CTD-processing/allCTD/CNV/2017_03-28_t9_s07_cast063_4141.cnv
* Sea-Bird SBE19plus Data File:
* FileName = C:\Users\jwschloemer\Documents\CTD Data\2017_03_28_T9\2017_03_28_T9_cast063.hex
* Software Version 1.59
* Temperature SN =  4141
* Conductivity SN =  4141
* System UpLoad Time = Apr 04 2017 09:12:22
** Cook Inlet LTM Kbay Transect 9
** Date: 2017-03-28
** Station:07
** Start Time (AKST):15:57
** Depth (m):105
** Comment: R/V Edgecumbe
# nquan = 27
# nvalues = 84                          
# units = specified
# name 0 = scan: Scan Count
# name 1 = timeJ: Julian Days
# name 2 = timeH: Time, Elapsed [hours]
# name 3 = timeM: Time, Elapsed [minutes]
# name 4 = timeS: Time, Elapsed [seconds]
# name 5 = prdM: Pressure, Strain Gauge [db]
# name 6 = specc: Specific Conductance [uS/cm]
# name 7 = sal00: Salinity, Practical [PSU]
# name 8 = tv290C: Temperature [ITS-90, deg C]
# name 9 = depSM: Depth [salt water, m], lat = 59.00
# name 10 = potemp090C: Potential Temperature [ITS-90, deg C]
# name 11 = sigma-é00: Density [sigma-theta, kg/m^3]
# name 12 = sbeox0ML/L: Oxygen, SBE 43 [ml/l]
# name 13 = sbeox0Mg/L: Oxygen, SBE 43 [mg/l]
# name 14 = sbeox0PS: Oxygen, SBE 43 [% saturation]
# name 15 = sbox0Mm/Kg: Oxygen, SBE 43 [umol/kg]
# name 16 = sbeox0Mm/L: Oxygen, SBE 43 [umol/l]
# name 17 = sbox0dV/dT: Oxygen, SBE 43 [dov/dt]
# name 18 = oxsolML/L: Oxygen Saturation, Garcia & Gordon [ml/l]
# name 19 = oxsolMg/L: Oxygen Saturation, Garcia & Gordon [mg/l]
# name 20 = oxsolMm/Kg: Oxygen Saturation, Garcia & Gordon [umol/kg]
# name 21 = n2satMg/L: Nitrogen Saturation [mg/l]
# name 22 = par: PAR/Irradiance, Biospherical/Licor
# name 23 = wetStar: Fluorescence, WET Labs WETstar [mg/m^3]
# name 24 = CStarAt0: Beam Attenuation, WET Labs C-Star [1/m]
# name 25 = CStarTr0: Beam Transmission, WET Labs C-Star [%]
# name 26 = flag: flag
# span 0 =        368,        776       
# span 1 =  87.626432,  87.627614       
# span 2 =    0.02549,    0.05384       
# span 3 =     1.5290,     3.2302       
# span 4 =     91.742,    193.809       
# span 5 =      1.023,     84.803       
# span 6 =  52035.380,  52177.374       
# span 7 =    31.9828,    32.0557       
# span 8 =     3.1267,     3.2695       
# span 9 =      1.000,     84.000       
# span 10 =     3.1262,     3.2668      
# span 11 =    25.4614,    25.5125      
# span 12 =     3.3282,     3.4916      
# span 13 =     4.7563,     4.9898      
# span 14 =     44.152,     46.354      
# span 15 =    144.945,    152.057      
# span 16 =    148.636,    155.935      
# span 17 =   -0.00081,    0.00357      
# span 18 =    7.52386,    7.55333      
# span 19 =   10.75235,   10.79446      
# span 20 =  327.65629,  328.94999      
# span 21 =   16.79453,   16.85623      
# span 22 = 3.6382e-02, 1.8838e+02      
# span 23 =     0.5143,     2.2168      
# span 24 =     0.4613,     0.6762      
# span 25 =    84.4470,    89.1083      
# span 26 = 0.0000e+00, 0.0000e+00      
# interval = meters: 1                  
# start_time = Mar 28 2017 15:00:32 [Instrument's time stamp, header]
# bad_flag = -9.990e-29
*END*
        368  87.626432    0.02549     1.5290     91.742      1.023  52045.187    31.9944     3.2109      1.000     3.2084    25.4683     3.3282     4.7563     44.152    144.945    148.636    0.00040    7.53790   10.77241  328.28197   16.82450 1.8838e+02     0.5143     0.6352    85.3182 0.0000e+00
        372  87.626445    0.02578     1.5473     92.838      2.015  52035.380    31.9847     3.2014      2.000     3.1888    25.4614     3.3319     4.7617     44.190    145.111    148.806    0.00031    7.54015   10.77563  328.38222   16.82930 1.6152e+02     0.5804     0.6435    85.1391 0.0000e+00
        378  87.626460    0.02615     1.5688     94.129      3.032  52049.402    31.9828     3.1600      3.000     3.1483    25.4635     3.3509     4.7887     44.393    145.933    149.649    0.00173    7.54799   10.78683  328.72275   16.84550 1.3889e+02     0.6491     0.6547    84.9000 0.0000e+00
        382  87.626473    0.02646     1.5873     95.236      4.037  52072.433    31.9940     3.1454      4.000     3.1410    25.4738     3.3759     4.8245     44.713    147.024    150.768    0.00357    7.55015   10.78993  328.81364   16.84977 1.1582e+02     0.8298     0.6730    84.5152 0.0000e+00
        387  87.626486    0.02678     1.6065     96.390      5.048  52079.069    31.9955     3.1357      5.000     3.1327    25.4757     3.3830     4.8346     44.797    147.331    151.085    0.00325    7.55188   10.79240  328.88842   16.85332 9.6921e+01     1.0061     0.6616    84.7564 0.0000e+00
        391  87.626500    0.02710     1.6259     97.553      6.056  52084.371    31.9972     3.1307      6.000     3.1293    25.4775     3.3897     4.8442     44.880    147.623    151.384    0.00276    7.55273   10.79361  328.92488   16.85505 7.9205e+01     1.3980     0.6762    84.4470 0.0000e+00
        396  87.626512    0.02741     1.6447     98.683      7.065  52087.188    31.9982     3.1293      7.000     3.1287    25.4785     3.3835     4.8352     44.796    147.350    151.105    0.00123    7.55293   10.79390  328.93343   16.85545 6.5309e+01     1.5949     0.6666    84.6496 0.0000e+00
        400  87.626526    0.02774     1.6645     99.871      8.078  52088.228    31.9983     3.1291      8.000     3.1287    25.4786     3.3878     4.8415     44.854    147.540    151.299    0.00108    7.55296   10.79394  328.93449   16.85550 5.3545e+01     1.6302     0.6700    84.5766 0.0000e+00
        405  87.626539    0.02804     1.6824    100.942      9.082  52089.085    31.9983     3.1290      9.000     3.1283    25.4786     3.3933     4.8494     44.926    147.779    151.544    0.00134    7.55298   10.79397  328.93530   16.85554 4.3875e+01     1.8527     0.6690    84.6001 0.0000e+00
        410  87.626553    0.02837     1.7023    102.138     10.095  52089.905    31.9983     3.1288     10.000     3.1278    25.4787     3.3990     4.8574     45.001    148.026    151.797    0.00137    7.55303   10.79403  328.93738   16.85563 3.5808e+01     1.7725     0.6577    84.8385 0.0000e+00
        414  87.626566    0.02870     1.7221    103.328     11.105  52092.150    31.9990     3.1275     11.000     3.1263    25.4793     3.4045     4.8653     45.073    148.265    152.043    0.00149    7.55323   10.79432  328.94591   16.85603 2.9346e+01     1.8637     0.6593    84.8050 0.0000e+00
        419  87.626580    0.02902     1.7413    104.481     12.114  52094.547    31.9999     3.1267     12.000     3.1262    25.4800     3.4112     4.8749     45.162    148.558    152.343    0.00165    7.55333   10.79446  328.94999   16.85623 2.4016e+01     1.8901     0.6571    84.8514 0.0000e+00
        423  87.626593    0.02934     1.7604    105.623     13.122  52094.277    31.9993     3.1273     13.000     3.1266    25.4796     3.4187     4.8858     45.262    148.887    152.681    0.00186    7.55324   10.79435  328.94650   16.85606 1.9598e+01     2.2168     0.6637    84.7103 0.0000e+00
        428  87.626607    0.02967     1.7805    106.833     14.134  52096.997    32.0007     3.1274     14.000     3.1274    25.4806     3.4218     4.8900     45.302    149.017    152.815    0.00146    7.55316   10.79422  328.94244   16.85587 1.6046e+01     1.8578     0.6548    84.8993 0.0000e+00
        433  87.626620    0.02999     1.7995    107.970     15.141  52103.355    32.0057     3.1324     15.000     3.1344    25.4842     3.4310     4.9033     45.432    149.422    153.230    0.00193    7.55198   10.79254  328.89006   16.85336 1.3126e+01     1.8344     0.6568    84.8578 0.0000e+00
        438  87.626634    0.03032     1.8191    109.148     16.151  52100.627    32.0047     3.1375     16.000     3.1380    25.4831     3.4402     4.9164     45.559    149.821    153.639    0.00227    7.55107   10.79123  328.85070   16.85149 1.0790e+01     1.6175     0.6465    85.0762 0.0000e+00
        442  87.626648    0.03065     1.8394    110.364     17.161  52104.495    32.0076     3.1404     17.000     3.1428    25.4850     3.4403     4.9166     45.565    149.826    153.644    0.00164    7.55038   10.79024  328.81974   16.85001 8.8164e+00     1.8160     0.6449    85.1103 0.0000e+00
        447  87.626662    0.03099     1.8596    111.576     18.172  52100.596    32.0066     3.1487     18.000     3.1482    25.4835     3.4411     4.9177     45.584    149.862    153.681    0.00097    7.54888   10.78811  328.75524   16.84695 7.2105e+00     1.5191     0.6307    85.4132 0.0000e+00
        452  87.626675    0.03132     1.8791    112.746     19.180  52110.966    32.0141     3.1526     19.000     3.1563    25.4892     3.4500     4.9304     45.709    150.248    154.077    0.00162    7.54776   10.78650  328.70454   16.84451 5.9511e+00     1.8981     0.6304    85.4197 0.0000e+00
        457  87.626689    0.03166     1.8992    113.951     20.191  52104.069    32.0112     3.1614     20.000     3.1615    25.4862     3.4515     4.9326     45.739    150.316    154.146    0.00136    7.54626   10.78436  328.64032   16.84147 4.9042e+00     1.8735     0.6220    85.5989 0.0000e+00
        461  87.626702    0.03197     1.9181    115.087     21.195  52104.078    32.0114     3.1638     21.000     3.1632    25.4861     3.4545     4.9368     45.780    150.442    154.276    0.00109    7.54580   10.78371  328.62036   16.84052 4.0377e+00     1.8142     0.6182    85.6804 0.0000e+00
        466  87.626717    0.03232     1.9395    116.368     22.212  52105.028    32.0119     3.1655     22.000     3.1649    25.4863     3.4566     4.9399     45.810    150.537    154.373    0.00091    7.54548   10.78324  328.60598   16.83983 3.3195e+00     1.6505     0.6107    85.8418 0.0000e+00
        471  87.626730    0.03265     1.9586    117.518     23.215  52111.315    32.0161     3.1673     23.000     3.1687    25.4896     3.4615     4.9468     45.878    150.747    154.590    0.00112    7.54492   10.78244  328.58058   16.83861 2.7353e+00     1.6578     0.6124    85.8043 0.0000e+00
        476  87.626746    0.03300     1.9800    118.798     24.230  52113.636    32.0194     3.1759     24.000     3.1776    25.4915     3.4640     4.9505     45.923    150.860    154.705    0.00108    7.54313   10.77988  328.50205   16.83486 2.2646e+00     1.7032     0.5891    86.3051 0.0000e+00
        481  87.626759    0.03333     1.9997    119.983     25.237  52116.805    32.0231     3.1836     25.000     3.1855    25.4937     3.4620     4.9476     45.906    150.771    154.614    0.00045    7.54152   10.77758  328.43126   16.83149 1.8765e+00     1.9924     0.5812    86.4776 0.0000e+00
        486  87.626773    0.03366     2.0197    121.184     26.247  52112.859    32.0216     3.1904     26.000     3.1900    25.4920     3.4692     4.9578     46.009    151.084    154.935    0.00107    7.54033   10.77588  328.37992   16.82905 1.5620e+00     1.6913     0.5721    86.6743 0.0000e+00
        491  87.626787    0.03400     2.0401    122.406     27.256  52112.033    32.0211     3.1923     27.000     3.1913    25.4913     3.4690     4.9575     46.007    151.073    154.924    0.00068    7.54000   10.77542  328.36596   16.82839 1.2992e+00     1.6810     0.5726    86.6623 0.0000e+00
        496  87.626802    0.03435     2.0610    123.659     28.270  52114.126    32.0225     3.1942     28.000     3.1934    25.4923     3.4716     4.9613     46.045    151.188    155.042    0.00066    7.53958   10.77481  328.34721   16.82749 1.0821e+00     1.6796     0.5687    86.7481 0.0000e+00
        500  87.626814    0.03466     2.0798    124.787     29.274  52120.410    32.0271     3.1974     29.000     3.1991    25.4957     3.4784     4.9709     46.140    151.482    155.345    0.00111    7.53875   10.77362  328.30992   16.82570 9.0047e-01     1.5268     0.5691    86.7370 0.0000e+00
        505  87.626829    0.03499     2.0996    125.975     30.285  52118.338    32.0271     3.2049     30.000     3.2042    25.4951     3.4788     4.9715     46.154    151.500    155.362    0.00094    7.53733   10.77160  328.24853   16.82278 7.5245e-01     1.5433     0.5529    87.0901 0.0000e+00
        510  87.626843    0.03534     2.1204    127.226     31.296  52117.145    32.0261     3.2061     31.000     3.2043    25.4942     3.4773     4.9694     46.136    151.436    155.297    0.00032    7.53716   10.77136  328.24142   16.82245 6.2827e-01     1.6460     0.5496    87.1623 0.0000e+00
        515  87.626857    0.03568     2.1407    128.440     32.303  52119.392    32.0272     3.2063     32.000     3.2047    25.4950     3.4806     4.9741     46.180    151.580    155.444    0.00049    7.53707   10.77122  328.23710   16.82224 5.2432e-01     1.7602     0.5468    87.2226 0.0000e+00
        520  87.626872    0.03604     2.1625    129.747     33.315  52119.364    32.0268     3.2071     33.000     3.2052    25.4947     3.4844     4.9795     46.231    151.744    155.612    0.00068    7.53695   10.77105  328.23185   16.82199 4.3893e-01     1.8735     0.5379    87.4173 0.0000e+00
        525  87.626886    0.03638     2.1828    130.970     34.321  52126.783    32.0317     3.2086     34.000     3.2097    25.4984     3.4873     4.9837     46.273    151.871    155.744    0.00076    7.53641   10.77027  328.20703   16.82079 3.6736e-01     1.6905     0.5429    87.3065 0.0000e+00
        530  87.626901    0.03673     2.2039    132.233     35.337  52135.692    32.0401     3.2195     35.000     3.2220    25.5042     3.4824     4.9768     46.223    151.658    155.526    0.00007    7.53395   10.76677  328.09832   16.81559 3.0897e-01     2.1575     0.5172    87.8714 0.0000e+00
        535  87.626915    0.03706     2.2236    133.418     36.342  52130.849    32.0383     3.2275     36.000     3.2267    25.5021     3.4831     4.9778     46.242    151.690    155.559    0.00012    7.53255   10.76477  328.03792   16.81274 2.6184e-01     1.9196     0.4928    88.4084 0.0000e+00
        540  87.626929    0.03741     2.2449    134.694     37.356  52128.559    32.0368     3.2293     37.000     3.2274    25.5007     3.4881     4.9848     46.307    151.903    155.776    0.00052    7.53229   10.76439  328.02698   16.81222 2.2185e-01     1.4300     0.4881    88.5129 0.0000e+00
        544  87.626942    0.03773     2.2635    135.812     38.358  52128.992    32.0366     3.2298     38.000     3.2276    25.5006     3.4892     4.9864     46.323    151.952    155.827    0.00054    7.53220   10.76428  328.02350   16.81205 1.8881e-01     1.5517     0.4940    88.3825 0.0000e+00
        549  87.626957    0.03808     2.2850    137.101     39.377  52129.380    32.0363     3.2295     39.000     3.2270    25.5004     3.4839     4.9789     46.253    151.722    155.591   -0.00034    7.53227   10.76436  328.02633   16.81219 1.6155e-01     1.7184     0.4861    88.5578 0.0000e+00
        554  87.626969    0.03838     2.3027    138.163     40.377  52131.066    32.0368     3.2291     40.000     3.2269    25.5008     3.4898     4.9872     46.331    151.977    155.853    0.00030    7.53232   10.76445  328.02869   16.81230 1.3739e-01     1.6746     0.5016    88.2155 0.0000e+00
        559  87.626985    0.03874     2.3245    139.470     41.391  52131.487    32.0366     3.2293     41.000     3.2270    25.5006     3.4880     4.9847     46.307    151.899    155.772    0.00002    7.53230   10.76441  328.02757   16.81225 1.1905e-01     1.5493     0.4964    88.3289 0.0000e+00
        564  87.626999    0.03910     2.3458    140.749     42.403  52132.184    32.0366     3.2296     42.000     3.2272    25.5006     3.4884     4.9852     46.313    151.918    155.791    0.00005    7.53225   10.76435  328.02557   16.81215 1.0299e-01     1.5833     0.4986    88.2818 0.0000e+00
        569  87.627013    0.03942     2.3651    141.908     43.409  52133.132    32.0368     3.2296     43.000     3.2271    25.5007     3.4880     4.9847     46.307    151.900    155.774   -0.00007    7.53223   10.76431  328.02463   16.81211 8.9809e-02     1.8931     0.4910    88.4492 0.0000e+00
        573  87.627027    0.03975     2.3851    143.108     44.421  52133.760    32.0367     3.2296     44.000     3.2271    25.5007     3.4895     4.9867     46.327    151.964    155.838    0.00004    7.53223   10.76431  328.02474   16.81211 7.8560e-02     1.5038     0.4954    88.3504 0.0000e+00
        578  87.627040    0.04008     2.4048    144.286     45.427  52134.241    32.0365     3.2297     45.000     3.2271    25.5005     3.4888     4.9859     46.318    151.936    155.810   -0.00006    7.53224   10.76432  328.02490   16.81212 6.9491e-02     1.5148     0.4969    88.3179 0.0000e+00
        583  87.627055    0.04044     2.4265    145.588     46.442  52134.108    32.0357     3.2293     46.000     3.2261    25.5000     3.4906     4.9883     46.341    152.012    155.889    0.00002    7.53235   10.76448  328.03016   16.81238 6.2042e-02     1.8048     0.4933    88.3985 0.0000e+00
        588  87.627069    0.04077     2.4464    146.782     47.448  52135.898    32.0362     3.2284     47.000     3.2256    25.5004     3.4916     4.9898     46.354    152.057    155.935    0.00017    7.53249   10.76468  328.03591   16.81265 5.5925e-02     1.8081     0.4985    88.2835 0.0000e+00
        593  87.627083    0.04111     2.4666    147.996     48.457  52137.373    32.0367     3.2285     48.000     3.2257    25.5008     3.4911     4.9891     46.348    152.036    155.913   -0.00003    7.53245   10.76462  328.03376   16.81254 5.0937e-02     1.7192     0.4984    88.2851 0.0000e+00
        598  87.627098    0.04146     2.4874    149.244     49.466  52137.858    32.0365     3.2286     49.000     3.2257    25.5006     3.4873     4.9837     46.297    151.870    155.744   -0.00043    7.53244   10.76462  328.03383   16.81255 4.6896e-02     1.6780     0.4971    88.3130 0.0000e+00
        604  87.627114    0.04185     2.5107    150.641     50.486  52139.082    32.0368     3.2285     50.000     3.2257    25.5009     3.4901     4.9878     46.335    151.994    155.870   -0.00015    7.53244   10.76461  328.03356   16.81253 4.3526e-02     1.7553     0.4860    88.5595 0.0000e+00
        608  87.627127    0.04215     2.5290    151.740     51.482  52139.854    32.0368     3.2286     51.000     3.2257    25.5009     3.4899     4.9873     46.331    151.981    155.857    0.00001    7.53241   10.76456  328.03226   16.81247 4.0786e-02     1.9797     0.4965    88.3270 0.0000e+00
        613  87.627141    0.04250     2.5501    153.009     52.501  52139.949    32.0365     3.2289     52.000     3.2259    25.5006     3.4884     4.9852     46.311    151.915    155.789   -0.00033    7.53239   10.76454  328.03146   16.81243 3.8573e-02     1.6705     0.5188    87.8424 0.0000e+00
        618  87.627155    0.04284     2.5703    154.220     53.506  52140.612    32.0364     3.2291     53.000     3.2260    25.5005     3.4882     4.9851     46.310    151.912    155.785   -0.00019    7.53236   10.76449  328.03023   16.81237 3.6850e-02     1.5944     0.4928    88.4090 0.0000e+00
