CTD-processing/allCTD/CNV/2017_10-20_alongbay_skb11_cast074_4141.cnv
* Sea-Bird SBE19plus Data File:
* FileName = C:\Users\Kim.Powell\Desktop\Not Processed\2017\2017_10-20_AlongBay\2017_10-20_AlongBay_STATION_cast074.hex
* Software Version 1.59
* Temperature SN =  4141
* Conductivity SN =  4141
* System UpLoad Time = Oct 20 2017 16:05:26
** 2017_10-20
** Station: KB11
** Start Time: 13:38
** Depth (m): 56.4
** Comment: Edgecumbe
** Comment:
# nquan = 27
# nvalues = 55                          
# units = specified
# name 0 = scan: Scan Count
# name 1 = timeJ: Julian Days
# name 2 = timeH: Time, Elapsed [hours]
# name 3 = timeM: Time, Elapsed [minutes]
# name 4 = timeS: Time, Elapsed [seconds]
# name 5 = prdM: Pressure, Strain Gauge [db]
# name 6 = specc: Specific Conductance [uS/cm]
# name 7 = sal00: Salinity, Practical [PSU]
# name 8 = tv290C: Temperature [ITS-90, deg C]
# name 9 = depSM: Depth [salt water, m], lat = 59.00
# name 10 = potemp090C: Potential Temperature [ITS-90, deg C]
# name 11 = sigma-é00: Density [sigma-theta, kg/m^3]
# name 12 = sbeox0ML/L: Oxygen, SBE 43 [ml/l]
# name 13 = sbeox0Mg/L: Oxygen, SBE 43 [mg/l]
# name 14 = sbeox0PS: Oxygen, SBE 43 [% saturation]
# name 15 = sbox0Mm/Kg: Oxygen, SBE 43 [umol/kg]
# name 16 = sbeox0Mm/L: Oxygen, SBE 43 [umol/l]
# name 17 = sbox0dV/dT: Oxygen, SBE 43 [dov/dt]
# name 18 = oxsolML/L: Oxygen Saturation, Garcia & Gordon [ml/l]
# name 19 = oxsolMg/L: Oxygen Saturation, Garcia & Gordon [mg/l]
# name 20 = oxsolMm/Kg: Oxygen Saturation, Garcia & Gordon [umol/kg]
# name 21 = n2satMg/L: Nitrogen Saturation [mg/l]
# name 22 = par: PAR/Irradiance, Biospherical/Licor
# name 23 = wetStar: Fluorescence, WET Labs WETstar [mg/m^3]
# name 24 = CStarAt0: Beam Attenuation, WET Labs C-Star [1/m]
# name 25 = CStarTr0: Beam Transmission, WET Labs C-Star [%]
# name 26 = flag: flag
# span 0 =        546,        772       
# span 1 = 293.570282, 293.570934       
# span 2 =    0.03788,    0.05350       
# span 3 =     2.2727,     3.2106       
# span 4 =    136.361,    192.637       
# span 5 =      2.024,     56.495       
# span 6 =  48129.348,  48770.067       
# span 7 =    30.4479,    30.9564       
# span 8 =     9.2935,    10.0705       
# span 9 =      2.000,     56.000       
# span 10 =     9.2943,    10.0692      
# span 11 =    23.5110,    23.8107      
# span 12 =     2.8376,     2.9260      
# span 13 =     4.0553,     4.1816      
# span 14 =     43.707,     44.310      
# span 15 =    123.783,    127.674      
# span 16 =    126.728,    130.676      
# span 17 =   -0.00127,    0.00072      
# span 18 =    6.47873,    6.60375      
# span 19 =    9.25875,    9.43742      
# span 20 =  282.66018,  288.14806      
# span 21 =   14.65472,   14.91840      
# span 22 = 3.6381e-02, 3.8813e+01      
# span 23 =     0.1809,     0.3656      
# span 24 =     0.7619,     2.1258      
# span 25 =    58.7733,    82.6556      
# span 26 = 0.0000e+00, 0.0000e+00      
# interval = meters: 1                  
# start_time = Oct 20 2017 13:38:56 [Instrument's time stamp, header]
# bad_flag = -9.990e-29
*END*
        546 293.570282    0.03788     2.2727    136.361      2.024  48132.723    30.4504     9.2935      2.000     9.2943    23.5132     2.9211     4.1745     44.234    127.459    130.456   -0.00016    6.60375    9.43742  288.14806   14.91840 3.8813e+01     0.2204     1.5711    67.5179 0.0000e+00
        552 293.570298    0.03827     2.2963    137.775      3.030  48129.348    30.4479     9.2957      3.000     9.2952    23.5110     2.9260     4.1816     44.310    127.674    130.676    0.00055    6.60352    9.43709  288.13889   14.91797 3.4695e+01     0.1915     1.5885    67.2253 0.0000e+00
        557 293.570312    0.03859     2.3157    138.943      4.038  48133.028    30.4500     9.2953      4.000     9.2976    23.5127     2.9243     4.1791     44.284    127.599    130.599    0.00017    6.60351    9.43707  288.13766   14.91790 3.0950e+01     0.2086     1.6265    66.5904 0.0000e+00
        562 293.570326    0.03895     2.3366    140.197      5.046  48141.981    30.4574     9.3065      5.000     9.3093    23.5167     2.9197     4.1727     44.229    127.401    130.397   -0.00052    6.60153    9.43426  288.05068   14.91372 2.6152e+01     0.2439     1.6290    66.5478 0.0000e+00
        567 293.570342    0.03933     2.3594    141.563      6.058  48156.289    30.4683     9.3172      6.000     9.3241    23.5237     2.9194     4.1722     44.237    127.385    130.382   -0.00022    6.59952    9.43137  287.96073   14.90938 2.0586e+01     0.2834     1.6233    66.6431 0.0000e+00
        572 293.570357    0.03967     2.3805    142.833      7.067  48172.581    30.4822     9.3388      7.000     9.3489    23.5312     2.9149     4.1656     44.194    127.186    130.179   -0.00066    6.59576    9.42600  287.79435   14.90136 1.5892e+01     0.3656     1.6226    66.6543 0.0000e+00
        577 293.570371    0.04001     2.4008    144.047      8.074  48148.767    30.4673     9.3552      8.000     9.3518    23.5170     2.9158     4.1669     44.219    127.227    130.220   -0.00013    6.59399    9.42347  287.72132   14.89794 1.1782e+01     0.3157     1.6177    66.7365 0.0000e+00
        582 293.570385    0.04035     2.4211    145.264      9.086  48157.061    30.4720     9.3504      9.000     9.3509    23.5214     2.9147     4.1654     44.198    127.178    130.169   -0.00040    6.59451    9.42421  287.74251   14.89893 8.6471e+00     0.3004     1.6098    66.8691 0.0000e+00
        587 293.570399    0.04068     2.4410    146.459     10.097  48171.229    30.4824     9.3574     10.000     9.3685    23.5285     2.9144     4.1650     44.205    127.166    130.158   -0.00011    6.59303    9.42211  287.67633   14.89573 6.3299e+00     0.2890     1.6137    66.8029 0.0000e+00
        591 293.570412    0.04099     2.4592    147.553     11.107  48308.179    30.5861     9.4185     11.000     9.4876    23.6000     2.9083     4.1563     44.202    126.892    129.887   -0.00026    6.57973    9.40308  287.07545   14.86658 4.6120e+00     0.3124     1.6039    66.9682 0.0000e+00
        595 293.570423    0.04126     2.4754    148.522     12.112  48272.109    30.5761     9.5400     12.000     9.5796    23.5733     2.8974     4.1407     44.151    126.419    129.399   -0.00045    6.56248    9.37844  286.33062   14.83101 3.4142e+00     0.3058     1.5191    68.4052 0.0000e+00
        599 293.570434    0.04154     2.4922    149.532     13.122  48265.968    30.5812     9.6161     13.000     9.6447    23.5653     2.8915     4.1323     44.137    126.162    129.135   -0.00070    6.55125    9.36239  285.84290   14.80767 2.5228e+00     0.2920     1.4554    69.5014 0.0000e+00
        603 293.570447    0.04184     2.5103    150.617     14.132  48284.459    30.6021     9.6808     14.000     9.7096    23.5714     2.8891     4.1288     44.168    126.054    129.025   -0.00003    6.54103    9.34779  285.39540   14.78619 1.8880e+00     0.2654     1.4047    70.3864 0.0000e+00
        608 293.570460    0.04215     2.5290    151.743     15.142  48310.437    30.6286     9.7497     15.000     9.7804    23.5812     2.8901     4.1301     44.258    126.095    129.068    0.00072    6.52999    9.33201  284.91065   14.76290 1.4311e+00     0.2653     1.3420    71.4990 0.0000e+00
        612 293.570473    0.04246     2.5478    152.867     16.158  48295.315    30.6260     9.8163     16.000     9.8296    23.5686     2.8817     4.1183     44.194    125.735    128.698    0.00006    6.52055    9.31852  284.50242   14.74339 1.0876e+00     0.2436     1.2817    72.5855 0.0000e+00
        616 293.570483    0.04271     2.5622    153.733     17.161  48338.985    30.6599     9.8451     17.000     9.8785    23.5904     2.8766     4.1110     44.154    125.511    128.471   -0.00068    6.51500    9.31058  284.25416   14.73138 8.3447e-01     0.3056     1.2700    72.7960 0.0000e+00
        619 293.570493    0.04293     2.5758    154.548     18.167  48376.709    30.6937     9.9065     18.000     9.9436    23.6070     2.8762     4.1105     44.218    125.491    128.453    0.00008    6.50482    9.29604  283.80548   14.70979 6.4588e-01     0.2430     1.2173    73.7607 0.0000e+00
        623 293.570503    0.04317     2.5904    155.422     19.181  48403.550    30.7199     9.9684     19.000    10.0042    23.6175     2.8735     4.1064     44.241    125.367    128.327    0.00044    6.49490    9.28187  283.36998   14.68884 5.0889e-01     0.2308     1.1489    75.0348 0.0000e+00
        626 293.570512    0.04341     2.6048    156.291     20.191  48472.583    30.7768    10.0389     20.000    10.0630    23.6503     2.8651     4.0945     44.198    124.999    127.955   -0.00017    6.48251    9.26416  282.82039   14.66232 4.0388e-01     0.2297     1.0633    76.6561 0.0000e+00
        630 293.570523    0.04365     2.6193    157.159     21.197  48441.206    30.7582    10.0702     21.000    10.0692    23.6308     2.8660     4.0958     44.236    125.040    127.995    0.00007    6.47884    9.25892  282.66566   14.65499 3.3561e-01     0.2306     0.9442    78.9763 0.0000e+00
        634 293.570534    0.04393     2.6355    158.132     22.211  48444.210    30.7599    10.0705     22.000    10.0662    23.6321     2.8670     4.0973     44.252    125.085    128.041    0.00028    6.47873    9.25875  282.66018   14.65472 2.7945e-01     0.2256     0.8378    81.1042 0.0000e+00
        637 293.570545    0.04419     2.6513    159.078     23.218  48455.359    30.7663    10.0626     23.000    10.0510    23.6384     2.8681     4.0988     44.263    125.130    128.087    0.00019    6.47959    9.25997  282.69574   14.65640 2.3459e-01     0.2352     0.8042    81.7885 0.0000e+00
        641 293.570556    0.04444     2.6669    160.016     24.227  48492.374    30.7900    10.0459     24.000    10.0343    23.6595     2.8688     4.0997     44.264    125.158    128.119    0.00016    6.48097    9.26196  282.75047   14.65893 1.9705e-01     0.2114     0.7628    82.6382 0.0000e+00
        645 293.570566    0.04469     2.6814    160.887     25.241  48523.831    30.8099    10.0316     25.000    10.0226    23.6774     2.8681     4.0988     44.246    125.127    128.091   -0.00017    6.48219    9.26369  282.79855   14.66114 1.6888e-01     0.2176     0.7619    82.6556 0.0000e+00
        648 293.570575    0.04491     2.6948    161.691     26.249  48541.029    30.8204    10.0224     26.000    10.0170    23.6872     2.8639     4.0928     44.175    124.942    127.902   -0.00088    6.48304    9.26492  282.83319   14.66276 1.4548e-01     0.2260     0.7801    82.2819 0.0000e+00
        651 293.570584    0.04514     2.7085    162.510     27.253  48548.483    30.8248    10.0188     27.000    10.0136    23.6912     2.8655     4.0950     44.198    125.010    127.972   -0.00059    6.48337    9.26539  282.84639   14.66337 1.2556e-01     0.2298     0.7803    82.2790 0.0000e+00
        654 293.570594    0.04538     2.7228    163.367     28.264  48559.793    30.8318    10.0142     28.000    10.0081    23.6973     2.8630     4.0915     44.156    124.899    127.859   -0.00076    6.48373    9.26590  282.86049   14.66402 1.0899e-01     0.2121     0.7813    82.2565 0.0000e+00
        658 293.570605    0.04563     2.7379    164.276     29.276  48568.680    30.8370    10.0095     29.000    10.0043    23.7022     2.8628     4.0912     44.150    124.890    127.851   -0.00072    6.48418    9.26655  282.87877   14.66487 9.4011e-02     0.1909     0.7945    81.9855 0.0000e+00
        662 293.570616    0.04589     2.7538    165.231     30.286  48579.753    30.8436    10.0027     30.000     9.9917    23.7085     2.8634     4.0922     44.155    124.919    127.880   -0.00034    6.48488    9.26754  282.90744   14.66622 8.2847e-02     0.2000     0.7859    82.1614 0.0000e+00
        666 293.570627    0.04616     2.7697    166.184     31.296  48615.814    30.8668     9.9883     31.000     9.9736    23.7288     2.8613     4.0890     44.115    124.822    127.784   -0.00083    6.48597    9.26910  282.94925   14.66813 7.3431e-02     0.1917     0.7930    82.0162 0.0000e+00
        669 293.570638    0.04642     2.7853    167.120     32.303  48660.268    30.8948     9.9652     32.000     9.9534    23.7545     2.8615     4.0894     44.104    124.830    127.796   -0.00066    6.48808    9.27212  283.03440   14.67208 6.5312e-02     0.2039     0.8528    80.8005 0.0000e+00
        673 293.570649    0.04669     2.8013    168.078     33.316  48678.629    30.9059     9.9540     33.000     9.9484    23.7650     2.8629     4.0914     44.118    124.891    127.858   -0.00041    6.48921    9.27373  283.08075   14.67426 5.8781e-02     0.2104     0.8805    80.2416 0.0000e+00
        677 293.570660    0.04694     2.8163    168.977     34.321  48684.735    30.9094     9.9513     34.000     9.9470    23.7682     2.8591     4.0860     44.058    124.722    127.687   -0.00074    6.48945    9.27408  283.09039   14.67470 5.3403e-02     0.1844     0.9079    79.6954 0.0000e+00
        681 293.570670    0.04719     2.8315    169.887     35.339  48687.818    30.9110     9.9504     35.000     9.9462    23.7696     2.8558     4.0813     44.007    124.580    127.541   -0.00127    6.48950    9.27415  283.09220   14.67478 4.9424e-02     0.1858     0.9037    79.7781 0.0000e+00
        684 293.570680    0.04742     2.8452    170.710     36.343  48689.456    30.9117     9.9499     36.000     9.9455    23.7703     2.8577     4.0839     44.035    124.661    127.624   -0.00066    6.48954    9.27421  283.09386   14.67486 4.6012e-02     0.2104     0.9105    79.6419 0.0000e+00
        687 293.570689    0.04765     2.8591    171.546     37.345  48691.220    30.9124     9.9494     37.000     9.9451    23.7709     2.8589     4.0856     44.054    124.714    127.678   -0.00031    6.48959    9.27427  283.09550   14.67493 4.3312e-02     0.2155     0.9059    79.7342 0.0000e+00
        691 293.570700    0.04793     2.8753    172.520     38.372  48695.817    30.9152     9.9490     38.000     9.9444    23.7732     2.8557     4.0810     44.003    124.572    127.533   -0.00063    6.48954    9.27419  283.09264   14.67478 4.1130e-02     0.1832     0.8968    79.9150 0.0000e+00
        694 293.570710    0.04816     2.8895    173.368     39.374  48701.541    30.9187     9.9480     39.000     9.9411    23.7761     2.8560     4.0816     44.010    124.590    127.553   -0.00064    6.48952    9.27418  283.09132   14.67471 3.9300e-02     0.1870     0.9227    79.4008 0.0000e+00
        698 293.570720    0.04838     2.9031    174.187     40.378  48712.148    30.9251     9.9424     40.000     9.9340    23.7820     2.8559     4.0813     44.004    124.580    127.543   -0.00035    6.49007    9.27496  283.11342   14.67574 3.8140e-02     0.2196     0.9531    78.7993 0.0000e+00
        701 293.570730    0.04864     2.9182    175.091     41.388  48725.505    30.9333     9.9362     41.000     9.9294    23.7893     2.8532     4.0775     43.958    124.461    127.421   -0.00083    6.49060    9.27572  283.13468   14.67673 3.6929e-02     0.2200     1.0070    77.7463 0.0000e+00
        705 293.570742    0.04890     2.9342    176.050     42.401  48733.916    30.9383     9.9324     42.000     9.9268    23.7939     2.8517     4.0755     43.935    124.399    127.359   -0.00091    6.49093    9.27618  283.14760   14.67733 3.6448e-02     0.1957     1.0759    76.4167 0.0000e+00
        709 293.570752    0.04917     2.9498    176.990     43.411  48739.541    30.9416     9.9312     43.000     9.9266    23.7968     2.8520     4.0758     43.938    124.409    127.370   -0.00056    6.49097    9.27624  283.14857   14.67736 3.6385e-02     0.1837     1.1317    75.3584 0.0000e+00
        713 293.570764    0.04945     2.9670    178.021     44.417  48741.169    30.9424     9.9315     44.000     9.9265    23.7973     2.8513     4.0747     43.927    124.377    127.337   -0.00058    6.49089    9.27614  283.14535   14.67720 3.6381e-02     0.1872     1.1864    74.3330 0.0000e+00
        718 293.570777    0.04977     2.9863    179.177     45.431  48744.445    30.9443     9.9312     45.000     9.9262    23.7988     2.8519     4.0757     43.937    124.406    127.367   -0.00029    6.49086    9.27609  283.14348   14.67710 3.6382e-02     0.2155     1.2133    73.8359 0.0000e+00
        722 293.570790    0.05008     3.0048    180.286     46.438  48747.026    30.9457     9.9313     46.000     9.9260    23.7999     2.8499     4.0728     43.907    124.318    127.277   -0.00044    6.49078    9.27598  283.13964   14.67691 3.6382e-02     0.2025     1.2625    72.9344 0.0000e+00
        727 293.570803    0.05039     3.0230    181.380     47.453  48750.326    30.9475     9.9304     47.000     9.9252    23.8015     2.8473     4.0691     43.867    124.204    127.161   -0.00074    6.49083    9.27605  283.14122   14.67698 3.6382e-02     0.1926     1.3672    71.0493 0.0000e+00
        730 293.570814    0.05066     3.0395    182.370     48.458  48750.562    30.9472     9.9301     48.000     9.9233    23.8014     2.8464     4.0678     43.852    124.164    127.119   -0.00072    6.49090    9.27614  283.14422   14.67713 3.6382e-02     0.1809     1.4190    70.1343 0.0000e+00
        734 293.570826    0.05093     3.0557    183.345     49.467  48754.741    30.9493     9.9269     49.000     9.9201    23.8035     2.8451     4.0659     43.829    124.106    127.060   -0.00070    6.49127    9.27668  283.15995   14.67787 3.6382e-02     0.1917     1.5260    68.2905 0.0000e+00
        738 293.570837    0.05120     3.0718    184.307     50.478  48758.560    30.9513     9.9247     50.000     9.9185    23.8054     2.8461     4.0672     43.843    124.149    127.105   -0.00048    6.49149    9.27699  283.16897   14.67830 3.6382e-02     0.1922     1.6118    66.8370 0.0000e+00
        742 293.570848    0.05147     3.0880    185.280     51.483  48760.893    30.9523     9.9232     51.000     9.9165    23.8065     2.8453     4.0662     43.830    124.117    127.071   -0.00044    6.49166    9.27723  283.17615   14.67864 3.6382e-02     0.2171     1.6612    66.0166 0.0000e+00
        747 293.570862    0.05181     3.1088    186.528     52.495  48763.517    30.9535     9.9214     52.000     9.9156    23.8077     2.8435     4.0637     43.802    124.039    126.992   -0.00057    6.49186    9.27751  283.18435   14.67902 3.6382e-02     0.2009     1.7058    65.2829 0.0000e+00
        753 293.570880    0.05224     3.1344    188.061     53.508  48765.308    30.9542     9.9201     53.000     9.9133    23.8085     2.8430     4.0629     43.791    124.013    126.966   -0.00042    6.49202    9.27774  283.19121   14.67935 3.6382e-02     0.2022     1.7340    64.8361 0.0000e+00
        759 293.570897    0.05263     3.1579    189.475     54.512  48768.431    30.9557     9.9184     54.000     9.9122    23.8100     2.8406     4.0595     43.755    123.912    126.863   -0.00066    6.49220    9.27800  283.19869   14.67970 3.6382e-02     0.2197     1.9955    60.7449 0.0000e+00
