CTD-processing/allCTD/CNV/2017_06-28_t9_s04_cast188_4141.cnv
* Sea-Bird SBE19plus Data File:
* FileName = C:\Users\Kim.Powell\Desktop\2017_06-28_4141\T9\2017_06-28_T9_cast188.hex
* Software Version 1.59
* Temperature SN =  4141
* Conductivity SN =  4141
* System UpLoad Time = Jul 21 2017 10:47:21
** CookInlet LTM Transect 9
** 2017_06-28
** Station: 9-04
** Start Time: 11:55
** Depth: 89m
** Comment: Barnacle
** Comment:
# nquan = 27
# nvalues = 88                          
# units = specified
# name 0 = scan: Scan Count
# name 1 = timeJ: Julian Days
# name 2 = timeH: Time, Elapsed [hours]
# name 3 = timeM: Time, Elapsed [minutes]
# name 4 = timeS: Time, Elapsed [seconds]
# name 5 = prdM: Pressure, Strain Gauge [db]
# name 6 = specc: Specific Conductance [uS/cm]
# name 7 = sal00: Salinity, Practical [PSU]
# name 8 = tv290C: Temperature [ITS-90, deg C]
# name 9 = depSM: Depth [salt water, m], lat = 59.00
# name 10 = potemp090C: Potential Temperature [ITS-90, deg C]
# name 11 = sigma-é00: Density [sigma-theta, kg/m^3]
# name 12 = sbeox0ML/L: Oxygen, SBE 43 [ml/l]
# name 13 = sbeox0Mg/L: Oxygen, SBE 43 [mg/l]
# name 14 = sbeox0PS: Oxygen, SBE 43 [% saturation]
# name 15 = sbox0Mm/Kg: Oxygen, SBE 43 [umol/kg]
# name 16 = sbeox0Mm/L: Oxygen, SBE 43 [umol/l]
# name 17 = sbox0dV/dT: Oxygen, SBE 43 [dov/dt]
# name 18 = oxsolML/L: Oxygen Saturation, Garcia & Gordon [ml/l]
# name 19 = oxsolMg/L: Oxygen Saturation, Garcia & Gordon [mg/l]
# name 20 = oxsolMm/Kg: Oxygen Saturation, Garcia & Gordon [umol/kg]
# name 21 = n2satMg/L: Nitrogen Saturation [mg/l]
# name 22 = par: PAR/Irradiance, Biospherical/Licor
# name 23 = wetStar: Fluorescence, WET Labs WETstar [mg/m^3]
# name 24 = CStarAt0: Beam Attenuation, WET Labs C-Star [1/m]
# name 25 = CStarTr0: Beam Transmission, WET Labs C-Star [%]
# name 26 = flag: flag
# span 0 =        147,        675       
# span 1 = 179.498408, 179.499937       
# span 2 =    0.01012,    0.04682       
# span 3 =     0.6072,     2.8090       
# span 4 =     36.431,    168.541       
# span 5 =      1.017,     88.851       
# span 6 =  45697.642,  50702.478       
# span 7 =    28.8975,    31.7638       
# span 8 =     6.5103,    10.5949       
# span 9 =      1.000,     88.000       
# span 10 =     6.4937,    10.6544      
# span 11 =    22.0955,    24.9344      
# span 12 =     2.7625,     3.1099      
# span 13 =     3.9478,     4.4443      
# span 14 =     42.526,     44.610      
# span 15 =    120.680,    135.508      
# span 16 =    123.372,    138.887      
# span 17 =   -0.00097,    0.00612      
# span 18 =    6.48174,    6.97501      
# span 19 =    9.26305,    9.96801      
# span 20 =  283.21529,  303.92622      
# span 21 =   14.68885,   15.66619      
# span 22 = 4.6043e-02, 3.4257e+02      
# span 23 =     0.4254,     1.9850      
# span 24 =     0.9367,     2.5211      
# span 25 =    53.2443,    79.1177      
# span 26 = 0.0000e+00, 0.0000e+00      
# interval = meters: 1                  
# start_time = Jun 28 2017 11:57:06 [Instrument's time stamp, header]
# bad_flag = -9.990e-29
*END*
        147 179.498408    0.01012     0.6072     36.431      1.017  45697.642    28.8975    10.5949      1.000    10.6544    22.0955     2.7737     3.9638     42.794    121.194    123.872    0.00246    6.48174    9.26305  283.21529   14.68885 3.4257e+02     0.7604     1.7176    65.6321 0.0000e+00
        312 179.498886    0.02159     1.2953     77.719      2.026  46051.293    29.1292    10.4257      2.000    10.2910    22.3036     2.7625     3.9478     42.526    120.680    123.372    0.00167    6.49602    9.28347  283.78309   14.71508 1.9076e+02     1.4362     1.3659    71.0966 0.0000e+00
        320 179.498909    0.02214     1.3287     79.723      3.034  46667.274    29.5193    10.0672      3.000     9.7795    22.6652     2.7928     3.9913     42.764    121.965    124.729    0.00290    6.53093    9.33335  285.20696   14.78159 1.1769e+02     1.4980     1.2445    73.2689 0.0000e+00
        323 179.498918    0.02235     1.3411     80.465      4.036  47058.686    29.7444     9.6630      4.000     9.4937    22.9047     2.8344     4.0507     43.078    123.752    126.586    0.00523    6.57979    9.40317  287.27327   14.87947 8.5844e+01     1.5586     1.2339    73.4574 0.0000e+00
        326 179.498926    0.02256     1.3537     81.222      5.045  47288.761    29.8775     9.4425      5.000     9.3796    23.0429     2.8591     4.0860     43.279    124.812    127.689    0.00612    6.60630    9.44106  288.39191   14.93240 6.3263e+01     1.8213     1.3109    72.0568 0.0000e+00
        329 179.498935    0.02279     1.3671     82.023      6.060  47357.702    29.9139     9.3532      6.000     9.3182    23.0851     2.8588     4.0855     43.199    124.794    127.675    0.00379    6.61784    9.45756  288.88407   14.95578 4.5502e+01     1.9850     1.3696    71.0063 0.0000e+00
        332 179.498945    0.02301     1.3805     82.832      7.062  47384.005    29.9252     9.3012      7.000     9.2772    23.1019     2.8565     4.0823     43.119    124.695    127.575    0.00144    6.62502    9.46781  289.19244   14.97047 3.3274e+01     1.9268     1.4072    70.3430 0.0000e+00
        336 179.498955    0.02325     1.3952     83.711      8.074  47418.072    29.9443     9.2680      8.000     9.2640    23.1218     2.8597     4.0868     43.139    124.829    127.716    0.00113    6.62909    9.47363  289.36440   14.97861 2.3883e+01     1.9193     1.4337    69.8777 0.0000e+00
        340 179.498966    0.02351     1.4106     84.638      9.083  47400.322    29.9304     9.2602      9.000     9.1930    23.1122     2.8605     4.0880     43.139    124.865    127.751    0.00073    6.63082    9.47611  289.44291   14.98241 1.6973e+01     1.7349     1.4390    69.7849 0.0000e+00
        344 179.498978    0.02382     1.4289     85.737     10.094  47600.172    30.0353     9.0010     10.000     8.8421    23.2333     2.8782     4.1133     43.185    125.622    128.541    0.00054    6.66478    9.52462  290.89030   15.05114 1.2114e+01     1.7100     1.4707    69.2346 0.0000e+00
        349 179.498992    0.02414     1.4483     86.898     11.104  47931.971    30.2193     8.6554     11.000     8.4344    23.4284     2.9108     4.1598     43.390    127.021    129.997    0.00217    6.70857    9.58722  292.74620   15.13905 8.2824e+00     1.7453     1.5757    67.4426 0.0000e+00
        353 179.499005    0.02444     1.4664     87.982     12.117  48622.893    30.6235     8.1228     12.000     7.9623    23.8217     2.9436     4.2067     43.468    128.402    131.461    0.00176    6.77185    9.67765  295.39399   15.26381 5.4733e+00     1.5730     1.6657    65.9381 0.0000e+00
        356 179.499014    0.02468     1.4810     88.861     13.127  48903.319    30.7901     7.9354     13.000     7.9233    23.9786     2.9545     4.2222     43.490    128.855    131.945    0.00135    6.79333    9.70834  296.28566   15.30570 3.5336e+00     1.4593     1.6776    65.7445 0.0000e+00
        359 179.499023    0.02489     1.4936     89.617     14.133  48970.689    30.8323     7.9084     14.000     7.8253    24.0155     2.9561     4.2245     43.499    128.922    132.018    0.00097    6.79565    9.71167  296.37620   15.30984 2.3458e+00     1.3757     1.6463    66.2612 0.0000e+00
        363 179.499032    0.02511     1.5063     90.376     15.141  49255.536    31.0103     7.7807     15.000     7.7379    24.1730     2.9698     4.2441     43.624    129.499    132.630    0.00142    6.80752    9.72864  296.84851   15.33166 1.6335e+00     1.3103     1.5315    68.1975 0.0000e+00
        366 179.499041    0.02532     1.5193     91.158     16.151  49385.455    31.0936     7.7377     16.000     7.7333    24.2444     2.9702     4.2448     43.612    129.510    132.651    0.00145    6.81049    9.73287  296.95688   15.33648 1.1575e+00     1.2972     1.3637    71.1228 0.0000e+00
        369 179.499050    0.02554     1.5325     91.952     17.160  49445.599    31.1348     7.7354     17.000     7.7362    24.2769     2.9653     4.2376     43.549    129.288    132.427    0.00017    6.80900    9.73074  296.88243   15.33276 8.3314e-01     1.2465     1.3324    71.6706 0.0000e+00
        372 179.499060    0.02577     1.5462     92.774     18.170  49543.271    31.2027     7.7370     18.000     7.7263    24.3301     2.9694     4.2436     43.631    129.466    132.616    0.00044    6.80574    9.72608  296.72489   15.32497 6.0685e-01     1.2176     1.2225    73.6699 0.0000e+00
        375 179.499069    0.02600     1.5603     93.618     19.180  49600.778    31.2397     7.7204     19.000     7.7095    24.3615     2.9826     4.2624     43.819    130.034    133.202    0.00215    6.80667    9.72742  296.75647   15.32632 4.6354e-01     1.2811     1.1150    75.6748 0.0000e+00
        379 179.499080    0.02626     1.5753     94.520     20.185  49622.576    31.2521     7.7062     20.000     7.6993    24.3732     2.9913     4.2749     43.936    130.413    133.592    0.00265    6.80833    9.72977  296.82503   15.32954 3.6078e-01     1.2899     1.0327    77.2533 0.0000e+00
        383 179.499092    0.02654     1.5924     95.543     21.207  49650.495    31.2695     7.6959     21.000     7.6839    24.3883     2.9959     4.2814     43.997    130.610    133.795    0.00232    6.80915    9.73095  296.85680   15.33099 2.7715e-01     1.2974     0.9367    79.1177 0.0000e+00
        386 179.499101    0.02677     1.6062     96.372     22.210  49708.037    31.3055     7.6732     22.000     7.6490    24.4197     2.9962     4.2819     43.991    130.622    133.812    0.00153    6.81107    9.73370  296.93150   15.33441 2.1726e-01     1.3203     1.2258    73.6857 0.0000e+00
        390 179.499111    0.02699     1.6194     97.167     23.223  49765.889    31.3396     7.6374     23.000     7.6179    24.4514     3.0037     4.2925     44.074    130.943    134.144    0.00168    6.81510    9.73947  297.09818   15.34223 1.7496e-01     1.3023     1.0443    77.0987 0.0000e+00
        393 179.499119    0.02719     1.6316     97.896     24.227  49792.346    31.3538     7.6143     24.000     7.5979    24.4658     3.0083     4.2992     44.122    131.142    134.351    0.00186    6.81809    9.74373  297.22405   15.34817 1.4185e-01     1.2698     1.1652    74.8154 0.0000e+00
        395 179.499127    0.02739     1.6436     98.618     25.237  49793.098    31.3505     7.5935     25.000     7.5444    24.4660     3.0119     4.3042     44.151    131.296    134.509    0.00152    6.82148    9.74858  297.37173   15.35523 1.1749e-01     1.2206     1.4222    70.0758 0.0000e+00
        398 179.499136    0.02760     1.6560     99.359     26.247  49790.842    31.3336     7.5037     26.000     7.3869    24.4650     3.0194     4.3152     44.169    131.629    134.849    0.00121    6.83623    9.76967  298.01543   15.38602 9.7590e-02     1.2581     1.4532    69.5445 0.0000e+00
        401 179.499145    0.02781     1.6684    100.106     27.255  49992.233    31.4486     7.3543     27.000     7.3148    24.5756     3.0361     4.3389     44.293    132.341    135.594    0.00167    6.85450    9.79577  298.77935   15.42200 8.3450e-02     1.3199     1.3252    71.9160 0.0000e+00
        405 179.499154    0.02803     1.6814    100.885     28.262  50047.719    31.4798     7.3129     28.000     7.2963    24.6057     3.0456     4.3525     44.399    132.751    136.017    0.00236    6.85962    9.80307  298.99354   15.43209 7.4796e-02     1.1250     1.4815    69.0585 0.0000e+00
        408 179.499164    0.02826     1.6958    101.745     29.276  50054.005    31.4791     7.2859     29.000     7.2610    24.6088     3.0469     4.3543     44.389    132.805    136.073    0.00170    6.86391    9.80921  299.17950   15.44097 6.7426e-02     1.0214     1.5343    68.1476 0.0000e+00
        411 179.499173    0.02850     1.7100    102.599     30.284  50090.569    31.4989     7.2556     30.000     7.2445    24.6285     3.0445     4.3510     44.330    132.700    135.969    0.00050    6.86779    9.81476  299.34315   15.44869 6.2172e-02     1.0931     1.5405    68.0424 0.0000e+00
        415 179.499184    0.02874     1.7245    103.470     31.296  50086.578    31.4928     7.2384     31.000     7.2148    24.6259     3.0477     4.3555     44.358    132.840    136.111    0.00033    6.87079    9.81905  299.47461   15.45499 5.7718e-02     0.9811     1.4655    69.3936 0.0000e+00
        418 179.499194    0.02899     1.7392    104.355     32.302  50113.932    31.5051     7.2021     32.000     7.1771    24.6405     3.0537     4.3640     44.411    133.099    136.378    0.00080    6.87597    9.82645  299.69601   15.46550 5.4894e-02     0.9866     1.5436    67.9875 0.0000e+00
        422 179.499205    0.02925     1.7552    105.309     33.311  50164.587    31.5324     7.1588     33.000     7.1387    24.6678     3.0556     4.3667     44.402    133.176    136.460    0.00046    6.88158    9.83447  299.93290   15.47669 5.2692e-02     0.9923     1.5291    68.2315 0.0000e+00
        427 179.499218    0.02956     1.7737    106.424     34.322  50204.014    31.5538     7.1262     34.000     7.1123    24.6889     3.0568     4.3684     44.392    133.227    136.516   -0.00003    6.88580    9.84049  300.11021   15.48507 5.1071e-02     1.0553     1.5086    68.5816 0.0000e+00
        432 179.499232    0.02990     1.7938    107.625     35.334  50216.235    31.5576     7.1021     35.000     7.0771    24.6951     3.0626     4.3769     44.455    133.481    136.778    0.00071    6.88942    9.84568  300.26662   15.49251 4.9892e-02     0.8575     1.5102    68.5535 0.0000e+00
        436 179.499246    0.03023     1.8138    108.826     36.344  50259.804    31.5763     7.0379     36.000     7.0096    24.7183     3.0648     4.3799     44.425    133.572    136.873   -0.00004    6.89878    9.85906  300.66785   15.51157 4.8841e-02     0.8580     1.6200    66.7043 0.0000e+00
        441 179.499258    0.03054     1.8323    109.935     37.351  50308.669    31.6014     6.9901     37.000     6.9750    24.7443     3.0655     4.3809     44.393    133.596    136.903   -0.00042    6.90526    9.86831  300.94226   15.52456 4.8221e-02     0.8334     1.7013    65.3542 0.0000e+00
        445 179.499272    0.03086     1.8518    111.109     38.363  50335.384    31.6163     6.9717     38.000     6.9661    24.7584     3.0738     4.3928     44.499    133.959    137.276    0.00058    6.90752    9.87154  301.03681   15.52900 4.7647e-02     0.8947     1.7469    64.6145 0.0000e+00
        450 179.499285    0.03117     1.8703    112.219     39.371  50352.095    31.6268     6.9681     39.000     6.9656    24.7672     3.0699     4.3871     44.441    133.785    137.099    0.00001    6.90762    9.87168  301.03837   15.52904 4.6993e-02     0.8832     1.7622    64.3685 0.0000e+00
        454 179.499298    0.03147     1.8882    113.293     40.385  50360.803    31.6328     6.9702     40.000     6.9609    24.7716     3.0718     4.3898     44.473    133.868    137.184    0.00003    6.90701    9.87081  301.01044   15.52768 4.6936e-02     0.8652     1.7012    65.3580 0.0000e+00
        458 179.499309    0.03176     1.9055    114.332     41.387  50367.775    31.6331     6.9472     41.000     6.9230    24.7749     3.0739     4.3930     44.481    133.963    137.282    0.00010    6.91066    9.87603  301.16871   15.53522 4.6622e-02     0.7920     1.6812    65.6855 0.0000e+00
        463 179.499323    0.03208     1.9249    115.492     42.403  50404.247    31.6499     6.9017     42.000     6.8793    24.7940     3.0761     4.3960     44.471    134.054    137.378   -0.00008    6.91717    9.88533  301.44685   15.54842 4.6555e-02     0.9435     1.7121    65.1805 0.0000e+00
        467 179.499335    0.03238     1.9429    116.573     43.408  50407.048    31.6403     6.8404     43.000     6.7913    24.7945     3.0818     4.4043     44.488    134.308    137.637   -0.00007    6.92742    9.89998  301.89331   15.56975 4.6447e-02     0.8460     1.8167    63.5001 0.0000e+00
        472 179.499349    0.03271     1.9622    117.732     44.422  50525.155    31.7104     6.7760     44.000     6.7757    24.8580     3.0872     4.4119     44.519    134.530    137.874    0.00019    6.93456    9.91018  302.18570   15.58341 4.6412e-02     0.7768     1.8515    62.9505 0.0000e+00
        477 179.499362    0.03303     1.9814    118.885     45.426  50531.924    31.7165     6.7863     45.000     6.7855    24.8615     3.0859     4.4100     44.512    134.471    137.815 -1.365e-08    6.93263    9.90742  302.10041   15.57932 4.6360e-02     0.7181     1.8064    63.6626 0.0000e+00
        482 179.499377    0.03338     2.0030    120.179     46.441  50532.273    31.7175     6.7933     46.000     6.7900    24.8614     3.0841     4.4075     44.495    134.395    137.736   -0.00014    6.93145    9.90574  302.04932   15.57687 4.6212e-02     0.7132     1.8658    62.7230 0.0000e+00
        487 179.499392    0.03375     2.0248    121.490     47.450  50533.652    31.7182     6.7940     47.000     6.7903    24.8618     3.0815     4.4038     44.458    134.282    137.620   -0.00048    6.93130    9.90553  302.04264   15.57656 4.6139e-02     0.7082     1.8654    62.7298 0.0000e+00
        492 179.499407    0.03410     2.0458    122.750     48.462  50536.219    31.7193     6.7934     48.000     6.7820    24.8629     3.0814     4.4036     44.456    134.277    137.615   -0.00040    6.93135    9.90560  302.04476   15.57666 4.6309e-02     0.7487     1.7989    63.7838 0.0000e+00
        496 179.499419    0.03439     2.0631    123.785     49.469  50549.223    31.7244     6.7739     49.000     6.7627    24.8693     3.0852     4.4090     44.492    134.441    137.785   -0.00006    6.93426    9.90975  302.16927   15.58257 4.6260e-02     0.6492     1.7442    64.6770 0.0000e+00
        500 179.499431    0.03467     2.0801    124.807     50.475  50560.453    31.7296     6.7624     50.000     6.7554    24.8750     3.0887     4.4141     44.533    134.594    137.942    0.00038    6.93586    9.91204  302.23752   15.58581 4.6231e-02     0.6983     1.6545    66.1318 0.0000e+00
        505 179.499444    0.03499     2.0993    125.960     51.492  50558.142    31.7263     6.7560     51.000     6.7459    24.8732     3.0858     4.4099     44.483    134.467    137.812   -0.00026    6.93704    9.91372  302.28927   15.58829 4.6372e-02     0.6824     1.7375    64.7743 0.0000e+00
        509 179.499456    0.03527     2.1160    126.963     52.495  50565.173    31.7287     6.7447     52.000     6.7359    24.8766     3.0901     4.4161     44.534    134.654    138.004    0.00009    6.93876    9.91618  302.36311   15.59180 4.6499e-02     0.7161     1.7083    65.2508 0.0000e+00
        513 179.499468    0.03556     2.1334    128.001     53.505  50562.059    31.7245     6.7358     53.000     6.7237    24.8744     3.0920     4.4187     44.551    134.736    138.087    0.00028    6.94037    9.91849  302.43424   15.59520 4.6089e-02     0.6378     1.8258    63.3546 0.0000e+00
