CTD-processing/allCTD/CNV/2017_10-17_t4_s07_cast048_4141.cnv
* Sea-Bird SBE19plus Data File:
* FileName = C:\Users\Kim.Powell\Desktop\Not Processed\2017\2017_10-17\2017_10-17_TRANSECT_STATION_cast048.hex
* Software Version 1.59
* Temperature SN =  4141
* Conductivity SN =  4141
* System UpLoad Time = Oct 20 2017 08:45:43
** Transect:
** 2017_10-17
** Station: 4-07
** Start Time: 11:53
** Depth (m): 37.8
** Comment: Edgecumbe
** Comment:
# nquan = 27
# nvalues = 34                          
# units = specified
# name 0 = scan: Scan Count
# name 1 = timeJ: Julian Days
# name 2 = timeH: Time, Elapsed [hours]
# name 3 = timeM: Time, Elapsed [minutes]
# name 4 = timeS: Time, Elapsed [seconds]
# name 5 = prdM: Pressure, Strain Gauge [db]
# name 6 = specc: Specific Conductance [uS/cm]
# name 7 = sal00: Salinity, Practical [PSU]
# name 8 = tv290C: Temperature [ITS-90, deg C]
# name 9 = depSM: Depth [salt water, m], lat = 59.00
# name 10 = potemp090C: Potential Temperature [ITS-90, deg C]
# name 11 = sigma-é00: Density [sigma-theta, kg/m^3]
# name 12 = sbeox0ML/L: Oxygen, SBE 43 [ml/l]
# name 13 = sbeox0Mg/L: Oxygen, SBE 43 [mg/l]
# name 14 = sbeox0PS: Oxygen, SBE 43 [% saturation]
# name 15 = sbox0Mm/Kg: Oxygen, SBE 43 [umol/kg]
# name 16 = sbeox0Mm/L: Oxygen, SBE 43 [umol/l]
# name 17 = sbox0dV/dT: Oxygen, SBE 43 [dov/dt]
# name 18 = oxsolML/L: Oxygen Saturation, Garcia & Gordon [ml/l]
# name 19 = oxsolMg/L: Oxygen Saturation, Garcia & Gordon [mg/l]
# name 20 = oxsolMm/Kg: Oxygen Saturation, Garcia & Gordon [umol/kg]
# name 21 = n2satMg/L: Nitrogen Saturation [mg/l]
# name 22 = par: PAR/Irradiance, Biospherical/Licor
# name 23 = wetStar: Fluorescence, WET Labs WETstar [mg/m^3]
# name 24 = CStarAt0: Beam Attenuation, WET Labs C-Star [1/m]
# name 25 = CStarTr0: Beam Transmission, WET Labs C-Star [%]
# name 26 = flag: flag
# span 0 =        196,        465       
# span 1 = 290.496108, 290.496888       
# span 2 =    0.01353,    0.03223       
# span 3 =     0.8116,     1.9342       
# span 4 =     48.698,    116.053       
# span 5 =      1.016,     34.297       
# span 6 =  46377.175,  48644.606       
# span 7 =    29.2059,    30.8620       
# span 8 =     9.1518,     9.8452       
# span 9 =      1.000,     34.000       
# span 10 =     9.1727,     9.8430      
# span 11 =    22.5624,    23.7557      
# span 12 =     2.7409,     2.7770      
# span 13 =     3.9170,     3.9686      
# span 14 =     41.513,     42.152      
# span 15 =    119.611,    121.278      
# span 16 =    122.408,    124.021      
# span 17 =   -0.00075,    0.00173      
# span 18 =    6.51122,    6.67801      
# span 19 =    9.30518,    9.54355      
# span 20 =  284.05872,  291.65949      
# span 21 =   14.72147,   15.09131      
# span 22 = 4.7121e-01, 5.9861e+01      
# span 23 =     0.5240,     1.4762      
# span 24 =     0.4296,     0.9395      
# span 25 =    79.0713,    89.8165      
# span 26 = 0.0000e+00, 0.0000e+00      
# interval = meters: 1                  
# start_time = Oct 17 2017 11:53:35 [Instrument's time stamp, header]
# bad_flag = -9.990e-29
*END*
        196 290.496108    0.01353     0.8116     48.698      1.016  46377.175    29.2059     9.1518      1.000     9.1727    22.5624     2.7722     3.9618     41.513    121.076    123.807    0.00025    6.67801    9.54355  291.65949   15.09131 5.9861e+01     0.5240     0.8995    79.8676 0.0000e+00
        290 290.496380    0.02008     1.2046     72.273      2.024  46471.435    29.2803     9.2237      2.000     9.2339    22.6099     2.7770     3.9686     41.671    121.278    124.021    0.00173    6.66410    9.52366  291.03815   15.06132 4.9466e+01     0.7165     0.9395    79.0713 0.0000e+00
        293 290.496389    0.02027     1.2160     72.958      3.024  46477.792    29.2860     9.2376      3.000     9.2478    22.6123     2.7768     3.9682     41.682    121.268    124.011    0.00116    6.66178    9.52034  290.93616   15.05642 4.6736e+01     0.7137     0.8242    81.3821 0.0000e+00
        298 290.496402    0.02061     1.2363     74.175      4.041  46541.480    29.3350     9.2767      4.000     9.2900    22.6446     2.7738     3.9640     41.686    121.134    123.877    0.00076    6.65391    9.50909  290.58310   15.03935 5.1114e+01     0.8301     0.7977    81.9204 0.0000e+00
        302 290.496416    0.02093     1.2561     75.364      5.042  46540.925    29.3364     9.2943      5.000     9.3042    22.6431     2.7722     3.9618     41.680    121.067    123.809    0.00027    6.65122    9.50525  290.46624   15.03376 4.9852e+01     0.9418     0.7831    82.2189 0.0000e+00
        309 290.496434    0.02136     1.2814     76.881      6.061  46618.146    29.3959     9.3425      6.000     9.3622    22.6823     2.7712     3.9603     41.725    121.017    123.762    0.00054    6.64153    9.49141  290.03218   15.01278 4.4619e+01     1.1028     0.7648    82.5968 0.0000e+00
        314 290.496449    0.02173     1.3038     78.225      7.065  46657.130    29.4287     9.3897      7.000     9.4078    22.7007     2.7685     3.9564     41.737    120.895    123.639    0.00041    6.63317    9.47947  289.66200   14.99495 3.8659e+01     1.2371     0.7463    82.9796 0.0000e+00
        320 290.496466    0.02212     1.3275     79.649      8.075  46711.167    29.4735     9.4495      8.000     9.4678    22.7265     2.7653     3.9520     41.758    120.758    123.502    0.00034    6.62246    9.46416  289.18678   14.97205 3.1852e+01     1.3171     0.7330    83.2560 0.0000e+00
        325 290.496483    0.02253     1.3519     81.116      9.086  46752.936    29.5092     9.5056      9.000     9.5194    22.7458     2.7635     3.9494     41.792    120.676    123.421    0.00049    6.61270    9.45021  288.75545   14.95129 2.6568e+01     1.3736     0.7139    83.6556 0.0000e+00
        331 290.496499    0.02291     1.3746     82.478     10.093  46926.758    29.6360     9.5512     10.000     9.6059    22.8377     2.7607     3.9453     41.825    120.540    123.293    0.00055    6.60066    9.43300  288.20346   14.92439 2.1596e+01     1.3981     0.7035    83.8727 0.0000e+00
        337 290.496515    0.02330     1.3982     83.894     11.109  47311.086    29.9292     9.7511     11.000     9.7995    23.0352     2.7424     3.9191     41.810    119.717    122.475    0.00021    6.55918    9.37373  286.33720   14.83396 1.7875e+01     1.4629     0.6720    84.5354 0.0000e+00
        342 290.496530    0.02367     1.4205     85.232     12.108  47343.373    29.9595     9.8167     12.000     9.8199    23.0485     2.7427     3.9196     41.884    119.731    122.490    0.00073    6.54843    9.35836  285.86417   14.81122 1.4987e+01     1.4733     0.6077    85.9084 0.0000e+00
        349 290.496550    0.02414     1.4485     86.909     13.130  47436.388    30.0239     9.8137     13.000     9.8001    23.0993     2.7482     3.9275     41.982    119.963    122.735    0.00116    6.54616    9.35512  285.75103   14.80555 1.2558e+01     1.3330     0.5626    86.8786 0.0000e+00
        354 290.496564    0.02449     1.4692     88.155     14.132  47488.080    30.0557     9.7809     14.000     9.7673    23.1293     2.7485     3.9279     41.965    119.973    122.748    0.00056    6.54956    9.35997  285.89069   14.81210 1.0639e+01     1.4762     0.5221    87.7638 0.0000e+00
        359 290.496579    0.02484     1.4906     89.435     15.142  47502.216    30.0610     9.7470     15.000     9.7312    23.1388     2.7505     3.9308     41.966    120.061    122.838    0.00018    6.55423    9.36665  286.09213   14.82171 9.1187e+00     1.3396     0.4962    88.3328 0.0000e+00
        364 290.496595    0.02523     1.5137     90.824     16.152  47529.314    30.0750     9.7101     16.000     9.6966    23.1556     2.7551     3.9374     42.005    120.259    123.044    0.00046    6.55897    9.37342  286.29418   14.83131 7.8399e+00     1.4333     0.4805    88.6813 0.0000e+00
        370 290.496611    0.02561     1.5367     92.202     17.161  47557.816    30.0907     9.6785     17.000     9.6657    23.1727     2.7522     3.9331     41.935    120.127    122.911   -0.00046    6.56289    9.37903  286.46052   14.83920 6.7106e+00     1.4474     0.4764    88.7710 0.0000e+00
        375 290.496627    0.02600     1.5603     93.617     18.171  47612.008    30.1247     9.6508     18.000     9.6430    23.2037     2.7567     3.9396     41.988    120.322    123.113    0.00004    6.56547    9.38271  286.56437   14.84403 5.7919e+00     1.3000     0.4603    89.1308 0.0000e+00
        381 290.496643    0.02639     1.5832     94.989     19.178  47833.394    30.2805     9.6583     19.000     9.6884    23.3241     2.7545     3.9364     42.003    120.211    123.015    0.00037    6.55781    9.37176  286.19652   14.82580 4.9653e+00     1.3274     0.4581    89.1792 0.0000e+00
        387 290.496661    0.02682     1.6088     96.530     20.191  47961.115    30.3820     9.7564     20.000     9.7766    23.3878     2.7409     3.9170     41.914    119.611    122.408   -0.00075    6.53938    9.34543  285.37446   14.78608 4.3043e+00     1.3206     0.4404    89.5739 0.0000e+00
        393 290.496677    0.02721     1.6326     97.955     21.196  48067.487    30.4633     9.8119     21.000     9.8213    23.4424     2.7412     3.9175     41.993    119.620    122.424    0.00027    6.52799    9.32917  284.86263   14.76128 3.7314e+00     1.0831     0.4296    89.8165 0.0000e+00
        399 290.496695    0.02762     1.6573     99.435     22.212  48113.794    30.4980     9.8333     22.000     9.8326    23.4661     2.7440     3.9215     42.064    119.737    122.547    0.00078    6.52347    9.32269  284.65828   14.75136 3.2477e+00     0.9217     0.4308    89.7897 0.0000e+00
        404 290.496710    0.02799     1.6795    100.772     23.216  48135.574    30.5134     9.8368     23.000     9.8350    23.4775     2.7431     3.9201     42.057    119.695    122.506    0.00037    6.52232    9.32105  284.60514   14.74876 2.8387e+00     0.9007     0.4463    89.4409 0.0000e+00
        410 290.496727    0.02840     1.7041    102.247     24.233  48161.631    30.5316     9.8393     24.000     9.8383    23.4914     2.7426     3.9195     42.058    119.675    122.486    0.00014    6.52120    9.31945  284.55215   14.74615 2.4532e+00     0.7827     0.4610    89.1142 0.0000e+00
        415 290.496741    0.02873     1.7238    103.425     25.235  48195.231    30.5550     9.8411     25.000     9.8378    23.5094     2.7435     3.9208     42.079    119.711    122.526    0.00022    6.51996    9.31767  284.49314   14.74323 2.1105e+00     0.7714     0.4785    88.7249 0.0000e+00
        420 290.496756    0.02909     1.7453    104.715     26.247  48255.824    30.5971     9.8402     26.000     9.8375    23.5424     2.7433     3.9205     42.087    119.700    122.519    0.00013    6.51833    9.31535  284.41304   14.73923 1.8186e+00     0.7407     0.5045    88.1514 0.0000e+00
        425 290.496772    0.02946     1.7679    106.076     27.256  48266.071    30.6039     9.8406     27.000     9.8378    23.5476     2.7420     3.9186     42.069    119.642    122.460   -0.00014    6.51799    9.31486  284.39650   14.73841 1.5616e+00     0.7774     0.5278    87.6404 0.0000e+00
        431 290.496788    0.02985     1.7912    107.472     28.267  48275.244    30.6100     9.8411     28.000     9.8383    23.5523     2.7453     3.9234     42.121    119.785    122.607    0.00047    6.51766    9.31439  284.38106   14.73765 1.3349e+00     0.7859     0.5378    87.4197 0.0000e+00
        436 290.496803    0.03022     1.8129    108.776     29.275  48307.104    30.6320     9.8413     29.000     9.8384    23.5694     2.7423     3.9190     42.081    119.651    122.471   -0.00026    6.51671    9.31304  284.33490   14.73535 1.1395e+00     0.7614     0.5421    87.3260 0.0000e+00
        441 290.496818    0.03058     1.8348    110.086     30.285  48353.553    30.6647     9.8451     30.000     9.8430    23.5944     2.7447     3.9225     42.131    119.756    122.581    0.00029    6.51481    9.31032  284.24486   14.73092 9.7314e-01     0.8054     0.5389    87.3965 0.0000e+00
        447 290.496835    0.03098     1.8587    111.520     31.293  48399.536    30.6966     9.8452     31.000     9.8409    23.6193     2.7422     3.9190     42.102    119.644    122.470   -0.00016    6.51345    9.30838  284.17866   14.72762 8.3399e-01     0.7589     0.5599    86.9382 0.0000e+00
        453 290.496852    0.03139     1.8834    113.005     32.307  48545.627    30.7972     9.8315     32.000     9.8149    23.7000     2.7447     3.9224     42.152    119.737    122.575    0.00029    6.51122    9.30518  284.05872   14.72147 7.0360e-01     0.6333     0.6560    84.8877 0.0000e+00
        459 290.496869    0.03180     1.9076    114.458     33.313  48614.566    30.8422     9.8076     33.000     9.8013    23.7389     2.7444     3.9220     42.138    119.723    122.565    0.00001    6.51276    9.30738  284.11502   14.72398 5.8345e-01     0.6560     0.8061    81.7502 0.0000e+00
        465 290.496888    0.03223     1.9342    116.053     34.297  48644.606    30.8620     9.7995     34.000     9.7954    23.7557     2.7438     3.9211     42.126    119.689    122.533    0.00006    6.51308    9.30786  284.12473   14.72436 4.7121e-01     0.5558     0.8497    80.8632 0.0000e+00
