CTD-processing/allCTD/CNV/2017_04-19_t7_s13_cast111_4141.cnv
* Sea-Bird SBE19plus Data File:
* FileName = P:\My Documents\kasitsna\Research-KBL\Oceanography-AK\CTD-Data-ALL-to-2017-02\2017-CTD-KachemakBay-CookInlet\2017-04-19-CookInlet-Tran7-Augustine\2017-04-19-CookInlet-Tran7-cast111.hex
* Software Version 1.59
* Temperature SN =  4141
* Conductivity SN =  4141
* System UpLoad Time = Apr 19 2017 16:42:29
** Cook Inlet LTM Transect 7 Augustine west to east
** Date: 2017-04-19
** Station: (eg. 9-01): 7-13
** Start time (AKDT): 12:33
** Depth (m): 70.7
** Comment: R/V Alaska Dreamcatcher
** Comment:
# nquan = 27
# nvalues = 70                          
# units = specified
# name 0 = scan: Scan Count
# name 1 = timeJ: Julian Days
# name 2 = timeH: Time, Elapsed [hours]
# name 3 = timeM: Time, Elapsed [minutes]
# name 4 = timeS: Time, Elapsed [seconds]
# name 5 = prdM: Pressure, Strain Gauge [db]
# name 6 = specc: Specific Conductance [uS/cm]
# name 7 = sal00: Salinity, Practical [PSU]
# name 8 = tv290C: Temperature [ITS-90, deg C]
# name 9 = depSM: Depth [salt water, m], lat = 59.00
# name 10 = potemp090C: Potential Temperature [ITS-90, deg C]
# name 11 = sigma-é00: Density [sigma-theta, kg/m^3]
# name 12 = sbeox0ML/L: Oxygen, SBE 43 [ml/l]
# name 13 = sbeox0Mg/L: Oxygen, SBE 43 [mg/l]
# name 14 = sbeox0PS: Oxygen, SBE 43 [% saturation]
# name 15 = sbox0Mm/Kg: Oxygen, SBE 43 [umol/kg]
# name 16 = sbeox0Mm/L: Oxygen, SBE 43 [umol/l]
# name 17 = sbox0dV/dT: Oxygen, SBE 43 [dov/dt]
# name 18 = oxsolML/L: Oxygen Saturation, Garcia & Gordon [ml/l]
# name 19 = oxsolMg/L: Oxygen Saturation, Garcia & Gordon [mg/l]
# name 20 = oxsolMm/Kg: Oxygen Saturation, Garcia & Gordon [umol/kg]
# name 21 = n2satMg/L: Nitrogen Saturation [mg/l]
# name 22 = par: PAR/Irradiance, Biospherical/Licor
# name 23 = wetStar: Fluorescence, WET Labs WETstar [mg/m^3]
# name 24 = CStarAt0: Beam Attenuation, WET Labs C-Star [1/m]
# name 25 = CStarTr0: Beam Transmission, WET Labs C-Star [%]
# name 26 = flag: flag
# span 0 =        110,        515       
# span 1 = 109.523844, 109.525018       
# span 2 =    0.00755,    0.03572       
# span 3 =     0.4528,     2.1433       
# span 4 =     27.170,    128.598       
# span 5 =      1.020,     70.654       
# span 6 =  51496.949,  51722.543       
# span 7 =    32.0662,    32.1323       
# span 8 =     4.7914,     5.1412       
# span 9 =      1.000,     70.000       
# span 10 =     4.7886,     5.0917      
# span 11 =    25.3412,    25.4187      
# span 12 =     3.3742,     3.7264      
# span 13 =     4.8221,     5.3253      
# span 14 =     46.826,     51.423      
# span 15 =    146.969,    162.294      
# span 16 =    150.693,    166.419      
# span 17 =   -0.00112,    0.00348      
# span 18 =    7.18720,    7.24686      
# span 19 =   10.27123,   10.35649      
# span 20 =  313.04036,  315.62226      
# span 21 =   16.09901,   16.22187      
# span 22 = 2.5020e-01, 6.9749e+02      
# span 23 =     0.1717,     1.1374      
# span 24 =     0.2603,     0.3237      
# span 25 =    92.2253,    93.6986      
# span 26 = 0.0000e+00, 0.0000e+00      
# interval = meters: 1                  
# start_time = Apr 19 2017 12:33:53 [Instrument's time stamp, header]
# bad_flag = -9.990e-29
*END*
        110 109.523844    0.00755     0.4528     27.170      1.020  51537.727    32.1110     5.1412      1.000     5.0917    25.3700     3.3948     4.8515     47.234    147.862    151.612   -0.00112    7.18720   10.27123  313.04036   16.09901 6.9749e+02     0.2134     0.2750    92.6079 0.0000e+00
        243 109.524230    0.01681     1.0086     60.516      2.017  51496.949    32.0662     5.0800      2.000     5.0274    25.3412     3.3742     4.8221     46.867    146.969    150.693   -0.00029    7.19974   10.28914  313.59341   16.12552 4.6744e+02     0.1977     0.2726    93.3550 0.0000e+00
        257 109.524271    0.01779     1.0671     64.024      3.025  51562.635    32.0931     4.9993      3.000     4.9631    25.3713     3.3772     4.8264     46.826    147.095    150.827   -0.00043    7.21233   10.30714  314.13262   16.15108 5.0629e+02     0.1889     0.2618    93.6650 0.0000e+00
        261 109.524282    0.01804     1.0823     64.938      4.038  51597.537    32.1028     4.9365      4.000     4.9057    25.3858     3.3847     4.8370     46.862    147.417    151.159   -0.00008    7.22269   10.32195  314.57974   16.17232 5.5309e+02     0.1980     0.2603    93.6986 0.0000e+00
        264 109.524292    0.01828     1.0973     65.835      5.049  51638.003    32.1191     4.8871      5.000     4.8694    25.4042     3.3916     4.8469     46.907    147.716    151.469    0.00018    7.23046   10.33305  314.91203   16.18808 4.0152e+02     0.1717     0.2695    93.4853 0.0000e+00
        268 109.524303    0.01853     1.1120     66.719      6.055  51666.555    32.1323     4.8604      6.000     4.8524    25.4175     3.3986     4.8569     46.977    148.018    151.780    0.00069    7.23444   10.33873  315.08130   16.19609 4.5316e+02     0.1891     0.2736    93.3878 0.0000e+00
        272 109.524313    0.01879     1.1272     67.630      7.067  51645.683    32.1143     4.8463      7.000     4.8329    25.4048     3.4039     4.8644     47.029    148.249    152.015    0.00094    7.23777   10.34350  315.23056   16.20327 3.0086e+02     0.2160     0.2750    93.3544 0.0000e+00
        275 109.524323    0.01904     1.1421     68.529      8.076  51649.895    32.1109     4.8205      8.000     4.8078    25.4049     3.4091     4.8720     47.072    148.480    152.252    0.00089    7.24240   10.35012  315.43237   16.21288 3.1689e+02     0.2164     0.2752    93.3517 0.0000e+00
        279 109.524334    0.01929     1.1571     69.423      9.084  51673.850    32.1233     4.8042      9.000     4.8012    25.4164     3.4105     4.8740     47.076    148.537    152.311    0.00079    7.24465   10.35333  315.52651   16.21731 2.4564e+02     0.2674     0.2738    93.3852 0.0000e+00
        282 109.524344    0.01953     1.1720     70.323     10.099  51678.113    32.1250     4.8010     10.000     4.7998    25.4181     3.4130     4.8776     47.108    148.648    152.427    0.00059    7.24512   10.35401  315.54676   16.21827 2.3052e+02     0.3567     0.2857    93.1059 0.0000e+00
        286 109.524354    0.01977     1.1861     71.168     11.101  51679.476    32.1253     4.8005     11.000     4.7999    25.4184     3.4184     4.8852     47.182    148.882    152.667    0.00104    7.24519   10.35409  315.54925   16.21839 2.2002e+02     0.3496     0.2871    93.0754 0.0000e+00
        289 109.524364    0.02002     1.2013     72.075     12.112  51679.452    32.1249     4.8011     12.000     4.8000    25.4180     3.4253     4.8951     47.278    149.182    152.975    0.00156    7.24510   10.35397  315.54555   16.21822 1.9468e+02     0.3842     0.2856    93.1083 0.0000e+00
        293 109.524375    0.02029     1.2172     73.034     13.124  51680.243    32.1248     4.8002     13.000     4.7992    25.4180     3.4289     4.9003     47.327    149.341    153.137    0.00148    7.24526   10.35420  315.55265   16.21856 1.7602e+02     0.4080     0.2827    93.1772 0.0000e+00
        297 109.524386    0.02055     1.2328     73.970     14.130  51680.133    32.1241     4.8000     14.000     4.7985    25.4176     3.4306     4.9026     47.348    149.411    153.209    0.00122    7.24533   10.35430  315.55582   16.21871 1.5998e+02     0.4677     0.2762    93.3257 0.0000e+00
        301 109.524397    0.02081     1.2486     74.916     15.144  51679.537    32.1230     4.7991     15.000     4.7965    25.4167     3.4402     4.9164     47.481    149.832    153.640    0.00174    7.24554   10.35461  315.56535   16.21917 1.5305e+02     0.4997     0.2844    93.1371 0.0000e+00
        304 109.524408    0.02107     1.2644     75.864     16.150  51680.903    32.1226     4.7955     16.000     4.7927    25.4168     3.4510     4.9318     47.626    150.302    154.122    0.00255    7.24618   10.35552  315.59326   16.22049 1.4137e+02     0.5590     0.2864    93.0892 0.0000e+00
        308 109.524419    0.02135     1.2808     76.846     17.160  51684.487    32.1241     4.7932     17.000     4.7916    25.4183     3.4619     4.9474     47.773    150.776    154.609    0.00295    7.24650   10.35598  315.60672   16.22113 1.2599e+02     0.5472     0.2935    92.9259 0.0000e+00
        312 109.524431    0.02162     1.2973     77.835     18.173  51685.467    32.1241     4.7925     18.000     4.7910    25.4183     3.4712     4.9607     47.901    151.181    155.024    0.00316    7.24663   10.35616  315.61218   16.22139 1.1554e+02     0.6652     0.2857    93.1063 0.0000e+00
        316 109.524442    0.02188     1.3127     78.763     19.179  51686.537    32.1243     4.7922     19.000     4.7908    25.4185     3.4791     4.9721     48.010    151.528    155.379    0.00301    7.24667   10.35622  315.61403   16.22148 1.0365e+02     0.6898     0.2946    92.8988 0.0000e+00
        320 109.524452    0.02213     1.3283     79.697     20.189  51686.656    32.1238     4.7922     20.000     4.7906    25.4182     3.4864     4.9824     48.110    151.842    155.701    0.00309    7.24670   10.35628  315.61567   16.22155 9.2948e+01     0.7303     0.2877    93.0602 0.0000e+00
        324 109.524464    0.02241     1.3446     80.675     21.201  51687.784    32.1240     4.7919     21.000     4.7905    25.4184     3.4952     4.9950     48.232    152.228    156.097    0.00301    7.24673   10.35632  315.61686   16.22162 8.3287e+01     0.7893     0.2892    93.0243 0.0000e+00
        327 109.524474    0.02267     1.3599     81.595     22.208  51688.364    32.1239     4.7921     22.000     4.7905    25.4183     3.5051     5.0091     48.368    152.657    156.537    0.00334    7.24672   10.35627  315.61585   16.22156 7.7276e+01     0.8838     0.2963    92.8595 0.0000e+00
        331 109.524485    0.02292     1.3753     82.517     23.220  51688.964    32.1239     4.7920     23.000     4.7903    25.4182     3.5139     5.0217     48.489    153.040    156.930    0.00336    7.24672   10.35629  315.61636   16.22159 7.1583e+01     0.8580     0.2922    92.9566 0.0000e+00
        335 109.524496    0.02317     1.3904     83.426     24.225  51690.180    32.1242     4.7920     24.000     4.7902    25.4185     3.5226     5.0342     48.610    153.420    157.320    0.00348    7.24671   10.35628  315.61586   16.22157 6.3599e+01     0.9933     0.2939    92.9146 0.0000e+00
        339 109.524507    0.02344     1.4068     84.408     25.236  51689.606    32.1232     4.7918     25.000     4.7898    25.4178     3.5314     5.0466     48.730    153.801    157.710    0.00323    7.24680   10.35640  315.61958   16.22175 5.6599e+01     0.8536     0.2908    92.9888 0.0000e+00
        343 109.524519    0.02374     1.4242     85.453     26.248  51691.187    32.1237     4.7914     26.000     4.7896    25.4182     3.5402     5.0594     48.852    154.188    158.107    0.00339    7.24683   10.35645  315.62113   16.22182 5.0764e+01     0.7512     0.2994    92.7866 0.0000e+00
        347 109.524531    0.02402     1.4412     86.472     27.255  51691.830    32.1236     4.7915     27.000     4.7895    25.4182     3.5506     5.0741     48.995    154.640    158.570    0.00331    7.24683   10.35645  315.62103   16.22181 4.5228e+01     0.9661     0.2956    92.8753 0.0000e+00
        351 109.524543    0.02431     1.4587     87.519     28.267  51692.157    32.1234     4.7914     28.000     4.7894    25.4180     3.5609     5.0890     49.138    155.090    159.032    0.00347    7.24686   10.35649  315.62226   16.22187 3.7517e+01     0.8982     0.2943    92.9078 0.0000e+00
        355 109.524555    0.02459     1.4754     88.526     29.277  51693.353    32.1237     4.7915     29.000     4.7894    25.4182     3.5696     5.1014     49.258    155.468    159.420    0.00345    7.24683   10.35645  315.62091   16.22181 3.3189e+01     0.9474     0.2879    93.0573 0.0000e+00
        359 109.524566    0.02486     1.4916     89.495     30.286  51694.245    32.1239     4.7916     30.000     4.7895    25.4183     3.5766     5.1114     49.355    155.773    159.733    0.00301    7.24681   10.35641  315.61979   16.22175 2.8930e+01     1.0810     0.2895    93.0182 0.0000e+00
        363 109.524577    0.02513     1.5077     90.465     31.298  51694.586    32.1235     4.7916     31.000     4.7894    25.4181     3.5836     5.1214     49.452    156.080    160.048    0.00305    7.24682   10.35642  315.62028   16.22178 2.4799e+01     0.9224     0.2847    93.1284 0.0000e+00
        366 109.524587    0.02538     1.5228     91.367     32.304  51694.928    32.1233     4.7916     32.000     4.7893    25.4179     3.5885     5.1284     49.519    156.292    160.264    0.00267    7.24683   10.35645  315.62113   16.22182 2.0792e+01     1.0052     0.2986    92.8063 0.0000e+00
        370 109.524598    0.02562     1.5375     92.249     33.315  51696.669    32.1240     4.7916     33.000     4.7893    25.4185     3.5966     5.1399     49.630    156.644    160.626    0.00285    7.24681   10.35640  315.61964   16.22175 1.9238e+01     0.9347     0.2891    93.0281 0.0000e+00
        374 109.524608    0.02587     1.5523     93.138     34.320  51696.936    32.1237     4.7919     34.000     4.7895    25.4182     3.6003     5.1452     49.682    156.805    160.791    0.00243    7.24677   10.35635  315.61821   16.22168 1.7589e+01     0.8264     0.2951    92.8874 0.0000e+00
        378 109.524620    0.02615     1.5692     94.151     35.331  51697.725    32.1238     4.7921     35.000     4.7898    25.4183     3.6118     5.1617     49.841    157.307    161.306    0.00294    7.24672   10.35629  315.61613   16.22158 1.5621e+01     0.6764     0.2855    93.1122 0.0000e+00
        382 109.524633    0.02647     1.5882     95.289     36.344  51697.858    32.1234     4.7924     36.000     4.7899    25.4180     3.6165     5.1683     49.906    157.510    161.514    0.00258    7.24667   10.35623  315.61436   16.22150 1.4398e+01     0.8594     0.2797    93.2466 0.0000e+00
        387 109.524646    0.02678     1.6066     96.399     37.354  51698.715    32.1236     4.7926     37.000     4.7900    25.4181     3.6243     5.1795     50.014    157.849    161.862    0.00233    7.24664   10.35617  315.61250   16.22140 1.3894e+01     0.8274     0.2836    93.1560 0.0000e+00
        391 109.524657    0.02705     1.6232     97.391     38.363  51698.767    32.1232     4.7927     38.000     4.7899    25.4177     3.6328     5.1916     50.131    158.219    162.241    0.00278    7.24666   10.35619  315.61336   16.22145 1.2294e+01     0.8496     0.2804    93.2305 0.0000e+00
        394 109.524668    0.02731     1.6385     98.309     39.372  51699.797    32.1234     4.7927     39.000     4.7899    25.4179     3.6333     5.1923     50.138    158.242    162.263    0.00193    7.24664   10.35617  315.61278   16.22142 1.0893e+01     0.7491     0.2893    93.0224 0.0000e+00
        398 109.524679    0.02756     1.6538     99.227     40.379  51700.765    32.1235     4.7927     40.000     4.7898    25.4180     3.6406     5.2027     50.238    158.557    162.587    0.00211    7.24663   10.35616  315.61222   16.22140 9.8820e+00     0.8682     0.2923    92.9519 0.0000e+00
        402 109.524690    0.02784     1.6701    100.203     41.393  51701.840    32.1238     4.7927     41.000     4.7899    25.4182     3.6441     5.2077     50.286    158.710    162.743    0.00200    7.24661   10.35612  315.61131   16.22135 9.0453e+00     0.8481     0.2907    92.9901 0.0000e+00
        406 109.524701    0.02810     1.6859    101.152     42.400  51701.749    32.1232     4.7928     42.000     4.7898    25.4178     3.6513     5.2182     50.387    159.027    163.069    0.00194    7.24663   10.35616  315.61226   16.22140 7.7506e+00     0.7498     0.2853    93.1178 0.0000e+00
        409 109.524712    0.02836     1.7016    102.098     43.409  51702.299    32.1231     4.7928     43.000     4.7896    25.4177     3.6602     5.2309     50.510    159.416    163.468    0.00259    7.24663   10.35616  315.61255   16.22141 6.6829e+00     0.9157     0.2726    93.4131 0.0000e+00
        413 109.524723    0.02863     1.7180    103.083     44.420  51704.394    32.1240     4.7927     44.000     4.7896    25.4185     3.6566     5.2256     50.460    159.256    163.304    0.00139    7.24661   10.35614  315.61140   16.22136 6.0058e+00     0.7902     0.2719    93.4286 0.0000e+00
        417 109.524735    0.02892     1.7353    104.119     45.428  51705.196    32.1240     4.7927     45.000     4.7895    25.4185     3.6516     5.2185     50.391    159.039    163.081    0.00024    7.24661   10.35613  315.61104   16.22134 5.1197e+00     0.7616     0.2662    93.5622 0.0000e+00
        422 109.524748    0.02923     1.7538    105.230     46.442  51705.479    32.1237     4.7928     46.000     4.7895    25.4183     3.6661     5.2392     50.590    159.669    163.727    0.00167    7.24661   10.35613  315.61109   16.22134 4.3899e+00     0.8809     0.2753    93.3501 0.0000e+00
        426 109.524760    0.02951     1.7708    106.249     47.452  51706.383    32.1238     4.7927     47.000     4.7894    25.4183     3.6647     5.2372     50.572    159.609    163.667    0.00104    7.24660   10.35612  315.61095   16.22133 3.7325e+00     0.8738     0.2791    93.2611 0.0000e+00
        430 109.524770    0.02977     1.7861    107.165     48.457  51706.550    32.1235     4.7928     48.000     4.7894    25.4181     3.6784     5.2568     50.761    160.206    164.278    0.00188    7.24661   10.35614  315.61155   16.22137 3.2634e+00     0.8618     0.2945    92.9010 0.0000e+00
        433 109.524781    0.03003     1.8017    108.103     49.468  51707.511    32.1236     4.7928     49.000     4.7893    25.4181     3.6834     5.2639     50.829    160.422    164.498    0.00238    7.24659   10.35611  315.61067   16.22132 2.8194e+00     0.9508     0.2817    93.1982 0.0000e+00
        437 109.524792    0.03030     1.8176    109.056     50.478  51708.382    32.1237     4.7929     50.000     4.7894    25.4183     3.6821     5.2621     50.811    160.367    164.443    0.00123    7.24657   10.35608  315.60978   16.22128 2.4211e+00     0.7673     0.2814    93.2069 0.0000e+00
        441 109.524803    0.03056     1.8335    110.009     51.487  51708.803    32.1235     4.7931     51.000     4.7893    25.4181     3.6838     5.2645     50.835    160.439    164.517    0.00117    7.24657   10.35607  315.60953   16.22127 2.1433e+00     0.8319     0.3039    92.6843 0.0000e+00
        445 109.524815    0.03082     1.8496    110.976     52.498  51710.005    32.1239     4.7929     52.000     4.7892    25.4183     3.6879     5.2704     50.892    160.619    164.702    0.00105    7.24658   10.35608  315.60986   16.22128 1.9156e+00     0.9410     0.2910    92.9847 0.0000e+00
        449 109.524826    0.03109     1.8658    111.946     53.506  51710.518    32.1238     4.7930     53.000     4.7893    25.4183     3.6887     5.2715     50.903    160.653    164.737    0.00093    7.24656   10.35606  315.60913   16.22125 1.7222e+00     0.8559     0.2894    93.0203 0.0000e+00
