CTD-processing/allCTD/CNV/2017_11-07_t9_s04_cast109_4141.cnv
* Sea-Bird SBE19plus Data File:
* FileName = C:\Users\Kim.Powell\Desktop\Not Processed\2017\2017_11-07_AlongBay,T9_4141\2017_11-07_TRANSECT_STATION_cast109.hex
* Software Version 1.59
* Temperature SN =  4141
* Conductivity SN =  4141
* System UpLoad Time = Nov 09 2017 10:42:32
** 2017_11-07
** Station: 9-04
** Start Time: 15:17
** Depth (m): 97.5
** Comment: Edgecumbe
** Comment: CTD time 1 hr off for daylight savings time
# nquan = 27
# nvalues = 80                          
# units = specified
# name 0 = scan: Scan Count
# name 1 = timeJ: Julian Days
# name 2 = timeH: Time, Elapsed [hours]
# name 3 = timeM: Time, Elapsed [minutes]
# name 4 = timeS: Time, Elapsed [seconds]
# name 5 = prdM: Pressure, Strain Gauge [db]
# name 6 = specc: Specific Conductance [uS/cm]
# name 7 = sal00: Salinity, Practical [PSU]
# name 8 = tv290C: Temperature [ITS-90, deg C]
# name 9 = depSM: Depth [salt water, m], lat = 59.00
# name 10 = potemp090C: Potential Temperature [ITS-90, deg C]
# name 11 = sigma-é00: Density [sigma-theta, kg/m^3]
# name 12 = sbeox0ML/L: Oxygen, SBE 43 [ml/l]
# name 13 = sbeox0Mg/L: Oxygen, SBE 43 [mg/l]
# name 14 = sbeox0PS: Oxygen, SBE 43 [% saturation]
# name 15 = sbox0Mm/Kg: Oxygen, SBE 43 [umol/kg]
# name 16 = sbeox0Mm/L: Oxygen, SBE 43 [umol/l]
# name 17 = sbox0dV/dT: Oxygen, SBE 43 [dov/dt]
# name 18 = oxsolML/L: Oxygen Saturation, Garcia & Gordon [ml/l]
# name 19 = oxsolMg/L: Oxygen Saturation, Garcia & Gordon [mg/l]
# name 20 = oxsolMm/Kg: Oxygen Saturation, Garcia & Gordon [umol/kg]
# name 21 = n2satMg/L: Nitrogen Saturation [mg/l]
# name 22 = par: PAR/Irradiance, Biospherical/Licor
# name 23 = wetStar: Fluorescence, WET Labs WETstar [mg/m^3]
# name 24 = CStarAt0: Beam Attenuation, WET Labs C-Star [1/m]
# name 25 = CStarTr0: Beam Transmission, WET Labs C-Star [%]
# name 26 = flag: flag
# span 0 =        310,        682       
# span 1 = 311.680409, 311.681485       
# span 2 =    0.02149,    0.04730       
# span 3 =     1.2895,     2.8381       
# span 4 =     77.371,    170.286       
# span 5 =      1.023,     80.763       
# span 6 =  48359.961,  48876.954       
# span 7 =    30.4740,    30.8847       
# span 8 =     8.3184,     8.9468       
# span 9 =      1.000,     80.000       
# span 10 =     8.3127,     8.9421      
# span 11 =    23.6765,    23.9138      
# span 12 =     2.7560,     2.7807      
# span 13 =     3.9385,     3.9739      
# span 14 =     41.144,     41.858      
# span 15 =    120.216,    121.286      
# span 16 =    123.080,    124.186      
# span 17 =   -0.00040,    0.00112      
# span 18 =    6.63736,    6.74851      
# span 19 =    9.48545,    9.64430      
# span 20 =  289.50699,  294.41761      
# span 21 =   14.98165,   15.21781      
# span 22 = 4.6458e-02, 1.6947e+02      
# span 23 =     0.3217,     0.8186      
# span 24 =     0.4800,     1.1692      
# span 25 =    74.6544,    88.6924      
# span 26 = 0.0000e+00, 0.0000e+00      
# interval = meters: 1                  
# start_time = Nov 07 2017 16:18:30 [Instrument's time stamp, header]
# bad_flag = -9.990e-29
*END*
        310 311.680409    0.02149     1.2895     77.371      1.023  48359.961    30.4740     8.3184      1.000     8.3127    23.6765     2.7771     3.9687     41.151    121.155    124.023    0.00043    6.74851    9.64430  294.41761   15.21781 1.6947e+02     0.6557     1.1643    74.7470 0.0000e+00
        315 311.680423    0.02182     1.3089     78.535      2.015  48436.136    30.5284     8.3297      2.000     8.3600    23.7175     2.7776     3.9695     41.184    121.174    124.048    0.00054    6.74441    9.63843  294.22704   15.20849 1.3101e+02     0.6406     1.1692    74.6544 0.0000e+00
        320 311.680437    0.02216     1.3297     79.784      3.032  48443.383    30.5437     8.4033      3.000     8.4201    23.7190     2.7712     3.9603     41.161    120.894    123.762    0.00023    6.73255    9.62148  293.70902   15.18369 1.1859e+02     0.7973     1.1587    74.8495 0.0000e+00
        325 311.680451    0.02249     1.3497     80.982      4.034  48415.823    30.5277     8.4284      4.000     8.4306    23.7028     2.7687     3.9568     41.144    120.789    123.651   -0.00022    6.72943    9.61702  293.57757   15.17748 9.0658e+01     0.7155     1.1407    75.1875 0.0000e+00
        330 311.680466    0.02286     1.3714     82.285      5.051  48482.984    30.5766     8.4448      5.000     8.4704    23.7387     2.7671     3.9544     41.147    120.712    123.578   -0.00002    6.72481    9.61043  293.36593   15.16717 8.0845e+01     0.8186     1.1337    75.3203 0.0000e+00
        335 311.680480    0.02318     1.3911     83.464      6.053  48590.429    30.6648     8.5387      6.000     8.5777    23.7941     2.7626     3.9480     41.191    120.510    123.377    0.00023    6.70678    9.58466  292.56352   15.12849 6.1721e+01     0.6395     1.0925    76.1023 0.0000e+00
        340 311.680496    0.02356     1.4137     84.821      7.071  48638.567    30.7089     8.6138      7.000     8.6598    23.8176     2.7636     3.9495     41.288    120.554    123.425    0.00112    6.69356    9.56575  291.97966   15.10042 5.5223e+01     0.6260     1.0281    77.3371 0.0000e+00
        345 311.680510    0.02391     1.4346     86.073      8.076  48669.649    30.7488     8.7450      8.000     8.7685    23.8296     2.7560     3.9385     41.305    120.216    123.080    0.00084    6.67215    9.53517  291.04277   15.05550 3.7801e+01     0.5333     0.9093    79.6702 0.0000e+00
        350 311.680524    0.02425     1.4547     87.280      9.085  48639.259    30.7325     8.7830      9.000     8.7862    23.8112     2.7572     3.9403     41.355    120.273    123.136    0.00092    6.66718    9.52806  290.83106   15.04545 2.7429e+01     0.4764     0.8584    80.6888 0.0000e+00
        355 311.680537    0.02456     1.4740     88.442     10.093  48638.851    30.7329     8.7906     10.000     8.7916    23.8103     2.7583     3.9418     41.378    120.320    123.185    0.00073    6.66602    9.52641  290.78106   15.04307 1.9191e+01     0.4946     0.8299    81.2643 0.0000e+00
        360 311.680552    0.02490     1.4939     89.632     11.105  48656.544    30.7456     8.7964     11.000     8.8020    23.8195     2.7588     3.9426     41.395    120.341    123.208    0.00059    6.66460    9.52439  290.71655   15.03993 1.6017e+01     0.4310     0.8117    81.6333 0.0000e+00
        364 311.680564    0.02522     1.5129     90.772     12.114  48663.822    30.7525     8.8114     12.000     8.8141    23.8225     2.7599     3.9441     41.426    120.388    123.256    0.00059    6.66208    9.52078  290.60537   15.03459 1.3829e+01     0.4996     0.7623    82.6483 0.0000e+00
        369 311.680578    0.02554     1.5321     91.923     13.122  48666.663    30.7551     8.8197     13.000     8.8207    23.8234     2.7569     3.9398     41.390    120.257    123.122    0.00007    6.66072    9.51884  290.54600   15.03175 1.3836e+01     0.5341     0.7431    83.0471 0.0000e+00
        373 311.680590    0.02584     1.5507     93.045     14.133  48665.120    30.7541     8.8234     14.000     8.8228    23.8222     2.7571     3.9401     41.396    120.265    123.130   -0.00010    6.66022    9.51812  290.52464   15.03073 9.3642e+00     0.4679     0.7250    83.4234 0.0000e+00
        378 311.680605    0.02617     1.5702     94.211     15.143  48662.088    30.7519     8.8257     15.000     8.8228    23.8200     2.7578     3.9412     41.409    120.298    123.164    0.00010    6.65997    9.51776  290.51415   15.03024 6.3708e+00     0.6905     0.7133    83.6668 0.0000e+00
        382 311.680617    0.02648     1.5887     95.324     16.150  48668.208    30.7553     8.8224     16.000     8.8221    23.8232     2.7587     3.9424     41.420    120.335    123.202    0.00005    6.66033    9.51827  290.52879   15.03092 6.6993e+00     0.4053     0.7338    83.2407 0.0000e+00
        387 311.680631    0.02680     1.6078     96.469     17.163  48673.551    30.7590     8.8254     17.000     8.8262    23.8257     2.7594     3.9435     41.434    120.367    123.235    0.00015    6.65971    9.51740  290.50134   15.02960 4.6460e+00     0.6011     0.7287    83.3451 0.0000e+00
        391 311.680643    0.02710     1.6259     97.555     18.168  48681.274    30.7650     8.8324     18.000     8.8329    23.8293     2.7567     3.9396     41.402    120.249    123.115   -0.00025    6.65840    9.51553  290.44322   15.02680 3.6232e+00     0.4653     0.6966    84.0170 0.0000e+00
        396 311.680656    0.02741     1.6447     98.683     19.183  48683.541    30.7668     8.8373     19.000     8.8370    23.8300     2.7567     3.9397     41.408    120.253    123.118   -0.00020    6.65761    9.51438  290.40815   15.02512 3.6234e+00     0.5469     0.6822    84.3192 0.0000e+00
        400 311.680668    0.02770     1.6620     99.721     20.185  48685.263    30.7679     8.8395     20.000     8.8385    23.8306     2.7578     3.9411     41.425    120.296    123.163    0.00006    6.65722    9.51384  290.39133   15.02431 3.5569e+00     0.4483     0.6817    84.3309 0.0000e+00
        405 311.680682    0.02805     1.6826    100.956     21.207  48676.125    30.7612     8.8406     21.000     8.8358    23.8252     2.7596     3.9437     41.451    120.374    123.242    0.00015    6.65735    9.51402  290.39852   15.02468 2.9888e+00     0.3713     0.6601    84.7867 0.0000e+00
        409 311.680695    0.02835     1.7011    102.063     22.205  48687.463    30.7683     8.8370     22.000     8.8367    23.8312     2.7612     3.9460     41.474    120.444    123.314    0.00029    6.65759    9.51436  290.40713   15.02506 1.6478e+00     0.4741     0.6681    84.6188 0.0000e+00
        414 311.680709    0.02868     1.7208    103.248     23.225  48693.822    30.7731     8.8430     23.000     8.8434    23.8341     2.7609     3.9456     41.477    120.433    123.304    0.00016    6.65648    9.51278  290.35803   15.02269 1.1628e+00     0.3688     0.6511    84.9771 0.0000e+00
        418 311.680721    0.02897     1.7380    104.280     24.222  48706.256    30.7823     8.8497     24.000     8.8499    23.8404     2.7589     3.9428     41.456    120.346    123.215   -0.00012    6.65508    9.51078  290.29520   15.01965 7.6795e-01     0.5133     0.6068    85.9255 0.0000e+00
        423 311.680735    0.02931     1.7584    105.502     25.241  48703.743    30.7807     8.8535     25.000     8.8512    23.8385     2.7619     3.9470     41.504    120.474    123.346    0.00022    6.65458    9.51006  290.27393   15.01865 6.6783e-01     0.6215     0.5781    86.5442 0.0000e+00
        427 311.680748    0.02961     1.7766    106.594     26.245  48704.760    30.7810     8.8539     26.000     8.8512    23.8387     2.7604     3.9449     41.482    120.410    123.280    0.00006    6.65452    9.50997  290.27110   15.01851 5.5780e-01     0.6619     0.5665    86.7952 0.0000e+00
        432 311.680761    0.02992     1.7954    107.722     27.257  48706.126    30.7815     8.8539     27.000     8.8511    23.8392     2.7613     3.9462     41.495    120.448    123.319   -0.00006    6.65450    9.50994  290.27011   15.01846 4.6722e-01     0.4315     0.5648    86.8324 0.0000e+00
        436 311.680774    0.03024     1.8145    108.873     28.265  48706.419    30.7813     8.8539     28.000     8.8511    23.8390     2.7636     3.9495     41.531    120.550    123.424    0.00037    6.65450    9.50994  290.27012   15.01846 3.9427e-01     0.5479     0.5561    87.0208 0.0000e+00
        441 311.680787    0.03057     1.8340    110.038     29.278  48706.531    30.7809     8.8540     29.000     8.8512    23.8388     2.7608     3.9455     41.488    120.427    123.298   -0.00022    6.65449    9.50994  290.27013   15.01846 3.6816e-01     0.6915     0.5530    87.0872 0.0000e+00
        446 311.680800    0.03087     1.8523    111.140     30.283  48709.488    30.7827     8.8546     30.000     8.8519    23.8401     2.7626     3.9480     41.516    120.504    123.377    0.00003    6.65435    9.50972  290.26318   15.01812 3.1131e-01     0.5385     0.5478    87.2025 0.0000e+00
        450 311.680814    0.03121     1.8727    112.359     31.299  48710.085    30.7827     8.8551     31.000     8.8516    23.8400     2.7644     3.9506     41.543    120.583    123.457    0.00012    6.65426    9.50959  290.25936   15.01794 2.6335e-01     0.5168     0.5485    87.1857 0.0000e+00
        455 311.680827    0.03152     1.8908    113.448     32.302  48711.997    30.7835     8.8544     32.000     8.8511    23.8408     2.7646     3.9508     41.545    120.590    123.465    0.00022    6.65433    9.50971  290.26248   15.01809 2.3788e-01     0.5187     0.5313    87.5608 0.0000e+00
        460 311.680841    0.03186     1.9116    114.693     33.317  48710.822    30.7822     8.8544     33.000     8.8510    23.8398     2.7660     3.9529     41.567    120.655    123.531    0.00012    6.65440    9.50980  290.26552   15.01824 2.0545e-01     0.4918     0.5369    87.4399 0.0000e+00
        464 311.680855    0.03217     1.9306    115.833     34.323  48712.999    30.7833     8.8543     34.000     8.8508    23.8407     2.7663     3.9533     41.572    120.667    123.544    0.00028    6.65435    9.50974  290.26325   15.01813 1.8238e-01     0.6498     0.5299    87.5926 0.0000e+00
        469 311.680868    0.03250     1.9501    117.007     35.334  48715.285    30.7845     8.8542     35.000     8.8506    23.8415     2.7667     3.9540     41.578    120.686    123.564   -0.00000    6.65432    9.50969  290.26177   15.01805 1.6333e-01     0.5136     0.5012    88.2232 0.0000e+00
        474 311.680882    0.03284     1.9700    118.199     36.340  48716.635    30.7850     8.8542     36.000     8.8505    23.8420     2.7653     3.9517     41.555    120.619    123.495   -0.00016    6.65430    9.50965  290.26056   15.01799 1.5055e-01     0.4132     0.4850    88.5802 0.0000e+00
        479 311.680898    0.03321     1.9924    119.545     37.359  48716.560    30.7845     8.8540     37.000     8.8501    23.8416     2.7685     3.9564     41.605    120.761    123.641    0.00023    6.65435    9.50973  290.26295   15.01811 1.3392e-01     0.4110     0.4891    88.4906 0.0000e+00
        483 311.680910    0.03350     2.0103    120.620     38.356  48719.137    30.7859     8.8542     38.000     8.8509    23.8427     2.7679     3.9556     41.595    120.735    123.614    0.00011    6.65426    9.50960  290.25858   15.01789 1.1901e-01     0.3475     0.4845    88.5928 0.0000e+00
        489 311.680925    0.03387     2.0320    121.919     39.377  48721.146    30.7871     8.8556     39.000     8.8521    23.8435     2.7680     3.9557     41.599    120.740    123.618   -0.00000    6.65400    9.50924  290.24738   15.01735 1.0757e-01     0.3622     0.4802    88.6876 0.0000e+00
        493 311.680938    0.03417     2.0501    123.007     40.373  48721.040    30.7867     8.8565     40.000     8.8525    23.8430     2.7700     3.9586     41.630    120.829    123.709    0.00019    6.65389    9.50907  290.24233   15.01711 9.9351e-02     0.4636     0.4800    88.6924 0.0000e+00
        498 311.680953    0.03453     2.0718    124.309     41.399  48722.183    30.7871     8.8567     41.000     8.8529    23.8433     2.7680     3.9558     41.601    120.742    123.621   -0.00008    6.65385    9.50901  290.24047   15.01703 9.2020e-02     0.4063     0.4840    88.6034 0.0000e+00
        503 311.680965    0.03483     2.0898    125.391     42.395  48731.261    30.7935     8.8598     42.000     8.8581    23.8478     2.7677     3.9554     41.601    120.726    123.606   -0.00021    6.65311    9.50795  290.20690   15.01539 8.6673e-02     0.5985     0.4986    88.2795 0.0000e+00
        508 311.680980    0.03520     2.1117    126.702     43.423  48749.159    30.8066     8.8677     43.000     8.8701    23.8570     2.7678     3.9554     41.612    120.729    123.609    0.00006    6.65136    9.50546  290.12808   15.01158 7.8665e-02     0.3217     0.5025    88.1944 0.0000e+00
        512 311.680992    0.03548     2.1287    127.722     44.414  48758.595    30.8150     8.8832     44.000     8.8840    23.8612     2.7680     3.9556     41.631    120.734    123.615    0.00005    6.64871    9.50167  290.01123   15.00596 7.4971e-02     0.4017     0.5555    87.0337 0.0000e+00
        517 311.681007    0.03582     2.1493    128.961     45.433  48757.397    30.8149     8.8918     45.000     8.8899    23.8599     2.7684     3.9564     41.647    120.758    123.639    0.00021    6.64742    9.49983  289.95562   15.00330 6.9177e-02     0.4189     0.5725    86.6647 0.0000e+00
        521 311.681020    0.03613     2.1681    130.087     46.437  48766.736    30.8221     8.8994     46.000     8.8976    23.8644     2.7672     3.9546     41.638    120.703    123.584 9.2782e-08    6.64598    9.49777  289.89146   15.00021 6.6058e-02     0.4047     0.5907    86.2725 0.0000e+00
        526 311.681033    0.03646     2.1875    131.250     47.450  48763.557    30.8200     8.9035     47.000     8.8990    23.8622     2.7665     3.9536     41.630    120.673    123.552   -0.00024    6.64546    9.49703  289.86952   14.99917 6.3910e-02     0.4458     0.5990    86.0928 0.0000e+00
        530 311.681046    0.03677     2.2062    132.374     48.459  48773.176    30.8266     8.9057     48.000     8.9041    23.8670     2.7701     3.9587     41.687    120.828    123.711    0.00046    6.64486    9.49617  289.84164   14.99781 6.0677e-02     0.4464     0.6009    86.0513 0.0000e+00
        535 311.681059    0.03709     2.2253    133.520     49.466  48771.250    30.8258     8.9121     49.000     8.9080    23.8654     2.7680     3.9558     41.663    120.739    123.620   -0.00000    6.64394    9.49486  289.80213   14.99593 5.8719e-02     0.3398     0.6345    85.3316 0.0000e+00
        540 311.681073    0.03743     2.2456    134.736     50.482  48771.536    30.8257     8.9133     50.000     8.9080    23.8651     2.7698     3.9584     41.691    120.819    123.702    0.00017    6.64378    9.49461  289.79494   14.99558 5.7206e-02     0.4617     0.6294    85.4396 0.0000e+00
        544 311.681086    0.03773     2.2639    135.835     51.484  48773.021    30.8261     8.9119     51.000     8.9053    23.8657     2.7701     3.9588     41.694    120.832    123.715    0.00018    6.64397    9.49490  289.80327   14.99598 5.5748e-02     0.3674     0.6090    85.8785 0.0000e+00
        549 311.681100    0.03807     2.2840    137.041     52.498  48780.024    30.8303     8.9099     52.000     8.9046    23.8693     2.7679     3.9556     41.660    120.734    123.616   -0.00024    6.64409    9.49506  289.80737   14.99616 5.3787e-02     0.4292     0.5916    86.2513 0.0000e+00
        554 311.681114    0.03839     2.3038    138.227     53.511  48785.158    30.8336     8.9108     53.000     8.9064    23.8718     2.7686     3.9565     41.671    120.761    123.644   -0.00022    6.64381    9.49467  289.79449   14.99552 5.2505e-02     0.4179     0.5957    86.1642 0.0000e+00
