CTD-processing/allCTD/CNV/2017_04-18_t6_s20_cast089_4141.cnv
* Sea-Bird SBE19plus Data File:
* FileName = P:\My Documents\kasitsna\Research-KBL\Oceanography-AK\CTD-Data-ALL-to-2017-02\2017-CTD-KachemakBay-CookInlet\2017-04-18-CookInlet-Tran6-Douglas\2017-04-18-CookInlet-Tran6-cast089.hex
* Software Version 1.59
* Temperature SN =  4141
* Conductivity SN =  4141
* System UpLoad Time = Apr 18 2017 23:08:05
** Cook Inlet LTM Transect 6 Douglas east to west
** Date: (YYYY-MM-DD): 2017-04-18
** Station: (eg. 9-01): 6-20
** Start time (AKDT): 19:16
** Depth (m): 176.8
** Comment: R/V Alaska Dreamcatcher
** Comment:
# nquan = 27
# nvalues = 173                         
# units = specified
# name 0 = scan: Scan Count
# name 1 = timeJ: Julian Days
# name 2 = timeH: Time, Elapsed [hours]
# name 3 = timeM: Time, Elapsed [minutes]
# name 4 = timeS: Time, Elapsed [seconds]
# name 5 = prdM: Pressure, Strain Gauge [db]
# name 6 = specc: Specific Conductance [uS/cm]
# name 7 = sal00: Salinity, Practical [PSU]
# name 8 = tv290C: Temperature [ITS-90, deg C]
# name 9 = depSM: Depth [salt water, m], lat = 59.00
# name 10 = potemp090C: Potential Temperature [ITS-90, deg C]
# name 11 = sigma-é00: Density [sigma-theta, kg/m^3]
# name 12 = sbeox0ML/L: Oxygen, SBE 43 [ml/l]
# name 13 = sbeox0Mg/L: Oxygen, SBE 43 [mg/l]
# name 14 = sbeox0PS: Oxygen, SBE 43 [% saturation]
# name 15 = sbox0Mm/Kg: Oxygen, SBE 43 [umol/kg]
# name 16 = sbeox0Mm/L: Oxygen, SBE 43 [umol/l]
# name 17 = sbox0dV/dT: Oxygen, SBE 43 [dov/dt]
# name 18 = oxsolML/L: Oxygen Saturation, Garcia & Gordon [ml/l]
# name 19 = oxsolMg/L: Oxygen Saturation, Garcia & Gordon [mg/l]
# name 20 = oxsolMm/Kg: Oxygen Saturation, Garcia & Gordon [umol/kg]
# name 21 = n2satMg/L: Nitrogen Saturation [mg/l]
# name 22 = par: PAR/Irradiance, Biospherical/Licor
# name 23 = wetStar: Fluorescence, WET Labs WETstar [mg/m^3]
# name 24 = CStarAt0: Beam Attenuation, WET Labs C-Star [1/m]
# name 25 = CStarTr0: Beam Transmission, WET Labs C-Star [%]
# name 26 = flag: flag
# span 0 =         44,        921       
# span 1 = 108.803376, 108.805913       
# span 2 =    0.00298,    0.06387       
# span 3 =     0.1787,     3.8323       
# span 4 =     10.722,    229.937       
# span 5 =      1.006,    174.667       
# span 6 =  51558.910,  52135.914       
# span 7 =    32.1352,    32.4684       
# span 8 =     5.0851,     5.3177       
# span 9 =      1.000,    173.000       
# span 10 =     5.0837,     5.3069      
# span 11 =    25.3795,    25.6369      
# span 12 =     3.4788,     3.8904      
# span 13 =     4.9715,     5.5597      
# span 14 =     48.562,     54.461      
# span 15 =    151.514,    169.401      
# span 16 =    155.363,    173.744      
# span 17 =   -0.00103,    0.00465      
# span 18 =    7.14093,    7.19066      
# span 19 =   10.20510,   10.27617      
# span 20 =  310.94852,  313.15700      
# span 21 =   15.99805,   16.10405      
# span 22 = 3.6378e-02, 4.1139e+01      
# span 23 =     0.2881,     2.6761      
# span 24 =     0.0998,     2.1537      
# span 25 =    79.4127,    94.5683      
# span 26 = 0.0000e+00, 0.0000e+00      
# interval = meters: 1                  
# start_time = Apr 18 2017 19:16:41 [Instrument's time stamp, header]
# bad_flag = -9.990e-29
*END*
[from data line 54]
        460 108.804582    0.03190     1.9142    114.854     55.520  51886.262    32.3277     5.1716     55.000     5.1658    25.5386     3.8211     5.4608     53.282    166.402    170.652    0.00201    7.17148   10.24876  312.30237   16.06299 2.1016e-01     1.3686     0.2530    93.8706 0.0000e+00
        465 108.804596    0.03224     1.9346    116.076     56.542  51889.460    32.3287     5.1683     56.000     5.1632    25.5397     3.8156     5.4528     53.202    166.161    170.405    0.00052    7.17199   10.24950  312.32456   16.06404 1.9197e-01     1.3454     0.2534    93.8623 0.0000e+00
        469 108.804607    0.03251     1.9506    117.037     57.555  51895.290    32.3320     5.1673     57.000     5.1631    25.5425     3.8234     5.4640     53.310    166.500    170.753    0.00110    7.17199   10.24950  312.32385   16.06399 1.7597e-01     1.2067     0.2485    93.9721 0.0000e+00
        472 108.804615    0.03272     1.9629    117.777     58.556  51898.519    32.3336     5.1669     58.000     5.1617    25.5438     3.8270     5.4692     53.360    166.657    170.914    0.00144    7.17199   10.24949  312.32294   16.06395 1.6078e-01     1.1714     0.3868    90.8340 0.0000e+00
        475 108.804624    0.03292     1.9752    118.510     59.559  51915.661    32.3449     5.1669     59.000     5.1660    25.5528     3.8307     5.4745     53.417    166.819    171.082    0.00136    7.17144   10.24871  312.29647   16.06264 1.4763e-01     1.1351     0.2546    93.8269 0.0000e+00
        479 108.804635    0.03318     1.9910    119.459     60.565  51925.183    32.3529     5.1758     60.000     5.1776    25.5581     3.8338     5.4789     53.474    166.951    171.218    0.00154    7.16952   10.24597  312.21153   16.05857 1.3384e-01     1.2302     0.2624    93.6504 0.0000e+00
        485 108.804652    0.03360     2.0159    120.952     61.599  51915.568    32.3489     5.1895     61.000     5.1846    25.5534     3.8308     5.4746     53.447    166.820    171.083    0.00061    7.16740   10.24292  312.12019   16.05422 1.2244e-01     1.3167     0.2554    93.8137 0.0000e+00
        489 108.804663    0.03386     2.0315    121.889     62.608  51921.358    32.3522     5.1887     62.000     5.1852    25.5560     3.8323     5.4768     53.470    166.887    171.153    0.00041    7.16736   10.24288  312.11798   16.05411 1.1265e-01     1.3130     0.2736    93.3906 0.0000e+00
        491 108.804670    0.03403     2.0417    122.500     63.597  51932.549    32.3599     5.1915     63.000     5.1900    25.5620     3.8358     5.4817     53.524    167.037    171.306    0.00076    7.16651   10.24166  312.07910   16.05223 1.0242e-01     1.3044     0.2673    93.5356 0.0000e+00
        494 108.804680    0.03426     2.0551    123.308     64.601  51928.915    32.3578     5.1956     64.000     5.1918    25.5599     3.8435     5.4927     53.635    167.370    171.648    0.00148    7.16592   10.24082  312.05399   16.05104 9.3796e-02     1.3563     0.2572    93.7726 0.0000e+00
        499 108.804694    0.03459     2.0755    124.530     65.633  51926.941    32.3563     5.1973     65.000     5.1921    25.5585     3.8408     5.4889     53.600    167.255    171.530    0.00081    7.16572   10.24052  312.04533   16.05063 8.7580e-02     1.3394     0.2528    93.8755 0.0000e+00
        503 108.804704    0.03484     2.0905    125.428     66.644  51927.716    32.3562     5.1966     66.000     5.1907    25.5585     3.8386     5.4858     53.568    167.160    171.432   -0.00003    7.16583   10.24068  312.05042   16.05088 8.2251e-02     1.1974     0.2608    93.6894 0.0000e+00
        505 108.804712    0.03503     2.1017    126.099     67.639  51930.532    32.3573     5.1954     67.000     5.1887    25.5596     3.8430     5.4920     53.628    167.350    171.627    0.00047    7.16598   10.24091  312.05685   16.05118 7.7803e-02     1.3044     0.2576    93.7637 0.0000e+00
        508 108.804720    0.03522     2.1134    126.802     68.643  51934.597    32.3592     5.1932     68.000     5.1879    25.5613     3.8495     5.5014     53.717    167.634    171.919    0.00114    7.16625   10.24130  312.06795   16.05170 7.3533e-02     1.0752     0.2550    93.8226 0.0000e+00
        512 108.804731    0.03549     2.1293    127.761     69.657  51942.691    32.3647     5.1950     69.000     5.1931    25.5654     3.8491     5.5007     53.715    167.613    171.899    0.00085    7.16571   10.24052  312.04313   16.05050 6.7987e-02     1.2149     0.2545    93.8371 0.0000e+00
        517 108.804745    0.03582     2.1496    128.976     70.681  51947.246    32.3696     5.2051     70.000     5.2039    25.5681     3.8470     5.4977     53.701    167.525    171.808    0.00023    7.16373   10.23768  311.95593   16.04633 6.4368e-02     1.2842     0.2534    93.8623 0.0000e+00
        521 108.804756    0.03608     2.1647    129.881     71.691  51943.431    32.3675     5.2103     71.000     5.2067    25.5659     3.8525     5.5056     53.784    167.765    172.054    0.00085    7.16296   10.23658  311.92302   16.04476 6.0303e-02     1.3831     0.2619    93.6611 0.0000e+00
        523 108.804764    0.03628     2.1767    130.600     72.685  51949.191    32.3716     5.2131     72.000     5.2107    25.5689     3.8549     5.5089     53.821    167.865    172.157    0.00103    7.16228   10.23562  311.89280   16.04331 5.7859e-02     1.5581     0.2642    93.6067 0.0000e+00
        527 108.804773    0.03651     2.1904    131.422     73.691  51945.864    32.3697     5.2172     73.000     5.2124    25.5669     3.8545     5.5085     53.822    167.852    172.143    0.00064    7.16167   10.23473  311.86636   16.04206 5.4629e-02     1.4503     0.2676    93.5291 0.0000e+00
        532 108.804788    0.03685     2.2112    132.673     74.717  51943.800    32.3680     5.2180     74.000     5.2122    25.5655     3.8547     5.5088     53.825    167.860    172.151    0.00048    7.16163   10.23469  311.86544   16.04202 5.2383e-02     1.6042     0.2697    93.4797 0.0000e+00
        536 108.804799    0.03713     2.2283    133.695     75.731  51945.685    32.3688     5.2179     75.000     5.2127    25.5661     3.8554     5.5097     53.833    167.887    172.180    0.00007    7.16159   10.23463  311.86367   16.04194 4.9859e-02     1.3336     0.2753    93.3490 0.0000e+00
        539 108.804808    0.03734     2.2405    134.430     76.731  51949.558    32.3712     5.2189     76.000     5.2145    25.5679     3.8563     5.5110     53.849    167.929    172.222    0.00036    7.16131   10.23423  311.85081   16.04132 4.8550e-02     1.3481     0.2818    93.1986 0.0000e+00
        542 108.804817    0.03755     2.2529    135.174     77.735  51950.743    32.3719     5.2209     77.000     5.2166    25.5683     3.8627     5.5202     53.941    168.208    172.508    0.00082    7.16093   10.23368  311.83413   16.04052 4.7319e-02     1.2724     0.2699    93.4760 0.0000e+00
        545 108.804827    0.03780     2.2681    136.084     78.747  51951.303    32.3725     5.2239     78.000     5.2193    25.5684     3.8652     5.5238     53.981    168.317    172.621    0.00109    7.16039   10.23291  311.81059   16.03940 4.5569e-02     1.3856     0.2755    93.3447 0.0000e+00
        550 108.804840    0.03809     2.2855    137.128     79.766  51948.869    32.3706     5.2254     79.000     5.2190    25.5667     3.8604     5.5169     53.914    168.107    172.405    0.00006    7.16022   10.23267  311.80364   16.03907 4.4252e-02     1.5835     0.2635    93.6253 0.0000e+00
        553 108.804850    0.03834     2.3006    138.039     80.774  51959.335    32.3773     5.2252     80.000     5.2223    25.5720     3.8625     5.5199     53.945    168.197    172.498    0.00016    7.15995   10.23227  311.78995   16.03839 4.3216e-02     1.7218     0.2653    93.5827 0.0000e+00
        556 108.804859    0.03857     2.3141    138.846     81.781  51954.795    32.3747     5.2299     81.000     5.2204    25.5695     3.8682     5.5281     54.030    168.447    172.755    0.00083    7.15927   10.23133  311.76170   16.03706 4.2688e-02     1.5856     0.2786    93.2735 0.0000e+00
        560 108.804869    0.03880     2.3277    139.661     82.786  51957.980    32.3751     5.2239     82.000     5.2154    25.5705     3.8648     5.5232     53.976    168.299    172.602    0.00032    7.16027   10.23274  311.80468   16.03910 4.1695e-02     1.3790     0.2785    93.2744 0.0000e+00
        563 108.804880    0.03906     2.3435    140.609     83.797  51960.706    32.3755     5.2196     83.000     5.2113    25.5713     3.8650     5.5235     53.974    168.310    172.614   -0.00013    7.16098   10.23376  311.83552   16.04057 4.0600e-02     1.7182     0.2776    93.2959 0.0000e+00
        568 108.804892    0.03935     2.3611    141.665     84.812  51967.391    32.3789     5.2163     84.000     5.2091    25.5743     3.8670     5.5264     53.999    168.395    172.701    0.00024    7.16138   10.23433  311.85190   16.04134 4.0087e-02     1.8403     0.2759    93.3345 0.0000e+00
        572 108.804904    0.03963     2.3781    142.689     85.819  51975.742    32.3838     5.2146     85.000     5.2097    25.5785     3.8648     5.5231     53.967    168.296    172.601   -0.00029    7.16145   10.23444  311.85367   16.04140 3.9240e-02     1.7243     0.2556    93.8096 0.0000e+00
        576 108.804915    0.03991     2.3945    143.672     86.836  51987.967    32.3931     5.2212     86.000     5.2198    25.5851     3.8690     5.5291     54.037    168.477    172.788    0.00035    7.15987   10.23216  311.78262   16.03798 3.8754e-02     1.4476     0.2655    93.5775 0.0000e+00
        579 108.804924    0.04012     2.4074    144.446     87.844  51984.919    32.3921     5.2282     87.000     5.2245    25.5835     3.8687     5.5287     54.041    168.465    172.775    0.00035    7.15872   10.23052  311.73317   16.03563 3.8276e-02     1.3281     0.2700    93.4732 0.0000e+00
        582 108.804932    0.04032     2.4191    145.147     88.842  51987.322    32.3942     5.2323     88.000     5.2292    25.5846     3.8688     5.5289     54.049    168.471    172.782    0.00021    7.15793   10.22940  311.69856   16.03397 3.8177e-02     1.3230     0.2714    93.4386 0.0000e+00
        585 108.804942    0.04056     2.4336    146.015     89.849  51997.280    32.4023     5.2406     89.000     5.2404    25.5902     3.8699     5.5305     54.077    168.516    172.829    0.00031    7.15613   10.22682  311.61828   16.03011 3.7561e-02     1.4645     0.2810    93.2171 0.0000e+00
        591 108.804958    0.04094     2.4565    147.393     90.879  51990.889    32.4007     5.2556     90.000     5.2515    25.5872     3.8690     5.5291     54.084    168.477    172.788    0.00028    7.15365   10.22329  311.51150   16.02504 3.7069e-02     1.5682     0.2665    93.5550 0.0000e+00
        595 108.804970    0.04123     2.4739    148.437     91.897  51996.620    32.4055     5.2620     91.000     5.2585    25.5903     3.8664     5.5256     54.059    168.368    172.677   -0.00020    7.15233   10.22138  311.45272   16.02221 3.7236e-02     1.6541     0.2743    93.3713 0.0000e+00
        597 108.804977    0.04139     2.4834    149.001     92.889  51998.525    32.4071     5.2659     92.000     5.2624    25.5913     3.8665     5.5256     54.064    168.369    172.677   -0.00013    7.15159   10.22033  311.42017   16.02066 3.6750e-02     1.7351     0.2824    93.1840 0.0000e+00
        600 108.804985    0.04157     2.4942    149.652     93.885  51998.870    32.4079     5.2704     93.000     5.2659    25.5913     3.8714     5.5326     54.139    168.580    172.894    0.00038    7.15080   10.21921  311.38618   16.01904 3.6678e-02     1.4675     0.2871    93.0733 0.0000e+00
        604 108.804998    0.04189     2.5135    150.810     94.902  51998.907    32.4084     5.2747     94.000     5.2685    25.5912     3.8719     5.5333     54.152    168.603    172.918    0.00044    7.15004   10.21812  311.35293   16.01745 3.6444e-02     1.4718     0.2747    93.3637 0.0000e+00
        610 108.805015    0.04232     2.5391    152.348     95.932  52000.189    32.4093     5.2769     95.000     5.2709    25.5916     3.8654     5.5241     54.065    168.323    172.631   -0.00073    7.14960   10.21750  311.33391   16.01655 3.6395e-02     1.4496     0.2646    93.5994 0.0000e+00
        614 108.805025    0.04255     2.5532    153.193     96.942  52008.950    32.4153     5.2792     96.000     5.2767    25.5962     3.8676     5.5272     54.101    168.418    172.729   -0.00006    7.14892   10.21652  311.30273   16.01504 3.6404e-02     1.1747     0.2807    93.2223 0.0000e+00
        616 108.805033    0.04273     2.5636    153.818     97.930  52002.856    32.4118     5.2848     97.000     5.2787    25.5928     3.8673     5.5267     54.102    168.403    172.713   -0.00008    7.14816   10.21544  311.27034   16.01351 3.6734e-02     1.6158     0.2920    92.9595 0.0000e+00
        619 108.805042    0.04295     2.5768    154.607     98.934  52002.323    32.4111     5.2859     98.000     5.2782    25.5921     3.8724     5.5341     54.175    168.628    172.944    0.00033    7.14801   10.21522  311.26409   16.01321 3.6471e-02     1.3717     0.2958    92.8709 0.0000e+00
        625 108.805059    0.04335     2.6012    156.069     99.963  52004.919    32.4124     5.2855     99.000     5.2782    25.5931     3.8726     5.5343     54.177    168.633    172.949    0.00029    7.14800   10.21521  311.26357   16.01318 3.6378e-02     1.4831     0.2929    92.9390 0.0000e+00
        630 108.805073    0.04370     2.6223    157.337    100.978  52011.572    32.4168     5.2871    100.000     5.2824    25.5965     3.8634     5.5211     54.053    168.235    172.540   -0.00103    7.14752   10.21451  311.24144   16.01211 3.6382e-02     1.4389     0.2888    93.0368 0.0000e+00
        633 108.805082    0.04392     2.6350    158.099    101.977  52011.489    32.4172     5.2916    101.000     5.2857    25.5963     3.8674     5.5268     54.113    168.404    172.714   -0.00048    7.14675   10.21341  311.20775   16.01051 3.6381e-02     1.5916     0.2885    93.0402 0.0000e+00
        637 108.805092    0.04414     2.6485    158.907    102.981  52013.001    32.4184     5.2944    102.000     5.2885    25.5969     3.8705     5.5314     54.162    168.544    172.857    0.00022    7.14620   10.21264  311.18414   16.00938 3.6391e-02     1.5762     0.2948    92.8945 0.0000e+00
        641 108.805104    0.04443     2.6659    159.957    103.991  52017.493    32.4220     5.2989    103.000     5.2930    25.5992     3.8699     5.5304     54.160    168.515    172.829    0.00006    7.14528   10.21132  311.14307   16.00740 3.6383e-02     1.6207     0.2900    93.0057 0.0000e+00
        647 108.805120    0.04483     2.6899    161.392    105.017  52017.139    32.4221     5.3030    104.000     5.2954    25.5989     3.8671     5.5265     54.127    168.397    172.707   -0.00028    7.14458   10.21031  311.11246   16.00595 3.6382e-02     1.4983     0.2800    93.2391 0.0000e+00
        650 108.805131    0.04510     2.7061    162.368    106.028  52021.496    32.4247     5.3035    105.000     5.2960    25.6010     3.8651     5.5235     54.099    168.304    172.613   -0.00052    7.14436   10.21001  311.10280   16.00548 3.6382e-02     1.5806     0.2852    93.1177 0.0000e+00
        653 108.805140    0.04530     2.7181    163.084    107.023  52023.544    32.4258     5.3044    106.000     5.2972    25.6018     3.8626     5.5201     54.066    168.196    172.501   -0.00074    7.14416   10.20972  311.09362   16.00504 3.6382e-02     1.6001     0.2976    92.8307 0.0000e+00
        656 108.805149    0.04551     2.7307    163.842    108.027  52027.042    32.4280     5.3057    107.000     5.2983    25.6034     3.8700     5.5306     54.172    168.519    172.833    0.00007    7.14382   10.20924  311.07850   16.00430 3.6382e-02     1.6797     0.2926    92.9479 0.0000e+00
