CTD-processing/allCTD/CNV/2017_07-26_alongbay_portgraham_cast244_4141.cnv
* Sea-Bird SBE19plus Data File:
* FileName = C:\Users\Kim.Powell\Desktop\2017_07-26\2017_07-26_TRANSECT_STATION_cast244.hex
* Software Version 1.59
* Temperature SN =  4141
* Conductivity SN =  4141
* System UpLoad Time = Aug 04 2017 16:23:32
** 2017_07-26
** Transect: AlongBay
** Station: PortGraham
** Start Time: 10:46
** Depth(m): 64
** Comment:
** Comment:
# nquan = 27
# nvalues = 58                          
# units = specified
# name 0 = scan: Scan Count
# name 1 = timeJ: Julian Days
# name 2 = timeH: Time, Elapsed [hours]
# name 3 = timeM: Time, Elapsed [minutes]
# name 4 = timeS: Time, Elapsed [seconds]
# name 5 = prdM: Pressure, Strain Gauge [db]
# name 6 = specc: Specific Conductance [uS/cm]
# name 7 = sal00: Salinity, Practical [PSU]
# name 8 = tv290C: Temperature [ITS-90, deg C]
# name 9 = depSM: Depth [salt water, m], lat = 59.00
# name 10 = potemp090C: Potential Temperature [ITS-90, deg C]
# name 11 = sigma-é00: Density [sigma-theta, kg/m^3]
# name 12 = sbeox0ML/L: Oxygen, SBE 43 [ml/l]
# name 13 = sbeox0Mg/L: Oxygen, SBE 43 [mg/l]
# name 14 = sbeox0PS: Oxygen, SBE 43 [% saturation]
# name 15 = sbox0Mm/Kg: Oxygen, SBE 43 [umol/kg]
# name 16 = sbeox0Mm/L: Oxygen, SBE 43 [umol/l]
# name 17 = sbox0dV/dT: Oxygen, SBE 43 [dov/dt]
# name 18 = oxsolML/L: Oxygen Saturation, Garcia & Gordon [ml/l]
# name 19 = oxsolMg/L: Oxygen Saturation, Garcia & Gordon [mg/l]
# name 20 = oxsolMm/Kg: Oxygen Saturation, Garcia & Gordon [umol/kg]
# name 21 = n2satMg/L: Nitrogen Saturation [mg/l]
# name 22 = par: PAR/Irradiance, Biospherical/Licor
# name 23 = wetStar: Fluorescence, WET Labs WETstar [mg/m^3]
# name 24 = CStarAt0: Beam Attenuation, WET Labs C-Star [1/m]
# name 25 = CStarTr0: Beam Transmission, WET Labs C-Star [%]
# name 26 = flag: flag
# span 0 =         71,        561       
# span 1 = 207.449139, 207.450557       
# span 2 =    0.00489,    0.03892       
# span 3 =     0.2932,     2.3349       
# span 4 =     17.591,    140.094       
# span 5 =      1.016,     58.505       
# span 6 =  49666.089,  49781.410       
# span 7 =    31.5701,    31.6087       
# span 8 =     9.4546,     9.6042       
# span 9 =      1.000,     58.000       
# span 10 =     9.4559,     9.5424      
# span 11 =    24.3389,    24.3928      
# span 12 =     2.6363,     2.7295      
# span 13 =     3.7675,     3.9006      
# span 14 =     40.364,     41.798      
# span 15 =    114.934,    118.996      
# span 16 =    117.738,    121.899      
# span 17 =   -0.00045,    0.00170      
# span 18 =    6.51147,    6.53132      
# span 19 =    9.30554,    9.33391      
# span 20 =  283.89254,  284.74323      
# span 21 =   14.71039,   14.75092      
# span 22 = 6.9144e-02, 1.4113e+02      
# span 23 =     0.8825,     1.5470      
# span 24 =     0.3173,     1.6595      
# span 25 =    79.0939,    91.6516      
# span 26 = 0.0000e+00, 0.0000e+00      
# interval = meters: 1                  
# start_time = Jul 26 2017 10:46:28 [Instrument's time stamp, header]
# bad_flag = -9.990e-29
*END*
         71 207.449139    0.00489     0.2932     17.591      1.016  49666.089    31.5701     9.6042      1.000     9.5424    24.3389     2.6486     3.7852     40.677    115.478    118.289   -0.00010    6.51147    9.30554  283.89254   14.71039 1.4113e+02     0.8825     1.6595    79.0939 0.0000e+00
        277 207.449734    0.01918     1.1506     69.037      2.018  49749.486    31.6085     9.4546      2.000     9.4559    24.3928     2.6363     3.7675     40.364    114.934    117.738    0.00017    6.53132    9.33391  284.74323   14.75092 1.1545e+02     1.2891     0.3173    91.6516 0.0000e+00
        275 207.449727    0.01901     1.1407     68.441      3.032  49747.951    31.6075     9.4590      3.000     9.4586    24.3913     2.6390     3.7714     40.409    115.051    117.857    0.00025    6.53073    9.33307  284.71777   14.74971 8.9880e+01     1.2874     0.3725    91.1074 0.0000e+00
        279 207.449740    0.01932     1.1593     69.559      4.032  49750.179    31.6087     9.4592      4.000     9.4593    24.3922     2.6423     3.7762     40.461    115.198    118.008    0.00075    6.53067    9.33298  284.71473   14.74956 7.2568e+01     1.3188     0.3670    91.2334 0.0000e+00
        285 207.449756    0.01970     1.1821     70.925      5.051  49748.987    31.6076     9.4602      5.000     9.4597    24.3912     2.6437     3.7781     40.482    115.256    118.067    0.00048    6.53056    9.33282  284.71022   14.74935 6.1420e+01     1.3885     0.3674    91.2232 0.0000e+00
        290 207.449771    0.02007     1.2040     72.238      6.054  49749.592    31.6076     9.4604      6.000     9.4599    24.3912     2.6487     3.7852     40.558    115.474    118.290    0.00076    6.53052    9.33277  284.70881   14.74927 5.3639e+01     1.4391     0.3641    91.3010 0.0000e+00
        295 207.449786    0.02041     1.2244     73.464      7.071  49749.761    31.6073     9.4607      7.000     9.4597    24.3909     2.6548     3.7940     40.653    115.740    118.564    0.00170    6.53050    9.33274  284.70787   14.74923 4.7006e+01     1.4401     0.3658    91.2620 0.0000e+00
        300 207.449800    0.02077     1.2460     74.762      8.078  49750.197    31.6071     9.4604      8.000     9.4595    24.3909     2.6579     3.7984     40.699    115.876    118.703    0.00120    6.53056    9.33283  284.71052   14.74936 4.2109e+01     1.4850     0.3638    91.3065 0.0000e+00
        305 207.449814    0.02110     1.2659     75.951      9.074  49750.734    31.6071     9.4604      9.000     9.4591    24.3908     2.6613     3.8032     40.751    116.023    118.853    0.00104    6.53056    9.33284  284.71073   14.74938 3.7331e+01     1.4815     0.3629    91.3276 0.0000e+00
        311 207.449832    0.02153     1.2916     77.495     10.114  49752.130    31.6075     9.4598     10.000     9.4586    24.3913     2.6662     3.8103     40.827    116.239    119.074    0.00129    6.53063    9.33292  284.71322   14.74949 3.2461e+01     1.4907     0.3603    91.3847 0.0000e+00
        315 207.449844    0.02180     1.3077     78.461     11.086  49752.262    31.6072     9.4598     11.000     9.4586    24.3911     2.6703     3.8162     40.889    116.419    119.258    0.00145    6.53064    9.33294  284.71395   14.74953 2.8672e+01     1.4919     0.3689    91.1902 0.0000e+00
        323 207.449866    0.02234     1.3405     80.431     12.142  49752.671    31.6071     9.4601     12.000     9.4586    24.3910     2.6732     3.8202     40.932    116.541    119.384    0.00076    6.53060    9.33288  284.71227   14.74944 2.5168e+01     1.5044     0.3607    91.3764 0.0000e+00
        326 207.449876    0.02257     1.3543     81.261     13.111  49753.711    31.6073     9.4596     13.000     9.4581    24.3912     2.6784     3.8277     41.012    116.769    119.617    0.00146    6.53065    9.33295  284.71449   14.74955 2.1961e+01     1.5183     0.3622    91.3431 0.0000e+00
        332 207.449892    0.02296     1.3773     82.640     14.133  49754.669    31.6076     9.4596     14.000     9.4581    24.3914     2.6805     3.8308     41.045    116.862    119.712    0.00101    6.53065    9.33295  284.71411   14.74953 1.9153e+01     1.5264     0.3614    91.3624 0.0000e+00
        338 207.449910    0.02339     1.4035     84.211     15.149  49754.883    31.6073     9.4598     15.000     9.4581    24.3913     2.6819     3.8327     41.066    116.921    119.774    0.00063    6.53063    9.33293  284.71368   14.74951 1.6863e+01     1.5470     0.3630    91.3250 0.0000e+00
        342 207.449923    0.02370     1.4218     85.306     16.147  49755.463    31.6073     9.4598     16.000     9.4580    24.3912     2.6883     3.8417     41.163    117.198    120.057    0.00129    6.53064    9.33293  284.71375   14.74952 1.4496e+01     1.5442     0.3590    91.4161 0.0000e+00
        347 207.449938    0.02406     1.4437     86.625     17.161  49756.060    31.6073     9.4600     17.000     9.4581    24.3912     2.6865     3.8392     41.136    117.121    119.977    0.00050    6.53061    9.33289  284.71244   14.74946 1.2786e+01     1.5388     0.3592    91.4102 0.0000e+00
        353 207.449953    0.02442     1.4654     87.922     18.176  49756.153    31.6068     9.4594     18.000     9.4568    24.3909     2.6907     3.8453     41.201    117.305    120.166    0.00072    6.53072    9.33305  284.71734   14.74969 1.0978e+01     1.4960     0.3675    91.2232 0.0000e+00
        358 207.449967    0.02476     1.4857     89.140     19.178  49757.825    31.6074     9.4585     19.000     9.4563    24.3916     2.6919     3.8469     41.217    117.355    120.218    0.00063    6.53081    9.33319  284.72134   14.74988 9.6315e+00     1.5001     0.3631    91.3231 0.0000e+00
        363 207.449984    0.02515     1.5091     90.548     20.191  49758.695    31.6076     9.4584     20.000     9.4563    24.3917     2.6995     3.8579     41.335    117.688    120.559    0.00141    6.53082    9.33320  284.72165   14.74990 8.2347e+00     1.5076     0.3645    91.2906 0.0000e+00
        367 207.449995    0.02545     1.5268     91.605     21.195  49759.282    31.6076     9.4585     21.000     9.4563    24.3918     2.6956     3.8524     41.276    117.521    120.388    0.00042    6.53080    9.33317  284.72073   14.74985 7.1886e+00     1.5105     0.3668    91.2380 0.0000e+00
        373 207.450012    0.02584     1.5506     93.035     22.207  49759.990    31.6077     9.4587     22.000     9.4565    24.3918     2.7003     3.8590     41.347    117.724    120.595    0.00084    6.53077    9.33311  284.71922   14.74977 6.2556e+00     1.4996     0.3650    91.2784 0.0000e+00
        379 207.450028    0.02622     1.5733     94.399     23.225  49760.426    31.6076     9.4592     23.000     9.4567    24.3917     2.7015     3.8607     41.367    117.778    120.650    0.00052    6.53070    9.33303  284.71654   14.74965 5.3823e+00     1.4821     0.3757    91.0365 0.0000e+00
        383 207.450042    0.02656     1.5935     95.609     24.225  49760.752    31.6074     9.4591     24.000     9.4564    24.3915     2.7007     3.8596     41.354    117.742    120.614    0.00022    6.53074    9.33308  284.71796   14.74972 4.6991e+00     1.4972     0.3635    91.3143 0.0000e+00
        389 207.450058    0.02694     1.6162     96.970     25.238  49762.093    31.6079     9.4589     25.000     9.4563    24.3920     2.7001     3.8586     41.343    117.711    120.582   -0.00024    6.53074    9.33308  284.71797   14.74972 4.0540e+00     1.4679     0.3631    91.3247 0.0000e+00
        395 207.450074    0.02733     1.6400     98.398     26.250  49761.949    31.6074     9.4592     26.000     9.4563    24.3916     2.7073     3.8691     41.456    118.031    120.910    0.00097    6.53072    9.33305  284.71718   14.74968 3.5580e+00     1.4778     0.3655    91.2678 0.0000e+00
        400 207.450089    0.02769     1.6612     99.673     27.252  49762.399    31.6072     9.4590     27.000     9.4561    24.3915     2.7060     3.8671     41.435    117.972    120.849    0.00028    6.53074    9.33309  284.71825   14.74974 3.0479e+00     1.4839     0.3691    91.1858 0.0000e+00
        405 207.450104    0.02806     1.6834    101.001     28.262  49763.316    31.6075     9.4592     28.000     9.4561    24.3917     2.7043     3.8648     41.410    117.902    120.777   -0.00013    6.53072    9.33305  284.71720   14.74968 2.6714e+00     1.4835     0.3676    91.2201 0.0000e+00
        411 207.450123    0.02849     1.7097    102.584     29.288  49764.416    31.6078     9.4591     29.000     9.4563    24.3920     2.7079     3.8698     41.464    118.056    120.936    0.00045    6.53071    9.33303  284.71659   14.74966 2.3129e+00     1.4630     0.3668    91.2367 0.0000e+00
        415 207.450133    0.02875     1.7252    103.513     30.277  49764.641    31.6076     9.4600     30.000     9.4569    24.3917     2.7085     3.8708     41.475    118.084    120.965    0.00024    6.53059    9.33288  284.71177   14.74943 2.0070e+00     1.4688     0.3686    91.1969 0.0000e+00
        421 207.450151    0.02918     1.7504    105.023     31.303  49764.988    31.6074     9.4599     31.000     9.4563    24.3916     2.7095     3.8722     41.490    118.125    121.007    0.00036    6.53061    9.33290  284.71260   14.74946 1.7542e+00     1.4755     0.3632    91.3214 0.0000e+00
        426 207.450165    0.02951     1.7706    106.236     32.294  49765.646    31.6074     9.4597     32.000     9.4562    24.3917     2.7093     3.8718     41.486    118.115    120.996    0.00002    6.53063    9.33293  284.71344   14.74950 1.5283e+00     1.4768     0.3656    91.2649 0.0000e+00
        433 207.450185    0.02999     1.7994    107.966     33.335  49766.710    31.6078     9.4596     33.000     9.4560    24.3919     2.7136     3.8780     41.552    118.304    121.190    0.00061    6.53064    9.33294  284.71373   14.74952 1.3148e+00     1.4768     0.3643    91.2948 0.0000e+00
        437 207.450196    0.03026     1.8154    108.922     34.320  49766.808    31.6074     9.4597     34.000     9.4560    24.3916     2.7134     3.8777     41.549    118.294    121.180    0.00037    6.53065    9.33295  284.71410   14.74954 1.1440e+00     1.4669     0.3662    91.2513 0.0000e+00
        443 207.450214    0.03069     1.8416    110.494     35.339  49767.811    31.6077     9.4597     35.000     9.4560    24.3919     2.7146     3.8794     41.567    118.346    121.232    0.00029    6.53063    9.33292  284.71312   14.74949 9.9776e-01     1.4764     0.3644    91.2932 0.0000e+00
        449 207.450231    0.03110     1.8661    111.964     36.354  49768.439    31.6077     9.4599     36.000     9.4560    24.3918     2.7151     3.8802     41.575    118.370    121.257    0.00010    6.53059    9.33287  284.71172   14.74943 8.4912e-01     1.4505     0.3681    91.2076 0.0000e+00
        452 207.450240    0.03133     1.8796    112.778     37.335  49769.053    31.6077     9.4600     37.000     9.4560    24.3918     2.7147     3.8795     41.568    118.350    121.237    0.00003    6.53059    9.33286  284.71142   14.74941 7.4976e-01     1.4731     0.3729    91.0995 0.0000e+00
        459 207.450261    0.03181     1.9085    114.513     38.376  49769.290    31.6075     9.4602     38.000     9.4561    24.3917     2.7181     3.8845     41.621    118.500    121.390    0.00033    6.53057    9.33284  284.71078   14.74937 6.5703e-01     1.4779     0.3642    91.2964 0.0000e+00
        463 207.450273    0.03211     1.9265    115.589     39.364  49770.315    31.6077     9.4603     39.000     9.4561    24.3919     2.7178     3.8840     41.617    118.487    121.378    0.00024    6.53054    9.33280  284.70952   14.74932 5.6750e-01     1.4781     0.3673    91.2274 0.0000e+00
        468 207.450287    0.03244     1.9466    116.797     40.386  49770.858    31.6077     9.4605     40.000     9.4563    24.3919     2.7199     3.8869     41.648    118.577    121.469    0.00024    6.53052    9.33277  284.70841   14.74927 4.9422e-01     1.4808     0.3715    91.1311 0.0000e+00
        473 207.450301    0.03277     1.9663    117.979     41.385  49771.347    31.6077     9.4609     41.000     9.4566    24.3918     2.7192     3.8860     41.638    118.548    121.439    0.00011    6.53045    9.33267  284.70565   14.74913 4.3439e-01     1.4805     0.3652    91.2751 0.0000e+00
        479 207.450318    0.03318     1.9907    119.443     42.415  49772.101    31.6079     9.4612     42.000     9.4566    24.3919     2.7199     3.8870     41.650    118.578    121.471   -0.00001    6.53041    9.33261  284.70367   14.74904 3.7553e-01     1.4770     0.3646    91.2871 0.0000e+00
        483 207.450329    0.03344     2.0063    120.375     43.401  49772.311    31.6076     9.4614     43.000     9.4569    24.3917     2.7216     3.8895     41.677    118.654    121.549    0.00033    6.53040    9.33259  284.70313   14.74901 3.3032e-01     1.4693     0.3618    91.3513 0.0000e+00
        488 207.450345    0.03383     2.0301    121.803     44.421  49772.919    31.6076     9.4618     44.000     9.4570    24.3917     2.7206     3.8880     41.660    118.607    121.500   -0.00001    6.53033    9.33250  284.70029   14.74888 2.8961e-01     1.5018     0.3594    91.4080 0.0000e+00
        494 207.450361    0.03423     2.0533    123.200     45.434  49773.361    31.6074     9.4614     45.000     9.4564    24.3916     2.7204     3.8877     41.657    118.599    121.492   -0.00006    6.53039    9.33258  284.70298   14.74901 2.5158e-01     1.4670     0.3625    91.3359 0.0000e+00
        498 207.450373    0.03451     2.0709    124.253     46.435  49774.044    31.6075     9.4612     46.000     9.4563    24.3917     2.7234     3.8920     41.704    118.731    121.628    0.00022    6.53041    9.33262  284.70404   14.74906 2.2177e-01     1.4551     0.3643    91.2955 0.0000e+00
        503 207.450389    0.03489     2.0932    125.590     47.451  49774.801    31.6076     9.4613     47.000     9.4563    24.3918     2.7237     3.8925     41.709    118.746    121.642    0.00025    6.53040    9.33259  284.70320   14.74902 1.9604e-01     1.4648     0.3603    91.3851 0.0000e+00
        509 207.450404    0.03525     2.1150    126.899     48.459  49775.363    31.6076     9.4615     48.000     9.4563    24.3917     2.7208     3.8884     41.664    118.619    121.513   -0.00045    6.53038    9.33256  284.70229   14.74898 1.7372e-01     1.4563     0.3587    91.4218 0.0000e+00
        513 207.450417    0.03557     2.1341    128.047     49.467  49776.436    31.6079     9.4615     49.000     9.4563    24.3920     2.7258     3.8955     41.741    118.837    121.736    0.00047    6.53036    9.33254  284.70159   14.74894 1.5400e-01     1.4449     0.3618    91.3530 0.0000e+00
        518 207.450432    0.03592     2.1556    129.337     50.477  49776.607    31.6076     9.4616     50.000     9.4563    24.3918     2.7245     3.8936     41.720    118.778    121.676    0.00007    6.53035    9.33253  284.70115   14.74892 1.3751e-01     1.4584     0.3652    91.2745 0.0000e+00
        524 207.450448    0.03632     2.1791    130.747     51.483  49777.495    31.6078     9.4618     51.000     9.4563    24.3919     2.7241     3.8930     41.715    118.763    121.660   -0.00010    6.53032    9.33249  284.69994   14.74886 1.2311e-01     1.4506     0.3637    91.3095 0.0000e+00
        530 207.450465    0.03671     2.2022    132.133     52.510  49777.960    31.6077     9.4618     52.000     9.4563    24.3919     2.7265     3.8965     41.751    118.867    121.766    0.00023    6.53032    9.33248  284.69962   14.74885 1.1212e-01     1.4457     0.3579    91.4413 0.0000e+00
        534 207.450477    0.03700     2.2199    133.196     53.501  49778.609    31.6077     9.4618     53.000     9.4562    24.3919     2.7269     3.8971     41.758    118.886    121.785    0.00022    6.53031    9.33247  284.69949   14.74884 1.0107e-01     1.4481     0.3648    91.2835 0.0000e+00
