CTD-processing/allCTD/CNV/2017_07-24_alongbay_skb03_cast212_4141.cnv
* Sea-Bird SBE19plus Data File:
* FileName = P:\My Documents\kasitsna\Research-KBL\Oceanography-AK\CTD-Data-ALL-to-2017-02\2017-CTD-KachemakBay-CookInlet\2017-07-24-CookInlet-AlongBay-KB03toKB13\2017-07-24-KachemakBay-AlongBay-cast212.hex
* Software Version 1.59
* Temperature SN =  4141
* Conductivity SN =  4141
* System UpLoad Time = Jul 24 2017 19:56:54
** Cook Inlet Along Kachemak Bay Transect (KB03 to KB13)
** Date: 2017-07-24
** Station: (eg. 9-01): KB03
** Start time (AKDT): 12:12
** Depth (m): 105.8
** Comment: R/V Edgecumbe.  Quarterly survey.
** Comment:
# nquan = 27
# nvalues = 90                          
# units = specified
# name 0 = scan: Scan Count
# name 1 = timeJ: Julian Days
# name 2 = timeH: Time, Elapsed [hours]
# name 3 = timeM: Time, Elapsed [minutes]
# name 4 = timeS: Time, Elapsed [seconds]
# name 5 = prdM: Pressure, Strain Gauge [db]
# name 6 = specc: Specific Conductance [uS/cm]
# name 7 = sal00: Salinity, Practical [PSU]
# name 8 = tv290C: Temperature [ITS-90, deg C]
# name 9 = depSM: Depth [salt water, m], lat = 59.00
# name 10 = potemp090C: Potential Temperature [ITS-90, deg C]
# name 11 = sigma-é00: Density [sigma-theta, kg/m^3]
# name 12 = sbeox0ML/L: Oxygen, SBE 43 [ml/l]
# name 13 = sbeox0Mg/L: Oxygen, SBE 43 [mg/l]
# name 14 = sbeox0PS: Oxygen, SBE 43 [% saturation]
# name 15 = sbox0Mm/Kg: Oxygen, SBE 43 [umol/kg]
# name 16 = sbeox0Mm/L: Oxygen, SBE 43 [umol/l]
# name 17 = sbox0dV/dT: Oxygen, SBE 43 [dov/dt]
# name 18 = oxsolML/L: Oxygen Saturation, Garcia & Gordon [ml/l]
# name 19 = oxsolMg/L: Oxygen Saturation, Garcia & Gordon [mg/l]
# name 20 = oxsolMm/Kg: Oxygen Saturation, Garcia & Gordon [umol/kg]
# name 21 = n2satMg/L: Nitrogen Saturation [mg/l]
# name 22 = par: PAR/Irradiance, Biospherical/Licor
# name 23 = wetStar: Fluorescence, WET Labs WETstar [mg/m^3]
# name 24 = CStarAt0: Beam Attenuation, WET Labs C-Star [1/m]
# name 25 = CStarTr0: Beam Transmission, WET Labs C-Star [%]
# name 26 = flag: flag
# span 0 =        240,        790       
# span 1 = 205.509836, 205.511427       
# span 2 =    0.01663,    0.05479       
# span 3 =     0.9977,     3.2877       
# span 4 =     59.862,    197.262       
# span 5 =      1.007,     90.858       
# span 6 =  49199.646,  50277.014       
# span 7 =    31.3619,    31.7463       
# span 8 =     7.8792,    10.5310       
# span 9 =      1.000,     90.000       
# span 10 =     7.8729,    10.3851      
# span 11 =    24.0250,    24.7118      
# span 12 =     2.4789,     2.8956      
# span 13 =     3.5425,     4.1381      
# span 14 =     38.622,     42.826      
# span 15 =    108.110,    126.200      
# span 16 =    110.706,    129.318      
# span 17 =   -0.00111,    0.00415      
# span 18 =    6.38964,    6.76158      
# span 19 =    9.13144,    9.66298      
# span 20 =  278.66910,  294.69194      
# span 21 =   14.46132,   15.22588      
# span 22 = 5.1288e-02, 5.1606e+02      
# span 23 =     0.3509,     2.7114      
# span 24 =     0.2647,     1.2178      
# span 25 =    73.7529,    93.5956      
# span 26 = 0.0000e+00, 0.0000e+00      
# interval = meters: 1                  
# start_time = Jul 24 2017 12:13:10 [Instrument's time stamp, header]
# bad_flag = -9.990e-29
*END*
        240 205.509836    0.01663     0.9977     59.862      1.007  49199.646    31.3619    10.5310      1.000    10.3851    24.0250     2.4789     3.5425     38.795    108.110    110.706    0.00042    6.38964    9.13144  278.66910   14.46132 5.1606e+02     1.3626     0.6520    85.5282 0.0000e+00
        315 205.510053    0.02184     1.3103     78.620      2.020  49609.184    31.6075    10.2085      2.000    10.2166    24.2697     2.4893     3.5575     38.750    108.540    111.175    0.00020    6.42429    9.18095  280.11043   14.52930 4.3973e+02     1.3525     0.4630    89.0372 0.0000e+00
        317 205.510059    0.02197     1.3181     79.087      3.026  49588.216    31.5947    10.2268      3.000    10.2242    24.2567     2.4804     3.5447     38.622    108.151    110.775   -0.00092    6.42227    9.17806  280.02595   14.52530 3.3606e+02     1.3755     0.4698    88.9192 0.0000e+00
        323 205.510076    0.02237     1.3424     80.545      4.041  49542.499    31.5572    10.1888      4.000    10.1460    24.2338     2.4869     3.5539     38.681    108.436    111.063   -0.00035    6.42914    9.18788  280.33174   14.54009 3.0048e+02     1.3759     0.4765    88.7692 0.0000e+00
        328 205.510091    0.02273     1.3636     81.813      5.046  49563.751    31.5575    10.0755      5.000    10.0228    24.2528     2.4955     3.5663     38.720    108.809    111.448    0.00044    6.44502    9.21058  281.01922   14.57299 2.4228e+02     1.4669     0.4904    88.4617 0.0000e+00
        333 205.510105    0.02308     1.3845     83.072      6.060  49601.944    31.5663     9.9362      6.000     9.8893    24.2825     2.5068     3.5825     38.779    109.300    111.954    0.00051    6.46431    9.23814  281.85196   14.61280 1.9918e+02     1.8484     0.4983    88.2871 0.0000e+00
        339 205.510121    0.02345     1.4070     84.420      7.064  49670.008    31.6042     9.8610      7.000     9.8487    24.3243     2.5128     3.5911     38.818    109.559    112.224    0.00063    6.47339    9.25113  282.23661   14.63105 1.7398e+02     2.1269     0.4857    88.5662 0.0000e+00
        345 205.510138    0.02387     1.4321     85.927      8.081  49679.224    31.6065     9.8324      8.000     9.8230    24.3308     2.5139     3.5926     38.810    109.603    112.270    0.00021    6.47736    9.25680  282.40769   14.63922 1.4488e+02     2.3562     0.4809    88.6726 0.0000e+00
        349 205.510151    0.02419     1.4512     87.074      9.082  49690.638    31.6121     9.8171      9.000     9.8131    24.3377     2.5152     3.5944     38.818    109.659    112.327    0.00009    6.47930    9.25956  282.49033   14.64316 1.3144e+02     2.4301     0.4785    88.7255 0.0000e+00
        355 205.510167    0.02455     1.4729     88.375     10.090  49685.816    31.6069     9.8059     10.000     9.7979    24.3354     2.5147     3.5938     38.800    109.638    112.306   -0.00011    6.48111    9.26215  282.56986   14.64698 1.1619e+02     2.5745     0.4641    89.0459 0.0000e+00
        361 205.510186    0.02502     1.5010     90.058     11.111  49692.749    31.6087     9.7858     11.000     9.7792    24.3401     2.5195     3.6007     38.859    109.849    112.523    0.00032    6.48389    9.26613  282.68989   14.65271 9.5388e+01     2.7114     0.4414    89.5513 0.0000e+00
        366 205.510200    0.02534     1.5204     91.223     12.117  49698.020    31.6103     9.7727     12.000     9.7671    24.3435     2.5240     3.6071     38.916    110.043    112.722    0.00081    6.48569    9.26870  282.76721   14.65641 8.0426e+01     2.7109     0.4349    89.6959 0.0000e+00
        370 205.510211    0.02562     1.5371     92.227     13.114  49700.089    31.6101     9.7637     13.000     9.7571    24.3448     2.5242     3.6074     38.912    110.053    112.732    0.00043    6.48697    9.27054  282.82312   14.65908 7.0791e+01     2.6216     0.4255    89.9103 0.0000e+00
        376 205.510229    0.02604     1.5623     93.741     14.137  49709.623    31.6147     9.7509     14.000     9.7475    24.3505     2.5254     3.6091     38.921    110.104    112.786    0.00017    6.48860    9.27286  282.89230   14.66237 5.9537e+01     2.5276     0.4203    90.0266 0.0000e+00
        382 205.510245    0.02643     1.5854     95.126     15.144  49709.256    31.6132     9.7441     15.000     9.7379    24.3504     2.5292     3.6145     38.973    110.268    112.953    0.00060    6.48963    9.27433  282.93734   14.66453 4.7463e+01     2.4902     0.4181    90.0744 0.0000e+00
        386 205.510258    0.02676     1.6053     96.318     16.160  49706.172    31.6088     9.7315     16.000     9.7183    24.3491     2.5302     3.6160     38.976    110.312    112.999    0.00022    6.49163    9.27718  283.02453   14.66872 3.8325e+01     2.4183     0.4163    90.1160 0.0000e+00
        390 205.510270    0.02704     1.6224     97.343     17.151  49714.806    31.6110     9.7047     17.000     9.6923    24.3551     2.5329     3.6198     38.996    110.431    113.121    0.00038    6.49534    9.28250  283.18504   14.67639 3.2848e+01     2.4865     0.4108    90.2395 0.0000e+00
        397 205.510291    0.02753     1.6519     99.112     18.179  49730.013    31.6178     9.6785     18.000     9.6703    24.3646     2.5354     3.6233     39.013    110.537    113.231    0.00019    6.49881    9.28745  283.33353   14.68347 2.8632e+01     2.3185     0.4005    90.4718 0.0000e+00
        402 205.510304    0.02785     1.6706    100.235     19.179  49723.460    31.6104     9.6605     19.000     9.6433    24.3618     2.5415     3.6321     39.090    110.804    113.504    0.00086    6.50168    9.29156  283.45966   14.68953 2.4083e+01     2.3082     0.4027    90.4221 0.0000e+00
        406 205.510316    0.02813     1.6879    101.273     20.184  49731.746    31.6113     9.6266     20.000     9.6100    24.3679     2.5457     3.6381     39.126    110.987    113.692    0.00088    6.50651    9.29846  283.66836   14.69951 1.9469e+01     2.3194     0.3970    90.5526 0.0000e+00
        413 205.510335    0.02859     1.7157    102.941     21.205  49705.775    31.5823     9.5504     21.000     9.4845    24.3574     2.5484     3.6419     39.094    111.104    113.811    0.00005    6.51864    9.31580  284.20029   14.72506 1.5722e+01     2.2797     0.3810    90.9155 0.0000e+00
        418 205.510349    0.02894     1.7365    104.189     22.207  49717.359    31.5610     9.3373     22.000     9.2396    24.3744     2.5683     3.6703     39.209    111.972    114.701    0.00086    6.55029    9.36103  285.57558   14.79091 1.2884e+01     2.1126     0.3830    90.8691 0.0000e+00
        423 205.510365    0.02931     1.7584    105.505     23.215  49867.900    31.6460     9.1886     23.000     9.1633    24.4641     2.5779     3.6840     39.247    112.378    115.126    0.00088    6.56829    9.38676  286.33516   14.82689 1.1193e+01     1.8783     0.3925    90.6549 0.0000e+00
        430 205.510384    0.02977     1.7866    107.195     24.250  49891.737    31.6558     9.1414     24.000     9.1238    24.4790     2.5841     3.6929     39.304    112.651    115.409    0.00081    6.57476    9.39599  286.61274   14.84012 9.4762e+00     1.4048     0.3999    90.4856 0.0000e+00
        433 205.510393    0.02999     1.7993    107.959     25.223  49900.474    31.6577     9.1152     25.000     9.0987    24.4847     2.5868     3.6969     39.323    112.768    115.530    0.00084    6.57850    9.40134  286.77437   14.84784 8.1684e+00     1.4434     0.4167    90.1069 0.0000e+00
        439 205.510412    0.03044     1.8262    109.569     26.248  49920.178    31.6667     9.0839     26.000     9.0730    24.4966     2.5846     3.6936     39.264    112.668    115.428   -0.00015    6.58269    9.40733  286.95381   14.85637 7.0271e+00     1.3516     0.4138    90.1739 0.0000e+00
        446 205.510431    0.03089     1.8538    111.225     27.270  49924.578    31.6647     9.0511     27.000     9.0262    24.5000     2.5896     3.7009     39.311    112.887    115.652    0.00016    6.58758    9.41431  287.16570   14.86651 5.9461e+00     1.3371     0.4004    90.4725 0.0000e+00
        449 205.510441    0.03114     1.8684    112.102     28.261  49940.822    31.6668     8.9889     28.000     8.9456    24.5113     2.5979     3.7128     39.383    113.250    116.026    0.00085    6.59662    9.42723  287.55662   14.88519 5.0236e+00     1.2672     0.3740    91.0749 0.0000e+00
        454 205.510455    0.03147     1.8881    113.287     29.273  50014.792    31.7075     8.9139     29.000     8.8823    24.5546     2.6030     3.7199     39.404    113.463    116.249    0.00063    6.60590    9.44049  287.94882   14.90377 4.4121e+00     1.1001     0.3039    92.6861 0.0000e+00
        460 205.510473    0.03190     1.9143    114.855     30.285  50063.102    31.7270     8.8171     30.000     8.7929    24.5846     2.6086     3.7280     39.409    113.706    116.502    0.00028    6.61935    9.45971  288.52673   14.93131 4.0090e+00     0.9302     0.2708    93.4549 0.0000e+00
        466 205.510490    0.03230     1.9383    116.299     31.305  50097.172    31.7443     8.7751     31.000     8.7658    24.6045     2.6189     3.7427     39.532    114.151    116.959    0.00115    6.62481    9.46751  288.75910   14.94234 3.6226e+00     0.8347     0.2647    93.5956 0.0000e+00
        470 205.510501    0.03259     1.9552    117.313     32.294  50102.837    31.7463     8.7645     32.000     8.7558    24.6077     2.6169     3.7399     39.493    114.066    116.873    0.00054    6.62630    9.46964  288.82303   14.94539 3.2185e+00     0.7787     0.2664    93.5558 0.0000e+00
        477 205.510520    0.03305     1.9826    118.958     33.327  50107.072    31.7463     8.7474     33.000     8.7387    24.6103     2.6206     3.7451     39.533    114.223    117.034    0.00046    6.62882    9.47324  288.93234   14.95061 2.7235e+00     0.7457     0.2680    93.5195 0.0000e+00
        481 205.510532    0.03333     2.0000    120.002     34.316  50094.591    31.7347     8.7306     34.000     8.7109    24.6037     2.6248     3.7511     39.579    114.409    117.223    0.00074    6.63181    9.47752  289.06447   14.95697 2.2463e+00     0.7265     0.2718    93.4313 0.0000e+00
        487 205.510549    0.03373     2.0235    121.413     35.334  50104.915    31.7346     8.6845     35.000     8.6665    24.6106     2.6278     3.7554     39.583    114.538    117.357    0.00038    6.63866    9.48731  289.36129   14.97116 1.8176e+00     0.6914     0.2852    93.1171 0.0000e+00
        492 205.510565    0.03413     2.0477    122.859     36.346  50126.520    31.7445     8.6520     36.000     8.6452    24.6233     2.6296     3.7580     39.585    114.617    117.440    0.00014    6.64307    9.49360  289.54955   14.98011 1.4869e+00     0.6626     0.2929    92.9397 0.0000e+00
        497 205.510579    0.03444     2.0667    124.000     37.351  50097.933    31.7217     8.6370     37.000     8.6078    24.6077     2.6371     3.7687     39.678    114.944    117.772    0.00092    6.64627    9.49819  289.69385   14.98710 1.2593e+00     0.6200     0.3046    92.6660 0.0000e+00
        502 205.510593    0.03480     2.0880    125.277     38.360  50111.056    31.7194     8.5630     38.000     8.5377    24.6169     2.6416     3.7752     39.680    115.142    117.976    0.00041    6.65740    9.51410  290.17638   15.01017 1.0665e+00     0.6045     0.3304    92.0721 0.0000e+00
        508 205.510610    0.03519     2.1116    126.693     39.369  50143.464    31.7352     8.5195     39.000     8.5100    24.6357     2.6470     3.7827     39.725    115.371    118.212    0.00069    6.66322    9.52241  290.42455   15.02196 8.9606e-01     0.5522     0.3495    91.6333 0.0000e+00
        514 205.510628    0.03562     2.1374    128.243     40.396  50143.216    31.7319     8.5022     40.000     8.4900    24.6358     2.6497     3.7867     39.750    115.490    118.335    0.00033    6.66596    9.52631  290.54364   15.02767 7.5070e-01     0.5194     0.3571    91.4592 0.0000e+00
        517 205.510638    0.03586     2.1520    129.121     41.377  50147.106    31.7318     8.4862     41.000     8.4748    24.6380     2.6582     3.7988     39.863    115.860    118.715    0.00134    6.66835    9.52973  290.64739   15.03262 6.3653e-01     0.5093     0.3669    91.2352 0.0000e+00
        525 205.510661    0.03641     2.1847    131.081     42.417  50152.143    31.7327     8.4720     42.000     8.4631    24.6409     2.6576     3.7980     39.842    115.835    118.690    0.00039    6.67043    9.53271  290.73744   15.03691 5.4794e-01     0.4931     0.3778    90.9889 0.0000e+00
        529 205.510672    0.03668     2.2008    132.050     43.400  50161.517    31.7379     8.4662     43.000     8.4621    24.6459     2.6618     3.8039     39.900    116.016    118.875    0.00110    6.67107    9.53363  290.76401   15.03817 4.7121e-01     0.4978     0.3828    90.8751 0.0000e+00
        534 205.510686    0.03702     2.2212    133.271     44.421  50137.908    31.7199     8.4597     44.000     8.4366    24.6327     2.6650     3.8085     39.937    116.155    119.016    0.00075    6.67283    9.53614  290.84421   15.04206 4.0532e-01     0.5022     0.3878    90.7597 0.0000e+00
        541 205.510705    0.03749     2.2491    134.947     45.433  50124.650    31.6993     8.3880     45.000     8.3523    24.6271     2.6728     3.8196     39.984    116.497    119.365    0.00079    6.68449    9.55281  291.35430   15.06652 3.4835e-01     0.4980     0.4455    89.4618 0.0000e+00
        548 205.510726    0.03799     2.2794    136.764     46.466  50141.575    31.6983     8.3076     46.000     8.2717    24.6381     2.6851     3.8374     40.097    117.034    119.917    0.00123    6.69665    9.57017  291.88082   15.09166 2.8738e-01     0.4782     0.5181    87.8495 0.0000e+00
        550 205.510733    0.03814     2.2883    137.299     47.431  50095.538    31.6590     8.2647     47.000     8.1955    24.6135     2.6956     3.8523     40.203    117.493    120.385    0.00207    6.70484    9.58190  292.24523   15.10924 2.5205e-01     0.4824     0.5532    87.0849 0.0000e+00
        556 205.510750    0.03855     2.3129    138.777     48.457  50124.806    31.6606     8.1468     48.000     8.0799    24.6319     2.7062     3.8674     40.255    117.953    120.858    0.00176    6.72264    9.60732  293.01558   15.14602 2.1147e-01     0.4564     0.6799    84.3821 0.0000e+00
        563 205.510769    0.03901     2.3407    140.440     49.466  50108.737    31.6320     8.0397     49.000     7.9656    24.6248     2.7230     3.8914     40.398    118.684    121.606    0.00206    6.74020    9.63243  293.78316   15.18279 1.6969e-01     0.4232     0.8786    80.2857 0.0000e+00
        567 205.510782    0.03932     2.3591    141.547     50.472  50222.810    31.6967     7.9474     50.000     7.9284    24.6887     2.7304     3.9019     40.441    119.000    121.938    0.00162    6.75147    9.64852  294.25565   15.20509 1.4280e-01     0.4280     0.9228    79.3980 0.0000e+00
        573 205.510799    0.03973     2.3840    143.041     51.489  50240.112    31.7033     7.9163     51.000     7.9055    24.6983     2.7446     3.9223     40.625    119.619    122.574    0.00235    6.75594    9.65491  294.44781   15.21423 1.1749e-01     0.4132     1.0191    77.5137 0.0000e+00
        578 205.510813    0.04008     2.4048    144.289     52.503  50250.785    31.7094     7.9108     52.000     7.9051    24.7039     2.7549     3.9370     40.774    120.067    123.033    0.00279    6.75651    9.65573  294.47129   15.21533 9.8406e-02     0.4031     1.0790    76.3579 0.0000e+00
        582 205.510826    0.04038     2.4224    145.347     53.495  50249.809    31.7075     7.9059     53.000     7.8993    24.7032     2.7668     3.9539     40.944    120.584    123.563    0.00322    6.75735    9.65692  294.50792   15.21708 8.6454e-02     0.3962     1.0937    76.0778 0.0000e+00
