CTD-processing/allCTD/CNV/2017_10-17_t9_s02_cast056_4141.cnv
* Sea-Bird SBE19plus Data File:
* FileName = C:\Users\Kim.Powell\Desktop\Not Processed\2017\2017_10-17\2017_10-17_TRANSECT_STATION_cast056.hex
* Software Version 1.59
* Temperature SN =  4141
* Conductivity SN =  4141
* System UpLoad Time = Oct 20 2017 08:56:02
** Transect:
** 2017_10-17
** Station: 9-02
** Start Time: 14:15
** Depth (m): 93
** Comment: Edgecumbe
** Comment:
# nquan = 27
# nvalues = 75                          
# units = specified
# name 0 = scan: Scan Count
# name 1 = timeJ: Julian Days
# name 2 = timeH: Time, Elapsed [hours]
# name 3 = timeM: Time, Elapsed [minutes]
# name 4 = timeS: Time, Elapsed [seconds]
# name 5 = prdM: Pressure, Strain Gauge [db]
# name 6 = specc: Specific Conductance [uS/cm]
# name 7 = sal00: Salinity, Practical [PSU]
# name 8 = tv290C: Temperature [ITS-90, deg C]
# name 9 = depSM: Depth [salt water, m], lat = 59.00
# name 10 = potemp090C: Potential Temperature [ITS-90, deg C]
# name 11 = sigma-é00: Density [sigma-theta, kg/m^3]
# name 12 = sbeox0ML/L: Oxygen, SBE 43 [ml/l]
# name 13 = sbeox0Mg/L: Oxygen, SBE 43 [mg/l]
# name 14 = sbeox0PS: Oxygen, SBE 43 [% saturation]
# name 15 = sbox0Mm/Kg: Oxygen, SBE 43 [umol/kg]
# name 16 = sbeox0Mm/L: Oxygen, SBE 43 [umol/l]
# name 17 = sbox0dV/dT: Oxygen, SBE 43 [dov/dt]
# name 18 = oxsolML/L: Oxygen Saturation, Garcia & Gordon [ml/l]
# name 19 = oxsolMg/L: Oxygen Saturation, Garcia & Gordon [mg/l]
# name 20 = oxsolMm/Kg: Oxygen Saturation, Garcia & Gordon [umol/kg]
# name 21 = n2satMg/L: Nitrogen Saturation [mg/l]
# name 22 = par: PAR/Irradiance, Biospherical/Licor
# name 23 = wetStar: Fluorescence, WET Labs WETstar [mg/m^3]
# name 24 = CStarAt0: Beam Attenuation, WET Labs C-Star [1/m]
# name 25 = CStarTr0: Beam Transmission, WET Labs C-Star [%]
# name 26 = flag: flag
# span 0 =        226,        673       
# span 1 = 290.594447, 290.595741       
# span 2 =    0.01560,    0.04667       
# span 3 =     0.9362,     2.8001       
# span 4 =     56.170,    168.006       
# span 5 =      1.017,     75.604       
# span 6 =  46119.615,  48918.719       
# span 7 =    29.0567,    31.0366       
# span 8 =     9.3901,    10.0049       
# span 9 =      1.000,     75.000       
# span 10 =     9.4112,     9.9951      
# span 11 =    22.4100,    23.8937      
# span 12 =     2.5201,     2.5660      
# span 13 =     3.6014,     3.6670      
# span 14 =     38.588,     38.906      
# span 15 =    109.942,    112.084      
# span 16 =    112.545,    114.595      
# span 17 =   -0.00057,    0.00086      
# span 18 =    6.49292,    6.64908      
# span 19 =    9.27904,    9.50221      
# span 20 =  283.26246,  290.43956      
# span 21 =   14.68332,   15.03364      
# span 22 = 3.6382e-02, 1.3105e+02      
# span 23 =     0.2170,     1.1883      
# span 24 =     0.5633,     1.0827      
# span 25 =    76.2716,    86.8647      
# span 26 = 0.0000e+00, 0.0000e+00      
# interval = meters: 1                  
# start_time = Oct 17 2017 14:15:04 [Instrument's time stamp, header]
# bad_flag = -9.990e-29
*END*
        226 290.594447    0.01560     0.9362     56.170      1.017  46119.615    29.0567     9.3901      1.000     9.4112    22.4100     2.5660     3.6670     38.591    112.084    114.595   -0.00041    6.64908    9.50221  290.43956   15.03364 1.3105e+02     0.6800     0.9451    79.0210 0.0000e+00
        327 290.594741    0.02266     1.3598     81.586      2.021  46387.014    29.2531     9.4771      2.000     9.5155    22.5502     2.5590     3.6571     38.610    111.765    114.285    0.00038    6.62779    9.47177  289.46932   14.98646 3.8666e+01     0.8325     0.8172    81.5120 0.0000e+00
        324 290.594730    0.02240     1.3441     80.647      3.029  46611.861    29.4206     9.5666      3.000     9.5932    22.6672     2.5527     3.6481     38.633    111.478    114.005    0.00056    6.60753    9.44282  288.55173   14.94192 3.9247e+01     0.8501     0.8320    81.2217 0.0000e+00
        328 290.594743    0.02272     1.3631     81.785      4.039  46647.012    29.4508     9.6161      4.000     9.6228    22.6832     2.5465     3.6392     38.588    111.202    113.725   -0.00010    6.59901    9.43064  288.17502   14.92379 4.1683e+01     1.0327     0.8255    81.3526 0.0000e+00
        332 290.594754    0.02300     1.3795     82.772      5.044  46715.906    29.5008     9.6343      5.000     9.6422    22.7193     2.5479     3.6413     38.638    111.262    113.790    0.00017    6.59424    9.42384  287.95692   14.91316 3.8370e+01     1.1234     0.8149    81.5683 0.0000e+00
        337 290.594768    0.02331     1.3987     83.924      6.059  46704.952    29.4940     9.6449      6.000     9.6450    22.7124     2.5486     3.6422     38.657    111.294    113.822    0.00034    6.59299    9.42204  287.90375   14.91064 3.5893e+01     1.1162     0.8025    81.8219 0.0000e+00
        341 290.594780    0.02361     1.4165     84.992      7.059  46719.560    29.5040     9.6464      7.000     9.6471    22.7200     2.5512     3.6459     38.699    111.403    113.934    0.00053    6.59235    9.42112  287.87371   14.90917 3.0675e+01     1.1848     0.8011    81.8491 0.0000e+00
        346 290.594795    0.02396     1.4378     86.267      8.081  46732.876    29.5133     9.6496      8.000     9.6506    22.7267     2.5531     3.6487     38.734    111.490    114.024    0.00067    6.59148    9.41988  287.83400   14.90723 2.5278e+01     1.0584     0.7957    81.9629 0.0000e+00
        351 290.594808    0.02429     1.4571     87.427      9.084  46856.370    29.6013     9.6661      9.000     9.6849    22.7928     2.5507     3.6453     38.733    111.377    113.915    0.00033    6.58536    9.41115  287.54833   14.89321 2.1061e+01     1.0235     0.7864    82.1533 0.0000e+00
        355 290.594822    0.02462     1.4770     88.623     10.092  46983.756    29.6958     9.7133     10.000     9.7332    22.8591     2.5453     3.6375     38.714    111.132    113.672    0.00000    6.57451    9.39562  287.05555   14.86926 1.7288e+01     1.1323     0.7741    82.4060 0.0000e+00
        361 290.594837    0.02499     1.4992     89.952     11.107  47226.087    29.8735     9.7819     11.000     9.8034    22.9870     2.5371     3.6257     38.692    110.760    113.306   -0.00023    6.55709    9.37073  286.25910   14.83046 1.4155e+01     1.1883     0.7586    82.7254 0.0000e+00
        366 290.594852    0.02533     1.5197     91.184     12.109  47221.061    29.8738     9.8165     12.000     9.8195    22.9818     2.5372     3.6259     38.723    110.765    113.310    0.00010    6.55207    9.36356  286.04175   14.82006 1.1679e+01     0.9365     0.7448    83.0112 0.0000e+00
        372 290.594869    0.02574     1.5449     92.691     13.126  47249.317    29.8943     9.8260     13.000     9.8258    22.9963     2.5382     3.6273     38.752    110.807    113.354    0.00029    6.54984    9.36037  285.94015   14.81512 9.5711e+00     0.9903     0.7358    83.1985 0.0000e+00
        377 290.594884    0.02612     1.5670     94.021     14.133  47296.498    29.9274     9.8291     14.000     9.8301    23.0216     2.5402     3.6302     38.793    110.892    113.445    0.00045    6.54799    9.35774  285.85278   14.81081 7.8306e+00     0.8215     0.7344    83.2275 0.0000e+00
        382 290.594899    0.02647     1.5879     95.276     15.139  47537.268    30.0976     9.8440     15.000     9.8610    23.1520     2.5362     3.6244     38.787    110.703    113.266    0.00025    6.53870    9.34446  285.41061   14.78897 6.4106e+00     0.7665     0.7215    83.4962 0.0000e+00
        387 290.594913    0.02681     1.6083     96.499     16.157  47881.172    30.3461     9.9056     16.000     9.9408    23.3360     2.5271     3.6115     38.762    110.286    112.859   -0.00016    6.51946    9.31696  284.51951   14.74534 5.2879e+00     0.7236     0.6931    84.0904 0.0000e+00
        391 290.594926    0.02711     1.6267     97.604     17.157  48014.540    30.4482     9.9771     17.000     9.9918    23.4041     2.5239     3.6069     38.800    110.140    112.717    0.00021    6.50498    9.29626  283.86879   14.71380 4.4208e+00     0.6286     0.6616    84.7553 0.0000e+00
        397 290.594941    0.02747     1.6483     98.898     18.177  48219.197    30.5951    10.0049     18.000     9.9951    23.5142     2.5223     3.6046     38.835    110.059    112.646    0.00043    6.49489    9.28185  283.39801   14.69068 3.6795e+00     0.5563     0.6657    84.6700 0.0000e+00
        401 290.594953    0.02777     1.6661     99.967     19.173  48282.177    30.6369     9.9880     19.000     9.9775    23.5495     2.5234     3.6062     38.848    110.103    112.695    0.00035    6.49556    9.28280  283.41717   14.69143 3.0540e+00     0.4532     0.7340    83.2369 0.0000e+00
        406 290.594969    0.02815     1.6891    101.347     20.198  48439.973    30.7448     9.9656     20.000     9.9601    23.6373     2.5267     3.6109     38.906    110.236    112.842    0.00067    6.49427    9.28096  283.33690   14.68716 2.5051e+00     0.3978     0.6811    84.3427 0.0000e+00
        411 290.594982    0.02846     1.7074    102.447     21.194  48447.214    30.7490     9.9623     21.000     9.9596    23.6411     2.5237     3.6066     38.859    110.106    112.708   -0.00001    6.49455    9.28136  283.34791   14.68767 2.0906e+00     0.3547     0.6764    84.4431 0.0000e+00
        416 290.594997    0.02883     1.7297    103.780     22.214  48448.871    30.7496     9.9613     22.000     9.9581    23.6418     2.5244     3.6077     38.869    110.137    112.741    0.00000    6.49468    9.28154  283.35335   14.68792 1.7372e+00     0.3416     0.6699    84.5791 0.0000e+00
        421 290.595011    0.02917     1.7498    104.988     23.215  48453.641    30.7524     9.9596     23.000     9.9569    23.6443     2.5229     3.6054     38.845    110.069    112.672   -0.00026    6.49480    9.28172  283.35816   14.68815 1.4521e+00     0.3604     0.6545    84.9051 0.0000e+00
        426 290.595026    0.02952     1.7712    106.270     24.229  48456.555    30.7541     9.9600     24.000     9.9579    23.6455     2.5234     3.6062     38.853    110.092    112.695   -0.00010    6.49468    9.28154  283.35217   14.68786 1.2093e+00     0.3028     0.6565    84.8636 0.0000e+00
        431 290.595041    0.02987     1.7922    107.535     25.240  48458.128    30.7549     9.9612     25.000     9.9586    23.6459     2.5232     3.6058     38.850    110.080    112.684   -0.00025    6.49448    9.28126  283.34342   14.68743 1.0138e+00     0.3541     0.6600    84.7901 0.0000e+00
        436 290.595055    0.03021     1.8122    108.734     26.243  48461.426    30.7568     9.9611     26.000     9.9581    23.6475     2.5228     3.6053     38.845    110.065    112.667   -0.00009    6.49440    9.28115  283.33981   14.68725 8.4520e-01     0.3311     0.6583    84.8241 0.0000e+00
        441 290.595071    0.03059     1.8351    110.107     27.261  48485.127    30.7731     9.9619     27.000     9.9593    23.6601     2.5264     3.6104     38.905    110.219    112.827    0.00037    6.49362    9.28003  283.30199   14.68538 7.0802e-01     0.3860     0.6467    85.0718 0.0000e+00
        446 290.595084    0.03091     1.8546    111.274     28.262  48502.142    30.7847     9.9616     28.000     9.9575    23.6691     2.5245     3.6078     38.880    110.138    112.745   -0.00008    6.49318    9.27940  283.28040   14.68429 5.9369e-01     0.3035     0.6267    85.5000 0.0000e+00
        451 290.595099    0.03127     1.8760    112.563     29.282  48522.653    30.7983     9.9589     29.000     9.9548    23.6803     2.5231     3.6057     38.858    110.073    112.680   -0.00020    6.49300    9.27915  283.26950   14.68372 5.0543e-01     0.3857     0.5764    86.5783 0.0000e+00
        456 290.595112    0.03158     1.8945    113.671     30.284  48525.496    30.7998     9.9582     30.000     9.9547    23.6816     2.5227     3.6053     38.853    110.060    112.666   -0.00033    6.49303    9.27919  283.27041   14.68376 4.2944e-01     0.2856     0.5734    86.6452 0.0000e+00
        460 290.595125    0.03189     1.9131    114.786     31.294  48531.754    30.8037     9.9570     31.000     9.9529    23.6848     2.5207     3.6022     38.821    109.969    112.573   -0.00040    6.49303    9.27920  283.26978   14.68371 3.6769e-01     0.2786     0.5673    86.7780 0.0000e+00
        465 290.595138    0.03220     1.9320    115.919     32.310  48533.417    30.8043     9.9559     32.000     9.9526    23.6855     2.5220     3.6042     38.841    110.028    112.634   -0.00032    6.49316    9.27938  283.27529   14.68397 3.1272e-01     0.2833     0.5656    86.8162 0.0000e+00
        469 290.595151    0.03251     1.9506    117.035     33.310  48533.550    30.8040     9.9565     33.000     9.9530    23.6852     2.5201     3.6014     38.811    109.942    112.545   -0.00041    6.49309    9.27928  283.27212   14.68382 2.7029e-01     0.3017     0.5666    86.7929 0.0000e+00
        475 290.595167    0.03289     1.9733    118.395     34.330  48533.583    30.8036     9.9567     34.000     9.9527    23.6849     2.5234     3.6063     38.864    110.089    112.698    0.00024    6.49307    9.27925  283.27151   14.68380 2.3208e-01     0.2884     0.5671    86.7826 0.0000e+00
        479 290.595180    0.03320     1.9923    119.540     35.330  48549.590    30.8142     9.9547     35.000     9.9494    23.6935     2.5215     3.6035     38.835    110.006    112.612   -0.00016    6.49292    9.27904  283.26246   14.68332 2.0016e-01     0.3106     0.5633    86.8647 0.0000e+00
        485 290.595196    0.03358     2.0150    120.901     36.349  48560.278    30.8209     9.9512     36.000     9.9467    23.6993     2.5219     3.6040     38.839    110.018    112.625   -0.00002    6.49314    9.27935  283.27050   14.68368 1.7206e-01     0.3248     0.5772    86.5638 0.0000e+00
        489 290.595208    0.03388     2.0330    121.982     37.346  48561.155    30.8210     9.9508     37.000     9.9463    23.6994     2.5224     3.6049     38.848    110.046    112.654   -0.00007    6.49319    9.27942  283.27256   14.68378 1.4939e-01     0.2952     0.5963    86.1520 0.0000e+00
        495 290.595225    0.03430     2.0576    123.458     38.371  48565.468    30.8232     9.9471     38.000     9.9414    23.7017     2.5204     3.6019     38.814    109.956    112.563   -0.00035    6.49363    9.28005  283.29104   14.68465 1.2837e-01     0.2699     0.6593    84.8085 0.0000e+00
        499 290.595237    0.03458     2.0749    124.492     39.362  48569.565    30.8255     9.9452     39.000     9.9403    23.7038     2.5245     3.6078     38.875    110.134    112.744    0.00029    6.49381    9.28030  283.29831   14.68499 1.0968e-01     0.2963     0.7302    83.3175 0.0000e+00
        505 290.595254    0.03498     2.0990    125.943     40.386  48574.299    30.8282     9.9443     40.000     9.9381    23.7062     2.5219     3.6040     38.835    110.020    112.628   -0.00018    6.49382    9.28033  283.29832   14.68498 9.4675e-02     0.2628     0.7117    83.7021 0.0000e+00
        510 290.595268    0.03533     2.1198    127.189     41.393  48592.656    30.8399     9.9376     41.000     9.9304    23.7163     2.5209     3.6026     38.817    109.974    112.582   -0.00035    6.49429    9.28099  283.31589   14.68577 8.1815e-02     0.2652     0.7861    82.1607 0.0000e+00
        514 290.595281    0.03564     2.1386    128.316     42.399  48601.798    30.8454     9.9335     42.000     9.9281    23.7213     2.5220     3.6042     38.832    110.023    112.632   -0.00013    6.49465    9.28150  283.33009   14.68643 7.1822e-02     0.2586     0.8186    81.4937 0.0000e+00
        519 290.595296    0.03598     2.1590    129.538     43.413  48601.350    30.8445     9.9329     43.000     9.9288    23.7208     2.5213     3.6031     38.819    109.990    112.599   -0.00028    6.49477    9.28168  283.33549   14.68669 6.3538e-02     0.3135     0.8398    81.0629 0.0000e+00
        524 290.595309    0.03630     2.1780    130.682     44.415  48591.755    30.8377     9.9353     44.000     9.9318    23.7151     2.5218     3.6039     38.829    110.015    112.625   -0.00010    6.49470    9.28159  283.33431   14.68666 5.6989e-02     0.3246     0.8439    80.9796 0.0000e+00
        529 290.595325    0.03669     2.2013    132.076     45.433  48588.873    30.8355     9.9377     45.000     9.9323    23.7130     2.5214     3.6034     38.824    109.998    112.607   -0.00020    6.49445    9.28123  283.32398   14.68618 5.1921e-02     0.2899     0.8463    80.9303 0.0000e+00
        534 290.595339    0.03701     2.2211    133.265     46.440  48596.319    30.8402     9.9361     46.000     9.9302    23.7169     2.5217     3.6037     38.827    110.009    112.618   -0.00009    6.49449    9.28127  283.32441   14.68618 4.8270e-02     0.2902     0.8502    80.8519 0.0000e+00
        539 290.595353    0.03735     2.2412    134.473     47.448  48600.677    30.8426     9.9347     47.000     9.9294    23.7191     2.5214     3.6033     38.823    109.995    112.604   -0.00008    6.49458    9.28141  283.32788   14.68634 4.5253e-02     0.2980     0.8423    81.0111 0.0000e+00
        544 290.595367    0.03769     2.2613    135.676     48.459  48598.486    30.8407     9.9351     48.000     9.9305    23.7175     2.5207     3.6024     38.812    109.966    112.575   -0.00031    6.49461    9.28144  283.32938   14.68642 4.3029e-02     0.3075     0.8407    81.0437 0.0000e+00
        549 290.595381    0.03804     2.2821    136.926     49.466  48599.155    30.8409     9.9360     49.000     9.9299    23.7176     2.5224     3.6048     38.839    110.041    112.651    0.00006    6.49448    9.28126  283.32367   14.68614 4.1254e-02     0.2728     0.8379    81.1010 0.0000e+00
        554 290.595397    0.03841     2.3046    138.275     50.485  48612.685    30.8495     9.9323     50.000     9.9241    23.7249     2.5224     3.6049     38.838    110.041    112.652   -0.00001    6.49464    9.28148  283.32853   14.68634 4.0020e-02     0.2584     0.8418    81.0215 0.0000e+00
        558 290.595409    0.03871     2.3226    139.354     51.483  48631.799    30.8618     9.9258     51.000     9.9169    23.7355     2.5215     3.6034     38.822    109.999    112.610   -0.00019    6.49506    9.28209  283.34415   14.68704 3.8970e-02     0.2865     0.8658    80.5378 0.0000e+00
        564 290.595424    0.03907     2.3442    140.651     52.505  48650.458    30.8735     9.9182     52.000     9.9102    23.7459     2.5217     3.6037     38.820    110.005    112.617   -0.00026    6.49566    9.28294  283.36720   14.68810 3.8016e-02     0.2624     0.8534    80.7872 0.0000e+00
        568 290.595437    0.03937     2.3619    141.715     53.501  48663.493    30.8816     9.9132     53.000     9.9047    23.7530     2.5226     3.6050     38.833    110.045    112.659    0.00001    6.49604    9.28348  283.38174   14.68875 3.7473e-02     0.2751     0.8393    81.0715 0.0000e+00
