CTD-processing/allCTD/CNV/2017_07-25_t3_s15_cast235_4141.cnv
* Sea-Bird SBE19plus Data File:
* FileName = P:\My Documents\kasitsna\Research-KBL\Oceanography-AK\CTD-Data-ALL-to-2017-02\2017-CTD-KachemakBay-CookInlet\2017-07-25-CookInlet-Tran3-AnchorPt\2017-07-25-CookInlet-Tran3-cast235.hex
* Software Version 1.59
* Temperature SN =  4141
* Conductivity SN =  4141
* System UpLoad Time = Jul 25 2017 20:58:02
** Cook Inlet LTM Transect 3 Anchor Pt (3-16 NE to 3-12)
** Date: 2017-07-25
** Station: (eg. 9-01): 3-15
** Start time (AKDT): 12:35
** Depth (m): 18
** Comment: R/V Edgecumbe.  Quarterly survey.
** Comment:
# nquan = 27
# nvalues = 18                          
# units = specified
# name 0 = scan: Scan Count
# name 1 = timeJ: Julian Days
# name 2 = timeH: Time, Elapsed [hours]
# name 3 = timeM: Time, Elapsed [minutes]
# name 4 = timeS: Time, Elapsed [seconds]
# name 5 = prdM: Pressure, Strain Gauge [db]
# name 6 = specc: Specific Conductance [uS/cm]
# name 7 = sal00: Salinity, Practical [PSU]
# name 8 = tv290C: Temperature [ITS-90, deg C]
# name 9 = depSM: Depth [salt water, m], lat = 59.00
# name 10 = potemp090C: Potential Temperature [ITS-90, deg C]
# name 11 = sigma-é00: Density [sigma-theta, kg/m^3]
# name 12 = sbeox0ML/L: Oxygen, SBE 43 [ml/l]
# name 13 = sbeox0Mg/L: Oxygen, SBE 43 [mg/l]
# name 14 = sbeox0PS: Oxygen, SBE 43 [% saturation]
# name 15 = sbox0Mm/Kg: Oxygen, SBE 43 [umol/kg]
# name 16 = sbeox0Mm/L: Oxygen, SBE 43 [umol/l]
# name 17 = sbox0dV/dT: Oxygen, SBE 43 [dov/dt]
# name 18 = oxsolML/L: Oxygen Saturation, Garcia & Gordon [ml/l]
# name 19 = oxsolMg/L: Oxygen Saturation, Garcia & Gordon [mg/l]
# name 20 = oxsolMm/Kg: Oxygen Saturation, Garcia & Gordon [umol/kg]
# name 21 = n2satMg/L: Nitrogen Saturation [mg/l]
# name 22 = par: PAR/Irradiance, Biospherical/Licor
# name 23 = wetStar: Fluorescence, WET Labs WETstar [mg/m^3]
# name 24 = CStarAt0: Beam Attenuation, WET Labs C-Star [1/m]
# name 25 = CStarTr0: Beam Transmission, WET Labs C-Star [%]
# name 26 = flag: flag
# span 0 =        117,        483       
# span 1 = 206.525080, 206.526140       
# span 2 =    0.00803,    0.03347       
# span 3 =     0.4816,     2.0086       
# span 4 =     28.899,    120.513       
# span 5 =      0.998,     18.161       
# span 6 =  48613.096,  48682.893       
# span 7 =    30.9741,    31.0000       
# span 8 =    10.6543,    10.7987       
# span 9 =      1.000,     18.000       
# span 10 =    10.6521,    10.7671      
# span 11 =    23.6770,    23.7219      
# span 12 =     2.5687,     2.6585      
# span 13 =     3.6709,     3.7993      
# span 14 =     40.283,     41.747      
# span 15 =    112.062,    115.983      
# span 16 =    114.717,    118.729      
# span 17 =   -0.00063,    0.00180      
# span 18 =    6.36832,    6.38717      
# span 19 =    9.10097,    9.12790      
# span 20 =  277.83091,  278.64094      
# span 21 =   14.42272,   14.46141      
# span 22 = 1.1840e+00, 2.9950e+02      
# span 23 =     0.4712,     1.6968      
# span 24 =     1.0517,     2.2547      
# span 25 =    61.0827,    76.8766      
# span 26 = 0.0000e+00, 0.0000e+00      
# interval = meters: 1                  
# start_time = Jul 25 2017 12:35:38 [Instrument's time stamp, header]
# bad_flag = -9.990e-29
*END*
        117 206.525080    0.00803     0.4816     28.899      0.998  48613.096    30.9741    10.7987      1.000    10.7671    23.6770     2.6585     3.7993     41.747    115.983    118.729   -0.00063    6.36832    9.10097  277.83091   14.42272 2.9950e+02     0.4712     2.2547    61.0827 0.0000e+00
        412 206.525933    0.02852     1.7110    102.658      2.024  48631.463    30.9798    10.7378      2.000    10.7389    23.6918     2.5687     3.6709     40.283    112.062    114.717    0.00069    6.37645    9.11259  278.18188   14.43950 1.8287e+02     1.2393     1.4996    68.5109 0.0000e+00
        403 206.525909    0.02792     1.6751    100.506      3.024  48625.697    30.9753    10.7380      3.000    10.7333    23.6883     2.5748     3.6796     40.379    112.330    114.991    0.00055    6.37661    9.11282  278.18971   14.43990 1.2770e+02     1.1554     1.3626    71.1329 0.0000e+00
        409 206.525927    0.02835     1.7013    102.076      4.049  48633.850    30.9793    10.7254      4.000    10.7244    23.6936     2.5777     3.6837     40.414    112.454    115.119    0.00052    6.37819    9.11507  278.25729   14.44312 9.1881e+01     1.1965     1.2874    72.4788 0.0000e+00
        413 206.525938    0.02863     1.7177    103.063      5.033  48632.410    30.9777    10.7250      5.000    10.7226    23.6925     2.5805     3.6877     40.457    112.575    115.242    0.00073    6.37831    9.11524  278.26249   14.44337 6.9448e+01     1.4457     1.2158    73.7961 0.0000e+00
        419 206.525955    0.02904     1.7425    104.547      6.064  48631.397    30.9763    10.7219      6.000    10.7160    23.6919     2.5819     3.6898     40.475    112.639    115.307    0.00040    6.37880    9.11594  278.28397   14.44441 5.1408e+01     1.5898     1.1390    75.2180 0.0000e+00
        425 206.525972    0.02944     1.7667    106.001      7.070  48638.498    30.9784    10.7004      7.000    10.6944    23.6972     2.5912     3.7031     40.604    113.045    115.724    0.00148    6.38168    9.12005  278.40817   14.45035 3.8399e+01     1.6078     1.1488    75.0355 0.0000e+00
        429 206.525985    0.02975     1.7850    107.098      8.080  48642.691    30.9798    10.6905      8.000    10.6841    23.7000     2.5951     3.7087     40.657    113.212    115.896    0.00107    6.38299    9.12192  278.46444   14.45304 2.8348e+01     1.6968     1.1788    74.4746 0.0000e+00
        434 206.525998    0.03006     1.8034    108.206      9.078  48651.608    30.9850    10.6847      9.000    10.6828    23.7051     2.6014     3.7176     40.751    113.488    116.178    0.00166    6.38359    9.12278  278.48932   14.45420 2.1336e+01     1.6834     1.1706    74.6282 0.0000e+00
        440 206.526017    0.03052     1.8309    109.855     10.101  48653.962    30.9857    10.6801     10.000    10.6760    23.7064     2.6036     3.7208     40.781    113.584    116.276    0.00093    6.38417    9.12362  278.51460   14.45542 1.4861e+01     1.6442     1.1462    75.0846 0.0000e+00
        444 206.526028    0.03079     1.8478    110.867     11.109  48658.485    30.9880    10.6758     11.000    10.6722    23.7089     2.6077     3.7266     40.842    113.760    116.457    0.00119    6.38468    9.12434  278.53579   14.45642 1.1119e+01     1.6495     1.1700    74.6399 0.0000e+00
        448 206.526040    0.03107     1.8644    111.863     12.101  48664.107    30.9910    10.6707     12.000    10.6683    23.7121     2.6094     3.7291     40.867    113.838    116.537    0.00097    6.38525    9.12516  278.56001   14.45757 8.3461e+00     1.6522     1.1604    74.8186 0.0000e+00
        456 206.526061    0.03158     1.8946    113.677     13.131  48666.458    30.9920    10.6688     13.000    10.6655    23.7133     2.6124     3.7333     40.911    113.966    116.668    0.00078    6.38549    9.12550  278.57013   14.45805 5.8307e+00     1.5746     1.1430    75.1444 0.0000e+00
        461 206.526076    0.03193     1.9159    114.957     14.144  48673.904    30.9961    10.6627     14.000    10.6608    23.7176     2.6124     3.7334     40.907    113.967    116.669    0.00030    6.38616    9.12646  278.59837   14.45938 4.1023e+00     1.6107     1.1499    75.0158 0.0000e+00
        464 206.526086    0.03217     1.9303    115.819     15.127  48672.964    30.9950    10.6624     15.000    10.6581    23.7168     2.6186     3.7422     41.004    114.237    116.946    0.00105    6.38625    9.12658  278.60217   14.45957 3.0616e+00     1.5973     1.1662    74.7114 0.0000e+00
        471 206.526107    0.03267     1.9604    117.622     16.167  48681.244    30.9996    10.6551     16.000    10.6528    23.7216     2.6187     3.7424     41.000    114.242    116.953    0.00045    6.38707    9.12776  278.63682   14.46121 2.2754e+00     1.5043     1.0517    76.8766 0.0000e+00
        476 206.526120    0.03299     1.9794    118.762     17.152  48682.284    31.0000    10.6552     17.000    10.6530    23.7218     2.6212     3.7460     41.040    114.352    117.065    0.00058    6.38704    9.12772  278.63561   14.46115 1.6264e+00     1.4474     1.0835    76.2725 0.0000e+00
        483 206.526140    0.03347     2.0086    120.513     18.161  48682.893    30.9999    10.6543     18.000    10.6521    23.7219     2.6407     3.7739     41.344    115.203    117.935    0.00180    6.38717    9.12790  278.64094   14.46141 1.1840e+00     1.4197     1.0579    76.7629 0.0000e+00
