CTD-processing/allCTD/CNV/2017_03-28_alongbay_skb09_cast055_4141.cnv
* Sea-Bird SBE19plus Data File:
* FileName = C:\Users\jwschloemer\Documents\CTD Data\2017_03_28_alongbay\2017_03_28_alongbay_cast055.hex
* Software Version 1.59
* Temperature SN =  4141
* Conductivity SN =  4141
* System UpLoad Time = Apr 03 2017 16:23:13
** Cook Inlet LTM Kbay Along Bay
** Date: 2017-03-28
** Station:KB09
** Start Time (AKST):14:01
** Depth (m):72
** Comment: R/V Edgecumbe
# nquan = 27
# nvalues = 62                          
# units = specified
# name 0 = scan: Scan Count
# name 1 = timeJ: Julian Days
# name 2 = timeH: Time, Elapsed [hours]
# name 3 = timeM: Time, Elapsed [minutes]
# name 4 = timeS: Time, Elapsed [seconds]
# name 5 = prdM: Pressure, Strain Gauge [db]
# name 6 = specc: Specific Conductance [uS/cm]
# name 7 = sal00: Salinity, Practical [PSU]
# name 8 = tv290C: Temperature [ITS-90, deg C]
# name 9 = depSM: Depth [salt water, m], lat = 59.00
# name 10 = potemp090C: Potential Temperature [ITS-90, deg C]
# name 11 = sigma-é00: Density [sigma-theta, kg/m^3]
# name 12 = sbeox0ML/L: Oxygen, SBE 43 [ml/l]
# name 13 = sbeox0Mg/L: Oxygen, SBE 43 [mg/l]
# name 14 = sbeox0PS: Oxygen, SBE 43 [% saturation]
# name 15 = sbox0Mm/Kg: Oxygen, SBE 43 [umol/kg]
# name 16 = sbeox0Mm/L: Oxygen, SBE 43 [umol/l]
# name 17 = sbox0dV/dT: Oxygen, SBE 43 [dov/dt]
# name 18 = oxsolML/L: Oxygen Saturation, Garcia & Gordon [ml/l]
# name 19 = oxsolMg/L: Oxygen Saturation, Garcia & Gordon [mg/l]
# name 20 = oxsolMm/Kg: Oxygen Saturation, Garcia & Gordon [umol/kg]
# name 21 = n2satMg/L: Nitrogen Saturation [mg/l]
# name 22 = par: PAR/Irradiance, Biospherical/Licor
# name 23 = wetStar: Fluorescence, WET Labs WETstar [mg/m^3]
# name 24 = CStarAt0: Beam Attenuation, WET Labs C-Star [1/m]
# name 25 = CStarTr0: Beam Transmission, WET Labs C-Star [%]
# name 26 = flag: flag
# span 0 =        144,        574       
# span 1 =  87.543954,  87.545200       
# span 2 =    0.00990,    0.03978       
# span 3 =     0.5939,     2.3870       
# span 4 =     35.632,    143.221       
# span 5 =      1.015,     62.583       
# span 6 =  52027.351,  52140.201       
# span 7 =    31.8972,    31.9923       
# span 8 =     2.8080,     3.1205       
# span 9 =      1.000,     62.000       
# span 10 =     2.8075,     3.1171      
# span 11 =    25.4177,    25.4767      
# span 12 =     3.5060,     3.7575      
# span 13 =     5.0105,     5.3700      
# span 14 =     46.141,     49.736      
# span 15 =    152.698,    163.644      
# span 16 =    156.580,    167.813      
# span 17 =   -0.00047,    0.00356      
# span 18 =    7.55504,    7.61702      
# span 19 =   10.79691,   10.88549      
# span 20 =  329.02702,  331.73385      
# span 21 =   16.85993,   16.98879      
# span 22 = 4.6217e-02, 3.1109e+02      
# span 23 =     0.3862,     2.1823      
# span 24 =     0.6551,     1.2988      
# span 25 =    72.2750,    84.8935      
# span 26 = 0.0000e+00, 0.0000e+00      
# interval = meters: 1                  
# start_time = Mar 28 2017 13:02:42 [Instrument's time stamp, header]
# bad_flag = -9.990e-29
*END*
        144  87.543954    0.00990     0.5939     35.632      1.015  52065.800    31.9219     2.8864      1.000     2.8955    25.4380     3.5443     5.0652     46.620    154.363    158.289    0.00067    7.60258   10.86485  331.10846   16.95910 3.1109e+02     0.3862     1.1392    76.3931 0.0000e+00
        281  87.544353    0.01948     1.1686     70.114      2.019  52032.696    31.9061     2.9125      2.000     2.9016    25.4233     3.5060     5.0105     46.141    152.698    156.580    0.00144    7.59845   10.85895  330.93354   16.95085 2.7402e+02     0.5024     0.7120    83.8456 0.0000e+00
        299  87.544405    0.02071     1.2427     74.565      3.028  52027.351    31.8972     2.8948      3.000     2.8700    25.4177     3.5183     5.0280     46.279    153.231    157.126    0.00269    7.60226   10.86439  331.10116   16.95885 2.2410e+02     0.4386     0.6736    84.5030 0.0000e+00
        304  87.544418    0.02103     1.2619     75.714      4.037  52069.532    31.9089     2.8346      4.000     2.8207    25.4319     3.5355     5.0526     46.440    153.979    157.895    0.00286    7.61304   10.87980  331.56618   16.98090 1.8060e+02     0.5853     0.7028    83.8868 0.0000e+00
        309  87.544432    0.02136     1.2817     76.899      5.048  52103.450    31.9254     2.8129      5.000     2.8108    25.4469     3.5505     5.0740     46.617    154.631    158.565    0.00327    7.61629   10.88445  331.70307   16.98733 1.4879e+02     0.8416     0.7096    83.7433 0.0000e+00
        313  87.544444    0.02167     1.2999     77.994      6.058  52107.775    31.9270     2.8099      6.000     2.8089    25.4484     3.5551     5.0806     46.674    154.829    158.769    0.00274    7.61679   10.88516  331.72413   16.98833 1.2244e+02     1.0240     0.7101    83.7345 0.0000e+00
        317  87.544457    0.02196     1.3178     79.068      7.064  52110.315    31.9278     2.8085      7.000     2.8075    25.4492     3.5651     5.0949     46.805    155.267    159.218    0.00277    7.61702   10.88549  331.73385   16.98879 1.0068e+02     1.4095     0.7121    83.6922 0.0000e+00
        322  87.544470    0.02228     1.3371     80.224      8.076  52118.812    31.9329     2.8080      8.000     2.8097    25.4533     3.5762     5.1106     46.950    155.745    159.710    0.00304    7.61684   10.88523  331.72481   16.98834 8.2834e+01     1.5050     0.7082    83.7744 0.0000e+00
        326  87.544483    0.02259     1.3554     81.324      9.087  52128.276    31.9409     2.8161      9.000     2.8216    25.4591     3.5824     5.1197     47.045    156.020    159.992    0.00273    7.61488   10.88242  331.63712   16.98414 6.7927e+01     1.6789     0.6904    84.1465 0.0000e+00
        331  87.544496    0.02290     1.3737     82.422     10.093  52130.054    31.9451     2.8291     10.000     2.8358    25.4613     3.5916     5.1328     47.183    156.420    160.402    0.00291    7.61220   10.87860  331.52008   16.97857 5.6320e+01     1.9405     0.6798    84.3714 0.0000e+00
        335  87.544509    0.02321     1.3929     83.572     11.105  52140.201    31.9573     2.8506     11.000     2.8619    25.4693     3.6042     5.1508     47.377    156.967    160.965    0.00356    7.60749   10.87188  331.31255   16.96866 4.6823e+01     2.1823     0.6727    84.5201 0.0000e+00
        340  87.544522    0.02353     1.4117     84.699     12.115  52127.030    31.9542     2.8740     12.000     2.8799    25.4649     3.6086     5.1571     47.462    157.160    161.163    0.00295    7.60322   10.86576  331.12779   16.95989 3.8934e+01     2.0548     0.6708    84.5618 0.0000e+00
        344  87.544535    0.02383     1.4300     85.799     13.123  52128.692    31.9586     2.8881     13.000     2.8951    25.4672     3.6171     5.1692     47.591    157.527    161.538    0.00308    7.60035   10.86166  331.00171   16.95388 3.2474e+01     1.7876     0.6690    84.5977 0.0000e+00
        349  87.544548    0.02414     1.4484     86.903     14.134  52121.945    31.9581     2.9051     14.000     2.9101    25.4654     3.6233     5.1780     47.692    157.796    161.814    0.00277    7.59717   10.85711  330.86361   16.94733 2.6964e+01     1.7628     0.6678    84.6231 0.0000e+00
        353  87.544560    0.02443     1.4661     87.965     15.138  52116.514    31.9567     2.9156     15.000     2.9174    25.4635     3.6314     5.1896     47.811    158.150    162.177    0.00296    7.59524   10.85436  330.78069   16.94339 2.2541e+01     1.7093     0.6663    84.6567 0.0000e+00
        358  87.544574    0.02477     1.4861     89.167     16.157  52111.676    31.9541     2.9200     16.000     2.9202    25.4610     3.6401     5.2021     47.930    158.530    162.566    0.00276    7.59455   10.85338  330.75152   16.94202 1.8699e+01     2.0183     0.6576    84.8406 0.0000e+00
        362  87.544586    0.02507     1.5044     90.266     17.159  52119.667    31.9605     2.9255     17.000     2.9298    25.4656     3.6467     5.2116     48.027    158.819    162.864    0.00259    7.59317   10.85140  330.68967   16.93905 1.5611e+01     1.7271     0.6567    84.8582 0.0000e+00
        367  87.544600    0.02539     1.5230     91.380     18.169  52112.744    31.9582     2.9365     18.000     2.9372    25.4630     3.6561     5.2249     48.162    159.226    163.280    0.00281    7.59120   10.84860  330.60513   16.93504 1.2938e+01     1.6486     0.6602    84.7856 0.0000e+00
        371  87.544613    0.02572     1.5432     92.595     19.184  52108.929    31.9557     2.9387     19.000     2.9378    25.4607     3.6655     5.2383     48.287    159.635    163.699    0.00286    7.59092   10.84819  330.59353   16.93450 1.0846e+01     1.5848     0.6551    84.8935 0.0000e+00
        376  87.544626    0.02602     1.5616     93.693     20.187  52114.750    31.9597     2.9406     20.000     2.9418    25.4638     3.6724     5.2482     48.383    159.936    164.009    0.00254    7.59034   10.84737  330.56741   16.93325 8.9830e+00     1.7724     0.6569    84.8542 0.0000e+00
        380  87.544639    0.02633     1.5796     94.777     21.199  52109.842    31.9567     2.9441     21.000     2.9427    25.4611     3.6778     5.2560     48.457    160.173    164.251    0.00240    7.58986   10.84666  330.54698   16.93229 7.5026e+00     1.6184     0.6623    84.7410 0.0000e+00
        385  87.544652    0.02665     1.5988     95.929     22.208  52112.493    31.9580     2.9440     22.000     2.9436    25.4622     3.6803     5.2596     48.490    160.282    164.364    0.00175    7.58981   10.84660  330.54447   16.93216 6.2762e+00     1.6604     0.6592    84.8072 0.0000e+00
        389  87.544665    0.02697     1.6184     97.105     23.221  52112.302    31.9579     2.9461     23.000     2.9458    25.4619     3.6899     5.2732     48.618    160.698    164.790    0.00218    7.58942   10.84604  330.52766   16.93136 5.2243e+00     1.5191     0.6575    84.8421 0.0000e+00
        394  87.544678    0.02726     1.6359     98.156     24.226  52118.945    31.9629     2.9502     24.000     2.9529    25.4656     3.6940     5.2791     48.680    160.879    164.975    0.00194    7.58839   10.84457  330.48170   16.92916 4.3501e+00     1.3049     0.6609    84.7709 0.0000e+00
        398  87.544691    0.02759     1.6553     99.320     25.238  52118.470    31.9643     2.9587     25.000     2.9613    25.4660     3.6996     5.2872     48.765    161.123    165.227    0.00196    7.58672   10.84218  330.40864   16.92569 3.6464e+00     1.6312     0.6784    84.4002 0.0000e+00
        403  87.544705    0.02791     1.6746    100.477     26.246  52111.561    31.9610     2.9656     26.000     2.9644    25.4628     3.7086     5.3000     48.891    161.514    165.627    0.00224    7.58557   10.84054  330.35984   16.92338 3.0420e+00     1.5871     0.6712    84.5524 0.0000e+00
        408  87.544718    0.02824     1.6943    101.655     27.257  52116.397    31.9643     2.9677     27.000     2.9696    25.4653     3.7110     5.3035     48.927    161.620    165.736    0.00175    7.58501   10.83974  330.33460   16.92217 2.5336e+00     1.6736     0.6671    84.6396 0.0000e+00
        412  87.544732    0.02856     1.7137    102.819     28.268  52117.820    31.9669     2.9758     28.000     2.9802    25.4667     3.7136     5.3071     48.970    161.731    165.850    0.00149    7.58336   10.83738  330.26223   16.91872 2.1175e+00     1.4091     0.6664    84.6544 0.0000e+00
        417  87.544744    0.02887     1.7321    103.928     29.273  52131.191    31.9821     3.0006     29.000     3.0116    25.4767     3.7094     5.3011     48.950    161.547    165.663    0.00077    7.57790   10.82958  330.02134   16.90720 1.7705e+00     1.3830     0.6814    84.3367 0.0000e+00
        422  87.544759    0.02921     1.7526    105.156     30.287  52106.223    31.9699     3.0203     30.000     3.0205    25.4653     3.7114     5.3040     48.997    161.637    165.752    0.00086    7.57484   10.82520  329.89136   16.90108 1.4773e+00     1.3574     0.6767    84.4358 0.0000e+00
        426  87.544772    0.02953     1.7721    106.326     31.293  52108.217    31.9717     3.0239     31.000     3.0252    25.4664     3.7168     5.3117     49.073    161.871    165.993    0.00103    7.57406   10.82408  329.85693   16.89944 1.2286e+00     1.3459     0.6807    84.3507 0.0000e+00
        431  87.544786    0.02987     1.7920    107.521     32.307  52107.058    31.9724     3.0315     32.000     3.0313    25.4664     3.7215     5.3183     49.144    162.073    166.200    0.00134    7.57259   10.82198  329.79318   16.89641 1.0225e+00     1.4108     0.6903    84.1491 0.0000e+00
        436  87.544799    0.03018     1.8106    108.635     33.312  52104.531    31.9707     3.0336     33.000     3.0319    25.4649     3.7236     5.3215     49.174    162.167    166.297    0.00096    7.57229   10.82156  329.78065   16.89582 8.5207e-01     1.2992     0.7013    83.9178 0.0000e+00
        440  87.544813    0.03050     1.8299    109.793     34.325  52103.506    31.9695     3.0335     34.000     3.0307    25.4639     3.7284     5.3283     49.237    162.378    166.512    0.00114    7.57238   10.82168  329.78478   16.89602 7.0979e-01     1.4772     0.6985    83.9777 0.0000e+00
        445  87.544825    0.03080     1.8485    110.908     35.332  52105.798    31.9700     3.0318     35.000     3.0296    25.4645     3.7307     5.3315     49.265    162.474    166.610    0.00103    7.57267   10.82210  329.79714   16.89661 5.9514e-01     1.2552     0.7025    83.8934 0.0000e+00
        449  87.544839    0.03113     1.8681    112.085     36.342  52109.364    31.9720     3.0321     36.000     3.0315    25.4660     3.7330     5.3348     49.296    162.574    166.715    0.00078    7.57250   10.82187  329.78961   16.89624 4.9449e-01     1.3040     0.7019    83.9063 0.0000e+00
        454  87.544853    0.03146     1.8877    113.265     37.353  52116.509    31.9782     3.0388     37.000     3.0409    25.4704     3.7312     5.3323     49.284    162.498    166.637    0.00047    7.57092   10.81961  329.71934   16.89288 4.1151e-01     1.2372     0.6975    83.9980 0.0000e+00
        459  87.544866    0.03179     1.9069    114.417     38.363  52111.403    31.9762     3.0466     38.000     3.0470    25.4682     3.7331     5.3350     49.317    162.580    166.721    0.00039    7.56955   10.81765  329.66046   16.89008 3.4324e-01     1.2905     0.6985    83.9779 0.0000e+00
        463  87.544879    0.03210     1.9260    115.559     39.369  52111.648    31.9777     3.0533     39.000     3.0529    25.4687     3.7347     5.3374     49.348    162.651    166.794    0.00058    7.56824   10.81576  329.60276   16.88734 2.8773e-01     1.2766     0.6976    83.9954 0.0000e+00
        468  87.544894    0.03246     1.9475    116.849     40.386  52112.057    31.9780     3.0553     40.000     3.0554    25.4688     3.7382     5.3423     49.397    162.803    166.950    0.00063    7.56784   10.81519  329.58533   16.88651 2.4285e-01     1.4300     0.6995    83.9572 0.0000e+00
        473  87.544907    0.03277     1.9662    117.972     41.389  52118.293    31.9843     3.0653     41.000     3.0679    25.4730     3.7455     5.3528     49.507    163.122    167.277    0.00126    7.56563   10.81204  329.48799   16.88186 2.0532e-01     1.3830     0.7228    83.4696 0.0000e+00
        478  87.544921    0.03310     1.9859    119.156     42.400  52119.956    31.9878     3.0762     42.000     3.0795    25.4749     3.7421     5.3480     49.477    162.974    167.126    0.00062    7.56340   10.80886  329.39033   16.87720 1.7285e-01     1.2418     0.7592    82.7135 0.0000e+00
        483  87.544935    0.03345     2.0071    120.426     43.414  52111.857    31.9851     3.0887     43.000     3.0881    25.4717     3.7392     5.3437     49.452    162.847    166.995    0.00008    7.56121   10.80573  329.29613   16.87274 1.4566e-01     1.1539     0.8176    81.5149 0.0000e+00
        487  87.544949    0.03376     2.0258    121.550     44.417  52115.052    31.9879     3.0931     44.000     3.0927    25.4736     3.7462     5.3537     49.551    163.151    167.307    0.00085    7.56023   10.80432  329.25259   16.87066 1.2192e-01     1.1476     0.8638    80.5784 0.0000e+00
        492  87.544962    0.03411     2.0463    122.775     45.430  52111.641    31.9860     3.0967     45.000     3.0945    25.4718     3.7484     5.3568     49.584    163.245    167.403    0.00082    7.55966   10.80351  329.22828   16.86951 1.0476e-01     1.1501     0.8860    80.1312 0.0000e+00
        497  87.544976    0.03443     2.0659    123.953     46.440  52111.638    31.9857     3.0976     46.000     3.0954    25.4715     3.7456     5.3527     49.547    163.121    167.276    0.00016    7.55951   10.80329  329.22174   16.86920 9.0445e-02     1.2819     0.9018    79.8156 0.0000e+00
        502  87.544990    0.03476     2.0856    125.134     47.449  52114.187    31.9872     3.0987     47.000     3.0968    25.4725     3.7462     5.3537     49.558    163.150    167.306    0.00011    7.55922   10.80289  329.20909   16.86859 7.9963e-02     1.2648     0.9028    79.7965 0.0000e+00
        506  87.545004    0.03510     2.1059    126.354     48.461  52113.416    31.9867     3.1007     48.000     3.0982    25.4719     3.7519     5.3619     49.636    163.399    167.561    0.00064    7.55889   10.80240  329.19456   16.86790 7.1701e-02     1.3688     0.9055    79.7432 0.0000e+00
        511  87.545017    0.03542     2.1248    127.486     49.466  52121.079    31.9923     3.1041     49.000     3.1051    25.4761     3.7542     5.3650     49.671    163.495    167.660    0.00071    7.55796   10.80109  329.15308   16.86591 6.5660e-02     1.3468     0.9511    78.8405 0.0000e+00
        516  87.545032    0.03575     2.1453    128.715     50.479  52118.638    31.9923     3.1125     50.000     3.1118    25.4755     3.7531     5.3636     49.668    163.448    167.612    0.00038    7.55638   10.79882  329.08431   16.86265 6.0692e-02     1.2266     1.0234    77.4299 0.0000e+00
        521  87.545045    0.03608     2.1648    129.889     51.487  52114.228    31.9898     3.1164     51.000     3.1135    25.4731     3.7544     5.3654     49.689    163.507    167.672    0.00033    7.55579   10.79798  329.05947   16.86147 5.6624e-02     1.1696     1.0798    76.3416 0.0000e+00
        525  87.545059    0.03641     2.1848    131.087     52.495  52115.403    31.9902     3.1168     52.000     3.1144    25.4735     3.7538     5.3646     49.683    163.482    167.646    0.00018    7.55566   10.79780  329.05393   16.86121 5.3707e-02     1.2736     1.0632    76.6604 0.0000e+00
        531  87.545074    0.03678     2.2065    132.389     53.512  52115.757    31.9903     3.1182     53.000     3.1152    25.4734     3.7501     5.3593     49.634    163.319    167.479   -0.00032    7.55541   10.79744  329.04287   16.86068 5.1916e-02     1.2682     1.0814    76.3109 0.0000e+00
