CTD-processing/allCTD/CNV/2017_04-19_t3_s16_cast122_4141.cnv
* Sea-Bird SBE19plus Data File:
* FileName = P:\My Documents\kasitsna\Research-KBL\Oceanography-AK\CTD-Data-ALL-to-2017-02\2017-CTD-KachemakBay-CookInlet\2017-04-19-CookInlet-Tran3-AnchorPt\2017-04-19-CookInlet-Tran3-cast122.hex
* Software Version 1.59
* Temperature SN =  4141
* Conductivity SN =  4141
* System UpLoad Time = Apr 20 2017 00:32:31
** Cook Inlet LTM Transect 3 Anchor Pt east to west
** Date: 2017-04-19
** Station: (eg. 9-01): 3-16
** Start time (AKDT): 19:36
** Depth (m): 12.2
** Comment: R/V Alaska Dreamcatcher
** Comment:
# nquan = 27
# nvalues = 13                          
# units = specified
# name 0 = scan: Scan Count
# name 1 = timeJ: Julian Days
# name 2 = timeH: Time, Elapsed [hours]
# name 3 = timeM: Time, Elapsed [minutes]
# name 4 = timeS: Time, Elapsed [seconds]
# name 5 = prdM: Pressure, Strain Gauge [db]
# name 6 = specc: Specific Conductance [uS/cm]
# name 7 = sal00: Salinity, Practical [PSU]
# name 8 = tv290C: Temperature [ITS-90, deg C]
# name 9 = depSM: Depth [salt water, m], lat = 59.00
# name 10 = potemp090C: Potential Temperature [ITS-90, deg C]
# name 11 = sigma-é00: Density [sigma-theta, kg/m^3]
# name 12 = sbeox0ML/L: Oxygen, SBE 43 [ml/l]
# name 13 = sbeox0Mg/L: Oxygen, SBE 43 [mg/l]
# name 14 = sbeox0PS: Oxygen, SBE 43 [% saturation]
# name 15 = sbox0Mm/Kg: Oxygen, SBE 43 [umol/kg]
# name 16 = sbeox0Mm/L: Oxygen, SBE 43 [umol/l]
# name 17 = sbox0dV/dT: Oxygen, SBE 43 [dov/dt]
# name 18 = oxsolML/L: Oxygen Saturation, Garcia & Gordon [ml/l]
# name 19 = oxsolMg/L: Oxygen Saturation, Garcia & Gordon [mg/l]
# name 20 = oxsolMm/Kg: Oxygen Saturation, Garcia & Gordon [umol/kg]
# name 21 = n2satMg/L: Nitrogen Saturation [mg/l]
# name 22 = par: PAR/Irradiance, Biospherical/Licor
# name 23 = wetStar: Fluorescence, WET Labs WETstar [mg/m^3]
# name 24 = CStarAt0: Beam Attenuation, WET Labs C-Star [1/m]
# name 25 = CStarTr0: Beam Transmission, WET Labs C-Star [%]
# name 26 = flag: flag
# span 0 =        110,        299       
# span 1 = 109.816877, 109.817424       
# span 2 =    0.00755,    0.02068       
# span 3 =     0.4529,     1.2409       
# span 4 =     27.174,     74.453       
# span 5 =      1.011,     13.109       
# span 6 =  50563.250,  50905.540       
# span 7 =    31.5361,    31.7117       
# span 8 =     5.3111,     5.8504       
# span 9 =      1.000,     13.000       
# span 10 =     5.3102,     5.6638      
# span 11 =    24.8605,    25.0320      
# span 12 =     3.0661,     3.1932      
# span 13 =     4.3817,     4.5635      
# span 14 =     43.254,     44.482      
# span 15 =    133.601,    139.131      
# span 16 =    136.933,    142.611      
# span 17 =   -0.00064,    0.00360      
# span 18 =    7.08860,    7.17867      
# span 19 =   10.13032,   10.25904      
# span 20 =  308.87555,  312.77711      
# span 21 =   15.90246,   16.08822      
# span 22 = 7.1763e+00, 4.3917e+01      
# span 23 =     0.6020,     1.5583      
# span 24 =     0.5701,     2.5140      
# span 25 =    58.8188,    86.7208      
# span 26 = 0.0000e+00, 0.0000e+00      
# interval = meters: 1                  
# start_time = Apr 19 2017 19:35:51 [Instrument's time stamp, header]
# bad_flag = -9.990e-29
*END*
        110 109.816877    0.00755     0.4529     27.174      1.011  50678.904    31.6622     5.8504      1.000     5.6638    24.9334     3.0661     4.3817     43.254    133.601    136.933   -0.00060    7.08860   10.13032  308.87555   15.90246 4.3917e+01     0.6020     2.5140    58.8188 0.0000e+00
        247 109.817274    0.01707     1.0244     61.466      2.023  50563.250    31.5361     5.6240      2.000     5.4726    24.8605     3.0924     4.4194     43.356    134.756    138.107   -0.00064    7.13245   10.19298  310.80823   15.99505 3.8956e+01     1.5038     0.6441    85.1423 0.0000e+00
        252 109.817289    0.01743     1.0457     62.743      3.029  50871.493    31.6972     5.3740      3.000     5.3511    25.0164     3.1166     4.4540     43.484    135.790    139.188    0.00054    7.16711   10.24252  312.27141   16.06407 3.0714e+01     1.3869     0.6508    84.9860 0.0000e+00
        257 109.817302    0.01776     1.0657     63.942      4.038  50903.523    31.7117     5.3405      4.000     5.3355    25.0317     3.1204     4.4593     43.507    135.952    139.355    0.00053    7.17214   10.24971  312.48574   16.07422 2.4790e+01     1.2160     0.6503    84.9971 0.0000e+00
        262 109.817317    0.01809     1.0856     65.138      5.048  50905.540    31.7110     5.3325      5.000     5.3313    25.0320     3.1180     4.4559     43.466    135.850    139.250   -0.00016    7.17354   10.25170  312.54654   16.07711 2.0689e+01     1.5583     0.6388    85.2404 0.0000e+00
        266 109.817330    0.01843     1.1058     66.348      6.056  50857.728    31.6756     5.3233      6.000     5.3157    25.0050     3.1321     4.4761     43.642    136.469    139.880    0.00119    7.17679   10.25636  312.69659   16.08440 1.8035e+01     1.2510     0.6359    85.3022 0.0000e+00
        271 109.817345    0.01877     1.1264     67.583      7.068  50869.350    31.6810     5.3135      7.000     5.3135    25.0105     3.1426     4.4910     43.779    136.923    140.348    0.00207    7.17822   10.25839  312.75700   16.08726 1.6165e+01     1.1792     0.6166    85.7150 0.0000e+00
        276 109.817357    0.01909     1.1451     68.704      8.076  50867.201    31.6793     5.3144      8.000     5.3133    25.0089     3.1471     4.4975     43.843    137.121    140.550    0.00165    7.17814   10.25827  312.75389   16.08712 1.4494e+01     1.3358     0.6419    85.1747 0.0000e+00
        280 109.817371    0.01940     1.1640     69.838      9.084  50868.823    31.6798     5.3135      9.000     5.3130    25.0094     3.1619     4.5187     44.049    137.766    141.212    0.00296    7.17826   10.25845  312.75909   16.08736 1.3595e+01     1.1949     0.6313    85.4006 0.0000e+00
        285 109.817384    0.01973     1.1837     71.021     10.096  50867.960    31.6787     5.3140     10.000     5.3134    25.0086     3.1616     4.5182     44.044    137.751    141.196    0.00188    7.17823   10.25841  312.75837   16.08733 1.1929e+01     1.3201     0.6187    85.6705 0.0000e+00
        290 109.817398    0.02004     1.2025     72.151     11.103  50867.400    31.6780     5.3145     11.000     5.3137    25.0080     3.1628     4.5200     44.062    137.805    141.252    0.00122    7.17818   10.25834  312.75628   16.08724 1.0405e+01     1.3291     0.5817    86.4676 0.0000e+00
        294 109.817411    0.02036     1.2217     73.300     12.114  50869.405    31.6786     5.3132     12.000     5.3111    25.0085     3.1747     4.5370     44.226    138.326    141.785    0.00204    7.17838   10.25862  312.76444   16.08762 8.6574e+00     1.3217     0.5701    86.7208 0.0000e+00
        299 109.817424    0.02068     1.2409     74.453     13.109  50872.725    31.6799     5.3111     13.000     5.3102    25.0099     3.1932     4.5635     44.482    139.131    142.611    0.00360    7.17867   10.25904  312.77711   16.08822 7.1763e+00     1.2937     0.6490    85.0186 0.0000e+00
