CTD-processing/allCTD/CNV/2017_11-02_t6_s02_cast078_4141.cnv
* Sea-Bird SBE19plus Data File:
* FileName = C:\Users\Kim.Powell\Desktop\Not Processed\2017\2017_11-02_\2017_11-02_TRANSECT_STATION_cast078.hex
* Software Version 1.59
* Temperature SN =  4141
* Conductivity SN =  4141
* System UpLoad Time = Nov 07 2017 08:12:04
** 2017_11-02
** Station: 6-02
** Start Time: 12:32
** Depth (m): 51.8
** Comment: Edgecumbe
** Comment:
# nquan = 27
# nvalues = 50                          
# units = specified
# name 0 = scan: Scan Count
# name 1 = timeJ: Julian Days
# name 2 = timeH: Time, Elapsed [hours]
# name 3 = timeM: Time, Elapsed [minutes]
# name 4 = timeS: Time, Elapsed [seconds]
# name 5 = prdM: Pressure, Strain Gauge [db]
# name 6 = specc: Specific Conductance [uS/cm]
# name 7 = sal00: Salinity, Practical [PSU]
# name 8 = tv290C: Temperature [ITS-90, deg C]
# name 9 = depSM: Depth [salt water, m], lat = 59.00
# name 10 = potemp090C: Potential Temperature [ITS-90, deg C]
# name 11 = sigma-é00: Density [sigma-theta, kg/m^3]
# name 12 = sbeox0ML/L: Oxygen, SBE 43 [ml/l]
# name 13 = sbeox0Mg/L: Oxygen, SBE 43 [mg/l]
# name 14 = sbeox0PS: Oxygen, SBE 43 [% saturation]
# name 15 = sbox0Mm/Kg: Oxygen, SBE 43 [umol/kg]
# name 16 = sbeox0Mm/L: Oxygen, SBE 43 [umol/l]
# name 17 = sbox0dV/dT: Oxygen, SBE 43 [dov/dt]
# name 18 = oxsolML/L: Oxygen Saturation, Garcia & Gordon [ml/l]
# name 19 = oxsolMg/L: Oxygen Saturation, Garcia & Gordon [mg/l]
# name 20 = oxsolMm/Kg: Oxygen Saturation, Garcia & Gordon [umol/kg]
# name 21 = n2satMg/L: Nitrogen Saturation [mg/l]
# name 22 = par: PAR/Irradiance, Biospherical/Licor
# name 23 = wetStar: Fluorescence, WET Labs WETstar [mg/m^3]
# name 24 = CStarAt0: Beam Attenuation, WET Labs C-Star [1/m]
# name 25 = CStarTr0: Beam Transmission, WET Labs C-Star [%]
# name 26 = flag: flag
# span 0 =        274,        519       
# span 1 = 306.523499, 306.524207       
# span 2 =    0.01899,    0.03598       
# span 3 =     1.1392,     2.1590       
# span 4 =     68.351,    129.539       
# span 5 =      1.049,     50.472       
# span 6 =  48524.976,  48777.708       
# span 7 =    30.7161,    30.8735       
# span 8 =     9.2075,     9.2379       
# span 9 =      1.000,     50.000       
# span 10 =     9.2041,     9.2364      
# span 11 =    23.7298,    23.8575      
# span 12 =     2.7439,     2.7740      
# span 13 =     3.9214,     3.9643      
# span 14 =     41.570,     42.042      
# span 15 =    119.703,    121.000      
# span 16 =    122.544,    123.887      
# span 17 =   -0.00081,    0.00096      
# span 18 =    6.59810,    6.60082      
# span 19 =    9.42933,    9.43324      
# span 20 =  287.80505,  287.95904      
# span 21 =   14.90030,   14.90827      
# span 22 = 6.2636e-01, 1.8470e+02      
# span 23 =     0.3769,     1.0229      
# span 24 =     0.2472,     0.4590      
# span 25 =    89.1429,    94.0073      
# span 26 = 0.0000e+00, 0.0000e+00      
# interval = meters: 1                  
# start_time = Nov 02 2017 12:32:42 [Instrument's time stamp, header]
# bad_flag = -9.990e-29
*END*
        274 306.523499    0.01899     1.1392     68.351      1.049  48525.783    30.7187     9.2355      1.000     9.2359    23.7317     2.7456     3.9236     41.593    119.773    122.615   -0.00017    6.60082    9.43324  287.95904   14.90827 1.3568e+02     0.5351     0.4590    89.1429 0.0000e+00
        279 306.523513    0.01930     1.1580     69.479      2.015  48524.976    30.7178     9.2364      2.000     9.2363    23.7310     2.7457     3.9238     41.597    119.780    122.622   -0.00003    6.60072    9.43310  287.95498   14.90808 1.8470e+02     0.4828     0.3059    92.6397 0.0000e+00
        285 306.523529    0.01969     1.1815     70.890      3.029  48528.479    30.7199     9.2361      3.000     9.2357    23.7326     2.7510     3.9315     41.678    120.012    122.861    0.00071    6.60069    9.43305  287.95299   14.90798 1.6148e+02     0.5577     0.2915    92.9709 0.0000e+00
        290 306.523545    0.02008     1.2046     72.275      4.042  48530.244    30.7207     9.2361      4.000     9.2357    23.7333     2.7439     3.9214     41.570    119.703    122.544   -0.00068    6.60066    9.43300  287.95132   14.90790 1.0611e+02     0.7611     0.2854    93.1137 0.0000e+00
        294 306.523557    0.02037     1.2223     73.339      5.050  48529.683    30.7199     9.2363      5.000     9.2358    23.7325     2.7495     3.9293     41.655    119.945    122.792    0.00012    6.60066    9.43300  287.95158   14.90791 1.0439e+02     0.5520     0.2871    93.0731 0.0000e+00
        298 306.523569    0.02066     1.2395     74.372      6.046  48528.388    30.7186     9.2365      6.000     9.2360    23.7315     2.7544     3.9363     41.729    120.159    123.011    0.00096    6.60069    9.43305  287.95341   14.90801 8.3237e+01     0.6169     0.2834    93.1590 0.0000e+00
        305 306.523588    0.02112     1.2671     76.027      7.076  48527.651    30.7177     9.2371      7.000     9.2364    23.7308     2.7503     3.9304     41.667    119.980    122.827   -0.00023    6.60063    9.43297  287.95103   14.90790 8.6211e+01     0.6258     0.2825    93.1806 0.0000e+00
        310 306.523602    0.02144     1.2864     77.183      8.074  48531.573    30.7200     9.2371      8.000     9.2362    23.7326     2.7521     3.9330     41.695    120.059    122.908    0.00013    6.60053    9.43282  287.94616   14.90765 6.7332e+01     1.0229     0.2791    93.2596 0.0000e+00
        314 306.523615    0.02177     1.3062     78.372      9.093  48536.511    30.7230     9.2369      9.000     9.2360    23.7350     2.7577     3.9411     41.781    120.305    123.160    0.00073    6.60043    9.43268  287.94120   14.90740 5.0028e+01     0.8089     0.2751    93.3536 0.0000e+00
        318 306.523626    0.02201     1.3208     79.250     10.093  48538.810    30.7242     9.2370     10.000     9.2360    23.7360     2.7550     3.9373     41.740    120.187    123.040    0.00034    6.60037    9.43259  287.93811   14.90725 4.9195e+01     0.6324     0.2837    93.1530 0.0000e+00
        323 306.523639    0.02234     1.3405     80.430     11.100  48537.778    30.7231     9.2374     11.000     9.2364    23.7351     2.7540     3.9357     41.724    120.141    122.993   -0.00013    6.60037    9.43258  287.93816   14.90726 4.8571e+01     0.7669     0.2785    93.2744 0.0000e+00
        328 306.523656    0.02274     1.3644     81.864     12.117  48537.591    30.7226     9.2376     12.000     9.2363    23.7346     2.7532     3.9345     41.713    120.106    122.957   -0.00025    6.60035    9.43256  287.93762   14.90724 4.0597e+01     0.9248     0.2757    93.3380 0.0000e+00
        333 306.523669    0.02305     1.3830     82.979     13.125  48535.140    30.7204     9.2376     13.000     9.2361    23.7330     2.7572     3.9402     41.772    120.280    123.135    0.00036    6.60044    9.43269  287.94200   14.90746 3.3848e+01     0.6470     0.2817    93.1996 0.0000e+00
        337 306.523681    0.02333     1.4003     84.017     14.136  48536.442    30.7209     9.2375     14.000     9.2361    23.7334     2.7577     3.9411     41.782    120.306    123.162    0.00030    6.60044    9.43269  287.94189   14.90745 3.1767e+01     1.0034     0.2872    93.0717 0.0000e+00
        342 306.523694    0.02365     1.4189     85.134     15.135  48537.751    30.7214     9.2376     15.000     9.2360    23.7338     2.7577     3.9411     41.782    120.306    123.162    0.00013    6.60041    9.43264  287.94040   14.90737 2.8479e+01     0.6462     0.2878    93.0579 0.0000e+00
        348 306.523712    0.02410     1.4457     86.743     16.162  48539.117    30.7220     9.2376     16.000     9.2360    23.7342     2.7561     3.9388     41.757    120.235    123.088   -0.00025    6.60038    9.43261  287.93910   14.90731 2.3693e+01     0.9733     0.2875    93.0636 0.0000e+00
        352 306.523724    0.02437     1.4624     87.741     17.158  48538.326    30.7210     9.2377     17.000     9.2357    23.7334     2.7585     3.9422     41.793    120.340    123.196    0.00022    6.60041    9.43265  287.94051   14.90738 2.2978e+01     0.7446     0.2756    93.3417 0.0000e+00
        357 306.523737    0.02469     1.4815     88.887     18.167  48532.063    30.7161     9.2370     18.000     9.2349    23.7298     2.7602     3.9446     41.817    120.414    123.271    0.00024    6.60073    9.43309  287.95537   14.90811 2.0273e+01     0.7747     0.2780    93.2860 0.0000e+00
        362 306.523752    0.02505     1.5029     90.177     19.190  48545.946    30.7254     9.2373     19.000     9.2358    23.7370     2.7602     3.9447     41.820    120.414    123.272    0.00009    6.60027    9.43245  287.93359   14.90703 1.7226e+01     0.9630     0.2649    93.5923 0.0000e+00
        366 306.523764    0.02533     1.5197     91.182     20.183  48543.154    30.7231     9.2379     20.000     9.2356    23.7351     2.7603     3.9447     41.821    120.417    123.274    0.00011    6.60029    9.43247  287.93473   14.90710 1.5129e+01     0.8484     0.2582    93.7491 0.0000e+00
        371 306.523779    0.02568     1.5412     92.474     21.203  48555.844    30.7314     9.2368     21.000     9.2331    23.7418     2.7593     3.9433     41.806    120.370    123.228   -0.00013    6.60009    9.43219  287.92426   14.90657 1.3733e+01     0.7584     0.2599    93.7105 0.0000e+00
        375 306.523791    0.02599     1.5594     93.563     22.207  48597.963    30.7599     9.2317     22.000     9.2263    23.7648     2.7601     3.9443     41.821    120.401    123.262   -0.00009    6.59963    9.43152  287.89739   14.90516 1.2550e+01     0.8339     0.2616    93.6688 0.0000e+00
        380 306.523806    0.02634     1.5805     94.828     23.216  48612.720    30.7691     9.2264     23.000     9.2242    23.7729     2.7637     3.9496     41.875    120.562    123.428    0.00046    6.60001    9.43208  287.91203   14.90582 1.0737e+01     0.6527     0.2651    93.5882 0.0000e+00
        386 306.523822    0.02675     1.6045     96.272     24.231  48606.547    30.7646     9.2284     24.000     9.2257    23.7690     2.7572     3.9404     41.777    120.278    123.137   -0.00081    6.59991    9.43194  287.90878   14.90569 9.8365e+00     0.7184     0.2599    93.7091 0.0000e+00
        391 306.523836    0.02705     1.6234     97.403     25.245  48621.684    30.7746     9.2268     25.000     9.2234    23.7771     2.7638     3.9497     41.877    120.564    123.431    0.00042    6.59973    9.43168  287.89863   14.90516 8.6303e+00     0.8033     0.2603    93.6989 0.0000e+00
        394 306.523845    0.02729     1.6376     98.256     26.242  48618.227    30.7716     9.2261     26.000     9.2215    23.7749     2.7644     3.9506     41.884    120.590    123.458    0.00044    6.59994    9.43198  287.90853   14.90565 7.7021e+00     0.6754     0.2602    93.7006 0.0000e+00
        399 306.523861    0.02767     1.6599     99.595     27.251  48708.116    30.8330     9.2169     27.000     9.2109    23.8243     2.7625     3.9479     41.864    120.502    123.373   -0.00002    6.59869    9.43018  287.83970   14.90210 6.9944e+00     0.4524     0.2666    93.5534 0.0000e+00
        407 306.523882    0.02816     1.6896    101.376     28.283  48710.121    30.8333     9.2121     28.000     9.2104    23.8253     2.7621     3.9473     41.853    120.483    123.353   -0.00031    6.59938    9.43117  287.86957   14.90353 6.0957e+00     0.5337     0.2608    93.6877 0.0000e+00
        410 306.523891    0.02837     1.7025    102.151     29.267  48702.186    30.8275     9.2136     29.000     9.2116    23.8206     2.7673     3.9547     41.932    120.710    123.585    0.00074    6.59940    9.43120  287.87195   14.90367 5.4624e+00     0.7640     0.2610    93.6844 0.0000e+00
        414 306.523904    0.02869     1.7214    103.282     30.277  48727.678    30.8450     9.2135     30.000     9.2085    23.8343     2.7654     3.9520     41.908    120.627    123.502    0.00020    6.59868    9.43018  287.83673   14.90192 4.9468e+00     0.6846     0.2587    93.7368 0.0000e+00
        422 306.523926    0.02922     1.7530    105.178     31.302  48759.511    30.8661     9.2075     31.000     9.2041    23.8517     2.7649     3.9514     41.901    120.605    123.482   -0.00001    6.59866    9.43014  287.83091   14.90155 4.4208e+00     0.4527     0.2586    93.7383 0.0000e+00
        427 306.523940    0.02956     1.7737    106.422     32.308  48757.891    30.8645     9.2078     32.000     9.2044    23.8505     2.7655     3.9521     41.910    120.629    123.506   -0.00005    6.59868    9.43018  287.83222   14.90162 3.9856e+00     0.6076     0.2638    93.6163 0.0000e+00
        431 306.523952    0.02985     1.7912    107.475     33.309  48756.087    30.8629     9.2079     33.000     9.2045    23.8491     2.7681     3.9558     41.948    120.742    123.621    0.00034    6.59874    9.43025  287.83494   14.90176 3.5655e+00     0.4099     0.2620    93.6590 0.0000e+00
        436 306.523967    0.03022     1.8129    108.775     34.328  48755.576    30.8621     9.2080     34.000     9.2045    23.8485     2.7656     3.9523     41.911    120.635    123.512   -0.00013    6.59876    9.43028  287.83590   14.90181 3.1791e+00     0.7802     0.2581    93.7509 0.0000e+00
        441 306.523982    0.03057     1.8344    110.067     35.331  48758.599    30.8638     9.2081     35.000     9.2044    23.8499     2.7657     3.9524     41.913    120.639    123.516   -0.00021    6.59868    9.43017  287.83196   14.90162 2.8816e+00     0.3994     0.2563    93.7918 0.0000e+00
        447 306.523999    0.03096     1.8579    111.474     36.348  48759.604    30.8641     9.2081     36.000     9.2044    23.8501     2.7676     3.9552     41.942    120.723    123.602    0.00019    6.59865    9.43014  287.83112   14.90158 2.5356e+00     0.5993     0.2555    93.8115 0.0000e+00
        452 306.524012    0.03130     1.8778    112.666     37.352  48761.152    30.8648     9.2084     37.000     9.2046    23.8506     2.7709     3.9599     41.992    120.865    123.749    0.00048    6.59859    9.43004  287.82790   14.90141 2.2834e+00     0.5901     0.2528    93.8761 0.0000e+00
        457 306.524027    0.03164     1.8981    113.886     38.360  48764.775    30.8669     9.2084     38.000     9.2044    23.8523     2.7667     3.9538     41.929    120.680    123.559   -0.00024    6.59848    9.42990  287.82323   14.90119 2.0625e+00     0.6026     0.2514    93.9084 0.0000e+00
        462 306.524041    0.03199     1.9194    115.162     39.371  48766.179    30.8674     9.2084     39.000     9.2044    23.8527     2.7679     3.9556     41.947    120.733    123.613   -0.00023    6.59846    9.42986  287.82207   14.90113 1.8534e+00     0.3769     0.2538    93.8523 0.0000e+00
        467 306.524056    0.03234     1.9403    116.419     40.379  48769.115    30.8691     9.2085     40.000     9.2043    23.8540     2.7707     3.9597     41.992    120.859    123.741    0.00039    6.59838    9.42974  287.81793   14.90092 1.6654e+00     0.6874     0.2538    93.8520 0.0000e+00
        474 306.524078    0.03286     1.9713    118.279     41.399  48776.024    30.8735     9.2085     41.000     9.2041    23.8575     2.7699     3.9584     41.979    120.818    123.700    0.00012    6.59820    9.42948  287.80902   14.90048 1.5186e+00     0.6194     0.2524    93.8857 0.0000e+00
        479 306.524090    0.03316     1.9899    119.392     42.402  48774.463    30.8719     9.2084     42.000     9.2041    23.8564     2.7706     3.9596     41.991    120.854    123.738    0.00014    6.59828    9.42960  287.81285   14.90067 1.3663e+00     0.4848     0.2472    94.0073 0.0000e+00
        482 306.524101    0.03341     2.0048    120.289     43.398  48776.336    30.8729     9.2086     43.000     9.2043    23.8570     2.7708     3.9597     41.993    120.859    123.743    0.00011    6.59820    9.42950  287.80949   14.90050 1.2316e+00     0.7025     0.2529    93.8720 0.0000e+00
        490 306.524122    0.03393     2.0355    122.129     44.425  48772.310    30.8697     9.2090     44.000     9.2045    23.8544     2.7698     3.9583     41.977    120.816    123.698   -0.00017    6.59829    9.42961  287.81380   14.90072 1.1347e+00     0.6888     0.2565    93.7887 0.0000e+00
        495 306.524139    0.03433     2.0596    123.573     45.435  48769.065    30.8670     9.2092     45.000     9.2046    23.8524     2.7734     3.9635     42.032    120.976    123.861    0.00046    6.59837    9.42973  287.81794   14.90093 1.0138e+00     0.6038     0.2534    93.8606 0.0000e+00
        499 306.524149    0.03458     2.0751    124.504     46.432  48768.641    30.8663     9.2094     46.000     9.2046    23.8518     2.7730     3.9630     42.027    120.960    123.845    0.00013    6.59837    9.42973  287.81837   14.90096 9.1306e-01     0.7060     0.2608    93.6880 0.0000e+00
        504 306.524164    0.03492     2.0953    125.717     47.447  48768.849    30.8660     9.2094     47.000     9.2046    23.8516     2.7727     3.9625     42.021    120.944    123.829    0.00007    6.59838    9.42974  287.81862   14.90097 8.3010e-01     0.5817     0.2561    93.7989 0.0000e+00
        510 306.524180    0.03532     2.1191    127.144     48.468  48771.738    30.8676     9.2096     48.000     9.2047    23.8529     2.7697     3.9582     41.977    120.815    123.697   -0.00050    6.59828    9.42961  287.81416   14.90075 7.5696e-01     0.8712     0.2524    93.8865 0.0000e+00
        514 306.524192    0.03560     2.1363    128.178     49.462  48777.708    30.8714     9.2098     49.000     9.2046    23.8558     2.7721     3.9616     42.013    120.917    123.801   -0.00003    6.59810    9.42933  287.80505   14.90030 6.7896e-01     0.8046     0.2512    93.9139 0.0000e+00
        519 306.524207    0.03598     2.1590    129.539     50.472  48775.712    30.8696     9.2098     50.000     9.2047    23.8544     2.7740     3.9643     42.042    121.000    123.887    0.00020    6.59817    9.42945  287.80905   14.90050 6.2636e-01     0.5118     0.2552    93.8212 0.0000e+00
