CTD-processing/allCTD/CNV/2017_04-20_t9_s02_cast157_4141.cnv
* Sea-Bird SBE19plus Data File:
* FileName = P:\My Documents\kasitsna\Research-KBL\Oceanography-AK\CTD-Data-ALL-to-2017-02\2017-CTD-KachemakBay-CookInlet\2017-04-20-CookInlet-Tran9-HomerSpit\2017-04-20-CookInlet-Tran9-cast157.hex
* Software Version 1.59
* Temperature SN =  4141
* Conductivity SN =  4141
* System UpLoad Time = Apr 24 2017 21:46:21
** Cook Inlet LTM Transect 9 Homer Spit south to north
** Date: 2017-04-20
** Station: (eg. 9-01): 9-02
** Start time (AKDT): 21:31
** Depth (m): N/A
** Comment: R/V Alaska Dreamcatcher
** Comment:
# nquan = 27
# nvalues = 74                          
# units = specified
# name 0 = scan: Scan Count
# name 1 = timeJ: Julian Days
# name 2 = timeH: Time, Elapsed [hours]
# name 3 = timeM: Time, Elapsed [minutes]
# name 4 = timeS: Time, Elapsed [seconds]
# name 5 = prdM: Pressure, Strain Gauge [db]
# name 6 = specc: Specific Conductance [uS/cm]
# name 7 = sal00: Salinity, Practical [PSU]
# name 8 = tv290C: Temperature [ITS-90, deg C]
# name 9 = depSM: Depth [salt water, m], lat = 59.00
# name 10 = potemp090C: Potential Temperature [ITS-90, deg C]
# name 11 = sigma-é00: Density [sigma-theta, kg/m^3]
# name 12 = sbeox0ML/L: Oxygen, SBE 43 [ml/l]
# name 13 = sbeox0Mg/L: Oxygen, SBE 43 [mg/l]
# name 14 = sbeox0PS: Oxygen, SBE 43 [% saturation]
# name 15 = sbox0Mm/Kg: Oxygen, SBE 43 [umol/kg]
# name 16 = sbeox0Mm/L: Oxygen, SBE 43 [umol/l]
# name 17 = sbox0dV/dT: Oxygen, SBE 43 [dov/dt]
# name 18 = oxsolML/L: Oxygen Saturation, Garcia & Gordon [ml/l]
# name 19 = oxsolMg/L: Oxygen Saturation, Garcia & Gordon [mg/l]
# name 20 = oxsolMm/Kg: Oxygen Saturation, Garcia & Gordon [umol/kg]
# name 21 = n2satMg/L: Nitrogen Saturation [mg/l]
# name 22 = par: PAR/Irradiance, Biospherical/Licor
# name 23 = wetStar: Fluorescence, WET Labs WETstar [mg/m^3]
# name 24 = CStarAt0: Beam Attenuation, WET Labs C-Star [1/m]
# name 25 = CStarTr0: Beam Transmission, WET Labs C-Star [%]
# name 26 = flag: flag
# span 0 =        111,        514       
# span 1 = 110.897263, 110.898428       
# span 2 =    0.00765,    0.03560       
# span 3 =     0.4593,     2.1360       
# span 4 =     27.560,    128.161       
# span 5 =      1.017,     74.695       
# span 6 =  49677.144,  51929.651       
# span 7 =    31.0169,    32.0350       
# span 8 =     3.8277,     6.0977       
# span 9 =      1.000,     74.000       
# span 10 =     3.8228,     6.1076      
# span 11 =    24.3950,    25.4450      
# span 12 =     3.3632,     4.0469      
# span 13 =     4.8063,     5.7834      
# span 14 =     47.503,     54.522      
# span 15 =    146.621,    176.248      
# span 16 =    150.198,    180.733      
# span 17 =   -0.00043,    0.00508      
# span 18 =    7.07753,    7.42242      
# span 19 =   10.11449,   10.60739      
# span 20 =  308.55495,  323.26017      
# span 21 =   15.88983,   16.58562      
# span 22 = 3.6310e-02, 3.3623e+00      
# span 23 =     0.6086,    14.7485      
# span 24 =     0.6137,     1.5526      
# span 25 =    67.8372,    85.7750      
# span 26 = 0.0000e+00, 0.0000e+00      
# interval = meters: 1                  
# start_time = Apr 20 2017 21:31:36 [Instrument's time stamp, header]
# bad_flag = -9.990e-29
*END*
        111 110.897263    0.00765     0.4593     27.560      1.017  50000.392    31.2031     5.9068      1.000     5.9291    24.5645     3.4457     4.9243     48.527    150.196    153.886   -0.00039    7.10049   10.14731  309.50348   15.93426 3.3623e+00     3.7921     1.4788    69.9505 0.0000e+00
        253 110.897675    0.01753     1.0514     63.081      2.023  49681.732    31.0178     6.0829      2.000     6.1076    24.3976     3.3632     4.8063     47.503    146.621    150.198   -0.00043    7.07995   10.11796  308.66019   15.89485 2.4030e+00     6.2831     1.2723    72.6635 0.0000e+00
        245 110.897649    0.01692     1.0151     60.907      3.029  49677.144    31.0169     6.0977      3.000     6.0356    24.3950     3.3696     4.8155     47.611    146.904    150.487   -0.00026    7.07753   10.11449  308.55495   15.88983 1.7079e+00     5.5576     1.2685    72.8265 0.0000e+00
        248 110.897660    0.01718     1.0307     61.843      4.037  49962.312    31.1772     5.9097      4.000     5.7729    24.5438     3.3841     4.8361     47.654    147.511    151.132    0.00011    7.10137   10.14858  309.54978   15.93657 1.2906e+00     4.0549     1.0362    77.1901 0.0000e+00
        252 110.897672    0.01744     1.0467     62.799      5.049  50411.824    31.4454     5.6985      5.000     5.6504    24.7803     3.4030     4.8632     47.767    148.303    151.978    0.00067    7.12414   10.18111  310.47045   15.97933 1.0039e+00     3.5756     0.9628    78.6093 0.0000e+00
        256 110.897682    0.01771     1.0623     63.740      6.055  50717.254    31.6381     5.6113      6.000     5.5757    24.9427     3.4177     4.8843     47.937    148.921    152.636    0.00198    7.12968   10.18903  310.66294   15.98771 7.7848e-01     3.2674     0.9442    78.9728 0.0000e+00
        260 110.897693    0.01797     1.0778     64.667      7.066  50907.929    31.7610     5.5710      7.000     5.5622    25.0445     3.4273     4.8979     48.064    149.322    153.062    0.00244    7.13067   10.19044  310.67503   15.98778 5.9396e-01     3.7388     0.9814    78.2449 0.0000e+00
        263 110.897704    0.01822     1.0933     65.598      8.075  50966.463    31.7951     5.5426      8.000     5.5143    25.0747     3.4389     4.9146     48.207    149.827    153.584    0.00294    7.13384   10.19496  310.80363   15.99377 4.5032e-01     4.0221     1.0959    76.0354 0.0000e+00
        267 110.897715    0.01848     1.1090     66.540      9.085  51023.003    31.8199     5.4764      9.000     5.4374    25.1019     3.4480     4.9276     48.266    150.218    153.989    0.00257    7.14386   10.20929  311.23236   16.01409 3.4139e-01     5.0074     1.0617    76.6887 0.0000e+00
        271 110.897726    0.01874     1.1246     67.478     10.096  51083.578    31.8468     5.4069     10.000     5.3658    25.1311     3.4550     4.9376     48.293    150.520    154.303    0.00189    7.15436   10.22430  311.68094   16.03534 2.6259e-01     5.7709     0.9985    77.9111 0.0000e+00
        275 110.897736    0.01900     1.1400     68.399     11.104  51134.920    31.8673     5.3387     11.000     5.3082    25.1551     3.4666     4.9541     48.382    151.020    154.819    0.00193    7.16499   10.23949  312.13665   16.05696 2.0463e-01     6.1021     1.0288    77.3244 0.0000e+00
        278 110.897747    0.01926     1.1554     69.325     12.114  51134.688    31.8544     5.2802     12.000     5.2294    25.1514     3.4727     4.9628     48.396    151.285    155.090    0.00157    7.17560   10.25465  312.59992   16.07907 1.5737e-01     5.6914     1.1338    75.3213 0.0000e+00
        282 110.897758    0.01951     1.1707     70.244     13.123  51180.152    31.8646     5.1831     13.000     5.1447    25.1702     3.4886     4.9855     48.508    151.975    155.800    0.00156    7.19172   10.27769  313.29644   16.11219 1.1772e-01     6.3360     1.2670    72.8582 0.0000e+00
        286 110.897768    0.01976     1.1859     71.154     14.131  51219.421    31.8782     5.1232     14.000     5.0872    25.1877     3.5078     5.0130     48.710    152.809    156.658    0.00300    7.20135   10.29145  313.71078   16.13187 9.0036e-02     7.8111     1.3330    71.6610 0.0000e+00
        289 110.897779    0.02002     1.2013     72.078     15.143  51227.450    31.8651     5.0397     15.000     4.9789    25.1865     3.5161     5.0249     48.724    153.172    157.031    0.00228    7.21636   10.31291  314.36497   16.16307 6.8554e-02     8.9707     1.5421    68.0265 0.0000e+00
        293 110.897789    0.02028     1.2167     73.000     16.151  51327.291    31.9107     4.9362     16.000     4.9036    25.2338     3.5318     5.0474     48.837    153.852    157.735    0.00215    7.23204   10.33531  315.03341   16.19470 5.3526e-02    10.0744     1.5526    67.8372 0.0000e+00
        297 110.897800    0.02054     1.2320     73.922     17.162  51390.722    31.9439     4.8909     17.000     4.8790    25.2650     3.5509     5.0746     49.057    154.674    158.582    0.00347    7.23830   10.34424  315.29611   16.20707 4.5127e-02    14.5329     1.4055    70.3798 0.0000e+00
        300 110.897811    0.02078     1.2472     74.829     18.169  51410.323    31.9527     4.8726     18.000     4.8645    25.2740     3.5607     5.0886     49.174    155.099    159.019    0.00350    7.24104   10.34816  315.41301   16.21260 4.0396e-02    14.7485     1.2416    73.3247 0.0000e+00
        304 110.897821    0.02105     1.2628     75.770     19.180  51421.044    31.9573     4.8619     19.000     4.8558    25.2787     3.5687     5.1000     49.273    155.447    159.377    0.00321    7.24269   10.35052  315.48325   16.21592 3.7326e-02    13.3473     1.1903    74.2618 0.0000e+00
        308 110.897833    0.02131     1.2785     76.713     20.192  51432.785    31.9628     4.8529     20.000     4.8521    25.2841     3.5837     5.1214     49.471    156.100    160.046    0.00383    7.24396   10.35235  315.53745   16.21849 3.6310e-02    10.8797     1.1278    75.4320 0.0000e+00
        311 110.897843    0.02156     1.2937     77.619     21.198  51456.351    31.9806     4.8624     21.000     4.8718    25.2972     3.5958     5.1388     49.657    156.627    160.589    0.00439    7.24146   10.34876  315.42406   16.21302 3.6383e-02    11.0587     1.1035    75.8928 0.0000e+00
        315 110.897854    0.02182     1.3093     78.560     22.210  51436.401    31.9697     4.8774     22.000     4.8715    25.2870     3.6046     5.1514     49.791    157.012    160.982    0.00423    7.23938   10.34581  315.33707   16.20892 3.6382e-02    10.7285     1.0581    76.7578 0.0000e+00
        319 110.897864    0.02208     1.3247     79.482     23.219  51410.993    31.9483     4.8614     23.000     4.8253    25.2716     3.6198     5.1730     49.975    157.675    161.661    0.00445    7.24320   10.35126  315.50808   16.21715 3.6382e-02    10.4712     0.9988    77.9037 0.0000e+00
        323 110.897875    0.02233     1.3398     80.389     24.227  51419.536    31.9386     4.7938     24.000     4.7546    25.2712     3.6418     5.2045     50.194    158.633    162.641    0.00508    7.25543   10.36873  316.04069   16.24254 3.6382e-02    10.5039     0.9213    79.4269 0.0000e+00
        326 110.897886    0.02259     1.3552     81.311     25.238  51466.603    31.9561     4.7300     25.000     4.7048    25.2918     3.6532     5.2208     50.280    159.128    163.153    0.00429    7.26571   10.38342  316.48204   16.26347 3.6382e-02     9.4054     0.9132    79.5899 0.0000e+00
        330 110.897896    0.02284     1.3705     82.229     26.246  51503.610    31.9725     4.6923     26.000     4.6760    25.3088     3.6648     5.2374     50.400    159.632    163.673    0.00397    7.27149   10.39169  316.72892   16.27516 3.6382e-02     7.9935     0.8317    81.2272 0.0000e+00
        334 110.897907    0.02310     1.3858     83.150     27.257  51521.694    31.9787     4.6671     27.000     4.6548    25.3164     3.6808     5.2601     50.591    160.325    164.383    0.00427    7.27560   10.39756  316.90534   16.28353 3.6382e-02     6.7164     0.7564    82.7716 0.0000e+00
        337 110.897918    0.02335     1.4013     84.080     28.267  51536.431    31.9844     4.6498     28.000     4.6410    25.3228     3.6890     5.2720     50.685    160.684    164.752    0.00399    7.27835   10.40149  317.02307   16.28911 3.6382e-02     5.7393     0.7001    83.9441 0.0000e+00
        341 110.897928    0.02361     1.4168     85.008     29.275  51546.631    31.9882     4.6380     29.000     4.6327    25.3270     3.6959     5.2819     50.767    160.984    165.061    0.00338    7.28024   10.40418  317.10389   16.29294 3.6382e-02     5.1523     0.6958    84.0357 0.0000e+00
        345 110.897939    0.02387     1.4324     85.942     30.286  51550.388    31.9892     4.6331     30.000     4.6287    25.3283     3.7117     5.3044     50.977    161.670    165.765    0.00407    7.28104   10.40534  317.13904   16.29461 3.6382e-02     4.3783     0.6633    84.7201 0.0000e+00
        348 110.897950    0.02413     1.4477     86.863     31.295  51551.760    31.9885     4.6281     31.000     4.6235    25.3282     3.7204     5.3168     51.091    162.050    166.154    0.00390    7.28195   10.40665  317.17857   16.29649 3.6382e-02     4.5689     0.6676    84.6287 0.0000e+00
        352 110.897960    0.02439     1.4632     87.791     32.305  51554.443    31.9889     4.6239     32.000     4.6196    25.3290     3.7286     5.3286     51.198    162.409    166.522    0.00361    7.28268   10.40767  317.20964   16.29796 3.6382e-02     4.7332     0.6692    84.5953 0.0000e+00
        356 110.897971    0.02464     1.4784     88.702     33.314  51557.924    31.9901     4.6211     33.000     4.6177    25.3303     3.7389     5.3433     51.337    162.856    166.981    0.00368    7.28312   10.40831  317.22855   16.29886 3.6382e-02     5.0767     0.6763    84.4451 0.0000e+00
        360 110.897982    0.02490     1.4938     89.625     34.323  51555.822    31.9873     4.6174     34.000     4.6115    25.3285     3.7495     5.3584     51.476    163.314    167.450    0.00385    7.28389   10.40941  317.26283   16.30050 3.6382e-02     4.5726     0.6797    84.3744 0.0000e+00
        363 110.897993    0.02516     1.5094     90.562     35.334  51562.741    31.9904     4.6123     35.000     4.6085    25.3315     3.7597     5.3731     51.612    163.762    167.910    0.00374    7.28464   10.41048  317.29445   16.30200 3.6382e-02     4.4011     0.6721    84.5335 0.0000e+00
        367 110.898003    0.02542     1.5248     91.488     36.343  51562.123    31.9888     4.6094     36.000     4.6040    25.3305     3.7693     5.3867     51.739    164.178    168.336    0.00379    7.28524   10.41134  317.32087   16.30326 3.6382e-02     3.9816     0.6699    84.5803 0.0000e+00
        371 110.898014    0.02567     1.5401     92.405     37.351  51558.323    31.9844     4.6036     37.000     4.5924    25.3276     3.7748     5.3946     51.806    164.418    168.583    0.00324    7.28647   10.41309  317.37524   16.30587 3.6382e-02     4.2071     0.6675    84.6314 0.0000e+00
        374 110.898025    0.02593     1.5558     93.350     38.362  51562.370    31.9821     4.5834     38.000     4.5698    25.3278     3.7834     5.4068     51.898    164.793    168.967    0.00291    7.29011   10.41829  317.53381   16.31342 3.6382e-02     4.2414     0.6709    84.5588 0.0000e+00
        378 110.898035    0.02619     1.5713     94.280     39.372  51576.794    31.9871     4.5643     39.000     4.5543    25.3338     3.8000     5.4307     52.103    165.517    169.710    0.00368    7.29322   10.42274  317.66750   16.31977 3.6382e-02     4.0454     0.6451    85.1077 0.0000e+00
        382 110.898046    0.02645     1.5867     95.199     40.382  51583.526    31.9881     4.5512     40.000     4.5416    25.3360     3.8129     5.4491     52.265    166.078    170.286    0.00412    7.29548   10.42597  317.76530   16.32441 3.6382e-02     3.0018     0.6344    85.3348 0.0000e+00
        386 110.898057    0.02671     1.6022     96.131     41.391  51595.651    31.9935     4.5406     41.000     4.5357    25.3414     3.8218     5.4617     52.374    166.462    170.679    0.00379    7.29707   10.42825  317.83311   16.32762 3.6382e-02     3.9639     0.6385    85.2473 0.0000e+00
        389 110.898067    0.02695     1.6174     97.041     42.400  51593.221    31.9905     4.5370     42.000     4.5279    25.3394     3.8273     5.4696     52.444    166.702    170.926    0.00332    7.29787   10.42938  317.86810   16.32930 3.6382e-02     3.3146     0.6621    84.7455 0.0000e+00
        393 110.898078    0.02721     1.6325     97.948     43.410  51594.664    31.9878     4.5233     43.000     4.5116    25.3387     3.8317     5.4759     52.487    166.895    171.124    0.00259    7.30041   10.43301  317.97894   16.33458 3.6382e-02     3.6671     0.6340    85.3427 0.0000e+00
        397 110.898089    0.02747     1.6481     98.887     44.419  51605.282    31.9912     4.5086     44.000     4.4986    25.3429     3.8435     5.4928     52.631    167.411    171.653    0.00299    7.30284   10.43649  318.08363   16.33955 3.6382e-02     3.4786     0.6445    85.1188 0.0000e+00
        400 110.898100    0.02773     1.6639     99.834     45.430  51606.926    31.9884     4.4937     45.000     4.4819    25.3422     3.8487     5.5001     52.681    167.633    171.881    0.00255    7.30561   10.44045  318.20442   16.34531 3.6382e-02     2.8796     0.6290    85.4485 0.0000e+00
        404 110.898111    0.02799     1.6794    100.766     46.441  51615.697    31.9904     4.4787     46.000     4.4688    25.3454     3.8555     5.5098     52.755    167.929    172.185    0.00230    7.30816   10.44409  318.31465   16.35055 3.6382e-02     2.7130     0.6556    84.8830 0.0000e+00
        408 110.898121    0.02824     1.6947    101.679     47.447  51619.888    31.9899     4.4660     47.000     4.4545    25.3462     3.8666     5.5258     52.892    168.415    172.683    0.00275    7.31042   10.44732  318.41283   16.35521 3.6382e-02     2.5156     0.6888    84.1814 0.0000e+00
        412 110.898133    0.02851     1.7105    102.630     48.459  51630.688    31.9933     4.4511     48.000     4.4428    25.3505     3.8759     5.5390     53.000    168.816    173.096    0.00277    7.31288   10.45084  318.51861   16.36023 3.6382e-02     2.5669     0.6742    84.4887 0.0000e+00
        415 110.898143    0.02877     1.7261    103.564     49.468  51638.271    31.9962     4.4432     49.000     4.4368    25.3536     3.8847     5.5516     53.112    169.200    173.491    0.00292    7.31413   10.45263  318.57224   16.36278 3.6382e-02     2.8559     0.6579    84.8347 0.0000e+00
        419 110.898154    0.02903     1.7418    104.508     50.478  51635.005    31.9920     4.4373     50.000     4.4265    25.3508     3.8923     5.5625     53.207    169.533    173.831    0.00271    7.31540   10.45443  318.62809   16.36545 3.6382e-02     2.3016     0.6421    85.1683 0.0000e+00
        423 110.898165    0.02930     1.7579    105.472     51.489  51625.376    31.9805     4.4184     51.000     4.3984    25.3437     3.9024     5.5770     53.317    169.975    174.283    0.00292    7.31929   10.46000  318.80006   16.37369 3.6382e-02     2.5404     0.6137    85.7750 0.0000e+00
        427 110.898176    0.02955     1.7734    106.406     52.497  51630.858    31.9770     4.3892     52.000     4.3620    25.3439     3.9113     5.5896     53.399    170.360    174.678    0.00256    7.32463   10.46763  319.03255   16.38476 3.6382e-02     2.4226     0.6384    85.2485 0.0000e+00
        430 110.898187    0.02982     1.7891    107.348     53.507  51640.351    31.9712     4.3386     53.000     4.3098    25.3443     3.9235     5.6070     53.498    170.891    175.222    0.00258    7.33390   10.48087  319.43593   16.40397 3.6382e-02     2.6895     0.6310    85.4088 0.0000e+00
