CTD-processing/allCTD/CNV/2017-07-24-kachemakbay-alongbay-cast215_4141.cnv
* Sea-Bird SBE19plus Data File:
* FileName = P:\My Documents\kasitsna\Research-KBL\Oceanography-AK\CTD-Data-ALL-to-2017-02\2017-CTD-KachemakBay-CookInlet\2017-07-24-CookInlet-AlongBay-KB03toKB13\2017-07-24-KachemakBay-AlongBay-cast215.hex
* Software Version 1.59
* Temperature SN =  4141
* Conductivity SN =  4141
* System UpLoad Time = Jul 24 2017 20:01:03
** Cook Inlet Along Kachemak Bay Transect (KB03 to KB13)
** Date: 2017-07-24
** Station: (eg. 9-01): to add
** Start time (AKDT): to add
** Depth (ft): to add
** Comment: R/V Edgecumbe.  Quarterly survey.
** Comment:
# nquan = 27
# nvalues = 149                         
# units = specified
# name 0 = scan: Scan Count
# name 1 = timeJ: Julian Days
# name 2 = timeH: Time, Elapsed [hours]
# name 3 = timeM: Time, Elapsed [minutes]
# name 4 = timeS: Time, Elapsed [seconds]
# name 5 = prdM: Pressure, Strain Gauge [db]
# name 6 = specc: Specific Conductance [uS/cm]
# name 7 = sal00: Salinity, Practical [PSU]
# name 8 = tv290C: Temperature [ITS-90, deg C]
# name 9 = depSM: Depth [salt water, m], lat = 59.00
# name 10 = potemp090C: Potential Temperature [ITS-90, deg C]
# name 11 = sigma-é00: Density [sigma-theta, kg/m^3]
# name 12 = sbeox0ML/L: Oxygen, SBE 43 [ml/l]
# name 13 = sbeox0Mg/L: Oxygen, SBE 43 [mg/l]
# name 14 = sbeox0PS: Oxygen, SBE 43 [% saturation]
# name 15 = sbox0Mm/Kg: Oxygen, SBE 43 [umol/kg]
# name 16 = sbeox0Mm/L: Oxygen, SBE 43 [umol/l]
# name 17 = sbox0dV/dT: Oxygen, SBE 43 [dov/dt]
# name 18 = oxsolML/L: Oxygen Saturation, Garcia & Gordon [ml/l]
# name 19 = oxsolMg/L: Oxygen Saturation, Garcia & Gordon [mg/l]
# name 20 = oxsolMm/Kg: Oxygen Saturation, Garcia & Gordon [umol/kg]
# name 21 = n2satMg/L: Nitrogen Saturation [mg/l]
# name 22 = par: PAR/Irradiance, Biospherical/Licor
# name 23 = wetStar: Fluorescence, WET Labs WETstar [mg/m^3]
# name 24 = CStarAt0: Beam Attenuation, WET Labs C-Star [1/m]
# name 25 = CStarTr0: Beam Transmission, WET Labs C-Star [%]
# name 26 = flag: flag
# span 0 =        170,       1045       
# span 1 = 205.540501, 205.543033       
# span 2 =    0.01174,    0.07250       
# span 3 =     0.7046,     4.3501       
# span 4 =     42.273,    261.003       
# span 5 =      1.017,    150.444       
# span 6 =  44592.384,  50454.987       
# span 7 =    28.2052,    31.7217       
# span 8 =     7.3937,    11.4242       
# span 9 =      1.000,    149.000       
# span 10 =     7.3783,    11.3866      
# span 11 =    21.4186,    24.7864      
# span 12 =     2.5866,     2.9614      
# span 13 =     3.6964,     4.2321      
# span 14 =     40.448,     43.752      
# span 15 =    113.093,    129.058      
# span 16 =    115.517,    132.256      
# span 17 =   -0.00197,    0.00388      
# span 18 =    6.39435,    6.83609      
# span 19 =    9.13817,    9.76946      
# span 20 =  279.58080,  297.91548      
# span 21 =   14.51770,   15.37969      
# span 22 = 4.7451e-02, 3.1278e+02      
# span 23 =     0.2710,     2.5307      
# span 24 =     0.4118,     3.8848      
# span 25 =    39.7832,    90.2185      
# span 26 = 0.0000e+00, 0.0000e+00      
# interval = meters: 1                  
# start_time = Jul 24 2017 12:57:37 [Instrument's time stamp, header]
# bad_flag = -9.990e-29
*END*
[from data line 54]
        564 205.541642    0.03913     2.3475    140.850     55.541  49898.980    31.6315     9.0306     55.000     8.9958    24.4776     2.8823     4.1191     43.725    125.649    128.724    0.00026    6.59200    9.42063  287.36462   14.87616 4.8950e-02     1.0914     0.4948    88.3657 0.0000e+00
        568 205.541652    0.03937     2.3621    141.725     56.530  49915.400    31.6361     8.9857     56.000     8.9536    24.4882     2.8869     4.1257     43.752    125.848    128.930    0.00078    6.59839    9.42977  287.64062   14.88933 4.8833e-02     1.0499     0.5385    87.4058 0.0000e+00
        574 205.541669    0.03977     2.3863    143.177     57.549  49958.623    31.6595     8.9404     57.000     8.9300    24.5134     2.8836     4.1209     43.663    125.697    128.778   -0.00052    6.60405    9.43784  287.87987   14.90068 4.8781e-02     0.9962     0.5512    87.1278 0.0000e+00
        579 205.541684    0.04013     2.4078    144.468     58.560  49955.039    31.6557     8.9338     58.000     8.9161    24.5114     2.8898     4.1298     43.749    125.967    129.055    0.00045    6.60518    9.43947  287.92991   14.90308 4.8608e-02     0.9438     0.5690    86.7405 0.0000e+00
        583 205.541697    0.04045     2.4266    145.598     59.559  49940.458    31.6396     8.8973     59.000     8.8673    24.5045     2.8893     4.1292     43.703    125.951    129.038   -0.00002    6.61124    9.44813  288.19609   14.91587 4.8589e-02     0.9542     0.6190    85.6648 0.0000e+00
        589 205.541714    0.04085     2.4512    147.072     60.578  49922.226    31.6165     8.8296     60.000     8.7848    24.4967     2.8922     4.1332     43.674    126.077    129.165   -0.00037    6.62223    9.46383  288.67715   14.93895 4.8218e-02     0.9287     0.7182    83.5673 0.0000e+00
        594 205.541727    0.04116     2.4697    148.181     61.583  49964.251    31.6357     8.7621     61.000     8.7333    24.5219     2.8995     4.1436     43.724    126.391    129.490    0.00009    6.63140    9.47693  289.06975   14.95763 4.8016e-02     0.9017     0.7716    82.4575 0.0000e+00
        599 205.541742    0.04152     2.4910    149.460     62.590  49996.523    31.6505     8.7117     62.000     8.6987    24.5411     2.8978     4.1413     43.654    126.318    129.418   -0.00052    6.63825    9.48672  289.36280   14.97157 4.8106e-02     0.8727     0.7991    81.8915 0.0000e+00
        605 205.541760    0.04196     2.5179    151.074     63.612  49996.675    31.6485     8.7002     63.000     8.6825    24.5412     2.8975     4.1408     43.637    126.304    129.403   -0.00064    6.64003    9.48926  289.44045   14.97530 4.8010e-02     0.8341     0.8034    81.8030 0.0000e+00
        610 205.541773    0.04226     2.5358    152.146     64.611  49972.668    31.6236     8.6498     64.000     8.6108    24.5294     2.9039     4.1499     43.676    126.580    129.686    0.00010    6.64861    9.50152  289.81770   14.99342 4.8396e-02     0.8221     0.8503    80.8497 0.0000e+00
        614 205.541785    0.04256     2.5533    153.199     65.628  50026.410    31.6534     8.5989     65.000     8.5874    24.5602     2.8999     4.1443     43.576    126.406    129.511   -0.00099    6.65490    9.51050  290.08297   15.00597 4.8007e-02     0.8200     0.8404    81.0515 0.0000e+00
        619 205.541799    0.04289     2.5736    154.414     66.630  50030.231    31.6541     8.5889     66.000     8.5776    24.5623     2.9013     4.1462     43.586    126.464    129.570   -0.00066    6.65636    9.51261  290.14654   15.00901 4.7852e-02     0.7762     0.8283    81.2970 0.0000e+00
        625 205.541817    0.04332     2.5994    155.963     67.647  50034.031    31.6540     8.5736     67.000     8.5609    24.5645     2.9038     4.1498     43.609    126.574    129.684   -0.00047    6.65866    9.51588  290.24576   15.01375 4.7780e-02     0.7608     0.8197    81.4711 0.0000e+00
        630 205.541831    0.04366     2.6196    157.179     68.656  50032.180    31.6495     8.5558     68.000     8.5399    24.5637     2.9041     4.1503     43.596    126.589    129.698   -0.00004    6.66149    9.51994  290.36975   15.01970 4.7798e-02     0.7465     0.8200    81.4644 0.0000e+00
        634 205.541843    0.04397     2.6381    158.284     69.672  50047.842    31.6575     8.5383     69.000     8.5288    24.5726     2.9013     4.1462     43.539    126.465    129.572   -0.00097    6.66377    9.52319  290.46644   15.02428 4.8235e-02     0.7378     0.8217    81.4297 0.0000e+00
        638 205.541856    0.04426     2.6555    159.327     70.665  50049.635    31.6573     8.5318     70.000     8.5224    24.5734     2.9005     4.1452     43.521    126.432    129.539   -0.00075    6.66474    9.52459  290.50877   15.02630 4.7908e-02     0.7285     0.8205    81.4558 0.0000e+00
        645 205.541875    0.04472     2.6833    161.000     71.690  50046.151    31.6530     8.5230     71.000     8.5086    24.5714     2.9035     4.1494     43.555    126.559    129.669   -0.00022    6.66625    9.52674  290.57476   15.02947 4.7657e-02     0.7145     0.8045    81.7813 0.0000e+00
        649 205.541888    0.04503     2.7020    162.122     72.695  50043.624    31.6480     8.5043     72.000     8.4842    24.5703     2.9044     4.1507     43.549    126.599    129.709    0.00004    6.66928    9.53107  290.70714   15.03581 4.7929e-02     0.7075     0.8182    81.5012 0.0000e+00
        654 205.541900    0.04533     2.7194    163.166     73.696  50046.795    31.6449     8.4722     73.000     8.4481    24.5725     2.9044     4.1507     43.517    126.601    129.711   -0.00050    6.67421    9.53812  290.92170   15.04608 4.7705e-02     0.6966     0.8621    80.6119 0.0000e+00
        659 205.541916    0.04571     2.7429    164.572     74.719  50076.602    31.6596     8.4338     74.000     8.4232    24.5896     2.9036     4.1496     43.472    126.563    129.675   -0.00071    6.67933    9.54543  291.13994   15.05645 4.7795e-02     0.6827     0.8756    80.3410 0.0000e+00
        664 205.541930    0.04603     2.7620    165.719     75.719  50076.942    31.6587     8.4297     75.000     8.4174    24.5896     2.9045     4.1507     43.479    126.599    129.712   -0.00045    6.67999    9.54638  291.16875   15.05783 4.8013e-02     0.6537     0.8983    79.8860 0.0000e+00
        669 205.541944    0.04639     2.7831    166.986     76.733  50075.823    31.6549     8.4127     76.000     8.3958    24.5891     2.9041     4.1503     43.458    126.586    129.699   -0.00053    6.68271    9.55026  291.28728   15.06350 4.7795e-02     0.6452     0.9081    79.6904 0.0000e+00
        674 205.541958    0.04672     2.8029    168.173     77.739  50084.672    31.6572     8.3898     77.000     8.3758    24.5943     2.9095     4.1579     43.515    126.817    129.936    0.00014    6.68605    9.55503  291.43124   15.07037 4.7670e-02     0.6340     0.9563    78.7349 0.0000e+00
        679 205.541973    0.04706     2.8240    169.441     78.755  50088.336    31.6568     8.3738     78.000     8.3584    24.5964     2.9060     4.1530     43.448    126.668    129.783   -0.00049    6.68849    9.55851  291.53687   15.07542 4.7864e-02     0.6286     0.9767    78.3349 0.0000e+00
        683 205.541985    0.04737     2.8423    170.540     79.770  50086.125    31.6519     8.3551     79.000     8.3363    24.5953     2.9057     4.1525     43.423    126.653    129.768   -0.00067    6.69152    9.56285  291.66951   15.08177 4.7930e-02     0.6221     1.0335    77.2317 0.0000e+00
        686 205.541995    0.04760     2.8558    171.346     80.752  50099.257    31.6585     8.3405     80.000     8.3262    24.6025     2.9086     4.1567     43.455    126.780    129.899   -0.00023    6.69342    9.56557  291.75046   15.08562 4.8214e-02     0.6159     1.0570    76.7778 0.0000e+00
        695 205.542021    0.04821     2.8928    173.570     81.809  50099.559    31.6558     8.3254     81.000     8.3073    24.6027     2.9027     4.1482     43.351    126.521    129.634   -0.00100    6.69581    9.56898  291.85460   15.09060 4.7513e-02     0.5845     1.0240    77.4153 0.0000e+00
        698 205.542028    0.04840     2.9040    174.240     82.793  50106.267    31.6577     8.3096     82.000     8.2915    24.6065     2.9094     4.1578     43.436    126.813    129.934   -0.00004    6.69811    9.57226  291.95360   15.09532 4.7451e-02     0.5813     1.1384    75.2332 0.0000e+00
        701 205.542038    0.04863     2.9178    175.070     83.786  50117.098    31.6625     8.2948     83.000     8.2811    24.6125     2.9089     4.1572     43.416    126.793    129.913   -0.00010    6.70015    9.57517  292.04051   15.09945 4.7868e-02     0.5869     1.1555    74.9119 0.0000e+00
        708 205.542058    0.04911     2.9464    176.781     84.819  50115.802    31.6582     8.2757     84.000     8.2557    24.6119     2.9070     4.1544     43.367    126.707    129.825   -0.00059    6.70322    9.57957  292.17479   15.10588 4.7978e-02     0.5765     1.1079    75.8064 0.0000e+00
        713 205.542073    0.04946     2.9674    178.046     85.825  50122.865    31.6575     8.2423     85.000     8.2211    24.6161     2.9112     4.1604     43.397    126.891    130.015   -0.00005    6.70829    9.58683  292.39476   15.11639 4.8052e-02     0.5768     1.1443    75.1213 0.0000e+00
        717 205.542083    0.04972     2.9831    178.985     86.823  50114.523    31.6456     8.2069     86.000     8.1730    24.6120     2.9132     4.1632     43.389    126.978    130.103   -0.00025    6.71417    9.59522  292.65194   15.12872 4.7994e-02     0.5822     1.2215    73.6878 0.0000e+00
        722 205.542097    0.05005     3.0032    180.190     87.845  50148.763    31.6612     8.1559     87.000     8.1343    24.6316     2.9152     4.1661     43.373    127.063    130.193   -0.00024    6.72124    9.60532  292.95465   15.14312 4.8081e-02     0.5796     1.2667    72.8568 0.0000e+00
        727 205.542111    0.05039     3.0233    181.401     88.843  50172.096    31.6742     8.1373     88.000     8.1278    24.6444     2.9136     4.1639     43.335    126.993    130.123   -0.00062    6.72348    9.60853  293.04872   15.14755 4.7869e-02     0.5500     1.2681    72.8324 0.0000e+00
        734 205.542132    0.05087     3.0527    183.163     89.876  50163.708    31.6668     8.1307     89.000     8.1126    24.6396     2.9139     4.1643     43.332    127.007    130.136   -0.00039    6.72481    9.61043  293.10806   15.15042 4.7752e-02     0.5302     1.2466    73.2245 0.0000e+00
        737 205.542142    0.05112     3.0675    184.051     90.862  50176.929    31.6730     8.1144     90.000     8.1016    24.6469     2.9143     4.1648     43.322    127.022    130.152   -0.00038    6.72702    9.61358  293.20221   15.15489 4.8329e-02     0.5403     1.3070    72.1275 0.0000e+00
        742 205.542155    0.05145     3.0867    185.203     91.885  50181.649    31.6745     8.1059     91.000     8.0932    24.6493     2.9124     4.1621     43.286    126.937    130.066   -0.00064    6.72823    9.61532  293.25447   15.15738 4.8138e-02     0.5235     1.2818    72.5820 0.0000e+00
        747 205.542169    0.05178     3.1071    186.423     92.886  50188.858    31.6781     8.0992     92.000     8.0891    24.6530     2.9133     4.1633     43.293    126.976    130.106   -0.00036    6.72911    9.61657  293.29155   15.15913 4.7994e-02     0.5234     1.2569    73.0351 0.0000e+00
        753 205.542187    0.05220     3.1322    187.931     93.901  50188.312    31.6765     8.0946     93.000     8.0817    24.6525     2.9108     4.1598     43.252    126.868    129.996   -0.00064    6.72988    9.61767  293.32502   15.16074 4.8043e-02     0.5205     1.2362    73.4133 0.0000e+00
        758 205.542201    0.05255     3.1528    189.170     94.933  50194.633    31.6789     8.0850     94.000     8.0732    24.6559     2.9161     4.1674     43.322    127.097    130.231    0.00002    6.73124    9.61961  293.38332   15.16351 4.7592e-02     0.5175     1.2330    73.4714 0.0000e+00
        760 205.542209    0.05273     3.1637    189.819     95.900  50198.813    31.6809     8.0822     95.000     8.0727    24.6578     2.9168     4.1683     43.331    127.130    130.264    0.00032    6.73156    9.62007  293.39703   15.16416 4.8946e-02     0.5463     1.2950    72.3443 0.0000e+00
        767 205.542228    0.05319     3.1914    191.482     96.937  50193.317    31.6768     8.0832     96.000     8.0682    24.6545     2.9100     4.1586     43.228    126.833    129.960   -0.00076    6.73160    9.62013  293.39958   15.16430 4.7508e-02     0.5213     1.2561    73.0510 0.0000e+00
        771 205.542240    0.05347     3.2083    192.495     97.920  50194.419    31.6751     8.0704     97.000     8.0534    24.6549     2.9142     4.1646     43.277    127.014    130.146   -0.00013    6.73362    9.62301  293.48730   15.16849 4.7999e-02     0.5208     1.2881    72.4673 0.0000e+00
        777 205.542257    0.05390     3.2341    194.047     98.958  50205.431    31.6794     8.0517     98.000     8.0388    24.6610     2.9119     4.1614     43.227    126.915    130.044   -0.00055    6.73629    9.62682  293.60197   15.17395 4.8090e-02     0.5276     1.2543    73.0820 0.0000e+00
        782 205.542271    0.05424     3.2541    195.246     99.967  50208.056    31.6795     8.0436     99.000     8.0287    24.6623     2.9169     4.1686     43.294    127.134    130.270    0.00045    6.73751    9.62857  293.65492   15.17648 4.8108e-02     0.5065     1.2699    72.7991 0.0000e+00
        785 205.542281    0.05447     3.2680    196.081    100.959  50182.564    31.6579     8.0230    100.000     7.9845    24.6482     2.9153     4.1663     43.243    127.065    130.197   -0.00037    6.74161    9.63443  293.83768   15.18529 4.8631e-02     0.5120     1.3231    71.8391 0.0000e+00
        792 205.542300    0.05491     3.2947    197.684    101.981  50224.425    31.6780     7.9681    101.000     7.9469    24.6718     2.9177     4.1697     43.231    127.167    130.305   -0.00035    6.74911    9.64515  294.15790   15.20050 4.8089e-02     0.4958     1.3216    71.8640 0.0000e+00
        797 205.542316    0.05530     3.3177    199.060    102.980  50237.358    31.6827     7.9444    102.000     7.9263    24.6789     2.9202     4.1733     43.246    127.276    130.417   -0.00018    6.75254    9.65005  294.30515   15.20751 4.8188e-02     0.4774     1.3646    71.0959 0.0000e+00
        802 205.542330    0.05564     3.3384    200.305    104.007  50248.942    31.6873     7.9258    103.000     7.9107    24.6852     2.9196     4.1724     43.220    127.249    130.391   -0.00031    6.75518    9.65383  294.41856   15.21291 4.8455e-02     0.4654     1.3542    71.2811 0.0000e+00
        806 205.542342    0.05592     3.3553    201.319    104.997  50252.280    31.6873     7.9143    104.000     7.8976    24.6868     2.9203     4.1735     43.220    127.282    130.423   -0.00029    6.75695    9.65635  294.49510   15.21656 4.8189e-02     0.4618     1.3606    71.1685 0.0000e+00
        813 205.542360    0.05637     3.3822    202.932    106.040  50259.869    31.6891     7.8948    105.000     7.8773    24.6909     2.9201     4.1731     43.198    127.268    130.410   -0.00051    6.75986    9.66051  294.62090   15.22257 4.8558e-02     0.4507     1.3119    72.0367 0.0000e+00
        816 205.542370    0.05661     3.3964    203.785    107.007  50263.120    31.6881     7.8775    106.000     7.8581    24.6927     2.9250     4.1801     43.253    127.483    130.630    0.00032    6.76256    9.66437  294.73807   15.22816 4.7914e-02     0.4444     1.3646    71.0962 0.0000e+00
        823 205.542390    0.05708     3.4251    205.504    108.050  50278.097    31.6953     7.8604    107.000     7.8459    24.7007     2.9233     4.1778     43.214    127.409    130.556   -0.00040    6.76487    9.66767  294.83622   15.23282 4.8099e-02     0.4193     1.3305    71.7043 0.0000e+00
