CTD-processing/allCTD/CNV/2017_04-19_t3_s12_cast126_4141.cnv
* Sea-Bird SBE19plus Data File:
* FileName = P:\My Documents\kasitsna\Research-KBL\Oceanography-AK\CTD-Data-ALL-to-2017-02\2017-CTD-KachemakBay-CookInlet\2017-04-19-CookInlet-Tran3-AnchorPt\2017-04-19-CookInlet-Tran3-cast126.hex
* Software Version 1.59
* Temperature SN =  4141
* Conductivity SN =  4141
* System UpLoad Time = Apr 20 2017 00:34:25
** Cook Inlet LTM Transect 3 Anchor Pt east to west
** Date: 2017-04-19
** Station: (eg. 9-01): 3-12
** Start time (AKDT): 20:41
** Depth (m): N/A
** Comment: R/V Alaska Dreamcatcher
** Comment:
# nquan = 27
# nvalues = 36                          
# units = specified
# name 0 = scan: Scan Count
# name 1 = timeJ: Julian Days
# name 2 = timeH: Time, Elapsed [hours]
# name 3 = timeM: Time, Elapsed [minutes]
# name 4 = timeS: Time, Elapsed [seconds]
# name 5 = prdM: Pressure, Strain Gauge [db]
# name 6 = specc: Specific Conductance [uS/cm]
# name 7 = sal00: Salinity, Practical [PSU]
# name 8 = tv290C: Temperature [ITS-90, deg C]
# name 9 = depSM: Depth [salt water, m], lat = 59.00
# name 10 = potemp090C: Potential Temperature [ITS-90, deg C]
# name 11 = sigma-é00: Density [sigma-theta, kg/m^3]
# name 12 = sbeox0ML/L: Oxygen, SBE 43 [ml/l]
# name 13 = sbeox0Mg/L: Oxygen, SBE 43 [mg/l]
# name 14 = sbeox0PS: Oxygen, SBE 43 [% saturation]
# name 15 = sbox0Mm/Kg: Oxygen, SBE 43 [umol/kg]
# name 16 = sbeox0Mm/L: Oxygen, SBE 43 [umol/l]
# name 17 = sbox0dV/dT: Oxygen, SBE 43 [dov/dt]
# name 18 = oxsolML/L: Oxygen Saturation, Garcia & Gordon [ml/l]
# name 19 = oxsolMg/L: Oxygen Saturation, Garcia & Gordon [mg/l]
# name 20 = oxsolMm/Kg: Oxygen Saturation, Garcia & Gordon [umol/kg]
# name 21 = n2satMg/L: Nitrogen Saturation [mg/l]
# name 22 = par: PAR/Irradiance, Biospherical/Licor
# name 23 = wetStar: Fluorescence, WET Labs WETstar [mg/m^3]
# name 24 = CStarAt0: Beam Attenuation, WET Labs C-Star [1/m]
# name 25 = CStarTr0: Beam Transmission, WET Labs C-Star [%]
# name 26 = flag: flag
# span 0 =        102,        382       
# span 1 = 109.862296, 109.863106       
# span 2 =    0.00704,    0.02648       
# span 3 =     0.4225,     1.5885       
# span 4 =     25.349,     95.312       
# span 5 =      1.014,     36.327       
# span 6 =  51487.690,  51553.827       
# span 7 =    32.0539,    32.0990       
# span 8 =     5.0264,     5.0953       
# span 9 =      1.000,     36.000       
# span 10 =     5.0473,     5.0941      
# span 11 =    25.3357,    25.3702      
# span 12 =     3.3990,     3.6105      
# span 13 =     4.8575,     5.1597      
# span 14 =     47.190,     50.123      
# span 15 =    148.044,    157.255      
# span 16 =    151.800,    161.241      
# span 17 =   -0.00002,    0.00333      
# span 18 =    7.19712,    7.20968      
# span 19 =   10.28542,   10.30336      
# span 20 =  313.48040,  314.02945      
# span 21 =   16.12013,   16.14633      
# span 22 = 2.8448e-01, 4.0959e+01      
# span 23 =     1.0156,     2.4967      
# span 24 =     0.3446,     0.4055      
# span 25 =    90.3382,    91.7468      
# span 26 = 0.0000e+00, 0.0000e+00      
# interval = meters: 1                  
# start_time = Apr 19 2017 20:41:17 [Instrument's time stamp, header]
# bad_flag = -9.990e-29
*END*
        102 109.862296    0.00704     0.4225     25.349      1.014  51492.269    32.0539     5.0264      1.000     5.0473    25.3374     3.4203     4.8880     47.441    148.977    152.751    0.00073    7.20968   10.30336  314.02945   16.14633 4.0959e+01     1.0156     0.4055    90.3382 0.0000e+00
        251 109.862727    0.01739     1.0429     62.571      2.022  51553.827    32.0990     5.0527      2.000     5.0776    25.3702     3.3990     4.8575     47.190    148.044    151.800    0.00004    7.20283   10.29355  313.71884   16.13136 2.1045e+01     2.1234     0.3633    91.3184 0.0000e+00
        247 109.862713    0.01706     1.0241     61.443      3.028  51492.875    32.0646     5.0888      3.000     5.0899    25.3389     3.4015     4.8611     47.255    148.159    151.913    0.00056    7.19829   10.28708  313.53118   16.12256 1.8030e+01     1.9585     0.3664    91.2480 0.0000e+00
        251 109.862725    0.01734     1.0407     62.443      4.038  51487.690    32.0605     5.0886      4.000     5.0848    25.3357     3.3991     4.8577     47.219    148.053    151.805    0.00004    7.19852   10.28741  313.54211   16.12310 1.4478e+01     2.3620     0.3623    91.3395 0.0000e+00
        255 109.862736    0.01763     1.0575     63.449      5.046  51498.501    32.0661     5.0825      5.000     5.0849    25.3408     3.4001     4.8592     47.229    148.097    151.851   -0.00002    7.19930   10.28852  313.57455   16.12462 1.1890e+01     1.8992     0.3588    91.4213 0.0000e+00
        259 109.862749    0.01791     1.0746     64.475      6.055  51501.374    32.0695     5.0910      6.000     5.0937    25.3426     3.4046     4.8655     47.302    148.291    152.050    0.00050    7.19767   10.28619  313.50317   16.12121 1.0231e+01     2.4967     0.3637    91.3074 0.0000e+00
        263 109.862761    0.01819     1.0918     65.508      7.068  51495.153    32.0656     5.0953      7.000     5.0941    25.3391     3.4066     4.8683     47.333    148.378    152.138    0.00071    7.19712   10.28542  313.48040   16.12013 9.0445e+00     2.0166     0.3629    91.3269 0.0000e+00
        267 109.862772    0.01847     1.1084     66.503      8.076  51497.911    32.0666     5.0937      8.000     5.0917    25.3400     3.4067     4.8685     47.332    148.382    152.142    0.00036    7.19735   10.28573  313.48972   16.12058 7.8517e+00     2.1283     0.3676    91.2184 0.0000e+00
        271 109.862784    0.01875     1.1250     67.502      9.084  51495.411    32.0634     5.0890      9.000     5.0841    25.3380     3.4106     4.8741     47.380    148.552    152.316    0.00059    7.19831   10.28712  313.53250   16.12263 6.9825e+00     2.2281     0.3739    91.0752 0.0000e+00
        275 109.862795    0.01903     1.1419     68.512     10.095  51508.890    32.0711     5.0841     10.000     5.0851    25.3447     3.4172     4.8835     47.468    148.837    152.610    0.00107    7.19879   10.28780  313.55131   16.12350 6.2652e+00     2.1473     0.3581    91.4374 0.0000e+00
        279 109.862807    0.01932     1.1589     69.534     11.104  51502.288    32.0667     5.0872     11.000     5.0839    25.3409     3.4240     4.8932     47.566    149.136    152.915    0.00156    7.19846   10.28732  313.53807   16.12289 5.6345e+00     2.1620     0.3599    91.3962 0.0000e+00
        283 109.862819    0.01960     1.1763     70.576     12.114  51506.694    32.0681     5.0819     12.000     5.0802    25.3425     3.4315     4.9039     47.664    149.462    153.250    0.00182    7.19930   10.28852  313.57399   16.12458 5.0522e+00     2.2458     0.3586    91.4236 0.0000e+00
        287 109.862831    0.01989     1.1935     71.608     13.122  51510.680    32.0703     5.0820     13.000     5.0820    25.3444     3.4368     4.9115     47.739    149.693    153.488    0.00188    7.19918   10.28834  313.56810   16.12430 4.5770e+00     2.2004     0.3597    91.4004 0.0000e+00
        292 109.862843    0.02018     1.2109     72.653     14.131  51507.171    32.0676     5.0826     14.000     5.0802    25.3421     3.4421     4.9192     47.812    149.926    153.725    0.00181    7.19922   10.28839  313.57047   16.12442 4.1155e+00     2.0118     0.3567    91.4690 0.0000e+00
        296 109.862855    0.02047     1.2282     73.693     15.144  51510.943    32.0692     5.0804     15.000     5.0789    25.3436     3.4512     4.9322     47.938    150.323    154.133    0.00221    7.19950   10.28880  313.58237   16.12498 3.7001e+00     1.8871     0.3549    91.5101 0.0000e+00
        300 109.862867    0.02075     1.2454     74.721     16.152  51506.527    32.0649     5.0768     16.000     5.0720    25.3406     3.4574     4.9409     48.017    150.592    154.408    0.00223    7.20034   10.29000  313.61977   16.12678 3.3252e+00     2.0699     0.3530    91.5542 0.0000e+00
        304 109.862879    0.02105     1.2629     75.777     17.161  51517.846    32.0710     5.0716     17.000     5.0722    25.3460     3.4628     4.9487     48.088    150.824    154.647    0.00195    7.20094   10.29087  313.64433   16.12792 2.9716e+00     2.0347     0.3549    91.5091 0.0000e+00
        308 109.862892    0.02134     1.2803     76.818     18.170  51514.353    32.0690     5.0758     18.000     5.0743    25.3441     3.4744     4.9652     48.254    151.332    155.167    0.00270    7.20030   10.28996  313.61730   16.12665 2.6544e+00     1.9606     0.3582    91.4357 0.0000e+00
        312 109.862903    0.02163     1.2978     77.868     19.179  51511.448    32.0662     5.0742     19.000     5.0702    25.3420     3.4825     4.9769     48.364    151.688    155.531    0.00281    7.20073   10.29056  313.63640   16.12757 2.3562e+00     1.9009     0.3572    91.4560 0.0000e+00
        317 109.862916    0.02192     1.3153     78.919     20.192  51513.422    32.0656     5.0674     20.000     5.0638    25.3423     3.4865     4.9825     48.411    151.858    155.706    0.00221    7.20191   10.29226  313.68792   16.13002 2.0893e+00     2.0150     0.3559    91.4858 0.0000e+00
        321 109.862927    0.02219     1.3318     79.907     21.198  51517.346    32.0672     5.0649     21.000     5.0627    25.3438     3.4950     4.9947     48.527    152.230    156.088    0.00238    7.20228   10.29277  313.70303   16.13074 1.8527e+00     2.0844     0.3553    91.5001 0.0000e+00
        325 109.862939    0.02248     1.3487     80.919     22.208  51520.426    32.0686     5.0639     22.000     5.0624    25.3451     3.5057     5.0099     48.674    152.692    156.562    0.00292    7.20239   10.29292  313.70758   16.13094 1.6375e+00     1.9174     0.3475    91.6793 0.0000e+00
        329 109.862951    0.02277     1.3661     81.967     23.220  51523.101    32.0702     5.0647     23.000     5.0645    25.3461     3.5141     5.0220     48.792    153.059    156.938    0.00294    7.20217   10.29263  313.69785   16.13048 1.4514e+00     2.0935     0.3485    91.6557 0.0000e+00
        333 109.862963    0.02306     1.3832     82.993     24.228  51521.595    32.0691     5.0672     24.000     5.0657    25.3451     3.5250     5.0376     48.947    153.536    157.428    0.00322    7.20178   10.29206  313.68108   16.12968 1.2858e+00     2.1302     0.3494    91.6348 0.0000e+00
        337 109.862975    0.02333     1.4001     84.005     25.236  51520.478    32.0679     5.0670     25.000     5.0643    25.3441     3.5322     5.0479     49.046    153.850    157.749    0.00309    7.20188   10.29221  313.68586   16.12991 1.1335e+00     2.0455     0.3501    91.6193 0.0000e+00
        341 109.862987    0.02362     1.4173     85.038     26.248  51519.581    32.0663     5.0651     26.000     5.0627    25.3431     3.5391     5.0576     49.138    154.147    158.054    0.00282    7.20228   10.29277  313.70337   16.13075 9.9954e-01     2.2286     0.3526    91.5635 0.0000e+00
        345 109.862998    0.02391     1.4343     86.055     27.256  51526.260    32.0705     5.0659     27.000     5.0662    25.3464     3.5439     5.0647     49.208    154.359    158.271    0.00251    7.20193   10.29228  313.68743   16.12998 8.8285e-01     2.1177     0.3528    91.5569 0.0000e+00
        349 109.863010    0.02419     1.4514     87.082     28.266  51521.519    32.0676     5.0695     28.000     5.0665    25.3437     3.5494     5.0725     49.287    154.600    158.517    0.00225    7.20147   10.29162  313.66801   16.12906 7.7850e-01     1.9672     0.3526    91.5628 0.0000e+00
        353 109.863022    0.02448     1.4687     88.122     29.277  51523.066    32.0676     5.0668     29.000     5.0643    25.3439     3.5625     5.0912     49.466    155.169    159.102    0.00295    7.20194   10.29229  313.68833   16.13003 6.8540e-01     1.9561     0.3488    91.6499 0.0000e+00
        357 109.863034    0.02475     1.4854     89.121     30.285  51518.396    32.0636     5.0659     30.000     5.0600    25.3409     3.5729     5.1060     49.608    155.620    159.563    0.00333    7.20228   10.29278  313.70434   16.13081 6.0254e-01     2.0580     0.3484    91.6595 0.0000e+00
        362 109.863046    0.02504     1.5022     90.130     31.295  51525.258    32.0664     5.0592     31.000     5.0561    25.3438     3.5753     5.1095     49.634    155.727    159.673    0.00249    7.20329   10.29423  313.74752   16.13286 5.3438e-01     2.2504     0.3446    91.7468 0.0000e+00
        366 109.863057    0.02532     1.5192     91.152     32.304  51527.516    32.0672     5.0584     32.000     5.0561    25.3446     3.5825     5.1197     49.733    156.037    159.992    0.00242    7.20339   10.29436  313.75155   16.13304 4.7235e-01     1.7721     0.3465    91.7016 0.0000e+00
        370 109.863069    0.02560     1.5363     92.175     33.314  51529.857    32.0685     5.0588     33.000     5.0571    25.3456     3.5913     5.1323     49.856    156.421    160.386    0.00260    7.20326   10.29419  313.74577   16.13276 4.1735e-01     1.8579     0.3469    91.6917 0.0000e+00
        374 109.863081    0.02588     1.5531     93.187     34.324  51528.435    32.0674     5.0604     34.000     5.0576    25.3445     3.5984     5.1425     49.956    156.732    160.704    0.00278    7.20304   10.29386  313.73622   16.13231 3.6779e-01     1.7759     0.3484    91.6592 0.0000e+00
        378 109.863093    0.02617     1.5703     94.218     35.332  51530.345    32.0680     5.0595     35.000     5.0571    25.3451     3.5990     5.1434     49.965    156.760    160.733    0.00172    7.20315   10.29403  313.74116   16.13255 3.2422e-01     1.8378     0.3548    91.5133 0.0000e+00
        382 109.863106    0.02648     1.5885     95.312     36.327  51531.333    32.0682     5.0599     36.000     5.0575    25.3454     3.6105     5.1597     50.123    157.255    161.241    0.00255    7.20309   10.29393  313.73791   16.13239 2.8448e-01     1.8437     0.3563    91.4782 0.0000e+00
