CTD-processing/allCTD/CNV/2017_11-02_alongbay_ptgr_cast084_4141.cnv
* Sea-Bird SBE19plus Data File:
* FileName = C:\Users\Kim.Powell\Desktop\Not Processed\2017\2017_11-02_\2017_11-02_TRANSECT_STATION_cast084.hex
* Software Version 1.59
* Temperature SN =  4141
* Conductivity SN =  4141
* System UpLoad Time = Nov 07 2017 08:21:32
** 2017_11-02
** Station: PtGr
** Start Time: 15:04
** Depth (m): 68.9
** Comment: Edgecumbe
** Comment:
# nquan = 27
# nvalues = 61                          
# units = specified
# name 0 = scan: Scan Count
# name 1 = timeJ: Julian Days
# name 2 = timeH: Time, Elapsed [hours]
# name 3 = timeM: Time, Elapsed [minutes]
# name 4 = timeS: Time, Elapsed [seconds]
# name 5 = prdM: Pressure, Strain Gauge [db]
# name 6 = specc: Specific Conductance [uS/cm]
# name 7 = sal00: Salinity, Practical [PSU]
# name 8 = tv290C: Temperature [ITS-90, deg C]
# name 9 = depSM: Depth [salt water, m], lat = 59.00
# name 10 = potemp090C: Potential Temperature [ITS-90, deg C]
# name 11 = sigma-é00: Density [sigma-theta, kg/m^3]
# name 12 = sbeox0ML/L: Oxygen, SBE 43 [ml/l]
# name 13 = sbeox0Mg/L: Oxygen, SBE 43 [mg/l]
# name 14 = sbeox0PS: Oxygen, SBE 43 [% saturation]
# name 15 = sbox0Mm/Kg: Oxygen, SBE 43 [umol/kg]
# name 16 = sbeox0Mm/L: Oxygen, SBE 43 [umol/l]
# name 17 = sbox0dV/dT: Oxygen, SBE 43 [dov/dt]
# name 18 = oxsolML/L: Oxygen Saturation, Garcia & Gordon [ml/l]
# name 19 = oxsolMg/L: Oxygen Saturation, Garcia & Gordon [mg/l]
# name 20 = oxsolMm/Kg: Oxygen Saturation, Garcia & Gordon [umol/kg]
# name 21 = n2satMg/L: Nitrogen Saturation [mg/l]
# name 22 = par: PAR/Irradiance, Biospherical/Licor
# name 23 = wetStar: Fluorescence, WET Labs WETstar [mg/m^3]
# name 24 = CStarAt0: Beam Attenuation, WET Labs C-Star [1/m]
# name 25 = CStarTr0: Beam Transmission, WET Labs C-Star [%]
# name 26 = flag: flag
# span 0 =        108,        697       
# span 1 = 306.628424, 306.630126       
# span 2 =    0.00745,    0.04831       
# span 3 =     0.4471,     2.8987       
# span 4 =     26.824,    173.921       
# span 5 =      1.012,     61.534       
# span 6 =  48696.857,  49259.737       
# span 7 =    30.8077,    31.1943       
# span 8 =     8.7182,     9.1330       
# span 9 =      1.000,     61.000       
# span 10 =     8.9009,     9.1267      
# span 11 =    23.8352,    24.1203      
# span 12 =     2.8620,     2.8773      
# span 13 =     4.0901,     4.1119      
# span 14 =     43.031,     43.588      
# span 15 =    124.823,    125.478      
# span 16 =    127.815,    128.498      
# span 17 =   -0.00131,    0.00169      
# span 18 =    6.59564,    6.67030      
# span 19 =    9.42582,    9.53252      
# span 20 =  287.62369,  290.92904      
# span 21 =   14.89032,   15.04950      
# span 22 = 2.2011e-01, 1.7239e+02      
# span 23 =     0.3148,     1.7649      
# span 24 =     0.2301,     4.3677      
# span 25 =    44.7072,    94.4086      
# span 26 = 0.0000e+00, 0.0000e+00      
# interval = meters: 1                  
# start_time = Nov 02 2017 15:04:29 [Instrument's time stamp, header]
# bad_flag = -9.990e-29
*END*
        108 306.628424    0.00745     0.4471     26.824      1.012  48866.897    30.8851     8.7182      1.000     8.9009    23.9396     2.8702     4.1018     43.031    125.186    128.184    0.00169    6.67030    9.53252  290.92904   15.04950 1.7239e+02     0.3148     4.3677    44.7072 0.0000e+00
        369 306.629177    0.02553     1.5318     91.908      2.014  48710.321    30.8143     8.9913      2.000     9.0059    23.8436     2.8688     4.0998     43.252    125.136    128.119    0.00067    6.63273    9.47883  289.31904   14.97288 1.4310e+02     0.7399     0.6070    89.6201 0.0000e+00
        398 306.629261    0.02755     1.6528     99.166      3.027  48696.857    30.8077     9.0139      3.000     9.0123    23.8352     2.8652     4.0947     43.219    124.982    127.961   -0.00014    6.62964    9.47442  289.18678   14.96658 1.3086e+02     0.6090     0.2573    93.7712 0.0000e+00
        403 306.629277    0.02793     1.6758    100.548      4.043  48699.303    30.8087     9.0115      4.000     9.0110    23.8363     2.8721     4.1045     43.320    125.280    128.267    0.00069    6.62996    9.47488  289.20055   14.96724 9.5941e+01     0.8854     0.2676    93.5293 0.0000e+00
        408 306.629290    0.02824     1.6946    101.676      5.044  48704.395    30.8118     9.0116      5.000     9.0129    23.8388     2.8698     4.1011     43.285    125.179    128.163    0.00020    6.62981    9.47466  289.19325   14.96688 8.4642e+01     1.3169     0.2439    94.0869 0.0000e+00
        413 306.629304    0.02858     1.7146    102.878      6.057  48703.615    30.8114     9.0162      6.000     9.0160    23.8378     2.8721     4.1045     43.325    125.281    128.267    0.00031    6.62914    9.47371  289.16437   14.96550 6.6610e+01     1.0207     0.2561    93.7979 0.0000e+00
        418 306.629320    0.02895     1.7369    104.212      7.065  48704.347    30.8116     9.0165      7.000     9.0162    23.8379     2.8694     4.1007     43.285    125.164    128.148   -0.00022    6.62910    9.47364  289.16257   14.96541 6.1964e+01     0.7363     0.2557    93.8092 0.0000e+00
        423 306.629334    0.02929     1.7576    105.454      8.075  48715.377    30.8191     9.0181      8.000     9.0221    23.8435     2.8702     4.1018     43.301    125.200    128.185    0.00002    6.62854    9.47285  289.13649   14.96414 5.3030e+01     0.9954     0.2541    93.8470 0.0000e+00
        427 306.629347    0.02961     1.7768    106.610      9.088  48726.541    30.8283     9.0313      9.000     9.0340    23.8487     2.8701     4.1017     43.314    125.191    128.177   -0.00001    6.62620    9.46950  289.03301   14.95915 5.2108e+01     1.4970     0.2399    94.1787 0.0000e+00
        432 306.629361    0.02993     1.7960    107.757     10.088  48726.687    30.8289     9.0381     10.000     9.0394    23.8482     2.8677     4.0983     43.285    125.090    128.073   -0.00022    6.62516    9.46801  288.98769   14.95698 4.4845e+01     1.7649     0.2358    94.2751 0.0000e+00
        438 306.629378    0.03034     1.8204    109.226     11.105  48731.807    30.8329     9.0443     11.000     9.0447    23.8504     2.8687     4.0997     43.308    125.133    128.117    0.00001    6.62407    9.46645  288.93973   14.95468 3.9771e+01     0.9375     0.2364    94.2630 0.0000e+00
        443 306.629393    0.03072     1.8433    110.600     12.120  48760.788    30.8534     9.0489     12.000     9.0515    23.8658     2.8695     4.1007     43.329    125.163    128.150    0.00008    6.62252    9.46425  288.86783   14.95116 3.4020e+01     1.3594     0.2458    94.0387 0.0000e+00
        448 306.629406    0.03102     1.8612    111.670     13.120  48855.319    30.9217     9.0660     13.000     9.0796    23.9165     2.8666     4.0966     43.321    125.032    128.022    0.00001    6.61708    9.45647  288.61612   14.93885 2.9727e+01     1.0769     0.2416    94.1401 0.0000e+00
        452 306.629420    0.03135     1.8809    112.855     14.131  48918.468    30.9703     9.1008     14.000     9.1079    23.9493     2.8637     4.0925     43.325    124.903    127.894   -0.00003    6.60989    9.44619  288.29306   14.92321 2.5085e+01     0.8922     0.2362    94.2654 0.0000e+00
        458 306.629437    0.03176     1.9055    114.329     15.144  48951.971    30.9954     9.1157     15.000     9.1151    23.9667     2.8620     4.0901     43.320    124.823    127.815   -0.00011    6.60662    9.44152  288.14567   14.91607 2.3637e+01     0.8919     0.2437    94.0902 0.0000e+00
        463 306.629451    0.03211     1.9266    115.596     16.153  48983.806    31.0176     9.1175     16.000     9.1159    23.9837     2.8653     4.0948     43.378    124.966    127.963    0.00040    6.60541    9.43979  288.08802   14.91322 2.0394e+01     0.8597     0.2387    94.2067 0.0000e+00
        468 306.629464    0.03241     1.9444    116.666     17.157  48993.435    31.0240     9.1178     17.000     9.1161    23.9887     2.8654     4.0950     43.381    124.971    127.969    0.00035    6.60510    9.43935  288.07327   14.91249 1.8482e+01     0.6939     0.2464    94.0265 0.0000e+00
        473 306.629480    0.03281     1.9684    118.106     18.171  48991.841    31.0225     9.1180     18.000     9.1161    23.9875     2.8663     4.0962     43.395    125.010    128.008    0.00027    6.60513    9.43940  288.07504   14.91258 1.6400e+01     1.0104     0.2350    94.2935 0.0000e+00
        479 306.629497    0.03320     1.9920    119.517     19.187  49074.281    31.0800     9.1186     19.000     9.1170    24.0324     2.8633     4.0920     43.367    124.877    127.878   -0.00040    6.60258    9.43575  287.95126   14.90643 1.4141e+01     0.7861     0.2375    94.2350 0.0000e+00
        483 306.629508    0.03348     2.0086    120.518     20.185  49088.537    31.0897     9.1192     20.000     9.1172    24.0398     2.8655     4.0951     43.403    124.968    127.972    0.00034    6.60209    9.43505  287.92772   14.90527 1.2878e+01     0.4820     0.2430    94.1066 0.0000e+00
        489 306.629524    0.03386     2.0316    121.895     21.200  49096.327    31.0948     9.1196     21.000     9.1174    24.0438     2.8640     4.0929     43.382    124.902    127.905   -0.00012    6.60181    9.43464  287.91425   14.90460 1.1367e+01     0.5324     0.2352    94.2902 0.0000e+00
        494 306.629540    0.03424     2.0540    123.239     22.209  49095.836    31.0940     9.1194     22.000     9.1172    24.0432     2.8642     4.0932     43.384    124.910    127.913   -0.00026    6.60187    9.43473  287.91702   14.90474 1.0103e+01     0.7051     0.2352    94.2888 0.0000e+00
        499 306.629553    0.03456     2.0735    124.412     23.218  49102.797    31.0985     9.1198     23.000     9.1173    24.0467     2.8698     4.1013     43.472    125.157    128.166    0.00070    6.60163    9.43439  287.90565   14.90418 9.2546e+00     1.0334     0.2357    94.2778 0.0000e+00
        504 306.629568    0.03491     2.0946    125.678     24.227  49099.232    31.0955     9.1196     24.000     9.1171    24.0444     2.8654     4.0950     43.404    124.966    127.970   -0.00012    6.60178    9.43461  287.91301   14.90454 8.1889e+00     0.9327     0.2321    94.3617 0.0000e+00
        509 306.629583    0.03527     2.1162    126.974     25.245  49093.663    31.0911     9.1198     25.000     9.1172    24.0410     2.8663     4.0963     43.416    125.004    128.010   -0.00009    6.60193    9.43482  287.92029   14.90491 7.4437e+00     0.5750     0.2328    94.3463 0.0000e+00
        513 306.629595    0.03556     2.1333    128.000     26.236  49074.805    31.0775     9.1196     26.000     9.1168    24.0303     2.8682     4.0989     43.440    125.087    128.093   -0.00000    6.60255    9.43571  287.95044   14.90640 6.7150e+00     0.6201     0.2327    94.3489 0.0000e+00
        519 306.629611    0.03594     2.1567    129.405     27.260  49086.197    31.0851     9.1199     27.000     9.1172    24.0362     2.8683     4.0991     43.445    125.092    128.099    0.00010    6.60218    9.43517  287.93248   14.90551 5.8527e+00     1.0077     0.2364    94.2596 0.0000e+00
        524 306.629626    0.03631     2.1784    130.702     28.270  49093.461    31.0898     9.1202     28.000     9.1174    24.0399     2.8664     4.0963     43.417    125.007    128.012   -0.00029    6.60193    9.43482  287.92078   14.90494 5.3063e+00     0.5234     0.2334    94.3311 0.0000e+00
        528 306.629639    0.03662     2.1971    131.824     29.271  49099.420    31.0936     9.1202     29.000     9.1171    24.0429     2.8663     4.0962     43.417    125.004    128.010   -0.00023    6.60177    9.43459  287.91252   14.90452 4.8327e+00     0.5301     0.2330    94.3411 0.0000e+00
        534 306.629657    0.03704     2.2226    133.355     30.292  49134.280    31.1175     9.1198     30.000     9.1165    24.0617     2.8676     4.0981     43.443    125.057    128.067   -0.00000    6.60082    9.43322  287.86593   14.90220 4.2792e+00     0.7704     0.2334    94.3318 0.0000e+00
        539 306.629670    0.03737     2.2421    134.525     31.287  49127.062    31.1120     9.1197     31.000     9.1163    24.0574     2.8680     4.0986     43.448    125.075    128.084    0.00024    6.60106    9.43357  287.87775   14.90279 3.8448e+00     0.6597     0.2371    94.2445 0.0000e+00
        544 306.629684    0.03770     2.2620    135.721     32.305  49111.602    31.1007     9.1197     32.000     9.1165    24.0486     2.8679     4.0985     43.443    125.072    128.080   -0.00022    6.60153    9.43425  287.90070   14.90393 3.5187e+00     0.7500     0.2327    94.3480 0.0000e+00
        550 306.629702    0.03812     2.2874    137.246     33.317  49122.872    31.1081     9.1191     33.000     9.1156    24.0545     2.8679     4.0986     43.446    125.075    128.083   -0.00006    6.60131    9.43393  287.88944   14.90337 3.0918e+00     0.7041     0.2313    94.3828 0.0000e+00
        555 306.629717    0.03848     2.3091    138.543     34.319  49134.601    31.1159     9.1191     34.000     9.1147    24.0606     2.8684     4.0992     43.454    125.093    128.102   -0.00003    6.60098    9.43345  287.87305   14.90255 2.8000e+00     0.4180     0.2342    94.3130 0.0000e+00
        560 306.629730    0.03880     2.3281    139.686     35.344  49145.945    31.1233     9.1176     35.000     9.1139    24.0666     2.8773     4.1119     43.588    125.478    128.498    0.00122    6.60089    9.43333  287.86763   14.90226 2.5417e+00     0.5182     0.2331    94.3391 0.0000e+00
        564 306.629743    0.03911     2.3467    140.804     36.334  49154.676    31.1289     9.1175     36.000     9.1137    24.0710     2.8703     4.1020     43.486    125.175    128.189   -0.00001    6.60067    9.43302  287.85690   14.90173 2.3072e+00     0.6473     0.2342    94.3140 0.0000e+00
        572 306.629765    0.03962     2.3776    142.654     37.368  49155.073    31.1287     9.1174     37.000     9.1136    24.0710     2.8698     4.1012     43.477    125.151    128.163   -0.00002    6.60069    9.43305  287.85793   14.90178 2.0644e+00     0.4549     0.2301    94.4086 0.0000e+00
        575 306.629774    0.03986     2.3917    143.499     38.358  49161.808    31.1331     9.1178     38.000     9.1141    24.0743     2.8720     4.1044     43.512    125.249    128.264    0.00014    6.60044    9.43269  287.84594   14.90118 1.8662e+00     0.4764     0.2374    94.2383 0.0000e+00
        579 306.629787    0.04017     2.4098    144.589     39.368  49162.685    31.1333     9.1182     39.000     9.1141    24.0744     2.8701     4.1017     43.485    125.168    128.181   -0.00019    6.60037    9.43260  287.84312   14.90105 1.6923e+00     0.5001     0.2319    94.3666 0.0000e+00
        585 306.629804    0.04058     2.4346    146.079     40.383  49167.562    31.1364     9.1186     40.000     9.1147    24.0768     2.8708     4.1026     43.495    125.194    128.209   -0.00013    6.60019    9.43233  287.83427   14.90061 1.5336e+00     0.6718     0.2320    94.3651 0.0000e+00
        591 306.629821    0.04098     2.4589    147.533     41.391  49170.217    31.1379     9.1193     41.000     9.1152    24.0779     2.8716     4.1037     43.508    125.229    128.244    0.00007    6.60002    9.43209  287.82664   14.90024 1.3892e+00     0.4669     0.2363    94.2634 0.0000e+00
        596 306.629836    0.04134     2.4803    148.819     42.410  49179.881    31.1444     9.1200     42.000     9.1157    24.0828     2.8696     4.1010     43.482    125.144    128.157   -0.00028    6.59964    9.43155  287.80868   14.89936 1.2615e+00     0.7134     0.2356    94.2817 0.0000e+00
        600 306.629847    0.04161     2.4967    149.803     43.399  49179.395    31.1436     9.1203     43.000     9.1158    24.0822     2.8694     4.1006     43.478    125.133    128.147   -0.00030    6.59963    9.43153  287.80843   14.89935 1.1510e+00     0.8083     0.2377    94.2300 0.0000e+00
        607 306.629868    0.04210     2.5261    151.568     44.430  49180.008    31.1436     9.1204     44.000     9.1161    24.0822     2.8703     4.1019     43.492    125.172    128.187   -0.00009    6.59961    9.43150  287.80761   14.89931 1.0391e+00     0.6755     0.2365    94.2593 0.0000e+00
        612 306.629882    0.04245     2.5470    152.821     45.429  49188.196    31.1490     9.1211     45.000     9.1164    24.0864     2.8718     4.1041     43.518    125.239    128.256    0.00013    6.59929    9.43104  287.79227   14.89856 9.4148e-01     0.5659     0.2341    94.3165 0.0000e+00
        617 306.629896    0.04278     2.5666    153.996     46.438  49187.327    31.1480     9.1210     46.000     9.1165    24.0856     2.8741     4.1074     43.551    125.339    128.357    0.00034    6.59933    9.43111  287.79482   14.89868 8.5395e-01     0.5585     0.2327    94.3485 0.0000e+00
        622 306.629911    0.04314     2.5882    155.294     47.447  49218.922    31.1700     9.1229     47.000     9.1188    24.1025     2.8712     4.1033     43.516    125.212    128.230   -0.00012    6.59812    9.42937  287.73687   14.89582 7.7848e-01     0.4904     0.2382    94.2179 0.0000e+00
        628 306.629928    0.04356     2.6135    156.810     48.457  49222.975    31.1726     9.1241     48.000     9.1192    24.1043     2.8733     4.1061     43.548    125.298    128.318    0.00010    6.59783    9.42896  287.72374   14.89519 7.0798e-01     0.5068     0.2349    94.2965 0.0000e+00
        634 306.629946    0.04398     2.6386    158.318     49.482  49225.848    31.1742     9.1246     49.000     9.1199    24.1056     2.8732     4.1060     43.548    125.295    128.315    0.00011    6.59769    9.42876  287.71722   14.89487 6.4799e-01     0.3731     0.2329    94.3456 0.0000e+00
        638 306.629957    0.04426     2.6556    159.333     50.467  49235.617    31.1809     9.1263     50.000     9.1219    24.1106     2.8721     4.1045     43.536    125.250    128.270   -0.00010    6.59717    9.42801  287.69297   14.89369 5.9131e-01     0.6343     0.2346    94.3038 0.0000e+00
        645 306.629976    0.04469     2.6818    160.910     51.499  49240.315    31.1841     9.1284     51.000     9.1233    24.1127     2.8640     4.0930     43.416    124.896    127.908   -0.00131    6.59671    9.42736  287.67253   14.89269 5.3827e-01     0.5288     0.2346    94.3049 0.0000e+00
        649 306.629990    0.04503     2.7018    162.110     52.492  49240.532    31.1838     9.1288     52.000     9.1234    24.1125     2.8751     4.1088     43.584    125.378    128.402    0.00063    6.59667    9.42731  287.67092   14.89262 4.9074e-01     0.4986     0.2331    94.3397 0.0000e+00
        656 306.630008    0.04548     2.7283    163.700     53.519  49242.327    31.1847     9.1291     53.000     9.1238    24.1132     2.8713     4.1033     43.526    125.210    128.230   -0.00009    6.59658    9.42717  287.66659   14.89241 4.4701e-01     0.8447     0.2313    94.3820 0.0000e+00
