CTD-processing/allCTD/CNV/2017_10-20_alongbay_skb05_cast068_4141.cnv
* Sea-Bird SBE19plus Data File:
* FileName = C:\Users\Kim.Powell\Desktop\Not Processed\2017\2017_10-20_AlongBay\2017_10-20_AlongBay_STATION_cast068.hex
* Software Version 1.59
* Temperature SN =  4141
* Conductivity SN =  4141
* System UpLoad Time = Oct 20 2017 15:57:08
** 2017_10-20
** Station: KB05
** Start Time: 11:59
** Depth (m): 170.7
** Comment:
** Comment:
# nquan = 27
# nvalues = 158                         
# units = specified
# name 0 = scan: Scan Count
# name 1 = timeJ: Julian Days
# name 2 = timeH: Time, Elapsed [hours]
# name 3 = timeM: Time, Elapsed [minutes]
# name 4 = timeS: Time, Elapsed [seconds]
# name 5 = prdM: Pressure, Strain Gauge [db]
# name 6 = specc: Specific Conductance [uS/cm]
# name 7 = sal00: Salinity, Practical [PSU]
# name 8 = tv290C: Temperature [ITS-90, deg C]
# name 9 = depSM: Depth [salt water, m], lat = 59.00
# name 10 = potemp090C: Potential Temperature [ITS-90, deg C]
# name 11 = sigma-é00: Density [sigma-theta, kg/m^3]
# name 12 = sbeox0ML/L: Oxygen, SBE 43 [ml/l]
# name 13 = sbeox0Mg/L: Oxygen, SBE 43 [mg/l]
# name 14 = sbeox0PS: Oxygen, SBE 43 [% saturation]
# name 15 = sbox0Mm/Kg: Oxygen, SBE 43 [umol/kg]
# name 16 = sbeox0Mm/L: Oxygen, SBE 43 [umol/l]
# name 17 = sbox0dV/dT: Oxygen, SBE 43 [dov/dt]
# name 18 = oxsolML/L: Oxygen Saturation, Garcia & Gordon [ml/l]
# name 19 = oxsolMg/L: Oxygen Saturation, Garcia & Gordon [mg/l]
# name 20 = oxsolMm/Kg: Oxygen Saturation, Garcia & Gordon [umol/kg]
# name 21 = n2satMg/L: Nitrogen Saturation [mg/l]
# name 22 = par: PAR/Irradiance, Biospherical/Licor
# name 23 = wetStar: Fluorescence, WET Labs WETstar [mg/m^3]
# name 24 = CStarAt0: Beam Attenuation, WET Labs C-Star [1/m]
# name 25 = CStarTr0: Beam Transmission, WET Labs C-Star [%]
# name 26 = flag: flag
# span 0 =        430,       1219       
# span 1 = 293.500639, 293.502922       
# span 2 =    0.02978,    0.08456       
# span 3 =     1.7870,     5.0742       
# span 4 =    107.221,    304.450       
# span 5 =      1.013,    159.535       
# span 6 =  47414.612,  49075.470       
# span 7 =    29.8851,    31.1022       
# span 8 =     8.8175,     9.8369       
# span 9 =      1.000,    158.000       
# span 10 =     8.8118,     9.8310      
# span 11 =    23.1429,    23.9607      
# span 12 =     2.7999,     2.9005      
# span 13 =     4.0013,     4.1452      
# span 14 =     42.784,     43.647      
# span 15 =    122.117,    126.593      
# span 16 =    125.043,    129.538      
# span 17 =   -0.00093,    0.00140      
# span 18 =    6.50639,    6.69874      
# span 19 =    9.29829,    9.57317      
# span 20 =  283.82766,  292.39901      
# span 21 =   14.71003,   15.12383      
# span 22 = 3.6380e-02, 3.8988e+01      
# span 23 =     0.2492,     0.8872      
# span 24 =     0.3307,     1.5682      
# span 25 =    67.5632,    92.0651      
# span 26 = 0.0000e+00, 0.0000e+00      
# interval = meters: 1                  
# start_time = Oct 20 2017 11:59:08 [Instrument's time stamp, header]
# bad_flag = -9.990e-29
*END*
[from data line 54]
        783 293.501662    0.05432     3.2591    195.545     55.532  48706.701    30.8999     9.8249     55.000     9.8165    23.7816     2.8307     4.0453     43.496    123.481    126.417   -0.00033    6.50787    9.30040  283.89007   14.71300 7.8765e-02     0.3829     0.4856    88.5688 0.0000e+00
        787 293.501673    0.05459     3.2758    196.547     56.531  48716.422    30.9058     9.8197     56.000     9.8108    23.7869     2.8306     4.0451     43.491    123.474    126.411   -0.00029    6.50835    9.30109  283.90985   14.71392 7.2885e-02     0.4526     0.4753    88.7981 0.0000e+00
        792 293.501688    0.05494     3.2967    197.803     57.547  48726.901    30.9120     9.8140     57.000     9.8073    23.7927     2.8303     4.0448     43.485    123.466    126.403   -0.00035    6.50891    9.30188  283.93238   14.71497 6.7429e-02     0.4130     0.4709    88.8953 0.0000e+00
        797 293.501702    0.05530     3.3179    199.077     58.558  48728.942    30.9129     9.8136     58.000     9.8070    23.7935     2.8286     4.0424     43.457    123.388    126.324   -0.00048    6.50894    9.30192  283.93348   14.71502 6.3077e-02     0.3762     0.4740    88.8253 0.0000e+00
        802 293.501715    0.05561     3.3363    200.175     59.565  48736.121    30.9174     9.8124     59.000     9.8054    23.7973     2.8320     4.0472     43.509    123.538    126.477    0.00025    6.50892    9.30190  283.93158   14.71491 5.8617e-02     0.4418     0.4768    88.7626 0.0000e+00
        806 293.501728    0.05591     3.3549    201.292     60.578  48740.265    30.9198     9.8117     60.000     9.8049    23.7993     2.8264     4.0391     43.423    123.290    126.224   -0.00077    6.50893    9.30191  283.93123   14.71488 5.5123e-02     0.3843     0.4850    88.5820 0.0000e+00
        810 293.501740    0.05620     3.3719    202.315     61.577  48744.950    30.9227     9.8112     61.000     9.8042    23.8016     2.8271     4.0402     43.434    123.322    126.257   -0.00051    6.50888    9.30184  283.92857   14.71475 5.3064e-02     0.3914     0.4997    88.2574 0.0000e+00
        816 293.501755    0.05657     3.3938    203.626     62.600  48747.894    30.9242     9.8105     62.000     9.8033    23.8029     2.8278     4.0411     43.445    123.351    126.287   -0.00014    6.50891    9.30188  283.92936   14.71478 4.9609e-02     0.3695     0.4909    88.4508 0.0000e+00
        820 293.501768    0.05688     3.4127    204.762     63.608  48753.025    30.9271     9.8088     63.000     9.8008    23.8055     2.8271     4.0402     43.433    123.322    126.258   -0.00029    6.50902    9.30205  283.93381   14.71498 4.7261e-02     0.3624     0.5006    88.2365 0.0000e+00
        824 293.501779    0.05713     3.4277    205.665     64.613  48755.881    30.9285     9.8074     64.000     9.8002    23.8068     2.8232     4.0347     43.373    123.152    126.084   -0.00075    6.50917    9.30226  283.93983   14.71526 4.4801e-02     0.4499     0.5104    88.0203 0.0000e+00
        828 293.501790    0.05740     3.4439    206.632     65.624  48757.027    30.9289     9.8073     65.000     9.7996    23.8072     2.8249     4.0370     43.398    123.224    126.158   -0.00049    6.50917    9.30227  283.93999   14.71527 4.3904e-02     0.4219     0.5119    87.9870 0.0000e+00
        832 293.501802    0.05768     3.4606    207.635     66.629  48759.798    30.9302     9.8055     66.000     9.7976    23.8084     2.8249     4.0369     43.396    123.222    126.155   -0.00022    6.50937    9.30254  283.94800   14.71565 4.2226e-02     0.3596     0.5232    87.7404 0.0000e+00
        837 293.501816    0.05804     3.4824    208.944     67.642  48761.415    30.9308     9.8044     67.000     9.7966    23.8091     2.8223     4.0334     43.357    123.114    126.045   -0.00060    6.50951    9.30274  283.95394   14.71593 4.1049e-02     0.3564     0.5236    87.7318 0.0000e+00
        843 293.501833    0.05845     3.5068    210.410     68.655  48765.108    30.9327     9.8024     68.000     9.7939    23.8109     2.8240     4.0357     43.381    123.185    126.118   -0.00010    6.50970    9.30302  283.96207   14.71631 3.9903e-02     0.3630     0.5321    87.5438 0.0000e+00
        848 293.501849    0.05882     3.5294    211.762     69.660  48769.460    30.9350     9.7997     69.000     9.7911    23.8132     2.8217     4.0324     43.343    123.083    126.014   -0.00044    6.51000    9.30344  283.97429   14.71689 3.8929e-02     0.4282     0.5433    87.3002 0.0000e+00
        854 293.501866    0.05924     3.5545    213.269     70.678  48775.113    30.9381     9.7961     70.000     9.7868    23.8162     2.8222     4.0333     43.350    123.109    126.041   -0.00025    6.51038    9.30400  283.99026   14.71763 3.7779e-02     0.3706     0.5554    87.0356 0.0000e+00
        859 293.501881    0.05958     3.5749    214.496     71.679  48784.732    30.9439     9.7920     71.000     9.7830    23.8214     2.8202     4.0305     43.318    123.023    125.953   -0.00042    6.51073    9.30449  284.00403   14.71828 3.7255e-02     0.3771     0.5763    86.5818 0.0000e+00
        865 293.501897    0.05998     3.5989    215.934     72.697  48795.916    30.9511     9.7900     72.000     9.7822    23.8274     2.8209     4.0314     43.327    123.049    125.981   -0.00025    6.51072    9.30447  284.00180   14.71814 3.6601e-02     0.3796     0.5917    86.2486 0.0000e+00
        869 293.501911    0.06030     3.6180    217.079     73.696  48809.267    30.9600     9.7901     73.000     9.7820    23.8344     2.8196     4.0294     43.310    122.991    125.922   -0.00038    6.51033    9.30392  283.98290   14.71720 3.6407e-02     0.3489     0.5944    86.1906 0.0000e+00
        875 293.501926    0.06068     3.6409    218.451     74.713  48818.673    30.9662     9.7898     74.000     9.7812    23.8393     2.8189     4.0284     43.299    122.959    125.890   -0.00031    6.51011    9.30360  283.97201   14.71665 3.6380e-02     0.3578     0.5899    86.2881 0.0000e+00
        880 293.501942    0.06106     3.6636    219.814     75.723  48828.669    30.9725     9.7867     75.000     9.7762    23.8446     2.8181     4.0274     43.287    122.926    125.857   -0.00033    6.51029    9.30385  283.97827   14.71693 3.6382e-02     0.3403     0.5894    86.3003 0.0000e+00
        886 293.501958    0.06143     3.6858    221.149     76.729  48841.432    30.9802     9.7800     76.000     9.7695    23.8517     2.8171     4.0260     43.268    122.883    125.814   -0.00047    6.51094    9.30478  284.00440   14.71815 3.6382e-02     0.3331     0.5951    86.1750 0.0000e+00
        891 293.501974    0.06184     3.7102    222.612     77.745  48850.459    30.9855     9.7751     77.000     9.7656    23.8566     2.8138     4.0212     43.213    122.737    125.665   -0.00072    6.51142    9.30546  284.02398   14.71906 3.6382e-02     0.3186     0.6071    85.9194 0.0000e+00
        896 293.501989    0.06217     3.7303    223.820     78.750  48854.051    30.9873     9.7728     78.000     9.7637    23.8584     2.8175     4.0265     43.268    122.896    125.828   -0.00011    6.51168    9.30583  284.03480   14.71957 3.6382e-02     0.3349     0.6242    85.5512 0.0000e+00
        901 293.502003    0.06252     3.7509    225.056     79.761  48857.004    30.9888     9.7716     79.000     9.7624    23.8598     2.8167     4.0254     43.256    122.864    125.795   -0.00007    6.51178    9.30598  284.03878   14.71976 3.6382e-02     0.4266     0.6261    85.5115 0.0000e+00
        906 293.502017    0.06286     3.7713    226.275     80.771  48859.952    30.9902     9.7701     80.000     9.7608    23.8611     2.8141     4.0216     43.215    122.750    125.679   -0.00058    6.51193    9.30621  284.04533   14.72006 3.6382e-02     0.3521     0.6303    85.4207 0.0000e+00
        911 293.502030    0.06318     3.7907    227.442     81.785  48862.034    30.9911     9.7689     81.000     9.7596    23.8621     2.8139     4.0213     43.209    122.737    125.666   -0.00038    6.51208    9.30640  284.05113   14.72034 3.6382e-02     0.3008     0.6357    85.3055 0.0000e+00
        915 293.502043    0.06346     3.8077    228.463     82.785  48863.230    30.9914     9.7684     82.000     9.7595    23.8625     2.8148     4.0227     43.224    122.781    125.711   -0.00022    6.51213    9.30648  284.05323   14.72043 3.6382e-02     0.3072     0.6403    85.2079 0.0000e+00
        920 293.502056    0.06379     3.8272    229.632     83.807  48864.379    30.9919     9.7686     83.000     9.7595    23.8628     2.8142     4.0218     43.215    122.754    125.682   -0.00020    6.51207    9.30640  284.05092   14.72032 3.6382e-02     0.3276     0.6376    85.2661 0.0000e+00
        923 293.502067    0.06406     3.8437    230.620     84.809  48866.453    30.9929     9.7684     84.000     9.7590    23.8636     2.8141     4.0216     43.212    122.747    125.676   -0.00031    6.51207    9.30640  284.05059   14.72031 3.6382e-02     0.3785     0.6413    85.1869 0.0000e+00
        927 293.502079    0.06434     3.8603    231.618     85.820  48867.547    30.9932     9.7681     85.000     9.7588    23.8639     2.8116     4.0181     43.175    122.639    125.566   -0.00049    6.51209    9.30643  284.05139   14.72034 3.6382e-02     0.3487     0.6431    85.1486 0.0000e+00
        931 293.502090    0.06461     3.8768    232.608     86.829  48868.553    30.9935     9.7681     86.000     9.7586    23.8642     2.8128     4.0196     43.192    122.687    125.616   -0.00037    6.51208    9.30641  284.05081   14.72031 3.6382e-02     0.3356     0.6451    85.1061 0.0000e+00
        936 293.502103    0.06490     3.8942    233.653     87.837  48869.901    30.9940     9.7680     87.000     9.7584    23.8646     2.8139     4.0214     43.212    122.742    125.671    0.00001    6.51207    9.30641  284.05055   14.72030 3.6382e-02     0.3371     0.6415    85.1832 0.0000e+00
        940 293.502116    0.06523     3.9135    234.811     88.850  48872.024    30.9951     9.7680     88.000     9.7584    23.8654     2.8108     4.0170     43.164    122.606    125.532   -0.00049    6.51203    9.30635  284.04841   14.72019 3.6382e-02     0.3501     0.6456    85.0953 0.0000e+00
        945 293.502129    0.06553     3.9316    235.895     89.862  48875.195    30.9968     9.7677     89.000     9.7575    23.8669     2.8098     4.0154     43.147    122.559    125.484   -0.00051    6.51199    9.30629  284.04627   14.72009 3.6382e-02     0.3362     0.6583    84.8246 0.0000e+00
        949 293.502140    0.06580     3.9484    236.902     90.866  48878.213    30.9984     9.7665     90.000     9.7562    23.8683     2.8117     4.0182     43.177    122.643    125.571   -0.00024    6.51211    9.30644  284.05066   14.72029 3.6382e-02     0.3639     0.6627    84.7319 0.0000e+00
        953 293.502153    0.06612     3.9671    238.026     91.882  48881.430    31.0001     9.7656     91.000     9.7551    23.8698     2.8117     4.0181     43.175    122.641    125.568   -0.00006    6.51217    9.30654  284.05308   14.72040 3.6382e-02     0.3375     0.6637    84.7108 0.0000e+00
        957 293.502164    0.06639     3.9835    239.008     92.890  48885.580    31.0024     9.7646     92.000     9.7540    23.8719     2.8087     4.0140     43.130    122.513    125.437   -0.00060    6.51221    9.30660  284.05449   14.72045 3.6382e-02     0.3701     0.6912    84.1311 0.0000e+00
        961 293.502175    0.06665     3.9990    239.938     93.896  48890.293    31.0053     9.7637     93.000     9.7532    23.8742     2.8091     4.0144     43.135    122.527    125.453   -0.00044    6.51222    9.30661  284.05426   14.72044 3.6382e-02     0.3112     0.7020    83.9034 0.0000e+00
        965 293.502187    0.06693     4.0157    240.942     94.910  48894.699    31.0078     9.7630     94.000     9.7526    23.8763     2.8097     4.0154     43.146    122.557    125.483   -0.00021    6.51221    9.30660  284.05317   14.72036 3.6382e-02     0.3465     0.6911    84.1331 0.0000e+00
        969 293.502198    0.06720     4.0324    241.946     95.917  48895.292    31.0078     9.7629     95.000     9.7526    23.8763     2.8109     4.0171     43.165    122.610    125.538   -0.00006    6.51222    9.30662  284.05379   14.72040 3.6382e-02     0.2912     0.6906    84.1434 0.0000e+00
        973 293.502211    0.06751     4.0504    243.023     96.928  48894.690    31.0070     9.7631     96.000     9.7528    23.8757     2.8110     4.0172     43.164    122.610    125.537   -0.00005    6.51222    9.30662  284.05401   14.72041 3.6382e-02     0.2929     0.6890    84.1757 0.0000e+00
        977 293.502223    0.06781     4.0684    244.106     97.943  48895.599    31.0072     9.7632     97.000     9.7526    23.8758     2.8096     4.0152     43.143    122.550    125.476   -0.00025    6.51220    9.30658  284.05287   14.72036 3.6382e-02     0.3400     0.6923    84.1089 0.0000e+00
        981 293.502234    0.06807     4.0838    245.031     98.944  48901.210    31.0107     9.7627     98.000     9.7507    23.8787     2.8086     4.0137     43.128    122.504    125.430   -0.00044    6.51214    9.30650  284.04938   14.72018 3.6382e-02     0.3186     0.7033    83.8760 0.0000e+00
        985 293.502246    0.06835     4.1014    246.085     99.962  48911.854    31.0173     9.7591     99.000     9.7461    23.8844     2.8095     4.0150     43.140    122.543    125.470   -0.00015    6.51237    9.30684  284.05801   14.72056 3.6382e-02     0.2962     0.7467    82.9731 0.0000e+00
        989 293.502258    0.06863     4.1179    247.076    100.969  48927.157    31.0270     9.7544    100.000     9.7382    23.8927     2.8092     4.0147     43.135    122.532    125.460   -0.00030    6.51264    9.30722  284.06747   14.72098 3.6382e-02     0.3336     0.7926    82.0253 0.0000e+00
        993 293.502269    0.06889     4.1335    248.008    101.978  48960.545    31.0485     9.7428    101.000     9.7252    23.9114     2.8083     4.0133     43.116    122.489    125.418   -0.00028    6.51340    9.30829  284.09516   14.72222 3.6382e-02     0.3288     0.9241    79.3772 0.0000e+00
        997 293.502279    0.06916     4.1493    248.959    102.987  48985.567    31.0644     9.7324    102.000     9.7177    23.9255     2.8092     4.0146     43.123    122.525    125.457   -0.00036    6.51424    9.30950  284.12814   14.72372 3.6382e-02     0.3239     1.1475    75.0614 0.0000e+00
       1001 293.502291    0.06943     4.1659    249.953    104.001  48997.661    31.0715     9.7251    103.000     9.7109    23.9322     2.8115     4.0179     43.154    122.627    125.561    0.00010    6.51499    9.31057  284.15882   14.72517 3.6382e-02     0.2972     1.1839    74.3793 0.0000e+00
       1005 293.502302    0.06970     4.1821    250.923    105.006  49005.083    31.0757     9.7206    104.000     9.7086    23.9363     2.8078     4.0126     43.095    122.465    125.396   -0.00047    6.51545    9.31122  284.17754   14.72604 3.6382e-02     0.2787     1.1468    75.0740 0.0000e+00
       1009 293.502314    0.06999     4.1991    251.948    106.023  49005.707    31.0757     9.7196    105.000     9.7080    23.9364     2.8069     4.0112     43.079    122.425    125.355   -0.00070    6.51559    9.31143  284.18396   14.72635 3.6382e-02     0.2685     1.1236    75.5095 0.0000e+00
       1012 293.502325    0.07024     4.2144    252.863    107.028  49007.658    31.0765     9.7192    106.000     9.7072    23.9371     2.8091     4.0145     43.113    122.521    125.453   -0.00016    6.51561    9.31146  284.18476   14.72639 3.6382e-02     0.2796     1.1242    75.4990 0.0000e+00
       1016 293.502335    0.07049     4.2293    253.760    108.036  49010.212    31.0777     9.7183    107.000     9.7060    23.9382     2.8091     4.0145     43.113    122.522    125.455   -0.00002    6.51570    9.31158  284.18792   14.72653 3.6382e-02     0.2790     1.1057    75.8493 0.0000e+00
