CTD-processing/allCTD/CNV/2017_11-07_alongbay_skb10_cast095_4141.cnv
* Sea-Bird SBE19plus Data File:
* FileName = C:\Users\Kim.Powell\Desktop\Not Processed\2017\2017_11-07_AlongBay,T9_4141\2017_11-07_TRANSECT_STATION_cast095.hex
* Software Version 1.59
* Temperature SN =  4141
* Conductivity SN =  4141
* System UpLoad Time = Nov 09 2017 10:25:15
** 2017_11-07
** Station: KB10
** Start Time: 11:20
** Depth (m): 60
** Comment: Edgecumbe
** Comment: CTD time 1 hr off for daylight savings time
# nquan = 27
# nvalues = 55                          
# units = specified
# name 0 = scan: Scan Count
# name 1 = timeJ: Julian Days
# name 2 = timeH: Time, Elapsed [hours]
# name 3 = timeM: Time, Elapsed [minutes]
# name 4 = timeS: Time, Elapsed [seconds]
# name 5 = prdM: Pressure, Strain Gauge [db]
# name 6 = specc: Specific Conductance [uS/cm]
# name 7 = sal00: Salinity, Practical [PSU]
# name 8 = tv290C: Temperature [ITS-90, deg C]
# name 9 = depSM: Depth [salt water, m], lat = 59.00
# name 10 = potemp090C: Potential Temperature [ITS-90, deg C]
# name 11 = sigma-é00: Density [sigma-theta, kg/m^3]
# name 12 = sbeox0ML/L: Oxygen, SBE 43 [ml/l]
# name 13 = sbeox0Mg/L: Oxygen, SBE 43 [mg/l]
# name 14 = sbeox0PS: Oxygen, SBE 43 [% saturation]
# name 15 = sbox0Mm/Kg: Oxygen, SBE 43 [umol/kg]
# name 16 = sbeox0Mm/L: Oxygen, SBE 43 [umol/l]
# name 17 = sbox0dV/dT: Oxygen, SBE 43 [dov/dt]
# name 18 = oxsolML/L: Oxygen Saturation, Garcia & Gordon [ml/l]
# name 19 = oxsolMg/L: Oxygen Saturation, Garcia & Gordon [mg/l]
# name 20 = oxsolMm/Kg: Oxygen Saturation, Garcia & Gordon [umol/kg]
# name 21 = n2satMg/L: Nitrogen Saturation [mg/l]
# name 22 = par: PAR/Irradiance, Biospherical/Licor
# name 23 = wetStar: Fluorescence, WET Labs WETstar [mg/m^3]
# name 24 = CStarAt0: Beam Attenuation, WET Labs C-Star [1/m]
# name 25 = CStarTr0: Beam Transmission, WET Labs C-Star [%]
# name 26 = flag: flag
# span 0 =        208,        679       
# span 1 = 311.515380, 311.516742       
# span 2 =    0.01438,    0.04708       
# span 3 =     0.8630,     2.8254       
# span 4 =     51.782,    169.520       
# span 5 =      1.012,     55.494       
# span 6 =  48513.782,  49254.816       
# span 7 =    30.6631,    30.9749       
# span 8 =     7.6245,     9.2631       
# span 9 =      1.000,     55.000       
# span 10 =     8.1291,     9.2506      
# span 11 =    23.7398,    24.1631      
# span 12 =     2.7486,     2.8056      
# span 13 =     3.9279,     4.0094      
# span 14 =     41.054,     41.749      
# span 15 =    119.896,    122.335      
# span 16 =    122.750,    125.294      
# span 17 =   -0.00068,    0.00109      
# span 18 =    6.59372,    6.83497      
# span 19 =    9.42308,    9.76786      
# span 20 =  287.63405,  298.04020      
# span 21 =   14.89245,   15.38860      
# span 22 = 3.6378e-02, 4.3602e+01      
# span 23 =     0.2623,     0.5719      
# span 24 =     0.9025,     5.4072      
# span 25 =    43.0118,    79.8024      
# span 26 = 0.0000e+00, 0.0000e+00      
# interval = meters: 1                  
# start_time = Nov 07 2017 12:21:17 [Instrument's time stamp, header]
# bad_flag = -9.990e-29
*END*
        208 311.515380    0.01438     0.8630     51.782      1.012  49254.816    30.9749     7.6245      1.000     8.1291    24.1631     2.8056     4.0094     41.054    122.335    125.294    0.00029    6.83497    9.76786  298.04020   15.38860 4.3602e+01     0.2623     5.4072    43.0118 0.0000e+00
        393 311.515913    0.02719     1.6317     97.899      2.012  48762.603    30.7981     8.6351      2.000     8.7806    23.8833     2.7717     3.9610     41.452    120.897    123.785    0.00052    6.68697    9.55635  291.67306   15.08538 3.4997e+01     0.3363     1.4681    73.8549 0.0000e+00
        418 311.515987    0.02897     1.7381    104.288      3.036  48513.782    30.6631     8.8961      3.000     8.8971    23.7398     2.7548     3.9369     41.405    120.177    123.030   -0.00068    6.65332    9.50826  290.24665   15.01782 3.3964e+01     0.3757     0.9226    79.4020 0.0000e+00
        423 311.516001    0.02931     1.7589    105.532      4.038  48517.285    30.6655     8.8985      4.000     8.8996    23.7414     2.7653     3.9520     41.566    120.636    123.500    0.00103    6.65285    9.50759  290.22605   15.01683 3.4076e+01     0.4520     0.9078    79.6956 0.0000e+00
        428 311.516017    0.02967     1.7802    106.814      5.043  48521.003    30.6681     8.9021      5.000     8.9025    23.7429     2.7685     3.9565     41.618    120.775    123.642    0.00109    6.65221    9.50667  290.19747   15.01545 3.2060e+01     0.4640     0.9025    79.8024 0.0000e+00
        434 311.516033    0.03007     1.8039    108.235      6.067  48522.892    30.6692     8.9034      6.000     8.9026    23.7436     2.7708     3.9597     41.654    120.874    123.743    0.00087    6.65198    9.50634  290.18724   15.01495 2.6998e+01     0.5719     0.9074    79.7048 0.0000e+00
        438 311.516045    0.03037     1.8219    109.316      7.055  48526.494    30.6713     8.9035      7.000     8.9022    23.7452     2.7705     3.9593     41.650    120.860    123.730    0.00046    6.65187    9.50618  290.18201   15.01470 2.2368e+01     0.5276     0.9179    79.4963 0.0000e+00
        444 311.516062    0.03076     1.8462    110.771      8.095  48528.845    30.6722     8.9015      8.000     8.9006    23.7463     2.7695     3.9579     41.633    120.817    123.685    0.00010    6.65211    9.50654  290.19252   15.01519 1.7991e+01     0.5321     0.9188    79.4780 0.0000e+00
        448 311.516073    0.03103     1.8620    111.718      9.074  48534.425    30.6758     8.9018      9.000     8.9012    23.7490     2.7728     3.9627     41.685    120.961    123.834    0.00034    6.65192    9.50627  290.18341   15.01475 1.4697e+01     0.5113     0.9197    79.4589 0.0000e+00
        453 311.516089    0.03141     1.8847    113.081     10.108  48542.447    30.6813     8.9044     10.000     8.9063    23.7529     2.7728     3.9627     41.689    120.962    123.835    0.00027    6.65130    9.50538  290.15515   15.01337 1.1757e+01     0.4796     0.9558    78.7518 0.0000e+00
        457 311.516101    0.03170     1.9018    114.110     11.095  48558.142    30.6934     8.9155     11.000     8.9232    23.7608     2.7709     3.9600     41.674    120.878    123.751    0.00003    6.64914    9.50228  290.05841   15.00870 9.6022e+00     0.4675     1.0045    77.7948 0.0000e+00
        463 311.516117    0.03208     1.9254    115.522     12.130  48602.426    30.7283     8.9464     12.000     8.9788    23.7834     2.7656     3.9522     41.631    120.641    123.510   -0.00045    6.64306    9.49359  289.78674   14.99559 7.4920e+00     0.4880     1.0067    77.7510 0.0000e+00
        467 311.516129    0.03237     1.9425    116.551     13.119  48610.476    30.7447     9.0274     13.000     9.0489    23.7840     2.7624     3.9477     41.663    120.502    123.368   -0.00004    6.63035    9.47543  289.23227   14.96902 6.0212e+00     0.4803     1.1382    75.2402 0.0000e+00
        472 311.516144    0.03274     1.9642    117.850     14.136  48571.331    30.7213     9.0603     14.000     9.0566    23.7608     2.7597     3.9439     41.646    120.388    123.249   -0.00027    6.62649    9.46992  289.07064   14.96139 4.5823e+00     0.4242     1.1980    74.1201 0.0000e+00
        477 311.516157    0.03305     1.9829    118.974     15.137  48571.158    30.7198     9.0530     15.000     9.0459    23.7607     2.7626     3.9479     41.682    120.512    123.375    0.00018    6.62763    9.47155  289.12052   14.96378 3.5654e+00     0.4434     1.2267    73.5898 0.0000e+00
        482 311.516173    0.03342     2.0053    120.316     16.156  48581.154    30.7249     9.0424     16.000     9.0394    23.7663     2.7646     3.9509     41.705    120.602    123.468    0.00015    6.62897    9.47347  289.17716   14.96647 2.6933e+00     0.3984     1.2189    73.7324 0.0000e+00
        487 311.516186    0.03374     2.0244    121.465     17.156  48584.757    30.7265     9.0388     17.000     9.0375    23.7681     2.7639     3.9498     41.690    120.569    123.435    0.00003    6.62945    9.47415  289.19768   14.96744 2.0895e+00     0.4628     1.2014    74.0568 0.0000e+00
        492 311.516202    0.03412     2.0468    122.809     18.178  48591.422    30.7313     9.0428     18.000     9.0441    23.7713     2.7674     3.9549     41.749    120.722    123.591    0.00041    6.62865    9.47300  289.16149   14.96570 1.5925e+00     0.3908     1.2141    73.8222 0.0000e+00
        497 311.516215    0.03445     2.0672    124.030     19.179  48596.734    30.7359     9.0522     19.000     9.0540    23.7735     2.7617     3.9468     41.673    120.474    123.339   -0.00035    6.62706    9.47073  289.09185   14.96234 1.2383e+00     0.3849     1.2232    73.6547 0.0000e+00
        502 311.516231    0.03482     2.0891    125.345     20.188  48600.844    30.7395     9.0613     20.000     9.0623    23.7750     2.7619     3.9470     41.685    120.482    123.346   -0.00024    6.62556    9.46859  289.02602   14.95919 9.3917e-01     0.3734     1.2445    73.2617 0.0000e+00
        508 311.516246    0.03518     2.1109    126.653     21.202  48601.297    30.7401     9.0660     21.000     9.0637    23.7746     2.7628     3.9484     41.705    120.523    123.388 1.9009e-07    6.62484    9.46755  288.99445   14.95768 7.2640e-01     0.3709     1.1951    74.1742 0.0000e+00
        512 311.516260    0.03552     2.1310    127.858     22.204  48598.172    30.7373     9.0647     22.000     9.0587    23.7727     2.7638     3.9497     41.716    120.564    123.430    0.00014    6.62516    9.46801  289.00910   14.95838 5.6577e-01     0.3566     1.1712    74.6171 0.0000e+00
        518 311.516275    0.03587     2.1525    129.152     23.222  48602.085    30.7384     9.0557     23.000     9.0521    23.7750     2.7653     3.9518     41.730    120.629    123.497    0.00016    6.62645    9.46987  289.06489   14.96105 4.4685e-01     0.3679     1.1026    75.9078 0.0000e+00
        522 311.516289    0.03621     2.1728    130.370     24.225  48605.066    30.7400     9.0550     24.000     9.0523    23.7763     2.7630     3.9485     41.695    120.526    123.392   -0.00030    6.62647    9.46989  289.06531   14.96106 3.5438e-01     0.3579     1.0985    75.9856 0.0000e+00
        528 311.516304    0.03658     2.1948    131.687     25.241  48604.971    30.7394     9.0548     25.000     9.0514    23.7759     2.7657     3.9526     41.738    120.650    123.519    0.00011    6.62653    9.46997  289.06795   14.96119 2.7796e-01     0.3432     1.0864    76.2164 0.0000e+00
        533 311.516319    0.03693     2.2157    132.940     26.246  48607.533    30.7406     9.0533     26.000     9.0510    23.7771     2.7635     3.9493     41.702    120.551    123.417   -0.00021    6.62671    9.47022  289.07516   14.96153 2.2213e-01     0.3697     1.0733    76.4656 0.0000e+00
        538 311.516334    0.03728     2.2369    134.213     27.255  48605.900    30.7391     9.0542     27.000     9.0503    23.7758     2.7645     3.9506     41.717    120.592    123.460   -0.00008    6.62664    9.47012  289.07270   14.96142 1.7795e-01     0.4567     1.0724    76.4830 0.0000e+00
        543 311.516349    0.03766     2.2597    135.582     28.269  48599.980    30.7339     9.0493     28.000     9.0411    23.7724     2.7650     3.9514     41.719    120.616    123.483   -0.00001    6.62757    9.47147  289.11465   14.96345 1.4481e-01     0.3887     1.0534    76.8476 0.0000e+00
        548 311.516364    0.03802     2.2809    136.852     29.272  48606.774    30.7363     9.0359     29.000     9.0312    23.7765     2.7650     3.9514     41.708    120.616    123.485   -0.00022    6.62946    9.47417  289.19581   14.96731 1.1921e-01     0.4150     1.0219    77.4565 0.0000e+00
        554 311.516380    0.03841     2.3046    138.275     30.289  48612.209    30.7394     9.0335     30.000     9.0315    23.7792     2.7646     3.9510     41.701    120.600    123.469   -0.00020    6.62968    9.47448  289.20429   14.96770 9.9053e-02     0.3565     1.0110    77.6668 0.0000e+00
        559 311.516395    0.03877     2.3260    139.563     31.295  48613.919    30.7406     9.0365     31.000     9.0342    23.7797     2.7661     3.9530     41.726    120.664    123.534    0.00002    6.62917    9.47376  289.18227   14.96665 8.4523e-02     0.3517     1.0186    77.5190 0.0000e+00
        565 311.516411    0.03914     2.3482    140.892     32.305  48613.399    30.7400     9.0380     32.000     9.0351    23.7790     2.7636     3.9494     41.689    120.554    123.421   -0.00034    6.62897    9.47347  289.17376   14.96625 7.2923e-02     0.3711     1.0276    77.3446 0.0000e+00
        570 311.516425    0.03948     2.3691    142.144     33.310  48614.478    30.7405     9.0389     33.000     9.0358    23.7793     2.7658     3.9526     41.723    120.650    123.519    0.00001    6.62884    9.47326  289.16749   14.96594 6.3925e-02     0.3364     1.0235    77.4235 0.0000e+00
        575 311.516442    0.03988     2.3926    143.558     34.330  48614.734    30.7403     9.0396     34.000     9.0366    23.7790     2.7647     3.9511     41.708    120.606    123.473   -0.00007    6.62874    9.47314  289.16368   14.96576 5.7082e-02     0.3507     1.0271    77.3529 0.0000e+00
        580 311.516456    0.04023     2.4139    144.837     35.333  48621.337    30.7451     9.0440     35.000     9.0430    23.7821     2.7646     3.9510     41.712    120.600    123.468   -0.00014    6.62788    9.47191  289.12520   14.96390 5.1953e-02     0.3629     1.0292    77.3139 0.0000e+00
        586 311.516472    0.04060     2.4358    146.148     36.344  48618.618    30.7435     9.0496     36.000     9.0465    23.7801     2.7646     3.9508     41.716    120.598    123.466    0.00001    6.62712    9.47082  289.09261   14.96235 4.8000e-02     0.3985     1.0371    77.1606 0.0000e+00
        591 311.516486    0.04093     2.4563    147.375     37.353  48619.278    30.7437     9.0509     37.000     9.0475    23.7801     2.7633     3.9491     41.699    120.544    123.411   -0.00025    6.62693    9.47053  289.08400   14.96194 4.4961e-02     0.3511     1.0338    77.2239 0.0000e+00
        595 311.516500    0.04127     2.4764    148.584     38.360  48621.824    30.7453     9.0523     38.000     9.0494    23.7811     2.7633     3.9490     41.700    120.542    123.408   -0.00021    6.62664    9.47012  289.07109   14.96132 4.2778e-02     0.3634     1.0539    76.8389 0.0000e+00
        600 311.516513    0.04161     2.4962    149.771     39.373  48622.444    30.7456     9.0547     39.000     9.0513    23.7811     2.7634     3.9491     41.702    120.543    123.410   -0.00019    6.62628    9.46961  289.05542   14.96057 4.0884e-02     0.4393     1.0487    76.9373 0.0000e+00
        605 311.516527    0.04193     2.5159    150.953     40.382  48623.564    30.7461     9.0559     40.000     9.0520    23.7813     2.7648     3.9511     41.725    120.605    123.473    0.00012    6.62608    9.46934  289.04709   14.96017 3.9635e-02     0.3336     1.0627    76.6692 0.0000e+00
        610 311.516541    0.04226     2.5355    152.127     41.388  48624.832    30.7467     9.0566     41.000     9.0532    23.7816     2.7620     3.9472     41.685    120.485    123.351   -0.00041    6.62595    9.46914  289.04109   14.95988 3.8568e-02     0.3410     1.0652    76.6206 0.0000e+00
        615 311.516556    0.04261     2.5567    153.402     42.403  48626.249    30.7476     9.0594     42.000     9.0557    23.7819     2.7640     3.9499     41.716    120.570    123.437    0.00001    6.62550    9.46850  289.02120   14.95893 3.7573e-02     0.3511     1.0764    76.4056 0.0000e+00
        619 311.516569    0.04295     2.5766    154.594     43.409  48635.916    30.7544     9.0622     43.000     9.0624    23.7868     2.7621     3.9473     41.694    120.489    123.355   -0.00022    6.62479    9.46749  288.98902   14.95735 3.7008e-02     0.4121     1.0904    76.1406 0.0000e+00
        624 311.516584    0.04328     2.5973    155.840     44.419  48634.860    30.7545     9.0714     44.000     9.0691    23.7855     2.7608     3.9454     41.682    120.433    123.297   -0.00036    6.62344    9.46557  288.93078   14.95458 3.6546e-02     0.3190     1.1290    75.4092 0.0000e+00
        629 311.516598    0.04363     2.6180    157.082     45.432  48635.043    30.7551     9.0780     45.000     9.0749    23.7849     2.7617     3.9466     41.701    120.470    123.335   -0.00004    6.62244    9.46413  288.88689   14.95248 3.6378e-02     0.3557     1.1712    74.6179 0.0000e+00
        634 311.516613    0.04398     2.6386    158.319     46.439  48643.097    30.7612     9.0848     46.000     9.0851    23.7887     2.7611     3.9459     41.701    120.445    123.310   -0.00008    6.62117    9.46232  288.83067   14.94976 3.6382e-02     0.3179     1.1875    74.3149 0.0000e+00
        639 311.516626    0.04431     2.6589    159.533     47.449  48639.228    30.7596     9.0958     47.000     9.0920    23.7858     2.7601     3.9445     41.696    120.403    123.268   -0.00016    6.61962    9.46010  288.76374   14.94657 3.6382e-02     0.3258     1.2591    72.9966 0.0000e+00
        644 311.516640    0.04464     2.6784    160.705     48.457  48642.242    30.7618     9.0996     48.000     9.0970    23.7869     2.7596     3.9437     41.692    120.380    123.244   -0.00008    6.61896    9.45915  288.73454   14.94517 3.6382e-02     0.3490     1.2888    72.4546 0.0000e+00
        649 311.516655    0.04499     2.6994    161.963     49.468  48641.649    30.7617     9.1046     49.000     9.1021    23.7860     2.7592     3.9433     41.692    120.366    123.229   -0.00032    6.61823    9.45812  288.70327   14.94367 3.6382e-02     0.3160     1.3267    71.7725 0.0000e+00
        654 311.516669    0.04534     2.7200    163.198     50.480  48650.410    30.7690     9.1163     50.000     9.1153    23.7900     2.7576     3.9409     41.680    120.292    123.154   -0.00008    6.61619    9.45520  288.61281   14.93933 3.6382e-02     0.3382     1.3638    71.1096 0.0000e+00
        659 311.516683    0.04566     2.7399    164.392     51.487  48642.091    30.7632     9.1203     51.000     9.1163    23.7850     2.7574     3.9407     41.680    120.287    123.148   -0.00033    6.61586    9.45471  288.59968   14.93872 3.6382e-02     0.3192     1.3740    70.9287 0.0000e+00
        664 311.516697    0.04601     2.7605    165.630     52.496  48673.679    30.7878     9.1410     52.000     9.1509    23.8010     2.7556     3.9380     41.677    120.204    123.064   -0.00019    6.61176    9.44886  288.41640   14.92986 3.6382e-02     0.3898     1.3616    71.1489 0.0000e+00
        669 311.516712    0.04638     2.7826    166.954     53.509  48687.668    30.8022     9.1779     53.000     9.1922    23.8067     2.7550     3.9372     41.706    120.178    123.039    0.00014    6.60572    9.44024  288.15168   14.91715 3.6382e-02     0.3524     1.3388    71.5556 0.0000e+00
