CTD-processing/allCTD/CNV/2017_12-14_t9_s04_cast122_4141.cnv
* Sea-Bird SBE19plus Data File:
* FileName = C:\Users\Kim.Powell\Desktop\Not Processed\2017\2017_12-XX_4141\2017_12-14_TANSECT_STATION_cast122.hex
* Software Version 1.59
* Temperature SN =  4141
* Conductivity SN =  4141
* System UpLoad Time = Dec 18 2017 08:17:33
** 2017_12-14
** Station: 9-04
** Start Time: 11:42
** Depth (m): 97.5
** Comment:** CTD recorded date as April 18
** Comment:
# nquan = 27
# nvalues = 87                          
# units = specified
# name 0 = scan: Scan Count
# name 1 = timeJ: Julian Days
# name 2 = timeH: Time, Elapsed [hours]
# name 3 = timeM: Time, Elapsed [minutes]
# name 4 = timeS: Time, Elapsed [seconds]
# name 5 = prdM: Pressure, Strain Gauge [db]
# name 6 = specc: Specific Conductance [uS/cm]
# name 7 = sal00: Salinity, Practical [PSU]
# name 8 = tv290C: Temperature [ITS-90, deg C]
# name 9 = depSM: Depth [salt water, m], lat = 59.00
# name 10 = potemp090C: Potential Temperature [ITS-90, deg C]
# name 11 = sigma-é00: Density [sigma-theta, kg/m^3]
# name 12 = sbeox0ML/L: Oxygen, SBE 43 [ml/l]
# name 13 = sbeox0Mg/L: Oxygen, SBE 43 [mg/l]
# name 14 = sbeox0PS: Oxygen, SBE 43 [% saturation]
# name 15 = sbox0Mm/Kg: Oxygen, SBE 43 [umol/kg]
# name 16 = sbeox0Mm/L: Oxygen, SBE 43 [umol/l]
# name 17 = sbox0dV/dT: Oxygen, SBE 43 [dov/dt]
# name 18 = oxsolML/L: Oxygen Saturation, Garcia & Gordon [ml/l]
# name 19 = oxsolMg/L: Oxygen Saturation, Garcia & Gordon [mg/l]
# name 20 = oxsolMm/Kg: Oxygen Saturation, Garcia & Gordon [umol/kg]
# name 21 = n2satMg/L: Nitrogen Saturation [mg/l]
# name 22 = par: PAR/Irradiance, Biospherical/Licor
# name 23 = wetStar: Fluorescence, WET Labs WETstar [mg/m^3]
# name 24 = CStarAt0: Beam Attenuation, WET Labs C-Star [1/m]
# name 25 = CStarTr0: Beam Transmission, WET Labs C-Star [%]
# name 26 = flag: flag
# span 0 =        401,        831       
# span 1 = 108.489385, 108.490632       
# span 2 =    0.02775,    0.05767       
# span 3 =     1.6650,     3.4603       
# span 4 =     99.901,    207.620       
# span 5 =      1.014,     87.822       
# span 6 =  47698.176,  50115.792       
# span 7 =    29.4049,    31.4000       
# span 8 =     4.7834,     6.7432       
# span 9 =      1.000,     87.000       
# span 10 =     4.8277,     6.7359      
# span 11 =    23.2643,    24.6186      
# span 12 =     2.8002,     2.9371      
# span 13 =     4.0018,     4.1975      
# span 14 =     39.708,     40.537      
# span 15 =    122.062,    128.190      
# span 16 =    125.058,    131.173      
# span 17 =   -0.00057,    0.00120      
# span 18 =    6.95404,    7.38157      
# span 19 =    9.93802,   10.54900      
# span 20 =  303.10536,  322.16584      
# span 21 =   15.62854,   16.54436      
# span 22 = 3.6360e-02, 3.5521e+01      
# span 23 =     0.1947,     0.3738      
# span 24 =     0.5408,     2.8044      
# span 25 =    49.6048,    87.3543      
# span 26 = 0.0000e+00, 0.0000e+00      
# interval = meters: 1                  
# start_time = Apr 18 2017 11:43:03 [Instrument's time stamp, header]
# bad_flag = -9.990e-29
*END*
[from data line 54]
        667 108.490155    0.04623     2.7739    166.434     55.529  50024.519    31.3346     6.6488     55.000     6.6425    24.5783     2.8234     4.0350     40.496    123.071    126.096    0.00064    6.97230    9.96411  303.91334   15.66732 3.6382e-02     0.2055     0.5722    86.6714 0.0000e+00
        672 108.490170    0.04657     2.7943    167.658     56.534  50027.999    31.3359     6.6447     56.000     6.6379    24.5799     2.8241     4.0359     40.501    123.100    126.125    0.00034    6.97291    9.96498  303.93922   15.66856 3.6382e-02     0.2135     0.5859    86.3737 0.0000e+00
        677 108.490185    0.04694     2.8167    169.002     57.551  50047.514    31.3483     6.6415     57.000     6.6385    24.5901     2.8260     4.0387     40.529    123.181    126.209    0.00039    6.97286    9.96491  303.93409   15.66826 3.6382e-02     0.2211     0.5828    86.4416 0.0000e+00
        682 108.490199    0.04727     2.8362    170.169     58.551  50060.034    31.3576     6.6472     58.000     6.6455    24.5967     2.8224     4.0335     40.484    123.021    126.047   -0.00018    6.97150    9.96298  303.87304   15.66531 3.6382e-02     0.2270     0.5923    86.2364 0.0000e+00
        687 108.490215    0.04766     2.8594    171.565     59.568  50065.312    31.3623     6.6561     59.000     6.6526    24.5993     2.8252     4.0375     40.534    123.144    126.173    0.00019    6.96984    9.96061  303.80008   15.66181 3.6382e-02     0.2133     0.5710    86.6974 0.0000e+00
        692 108.490230    0.04802     2.8810    172.860     60.575  50062.595    31.3604     6.6581     60.000     6.6530    24.5975     2.8252     4.0375     40.537    123.147    126.176    0.00026    6.96962    9.96029  303.79066   15.66137 3.6382e-02     0.2235     0.5702    86.7128 0.0000e+00
        698 108.490245    0.04837     2.9025    174.152     61.584  50063.475    31.3606     6.6584     61.000     6.6532    24.5977     2.8251     4.0374     40.536    123.141    126.170    0.00001    6.96957    9.96021  303.78836   15.66126 3.6382e-02     0.2153     0.5737    86.6378 0.0000e+00
        703 108.490260    0.04874     2.9244    175.466     62.595  50064.677    31.3610     6.6586     62.000     6.6535    24.5980     2.8250     4.0371     40.533    123.133    126.162   -0.00002    6.96949    9.96010  303.78492   15.66110 3.6382e-02     0.2062     0.5693    86.7333 0.0000e+00
        708 108.490275    0.04910     2.9459    176.755     63.605  50064.584    31.3605     6.6587     63.000     6.6533    24.5976     2.8225     4.0337     40.498    123.028    126.054   -0.00036    6.96950    9.96012  303.78569   15.66114 3.6382e-02     0.2149     0.5686    86.7495 0.0000e+00
        713 108.490290    0.04947     2.9682    178.091     64.613  50069.309    31.3635     6.6598     64.000     6.6558    24.5998     2.8226     4.0337     40.500    123.029    126.056   -0.00023    6.96919    9.95967  303.77135   15.66044 3.6382e-02     0.2104     0.5665    86.7943 0.0000e+00
        719 108.490307    0.04985     2.9910    179.461     65.629  50070.108    31.3642     6.6637     65.000     6.6588    24.5999     2.8243     4.0363     40.530    123.106    126.135    0.00002    6.96854    9.95873  303.74269   15.65907 3.6382e-02     0.2275     0.5661    86.8023 0.0000e+00
        724 108.490321    0.05021     3.0122    180.735     66.634  50070.016    31.3639     6.6646     66.000     6.6592    24.5995     2.8192     4.0289     40.458    122.884    125.906   -0.00057    6.96839    9.95853  303.73652   15.65877 3.6382e-02     0.2007     0.5745    86.6216 0.0000e+00
        729 108.490336    0.05056     3.0332    181.992     67.636  50069.893    31.3635     6.6654     67.000     6.6596    24.5991     2.8205     4.0308     40.476    122.939    125.963   -0.00025    6.96828    9.95838  303.73206   15.65857 3.6382e-02     0.2209     0.5763    86.5809 0.0000e+00
        735 108.490353    0.05096     3.0579    183.471     68.660  50072.421    31.3647     6.6652     68.000     6.6600    24.6001     2.8204     4.0306     40.475    122.933    125.957   -0.00020    6.96827    9.95836  303.73111   15.65852 3.6382e-02     0.2009     0.5668    86.7882 0.0000e+00
        740 108.490366    0.05130     3.0778    184.666     69.658  50077.899    31.3686     6.6681     69.000     6.6641    24.6029     2.8184     4.0278     40.450    122.849    125.872   -0.00033    6.96761    9.95741  303.70138   15.65708 3.6382e-02     0.2334     0.5764    86.5804 0.0000e+00
        745 108.490383    0.05169     3.1014    186.086     70.677  50087.792    31.3762     6.6749     70.000     6.6733    24.6080     2.8176     4.0265     40.446    122.809    125.831   -0.00030    6.96617    9.95535  303.63716   15.65399 3.6382e-02     0.2127     0.5656    86.8125 0.0000e+00
        750 108.490398    0.05204     3.1226    187.356     71.681  50088.033    31.3778     6.6851     71.000     6.6809    24.6079     2.8179     4.0271     40.462    122.826    125.849   -0.00014    6.96445    9.95289  303.56222   15.65041 3.6382e-02     0.2059     0.5464    87.2326 0.0000e+00
        756 108.490414    0.05242     3.1455    188.731     72.694  50085.725    31.3763     6.6884     72.000     6.6825    24.6063     2.8190     4.0285     40.479    122.870    125.893    0.00015    6.96398    9.95223  303.54255   15.64948 3.6382e-02     0.2045     0.5431    87.3030 0.0000e+00
        761 108.490429    0.05280     3.1679    190.076     73.701  50090.497    31.3796     6.6910     73.000     6.6863    24.6087     2.8142     4.0218     40.415    122.665    125.683   -0.00057    6.96340    9.95140  303.51646   15.64822 3.6382e-02     0.2015     0.5408    87.3543 0.0000e+00
        767 108.490445    0.05318     3.1909    191.457     74.712  50092.739    31.3814     6.6946     74.000     6.6900    24.6096     2.8161     4.0244     40.445    122.745    125.765   -0.00011    6.96274    9.95044  303.48710   15.64681 3.6382e-02     0.2106     0.5464    87.2322 0.0000e+00
        772 108.490461    0.05357     3.2141    192.847     75.723  50093.461    31.3822     6.6995     75.000     6.6941    24.6097     2.8138     4.0212     40.418    122.646    125.665   -0.00036    6.96190    9.94926  303.45072   15.64508 3.6382e-02     0.1977     0.5600    86.9361 0.0000e+00
        778 108.490477    0.05394     3.2366    194.194     76.733  50095.359    31.3836     6.7019     76.000     6.6968    24.6105     2.8137     4.0210     40.418    122.641    125.659   -0.00021    6.96146    9.94863  303.43140   15.64415 3.6382e-02     0.1973     0.5726    86.6625 0.0000e+00
        783 108.490491    0.05428     3.2566    195.395     77.738  50102.395    31.3889     6.7069     77.000     6.7033    24.6140     2.8165     4.0251     40.465    122.766    125.787    0.00014    6.96041    9.94712  303.38440   15.64189 3.6382e-02     0.1947     0.5731    86.6520 0.0000e+00
        788 108.490505    0.05462     3.2774    196.646     78.756  50100.077    31.3879     6.7127     78.000     6.7065    24.6125     2.8134     4.0206     40.425    122.628    125.646   -0.00016    6.95952    9.94585  303.34615   15.64007 3.6382e-02     0.2000     0.5601    86.9341 0.0000e+00
        792 108.490519    0.05496     3.2973    197.841     79.758  50103.848    31.3904     6.7145     79.000     6.7091    24.6142     2.8137     4.0211     40.433    122.644    125.662   -0.00013    6.95911    9.94526  303.32763   15.63918 3.6382e-02     0.2062     0.5595    86.9463 0.0000e+00
        797 108.490534    0.05531     3.3187    199.123     80.774  50105.330    31.3914     6.7177     80.000     6.7121    24.6146     2.8122     4.0189     40.413    122.574    125.591   -0.00035    6.95855    9.94446  303.30312   15.63801 3.6382e-02     0.2327     0.5562    87.0198 0.0000e+00
        802 108.490548    0.05565     3.3388    200.327     81.781  50106.217    31.3922     6.7211     81.000     6.7151    24.6148     2.8118     4.0183     40.411    122.558    125.575   -0.00022    6.95797    9.94364  303.27791   15.63680 3.6382e-02     0.2054     0.5534    87.0799 0.0000e+00
        807 108.490561    0.05598     3.3589    201.534     82.788  50108.858    31.3940     6.7232     82.000     6.7178    24.6159     2.8111     4.0172     40.403    122.525    125.541   -0.00032    6.95755    9.94303  303.25917   15.63590 3.6382e-02     0.2207     0.5571    86.9986 0.0000e+00
        812 108.490576    0.05631     3.3788    202.730     83.803  50111.368    31.3960     6.7277     83.000     6.7223    24.6171     2.8089     4.0142     40.377    122.432    125.446   -0.00043    6.95672    9.94185  303.22265   15.63415 3.6382e-02     0.2102     0.5592    86.9528 0.0000e+00
        817 108.490589    0.05664     3.3981    203.886     84.804  50114.747    31.3988     6.7325     84.000     6.7276    24.6186     2.8100     4.0157     40.397    122.478    125.493   -0.00014    6.95584    9.94057  303.18339   15.63226 3.6382e-02     0.2308     0.5633    86.8633 0.0000e+00
        822 108.490605    0.05701     3.4206    205.238     85.831  50115.139    31.3996     6.7381     85.000     6.7325    24.6186     2.8090     4.0143     40.389    122.436    125.450   -0.00020    6.95487    9.93921  303.14169   15.63027 3.6382e-02     0.2280     0.5531    87.0879 0.0000e+00
        826 108.490616    0.05729     3.4377    206.264     86.822  50115.112    31.3997     6.7413     86.000     6.7347    24.6182     2.8097     4.0154     40.402    122.467    125.481   -0.00006    6.95436    9.93847  303.11921   15.62920 3.6382e-02     0.2394     0.5670    86.7845 0.0000e+00
        831 108.490632    0.05767     3.4603    207.620     87.822  50115.792    31.4000     6.7432     87.000     6.7359    24.6183     2.8082     4.0133     40.383    122.402    125.416   -0.00022    6.95404    9.93802  303.10536   15.62854 3.6382e-02     0.2095     0.5599    86.9377 0.0000e+00
