CTD-processing/allCTD/CNV/2017_10-20_alongbay_skb04_cast067_4141.cnv
* Sea-Bird SBE19plus Data File:
* FileName = C:\Users\Kim.Powell\Desktop\Not Processed\2017\2017_10-20_AlongBay\2017_10-20_AlongBay_STATION_cast067.hex
* Software Version 1.59
* Temperature SN =  4141
* Conductivity SN =  4141
* System UpLoad Time = Oct 20 2017 15:55:35
** 2017_10-20
** Station: KB04
** Start Time: 11:42
** Depth (m): 154.2
** Comment: Edgecumbe
** Comment:
# nquan = 27
# nvalues = 151                         
# units = specified
# name 0 = scan: Scan Count
# name 1 = timeJ: Julian Days
# name 2 = timeH: Time, Elapsed [hours]
# name 3 = timeM: Time, Elapsed [minutes]
# name 4 = timeS: Time, Elapsed [seconds]
# name 5 = prdM: Pressure, Strain Gauge [db]
# name 6 = specc: Specific Conductance [uS/cm]
# name 7 = sal00: Salinity, Practical [PSU]
# name 8 = tv290C: Temperature [ITS-90, deg C]
# name 9 = depSM: Depth [salt water, m], lat = 59.00
# name 10 = potemp090C: Potential Temperature [ITS-90, deg C]
# name 11 = sigma-é00: Density [sigma-theta, kg/m^3]
# name 12 = sbeox0ML/L: Oxygen, SBE 43 [ml/l]
# name 13 = sbeox0Mg/L: Oxygen, SBE 43 [mg/l]
# name 14 = sbeox0PS: Oxygen, SBE 43 [% saturation]
# name 15 = sbox0Mm/Kg: Oxygen, SBE 43 [umol/kg]
# name 16 = sbeox0Mm/L: Oxygen, SBE 43 [umol/l]
# name 17 = sbox0dV/dT: Oxygen, SBE 43 [dov/dt]
# name 18 = oxsolML/L: Oxygen Saturation, Garcia & Gordon [ml/l]
# name 19 = oxsolMg/L: Oxygen Saturation, Garcia & Gordon [mg/l]
# name 20 = oxsolMm/Kg: Oxygen Saturation, Garcia & Gordon [umol/kg]
# name 21 = n2satMg/L: Nitrogen Saturation [mg/l]
# name 22 = par: PAR/Irradiance, Biospherical/Licor
# name 23 = wetStar: Fluorescence, WET Labs WETstar [mg/m^3]
# name 24 = CStarAt0: Beam Attenuation, WET Labs C-Star [1/m]
# name 25 = CStarTr0: Beam Transmission, WET Labs C-Star [%]
# name 26 = flag: flag
# span 0 =        285,        895       
# span 1 = 293.488425, 293.490191       
# span 2 =    0.01970,    0.06210       
# span 3 =     1.1823,     3.7262       
# span 4 =     70.937,    223.570       
# span 5 =      1.026,    152.484       
# span 6 =  48281.167,  49082.807       
# span 7 =    30.5569,    31.1072       
# span 8 =     9.3037,     9.8273       
# span 9 =      1.000,    151.000       
# span 10 =     9.3009,     9.8194      
# span 11 =    23.5930,    23.9656      
# span 12 =     2.9997,     3.1940      
# span 13 =     4.2868,     4.5646      
# span 14 =     46.023,     48.436      
# span 15 =    130.830,    139.358      
# span 16 =    133.965,    142.646      
# span 17 =   -0.00167,    0.01205      
# span 18 =    6.50613,    6.59765      
# span 19 =    9.29791,    9.42871      
# span 20 =  283.80555,  287.85928      
# span 21 =   14.70879,   14.90416      
# span 22 = 3.6356e-02, 1.3716e+02      
# span 23 =     0.2699,     1.1723      
# span 24 =     0.3810,     1.4210      
# span 25 =    70.1002,    90.9137      
# span 26 = 0.0000e+00, 0.0000e+00      
# interval = meters: 1                  
# start_time = Oct 20 2017 11:42:09 [Instrument's time stamp, header]
# bad_flag = -9.990e-29
*END*
[from data line 54]
        531 293.489139    0.03683     2.2095    132.571     55.526  48630.219    30.8274     9.6782     55.000     9.6782    23.7483     3.0967     4.4255     47.408    135.089    138.297   -0.00041    6.53194    9.33479  284.94921   14.76395 8.7873e-02     0.7697     0.4069    90.3266 0.0000e+00
        535 293.489150    0.03710     2.2262    133.572     56.536  48643.390    30.8379     9.6918     56.000     9.6931    23.7544     3.0936     4.4210     47.378    134.953    138.159   -0.00048    6.52954    9.33137  284.84303   14.75882 8.0245e-02     0.7236     0.4120    90.2131 0.0000e+00
        539 293.489161    0.03737     2.2422    134.534     57.552  48650.735    30.8445     9.7059     57.000     9.7058    23.7574     3.0911     4.4174     47.357    134.844    138.049   -0.00071    6.52725    9.32810  284.74250   14.75399 7.4052e-02     0.7719     0.4085    90.2934 0.0000e+00
        543 293.489171    0.03761     2.2567    135.402     58.554  48649.909    30.8447     9.7151     58.000     9.7118    23.7561     3.0891     4.4145     47.335    134.754    137.956   -0.00068    6.52590    9.32616  284.68351   14.75117 6.9045e-02     0.6048     0.4217    89.9930 0.0000e+00
        546 293.489181    0.03786     2.2715    136.293     59.566  48654.662    30.8483     9.7200     59.000     9.7180    23.7581     3.0878     4.4126     47.321    134.698    137.898   -0.00070    6.52506    9.32496  284.64650   14.74938 6.3904e-02     0.6289     0.4136    90.1768 0.0000e+00
        550 293.489192    0.03810     2.2861    137.165     60.570  48661.142    30.8535     9.7282     60.000     9.7252    23.7609     3.0895     4.4152     47.358    134.774    137.977   -0.00030    6.52366    9.32297  284.58478   14.74641 5.9579e-02     0.6318     0.4198    90.0378 0.0000e+00
        554 293.489204    0.03839     2.3037    138.223     61.583  48662.037    30.8544     9.7345     61.000     9.7298    23.7606     3.0895     4.4153     47.366    134.775    137.978    0.00001    6.52272    9.32163  284.54394   14.74445 5.6046e-02     0.6207     0.4174    90.0907 0.0000e+00
        559 293.489218    0.03874     2.3243    139.455     62.591  48672.414    30.8621     9.7402     62.000     9.7381    23.7657     3.0853     4.4092     47.309    134.590    137.789   -0.00061    6.52158    9.31999  284.49267   14.74197 5.2677e-02     0.5961     0.4194    90.0468 0.0000e+00
        564 293.489234    0.03913     2.3475    140.849     63.616  48698.726    30.8824     9.7579     63.000     9.7616    23.7787     3.0838     4.4071     47.311    134.524    137.723   -0.00042    6.51819    9.31515  284.34125   14.73465 4.9801e-02     0.5627     0.4248    89.9258 0.0000e+00
        568 293.489245    0.03939     2.3632    141.792     64.612  48702.159    30.8869     9.7776     64.000     9.7771    23.7792     3.0794     4.4008     47.266    134.335    137.530   -0.00064    6.51518    9.31084  284.20965   14.72834 4.7428e-02     0.5344     0.4298    89.8125 0.0000e+00
        572 293.489256    0.03966     2.3795    142.772     65.624  48698.487    30.8852     9.7879     65.000     9.7841    23.7762     3.0750     4.3944     47.207    134.139    137.328   -0.00112    6.51378    9.30884  284.14940   14.72546 4.5019e-02     0.5346     0.4326    89.7488 0.0000e+00
        576 293.489267    0.03991     2.3949    143.696     66.641  48709.411    30.8934     9.7949     66.000     9.7931    23.7815     3.0748     4.3942     47.214    134.131    137.321   -0.00082    6.51243    9.30691  284.08901   14.72254 4.2839e-02     0.5145     0.4372    89.6459 0.0000e+00
        579 293.489276    0.04013     2.4075    144.449     67.646  48717.498    30.8997     9.8033     67.000     9.8020    23.7851     3.0755     4.3952     47.236    134.161    137.352   -0.00036    6.51097    9.30482  284.02436   14.71943 4.1267e-02     0.5015     0.4394    89.5968 0.0000e+00
        582 293.489284    0.04032     2.4193    145.156     68.655  48729.364    30.9088     9.8118     68.000     9.8105    23.7908     3.0736     4.3926     47.219    134.080    137.270   -0.00048    6.50938    9.30255  283.95332   14.71599 4.0131e-02     0.5166     0.4550    89.2491 0.0000e+00
        584 293.489292    0.04051     2.4306    145.834     69.661  48745.386    30.9207     9.8202     69.000     9.8175    23.7987     3.0726     4.3911     47.216    134.034    137.223   -0.00053    6.50767    9.30011  283.87657   14.71227 3.8149e-02     0.4912     0.5040    88.1626 0.0000e+00
        587 293.489300    0.04069     2.4415    146.490     70.673  48748.546    30.9232     9.8259     70.000     9.8194    23.7998     3.0726     4.3912     47.223    134.035    137.225   -0.00030    6.50673    9.29878  283.83567   14.71031 3.7454e-02     0.4990     0.5430    87.3063 0.0000e+00
        590 293.489307    0.04087     2.4523    147.135     71.686  48751.633    30.9252     9.8273     71.000     9.8190    23.8011     3.0704     4.3877     47.188    133.932    137.119   -0.00053    6.50647    9.29839  283.82372   14.70973 3.7496e-02     0.4710     0.5535    87.0787 0.0000e+00
        592 293.489314    0.04105     2.4631    147.785     72.696  48756.126    30.9278     9.8269     72.000     9.8188    23.8033     3.0653     4.3806     47.112    133.714    136.897   -0.00129    6.50642    9.29833  283.82090   14.70957 3.6356e-02     0.4161     0.5547    87.0502 0.0000e+00
        595 293.489322    0.04122     2.4734    148.405     73.702  48765.147    30.9337     9.8266     73.000     9.8184    23.8080     3.0662     4.3818     47.127    133.750    136.934   -0.00112    6.50620    9.29801  283.80995   14.70904 3.6375e-02     0.3475     0.5593    86.9515 0.0000e+00
        597 293.489329    0.04139     2.4833    148.999     74.713  48774.242    30.9396     9.8255     74.000     9.8110    23.8127     3.0670     4.3831     47.141    133.789    136.975   -0.00067    6.50613    9.29791  283.80555   14.70879 3.6379e-02     0.3921     0.5612    86.9098 0.0000e+00
        599 293.489335    0.04156     2.4932    149.592     75.722  48783.973    30.9449     9.8174     75.000     9.7994    23.8182     3.0682     4.3848     47.152    133.839    137.026   -0.00052    6.50706    9.29923  283.84451   14.71064 3.6383e-02     0.3793     0.5456    87.2492 0.0000e+00
        602 293.489342    0.04172     2.5032    150.194     76.724  48798.497    30.9533     9.8059     76.000     9.7903    23.8266     3.0678     4.3840     47.135    133.816    137.004   -0.00064    6.50835    9.30108  283.89855   14.71319 3.6383e-02     0.3608     0.5442    87.2798 0.0000e+00
        604 293.489350    0.04191     2.5145    150.868     77.742  48817.680    30.9651     9.7966     77.000     9.7855    23.8373     3.0659     4.3814     47.100    133.734    136.921   -0.00070    6.50919    9.30227  283.93191   14.71474 3.6382e-02     0.3677     0.5506    87.1389 0.0000e+00
        608 293.489359    0.04212     2.5272    151.632     78.748  48829.796    30.9728     9.7935     78.000     9.7847    23.8439     3.0712     4.3891     47.182    133.966    137.160   -0.00007    6.50930    9.30243  283.93512   14.71486 3.6382e-02     0.4485     0.5717    86.6825 0.0000e+00
        611 293.489369    0.04235     2.5410    152.459     79.752  48832.841    30.9745     9.7932     79.000     9.7847    23.8453     3.0686     4.3855     47.144    133.857    137.049   -0.00019    6.50928    9.30241  283.93399   14.71480 3.6382e-02     0.3750     0.5761    86.5862 0.0000e+00
        615 293.489380    0.04262     2.5571    153.426     80.771  48835.864    30.9762     9.7935     80.000     9.7851    23.8466     3.0639     4.3786     47.071    133.646    136.834   -0.00105    6.50916    9.30224  283.92828   14.71452 3.6382e-02     0.3410     0.5789    86.5254 0.0000e+00
        619 293.489392    0.04291     2.5744    154.461     81.780  48836.183    30.9761     9.7940     81.000     9.7852    23.8464     3.0652     4.3805     47.091    133.704    136.892   -0.00063    6.50911    9.30216  283.92587   14.71441 3.6382e-02     0.3326     0.5854    86.3847 0.0000e+00
        623 293.489404    0.04319     2.5915    155.489     82.788  48836.464    30.9759     9.7942     82.000     9.7852    23.8463     3.0634     4.3779     47.063    133.624    136.811   -0.00052    6.50909    9.30213  283.92515   14.71437 3.6382e-02     0.3448     0.5875    86.3390 0.0000e+00
        627 293.489417    0.04349     2.6097    156.579     83.801  48838.327    30.9768     9.7941     83.000     9.7850    23.8470     3.0598     4.3727     47.008    133.466    136.649   -0.00101    6.50906    9.30211  283.92417   14.71432 3.6382e-02     0.3393     0.5914    86.2571 0.0000e+00
        632 293.489430    0.04381     2.6286    157.715     84.809  48838.248    30.9764     9.7943     84.000     9.7853    23.8466     3.0587     4.3712     46.991    133.420    136.601   -0.00086    6.50905    9.30208  283.92363   14.71430 3.6382e-02     0.3147     0.5898    86.2906 0.0000e+00
        637 293.489444    0.04416     2.6492    158.950     85.824  48838.785    30.9764     9.7947     85.000     9.7854    23.8466     3.0593     4.3720     47.001    133.445    136.628   -0.00050    6.50898    9.30199  283.92058   14.71415 3.6382e-02     0.3354     0.5895    86.2968 0.0000e+00
        641 293.489455    0.04442     2.6656    159.938     86.834  48839.494    30.9764     9.7947     86.000     9.7852    23.8467     3.0556     4.3667     46.944    133.285    136.462   -0.00075    6.50899    9.30199  283.92093   14.71417 3.6382e-02     0.3599     0.5906    86.2733 0.0000e+00
        644 293.489465    0.04466     2.6796    160.778     87.840  48840.654    30.9768     9.7946     87.000     9.7846    23.8469     3.0506     4.3597     46.868    133.069    136.242   -0.00142    6.50899    9.30200  283.92088   14.71417 3.6382e-02     0.3328     0.5985    86.1023 0.0000e+00
        647 293.489474    0.04488     2.6927    161.565     88.852  48843.498    30.9782     9.7932     88.000     9.7818    23.8483     3.0551     4.3660     46.936    133.264    136.442   -0.00084    6.50912    9.30218  283.92609   14.71441 3.6382e-02     0.4041     0.5975    86.1236 0.0000e+00
        650 293.489483    0.04508     2.7050    162.298     89.865  48846.796    30.9799     9.7914     89.000     9.7820    23.8499     3.0604     4.3735     47.014    133.491    136.675    0.00063    6.50932    9.30247  283.93444   14.71480 3.6382e-02     0.3482     0.6039    85.9881 0.0000e+00
        653 293.489491    0.04528     2.7164    162.986     90.867  48847.753    30.9802     9.7918     90.000     9.7817    23.8501     3.0563     4.3677     46.953    133.314    136.493   -0.00018    6.50924    9.30236  283.93111   14.71464 3.6382e-02     0.3641     0.6086    85.8870 0.0000e+00
        656 293.489499    0.04547     2.7281    163.686     91.875  48849.031    30.9807     9.7915     91.000     9.7808    23.8505     3.0541     4.3646     46.919    133.219    136.396   -0.00087    6.50928    9.30240  283.93229   14.71469 3.6382e-02     0.4214     0.6104    85.8482 0.0000e+00
        659 293.489507    0.04566     2.7401    164.404     92.893  48850.959    30.9814     9.7905     92.000     9.7788    23.8514     3.0572     4.3692     46.968    133.357    136.538    0.00007    6.50938    9.30256  283.93688   14.71491 3.6382e-02     0.3292     0.6055    85.9523 0.0000e+00
        661 293.489515    0.04585     2.7514    165.087     93.905  48853.678    30.9827     9.7885     93.000     9.7772    23.8526     3.0445     4.3509     46.769    132.799    135.965   -0.00167    6.50962    9.30289  283.94654   14.71537 3.6382e-02     0.3324     0.6204    85.6327 0.0000e+00
        664 293.489523    0.04604     2.7624    165.742     94.902  48858.789    30.9856     9.7867     94.000     9.7740    23.8552     3.0485     4.3566     46.830    132.974    136.147   -0.00153    6.50975    9.30309  283.95186   14.71561 3.6382e-02     0.3237     0.6146    85.7568 0.0000e+00
        667 293.489531    0.04624     2.7743    166.456     95.917  48866.389    30.9901     9.7833     95.000     9.7710    23.8593     3.0552     4.3661     46.930    133.264    136.444    0.00014    6.51005    9.30351  283.96367   14.71617 3.6382e-02     0.3337     0.6236    85.5651 0.0000e+00
        670 293.489539    0.04644     2.7862    167.171     96.940  48872.393    30.9936     9.7807     96.000     9.7695    23.8623     3.0529     4.3628     46.893    133.163    136.342    0.00012    6.51026    9.30382  283.97215   14.71656 3.6382e-02     0.3380     0.6407    85.1987 0.0000e+00
        672 293.489547    0.04662     2.7968    167.805     97.938  48877.313    30.9965     9.7798     97.000     9.7688    23.8648     3.0488     4.3571     46.832    132.987    136.161   -0.00095    6.51028    9.30384  283.97199   14.71654 3.6382e-02     0.4227     0.6530    84.9392 0.0000e+00
        675 293.489554    0.04680     2.8078    168.466     98.939  48877.994    30.9965     9.7794     98.000     9.7684    23.8649     3.0481     4.3561     46.820    132.957    136.130   -0.00101    6.51033    9.30392  283.97442   14.71664 3.6382e-02     0.3728     0.6582    84.8280 0.0000e+00
        678 293.489563    0.04700     2.8203    169.217     99.961  48882.472    30.9991     9.7788     99.000     9.7667    23.8671     3.0494     4.3578     46.839    133.009    136.184   -0.00060    6.51031    9.30388  283.97278   14.71656 3.6382e-02     0.4632     0.6688    84.6022 0.0000e+00
        681 293.489571    0.04720     2.8320    169.921    100.977  48891.644    31.0049     9.7769    100.000     9.7619    23.8720     3.0519     4.3613     46.877    133.118    136.295   -0.00007    6.51035    9.30392  283.97266   14.71653 3.6382e-02     0.3431     0.6966    84.0159 0.0000e+00
        683 293.489578    0.04738     2.8426    170.554    101.976  48903.813    31.0124     9.7717    101.000     9.7566    23.8786     3.0504     4.3593     46.852    133.053    136.230   -0.00025    6.51076    9.30453  283.98944   14.71731 3.6382e-02     0.3178     0.7332    83.2513 0.0000e+00
        686 293.489586    0.04757     2.8541    171.244    102.985  48917.454    31.0209     9.7662    102.000     9.7506    23.8861     3.0481     4.3560     46.813    132.952    136.128   -0.00065    6.51121    9.30516  284.00658   14.71809 3.6382e-02     0.3400     0.7644    82.6062 0.0000e+00
        689 293.489595    0.04777     2.8662    171.973    103.990  48934.230    31.0314     9.7597    103.000     9.7440    23.8954     3.0474     4.3549     46.798    132.918    136.095   -0.00079    6.51169    9.30586  284.02546   14.71895 3.6382e-02     0.3148     0.8078    81.7141 0.0000e+00
        693 293.489605    0.04803     2.8814    172.881    105.006  48952.477    31.0428     9.7515    104.000     9.7363    23.9056     3.0476     4.3554     46.797    132.929    136.107   -0.00056    6.51239    9.30686  284.05295   14.72022 3.6382e-02     0.3029     0.8497    80.8623 0.0000e+00
        696 293.489616    0.04829     2.8978    173.867    106.026  48965.809    31.0508     9.7447    105.000     9.7310    23.9130     3.0481     4.3559     46.799    132.946    136.125   -0.00047    6.51303    9.30777  284.07874   14.72143 3.6382e-02     0.3315     0.9158    79.5370 0.0000e+00
        700 293.489626    0.04852     2.9113    174.680    107.028  48972.820    31.0549     9.7417    106.000     9.7289    23.9167     3.0466     4.3540     46.776    132.886    136.064   -0.00051    6.51329    9.30815  284.08933   14.72191 3.6382e-02     0.3139     0.9483    78.8918 0.0000e+00
        703 293.489635    0.04874     2.9245    175.471    108.044  48976.192    31.0567     9.7401    107.000     9.7278    23.9183     3.0434     4.3492     46.724    132.740    135.914   -0.00100    6.51345    9.30837  284.09555   14.72220 3.6382e-02     0.2843     0.9599    78.6644 0.0000e+00
