CTD-processing/allCTD/CNV/2017_04-20_t4_s06_cast142_4141.cnv
* Sea-Bird SBE19plus Data File:
* FileName = P:\My Documents\kasitsna\Research-KBL\Oceanography-AK\CTD-Data-ALL-to-2017-02\2017-CTD-KachemakBay-CookInlet\2017-04-20-CookInlet-Tran4-Barabara\2017-04-20-CookInlet-Tran4-cast142.hex
* Software Version 1.59
* Temperature SN =  4141
* Conductivity SN =  4141
* System UpLoad Time = Apr 24 2017 16:26:07
** Cook Inlet LTM Transect 4 Barabara north to south
** Date: 2017-04-20
** Station: (eg. 9-01): 4-06
** Start time (AKDT): 14:31
** Depth (m): 61.3
** Comment: R/V Alaska Dreamcatcher
** Comment:
# nquan = 27
# nvalues = 61                          
# units = specified
# name 0 = scan: Scan Count
# name 1 = timeJ: Julian Days
# name 2 = timeH: Time, Elapsed [hours]
# name 3 = timeM: Time, Elapsed [minutes]
# name 4 = timeS: Time, Elapsed [seconds]
# name 5 = prdM: Pressure, Strain Gauge [db]
# name 6 = specc: Specific Conductance [uS/cm]
# name 7 = sal00: Salinity, Practical [PSU]
# name 8 = tv290C: Temperature [ITS-90, deg C]
# name 9 = depSM: Depth [salt water, m], lat = 59.00
# name 10 = potemp090C: Potential Temperature [ITS-90, deg C]
# name 11 = sigma-é00: Density [sigma-theta, kg/m^3]
# name 12 = sbeox0ML/L: Oxygen, SBE 43 [ml/l]
# name 13 = sbeox0Mg/L: Oxygen, SBE 43 [mg/l]
# name 14 = sbeox0PS: Oxygen, SBE 43 [% saturation]
# name 15 = sbox0Mm/Kg: Oxygen, SBE 43 [umol/kg]
# name 16 = sbeox0Mm/L: Oxygen, SBE 43 [umol/l]
# name 17 = sbox0dV/dT: Oxygen, SBE 43 [dov/dt]
# name 18 = oxsolML/L: Oxygen Saturation, Garcia & Gordon [ml/l]
# name 19 = oxsolMg/L: Oxygen Saturation, Garcia & Gordon [mg/l]
# name 20 = oxsolMm/Kg: Oxygen Saturation, Garcia & Gordon [umol/kg]
# name 21 = n2satMg/L: Nitrogen Saturation [mg/l]
# name 22 = par: PAR/Irradiance, Biospherical/Licor
# name 23 = wetStar: Fluorescence, WET Labs WETstar [mg/m^3]
# name 24 = CStarAt0: Beam Attenuation, WET Labs C-Star [1/m]
# name 25 = CStarTr0: Beam Transmission, WET Labs C-Star [%]
# name 26 = flag: flag
# span 0 =         99,        500       
# span 1 = 110.605271, 110.606433       
# span 2 =    0.00678,    0.03468       
# span 3 =     0.4071,     2.0812       
# span 4 =     24.425,    124.874       
# span 5 =      1.015,     61.555       
# span 6 =  51004.029,  51714.652       
# span 7 =    31.8462,    32.0308       
# span 8 =     4.3844,     5.8104       
# span 9 =      1.000,     61.000       
# span 10 =     4.3819,     5.8142      
# span 11 =    25.1019,    25.3863      
# span 12 =     3.2486,     3.7715      
# span 13 =     4.6427,     5.3901      
# span 14 =     45.877,     51.512      
# span 15 =    141.514,    164.270      
# span 16 =    145.085,    168.440      
# span 17 =   -0.00105,    0.00512      
# span 18 =    7.08090,    7.32305      
# span 19 =   10.11931,   10.46536      
# span 20 =  308.46652,  318.95088      
# span 21 =   15.88153,   16.38068      
# span 22 = 3.6667e-02, 7.8039e+02      
# span 23 =     0.8871,     9.0909      
# span 24 =     0.4319,     0.8656      
# span 25 =    80.6334,    89.7655      
# span 26 = 0.0000e+00, 0.0000e+00      
# interval = meters: 1                  
# start_time = Apr 20 2017 14:31:11 [Instrument's time stamp, header]
# bad_flag = -9.990e-29
*END*
         99 110.605271    0.00678     0.4071     24.425      1.015  51204.404    31.9868     5.6540      1.000     5.6819    25.2133     3.2868     4.6971     46.253    143.178    146.787    0.00031    7.10607   10.15528  309.55283   15.93341 7.8039e+02     0.8871     0.8656    80.6334 0.0000e+00
        258 110.605731    0.01783     1.0697     64.185      2.025  51230.739    32.0308     5.7890      2.000     5.8142    25.2323     3.2486     4.6427     45.877    141.514    145.085   -0.00105    7.08131   10.11990  308.46771   15.88153 6.4152e+02     1.8044     0.6346    85.3229 0.0000e+00
        257 110.605730    0.01780     1.0677     64.063      3.027  51128.437    31.9640     5.8104      3.000     5.7725    25.1770     3.2661     4.6676     46.125    142.281    145.863    0.00160    7.08090   10.11931  308.46652   15.88175 5.9999e+02     1.2684     0.6617    84.7543 0.0000e+00
        262 110.605743    0.01809     1.0857     65.139      4.039  51004.029    31.8462     5.6560      4.000     5.5138    25.1019     3.2805     4.6881     46.124    142.919    146.506    0.00094    7.11231   10.16421  309.85794   15.94852 3.1619e+02     0.9670     0.7007    83.9337 0.0000e+00
        266 110.605754    0.01838     1.1031     66.188      5.048  51249.547    31.9635     5.4054      5.000     5.3702    25.2235     3.3105     4.7309     46.306    144.206    147.843    0.00168    7.14906   10.21672  311.42171   16.02252 3.4163e+02     1.1270     0.7023    83.8963 0.0000e+00
        270 110.605767    0.01867     1.1202     67.209      6.056  51309.401    31.9937     5.3553      6.000     5.3447    25.2531     3.3235     4.7497     46.443    144.773    148.429    0.00258    7.15613   10.22683  311.72097   16.03666 1.9766e+02     1.6504     0.6822    84.3216 0.0000e+00
        274 110.605778    0.01896     1.1375     68.252      7.066  51300.821    31.9802     5.3217      7.000     5.2941    25.2463     3.3369     4.7688     46.589    145.358    149.027    0.00277    7.16248   10.23590  311.99963   16.04998 1.7218e+02     2.3265     0.7504    82.8954 0.0000e+00
        278 110.605791    0.01926     1.1553     69.315      8.076  51336.123    31.9920     5.2651      8.000     5.2444    25.2620     3.3506     4.7884     46.721    145.952    149.639    0.00299    7.17157   10.24890  312.39099   16.06857 1.2063e+02     4.0239     0.7325    83.2697 0.0000e+00
        282 110.605803    0.01954     1.1729     70.374      9.085  51345.140    31.9884     5.2215      9.000     5.1964    25.2640     3.3711     4.8177     46.957    146.843    150.554    0.00367    7.17919   10.25978  312.72209   16.08435 8.1396e+01     5.4496     0.6670    84.6441 0.0000e+00
        287 110.605815    0.01984     1.1906     71.436     10.096  51379.921    32.0020     5.1756     10.000     5.1627    25.2799     3.3947     4.8514     47.238    147.870    151.609    0.00512    7.18639   10.27007  313.03084   16.09899 7.0112e+01     6.2937     0.6333    85.3582 0.0000e+00
        291 110.605827    0.02013     1.2079     72.471     11.103  51393.174    32.0059     5.1535     11.000     5.1435    25.2854     3.4042     4.8649     47.346    148.282    152.032    0.00428    7.19000   10.27523  313.18644   16.10638 5.0194e+01     5.9348     0.6718    84.5421 0.0000e+00
        295 110.605839    0.02043     1.2255     73.531     12.113  51388.844    31.9976     5.1313     12.000     5.1125    25.2813     3.4122     4.8764     47.430    148.634    152.391    0.00362    7.19420   10.28124  313.37091   16.11520 3.9442e+01     6.4062     0.6591    84.8105 0.0000e+00
        299 110.605852    0.02072     1.2435     74.611     13.125  51400.621    31.9967     5.0919     13.000     5.0704    25.2850     3.4219     4.8902     47.519    149.052    152.821    0.00299    7.20103   10.29100  313.66708   16.12930 3.0963e+01     7.8978     0.6497    85.0077 0.0000e+00
        304 110.605864    0.02101     1.2608     75.650     14.133  51431.012    32.0081     5.0503     14.000     5.0393    25.2985     3.4394     4.9152     47.719    149.812    153.603    0.00356    7.20765   10.30044  313.95084   16.14278 2.3336e+01     9.0909     0.6202    85.6362 0.0000e+00
        308 110.605876    0.02130     1.2780     76.680     15.143  51453.499    32.0202     5.0371     15.000     5.0348    25.3096     3.4554     4.9381     47.930    150.508    154.318    0.00432    7.20933   10.30285  314.02095   16.14606 1.9103e+01     8.2367     0.6166    85.7140 0.0000e+00
        312 110.605888    0.02159     1.2952     77.710     16.151  51433.067    32.0036     5.0279     16.000     5.0094    25.2975     3.4649     4.9517     48.045    150.922    154.741    0.00378    7.21171   10.30625  314.12832   16.15124 1.4770e+01     7.3972     0.6013    86.0439 0.0000e+00
        316 110.605900    0.02187     1.3124     78.747     17.160  51442.723    32.0005     4.9856     17.000     4.9645    25.2996     3.4812     4.9750     48.222    151.635    155.471    0.00408    7.21917   10.31692  314.45259   16.16669 1.1876e+01     7.4085     0.5898    86.2916 0.0000e+00
        320 110.605912    0.02217     1.3303     79.817     18.171  51476.762    32.0160     4.9517     18.000     4.9445    25.3156     3.4929     4.9916     48.349    152.140    155.992    0.00365    7.22427   10.32420  314.66983   16.17697 9.5505e+00     7.2675     0.5627    86.8782 0.0000e+00
        324 110.605924    0.02246     1.3478     80.866     19.180  51488.126    32.0213     4.9428     19.000     4.9404    25.3208     3.5065     5.0111     48.529    152.732    156.599    0.00400    7.22556   10.32605  314.72444   16.17955 7.6676e+00     6.8917     0.5451    87.2594 0.0000e+00
        329 110.605937    0.02275     1.3651     81.905     20.190  51488.835    32.0208     4.9406     20.000     4.9385    25.3206     3.5182     5.0278     48.688    153.243    157.123    0.00402    7.22595   10.32661  314.74152   16.18037 6.2190e+00     7.0179     0.5462    87.2376 0.0000e+00
        333 110.605948    0.02305     1.3826     82.959     21.199  51487.094    32.0188     4.9392     21.000     4.9351    25.3192     3.5302     5.0450     48.851    153.763    157.656    0.00407    7.22630   10.32711  314.75727   16.18112 5.0884e+00     6.1929     0.5165    87.8856 0.0000e+00
        337 110.605961    0.02333     1.4002     84.013     22.208  51488.145    32.0176     4.9328     22.000     4.9274    25.3189     3.5378     5.0559     48.950    154.099    158.000    0.00360    7.22746   10.32875  314.80751   16.18352 4.1693e+00     5.9914     0.5171    87.8730 0.0000e+00
        341 110.605973    0.02363     1.4181     85.083     23.220  51497.320    32.0219     4.9258     23.000     4.9234    25.3231     3.5475     5.0696     49.076    154.516    158.429    0.00329    7.22847   10.33021  314.85083   16.18556 3.4444e+00     6.0511     0.5017    88.2127 0.0000e+00
        346 110.605986    0.02393     1.4357     86.139     24.227  51502.348    32.0247     4.9253     24.000     4.9204    25.3254     3.5582     5.0850     49.225    154.984    158.908    0.00360    7.22841   10.33012  314.84726   16.18538 2.8386e+00     5.2686     0.5054    88.1315 0.0000e+00
        350 110.605997    0.02423     1.4534     87.206     25.237  51464.773    31.9928     4.9001     25.000     4.8654    25.3028     3.5685     5.0997     49.328    155.436    159.368    0.00320    7.23432   10.33856  315.11148   16.19809 2.3496e+00     5.3265     0.5083    88.0675 0.0000e+00
        354 110.606010    0.02452     1.4711     88.264     26.248  51514.558    32.0133     4.8404     26.000     4.8200    25.3255     3.5799     5.1160     49.421    155.930    159.878    0.00277    7.24370   10.35196  315.51281   16.21711 1.9527e+00     5.2987     0.4643    89.0410 0.0000e+00
        358 110.606022    0.02481     1.4884     89.304     27.257  51509.966    32.0008     4.8008     27.000     4.7707    25.3198     3.5920     5.1334     49.538    156.461    160.423    0.00285    7.25119   10.36267  315.84110   16.23279 1.6389e+00     4.2216     0.4530    89.2944 0.0000e+00
        362 110.606034    0.02510     1.5058     90.346     28.266  51499.461    31.9780     4.7338     28.000     4.6919    25.3088     3.6021     5.1478     49.588    156.899    160.870    0.00235    7.26397   10.38094  316.40123   16.25954 1.3699e+00     3.6207     0.4814    88.6627 0.0000e+00
        367 110.606047    0.02540     1.5239     91.434     29.278  51522.073    31.9744     4.6513     29.000     4.6128    25.3146     3.6146     5.1656     49.660    157.440    161.426    0.00189    7.27857   10.40181  317.03541   16.28973 1.1451e+00     4.1036     0.4995    88.2608 0.0000e+00
        371 110.606059    0.02569     1.5414     92.483     30.285  51576.312    31.9964     4.5867     30.000     4.5708    25.3388     3.6255     5.1813     49.741    157.915    161.916    0.00197    7.28884   10.41649  317.47534   16.31058 9.6167e-01     4.0913     0.5022    88.2019 0.0000e+00
        375 110.606071    0.02598     1.5588     93.530     31.296  51584.012    31.9953     4.5611     31.000     4.5434    25.3406     3.6314     5.1897     49.791    158.174    162.181    0.00166    7.29339   10.42298  317.67258   16.31997 8.0367e-01     2.9994     0.5377    87.4220 0.0000e+00
        379 110.606083    0.02626     1.5757     94.543     32.304  51597.027    31.9961     4.5281     32.000     4.5120    25.3447     3.6431     5.2065     49.913    158.683    162.704    0.00201    7.29915   10.43121  317.92235   16.33185 6.6641e-01     2.8818     0.5192    87.8269 0.0000e+00
        383 110.606095    0.02655     1.5928     95.566     33.313  51623.926    32.0088     4.5053     33.000     4.4989    25.3572     3.6492     5.2150     49.971    158.941    162.972    0.00197    7.30255   10.43608  318.06670   16.33867 5.6126e-01     2.8137     0.4861    88.5582 0.0000e+00
        387 110.606106    0.02684     1.6104     96.625     34.325  51648.375    32.0241     4.5011     34.000     4.5045    25.3696     3.6554     5.2239     50.057    159.212    163.251    0.00184    7.30255   10.43608  318.06290   16.33843 4.7413e-01     2.6800     0.4627    89.0777 0.0000e+00
        392 110.606119    0.02713     1.6282     97.695     35.336  51606.968    31.9947     4.4991     35.000     4.4730    25.3466     3.6578     5.2274     50.078    159.319    163.357    0.00151    7.30433   10.43862  318.14744   16.34257 4.0376e-01     2.0914     0.4320    89.7640 0.0000e+00
        396 110.606131    0.02742     1.6450     98.700     36.341  51639.519    32.0070     4.4579     36.000     4.4398    25.3606     3.6662     5.2393     50.146    159.682    163.731    0.00138    7.31100   10.44814  318.43339   16.35613 3.4784e-01     2.3848     0.4541    89.2683 0.0000e+00
        400 110.606143    0.02771     1.6624     99.746     37.354  51659.887    32.0124     4.4232     37.000     4.4089    25.3684     3.6769     5.2547     50.253    160.149    164.212    0.00184    7.31689   10.45656  318.68757   16.36820 2.9876e-01     1.9482     0.4487    89.3888 0.0000e+00
        404 110.606155    0.02800     1.6797    100.782     38.362  51679.531    32.0214     4.4063     38.000     4.3992    25.3773     3.6832     5.2636     50.321    160.419    164.490    0.00168    7.31941   10.46017  318.79476   16.37326 2.5706e-01     1.9464     0.4420    89.5391 0.0000e+00
        408 110.606167    0.02829     1.6974    101.842     39.372  51686.166    32.0232     4.3967     39.000     4.3910    25.3797     3.6867     5.2686     50.357    160.569    164.645    0.00151    7.32104   10.46250  318.86504   16.37661 2.2181e-01     1.6199     0.4405    89.5705 0.0000e+00
        413 110.606180    0.02858     1.7150    102.901     40.383  51689.951    32.0240     4.3913     40.000     4.3869    25.3809     3.6893     5.2724     50.387    160.687    164.766    0.00108    7.32193   10.46378  318.90372   16.37844 1.9137e-01     1.5243     0.4472    89.4211 0.0000e+00
        417 110.606191    0.02887     1.7319    103.915     41.391  51698.525    32.0290     4.3897     41.000     4.3900    25.3850     3.6898     5.2731     50.393    160.707    164.787    0.00088    7.32199   10.46385  318.90439   16.37845 1.6588e-01     1.4949     0.4409    89.5651 0.0000e+00
        421 110.606203    0.02915     1.7491    104.946     42.401  51691.221    32.0250     4.3961     42.000     4.3924    25.3812     3.6922     5.2765     50.433    160.812    164.894    0.00079    7.32105   10.46253  318.86514   16.37660 1.4445e-01     1.7783     0.4429    89.5188 0.0000e+00
        425 110.606215    0.02944     1.7665    105.992     43.410  51691.793    32.0242     4.3931     43.000     4.3891    25.3809     3.6991     5.2864     50.523    161.112    165.200    0.00116    7.32162   10.46333  318.88976   16.37777 1.2744e-01     1.4393     0.4509    89.3400 0.0000e+00
        429 110.606228    0.02974     1.7843    107.057     44.418  51694.705    32.0252     4.3912     44.000     4.3878    25.3819     3.7098     5.3017     50.668    161.581    165.682    0.00190    7.32190   10.46373  318.90193   16.37835 1.1269e-01     1.3973     0.4463    89.4423 0.0000e+00
        434 110.606240    0.03004     1.8021    108.127     45.433  51696.057    32.0255     4.3905     45.000     4.3873    25.3822     3.7164     5.3111     50.756    161.867    165.975    0.00227    7.32200   10.46387  318.90599   16.37854 9.9169e-02     1.1359     0.4354    89.6867 0.0000e+00
        438 110.606252    0.03032     1.8189    109.132     46.438  51697.402    32.0260     4.3908     46.000     4.3882    25.3826     3.7169     5.3118     50.763    161.886    165.995    0.00134    7.32193   10.46378  318.90310   16.37840 8.8675e-02     1.3619     0.4409    89.5642 0.0000e+00
        442 110.606264    0.03061     1.8365    110.190     47.451  51695.936    32.0246     4.3914     47.000     4.3877    25.3814     3.7205     5.3170     50.813    162.045    166.158    0.00141    7.32190   10.46373  318.90197   16.37835 7.9580e-02     1.2078     0.4372    89.6471 0.0000e+00
        446 110.606276    0.03089     1.8537    111.222     48.458  51695.819    32.0238     4.3904     48.000     4.3869    25.3808     3.7260     5.3248     50.887    162.284    166.403    0.00144    7.32212   10.46404  318.91141   16.37880 7.1982e-02     1.3169     0.4382    89.6233 0.0000e+00
        450 110.606288    0.03119     1.8714    112.282     49.470  51696.754    32.0238     4.3899     49.000     4.3866    25.3809     3.7273     5.3268     50.905    162.344    166.464    0.00116    7.32220   10.46416  318.91507   16.37898 6.5763e-02     1.2644     0.4319    89.7655 0.0000e+00
        454 110.606300    0.03147     1.8883    113.300     50.477  51701.518    32.0268     4.3909     50.000     4.3874    25.3832     3.7301     5.3307     50.944    162.461    166.585    0.00095    7.32188   10.46371  318.90053   16.37828 6.0439e-02     1.1221     0.4445    89.4828 0.0000e+00
        458 110.606312    0.03177     1.9058    114.348     51.487  51697.024    32.0226     4.3885     51.000     4.3822    25.3802     3.7329     5.3346     50.978    162.583    166.709    0.00101    7.32252   10.46461  318.92905   16.37965 5.6208e-02     1.3142     0.4494    89.3730 0.0000e+00
        463 110.606324    0.03205     1.9233    115.395     52.497  51705.126    32.0267     4.3844     52.000     4.3819    25.3838     3.7411     5.3464     51.086    162.940    167.076    0.00135    7.32305   10.46536  318.95088   16.38068 5.2439e-02     1.3131     0.4383    89.6229 0.0000e+00
        467 110.606337    0.03235     1.9410    116.463     53.508  51706.141    32.0277     4.3878     53.000     4.3851    25.3843     3.7456     5.3528     51.152    163.135    167.276    0.00150    7.32239   10.46442  318.92222   16.37931 4.9464e-02     1.2093     0.4475    89.4162 0.0000e+00
