CTD-processing/allCTD/CNV/2017-07-25-cookinlet-tran4-cast226_4141.cnv
* Sea-Bird SBE19plus Data File:
* FileName = P:\My Documents\kasitsna\Research-KBL\Oceanography-AK\CTD-Data-ALL-to-2017-02\2017-CTD-KachemakBay-CookInlet\2017-07-25-CookInlet-Tran4-Barabara\2017-07-25-CookInlet-Tran4-cast226.hex
* Software Version 1.59
* Temperature SN =  4141
* Conductivity SN =  4141
* System UpLoad Time = Jul 25 2017 19:42:31
** Cook Inlet LTM Transect 4 Barabara south to north
** Date: 2017-07-25
** Station: (eg. 9-01): to add
** Start time (AKDT): to add
** Depth (ft): to add
** Comment: R/V Edgecumbe.  Quarterly survey.
** Comment:
# nquan = 27
# nvalues = 90                          
# units = specified
# name 0 = scan: Scan Count
# name 1 = timeJ: Julian Days
# name 2 = timeH: Time, Elapsed [hours]
# name 3 = timeM: Time, Elapsed [minutes]
# name 4 = timeS: Time, Elapsed [seconds]
# name 5 = prdM: Pressure, Strain Gauge [db]
# name 6 = specc: Specific Conductance [uS/cm]
# name 7 = sal00: Salinity, Practical [PSU]
# name 8 = tv290C: Temperature [ITS-90, deg C]
# name 9 = depSM: Depth [salt water, m], lat = 59.00
# name 10 = potemp090C: Potential Temperature [ITS-90, deg C]
# name 11 = sigma-é00: Density [sigma-theta, kg/m^3]
# name 12 = sbeox0ML/L: Oxygen, SBE 43 [ml/l]
# name 13 = sbeox0Mg/L: Oxygen, SBE 43 [mg/l]
# name 14 = sbeox0PS: Oxygen, SBE 43 [% saturation]
# name 15 = sbox0Mm/Kg: Oxygen, SBE 43 [umol/kg]
# name 16 = sbeox0Mm/L: Oxygen, SBE 43 [umol/l]
# name 17 = sbox0dV/dT: Oxygen, SBE 43 [dov/dt]
# name 18 = oxsolML/L: Oxygen Saturation, Garcia & Gordon [ml/l]
# name 19 = oxsolMg/L: Oxygen Saturation, Garcia & Gordon [mg/l]
# name 20 = oxsolMm/Kg: Oxygen Saturation, Garcia & Gordon [umol/kg]
# name 21 = n2satMg/L: Nitrogen Saturation [mg/l]
# name 22 = par: PAR/Irradiance, Biospherical/Licor
# name 23 = wetStar: Fluorescence, WET Labs WETstar [mg/m^3]
# name 24 = CStarAt0: Beam Attenuation, WET Labs C-Star [1/m]
# name 25 = CStarTr0: Beam Transmission, WET Labs C-Star [%]
# name 26 = flag: flag
# span 0 =        252,        715       
# span 1 = 206.436223, 206.437564       
# span 2 =    0.01740,    0.04958       
# span 3 =     1.0438,     2.9755       
# span 4 =     62.629,    178.527       
# span 5 =      1.019,     90.859       
# span 6 =  49458.300,  50270.111       
# span 7 =    31.5112,    31.7235       
# span 8 =     7.9118,    10.2869       
# span 9 =      1.000,     90.000       
# span 10 =     7.9017,    10.2762      
# span 11 =    24.1816,    24.7018      
# span 12 =     2.5952,     2.9251      
# span 13 =     3.7088,     4.1802      
# span 14 =     40.375,     43.580      
# span 15 =    113.161,    127.488      
# span 16 =    115.902,    130.635      
# span 17 =   -0.00088,    0.00352      
# span 18 =    6.41730,    6.75652      
# span 19 =    9.17097,    9.65573      
# span 20 =  279.83000,  294.47199      
# span 21 =   14.51626,   15.21538      
# span 22 = 4.4893e-02, 1.3553e+02      
# span 23 =     0.3204,     4.1977      
# span 24 =     0.5176,     1.3497      
# span 25 =    71.3593,    87.8625      
# span 26 = 0.0000e+00, 0.0000e+00      
# interval = meters: 1                  
# start_time = Jul 25 2017 10:27:07 [Instrument's time stamp, header]
# bad_flag = -9.990e-29
*END*
        252 206.436223    0.01740     1.0438     62.629      1.019  49458.300    31.5112    10.2869      1.000    10.2762    24.1816     2.6010     3.7169     40.530    113.415    116.157    0.00140    6.41730    9.17097  279.83000   14.51626 1.3553e+02     2.3775     0.5678    86.7635 0.0000e+00
        257 206.436239    0.01779     1.0670     64.018      2.019  49481.222    31.5218    10.2459      2.000    10.2290    24.1967     2.5960     3.7100     40.420    113.199    115.939   -0.00025    6.42260    9.17854  280.05682   14.52707 1.0340e+02     2.3996     0.6662    84.6577 0.0000e+00
        262 206.436254    0.01815     1.0893     65.359      3.030  49522.493    31.5451    10.2023      3.000    10.1829    24.2222     2.5952     3.7088     40.375    113.161    115.902   -0.00072    6.42773    9.18587  280.27359   14.53736 7.0741e+01     3.2073     0.6853    84.2551 0.0000e+00
        267 206.436268    0.01850     1.1099     66.593      4.033  49544.321    31.5532    10.1470      4.000    10.1165    24.2377     2.6010     3.7170     40.418    113.410    116.159   -0.00000    6.43516    9.19648  280.59312   14.55262 5.9007e+01     4.1977     0.6192    85.6593 0.0000e+00
        274 206.436287    0.01893     1.1356     68.138      5.061  49592.520    31.5755    10.0567      5.000    10.0386    24.2699     2.6055     3.7236     40.415    113.605    116.362   -0.00027    6.44694    9.21331  281.09787   14.57668 4.5199e+01     3.6812     0.5834    86.4282 0.0000e+00
        277 206.436297    0.01919     1.1513     69.079      6.047  49606.507    31.5815    10.0297      6.000    10.0137    24.2790     2.6116     3.7322     40.487    113.869    116.633    0.00055    6.45047    9.21837  281.24978   14.58393 3.8632e+01     3.3435     0.5823    86.4526 0.0000e+00
        283 206.436315    0.01962     1.1771     70.624      7.071  49635.792    31.5962     9.9868      7.000     9.9844    24.2976     2.6108     3.7311     40.441    113.832    116.598   -0.00017    6.45593    9.22617  281.48247   14.59500 3.4467e+01     3.2774     0.5833    86.4303 0.0000e+00
        289 206.436330    0.01997     1.1981     71.884      8.072  49606.746    31.5759     9.9913      8.000     9.9608    24.2810     2.6157     3.7382     40.516    114.050    116.820    0.00042    6.45612    9.22644  281.49530   14.59570 2.7885e+01     3.1989     0.5745    86.6214 0.0000e+00
        294 206.436345    0.02033     1.2195     73.169      9.088  49625.605    31.5749     9.8841      9.000     9.8525    24.2978     2.6219     3.7469     40.516    114.317    117.095    0.00052    6.47134    9.24819  282.15439   14.62723 2.3950e+01     3.1714     0.5822    86.4535 0.0000e+00
        299 206.436359    0.02066     1.2396     74.377     10.093  49678.433    31.6064     9.8422     10.000     9.8374    24.3292     2.6263     3.7532     40.554    114.503    117.289    0.00009    6.47598    9.25482  282.34776   14.63635 2.0214e+01     3.0707     0.5744    86.6224 0.0000e+00
        304 206.436373    0.02101     1.2606     75.635     11.103  49679.117    31.6052     9.8329     11.000     9.8269    24.3298     2.6264     3.7533     40.547    114.506    117.292    0.00018    6.47733    9.25675  282.40669   14.63918 1.7120e+01     3.0266     0.5763    86.5817 0.0000e+00
        309 206.436388    0.02137     1.2821     76.927     12.113  49684.933    31.6073     9.8209     12.000     9.8149    24.3334     2.6306     3.7594     40.603    114.692    117.482    0.00066    6.47896    9.25908  282.47664   14.64252 1.4241e+01     2.9036     0.5744    86.6243 0.0000e+00
        314 206.436402    0.02172     1.3030     78.177     13.122  49690.020    31.6088     9.8074     13.000     9.8019    24.3367     2.6345     3.7651     40.652    114.864    117.660    0.00065    6.48082    9.26173  282.55671   14.64634 1.1947e+01     2.9597     0.5751    86.6084 0.0000e+00
        319 206.436418    0.02208     1.3251     79.505     14.136  49701.115    31.6152     9.8003     14.000     9.7989    24.3429     2.6343     3.7647     40.644    114.853    117.650    0.00037    6.48155    9.26278  282.58695   14.64776 9.9769e+00     3.1997     0.5726    86.6613 0.0000e+00
        324 206.436432    0.02242     1.3450     80.702     15.138  49697.440    31.6118     9.7968     15.000     9.7898    24.3408     2.6367     3.7681     40.676    114.956    117.755    0.00041    6.48219    9.26369  282.61536   14.64914 8.3509e+00     3.0422     0.5749    86.6132 0.0000e+00
        329 206.436448    0.02279     1.3674     82.046     16.154  49705.863    31.6156     9.7841     16.000     9.7790    24.3458     2.6374     3.7692     40.677    114.989    117.788    0.00013    6.48384    9.26606  282.68603   14.65250 6.9901e+00     3.1084     0.5709    86.7005 0.0000e+00
        334 206.436462    0.02315     1.3891     83.346     17.160  49707.524    31.6150     9.7740     17.000     9.7690    24.3471     2.6423     3.7760     40.743    115.199    118.003    0.00071    6.48531    9.26815  282.74973   14.65555 5.8150e+00     3.0685     0.5601    86.9346 0.0000e+00
        340 206.436478    0.02353     1.4122     84.730     18.169  49705.215    31.6117     9.7649     18.000     9.7583    24.3460     2.6407     3.7739     40.710    115.133    117.936   -0.00009    6.48673    9.27019  282.81231   14.65856 4.8369e+00     3.0150     0.5560    87.0222 0.0000e+00
        346 206.436495    0.02393     1.4357     86.143     19.182  49707.632    31.6114     9.7526     19.000     9.7478    24.3477     2.6487     3.7853     40.821    115.479    118.291    0.00093    6.48850    9.27271  282.88850   14.66220 4.0499e+00     2.9655     0.5401    87.3684 0.0000e+00
        350 206.436509    0.02427     1.4558     87.350     20.191  49713.432    31.6145     9.7490     20.000     9.7470    24.3508     2.6495     3.7864     40.832    115.515    118.327    0.00068    6.48888    9.27325  282.90423   14.66294 3.4025e+00     2.5566     0.5304    87.5817 0.0000e+00
        355 206.436523    0.02461     1.4767     88.601     21.195  49710.263    31.6117     9.7480     21.000     9.7428    24.3488     2.6498     3.7869     40.835    115.528    118.341    0.00035    6.48914    9.27363  282.91630   14.66354 2.8798e+00     2.4929     0.5259    87.6804 0.0000e+00
        361 206.436540    0.02502     1.5011     90.064     22.213  49703.163    31.6043     9.7329     22.000     9.7216    24.3454     2.6555     3.7950     40.906    115.775    118.594    0.00068    6.49161    9.27715  283.02473   14.66875 2.4022e+00     2.4315     0.5288    87.6169 0.0000e+00
        366 206.436554    0.02535     1.5207     91.243     23.214  49715.805    31.6105     9.7160     23.000     9.7100    24.3531     2.6602     3.8016     40.965    115.979    118.803    0.00099    6.49375    9.28022  283.11616   14.67310 2.0189e+00     2.4362     0.5195    87.8202 0.0000e+00
        372 206.436570    0.02573     1.5439     92.632     24.233  49720.624    31.6125     9.7083     24.000     9.7038    24.3558     2.6594     3.8005     40.946    115.943    118.767    0.00039    6.49477    9.28168  283.15976   14.67518 1.7042e+00     2.2890     0.5221    87.7630 0.0000e+00
        376 206.436583    0.02604     1.5624     93.743     25.236  49718.828    31.6103     9.7037     25.000     9.6965    24.3548     2.6640     3.8071     41.013    116.146    118.974    0.00068    6.49552    9.28276  283.19293   14.67677 1.4390e+00     2.3557     0.5203    87.8034 0.0000e+00
        381 206.436596    0.02638     1.5826     94.953     26.245  49716.762    31.6061     9.6868     26.000     9.6745    24.3543     2.6672     3.8116     41.045    116.282    119.114    0.00072    6.49811    9.28646  283.30613   14.68220 1.2183e+00     2.4383     0.5204    87.8008 0.0000e+00
        386 206.436613    0.02676     1.6053     96.319     27.256  49730.646    31.6127     9.6656     27.000     9.6591    24.3629     2.6727     3.8196     41.114    116.526    119.364    0.00091    6.50086    9.29037  283.42327   14.68778 1.0196e+00     2.3118     0.5176    87.8625 0.0000e+00
        392 206.436628    0.02713     1.6282     97.689     28.273  49736.622    31.6155     9.6589     28.000     9.6541    24.3662     2.6765     3.8249     41.165    116.687    119.531    0.00103    6.50171    9.29159  283.45959   14.68951 8.5801e-01     2.1779     0.5199    87.8126 0.0000e+00
        396 206.436641    0.02743     1.6459     98.753     29.272  49737.297    31.6150     9.6543     29.000     9.6485    24.3665     2.6771     3.8258     41.171    116.716    119.560    0.00058    6.50239    9.29256  283.48886   14.69091 7.2295e-01     2.1207     0.5201    87.8066 0.0000e+00
        401 206.436655    0.02778     1.6666     99.995     30.284  49739.435    31.6149     9.6461     30.000     9.6393    24.3678     2.6825     3.8335     41.246    116.950    119.800    0.00095    6.50356    9.29424  283.53979   14.69335 6.1560e-01     2.1508     0.5269    87.6590 0.0000e+00
        407 206.436671    0.02816     1.6899    101.391     31.296  49742.609    31.6157     9.6382     31.000     9.6305    24.3697     2.6905     3.8450     41.363    117.301    120.160    0.00156    6.50465    9.29580  283.58686   14.69559 5.1997e-01     2.1480     0.5186    87.8394 0.0000e+00
        412 206.436686    0.02851     1.7107    102.642     32.302  49743.703    31.6140     9.6231     32.000     9.6117    24.3708     2.6967     3.8539     41.444    117.569    120.435    0.00159    6.50688    9.29899  283.68382   14.70024 4.3766e-01     2.1454     0.5229    87.7452 0.0000e+00
        417 206.436701    0.02890     1.7337    104.022     33.315  49741.286    31.6081     9.5951     33.000     9.5740    24.3707     2.7068     3.8683     41.572    118.011    120.887    0.00199    6.51115    9.30508  283.86974   14.70915 3.7108e-01     2.0967     0.5268    87.6617 0.0000e+00
        422 206.436717    0.02925     1.7549    105.294     34.324  49754.428    31.6108     9.5490     34.000     9.5272    24.3801     2.7191     3.8859     41.719    118.545    121.436    0.00235    6.51765    9.31437  284.15074   14.72259 3.1332e-01     2.1344     0.5251    87.6985 0.0000e+00
        428 206.436732    0.02963     1.7780    106.678     35.335  49771.401    31.6151     9.4955     35.000     9.4764    24.3920     2.7328     3.9055     41.881    119.142    122.048    0.00275    6.52517    9.32512  284.47503   14.73808 2.6875e-01     1.9991     0.5273    87.6505 0.0000e+00
        433 206.436748    0.03000     1.8000    108.000     36.339  49781.167    31.6170     9.4628     36.000     9.4435    24.3987     2.7440     3.9215     42.024    119.630    122.548    0.00268    6.52979    9.33172  284.67461   14.74761 2.2756e-01     1.9160     0.5293    87.6049 0.0000e+00
        438 206.436763    0.03037     1.8223    109.338     37.353  49798.379    31.6238     9.4266     37.000     9.4120    24.4097     2.7588     3.9426     42.217    120.271    123.207    0.00329    6.53473    9.33878  284.88707   14.75774 1.9510e-01     1.7527     0.5377    87.4228 0.0000e+00
        444 206.436780    0.03076     1.8460    110.763     38.365  49786.337    31.6100     9.3910     38.000     9.3509    24.4046     2.7747     3.9654     42.425    120.968    123.921    0.00352    6.54045    9.34695  285.13774   14.76978 1.6762e-01     1.7543     0.5409    87.3512 0.0000e+00
        449 206.436793    0.03109     1.8653    111.916     39.370  49709.065    31.5350     9.2450     39.000     9.1315    24.3688     2.7945     3.9935     42.567    121.831    124.800    0.00343    6.56479    9.38174  286.20891   14.82130 1.4476e-01     1.5751     0.5755    86.6002 0.0000e+00
        454 206.436808    0.03145     1.8871    113.227     40.382  49892.739    31.6386     9.0657     40.000     9.0408    24.4776     2.8159     4.0242     42.752    122.753    125.757    0.00347    6.58656    9.41284  287.12728   14.86479 1.2582e-01     1.4703     0.6088    85.8826 0.0000e+00
        459 206.436823    0.03181     1.9085    114.508     41.392  49926.144    31.6571     9.0337     41.000     9.0250    24.4970     2.8256     4.0380     42.874    123.174    126.192    0.00311    6.59045    9.41841  287.29161   14.87256 1.0891e-01     1.1235     0.6137    85.7761 0.0000e+00
        464 206.436838    0.03216     1.9297    115.783     42.397  49930.868    31.6587     9.0247     42.000     9.0172    24.4997     2.8296     4.0438     42.927    123.349    126.370    0.00222    6.59170    9.42020  287.34541   14.87513 9.6710e-02     1.0889     0.6163    85.7201 0.0000e+00
        470 206.436856    0.03259     1.9552    117.310     43.430  49933.623    31.6586     9.0136     43.000     9.0056    24.5013     2.8390     4.0573     43.059    123.759    126.791    0.00234    6.59333    9.42253  287.41605   14.87851 8.6080e-02     1.0430     0.6125    85.8038 0.0000e+00
        474 206.436865    0.03282     1.9689    118.134     44.407  49939.175    31.6616     9.0103     44.000     9.0048    24.5042     2.8435     4.0637     43.125    123.955    126.993    0.00217    6.59369    9.42305  287.43100   14.87921 7.8567e-02     1.0472     0.6207    85.6268 0.0000e+00
        480 206.436883    0.03325     1.9951    119.704     45.438  49941.521    31.6626     9.0088     45.000     9.0038    24.5052     2.8486     4.0709     43.200    124.175    127.217    0.00177    6.59388    9.42331  287.43888   14.87958 7.1414e-02     1.0419     0.6089    85.8805 0.0000e+00
        485 206.436898    0.03360     2.0163    120.978     46.439  49942.241    31.6626     9.0080     46.000     9.0032    24.5053     2.8538     4.0783     43.278    124.401    127.449    0.00167    6.59399    9.42347  287.44379   14.87982 6.6054e-02     1.0247     0.6052    85.9574 0.0000e+00
        490 206.436913    0.03395     2.0369    122.214     47.451  49942.429    31.6623     9.0081     47.000     9.0027    24.5051     2.8546     4.0796     43.291    124.438    127.488    0.00111    6.59399    9.42347  287.44374   14.87981 6.1713e-02     1.0173     0.6062    85.9375 0.0000e+00
        495 206.436927    0.03431     2.0586    123.517     48.459  49944.024    31.6628     9.0072     48.000     9.0021    24.5057     2.8580     4.0843     43.342    124.586    127.639    0.00101    6.59410    9.42362  287.44819   14.88003 5.8800e-02     1.0200     0.5979    86.1162 0.0000e+00
        500 206.436942    0.03465     2.0792    124.750     49.466  49945.086    31.6631     9.0070     49.000     9.0013    24.5060     2.8641     4.0931     43.434    124.851    127.910    0.00129    6.59411    9.42364  287.44867   14.88005 5.5805e-02     1.0540     0.5974    86.1269 0.0000e+00
        505 206.436957    0.03501     2.1008    126.048     50.477  49944.997    31.6620     9.0030     50.000     8.9958    24.5057     2.8645     4.0936     43.435    124.866    127.926    0.00086    6.59475    9.42455  287.47659   14.88139 5.3965e-02     1.0365     0.5925    86.2332 0.0000e+00
        511 206.436972    0.03540     2.1238    127.430     51.486  49948.410    31.6633     8.9988     51.000     8.9921    24.5075     2.8663     4.0963     43.460    124.949    128.011    0.00065    6.59529    9.42534  287.49993   14.88250 5.2361e-02     1.0106     0.5825    86.4481 0.0000e+00
        516 206.436988    0.03577     2.1462    128.770     52.502  49950.653    31.6640     8.9952     52.000     8.9888    24.5085     2.8645     4.0937     43.429    124.868    127.928    0.00007    6.59581    9.42607  287.52211   14.88356 5.0955e-02     1.0249     0.5819    86.4604 0.0000e+00
        521 206.437001    0.03608     2.1648    129.886     53.503  49951.397    31.6637     8.9927     53.000     8.9851    24.5087     2.8681     4.0988     43.482    125.026    128.090    0.00034    6.59619    9.42662  287.53862   14.88434 5.0055e-02     1.0222     0.5783    86.5384 0.0000e+00
