CTD-processing/allCTD/CNV/2017-07-24-cookinlet-tran9-cast207_4141.cnv
* Sea-Bird SBE19plus Data File:
* FileName = P:\My Documents\kasitsna\Research-KBL\Oceanography-AK\CTD-Data-ALL-to-2017-02\2017-CTD-KachemakBay-CookInlet\2017-07-24-CookInlet-Tran9-HomerSpit\2017-07-24-CookInlet-Tran9-cast207.hex
* Software Version 1.59
* Temperature SN =  4141
* Conductivity SN =  4141
* System UpLoad Time = Jul 24 2017 19:45:23
** Cook Inlet LTM Transect 9 Homer Spit north to south
** Date: 2017-07-24
** Station: (eg. 9-01): to add
** Start time (AKDT): to add
** Depth (ft): to add
** Comment: R/V Edgecumbe.  Quarterly survey.
** Comment:
# nquan = 27
# nvalues = 78                          
# units = specified
# name 0 = scan: Scan Count
# name 1 = timeJ: Julian Days
# name 2 = timeH: Time, Elapsed [hours]
# name 3 = timeM: Time, Elapsed [minutes]
# name 4 = timeS: Time, Elapsed [seconds]
# name 5 = prdM: Pressure, Strain Gauge [db]
# name 6 = specc: Specific Conductance [uS/cm]
# name 7 = sal00: Salinity, Practical [PSU]
# name 8 = tv290C: Temperature [ITS-90, deg C]
# name 9 = depSM: Depth [salt water, m], lat = 59.00
# name 10 = potemp090C: Potential Temperature [ITS-90, deg C]
# name 11 = sigma-é00: Density [sigma-theta, kg/m^3]
# name 12 = sbeox0ML/L: Oxygen, SBE 43 [ml/l]
# name 13 = sbeox0Mg/L: Oxygen, SBE 43 [mg/l]
# name 14 = sbeox0PS: Oxygen, SBE 43 [% saturation]
# name 15 = sbox0Mm/Kg: Oxygen, SBE 43 [umol/kg]
# name 16 = sbeox0Mm/L: Oxygen, SBE 43 [umol/l]
# name 17 = sbox0dV/dT: Oxygen, SBE 43 [dov/dt]
# name 18 = oxsolML/L: Oxygen Saturation, Garcia & Gordon [ml/l]
# name 19 = oxsolMg/L: Oxygen Saturation, Garcia & Gordon [mg/l]
# name 20 = oxsolMm/Kg: Oxygen Saturation, Garcia & Gordon [umol/kg]
# name 21 = n2satMg/L: Nitrogen Saturation [mg/l]
# name 22 = par: PAR/Irradiance, Biospherical/Licor
# name 23 = wetStar: Fluorescence, WET Labs WETstar [mg/m^3]
# name 24 = CStarAt0: Beam Attenuation, WET Labs C-Star [1/m]
# name 25 = CStarTr0: Beam Transmission, WET Labs C-Star [%]
# name 26 = flag: flag
# span 0 =        309,        821       
# span 1 = 205.435173, 205.436656       
# span 2 =    0.02138,    0.05697       
# span 3 =     1.2831,     3.4181       
# span 4 =     76.985,    205.084       
# span 5 =      1.012,     78.754       
# span 6 =  44322.955,  50154.824       
# span 7 =    28.0316,    31.6606       
# span 8 =     8.0993,    11.5378       
# span 9 =      1.000,     78.000       
# span 10 =     8.0905,    11.4826      
# span 11 =    21.2643,    24.6392      
# span 12 =     2.5467,     2.8224      
# span 13 =     3.6394,     4.0335      
# span 14 =     39.911,     41.964      
# span 15 =    111.287,    123.018      
# span 16 =    113.733,    126.047      
# span 17 =   -0.00065,    0.00192      
# span 18 =    6.37631,    6.72985      
# span 19 =    9.11238,    9.61764      
# span 20 =  278.64194,  293.32808      
# span 21 =   14.46989,   15.16095      
# span 22 = 4.7167e-02, 2.1893e+02      
# span 23 =     0.4219,     2.5572      
# span 24 =     0.7852,     4.6631      
# span 25 =    47.1751,    82.1760      
# span 26 = 0.0000e+00, 0.0000e+00      
# interval = meters: 1                  
# start_time = Jul 24 2017 10:25:22 [Instrument's time stamp, header]
# bad_flag = -9.990e-29
*END*
        309 205.435173    0.02138     1.2831     76.985      1.012  44322.955    28.0316    11.5378      1.000    11.4826    21.2643     2.5487     3.6422     39.911    111.453    113.824   -0.00042    6.38604    9.12629  279.26121   14.50310 2.1893e+02     1.3439     4.6631    47.1751 0.0000e+00
        418 205.435490    0.02899     1.7395    104.371      2.020  45599.958    28.9094    11.3492      2.000    11.3132    21.9781     2.5467     3.6394     39.939    111.287    113.733    0.00178    6.37631    9.11238  278.64194   14.46989 1.1275e+02     1.7336     1.5303    67.9701 0.0000e+00
        423 205.435503    0.02930     1.7580    105.482      3.026  46349.732    29.4172    11.1657      3.000    11.0805    22.4039     2.5480     3.6415     39.933    111.303    113.797    0.00063    6.38096    9.11903  278.72896   14.47200 7.1764e+01     1.8555     1.1272    75.4548 0.0000e+00
        428 205.435519    0.02968     1.7809    106.851      4.036  46644.594    29.6045    10.9779      4.000    10.9245    22.5815     2.5630     3.6627     40.051    111.934    114.461    0.00135    6.39922    9.14513  279.47837   14.50713 5.0306e+01     2.1580     1.0322    77.2557 0.0000e+00
        434 205.435536    0.03010     1.8057    108.343      5.050  46851.725    29.7333    10.8240      5.000    10.7683    22.7077     2.5709     3.6739     40.073    112.263    114.813    0.00083    6.41529    9.16809  280.14537   14.53853 3.7648e+01     2.4231     1.0278    77.3406 0.0000e+00
        440 205.435553    0.03048     1.8289    109.733      6.057  47038.494    29.8487    10.6816      6.000    10.6435    22.8213     2.5820     3.6900     40.154    112.741    115.314    0.00103    6.43039    9.18968  280.77370   14.56814 2.8760e+01     2.5572     1.0465    76.9795 0.0000e+00
        446 205.435569    0.03087     1.8525    111.151      7.071  47191.954    29.9438    10.5713      7.000    10.5247    22.9138     2.5885     3.6992     40.182    113.013    115.603    0.00085    6.44189    9.20611  281.25044   14.59057 2.2343e+01     2.4733     1.0445    77.0184 0.0000e+00
        450 205.435581    0.03117     1.8703    112.217      8.076  47319.701    30.0227    10.4777      8.000    10.4233    22.9907     2.5943     3.7075     40.210    113.256    115.859    0.00050    6.45176    9.22021  281.66021   14.60986 1.7338e+01     2.4264     1.0780    76.3748 0.0000e+00
        455 205.435596    0.03152     1.8913    113.477      9.085  47663.241    30.2418    10.2883      9.000    10.2145    23.1925     2.6051     3.7229     40.268    113.705    116.342    0.00077    6.46939    9.24541  282.37416   14.64314 1.2883e+01     2.2991     1.0955    76.0435 0.0000e+00
        460 205.435612    0.03190     1.9143    114.856     10.091  47889.219    30.3817    10.1311     10.000    10.0924    23.3272     2.6184     3.7420     40.371    114.273    116.938    0.00123    6.48585    9.26893  283.05509   14.67515 9.5472e+00     2.1032     1.1442    75.1226 0.0000e+00
        466 205.435627    0.03226     1.9358    116.149     11.115  47996.923    30.4443    10.0259     11.000     9.9737    23.3931     2.6285     3.7563     40.450    114.706    117.389    0.00137    6.49819    9.28657  283.57574   14.69980 7.0089e+00     1.9128     1.2513    73.1427 0.0000e+00
        470 205.435639    0.03256     1.9535    117.212     12.107  48081.284    30.4928     9.9416     12.000     9.9130    23.4445     2.6351     3.7658     40.489    114.987    117.683    0.00126    6.50819    9.30085  283.99741   14.71977 5.1118e+00     1.8217     1.3229    71.8433 0.0000e+00
        476 205.435657    0.03299     1.9790    118.743     13.137  48192.972    30.5616     9.8663     13.000     9.8370    23.5103     2.6362     3.7674     40.457    115.028    117.733   -0.00009    6.51606    9.31211  284.32307   14.73507 3.5568e+00     1.6724     1.2885    72.4630 0.0000e+00
        480 205.435669    0.03328     1.9969    119.815     14.128  48294.897    30.6274     9.8232     14.000     9.8147    23.5685     2.6510     3.7886     40.663    115.669    118.395    0.00192    6.51950    9.31702  284.45688   14.74120 2.5920e+00     1.6389     1.2291    73.5490 0.0000e+00
        486 205.435686    0.03368     2.0207    121.244     15.138  48401.370    30.6964     9.7803     15.000     9.7547    23.6292     2.6520     3.7900     40.657    115.703    118.437    0.00096    6.52277    9.32169  284.58232   14.74692 1.8602e+00     1.6394     1.1783    74.4868 0.0000e+00
        492 205.435704    0.03412     2.0472    122.832     16.163  48506.543    30.7638     9.7314     16.000     9.7308    23.6896     2.6591     3.8001     40.740    116.007    118.755    0.00119    6.52696    9.32768  284.74855   14.75460 1.3390e+00     1.6505     1.1771    74.5077 0.0000e+00
        497 205.435716    0.03441     2.0648    123.889     17.154  48521.736    30.7749     9.7387     17.000     9.7414    23.6971     2.6569     3.7970     40.716    115.910    118.657    0.00038    6.52544    9.32552  284.68028   14.75129 9.8902e-01     1.5967     1.2212    73.6902 0.0000e+00
        503 205.435733    0.03483     2.0897    125.379     18.181  48544.336    30.7916     9.7481     18.000     9.7396    23.7086     2.6582     3.7989     40.750    115.969    118.719    0.00042    6.52339    9.32257  284.58745   14.74678 7.1758e-01     1.5610     1.2274    73.5776 0.0000e+00
        507 205.435747    0.03514     2.1084    126.505     19.173  48607.693    30.8305     9.7071     19.000     9.6777    23.7455     2.6649     3.8084     40.824    116.252    119.012    0.00108    6.52765    9.32865  284.76278   14.75501 5.1576e-01     1.5187     1.2406    73.3339 0.0000e+00
        513 205.435763    0.03553     2.1320    127.917     20.191  48669.782    30.8668     9.6535     20.000     9.6371    23.7825     2.6685     3.8136     40.842    116.407    119.176    0.00055    6.53384    9.33751  285.02266   14.76729 3.6493e-01     1.5106     1.2223    73.6704 0.0000e+00
        518 205.435779    0.03592     2.1552    129.313     21.207  48725.146    30.8993     9.6070     21.000     9.5927    23.8152     2.6772     3.8260     40.941    116.783    119.564    0.00123    6.53917    9.34513  285.24621   14.77785 2.6623e-01     1.4142     1.1605    74.8158 0.0000e+00
        522 205.435791    0.03621     2.1726    130.353     22.201  48766.798    30.9256     9.5874     22.000     9.5736    23.8388     2.6803     3.8304     40.977    116.914    119.701    0.00095    6.54090    9.34759  285.31476   14.78102 2.0089e-01     1.4270     1.1530    74.9587 0.0000e+00
        528 205.435806    0.03657     2.1943    131.656     23.221  48826.918    30.9637     9.5587     23.000     9.5492    23.8731     2.6813     3.8319     40.977    116.954    119.746    0.00063    6.54344    9.35122  285.41597   14.78571 1.5531e-01     1.4047     1.1542    74.9348 0.0000e+00
        533 205.435821    0.03691     2.2150    132.900     24.226  48848.747    30.9767     9.5442     24.000     9.5362    23.8855     2.6829     3.8341     40.992    117.024    119.819    0.00037    6.54498    9.35344  285.48014   14.78872 1.2105e-01     1.3768     1.1518    74.9806 0.0000e+00
        538 205.435836    0.03730     2.2379    134.275     25.239  48886.412    31.0001     9.5233     25.000     9.5080    23.9071     2.6869     3.8399     41.040    117.197    119.998    0.00071    6.54702    9.35634  285.56278   14.79258 9.6772e-02     1.3712     1.1478    75.0541 0.0000e+00
        543 205.435852    0.03767     2.2602    135.610     26.245  48932.936    31.0284     9.4940     26.000     9.4842    23.9339     2.6884     3.8420     41.044    117.258    120.065    0.00028    6.55007    9.36071  285.68848   14.79847 8.0706e-02     1.3594     1.1607    74.8131 0.0000e+00
        549 205.435868    0.03804     2.2827    136.959     27.262  48950.636    31.0388     9.4816     27.000     9.4789    23.9440     2.6939     3.8498     41.119    117.496    120.309    0.00074    6.55141    9.36262  285.74416   14.80109 7.0715e-02     1.3346     1.1652    74.7294 0.0000e+00
        553 205.435881    0.03836     2.3017    138.100     28.260  48969.279    31.0505     9.4741     28.000     9.4596    23.9543     2.6958     3.8527     41.145    117.581    120.397    0.00078    6.55201    9.36348  285.76743   14.80216 6.3636e-02     1.3753     1.1646    74.7403 0.0000e+00
        559 205.435898    0.03877     2.3263    139.576     29.279  49024.404    31.0844     9.4413     29.000     9.4299    23.9860     2.6945     3.8506     41.104    117.517    120.335   -0.00014    6.55534    9.36823  285.90359   14.80853 5.8522e-02     1.3207     1.1343    75.3076 0.0000e+00
        565 205.435915    0.03919     2.3511    141.068     30.289  49049.694    31.0996     9.4246     30.000     9.4171    24.0004     2.7028     3.8626     41.220    117.878    120.709    0.00093    6.55710    9.37075  285.97650   14.81196 5.4740e-02     1.3334     1.1064    75.8343 0.0000e+00
        570 205.435929    0.03951     2.3708    142.249     31.294  49082.955    31.1196     9.4024     31.000     9.3851    24.0195     2.7047     3.8652     41.233    117.957    120.791    0.00066    6.55948    9.37415  286.07496   14.81658 5.2714e-02     1.3124     1.0980    75.9947 0.0000e+00
        575 205.435942    0.03985     2.3909    143.454     32.302  49134.454    31.1506     9.3674     32.000     9.3508    24.0493     2.7064     3.8676     41.235    118.028    120.867    0.00033    6.56325    9.37954  286.23106   14.82392 5.1294e-02     1.4112     1.0582    76.7548 0.0000e+00
        580 205.435958    0.04021     2.4126    144.755     33.312  49172.026    31.1729     9.3404     33.000     9.3264    24.0709     2.7111     3.8744     41.289    118.232    121.078    0.00053    6.56625    9.38382  286.35580   14.82979 5.0240e-02     1.2973     1.0276    77.3460 0.0000e+00
        586 205.435974    0.04062     2.4369    146.213     34.331  49225.349    31.2051     9.3039     34.000     9.2840    24.1017     2.7126     3.8766     41.286    118.293    121.144    0.00036    6.57018    9.38945  286.51884   14.83745 4.9220e-02     1.3212     0.9948    77.9809 0.0000e+00
        591 205.435988    0.04094     2.4565    147.387     35.325  49297.767    31.2489     9.2554     35.000     9.2335    24.1435     2.7169     3.8826     41.318    118.474    121.334    0.00038    6.57539    9.39689  286.73415   14.84757 4.8705e-02     1.2697     0.9730    78.4097 0.0000e+00
        597 205.436006    0.04137     2.4824    148.946     36.351  49355.614    31.2839     9.2169     36.000     9.2067    24.1769     2.7158     3.8811     41.276    118.421    121.284   -0.00032    6.57953    9.40280  286.90531   14.85562 4.8151e-02     1.2424     0.9435    78.9881 0.0000e+00
        601 205.436019    0.04169     2.5012    150.073     37.350  49394.967    31.3079     9.1940     37.000     9.1754    24.1992     2.7221     3.8901     41.357    118.695    121.567    0.00042    6.58183    9.40610  286.99964   14.86003 4.8094e-02     1.2249     0.9325    79.2058 0.0000e+00
        606 205.436034    0.04204     2.5226    151.356     38.358  49456.001    31.3453     9.1572     38.000     9.1399    24.2341     2.7252     3.8946     41.381    118.828    121.708    0.00053    6.58564    9.41153  287.15551   14.86733 4.7891e-02     1.2753     0.8889    80.0734 0.0000e+00
        612 205.436051    0.04244     2.5467    152.801     39.379  49528.345    31.3894     9.1118     39.000     9.0782    24.2756     2.7267     3.8968     41.375    118.891    121.777    0.00006    6.59040    9.41834  287.35166   14.87652 4.7696e-02     1.2321     0.8605    80.6444 0.0000e+00
        617 205.436065    0.04278     2.5668    154.011     40.379  49634.315    31.4534     9.0410     40.000     9.0104    24.3365     2.7336     3.9067     41.431    119.184    122.084    0.00055    6.59806    9.42929  287.66850   14.89141 4.7536e-02     1.2119     0.8261    81.3425 0.0000e+00
        623 205.436082    0.04318     2.5910    155.461     41.396  49748.381    31.5201     8.9496     41.000     8.9116    24.4027     2.7395     3.9150     41.453    119.431    122.346    0.00025    6.60865    9.44443  288.11166   14.91232 4.7622e-02     1.1392     0.7852    82.1760 0.0000e+00
        627 205.436094    0.04348     2.6088    156.529     42.394  49813.894    31.5581     8.8967     42.000     8.8840    24.4406     2.7467     3.9254     41.524    119.743    122.669    0.00091    6.61483    9.45326  288.37058   14.92454 4.7485e-02     1.0793     0.7964    81.9476 0.0000e+00
        632 205.436109    0.04384     2.6304    157.821     43.412  49824.662    31.5620     8.8748     43.000     8.8621    24.4470     2.7460     3.9243     41.493    119.710    122.636    0.00017    6.61789    9.45763  288.50202   14.93080 4.7539e-02     1.0074     0.7900    82.0778 0.0000e+00
        638 205.436125    0.04423     2.6536    159.216     44.422  49839.416    31.5694     8.8572     44.000     8.8510    24.4555     2.7466     3.9251     41.489    119.736    122.664    0.00001    6.62016    9.46088  288.59875   14.93539 4.7374e-02     0.9854     0.7886    82.1069 0.0000e+00
        643 205.436139    0.04456     2.6739    160.432     45.426  49841.775    31.5701     8.8534     45.000     8.8483    24.4565     2.7491     3.9287     41.522    119.842    122.773    0.00023    6.62069    9.46163  288.62141   14.93647 4.7332e-02     0.9613     0.8171    81.5222 0.0000e+00
        648 205.436156    0.04495     2.6972    161.833     46.439  49831.799    31.5614     8.8446     46.000     8.8296    24.4510     2.7503     3.9304     41.530    119.895    122.827    0.00016    6.62237    9.46402  288.69593   14.94007 4.7414e-02     0.9498     0.7998    81.8782 0.0000e+00
        654 205.436173    0.04537     2.7219    163.312     47.450  49850.956    31.5698     8.8130     47.000     8.8037    24.4624     2.7553     3.9376     41.579    120.113    123.051    0.00046    6.62669    9.47021  288.88130   14.94889 4.7403e-02     0.9429     0.8220    81.4235 0.0000e+00
        659 205.436186    0.04569     2.7418    164.508     48.464  49855.670    31.5715     8.8049     48.000     8.7950    24.4650     2.7557     3.9382     41.578    120.131    123.071    0.00022    6.62782    9.47182  288.92978   14.95120 4.7661e-02     0.9390     0.8350    81.1610 0.0000e+00
        663 205.436199    0.04600     2.7601    165.605     49.463  49858.524    31.5704     8.7872     49.000     8.7753    24.4669     2.7582     3.9418     41.599    120.241    123.182    0.00029    6.63048    9.47563  289.04542   14.95673 4.7358e-02     0.9140     0.8420    81.0178 0.0000e+00
        670 205.436218    0.04647     2.7882    167.293     50.485  49872.929    31.5784     8.7751     50.000     8.7699    24.4749     2.7590     3.9429     41.602    120.274    123.218    0.00008    6.63193    9.47770  289.10633   14.95962 4.7345e-02     0.9117     0.8241    81.3820 0.0000e+00
        675 205.436232    0.04680     2.8076    168.454     51.482  49878.027    31.5818     8.7770     51.000     8.7739    24.4772     2.7633     3.9491     41.670    120.463    123.412    0.00052    6.63150    9.47707  289.08659   14.95865 4.7656e-02     0.8663     0.8610    80.6346 0.0000e+00
        680 205.436247    0.04716     2.8296    169.777     52.500  49868.848    31.5738     8.7699     52.000     8.7603    24.4722     2.7633     3.9490     41.660    120.458    123.407    0.00034    6.63290    9.47907  289.14906   14.96167 4.7332e-02     0.9030     0.8468    80.9217 0.0000e+00
        685 205.436261    0.04750     2.8498    170.986     53.498  49873.058    31.5756     8.7648     53.000     8.7555    24.4744     2.7673     3.9548     41.717    120.636    123.589    0.00061    6.63357    9.48003  289.17775   14.96304 4.7446e-02     0.8787     0.8612    80.6295 0.0000e+00
