CTD-processing/allCTD/CNV/2017_04-19_t7_s12_cast110_4141.cnv
* Sea-Bird SBE19plus Data File:
* FileName = P:\My Documents\kasitsna\Research-KBL\Oceanography-AK\CTD-Data-ALL-to-2017-02\2017-CTD-KachemakBay-CookInlet\2017-04-19-CookInlet-Tran7-Augustine\2017-04-19-CookInlet-Tran7-cast110.hex
* Software Version 1.59
* Temperature SN =  4141
* Conductivity SN =  4141
* System UpLoad Time = Apr 19 2017 16:41:47
** Cook Inlet LTM Transect 7 Augustine west to east
** Date: 2017-04-19
** Station: (eg. 9-01): 7-12
** Start time (AKDT): 12:11
** Depth (m): 72.2
** Comment: R/V Alaska Dreamcatcher
** Comment:
# nquan = 27
# nvalues = 71                          
# units = specified
# name 0 = scan: Scan Count
# name 1 = timeJ: Julian Days
# name 2 = timeH: Time, Elapsed [hours]
# name 3 = timeM: Time, Elapsed [minutes]
# name 4 = timeS: Time, Elapsed [seconds]
# name 5 = prdM: Pressure, Strain Gauge [db]
# name 6 = specc: Specific Conductance [uS/cm]
# name 7 = sal00: Salinity, Practical [PSU]
# name 8 = tv290C: Temperature [ITS-90, deg C]
# name 9 = depSM: Depth [salt water, m], lat = 59.00
# name 10 = potemp090C: Potential Temperature [ITS-90, deg C]
# name 11 = sigma-é00: Density [sigma-theta, kg/m^3]
# name 12 = sbeox0ML/L: Oxygen, SBE 43 [ml/l]
# name 13 = sbeox0Mg/L: Oxygen, SBE 43 [mg/l]
# name 14 = sbeox0PS: Oxygen, SBE 43 [% saturation]
# name 15 = sbox0Mm/Kg: Oxygen, SBE 43 [umol/kg]
# name 16 = sbeox0Mm/L: Oxygen, SBE 43 [umol/l]
# name 17 = sbox0dV/dT: Oxygen, SBE 43 [dov/dt]
# name 18 = oxsolML/L: Oxygen Saturation, Garcia & Gordon [ml/l]
# name 19 = oxsolMg/L: Oxygen Saturation, Garcia & Gordon [mg/l]
# name 20 = oxsolMm/Kg: Oxygen Saturation, Garcia & Gordon [umol/kg]
# name 21 = n2satMg/L: Nitrogen Saturation [mg/l]
# name 22 = par: PAR/Irradiance, Biospherical/Licor
# name 23 = wetStar: Fluorescence, WET Labs WETstar [mg/m^3]
# name 24 = CStarAt0: Beam Attenuation, WET Labs C-Star [1/m]
# name 25 = CStarTr0: Beam Transmission, WET Labs C-Star [%]
# name 26 = flag: flag
# span 0 =         86,        516       
# span 1 = 109.508082, 109.509327       
# span 2 =    0.00590,    0.03579       
# span 3 =     0.3540,     2.1478       
# span 4 =     21.242,    128.870       
# span 5 =      1.020,     71.669       
# span 6 =  51559.667,  51725.753       
# span 7 =    32.0957,    32.1621       
# span 8 =     4.8038,     5.0609       
# span 9 =      1.000,     71.000       
# span 10 =     4.7987,     5.0326      
# span 11 =    25.3715,    25.4204      
# span 12 =     3.3674,     3.7151      
# span 13 =     4.8125,     5.3092      
# span 14 =     46.689,     51.281      
# span 15 =    146.671,    161.801      
# span 16 =    150.392,    165.914      
# span 17 =   -0.00035,    0.00391      
# span 18 =    7.19851,    7.24450      
# span 19 =   10.28739,   10.35312      
# span 20 =  313.51761,  315.51895      
# span 21 =   16.12152,   16.21694      
# span 22 = 8.8577e-02, 3.7443e+02      
# span 23 =     0.2339,     1.4247      
# span 24 =     0.3115,     1.4338      
# span 25 =    73.0674,    92.5072      
# span 26 = 0.0000e+00, 0.0000e+00      
# interval = meters: 1                  
# start_time = Apr 19 2017 12:11:17 [Instrument's time stamp, header]
# bad_flag = -9.990e-29
*END*
[from data line 54]
        452 109.509140    0.03129     1.8776    112.658     55.531  51711.220    32.1264     4.8074     55.000     4.8034    25.4189     3.6880     5.2705     50.911    160.623    164.706    0.00078    7.24394   10.35232  315.49488   16.21580 5.1809e-01     1.1396     0.3168    92.3870 0.0000e+00
        456 109.509152    0.03160     1.8959    113.753     56.539  51711.904    32.1264     4.8072     56.000     4.8028    25.4189     3.6930     5.2776     50.981    160.843    164.931    0.00132    7.24398   10.35237  315.49645   16.21588 4.6401e-01     1.1556     0.3174    92.3713 0.0000e+00
        460 109.509163    0.03185     1.9109    114.656     57.547  51713.163    32.1266     4.8067     57.000     4.8025    25.4191     3.6952     5.2807     51.009    160.935    165.025    0.00092    7.24405   10.35248  315.49979   16.21603 4.1751e-01     1.2030     0.3260    92.1739 0.0000e+00
        463 109.509173    0.03209     1.9255    115.527     58.553  51714.636    32.1271     4.8067     58.000     4.8026    25.4195     3.7019     5.2904     51.103    161.228    165.327    0.00149    7.24403   10.35243  315.49819   16.21596 3.7141e-01     1.2429     0.3283    92.1207 0.0000e+00
        467 109.509183    0.03234     1.9405    116.428     59.567  51714.696    32.1267     4.8069     59.000     4.8025    25.4192     3.7003     5.2883     51.082    161.163    165.260    0.00097    7.24401   10.35242  315.49776   16.21594 3.3176e-01     1.2832     0.3269    92.1524 0.0000e+00
        470 109.509194    0.03259     1.9556    117.334     60.571  51715.626    32.1268     4.8068     60.000     4.8025    25.4193     3.6986     5.2857     51.057    161.086    165.180    0.00038    7.24402   10.35244  315.49845   16.21597 2.9358e-01     1.1833     0.3318    92.0395 0.0000e+00
        474 109.509205    0.03288     1.9728    118.370     61.583  51716.424    32.1268     4.8069     61.000     4.8024    25.4194     3.6996     5.2871     51.071    161.130    165.225    0.00029    7.24401   10.35242  315.49781   16.21594 2.6079e-01     1.1483     0.3324    92.0264 0.0000e+00
        479 109.509219    0.03320     1.9920    119.519     62.595  51716.398    32.1263     4.8066     62.000     4.8016    25.4189     3.6976     5.2842     51.043    161.041    165.135   -0.00007    7.24410   10.35254  315.50152   16.21611 2.3098e-01     1.2204     0.3310    92.0592 0.0000e+00
        484 109.509232    0.03352     2.0116    120.694     63.606  51718.863    32.1273     4.8057     63.000     4.8010    25.4198     3.7016     5.2900     51.098    161.216    165.314    0.00026    7.24420   10.35268  315.50587   16.21632 2.0577e-01     1.1082     0.3295    92.0917 0.0000e+00
        488 109.509245    0.03383     2.0298    121.786     64.615  51719.617    32.1273     4.8055     64.000     4.8007    25.4198     3.7035     5.2926     51.124    161.296    165.396    0.00043    7.24423   10.35273  315.50719   16.21638 1.8441e-01     1.2125     0.3334    92.0031 0.0000e+00
        492 109.509257    0.03412     2.0468    122.805     65.626  51720.093    32.1270     4.8051     65.000     4.8000    25.4196     3.7024     5.2911     51.108    161.250    165.349    0.00005    7.24431   10.35284  315.51065   16.21655 1.6443e-01     1.3546     0.3393    91.8690 0.0000e+00
        496 109.509268    0.03438     2.0626    123.757     66.633  51721.580    32.1274     4.8044     66.000     4.7998    25.4201     3.7087     5.3000     51.193    161.521    165.627    0.00063    7.24440   10.35297  315.51455   16.21673 1.4785e-01     1.3628     0.3584    91.4317 0.0000e+00
        500 109.509279    0.03463     2.0783    124.696     67.643  51722.383    32.1275     4.8048     67.000     4.8000    25.4201     3.7080     5.2990     51.184    161.492    165.597    0.00056    7.24434   10.35288  315.51195   16.21661 1.3227e-01     1.3949     0.3442    91.7537 0.0000e+00
        504 109.509290    0.03490     2.0943    125.660     68.651  51722.731    32.1271     4.8046     68.000     4.7993    25.4199     3.7065     5.2969     51.164    161.428    165.531   -0.00004    7.24439   10.35296  315.51401   16.21672 1.1944e-01     1.2832     0.3531    91.5525 0.0000e+00
        508 109.509302    0.03520     2.1117    126.703     69.662  51724.135    32.1275     4.8038     69.000     4.7987    25.4203     3.7128     5.3059     51.250    161.703    165.813    0.00071    7.24450   10.35312  315.51895   16.21694 1.0842e-01     1.1863     0.3640    91.3015 0.0000e+00
        512 109.509315    0.03550     2.1302    127.810     70.675  51725.124    32.1276     4.8038     70.000     4.7988    25.4204     3.7151     5.3092     51.281    161.801    165.914    0.00067    7.24450   10.35311  315.51869   16.21693 9.7800e-02     1.4247     0.3660    91.2577 0.0000e+00
        516 109.509327    0.03579     2.1478    128.870     71.669  51725.753    32.1276     4.8039     71.000     4.7988    25.4203     3.7125     5.3055     51.245    161.689    165.798    0.00018    7.24449   10.35309  315.51816   16.21691 8.8577e-02     1.3875     0.3660    91.2581 0.0000e+00
