CTD-processing/allCTD/CNV/2017_04-20_alongbay_skb05_cast152_4141.cnv
* Sea-Bird SBE19plus Data File:
* FileName = P:\My Documents\kasitsna\Research-KBL\Oceanography-AK\CTD-Data-ALL-to-2017-02\2017-CTD-KachemakBay-CookInlet\2017-04-20-CookInlet-AlongKachemakBay\2017-04-20-CookInlet-AlongKachemakBay-cast152.hex
* Software Version 1.59
* Temperature SN =  4141
* Conductivity SN =  4141
* System UpLoad Time = Apr 24 2017 17:24:01
** Cook Inlet Along Kachemak Bay Line west to east
** Date: 2017-04-20
** Station: (eg. 9-01): KB05
** Start time (AKDT): 19:17
** Depth (m): 172.2
** Comment: R/V Alaska Dreamcatcher
** Comment: weak convergence zone ~1/2 mile east of station
# nquan = 27
# nvalues = 166                         
# units = specified
# name 0 = scan: Scan Count
# name 1 = timeJ: Julian Days
# name 2 = timeH: Time, Elapsed [hours]
# name 3 = timeM: Time, Elapsed [minutes]
# name 4 = timeS: Time, Elapsed [seconds]
# name 5 = prdM: Pressure, Strain Gauge [db]
# name 6 = specc: Specific Conductance [uS/cm]
# name 7 = sal00: Salinity, Practical [PSU]
# name 8 = tv290C: Temperature [ITS-90, deg C]
# name 9 = depSM: Depth [salt water, m], lat = 59.00
# name 10 = potemp090C: Potential Temperature [ITS-90, deg C]
# name 11 = sigma-é00: Density [sigma-theta, kg/m^3]
# name 12 = sbeox0ML/L: Oxygen, SBE 43 [ml/l]
# name 13 = sbeox0Mg/L: Oxygen, SBE 43 [mg/l]
# name 14 = sbeox0PS: Oxygen, SBE 43 [% saturation]
# name 15 = sbox0Mm/Kg: Oxygen, SBE 43 [umol/kg]
# name 16 = sbeox0Mm/L: Oxygen, SBE 43 [umol/l]
# name 17 = sbox0dV/dT: Oxygen, SBE 43 [dov/dt]
# name 18 = oxsolML/L: Oxygen Saturation, Garcia & Gordon [ml/l]
# name 19 = oxsolMg/L: Oxygen Saturation, Garcia & Gordon [mg/l]
# name 20 = oxsolMm/Kg: Oxygen Saturation, Garcia & Gordon [umol/kg]
# name 21 = n2satMg/L: Nitrogen Saturation [mg/l]
# name 22 = par: PAR/Irradiance, Biospherical/Licor
# name 23 = wetStar: Fluorescence, WET Labs WETstar [mg/m^3]
# name 24 = CStarAt0: Beam Attenuation, WET Labs C-Star [1/m]
# name 25 = CStarTr0: Beam Transmission, WET Labs C-Star [%]
# name 26 = flag: flag
# span 0 =         96,        865       
# span 1 = 110.803908, 110.806133       
# span 2 =    0.00658,    0.05998       
# span 3 =     0.3946,     3.5991       
# span 4 =     23.674,    215.944       
# span 5 =      1.016,    167.618       
# span 6 =  50466.985,  52075.937       
# span 7 =    31.5645,    32.1104       
# span 8 =     3.7125,     6.4430       
# span 9 =      1.000,    166.000       
# span 10 =     3.7030,     6.4575      
# span 11 =    24.8254,    25.4763      
# span 12 =     3.2264,     4.0752      
# span 13 =     4.6108,     5.8239      
# span 14 =     46.214,     54.833      
# span 15 =    140.567,    177.480      
# span 16 =    144.088,    181.998      
# span 17 =   -0.00204,    0.00585      
# span 18 =    6.97469,    7.44213      
# span 19 =    9.96752,   10.63555      
# span 20 =  303.85220,  324.10853      
# span 21 =   15.66165,   16.62586      
# span 22 = 3.6359e-02, 2.4690e+02      
# span 23 =     0.3982,    16.5629      
# span 24 =     0.4854,     1.7780      
# span 25 =    68.7271,    88.5728      
# span 26 = 0.0000e+00, 0.0000e+00      
# interval = meters: 1                  
# start_time = Apr 20 2017 19:17:14 [Instrument's time stamp, header]
# bad_flag = -9.990e-29
*END*
[from data line 108]
        652 110.805519    0.04522     2.7132    162.795    110.056  51964.593    32.0400     3.8256    109.000     3.8173    25.4496     4.0607     5.8032     54.707    176.849    181.349    0.00043    7.42255   10.60757  323.26412   16.58579 3.6382e-02     0.5628     0.7406    83.0977 0.0000e+00
        656 110.805530    0.04549     2.7292    163.754    111.069  51967.816    32.0412     3.8233    110.000     3.8157    25.4506     4.0592     5.8010     54.685    176.784    181.284    0.00040    7.42291   10.60808  323.27938   16.58651 3.6382e-02     0.5473     0.7349    83.2160 0.0000e+00
        660 110.805540    0.04574     2.7449    164.693    112.079  51969.227    32.0413     3.8222    111.000     3.8144    25.4509     4.0579     5.7992     54.666    176.730    181.227   -0.00021    7.42309   10.60834  323.28721   16.58688 3.6382e-02     0.5165     0.7386    83.1394 0.0000e+00
        663 110.805551    0.04600     2.7600    165.600    113.086  51961.032    32.0343     3.8187    112.000     3.8025    25.4457     4.0615     5.8043     54.707    176.886    181.387    0.00017    7.42409   10.60977  323.33240   16.58906 3.6382e-02     0.5263     0.7359    83.1956 0.0000e+00
        667 110.805562    0.04626     2.7756    166.535    114.097  51975.500    32.0393     3.8009    113.000     3.7885    25.4513     4.0634     5.8071     54.712    176.971    181.475    0.00009    7.42707   10.61402  323.46044   16.59512 3.6382e-02     0.5728     0.7493    82.9178 0.0000e+00
        671 110.805573    0.04653     2.7915    167.490    115.108  51986.389    32.0441     3.7928    114.000     3.7839    25.4559     4.0668     5.8118     54.747    177.113    181.621    0.00024    7.42830   10.61579  323.51270   16.59760 3.6382e-02     0.6762     0.7533    82.8339 0.0000e+00
        675 110.805584    0.04679     2.8072    168.434    116.119  51985.204    32.0419     3.7894    115.000     3.7786    25.4545     4.0694     5.8156     54.777    177.228    181.739    0.00048    7.42901   10.61680  323.54391   16.59908 3.6382e-02     0.5712     0.7619    82.6566 0.0000e+00
        678 110.805594    0.04704     2.8226    169.353    117.127  51986.051    32.0398     3.7807    116.000     3.7681    25.4537     4.0685     5.8142     54.753    177.188    181.698    0.00001    7.43070   10.61921  323.61790   16.60261 3.6382e-02     0.4885     0.7782    82.3205 0.0000e+00
        682 110.805606    0.04730     2.8382    170.292    118.138  51994.888    32.0432     3.7724    117.000     3.7624    25.4571     4.0752     5.8239     54.833    177.480    181.998    0.00053    7.43204   10.62113  323.67504   16.60531 3.6382e-02     0.5052     0.8031    81.8090 0.0000e+00
        686 110.805616    0.04756     2.8536    171.218    119.147  52001.769    32.0465     3.7684    118.000     3.7596    25.4601     4.0739     5.8220     54.811    177.423    181.941    0.00040    7.43262   10.62195  323.69939   16.60646 3.6382e-02     0.5584     0.8185    81.4959 0.0000e+00
        690 110.805627    0.04782     2.8691    172.143    120.158  52001.779    32.0452     3.7654    119.000     3.7548    25.4593     4.0663     5.8112     54.705    177.094    181.603   -0.00082    7.43321   10.62281  323.72552   16.60771 3.6382e-02     0.4999     0.8282    81.2989 0.0000e+00
        693 110.805638    0.04808     2.8848    173.090    121.168  52006.717    32.0464     3.7591    120.000     3.7480    25.4609     4.0692     5.8153     54.735    177.218    181.731   -0.00046    7.43432   10.62438  323.77303   16.60996 3.6382e-02     0.5485     0.8416    81.0265 0.0000e+00
        697 110.805648    0.04834     2.9004    174.022    122.178  52011.966    32.0480     3.7528    121.000     3.7427    25.4628     4.0666     5.8117     54.694    177.107    181.617   -0.00055    7.43537   10.62587  323.81796   16.61209 3.6382e-02     0.4721     0.8587    80.6804 0.0000e+00
        701 110.805659    0.04860     2.9159    174.953    123.188  52016.260    32.0491     3.7480    122.000     3.7371    25.4641     4.0666     5.8116     54.687    177.105    181.615   -0.00074    7.43620   10.62708  323.85416   16.61381 3.6382e-02     0.4662     0.8700    80.4543 0.0000e+00
        705 110.805670    0.04886     2.9313    175.878    124.198  52021.322    32.0507     3.7427    123.000     3.7328    25.4660     4.0659     5.8106     54.670    177.072    181.581   -0.00058    7.43707   10.62832  323.89161   16.61559 3.6382e-02     0.4677     0.8848    80.1558 0.0000e+00
        708 110.805681    0.04911     2.9467    176.803    125.208  52026.992    32.0532     3.7393    124.000     3.7309    25.4682     4.0663     5.8111     54.671    177.089    181.599   -0.00055    7.43756   10.62902  323.91211   16.61655 3.6382e-02     0.4401     0.8943    79.9656 0.0000e+00
        712 110.805691    0.04937     2.9623    177.735    126.218  52027.922    32.0531     3.7386    125.000     3.7302    25.4682     4.0672     5.8125     54.684    177.131    181.642   -0.00033    7.43769   10.62920  323.91745   16.61680 3.6382e-02     0.4810     0.8990    79.8707 0.0000e+00
        716 110.805702    0.04963     2.9780    178.678    127.228  52029.433    32.0535     3.7380    126.000     3.7301    25.4686     4.0674     5.8127     54.685    177.137    181.649   -0.00032    7.43780   10.62935  323.92212   16.61702 3.6382e-02     0.4827     0.9026    79.7993 0.0000e+00
        719 110.805713    0.04989     2.9932    179.592    128.239  52029.636    32.0531     3.7381    127.000     3.7293    25.4683     4.0654     5.8099     54.660    177.054    181.563   -0.00039    7.43779   10.62935  323.92203   16.61702 3.6382e-02     0.5603     0.8979    79.8934 0.0000e+00
        723 110.805723    0.05014     3.0086    180.514    129.246  52030.326    32.0527     3.7363    128.000     3.7270    25.4682     4.0630     5.8063     54.623    176.945    181.451   -0.00077    7.43813   10.62983  323.93690   16.61773 3.6382e-02     0.5277     0.8977    79.8983 0.0000e+00
        727 110.805735    0.05041     3.0244    181.461    130.261  52033.785    32.0539     3.7340    129.000     3.7247    25.4693     4.0649     5.8093     54.648    177.033    181.542   -0.00039    7.43848   10.63034  323.95198   16.61845 3.6382e-02     0.4457     0.9053    79.7460 0.0000e+00
        731 110.805745    0.05066     3.0397    182.385    131.268  52036.108    32.0545     3.7318    130.000     3.7223    25.4699     4.0684     5.8142     54.692    177.184    181.697    0.00000    7.43887   10.63089  323.96871   16.61924 3.6382e-02     0.4703     0.9028    79.7959 0.0000e+00
        734 110.805756    0.05092     3.0553    183.320    132.278  52038.789    32.0553     3.7299    131.000     3.7208    25.4708     4.0667     5.8116     54.666    177.106    181.617   -0.00019    7.43917   10.63132  323.98153   16.61984 3.6382e-02     0.4495     0.8840    80.1702 0.0000e+00
        738 110.805767    0.05118     3.0708    184.250    133.288  52041.204    32.0560     3.7285    132.000     3.7197    25.4715     4.0638     5.8076     54.626    176.983    181.490   -0.00056    7.43940   10.63165  323.99097   16.62028 3.6382e-02     0.5388     0.8811    80.2292 0.0000e+00
        742 110.805777    0.05144     3.0862    185.173    134.301  52041.793    32.0558     3.7279    133.000     3.7194    25.4714     4.0620     5.8050     54.601    176.903    181.408   -0.00071    7.43952   10.63182  323.99638   16.62055 3.6382e-02     0.4721     0.8727    80.3980 0.0000e+00
        745 110.805788    0.05169     3.1011    186.068    135.307  52043.349    32.0563     3.7278    134.000     3.7190    25.4718     4.0637     5.8075     54.624    176.979    181.488   -0.00035    7.43952   10.63181  323.99603   16.62052 3.6382e-02     0.4535     0.8748    80.3573 0.0000e+00
        749 110.805799    0.05194     3.1167    187.004    136.319  52043.810    32.0560     3.7273    135.000     3.7185    25.4717     4.0642     5.8082     54.629    176.999    181.508   -0.00032    7.43962   10.63196  324.00074   16.62075 3.6382e-02     0.6329     0.8592    80.6702 0.0000e+00
        753 110.805809    0.05220     3.1324    187.942    137.331  52044.941    32.0562     3.7272    136.000     3.7188    25.4718     4.0652     5.8096     54.642    177.042    181.551   -0.00016    7.43962   10.63195  324.00020   16.62073 3.6382e-02     0.5733     0.8618    80.6193 0.0000e+00
        756 110.805820    0.05246     3.1476    188.858    138.337  52045.807    32.0563     3.7272    137.000     3.7182    25.4719     4.0621     5.8051     54.600    176.907    181.413   -0.00047    7.43962   10.63195  324.00023   16.62073 3.6382e-02     0.4882     0.8602    80.6515 0.0000e+00
        760 110.805831    0.05272     3.1633    189.801    139.350  52046.375    32.0560     3.7266    138.000     3.7174    25.4717     4.0604     5.8027     54.577    176.833    181.337   -0.00063    7.43975   10.63215  324.00635   16.62101 3.6382e-02     0.4616     0.8544    80.7668 0.0000e+00
        764 110.805842    0.05298     3.1786    190.718    140.359  52047.147    32.0558     3.7257    139.000     3.7165    25.4716     4.0635     5.8071     54.618    176.967    181.475   -0.00023    7.43991   10.63237  324.01309   16.62134 3.6382e-02     0.4100     0.8551    80.7536 0.0000e+00
        768 110.805852    0.05323     3.1939    191.635    141.368  52049.002    32.0565     3.7252    140.000     3.7161    25.4721     4.0672     5.8125     54.668    177.131    181.642    0.00026    7.43997   10.63247  324.01602   16.62148 3.6382e-02     0.3982     0.8482    80.8930 0.0000e+00
        771 110.805863    0.05349     3.2095    192.571    142.380  52050.183    32.0567     3.7249    141.000     3.7158    25.4724     4.0656     5.8102     54.645    177.059    181.570   -0.00005    7.44002   10.63253  324.01787   16.62156 3.6382e-02     0.4680     0.8387    81.0846 0.0000e+00
        775 110.805874    0.05375     3.2250    193.502    143.388  52050.842    32.0564     3.7246    142.000     3.7152    25.4723     4.0657     5.8103     54.646    177.063    181.574   -0.00013    7.44008   10.63262  324.02050   16.62169 3.6382e-02     0.6252     0.8442    80.9723 0.0000e+00
        779 110.805885    0.05401     3.2407    194.445    144.402  52051.474    32.0561     3.7236    143.000     3.7131    25.4721     4.0636     5.8073     54.617    176.974    181.482   -0.00035    7.44028   10.63290  324.02914   16.62210 3.6382e-02     0.5081     0.8476    80.9045 0.0000e+00
        782 110.805895    0.05427     3.2559    195.357    145.411  52053.012    32.0559     3.7204    144.000     3.7092    25.4722     4.0677     5.8131     54.667    177.149    181.662    0.00004    7.44089   10.63378  324.05562   16.62336 3.6382e-02     0.4965     0.8489    80.8773 0.0000e+00
        786 110.805906    0.05452     3.2713    196.278    146.419  52057.136    32.0573     3.7171    145.000     3.7067    25.4737     4.0641     5.8080     54.615    176.994    181.503   -0.00037    7.44140   10.63451  324.07760   16.62440 3.6382e-02     0.4985     0.8440    80.9763 0.0000e+00
        790 110.805917    0.05478     3.2871    197.225    147.431  52059.510    32.0579     3.7150    146.000     3.7044    25.4744     4.0650     5.8092     54.624    177.034    181.543   -0.00039    7.44177   10.63504  324.09361   16.62516 3.6382e-02     0.5042     0.8921    80.0117 0.0000e+00
        794 110.805928    0.05504     3.3025    198.153    148.441  52062.970    32.0592     3.7130    147.000     3.7035    25.4756     4.0661     5.8108     54.637    177.081    181.592   -0.00008    7.44205   10.63544  324.10525   16.62571 3.6382e-02     0.4709     0.9326    79.2043 0.0000e+00
        797 110.805939    0.05530     3.3181    199.084    149.452  52063.288    32.0589     3.7128    148.000     3.7033    25.4754     4.0648     5.8090     54.619    177.022    181.532   -0.00040    7.44211   10.63552  324.10785   16.62584 3.6382e-02     0.4997     0.9120    79.6123 0.0000e+00
        801 110.805949    0.05556     3.3334    200.003    150.461  52065.115    32.0595     3.7125    149.000     3.7030    25.4759     4.0676     5.8130     54.656    177.146    181.660    0.00006    7.44213   10.63555  324.10853   16.62586 3.6382e-02     0.4578     0.9220    79.4139 0.0000e+00
        805 110.805960    0.05581     3.3487    200.919    151.471  52066.306    32.0598     3.7125    150.000     3.7030    25.4762     4.0672     5.8124     54.650    177.127    181.639   -0.00002    7.44212   10.63553  324.10808   16.62584 3.6382e-02     0.4415     0.9249    79.3564 0.0000e+00
        808 110.805970    0.05607     3.3643    201.860    152.481  52066.678    32.0596     3.7127    151.000     3.7033    25.4760     4.0640     5.8079     54.609    176.991    181.499   -0.00052    7.44209   10.63550  324.10708   16.62579 3.6382e-02     0.4494     0.9204    79.4455 0.0000e+00
        812 110.805982    0.05634     3.3801    202.804    153.493  52067.293    32.0595     3.7130    152.000     3.7033    25.4759     4.0687     5.8144     54.670    177.191    181.705    0.00008    7.44205   10.63543  324.10510   16.62570 3.6382e-02     0.4480     0.9357    79.1412 0.0000e+00
        816 110.805992    0.05659     3.3953    203.720    154.502  52067.201    32.0590     3.7130    153.000     3.7032    25.4755     4.0683     5.8140     54.666    177.176    181.689    0.00008    7.44207   10.63546  324.10613   16.62575 3.6382e-02     0.4814     0.9571    78.7207 0.0000e+00
        820 110.806003    0.05685     3.4106    204.637    155.511  52068.651    32.0595     3.7131    154.000     3.7036    25.4758     4.0662     5.8110     54.638    177.084    181.596   -0.00031    7.44203   10.63540  324.10414   16.62566 3.6382e-02     0.4619     0.9625    78.6139 0.0000e+00
        823 110.806014    0.05710     3.4260    205.561    156.522  52069.211    32.0595     3.7134    155.000     3.7035    25.4758     4.0673     5.8126     54.654    177.134    181.647   -0.00013    7.44196   10.63531  324.10121   16.62551 3.6382e-02     0.4479     0.9805    78.2608 0.0000e+00
        827 110.806024    0.05735     3.4413    206.480    157.530  52070.257    32.0596     3.7133    156.000     3.7035    25.4759     4.0642     5.8082     54.612    176.998    181.507   -0.00044    7.44198   10.63533  324.10198   16.62555 3.6382e-02     0.4180     0.9770    78.3298 0.0000e+00
        831 110.806035    0.05762     3.4572    207.431    158.542  52070.224    32.0591     3.7134    157.000     3.7034    25.4755     4.0649     5.8091     54.621    177.029    181.538   -0.00049    7.44198   10.63534  324.10201   16.62556 3.6382e-02     0.6791     0.9809    78.2531 0.0000e+00
        834 110.806046    0.05788     3.4727    208.362    159.553  52071.799    32.0596     3.7134    158.000     3.7035    25.4760     4.0710     5.8179     54.704    177.295    181.811    0.00036    7.44197   10.63531  324.10125   16.62552 3.6382e-02     0.5050     0.9707    78.4525 0.0000e+00
        838 110.806057    0.05814     3.4882    209.291    160.562  52071.966    32.0593     3.7135    159.000     3.7034    25.4757     4.0713     5.8183     54.707    177.306    181.823    0.00023    7.44196   10.63530  324.10118   16.62552 3.6382e-02     0.5270     0.9801    78.2671 0.0000e+00
        842 110.806068    0.05839     3.5038    210.230    161.574  52072.876    32.0594     3.7135    160.000     3.7033    25.4757     4.0708     5.8176     54.702    177.287    181.804    0.00008    7.44195   10.63530  324.10103   16.62551 3.6382e-02     0.4788     0.9721    78.4244 0.0000e+00
        846 110.806078    0.05865     3.5193    211.159    162.583  52074.675    32.0601     3.7136    161.000     3.7041    25.4763     4.0690     5.8151     54.678    177.208    181.723   -0.00017    7.44191   10.63524  324.09884   16.62540 3.6382e-02     0.5165     0.9710    78.4465 0.0000e+00
