CTD-processing/allCTD/CNV/2018_09-13_t4_s10_cast006_5028.cnv
* Sea-Bird SBE19plus Data File:
* FileName = C:\Users\Kim.Powell\Desktop\Not Processed\2018\2018_09-13_T3, T4, T9_5028\2018_09-13_TRANSECT_STATION_cast006.hex
* Software Version 1.59
* Temperature SN =  5028
* Conductivity SN =  5028
* System UpLoad Time = Sep 14 2018 15:53:14
** 2018_09-13
** Station: 4-10
** Start Time: 12:04
** Depth (m): 12
** Comment: lots of feeding birds between T3 and T4
** Comment:
# nquan = 27
# nvalues = 13                          
# units = specified
# name 0 = scan: Scan Count
# name 1 = timeJ: Julian Days
# name 2 = timeH: Time, Elapsed [hours]
# name 3 = timeM: Time, Elapsed [minutes]
# name 4 = timeS: Time, Elapsed [seconds]
# name 5 = prdM: Pressure, Strain Gauge [db]
# name 6 = specc: Specific Conductance [uS/cm]
# name 7 = sal00: Salinity, Practical [PSU]
# name 8 = tv290C: Temperature [ITS-90, deg C]
# name 9 = depSM: Depth [salt water, m], lat = 59.00
# name 10 = potemp090C: Potential Temperature [ITS-90, deg C]
# name 11 = sigma-é00: Density [sigma-theta, kg/m^3]
# name 12 = sbeox0ML/L: Oxygen, SBE 43 [ml/l]
# name 13 = sbeox0Mg/L: Oxygen, SBE 43 [mg/l]
# name 14 = sbeox0PS: Oxygen, SBE 43 [% saturation]
# name 15 = sbox0Mm/Kg: Oxygen, SBE 43 [umol/kg]
# name 16 = sbeox0Mm/L: Oxygen, SBE 43 [umol/l]
# name 17 = sbox0dV/dT: Oxygen, SBE 43 [dov/dt]
# name 18 = oxsolML/L: Oxygen Saturation, Garcia & Gordon [ml/l]
# name 19 = oxsolMg/L: Oxygen Saturation, Garcia & Gordon [mg/l]
# name 20 = oxsolMm/Kg: Oxygen Saturation, Garcia & Gordon [umol/kg]
# name 21 = potemp090C: Potential Temperature [ITS-90, deg C]
# name 22 = n2satMg/L: Nitrogen Saturation [mg/l]
# name 23 = par: PAR/Irradiance, Biospherical/Licor
# name 24 = flECO-AFL: Fluorescence, WET Labs ECO-AFL/FL [mg/m^3]
# name 25 = turbWETntu0: Turbidity, WET Labs ECO [NTU]
# name 26 = flag: flag
# span 0 =        248,        307       
# span 1 = 256.504175, 256.504347       
# span 2 =    0.01714,    0.02127       
# span 3 =     1.0287,     1.2764       
# span 4 =     61.719,     76.584       
# span 5 =      1.009,     13.123       
# span 6 =  47147.188,  47914.931       
# span 7 =    29.9733,    30.4406       
# span 8 =    10.4871,    11.1073       
# span 9 =      1.000,     13.000       
# span 10 =    10.4440,    11.0586      
# span 11 =    22.8460,    23.3146      
# span 12 =     4.9579,     5.7711      
# span 13 =     7.0853,     8.2475      
# span 14 =     77.870,     90.058      
# span 15 =    216.473,    251.926      
# span 16 =    221.419,    257.738      
# span 17 =   -0.00287,    0.08945      
# span 18 =    6.36646,    6.43327      
# span 19 =    9.09831,    9.19379      
# span 20 =  277.97562,  280.76403      
# span 21 =    10.4856,    11.1073      
# span 22 =   14.43368,   14.56529      
# span 23 = 2.7675e+01, 4.8098e+02      
# span 24 =     0.4539,     0.9741      
# span 25 =     0.5328,     0.5989      
# span 26 = 0.0000e+00, 0.0000e+00      
# interval = meters: 1                  
# start_time = Sep 13 2018 12:04:59 [Instrument's time stamp, header]
# bad_flag = -9.990e-29
*END*
        248 256.504175    0.01714     1.0287     61.719      1.009  47147.188    29.9733    11.1073      1.000    11.0586    22.8460     4.9579     7.0853     77.870    216.473    221.419    0.04292    6.36646    9.09831  277.97562    11.1073   14.43368 4.8098e+02     0.4539     0.5989 0.0000e+00
        253 256.504190    0.01751     1.0506     63.037      2.019  47238.764    30.0249    10.9901      2.000    10.9599    22.9062     5.6025     8.0065     87.803    244.605    250.209    0.08945    6.38047    9.11833  278.57101    10.9899   14.46198 3.6391e+02     0.4955     0.5832 0.0000e+00
        258 256.504204    0.01786     1.0712     64.273      3.028  47283.402    30.0500    10.9344      3.000    10.9230    22.9351     5.7440     8.2087     89.930    250.775    256.526    0.07197    6.38712    9.12784  278.85333    10.9341   14.47540 2.8535e+02     0.5464     0.5633 0.0000e+00
        263 256.504218    0.01817     1.0905     65.433      4.037  47295.524    30.0556    10.9115      4.000    10.9017    22.9435     5.7295     8.1880     89.663    250.140    255.879    0.04564    6.39005    9.13202  278.97896    10.9111   14.48139 2.2763e+02     0.6135     0.5663 0.0000e+00
        268 256.504232    0.01851     1.1107     66.639      5.047  47310.100    30.0628    10.8870      5.000    10.8708    22.9532     5.7258     8.1827     89.561    249.974    255.712    0.02866    6.39313    9.13643  279.11093    10.8865   14.48768 1.7404e+02     0.6999     0.5675 0.0000e+00
        272 256.504246    0.01885     1.1308     67.848      6.056  47345.919    30.0827    10.8423      6.000    10.8207    22.9763     5.7307     8.1897     89.562    250.183    255.932    0.01807    6.39851    9.14411  279.33917    10.8416   14.49853 1.3506e+02     0.7782     0.5831 0.0000e+00
        277 256.504259    0.01918     1.1504     69.023      7.066  47385.695    30.1061    10.8040      7.000    10.7963    23.0011     5.7422     8.2062     89.682    250.681    256.447    0.01235    6.40286    9.15032  279.52244    10.8032   14.50721 1.0588e+02     0.8867     0.5876 0.0000e+00
        282 256.504274    0.01952     1.1712     70.273      8.076  47405.046    30.1178    10.7894      8.000    10.7810    23.0126     5.7550     8.2245     89.860    251.237    257.019    0.00879    6.40440    9.15253  279.58654    10.7885   14.51023 8.3648e+01     0.9741     0.5779 0.0000e+00
        287 256.504288    0.01985     1.1912     71.473      9.085  47451.741    30.1474    10.7639      9.000    10.7477    23.0400     5.7698     8.2456     90.058    251.876    257.679    0.00690    6.40672    9.15585  279.68040    10.7629   14.51460 6.7046e+01     0.9735     0.5651 0.0000e+00
        292 256.504303    0.02021     1.2122     72.734     10.095  47507.397    30.1822    10.7281     10.000    10.7146    23.0731     5.7711     8.2475     90.029    251.926    257.738    0.00417    6.41028    9.16093  279.82671    10.7269   14.52147 5.3508e+01     0.9470     0.5676 0.0000e+00
        297 256.504318    0.02058     1.2345     74.072     11.104  47570.565    30.2220    10.6904     11.000    10.6671    23.1105     5.7670     8.2416     89.915    251.738    257.555    0.00176    6.41388    9.16607  279.97347    10.6892   14.52833 4.3439e+01     0.9065     0.5600 0.0000e+00
        302 256.504332    0.02091     1.2545     75.270     12.113  47694.181    30.3009    10.6206     12.000    10.5714    23.1835     5.7590     8.2301     89.698    251.366    257.194   -0.00019    6.42038    9.17536  280.23729    10.6192   14.54064 3.5294e+01     0.8812     0.5767 0.0000e+00
        307 256.504347    0.02127     1.2764     76.584     13.123  47914.931    30.4406    10.4871     13.000    10.4440    23.3146     5.7434     8.2079     89.277    250.656    256.501   -0.00287    6.43327    9.19379  280.76403    10.4856   14.56529 2.7675e+01     0.7993     0.5328 0.0000e+00
