CTD-processing/allCTD/CNV/2018_08-23_alongbay_skb05_cast199_5028.cnv
* Sea-Bird SBE19plus Data File:
* FileName = C:\Users\Kim.Powell\Desktop\Not Processed\2018\2018_08-23_AlongBay, T9_5028\2018_08-23_TRANSECT_STATION_cast199.hex
* Software Version 1.59
* Temperature SN =  5028
* Conductivity SN =  5028
* System UpLoad Time = Aug 31 2018 10:18:07
** 2018_08-23
** Station: KB05
** Start Time: 11:51
** Depth (m): 171
** Comment:
** Comment:
# nquan = 27
# nvalues = 162                         
# units = specified
# name 0 = scan: Scan Count
# name 1 = timeJ: Julian Days
# name 2 = timeH: Time, Elapsed [hours]
# name 3 = timeM: Time, Elapsed [minutes]
# name 4 = timeS: Time, Elapsed [seconds]
# name 5 = prdM: Pressure, Strain Gauge [db]
# name 6 = specc: Specific Conductance [uS/cm]
# name 7 = sal00: Salinity, Practical [PSU]
# name 8 = tv290C: Temperature [ITS-90, deg C]
# name 9 = depSM: Depth [salt water, m], lat = 59.00
# name 10 = potemp090C: Potential Temperature [ITS-90, deg C]
# name 11 = sigma-é00: Density [sigma-theta, kg/m^3]
# name 12 = sbeox0ML/L: Oxygen, SBE 43 [ml/l]
# name 13 = sbeox0Mg/L: Oxygen, SBE 43 [mg/l]
# name 14 = sbeox0PS: Oxygen, SBE 43 [% saturation]
# name 15 = sbox0Mm/Kg: Oxygen, SBE 43 [umol/kg]
# name 16 = sbeox0Mm/L: Oxygen, SBE 43 [umol/l]
# name 17 = sbox0dV/dT: Oxygen, SBE 43 [dov/dt]
# name 18 = oxsolML/L: Oxygen Saturation, Garcia & Gordon [ml/l]
# name 19 = oxsolMg/L: Oxygen Saturation, Garcia & Gordon [mg/l]
# name 20 = oxsolMm/Kg: Oxygen Saturation, Garcia & Gordon [umol/kg]
# name 21 = potemp090C: Potential Temperature [ITS-90, deg C]
# name 22 = n2satMg/L: Nitrogen Saturation [mg/l]
# name 23 = par: PAR/Irradiance, Biospherical/Licor
# name 24 = flECO-AFL: Fluorescence, WET Labs ECO-AFL/FL [mg/m^3]
# name 25 = turbWETntu0: Turbidity, WET Labs ECO [NTU]
# name 26 = flag: flag
# span 0 =        380,       1176       
# span 1 = 235.495865, 235.498167       
# span 2 =    0.02632,    0.08157       
# span 3 =     1.5792,     4.8941       
# span 4 =     94.750,    293.645       
# span 5 =      1.010,    163.594       
# span 6 =  44761.412,  49585.457       
# span 7 =    28.3097,    31.3848       
# span 8 =     9.1708,    11.2262       
# span 9 =      1.000,    162.000       
# span 10 =     9.1556,    11.2040      
# span 11 =    21.5335,    24.2643      
# span 12 =     5.3683,     6.3451      
# span 13 =     7.6718,     9.0678      
# span 14 =     81.570,     98.872      
# span 15 =    234.069,    277.399      
# span 16 =    239.748,    283.373      
# span 17 =   -0.00912,    0.00024      
# span 18 =    6.37109,    6.58200      
# span 19 =    9.10493,    9.40633      
# span 20 =  277.96633,  286.98833      
# span 21 =     9.1553,    11.2262      
# span 22 =   14.42949,   14.85920      
# span 23 = 5.4261e-02, 5.1026e+01      
# span 24 =     0.2394,     2.6628      
# span 25 =     0.2199,     3.5320      
# span 26 = 0.0000e+00, 0.0000e+00      
# interval = meters: 1                  
# start_time = Aug 23 2018 11:52:28 [Instrument's time stamp, header]
# bad_flag = -9.990e-29
*END*
[from data line 108]
        901 235.497374    0.06252     3.7513    225.080    110.058  49415.632    31.3061     9.3025    109.000     9.2908    24.1822     5.4673     7.8133     83.266    238.405    244.170   -0.00148    6.56611    9.38363  286.31862     9.2909   14.82749 5.5954e-02     0.2930     2.1431 0.0000e+00
        906 235.497387    0.06286     3.7712    226.272    111.068  49417.441    31.3070     9.3026    110.000     9.2912    24.1829     5.4666     7.8123     83.255    238.371    244.135   -0.00104    6.56605    9.38355  286.31598     9.2910   14.82736 5.5864e-02     0.2725     2.1633 0.0000e+00
        911 235.497402    0.06320     3.7922    227.530    112.078  49420.064    31.3085     9.3032    111.000     9.2914    24.1840     5.4605     7.8036     83.165    238.107    243.865   -0.00128    6.56590    9.38332  286.30898     9.2915   14.82702 5.5857e-02     0.2583     2.2220 0.0000e+00
        916 235.497417    0.06357     3.8141    228.847    113.088  49425.102    31.3116     9.3029    112.000     9.2908    24.1865     5.4573     7.7990     83.117    237.967    243.722   -0.00115    6.56582    9.38320  286.30458     9.2911   14.82680 5.5862e-02     0.2787     2.2675 0.0000e+00
        921 235.497432    0.06391     3.8347    230.079    114.098  49428.158    31.3132     9.3019    113.000     9.2889    24.1878     5.4593     7.8020     83.147    238.056    243.815   -0.00067    6.56590    9.38332  286.30784     9.2900   14.82695 5.5759e-02     0.2785     2.1961 0.0000e+00
        926 235.497446    0.06426     3.8555    231.332    115.108  49436.272    31.3181     9.2994    114.000     9.2863    24.1921     5.4565     7.7979     83.102    237.931    243.687   -0.00071    6.56605    9.38354  286.31319     9.2874   14.82718 5.5648e-02     0.2658     2.0869 0.0000e+00
        931 235.497460    0.06459     3.8754    232.525    116.118  49443.150    31.3221     9.2962    115.000     9.2817    24.1957     5.4563     7.7976     83.095    237.922    243.679   -0.00063    6.56636    9.38398  286.32553     9.2840   14.82775 5.5585e-02     0.2716     1.9444 0.0000e+00
        936 235.497475    0.06496     3.8974    233.842    117.128  49449.836    31.3253     9.2890    116.000     9.2729    24.1994     5.4563     7.7976     83.083    237.919    243.677   -0.00050    6.56726    9.38528  286.36419     9.2767   14.82959 5.5543e-02     0.2647     1.8515 0.0000e+00
        942 235.497490    0.06533     3.9194    235.161    118.137  49457.790    31.3289     9.2776    117.000     9.2584    24.2040     5.4518     7.7912     82.996    237.724    243.478   -0.00089    6.56876    9.38743  286.42836     9.2653   14.83264 5.5501e-02     0.2639     1.8454 0.0000e+00
        946 235.497504    0.06565     3.9391    236.346    119.148  49472.590    31.3366     9.2614    118.000     9.2442    24.2126     5.4472     7.7846     82.901    237.522    243.273   -0.00119    6.57079    9.39032  286.51430     9.2490   14.83672 5.5532e-02     0.2600     1.9284 0.0000e+00
        952 235.497519    0.06602     3.9610    237.660    120.158  49482.442    31.3420     9.2531    119.000     9.2396    24.2180     5.4407     7.7753     82.789    237.237    242.983   -0.00145    6.57178    9.39173  286.55582     9.2405   14.83869 5.5528e-02     0.2781     1.9150 0.0000e+00
        956 235.497533    0.06635     3.9809    238.851    121.168  49484.434    31.3427     9.2516    120.000     9.2385    24.2189     5.4360     7.7686     82.715    237.033    242.773   -0.00149    6.57197    9.39200  286.56380     9.2389   14.83906 5.5476e-02     0.2796     1.9641 0.0000e+00
        961 235.497547    0.06670     4.0017    240.103    122.178  49485.517    31.3428     9.2500    121.000     9.2354    24.2192     5.4352     7.7676     82.701    236.999    242.739   -0.00111    6.57220    9.39233  286.57384     9.2372   14.83955 5.5410e-02     0.2701     2.0354 0.0000e+00
        966 235.497562    0.06705     4.0229    241.374    123.188  49491.711    31.3458     9.2430    122.000     9.2264    24.2227     5.4324     7.7634     82.646    236.873    242.611   -0.00108    6.57310    9.39361  286.61208     9.2301   14.84136 5.5452e-02     0.2675     1.9967 0.0000e+00
        971 235.497576    0.06739     4.0434    242.604    124.198  49499.924    31.3499     9.2345    123.000     9.2188    24.2272     5.4298     7.7597     82.593    236.758    242.494   -0.00112    6.57414    9.39511  286.65643     9.2216   14.84346 5.5424e-02     0.2660     1.6917 0.0000e+00
        976 235.497591    0.06774     4.0640    243.843    125.208  49503.711    31.3511     9.2271    124.000     9.2097    24.2293     5.4320     7.7628     82.613    236.854    242.592   -0.00066    6.57518    9.39658  286.70092     9.2140   14.84559 5.5247e-02     0.2458     1.5954 0.0000e+00
        981 235.497605    0.06808     4.0845    245.072    126.219  49511.730    31.3547     9.2155    125.000     9.1974    24.2339     5.4281     7.7572     82.535    236.681    242.417   -0.00092    6.57672    9.39879  286.76666     9.2024   14.84871 5.5159e-02     0.2394     1.6543 0.0000e+00
        987 235.497621    0.06846     4.1077    246.463    127.228  49523.039    31.3606     9.2034    126.000     9.1871    24.2404     5.4187     7.7440     82.374    236.275    242.002   -0.00150    6.57824    9.40097  286.83135     9.1902   14.85179 5.5134e-02     0.2585     1.8095 0.0000e+00
        992 235.497635    0.06881     4.1284    247.706    128.238  49529.265    31.3635     9.1964    127.000     9.1801    24.2438     5.4068     7.7268     82.181    235.750    241.466   -0.00215    6.57914    9.40225  286.86957     9.1830   14.85360 5.5150e-02     0.2681     1.8391 0.0000e+00
        997 235.497651    0.06918     4.1504    249.021    129.248  49537.858    31.3679     9.1881    128.000     9.1710    24.2485     5.4013     7.7190     82.085    235.511    241.222   -0.00201    6.58014    9.40369  286.91227     9.1747   14.85562 5.4988e-02     0.2799     1.9165 0.0000e+00
       1002 235.497666    0.06953     4.1721    250.325    130.258  49550.327    31.3750     9.1787    129.000     9.1630    24.2555     5.4008     7.7183     82.064    235.489    241.201   -0.00148    6.58122    9.40523  286.95725     9.1652   14.85774 5.4932e-02     0.2811     1.8048 0.0000e+00
       1008 235.497681    0.06990     4.1942    251.650    131.269  49555.986    31.3780     9.1753    130.000     9.1611    24.2584     5.3965     7.7121     81.994    235.300    241.008   -0.00136    6.58161    9.40577  286.97302     9.1616   14.85849 5.4917e-02     0.2711     1.6870 0.0000e+00
       1013 235.497697    0.07028     4.2164    252.982    132.279  49557.328    31.3784     9.1741    131.000     9.1600    24.2589     5.3910     7.7042     81.908    235.059    240.761   -0.00146    6.58176    9.40600  286.97976     9.1603   14.85881 5.4871e-02     0.2493     1.6454 0.0000e+00
       1018 235.497712    0.07064     4.2386    254.314    133.288  49560.055    31.3798     9.1736    132.000     9.1596    24.2601     5.3953     7.7104     81.973    235.246    240.954   -0.00062    6.58177    9.40601  286.97975     9.1597   14.85880 5.4809e-02     0.2771     1.6395 0.0000e+00
       1023 235.497726    0.07098     4.2591    255.547    134.299  49563.136    31.3815     9.1731    133.000     9.1589    24.2614     5.3950     7.7101     81.970    235.236    240.943   -0.00048    6.58177    9.40601  286.97956     9.1591   14.85879 5.4845e-02     0.2627     1.5362 0.0000e+00
       1029 235.497743    0.07140     4.2839    257.036    135.309  49565.006    31.3823     9.1729    134.000     9.1587    24.2622     5.3938     7.7083     81.950    235.181    240.887   -0.00045    6.58177    9.40602  286.97938     9.1588   14.85877 5.4852e-02     0.2595     1.5014 0.0000e+00
       1034 235.497757    0.07173     4.3035    258.213    136.319  49567.464    31.3835     9.1723    135.000     9.1578    24.2633     5.3948     7.7096     81.965    235.223    240.929   -0.00028    6.58181    9.40606  286.98033     9.1581   14.85882 5.4806e-02     0.2596     1.4650 0.0000e+00
       1040 235.497774    0.07212     4.3275    259.650    137.329  49569.008    31.3841     9.1720    136.000     9.1577    24.2638     5.3910     7.7043     81.907    235.058    240.762   -0.00054    6.58182    9.40608  286.98091     9.1577   14.85884 5.4726e-02     0.2572     1.3615 0.0000e+00
       1044 235.497788    0.07246     4.3479    260.871    138.339  49569.587    31.3841     9.1722    137.000     9.1578    24.2638     5.3889     7.7012     81.875    234.965    240.666   -0.00059    6.58180    9.40605  286.97990     9.1578   14.85879 5.4692e-02     0.2775     1.3762 0.0000e+00
       1050 235.497805    0.07288     4.3725    262.350    139.349  49570.029    31.3840     9.1725    138.000     9.1579    24.2637     5.3811     7.6901     81.757    234.626    240.319   -0.00105    6.58177    9.40600  286.97843     9.1579   14.85872 5.4701e-02     0.2815     1.3313 0.0000e+00
       1055 235.497820    0.07322     4.3936    263.619    140.360  49570.627    31.3840     9.1725    139.000     9.1578    24.2637     5.3827     7.6923     81.781    234.694    240.389   -0.00069    6.58176    9.40599  286.97829     9.1579   14.85872 5.4658e-02     0.2792     1.3393 0.0000e+00
       1061 235.497837    0.07363     4.4179    265.074    141.370  49571.610    31.3842     9.1723    140.000     9.1575    24.2639     5.3859     7.6970     81.831    234.837    240.535   -0.00015    6.58177    9.40601  286.97875     9.1576   14.85874 5.4669e-02     0.2589     1.3975 0.0000e+00
       1066 235.497851    0.07398     4.4386    266.315    142.380  49571.919    31.3840     9.1723    141.000     9.1575    24.2638     5.3833     7.6933     81.791    234.723    240.419   -0.00040    6.58178    9.40603  286.97930     9.1575   14.85877 5.4651e-02     0.2420     1.4730 0.0000e+00
       1071 235.497866    0.07434     4.4603    267.620    143.389  49571.947    31.3836     9.1724    142.000     9.1574    24.2635     5.3828     7.6925     81.783    234.699    240.394   -0.00036    6.58179    9.40604  286.97956     9.1575   14.85878 5.4601e-02     0.2605     1.4554 0.0000e+00
       1077 235.497881    0.07469     4.4818    268.906    144.400  49572.793    31.3838     9.1723    143.000     9.1572    24.2636     5.3860     7.6972     81.832    234.843    240.541   -0.00005    6.58180    9.40605  286.97987     9.1573   14.85879 5.4580e-02     0.2708     1.4286 0.0000e+00
       1082 235.497896    0.07505     4.5030    270.180    145.410  49573.763    31.3840     9.1721    144.000     9.1569    24.2638     5.3850     7.6957     81.817    234.798    240.495   -0.00009    6.58181    9.40606  286.98023     9.1570   14.85881 5.4564e-02     0.2762     1.4730 0.0000e+00
       1087 235.497910    0.07539     4.5232    271.390    146.420  49574.805    31.3842     9.1719    145.000     9.1565    24.2641     5.3781     7.6858     81.712    234.497    240.187   -0.00075    6.58183    9.40610  286.98143     9.1566   14.85886 5.4548e-02     0.2740     1.4872 0.0000e+00
       1092 235.497924    0.07573     4.5440    272.642    147.431  49574.756    31.3837     9.1715    146.000     9.1556    24.2637     5.3784     7.6863     81.715    234.509    240.199   -0.00056    6.58191    9.40621  286.98475     9.1561   14.85903 5.4532e-02     0.2564     1.4428 0.0000e+00
       1097 235.497939    0.07608     4.5649    273.897    148.441  49576.230    31.3842     9.1708    147.000     9.1558    24.2643     5.3786     7.6867     81.718    234.520    240.211   -0.00038    6.58200    9.40633  286.98833     9.1553   14.85920 5.4498e-02     0.2574     1.4628 0.0000e+00
       1102 235.497954    0.07645     4.5871    275.225    149.451  49576.921    31.3846     9.1728    148.000     9.1579    24.2642     5.3775     7.6850     81.704    234.470    240.159   -0.00040    6.58168    9.40588  286.97461     9.1573   14.85854 5.4495e-02     0.2810     1.5733 0.0000e+00
       1107 235.497969    0.07682     4.6090    276.540    150.461  49576.757    31.3842     9.1741    149.000     9.1587    24.2638     5.3745     7.6806     81.660    234.337    240.023   -0.00051    6.58150    9.40563  286.96716     9.1585   14.85819 5.4495e-02     0.2901     1.6348 0.0000e+00
       1112 235.497984    0.07716     4.6301    277.804    151.471  49577.458    31.3844     9.1749    150.000     9.1594    24.2638     5.3735     7.6793     81.647    234.296    239.981   -0.00054    6.58138    9.40546  286.96183     9.1592   14.85793 5.4490e-02     0.2874     1.6912 0.0000e+00
       1117 235.497999    0.07753     4.6515    279.089    152.482  49577.657    31.3842     9.1754    151.000     9.1595    24.2636     5.3772     7.6845     81.704    234.457    240.146   -0.00006    6.58133    9.40538  286.95952     9.1595   14.85782 5.4459e-02     0.2876     1.7262 0.0000e+00
       1123 235.498014    0.07789     4.6731    280.385    153.492  49578.195    31.3841     9.1755    152.000     9.1595    24.2635     5.3751     7.6816     81.673    234.367    240.054   -0.00025    6.58131    9.40535  286.95864     9.1595   14.85778 5.4424e-02     0.2812     1.7108 0.0000e+00
       1128 235.498029    0.07825     4.6952    281.711    154.502  49578.978    31.3843     9.1757    153.000     9.1596    24.2636     5.3736     7.6794     81.649    234.298    239.983   -0.00040    6.58129    9.40532  286.95748     9.1596   14.85772 5.4396e-02     0.2882     1.7771 0.0000e+00
       1133 235.498045    0.07863     4.7180    283.080    155.512  49579.379    31.3842     9.1758    154.000     9.1594    24.2635     5.3773     7.6847     81.706    234.462    240.151    0.00003    6.58127    9.40530  286.95711     9.1595   14.85771 5.4361e-02     0.2804     1.7994 0.0000e+00
       1139 235.498060    0.07900     4.7397    284.380    156.522  49580.107    31.3842     9.1756    155.000     9.1592    24.2636     5.3765     7.6836     81.694    234.428    240.116   -0.00008    6.58130    9.40533  286.95792     9.1593   14.85775 5.4341e-02     0.2870     1.8455 0.0000e+00
       1144 235.498076    0.07937     4.7622    285.731    157.532  49580.885    31.3843     9.1756    156.000     9.1591    24.2637     5.3742     7.6803     81.659    234.328    240.014   -0.00033    6.58129    9.40532  286.95766     9.1592   14.85773 5.4317e-02     0.3036     1.9200 0.0000e+00
       1149 235.498091    0.07974     4.7843    287.059    158.543  49581.624    31.3844     9.1754    157.000     9.1587    24.2638     5.3756     7.6822     81.680    234.386    240.073   -0.00015    6.58132    9.40536  286.95893     9.1589   14.85779 5.4288e-02     0.2945     2.0575 0.0000e+00
       1154 235.498106    0.08010     4.8057    288.342    159.553  49582.473    31.3845     9.1753    158.000     9.1589    24.2640     5.3753     7.6819     81.676    234.376    240.062   -0.00016    6.58132    9.40536  286.95890     9.1587   14.85779 5.4266e-02     0.2871     2.1393 0.0000e+00
       1160 235.498121    0.08047     4.8277    289.662    160.563  49582.590    31.3842     9.1759    159.000     9.1592    24.2637     5.3687     7.6724     81.575    234.084    239.764   -0.00069    6.58124    9.40525  286.95566     9.1592   14.85764 5.4264e-02     0.3005     2.1561 0.0000e+00
       1165 235.498136    0.08082     4.8495    290.972    161.573  49583.260    31.3843     9.1760    160.000     9.1590    24.2637     5.3683     7.6718     81.570    234.069    239.748   -0.00059    6.58123    9.40523  286.95513     9.1591   14.85761 5.4261e-02     0.2910     2.1034 0.0000e+00
       1170 235.498151    0.08119     4.8714    292.285    162.583  49583.840    31.3842     9.1757    161.000     9.1583    24.2637     5.3743     7.6804     81.661    234.331    240.017    0.00009    6.58128    9.40530  286.95711     9.1587   14.85770 5.4312e-02     0.2922     2.1197 0.0000e+00
