CTD-processing/allCTD/CNV/2018_08-23_t9_s03_cast210_5028.cnv
* Sea-Bird SBE19plus Data File:
* FileName = C:\Users\Kim.Powell\Desktop\Not Processed\2018\2018_08-23_AlongBay, T9_5028\2018_08-23_TRANSECT_STATION_cast210.hex
* Software Version 1.59
* Temperature SN =  5028
* Conductivity SN =  5028
* System UpLoad Time = Aug 31 2018 10:31:09
** 2018_08-23
** Station: 9-03
** Start Time: 14:43
** Depth (m): 94
** Comment: 3 tufted puffins - not foraging
** Comment: out of order in field notes
# nquan = 27
# nvalues = 91                          
# units = specified
# name 0 = scan: Scan Count
# name 1 = timeJ: Julian Days
# name 2 = timeH: Time, Elapsed [hours]
# name 3 = timeM: Time, Elapsed [minutes]
# name 4 = timeS: Time, Elapsed [seconds]
# name 5 = prdM: Pressure, Strain Gauge [db]
# name 6 = specc: Specific Conductance [uS/cm]
# name 7 = sal00: Salinity, Practical [PSU]
# name 8 = tv290C: Temperature [ITS-90, deg C]
# name 9 = depSM: Depth [salt water, m], lat = 59.00
# name 10 = potemp090C: Potential Temperature [ITS-90, deg C]
# name 11 = sigma-é00: Density [sigma-theta, kg/m^3]
# name 12 = sbeox0ML/L: Oxygen, SBE 43 [ml/l]
# name 13 = sbeox0Mg/L: Oxygen, SBE 43 [mg/l]
# name 14 = sbeox0PS: Oxygen, SBE 43 [% saturation]
# name 15 = sbox0Mm/Kg: Oxygen, SBE 43 [umol/kg]
# name 16 = sbeox0Mm/L: Oxygen, SBE 43 [umol/l]
# name 17 = sbox0dV/dT: Oxygen, SBE 43 [dov/dt]
# name 18 = oxsolML/L: Oxygen Saturation, Garcia & Gordon [ml/l]
# name 19 = oxsolMg/L: Oxygen Saturation, Garcia & Gordon [mg/l]
# name 20 = oxsolMm/Kg: Oxygen Saturation, Garcia & Gordon [umol/kg]
# name 21 = potemp090C: Potential Temperature [ITS-90, deg C]
# name 22 = n2satMg/L: Nitrogen Saturation [mg/l]
# name 23 = par: PAR/Irradiance, Biospherical/Licor
# name 24 = flECO-AFL: Fluorescence, WET Labs ECO-AFL/FL [mg/m^3]
# name 25 = turbWETntu0: Turbidity, WET Labs ECO [NTU]
# name 26 = flag: flag
# span 0 =        322,        749       
# span 1 = 235.613858, 235.615094       
# span 2 =    0.02232,    0.05197       
# span 3 =     1.3391,     3.1183       
# span 4 =     80.347,    187.098       
# span 5 =      1.010,     91.879       
# span 6 =  44217.475,  49472.617       
# span 7 =    27.9565,    31.3425       
# span 8 =     9.2196,    11.5074       
# span 9 =      1.000,     91.000       
# span 10 =     9.1935,    11.4836      
# span 11 =    21.2115,    24.2232      
# span 12 =     5.4661,     6.3939      
# span 13 =     7.8116,     9.1375      
# span 14 =     83.114,    100.084      
# span 15 =    238.342,    279.620      
# span 16 =    244.115,    285.551      
# span 17 =   -0.01307,    0.00373      
# span 18 =    6.36563,    6.57664      
# span 19 =    9.09711,    9.39867      
# span 20 =  277.93304,  286.76623      
# span 21 =     9.2101,    11.5073      
# span 22 =   14.42947,   14.84874      
# span 23 = 5.7863e-02, 7.3502e+01      
# span 24 =     0.2826,     3.3082      
# span 25 =     0.2379,     6.6630      
# span 26 = 0.0000e+00, 0.0000e+00      
# interval = meters: 1                  
# start_time = Aug 23 2018 14:42:37 [Instrument's time stamp, header]
# bad_flag = -9.990e-29
*END*
[from data line 54]
        575 235.614588    0.03984     2.3903    143.421     55.527  48880.781    31.0657    10.1681     55.000    10.1525    23.8551     5.8570     8.3703     90.775    255.481    261.576   -0.00187    6.45229    9.22097  281.44528    10.1620   14.59537 6.6069e-02     0.6404     0.4720 0.0000e+00
        580 235.614603    0.04018     2.4110    144.658     56.536  48896.978    31.0742    10.1481     56.000    10.1373    23.8651     5.8479     8.3572     90.598    255.079    261.167   -0.00229    6.45475    9.22449  281.55014    10.1418   14.60035 6.5147e-02     0.6331     0.4795 0.0000e+00
        585 235.614617    0.04053     2.4318    145.905     57.546  48903.620    31.0773    10.1386     57.000    10.1290    23.8691     5.8366     8.3411     90.407    254.587    260.664   -0.00273    6.45597    9.22623  281.60204    10.1322   14.60282 6.4314e-02     0.5970     0.4949 0.0000e+00
        589 235.614630    0.04085     2.4509    147.055     58.556  48907.178    31.0785    10.1313     58.000    10.1213    23.8712     5.8350     8.3388     90.367    254.514    260.589   -0.00218    6.45695    9.22762  281.64402    10.1248   14.60483 6.3539e-02     0.5846     0.5430 0.0000e+00
        594 235.614645    0.04119     2.4717    148.303     59.566  48912.063    31.0804    10.1225     59.000    10.1122    23.8741     5.8334     8.3366     90.327    254.447    260.521   -0.00164    6.45811    9.22928  281.69390    10.1159   14.60721 6.2902e-02     0.5776     0.5945 0.0000e+00
        599 235.614658    0.04151     2.4907    149.444     60.575  48918.771    31.0839    10.1155     60.000    10.1073    23.8780     5.8285     8.3295     90.239    254.230    260.301   -0.00172    6.45895    9.23048  281.72942    10.1089   14.60889 6.2328e-02     0.5561     0.6570 0.0000e+00
        604 235.614672    0.04185     2.5111    150.664     61.585  48921.900    31.0853    10.1126     61.000    10.1049    23.8796     5.8248     8.3241     90.176    254.066    260.132   -0.00156    6.45930    9.23099  281.74439    10.1058   14.60960 6.1805e-02     0.5711     0.7045 0.0000e+00
        608 235.614685    0.04216     2.5296    151.778     62.595  48923.127    31.0855    10.1101     62.000    10.1012    23.8801     5.8221     8.3204     90.130    253.951    260.016   -0.00140    6.45966    9.23149  281.75975    10.1032   14.61034 6.1390e-02     0.5929     0.6447 0.0000e+00
        613 235.614699    0.04251     2.5506    153.036     63.604  48926.386    31.0867    10.1048     63.000    10.0954    23.8819     5.8195     8.3166     90.080    253.837    259.899   -0.00127    6.46035    9.23248  281.78943    10.0978   14.61175 6.1028e-02     0.5916     0.6616 0.0000e+00
        618 235.614714    0.04285     2.5707    154.244     64.614  48928.108    31.0866    10.0979     64.000    10.0850    23.8830     5.8155     8.3109     90.005    253.662    259.721   -0.00133    6.46133    9.23389  281.83201    10.0907   14.61379 6.0683e-02     0.5878     0.7716 0.0000e+00
        623 235.614728    0.04319     2.5914    155.484     65.624  48934.732    31.0885    10.0790     65.000    10.0609    23.8876     5.8116     8.3054     89.909    253.493    259.548   -0.00148    6.46392    9.23759  281.94392    10.0717   14.61914 6.0436e-02     0.5566     0.7248 0.0000e+00
        628 235.614742    0.04354     2.6124    156.746     66.634  48949.681    31.0948    10.0493     66.000    10.0286    23.8975     5.8006     8.2895     89.683    253.006    259.052   -0.00231    6.46786    9.24322  282.11279    10.0419   14.62719 6.0181e-02     0.5533     0.7559 0.0000e+00
        633 235.614757    0.04390     2.6338    158.028     67.644  48971.804    31.1061    10.0186     67.000    10.0041    23.9113     5.7884     8.2722     89.441    252.474    258.511   -0.00301    6.47173    9.24876  282.27800    10.0111   14.63505 5.9945e-02     0.5466     0.8563 0.0000e+00
        638 235.614771    0.04423     2.6534    159.205     68.653  48983.408    31.1125    10.0075     68.000     9.9983    23.9181     5.7821     8.2632     89.326    252.197    258.229   -0.00278    6.47304    9.25062  282.33308     9.9999   14.63766 5.9774e-02     0.5396     0.9546 0.0000e+00
        643 235.614786    0.04457     2.6744    160.464     69.663  48984.173    31.1121    10.0028     69.000     9.9920    23.9185     5.7756     8.2539     89.216    251.913    257.938   -0.00249    6.47371    9.25158  282.36237     9.9952   14.63906 5.9579e-02     0.5524     0.9731 0.0000e+00
        647 235.614799    0.04489     2.6936    161.617     70.673  48988.007    31.1133     9.9949     70.000     9.9831    23.9208     5.7715     8.2481     89.138    251.735    257.757   -0.00221    6.47478    9.25311  282.40840     9.9872   14.64126 5.9411e-02     0.5448     1.0324 0.0000e+00
        652 235.614813    0.04522     2.7132    162.793     71.682  48985.754    31.1095     9.9807     71.000     9.9546    23.9201     5.7704     8.2465     89.092    251.688    257.708   -0.00184    6.47695    9.25622  282.50328     9.9729   14.64581 5.9238e-02     0.5232     1.0349 0.0000e+00
        657 235.614825    0.04553     2.7319    163.914     72.692  49004.319    31.1143     9.9192     72.000     9.8768    23.9339     5.7659     8.2400     88.904    251.485    257.504   -0.00225    6.48550    9.26843  282.87205     9.9113   14.66344 5.9109e-02     0.5235     1.1005 0.0000e+00
        662 235.614840    0.04587     2.7524    165.144     73.702  49061.629    31.1444     9.8425     73.000     9.8126    23.9698     5.7371     8.1988     88.329    250.220    256.218   -0.00499    6.49516    9.28223  283.28343     9.8345   14.68300 5.9044e-02     0.4731     1.2349 0.0000e+00
        666 235.614853    0.04620     2.7722    166.331     74.712  49090.401    31.1573     9.7883     74.000     9.7550    23.9885     5.7132     8.1648     87.864    249.175    255.152   -0.00618    6.50234    9.29250  283.59167     9.7803   14.69768 5.8933e-02     0.4470     1.3670 0.0000e+00
        671 235.614867    0.04653     2.7914    167.485     75.722  49129.566    31.1775     9.7349     75.000     9.7095    24.0129     5.6900     8.1316     87.416    248.158    254.116   -0.00687    6.50914    9.30222  283.88153     9.7267   14.71147 5.8862e-02     0.4379     1.4343 0.0000e+00
        676 235.614880    0.04686     2.8113    168.678     76.731  49154.722    31.1898     9.6962     76.000     9.6715    24.0287     5.6707     8.1040     87.052    247.311    253.253   -0.00678    6.51417    9.30940  284.09648     9.6880   14.72170 5.8771e-02     0.4184     1.4784 0.0000e+00
        681 235.614895    0.04720     2.8324    169.945     77.741  49174.734    31.1972     9.6492     77.000     9.6114    24.0420     5.6490     8.0729     86.632    246.359    252.281   -0.00684    6.52061    9.31860  284.37354     9.6408   14.73492 5.8667e-02     0.4032     1.6058 0.0000e+00
        686 235.614909    0.04755     2.8529    171.176     78.751  49221.438    31.2184     9.5641     78.000     9.5199    24.0720     5.6273     8.0420     86.150    245.407    251.314   -0.00734    6.53196    9.33482  284.85996     9.5557   14.75810 5.8601e-02     0.3911     1.8288 0.0000e+00
        691 235.614925    0.04792     2.8750    172.501     79.761  49284.223    31.2509     9.4803     79.000     9.4452    24.1107     5.5974     7.9993     85.553    244.095    249.980   -0.00812    6.54268    9.35014  285.31675     9.4718   14.77980 5.8589e-02     0.3602     2.0863 0.0000e+00
        696 235.614939    0.04827     2.8962    173.772     80.770  49332.285    31.2751     9.4127     80.000     9.3836    24.1403     5.5613     7.9476     84.886    242.512    248.366   -0.00918    6.55143    9.36265  285.69021     9.4042   14.79757 5.8560e-02     0.3442     2.1657 0.0000e+00
        701 235.614953    0.04860     2.9158    174.950     81.781  49366.125    31.2934     9.3746     81.000     9.3550    24.1604     5.5415     7.9194     84.524    241.647    247.485   -0.00847    6.55618    9.36944  285.89172     9.3660   14.80713 5.8494e-02     0.3359     2.1895 0.0000e+00
        706 235.614968    0.04896     2.9376    176.257     82.791  49388.751    31.3057     9.3514     82.000     9.3410    24.1737     5.5305     7.9037     84.319    241.164    246.995   -0.00661    6.55903    9.37350  286.01209     9.3427   14.81283 5.8425e-02     0.3323     2.1565 0.0000e+00
        711 235.614982    0.04930     2.9577    177.461     83.800  49390.335    31.3063     9.3512     83.000     9.3416    24.1743     5.5224     7.8920     84.195    240.808    246.629   -0.00521    6.55902    9.37349  286.01160     9.3424   14.81281 5.8341e-02     0.3705     2.1773 0.0000e+00
        716 235.614997    0.04965     2.9789    178.735     84.810  49391.469    31.3060     9.3464     84.000     9.3343    24.1748     5.5163     7.8834     84.094    240.543    246.358   -0.00400    6.55973    9.37451  286.04264     9.3375   14.81429 5.8300e-02     0.3327     2.1614 0.0000e+00
        720 235.615010    0.04996     2.9979    179.874     85.820  49394.782    31.3066     9.3370     85.000     9.3214    24.1768     5.5135     7.8793     84.033    240.420    246.232   -0.00315    6.56108    9.37644  286.10093     9.3279   14.81708 5.8227e-02     0.3075     2.1071 0.0000e+00
        725 235.615024    0.05031     3.0187    181.119     86.830  49404.490    31.3108     9.3203     86.000     9.3028    24.1826     5.5059     7.8685     83.889    240.088    245.895   -0.00287    6.56333    9.37965  286.19705     9.3112   14.82165 5.8163e-02     0.3098     2.0815 0.0000e+00
        730 235.615039    0.05065     3.0387    182.325     87.840  49418.458    31.3172     9.2990     87.000     9.2826    24.1910     5.4931     7.8502     83.658    239.529    245.323   -0.00334    6.56616    9.38370  286.31835     9.2897   14.82743 5.8126e-02     0.3147     2.0447 0.0000e+00
        735 235.615051    0.05095     3.0573    183.440     88.849  49430.287    31.3234     9.2866     88.000     9.2725    24.1977     5.4865     7.8408     83.538    239.239    245.028   -0.00309    6.56769    9.38589  286.38340     9.2773   14.83051 5.8071e-02     0.2978     2.0321 0.0000e+00
        739 235.615065    0.05128     3.0766    184.598     89.859  49437.268    31.3257     9.2710     89.000     9.2536    24.2020     5.4806     7.8323     83.420    238.980    244.764   -0.00280    6.56986    9.38900  286.47692     9.2616   14.83497 5.8011e-02     0.2826     1.9925 0.0000e+00
        744 235.615079    0.05162     3.0972    185.829     90.869  49451.208    31.3327     9.2542     90.000     9.2356    24.2102     5.4728     7.8212     83.275    238.638    244.416   -0.00276    6.57201    9.39206  286.56794     9.2447   14.83930 5.7974e-02     0.2828     1.9122 0.0000e+00
        749 235.615094    0.05197     3.1183    187.098     91.879  49472.617    31.3425     9.2196     91.000     9.1935    24.2232     5.4661     7.8116     83.114    238.342    244.115   -0.00281    6.57664    9.39867  286.76623     9.2101   14.84874 5.7863e-02     0.2838     1.9319 0.0000e+00
