CTD-processing/allCTD/CNV/2018_07-18_alongbay_ptgrm_cast153_5028.cnv
* Sea-Bird SBE19plus Data File:
* FileName = C:\Users\Kim.Powell\Desktop\Not Processed\2018\2018_07-18_AlongBay,T6,T7_5028\2018_07-18_TRANSECT_STATION_cast153.hex
* Software Version 1.59
* Temperature SN =  5028
* Conductivity SN =  5028
* System UpLoad Time = Jul 19 2018 13:18:09
** 2018_07-18
** Station: PTGRM
** Start Time: 13:18
** Depth (m): 65.5
** Comment:
** Comment:
# nquan = 27
# nvalues = 61                          
# units = specified
# name 0 = scan: Scan Count
# name 1 = timeJ: Julian Days
# name 2 = timeH: Time, Elapsed [hours]
# name 3 = timeM: Time, Elapsed [minutes]
# name 4 = timeS: Time, Elapsed [seconds]
# name 5 = prdM: Pressure, Strain Gauge [db]
# name 6 = specc: Specific Conductance [uS/cm]
# name 7 = sal00: Salinity, Practical [PSU]
# name 8 = tv290C: Temperature [ITS-90, deg C]
# name 9 = depSM: Depth [salt water, m], lat = 59.00
# name 10 = potemp090C: Potential Temperature [ITS-90, deg C]
# name 11 = sigma-é00: Density [sigma-theta, kg/m^3]
# name 12 = sbeox0ML/L: Oxygen, SBE 43 [ml/l]
# name 13 = sbeox0Mg/L: Oxygen, SBE 43 [mg/l]
# name 14 = sbeox0PS: Oxygen, SBE 43 [% saturation]
# name 15 = sbox0Mm/Kg: Oxygen, SBE 43 [umol/kg]
# name 16 = sbeox0Mm/L: Oxygen, SBE 43 [umol/l]
# name 17 = sbox0dV/dT: Oxygen, SBE 43 [dov/dt]
# name 18 = oxsolML/L: Oxygen Saturation, Garcia & Gordon [ml/l]
# name 19 = oxsolMg/L: Oxygen Saturation, Garcia & Gordon [mg/l]
# name 20 = oxsolMm/Kg: Oxygen Saturation, Garcia & Gordon [umol/kg]
# name 21 = potemp090C: Potential Temperature [ITS-90, deg C]
# name 22 = n2satMg/L: Nitrogen Saturation [mg/l]
# name 23 = par: PAR/Irradiance, Biospherical/Licor
# name 24 = flECO-AFL: Fluorescence, WET Labs ECO-AFL/FL [mg/m^3]
# name 25 = turbWETntu0: Turbidity, WET Labs ECO [NTU]
# name 26 = flag: flag
# span 0 =        221,        632       
# span 1 = 199.555728, 199.556920       
# span 2 =    0.01524,    0.04384       
# span 3 =     0.9146,     2.6305       
# span 4 =     54.879,    157.834       
# span 5 =      1.009,     61.586       
# span 6 =  47583.222,  49960.356       
# span 7 =    30.1629,    31.6412       
# span 8 =     8.6110,     9.2790       
# span 9 =      1.000,     61.000       
# span 10 =     8.6096,     9.0875      
# span 11 =    23.2973,    24.5273      
# span 12 =     5.6228,     6.0147      
# span 13 =     8.0356,     8.5957      
# span 14 =     84.937,     90.393      
# span 15 =    245.420,    262.188      
# span 16 =    251.116,    268.618      
# span 17 =   -0.00081,    0.00224      
# span 18 =    6.62049,    6.65476      
# span 19 =    9.46134,    9.51032      
# span 20 =  288.72180,  290.08670      
# span 21 =     8.6098,     9.2788      
# span 22 =   14.94096,   15.00630      
# span 23 = 8.9950e-02, 7.3304e+02      
# span 24 =     0.0580,    11.3382      
# span 25 =     0.3571,     0.6057      
# span 26 = 0.0000e+00, 0.0000e+00      
# interval = meters: 1                  
# start_time = Jul 18 2018 13:19:20 [Instrument's time stamp, header]
# bad_flag = -9.990e-29
*END*
        221 199.555728    0.01524     0.9146     54.879      1.009  47583.222    30.1629     9.2790      1.000     9.0875    23.2973     5.6228     8.0356     84.937    245.420    251.116    0.00210    6.62049    9.46134  288.98532     9.2788   14.95989 7.3304e+02    11.3382     0.6057 0.0000e+00
        365 199.556145    0.02526     1.5159     90.953      2.019  49931.040    31.6412     8.8136      2.000     8.7750    24.5171     5.9049     8.4387     89.152    257.401    263.712    0.00168    6.62344    9.46556  288.72180     8.8133   14.94096 5.9375e+02     0.0580     0.3571 0.0000e+00
        363 199.556139    0.02512     1.5069     90.416      3.028  49876.471    31.5978     8.7482      3.000     8.7309    24.4934     5.8931     8.4219     88.818    256.896    263.189    0.00004    6.63509    9.48221  289.23872     8.7479   14.96585 4.7379e+02     0.5564     0.3915 0.0000e+00
        367 199.556153    0.02544     1.5262     91.570      4.038  49906.056    31.6143     8.7217      4.000     8.7211    24.5103     5.9089     8.4444     89.013    257.579    263.892    0.00104    6.63830    9.48680  289.37412     8.7213   14.97226 3.6009e+02     0.5701     0.3741 0.0000e+00
        372 199.556165    0.02574     1.5444     92.662      5.047  49902.976    31.6117     8.7218      5.000     8.7179    24.5083     5.9242     8.4662     89.241    258.245    264.574    0.00200    6.63841    9.48696  289.37939     8.7212   14.97252 3.0863e+02     0.5884     0.3799 0.0000e+00
        376 199.556179    0.02606     1.5638     93.827      6.056  49898.479    31.6064     8.7102      6.000     8.7007    24.5059     5.9360     8.4832     89.393    258.762    265.102    0.00224    6.64036    9.48974  289.46487     8.7096   14.97662 2.6403e+02     0.6031     0.3995 0.0000e+00
        380 199.556190    0.02635     1.5811     94.866      7.067  49887.103    31.5943     8.6860      7.000     8.6634    24.5001     5.9409     8.4900     89.410    258.973    265.318    0.00163    6.64447    9.49561  289.64562     8.6853   14.98531 2.2773e+02     0.6411     0.4400 0.0000e+00
        385 199.556204    0.02668     1.6007     96.040      8.076  49911.211    31.6039     8.6389      8.000     8.6282    24.5147     5.9415     8.4909     89.332    258.997    265.346    0.00057    6.65107    9.50504  289.92913     8.6382   14.99881 1.8567e+02     0.6938     0.4442 0.0000e+00
        390 199.556218    0.02701     1.6204     97.227      9.085  49924.287    31.6102     8.6223      9.000     8.6173    24.5220     5.9413     8.4908     89.300    258.991    265.342    0.00005    6.65328    9.50820  290.02333     8.6214   15.00329 1.5799e+02     0.7448     0.4473 0.0000e+00
        395 199.556232    0.02734     1.6403     98.421     10.094  49931.133    31.6133     8.6145     10.000     8.6122    24.5257     5.9484     8.5009     89.393    259.297    265.657    0.00050    6.65429    9.50965  290.06651     8.6136   15.00534 1.3632e+02     0.7899     0.4679 0.0000e+00
        399 199.556244    0.02764     1.6581     99.486     11.104  49933.477    31.6142     8.6124     11.000     8.6105    24.5268     5.9535     8.5081     89.465    259.518    265.883    0.00070    6.65458    9.51006  290.07872     8.6113   15.00592 1.1539e+02     0.8786     0.4619 0.0000e+00
        404 199.556259    0.02800     1.6796    100.778     12.114  49934.974    31.6146     8.6110     12.000     8.6096    24.5273     5.9609     8.5187     89.574    259.840    266.214    0.00101    6.65476    9.51032  290.08670     8.6098   15.00630 9.7950e+01     0.9363     0.4160 0.0000e+00
        410 199.556275    0.02837     1.7022    102.131     13.123  49935.512    31.6146     8.6112     13.000     8.6100    24.5272     5.9666     8.5268     89.659    260.087    266.466    0.00105    6.65474    9.51029  290.08591     8.6098   15.00626 8.1697e+01     0.9389     0.4125 0.0000e+00
        414 199.556288    0.02869     1.7212    103.273     14.132  49935.722    31.6143     8.6116     14.000     8.6103    24.5270     5.9708     8.5329     89.723    260.274    266.657    0.00104    6.65469    9.51022  290.08359     8.6102   15.00615 6.9077e+01     0.9552     0.4267 0.0000e+00
        419 199.556303    0.02904     1.7425    104.552     15.142  49935.904    31.6141     8.6121     15.000     8.6107    24.5268     5.9722     8.5348     89.744    260.332    266.717    0.00074    6.65462    9.51012  290.08074     8.6106   15.00602 5.9215e+01     0.9846     0.4285 0.0000e+00
        424 199.556318    0.02940     1.7639    105.833     16.151  49936.431    31.6140     8.6123     16.000     8.6104    24.5267     5.9728     8.5357     89.754    260.359    266.744    0.00046    6.65460    9.51009  290.07976     8.6107   15.00597 4.9464e+01     0.9957     0.4070 0.0000e+00
        429 199.556330    0.02969     1.7817    106.903     17.161  49937.977    31.6146     8.6120     17.000     8.6104    24.5272     5.9784     8.5437     89.838    260.602    266.993    0.00071    6.65461    9.51011  290.08002     8.6103   15.00598 4.2669e+01     0.9878     0.4041 0.0000e+00
        433 199.556343    0.03001     1.8007    108.041     18.171  49938.076    31.6143     8.6124     18.000     8.6108    24.5270     5.9838     8.5515     89.921    260.841    267.238    0.00092    6.65457    9.51004  290.07837     8.6106   15.00591 3.6305e+01     0.9791     0.4131 0.0000e+00
        438 199.556357    0.03036     1.8212    109.270     19.180  49938.199    31.6140     8.6128     19.000     8.6111    24.5267     5.9872     8.5564     89.973    260.988    267.390    0.00086    6.65452    9.50997  290.07604     8.6109   15.00580 3.0931e+01     0.9791     0.4067 0.0000e+00
        443 199.556371    0.03068     1.8412    110.473     20.190  49938.429    31.6138     8.6134     20.000     8.6115    24.5264     5.9859     8.5545     89.954    260.931    267.331    0.00041    6.65445    9.50986  290.07301     8.6114   15.00565 2.6393e+01     0.9796     0.4046 0.0000e+00
        447 199.556384    0.03099     1.8593    111.556     21.199  49938.503    31.6135     8.6135     21.000     8.6112    24.5261     5.9855     8.5538     89.947    260.911    267.311    0.00017    6.65444    9.50986  290.07297     8.6114   15.00565 2.2555e+01     0.9564     0.4084 0.0000e+00
        451 199.556396    0.03128     1.8767    112.599     22.210  49938.949    31.6133     8.6132     22.000     8.6111    24.5261     5.9864     8.5553     89.961    260.955    267.356    0.00013    6.65448    9.50993  290.07500     8.6111   15.00575 1.9213e+01     0.9454     0.4328 0.0000e+00
        456 199.556409    0.03160     1.8958    113.746     23.219  49940.327    31.6139     8.6142     23.000     8.6130    24.5265     5.9881     8.5576     89.988    261.026    267.429    0.00016    6.65432    9.50969  290.06776     8.6118   15.00540 1.6481e+01     0.9173     0.4203 0.0000e+00
        461 199.556424    0.03194     1.9163    114.978     24.228  49939.034    31.6130     8.6172     24.000     8.6150    24.5253     5.9904     8.5609     90.029    261.130    267.534    0.00028    6.65392    9.50912  290.05046     8.6147   15.00458 1.4039e+01     0.9175     0.4372 0.0000e+00
        465 199.556436    0.03224     1.9346    116.073     25.238  49937.645    31.6115     8.6168     25.000     8.6135    24.5242     5.9917     8.5628     90.047    261.186    267.591    0.00025    6.65403    9.50927  290.05531     8.6144   15.00481 1.2005e+01     0.9041     0.4464 0.0000e+00
        469 199.556448    0.03253     1.9520    117.119     26.247  49939.184    31.6119     8.6154     26.000     8.6125    24.5248     5.9890     8.5589     90.003    261.066    267.468   -0.00014    6.65422    9.50955  290.06381     8.6128   15.00522 1.0255e+01     0.8977     0.4190 0.0000e+00
        474 199.556460    0.03283     1.9699    118.192     27.257  49940.318    31.6123     8.6151     27.000     8.6125    24.5251     5.9897     8.5598     90.012    261.095    267.499   -0.00015    6.65425    9.50958  290.06483     8.6125   15.00527 8.7852e+00     0.9012     0.4285 0.0000e+00
        479 199.556476    0.03321     1.9924    119.545     28.267  49940.845    31.6122     8.6153     28.000     8.6124    24.5251     5.9939     8.5659     90.077    261.280    267.688    0.00019    6.65423    9.50955  290.06393     8.6125   15.00522 7.5238e+00     0.9077     0.4351 0.0000e+00
        484 199.556489    0.03351     2.0108    120.646     29.276  49941.993    31.6126     8.6151     29.000     8.6121    24.5253     5.9983     8.5721     90.142    261.471    267.883    0.00047    6.65424    9.50958  290.06457     8.6122   15.00526 6.4064e+00     0.8872     0.4482 0.0000e+00
        488 199.556501    0.03380     2.0281    121.686     30.285  49942.593    31.6125     8.6151     30.000     8.6119    24.5253     5.9985     8.5725     90.145    261.480    267.893    0.00032    6.65425    9.50960  290.06508     8.6120   15.00528 5.4953e+00     0.9009     0.4377 0.0000e+00
        492 199.556514    0.03412     2.0469    122.811     31.295  49943.136    31.6125     8.6150     31.000     8.6119    24.5253     5.9959     8.5687     90.106    261.367    267.777   -0.00010    6.65426    9.50960  290.06525     8.6119   15.00529 4.6939e+00     0.8863     0.4148 0.0000e+00
        498 199.556530    0.03450     2.0703    124.220     32.304  49943.749    31.6125     8.6152     32.000     8.6120    24.5253     5.9974     8.5709     90.129    261.432    267.844   -0.00000    6.65423    9.50957  290.06425     8.6120   15.00524 4.0142e+00     0.8734     0.4103 0.0000e+00
        503 199.556544    0.03483     2.0898    125.388     33.314  49943.888    31.6121     8.6151     33.000     8.6117    24.5251     5.9968     8.5700     90.120    261.405    267.816   -0.00013    6.65426    9.50960  290.06523     8.6118   15.00529 3.4280e+00     0.8812     0.4247 0.0000e+00
        507 199.556556    0.03511     2.1065    126.392     34.323  49944.470    31.6121     8.6151     34.000     8.6118    24.5250     5.9993     8.5736     90.158    261.517    267.930    0.00003    6.65427    9.50961  290.06575     8.6116   15.00532 2.9426e+00     0.9061     0.4360 0.0000e+00
        511 199.556568    0.03541     2.1241    127.448     35.333  49944.738    31.6118     8.6153     35.000     8.6118    24.5248     6.0044     8.5809     90.234    261.738    268.157    0.00041    6.65425    9.50958  290.06485     8.6118   15.00527 2.5316e+00     0.8924     0.4222 0.0000e+00
        516 199.556584    0.03579     2.1474    128.846     36.343  49945.470    31.6119     8.6153     36.000     8.6117    24.5249     6.0034     8.5795     90.219    261.695    268.113    0.00015    6.65424    9.50956  290.06434     8.6117   15.00525 2.1693e+00     0.8711     0.4057 0.0000e+00
        521 199.556596    0.03609     2.1652    129.913     37.353  49946.111    31.6120     8.6154     37.000     8.6117    24.5250     6.0050     8.5818     90.244    261.765    268.185    0.00010    6.65422    9.50954  290.06369     8.6118   15.00522 1.8514e+00     0.8619     0.4047 0.0000e+00
        525 199.556608    0.03637     2.1819    130.917     38.362  49946.539    31.6118     8.6154     38.000     8.6113    24.5248     6.0115     8.5910     90.340    262.045    268.472    0.00059    6.65424    9.50957  290.06439     8.6115   15.00525 1.5902e+00     0.8800     0.4171 0.0000e+00
        529 199.556621    0.03668     2.2006    132.037     39.372  49947.513    31.6120     8.6150     39.000     8.6110    24.5250     6.0118     8.5914     90.344    262.058    268.485    0.00042    6.65428    9.50964  290.06628     8.6111   15.00534 1.3681e+00     0.8812     0.4353 0.0000e+00
        534 199.556635    0.03701     2.2210    133.259     40.381  49948.122    31.6120     8.6150     40.000     8.6110    24.5250     6.0051     8.5818     90.244    261.766    268.186   -0.00034    6.65428    9.50964  290.06637     8.6110   15.00535 1.1779e+00     0.8990     0.4462 0.0000e+00
        539 199.556648    0.03733     2.2401    134.406     41.392  49948.802    31.6120     8.6152     41.000     8.6110    24.5251     5.9999     8.5745     90.166    261.542    267.956   -0.00081    6.65426    9.50960  290.06522     8.6110   15.00529 1.0137e+00     0.8933     0.4597 0.0000e+00
        543 199.556661    0.03764     2.2581    135.483     42.401  49949.415    31.6120     8.6154     42.000     8.6112    24.5251     6.0040     8.5803     90.228    261.720    268.138   -0.00031    6.65423    9.50956  290.06419     8.6111   15.00524 8.7353e-01     0.9062     0.4359 0.0000e+00
        547 199.556673    0.03794     2.2763    136.581     43.410  49949.829    31.6119     8.6156     43.000     8.6114    24.5250     6.0088     8.5871     90.299    261.927    268.350    0.00016    6.65419    9.50950  290.06242     8.6113   15.00516 7.5094e-01     0.9006     0.4179 0.0000e+00
        553 199.556689    0.03830     2.2979    137.877     44.420  49950.224    31.6118     8.6158     44.000     8.6114    24.5248     6.0080     8.5859     90.288    261.891    268.314    0.00000    6.65417    9.50947  290.06153     8.6114   15.00512 6.4828e-01     0.8867     0.4103 0.0000e+00
        557 199.556702    0.03864     2.3183    139.098     45.430  49950.827    31.6117     8.6160     45.000     8.6114    24.5248     6.0055     8.5824     90.252    261.784    268.203   -0.00027    6.65415    9.50945  290.06073     8.6114   15.00508 5.5864e-01     0.8884     0.4002 0.0000e+00
        562 199.556716    0.03895     2.3369    140.214     46.439  49951.576    31.6118     8.6159     46.000     8.6111    24.5249     6.0038     8.5799     90.225    261.709    268.127   -0.00044    6.65416    9.50946  290.06088     8.6112   15.00509 4.8197e-01     0.8803     0.4002 0.0000e+00
        566 199.556728    0.03925     2.3545    141.273     47.449  49952.414    31.6120     8.6158     47.000     8.6109    24.5250     6.0047     8.5812     90.239    261.748    268.167   -0.00029    6.65417    9.50948  290.06154     8.6110   15.00512 4.1871e-01     0.8855     0.4022 0.0000e+00
        571 199.556743    0.03960     2.3762    142.569     48.459  49953.048    31.6120     8.6158     48.000     8.6110    24.5251     6.0048     8.5815     90.242    261.757    268.176   -0.00024    6.65417    9.50947  290.06133     8.6110   15.00511 3.6412e-01     0.8822     0.4168 0.0000e+00
        576 199.556755    0.03991     2.3944    143.663     49.469  49953.501    31.6119     8.6160     49.000     8.6112    24.5249     6.0060     8.5831     90.260    261.806    268.227   -0.00014    6.65414    9.50943  290.06031     8.6111   15.00506 3.1624e-01     0.8837     0.4209 0.0000e+00
        580 199.556768    0.04021     2.4127    144.763     50.478  49953.926    31.6117     8.6162     50.000     8.6110    24.5248     6.0085     8.5868     90.298    261.918    268.342    0.00005    6.65412    9.50940  290.05934     8.6111   15.00501 2.7685e-01     0.8845     0.4259 0.0000e+00
        585 199.556781    0.04053     2.4313    145.877     51.488  49954.783    31.6119     8.6160     51.000     8.6107    24.5250     6.0096     8.5884     90.314    261.965    268.390    0.00010    6.65414    9.50943  290.06018     8.6108   15.00505 2.4266e-01     0.8821     0.4229 0.0000e+00
        590 199.556796    0.04087     2.4524    147.142     52.498  49955.506    31.6119     8.6159     52.000     8.6107    24.5251     6.0080     8.5861     90.290    261.896    268.319   -0.00014    6.65415    9.50944  290.06051     8.6107   15.00507 2.1456e-01     0.8949     0.4246 0.0000e+00
        594 199.556809    0.04120     2.4719    148.311     53.507  49956.113    31.6119     8.6162     53.000     8.6109    24.5251     6.0104     8.5896     90.327    262.002    268.427    0.00001    6.65411    9.50939  290.05898     8.6108   15.00500 1.8988e-01     0.9002     0.4432 0.0000e+00
