CTD-processing/allCTD/CNV/2018_06-25_t4_s07_cast136_5028.cnv
* Sea-Bird SBE19plus Data File:
* FileName = C:\Users\Kim.Powell\Desktop\Not Processed\2018\2018_06-XX\2018_06-XX_TRANSECT_STATION_cast136.hex
* Software Version 1.59
* Temperature SN =  5028
* Conductivity SN =  5028
* System UpLoad Time = Jul 05 2018 09:53:05
** 2018_06-25
** Station: 4-07
** Start Time: 12:54
** Depth (m): 37
** Comment:
** Comment:
# nquan = 27
# nvalues = 36                          
# units = specified
# name 0 = scan: Scan Count
# name 1 = timeJ: Julian Days
# name 2 = timeH: Time, Elapsed [hours]
# name 3 = timeM: Time, Elapsed [minutes]
# name 4 = timeS: Time, Elapsed [seconds]
# name 5 = prdM: Pressure, Strain Gauge [db]
# name 6 = specc: Specific Conductance [uS/cm]
# name 7 = sal00: Salinity, Practical [PSU]
# name 8 = tv290C: Temperature [ITS-90, deg C]
# name 9 = depSM: Depth [salt water, m], lat = 59.00
# name 10 = potemp090C: Potential Temperature [ITS-90, deg C]
# name 11 = sigma-é00: Density [sigma-theta, kg/m^3]
# name 12 = sbeox0ML/L: Oxygen, SBE 43 [ml/l]
# name 13 = sbeox0Mg/L: Oxygen, SBE 43 [mg/l]
# name 14 = sbeox0PS: Oxygen, SBE 43 [% saturation]
# name 15 = sbox0Mm/Kg: Oxygen, SBE 43 [umol/kg]
# name 16 = sbeox0Mm/L: Oxygen, SBE 43 [umol/l]
# name 17 = sbox0dV/dT: Oxygen, SBE 43 [dov/dt]
# name 18 = oxsolML/L: Oxygen Saturation, Garcia & Gordon [ml/l]
# name 19 = oxsolMg/L: Oxygen Saturation, Garcia & Gordon [mg/l]
# name 20 = oxsolMm/Kg: Oxygen Saturation, Garcia & Gordon [umol/kg]
# name 21 = potemp090C: Potential Temperature [ITS-90, deg C]
# name 22 = n2satMg/L: Nitrogen Saturation [mg/l]
# name 23 = par: PAR/Irradiance, Biospherical/Licor
# name 24 = flECO-AFL: Fluorescence, WET Labs ECO-AFL/FL [mg/m^3]
# name 25 = turbWETntu0: Turbidity, WET Labs ECO [NTU]
# name 26 = flag: flag
# span 0 =        263,        425       
# span 1 = 176.539090, 176.539559       
# span 2 =    0.01818,    0.02943       
# span 3 =     1.0908,     1.7654       
# span 4 =     65.449,    105.924       
# span 5 =      1.009,     36.343       
# span 6 =  45003.114,  50533.087       
# span 7 =    28.3876,    31.7950       
# span 8 =     7.1997,    10.3393       
# span 9 =      1.000,     36.000       
# span 10 =     7.1965,    10.3404      
# span 11 =    21.7406,    24.8688      
# span 12 =     6.6310,     7.6885      
# span 13 =     9.4764,    10.9876      
# span 14 =     96.616,    113.733      
# span 15 =    288.954,    335.170      
# span 16 =    296.141,    343.367      
# span 17 =   -0.03715,    0.04538      
# span 18 =    6.53919,    6.86328      
# span 19 =    9.34514,    9.80831      
# span 20 =  285.82590,  299.07647      
# span 21 =     7.1965,    10.3392      
# span 22 =   14.81584,   15.43475      
# span 23 = 2.6383e-01, 2.4727e+02      
# span 24 =     0.4424,     4.5146      
# span 25 =     0.2123,     1.6833      
# span 26 = 0.0000e+00, 0.0000e+00      
# interval = meters: 1                  
# start_time = Jun 25 2018 12:55:12 [Instrument's time stamp, header]
# bad_flag = -9.990e-29
*END*
        263 176.539090    0.01818     1.0908     65.449      1.009  45003.114    28.3876    10.3393      1.000    10.3404    21.7406     6.8612     9.8054    104.925    299.902    306.423    0.03684    6.53919    9.34514  285.82590    10.3392   14.81584 2.4727e+02     1.1968     1.6507 0.0000e+00
        268 176.539106    0.01853     1.1120     66.720      2.019  45024.732    28.4008    10.3260      2.000    10.3099    21.7530     6.8643     9.8098    104.950    300.034    306.560    0.02403    6.54054    9.34709  285.88192    10.3258   14.81846 1.6460e+02     1.2037     1.6833 0.0000e+00
        272 176.539118    0.01884     1.1301     67.808      3.028  45170.929    28.4950    10.2604      3.000    10.1510    21.8368     6.8690     9.8164    104.934    300.212    306.767    0.01616    6.54604    9.35495  286.09860    10.2601   14.82844 1.0922e+02     1.2794     1.6538 0.0000e+00
        277 176.539132    0.01916     1.1497     68.981      4.037  46158.184    29.1410     9.8899      4.000     9.5756    22.3986     6.8445     9.7815    104.142    298.979    305.674    0.00608    6.57246    9.39271  287.09525     9.8894   14.87343 7.0362e+01     1.5441     1.5698 0.0000e+00
        281 176.539144    0.01945     1.1668     70.007      5.047  47945.027    30.3083     9.2371      5.000     8.9405    23.4105     6.8034     9.7228    102.796    296.891    303.842   -0.00491    6.61836    9.45830  288.81382     9.2366   14.95079 5.0495e+01     2.0922     1.3626 0.0000e+00
        286 176.539158    0.01978     1.1869     71.216      6.057  49148.710    31.0636     8.6036      6.000     8.4360    24.0965     7.0367    10.0561    105.326    306.860    314.257    0.00834    6.67991    9.54626  291.30484     8.6031   15.06673 3.8121e+01     2.6722     0.8392 0.0000e+00
        290 176.539171    0.02010     1.2060     72.360      7.066  49576.404    31.3128     8.2643      7.000     8.1257    24.3415     7.4731    10.6798    111.191    325.815    333.747    0.03964    6.72014    9.60375  292.98927     8.2636   15.14616 2.9544e+01     3.1814     0.5952 0.0000e+00
        295 176.539183    0.02039     1.2230     73.378      8.076  49770.843    31.4039     7.9771      8.000     7.8598    24.4541     7.6885    10.9876    113.733    335.170    343.367    0.04538    6.75990    9.66058  294.69085     7.9763   15.22704 2.2945e+01     3.7776     0.5253 0.0000e+00
        299 176.539196    0.02071     1.2424     74.544      9.085  50031.059    31.5548     7.7835      9.000     7.7732    24.5998     7.6242    10.8958    112.403    332.323    340.498    0.02346    6.78294    9.69351  295.65326     7.7826   15.27238 1.7454e+01     4.3766     0.4153 0.0000e+00
        304 176.539210    0.02103     1.2620     75.720     10.095  50130.073    31.6257     7.7965     10.000     7.8117    24.6538     7.5270    10.7568    111.054    328.068    336.156    0.00801    6.77778    9.68613  295.41266     7.7956   15.26060 1.2931e+01     4.5146     0.3920 0.0000e+00
        309 176.539224    0.02138     1.2829     76.975     11.104  50176.710    31.6645     7.8369     11.000     7.8506    24.6785     7.4246    10.6104    109.670    323.594    331.580   -0.00219    6.76985    9.67479  295.05978     7.8359   15.24360 9.8491e+00     4.2293     0.3792 0.0000e+00
        313 176.539236    0.02167     1.3001     78.005     12.113  50184.049    31.6729     7.8604     12.000     7.8502    24.6818     7.2892    10.4169    107.735    317.692    325.534   -0.01256    6.76586    9.66909  294.88495     7.8593   15.23522 7.8153e+00     3.5681     0.3410 0.0000e+00
        317 176.539249    0.02197     1.3181     79.084     13.122  50204.064    31.6819     7.8325     13.000     7.8146    24.6929     7.0825    10.1217    104.621    308.683    316.305   -0.02616    6.76974    9.67464  295.05112     7.8313   15.24312 6.4708e+00     2.5805     0.3045 0.0000e+00
        323 176.539264    0.02234     1.3407     80.440     14.132  50217.556    31.6824     7.7801     14.000     7.7406    24.7006     6.8517     9.7917    101.090    298.618    305.994   -0.03715    6.77781    9.68617  295.40037     7.7787   15.25979 5.4251e+00     1.7987     0.2714 0.0000e+00
        327 176.539276    0.02262     1.3569     81.415     15.142  50246.200    31.6878     7.6938     15.000     7.6438    24.7169     6.7799     9.6892     99.840    295.489    302.793   -0.03474    6.79089    9.70486  295.96584     7.6924   15.28676 4.6683e+00     1.5352     0.2630 0.0000e+00
        331 176.539288    0.02291     1.3745     82.469     16.152  50313.375    31.7197     7.6054     16.000     7.5777    24.7542     6.7434     9.6369     99.121    293.883    301.158   -0.02904    6.80317    9.72241  296.49022     7.6039   15.31166 4.0409e+00     1.2925     0.2496 0.0000e+00
        336 176.539302    0.02324     1.3947     83.681     17.161  50364.895    31.7473     7.5575     17.000     7.5451    24.7825     6.7150     9.5964     98.613    292.638    299.890   -0.02263    6.80937    9.73128  296.75243     7.5559   15.32406 3.4871e+00     1.1767     0.2510 0.0000e+00
        341 176.539317    0.02360     1.4161     84.966     18.170  50384.023    31.7557     7.5309     18.000     7.5187    24.7929     6.7020     9.5778     98.368    292.068    299.310   -0.01615    6.81315    9.73668  296.91407     7.5291   15.33173 2.9988e+00     1.0704     0.2523 0.0000e+00
        345 176.539329    0.02389     1.4336     86.013     19.180  50401.341    31.7641     7.5115     19.000     7.5035    24.8021     6.6904     9.5613     98.160    291.560    298.792   -0.01284    6.81579    9.74045  297.02619     7.5097   15.33706 2.6205e+00     0.9729     0.2436 0.0000e+00
        350 176.539343    0.02424     1.4539     87.236     20.190  50403.434    31.7625     7.4959     20.000     7.4832    24.8030     6.6806     9.5472     97.980    291.133    298.354   -0.00969    6.81830    9.74403  297.13538     7.4940   15.34227 2.3263e+00     0.7913     0.2283 0.0000e+00
        354 176.539356    0.02453     1.4723     88.335     21.199  50409.966    31.7620     7.4686     21.000     7.4534    24.8064     6.6689     9.5306     97.747    290.624    297.834   -0.00822    6.82258    9.75015  297.32086     7.4666   15.35113 2.0540e+00     0.7038     0.2123 0.0000e+00
        359 176.539369    0.02486     1.4918     89.511     22.209  50417.700    31.7616     7.4368     22.000     7.4170    24.8104     6.6925     9.5642     98.021    291.649    298.885   -0.00451    6.82755    9.75726  297.53659     7.4348   15.36142 1.8150e+00     0.6482     0.2169 0.0000e+00
        364 176.539384    0.02523     1.5134     90.805     23.218  50422.283    31.7553     7.3836     23.000     7.3597    24.8127     6.7527     9.6502     98.777    294.270    301.572    0.00124    6.83617    9.76956  297.91119     7.3814   15.37933 1.5853e+00     0.6350     0.2904 0.0000e+00
        369 176.539397    0.02553     1.5320     91.919     24.228  50451.659    31.7683     7.3422     24.000     7.3306    24.8285     6.7639     9.6663     98.858    294.758    302.077    0.00151    6.84207    9.77801  298.16415     7.3399   15.39134 1.3722e+00     0.6746     0.4147 0.0000e+00
        373 176.539411    0.02585     1.5515     93.088     25.237  50474.690    31.7813     7.3268     25.000     7.3236    24.8408     6.7386     9.6301     98.461    293.650    300.945   -0.00121    6.84389    9.78061  298.23968     7.3246   15.39489 1.1952e+00     0.6522     0.4238 0.0000e+00
        378 176.539424    0.02618     1.5706     94.236     26.247  50485.269    31.7883     7.3280     26.000     7.3284    24.8462     6.7133     9.5940     98.099    292.548    299.816   -0.00297    6.84340    9.77990  298.21648     7.3256   15.39375 1.0516e+00     0.5871     0.3716 0.0000e+00
        382 176.539437    0.02647     1.5883     95.299     27.257  50491.397    31.7934     7.3356     27.000     7.3352    24.8493     6.6990     9.5735     97.910    291.922    299.176   -0.00330    6.84198    9.77787  298.15369     7.3331   15.39074 9.2501e-01     0.5294     0.3352 0.0000e+00
        387 176.539450    0.02681     1.6087     96.520     28.267  50463.339    31.7714     7.3240     28.000     7.2987    24.8335     6.6857     9.5546     97.677    291.350    298.585   -0.00348    6.84479    9.78189  298.28090     7.3214   15.39690 8.1635e-01     0.4630     0.2863 0.0000e+00
        392 176.539465    0.02716     1.6295     97.772     29.276  50482.248    31.7740     7.2648     29.000     7.2421    24.8435     6.6516     9.5058     97.048    289.861    297.062   -0.00583    6.85397    9.79501  298.67811     7.2622   15.41584 7.1872e-01     0.4654     0.3661 0.0000e+00
        396 176.539477    0.02744     1.6465     98.791     30.286  50507.713    31.7849     7.2282     30.000     7.2148    24.8570     6.6386     9.4872     96.783    289.289    296.480   -0.00602    6.85924    9.80254  298.90371     7.2255   15.42656 6.2836e-01     0.4771     0.4696 0.0000e+00
        401 176.539490    0.02775     1.6648     99.890     31.295  50526.364    31.7944     7.2106     31.000     7.2057    24.8669     6.6428     9.4932     96.811    289.469    296.666   -0.00418    6.86158    9.80587  299.00261     7.2078   15.43124 5.4579e-01     0.4659     0.5526 0.0000e+00
        405 176.539502    0.02805     1.6825    100.952     32.305  50527.848    31.7942     7.2065     32.000     7.2018    24.8674     6.6467     9.4988     96.859    289.637    296.840   -0.00272    6.86224    9.80683  299.03154     7.2036   15.43262 4.7095e-01     0.4651     0.5669 0.0000e+00
        409 176.539514    0.02834     1.7007    102.041     33.313  50530.134    31.7949     7.2035     33.000     7.1995    24.8682     6.6449     9.4963     96.827    289.563    296.763   -0.00215    6.86269    9.80747  299.05085     7.2005   15.43354 4.0751e-01     0.4607     0.5757 0.0000e+00
        414 176.539528    0.02868     1.7209    103.256     34.323  50531.068    31.7946     7.2010     34.000     7.1971    24.8684     6.6414     9.4912     96.770    289.408    296.605   -0.00184    6.86309    9.80804  299.06814     7.1979   15.43437 3.5168e-01     0.4628     0.6030 0.0000e+00
        419 176.539542    0.02900     1.7401    104.404     35.333  50532.603    31.7950     7.1998     35.000     7.1965    24.8688     6.6367     9.4845     96.699    289.204    296.396   -0.00174    6.86326    9.80829  299.07557     7.1966   15.43472 3.0425e-01     0.4533     0.6573 0.0000e+00
        425 176.539559    0.02943     1.7654    105.924     36.343  50533.087    31.7949     7.1997     36.000     7.1965    24.8687     6.6310     9.4764     96.616    288.954    296.141   -0.00171    6.86328    9.80831  299.07647     7.1965   15.43475 2.6383e-01     0.4424     0.6694 0.0000e+00
