CTD-processing/allCTD/CNV/2018_03-02_alongbay_skb03_cast003_5028.cnv
* Sea-Bird SBE19plus Data File:
* FileName = C:\Users\Kim.Powell\Desktop\Not Processed\2018\2018_03-02_AlongBay,T9_5028\2018_03-02_TRANSECT_STATION_cast003.hex
* Software Version 1.59
* Temperature SN =  5028
* Conductivity SN =  5028
* System UpLoad Time = Mar 05 2018 11:19:48
** 2018_03-02
** Station: KB03
** Start Time: 11:14
** Depth (m): 109.7
** Comment:**CTD time 1 hour off
** Comment:
# nquan = 27
# nvalues = 105                         
# units = specified
# name 0 = scan: Scan Count
# name 1 = timeJ: Julian Days
# name 2 = timeH: Time, Elapsed [hours]
# name 3 = timeM: Time, Elapsed [minutes]
# name 4 = timeS: Time, Elapsed [seconds]
# name 5 = prdM: Pressure, Strain Gauge [db]
# name 6 = specc: Specific Conductance [uS/cm]
# name 7 = sal00: Salinity, Practical [PSU]
# name 8 = tv290C: Temperature [ITS-90, deg C]
# name 9 = depSM: Depth [salt water, m], lat = 59.00
# name 10 = potemp090C: Potential Temperature [ITS-90, deg C]
# name 11 = sigma-é00: Density [sigma-theta, kg/m^3]
# name 12 = sbeox0ML/L: Oxygen, SBE 43 [ml/l]
# name 13 = sbeox0Mg/L: Oxygen, SBE 43 [mg/l]
# name 14 = sbeox0PS: Oxygen, SBE 43 [% saturation]
# name 15 = sbox0Mm/Kg: Oxygen, SBE 43 [umol/kg]
# name 16 = sbeox0Mm/L: Oxygen, SBE 43 [umol/l]
# name 17 = sbox0dV/dT: Oxygen, SBE 43 [dov/dt]
# name 18 = oxsolML/L: Oxygen Saturation, Garcia & Gordon [ml/l]
# name 19 = oxsolMg/L: Oxygen Saturation, Garcia & Gordon [mg/l]
# name 20 = oxsolMm/Kg: Oxygen Saturation, Garcia & Gordon [umol/kg]
# name 21 = potemp090C: Potential Temperature [ITS-90, deg C]
# name 22 = n2satMg/L: Nitrogen Saturation [mg/l]
# name 23 = par: PAR/Irradiance, Biospherical/Licor
# name 24 = flECO-AFL: Fluorescence, WET Labs ECO-AFL/FL [mg/m^3]
# name 25 = turbWETntu0: Turbidity, WET Labs ECO [NTU]
# name 26 = flag: flag
# span 0 =        353,       1037       
# span 1 =  61.511402,  61.513380       
# span 2 =    0.02447,    0.07195       
# span 3 =     1.4681,     4.3168       
# span 4 =     88.088,    259.005       
# span 5 =      1.009,    106.019       
# span 6 =  49886.991,  51472.000       
# span 7 =    30.6325,    31.7471       
# span 8 =     3.1175,     4.0068       
# span 9 =      1.000,    105.000       
# span 10 =     3.3551,     4.0007      
# span 11 =    24.3702,    25.2047      
# span 12 =     6.8600,     6.9467      
# span 13 =     9.8036,     9.9276      
# span 14 =     90.930,     93.066      
# span 15 =    298.839,    302.948      
# span 16 =    306.369,    310.242      
# span 17 =   -0.00086,    0.00070      
# span 18 =    7.40445,    7.64532      
# span 19 =   10.58170,   10.92594      
# span 20 =  322.55464,  333.42416      
# span 21 =     3.1175,     3.9999      
# span 22 =   16.55324,   17.07290      
# span 23 = 3.7976e-02, 1.1474e+02      
# span 24 =     0.4093,     0.4901      
# span 25 =     0.9289,     2.1835      
# span 26 = 0.0000e+00, 0.0000e+00      
# interval = meters: 1                  
# start_time = Mar 02 2018 12:14:57 [Instrument's time stamp, header]
# bad_flag = -9.990e-29
*END*
[from data line 54]
        775  61.512623    0.05378     3.2266    193.594     55.527  51436.122    31.6618     3.6393     55.000     3.6359    25.1656     6.9292     9.9025     92.690    301.861    309.458   -0.00017    7.47560   10.68338  325.66475     3.6360   16.70144 3.7976e-02     0.4333     0.9289 0.0000e+00
        780  61.512637    0.05412     3.2470    194.821     56.536  51437.717    31.6624     3.6393     56.000     3.6364    25.1661     6.9284     9.9013     92.680    301.825    309.421   -0.00021    7.47559   10.68336  325.66401     3.6359   16.70141 3.7976e-02     0.4256     0.9609 0.0000e+00
        786  61.512652    0.05448     3.2691    196.144     57.546  51438.443    31.6629     3.6413     57.000     3.6386    25.1663     6.9255     9.8973     92.647    301.703    309.296   -0.00038    7.47519   10.68280  325.64673     3.6378   16.70058 3.7976e-02     0.4464     1.0106 0.0000e+00
        790  61.512666    0.05482     3.2895    197.367     58.555  51443.268    31.6666     3.6454     58.000     3.6453    25.1689     6.9268     9.8991     92.676    301.755    309.351   -0.00019    7.47424   10.68144  325.60458     3.6419   16.69856 3.7976e-02     0.4568     0.9828 0.0000e+00
        796  61.512682    0.05520     3.3119    198.713     59.566  51443.295    31.6687     3.6558     59.000     3.6557    25.1696     6.9290     9.9023     92.730    301.852    309.450    0.00009    7.47224   10.67857  325.51684     3.6522   16.69438 3.7976e-02     0.4591     0.9736 0.0000e+00
        801  61.512697    0.05555     3.3329    199.972     60.576  51438.101    31.6664     3.6626     60.000     3.6596    25.1671     6.9271     9.8994     92.718    301.769    309.363   -0.00004    7.47111   10.67697  325.46865     3.6589   16.69210 3.7976e-02     0.4502     0.9735 0.0000e+00
        806  61.512710    0.05588     3.3532    201.190     61.585  51439.404    31.6671     3.6642     61.000     3.6616    25.1676     6.9259     9.8978     92.707    301.718    309.312   -0.00014    7.47078   10.67648  325.45392     3.6604   16.69140 3.7976e-02     0.4595     0.9616 0.0000e+00
        811  61.512726    0.05625     3.3750    202.498     62.595  51438.639    31.6669     3.6673     62.000     3.6639    25.1671     6.9254     9.8970     92.706    301.693    309.286   -0.00018    7.47022   10.67569  325.42974     3.6635   16.69025 3.7976e-02     0.4590     0.9567 0.0000e+00
        816  61.512741    0.05663     3.3977    203.860     63.604  51439.466    31.6670     3.6676     63.000     3.6645    25.1672     6.9282     9.9011     92.745    301.817    309.413    0.00002    7.47016   10.67561  325.42732     3.6637   16.69013 3.7976e-02     0.4401     0.9360 0.0000e+00
        822  61.512756    0.05698     3.4188    205.126     64.614  51441.188    31.6686     3.6716     64.000     3.6691    25.1682     6.9271     9.8995     92.741    301.770    309.364   -0.00005    7.46934   10.67443  325.39117     3.6677   16.68841 3.7976e-02     0.4452     0.9716 0.0000e+00
        827  61.512772    0.05736     3.4417    206.505     65.624  51438.098    31.6664     3.6732     65.000     3.6688    25.1662     6.9257     9.8974     92.723    301.707    309.299   -0.00017    7.46917   10.67419  325.38447     3.6691   16.68810 3.7976e-02     0.4494     0.9873 0.0000e+00
        832  61.512788    0.05774     3.4644    207.867     66.634  51444.524    31.6710     3.6761     66.000     3.6751    25.1696     6.9232     9.8940     92.700    301.598    309.190   -0.00030    7.46841   10.67310  325.35018     3.6720   16.68645 3.7976e-02     0.4634     1.0164 0.0000e+00
        838  61.512803    0.05810     3.4860    209.159     67.643  51440.687    31.6696     3.6832     67.000     3.6800    25.1679     6.9269     9.8992     92.765    301.760    309.355    0.00005    7.46717   10.67134  325.29695     3.6791   16.68393 3.7976e-02     0.4543     0.9918 0.0000e+00
        843  61.512819    0.05848     3.5091    210.544     68.653  51435.648    31.6655     3.6825     68.000     3.6762    25.1647     6.9263     9.8984     92.753    301.736    309.329   -0.00005    7.46750   10.67181  325.31221     3.6783   16.68467 3.7976e-02     0.4553     0.9591 0.0000e+00
        848  61.512834    0.05885     3.5311    211.867     69.663  51443.225    31.6696     3.6800     69.000     3.6772    25.1681     6.9231     9.8939     92.707    301.598    309.189   -0.00033    7.46776   10.67216  325.32221     3.6757   16.68513 3.7976e-02     0.4469     0.9560 0.0000e+00
        854  61.512849    0.05922     3.5528    213.169     70.672  51440.333    31.6678     3.6829     70.000     3.6780    25.1664     6.9219     9.8921     92.696    301.543    309.132   -0.00035    7.46731   10.67153  325.30330     3.6787   16.68424 3.7976e-02     0.4425     0.9783 0.0000e+00
        859  61.512864    0.05958     3.5748    214.487     71.682  51439.259    31.6658     3.6798     71.000     3.6734    25.1651     6.9227     9.8933     92.698    301.579    309.168   -0.00027    7.46799   10.67251  325.33348     3.6754   16.68568 3.7976e-02     0.4651     1.0067 0.0000e+00
        864  61.512880    0.05995     3.5968    215.809     72.692  51445.808    31.6687     3.6755     72.000     3.6726    25.1679     6.9198     9.8890     92.651    301.449    309.036   -0.00049    7.46863   10.67341  325.36029     3.6711   16.68694 3.7976e-02     0.4769     1.0374 0.0000e+00
        870  61.512896    0.06034     3.6204    217.224     73.702  51443.647    31.6681     3.6815     73.000     3.6766    25.1669     6.9217     9.8918     92.691    301.536    309.125   -0.00022    7.46756   10.67188  325.31381     3.6770   16.68474 3.7976e-02     0.4506     1.0019 0.0000e+00
        875  61.512910    0.06068     3.6409    218.457     74.712  51443.099    31.6661     3.6769     74.000     3.6713    25.1657     6.9261     9.8981     92.738    301.728    309.321    0.00004    7.46850   10.67323  325.35534     3.6724   16.68672 3.7976e-02     0.4485     1.0106 0.0000e+00
        881  61.512928    0.06110     3.6660    219.961     75.721  51450.998    31.6711     3.6774     75.000     3.6757    25.1696     6.9272     9.8996     92.756    301.771    309.366    0.00003    7.46816   10.67275  325.33935     3.6728   16.68594 3.7976e-02     0.4532     0.9961 0.0000e+00
        886  61.512942    0.06145     3.6870    221.222     76.732  51447.548    31.6703     3.6856     76.000     3.6816    25.1682     6.9295     9.9030     92.806    301.876    309.473    0.00022    7.46670   10.67066  325.27601     3.6809   16.68293 3.7976e-02     0.4641     1.0326 0.0000e+00
        892  61.512959    0.06184     3.7107    222.642     77.741  51446.225    31.6684     3.6837     77.000     3.6788    25.1669     6.9265     9.8987     92.760    301.745    309.338   -0.00010    7.46715   10.67130  325.29607     3.6789   16.68389 3.7976e-02     0.4536     1.0569 0.0000e+00
        897  61.512975    0.06223     3.7340    224.041     78.752  51451.929    31.6727     3.6876     78.000     3.6854    25.1700     6.9210     9.8908     92.699    301.505    309.094   -0.00046    7.46622   10.66997  325.25462     3.6828   16.68191 3.7976e-02     0.4431     1.0128 0.0000e+00
        902  61.512990    0.06259     3.7556    225.339     79.761  51449.378    31.6718     3.6930     79.000     3.6894    25.1688     6.9216     9.8916     92.717    301.527    309.115   -0.00027    7.46526   10.66861  325.21331     3.6881   16.67994 3.7976e-02     0.4475     0.9908 0.0000e+00
        908  61.513006    0.06298     3.7788    226.728     80.771  51454.715    31.6761     3.6976     80.000     3.6964    25.1717     6.9223     9.8927     92.740    301.561    309.153   -0.00013    7.46420   10.66709  325.16636     3.6926   16.67769 3.7976e-02     0.4441     1.0209 0.0000e+00
        913  61.513020    0.06332     3.7992    227.954     81.780  51457.329    31.6800     3.7083     81.000     3.7077    25.1739     6.9241     9.8952     92.791    301.638    309.232    0.00010    7.46204   10.66400  325.07153     3.7033   16.67317 3.7976e-02     0.4471     1.0212 0.0000e+00
        918  61.513037    0.06371     3.8228    229.365     82.791  51457.892    31.6828     3.7203     82.000     3.7205    25.1751     6.9248     9.8962     92.829    301.666    309.260    0.00022    7.45972   10.66068  324.96997     3.7152   16.66833 3.7976e-02     0.4437     1.0366 0.0000e+00
        923  61.513049    0.06402     3.8410    230.458     83.800  51467.869    31.6932     3.7369     83.000     3.7432    25.1818     6.9191     9.8880     92.796    301.415    309.005   -0.00004    7.45616   10.65559  324.81261     3.7317   16.66081 3.7976e-02     0.4406     1.1303 0.0000e+00
        928  61.513065    0.06440     3.8640    231.837     84.810  51465.248    31.6989     3.7695     84.000     3.7754    25.1833     6.9189     9.8879     92.873    301.409    308.999    0.00029    7.44991   10.64667  324.54011     3.7642   16.64783 3.7976e-02     0.4399     1.0495 0.0000e+00
        933  61.513079    0.06472     3.8834    233.001     85.820  51458.969    31.6999     3.7930     85.000     3.7969    25.1820     6.9193     9.8884     92.932    301.425    309.016    0.00050    7.44558   10.64048  324.35183     3.7877   16.63887 3.7976e-02     0.4372     1.0530 0.0000e+00
        938  61.513093    0.06507     3.9044    234.263     86.830  51466.641    31.7112     3.8197     86.000     3.8295    25.1884     6.9143     9.8812     92.932    301.205    308.792    0.00030    7.44014   10.63271  324.11304     3.8143   16.62748 3.7976e-02     0.4478     1.0569 0.0000e+00
        943  61.513108    0.06543     3.9257    235.545     87.840  51467.199    31.7215     3.8621     87.000     3.8719    25.1926     6.9109     9.8763     92.989    301.056    308.641    0.00046    7.43192   10.62096  323.75349     3.8566   16.61034 3.7976e-02     0.4604     0.9898 0.0000e+00
        948  61.513123    0.06578     3.9467    236.800     88.850  51449.439    31.7163     3.8927     88.000     3.8931    25.1856     6.9117     9.8775     93.066    301.093    308.676    0.00070    7.42663   10.61340  323.52521     3.8871   16.59950 3.7976e-02     0.4510     0.9468 0.0000e+00
        953  61.513138    0.06614     3.9687    238.122     89.860  51450.602    31.7202     3.9073     89.000     3.9082    25.1873     6.9004     9.8613     92.949    300.599    308.170   -0.00011    7.42379   10.60934  323.40094     3.9016   16.59358 3.7976e-02     0.4609     0.9577 0.0000e+00
        958  61.513152    0.06649     3.9893    239.356     90.870  51461.567    31.7323     3.9287     90.000     3.9331    25.1950     6.8934     9.8514     92.912    300.293    307.859   -0.00035    7.41930   10.60292  323.20278     3.9229   16.58411 3.7976e-02     0.4562     0.9707 0.0000e+00
        964  61.513167    0.06685     4.0107    240.645     91.879  51450.439    31.7288     3.9478     91.000     3.9455    25.1904     6.8936     9.8517     92.956    300.304    307.869   -0.00004    7.41602   10.59823  323.06126     3.9419   16.57739 3.7976e-02     0.4404     0.9871 0.0000e+00
        969  61.513182    0.06720     4.0321    241.924     92.889  51450.226    31.7301     3.9557     92.000     3.9524    25.1906     6.8869     9.8420     92.884    300.010    307.567   -0.00044    7.41452   10.59609  322.99590     3.9498   16.57428 3.7976e-02     0.4557     0.9827 0.0000e+00
        974  61.513196    0.06755     4.0529    243.175     93.899  51450.029    31.7308     3.9614     93.000     3.9571    25.1907     6.8858     9.8405     92.883    299.965    307.521   -0.00036    7.41345   10.59456  322.94948     3.9555   16.57207 3.7976e-02     0.4603     0.9969 0.0000e+00
        979  61.513212    0.06792     4.0747    244.483     94.909  51449.766    31.7311     3.9653     94.000     3.9602    25.1905     6.8807     9.8332     92.822    299.741    307.291   -0.00059    7.41273   10.59353  322.91794     3.9593   16.57056 3.7976e-02     0.4575     1.0455 0.0000e+00
        984  61.513226    0.06826     4.0957    245.742     95.919  51451.369    31.7323     3.9677     95.000     3.9627    25.1912     6.8777     9.8288     92.788    299.608    307.156   -0.00066    7.41225   10.59284  322.89677     3.9616   16.56956 3.7976e-02     0.4656     1.1029 0.0000e+00
        989  61.513242    0.06863     4.1176    247.056     96.928  51453.036    31.7337     3.9706     96.000     3.9660    25.1920     6.8781     9.8295     92.801    299.627    307.175   -0.00044    7.41164   10.59198  322.87022     3.9645   16.56829 3.7976e-02     0.4618     1.1035 0.0000e+00
        994  61.513256    0.06899     4.1391    248.346     97.938  51457.870    31.7378     3.9765     97.000     3.9735    25.1948     6.8739     9.8235     92.761    299.444    306.988   -0.00054    7.41037   10.59016  322.81392     3.9703   16.56560 3.7976e-02     0.4551     1.0972 0.0000e+00
       1000  61.513272    0.06936     4.1613    249.680     98.949  51459.600    31.7406     3.9852     98.000     3.9818    25.1962     6.8682     9.8154     92.706    299.197    306.736   -0.00069    7.40866   10.58772  322.73906     3.9789   16.56202 3.7976e-02     0.4624     1.1403 0.0000e+00
       1005  61.513287    0.06971     4.1830    250.981     99.959  51461.412    31.7431     3.9925     99.000     3.9886    25.1975     6.8679     9.8149     92.719    299.183    306.721   -0.00048    7.40723   10.58568  322.67637     3.9861   16.55903 3.7976e-02     0.4901     1.1792 0.0000e+00
       1010  61.513302    0.07008     4.2049    252.297    100.969  51459.931    31.7429     3.9980    100.000     3.9922    25.1968     6.8719     9.8206     92.786    299.357    306.900   -0.00006    7.40623   10.58425  322.63307     3.9915   16.55698 3.7976e-02     0.4863     1.2789 0.0000e+00
       1015  61.513317    0.07044     4.2259    253.555    101.978  51462.220    31.7445     4.0001    101.000     3.9950    25.1978     6.8735     9.8230     92.814    299.428    306.973    0.00006    7.40577   10.58359  322.61271     3.9936   16.55600 3.7976e-02     0.4652     1.4129 0.0000e+00
       1020  61.513331    0.07078     4.2471    254.827    102.988  51461.129    31.7440     4.0031    102.000     3.9967    25.1971     6.8695     9.8171     92.765    299.250    306.790   -0.00023    7.40525   10.58285  322.59029     3.9966   16.55494 3.7976e-02     0.4602     1.3215 0.0000e+00
       1025  61.513346    0.07113     4.2679    256.075    103.998  51461.502    31.7437     4.0032    103.000     3.9966    25.1969     6.8600     9.8036     92.638    298.839    306.369   -0.00086    7.40526   10.58285  322.59038     3.9965   16.55494 3.7976e-02     0.4773     1.3391 0.0000e+00
       1031  61.513361    0.07150     4.2897    257.380    105.008  51463.855    31.7449     4.0037    104.000     3.9977    25.1979     6.8624     9.8070     92.672    298.942    306.475   -0.00051    7.40510   10.58263  322.58337     3.9970   16.55460 3.7976e-02     0.4753     1.4269 0.0000e+00
       1037  61.513380    0.07195     4.3168    259.005    106.019  51466.771    31.7471     4.0068    105.000     4.0007    25.1993     6.8622     9.8070     92.678    298.936    306.468   -0.00030    7.40445   10.58170  322.55464     3.9999   16.55324 3.7976e-02     0.4889     1.4697 0.0000e+00
