CTD-processing/allCTD/CNV/2018_03-02_alongbay_skb10_cast010_5028.cnv
* Sea-Bird SBE19plus Data File:
* FileName = C:\Users\Kim.Powell\Desktop\Not Processed\2018\2018_03-02_AlongBay,T9_5028\2018_03-02_TRANSECT_STATION_cast010.hex
* Software Version 1.59
* Temperature SN =  5028
* Conductivity SN =  5028
* System UpLoad Time = Mar 05 2018 11:29:29
** 2018_03-02
** Station: KB10
** Start Time: 13:14
** Depth (m): 66.8
** Comment:**CTD time 1 hour off
** Comment:
# nquan = 27
# nvalues = 64                          
# units = specified
# name 0 = scan: Scan Count
# name 1 = timeJ: Julian Days
# name 2 = timeH: Time, Elapsed [hours]
# name 3 = timeM: Time, Elapsed [minutes]
# name 4 = timeS: Time, Elapsed [seconds]
# name 5 = prdM: Pressure, Strain Gauge [db]
# name 6 = specc: Specific Conductance [uS/cm]
# name 7 = sal00: Salinity, Practical [PSU]
# name 8 = tv290C: Temperature [ITS-90, deg C]
# name 9 = depSM: Depth [salt water, m], lat = 59.00
# name 10 = potemp090C: Potential Temperature [ITS-90, deg C]
# name 11 = sigma-é00: Density [sigma-theta, kg/m^3]
# name 12 = sbeox0ML/L: Oxygen, SBE 43 [ml/l]
# name 13 = sbeox0Mg/L: Oxygen, SBE 43 [mg/l]
# name 14 = sbeox0PS: Oxygen, SBE 43 [% saturation]
# name 15 = sbox0Mm/Kg: Oxygen, SBE 43 [umol/kg]
# name 16 = sbeox0Mm/L: Oxygen, SBE 43 [umol/l]
# name 17 = sbox0dV/dT: Oxygen, SBE 43 [dov/dt]
# name 18 = oxsolML/L: Oxygen Saturation, Garcia & Gordon [ml/l]
# name 19 = oxsolMg/L: Oxygen Saturation, Garcia & Gordon [mg/l]
# name 20 = oxsolMm/Kg: Oxygen Saturation, Garcia & Gordon [umol/kg]
# name 21 = potemp090C: Potential Temperature [ITS-90, deg C]
# name 22 = n2satMg/L: Nitrogen Saturation [mg/l]
# name 23 = par: PAR/Irradiance, Biospherical/Licor
# name 24 = flECO-AFL: Fluorescence, WET Labs ECO-AFL/FL [mg/m^3]
# name 25 = turbWETntu0: Turbidity, WET Labs ECO [NTU]
# name 26 = flag: flag
# span 0 =        123,        597       
# span 1 =  61.594137,  61.595509       
# span 2 =    0.00844,    0.04140       
# span 3 =     0.5066,     2.4839       
# span 4 =     30.397,    149.032       
# span 5 =      1.009,     64.614       
# span 6 =  48839.028,  51366.730       
# span 7 =    29.7461,    31.4308       
# span 8 =     2.2036,     2.9442       
# span 9 =      1.000,     64.000       
# span 10 =     2.5131,     2.9416      
# span 11 =    23.7309,    25.0419      
# span 12 =     6.7939,     6.9543      
# span 13 =     9.7092,     9.9384      
# span 14 =     86.803,     91.289      
# span 15 =    296.022,    302.990      
# span 16 =    303.417,    310.578      
# span 17 =   -0.00047,    0.00709      
# span 18 =    7.61717,    7.87278      
# span 19 =   10.88570,   11.25098      
# span 20 =  331.87236,  343.59571      
# span 21 =     2.2036,     2.9416      
# span 22 =   16.99736,   17.55904      
# span 23 = 3.7976e-02, 9.0170e+01      
# span 24 =     0.3692,     0.4443      
# span 25 =     1.8466,     2.4915      
# span 26 = 0.0000e+00, 0.0000e+00      
# interval = meters: 1                  
# start_time = Mar 02 2018 14:15:03 [Instrument's time stamp, header]
# bad_flag = -9.990e-29
*END*
        123  61.594137    0.00844     0.5066     30.397      1.009  48839.028    29.7461     2.2036      1.000     2.5131    23.7309     6.8313     9.7626     86.803    298.138    305.086    0.00457    7.87278   11.25098  343.59571     2.2036   17.55904 9.0170e+01     0.4186     2.4258 0.0000e+00
        286  61.594609    0.01979     1.1874     71.242      2.019  51249.014    31.3511     2.8071      2.000     2.8123    24.9886     6.7939     9.7092     88.837    296.022    303.417    0.00709    7.64773   10.92937  333.22343     2.8070   17.06181 5.7118e+01     0.3753     1.8466 0.0000e+00
        294  61.594632    0.02033     1.2198     73.190      3.028  51289.291    31.3778     2.8177      3.000     2.8186    25.0094     6.8012     9.7196     88.975    296.330    303.741    0.00541    7.64392   10.92392  333.04800     2.8175   17.05340 3.9594e+01     0.3973     1.8730 0.0000e+00
        299  61.594646    0.02067     1.2404     74.426      4.037  51307.044    31.3909     2.8239      4.000     2.8312    25.0194     6.8145     9.7386     89.171    296.907    304.336    0.00471    7.64205   10.92125  332.96336     2.8237   17.04933 2.9273e+01     0.4197     1.9044 0.0000e+00
        304  61.594660    0.02102     1.2610     75.660      5.047  51324.390    31.4082     2.8469      5.000     2.8571    25.0313     6.8276     9.7574     89.405    297.478    304.924    0.00446    7.63677   10.91371  332.72965     2.8466   17.03816 2.2519e+01     0.4312     1.9520 0.0000e+00
        308  61.594674    0.02135     1.2811     76.867      6.057  51323.318    31.4131     2.8703      6.000     2.8756    25.0334     6.8328     9.7648     89.528    297.702    305.154    0.00379    7.63206   10.90697  332.52343     2.8700   17.02835 1.7459e+01     0.4360     1.9660 0.0000e+00
        313  61.594688    0.02167     1.3003     78.016      7.066  51319.281    31.4125     2.8800      7.000     2.8816    25.0321     6.8345     9.7673     89.572    297.777    305.231    0.00292    7.63023   10.90437  332.44463     2.8796   17.02461 1.3464e+01     0.4264     1.9629 0.0000e+00
        318  61.594701    0.02199     1.3195     79.171      8.076  51319.403    31.4131     2.8839      8.000     2.8843    25.0323     6.8401     9.7752     89.654    298.020    305.479    0.00247    7.62946   10.90327  332.41095     2.8835   17.02300 1.0413e+01     0.4410     1.9628 0.0000e+00
        322  61.594715    0.02232     1.3395     80.373      9.086  51317.142    31.4112     2.8848      9.000     2.8827    25.0307     6.8495     9.7886     89.778    298.429    305.898    0.00229    7.62940   10.90318  332.40857     2.8843   17.02289 7.8513e+00     0.4443     2.0454 0.0000e+00
        327  61.594728    0.02264     1.3585     81.511     10.095  51319.527    31.4112     2.8807     10.000     2.8791    25.0310     6.8568     9.7990     89.864    298.746    306.224    0.00206    7.63016   10.90426  332.44154     2.8802   17.02447 5.9461e+00     0.4326     2.0225 0.0000e+00
        332  61.594742    0.02299     1.3792     82.750     11.104  51319.105    31.4095     2.8771     11.000     2.8739    25.0300     6.8683     9.8154     90.005    299.246    306.736    0.00209    7.63094   10.90538  332.47605     2.8766   17.02611 4.5138e+00     0.4227     2.0297 0.0000e+00
        337  61.594757    0.02332     1.3995     83.969     12.114  51323.849    31.4107     2.8717     12.000     2.8698    25.0314     6.8635     9.8087     89.932    299.039    306.524    0.00110    7.63192   10.90678  332.51810     2.8710   17.02811 3.3666e+00     0.4201     2.0327 0.0000e+00
        342  61.594771    0.02366     1.4196     85.174     13.123  51325.854    31.4108     2.8688     13.000     2.8672    25.0317     6.8694     9.8171     90.003    299.296    306.788    0.00103    7.63248   10.90757  332.54233     2.8680   17.02925 2.5382e+00     0.4114     1.9897 0.0000e+00
        347  61.594786    0.02404     1.4422     86.533     14.133  51328.605    31.4118     2.8673     14.000     2.8667    25.0325     6.8778     9.8291     90.110    299.662    307.163    0.00116    7.63269   10.90788  332.55138     2.8666   17.02968 1.8653e+00     0.4102     1.9358 0.0000e+00
        351  61.594798    0.02433     1.4597     87.581     15.142  51330.182    31.4126     2.8685     15.000     2.8683    25.0332     6.8875     9.8428     90.239    300.081    307.593    0.00143    7.63243   10.90750  332.53970     2.8677   17.02912 1.4188e+00     0.4051     1.9687 0.0000e+00
        357  61.594815    0.02471     1.4830     88.981     16.151  51331.039    31.4131     2.8701     16.000     2.8700    25.0334     6.8955     9.8543     90.348    300.430    307.951    0.00146    7.63209   10.90702  332.52501     2.8693   17.02842 1.0570e+00     0.4133     1.9664 0.0000e+00
        361  61.594827    0.02503     1.5018     90.107     17.161  51331.104    31.4130     2.8714     17.000     2.8711    25.0332     6.8983     9.8584     90.389    300.556    308.080    0.00120    7.63186   10.90669  332.51502     2.8705   17.02795 7.9490e-01     0.4089     1.9827 0.0000e+00
        367  61.594844    0.02543     1.5256     91.534     18.171  51335.016    31.4160     2.8751     18.000     2.8767    25.0353     6.9003     9.8613     90.425    300.642    308.169    0.00095    7.63100   10.90547  332.47707     2.8741   17.02613 5.9116e-01     0.3943     2.0118 0.0000e+00
        372  61.594857    0.02574     1.5446     92.678     19.181  51330.428    31.4136     2.8796     19.000     2.8784    25.0330     6.9028     9.8647     90.466    300.748    308.277    0.00081    7.63026   10.90441  332.44540     2.8786   17.02464 4.4534e-01     0.4043     1.9834 0.0000e+00
        377  61.594873    0.02613     1.5676     94.059     20.189  51327.577    31.4104     2.8769     20.000     2.8734    25.0308     6.9081     9.8723     90.527    300.981    308.515    0.00080    7.63094   10.90538  332.47582     2.8758   17.02610 3.3461e-01     0.4052     1.9893 0.0000e+00
        382  61.594887    0.02646     1.5873     95.239     21.199  51332.175    31.4118     2.8722     21.000     2.8703    25.0322     6.9097     9.8747     90.539    301.054    308.590    0.00057    7.63176   10.90655  332.51086     2.8711   17.02776 2.5278e-01     0.4015     1.9968 0.0000e+00
        387  61.594903    0.02683     1.6094     96.565     22.209  51334.860    31.4127     2.8709     22.000     2.8698    25.0331     6.9160     9.8837     90.619    301.326    308.869    0.00070    7.63196   10.90683  332.51947     2.8697   17.02816 1.9179e-01     0.3951     1.9987 0.0000e+00
        392  61.594915    0.02714     1.6284     97.703     23.219  51335.213    31.4124     2.8710     23.000     2.8698    25.0329     6.9192     9.8882     90.661    301.464    309.011    0.00068    7.63195   10.90681  332.51886     2.8698   17.02814 1.4732e-01     0.3943     2.0052 0.0000e+00
        397  61.594931    0.02750     1.6499     98.996     24.228  51340.571    31.4160     2.8729     24.000     2.8744    25.0356     6.9234     9.8942     90.722    301.646    309.198    0.00068    7.63141   10.90605  332.49459     2.8716   17.02697 1.1391e-01     0.3880     2.0141 0.0000e+00
        402  61.594944    0.02782     1.6693    100.155     25.238  51337.706    31.4152     2.8790     25.000     2.8790    25.0344     6.9312     9.9053     90.838    301.985    309.546    0.00102    7.63028   10.90444  332.44584     2.8777   17.02466 8.9120e-02     0.3850     1.9843 0.0000e+00
        407  61.594959    0.02818     1.6906    101.434     26.247  51335.506    31.4138     2.8811     26.000     2.8796    25.0331     6.9307     9.9048     90.836    301.969    309.528    0.00069    7.62996   10.90397  332.43210     2.8797   17.02401 7.1961e-02     0.3890     1.9886 0.0000e+00
        411  61.594972    0.02850     1.7104    102.621     27.256  51339.316    31.4159     2.8816     27.000     2.8820    25.0348     6.9270     9.8994     90.789    301.803    309.359    0.00019    7.62974   10.90367  332.42237     2.8802   17.02354 5.8929e-02     0.3928     2.0151 0.0000e+00
        416  61.594987    0.02885     1.7311    103.868     28.266  51339.379    31.4169     2.8870     28.000     2.8873    25.0351     6.9279     9.9006     90.814    301.842    309.399    0.00018    7.62867   10.90214  332.37567     2.8855   17.02132 5.0026e-02     0.3990     2.0199 0.0000e+00
        422  61.595002    0.02920     1.7522    105.131     29.276  51335.557    31.4145     2.8895     29.000     2.8873    25.0330     6.9339     9.9093     90.897    302.108    309.671    0.00048    7.62834   10.90166  332.36171     2.8879   17.02066 4.3756e-02     0.4027     2.0211 0.0000e+00
        427  61.595017    0.02958     1.7747    106.483     30.285  51339.272    31.4161     2.8882     30.000     2.8878    25.0344     6.9353     9.9113     90.913    302.168    309.732    0.00036    7.62850   10.90189  332.36826     2.8865   17.02097 3.9328e-02     0.4016     2.0385 0.0000e+00
        432  61.595033    0.02995     1.7973    107.837     31.295  51348.545    31.4245     2.8984     31.000     2.9039    25.0403     6.9363     9.9127     90.955    302.209    309.777    0.00037    7.62611   10.89847  332.26220     2.8967   17.01589 3.8123e-02     0.4056     2.0563 0.0000e+00
        438  61.595049    0.03035     1.8211    109.265     32.304  51331.624    31.4163     2.9123     32.000     2.9087    25.0326     6.9431     9.9224     91.070    302.507    310.079    0.00075    7.62392   10.89534  332.16921     2.9105   17.01151 3.7989e-02     0.3923     2.0511 0.0000e+00
        444  61.595067    0.03078     1.8470    110.820     33.314  51338.371    31.4186     2.9061     33.000     2.9058    25.0350     6.9428     9.9219     91.053    302.491    310.063    0.00036    7.62497   10.89684  332.21417     2.9043   17.01364 3.7976e-02     0.4007     2.0733 0.0000e+00
        451  61.595086    0.03124     1.8744    112.466     34.323  51340.951    31.4223     2.9151     34.000     2.9165    25.0371     6.9424     9.9215     91.072    302.476    310.049    0.00026    7.62306   10.89411  332.13006     2.9133   17.00963 3.7976e-02     0.3961     2.1124 0.0000e+00
        458  61.595107    0.03174     1.9044    114.263     35.333  51334.988    31.4200     2.9236     35.000     2.9219    25.0346     6.9424     9.9215     91.090    302.477    310.049    0.00020    7.62158   10.89200  332.06651     2.9217   17.00662 3.7976e-02     0.3913     2.0772 0.0000e+00
        465  61.595127    0.03222     1.9335    116.009     36.343  51336.296    31.4203     2.9236     36.000     2.9224    25.0349     6.9419     9.9207     91.083    302.455    310.027    0.00003    7.62156   10.89197  332.06543     2.9216   17.00656 3.7976e-02     0.3898     2.0263 0.0000e+00
        471  61.595146    0.03267     1.9602    117.611     37.353  51338.750    31.4227     2.9283     37.000     2.9281    25.0365     6.9457     9.9262     91.145    302.619    310.196    0.00025    7.62055   10.89053  332.02104     2.9262   17.00445 3.7976e-02     0.3893     1.9888 0.0000e+00
        478  61.595164    0.03310     1.9856    119.138     38.362  51336.849    31.4220     2.9326     38.000     2.9312    25.0356     6.9506     9.9331     91.218    302.833    310.415    0.00046    7.61976   10.88939  331.98694     2.9306   17.00283 3.7976e-02     0.3990     2.0445 0.0000e+00
        483  61.595180    0.03350     2.0098    120.590     39.372  51336.833    31.4219     2.9342     39.000     2.9323    25.0354     6.9470     9.9279     91.174    302.675    310.252    0.00006    7.61947   10.88899  331.97445     2.9320   17.00224 3.7976e-02     0.3933     2.0569 0.0000e+00
        489  61.595196    0.03387     2.0323    121.939     40.382  51338.411    31.4227     2.9350     40.000     2.9334    25.0359     6.9476     9.9289     91.185    302.704    310.282    0.00002    7.61926   10.88869  331.96525     2.9328   17.00180 3.7976e-02     0.3847     2.0861 0.0000e+00
        494  61.595211    0.03425     2.0546    123.278     41.391  51343.672    31.4265     2.9378     41.000     2.9375    25.0386     6.9505     9.9329     91.231    302.826    310.409    0.00019    7.61855   10.88766  331.93304     2.9356   17.00026 3.7976e-02     0.3848     2.1230 0.0000e+00
        499  61.595227    0.03460     2.0763    124.575     42.401  51343.343    31.4268     2.9420     42.000     2.9404    25.0386     6.9478     9.9291     91.206    302.709    310.289   -0.00003    7.61773   10.88649  331.89721     2.9398   16.99855 3.7976e-02     0.3869     2.1296 0.0000e+00
        504  61.595240    0.03494     2.0962    125.772     43.410  51343.218    31.4265     2.9432     43.000     2.9409    25.0383     6.9451     9.9253     91.173    302.593    310.170   -0.00024    7.61753   10.88621  331.88870     2.9408   16.99815 3.7976e-02     0.3921     2.1520 0.0000e+00
        509  61.595256    0.03530     2.1181    127.084     44.421  51344.454    31.4268     2.9434     44.000     2.9410    25.0386     6.9476     9.9288     91.206    302.699    310.278   -0.00009    7.61747   10.88612  331.88618     2.9409   16.99802 3.7976e-02     0.3932     2.1857 0.0000e+00
        514  61.595269    0.03563     2.1376    128.255     45.430  51348.309    31.4290     2.9436     45.000     2.9412    25.0403     6.9502     9.9324     91.241    302.811    310.394    0.00006    7.61732   10.88590  331.87887     2.9411   16.99767 3.7976e-02     0.3753     2.2294 0.0000e+00
        519  61.595284    0.03597     2.1584    129.503     46.439  51350.222    31.4298     2.9439     46.000     2.9414    25.0409     6.9494     9.9313     91.232    302.775    310.357   -0.00005    7.61722   10.88577  331.87443     2.9414   16.99746 3.7976e-02     0.3692     2.2826 0.0000e+00
        524  61.595297    0.03629     2.1772    130.632     47.449  51351.028    31.4299     2.9441     47.000     2.9415    25.0410     6.9473     9.9284     91.205    302.687    310.266   -0.00023    7.61718   10.88572  331.87285     2.9415   16.99738 3.7976e-02     0.3827     2.3231 0.0000e+00
        528  61.595310    0.03660     2.1960    131.757     48.458  51351.326    31.4297     2.9442     48.000     2.9416    25.0407     6.9473     9.9283     91.205    302.684    310.264   -0.00023    7.61717   10.88570  331.87236     2.9416   16.99736 3.7976e-02     0.3937     2.3188 0.0000e+00
        532  61.595322    0.03691     2.2145    132.870     49.468  51352.176    31.4297     2.9442     49.000     2.9413    25.0408     6.9462     9.9268     91.192    302.640    310.218   -0.00028    7.61718   10.88570  331.87277     2.9415   16.99737 3.7976e-02     0.3860     2.3720 0.0000e+00
        537  61.595335    0.03720     2.2324    133.942     50.478  51353.401    31.4300     2.9439     50.000     2.9412    25.0410     6.9455     9.9257     91.181    302.606    310.184   -0.00033    7.61720   10.88574  331.87366     2.9412   16.99742 3.7976e-02     0.3946     2.3495 0.0000e+00
        541  61.595347    0.03750     2.2503    135.018     51.488  51354.226    31.4300     2.9440     51.000     2.9411    25.0410     6.9465     9.9273     91.195    302.654    310.232   -0.00024    7.61719   10.88574  331.87344     2.9412   16.99741 3.7976e-02     0.4054     2.3112 0.0000e+00
        545  61.595360    0.03780     2.2678    136.065     52.498  51354.886    31.4298     2.9437     52.000     2.9405    25.0410     6.9485     9.9301     91.220    302.738    310.319   -0.00012    7.61724   10.88580  331.87571     2.9408   16.99751 3.7976e-02     0.3878     2.2989 0.0000e+00
        550  61.595372    0.03809     2.2855    137.130     53.508  51356.263    31.4301     2.9430     53.000     2.9398    25.0412     6.9506     9.9331     91.247    302.830    310.413   -0.00001    7.61737   10.88598  331.88097     2.9401   16.99776 3.7976e-02     0.3911     2.3459 0.0000e+00
