CTD-processing/allCTD/CNV/2018_09-13_t9_s08_cast023_5028.cnv
* Sea-Bird SBE19plus Data File:
* FileName = C:\Users\Kim.Powell\Desktop\Not Processed\2018\2018_09-13_T3, T4, T9_5028\2018_09-13_TRANSECT_STATION_cast023.hex
* Software Version 1.59
* Temperature SN =  5028
* Conductivity SN =  5028
* System UpLoad Time = Sep 14 2018 16:09:50
** 2018_09-13
** Station: 9-08
** Start Time: 15:18
** Depth (m): 95
** Comment:
** Comment:
# nquan = 27
# nvalues = 92                          
# units = specified
# name 0 = scan: Scan Count
# name 1 = timeJ: Julian Days
# name 2 = timeH: Time, Elapsed [hours]
# name 3 = timeM: Time, Elapsed [minutes]
# name 4 = timeS: Time, Elapsed [seconds]
# name 5 = prdM: Pressure, Strain Gauge [db]
# name 6 = specc: Specific Conductance [uS/cm]
# name 7 = sal00: Salinity, Practical [PSU]
# name 8 = tv290C: Temperature [ITS-90, deg C]
# name 9 = depSM: Depth [salt water, m], lat = 59.00
# name 10 = potemp090C: Potential Temperature [ITS-90, deg C]
# name 11 = sigma-é00: Density [sigma-theta, kg/m^3]
# name 12 = sbeox0ML/L: Oxygen, SBE 43 [ml/l]
# name 13 = sbeox0Mg/L: Oxygen, SBE 43 [mg/l]
# name 14 = sbeox0PS: Oxygen, SBE 43 [% saturation]
# name 15 = sbox0Mm/Kg: Oxygen, SBE 43 [umol/kg]
# name 16 = sbeox0Mm/L: Oxygen, SBE 43 [umol/l]
# name 17 = sbox0dV/dT: Oxygen, SBE 43 [dov/dt]
# name 18 = oxsolML/L: Oxygen Saturation, Garcia & Gordon [ml/l]
# name 19 = oxsolMg/L: Oxygen Saturation, Garcia & Gordon [mg/l]
# name 20 = oxsolMm/Kg: Oxygen Saturation, Garcia & Gordon [umol/kg]
# name 21 = potemp090C: Potential Temperature [ITS-90, deg C]
# name 22 = n2satMg/L: Nitrogen Saturation [mg/l]
# name 23 = par: PAR/Irradiance, Biospherical/Licor
# name 24 = flECO-AFL: Fluorescence, WET Labs ECO-AFL/FL [mg/m^3]
# name 25 = turbWETntu0: Turbidity, WET Labs ECO [NTU]
# name 26 = flag: flag
# span 0 =        328,        727       
# span 1 = 256.639835, 256.640989       
# span 2 =    0.02272,    0.05039       
# span 3 =     1.3630,     3.0235       
# span 4 =     81.782,    181.408       
# span 5 =      1.010,     92.887       
# span 6 =  46804.986,  49049.409       
# span 7 =    29.7345,    31.0968       
# span 8 =     9.5874,    11.1301       
# span 9 =      1.000,     92.000       
# span 10 =     9.5789,    11.0188      
# span 11 =    22.6565,    23.9734      
# span 12 =     5.3414,     5.8177      
# span 13 =     7.6335,     8.3140      
# span 14 =     81.757,     91.286      
# span 15 =    232.960,    254.061      
# span 16 =    238.545,    259.818      
# span 17 =   -0.01426,    0.00150      
# span 18 =    6.37303,    6.53370      
# span 19 =    9.10769,    9.33731      
# span 20 =  278.31370,  284.96338      
# span 21 =     9.5788,    11.1299      
# span 22 =   14.45083,   14.76353      
# span 23 = 5.8618e-02, 5.6906e+02      
# span 24 =     0.3030,     0.8336      
# span 25 =     0.4198,     3.3069      
# span 26 = 0.0000e+00, 0.0000e+00      
# interval = meters: 1                  
# start_time = Sep 13 2018 15:20:00 [Instrument's time stamp, header]
# bad_flag = -9.990e-29
*END*
        328 256.639835    0.02272     1.3630     81.782      1.010  46804.986    29.7345    11.1301      1.000    11.0188    22.6565     5.8177     8.3140     91.286    254.061    259.818    0.00073    6.37303    9.10769  278.31370    11.1299   14.45083 5.6906e+02     0.5723     0.7779 0.0000e+00
        333 256.639849    0.02305     1.3826     82.958      2.019  47310.531    30.0556    10.8118      2.000    10.6427    22.9603     5.7988     8.2871     90.554    253.163    258.975   -0.00366    6.40390    9.15182  279.57892    10.8116   14.51011 3.9854e+02     0.6206     0.7529 0.0000e+00
        337 256.639861    0.02332     1.3996     83.978      3.028  47788.160    30.3570    10.5021      3.000    10.4254    23.2468     5.7407     8.2040     89.217    250.554    256.378   -0.01101    6.43464    9.19574  280.84208    10.5018   14.56935 2.8162e+02     0.6144     0.7195 0.0000e+00
        341 256.639873    0.02361     1.4169     85.014      4.038  47933.603    30.4469    10.3968      4.000    10.3704    23.3343     5.6874     8.1277     88.235    248.204    253.996   -0.01426    6.44567    9.21151  281.29961    10.3963   14.59089 2.1820e+02     0.5854     0.7262 0.0000e+00
        345 256.639885    0.02390     1.4342     86.053      5.047  48004.594    30.4906    10.3462      5.000    10.3290    23.3767     5.6689     8.1013     87.877    247.388    253.172   -0.01235    6.45097    9.21908  281.51908    10.3457   14.60121 1.6734e+02     0.5695     0.6987 0.0000e+00
        349 256.639897    0.02419     1.4512     87.070      6.056  48035.499    30.5091    10.3223      6.000    10.3217    23.3952     5.6653     8.0962     87.785    247.226    253.010   -0.00934    6.45356    9.22278  281.62726    10.3216   14.60631 1.2899e+02     0.5806     0.6779 0.0000e+00
        353 256.639908    0.02446     1.4679     88.071      7.066  48030.686    30.5056    10.3245      7.000    10.3258    23.3920     5.6666     8.0981     87.808    247.285    253.070   -0.00643    6.45339    9.22254  281.62078    10.3238   14.60602 9.9613e+01     0.6499     0.6826 0.0000e+00
        358 256.639921    0.02476     1.4860     89.160      8.076  48023.717    30.5008    10.3287      8.000    10.3292    23.3876     5.6705     8.1037     87.873    247.457    253.245   -0.00406    6.45299    9.22197  281.60459    10.3279   14.60527 7.6981e+01     0.7266     0.6820 0.0000e+00
        362 256.639933    0.02507     1.5040     90.243      9.085  48020.003    30.4980    10.3312      9.000    10.3311    23.3851     5.6748     8.1098     87.944    247.645    253.437   -0.00233    6.45276    9.22164  281.59518    10.3303   14.60482 6.1213e+01     0.7891     0.6978 0.0000e+00
        366 256.639945    0.02535     1.5210     91.257     10.095  48017.837    30.4963    10.3329     10.000    10.3306    23.3834     5.6737     8.1083     87.929    247.598    253.388   -0.00177    6.45259    9.22141  281.58853    10.3318   14.60451 4.8477e+01     0.8336     0.7074 0.0000e+00
        370 256.639957    0.02564     1.5385     92.309     11.104  48029.963    30.5035    10.3257     11.000    10.3130    23.3903     5.6732     8.1075     87.911    247.573    253.364   -0.00142    6.45331    9.22243  281.61765    10.3245   14.60588 3.8568e+01     0.8129     0.6838 0.0000e+00
        375 256.639970    0.02595     1.5570     93.421     12.113  48071.733    30.5292    10.2977     12.000    10.2831    23.4149     5.6725     8.1065     87.861    247.537    253.333   -0.00126    6.45619    9.22655  281.73677    10.2964   14.61148 3.0524e+01     0.7697     0.6837 0.0000e+00
        379 256.639982    0.02624     1.5745     94.471     13.123  48109.463    30.5524    10.2722     13.000    10.2605    23.4372     5.6622     8.0918     87.665    247.080    252.871   -0.00209    6.45882    9.23030  281.84515    10.2708   14.61657 2.4411e+01     0.7198     0.6998 0.0000e+00
        383 256.639995    0.02654     1.5926     95.553     14.132  48141.243    30.5717    10.2509     14.000    10.2415    23.4558     5.6505     8.0751     87.454    246.566    252.349   -0.00284    6.46102    9.23344  281.93614    10.2494   14.62084 1.9666e+01     0.6863     0.6792 0.0000e+00
        387 256.640007    0.02684     1.6100     96.601     15.142  48158.627    30.5821    10.2386     15.000    10.2349    23.4659     5.6470     8.0702     87.384    246.414    252.197   -0.00259    6.46233    9.23531  281.99030    10.2370   14.62339 1.5859e+01     0.6898     0.6831 0.0000e+00
        392 256.640019    0.02712     1.6271     97.626     16.152  48170.647    30.5893    10.2311     16.000    10.2211    23.4727     5.6530     8.0786     87.465    246.670    252.460   -0.00137    6.46310    9.23641  282.02215    10.2293   14.62489 1.2836e+01     0.6761     0.6965 0.0000e+00
        396 256.640031    0.02741     1.6449     98.696     17.161  48193.647    30.6031    10.2150     17.000    10.2087    23.4862     5.6540     8.0802     87.459    246.714    252.508   -0.00095    6.46480    9.23884  282.09242    10.2131   14.62820 1.0442e+01     0.6544     0.6897 0.0000e+00
        400 256.640044    0.02772     1.6634     99.801     18.171  48207.228    30.6112    10.2063     18.000    10.2010    23.4939     5.6539     8.0800     87.445    246.708    252.504   -0.00087    6.46569    9.24012  282.12945    10.2043   14.62994 8.5683e+00     0.6483     0.6859 0.0000e+00
        404 256.640056    0.02802     1.6812    100.870     19.180  48215.562    30.6160    10.2007     19.000    10.1969    23.4986     5.6607     8.0898     87.543    247.005    252.810   -0.00011    6.46628    9.24097  282.15394    10.1986   14.63109 7.0764e+00     0.6375     0.6806 0.0000e+00
        409 256.640069    0.02831     1.6987    101.922     20.190  48220.911    30.6189    10.1972     20.000    10.1933    23.5015     5.6680     8.1001     87.649    247.320    253.131    0.00057    6.46665    9.24150  282.16924    10.1950   14.63181 5.8654e+00     0.6339     0.6282 0.0000e+00
        413 256.640081    0.02861     1.7168    103.011     21.199  48225.622    30.6215    10.1942     21.000    10.1908    23.5040     5.6708     8.1040     87.688    247.440    253.256    0.00056    6.46698    9.24196  282.18274    10.1918   14.63244 4.8727e+00     0.6429     0.6151 0.0000e+00
        418 256.640094    0.02893     1.7355    104.129     22.209  48228.709    30.6230    10.1921     22.000    10.1887    23.5055     5.6765     8.1124     87.775    247.693    253.515    0.00080    6.46720    9.24227  282.19187    10.1897   14.63288 4.0534e+00     0.6405     0.6063 0.0000e+00
        422 256.640107    0.02924     1.7545    105.272     23.218  48231.915    30.6245    10.1900     23.000    10.1865    23.5071     5.6813     8.1192     87.845    247.901    253.728    0.00094    6.46744    9.24261  282.20196    10.1874   14.63335 3.3767e+00     0.6421     0.5959 0.0000e+00
        426 256.640120    0.02953     1.7723    106.336     24.228  48235.383    30.6263    10.1879     24.000    10.1836    23.5088     5.6821     8.1204     87.855    247.936    253.765    0.00064    6.46766    9.24294  282.21143    10.1852   14.63380 2.8141e+00     0.6468     0.5798 0.0000e+00
        431 256.640132    0.02984     1.7907    107.441     25.237  48242.643    30.6305    10.1832     25.000    10.1764    23.5129     5.6842     8.1234     87.881    248.027    253.858    0.00049    6.46815    9.24363  282.23160    10.1804   14.63474 2.3523e+00     0.6339     0.5692 0.0000e+00
        435 256.640146    0.03017     1.8103    108.618     26.247  48259.272    30.6404    10.1723     26.000    10.1639    23.5224     5.6915     8.1337     87.977    248.341    254.182    0.00082    6.46929    9.24525  282.27838    10.1694   14.63694 1.9746e+00     0.6185     0.5395 0.0000e+00
        440 256.640159    0.03049     1.8294    109.762     27.256  48276.132    30.6505    10.1610     27.000    10.1533    23.5321     5.7021     8.1489     88.125    248.800    254.655    0.00134    6.47047    9.24694  282.32724    10.1580   14.63924 1.6683e+00     0.5944     0.5105 0.0000e+00
        444 256.640171    0.03077     1.8464    110.783     28.266  48292.241    30.6601    10.1496     28.000    10.1380    23.5414     5.7092     8.1591     88.219    249.111    254.976    0.00150    6.47167    9.24866  282.37712    10.1465   14.64159 1.4139e+00     0.6006     0.4775 0.0000e+00
        448 256.640183    0.03107     1.8642    111.852     29.276  48317.494    30.6751    10.1304     29.000    10.1172    23.5563     5.7138     8.1657     88.261    249.308    255.180    0.00119    6.47377    9.25167  282.46483    10.1271   14.64572 1.2026e+00     0.6046     0.4518 0.0000e+00
        453 256.640197    0.03139     1.8836    113.017     30.286  48345.315    30.6916    10.1087     30.000    10.0972    23.5728     5.7210     8.1759     88.340    249.618    255.501    0.00117    6.47616    9.25508  282.56440    10.1053   14.65042 1.0276e+00     0.5941     0.4395 0.0000e+00
        457 256.640208    0.03168     1.9005    114.031     31.295  48365.415    30.7033    10.0925     31.000    10.0813    23.5846     5.7271     8.1845     88.409    249.877    255.771    0.00118    6.47796    9.25766  282.63984    10.0891   14.65398 8.8160e-01     0.5798     0.4309 0.0000e+00
        461 256.640220    0.03195     1.9171    115.023     32.305  48384.741    30.7146    10.0771     32.000    10.0659    23.5959     5.7325     8.1923     88.469    250.111    256.013    0.00111    6.47968    9.26011  282.71163    10.0736   14.65737 7.5830e-01     0.5669     0.4198 0.0000e+00
        465 256.640233    0.03225     1.9351    116.106     33.314  48405.448    30.7268    10.0613     33.000    10.0501    23.6080     5.7407     8.2041     88.572    250.468    256.381    0.00131    6.48141    9.26258  282.78374    10.0577   14.66077 6.5351e-01     0.5509     0.4381 0.0000e+00
        470 256.640245    0.03256     1.9534    117.205     34.324  48431.941    30.7427    10.0417     34.000    10.0257    23.6236     5.7453     8.2106     88.613    250.663    256.585    0.00113    6.48352    9.26561  282.87187    10.0380   14.66493 5.6407e-01     0.5406     0.6118 0.0000e+00
        474 256.640257    0.03284     1.9704    118.222     35.334  48463.838    30.7618    10.0186     35.000    10.0056    23.6423     5.7407     8.2041     88.509    250.459    256.380    0.00013    6.48602    9.26918  282.97557    10.0147   14.66981 4.8557e-01     0.5182     0.6897 0.0000e+00
        478 256.640269    0.03312     1.9873    119.238     36.343  48494.610    30.7805     9.9985     36.000     9.9809    23.6602     5.7317     8.1912     88.342    250.062    255.978   -0.00098    6.48810    9.27214  283.06116     9.9945   14.67382 4.1890e-01     0.5011     0.5694 0.0000e+00
        483 256.640282    0.03344     2.0064    120.384     37.352  48546.406    30.8121     9.9628     37.000     9.9395    23.6905     5.7169     8.1699     88.062    249.405    255.314   -0.00232    6.49186    9.27751  283.21689     9.9587   14.68115 3.5685e-01     0.4694     0.6221 0.0000e+00
        487 256.640295    0.03374     2.0245    121.472     38.362  48599.498    30.8441     9.9231     38.000     9.9024    23.7219     5.6795     8.1166     87.429    247.769    253.647   -0.00530    6.49617    9.28368  283.39629     9.9190   14.68960 2.9985e-01     0.4421     0.7518 0.0000e+00
        491 256.640308    0.03406     2.0433    122.601     39.372  48648.271    30.8736     9.8877     39.000     9.8721    23.7506     5.6396     8.0595     86.763    246.020    251.863   -0.00786    6.50000    9.28914  283.55519     9.8835   14.69708 2.5164e-01     0.4185     0.8239 0.0000e+00
        496 256.640321    0.03437     2.0620    123.719     40.382  48679.864    30.8927     9.8660     40.000     9.8539    23.7690     5.6238     8.0370     86.489    245.328    251.159   -0.00716    6.50230    9.29243  283.65053     9.8617   14.70157 2.1214e-01     0.4095     0.8500 0.0000e+00
        500 256.640334    0.03467     2.0805    124.831     41.391  48703.542    30.9068     9.8494     41.000     9.8387    23.7827     5.6154     8.0249     86.336    244.956    250.782   -0.00585    6.50408    9.29498  283.72445     9.8449   14.70504 1.7991e-01     0.4087     0.8895 0.0000e+00
        505 256.640346    0.03498     2.0988    125.927     42.401  48718.615    30.9155     9.8372     42.000     9.8278    23.7914     5.6077     8.0140     86.200    244.619    250.439   -0.00484    6.50546    9.29696  283.78232     9.8326   14.70777 1.5400e-01     0.4065     0.9083 0.0000e+00
        509 256.640359    0.03527     2.1162    126.970     43.410  48729.364    30.9212     9.8260     43.000     9.8140    23.7977     5.6031     8.0074     86.111    244.418    250.235   -0.00406    6.50683    9.29890  283.83994     9.8213   14.71051 1.3452e-01     0.4013     0.8714 0.0000e+00
        513 256.640371    0.03557     2.1340    128.038     44.420  48747.955    30.9317     9.8090     44.000     9.7963    23.8086     5.6067     8.0126     86.140    244.573    250.396   -0.00273    6.50882    9.30175  283.92385     9.8042   14.71448 1.1969e-01     0.3953     0.7996 0.0000e+00
        517 256.640383    0.03586     2.1515    129.093     45.429  48765.604    30.9418     9.7947     45.000     9.7864    23.8189     5.6153     8.0249     86.252    244.947    250.781   -0.00134    6.51043    9.30405  283.99143     9.7899   14.71767 1.0836e-01     0.3803     0.7420 0.0000e+00
        522 256.640395    0.03615     2.1691    130.145     46.439  48773.502    30.9462     9.7886     46.000     9.7813    23.8233     5.6282     8.0433     86.441    245.509    251.358    0.00019    6.51113    9.30505  284.02054     9.7836   14.71905 9.9428e-02     0.3787     0.7143 0.0000e+00
        526 256.640408    0.03646     2.1877    131.263     47.449  48782.565    30.9512     9.7815     47.000     9.7696    23.8284     5.6304     8.0464     86.463    245.603    251.455    0.00031    6.51194    9.30620  284.05433     9.7764   14.72065 9.2202e-02     0.3785     0.6987 0.0000e+00
        531 256.640421    0.03677     2.2063    132.380     48.459  48805.688    30.9645     9.7620     48.000     9.7438    23.8419     5.6226     8.0353     86.315    245.262    251.109   -0.00070    6.51417    9.30939  284.14805     9.7568   14.72507 8.6393e-02     0.3808     0.7428 0.0000e+00
        535 256.640433    0.03706     2.2241    133.447     49.468  48842.746    30.9867     9.7350     49.000     9.7200    23.8636     5.6121     8.0203     86.114    244.797    250.639   -0.00179    6.51710    9.31359  284.27009     9.7297   14.73082 8.1686e-02     0.3645     0.7635 0.0000e+00
        539 256.640446    0.03737     2.2424    134.544     50.478  48866.213    31.0006     9.7183     50.000     9.7091    23.8771     5.5961     7.9974     85.844    244.094    249.922   -0.00283    6.51892    9.31619  284.34582     9.7128   14.73438 7.7826e-02     0.3482     0.7646 0.0000e+00
        544 256.640460    0.03770     2.2620    135.722     51.488  48874.711    31.0053     9.7117     51.000     9.7046    23.8818     5.5717     7.9625     85.460    243.029    248.833   -0.00424    6.51966    9.31725  284.37661     9.7062   14.73584 7.4623e-02     0.3400     0.7816 0.0000e+00
        548 256.640473    0.03801     2.2806    136.837     52.497  48880.180    31.0083     9.7084     52.000     9.7014    23.8847     5.5633     7.9505     85.327    242.662    248.458   -0.00390    6.52001    9.31775  284.39113     9.7028   14.73652 7.2029e-02     0.3454     0.7816 0.0000e+00
        553 256.640485    0.03830     2.2980    137.882     53.507  48884.678    31.0107     9.7054     53.000     9.6979    23.8870     5.5651     7.9532     85.351    242.742    248.541   -0.00259    6.52035    9.31824  284.40546     9.6996   14.73720 6.9884e-02     0.3558     0.7727 0.0000e+00
