CTD-processing/allCTD/CNV/2018_03-27_alongbay_skb02_cast035_5028.cnv
* Sea-Bird SBE19plus Data File:
* FileName = P:\My Documents\kasitsna\Research-KBL\Oceanography-AK\CTD-Data-ALL-to-2017-02\2018-CTD-KachemakBay-CookInlet\2018-03-27-CookInlet-AlongBay\2018-03-27-CookInlet-AlongBay-cast035.hex
* Software Version 1.59
* Temperature SN =  5028
* Conductivity SN =  5028
* System UpLoad Time = Mar 28 2018 11:47:49
** Cook Inlet LTM Along-Bay (T7-22 to KB12)
** Date: 2018_03-27
** Station: (eg. 9-01): KB02
** Start time (AKDT): 14:08
** Depth (m): 125.3
** Comment:  Extended to T7-22 due to calm seas.
** Comment:
# nquan = 27
# nvalues = 121                         
# units = specified
# name 0 = scan: Scan Count
# name 1 = timeJ: Julian Days
# name 2 = timeH: Time, Elapsed [hours]
# name 3 = timeM: Time, Elapsed [minutes]
# name 4 = timeS: Time, Elapsed [seconds]
# name 5 = prdM: Pressure, Strain Gauge [db]
# name 6 = specc: Specific Conductance [uS/cm]
# name 7 = sal00: Salinity, Practical [PSU]
# name 8 = tv290C: Temperature [ITS-90, deg C]
# name 9 = depSM: Depth [salt water, m], lat = 59.00
# name 10 = potemp090C: Potential Temperature [ITS-90, deg C]
# name 11 = sigma-é00: Density [sigma-theta, kg/m^3]
# name 12 = sbeox0ML/L: Oxygen, SBE 43 [ml/l]
# name 13 = sbeox0Mg/L: Oxygen, SBE 43 [mg/l]
# name 14 = sbeox0PS: Oxygen, SBE 43 [% saturation]
# name 15 = sbox0Mm/Kg: Oxygen, SBE 43 [umol/kg]
# name 16 = sbeox0Mm/L: Oxygen, SBE 43 [umol/l]
# name 17 = sbox0dV/dT: Oxygen, SBE 43 [dov/dt]
# name 18 = oxsolML/L: Oxygen Saturation, Garcia & Gordon [ml/l]
# name 19 = oxsolMg/L: Oxygen Saturation, Garcia & Gordon [mg/l]
# name 20 = oxsolMm/Kg: Oxygen Saturation, Garcia & Gordon [umol/kg]
# name 21 = potemp090C: Potential Temperature [ITS-90, deg C]
# name 22 = n2satMg/L: Nitrogen Saturation [mg/l]
# name 23 = par: PAR/Irradiance, Biospherical/Licor
# name 24 = flECO-AFL: Fluorescence, WET Labs ECO-AFL/FL [mg/m^3]
# name 25 = turbWETntu0: Turbidity, WET Labs ECO [NTU]
# name 26 = flag: flag
# span 0 =        270,        902       
# span 1 =  86.590361,  86.592189       
# span 2 =    0.01866,    0.06254       
# span 3 =     1.1195,     3.7524       
# span 4 =     67.171,    225.144       
# span 5 =      1.009,    122.178       
# span 6 =  51262.038,  51495.486       
# span 7 =    31.7188,    31.7671       
# span 8 =     4.0388,     4.2719       
# span 9 =      1.000,    121.000       
# span 10 =     4.0336,     4.2643      
# span 11 =    25.1531,    25.2120      
# span 12 =     6.6120,     6.8792      
# span 13 =     9.4493,     9.8309      
# span 14 =     89.796,     92.996      
# span 15 =    288.049,    299.667      
# span 16 =    295.294,    307.222      
# span 17 =   -0.00071,    0.02155      
# span 18 =    7.35803,    7.39776      
# span 19 =   10.51536,   10.57214      
# span 20 =  320.54658,  322.25962      
# span 21 =     4.0336,     4.2719      
# span 22 =   16.45781,   16.53912      
# span 23 = 3.7976e-02, 1.4621e+02      
# span 24 =     0.4141,     0.6568      
# span 25 =     0.3006,     0.5848      
# span 26 = 0.0000e+00, 0.0000e+00      
# interval = meters: 1                  
# start_time = Mar 27 2018 14:09:00 [Instrument's time stamp, header]
# bad_flag = -9.990e-29
*END*
[from data line 54]
        555  86.591187    0.03849     2.3096    138.577     55.527  51428.672    31.7585     4.0559     55.000     4.0512    25.2033     6.8689     9.8163     92.885    299.222    306.763    0.00005    7.39502   10.56822  322.14238     4.0523   16.53357 2.5757e-01     0.6165     0.4765 0.0000e+00
        561  86.591203    0.03886     2.3316    139.895     56.536  51432.020    31.7594     4.0526     56.000     4.0477    25.2044     6.8734     9.8228     92.940    299.421    306.968    0.00022    7.39557   10.56901  322.16618     4.0490   16.53470 2.2950e-01     0.6334     0.4642 0.0000e+00
        566  86.591218    0.03923     2.3539    141.232     57.546  51434.956    31.7601     4.0492     57.000     4.0437    25.2053     6.8737     9.8231     92.936    299.431    306.977    0.00010    7.39615   10.56983  322.19091     4.0455   16.53587 2.0393e-01     0.6456     0.4681 0.0000e+00
        571  86.591233    0.03958     2.3751    142.503     58.555  51439.108    31.7613     4.0445     58.000     4.0393    25.2067     6.8701     9.8180     92.878    299.275    306.819   -0.00031    7.39693   10.57095  322.22460     4.0407   16.53747 1.8154e-01     0.6226     0.4801 0.0000e+00
        576  86.591248    0.03995     2.3969    143.811     59.565  51443.121    31.7628     4.0415     59.000     4.0372    25.2082     6.8729     9.8220     92.910    299.397    306.944   -0.00012    7.39739   10.57160  322.24397     4.0377   16.53838 1.6203e-01     0.6083     0.4917 0.0000e+00
        581  86.591263    0.04030     2.4181    145.087     60.575  51445.519    31.7637     4.0405     60.000     4.0364    25.2090     6.8719     9.8207     92.895    299.354    306.900   -0.00019    7.39754   10.57182  322.25035     4.0366   16.53869 1.4496e-01     0.5904     0.4972 0.0000e+00
        586  86.591277    0.04066     2.4393    146.358     61.585  51446.565    31.7639     4.0403     61.000     4.0363    25.2091     6.8665     9.8129     92.821    299.116    306.657   -0.00056    7.39756   10.57185  322.25132     4.0363   16.53873 1.3028e-01     0.6033     0.4917 0.0000e+00
        592  86.591293    0.04102     2.4612    147.673     62.594  51447.384    31.7638     4.0401     62.000     4.0360    25.2091     6.8684     9.8157     92.847    299.203    306.745   -0.00035    7.39759   10.57190  322.25268     4.0361   16.53879 1.1725e-01     0.6118     0.4882 0.0000e+00
        597  86.591308    0.04138     2.4829    148.973     63.604  51448.512    31.7641     4.0400     63.000     4.0358    25.2094     6.8726     9.8217     92.903    299.385    306.931    0.00001    7.39761   10.57192  322.25334     4.0359   16.53883 1.0578e-01     0.6293     0.4935 0.0000e+00
        602  86.591322    0.04174     2.5043    150.261     64.614  51449.582    31.7643     4.0398     64.000     4.0356    25.2095     6.8713     9.8197     92.884    299.324    306.870   -0.00015    7.39763   10.57196  322.25446     4.0356   16.53888 9.5750e-02     0.6179     0.5119 0.0000e+00
        607  86.591338    0.04211     2.5267    151.604     65.624  51450.308    31.7642     4.0397     65.000     4.0355    25.2095     6.8710     9.8193     92.880    299.312    306.857   -0.00018    7.39764   10.57197  322.25478     4.0355   16.53889 8.7130e-02     0.6257     0.5144 0.0000e+00
        613  86.591353    0.04248     2.5489    152.936     66.634  51451.146    31.7643     4.0397     66.000     4.0353    25.2095     6.8729     9.8219     92.906    299.393    306.940   -0.00007    7.39764   10.57197  322.25493     4.0354   16.53890 7.9676e-02     0.6159     0.5047 0.0000e+00
        618  86.591368    0.04283     2.5699    154.192     67.644  51452.167    31.7644     4.0392     67.000     4.0348    25.2097     6.8744     9.8242     92.926    299.462    307.011    0.00001    7.39772   10.57208  322.25825     4.0349   16.53906 7.3242e-02     0.6104     0.4980 0.0000e+00
        623  86.591383    0.04318     2.5912    155.474     68.653  51453.187    31.7645     4.0390     68.000     4.0346    25.2098     6.8714     9.8199     92.885    299.329    306.875   -0.00025    7.39775   10.57213  322.25957     4.0346   16.53912 6.7799e-02     0.6252     0.5132 0.0000e+00
        628  86.591398    0.04354     2.6127    156.763     69.663  51453.930    31.7645     4.0391     69.000     4.0346    25.2098     6.8701     9.8181     92.868    299.274    306.819   -0.00033    7.39774   10.57212  322.25913     4.0346   16.53910 6.3002e-02     0.6279     0.5066 0.0000e+00
        633  86.591413    0.04391     2.6347    158.079     70.673  51455.340    31.7649     4.0390     70.000     4.0343    25.2102     6.8705     9.8186     92.873    299.291    306.836   -0.00027    7.39774   10.57211  322.25876     4.0345   16.53908 5.8893e-02     0.5999     0.4980 0.0000e+00
        639  86.591428    0.04428     2.6570    159.421     71.683  51456.677    31.7653     4.0388     71.000     4.0342    25.2105     6.8722     9.8211     92.896    299.366    306.913   -0.00013    7.39776   10.57214  322.25962     4.0342   16.53912 5.5309e-02     0.6035     0.4980 0.0000e+00
        644  86.591445    0.04466     2.6800    160.803     72.692  51457.343    31.7652     4.0390     72.000     4.0343    25.2105     6.8735     9.8230     92.914    299.423    306.972   -0.00006    7.39773   10.57209  322.25834     4.0343   16.53906 5.2207e-02     0.6005     0.5121 0.0000e+00
        649  86.591459    0.04503     2.7018    162.109     73.702  51458.703    31.7656     4.0389     73.000     4.0342    25.2108     6.8770     9.8279     92.961    299.574    307.127    0.00013    7.39771   10.57207  322.25761     4.0342   16.53902 4.9524e-02     0.6171     0.5310 0.0000e+00
        655  86.591475    0.04539     2.7234    163.403     74.712  51459.985    31.7661     4.0392     74.000     4.0346    25.2111     6.8769     9.8278     92.961    299.570    307.123    0.00005    7.39763   10.57196  322.25392     4.0344   16.53885 4.7297e-02     0.6221     0.5322 0.0000e+00
        660  86.591490    0.04576     2.7457    164.743     75.722  51460.557    31.7661     4.0396     75.000     4.0348    25.2111     6.8745     9.8244     92.930    299.467    307.017   -0.00017    7.39757   10.57186  322.25115     4.0348   16.53871 4.5345e-02     0.6429     0.5408 0.0000e+00
        665  86.591505    0.04612     2.7675    166.050     76.731  51461.119    31.7660     4.0397     76.000     4.0348    25.2110     6.8738     9.8234     92.920    299.435    306.984   -0.00025    7.39756   10.57185  322.25065     4.0348   16.53869 4.3653e-02     0.6473     0.5448 0.0000e+00
        670  86.591520    0.04648     2.7885    167.308     77.741  51462.095    31.7662     4.0397     77.000     4.0348    25.2111     6.8723     9.8212     92.899    299.368    306.915   -0.00031    7.39753   10.57182  322.24965     4.0348   16.53865 4.2186e-02     0.6197     0.5286 0.0000e+00
        676  86.591536    0.04686     2.8114    168.687     78.751  51462.677    31.7661     4.0398     78.000     4.0349    25.2111     6.8691     9.8166     92.856    299.228    306.772   -0.00049    7.39753   10.57181  322.24943     4.0348   16.53863 4.0962e-02     0.5930     0.5213 0.0000e+00
        681  86.591551    0.04723     2.8338    170.030     79.760  51463.548    31.7662     4.0401     79.000     4.0351    25.2111     6.8715     9.8201     92.890    299.335    306.881   -0.00023    7.39747   10.57173  322.24683     4.0350   16.53851 3.9896e-02     0.5960     0.5263 0.0000e+00
        686  86.591566    0.04760     2.8558    171.348     80.771  51464.345    31.7663     4.0404     80.000     4.0353    25.2112     6.8693     9.8170     92.862    299.241    306.785   -0.00034    7.39741   10.57164  322.24408     4.0352   16.53838 3.8968e-02     0.6333     0.5456 0.0000e+00
        692  86.591583    0.04798     2.8788    172.729     81.780  51464.762    31.7662     4.0407     81.000     4.0354    25.2111     6.8694     9.8171     92.863    299.244    306.788   -0.00030    7.39737   10.57159  322.24267     4.0354   16.53831 3.8231e-02     0.6293     0.5439 0.0000e+00
        697  86.591598    0.04835     2.9011    174.063     82.791  51465.456    31.7661     4.0406     82.000     4.0352    25.2110     6.8716     9.8202     92.892    299.338    306.885   -0.00011    7.39739   10.57161  322.24339     4.0353   16.53835 3.7989e-02     0.5999     0.5314 0.0000e+00
        702  86.591613    0.04871     2.9228    175.368     83.800  51466.146    31.7661     4.0406     83.000     4.0352    25.2110     6.8731     9.8223     92.912    299.402    306.950   -0.00004    7.39739   10.57162  322.24365     4.0352   16.53836 3.7978e-02     0.5678     0.5293 0.0000e+00
        708  86.591629    0.04909     2.9452    176.713     84.810  51466.893    31.7661     4.0407     84.000     4.0352    25.2110     6.8716     9.8201     92.892    299.337    306.883   -0.00018    7.39738   10.57159  322.24287     4.0352   16.53832 3.7976e-02     0.5692     0.5467 0.0000e+00
        713  86.591645    0.04947     2.9680    178.078     85.820  51467.674    31.7661     4.0408     85.000     4.0353    25.2111     6.8733     9.8225     92.915    299.411    306.959   -0.00009    7.39736   10.57156  322.24186     4.0353   16.53827 3.7976e-02     0.6165     0.5422 0.0000e+00
        719  86.591660    0.04983     2.9902    179.409     86.830  51468.199    31.7660     4.0408     86.000     4.0352    25.2110     6.8745     9.8243     92.932    299.465    307.015   -0.00001    7.39735   10.57156  322.24186     4.0353   16.53827 3.7976e-02     0.6193     0.5345 0.0000e+00
        724  86.591676    0.05023     3.0138    180.826     87.840  51468.961    31.7660     4.0407     87.000     4.0350    25.2109     6.8719     9.8207     92.897    299.353    306.901   -0.00025    7.39737   10.57159  322.24259     4.0351   16.53831 3.7976e-02     0.6112     0.5388 0.0000e+00
        730  86.591692    0.05060     3.0357    182.144     88.850  51469.720    31.7660     4.0407     88.000     4.0349    25.2109     6.8753     9.8255     92.942    299.500    307.050   -0.00001    7.39738   10.57160  322.24299     4.0350   16.53833 3.7976e-02     0.5999     0.5287 0.0000e+00
        735  86.591706    0.05095     3.0572    183.429     89.860  51470.431    31.7659     4.0407     89.000     4.0349    25.2109     6.8755     9.8258     92.945    299.509    307.060   -0.00003    7.39738   10.57160  322.24318     4.0349   16.53833 3.7976e-02     0.5998     0.5309 0.0000e+00
        740  86.591722    0.05132     3.0793    184.759     90.869  51470.948    31.7658     4.0406     90.000     4.0347    25.2108     6.8740     9.8236     92.925    299.445    306.994   -0.00019    7.39741   10.57163  322.24409     4.0348   16.53838 3.7976e-02     0.6082     0.5329 0.0000e+00
        746  86.591738    0.05171     3.1023    186.136     91.879  51472.043    31.7660     4.0406     91.000     4.0346    25.2110     6.8752     9.8253     92.940    299.493    307.044   -0.00012    7.39740   10.57163  322.24396     4.0346   16.53837 3.7976e-02     0.6057     0.5383 0.0000e+00
        751  86.591753    0.05207     3.1243    187.457     92.889  51472.901    31.7661     4.0406     92.000     4.0347    25.2111     6.8750     9.8251     92.939    299.489    307.040   -0.00014    7.39738   10.57159  322.24281     4.0347   16.53832 3.7976e-02     0.6066     0.5354 0.0000e+00
        756  86.591769    0.05245     3.1471    188.826     93.899  51473.512    31.7660     4.0407     93.000     4.0347    25.2110     6.8752     9.8254     92.941    299.496    307.047   -0.00014    7.39737   10.57158  322.24250     4.0347   16.53831 3.7976e-02     0.6225     0.5347 0.0000e+00
        762  86.591784    0.05282     3.1689    190.133     94.909  51474.137    31.7660     4.0409     94.000     4.0348    25.2110     6.8766     9.8273     92.960    299.555    307.107   -0.00009    7.39734   10.57154  322.24131     4.0348   16.53825 3.7976e-02     0.6182     0.5493 0.0000e+00
        767  86.591799    0.05316     3.1899    191.392     95.919  51474.988    31.7661     4.0412     95.000     4.0350    25.2111     6.8781     9.8294     92.981    299.621    307.174    0.00002    7.39730   10.57147  322.23915     4.0350   16.53814 3.7976e-02     0.6105     0.5465 0.0000e+00
        772  86.591813    0.05352     3.2114    192.685     96.929  51475.814    31.7662     4.0414     96.000     4.0351    25.2112     6.8744     9.8242     92.932    299.460    307.010   -0.00030    7.39725   10.57141  322.23718     4.0351   16.53805 3.7976e-02     0.5762     0.5347 0.0000e+00
        777  86.591829    0.05390     3.2342    194.050     97.939  51476.413    31.7662     4.0415     97.000     4.0352    25.2111     6.8709     9.8192     92.884    299.307    306.853   -0.00048    7.39724   10.57139  322.23646     4.0352   16.53802 3.7976e-02     0.5864     0.5222 0.0000e+00
        782  86.591844    0.05427     3.2557    195.340     98.948  51477.118    31.7662     4.0415     98.000     4.0351    25.2111     6.8693     9.8170     92.864    299.242    306.786   -0.00052    7.39723   10.57138  322.23637     4.0352   16.53801 3.7976e-02     0.6030     0.5286 0.0000e+00
        788  86.591860    0.05463     3.2782    196.690     99.959  51477.890    31.7661     4.0415     99.000     4.0350    25.2111     6.8733     9.8226     92.917    299.414    306.962   -0.00017    7.39723   10.57138  322.23623     4.0351   16.53801 3.7976e-02     0.6003     0.5274 0.0000e+00
        793  86.591876    0.05502     3.3010    198.063    100.968  51478.911    31.7663     4.0413    100.000     4.0347    25.2112     6.8779     9.8292     92.980    299.613    307.167    0.00015    7.39725   10.57141  322.23711     4.0348   16.53804 3.7976e-02     0.5954     0.5542 0.0000e+00
        798  86.591890    0.05536     3.3215    199.290    101.978  51479.921    31.7664     4.0412    101.000     4.0346    25.2113     6.8767     9.8274     92.962    299.558    307.111   -0.00004    7.39726   10.57143  322.23766     4.0347   16.53807 3.7976e-02     0.6206     0.5416 0.0000e+00
        803  86.591905    0.05571     3.3425    200.548    102.988  51480.713    31.7665     4.0412    102.000     4.0346    25.2114     6.8751     9.8252     92.941    299.491    307.041   -0.00018    7.39726   10.57142  322.23747     4.0346   16.53806 3.7976e-02     0.6019     0.5375 0.0000e+00
        808  86.591919    0.05606     3.3637    201.821    103.999  51481.428    31.7665     4.0413    103.000     4.0346    25.2114     6.8762     9.8268     92.957    299.540    307.092   -0.00014    7.39724   10.57140  322.23681     4.0346   16.53803 3.7976e-02     0.5671     0.5282 0.0000e+00
        814  86.591935    0.05643     3.3855    203.130    105.008  51482.048    31.7664     4.0414    104.000     4.0346    25.2114     6.8792     9.8309     92.996    299.667    307.222    0.00005    7.39723   10.57139  322.23652     4.0347   16.53802 3.7976e-02     0.5794     0.5388 0.0000e+00
        819  86.591949    0.05678     3.4069    204.413    106.018  51482.751    31.7663     4.0412    105.000     4.0343    25.2113     6.8780     9.8294     92.980    299.617    307.171   -0.00010    7.39727   10.57143  322.23792     4.0344   16.53809 3.7976e-02     0.5832     0.5433 0.0000e+00
        824  86.591965    0.05715     3.4294    205.763    107.028  51483.787    31.7665     4.0411    106.000     4.0342    25.2114     6.8777     9.8289     92.976    299.605    307.159   -0.00016    7.39728   10.57146  322.23854     4.0342   16.53811 3.7976e-02     0.6051     0.5431 0.0000e+00
        829  86.591980    0.05752     3.4511    207.068    108.038  51484.763    31.7667     4.0412    107.000     4.0343    25.2116     6.8788     9.8304     92.991    299.651    307.206   -0.00008    7.39725   10.57141  322.23714     4.0343   16.53805 3.7976e-02     0.5771     0.5566 0.0000e+00
