CTD-processing/allCTD/CNV/2018_12-06_t9_s08_cast042_4141.cnv
* Sea-Bird SBE19plus Data File:
* FileName = C:\Users\Kim.Powell\Desktop\Not Processed\2018\2018_12-06_AlongBay, T9_4141\2018_12-06_TRANSECT_STATION_cast042.hex
* Software Version 1.59
* Temperature SN =  4141
* Conductivity SN =  4141
* System UpLoad Time = Jan 10 2019 10:05:01
** 2018_12-06
** Station: 9-08
** Start Time: 15:35
** Depth (m): 94
** Comment:
** Comment:
# nquan = 27
# nvalues = 92                          
# units = specified
# name 0 = scan: Scan Count
# name 1 = timeJ: Julian Days
# name 2 = timeH: Time, Elapsed [hours]
# name 3 = timeM: Time, Elapsed [minutes]
# name 4 = timeS: Time, Elapsed [seconds]
# name 5 = prdM: Pressure, Strain Gauge [db]
# name 6 = specc: Specific Conductance [uS/cm]
# name 7 = sal00: Salinity, Practical [PSU]
# name 8 = tv290C: Temperature [ITS-90, deg C]
# name 9 = depSM: Depth [salt water, m], lat = 59.00
# name 10 = potemp090C: Potential Temperature [ITS-90, deg C]
# name 11 = sigma-é00: Density [sigma-theta, kg/m^3]
# name 12 = sbeox0ML/L: Oxygen, SBE 43 [ml/l]
# name 13 = sbeox0Mg/L: Oxygen, SBE 43 [mg/l]
# name 14 = sbeox0PS: Oxygen, SBE 43 [% saturation]
# name 15 = sbox0Mm/Kg: Oxygen, SBE 43 [umol/kg]
# name 16 = sbeox0Mm/L: Oxygen, SBE 43 [umol/l]
# name 17 = sbox0dV/dT: Oxygen, SBE 43 [dov/dt]
# name 18 = oxsolML/L: Oxygen Saturation, Garcia & Gordon [ml/l]
# name 19 = oxsolMg/L: Oxygen Saturation, Garcia & Gordon [mg/l]
# name 20 = oxsolMm/Kg: Oxygen Saturation, Garcia & Gordon [umol/kg]
# name 21 = n2satMg/L: Nitrogen Saturation [mg/l]
# name 22 = par: PAR/Irradiance, Biospherical/Licor
# name 23 = wetStar: Fluorescence, WET Labs WETstar [mg/m^3]
# name 24 = CStarAt0: Beam Attenuation, WET Labs C-Star [1/m]
# name 25 = CStarTr0: Beam Transmission, WET Labs C-Star [%]
# name 26 = flag: flag
# span 0 =        313,        733       
# span 1 = 340.649144, 340.650359       
# span 2 =    0.02168,    0.05082       
# span 3 =     1.3004,     3.0497       
# span 4 =     78.022,    182.981       
# span 5 =      1.022,     92.877       
# span 6 =  48650.855,  49498.338       
# span 7 =    30.4426,    31.1710       
# span 8 =     6.8446,     7.9434       
# span 9 =      1.000,     92.000       
# span 10 =     6.8436,     7.9339      
# span 11 =    23.8507,    24.2778      
# span 12 =     5.9686,     6.2164      
# span 13 =     8.5298,     8.8839      
# span 14 =     88.092,     89.786      
# span 15 =    260.240,    271.143      
# span 16 =    266.558,    277.627      
# span 17 =   -0.00311,    0.00469      
# span 18 =    6.77533,    6.98160      
# span 19 =    9.68260,    9.97740      
# span 20 =  295.41416,  304.53479      
# span 21 =   15.26257,   15.70062      
# span 22 = 3.8426e-02, 6.2963e+00      
# span 23 =     0.2435,     0.3793      
# span 24 =     0.3894,     1.4949      
# span 25 =    68.8023,    90.7244      
# span 26 = 0.0000e+00, 0.0000e+00      
# interval = meters: 1                  
# start_time = Dec 06 2018 15:33:28 [Instrument's time stamp, header]
# bad_flag = -9.990e-29
*END*
        313 340.649144    0.02168     1.3004     78.022      1.022  48650.855    30.4426     6.8446      1.000     6.8436    23.8507     6.2070     8.8705     88.905    270.748    277.205    0.00089    6.98160    9.97740  304.53479   15.70062 6.2963e+00     0.3629     0.7089    83.7591 0.0000e+00
        317 340.649156    0.02196     1.3179     79.073      2.019  48733.421    30.5022     6.8619      2.000     6.8845    23.8954     6.1980     8.8576     88.847    270.344    276.804    0.00023    6.97605    9.96948  304.27967   15.68821 4.5875e+00     0.3665     0.7166    83.5975 0.0000e+00
        322 340.649169    0.02226     1.3359     80.153      3.028  48725.920    30.5039     6.9046      3.000     6.9144    23.8913     6.2116     8.8769     89.130    270.935    277.408    0.00164    6.96906    9.95948  303.97584   15.67371 3.5449e+00     0.3642     0.7114    83.7067 0.0000e+00
        326 340.649181    0.02257     1.3539     81.233      4.039  48758.157    30.5298     6.9292      4.000     6.9439    23.9087     6.2164     8.8839     89.266    271.143    277.627    0.00233    6.96392    9.95214  303.74638   15.66267 2.8897e+00     0.3609     0.7102    83.7312 0.0000e+00
        330 340.649193    0.02286     1.3712     82.269      5.046  48752.287    30.5297     6.9548      5.000     6.9623    23.9052     6.1978     8.8573     89.052    270.332    276.795    0.00037    6.95978    9.94622  303.56702   15.65412 2.4138e+00     0.3678     0.7118    83.6984 0.0000e+00
        335 340.649206    0.02316     1.3898     83.388      6.059  48778.331    30.5509     6.9762      6.000     6.9868    23.9192     6.1923     8.8494     89.028    270.087    276.546   -0.00009    6.95537    9.93991  303.37027   15.64465 2.0050e+00     0.3565     0.7139    83.6548 0.0000e+00
        339 340.649218    0.02345     1.4074     84.446      7.065  48753.140    30.5356     6.9917      7.000     6.9899    23.9052     6.1942     8.8522     89.080    270.175    276.633    0.00033    6.95357    9.93734  303.29603   15.64117 1.6791e+00     0.3708     0.7161    83.6084 0.0000e+00
        343 340.649231    0.02377     1.4262     85.575      8.077  48749.208    30.5320     6.9887      8.000     6.9845    23.9027     6.1862     8.8407     88.955    269.826    276.275   -0.00059    6.95424    9.93830  303.32584   15.64261 1.4011e+00     0.3793     0.7135    83.6635 0.0000e+00
        348 340.649244    0.02408     1.4445     86.672      9.084  48750.588    30.5310     6.9804      9.000     6.9785    23.9031     6.1842     8.8379     88.910    269.742    276.190   -0.00079    6.95560    9.94024  303.38523   15.64544 1.1634e+00     0.3457     0.7106    83.7250 0.0000e+00
        352 340.649257    0.02439     1.4635     87.811     10.092  48758.191    30.5359     6.9803     10.000     6.9819    23.9069     6.1819     8.8345     88.879    269.637    276.083   -0.00077    6.95539    9.93996  303.37512   15.64495 9.7207e-01     0.3549     0.7088    83.7608 0.0000e+00
        357 340.649271    0.02473     1.4838     89.025     11.107  48763.871    30.5407     6.9882     11.000     6.9902    23.9096     6.1818     8.8345     88.897    269.633    276.080   -0.00060    6.95391    9.93783  303.30965   15.64180 8.0798e-01     0.3558     0.7081    83.7755 0.0000e+00
        362 340.649284    0.02505     1.5027     90.161     12.113  48766.301    30.5430     6.9952     12.000     6.9967    23.9107     6.1823     8.8351     88.919    269.653    276.101   -0.00031    6.95268    9.93608  303.25573   15.63922 6.7151e-01     0.3466     0.7108    83.7187 0.0000e+00
        367 340.649299    0.02539     1.5230     91.378     13.124  48761.782    30.5402     6.9995     13.000     6.9986    23.9079     6.1801     8.8319     88.895    269.557    276.002   -0.00038    6.95210    9.93525  303.23119   15.63806 5.5650e-01     0.3507     0.7136    83.6604 0.0000e+00
        371 340.649312    0.02570     1.5422     92.533     14.134  48761.370    30.5395     6.9997     14.000     6.9982    23.9073     6.1730     8.8217     88.792    269.246    275.683   -0.00095    6.95210    9.93525  303.23136   15.63808 4.6059e-01     0.3548     0.7200    83.5260 0.0000e+00
        375 340.649324    0.02600     1.5604     93.622     15.143  48765.928    30.5422     6.9995     15.000     6.9990    23.9094     6.1731     8.8220     88.795    269.252    275.690   -0.00086    6.95201    9.93512  303.22682   15.63785 3.7991e-01     0.3418     0.7169    83.5932 0.0000e+00
        380 340.649337    0.02630     1.5782     94.693     16.147  48761.811    30.5390     6.9999     16.000     6.9972    23.9068     6.1868     8.8415     88.991    269.850    276.301    0.00054    6.95211    9.93525  303.23175   15.63810 3.1627e-01     0.3385     0.7193    83.5403 0.0000e+00
        385 340.649352    0.02667     1.6002     96.013     17.172  48762.619    30.5385     6.9968     17.000     6.9947    23.9069     6.1837     8.8371     88.940    269.716    276.164    0.00006    6.95262    9.93599  303.25421   15.63917 2.6094e-01     0.3587     0.7210    83.5072 0.0000e+00
        389 340.649363    0.02694     1.6165     96.990     18.167  48766.923    30.5409     6.9962     18.000     6.9950    23.9089     6.1777     8.8287     88.855    269.457    275.899   -0.00055    6.95261    9.93598  303.25318   15.63911 2.1801e-01     0.3375     0.7312    83.2937 0.0000e+00
        393 340.649376    0.02725     1.6353     98.117     19.180  48873.211    30.6160     7.0071     19.000     7.0511    23.9666     6.1650     8.8103     88.737    268.882    275.326   -0.00130    6.94744    9.92858  303.01035   15.62722 1.8263e-01     0.3379     0.7261    83.3995 0.0000e+00
        398 340.649390    0.02759     1.6555     99.329     20.188  49001.858    30.7293     7.1529     20.000     7.2118    24.0367     6.1871     8.8420     89.422    269.828    276.314    0.00300    6.91892    9.88782  301.74582   15.56645 1.5381e-01     0.3309     0.6857    84.2477 0.0000e+00
        403 340.649405    0.02795     1.6766    100.597     21.202  49002.134    30.7499     7.2782     21.000     7.3115    24.0365     6.1936     8.8511     89.786    270.110    276.603    0.00469    6.89804    9.85798  300.83532   15.52294 1.3182e-01     0.3177     0.6389    85.2366 0.0000e+00
        408 340.649418    0.02826     1.6958    101.745     22.209  49001.683    30.7600     7.3441     22.000     7.3601    24.0357     6.1605     8.8040     89.450    268.671    275.129    0.00137    6.88713    9.84240  300.36002   15.50023 1.1421e-01     0.3033     0.6195    85.6525 0.0000e+00
        412 340.649431    0.02857     1.7142    102.853     23.215  49050.827    30.8005     7.3861     23.000     7.4091    24.0620     6.1388     8.7729     89.244    267.716    274.157   -0.00045    6.87868    9.83032  299.98349   15.48210 1.0026e-01     0.2903     0.6065    85.9317 0.0000e+00
        417 340.649446    0.02892     1.7352    104.109     24.233  49093.512    30.8399     7.4475     24.000     7.4658    24.0847     6.1273     8.7565     89.225    267.208    273.645   -0.00041    6.86721    9.81393  299.47681   15.45777 8.8645e-02     0.2819     0.5683    86.7562 0.0000e+00
        422 340.649458    0.02921     1.7525    105.153     25.236  49100.190    30.8503     7.4855     25.000     7.4914    24.0877     6.1214     8.7481     89.223    266.953    273.383   -0.00030    6.86078    9.80474  299.19541   15.44430 8.0340e-02     0.2871     0.5245    87.7096 0.0000e+00
        426 340.649470    0.02951     1.7705    106.233     26.247  49104.839    30.8552     7.4988     26.000     7.5014    24.0898     6.1138     8.7372     89.142    266.618    273.041   -0.00076    6.85846    9.80143  299.09369   15.43943 7.3297e-02     0.2823     0.4969    88.3193 0.0000e+00
        430 340.649483    0.02982     1.7891    107.347     27.258  49145.339    30.8850     7.5114     27.000     7.5225    24.1116     6.1105     8.7325     89.138    266.470    272.895   -0.00066    6.85514    9.79669  298.94274   15.43210 6.7720e-02     0.2874     0.4806    88.6794 0.0000e+00
        435 340.649495    0.03011     1.8064    108.385     28.265  49192.801    30.9231     7.5458     28.000     7.5573    24.1369     6.1151     8.7390     89.297    266.664    273.099    0.00035    6.84803    9.78653  298.62533   15.41680 6.3114e-02     0.2805     0.4727    88.8538 0.0000e+00
        439 340.649508    0.03042     1.8250    109.500     29.276  49173.736    30.9128     7.5670     29.000     7.5655    24.1259     6.1172     8.7421     89.366    266.759    273.195    0.00078    6.84518    9.78245  298.50402   15.41106 5.9239e-02     0.2766     0.4601    89.1342 0.0000e+00
        444 340.649521    0.03073     1.8441    110.644     30.287  49177.853    30.9154     7.5681     30.000     7.5676    24.1278     6.1044     8.7238     89.182    266.201    272.624   -0.00056    6.84487    9.78201  298.49019   15.41039 5.6101e-02     0.2842     0.4576    89.1916 0.0000e+00
        448 340.649534    0.03103     1.8621    111.724     31.297  49187.934    30.9228     7.5732     31.000     7.5739    24.1330     6.0894     8.7023     88.977    265.544    271.952   -0.00186    6.84376    9.78041  298.43986   15.40796 5.3473e-02     0.2850     0.4587    89.1653 0.0000e+00
        452 340.649546    0.03133     1.8798    112.789     32.300  49191.968    30.9264     7.5807     32.000     7.5794    24.1348     6.0931     8.7076     89.048    265.702    272.115   -0.00102    6.84242    9.77850  298.38118   15.40515 5.1162e-02     0.2819     0.4598    89.1411 0.0000e+00
        457 340.649560    0.03168     1.9005    114.033     33.320  49192.307    30.9266     7.5834     33.000     7.5809    24.1346     6.0967     8.7127     89.106    265.860    272.277   -0.00037    6.84199    9.77789  298.36253   15.40425 4.9207e-02     0.2899     0.4553    89.2415 0.0000e+00
        461 340.649573    0.03196     1.9176    115.054     34.321  49194.633    30.9280     7.5846     34.000     7.5819    24.1355     6.0947     8.7100     89.082    265.777    272.192   -0.00050    6.84174    9.77754  298.35160   15.40373 4.7701e-02     0.2877     0.4595    89.1496 0.0000e+00
        466 340.649585    0.03226     1.9355    116.129     35.332  49197.929    30.9300     7.5856     35.000     7.5834    24.1369     6.0957     8.7115     89.100    265.820    272.237   -0.00038    6.84150    9.77718  298.34023   15.40317 4.6234e-02     0.2847     0.4607    89.1223 0.0000e+00
        470 340.649599    0.03260     1.9560    117.360     36.346  49207.557    30.9368     7.5890     36.000     7.5869    24.1419     6.0986     8.7156     89.154    265.946    272.367    0.00008    6.84066    9.77598  298.30226   15.40133 4.5064e-02     0.2858     0.4481    89.4021 0.0000e+00
        475 340.649611    0.03290     1.9737    118.421     37.350  49204.322    30.9343     7.5903     37.000     7.5867    24.1397     6.0947     8.7101     89.097    265.777    272.193   -0.00036    6.84057    9.77586  298.29897   15.40118 4.4305e-02     0.3011     0.4529    89.2956 0.0000e+00
        479 340.649624    0.03320     1.9922    119.532     38.360  49206.375    30.9353     7.5903     38.000     7.5870    24.1405     6.0929     8.7073     89.071    265.695    272.108   -0.00052    6.84052    9.77579  298.29660   15.40107 4.3290e-02     0.2855     0.4498    89.3645 0.0000e+00
        484 340.649638    0.03354     2.0126    120.754     39.369  49207.226    30.9355     7.5908     39.000     7.5873    24.1406     6.0974     8.7137     89.137    265.889    272.308   -0.00002    6.84043    9.77566  298.29283   15.40089 4.2765e-02     0.2850     0.4480    89.4042 0.0000e+00
        489 340.649653    0.03390     2.0337    122.020     40.384  49209.911    30.9369     7.5910     40.000     7.5881    24.1417     6.0907     8.7044     89.042    265.602    272.014   -0.00065    6.84033    9.77552  298.28789   15.40065 4.2055e-02     0.2893     0.4447    89.4786 0.0000e+00
        494 340.649666    0.03422     2.0532    123.195     41.395  49212.543    30.9388     7.5935     41.000     7.5904    24.1428     6.0966     8.7126     89.133    265.853    272.272   -0.00003    6.83987    9.77485  298.26748   15.39967 4.1491e-02     0.2791     0.4483    89.3960 0.0000e+00
        498 340.649679    0.03451     2.0708    124.250     42.396  49215.418    30.9406     7.5952     42.000     7.5920    24.1441     6.0978     8.7144     89.156    265.908    272.329    0.00015    6.83952    9.77437  298.25223   15.39893 4.1209e-02     0.2884     0.4489    89.3845 0.0000e+00
        503 340.649693    0.03485     2.0910    125.460     43.411  49210.617    30.9368     7.5956     43.000     7.5903    24.1410     6.0968     8.7130     89.140    265.867    272.286   -0.00009    6.83963    9.77452  298.25761   15.39920 4.0712e-02     0.2818     0.4492    89.3771 0.0000e+00
        508 340.649707    0.03518     2.1109    126.654     44.426  49212.695    30.9374     7.5927     44.000     7.5891    24.1419     6.0911     8.7048     89.050    265.615    272.027   -0.00066    6.84005    9.77513  298.27586   15.40007 4.0316e-02     0.2821     0.4467    89.4333 0.0000e+00
        512 340.649718    0.03546     2.1272    127.635     45.423  49214.447    30.9383     7.5939     45.000     7.5903    24.1425     6.0971     8.7135     89.142    265.882    272.301   -0.00010    6.83984    9.77481  298.26617   15.39961 4.0224e-02     0.2780     0.4530    89.2926 0.0000e+00
        516 340.649732    0.03578     2.1470    128.819     46.446  49224.087    30.9452     7.5977     46.000     7.5955    24.1474     6.0960     8.7118     89.137    265.828    272.248   -0.00008    6.83892    9.77350  298.22477   15.39761 3.9835e-02     0.2814     0.4458    89.4517 0.0000e+00
        521 340.649744    0.03608     2.1649    129.892     47.442  49218.189    30.9408     7.5989     47.000     7.5945    24.1438     6.0951     8.7106     89.124    265.792    272.209   -0.00012    6.83893    9.77352  298.22647   15.39770 3.9822e-02     0.2861     0.4512    89.3339 0.0000e+00
        526 340.649760    0.03645     2.1868    131.208     48.467  49236.582    30.9536     7.6016     48.000     7.6034    24.1535     6.0857     8.6971     89.000    265.379    271.789   -0.00106    6.83794    9.77210  298.18032   15.39545 3.9577e-02     0.2882     0.4447    89.4773 0.0000e+00
        530 340.649771    0.03673     2.2040    132.237     49.463  49266.217    30.9766     7.6191     49.000     7.6251    24.1692     6.1005     8.7182     89.264    266.017    272.447    0.00085    6.83419    9.76674  298.01214   15.38733 3.9524e-02     0.2838     0.4514    89.3280 0.0000e+00
        535 340.649785    0.03706     2.2238    133.428     50.479  49310.641    31.0117     7.6481     50.000     7.6580    24.1928     6.0999     8.7173     89.335    265.985    272.419    0.00098    6.82809    9.75802  297.73936   15.37416 3.9286e-02     0.2904     0.4484    89.3960 0.0000e+00
        539 340.649799    0.03739     2.2434    134.607     51.487  49335.928    31.0342     7.6807     51.000     7.6887    24.2060     6.1005     8.7182     89.424    266.008    272.447    0.00129    6.82199    9.74930  297.46944   15.36120 3.9190e-02     0.2788     0.4520    89.3158 0.0000e+00
        544 340.649812    0.03772     2.2628    135.768     52.497  49342.274    31.0424     7.7071     52.000     7.7079    24.2088     6.0905     8.7039     89.335    265.570    272.000    0.00029    6.81752    9.74291  297.27363   15.35182 3.9069e-02     0.2732     0.4526    89.3029 0.0000e+00
        549 340.649825    0.03803     2.2819    136.916     53.508  49340.705    31.0422     7.7153     53.000     7.7116    24.2075     6.0891     8.7020     89.332    265.513    271.940    0.00018    6.81625    9.74111  297.21892   15.34921 3.9017e-02     0.2800     0.4400    89.5829 0.0000e+00
