CTD-processing/allCTD/CNV/2018_09-17_alongbay_skb09_cast047_5028.cnv
* Sea-Bird SBE19plus Data File:
* FileName = C:\Users\Kim.Powell\Desktop\Not Processed\2018\2018_09-17_AlongBay, T6, T7_5028\2018_09-17_TRANSECT_STATION_cast047.hex
* Software Version 1.59
* Temperature SN =  5028
* Conductivity SN =  5028
* System UpLoad Time = Sep 18 2018 16:28:54
** 2018_09-17
** Station: KB09
** Start Time: 16:45
** Depth (m): 68.2
** Comment:
** Comment:
# nquan = 27
# nvalues = 62                          
# units = specified
# name 0 = scan: Scan Count
# name 1 = timeJ: Julian Days
# name 2 = timeH: Time, Elapsed [hours]
# name 3 = timeM: Time, Elapsed [minutes]
# name 4 = timeS: Time, Elapsed [seconds]
# name 5 = prdM: Pressure, Strain Gauge [db]
# name 6 = specc: Specific Conductance [uS/cm]
# name 7 = sal00: Salinity, Practical [PSU]
# name 8 = tv290C: Temperature [ITS-90, deg C]
# name 9 = depSM: Depth [salt water, m], lat = 59.00
# name 10 = potemp090C: Potential Temperature [ITS-90, deg C]
# name 11 = sigma-é00: Density [sigma-theta, kg/m^3]
# name 12 = sbeox0ML/L: Oxygen, SBE 43 [ml/l]
# name 13 = sbeox0Mg/L: Oxygen, SBE 43 [mg/l]
# name 14 = sbeox0PS: Oxygen, SBE 43 [% saturation]
# name 15 = sbox0Mm/Kg: Oxygen, SBE 43 [umol/kg]
# name 16 = sbeox0Mm/L: Oxygen, SBE 43 [umol/l]
# name 17 = sbox0dV/dT: Oxygen, SBE 43 [dov/dt]
# name 18 = oxsolML/L: Oxygen Saturation, Garcia & Gordon [ml/l]
# name 19 = oxsolMg/L: Oxygen Saturation, Garcia & Gordon [mg/l]
# name 20 = oxsolMm/Kg: Oxygen Saturation, Garcia & Gordon [umol/kg]
# name 21 = potemp090C: Potential Temperature [ITS-90, deg C]
# name 22 = n2satMg/L: Nitrogen Saturation [mg/l]
# name 23 = par: PAR/Irradiance, Biospherical/Licor
# name 24 = flECO-AFL: Fluorescence, WET Labs ECO-AFL/FL [mg/m^3]
# name 25 = turbWETntu0: Turbidity, WET Labs ECO [NTU]
# name 26 = flag: flag
# span 0 =        384,        663       
# span 1 = 260.699696, 260.700504       
# span 2 =    0.02660,    0.04599       
# span 3 =     1.5956,     2.7597       
# span 4 =     95.734,    165.582       
# span 5 =      1.010,     62.594       
# span 6 =  45399.053,  49089.689       
# span 7 =    28.7656,    31.1152       
# span 8 =     9.4340,    11.3160       
# span 9 =      1.000,     62.000       
# span 10 =     9.4108,    11.2799      
# span 11 =    21.8722,    24.0117      
# span 12 =     5.1735,     6.2637      
# span 13 =     7.3934,     8.9515      
# span 14 =     79.476,     98.075      
# span 15 =    225.656,    273.749      
# span 16 =    231.048,    279.737      
# span 17 =   -0.03503,    0.00344      
# span 18 =    6.38197,    6.55509      
# span 19 =    9.12048,    9.36788      
# span 20 =  278.75297,  285.88578      
# span 21 =     9.4274,    11.3160      
# span 22 =   14.47279,   14.80757      
# span 23 = 5.4065e-02, 1.2222e+02      
# span 24 =     0.2355,     1.7900      
# span 25 =     0.4640,     3.1552      
# span 26 = 0.0000e+00, 0.0000e+00      
# interval = meters: 1                  
# start_time = Sep 17 2018 16:45:58 [Instrument's time stamp, header]
# bad_flag = -9.990e-29
*END*
        384 260.699696    0.02660     1.5956     95.734      1.010  45399.053    28.7656    11.3160      1.000    11.2799    21.8722     6.2637     8.9515     98.075    273.749    279.737    0.00159    6.38667    9.12720  279.12389    11.3160   14.49355 1.2222e+02     1.7900     3.1552 0.0000e+00
        389 260.699711    0.02696     1.6175     97.049      2.019  46479.876    29.5057    11.1323      2.000    11.0193    22.4783     6.2017     8.8629     97.178    270.883    276.971   -0.00357    6.38197    9.12048  278.75297    11.1321   14.47279 6.5897e+01     1.6755     2.0669 0.0000e+00
        394 260.699725    0.02729     1.6372     98.234      3.028  47283.819    30.0421    10.8610      3.000    10.7528    22.9415     6.0398     8.6315     94.411    263.689    269.736   -0.01878    6.39760    9.14281  279.30914    10.8607   14.49725 4.4611e+01     1.4394     1.0972 0.0000e+00
        399 260.699739    0.02761     1.6566     99.399      4.038  47764.506    30.3551    10.6343      4.000    10.5731    23.2232     5.8588     8.3729     91.315    255.718    261.656   -0.03204    6.41627    9.16949  280.04677    10.6338   14.53130 3.3957e+01     1.1034     0.7505 0.0000e+00
        403 260.699752    0.02793     1.6758    100.549      5.047  47975.509    30.4901    10.5175      5.000    10.4827    23.3479     5.7295     8.1880     89.148    250.041    255.879   -0.03503    6.42700    9.18482  280.48102    10.5170   14.55154 2.8019e+01     0.8899     0.5999 0.0000e+00
        408 260.699766    0.02826     1.6954    101.725      6.056  48087.172    30.5589    10.4365      6.000    10.3891    23.4150     5.6688     8.1012     88.086    247.374    253.166   -0.02998    6.43550    9.19697  280.83362    10.4358   14.56814 2.4015e+01     0.7687     0.5275 0.0000e+00
        413 260.699779    0.02858     1.7149    102.893      7.067  48244.734    30.6548    10.3121      7.000    10.2578    23.5103     5.6378     8.0570     87.422    246.000    251.784   -0.02359    6.44901    9.21627  281.39672    10.3113   14.59470 2.0661e+01     0.7039     0.4930 0.0000e+00
        417 260.699793    0.02891     1.7344    104.064      8.076  48414.676    30.7623    10.2133      8.000    10.1870    23.6104     5.6006     8.0039     86.718    244.356    250.125   -0.02000    6.45846    9.22978  281.78164    10.2124   14.61268 1.7827e+01     0.6460     0.4640 0.0000e+00
        422 260.699806    0.02924     1.7542    105.252      9.086  48512.959    30.8224    10.1413      9.000    10.0971    23.6690     5.5628     7.9499     86.031    242.693    248.437   -0.01706    6.46614    9.24077  282.10089    10.1403   14.62771 1.5168e+01     0.6110     0.5506 0.0000e+00
        427 260.699820    0.02956     1.7737    106.423     10.095  48578.887    30.8555    10.0360     10.000     9.9889    23.7120     5.4798     7.8312     84.571    239.060    244.728   -0.01989    6.47967    9.26010  282.67913    10.0349   14.65524 1.2669e+01     0.5046     0.6628 0.0000e+00
        431 260.699833    0.02988     1.7929    107.572     11.104  48634.176    30.8821     9.9404     11.000     9.9124    23.7483     5.4113     7.7333     83.352    236.062    241.668   -0.02126    6.49214    9.27793  283.21342     9.9392   14.68069 1.0579e+01     0.3751     0.6849 0.0000e+00
        436 260.699846    0.03020     1.8117    108.704     12.113  48671.109    30.9015     9.8915     12.000     9.8781    23.7713     5.4249     7.7527     83.481    236.648    242.274   -0.01413    6.49829    9.28671  283.47495     9.8902   14.69313 8.8691e+00     0.3181     0.6636 0.0000e+00
        440 260.699858    0.03050     1.8297    109.783     13.123  48691.000    30.9122     9.8685     13.000     9.8598    23.7834     5.4759     7.8257     84.231    238.876    244.557   -0.00515    6.50114    9.29077  283.59576     9.8670   14.69886 7.4691e+00     0.3024     0.6587 0.0000e+00
        444 260.699871    0.03079     1.8479    110.873     14.132  48704.418    30.9197     9.8565     14.000     9.8531    23.7912     5.4984     7.8578     84.558    239.854    245.560   -0.00131    6.50252    9.29275  283.65411     9.8550   14.70162 6.2822e+00     0.2913     0.6695 0.0000e+00
        449 260.699884    0.03110     1.8662    111.970     15.142  48707.809    30.9213     9.8536     15.000     9.8511    23.7930     5.4960     7.8543     84.516    239.746    245.450   -0.00112    6.50287    9.29326  283.66898     9.8520   14.70233 5.2866e+00     0.2969     0.6789 0.0000e+00
        453 260.699897    0.03141     1.8847    113.084     16.152  48710.198    30.9223     9.8518     16.000     9.8492    23.7940     5.4869     7.8414     84.375    239.352    245.046   -0.00168    6.50308    9.29356  283.67786     9.8501   14.70275 4.4440e+00     0.2836     0.6849 0.0000e+00
        458 260.699910    0.03173     1.9035    114.213     17.161  48714.862    30.9250     9.8499     17.000     9.8475    23.7964     5.4758     7.8255     84.202    238.867    244.550   -0.00221    6.50324    9.29378  283.68411     9.8481   14.70304 3.7351e+00     0.2842     0.6783 0.0000e+00
        462 260.699923    0.03204     1.9225    115.349     18.171  48722.540    30.9299     9.8494     18.000     9.8481    23.8003     5.4651     7.8101     84.038    238.397    244.071   -0.00259    6.50312    9.29360  283.67771     9.8474   14.70271 3.1198e+00     0.2717     0.7026 0.0000e+00
        467 260.699936    0.03235     1.9410    116.460     19.180  48732.346    30.9367     9.8517     19.000     9.8513    23.8052     5.4562     7.7975     83.909    238.009    243.675   -0.00255    6.50250    9.29272  283.64937     9.8497   14.70133 2.5973e+00     0.2707     0.7443 0.0000e+00
        471 260.699949    0.03266     1.9593    117.559     20.190  48745.482    30.9460     9.8558     20.000     9.8550    23.8119     5.4401     7.7743     83.673    237.301    242.952   -0.00318    6.50152    9.29133  283.60480     9.8537   14.69916 2.1586e+00     0.2887     0.7417 0.0000e+00
        476 260.699961    0.03296     1.9774    118.646     21.199  48751.452    30.9500     9.8573     21.000     9.8530    23.8148     5.4166     7.7408     83.317    236.276    241.903   -0.00434    6.50115    9.29079  283.58771     9.8550   14.69832 1.7922e+00     0.2699     0.7523 0.0000e+00
        480 260.699974    0.03326     1.9958    119.747     22.208  48756.756    30.9525     9.8513     22.000     9.8454    23.8177     5.3889     7.7013     82.882    235.070    240.668   -0.00566    6.50191    9.29187  283.61988     9.8489   14.69985 1.4896e+00     0.2538     0.7728 0.0000e+00
        484 260.699987    0.03357     2.0141    120.848     23.218  48764.427    30.9567     9.8445     23.000     9.8398    23.8221     5.3717     7.6767     82.607    234.317    239.900   -0.00571    6.50270    9.29300  283.65321     9.8420   14.70143 1.2364e+00     0.2560     0.7657 0.0000e+00
        489 260.700000    0.03389     2.0331    121.983     24.228  48773.872    30.9623     9.8399     24.000     9.8353    23.8272     5.3665     7.6693     82.522    234.090    239.668   -0.00444    6.50312    9.29361  283.67033     9.8373   14.70222 1.0271e+00     0.2739     0.7828 0.0000e+00
        493 260.700013    0.03420     2.0521    123.124     25.237  48781.877    30.9669     9.8350     25.000     9.8296    23.8317     5.3599     7.6598     82.413    233.799    239.371   -0.00365    6.50362    9.29433  283.69109     9.8323   14.70320 8.5011e-01     0.2826     0.8082 0.0000e+00
        498 260.700026    0.03452     2.0711    124.263     26.247  48790.431    30.9717     9.8290     26.000     9.8237    23.8364     5.3521     7.6487     82.285    233.459    239.024   -0.00328    6.50429    9.29527  283.71867     9.8261   14.70450 7.0357e-01     0.2684     0.8298 0.0000e+00
        503 260.700039    0.03483     2.0897    125.381     27.257  48799.059    30.9768     9.8242     27.000     9.8197    23.8411     5.3383     7.6290     82.067    232.857    238.409   -0.00354    6.50477    9.29596  283.73822     9.8212   14.70542 5.8026e-01     0.2611     0.8526 0.0000e+00
        507 260.700052    0.03514     2.1080    126.482     28.266  48805.446    30.9805     9.8212     28.000     9.8170    23.8445     5.3281     7.6144     81.908    232.413    237.955   -0.00352    6.50503    9.29634  283.74889     9.8182   14.70591 4.7947e-01     0.2737     0.8672 0.0000e+00
        511 260.700065    0.03544     2.1262    127.575     29.276  48811.379    30.9838     9.8185     29.000     9.8134    23.8476     5.3206     7.6037     81.790    232.085    237.619   -0.00316    6.50528    9.29669  283.75874     9.8154   14.70637 3.9614e-01     0.2720     0.8794 0.0000e+00
        516 260.700077    0.03574     2.1448    128.686     30.286  48817.950    30.9874     9.8134     30.000     9.8069    23.8512     5.3107     7.5895     81.630    231.651    237.176   -0.00315    6.50585    9.29751  283.78284     9.8101   14.70751 3.2782e-01     0.2573     0.8993 0.0000e+00
        520 260.700090    0.03605     2.1632    129.792     31.295  48828.092    30.9932     9.8066     31.000     9.8008    23.8568     5.3037     7.5796     81.514    231.345    236.865   -0.00295    6.50658    9.29856  283.81313     9.8032   14.70893 2.7272e-01     0.2517     0.8947 0.0000e+00
        525 260.700103    0.03636     2.1817    130.903     32.305  48839.822    31.0005     9.8023     32.000     9.7984    23.8633     5.2961     7.5687     81.392    231.012    236.525   -0.00277    6.50690    9.29900  283.82494     9.7988   14.70947 2.2757e-01     0.2740     0.8956 0.0000e+00
        529 260.700116    0.03667     2.2001    132.008     33.314  48858.442    31.0135     9.8048     33.000     9.8055    23.8730     5.2888     7.5583     81.292    230.692    236.199   -0.00257    6.50600    9.29771  283.78296     9.8012   14.70741 1.9152e-01     0.2659     0.8992 0.0000e+00
        533 260.700128    0.03697     2.2187    133.120     34.323  48870.602    31.0231     9.8162     34.000     9.8170    23.8787     5.2751     7.5387     81.106    230.092    235.587   -0.00281    6.50396    9.29481  283.69263     9.8125   14.70305 1.6256e-01     0.2528     0.9395 0.0000e+00
        538 260.700142    0.03729     2.2373    134.241     35.333  48865.345    31.0195     9.8200     35.000     9.8125    23.8752     5.2460     7.4971     80.664    228.824    234.288   -0.00450    6.50357    9.29425  283.67659     9.8162   14.70230 1.3942e-01     0.2508     1.0002 0.0000e+00
        542 260.700154    0.03760     2.2561    135.368     36.343  48871.660    31.0223     9.8107     36.000     9.8030    23.8790     5.2170     7.4557     80.204    227.561    232.995   -0.00598    6.50478    9.29599  283.72846     9.8068   14.70477 1.2064e-01     0.2549     1.0182 0.0000e+00
        547 260.700168    0.03792     2.2748    136.486     37.352  48882.677    31.0289     9.8049     37.000     9.8005    23.8851     5.2032     7.4358     79.983    226.952    232.373   -0.00552    6.50533    9.29677  283.75079     9.8009   14.70581 1.0600e-01     0.2639     1.0236 0.0000e+00
        551 260.700180    0.03822     2.2934    137.602     38.363  48885.135    31.0300     9.8033     38.000     9.7973    23.8862     5.1945     7.4235     79.848    226.576    231.988   -0.00461    6.50552    9.29705  283.75892     9.7991   14.70619 9.4310e-02     0.2551     1.0260 0.0000e+00
        556 260.700194    0.03853     2.3121    138.725     39.372  48888.602    31.0317     9.8004     39.000     9.7944    23.8880     5.1882     7.4145     79.746    226.299    231.705   -0.00381    6.50586    9.29753  283.77304     9.7962   14.70686 8.5152e-02     0.2355     1.0477 0.0000e+00
        560 260.700207    0.03885     2.3309    139.853     40.381  48886.231    31.0288     9.7941     40.000     9.7856    23.8867     5.1829     7.4069     79.653    226.070    231.470   -0.00316    6.50688    9.29899  283.81784     9.7898   14.70902 7.8076e-02     0.2363     1.0747 0.0000e+00
        565 260.700220    0.03917     2.3498    140.985     41.391  48890.870    31.0304     9.7852     41.000     9.7764    23.8895     5.1766     7.3980     79.542    225.795    231.189   -0.00287    6.50808    9.30069  283.86935     9.7808   14.71147 7.2795e-02     0.2456     1.0755 0.0000e+00
        569 260.700233    0.03947     2.3684    142.105     42.401  48894.187    31.0310     9.7749     42.000     9.7653    23.8916     5.1735     7.3934     79.476    225.656    231.048   -0.00244    6.50954    9.30279  283.93250     9.7703   14.71449 6.8746e-02     0.2491     1.0864 0.0000e+00
        574 260.700246    0.03978     2.3871    143.227     43.411  48896.348    31.0305     9.7625     43.000     9.7505    23.8933     5.1789     7.4012     79.537    225.894    231.291   -0.00142    6.51133    9.30534  284.01009     9.7578   14.71820 6.5713e-02     0.2511     1.0685 0.0000e+00
        578 260.700259    0.04010     2.4062    144.369     44.420  48901.905    31.0317     9.7446     44.000     9.7315    23.8971     5.1893     7.4161     79.667    226.346    231.756   -0.00022    6.51384    9.30892  284.11838     9.7399   14.72338 6.3280e-02     0.2549     1.0301 0.0000e+00
        583 260.700272    0.04042     2.4252    145.514     45.430  48909.537    31.0343     9.7265     45.000     9.7151    23.9020     5.2013     7.4331     79.819    226.867    232.290    0.00064    6.51634    9.31250  284.22595     9.7216   14.72851 6.1328e-02     0.2608     1.0182 0.0000e+00
        588 260.700286    0.04074     2.4448    146.687     46.439  48916.791    31.0373     9.7136     46.000     9.7050    23.9064     5.2163     7.4546     80.029    227.521    232.960    0.00160    6.51805    9.31495  284.29977     9.7086   14.73203 5.9939e-02     0.2614     1.0142 0.0000e+00
        592 260.700299    0.04107     2.4641    147.849     47.449  48922.097    31.0397     9.7067     47.000     9.7003    23.9094     5.2333     7.4789     80.278    228.261    233.719    0.00246    6.51895    9.31623  284.33772     9.7016   14.73384 5.8820e-02     0.2594     1.0623 0.0000e+00
        597 260.700313    0.04139     2.4836    149.014     48.458  48926.887    31.0425     9.7052     48.000     9.7004    23.9118     5.2446     7.4951     80.451    228.754    234.225    0.00270    6.51905    9.31638  284.34175     9.6999   14.73402 5.7855e-02     0.2711     1.0625 0.0000e+00
        602 260.700326    0.04172     2.5031    150.184     49.468  48927.513    31.0426     9.7061     49.000     9.7004    23.9118     5.2433     7.4932     80.433    228.698    234.166    0.00169    6.51890    9.31616  284.33525     9.7008   14.73371 5.7109e-02     0.2594     1.0595 0.0000e+00
        607 260.700340    0.04205     2.5233    151.399     50.478  48927.470    31.0419     9.7041     50.000     9.6971    23.9116     5.2391     7.4872     80.363    228.512    233.976    0.00062    6.51922    9.31661  284.34895     9.6988   14.73437 5.6535e-02     0.2595     1.0561 0.0000e+00
        611 260.700354    0.04238     2.5430    152.582     51.488  48929.477    31.0424     9.7001     51.000     9.6924    23.9126     5.2334     7.4790     80.269    228.265    233.724   -0.00021    6.51978    9.31742  284.37330     9.6946   14.73553 5.6071e-02     0.2558     1.0424 0.0000e+00
        616 260.700368    0.04271     2.5628    153.766     52.497  48932.334    31.0431     9.6942     52.000     9.6855    23.9142     5.2331     7.4786     80.255    228.251    233.710   -0.00034    6.52059    9.31858  284.40818     9.6886   14.73720 5.5672e-02     0.2525     1.0526 0.0000e+00
        621 260.700381    0.04304     2.5826    154.956     53.507  48933.343    31.0424     9.6858     53.000     9.6753    23.9149     5.2382     7.4859     80.317    228.473    233.937    0.00008    6.52183    9.32035  284.46206     9.6801   14.73977 5.5329e-02     0.2657     1.0311 0.0000e+00
