CTD-processing/allCTD/CNV/2018_11-08_t9_s08_cast019_4141.cnv
* Sea-Bird SBE19plus Data File:
* FileName = C:\Users\Kim.Powell\Desktop\Not Processed\2018\2018_11-08_AlongBay, T9_4141\2018_11-08_TRANSECT_STATION_cast019.hex
* Software Version 1.59
* Temperature SN =  4141
* Conductivity SN =  4141
* System UpLoad Time = Nov 13 2018 09:26:10
** 2018_11-08
** Station: 9-08
** Start Time: 14:54
** Depth (m): 97
** Comment:
** Comment:
# nquan = 27
# nvalues = 94                          
# units = specified
# name 0 = scan: Scan Count
# name 1 = timeJ: Julian Days
# name 2 = timeH: Time, Elapsed [hours]
# name 3 = timeM: Time, Elapsed [minutes]
# name 4 = timeS: Time, Elapsed [seconds]
# name 5 = prdM: Pressure, Strain Gauge [db]
# name 6 = specc: Specific Conductance [uS/cm]
# name 7 = sal00: Salinity, Practical [PSU]
# name 8 = tv290C: Temperature [ITS-90, deg C]
# name 9 = depSM: Depth [salt water, m], lat = 59.00
# name 10 = potemp090C: Potential Temperature [ITS-90, deg C]
# name 11 = sigma-é00: Density [sigma-theta, kg/m^3]
# name 12 = sbeox0ML/L: Oxygen, SBE 43 [ml/l]
# name 13 = sbeox0Mg/L: Oxygen, SBE 43 [mg/l]
# name 14 = sbeox0PS: Oxygen, SBE 43 [% saturation]
# name 15 = sbox0Mm/Kg: Oxygen, SBE 43 [umol/kg]
# name 16 = sbeox0Mm/L: Oxygen, SBE 43 [umol/l]
# name 17 = sbox0dV/dT: Oxygen, SBE 43 [dov/dt]
# name 18 = oxsolML/L: Oxygen Saturation, Garcia & Gordon [ml/l]
# name 19 = oxsolMg/L: Oxygen Saturation, Garcia & Gordon [mg/l]
# name 20 = oxsolMm/Kg: Oxygen Saturation, Garcia & Gordon [umol/kg]
# name 21 = n2satMg/L: Nitrogen Saturation [mg/l]
# name 22 = par: PAR/Irradiance, Biospherical/Licor
# name 23 = wetStar: Fluorescence, WET Labs WETstar [mg/m^3]
# name 24 = CStarAt0: Beam Attenuation, WET Labs C-Star [1/m]
# name 25 = CStarTr0: Beam Transmission, WET Labs C-Star [%]
# name 26 = flag: flag
# span 0 =        235,        718       
# span 1 = 312.621012, 312.622409       
# span 2 =    0.01622,    0.04976       
# span 3 =     0.9734,     2.9858       
# span 4 =     58.404,    179.145       
# span 5 =      1.018,     94.887       
# span 6 =  48187.019,  48799.426       
# span 7 =    30.2894,    30.7696       
# span 8 =     7.8890,     8.5185       
# span 9 =      1.000,     94.000       
# span 10 =     7.8990,     8.5094      
# span 11 =    23.5921,    23.8804      
# span 12 =     5.6010,     5.9163      
# span 13 =     8.0044,     8.4549      
# span 14 =     82.098,     86.963      
# span 15 =    244.374,    258.126      
# span 16 =    250.140,    264.221      
# span 17 =   -0.00266,    0.00167      
# span 18 =    6.70525,    6.82279      
# span 19 =    9.58248,    9.75044      
# span 20 =  292.47231,  297.68268      
# span 21 =   15.12372,   15.37443      
# span 22 = 4.0368e-02, 5.3479e+01      
# span 23 =     0.3219,     0.4982      
# span 24 =     0.3482,     2.5514      
# span 25 =    52.8652,    91.6639      
# span 26 = 0.0000e+00, 0.0000e+00      
# interval = meters: 1                  
# start_time = Nov 08 2018 14:53:17 [Instrument's time stamp, header]
# bad_flag = -9.990e-29
*END*
        235 312.621012    0.01622     0.9734     58.404      1.018  48187.019    30.2894     7.8890      1.000     7.8990    23.5921     5.6010     8.0044     82.098    244.374    250.140   -0.00024    6.82279    9.75044  297.68268   15.37443 5.3479e+01     0.4571     1.5814    67.3718 0.0000e+00
        308 312.621223    0.02129     1.2773     76.639      2.016  48238.612    30.3299     7.9221      2.000     7.9331    23.6193     5.8789     8.4015     86.255    256.493    262.552    0.00032    6.81583    9.74050  297.37117   15.35939 3.3254e+01     0.4242     1.6308    66.5219 0.0000e+00
        317 312.621251    0.02197     1.3187     79.122      3.033  48227.144    30.3247     7.9437      3.000     7.9461    23.6123     5.9144     8.4523     86.815    258.046    264.140    0.00167    6.81272    9.73605  297.23736   15.35303 2.5090e+01     0.4305     1.5593    67.7216 0.0000e+00
        321 312.621263    0.02224     1.3348     80.085      4.035  48230.075    30.3272     7.9495      4.000     7.9521    23.6135     5.9163     8.4549     86.854    258.126    264.221    0.00151    6.81171    9.73462  297.19330   15.35092 1.9400e+01     0.4406     1.4657    69.3226 0.0000e+00
        326 312.621276    0.02256     1.3535     81.211      5.050  48223.867    30.3231     7.9533      5.000     7.9526    23.6097     5.9143     8.4521     86.830    258.038    264.131    0.00086    6.81130    9.73403  297.17651   15.35013 1.5534e+01     0.4409     1.4283    69.9730 0.0000e+00
        330 312.621288    0.02286     1.3713     82.277      6.055  48226.976    30.3246     7.9526      6.000     7.9538    23.6111     5.9062     8.4405     86.711    257.685    263.769   -0.00016    6.81133    9.73408  297.17740   15.35016 1.1743e+01     0.4336     1.4072    70.3419 0.0000e+00
        334 312.621300    0.02314     1.3883     83.299      7.063  48228.945    30.3262     7.9566      7.000     7.9570    23.6117     5.9055     8.4395     86.709    257.655    263.739   -0.00034    6.81066    9.73311  297.14784   15.34875 9.4390e+00     0.4433     1.3928    70.5970 0.0000e+00
        339 312.621313    0.02346     1.4075     84.449      8.078  48231.225    30.3275     7.9580      8.000     7.9587    23.6126     5.9077     8.4426     86.745    257.750    263.836    0.00007    6.81037    9.73270  297.13505   15.34814 7.4533e+00     0.4567     1.3620    71.1413 0.0000e+00
        343 312.621324    0.02373     1.4240     85.437      9.084  48229.776    30.3269     7.9636      9.000     7.9626    23.6114     5.9030     8.4361     86.688    257.549    263.630   -0.00053    6.80954    9.73151  297.09913   15.34643 5.8092e+00     0.4957     1.3439    71.4648 0.0000e+00
        347 312.621337    0.02403     1.4416     86.494     10.089  48268.777    30.3549     7.9722     10.000     7.9891    23.6321     5.9071     8.4418     86.780    257.720    263.811    0.00011    6.80695    9.72781  296.98014   15.34063 4.6079e+00     0.4559     1.3267    71.7729 0.0000e+00
        352 312.621351    0.02438     1.4630     87.780     11.109  48281.436    30.3707     8.0206     11.000     8.0338    23.6377     5.9125     8.4495     86.963    257.952    264.050    0.00123    6.79878    9.71613  296.62176   15.32346 3.6583e+00     0.4562     1.2637    72.9142 0.0000e+00
        356 312.621364    0.02468     1.4811     88.864     12.115  48290.104    30.3806     8.0498     12.000     8.0602    23.6415     5.8999     8.4316     86.843    257.404    263.490    0.00014    6.79382    9.70905  296.40453   15.31305 2.8956e+00     0.4606     1.1866    74.3318 0.0000e+00
        360 312.621375    0.02496     1.4973     89.840     13.123  48274.046    30.3714     8.0658     13.000     8.0667    23.6320     5.8950     8.4245     86.797    257.192    263.270   -0.00028    6.79176    9.70611  296.31742   15.30893 2.3001e+00     0.4757     1.1409    75.1854 0.0000e+00
        365 312.621388    0.02525     1.5151     90.906     14.129  48278.944    30.3750     8.0698     14.000     8.0721    23.6343     5.8879     8.4143     86.701    256.882    262.953   -0.00079    6.79099    9.70500  296.28311   15.30728 1.8816e+00     0.4591     1.1248    75.4882 0.0000e+00
        370 312.621402    0.02559     1.5355     92.129     15.150  48292.494    30.3855     8.0801     15.000     8.0859    23.6411     5.8732     8.3934     86.511    256.238    262.296   -0.00186    6.78895    9.70208  296.19218   15.30289 1.4820e+00     0.4417     1.0713    76.5051 0.0000e+00
        373 312.621413    0.02584     1.5507     93.045     16.143  48320.947    30.4079     8.1000     16.000     8.1116    23.6559     5.8716     8.3910     86.539    256.165    262.224   -0.00135    6.78489    9.69629  296.01071   15.29414 1.1966e+00     0.4380     1.0315    77.2699 0.0000e+00
        378 312.621427    0.02619     1.5716     94.294     17.166  48275.690    30.3778     8.1123     17.000     8.1051    23.6305     5.8729     8.3929     86.565    256.226    262.282   -0.00061    6.78432    9.69546  295.99308   15.29342 9.6821e-01     0.4813     0.9956    77.9655 0.0000e+00
        382 312.621439    0.02649     1.5892     95.351     18.172  48339.371    30.4218     8.1132     18.000     8.1309    23.6649     5.8540     8.3660     86.314    255.395    261.439   -0.00214    6.78223    9.69249  295.89247   15.28844 7.8095e-01     0.4528     0.9793    78.2855 0.0000e+00
        386 312.621451    0.02676     1.6054     96.326     19.175  48343.781    30.4298     8.1487     19.000     8.1610    23.6662     5.8528     8.3643     86.371    255.345    261.387   -0.00146    6.77643    9.68419  295.63842   15.27628 6.4099e-01     0.4556     0.9396    79.0663 0.0000e+00
        391 312.621464    0.02707     1.6245     97.467     20.193  48365.515    30.4500     8.1861     20.000     8.1934    23.6767     5.8597     8.3742     86.557    255.642    261.696    0.00030    6.76981    9.67472  295.34648   15.26226 5.2313e-01     0.4422     0.8764    80.3231 0.0000e+00
        395 312.621477    0.02739     1.6436     98.614     21.200  48351.059    30.4410     8.1959     21.000     8.1954    23.6683     5.8411     8.3475     86.296    254.830    260.862   -0.00133    6.76869    9.67313  295.30046   15.26010 4.3314e-01     0.4500     0.8421    81.0155 0.0000e+00
        400 312.621490    0.02771     1.6627     99.760     22.209  48356.111    30.4447     8.2002     22.000     8.2013    23.6707     5.8236     8.3224     86.047    254.065    260.078   -0.00266    6.76787    9.67196  295.26405   15.25835 3.5578e-01     0.4527     0.8309    81.2439 0.0000e+00
        404 312.621503    0.02801     1.6803    100.819     23.215  48365.598    30.4522     8.2094     23.000     8.2117    23.6753     5.8181     8.3146     85.989    253.827    259.837   -0.00239    6.76615    9.66950  295.18736   15.25465 2.9681e-01     0.4390     0.8215    81.4339 0.0000e+00
        409 312.621516    0.02832     1.6997    101.979     24.235  48357.323    30.4471     8.2164     24.000     8.2127    23.6702     5.8248     8.3242     86.098    254.120    260.135   -0.00094    6.76528    9.66826  295.15123   15.25295 2.4456e-01     0.4463     0.8077    81.7157 0.0000e+00
        413 312.621527    0.02858     1.7146    102.877     25.228  48360.564    30.4484     8.2129     25.000     8.2093    23.6718     5.8203     8.3177     86.025    253.922    259.932   -0.00129    6.76576    9.66896  295.17182   15.25393 2.0181e-01     0.4216     0.7931    82.0143 0.0000e+00
        418 312.621543    0.02898     1.7389    104.336     26.248  48365.898    30.4515     8.2117     26.000     8.2101    23.6744     5.8247     8.3241     86.090    254.116    260.132   -0.00054    6.76582    9.66903  295.17331   15.25399 1.6986e-01     0.4621     0.7645    82.6021 0.0000e+00
        424 312.621559    0.02936     1.7614    105.681     27.270  48369.555    30.4542     8.2153     27.000     8.2144    23.6760     5.8197     8.3168     86.024    253.894    259.906   -0.00081    6.76513    9.66805  295.14316   15.25254 1.4345e-01     0.4257     0.7557    82.7854 0.0000e+00
        427 312.621567    0.02956     1.7737    106.421     28.266  48372.721    30.4563     8.2181     28.000     8.2174    23.6773     5.8227     8.3211     86.075    254.025    260.039   -0.00041    6.76461    9.66732  295.12029   15.25143 1.2366e-01     0.4364     0.7657    82.5787 0.0000e+00
        430 312.621576    0.02978     1.7866    107.197     29.264  48370.628    30.4548     8.2208     29.000     8.2182    23.6758     5.8250     8.3245     86.114    254.128    260.144   -0.00012    6.76427    9.66681  295.10539   15.25073 1.0705e-01     0.4149     0.7617    82.6608 0.0000e+00
        435 312.621592    0.03015     1.8092    108.553     30.284  48373.152    30.4561     8.2207     30.000     8.2184    23.6768     5.8245     8.3238     86.108    254.106    260.123   -0.00014    6.76422    9.66675  295.10285   15.25061 9.3580e-02     0.4290     0.7350    83.2156 0.0000e+00
        441 312.621609    0.03056     1.8334    110.006     31.302  48379.080    30.4603     8.2242     31.000     8.2223    23.6796     5.8183     8.3150     86.025    253.836    259.846   -0.00070    6.76351    9.66572  295.07093   15.24906 8.1626e-02     0.4441     0.7243    83.4361 0.0000e+00
        445 312.621619    0.03080     1.8483    110.896     32.307  48375.317    30.4574     8.2249     32.000     8.2198    23.6773     5.8187     8.3155     86.030    253.853    259.863   -0.00052    6.76353    9.66577  295.07283   15.24917 7.2948e-02     0.4158     0.7379    83.1540 0.0000e+00
        448 312.621629    0.03104     1.8623    111.736     33.306  48376.527    30.4573     8.2216     33.000     8.2172    23.6777     5.8162     8.3119     85.988    253.744    259.752   -0.00074    6.76403    9.66648  295.09460   15.25021 6.6931e-02     0.4161     0.7415    83.0811 0.0000e+00
        452 312.621641    0.03133     1.8797    112.784     34.325  48379.128    30.4584     8.2195     34.000     8.2157    23.6788     5.8164     8.3122     85.987    253.752    259.760   -0.00066    6.76431    9.66687  295.10614   15.25076 6.1781e-02     0.4710     0.7299    83.3205 0.0000e+00
        456 312.621653    0.03162     1.8971    113.827     35.332  48380.968    30.4591     8.2186     35.000     8.2155    23.6795     5.8169     8.3129     85.992    253.773    259.782   -0.00049    6.76441    9.66703  295.11079   15.25097 5.7739e-02     0.4271     0.7250    83.4235 0.0000e+00
        460 312.621665    0.03191     1.9144    114.863     36.347  48394.744    30.4686     8.2212     36.000     8.2237    23.6867     5.8194     8.3165     86.040    253.881    259.894   -0.00016    6.76360    9.66586  295.07323   15.24914 5.4108e-02     0.4156     0.7144    83.6440 0.0000e+00
        464 312.621676    0.03217     1.9306    115.838     37.344  48389.301    30.4661     8.2324     37.000     8.2297    23.6830     5.8237     8.3226     86.124    254.068    260.085    0.00031    6.76199    9.66357  295.00400   15.24585 5.1639e-02     0.4262     0.6857    84.2452 0.0000e+00
        469 312.621691    0.03253     1.9519    117.111     38.371  48383.072    30.4611     8.2313     38.000     8.2264    23.6793     5.8242     8.3235     86.128    254.095    260.112    0.00031    6.76239    9.66414  295.02248   15.24675 4.9373e-02     0.4014     0.6738    84.4962 0.0000e+00
        473 312.621702    0.03279     1.9676    118.053     39.368  48405.941    30.4767     8.2323     39.000     8.2384    23.6915     5.8138     8.3084     85.983    253.634    259.643   -0.00074    6.76154    9.66292  294.98193   15.24475 4.7946e-02     0.4337     0.6816    84.3327 0.0000e+00
        477 312.621714    0.03309     1.9851    119.104     40.378  48415.329    30.4866     8.2573     40.000     8.2623    23.6956     5.8128     8.3072     86.024    253.593    259.602   -0.00053    6.75728    9.65684  294.79503   15.23578 4.6638e-02     0.4282     0.6098    85.8636 0.0000e+00
        482 312.621728    0.03342     2.0054    120.326     41.392  48398.605    30.4764     8.2703     41.000     8.2659    23.6857     5.8289     8.3300     86.280    254.294    260.317    0.00119    6.75575    9.65464  294.73095   15.23277 4.5699e-02     0.4108     0.5623    86.8858 0.0000e+00
        487 312.621743    0.03376     2.0257    121.545     42.403  48402.614    30.4787     8.2701     42.000     8.2681    23.6877     5.8317     8.3341     86.323    254.418    260.444    0.00112    6.75568    9.65454  294.72731   15.23259 4.4773e-02     0.4531     0.5458    87.2442 0.0000e+00
        491 312.621754    0.03406     2.0432    122.594     43.419  48416.800    30.4891     8.2766     43.000     8.2785    23.6950     5.8284     8.3293     86.292    254.269    260.295    0.00050    6.75423    9.65247  294.66204   15.22943 4.4206e-02     0.4731     0.5145    87.9304 0.0000e+00
        495 312.621764    0.03429     2.0573    123.437     44.412  48411.422    30.4863     8.2855     44.000     8.2835    23.6914     5.8260     8.3259     86.273    254.167    260.188    0.00016    6.75298    9.65070  294.60874   15.22689 4.3711e-02     0.4542     0.4807    88.6757 0.0000e+00
        499 312.621777    0.03458     2.0752    124.513     45.428  48407.096    30.4833     8.2885     45.000     8.2843    23.6886     5.8381     8.3433     86.457    254.698    260.732    0.00109    6.75268    9.65025  294.59584   15.22629 4.3180e-02     0.4535     0.4523    89.3083 0.0000e+00
        504 312.621792    0.03496     2.0979    125.872     46.442  48408.589    30.4839     8.2892     46.000     8.2848    23.6891     5.8432     8.3505     86.534    254.919    260.957    0.00123    6.75253    9.65005  294.58965   15.22599 4.2644e-02     0.4601     0.4371    89.6487 0.0000e+00
        509 312.621807    0.03530     2.1179    127.073     47.468  48411.979    30.4859     8.2891     47.000     8.2867    23.6906     5.8398     8.3457     86.485    254.771    260.807    0.00047    6.75247    9.64996  294.58644   15.22583 4.2599e-02     0.4982     0.4431    89.5135 0.0000e+00
        512 312.621814    0.03548     2.1286    127.715     48.444  48418.371    30.4905     8.2931     48.000     8.2918    23.6937     5.8378     8.3429     86.465    254.684    260.717    0.00016    6.75166    9.64878  294.54975   15.22406 4.2701e-02     0.4549     0.4340    89.7191 0.0000e+00
        516 312.621825    0.03574     2.1446    128.675     49.473  48418.597    30.4911     8.2989     49.000     8.2978    23.6933     5.8438     8.3513     86.565    254.942    260.983    0.00053    6.75074    9.64748  294.50997   15.22216 4.1891e-02     0.4867     0.4076    90.3132 0.0000e+00
        519 312.621835    0.03600     2.1600    129.602     50.470  48436.949    30.5050     8.3092     50.000     8.3108    23.7028     5.8466     8.3554     86.635    255.065    261.110    0.00090    6.74856    9.64436  294.41217   15.21743 4.1910e-02     0.4763     0.3805    90.9276 0.0000e+00
        525 312.621852    0.03640     2.1837    131.022     51.489  48428.718    30.5002     8.3190     51.000     8.3152    23.6977     5.8477     8.3568     86.667    255.109    261.155    0.00073    6.74728    9.64254  294.35794   15.21486 4.1499e-02     0.4652     0.3482    91.6639 0.0000e+00
        531 312.621868    0.03677     2.2063    132.381     52.499  48433.163    30.5035     8.3231     52.000     8.3197    23.6997     5.8399     8.3457     86.561    254.770    260.807   -0.00027    6.74650    9.64142  294.32324   15.21320 4.1532e-02     0.4523     0.3513    91.5938 0.0000e+00
        534 312.621879    0.03704     2.2225    133.352     53.514  48440.488    30.5086     8.3263     53.000     8.3256    23.7033     5.8377     8.3427     86.539    254.677    260.713   -0.00041    6.74578    9.64040  294.29104   15.21163 4.1418e-02     0.4573     0.3544    91.5213 0.0000e+00
