CTD-processing/allCTD/CNV/2018_12-06_alongbay_skb01_cast022_4141.cnv
* Sea-Bird SBE19plus Data File:
* FileName = C:\Users\Kim.Powell\Desktop\Not Processed\2018\2018_12-06_AlongBay, T9_4141\2018_12-06_TRANSECT_STATION_cast022.hex
* Software Version 1.59
* Temperature SN =  4141
* Conductivity SN =  4141
* System UpLoad Time = Jan 10 2019 09:41:22
** 2018_12-06
** Station: KB01
** Start Time: 10:55
** Depth (m): 73
** Comment:
** Comment:
# nquan = 27
# nvalues = 71                          
# units = specified
# name 0 = scan: Scan Count
# name 1 = timeJ: Julian Days
# name 2 = timeH: Time, Elapsed [hours]
# name 3 = timeM: Time, Elapsed [minutes]
# name 4 = timeS: Time, Elapsed [seconds]
# name 5 = prdM: Pressure, Strain Gauge [db]
# name 6 = specc: Specific Conductance [uS/cm]
# name 7 = sal00: Salinity, Practical [PSU]
# name 8 = tv290C: Temperature [ITS-90, deg C]
# name 9 = depSM: Depth [salt water, m], lat = 59.00
# name 10 = potemp090C: Potential Temperature [ITS-90, deg C]
# name 11 = sigma-é00: Density [sigma-theta, kg/m^3]
# name 12 = sbeox0ML/L: Oxygen, SBE 43 [ml/l]
# name 13 = sbeox0Mg/L: Oxygen, SBE 43 [mg/l]
# name 14 = sbeox0PS: Oxygen, SBE 43 [% saturation]
# name 15 = sbox0Mm/Kg: Oxygen, SBE 43 [umol/kg]
# name 16 = sbeox0Mm/L: Oxygen, SBE 43 [umol/l]
# name 17 = sbox0dV/dT: Oxygen, SBE 43 [dov/dt]
# name 18 = oxsolML/L: Oxygen Saturation, Garcia & Gordon [ml/l]
# name 19 = oxsolMg/L: Oxygen Saturation, Garcia & Gordon [mg/l]
# name 20 = oxsolMm/Kg: Oxygen Saturation, Garcia & Gordon [umol/kg]
# name 21 = n2satMg/L: Nitrogen Saturation [mg/l]
# name 22 = par: PAR/Irradiance, Biospherical/Licor
# name 23 = wetStar: Fluorescence, WET Labs WETstar [mg/m^3]
# name 24 = CStarAt0: Beam Attenuation, WET Labs C-Star [1/m]
# name 25 = CStarTr0: Beam Transmission, WET Labs C-Star [%]
# name 26 = flag: flag
# span 0 =        367,        737       
# span 1 = 340.455155, 340.456227       
# span 2 =    0.02541,    0.05111       
# span 3 =     1.5242,     3.0667       
# span 4 =     91.454,    184.002       
# span 5 =      1.007,     71.668       
# span 6 =  49230.911,  49380.658       
# span 7 =    30.9916,    31.0803       
# span 8 =     7.7272,     7.8376       
# span 9 =      1.000,     71.000       
# span 10 =     7.7275,     7.8329      
# span 11 =    24.1633,    24.2221      
# span 12 =     6.1344,     6.2232      
# span 13 =     8.7667,     8.8937      
# span 14 =     90.250,     91.342      
# span 15 =    267.483,    271.373      
# span 16 =    273.962,    277.931      
# span 17 =   -0.00134,    0.00103      
# span 18 =    6.79682,    6.81666      
# span 19 =    9.71334,    9.74168      
# span 20 =  296.36932,  297.24863      
# span 21 =   15.30853,   15.35082      
# span 22 = 4.0021e-02, 2.2658e+01      
# span 23 =     0.2849,     0.3571      
# span 24 =     0.2235,     0.3637      
# span 25 =    91.3090,    94.5666      
# span 26 = 0.0000e+00, 0.0000e+00      
# interval = meters: 1                  
# start_time = Dec 06 2018 10:53:54 [Instrument's time stamp, header]
# bad_flag = -9.990e-29
*END*
        367 340.455155    0.02541     1.5242     91.454      1.007  49231.810    30.9916     7.7272      1.000     7.7275    24.1655     6.2079     8.8717     91.070    270.703    277.245   -0.00045    6.81666    9.74168  297.24863   15.35082 2.2658e+01     0.3385     0.2400    94.1769 0.0000e+00
        373 340.455173    0.02582     1.5495     92.970      2.024  49234.763    30.9940     7.7323      2.000     7.7359    24.1667     6.2130     8.8790     91.156    270.925    277.471    0.00015    6.81577    9.74040  297.20935   15.34894 1.6592e+01     0.3275     0.2337    94.3243 0.0000e+00
        378 340.455188    0.02617     1.5704     94.227      3.022  49232.172    30.9934     7.7424      3.000     7.7443    24.1648     6.2228     8.8931     91.321    271.355    277.912    0.00103    6.81421    9.73819  297.14239   15.34575 1.5098e+01     0.3411     0.2368    94.2519 0.0000e+00
        384 340.455206    0.02661     1.5964     95.782      4.045  49233.326    30.9947     7.7487      4.000     7.7514    24.1650     6.2232     8.8937     91.342    271.373    277.931    0.00069    6.81319    9.73672  297.09758   15.34360 1.3384e+01     0.3358     0.2296    94.4217 0.0000e+00
        389 340.455221    0.02697     1.6185     97.108      5.043  49230.911    30.9936     7.7548      5.000     7.7554    24.1633     6.2179     8.8859     91.274    271.138    277.690    0.00005    6.81227    9.73542  297.05827   15.34173 1.3043e+01     0.3407     0.2253    94.5238 0.0000e+00
        395 340.455238    0.02739     1.6436     98.615      6.057  49241.527    31.0020     7.7642      6.000     7.7681    24.1686     6.2121     8.8778     91.215    270.887    277.434   -0.00048    6.81046    9.73282  296.97732   15.33784 1.2352e+01     0.3563     0.2252    94.5262 0.0000e+00
        401 340.455255    0.02779     1.6671    100.028      7.067  49236.118    30.9990     7.7717      7.000     7.7729    24.1652     6.2122     8.8778     91.230    270.891    277.437   -0.00018    6.80942    9.73134  296.93324   15.33574 1.1600e+01     0.3571     0.2252    94.5246 0.0000e+00
        407 340.455271    0.02816     1.6897    101.382      8.075  49238.102    31.0010     7.7788      8.000     7.7798    24.1659     6.2110     8.8761     91.227    270.837    277.382   -0.00021    6.80822    9.72963  296.88080   15.33323 1.0893e+01     0.3299     0.2246    94.5391 0.0000e+00
        412 340.455287    0.02855     1.7132    102.793      9.085  49237.027    31.0004     7.7821      9.000     7.7819    24.1649     6.2111     8.8764     91.237    270.845    277.390   -0.00017    6.80773    9.72894  296.85998   15.33224 1.0094e+01     0.3306     0.2248    94.5345 0.0000e+00
        418 340.455303    0.02895     1.7367    104.199     10.097  49244.720    31.0058     7.7855     10.000     7.7882    24.1687     6.2063     8.8694     91.176    270.632    277.173   -0.00049    6.80698    9.72785  296.82574   15.33058 9.2972e+00     0.3430     0.2235    94.5666 0.0000e+00
        423 340.455317    0.02928     1.7566    105.393     11.103  49243.976    31.0061     7.7933     11.000     7.7939    24.1678     6.2000     8.8604     91.099    270.358    276.892   -0.00088    6.80575    9.72610  296.77250   15.32804 8.4676e+00     0.3323     0.2251    94.5279 0.0000e+00
        428 340.455332    0.02963     1.7781    106.688     12.110  49242.083    31.0047     7.7961     12.000     7.7947    24.1665     6.1959     8.8546     91.045    270.180    276.710   -0.00109    6.80538    9.72557  296.75668   15.32729 7.6873e+00     0.3284     0.2269    94.4866 0.0000e+00
        433 340.455348    0.03003     1.8019    108.112     13.136  49238.154    31.0012     7.7936     13.000     7.7908    24.1639     6.1983     8.8581     91.073    270.287    276.818   -0.00049    6.80592    9.72634  296.78102   15.32847 6.9824e+00     0.3399     0.2259    94.5072 0.0000e+00
        438 340.455361    0.03033     1.8194    109.163     14.125  49248.345    31.0081     7.7952     14.000     7.7967    24.1692     6.1997     8.8599     91.099    270.342    276.876   -0.00030    6.80537    9.72555  296.75551   15.32723 6.3822e+00     0.3289     0.2278    94.4622 0.0000e+00
        444 340.455379    0.03076     1.8461    110.767     15.162  49249.460    31.0099     7.8045     15.000     7.8048    24.1694     6.2047     8.8672     91.194    270.563    277.102    0.00027    6.80384    9.72338  296.68893   15.32404 5.7215e+00     0.3140     0.2282    94.4555 0.0000e+00
        448 340.455390    0.03103     1.8619    111.714     16.142  49249.413    31.0097     7.8066     16.000     7.8053    24.1690     6.1988     8.8587     91.112    270.305    276.839   -0.00022    6.80352    9.72292  296.67514   15.32338 5.1539e+00     0.3277     0.2324    94.3553 0.0000e+00
        453 340.455406    0.03142     1.8851    113.106     17.170  49250.823    31.0103     7.8068     17.000     7.8052    24.1694     6.1924     8.8495     91.018    270.024    276.551   -0.00093    6.80347    9.72284  296.67276   15.32326 4.6789e+00     0.3089     0.2316    94.3731 0.0000e+00
        459 340.455421    0.03178     1.9068    114.409     18.169  49254.782    31.0126     7.8065     18.000     7.8047    24.1712     6.1954     8.8538     91.062    270.154    276.684   -0.00037    6.80342    9.72277  296.66989   15.32312 4.2119e+00     0.3297     0.2305    94.4000 0.0000e+00
        464 340.455438    0.03217     1.9303    115.818     19.191  49260.730    31.0163     7.8066     19.000     7.8057    24.1742     6.1981     8.8578     91.105    270.275    276.808   -0.00017    6.80324    9.72251  296.66129   15.32270 3.7719e+00     0.3125     0.2334    94.3320 0.0000e+00
        469 340.455450    0.03247     1.9484    116.902     20.186  49267.615    31.0211     7.8100     20.000     7.8094    24.1775     6.2000     8.8604     91.142    270.354    276.891    0.00013    6.80250    9.72146  296.62807   15.32109 3.4186e+00     0.3250     0.2382    94.2175 0.0000e+00
        474 340.455467    0.03287     1.9720    118.321     21.203  49269.157    31.0222     7.8127     21.000     7.8114    24.1780     6.1986     8.8584     91.129    270.293    276.829   -0.00003    6.80204    9.72079  296.60760   15.32011 3.0678e+00     0.3223     0.2396    94.1854 0.0000e+00
        479 340.455480    0.03318     1.9910    119.459     22.204  49270.103    31.0227     7.8144     22.000     7.8122    24.1781     6.1924     8.8496     91.042    270.027    276.555   -0.00063    6.80176    9.72039  296.59534   15.31952 2.7564e+00     0.3129     0.2412    94.1492 0.0000e+00
        484 340.455495    0.03355     2.0130    120.782     23.226  49271.567    31.0233     7.8142     23.000     7.8127    24.1786     6.1899     8.8461     91.006    269.917    276.444   -0.00069    6.80174    9.72037  296.59458   15.31948 2.4868e+00     0.3141     0.2414    94.1439 0.0000e+00
        489 340.455509    0.03388     2.0329    121.973     24.223  49279.337    31.0287     7.8171     24.000     7.8159    24.1824     6.1844     8.8381     90.933    269.673    276.194   -0.00103    6.80106    9.71940  296.56391   15.31800 2.2449e+00     0.3050     0.2413    94.1463 0.0000e+00
        495 340.455526    0.03429     2.0573    123.436     25.247  49276.563    31.0265     7.8188     25.000     7.8159    24.1806     6.1864     8.8408     90.963    269.757    276.280   -0.00041    6.80089    9.71915  296.55678   15.31766 2.0092e+00     0.3086     0.2454    94.0500 0.0000e+00
        499 340.455539    0.03459     2.0756    124.538     26.248  49279.471    31.0280     7.8180     26.000     7.8160    24.1818     6.1791     8.8305     90.856    269.443    275.958   -0.00105    6.80095    9.71924  296.55929   15.31778 1.8159e+00     0.3100     0.2454    94.0502 0.0000e+00
        504 340.455552    0.03492     2.0953    125.715     27.248  49282.784    31.0302     7.8196     27.000     7.8175    24.1833     6.1826     8.8355     90.912    269.593    276.112   -0.00053    6.80060    9.71874  296.54342   15.31702 1.6396e+00     0.3140     0.2467    94.0196 0.0000e+00
        510 340.455571    0.03538     2.1229    127.372     28.278  49281.447    31.0288     7.8200     28.000     7.8172    24.1822     6.1814     8.8338     90.894    269.541    276.059   -0.00040    6.80060    9.71874  296.54375   15.31704 1.4919e+00     0.3169     0.2450    94.0581 0.0000e+00
        515 340.455583    0.03566     2.1398    128.388     29.261  49284.595    31.0306     7.8200     29.000     7.8177    24.1836     6.1758     8.8258     90.813    269.298    275.811   -0.00086    6.80053    9.71864  296.54022   15.31685 1.3432e+00     0.3177     0.2481    93.9859 0.0000e+00
        520 340.455599    0.03604     2.1624    129.746     30.293  49284.871    31.0305     7.8211     30.000     7.8184    24.1834     6.1825     8.8354     90.914    269.591    276.110   -0.00012    6.80036    9.71840  296.53301   15.31651 1.2254e+00     0.3112     0.2451    94.0561 0.0000e+00
        524 340.455612    0.03635     2.1812    130.874     31.285  49285.244    31.0303     7.8214     31.000     7.8186    24.1833     6.1814     8.8338     90.898    269.542    276.060   -0.00021    6.80032    9.71834  296.53132   15.31643 1.1083e+00     0.3045     0.2457    94.0426 0.0000e+00
        531 340.455631    0.03680     2.2078    132.471     32.322  49285.394    31.0300     7.8216     32.000     7.8187    24.1830     6.1785     8.8296     90.855    269.413    275.928   -0.00048    6.80031    9.71832  296.53064   15.31640 1.0086e+00     0.3115     0.2448    94.0643 0.0000e+00
        535 340.455643    0.03711     2.2266    133.593     33.308  49288.880    31.0322     7.8229     33.000     7.8203    24.1845     6.1794     8.8309     90.873    269.453    275.970   -0.00030    6.80002    9.71790  296.51751   15.31577 9.1073e-01     0.3117     0.2443    94.0749 0.0000e+00
        542 340.455663    0.03758     2.2545    135.268     34.341  49289.619    31.0324     7.8241     34.000     7.8210    24.1846     6.1772     8.8279     90.844    269.361    275.876   -0.00028    6.79981    9.71762  296.50877   15.31535 8.2476e-01     0.3216     0.2431    94.1040 0.0000e+00
        546 340.455675    0.03788     2.2724    136.346     35.325  49293.738    31.0351     7.8252     35.000     7.8226    24.1864     6.1749     8.8246     90.814    269.261    275.773   -0.00057    6.79954    9.71722  296.49610   15.31474 7.4400e-01     0.3146     0.2469    94.0135 0.0000e+00
        554 340.455697    0.03840     2.3043    138.260     36.364  49295.227    31.0360     7.8274     36.000     7.8240    24.1869     6.1781     8.8291     90.865    269.397    275.913   -0.00011    6.79915    9.71667  296.47914   15.31392 6.7631e-01     0.3015     0.2450    94.0586 0.0000e+00
        557 340.455707    0.03862     2.3175    139.048     37.342  49295.514    31.0358     7.8275     37.000     7.8241    24.1867     6.1757     8.8256     90.830    269.293    275.806   -0.00027    6.79915    9.71666  296.47899   15.31392 6.0877e-01     0.3049     0.2496    93.9506 0.0000e+00
        562 340.455721    0.03896     2.3377    140.263     38.361  49295.951    31.0357     7.8278     38.000     7.8243    24.1867     6.1759     8.8260     90.834    269.303    275.817   -0.00029    6.79910    9.71658  296.47675   15.31381 5.5298e-01     0.3062     0.2479    93.9897 0.0000e+00
        569 340.455740    0.03943     2.3660    141.960     39.385  49296.399    31.0356     7.8281     39.000     7.8245    24.1866     6.1707     8.8186     90.759    269.077    275.586   -0.00064    6.79905    9.71652  296.47492   15.31373 5.0507e-01     0.3025     0.2448    94.0616 0.0000e+00
        572 340.455750    0.03967     2.3804    142.825     40.363  49297.886    31.0362     7.8282     40.000     7.8245    24.1870     6.1684     8.8153     90.725    268.976    275.482   -0.00086    6.79901    9.71646  296.47283   15.31362 4.5873e-01     0.2900     0.2535    93.8597 0.0000e+00
        578 340.455766    0.04006     2.4033    144.199     41.392  49298.207    31.0360     7.8284     41.000     7.8246    24.1868     6.1791     8.8306     90.883    269.444    275.961    0.00027    6.79899    9.71644  296.47227   15.31360 4.2501e-01     0.3197     0.2489    93.9674 0.0000e+00
        583 340.455782    0.04043     2.4257    145.541     42.399  49299.823    31.0367     7.8288     42.000     7.8250    24.1874     6.1741     8.8234     90.810    269.225    275.736   -0.00020    6.79889    9.71630  296.46792   15.31338 3.8471e-01     0.3115     0.2482    93.9837 0.0000e+00
        588 340.455796    0.04076     2.4458    146.747     43.408  49300.706    31.0369     7.8290     43.000     7.8254    24.1875     6.1760     8.8261     90.839    269.306    275.820   -0.00019    6.79886    9.71625  296.46619   15.31330 3.5275e-01     0.3063     0.2466    94.0201 0.0000e+00
        593 340.455810    0.04111     2.4669    148.017     44.419  49309.110    31.0428     7.8315     44.000     7.8287    24.1918     6.1707     8.8185     90.769    269.073    275.582   -0.00059    6.79821    9.71533  296.43687   15.31188 3.2079e-01     0.3008     0.2516    93.9035 0.0000e+00
        599 340.455828    0.04154     2.4926    149.553     45.437  49308.017    31.0420     7.8339     45.000     7.8297    24.1908     6.1688     8.8158     90.745    268.990    275.497   -0.00050    6.79788    9.71485  296.42268   15.31120 2.9274e-01     0.2942     0.2526    93.8815 0.0000e+00
        604 340.455841    0.04185     2.5107    150.642     46.424  49308.778    31.0420     7.8339     46.000     7.8297    24.1908     6.1594     8.8024     90.607    268.580    275.077   -0.00134    6.79787    9.71483  296.42211   15.31118 2.6791e-01     0.3104     0.2578    93.7580 0.0000e+00
        609 340.455858    0.04225     2.5353    152.119     47.456  49309.318    31.0419     7.8342     47.000     7.8299    24.1908     6.1671     8.8134     90.722    268.917    275.423   -0.00033    6.79782    9.71476  296.41997   15.31108 2.4992e-01     0.2937     0.2553    93.8159 0.0000e+00
        614 340.455872    0.04260     2.5557    153.344     48.450  49309.983    31.0420     7.8344     48.000     7.8299    24.1909     6.1657     8.8114     90.701    268.855    275.359   -0.00038    6.79780    9.71473  296.41903   15.31103 2.3300e-01     0.2923     0.2547    93.8312 0.0000e+00
        620 340.455889    0.04302     2.5808    154.848     49.478  49313.638    31.0441     7.8346     49.000     7.8306    24.1925     6.1607     8.8042     90.630    268.638    275.137   -0.00073    6.79767    9.71456  296.41309   15.31074 2.1276e-01     0.3092     0.2553    93.8170 0.0000e+00
        625 340.455904    0.04336     2.6019    156.112     50.476  49317.783    31.0469     7.8365     50.000     7.8323    24.1944     6.1604     8.8038     90.630    268.624    275.123   -0.00058    6.79725    9.71394  296.39392   15.30981 2.0516e-01     0.2906     0.2594    93.7207 0.0000e+00
        632 340.455922    0.04379     2.6275    157.650     51.495  49319.058    31.0475     7.8376     51.000     7.8329    24.1947     6.1629     8.8075     90.671    268.736    275.238   -0.00016    6.79705    9.71367  296.38545   15.30941 1.9272e-01     0.2938     0.2612    93.6784 0.0000e+00
        636 340.455935    0.04411     2.6467    158.800     52.493  49321.976    31.0490     7.8374     52.000     7.8321    24.1960     6.1597     8.8029     90.624    268.596    275.095   -0.00044    6.79702    9.71362  296.38367   15.30932 1.8690e-01     0.2967     0.2649    93.5916 0.0000e+00
        642 340.455952    0.04452     2.6714    160.285     53.507  49332.000    31.0554     7.8361     53.000     7.8304    24.2011     6.1553     8.7966     90.560    268.401    274.897   -0.00077    6.79693    9.71350  296.37847   15.30904 1.7595e-01     0.3003     0.2696    93.4817 0.0000e+00
