CTD-processing/allCTD/CNV/2018_09-17_t6_s04_cast029_5028.cnv
* Sea-Bird SBE19plus Data File:
* FileName = C:\Users\Kim.Powell\Desktop\Not Processed\2018\2018_09-17_AlongBay, T6, T7_5028\2018_09-17_TRANSECT_STATION_cast029.hex
* Software Version 1.59
* Temperature SN =  5028
* Conductivity SN =  5028
* System UpLoad Time = Sep 18 2018 16:05:21
** 2018_09-17
** Station: 6-04
** Start Time: 11:58
** Depth (m): 108.2
** Comment:
** Comment:
# nquan = 27
# nvalues = 102                         
# units = specified
# name 0 = scan: Scan Count
# name 1 = timeJ: Julian Days
# name 2 = timeH: Time, Elapsed [hours]
# name 3 = timeM: Time, Elapsed [minutes]
# name 4 = timeS: Time, Elapsed [seconds]
# name 5 = prdM: Pressure, Strain Gauge [db]
# name 6 = specc: Specific Conductance [uS/cm]
# name 7 = sal00: Salinity, Practical [PSU]
# name 8 = tv290C: Temperature [ITS-90, deg C]
# name 9 = depSM: Depth [salt water, m], lat = 59.00
# name 10 = potemp090C: Potential Temperature [ITS-90, deg C]
# name 11 = sigma-é00: Density [sigma-theta, kg/m^3]
# name 12 = sbeox0ML/L: Oxygen, SBE 43 [ml/l]
# name 13 = sbeox0Mg/L: Oxygen, SBE 43 [mg/l]
# name 14 = sbeox0PS: Oxygen, SBE 43 [% saturation]
# name 15 = sbox0Mm/Kg: Oxygen, SBE 43 [umol/kg]
# name 16 = sbeox0Mm/L: Oxygen, SBE 43 [umol/l]
# name 17 = sbox0dV/dT: Oxygen, SBE 43 [dov/dt]
# name 18 = oxsolML/L: Oxygen Saturation, Garcia & Gordon [ml/l]
# name 19 = oxsolMg/L: Oxygen Saturation, Garcia & Gordon [mg/l]
# name 20 = oxsolMm/Kg: Oxygen Saturation, Garcia & Gordon [umol/kg]
# name 21 = potemp090C: Potential Temperature [ITS-90, deg C]
# name 22 = n2satMg/L: Nitrogen Saturation [mg/l]
# name 23 = par: PAR/Irradiance, Biospherical/Licor
# name 24 = flECO-AFL: Fluorescence, WET Labs ECO-AFL/FL [mg/m^3]
# name 25 = turbWETntu0: Turbidity, WET Labs ECO [NTU]
# name 26 = flag: flag
# span 0 =        280,        764       
# span 1 = 260.500727, 260.502128       
# span 2 =    0.01940,    0.05301       
# span 3 =     1.1640,     3.1802       
# span 4 =     69.842,    190.812       
# span 5 =      1.010,    102.988       
# span 6 =  45688.963,  51202.838       
# span 7 =    29.0313,    32.2206       
# span 8 =     7.1408,    11.9681       
# span 9 =      1.000,    102.000       
# span 10 =     7.1225,    11.9679      
# span 11 =    21.9640,    25.2124      
# span 12 =     4.8082,     5.9613      
# span 13 =     6.8713,     8.5192      
# span 14 =     71.005,     94.697      
# span 15 =    209.518,    260.495      
# span 16 =    214.732,    266.230      
# span 17 =   -0.01788,    0.00588      
# span 18 =    6.28771,    6.85338      
# span 19 =    8.98576,    9.79417      
# span 20 =  274.77404,  298.54491      
# span 21 =     7.1316,    11.9679      
# span 22 =   14.28410,   15.40768      
# span 23 = 5.5210e-02, 1.4915e+02      
# span 24 =     0.2792,     0.8847      
# span 25 =     0.1909,     0.4227      
# span 26 = 0.0000e+00, 0.0000e+00      
# interval = meters: 1                  
# start_time = Sep 17 2018 11:59:53 [Instrument's time stamp, header]
# bad_flag = -9.990e-29
*END*
[from data line 54]
        529 260.501448    0.03670     2.2016    132.094     55.526  49874.422    31.5211     8.3994     55.000     8.3552    24.4859     5.2137     7.4508     77.927    227.277    232.842   -0.00519    6.69052    9.56142  291.65706     8.3940   15.08170 4.2963e-01     0.3443     0.2345 0.0000e+00
        534 260.501460    0.03699     2.2195    133.169     56.536  49994.512    31.5924     8.3188     56.000     8.2903    24.5536     5.1848     7.4096     77.391    226.005    231.554   -0.00666    6.69956    9.57435  292.03223     8.3133   15.09934 3.9261e-01     0.3549     0.2295 0.0000e+00
        538 260.501474    0.03731     2.2387    134.322     57.546  50047.320    31.6230     8.2799     57.000     8.2662    24.5833     5.1430     7.3498     76.713    224.174    229.685   -0.00858    6.70412    9.58086  292.22219     8.2743   15.10828 3.5926e-01     0.3587     0.2230 0.0000e+00
        543 260.501487    0.03765     2.2586    135.518     58.555  50069.199    31.6348     8.2600     58.000     8.2443    24.5954     5.1177     7.3137     76.308    223.068    228.555   -0.00818    6.70661    9.58442  292.32738     8.2543   15.11326 3.2774e-01     0.3426     0.2340 0.0000e+00
        548 260.501502    0.03799     2.2794    136.766     59.565  50097.728    31.6508     8.2372     59.000     8.2246    24.6113     5.0980     7.2856     75.983    222.208    227.677   -0.00738    6.70936    9.58835  292.44265     8.2314   15.11870 2.9969e-01     0.3360     0.2403 0.0000e+00
        553 260.501516    0.03833     2.2998    137.988     60.575  50126.745    31.6677     8.2184     60.000     8.1994    24.6273     5.0953     7.2816     75.919    222.085    227.555   -0.00538    6.71146    9.59136  292.52984     8.2125   15.12280 2.7380e-01     0.3180     0.2362 0.0000e+00
        558 260.501530    0.03865     2.3190    139.142     61.585  50186.340    31.7035     8.1828     61.000     8.1624    24.6605     5.0865     7.2692     75.745    221.696    227.163   -0.00464    6.71531    9.59684  292.68778     8.1768   15.13019 2.5127e-01     0.3277     0.2294 0.0000e+00
        563 260.501544    0.03900     2.3399    140.392     62.595  50234.716    31.7324     8.1542     62.000     8.1452    24.6873     5.0604     7.2318     75.323    220.553    225.999   -0.00545    6.71838    9.60123  292.81402     8.1481   15.13610 2.3043e-01     0.3352     0.2245 0.0000e+00
        568 260.501558    0.03934     2.3604    141.627     63.604  50242.820    31.7370     8.1503     63.000     8.1438    24.6915     5.0283     7.1859     74.839    219.150    224.562   -0.00642    6.71876    9.60178  292.82956     8.1441   15.13683 2.1190e-01     0.3387     0.2315 0.0000e+00
        573 260.501573    0.03969     2.3818    142.905     64.614  50244.213    31.7375     8.1499     64.000     8.1436    24.6920     5.0096     7.1592     74.560    218.337    223.728   -0.00589    6.71881    9.60184  292.83120     8.1436   15.13690 1.9463e-01     0.3273     0.2349 0.0000e+00
        577 260.501587    0.04002     2.4014    144.082     65.624  50245.038    31.7376     8.1499     65.000     8.1433    24.6921     5.0031     7.1500     74.465    218.057    223.441   -0.00459    6.71880    9.60184  292.83095     8.1435   15.13689 1.7923e-01     0.3247     0.2345 0.0000e+00
        583 260.501602    0.04040     2.4239    145.433     66.634  50247.534    31.7388     8.1492     66.000     8.1425    24.6931     4.9968     7.1410     74.370    217.780    223.158   -0.00353    6.71885    9.60191  292.83285     8.1428   15.13697 1.6598e-01     0.3401     0.2350 0.0000e+00
        588 260.501618    0.04077     2.4464    146.785     67.644  50252.025    31.7414     8.1486     67.000     8.1416    24.6953     4.9928     7.1352     74.310    217.603    222.977   -0.00263    6.71883    9.60187  292.83119     8.1421   15.13689 1.5386e-01     0.3454     0.2404 0.0000e+00
        593 260.501632    0.04110     2.4660    147.962     68.653  50258.099    31.7450     8.1475     68.000     8.1403    24.6983     4.9867     7.1265     74.219    217.339    222.707   -0.00232    6.71885    9.60190  292.83130     8.1408   15.13688 1.4282e-01     0.3477     0.2661 0.0000e+00
        597 260.501644    0.04140     2.4841    149.044     69.663  50262.884    31.7478     8.1466     69.000     8.1396    24.7006     4.9789     7.1153     74.103    216.997    222.357   -0.00235    6.71885    9.60191  292.83084     8.1399   15.13685 1.3321e-01     0.3443     0.2574 0.0000e+00
        602 260.501659    0.04175     2.5050    150.299     70.672  50266.509    31.7497     8.1459     70.000     8.1386    24.7023     4.9680     7.0998     73.941    216.523    221.871   -0.00248    6.71887    9.60194  292.83124     8.1391   15.13686 1.2466e-01     0.3177     0.2491 0.0000e+00
        607 260.501673    0.04209     2.5254    151.525     71.682  50272.764    31.7535     8.1448     71.000     8.1373    24.7054     4.9556     7.0820     73.756    215.982    221.318   -0.00277    6.71887    9.60194  292.83028     8.1379   15.13680 1.1687e-01     0.3087     0.2546 0.0000e+00
        612 260.501688    0.04246     2.5475    152.848     72.692  50283.845    31.7607     8.1438     72.000     8.1363    24.7111     4.9472     7.0702     73.634    215.618    220.946   -0.00252    6.71871    9.60172  292.82176     8.1368   15.13636 1.0997e-01     0.3092     0.2566 0.0000e+00
        617 260.501702    0.04281     2.5682    154.090     73.702  50295.044    31.7676     8.1413     73.000     8.1320    24.7170     4.9378     7.0567     73.492    215.203    220.522   -0.00249    6.71879    9.60183  292.82355     8.1342   15.13642 1.0372e-01     0.3163     0.2617 0.0000e+00
        622 260.501716    0.04312     2.5873    155.236     74.712  50302.196    31.7715     8.1369     74.000     8.1284    24.7207     4.9234     7.0360     73.273    214.575    219.879   -0.00297    6.71928    9.60252  292.84381     8.1297   15.13737 9.8310e-02     0.3281     0.2532 0.0000e+00
        627 260.501729    0.04345     2.6070    156.419     75.722  50306.089    31.7733     8.1341     75.000     8.1256    24.7226     4.9103     7.0173     73.074    214.004    219.294   -0.00322    6.71964    9.60305  292.85913     8.1267   15.13809 9.3545e-02     0.3290     0.2460 0.0000e+00
        632 260.501744    0.04379     2.6271    157.629     76.731  50309.692    31.7750     8.1314     76.000     8.1230    24.7242     4.9010     7.0041     72.933    213.600    218.880   -0.00300    6.71997    9.60351  292.87274     8.1240   15.13874 8.9145e-02     0.3341     0.2468 0.0000e+00
        637 260.501758    0.04414     2.6480    158.881     77.742  50313.601    31.7769     8.1293     77.000     8.1211    24.7260     4.8974     6.9989     72.876    213.441    218.718   -0.00242    6.72021    9.60385  292.88264     8.1218   15.13920 8.5224e-02     0.3258     0.2469 0.0000e+00
        642 260.501774    0.04451     2.6710    160.257     78.751  50316.235    31.7781     8.1278     78.000     8.1197    24.7272     4.8991     7.0013     72.899    213.514    218.793   -0.00143    6.72038    9.60410  292.88990     8.1202   15.13954 8.1606e-02     0.3168     0.2463 0.0000e+00
        647 260.501788    0.04485     2.6911    161.465     79.761  50317.552    31.7784     8.1267     79.000     8.1182    24.7276     4.8958     6.9965     72.847    213.368    218.644   -0.00129    6.72054    9.60431  292.89642     8.1190   15.13986 7.8490e-02     0.3224     0.2516 0.0000e+00
        652 260.501802    0.04519     2.7111    162.664     80.771  50319.795    31.7792     8.1249     80.000     8.1163    24.7285     4.8921     6.9914     72.791    213.210    218.482   -0.00124    6.72078    9.60466  292.90676     8.1171   15.14035 7.5796e-02     0.3287     0.2588 0.0000e+00
        657 260.501816    0.04554     2.7324    163.941     81.781  50322.568    31.7804     8.1230     81.000     8.1145    24.7297     4.8870     6.9840     72.712    212.986    218.253   -0.00130    6.72100    9.60499  292.91635     8.1151   15.14080 7.3496e-02     0.3387     0.2598 0.0000e+00
        662 260.501833    0.04593     2.7557    165.343     82.791  50324.911    31.7814     8.1215     82.000     8.1129    24.7307     4.8819     6.9768     72.635    212.766    218.028   -0.00130    6.72119    9.60525  292.92417     8.1135   15.14117 7.1423e-02     0.3263     0.2568 0.0000e+00
        668 260.501848    0.04630     2.7779    166.672     83.801  50328.012    31.7828     8.1197     83.000     8.1103    24.7322     4.8807     6.9751     72.615    212.714    217.974   -0.00100    6.72141    9.60556  292.93312     8.1116   15.14159 6.9595e-02     0.3167     0.2603 0.0000e+00
        672 260.501861    0.04660     2.7956    167.738     84.810  50333.598    31.7857     8.1163     84.000     8.1059    24.7349     4.8791     6.9726     72.585    212.638    217.897   -0.00091    6.72179    9.60612  292.94914     8.1081   15.14234 6.7897e-02     0.3223     0.2659 0.0000e+00
        676 260.501873    0.04689     2.8134    168.804     85.820  50341.321    31.7899     8.1115     85.000     8.1007    24.7389     4.8756     6.9677     72.528    212.487    217.744   -0.00102    6.72234    9.60690  292.97198     8.1032   15.14342 6.6357e-02     0.3234     0.2608 0.0000e+00
        681 260.501887    0.04724     2.8344    170.063     86.830  50351.123    31.7952     8.1044     86.000     8.0929    24.7441     4.8707     6.9607     72.447    212.274    217.526   -0.00117    6.72318    9.60810  293.00706     8.0961   15.14507 6.5001e-02     0.3263     0.2622 0.0000e+00
        687 260.501905    0.04766     2.8598    171.587     87.840  50362.643    31.8014     8.0955     87.000     8.0844    24.7503     4.8584     6.9432     72.252    211.736    216.976   -0.00177    6.72426    9.60965  293.05266     8.0871   15.14722 6.3752e-02     0.3177     0.2583 0.0000e+00
        693 260.501920    0.04804     2.8822    172.930     88.850  50372.047    31.8061     8.0866     88.000     8.0722    24.7553     4.8512     6.9329     72.133    211.422    216.656   -0.00190    6.72542    9.61129  293.10131     8.0781   15.14953 6.2595e-02     0.3125     0.2684 0.0000e+00
        698 260.501936    0.04841     2.9047    174.284     89.860  50390.922    31.8159     8.0677     89.000     8.0487    24.7656     4.8467     6.9263     72.038    211.220    216.451   -0.00174    6.72786    9.61479  293.20489     8.0591   15.15443 6.1655e-02     0.3257     0.2808 0.0000e+00
        703 260.501951    0.04877     2.9264    175.584     90.869  50421.481    31.8318     8.0365     90.000     8.0134    24.7826     4.8384     6.9146     71.873    210.859    216.085   -0.00211    6.73191    9.62058  293.37676     8.0277   15.16258 6.0786e-02     0.3304     0.2824 0.0000e+00
        708 260.501966    0.04913     2.9474    176.843     91.879  50457.154    31.8507     8.0015     91.000     7.9771    24.8024     4.8282     6.9000     71.673    210.407    215.626   -0.00255    6.73642    9.62702  293.56733     7.9927   15.17160 6.0005e-02     0.3104     0.3123 0.0000e+00
        713 260.501980    0.04947     2.9680    178.081     92.889  50486.768    31.8634     7.9549     92.000     7.9193    24.8191     4.8172     6.8844     71.441    209.929    215.139   -0.00304    6.74297    9.63639  293.84816     7.9461   15.18496 5.9312e-02     0.3089     0.3000 0.0000e+00
        718 260.501994    0.04979     2.9876    179.258     93.899  50543.033    31.8909     7.8848     93.000     7.8454    24.8506     4.8091     6.8728     71.220    209.569    214.777   -0.00340    6.75250    9.65000  294.25430     7.8759   15.20424 5.8675e-02     0.3164     0.2978 0.0000e+00
        723 260.502009    0.05016     3.0094    180.562     94.909  50607.541    31.9244     7.8162     94.000     7.7847    24.8866     4.8082     6.8713     71.110    209.518    214.732   -0.00296    6.76155    9.66293  294.63827     7.8072   15.22244 5.8153e-02     0.3276     0.3358 0.0000e+00
        729 260.502026    0.05058     3.0344    182.066     95.919  50656.974    31.9449     7.7343     95.000     7.6811    24.9142     4.8144     6.8803     71.080    209.787    215.013   -0.00201    6.77325    9.67965  295.14018     7.7253   15.24631 5.7586e-02     0.3269     0.3181 0.0000e+00
        734 260.502041    0.05092     3.0553    183.319     96.929  50751.792    31.9929     7.6274     96.000     7.5884    24.9668     4.8196     6.8876     71.005    209.998    215.241   -0.00190    6.78761    9.70018  295.75093     7.6184   15.27527 5.7146e-02     0.3148     0.3118 0.0000e+00
        739 260.502054    0.05124     3.0746    184.477     97.939  50807.815    32.0218     7.5696     97.000     7.5409    24.9976     4.8388     6.9152     71.209    210.832    216.102   -0.00039    6.79528    9.71114  296.07609     7.5606   15.29067 5.6722e-02     0.3128     0.2994 0.0000e+00
        743 260.502067    0.05155     3.0929    185.572     98.949  50843.561    32.0386     7.5240     98.000     7.4881    25.0171     4.8642     6.9514     71.515    211.933    217.234    0.00138    6.80160    9.72017  296.34580     7.5149   15.30348 5.6361e-02     0.3222     0.3051 0.0000e+00
        748 260.502082    0.05190     3.1141    186.847     99.958  50901.834    32.0652     7.4448     99.000     7.3874    25.0489     4.8790     6.9727     71.617    212.574    217.899    0.00152    6.81276    9.73611  296.82267     7.4356   15.32613 5.6025e-02     0.3105     0.2993 0.0000e+00
        754 260.502098    0.05228     3.1370    188.221    100.968  51038.898    32.1324     7.2841    100.000     7.2181    25.1236     4.8740     6.9654     71.311    212.338    217.673   -0.00072    6.83486    9.76771  297.76414     7.2749   15.37078 5.5699e-02     0.2940     0.3142 0.0000e+00
        759 260.502113    0.05265     3.1592    189.553    101.978  51171.550    32.2053     7.1744    101.000     7.1512    25.1958     4.8776     6.9706     71.219    212.481    217.835   -0.00136    6.84879    9.78761  298.34992     7.1653   15.39844 5.5426e-02     0.2792     0.3711 0.0000e+00
        764 260.502128    0.05301     3.1802    190.812    102.988  51202.838    32.2206     7.1408    102.000     7.1225    25.2124     4.9118     7.0195     71.670    213.967    219.362    0.00153    6.85338    9.79417  298.54491     7.1316   15.40768 5.5210e-02     0.2903     0.4227 0.0000e+00
