CTD-processing/allCTD/CNV/2018_10-17_t9_s06_cast070_5028.cnv
* Sea-Bird SBE19plus Data File:
* FileName = C:\Users\Kim.Powell\Desktop\Not Processed\2018\2018_10-17_AlongBay, T9_5028\2018_10-17_TRANSECT_STATION_cast070.hex
* Software Version 1.59
* Temperature SN =  5028
* Conductivity SN =  5028
* System UpLoad Time = Oct 25 2018 17:13:24
** 2018_10-17
** Station: 9-06
** Start Time: 15:08
** Depth (m): 105
** Comment: Turbid
** Comment:
# nquan = 27
# nvalues = 97                          
# units = specified
# name 0 = scan: Scan Count
# name 1 = timeJ: Julian Days
# name 2 = timeH: Time, Elapsed [hours]
# name 3 = timeM: Time, Elapsed [minutes]
# name 4 = timeS: Time, Elapsed [seconds]
# name 5 = prdM: Pressure, Strain Gauge [db]
# name 6 = specc: Specific Conductance [uS/cm]
# name 7 = sal00: Salinity, Practical [PSU]
# name 8 = tv290C: Temperature [ITS-90, deg C]
# name 9 = depSM: Depth [salt water, m], lat = 59.00
# name 10 = potemp090C: Potential Temperature [ITS-90, deg C]
# name 11 = sigma-é00: Density [sigma-theta, kg/m^3]
# name 12 = sbeox0ML/L: Oxygen, SBE 43 [ml/l]
# name 13 = sbeox0Mg/L: Oxygen, SBE 43 [mg/l]
# name 14 = sbeox0PS: Oxygen, SBE 43 [% saturation]
# name 15 = sbox0Mm/Kg: Oxygen, SBE 43 [umol/kg]
# name 16 = sbeox0Mm/L: Oxygen, SBE 43 [umol/l]
# name 17 = sbox0dV/dT: Oxygen, SBE 43 [dov/dt]
# name 18 = oxsolML/L: Oxygen Saturation, Garcia & Gordon [ml/l]
# name 19 = oxsolMg/L: Oxygen Saturation, Garcia & Gordon [mg/l]
# name 20 = oxsolMm/Kg: Oxygen Saturation, Garcia & Gordon [umol/kg]
# name 21 = potemp090C: Potential Temperature [ITS-90, deg C]
# name 22 = n2satMg/L: Nitrogen Saturation [mg/l]
# name 23 = par: PAR/Irradiance, Biospherical/Licor
# name 24 = flECO-AFL: Fluorescence, WET Labs ECO-AFL/FL [mg/m^3]
# name 25 = turbWETntu0: Turbidity, WET Labs ECO [NTU]
# name 26 = flag: flag
# span 0 =        382,        798       
# span 1 = 290.633036, 290.634240       
# span 2 =    0.02647,    0.05538       
# span 3 =     1.5884,     3.3224       
# span 4 =     95.303,    199.346       
# span 5 =      1.009,     97.938       
# span 6 =  41811.015,  48872.718       
# span 7 =    25.9757,    30.9267       
# span 8 =     8.5001,     9.5075       
# span 9 =      1.000,     97.000       
# span 10 =     8.5914,     9.5059      
# span 11 =    20.1305,    23.8893      
# span 12 =     5.1244,     6.3330      
# span 13 =     7.3233,     9.0504      
# span 14 =     77.810,     91.986      
# span 15 =    223.517,    277.249      
# span 16 =    228.855,    282.829      
# span 17 =   -0.02145,    0.00410      
# span 18 =    6.56943,    6.92029      
# span 19 =    9.38837,    9.88978      
# span 20 =  286.58704,  302.96309      
# span 21 =     8.5000,     9.5067      
# span 22 =   14.84249,   15.64447      
# span 23 = 5.1333e-02, 7.3888e+01      
# span 24 =     0.2523,     0.8549      
# span 25 =     0.4506,    12.1947      
# span 26 = 0.0000e+00, 0.0000e+00      
# interval = meters: 1                  
# start_time = Oct 17 2018 15:09:59 [Instrument's time stamp, header]
# bad_flag = -9.990e-29
*END*
[from data line 54]
        612 290.633702    0.04245     2.5469    152.814     55.526  48587.051    30.7653     9.4351     55.000     9.4296    23.7381     5.5656     7.9538     84.716    242.795    248.559   -0.00073    6.56972    9.38878  286.60030     9.4292   14.84315 5.4305e-02     0.2985     0.4560 0.0000e+00
        617 290.633714    0.04275     2.5646    153.876     56.536  48588.704    30.7662     9.4360     56.000     9.4302    23.7386     5.5662     7.9547     84.728    242.824    248.588   -0.00044    6.56955    9.38855  286.59293     9.4300   14.84279 5.4087e-02     0.3020     0.4767 0.0000e+00
        621 290.633727    0.04305     2.5829    154.973     57.546  48590.437    30.7670     9.4364     57.000     9.4303    23.7393     5.5646     7.9525     84.705    242.754    248.517   -0.00054    6.56945    9.38841  286.58847     9.4304   14.84257 5.3886e-02     0.3161     0.5145 0.0000e+00
        626 290.633740    0.04337     2.6023    156.138     58.555  48593.904    30.7689     9.4359     58.000     9.4291    23.7408     5.5671     7.9559     84.742    242.861    248.626   -0.00020    6.56943    9.38837  286.58704     9.4298   14.84249 5.3705e-02     0.3185     0.4658 0.0000e+00
        630 290.633754    0.04370     2.6218    157.310     59.566  48601.936    30.7738     9.4335     59.000     9.4247    23.7451     5.5719     7.9628     84.814    243.070    248.842    0.00017    6.56959    9.38861  286.59290     9.4272   14.84275 5.3534e-02     0.2997     0.4506 0.0000e+00
        635 290.633766    0.04401     2.6404    158.424     60.575  48614.113    30.7810     9.4265     60.000     9.4161    23.7518     5.5790     7.9730     84.913    243.379    249.160    0.00071    6.57030    9.38961  286.62177     9.4201   14.84411 5.3355e-02     0.2983     0.4652 0.0000e+00
        639 290.633779    0.04431     2.6587    159.521     61.585  48626.333    30.7881     9.4183     61.000     9.4090    23.7586     5.5686     7.9581     84.742    242.921    248.692   -0.00044    6.57119    9.39089  286.65878     9.4119   14.84585 5.3246e-02     0.2988     0.5220 0.0000e+00
        643 290.633792    0.04461     2.6767    160.601     62.595  48637.399    30.7947     9.4125     62.000     9.4031    23.7647     5.5495     7.9308     84.445    242.089    247.841   -0.00214    6.57177    9.39171  286.68214     9.4059   14.84694 5.3111e-02     0.2957     0.6509 0.0000e+00
        648 290.633804    0.04491     2.6947    161.681     63.604  48648.660    30.8013     9.4067     63.000     9.3980    23.7708     5.5291     7.9017     84.128    241.197    246.931   -0.00343    6.57232    9.39249  286.70435     9.4000   14.84797 5.2973e-02     0.2968     0.6880 0.0000e+00
        652 290.633816    0.04520     2.7118    162.705     64.614  48656.410    30.8059     9.4030     64.000     9.3951    23.7750     5.5085     7.8722     83.810    240.297    246.010   -0.00440    6.57266    9.39299  286.71829     9.3963   14.84862 5.2856e-02     0.3088     0.6063 0.0000e+00
        656 290.633828    0.04548     2.7288    163.729     65.624  48660.662    30.8082     9.4012     65.000     9.3940    23.7771     5.4912     7.8475     83.544    239.542    245.238   -0.00479    6.57283    9.39323  286.72513     9.3944   14.84894 5.2777e-02     0.3061     0.7270 0.0000e+00
        660 290.633840    0.04577     2.7462    164.772     66.634  48662.605    30.8091     9.4007     66.000     9.3934    23.7778     5.4783     7.8290     83.347    238.978    244.661   -0.00462    6.57288    9.39329  286.72674     9.3937   14.84901 5.2678e-02     0.3012     0.7584 0.0000e+00
        664 290.633852    0.04606     2.7639    165.836     67.644  48664.050    30.8096     9.4004     67.000     9.3931    23.7783     5.4733     7.8218     83.270    238.758    244.435   -0.00381    6.57289    9.39332  286.72746     9.3933   14.84904 5.2621e-02     0.3104     0.8292 0.0000e+00
        669 290.633865    0.04636     2.7813    166.877     68.653  48666.507    30.8108     9.3999     68.000     9.3921    23.7794     5.4703     7.8177     83.226    238.632    244.306   -0.00291    6.57290    9.39334  286.72765     9.3927   14.84905 5.2556e-02     0.2937     0.6495 0.0000e+00
        673 290.633876    0.04665     2.7986    167.914     69.663  48671.526    30.8137     9.3984     69.000     9.3900    23.7819     5.4603     7.8034     83.072    238.194    243.858   -0.00299    6.57301    9.39350  286.73175     9.3911   14.84923 5.2467e-02     0.2777     0.6036 0.0000e+00
        677 290.633889    0.04694     2.8165    168.993     70.673  48676.968    30.8169     9.3962     70.000     9.3874    23.7847     5.4476     7.7853     82.877    237.641    243.293   -0.00328    6.57320    9.39376  286.73913     9.3887   14.84957 5.2400e-02     0.2761     0.6209 0.0000e+00
        681 290.633901    0.04724     2.8346    170.077     71.683  48684.578    30.8213     9.3927     71.000     9.3831    23.7887     5.4327     7.7639     82.646    236.988    242.626   -0.00365    6.57352    9.39421  286.75181     9.3852   14.85016 5.2342e-02     0.2787     0.6764 0.0000e+00
        686 290.633914    0.04754     2.8524    171.146     72.693  48692.418    30.8258     9.3885     72.000     9.3791    23.7929     5.4198     7.7454     82.444    236.423    242.048   -0.00390    6.57392    9.39480  286.76838     9.3810   14.85093 5.2273e-02     0.2733     0.6921 0.0000e+00
        690 290.633926    0.04784     2.8699    172.197     73.702  48700.590    30.8305     9.3843     73.000     9.3737    23.7973     5.4114     7.7334     82.311    236.056    241.673   -0.00352    6.57435    9.39541  286.78589     9.3765   14.85175 5.2221e-02     0.2532     0.6957 0.0000e+00
        694 290.633938    0.04813     2.8877    173.262     74.712  48710.382    30.8362     9.3781     74.000     9.3675    23.8026     5.3961     7.7115     82.069    235.384    240.987   -0.00387    6.57501    9.39635  286.81300     9.3703   14.85302 5.2182e-02     0.2523     0.7648 0.0000e+00
        698 290.633951    0.04843     2.9057    174.342     75.722  48717.921    30.8404     9.3731     75.000     9.3639    23.8067     5.3704     7.6748     81.671    234.263    239.840   -0.00501    6.57556    9.39714  286.83601     9.3652   14.85411 5.2107e-02     0.2747     0.8369 0.0000e+00
        703 290.633963    0.04872     2.9234    175.402     76.731  48721.769    30.8423     9.3708     76.000     9.3618    23.8086     5.3388     7.6297     81.189    232.886    238.431   -0.00643    6.57580    9.39748  286.84587     9.3628   14.85457 5.2056e-02     0.2906     0.8531 0.0000e+00
        707 290.633975    0.04901     2.9404    176.425     77.741  48726.200    30.8446     9.3683     77.000     9.3581    23.8109     5.3140     7.5942     80.808    231.803    237.323   -0.00697    6.57607    9.39787  286.85708     9.3602   14.85510 5.2026e-02     0.2797     0.8390 0.0000e+00
        711 290.633987    0.04932     2.9588    177.527     78.751  48733.103    30.8485     9.3640     78.000     9.3544    23.8145     5.2982     7.5717     80.563    231.116    236.620   -0.00632    6.57653    9.39852  286.87612     9.3558   14.85599 5.1980e-02     0.2604     0.8910 0.0000e+00
        716 290.634001    0.04962     2.9773    178.641     79.761  48737.286    30.8507     9.3616     79.000     9.3524    23.8167     5.2830     7.5499     80.327    230.449    235.938   -0.00575    6.57680    9.39891  286.88725     9.3533   14.85652 5.1894e-02     0.2585     0.9497 0.0000e+00
        720 290.634013    0.04993     2.9958    179.747     80.771  48740.600    30.8523     9.3597     80.000     9.3503    23.8183     5.2748     7.5381     80.200    230.090    235.570   -0.00484    6.57700    9.39919  286.89560     9.3513   14.85691 5.1836e-02     0.2542     1.0162 0.0000e+00
        724 290.634026    0.05023     3.0139    180.837     81.780  48744.434    30.8543     9.3577     81.000     9.3479    23.8202     5.2713     7.5332     80.145    229.940    235.417   -0.00368    6.57722    9.39949  286.90420     9.3491   14.85732 5.1826e-02     0.2594     0.9912 0.0000e+00
        729 290.634039    0.05055     3.0326    181.956     82.790  48752.539    30.8591     9.3541     82.000     9.3427    23.8244     5.2678     7.5283     80.089    229.787    235.262   -0.00295    6.57753    9.39995  286.91686     9.3454   14.85790 5.1793e-02     0.2686     0.9662 0.0000e+00
        734 290.634053    0.05087     3.0521    183.128     83.800  48765.863    30.8671     9.3469     83.000     9.3350    23.8318     5.2736     7.5365     80.168    230.038    235.520   -0.00163    6.57824    9.40096  286.94568     9.3382   14.85925 5.1762e-02     0.2714     0.9900 0.0000e+00
        738 290.634066    0.05120     3.0721    184.323     84.811  48775.704    30.8727     9.3407     84.000     9.3301    23.8372     5.2851     7.5529     80.334    230.537    236.032   -0.00015    6.57892    9.40193  286.97376     9.3318   14.86056 5.1719e-02     0.2796     1.0337 0.0000e+00
        743 290.634080    0.05154     3.0923    185.538     85.820  48780.373    30.8751     9.3374     85.000     9.3277    23.8395     5.2851     7.5528     80.329    230.534    236.030   -0.00009    6.57928    9.40245  286.98894     9.3285   14.86128 5.1682e-02     0.2736     1.1940 0.0000e+00
        748 290.634094    0.05187     3.1124    186.743     86.830  48782.448    30.8759     9.3359     86.000     9.3261    23.8405     5.2741     7.5371     80.159    230.053    235.538   -0.00109    6.57947    9.40272  286.99698     9.3268   14.86166 5.1676e-02     0.2611     1.1477 0.0000e+00
        753 290.634108    0.05220     3.1320    187.922     87.840  48784.985    30.8770     9.3340     87.000     9.3233    23.8416     5.2654     7.5248     80.025    229.677    235.152   -0.00158    6.57970    9.40305  287.00664     9.3248   14.86212 5.1648e-02     0.2654     1.1389 0.0000e+00
        757 290.634121    0.05251     3.1508    189.050     88.849  48791.668    30.8807     9.3297     88.000     9.3163    23.8452     5.2572     7.5131     79.895    229.320    234.788   -0.00189    6.58018    9.40373  287.02669     9.3204   14.86306 5.1619e-02     0.2769     1.2341 0.0000e+00
        762 290.634134    0.05282     3.1688    190.126     89.859  48809.353    30.8912     9.3184     89.000     9.2999    23.8551     5.2504     7.5034     79.777    229.021    234.484   -0.00208    6.58139    9.40545  287.07643     9.3090   14.86540 5.1593e-02     0.2846     1.3557 0.0000e+00
        766 290.634146    0.05311     3.1867    191.200     90.869  48837.034    30.9077     9.2996     90.000     9.2849    23.8709     5.2342     7.4802     79.506    228.310    233.759   -0.00294    6.58341    9.40836  287.16064     9.2902   14.86936 5.1538e-02     0.2830     1.5562 0.0000e+00
        770 290.634158    0.05341     3.2047    192.284     91.880  48848.962    30.9145     9.2916     91.000     9.2800    23.8776     5.2012     7.4331     78.994    226.870    232.287   -0.00505    6.58430    9.40963  287.19739     9.2820   14.87109 5.1520e-02     0.2805     1.8025 0.0000e+00
        775 290.634171    0.05372     3.2234    193.404     92.889  48856.412    30.9187     9.2870     92.000     9.2749    23.8815     5.1718     7.3910     78.542    225.587    230.974   -0.00626    6.58479    9.41033  287.21765     9.2774   14.87204 5.1539e-02     0.2749     1.8911 0.0000e+00
        779 290.634185    0.05405     3.2428    194.568     93.899  48863.896    30.9228     9.2822     93.000     9.2713    23.8855     5.1515     7.3620     78.227    224.699    230.067   -0.00611    6.58532    9.41108  287.23954     9.2724   14.87307 5.1507e-02     0.2701     1.9998 0.0000e+00
        784 290.634198    0.05436     3.2617    195.699     94.909  48867.325    30.9246     9.2801     94.000     9.2695    23.8872     5.1376     7.3421     78.013    224.092    229.445   -0.00553    6.58554    9.41140  287.24869     9.2703   14.87350 5.1494e-02     0.2708     2.0702 0.0000e+00
        788 290.634211    0.05467     3.2804    196.825     95.919  48869.882    30.9257     9.2788     95.000     9.2684    23.8883     5.1342     7.3372     77.959    223.941    229.291   -0.00420    6.58570    9.41162  287.25507     9.2688   14.87380 5.1475e-02     0.2805     2.1868 0.0000e+00
        793 290.634224    0.05499     3.2995    197.972     96.929  48871.377    30.9263     9.2781     96.000     9.2678    23.8889     5.1319     7.3340     77.924    223.843    229.190   -0.00309    6.58578    9.41173  287.25837     9.2680   14.87395 5.1421e-02     0.2835     2.3505 0.0000e+00
        798 290.634240    0.05538     3.3224    199.346     97.938  48872.718    30.9267     9.2776     97.000     9.2673    23.8893     5.1244     7.3233     77.810    223.517    228.855   -0.00276    6.58582    9.41182  287.26064     9.2673   14.87407 5.1333e-02     0.3012     2.4189 0.0000e+00
