CTD-processing/allCTD/CNV/2018_08-23_t9_s07_cast214_5028.cnv
* Sea-Bird SBE19plus Data File:
* FileName = C:\Users\Kim.Powell\Desktop\Not Processed\2018\2018_08-23_AlongBay, T9_5028\2018_08-23_TRANSECT_STATION_cast214.hex
* Software Version 1.59
* Temperature SN =  5028
* Conductivity SN =  5028
* System UpLoad Time = Aug 31 2018 10:36:19
** 2018_08-23
** Station: 9-07
** Start Time: 15:35
** Depth (m): 102
** Comment:
** Comment:
# nquan = 27
# nvalues = 98                          
# units = specified
# name 0 = scan: Scan Count
# name 1 = timeJ: Julian Days
# name 2 = timeH: Time, Elapsed [hours]
# name 3 = timeM: Time, Elapsed [minutes]
# name 4 = timeS: Time, Elapsed [seconds]
# name 5 = prdM: Pressure, Strain Gauge [db]
# name 6 = specc: Specific Conductance [uS/cm]
# name 7 = sal00: Salinity, Practical [PSU]
# name 8 = tv290C: Temperature [ITS-90, deg C]
# name 9 = depSM: Depth [salt water, m], lat = 59.00
# name 10 = potemp090C: Potential Temperature [ITS-90, deg C]
# name 11 = sigma-é00: Density [sigma-theta, kg/m^3]
# name 12 = sbeox0ML/L: Oxygen, SBE 43 [ml/l]
# name 13 = sbeox0Mg/L: Oxygen, SBE 43 [mg/l]
# name 14 = sbeox0PS: Oxygen, SBE 43 [% saturation]
# name 15 = sbox0Mm/Kg: Oxygen, SBE 43 [umol/kg]
# name 16 = sbeox0Mm/L: Oxygen, SBE 43 [umol/l]
# name 17 = sbox0dV/dT: Oxygen, SBE 43 [dov/dt]
# name 18 = oxsolML/L: Oxygen Saturation, Garcia & Gordon [ml/l]
# name 19 = oxsolMg/L: Oxygen Saturation, Garcia & Gordon [mg/l]
# name 20 = oxsolMm/Kg: Oxygen Saturation, Garcia & Gordon [umol/kg]
# name 21 = potemp090C: Potential Temperature [ITS-90, deg C]
# name 22 = n2satMg/L: Nitrogen Saturation [mg/l]
# name 23 = par: PAR/Irradiance, Biospherical/Licor
# name 24 = flECO-AFL: Fluorescence, WET Labs ECO-AFL/FL [mg/m^3]
# name 25 = turbWETntu0: Turbidity, WET Labs ECO [NTU]
# name 26 = flag: flag
# span 0 =        313,        743       
# span 1 = 235.650661, 235.651903       
# span 2 =    0.02169,    0.05153       
# span 3 =     1.3009,     3.0915       
# span 4 =     78.055,    185.487       
# span 5 =      1.009,     98.949       
# span 6 =  39565.344,  49362.429       
# span 7 =    24.7776,    31.2738       
# span 8 =     9.3041,    12.1469       
# span 9 =      1.000,     98.000       
# span 10 =     9.2944,    12.1076      
# span 11 =    18.6397,    24.1565      
# span 12 =     5.4740,     6.5081      
# span 13 =     7.8230,     9.3007      
# span 14 =     83.354,    101.155      
# span 15 =    238.705,    285.333      
# span 16 =    244.472,    290.651      
# span 17 =   -0.01377,    0.00377      
# span 18 =    6.36876,    6.56725      
# span 19 =    9.10159,    9.38523      
# span 20 =  277.93820,  286.37489      
# span 21 =     9.2938,    12.1468      
# span 22 =   14.42843,   14.83032      
# span 23 = 5.5768e-02, 5.1413e+01      
# span 24 =     0.2516,     4.8504      
# span 25 =     0.2429,     2.5124      
# span 26 = 0.0000e+00, 0.0000e+00      
# interval = meters: 1                  
# start_time = Aug 23 2018 15:35:39 [Instrument's time stamp, header]
# bad_flag = -9.990e-29
*END*
        313 235.650661    0.02169     1.3009     78.055      1.009  39565.344    24.7776    12.1469      1.000    12.1076    18.6397     6.5081     9.3007    101.155    285.333    290.651    0.00377    6.43378    9.19452  282.07516    12.1468   14.65124 5.1413e+01     2.0879     2.5124 0.0000e+00
        318 235.650675    0.02203     1.3218     79.306      2.019  41833.511    26.3358    11.9600      2.000    11.8133    19.8781     6.4536     9.2229    100.891    282.604    288.219    0.00095    6.39652    9.14126  280.10182    11.9598   14.55032 2.5690e+01     2.4314     2.4710 0.0000e+00
        323 235.650688    0.02235     1.3409     80.454      3.028  44572.652    28.2143    11.6094      3.000    11.4751    21.3942     6.3813     9.1196    100.197    279.022    284.990   -0.00418    6.36876    9.10159  278.47144    11.6091   14.46455 1.3420e+01     3.6605     2.2327 0.0000e+00
        327 235.650700    0.02264     1.3585     81.512      4.038  45804.811    29.0507    11.3298      4.000    11.2023    22.0913     6.3999     9.1461    100.417    279.642    285.820   -0.00225    6.37328    9.10804  278.47836    11.3294   14.46149 8.1192e+00     4.8504     1.9073 0.0000e+00
        331 235.650712    0.02292     1.3752     82.512      5.047  46800.076    29.7275    11.1082      5.000    11.0330    22.6550     6.3961     9.1406    100.310    279.321    285.648   -0.00152    6.37629    9.11236  278.45674    11.1077   14.45771 5.2658e+00     4.6001     1.6081 0.0000e+00
        335 235.650723    0.02319     1.3915     83.488      6.057  47443.898    30.1655    10.9680      6.000    10.9193    23.0194     6.3256     9.0400     99.182    276.147    282.502   -0.00815    6.37781    9.11453  278.42383    10.9673   14.45437 3.7397e+00     3.3311     1.1414 0.0000e+00
        339 235.650734    0.02345     1.4071     84.427      7.067  47775.437    30.3917    10.9015      7.000    10.9046    23.2065     6.2528     8.9358     98.040    272.915    279.248   -0.01377    6.37779    9.11450  278.37218    10.9007   14.45099 2.9288e+00     2.6231     0.8618 0.0000e+00
        343 235.650746    0.02373     1.4236     85.414      8.075  47923.612    30.4977    10.9180      8.000    10.9210    23.2862     6.2115     8.8769     97.493    271.092    277.405   -0.01361    6.37122    9.10512  278.06386    10.9171   14.43580 2.3739e+00     2.5290     0.6938 0.0000e+00
        347 235.650757    0.02400     1.4401     86.404      9.085  48037.961    30.5772    10.9112      9.000    10.8895    23.3492     6.2172     8.8850     97.617    271.324    277.660   -0.00914    6.36894    9.10186  277.94709    10.9101   14.42989 1.9373e+00     2.3513     0.5949 0.0000e+00
        351 235.650769    0.02428     1.4565     87.392     10.095  48181.526    30.6736    10.8701     10.000    10.8543    23.4312     6.2329     8.9074     97.837    271.987    278.360   -0.00481    6.37068    9.10434  278.00065    10.8689   14.43206 1.5974e+00     2.0617     0.5658 0.0000e+00
        355 235.650780    0.02455     1.4732     88.391     11.104  48311.124    30.7621    10.8465     11.000    10.8369    23.5041     6.2224     8.8925     97.679    271.513    277.895   -0.00425    6.37034    9.10385  277.96582    10.8452   14.43004 1.3318e+00     1.8753     0.5716 0.0000e+00
        359 235.650792    0.02484     1.4906     89.437     12.114  48415.681    30.8334    10.8274     12.000    10.8168    23.5628     6.2004     8.8609     97.336    270.534    276.909   -0.00509    6.37007    9.10346  277.93820    10.8260   14.42843 1.1223e+00     1.7323     0.4163 0.0000e+00
        363 235.650804    0.02513     1.5077     90.462     13.123  48472.282    30.8713    10.8123     13.000    10.8074    23.5949     6.1659     8.8118     96.787    269.023    275.371   -0.00692    6.37061    9.10423  277.95313    10.8108   14.42899 9.5709e-01     1.6518     0.3467 0.0000e+00
        367 235.650816    0.02542     1.5251     91.505     14.132  48498.870    30.8888    10.8046     14.000    10.7984    23.6099     6.1423     8.7780     96.411    267.988    274.316   -0.00749    6.37096    9.10474  277.96430    10.8030   14.42946 8.2708e-01     1.4531     0.3475 0.0000e+00
        371 235.650829    0.02572     1.5436     92.613     15.142  48516.358    30.8995    10.7946     15.000    10.7889    23.6200     6.1400     8.7747     96.361    267.886    274.213   -0.00542    6.37189    9.10607  278.00241    10.7929   14.43124 7.1535e-01     1.3144     0.3565 0.0000e+00
        376 235.650842    0.02603     1.5622     93.730     16.151  48532.995    30.9102    10.7878     16.000    10.7850    23.6294     6.1320     8.7633     96.228    267.535    273.857   -0.00444    6.37240    9.10679  278.02179    10.7860   14.43212 6.2027e-01     1.3249     0.3449 0.0000e+00
        380 235.650855    0.02635     1.5812     94.870     17.161  48544.445    30.9176    10.7857     17.000    10.7800    23.6356     6.1219     8.7489     96.070    267.092    273.405   -0.00408    6.37239    9.10678  278.01962    10.7838   14.43199 5.3573e-01     1.4188     0.3484 0.0000e+00
        385 235.650868    0.02667     1.5999     95.992     18.171  48550.258    30.9198    10.7731     18.000    10.7630    23.6395     6.1321     8.7634     96.204    267.534    273.858   -0.00215    6.37404    9.10914  278.09073    10.7710   14.43539 4.6479e-01     1.4960     0.2771 0.0000e+00
        389 235.650881    0.02697     1.6182     97.092     19.180  48559.695    30.9242    10.7566     19.000    10.7482    23.6457     6.1513     8.7909     96.475    268.374    274.720    0.00025    6.37613    9.11212  278.18008    10.7544   14.43965 4.0407e-01     1.4725     0.2555 0.0000e+00
        394 235.650893    0.02728     1.6366     98.199     20.189  48564.804    30.9259    10.7435     20.000    10.7349    23.6493     6.1537     8.7943     96.485    268.476    274.825    0.00029    6.37786    9.11461  278.25488    10.7412   14.44322 3.5369e-01     1.3787     0.2456 0.0000e+00
        398 235.650906    0.02758     1.6547     99.284     21.199  48563.518    30.9228    10.7276     21.000    10.7122    23.6495     6.1519     8.7917     96.422    268.396    274.744   -0.00032    6.38020    9.11794  278.35651    10.7251   14.44810 3.1179e-01     1.1944     0.2429 0.0000e+00
        402 235.650917    0.02785     1.6706    100.235     22.209  48565.334    30.9205    10.7005     22.000    10.6784    23.6524     6.1505     8.7896     96.341    268.332    274.678   -0.00074    6.38402    9.12340  278.52247    10.6980   14.45605 2.7742e-01     0.9589     0.2452 0.0000e+00
        406 235.650928    0.02811     1.6862    101.172     23.218  48583.183    30.9284    10.6641     23.000    10.6454    23.6648     6.1348     8.7671     96.024    267.643    273.976   -0.00241    6.38873    9.13012  278.72454    10.6615   14.46570 2.4853e-01     0.8038     0.2642 0.0000e+00
        410 235.650939    0.02837     1.7022    102.133     24.228  48604.842    30.9403    10.6380     24.000    10.6269    23.6785     6.0958     8.7114     95.368    265.939    272.236   -0.00576    6.39184    9.13459  278.85693    10.6352   14.47199 2.2386e-01     0.7587     0.3373 0.0000e+00
        414 235.650951    0.02865     1.7192    103.154     25.238  48613.264    30.9439    10.6218     25.000    10.6086    23.6841     6.0484     8.6438     94.597    263.873    270.123   -0.00904    6.39394    9.13758  278.94677    10.6189   14.47627 2.0174e-01     0.7606     0.3296 0.0000e+00
        418 235.650962    0.02893     1.7355    104.132     26.247  48623.204    30.9478    10.5980     26.000    10.5801    23.6911     6.0237     8.6084     94.163    262.792    269.017   -0.00942    6.39707    9.14206  279.08150    10.5951   14.48271 1.8244e-01     0.7635     0.2634 0.0000e+00
        422 235.650974    0.02921     1.7525    105.152     27.256  48643.107    30.9580    10.5692     27.000    10.5538    23.7040     6.0156     8.5968     93.983    262.433    268.654   -0.00780    6.40066    9.14718  279.23438    10.5661   14.48999 1.6606e-01     0.7735     0.2551 0.0000e+00
        425 235.650985    0.02947     1.7686    106.119     28.266  48656.659    30.9644    10.5453     28.000    10.5298    23.7129     6.0063     8.5836     93.794    262.027    268.241   -0.00670    6.40371    9.15153  279.36486    10.5422   14.49621 1.5192e-01     0.7817     0.2598 0.0000e+00
        430 235.650997    0.02976     1.7858    107.145     29.276  48673.184    30.9729    10.5223     29.000    10.5111    23.7235     5.9957     8.5685     93.587    261.564    267.769   -0.00610    6.40655    9.15561  279.48644    10.5190   14.50200 1.3956e-01     0.7750     0.2935 0.0000e+00
        434 235.651010    0.03007     1.8039    108.237     30.285  48683.569    30.9777    10.5045     30.000    10.4917    23.7302     5.9926     8.5640     93.505    261.424    267.627   -0.00475    6.40883    9.15886  279.58393    10.5011   14.50664 1.2851e-01     0.7685     0.3140 0.0000e+00
        439 235.651023    0.03039     1.8233    109.399     31.295  48698.816    30.9855    10.4828     31.000    10.4707    23.7400     5.9889     8.5587     93.408    261.263    267.465   -0.00376    6.41153    9.16273  279.69915    10.4793   14.51212 1.1875e-01     0.7475     0.3529 0.0000e+00
        443 235.651035    0.03068     1.8408    110.448     32.304  48713.584    30.9935    10.4661     32.000    10.4564    23.7490     5.9846     8.5526     93.312    261.072    267.272   -0.00327    6.41354    9.16558  279.78394    10.4624   14.51615 1.1041e-01     0.7413     0.3652 0.0000e+00
        447 235.651047    0.03097     1.8585    111.509     33.314  48725.821    31.0004    10.4549     33.000    10.4466    23.7562     5.9794     8.5452     93.213    260.846    267.042   -0.00291    6.41481    9.16741  279.83773    10.4511   14.51870 1.0347e-01     0.7219     0.3511 0.0000e+00
        451 235.651059    0.03125     1.8752    112.514     34.324  48735.218    31.0055    10.4459     34.000    10.4363    23.7618     5.9699     8.5316     93.049    260.427    266.615   -0.00308    6.41586    9.16890  279.88169    10.4420   14.52078 9.7533e-02     0.7077     0.3343 0.0000e+00
        455 235.651070    0.03151     1.8908    113.446     35.333  48743.073    31.0093    10.4344     35.000    10.4225    23.7666     5.9595     8.5167     92.866    259.971    266.150   -0.00347    6.41731    9.17098  279.94388    10.4303   14.52374 9.2520e-02     0.6781     0.2995 0.0000e+00
        459 235.651082    0.03180     1.9078    114.465     36.343  48750.499    31.0121    10.4173     36.000    10.4012    23.7717     5.9500     8.5031     92.684    259.554    265.725   -0.00363    6.41956    9.17420  280.04071    10.4132   14.52836 8.8140e-02     0.6676     0.3006 0.0000e+00
        463 235.651093    0.03207     1.9242    115.451     37.352  48763.113    31.0173    10.3906     37.000    10.3719    23.7803     5.9451     8.4961     92.558    259.341    265.508   -0.00346    6.42308    9.17923  280.19175    10.3865   14.53557 8.4321e-02     0.6744     0.4219 0.0000e+00
        467 235.651105    0.03234     1.9407    116.442     38.362  48782.708    31.0275    10.3639     38.000    10.3468    23.7926     5.9393     8.4879     92.421    259.086    265.250   -0.00334    6.42640    9.18398  280.33345    10.3595   14.54231 8.0995e-02     0.6430     0.4241 0.0000e+00
        471 235.651117    0.03263     1.9577    117.461     39.372  48797.243    31.0340    10.3354     39.000    10.3122    23.8024     5.9320     8.4774     92.254    258.763    264.922   -0.00342    6.43012    9.18928  280.49266    10.3311   14.54990 7.8181e-02     0.6169     0.2961 0.0000e+00
        475 235.651129    0.03293     1.9754    118.521     40.381  48818.392    31.0433    10.2936     40.000    10.2675    23.8167     5.9161     8.4548     91.929    258.069    264.215   -0.00432    6.43559    9.19710  280.72739    10.2891   14.56110 7.5815e-02     0.6044     0.2587 0.0000e+00
        479 235.651140    0.03320     1.9919    119.517     41.391  48815.823    31.0351    10.2440     41.000    10.1988    23.8185     5.9011     8.4332     91.591    257.412    263.543   -0.00524    6.44288    9.20752  281.04505    10.2395   14.57634 7.3826e-02     0.5747     0.2814 0.0000e+00
        483 235.651153    0.03350     2.0100    120.602     42.401  48804.208    31.0137    10.1408     42.000    10.0717    23.8188     5.8848     8.4100     91.121    256.702    262.816   -0.00639    6.45831    9.22957  281.71779    10.1362   14.60862 7.2029e-02     0.5522     0.3403 0.0000e+00
        488 235.651166    0.03382     2.0291    121.748     43.410  48851.083    31.0291    10.0024     43.000     9.9563    23.8534     5.8504     8.3607     90.323    255.190    261.277   -0.00909    6.47724    9.25662  282.53404     9.9976   14.64761 7.0326e-02     0.5202     0.4508 0.0000e+00
        493 235.651179    0.03414     2.0481    122.883     44.420  48907.122    31.0592     9.9306     44.000     9.9176    23.8885     5.8104     8.3036     89.582    253.438    259.492   -0.01082    6.48617    9.26938  282.91391     9.9258   14.66566 6.8714e-02     0.4809     0.5478 0.0000e+00
        497 235.651191    0.03443     2.0657    123.944     45.430  48919.631    31.0661     9.9190     45.000     9.9110    23.8958     5.7900     8.2746     89.249    252.549    258.583   -0.00976    6.48753    9.27133  282.97120     9.9140   14.66837 6.7173e-02     0.4994     0.5802 0.0000e+00
        501 235.651204    0.03473     2.0841    125.048     46.439  48919.961    31.0647     9.9091     46.000     9.8978    23.8963     5.7895     8.2739     89.222    252.528    258.562   -0.00694    6.48898    9.27341  283.03457     9.9041   14.67141 6.5862e-02     0.5254     0.5963 0.0000e+00
        505 235.651216    0.03503     2.1015    126.093     47.449  48933.101    31.0721     9.8983     47.000     9.8924    23.9039     5.7877     8.2712     89.176    252.444    258.478   -0.00511    6.49021    9.27516  283.08616     9.8931   14.67385 6.4749e-02     0.4965     0.5895 0.0000e+00
        509 235.651228    0.03530     2.1177    127.061     48.458  48945.156    31.0803     9.8991     48.000     9.8952    23.9101     5.7824     8.2637     89.101    252.214    258.245   -0.00421    6.48977    9.27453  283.06494     9.8938   14.67280 6.3847e-02     0.4784     0.5814 0.0000e+00
        514 235.651240    0.03560     2.1359    128.152     49.469  48953.422    31.0858     9.8998     49.000     9.8874    23.9143     5.7828     8.2642     89.110    252.227    258.259   -0.00290    6.48944    9.27405  283.04933     9.8944   14.67203 6.3042e-02     0.4710     0.5605 0.0000e+00
        518 235.651252    0.03588     2.1528    129.171     50.478  48979.177    31.1005     9.8766     50.000     9.8484    23.9296     5.7804     8.2608     89.037    252.118    258.151   -0.00242    6.49213    9.27790  283.16245     9.8711   14.67738 6.2379e-02     0.4741     0.5223 0.0000e+00
        522 235.651265    0.03619     2.1714    130.282     51.488  49024.739    31.1258     9.8271     51.000     9.8018    23.9574     5.7674     8.2422     88.754    251.544    257.571   -0.00336    6.49812    9.28647  283.41622     9.8215   14.68942 6.1824e-02     0.4378     0.4763 0.0000e+00
        527 235.651278    0.03650     2.1897    131.384     52.498  49054.647    31.1412     9.7863     52.000     9.7674    23.9759     5.7526     8.2211     88.457    250.898    256.913   -0.00424    6.50331    9.29387  283.63706     9.7806   14.69992 6.1315e-02     0.4054     0.4684 0.0000e+00
        531 235.651291    0.03681     2.2084    132.507     53.507  49074.249    31.1514     9.7613     53.000     9.7451    23.9879     5.7441     8.2089     88.283    250.523    256.532   -0.00399    6.50645    9.29837  283.77107     9.7556   14.70629 6.0885e-02     0.3948     0.4724 0.0000e+00
