CTD-processing/allCTD/CNV/2018_11-08_alongbay_skb10_cast004_4141.cnv
* Sea-Bird SBE19plus Data File:
* FileName = C:\Users\Kim.Powell\Desktop\Not Processed\2018\2018_11-08_AlongBay, T9_4141\2018_11-08_TRANSECT_STATION_cast004.hex
* Software Version 1.59
* Temperature SN =  4141
* Conductivity SN =  4141
* System UpLoad Time = Nov 13 2018 09:07:38
** 2018_11-08
** Station: KB10
** Start Time: 11:21
** Depth (m): 63
** Comment:
** Comment:
# nquan = 27
# nvalues = 59                          
# units = specified
# name 0 = scan: Scan Count
# name 1 = timeJ: Julian Days
# name 2 = timeH: Time, Elapsed [hours]
# name 3 = timeM: Time, Elapsed [minutes]
# name 4 = timeS: Time, Elapsed [seconds]
# name 5 = prdM: Pressure, Strain Gauge [db]
# name 6 = specc: Specific Conductance [uS/cm]
# name 7 = sal00: Salinity, Practical [PSU]
# name 8 = tv290C: Temperature [ITS-90, deg C]
# name 9 = depSM: Depth [salt water, m], lat = 59.00
# name 10 = potemp090C: Potential Temperature [ITS-90, deg C]
# name 11 = sigma-é00: Density [sigma-theta, kg/m^3]
# name 12 = sbeox0ML/L: Oxygen, SBE 43 [ml/l]
# name 13 = sbeox0Mg/L: Oxygen, SBE 43 [mg/l]
# name 14 = sbeox0PS: Oxygen, SBE 43 [% saturation]
# name 15 = sbox0Mm/Kg: Oxygen, SBE 43 [umol/kg]
# name 16 = sbeox0Mm/L: Oxygen, SBE 43 [umol/l]
# name 17 = sbox0dV/dT: Oxygen, SBE 43 [dov/dt]
# name 18 = oxsolML/L: Oxygen Saturation, Garcia & Gordon [ml/l]
# name 19 = oxsolMg/L: Oxygen Saturation, Garcia & Gordon [mg/l]
# name 20 = oxsolMm/Kg: Oxygen Saturation, Garcia & Gordon [umol/kg]
# name 21 = n2satMg/L: Nitrogen Saturation [mg/l]
# name 22 = par: PAR/Irradiance, Biospherical/Licor
# name 23 = wetStar: Fluorescence, WET Labs WETstar [mg/m^3]
# name 24 = CStarAt0: Beam Attenuation, WET Labs C-Star [1/m]
# name 25 = CStarTr0: Beam Transmission, WET Labs C-Star [%]
# name 26 = flag: flag
# span 0 =        443,        726       
# span 1 = 312.473525, 312.474342       
# span 2 =    0.03071,    0.05033       
# span 3 =     1.8426,     3.0197       
# span 4 =    110.557,    181.179       
# span 5 =      1.025,     59.561       
# span 6 =  48306.966,  48612.620       
# span 7 =    30.4350,    30.6736       
# span 8 =     8.2327,     8.6435       
# span 9 =      1.000,     59.000       
# span 10 =     8.2728,     8.6384      
# span 11 =    23.6433,    23.7884      
# span 12 =     5.5622,     5.7530      
# span 13 =     7.9489,     8.2217      
# span 14 =     83.134,     85.426      
# span 15 =    242.635,    250.987      
# span 16 =    248.407,    256.930      
# span 17 =   -0.00289,    0.00227      
# span 18 =    6.69066,    6.76333      
# span 19 =    9.56162,    9.66547      
# span 20 =  291.86263,  295.06933      
# span 21 =   15.09499,   15.24909      
# span 22 = 3.6453e-02, 6.6084e+01      
# span 23 =     0.2608,     0.3562      
# span 24 =     0.5954,     1.1089      
# span 25 =    75.7895,    86.1694      
# span 26 = 0.0000e+00, 0.0000e+00      
# interval = meters: 1                  
# start_time = Nov 08 2018 11:20:02 [Instrument's time stamp, header]
# bad_flag = -9.990e-29
*END*
        443 312.473525    0.03071     1.8426    110.557      1.025  48322.135    30.4350     8.2327      1.000     8.2728    23.6582     5.7525     8.2209     85.055    250.969    256.907    0.00044    6.76333    9.66547  295.06933   15.24909 6.6084e+01     0.3065     0.7677    82.5373 0.0000e+00
        448 312.473539    0.03105     1.8629    111.776      2.018  48366.506    30.4842     8.3599      2.000     8.4007    23.6786     5.7530     8.2217     85.334    250.987    256.930    0.00194    6.74175    9.63463  294.12197   15.20365 4.3699e+01     0.3305     0.7496    82.9125 0.0000e+00
        453 312.473554    0.03140     1.8842    113.050      3.029  48307.995    30.4524     8.4251      3.000     8.4291    23.6443     5.7520     8.2201     85.426    250.948    256.882    0.00227    6.73323    9.62247  293.76047   15.18652 3.0568e+01     0.3432     0.7172    83.5859 0.0000e+00
        458 312.473569    0.03176     1.9053    114.320      4.038  48306.966    30.4519     8.4297      4.000     8.4289    23.6433     5.7136     8.1653     84.865    249.274    255.168   -0.00211    6.73254    9.62148  293.73062   15.18510 2.4348e+01     0.3437     0.7035    83.8729 0.0000e+00
        463 312.473583    0.03211     1.9270    115.619      5.048  48320.697    30.4612     8.4302      5.000     8.4309    23.6504     5.6993     8.1448     84.659    248.651    254.531   -0.00289    6.73207    9.62080  293.70806   15.18399 2.0182e+01     0.3508     0.6958    84.0348 0.0000e+00
        468 312.473598    0.03246     1.9476    116.853      6.058  48338.860    30.4743     8.4362      6.000     8.4431    23.6598     5.6984     8.1437     84.665    248.611    254.494   -0.00190    6.73059    9.61867  293.64030   15.18069 1.7285e+01     0.3462     0.6694    84.5898 0.0000e+00
        473 312.473611    0.03279     1.9673    118.040      7.067  48346.421    30.4817     8.4542      7.000     8.4573    23.6631     5.6944     8.1379     84.644    248.434    254.312   -0.00155    6.72753    9.61432  293.50625   15.17427 1.4654e+01     0.3562     0.6627    84.7303 0.0000e+00
        478 312.473625    0.03311     1.9865    119.188      8.075  48355.702    30.4890     8.4624      8.000     8.4633    23.6676     5.6954     8.1393     84.677    248.476    254.356   -0.00090    6.72597    9.61209  293.43721   15.17093 1.2374e+01     0.3539     0.6577    84.8380 0.0000e+00
        482 312.473638    0.03343     2.0060    120.360      9.085  48348.329    30.4832     8.4615      9.000     8.4563    23.6632     5.6896     8.1310     84.587    248.224    254.097   -0.00123    6.72634    9.61261  293.45431   15.17178 1.0352e+01     0.3399     0.6529    84.9410 0.0000e+00
        487 312.473652    0.03375     2.0251    121.504     10.094  48354.396    30.4857     8.4523     10.000     8.4490    23.6665     5.6891     8.1303     84.563    248.200    254.075   -0.00113    6.72764    9.61447  293.51014   15.17443 8.6202e+00     0.3360     0.6544    84.9079 0.0000e+00
        492 312.473665    0.03408     2.0446    122.675     11.105  48376.830    30.5009     8.4524     11.000     8.4573    23.6785     5.6847     8.1240     84.506    248.007    253.879   -0.00114    6.72697    9.61351  293.47739   15.17281 7.1763e+00     0.3338     0.6488    85.0273 0.0000e+00
        496 312.473678    0.03439     2.0635    123.811     12.113  48376.093    30.5021     8.4668     12.000     8.4666    23.6772     5.6880     8.1287     84.583    248.151    254.026   -0.00054    6.72474    9.61033  293.38036   15.16817 5.9468e+00     0.3305     0.6428    85.1547 0.0000e+00
        501 312.473692    0.03471     2.0827    124.960     13.122  48370.300    30.4973     8.4648     13.000     8.4626    23.6738     5.6901     8.1318     84.608    248.244    254.120   -0.00007    6.72524    9.61104  293.40331   15.16928 4.9399e+00     0.3311     0.6424    85.1627 0.0000e+00
        506 312.473706    0.03504     2.1024    126.147     14.133  48420.904    30.5338     8.4763     14.000     8.4951    23.7008     5.6805     8.1180     84.507    247.818    253.691   -0.00092    6.72191    9.60629  293.25044   15.16183 4.0741e+00     0.3169     0.6363    85.2934 0.0000e+00
        510 312.473719    0.03537     2.1221    127.324     15.141  48388.149    30.5152     8.5088     15.000     8.5061    23.6816     5.6867     8.1268     84.651    248.091    253.966    0.00027    6.71781    9.60042  293.07679   15.15362 3.3684e+00     0.3240     0.6249    85.5366 0.0000e+00
        515 312.473733    0.03570     2.1419    128.512     16.152  48382.816    30.5099     8.5007     16.000     8.4961    23.6786     5.6797     8.1169     84.529    247.790    253.657   -0.00052    6.71925    9.60248  293.14044   15.15668 2.7969e+00     0.3333     0.6246    85.5433 0.0000e+00
        520 312.473746    0.03603     2.1616    129.699     17.161  48409.957    30.5287     8.5023     17.000     8.5089    23.6930     5.6651     8.0960     84.325    247.149    253.005   -0.00173    6.71820    9.60098  293.09047   15.15422 2.3256e+00     0.3215     0.6259    85.5150 0.0000e+00
        525 312.473761    0.03637     2.1824    130.941     18.169  48421.449    30.5396     8.5257     18.000     8.5319    23.6982     5.6697     8.1025     84.444    247.346    253.209   -0.00059    6.71417    9.59523  292.91361   15.14573 1.9310e+00     0.3182     0.6158    85.7321 0.0000e+00
        530 312.473776    0.03674     2.2044    132.264     19.181  48419.257    30.5400     8.5419     19.000     8.5423    23.6962     5.6666     8.0981     84.428    247.211    253.069   -0.00037    6.71173    9.59173  292.80725   15.14064 1.5991e+00     0.3256     0.6090    85.8767 0.0000e+00
        535 312.473791    0.03709     2.2257    133.544     20.190  48418.620    30.5397     8.5458     20.000     8.5447    23.6953     5.6566     8.0839     84.287    246.777    252.625   -0.00126    6.71114    9.59089  292.78193   15.13944 1.3299e+00     0.3072     0.6062    85.9369 0.0000e+00
        540 312.473806    0.03746     2.2476    134.854     21.198  48428.973    30.5469     8.5490     21.000     8.5493    23.7006     5.6543     8.0805     84.262    246.674    252.521   -0.00106    6.71035    9.58977  292.74619   15.13770 1.1096e+00     0.3102     0.6075    85.9092 0.0000e+00
        546 312.473822    0.03785     2.2708    136.247     22.210  48456.951    30.5674     8.5583     22.000     8.5592    23.7152     5.6541     8.0803     84.289    246.663    252.513   -0.00057    6.70805    9.58647  292.64129   15.13261 9.2262e-01     0.3154     0.6003    86.0664 0.0000e+00
        551 312.473838    0.03821     2.2927    137.562     23.219  48453.376    30.5651     8.5630     23.000     8.5606    23.7128     5.6553     8.0821     84.314    246.717    252.568   -0.00025    6.70744    9.58561  292.61556   15.13139 7.6608e-01     0.3144     0.5954    86.1694 0.0000e+00
        556 312.473851    0.03855     2.3131    138.784     24.228  48456.694    30.5670     8.5629     24.000     8.5605    23.7143     5.6502     8.0747     84.239    246.494    252.339   -0.00069    6.70738    9.58551  292.61219   15.13122 6.4010e-01     0.3024     0.5959    86.1590 0.0000e+00
        561 312.473866    0.03888     2.3327    139.960     25.237  48453.371    30.5641     8.5620     25.000     8.5570    23.7122     5.6462     8.0690     84.176    246.319    252.160   -0.00093    6.70764    9.58589  292.62446   15.13181 5.3487e-01     0.3020     0.6008    86.0543 0.0000e+00
        566 312.473879    0.03921     2.3522    141.131     26.247  48456.222    30.5647     8.5550     26.000     8.5507    23.7136     5.6436     8.0653     84.125    246.205    252.044   -0.00102    6.70867    9.58736  292.66898   15.13394 4.4624e-01     0.3085     0.6023    86.0206 0.0000e+00
        570 312.473892    0.03952     2.3714    142.282     27.256  48462.882    30.5686     8.5531     27.000     8.5517    23.7170     5.6421     8.0631     84.100    246.139    251.976   -0.00104    6.70879    9.58751  292.67281   15.13411 3.7249e-01     0.2981     0.6038    85.9890 0.0000e+00
        575 312.473906    0.03985     2.3911    143.468     28.266  48466.774    30.5715     8.5571     28.000     8.5553    23.7187     5.6530     8.0786     84.271    246.611    252.461    0.00030    6.70806    9.58649  292.64093   15.13257 3.1223e-01     0.3003     0.6035    85.9963 0.0000e+00
        580 312.473920    0.04018     2.4109    144.655     29.277  48469.204    30.5731     8.5594     29.000     8.5573    23.7196     5.6469     8.0700     84.185    246.347    252.190   -0.00021    6.70765    9.58590  292.62261   15.13169 2.6112e-01     0.3005     0.6048    85.9688 0.0000e+00
        584 312.473933    0.04051     2.4304    145.822     30.284  48478.227    30.5794     8.5628     30.000     8.5623    23.7241     5.6419     8.0628     84.122    246.128    251.967   -0.00082    6.70684    9.58475  292.58629   15.12993 2.1943e-01     0.2942     0.6160    85.7275 0.0000e+00
        589 312.473948    0.04084     2.4508    147.047     31.296  48484.916    30.5843     8.5676     31.000     8.5662    23.7273     5.6422     8.0632     84.138    246.141    251.981   -0.00039    6.70592    9.58343  292.54508   15.12794 1.8468e-01     0.3054     0.6180    85.6832 0.0000e+00
        594 312.473961    0.04118     2.4710    148.258     32.303  48487.260    30.5861     8.5715     32.000     8.5687    23.7281     5.6338     8.0513     84.021    245.774    251.606   -0.00112    6.70526    9.58248  292.51569   15.12653 1.5636e-01     0.3176     0.6289    85.4523 0.0000e+00
        599 312.473976    0.04154     2.4922    149.533     33.313  48489.909    30.5876     8.5719     33.000     8.5700    23.7292     5.6344     8.0522     84.032    245.803    251.635   -0.00075    6.70512    9.58229  292.50977   15.12624 1.3311e-01     0.2929     0.6287    85.4565 0.0000e+00
        604 312.473991    0.04190     2.5140    150.842     34.324  48506.634    30.6001     8.5807     34.000     8.5827    23.7378     5.6413     8.0619     84.157    246.097    251.939    0.00022    6.70325    9.57962  292.42572   15.12218 1.1374e-01     0.2992     0.6283    85.4646 0.0000e+00
        610 312.474006    0.04226     2.5356    152.139     35.334  48499.542    30.5960     8.5894     35.000     8.5864    23.7332     5.6316     8.0481     84.027    245.675    251.505   -0.00063    6.70212    9.57801  292.37786   15.11991 9.8364e-02     0.2947     0.6419    85.1727 0.0000e+00
        615 312.474021    0.04261     2.5565    153.391     36.343  48498.939    30.5952     8.5898     36.000     8.5861    23.7326     5.6199     8.0313     83.852    245.164    250.983   -0.00150    6.70210    9.57796  292.37676   15.11986 8.5840e-02     0.2998     0.6487    85.0282 0.0000e+00
        620 312.474035    0.04296     2.5771    154.627     37.353  48498.229    30.5942     8.5893     37.000     8.5852    23.7318     5.6167     8.0268     83.804    245.027    250.842   -0.00159    6.70220    9.57812  292.38168   15.12009 7.5579e-02     0.2926     0.6513    84.9732 0.0000e+00
        624 312.474049    0.04328     2.5972    155.833     38.363  48502.308    30.5964     8.5884     38.000     8.5857    23.7338     5.6216     8.0339     83.877    245.243    251.063   -0.00056    6.70226    9.57820  292.38342   15.12018 6.7640e-02     0.3017     0.6500    85.0024 0.0000e+00
        629 312.474063    0.04361     2.6166    156.997     39.372  48507.056    30.5999     8.5926     39.000     8.5896    23.7359     5.6171     8.0273     83.819    245.042    250.858   -0.00081    6.70147    9.57707  292.34858   15.11849 6.1408e-02     0.2819     0.6635    84.7151 0.0000e+00
        634 312.474076    0.04394     2.6361    158.164     40.382  48509.082    30.6011     8.5940     40.000     8.5906    23.7366     5.6157     8.0255     83.802    244.985    250.801   -0.00080    6.70120    9.57669  292.33651   15.11792 5.6309e-02     0.2979     0.6690    84.5982 0.0000e+00
        638 312.474089    0.04426     2.6554    159.322     41.389  48532.689    30.6176     8.5966     41.000     8.5942    23.7492     5.6129     8.0214     83.773    244.857    250.672   -0.00073    6.70009    9.57511  292.28466   15.11537 5.2302e-02     0.2924     0.6774    84.4221 0.0000e+00
        643 312.474104    0.04459     2.6759    160.552     42.401  48547.013    30.6276     8.6000     42.000     8.5970    23.7566     5.6176     8.0281     83.855    245.059    250.881   -0.00010    6.69915    9.57375  292.24124   15.11326 4.9099e-02     0.2866     0.6822    84.3205 0.0000e+00
        648 312.474117    0.04493     2.6958    161.746     43.411  48562.427    30.6384     8.6032     43.000     8.6009    23.7646     5.6213     8.0335     83.924    245.223    251.051    0.00034    6.69819    9.57238  292.19711   15.11110 4.6581e-02     0.2882     0.6886    84.1853 0.0000e+00
        653 312.474131    0.04525     2.7149    162.896     44.419  48583.299    30.6533     8.6086     44.000     8.6076    23.7755     5.6188     8.0298     83.903    245.108    250.935    0.00004    6.69675    9.57031  292.13100   15.10789 4.4656e-02     0.2891     0.7142    83.6482 0.0000e+00
        657 312.474145    0.04558     2.7347    164.080     45.428  48584.605    30.6549     8.6156     45.000     8.6121    23.7756     5.6113     8.0191     83.806    244.782    250.602   -0.00058    6.69561    9.56870  292.08155   15.10552 4.2864e-02     0.2796     0.7712    82.4642 0.0000e+00
        662 312.474159    0.04593     2.7558    165.349     46.440  48583.128    30.6536     8.6169     46.000     8.6118    23.7744     5.6021     8.0059     83.670    244.380    250.190   -0.00134    6.69547    9.56850  292.07590   15.10525 4.1540e-02     0.2866     0.7864    82.1518 0.0000e+00
        667 312.474174    0.04628     2.7770    166.621     47.449  48589.719    30.6576     8.6161     47.000     8.6123    23.7778     5.5982     8.0004     83.612    244.209    250.016   -0.00130    6.69542    9.56843  292.07286   15.10509 4.0419e-02     0.2898     0.7970    81.9333 0.0000e+00
        673 312.474189    0.04664     2.7980    167.882     48.460  48599.657    30.6646     8.6196     48.000     8.6166    23.7828     5.5914     7.9906     83.520    243.909    249.711   -0.00147    6.69460    9.56725  292.03517   15.10327 3.9588e-02     0.2808     0.8230    81.4052 0.0000e+00
        677 312.474202    0.04697     2.8180    169.080     49.468  48599.973    30.6649     8.6231     49.000     8.6192    23.7825     5.5917     7.9911     83.532    243.924    249.725   -0.00111    6.69405    9.56647  292.01166   15.10213 3.8819e-02     0.2861     0.8468    80.9213 0.0000e+00
        682 312.474217    0.04730     2.8382    170.292     50.480  48611.725    30.6736     8.6290     50.000     8.6289    23.7884     5.5922     7.9919     83.556    243.946    249.749   -0.00055    6.69280    9.56468  291.95527   15.09941 3.8294e-02     0.2748     0.9076    79.7051 0.0000e+00
        687 312.474230    0.04762     2.8574    171.442     51.486  48607.026    30.6710     8.6373     51.000     8.6332    23.7852     5.5838     7.9798     83.444    243.579    249.373   -0.00113    6.69165    9.56305  291.90616   15.09707 3.7813e-02     0.2740     0.9967    77.9475 0.0000e+00
        692 312.474244    0.04796     2.8776    172.658     52.498  48606.637    30.6705     8.6386     52.000     8.6333    23.7847     5.5718     7.9626     83.267    243.057    248.837   -0.00191    6.69148    9.56280  291.89893   15.09673 3.7442e-02     0.2648     1.0297    77.3046 0.0000e+00
        696 312.474257    0.04829     2.8975    173.849     53.507  48605.162    30.6690     8.6381     53.000     8.6322    23.7835     5.5653     7.9533     83.168    242.770    248.544   -0.00207    6.69163    9.56301  291.90581   15.09707 3.7102e-02     0.2613     1.0328    77.2440 0.0000e+00
