CTD-processing/allCTD/CNV/2018_01-17_alongbay_skb04_cast142_4141.cnv
* Sea-Bird SBE19plus Data File:
* FileName = C:\Users\Kim.Powell\Desktop\Not Processed\2018\2018_01-XX_TRANSECT_4141\2018_01-18_TRANSECT_STATION_cast142.hex
* Software Version 1.59
* Temperature SN =  4141
* Conductivity SN =  4141
* System UpLoad Time = Feb 16 2018 08:58:11
** 2018_01-17
** Station: KB04
** Start Time: 12:21
** Depth (m): 158.5
** Comment: CTD incorrectly recorded date as May 22
** Comment:
# nquan = 27
# nvalues = 152                         
# units = specified
# name 0 = scan: Scan Count
# name 1 = timeJ: Julian Days
# name 2 = timeH: Time, Elapsed [hours]
# name 3 = timeM: Time, Elapsed [minutes]
# name 4 = timeS: Time, Elapsed [seconds]
# name 5 = prdM: Pressure, Strain Gauge [db]
# name 6 = specc: Specific Conductance [uS/cm]
# name 7 = sal00: Salinity, Practical [PSU]
# name 8 = tv290C: Temperature [ITS-90, deg C]
# name 9 = depSM: Depth [salt water, m], lat = 59.00
# name 10 = potemp090C: Potential Temperature [ITS-90, deg C]
# name 11 = sigma-é00: Density [sigma-theta, kg/m^3]
# name 12 = sbeox0ML/L: Oxygen, SBE 43 [ml/l]
# name 13 = sbeox0Mg/L: Oxygen, SBE 43 [mg/l]
# name 14 = sbeox0PS: Oxygen, SBE 43 [% saturation]
# name 15 = sbox0Mm/Kg: Oxygen, SBE 43 [umol/kg]
# name 16 = sbeox0Mm/L: Oxygen, SBE 43 [umol/l]
# name 17 = sbox0dV/dT: Oxygen, SBE 43 [dov/dt]
# name 18 = oxsolML/L: Oxygen Saturation, Garcia & Gordon [ml/l]
# name 19 = oxsolMg/L: Oxygen Saturation, Garcia & Gordon [mg/l]
# name 20 = oxsolMm/Kg: Oxygen Saturation, Garcia & Gordon [umol/kg]
# name 21 = n2satMg/L: Nitrogen Saturation [mg/l]
# name 22 = par: PAR/Irradiance, Biospherical/Licor
# name 23 = wetStar: Fluorescence, WET Labs WETstar [mg/m^3]
# name 24 = CStarAt0: Beam Attenuation, WET Labs C-Star [1/m]
# name 25 = CStarTr0: Beam Transmission, WET Labs C-Star [%]
# name 26 = flag: flag
# span 0 =        287,       1049       
# span 1 = 142.516162, 142.518367       
# span 2 =    0.01984,    0.07277       
# span 3 =     1.1908,     4.3662       
# span 4 =     71.446,    261.973       
# span 5 =      1.017,    153.495       
# span 6 =  50187.452,  50663.035       
# span 7 =    31.2511,    31.5582       
# span 8 =     5.4895,     5.7708       
# span 9 =      1.000,    152.000       
# span 10 =     5.4891,     5.7647      
# span 11 =    24.6503,    24.8652      
# span 12 =     2.7506,     2.8120      
# span 13 =     3.9308,     4.0186      
# span 14 =     38.430,     39.547      
# span 15 =    119.865,    122.538      
# span 16 =    122.839,    125.585      
# span 17 =   -0.00087,    0.00093      
# span 18 =    7.10744,    7.16875      
# span 19 =   10.15724,   10.24486      
# span 20 =  309.72204,  312.45414      
# span 21 =   15.94330,   16.07460      
# span 22 = 3.6379e-02, 5.7558e+01      
# span 23 =     0.2526,     0.4224      
# span 24 =     0.3560,     0.7769      
# span 25 =    82.3461,    91.4844      
# span 26 = 0.0000e+00, 0.0000e+00      
# interval = meters: 1                  
# start_time = May 22 2017 12:22:05 [Instrument's time stamp, header]
# bad_flag = -9.990e-29
*END*
        287 142.516162    0.01984     1.1908     71.446      1.017  50187.452    31.2511     5.4911      1.000     5.4902    24.6503     2.7609     3.9456     38.516    120.339    123.305    0.00009    7.16849   10.24449  312.44311   16.07407 4.3031e+01     0.2864     0.4163    90.1155 0.0000e+00
        293 142.516179    0.02025     1.2148     72.890      2.023  50189.273    31.2515     5.4895      2.000     5.4891    24.6509     2.7597     3.9439     38.497    120.284    123.249    0.00031    7.16875   10.24486  312.45414   16.07460 4.4998e+01     0.3000     0.4147    90.1518 0.0000e+00
        297 142.516193    0.02058     1.2347     74.084      3.025  50200.117    31.2585     5.4899      3.000     5.4928    24.6564     2.7585     3.9421     38.481    120.229    123.194   -0.00035    7.16834   10.24428  312.43460   16.07363 5.7558e+01     0.2932     0.4147    90.1509 0.0000e+00
        302 142.516208    0.02092     1.2556     75.339      4.042  50222.722    31.2762     5.5025      4.000     5.5087    24.6690     2.7564     3.9391     38.468    120.135    123.099   -0.00011    7.16536   10.24002  312.30076   16.06719 5.6864e+01     0.3256     0.4136    90.1754 0.0000e+00
        307 142.516221    0.02124     1.2746     76.474      5.043  50246.535    31.2950     5.5168      5.000     5.5241    24.6822     2.7524     3.9334     38.430    119.961    122.921   -0.00058    7.16202   10.23524  312.15105   16.05998 5.2496e+01     0.2857     0.4131    90.1889 0.0000e+00
        312 142.516236    0.02162     1.2968     77.808      6.061  50283.611    31.3244     5.5383      6.000     5.5444    24.7031     2.7536     3.9352     38.474    120.012    122.976    0.00007    7.15697   10.22802  311.92465   16.04908 5.0973e+01     0.3078     0.4124    90.2035 0.0000e+00
        317 142.516250    0.02194     1.3166     78.997      7.064  50304.504    31.3410     5.5520      7.000     5.5571    24.7146     2.7529     3.9342     38.482    119.981    122.946    0.00007    7.15385   10.22356  311.78526   16.04237 4.7519e+01     0.3244     0.4117    90.2204 0.0000e+00
        322 142.516266    0.02232     1.3395     80.372      8.077  50323.105    31.3564     5.5672      8.000     5.5683    24.7251     2.7506     3.9308     38.467    119.876    122.839   -0.00014    7.15055   10.21886  311.63845   16.03532 4.2437e+01     0.3336     0.4114    90.2267 0.0000e+00
        328 142.516281    0.02268     1.3607     81.643      9.086  50318.237    31.3526     5.5671      9.000     5.5644    24.7221     2.7524     3.9335     38.492    119.956    122.922    0.00010    7.15074   10.21912  311.64747   16.03576 3.7451e+01     0.3657     0.4078    90.3082 0.0000e+00
        333 142.516295    0.02303     1.3813     82.877     10.096  50329.259    31.3587     5.5623     10.000     5.5619    24.7275     2.7553     3.9376     38.529    120.082    123.051    0.00035    7.15127   10.21988  311.66884   16.03676 3.3428e+01     0.3668     0.4047    90.3791 0.0000e+00
        337 142.516309    0.02335     1.4009     84.057     11.104  50343.437    31.3689     5.5667     11.000     5.5667    24.7350     2.7563     3.9391     38.549    120.126    123.097    0.00032    7.15004   10.21812  311.61300   16.03406 2.9779e+01     0.3795     0.4055    90.3579 0.0000e+00
        342 142.516322    0.02367     1.4204     85.223     12.116  50361.897    31.3817     5.5696     12.000     5.5727    24.7448     2.7548     3.9369     38.534    120.058    123.029    0.00008    7.14894   10.21655  311.56209   16.03158 2.6520e+01     0.3931     0.4026    90.4239 0.0000e+00
        346 142.516335    0.02398     1.4385     86.310     13.116  50370.353    31.3889     5.5787     13.000     5.5810    24.7495     2.7554     3.9378     38.553    120.084    123.056    0.00013    7.14705   10.21386  311.47860   16.02758 2.3206e+01     0.4065     0.4067    90.3329 0.0000e+00
        352 142.516350    0.02436     1.4613     87.678     14.142  50371.699    31.3908     5.5857     14.000     5.5855    24.7502     2.7554     3.9379     38.561    120.088    123.060    0.00018    7.14576   10.21201  311.42198   16.02487 2.0737e+01     0.4161     0.4023    90.4308 0.0000e+00
        356 142.516364    0.02466     1.4800     88.802     15.137  50377.946    31.3951     5.5880     15.000     5.5884    24.7533     2.7560     3.9387     38.572    120.112    123.085    0.00012    7.14518   10.21118  311.39572   16.02360 1.8478e+01     0.3888     0.4024    90.4291 0.0000e+00
        362 142.516381    0.02508     1.5050     90.302     16.159  50386.002    31.4011     5.5928     16.000     5.5933    24.7575     2.7557     3.9382     38.573    120.097    123.071    0.00013    7.14409   10.20961  311.34676   16.02125 1.6363e+01     0.3844     0.3987    90.5111 0.0000e+00
        367 142.516394    0.02539     1.5229     91.376     17.157  50389.644    31.4038     5.5965     17.000     5.5965    24.7593     2.7523     3.9333     38.529    119.949    122.918   -0.00051    7.14332   10.20851  311.31267   16.01961 1.4448e+01     0.3924     0.4026    90.4255 0.0000e+00
        372 142.516408    0.02573     1.5442     92.649     18.173  50391.245    31.4048     5.5979     18.000     5.5957    24.7599     2.7563     3.9390     38.587    120.122    123.096    0.00020    7.14304   10.20812  311.30059   16.01903 1.2908e+01     0.3861     0.4009    90.4637 0.0000e+00
        376 142.516422    0.02607     1.5645     93.873     19.174  50402.784    31.4121     5.5973     19.000     5.5974    24.7658     2.7579     3.9413     38.610    120.189    123.165    0.00018    7.14279   10.20777  311.28791   16.01840 1.1482e+01     0.4224     0.3916    90.6745 0.0000e+00
        382 142.516438    0.02646     1.5875     95.249     20.198  50413.623    31.4201     5.6022     20.000     5.6028    24.7715     2.7561     3.9388     38.593    120.114    123.089    0.00011    7.14159   10.20604  311.23340   16.01577 1.0220e+01     0.3905     0.3876    90.7658 0.0000e+00
        386 142.516450    0.02675     1.6046     96.275     21.194  50422.741    31.4268     5.6067     21.000     5.6071    24.7763     2.7557     3.9381     38.591    120.091    123.067   -0.00017    7.14051   10.20451  311.18529   16.01345 9.0612e+00     0.4063     0.3909    90.6910 0.0000e+00
        391 142.516464    0.02707     1.6244     97.464     22.215  50430.265    31.4325     5.6116     22.000     5.6122    24.7803     2.7556     3.9381     38.598    120.090    123.066    0.00006    7.13941   10.20292  311.13588   16.01107 8.0614e+00     0.3845     0.3902    90.7060 0.0000e+00
        395 142.516476    0.02737     1.6424     98.542     23.215  50440.954    31.4405     5.6172     23.000     5.6180    24.7860     2.7537     3.9352     38.577    120.005    122.979   -0.00029    7.13809   10.20103  311.07655   16.00822 7.1768e+00     0.3750     0.3929    90.6458 0.0000e+00
        400 142.516491    0.02773     1.6640     99.838     24.228  50446.694    31.4439     5.6169     24.000     5.6133    24.7887     2.7555     3.9379     38.603    120.084    123.061    0.00002    7.13797   10.20088  311.07091   16.00794 6.4135e+00     0.3679     0.3922    90.6607 0.0000e+00
        405 142.516506    0.02809     1.6853    101.119     25.238  50486.321    31.4711     5.6189     25.000     5.6278    24.8101     2.7558     3.9383     38.616    120.094    123.073    0.00018    7.13635   10.19855  310.99350   16.00414 5.6793e+00     0.3738     0.3985    90.5166 0.0000e+00
        411 142.516521    0.02844     1.7066    102.396     26.246  50480.804    31.4717     5.6431     26.000     5.6443    24.8077     2.7521     3.9331     38.587    119.935    122.910   -0.00025    7.13222   10.19266  310.81430   15.99560 5.0606e+00     0.3572     0.4014    90.4522 0.0000e+00
        416 142.516536    0.02882     1.7289    103.735     27.256  50476.015    31.4688     5.6474     27.000     5.6459    24.8049     2.7524     3.9335     38.594    119.947    122.923   -0.00010    7.13164   10.19183  310.79008   15.99446 4.4775e+00     0.3486     0.4027    90.4233 0.0000e+00
        421 142.516551    0.02917     1.7497    104.983     28.264  50499.773    31.4861     5.6543     28.000     5.6617    24.8178     2.7566     3.9394     38.663    120.127    123.107    0.00043    7.12966   10.18899  310.69959   15.99008 3.9772e+00     0.3206     0.4051    90.3696 0.0000e+00
        426 142.516566    0.02954     1.7726    106.358     29.282  50508.506    31.4971     5.6815     29.000     5.6856    24.8234     2.7506     3.9308     38.606    119.865    122.840   -0.00016    7.12455   10.18170  310.47546   15.97935 3.5206e+00     0.3378     0.4142    90.1640 0.0000e+00
        431 142.516581    0.02987     1.7925    107.551     30.284  50500.021    31.4928     5.6916     30.000     5.6903    24.8188     2.7544     3.9363     38.668    120.031    123.010    0.00023    7.12304   10.17953  310.41090   15.97630 3.1198e+00     0.3149     0.4205    90.0206 0.0000e+00
        436 142.516594    0.03020     1.8117    108.704     31.299  50514.400    31.5029     5.6949     31.000     5.6974    24.8264     2.7588     3.9427     38.737    120.226    123.211    0.00079    7.12201   10.17807  310.36409   15.97403 2.7561e+00     0.3185     0.4247    89.9267 0.0000e+00
        440 142.516606    0.03049     1.8290    109.742     32.302  50514.340    31.5042     5.7043     32.000     5.7037    24.8264     2.7595     3.9435     38.755    120.252    123.237    0.00069    7.12036   10.17571  310.29212   15.97060 2.4439e+00     0.2994     0.4313    89.7794 0.0000e+00
        445 142.516619    0.03080     1.8480    110.880     33.313  50513.720    31.5039     5.7073     33.000     5.7057    24.8258     2.7606     3.9452     38.773    120.301    123.288    0.00054    7.11988   10.17502  310.27104   15.96959 2.1627e+00     0.3003     0.4323    89.7562 0.0000e+00
        449 142.516633    0.03113     1.8678    112.071     34.323  50519.084    31.5077     5.7100     34.000     5.7091    24.8285     2.7632     3.9489     38.814    120.417    123.406    0.00059    7.11925   10.17412  310.24293   15.96824 1.9131e+00     0.2957     0.4327    89.7469 0.0000e+00
        454 142.516647    0.03147     1.8883    113.297     35.338  50520.765    31.5092     5.7142     35.000     5.7121    24.8292     2.7657     3.9525     38.852    120.523    123.516    0.00069    7.11847   10.17301  310.20861   15.96660 1.6855e+00     0.2882     0.4374    89.6413 0.0000e+00
        458 142.516659    0.03175     1.9050    114.299     36.338  50522.068    31.5099     5.7154     36.000     5.7134    24.8296     2.7693     3.9576     38.904    120.679    123.676    0.00093    7.11822   10.17266  310.19793   15.96609 1.4893e+00     0.2873     0.4422    89.5344 0.0000e+00
        463 142.516673    0.03209     1.9257    115.540     37.354  50527.331    31.5136     5.7183     37.000     5.7169    24.8322     2.7682     3.9561     38.893    120.633    123.629    0.00042    7.11758   10.17173  310.16878   15.96468 1.3201e+00     0.2946     0.4434    89.5065 0.0000e+00
        468 142.516687    0.03244     1.9462    116.771     38.366  50528.375    31.5145     5.7216     38.000     5.7193    24.8325     2.7672     3.9546     38.882    120.589    123.584    0.00012    7.11698   10.17088  310.14285   15.96345 1.1652e+00     0.3038     0.4467    89.4332 0.0000e+00
        472 142.516699    0.03272     1.9631    117.788     39.363  50528.653    31.5144     5.7225     39.000     5.7194    24.8323     2.7667     3.9539     38.875    120.567    123.561   -0.00001    7.11682   10.17065  310.13587   15.96312 1.0334e+00     0.2836     0.4454    89.4636 0.0000e+00
        477 142.516714    0.03309     1.9853    119.116     40.388  50529.597    31.5145     5.7220     40.000     5.7187    24.8325     2.7696     3.9580     38.915    120.691    123.688    0.00025    7.11690   10.17076  310.13909   15.96327 9.1269e-01     0.2816     0.4395    89.5941 0.0000e+00
        483 142.516729    0.03345     2.0071    120.429     41.388  50530.840    31.5148     5.7218     41.000     5.7186    24.8328     2.7701     3.9587     38.922    120.715    123.712    0.00019    7.11693   10.17081  310.14071   15.96334 8.0883e-01     0.2832     0.4343    89.7108 0.0000e+00
        488 142.516746    0.03385     2.0308    121.847     42.403  50532.489    31.5154     5.7220     42.000     5.7190    24.8333     2.7676     3.9551     38.887    120.603    123.598   -0.00017    7.11685   10.17069  310.13694   15.96316 7.1341e-01     0.2890     0.4377    89.6347 0.0000e+00
        493 142.516759    0.03417     2.0502    123.010     43.411  50533.591    31.5159     5.7226     43.000     5.7195    24.8336     2.7708     3.9597     38.934    120.745    123.743    0.00018    7.11674   10.17052  310.13173   15.96291 6.2910e-01     0.2817     0.4401    89.5820 0.0000e+00
        498 142.516773    0.03449     2.0694    124.165     44.421  50534.750    31.5164     5.7234     44.000     5.7202    24.8339     2.7735     3.9635     38.971    120.860    123.862    0.00042    7.11658   10.17031  310.12498   15.96259 5.5803e-01     0.2857     0.4396    89.5926 0.0000e+00
        502 142.516786    0.03482     2.0892    125.349     45.428  50535.922    31.5169     5.7242     45.000     5.7209    24.8341     2.7690     3.9572     38.910    120.667    123.663   -0.00025    7.11643   10.17008  310.11810   15.96226 4.9510e-01     0.2939     0.4391    89.6031 0.0000e+00
        507 142.516801    0.03517     2.1102    126.610     46.438  50537.084    31.5172     5.7246     46.000     5.7213    24.8344     2.7676     3.9553     38.892    120.608    123.603   -0.00039    7.11633   10.16996  310.11414   15.96207 4.3880e-01     0.2812     0.4428    89.5214 0.0000e+00
        512 142.516815    0.03551     2.1306    127.834     47.450  50539.343    31.5186     5.7256     47.000     5.7225    24.8353     2.7709     3.9599     38.939    120.751    123.750    0.00010    7.11611   10.16963  310.10391   15.96157 3.8760e-01     0.2788     0.4412    89.5576 0.0000e+00
        517 142.516829    0.03584     2.1504    129.023     48.457  50542.269    31.5203     5.7271     48.000     5.7240    24.8366     2.7710     3.9601     38.942    120.754    123.753    0.00012    7.11576   10.16914  310.08854   15.96084 3.4433e-01     0.2715     0.4346    89.7050 0.0000e+00
        522 142.516843    0.03618     2.1710    130.261     49.472  50542.871    31.5205     5.7283     49.000     5.7244    24.8366     2.7697     3.9582     38.924    120.698    123.696   -0.00023    7.11557   10.16885  310.07976   15.96042 3.0673e-01     0.2747     0.4267    89.8808 0.0000e+00
        527 142.516857    0.03651     2.1906    131.435     50.474  50544.060    31.5208     5.7282     50.000     5.7243    24.8368     2.7725     3.9621     38.963    120.816    123.817    0.00025    7.11557   10.16886  310.07992   15.96043 2.7350e-01     0.2843     0.4248    89.9251 0.0000e+00
        532 142.516872    0.03688     2.2128    132.769     51.492  50548.373    31.5235     5.7291     51.000     5.7263    24.8389     2.7700     3.9586     38.930    120.711    123.709   -0.00023    7.11528   10.16845  310.06685   15.95979 2.4313e-01     0.2741     0.4215    89.9990 0.0000e+00
        537 142.516886    0.03720     2.2318    133.911     52.495  50549.175    31.5241     5.7316     52.000     5.7282    24.8391     2.7727     3.9625     38.971    120.829    123.830    0.00016    7.11483   10.16781  310.04714   15.95885 2.1695e-01     0.2985     0.4223    89.9797 0.0000e+00
        542 142.516900    0.03755     2.2527    135.163     53.515  50548.770    31.5236     5.7328     53.000     5.7288    24.8385     2.7698     3.9583     38.931    120.701    123.699   -0.00025    7.11465   10.16755  310.03952   15.95849 1.9278e-01     0.2727     0.4231    89.9626 0.0000e+00
