CTD-processing/allCTD/CNV/2018_12-06_alongbay_skb07_cast028_4141.cnv
* Sea-Bird SBE19plus Data File:
* FileName = C:\Users\Kim.Powell\Desktop\Not Processed\2018\2018_12-06_AlongBay, T9_4141\2018_12-06_TRANSECT_STATION_cast028.hex
* Software Version 1.59
* Temperature SN =  4141
* Conductivity SN =  4141
* System UpLoad Time = Jan 10 2019 09:50:09
** 2018_12-06
** Station: KB07
** Start Time: 12:36
** Depth (m): 149
** Comment:
** Comment:
# nquan = 27
# nvalues = 144                         
# units = specified
# name 0 = scan: Scan Count
# name 1 = timeJ: Julian Days
# name 2 = timeH: Time, Elapsed [hours]
# name 3 = timeM: Time, Elapsed [minutes]
# name 4 = timeS: Time, Elapsed [seconds]
# name 5 = prdM: Pressure, Strain Gauge [db]
# name 6 = specc: Specific Conductance [uS/cm]
# name 7 = sal00: Salinity, Practical [PSU]
# name 8 = tv290C: Temperature [ITS-90, deg C]
# name 9 = depSM: Depth [salt water, m], lat = 59.00
# name 10 = potemp090C: Potential Temperature [ITS-90, deg C]
# name 11 = sigma-é00: Density [sigma-theta, kg/m^3]
# name 12 = sbeox0ML/L: Oxygen, SBE 43 [ml/l]
# name 13 = sbeox0Mg/L: Oxygen, SBE 43 [mg/l]
# name 14 = sbeox0PS: Oxygen, SBE 43 [% saturation]
# name 15 = sbox0Mm/Kg: Oxygen, SBE 43 [umol/kg]
# name 16 = sbeox0Mm/L: Oxygen, SBE 43 [umol/l]
# name 17 = sbox0dV/dT: Oxygen, SBE 43 [dov/dt]
# name 18 = oxsolML/L: Oxygen Saturation, Garcia & Gordon [ml/l]
# name 19 = oxsolMg/L: Oxygen Saturation, Garcia & Gordon [mg/l]
# name 20 = oxsolMm/Kg: Oxygen Saturation, Garcia & Gordon [umol/kg]
# name 21 = n2satMg/L: Nitrogen Saturation [mg/l]
# name 22 = par: PAR/Irradiance, Biospherical/Licor
# name 23 = wetStar: Fluorescence, WET Labs WETstar [mg/m^3]
# name 24 = CStarAt0: Beam Attenuation, WET Labs C-Star [1/m]
# name 25 = CStarTr0: Beam Transmission, WET Labs C-Star [%]
# name 26 = flag: flag
# span 0 =        302,        958       
# span 1 = 340.526508, 340.528405       
# span 2 =    0.02092,    0.06644       
# span 3 =     1.2556,     3.9864       
# span 4 =     75.334,    239.182       
# span 5 =      1.024,    145.400       
# span 6 =  48733.714,  49534.671       
# span 7 =    30.5233,    31.1729       
# span 8 =     6.9821,     7.9497       
# span 9 =      1.000,    144.000       
# span 10 =     6.9758,     7.9355      
# span 11 =    23.8967,    24.2805      
# span 12 =     5.9689,     6.1781      
# span 13 =     8.5301,     8.8290      
# span 14 =     88.108,     89.625      
# span 15 =    260.252,    269.461      
# span 16 =    266.569,    275.909      
# span 17 =   -0.00356,    0.00509      
# span 18 =    6.77448,    6.95567      
# span 19 =    9.68143,    9.94035      
# span 20 =  295.37895,  303.39033      
# span 21 =   15.26089,   15.64573      
# span 22 = 3.7043e-02, 6.4011e+01      
# span 23 =     0.2330,     0.3491      
# span 24 =     0.4678,     1.7408      
# span 25 =    64.7027,    88.9645      
# span 26 = 0.0000e+00, 0.0000e+00      
# interval = meters: 1                  
# start_time = Dec 06 2018 12:36:55 [Instrument's time stamp, header]
# bad_flag = -9.990e-29
*END*
[from data line 54]
        536 340.527184    0.03712     2.2274    133.643     55.531  49228.379    30.9546     7.6630     55.000     7.6575    24.1459     6.0392     8.6306     88.444    263.352    269.711    0.00037    6.82831    9.75834  297.76273   15.37552 3.7576e-02     0.2539     0.7059    83.8218 0.0000e+00
        540 340.527196    0.03742     2.2455    134.732     56.535  49236.176    30.9593     7.6611     56.000     7.6540    24.1499     6.0349     8.6244     88.379    263.162    269.517   -0.00025    6.82839    9.75844  297.76475   15.37560 3.7498e-02     0.2559     0.6689    84.6025 0.0000e+00
        544 340.527209    0.03774     2.2645    135.873     57.544  49243.091    30.9628     7.6555     57.000     7.6467    24.1534     6.0378     8.6287     88.413    263.290    269.649   -0.00009    6.82912    9.75949  297.79568   15.37706 3.7445e-02     0.2521     0.6186    85.6713 0.0000e+00
        549 340.527223    0.03807     2.2844    137.066     58.557  49275.844    30.9845     7.6516     58.000     7.6518    24.1710     6.0546     8.6526     88.663    264.017    270.399    0.00125    6.82876    9.75898  297.77471   15.37597 3.7245e-02     0.2731     0.5524    87.1014 0.0000e+00
        554 340.527236    0.03838     2.3030    138.178     59.565  49348.222    31.0379     7.6730     59.000     7.6854    24.2101     6.0777     8.6856     89.076    265.014    271.430    0.00329    6.82302    9.75078  297.51331   15.36328 3.7316e-02     0.2856     0.5016    88.2163 0.0000e+00
        558 340.527248    0.03869     2.3213    139.280     60.574  49339.281    31.0363     7.7041     60.000     7.7049    24.2045     6.1045     8.7240     89.532    266.186    272.629    0.00509    6.81825    9.74396  297.30689   15.35343 3.7239e-02     0.2794     0.4678    88.9645 0.0000e+00
        563 340.527263    0.03902     2.3412    140.473     61.583  49333.703    31.0337     7.7148     61.000     7.7102    24.2010     6.1095     8.7311     89.625    266.401    272.849    0.00430    6.81672    9.74177  297.24117   15.35031 3.7230e-02     0.2772     0.4696    88.9243 0.0000e+00
        568 340.527277    0.03937     2.3621    141.726     62.598  49339.355    31.0377     7.7180     62.000     7.7144    24.2037     6.1068     8.7273     89.595    266.286    272.731    0.00259    6.81604    9.74080  297.21070   15.34884 3.7184e-02     0.2767     0.4690    88.9380 0.0000e+00
        572 340.527290    0.03967     2.3805    142.830     63.606  49354.385    31.0488     7.7251     63.000     7.7256    24.2115     6.1003     8.7179     89.520    265.998    272.438    0.00133    6.81444    9.73851  297.13850   15.34534 3.7202e-02     0.2724     0.4810    88.6697 0.0000e+00
        577 340.527302    0.03998     2.3986    143.915     64.610  49349.350    31.0466     7.7360     64.000     7.7314    24.2083     6.0956     8.7112     89.472    265.795    272.230    0.00062    6.81284    9.73623  297.06980   15.34208 3.7199e-02     0.2643     0.5001    88.2485 0.0000e+00
        582 340.527317    0.04033     2.4197    145.182     65.626  49360.069    31.0545     7.7415     65.000     7.7406    24.2137     6.0856     8.6970     89.342    265.360    271.785   -0.00045    6.81165    9.73453  297.01631   15.33949 3.7123e-02     0.2678     0.4982    88.2910 0.0000e+00
        586 340.527330    0.04066     2.4396    146.375     66.634  49355.387    31.0526     7.7528     66.000     7.7473    24.2107     6.0826     8.6926     89.319    265.225    271.647   -0.00056    6.80997    9.73213  296.94394   15.33604 3.7160e-02     0.2676     0.5141    87.9396 0.0000e+00
        591 340.527345    0.04099     2.4594    147.563     67.643  49376.469    31.0672     7.7551     67.000     7.7588    24.2218     6.0817     8.6914     89.319    265.186    271.609   -0.00036    6.80897    9.73070  296.89718   15.33375 3.7148e-02     0.2596     0.5335    87.5128 0.0000e+00
        596 340.527358    0.04132     2.4795    148.768     68.654  49390.191    31.0808     7.7828     68.000     7.7868    24.2286     6.0719     8.6773     89.239    264.755    271.170   -0.00084    6.80406    9.72368  296.68114   15.32339 3.7128e-02     0.2718     0.6032    86.0023 0.0000e+00
        601 340.527372    0.04165     2.4988    149.929     69.662  49394.640    31.0873     7.8071     69.000     7.8074    24.2304     6.0615     8.6625     89.139    264.302    270.707   -0.00111    6.80001    9.71790  296.50407   15.31491 3.7135e-02     0.2640     0.6693    84.5945 0.0000e+00
        605 340.527385    0.04197     2.5183    151.100     70.673  49394.425    31.0890     7.8216     70.000     7.8186    24.2298     6.0513     8.6479     89.020    263.858    270.250   -0.00173    6.79769    9.71458  296.40305   15.31008 3.7107e-02     0.2569     0.7152    83.6275 0.0000e+00
        610 340.527400    0.04231     2.5385    152.309     71.684  49389.970    31.0863     7.8273     71.000     7.8210    24.2269     6.0347     8.6241     88.785    263.133    269.508   -0.00237    6.79692    9.71348  296.37029   15.30853 3.7109e-02     0.2546     0.7374    83.1668 0.0000e+00
        615 340.527412    0.04262     2.5572    153.435     72.692  49390.813    31.0866     7.8281     72.000     7.8217    24.2269     6.0179     8.6002     88.541    262.403    268.761   -0.00356    6.79678    9.71328  296.36430   15.30824 3.7120e-02     0.2519     0.7413    83.0844 0.0000e+00
        619 340.527426    0.04295     2.5766    154.599     73.701  49391.576    31.0868     7.8287     73.000     7.8220    24.2271     6.0303     8.6179     88.724    262.943    269.314   -0.00134    6.79668    9.71314  296.35983   15.30802 3.7088e-02     0.2458     0.7504    82.8956 0.0000e+00
        624 340.527440    0.04328     2.5972    155.832     74.711  49395.398    31.0892     7.8299     74.000     7.8246    24.2288     6.0280     8.6146     88.694    262.840    269.208   -0.00116    6.79640    9.71273  296.34692   15.30740 3.7043e-02     0.2658     0.7520    82.8602 0.0000e+00
        629 340.527454    0.04361     2.6169    157.012     75.721  49396.576    31.0903     7.8342     75.000     7.8282    24.2290     6.0233     8.6079     88.634    262.638    269.001   -0.00121    6.79569    9.71172  296.31600   15.30592 3.7121e-02     0.2531     0.7793    82.2986 0.0000e+00
        634 340.527468    0.04396     2.6377    158.264     76.733  49397.998    31.0911     7.8364     76.000     7.8305    24.2295     6.0162     8.5978     88.535    262.327    268.684   -0.00154    6.79530    9.71116  296.29879   15.30509 3.7063e-02     0.2515     0.7956    81.9633 0.0000e+00
        639 340.527482    0.04429     2.6576    159.457     77.744  49398.687    31.0917     7.8399     77.000     7.8337    24.2294     6.0140     8.5946     88.509    262.230    268.584   -0.00120    6.79473    9.71036  296.27440   15.30393 3.7106e-02     0.2493     0.8215    81.4348 0.0000e+00
        643 340.527494    0.04457     2.6747    160.481     78.748  49399.051    31.0918     7.8417     78.000     7.8347    24.2293     6.0090     8.5875     88.440    262.013    268.362   -0.00141    6.79445    9.70994  296.26181   15.30333 3.7243e-02     0.2502     0.8559    80.7375 0.0000e+00
        647 340.527507    0.04487     2.6924    161.545     79.761  49396.968    31.0899     7.8419     79.000     7.8337    24.2278     6.0063     8.5836     88.400    261.896    268.241   -0.00135    6.79451    9.71004  296.26496   15.30349 3.7069e-02     0.2534     0.8618    80.6182 0.0000e+00
        652 340.527519    0.04518     2.7109    162.654     80.771  49398.881    31.0907     7.8406     80.000     7.8327    24.2285     6.0106     8.5897     88.460    262.082    268.432   -0.00070    6.79467    9.71027  296.27202   15.30382 3.7081e-02     0.2447     0.8445    80.9666 0.0000e+00
        656 340.527532    0.04549     2.7293    163.757     81.778  49400.461    31.0913     7.8411     81.000     7.8344    24.2290     6.0124     8.5923     88.488    262.161    268.513   -0.00037    6.79457    9.71012  296.26717   15.30359 3.7168e-02     0.2484     0.8429    80.9996 0.0000e+00
        661 340.527545    0.04581     2.7489    164.934     82.791  49402.033    31.0923     7.8434     82.000     7.8365    24.2295     6.0166     8.5983     88.555    262.344    268.700    0.00008    6.79416    9.70953  296.24918   15.30272 3.7144e-02     0.2482     0.8436    80.9855 0.0000e+00
        665 340.527559    0.04613     2.7676    166.056     83.800  49399.509    31.0903     7.8445     83.000     7.8365    24.2278     6.0086     8.5868     88.438    261.994    268.342   -0.00065    6.79408    9.70942  296.24632   15.30260 3.7195e-02     0.2486     0.8622    80.6108 0.0000e+00
        670 340.527572    0.04646     2.7874    167.244     84.809  49402.420    31.0919     7.8446     84.000     7.8370    24.2291     6.0030     8.5788     88.357    261.751    268.093   -0.00108    6.79401    9.70932  296.24283   15.30243 3.7158e-02     0.2559     0.8549    80.7564 0.0000e+00
        675 340.527587    0.04680     2.8077    168.462     85.824  49401.258    31.0908     7.8452     85.000     7.8370    24.2281     6.0033     8.5794     88.363    261.768    268.110   -0.00079    6.79397    9.70926  296.24137   15.30236 3.7090e-02     0.2417     0.8537    80.7815 0.0000e+00
        679 340.527598    0.04708     2.8251    169.509     86.829  49402.041    31.0908     7.8450     86.000     7.8368    24.2282     6.0084     8.5866     88.437    261.988    268.335   -0.00015    6.79399    9.70930  296.24227   15.30240 3.7188e-02     0.2436     0.8683    80.4860 0.0000e+00
        683 340.527611    0.04739     2.8435    170.609     87.840  49401.988    31.0903     7.8450     87.000     7.8368    24.2278     6.0056     8.5825     88.395    261.864    268.208   -0.00043    6.79400    9.70931  296.24291   15.30243 3.7183e-02     0.2457     0.8664    80.5257 0.0000e+00
        688 340.527624    0.04771     2.8623    171.740     88.848  49403.736    31.0912     7.8454     88.000     7.8373    24.2284     6.0067     8.5842     88.413    261.912    268.259   -0.00028    6.79391    9.70919  296.23891   15.30224 3.7168e-02     0.2419     0.8591    80.6723 0.0000e+00
        693 340.527638    0.04803     2.8815    172.888     89.861  49404.383    31.0912     7.8456     89.000     7.8373    24.2284     6.0082     8.5863     88.435    261.978    268.324   -0.00016    6.79387    9.70912  296.23692   15.30214 3.7118e-02     0.2457     0.8619    80.6164 0.0000e+00
        697 340.527650    0.04833     2.9000    173.999     90.867  49406.390    31.0923     7.8462     90.000     7.8380    24.2292     5.9999     8.5745     88.315    261.618    267.956   -0.00080    6.79372    9.70892  296.23056   15.30184 3.7198e-02     0.2450     0.8595    80.6650 0.0000e+00
        702 340.527665    0.04868     2.9211    175.263     91.879  49407.717    31.0929     7.8472     91.000     7.8391    24.2295     6.0028     8.5786     88.359    261.741    268.083   -0.00047    6.79356    9.70868  296.22308   15.30148 3.7146e-02     0.2476     0.8537    80.7812 0.0000e+00
        707 340.527680    0.04904     2.9420    176.519     92.895  49408.400    31.0931     7.8483     92.000     7.8396    24.2296     6.0050     8.5818     88.396    261.840    268.185   -0.00005    6.79337    9.70841  296.21491   15.30108 3.7236e-02     0.2461     0.8570    80.7152 0.0000e+00
        711 340.527691    0.04931     2.9582    177.492     93.897  49409.302    31.0932     7.8481     93.000     7.8390    24.2297     6.0054     8.5823     88.400    261.855    268.200   -0.00015    6.79341    9.70846  296.21631   15.30116 3.7232e-02     0.2507     0.8820    80.2120 0.0000e+00
        715 340.527704    0.04961     2.9771    178.624     94.909  49405.543    31.0899     7.8465     94.000     7.8359    24.2273     6.0086     8.5870     88.444    262.001    268.348    0.00012    6.79380    9.70902  296.23418   15.30202 3.7133e-02     0.2594     0.8655    80.5423 0.0000e+00
        720 340.527718    0.04994     2.9967    179.799     95.919  49412.058    31.0938     7.8448     95.000     7.8370    24.2306     6.0049     8.5815     88.386    261.833    268.178   -0.00034    6.79389    9.70916  296.23732   15.30216 3.7223e-02     0.2510     0.8428    81.0013 0.0000e+00
        725 340.527731    0.05027     3.0163    180.977     96.931  49415.277    31.0960     7.8481     96.000     7.8405    24.2320     6.0060     8.5831     88.411    261.882    268.227   -0.00021    6.79327    9.70826  296.20953   15.30082 3.7248e-02     0.2428     0.8473    80.9105 0.0000e+00
        729 340.527744    0.05057     3.0341    182.044     97.934  49413.605    31.0948     7.8502     97.000     7.8413    24.2307     6.0074     8.5852     88.435    261.944    268.291    0.00002    6.79301    9.70789  296.19878   15.30031 3.7268e-02     0.2456     0.8849    80.1522 0.0000e+00
        734 340.527759    0.05093     3.0557    183.343     98.952  49409.165    31.0910     7.8488     98.000     7.8383    24.2279     6.0019     8.5773     88.349    261.704    268.045   -0.00057    6.79339    9.70845  296.21646   15.30117 3.7154e-02     0.2415     0.8715    80.4236 0.0000e+00
        739 340.527772    0.05125     3.0752    184.513     99.960  49416.257    31.0955     7.8484     99.000     7.8408    24.2315     6.0008     8.5758     88.336    261.657    267.998   -0.00065    6.79325    9.70823  296.20897   15.30079 3.7207e-02     0.2456     0.8663    80.5279 0.0000e+00
        744 340.527785    0.05157     3.0938    185.626    100.966  49420.954    31.0991     7.8533    100.000     7.8457    24.2336     6.0065     8.5839     88.431    261.903    268.250    0.00009    6.79233    9.70692  296.16837   15.29885 3.7211e-02     0.2535     0.8833    80.1860 0.0000e+00
        749 340.527800    0.05192     3.1154    186.927    101.978  49419.625    31.0982     7.8566    101.000     7.8473    24.2326     6.0060     8.5831     88.429    261.880    268.226    0.00008    6.79186    9.70625  296.14814   15.29788 3.7188e-02     0.2472     0.8804    80.2447 0.0000e+00
        754 340.527815    0.05228     3.1369    188.214    102.991  49425.253    31.1019     7.8579    102.000     7.8500    24.2353     5.9946     8.5669     88.267    261.385    267.720   -0.00100    6.79151    9.70574  296.13171   15.29708 3.7154e-02     0.2549     0.8938    79.9763 0.0000e+00
        758 340.527828    0.05259     3.1553    189.318    103.996  49425.455    31.1022     7.8615    103.000     7.8522    24.2350     5.9937     8.5656     88.261    261.346    267.680   -0.00085    6.79094    9.70493  296.10718   15.29591 3.7261e-02     0.2622     0.9240    79.3745 0.0000e+00
        763 340.527841    0.05292     3.1749    190.492    105.008  49425.938    31.1022     7.8623    104.000     7.8525    24.2349     5.9950     8.5674     88.281    261.401    267.736   -0.00052    6.79081    9.70475  296.10154   15.29564 3.7243e-02     0.2425     0.9236    79.3822 0.0000e+00
        768 340.527856    0.05325     3.1952    191.712    106.018  49424.005    31.1003     7.8620    105.000     7.8517    24.2335     5.9916     8.5626     88.229    261.254    267.585   -0.00073    6.79095    9.70494  296.10792   15.29596 3.7254e-02     0.2419     0.9128    79.5972 0.0000e+00
        773 340.527870    0.05360     3.2159    192.951    107.030  49425.888    31.1011     7.8615    106.000     7.8512    24.2342     5.9911     8.5619     88.222    261.234    267.565   -0.00063    6.79098    9.70499  296.10921   15.29601 3.7226e-02     0.2583     0.9083    79.6857 0.0000e+00
        777 340.527883    0.05390     3.2342    194.053    108.039  49422.365    31.0981     7.8606    107.000     7.8497    24.2319     5.9971     8.5704     88.306    261.494    267.830   -0.00003    6.79126    9.70539  296.12202   15.29664 3.7305e-02     0.2437     0.9103    79.6461 0.0000e+00
