CTD-processing/allCTD/CNV/2018_09-17_t7_s19_cast032_5028.cnv
* Sea-Bird SBE19plus Data File:
* FileName = C:\Users\Kim.Powell\Desktop\Not Processed\2018\2018_09-17_AlongBay, T6, T7_5028\2018_09-17_TRANSECT_STATION_cast032.hex
* Software Version 1.59
* Temperature SN =  5028
* Conductivity SN =  5028
* System UpLoad Time = Sep 18 2018 16:09:33
** 2018_09-17
** Station: 7-19
** Start Time: 12:55
** Depth (m): 81.6
** Comment:
** Comment:
# nquan = 27
# nvalues = 77                          
# units = specified
# name 0 = scan: Scan Count
# name 1 = timeJ: Julian Days
# name 2 = timeH: Time, Elapsed [hours]
# name 3 = timeM: Time, Elapsed [minutes]
# name 4 = timeS: Time, Elapsed [seconds]
# name 5 = prdM: Pressure, Strain Gauge [db]
# name 6 = specc: Specific Conductance [uS/cm]
# name 7 = sal00: Salinity, Practical [PSU]
# name 8 = tv290C: Temperature [ITS-90, deg C]
# name 9 = depSM: Depth [salt water, m], lat = 59.00
# name 10 = potemp090C: Potential Temperature [ITS-90, deg C]
# name 11 = sigma-é00: Density [sigma-theta, kg/m^3]
# name 12 = sbeox0ML/L: Oxygen, SBE 43 [ml/l]
# name 13 = sbeox0Mg/L: Oxygen, SBE 43 [mg/l]
# name 14 = sbeox0PS: Oxygen, SBE 43 [% saturation]
# name 15 = sbox0Mm/Kg: Oxygen, SBE 43 [umol/kg]
# name 16 = sbeox0Mm/L: Oxygen, SBE 43 [umol/l]
# name 17 = sbox0dV/dT: Oxygen, SBE 43 [dov/dt]
# name 18 = oxsolML/L: Oxygen Saturation, Garcia & Gordon [ml/l]
# name 19 = oxsolMg/L: Oxygen Saturation, Garcia & Gordon [mg/l]
# name 20 = oxsolMm/Kg: Oxygen Saturation, Garcia & Gordon [umol/kg]
# name 21 = potemp090C: Potential Temperature [ITS-90, deg C]
# name 22 = n2satMg/L: Nitrogen Saturation [mg/l]
# name 23 = par: PAR/Irradiance, Biospherical/Licor
# name 24 = flECO-AFL: Fluorescence, WET Labs ECO-AFL/FL [mg/m^3]
# name 25 = turbWETntu0: Turbidity, WET Labs ECO [NTU]
# name 26 = flag: flag
# span 0 =        254,        632       
# span 1 = 260.540557, 260.541652       
# span 2 =    0.01755,    0.04381       
# span 3 =     1.0529,     2.6284       
# span 4 =     63.176,    157.701       
# span 5 =      1.010,     77.742       
# span 6 =  46455.365,  50092.864       
# span 7 =    29.5225,    31.6523       
# span 8 =     8.3212,    11.4621       
# span 9 =      1.000,     77.000       
# span 10 =     8.3133,    11.4198      
# span 11 =    22.4344,    24.6005      
# span 12 =     4.8160,     6.0039      
# span 13 =     6.8825,     8.5803      
# span 14 =     74.574,     92.504      
# span 15 =    210.361,    261.860      
# span 16 =    215.080,    268.137      
# span 17 =   -0.02127,    0.05490      
# span 18 =    6.33624,    6.69660      
# span 19 =    9.05511,    9.57012      
# span 20 =  276.76724,  291.88956      
# span 21 =     8.3136,    11.4620      
# span 22 =   14.37763,   15.09228      
# span 23 = 7.4631e-02, 1.8321e+02      
# span 24 =     0.3152,     1.0899      
# span 25 =     0.1712,     0.2493      
# span 26 = 0.0000e+00, 0.0000e+00      
# interval = meters: 1                  
# start_time = Sep 17 2018 12:57:21 [Instrument's time stamp, header]
# bad_flag = -9.990e-29
*END*
[from data line 54]
        520 260.541329    0.03607     2.1641    129.844     55.526  49919.994    31.5538     8.4048     55.000     8.3962    24.5108     5.1440     7.3513     76.910    224.235    229.731   -0.00271    6.68829    9.55823  291.55268     8.3994   15.07659 3.1649e-01     0.3475     0.2154 0.0000e+00
        525 260.541343    0.03639     2.1835    131.008     56.536  49934.469    31.5626     8.3985     56.000     8.3908    24.5186     5.1339     7.3368     76.753    223.792    229.278   -0.00286    6.68885    9.55904  291.57513     8.3930   15.07763 2.9019e-01     0.3362     0.2161 0.0000e+00
        530 260.541358    0.03676     2.2053    132.317     57.546  49952.218    31.5735     8.3916     57.000     8.3824    24.5282     5.1252     7.3243     76.616    223.409    228.888   -0.00266    6.68941    9.55984  291.59693     8.3860   15.07862 2.6664e-01     0.3436     0.2252 0.0000e+00
        535 260.541372    0.03710     2.2263    133.580     58.555  49974.300    31.5870     8.3815     58.000     8.3696    24.5403     5.1188     7.3152     76.510    223.130    228.605   -0.00240    6.69035    9.56118  291.63419     8.3758   15.08035 2.4467e-01     0.3626     0.2272 0.0000e+00
        540 260.541386    0.03743     2.2461    134.765     59.565  50001.677    31.6036     8.3671     59.000     8.3568    24.5553     5.1093     7.3017     76.352    222.713    228.182   -0.00254    6.69180    9.56326  291.69341     8.3612   15.08311 2.2526e-01     0.3524     0.2248 0.0000e+00
        545 260.541400    0.03776     2.2656    135.936     60.575  50017.005    31.6126     8.3589     60.000     8.3503    24.5636     5.0943     7.2802     76.118    222.056    227.511   -0.00309    6.69265    9.56447  291.72782     8.3530   15.08472 2.0730e-01     0.3360     0.2137 0.0000e+00
        550 260.541414    0.03809     2.2857    137.141     61.585  50028.550    31.6193     8.3531     61.000     8.3451    24.5698     5.0820     7.2627     75.928    221.520    226.962   -0.00325    6.69322    9.56528  291.75094     8.3471   15.08580 1.9121e-01     0.3405     0.2126 0.0000e+00
        555 260.541428    0.03845     2.3070    138.417     62.595  50038.626    31.6252     8.3483     62.000     8.3407    24.5751     5.0731     7.2500     75.790    221.133    226.567   -0.00294    6.69370    9.56597  291.77041     8.3421   15.08670 1.7629e-01     0.3378     0.2192 0.0000e+00
        560 260.541445    0.03883     2.3299    139.797     63.604  50043.693    31.6279     8.3457     63.000     8.3392    24.5776     5.0584     7.2290     75.567    220.489    225.908   -0.00314    6.69397    9.56636  291.78167     8.3394   15.08723 1.6265e-01     0.3388     0.2438 0.0000e+00
        565 260.541459    0.03919     2.3513    141.078     64.614  50045.211    31.6285     8.3452     64.000     8.3383    24.5782     5.0513     7.2188     75.459    220.178    225.590   -0.00276    6.69402    9.56642  291.78356     8.3389   15.08731 1.5025e-01     0.3220     0.2475 0.0000e+00
        570 260.541474    0.03952     2.3716    142.293     65.624  50050.139    31.6312     8.3432     65.000     8.3354    24.5805     5.0495     7.2163     75.431    220.102    225.512   -0.00206    6.69420    9.56668  291.79055     8.3368   15.08764 1.3965e-01     0.3289     0.2413 0.0000e+00
        575 260.541487    0.03986     2.3918    143.509     66.634  50057.700    31.6355     8.3397     66.000     8.3321    24.5845     5.0462     7.2115     75.378    219.957    225.365   -0.00171    6.69453    9.56715  291.80398     8.3332   15.08826 1.3020e-01     0.3268     0.2237 0.0000e+00
        580 260.541503    0.04023     2.4134    144.805     67.644  50062.592    31.6381     8.3374     67.000     8.3302    24.5869     5.0385     7.2005     75.260    219.620    225.020   -0.00181    6.69477    9.56749  291.81366     8.3308   15.08871 1.2172e-01     0.3366     0.2169 0.0000e+00
        585 260.541517    0.04058     2.4349    146.092     68.654  50065.247    31.6394     8.3363     68.000     8.3293    24.5880     5.0314     7.1903     75.153    219.309    224.702   -0.00184    6.69489    9.56767  291.81861     8.3295   15.08895 1.1417e-01     0.3399     0.2274 0.0000e+00
        590 260.541532    0.04093     2.4557    147.345     69.663  50067.219    31.6402     8.3355     69.000     8.3283    24.5888     5.0248     7.1809     75.053    219.020    224.405   -0.00183    6.69496    9.56777  291.82147     8.3288   15.08908 1.0752e-01     0.3455     0.2367 0.0000e+00
        595 260.541546    0.04128     2.4769    148.615     70.673  50069.661    31.6412     8.3343     70.000     8.3269    24.5898     5.0218     7.1766     75.007    218.890    224.272   -0.00155    6.69509    9.56796  291.82698     8.3275   15.08933 1.0173e-01     0.3384     0.2431 0.0000e+00
        600 260.541561    0.04163     2.4975    149.852     71.683  50072.325    31.6425     8.3331     71.000     8.3256    24.5910     5.0208     7.1752     74.991    218.847    224.229   -0.00115    6.69523    9.56815  291.83263     8.3261   15.08960 9.6431e-02     0.3152     0.2420 0.0000e+00
        605 260.541574    0.04195     2.5173    151.038     72.692  50074.352    31.6433     8.3321     72.000     8.3245    24.5918     5.0179     7.1711     74.946    218.720    224.099   -0.00108    6.69534    9.56831  291.83706     8.3250   15.08981 9.1739e-02     0.3449     0.2466 0.0000e+00
        610 260.541589    0.04231     2.5386    152.313     73.702  50077.614    31.6448     8.3303     73.000     8.3219    24.5933     5.0138     7.1652     74.882    218.540    223.915   -0.00111    6.69556    9.56862  291.84631     8.3230   15.09024 8.7496e-02     0.3380     0.2379 0.0000e+00
        616 260.541605    0.04268     2.5607    153.640     74.712  50082.480    31.6473     8.3272     74.000     8.3188    24.5957     5.0092     7.1586     74.810    218.341    223.711   -0.00118    6.69591    9.56912  291.86085     8.3199   15.09093 8.3595e-02     0.3274     0.2377 0.0000e+00
        621 260.541619    0.04302     2.5813    154.877     75.722  50086.841    31.6495     8.3245     75.000     8.3162    24.5978     5.0060     7.1542     74.760    218.204    223.572   -0.00112    6.69622    9.56956  291.87358     8.3172   15.09153 8.0199e-02     0.3265     0.2290 0.0000e+00
        626 260.541634    0.04337     2.6024    156.142     76.732  50090.240    31.6512     8.3226     76.000     8.3146    24.5994     5.0021     7.1486     74.699    218.032    223.396   -0.00113    6.69644    9.56988  291.88287     8.3151   15.09197 7.7229e-02     0.3239     0.2296 0.0000e+00
        632 260.541652    0.04381     2.6284    157.701     77.742  50092.864    31.6523     8.3212     77.000     8.3133    24.6005     4.9939     7.1367     74.574    217.672    223.027   -0.00144    6.69660    9.57012  291.88956     8.3136   15.09228 7.4631e-02     0.3248     0.2493 0.0000e+00
