CTD-processing/allCTD/CNV/2018_01-17_transect_station_cast146_4141.cnv
* Sea-Bird SBE19plus Data File:
* FileName = C:\Users\Kim.Powell\Desktop\Not Processed\2018\2018_01-XX_TRANSECT_4141\2018_01-18_TRANSECT_STATION_cast146.hex
* Software Version 1.59
* Temperature SN =  4141
* Conductivity SN =  4141
* System UpLoad Time = Feb 16 2018 09:01:52
** 2017_12-142018_01-17
** Station:
** Start Time:
** Depth (m):
** Comment:
** Comment:
# nquan = 27
# nvalues = 16                          
# units = specified
# name 0 = scan: Scan Count
# name 1 = timeJ: Julian Days
# name 2 = timeH: Time, Elapsed [hours]
# name 3 = timeM: Time, Elapsed [minutes]
# name 4 = timeS: Time, Elapsed [seconds]
# name 5 = prdM: Pressure, Strain Gauge [db]
# name 6 = specc: Specific Conductance [uS/cm]
# name 7 = sal00: Salinity, Practical [PSU]
# name 8 = tv290C: Temperature [ITS-90, deg C]
# name 9 = depSM: Depth [salt water, m], lat = 59.00
# name 10 = potemp090C: Potential Temperature [ITS-90, deg C]
# name 11 = sigma-é00: Density [sigma-theta, kg/m^3]
# name 12 = sbeox0ML/L: Oxygen, SBE 43 [ml/l]
# name 13 = sbeox0Mg/L: Oxygen, SBE 43 [mg/l]
# name 14 = sbeox0PS: Oxygen, SBE 43 [% saturation]
# name 15 = sbox0Mm/Kg: Oxygen, SBE 43 [umol/kg]
# name 16 = sbeox0Mm/L: Oxygen, SBE 43 [umol/l]
# name 17 = sbox0dV/dT: Oxygen, SBE 43 [dov/dt]
# name 18 = oxsolML/L: Oxygen Saturation, Garcia & Gordon [ml/l]
# name 19 = oxsolMg/L: Oxygen Saturation, Garcia & Gordon [mg/l]
# name 20 = oxsolMm/Kg: Oxygen Saturation, Garcia & Gordon [umol/kg]
# name 21 = n2satMg/L: Nitrogen Saturation [mg/l]
# name 22 = par: PAR/Irradiance, Biospherical/Licor
# name 23 = wetStar: Fluorescence, WET Labs WETstar [mg/m^3]
# name 24 = CStarAt0: Beam Attenuation, WET Labs C-Star [1/m]
# name 25 = CStarTr0: Beam Transmission, WET Labs C-Star [%]
# name 26 = flag: flag
# span 0 =        301,        377       
# span 1 = 142.575637, 142.575855       
# span 2 =    0.02084,    0.02608       
# span 3 =     1.2509,     1.5651       
# span 4 =     75.053,     93.906       
# span 5 =      1.021,     16.120       
# span 6 =  50138.314,  50345.344       
# span 7 =    31.1586,    31.3427       
# span 8 =     5.1842,     5.4432       
# span 9 =      1.000,     16.000       
# span 10 =     5.1983,     5.4421      
# span 11 =    24.6084,    24.7283      
# span 12 =     2.9341,     2.9612      
# span 13 =     4.1931,     4.2318      
# span 14 =     40.898,     41.003      
# span 15 =    127.875,    129.070      
# span 16 =    131.037,    132.247      
# span 17 =   -0.00072,    0.00029      
# span 18 =    7.17227,    7.22523      
# span 19 =   10.24989,   10.32556      
# span 20 =  312.58396,  314.92614      
# span 21 =   16.08041,   16.19264      
# span 22 = 1.8059e+00, 4.0440e+01      
# span 23 =     0.2702,     0.3239      
# span 24 =     0.7550,     1.2148      
# span 25 =    73.8086,    82.7996      
# span 26 = 0.0000e+00, 0.0000e+00      
# interval = meters: 1                  
# start_time = May 22 2017 13:47:40 [Instrument's time stamp, header]
# bad_flag = -9.990e-29
*END*
        301 142.575637    0.02084     1.2509     75.053      1.021  50154.314    31.1652     5.1842      1.000     5.1983    24.6164     2.9612     4.2318     40.984    129.070    132.247   -0.00020    7.22523   10.32556  314.92614   16.19264 4.0440e+01     0.2753     1.2148    73.8086 0.0000e+00
        306 142.575651    0.02118     1.2707     76.241      2.017  50165.232    31.1777     5.2104      2.000     5.2131    24.6234     2.9604     4.2308     41.003    129.036    132.213    0.00013    7.22010   10.31825  314.70065   16.18185 2.8586e+01     0.2702     1.1884    74.2994 0.0000e+00
        311 142.575666    0.02153     1.2914     77.487      3.030  50138.314    31.1586     5.2099      3.000     5.2116    24.6084     2.9574     4.2265     40.955    128.907    132.079   -0.00034    7.22111   10.31969  314.74932   16.18424 2.2381e+01     0.2790     1.1668    74.6985 0.0000e+00
        316 142.575680    0.02187     1.3123     78.740      4.042  50193.790    31.1999     5.2276      4.000     5.2328    24.6392     2.9521     4.2189     40.910    128.671    131.841   -0.00072    7.21608   10.31250  314.52053   16.17319 1.8888e+01     0.3045     1.1442    75.1233 0.0000e+00
        320 142.575693    0.02218     1.3309     79.851      5.038  50201.770    31.2061     5.2334      5.000     5.2436    24.6435     2.9539     4.2215     40.943    128.749    131.922   -0.00012    7.21477   10.31062  314.46199   16.17038 1.5765e+01     0.3185     1.1574    74.8746 0.0000e+00
        326 142.575708    0.02255     1.3528     81.167      6.064  50259.422    31.2540     5.2760      6.000     5.2881    24.6767     2.9489     4.2142     40.928    128.527    131.698   -0.00034    7.20513   10.29684  314.03156   16.14969 1.2976e+01     0.3191     1.0789    76.3584 0.0000e+00
        330 142.575721    0.02287     1.3719     82.317      7.063  50243.326    31.2454     5.2900      7.000     5.2966    24.6684     2.9489     4.2143     40.939    128.527    131.698   -0.00011    7.20315   10.29403  313.94829   16.14576 1.0568e+01     0.3239     1.0532    76.8520 0.0000e+00
        335 142.575736    0.02322     1.3933     83.595      8.082  50272.041    31.2690     5.3110      8.000     5.3204    24.6847     2.9447     4.2082     40.907    128.341    131.509   -0.00039    7.19841   10.28724  313.73612   16.13556 8.5598e+00     0.3054     1.0126    77.6361 0.0000e+00
        340 142.575749    0.02352     1.4114     84.686      9.078  50282.050    31.2799     5.3330      9.000     5.3401    24.6909     2.9471     4.2116     40.965    128.444    131.616    0.00016    7.19411   10.28110  313.54724   16.12652 6.9863e+00     0.3000     0.9677    78.5128 0.0000e+00
        345 142.575765    0.02391     1.4347     86.082     10.103  50273.451    31.2763     5.3462     10.000     5.3488    24.6866     2.9481     4.2131     40.991    128.490    131.662    0.00029    7.19203   10.27813  313.45789   16.12228 5.6627e+00     0.2944     0.9499    78.8624 0.0000e+00
        350 142.575778    0.02424     1.4545     87.268     11.103  50339.038    31.3258     5.3700     11.000     5.3884    24.7231     2.9430     4.2059     40.957    128.266    131.437   -0.00011    7.18559   10.26892  313.16584   16.10817 4.5945e+00     0.2891     0.9123    79.6093 0.0000e+00
        355 142.575794    0.02461     1.4765     88.591     12.113  50344.459    31.3395     5.4209     12.000     5.4291    24.7282     2.9350     4.1943     40.898    127.912    131.075   -0.00035    7.17623   10.25555  312.75654   16.08863 3.7703e+00     0.3037     0.8408    81.0432 0.0000e+00
        361 142.575809    0.02497     1.4980     89.877     13.124  50339.005    31.3387     5.4376     13.000     5.4387    24.7257     2.9341     4.1931     40.902    127.875    131.037   -0.00053    7.17343   10.25155  312.63520   16.08286 3.1383e+00     0.2945     0.8007    81.8586 0.0000e+00
        366 142.575824    0.02534     1.5203     91.217     14.135  50341.685    31.3408     5.4416     14.000     5.4415    24.7270     2.9373     4.1977     40.951    128.013    131.178    0.00017    7.17264   10.25043  312.60062   16.08121 2.6076e+00     0.2788     0.7757    82.3718 0.0000e+00
        371 142.575839    0.02569     1.5415     92.490     15.140  50343.578    31.3419     5.4431     15.000     5.4421    24.7278     2.9357     4.1955     40.932    127.947    131.111   -0.00012    7.17233   10.24998  312.58670   16.08053 2.1787e+00     0.2764     0.7643    82.6063 0.0000e+00
        377 142.575855    0.02608     1.5651     93.906     16.120  50345.344    31.3427     5.4432     16.000     5.4418    24.7283     2.9354     4.1950     40.927    127.932    131.095   -0.00006    7.17227   10.24989  312.58396   16.08041 1.8059e+00     0.2776     0.7550    82.7996 0.0000e+00
