CTD-processing/allCTD/CNV/2018_09-17_t6_s03_cast028_5028.cnv
* Sea-Bird SBE19plus Data File:
* FileName = C:\Users\Kim.Powell\Desktop\Not Processed\2018\2018_09-17_AlongBay, T6, T7_5028\2018_09-17_TRANSECT_STATION_cast028.hex
* Software Version 1.59
* Temperature SN =  5028
* Conductivity SN =  5028
* System UpLoad Time = Sep 18 2018 16:03:32
** 2018_09-17
** Station: 6-03
** Start Time: 11:18
** Depth (m): 104.7
** Comment: Near convergence
** Comment:
# nquan = 27
# nvalues = 97                          
# units = specified
# name 0 = scan: Scan Count
# name 1 = timeJ: Julian Days
# name 2 = timeH: Time, Elapsed [hours]
# name 3 = timeM: Time, Elapsed [minutes]
# name 4 = timeS: Time, Elapsed [seconds]
# name 5 = prdM: Pressure, Strain Gauge [db]
# name 6 = specc: Specific Conductance [uS/cm]
# name 7 = sal00: Salinity, Practical [PSU]
# name 8 = tv290C: Temperature [ITS-90, deg C]
# name 9 = depSM: Depth [salt water, m], lat = 59.00
# name 10 = potemp090C: Potential Temperature [ITS-90, deg C]
# name 11 = sigma-é00: Density [sigma-theta, kg/m^3]
# name 12 = sbeox0ML/L: Oxygen, SBE 43 [ml/l]
# name 13 = sbeox0Mg/L: Oxygen, SBE 43 [mg/l]
# name 14 = sbeox0PS: Oxygen, SBE 43 [% saturation]
# name 15 = sbox0Mm/Kg: Oxygen, SBE 43 [umol/kg]
# name 16 = sbeox0Mm/L: Oxygen, SBE 43 [umol/l]
# name 17 = sbox0dV/dT: Oxygen, SBE 43 [dov/dt]
# name 18 = oxsolML/L: Oxygen Saturation, Garcia & Gordon [ml/l]
# name 19 = oxsolMg/L: Oxygen Saturation, Garcia & Gordon [mg/l]
# name 20 = oxsolMm/Kg: Oxygen Saturation, Garcia & Gordon [umol/kg]
# name 21 = potemp090C: Potential Temperature [ITS-90, deg C]
# name 22 = n2satMg/L: Nitrogen Saturation [mg/l]
# name 23 = par: PAR/Irradiance, Biospherical/Licor
# name 24 = flECO-AFL: Fluorescence, WET Labs ECO-AFL/FL [mg/m^3]
# name 25 = turbWETntu0: Turbidity, WET Labs ECO [NTU]
# name 26 = flag: flag
# span 0 =        290,        824       
# span 1 = 260.473013, 260.474558       
# span 2 =    0.02009,    0.05718       
# span 3 =     1.2051,     3.4307       
# span 4 =     72.307,    205.843       
# span 5 =      1.009,     97.938       
# span 6 =  45619.640,  50935.434       
# span 7 =    28.9661,    32.0835       
# span 8 =     7.4094,    11.7984       
# span 9 =      1.000,     97.000       
# span 10 =     7.3906,    11.7972      
# span 11 =    21.9444,    25.0681      
# span 12 =     4.9292,     5.9972      
# span 13 =     7.0443,     8.5706      
# span 14 =     72.419,     94.997      
# span 15 =    214.782,    262.078      
# span 16 =    220.138,    267.836      
# span 17 =   -0.01312,    0.00193      
# span 18 =    6.31214,    6.81745      
# span 19 =    9.02069,    9.74282      
# span 20 =  275.84268,  297.02168      
# span 21 =     7.4004,    11.7974      
# span 22 =   14.33549,   15.33555      
# span 23 = 5.6858e-02, 1.1832e+02      
# span 24 =     0.3004,     0.9394      
# span 25 =     0.1986,     0.3995      
# span 26 = 0.0000e+00, 0.0000e+00      
# interval = meters: 1                  
# start_time = Sep 17 2018 11:19:56 [Instrument's time stamp, header]
# bad_flag = -9.990e-29
*END*
[from data line 54]
        605 260.473924    0.04195     2.5171    151.027     55.526  49519.389    31.3047     8.6154     55.000     8.5989    24.2845     5.3033     7.5790     79.539    231.229    236.845   -0.00569    6.66750    9.52852  290.71064     8.6099   15.03738 2.2599e-01     0.3783     0.2499 0.0000e+00
        611 260.473940    0.04233     2.5397    152.382     56.536  49583.853    31.3417     8.5637     56.000     8.5136    24.3212     5.2856     7.5537     79.201    230.450    236.055   -0.00548    6.67365    9.53731  290.96831     8.5581   15.04954 2.0722e-01     0.3819     0.2454 0.0000e+00
        616 260.473956    0.04272     2.5631    153.788     57.546  49781.712    31.4560     8.4048     57.000     8.3387    24.4342     5.2502     7.5031     78.449    228.882    234.474   -0.00758    6.69255    9.56433  291.76051     8.3992   15.08691 1.9051e-01     0.3740     0.2476 0.0000e+00
        622 260.473972    0.04310     2.5863    155.178     58.556  49950.263    31.5545     8.2795     58.000     8.2530    24.5296     5.2053     7.4389     77.608    226.903    232.469   -0.00961    6.70716    9.58521  292.37016     8.2738   15.11563 1.7583e-01     0.3720     0.2546 0.0000e+00
        627 260.473987    0.04346     2.6076    156.456     59.566  50005.574    31.5860     8.2359     59.000     8.2156    24.5607     5.1838     7.4082     77.227    225.957    231.508   -0.00856    6.71238    9.59266  292.58867     8.2302   15.12594 1.6279e-01     0.3566     0.2674 0.0000e+00
        631 260.474000    0.04378     2.6269    157.614     60.575  50044.911    31.6078     8.2012     60.000     8.1782    24.5827     5.1669     7.3839     76.926    225.215    230.752   -0.00754    6.71668    9.59881  292.77003     8.1954   15.13451 1.5098e-01     0.3619     0.2598 0.0000e+00
        636 260.474014    0.04413     2.6476    158.854     61.585  50092.636    31.6347     8.1624     61.000     8.1456    24.6095     5.1467     7.3552     76.573    224.333    229.853   -0.00712    6.72139    9.60555  292.96771     8.1565   15.14384 1.4073e-01     0.3500     0.2699 0.0000e+00
        642 260.474031    0.04450     2.6704    160.226     62.595  50124.288    31.6522     8.1356     62.000     8.1205    24.6271     5.1384     7.3434     76.412    223.968    229.484   -0.00549    6.72470    9.61028  293.10692     8.1296   15.15042 1.3124e-01     0.3470     0.2751 0.0000e+00
        647 260.474046    0.04488     2.6930    161.579     63.604  50150.709    31.6666     8.1132     63.000     8.1011    24.6417     5.1368     7.3411     76.356    223.895    229.412   -0.00387    6.72748    9.61424  293.22358     8.1071   15.15593 1.2285e-01     0.3350     0.2667 0.0000e+00
        652 260.474060    0.04522     2.7133    162.799     64.614  50167.020    31.6755     8.0999     64.000     8.0880    24.6506     5.1309     7.3326     76.249    223.632    229.146   -0.00321    6.72912    9.61659  293.29279     8.0936   15.15920 1.1569e-01     0.3413     0.2807 0.0000e+00
        657 260.474073    0.04554     2.7326    163.955     65.624  50183.258    31.6843     8.0864     65.000     8.0752    24.6594     5.1240     7.3227     76.128    223.330    228.838   -0.00297    6.73078    9.61897  293.36279     8.0801   15.16251 1.0938e-01     0.3401     0.2984 0.0000e+00
        661 260.474087    0.04586     2.7518    165.108     66.633  50196.957    31.6916     8.0746     66.000     8.0576    24.6668     5.1200     7.3169     76.051    223.153    228.657   -0.00254    6.73225    9.62106  293.42459     8.0683   15.16542 1.0351e-01     0.3321     0.2746 0.0000e+00
        667 260.474102    0.04622     2.7732    166.391     67.643  50247.424    31.7203     8.0359     67.000     8.0065    24.6949     5.1112     7.3044     75.869    222.765    228.266   -0.00266    6.73691    9.62772  293.61946     8.0294   15.17461 9.8360e-02     0.3357     0.2520 0.0000e+00
        672 260.474118    0.04661     2.7962    167.771     68.653  50344.322    31.7779     7.9751     68.000     7.9548    24.7488     5.0913     7.2759     75.498    221.885    227.377   -0.00378    6.74365    9.63734  293.89761     7.9686   15.18766 9.3807e-02     0.3382     0.2510 0.0000e+00
        678 260.474135    0.04701     2.8204    169.225     69.663  50405.037    31.8155     7.9476     69.000     7.9378    24.7822     5.0701     7.2456     75.154    220.954    226.430   -0.00425    6.74620    9.64099  293.99924     7.9410   15.19236 8.9639e-02     0.3249     0.2543 0.0000e+00
        683 260.474149    0.04735     2.8411    170.466     70.672  50425.252    31.8278     7.9390     70.000     7.9280    24.7931     5.0486     7.2150     74.828    220.016    225.471   -0.00471    6.74697    9.64210  294.02998     7.9323   15.19378 8.5973e-02     0.3316     0.2486 0.0000e+00
        688 260.474163    0.04769     2.8613    171.677     71.682  50439.273    31.8355     7.9284     71.000     7.9168    24.8006     5.0286     7.1864     74.518    219.144    224.579   -0.00494    6.74824    9.64393  294.08338     7.9217   15.19630 8.2747e-02     0.3208     0.2566 0.0000e+00
        693 260.474178    0.04806     2.8833    172.997     72.692  50452.122    31.8416     7.9136     72.000     7.8982    24.8076     5.0085     7.1577     74.198    218.267    223.681   -0.00505    6.75025    9.64679  294.16874     7.9067   15.20035 7.9979e-02     0.3230     0.2634 0.0000e+00
        698 260.474194    0.04842     2.9053    174.320     73.702  50476.178    31.8540     7.8892     73.000     7.8736    24.8208     4.9978     7.1423     74.003    217.794    223.199   -0.00444    6.75344    9.65134  294.30381     7.8823   15.20675 7.7467e-02     0.3253     0.2603 0.0000e+00
        703 260.474208    0.04878     2.9269    175.615     74.712  50495.942    31.8645     7.8715     74.000     7.8599    24.8315     4.9900     7.1312     73.864    217.454    222.853   -0.00374    6.75569    9.65456  294.39890     7.8645   15.21124 7.5317e-02     0.3338     0.2782 0.0000e+00
        709 260.474223    0.04914     2.9479    176.876     75.722  50507.025    31.8699     7.8594     75.000     7.8453    24.8374     4.9859     7.1254     73.785    217.275    222.671   -0.00301    6.75731    9.65688  294.46782     7.8523   15.21451 7.3302e-02     0.3424     0.2758 0.0000e+00
        714 260.474239    0.04951     2.9707    178.241     76.732  50529.700    31.8818     7.8385     76.000     7.8218    24.8498     4.9831     7.1213     73.715    217.149    222.545   -0.00230    6.76001    9.66072  294.58155     7.8312   15.21989 7.1502e-02     0.3305     0.2923 0.0000e+00
        719 260.474254    0.04987     2.9925    179.552     77.741  50552.771    31.8933     7.8128     77.000     7.7963    24.8624     4.9702     7.1029     73.486    216.583    221.968   -0.00281    6.76343    9.66562  294.72725     7.8055   15.22681 6.9853e-02     0.3390     0.2927 0.0000e+00
        724 260.474269    0.05023     3.0137    180.820     78.751  50580.306    31.9089     7.7932     78.000     7.7807    24.8775     4.9624     7.0918     73.346    216.242    221.622   -0.00276    6.76576    9.66895  294.82449     7.7858   15.23139 6.8420e-02     0.3320     0.3017 0.0000e+00
        729 260.474283    0.05057     3.0343    182.057     79.761  50596.640    31.9176     7.7794     79.000     7.7637    24.8862     4.9605     7.0890     73.298    216.154    221.533   -0.00211    6.76751    9.67145  294.89811     7.7719   15.23486 6.7092e-02     0.3255     0.3215 0.0000e+00
        734 260.474298    0.05093     3.0560    183.357     80.771  50617.399    31.9270     7.7516     80.000     7.7290    24.8975     4.9438     7.0652     73.011    215.428    220.791   -0.00297    6.77136    9.67695  295.06253     7.7440   15.24268 6.5881e-02     0.3342     0.3247 0.0000e+00
        740 260.474315    0.05134     3.0806    184.838     81.781  50656.888    31.9468     7.7071     81.000     7.6884    24.9193     4.9307     7.0465     72.752    214.851    220.205   -0.00331    6.77734    9.68550  295.31708     7.6995   15.25475 6.4766e-02     0.3227     0.3381 0.0000e+00
        746 260.474331    0.05173     3.1038    186.231     82.791  50680.750    31.9593     7.6847     82.000     7.6733    24.9322     4.9292     7.0443     72.699    214.782    220.138   -0.00251    6.78025    9.68965  295.43993     7.6769   15.26056 6.3766e-02     0.3147     0.3360 0.0000e+00
        751 260.474346    0.05208     3.1251    187.506     83.800  50687.758    31.9620     7.6742     83.000     7.6604    24.9359     4.9367     7.0551     72.794    215.110    220.475   -0.00118    6.78174    9.69179  295.50397     7.6664   15.26361 6.2919e-02     0.3230     0.3403 0.0000e+00
        756 260.474361    0.05244     3.1462    188.774     84.810  50702.264    31.9692     7.6598     84.000     7.6480    24.9436     4.9386     7.0577     72.801    215.189    220.557   -0.00078    6.78366    9.69453  295.58529     7.6518   15.26746 6.2138e-02     0.3157     0.3484 0.0000e+00
        762 260.474377    0.05282     3.1690    190.141     85.820  50711.764    31.9741     7.6519     85.000     7.6417    24.9485     4.9425     7.0634     72.848    215.360    220.733   -0.00032    6.78465    9.69595  295.62713     7.6439   15.26944 6.1495e-02     0.3326     0.3715 0.0000e+00
        767 260.474392    0.05319     3.1913    191.480     86.830  50716.995    31.9761     7.6444     86.000     7.6311    24.9511     4.9429     7.0639     72.842    215.375    220.749   -0.00026    6.78573    9.69749  295.67335     7.6364   15.27163 6.0882e-02     0.3355     0.3566 0.0000e+00
        772 260.474407    0.05354     3.2122    192.732     87.840  50724.395    31.9775     7.6253     87.000     7.6048    24.9549     4.9376     7.0562     72.732    215.140    220.509   -0.00082    6.78862    9.70161  295.79806     7.6172   15.27758 6.0287e-02     0.3122     0.3338 0.0000e+00
        777 260.474420    0.05387     3.2321    193.924     88.850  50746.910    31.9880     7.5966     88.000     7.5750    24.9671     4.9355     7.0533     72.660    215.050    220.419   -0.00106    6.79260    9.70731  295.96798     7.5884   15.28565 5.9768e-02     0.3187     0.3455 0.0000e+00
        782 260.474436    0.05423     3.2536    195.217     89.860  50781.166    32.0046     7.5562     89.000     7.5288    24.9858     4.9415     7.0619     72.689    215.307    220.687   -0.00063    6.79813    9.71521  296.20363     7.5478   15.29683 5.9321e-02     0.3201     0.3454 0.0000e+00
        787 260.474451    0.05461     3.2770    196.621     90.870  50830.950    32.0314     7.5119     90.000     7.4953    25.0130     4.9482     7.0715     72.728    215.596    220.989   -0.00026    6.80381    9.72333  296.44338     7.5035   15.30816 5.8890e-02     0.3092     0.3558 0.0000e+00
        793 260.474467    0.05498     3.2986    197.916     91.879  50849.146    32.0406     7.4941     91.000     7.4791    25.0227     4.9515     7.0762     72.751    215.736    221.135   -0.00011    6.80616    9.72668  296.54255     7.4857   15.31286 5.8511e-02     0.3053     0.3875 0.0000e+00
        798 260.474481    0.05533     3.3197    199.181     92.889  50865.868    32.0491     7.4779     92.000     7.4644    25.0316     4.9539     7.0796     72.763    215.837    221.240   -0.00005    6.80830    9.72974  296.63361     7.4694   15.31717 5.8178e-02     0.3126     0.3995 0.0000e+00
        803 260.474496    0.05568     3.3410    200.463     93.899  50879.652    32.0565     7.4682     93.000     7.4580    25.0389     4.9523     7.0774     72.727    215.768    221.170   -0.00030    6.80948    9.73143  296.68296     7.4596   15.31950 5.7886e-02     0.3106     0.3840 0.0000e+00
        808 260.474512    0.05606     3.3638    201.827     94.909  50887.500    32.0609     7.4643     94.000     7.4538    25.0428     4.9524     7.0775     72.724    215.772    221.175   -0.00025    6.80990    9.73203  296.70005     7.4555   15.32029 5.7588e-02     0.3169     0.3826 0.0000e+00
        814 260.474527    0.05643     3.3855    203.128     95.919  50895.002    32.0648     7.4593     95.000     7.4467    25.0466     4.9483     7.0716     72.657    215.591    220.991   -0.00057    6.81051    9.73289  296.72517     7.4504   15.32148 5.7311e-02     0.3172     0.3743 0.0000e+00
        819 260.474542    0.05678     3.4069    204.414     96.929  50905.119    32.0687     7.4436     96.000     7.4232    25.0518     4.9473     7.0702     72.619    215.548    220.948   -0.00067    6.81277    9.73613  296.82238     7.4347   15.32610 5.7082e-02     0.3107     0.3731 0.0000e+00
        824 260.474558    0.05718     3.4307    205.843     97.938  50935.434    32.0835     7.4094     97.000     7.3906    25.0681     4.9372     7.0557     72.419    215.101    220.493   -0.00148    6.81745    9.74282  297.02168     7.4004   15.33555 5.6858e-02     0.3004     0.3922 0.0000e+00
