CTD-processing/allCTD/CNV/2018_10-17_alongbay_skb10_cast055_5028.cnv
* Sea-Bird SBE19plus Data File:
* FileName = C:\Users\Kim.Powell\Desktop\Not Processed\2018\2018_10-17_AlongBay, T9_5028\2018_10-17_TRANSECT_STATION_cast055.hex
* Software Version 1.59
* Temperature SN =  5028
* Conductivity SN =  5028
* System UpLoad Time = Oct 25 2018 16:55:46
** 2018_10-17
** Station: KB10
** Start Time: 11:04
** Depth (m): 65
** Comment: Turbid
** Comment:
# nquan = 27
# nvalues = 57                          
# units = specified
# name 0 = scan: Scan Count
# name 1 = timeJ: Julian Days
# name 2 = timeH: Time, Elapsed [hours]
# name 3 = timeM: Time, Elapsed [minutes]
# name 4 = timeS: Time, Elapsed [seconds]
# name 5 = prdM: Pressure, Strain Gauge [db]
# name 6 = specc: Specific Conductance [uS/cm]
# name 7 = sal00: Salinity, Practical [PSU]
# name 8 = tv290C: Temperature [ITS-90, deg C]
# name 9 = depSM: Depth [salt water, m], lat = 59.00
# name 10 = potemp090C: Potential Temperature [ITS-90, deg C]
# name 11 = sigma-é00: Density [sigma-theta, kg/m^3]
# name 12 = sbeox0ML/L: Oxygen, SBE 43 [ml/l]
# name 13 = sbeox0Mg/L: Oxygen, SBE 43 [mg/l]
# name 14 = sbeox0PS: Oxygen, SBE 43 [% saturation]
# name 15 = sbox0Mm/Kg: Oxygen, SBE 43 [umol/kg]
# name 16 = sbeox0Mm/L: Oxygen, SBE 43 [umol/l]
# name 17 = sbox0dV/dT: Oxygen, SBE 43 [dov/dt]
# name 18 = oxsolML/L: Oxygen Saturation, Garcia & Gordon [ml/l]
# name 19 = oxsolMg/L: Oxygen Saturation, Garcia & Gordon [mg/l]
# name 20 = oxsolMm/Kg: Oxygen Saturation, Garcia & Gordon [umol/kg]
# name 21 = potemp090C: Potential Temperature [ITS-90, deg C]
# name 22 = n2satMg/L: Nitrogen Saturation [mg/l]
# name 23 = par: PAR/Irradiance, Biospherical/Licor
# name 24 = flECO-AFL: Fluorescence, WET Labs ECO-AFL/FL [mg/m^3]
# name 25 = turbWETntu0: Turbidity, WET Labs ECO [NTU]
# name 26 = flag: flag
# span 0 =        343,        615       
# span 1 = 290.463154, 290.463940       
# span 2 =    0.02376,    0.04262       
# span 3 =     1.4255,     2.5573       
# span 4 =     85.530,    153.442       
# span 5 =      1.009,     57.546       
# span 6 =  43575.572,  48719.379       
# span 7 =    27.2400,    30.8509       
# span 8 =     8.9252,     9.6241       
# span 9 =      1.000,     57.000       
# span 10 =     9.0265,     9.6188      
# span 11 =    21.0596,    23.8125      
# span 12 =     5.0759,     5.9683      
# span 13 =     7.2540,     8.5293      
# span 14 =     77.222,     89.647      
# span 15 =    221.418,    261.048      
# span 16 =    226.690,    266.544      
# span 17 =   -0.00969,    0.01045      
# span 18 =    6.56083,    6.79825      
# span 19 =    9.37609,    9.71538      
# span 20 =  286.25105,  297.35086      
# span 21 =     8.9251,     9.6232      
# span 22 =   14.82706,   15.37130      
# span 23 = 4.7213e-02, 1.0698e+02      
# span 24 =     0.2760,     0.8939      
# span 25 =     0.5862,     4.4483      
# span 26 = 0.0000e+00, 0.0000e+00      
# interval = meters: 1                  
# start_time = Oct 17 2018 11:05:31 [Instrument's time stamp, header]
# bad_flag = -9.990e-29
*END*
        343 290.463154    0.02376     1.4255     85.530      1.009  43575.572    27.2400     8.9252      1.000     9.0265    21.0596     5.9683     8.5293     87.797    261.048    266.544    0.00282    6.79825    9.71538  297.35086     8.9251   15.37130 1.0698e+02     0.4190     4.4483 0.0000e+00
        348 290.463169    0.02411     1.4466     86.798      2.019  46135.508    29.0485     9.2279      2.000     9.3431    22.4278     5.9314     8.4766     88.883    259.087    264.897    0.00803    6.67379    9.53751  291.51491     9.2278   15.08504 5.1412e+01     0.4320     3.6455 0.0000e+00
        353 290.463183    0.02443     1.4661     87.964      3.028  46939.247    29.6336     9.4366      3.000     9.4814    22.8533     5.9324     8.4780     89.647    259.022    264.942    0.01045    6.61765    9.45728  288.94116     9.4363   14.95965 3.0530e+01     0.5267     2.7353 0.0000e+00
        358 290.463196    0.02476     1.4857     89.139      4.038  47202.139    29.8270     9.5186      4.000     9.5293    22.9917     5.9143     8.4521     89.647    258.196    264.132    0.00707    6.59732    9.42822  288.01418     9.5182   14.91455 2.0232e+01     0.7200     1.7900 0.0000e+00
        362 290.463209    0.02508     1.5048     90.288      5.047  47284.525    29.8867     9.5390      5.000     9.5467    23.0352     5.8678     8.3857     89.016    256.155    262.056    0.00124    6.59179    9.42032  287.76047     9.5385   14.90218 1.5617e+01     0.8939     1.0296 0.0000e+00
        367 290.463222    0.02540     1.5239     91.434      6.056  47460.455    30.0124     9.5619      6.000     9.5731    23.1297     5.8081     8.3004     88.227    253.527    259.390   -0.00403    6.58314    9.40796  287.35643     9.5613   14.88235 1.2501e+01     0.8886     0.8882 0.0000e+00
        371 290.463236    0.02571     1.5428     92.570      7.067  47641.711    30.1422     9.5875      7.000     9.5969    23.2270     5.7686     8.2440     87.750    251.779    257.627   -0.00577    6.57391    9.39478  286.92649     9.5868   14.86126 9.9866e+00     0.8399     0.7866 0.0000e+00
        376 290.463249    0.02603     1.5620     93.720      8.076  47779.933    30.2417     9.6115      8.000     9.6187    23.3009     5.7251     8.1818     87.190    249.863    255.684   -0.00707    6.56623    9.38380  286.57040     9.6107   14.84384 8.1408e+00     0.7372     0.6688 0.0000e+00
        381 290.463263    0.02636     1.5813     94.880      9.085  47844.460    30.2881     9.6241      9.000     9.6188    23.3352     5.6715     8.1051     86.423    247.512    253.288   -0.00947    6.56244    9.37839  286.39556     9.6232   14.83529 6.7287e+00     0.7153     0.6031 0.0000e+00
        385 290.463276    0.02668     1.6006     96.039     10.094  47929.331    30.3440     9.5990     10.000     9.5761    23.3828     5.6372     8.0562     85.885    246.007    251.759   -0.00969    6.56371    9.38021  286.43769     9.5980   14.83707 5.5939e+00     0.7085     0.5862 0.0000e+00
        390 290.463289    0.02699     1.6197     97.183     11.104  48032.150    30.4101     9.5549     11.000     9.5423    23.4413     5.6067     8.0126     85.373    244.661    250.396   -0.00962    6.56734    9.38538  286.57950     9.5537   14.84359 4.6806e+00     0.6419     0.6860 0.0000e+00
        394 290.463302    0.02731     1.6388     98.327     12.114  48101.824    30.4560     9.5344     12.000     9.5302    23.4803     5.5768     7.9698     84.904    243.345    249.059   -0.00940    6.56837    9.38686  286.61370     9.5331   14.84503 3.9253e+00     0.5527     0.6705 0.0000e+00
        399 290.463316    0.02764     1.6583     99.498     13.123  48145.692    30.4857     9.5301     13.000     9.5282    23.5043     5.5558     7.9399     84.593    242.425    248.123   -0.00824    6.56772    9.38594  286.57881     9.5288   14.84325 3.2999e+00     0.5028     0.6114 0.0000e+00
        404 290.463329    0.02797     1.6778    100.667     14.133  48175.349    30.5060     9.5295     14.000     9.5287    23.5202     5.5412     7.9189     84.380    241.783    247.470   -0.00681    6.56695    9.38483  286.54051     9.5281   14.84133 2.7849e+00     0.4871     0.5965 0.0000e+00
        408 290.463343    0.02828     1.6973    101.837     15.142  48202.170    30.5247     9.5320     15.000     9.5321    23.5344     5.5230     7.8930     84.119    240.988    246.660   -0.00615    6.56580    9.38319  286.48657     9.5304   14.83867 2.3511e+00     0.4557     0.5997 0.0000e+00
        413 290.463357    0.02862     1.7172    103.032     16.151  48235.071    30.5480     9.5365     16.000     9.5366    23.5520     5.5099     7.8742     83.939    240.410    246.072   -0.00521    6.56417    9.38085  286.41039     9.5348   14.83494 1.9873e+00     0.4519     0.6115 0.0000e+00
        418 290.463370    0.02895     1.7368    104.207     17.161  48285.387    30.5834     9.5405     17.000     9.5401    23.5790     5.4905     7.8465     83.670    239.558    245.207   -0.00505    6.56210    9.37790  286.31256     9.5387   14.83012 1.6836e+00     0.4523     0.6172 0.0000e+00
        423 290.463384    0.02928     1.7566    105.397     18.171  48326.616    30.6120     9.5409     18.000     9.5330    23.6013     5.4654     7.8106     83.303    238.457    244.085   -0.00554    6.56083    9.37609  286.25105     9.5390   14.82706 1.4245e+00     0.4259     0.6642 0.0000e+00
        427 290.463398    0.02959     1.7759    106.552     19.180  48352.117    30.6274     9.5254     19.000     9.5161    23.6158     5.4316     7.7623     82.767    236.977    242.573   -0.00687    6.56243    9.37836  286.31649     9.5234   14.83013 1.2086e+00     0.4081     0.6434 0.0000e+00
        432 290.463411    0.02992     1.7954    107.721     20.190  48372.313    30.6393     9.5106     20.000     9.5052    23.6273     5.4027     7.7210     82.307    235.715    241.285   -0.00753    6.56407    9.38072  286.38503     9.5085   14.83336 1.0294e+00     0.3905     0.6041 0.0000e+00
        437 290.463425    0.03025     1.8150    108.903     21.199  48379.564    30.6433     9.5051     21.000     9.5016    23.6313     5.3946     7.7094     82.176    235.360    240.921   -0.00594    6.56471    9.38162  286.41149     9.5029   14.83460 8.7652e-01     0.3748     0.5903 0.0000e+00
        441 290.463439    0.03059     1.8352    110.113     22.209  48381.763    30.6440     9.5023     22.000     9.4990    23.6323     5.3921     7.7058     82.133    235.251    240.810   -0.00416    6.56509    9.38216  286.42756     9.5000   14.83537 7.4493e-01     0.3725     0.5957 0.0000e+00
        446 290.463453    0.03092     1.8557    111.340     23.219  48383.483    30.6445     9.5002     23.000     9.4968    23.6331     5.3877     7.6996     82.063    235.062    240.617   -0.00320    6.56537    9.38257  286.43979     9.4977   14.83595 6.3490e-01     0.3720     0.5944 0.0000e+00
        451 290.463467    0.03127     1.8763    112.581     24.228  48383.029    30.6433     9.4969     24.000     9.4906    23.6327     5.3943     7.7089     82.157    235.346    240.908   -0.00166    6.56589    9.38332  286.46290     9.4944   14.83706 5.4219e-01     0.3805     0.6151 0.0000e+00
        456 290.463481    0.03161     1.8964    113.781     25.238  48385.474    30.6430     9.4843     25.000     9.4751    23.6344     5.3985     7.7149     82.196    235.528    241.095   -0.00088    6.56774    9.38595  286.54278     9.4816   14.84089 4.6453e-01     0.3528     0.7010 0.0000e+00
        461 290.463495    0.03193     1.9160    114.961     26.247  48404.090    30.6539     9.4717     26.000     9.4649    23.6450     5.4107     7.7326     82.367    236.064    241.645    0.00023    6.56910    9.38790  286.59938     9.4690   14.84355 3.9939e-01     0.3481     0.7399 0.0000e+00
        466 290.463509    0.03226     1.9358    116.148     27.257  48423.923    30.6661     9.4615     27.000     9.4541    23.6561     5.4279     7.7571     82.616    236.808    242.410    0.00170    6.57007    9.38928  286.63850     9.4587   14.84536 3.4327e-01     0.3394     0.7054 0.0000e+00
        470 290.463522    0.03259     1.9554    117.323     28.266  48448.823    30.6819     9.4520     28.000     9.4457    23.6700     5.4184     7.7435     82.463    236.392    241.988    0.00029    6.57078    9.39030  286.66578     9.4490   14.84661 2.9595e-01     0.3446     0.6280 0.0000e+00
        475 290.463536    0.03292     1.9752    118.512     29.276  48477.496    30.7006     9.4441     29.000     9.4379    23.6858     5.4150     7.7385     82.405    236.235    241.831   -0.00031    6.57114    9.39082  286.67696     9.4410   14.84706 2.5631e-01     0.3488     0.6504 0.0000e+00
        480 290.463549    0.03324     1.9948    119.687     30.285  48502.839    30.7172     9.4384     30.000     9.4344    23.6996     5.4025     7.7207     82.214    235.690    241.275   -0.00123    6.57127    9.39101  286.67888     9.4352   14.84709 2.2214e-01     0.3245     0.6908 0.0000e+00
        484 290.463563    0.03357     2.0144    120.867     31.295  48516.530    30.7262     9.4367     31.000     9.4314    23.7070     5.3736     7.6794     81.775    234.426    239.983   -0.00344    6.57114    9.39082  286.67111     9.4334   14.84668 1.9206e-01     0.3251     0.7217 0.0000e+00
        489 290.463577    0.03391     2.0343    122.060     32.304  48528.447    30.7333     9.4309     32.000     9.4246    23.7134     5.3360     7.6257     81.197    232.785    238.305   -0.00574    6.57169    9.39159  286.69294     9.4275   14.84770 1.6615e-01     0.3232     0.7716 0.0000e+00
        494 290.463591    0.03425     2.0545    123.272     33.314  48539.786    30.7402     9.4255     33.000     9.4211    23.7196     5.3114     7.5905     80.817    231.711    237.207   -0.00626    6.57218    9.39230  286.71270     9.4220   14.84861 1.4483e-01     0.3360     0.7843 0.0000e+00
        499 290.463605    0.03458     2.0748    124.491     34.324  48545.086    30.7433     9.4242     34.000     9.4204    23.7223     5.3089     7.5870     80.778    231.602    237.096   -0.00443    6.57223    9.39238  286.71434     9.4206   14.84868 1.2724e-01     0.3245     0.7687 0.0000e+00
        504 290.463620    0.03493     2.0956    125.738     35.333  48548.638    30.7453     9.4236     35.000     9.4194    23.7239     5.3039     7.5798     80.702    231.383    236.872   -0.00333    6.57223    9.39238  286.71394     9.4199   14.84865 1.1260e-01     0.3038     0.7848 0.0000e+00
        509 290.463634    0.03528     2.1169    127.012     36.342  48552.486    30.7474     9.4221     36.000     9.4175    23.7258     5.2974     7.5705     80.601    231.098    236.581   -0.00281    6.57236    9.39255  286.71864     9.4183   14.84887 1.0049e-01     0.2944     0.7523 0.0000e+00
        514 290.463650    0.03564     2.1383    128.300     37.353  48556.807    30.7498     9.4202     37.000     9.4156    23.7280     5.2923     7.5632     80.521    230.875    236.353   -0.00232    6.57254    9.39281  286.72604     9.4163   14.84922 9.0605e-02     0.2888     0.7420 0.0000e+00
        519 290.463664    0.03599     2.1597    129.582     38.362  48561.104    30.7520     9.4181     38.000     9.4126    23.7301     5.2935     7.5649     80.537    230.928    236.408   -0.00152    6.57275    9.39312  286.73483     9.4140   14.84962 8.2617e-02     0.3111     0.7597 0.0000e+00
        524 290.463679    0.03634     2.1806    130.836     39.372  48569.405    30.7569     9.4139     39.000     9.4078    23.7346     5.2959     7.5683     80.568    231.030    236.513   -0.00080    6.57315    9.39369  286.75114     9.4098   14.85038 7.6169e-02     0.3163     0.7540 0.0000e+00
        529 290.463693    0.03669     2.2010    132.063     40.381  48576.729    30.7611     9.4097     40.000     9.4046    23.7385     5.2975     7.5706     80.587    231.099    236.585   -0.00055    6.57358    9.39431  286.76878     9.4055   14.85121 7.0944e-02     0.3200     0.7544 0.0000e+00
        534 290.463707    0.03701     2.2211    133.268     41.391  48586.808    30.7675     9.4079     41.000     9.4022    23.7438     5.3050     7.5814     80.702    231.427    236.922    0.00029    6.57359    9.39431  286.76738     9.4035   14.85112 6.6699e-02     0.3037     0.7782 0.0000e+00
        539 290.463721    0.03735     2.2409    134.457     42.401  48602.863    30.7778     9.4042     42.000     9.3981    23.7525     5.3016     7.5765     80.649    231.275    236.769   -0.00012    6.57368    9.39445  286.76915     9.3998   14.85116 6.3192e-02     0.2887     0.7806 0.0000e+00
        544 290.463734    0.03768     2.2609    135.654     43.410  48613.721    30.7846     9.4009     43.000     9.3956    23.7583     5.2843     7.5518     80.383    230.520    235.996   -0.00158    6.57387    9.39472  286.77583     9.3964   14.85145 6.0258e-02     0.2793     0.8161 0.0000e+00
        548 290.463748    0.03801     2.2808    136.846     44.420  48620.185    30.7885     9.3994     44.000     9.3944    23.7616     5.2593     7.5160     80.002    229.427    234.879   -0.00341    6.57393    9.39480  286.77731     9.3948   14.85151 5.7757e-02     0.2898     0.8453 0.0000e+00
        553 290.463762    0.03835     2.3011    138.064     45.430  48624.179    30.7907     9.3986     45.000     9.3935    23.7635     5.2419     7.4912     79.738    228.670    234.103   -0.00393    6.57395    9.39483  286.77764     9.3939   14.85152 5.5731e-02     0.3012     0.8726 0.0000e+00
        558 290.463776    0.03869     2.3213    139.276     46.440  48628.771    30.7934     9.3976     46.000     9.3923    23.7658     5.2353     7.4817     79.636    228.379    233.807   -0.00327    6.57397    9.39487  286.77815     9.3928   14.85153 5.4069e-02     0.3058     0.8847 0.0000e+00
        563 290.463791    0.03903     2.3415    140.493     47.449  48632.113    30.7952     9.3969     47.000     9.3917    23.7674     5.2292     7.4731     79.544    228.115    233.537   -0.00273    6.57401    9.39491  286.77915     9.3919   14.85157 5.2736e-02     0.2979     0.8926 0.0000e+00
        568 290.463805    0.03937     2.3619    141.716     48.459  48636.999    30.7982     9.3963     48.000     9.3904    23.7697     5.2227     7.4637     79.444    227.828    233.243   -0.00245    6.57397    9.39487  286.77704     9.3911   14.85146 5.1628e-02     0.2760     0.8935 0.0000e+00
        573 290.463819    0.03971     2.3825    142.948     49.468  48645.464    30.8034     9.3944     49.000     9.3884    23.7742     5.2173     7.4561     79.363    227.595    233.006   -0.00212    6.57402    9.39493  286.77782     9.3893   14.85147 5.0722e-02     0.2786     0.9100 0.0000e+00
        578 290.463833    0.04005     2.4031    144.184     50.478  48653.433    30.8083     9.3920     50.000     9.3852    23.7783     5.2060     7.4398     79.188    227.099    232.499   -0.00242    6.57417    9.39514  286.78312     9.3867   14.85171 4.9978e-02     0.2890     0.9437 0.0000e+00
        583 290.463848    0.04041     2.4242    145.451     51.488  48665.604    30.8158     9.3876     51.000     9.3799    23.7849     5.1932     7.4215     78.990    226.539    231.927   -0.00281    6.57449    9.39560  286.79522     9.3822   14.85225 4.9363e-02     0.2884     0.9586 0.0000e+00
        588 290.463863    0.04075     2.4453    146.716     52.497  48681.164    30.8256     9.3822     52.000     9.3754    23.7934     5.1841     7.4086     78.848    226.143    231.524   -0.00266    6.57486    9.39613  286.80893     9.3767   14.85287 4.8873e-02     0.2847     1.0796 0.0000e+00
        593 290.463878    0.04112     2.4673    148.037     53.507  48688.704    30.8302     9.3799     53.000     9.3740    23.7973     5.1605     7.3749     78.487    225.113    230.470   -0.00374    6.57500    9.39634  286.81414     9.3743   14.85310 4.8425e-02     0.2942     1.1976 0.0000e+00
