CTD-processing/allCTD/CNV/2018_07-18_t7_s20_cast149_5028.cnv
* Sea-Bird SBE19plus Data File:
* FileName = C:\Users\Kim.Powell\Desktop\Not Processed\2018\2018_07-18_AlongBay,T6,T7_5028\2018_07-18_TRANSECT_STATION_cast149.hex
* Software Version 1.59
* Temperature SN =  5028
* Conductivity SN =  5028
* System UpLoad Time = Jul 19 2018 13:11:52
** 2018_07-18
** Station: 7-20
** Start Time: 12:26
** Depth (m): 81.6
** Comment:
** Comment:
# nquan = 27
# nvalues = 78                          
# units = specified
# name 0 = scan: Scan Count
# name 1 = timeJ: Julian Days
# name 2 = timeH: Time, Elapsed [hours]
# name 3 = timeM: Time, Elapsed [minutes]
# name 4 = timeS: Time, Elapsed [seconds]
# name 5 = prdM: Pressure, Strain Gauge [db]
# name 6 = specc: Specific Conductance [uS/cm]
# name 7 = sal00: Salinity, Practical [PSU]
# name 8 = tv290C: Temperature [ITS-90, deg C]
# name 9 = depSM: Depth [salt water, m], lat = 59.00
# name 10 = potemp090C: Potential Temperature [ITS-90, deg C]
# name 11 = sigma-é00: Density [sigma-theta, kg/m^3]
# name 12 = sbeox0ML/L: Oxygen, SBE 43 [ml/l]
# name 13 = sbeox0Mg/L: Oxygen, SBE 43 [mg/l]
# name 14 = sbeox0PS: Oxygen, SBE 43 [% saturation]
# name 15 = sbox0Mm/Kg: Oxygen, SBE 43 [umol/kg]
# name 16 = sbeox0Mm/L: Oxygen, SBE 43 [umol/l]
# name 17 = sbox0dV/dT: Oxygen, SBE 43 [dov/dt]
# name 18 = oxsolML/L: Oxygen Saturation, Garcia & Gordon [ml/l]
# name 19 = oxsolMg/L: Oxygen Saturation, Garcia & Gordon [mg/l]
# name 20 = oxsolMm/Kg: Oxygen Saturation, Garcia & Gordon [umol/kg]
# name 21 = potemp090C: Potential Temperature [ITS-90, deg C]
# name 22 = n2satMg/L: Nitrogen Saturation [mg/l]
# name 23 = par: PAR/Irradiance, Biospherical/Licor
# name 24 = flECO-AFL: Fluorescence, WET Labs ECO-AFL/FL [mg/m^3]
# name 25 = turbWETntu0: Turbidity, WET Labs ECO [NTU]
# name 26 = flag: flag
# span 0 =        280,        728       
# span 1 = 199.519059, 199.520355       
# span 2 =    0.01936,    0.05046       
# span 3 =     1.1613,     3.0276       
# span 4 =     69.675,    181.659       
# span 5 =      1.009,     78.751       
# span 6 =  48845.525,  50072.987       
# span 7 =    30.9339,    31.6571       
# span 8 =     8.4410,     8.8595       
# span 9 =      1.000,     78.000       
# span 10 =     8.4344,     8.7297      
# span 11 =    23.9605,    24.5866      
# span 12 =     5.6930,     5.9898      
# span 13 =     8.1358,     8.5600      
# span 14 =     85.628,     89.690      
# span 15 =    248.302,    261.084      
# span 16 =    254.249,    267.503      
# span 17 =   -0.00106,    0.00675      
# span 18 =    6.64800,    6.67837      
# span 19 =    9.50065,    9.54406      
# span 20 =  289.96966,  291.09875      
# span 21 =     8.4343,     8.8594      
# span 22 =   15.00363,   15.05449      
# span 23 = 6.7257e-02, 8.5832e+02      
# span 24 =     0.5161,     0.9468      
# span 25 =     0.3223,     0.4448      
# span 26 = 0.0000e+00, 0.0000e+00      
# interval = meters: 1                  
# start_time = Jul 18 2018 12:26:17 [Instrument's time stamp, header]
# bad_flag = -9.990e-29
*END*
[from data line 54]
        619 199.520041    0.04294     2.5762    154.574     55.526  50056.780    31.6557     8.4439     55.000     8.4378    24.5849     5.9840     8.5517     89.607    260.830    267.243    0.00007    6.67798    9.54350  291.08247     8.4384   15.05371 2.7942e-01     0.8581     0.3397 0.0000e+00
        624 199.520054    0.04325     2.5950    155.700     56.536  50058.279    31.6562     8.4429     56.000     8.4370    24.5854     5.9864     8.5551     89.641    260.936    267.350    0.00021    6.67812    9.54370  291.08820     8.4373   15.05398 2.4882e-01     0.8492     0.3556 0.0000e+00
        628 199.520067    0.04355     2.6130    156.782     57.546  50059.570    31.6565     8.4424     57.000     8.4366    24.5858     5.9844     8.5523     89.611    260.848    267.262   -0.00007    6.67818    9.54379  291.09094     8.4367   15.05411 2.2276e-01     0.8272     0.3724 0.0000e+00
        633 199.520081    0.04389     2.6332    157.994     58.555  50060.402    31.6566     8.4422     58.000     8.4365    24.5859     5.9804     8.5466     89.552    260.677    267.086   -0.00047    6.67820    9.54382  291.09173     8.4365   15.05415 2.0001e-01     0.8109     0.3657 0.0000e+00
        638 199.520095    0.04422     2.6531    159.184     59.566  50060.992    31.6567     8.4424     59.000     8.4368    24.5859     5.9820     8.5488     89.575    260.744    267.155   -0.00028    6.67818    9.54379  291.09076     8.4365   15.05411 1.8015e-01     0.8237     0.3397 0.0000e+00
        642 199.520107    0.04452     2.6715    160.287     60.575  50061.694    31.6568     8.4433     60.000     8.4377    24.5859     5.9856     8.5540     89.630    260.902    267.315    0.00008    6.67803    9.54358  291.08438     8.4373   15.05380 1.6313e-01     0.8353     0.3449 0.0000e+00
        647 199.520120    0.04483     2.6899    161.394     61.585  50061.430    31.6563     8.4438     61.000     8.4377    24.5854     5.9877     8.5570     89.663    260.993    267.410    0.00017    6.67797    9.54349  291.08194     8.4378   15.05369 1.4849e-01     0.8348     0.3529 0.0000e+00
        652 199.520136    0.04521     2.7128    162.765     62.595  50061.891    31.6561     8.4435     62.000     8.4370    24.5853     5.9890     8.5589     89.683    261.053    267.471    0.00017    6.67804    9.54358  291.08477     8.4373   15.05382 1.3573e-01     0.8461     0.3575 0.0000e+00
        657 199.520150    0.04555     2.7332    163.994     63.605  50063.141    31.6565     8.4430     63.000     8.4368    24.5857     5.9881     8.5576     89.668    261.011    267.428   -0.00004    6.67808    9.54365  291.08663     8.4367   15.05391 1.2483e-01     0.8260     0.3362 0.0000e+00
        662 199.520164    0.04587     2.7523    165.141     64.614  50063.451    31.6563     8.4434     64.000     8.4370    24.5855     5.9856     8.5540     89.631    260.902    267.317   -0.00028    6.67804    9.54358  291.08462     8.4370   15.05381 1.1565e-01     0.8194     0.3325 0.0000e+00
        666 199.520177    0.04618     2.7709    166.256     65.624  50063.869    31.6561     8.4430     65.000     8.4359    24.5855     5.9837     8.5514     89.602    260.822    267.234   -0.00045    6.67811    9.54369  291.08795     8.4365   15.05397 1.0794e-01     0.8526     0.3762 0.0000e+00
        671 199.520191    0.04653     2.7917    167.500     66.634  50065.428    31.6565     8.4415     66.000     8.4345    24.5860     5.9848     8.5529     89.616    260.868    267.282   -0.00029    6.67832    9.54398  291.09674     8.4349   15.05439 1.0143e-01     0.8471     0.3621 0.0000e+00
        676 199.520206    0.04688     2.8128    168.766     67.643  50067.048    31.6571     8.4410     67.000     8.4344    24.5866     5.9882     8.5577     89.665    261.014    267.431   -0.00000    6.67837    9.54406  291.09875     8.4343   15.05449 9.5650e-02     0.8408     0.3447 0.0000e+00
        680 199.520218    0.04717     2.8303    169.821     68.653  50067.446    31.6570     8.4414     68.000     8.4347    24.5864     5.9898     8.5600     89.690    261.084    267.503    0.00013    6.67831    9.54398  291.09636     8.4346   15.05437 9.0673e-02     0.8291     0.3712 0.0000e+00
        685 199.520231    0.04749     2.8493    170.959     69.662  50067.740    31.6567     8.4417     69.000     8.4348    24.5862     5.9852     8.5535     89.622    260.885    267.299   -0.00035    6.67828    9.54393  291.09506     8.4348   15.05431 8.6438e-02     0.8503     0.3768 0.0000e+00
        690 199.520246    0.04786     2.8713    172.279     70.673  50068.259    31.6567     8.4418     70.000     8.4349    24.5862     5.9848     8.5529     89.616    260.868    267.281   -0.00038    6.67826    9.54390  291.09418     8.4348   15.05427 8.2730e-02     0.8312     0.3572 0.0000e+00
        695 199.520260    0.04818     2.8910    173.462     71.683  50068.996    31.6568     8.4420     71.000     8.4351    24.5863     5.9874     8.5565     89.655    260.980    267.397   -0.00005    6.67823    9.54386  291.09283     8.4349   15.05421 7.9578e-02     0.8313     0.3510 0.0000e+00
        699 199.520273    0.04848     2.9092    174.551     72.692  50069.532    31.6568     8.4426     72.000     8.4358    24.5862     5.9872     8.5562     89.653    260.970    267.386   -0.00012    6.67813    9.54373  291.08875     8.4354   15.05401 7.6996e-02     0.8255     0.3530 0.0000e+00
        704 199.520286    0.04881     2.9285    175.711     73.702  50069.725    31.6566     8.4432     73.000     8.4360    24.5860     5.9859     8.5544     89.635    260.913    267.328   -0.00025    6.67805    9.54360  291.08511     8.4360   15.05384 7.4685e-02     0.8186     0.3428 0.0000e+00
        708 199.520299    0.04913     2.9478    176.868     74.712  50070.108    31.6565     8.4434     74.000     8.4361    24.5858     5.9861     8.5547     89.639    260.924    267.339   -0.00023    6.67802    9.54357  291.08406     8.4360   15.05379 7.2712e-02     0.8385     0.3429 0.0000e+00
        713 199.520313    0.04945     2.9673    178.036     75.722  50070.933    31.6566     8.4437     75.000     8.4363    24.5859     5.9878     8.5571     89.664    260.997    267.414   -0.00007    6.67798    9.54350  291.08213     8.4362   15.05370 7.1039e-02     0.8358     0.3647 0.0000e+00
        718 199.520326    0.04978     2.9866    179.197     76.731  50071.112    31.6563     8.4438     76.000     8.4360    24.5857     5.9858     8.5543     89.635    260.913    267.328   -0.00023    6.67798    9.54351  291.08220     8.4362   15.05370 6.9596e-02     0.8498     0.3573 0.0000e+00
        722 199.520339    0.05009     3.0054    180.326     77.741  50072.097    31.6565     8.4433     77.000     8.4355    24.5859     5.9771     8.5418     89.503    260.530    266.936   -0.00098    6.67804    9.54359  291.08479     8.4357   15.05382 6.8325e-02     0.8474     0.3545 0.0000e+00
        728 199.520355    0.05046     3.0276    181.659     78.751  50072.987    31.6568     8.4435     78.000     8.4359    24.5861     5.9790     8.5446     89.533    260.615    267.023   -0.00061    6.67800    9.54354  291.08312     8.4357   15.05374 6.7257e-02     0.8365     0.3443 0.0000e+00
