CTD-processing/allCTD/CNV/2018_04-23_alongbay_skb08_cast076_5028.cnv
* Sea-Bird SBE19plus Data File:
* FileName = C:\Users\Kim.Powell\Desktop\Not Processed\2018\2018_04-23_AlongBay, T4, T9_5028\2018_04-23_TRANSECT_STATION_cast076.hex
* Software Version 1.59
* Temperature SN =  5028
* Conductivity SN =  5028
* System UpLoad Time = Apr 24 2018 10:11:30
** 2018_04-24
** Station: KB08
** Start Time: 17:30
** Depth (m): 80
** Comment:
** Comment:
# nquan = 27
# nvalues = 78                          
# units = specified
# name 0 = scan: Scan Count
# name 1 = timeJ: Julian Days
# name 2 = timeH: Time, Elapsed [hours]
# name 3 = timeM: Time, Elapsed [minutes]
# name 4 = timeS: Time, Elapsed [seconds]
# name 5 = prdM: Pressure, Strain Gauge [db]
# name 6 = specc: Specific Conductance [uS/cm]
# name 7 = sal00: Salinity, Practical [PSU]
# name 8 = tv290C: Temperature [ITS-90, deg C]
# name 9 = depSM: Depth [salt water, m], lat = 59.00
# name 10 = potemp090C: Potential Temperature [ITS-90, deg C]
# name 11 = sigma-é00: Density [sigma-theta, kg/m^3]
# name 12 = sbeox0ML/L: Oxygen, SBE 43 [ml/l]
# name 13 = sbeox0Mg/L: Oxygen, SBE 43 [mg/l]
# name 14 = sbeox0PS: Oxygen, SBE 43 [% saturation]
# name 15 = sbox0Mm/Kg: Oxygen, SBE 43 [umol/kg]
# name 16 = sbeox0Mm/L: Oxygen, SBE 43 [umol/l]
# name 17 = sbox0dV/dT: Oxygen, SBE 43 [dov/dt]
# name 18 = oxsolML/L: Oxygen Saturation, Garcia & Gordon [ml/l]
# name 19 = oxsolMg/L: Oxygen Saturation, Garcia & Gordon [mg/l]
# name 20 = oxsolMm/Kg: Oxygen Saturation, Garcia & Gordon [umol/kg]
# name 21 = potemp090C: Potential Temperature [ITS-90, deg C]
# name 22 = n2satMg/L: Nitrogen Saturation [mg/l]
# name 23 = par: PAR/Irradiance, Biospherical/Licor
# name 24 = flECO-AFL: Fluorescence, WET Labs ECO-AFL/FL [mg/m^3]
# name 25 = turbWETntu0: Turbidity, WET Labs ECO [NTU]
# name 26 = flag: flag
# span 0 =        199,        603       
# span 1 = 113.729427, 113.730596       
# span 2 =    0.01376,    0.04180       
# span 3 =     0.8257,     2.5077       
# span 4 =     49.539,    150.460       
# span 5 =      1.010,     78.752       
# span 6 =  49912.444,  51253.272       
# span 7 =    31.0840,    31.7181       
# span 8 =     4.2989,     5.4967       
# span 9 =      1.000,     78.000       
# span 10 =     4.2968,     5.4702      
# span 11 =    24.5178,    25.1332      
# span 12 =     6.7164,     9.0355      
# span 13 =     9.5985,    12.9127      
# span 14 =     93.604,    124.404      
# span 15 =    292.778,    393.748      
# span 16 =    299.956,    403.528      
# span 17 =   -0.04105,    0.10125      
# span 18 =    7.17681,    7.35760      
# span 19 =   10.25638,   10.51475      
# span 20 =  312.86051,  320.55072      
# span 21 =     4.2976,     5.4966      
# span 22 =   16.09462,   16.45837      
# span 23 = 3.7976e-02, 1.1453e+02      
# span 24 =     0.5400,     8.6531      
# span 25 =     1.0922,     3.4456      
# span 26 = 0.0000e+00, 0.0000e+00      
# interval = meters: 1                  
# start_time = Apr 23 2018 17:29:33 [Instrument's time stamp, header]
# bad_flag = -9.990e-29
*END*
[from data line 54]
        494 113.730280    0.03423     2.0535    123.208     55.526  51202.287    31.7015     4.4729     55.000     4.4691    25.1167     7.0106    10.0189     95.729    305.422    313.094   -0.00067    7.32339   10.46587  319.04938     4.4691   16.38667 3.7976e-02     0.6044     1.1734 0.0000e+00
        498 113.730293    0.03454     2.0726    124.358     56.536  51204.462    31.7024     4.4729     56.000     4.4687    25.1175     7.0058    10.0119     95.664    305.211    312.877   -0.00088    7.32335   10.46579  319.04698     4.4691   16.38656 3.7976e-02     0.6044     1.1692 0.0000e+00
        503 113.730307    0.03486     2.0918    125.507     57.546  51205.796    31.7025     4.4717     57.000     4.4669    25.1177     7.0031    10.0081     95.624    305.094    312.757   -0.00092    7.32356   10.46610  319.05627     4.4678   16.38700 3.7976e-02     0.5952     1.2073 0.0000e+00
        508 113.730320    0.03518     2.1105    126.628     58.555  51207.592    31.7029     4.4697     58.000     4.4650    25.1182     7.0032    10.0083     95.622    305.102    312.765   -0.00073    7.32389   10.46657  319.07044     4.4657   16.38767 3.7976e-02     0.5724     1.2646 0.0000e+00
        512 113.730334    0.03550     2.1300    127.802     59.565  51209.612    31.7034     4.4683     59.000     4.4640    25.1187     6.9979    10.0007     95.546    304.868    312.526   -0.00094    7.32412   10.46689  319.08006     4.4643   16.38813 3.7976e-02     0.5866     1.2297 0.0000e+00
        517 113.730346    0.03582     2.1492    128.949     60.575  51209.762    31.7029     4.4677     60.000     4.4627    25.1184     6.9945     9.9959     95.498    304.721    312.376   -0.00101    7.32425   10.46709  319.08622     4.4636   16.38842 3.7976e-02     0.5853     1.2221 0.0000e+00
        521 113.730360    0.03614     2.1686    130.116     61.584  51210.637    31.7024     4.4653     61.000     4.4603    25.1183     6.9939     9.9948     95.483    304.691    312.344   -0.00084    7.32469   10.46771  319.10514     4.4611   16.38933 3.7976e-02     0.6208     1.2549 0.0000e+00
        526 113.730373    0.03647     2.1880    131.278     62.594  51213.135    31.7033     4.4642     62.000     4.4598    25.1192     6.9914     9.9914     95.448    304.585    312.236   -0.00085    7.32484   10.46793  319.11169     4.4599   16.38963 3.7976e-02     0.5784     1.2767 0.0000e+00
        531 113.730388    0.03680     2.2078    132.465     63.604  51212.049    31.7019     4.4634     63.000     4.4575    25.1181     6.9874     9.9857     95.391    304.412    312.058   -0.00095    7.32504   10.46822  319.12081     4.4591   16.39007 3.7976e-02     0.5636     1.2576 0.0000e+00
        536 113.730401    0.03712     2.2274    133.643     64.614  51211.374    31.6999     4.4586     64.000     4.4510    25.1169     6.9856     9.9832     95.354    304.335    311.979   -0.00094    7.32599   10.46958  319.16255     4.4543   16.39207 3.7976e-02     0.5624     1.2605 0.0000e+00
        540 113.730415    0.03746     2.2476    134.854     65.624  51212.247    31.6978     4.4492     65.000     4.4399    25.1163     6.9880     9.9867     95.364    304.439    312.085   -0.00068    7.32777   10.47211  319.23995     4.4448   16.39576 3.7976e-02     0.5636     1.3659 0.0000e+00
        545 113.730429    0.03779     2.2674    136.045     66.634  51220.030    31.7002     4.4388     66.000     4.4315    25.1193     6.9827     9.9790     95.269    304.208    311.849   -0.00098    7.32949   10.47457  319.31403     4.4344   16.39927 3.7976e-02     0.5897     1.3889 0.0000e+00
        550 113.730442    0.03811     2.2868    137.211     67.643  51225.315    31.7020     4.4330     67.000     4.4265    25.1213     6.9733     9.9654     95.127    303.793    311.425   -0.00149    7.33042   10.47591  319.35411     4.4285   16.40117 3.7976e-02     0.5767     1.4018 0.0000e+00
        555 113.730456    0.03844     2.3065    138.388     68.653  51229.168    31.7032     4.4290     68.000     4.4229    25.1226     6.9651     9.9539     95.008    303.441    311.064   -0.00173    7.33109   10.47686  319.38267     4.4243   16.40252 3.7976e-02     0.5829     1.4827 0.0000e+00
        559 113.730470    0.03877     2.3260    139.558     69.663  51231.893    31.7038     4.4256     69.000     4.4199    25.1234     6.9591     9.9453     94.919    303.178    310.795   -0.00177    7.33166   10.47768  319.40735     4.4209   16.40370 3.7976e-02     0.5669     1.5576 0.0000e+00
        564 113.730483    0.03911     2.3462    140.770     70.673  51235.651    31.7055     4.4243     70.000     4.4196    25.1250     6.9550     9.9394     94.861    302.998    310.611   -0.00160    7.33181   10.47788  319.41326     4.4195   16.40397 3.7976e-02     0.5617     1.5931 0.0000e+00
        569 113.730497    0.03943     2.3656    141.939     71.683  51237.607    31.7065     4.4248     71.000     4.4202    25.1257     6.9518     9.9348     94.819    302.858    310.467   -0.00143    7.33166   10.47767  319.40660     4.4200   16.40365 3.7976e-02     0.5479     1.6382 0.0000e+00
        574 113.730511    0.03976     2.3855    143.128     72.693  51239.029    31.7071     4.4253     72.000     4.4205    25.1262     6.9522     9.9353     94.825    302.872    310.482   -0.00106    7.33154   10.47750  319.40136     4.4204   16.40340 3.7976e-02     0.5493     1.7397 0.0000e+00
        578 113.730525    0.04010     2.4059    144.357     73.702  51240.365    31.7076     4.4257     73.000     4.4209    25.1265     6.9510     9.9337     94.811    302.826    310.435   -0.00082    7.33145   10.47737  319.39712     4.4207   16.40320 3.7976e-02     0.5668     1.7756 0.0000e+00
        583 113.730538    0.04043     2.4257    145.545     74.712  51242.942    31.7090     4.4266     74.000     4.4227    25.1275     6.9435     9.9230     94.712    302.496    310.097   -0.00116    7.33122   10.47706  319.38704     4.4215   16.40271 3.7976e-02     0.5483     1.7620 0.0000e+00
        588 113.730552    0.04075     2.4450    146.701     75.722  51246.591    31.7120     4.4305     75.000     4.4274    25.1295     6.9435     9.9229     94.722    302.493    310.095   -0.00086    7.33038   10.47585  319.34978     4.4254   16.40093 3.7976e-02     0.5400     1.8995 0.0000e+00
        593 113.730566    0.04108     2.4650    147.901     76.732  51247.840    31.7132     4.4347     76.000     4.4317    25.1301     6.9413     9.9198     94.702    302.399    309.998   -0.00073    7.32958   10.47470  319.31448     4.4295   16.39924 3.7976e-02     0.5631     2.2279 0.0000e+00
        598 113.730580    0.04143     2.4854    149.126     77.742  51253.272    31.7181     4.4420     77.000     4.4403    25.1332     6.9323     9.9070     94.600    302.006    309.597   -0.00108    7.32804   10.47251  319.24677     4.4367   16.39600 3.7976e-02     0.5738     2.5302 0.0000e+00
        603 113.730596    0.04180     2.5077    150.460     78.752  51251.046    31.7180     4.4502     78.000     4.4464    25.1323     6.9237     9.8947     94.501    301.632    309.213   -0.00128    7.32660   10.47045  319.18428     4.4449   16.39303 3.7976e-02     0.6195     3.4456 0.0000e+00
