CTD-processing/allCTD/CNV/2018_01-17_alongbay_skb07_cast139_4141.cnv
* Sea-Bird SBE19plus Data File:
* FileName = C:\Users\Kim.Powell\Desktop\Not Processed\2018\2018_01-XX_TRANSECT_4141\2018_01-18_TRANSECT_STATION_cast139.hex
* Software Version 1.59
* Temperature SN =  4141
* Conductivity SN =  4141
* System UpLoad Time = Feb 16 2018 08:53:33
** 2018_01-17
** Station: KB07
** Start Time: 11:41
** Depth (m): 147.5
** Comment: CTD incorrectly recorded date as May 22
** Comment:
# nquan = 27
# nvalues = 139                         
# units = specified
# name 0 = scan: Scan Count
# name 1 = timeJ: Julian Days
# name 2 = timeH: Time, Elapsed [hours]
# name 3 = timeM: Time, Elapsed [minutes]
# name 4 = timeS: Time, Elapsed [seconds]
# name 5 = prdM: Pressure, Strain Gauge [db]
# name 6 = specc: Specific Conductance [uS/cm]
# name 7 = sal00: Salinity, Practical [PSU]
# name 8 = tv290C: Temperature [ITS-90, deg C]
# name 9 = depSM: Depth [salt water, m], lat = 59.00
# name 10 = potemp090C: Potential Temperature [ITS-90, deg C]
# name 11 = sigma-é00: Density [sigma-theta, kg/m^3]
# name 12 = sbeox0ML/L: Oxygen, SBE 43 [ml/l]
# name 13 = sbeox0Mg/L: Oxygen, SBE 43 [mg/l]
# name 14 = sbeox0PS: Oxygen, SBE 43 [% saturation]
# name 15 = sbox0Mm/Kg: Oxygen, SBE 43 [umol/kg]
# name 16 = sbeox0Mm/L: Oxygen, SBE 43 [umol/l]
# name 17 = sbox0dV/dT: Oxygen, SBE 43 [dov/dt]
# name 18 = oxsolML/L: Oxygen Saturation, Garcia & Gordon [ml/l]
# name 19 = oxsolMg/L: Oxygen Saturation, Garcia & Gordon [mg/l]
# name 20 = oxsolMm/Kg: Oxygen Saturation, Garcia & Gordon [umol/kg]
# name 21 = n2satMg/L: Nitrogen Saturation [mg/l]
# name 22 = par: PAR/Irradiance, Biospherical/Licor
# name 23 = wetStar: Fluorescence, WET Labs WETstar [mg/m^3]
# name 24 = CStarAt0: Beam Attenuation, WET Labs C-Star [1/m]
# name 25 = CStarTr0: Beam Transmission, WET Labs C-Star [%]
# name 26 = flag: flag
# span 0 =        228,        966       
# span 1 = 142.487833, 142.489969       
# span 2 =    0.01577,    0.06704       
# span 3 =     0.9459,     4.0226       
# span 4 =     56.756,    241.358       
# span 5 =      1.015,    140.330       
# span 6 =  50084.930,  50640.510       
# span 7 =    31.0211,    31.5562       
# span 8 =     4.7801,     5.7808       
# span 9 =      1.000,    139.000       
# span 10 =     4.7972,     5.7699      
# span 11 =    24.5452,    24.8596      
# span 12 =     2.7325,     2.7841      
# span 13 =     3.9050,     3.9789      
# span 14 =     38.031,     39.186      
# span 15 =    119.076,    121.325      
# span 16 =    122.031,    124.341      
# span 17 =   -0.00133,    0.00089      
# span 18 =    7.10509,    7.30209      
# span 19 =   10.15389,   10.43542      
# span 20 =  309.61654,  318.29202      
# span 21 =   15.93822,   16.35341      
# span 22 = 3.6382e-02, 2.9016e+01      
# span 23 =     0.2465,     0.3604      
# span 24 =     0.4352,     1.9900      
# span 25 =    62.8352,    89.6916      
# span 26 = 0.0000e+00, 0.0000e+00      
# interval = meters: 1                  
# start_time = May 22 2017 11:41:32 [Instrument's time stamp, header]
# bad_flag = -9.990e-29
*END*
        228 142.487833    0.01577     0.9459     56.756      1.015  50084.930    31.0211     4.7801      1.000     4.7972    24.5452     2.7772     3.9688     38.031    121.053    124.027   -0.00069    7.30209   10.43542  318.29202   16.35341 2.9016e+01     0.2710     1.9900    62.8352 0.0000e+00
        278 142.487978    0.01925     1.1552     69.314      2.015  50136.067    31.0841     4.8660      2.000     4.8848    24.5863     2.7723     3.9619     38.058    120.840    123.812    0.00013    7.28443   10.41018  317.51564   16.31621 2.3876e+01     0.3096     1.2252    73.8899 0.0000e+00
        288 142.488005    0.01990     1.1941     71.643      3.034  50169.915    31.1173     4.9110      3.000     4.9274    24.6078     2.7681     3.9558     38.049    120.653    123.623   -0.00009    7.27498   10.39667  317.09740   16.29617 2.0844e+01     0.3129     1.0747    76.4380 0.0000e+00
        293 142.488020    0.02025     1.2151     72.909      4.036  50238.087    31.1730     4.9554      4.000     4.9781    24.6472     2.7641     3.9501     38.049    120.474    123.444    0.00003    7.26451   10.38171  316.62896   16.27365 1.7419e+01     0.3451     1.0157    77.5766 0.0000e+00
        298 142.488035    0.02062     1.2370     74.217      5.049  50312.637    31.2395     5.0300      5.000     5.0568    24.6920     2.7572     3.9404     38.039    120.170    123.138   -0.00005    7.24832   10.35857  315.90929   16.23913 1.5434e+01     0.3449     0.9461    78.9355 0.0000e+00
        303 142.488050    0.02097     1.2585     75.509      6.058  50254.282    31.2070     5.0677      6.000     5.0688    24.6622     2.7607     3.9453     38.113    120.325    123.292    0.00053    7.24336   10.35148  315.70245   16.22942 1.3368e+01     0.3494     0.9306    79.2440 0.0000e+00
        308 142.488064    0.02132     1.2795     76.767      7.061  50251.386    31.2053     5.0717      7.000     5.0701    24.6604     2.7572     3.9403     38.068    120.172    123.136   -0.00016    7.24274   10.35060  315.67600   16.22816 1.1198e+01     0.3400     0.9535    78.7913 0.0000e+00
        313 142.488080    0.02170     1.3016     78.096      8.082  50280.799    31.2253     5.0730      8.000     5.0898    24.6761     2.7614     3.9463     38.132    120.354    123.323    0.00054    7.24154   10.34889  315.61901   16.22537 9.2448e+00     0.3375     0.9372    79.1132 0.0000e+00
        318 142.488093    0.02201     1.3205     79.232      9.080  50290.411    31.2427     5.1265      9.000     5.1419    24.6841     2.7570     3.9399     38.124    120.159    123.125    0.00013    7.23145   10.33446  315.17658   16.20424 7.5220e+00     0.3329     1.0271    77.3551 0.0000e+00
        323 142.488108    0.02236     1.3417     80.503     10.100  50335.016    31.2806     5.1637     10.000     5.2009    24.7101     2.7553     3.9377     38.145    120.085    123.052    0.00034    7.22319   10.32267  314.80885   16.18658 6.0504e+00     0.3119     0.9977    77.9251 0.0000e+00
        328 142.488121    0.02268     1.3604     81.626     11.100  50338.364    31.3025     5.2596     11.000     5.2862    24.7169     2.7464     3.9249     38.115    119.697    122.656   -0.00011    7.20563   10.29756  314.04110   16.14995 4.9124e+00     0.3064     0.9064    79.7285 0.0000e+00
        333 142.488136    0.02304     1.3819     82.914     12.118  50288.061    31.2784     5.3126     12.000     5.3105    24.6920     2.7444     3.9219     38.128    119.607    122.561    0.00015    7.19768   10.28621  313.70255   16.13393 4.0017e+00     0.2873     0.8466    80.9245 0.0000e+00
        337 142.488149    0.02335     1.4009     84.056     13.121  50302.277    31.2882     5.3150     13.000     5.3198    24.6995     2.7464     3.9250     38.162    119.701    122.658    0.00027    7.19680   10.28495  313.66189   16.13195 3.2748e+00     0.2859     0.8628    80.5971 0.0000e+00
        342 142.488164    0.02371     1.4225     85.351     14.136  50283.947    31.2761     5.3197     14.000     5.3138    24.6894     2.7477     3.9267     38.180    119.755    122.713    0.00031    7.19658   10.28463  313.65515   16.13168 2.6977e+00     0.3204     0.8412    81.0342 0.0000e+00
        347 142.488177    0.02402     1.4410     86.458     15.137  50323.478    31.3027     5.3192     15.000     5.3272    24.7105     2.7471     3.9260     38.179    119.729    122.688    0.00020    7.19539   10.28293  313.59697   16.12880 2.2025e+00     0.3166     0.8457    80.9438 0.0000e+00
        352 142.488193    0.02440     1.4638     87.829     16.160  50329.591    31.3112     5.3425     16.000     5.3484    24.7147     2.7498     3.9298     38.240    119.845    122.807    0.00058    7.19099   10.27664  313.40395   16.11958 1.8370e+00     0.3292     0.7799    82.2840 0.0000e+00
        357 142.488205    0.02469     1.4818     88.908     17.153  50350.572    31.3286     5.3592     17.000     5.3650    24.7266     2.7452     3.9232     38.196    119.645    122.603   -0.00012    7.18728   10.27135  313.23881   16.11164 1.5153e+00     0.3112     0.7477    82.9514 0.0000e+00
        362 142.488220    0.02507     1.5040     90.243     18.172  50347.777    31.3292     5.3742     18.000     5.3748    24.7254     2.7454     3.9234     38.212    119.650    122.608    0.00006    7.18470   10.26766  313.12647   16.10629 1.2826e+00     0.3090     0.7032    83.8791 0.0000e+00
        367 142.488235    0.02543     1.5255     91.531     19.177  50351.914    31.3326     5.3786     19.000     5.3801    24.7276     2.7450     3.9228     38.210    119.632    122.590    0.00004    7.18378   10.26634  313.08571   16.10434 1.0788e+00     0.2914     0.7013    83.9178 0.0000e+00
        373 142.488251    0.02581     1.5487     92.921     20.197  50372.582    31.3488     5.3913     20.000     5.3966    24.7391     2.7430     3.9200     38.198    119.544    122.502   -0.00014    7.18084   10.26214  312.95437   16.09801 9.1084e-01     0.2951     0.6873    84.2140 0.0000e+00
        378 142.488266    0.02615     1.5689     94.131     21.194  50400.147    31.3723     5.4154     21.000     5.4294    24.7549     2.7377     3.9125     38.154    119.314    122.267   -0.00048    7.17560   10.25465  312.72095   16.08681 7.7388e-01     0.3031     0.6822    84.3207 0.0000e+00
        384 142.488283    0.02657     1.5938     95.630     22.211  50414.464    31.3917     5.4648     22.000     5.4736    24.7648     2.7392     3.9146     38.224    119.376    122.333    0.00025    7.16626   10.24130  312.31075   16.06719 6.5479e-01     0.3024     0.6602    84.7844 0.0000e+00
        389 142.488298    0.02692     1.6153     96.918     23.223  50384.376    31.3731     5.4771     23.000     5.4727    24.7486     2.7386     3.9137     38.221    119.350    122.305    0.00012    7.16506   10.23958  312.26326   16.06502 5.5348e-01     0.2960     0.6576    84.8398 0.0000e+00
        393 142.488310    0.02722     1.6334     98.004     24.221  50388.324    31.3745     5.4731     24.000     5.4702    24.7502     2.7462     3.9246     38.325    119.684    122.647    0.00088    7.16565   10.24043  312.28883   16.06622 4.7308e-01     0.3088     0.6624    84.7375 0.0000e+00
        399 142.488327    0.02762     1.6571     99.424     25.243  50390.906    31.3753     5.4708     25.000     5.4699    24.7511     2.7434     3.9206     38.284    119.562    122.521    0.00019    7.16602   10.24096  312.30446   16.06696 4.0129e-01     0.3034     0.6580    84.8309 0.0000e+00
        404 142.488341    0.02796     1.6775    100.650     26.247  50419.490    31.3969     5.4824     26.000     5.4905    24.7668     2.7447     3.9225     38.317    119.615    122.578    0.00031    7.16301   10.23666  312.16871   16.06041 3.3862e-01     0.3212     0.6553    84.8896 0.0000e+00
        408 142.488355    0.02829     1.6977    101.864     27.260  50431.857    31.4099     5.5070     27.000     5.5127    24.7744     2.7473     3.9261     38.379    119.726    122.692    0.00075    7.15822   10.22981  311.95741   16.05030 2.8812e-01     0.2966     0.6495    85.0118 0.0000e+00
        413 142.488367    0.02858     1.7150    102.903     28.263  50395.058    31.3854     5.5134     28.000     5.5063    24.7543     2.7481     3.9273     38.391    119.766    122.731    0.00042    7.15830   10.22992  311.96702   16.05085 2.4452e-01     0.3366     0.6540    84.9171 0.0000e+00
        417 142.488381    0.02892     1.7351    104.107     29.275  50447.003    31.4216     5.5179     29.000     5.5291    24.7824     2.7491     3.9287     38.417    119.803    122.772    0.00066    7.15579   10.22634  311.84925   16.04509 2.1212e-01     0.3070     0.6384    85.2484 0.0000e+00
        422 142.488395    0.02927     1.7558    105.349     30.285  50440.858    31.4238     5.5519     30.000     5.5518    24.7803     2.7337     3.9068     38.234    119.135    122.087   -0.00133    7.14993   10.21795  311.59417   16.03294 1.8160e-01     0.3220     0.5955    86.1678 0.0000e+00
        427 142.488409    0.02960     1.7762    106.572     31.293  50476.175    31.4490     5.5582     31.000     5.5740    24.7995     2.7424     3.9192     38.368    119.513    122.477    0.00020    7.14766   10.21473  311.48984   16.02787 1.5723e-01     0.3048     0.5849    86.3975 0.0000e+00
        433 142.488425    0.02997     1.7981    107.884     32.308  50499.426    31.4767     5.6183     32.000     5.6273    24.8145     2.7325     3.9050     38.290    119.076    122.031   -0.00064    7.13618   10.19832  310.98509   16.00372 1.3768e-01     0.3604     0.5118    87.9912 0.0000e+00
        437 142.488438    0.03030     1.8176    109.059     33.312  50479.262    31.4655     5.6340     33.000     5.6323    24.8039     2.7360     3.9101     38.352    119.233    122.191   -0.00005    7.13406   10.19529  310.89596   15.99951 1.2177e-01     0.2967     0.5105    88.0170 0.0000e+00
        443 142.488454    0.03067     1.8401    110.403     34.325  50476.828    31.4635     5.6349     34.000     5.6318    24.8022     2.7415     3.9178     38.429    119.472    122.435    0.00079    7.13400   10.19520  310.89361   15.99941 1.0870e-01     0.2921     0.4970    88.3137 0.0000e+00
        448 142.488468    0.03101     1.8608    111.647     35.330  50483.616    31.4678     5.6353     35.000     5.6341    24.8055     2.7352     3.9089     38.342    119.197    122.154   -0.00029    7.13372   10.19480  310.88045   15.99876 9.6514e-02     0.3177     0.4951    88.3571 0.0000e+00
        453 142.488485    0.03141     1.8847    113.080     36.348  50482.746    31.4672     5.6383     36.000     5.6357    24.8048     2.7345     3.9079     38.335    119.167    122.123   -0.00039    7.13325   10.19412  310.85987   15.99779 8.6784e-02     0.2983     0.4760    88.7816 0.0000e+00
        458 142.488498    0.03174     1.9043    114.257     37.345  50483.232    31.4671     5.6386     37.000     5.6356    24.8047     2.7385     3.9135     38.390    119.339    122.299    0.00026    7.13321   10.19406  310.85821   15.99771 7.8647e-02     0.3019     0.4957    88.3451 0.0000e+00
        464 142.488516    0.03215     1.9292    115.751     38.369  50481.976    31.4657     5.6378     38.000     5.6345    24.8036     2.7450     3.9229     38.481    119.626    122.593    0.00089    7.13341   10.19436  310.86739   15.99816 7.2394e-02     0.2798     0.4747    88.8104 0.0000e+00
        469 142.488531    0.03251     1.9508    117.050     39.367  50484.401    31.4667     5.6373     39.000     5.6344    24.8045     2.7392     3.9146     38.399    119.372    122.333   -0.00014    7.13344   10.19440  310.86850   15.99821 6.6460e-02     0.2957     0.4789    88.7176 0.0000e+00
        475 142.488548    0.03293     1.9756    118.536     40.385  50484.471    31.4664     5.6376     40.000     5.6345    24.8042     2.7363     3.9104     38.359    119.245    122.204   -0.00059    7.13341   10.19436  310.86735   15.99815 6.1467e-02     0.2982     0.4758    88.7851 0.0000e+00
        480 142.488563    0.03329     1.9978    119.866     41.393  50486.131    31.4672     5.6383     41.000     5.6354    24.8048     2.7411     3.9174     38.428    119.456    122.419    0.00026    7.13326   10.19413  310.86039   15.99782 5.7244e-02     0.2976     0.4760    88.7800 0.0000e+00
        486 142.488578    0.03365     2.0191    121.146     42.395  50485.228    31.4661     5.6383     42.000     5.6346    24.8039     2.7403     3.9162     38.415    119.420    122.382   -0.00003    7.13330   10.19419  310.86238   15.99791 5.3683e-02     0.3057     0.4789    88.7171 0.0000e+00
        492 142.488596    0.03408     2.0444    122.661     43.415  50484.616    31.4648     5.6365     43.000     5.6325    24.8031     2.7412     3.9174     38.426    119.460    122.423    0.00013    7.13367   10.19473  310.87901   15.99871 5.0710e-02     0.2979     0.4707    88.8991 0.0000e+00
        497 142.488611    0.03445     2.0670    124.020     44.420  50486.854    31.4656     5.6354     44.000     5.6322    24.8039     2.7402     3.9161     38.412    119.418    122.380   -0.00016    7.13381   10.19493  310.88491   15.99899 4.8052e-02     0.2798     0.4742    88.8212 0.0000e+00
        502 142.488627    0.03481     2.0889    125.336     45.432  50490.042    31.4675     5.6364     45.000     5.6336    24.8053     2.7434     3.9206     38.458    119.553    122.518   -0.00004    7.13355   10.19455  310.87288   15.99841 4.5970e-02     0.2842     0.4802    88.6867 0.0000e+00
        507 142.488641    0.03515     2.1091    126.546     46.438  50486.848    31.4649     5.6365     46.000     5.6324    24.8032     2.7476     3.9265     38.516    119.736    122.706    0.00072    7.13366   10.19472  310.87848   15.99868 4.4031e-02     0.2806     0.4787    88.7209 0.0000e+00
        512 142.488656    0.03552     2.1311    127.866     47.450  50488.882    31.4657     5.6357     47.000     5.6324    24.8039     2.7428     3.9198     38.448    119.531    122.495   -0.00031    7.13377   10.19486  310.88282   15.99889 4.2400e-02     0.2887     0.4825    88.6370 0.0000e+00
        517 142.488670    0.03586     2.1520    129.120     48.457  50489.488    31.4657     5.6366     48.000     5.6328    24.8039     2.7449     3.9228     38.479    119.622    122.588    0.00003    7.13361   10.19464  310.87604   15.99856 4.0949e-02     0.3011     0.4751    88.8010 0.0000e+00
        523 142.488686    0.03625     2.1751    130.506     49.470  50489.556    31.4652     5.6362     49.000     5.6324    24.8036     2.7459     3.9242     38.492    119.665    122.633    0.00007    7.13370   10.19478  310.88027   15.99877 3.9749e-02     0.3117     0.4706    88.8988 0.0000e+00
        528 142.488702    0.03662     2.1968    131.810     50.475  50489.231    31.4645     5.6357     50.000     5.6313    24.8030     2.7501     3.9302     38.551    119.849    122.821    0.00050    7.13383   10.19496  310.88592   15.99904 3.8887e-02     0.2935     0.4759    88.7829 0.0000e+00
        534 142.488718    0.03701     2.2206    133.234     51.492  50489.616    31.4639     5.6341     51.000     5.6300    24.8028     2.7438     3.9212     38.461    119.574    122.539   -0.00045    7.13411   10.19537  310.89857   15.99965 3.7973e-02     0.2780     0.4762    88.7775 0.0000e+00
        539 142.488734    0.03738     2.2429    134.575     52.498  50490.916    31.4643     5.6343     52.000     5.6303    24.8031     2.7477     3.9268     38.516    119.745    122.715 8.5418e-07    7.13406   10.19528  310.89589   15.99952 3.7209e-02     0.2965     0.4698    88.9184 0.0000e+00
        545 142.488750    0.03778     2.2669    136.017     53.505  50491.190    31.4639     5.6340     53.000     5.6298    24.8029     2.7501     3.9302     38.549    119.849    122.822    0.00039    7.13413   10.19539  310.89904   15.99967 3.6600e-02     0.2792     0.4731    88.8452 0.0000e+00
