CTD-processing/allCTD/CNV/2018_09-17_alongbay_pogi_cast038_5028.cnv
* Sea-Bird SBE19plus Data File:
* FileName = C:\Users\Kim.Powell\Desktop\Not Processed\2018\2018_09-17_AlongBay, T6, T7_5028\2018_09-17_TRANSECT_STATION_cast038.hex
* Software Version 1.59
* Temperature SN =  5028
* Conductivity SN =  5028
* System UpLoad Time = Sep 18 2018 16:16:11
** 2018_09-17
** Station: POGI
** Start Time: 14:22
** Depth (m): 95.4
** Comment:
** Comment:
# nquan = 27
# nvalues = 81                          
# units = specified
# name 0 = scan: Scan Count
# name 1 = timeJ: Julian Days
# name 2 = timeH: Time, Elapsed [hours]
# name 3 = timeM: Time, Elapsed [minutes]
# name 4 = timeS: Time, Elapsed [seconds]
# name 5 = prdM: Pressure, Strain Gauge [db]
# name 6 = specc: Specific Conductance [uS/cm]
# name 7 = sal00: Salinity, Practical [PSU]
# name 8 = tv290C: Temperature [ITS-90, deg C]
# name 9 = depSM: Depth [salt water, m], lat = 59.00
# name 10 = potemp090C: Potential Temperature [ITS-90, deg C]
# name 11 = sigma-é00: Density [sigma-theta, kg/m^3]
# name 12 = sbeox0ML/L: Oxygen, SBE 43 [ml/l]
# name 13 = sbeox0Mg/L: Oxygen, SBE 43 [mg/l]
# name 14 = sbeox0PS: Oxygen, SBE 43 [% saturation]
# name 15 = sbox0Mm/Kg: Oxygen, SBE 43 [umol/kg]
# name 16 = sbeox0Mm/L: Oxygen, SBE 43 [umol/l]
# name 17 = sbox0dV/dT: Oxygen, SBE 43 [dov/dt]
# name 18 = oxsolML/L: Oxygen Saturation, Garcia & Gordon [ml/l]
# name 19 = oxsolMg/L: Oxygen Saturation, Garcia & Gordon [mg/l]
# name 20 = oxsolMm/Kg: Oxygen Saturation, Garcia & Gordon [umol/kg]
# name 21 = potemp090C: Potential Temperature [ITS-90, deg C]
# name 22 = n2satMg/L: Nitrogen Saturation [mg/l]
# name 23 = par: PAR/Irradiance, Biospherical/Licor
# name 24 = flECO-AFL: Fluorescence, WET Labs ECO-AFL/FL [mg/m^3]
# name 25 = turbWETntu0: Turbidity, WET Labs ECO [NTU]
# name 26 = flag: flag
# span 0 =        284,        668       
# span 1 = 260.600725, 260.601839       
# span 2 =    0.01962,    0.04635       
# span 3 =     1.1775,     2.7812       
# span 4 =     70.650,    166.873       
# span 5 =      1.010,     81.780       
# span 6 =  46798.619,  49156.813       
# span 7 =    29.7145,    31.1006       
# span 8 =     9.0434,    10.9814       
# span 9 =      1.000,     81.000       
# span 10 =     9.0342,    10.8872      
# span 11 =    22.6664,    24.0609      
# span 12 =     5.4232,     5.7558      
# span 13 =     7.7503,     8.2256      
# span 14 =     82.062,     90.015      
# span 15 =    236.519,    251.355      
# span 16 =    242.200,    257.053      
# span 17 =   -0.01540,    0.00849      
# span 18 =    6.39426,    6.61276      
# span 19 =    9.13804,    9.45030      
# span 20 =  279.23844,  288.38714      
# span 21 =     9.0351,    10.9812      
# span 22 =   14.49520,   14.92719      
# span 23 = 7.0517e-02, 1.3754e+02      
# span 24 =     0.4663,     0.8605      
# span 25 =     0.1903,     0.4389      
# span 26 = 0.0000e+00, 0.0000e+00      
# interval = meters: 1                  
# start_time = Sep 17 2018 14:23:52 [Instrument's time stamp, header]
# bad_flag = -9.990e-29
*END*
[from data line 54]
        529 260.601435    0.03668     2.2005    132.029     55.527  49084.513    31.0662     9.0801     55.000     9.0730    24.0281     5.4233     7.7505     82.062    236.523    242.206   -0.00101    6.60884    9.44470  288.22535     9.0743   14.91959 3.6648e-01     0.4746     0.2156 0.0000e+00
        534 260.601451    0.03704     2.2226    133.359     56.536  49090.394    31.0696     9.0775     56.000     9.0713    24.0311     5.4301     7.7602     82.162    236.819    242.510   -0.00016    6.60908    9.44503  288.23478     9.0717   14.92004 3.3488e-01     0.4993     0.2122 0.0000e+00
        540 260.601466    0.03740     2.2442    134.651     57.546  49093.358    31.0711     9.0768     57.000     9.0706    24.0324     5.4349     7.7671     82.234    237.028    242.724    0.00027    6.60911    9.44508  288.23590     9.0709   14.92008 3.0647e-01     0.4989     0.2151 0.0000e+00
        545 260.601481    0.03776     2.2657    135.945     58.556  49095.841    31.0723     9.0763     58.000     9.0702    24.0335     5.4341     7.7659     82.221    236.991    242.687    0.00006    6.60912    9.44510  288.23627     9.0703   14.92010 2.8071e-01     0.5065     0.2155 0.0000e+00
        550 260.601496    0.03812     2.2870    137.223     59.566  49097.714    31.0732     9.0761     59.000     9.0699    24.0342     5.4340     7.7657     82.219    236.986    242.682   -0.00006    6.60912    9.44510  288.23587     9.0700   14.92007 2.5742e-01     0.5112     0.2142 0.0000e+00
        555 260.601511    0.03848     2.3089    138.535     60.575  49098.759    31.0735     9.0761     60.000     9.0700    24.0344     5.4355     7.7678     82.242    237.049    242.747    0.00003    6.60910    9.44508  288.23514     9.0699   14.92003 2.3630e-01     0.5107     0.2164 0.0000e+00
        560 260.601526    0.03885     2.3311    139.866     61.585  49099.409    31.0736     9.0765     61.000     9.0704    24.0344     5.4390     7.7729     82.296    237.205    242.906    0.00026    6.60904    9.44498  288.23220     9.0702   14.91989 2.1710e-01     0.5343     0.2137 0.0000e+00
        566 260.601542    0.03923     2.3538    141.229     62.594  49099.960    31.0736     9.0771     62.000     9.0708    24.0344     5.4412     7.7760     82.330    237.299    243.003    0.00030    6.60896    9.44487  288.22877     9.0707   14.91973 1.9977e-01     0.5411     0.2030 0.0000e+00
        571 260.601558    0.03960     2.3760    142.559     63.604  49100.696    31.0738     9.0775     63.000     9.0710    24.0345     5.4420     7.7771     82.343    237.333    243.037    0.00021    6.60888    9.44475  288.22543     9.0710   14.91957 1.8391e-01     0.5162     0.2098 0.0000e+00
        577 260.601573    0.03997     2.3979    143.877     64.614  49101.184    31.0737     9.0774     64.000     9.0707    24.0344     5.4429     7.7784     82.357    237.374    243.079    0.00015    6.60891    9.44479  288.22645     9.0708   14.91962 1.7015e-01     0.5109     0.2317 0.0000e+00
        582 260.601588    0.04033     2.4194    145.164     65.624  49102.070    31.0739     9.0775     65.000     9.0710    24.0346     5.4412     7.7760     82.331    237.298    243.001   -0.00010    6.60888    9.44475  288.22522     9.0708   14.91956 1.5785e-01     0.5069     0.2231 0.0000e+00
        587 260.601603    0.04069     2.4413    146.479     66.634  49102.312    31.0737     9.0783     66.000     9.0716    24.0344     5.4404     7.7750     82.321    237.267    242.970   -0.00019    6.60877    9.44460  288.22066     9.0715   14.91934 1.4673e-01     0.5119     0.2261 0.0000e+00
        592 260.601618    0.04106     2.4635    147.811     67.643  49102.830    31.0737     9.0786     67.000     9.0718    24.0343     5.4391     7.7731     82.302    237.210    242.912   -0.00027    6.60873    9.44454  288.21894     9.0716   14.91926 1.3669e-01     0.5030     0.2247 0.0000e+00
        598 260.601634    0.04143     2.4854    149.127     68.653  49103.472    31.0737     9.0791     68.000     9.0721    24.0343     5.4379     7.7713     82.284    237.157    242.857   -0.00035    6.60866    9.44444  288.21580     9.0720   14.91911 1.2785e-01     0.5112     0.2081 0.0000e+00
        603 260.601649    0.04180     2.5076    150.454     69.663  49105.498    31.0748     9.0798     69.000     9.0732    24.0351     5.4390     7.7729     82.304    237.206    242.908   -0.00018    6.60851    9.44422  288.20884     9.0726   14.91877 1.1989e-01     0.5275     0.2089 0.0000e+00
        608 260.601664    0.04215     2.5293    151.756     70.673  49106.081    31.0750     9.0807     70.000     9.0734    24.0350     5.4430     7.7785     82.365    237.378    243.083    0.00016    6.60836    9.44401  288.20247     9.0735   14.91847 1.1280e-01     0.5347     0.2131 0.0000e+00
        614 260.601680    0.04254     2.5523    153.135     71.683  49107.762    31.0756     9.0798     71.000     9.0707    24.0357     5.4455     7.7821     82.402    237.487    243.195    0.00028    6.60848    9.44418  288.20745     9.0724   14.91871 1.0639e-01     0.5210     0.2027 0.0000e+00
        619 260.601696    0.04292     2.5749    154.496     72.693  49115.356    31.0795     9.0730     72.000     9.0629    24.0398     5.4451     7.7816     82.385    237.470    243.178   -0.00001    6.60932    9.44538  288.24286     9.0655   14.92038 1.0078e-01     0.5086     0.2029 0.0000e+00
        624 260.601711    0.04327     2.5967    155.804     73.702  49121.532    31.0828     9.0685     73.000     9.0608    24.0431     5.4487     7.7866     82.433    237.623    243.336    0.00021    6.60983    9.44610  288.26416     9.0610   14.92139 9.5616e-02     0.5128     0.2148 0.0000e+00
        629 260.601726    0.04364     2.6185    157.113     74.713  49122.379    31.0829     9.0684     74.000     9.0602    24.0432     5.4465     7.7836     82.400    237.531    243.242   -0.00007    6.60984    9.44613  288.26477     9.0607   14.92142 9.1123e-02     0.5147     0.2151 0.0000e+00
        635 260.601742    0.04403     2.6414    158.485     75.722  49126.301    31.0847     9.0647     75.000     9.0532    24.0452     5.4421     7.7773     82.328    237.339    243.046   -0.00054    6.61031    9.44680  288.28467     9.0569   14.92236 8.7114e-02     0.5124     0.2078 0.0000e+00
        641 260.601758    0.04442     2.6652    159.913     76.732  49138.175    31.0914     9.0555     76.000     9.0460    24.0518     5.4423     7.7776     82.317    237.345    243.053   -0.00045    6.61138    9.44832  288.32922     9.0477   14.92447 8.3474e-02     0.5151     0.2155 0.0000e+00
        646 260.601775    0.04481     2.6885    161.311     77.741  49142.955    31.0938     9.0521     77.000     9.0434    24.0542     5.4391     7.7730     82.264    237.205    242.910   -0.00062    6.61177    9.44888  288.34557     9.0442   14.92524 8.0231e-02     0.5035     0.2030 0.0000e+00
        652 260.601790    0.04520     2.7116    162.697     78.751  49145.393    31.0949     9.0508     78.000     9.0425    24.0553     5.4325     7.7636     82.163    236.918    242.617   -0.00101    6.61192    9.44910  288.35209     9.0427   14.92554 7.7393e-02     0.4921     0.2034 0.0000e+00
        657 260.601806    0.04557     2.7344    164.062     79.761  49147.057    31.0955     9.0500     79.000     9.0411    24.0560     5.4306     7.7608     82.132    236.833    242.531   -0.00090    6.61202    9.44923  288.35588     9.0418   14.92572 7.4819e-02     0.4985     0.2156 0.0000e+00
        663 260.601822    0.04594     2.7566    165.396     80.770  49150.729    31.0973     9.0476     80.000     9.0379    24.0577     5.4342     7.7661     82.184    236.991    242.692   -0.00037    6.61229    9.44962  288.36730     9.0393   14.92626 7.2562e-02     0.5051     0.2152 0.0000e+00
        668 260.601839    0.04635     2.7812    166.873     81.780  49156.813    31.1006     9.0434     81.000     9.0342    24.0609     5.4395     7.7736     82.258    237.220    242.927    0.00023    6.61276    9.45030  288.38714     9.0351   14.92719 7.0517e-02     0.5331     0.2227 0.0000e+00
