CTD-processing/allCTD/CNV/2018_09-17_t6_s05_cast030_5028.cnv
* Sea-Bird SBE19plus Data File:
* FileName = C:\Users\Kim.Powell\Desktop\Not Processed\2018\2018_09-17_AlongBay, T6, T7_5028\2018_09-17_TRANSECT_STATION_cast030.hex
* Software Version 1.59
* Temperature SN =  5028
* Conductivity SN =  5028
* System UpLoad Time = Sep 18 2018 16:06:33
** 2018_09-17
** Station: 12:10
** Start Time: 6-05
** Depth (m): 107.1
** Comment:
** Comment:
# nquan = 27
# nvalues = 103                         
# units = specified
# name 0 = scan: Scan Count
# name 1 = timeJ: Julian Days
# name 2 = timeH: Time, Elapsed [hours]
# name 3 = timeM: Time, Elapsed [minutes]
# name 4 = timeS: Time, Elapsed [seconds]
# name 5 = prdM: Pressure, Strain Gauge [db]
# name 6 = specc: Specific Conductance [uS/cm]
# name 7 = sal00: Salinity, Practical [PSU]
# name 8 = tv290C: Temperature [ITS-90, deg C]
# name 9 = depSM: Depth [salt water, m], lat = 59.00
# name 10 = potemp090C: Potential Temperature [ITS-90, deg C]
# name 11 = sigma-é00: Density [sigma-theta, kg/m^3]
# name 12 = sbeox0ML/L: Oxygen, SBE 43 [ml/l]
# name 13 = sbeox0Mg/L: Oxygen, SBE 43 [mg/l]
# name 14 = sbeox0PS: Oxygen, SBE 43 [% saturation]
# name 15 = sbox0Mm/Kg: Oxygen, SBE 43 [umol/kg]
# name 16 = sbeox0Mm/L: Oxygen, SBE 43 [umol/l]
# name 17 = sbox0dV/dT: Oxygen, SBE 43 [dov/dt]
# name 18 = oxsolML/L: Oxygen Saturation, Garcia & Gordon [ml/l]
# name 19 = oxsolMg/L: Oxygen Saturation, Garcia & Gordon [mg/l]
# name 20 = oxsolMm/Kg: Oxygen Saturation, Garcia & Gordon [umol/kg]
# name 21 = potemp090C: Potential Temperature [ITS-90, deg C]
# name 22 = n2satMg/L: Nitrogen Saturation [mg/l]
# name 23 = par: PAR/Irradiance, Biospherical/Licor
# name 24 = flECO-AFL: Fluorescence, WET Labs ECO-AFL/FL [mg/m^3]
# name 25 = turbWETntu0: Turbidity, WET Labs ECO [NTU]
# name 26 = flag: flag
# span 0 =        291,        747       
# span 1 = 260.508896, 260.510212       
# span 2 =    0.02016,    0.05178       
# span 3 =     1.2095,     3.1064       
# span 4 =     72.568,    186.387       
# span 5 =      1.010,    103.998       
# span 6 =  45562.258,  51286.978       
# span 7 =    28.9401,    32.2661       
# span 8 =     7.0696,    11.9445       
# span 9 =      1.000,    103.000       
# span 10 =     7.0649,    11.9438      
# span 11 =    21.8975,    25.2576      
# span 12 =     4.8067,     5.9266      
# span 13 =     6.8693,     8.4697      
# span 14 =     70.711,     94.001      
# span 15 =    209.464,    258.884      
# span 16 =    214.666,    264.683      
# span 17 =   -0.01507,    0.00552      
# span 18 =    6.29450,    6.86257      
# span 19 =    8.99546,    9.80730      
# span 20 =  275.08841,  298.93233      
# span 21 =     7.0602,    11.9443      
# span 22 =   14.29954,   15.42597      
# span 23 = 5.6304e-02, 1.8825e+02      
# span 24 =     0.2853,     0.8383      
# span 25 =     0.1854,     0.7383      
# span 26 = 0.0000e+00, 0.0000e+00      
# interval = meters: 1                  
# start_time = Sep 17 2018 12:11:36 [Instrument's time stamp, header]
# bad_flag = -9.990e-29
*END*
[from data line 54]
        528 260.509580    0.03659     2.1955    131.730     55.527  49651.367    31.4013     8.6434     55.000     8.6166    24.3561     5.3755     7.6821     80.723    234.360    240.069   -0.01507    6.65913    9.51657  290.32577     8.6379   15.01860 5.7427e-01     0.4644     0.2054 0.0000e+00
        532 260.509593    0.03689     2.2137    132.820     56.536  49697.357    31.4264     8.5984     56.000     8.5678    24.3824     5.3503     7.6462     80.278    233.260    238.947   -0.01315    6.66477    9.52463  290.56408     8.5929   15.02988 5.2191e-01     0.4446     0.2154 0.0000e+00
        536 260.509603    0.03713     2.2282    133.691     57.545  49745.984    31.4529     8.5502     57.000     8.5029    24.4103     5.3318     7.6196     79.927    232.442    238.117   -0.01198    6.67085    9.53331  290.82103     8.5445   15.04205 4.7709e-01     0.4378     0.2164 0.0000e+00
        539 260.509613    0.03739     2.2435    134.607     58.556  49832.446    31.5018     8.4752     58.000     8.4381    24.4597     5.3087     7.5866     79.473    231.426    237.087   -0.01149    6.67997    9.54634  291.20450     8.4695   15.06017 4.3770e-01     0.4171     0.2355 0.0000e+00
        544 260.509626    0.03769     2.2612    135.672     59.565  49896.665    31.5385     8.4230     59.000     8.4039    24.4961     5.2714     7.5334     78.840    229.792    235.421   -0.01180    6.68623    9.55528  291.46691     8.4171   15.07255 4.0194e-01     0.3875     0.2323 0.0000e+00
        549 260.509641    0.03805     2.2830    136.979     60.575  49925.784    31.5544     8.3962     60.000     8.3830    24.5126     5.2311     7.4758     78.198    228.032    233.622   -0.01136    6.68956    9.56005  291.60782     8.3902   15.07922 3.6787e-01     0.3824     0.2299 0.0000e+00
        554 260.509655    0.03837     2.3024    138.146     61.585  49940.808    31.5616     8.3771     61.000     8.3601    24.5210     5.2106     7.4465     77.862    227.138    232.707   -0.00975    6.69212    9.56371  291.71688     8.3711   15.08440 3.3521e-01     0.3883     0.2370 0.0000e+00
        558 260.509666    0.03867     2.3200    139.197     62.594  49962.855    31.5730     8.3538     62.000     8.3366    24.5333     5.1989     7.4297     77.651    226.620    232.180   -0.00812    6.69513    9.56802  291.84477     8.3477   15.09046 3.0670e-01     0.3724     0.2318 0.0000e+00
        562 260.509678    0.03894     2.3361    140.168     63.604  49986.366    31.5853     8.3300     63.000     8.3049    24.5465     5.1863     7.4118     77.428    226.070    231.620   -0.00725    6.69819    9.57238  291.97419     8.3238   15.09659 2.8110e-01     0.3809     0.2568 0.0000e+00
        565 260.509688    0.03918     2.3508    141.047     64.614  50035.278    31.6133     8.2924     64.000     8.2624    24.5740     5.1719     7.3912     77.162    225.437    230.978   -0.00701    6.70264    9.57875  292.16038     8.2861   15.10537 2.5859e-01     0.3759     0.2744 0.0000e+00
        570 260.509701    0.03948     2.3692    142.150     65.624  50102.344    31.6528     8.2470     65.000     8.2289    24.6115     5.1472     7.3559     76.734    224.351    229.873   -0.00736    6.70778    9.58610  292.37394     8.2406   15.11541 2.3821e-01     0.3552     0.2387 0.0000e+00
        575 260.509715    0.03983     2.3897    143.381     66.634  50133.988    31.6713     8.2258     66.000     8.2168    24.6291     5.1167     7.3122     76.252    223.016    228.509   -0.00771    6.71018    9.58952  292.47344     8.2194   15.12009 2.1896e-01     0.3409     0.2313 0.0000e+00
        579 260.509729    0.04016     2.4095    144.571     67.644  50141.114    31.6750     8.2202     67.000     8.2110    24.6328     5.0938     7.2796     75.904    222.021    227.490   -0.00727    6.71087    9.59051  292.50241     8.2137   15.12145 2.0188e-01     0.3331     0.2426 0.0000e+00
        584 260.509741    0.04046     2.4271    145.628     68.653  50150.253    31.6797     8.2128     68.000     8.1998    24.6376     5.0798     7.2595     75.685    221.408    226.863   -0.00648    6.71177    9.59180  292.54050     8.2062   15.12325 1.8656e-01     0.3452     0.2476 0.0000e+00
        588 260.509753    0.04073     2.4440    146.637     69.663  50170.917    31.6915     8.1984     69.000     8.1836    24.6490     5.0712     7.2473     75.538    221.032    226.481   -0.00558    6.71345    9.59420  292.61024     8.1916   15.12654 1.7327e-01     0.3444     0.2371 0.0000e+00
        591 260.509764    0.04099     2.4595    147.569     70.673  50193.563    31.7047     8.1843     70.000     8.1710    24.6614     5.0655     7.2391     75.436    220.781    226.226   -0.00477    6.71501    9.59642  292.67453     8.1775   15.12956 1.6109e-01     0.3327     0.2359 0.0000e+00
        595 260.509774    0.04126     2.4755    148.531     71.683  50215.215    31.7175     8.1717     71.000     8.1574    24.6732     5.0540     7.2227     75.249    220.278    225.713   -0.00454    6.71637    9.59836  292.73051     8.1648   15.13218 1.5027e-01     0.3309     0.2392 0.0000e+00
        600 260.509788    0.04157     2.4938    149.631     72.693  50241.254    31.7326     8.1547     72.000     8.1390    24.6875     5.0348     7.1953     74.943    219.439    224.857   -0.00496    6.71828    9.60110  292.80980     8.1477   15.13590 1.4029e-01     0.3368     0.2379 0.0000e+00
        605 260.509802    0.04191     2.5148    150.886     73.702  50272.913    31.7506     8.1317     73.000     8.1148    24.7050     5.0135     7.1648     74.594    218.504    223.902   -0.00529    6.72099    9.60497  292.92278     8.1246   15.14122 1.3130e-01     0.3153     0.2357 0.0000e+00
        610 260.509817    0.04227     2.5364    152.185     74.712  50308.601    31.7714     8.1080     74.000     8.0947    24.7248     4.9913     7.1331     74.234    217.532    222.910   -0.00548    6.72369    9.60882  293.03464     8.1008   15.14648 1.2288e-01     0.3240     0.2442 0.0000e+00
        614 260.509828    0.04256     2.5534    153.204     75.721  50331.362    31.7851     8.0967     75.000     8.0854    24.7372     4.9746     7.1093     73.975    216.805    222.168   -0.00555    6.72480    9.61041  293.07932     8.0895   15.14856 1.1532e-01     0.3258     0.2592 0.0000e+00
        617 260.509839    0.04281     2.5682    154.092     76.732  50342.900    31.7919     8.0910     76.000     8.0819    24.7432     4.9657     7.0964     73.835    216.412    221.767   -0.00503    6.72537    9.61123  293.10268     8.0836   15.14965 1.0870e-01     0.3269     0.2581 0.0000e+00
        621 260.509850    0.04308     2.5846    155.075     77.741  50348.515    31.7949     8.0880     77.000     8.0786    24.7461     4.9517     7.0765     73.624    215.803    221.143   -0.00487    6.72569    9.61169  293.11591     8.0805   15.15027 1.0278e-01     0.3315     0.2549 0.0000e+00
        626 260.509864    0.04339     2.6037    156.220     78.751  50356.646    31.7993     8.0827     78.000     8.0723    24.7503     4.9326     7.0491     73.333    214.968    220.288   -0.00506    6.72631    9.61257  293.14173     8.0751   15.15148 9.7417e-02     0.3288     0.2604 0.0000e+00
        632 260.509882    0.04384     2.6302    157.809     79.761  50367.894    31.8054     8.0750     79.000     8.0646    24.7563     4.9185     7.0291     73.114    214.355    219.662   -0.00424    6.72721    9.61386  293.17934     8.0673   15.15325 9.2688e-02     0.3311     0.2589 0.0000e+00
        637 260.509897    0.04419     2.6514    159.085     80.771  50379.701    31.8119     8.0664     80.000     8.0533    24.7626     4.9091     7.0157     72.964    213.945    219.243   -0.00364    6.72824    9.61533  293.22224     8.0586   15.15528 8.8473e-02     0.3602     0.2655 0.0000e+00
        641 260.509908    0.04445     2.6672    160.031     81.780  50397.366    31.8221     8.0561     81.000     8.0436    24.7721     4.8991     7.0013     72.802    213.504    218.793   -0.00367    6.72936    9.61693  293.26822     8.0482   15.15743 8.4824e-02     0.3547     0.2698 0.0000e+00
        645 260.509918    0.04469     2.6813    160.876     82.790  50411.410    31.8306     8.0501     82.000     8.0405    24.7796     4.8922     6.9914     72.693    213.200    218.483   -0.00352    6.72990    9.61770  293.28971     8.0422   15.15842 8.1657e-02     0.3481     0.2848 0.0000e+00
        648 260.509928    0.04493     2.6958    161.749     83.800  50415.355    31.8323     8.0467     83.000     8.0356    24.7815     4.8849     6.9809     72.579    212.881    218.157   -0.00333    6.73034    9.61833  293.30842     8.0387   15.15931 7.8854e-02     0.3432     0.2938 0.0000e+00
        654 260.509944    0.04533     2.7196    163.177     84.810  50423.860    31.8368     8.0399     84.000     8.0304    24.7859     4.8687     6.9579     72.331    212.178    217.437   -0.00348    6.73119    9.61953  293.34386     8.0317   15.16099 7.6259e-02     0.3367     0.2870 0.0000e+00
        660 260.509963    0.04578     2.7473    164.836     85.820  50432.455    31.8417     8.0361     85.000     8.0255    24.7904     4.8534     6.9360     72.100    211.511    216.755   -0.00331    6.73155    9.62005  293.35839     8.0278   15.16166 7.3689e-02     0.3359     0.2892 0.0000e+00
        665 260.509976    0.04608     2.7647    165.880     86.830  50437.493    31.8434     8.0274     86.000     8.0079    24.7929     4.8508     6.9323     72.047    211.395    216.637   -0.00265    6.73279    9.62183  293.41172     8.0191   15.16420 7.1443e-02     0.3349     0.2848 0.0000e+00
        668 260.509987    0.04635     2.7807    166.840     87.839  50458.454    31.8538     8.0040     87.000     7.9852    24.8045     4.8380     6.9140     71.824    210.835    216.065   -0.00322    6.73590    9.62629  293.54441     7.9956   15.17049 6.9540e-02     0.3294     0.2880 0.0000e+00
        673 260.509999    0.04665     2.7987    167.920     88.849  50479.815    31.8654     7.9860     88.000     7.9744    24.8161     4.8245     6.8947     71.600    210.246    215.464   -0.00369    6.73814    9.62948  293.63861     7.9775   15.17494 6.7875e-02     0.3238     0.3165 0.0000e+00
        677 260.510012    0.04695     2.8171    169.028     89.859  50485.532    31.8681     7.9805     89.000     7.9688    24.8191     4.8191     6.8870     71.512    210.008    215.221   -0.00315    6.73887    9.63052  293.66944     7.9719   15.17641 6.6376e-02     0.3222     0.3388 0.0000e+00
        682 260.510026    0.04729     2.8378    170.267     90.870  50488.195    31.8671     7.9660     90.000     7.9434    24.8204     4.8146     6.8805     71.421    209.811    215.018   -0.00264    6.74111    9.63373  293.76675     7.9574   15.18106 6.5068e-02     0.3195     0.3273 0.0000e+00
        688 260.510043    0.04770     2.8621    171.726     91.880  50519.974    31.8814     7.9197     91.000     7.8936    24.8382     4.8067     6.8693     71.236    209.464    214.666   -0.00269    6.74756    9.64295  294.04270     7.9110   15.19417 6.3883e-02     0.3364     0.3324 0.0000e+00
        693 260.510058    0.04805     2.8829    172.975     92.889  50555.899    31.8989     7.8759     92.000     7.8453    24.8582     4.8088     6.8722     71.204    209.550    214.759   -0.00211    6.75352    9.65146  294.29637     7.8670   15.20621 6.2826e-02     0.3349     0.3178 0.0000e+00
        697 260.510070    0.04834     2.9005    174.031     93.899  50593.230    31.9164     7.8255     93.000     7.7884    24.8790     4.8146     6.8805     71.217    209.800    215.019   -0.00142    6.76047    9.66140  294.59361     7.8166   15.22033 6.1884e-02     0.3330     0.3395 0.0000e+00
        701 260.510081    0.04861     2.9164    174.987     94.909  50637.293    31.9380     7.7728     94.000     7.7372    24.9034     4.8157     6.8820     71.158    209.842    215.068   -0.00147    6.76762    9.67160  294.89799     7.7638   15.23477 6.1057e-02     0.3386     0.3617 0.0000e+00
        706 260.510094    0.04894     2.9360    176.163     95.918  50691.123    31.9657     7.7160     95.000     7.6896    24.9332     4.8215     6.8904     71.165    210.090    215.328   -0.00108    6.77513    9.68234  295.21672     7.7071   15.24988 6.0322e-02     0.3268     0.3499 0.0000e+00
        711 260.510111    0.04933     2.9600    177.598     96.929  50736.048    31.9881     7.6647     96.000     7.6338    24.9579     4.8316     6.9049     71.241    210.526    215.780   -0.00033    6.78206    9.69224  295.51141     7.6557   15.26386 5.9683e-02     0.3323     0.3319 0.0000e+00
        717 260.510126    0.04969     2.9814    178.886     97.938  50785.970    32.0126     7.6056     97.000     7.5732    24.9854     4.8326     6.9063     71.172    210.564    215.825   -0.00064    6.79011    9.70375  295.85427     7.5965   15.28012 5.9060e-02     0.3349     0.4119 0.0000e+00
        721 260.510139    0.05000     2.9999    179.993     98.949  50831.174    32.0356     7.5573     98.000     7.5296    25.0101     4.8349     6.9096     71.137    210.657    215.926   -0.00078    6.79658    9.71299  296.12901     7.5481   15.29314 5.8528e-02     0.3330     0.4257 0.0000e+00
        726 260.510153    0.05034     3.0201    181.208     99.958  50860.210    32.0460     7.5023     99.000     7.4408    25.0258     4.8411     6.9185     71.144    210.926    216.204   -0.00054    6.80466    9.72455  296.47675     7.4931   15.30970 5.8048e-02     0.3179     0.4190 0.0000e+00
        731 260.510168    0.05069     3.0412    182.470    100.969  50997.566    32.1110     7.3269    100.000     7.2425    25.1009     4.8405     6.9176     70.881    210.885    216.178   -0.00177    6.82913    9.75951  297.52096     7.3177   15.35926 5.7563e-02     0.3173     0.4828 0.0000e+00
        736 260.510181    0.05101     3.0605    183.631    101.979  51161.353    32.1995     7.1819    101.000     7.1389    25.1901     4.8421     6.9199     70.711    210.938    216.252   -0.00263    6.84789    9.78633  298.31252     7.1727   15.39668 5.7120e-02     0.3174     0.5474 0.0000e+00
        740 260.510195    0.05135     3.0808    184.848    102.988  51234.549    32.2382     7.1153    102.000     7.0899    25.2296     4.8831     6.9785     71.217    212.714    218.080    0.00080    6.85663    9.79881  298.68136     7.1060   15.41412 5.6728e-02     0.2992     0.6567 0.0000e+00
        747 260.510212    0.05178     3.1064    186.387    103.998  51286.978    32.2661     7.0696    103.000     7.0649    25.2576     4.9184     7.0289     71.670    214.241    219.652    0.00337    6.86257    9.80730  298.93233     7.0602   15.42597 5.6304e-02     0.2853     0.7383 0.0000e+00
