CTD-processing/allCTD/CNV/2018_05-24_t9_s07_cast101_5028.cnv
* Sea-Bird SBE19plus Data File:
* FileName = C:\Users\Kim.Powell\Desktop\Not Processed\2018\2018_05-24_AlongBay, T9_5028\2018_05-24_TRANSECT_STATION_cast101.hex
* Software Version 1.59
* Temperature SN =  5028
* Conductivity SN =  5028
* System UpLoad Time = May 25 2018 13:39:20
** 2018_05-24
** Station: 9-07
** Start Time: 15:10
** Depth (m): 101
** Comment:
** Comment:
# nquan = 27
# nvalues = 97                          
# units = specified
# name 0 = scan: Scan Count
# name 1 = timeJ: Julian Days
# name 2 = timeH: Time, Elapsed [hours]
# name 3 = timeM: Time, Elapsed [minutes]
# name 4 = timeS: Time, Elapsed [seconds]
# name 5 = prdM: Pressure, Strain Gauge [db]
# name 6 = specc: Specific Conductance [uS/cm]
# name 7 = sal00: Salinity, Practical [PSU]
# name 8 = tv290C: Temperature [ITS-90, deg C]
# name 9 = depSM: Depth [salt water, m], lat = 59.00
# name 10 = potemp090C: Potential Temperature [ITS-90, deg C]
# name 11 = sigma-é00: Density [sigma-theta, kg/m^3]
# name 12 = sbeox0ML/L: Oxygen, SBE 43 [ml/l]
# name 13 = sbeox0Mg/L: Oxygen, SBE 43 [mg/l]
# name 14 = sbeox0PS: Oxygen, SBE 43 [% saturation]
# name 15 = sbox0Mm/Kg: Oxygen, SBE 43 [umol/kg]
# name 16 = sbeox0Mm/L: Oxygen, SBE 43 [umol/l]
# name 17 = sbox0dV/dT: Oxygen, SBE 43 [dov/dt]
# name 18 = oxsolML/L: Oxygen Saturation, Garcia & Gordon [ml/l]
# name 19 = oxsolMg/L: Oxygen Saturation, Garcia & Gordon [mg/l]
# name 20 = oxsolMm/Kg: Oxygen Saturation, Garcia & Gordon [umol/kg]
# name 21 = potemp090C: Potential Temperature [ITS-90, deg C]
# name 22 = n2satMg/L: Nitrogen Saturation [mg/l]
# name 23 = par: PAR/Irradiance, Biospherical/Licor
# name 24 = flECO-AFL: Fluorescence, WET Labs ECO-AFL/FL [mg/m^3]
# name 25 = turbWETntu0: Turbidity, WET Labs ECO [NTU]
# name 26 = flag: flag
# span 0 =        243,        775       
# span 1 = 144.633027, 144.634566       
# span 2 =    0.01681,    0.05376       
# span 3 =     1.0086,     3.2257       
# span 4 =     60.515,    193.540       
# span 5 =      1.009,     97.938       
# span 6 =  48551.362,  51100.966       
# span 7 =    30.5269,    31.8648       
# span 8 =     5.6256,     7.7929       
# span 9 =      1.000,     97.000       
# span 10 =     5.6223,     7.6816      
# span 11 =    23.7912,    25.1192      
# span 12 =     6.6628,     8.3073      
# span 13 =     9.5217,    11.8719      
# span 14 =     93.660,    120.460      
# span 15 =    290.267,    362.313      
# span 16 =    297.558,    371.002      
# span 17 =   -0.02635,    0.00085      
# span 18 =    6.82745,    7.12322      
# span 19 =    9.75711,   10.17980      
# span 20 =  297.82804,  310.36193      
# span 21 =     5.6232,     7.7928      
# span 22 =   15.38037,   15.97303      
# span 23 = 4.4406e-02, 2.6180e+02      
# span 24 =     0.3485,     5.8674      
# span 25 =     0.6974,     1.5966      
# span 26 = 0.0000e+00, 0.0000e+00      
# interval = meters: 1                  
# start_time = May 24 2018 15:10:33 [Instrument's time stamp, header]
# bad_flag = -9.990e-29
*END*
        243 144.633027    0.01681     1.0086     60.515      1.009  48551.362    30.5269     7.7929      1.000     7.6816    23.7912     7.4115    10.5917    108.434    323.296    330.995    0.00085    6.82745    9.75711  297.82804     7.7928   15.38037 2.6180e+02     2.1380     1.4019 0.0000e+00
        360 144.633366    0.02494     1.4965     89.788      2.019  48894.068    30.6879     7.3095      2.000     7.1628    23.9831     8.3073    11.8719    120.460    362.313    371.002   -0.00639    6.89605    9.85515  300.76414     7.3093   15.51980 1.5167e+02     3.4691     1.4221 0.0000e+00
        369 144.633392    0.02558     1.5346     92.075      3.028  49183.477    30.8362     6.9963      3.000     6.8996    24.1408     8.2482    11.7875    118.869    359.681    368.364   -0.01696    6.93920    9.91682  302.59985     6.9960   15.60674 8.5364e+01     4.7613     1.5638 0.0000e+00
        374 144.633405    0.02587     1.5522     93.130      4.038  49346.789    30.9161     6.8055      4.000     6.7143    24.2283     8.1747    11.6825    117.350    356.446    365.082   -0.02125    6.96621    9.95542  303.75183     6.8052   15.66133 5.0300e+01     5.6564     1.5661 0.0000e+00
        378 144.633416    0.02616     1.5694     94.165      5.047  49506.823    30.9928     6.6143      5.000     6.5346    24.3129     8.1193    11.6033    116.097    354.001    362.608   -0.02233    6.99370    9.99469  304.92489     6.6139   15.71694 3.1344e+01     5.8674     1.5326 0.0000e+00
        382 144.633428    0.02644     1.5865     95.190      6.056  49640.621    31.0581     6.4646      6.000     6.3952    24.3830     8.0421    11.4930    114.642    350.612    359.161   -0.02444    7.01511   10.02529  305.83761     6.4640   15.76018 2.0258e+01     5.7836     1.5542 0.0000e+00
        386 144.633440    0.02672     1.6029     96.177      7.066  49765.867    31.1198     6.3310      7.000     6.2783    24.4480     7.9643    11.3818    113.225    347.199    355.687   -0.02598    7.03416   10.05251  306.64836     6.3304   15.79856 1.3334e+01     5.7323     1.5966 0.0000e+00
        390 144.633451    0.02699     1.6198     97.187      8.076  49870.801    31.1751     6.2408      8.000     6.2137    24.5027     7.8877    11.2724    111.940    343.841    352.266   -0.02635    7.04643   10.07006  307.16727     6.2401   15.82307 9.0142e+00     5.5776     1.5405 0.0000e+00
        394 144.633462    0.02726     1.6356     98.138      9.085  49935.390    31.2114     6.1986      9.000     6.1835    24.5364     7.8227    11.1795    110.934    340.996    349.363   -0.02539    7.05170   10.07759  307.38679     6.1979   15.83338 6.1270e+00     5.4842     1.4398 0.0000e+00
        398 144.633474    0.02754     1.6523     99.137     10.095  49990.144    31.2432     6.1691     10.000     6.1471    24.5651     7.7791    11.1171    110.262    339.084    347.413   -0.02272    7.05510   10.08244  307.52633     6.1682   15.83990 4.1711e+00     5.5552     1.3954 0.0000e+00
        402 144.633486    0.02782     1.6692    100.150     11.104  50038.174    31.2667     6.1204     11.000     6.0891    24.5895     7.7783    11.1160    110.142    339.043    347.380   -0.01751    7.06206   10.09239  307.82230     6.1195   15.85391 2.8871e+00     5.5484     1.3152 0.0000e+00
        406 144.633497    0.02809     1.6854    101.126     12.114  50098.299    31.2969     6.0633     12.000     6.0404    24.6202     7.7798    11.1182    110.038    339.098    347.446   -0.01346    7.07013   10.10392  308.16483     6.0623   15.87010 2.0195e+00     5.4155     1.1996 0.0000e+00
        410 144.633509    0.02837     1.7026    102.157     13.123  50145.130    31.3214     6.0246     13.000     6.0132    24.6441     7.7556    11.0835    109.613    338.033    346.363   -0.01209    7.07539   10.11144  308.38711     6.0236   15.88059 1.4293e+00     5.1693     1.1274 0.0000e+00
        414 144.633520    0.02866     1.7195    103.168     14.133  50167.337    31.3330     6.0075     14.000     6.0018    24.6553     7.7181    11.0299    109.048    336.396    344.690   -0.01203    7.07770   10.11474  308.48435     6.0064   15.88518 1.0279e+00     4.9685     1.1035 0.0000e+00
        418 144.633532    0.02894     1.7366    104.196     15.142  50179.269    31.3389     5.9978     15.000     5.9901    24.6611     7.6834    10.9804    108.538    334.883    343.142   -0.01170    7.07904   10.11665  308.54087     5.9966   15.88785 7.4028e-01     4.8469     1.1085 0.0000e+00
        422 144.633545    0.02926     1.7552    105.313     16.152  50195.571    31.3463     5.9807     16.000     5.9668    24.6691     7.6563    10.9417    108.117    333.701    341.933   -0.01068    7.08154   10.12023  308.64757     5.9794   15.89290 5.3273e-01     4.6633     1.0984 0.0000e+00
        427 144.633558    0.02955     1.7733    106.397     17.161  50230.242    31.3632     5.9467     17.000     5.9239    24.6864     7.6270    10.8997    107.629    332.416    340.622   -0.01029    7.08642   10.12719  308.85464     5.9454   15.90269 3.8979e-01     4.3220     1.1318 0.0000e+00
        432 144.633572    0.02990     1.7940    107.640     18.171  50311.445    31.4079     5.8906     18.000     5.8622    24.7284     7.5737    10.8236    106.767    330.079    338.241   -0.01161    7.09368   10.13757  309.15862     5.8892   15.91700 2.8718e-01     3.8747     1.1308 0.0000e+00
        436 144.633585    0.03020     1.8121    108.727     19.180  50450.320    31.4905     5.8257     19.000     5.7911    24.8013     7.5057    10.7265    105.706    327.094    335.207   -0.01402    7.10065   10.14754  309.44063     5.8242   15.93009 2.2166e-01     3.3557     1.1091 0.0000e+00
        441 144.633599    0.03053     1.8316    109.897     20.190  50598.908    31.5782     5.7531     20.000     5.7318    24.8791     7.4149    10.5966    104.308    323.111    331.150   -0.01731    7.10868   10.15900  309.76661     5.7516   15.94526 1.7727e-01     2.4688     0.9819 0.0000e+00
        445 144.633611    0.03082     1.8496    110.977     21.199  50674.388    31.6234     5.7209     21.000     5.7119    24.9185     7.3157    10.4548    102.865    318.774    326.718   -0.02028    7.11194   10.16367  309.89687     5.7193   15.95128 1.4755e-01     1.9298     0.9085 0.0000e+00
        449 144.633624    0.03113     1.8681    112.084     22.209  50719.855    31.6514     5.7067     22.000     5.6986    24.9423     7.2316    10.3346    101.667    315.103    322.963   -0.02115    7.11300   10.16519  309.93605     5.7050   15.95303 1.2499e-01     1.6582     0.9014 0.0000e+00
        453 144.633635    0.03142     1.8854    113.124     23.218  50750.466    31.6693     5.6927     23.000     5.6852    24.9581     7.1785    10.2588    100.900    312.785    320.592   -0.01972    7.11450   10.16733  309.99658     5.6909   15.95584 1.0824e-01     1.4398     0.8774 0.0000e+00
        458 144.633648    0.03171     1.9024    114.147     24.228  50776.546    31.6849     5.6837     24.000     5.6799    24.9715     7.1431    10.2083    100.392    311.241    319.013   -0.01735    7.11528   10.16844  310.02645     5.6819   15.95720 9.5546e-02     1.2083     0.8409 0.0000e+00
        462 144.633659    0.03198     1.9191    115.145     25.237  50785.796    31.6900     5.6796     25.000     5.6746    24.9760     7.1181    10.1724    100.034    310.148    317.894   -0.01483    7.11572   10.16908  310.04440     5.6777   15.95804 8.5727e-02     1.0904     0.8243 0.0000e+00
        466 144.633671    0.03227     1.9362    116.170     26.247  50798.982    31.6971     5.6722     26.000     5.6647    24.9825     7.0970    10.1423     99.724    309.226    316.952   -0.01263    7.11664   10.17039  310.08253     5.6702   15.95982 7.8029e-02     1.0377     0.8315 0.0000e+00
        470 144.633683    0.03255     1.9530    117.182     27.257  50819.313    31.7083     5.6604     27.000     5.6522    24.9927     7.0801    10.1182     99.467    308.487    316.197   -0.01073    7.11809   10.17246  310.14260     5.6583   15.96264 7.2059e-02     0.9703     0.8328 0.0000e+00
        474 144.633694    0.03284     1.9701    118.203     28.267  50832.197    31.7144     5.6489     28.000     5.6421    24.9988     7.0586    10.0874     99.141    307.548    315.236   -0.00965    7.11975   10.17484  310.21313     5.6467   15.96598 6.7366e-02     0.8684     0.8297 0.0000e+00
        478 144.633706    0.03312     1.9873    119.240     29.276  50835.095    31.7137     5.6380     29.000     5.6293    24.9995     7.0356    10.0546     98.793    306.547    314.210   -0.00902    7.12161   10.17749  310.29393     5.6358   15.96983 6.3721e-02     0.8367     0.8280 0.0000e+00
        482 144.633719    0.03341     2.0050    120.297     30.285  50850.841    31.7216     5.6262     30.000     5.6223    25.0072     7.0130    10.0222     98.452    305.557    313.198   -0.00846    7.12322   10.17980  310.36193     5.6239   15.97303 6.0766e-02     0.8114     0.8327 0.0000e+00
        486 144.633731    0.03370     2.0220    121.319     31.295  50866.093    31.7315     5.6256     31.000     5.6258    25.0151     6.9957     9.9976     98.216    304.805    312.430   -0.00761    7.12285   10.17927  310.34346     5.6232   15.97211 5.8354e-02     0.7547     0.8591 0.0000e+00
        490 144.633742    0.03398     2.0390    122.338     32.304  50872.207    31.7364     5.6312     32.000     5.6305    25.0184     6.9837     9.9803     98.062    304.278    311.891   -0.00646    7.12168   10.17760  310.29131     5.6287   15.96961 5.6393e-02     0.7267     0.8744 0.0000e+00
        494 144.633754    0.03427     2.0561    123.367     33.314  50874.457    31.7381     5.6338     33.000     5.6311    25.0193     6.9707     9.9618     97.887    303.713    311.311   -0.00572    7.12116   10.17686  310.26847     5.6313   15.96852 5.4842e-02     0.7289     0.8569 0.0000e+00
        498 144.633766    0.03454     2.0727    124.362     34.324  50879.107    31.7407     5.6334     34.000     5.6304    25.0214     6.9572     9.9425     97.698    303.124    310.709   -0.00531    7.12111   10.17678  310.26553     5.6307   15.96836 5.3578e-02     0.7196     0.8331 0.0000e+00
        503 144.633778    0.03484     2.0904    125.422     35.333  50879.907    31.7406     5.6328     35.000     5.6301    25.0215     6.9432     9.9225     97.499    302.511    310.081   -0.00500    7.12122   10.17693  310.27008     5.6300   15.96858 5.2523e-02     0.7063     0.8132 0.0000e+00
        507 144.633790    0.03511     2.1068    126.406     36.343  50887.639    31.7457     5.6341     36.000     5.6355    25.0254     6.9353     9.9113     97.397    302.170    309.733   -0.00438    7.12073   10.17624  310.24793     5.6314   15.96751 5.1670e-02     0.6956     0.8340 0.0000e+00
        511 144.633802    0.03541     2.1244    127.464     37.352  50918.961    31.7697     5.6478     37.000     5.6579    25.0428     6.9274     9.9000     97.332    301.820    309.378   -0.00358    7.11730   10.17133  310.09300     5.6450   15.96003 5.0947e-02     0.7171     0.8327 0.0000e+00
        515 144.633814    0.03568     2.1411    128.468     38.362  50936.558    31.7866     5.6739     38.000     5.6816    25.0531     6.9235     9.8944     97.348    301.645    309.203   -0.00264    7.11212   10.16393  309.86426     5.6709   15.94906 5.0342e-02     0.6895     0.8039 0.0000e+00
        519 144.633826    0.03599     2.1594    129.562     39.372  50943.897    31.7953     5.6940     39.000     5.6962    25.0577     6.9162     9.8838     97.297    301.325    308.875   -0.00212    7.10834   10.15852  309.69790     5.6909   15.94111 4.9851e-02     0.6113     0.7933 0.0000e+00
        523 144.633838    0.03628     2.1770    130.620     40.381  50944.942    31.7972     5.7024     40.000     5.7011    25.0582     6.8964     9.8557     97.039    300.464    307.994   -0.00294    7.10682   10.15636  309.63185     5.6993   15.93795 4.9462e-02     0.5717     0.8017 0.0000e+00
        528 144.633851    0.03659     2.1954    131.724     41.391  50949.004    31.8003     5.7060     41.000     5.7041    25.0602     6.8767     9.8275     96.772    299.605    307.113   -0.00361    7.10606   10.15528  309.59830     5.7029   15.93634 4.9082e-02     0.5549     0.8096 0.0000e+00
        532 144.633864    0.03690     2.2143    132.856     42.401  50950.796    31.8015     5.7086     42.000     5.7059    25.0609     6.8602     9.8040     96.548    298.889    306.379   -0.00383    7.10559   10.15460  309.57719     5.7053   15.93533 4.8746e-02     0.5442     0.8025 0.0000e+00
        537 144.633877    0.03722     2.2335    134.012     43.410  50951.745    31.8020     5.7099     43.000     5.7069    25.0611     6.8495     9.7887     96.399    298.421    305.900   -0.00357    7.10535   10.15425  309.56670     5.7065   15.93483 4.8424e-02     0.5543     0.7850 0.0000e+00
        542 144.633891    0.03755     2.2529    135.173     44.420  50952.317    31.8020     5.7104     44.000     5.7070    25.0611     6.8380     9.7722     96.238    297.918    305.385   -0.00341    7.10525   10.15412  309.56257     5.7070   15.93463 4.8150e-02     0.5553     0.7798 0.0000e+00
        546 144.633903    0.03786     2.2713    136.277     45.429  50955.052    31.8035     5.7107     45.000     5.7078    25.0622     6.8389     9.7734     96.253    297.958    305.425   -0.00251    7.10513   10.15394  309.55692     5.7072   15.93435 4.7936e-02     0.5587     0.7838 0.0000e+00
        550 144.633916    0.03815     2.2893    137.358     46.440  50957.764    31.8052     5.7125     46.000     5.7100    25.0634     6.8356     9.7686     96.211    297.811    305.276   -0.00205    7.10475   10.15340  309.54001     5.7089   15.93354 4.7741e-02     0.5217     0.7821 0.0000e+00
        555 144.633929    0.03846     2.3079    138.473     47.449  50957.539    31.8050     5.7144     47.000     5.7108    25.0630     6.8306     9.7617     96.146    297.597    305.056   -0.00188    7.10445   10.15296  309.52695     5.7107   15.93292 4.7540e-02     0.5214     0.7882 0.0000e+00
        559 144.633942    0.03878     2.3268    139.610     48.459  50961.104    31.8069     5.7143     48.000     5.7101    25.0646     6.8251     9.7537     96.069    297.354    304.807   -0.00180    7.10437   10.15286  309.52333     5.7105   15.93274 4.7362e-02     0.5130     0.7770 0.0000e+00
        564 144.633955    0.03910     2.3457    140.741     49.469  50964.905    31.8089     5.7134     49.000     5.7094    25.0662     6.8183     9.7440     95.972    297.056    304.502   -0.00185    7.10442   10.15293  309.52481     5.7097   15.93281 4.7200e-02     0.5009     0.7827 0.0000e+00
        569 144.633969    0.03942     2.3650    141.900     50.478  50966.850    31.8097     5.7133     50.000     5.7097    25.0669     6.8128     9.7361     95.895    296.818    304.259   -0.00177    7.10440   10.15290  309.52379     5.7094   15.93275 4.7052e-02     0.4878     0.7944 0.0000e+00
        573 144.633982    0.03973     2.3840    143.040     51.488  50968.490    31.8105     5.7143     51.000     5.7106    25.0675     6.8038     9.7234     95.772    296.429    303.860   -0.00195    7.10420   10.15262  309.51503     5.7103   15.93233 4.6924e-02     0.5009     0.8170 0.0000e+00
        578 144.633995    0.04004     2.4025    144.152     52.498  50971.851    31.8125     5.7150     52.000     5.7115    25.0690     6.7993     9.7169     95.711    296.231    303.657   -0.00184    7.10399   10.15230  309.50496     5.7110   15.93184 4.6822e-02     0.4918     0.8186 0.0000e+00
        582 144.634007    0.04034     2.4205    145.228     53.508  50975.910    31.8151     5.7162     53.000     5.7119    25.0708     6.8004     9.7185     95.732    296.281    303.709   -0.00129    7.10367   10.15185  309.49055     5.7120   15.93115 4.6721e-02     0.4632     0.7931 0.0000e+00
