CTD-processing/allCTD/CNV/2018_11-08_alongbay_skb03.5_cast011_4141.cnv
* Sea-Bird SBE19plus Data File:
* FileName = C:\Users\Kim.Powell\Desktop\Not Processed\2018\2018_11-08_AlongBay, T9_4141\2018_11-08_TRANSECT_STATION_cast011.hex
* Software Version 1.59
* Temperature SN =  4141
* Conductivity SN =  4141
* System UpLoad Time = Nov 13 2018 09:17:04
** 2018_11-08
** Station: KB03.5
** Start Time: 13:14
** Depth (m): 116
** Comment: Stopped in between stations 03 and 04 due to large waves
** Comment:
# nquan = 27
# nvalues = 109                         
# units = specified
# name 0 = scan: Scan Count
# name 1 = timeJ: Julian Days
# name 2 = timeH: Time, Elapsed [hours]
# name 3 = timeM: Time, Elapsed [minutes]
# name 4 = timeS: Time, Elapsed [seconds]
# name 5 = prdM: Pressure, Strain Gauge [db]
# name 6 = specc: Specific Conductance [uS/cm]
# name 7 = sal00: Salinity, Practical [PSU]
# name 8 = tv290C: Temperature [ITS-90, deg C]
# name 9 = depSM: Depth [salt water, m], lat = 59.00
# name 10 = potemp090C: Potential Temperature [ITS-90, deg C]
# name 11 = sigma-é00: Density [sigma-theta, kg/m^3]
# name 12 = sbeox0ML/L: Oxygen, SBE 43 [ml/l]
# name 13 = sbeox0Mg/L: Oxygen, SBE 43 [mg/l]
# name 14 = sbeox0PS: Oxygen, SBE 43 [% saturation]
# name 15 = sbox0Mm/Kg: Oxygen, SBE 43 [umol/kg]
# name 16 = sbeox0Mm/L: Oxygen, SBE 43 [umol/l]
# name 17 = sbox0dV/dT: Oxygen, SBE 43 [dov/dt]
# name 18 = oxsolML/L: Oxygen Saturation, Garcia & Gordon [ml/l]
# name 19 = oxsolMg/L: Oxygen Saturation, Garcia & Gordon [mg/l]
# name 20 = oxsolMm/Kg: Oxygen Saturation, Garcia & Gordon [umol/kg]
# name 21 = n2satMg/L: Nitrogen Saturation [mg/l]
# name 22 = par: PAR/Irradiance, Biospherical/Licor
# name 23 = wetStar: Fluorescence, WET Labs WETstar [mg/m^3]
# name 24 = CStarAt0: Beam Attenuation, WET Labs C-Star [1/m]
# name 25 = CStarTr0: Beam Transmission, WET Labs C-Star [%]
# name 26 = flag: flag
# span 0 =        185,        845       
# span 1 = 312.551192, 312.553101       
# span 2 =    0.01279,    0.05860       
# span 3 =     0.7673,     3.5158       
# span 4 =     46.036,    210.953       
# span 5 =      1.004,    109.901       
# span 6 =  48316.066,  48784.545       
# span 7 =    30.4180,    30.7508       
# span 8 =     7.9125,     8.5050       
# span 9 =      1.000,    109.000       
# span 10 =     8.0226,     8.4943      
# span 11 =    23.6571,    23.8731      
# span 12 =     5.7096,     6.0249      
# span 13 =     8.1598,     8.6102      
# span 14 =     84.671,     88.897      
# span 15 =    249.053,    262.855      
# span 16 =    254.998,    269.073      
# span 17 =   -0.00486,    0.00056      
# span 18 =    6.70808,    6.80267      
# span 19 =    9.58655,    9.72170      
# span 20 =  292.59967,  296.71851      
# span 21 =   15.12988,   15.32693      
# span 22 = 3.8753e-02, 2.6734e+02      
# span 23 =     0.3165,     0.7081      
# span 24 =     0.1355,     2.0884      
# span 25 =    68.7989,    95.0488      
# span 26 = 0.0000e+00, 0.0000e+00      
# interval = meters: 1                  
# start_time = Nov 08 2018 13:12:57 [Instrument's time stamp, header]
# bad_flag = -9.990e-29
*END*
[from data line 54]
        590 312.552365    0.04093     2.4562    147.373     55.545  48508.436    30.5489     8.2840     55.000     8.2793    23.7409     5.9282     8.4719     87.818    258.611    264.751   -0.00028    6.75047    9.64710  294.48480   15.22072 1.4775e-01     0.5003     0.2457    94.0428 0.0000e+00
        596 312.552380    0.04129     2.4771    148.625     56.527  48509.754    30.5496     8.2856     56.000     8.2810    23.7412     5.9289     8.4730     87.834    258.646    264.786   -0.00024    6.75020    9.64671  294.47295   15.22016 1.3558e-01     0.5423     0.2441    94.0812 0.0000e+00
        602 312.552400    0.04177     2.5058    150.350     57.560  48513.353    30.5520     8.2875     57.000     8.2828    23.7428     5.9255     8.4683     87.789    258.498    264.635   -0.00040    6.74981    9.64616  294.45524   15.21930 1.2260e-01     0.5458     0.2441    94.0798 0.0000e+00
        606 312.552409    0.04198     2.5189    151.136     58.545  48516.238    30.5538     8.2891     58.000     8.2849    23.7440     5.9188     8.4585     87.692    258.201    264.331   -0.00109    6.74947    9.64568  294.44029   15.21857 1.1272e-01     0.5441     0.2472    94.0069 0.0000e+00
        610 312.552423    0.04231     2.5388    152.326     59.564  48514.133    30.5522     8.2914     59.000     8.2860    23.7424     5.9250     8.4674     87.787    258.472    264.609   -0.00034    6.74920    9.64529  294.42898   15.21805 1.0359e-01     0.5513     0.2435    94.0928 0.0000e+00
        616 312.552438    0.04268     2.5606    153.633     60.579  48518.612    30.5550     8.2925     60.000     8.2876    23.7445     5.9230     8.4646     87.762    258.388    264.523   -0.00033    6.74891    9.64488  294.41570   15.21740 9.6229e-02     0.5366     0.2442    94.0765 0.0000e+00
        619 312.552449    0.04295     2.5766    154.599     61.585  48522.712    30.5579     8.2951     61.000     8.2911    23.7464     5.9204     8.4609     87.730    258.272    264.405   -0.00061    6.74839    9.64412  294.39232   15.21627 8.9412e-02     0.5299     0.2450    94.0590 0.0000e+00
        624 312.552461    0.04323     2.5941    155.643     62.587  48524.477    30.5592     8.2985     62.000     8.2937    23.7469     5.9240     8.4660     87.792    258.430    264.568   -0.00014    6.74781    9.64330  294.36693   15.21505 8.3530e-02     0.5346     0.2446    94.0677 0.0000e+00
        630 312.552479    0.04365     2.6191    157.146     63.614  48529.430    30.5627     8.3017     63.000     8.2981    23.7492     5.9181     8.4576     87.713    258.173    264.304   -0.00056    6.74717    9.64239  294.33835   15.21367 7.8184e-02     0.5314     0.2417    94.1366 0.0000e+00
        634 312.552490    0.04394     2.6363    158.179     64.611  48571.746    30.5932     8.3114     64.000     8.3224    23.7717     5.9120     8.4488     87.658    257.897    264.028   -0.00092    6.74435    9.63835  294.20888   15.20737 7.3801e-02     0.5145     0.2472    94.0075 0.0000e+00
        639 312.552506    0.04430     2.6582    159.490     65.623  48568.363    30.5959     8.3488     65.000     8.3512    23.7685     5.9210     8.4618     87.869    258.295    264.434    0.00056    6.73855    9.63006  293.95653   15.19531 6.9932e-02     0.5172     0.2491    93.9615 0.0000e+00
        645 312.552524    0.04474     2.6845    161.069     66.675  48564.447    30.5957     8.3691     66.000     8.3664    23.7655     5.9020     8.4346     87.626    257.466    263.585   -0.00097    6.73545    9.62563  293.82219   15.18889 6.4783e-02     0.5073     0.2579    93.7540 0.0000e+00
        647 312.552529    0.04486     2.6919    161.512     67.619  48563.743    30.5953     8.3722     67.000     8.3690    23.7647     5.8909     8.4186     87.467    256.980    263.087   -0.00223    6.73502    9.62501  293.80379   15.18802 6.4007e-02     0.5512     0.2656    93.5774 0.0000e+00
        651 312.552541    0.04515     2.7088    162.528     68.652  48568.647    30.5991     8.3780     68.000     8.3726    23.7669     5.8877     8.4141     87.433    256.841    262.946   -0.00204    6.73395    9.62349  293.75667   15.18575 6.0242e-02     0.5068     0.2670    93.5438 0.0000e+00
        656 312.552557    0.04552     2.7312    163.872     69.658  48569.582    30.5996     8.3798     69.000     8.3734    23.7670     5.8842     8.4091     87.385    256.688    262.788   -0.00164    6.73366    9.62308  293.74404   15.18514 5.7941e-02     0.5112     0.2709    93.4513 0.0000e+00
        663 312.552576    0.04599     2.7593    165.557     70.690  48571.038    30.6002     8.3802     70.000     8.3734    23.7675     5.8775     8.3995     87.286    256.393    262.487   -0.00163    6.73358    9.62296  293.74030   15.18497 5.5871e-02     0.4886     0.2795    93.2503 0.0000e+00
        667 312.552587    0.04624     2.7745    166.468     71.679  48573.289    30.6014     8.3803     71.000     8.3738    23.7684     5.8760     8.3974     87.265    256.330    262.423   -0.00144    6.73352    9.62288  293.73756   15.18483 5.3931e-02     0.4703     0.2888    93.0343 0.0000e+00
        671 312.552599    0.04655     2.7927    167.563     72.691  48580.518    30.6063     8.3826     72.000     8.3776    23.7719     5.8778     8.3999     87.299    256.408    262.504   -0.00084    6.73295    9.62206  293.71142   15.18356 5.2117e-02     0.4941     0.2965    92.8563 0.0000e+00
        676 312.552614    0.04690     2.8142    168.854     73.706  48591.995    30.6149     8.3892     73.000     8.3855    23.7777     5.8749     8.3958     87.274    256.280    262.373   -0.00076    6.73157    9.62009  293.64958   15.18057 5.0415e-02     0.5181     0.3088    92.5705 0.0000e+00
        681 312.552626    0.04720     2.8324    169.942     74.727  48604.955    30.6247     8.3974     74.000     8.3953    23.7842     5.8639     8.3800     87.131    255.797    261.880   -0.00152    6.72991    9.61771  293.57520   15.17698 4.8208e-02     0.4977     0.3356    91.9522 0.0000e+00
        685 312.552639    0.04750     2.8500    170.999     75.709  48613.945    30.6317     8.4056     75.000     8.4040    23.7885     5.8595     8.3738     87.087    255.605    261.686   -0.00148    6.72835    9.61549  293.50610   15.17365 4.7937e-02     0.5065     0.3566    91.4710 0.0000e+00
        693 312.552662    0.04806     2.8835    173.013     76.730  48620.877    30.6377     8.4167     76.000     8.4154    23.7917     5.8451     8.3533     86.898    254.977    261.043   -0.00206    6.72641    9.61270  293.42024   15.16953 4.6954e-02     0.4477     0.3665    91.2460 0.0000e+00
        697 312.552673    0.04832     2.8992    173.952     77.746  48621.105    30.6389     8.4260     77.000     8.4214    23.7912     5.8414     8.3480     86.862    254.816    260.879   -0.00203    6.72494    9.61062  293.35664   15.16648 4.5718e-02     0.4839     0.3688    91.1930 0.0000e+00
        700 312.552681    0.04852     2.9114    174.685     78.760  48616.738    30.6360     8.4301     78.000     8.4230    23.7884     5.8445     8.3524     86.913    254.950    261.014   -0.00136    6.72445    9.60992  293.33625   15.16552 4.4754e-02     0.4440     0.3795    90.9488 0.0000e+00
        703 312.552690    0.04872     2.9230    175.380     79.741  48645.131    30.6558     8.4330     79.000     8.4324    23.8035     5.8453     8.3535     86.943    254.981    261.051   -0.00086    6.72314    9.60803  293.27437   15.16249 4.4256e-02     0.4794     0.4088    90.2860 0.0000e+00
        711 312.552714    0.04930     2.9580    177.479     80.785  48677.098    30.6805     8.4527     80.000     8.4515    23.8201     5.8134     8.3079     86.521    253.587    259.628   -0.00279    6.71909    9.60225  293.09304   15.15373 4.3182e-02     0.4193     0.4897    88.4801 0.0000e+00
        717 312.552731    0.04971     2.9830    178.982     81.792  48693.925    30.6937     8.4650     81.000     8.4627    23.8286     5.7870     8.2701     86.158    252.431    258.447   -0.00450    6.71665    9.59876  292.98421   15.14847 4.2786e-02     0.4025     0.5505    87.1418 0.0000e+00
        719 312.552738    0.04988     2.9927    179.563     82.781  48714.257    30.7085     8.4723     82.000     8.4702    23.8391     5.7941     8.2804     86.289    252.743    258.768   -0.00301    6.71489    9.59625  292.90432   15.14460 4.2131e-02     0.3987     0.6026    86.0148 0.0000e+00
        722 312.552747    0.05008     3.0050    180.301     83.796  48722.234    30.7149     8.4806     83.000     8.4758    23.8430     5.8001     8.2889     86.397    253.002    259.034   -0.00152    6.71336    9.59406  292.83660   15.14135 4.1501e-02     0.3860     0.6554    84.8871 0.0000e+00
        728 312.552763    0.05048     3.0285    181.708     84.809  48727.489    30.7188     8.4855     84.000     8.4787    23.8453     5.7760     8.2544     86.048    251.946    257.953   -0.00294    6.71244    9.59274  292.79576   15.13937 4.1145e-02     0.3686     0.6809    84.3468 0.0000e+00
        733 312.552778    0.05083     3.0502    183.015     85.819  48735.691    30.7245     8.4878     85.000     8.4813    23.8494     5.7557     8.2254     85.754    251.061    257.049   -0.00404    6.71186    9.59191  292.76895   15.13807 4.0772e-02     0.3618     0.7175    83.5805 0.0000e+00
        737 312.552789    0.05110     3.0659    183.953     86.822  48735.982    30.7246     8.4904     86.000     8.4823    23.8491     5.7552     8.2248     85.751    251.039    257.026   -0.00303    6.71146    9.59135  292.75189   15.13726 4.0435e-02     0.3493     0.7458    82.9895 0.0000e+00
        742 312.552803    0.05143     3.0859    185.156     87.840  48738.692    30.7262     8.4913     87.000     8.4831    23.8504     5.7545     8.2237     85.743    251.006    256.993   -0.00213    6.71125    9.59106  292.74267   15.13681 4.0110e-02     0.3482     0.7445    83.0181 0.0000e+00
        748 312.552820    0.05185     3.1110    186.663     88.862  48743.406    30.7292     8.4923     88.000     8.4840    23.8524     5.7520     8.2201     85.710    250.900    256.885   -0.00159    6.71097    9.59064  292.72945   15.13616 3.9689e-02     0.3287     0.7538    82.8255 0.0000e+00
        752 312.552834    0.05217     3.1302    187.809     89.868  48746.135    30.7308     8.4928     89.000     8.4847    23.8536     5.7473     8.2136     85.643    250.697    256.678   -0.00141    6.71081    9.59042  292.72252   15.13583 3.9424e-02     0.3327     0.8051    81.7681 0.0000e+00
        755 312.552843    0.05239     3.1437    188.623     90.862  48748.822    30.7324     8.4939     90.000     8.4854    23.8548     5.7463     8.2121     85.630    250.651    256.630   -0.00145    6.71058    9.59009  292.71203   15.13532 3.9595e-02     0.3338     0.8123    81.6215 0.0000e+00
        760 312.552856    0.05270     3.1620    189.722     91.875  48749.201    30.7323     8.4945     91.000     8.4856    23.8546     5.7549     8.2243     85.760    251.025    257.013   -0.00022    6.71050    9.58998  292.70852   15.13515 3.9349e-02     0.3428     0.8169    81.5293 0.0000e+00
        764 312.552868    0.05301     3.1807    190.841     92.885  48751.024    30.7332     8.4949     92.000     8.4859    23.8553     5.7500     8.2175     85.689    250.815    256.799   -0.00058    6.71040    9.58984  292.70406   15.13494 3.9274e-02     0.3453     0.8208    81.4492 0.0000e+00
        771 312.552887    0.05344     3.2068    192.410     93.906  48751.909    30.7334     8.4951     93.000     8.4859    23.8555     5.7385     8.2010     85.518    250.312    256.284   -0.00142    6.71036    9.58978  292.70230   15.13485 3.9057e-02     0.3469     0.8131    81.6051 0.0000e+00
        775 312.552899    0.05375     3.2250    193.502     94.907  48752.302    30.7332     8.4952     94.000     8.4861    23.8553     5.7410     8.2045     85.555    250.420    256.394   -0.00105    6.71035    9.58976  292.70170   15.13482 3.9223e-02     0.3337     0.8353    81.1542 0.0000e+00
        778 312.552909    0.05399     3.2396    194.374     95.913  48754.694    30.7345     8.4956     95.000     8.4866    23.8563     5.7467     8.2127     85.642    250.671    256.651   -0.00013    6.71024    9.58960  292.69645   15.13457 3.9062e-02     0.3377     0.8506    80.8446 0.0000e+00
        783 312.552922    0.05430     3.2576    195.454     96.926  48757.057    30.7359     8.4964     96.000     8.4871    23.8572     5.7443     8.2092     85.607    250.563    256.541   -0.00032    6.71007    9.58935  292.68880   15.13420 3.8988e-02     0.3352     0.8648    80.5577 0.0000e+00
        788 312.552937    0.05464     3.2787    196.724     97.942  48759.392    30.7372     8.4973     97.000     8.4880    23.8582     5.7413     8.2049     85.565    250.430    256.405   -0.00062    6.70987    9.58908  292.68008   15.13378 3.8936e-02     0.3324     0.8902    80.0468 0.0000e+00
        793 312.552950    0.05498     3.2985    197.913     98.942  48761.245    30.7381     8.4978     98.000     8.4883    23.8589     5.7395     8.2022     85.539    250.350    256.323   -0.00062    6.70975    9.58890  292.67461   15.13351 3.9009e-02     0.3318     0.9159    79.5352 0.0000e+00
        798 312.552967    0.05538     3.3227    199.359     99.968  48763.139    30.7391     8.4985     99.000     8.4888    23.8595     5.7342     8.1948     85.463    250.122    256.090   -0.00092    6.70961    9.58870  292.66818   15.13320 3.8787e-02     0.3284     0.9439    78.9801 0.0000e+00
        803 312.552980    0.05568     3.3407    200.444    100.970  48767.802    30.7420     8.4990    100.000     8.4900    23.8617     5.7323     8.1921     85.437    250.039    256.005   -0.00085    6.70940    9.58841  292.65849   15.13272 3.8989e-02     0.3448     0.9779    78.3103 0.0000e+00
        807 312.552992    0.05597     3.3581    201.483    101.973  48772.736    30.7453     8.5010    101.000     8.4917    23.8641     5.7333     8.1934     85.457    250.080    256.049   -0.00059    6.70896    9.58777  292.63840   15.13176 3.8903e-02     0.3348     1.0917    76.1196 0.0000e+00
        812 312.553005    0.05629     3.3771    202.628    103.000  48773.175    30.7454     8.5022    102.000     8.4923    23.8639     5.7329     8.1928     85.453    250.063    256.030   -0.00045    6.70877    9.58751  292.63046   15.13137 3.8839e-02     0.3269     1.1502    75.0113 0.0000e+00
        815 312.553015    0.05653     3.3917    203.505    103.982  48773.727    30.7454     8.5024    103.000     8.4923    23.8639     5.7287     8.1868     85.390    249.877    255.840   -0.00080    6.70874    9.58746  292.62895   15.13130 3.9035e-02     0.3286     1.1963    74.1524 0.0000e+00
        823 312.553037    0.05706     3.4236    205.414    105.023  48774.906    30.7457     8.5025    104.000     8.4924    23.8642     5.7259     8.1828     85.350    249.758    255.718   -0.00074    6.70873    9.58744  292.62834   15.13127 3.8753e-02     0.3476     1.1598    74.8300 0.0000e+00
        827 312.553049    0.05734     3.4404    206.421    106.024  48775.210    30.7456     8.5031    105.000     8.4930    23.8640     5.7251     8.1816     85.338    249.719    255.679   -0.00052    6.70862    9.58729  292.62380   15.13106 3.9007e-02     0.3165     1.2502    73.1571 0.0000e+00
        830 312.553058    0.05756     3.4537    207.220    107.015  48779.213    30.7481     8.5038    106.000     8.4937    23.8659     5.7215     8.1766     85.288    249.565    255.521   -0.00089    6.70842    9.58700  292.61448   15.13060 3.9154e-02     0.3244     1.3195    71.9026 0.0000e+00
        836 312.553075    0.05797     3.4781    208.687    108.043  48779.761    30.7481     8.5046    107.000     8.4940    23.8658     5.7253     8.1820     85.346    249.731    255.691   -0.00027    6.70830    9.58683  292.60917   15.13035 3.8796e-02     0.3316     1.3505    71.3469 0.0000e+00
