CTD-processing/allCTD/CNV/2018_03-27_alongbay_skb11_cast044_5028.cnv
* Sea-Bird SBE19plus Data File:
* FileName = P:\My Documents\kasitsna\Research-KBL\Oceanography-AK\CTD-Data-ALL-to-2017-02\2018-CTD-KachemakBay-CookInlet\2018-03-27-CookInlet-AlongBay\2018-03-27-CookInlet-AlongBay-cast044.hex
* Software Version 1.59
* Temperature SN =  5028
* Conductivity SN =  5028
* System UpLoad Time = Mar 28 2018 11:59:04
** Cook Inlet LTM Along-Bay (T7-22 to KB12)
** Date: 2018_03-27
** Station: (eg. 9-01): KB11
** Start time (AKDT): 16:28
** Depth (m): 54.9
** Comment:  Extended to T7-22 due to calm seas.
** Comment:
# nquan = 27
# nvalues = 51                          
# units = specified
# name 0 = scan: Scan Count
# name 1 = timeJ: Julian Days
# name 2 = timeH: Time, Elapsed [hours]
# name 3 = timeM: Time, Elapsed [minutes]
# name 4 = timeS: Time, Elapsed [seconds]
# name 5 = prdM: Pressure, Strain Gauge [db]
# name 6 = specc: Specific Conductance [uS/cm]
# name 7 = sal00: Salinity, Practical [PSU]
# name 8 = tv290C: Temperature [ITS-90, deg C]
# name 9 = depSM: Depth [salt water, m], lat = 59.00
# name 10 = potemp090C: Potential Temperature [ITS-90, deg C]
# name 11 = sigma-é00: Density [sigma-theta, kg/m^3]
# name 12 = sbeox0ML/L: Oxygen, SBE 43 [ml/l]
# name 13 = sbeox0Mg/L: Oxygen, SBE 43 [mg/l]
# name 14 = sbeox0PS: Oxygen, SBE 43 [% saturation]
# name 15 = sbox0Mm/Kg: Oxygen, SBE 43 [umol/kg]
# name 16 = sbeox0Mm/L: Oxygen, SBE 43 [umol/l]
# name 17 = sbox0dV/dT: Oxygen, SBE 43 [dov/dt]
# name 18 = oxsolML/L: Oxygen Saturation, Garcia & Gordon [ml/l]
# name 19 = oxsolMg/L: Oxygen Saturation, Garcia & Gordon [mg/l]
# name 20 = oxsolMm/Kg: Oxygen Saturation, Garcia & Gordon [umol/kg]
# name 21 = potemp090C: Potential Temperature [ITS-90, deg C]
# name 22 = n2satMg/L: Nitrogen Saturation [mg/l]
# name 23 = par: PAR/Irradiance, Biospherical/Licor
# name 24 = flECO-AFL: Fluorescence, WET Labs ECO-AFL/FL [mg/m^3]
# name 25 = turbWETntu0: Turbidity, WET Labs ECO [NTU]
# name 26 = flag: flag
# span 0 =        261,        510       
# span 1 =  86.687536,  86.688256       
# span 2 =    0.01808,    0.03537       
# span 3 =     1.0849,     2.1222       
# span 4 =     65.093,    127.332       
# span 5 =      1.010,     51.487       
# span 6 =  51210.721,  51424.493       
# span 7 =    31.5216,    31.6271       
# span 8 =     3.4168,     3.6021       
# span 9 =      1.000,     51.000       
# span 10 =     3.4157,     3.6053      
# span 11 =    25.0589,    25.1479      
# span 12 =     6.7628,     6.9052      
# span 13 =     9.6648,     9.8682      
# span 14 =     90.002,     91.898      
# span 15 =    294.637,    300.826      
# span 16 =    302.029,    308.385      
# span 17 =   -0.00117,    0.03777      
# span 18 =    7.48811,    7.52123      
# span 19 =   10.70124,   10.74858      
# span 20 =  326.23664,  327.66876      
# span 21 =     3.4157,     3.6020      
# span 22 =   16.72907,   16.79705      
# span 23 = 3.7977e-02, 5.7612e+02      
# span 24 =     0.3774,     0.6048      
# span 25 =     0.9322,     1.6380      
# span 26 = 0.0000e+00, 0.0000e+00      
# interval = meters: 1                  
# start_time = Mar 27 2018 16:28:58 [Instrument's time stamp, header]
# bad_flag = -9.990e-29
*END*
        261  86.687536    0.01808     1.0849     65.093      1.010  51245.138    31.5506     3.6021      1.000     3.6053    25.0802     6.8000     9.7179     90.811    296.258    303.688    0.03777    7.48811   10.70124  326.23664     3.6020   16.72907 5.7612e+02     0.4428     0.9322 0.0000e+00
        267  86.687552    0.01846     1.1078     66.468      2.019  51210.721    31.5216     3.5816      2.000     3.5545    25.0589     6.7928     9.7076     90.652    295.952    303.368    0.02503    7.49335   10.70874  326.47188     3.5814   16.74037 3.5982e+02     0.4321     0.9458 0.0000e+00
        272  86.687566    0.01882     1.1290     67.740      3.028  51242.622    31.5239     3.5061      3.000     3.4810    25.0676     6.7732     9.6795     90.224    295.094    302.491    0.01515    7.50715   10.72847  327.07061     3.5059   16.76882 2.6452e+02     0.4380     0.9547 0.0000e+00
        277  86.687581    0.01917     1.1499     68.994      4.038  51294.876    31.5478     3.4617      4.000     3.4571    25.0905     6.7628     9.6648     90.002    294.637    302.029    0.00925    7.51414   10.73846  327.36782     3.4615   16.78285 1.9675e+02     0.4544     0.9959 0.0000e+00
        282  86.687595    0.01951     1.1708     70.248      5.047  51306.267    31.5535     3.4555      5.000     3.4551    25.0956     6.7773     9.6855     90.184    295.266    302.676    0.00727    7.51501   10.73970  327.40398     3.4552   16.78455 1.5284e+02     0.4829     1.0111 0.0000e+00
        287  86.687610    0.01986     1.1915     71.491      6.057  51309.511    31.5552     3.4559      6.000     3.4558    25.0970     6.7909     9.7049     90.367    295.859    303.284    0.00600    7.51485   10.73947  327.39643     3.4555   16.78418 1.1904e+02     0.5446     1.0293 0.0000e+00
        292  86.687624    0.02021     1.2122     72.733      7.066  51310.635    31.5556     3.4565      7.000     3.4561    25.0973     6.7991     9.7166     90.477    296.212    303.647    0.00469    7.51471   10.73927  327.39028     3.4561   16.78388 9.3298e+01     0.5387     1.0198 0.0000e+00
        297  86.687639    0.02055     1.2331     73.983      8.076  51310.892    31.5553     3.4565      8.000     3.4559    25.0970     6.8075     9.7285     90.588    296.578    304.021    0.00379    7.51473   10.73931  327.39142     3.4560   16.78394 7.3492e+01     0.5348     1.0090 0.0000e+00
        302  86.687652    0.02088     1.2531     75.187      9.085  51311.455    31.5551     3.4562      9.000     3.4555    25.0969     6.8172     9.7424     90.717    297.001    304.455    0.00325    7.51479   10.73938  327.39380     3.4557   16.78405 5.8389e+01     0.5784     1.0280 0.0000e+00
        306  86.687666    0.02120     1.2723     76.337     10.094  51312.844    31.5553     3.4555     10.000     3.4538    25.0971     6.8276     9.7574     90.855    297.458    304.923    0.00300    7.51491   10.73955  327.39884     3.4549   16.78429 4.6468e+01     0.6048     1.0349 0.0000e+00
        311  86.687679    0.02152     1.2913     77.476     11.104  51317.630    31.5572     3.4521     11.000     3.4495    25.0989     6.8374     9.7714     90.979    297.885    305.361    0.00271    7.51544   10.74031  327.42147     3.4515   16.78536 3.7197e+01     0.5731     1.0331 0.0000e+00
        316  86.687693    0.02184     1.3107     78.640     12.114  51322.406    31.5587     3.4472     12.000     3.4436    25.1005     6.8460     9.7836     91.082    298.254    305.740    0.00244    7.51627   10.74150  327.45705     3.4465   16.78705 2.9789e+01     0.5415     1.0319 0.0000e+00
        320  86.687706    0.02217     1.3303     79.821     13.123  51328.145    31.5599     3.4387     13.000     3.4334    25.1023     6.8462     9.7839     91.066    298.264    305.751    0.00161    7.51779   10.74367  327.52290     3.4379   16.79017 2.3920e+01     0.5310     1.0397 0.0000e+00
        325  86.687720    0.02251     1.3503     81.019     14.133  51339.198    31.5644     3.4289     14.000     3.4244    25.1068     6.8477     9.7860     91.067    298.327    305.817    0.00108    7.51937   10.74593  327.59017     3.4281   16.79335 1.9253e+01     0.5385     1.0603 0.0000e+00
        330  86.687734    0.02284     1.3705     82.232     15.142  51350.354    31.5693     3.4204     15.000     3.4176    25.1114     6.8501     9.7895     91.083    298.431    305.926    0.00076    7.52068   10.74782  327.64625     3.4196   16.79599 1.5483e+01     0.5461     1.0649 0.0000e+00
        335  86.687749    0.02318     1.3910     83.462     16.152  51355.591    31.5716     3.4174     16.000     3.4161    25.1135     6.8563     9.7983     91.160    298.700    306.202    0.00085    7.52114   10.74847  327.66550     3.4164   16.79690 1.2443e+01     0.5310     1.0782 0.0000e+00
        340  86.687763    0.02353     1.4118     84.710     17.161  51357.030    31.5719     3.4169     17.000     3.4158    25.1138     6.8582     9.8011     91.185    298.785    306.288    0.00067    7.52123   10.74858  327.66876     3.4159   16.79705 1.0006e+01     0.5175     1.0731 0.0000e+00
        345  86.687777    0.02388     1.4326     85.956     18.171  51358.204    31.5722     3.4168     18.000     3.4157    25.1140     6.8611     9.8051     91.222    298.908    306.414    0.00058    7.52122   10.74858  327.66871     3.4157   16.79705 8.0546e+00     0.5184     1.0752 0.0000e+00
        350  86.687792    0.02423     1.4538     87.228     19.180  51359.955    31.5729     3.4169     19.000     3.4159    25.1145     6.8662     9.8124     91.292    299.131    306.644    0.00069    7.52117   10.74850  327.66621     3.4157   16.79693 6.4813e+00     0.5076     1.0806 0.0000e+00
        355  86.687807    0.02458     1.4752     88.514     20.190  51364.391    31.5756     3.4179     20.000     3.4173    25.1167     6.8676     9.8145     91.315    299.193    306.708    0.00054    7.52084   10.74804  327.65130     3.4167   16.79621 5.2202e+00     0.4922     1.0644 0.0000e+00
        360  86.687822    0.02495     1.4968     89.806     21.199  51366.118    31.5766     3.4192     21.000     3.4185    25.1174     6.8683     9.8155     91.327    299.222    306.737    0.00039    7.52055   10.74762  327.63842     3.4179   16.79560 4.2088e+00     0.4962     1.0583 0.0000e+00
        365  86.687837    0.02531     1.5182     91.091     22.209  51370.120    31.5793     3.4213     22.000     3.4214    25.1194     6.8697     9.8175     91.352    299.283    306.800    0.00031    7.52002   10.74686  327.61450     3.4200   16.79445 3.3977e+00     0.4981     1.0692 0.0000e+00
        371  86.687852    0.02566     1.5398     92.389     23.218  51373.475    31.5821     3.4252     23.000     3.4252    25.1212     6.8739     9.8235     91.419    299.466    306.989    0.00049    7.51916   10.74563  327.57649     3.4238   16.79263 2.7516e+00     0.4660     1.0735 0.0000e+00
        376  86.687866    0.02602     1.5611     93.666     24.228  51374.200    31.5828     3.4280     24.000     3.4271    25.1215     6.8744     9.8243     91.432    299.489    307.013    0.00036    7.51861   10.74484  327.55237     3.4266   16.79148 2.2262e+00     0.4463     1.0829 0.0000e+00
        381  86.687881    0.02637     1.5821     94.926     25.237  51375.027    31.5831     3.4291     25.000     3.4278    25.1217     6.8770     9.8279     91.469    299.598    307.125    0.00036    7.51839   10.74453  327.54276     3.4276   16.79103 1.7993e+00     0.4568     1.0969 0.0000e+00
        386  86.687895    0.02672     1.6027     96.164     26.247  51375.995    31.5833     3.4295     26.000     3.4281    25.1218     6.8820     9.8350     91.537    299.818    307.350    0.00052    7.51828   10.74438  327.53827     3.4280   16.79081 1.4564e+00     0.4811     1.0946 0.0000e+00
        391  86.687910    0.02705     1.6233     97.400     27.257  51380.301    31.5858     3.4299     27.000     3.4287    25.1237     6.8862     9.8411     91.595    300.001    307.538    0.00061    7.51810   10.74411  327.52938     3.4283   16.79038 1.1800e+00     0.5027     1.0846 0.0000e+00
        396  86.687924    0.02740     1.6439     98.635     28.266  51388.897    31.5918     3.4324     28.000     3.4330    25.1283     6.8852     9.8396     91.591    299.955    307.492    0.00036    7.51733   10.74301  327.49450     3.4307   16.78870 9.5784e-01     0.4861     1.0897 0.0000e+00
        400  86.687938    0.02774     1.6645     99.868     29.275  51390.312    31.5936     3.4379     29.000     3.4376    25.1292     6.8857     9.8404     91.613    299.980    307.518    0.00028    7.51620   10.74140  327.44504     3.4362   16.78634 7.7693e-01     0.4748     1.0753 0.0000e+00
        405  86.687952    0.02808     1.6848    101.085     30.286  51389.495    31.5932     3.4404     30.000     3.4391    25.1287     6.8901     9.8467     91.676    300.171    307.714    0.00047    7.51577   10.74079  327.42661     3.4387   16.78546 6.3226e-01     0.4770     1.0484 0.0000e+00
        410  86.687966    0.02841     1.7048    102.286     31.295  51390.904    31.5940     3.4418     31.000     3.4405    25.1292     6.8908     9.8478     91.689    300.202    307.746    0.00035    7.51548   10.74037  327.41367     3.4399   16.78484 5.1623e-01     0.4604     1.0541 0.0000e+00
        415  86.687980    0.02875     1.7248    103.490     32.304  51391.748    31.5943     3.4431     32.000     3.4418    25.1294     6.8926     9.8502     91.715    300.276    307.822    0.00030    7.51521   10.73999  327.40187     3.4412   16.78429 4.2268e-01     0.4310     1.0545 0.0000e+00
        420  86.687995    0.02909     1.7453    104.718     33.314  51392.018    31.5943     3.4443     33.000     3.4423    25.1293     6.8977     9.8575     91.786    300.500    308.052    0.00051    7.51501   10.73970  327.39303     3.4423   16.78386 3.4663e-01     0.4183     1.0610 0.0000e+00
        425  86.688009    0.02943     1.7661    105.967     34.324  51392.914    31.5944     3.4445     34.000     3.4427    25.1294     6.8990     9.8594     91.804    300.557    308.110    0.00040    7.51496   10.73963  327.39092     3.4424   16.78376 2.8492e-01     0.4401     1.0720 0.0000e+00
        430  86.688023    0.02978     1.7868    107.207     35.334  51394.942    31.5955     3.4456     35.000     3.4442    25.1302     6.9018     9.8634     91.844    300.679    308.235    0.00041    7.51470   10.73925  327.37926     3.4435   16.78320 2.3503e-01     0.4572     1.0741 0.0000e+00
        435  86.688038    0.03013     1.8077    108.460     36.343  51396.769    31.5967     3.4474     36.000     3.4460    25.1310     6.9035     9.8657     91.871    300.751    308.309    0.00037    7.51430   10.73868  327.36162     3.4453   16.78236 1.9462e-01     0.4739     1.0790 0.0000e+00
        440  86.688052    0.03048     1.8284    109.705     37.353  51397.229    31.5970     3.4492     37.000     3.4472    25.1310     6.9052     9.8682     91.898    300.826    308.385    0.00034    7.51396   10.73820  327.34689     3.4470   16.78166 1.6183e-01     0.4620     1.0963 0.0000e+00
        445  86.688066    0.03082     1.8492    110.954     38.362  51397.657    31.5968     3.4493     38.000     3.4469    25.1309     6.9001     9.8609     91.830    300.603    308.158   -0.00013    7.51395   10.73818  327.34635     3.4471   16.78163 1.3527e-01     0.4429     1.0840 0.0000e+00
        450  86.688081    0.03117     1.8701    112.204     39.372  51400.821    31.5984     3.4492     39.000     3.4474    25.1322     6.8971     9.8567     91.791    300.473    308.025   -0.00037    7.51387   10.73808  327.34281     3.4469   16.78146 1.1400e-01     0.4131     1.0862 0.0000e+00
        455  86.688096    0.03152     1.8912    113.473     40.382  51404.069    31.6007     3.4515     40.000     3.4505    25.1337     6.8988     9.8590     91.820    300.545    308.100   -0.00017    7.51334   10.73731  327.31878     3.4491   16.78031 9.6828e-02     0.4017     1.1065 0.0000e+00
        460  86.688110    0.03187     1.9123    114.736     41.391  51406.525    31.6029     3.4555     41.000     3.4549    25.1351     6.8993     9.8598     91.838    300.568    308.123   -0.00009    7.51249   10.73610  327.28133     3.4531   16.77852 8.3000e-02     0.3870     1.1071 0.0000e+00
        465  86.688125    0.03222     1.9332    115.991     42.401  51407.913    31.6044     3.4599     42.000     3.4595    25.1360     6.8975     9.8572     91.824    300.487    308.040   -0.00016    7.51160   10.73483  327.24243     3.4574   16.77666 7.1963e-02     0.3943     1.1114 0.0000e+00
        470  86.688139    0.03256     1.9534    117.205     43.410  51419.448    31.6139     3.4684     43.000     3.4745    25.1427     6.8925     9.8501     91.783    300.270    307.819   -0.00039    7.50954   10.73188  327.15066     3.4658   16.77226 6.3257e-02     0.3883     1.1443 0.0000e+00
        475  86.688153    0.03290     1.9738    118.429     44.420  51424.493    31.6232     3.4940     44.000     3.5016    25.1479     6.8922     9.8495     91.842    300.251    307.802   -0.00004    7.50433   10.72443  326.92185     3.4914   16.76135 5.6316e-02     0.4012     1.2110 0.0000e+00
        480  86.688167    0.03324     1.9945    119.667     45.430  51413.004    31.6201     3.5146     45.000     3.5161    25.1436     6.8901     9.8467     91.860    300.167    307.714    0.00008    7.50068   10.71922  326.76409     3.5119   16.75387 5.0658e-02     0.4149     1.3064 0.0000e+00
        485  86.688182    0.03359     2.0155    120.930     46.439  51407.362    31.6176     3.5219     46.000     3.5202    25.1409     6.8781     9.8296     91.715    299.645    307.179   -0.00068    7.49946   10.71747  326.71187     3.5192   16.75140 4.6290e-02     0.4123     1.3240 0.0000e+00
        490  86.688197    0.03395     2.0367    122.201     47.449  51407.495    31.6177     3.5242     47.000     3.5222    25.1408     6.8686     9.8159     91.593    299.227    306.750   -0.00117    7.49902   10.71686  326.69322     3.5214   16.75051 4.2994e-02     0.4189     1.3540 0.0000e+00
        495  86.688212    0.03430     2.0579    123.472     48.458  51409.888    31.6194     3.5266     48.000     3.5256    25.1420     6.8679     9.8149     91.591    299.198    306.721   -0.00090    7.49849   10.71609  326.66948     3.5238   16.74937 4.0500e-02     0.3987     1.3871 0.0000e+00
        500  86.688226    0.03465     2.0789    124.734     49.468  51415.311    31.6243     3.5334     49.000     3.5349    25.1453     6.8679     9.8148     91.608    299.194    306.717   -0.00059    7.49699   10.71395  326.60305     3.5305   16.74619 3.8710e-02     0.3936     1.4344 0.0000e+00
        505  86.688241    0.03500     2.0998    125.990     50.478  51414.223    31.6258     3.5445     50.000     3.5451    25.1455     6.8658     9.8119     91.606    299.105    306.625   -0.00047    7.49488   10.71093  326.51088     3.5415   16.74181 3.8056e-02     0.4047     1.5287 0.0000e+00
        510  86.688256    0.03537     2.1222    127.332     51.487  51413.528    31.6271     3.5536     51.000     3.5530    25.1457     6.8609     9.8049     91.563    298.893    306.409   -0.00055    7.49312   10.70842  326.43432     3.5506   16.73816 3.7977e-02     0.3774     1.6380 0.0000e+00
