CTD-processing/allCTD/CNV/2018_03-02_alongbay_skb08_cast008_5028.cnv
* Sea-Bird SBE19plus Data File:
* FileName = C:\Users\Kim.Powell\Desktop\Not Processed\2018\2018_03-02_AlongBay,T9_5028\2018_03-02_TRANSECT_STATION_cast008.hex
* Software Version 1.59
* Temperature SN =  5028
* Conductivity SN =  5028
* System UpLoad Time = Mar 05 2018 11:27:20
** 2018_03-02
** Station: KB08
** Start Time: 12:46
** Depth (m): 88.4
** Comment:**CTD time 1 hour off
** Comment:
# nquan = 27
# nvalues = 82                          
# units = specified
# name 0 = scan: Scan Count
# name 1 = timeJ: Julian Days
# name 2 = timeH: Time, Elapsed [hours]
# name 3 = timeM: Time, Elapsed [minutes]
# name 4 = timeS: Time, Elapsed [seconds]
# name 5 = prdM: Pressure, Strain Gauge [db]
# name 6 = specc: Specific Conductance [uS/cm]
# name 7 = sal00: Salinity, Practical [PSU]
# name 8 = tv290C: Temperature [ITS-90, deg C]
# name 9 = depSM: Depth [salt water, m], lat = 59.00
# name 10 = potemp090C: Potential Temperature [ITS-90, deg C]
# name 11 = sigma-é00: Density [sigma-theta, kg/m^3]
# name 12 = sbeox0ML/L: Oxygen, SBE 43 [ml/l]
# name 13 = sbeox0Mg/L: Oxygen, SBE 43 [mg/l]
# name 14 = sbeox0PS: Oxygen, SBE 43 [% saturation]
# name 15 = sbox0Mm/Kg: Oxygen, SBE 43 [umol/kg]
# name 16 = sbeox0Mm/L: Oxygen, SBE 43 [umol/l]
# name 17 = sbox0dV/dT: Oxygen, SBE 43 [dov/dt]
# name 18 = oxsolML/L: Oxygen Saturation, Garcia & Gordon [ml/l]
# name 19 = oxsolMg/L: Oxygen Saturation, Garcia & Gordon [mg/l]
# name 20 = oxsolMm/Kg: Oxygen Saturation, Garcia & Gordon [umol/kg]
# name 21 = potemp090C: Potential Temperature [ITS-90, deg C]
# name 22 = n2satMg/L: Nitrogen Saturation [mg/l]
# name 23 = par: PAR/Irradiance, Biospherical/Licor
# name 24 = flECO-AFL: Fluorescence, WET Labs ECO-AFL/FL [mg/m^3]
# name 25 = turbWETntu0: Turbidity, WET Labs ECO [NTU]
# name 26 = flag: flag
# span 0 =        127,        689       
# span 1 =  61.574625,  61.576250       
# span 2 =    0.00877,    0.04781       
# span 3 =     0.5261,     2.8685       
# span 4 =     31.565,    172.105       
# span 5 =      1.010,     82.791       
# span 6 =  49301.905,  51427.855       
# span 7 =    29.9897,    31.5917       
# span 8 =     1.9734,     3.4856       
# span 9 =      1.000,     82.000       
# span 10 =     2.3189,     3.4813      
# span 11 =    23.9390,    25.1313      
# span 12 =     6.7482,     6.9457      
# span 13 =     9.6438,     9.9261      
# span 14 =     85.392,     92.143      
# span 15 =    294.450,    302.603      
# span 16 =    301.374,    310.195      
# span 17 =   -0.00073,    0.00553      
# span 18 =    7.50786,    7.90714      
# span 19 =   10.72949,   11.30009      
# span 20 =  327.08555,  345.02861      
# span 21 =     1.9734,     3.4810      
# span 22 =   16.76929,   17.62586      
# span 23 = 3.7976e-02, 1.3370e+02      
# span 24 =     0.3526,     0.4873      
# span 25 =     2.4761,     6.9715      
# span 26 = 0.0000e+00, 0.0000e+00      
# interval = meters: 1                  
# start_time = Mar 02 2018 13:46:56 [Instrument's time stamp, header]
# bad_flag = -9.990e-29
*END*
        127  61.574625    0.00877     0.5261     31.565      1.010  49301.905    29.9897     1.9734      1.000     2.3189    23.9390     6.7482     9.6438     85.392    294.450    301.374    0.00285    7.90714   11.30009  345.02861     1.9734   17.62586 1.3370e+02     0.4583     2.7618 0.0000e+00
        305  61.575138    0.02109     1.2657     75.939      2.019  51416.542    31.4297     2.7078      2.000     2.6973    25.0604     6.7929     9.7077     88.659    295.949    303.369    0.00553    7.66142   10.94894  333.78958     2.7076   17.08847 6.3890e+01     0.3526     2.4761 0.0000e+00
        305  61.575139    0.02110     1.2661     75.968      3.028  51363.282    31.3928     2.6877      3.000     2.6878    25.0317     6.8042     9.7239     88.734    296.452    303.873    0.00464    7.66800   10.95834  334.09007     2.6875   17.10283 4.3364e+01     0.3941     2.5211 0.0000e+00
        310  61.575153    0.02146     1.2872     77.233      4.038  51362.082    31.3913     2.6873      4.000     2.6860    25.0306     6.8165     9.7414     88.893    296.991    304.424    0.00398    7.66815   10.95855  334.09677     2.6871   17.10316 3.0069e+01     0.4391     2.5525 0.0000e+00
        314  61.575166    0.02176     1.3055     78.330      5.047  51364.392    31.3917     2.6848      5.000     2.6838    25.0311     6.8270     9.7565     89.026    297.449    304.895    0.00353    7.66861   10.95920  334.11661     2.6845   17.10410 2.1393e+01     0.4725     2.5264 0.0000e+00
        319  61.575181    0.02211     1.3267     79.602      6.057  51368.495    31.3937     2.6841      6.000     2.6849    25.0328     6.8383     9.7727     89.173    297.941    305.399    0.00313    7.66863   10.95923  334.11697     2.6838   17.10411 1.5428e+01     0.4871     2.4999 0.0000e+00
        324  61.575194    0.02244     1.3465     80.791      7.066  51371.670    31.3967     2.6891      7.000     2.6912    25.0347     6.8498     9.7890     89.335    298.441    305.913    0.00297    7.66753   10.95767  334.06860     2.6886   17.10180 1.0775e+01     0.4873     2.5164 0.0000e+00
        329  61.575208    0.02278     1.3669     82.015      8.075  51365.853    31.3931     2.6922      8.000     2.6912    25.0316     6.8620     9.8064     89.499    298.972    306.455    0.00289    7.66712   10.95708  334.05182     2.6917   17.10102 7.7138e+00     0.4689     2.5317 0.0000e+00
        334  61.575224    0.02314     1.3884     83.305      9.085  51373.629    31.3982     2.6935      9.000     2.6961    25.0355     6.8672     9.8140     89.574    299.202    306.692    0.00231    7.66660   10.95633  334.02765     2.6930   17.09985 5.4070e+00     0.4691     2.5367 0.0000e+00
        339  61.575236    0.02345     1.4071     84.425     10.095  51373.784    31.3998     2.7012     10.000     2.7038    25.0363     6.8774     9.8285     89.725    299.643    307.145    0.00238    7.66503   10.95410  333.95931     2.7007   17.09659 3.8125e+00     0.4672     2.5224 0.0000e+00
        344  61.575251    0.02379     1.4271     85.628     11.104  51377.564    31.4041     2.7093     11.000     2.7149    25.0390     6.8885     9.8444     89.890    300.126    307.641    0.00246    7.66325   10.95155  333.88075     2.7088   17.09285 2.6582e+00     0.4623     2.5148 0.0000e+00
        348  61.575263    0.02411     1.4463     86.775     12.113  51394.369    31.4206     2.7308     12.000     2.7458    25.0506     6.8957     9.8547     90.044    300.438    307.964    0.00249    7.65827   10.94443  333.65989     2.7302   17.08229 1.8463e+00     0.4613     2.5306 0.0000e+00
        353  61.575277    0.02441     1.4646     87.876     13.123  51378.351    31.4180     2.7633     13.000     2.7705    25.0459     6.9037     9.8661     90.219    300.786    308.320    0.00272    7.65220   10.93577  333.39723     2.7626   17.06983 1.2910e+00     0.4742     2.5554 0.0000e+00
        357  61.575290    0.02474     1.4844     89.064     14.133  51361.728    31.4094     2.7748     14.000     2.7726    25.0381     6.9008     9.8619     90.200    300.660    308.188    0.00186    7.65045   10.93326  333.32337     2.7741   17.06636 8.9977e-01     0.4654     2.5523 0.0000e+00
        362  61.575303    0.02505     1.5031     90.189     15.142  51360.748    31.4065     2.7684     15.000     2.7641    25.0363     6.8981     9.8580     90.149    300.543    308.068    0.00108    7.65182   10.93522  333.38378     2.7676   17.06924 6.3233e-01     0.4418     2.5516 0.0000e+00
        366  61.575317    0.02538     1.5228     91.367     16.152  51369.637    31.4103     2.7622     16.000     2.7613    25.0399     6.8945     9.8530     90.091    300.387    307.909    0.00039    7.65280   10.93662  333.42517     2.7614   17.07118 4.4240e-01     0.4414     2.5168 0.0000e+00
        371  61.575331    0.02571     1.5426     92.555     17.161  51373.877    31.4130     2.7634     17.000     2.7643    25.0419     6.9002     9.8611     90.170    300.635    308.163    0.00058    7.65243   10.93610  333.40862     2.7625   17.07039 3.1103e-01     0.4302     2.5718 0.0000e+00
        376  61.575344    0.02602     1.5615     93.692     18.170  51377.688    31.4165     2.7690     18.000     2.7719    25.0443     6.9077     9.8719     90.283    300.962    308.500    0.00092    7.65119   10.93431  333.35351     2.7680   17.06776 2.2193e-01     0.4398     2.5743 0.0000e+00
        381  61.575358    0.02636     1.5816     94.896     19.180  51378.273    31.4192     2.7795     19.000     2.7827    25.0455     6.9149     9.8821     90.402    301.275    308.821    0.00119    7.64904   10.93125  333.25964     2.7785   17.06329 1.5945e-01     0.4351     2.6384 0.0000e+00
        385  61.575371    0.02669     1.6011     96.064     20.190  51377.471    31.4207     2.7890     20.000     2.7919    25.0460     6.9220     9.8921     90.517    301.582    309.136    0.00137    7.64716   10.92856  333.17760     2.7878   17.05939 1.1574e-01     0.4238     2.6230 0.0000e+00
        390  61.575385    0.02701     1.6204     97.226     21.200  51375.351    31.4211     2.7981     21.000     2.8001    25.0457     6.9265     9.8987     90.597    301.781    309.339    0.00136    7.64540   10.92604  333.10071     2.7969   17.05574 8.6412e-02     0.4154     2.6666 0.0000e+00
        395  61.575399    0.02736     1.6416     98.493     22.209  51374.796    31.4223     2.8056     22.000     2.8074    25.0459     6.9293     9.9027     90.651    301.901    309.463    0.00117    7.64390   10.92390  333.03546     2.8044   17.05263 6.5627e-02     0.4252     2.7882 0.0000e+00
        400  61.575413    0.02769     1.6613     99.679     23.218  51375.014    31.4238     2.8128     23.000     2.8143    25.0466     6.9301     9.9038     90.679    301.936    309.498    0.00092    7.64245   10.92183  332.97215     2.8116   17.04962 5.2979e-02     0.4455     2.8687 0.0000e+00
        405  61.575428    0.02805     1.6829    100.971     24.228  51374.771    31.4248     2.8194     24.000     2.8205    25.0469     6.9309     9.9049     90.705    301.969    309.532    0.00074    7.64114   10.91996  332.91489     2.8181   17.04689 4.5169e-02     0.4506     2.7821 0.0000e+00
        410  61.575442    0.02838     1.7030    102.180     25.237  51378.294    31.4285     2.8263     25.000     2.8295    25.0494     6.9302     9.9039     90.714    301.938    309.501    0.00050    7.63963   10.91779  332.84814     2.8249   17.04371 4.0269e-02     0.4609     2.7200 0.0000e+00
        415  61.575456    0.02872     1.7231    103.384     26.247  51384.985    31.4364     2.8407     26.000     2.8480    25.0544     6.9345     9.9101     90.808    302.126    309.695    0.00075    7.63648   10.91329  332.70924     2.8393   17.03708 3.8349e-02     0.4642     2.6847 0.0000e+00
        420  61.575471    0.02908     1.7444    104.661     27.257  51381.223    31.4393     2.8633     27.000     2.8696    25.0550     6.9402     9.9184     90.936    302.376    309.952    0.00113    7.63201   10.90691  332.51445     2.8619   17.02782 3.7989e-02     0.4511     2.6150 0.0000e+00
        424  61.575483    0.02938     1.7626    105.759     28.266  51374.338    31.4380     2.8778     28.000     2.8805    25.0527     6.9424     9.9215     90.997    302.472    310.050    0.00111    7.62933   10.90308  332.39861     2.8763   17.02232 3.7978e-02     0.4454     2.6883 0.0000e+00
        429  61.575498    0.02971     1.7830    106.978     29.276  51371.932    31.4381     2.8863     29.000     2.8876    25.0521     6.9411     9.9195     90.999    302.414    309.990    0.00076    7.62772   10.90077  332.32822     2.8847   17.01898 3.7976e-02     0.4526     2.7424 0.0000e+00
        434  61.575511    0.03004     1.8023    108.138     30.286  51379.014    31.4446     2.8946     30.000     2.8998    25.0567     6.9405     9.9187     91.014    302.386    309.963    0.00056    7.62579   10.89802  332.24283     2.8930   17.01490 3.7976e-02     0.4664     2.6973 0.0000e+00
        438  61.575525    0.03037     1.8222    109.332     31.295  51379.829    31.4493     2.9123     31.000     2.9177    25.0590     6.9437     9.9233     91.099    302.526    310.107    0.00076    7.62220   10.89289  332.08574     2.9106   17.00742 3.7976e-02     0.4587     2.6168 0.0000e+00
        443  61.575538    0.03069     1.8417    110.504     32.304  51380.401    31.4534     2.9280     32.000     2.9347    25.0609     6.9433     9.9227     91.132    302.509    310.090    0.00072    7.61900   10.88831  331.94555     2.9263   17.00074 3.7976e-02     0.4411     2.5805 0.0000e+00
        448  61.575552    0.03103     1.8619    111.713     33.314  51384.312    31.4618     2.9520     33.000     2.9606    25.0657     6.9394     9.9171     91.140    302.335    309.913    0.00048    7.61400   10.88117  331.72644     2.9502   16.99030 3.7976e-02     0.4370     2.6073 0.0000e+00
        453  61.575566    0.03137     1.8822    112.929     34.323  51373.753    31.4597     2.9730     34.000     2.9765    25.0623     6.9431     9.9224     91.234    302.497    310.078    0.00078    7.61014   10.87566  331.55941     2.9711   16.98237 3.7976e-02     0.4427     2.6363 0.0000e+00
        457  61.575580    0.03170     1.9017    114.101     35.333  51372.696    31.4616     2.9849     35.000     2.9876    25.0628     6.9435     9.9229     91.268    302.514    310.096    0.00069    7.60781   10.87232  331.45755     2.9829   16.97752 3.7976e-02     0.4456     2.5784 0.0000e+00
        462  61.575593    0.03201     1.9209    115.256     36.343  51373.977    31.4648     2.9958     36.000     2.9984    25.0645     6.9436     9.9230     91.296    302.518    310.100    0.00058    7.60558   10.86914  331.36009     2.9937   16.97288 3.7976e-02     0.4473     2.6006 0.0000e+00
        467  61.575607    0.03235     1.9409    116.456     37.352  51376.316    31.4689     3.0071     37.000     3.0108    25.0668     6.9433     9.9228     91.321    302.507    310.090    0.00050    7.60324   10.86579  331.25701     3.0050   16.96797 3.7976e-02     0.4522     2.5932 0.0000e+00
        471  61.575620    0.03266     1.9595    117.572     38.362  51382.719    31.4768     3.0227     38.000     3.0282    25.0718     6.9417     9.9204     91.340    302.434    310.016    0.00042    7.59986   10.86096  331.10831     3.0206   16.96087 3.7976e-02     0.4440     2.5907 0.0000e+00
        476  61.575634    0.03299     1.9793    118.758     39.372  51378.928    31.4777     3.0379     39.000     3.0416    25.0713     6.9413     9.9199     91.369    302.417    309.999    0.00040    7.59695   10.85680  330.98164     3.0358   16.95485 3.7976e-02     0.4344     2.6287 0.0000e+00
        481  61.575647    0.03330     1.9982    119.894     40.382  51384.603    31.4849     3.0529     40.000     3.0588    25.0758     6.9407     9.9189     91.400    302.388    309.971    0.00039    7.59375   10.85224  330.84113     3.0506   16.94815 3.7976e-02     0.4299     2.6100 0.0000e+00
        485  61.575661    0.03363     2.0178    121.066     41.391  51396.753    31.4986     3.0758     41.000     3.0884    25.0849     6.9394     9.9171     91.444    302.330    309.914    0.00045    7.58874   10.84506  330.61925     3.0735   16.93755 3.7976e-02     0.4292     2.5700 0.0000e+00
        490  61.575673    0.03394     2.0363    122.178     42.401  51403.573    31.5128     3.1147     42.000     3.1300    25.0929     6.9409     9.9192     91.560    302.392    309.980    0.00086    7.58068   10.83354  330.26559     3.1123   16.92069 3.7976e-02     0.4395     2.5813 0.0000e+00
        495  61.575688    0.03429     2.0573    123.436     43.411  51384.641    31.5087     3.1502     43.000     3.1555    25.0866     6.9457     9.9261     91.702    302.603    310.195    0.00131    7.57422   10.82431  329.98633     3.1478   16.90744 3.7976e-02     0.4421     2.5853 0.0000e+00
        499  61.575701    0.03459     2.0756    124.537     44.420  51386.513    31.5138     3.1670     44.000     3.1730    25.0893     6.9398     9.9176     91.665    302.344    309.930    0.00077    7.57081   10.81945  329.83710     3.1644   16.90033 3.7976e-02     0.4402     2.5265 0.0000e+00
        504  61.575715    0.03493     2.0960    125.762     45.430  51391.022    31.5225     3.1906     45.000     3.1979    25.0942     6.9357     9.9118     91.670    302.166    309.749    0.00048    7.56592   10.81246  329.62257     3.1881   16.89010 3.7976e-02     0.4306     2.5267 0.0000e+00
        509  61.575728    0.03526     2.1156    126.938     46.440  51380.128    31.5196     3.2099     46.000     3.2114    25.0902     6.9381     9.9152     91.743    302.268    309.852    0.00071    7.56246   10.80751  329.47293     3.2073   16.88300 3.7976e-02     0.4245     2.5949 0.0000e+00
        513  61.575741    0.03556     2.1336    128.014     47.449  51398.037    31.5345     3.2226     47.000     3.2331    25.1010     6.9335     9.9087     91.721    302.069    309.651    0.00036    7.55933   10.80304  329.33310     3.2199   16.87630 3.7976e-02     0.4294     2.6242 0.0000e+00
        518  61.575755    0.03590     2.1543    129.261     48.458  51399.440    31.5443     3.2591     48.000     3.2674    25.1057     6.9352     9.9111     91.833    302.140    309.726    0.00074    7.55200   10.79256  329.01221     3.2564   16.86101 3.7976e-02     0.4389     2.7283 0.0000e+00
        523  61.575769    0.03623     2.1736    130.416     49.469  51384.734    31.5389     3.2787     49.000     3.2790    25.0997     6.9364     9.9128     91.890    302.196    309.781    0.00086    7.54862   10.78773  328.86698     3.2759   16.85414 3.7976e-02     0.4387     2.8250 0.0000e+00
        527  61.575782    0.03655     2.1926    131.559     50.478  51382.876    31.5385     3.2839     50.000     3.2821    25.0989     6.9286     9.9016     91.797    301.852    309.428    0.00014    7.54766   10.78637  328.82541     3.2811   16.85216 3.7976e-02     0.4349     2.8658 0.0000e+00
        532  61.575797    0.03689     2.2138    132.827     51.488  51381.959    31.5377     3.2853     51.000     3.2821    25.0981     6.9224     9.8929     91.719    301.586    309.156   -0.00036    7.54746   10.78607  328.81666     3.2823   16.85175 3.7976e-02     0.4457     2.8223 0.0000e+00
        537  61.575809    0.03720     2.2321    133.927     52.498  51386.843    31.5406     3.2858     52.000     3.2843    25.1005     6.9187     9.8876     91.673    301.425    308.991   -0.00055    7.54720   10.78570  328.80486     3.2828   16.85117 3.7976e-02     0.4411     2.8180 0.0000e+00
        542  61.575825    0.03757     2.2543    135.258     53.507  51391.896    31.5449     3.2914     53.000     3.2911    25.1034     6.9179     9.8863     91.677    301.387    308.952   -0.00044    7.54593   10.78389  328.74849     3.2884   16.84848 3.7976e-02     0.4335     2.7567 0.0000e+00
