CTD-processing/allCTD/CNV/2018_05-24_t9_s10_cast104_5028.cnv
* Sea-Bird SBE19plus Data File:
* FileName = C:\Users\Kim.Powell\Desktop\Not Processed\2018\2018_05-24_AlongBay, T9_5028\2018_05-24_TRANSECT_STATION_cast104.hex
* Software Version 1.59
* Temperature SN =  5028
* Conductivity SN =  5028
* System UpLoad Time = May 25 2018 13:42:29
** 2018_05-24
** Station: 9-10
** Start Time: 15:35
** Depth (m): 63
** Comment:
** Comment:
# nquan = 27
# nvalues = 61                          
# units = specified
# name 0 = scan: Scan Count
# name 1 = timeJ: Julian Days
# name 2 = timeH: Time, Elapsed [hours]
# name 3 = timeM: Time, Elapsed [minutes]
# name 4 = timeS: Time, Elapsed [seconds]
# name 5 = prdM: Pressure, Strain Gauge [db]
# name 6 = specc: Specific Conductance [uS/cm]
# name 7 = sal00: Salinity, Practical [PSU]
# name 8 = tv290C: Temperature [ITS-90, deg C]
# name 9 = depSM: Depth [salt water, m], lat = 59.00
# name 10 = potemp090C: Potential Temperature [ITS-90, deg C]
# name 11 = sigma-é00: Density [sigma-theta, kg/m^3]
# name 12 = sbeox0ML/L: Oxygen, SBE 43 [ml/l]
# name 13 = sbeox0Mg/L: Oxygen, SBE 43 [mg/l]
# name 14 = sbeox0PS: Oxygen, SBE 43 [% saturation]
# name 15 = sbox0Mm/Kg: Oxygen, SBE 43 [umol/kg]
# name 16 = sbeox0Mm/L: Oxygen, SBE 43 [umol/l]
# name 17 = sbox0dV/dT: Oxygen, SBE 43 [dov/dt]
# name 18 = oxsolML/L: Oxygen Saturation, Garcia & Gordon [ml/l]
# name 19 = oxsolMg/L: Oxygen Saturation, Garcia & Gordon [mg/l]
# name 20 = oxsolMm/Kg: Oxygen Saturation, Garcia & Gordon [umol/kg]
# name 21 = potemp090C: Potential Temperature [ITS-90, deg C]
# name 22 = n2satMg/L: Nitrogen Saturation [mg/l]
# name 23 = par: PAR/Irradiance, Biospherical/Licor
# name 24 = flECO-AFL: Fluorescence, WET Labs ECO-AFL/FL [mg/m^3]
# name 25 = turbWETntu0: Turbidity, WET Labs ECO [NTU]
# name 26 = flag: flag
# span 0 =        417,        679       
# span 1 = 144.650232, 144.650989       
# span 2 =    0.02890,    0.04705       
# span 3 =     1.7341,     2.8234       
# span 4 =    104.045,    169.405       
# span 5 =      1.009,     61.584       
# span 6 =  48214.970,  50969.137       
# span 7 =    30.3211,    31.8050       
# span 8 =     5.6412,     7.9699       
# span 9 =      1.000,     61.000       
# span 10 =     5.6394,     7.8799      
# span 11 =    23.6059,    25.0638      
# span 12 =     6.7631,     8.0700      
# span 13 =     9.6651,    11.5328      
# span 14 =     95.183,    117.327      
# span 15 =    294.654,    351.983      
# span 16 =    302.039,    360.405      
# span 17 =   -0.03937,    0.00094      
# span 18 =    6.80882,    7.12274      
# span 19 =    9.73049,   10.17910      
# span 20 =  297.06935,  310.35496      
# span 21 =     5.6394,     7.9698      
# span 22 =   15.34502,   15.97293      
# span 23 = 4.4834e-02, 1.6819e+02      
# span 24 =     0.4744,     4.6604      
# span 25 =     0.6906,     2.6332      
# span 26 = 0.0000e+00, 0.0000e+00      
# interval = meters: 1                  
# start_time = May 24 2018 15:34:36 [Instrument's time stamp, header]
# bad_flag = -9.990e-29
*END*
        417 144.650232    0.02890     1.7341    104.045      1.009  48214.970    30.3211     7.9699      1.000     7.8799    23.6059     7.9886    11.4165    117.327    348.543    356.771    0.00094    6.80882    9.73049  297.06935     7.9698   15.34502 1.6819e+02     2.1923     2.3648 0.0000e+00
        422 144.650247    0.02927     1.7559    105.355      2.019  48548.563    30.5220     7.7699      2.000     7.7270    23.7910     7.9611    11.3772    116.545    347.282    355.544   -0.00361    6.83098    9.76215  297.98230     7.7697   15.38777 9.1213e+01     2.8700     2.6332 0.0000e+00
        427 144.650260    0.02957     1.7745    106.472      3.028  48651.583    30.5740     7.6490      3.000     7.5145    23.8481     7.9907    11.4195    116.692    348.553    356.865   -0.00259    6.84765    9.78597  298.69261     7.6487   15.42144 5.2156e+01     3.8985     2.2250 0.0000e+00
        431 144.650273    0.02988     1.7930    107.577      4.038  48796.975    30.6156     7.2874      4.000     7.0823    23.9290     8.0700    11.5328    116.911    351.983    360.405   -0.00007    6.90297    9.86503  301.08170     7.2870   15.53523 3.0958e+01     4.4683     2.1027 0.0000e+00
        436 144.650285    0.03018     1.8108    108.648      5.047  49080.267    30.7293     6.8048      5.000     6.5082    24.0806     8.0304    11.4763    115.144    350.208    358.640   -0.00953    6.97531    9.96842  304.19190     6.8044   15.68306 1.8266e+01     4.6580     2.1212 0.0000e+00
        440 144.650298    0.03049     1.8290    109.743      6.057  49694.127    31.0462     6.2079      6.000     6.0365    24.4045     7.8500    11.2185    111.237    342.232    350.582   -0.02809    7.05819   10.08686  307.70894     6.2074   15.84940 1.1236e+01     4.6604     1.9575 0.0000e+00
        444 144.650311    0.03079     1.8478    110.869      7.066  50102.822    31.2713     5.9039      7.000     5.8332    24.6187     7.6535    10.9376    107.831    333.591    341.803   -0.03937    7.09796   10.14370  309.37835     5.9033   15.92802 7.0990e+00     4.3417     1.6371 0.0000e+00
        449 144.650324    0.03111     1.8668    112.008      8.076  50354.243    31.4202     5.7793      8.000     5.7613    24.7511     7.5286    10.7591    105.863    328.107    336.228   -0.03866    7.11174   10.16339  309.93903     5.7787   15.95412 4.8593e+00     3.9415     1.3907 0.0000e+00
        453 144.650337    0.03142     1.8849    113.093      9.085  50489.427    31.5099     5.7627      9.000     5.7658    24.8238     7.4393    10.6316    104.628    324.194    332.242   -0.03464    7.11030   10.16132  309.85411     5.7619   15.94970 3.4555e+00     3.2347     1.3073 0.0000e+00
        458 144.650349    0.03171     1.9022    114.130     10.095  50541.520    31.5462     5.7667     10.000     5.7620    24.8521     7.3571    10.5141    103.507    320.603    328.570   -0.03120    7.10789   10.15789  309.74081     5.7660   15.94416 2.5264e+00     2.4206     1.2275 0.0000e+00
        462 144.650361    0.03199     1.9193    115.161     11.104  50579.751    31.5701     5.7567     11.000     5.7491    24.8721     7.2728    10.3936    102.312    316.921    324.804   -0.02942    7.10844   10.15867  309.75866     5.7559   15.94492 1.9067e+00     1.9097     1.1869 0.0000e+00
        465 144.650371    0.03225     1.9352    116.109     12.114  50613.864    31.5904     5.7434     12.000     5.7357    24.8898     7.2167    10.3133    101.504    314.469    322.297   -0.02669    7.10972   10.16049  309.80888     5.7425   15.94722 1.4643e+00     1.6822     1.1662 0.0000e+00
        469 144.650383    0.03253     1.9520    117.121     13.123  50644.220    31.6081     5.7296     13.000     5.7181    24.9054     7.1726    10.2503    100.863    312.543    320.328   -0.02321    7.11120   10.16261  309.86877     5.7286   15.95001 1.1336e+00     1.4974     1.1089 0.0000e+00
        473 144.650394    0.03280     1.9680    118.077     14.133  50672.544    31.6222     5.7047     14.000     5.6867    24.9194     7.1472    10.2140    100.456    311.431    319.192   -0.01974    7.11472   10.16764  310.01780     5.7036   15.95705 8.9029e-01     1.3584     1.1130 0.0000e+00
        477 144.650406    0.03308     1.9846    119.078     15.142  50707.422    31.6395     5.6735     15.000     5.6615    24.9367     7.1229    10.1793    100.052    310.367    318.107   -0.01678    7.11915   10.17397  310.20553     5.6723   15.96592 7.0653e-01     1.1676     1.0303 0.0000e+00
        481 144.650418    0.03335     2.0011    120.069     16.152  50727.468    31.6491     5.6546     16.000     5.6473    24.9464     7.1019    10.1493     99.719    309.451    317.171   -0.01438    7.12188   10.17788  310.32167     5.6533   15.97141 5.6809e-01     1.0877     0.9338 0.0000e+00
        485 144.650429    0.03364     2.0184    121.103     17.161  50752.891    31.6642     5.6452     17.000     5.6443    24.9595     7.0901    10.1325     99.542    308.933    316.645   -0.01158    7.12274   10.17910  310.35496     5.6439   15.97293 4.6022e-01     1.0498     0.9054 0.0000e+00
        489 144.650441    0.03392     2.0350    122.098     18.170  50776.430    31.6806     5.6478     18.000     5.6485    24.9721     7.0832    10.1225     99.461    308.625    316.332   -0.00906    7.12153   10.17739  310.29879     5.6464   15.97019 3.7589e-01     1.0119     0.8808 0.0000e+00
        494 144.650453    0.03422     2.0527    123.165     19.180  50806.359    31.7014     5.6514     19.000     5.6499    24.9882     7.0710    10.1052     99.313    308.093    315.792   -0.00733    7.11995   10.17512  310.22481     5.6499   15.96658 3.0957e-01     0.9290     0.8798 0.0000e+00
        498 144.650466    0.03450     2.0702    124.213     20.189  50836.453    31.7215     5.6503     20.000     5.6476    25.0042     7.0520    10.0779     99.056    307.258    314.941   -0.00676    7.11916   10.17399  310.18573     5.6488   15.96464 2.5824e-01     0.8176     0.8278 0.0000e+00
        502 144.650479    0.03482     2.0893    125.357     21.199  50850.361    31.7299     5.6471     21.000     5.6436    25.0112     7.0230    10.0366     98.647    305.993    313.647   -0.00694    7.11930   10.17419  310.18973     5.6455   15.96480 2.1742e-01     0.6839     0.7733 0.0000e+00
        508 144.650494    0.03518     2.1106    126.633     22.209  50859.058    31.7346     5.6429     22.000     5.6402    25.0155     6.9843     9.9813     98.098    304.308    311.920   -0.00770    7.11979   10.17488  310.20956     5.6413   15.96572 1.8542e-01     0.6353     0.7826 0.0000e+00
        512 144.650506    0.03549     2.1295    127.770     23.219  50867.213    31.7394     5.6412     23.000     5.6394    25.0195     6.9621     9.9497     97.785    303.340    310.930   -0.00724    7.11986   10.17498  310.21141     5.6394   15.96579 1.5948e-01     0.6529     0.8016 0.0000e+00
        516 144.650519    0.03578     2.1470    128.818     24.228  50872.048    31.7425     5.6421     24.000     5.6413    25.0218     6.9537     9.9375     97.670    302.971    310.551   -0.00602    7.11956   10.17456  310.19754     5.6402   15.96512 1.3865e-01     0.6631     0.7574 0.0000e+00
        520 144.650531    0.03607     2.1643    129.860     25.237  50875.451    31.7448     5.6447     25.000     5.6448    25.0234     6.9486     9.9303     97.607    302.750    310.326   -0.00477    7.11901   10.17377  310.17321     5.6428   15.96395 1.2132e-01     0.6408     0.7318 0.0000e+00
        524 144.650542    0.03635     2.1811    130.868     26.247  50880.863    31.7491     5.6496     26.000     5.6505    25.0262     6.9421     9.9209     97.529    302.463    310.032   -0.00400    7.11797   10.17229  310.12727     5.6476   15.96175 1.0724e-01     0.6386     0.7355 0.0000e+00
        529 144.650554    0.03664     2.1982    131.891     27.257  50882.675    31.7509     5.6551     27.000     5.6544    25.0270     6.9393     9.9170     97.504    302.344    309.910   -0.00316    7.11698   10.17087  310.08352     5.6530   15.95965 9.5820e-02     0.6280     0.7319 0.0000e+00
        533 144.650566    0.03692     2.2156    132.937     28.266  50883.386    31.7514     5.6574     28.000     5.6551    25.0272     6.9356     9.9116     97.457    302.179    309.741   -0.00254    7.11655   10.17026  310.06524     5.6552   15.95878 8.6559e-02     0.6142     0.7208 0.0000e+00
        537 144.650578    0.03721     2.2325    133.950     29.275  50884.824    31.7519     5.6571     29.000     5.6549    25.0275     6.9224     9.8929     97.272    301.608    309.157   -0.00289    7.11658   10.17030  310.06620     5.6549   15.95882 7.9166e-02     0.6003     0.7037 0.0000e+00
        541 144.650590    0.03750     2.2501    135.006     30.285  50886.835    31.7528     5.6575     30.000     5.6555    25.0283     6.9071     9.8709     97.058    300.938    308.470   -0.00335    7.11648   10.17016  310.06158     5.6551   15.95860 7.3252e-02     0.5972     0.6906 0.0000e+00
        545 144.650603    0.03780     2.2679    136.076     31.295  50889.308    31.7542     5.6583     31.000     5.6560    25.0293     6.8994     9.8600     96.953    300.604    308.128   -0.00308    7.11627   10.16986  310.05213     5.6559   15.95814 6.8341e-02     0.5881     0.6947 0.0000e+00
        550 144.650615    0.03810     2.2863    137.176     32.304  50889.895    31.7542     5.6586     32.000     5.6560    25.0292     6.8940     9.8523     96.878    300.370    307.888   -0.00265    7.11623   10.16980  310.05036     5.6561   15.95806 6.4316e-02     0.5899     0.7239 0.0000e+00
        554 144.650629    0.03841     2.3050    138.301     33.314  50893.412    31.7562     5.6589     33.000     5.6572    25.0308     6.8868     9.8419     96.777    300.052    307.563   -0.00248    7.11608   10.16960  310.04376     5.6563   15.95774 6.1099e-02     0.5898     0.7196 0.0000e+00
        559 144.650641    0.03873     2.3239    139.435     34.324  50903.894    31.7637     5.6624     34.000     5.6619    25.0363     6.8794     9.8314     96.687    299.732    307.236   -0.00232    7.11514   10.16824  310.00068     5.6598   15.95565 5.8495e-02     0.5762     0.7323 0.0000e+00
        563 144.650655    0.03906     2.3434    140.604     35.333  50906.712    31.7660     5.6670     35.000     5.6653    25.0377     6.8749     9.8249     96.636    299.534    307.033   -0.00196    7.11425   10.16698  309.96164     5.6642   15.95379 5.6313e-02     0.5510     0.7081 0.0000e+00
        568 144.650669    0.03938     2.3627    141.765     36.343  50902.398    31.7629     5.6684     36.000     5.6647    25.0350     6.8668     9.8134     96.523    299.181    306.672   -0.00198    7.11416   10.16684  309.95836     5.6656   15.95364 5.4525e-02     0.5318     0.7036 0.0000e+00
        572 144.650681    0.03968     2.3808    142.847     37.353  50899.250    31.7597     5.6657     37.000     5.6621    25.0328     6.8544     9.7957     96.341    298.642    306.118   -0.00250    7.11476   10.16771  309.98530     5.6629   15.95494 5.3008e-02     0.5302     0.7147 0.0000e+00
        577 144.650693    0.03997     2.3983    143.899     38.362  50910.466    31.7671     5.6664     38.000     5.6662    25.0385     6.8522     9.7925     96.316    298.543    306.018   -0.00211    7.11429   10.16704  309.96336     5.6635   15.95387 5.1775e-02     0.5411     0.7289 0.0000e+00
        581 144.650705    0.04026     2.4152    144.915     39.371  50910.159    31.7674     5.6715     39.000     5.6691    25.0382     6.8562     9.7981     96.384    298.718    306.197   -0.00118    7.11343   10.16580  309.92571     5.6684   15.95207 5.0733e-02     0.5256     0.7045 0.0000e+00
        585 144.650717    0.04055     2.4325    145.951     40.381  50906.321    31.7643     5.6716     40.000     5.6678    25.0357     6.8443     9.7812     96.214    298.200    305.666   -0.00176    7.11355   10.16598  309.93194     5.6685   15.95238 4.9895e-02     0.5261     0.7084 0.0000e+00
        589 144.650729    0.04082     2.4495    146.968     41.391  50910.063    31.7663     5.6712     41.000     5.6685    25.0374     6.8414     9.7771     96.175    298.076    305.540   -0.00171    7.11354   10.16596  309.93089     5.6679   15.95232 4.9194e-02     0.5345     0.7316 0.0000e+00
        593 144.650741    0.04112     2.4670    148.023     42.400  50911.348    31.7669     5.6720     42.000     5.6688    25.0378     6.8411     9.7766     96.172    298.059    305.522   -0.00127    7.11338   10.16573  309.92373     5.6687   15.95197 4.8597e-02     0.5135     0.7218 0.0000e+00
        597 144.650753    0.04141     2.4844    149.064     43.410  50915.121    31.7692     5.6728     43.000     5.6706    25.0395     6.8343     9.7669     96.081    297.765    305.221   -0.00146    7.11313   10.16538  309.91232     5.6694   15.95142 4.8062e-02     0.5127     0.7250 0.0000e+00
        602 144.650766    0.04171     2.5021    150.127     44.419  50916.666    31.7703     5.6754     44.000     5.6730    25.0401     6.8263     9.7555     95.974    297.415    304.863   -0.00172    7.11263   10.16466  309.89040     5.6720   15.95038 4.7621e-02     0.5225     0.7251 0.0000e+00
        606 144.650778    0.04201     2.5208    151.245     45.429  50917.480    31.7708     5.6777     45.000     5.6750    25.0403     6.8216     9.7488     95.914    297.211    304.653   -0.00162    7.11222   10.16408  309.87251     5.6742   15.94952 4.7240e-02     0.5150     0.7213 0.0000e+00
        610 144.650791    0.04232     2.5394    152.367     46.439  50918.116    31.7711     5.6794     46.000     5.6766    25.0403     6.8197     9.7460     95.891    297.127    304.567   -0.00135    7.11192   10.16364  309.85929     5.6758   15.94889 4.6917e-02     0.5099     0.7220 0.0000e+00
        615 144.650805    0.04264     2.5586    153.516     47.449  50922.529    31.7742     5.6821     47.000     5.6804    25.0424     6.8195     9.7457     95.896    297.117    304.558   -0.00100    7.11132   10.16279  309.83270     5.6784   15.94761 4.6630e-02     0.4984     0.7453 0.0000e+00
        620 144.650818    0.04297     2.5783    154.698     48.458  50925.452    31.7768     5.6871     48.000     5.6853    25.0439     6.8183     9.7441     95.893    297.067    304.506   -0.00076    7.11036   10.16142  309.79037     5.6834   15.94559 4.6361e-02     0.5044     0.7528 0.0000e+00
        624 144.650832    0.04329     2.5979    155.871     49.468  50925.994    31.7775     5.6912     49.000     5.6880    25.0440     6.8166     9.7416     95.879    296.991    304.430   -0.00068    7.10964   10.16039  309.75907     5.6873   15.94409 4.6123e-02     0.4955     0.7615 0.0000e+00
        629 144.650845    0.04361     2.6167    157.001     50.478  50927.389    31.7780     5.6917     50.000     5.6868    25.0444     6.8141     9.7380     95.843    296.880    304.315   -0.00071    7.10954   10.16025  309.75447     5.6877   15.94387 4.5923e-02     0.5227     0.7848 0.0000e+00
        633 144.650857    0.04391     2.6348    158.088     51.488  50927.225    31.7769     5.6890     51.000     5.6824    25.0438     6.8077     9.7288     95.747    296.602    304.030   -0.00106    7.11004   10.16096  309.77637     5.6850   15.94492 4.5758e-02     0.5343     0.8051 0.0000e+00
        638 144.650870    0.04422     2.6527    159.165     52.497  50927.810    31.7755     5.6827     52.000     5.6749    25.0435     6.7968     9.7133     95.579    296.129    303.545   -0.00173    7.11116   10.16256  309.82520     5.6787   15.94725 4.5617e-02     0.5194     0.8447 0.0000e+00
        642 144.650882    0.04449     2.6700    160.198     53.507  50935.194    31.7787     5.6758     53.000     5.6704    25.0469     6.7935     9.7086     95.519    295.984    303.398   -0.00175    7.11218   10.16401  309.86850     5.6716   15.94930 4.5519e-02     0.4938     0.9159 0.0000e+00
