CTD-processing/allCTD/CNV/2018_11-08_t9_s10_cast021_4141.cnv
* Sea-Bird SBE19plus Data File:
* FileName = C:\Users\Kim.Powell\Desktop\Not Processed\2018\2018_11-08_AlongBay, T9_4141\2018_11-08_TRANSECT_STATION_cast021.hex
* Software Version 1.59
* Temperature SN =  4141
* Conductivity SN =  4141
* System UpLoad Time = Nov 13 2018 09:28:17
** 2018_11-08
** Station: 9-10
** Start Time: 15:08
** Depth (m): 65
** Comment: Near convergence zone
** Comment: ** out of order in field notes
# nquan = 27
# nvalues = 62                          
# units = specified
# name 0 = scan: Scan Count
# name 1 = timeJ: Julian Days
# name 2 = timeH: Time, Elapsed [hours]
# name 3 = timeM: Time, Elapsed [minutes]
# name 4 = timeS: Time, Elapsed [seconds]
# name 5 = prdM: Pressure, Strain Gauge [db]
# name 6 = specc: Specific Conductance [uS/cm]
# name 7 = sal00: Salinity, Practical [PSU]
# name 8 = tv290C: Temperature [ITS-90, deg C]
# name 9 = depSM: Depth [salt water, m], lat = 59.00
# name 10 = potemp090C: Potential Temperature [ITS-90, deg C]
# name 11 = sigma-é00: Density [sigma-theta, kg/m^3]
# name 12 = sbeox0ML/L: Oxygen, SBE 43 [ml/l]
# name 13 = sbeox0Mg/L: Oxygen, SBE 43 [mg/l]
# name 14 = sbeox0PS: Oxygen, SBE 43 [% saturation]
# name 15 = sbox0Mm/Kg: Oxygen, SBE 43 [umol/kg]
# name 16 = sbeox0Mm/L: Oxygen, SBE 43 [umol/l]
# name 17 = sbox0dV/dT: Oxygen, SBE 43 [dov/dt]
# name 18 = oxsolML/L: Oxygen Saturation, Garcia & Gordon [ml/l]
# name 19 = oxsolMg/L: Oxygen Saturation, Garcia & Gordon [mg/l]
# name 20 = oxsolMm/Kg: Oxygen Saturation, Garcia & Gordon [umol/kg]
# name 21 = n2satMg/L: Nitrogen Saturation [mg/l]
# name 22 = par: PAR/Irradiance, Biospherical/Licor
# name 23 = wetStar: Fluorescence, WET Labs WETstar [mg/m^3]
# name 24 = CStarAt0: Beam Attenuation, WET Labs C-Star [1/m]
# name 25 = CStarTr0: Beam Transmission, WET Labs C-Star [%]
# name 26 = flag: flag
# span 0 =        272,        534       
# span 1 = 312.631572, 312.632330       
# span 2 =    0.01885,    0.03702       
# span 3 =     1.1308,     2.2216       
# span 4 =     67.846,    133.299       
# span 5 =      1.035,     62.575       
# span 6 =  48050.857,  48489.778       
# span 7 =    30.1147,    30.5251       
# span 8 =     7.2787,     8.2854       
# span 9 =      1.000,     62.000       
# span 10 =     7.2776,     8.2832      
# span 11 =    23.5179,    23.7301      
# span 12 =     5.8371,     6.0786      
# span 13 =     8.3418,     8.6869      
# span 14 =     86.047,     88.146      
# span 15 =    254.647,    265.222      
# span 16 =    260.686,    271.471      
# span 17 =   -0.00330,    0.00919      
# span 18 =    6.75150,    6.92643      
# span 19 =    9.64858,    9.89856      
# span 20 =  294.53620,  302.21928      
# span 21 =   15.22329,   15.59154      
# span 22 = 4.1465e-02, 3.0204e+01      
# span 23 =     0.3778,     0.4382      
# span 24 =     0.8042,     1.7011      
# span 25 =    65.3590,    81.7876      
# span 26 = 0.0000e+00, 0.0000e+00      
# interval = meters: 1                  
# start_time = Nov 08 2018 15:08:20 [Instrument's time stamp, header]
# bad_flag = -9.990e-29
*END*
[from data line 54]
        504 312.632243    0.03494     2.0963    125.775     55.539  48291.272    30.3655     8.0689     55.000     8.0335    23.6276     5.8953     8.4250     86.804    257.208    263.285    0.00225    6.79154    9.70579  296.30916   15.30856 4.1686e-02     0.4045     1.0682    76.5620 0.0000e+00
        508 312.632254    0.03521     2.1127    126.761     56.527  48363.566    30.4048     7.9991     56.000     8.0146    23.6681     5.8633     8.3792     86.218    255.801    261.855   -0.00181    6.80058    9.71872  296.69200   15.32668 4.2178e-02     0.4058     1.2568    73.0499 0.0000e+00
        513 312.632269    0.03556     2.1333    127.997     57.555  48391.594    30.4332     8.0607     57.000     8.0705    23.6818     5.8588     8.3728     86.288    255.601    261.654   -0.00156    6.78982    9.70334  296.21853   15.30397 4.1724e-02     0.4067     1.2197    73.7287 0.0000e+00
        517 312.632279    0.03581     2.1487    128.921     58.559  48382.832    30.4299     8.0823     58.000     8.0925    23.6762     5.8736     8.3941     86.548    256.250    262.318    0.00090    6.78662    9.69877  296.08080   15.29740 4.2181e-02     0.4002     1.1011    75.9360 0.0000e+00
        520 312.632288    0.03603     2.1616    129.698     59.552  48425.290    30.4644     8.1177     59.000     8.1343    23.6982     5.8671     8.3846     86.540    255.959    262.024    0.00044    6.77966    9.68881  295.77038   15.28245 4.2026e-02     0.3987     1.0602    76.7201 0.0000e+00
        524 312.632301    0.03635     2.1807    130.845     60.582  48437.396    30.4780     8.1549     60.000     8.1740    23.7037     5.8657     8.3827     86.600    255.898    261.964    0.00086    6.77334    9.67979  295.49339   15.26917 4.1906e-02     0.3979     0.9768    78.3376 0.0000e+00
        529 312.632314    0.03664     2.1983    131.900     61.579  48489.778    30.5251     8.2290     61.000     8.2520    23.7301     5.8482     8.3577     86.513    255.129    261.182   -0.00006    6.75993    9.66061  294.90032   15.24066 4.1931e-02     0.4069     0.8564    80.7316 0.0000e+00
        534 312.632330    0.03702     2.2216    133.299     62.575  48472.037    30.5207     8.2854     62.000     8.2832    23.7186     5.8371     8.3418     86.457    254.647    260.686   -0.00022    6.75150    9.64858  294.53620   15.22329 4.2390e-02     0.4058     0.8042    81.7876 0.0000e+00
