CTD-processing/allCTD/CNV/2018_11-08_alongbay_skb04_cast010_4141.cnv
* Sea-Bird SBE19plus Data File:
* FileName = C:\Users\Kim.Powell\Desktop\Not Processed\2018\2018_11-08_AlongBay, T9_4141\2018_11-08_TRANSECT_STATION_cast010.hex
* Software Version 1.59
* Temperature SN =  4141
* Conductivity SN =  4141
* System UpLoad Time = Nov 13 2018 09:15:14
** 2018_11-08
** Station: KB04
** Start Time: 12:53
** Depth (m): 158
** Comment:
** Comment:
# nquan = 27
# nvalues = 155                         
# units = specified
# name 0 = scan: Scan Count
# name 1 = timeJ: Julian Days
# name 2 = timeH: Time, Elapsed [hours]
# name 3 = timeM: Time, Elapsed [minutes]
# name 4 = timeS: Time, Elapsed [seconds]
# name 5 = prdM: Pressure, Strain Gauge [db]
# name 6 = specc: Specific Conductance [uS/cm]
# name 7 = sal00: Salinity, Practical [PSU]
# name 8 = tv290C: Temperature [ITS-90, deg C]
# name 9 = depSM: Depth [salt water, m], lat = 59.00
# name 10 = potemp090C: Potential Temperature [ITS-90, deg C]
# name 11 = sigma-é00: Density [sigma-theta, kg/m^3]
# name 12 = sbeox0ML/L: Oxygen, SBE 43 [ml/l]
# name 13 = sbeox0Mg/L: Oxygen, SBE 43 [mg/l]
# name 14 = sbeox0PS: Oxygen, SBE 43 [% saturation]
# name 15 = sbox0Mm/Kg: Oxygen, SBE 43 [umol/kg]
# name 16 = sbeox0Mm/L: Oxygen, SBE 43 [umol/l]
# name 17 = sbox0dV/dT: Oxygen, SBE 43 [dov/dt]
# name 18 = oxsolML/L: Oxygen Saturation, Garcia & Gordon [ml/l]
# name 19 = oxsolMg/L: Oxygen Saturation, Garcia & Gordon [mg/l]
# name 20 = oxsolMm/Kg: Oxygen Saturation, Garcia & Gordon [umol/kg]
# name 21 = n2satMg/L: Nitrogen Saturation [mg/l]
# name 22 = par: PAR/Irradiance, Biospherical/Licor
# name 23 = wetStar: Fluorescence, WET Labs WETstar [mg/m^3]
# name 24 = CStarAt0: Beam Attenuation, WET Labs C-Star [1/m]
# name 25 = CStarTr0: Beam Transmission, WET Labs C-Star [%]
# name 26 = flag: flag
# span 0 =        274,       1014       
# span 1 = 312.537700, 312.539841       
# span 2 =    0.01896,    0.07035       
# span 3 =     1.1374,     4.2209       
# span 4 =     68.245,    253.249       
# span 5 =      1.027,    156.432       
# span 6 =  48294.147,  48889.000       
# span 7 =    30.3989,    30.8081       
# span 8 =     8.1199,     8.5361       
# span 9 =      1.000,    155.000       
# span 10 =     8.1225,     8.5207      
# span 11 =    23.6415,    23.9088      
# span 12 =     5.6591,     6.0688      
# span 13 =     8.0874,     8.6730      
# span 14 =     84.451,     89.483      
# span 15 =    246.833,    264.771      
# span 16 =    252.735,    271.033      
# span 17 =   -0.00424,    0.01402      
# span 18 =    6.70094,    6.78211      
# span 19 =    9.57632,    9.69231      
# span 20 =  292.27574,  295.89169      
# span 21 =   15.11419,   15.28848      
# span 22 = 3.6878e-02, 4.2564e+01      
# span 23 =     0.2986,     0.7278      
# span 24 =     0.1777,     2.4788      
# span 25 =    53.7868,    95.6543      
# span 26 = 0.0000e+00, 0.0000e+00      
# interval = meters: 1                  
# start_time = Nov 08 2018 12:53:09 [Instrument's time stamp, header]
# bad_flag = -9.990e-29
*END*
        274 312.537700    0.01896     1.1374     68.245      1.027  48298.249    30.4017     8.1199      1.000     8.1225    23.6480     6.0688     8.6730     89.483    264.771    271.033    0.01402    6.78211    9.69231  295.89169   15.28848 4.2564e+01     0.6630     0.2251    94.5280 0.0000e+00
        278 312.537712    0.01927     1.1559     69.355      2.012  48294.147    30.3989     8.1240      2.000     8.1243    23.6453     6.0612     8.6621     89.378    264.442    270.695    0.00910    6.78158    9.69156  295.86947   15.28743 3.6563e+01     0.6589     0.2270    94.4829 0.0000e+00
        284 312.537729    0.01965     1.1793     70.758      3.032  48302.279    30.4045     8.1267      3.000     8.1312    23.6493     6.0504     8.6466     89.226    263.968    270.211    0.00485    6.78093    9.69063  295.83994   15.28600 3.0632e+01     0.6616     0.2218    94.6058 0.0000e+00
        289 312.537742    0.01998     1.1990     71.942      4.038  48303.150    30.4070     8.1420      4.000     8.1476    23.6491     6.0407     8.6328     89.117    263.547    269.780    0.00269    6.77846    9.68710  295.73222   15.28084 3.3852e+01     0.6576     0.2196    94.6598 0.0000e+00
        293 312.537755    0.02030     1.2177     73.060      5.053  48295.560    30.4026     8.1507      5.000     8.1514    23.6445     6.0261     8.6119     88.915    262.908    269.124    0.00052    6.77732    9.68546  295.68379   15.27855 2.9286e+01     0.7023     0.2195    94.6604 0.0000e+00
        298 312.537768    0.02060     1.2362     74.170      6.053  48295.241    30.4023     8.1529      6.000     8.1524    23.6439     6.0220     8.6061     88.860    262.732    268.944   -0.00009    6.77700    9.68501  295.67008   15.27790 3.0825e+01     0.7018     0.2193    94.6653 0.0000e+00
        303 312.537784    0.02098     1.2591     75.548      7.093  48297.363    30.4033     8.1528      7.000     8.1528    23.6447     6.0185     8.6011     88.809    262.579    268.788   -0.00042    6.77697    9.68497  295.66847   15.27782 2.7135e+01     0.6868     0.2192    94.6686 0.0000e+00
        306 312.537791    0.02117     1.2700     76.202      8.063  48298.363    30.4037     8.1540      8.000     8.1536    23.6449     6.0128     8.5930     88.727    262.330    268.533   -0.00085    6.77677    9.68468  295.65961   15.27740 2.5000e+01     0.6820     0.2197    94.6547 0.0000e+00
        310 312.537805    0.02148     1.2890     77.339      9.085  48297.284    30.4025     8.1540      9.000     8.1528    23.6440     6.0169     8.5988     88.787    262.508    268.715   -0.00050    6.77683    9.68476  295.66245   15.27754 2.3461e+01     0.6712     0.2236    94.5637 0.0000e+00
        315 312.537819    0.02182     1.3093     78.558     10.109  48300.326    30.4042     8.1537     10.000     8.1534    23.6453     6.0211     8.6047     88.849    262.690    268.901    0.00020    6.77680    9.68472  295.66069   15.27745 2.0363e+01     0.7001     0.2210    94.6263 0.0000e+00
        318 312.537827    0.02200     1.3205     79.227     11.084  48300.271    30.4038     8.1545     11.000     8.1541    23.6449     6.0133     8.5937     88.736    262.353    268.556   -0.00076    6.77668    9.68456  295.65590   15.27722 1.7954e+01     0.7278     0.2191    94.6698 0.0000e+00
        324 312.537845    0.02244     1.3466     80.798     12.125  48302.894    30.4054     8.1562     12.000     8.1563    23.6460     6.0193     8.6022     88.828    262.613    268.822   -0.00009    6.77636    9.68409  295.64129   15.27651 1.6452e+01     0.6572     0.2172    94.7163 0.0000e+00
        329 312.537858    0.02277     1.3659     81.954     13.119  48303.462    30.4059     8.1592     13.000     8.1601    23.6459     6.0136     8.5940     88.749    262.361    268.566   -0.00046    6.77588    9.68342  295.62083   15.27554 1.4424e+01     0.6940     0.2156    94.7519 0.0000e+00
        333 312.537869    0.02303     1.3815     82.893     14.140  48304.740    30.4071     8.1643     14.000     8.1648    23.6461     6.0099     8.5888     88.707    262.204    268.403   -0.00080    6.77504    9.68221  295.58379   15.27377 1.2945e+01     0.6754     0.2135    94.8029 0.0000e+00
        336 312.537879    0.02325     1.3954     83.725     15.131  48302.334    30.4052     8.1659     15.000     8.1638    23.6445     6.0110     8.5904     88.725    262.251    268.452   -0.00051    6.77489    9.68199  295.57750   15.27347 1.1547e+01     0.6480     0.2150    94.7681 0.0000e+00
        341 312.537894    0.02362     1.4173     85.037     16.158  48308.716    30.4088     8.1636     16.000     8.1667    23.6476     6.0086     8.5868     88.687    262.144    268.343   -0.00063    6.77507    9.68225  295.58464   15.27380 1.0179e+01     0.6708     0.2142    94.7862 0.0000e+00
        345 312.537906    0.02392     1.4349     86.096     17.152  48323.143    30.4213     8.1827     17.000     8.1911    23.6547     6.0007     8.5756     88.616    261.798    267.991   -0.00092    6.77158    9.67727  295.43041   15.26638 8.9623e+00     0.6725     0.2117    94.8469 0.0000e+00
        353 312.537927    0.02441     1.4647     87.880     18.184  48303.314    30.4094     8.1985     18.000     8.1954    23.6432     6.0028     8.5787     88.673    261.896    268.087   -0.00037    6.76968    9.67456  295.35101   15.26264 8.0411e+00     0.6645     0.2072    94.9502 0.0000e+00
        357 312.537940    0.02473     1.4837     89.021     19.172  48300.691    30.4065     8.1943     19.000     8.1899    23.6415     5.9885     8.5581     88.450    261.268    267.445   -0.00126    6.77046    9.67566  295.38535   15.26429 7.1646e+00     0.6451     0.2110    94.8638 0.0000e+00
        361 312.537951    0.02500     1.5003     90.017     20.196  48311.970    30.4137     8.1929     20.000     8.1941    23.6474     5.9812     8.5477     88.344    260.949    267.120   -0.00223    6.77036    9.67552  295.37936   15.26398 6.3516e+00     0.6363     0.2097    94.8923 0.0000e+00
        364 312.537961    0.02524     1.5145     90.867     21.201  48314.303    30.4158     8.1992     21.000     8.2000    23.6482     5.9938     8.5658     88.544    261.502    267.686   -0.00019    6.76929    9.67400  295.33258   15.26174 5.6149e+00     0.6116     0.2100    94.8841 0.0000e+00
        369 312.537974    0.02553     1.5315     91.893     22.195  48308.705    30.4119     8.2021     22.000     8.2001    23.6447     5.9969     8.5701     88.593    261.634    267.820    0.00006    6.76903    9.67362  295.32197   15.26125 5.0459e+00     0.6347     0.2091    94.9061 0.0000e+00
        376 312.537996    0.02606     1.5640     93.839     23.235  48310.296    30.4125     8.2016     23.000     8.1998    23.6453     5.9811     8.5475     88.359    260.943    267.114   -0.00150    6.76907    9.67368  295.32375   15.26133 4.4927e+00     0.6278     0.2048    95.0078 0.0000e+00
        380 312.538006    0.02631     1.5787     94.723     24.225  48307.217    30.4099     8.2012     24.000     8.1977    23.6433     5.9848     8.5528     88.410    261.105    267.279   -0.00083    6.76925    9.67394  295.33234   15.26175 3.9805e+00     0.6389     0.2071    94.9529 0.0000e+00
        384 312.538017    0.02657     1.5943     95.658     25.238  48315.340    30.4153     8.2023     25.000     8.2025    23.6474     5.9805     8.5468     88.354    260.921    267.092   -0.00086    6.76886    9.67337  295.31376   15.26084 3.5403e+00     0.6506     0.2073    94.9488 0.0000e+00
        387 312.538028    0.02684     1.6102     96.611     26.244  48313.434    30.4141     8.2064     26.000     8.2053    23.6459     5.9862     8.5549     88.445    261.167    267.343   -0.00046    6.76826    9.67252  295.28814   15.25962 3.1749e+00     0.6877     0.2081    94.9307 0.0000e+00
        392 312.538040    0.02713     1.6277     97.663     27.259  48313.818    30.4144     8.2091     27.000     8.2074    23.6457     5.9883     8.5579     88.482    261.259    267.436    0.00008    6.76784    9.67193  295.26995   15.25875 2.8466e+00     0.6465     0.2064    94.9708 0.0000e+00
        396 312.538052    0.02741     1.6449     98.694     28.262  48314.315    30.4146     8.2109     28.000     8.2087    23.6456     5.9882     8.5578     88.484    261.256    267.434   -0.00013    6.76756    9.67151  295.25752   15.25816 2.5474e+00     0.6346     0.2079    94.9354 0.0000e+00
        401 312.538066    0.02775     1.6648     99.889     29.272  48313.208    30.4134     8.2116     29.000     8.2082    23.6446     5.9833     8.5507     88.412    261.041    267.213   -0.00051    6.76749    9.67142  295.25503   15.25805 2.2708e+00     0.6110     0.2068    94.9620 0.0000e+00
        407 312.538084    0.02819     1.6915    101.487     30.296  48311.466    30.4110     8.2066     30.000     8.2025    23.6435     5.9786     8.5440     88.332    260.838    267.005   -0.00089    6.76836    9.67267  295.29356   15.25990 2.0372e+00     0.5957     0.2044    95.0178 0.0000e+00
        411 312.538096    0.02847     1.7083    102.496     31.290  48313.716    30.4121     8.2062     31.000     8.2025    23.6444     5.9791     8.5447     88.338    260.859    267.027   -0.00057    6.76840    9.67272  295.29461   15.25994 1.8235e+00     0.6192     0.2068    94.9619 0.0000e+00
        416 312.538109    0.02879     1.7272    103.632     32.309  48328.454    30.4224     8.2091     32.000     8.2130    23.6520     5.9844     8.5523     88.428    261.087    267.263   -0.00008    6.76749    9.67142  295.25297   15.25792 1.6296e+00     0.6156     0.2074    94.9473 0.0000e+00
        420 312.538121    0.02909     1.7450    104.698     33.333  48398.935    30.4738     8.2274     33.000     8.2595    23.6898     5.9883     8.5577     88.552    261.245    267.433    0.00089    6.76242    9.66418  295.02085   15.24662 1.4515e+00     0.6133     0.2024    95.0666 0.0000e+00
        422 312.538129    0.02927     1.7560    105.363     34.291  48378.149    30.4654     8.2714     34.000     8.2885    23.6768     5.9881     8.5576     88.633    261.242    267.427    0.00103    6.75608    9.65510  294.74744   15.23360 1.3112e+00     0.6114     0.1980    95.1713 0.0000e+00
        431 312.538155    0.02989     1.7933    107.600     35.340  48356.723    30.4555     8.3090     35.000     8.3114    23.6638     5.9462     8.4977     88.082    259.417    265.555   -0.00255    6.75076    9.64751  294.51943   15.22275 1.1845e+00     0.5302     0.1842    95.4998 0.0000e+00
        436 312.538169    0.03023     1.8136    108.813     36.355  48344.271    30.4481     8.3203     36.000     8.3157    23.6564     5.9251     8.4675     87.788    258.499    264.615   -0.00394    6.74936    9.64551  294.46052   15.21997 1.0608e+00     0.5118     0.1881    95.4067 0.0000e+00
        439 312.538178    0.03045     1.8266    109.594     37.362  48365.006    30.4620     8.3193     37.000     8.3250    23.6674     5.9277     8.4711     87.830    258.606    264.727   -0.00259    6.74891    9.64487  294.43772   15.21883 9.6704e-01     0.5018     0.1900    95.3608 0.0000e+00
        442 312.538186    0.03063     1.8376    110.258     38.342  48382.523    30.4759     8.3341     38.000     8.3405    23.6762     5.9193     8.4593     87.745    258.243    264.357   -0.00286    6.74603    9.64075  294.30963   15.21266 8.6728e-01     0.5097     0.1896    95.3694 0.0000e+00
        447 312.538201    0.03099     1.8597    111.580     39.374  48377.886    30.4750     8.3526     39.000     8.3518    23.6729     5.9148     8.4528     87.713    258.044    264.153   -0.00212    6.74327    9.63680  294.18992   15.20694 7.8417e-01     0.5062     0.1852    95.4754 0.0000e+00
        452 312.538216    0.03133     1.8800    112.799     40.386  48379.237    30.4764     8.3590     40.000     8.3561    23.6731     5.9045     8.4381     87.575    257.597    263.696   -0.00250    6.74223    9.63531  294.14440   15.20476 7.0103e-01     0.4940     0.1830    95.5272 0.0000e+00
        457 312.538229    0.03168     1.9006    114.036     41.389  48381.379    30.4776     8.3604     41.000     8.3568    23.6739     5.9059     8.4401     87.599    257.657    263.757   -0.00159    6.74196    9.63493  294.13253   15.20419 6.3802e-01     0.4853     0.1792    95.6183 0.0000e+00
        463 312.538247    0.03209     1.9256    115.536     42.408  48385.114    30.4800     8.3616     42.000     8.3587    23.6755     5.9010     8.4331     87.530    257.442    263.538   -0.00147    6.74167    9.63453  294.11978   15.20358 5.7734e-01     0.4909     0.1787    95.6322 0.0000e+00
        467 312.538257    0.03233     1.9397    116.383     43.413  48391.206    30.4842     8.3641     43.000     8.3615    23.6785     5.9035     8.4367     87.574    257.551    263.649   -0.00103    6.74110    9.63371  294.09388   15.20232 5.2055e-01     0.4719     0.1799    95.6029 0.0000e+00
        470 312.538267    0.03256     1.9537    117.222     44.412  48391.963    30.4847     8.3667     44.000     8.3633    23.6785     5.9110     8.4474     87.691    257.878    263.983   -0.00008    6.74069    9.63313  294.07616   15.20147 4.7386e-01     0.4800     0.1799    95.6016 0.0000e+00
        474 312.538278    0.03286     1.9712    118.272     45.421  48398.067    30.4889     8.3692     45.000     8.3669    23.6815     5.9074     8.4423     87.645    257.721    263.824   -0.00028    6.74014    9.63234  294.05097   15.20025 4.2975e-01     0.4693     0.1781    95.6460 0.0000e+00
        482 312.538300    0.03337     2.0021    120.127     46.459  48398.256    30.4893     8.3739     46.000     8.3701    23.6811     5.8928     8.4214     87.438    257.084    263.172   -0.00142    6.73939    9.63126  294.01857   15.19870 3.9066e-01     0.4769     0.1777    95.6543 0.0000e+00
        485 312.538310    0.03360     2.0161    120.964     47.435  48407.141    30.4953     8.3758     47.000     8.3734    23.6856     5.8897     8.4169     87.398    256.945    263.031   -0.00137    6.73883    9.63047  293.99304   15.19746 3.5370e-01     0.4537     0.1831    95.5262 0.0000e+00
        491 312.538326    0.03400     2.0399    122.396     48.465  48398.610    30.4891     8.3772     48.000     8.3717    23.6805     5.8941     8.4232     87.463    257.140    263.229   -0.00064    6.73890    9.63057  293.99744   15.19770 3.2065e-01     0.4733     0.1795    95.6120 0.0000e+00
        495 312.538339    0.03432     2.0589    123.533     49.476  48404.173    30.4925     8.3770     49.000     8.3744    23.6833     5.9004     8.4323     87.559    257.415    263.511    0.00023    6.73878    9.63039  293.99117   15.19738 2.9284e-01     0.4471     0.1827    95.5365 0.0000e+00
        498 312.538349    0.03453     2.0719    124.311     50.465  48413.935    30.4996     8.3819     50.000     8.3807    23.6881     5.8966     8.4268     87.516    257.249    263.343   -0.00027    6.73772    9.62888  293.94391   15.19509 2.6393e-01     0.4639     0.1917    95.3196 0.0000e+00
        503 312.538363    0.03488     2.0931    125.583     51.487  48417.003    30.5026     8.3905     51.000     8.3878    23.6892     5.8947     8.4241     87.507    257.166    263.258   -0.00022    6.73629    9.62683  293.88074   15.19207 2.4017e-01     0.4726     0.2042    95.0239 0.0000e+00
        509 312.538379    0.03526     2.1155    126.930     52.498  48422.821    30.5069     8.3952     52.000     8.3932    23.6919     5.8743     8.3949     87.215    256.274    262.346   -0.00191    6.73539    9.62555  293.84098   15.19015 2.1810e-01     0.4442     0.2193    94.6655 0.0000e+00
        515 312.538396    0.03567     2.1400    128.402     53.516  48427.973    30.5116     8.4058     53.000     8.4032    23.6941     5.8629     8.3787     87.069    255.775    261.836   -0.00221    6.73357    9.62295  293.76096   15.18632 1.9657e-01     0.4336     0.2469    94.0136 0.0000e+00
