CTD-processing/allCTD/CNV/2018_09-13_t4_s02_cast014_5028.cnv
* Sea-Bird SBE19plus Data File:
* FileName = C:\Users\Kim.Powell\Desktop\Not Processed\2018\2018_09-13_T3, T4, T9_5028\2018_09-13_TRANSECT_STATION_cast014.hex
* Software Version 1.59
* Temperature SN =  5028
* Conductivity SN =  5028
* System UpLoad Time = Sep 14 2018 16:00:59
** 2018_09-13
** Station: 4-02
** Start Time: 13:23
** Depth (m): 100
** Comment:
** Comment:
# nquan = 27
# nvalues = 97                          
# units = specified
# name 0 = scan: Scan Count
# name 1 = timeJ: Julian Days
# name 2 = timeH: Time, Elapsed [hours]
# name 3 = timeM: Time, Elapsed [minutes]
# name 4 = timeS: Time, Elapsed [seconds]
# name 5 = prdM: Pressure, Strain Gauge [db]
# name 6 = specc: Specific Conductance [uS/cm]
# name 7 = sal00: Salinity, Practical [PSU]
# name 8 = tv290C: Temperature [ITS-90, deg C]
# name 9 = depSM: Depth [salt water, m], lat = 59.00
# name 10 = potemp090C: Potential Temperature [ITS-90, deg C]
# name 11 = sigma-é00: Density [sigma-theta, kg/m^3]
# name 12 = sbeox0ML/L: Oxygen, SBE 43 [ml/l]
# name 13 = sbeox0Mg/L: Oxygen, SBE 43 [mg/l]
# name 14 = sbeox0PS: Oxygen, SBE 43 [% saturation]
# name 15 = sbox0Mm/Kg: Oxygen, SBE 43 [umol/kg]
# name 16 = sbeox0Mm/L: Oxygen, SBE 43 [umol/l]
# name 17 = sbox0dV/dT: Oxygen, SBE 43 [dov/dt]
# name 18 = oxsolML/L: Oxygen Saturation, Garcia & Gordon [ml/l]
# name 19 = oxsolMg/L: Oxygen Saturation, Garcia & Gordon [mg/l]
# name 20 = oxsolMm/Kg: Oxygen Saturation, Garcia & Gordon [umol/kg]
# name 21 = potemp090C: Potential Temperature [ITS-90, deg C]
# name 22 = n2satMg/L: Nitrogen Saturation [mg/l]
# name 23 = par: PAR/Irradiance, Biospherical/Licor
# name 24 = flECO-AFL: Fluorescence, WET Labs ECO-AFL/FL [mg/m^3]
# name 25 = turbWETntu0: Turbidity, WET Labs ECO [NTU]
# name 26 = flag: flag
# span 0 =        320,        743       
# span 1 = 256.559186, 256.560411       
# span 2 =    0.02214,    0.05152       
# span 3 =     1.3284,     3.0911       
# span 4 =     79.702,    185.469       
# span 5 =      1.010,     97.938       
# span 6 =  48690.951,  49155.385       
# span 7 =    30.9254,    31.1501       
# span 8 =     9.4060,     9.9960       
# span 9 =      1.000,     97.000       
# span 10 =     9.3973,     9.9799      
# span 11 =    23.7811,    24.0353      
# span 12 =     5.3574,     5.7118      
# span 13 =     7.6563,     8.1626      
# span 14 =     81.796,     88.006      
# span 15 =    233.646,    249.155      
# span 16 =    239.261,    255.086      
# span 17 =   -0.00759,    0.00317      
# span 18 =    6.48200,    6.56066      
# span 19 =    9.26342,    9.37584      
# span 20 =  282.76165,  286.13497      
# span 21 =     9.3978,     9.9959      
# span 22 =   14.65886,   14.81962      
# span 23 = 5.4002e-02, 3.0605e+02      
# span 24 =     0.3797,     0.7766      
# span 25 =     0.3218,     2.0009      
# span 26 = 0.0000e+00, 0.0000e+00      
# interval = meters: 1                  
# start_time = Sep 13 2018 13:23:54 [Instrument's time stamp, header]
# bad_flag = -9.990e-29
*END*
        320 256.559186    0.02214     1.3284     79.702      1.010  48694.790    30.9360     9.9960      1.000     9.9799    23.7811     5.7045     8.1523     88.006    248.846    254.763    0.00317    6.48200    9.26342  282.76165     9.9959   14.65886 2.4838e+02     0.3797     0.3501 0.0000e+00
        325 256.559201    0.02250     1.3502     81.012      2.019  48690.951    30.9254     9.9363      2.000     9.9037    23.7825     5.7061     8.1546     87.909    248.914    254.834    0.00139    6.49094    9.27620  283.15120     9.9360   14.67754 2.7727e+02     0.4339     0.3409 0.0000e+00
        329 256.559214    0.02281     1.3685     82.108      3.029  48720.657    30.9367     9.8636      3.000     9.8273    23.8031     5.7118     8.1626     87.862    249.155    255.086    0.00047    6.50080    9.29031  283.57606     9.8633   14.69782 3.0605e+02     0.4985     0.3218 0.0000e+00
        334 256.559228    0.02313     1.3879     83.275      4.038  48779.352    30.9676     9.7847      4.000     9.7601    23.8399     5.7113     8.1621     87.721    249.130    255.069   -0.00045    6.51079    9.30457  284.00141     9.7843   14.71803 2.9343e+02     0.4852     0.3587 0.0000e+00
        338 256.559240    0.02343     1.4060     84.357      5.047  48815.251    30.9867     9.7404      5.000     9.7268    23.8620     5.6758     8.1113     87.102    247.575    253.483   -0.00391    6.51633    9.31249  284.23686     9.7399   14.72922 2.4507e+02     0.5165     0.4264 0.0000e+00
        343 256.559253    0.02374     1.4246     85.478      6.057  48833.137    30.9957     9.7155      6.000     9.7055    23.8730     5.6276     8.0424     86.320    245.469    251.330   -0.00759    6.51951    9.31704  284.37276     9.7149   14.73569 1.9869e+02     0.6188     0.4979 0.0000e+00
        347 256.559265    0.02403     1.4418     86.510      7.066  48831.783    30.9913     9.6920      7.000     9.6720    23.8733     5.6106     8.0180     86.011    244.726    250.569   -0.00747    6.52309    9.32215  284.52863     9.6912   14.74315 1.6172e+02     0.6193     0.5269 0.0000e+00
        351 256.559277    0.02432     1.4592     87.553      8.076  48836.706    30.9888     9.6492      8.000     9.6259    23.8781     5.6048     8.0098     85.840    244.471    250.308   -0.00622    6.52934    9.33109  284.80014     9.6483   14.75615 1.2596e+02     0.6088     0.4963 0.0000e+00
        356 256.559290    0.02462     1.4776     88.658      9.085  48856.724    30.9964     9.6028      9.000     9.5883    23.8915     5.5925     7.9922     85.568    243.930    249.758   -0.00596    6.53571    9.34018  285.07381     9.6018   14.76921 1.0509e+02     0.6732     0.4519 0.0000e+00
        360 256.559302    0.02490     1.4940     89.643     10.094  48872.231    31.0042     9.5818     10.000     9.5753    23.9008     5.5916     7.9910     85.520    243.893    249.722   -0.00480    6.53840    9.34403  285.18878     9.5807   14.77467 8.3729e+01     0.7425     0.3663 0.0000e+00
        363 256.559312    0.02516     1.5098     90.585     11.104  48875.730    31.0050     9.5724     11.000     9.5671    23.9029     5.6000     8.0030     85.631    244.258    250.097   -0.00283    6.53973    9.34592  285.24591     9.5712   14.77740 6.9940e+01     0.7546     0.3582 0.0000e+00
        368 256.559325    0.02546     1.5273     91.641     12.114  48878.968    31.0058     9.5644     12.000     9.5591    23.9049     5.6031     8.0074     85.663    244.393    250.234   -0.00176    6.54084    9.34752  285.29424     9.5631   14.77971 5.8725e+01     0.7514     0.3512 0.0000e+00
        372 256.559336    0.02574     1.5446     92.678     13.123  48878.140    31.0034     9.5542     13.000     9.5441    23.9047     5.6030     8.0073     85.641    244.390    250.232   -0.00141    6.54242    9.34977  285.36298     9.5528   14.78301 4.8608e+01     0.7766     0.3866 0.0000e+00
        376 256.559348    0.02603     1.5616     93.697     14.132  48887.386    31.0072     9.5365     14.000     9.5292    23.9104     5.5987     8.0010     85.543    244.197    250.035   -0.00160    6.54481    9.35319  285.46569     9.5350   14.78790 4.1493e+01     0.7607     0.4063 0.0000e+00
        380 256.559361    0.02632     1.5793     94.758     15.142  48897.135    31.0125     9.5279     15.000     9.5241    23.9159     5.5926     7.9925     85.438    243.934    249.767   -0.00185    6.54584    9.35466  285.50894     9.5263   14.78995 3.5236e+01     0.7141     0.3426 0.0000e+00
        384 256.559372    0.02661     1.5964     95.782     16.152  48901.062    31.0142     9.5232     16.000     9.5177    23.9180     5.5842     7.9803     85.300    243.561    249.387   -0.00215    6.54645    9.35553  285.53495     9.5214   14.79118 3.0279e+01     0.7074     0.3407 0.0000e+00
        388 256.559385    0.02690     1.6140     96.842     17.161  48905.147    31.0153     9.5130     17.000     9.5031    23.9204     5.5755     7.9680     85.150    243.185    249.002   -0.00253    6.54786    9.35754  285.59582     9.5112   14.79409 2.5804e+01     0.7010     0.3404 0.0000e+00
        393 256.559397    0.02720     1.6320     97.918     18.170  48917.850    31.0214     9.4950     18.000     9.4859    23.9281     5.5718     7.9626     85.063    243.021    248.836   -0.00233    6.55021    9.36091  285.69626     9.4931   14.79887 2.2076e+01     0.6636     0.3516 0.0000e+00
        397 256.559410    0.02751     1.6505     99.028     19.180  48930.823    31.0285     9.4831     19.000     9.4790    23.9356     5.5620     7.9487     84.896    242.595    248.401   -0.00260    6.55163    9.36294  285.75625     9.4811   14.80171 1.9267e+01     0.6265     0.3546 0.0000e+00
        402 256.559423    0.02782     1.6690    100.140     20.189  48935.117    31.0307     9.4800     20.000     9.4773    23.9378     5.5514     7.9335     84.728    242.129    247.926   -0.00289    6.55200    9.36346  285.77147     9.4779   14.80243 1.6349e+01     0.6049     0.3490 0.0000e+00
        406 256.559436    0.02813     1.6876    101.256     21.199  48936.237    31.0309     9.4790     21.000     9.4761    23.9381     5.5453     7.9248     84.634    241.865    247.655   -0.00260    6.55213    9.36365  285.77717     9.4768   14.80270 1.4101e+01     0.5913     0.3522 0.0000e+00
        411 256.559449    0.02844     1.7063    102.375     22.209  48937.801    31.0314     9.4773     22.000     9.4740    23.9388     5.5421     7.9202     84.583    241.725    247.512   -0.00217    6.55234    9.36395  285.78624     9.4750   14.80313 1.2216e+01     0.5873     0.3651 0.0000e+00
        415 256.559463    0.02877     1.7262    103.571     23.218  48942.133    31.0337     9.4752     23.000     9.4720    23.9409     5.5415     7.9194     84.570    241.698    247.484   -0.00156    6.55256    9.36427  285.79528     9.4727   14.80356 1.0512e+01     0.5885     0.3842 0.0000e+00
        420 256.559476    0.02909     1.7455    104.728     24.228  48946.092    31.0358     9.4736     24.000     9.4704    23.9429     5.5341     7.9089     84.456    241.376    247.155   -0.00170    6.55271    9.36447  285.80106     9.4710   14.80382 9.0263e+00     0.5989     0.3764 0.0000e+00
        424 256.559487    0.02936     1.7618    105.705     25.238  48949.235    31.0375     9.4728     25.000     9.4708    23.9443     5.5270     7.8986     84.346    241.062    246.835   -0.00204    6.55274    9.36451  285.80189     9.4702   14.80386 7.8611e+00     0.5780     0.3830 0.0000e+00
        428 256.559499    0.02965     1.7789    106.733     26.247  48952.758    31.0399     9.4753     26.000     9.4742    23.9458     5.5261     7.8974     84.339    241.025    246.797   -0.00155    6.55228    9.36386  285.78150     9.4726   14.80287 6.8220e+00     0.5763     0.3987 0.0000e+00
        432 256.559512    0.02995     1.7971    107.827     27.257  48952.035    31.0394     9.4785     27.000     9.4762    23.9449     5.5221     7.8916     84.283    240.848    246.616   -0.00144    6.55185    9.36325  285.76291     9.4756   14.80198 5.8807e+00     0.5820     0.4055 0.0000e+00
        437 256.559524    0.03025     1.8151    108.904     28.266  48957.318    31.0430     9.4809     28.000     9.4813    23.9474     5.5198     7.8884     84.254    240.749    246.514   -0.00127    6.55134    9.36252  285.74004     9.4779   14.80088 5.0824e+00     0.6289     0.4206 0.0000e+00
        440 256.559535    0.03052     1.8308    109.849     29.276  48960.698    31.0459     9.4883     29.000     9.4891    23.9485     5.5203     7.8890     84.277    240.770    246.536   -0.00085    6.55015    9.36082  285.68782     9.4852   14.79837 4.3974e+00     0.6530     0.4466 0.0000e+00
        445 256.559548    0.03080     1.8480    110.877     30.285  48959.675    31.0457     9.4953     30.000     9.4940    23.9472     5.5218     7.8912     84.313    240.835    246.602   -0.00043    6.54915    9.35938  285.64441     9.4921   14.79629 3.8126e+00     0.5725     0.4019 0.0000e+00
        449 256.559560    0.03111     1.8669    112.016     31.295  48960.337    31.0462     9.4985     31.000     9.4960    23.9471     5.5188     7.8869     84.274    240.707    246.471   -0.00053    6.54865    9.35868  285.62297     9.4953   14.79527 3.2996e+00     0.5292     0.3870 0.0000e+00
        453 256.559573    0.03142     1.8852    113.110     32.305  48961.676    31.0469     9.5002     32.000     9.4971    23.9474     5.5144     7.8806     84.209    240.512    246.272   -0.00084    6.54839    9.35830  285.61128     9.4968   14.79471 2.8599e+00     0.5230     0.3861 0.0000e+00
        458 256.559585    0.03171     1.9021    114.126     33.315  48963.256    31.0477     9.5008     33.000     9.4976    23.9480     5.5143     7.8805     84.210    240.508    246.269   -0.00068    6.54827    9.35812  285.60594     9.4973   14.79445 2.4763e+00     0.5100     0.3840 0.0000e+00
        462 256.559598    0.03202     1.9210    115.261     34.323  48966.842    31.0499     9.5021     34.000     9.4990    23.9495     5.5145     7.8806     84.216    240.514    246.275   -0.00047    6.54799    9.35773  285.59323     9.4984   14.79383 2.1509e+00     0.5140     0.3855 0.0000e+00
        467 256.559611    0.03234     1.9405    116.431     35.333  48968.064    31.0505     9.5031     35.000     9.4994    23.9498     5.5097     7.8739     84.145    240.306    246.061   -0.00075    6.54782    9.35748  285.58575     9.4993   14.79347 1.8606e+00     0.5186     0.3910 0.0000e+00
        471 256.559625    0.03265     1.9591    117.546     36.343  48972.225    31.0531     9.5039     36.000     9.5007    23.9518     5.5039     7.8657     84.060    240.055    245.805   -0.00113    6.54759    9.35715  285.57514     9.5001   14.79296 1.6159e+00     0.5233     0.4111 0.0000e+00
        476 256.559637    0.03296     1.9772    118.633     37.353  48973.813    31.0539     9.5050     37.000     9.5014    23.9523     5.5051     7.8672     84.079    240.104    245.855   -0.00075    6.54739    9.35689  285.56668     9.5011   14.79255 1.4023e+00     0.5360     0.4487 0.0000e+00
        480 256.559649    0.03324     1.9944    119.661     38.362  48976.080    31.0552     9.5060     38.000     9.5023    23.9531     5.5044     7.8663     84.072    240.074    245.825   -0.00057    6.54721    9.35661  285.55806     9.5019   14.79213 1.2165e+00     0.5334     0.4151 0.0000e+00
        484 256.559662    0.03355     2.0128    120.769     39.372  48977.669    31.0560     9.5067     39.000     9.5027    23.9537     5.4969     7.8556     83.960    239.750    245.493   -0.00110    6.54706    9.35640  285.55164     9.5026   14.79182 1.0593e+00     0.5263     0.4020 0.0000e+00
        489 256.559675    0.03386     2.0313    121.881     40.381  48978.751    31.0564     9.5068     40.000     9.5022    23.9540     5.4933     7.8505     83.905    239.591    245.330   -0.00121    6.54703    9.35636  285.55032     9.5025   14.79175 9.2079e-01     0.5323     0.4066 0.0000e+00
        493 256.559686    0.03414     2.0480    122.878     41.391  48980.269    31.0569     9.5062     41.000     9.5011    23.9545     5.4953     7.8534     83.935    239.679    245.420   -0.00073    6.54710    9.35647  285.55339     9.5017   14.79190 8.0077e-01     0.5194     0.4044 0.0000e+00
        497 256.559698    0.03442     2.0651    123.904     42.401  48982.282    31.0577     9.5048     42.000     9.4994    23.9554     5.4954     7.8535     83.934    239.683    245.424   -0.00056    6.54727    9.35671  285.56049     9.5003   14.79224 6.9784e-01     0.5093     0.4018 0.0000e+00
        501 256.559710    0.03471     2.0829    124.974     43.411  48984.574    31.0587     9.5033     43.000     9.4982    23.9564     5.4933     7.8506     83.900    239.593    245.333   -0.00063    6.54744    9.35695  285.56767     9.4987   14.79258 6.0972e-01     0.5211     0.4068 0.0000e+00
        505 256.559723    0.03503     2.1017    126.103     44.420  48985.898    31.0591     9.5023     44.000     9.4970    23.9568     5.4902     7.8460     83.850    239.454    245.190   -0.00082    6.54757    9.35714  285.57326     9.4976   14.79284 5.3261e-01     0.5116     0.4099 0.0000e+00
        509 256.559735    0.03530     2.1181    127.085     45.430  48986.483    31.0589     9.5011     45.000     9.4946    23.9569     5.4926     7.8495     83.885    239.560    245.300   -0.00048    6.54776    9.35740  285.58136     9.4962   14.79323 4.6497e-01     0.5254     0.4117 0.0000e+00
        514 256.559747    0.03560     2.1361    128.165     46.439  48988.410    31.0592     9.4965     46.000     9.4889    23.9579     5.4923     7.8490     83.872    239.547    245.286   -0.00039    6.54841    9.35833  285.60930     9.4916   14.79457 4.0875e-01     0.5243     0.4026 0.0000e+00
        518 256.559761    0.03592     2.1551    129.308     47.449  48992.922    31.0612     9.4908     47.000     9.4838    23.9603     5.4836     7.8366     83.730    239.168    244.898   -0.00116    6.54914    9.35938  285.64061     9.4858   14.79606 3.5852e-01     0.5127     0.4101 0.0000e+00
        522 256.559773    0.03621     2.1728    130.368     48.459  48997.574    31.0635     9.4869     48.000     9.4801    23.9628     5.4791     7.8302     83.656    238.972    244.698   -0.00141    6.54960    9.36004  285.65994     9.4818   14.79697 3.1526e-01     0.4964     0.4253 0.0000e+00
        527 256.559786    0.03653     2.1918    131.510     49.468  49004.120    31.0673     9.4838     49.000     9.4781    23.9662     5.4830     7.8357     83.711    239.139    244.870   -0.00070    6.54989    9.36045  285.67153     9.4786   14.79751 2.7814e-01     0.4893     0.4588 0.0000e+00
        532 256.559799    0.03685     2.2108    132.650     50.478  49010.088    31.0709     9.4829     50.000     9.4769    23.9692     5.4818     7.8341     83.693    239.086    244.817   -0.00058    6.54987    9.36042  285.66977     9.4776   14.79741 2.4542e-01     0.4863     0.4554 0.0000e+00
        536 256.559813    0.03717     2.2301    133.806     51.488  49013.829    31.0728     9.4806     51.000     9.4737    23.9711     5.4766     7.8266     83.611    238.859    244.585   -0.00093    6.55013    9.36079  285.68074     9.4752   14.79793 2.1710e-01     0.4850     0.4546 0.0000e+00
        541 256.559826    0.03750     2.2500    135.000     52.497  49016.219    31.0736     9.4773     52.000     9.4707    23.9722     5.4695     7.8164     83.496    238.546    244.265   -0.00136    6.55056    9.36140  285.69910     9.4719   14.79880 1.9221e-01     0.4701     0.4891 0.0000e+00
        546 256.559840    0.03783     2.2695    136.168     53.507  49017.902    31.0741     9.4750     53.000     9.4688    23.9730     5.4648     7.8098     83.421    238.344    244.058   -0.00142    6.55088    9.36186  285.71283     9.4694   14.79946 1.7045e-01     0.4739     0.5134 0.0000e+00
