CTD-processing/allCTD/CNV/2018_09-13_t9_s06_cast021_5028.cnv
* Sea-Bird SBE19plus Data File:
* FileName = C:\Users\Kim.Powell\Desktop\Not Processed\2018\2018_09-13_T3, T4, T9_5028\2018_09-13_TRANSECT_STATION_cast021.hex
* Software Version 1.59
* Temperature SN =  5028
* Conductivity SN =  5028
* System UpLoad Time = Sep 14 2018 16:07:38
** 2018_09-13
** Station: 9-06
** Start Time: 14:57
** Depth (m): 101
** Comment:
** Comment:
# nquan = 27
# nvalues = 99                          
# units = specified
# name 0 = scan: Scan Count
# name 1 = timeJ: Julian Days
# name 2 = timeH: Time, Elapsed [hours]
# name 3 = timeM: Time, Elapsed [minutes]
# name 4 = timeS: Time, Elapsed [seconds]
# name 5 = prdM: Pressure, Strain Gauge [db]
# name 6 = specc: Specific Conductance [uS/cm]
# name 7 = sal00: Salinity, Practical [PSU]
# name 8 = tv290C: Temperature [ITS-90, deg C]
# name 9 = depSM: Depth [salt water, m], lat = 59.00
# name 10 = potemp090C: Potential Temperature [ITS-90, deg C]
# name 11 = sigma-é00: Density [sigma-theta, kg/m^3]
# name 12 = sbeox0ML/L: Oxygen, SBE 43 [ml/l]
# name 13 = sbeox0Mg/L: Oxygen, SBE 43 [mg/l]
# name 14 = sbeox0PS: Oxygen, SBE 43 [% saturation]
# name 15 = sbox0Mm/Kg: Oxygen, SBE 43 [umol/kg]
# name 16 = sbeox0Mm/L: Oxygen, SBE 43 [umol/l]
# name 17 = sbox0dV/dT: Oxygen, SBE 43 [dov/dt]
# name 18 = oxsolML/L: Oxygen Saturation, Garcia & Gordon [ml/l]
# name 19 = oxsolMg/L: Oxygen Saturation, Garcia & Gordon [mg/l]
# name 20 = oxsolMm/Kg: Oxygen Saturation, Garcia & Gordon [umol/kg]
# name 21 = potemp090C: Potential Temperature [ITS-90, deg C]
# name 22 = n2satMg/L: Nitrogen Saturation [mg/l]
# name 23 = par: PAR/Irradiance, Biospherical/Licor
# name 24 = flECO-AFL: Fluorescence, WET Labs ECO-AFL/FL [mg/m^3]
# name 25 = turbWETntu0: Turbidity, WET Labs ECO [NTU]
# name 26 = flag: flag
# span 0 =        252,        670       
# span 1 = 256.624615, 256.625824       
# span 2 =    0.01743,    0.04644       
# span 3 =     1.0457,     2.7863       
# span 4 =     62.742,    167.177       
# span 5 =      1.010,     99.958       
# span 6 =  46497.149,  49090.028       
# span 7 =    29.5511,    31.1152       
# span 8 =     9.5506,    11.4544       
# span 9 =      1.000,     99.000       
# span 10 =     9.5399,    11.4059      
# span 11 =    22.4579,    23.9939      
# span 12 =     5.3323,     5.7660      
# span 13 =     7.6204,     8.2402      
# span 14 =     81.561,     90.672      
# span 15 =    232.562,    251.841      
# span 16 =    238.141,    257.511      
# span 17 =   -0.00724,    0.08253      
# span 18 =    6.33614,    6.53824      
# span 19 =    9.05499,    9.34380      
# span 20 =  276.75711,  285.15571      
# span 21 =     9.5399,    11.4543      
# span 22 =   14.37702,   14.77266      
# span 23 = 5.8748e-02, 5.1895e+02      
# span 24 =     0.2880,     0.8618      
# span 25 =     0.4784,     4.2528      
# span 26 = 0.0000e+00, 0.0000e+00      
# interval = meters: 1                  
# start_time = Sep 13 2018 14:58:24 [Instrument's time stamp, header]
# bad_flag = -9.990e-29
*END*
[from data line 54]
        476 256.625263    0.03299     1.9791    118.746     55.526  48880.991    31.0074     9.7069     55.000     9.7007    23.8843     5.5983     8.0005     85.860    244.188    250.020   -0.00239    6.52027    9.31810  284.40212     9.7010   14.73705 6.7147e-02     0.3772     0.6789 0.0000e+00
        480 256.625276    0.03327     1.9965    119.790     56.536  48886.620    31.0109     9.7066     56.000     9.7006    23.8871     5.5833     7.9790     85.631    243.532    249.349   -0.00309    6.52016    9.31795  284.39669     9.7006   14.73677 6.6063e-02     0.3538     0.7449 0.0000e+00
        484 256.625287    0.03356     2.0135    120.809     57.546  48895.378    31.0167     9.7070     57.000     9.7015    23.8916     5.5659     7.9542     85.368    242.772    248.571   -0.00381    6.51986    9.31753  284.38258     9.7009   14.73608 6.5090e-02     0.3308     0.8279 0.0000e+00
        488 256.625299    0.03383     2.0300    121.799     58.556  48903.385    31.0222     9.7088     58.000     9.7036    23.8955     5.5476     7.9281     85.094    241.975    247.757   -0.00442    6.51938    9.31685  284.36090     9.7025   14.73502 6.4234e-02     0.3247     0.9492 0.0000e+00
        492 256.625311    0.03413     2.0474    122.842     59.565  48905.751    31.0237     9.7109     59.000     9.7047    23.8964     5.5184     7.8863     84.651    240.699    246.451   -0.00567    6.51901    9.31632  284.34432     9.7046   14.73422 6.3464e-02     0.3238     1.0596 0.0000e+00
        496 256.625322    0.03441     2.0643    123.857     60.575  48908.004    31.0248     9.7103     60.000     9.7021    23.8974     5.4858     7.8397     84.150    239.276    244.994   -0.00720    6.51906    9.31638  284.34600     9.7038   14.73430 6.2838e-02     0.3234     1.1361 0.0000e+00
        500 256.625334    0.03468     2.0812    124.873     61.585  48912.793    31.0272     9.7065     61.000     9.6970    23.8999     5.4640     7.8086     83.810    238.327    244.023   -0.00724    6.51950    9.31702  284.36463     9.6999   14.73518 6.2333e-02     0.3191     1.1890 0.0000e+00
        505 256.625346    0.03499     2.0991    125.947     62.595  48921.167    31.0317     9.6992     62.000     9.6873    23.9046     5.4484     7.7864     83.561    237.647    243.328   -0.00661    6.52036    9.31824  284.40082     9.6925   14.73689 6.1880e-02     0.3061     1.2109 0.0000e+00
        509 256.625359    0.03528     2.1166    126.994     63.604  48934.473    31.0394     9.6896     63.000     9.6803    23.9122     5.4405     7.7750     83.426    237.299    242.974   -0.00552    6.52141    9.31975  284.44450     9.6828   14.73895 6.1562e-02     0.3027     1.2812 0.0000e+00
        513 256.625371    0.03558     2.1347    128.079     64.614  48942.251    31.0440     9.6859     64.000     9.6783    23.9163     5.4335     7.7650     83.314    236.992    242.660   -0.00454    6.52176    9.32023  284.45828     9.6790   14.73959 6.1246e-02     0.2950     1.3150 0.0000e+00
        517 256.625383    0.03586     2.1520    129.122     65.624  48946.356    31.0463     9.6847     65.000     9.6764    23.9183     5.4285     7.7580     83.237    236.776    242.439   -0.00367    6.52183    9.32035  284.46121     9.6776   14.73972 6.0970e-02     0.2983     1.3007 0.0000e+00
        522 256.625395    0.03615     2.1693    130.155     66.634  48951.258    31.0488     9.6810     66.000     9.6706    23.9209     5.4248     7.7525     83.174    236.611    242.271   -0.00304    6.52225    9.32095  284.47869     9.6739   14.74055 6.0758e-02     0.3010     1.2241 0.0000e+00
        526 256.625409    0.03648     2.1889    131.332     67.643  48959.925    31.0536     9.6736     67.000     9.6639    23.9258     5.4231     7.7501     83.136    236.536    242.195   -0.00227    6.52311    9.32218  284.51504     9.6664   14.74227 6.0604e-02     0.2938     1.2205 0.0000e+00
        531 256.625422    0.03680     2.2080    132.480     68.654  48965.789    31.0565     9.6684     68.000     9.6593    23.9289     5.4143     7.7376     82.994    236.152    241.803   -0.00240    6.52374    9.32308  284.54153     9.6611   14.74352 6.0461e-02     0.2880     1.2309 0.0000e+00
        535 256.625434    0.03708     2.2251    133.506     69.663  48968.926    31.0579     9.6654     69.000     9.6568    23.9306     5.4075     7.7279     82.885    235.855    241.499   -0.00244    6.52411    9.32361  284.55716     9.6579   14.74427 6.0333e-02     0.3002     1.2830 0.0000e+00
        540 256.625447    0.03740     2.2442    134.652     70.673  48970.962    31.0587     9.6634     70.000     9.6551    23.9315     5.4028     7.7212     82.810    235.650    241.291   -0.00217    6.52436    9.32397  284.56795     9.6558   14.74478 6.0217e-02     0.3150     1.3146 0.0000e+00
        545 256.625462    0.03776     2.2652    135.911     71.682  48973.120    31.0596     9.6617     71.000     9.6531    23.9325     5.4002     7.7174     82.766    235.534    241.170   -0.00173    6.52458    9.32429  284.57730     9.6539   14.74522 6.0109e-02     0.3200     1.3104 0.0000e+00
        549 256.625473    0.03803     2.2815    136.888     72.692  48975.454    31.0606     9.6601     72.000     9.6514    23.9335     5.3986     7.7151     82.740    235.465    241.101   -0.00142    6.52476    9.32454  284.58465     9.6523   14.74557 6.0022e-02     0.3077     1.3220 0.0000e+00
        552 256.625484    0.03829     2.2975    137.850     73.702  48977.747    31.0615     9.6583     73.000     9.6489    23.9345     5.3964     7.7121     82.704    235.371    241.004   -0.00132    6.52498    9.32485  284.59391     9.6504   14.74601 5.9951e-02     0.3008     1.3269 0.0000e+00
        557 256.625498    0.03861     2.3164    138.985     74.712  48981.533    31.0632     9.6534     74.000     9.6413    23.9366     5.3921     7.7059     82.630    235.182    240.812   -0.00137    6.52562    9.32576  284.62113     9.6454   14.74730 5.9909e-02     0.3033     1.3832 0.0000e+00
        561 256.625510    0.03892     2.3351    140.107     75.722  48990.124    31.0674     9.6433     75.000     9.6310    23.9416     5.3869     7.6985     82.535    234.956    240.581   -0.00155    6.52689    9.32759  284.67545     9.6352   14.74988 5.9840e-02     0.3139     1.4631 0.0000e+00
        566 256.625523    0.03922     2.3530    141.178     76.731  48998.502    31.0719     9.6360     76.000     9.6266    23.9463     5.3803     7.6890     82.422    234.664    240.283   -0.00181    6.52774    9.32879  284.71098     9.6279   14.75157 5.9755e-02     0.3120     1.5559 0.0000e+00
        570 256.625535    0.03952     2.3711    142.266     77.741  49001.476    31.0733     9.6341     77.000     9.6253    23.9477     5.3734     7.6791     82.313    234.362    239.974   -0.00195    6.52796    9.32910  284.72012     9.6258   14.75200 5.9709e-02     0.3320     1.6050 0.0000e+00
        575 256.625549    0.03983     2.3897    143.382     78.751  49003.879    31.0745     9.6330     78.000     9.6239    23.9488     5.3630     7.6644     82.154    233.913    239.514   -0.00233    6.52807    9.32927  284.72474     9.6246   14.75221 5.9646e-02     0.3370     1.6427 0.0000e+00
        579 256.625562    0.04016     2.4094    144.566     79.761  49007.012    31.0760     9.6315     79.000     9.6224    23.9502     5.3607     7.6610     82.115    233.809    239.409   -0.00192    6.52823    9.32949  284.73130     9.6229   14.75252 5.9570e-02     0.3248     1.6507 0.0000e+00
        583 256.625574    0.04045     2.4269    145.617     80.771  49008.882    31.0768     9.6307     80.000     9.6218    23.9510     5.3625     7.6636     82.143    233.889    239.492   -0.00121    6.52831    9.32961  284.73475     9.6221   14.75268 5.9512e-02     0.3230     1.6820 0.0000e+00
        587 256.625585    0.04072     2.4433    146.599     81.781  49010.270    31.0773     9.6303     81.000     9.6213    23.9515     5.3598     7.6598     82.102    233.774    239.372   -0.00114    6.52835    9.32966  284.73617     9.6215   14.75275 5.9448e-02     0.3225     1.6978 0.0000e+00
        592 256.625599    0.04105     2.4631    147.784     82.790  49011.722    31.0778     9.6297     82.000     9.6205    23.9520     5.3555     7.6535     82.033    233.581    239.175   -0.00122    6.52841    9.32974  284.73857     9.6209   14.75286 5.9412e-02     0.3157     1.7511 0.0000e+00
        597 256.625613    0.04138     2.4826    148.956     83.800  49013.359    31.0784     9.6288     83.000     9.6189    23.9526     5.3516     7.6480     81.973    233.411    239.002   -0.00124    6.52852    9.32991  284.74345     9.6198   14.75310 5.9375e-02     0.3061     1.7671 0.0000e+00
        601 256.625624    0.04165     2.4990    149.937     84.810  49015.418    31.0792     9.6269     84.000     9.6168    23.9535     5.3477     7.6425     81.910    233.243    238.830   -0.00130    6.52875    9.33024  284.75316     9.6179   14.75356 5.9313e-02     0.3141     1.8484 0.0000e+00
        606 256.625638    0.04198     2.5189    151.131     85.820  49017.721    31.0801     9.6246     85.000     9.6140    23.9546     5.3455     7.6392     81.871    233.142    238.727   -0.00120    6.52906    9.33068  284.76619     9.6154   14.75417 5.9245e-02     0.3101     1.8729 0.0000e+00
        610 256.625652    0.04231     2.5389    152.335     86.829  49020.709    31.0813     9.6208     86.000     9.6099    23.9562     5.3481     7.6430     81.906    233.258    238.846   -0.00065    6.52954    9.33136  284.78678     9.6116   14.75515 5.9216e-02     0.3095     1.7709 0.0000e+00
        615 256.625665    0.04262     2.5570    153.421     87.840  49024.299    31.0829     9.6177     87.000     9.6072    23.9580     5.3479     7.6426     81.898    233.247    238.836   -0.00051    6.52992    9.33191  284.80292     9.6083   14.75592 5.9220e-02     0.3245     1.7556 0.0000e+00
        619 256.625678    0.04293     2.5758    154.546     88.849  49027.095    31.0840     9.6139     88.000     9.6011    23.9594     5.3487     7.6437     81.904    233.281    238.871   -0.00044    6.53041    9.33262  284.82419     9.6044   14.75693 5.9200e-02     0.3255     1.7407 0.0000e+00
        624 256.625691    0.04325     2.5949    155.696     89.859  49034.722    31.0877     9.6043     89.000     9.5886    23.9638     5.3515     7.6478     81.932    233.403    238.996   -0.00016    6.53165    9.33438  284.87674     9.5947   14.75943 5.9132e-02     0.3143     1.6980 0.0000e+00
        629 256.625705    0.04358     2.6150    156.903     90.869  49048.863    31.0953     9.5901     90.000     9.5766    23.9720     5.3491     7.6444     81.874    233.298    238.891   -0.00051    6.53337    9.33684  284.94946     9.5804   14.76288 5.9129e-02     0.3188     1.7410 0.0000e+00
        633 256.625718    0.04391     2.6343    158.058     91.879  49056.868    31.0995     9.5825     91.000     9.5702    23.9765     5.3472     7.6417     81.833    233.215    238.806   -0.00066    6.53429    9.33815  284.98822     9.5727   14.76471 5.9090e-02     0.3369     1.8843 0.0000e+00
        638 256.625731    0.04422     2.6530    159.182     92.889  49062.329    31.1022     9.5772     92.000     9.5649    23.9795     5.3465     7.6406     81.813    233.181    238.772   -0.00063    6.53494    9.33909  285.01601     9.5673   14.76603 5.9049e-02     0.3498     2.0332 0.0000e+00
        642 256.625745    0.04453     2.6722    160.330     93.899  49067.531    31.1048     9.5721     93.000     9.5602    23.9824     5.3446     7.6379     81.777    233.098    238.689   -0.00068    6.53556    9.33997  285.04213     9.5621   14.76727 5.8982e-02     0.3615     2.2781 0.0000e+00
        647 256.625758    0.04486     2.6915    161.489     94.910  49071.890    31.1067     9.5667     94.000     9.5531    23.9847     5.3422     7.6345     81.732    232.995    238.583   -0.00079    6.53627    9.34098  285.07253     9.5566   14.76872 5.8943e-02     0.3527     2.4001 0.0000e+00
        651 256.625770    0.04515     2.7086    162.519     95.919  49079.060    31.1104     9.5599     95.000     9.5476    23.9887     5.3387     7.6296     81.669    232.843    238.429   -0.00097    6.53709    9.34216  285.10723     9.5497   14.77036 5.8910e-02     0.3482     2.7713 0.0000e+00
        656 256.625783    0.04546     2.7274    163.643     96.929  49083.604    31.1127     9.5563     96.000     9.5453    23.9910     5.3334     7.6219     81.581    232.607    238.187   -0.00125    6.53751    9.34276  285.12469     9.5460   14.77119 5.8881e-02     0.3436     3.1215 0.0000e+00
        660 256.625797    0.04578     2.7473    164.835     97.939  49085.562    31.1134     9.5543     97.000     9.5425    23.9919     5.3323     7.6204     81.562    232.562    238.141   -0.00106    6.53778    9.34314  285.13614     9.5439   14.77173 5.8829e-02     0.3430     3.4054 0.0000e+00
        665 256.625810    0.04611     2.7666    165.996     98.949  49088.589    31.1148     9.5518     98.000     9.5405    23.9934     5.3347     7.6238     81.594    232.665    238.247   -0.00057    6.53808    9.34358  285.14909     9.5412   14.77235 5.8796e-02     0.3555     3.8959 0.0000e+00
        670 256.625824    0.04644     2.7863    167.177     99.958  49090.028    31.1152     9.5506     99.000     9.5399    23.9939     5.3327     7.6209     81.561    232.576    238.156   -0.00061    6.53824    9.34380  285.15571     9.5399   14.77266 5.8748e-02     0.3726     4.2528 0.0000e+00
