CTD-processing/allCTD/CNV/2018_09-17_t6_s02_cast027_5028.cnv
* Sea-Bird SBE19plus Data File:
* FileName = C:\Users\Kim.Powell\Desktop\Not Processed\2018\2018_09-17_AlongBay, T6, T7_5028\2018_09-17_TRANSECT_STATION_cast027.hex
* Software Version 1.59
* Temperature SN =  5028
* Conductivity SN =  5028
* System UpLoad Time = Sep 18 2018 16:02:41
** 2018_09-17
** Station: 6-02
** Start Time: 11:11
** Depth (m): 52
** Comment: Weak convergence to the south
** Comment:
# nquan = 27
# nvalues = 49                          
# units = specified
# name 0 = scan: Scan Count
# name 1 = timeJ: Julian Days
# name 2 = timeH: Time, Elapsed [hours]
# name 3 = timeM: Time, Elapsed [minutes]
# name 4 = timeS: Time, Elapsed [seconds]
# name 5 = prdM: Pressure, Strain Gauge [db]
# name 6 = specc: Specific Conductance [uS/cm]
# name 7 = sal00: Salinity, Practical [PSU]
# name 8 = tv290C: Temperature [ITS-90, deg C]
# name 9 = depSM: Depth [salt water, m], lat = 59.00
# name 10 = potemp090C: Potential Temperature [ITS-90, deg C]
# name 11 = sigma-é00: Density [sigma-theta, kg/m^3]
# name 12 = sbeox0ML/L: Oxygen, SBE 43 [ml/l]
# name 13 = sbeox0Mg/L: Oxygen, SBE 43 [mg/l]
# name 14 = sbeox0PS: Oxygen, SBE 43 [% saturation]
# name 15 = sbox0Mm/Kg: Oxygen, SBE 43 [umol/kg]
# name 16 = sbeox0Mm/L: Oxygen, SBE 43 [umol/l]
# name 17 = sbox0dV/dT: Oxygen, SBE 43 [dov/dt]
# name 18 = oxsolML/L: Oxygen Saturation, Garcia & Gordon [ml/l]
# name 19 = oxsolMg/L: Oxygen Saturation, Garcia & Gordon [mg/l]
# name 20 = oxsolMm/Kg: Oxygen Saturation, Garcia & Gordon [umol/kg]
# name 21 = potemp090C: Potential Temperature [ITS-90, deg C]
# name 22 = n2satMg/L: Nitrogen Saturation [mg/l]
# name 23 = par: PAR/Irradiance, Biospherical/Licor
# name 24 = flECO-AFL: Fluorescence, WET Labs ECO-AFL/FL [mg/m^3]
# name 25 = turbWETntu0: Turbidity, WET Labs ECO [NTU]
# name 26 = flag: flag
# span 0 =        381,        612       
# span 1 = 260.468055, 260.468724       
# span 2 =    0.02639,    0.04243       
# span 3 =     1.5835,     2.5457       
# span 4 =     95.010,    152.741       
# span 5 =      1.009,     49.468       
# span 6 =  45973.446,  48159.324       
# span 7 =    29.1692,    30.4932       
# span 8 =     9.6342,    11.3200       
# span 9 =      1.000,     49.000       
# span 10 =     9.4980,    11.3172      
# span 11 =    22.1847,    23.4943      
# span 12 =     5.5837,     5.8451      
# span 13 =     7.9797,     8.3532      
# span 14 =     85.218,     91.751      
# span 15 =    243.645,    255.372      
# span 16 =    249.369,    261.040      
# span 17 =   -0.01089,    0.00139      
# span 18 =    6.36981,    6.55241      
# span 19 =    9.10311,    9.36405      
# span 20 =  278.30192,  285.91315      
# span 21 =     9.6290,    11.3199      
# span 22 =   14.45255,   14.81139      
# span 23 = 4.0075e-01, 1.0213e+02      
# span 24 =     0.5089,     0.8495      
# span 25 =     0.2114,     0.2572      
# span 26 = 0.0000e+00, 0.0000e+00      
# interval = meters: 1                  
# start_time = Sep 17 2018 11:12:25 [Instrument's time stamp, header]
# bad_flag = -9.990e-29
*END*
        381 260.468055    0.02639     1.5835     95.010      1.009  45973.446    29.1692    11.3200      1.000    11.3172    22.1847     5.8380     8.3430     91.650    255.065    260.723    0.00119    6.36981    9.10311  278.30192    11.3199   14.45255 1.0213e+02     0.8281     0.2264 0.0000e+00
        387 260.468072    0.02678     1.6063     96.376      2.019  45989.911    29.1795    11.3115      2.000    11.3075    22.1942     5.8451     8.3532     91.751    255.372    261.040    0.00139    6.37057    9.10419  278.33245    11.3112   14.45398 7.6494e+01     0.8330     0.2378 0.0000e+00
        391 260.468085    0.02709     1.6254     97.522      3.028  46012.027    29.1936    11.3011      3.000    11.2932    22.2070     5.8415     8.3481     91.683    255.213    260.881    0.00044    6.37143    9.10541  278.36630    11.3007   14.45555 6.1066e+01     0.8194     0.2392 0.0000e+00
        396 260.468098    0.02741     1.6444     98.667      4.038  46047.875    29.2163    11.2804      4.000    11.2617    22.2282     5.8328     8.3357     91.519    254.828    260.493   -0.00077    6.37334    9.10814  278.44398    11.2800   14.45917 5.0786e+01     0.8428     0.2322 0.0000e+00
        400 260.468111    0.02771     1.6627     99.765      5.047  46136.383    29.2723    11.2235      5.000    11.1844    22.2816     5.8265     8.3267     91.341    254.540    260.212   -0.00175    6.37888    9.11606  278.67155    11.2229   14.46984 4.5023e+01     0.8495     0.2419 0.0000e+00
        405 260.468124    0.02804     1.6823    100.939      6.056  46256.871    29.3477    11.1364      6.000    11.1063    22.3550     5.8152     8.3106     91.037    254.031    259.709   -0.00303    6.38780    9.12880  279.04097    11.1357   14.48722 4.0509e+01     0.8159     0.2442 0.0000e+00
        410 260.468138    0.02837     1.7025    102.151      7.066  46336.651    29.3968    11.0725      7.000    11.0475    22.4041     5.8030     8.2930     90.748    253.481    259.160   -0.00394    6.39462    9.13854  279.32541    11.0716   14.50064 3.6371e+01     0.7781     0.2448 0.0000e+00
        414 260.468152    0.02871     1.7227    103.359      8.076  46403.180    29.4369    11.0129      8.000    10.9888    22.4454     5.8020     8.2916     90.639    253.428    259.116   -0.00326    6.40121    9.14797  279.60233    11.0119   14.51374 3.2363e+01     0.7585     0.2342 0.0000e+00
        419 260.468165    0.02902     1.7412    104.474      9.086  46448.788    29.4642    10.9704      9.000    10.9598    22.4738     5.7910     8.2759     90.400    252.940    258.625   -0.00369    6.40596    9.15476  279.80206    10.9694   14.52319 2.8998e+01     0.7367     0.2304 0.0000e+00
        424 260.468179    0.02935     1.7609    105.651     10.094  46467.327    29.4750    10.9536     10.000    10.9496    22.4851     5.7859     8.2687     90.295    252.719    258.401   -0.00329    6.40786    9.15747  279.88173    10.9524   14.52696 2.6042e+01     0.7252     0.2250 0.0000e+00
        428 260.468193    0.02968     1.7810    106.860     11.104  46471.943    29.4774    10.9490     11.000    10.9478    22.4878     5.7921     8.2775     90.383    252.986    258.674   -0.00162    6.40840    9.15824  279.90457    10.9477   14.52805 2.3554e+01     0.7199     0.2228 0.0000e+00
        433 260.468207    0.03002     1.8009    108.055     12.113  46470.529    29.4760    10.9492     12.000    10.9467    22.4867     5.7879     8.2715     90.318    252.804    258.489   -0.00143    6.40843    9.15829  279.90621    10.9478   14.52813 2.1090e+01     0.7276     0.2348 0.0000e+00
        438 260.468220    0.03033     1.8196    109.174     13.124  46472.368    29.4766    10.9464     13.000    10.9428    22.4876     5.7863     8.2692     90.287    252.733    258.416   -0.00135    6.40878    9.15879  279.92127    10.9449   14.52885 1.8805e+01     0.7191     0.2437 0.0000e+00
        443 260.468234    0.03066     1.8396    110.377     14.133  46479.538    29.4804    10.9383     14.000    10.9315    22.4920     5.7922     8.2777     90.366    252.990    258.680   -0.00042    6.40975    9.16018  279.96265    10.9367   14.53082 1.6815e+01     0.7157     0.2329 0.0000e+00
        447 260.468248    0.03100     1.8599    111.592     15.142  46493.799    29.4887    10.9251     15.000    10.9161    22.5006     5.7880     8.2716     90.278    252.802    258.490   -0.00083    6.41124    9.16230  280.02519    10.9234   14.53378 1.4998e+01     0.7327     0.2332 0.0000e+00
        452 260.468262    0.03134     1.8805    112.828     16.152  46522.896    29.5062    10.9024     16.000    10.8850    22.5182     5.7802     8.2604     90.122    252.458    258.142   -0.00156    6.41367    9.16579  280.12682    10.9006   14.53857 1.3368e+01     0.7137     0.2507 0.0000e+00
        457 260.468275    0.03166     1.8996    113.974     17.161  46580.780    29.5420    10.8600     17.000    10.8378    22.5531     5.7717     8.2484     89.929    252.080    257.765   -0.00228    6.41810    9.17211  280.31048    10.8580   14.54722 1.1939e+01     0.6946     0.2572 0.0000e+00
        461 260.468288    0.03197     1.9185    115.107     18.170  46636.061    29.5760    10.8186     18.000    10.7998    22.5865     5.7616     8.2340     89.711    251.634    257.317   -0.00295    6.42246    9.17834  280.49173    10.8166   14.55576 1.0683e+01     0.6885     0.2339 0.0000e+00
        466 260.468302    0.03229     1.9374    116.246     19.180  46700.829    29.6162    10.7737     19.000    10.7486    22.6254     5.7522     8.2205     89.499    251.208    256.892   -0.00336    6.42707    9.18492  280.68218    10.7715   14.56471 9.6006e+00     0.6744     0.2288 0.0000e+00
        471 260.468316    0.03263     1.9579    117.476     20.190  46766.856    29.6571    10.7269     20.000    10.7161    22.6650     5.7488     8.2156     89.379    251.050    256.741   -0.00304    6.43191    9.19185  280.88288    10.7247   14.57415 8.6066e+00     0.6420     0.2236 0.0000e+00
        476 260.468330    0.03297     1.9783    118.696     21.199  46786.345    29.6689    10.7130     21.000    10.7086    22.6766     5.7508     8.2184     89.390    251.135    256.830   -0.00200    6.43337    9.19394  280.94365    10.7106   14.57701 7.7032e+00     0.6586     0.2465 0.0000e+00
        481 260.468344    0.03330     1.9984    119.901     22.209  46791.879    29.6720    10.7094     22.000    10.7058    22.6796     5.7529     8.2215     89.417    251.224    256.923   -0.00117    6.43375    9.19447  280.95908    10.7069   14.57774 6.8635e+00     0.6576     0.2468 0.0000e+00
        485 260.468357    0.03362     2.0171    121.027     23.218  46800.078    29.6769    10.7058     23.000    10.7004    22.6840     5.7526     8.2211     89.409    251.213    256.911   -0.00087    6.43404    9.19489  280.97069    10.7032   14.57827 6.1282e+00     0.6789     0.2297 0.0000e+00
        490 260.468371    0.03396     2.0377    122.264     24.228  46811.251    29.6836    10.6991     24.000    10.6941    22.6904     5.7497     8.2169     89.354    251.083    256.780   -0.00097    6.43471    9.19584  280.99799    10.6964   14.57955 5.4928e+00     0.6616     0.2250 0.0000e+00
        495 260.468385    0.03430     2.0579    123.476     25.238  46818.917    29.6880    10.6935     25.000    10.6883    22.6948     5.7484     8.2150     89.326    251.027    256.724   -0.00087    6.43530    9.19669  281.02279    10.6907   14.58072 4.9259e+00     0.6530     0.2169 0.0000e+00
        499 260.468398    0.03461     2.0767    124.600     26.247  46825.060    29.6914    10.6883     26.000    10.6832    22.6983     5.7461     8.2116     89.281    250.923    256.617   -0.00090    6.43588    9.19752  281.04723    10.6854   14.58188 4.3789e+00     0.6518     0.2262 0.0000e+00
        504 260.468411    0.03492     2.0952    125.711     27.257  46829.372    29.6937    10.6853     27.000    10.6837    22.7005     5.7462     8.2119     89.279    250.928    256.625   -0.00077    6.43622    9.19799  281.06100    10.6823   14.58253 3.9202e+00     0.6516     0.2360 0.0000e+00
        509 260.468426    0.03527     2.1161    126.964     28.266  46824.739    29.6905    10.6896     28.000    10.6854    22.6974     5.7499     8.2172     89.343    251.091    256.790   -0.00013    6.43575    9.19733  281.04165    10.6864   14.58161 3.5267e+00     0.6430     0.2276 0.0000e+00
        514 260.468440    0.03562     2.1372    128.234     29.276  46835.719    29.6966    10.6785     29.000    10.6643    22.7040     5.7459     8.2114     89.262    250.913    256.610   -0.00058    6.43704    9.19918  281.09629    10.6753   14.58421 3.1585e+00     0.6291     0.2114 0.0000e+00
        519 260.468454    0.03596     2.1576    129.453     30.285  46863.610    29.7132    10.6551     30.000    10.6462    22.7208     5.7385     8.2009     89.112    250.588    256.282   -0.00137    6.43964    9.20289  281.20510    10.6517   14.58934 2.8360e+00     0.6238     0.2237 0.0000e+00
        523 260.468468    0.03628     2.1770    130.620     31.295  46876.776    29.7208    10.6442     31.000    10.6373    22.7286     5.7344     8.1950     89.032    250.407    256.099   -0.00151    6.44085    9.20461  281.25567    10.6407   14.59173 2.5451e+00     0.6102     0.2279 0.0000e+00
        528 260.468481    0.03660     2.1960    131.761     32.304  46885.325    29.7256    10.6371     32.000    10.6306    22.7336     5.7329     8.1929     88.998    250.341    256.032   -0.00129    6.44164    9.20574  281.28886    10.6335   14.59331 2.2900e+00     0.6156     0.2250 0.0000e+00
        533 260.468495    0.03694     2.2162    132.975     33.314  46893.561    29.7302    10.6296     33.000    10.6230    22.7384     5.7337     8.1940     88.998    250.374    256.067   -0.00091    6.44250    9.20697  281.32509    10.6259   14.59502 2.0602e+00     0.6260     0.2285 0.0000e+00
        538 260.468510    0.03728     2.2369    134.214     34.324  46900.427    29.7340    10.6243     34.000    10.6193    22.7423     5.7306     8.1896     88.941    250.237    255.928   -0.00096    6.44309    9.20782  281.35005    10.6204   14.59620 1.8497e+00     0.6325     0.2284 0.0000e+00
        543 260.468523    0.03761     2.2564    135.383     35.333  46903.194    29.7354    10.6223     35.000    10.6176    22.7437     5.7270     8.1845     88.883    250.080    255.768   -0.00110    6.44332    9.20814  281.35935    10.6183   14.59664 1.6590e+00     0.6369     0.2364 0.0000e+00
        548 260.468538    0.03796     2.2771    136.628     36.343  46909.982    29.7391    10.6165     36.000    10.6021    22.7475     5.7291     8.1875     88.907    250.172    255.863   -0.00063    6.44398    9.20908  281.38702    10.6124   14.59795 1.4895e+00     0.6219     0.2345 0.0000e+00
        552 260.468551    0.03829     2.2977    137.860     37.353  46951.971    29.7643    10.5821     37.000    10.5630    22.7728     5.7263     8.1834     88.811    250.042    255.736   -0.00098    6.44774    9.21447  281.54465    10.5780   14.60539 1.3405e+00     0.5988     0.2270 0.0000e+00
        557 260.468566    0.03863     2.3180    139.079     38.362  46988.750    29.7864    10.5524     38.000    10.5397    22.7950     5.7161     8.1688     88.607    249.591    255.281   -0.00197    6.45101    9.21914  281.68124    10.5481   14.61184 1.2080e+00     0.6008     0.2264 0.0000e+00
        562 260.468579    0.03897     2.3381    140.288     39.372  47011.110    29.7998    10.5351     39.000    10.5255    22.8083     5.7098     8.1598     88.484    249.311    254.998   -0.00210    6.45289    9.22182  281.75947    10.5307   14.61553 1.0895e+00     0.6066     0.2278 0.0000e+00
        567 260.468593    0.03929     2.3575    141.449     40.381  47029.107    29.8106    10.5225     40.000    10.5111    22.8188     5.7085     8.1580     88.447    249.254    254.942   -0.00175    6.45420    9.22370  281.81400    10.5181   14.61809 9.8412e-01     0.6127     0.2152 0.0000e+00
        572 260.468608    0.03965     2.3789    142.732     41.391  47071.444    29.8367    10.4942     41.000    10.4629    22.8438     5.7071     8.1561     88.386    249.189    254.882   -0.00146    6.45711    9.22786  281.93414    10.4896   14.62374 8.8676e-01     0.6007     0.2232 0.0000e+00
        577 260.468622    0.03999     2.3992    143.954     42.401  47178.563    29.9030    10.4195     42.000    10.3865    22.9078     5.6922     8.1347     88.048    248.520    254.214   -0.00296    6.46489    9.23897  282.25595    10.4148   14.63886 7.9989e-01     0.5807     0.2266 0.0000e+00
        582 260.468637    0.04034     2.4204    145.222     43.410  47255.080    29.9498    10.3624     43.000    10.3484    22.9536     5.6751     8.1103     87.701    247.764    253.452   -0.00415    6.47101    9.24773  282.51086    10.3576   14.65087 7.2067e-01     0.5694     0.2225 0.0000e+00
        587 260.468651    0.04067     2.4405    146.431     44.420  47270.795    29.9590    10.3499     44.000    10.3401    22.9628     5.6706     8.1038     87.612    247.563    253.247   -0.00338    6.47240    9.24970  282.56864    10.3449   14.65360 6.5038e-01     0.5775     0.2290 0.0000e+00
        591 260.468664    0.04100     2.4603    147.615     45.429  47294.929    29.9729    10.3267     45.000    10.2964    22.9775     5.6693     8.1019     87.555    247.503    253.190   -0.00256    6.47509    9.25355  282.68220    10.3217   14.65897 5.8731e-01     0.5783     0.2289 0.0000e+00
        597 260.468679    0.04136     2.4816    148.895     46.439  47374.312    30.0208    10.2633     46.000    10.2374    23.0252     5.6593     8.0877     87.308    247.057    252.746   -0.00310    6.48208    9.26354  282.97411    10.2582   14.67275 5.3265e-01     0.5700     0.2288 0.0000e+00
        602 260.468695    0.04173     2.5035    150.210     47.449  47450.142    30.0664    10.2023     47.000    10.1492    23.0706     5.6423     8.0635     86.955    246.304    251.986   -0.00412    6.48884    9.27320  283.25664    10.1971   14.68608 4.8296e-01     0.5674     0.2360 0.0000e+00
        607 260.468708    0.04206     2.5236    151.414     48.459  47664.736    30.1954    10.0271     48.000     9.8874    23.1994     5.6283     8.0435     86.479    245.661    251.360   -0.00543    6.50847    9.30125  284.07750    10.0218   14.72482 4.3979e-01     0.5488     0.2418 0.0000e+00
        612 260.468724    0.04243     2.5457    152.741     49.468  48159.324    30.4932     9.6342     49.000     9.4980    23.4943     5.5837     7.9797     85.218    243.645    249.369   -0.01089    6.55241    9.36405  285.91315     9.6290   14.81139 4.0075e-01     0.5089     0.2392 0.0000e+00
