CTD-processing/allCTD/CNV/2018_07-18_t7_s21_cast150_5028.cnv
* Sea-Bird SBE19plus Data File:
* FileName = C:\Users\Kim.Powell\Desktop\Not Processed\2018\2018_07-18_AlongBay,T6,T7_5028\2018_07-18_TRANSECT_STATION_cast150.hex
* Software Version 1.59
* Temperature SN =  5028
* Conductivity SN =  5028
* System UpLoad Time = Jul 19 2018 13:14:09
** 2018_07-18
** Station: 7-21
** Start Time: 12:36
** Depth (m): 72
** Comment:
** Comment:
# nquan = 27
# nvalues = 66                          
# units = specified
# name 0 = scan: Scan Count
# name 1 = timeJ: Julian Days
# name 2 = timeH: Time, Elapsed [hours]
# name 3 = timeM: Time, Elapsed [minutes]
# name 4 = timeS: Time, Elapsed [seconds]
# name 5 = prdM: Pressure, Strain Gauge [db]
# name 6 = specc: Specific Conductance [uS/cm]
# name 7 = sal00: Salinity, Practical [PSU]
# name 8 = tv290C: Temperature [ITS-90, deg C]
# name 9 = depSM: Depth [salt water, m], lat = 59.00
# name 10 = potemp090C: Potential Temperature [ITS-90, deg C]
# name 11 = sigma-é00: Density [sigma-theta, kg/m^3]
# name 12 = sbeox0ML/L: Oxygen, SBE 43 [ml/l]
# name 13 = sbeox0Mg/L: Oxygen, SBE 43 [mg/l]
# name 14 = sbeox0PS: Oxygen, SBE 43 [% saturation]
# name 15 = sbox0Mm/Kg: Oxygen, SBE 43 [umol/kg]
# name 16 = sbeox0Mm/L: Oxygen, SBE 43 [umol/l]
# name 17 = sbox0dV/dT: Oxygen, SBE 43 [dov/dt]
# name 18 = oxsolML/L: Oxygen Saturation, Garcia & Gordon [ml/l]
# name 19 = oxsolMg/L: Oxygen Saturation, Garcia & Gordon [mg/l]
# name 20 = oxsolMm/Kg: Oxygen Saturation, Garcia & Gordon [umol/kg]
# name 21 = potemp090C: Potential Temperature [ITS-90, deg C]
# name 22 = n2satMg/L: Nitrogen Saturation [mg/l]
# name 23 = par: PAR/Irradiance, Biospherical/Licor
# name 24 = flECO-AFL: Fluorescence, WET Labs ECO-AFL/FL [mg/m^3]
# name 25 = turbWETntu0: Turbidity, WET Labs ECO [NTU]
# name 26 = flag: flag
# span 0 =        218,        570       
# span 1 = 199.526078, 199.527097       
# span 2 =    0.01504,    0.03950       
# span 3 =     0.9024,     2.3699       
# span 4 =     54.145,    142.192       
# span 5 =      1.010,     66.634       
# span 6 =  48934.489,  50024.828       
# span 7 =    30.9836,    31.6388       
# span 8 =     8.5123,     8.7778       
# span 9 =      1.000,     66.000       
# span 10 =     8.5059,     8.6813      
# span 11 =    24.0105,    24.5617      
# span 12 =     5.1756,     5.9872      
# span 13 =     7.3965,     8.5563      
# span 14 =     77.728,     89.787      
# span 15 =    225.741,    260.978      
# span 16 =    231.143,    267.387      
# span 17 =   -0.00066,    0.04418      
# span 18 =    6.65467,    6.66847      
# span 19 =    9.51019,    9.52991      
# span 20 =  290.08248,  290.67433      
# span 21 =     8.5059,     8.7777      
# span 22 =   15.00609,   15.03429      
# span 23 = 8.9867e-02, 6.5936e+02      
# span 24 =     0.2695,     0.9969      
# span 25 =     0.3012,     0.8602      
# span 26 = 0.0000e+00, 0.0000e+00      
# interval = meters: 1                  
# start_time = Jul 18 2018 12:36:39 [Instrument's time stamp, header]
# bad_flag = -9.990e-29
*END*
        218 199.526078    0.01504     0.9024     54.145      1.010  48934.489    30.9836     8.7778      1.000     8.6813    24.0105     5.1756     7.3965     77.728    225.741    231.143   -0.00037    6.65847    9.51562  290.41670     8.7777   15.02474 6.5936e+02     0.9969     0.8602 0.0000e+00
        272 199.526236    0.01883     1.1299     67.795      2.019  49930.951    31.6168     8.6112      2.000     8.5979    24.5289     5.5016     7.8624     82.672    239.821    245.704    0.02628    6.65467    9.51019  290.08248     8.6109   15.00609 6.0330e+02     0.2695     0.3012 0.0000e+00
        277 199.526251    0.01918     1.1508     69.046      3.028  49959.014    31.6324     8.5903      3.000     8.5843    24.5442     5.7754     8.2537     86.756    251.752    257.931    0.04418    6.65708    9.51363  290.18298     8.5900   15.01083 4.9279e+02     0.4327     0.3553 0.0000e+00
        282 199.526264    0.01949     1.1695     70.169      4.038  49965.270    31.6347     8.5789      4.000     8.5757    24.5477     5.8526     8.3640     87.894    255.116    261.379    0.03781    6.65869    9.51594  290.25217     8.5785   15.01412 3.8578e+02     0.4937     0.3654 0.0000e+00
        286 199.526275    0.01978     1.1866     71.197      5.047  49969.735    31.6367     8.5747      5.000     8.5737    24.5500     5.8392     8.3448     87.687    254.531    260.780    0.02535    6.65923    9.51669  290.27456     8.5742   15.01518 3.1306e+02     0.4855     0.3637 0.0000e+00
        290 199.526288    0.02008     1.2047     72.280      6.056  49969.212    31.6358     8.5737      6.000     8.5719    24.5493     5.8279     8.3286     87.513    254.036    260.273    0.01654    6.65941    9.51696  290.28299     8.5731   15.01559 2.7666e+02     0.5378     0.3487 0.0000e+00
        295 199.526301    0.02039     1.2235     73.411      7.066  49970.337    31.6356     8.5706      7.000     8.5691    24.5497     5.8262     8.3263     87.482    253.964    260.199    0.01090    6.65988    9.51764  290.30350     8.5699   15.01657 2.3635e+02     0.5717     0.3502 0.0000e+00
        299 199.526313    0.02066     1.2397     74.385      8.076  49969.345    31.6342     8.5689      8.000     8.5649    24.5489     5.8345     8.3381     87.603    254.327    260.570    0.00845    6.66021    9.51810  290.31788     8.5681   15.01727 1.9043e+02     0.6021     0.3452 0.0000e+00
        303 199.526325    0.02096     1.2580     75.481      9.085  49968.483    31.6317     8.5586      9.000     8.5513    24.5484     5.8448     8.3528     87.735    254.775    261.029    0.00661    6.66185    9.52046  290.38986     8.5577   15.02071 1.6546e+02     0.6345     0.3424 0.0000e+00
        307 199.526338    0.02128     1.2767     76.601     10.095  49976.195    31.6348     8.5462     10.000     8.5419    24.5527     5.8517     8.3627     87.816    255.073    261.336    0.00489    6.66358    9.52292  290.46358     8.5451   15.02422 1.3720e+02     0.6693     0.3614 0.0000e+00
        312 199.526351    0.02161     1.2963     77.778     11.104  49981.086    31.6369     8.5404     11.000     8.5386    24.5552     5.8611     8.3762     87.948    255.487    261.760    0.00398    6.66434    9.52402  290.49655     8.5393   15.02579 1.1931e+02     0.7391     0.3832 0.0000e+00
        317 199.526365    0.02193     1.3157     78.943     12.114  49983.788    31.6384     8.5407     12.000     8.5403    24.5564     5.8710     8.3901     88.096    255.910    262.195    0.00346    6.66423    9.52385  290.49125     8.5395   15.02553 1.0442e+02     0.7825     0.3731 0.0000e+00
        321 199.526377    0.02223     1.3339     80.034     13.123  49982.311    31.6370     8.5418     13.000     8.5402    24.5552     5.8843     8.4092     88.298    256.494    262.792    0.00349    6.66413    9.52371  290.48708     8.5405   15.02534 8.6839e+01     0.8181     0.3658 0.0000e+00
        325 199.526390    0.02251     1.3508     81.051     14.133  49982.748    31.6368     8.5412     14.000     8.5396    24.5551     5.8941     8.4233     88.444    256.922    263.231    0.00335    6.66424    9.52386  290.49191     8.5397   15.02557 7.5177e+01     0.8274     0.3650 0.0000e+00
        330 199.526403    0.02285     1.3709     82.254     15.142  49982.091    31.6360     8.5413     15.000     8.5384    24.5544     5.8997     8.4312     88.527    257.164    263.479    0.00263    6.66425    9.52388  290.49265     8.5398   15.02561 6.4758e+01     0.8441     0.3575 0.0000e+00
        335 199.526417    0.02318     1.3908     83.451     16.152  49976.879    31.6308     8.5344     16.000     8.5261    24.5514     5.9056     8.4396     88.599    257.422    263.742    0.00214    6.66551    9.52568  290.54830     8.5328   15.02829 5.6000e+01     0.8673     0.3700 0.0000e+00
        339 199.526429    0.02345     1.4074     84.441     17.161  49985.292    31.6345     8.5225     17.000     8.5176    24.5561     5.9072     8.4420     88.601    257.492    263.815    0.00147    6.66714    9.52801  290.61812     8.5207   15.03161 4.7129e+01     0.8757     0.4030 0.0000e+00
        343 199.526441    0.02374     1.4243     85.460     18.171  49989.910    31.6366     8.5181     18.000     8.5150    24.5584     5.9085     8.4438     88.614    257.549    263.873    0.00104    6.66770    9.52881  290.64191     8.5162   15.03274 4.1010e+01     0.8858     0.3816 0.0000e+00
        348 199.526454    0.02407     1.4440     86.640     19.180  49992.310    31.6374     8.5157     19.000     8.5135    24.5595     5.9144     8.4523     88.698    257.805    264.136    0.00107    6.66802    9.52927  290.65548     8.5138   15.03338 3.5571e+01     0.8933     0.3752 0.0000e+00
        352 199.526467    0.02439     1.4631     87.784     20.190  49993.855    31.6381     8.5157     20.000     8.5141    24.5600     5.9230     8.4646     88.828    258.183    264.524    0.00145    6.66799    9.52922  290.65396     8.5137   15.03331 3.0372e+01     0.9075     0.4002 0.0000e+00
        357 199.526480    0.02469     1.4813     88.880     21.199  49994.010    31.6379     8.5166     21.000     8.5148    24.5597     5.9269     8.4701     88.887    258.349    264.695    0.00128    6.66786    9.52905  290.64861     8.5145   15.03305 2.5962e+01     0.9034     0.4114 0.0000e+00
        361 199.526494    0.02502     1.5009     90.057     22.209  49994.111    31.6376     8.5173     22.000     8.5153    24.5594     5.9293     8.4736     88.925    258.457    264.804    0.00104    6.66776    9.52890  290.64418     8.5152   15.03284 2.2552e+01     0.9044     0.4020 0.0000e+00
        366 199.526508    0.02535     1.5210     91.263     23.218  49994.219    31.6372     8.5169     23.000     8.5143    24.5591     5.9296     8.4741     88.929    258.471    264.818    0.00066    6.66784    9.52900  290.64754     8.5147   15.03301 1.9326e+01     0.8926     0.3892 0.0000e+00
        372 199.526524    0.02574     1.5446     92.675     24.228  49996.433    31.6384     8.5175     24.000     8.5163    24.5600     5.9336     8.4796     88.989    258.640    264.992    0.00065    6.66770    9.52881  290.64132     8.5151   15.03270 1.6199e+01     0.8767     0.4020 0.0000e+00
        377 199.526538    0.02608     1.5648     93.886     25.238  49995.554    31.6378     8.5204     25.000     8.5187    24.5591     5.9401     8.4890     89.093    258.926    265.285    0.00096    6.66730    9.52824  290.62434     8.5179   15.03189 1.4193e+01     0.8796     0.4028 0.0000e+00
        382 199.526554    0.02646     1.5873     95.237     26.247  49994.581    31.6369     8.5224     26.000     8.5199    24.5582     5.9440     8.4946     89.155    259.097    265.460    0.00089    6.66703    9.52786  290.61285     8.5198   15.03135 1.2079e+01     0.8599     0.3886 0.0000e+00
        387 199.526568    0.02681     1.6086     96.516     27.257  49994.640    31.6365     8.5219     27.000     8.5188    24.5579     5.9525     8.5068     89.282    259.468    265.839    0.00122    6.66713    9.52799  290.61697     8.5193   15.03155 1.0508e+01     0.8429     0.3791 0.0000e+00
        392 199.526583    0.02714     1.6288     97.727     28.266  49995.891    31.6368     8.5214     28.000     8.5186    24.5583     5.9580     8.5145     89.362    259.705    266.082    0.00125    6.66719    9.52808  290.61954     8.5186   15.03167 9.1736e+00     0.8516     0.3963 0.0000e+00
        397 199.526596    0.02747     1.6483     98.901     29.276  49996.362    31.6367     8.5215     29.000     8.5185    24.5582     5.9559     8.5115     89.331    259.613    265.989    0.00061    6.66719    9.52807  290.61934     8.5186   15.03166 8.0083e+00     0.8752     0.4030 0.0000e+00
        401 199.526610    0.02781     1.6685    100.110     30.286  49996.523    31.6363     8.5210     30.000     8.5173    24.5580     5.9568     8.5129     89.344    259.654    266.030    0.00038    6.66727    9.52820  290.62324     8.5181   15.03185 6.9604e+00     0.8626     0.4146 0.0000e+00
        406 199.526622    0.02811     1.6867    101.199     31.295  49997.757    31.6364     8.5193     31.000     8.5154    24.5583     5.9568     8.5129     89.341    259.656    266.033    0.00023    6.66753    9.52857  290.63438     8.5162   15.03238 6.0923e+00     0.8349     0.4002 0.0000e+00
        411 199.526637    0.02844     1.7067    102.400     32.304  49999.494    31.6370     8.5177     32.000     8.5141    24.5590     5.9544     8.5096     89.302    259.552    265.926   -0.00017    6.66775    9.52887  290.64356     8.5145   15.03282 5.2957e+00     0.8384     0.3786 0.0000e+00
        415 199.526650    0.02876     1.7257    103.539     33.314  50000.614    31.6373     8.5171     33.000     8.5137    24.5593     5.9595     8.5168     89.378    259.773    266.153    0.00020    6.66781    9.52897  290.64648     8.5138   15.03295 4.5943e+00     0.8186     0.3846 0.0000e+00
        419 199.526662    0.02906     1.7434    104.606     34.323  50001.618    31.6375     8.5171     34.000     8.5138    24.5595     5.9667     8.5269     89.484    260.082    266.470    0.00072    6.66782    9.52898  290.64657     8.5136   15.03296 3.9880e+00     0.7988     0.3858 0.0000e+00
        425 199.526678    0.02944     1.7664    105.984     35.333  50002.023    31.6374     8.5178     35.000     8.5145    24.5594     5.9721     8.5347     89.568    260.321    266.714    0.00087    6.66771    9.52883  290.64204     8.5142   15.03274 3.4795e+00     0.7961     0.3942 0.0000e+00
        430 199.526693    0.02978     1.7871    107.228     36.343  50002.365    31.6373     8.5183     36.000     8.5149    24.5592     5.9739     8.5372     89.595    260.398    266.793    0.00067    6.66764    9.52873  290.63899     8.5147   15.03260 2.9995e+00     0.7826     0.3791 0.0000e+00
        435 199.526707    0.03014     1.8082    108.489     37.353  50002.554    31.6371     8.5188     37.000     8.5151    24.5589     5.9750     8.5389     89.613    260.448    266.845    0.00049    6.66758    9.52863  290.63625     8.5151   15.03247 2.6090e+00     0.8063     0.3538 0.0000e+00
        440 199.526722    0.03050     1.8301    109.809     38.362  50003.657    31.6375     8.5193     38.000     8.5159    24.5592     5.9725     8.5353     89.577    260.340    266.734    0.00005    6.66749    9.52851  290.63230     8.5155   15.03228 2.2637e+00     0.8235     0.3417 0.0000e+00
        445 199.526736    0.03084     1.8504    111.023     39.372  50003.473    31.6371     8.5201     39.000     8.5161    24.5587     5.9739     8.5374     89.599    260.401    266.796    0.00005    6.66737    9.52834  290.62753     8.5162   15.03205 1.9658e+00     0.8116     0.3611 0.0000e+00
        450 199.526751    0.03119     1.8712    112.271     40.382  50003.491    31.6365     8.5193     40.000     8.5144    24.5585     5.9757     8.5398     89.624    260.478    266.875    0.00015    6.66752    9.52854  290.63377     8.5153   15.03235 1.7079e+00     0.8346     0.3741 0.0000e+00
        455 199.526764    0.03150     1.8899    113.395     41.391  50004.773    31.6366     8.5169     41.000     8.5116    24.5589     5.9745     8.5382     89.602    260.427    266.823   -0.00010    6.66788    9.52907  290.64952     8.5128   15.03311 1.4899e+00     0.8226     0.3703 0.0000e+00
        460 199.526778    0.03185     1.9106    114.638     42.401  50007.616    31.6378     8.5146     42.000     8.5102    24.5602     5.9748     8.5386     89.601    260.436    266.832   -0.00014    6.66817    9.52948  290.66179     8.5104   15.03368 1.2973e+00     0.7949     0.3671 0.0000e+00
        464 199.526790    0.03213     1.9279    115.675     43.410  50008.498    31.6379     8.5144     43.000     8.5100    24.5603     5.9749     8.5387     89.603    260.442    266.839   -0.00016    6.66819    9.52951  290.66266     8.5101   15.03373 1.1292e+00     0.7938     0.3702 0.0000e+00
        468 199.526803    0.03243     1.9460    116.758     44.420  50009.204    31.6380     8.5144     44.000     8.5100    24.5604     5.9761     8.5404     89.620    260.493    266.890   -0.00007    6.66819    9.52951  290.66250     8.5100   15.03372 9.8953e-01     0.7905     0.3970 0.0000e+00
        472 199.526815    0.03274     1.9643    117.858     45.430  50009.734    31.6379     8.5146     45.000     8.5101    24.5604     5.9719     8.5345     89.559    260.313    266.707   -0.00042    6.66817    9.52948  290.66175     8.5100   15.03369 8.6084e-01     0.7967     0.3905 0.0000e+00
        477 199.526829    0.03306     1.9833    119.000     46.440  50010.178    31.6378     8.5149     46.000     8.5102    24.5602     5.9719     8.5345     89.559    260.312    266.706   -0.00046    6.66814    9.52944  290.66026     8.5102   15.03361 7.5148e-01     0.7842     0.3779 0.0000e+00
        482 199.526842    0.03337     2.0023    120.136     47.449  50011.016    31.6380     8.5150     47.000     8.5106    24.5604     5.9786     8.5440     89.660    260.603    267.004    0.00024    6.66810    9.52938  290.65880     8.5103   15.03354 6.5533e-01     0.7878     0.3816 0.0000e+00
        486 199.526855    0.03368     2.0210    121.258     48.458  50011.096    31.6377     8.5155     48.000     8.5108    24.5601     5.9826     8.5498     89.721    260.779    267.184    0.00045    6.66803    9.52928  290.65561     8.5108   15.03339 5.7402e-01     0.7856     0.3759 0.0000e+00
        491 199.526868    0.03401     2.0408    122.446     49.468  50011.553    31.6375     8.5153     49.000     8.5101    24.5600     5.9831     8.5505     89.728    260.801    267.207    0.00033    6.66807    9.52934  290.65750     8.5105   15.03348 5.0220e-01     0.7775     0.3732 0.0000e+00
        495 199.526881    0.03430     2.0578    123.469     50.478  50012.706    31.6378     8.5147     50.000     8.5095    24.5603     5.9827     8.5499     89.720    260.782    267.187    0.00008    6.66816    9.52946  290.66115     8.5097   15.03366 4.4202e-01     0.7919     0.3687 0.0000e+00
        500 199.526894    0.03462     2.0771    124.626     51.488  50013.641    31.6380     8.5145     51.000     8.5094    24.5605     5.9844     8.5524     89.746    260.858    267.265    0.00017    6.66818    9.52949  290.66201     8.5094   15.03370 3.9018e-01     0.7950     0.3729 0.0000e+00
        504 199.526907    0.03493     2.0961    125.764     52.497  50014.191    31.6379     8.5145     52.000     8.5094    24.5605     5.9803     8.5464     89.684    260.677    267.079   -0.00029    6.66817    9.52948  290.66166     8.5094   15.03368 3.4410e-01     0.7970     0.3634 0.0000e+00
        508 199.526920    0.03524     2.1143    126.856     53.507  50014.794    31.6379     8.5146     53.000     8.5094    24.5604     5.9806     8.5468     89.689    260.691    267.093   -0.00030    6.66815    9.52946  290.66097     8.5094   15.03365 3.0417e-01     0.7819     0.3586 0.0000e+00
