CTD-processing/allCTD/CNV/2018-03-27-cookinlet-tran9-cast029_5028.cnv
* Sea-Bird SBE19plus Data File:
* FileName = P:\My Documents\kasitsna\Research-KBL\Oceanography-AK\CTD-Data-ALL-to-2017-02\2018-CTD-KachemakBay-CookInlet\2018-03-27-CookInlet-Tran9-HomerSpit\2018-03-27-CookInlet-Tran9-cast029.hex
* Software Version 1.59
* Temperature SN =  5028
* Conductivity SN =  5028
* System UpLoad Time = Mar 28 2018 11:16:05
** Cook Inlet LTM Transect 9 Homer Spit Line north to south
** Date: 2018-03-27
** Station: (eg. 9-01): to add
** Start time (AKDT): to add
** Depth (ft): to add
** Comment:
** Comment:
# nquan = 27
# nvalues = 73                          
# units = specified
# name 0 = scan: Scan Count
# name 1 = timeJ: Julian Days
# name 2 = timeH: Time, Elapsed [hours]
# name 3 = timeM: Time, Elapsed [minutes]
# name 4 = timeS: Time, Elapsed [seconds]
# name 5 = prdM: Pressure, Strain Gauge [db]
# name 6 = specc: Specific Conductance [uS/cm]
# name 7 = sal00: Salinity, Practical [PSU]
# name 8 = tv290C: Temperature [ITS-90, deg C]
# name 9 = depSM: Depth [salt water, m], lat = 59.00
# name 10 = potemp090C: Potential Temperature [ITS-90, deg C]
# name 11 = sigma-é00: Density [sigma-theta, kg/m^3]
# name 12 = sbeox0ML/L: Oxygen, SBE 43 [ml/l]
# name 13 = sbeox0Mg/L: Oxygen, SBE 43 [mg/l]
# name 14 = sbeox0PS: Oxygen, SBE 43 [% saturation]
# name 15 = sbox0Mm/Kg: Oxygen, SBE 43 [umol/kg]
# name 16 = sbeox0Mm/L: Oxygen, SBE 43 [umol/l]
# name 17 = sbox0dV/dT: Oxygen, SBE 43 [dov/dt]
# name 18 = oxsolML/L: Oxygen Saturation, Garcia & Gordon [ml/l]
# name 19 = oxsolMg/L: Oxygen Saturation, Garcia & Gordon [mg/l]
# name 20 = oxsolMm/Kg: Oxygen Saturation, Garcia & Gordon [umol/kg]
# name 21 = potemp090C: Potential Temperature [ITS-90, deg C]
# name 22 = n2satMg/L: Nitrogen Saturation [mg/l]
# name 23 = par: PAR/Irradiance, Biospherical/Licor
# name 24 = flECO-AFL: Fluorescence, WET Labs ECO-AFL/FL [mg/m^3]
# name 25 = turbWETntu0: Turbidity, WET Labs ECO [NTU]
# name 26 = flag: flag
# span 0 =        254,        598       
# span 1 =  86.476439,  86.477433       
# span 2 =    0.01759,    0.04145       
# span 3 =     1.0554,     2.4871       
# span 4 =     63.323,    149.225       
# span 5 =      1.009,     73.702       
# span 6 =  50983.099,  51441.202       
# span 7 =    31.2591,    31.7426       
# span 8 =     3.1506,     3.9899       
# span 9 =      1.000,     73.000       
# span 10 =     3.2014,     3.9854      
# span 11 =    24.8874,    25.1975      
# span 12 =     6.7109,     6.9121      
# span 13 =     9.5906,     9.8781      
# span 14 =     88.457,     92.540      
# span 15 =    292.432,    301.139      
# span 16 =    299.710,    308.694      
# span 17 =   -0.00076,    0.04187      
# span 18 =    7.40778,    7.58706      
# span 19 =   10.58646,   10.84267      
# span 20 =  322.70070,  330.61033      
# span 21 =     3.1505,     3.9853      
# span 22 =   16.56019,   16.93809      
# span 23 = 3.7976e-02, 1.6811e+02      
# span 24 =     0.3097,     0.4843      
# span 25 =     0.7617,     1.5399      
# span 26 = 0.0000e+00, 0.0000e+00      
# interval = meters: 1                  
# start_time = Mar 27 2018 11:25:01 [Instrument's time stamp, header]
# bad_flag = -9.990e-29
*END*
[from data line 54]
        510  86.477178    0.03532     2.1193    127.159     55.527  51417.634    31.7235     3.9420     55.000     3.9386    25.1864     6.8503     9.7898     92.355    298.418    305.934   -0.00012    7.41732   10.60010  323.11962     3.9385   16.58019 3.8645e-02     0.3996     0.7726 0.0000e+00
        514  86.477191    0.03565     2.1390    128.343     56.536  51419.703    31.7245     3.9425     56.000     3.9397    25.1872     6.8505     9.7901     92.360    298.428    305.945   -0.00010    7.41719   10.59990  323.11321     3.9390   16.57988 3.8107e-02     0.3932     0.7808 0.0000e+00
        519  86.477205    0.03598     2.1588    129.526     57.546  51420.708    31.7252     3.9446     57.000     3.9417    25.1876     6.8505     9.7901     92.365    298.427    305.944   -0.00014    7.41677   10.59932  323.09519     3.9410   16.57902 3.7987e-02     0.3956     0.7988 0.0000e+00
        524  86.477219    0.03632     2.1791    130.747     58.556  51420.634    31.7250     3.9460     58.000     3.9427    25.1873     6.8527     9.7932     92.398    298.522    306.041    0.00003    7.41653   10.59896  323.08454     3.9424   16.57851 3.7977e-02     0.3836     0.7875 0.0000e+00
        529  86.477233    0.03666     2.1991    131.947     59.565  51421.112    31.7250     3.9468     59.000     3.9434    25.1872     6.8518     9.7919     92.387    298.482    305.999   -0.00010    7.41638   10.59875  323.07792     3.9431   16.57820 3.7976e-02     0.3821     0.7676 0.0000e+00
        534  86.477247    0.03698     2.2189    133.135     60.575  51423.255    31.7262     3.9479     60.000     3.9451    25.1881     6.8521     9.7923     92.394    298.496    306.014   -0.00008    7.41612   10.59838  323.06652     3.9441   16.57765 3.7976e-02     0.3995     0.7617 0.0000e+00
        538  86.477261    0.03732     2.2392    134.350     61.585  51423.495    31.7265     3.9504     61.000     3.9471    25.1881     6.8555     9.7971     92.445    298.642    306.164    0.00011    7.41566   10.59772  323.04653     3.9465   16.57670 3.7976e-02     0.4147     0.7873 0.0000e+00
        543  86.477275    0.03766     2.2596    135.574     62.594  51423.137    31.7260     3.9516     62.000     3.9477    25.1876     6.8556     9.7973     92.449    298.647    306.170    0.00008    7.41547   10.59745  323.03842     3.9476   16.57631 3.7976e-02     0.4133     0.7967 0.0000e+00
        548  86.477289    0.03800     2.2796    136.777     63.604  51424.809    31.7267     3.9517     63.000     3.9481    25.1881     6.8508     9.7905     92.386    298.441    305.959   -0.00034    7.41541   10.59737  323.03572     3.9477   16.57618 3.7976e-02     0.4000     0.7619 0.0000e+00
        553  86.477303    0.03833     2.2999    137.994     64.614  51427.868    31.7287     3.9537     64.000     3.9507    25.1895     6.8541     9.7952     92.436    298.581    306.102   -0.00007    7.41495   10.59671  323.01515     3.9496   16.57520 3.7976e-02     0.3904     0.7792 0.0000e+00
        558  86.477318    0.03868     2.3206    139.235     65.623  51428.348    31.7291     3.9561     65.000     3.9528    25.1896     6.8568     9.7991     92.479    298.703    306.227    0.00012    7.41451   10.59608  322.99576     3.9519   16.57428 3.7976e-02     0.3920     0.7893 0.0000e+00
        563  86.477331    0.03901     2.3407    140.441     66.634  51434.870    31.7341     3.9606     66.000     3.9596    25.1932     6.8577     9.8004     92.504    298.740    306.266    0.00015    7.41343   10.59454  322.94798     3.9564   16.57198 3.7976e-02     0.3847     0.7804 0.0000e+00
        568  86.477346    0.03936     2.3618    141.710     67.643  51434.768    31.7352     3.9675     67.000     3.9655    25.1934     6.8592     9.8025     92.540    298.803    306.332    0.00024    7.41214   10.59268  322.89125     3.9632   16.56928 3.7976e-02     0.3932     0.7874 0.0000e+00
        573  86.477360    0.03969     2.3815    142.891     68.653  51439.847    31.7397     3.9740     68.000     3.9730    25.1964     6.8533     9.7940     92.478    298.546    306.068   -0.00016    7.41072   10.59067  322.82887     3.9697   16.56629 3.7976e-02     0.3908     0.8021 0.0000e+00
        578  86.477374    0.04004     2.4026    144.155     69.663  51439.472    31.7408     3.9814     69.000     3.9788    25.1965     6.8488     9.7876     92.435    298.351    305.868   -0.00040    7.40933   10.58867  322.76804     3.9770   16.56340 3.7976e-02     0.3868     0.8366 0.0000e+00
        583  86.477389    0.04040     2.4236    145.413     70.673  51441.202    31.7426     3.9862     70.000     3.9834    25.1975     6.8475     9.7858     92.429    298.293    305.809   -0.00037    7.40838   10.58731  322.72628     3.9817   16.56141 3.7976e-02     0.3960     0.8932 0.0000e+00
        588  86.477403    0.04073     2.4440    146.639     71.683  51440.270    31.7422     3.9895     71.000     3.9854    25.1969     6.8446     9.7816     92.397    298.168    305.681   -0.00044    7.40781   10.58650  322.70181     3.9849   16.56024 3.7976e-02     0.3952     0.9351 0.0000e+00
        593  86.477418    0.04109     2.4654    147.927     72.692  51439.234    31.7411     3.9899     72.000     3.9849    25.1960     6.8388     9.7734     92.320    297.916    305.422   -0.00076    7.40778   10.58646  322.70070     3.9853   16.56019 3.7976e-02     0.3978     0.9481 0.0000e+00
        598  86.477433    0.04145     2.4871    149.225     73.702  51440.138    31.7410     3.9891     73.000     3.9842    25.1960     6.8405     9.7757     92.340    297.987    305.495   -0.00050    7.40794   10.58669  322.70763     3.9844   16.56052 3.7976e-02     0.3802     0.9843 0.0000e+00
