CTD-processing/allCTD/CNV/2018_08-23_alongbay_skb13_cast207_5028.cnv
* Sea-Bird SBE19plus Data File:
* FileName = C:\Users\Kim.Powell\Desktop\Not Processed\2018\2018_08-23_AlongBay, T9_5028\2018_08-23_TRANSECT_STATION_cast207.hex
* Software Version 1.59
* Temperature SN =  5028
* Conductivity SN =  5028
* System UpLoad Time = Aug 31 2018 10:28:29
** 2018_08-23
** Station: KB13
** Start Time: 13:36
** Depth (m): 28
** Comment:
** Comment:
# nquan = 27
# nvalues = 28                          
# units = specified
# name 0 = scan: Scan Count
# name 1 = timeJ: Julian Days
# name 2 = timeH: Time, Elapsed [hours]
# name 3 = timeM: Time, Elapsed [minutes]
# name 4 = timeS: Time, Elapsed [seconds]
# name 5 = prdM: Pressure, Strain Gauge [db]
# name 6 = specc: Specific Conductance [uS/cm]
# name 7 = sal00: Salinity, Practical [PSU]
# name 8 = tv290C: Temperature [ITS-90, deg C]
# name 9 = depSM: Depth [salt water, m], lat = 59.00
# name 10 = potemp090C: Potential Temperature [ITS-90, deg C]
# name 11 = sigma-é00: Density [sigma-theta, kg/m^3]
# name 12 = sbeox0ML/L: Oxygen, SBE 43 [ml/l]
# name 13 = sbeox0Mg/L: Oxygen, SBE 43 [mg/l]
# name 14 = sbeox0PS: Oxygen, SBE 43 [% saturation]
# name 15 = sbox0Mm/Kg: Oxygen, SBE 43 [umol/kg]
# name 16 = sbeox0Mm/L: Oxygen, SBE 43 [umol/l]
# name 17 = sbox0dV/dT: Oxygen, SBE 43 [dov/dt]
# name 18 = oxsolML/L: Oxygen Saturation, Garcia & Gordon [ml/l]
# name 19 = oxsolMg/L: Oxygen Saturation, Garcia & Gordon [mg/l]
# name 20 = oxsolMm/Kg: Oxygen Saturation, Garcia & Gordon [umol/kg]
# name 21 = potemp090C: Potential Temperature [ITS-90, deg C]
# name 22 = n2satMg/L: Nitrogen Saturation [mg/l]
# name 23 = par: PAR/Irradiance, Biospherical/Licor
# name 24 = flECO-AFL: Fluorescence, WET Labs ECO-AFL/FL [mg/m^3]
# name 25 = turbWETntu0: Turbidity, WET Labs ECO [NTU]
# name 26 = flag: flag
# span 0 =        314,        443       
# span 1 = 235.568937, 235.569311       
# span 2 =    0.02172,    0.03069       
# span 3 =     1.3028,     1.8416       
# span 4 =     78.167,    110.493       
# span 5 =      1.009,     28.267       
# span 6 =  40374.412,  49141.054       
# span 7 =    25.3106,    31.1646       
# span 8 =     9.4237,    11.8112       
# span 9 =      1.000,     28.000       
# span 10 =     9.4088,    11.7674      
# span 11 =    19.1095,    24.0513      
# span 12 =     5.5879,     6.3855      
# span 13 =     7.9857,     9.1254      
# span 14 =     85.253,     98.868      
# span 15 =    243.695,    279.829      
# span 16 =    249.557,    285.175      
# span 17 =   -0.02312,    0.00590      
# span 18 =    6.41229,    6.55450      
# span 19 =    9.16380,    9.36702      
# span 20 =  280.25134,  285.84862      
# span 21 =     9.4208,    11.8110      
# span 22 =   14.54712,   14.80558      
# span 23 = 7.4722e-02, 2.0324e+02      
# span 24 =     0.2596,     2.2042      
# span 25 =     1.2156,     3.1834      
# span 26 = 0.0000e+00, 0.0000e+00      
# interval = meters: 1                  
# start_time = Aug 23 2018 13:37:58 [Instrument's time stamp, header]
# bad_flag = -9.990e-29
*END*
        314 235.568937    0.02172     1.3028     78.167      1.009  40374.412    25.3106    11.8112      1.000    11.7674    19.1095     6.3855     9.1254     98.868    279.829    285.175    0.00590    6.45856    9.22993  283.03113    11.8110   14.69481 2.0324e+02     1.3217     3.1834 0.0000e+00
        319 235.568952    0.02206     1.3241     79.443      2.019  41756.342    26.2569    11.6811      2.000    11.6275    19.8645     6.3457     9.0686     98.564    277.877    283.397    0.00186    6.43809    9.20068  281.92505    11.6808   14.63794 1.1123e+02     1.8367     2.6094 0.0000e+00
        323 235.568965    0.02239     1.3435     80.608      3.028  42593.665    26.8283    11.5671      3.000    11.5344    20.3266     6.3091     9.0163     98.110    276.151    281.764   -0.00182    6.43062    9.19001  281.47044    11.5668   14.61383 6.3236e+01     2.2042     2.1661 0.0000e+00
        328 235.568979    0.02272     1.3629     81.774      4.037  43351.503    27.3487    11.4865      4.000    11.4328    20.7439     6.2654     8.9538     97.581    274.125    279.811   -0.00457    6.42064    9.17573  280.91840    11.4860   14.58526 3.9686e+01     2.1105     1.9823 0.0000e+00
        333 235.568992    0.02304     1.3820     82.922      5.047  44383.761    28.0553    11.3391      5.000    11.2422    21.3172     6.2086     8.8727     96.823    271.489    277.276   -0.00771    6.41229    9.16380  280.39561    11.3385   14.55734 2.6513e+01     1.8610     1.9005 0.0000e+00
        337 235.569005    0.02334     1.4009     84.054      6.056  45579.927    28.8681    11.0935      6.000    10.9728    21.9899     6.1262     8.7550     95.526    267.711    273.596   -0.01295    6.41321    9.16512  280.25134    11.0928   14.54712 1.8647e+01     1.4120     1.8590 0.0000e+00
        342 235.569019    0.02367     1.4204     85.223      7.066  46425.295    29.4345    10.8403      7.000    10.7564    22.4727     6.0124     8.5923     93.576    262.613    268.514   -0.02048    6.42523    9.18230  280.64402    10.8396   14.56362 1.3287e+01     1.0724     1.8891 0.0000e+00
        347 235.569032    0.02400     1.4397     86.385      8.076  46981.254    29.8062    10.6689      8.000    10.6277    22.7904     5.9263     8.4693     92.112    258.773    264.670   -0.02312    6.43390    9.19469  280.93539    10.6680   14.57605 9.3863e+00     0.9551     1.9630 0.0000e+00
        351 235.569046    0.02432     1.4592     87.550      9.085  47231.656    29.9737    10.5956      9.000    10.5704    22.9330     5.9010     8.4331     91.670    257.630    263.539   -0.01831    6.43727    9.19951  281.04339    10.5945   14.58054 6.6719e+00     0.9578     1.8890 0.0000e+00
        356 235.569060    0.02465     1.4789     88.736     10.095  47548.302    30.1877    10.5220     10.000    10.4764    23.1119     5.8956     8.4253     91.563    257.347    263.294   -0.01267    6.43878    9.20165  281.05987    10.5209   14.58047 4.7802e+00     0.9523     1.8375 0.0000e+00
        361 235.569073    0.02497     1.4980     89.882     11.104  47809.786    30.3595    10.4194     11.000    10.3789    23.2626     5.8858     8.4114     91.309    256.885    262.860   -0.00991    6.44608    9.21209  281.33737    10.4182   14.59305 3.4256e+00     0.8736     1.8294 0.0000e+00
        365 235.569087    0.02530     1.5177     91.063     12.114  48017.278    30.4946    10.3293     12.000    10.2879    23.3828     5.8667     8.3841     90.912    256.021    262.007   -0.00896    6.45318    9.22224  281.61425    10.3279   14.60575 2.4344e+00     0.7595     1.9586 0.0000e+00
        370 235.569100    0.02563     1.5377     92.263     13.123  48294.972    30.6775    10.2266     13.000    10.1773    23.5421     5.8420     8.3488     90.432    254.902    260.903   -0.00879    6.46009    9.23211  281.87151    10.2252   14.61732 1.7285e+00     0.6541     1.9726 0.0000e+00
        375 235.569114    0.02595     1.5572     93.433     14.133  48508.380    30.8143    10.1182     14.000    10.0797    23.6665     5.8204     8.3179     89.964    253.930    259.939   -0.00880    6.46974    9.24591  282.25846    10.1166   14.63528 1.2719e+00     0.5398     1.6996 0.0000e+00
        380 235.569128    0.02629     1.5776     94.658     15.142  48614.880    30.8797    10.0436     15.000    10.0240    23.7297     5.8163     8.3121     89.791    253.736    259.757   -0.00700    6.47759    9.25712  282.58333    10.0419   14.65056 9.7237e-01     0.4334     1.3847 0.0000e+00
        385 235.569142    0.02664     1.5980     95.877     16.152  48663.700    30.9094    10.0086     16.000    10.0020    23.7586     5.8243     8.3236     89.864    254.079    260.115   -0.00414    6.48132    9.26245  282.73816    10.0068   14.65785 7.5620e-01     0.3868     1.2538 0.0000e+00
        389 235.569156    0.02696     1.6175     97.048     17.161  48679.521    30.9190     9.9996     17.000     9.9941    23.7675     5.8274     8.3280     89.899    254.212    260.253   -0.00255    6.48218    9.26368  282.77342     9.9978   14.65949 5.9574e-01     0.3610     1.2156 0.0000e+00
        394 235.569170    0.02729     1.6374     98.244     18.171  48692.318    30.9257     9.9848     18.000     9.9658    23.7752     5.8265     8.3267     89.860    254.170    260.213   -0.00193    6.48402    9.26631  282.85130     9.9828   14.66319 4.7313e-01     0.3697     1.2245 0.0000e+00
        399 235.569183    0.02762     1.6573     99.437     19.180  48729.943    30.9437     9.9209     19.000     9.8715    23.7996     5.8169     8.3130     89.597    253.745    259.783   -0.00281    6.49236    9.27823  283.20851     9.9188   14.68021 3.7809e-01     0.3728     1.2357 0.0000e+00
        403 235.569197    0.02795     1.6770    100.618     20.189  48815.029    30.9888     9.8076     20.000     9.7668    23.8530     5.7945     8.2810     89.057    252.756    258.785   -0.00513    6.50662    9.29862  283.81596     9.8055   14.70909 3.0249e-01     0.3387     1.3060 0.0000e+00
        408 235.569211    0.02829     1.6974    101.846     21.199  48876.193    31.0199     9.7181     21.000     9.6844    23.8917     5.7609     8.2329     88.383    251.278    257.281   -0.00747    6.51813    9.31506  284.30718     9.7159   14.73245 2.4161e-01     0.3246     1.4590 0.0000e+00
        413 235.569225    0.02862     1.7173    103.038     22.208  48928.725    31.0483     9.6549     22.000     9.6383    23.9239     5.7268     8.1842     87.754    249.783    255.759   -0.00879    6.52603    9.32635  284.64279     9.6525   14.74839 1.9313e-01     0.3116     1.5928 0.0000e+00
        418 235.569239    0.02896     1.7373    104.241     23.219  48952.011    31.0609     9.6286     23.000     9.6159    23.9379     5.7049     8.1528     87.374    248.823    254.779   -0.00820    6.52927    9.33098  284.78030     9.6261   14.75491 1.5646e-01     0.3063     1.6296 0.0000e+00
        423 235.569253    0.02929     1.7575    105.452     24.228  48978.430    31.0743     9.5930     24.000     9.5649    23.9541     5.6878     8.1284     87.051    248.073    254.015   -0.00732    6.53384    9.33751  284.97497     9.5904   14.76417 1.2916e-01     0.2862     1.6698 0.0000e+00
        428 235.569267    0.02963     1.7777    106.665     25.237  49043.250    31.1109     9.5273     25.000     9.4997    23.9930     5.6620     8.0915     86.551    246.939    252.863   -0.00773    6.54178    9.34886  285.31053     9.5246   14.78006 1.0857e-01     0.2810     1.8420 0.0000e+00
        432 235.569281    0.02996     1.7978    107.866     26.247  49099.885    31.1433     9.4748     26.000     9.4596    24.0266     5.6251     8.0388     85.906    245.322    251.216   -0.00903    6.54799    9.35773  285.57196     9.4721   14.79243 9.3183e-02     0.2697     2.0134 0.0000e+00
        437 235.569295    0.03031     1.8183    109.098     27.257  49123.952    31.1564     9.4495     27.000     9.4380    24.0409     5.6017     8.0054     85.507    244.299    250.172   -0.00846    6.55110    9.36218  285.70369     9.4467   14.79868 8.2778e-02     0.2640     2.0142 0.0000e+00
        443 235.569311    0.03069     1.8416    110.493     28.267  49141.054    31.1646     9.4237     28.000     9.4088    24.0513     5.5879     7.9857     85.253    243.695    249.557   -0.00668    6.55450    9.36702  285.84862     9.4208   14.80558 7.4722e-02     0.2596     2.3719 0.0000e+00
