CTD-processing/allCTD/CNV/2018_04-23_t4_s05_cast063_5028.cnv
* Sea-Bird SBE19plus Data File:
* FileName = C:\Users\Kim.Powell\Desktop\Not Processed\2018\2018_04-23_AlongBay, T4, T9_5028\2018_04-23_TRANSECT_STATION_cast063.hex
* Software Version 1.59
* Temperature SN =  5028
* Conductivity SN =  5028
* System UpLoad Time = Apr 24 2018 09:56:24
** 2018_04-24
** Station: 4-05
** Start Time: 14:19
** Depth (m): 77
** Comment:
** Comment:
# nquan = 27
# nvalues = 75                          
# units = specified
# name 0 = scan: Scan Count
# name 1 = timeJ: Julian Days
# name 2 = timeH: Time, Elapsed [hours]
# name 3 = timeM: Time, Elapsed [minutes]
# name 4 = timeS: Time, Elapsed [seconds]
# name 5 = prdM: Pressure, Strain Gauge [db]
# name 6 = specc: Specific Conductance [uS/cm]
# name 7 = sal00: Salinity, Practical [PSU]
# name 8 = tv290C: Temperature [ITS-90, deg C]
# name 9 = depSM: Depth [salt water, m], lat = 59.00
# name 10 = potemp090C: Potential Temperature [ITS-90, deg C]
# name 11 = sigma-é00: Density [sigma-theta, kg/m^3]
# name 12 = sbeox0ML/L: Oxygen, SBE 43 [ml/l]
# name 13 = sbeox0Mg/L: Oxygen, SBE 43 [mg/l]
# name 14 = sbeox0PS: Oxygen, SBE 43 [% saturation]
# name 15 = sbox0Mm/Kg: Oxygen, SBE 43 [umol/kg]
# name 16 = sbeox0Mm/L: Oxygen, SBE 43 [umol/l]
# name 17 = sbox0dV/dT: Oxygen, SBE 43 [dov/dt]
# name 18 = oxsolML/L: Oxygen Saturation, Garcia & Gordon [ml/l]
# name 19 = oxsolMg/L: Oxygen Saturation, Garcia & Gordon [mg/l]
# name 20 = oxsolMm/Kg: Oxygen Saturation, Garcia & Gordon [umol/kg]
# name 21 = potemp090C: Potential Temperature [ITS-90, deg C]
# name 22 = n2satMg/L: Nitrogen Saturation [mg/l]
# name 23 = par: PAR/Irradiance, Biospherical/Licor
# name 24 = flECO-AFL: Fluorescence, WET Labs ECO-AFL/FL [mg/m^3]
# name 25 = turbWETntu0: Turbidity, WET Labs ECO [NTU]
# name 26 = flag: flag
# span 0 =        210,        643       
# span 1 = 113.597249, 113.598501       
# span 2 =    0.01452,    0.04460       
# span 3 =     0.8714,     2.6765       
# span 4 =     52.282,    160.586       
# span 5 =      1.010,     75.722       
# span 6 =  50050.953,  51346.731       
# span 7 =    31.1574,    31.8037       
# span 8 =     4.4726,     5.2483       
# span 9 =      1.000,     75.000       
# span 10 =     4.4676,     5.2009      
# span 11 =    24.6048,    25.1875      
# span 12 =     6.8729,     7.4523      
# span 13 =     9.8219,    10.6501      
# span 14 =     93.904,    103.107      
# span 15 =    299.401,    324.669      
# span 16 =    306.941,    332.821      
# span 17 =   -0.00835,    0.00631      
# span 18 =    7.21147,    7.31907      
# span 19 =   10.30591,   10.45968      
# span 20 =  314.19443,  318.83908      
# span 21 =     4.4676,     5.2482      
# span 22 =   16.15559,   16.37631      
# span 23 = 3.7976e-02, 1.7602e+02      
# span 24 =     0.4626,     2.5490      
# span 25 =     0.5151,     1.2537      
# span 26 = 0.0000e+00, 0.0000e+00      
# interval = meters: 1                  
# start_time = Apr 23 2018 14:19:10 [Instrument's time stamp, header]
# bad_flag = -9.990e-29
*END*
        210 113.597249    0.01452     0.8714     52.282      1.010  50050.953    31.1574     5.2483      1.000     5.2009    24.6048     6.9640     9.9522     96.542    303.544    311.012    0.00631    7.21673   10.31342  314.59037     5.2482   16.17676 1.7602e+02     1.5275     0.7587 0.0000e+00
        285 113.597465    0.01972     1.1832     70.993      2.019  50961.471    31.7070     5.1130      2.000     5.0818    25.0532     7.3779    10.5439    102.311    321.446    329.500    0.00572    7.21147   10.30591  314.19443     5.1128   16.15559 1.2187e+02     1.9011     0.5256 0.0000e+00
        293 113.597489    0.02031     1.2183     73.099      3.028  51051.430    31.7524     5.0503      3.000     5.0337    25.0959     7.4198    10.6036    102.768    323.257    331.369    0.00454    7.21997   10.31806  314.55008     5.0501   16.17233 8.5941e+01     2.1997     0.5151 0.0000e+00
        298 113.597504    0.02064     1.2386     74.314      4.038  51074.888    31.7607     5.0165      4.000     5.0070    25.1062     7.4499    10.6466    103.107    324.563    332.711    0.00489    7.22541   10.32583  314.78384     5.0162   16.18343 6.5216e+01     2.4553     0.5403 0.0000e+00
        303 113.597517    0.02096     1.2579     75.473      5.047  51083.657    31.7616     4.9948      5.000     4.9847    25.1092     7.4523    10.6501    103.088    324.669    332.821    0.00340    7.22912   10.33114  314.94442     4.9945   16.19107 5.2155e+01     2.5189     0.5291 0.0000e+00
        308 113.597532    0.02131     1.2787     76.724      6.057  51097.701    31.7660     4.9732      6.000     4.9664    25.1151     7.4365    10.6275    102.819    323.978    332.115    0.00088    7.23265   10.33619  315.09660     4.9727   16.19830 4.3387e+01     2.5392     0.5317 0.0000e+00
        313 113.597545    0.02164     1.2984     77.903      7.066  51101.937    31.7651     4.9582      7.000     4.9498    25.1160     7.4228    10.6080    102.592    323.382    331.504   -0.00067    7.23529   10.33996  315.21128     4.9577   16.20376 3.6069e+01     2.5490     0.5465 0.0000e+00
        318 113.597560    0.02198     1.3191     79.148      8.075  51100.573    31.7583     4.9333      8.000     4.9162    25.1133     7.4135    10.5946    102.396    322.973    331.084   -0.00154    7.23994   10.34661  315.41470     4.9327   16.21347 2.9706e+01     2.4087     0.5264 0.0000e+00
        323 113.597575    0.02235     1.3413     80.481      9.085  51111.391    31.7541     4.8824      9.000     4.8578    25.1154     7.3938    10.5663    101.997    322.113    330.204   -0.00312    7.24899   10.35953  315.80829     4.8817   16.23223 2.4528e+01     2.2622     0.5236 0.0000e+00
        328 113.597589    0.02268     1.3605     81.629     10.094  51134.396    31.7570     4.8264     10.000     4.8022    25.1237     7.3620    10.5211    101.426    320.730    328.788   -0.00526    7.25858   10.37324  316.22368     4.8257   16.25198 2.0096e+01     2.0966     0.5613 0.0000e+00
        333 113.597603    0.02303     1.3814     82.883     11.104  51174.458    31.7738     4.7801     11.000     4.7712    25.1419     7.3158    10.4550    100.688    318.710    326.723   -0.00750    7.26585   10.38362  316.53439     4.7793   16.26670 1.6569e+01     1.8729     0.5724 0.0000e+00
        337 113.597617    0.02336     1.4020     84.118     12.114  51189.920    31.7809     4.7667     12.000     4.7639    25.1490     7.2759    10.3979    100.110    316.968    324.939   -0.00835    7.26784   10.38647  316.61909     4.7659   16.27070 1.3616e+01     1.7738     0.5904 0.0000e+00
        343 113.597632    0.02373     1.4236     85.415     13.123  51190.197    31.7793     4.7610     13.000     4.7551    25.1483     7.2648    10.3821     99.944    316.487    324.446   -0.00673    7.26890   10.38800  316.66571     4.7601   16.27293 1.1127e+01     1.7692     0.6434 0.0000e+00
        347 113.597645    0.02404     1.4421     86.529     14.133  51189.191    31.7742     4.7434     14.000     4.7301    25.1462     7.2721    10.3925     99.998    316.803    324.770   -0.00463    7.27223   10.39275  316.81130     4.7424   16.27988 9.1045e+00     1.6793     0.6294 0.0000e+00
        352 113.597660    0.02439     1.4633     87.797     15.142  51216.552    31.7862     4.7148     15.000     4.7083    25.1586     7.2646    10.3818     99.834    316.474    324.436   -0.00404    7.27665   10.39906  317.00003     4.7138   16.28881 7.4739e+00     1.5405     0.6375 0.0000e+00
        357 113.597674    0.02471     1.4828     88.968     16.152  51235.565    31.7968     4.7066     16.000     4.7053    25.1679     7.2509    10.3622     99.633    315.873    323.822   -0.00402    7.27758   10.40038  317.03714     4.7055   16.29054 6.1261e+00     1.4272     0.6148 0.0000e+00
        361 113.597686    0.02501     1.5008     90.050     17.161  51243.060    31.8018     4.7080     17.000     4.7089    25.1717     7.2421    10.3497     99.519    315.492    323.433   -0.00358    7.27708   10.39969  317.01487     4.7068   16.28945 5.0681e+00     1.3285     0.6143 0.0000e+00
        366 113.597700    0.02535     1.5205     91.232     18.170  51243.998    31.8028     4.7122     18.000     4.7118    25.1721     7.2363    10.3413     99.450    315.235    323.170   -0.00298    7.27630   10.39856  316.98049     4.7109   16.28781 4.1977e+00     1.3282     0.6161 0.0000e+00
        370 113.597712    0.02564     1.5388     92.328     19.180  51245.535    31.8037     4.7136     19.000     4.7114    25.1727     7.2384    10.3444     99.483    315.330    323.267   -0.00209    7.27600   10.39814  316.96749     4.7123   16.28719 3.4771e+00     1.3031     0.6176 0.0000e+00
        375 113.597726    0.02597     1.5586     93.514     20.190  51239.827    31.7978     4.7072     20.000     4.6980    25.1687     7.2420    10.3495     99.513    315.487    323.427   -0.00132    7.27742   10.40016  317.03031     4.7058   16.29021 2.8786e+00     1.2057     0.6284 0.0000e+00
        380 113.597739    0.02629     1.5775     94.649     21.199  51243.460    31.7954     4.6872     21.000     4.6765    25.1688     7.2315    10.3347     99.321    315.034    322.962   -0.00198    7.28104   10.40533  317.18784     4.6858   16.29771 2.3871e+00     1.2012     0.6396 0.0000e+00
        384 113.597752    0.02661     1.5965     95.791     22.208  51253.256    31.7972     4.6676     22.000     4.6594    25.1723     7.2167    10.3133     99.070    314.382    322.296   -0.00278    7.28439   10.41012  317.33286     4.6661   16.30461 1.9949e+00     1.1340     0.6431 0.0000e+00
        389 113.597767    0.02697     1.6182     97.091     23.218  51260.998    31.7987     4.6527     23.000     4.6465    25.1750     7.1945    10.2817     98.732    313.417    321.308   -0.00368    7.28692   10.41374  317.44228     4.6512   16.30981 1.6684e+00     1.0465     0.6619 0.0000e+00
        394 113.597780    0.02728     1.6368     98.205     24.228  51260.647    31.7951     4.6406     24.000     4.6316    25.1736     7.1786    10.2589     98.482    312.723    320.595   -0.00405    7.28924   10.41704  317.54344     4.6389   16.31463 1.4013e+00     0.9579     0.6601 0.0000e+00
        399 113.597795    0.02763     1.6577     99.461     25.238  51263.142    31.7918     4.6201     25.000     4.6095    25.1730     7.1632    10.2368     98.220    312.051    319.906   -0.00419    7.29298   10.42240  317.70700     4.6184   16.32244 1.1793e+00     0.8793     0.6828 0.0000e+00
        404 113.597810    0.02799     1.6791    100.746     26.247  51277.397    31.7967     4.6010     26.000     4.5960    25.1789     7.1423    10.2071     97.892    311.140    318.974   -0.00461    7.29611   10.42687  317.84140     4.5992   16.32881 9.9784e-01     0.7679     0.6949 0.0000e+00
        409 113.597825    0.02834     1.7008    102.046     27.257  51284.334    31.7998     4.5960     27.000     4.5940    25.1819     7.1222    10.1783     97.607    310.264    318.077   -0.00467    7.29683   10.42790  317.87177     4.5942   16.33024 8.4182e-01     0.7202     0.6945 0.0000e+00
        414 113.597838    0.02866     1.7199    103.194     28.266  51285.194    31.7998     4.5959     28.000     4.5938    25.1819     7.1090    10.1595     97.425    309.690    317.488   -0.00436    7.29686   10.42793  317.87293     4.5939   16.33030 7.1444e-01     0.7161     0.7276 0.0000e+00
        419 113.597854    0.02905     1.7426    104.557     29.276  51285.768    31.7997     4.5955     29.000     4.5934    25.1819     7.1025    10.1503     97.337    309.410    317.202   -0.00345    7.29692   10.42803  317.87589     4.5935   16.33044 6.0233e-01     0.7168     0.6961 0.0000e+00
        423 113.597866    0.02933     1.7601    105.606     30.285  51286.447    31.7996     4.5954     30.000     4.5933    25.1819     7.1031    10.1510     97.343    309.432    317.224   -0.00258    7.29694   10.42806  317.87678     4.5934   16.33048 5.0921e-01     0.6969     0.6986 0.0000e+00
        428 113.597880    0.02967     1.7802    106.812     31.295  51287.049    31.7995     4.5953     31.000     4.5931    25.1818     7.1029    10.1507     97.340    309.422    317.214   -0.00188    7.29697   10.42810  317.87808     4.5932   16.33054 4.3202e-01     0.6909     0.7227 0.0000e+00
        433 113.597893    0.02999     1.7994    107.964     32.304  51287.737    31.7994     4.5952     32.000     4.5929    25.1817     7.1005    10.1474     97.308    309.321    317.110   -0.00157    7.29700   10.42814  317.87915     4.5930   16.33059 3.6711e-01     0.7015     0.7335 0.0000e+00
        437 113.597906    0.03030     1.8181    109.084     33.314  51288.157    31.7992     4.5951     33.000     4.5926    25.1815     7.0998    10.1464     97.298    309.291    317.079   -0.00126    7.29703   10.42818  317.88065     4.5927   16.33067 3.1211e-01     0.6997     0.7149 0.0000e+00
        442 113.597919    0.03062     1.8371    110.229     34.324  51289.040    31.7992     4.5947     34.000     4.5921    25.1816     7.0972    10.1426     97.261    309.175    316.961   -0.00112    7.29710   10.42829  317.88369     4.5923   16.33081 2.6684e-01     0.7096     0.7218 0.0000e+00
        446 113.597932    0.03092     1.8556    111.338     35.333  51289.690    31.7991     4.5944     35.000     4.5917    25.1816     7.0911    10.1339     97.177    308.912    316.691   -0.00131    7.29715   10.42836  317.88602     4.5920   16.33092 2.2803e-01     0.7160     0.7379 0.0000e+00
        451 113.597946    0.03127     1.8762    112.569     36.343  51290.701    31.7992     4.5939     36.000     4.5912    25.1817     7.0862    10.1270     97.109    308.700    316.473   -0.00135    7.29724   10.42849  317.88975     4.5914   16.33110 1.9606e-01     0.6933     0.7433 0.0000e+00
        456 113.597961    0.03162     1.8969    113.813     37.353  51291.507    31.7991     4.5935     37.000     4.5909    25.1817     7.0880    10.1294     97.131    308.773    316.549   -0.00089    7.29730   10.42857  317.89237     4.5910   16.33122 1.6855e-01     0.6912     0.7914 0.0000e+00
        461 113.597974    0.03194     1.9164    114.984     38.362  51292.153    31.7990     4.5933     38.000     4.5905    25.1817     7.0832    10.1225     97.064    308.564    316.333   -0.00100    7.29734   10.42864  317.89439     4.5907   16.33132 1.4590e-01     0.6880     0.7579 0.0000e+00
        466 113.597988    0.03226     1.9359    116.153     39.372  51292.951    31.7990     4.5931     39.000     4.5902    25.1817     7.0826    10.1216     97.055    308.537    316.305   -0.00088    7.29739   10.42871  317.89658     4.5903   16.33143 1.2731e-01     0.6896     0.7248 0.0000e+00
        471 113.598003    0.03264     1.9583    117.496     40.381  51293.464    31.7988     4.5929     40.000     4.5898    25.1816     7.0850    10.1251     97.088    308.641    316.413   -0.00045    7.29744   10.42877  317.89843     4.5901   16.33152 1.1137e-01     0.6630     0.7220 0.0000e+00
        476 113.598017    0.03297     1.9777    118.663     41.391  51293.203    31.7979     4.5919     41.000     4.5877    25.1809     7.0819    10.1207     97.043    308.508    316.277   -0.00063    7.29766   10.42909  317.90830     4.5890   16.33199 9.8467e-02     0.6826     0.7483 0.0000e+00
        481 113.598031    0.03330     1.9985    119.908     42.401  51288.563    31.7930     4.5865     42.000     4.5776    25.1776     7.0796    10.1174     96.996    308.410    316.174   -0.00072    7.29884   10.43077  317.96052     4.5836   16.33449 8.7439e-02     0.7030     0.7443 0.0000e+00
        485 113.598045    0.03364     2.0187    121.122     43.410  51292.314    31.7913     4.5699     43.000     4.5612    25.1779     7.0736    10.1089     96.874    308.148    315.907   -0.00118    7.30186   10.43508  318.09195     4.5669   16.34075 7.8629e-02     0.6870     0.7803 0.0000e+00
        491 113.598060    0.03400     2.0399    122.394     44.420  51302.564    31.7954     4.5594     44.000     4.5550    25.1823     7.0574    10.0858     96.631    307.444    315.186   -0.00207    7.30350   10.43743  318.16203     4.5563   16.34407 7.1212e-02     0.6612     0.7825 0.0000e+00
        495 113.598073    0.03432     2.0590    123.540     45.430  51302.015    31.7936     4.5551     45.000     4.5494    25.1813     7.0302    10.0469     96.247    306.258    313.970   -0.00350    7.30434   10.43864  318.19928     4.5520   16.34585 6.5204e-02     0.6410     0.7709 0.0000e+00
        500 113.598087    0.03464     2.0784    124.704     46.440  51306.140    31.7948     4.5503     46.000     4.5461    25.1828     7.0211    10.0339     96.112    305.860    313.563   -0.00334    7.30513   10.43976  318.23315     4.5472   16.34746 6.0390e-02     0.6233     0.7782 0.0000e+00
        504 113.598100    0.03495     2.0970    125.817     47.449  51307.714    31.7949     4.5485     47.000     4.5445    25.1831     7.0161    10.0268     96.040    305.643    313.341   -0.00282    7.30544   10.44020  318.24662     4.5453   16.34810 5.6434e-02     0.6074     0.8048 0.0000e+00
        509 113.598113    0.03528     2.1164    126.983     48.458  51304.632    31.7916     4.5453     48.000     4.5380    25.1808     7.0139    10.0237     96.001    305.551    313.245   -0.00230    7.30618   10.44126  318.27937     4.5419   16.34967 5.3139e-02     0.5900     0.8722 0.0000e+00
        514 113.598127    0.03561     2.1365    128.189     49.468  51304.755    31.7884     4.5333     49.000     4.5244    25.1795     7.0111    10.0197     95.933    305.428    313.119   -0.00200    7.30844   10.44450  318.37852     4.5299   16.35440 5.0402e-02     0.5774     0.8605 0.0000e+00
        518 113.598141    0.03593     2.1561    129.364     50.478  51310.620    31.7892     4.5213     50.000     4.5139    25.1814     7.0012    10.0053     95.769    304.992    312.672   -0.00233    7.31052   10.44745  318.46818     4.5178   16.35867 4.8068e-02     0.5982     0.8577 0.0000e+00
        523 113.598155    0.03627     2.1765    130.587     51.487  51317.392    31.7915     4.5136     51.000     4.5084    25.1840     6.9871     9.9852     95.559    304.378    312.044   -0.00274    7.31177   10.44925  318.52198     4.5101   16.36121 4.6184e-02     0.5816     0.8477 0.0000e+00
        528 113.598169    0.03663     2.1974    131.842     52.497  51315.484    31.7884     4.5076     52.000     4.4996    25.1821     6.9719     9.9635     95.336    303.716    311.365   -0.00310    7.31297   10.45097  318.57500     4.5040   16.36375 4.4682e-02     0.5616     0.8819 0.0000e+00
        533 113.598182    0.03693     2.2159    132.953     53.507  51322.008    31.7903     4.4986     53.000     4.4931    25.1846     6.9612     9.9482     95.170    303.251    310.888   -0.00319    7.31447   10.45312  318.63976     4.4949   16.36683 4.3451e-02     0.5700     0.9245 0.0000e+00
