CTD-processing/allCTD/CNV/2018_04-23_alongbay_skb11_cast079_5028.cnv
* Sea-Bird SBE19plus Data File:
* FileName = C:\Users\Kim.Powell\Desktop\Not Processed\2018\2018_04-23_AlongBay, T4, T9_5028\2018_04-23_TRANSECT_STATION_cast079.hex
* Software Version 1.59
* Temperature SN =  5028
* Conductivity SN =  5028
* System UpLoad Time = Apr 24 2018 10:14:35
** 2018_04-24
** Station: KB11
** Start Time: 18:10
** Depth (m): 54
** Comment:
** Comment:
# nquan = 27
# nvalues = 50                          
# units = specified
# name 0 = scan: Scan Count
# name 1 = timeJ: Julian Days
# name 2 = timeH: Time, Elapsed [hours]
# name 3 = timeM: Time, Elapsed [minutes]
# name 4 = timeS: Time, Elapsed [seconds]
# name 5 = prdM: Pressure, Strain Gauge [db]
# name 6 = specc: Specific Conductance [uS/cm]
# name 7 = sal00: Salinity, Practical [PSU]
# name 8 = tv290C: Temperature [ITS-90, deg C]
# name 9 = depSM: Depth [salt water, m], lat = 59.00
# name 10 = potemp090C: Potential Temperature [ITS-90, deg C]
# name 11 = sigma-é00: Density [sigma-theta, kg/m^3]
# name 12 = sbeox0ML/L: Oxygen, SBE 43 [ml/l]
# name 13 = sbeox0Mg/L: Oxygen, SBE 43 [mg/l]
# name 14 = sbeox0PS: Oxygen, SBE 43 [% saturation]
# name 15 = sbox0Mm/Kg: Oxygen, SBE 43 [umol/kg]
# name 16 = sbeox0Mm/L: Oxygen, SBE 43 [umol/l]
# name 17 = sbox0dV/dT: Oxygen, SBE 43 [dov/dt]
# name 18 = oxsolML/L: Oxygen Saturation, Garcia & Gordon [ml/l]
# name 19 = oxsolMg/L: Oxygen Saturation, Garcia & Gordon [mg/l]
# name 20 = oxsolMm/Kg: Oxygen Saturation, Garcia & Gordon [umol/kg]
# name 21 = potemp090C: Potential Temperature [ITS-90, deg C]
# name 22 = n2satMg/L: Nitrogen Saturation [mg/l]
# name 23 = par: PAR/Irradiance, Biospherical/Licor
# name 24 = flECO-AFL: Fluorescence, WET Labs ECO-AFL/FL [mg/m^3]
# name 25 = turbWETntu0: Turbidity, WET Labs ECO [NTU]
# name 26 = flag: flag
# span 0 =        190,        476       
# span 1 = 113.757664, 113.758492       
# span 2 =    0.01311,    0.03298       
# span 3 =     0.7865,     1.9785       
# span 4 =     47.190,    118.712       
# span 5 =      1.009,     50.478       
# span 6 =  49492.808,  51277.704       
# span 7 =    30.7735,    31.6330       
# span 8 =     3.9214,     5.3984       
# span 9 =      1.000,     50.000       
# span 10 =     3.9178,     5.3107      
# span 11 =    24.2836,    25.1106      
# span 12 =     6.1468,     8.0047      
# span 13 =     8.7844,    11.4395      
# span 14 =     85.275,    109.706      
# span 15 =    268.010,    348.817      
# span 16 =    274.517,    357.489      
# span 17 =   -0.01226,    0.08604      
# span 18 =    7.20806,    7.42598      
# span 19 =   10.30104,   10.61247      
# span 20 =  314.29125,  323.52053      
# span 21 =     3.9181,     5.3984      
# span 22 =   16.16405,   16.59964      
# span 23 = 3.7976e-02, 1.9978e+02      
# span 24 =     0.5301,     4.8582      
# span 25 =     1.0494,     2.0309      
# span 26 = 0.0000e+00, 0.0000e+00      
# interval = meters: 1                  
# start_time = Apr 23 2018 18:10:15 [Instrument's time stamp, header]
# bad_flag = -9.990e-29
*END*
        190 113.757664    0.01311     0.7865     47.190      1.009  49492.808    30.7735     5.3984      1.000     5.3107    24.2836     6.1468     8.7844     85.275    268.010    274.517   -0.00261    7.20806   10.30104  314.29125     5.3984   16.16405 1.9978e+02     2.7591     1.4257 0.0000e+00
        246 113.757827    0.01702     1.0215     61.290      2.019  50292.069    31.2345     5.0689      2.000     4.9831    24.6836     6.6010     9.4335     91.140    287.697    294.799    0.01348    7.24184   10.34931  315.62944     5.0688   16.22583 1.0391e+02     4.1398     1.4402 0.0000e+00
        250 113.757839    0.01731     1.0387     62.324      3.028  50516.095    31.3460     4.8716      3.000     4.8047    24.7931     7.3943    10.5673    101.687    322.241    330.231    0.06189    7.27074   10.39061  316.85543     4.8714   16.28372 6.0834e+01     4.6961     1.4265 0.0000e+00
        255 113.757854    0.01767     1.0599     63.593      4.038  50665.503    31.4120     4.7070      4.000     4.6493    24.8626     8.0047    11.4395    109.706    348.817    357.489    0.08604    7.29635   10.42721  317.94975     4.7067   16.33553 3.7891e+01     4.8582     1.3170 0.0000e+00
        260 113.757869    0.01801     1.0808     64.847      5.047  50741.763    31.4326     4.5668      5.000     4.5205    24.8934     8.0013    11.4348    109.309    348.661    357.340    0.05810    7.32003   10.46105  318.97205     4.5665   16.38409 2.4974e+01     4.4766     1.2848 0.0000e+00
        265 113.757882    0.01834     1.1005     66.028      6.057  50810.351    31.4598     4.4814      6.000     4.4636    24.9237     7.8134    11.1662    106.541    340.461    348.947    0.02705    7.33379   10.48072  319.56234     4.4810   16.41206 1.7070e+01     3.7834     1.3233 0.0000e+00
        270 113.757896    0.01867     1.1200     67.197      7.066  50832.920    31.4678     4.4507      7.000     4.4394    24.9332     7.6048    10.8681    103.625    331.370    339.632    0.00418    7.33885   10.48796  319.78004     4.4502   16.42238 1.1864e+01     3.4468     1.3522 0.0000e+00
        274 113.757909    0.01899     1.1392     68.352      8.076  50852.587    31.4746     4.4236      8.000     4.4093    24.9413     7.4689    10.6737    101.710    325.442    333.559   -0.00750    7.34333   10.49435  319.97257     4.4231   16.43151 8.2107e+00     3.3166     1.3533 0.0000e+00
        279 113.757923    0.01932     1.1588     69.526      9.085  50894.654    31.4955     4.3915      9.000     4.3795    24.9611     7.4049    10.5823    100.774    322.646    330.700   -0.01038    7.34801   10.50104  320.17023     4.3909   16.44083 5.7454e+00     3.0048     1.3506 0.0000e+00
        284 113.757936    0.01963     1.1780     70.682     10.095  50937.326    31.5195     4.3707     10.000     4.3665    24.9822     7.3502    10.5041     99.996    320.259    328.260   -0.01140    7.35051   10.50462  320.27273     4.3701   16.44561 4.1260e+00     2.6317     1.3348 0.0000e+00
        288 113.757949    0.01996     1.1974     71.846     11.105  50972.231    31.5420     4.3673     11.000     4.3676    25.0005     7.2927    10.4219     99.220    317.747    325.690   -0.01226    7.35001   10.50390  320.24527     4.3665   16.44421 2.9714e+00     2.3422     1.3278 0.0000e+00
        293 113.757963    0.02029     1.2170     73.019     12.114  51006.502    31.5657     4.3704     12.000     4.3735    25.0190     7.2581    10.3726     98.773    316.235    324.147   -0.01113    7.34830   10.50145  320.16479     4.3696   16.44028 2.1679e+00     2.1418     1.3335 0.0000e+00
        298 113.757977    0.02061     1.2365     74.193     13.123  51030.451    31.5839     4.3808     13.000     4.3820    25.0324     7.2358    10.3407     98.506    315.258    323.150   -0.00936    7.34553   10.49749  320.03986     4.3799   16.43427 1.5979e+00     1.9389     1.3200 0.0000e+00
        303 113.757991    0.02094     1.2564     75.387     14.133  51043.157    31.5924     4.3818     14.000     4.3777    25.0390     7.2136    10.3090     98.212    314.292    322.162   -0.00811    7.34495   10.49666  320.01249     4.3808   16.43293 1.1812e+00     1.8084     1.2775 0.0000e+00
        307 113.758004    0.02127     1.2764     76.587     15.142  51064.505    31.6052     4.3763     15.000     4.3757    25.0497     7.1911    10.2767     97.900    313.304    321.152   -0.00740    7.34528   10.49714  320.02373     4.3753   16.43341 8.8896e-01     1.6747     1.2262 0.0000e+00
        312 113.758019    0.02162     1.2969     77.812     16.152  51076.898    31.6139     4.3796     16.000     4.3802    25.0564     7.1692    10.2455     97.617    312.351    320.177   -0.00666    7.34427   10.49569  319.97735     4.3785   16.43117 6.7533e-01     1.6526     1.2326 0.0000e+00
        317 113.758033    0.02196     1.3175     79.050     17.161  51078.245    31.6144     4.3798     17.000     4.3746    25.0567     7.1542    10.2240     97.412    311.695    319.505   -0.00581    7.34421   10.49561  319.97483     4.3786   16.43105 5.1735e-01     1.5403     1.1917 0.0000e+00
        322 113.758048    0.02231     1.3386     80.314     18.170  51082.861    31.6140     4.3667     18.000     4.3576    25.0577     7.1476    10.2146     97.292    311.408    319.211   -0.00466    7.34655   10.49895  320.07652     4.3655   16.43589 4.0107e-01     1.4184     1.1338 0.0000e+00
        327 113.758062    0.02266     1.3594     81.563     19.181  51093.505    31.6157     4.3448     19.000     4.3350    25.0613     7.1319    10.1922     97.028    310.725    318.512   -0.00460    7.35037   10.50441  320.24174     4.3436   16.44374 3.1486e-01     1.2603     1.0705 0.0000e+00
        332 113.758077    0.02300     1.3800     82.798     20.190  51107.148    31.6205     4.3274     20.000     4.3206    25.0669     7.1082    10.1584     96.668    309.690    317.453   -0.00510    7.35324   10.50852  320.36534     4.3260   16.44960 2.5038e-01     1.1163     1.0494 0.0000e+00
        337 113.758090    0.02333     1.4000     84.000     21.200  51107.286    31.6163     4.3106     21.000     4.2987    25.0652     7.0896    10.1318     96.373    308.879    316.622   -0.00520    7.35643   10.51307  320.50467     4.3092   16.45625 1.9996e-01     1.1562     1.1105 0.0000e+00
        342 113.758104    0.02367     1.4201     85.203     22.209  51119.200    31.6181     4.2861     22.000     4.2752    25.0691     7.0780    10.1151     96.159    308.372    316.103   -0.00485    7.36072   10.51921  320.69045     4.2846   16.46508 1.6107e-01     1.0988     1.1192 0.0000e+00
        347 113.758118    0.02401     1.4404     86.425     23.219  51112.262    31.6064     4.2580     23.000     4.2334    25.0625     7.0614    10.0915     95.861    307.652    315.363   -0.00493    7.36632   10.52721  320.93652     4.2565   16.47683 1.3156e-01     1.0499     1.1198 0.0000e+00
        352 113.758133    0.02435     1.4611     87.664     24.228  51117.932    31.5925     4.1842     24.000     4.1505    25.0588     7.0414    10.0628     95.409    306.781    314.469   -0.00577    7.38024   10.54711  321.54418     4.1826   16.50579 1.0907e-01     0.9470     1.1515 0.0000e+00
        357 113.758147    0.02469     1.4818     88.908     25.237  51169.719    31.6126     4.1216     25.000     4.1087    25.0809     7.0047    10.0104     94.781    305.176    312.830   -0.00733    7.39046   10.56171  321.98245     4.1200   16.52655 9.1503e-02     0.8539     1.2250 0.0000e+00
        362 113.758162    0.02505     1.5028     90.168     26.247  51191.671    31.6226     4.1024     26.000     4.0997    25.0906     6.9765     9.9701     94.361    303.944    311.570   -0.00733    7.39342   10.56594  322.10823     4.1008   16.53249 7.7953e-02     0.8505     1.2827 0.0000e+00
        367 113.758176    0.02540     1.5236     91.417     27.257  51189.548    31.6200     4.0996     27.000     4.0926    25.0888     6.9668     9.9563     94.222    303.524    311.139   -0.00592    7.39407   10.56686  322.13683     4.0979   16.53387 6.7814e-02     0.8213     1.2827 0.0000e+00
        372 113.758190    0.02573     1.5440     92.639     28.266  51181.877    31.6096     4.0800     28.000     4.0613    25.0825     6.9636     9.9517     94.126    303.383    310.992   -0.00467    7.39812   10.57264  322.31521     4.0782   16.54239 6.0211e-02     0.7836     1.2860 0.0000e+00
        376 113.758204    0.02606     1.5636     93.814     29.276  51201.434    31.6127     4.0391     29.000     4.0222    25.0889     6.9529     9.9363     93.890    302.915    310.514   -0.00454    7.40533   10.58296  322.62766     4.0373   16.55724 5.4691e-02     0.7062     1.2510 0.0000e+00
        381 113.758217    0.02638     1.5828     94.969     30.285  51232.876    31.6277     4.0145     30.000     4.0102    25.1032     6.9304     9.9041     93.539    301.929    309.508   -0.00512    7.40902   10.58823  322.78388     4.0125   16.56460 5.0610e-02     0.5998     1.2523 0.0000e+00
        386 113.758231    0.02671     1.6023     96.138     31.295  51241.364    31.6325     4.0124     31.000     4.0118    25.1072     6.9098     9.8748     93.260    301.033    308.591   -0.00515    7.40917   10.58845  322.78920     4.0103   16.56484 4.7474e-02     0.5477     1.2841 0.0000e+00
        390 113.758245    0.02703     1.6218     97.310     32.304  51241.132    31.6328     4.0162     32.000     4.0155    25.1071     6.8984     9.8585     93.115    300.535    308.081   -0.00453    7.40846   10.58743  322.75816     4.0142   16.56336 4.5079e-02     0.5599     1.3360 0.0000e+00
        395 113.758258    0.02736     1.6416     98.495     33.314  51241.227    31.6330     4.0192     33.000     4.0186    25.1070     6.8989     9.8592     93.128    300.557    308.103   -0.00323    7.40790   10.58663  322.73392     4.0171   16.56221 4.3215e-02     0.5508     1.3340 0.0000e+00
        400 113.758272    0.02769     1.6613     99.675     34.324  51240.410    31.6328     4.0227     34.000     4.0215    25.1065     6.8973     9.8569     93.115    300.488    308.032   -0.00243    7.40728   10.58574  322.70713     4.0205   16.56094 4.1787e-02     0.5487     1.3613 0.0000e+00
        405 113.758286    0.02803     1.6813    100.878     35.334  51238.967    31.6318     4.0247     35.000     4.0225    25.1055     6.8945     9.8530     93.081    300.368    307.909   -0.00191    7.40698   10.58531  322.69430     4.0225   16.56033 4.0676e-02     0.5585     1.3820 0.0000e+00
        409 113.758300    0.02836     1.7016    102.094     36.343  51238.314    31.6307     4.0241     36.000     4.0208    25.1047     6.8882     9.8440     92.994    300.094    307.628   -0.00184    7.40715   10.58556  322.70196     4.0217   16.56070 3.9783e-02     0.5609     1.4351 0.0000e+00
        414 113.758314    0.02869     1.7216    103.295     37.352  51238.748    31.6298     4.0215     37.000     4.0176    25.1043     6.8847     9.8390     92.941    299.944    307.474   -0.00165    7.40765   10.58627  322.72388     4.0191   16.56174 3.9105e-02     0.5481     1.4584 0.0000e+00
        419 113.758327    0.02902     1.7413    104.477     38.362  51239.583    31.6290     4.0175     38.000     4.0132    25.1040     6.8834     9.8371     92.914    299.885    307.413   -0.00140    7.40841   10.58736  322.75701     4.0151   16.56332 3.8559e-02     0.5588     1.4353 0.0000e+00
        424 113.758341    0.02935     1.7610    105.660     39.371  51241.453    31.6287     4.0132     39.000     4.0086    25.1042     6.8858     9.8406     92.936    299.991    307.522   -0.00090    7.40919   10.58848  322.79106     4.0107   16.56494 3.8189e-02     0.5408     1.4763 0.0000e+00
        428 113.758355    0.02967     1.7805    106.829     40.381  51238.893    31.6247     4.0061     40.000     3.9977    25.1017     6.8764     9.8270     92.790    299.580    307.100   -0.00140    7.41070   10.59063  322.85736     4.0035   16.56812 3.8030e-02     0.5301     1.5098 0.0000e+00
        433 113.758368    0.03000     1.7998    107.991     41.391  51243.508    31.6239     3.9916     41.000     3.9834    25.1024     6.8650     9.8108     92.604    299.086    306.593   -0.00202    7.41335   10.59441  322.97255     3.9890   16.57360 3.7983e-02     0.5334     1.5364 0.0000e+00
        438 113.758382    0.03032     1.8192    109.153     42.400  51250.092    31.6251     3.9801     42.000     3.9730    25.1045     6.8573     9.7998     92.475    298.750    306.250   -0.00219    7.41537   10.59731  323.06032     3.9774   16.57776 3.7976e-02     0.5529     1.5731 0.0000e+00
        442 113.758395    0.03065     1.8391    110.346     43.411  51247.451    31.6195     3.9664     43.000     3.9548    25.1014     6.8529     9.7934     92.380    298.554    306.049   -0.00209    7.41812   10.60124  323.18090     3.9637   16.58352 3.7976e-02     0.5806     1.6196 0.0000e+00
        447 113.758409    0.03098     1.8591    111.543     44.419  51257.537    31.6212     3.9468     44.000     3.9379    25.1046     6.8453     9.7826     92.235    298.224    305.711   -0.00227    7.42158   10.60618  323.33064     3.9441   16.59063 3.7976e-02     0.5709     1.7472 0.0000e+00
        452 113.758423    0.03131     1.8787    112.721     45.430  51266.165    31.6234     3.9338     45.000     3.9277    25.1076     6.8387     9.7733     92.118    297.938    305.418   -0.00230    7.42384   10.60941  323.42824     3.9309   16.59527 3.7976e-02     0.5672     1.8428 0.0000e+00
        457 113.758437    0.03164     1.8984    113.902     46.439  51272.246    31.6257     3.9283     46.000     3.9244    25.1099     6.8309     9.7619     92.001    297.594    305.066   -0.00227    7.42471   10.61066  323.46555     3.9254   16.59703 3.7976e-02     0.5696     1.8297 0.0000e+00
        461 113.758450    0.03196     1.9178    115.066     47.449  51274.208    31.6261     3.9263     47.000     3.9227    25.1104     6.8246     9.7530     91.913    297.320    304.786   -0.00217    7.42506   10.61115  323.48045     3.9233   16.59774 3.7976e-02     0.5724     1.8834 0.0000e+00
        466 113.758464    0.03229     1.9375    116.248     48.459  51274.805    31.6256     3.9249     48.000     3.9210    25.1102     6.8222     9.7497     91.878    297.218    304.681   -0.00179    7.42534   10.61155  323.49268     3.9218   16.59832 3.7976e-02     0.5677     1.8935 0.0000e+00
        471 113.758477    0.03262     1.9573    117.435     49.468  51275.925    31.6255     3.9231     49.000     3.9192    25.1102     6.8206     9.7473     91.852    297.146    304.607   -0.00147    7.42567   10.61203  323.50712     3.9200   16.59901 3.7976e-02     0.5736     1.9550 0.0000e+00
        476 113.758492    0.03298     1.9785    118.712     50.478  51277.704    31.6257     3.9214     50.000     3.9178    25.1106     6.8192     9.7452     91.828    297.083    304.543   -0.00121    7.42598   10.61247  323.52053     3.9181   16.59964 3.7976e-02     0.5888     2.0309 0.0000e+00
