CTD-processing/allCTD/CNV/2018_04-23_t4_s04_cast062_5028.cnv
* Sea-Bird SBE19plus Data File:
* FileName = C:\Users\Kim.Powell\Desktop\Not Processed\2018\2018_04-23_AlongBay, T4, T9_5028\2018_04-23_TRANSECT_STATION_cast062.hex
* Software Version 1.59
* Temperature SN =  5028
* Conductivity SN =  5028
* System UpLoad Time = Apr 24 2018 09:53:30
** 2018_04-24
** Station: 4-04
** Start Time: 13:57
** Depth (m): 87
** Comment:
** Comment:
# nquan = 27
# nvalues = 85                          
# units = specified
# name 0 = scan: Scan Count
# name 1 = timeJ: Julian Days
# name 2 = timeH: Time, Elapsed [hours]
# name 3 = timeM: Time, Elapsed [minutes]
# name 4 = timeS: Time, Elapsed [seconds]
# name 5 = prdM: Pressure, Strain Gauge [db]
# name 6 = specc: Specific Conductance [uS/cm]
# name 7 = sal00: Salinity, Practical [PSU]
# name 8 = tv290C: Temperature [ITS-90, deg C]
# name 9 = depSM: Depth [salt water, m], lat = 59.00
# name 10 = potemp090C: Potential Temperature [ITS-90, deg C]
# name 11 = sigma-é00: Density [sigma-theta, kg/m^3]
# name 12 = sbeox0ML/L: Oxygen, SBE 43 [ml/l]
# name 13 = sbeox0Mg/L: Oxygen, SBE 43 [mg/l]
# name 14 = sbeox0PS: Oxygen, SBE 43 [% saturation]
# name 15 = sbox0Mm/Kg: Oxygen, SBE 43 [umol/kg]
# name 16 = sbeox0Mm/L: Oxygen, SBE 43 [umol/l]
# name 17 = sbox0dV/dT: Oxygen, SBE 43 [dov/dt]
# name 18 = oxsolML/L: Oxygen Saturation, Garcia & Gordon [ml/l]
# name 19 = oxsolMg/L: Oxygen Saturation, Garcia & Gordon [mg/l]
# name 20 = oxsolMm/Kg: Oxygen Saturation, Garcia & Gordon [umol/kg]
# name 21 = potemp090C: Potential Temperature [ITS-90, deg C]
# name 22 = n2satMg/L: Nitrogen Saturation [mg/l]
# name 23 = par: PAR/Irradiance, Biospherical/Licor
# name 24 = flECO-AFL: Fluorescence, WET Labs ECO-AFL/FL [mg/m^3]
# name 25 = turbWETntu0: Turbidity, WET Labs ECO [NTU]
# name 26 = flag: flag
# span 0 =        353,        758       
# span 1 = 113.582304, 113.583474       
# span 2 =    0.02446,    0.05257       
# span 3 =     1.4678,     3.1544       
# span 4 =     88.068,    189.264       
# span 5 =      1.009,     85.821       
# span 6 =  51038.127,  51334.895       
# span 7 =    31.7404,    31.7975       
# span 8 =     4.5389,     5.1110       
# span 9 =      1.000,     85.000       
# span 10 =     4.5326,     5.1023      
# span 11 =    25.0878,    25.1833      
# span 12 =     6.9906,     7.5651      
# span 13 =     9.9903,    10.8112      
# span 14 =     95.671,    104.734      
# span 15 =    304.531,    329.580      
# span 16 =    312.200,    337.855      
# span 17 =   -0.00658,    0.00963      
# span 18 =    7.20883,    7.30734      
# span 19 =   10.30213,   10.44291      
# span 20 =  314.06296,  318.32966      
# span 21 =     4.5331,     5.1109      
# span 22 =   16.14909,   16.35207      
# span 23 = 3.8545e-02, 1.5763e+02      
# span 24 =     0.5709,     2.5697      
# span 25 =     0.5023,     1.1564      
# span 26 = 0.0000e+00, 0.0000e+00      
# interval = meters: 1                  
# start_time = Apr 23 2018 13:57:03 [Instrument's time stamp, header]
# bad_flag = -9.990e-29
*END*
        353 113.582304    0.02446     1.4678     88.068      1.009  51051.679    31.7666     5.1110      1.000     5.1023    25.1006     7.5223    10.7500    104.347    327.718    335.943    0.00963    7.20883   10.30213  314.06296     5.1109   16.14909 1.5763e+02     1.6380     0.5023 0.0000e+00
        358 113.582319    0.02481     1.4888     89.327      2.019  51053.986    31.7621     5.0850      2.000     5.0704    25.0999     7.5420    10.7783    104.555    328.581    336.828    0.00756    7.21352   10.30884  314.26762     5.0849   16.15885 1.0803e+02     1.9807     0.5537 0.0000e+00
        363 113.582332    0.02513     1.5078     90.468      3.029  51038.127    31.7404     5.0374      3.000     4.9999    25.0878     7.5647    10.8107    104.734    329.573    337.841    0.00624    7.22279   10.32209  314.67525     5.0372   16.17834 7.8574e+01     2.2292     0.5626 0.0000e+00
        367 113.582345    0.02545     1.5267     91.604      4.038  51084.023    31.7532     4.9530      4.000     4.9301    25.1071     7.5651    10.8112    104.536    329.580    337.855    0.00342    7.23677   10.34207  315.27855     4.9528   16.20701 5.9433e+01     2.3389     0.5802 0.0000e+00
        372 113.582358    0.02576     1.5458     92.746      5.047  51123.209    31.7715     4.9161      5.000     4.9100    25.1256     7.5355    10.7690    104.049    328.289    336.538   -0.00025    7.24229   10.34996  315.51313     4.9157   16.21811 4.7157e+01     2.4791     0.5813 0.0000e+00
        377 113.582372    0.02608     1.5648     93.888      6.057  51131.474    31.7746     4.9060      6.000     4.9028    25.1291     7.5033    10.7230    103.581    326.883    335.097   -0.00272    7.24389   10.35224  315.58180     4.9055   16.22136 3.8541e+01     2.5001     0.5676 0.0000e+00
        381 113.582384    0.02640     1.5840     95.041      7.066  51135.183    31.7753     4.9004      7.000     4.8983    25.1303     7.4798    10.6893    103.243    325.857    334.045   -0.00386    7.24481   10.35355  315.62156     4.8999   16.22325 3.1425e+01     2.5165     0.5764 0.0000e+00
        386 113.582398    0.02673     1.6033     96.199      8.076  51137.123    31.7755     4.8972      8.000     4.8949    25.1308     7.4698    10.6750    103.097    325.421    333.599   -0.00360    7.24538   10.35436  315.64595     4.8966   16.22441 2.5452e+01     2.5636     0.5968 0.0000e+00
        391 113.582412    0.02705     1.6235     97.412      9.085  51136.034    31.7731     4.8919      9.000     4.8872    25.1295     7.4610    10.6625    102.961    325.040    333.208   -0.00325    7.24641   10.35583  315.69123     4.8913   16.22657 2.0565e+01     2.5697     0.6098 0.0000e+00
        395 113.582426    0.02738     1.6431     98.584     10.094  51138.513    31.7719     4.8811     10.000     4.8752    25.1297     7.4536    10.6520    102.832    324.718    332.879   -0.00308    7.24833   10.35859  315.77509     4.8805   16.23057 1.6502e+01     2.4991     0.5995 0.0000e+00
        400 113.582439    0.02772     1.6631     99.788     11.104  51148.051    31.7756     4.8704     11.000     4.8682    25.1338     7.4499    10.6466    102.756    324.553    332.710   -0.00262    7.25001   10.36099  315.84723     4.8697   16.23399 1.3153e+01     2.3854     0.5801 0.0000e+00
        405 113.582454    0.02807     1.6839    101.032     12.113  51152.181    31.7778     4.8695     12.000     4.8690    25.1356     7.4444    10.6388    102.681    324.316    332.468   -0.00228    7.25007   10.36107  315.84909     4.8687   16.23407 1.0529e+01     2.4368     0.6017 0.0000e+00
        410 113.582467    0.02838     1.7028    102.166     13.123  51148.704    31.7747     4.8688     13.000     4.8648    25.1332     7.4450    10.6396    102.685    324.341    332.493   -0.00171    7.25034   10.36147  315.86178     4.8679   16.23469 8.4418e+00     2.4762     0.6313 0.0000e+00
        414 113.582480    0.02869     1.7213    103.278     14.132  51145.055    31.7693     4.8578     14.000     4.8466    25.1301     7.4513    10.6487    102.741    324.618    332.776   -0.00100    7.25252   10.36457  315.95738     4.8569   16.23926 6.7105e+00     2.3911     0.6188 0.0000e+00
        419 113.582493    0.02902     1.7409    104.454     15.142  51148.484    31.7642     4.8263     15.000     4.8076    25.1294     7.4492    10.6456    102.631    324.524    332.680   -0.00130    7.25825   10.37277  316.20746     4.8253   16.25118 5.3617e+00     2.2282     0.5819 0.0000e+00
        423 113.582507    0.02934     1.7603    105.619     16.152  51174.701    31.7731     4.7877     16.000     4.7758    25.1406     7.4297    10.6179    102.274    323.674    331.812   -0.00281    7.26455   10.38177  316.47844     4.7866   16.26405 4.3108e+00     2.0927     0.5814 0.0000e+00
        428 113.582520    0.02964     1.7787    106.720     17.161  51183.759    31.7733     4.7630     17.000     4.7482    25.1434     7.4009    10.5766    101.816    322.416    330.522   -0.00449    7.26885   10.38793  316.66517     4.7618   16.27293 3.5147e+00     1.9416     0.5955 0.0000e+00
        433 113.582534    0.02998     1.7985    107.912     18.171  51208.290    31.7834     4.7348     18.000     4.7284    25.1544     7.3689    10.5308    101.315    321.019    329.094   -0.00589    7.27329   10.39426  316.85495     4.7336   16.28192 2.8895e+00     1.6824     0.5639 0.0000e+00
        437 113.582546    0.03028     1.8168    109.008     19.180  51208.002    31.7795     4.7203     19.000     4.7078    25.1528     7.3462    10.4984    100.964    320.031    328.080   -0.00618    7.27602   10.39816  316.97440     4.7190   16.28762 2.3845e+00     1.5829     0.5657 0.0000e+00
        442 113.582561    0.03061     1.8369    110.215     20.189  51226.493    31.7860     4.6951     20.000     4.6876    25.1606     7.3232    10.4656    100.592    319.028    327.055   -0.00631    7.28012   10.40402  317.15036     4.6937   16.29597 1.9893e+00     1.4468     0.5507 0.0000e+00
        447 113.582576    0.03098     1.8592    111.550     21.199  51239.978    31.7923     4.6840     21.000     4.6817    25.1667     7.2925    10.4217    100.147    317.686    325.681   -0.00658    7.28175   10.40635  317.21976     4.6825   16.29925 1.6639e+00     1.2419     0.5505 0.0000e+00
        451 113.582588    0.03128     1.8766    112.598     22.209  51242.526    31.7932     4.6828     22.000     4.6809    25.1677     7.2715    10.3918     99.857    316.774    324.747   -0.00647    7.28192   10.40660  317.22690     4.6812   16.29958 1.4034e+00     1.1941     0.5784 0.0000e+00
        456 113.582602    0.03162     1.8971    113.828     23.218  51244.268    31.7937     4.6819     23.000     4.6799    25.1681     7.2570    10.3710     99.656    316.141    324.098   -0.00563    7.28205   10.40678  317.23213     4.6803   16.29983 1.1918e+00     1.1508     0.5674 0.0000e+00
        461 113.582617    0.03198     1.9187    115.120     24.228  51245.704    31.7940     4.6811     24.000     4.6791    25.1684     7.2489    10.3594     99.543    315.789    323.736   -0.00451    7.28218   10.40696  317.23782     4.6794   16.30010 1.0056e+00     1.0635     0.5198 0.0000e+00
        466 113.582631    0.03230     1.9384    116.303     25.238  51247.007    31.7943     4.6803     25.000     4.6783    25.1687     7.2459    10.3551     99.500    315.656    323.601   -0.00346    7.28230   10.40713  317.24280     4.6786   16.30034 8.4923e-01     1.0161     0.5111 0.0000e+00
        471 113.582646    0.03267     1.9599    117.595     26.247  51248.093    31.7943     4.6798     26.000     4.6778    25.1689     7.2441    10.3526     99.474    315.580    323.523   -0.00256    7.28239   10.40726  317.24661     4.6780   16.30052 7.1738e-01     0.9662     0.5029 0.0000e+00
        476 113.582660    0.03301     1.9801    118.807     27.256  51248.984    31.7943     4.6791     27.000     4.6769    25.1689     7.2406    10.3475     99.424    315.424    323.363   -0.00211    7.28250   10.40742  317.25167     4.6773   16.30076 6.0902e-01     1.0004     0.5280 0.0000e+00
        481 113.582674    0.03332     1.9996    119.976     28.266  51250.283    31.7946     4.6784     28.000     4.6761    25.1692     7.2385    10.3446     99.395    315.336    323.273   -0.00172    7.28262   10.40759  317.25659     4.6765   16.30099 5.1930e-01     1.0336     0.5543 0.0000e+00
        486 113.582687    0.03366     2.0198    121.186     29.276  51251.518    31.7948     4.6777     29.000     4.6753    25.1694     7.2330    10.3367     99.317    315.094    323.025   -0.00165    7.28274   10.40777  317.26188     4.6757   16.30124 4.4251e-01     1.0371     0.5650 0.0000e+00
        490 113.582700    0.03396     2.0375    122.253     30.285  51252.916    31.7950     4.6769     30.000     4.6745    25.1697     7.2290    10.3309     99.260    314.918    322.845   -0.00159    7.28286   10.40794  317.26705     4.6748   16.30148 3.7731e-01     1.0342     0.5727 0.0000e+00
        495 113.582714    0.03431     2.0585    123.511     31.294  51254.193    31.7953     4.6763     31.000     4.6739    25.1700     7.2276    10.3290     99.240    314.860    322.785   -0.00128    7.28296   10.40808  317.27129     4.6741   16.30169 3.2244e-01     0.9973     0.5498 0.0000e+00
        500 113.582728    0.03463     2.0781    124.685     32.305  51254.527    31.7948     4.6755     32.000     4.6723    25.1698     7.2249    10.3251     99.201    314.743    322.665   -0.00112    7.28312   10.40830  317.27826     4.6733   16.30202 2.7433e-01     1.0199     0.5566 0.0000e+00
        504 113.582740    0.03494     2.0963    125.776     33.314  51256.263    31.7949     4.6731     33.000     4.6698    25.1701     7.2182    10.3156     99.104    314.453    322.367   -0.00140    7.28353   10.40889  317.29599     4.6709   16.30286 2.3575e-01     1.0214     0.5462 0.0000e+00
        509 113.582755    0.03528     2.1167    127.003     34.323  51258.622    31.7956     4.6711     34.000     4.6683    25.1708     7.2170    10.3138     99.082    314.399    322.312   -0.00119    7.28384   10.40934  317.30942     4.6688   16.30350 2.0343e-01     0.9815     0.5397 0.0000e+00
        514 113.582768    0.03559     2.1357    128.141     35.333  51259.253    31.7952     4.6698     35.000     4.6661    25.1707     7.2174    10.3144     99.084    314.414    322.329   -0.00087    7.28411   10.40972  317.32109     4.6674   16.30406 1.7618e-01     0.9280     0.5338 0.0000e+00
        518 113.582781    0.03590     2.1541    129.246     36.343  51261.192    31.7955     4.6671     36.000     4.6636    25.1712     7.2148    10.3107     99.042    314.301    322.212   -0.00093    7.28456   10.41036  317.34041     4.6646   16.30497 1.5369e-01     0.9234     0.5721 0.0000e+00
        523 113.582795    0.03625     2.1751    130.506     37.353  51263.154    31.7958     4.6649     37.000     4.6613    25.1717     7.2104    10.3043     98.976    314.107    322.014   -0.00102    7.28492   10.41089  317.35632     4.6623   16.30573 1.3473e-01     0.9459     0.6892 0.0000e+00
        528 113.582809    0.03658     2.1948    131.690     38.362  51264.718    31.7957     4.6622     38.000     4.6584    25.1719     7.2033    10.2942     98.872    313.798    321.697   -0.00132    7.28540   10.41157  317.37716     4.6595   16.30672 1.1847e-01     0.9434     0.6361 0.0000e+00
        532 113.582822    0.03690     2.2140    132.841     39.372  51267.198    31.7965     4.6602     39.000     4.6569    25.1727     7.1985    10.2874     98.803    313.592    321.486   -0.00138    7.28573   10.41203  317.39102     4.6575   16.30738 1.0485e-01     0.9561     0.5750 0.0000e+00
        537 113.582837    0.03724     2.2345    134.072     40.381  51268.398    31.7965     4.6586     40.000     4.6550    25.1728     7.1932    10.2797     98.726    313.357    321.246   -0.00141    7.28599   10.41242  317.40270     4.6558   16.30793 9.3546e-02     0.9172     0.5495 0.0000e+00
        542 113.582851    0.03759     2.2554    135.322     41.391  51270.233    31.7969     4.6570     41.000     4.6537    25.1734     7.1891    10.2740     98.667    313.182    321.066   -0.00135    7.28627   10.41281  317.41456     4.6541   16.30850 8.4345e-02     0.9268     0.5717 0.0000e+00
        547 113.582863    0.03789     2.2730    136.380     42.401  51271.095    31.7967     4.6562     42.000     4.6526    25.1734     7.1887    10.2735     98.660    313.167    321.050   -0.00112    7.28641   10.41301  317.42052     4.6533   16.30878 7.6804e-02     0.9278     0.6130 0.0000e+00
        551 113.582876    0.03820     2.2921    137.527     43.410  51272.054    31.7965     4.6542     43.000     4.6500    25.1733     7.1887    10.2735     98.655    313.167    321.050   -0.00087    7.28677   10.41352  317.43623     4.6512   16.30953 7.0576e-02     0.9105     0.6316 0.0000e+00
        556 113.582891    0.03855     2.3131    138.788     44.420  51274.343    31.7970     4.6516     44.000     4.6477    25.1740     7.1847    10.2677     98.593    312.990    320.869   -0.00099    7.28720   10.41415  317.45500     4.6485   16.31042 6.5351e-02     0.9204     0.5756 0.0000e+00
        561 113.582905    0.03889     2.3333    139.996     45.430  51276.099    31.7973     4.6498     45.000     4.6461    25.1744     7.1852    10.2684     98.597    313.013    320.893   -0.00074    7.28750   10.41457  317.46794     4.6467   16.31104 6.1005e-02     0.9115     0.5725 0.0000e+00
        566 113.582919    0.03922     2.3528    141.168     46.439  51277.338    31.7974     4.6487     46.000     4.6448    25.1746     7.1812    10.2626     98.539    312.836    320.712   -0.00088    7.28770   10.41484  317.47615     4.6455   16.31143 5.7336e-02     0.8713     0.5670 0.0000e+00
        571 113.582933    0.03957     2.3742    142.455     47.449  51277.920    31.7968     4.6468     47.000     4.6424    25.1744     7.1766    10.2560     98.470    312.635    320.505   -0.00102    7.28806   10.41537  317.49216     4.6435   16.31220 5.4314e-02     0.8889     0.5737 0.0000e+00
        576 113.582948    0.03991     2.3948    143.689     48.459  51279.289    31.7966     4.6439     48.000     4.6393    25.1746     7.1732    10.2511     98.417    312.486    320.353   -0.00105    7.28858   10.41610  317.51455     4.6405   16.31326 5.1881e-02     0.9318     0.5780 0.0000e+00
        580 113.582961    0.04023     2.4137    144.820     49.469  51279.829    31.7957     4.6406     49.000     4.6349    25.1742     7.1692    10.2456     98.354    312.315    320.178   -0.00113    7.28920   10.41700  317.54200     4.6371   16.31457 4.9818e-02     0.8989     0.5917 0.0000e+00
        585 113.582975    0.04057     2.4338    146.030     50.478  51282.593    31.7959     4.6353     50.000     4.6300    25.1749     7.1632    10.2368     98.258    312.051    319.907   -0.00135    7.29012   10.41831  317.58170     4.6318   16.31646 4.8110e-02     0.9036     0.6154 0.0000e+00
        590 113.582990    0.04092     2.4553    147.316     51.488  51286.632    31.7975     4.6319     51.000     4.6280    25.1765     7.1604    10.2329     98.214    311.931    319.784   -0.00125    7.29064   10.41905  317.60361     4.6284   16.31750 4.6706e-02     0.8537     0.6153 0.0000e+00
        595 113.583004    0.04125     2.4752    148.512     52.497  51287.383    31.7973     4.6312     52.000     4.6271    25.1764     7.1598    10.2320     98.203    311.903    319.755   -0.00098    7.29078   10.41925  317.60967     4.6276   16.31779 4.5499e-02     0.7953     0.6184 0.0000e+00
        600 113.583018    0.04160     2.4957    149.740     53.507  51288.165    31.7970     4.6300     53.000     4.6257    25.1764     7.1551    10.2253     98.136    311.698    319.545   -0.00108    7.29099   10.41956  317.61928     4.6263   16.31824 4.4455e-02     0.8208     0.6127 0.0000e+00
