CTD-processing/allCTD/CNV/2018_04-23_alongbay_skb09_cast077_5028.cnv
* Sea-Bird SBE19plus Data File:
* FileName = C:\Users\Kim.Powell\Desktop\Not Processed\2018\2018_04-23_AlongBay, T4, T9_5028\2018_04-23_TRANSECT_STATION_cast077.hex
* Software Version 1.59
* Temperature SN =  5028
* Conductivity SN =  5028
* System UpLoad Time = Apr 24 2018 10:12:34
** 2018_04-24
** Station: KB09
** Start Time: 17:39
** Depth (m): 66
** Comment:
** Comment:
# nquan = 27
# nvalues = 63                          
# units = specified
# name 0 = scan: Scan Count
# name 1 = timeJ: Julian Days
# name 2 = timeH: Time, Elapsed [hours]
# name 3 = timeM: Time, Elapsed [minutes]
# name 4 = timeS: Time, Elapsed [seconds]
# name 5 = prdM: Pressure, Strain Gauge [db]
# name 6 = specc: Specific Conductance [uS/cm]
# name 7 = sal00: Salinity, Practical [PSU]
# name 8 = tv290C: Temperature [ITS-90, deg C]
# name 9 = depSM: Depth [salt water, m], lat = 59.00
# name 10 = potemp090C: Potential Temperature [ITS-90, deg C]
# name 11 = sigma-é00: Density [sigma-theta, kg/m^3]
# name 12 = sbeox0ML/L: Oxygen, SBE 43 [ml/l]
# name 13 = sbeox0Mg/L: Oxygen, SBE 43 [mg/l]
# name 14 = sbeox0PS: Oxygen, SBE 43 [% saturation]
# name 15 = sbox0Mm/Kg: Oxygen, SBE 43 [umol/kg]
# name 16 = sbeox0Mm/L: Oxygen, SBE 43 [umol/l]
# name 17 = sbox0dV/dT: Oxygen, SBE 43 [dov/dt]
# name 18 = oxsolML/L: Oxygen Saturation, Garcia & Gordon [ml/l]
# name 19 = oxsolMg/L: Oxygen Saturation, Garcia & Gordon [mg/l]
# name 20 = oxsolMm/Kg: Oxygen Saturation, Garcia & Gordon [umol/kg]
# name 21 = potemp090C: Potential Temperature [ITS-90, deg C]
# name 22 = n2satMg/L: Nitrogen Saturation [mg/l]
# name 23 = par: PAR/Irradiance, Biospherical/Licor
# name 24 = flECO-AFL: Fluorescence, WET Labs ECO-AFL/FL [mg/m^3]
# name 25 = turbWETntu0: Turbidity, WET Labs ECO [NTU]
# name 26 = flag: flag
# span 0 =        219,        582       
# span 1 = 113.736070, 113.737121       
# span 2 =    0.01513,    0.04036       
# span 3 =     0.9078,     2.4217       
# span 4 =     54.470,    145.299       
# span 5 =      1.010,     63.604       
# span 6 =  49696.797,  51280.960       
# span 7 =    30.9461,    31.6674       
# span 8 =     4.1139,     5.5284       
# span 9 =      1.000,     63.000       
# span 10 =     4.1100,     5.4998      
# span 11 =    24.4053,    25.1254      
# span 12 =     6.8701,     9.1926      
# span 13 =     9.8181,    13.1372      
# span 14 =     92.977,    126.894      
# span 15 =    299.300,    400.615      
# span 16 =    306.821,    410.542      
# span 17 =   -0.04699,    0.00836      
# span 18 =    7.17828,    7.38911      
# span 19 =   10.25848,   10.55978      
# span 20 =  312.84259,  321.90955      
# span 21 =     4.1098,     5.5283      
# span 22 =   16.09269,   16.52287      
# span 23 = 3.7976e-02, 1.4115e+02      
# span 24 =     0.3992,     9.1014      
# span 25 =     0.9632,     2.2971      
# span 26 = 0.0000e+00, 0.0000e+00      
# interval = meters: 1                  
# start_time = Apr 23 2018 17:39:02 [Instrument's time stamp, header]
# bad_flag = -9.990e-29
*END*
        219 113.736070    0.01513     0.9078     54.470      1.010  49696.797    30.9461     5.5284      1.000     5.4998    24.4053     8.1947    11.7110    114.240    357.238    365.974    0.00836    7.17836   10.25861  312.96639     5.5283   16.10023 1.4115e+02     3.2801     2.2971 0.0000e+00
        302 113.736309    0.02087     1.2522     75.130      2.019  50356.757    31.3486     5.4061      2.000     5.3478    24.7370     9.0866    12.9856    126.580    396.010    405.805    0.00831    7.17828   10.25848  312.84259     5.4059   16.09269 8.1722e+01     5.1711     0.9632 0.0000e+00
        303 113.736313    0.02095     1.2571     75.424      3.028  50369.686    31.3287     5.2644      3.000     5.1659    24.7370     9.1144    13.0254    126.524    397.223    407.049    0.00763    7.20360   10.29467  313.94690     5.2642   16.14535 4.7052e+01     7.3596     1.2271 0.0000e+00
        307 113.736325    0.02126     1.2754     76.522      4.038  50476.501    31.3505     5.0223      4.000     4.9199    24.7805     9.1926    13.1372    126.894    400.615    410.542    0.00758    7.24436   10.35291  315.70958     5.0221   16.22917 2.7453e+01     8.5825     1.4186 0.0000e+00
        312 113.736339    0.02157     1.2938     77.629      5.047  50667.397    31.4413     4.8370      5.000     4.7938    24.8722     9.1354    13.0555    125.625    398.089    407.990   -0.00100    7.27215   10.39263  316.89233     4.8366   16.28509 1.5231e+01     9.1014     1.7310 0.0000e+00
        316 113.736351    0.02187     1.3122     78.730      6.056  50743.831    31.4755     4.7560      6.000     4.7280    24.9080     8.9022    12.7221    122.208    387.909    397.571   -0.01776    7.28463   10.41047  317.42528     4.7556   16.31031 9.2256e+00     7.4929     1.7260 0.0000e+00
        320 113.736364    0.02218     1.3310     79.859      7.066  50797.211    31.4991     4.6992      7.000     4.6820    24.9326     8.5665    12.2424    117.456    373.273    382.579   -0.03781    7.29344   10.42305  317.80134     4.6986   16.32811 6.1245e+00     5.5342     1.3746 0.0000e+00
        325 113.736377    0.02249     1.3496     80.977      8.076  50837.858    31.5197     4.6689      8.000     4.6605    24.9521     8.3072    11.8718    113.834    361.968    371.000   -0.04658    7.29774   10.42919  317.98256     4.6684   16.33665 4.4164e+00     4.5234     1.2630 0.0000e+00
        329 113.736390    0.02281     1.3682     82.090      9.085  50858.554    31.5302     4.6541      9.000     4.6481    24.9618     8.1259    11.6127    111.316    354.063    362.901   -0.04699    7.29983   10.43219  318.07082     4.6535   16.34081 3.0830e+00     4.0734     1.2846 0.0000e+00
        334 113.736403    0.02312     1.3873     83.238     10.095  50871.098    31.5356     4.6426     10.000     4.6376    24.9674     7.9994    11.4320    109.557    348.552    357.254   -0.04296    7.30160   10.43471  318.14589     4.6419   16.34436 2.1447e+00     4.0073     1.3061 0.0000e+00
        339 113.736417    0.02344     1.4065     84.393     11.104  50881.831    31.5403     4.6328     11.000     4.6289    24.9722     7.9378    11.3440    108.691    345.866    354.503   -0.03535    7.30308   10.43683  318.20921     4.6320   16.34735 1.5045e+00     3.8652     1.3129 0.0000e+00
        343 113.736430    0.02377     1.4261     85.565     12.114  50891.209    31.5450     4.6273     12.000     4.6243    24.9765     7.9178    11.3154    108.407    344.994    353.611   -0.02655    7.30382   10.43789  318.24021     4.6265   16.34881 1.0764e+00     3.4368     1.2604 0.0000e+00
        348 113.736444    0.02411     1.4463     86.777     13.123  50897.865    31.5477     4.6211     13.000     4.6192    24.9792     7.8869    11.2712    107.970    343.646    352.231   -0.02085    7.30479   10.43927  318.28143     4.6202   16.35076 7.7759e-01     3.4151     1.3015 0.0000e+00
        353 113.736458    0.02444     1.4666     87.996     14.133  50912.164    31.5577     4.6244     14.000     4.6273    24.9868     7.8527    11.2224    107.517    342.153    350.703   -0.01702    7.30371   10.43773  318.23203     4.6234   16.34837 5.5685e-01     3.5209     1.3532 0.0000e+00
        358 113.736472    0.02477     1.4865     89.191     15.142  50910.358    31.5575     4.6309     15.000     4.6301    24.9860     7.8361    11.1986    107.306    341.430    349.961   -0.01321    7.30258   10.43611  318.18292     4.6299   16.34603 4.0573e-01     3.2988     1.3345 0.0000e+00
        362 113.736485    0.02510     1.5062     90.372     16.151  50912.431    31.5580     4.6294     16.000     4.6247    24.9866     7.8303    11.1903    107.224    341.178    349.703   -0.00977    7.30280   10.43644  318.19251     4.6284   16.34649 2.9825e-01     3.0370     1.2873 0.0000e+00
        367 113.736499    0.02542     1.5253     91.516     17.161  50917.781    31.5588     4.6190     17.000     4.6109    24.9883     7.8172    11.1716    107.017    340.607    349.118   -0.00804    7.30461   10.43903  318.27104     4.6178   16.35021 2.2277e-01     3.0789     1.3332 0.0000e+00
        372 113.736512    0.02573     1.5440     92.638     18.170  50918.028    31.5542     4.5996     18.000     4.5801    24.9866     7.7895    11.1320    106.585    339.399    347.880   -0.00801    7.30825   10.44422  318.42992     4.5984   16.35780 1.6786e-01     3.0449     1.3331 0.0000e+00
        376 113.736525    0.02605     1.5630     93.780     19.180  50927.739    31.5472     4.5414     19.000     4.5036    24.9870     7.7465    11.0704    105.842    337.522    345.956   -0.00954    7.31887   10.45940  318.89258     4.5401   16.37984 1.3001e-01     2.7709     1.3039 0.0000e+00
        381 113.736538    0.02637     1.5823     94.937     20.190  50997.992    31.5774     4.4648     20.000     4.4413    25.0188     7.6728    10.9651    104.664    334.303    342.667   -0.01282    7.33094   10.47665  319.40870     4.4635   16.40427 1.0438e-01     2.5031     1.2770 0.0000e+00
        385 113.736552    0.02670     1.6016     96.095     21.199  51043.966    31.5985     4.4216     21.000     4.4096    25.0399     7.5806    10.8334    103.312    330.278    338.548   -0.01620    7.33757   10.48612  319.69066     4.4202   16.41760 8.6563e-02     2.1786     1.2361 0.0000e+00
        390 113.736566    0.02702     1.6211     97.266     22.209  51064.679    31.6072     4.3999     22.000     4.3925    25.0490     7.5043    10.7244    102.225    326.952    335.142   -0.01734    7.34099   10.49100  319.83687     4.3985   16.42452 7.4053e-02     2.0021     1.1910 0.0000e+00
        395 113.736580    0.02735     1.6412     98.469     23.218  51079.535    31.6146     4.3901     23.000     4.3864    25.0559     7.4665    10.6702    101.690    325.299    333.450   -0.01509    7.34236   10.49297  319.89465     4.3886   16.42724 6.5064e-02     1.9416     1.1820 0.0000e+00
        400 113.736593    0.02768     1.6605     99.628     24.228  51076.647    31.6103     4.3820     24.000     4.3696    25.0532     7.4390    10.6311    101.293    324.105    332.225   -0.01285    7.34403   10.49535  319.96794     4.3804   16.43074 5.8317e-02     1.8904     1.1762 0.0000e+00
        404 113.736606    0.02799     1.6795    100.768     25.238  51083.287    31.6069     4.3499     25.000     4.3315    25.0538     7.4145    10.5961    100.879    323.039    331.132   -0.01139    7.34990   10.50375  320.22381     4.3482   16.44292 5.3502e-02     1.7526     1.1577 0.0000e+00
        409 113.736619    0.02831     1.6987    101.924     26.247  51101.605    31.6106     4.3140     26.000     4.2953    25.0603     7.3846    10.5533    100.388    321.733    329.796   -0.01070    7.35611   10.51262  320.49225     4.3123   16.45568 4.9905e-02     1.5680     1.1658 0.0000e+00
        413 113.736632    0.02862     1.7173    103.038     27.257  51107.736    31.6032     4.2666     27.000     4.2355    25.0592     7.3491    10.5027     99.786    320.189    328.212   -0.01086    7.36495   10.52524  320.87747     4.2648   16.47403 4.7341e-02     1.3946     1.1602 0.0000e+00
        418 113.736645    0.02893     1.7358    104.145     28.266  51148.968    31.6158     4.2017     28.000     4.1783    25.0756     7.3057    10.4406     99.048    318.290    326.272   -0.01173    7.37593   10.54094  321.35110     4.1999   16.49651 4.5441e-02     1.1580     1.1353 0.0000e+00
        422 113.736658    0.02924     1.7545    105.270     29.276  51194.195    31.6380     4.1669     29.000     4.1604    25.0966     7.2537    10.3662     98.274    316.018    323.949   -0.01252    7.38106   10.54828  321.56804     4.1650   16.50674 4.4025e-02     0.9521     1.1217 0.0000e+00
        427 113.736671    0.02956     1.7735    106.412     30.285  51210.717    31.6473     4.1604     30.000     4.1579    25.1046     7.2058    10.2978     97.616    313.928    321.810   -0.01247    7.38177   10.54929  321.59634     4.1585   16.50805 4.2870e-02     0.8770     1.1194 0.0000e+00
        431 113.736685    0.02988     1.7926    107.558     31.295  51215.872    31.6497     4.1581     31.000     4.1547    25.1068     7.1722    10.2498     97.158    312.466    320.311   -0.01141    7.38206   10.54970  321.60811     4.1561   16.50860 4.1990e-02     0.8025     1.1107 0.0000e+00
        436 113.736698    0.03020     1.8119    108.711     32.305  51223.497    31.6539     4.1558     32.000     4.1533    25.1103     7.1503    10.2184     96.857    311.508    319.331   -0.00980    7.38227   10.55000  321.61612     4.1537   16.50896 4.1296e-02     0.7059     1.1452 0.0000e+00
        441 113.736712    0.03053     1.8317    109.902     33.314  51227.212    31.6557     4.1551     33.000     4.1526    25.1119     7.1290    10.1880     96.569    310.581    318.381   -0.00848    7.38231   10.55005  321.61716     4.1529   16.50901 4.0723e-02     0.6430     1.1729 0.0000e+00
        446 113.736726    0.03087     1.8521    111.126     34.323  51228.667    31.6559     4.1538     34.000     4.1501    25.1122     7.1089    10.1593     96.293    309.705    317.482   -0.00737    7.38252   10.55036  321.62662     4.1516   16.50945 4.0250e-02     0.6109     1.1738 0.0000e+00
        450 113.736740    0.03121     1.8724    112.341     35.333  51232.654    31.6571     4.1494     35.000     4.1447    25.1136     7.0873    10.1285     95.993    308.767    316.521   -0.00676    7.38326   10.55141  321.65827     4.1471   16.51095 3.9869e-02     0.5801     1.2128 0.0000e+00
        455 113.736754    0.03154     1.8924    113.543     36.343  51241.555    31.6615     4.1446     36.000     4.1417    25.1176     7.0730    10.1081     95.790    308.142    315.881   -0.00589    7.38389   10.55232  321.68479     4.1423   16.51220 3.9526e-02     0.5320     1.2464 0.0000e+00
        460 113.736768    0.03186     1.9118    114.708     37.353  51245.649    31.6637     4.1443     37.000     4.1420    25.1193     7.0606    10.0902     95.621    307.597    315.324   -0.00512    7.38384   10.55225  321.68198     4.1419   16.51205 3.9274e-02     0.4911     1.2749 0.0000e+00
        464 113.736781    0.03217     1.9306    115.837     38.362  51246.702    31.6639     4.1443     38.000     4.1414    25.1195     7.0447    10.0676     95.407    306.907    314.617   -0.00483    7.38385   10.55225  321.68206     4.1418   16.51206 3.9035e-02     0.4795     1.3219 0.0000e+00
        469 113.736794    0.03249     1.9497    116.979     39.372  51248.740    31.6647     4.1436     39.000     4.1410    25.1202     7.0291    10.0453     95.194    306.227    313.920   -0.00463    7.38392   10.55236  321.68512     4.1411   16.51221 3.8816e-02     0.4687     1.3500 0.0000e+00
        474 113.736807    0.03282     1.9688    118.130     40.381  51249.791    31.6649     4.1435     40.000     4.1407    25.1204     7.0189    10.0307     95.056    305.782    313.463   -0.00411    7.38393   10.55237  321.68532     4.1409   16.51221 3.8629e-02     0.4522     1.4066 0.0000e+00
        478 113.736821    0.03314     1.9883    119.296     41.391  51249.359    31.6637     4.1423     41.000     4.1379    25.1196     7.0111    10.0196     94.947    305.445    313.117   -0.00353    7.38420   10.55276  321.69745     4.1397   16.51279 3.8500e-02     0.4391     1.4574 0.0000e+00
        483 113.736834    0.03347     2.0081    120.485     42.401  51250.941    31.6632     4.1376     42.000     4.1328    25.1196     7.0009    10.0051     94.799    305.001    312.663   -0.00331    7.38508   10.55401  321.73579     4.1348   16.51462 3.8379e-02     0.4460     1.4332 0.0000e+00
        488 113.736848    0.03381     2.0283    121.697     43.410  51254.021    31.6638     4.1333     43.000     4.1291    25.1205     6.9900     9.9893     94.641    304.521    312.171   -0.00320    7.38582   10.55506  321.76748     4.1305   16.51612 3.8259e-02     0.4630     1.3998 0.0000e+00
        493 113.736862    0.03414     2.0484    122.901     44.420  51255.896    31.6638     4.1301     44.000     4.1260    25.1209     6.9807     9.9761     94.507    304.118    311.757   -0.00300    7.38639   10.55589  321.79254     4.1272   16.51731 3.8169e-02     0.4468     1.3746 0.0000e+00
        497 113.736876    0.03446     2.0675    124.053     45.430  51258.137    31.6642     4.1275     45.000     4.1238    25.1215     6.9727     9.9647     94.394    303.770    311.401   -0.00280    7.38683   10.55652  321.81152     4.1246   16.51822 3.8073e-02     0.4464     1.4091 0.0000e+00
        502 113.736889    0.03477     2.0866    125.194     46.439  51260.141    31.6646     4.1258     46.000     4.1221    25.1220     6.9673     9.9569     94.317    303.534    311.159   -0.00246    7.38712   10.55693  321.82382     4.1228   16.51880 3.8015e-02     0.4570     1.4400 0.0000e+00
        506 113.736902    0.03509     2.1053    126.318     47.449  51262.844    31.6657     4.1246     47.000     4.1217    25.1229     6.9579     9.9435     94.187    303.123    310.739   -0.00249    7.38727   10.55715  321.83017     4.1216   16.51910 3.7993e-02     0.4468     1.4518 0.0000e+00
        511 113.736915    0.03541     2.1245    127.471     48.459  51264.177    31.6663     4.1250     48.000     4.1222    25.1233     6.9501     9.9324     94.084    302.785    310.392   -0.00239    7.38718   10.55701  321.82609     4.1219   16.51890 3.7984e-02     0.4314     1.4493 0.0000e+00
        516 113.736929    0.03573     2.1438    128.626     49.468  51264.629    31.6662     4.1256     49.000     4.1225    25.1232     6.9430     9.9222     93.988    302.474    310.073   -0.00225    7.38709   10.55688  321.82213     4.1224   16.51871 3.7977e-02     0.4424     1.4361 0.0000e+00
        520 113.736942    0.03605     2.1631    129.785     50.478  51265.301    31.6662     4.1259     50.000     4.1228    25.1232     6.9390     9.9165     93.935    302.301    309.895   -0.00196    7.38703   10.55680  321.81939     4.1226   16.51858 3.7976e-02     0.4152     1.4276 0.0000e+00
        525 113.736955    0.03638     2.1826    130.954     51.488  51266.194    31.6664     4.1267     51.000     4.1237    25.1233     6.9330     9.9079     93.856    302.039    309.627   -0.00184    7.38688   10.55658  321.81278     4.1233   16.51827 3.7976e-02     0.4065     1.4295 0.0000e+00
        529 113.736969    0.03670     2.2019    132.114     52.497  51266.473    31.6663     4.1274     52.000     4.1242    25.1231     6.9265     9.8987     93.770    301.758    309.339   -0.00183    7.38674   10.55639  321.80711     4.1240   16.51800 3.7976e-02     0.4213     1.4479 0.0000e+00
        534 113.736983    0.03703     2.2218    133.308     53.507  51266.657    31.6660     4.1277     53.000     4.1241    25.1229     6.9222     9.8926     93.712    301.570    309.146   -0.00163    7.38672   10.55636  321.80612     4.1242   16.51795 3.7976e-02     0.4178     1.4632 0.0000e+00
