CTD-processing/allCTD/CNV/2018_03-27_alongbay_skb06_cast039_5028.cnv
* Sea-Bird SBE19plus Data File:
* FileName = P:\My Documents\kasitsna\Research-KBL\Oceanography-AK\CTD-Data-ALL-to-2017-02\2018-CTD-KachemakBay-CookInlet\2018-03-27-CookInlet-AlongBay\2018-03-27-CookInlet-AlongBay-cast039.hex
* Software Version 1.59
* Temperature SN =  5028
* Conductivity SN =  5028
* System UpLoad Time = Mar 28 2018 11:53:54
** Cook Inlet LTM Along-Bay (T7-22 to KB12)
** Date: 2018_03-27
** Station: (eg. 9-01): KB06
** Start time (AKDT): 15:19
** Depth (m): 102.1
** Comment:  Extended to T7-22 due to calm seas.
** Comment:
# nquan = 27
# nvalues = 98                          
# units = specified
# name 0 = scan: Scan Count
# name 1 = timeJ: Julian Days
# name 2 = timeH: Time, Elapsed [hours]
# name 3 = timeM: Time, Elapsed [minutes]
# name 4 = timeS: Time, Elapsed [seconds]
# name 5 = prdM: Pressure, Strain Gauge [db]
# name 6 = specc: Specific Conductance [uS/cm]
# name 7 = sal00: Salinity, Practical [PSU]
# name 8 = tv290C: Temperature [ITS-90, deg C]
# name 9 = depSM: Depth [salt water, m], lat = 59.00
# name 10 = potemp090C: Potential Temperature [ITS-90, deg C]
# name 11 = sigma-é00: Density [sigma-theta, kg/m^3]
# name 12 = sbeox0ML/L: Oxygen, SBE 43 [ml/l]
# name 13 = sbeox0Mg/L: Oxygen, SBE 43 [mg/l]
# name 14 = sbeox0PS: Oxygen, SBE 43 [% saturation]
# name 15 = sbox0Mm/Kg: Oxygen, SBE 43 [umol/kg]
# name 16 = sbeox0Mm/L: Oxygen, SBE 43 [umol/l]
# name 17 = sbox0dV/dT: Oxygen, SBE 43 [dov/dt]
# name 18 = oxsolML/L: Oxygen Saturation, Garcia & Gordon [ml/l]
# name 19 = oxsolMg/L: Oxygen Saturation, Garcia & Gordon [mg/l]
# name 20 = oxsolMm/Kg: Oxygen Saturation, Garcia & Gordon [umol/kg]
# name 21 = potemp090C: Potential Temperature [ITS-90, deg C]
# name 22 = n2satMg/L: Nitrogen Saturation [mg/l]
# name 23 = par: PAR/Irradiance, Biospherical/Licor
# name 24 = flECO-AFL: Fluorescence, WET Labs ECO-AFL/FL [mg/m^3]
# name 25 = turbWETntu0: Turbidity, WET Labs ECO [NTU]
# name 26 = flag: flag
# span 0 =        274,        757       
# span 1 =  86.639760,  86.641158       
# span 2 =    0.01896,    0.05250       
# span 3 =     1.1375,     3.1499       
# span 4 =     68.247,    188.989       
# span 5 =      1.009,     98.950       
# span 6 =  51020.091,  51472.783       
# span 7 =    31.3750,    31.7629       
# span 8 =     3.3407,     4.0395       
# span 9 =      1.000,     98.000       
# span 10 =     3.3364,     4.0332      
# span 11 =    24.9486,    25.2087      
# span 12 =     6.7007,     6.8857      
# span 13 =     9.5759,     9.8404      
# span 14 =     89.047,     92.894      
# span 15 =    291.960,    299.963      
# span 16 =    299.252,    307.517      
# span 17 =   -0.00119,    0.02199      
# span 18 =    7.39776,    7.54026      
# span 19 =   10.57215,   10.77578      
# span 20 =  322.26039,  328.52020      
# span 21 =     3.3404,     4.0331      
# span 22 =   16.53917,   16.83790      
# span 23 = 3.7976e-02, 2.1831e+02      
# span 24 =     0.3722,     0.6133      
# span 25 =     0.6335,     1.5504      
# span 26 = 0.0000e+00, 0.0000e+00      
# interval = meters: 1                  
# start_time = Mar 27 2018 15:20:07 [Instrument's time stamp, header]
# bad_flag = -9.990e-29
*END*
        274  86.639760    0.01896     1.1375     68.247      1.009  51020.091    31.3750     3.5104      1.000     3.4865    24.9486     6.7013     9.5767     89.184    291.992    299.277    0.02199    7.51395   10.73819  327.40493     3.5103   16.78531 2.1831e+02     0.4242     1.1729 0.0000e+00
        279  86.639776    0.01934     1.1604     69.624      2.019  51084.316    31.4015     3.4443      2.000     3.4211    24.9756     6.7007     9.5759     89.048    291.960    299.252    0.01407    7.52483   10.75374  327.87024     3.4442   16.80732 1.4773e+02     0.4308     1.2073 0.0000e+00
        284  86.639790    0.01968     1.1812     70.874      3.028  51160.616    31.4379     3.3851      3.000     3.3621    25.0097     6.7087     9.5875     89.047    292.303    299.614    0.00968    7.53398   10.76681  328.25779     3.3849   16.82559 1.0489e+02     0.4546     1.2169 0.0000e+00
        289  86.639804    0.02003     1.2015     72.092      4.038  51235.316    31.4768     3.3407      4.000     3.3364    25.0446     6.7191     9.6022     89.109    292.741    300.073    0.00700    7.54026   10.77578  328.52020     3.3404   16.83790 7.7953e+01     0.5150     1.1887 0.0000e+00
        294  86.639819    0.02037     1.2219     73.313      5.048  51264.307    31.4964     3.3423      5.000     3.3485    25.0601     6.7381     9.6295     89.378    293.568    300.925    0.00614    7.53896   10.77392  328.45846     3.3420   16.83489 6.0379e+01     0.5983     1.1956 0.0000e+00
        299  86.639832    0.02069     1.2417     74.500      6.057  51268.965    31.5027     3.3570      6.000     3.3624    25.0639     6.7662     9.6696     89.786    294.788    302.176    0.00641    7.53588   10.76952  328.32322     3.3567   16.82844 4.7804e+01     0.6133     1.2113 0.0000e+00
        304  86.639846    0.02103     1.2619     75.716      7.066  51287.198    31.5190     3.3746      7.000     3.3850    25.0753     6.7749     9.6820     89.951    295.164    302.565    0.00538    7.53176   10.76364  328.14016     3.3742   16.81967 3.8238e+01     0.5890     1.2004 0.0000e+00
        309  86.639860    0.02137     1.2823     76.939      8.076  51302.882    31.5362     3.4024      8.000     3.4143    25.0866     6.7841     9.6951     90.145    295.562    302.977    0.00468    7.52572   10.75501  327.87347     3.4020   16.80693 3.0785e+01     0.6054     1.1695 0.0000e+00
        314  86.639875    0.02172     1.3028     78.167      9.085  51310.878    31.5482     3.4303      9.000     3.4377    25.0936     6.7938     9.7090     90.343    295.983    303.410    0.00433    7.51995   10.74677  327.61999     3.4297   16.79483 2.4857e+01     0.5894     1.1332 0.0000e+00
        319  86.639889    0.02205     1.3235     79.409     10.094  51330.900    31.5661     3.4496     10.000     3.4596    25.1062     6.7920     9.7064     90.374    295.902    303.331    0.00315    7.51546   10.74034  327.41999     3.4490   16.78526 2.0119e+01     0.5931     1.1197 0.0000e+00
        323  86.639903    0.02239     1.3435     80.609     11.104  51367.433    31.5985     3.4818     11.000     3.5004    25.1292     6.7957     9.7117     90.515    296.056    303.496    0.00287    7.50785   10.72947  327.08119     3.4812   16.76902 1.6271e+01     0.5755     1.1214 0.0000e+00
        328  86.639917    0.02273     1.3640     81.838     12.114  51351.020    31.5967     3.5212     12.000     3.5269    25.1242     6.8042     9.7238     90.715    296.427    303.874    0.00304    7.50067   10.71920  326.76983     3.5205   16.75423 1.3218e+01     0.5449     1.0754 0.0000e+00
        333  86.639931    0.02307     1.3843     83.060     13.123  51342.574    31.5930     3.5315     13.000     3.5323    25.1204     6.7963     9.7126     90.630    296.086    303.524    0.00177    7.49895   10.71675  326.69645     3.5307   16.75076 1.0810e+01     0.5155     1.0544 0.0000e+00
        338  86.639945    0.02340     1.4043     84.261     14.133  51344.660    31.5949     3.5352     14.000     3.5363    25.1215     6.7914     9.7055     90.574    295.869    303.302    0.00085    7.49817   10.71563  326.66176     3.5344   16.74910 8.8462e+00     0.4944     1.0861 0.0000e+00
        343  86.639960    0.02375     1.4252     85.509     15.141  51348.616    31.5984     3.5409     15.000     3.5428    25.1239     6.7997     9.7174     90.699    296.231    303.673    0.00116    7.49694   10.71388  326.60773     3.5400   16.74652 7.2334e+00     0.4877     1.0524 0.0000e+00
        348  86.639974    0.02409     1.4454     86.724     16.152  51347.196    31.5984     3.5467     16.000     3.5469    25.1233     6.8063     9.7268     90.800    296.518    303.968    0.00128    7.49586   10.71234  326.56106     3.5457   16.74430 5.9293e+00     0.4697     1.0312 0.0000e+00
        353  86.639988    0.02443     1.4657     87.941     17.161  51347.682    31.5988     3.5492     17.000     3.5491    25.1234     6.8122     9.7353     90.885    296.775    304.231    0.00127    7.49538   10.71165  326.53984     3.5482   16.74329 4.8595e+00     0.4586     1.0115 0.0000e+00
        358  86.640002    0.02477     1.4861     89.168     18.171  51349.622    31.6003     3.5518     18.000     3.5520    25.1244     6.8177     9.7433     90.967    297.019    304.481    0.00124    7.49483   10.71086  326.51545     3.5507   16.74213 3.9803e+00     0.4684     1.0311 0.0000e+00
        363  86.640016    0.02511     1.5068     90.405     19.180  51350.803    31.6014     3.5550     19.000     3.5550    25.1249     6.8208     9.7476     91.015    297.152    304.618    0.00107    7.49417   10.70993  326.48698     3.5539   16.74077 3.2585e+00     0.4735     1.0466 0.0000e+00
        368  86.640031    0.02546     1.5275     91.652     20.189  51350.760    31.6015     3.5575     20.000     3.5569    25.1248     6.8266     9.7560     91.098    297.406    304.878    0.00108    7.49373   10.70929  326.46749     3.5563   16.73984 2.6669e+00     0.4645     1.0354 0.0000e+00
        373  86.640045    0.02580     1.5482     92.893     21.199  51353.162    31.6030     3.5594     21.000     3.5595    25.1259     6.8372     9.7711     91.244    297.866    305.351    0.00142    7.49330   10.70867  326.44826     3.5581   16.73892 2.1858e+00     0.4502     1.0327 0.0000e+00
        378  86.640060    0.02615     1.5691     94.146     22.209  51356.585    31.6061     3.5643     22.000     3.5654    25.1279     6.8411     9.7766     91.309    298.034    305.523    0.00129    7.49223   10.70715  326.40126     3.5630   16.73668 1.7947e+00     0.4386     1.0414 0.0000e+00
        382  86.640073    0.02649     1.5895     95.373     23.219  51356.689    31.6071     3.5701     23.000     3.5707    25.1281     6.8426     9.7788     91.343    298.101    305.591    0.00101    7.49111   10.70556  326.35265     3.5687   16.73436 1.4703e+00     0.4460     1.0681 0.0000e+00
        388  86.640088    0.02684     1.6104     96.625     24.228  51355.745    31.6071     3.5748     24.000     3.5743    25.1277     6.8440     9.7807     91.372    298.160    305.653    0.00080    7.49025   10.70432  326.31521     3.5733   16.73258 1.2110e+00     0.4509     1.0258 0.0000e+00
        392  86.640102    0.02718     1.6312     97.870     25.238  51356.025    31.6072     3.5766     25.000     3.5757    25.1277     6.8445     9.7816     91.384    298.187    305.680    0.00058    7.48992   10.70384  326.30046     3.5750   16.73188 9.9379e-01     0.4407     1.0184 0.0000e+00
        398  86.640117    0.02754     1.6522     99.131     26.247  51357.193    31.6080     3.5787     26.000     3.5778    25.1281     6.8492     9.7881     91.450    298.385    305.883    0.00064    7.48949   10.70323  326.28176     3.5771   16.73099 8.1803e-01     0.4349     1.0201 0.0000e+00
        402  86.640131    0.02788     1.6726    100.356     27.257  51357.861    31.6083     3.5801     27.000     3.5793    25.1282     6.8563     9.7985     91.550    298.699    306.205    0.00091    7.48921   10.70283  326.26962     3.5785   16.73041 6.7174e-01     0.4367     1.0313 0.0000e+00
        407  86.640146    0.02822     1.6932    101.590     28.267  51360.452    31.6103     3.5830     28.000     3.5830    25.1296     6.8607     9.8046     91.615    298.885    306.396    0.00090    7.48856   10.70191  326.24091     3.5814   16.72903 5.5309e-01     0.4486     1.0390 0.0000e+00
        412  86.640159    0.02855     1.7132    102.793     29.276  51361.819    31.6117     3.5871     29.000     3.5874    25.1303     6.8640     9.8093     91.669    299.029    306.544    0.00086    7.48775   10.70074  326.20517     3.5853   16.72733 4.5645e-01     0.4460     1.0448 0.0000e+00
        417  86.640174    0.02889     1.7336    104.013     30.285  51364.062    31.6142     3.5932     30.000     3.5941    25.1318     6.8679     9.8149     91.737    299.200    306.720    0.00088    7.48650   10.69896  326.15046     3.5913   16.72472 3.7816e-01     0.4468     1.0324 0.0000e+00
        422  86.640188    0.02924     1.7541    105.249     31.295  51363.491    31.6148     3.5990     31.000     3.5991    25.1317     6.8676     9.8146     91.747    299.190    306.709    0.00065    7.48542   10.69741  326.10314     3.5971   16.72247 3.1385e-01     0.4319     1.0248 0.0000e+00
        427  86.640202    0.02957     1.7745    106.469     32.305  51368.566    31.6193     3.6055     32.000     3.6081    25.1347     6.8678     9.8148     91.767    299.196    306.717    0.00047    7.48398   10.69535  326.03948     3.6035   16.71942 2.6111e-01     0.4327     1.0370 0.0000e+00
        432  86.640216    0.02991     1.7944    107.666     33.314  51374.426    31.6262     3.6191     33.000     3.6244    25.1390     6.8707     9.8190     91.841    299.322    306.847    0.00066    7.48112   10.69127  325.91382     3.6171   16.71342 2.1762e-01     0.4320     1.0318 0.0000e+00
        437  86.640230    0.03026     1.8152    108.912     34.324  51373.592    31.6295     3.6369     34.000     3.6420    25.1400     6.8727     9.8217     91.909    299.408    306.935    0.00076    7.47770   10.68638  325.76427     3.6348   16.70630 1.8210e-01     0.4437     1.0210 0.0000e+00
        442  86.640245    0.03060     1.8358    110.147     35.334  51382.629    31.6405     3.6585     35.000     3.6691    25.1468     6.8728     9.8219     91.966    299.410    306.939    0.00077    7.47317   10.67991  325.56482     3.6563   16.69677 1.5323e-01     0.4477     1.0100 0.0000e+00
        447  86.640259    0.03094     1.8567    111.401     36.343  51389.129    31.6531     3.6938     36.000     3.7066    25.1536     6.8759     9.8263     92.095    299.541    307.076    0.00113    7.46607   10.66975  325.25323     3.6916   16.68191 1.2998e-01     0.4521     0.9835 0.0000e+00
        452  86.640274    0.03129     1.8777    112.660     37.353  51381.266    31.6555     3.7270     37.000     3.7331    25.1524     6.8829     9.8364     92.266    299.849    307.391    0.00162    7.45988   10.66091  324.98385     3.7247   16.66910 1.1138e-01     0.4525     0.9539 0.0000e+00
        457  86.640288    0.03165     1.8986    113.918     38.362  51382.466    31.6604     3.7458     38.000     3.7504    25.1546     6.8800     9.8322     92.272    299.720    307.260    0.00117    7.45619   10.65564  324.82256     3.7434   16.66141 9.6563e-02     0.4691     0.9115 0.0000e+00
        462  86.640303    0.03199     1.9193    115.157     39.372  51384.148    31.6652     3.7625     39.000     3.7649    25.1569     6.8757     9.8260     92.255    299.532    307.068    0.00067    7.45289   10.65093  324.67832     3.7601   16.65453 8.4675e-02     0.4730     0.9055 0.0000e+00
        466  86.640316    0.03231     1.9390    116.338     40.381  51383.766    31.6669     3.7725     40.000     3.7731    25.1573     6.8728     9.8219     92.240    299.408    306.940    0.00038    7.45099   10.64821  324.59549     3.7700   16.65059 7.4884e-02     0.4706     0.9010 0.0000e+00
        471  86.640331    0.03266     1.9598    117.588     41.391  51385.307    31.6693     3.7802     41.000     3.7802    25.1585     6.8655     9.8114     92.161    299.088    306.612   -0.00018    7.44948   10.64604  324.52877     3.7776   16.64741 6.6953e-02     0.4477     0.9108 0.0000e+00
        476  86.640345    0.03301     1.9805    118.829     42.401  51385.579    31.6703     3.7859     42.000     3.7848    25.1588     6.8638     9.8091     92.152    299.015    306.537   -0.00026    7.44838   10.64448  324.48110     3.7832   16.64513 6.0602e-02     0.4285     0.9679 0.0000e+00
        481  86.640359    0.03333     1.9999    119.997     43.411  51387.797    31.6722     3.7895     43.000     3.7883    25.1599     6.8645     9.8100     92.170    299.044    306.568   -0.00013    7.44763   10.64340  324.44784     3.7868   16.64354 5.5499e-02     0.4270     1.0031 0.0000e+00
        486  86.640372    0.03365     2.0191    121.145     44.420  51389.043    31.6733     3.7925     44.000     3.7908    25.1605     6.8628     9.8077     92.155    298.971    306.493   -0.00024    7.44701   10.64253  324.42098     3.7898   16.64227 5.1352e-02     0.4283     0.9320 0.0000e+00
        490  86.640386    0.03398     2.0389    122.335     45.430  51390.653    31.6745     3.7950     45.000     3.7936    25.1612     6.8641     9.8095     92.179    299.027    306.551   -0.00011    7.44650   10.64179  324.39822     3.7922   16.64118 4.8004e-02     0.4441     0.9055 0.0000e+00
        495  86.640400    0.03432     2.0589    123.532     46.439  51395.911    31.6788     3.8000     46.000     3.8007    25.1642     6.8632     9.8083     92.182    298.990    306.513   -0.00012    7.44536   10.64016  324.34772     3.7972   16.63876 4.5242e-02     0.4294     0.9033 0.0000e+00
        500  86.640414    0.03465     2.0793    124.756     47.449  51395.612    31.6801     3.8083     47.000     3.8081    25.1645     6.8636     9.8088     92.206    299.005    306.530   -0.00001    7.44378   10.63791  324.27906     3.8054   16.63549 4.3011e-02     0.4316     0.9028 0.0000e+00
        505  86.640428    0.03500     2.0999    125.994     48.459  51397.121    31.6823     3.8153     48.000     3.8153    25.1655     6.8638     9.8091     92.226    299.013    306.538    0.00004    7.44240   10.63593  324.21833     3.8123   16.63260 4.1197e-02     0.4410     0.9133 0.0000e+00
        510  86.640442    0.03534     2.1202    127.212     49.468  51403.990    31.6887     3.8246     49.000     3.8283    25.1698     6.8635     9.8087     92.247    299.001    306.526    0.00007    7.44038   10.63305  324.12917     3.8216   16.62833 3.9707e-02     0.4513     0.9014 0.0000e+00
        515  86.640456    0.03567     2.1401    128.407     50.478  51405.586    31.6936     3.8423     50.000     3.8458    25.1721     6.8671     9.8137     92.337    299.153    306.683    0.00043    7.43692   10.62810  323.97751     3.8392   16.62109 3.8567e-02     0.4450     0.8740 0.0000e+00
        519  86.640470    0.03600     2.1603    129.619     51.487  51403.849    31.6955     3.8568     51.000     3.8583    25.1722     6.8717     9.8203     92.434    299.354    306.889    0.00077    7.43420   10.62421  323.85903     3.8536   16.61546 3.8040e-02     0.4277     0.8657 0.0000e+00
        524  86.640484    0.03634     2.1801    130.804     52.497  51412.200    31.7038     3.8698     52.000     3.8747    25.1776     6.8730     9.8222     92.486    299.410    306.949    0.00075    7.43141   10.62022  323.73588     3.8665   16.60957 3.7980e-02     0.4391     0.8771 0.0000e+00
        529  86.640498    0.03667     2.2002    132.010     53.507  51417.123    31.7118     3.8910     53.000     3.8963    25.1820     6.8737     9.8232     92.548    299.439    306.980    0.00082    7.42717   10.61416  323.54962     3.8876   16.60068 3.7976e-02     0.4526     0.8997 0.0000e+00
