CTD-processing/allCTD/CNV/2018_10-17_t9_s04_cast068_5028.cnv
* Sea-Bird SBE19plus Data File:
* FileName = C:\Users\Kim.Powell\Desktop\Not Processed\2018\2018_10-17_AlongBay, T9_5028\2018_10-17_TRANSECT_STATION_cast068.hex
* Software Version 1.59
* Temperature SN =  5028
* Conductivity SN =  5028
* System UpLoad Time = Oct 25 2018 17:11:20
** 2018_10-17
** Station: 9-04
** Start Time: 14:54
** Depth (m): 95
** Comment: Turbid
** Comment:
# nquan = 27
# nvalues = 91                          
# units = specified
# name 0 = scan: Scan Count
# name 1 = timeJ: Julian Days
# name 2 = timeH: Time, Elapsed [hours]
# name 3 = timeM: Time, Elapsed [minutes]
# name 4 = timeS: Time, Elapsed [seconds]
# name 5 = prdM: Pressure, Strain Gauge [db]
# name 6 = specc: Specific Conductance [uS/cm]
# name 7 = sal00: Salinity, Practical [PSU]
# name 8 = tv290C: Temperature [ITS-90, deg C]
# name 9 = depSM: Depth [salt water, m], lat = 59.00
# name 10 = potemp090C: Potential Temperature [ITS-90, deg C]
# name 11 = sigma-é00: Density [sigma-theta, kg/m^3]
# name 12 = sbeox0ML/L: Oxygen, SBE 43 [ml/l]
# name 13 = sbeox0Mg/L: Oxygen, SBE 43 [mg/l]
# name 14 = sbeox0PS: Oxygen, SBE 43 [% saturation]
# name 15 = sbox0Mm/Kg: Oxygen, SBE 43 [umol/kg]
# name 16 = sbeox0Mm/L: Oxygen, SBE 43 [umol/l]
# name 17 = sbox0dV/dT: Oxygen, SBE 43 [dov/dt]
# name 18 = oxsolML/L: Oxygen Saturation, Garcia & Gordon [ml/l]
# name 19 = oxsolMg/L: Oxygen Saturation, Garcia & Gordon [mg/l]
# name 20 = oxsolMm/Kg: Oxygen Saturation, Garcia & Gordon [umol/kg]
# name 21 = potemp090C: Potential Temperature [ITS-90, deg C]
# name 22 = n2satMg/L: Nitrogen Saturation [mg/l]
# name 23 = par: PAR/Irradiance, Biospherical/Licor
# name 24 = flECO-AFL: Fluorescence, WET Labs ECO-AFL/FL [mg/m^3]
# name 25 = turbWETntu0: Turbidity, WET Labs ECO [NTU]
# name 26 = flag: flag
# span 0 =        293,        703       
# span 1 = 290.622823, 290.624010       
# span 2 =    0.02025,    0.04874       
# span 3 =     1.2148,     2.9243       
# span 4 =     72.888,    175.456       
# span 5 =      1.010,     91.879       
# span 6 =  39923.491,  48874.950       
# span 7 =    24.6265,    30.9302       
# span 8 =     7.9737,     9.4680       
# span 9 =      1.000,     91.000       
# span 10 =     8.0435,     9.4685      
# span 11 =    19.1436,    23.8927      
# span 12 =     5.1652,     6.2126      
# span 13 =     7.3816,     8.8784      
# span 14 =     78.423,     90.427      
# span 15 =    225.294,    272.242      
# span 16 =    230.677,    277.453      
# span 17 =   -0.02186,    0.01448      
# span 18 =    6.56904,    7.06576      
# span 19 =    9.38781,   10.09768      
# span 20 =  286.56846,  309.63020      
# span 21 =     7.9736,     9.4672      
# span 22 =   14.84158,   15.96813      
# span 23 = 5.0953e-02, 9.2421e+01      
# span 24 =     0.2634,     0.8385      
# span 25 =     0.7016,     9.1251      
# span 26 = 0.0000e+00, 0.0000e+00      
# interval = meters: 1                  
# start_time = Oct 17 2018 14:55:39 [Instrument's time stamp, header]
# bad_flag = -9.990e-29
*END*
        293 290.622823    0.02025     1.2148     72.888      1.010  39923.491    24.6265     7.9737      1.000     8.0435    19.1436     6.2126     8.8784     87.927    272.242    277.453    0.00990    7.06576   10.09768  309.63020     7.9736   15.96813 9.2421e+01     0.8385     8.9040 0.0000e+00
        298 290.622837    0.02060     1.2358     74.145      2.019  41753.166    25.9035     8.2209      2.000     8.3809    20.1107     6.1915     8.8483     88.862    271.061    276.511    0.01173    6.96815    9.95818  305.06546     8.2207   15.74503 2.8423e+01     0.7916     9.1251 0.0000e+00
        302 290.622850    0.02089     1.2537     75.221      3.028  44553.781    27.8821     8.6334      3.000     8.8813    21.6014     6.1256     8.7540     89.884    267.787    273.567    0.01448    6.81587    9.74056  297.96735     8.6331   15.39798 1.2118e+01     0.6503     6.5285 0.0000e+00
        306 290.622863    0.02120     1.2719     76.315      4.038  47004.512    29.6458     9.1567      4.000     9.3074    22.9043     6.0216     8.6054     90.427    262.903    268.922    0.01423    6.65924    9.51672  290.74525     9.1562   15.04578 7.0313e+00     0.5554     3.4957 0.0000e+00
        311 290.622875    0.02151     1.2907     77.441      5.047  47944.117    30.3345     9.4253      5.000     9.4554    23.4022     5.8594     8.3736     88.917    255.696    261.679    0.00200    6.58949    9.41703  287.55718     9.4248   14.89063 5.0454e+00     0.5389     1.9655 0.0000e+00
        315 290.622889    0.02182     1.3091     78.544      6.056  48137.940    30.4751     9.4667      6.000     9.4685    23.5057     5.6619     8.0914     86.080    247.053    252.860   -0.01594    6.57740    9.39977  287.00088     9.4661   14.86347 4.0869e+00     0.5559     1.4903 0.0000e+00
        320 290.622901    0.02212     1.3274     79.644      7.066  48189.088    30.5107     9.4680      7.000     9.4651    23.5333     5.5494     7.9306     84.392    242.137    247.835   -0.02186    6.57571    9.39736  286.91928     9.4672   14.85942 3.3399e+00     0.4939     1.4331 0.0000e+00
        324 290.622914    0.02243     1.3457     80.740      8.075  48227.456    30.5366     9.4638      8.000     9.4619    23.5543     5.5227     7.8925     83.992    240.967    246.643   -0.01785    6.57522    9.39665  286.89183     9.4629   14.85800 2.6587e+00     0.4430     1.5964 0.0000e+00
        328 290.622926    0.02273     1.3637     81.820      9.085  48262.488    30.5607     9.4629      9.000     9.4627    23.5732     5.5238     7.8940     84.020    241.011    246.692   -0.01217    6.57433    9.39537  286.84765     9.4619   14.85579 2.0829e+00     0.4018     1.5617 0.0000e+00
        333 290.622939    0.02304     1.3825     82.948     10.095  48283.581    30.5753     9.4650     10.000     9.4647    23.5844     5.5275     7.8993     84.089    241.170    246.858   -0.00790    6.57340    9.39405  286.80402     9.4639   14.85364 1.6169e+00     0.4044     1.6307 0.0000e+00
        337 290.622952    0.02336     1.4015     84.088     11.104  48296.880    30.5845     9.4666     11.000     9.4656    23.5912     5.5330     7.9072     84.181    241.409    247.104   -0.00481    6.57278    9.39316  286.77516     9.4654   14.85223 1.2379e+00     0.4282     1.7890 0.0000e+00
        342 290.622966    0.02368     1.4206     85.236     12.113  48307.506    30.5915     9.4668     12.000     9.4652    23.5967     5.5346     7.9095     84.209    241.478    247.176   -0.00305    6.57246    9.39270  286.75953     9.4655   14.85145 9.5057e-01     0.4245     1.9635 0.0000e+00
        347 290.622979    0.02401     1.4402     86.415     13.123  48317.140    30.5978     9.4661     13.000     9.4643    23.6017     5.5304     7.9034     84.147    241.291    246.987   -0.00247    6.57229    9.39246  286.75067     9.4647   14.85100 7.2242e-01     0.4135     2.0424 0.0000e+00
        351 290.622993    0.02434     1.4602     87.611     14.132  48325.735    30.6032     9.4649     14.000     9.4623    23.6062     5.5299     7.9028     84.141    241.270    246.966   -0.00175    6.57225    9.39241  286.74772     9.4633   14.85084 5.4404e-01     0.4176     1.9335 0.0000e+00
        356 290.623006    0.02465     1.4792     88.752     15.142  48333.832    30.6081     9.4626     15.000     9.4597    23.6104     5.5267     7.8982     84.089    241.128    246.822   -0.00148    6.57238    9.39258  286.75190     9.4609   14.85102 4.2436e-01     0.4209     1.7892 0.0000e+00
        360 290.623019    0.02495     1.4971     89.826     16.152  48341.543    30.6127     9.4598     16.000     9.4567    23.6145     5.5214     7.8907     84.007    240.898    246.587   -0.00163    6.57258    9.39287  286.75961     9.4581   14.85137 3.4674e-01     0.4154     1.6446 0.0000e+00
        365 290.623031    0.02525     1.5146     90.875     17.161  48347.389    30.6161     9.4571     17.000     9.4540    23.6175     5.5226     7.8923     84.021    240.946    246.637   -0.00117    6.57283    9.39323  286.76971     9.4553   14.85184 2.9490e-01     0.4071     1.5842 0.0000e+00
        369 290.623043    0.02554     1.5321     91.926     18.171  48351.736    30.6184     9.4546     18.000     9.4515    23.6198     5.5273     7.8990     84.089    241.152    246.848   -0.00044    6.57310    9.39362  286.78091     9.4526   14.85237 2.4601e-01     0.3851     1.5622 0.0000e+00
        373 290.623056    0.02583     1.5501     93.005     19.180  48356.083    30.6207     9.4523     19.000     9.4490    23.6219     5.5286     7.9010     84.107    241.211    246.909   -0.00024    6.57333    9.39395  286.79058     9.4502   14.85282 2.0493e-01     0.3835     1.5098 0.0000e+00
        377 290.623068    0.02614     1.5682     94.093     20.190  48361.798    30.6240     9.4495     20.000     9.4459    23.6249     5.5267     7.8982     84.074    241.125    246.822   -0.00039    6.57359    9.39433  286.80126     9.4474   14.85332 1.7214e-01     0.3843     1.5052 0.0000e+00
        382 290.623081    0.02643     1.5859     95.152     21.199  48369.052    30.6283     9.4467     21.000     9.4434    23.6287     5.5240     7.8943     84.030    241.006    246.701   -0.00064    6.57383    9.39465  286.81016     9.4445   14.85373 1.4669e-01     0.3794     1.4049 0.0000e+00
        386 290.623092    0.02672     1.6029     96.177     22.209  48375.237    30.6319     9.4449     22.000     9.4420    23.6319     5.5234     7.8935     84.019    240.979    246.674   -0.00058    6.57394    9.39481  286.81410     9.4426   14.85390 1.2770e-01     0.3764     1.2323 0.0000e+00
        390 290.623105    0.02701     1.6206     97.238     23.218  48382.873    30.6367     9.4439     23.000     9.4410    23.6358     5.5255     7.8965     84.053    241.072    246.770   -0.00030    6.57387    9.39472  286.81021     9.4415   14.85369 1.1301e-01     0.3603     1.1160 0.0000e+00
        394 290.623117    0.02731     1.6385     98.311     24.228  48395.104    30.6447     9.4430     24.000     9.4403    23.6422     5.5273     7.8990     84.082    241.146    246.847   -0.00006    6.57367    9.39443  286.79964     9.4404   14.85316 1.0097e-01     0.3527     1.1083 0.0000e+00
        399 290.623130    0.02761     1.6565     99.388     25.237  48404.070    30.6506     9.4432     25.000     9.4413    23.6468     5.5246     7.8952     84.044    241.027    246.727   -0.00031    6.57339    9.39403  286.78598     9.4406   14.85248 9.1257e-02     0.3621     1.0912 0.0000e+00
        403 290.623142    0.02793     1.6754    100.522     26.247  48410.156    30.6548     9.4454     26.000     9.4440    23.6497     5.5231     7.8931     84.028    240.962    246.661   -0.00041    6.57288    9.39331  286.76306     9.4427   14.85137 8.4189e-02     0.3565     1.2589 0.0000e+00
        408 290.623156    0.02823     1.6939    101.637     27.257  48416.821    30.6594     9.4485     27.000     9.4469    23.6529     5.5255     7.8965     84.073    241.067    246.769   -0.00007    6.57225    9.39240  286.73455     9.4456   14.84999 7.9285e-02     0.3534     1.2035 0.0000e+00
        412 290.623168    0.02854     1.7124    102.744     28.266  48423.041    30.6637     9.4509     28.000     9.4484    23.6559     5.5244     7.8949     84.063    241.018    246.719   -0.00012    6.57171    9.39163  286.71016     9.4480   14.84880 7.4332e-02     0.3418     1.3268 0.0000e+00
        417 290.623182    0.02886     1.7315    103.888     29.275  48427.753    30.6666     9.4514     29.000     9.4480    23.6581     5.5177     7.8854     83.964    240.727    246.422   -0.00072    6.57153    9.39137  286.70171     9.4483   14.84839 6.9967e-02     0.3482     1.4826 0.0000e+00
        421 290.623195    0.02919     1.7510    105.059     30.286  48432.006    30.6692     9.4512     30.000     9.4483    23.6601     5.5149     7.8814     83.923    240.605    246.297   -0.00087    6.57144    9.39124  286.69705     9.4481   14.84815 6.6388e-02     0.3624     1.6069 0.0000e+00
        426 290.623209    0.02951     1.7709    106.256     31.295  48435.865    30.6716     9.4522     31.000     9.4493    23.6619     5.5184     7.8864     83.979    240.756    246.454   -0.00030    6.57119    9.39090  286.68606     9.4489   14.84762 6.3562e-02     0.3477     1.6698 0.0000e+00
        431 290.623222    0.02983     1.7900    107.403     32.303  48443.020    30.6763     9.4530     32.000     9.4491    23.6655     5.5188     7.8868     83.988    240.769    246.467   -0.00018    6.57088    9.39045  286.67137     9.4496   14.84690 6.1264e-02     0.3421     1.7466 0.0000e+00
        435 290.623235    0.03015     1.8090    108.542     33.314  48453.382    30.6830     9.4515     33.000     9.4473    23.6709     5.5130     7.8786     83.901    240.518    246.211   -0.00066    6.57081    9.39035  286.66683     9.4480   14.84665 5.9478e-02     0.3337     1.8770 0.0000e+00
        440 290.623248    0.03046     1.8275    109.650     34.323  48459.548    30.6867     9.4503     34.000     9.4461    23.6740     5.5079     7.8713     83.823    240.292    245.980   -0.00102    6.57083    9.39037  286.66674     9.4467   14.84664 5.8091e-02     0.3392     2.1677 0.0000e+00
        444 290.623261    0.03077     1.8463    110.775     35.333  48466.124    30.6907     9.4488     35.000     9.4444    23.6774     5.5073     7.8706     83.815    240.270    245.959   -0.00085    6.57087    9.39043  286.66750     9.4452   14.84665 5.6986e-02     0.3260     1.9249 0.0000e+00
        449 290.623275    0.03109     1.8655    111.932     36.343  48476.000    30.6970     9.4469     36.000     9.4417    23.6826     5.5135     7.8792     83.907    240.534    246.230   -0.00012    6.57090    9.39047  286.66720     9.4431   14.84661 5.6155e-02     0.3155     1.6800 0.0000e+00
        453 290.623288    0.03141     1.8845    113.067     37.353  48486.317    30.7034     9.4440     37.000     9.4391    23.6881     5.5204     7.8892     84.011    240.836    246.541    0.00048    6.57104    9.39068  286.67206     9.4400   14.84682 5.5512e-02     0.3309     1.4942 0.0000e+00
        458 290.623300    0.03170     1.9021    114.125     38.362  48490.644    30.7058     9.4425     38.000     9.4381    23.6902     5.5252     7.8961     84.083    241.045    246.755    0.00072    6.57116    9.39085  286.67672     9.4384   14.84703 5.5024e-02     0.3343     1.3182 0.0000e+00
        462 290.623312    0.03199     1.9196    115.174     39.371  48493.503    30.7073     9.4417     39.000     9.4369    23.6915     5.5284     7.9005     84.130    241.182    246.896    0.00073    6.57120    9.39091  286.67818     9.4376   14.84710 5.4611e-02     0.3303     1.1889 0.0000e+00
        466 290.623325    0.03229     1.9372    116.235     40.381  48501.914    30.7125     9.4400     40.000     9.4349    23.6959     5.5309     7.9043     84.169    241.295    247.012    0.00069    6.57122    9.39094  286.67777     9.4358   14.84705 5.4247e-02     0.3156     1.2411 0.0000e+00
        470 290.623337    0.03259     1.9554    117.322     41.391  48508.395    30.7164     9.4381     41.000     9.4329    23.6992     5.5295     7.9022     84.145    241.229    246.946    0.00030    6.57134    9.39111  286.68207     9.4338   14.84725 5.3938e-02     0.3116     1.3526 0.0000e+00
        475 290.623350    0.03290     1.9740    118.441     42.400  48513.351    30.7193     9.4365     42.000     9.4316    23.7017     5.5240     7.8943     84.061    240.990    246.702   -0.00034    6.57145    9.39126  286.68597     9.4321   14.84742 5.3672e-02     0.3104     1.2740 0.0000e+00
        479 290.623363    0.03321     1.9930    119.579     43.411  48518.234    30.7221     9.4355     43.000     9.4305    23.7041     5.5161     7.8831     83.941    240.648    246.352   -0.00101    6.57148    9.39130  286.68649     9.4310   14.84743 5.3478e-02     0.3161     1.2027 0.0000e+00
        484 290.623377    0.03353     2.0120    120.723     44.420  48524.131    30.7257     9.4348     44.000     9.4298    23.7070     5.5104     7.8749     83.853    240.395    246.094   -0.00129    6.57144    9.39124  286.68397     9.4301   14.84730 5.3336e-02     0.3240     1.3362 0.0000e+00
        488 290.623389    0.03385     2.0310    121.860     45.429  48528.546    30.7284     9.4343     45.000     9.4295    23.7092     5.5089     7.8728     83.832    240.330    246.028   -0.00110    6.57139    9.39118  286.68139     9.4296   14.84717 5.3152e-02     0.3257     1.5108 0.0000e+00
        493 290.623403    0.03417     2.0499    122.996     46.439  48532.045    30.7304     9.4343     46.000     9.4294    23.7108     5.5100     7.8743     83.850    240.377    246.077   -0.00070    6.57131    9.39106  286.67732     9.4294   14.84697 5.3027e-02     0.3067     1.3799 0.0000e+00
        498 290.623416    0.03448     2.0692    124.152     47.449  48534.437    30.7316     9.4343     47.000     9.4292    23.7118     5.5123     7.8776     83.884    240.476    246.178   -0.00034    6.57125    9.39098  286.67471     9.4293   14.84683 5.2906e-02     0.3048     1.2773 0.0000e+00
        502 290.623430    0.03481     2.0888    125.326     48.459  48536.374    30.7325     9.4341     48.000     9.4289    23.7126     5.5161     7.8831     83.943    240.643    246.349    0.00006    6.57124    9.39096  286.67390     9.4290   14.84679 5.2819e-02     0.3189     1.3725 0.0000e+00
        507 290.623443    0.03514     2.1083    126.500     49.468  48537.963    30.7332     9.4338     49.000     9.4285    23.7131     5.5171     7.8846     83.959    240.688    246.396    0.00009    6.57126    9.39099  286.67463     9.4286   14.84682 5.2689e-02     0.3121     1.2961 0.0000e+00
        512 290.623457    0.03546     2.1276    127.659     50.478  48540.509    30.7345     9.4338     50.000     9.4287    23.7142     5.5157     7.8824     83.936    240.621    246.328   -0.00013    6.57121    9.39092  286.67220     9.4285   14.84670 5.2572e-02     0.2932     1.0208 0.0000e+00
        516 290.623470    0.03578     2.1470    128.822     51.488  48542.940    30.7359     9.4344     51.000     9.4293    23.7152     5.5147     7.8811     83.924    240.583    246.289   -0.00023    6.57106    9.39070  286.66523     9.4290   14.84637 5.2527e-02     0.2960     1.1030 0.0000e+00
        521 290.623484    0.03611     2.1667    130.000     52.497  48544.131    30.7364     9.4350     52.000     9.4296    23.7155     5.5162     7.8832     83.948    240.647    246.354   -0.00010    6.57096    9.39055  286.66065     9.4295   14.84614 5.2452e-02     0.3115     1.1257 0.0000e+00
        526 290.623497    0.03643     2.1860    131.157     53.507  48545.660    30.7371     9.4355     53.000     9.4302    23.7160     5.5222     7.8918     84.042    240.911    246.624    0.00040    6.57085    9.39040  286.65585     9.4299   14.84591 5.2380e-02     0.3028     1.1755 0.0000e+00
