CTD-processing/allCTD/CNV/2018_07-24_t9_s03_cast181_5028.cnv
* Sea-Bird SBE19plus Data File:
* FileName = C:\Users\Kim.Powell\Desktop\Not Processed\2018\2018_08-24_T4, T9_5028\2018_07-24_TRANSECT_STATION_cast181.hex
* Software Version 1.59
* Temperature SN =  5028
* Conductivity SN =  5028
* System UpLoad Time = Jul 26 2018 09:30:42
** 2018_07-24
** Station: 9-03
** Start Time: 13:09
** Depth (m): 96
** Comment:
** Comment:
# nquan = 27
# nvalues = 92                          
# units = specified
# name 0 = scan: Scan Count
# name 1 = timeJ: Julian Days
# name 2 = timeH: Time, Elapsed [hours]
# name 3 = timeM: Time, Elapsed [minutes]
# name 4 = timeS: Time, Elapsed [seconds]
# name 5 = prdM: Pressure, Strain Gauge [db]
# name 6 = specc: Specific Conductance [uS/cm]
# name 7 = sal00: Salinity, Practical [PSU]
# name 8 = tv290C: Temperature [ITS-90, deg C]
# name 9 = depSM: Depth [salt water, m], lat = 59.00
# name 10 = potemp090C: Potential Temperature [ITS-90, deg C]
# name 11 = sigma-é00: Density [sigma-theta, kg/m^3]
# name 12 = sbeox0ML/L: Oxygen, SBE 43 [ml/l]
# name 13 = sbeox0Mg/L: Oxygen, SBE 43 [mg/l]
# name 14 = sbeox0PS: Oxygen, SBE 43 [% saturation]
# name 15 = sbox0Mm/Kg: Oxygen, SBE 43 [umol/kg]
# name 16 = sbeox0Mm/L: Oxygen, SBE 43 [umol/l]
# name 17 = sbox0dV/dT: Oxygen, SBE 43 [dov/dt]
# name 18 = oxsolML/L: Oxygen Saturation, Garcia & Gordon [ml/l]
# name 19 = oxsolMg/L: Oxygen Saturation, Garcia & Gordon [mg/l]
# name 20 = oxsolMm/Kg: Oxygen Saturation, Garcia & Gordon [umol/kg]
# name 21 = potemp090C: Potential Temperature [ITS-90, deg C]
# name 22 = n2satMg/L: Nitrogen Saturation [mg/l]
# name 23 = par: PAR/Irradiance, Biospherical/Licor
# name 24 = flECO-AFL: Fluorescence, WET Labs ECO-AFL/FL [mg/m^3]
# name 25 = turbWETntu0: Turbidity, WET Labs ECO [NTU]
# name 26 = flag: flag
# span 0 =        243,        797       
# span 1 = 205.549403, 205.551006       
# span 2 =    0.01679,    0.05525       
# span 3 =     1.0073,     3.3150       
# span 4 =     60.438,    198.897       
# span 5 =      1.010,     92.889       
# span 6 =  42152.088,  50104.352       
# span 7 =    26.6398,    31.5754       
# span 8 =     7.8202,    13.0370       
# span 9 =      1.000,     92.000       
# span 10 =     7.8114,    12.8561      
# span 11 =    19.9183,    24.6111      
# span 12 =     5.9040,     6.9149      
# span 13 =     8.4373,     9.8822      
# span 14 =     88.252,    105.155      
# span 15 =    258.497,    301.501      
# span 16 =    263.670,    308.819      
# span 17 =   -0.04460,    0.02722      
# span 18 =    6.24132,    6.77640      
# span 19 =    8.91947,    9.68414      
# span 20 =  273.29483,  295.36445      
# span 21 =     7.8115,    13.0369      
# span 22 =   14.22277,   15.25853      
# span 23 = 6.1101e-02, 2.1855e+02      
# span 24 =     0.2393,     0.8348      
# span 25 =     0.2167,     2.2192      
# span 26 = 0.0000e+00, 0.0000e+00      
# interval = meters: 1                  
# start_time = Jul 24 2018 13:10:08 [Instrument's time stamp, header]
# bad_flag = -9.990e-29
*END*
        243 205.549403    0.01679     1.0073     60.438      1.010  42152.088    26.6398    13.0370      1.000    12.8561    19.9183     5.9040     8.4373     94.736    258.497    263.670   -0.00214    6.24132    8.91947  273.29483    13.0369   14.22277 2.1855e+02     0.4999     2.2192 0.0000e+00
        363 205.549751    0.02513     1.5081     90.488      2.019  44559.922    28.2292    11.9359      2.000    11.4273    21.3453     6.3702     9.1036    100.758    278.546    284.493   -0.02488    6.32546    9.03972  276.58835    11.9356   14.37418 1.3986e+02     0.7510     1.4113 0.0000e+00
        377 205.549793    0.02613     1.5680     94.078      3.028  46055.573    29.1744    10.8518      3.000    10.4668    22.2671     6.2725     8.9640     97.493    274.028    280.129   -0.04460    6.43503    9.19630  281.12675    10.8515   14.58774 9.5742e+01     0.8348     1.3357 0.0000e+00
        381 205.549804    0.02642     1.5851     95.108      4.038  47569.490    30.1405    10.0039      4.000     9.5965    23.1587     6.2813     8.9767     96.428    274.176    280.526   -0.03694    6.51462    9.31005  284.35604    10.0035   14.73833 7.0086e+01     0.8080     1.2431 0.0000e+00
        386 205.549818    0.02674     1.6043     96.256      5.047  48959.048    31.0277     9.2926      5.000     9.1983    23.9642     6.2577     8.9430     95.113    272.931    279.472   -0.03303    6.57954    9.40282  286.96484     9.2920   14.85948 5.6049e+01     0.7705     0.8390 0.0000e+00
        390 205.549830    0.02704     1.6224     97.344      6.057  49314.216    31.2618     9.1746      6.000     9.1775    24.1656     6.4053     9.1539     97.249    279.313    286.063   -0.01197    6.58667    9.41301  287.21982     9.1740   14.87072 4.8271e+01     0.7177     0.5178 0.0000e+00
        395 205.549843    0.02733     1.6397     98.383      7.066  49403.446    31.3260     9.1875      7.000     9.1937    24.2139     6.6493     9.5025    101.022    289.935    296.956    0.01501    6.58205    9.40640  287.00465     9.1867   14.86018 4.1864e+01     0.6586     0.3947 0.0000e+00
        399 205.549856    0.02767     1.6601     99.604      8.075  49425.877    31.3430     9.1991      8.000     9.1992    24.2254     6.8308     9.7619    103.818    297.850    305.065    0.02722    6.57962    9.40293  286.89547     9.1983   14.85490 3.6560e+01     0.6311     0.3580 0.0000e+00
        404 205.549869    0.02796     1.6776    100.658      9.085  49443.981    31.3557     9.2023      9.000     9.2055    24.2348     6.8917     9.8489    104.760    300.501    307.784    0.02498    6.57861    9.40148  286.84875     9.2014   14.85261 3.1892e+01     0.6334     0.3317 0.0000e+00
        408 205.549882    0.02828     1.6968    101.810     10.095  49459.368    31.3675     9.2127     10.000     9.2152    24.2425     6.9066     9.8702    105.018    301.148    308.448    0.01848    6.57659    9.39860  286.75866     9.2117   14.84826 2.7654e+01     0.6101     0.2991 0.0000e+00
        413 205.549896    0.02861     1.7165    102.991     11.104  49470.403    31.3756     9.2182     11.000     9.2173    24.2479     6.9077     9.8718    105.053    301.195    308.498    0.01245    6.57544    9.39697  286.70728     9.2171   14.84577 2.4369e+01     0.5679     0.2794 0.0000e+00
        417 205.549908    0.02891     1.7347    104.083     12.114  49487.836    31.3872     9.2165     12.000     9.2096    24.2573     6.9142     9.8811    105.155    301.474    308.787    0.00904    6.57519    9.39661  286.69359     9.2153   14.84506 2.1437e+01     0.5420     0.2692 0.0000e+00
        422 205.549923    0.02925     1.7552    105.310     13.123  49512.246    31.4013     9.1976     13.000     9.1802    24.2712     6.9149     9.8822    105.132    301.501    308.819    0.00581    6.57736    9.39971  286.78445     9.1962   14.84935 1.8850e+01     0.5016     0.2645 0.0000e+00
        427 205.549936    0.02957     1.7744    106.463     14.133  49552.041    31.4214     9.1440     14.000     9.1105    24.2953     6.8904     9.8470    104.649    300.426    307.725    0.00124    6.58434    9.40967  287.08166     9.1426   14.86348 1.6661e+01     0.4800     0.2671 0.0000e+00
        432 205.549950    0.02990     1.7943    107.659     15.142  49608.890    31.4514     9.0760     15.000     9.0514    24.3292     6.8270     9.7564    103.550    297.652    304.893   -0.00550    6.59301    9.42208  287.45064     9.0745   14.88099 1.4734e+01     0.4667     0.2478 0.0000e+00
        437 205.549964    0.03026     1.8153    108.917     16.152  49632.887    31.4590     9.0135     16.000     8.9829    24.3448     6.7353     9.6254    102.022    293.651    300.800   -0.01259    6.60186    9.43473  287.83202     9.0118   14.89919 1.3031e+01     0.4504     0.2280 0.0000e+00
        442 205.549979    0.03059     1.8354    110.126     17.161  49698.095    31.4973     8.9632     17.000     8.9563    24.3824     6.6368     9.4847    100.442    289.345    296.400   -0.01756    6.60763    9.44296  288.07273     8.9615   14.91054 1.1549e+01     0.4176     0.2167 0.0000e+00
        447 205.549993    0.03094     1.8566    111.396     18.170  49724.333    31.5142     8.9555     18.000     8.9471    24.3968     6.5429     9.3505     99.015    285.249    292.208   -0.01982    6.60803    9.44353  288.08609     8.9537   14.91111 1.0249e+01     0.3958     0.2322 0.0000e+00
        451 205.550007    0.03128     1.8769    112.616     19.180  49734.561    31.5182     8.9363     19.000     8.9247    24.4029     6.4821     9.2636     98.055    282.597    289.493   -0.01879    6.61069    9.44734  288.20053     8.9344   14.91657 9.0706e+00     0.3913     0.2503 0.0000e+00
        456 205.550021    0.03163     1.8976    113.853     20.189  49747.480    31.5239     8.9163     20.000     8.9105    24.4105     6.4354     9.1968     97.309    280.557    287.405   -0.01678    6.61339    9.45120  288.31601     8.9143   14.92206 8.0179e+00     0.3901     0.2836 0.0000e+00
        461 205.550036    0.03196     1.9176    115.058     21.199  49752.130    31.5259     8.9098     21.000     8.9063    24.4130     6.4146     9.1671     96.981    279.649    286.476   -0.01330    6.61427    9.45246  288.35380     8.9076   14.92386 7.0551e+00     0.3908     0.3018 0.0000e+00
        466 205.550049    0.03230     1.9379    116.274     22.209  49756.851    31.5285     8.9083     22.000     8.9068    24.4153     6.4081     9.1578     96.881    279.366    286.187   -0.00945    6.61439    9.45262  288.35816     8.9060   14.92406 6.2277e+00     0.3835     0.2804 0.0000e+00
        471 205.550064    0.03265     1.9587    117.519     23.219  49761.135    31.5314     8.9106     23.000     8.9073    24.4172     6.4020     9.1490     96.795    279.097    285.912   -0.00675    6.61391    9.45193  288.33672     8.9083   14.92302 5.4999e+00     0.3693     0.2672 0.0000e+00
        476 205.550078    0.03299     1.9792    118.751     24.228  49762.949    31.5314     8.9047     24.000     8.8986    24.4181     6.3895     9.1312     96.594    278.552    285.354   -0.00558    6.61478    9.45319  288.37467     8.9022   14.92483 4.8750e+00     0.3905     0.2459 0.0000e+00
        481 205.550093    0.03333     2.0002    120.015     25.238  49772.675    31.5369     8.8981     25.000     8.8949    24.4234     6.3598     9.0888     96.135    277.258    284.030   -0.00628    6.61553    9.45425  288.40571     8.8955   14.92630 4.3144e+00     0.4209     0.2361 0.0000e+00
        486 205.550106    0.03367     2.0201    121.204     26.247  49774.249    31.5373     8.8963     26.000     8.8905    24.4241     6.3306     9.0471     95.690    275.984    282.725   -0.00690    6.61578    9.45461  288.41624     8.8936   14.92680 3.8168e+00     0.4368     0.2431 0.0000e+00
        491 205.550121    0.03401     2.0403    122.416     27.257  49774.098    31.5352     8.8856     27.000     8.8754    24.4240     6.3130     9.0219     95.399    275.215    281.937   -0.00638    6.61744    9.45698  288.48859     8.8829   14.93027 3.3601e+00     0.5026     0.2367 0.0000e+00
        495 205.550133    0.03432     2.0589    123.535     28.266  49784.645    31.5400     8.8711     28.000     8.8648    24.4301     6.2959     8.9975     95.113    274.469    281.175   -0.00606    6.61938    9.45975  288.57168     8.8682   14.93422 2.9438e+00     0.5659     0.2567 0.0000e+00
        500 205.550147    0.03462     2.0775    124.652     29.276  49790.940    31.5433     8.8658     29.000     8.8619    24.4334     6.2794     8.9739     94.855    273.750    280.439   -0.00578    6.62001    9.46066  288.59826     8.8629   14.93547 2.5794e+00     0.5827     0.2734 0.0000e+00
        504 205.550159    0.03494     2.0964    125.787     30.285  49790.938    31.5424     8.8631     30.000     8.8581    24.4332     6.2677     8.9572     94.672    273.240    279.917   -0.00511    6.62046    9.46130  288.61794     8.8600   14.93642 2.2571e+00     0.5847     0.2774 0.0000e+00
        509 205.550173    0.03526     2.1155    126.933     31.294  49794.683    31.5440     8.8592     31.000     8.8553    24.4351     6.2591     8.9448     94.534    272.862    279.529   -0.00435    6.62096    9.46201  288.63901     8.8560   14.93742 1.9796e+00     0.5844     0.2953 0.0000e+00
        513 205.550186    0.03558     2.1349    128.094     32.305  49799.045    31.5466     8.8586     32.000     8.8560    24.4372     6.2507     8.9328     94.407    272.494    279.152   -0.00374    6.62093    9.46198  288.63747     8.8554   14.93734 1.7301e+00     0.6045     0.3001 0.0000e+00
        518 205.550200    0.03590     2.1539    129.237     33.314  49797.698    31.5453     8.8593     33.000     8.8544    24.4360     6.2373     8.9137     94.206    271.912    278.557   -0.00373    6.62089    9.46192  288.63599     8.8559   14.93727 1.5172e+00     0.5972     0.2845 0.0000e+00
        523 205.550213    0.03624     2.1741    130.447     34.324  49794.242    31.5415     8.8529     34.000     8.8429    24.4340     6.2251     8.8963     94.007    271.383    278.014   -0.00375    6.62200    9.46350  288.68494     8.8494   14.93962 1.3334e+00     0.5763     0.2906 0.0000e+00
        527 205.550227    0.03656     2.1932    131.594     35.333  49791.717    31.5365     8.8335     35.000     8.8162    24.4331     6.2228     8.8931     93.928    271.284    277.913   -0.00309    6.62509    9.46792  288.81991     8.8298   14.94609 1.1706e+00     0.5797     0.2883 0.0000e+00
        532 205.550241    0.03689     2.2133    132.799     36.343  49786.263    31.5264     8.7938     36.000     8.7633    24.4312     6.2148     8.8815     93.717    270.932    277.552   -0.00322    6.63139    9.47693  289.09514     8.7901   14.95929 1.0332e+00     0.5801     0.2899 0.0000e+00
        537 205.550255    0.03722     2.2334    134.005     37.352  49796.776    31.5230     8.7229     37.000     8.6912    24.4392     6.1917     8.8486     93.220    269.925    276.522   -0.00503    6.64207    9.49218  289.55815     8.7192   14.98142 9.1063e-01     0.5314     0.3065 0.0000e+00
        542 205.550269    0.03756     2.2537    135.222     38.362  49823.389    31.5326     8.6645     38.000     8.6434    24.4555     6.1670     8.8133     92.732    268.843    275.418   -0.00632    6.65035    9.50401  289.91447     8.6606   14.99841 8.0645e-01     0.4691     0.3596 0.0000e+00
        547 205.550284    0.03792     2.2751    136.504     39.372  49824.330    31.5261     8.6194     39.000     8.5933    24.4572     6.1569     8.7989     92.483    268.404    274.968   -0.00568    6.65734    9.51400  290.21886     8.6154   15.01298 7.1068e-01     0.4331     0.3840 0.0000e+00
        552 205.550298    0.03825     2.2952    137.710     40.382  49841.347    31.5299     8.5671     40.000     8.5487    24.4678     6.1560     8.7976     92.363    268.361    274.927   -0.00457    6.66499    9.52493  290.54936     8.5630   15.02875 6.2871e-01     0.4063     0.3611 0.0000e+00
        557 205.550313    0.03862     2.3172    139.032     41.391  49858.926    31.5375     8.5387     41.000     8.5284    24.4781     6.1534     8.7937     92.270    268.242    274.808   -0.00356    6.66891    9.53053  290.71709     8.5346   15.03673 5.5517e-01     0.3895     0.3910 0.0000e+00
        562 205.550327    0.03897     2.3378    140.270     42.401  49856.423    31.5326     8.5211     42.000     8.5071    24.4769     6.1564     8.7981     92.276    268.376    274.945   -0.00241    6.67174    9.53460  290.84142     8.5169   15.04269 4.9015e-01     0.3971     0.4092 0.0000e+00
        567 205.550343    0.03934     2.3604    141.621     43.410  49856.342    31.5278     8.4924     43.000     8.4752    24.4774     6.1497     8.7884     92.112    268.081    274.643   -0.00244    6.67626    9.54104  291.03780     8.4881   15.05210 4.3371e-01     0.3829     0.4542 0.0000e+00
        572 205.550357    0.03968     2.3810    142.862     44.420  49853.915    31.5200     8.4546     44.000     8.4331    24.4768     6.1430     8.7789     91.930    267.791    274.345   -0.00277    6.68226    9.54963  291.29980     8.4503   15.06464 3.8396e-01     0.3619     0.4348 0.0000e+00
        578 205.550373    0.04006     2.4038    144.225     45.430  49872.074    31.5263     8.4149     45.000     8.4019    24.4876     6.1387     8.7728     91.788    267.602    274.155   -0.00264    6.68797    9.55777  291.54531     8.4104   15.07634 3.4006e-01     0.3489     0.4332 0.0000e+00
        583 205.550388    0.04042     2.4248    145.489     46.440  49879.205    31.5279     8.3954     46.000     8.3847    24.4917     6.1385     8.7725     91.745    267.592    274.146   -0.00210    6.69083    9.56186  291.66889     8.3909   15.08224 3.0117e-01     0.3376     0.4407 0.0000e+00
        588 205.550402    0.04077     2.4464    146.786     47.449  49885.371    31.5296     8.3813     47.000     8.3731    24.4951     6.1430     8.7789     91.783    267.786    274.345   -0.00120    6.69288    9.56480  291.75753     8.3766   15.08647 2.6782e-01     0.3413     0.4458 0.0000e+00
        593 205.550416    0.04110     2.4658    147.951     48.458  49889.984    31.5314     8.3752     48.000     8.3690    24.4975     6.1409     8.7759     91.741    267.693    274.250   -0.00108    6.69372    9.56600  291.79340     8.3704   15.08817 2.3884e-01     0.3463     0.4502 0.0000e+00
        597 205.550429    0.04142     2.4852    149.109     49.468  49892.097    31.5322     8.3729     49.000     8.3673    24.4984     6.1335     8.7653     91.625    267.370    273.920   -0.00147    6.69404    9.56645  291.80717     8.3680   15.08883 2.1398e-01     0.3351     0.4707 0.0000e+00
        602 205.550443    0.04175     2.5047    150.282     50.478  49887.536    31.5280     8.3694     50.000     8.3602    24.4957     6.1313     8.7622     91.583    267.276    273.822   -0.00135    6.69474    9.56746  291.83850     8.3644   15.09034 1.9237e-01     0.3402     0.4640 0.0000e+00
        607 205.550456    0.04205     2.5230    151.382     51.487  49887.310    31.5257     8.3586     51.000     8.3487    24.4954     6.1316     8.7627     91.565    267.291    273.838   -0.00110    6.69647    9.56992  291.91373     8.3536   15.09394 1.7394e-01     0.3359     0.4417 0.0000e+00
        611 205.550469    0.04237     2.5422    152.535     52.497  49887.312    31.5236     8.3474     52.000     8.3358    24.4954     6.1316     8.7627     91.540    267.289    273.836   -0.00098    6.69825    9.57248  291.99153     8.3423   15.09767 1.5805e-01     0.3309     0.4516 0.0000e+00
        616 205.550482    0.04269     2.5616    153.694     53.507  49884.545    31.5186     8.3305     53.000     8.3159    24.4940     6.1320     8.7632     91.508    267.306    273.853   -0.00089    6.70102    9.57642  292.11234     8.3253   15.10346 1.4443e-01     0.3314     0.4460 0.0000e+00
