CTD-processing/allCTD/CNV/2018_12-06_alongbay_skb05_cast026_4141.cnv
* Sea-Bird SBE19plus Data File:
* FileName = C:\Users\Kim.Powell\Desktop\Not Processed\2018\2018_12-06_AlongBay, T9_4141\2018_12-06_TRANSECT_STATION_cast026.hex
* Software Version 1.59
* Temperature SN =  4141
* Conductivity SN =  4141
* System UpLoad Time = Jan 10 2019 09:47:11
** 2018_12-06
** Station: KB05
** Start Time: 12:09
** Depth (m): 177
** Comment:
** Comment:
# nquan = 27
# nvalues = 172                         
# units = specified
# name 0 = scan: Scan Count
# name 1 = timeJ: Julian Days
# name 2 = timeH: Time, Elapsed [hours]
# name 3 = timeM: Time, Elapsed [minutes]
# name 4 = timeS: Time, Elapsed [seconds]
# name 5 = prdM: Pressure, Strain Gauge [db]
# name 6 = specc: Specific Conductance [uS/cm]
# name 7 = sal00: Salinity, Practical [PSU]
# name 8 = tv290C: Temperature [ITS-90, deg C]
# name 9 = depSM: Depth [salt water, m], lat = 59.00
# name 10 = potemp090C: Potential Temperature [ITS-90, deg C]
# name 11 = sigma-é00: Density [sigma-theta, kg/m^3]
# name 12 = sbeox0ML/L: Oxygen, SBE 43 [ml/l]
# name 13 = sbeox0Mg/L: Oxygen, SBE 43 [mg/l]
# name 14 = sbeox0PS: Oxygen, SBE 43 [% saturation]
# name 15 = sbox0Mm/Kg: Oxygen, SBE 43 [umol/kg]
# name 16 = sbeox0Mm/L: Oxygen, SBE 43 [umol/l]
# name 17 = sbox0dV/dT: Oxygen, SBE 43 [dov/dt]
# name 18 = oxsolML/L: Oxygen Saturation, Garcia & Gordon [ml/l]
# name 19 = oxsolMg/L: Oxygen Saturation, Garcia & Gordon [mg/l]
# name 20 = oxsolMm/Kg: Oxygen Saturation, Garcia & Gordon [umol/kg]
# name 21 = n2satMg/L: Nitrogen Saturation [mg/l]
# name 22 = par: PAR/Irradiance, Biospherical/Licor
# name 23 = wetStar: Fluorescence, WET Labs WETstar [mg/m^3]
# name 24 = CStarAt0: Beam Attenuation, WET Labs C-Star [1/m]
# name 25 = CStarTr0: Beam Transmission, WET Labs C-Star [%]
# name 26 = flag: flag
# span 0 =        151,       1105       
# span 1 = 340.507147, 340.509909       
# span 2 =    0.01043,    0.07670       
# span 3 =     0.6257,     4.6017       
# span 4 =     37.543,    276.105       
# span 5 =      1.017,    173.689       
# span 6 =  48977.957,  49649.929       
# span 7 =    30.7659,    31.2606       
# span 8 =     7.4231,     8.0659       
# span 9 =      1.000,    172.000       
# span 10 =     7.4134,     8.0495      
# span 11 =    24.0296,    24.3316      
# span 12 =     5.8932,     6.1735      
# span 13 =     8.4221,     8.8225      
# span 14 =     87.103,     90.335      
# span 15 =    256.941,    269.221      
# span 16 =    263.194,    275.709      
# span 17 =   -0.00356,    0.00897      
# span 18 =    6.75256,    6.87441      
# span 19 =    9.65009,    9.82421      
# span 20 =  294.40603,  299.80668      
# span 21 =   15.21406,   15.47380      
# span 22 = 3.6402e-02, 3.6284e+01      
# span 23 =     0.2254,     0.3821      
# span 24 =     0.2032,     1.4133      
# span 25 =    70.2256,    95.0460      
# span 26 = 0.0000e+00, 0.0000e+00      
# interval = meters: 1                  
# start_time = Dec 06 2018 12:09:40 [Instrument's time stamp, header]
# bad_flag = -9.990e-29
*END*
[from data line 162]
       1059 340.509773    0.07344     4.4063    264.379    164.609  49633.008    31.2508     8.0548    163.000     8.0389    24.3252     5.9137     8.4512     87.550    257.833    264.105   -0.00064    6.75465    9.65306  294.49869   15.21853 3.7006e-02     0.2297     0.9529    78.8030 0.0000e+00
       1063 340.509787    0.07377     4.4260    265.558    165.610  49634.166    31.2511     8.0547    164.000     8.0389    24.3255     5.9158     8.4542     87.581    257.924    264.198   -0.00024    6.75464    9.65306  294.49858   15.21852 3.6993e-02     0.2333     0.9608    78.6478 0.0000e+00
       1069 340.509803    0.07416     4.4494    266.961    166.629  49634.391    31.2508     8.0549    165.000     8.0390    24.3252     5.9147     8.4527     87.566    257.879    264.152   -0.00034    6.75463    9.65305  294.49815   15.21850 3.7048e-02     0.2288     0.9485    78.8888 0.0000e+00
       1074 340.509817    0.07448     4.4692    268.149    167.631  49636.802    31.2522     8.0554    166.000     8.0395    24.3263     5.9159     8.4544     87.585    257.930    264.204   -0.00021    6.75450    9.65286  294.49234   15.21822 3.7008e-02     0.2394     0.9618    78.6273 0.0000e+00
       1079 340.509832    0.07486     4.4918    269.510    168.648  49639.295    31.2536     8.0565    167.000     8.0413    24.3273     5.9169     8.4559     87.603    257.974    264.250   -0.00004    6.75428    9.65253  294.48196   15.21772 3.7027e-02     0.2312     0.9570    78.7226 0.0000e+00
       1084 340.509846    0.07520     4.5118    270.708    169.652  49645.567    31.2580     8.0594    168.000     8.0448    24.3303     5.9175     8.4567     87.619    257.997    264.274   -0.00002    6.75363    9.65162  294.45313   15.21632 3.7021e-02     0.2313     0.9716    78.4359 0.0000e+00
       1089 340.509862    0.07558     4.5350    272.098    170.668  49648.096    31.2600     8.0636    169.000     8.0479    24.3313     5.9108     8.4472     87.530    257.708    263.978   -0.00056    6.75290    9.65057  294.42082   15.21478 3.7044e-02     0.2460     1.0983    75.9941 0.0000e+00
       1094 340.509876    0.07592     4.5553    273.320    171.671  49647.880    31.2596     8.0646    170.000     8.0481    24.3309     5.9067     8.4414     87.472    257.530    263.796   -0.00074    6.75277    9.65038  294.41528   15.21451 3.7075e-02     0.2344     1.2539    73.0958 0.0000e+00
       1100 340.509893    0.07632     4.5791    274.744    172.688  49649.929    31.2606     8.0653    171.000     8.0490    24.3316     5.8972     8.4277     87.332    257.112    263.368   -0.00141    6.75262    9.65017  294.40851   15.21418 3.7053e-02     0.2326     1.3108    72.0596 0.0000e+00
       1105 340.509909    0.07670     4.6017    276.105    173.689  49649.327    31.2600     8.0659    172.000     8.0495    24.3310     5.8932     8.4221     87.275    256.941    263.194   -0.00120    6.75256    9.65009  294.40603   15.21406 3.7101e-02     0.2401     1.4133    70.2256 0.0000e+00
