CTD-processing/allCTD/CNV/2018_07-18_alongbay_skb12_cast166_5028.cnv
* Sea-Bird SBE19plus Data File:
* FileName = C:\Users\Kim.Powell\Desktop\Not Processed\2018\2018_07-18_AlongBay,T6,T7_5028\2018_07-18_TRANSECT_STATION_cast166.hex
* Software Version 1.59
* Temperature SN =  5028
* Conductivity SN =  5028
* System UpLoad Time = Jul 19 2018 13:39:23
** 2018_07-18
** Station: KB12
** Start Time: 16:27
** Depth (m): 77.9
** Comment: Turbid
** Comment:
# nquan = 27
# nvalues = 74                          
# units = specified
# name 0 = scan: Scan Count
# name 1 = timeJ: Julian Days
# name 2 = timeH: Time, Elapsed [hours]
# name 3 = timeM: Time, Elapsed [minutes]
# name 4 = timeS: Time, Elapsed [seconds]
# name 5 = prdM: Pressure, Strain Gauge [db]
# name 6 = specc: Specific Conductance [uS/cm]
# name 7 = sal00: Salinity, Practical [PSU]
# name 8 = tv290C: Temperature [ITS-90, deg C]
# name 9 = depSM: Depth [salt water, m], lat = 59.00
# name 10 = potemp090C: Potential Temperature [ITS-90, deg C]
# name 11 = sigma-é00: Density [sigma-theta, kg/m^3]
# name 12 = sbeox0ML/L: Oxygen, SBE 43 [ml/l]
# name 13 = sbeox0Mg/L: Oxygen, SBE 43 [mg/l]
# name 14 = sbeox0PS: Oxygen, SBE 43 [% saturation]
# name 15 = sbox0Mm/Kg: Oxygen, SBE 43 [umol/kg]
# name 16 = sbeox0Mm/L: Oxygen, SBE 43 [umol/l]
# name 17 = sbox0dV/dT: Oxygen, SBE 43 [dov/dt]
# name 18 = oxsolML/L: Oxygen Saturation, Garcia & Gordon [ml/l]
# name 19 = oxsolMg/L: Oxygen Saturation, Garcia & Gordon [mg/l]
# name 20 = oxsolMm/Kg: Oxygen Saturation, Garcia & Gordon [umol/kg]
# name 21 = potemp090C: Potential Temperature [ITS-90, deg C]
# name 22 = n2satMg/L: Nitrogen Saturation [mg/l]
# name 23 = par: PAR/Irradiance, Biospherical/Licor
# name 24 = flECO-AFL: Fluorescence, WET Labs ECO-AFL/FL [mg/m^3]
# name 25 = turbWETntu0: Turbidity, WET Labs ECO [NTU]
# name 26 = flag: flag
# span 0 =        196,        625       
# span 1 = 199.687058, 199.688298       
# span 2 =    0.01357,    0.04329       
# span 3 =     0.8144,     2.5981       
# span 4 =     48.864,    155.887       
# span 5 =      1.010,     74.712       
# span 6 =  39559.366,  50063.171       
# span 7 =    24.8679,    31.5056       
# span 8 =     7.5280,    12.5379       
# span 9 =      1.000,     74.000       
# span 10 =     7.5213,    12.4513      
# span 11 =    18.6418,    24.5975      
# span 12 =     5.2132,     6.4139      
# span 13 =     7.4501,     9.1661      
# span 14 =     81.717,     98.066      
# span 15 =    228.579,    280.289      
# span 16 =    232.820,    286.444      
# span 17 =   -0.00430,    0.07597      
# span 18 =    6.37892,    6.82475      
# span 19 =    9.11611,    9.75324      
# span 20 =  279.65716,  297.47608      
# span 21 =     7.5213,    12.5378      
# span 22 =   14.52874,   15.35959      
# span 23 = 6.0462e-02, 6.2621e+02      
# span 24 =     0.2271,     1.8235      
# span 25 =     0.3713,     5.2041      
# span 26 = 0.0000e+00, 0.0000e+00      
# interval = meters: 1                  
# start_time = Jul 18 2018 16:28:33 [Instrument's time stamp, header]
# bad_flag = -9.990e-29
*END*
[from data line 54]
        534 199.688036    0.03703     2.2220    133.322     55.526  49986.088    31.4961     7.7444     55.000     7.7389    24.5599     6.0946     8.7098     89.738    265.659    272.184   -0.00318    6.79156    9.70582  296.04024     7.7393   15.29109 8.5072e-02     0.2460     1.2831 0.0000e+00
        539 199.688050    0.03736     2.2419    134.516     56.536  49986.135    31.4957     7.7437     56.000     7.7378    24.5596     6.0879     8.7002     89.638    265.369    271.886   -0.00281    6.79169    9.70600  296.04602     7.7385   15.29137 7.9435e-02     0.2509     1.2941 0.0000e+00
        543 199.688062    0.03767     2.2602    135.614     57.546  49985.175    31.4941     7.7413     57.000     7.7337    24.5588     6.0854     8.6967     89.596    265.262    271.777   -0.00225    6.79213    9.70663  296.06548     7.7360   15.29231 7.5162e-02     0.2500     1.2721 0.0000e+00
        548 199.688077    0.03802     2.2810    136.859     58.556  49983.388    31.4911     7.7337     58.000     7.7225    24.5575     6.0824     8.6925     89.535    265.133    271.643   -0.00192    6.79344    9.70851  296.12314     7.7282   15.29507 7.1975e-02     0.2475     1.2684 0.0000e+00
        553 199.688090    0.03833     2.2998    137.986     59.565  49980.719    31.4861     7.7172     59.000     7.6994    24.5559     6.0808     8.6902     89.475    265.063    271.571   -0.00173    6.79622    9.71247  296.24446     7.7117   15.30089 6.9566e-02     0.2293     1.2840 0.0000e+00
        558 199.688104    0.03867     2.3201    139.203     60.576  49983.997    31.4821     7.6813     60.000     7.6577    24.5577     6.0785     8.6868     89.365    264.961    271.467   -0.00183    6.80196    9.72069  296.49439     7.6757   15.31283 6.7656e-02     0.2294     1.2688 0.0000e+00
        563 199.688118    0.03901     2.3402    140.412     61.585  49999.862    31.4857     7.6388     61.000     7.6172    24.5664     6.0657     8.6685     89.092    264.400    270.895   -0.00274    6.80839    9.72988  296.77221     7.6331   15.32608 6.6099e-02     0.2480     1.2555 0.0000e+00
        567 199.688132    0.03932     2.3592    141.551     62.595  50018.440    31.4928     7.6056     62.000     7.5903    24.5765     6.0555     8.6539     88.878    263.952    270.438   -0.00335    6.81325    9.73680  296.98066     7.5999   15.33599 6.4906e-02     0.2625     1.3626 0.0000e+00
        572 199.688146    0.03966     2.3800    142.798     63.605  50033.147    31.4996     7.5880     63.000     7.5786    24.5844     6.0506     8.6469     88.775    263.737    270.221   -0.00280    6.81567    9.74028  297.08433     7.5822   15.34091 6.3928e-02     0.2389     1.4625 0.0000e+00
        577 199.688159    0.03997     2.3985    143.910     64.614  50037.700    31.5012     7.5806     64.000     7.5717    24.5866     6.0433     8.6365     88.654    263.417    269.894   -0.00275    6.81674    9.74181  297.13047     7.5748   15.34311 6.3211e-02     0.2449     1.5137 0.0000e+00
        582 199.688173    0.04032     2.4189    145.133     65.624  50041.344    31.5021     7.5738     65.000     7.5647    24.5883     6.0394     8.6309     88.583    263.247    269.719   -0.00229    6.81778    9.74328  297.17482     7.5678   15.34523 6.2638e-02     0.2461     1.5462 0.0000e+00
        586 199.688186    0.04062     2.4372    146.234     66.634  50042.688    31.5013     7.5659     66.000     7.5556    24.5887     6.0310     8.6188     88.443    262.879    269.342   -0.00240    6.81903    9.74508  297.22960     7.5598   15.34784 6.2185e-02     0.2518     1.5729 0.0000e+00
        591 199.688200    0.04096     2.4578    147.465     67.643  50046.975    31.5023     7.5565     67.000     7.5473    24.5908     6.0165     8.5982     88.213    262.248    268.697   -0.00296    6.82047    9.74713  297.29143     7.5503   15.35078 6.1744e-02     0.2480     1.6587 0.0000e+00
        595 199.688213    0.04127     2.4760    148.562     68.653  50047.932    31.5014     7.5501     68.000     7.5403    24.5911     6.0092     8.5878     88.093    261.930    268.372   -0.00289    6.82150    9.74861  297.33640     7.5438   15.35294 6.1426e-02     0.2590     1.7616 0.0000e+00
        600 199.688226    0.04160     2.4961    149.764     69.663  50051.956    31.5023     7.5414     69.000     7.5319    24.5930     6.0112     8.5907     88.106    262.019    268.463   -0.00196    6.82281    9.75048  297.39286     7.5350   15.35563 6.1221e-02     0.2535     1.8965 0.0000e+00
        605 199.688240    0.04193     2.5157    150.942     70.672  50056.618    31.5040     7.5350     70.000     7.5265    24.5951     6.0077     8.5856     88.042    261.864    268.304   -0.00168    6.82373    9.75179  297.43248     7.5285   15.35751 6.1023e-02     0.2475     2.1768 0.0000e+00
        609 199.688253    0.04223     2.5342    152.051     71.682  50060.020    31.5053     7.5314     71.000     7.5241    24.5967     5.9973     8.5708     87.883    261.411    267.842   -0.00212    6.82423    9.75251  297.45386     7.5249   15.35852 6.0824e-02     0.2545     2.5637 0.0000e+00
        614 199.688267    0.04257     2.5543    153.257     72.692  50061.372    31.5056     7.5302     72.000     7.5233    24.5971     5.9849     8.5530     87.698    260.869    267.285   -0.00253    6.82441    9.75277  297.46151     7.5236   15.35889 6.0658e-02     0.2620     2.7161 0.0000e+00
        619 199.688280    0.04289     2.5735    154.409     73.702  50061.905    31.5054     7.5294     73.000     7.5222    24.5971     5.9791     8.5447     87.612    260.617    267.027   -0.00235    6.82455    9.75296  297.46749     7.5227   15.35917 6.0565e-02     0.2478     2.7704 0.0000e+00
        625 199.688298    0.04329     2.5981    155.887     74.712  50063.171    31.5056     7.5280     74.000     7.5213    24.5975     5.9760     8.5404     87.564    260.482    266.889   -0.00181    6.82475    9.75324  297.47608     7.5213   15.35959 6.0462e-02     0.2496     2.7764 0.0000e+00
