CTD-processing/allCTD/CNV/2018_07-18_alongbay_skb10_cast164_5028.cnv
* Sea-Bird SBE19plus Data File:
* FileName = C:\Users\Kim.Powell\Desktop\Not Processed\2018\2018_07-18_AlongBay,T6,T7_5028\2018_07-18_TRANSECT_STATION_cast164.hex
* Software Version 1.59
* Temperature SN =  5028
* Conductivity SN =  5028
* System UpLoad Time = Jul 19 2018 13:36:38
** 2018_07-18
** Station: KB10
** Start Time: 15:55
** Depth (m): 63.2
** Comment:
** Comment:
# nquan = 27
# nvalues = 57                          
# units = specified
# name 0 = scan: Scan Count
# name 1 = timeJ: Julian Days
# name 2 = timeH: Time, Elapsed [hours]
# name 3 = timeM: Time, Elapsed [minutes]
# name 4 = timeS: Time, Elapsed [seconds]
# name 5 = prdM: Pressure, Strain Gauge [db]
# name 6 = specc: Specific Conductance [uS/cm]
# name 7 = sal00: Salinity, Practical [PSU]
# name 8 = tv290C: Temperature [ITS-90, deg C]
# name 9 = depSM: Depth [salt water, m], lat = 59.00
# name 10 = potemp090C: Potential Temperature [ITS-90, deg C]
# name 11 = sigma-é00: Density [sigma-theta, kg/m^3]
# name 12 = sbeox0ML/L: Oxygen, SBE 43 [ml/l]
# name 13 = sbeox0Mg/L: Oxygen, SBE 43 [mg/l]
# name 14 = sbeox0PS: Oxygen, SBE 43 [% saturation]
# name 15 = sbox0Mm/Kg: Oxygen, SBE 43 [umol/kg]
# name 16 = sbeox0Mm/L: Oxygen, SBE 43 [umol/l]
# name 17 = sbox0dV/dT: Oxygen, SBE 43 [dov/dt]
# name 18 = oxsolML/L: Oxygen Saturation, Garcia & Gordon [ml/l]
# name 19 = oxsolMg/L: Oxygen Saturation, Garcia & Gordon [mg/l]
# name 20 = oxsolMm/Kg: Oxygen Saturation, Garcia & Gordon [umol/kg]
# name 21 = potemp090C: Potential Temperature [ITS-90, deg C]
# name 22 = n2satMg/L: Nitrogen Saturation [mg/l]
# name 23 = par: PAR/Irradiance, Biospherical/Licor
# name 24 = flECO-AFL: Fluorescence, WET Labs ECO-AFL/FL [mg/m^3]
# name 25 = turbWETntu0: Turbidity, WET Labs ECO [NTU]
# name 26 = flag: flag
# span 0 =        378,        840       
# span 1 = 199.665025, 199.666363       
# span 2 =    0.02615,    0.05826       
# span 3 =     1.5689,     3.4959       
# span 4 =     94.135,    209.753       
# span 5 =      1.009,     57.545       
# span 6 =  41104.669,  49963.409       
# span 7 =    25.8694,    31.4846       
# span 8 =     7.7763,    11.8594       
# span 9 =      1.000,     57.000       
# span 10 =     7.7698,    11.8022      
# span 11 =    19.5349,    24.5464      
# span 12 =     6.1115,     6.7467      
# span 13 =     8.7340,     9.6417      
# span 14 =     90.046,    105.226      
# span 15 =    266.401,    295.335      
# span 16 =    272.941,    301.308      
# span 17 =   -0.02935,   -0.00003      
# span 18 =    6.41201,    6.78716      
# span 19 =    9.16340,    9.69954      
# span 20 =  280.68166,  295.85255      
# span 21 =     7.7709,    11.8593      
# span 22 =   14.57641,   15.28218      
# span 23 = 6.1948e-02, 5.8980e+02      
# span 24 =     0.2304,     2.0232      
# span 25 =     0.5882,     5.5670      
# span 26 = 0.0000e+00, 0.0000e+00      
# interval = meters: 1                  
# start_time = Jul 18 2018 15:56:04 [Instrument's time stamp, header]
# bad_flag = -9.990e-29
*END*
        378 199.665025    0.02615     1.5689     94.135      1.009  41104.669    25.8694    11.8594      1.000    11.8022    19.5349     6.1160     8.7404     95.181    267.908    273.142   -0.00003    6.43100    9.19055  281.72916    11.8593   14.63023 5.8980e+02     1.4589     4.7674 0.0000e+00
        605 199.665682    0.04193     2.5155    150.932      2.019  42446.605    26.7393    11.7297      2.000    11.4642    20.2295     6.7467     9.6417    105.226    295.335    301.308   -0.00202    6.41201    9.16340  280.68166    11.7295   14.57641 2.4214e+02     1.8346     5.5670 0.0000e+00
        608 199.665693    0.04218     2.5310    151.862      3.028  43686.692    27.5431    11.0866      3.000    10.7522    20.9612     6.6660     9.5263    103.064    291.592    297.701   -0.01376    6.46878    9.24453  282.96324    11.0862   14.68232 9.9745e+01     2.0232     4.8836 0.0000e+00
        613 199.665705    0.04247     2.5480    152.882      4.038  45061.249    28.4531    10.5886      4.000    10.5037    21.7509     6.5144     9.3097    100.207    284.741    290.932   -0.02935    6.50112    9.29075  284.15914    10.5881   14.73583 4.7436e+01     1.8577     3.6311 0.0000e+00
        617 199.665716    0.04275     2.5646    153.878      5.047  45571.324    28.7807    10.3287      5.000    10.0937    22.0479     6.5271     9.3279    100.040    285.212    291.500   -0.02282    6.52451    9.32418  285.09833    10.3282   14.77941 2.8603e+01     1.5117     2.6085 0.0000e+00
        621 199.665728    0.04304     2.5820    154.921      6.058  46381.683    29.2933     9.8598      6.000     9.6744    22.5220     6.5365     9.3412     99.487    285.489    291.918   -0.01787    6.57036    9.38970  286.96882     9.8592   14.86676 1.8506e+01     1.2012     2.1208 0.0000e+00
        625 199.665740    0.04332     2.5993    155.955      7.066  47228.274    29.8426     9.5106      7.000     9.3838    23.0052     6.4514     9.2197     97.782    281.641    288.120   -0.02299    6.59785    9.42899  288.03362     9.5098   14.91542 1.2881e+01     0.8691     1.9968 0.0000e+00
        629 199.665751    0.04359     2.6156    156.937      8.075  47966.133    30.3277     9.2693      8.000     9.1616    23.4212     6.3955     9.1398     96.719    279.088    285.625   -0.02359    6.61256    9.45001  288.55833     9.2684   14.93851 9.2479e+00     0.6298     1.7281 0.0000e+00
        633 199.665764    0.04390     2.6340    158.038      9.085  48447.814    30.6396     9.0804      9.000     9.0394    23.6937     6.4067     9.1558     96.675    279.499    286.122   -0.01705    6.62703    9.47068  289.11284     9.0796   14.96374 7.3181e+00     0.4678     1.2619 0.0000e+00
        637 199.665776    0.04418     2.6508    159.049     10.095  48582.843    30.7255     9.0196     10.000     9.0024    23.7701     6.4559     9.2261     97.339    281.625    288.320   -0.00834    6.63233    9.47827  289.32284     9.0185   14.97342 6.0866e+00     0.4171     0.9158 0.0000e+00
        641 199.665788    0.04446     2.6678    160.070     11.104  48643.314    30.7637     8.9918     11.000     8.9827    23.8042     6.4906     9.2757     97.826    283.129    289.869   -0.00271    6.63480    9.48179  289.42061     8.9907   14.97794 5.0887e+00     0.4098     0.7434 0.0000e+00
        646 199.665801    0.04476     2.6859    161.154     12.114  48678.244    30.7854     8.9753     12.000     8.9652    23.8237     6.4959     9.2833     97.884    283.356    290.107   -0.00141    6.63631    9.48394  289.48084     8.9741   14.98073 4.2944e+00     0.3960     0.6890 0.0000e+00
        649 199.665811    0.04503     2.7018    162.107     13.123  48718.946    30.8108     8.9555     13.000     8.9409    23.8465     6.4905     9.2757     97.776    283.117    289.868   -0.00176    6.63816    9.48660  289.55551     8.9541   14.98420 3.6130e+00     0.3888     0.6604 0.0000e+00
        654 199.665824    0.04533     2.7197    163.184     14.133  48779.565    30.8494     8.9307     14.000     8.9249    23.8805     6.4828     9.2646     97.629    282.770    289.522   -0.00215    6.64018    9.48948  289.63392     8.9292   14.98778 3.0478e+00     0.3796     0.6482 0.0000e+00
        658 199.665836    0.04562     2.7374    164.244     15.142  48823.460    30.8784     8.9211     15.000     8.9070    23.9046     6.4704     9.2468     97.440    282.221    288.967   -0.00271    6.64036    9.48973  289.63446     8.9196   14.98769 2.5897e+00     0.3772     0.6205 0.0000e+00
        662 199.665848    0.04589     2.7536    165.214     16.152  48902.588    30.9282     8.8843     16.000     8.8578    23.9492     6.4620     9.2349     97.266    281.844    288.594   -0.00307    6.64367    9.49447  289.76669     8.8827   14.99381 2.2057e+00     0.3636     0.6434 0.0000e+00
        666 199.665860    0.04621     2.7726    166.358     17.161  49006.612    30.9928     8.8291     17.000     8.8030    24.0081     6.4508     9.2188     97.018    281.337    288.092   -0.00361    6.64908    9.50220  289.98602     8.8274   15.00402 1.8758e+00     0.3444     0.6344 0.0000e+00
        670 199.665872    0.04649     2.7892    167.350     18.170  49130.829    31.0713     8.7720     18.000     8.7293    24.0780     6.4350     9.1962     96.705    280.627    287.385   -0.00448    6.65421    9.50953  290.18976     8.7702   15.01344 1.6015e+00     0.3454     0.5977 0.0000e+00
        675 199.665885    0.04680     2.8078    168.468     19.180  49280.059    31.1624     8.6813     19.000     8.6425    24.1629     6.4148     9.1673     96.263    279.724    286.484   -0.00576    6.66380    9.52324  290.58414     8.6794   15.03191 1.3725e+00     0.3466     0.5882 0.0000e+00
        679 199.665897    0.04709     2.8254    169.525     20.190  49386.319    31.2254     8.6054     20.000     8.5688    24.2234     6.3958     9.1403     95.855    278.882    285.637   -0.00657    6.67243    9.53558  290.94319     8.6034   15.04880 1.1723e+00     0.3247     0.5937 0.0000e+00
        683 199.665910    0.04739     2.8437    170.624     21.199  49479.072    31.2795     8.5349     21.000     8.5123    24.2763     6.3749     9.1103     95.422    277.953    284.701   -0.00714    6.68065    9.54733  291.28684     8.5327   15.06500 1.0027e+00     0.3139     0.6227 0.0000e+00
        688 199.665923    0.04771     2.8627    171.763     22.209  49530.283    31.3093     8.4964     22.000     8.4814    24.3053     6.3509     9.0760     94.999    276.899    283.629   -0.00749    6.68514    9.55373  291.47384     8.4942   15.07381 8.5571e-01     0.3054     0.6449 0.0000e+00
        692 199.665936    0.04802     2.8808    172.847     23.219  49562.133    31.3269     8.4683     23.000     8.4529    24.3233     6.3423     9.0637     94.822    276.519    283.245   -0.00642    6.68860    9.55868  291.61976     8.4660   15.08071 7.3361e-01     0.3157     0.6507 0.0000e+00
        697 199.665949    0.04833     2.8998    173.986     24.228  49593.665    31.3441     8.4384     24.000     8.4227    24.3411     6.3375     9.0570     94.698    276.308    283.034   -0.00514    6.69235    9.56403  291.77802     8.4360   15.08820 6.2608e-01     0.2970     0.6256 0.0000e+00
        701 199.665961    0.04862     2.9175    175.052     25.237  49620.376    31.3583     8.4113     25.000     8.3976    24.3562     6.3265     9.0412     94.484    275.823    282.541   -0.00491    6.69580    9.56897  291.92439     8.4089   15.09513 5.3587e-01     0.2886     0.6305 0.0000e+00
        706 199.665974    0.04894     2.9361    176.166     26.247  49636.026    31.3648     8.3845     26.000     8.3647    24.3652     6.3167     9.0273     94.287    275.397    282.108   -0.00466    6.69956    9.57435  292.08587     8.3819   15.10282 4.5722e-01     0.2933     0.6701 0.0000e+00
        710 199.665987    0.04923     2.9536    177.216     27.257  49661.113    31.3759     8.3444     27.000     8.3209    24.3797     6.3125     9.0213     94.144    275.208    281.917   -0.00417    6.70514    9.58232  292.32488     8.3417   15.11419 3.9006e-01     0.3014     0.7047 0.0000e+00
        714 199.665998    0.04952     2.9715    178.292     28.266  49695.210    31.3934     8.3057     28.000     8.2902    24.3991     6.2996     9.0028     93.881    274.640    281.341   -0.00446    6.71023    9.58959  292.54127     8.3029   15.12445 3.3423e-01     0.2852     0.7329 0.0000e+00
        718 199.666011    0.04982     2.9893    179.357     29.276  49711.763    31.4008     8.2814     29.000     8.2698    24.4085     6.2839     8.9803     93.600    273.952    280.639   -0.00491    6.71358    9.59438  292.68451     8.2786   15.13127 2.8642e-01     0.2597     0.7651 0.0000e+00
        723 199.666023    0.05011     3.0066    180.397     30.285  49723.517    31.4060     8.2644     30.000     8.2555    24.4150     6.2744     8.9666     93.425    273.534    280.212   -0.00460    6.71594    9.59775  292.78543     8.2614   15.13606 2.4614e-01     0.2506     0.7708 0.0000e+00
        727 199.666035    0.05040     3.0240    181.442     31.294  49732.136    31.4098     8.2530     31.000     8.2441    24.4197     6.2682     8.9579     93.312    273.264    279.938   -0.00403    6.71748    9.59996  292.85140     8.2500   15.13920 2.1263e-01     0.2518     0.7706 0.0000e+00
        731 199.666047    0.05069     3.0413    182.480     32.304  49742.811    31.4147     8.2391     32.000     8.2285    24.4256     6.2692     8.9594     93.301    273.309    279.984   -0.00304    6.71939    9.60268  292.93284     8.2359   15.14306 1.8523e-01     0.2631     0.7783 0.0000e+00
        735 199.666059    0.05098     3.0587    183.519     33.314  49754.856    31.4204     8.2243     33.000     8.2137    24.4322     6.2671     8.9563     93.242    273.214    279.889   -0.00251    6.72137    9.60551  293.01737     8.2211   15.14708 1.6236e-01     0.2600     0.8060 0.0000e+00
        739 199.666072    0.05127     3.0764    184.586     34.324  49761.064    31.4214     8.2053     34.000     8.1875    24.4357     6.2586     8.9442     93.076    272.843    279.510   -0.00276    6.72422    9.60958  293.14035     8.2020   15.15295 1.4344e-01     0.2689     0.8290 0.0000e+00
        744 199.666084    0.05157     3.0941    185.645     35.333  49779.475    31.4289     8.1739     35.000     8.1551    24.4462     6.2442     8.9237     92.801    272.213    278.867   -0.00357    6.72868    9.61594  293.33170     8.1704   15.16206 1.2758e-01     0.2736     0.9025 0.0000e+00
        748 199.666096    0.05186     3.1115    186.688     36.343  49793.898    31.4331     8.1386     36.000     8.1126    24.4545     6.2247     8.8958     92.439    271.359    277.995   -0.00471    6.73385    9.62334  293.55491     8.1351   15.17270 1.1439e-01     0.2745     1.0015 0.0000e+00
        752 199.666108    0.05216     3.1299    187.795     37.353  49831.176    31.4513     8.0911     37.000     8.0727    24.4756     6.2080     8.8718     92.103    270.626    277.250   -0.00533    6.74030    9.63256  293.83009     8.0875   15.18576 1.0353e-01     0.2687     1.1052 0.0000e+00
        756 199.666121    0.05245     3.1473    188.838     38.362  49854.741    31.4635     8.0665     38.000     8.0564    24.4887     6.1953     8.8537     91.871    270.069    276.682   -0.00527    6.74350    9.63714  293.96605     8.0629   15.19221 9.4680e-02     0.2522     1.1155 0.0000e+00
        761 199.666133    0.05276     3.1657    189.940     39.372  49864.537    31.4681     8.0549     39.000     8.0472    24.4940     6.1897     8.8457     91.766    269.823    276.432   -0.00438    6.74507    9.63939  294.03299     8.0512   15.19538 8.7753e-02     0.2617     1.1152 0.0000e+00
        765 199.666147    0.05308     3.1848    191.085     40.382  49868.167    31.4687     8.0455     40.000     8.0369    24.4958     6.1872     8.8422     91.710    269.715    276.322   -0.00340    6.74649    9.64141  294.09420     8.0416   15.19830 8.2212e-02     0.2718     1.1433 0.0000e+00
        769 199.666159    0.05336     3.2020    192.123     41.391  49873.494    31.4705     8.0358     41.000     8.0279    24.4986     6.1876     8.8427     91.697    269.731    276.340   -0.00257    6.74789    9.64341  294.15454     8.0319   15.20117 7.7895e-02     0.2695     1.1829 0.0000e+00
        774 199.666172    0.05369     3.2213    193.277     42.401  49879.031    31.4726     8.0275     42.000     8.0198    24.5014     6.1860     8.8405     91.657    269.661    276.268   -0.00203    6.74907    9.64509  294.20495     8.0235   15.20357 7.4523e-02     0.2586     1.2273 0.0000e+00
        778 199.666184    0.05399     3.2391    194.349     43.410  49883.020    31.4735     8.0186     43.000     8.0095    24.5034     6.1843     8.8381     91.615    269.588    276.193   -0.00174    6.75038    9.64697  294.26177     8.0145   15.20628 7.1897e-02     0.2591     1.2839 0.0000e+00
        783 199.666197    0.05429     3.2575    195.449     44.420  49885.465    31.4728     8.0063     44.000     7.9938    24.5046     6.1811     8.8333     91.540    269.443    276.045   -0.00170    6.75230    9.64972  294.34510     8.0020   15.21027 6.9843e-02     0.2721     1.3224 0.0000e+00
        787 199.666210    0.05459     3.2757    196.544     45.430  49889.762    31.4721     7.9860     45.000     7.9715    24.5070     6.1748     8.8244     91.405    269.169    275.766   -0.00200    6.75544    9.65420  294.48128     7.9817   15.21677 6.8172e-02     0.2668     1.3525 0.0000e+00
        791 199.666222    0.05489     3.2934    197.604     46.439  49899.924    31.4756     7.9660     46.000     7.9540    24.5126     6.1662     8.8121     91.238    268.794    275.383   -0.00247    6.75835    9.65836  294.60648     7.9616   15.22273 6.6900e-02     0.2455     1.3948 0.0000e+00
        796 199.666235    0.05520     3.3118    198.708     47.449  49904.735    31.4759     7.9493     47.000     7.9367    24.5152     6.1605     8.8040     91.119    268.544    275.127   -0.00252    6.76089    9.66200  294.71665     7.9449   15.22799 6.5861e-02     0.2304     1.4242 0.0000e+00
        800 199.666247    0.05549     3.3294    199.762     48.459  49910.054    31.4764     7.9316     48.000     7.9189    24.5181     6.1598     8.8030     91.073    268.514    275.098   -0.00212    6.76359    9.66585  294.83322     7.9271   15.23356 6.5051e-02     0.2312     1.4468 0.0000e+00
        804 199.666260    0.05579     3.3474    200.843     49.468  49919.086    31.4797     7.9156     49.000     7.9058    24.5229     6.1547     8.7957     90.967    268.291    274.870   -0.00216    6.76590    9.66916  294.93268     7.9110   15.23829 6.4355e-02     0.2409     1.4352 0.0000e+00
        809 199.666272    0.05608     3.3648    201.886     50.478  49922.586    31.4800     7.9054     50.000     7.8957    24.5246     6.1489     8.7874     90.861    268.039    274.612   -0.00222    6.76745    9.67137  294.99967     7.9007   15.24148 6.3834e-02     0.2404     1.4706 0.0000e+00
        813 199.666285    0.05639     3.3831    202.985     51.489  49923.699    31.4785     7.8937     51.000     7.8829    24.5251     6.1391     8.7734     90.690    267.610    274.173   -0.00255    6.76933    9.67405  295.08148     7.8888   15.24540 6.3406e-02     0.2584     1.4418 0.0000e+00
        817 199.666297    0.05669     3.4011    204.067     52.498  49927.570    31.4787     7.8812     52.000     7.8709    24.5270     6.1327     8.7643     90.571    267.331    273.888   -0.00263    6.77123    9.67676  295.16336     7.8763   15.24931 6.3048e-02     0.2490     1.4494 0.0000e+00
        822 199.666310    0.05698     3.4191    205.148     53.507  49924.798    31.4742     7.8679     53.000     7.8520    24.5254     6.1361     8.7691     90.590    267.477    274.037   -0.00182    6.77349    9.67999  295.26234     7.8629   15.25405 6.2770e-02     0.2381     1.4992 0.0000e+00
