CTD-processing/allCTD/CNV/2018_06-22_alongbay_skb01_cast105_5028.cnv
* Sea-Bird SBE19plus Data File:
* FileName = C:\Users\Kim.Powell\Desktop\Not Processed\2018\2018_06-XX\2018_06-XX_TRANSECT_STATION_cast105.hex
* Software Version 1.59
* Temperature SN =  5028
* Conductivity SN =  5028
* System UpLoad Time = Jul 05 2018 09:19:11
** 2018_06-22
** Station: KB01
** Start Time: 10:14
** Depth (m): 73.8
** Comment:
** Comment:
# nquan = 27
# nvalues = 71                          
# units = specified
# name 0 = scan: Scan Count
# name 1 = timeJ: Julian Days
# name 2 = timeH: Time, Elapsed [hours]
# name 3 = timeM: Time, Elapsed [minutes]
# name 4 = timeS: Time, Elapsed [seconds]
# name 5 = prdM: Pressure, Strain Gauge [db]
# name 6 = specc: Specific Conductance [uS/cm]
# name 7 = sal00: Salinity, Practical [PSU]
# name 8 = tv290C: Temperature [ITS-90, deg C]
# name 9 = depSM: Depth [salt water, m], lat = 59.00
# name 10 = potemp090C: Potential Temperature [ITS-90, deg C]
# name 11 = sigma-é00: Density [sigma-theta, kg/m^3]
# name 12 = sbeox0ML/L: Oxygen, SBE 43 [ml/l]
# name 13 = sbeox0Mg/L: Oxygen, SBE 43 [mg/l]
# name 14 = sbeox0PS: Oxygen, SBE 43 [% saturation]
# name 15 = sbox0Mm/Kg: Oxygen, SBE 43 [umol/kg]
# name 16 = sbeox0Mm/L: Oxygen, SBE 43 [umol/l]
# name 17 = sbox0dV/dT: Oxygen, SBE 43 [dov/dt]
# name 18 = oxsolML/L: Oxygen Saturation, Garcia & Gordon [ml/l]
# name 19 = oxsolMg/L: Oxygen Saturation, Garcia & Gordon [mg/l]
# name 20 = oxsolMm/Kg: Oxygen Saturation, Garcia & Gordon [umol/kg]
# name 21 = potemp090C: Potential Temperature [ITS-90, deg C]
# name 22 = n2satMg/L: Nitrogen Saturation [mg/l]
# name 23 = par: PAR/Irradiance, Biospherical/Licor
# name 24 = flECO-AFL: Fluorescence, WET Labs ECO-AFL/FL [mg/m^3]
# name 25 = turbWETntu0: Turbidity, WET Labs ECO [NTU]
# name 26 = flag: flag
# span 0 =        140,        640       
# span 1 = 173.426119, 173.427566       
# span 2 =    0.00963,    0.04437       
# span 3 =     0.5778,     2.6623       
# span 4 =     34.669,    159.736       
# span 5 =      1.009,     71.682       
# span 6 =  49924.011,  50569.671       
# span 7 =    31.4785,    31.8260       
# span 8 =     7.3248,     7.7614       
# span 9 =      1.000,     71.000       
# span 10 =     7.3181,     7.6458      
# span 11 =    24.5426,    24.8768      
# span 12 =     6.2649,     6.5248      
# span 13 =     8.9532,     9.3246      
# span 14 =     91.910,     95.361      
# span 15 =    273.022,    284.324      
# span 16 =    279.791,    291.397      
# span 17 =   -0.00085,    0.01179      
# span 18 =    6.78996,    6.84221      
# span 19 =    9.70354,    9.77820      
# span 20 =  295.97530,  298.15589      
# span 21 =     7.3184,     7.7613      
# span 22 =   15.28805,   15.39071      
# span 23 = 8.2851e-02, 6.4649e+02      
# span 24 =     0.4183,     0.6856      
# span 25 =     0.2448,     0.8638      
# span 26 = 0.0000e+00, 0.0000e+00      
# interval = meters: 1                  
# start_time = Jun 22 2018 10:13:02 [Instrument's time stamp, header]
# bad_flag = -9.990e-29
*END*
        140 173.426119    0.00963     0.5778     34.669      1.009  49924.011    31.4785     7.7614      1.000     7.6458    24.5426     6.4264     9.1840     94.656    280.130    287.004    0.00879    6.78996    9.70354  295.97530     7.7613   15.28805 6.4649e+02     0.4571     0.8638 0.0000e+00
        269 173.426494    0.01863     1.1180     67.079      2.019  50375.888    31.7539     7.5105      2.000     7.4993    24.7940     6.2649     8.9532     91.910    273.022    279.791    0.01179    6.81641    9.74133  297.05543     7.5104   15.33849 6.4341e+02     0.4309     0.2739 0.0000e+00
        280 173.426526    0.01939     1.1636     69.816      3.028  50406.176    31.7709     7.4877      3.000     7.4860    24.8105     6.2745     8.9669     92.013    273.437    280.221    0.00848    6.81919    9.74530  297.17182     7.4874   15.34397 5.3739e+02     0.4194     0.2731 0.0000e+00
        286 173.426542    0.01978     1.1868     71.210      4.038  50408.096    31.7713     7.4845      4.000     7.4829    24.8112     6.2932     8.9937     92.281    274.251    281.056    0.00680    6.81968    9.74599  297.19275     7.4841   15.34497 4.3342e+02     0.4183     0.2590 0.0000e+00
        292 173.426558    0.02018     1.2106     72.636      5.047  50410.129    31.7718     7.4817      5.000     7.4804    24.8121     6.3061     9.0120     92.463    274.810    281.629    0.00520    6.82009    9.74659  297.21094     7.4812   15.34584 3.8354e+02     0.4450     0.2531 0.0000e+00
        297 173.426574    0.02056     1.2332     73.990      6.057  50409.864    31.7704     7.4779      6.000     7.4738    24.8115     6.3164     9.0267     92.605    275.261    282.090    0.00405    6.82074    9.74753  297.23949     7.4773   15.34720 3.0633e+02     0.4641     0.2614 0.0000e+00
        302 173.426589    0.02090     1.2543     75.260      7.066  50416.598    31.7733     7.4697      7.000     7.4671    24.8149     6.3282     9.0436     92.763    275.775    282.618    0.00348    6.82188    9.74916  297.28826     7.4691   15.34952 2.4068e+02     0.4644     0.2498 0.0000e+00
        308 173.426606    0.02131     1.2788     76.728      8.075  50421.395    31.7756     7.4659      8.000     7.4653    24.8172     6.3453     9.0681     93.007    276.518    283.381    0.00339    6.82238    9.74987  297.30914     7.4652   15.35050 1.9517e+02     0.4751     0.2471 0.0000e+00
        313 173.426619    0.02165     1.2986     77.918      9.085  50421.375    31.7752     7.4668      9.000     7.4661    24.8169     6.3590     9.0877     93.210    277.118    283.995    0.00339    6.82226    9.74969  297.30410     7.4659   15.35027 1.6085e+02     0.5010     0.2448 0.0000e+00
        318 173.426635    0.02201     1.3205     79.232     10.094  50421.235    31.7746     7.4664     10.000     7.4646    24.8165     6.3695     9.1026     93.362    277.573    284.461    0.00298    6.82234    9.74982  297.30787     7.4655   15.35045 1.4537e+02     0.5187     0.2519 0.0000e+00
        324 173.426651    0.02240     1.3439     80.634     11.104  50423.809    31.7756     7.4641     11.000     7.4626    24.8175     6.3785     9.1154     93.490    277.964    284.862    0.00252    6.82266    9.75027  297.32136     7.4631   15.35109 1.3800e+02     0.5513     0.2609 0.0000e+00
        328 173.426664    0.02271     1.3624     81.743     12.114  50425.037    31.7758     7.4631     12.000     7.4614    24.8179     6.3840     9.1233     93.568    278.204    285.108    0.00213    6.82281    9.75047  297.32749     7.4620   15.35139 1.2015e+02     0.5940     0.2665 0.0000e+00
        334 173.426680    0.02311     1.3867     83.201     13.123  50426.385    31.7760     7.4616     13.000     7.4599    24.8182     6.3916     9.1343     93.678    278.539    285.452    0.00186    6.82303    9.75079  297.33694     7.4604   15.35183 1.0562e+02     0.6152     0.2605 0.0000e+00
        340 173.426698    0.02354     1.4124     84.746     14.133  50427.446    31.7759     7.4596     14.000     7.4570    24.8184     6.4038     9.1517     93.851    279.068    285.994    0.00199    6.82334    9.75124  297.35073     7.4583   15.35250 9.0788e+01     0.6082     0.2486 0.0000e+00
        346 173.426715    0.02393     1.4354     86.125     15.142  50430.332    31.7767     7.4549     15.000     7.4518    24.8197     6.4101     9.1606     93.933    279.340    286.274    0.00167    6.82405    9.75225  297.38107     7.4535   15.35394 7.8177e+01     0.6329     0.2623 0.0000e+00
        351 173.426729    0.02428     1.4565     87.391     16.152  50434.186    31.7784     7.4518     16.000     7.4500    24.8215     6.4123     9.1637     93.959    279.434    286.370    0.00117    6.82446    9.75284  297.39869     7.4503   15.35478 6.6308e+01     0.6358     0.2675 0.0000e+00
        356 173.426745    0.02466     1.4798     88.788     17.161  50435.783    31.7786     7.4491     17.000     7.4464    24.8220     6.4182     9.1722     94.041    279.693    286.635    0.00111    6.82487    9.75341  297.41608     7.4476   15.35560 5.8450e+01     0.6407     0.2566 0.0000e+00
        362 173.426762    0.02507     1.5040     90.240     18.171  50438.764    31.7800     7.4475     18.000     7.4457    24.8233     6.4266     9.1842     94.161    280.058    287.011    0.00124    6.82506    9.75370  297.42431     7.4459   15.35599 5.1197e+01     0.6553     0.2601 0.0000e+00
        366 173.426775    0.02537     1.5218     91.305     19.180  50438.722    31.7792     7.4460     19.000     7.4421    24.8229     6.4373     9.1996     94.315    280.527    287.490    0.00169    6.82532    9.75407  297.43574     7.4443   15.35654 4.5112e+01     0.6466     0.2594 0.0000e+00
        371 173.426788    0.02569     1.5416     92.497     20.190  50443.354    31.7812     7.4415     20.000     7.4384    24.8251     6.4404     9.2040     94.352    280.662    287.630    0.00137    6.82594    9.75495  297.46203     7.4396   15.35778 3.9391e+01     0.6644     0.2627 0.0000e+00
        377 173.426804    0.02608     1.5650     93.899     21.199  50446.293    31.7824     7.4391     21.000     7.4367    24.8264     6.4368     9.1988     94.295    280.503    287.467    0.00045    6.82627    9.75542  297.47581     7.4371   15.35843 3.4170e+01     0.6856     0.2489 0.0000e+00
        382 173.426819    0.02645     1.5867     95.204     22.209  50447.822    31.7828     7.4381     22.000     7.4357    24.8269     6.4447     9.2100     94.408    280.845    287.818    0.00084    6.82640    9.75561  297.48139     7.4361   15.35870 2.9585e+01     0.6819     0.2578 0.0000e+00
        386 173.426831    0.02672     1.6029     96.172     23.218  50449.143    31.7832     7.4375     23.000     7.4348    24.8273     6.4509     9.2190     94.498    281.119    288.098    0.00107    6.82648    9.75572  297.48490     7.4353   15.35887 2.6074e+01     0.6646     0.2566 0.0000e+00
        390 173.426844    0.02705     1.6229     97.374     24.228  50449.919    31.7830     7.4359     24.000     7.4326    24.8273     6.4518     9.2202     94.507    281.156    288.136    0.00076    6.82673    9.75608  297.49576     7.4337   15.35938 2.2428e+01     0.6488     0.2478 0.0000e+00
        396 173.426860    0.02740     1.6443     98.659     25.238  50452.081    31.7835     7.4327     25.000     7.4288    24.8282     6.4529     9.2218     94.517    281.204    288.186    0.00044    6.82721    9.75677  297.51656     7.4304   15.36038 1.9514e+01     0.6641     0.2563 0.0000e+00
        400 173.426874    0.02774     1.6646     99.875     26.247  50454.508    31.7837     7.4265     26.000     7.4197    24.8292     6.4605     9.2327     94.615    281.535    288.526    0.00079    6.82818    9.75815  297.55843     7.4241   15.36237 1.6820e+01     0.6560     0.2598 0.0000e+00
        407 173.426891    0.02816     1.6897    101.383     27.257  50464.773    31.7884     7.4150     27.000     7.4106    24.8345     6.4618     9.2346     94.612    281.590    288.583    0.00041    6.82976    9.76042  297.62583     7.4125   15.36557 1.4343e+01     0.6111     0.2553 0.0000e+00
        412 173.426907    0.02855     1.7129    102.776     28.266  50468.522    31.7898     7.4107     28.000     7.4065    24.8363     6.4610     9.2334     94.592    281.555    288.547    0.00007    6.83037    9.76128  297.65162     7.4082   15.36680 1.2486e+01     0.5913     0.2667 0.0000e+00
        417 173.426921    0.02888     1.7328    103.966     29.276  50471.340    31.7907     7.4067     29.000     7.4022    24.8374     6.4635     9.2370     94.621    281.666    288.662    0.00012    6.83097    9.76213  297.67735     7.4040   15.36802 1.1078e+01     0.5654     0.2625 0.0000e+00
        422 173.426935    0.02922     1.7529    105.176     30.286  50474.093    31.7913     7.4016     30.000     7.3966    24.8386     6.4645     9.2383     94.624    281.704    288.701    0.00006    6.83173    9.76322  297.71014     7.3989   15.36958 9.9197e+00     0.5578     0.2554 0.0000e+00
        428 173.426952    0.02962     1.7772    106.635     31.295  50478.976    31.7933     7.3964     31.000     7.3922    24.8409     6.4595     9.2311     94.540    281.485    288.477   -0.00047    6.83246    9.76427  297.74140     7.3935   15.37107 8.7391e+00     0.5349     0.2485 0.0000e+00
        434 173.426971    0.03008     1.8048    108.291     32.305  50482.338    31.7944     7.3918     32.000     7.3875    24.8425     6.4536     9.2229     94.446    281.232    288.219   -0.00085    6.83311    9.76520  297.76957     7.3889   15.37240 7.8132e+00     0.5304     0.2501 0.0000e+00
        440 173.426987    0.03046     1.8275    109.649     33.314  50485.513    31.7955     7.3879     33.000     7.3828    24.8438     6.4540     9.2234     94.443    281.247    288.234   -0.00062    6.83369    9.76602  297.79407     7.3849   15.37357 7.0290e+00     0.5150     0.2533 0.0000e+00
        444 173.426999    0.03075     1.8452    110.712     34.324  50489.953    31.7973     7.3831     34.000     7.3779    24.8459     6.4518     9.2203     94.402    281.151    288.137   -0.00072    6.83435    9.76697  297.82247     7.3800   15.37492 6.3568e+00     0.5108     0.2768 0.0000e+00
        448 173.427011    0.03105     1.8629    111.774     35.333  50494.729    31.7996     7.3796     35.000     7.3757    24.8482     6.4512     9.2195     94.388    281.126    288.112   -0.00073    6.83481    9.76762  297.84153     7.3764   15.37582 5.7332e+00     0.4817     0.2857 0.0000e+00
        453 173.427026    0.03140     1.8841    113.047     36.343  50496.364    31.8001     7.3787     36.000     7.3753    24.8487     6.4562     9.2265     94.459    281.342    288.333   -0.00015    6.83492    9.76778  297.84627     7.3754   15.37604 5.1382e+00     0.4624     0.2905 0.0000e+00
        459 173.427044    0.03182     1.9092    114.550     37.352  50497.597    31.8004     7.3782     37.000     7.3747    24.8490     6.4568     9.2274     94.467    281.368    288.360   -0.00011    6.83498    9.76786  297.84866     7.3748   15.37616 4.5341e+00     0.4703     0.3206 0.0000e+00
        464 173.427058    0.03218     1.9310    115.862     38.362  50498.512    31.8005     7.3779     38.000     7.3740    24.8492     6.4611     9.2336     94.529    281.557    288.552    0.00017    6.83503    9.76793  297.85095     7.3744   15.37627 3.9913e+00     0.4813     0.3423 0.0000e+00
        469 173.427072    0.03250     1.9503    117.016     39.372  50500.266    31.8011     7.3768     39.000     7.3726    24.8498     6.4650     9.2392     94.585    281.729    288.729    0.00038    6.83517    9.76814  297.85692     7.3732   15.37655 3.5258e+00     0.4846     0.3022 0.0000e+00
        474 173.427085    0.03284     1.9700    118.200     40.382  50502.234    31.8018     7.3757     40.000     7.3718    24.8506     6.4683     9.2438     94.631    281.870    288.874    0.00044    6.83531    9.76833  297.86260     7.3721   15.37681 3.1213e+00     0.4981     0.3030 0.0000e+00
        478 173.427098    0.03313     1.9879    119.272     41.391  50503.481    31.8021     7.3752     41.000     7.3712    24.8509     6.4704     9.2468     94.661    281.960    288.967    0.00042    6.83536    9.76842  297.86510     7.3715   15.37694 2.7584e+00     0.4905     0.2941 0.0000e+00
        484 173.427115    0.03353     2.0119    120.715     42.400  50505.305    31.8028     7.3744     42.000     7.3704    24.8516     6.4709     9.2476     94.666    281.982    288.990    0.00024    6.83546    9.76856  297.86930     7.3706   15.37713 2.4298e+00     0.4911     0.2895 0.0000e+00
        491 173.427134    0.03400     2.0398    122.387     43.410  50506.034    31.8028     7.3738     43.000     7.3687    24.8516     6.4697     9.2459     94.648    281.932    288.939   -0.00002    6.83557    9.76871  297.87377     7.3699   15.37735 2.1423e+00     0.5085     0.2890 0.0000e+00
        496 173.427149    0.03435     2.0607    123.644     44.420  50509.500    31.8041     7.3702     44.000     7.3643    24.8531     6.4696     9.2456     94.638    281.924    288.930   -0.00015    6.83607    9.76943  297.89530     7.3661   15.37837 1.8984e+00     0.5396     0.2732 0.0000e+00
        500 173.427160    0.03462     2.0775    124.650     45.429  50512.863    31.8053     7.3659     45.000     7.3585    24.8547     6.4734     9.2511     94.685    282.090    289.100    0.00007    6.83669    9.77031  297.92177     7.3618   15.37963 1.6845e+00     0.5695     0.2835 0.0000e+00
        505 173.427176    0.03499     2.0997    125.981     46.439  50520.993    31.8092     7.3586     46.000     7.3528    24.8588     6.4806     9.2615     94.779    282.405    289.425    0.00046    6.83766    9.77170  297.96284     7.3544   15.38157 1.4967e+00     0.5181     0.2942 0.0000e+00
        512 173.427195    0.03547     2.1280    127.679     47.449  50525.257    31.8112     7.3554     47.000     7.3506    24.8608     6.4825     9.2641     94.800    282.485    289.507    0.00033    6.83807    9.77228  297.98000     7.3511   15.38238 1.3183e+00     0.4817     0.3057 0.0000e+00
        518 173.427214    0.03591     2.1548    129.290     48.458  50527.484    31.8120     7.3537     48.000     7.3492    24.8616     6.4817     9.2629     94.785    282.450    289.472    0.00001    6.83830    9.77261  297.98978     7.3494   15.38285 1.1460e+00     0.4839     0.2961 0.0000e+00
        523 173.427227    0.03623     2.1740    130.443     49.469  50528.180    31.8120     7.3535     49.000     7.3486    24.8617     6.4864     9.2697     94.854    282.656    289.683    0.00033    6.83833    9.77267  297.99154     7.3491   15.38293 1.0030e+00     0.4916     0.2959 0.0000e+00
        527 173.427241    0.03656     2.1936    131.615     50.478  50529.747    31.8123     7.3521     50.000     7.3463    24.8622     6.4898     9.2746     94.901    282.805    289.836    0.00042    6.83854    9.77296  298.00021     7.3476   15.38334 8.7443e-01     0.4791     0.3066 0.0000e+00
        533 173.427256    0.03693     2.2159    132.956     51.488  50533.408    31.8139     7.3489     51.000     7.3432    24.8638     6.4923     9.2782     94.931    282.912    289.946    0.00038    6.83896    9.77355  298.01792     7.3443   15.38418 7.5257e-01     0.4796     0.3106 0.0000e+00
        538 173.427272    0.03731     2.2388    134.325     52.497  50536.674    31.8153     7.3467     52.000     7.3414    24.8653     6.4942     9.2809     94.955    282.994    290.031    0.00030    6.83926    9.77398  298.03058     7.3419   15.38478 6.3363e-01     0.4884     0.3025 0.0000e+00
        543 173.427287    0.03766     2.2594    135.567     53.507  50538.475    31.8159     7.3453     53.000     7.3399    24.8659     6.4977     9.2859     95.004    283.148    290.189    0.00039    6.83943    9.77423  298.03800     7.3405   15.38513 5.3983e-01     0.4706     0.3024 0.0000e+00
