CTD-processing/allCTD/CNV/2018_07-24_t4_s05_cast174_5028.cnv
* Sea-Bird SBE19plus Data File:
* FileName = C:\Users\Kim.Powell\Desktop\Not Processed\2018\2018_08-24_T4, T9_5028\2018_07-24_TRANSECT_STATION_cast174.hex
* Software Version 1.59
* Temperature SN =  5028
* Conductivity SN =  5028
* System UpLoad Time = Jul 26 2018 09:19:37
** 2018_07-24
** Station: 4-05
** Start Time: 11:07
** Depth (m): 79
** Comment:
** Comment:
# nquan = 27
# nvalues = 76                          
# units = specified
# name 0 = scan: Scan Count
# name 1 = timeJ: Julian Days
# name 2 = timeH: Time, Elapsed [hours]
# name 3 = timeM: Time, Elapsed [minutes]
# name 4 = timeS: Time, Elapsed [seconds]
# name 5 = prdM: Pressure, Strain Gauge [db]
# name 6 = specc: Specific Conductance [uS/cm]
# name 7 = sal00: Salinity, Practical [PSU]
# name 8 = tv290C: Temperature [ITS-90, deg C]
# name 9 = depSM: Depth [salt water, m], lat = 59.00
# name 10 = potemp090C: Potential Temperature [ITS-90, deg C]
# name 11 = sigma-é00: Density [sigma-theta, kg/m^3]
# name 12 = sbeox0ML/L: Oxygen, SBE 43 [ml/l]
# name 13 = sbeox0Mg/L: Oxygen, SBE 43 [mg/l]
# name 14 = sbeox0PS: Oxygen, SBE 43 [% saturation]
# name 15 = sbox0Mm/Kg: Oxygen, SBE 43 [umol/kg]
# name 16 = sbeox0Mm/L: Oxygen, SBE 43 [umol/l]
# name 17 = sbox0dV/dT: Oxygen, SBE 43 [dov/dt]
# name 18 = oxsolML/L: Oxygen Saturation, Garcia & Gordon [ml/l]
# name 19 = oxsolMg/L: Oxygen Saturation, Garcia & Gordon [mg/l]
# name 20 = oxsolMm/Kg: Oxygen Saturation, Garcia & Gordon [umol/kg]
# name 21 = potemp090C: Potential Temperature [ITS-90, deg C]
# name 22 = n2satMg/L: Nitrogen Saturation [mg/l]
# name 23 = par: PAR/Irradiance, Biospherical/Licor
# name 24 = flECO-AFL: Fluorescence, WET Labs ECO-AFL/FL [mg/m^3]
# name 25 = turbWETntu0: Turbidity, WET Labs ECO [NTU]
# name 26 = flag: flag
# span 0 =        323,        657       
# span 1 = 205.464589, 205.465555       
# span 2 =    0.02236,    0.04554       
# span 3 =     1.3414,     2.7322       
# span 4 =     80.483,    163.932       
# span 5 =      1.009,     76.731       
# span 6 =  48145.384,  50107.754       
# span 7 =    30.7732,    31.6006       
# span 8 =     7.9139,    12.0228       
# span 9 =      1.000,     76.000       
# span 10 =     7.9046,    12.0121      
# span 11 =    23.3044,    24.6172      
# span 12 =     5.8929,     7.8964      
# span 13 =     8.4214,    11.2847      
# span 14 =     87.160,    123.042      
# span 15 =    256.850,    344.332      
# span 16 =    263.174,    352.652      
# span 17 =   -0.02452,    0.03053      
# span 18 =    6.21186,    6.76091      
# span 19 =    8.87737,    9.66200      
# span 20 =  271.10394,  294.68731      
# span 21 =     7.9067,    12.0227      
# span 22 =   14.10124,   15.22610      
# span 23 = 6.1692e-02, 9.5560e+01      
# span 24 =     0.3608,     1.1038      
# span 25 =     0.1700,     1.4351      
# span 26 = 0.0000e+00, 0.0000e+00      
# interval = meters: 1                  
# start_time = Jul 24 2018 11:07:40 [Instrument's time stamp, header]
# bad_flag = -9.990e-29
*END*
[from data line 54]
        560 205.465275    0.03882     2.3290    139.743     55.527  50022.572    31.5843     8.1369     55.000     8.1204    24.5736     6.0874     8.6995     90.486    265.343    271.864   -0.00521    6.72748    9.61424  293.24326     8.1316   15.15720 1.5656e-01     0.6819     0.2907 0.0000e+00
        565 205.465288    0.03915     2.3486    140.917     56.536  50034.869    31.5889     8.1139     56.000     8.1006    24.5805     6.0656     8.6684     90.117    264.391    270.890   -0.00569    6.73078    9.61896  293.38513     8.1085   15.16396 1.4396e-01     0.6605     0.3467 0.0000e+00
        569 205.465301    0.03944     2.3665    141.993     57.546  50034.351    31.5848     8.0929     57.000     8.0740    24.5803     6.0467     8.6413     89.791    263.566    270.045   -0.00597    6.73417    9.62379  293.53267     8.0874   15.17102 1.3256e-01     0.6129     0.3749 0.0000e+00
        574 205.465314    0.03976     2.3855    143.131     58.556  50048.272    31.5894     8.0633     58.000     8.0481    24.5882     6.0314     8.6196     89.508    262.900    269.365   -0.00580    6.73847    9.62994  293.71782     8.0578   15.17984 1.2249e-01     0.5955     0.3872 0.0000e+00
        578 205.465327    0.04007     2.4042    144.252     59.565  50057.351    31.5922     8.0438     59.000     8.0304    24.5931     6.0184     8.6009     89.277    262.332    268.784   -0.00543    6.74133    9.63403  293.84113     8.0381   15.18572 1.1380e-01     0.5540     0.3895 0.0000e+00
        583 205.465340    0.04039     2.4231    145.388     60.575  50062.162    31.5923     8.0263     60.000     8.0121    24.5958     6.0113     8.5908     89.136    262.021    268.466   -0.00465    6.74398    9.63782  293.95616     8.0206   15.19121 1.0624e-01     0.5230     0.4250 0.0000e+00
        587 205.465353    0.04069     2.4415    146.489     61.585  50068.927    31.5935     8.0071     61.000     7.9937    24.5994     6.0100     8.5889     89.078    261.962    268.406   -0.00366    6.74686    9.64195  294.08082     8.0013   15.19716 9.9691e-02     0.5095     0.4383 0.0000e+00
        592 205.465366    0.04102     2.4611    147.666     62.595  50080.187    31.5987     7.9928     62.000     7.9845    24.6056     6.0012     8.5764     88.923    261.580    268.016   -0.00334    6.74884    9.64476  294.16498     7.9868   15.20116 9.3927e-02     0.4723     0.4638 0.0000e+00
        596 205.465379    0.04132     2.4791    148.748     63.605  50083.751    31.6002     7.9892     63.000     7.9824    24.6073     5.9885     8.5581     88.727    261.022    267.446   -0.00358    6.74932    9.64546  294.18556     7.9831   15.20213 8.8839e-02     0.4634     0.4965 0.0000e+00
        601 205.465393    0.04165     2.4990    149.942     64.615  50085.155    31.6006     7.9882     64.000     7.9819    24.6077     5.9814     8.5480     88.620    260.712    267.128   -0.00311    6.74945    9.64564  294.19115     7.9820   15.20240 8.4502e-02     0.4659     0.5002 0.0000e+00
        605 205.465406    0.04197     2.5180    151.080     65.624  50085.700    31.6004     7.9880     65.000     7.9818    24.6076     5.9786     8.5440     88.579    260.591    267.003   -0.00246    6.74948    9.64569  294.19241     7.9818   15.20246 8.0748e-02     0.4712     0.5085 0.0000e+00
        610 205.465419    0.04228     2.5371    152.228     66.634  50085.494    31.5999     7.9880     66.000     7.9812    24.6072     5.9763     8.5407     88.545    260.492    266.902   -0.00192    6.74951    9.64572  294.19369     7.9817   15.20252 7.7538e-02     0.4608     0.5217 0.0000e+00
        615 205.465433    0.04261     2.5567    153.403     67.643  50084.886    31.5987     7.9860     67.000     7.9778    24.6066     5.9698     8.5315     88.444    260.210    266.612   -0.00193    6.74986    9.64623  294.20943     7.9796   15.20328 7.4850e-02     0.4534     0.5282 0.0000e+00
        619 205.465446    0.04294     2.5762    154.571     68.653  50085.032    31.5975     7.9809     68.000     7.9712    24.6064     5.9649     8.5244     88.359    259.993    266.391   -0.00186    6.75070    9.64742  294.24575     7.9744   15.20502 7.2502e-02     0.4380     0.5447 0.0000e+00
        624 205.465459    0.04324     2.5944    155.667     69.663  50088.617    31.5985     7.9746     69.000     7.9655    24.6081     5.9596     8.5168     88.269    259.763    266.155   -0.00188    6.75162    9.64875  294.28584     7.9679   15.20693 7.0479e-02     0.4237     0.5789 0.0000e+00
        628 205.465473    0.04356     2.6139    156.835     70.672  50089.926    31.5981     7.9689     70.000     7.9588    24.6086     5.9551     8.5104     88.190    259.566    265.953   -0.00180    6.75252    9.65003  294.32475     7.9621   15.20879 6.8672e-02     0.4183     0.6400 0.0000e+00
        633 205.465485    0.04387     2.6324    157.946     71.683  50091.144    31.5970     7.9599     71.000     7.9484    24.6090     5.9517     8.5056     88.122    259.419    265.803   -0.00169    6.75394    9.65205  294.38621     7.9531   15.21173 6.7209e-02     0.4025     0.6845 0.0000e+00
        637 205.465499    0.04420     2.6520    159.120     72.692  50094.053    31.5969     7.9489     72.000     7.9367    24.6104     5.9437     8.4941     87.981    259.069    265.445   -0.00197    6.75562    9.65445  294.45917     7.9421   15.21521 6.5895e-02     0.3918     0.7394 0.0000e+00
        642 205.465512    0.04451     2.6706    160.237     73.702  50098.334    31.5975     7.9367     73.000     7.9250    24.6127     5.9296     8.4740     87.749    258.454    264.815   -0.00273    6.75748    9.65711  294.53965     7.9297   15.21905 6.4687e-02     0.3864     0.8597 0.0000e+00
        647 205.465526    0.04484     2.6905    161.429     74.712  50105.419    31.6005     7.9276     74.000     7.9186    24.6163     5.9165     8.4553     87.538    257.882    264.230   -0.00314    6.75874    9.65891  294.59354     7.9205   15.22161 6.3560e-02     0.3785     1.0130 0.0000e+00
        651 205.465539    0.04516     2.7093    162.557     75.722  50105.485    31.5993     7.9225     75.000     7.9122    24.6161     5.9066     8.4412     87.382    257.454    263.791   -0.00312    6.75957    9.66010  294.62983     7.9153   15.22335 6.2573e-02     0.3629     1.1519 0.0000e+00
        657 205.465555    0.04554     2.7322    163.932     76.731  50107.754    31.5990     7.9139     76.000     7.9046    24.6172     5.8929     8.4214     87.160    256.850    263.174   -0.00338    6.76091    9.66200  294.68731     7.9067   15.22610 6.1692e-02     0.3608     1.4351 0.0000e+00
