CTD-processing/allCTD/CNV/2018_04-23_t4_s10_cast068_5028.cnv
* Sea-Bird SBE19plus Data File:
* FileName = C:\Users\Kim.Powell\Desktop\Not Processed\2018\2018_04-23_AlongBay, T4, T9_5028\2018_04-23_TRANSECT_STATION_cast068.hex
* Software Version 1.59
* Temperature SN =  5028
* Conductivity SN =  5028
* System UpLoad Time = Apr 24 2018 10:00:17
** 2018_04-24
** Station: 4-10
** Start Time: 15:11
** Depth (m): 16
** Comment:
** Comment:
# nquan = 27
# nvalues = 14                          
# units = specified
# name 0 = scan: Scan Count
# name 1 = timeJ: Julian Days
# name 2 = timeH: Time, Elapsed [hours]
# name 3 = timeM: Time, Elapsed [minutes]
# name 4 = timeS: Time, Elapsed [seconds]
# name 5 = prdM: Pressure, Strain Gauge [db]
# name 6 = specc: Specific Conductance [uS/cm]
# name 7 = sal00: Salinity, Practical [PSU]
# name 8 = tv290C: Temperature [ITS-90, deg C]
# name 9 = depSM: Depth [salt water, m], lat = 59.00
# name 10 = potemp090C: Potential Temperature [ITS-90, deg C]
# name 11 = sigma-é00: Density [sigma-theta, kg/m^3]
# name 12 = sbeox0ML/L: Oxygen, SBE 43 [ml/l]
# name 13 = sbeox0Mg/L: Oxygen, SBE 43 [mg/l]
# name 14 = sbeox0PS: Oxygen, SBE 43 [% saturation]
# name 15 = sbox0Mm/Kg: Oxygen, SBE 43 [umol/kg]
# name 16 = sbeox0Mm/L: Oxygen, SBE 43 [umol/l]
# name 17 = sbox0dV/dT: Oxygen, SBE 43 [dov/dt]
# name 18 = oxsolML/L: Oxygen Saturation, Garcia & Gordon [ml/l]
# name 19 = oxsolMg/L: Oxygen Saturation, Garcia & Gordon [mg/l]
# name 20 = oxsolMm/Kg: Oxygen Saturation, Garcia & Gordon [umol/kg]
# name 21 = potemp090C: Potential Temperature [ITS-90, deg C]
# name 22 = n2satMg/L: Nitrogen Saturation [mg/l]
# name 23 = par: PAR/Irradiance, Biospherical/Licor
# name 24 = flECO-AFL: Fluorescence, WET Labs ECO-AFL/FL [mg/m^3]
# name 25 = turbWETntu0: Turbidity, WET Labs ECO [NTU]
# name 26 = flag: flag
# span 0 =        167,        306       
# span 1 = 113.633731, 113.634134       
# span 2 =    0.01150,    0.02116       
# span 3 =     0.6897,     1.2695       
# span 4 =     41.385,     76.171       
# span 5 =      1.009,     14.132       
# span 6 =  50216.675,  50675.346       
# span 7 =    31.3624,    31.4791       
# span 8 =     5.0070,     5.9562       
# span 9 =      1.000,     14.000       
# span 10 =     5.0069,     5.8869      
# span 11 =    24.6841,    24.8843      
# span 12 =     6.4097,     8.3525      
# span 13 =     9.1602,    11.9365      
# span 14 =     90.412,    116.493      
# span 15 =    279.362,    364.005      
# span 16 =    286.259,    373.021      
# span 17 =   -0.01340,    0.08494      
# span 18 =    7.08514,    7.24070      
# span 19 =   10.12538,   10.34767      
# span 20 =  308.79992,  315.51790      
# span 21 =     5.0060,     5.9561      
# span 22 =   15.90008,   16.21952      
# span 23 = 2.5254e+00, 2.7293e+02      
# span 24 =     1.3135,     5.5096      
# span 25 =     0.7079,     1.0994      
# span 26 = 0.0000e+00, 0.0000e+00      
# interval = meters: 1                  
# start_time = Apr 23 2018 15:11:53 [Instrument's time stamp, header]
# bad_flag = -9.990e-29
*END*
        167 113.633731    0.01150     0.6897     41.385      1.009  50216.675    31.3624     5.9562      1.000     5.8869    24.6841     6.4097     9.1602     90.412    279.362    286.259    0.01337    7.08514   10.12538  308.79992     5.9561   15.90008 2.7293e+02     1.3135     1.0066 0.0000e+00
        249 113.633970    0.01723     1.0338     62.027      2.018  50346.101    31.3910     5.6459      2.000     5.6010    24.7434     7.2360    10.3410    101.400    315.356    323.159    0.04046    7.13560   10.19748  310.98082     5.6458   16.00386 1.9365e+02     1.9225     0.7079 0.0000e+00
        253 113.633981    0.01749     1.0493     62.960      3.028  50410.768    31.4186     5.5640      3.000     5.5448    24.7746     7.9322    11.3359    110.964    345.688    354.252    0.07898    7.14814   10.21541  311.51819     5.5638   16.02934 1.3455e+02     2.6975     0.7506 0.0000e+00
        257 113.633994    0.01781     1.0686     64.117      4.037  50423.716    31.4189     5.5235      4.000     5.4989    24.7794     8.3059    11.8700    116.084    361.972    370.942    0.08494    7.15499   10.22519  311.81518     5.5232   16.04348 9.4903e+01     3.3173     0.7867 0.0000e+00
        262 113.634008    0.01814     1.0883     65.300      5.047  50418.905    31.3982     5.4412      5.000     5.3866    24.7724     8.3525    11.9365    116.493    364.005    373.021    0.06188    7.16998   10.24662  312.47060     5.4408   16.07477 6.8496e+01     4.0858     0.8339 0.0000e+00
        267 113.634022    0.01846     1.1078     66.465      6.057  50492.827    31.4237     5.3203      6.000     5.2816    24.8061     8.3016    11.8638    115.471    361.775    370.749    0.03745    7.18940   10.27437  313.30674     5.3198   16.11448 4.8654e+01     5.0025     0.9327 0.0000e+00
        271 113.634034    0.01876     1.1253     67.519      7.066  50533.404    31.4351     5.2431      7.000     5.2099    24.8236     8.2719    11.8214    114.855    360.475    369.423    0.02367    7.20208   10.29249  313.85382     5.2426   16.14048 3.3968e+01     5.4419     1.0056 0.0000e+00
        276 113.634047    0.01908     1.1449     68.691      8.076  50584.479    31.4568     5.1815      8.000     5.1672    24.8475     8.2701    11.8189    114.678    360.390    369.345    0.01548    7.21162   10.30612  314.26210     5.1810   16.15984 2.3266e+01     5.4847     1.0241 0.0000e+00
        281 113.634061    0.01941     1.1648     69.886      9.086  50607.678    31.4668     5.1555      9.000     5.1505    24.8583     8.2851    11.8401    114.821    361.036    370.010    0.01132    7.21561   10.31184  314.43312     5.1549   16.16794 1.5520e+01     5.5096     1.0856 0.0000e+00
        285 113.634075    0.01974     1.1844     71.066     10.094  50610.941    31.4666     5.1461     10.000     5.1398    24.8592     8.2789    11.8313    114.710    360.767    369.735    0.00746    7.21724   10.31416  314.50380     5.1454   16.17130 1.0649e+01     5.4959     1.0735 0.0000e+00
        290 113.634088    0.02006     1.2037     72.221     11.104  50598.281    31.4521     5.1214     11.000     5.0972    24.8505     8.2496    11.7895    114.226    359.494    368.427    0.00276    7.22221   10.32126  314.72281     5.1206   16.18179 7.4477e+00     5.1934     1.0487 0.0000e+00
        295 113.634102    0.02041     1.2242     73.452     12.114  50626.267    31.4579     5.0604     12.000     5.0400    24.8616     8.1958    11.7127    113.321    357.147    366.026   -0.00277    7.23247   10.33593  315.16662     5.0595   16.20289 5.1789e+00     4.6892     1.0634 0.0000e+00
        300 113.634118    0.02077     1.2465     74.792     13.123  50661.174    31.4728     5.0207     13.000     5.0138    24.8778     8.1037    11.5811    111.952    353.129    361.914   -0.00901    7.23863   10.34472  315.42978     5.0197   16.21535 3.6385e+00     4.3987     1.0745 0.0000e+00
        306 113.634134    0.02116     1.2695     76.171     14.132  50675.346    31.4791     5.0070     14.000     5.0069    24.8843     8.0154    11.4547    110.698    349.271    357.963   -0.01340    7.24070   10.34767  315.51790     5.0060   16.21952 2.5254e+00     4.4057     1.0994 0.0000e+00
