CTD-processing/allCTD/CNV/2018_06-22_t9_s01_cast118_5028.cnv
* Sea-Bird SBE19plus Data File:
* FileName = C:\Users\Kim.Powell\Desktop\Not Processed\2018\2018_06-XX\2018_06-XX_TRANSECT_STATION_cast118.hex
* Software Version 1.59
* Temperature SN =  5028
* Conductivity SN =  5028
* System UpLoad Time = Jul 05 2018 09:36:08
** 2018_06-22
** Station: 9-01
** Start Time: 13:39
** Depth (m): 58.2
** Comment:
** Comment:
# nquan = 27
# nvalues = 61                          
# units = specified
# name 0 = scan: Scan Count
# name 1 = timeJ: Julian Days
# name 2 = timeH: Time, Elapsed [hours]
# name 3 = timeM: Time, Elapsed [minutes]
# name 4 = timeS: Time, Elapsed [seconds]
# name 5 = prdM: Pressure, Strain Gauge [db]
# name 6 = specc: Specific Conductance [uS/cm]
# name 7 = sal00: Salinity, Practical [PSU]
# name 8 = tv290C: Temperature [ITS-90, deg C]
# name 9 = depSM: Depth [salt water, m], lat = 59.00
# name 10 = potemp090C: Potential Temperature [ITS-90, deg C]
# name 11 = sigma-é00: Density [sigma-theta, kg/m^3]
# name 12 = sbeox0ML/L: Oxygen, SBE 43 [ml/l]
# name 13 = sbeox0Mg/L: Oxygen, SBE 43 [mg/l]
# name 14 = sbeox0PS: Oxygen, SBE 43 [% saturation]
# name 15 = sbox0Mm/Kg: Oxygen, SBE 43 [umol/kg]
# name 16 = sbeox0Mm/L: Oxygen, SBE 43 [umol/l]
# name 17 = sbox0dV/dT: Oxygen, SBE 43 [dov/dt]
# name 18 = oxsolML/L: Oxygen Saturation, Garcia & Gordon [ml/l]
# name 19 = oxsolMg/L: Oxygen Saturation, Garcia & Gordon [mg/l]
# name 20 = oxsolMm/Kg: Oxygen Saturation, Garcia & Gordon [umol/kg]
# name 21 = potemp090C: Potential Temperature [ITS-90, deg C]
# name 22 = n2satMg/L: Nitrogen Saturation [mg/l]
# name 23 = par: PAR/Irradiance, Biospherical/Licor
# name 24 = flECO-AFL: Fluorescence, WET Labs ECO-AFL/FL [mg/m^3]
# name 25 = turbWETntu0: Turbidity, WET Labs ECO [NTU]
# name 26 = flag: flag
# span 0 =        181,        608       
# span 1 = 173.570335, 173.571571       
# span 2 =    0.01248,    0.04213       
# span 3 =     0.7488,     2.5275       
# span 4 =     44.925,    151.648       
# span 5 =      1.009,     61.586       
# span 6 =  40266.150,  50544.185       
# span 7 =    25.1539,    31.7412       
# span 8 =     6.9176,    10.8280       
# span 9 =      1.000,     61.000       
# span 10 =     6.9122,    10.5258      
# span 11 =    19.1499,    24.8641      
# span 12 =     6.0761,     6.6974      
# span 13 =     8.6834,     9.5713      
# span 14 =     91.974,     98.686      
# span 15 =    266.224,    291.862      
# span 16 =    271.360,    299.106      
# span 17 =   -0.04028,    0.00179      
# span 18 =    6.60456,    6.91167      
# span 19 =    9.43858,    9.87746      
# span 20 =  289.41687,  301.21251      
# span 21 =     6.9123,    10.8279      
# span 22 =   15.00104,   15.53731      
# span 23 = 5.9290e-02, 6.2911e+02      
# span 24 =     0.2269,     0.6494      
# span 25 =     0.7048,     3.0112      
# span 26 = 0.0000e+00, 0.0000e+00      
# interval = meters: 1                  
# start_time = Jun 22 2018 13:40:32 [Instrument's time stamp, header]
# bad_flag = -9.990e-29
*END*
        181 173.570335    0.01248     0.7488     44.925      1.009  40266.150    25.1539    10.8280      1.000    10.5258    19.1499     6.0761     8.6834     91.974    266.224    271.360    0.00179    6.60456    9.43858  289.41687    10.8279   15.00104 6.2911e+02     0.5910     3.0112 0.0000e+00
        305 173.570696    0.02114     1.2686     76.118      2.019  45681.132    28.7504     9.4447      2.000     8.7727    22.1617     6.5649     9.3819     98.686    286.844    293.190   -0.01280    6.65520    9.51095  290.77383     9.4445   15.05086 5.0741e+02     0.6494     2.8860 0.0000e+00
        309 173.570705    0.02137     1.2819     76.914      3.028  48581.294    30.5870     8.0920      3.000     7.7613    23.7958     6.3252     9.0393     93.337    275.922    282.482   -0.04028    6.77927    9.68825  295.72220     8.0917   15.27959 3.0546e+02     0.5612     1.7301 0.0000e+00
        314 173.570719    0.02171     1.3024     78.146      4.038  49664.227    31.2502     7.4764      4.000     7.4073    24.4027     6.3837     9.1229     93.268    278.303    285.094   -0.02971    6.84437    9.78129  298.38775     7.4761   15.40411 2.0266e+02     0.4556     1.0949 0.0000e+00
        318 173.570732    0.02202     1.3212     79.271      5.048  49895.943    31.3894     7.3421      5.000     7.2801    24.5304     6.5678     9.3861     95.752    286.297    293.320   -0.00603    6.85913    9.80238  298.99401     7.3416   15.43248 1.5025e+02     0.3916     1.3340 0.0000e+00
        323 173.570746    0.02235     1.3411     80.467      6.057  50111.441    31.5120     7.1828      6.000     7.1228    24.6481     6.6233     9.4654     96.287    288.683    295.798   -0.00064    6.87875    9.83042  299.81481     7.1822   15.47114 1.1337e+02     0.3214     1.7081 0.0000e+00
        328 173.570760    0.02268     1.3605     81.629      7.066  50245.479    31.5848     7.0666      7.000     7.0400    24.7209     6.6153     9.4539     95.959    288.311    295.439   -0.00255    6.89386    9.85201  300.45219     7.0659   15.50125 8.6943e+01     0.2693     1.4709 0.0000e+00
        332 173.570774    0.02302     1.3807     82.841      8.076  50292.931    31.6087     7.0169      8.000     7.0054    24.7462     6.6215     9.4628     95.954    288.575    295.717   -0.00195    6.90067    9.86175  300.74174     7.0161   15.51496 6.7776e+01     0.2639     1.2563 0.0000e+00
        337 173.570787    0.02333     1.4003     84.017      9.085  50310.576    31.6168     6.9955      9.000     6.9872    24.7554     6.6238     9.4661     95.945    288.673    295.819   -0.00140    6.90371    9.86609  300.87141     6.9947   15.52110 5.3937e+01     0.2745     1.1845 0.0000e+00
        342 173.570801    0.02367     1.4202     85.214     10.095  50311.540    31.6133     6.9748     10.000     6.9641    24.7554     6.6194     9.4597     95.833    288.479    295.620   -0.00168    6.90716    9.87102  301.02172     6.9739   15.52829 4.3719e+01     0.2694     1.1103 0.0000e+00
        347 173.570815    0.02400     1.4398     86.391     11.104  50325.285    31.6190     6.9556     11.000     6.9499    24.7624     6.6246     9.4671     95.870    288.704    295.853   -0.00109    6.90996    9.87503  301.14197     6.9547   15.53400 3.5703e+01     0.2536     1.0933 0.0000e+00
        351 173.570829    0.02433     1.4598     87.587     12.113  50337.751    31.6256     6.9462     12.000     6.9429    24.7688     6.6206     9.4615     95.795    288.529    295.676   -0.00110    6.91116    9.87674  301.19231     6.9452   15.53638 2.9118e+01     0.2604     1.0577 0.0000e+00
        356 173.570842    0.02464     1.4786     88.715     13.123  50346.771    31.6306     6.9419     13.000     6.9400    24.7733     6.6209     9.4619     95.793    288.540    295.689   -0.00103    6.91162    9.87740  301.21085     6.9408   15.53724 2.3780e+01     0.2720     0.9907 0.0000e+00
        361 173.570856    0.02499     1.4995     89.971     14.133  50349.585    31.6320     6.9413     14.000     6.9405    24.7745     6.6266     9.4701     95.876    288.789    295.944   -0.00021    6.91167    9.87746  301.21251     6.9400   15.53731 1.9080e+01     0.2766     1.0772 0.0000e+00
        366 173.570870    0.02532     1.5191     91.146     15.142  50351.521    31.6332     6.9429     15.000     6.9424    24.7753     6.6258     9.4690     95.869    288.757    295.911   -0.00029    6.91134    9.87700  301.19833     6.9416   15.53663 1.5198e+01     0.2631     1.2134 0.0000e+00
        370 173.570884    0.02565     1.5391     92.347     16.151  50352.525    31.6336     6.9443     16.000     6.9432    24.7754     6.6274     9.4712     95.895    288.825    295.980   -0.00010    6.91110    9.87666  301.18787     6.9429   15.53613 1.2135e+01     0.2696     1.1354 0.0000e+00
        375 173.570897    0.02597     1.5581     93.483     17.161  50356.962    31.6365     6.9458     17.000     6.9455    24.7775     6.6322     9.4781     95.970    289.032    296.194    0.00021    6.91073    9.87612  301.17077     6.9444   15.53530 9.9101e+00     0.2708     1.0058 0.0000e+00
        380 173.570912    0.02633     1.5799     94.793     18.170  50359.317    31.6381     6.9479     18.000     6.9458    24.7785     6.6376     9.4857     96.052    289.264    296.431    0.00062    6.91034    9.87556  301.15352     6.9463   15.53448 8.2301e+00     0.2632     1.0467 0.0000e+00
        385 173.570926    0.02666     1.5996     95.977     19.180  50373.758    31.6475     6.9469     19.000     6.9468    24.7860     6.6331     9.4793     95.992    289.068    296.234   -0.00006    6.91007    9.87518  301.13967     6.9452   15.53378 7.0076e+00     0.2526     1.1505 0.0000e+00
        390 173.570940    0.02701     1.6207     97.243     20.190  50390.213    31.6598     6.9549     20.000     6.9583    24.7948     6.6465     9.4984     96.211    289.650    296.831    0.00108    6.90823    9.87255  301.05698     6.9531   15.52979 6.0259e+00     0.2427     1.1648 0.0000e+00
        395 173.570955    0.02736     1.6417     98.500     21.199  50391.425    31.6623     6.9666     21.000     6.9670    24.7952     6.6495     9.5027     96.282    289.780    296.965    0.00107    6.90626    9.86973  300.97079     6.9647   15.52566 5.2329e+00     0.2521     0.9770 0.0000e+00
        400 173.570969    0.02770     1.6618     99.706     22.209  50387.725    31.6598     6.9697     22.000     6.9668    24.7928     6.6547     9.5102     96.363    290.008    297.199    0.00114    6.90586    9.86916  300.95421     6.9678   15.52488 4.5252e+00     0.2466     0.7992 0.0000e+00
        405 173.570983    0.02803     1.6817    100.900     23.218  50386.320    31.6576     6.9652     23.000     6.9601    24.7917     6.6602     9.5181     96.432    290.250    297.445    0.00109    6.90668    9.87034  300.99038     6.9632   15.52662 3.8282e+00     0.2528     0.7769 0.0000e+00
        410 173.570997    0.02837     1.7021    102.127     24.228  50390.193    31.6586     6.9583     24.000     6.9544    24.7934     6.6582     9.5153     96.388    290.163    297.357    0.00046    6.90773    9.87184  301.03572     6.9562   15.52878 3.1312e+00     0.2518     0.8032 0.0000e+00
        414 173.571011    0.02870     1.7221    103.327     25.238  50389.411    31.6568     6.9540     25.000     6.9498    24.7925     6.6538     9.5090     96.314    289.971    297.160   -0.00021    6.90850    9.87294  301.06933     6.9518   15.53039 2.4785e+00     0.2527     0.8026 0.0000e+00
        419 173.571025    0.02904     1.7425    104.551     26.247  50390.669    31.6565     6.9495     26.000     6.9460    24.7928     6.6589     9.5161     96.376    290.190    297.384    0.00008    6.90924    9.87399  301.10136     6.9473   15.53191 1.9217e+00     0.2513     0.7456 0.0000e+00
        424 173.571039    0.02937     1.7623    105.735     27.257  50391.168    31.6559     6.9471     27.000     6.9438    24.7927     6.6632     9.5224     96.434    290.381    297.580    0.00034    6.90965    9.87459  301.11957     6.9447   15.53278 1.4922e+00     0.2414     0.7427 0.0000e+00
        429 173.571053    0.02972     1.7833    106.999     28.266  50389.402    31.6538     6.9450     28.000     6.9417    24.7913     6.6628     9.5218     96.421    290.361    297.559    0.00011    6.91008    9.87519  301.13843     6.9425   15.53370 1.1640e+00     0.2435     0.7851 0.0000e+00
        434 173.571068    0.03008     1.8046    108.278     29.276  50388.287    31.6521     6.9426     29.000     6.9386    24.7904     6.6587     9.5159     96.356    290.184    297.377   -0.00036    6.91054    9.87585  301.15883     6.9400   15.53467 9.2418e-01     0.2473     0.7738 0.0000e+00
        439 173.571083    0.03043     1.8259    109.552     30.285  50393.467    31.6548     6.9399     30.000     6.9377    24.7928     6.6545     9.5099     96.290    289.999    297.189   -0.00063    6.91085    9.87630  301.17167     6.9372   15.53528 7.5383e-01     0.2617     0.7048 0.0000e+00
        444 173.571098    0.03078     1.8472    110.830     31.295  50405.627    31.6635     6.9439     31.000     6.9467    24.7992     6.6491     9.5022     96.226    289.762    296.948   -0.00095    6.90981    9.87481  301.12459     6.9412   15.53300 6.2624e-01     0.2540     0.7462 0.0000e+00
        449 173.571111    0.03111     1.8669    112.017     32.304  50419.823    31.6760     6.9616     32.000     6.9686    24.8067     6.6671     9.5279     96.534    290.544    297.751    0.00095    6.90642    9.86997  300.97462     6.9588   15.52579 5.2805e-01     0.2447     0.8016 0.0000e+00
        455 173.571127    0.03150     1.8898    113.387     33.314  50423.692    31.6832     6.9897     33.000     6.9973    24.8088     6.6728     9.5362     96.686    290.796    298.010    0.00141    6.90161    9.86309  300.76415     6.9868   15.51572 4.4273e-01     0.2310     0.9464 0.0000e+00
        460 173.571142    0.03186     1.9113    114.680     34.324  50421.342    31.6856     7.0148     34.000     7.0191    24.8073     6.6784     9.5441     96.823    291.037    298.257    0.00165    6.89751    9.85724  300.58630     7.0118   15.50723 3.6764e-01     0.2269     1.0958 0.0000e+00
        465 173.571157    0.03220     1.9322    115.930     35.333  50417.025    31.6848     7.0303     35.000     7.0301    24.8046     6.6813     9.5483     96.900    291.166    298.388    0.00147    6.89507    9.85376  300.48084     7.0272   15.50221 3.0329e-01     0.2302     1.1701 0.0000e+00
        470 173.571173    0.03260     1.9557    117.342     36.343  50414.298    31.6833     7.0351     36.000     7.0314    24.8028     6.6843     9.5525     96.953    291.296    298.521    0.00117    6.89438    9.85275  300.45081     7.0320   15.50078 2.4818e-01     0.2383     1.3529 0.0000e+00
        475 173.571187    0.03293     1.9755    118.530     37.352  50415.488    31.6834     7.0335     37.000     7.0294    24.8032     6.6853     9.5541     96.965    291.343    298.569    0.00079    6.89462    9.85310  300.46154     7.0303   15.50129 2.0496e-01     0.2446     1.3820 0.0000e+00
        480 173.571202    0.03329     1.9973    119.837     38.362  50416.769    31.6834     7.0313     38.000     7.0273    24.8035     6.6889     9.5592     97.012    291.498    298.728    0.00072    6.89497    9.85361  300.47674     7.0280   15.50202 1.7150e-01     0.2444     1.4167 0.0000e+00
        486 173.571218    0.03368     2.0208    121.250     39.372  50420.519    31.6853     7.0298     39.000     7.0265    24.8052     6.6835     9.5515     96.932    291.263    298.488   -0.00002    6.89512    9.85382  300.48279     7.0264   15.50229 1.4469e-01     0.2488     1.3856 0.0000e+00
        491 173.571232    0.03402     2.0409    122.457     40.381  50423.360    31.6870     7.0307     40.000     7.0276    24.8063     6.6783     9.5439     96.858    291.033    298.252   -0.00050    6.89492    9.85353  300.47338     7.0272   15.50184 1.2494e-01     0.2500     1.3166 0.0000e+00
        496 173.571248    0.03439     2.0633    123.798     41.391  50423.083    31.6863     7.0309     41.000     7.0266    24.8058     6.6789     9.5448     96.867    291.059    298.279   -0.00039    6.89492    9.85353  300.47357     7.0273   15.50185 1.1007e-01     0.2484     1.3552 0.0000e+00
        502 173.571264    0.03477     2.0863    125.177     42.401  50424.961    31.6867     7.0284     42.000     7.0233    24.8065     6.6868     9.5561     96.976    291.403    298.632    0.00028    6.89530    9.85407  300.48987     7.0247   15.50263 9.8837e-02     0.2586     1.3162 0.0000e+00
        507 173.571278    0.03512     2.1072    126.430     43.410  50429.358    31.6887     7.0250     43.000     7.0202    24.8086     6.6889     9.5591     97.001    291.495    298.726    0.00028    6.89576    9.85473  300.50923     7.0211   15.50354 9.0509e-02     0.2741     1.2220 0.0000e+00
        512 173.571293    0.03549     2.1291    127.746     44.420  50435.589    31.6925     7.0243     44.000     7.0216    24.8116     6.6879     9.5578     96.987    291.452    298.683    0.00003    6.89569    9.85463  300.50541     7.0204   15.50335 8.4164e-02     0.2676     1.3203 0.0000e+00
        518 173.571312    0.03593     2.1562    129.374     45.430  50438.874    31.6951     7.0286     45.000     7.0263    24.8131     6.6882     9.5582     97.003    291.466    298.698    0.00004    6.89488    9.85348  300.46997     7.0246   15.50165 7.9194e-02     0.2629     1.3261 0.0000e+00
        524 173.571329    0.03635     2.1810    130.859     46.440  50448.705    31.7027     7.0359     46.000     7.0360    24.8182     6.6875     9.5571     97.013    291.429    298.662   -0.00001    6.89338    9.85133  300.40303     7.0318   15.49842 7.5223e-02     0.2611     1.2448 0.0000e+00
        529 173.571344    0.03670     2.2020    132.117     47.449  50451.479    31.7058     7.0450     47.000     7.0419    24.8194     6.6929     9.5648     97.114    291.666    298.905    0.00047    6.89178    9.84905  300.33295     7.0409   15.49507 7.2263e-02     0.2633     1.3474 0.0000e+00
        535 173.571360    0.03708     2.2249    133.496     48.458  50448.536    31.7031     7.0440     48.000     7.0372    24.8174     6.6962     9.5694     97.157    291.808    299.050    0.00049    6.89207    9.84946  300.34605     7.0397   15.49570 6.9881e-02     0.2584     1.5949 0.0000e+00
        540 173.571376    0.03746     2.2476    134.853     49.468  50447.955    31.7009     7.0365     49.000     7.0275    24.8167     6.6974     9.5713     97.157    291.862    299.106    0.00025    6.89338    9.85132  300.40309     7.0321   15.49843 6.7993e-02     0.2731     1.3514 0.0000e+00
        546 173.571392    0.03784     2.2704    136.222     50.478  50447.334    31.6972     7.0204     50.000     7.0089    24.8159     6.6923     9.5640     97.045    291.642    298.879   -0.00048    6.89610    9.85521  300.52204     7.0159   15.50412 6.6509e-02     0.2672     1.0693 0.0000e+00
        551 173.571406    0.03820     2.2920    137.523     51.487  50463.785    31.7056     7.0056     51.000     6.9993    24.8244     6.6831     9.5508     96.884    291.239    298.468   -0.00129    6.89806    9.85802  300.60511     7.0011   15.50805 6.5275e-02     0.2676     0.9868 0.0000e+00
        557 173.571423    0.03860     2.3159    138.951     52.498  50473.162    31.7110     7.0024     52.000     6.9969    24.8291     6.6800     9.5463     96.834    291.100    298.327   -0.00119    6.89833    9.85840  300.61524     6.9978   15.50851 6.4243e-02     0.2624     1.1059 0.0000e+00
        562 173.571439    0.03897     2.3383    140.299     53.507  50480.947    31.7157     7.0008     53.000     6.9961    24.8330     6.6820     9.5493     96.864    291.188    298.419   -0.00070    6.89837    9.85846  300.61595     6.9961   15.50852 6.3341e-02     0.2694     1.0149 0.0000e+00
