CTD-processing/allCTD/CNV/2018_10-17_t9_s05_cast069_5028.cnv
* Sea-Bird SBE19plus Data File:
* FileName = C:\Users\Kim.Powell\Desktop\Not Processed\2018\2018_10-17_AlongBay, T9_5028\2018_10-17_TRANSECT_STATION_cast069.hex
* Software Version 1.59
* Temperature SN =  5028
* Conductivity SN =  5028
* System UpLoad Time = Oct 25 2018 17:12:25
** 2018_10-17
** Station: 9-05
** Start Time: 15:01
** Depth (m): 97
** Comment: Turbid
** Comment:
# nquan = 27
# nvalues = 93                          
# units = specified
# name 0 = scan: Scan Count
# name 1 = timeJ: Julian Days
# name 2 = timeH: Time, Elapsed [hours]
# name 3 = timeM: Time, Elapsed [minutes]
# name 4 = timeS: Time, Elapsed [seconds]
# name 5 = prdM: Pressure, Strain Gauge [db]
# name 6 = specc: Specific Conductance [uS/cm]
# name 7 = sal00: Salinity, Practical [PSU]
# name 8 = tv290C: Temperature [ITS-90, deg C]
# name 9 = depSM: Depth [salt water, m], lat = 59.00
# name 10 = potemp090C: Potential Temperature [ITS-90, deg C]
# name 11 = sigma-é00: Density [sigma-theta, kg/m^3]
# name 12 = sbeox0ML/L: Oxygen, SBE 43 [ml/l]
# name 13 = sbeox0Mg/L: Oxygen, SBE 43 [mg/l]
# name 14 = sbeox0PS: Oxygen, SBE 43 [% saturation]
# name 15 = sbox0Mm/Kg: Oxygen, SBE 43 [umol/kg]
# name 16 = sbeox0Mm/L: Oxygen, SBE 43 [umol/l]
# name 17 = sbox0dV/dT: Oxygen, SBE 43 [dov/dt]
# name 18 = oxsolML/L: Oxygen Saturation, Garcia & Gordon [ml/l]
# name 19 = oxsolMg/L: Oxygen Saturation, Garcia & Gordon [mg/l]
# name 20 = oxsolMm/Kg: Oxygen Saturation, Garcia & Gordon [umol/kg]
# name 21 = potemp090C: Potential Temperature [ITS-90, deg C]
# name 22 = n2satMg/L: Nitrogen Saturation [mg/l]
# name 23 = par: PAR/Irradiance, Biospherical/Licor
# name 24 = flECO-AFL: Fluorescence, WET Labs ECO-AFL/FL [mg/m^3]
# name 25 = turbWETntu0: Turbidity, WET Labs ECO [NTU]
# name 26 = flag: flag
# span 0 =        230,        638       
# span 1 = 290.627698, 290.628879       
# span 2 =    0.01587,    0.04421       
# span 3 =     0.9521,     2.6525       
# span 4 =     57.129,    159.148       
# span 5 =      1.009,     93.899       
# span 6 =  39661.646,  48874.368       
# span 7 =    24.4892,    30.9292       
# span 8 =     8.3195,     9.4867       
# span 9 =      1.000,     93.000       
# span 10 =     8.3537,     9.4865      
# span 11 =    18.9923,    23.8917      
# span 12 =     4.6792,     5.7103      
# span 13 =     6.6871,     8.1605      
# span 14 =     66.698,     86.621      
# span 15 =    205.080,    249.196      
# span 16 =    208.975,    255.021      
# span 17 =   -0.00846,    0.07885      
# span 18 =    6.56974,    7.01601      
# span 19 =    9.38881,   10.02659      
# span 20 =  286.60014,  307.49617      
# span 21 =     8.3194,     9.4860      
# span 22 =   14.84312,   15.86703      
# span 23 = 5.1525e-02, 5.5083e+01      
# span 24 =     0.2471,     0.9495      
# span 25 =     0.6579,    16.9926      
# span 26 = 0.0000e+00, 0.0000e+00      
# interval = meters: 1                  
# start_time = Oct 17 2018 15:02:56 [Instrument's time stamp, header]
# bad_flag = -9.990e-29
*END*
[from data line 54]
        466 290.628381    0.03226     1.9356    116.138     55.526  48557.301    30.7442     9.4337     55.000     9.4280    23.7218     5.5100     7.8742     83.855    240.372    246.074   -0.00071    6.57081    9.39034  286.65229     9.4279   14.84571 5.3315e-02     0.3182     1.4109 0.0000e+00
        470 290.628393    0.03256     1.9533    117.198     56.536  48562.347    30.7474     9.4345     56.000     9.4293    23.7243     5.5113     7.8762     83.879    240.432    246.136   -0.00047    6.57056    9.38999  286.64089     9.4285   14.84515 5.3179e-02     0.3078     1.1542 0.0000e+00
        474 290.628406    0.03285     1.9710    118.257     57.546  48565.560    30.7495     9.4360     57.000     9.4304    23.7256     5.5201     7.8887     84.016    240.813    246.526    0.00037    6.57025    9.38954  286.62686     9.4300   14.84448 5.3047e-02     0.3088     0.9941 0.0000e+00
        478 290.628418    0.03315     1.9888    119.329     58.555  48569.589    30.7519     9.4368     58.000     9.4305    23.7275     5.5347     7.9096     84.241    241.450    247.179    0.00149    6.57003    9.38923  286.61675     9.4306   14.84399 5.2945e-02     0.3099     0.9150 0.0000e+00
        483 290.628431    0.03344     2.0064    120.385     59.565  48575.047    30.7554     9.4365     59.000     9.4299    23.7301     5.5503     7.9320     84.481    242.133    247.879    0.00245    6.56993    9.38909  286.61190     9.4302   14.84374 5.2850e-02     0.3057     0.9669 0.0000e+00
        487 290.628443    0.03374     2.0243    121.458     60.575  48579.496    30.7579     9.4358     60.000     9.4290    23.7323     5.5589     7.9442     84.611    242.505    248.260    0.00248    6.56993    9.38908  286.61086     9.4295   14.84368 5.2779e-02     0.3072     0.9400 0.0000e+00
        491 290.628455    0.03404     2.0423    122.536     61.585  48585.218    30.7614     9.4347     61.000     9.4277    23.7352     5.5584     7.9436     84.604    242.483    248.239    0.00165    6.56993    9.38909  286.61040     9.4283   14.84364 5.2748e-02     0.3162     0.8447 0.0000e+00
        495 290.628468    0.03434     2.0602    123.613     62.594  48597.701    30.7696     9.4337     62.000     9.4265    23.7418     5.5560     7.9400     84.570    242.374    248.129    0.00083    6.56974    9.38881  286.60014     9.4271   14.84312 5.2694e-02     0.3035     0.8053 0.0000e+00
        500 290.628480    0.03464     2.0784    124.702     63.604  48609.423    30.7770     9.4309     63.000     9.4210    23.7480     5.5552     7.9389     84.555    242.337    248.092    0.00043    6.56983    9.38895  286.60233     9.4243   14.84319 5.2627e-02     0.2970     0.9375 0.0000e+00
        504 290.628493    0.03495     2.0969    125.811     64.614  48623.004    30.7850     9.4228     64.000     9.4121    23.7556     5.5531     7.9360     84.515    242.249    248.004    0.00001    6.57067    9.39015  286.63706     9.4160   14.84482 5.2538e-02     0.2943     1.1855 0.0000e+00
        509 290.628506    0.03526     2.1156    126.938     65.623  48634.982    30.7920     9.4146     65.000     9.4048    23.7622     5.5443     7.9234     84.369    241.863    247.611   -0.00087    6.57156    9.39143  286.67402     9.4078   14.84656 5.2467e-02     0.2902     0.8803 0.0000e+00
        513 290.628520    0.03558     2.1349    128.091     66.634  48643.953    30.7971     9.4088     66.000     9.4003    23.7672     5.5343     7.9091     84.208    241.425    247.163   -0.00164    6.57218    9.39231  286.69973     9.4019   14.84777 5.2428e-02     0.3050     0.7706 0.0000e+00
        518 290.628533    0.03590     2.1543    129.258     67.643  48652.453    30.8021     9.4051     67.000     9.3963    23.7717     5.5254     7.8964     84.069    241.036    246.766   -0.00195    6.57251    9.39277  286.71262     9.3981   14.84837 5.2351e-02     0.2954     0.7211 0.0000e+00
        523 290.628547    0.03624     2.1743    130.460     68.653  48661.037    30.8072     9.4013     68.000     9.3931    23.7763     5.5150     7.8814     83.905    240.579    246.298   -0.00233    6.57285    9.39327  286.72641     9.3941   14.84900 5.2327e-02     0.2780     0.6926 0.0000e+00
        528 290.628561    0.03657     2.1938    131.631     69.663  48666.122    30.8101     9.3993     69.000     9.3912    23.7789     5.5092     7.8733     83.816    240.329    246.044   -0.00217    6.57303    9.39351  286.73307     9.3920   14.84931 5.2278e-02     0.2852     0.6579 0.0000e+00
        532 290.628574    0.03689     2.2136    132.817     70.673  48673.170    30.8143     9.3970     70.000     9.3880    23.7826     5.5050     7.8672     83.749    240.141    245.852   -0.00188    6.57319    9.39374  286.73918     9.3896   14.84959 5.2244e-02     0.2908     0.6926 0.0000e+00
        537 290.628588    0.03723     2.2340    134.039     71.682  48681.684    30.8193     9.3933     71.000     9.3847    23.7871     5.4932     7.8504     83.566    239.627    245.327   -0.00230    6.57350    9.39419  286.75175     9.3859   14.85017 5.2234e-02     0.2869     0.6994 0.0000e+00
        542 290.628603    0.03758     2.2547    135.282     72.692  48686.869    30.8222     9.3909     72.000     9.3826    23.7897     5.4770     7.8271     83.316    238.917    244.601   -0.00301    6.57372    9.39450  286.76046     9.3834   14.85057 5.2197e-02     0.2904     0.7234 0.0000e+00
        547 290.628617    0.03792     2.2751    136.506     73.702  48690.090    30.8239     9.3895     73.000     9.3814    23.7912     5.4628     7.8069     83.098    238.298    243.968   -0.00334    6.57387    9.39472  286.76651     9.3818   14.85085 5.2147e-02     0.2979     0.7165 0.0000e+00
        552 290.628630    0.03824     2.2947    137.680     74.712  48692.465    30.8250     9.3887     74.000     9.3802    23.7923     5.4548     7.7955     82.976    237.950    243.612   -0.00301    6.57393    9.39481  286.76885     9.3809   14.85096 5.2095e-02     0.3014     0.7844 0.0000e+00
        556 290.628644    0.03856     2.3135    138.810     75.721  48697.705    30.8280     9.3865     75.000     9.3765    23.7949     5.4499     7.7885     82.900    237.737    243.394   -0.00258    6.57414    9.39510  286.77719     9.3785   14.85135 5.2046e-02     0.2823     0.7651 0.0000e+00
        561 290.628657    0.03887     2.3321    139.927     76.731  48707.935    30.8340     9.3813     76.000     9.3711    23.8005     5.4391     7.7730     82.729    237.264    242.911   -0.00272    6.57463    9.39580  286.79710     9.3733   14.85227 5.2039e-02     0.2643     0.7591 0.0000e+00
        565 290.628670    0.03919     2.3510    141.062     77.741  48715.033    30.8381     9.3778     77.000     9.3691    23.8042     5.4227     7.7496     82.475    236.549    242.180   -0.00342    6.57497    9.39629  286.81092     9.3697   14.85292 5.1986e-02     0.2679     0.7943 0.0000e+00
        570 290.628683    0.03951     2.3706    142.233     78.751  48718.611    30.8400     9.3766     78.000     9.3675    23.8060     5.4062     7.7260     82.223    235.828    241.442   -0.00383    6.57506    9.39642  286.81427     9.3684   14.85307 5.1941e-02     0.2890     0.8344 0.0000e+00
        574 290.628696    0.03982     2.3895    143.373     79.761  48723.896    30.8430     9.3742     79.000     9.3637    23.8087     5.3993     7.7162     82.115    235.526    241.134   -0.00337    6.57529    9.39674  286.82348     9.3659   14.85350 5.1928e-02     0.2856     0.8276 0.0000e+00
        579 290.628709    0.04012     2.4074    144.446     80.771  48731.771    30.8474     9.3693     80.000     9.3583    23.8129     5.3940     7.7086     82.028    235.293    240.896   -0.00281    6.57581    9.39749  286.84501     9.3608   14.85451 5.1911e-02     0.2471     0.8190 0.0000e+00
        583 290.628721    0.04042     2.4252    145.512     81.780  48738.381    30.8509     9.3641     81.000     9.3533    23.8165     5.3834     7.6933     81.859    234.829    240.421   -0.00303    6.57641    9.39835  286.87021     9.3556   14.85570 5.1865e-02     0.2609     0.8338 0.0000e+00
        587 290.628734    0.04072     2.4435    146.611     82.790  48743.630    30.8536     9.3596     82.000     9.3496    23.8193     5.3713     7.6761     81.668    234.301    239.882   -0.00323    6.57696    9.39913  286.89328     9.3510   14.85680 5.1832e-02     0.2704     0.9410 0.0000e+00
        592 290.628746    0.04103     2.4616    147.697     83.800  48747.405    30.8555     9.3567     83.000     9.3461    23.8212     5.3565     7.6550     81.439    233.654    239.220   -0.00364    6.57730    9.39962  286.90775     9.3480   14.85748 5.1794e-02     0.2906     1.0381 0.0000e+00
        596 290.628760    0.04135     2.4808    148.849     84.810  48755.526    30.8600     9.3514     84.000     9.3387    23.8256     5.3432     7.6360     81.230    233.075    238.628   -0.00375    6.57789    9.40046  286.93221     9.3425   14.85863 5.1761e-02     0.2882     1.0689 0.0000e+00
        601 290.628773    0.04168     2.5003    150.019     85.820  48772.307    30.8699     9.3410     85.000     9.3256    23.8350     5.3262     7.6116     80.957    232.329    237.866   -0.00410    6.57898    9.40202  286.97726     9.3320   14.86074 5.1772e-02     0.2697     1.1226 0.0000e+00
        606 290.628787    0.04200     2.5200    151.200     86.830  48800.004    30.8866     9.3231     86.000     9.3049    23.8507     5.3006     7.5751     80.545    231.210    236.724   -0.00514    6.58088    9.40474  287.05575     9.3140   14.86443 5.1759e-02     0.2653     1.2344 0.0000e+00
        610 290.628800    0.04232     2.5391    152.347     87.840  48829.683    30.9043     9.3034     87.000     9.2884    23.8677     5.2675     7.5278     80.017    229.763    235.247   -0.00655    6.58300    9.40777  287.14370     9.2943   14.86856 5.1686e-02     0.2692     1.4634 0.0000e+00
        615 290.628814    0.04263     2.5579    153.477     88.849  48844.971    30.9132     9.2932     88.000     9.2815    23.8762     5.2278     7.4712     79.401    228.032    233.476   -0.00813    6.58412    9.40937  287.18988     9.2839   14.87073 5.1661e-02     0.2737     1.8016 0.0000e+00
        619 290.628826    0.04294     2.5763    154.577     89.859  48852.595    30.9175     9.2882     89.000     9.2768    23.8803     5.1978     7.4282     78.938    226.720    232.135   -0.00846    6.58466    9.41014  287.21228     9.2789   14.87179 5.1628e-02     0.2853     1.8340 0.0000e+00
        624 290.628839    0.04324     2.5946    155.679     90.869  48859.886    30.9215     9.2836     90.000     9.2723    23.8842     5.1814     7.4048     78.683    226.004    231.402   -0.00745    6.58516    9.41086  287.23321     9.2742   14.87277 5.1605e-02     0.2760     1.9294 0.0000e+00
        628 290.628851    0.04355     2.6132    156.790     91.879  48865.199    30.9243     9.2803     91.000     9.2697    23.8870     5.1752     7.3958     78.584    225.731    231.123   -0.00578    6.58553    9.41137  287.24815     9.2708   14.87347 5.1598e-02     0.2707     2.0837 0.0000e+00
        633 290.628865    0.04386     2.6317    157.905     92.888  48868.977    30.9263     9.2781     92.000     9.2672    23.8889     5.1696     7.3877     78.495    225.483    230.870   -0.00451    6.58577    9.41172  287.25810     9.2684   14.87394 5.1574e-02     0.2746     2.1130 0.0000e+00
        638 290.628879    0.04421     2.6525    159.148     93.899  48874.368    30.9292     9.2746     93.000     9.2632    23.8917     5.1655     7.3820     78.429    225.307    230.690   -0.00347    6.58616    9.41227  287.27424     9.2649   14.87470 5.1525e-02     0.2811     2.1273 0.0000e+00
