CTD-processing/allCTD/CNV/2018_12-06_t9_s07_cast041_4141.cnv
* Sea-Bird SBE19plus Data File:
* FileName = C:\Users\Kim.Powell\Desktop\Not Processed\2018\2018_12-06_AlongBay, T9_4141\2018_12-06_TRANSECT_STATION_cast041.hex
* Software Version 1.59
* Temperature SN =  4141
* Conductivity SN =  4141
* System UpLoad Time = Jan 10 2019 10:03:53
** 2018_12-06
** Station: 9-07
** Start Time: 15:28
** Depth (m): 103
** Comment:
** Comment:
# nquan = 27
# nvalues = 99                          
# units = specified
# name 0 = scan: Scan Count
# name 1 = timeJ: Julian Days
# name 2 = timeH: Time, Elapsed [hours]
# name 3 = timeM: Time, Elapsed [minutes]
# name 4 = timeS: Time, Elapsed [seconds]
# name 5 = prdM: Pressure, Strain Gauge [db]
# name 6 = specc: Specific Conductance [uS/cm]
# name 7 = sal00: Salinity, Practical [PSU]
# name 8 = tv290C: Temperature [ITS-90, deg C]
# name 9 = depSM: Depth [salt water, m], lat = 59.00
# name 10 = potemp090C: Potential Temperature [ITS-90, deg C]
# name 11 = sigma-é00: Density [sigma-theta, kg/m^3]
# name 12 = sbeox0ML/L: Oxygen, SBE 43 [ml/l]
# name 13 = sbeox0Mg/L: Oxygen, SBE 43 [mg/l]
# name 14 = sbeox0PS: Oxygen, SBE 43 [% saturation]
# name 15 = sbox0Mm/Kg: Oxygen, SBE 43 [umol/kg]
# name 16 = sbeox0Mm/L: Oxygen, SBE 43 [umol/l]
# name 17 = sbox0dV/dT: Oxygen, SBE 43 [dov/dt]
# name 18 = oxsolML/L: Oxygen Saturation, Garcia & Gordon [ml/l]
# name 19 = oxsolMg/L: Oxygen Saturation, Garcia & Gordon [mg/l]
# name 20 = oxsolMm/Kg: Oxygen Saturation, Garcia & Gordon [umol/kg]
# name 21 = n2satMg/L: Nitrogen Saturation [mg/l]
# name 22 = par: PAR/Irradiance, Biospherical/Licor
# name 23 = wetStar: Fluorescence, WET Labs WETstar [mg/m^3]
# name 24 = CStarAt0: Beam Attenuation, WET Labs C-Star [1/m]
# name 25 = CStarTr0: Beam Transmission, WET Labs C-Star [%]
# name 26 = flag: flag
# span 0 =        284,        742       
# span 1 = 340.643561, 340.644887       
# span 2 =    0.01963,    0.05147       
# span 3 =     1.1779,     3.0881       
# span 4 =     70.677,    185.283       
# span 5 =      1.022,     99.909       
# span 6 =  48805.416,  49519.249       
# span 7 =    30.5539,    31.1858       
# span 8 =     6.7866,     7.9631       
# span 9 =      1.000,     99.000       
# span 10 =     6.8737,     7.9538      
# span 11 =    23.9351,    24.2868      
# span 12 =     5.9609,     6.2410      
# span 13 =     8.5187,     8.9190      
# span 14 =     88.027,     90.138      
# span 15 =    259.901,    272.205      
# span 16 =    266.213,    278.723      
# span 17 =   -0.00349,    0.00748      
# span 18 =    6.77163,    6.98585      
# span 19 =    9.67733,    9.98347      
# span 20 =  295.25058,  304.69181      
# span 21 =   15.25468,   15.70765      
# span 22 = 3.6570e-02, 4.7057e+00      
# span 23 =     0.2368,     0.4019      
# span 24 =     0.2999,     1.4846      
# span 25 =    68.9936,    92.7764      
# span 26 = 0.0000e+00, 0.0000e+00      
# interval = meters: 1                  
# start_time = Dec 06 2018 15:25:33 [Instrument's time stamp, header]
# bad_flag = -9.990e-29
*END*
[from data line 54]
        529 340.644272    0.03670     2.2020    132.118     55.525  49336.224    31.0309     7.6703     55.000     7.6675    24.2049     6.1151     8.7391     89.615    266.647    273.101   -0.00087    6.82376    9.75184  297.54717   15.36492 3.6794e-02     0.2917     0.3771    91.0031 0.0000e+00
        535 340.644287    0.03705     2.2230    133.381     56.540  49367.202    31.0536     7.6799     56.000     7.6831    24.2214     6.1160     8.7404     89.661    266.682    273.141   -0.00041    6.82125    9.74824  297.43264   15.35936 3.6814e-02     0.2768     0.3709    91.1447 0.0000e+00
        539 340.644300    0.03737     2.2421    134.527     57.544  49371.126    31.0587     7.6968     57.000     7.6945    24.2230     6.1194     8.7452     89.749    266.831    273.294    0.00019    6.81840    9.74418  297.30809   15.35340 3.6750e-02     0.2852     0.3234    92.2350 0.0000e+00
        544 340.644314    0.03772     2.2631    135.787     58.559  49369.942    31.0582     7.7019     58.000     7.6975    24.2220     6.1363     8.7694     90.007    267.566    274.047    0.00149    6.81762    9.74306  297.27442   15.35179 3.6672e-02     0.2785     0.3059    92.6359 0.0000e+00
        549 340.644328    0.03803     2.2817    136.900     59.561  49372.183    31.0597     7.7042     59.000     7.7002    24.2228     6.1448     8.7816     90.138    267.939    274.429    0.00192    6.81720    9.74247  297.25598   15.35091 3.6758e-02     0.2788     0.3029    92.7068 0.0000e+00
        554 340.644342    0.03838     2.3030    138.178     60.580  49377.077    31.0634     7.7090     60.000     7.7057    24.2251     6.1404     8.7752     90.084    267.744    274.230    0.00090    6.81630    9.74117  297.21580   15.34897 3.6656e-02     0.2931     0.2999    92.7764 0.0000e+00
        558 340.644356    0.03870     2.3219    139.314     61.585  49379.735    31.0657     7.7143     61.000     7.7103    24.2261     6.1350     8.7675     90.017    267.508    273.989    0.00018    6.81537    9.73984  297.17487   15.34701 3.6694e-02     0.2790     0.3047    92.6665 0.0000e+00
        563 340.644368    0.03901     2.3404    140.424     62.594  49379.227    31.0652     7.7169     62.000     7.7117    24.2255     6.1365     8.7696     90.044    267.572    274.055    0.00017    6.81498    9.73929  297.15811   15.34621 3.6757e-02     0.2762     0.3066    92.6216 0.0000e+00
        567 340.644382    0.03933     2.3595    141.571     63.603  49379.027    31.0649     7.7180     63.000     7.7122    24.2251     6.1345     8.7668     90.017    267.487    273.967   -0.00005    6.81483    9.73907  297.15185   15.34592 3.6636e-02     0.2968     0.3114    92.5112 0.0000e+00
        572 340.644395    0.03966     2.3799    142.793     64.613  49379.615    31.0648     7.7179     64.000     7.7119    24.2250     6.1353     8.7680     90.029    267.523    274.004   -0.00007    6.81485    9.73909  297.15242   15.34595 3.6710e-02     0.2800     0.3067    92.6188 0.0000e+00
        577 340.644410    0.04000     2.4001    144.007     65.629  49386.116    31.0690     7.7192     65.000     7.7156    24.2282     6.1341     8.7662     90.016    267.469    273.949   -0.00019    6.81445    9.73854  297.13449   15.34507 3.6588e-02     0.2742     0.3073    92.6049 0.0000e+00
        581 340.644421    0.04028     2.4169    145.012     66.625  49386.521    31.0697     7.7245     66.000     7.7195    24.2280     6.1328     8.7644     90.008    267.410    273.889   -0.00023    6.81360    9.73732  297.09731   15.34329 3.6794e-02     0.2792     0.3142    92.4461 0.0000e+00
        586 340.644437    0.04064     2.4385    146.309     67.649  49389.428    31.0718     7.7271     67.000     7.7236    24.2292     6.1309     8.7616     89.986    267.328    273.805   -0.00036    6.81310    9.73660  297.07525   15.34223 3.6607e-02     0.2802     0.3111    92.5182 0.0000e+00
        591 340.644449    0.04095     2.4573    147.435     68.653  49413.421    31.0901     7.7402     68.000     7.7451    24.2419     6.1285     8.7583     89.989    267.222    273.700   -0.00036    6.81025    9.73253  296.94733   15.33605 3.6652e-02     0.2808     0.3230    92.2416 0.0000e+00
        595 340.644463    0.04127     2.4763    148.581     69.661  49435.695    31.1099     7.7699     69.000     7.7777    24.2533     6.1314     8.7624     90.105    267.345    273.829    0.00046    6.80477    9.72470  296.70491   15.32440 3.6671e-02     0.2755     0.3549    91.5082 0.0000e+00
        600 340.644477    0.04162     2.4968    149.810     70.674  49427.228    31.1080     7.7973     70.000     7.7979    24.2480     6.1220     8.7488     90.021    266.933    273.406   -0.00009    6.80060    9.71874  296.52473   15.31581 3.6635e-02     0.2800     0.3978    90.5330 0.0000e+00
        605 340.644491    0.04193     2.5160    150.960     71.684  49433.319    31.1146     7.8151     71.000     7.8135    24.2508     6.0917     8.7056     89.615    265.612    272.054   -0.00248    6.79756    9.71439  296.39111   15.30941 3.6664e-02     0.2661     0.4249    89.9209 0.0000e+00
        610 340.644504    0.04226     2.5355    152.130     72.690  49425.380    31.1098     7.8227     72.000     7.8165    24.2460     6.0735     8.6795     89.360    264.819    271.240   -0.00349    6.79659    9.71300  296.35017   15.30747 3.6685e-02     0.2667     0.4510    89.3389 0.0000e+00
        615 340.644519    0.04261     2.5567    153.401     73.704  49426.465    31.1101     7.8225     73.000     7.8161    24.2463     6.0697     8.6741     89.304    264.654    271.071   -0.00270    6.79662    9.71304  296.35121   15.30752 3.6636e-02     0.2583     0.4507    89.3435 0.0000e+00
        619 340.644532    0.04294     2.5760    154.557     74.711  49448.300    31.1259     7.8290     74.000     7.8299    24.2578     6.0698     8.6743     89.329    264.657    271.078   -0.00192    6.79490    9.71059  296.27336   15.30374 3.6651e-02     0.2602     0.4557    89.2320 0.0000e+00
        624 340.644546    0.04325     2.5955    155.729     75.719  49445.427    31.1260     7.8447     75.000     7.8405    24.2556     6.0726     8.6784     89.402    264.781    271.204   -0.00089    6.79249    9.70715  296.16875   15.29874 3.6711e-02     0.2572     0.4743    88.8188 0.0000e+00
        629 340.644561    0.04364     2.6185    157.109     76.738  49442.910    31.1248     7.8513     76.000     7.8452    24.2538     6.0659     8.6689     89.316    264.490    270.904   -0.00103    6.79150    9.70574  296.12639   15.29673 3.6570e-02     0.2560     0.4850    88.5814 0.0000e+00
        634 340.644575    0.04397     2.6378    158.270     77.737  49445.313    31.1264     7.8538     77.000     7.8479    24.2548     6.0563     8.6550     89.180    264.066    270.471   -0.00179    6.79105    9.70510  296.10653   15.29577 3.6754e-02     0.2531     0.4992    88.2672 0.0000e+00
        639 340.644590    0.04433     2.6595    159.570     78.753  49447.130    31.1278     7.8572     78.000     7.8511    24.2554     6.0511     8.6476     89.111    263.840    270.240   -0.00151    6.79046    9.70424  296.08035   15.29452 3.6691e-02     0.2552     0.5014    88.2187 0.0000e+00
        644 340.644604    0.04465     2.6791    160.748     79.759  49450.599    31.1303     7.8607     79.000     7.8545    24.2569     6.0533     8.6509     89.153    263.940    270.343   -0.00087    6.78982    9.70333  296.05203   15.29316 3.6684e-02     0.2541     0.5090    88.0505 0.0000e+00
        649 340.644617    0.04498     2.6990    161.939     80.775  49450.513    31.1301     7.8629     80.000     7.8555    24.2564     6.0479     8.6431     89.077    263.703    270.100   -0.00128    6.78948    9.70284  296.03716   15.29245 3.6623e-02     0.2598     0.5133    87.9547 0.0000e+00
        653 340.644630    0.04529     2.7173    163.037     81.775  49452.578    31.1312     7.8632     81.000     7.8558    24.2572     6.0424     8.6351     88.997    263.462    269.852   -0.00140    6.78939    9.70272  296.03327   15.29226 3.6744e-02     0.2518     0.5153    87.9133 0.0000e+00
        658 340.644645    0.04566     2.7395    164.370     82.796  49459.228    31.1357     7.8652     82.000     7.8595    24.2606     6.0489     8.6444     89.100    263.744    270.142   -0.00036    6.78887    9.70198  296.00974   15.29112 3.6648e-02     0.2526     0.5104    88.0197 0.0000e+00
        663 340.644659    0.04599     2.7595    165.572     83.799  49462.254    31.1383     7.8707     83.000     7.8652    24.2617     6.0431     8.6362     89.027    263.492    269.884   -0.00077    6.78792    9.70062  295.96780   15.28911 3.6687e-02     0.2679     0.5302    87.5864 0.0000e+00
        668 340.644673    0.04631     2.7788    166.729     84.811  49471.987    31.1455     7.8765     84.000     7.8731    24.2666     6.0416     8.6341     89.022    263.427    269.820   -0.00061    6.78670    9.69887  295.91318   15.28647 3.6698e-02     0.2488     0.5348    87.4853 0.0000e+00
        672 340.644686    0.04663     2.7973    167.840     85.817  49472.276    31.1468     7.8863     85.000     7.8801    24.2663     6.0467     8.6414     89.118    263.650    270.048   -0.00000    6.78512    9.69662  295.84461   15.28319 3.6783e-02     0.2546     0.5772    86.5630 0.0000e+00
        678 340.644701    0.04700     2.8200    169.199     86.832  49470.756    31.1457     7.8888     86.000     7.8811    24.2651     6.0368     8.6271     88.975    263.215    269.602   -0.00074    6.78479    9.69615  295.83042   15.28252 3.6707e-02     0.2514     0.5928    86.2250 0.0000e+00
        683 340.644715    0.04734     2.8403    170.417     87.840  49480.792    31.1527     7.8916     87.000     7.8880    24.2702     6.0229     8.6072     88.779    262.606    268.979   -0.00179    6.78404    9.69508  295.79633   15.28086 3.6767e-02     0.2479     0.6083    85.8925 0.0000e+00
        688 340.644730    0.04768     2.8606    171.638     88.849  49487.639    31.1591     7.9050     88.000     7.9025    24.2734     6.0277     8.6141     88.881    262.817    269.196   -0.00077    6.78169    9.69172  295.69299   15.27590 3.6794e-02     0.2439     0.6818    84.3359 0.0000e+00
        692 340.644744    0.04802     2.8811    172.865     89.859  49487.955    31.1611     7.9188     89.000     7.9135    24.2731     6.0244     8.6094     88.862    262.673    269.049   -0.00055    6.77950    9.68857  295.59720   15.27132 3.6761e-02     0.2500     0.8379    81.1044 0.0000e+00
        698 340.644759    0.04838     2.9031    174.188     90.872  49496.783    31.1682     7.9277     90.000     7.9228    24.2774     6.0030     8.5789     88.568    261.739    268.093   -0.00209    6.77781    9.68617  295.52229   15.26772 3.6704e-02     0.2482     0.9607    78.6497 0.0000e+00
        702 340.644772    0.04870     2.9223    175.338     91.872  49504.562    31.1746     7.9365     91.000     7.9318    24.2812     5.9901     8.5605     88.399    261.176    267.518   -0.00264    6.77617    9.68382  295.44988   15.26424 3.6932e-02     0.2392     1.0684    76.5643 0.0000e+00
        708 340.644787    0.04907     2.9438    176.627     92.893  49502.319    31.1739     7.9444     92.000     7.9365    24.2795     5.9860     8.5546     88.355    260.998    267.334   -0.00207    6.77498    9.68213  295.39851   15.26179 3.6729e-02     0.2452     1.1584    74.8540 0.0000e+00
        712 340.644801    0.04940     2.9638    177.829     93.898  49504.623    31.1753     7.9462     93.000     7.9385    24.2804     5.9729     8.5360     88.166    260.429    266.752   -0.00258    6.77464    9.68164  295.38358   15.26107 3.6787e-02     0.2437     1.1845    74.3677 0.0000e+00
        717 340.644816    0.04974     2.9843    179.058     94.910  49509.285    31.1786     7.9496     94.000     7.9419    24.2825     5.9659     8.5259     88.071    260.120    266.437   -0.00251    6.77397    9.68069  295.35371   15.25963 3.6828e-02     0.2421     1.2190    73.7309 0.0000e+00
        722 340.644829    0.05007     3.0042    180.253     95.914  49508.711    31.1782     7.9521     95.000     7.9435    24.2818     5.9717     8.5341     88.161    260.373    266.695   -0.00118    6.77362    9.68017  295.33829   15.25889 3.6868e-02     0.2407     1.2611    72.9581 0.0000e+00
        728 340.644846    0.05047     3.0277    181.664     96.937  49514.353    31.1820     7.9541     96.000     7.9468    24.2845     5.9662     8.5262     88.086    260.132    266.449   -0.00136    6.77314    9.67950  295.31698   15.25786 3.6769e-02     0.2489     1.2753    72.7009 0.0000e+00
        732 340.644858    0.05077     3.0462    182.769     97.934  49519.249    31.1858     7.9595     97.000     7.9522    24.2868     5.9677     8.5284     88.121    260.196    266.515   -0.00078    6.77214    9.67806  295.27255   15.25573 3.6849e-02     0.2407     1.3765    70.8873 0.0000e+00
        737 340.644874    0.05113     3.0682    184.090     98.954  49517.821    31.1849     7.9630     98.000     7.9538    24.2857     5.9640     8.5232     88.074    260.039    266.353   -0.00080    6.77163    9.67733  295.25058   15.25468 3.6841e-02     0.2368     1.4553    69.5007 0.0000e+00
        742 340.644887    0.05147     3.0881    185.283     99.909  49516.152    31.1833     7.9631     99.000     7.9534    24.2844     5.9609     8.5187     88.027    259.901    266.213   -0.00101    6.77168    9.67742  295.25346   15.25483 3.7127e-02     0.2551     1.4846    68.9936 0.0000e+00
