CTD-processing/allCTD/CNV/2018_05-24_t9_s03_cast097_5028.cnv
* Sea-Bird SBE19plus Data File:
* FileName = C:\Users\Kim.Powell\Desktop\Not Processed\2018\2018_05-24_AlongBay, T9_5028\2018_05-24_TRANSECT_STATION_cast097.hex
* Software Version 1.59
* Temperature SN =  5028
* Conductivity SN =  5028
* System UpLoad Time = May 25 2018 13:34:20
** 2018_05-24
** Station: 9-03
** Start Time: 14:30
** Depth (m): 94
** Comment:
** Comment:
# nquan = 27
# nvalues = 89                          
# units = specified
# name 0 = scan: Scan Count
# name 1 = timeJ: Julian Days
# name 2 = timeH: Time, Elapsed [hours]
# name 3 = timeM: Time, Elapsed [minutes]
# name 4 = timeS: Time, Elapsed [seconds]
# name 5 = prdM: Pressure, Strain Gauge [db]
# name 6 = specc: Specific Conductance [uS/cm]
# name 7 = sal00: Salinity, Practical [PSU]
# name 8 = tv290C: Temperature [ITS-90, deg C]
# name 9 = depSM: Depth [salt water, m], lat = 59.00
# name 10 = potemp090C: Potential Temperature [ITS-90, deg C]
# name 11 = sigma-é00: Density [sigma-theta, kg/m^3]
# name 12 = sbeox0ML/L: Oxygen, SBE 43 [ml/l]
# name 13 = sbeox0Mg/L: Oxygen, SBE 43 [mg/l]
# name 14 = sbeox0PS: Oxygen, SBE 43 [% saturation]
# name 15 = sbox0Mm/Kg: Oxygen, SBE 43 [umol/kg]
# name 16 = sbeox0Mm/L: Oxygen, SBE 43 [umol/l]
# name 17 = sbox0dV/dT: Oxygen, SBE 43 [dov/dt]
# name 18 = oxsolML/L: Oxygen Saturation, Garcia & Gordon [ml/l]
# name 19 = oxsolMg/L: Oxygen Saturation, Garcia & Gordon [mg/l]
# name 20 = oxsolMm/Kg: Oxygen Saturation, Garcia & Gordon [umol/kg]
# name 21 = potemp090C: Potential Temperature [ITS-90, deg C]
# name 22 = n2satMg/L: Nitrogen Saturation [mg/l]
# name 23 = par: PAR/Irradiance, Biospherical/Licor
# name 24 = flECO-AFL: Fluorescence, WET Labs ECO-AFL/FL [mg/m^3]
# name 25 = turbWETntu0: Turbidity, WET Labs ECO [NTU]
# name 26 = flag: flag
# span 0 =        309,        711       
# span 1 = 144.603934, 144.605099       
# span 2 =    0.02136,    0.04933       
# span 3 =     1.2813,     2.9596       
# span 4 =     76.875,    177.578       
# span 5 =      1.009,     89.859       
# span 6 =  48853.025,  51135.316       
# span 7 =    30.6899,    31.8830       
# span 8 =     5.5940,     7.5687       
# span 9 =      1.000,     89.000       
# span 10 =     5.5869,     7.5483      
# span 11 =    23.9603,    25.1390      
# span 12 =     6.6367,     8.6361      
# span 13 =     9.4845,    12.3419      
# span 14 =     93.200,    125.599      
# span 15 =    289.127,    376.543      
# span 16 =    296.396,    385.688      
# span 17 =   -0.06029,    0.00610      
# span 18 =    6.85432,    7.12099      
# span 19 =    9.79550,   10.17661      
# span 20 =  298.95083,  310.22485      
# span 21 =     5.5872,     7.5686      
# span 22 =   15.43323,   15.96586      
# span 23 = 4.3610e-02, 2.4236e+02      
# span 24 =     0.3156,     6.6837      
# span 25 =     0.7706,     1.5499      
# span 26 = 0.0000e+00, 0.0000e+00      
# interval = meters: 1                  
# start_time = May 24 2018 14:28:23 [Instrument's time stamp, header]
# bad_flag = -9.990e-29
*END*
[from data line 54]
        554 144.604644    0.03839     2.3038    138.227     55.527  51011.136    31.8323     5.6862     55.000     5.6815    25.0880     6.7527     9.6503     95.003    294.196    301.576   -0.00119    7.10788   10.15788  309.66911     5.6819   15.93959 4.5180e-02     0.4545     0.9797 0.0000e+00
        558 144.604656    0.03870     2.3217    139.304     56.536  51015.958    31.8350     5.6853     56.000     5.6808    25.0902     6.7511     9.6480     94.981    294.126    301.506   -0.00107    7.10790   10.15790  309.66927     5.6810   15.93958 4.5093e-02     0.4381     0.9911 0.0000e+00
        563 144.604669    0.03901     2.3404    140.427     57.546  51018.143    31.8360     5.6851     57.000     5.6805    25.0910     6.7510     9.6480     94.980    294.123    301.502   -0.00081    7.10790   10.15790  309.66876     5.6807   15.93955 4.4989e-02     0.4090     1.0105 0.0000e+00
        567 144.604682    0.03931     2.3583    141.497     58.556  51016.967    31.8345     5.6845     58.000     5.6796    25.0900     6.7457     9.6404     94.903    293.890    301.264   -0.00103    7.10807   10.15814  309.67640     5.6799   15.93992 4.4903e-02     0.4243     1.0190 0.0000e+00
        571 144.604694    0.03960     2.3762    142.574     59.565  51018.341    31.8349     5.6840     59.000     5.6794    25.0903     6.7414     9.6341     94.841    293.702    301.071   -0.00119    7.10814   10.15824  309.67936     5.6794   15.94007 4.4865e-02     0.4381     0.9979 0.0000e+00
        576 144.604707    0.03991     2.3949    143.694     60.575  51020.378    31.8359     5.6841     60.000     5.6796    25.0911     6.7426     9.6358     94.858    293.752    301.123   -0.00082    7.10807   10.15814  309.67609     5.6794   15.93990 4.4815e-02     0.4426     0.9802 0.0000e+00
        580 144.604720    0.04022     2.4131    144.788     61.585  51021.796    31.8365     5.6847     61.000     5.6800    25.0915     6.7433     9.6369     94.870    293.786    301.158   -0.00057    7.10796   10.15798  309.67117     5.6799   15.93967 4.4745e-02     0.4225     0.9713 0.0000e+00
        585 144.604733    0.04053     2.4318    145.910     62.595  51023.203    31.8370     5.6849     62.000     5.6803    25.0919     6.7388     9.6305     94.808    293.589    300.955   -0.00078    7.10788   10.15787  309.66766     5.6801   15.93950 4.4659e-02     0.4015     0.9815 0.0000e+00
        589 144.604745    0.04082     2.4496    146.976     63.604  51025.516    31.8383     5.6857     63.000     5.6811    25.0928     6.7347     9.6245     94.752    293.408    300.770   -0.00097    7.10769   10.15760  309.65928     5.6807   15.93909 4.4584e-02     0.4086     0.9686 0.0000e+00
        593 144.604758    0.04113     2.4676    148.059     64.614  51026.315    31.8384     5.6861     64.000     5.6810    25.0929     6.7344     9.6242     94.750    293.399    300.761   -0.00077    7.10760   10.15747  309.65538     5.6811   15.93890 4.4523e-02     0.4199     0.9636 0.0000e+00
        598 144.604771    0.04145     2.4870    149.221     65.624  51027.300    31.8386     5.6859     65.000     5.6809    25.0930     6.7298     9.6176     94.685    293.198    300.555   -0.00091    7.10764   10.15752  309.65689     5.6808   15.93898 4.4493e-02     0.4216     0.9890 0.0000e+00
        602 144.604784    0.04175     2.5049    150.297     66.633  51027.784    31.8384     5.6860     66.000     5.6807    25.0929     6.7245     9.6100     94.610    292.966    300.317   -0.00115    7.10762   10.15751  309.65644     5.6809   15.93895 4.4440e-02     0.4109     1.0276 0.0000e+00
        607 144.604797    0.04206     2.5241    151.444     67.643  51029.505    31.8389     5.6850     67.000     5.6783    25.0935     6.7250     9.6107     94.615    292.987    300.339   -0.00088    7.10778   10.15773  309.66307     5.6797   15.93927 4.4402e-02     0.4152     1.0100 0.0000e+00
        611 144.604810    0.04238     2.5429    152.576     68.653  51034.179    31.8409     5.6810     68.000     5.6733    25.0955     6.7263     9.6125     94.625    293.041    300.394   -0.00062    7.10836   10.15855  309.68747     5.6756   15.94043 4.4365e-02     0.4084     0.9701 0.0000e+00
        616 144.604824    0.04273     2.5636    153.818     69.663  51040.784    31.8440     5.6765     69.000     5.6702    25.0984     6.7236     9.6088     94.580    292.927    300.280   -0.00071    7.10896   10.15941  309.71282     5.6711   15.94162 4.4312e-02     0.4123     0.9245 0.0000e+00
        621 144.604838    0.04306     2.5833    154.997     70.673  51044.038    31.8453     5.6739     70.000     5.6668    25.0997     6.7210     9.6050     94.538    292.810    300.160   -0.00080    7.10933   10.15995  309.72871     5.6684   15.94237 4.4261e-02     0.4081     0.9232 0.0000e+00
        626 144.604852    0.04340     2.6040    156.238     71.682  51049.333    31.8476     5.6702     71.000     5.6634    25.1021     6.7197     9.6031     94.513    292.753    300.102   -0.00074    7.10984   10.16067  309.75017     5.6647   15.94338 4.4206e-02     0.3798     0.9294 0.0000e+00
        631 144.604866    0.04374     2.6241    157.448     72.692  51054.371    31.8499     5.6668     72.000     5.6592    25.1043     6.7135     9.5943     94.419    292.484    299.826   -0.00104    7.11032   10.16135  309.77009     5.6612   15.94432 4.4156e-02     0.3592     0.9384 0.0000e+00
        636 144.604881    0.04409     2.6450    158.702     73.702  51061.922    31.8537     5.6618     73.000     5.6542    25.1078     6.7095     9.5886     94.354    292.307    299.647   -0.00115    7.11097   10.16228  309.79746     5.6562   15.94561 4.4116e-02     0.3571     0.9052 0.0000e+00
        640 144.604894    0.04440     2.6638    159.831     74.712  51067.803    31.8562     5.6569     74.000     5.6469    25.1104     6.7072     9.5853     94.313    292.207    299.543   -0.00108    7.11167   10.16329  309.82728     5.6512   15.94702 4.4093e-02     0.3597     0.9259 0.0000e+00
        645 144.604907    0.04471     2.6828    160.970     75.722  51079.790    31.8614     5.6441     75.000     5.6310    25.1160     6.7030     9.5793     94.228    292.022    299.357   -0.00127    7.11358   10.16602  309.90878     5.6383   15.95088 4.4033e-02     0.3577     0.9430 0.0000e+00
        650 144.604921    0.04504     2.7025    162.148     76.732  51097.330    31.8699     5.6291     76.000     5.6190    25.1245     6.6923     9.5639     94.050    291.553    298.878   -0.00186    7.11571   10.16905  309.99886     5.6232   15.95514 4.3971e-02     0.3528     0.9615 0.0000e+00
        654 144.604934    0.04537     2.7223    163.338     77.741  51107.697    31.8749     5.6210     77.000     5.6129    25.1294     6.6780     9.5435     93.834    290.928    298.239   -0.00252    7.11684   10.17067  310.04672     5.6150   15.95740 4.3958e-02     0.3336     1.0087 0.0000e+00
        659 144.604948    0.04569     2.7417    164.501     78.752  51112.875    31.8770     5.6164     78.000     5.6090    25.1317     6.6693     9.5311     93.703    290.550    297.852   -0.00256    7.11751   10.17163  310.07513     5.6103   15.95875 4.3905e-02     0.3163     1.0871 0.0000e+00
        664 144.604961    0.04601     2.7606    165.636     79.761  51115.934    31.8782     5.6141     79.000     5.6072    25.1328     6.6640     9.5236     93.624    290.320    297.616   -0.00229    7.11784   10.17211  310.08934     5.6080   15.95942 4.3891e-02     0.3242     1.1654 0.0000e+00
        668 144.604974    0.04632     2.7792    166.755     80.771  51116.451    31.8775     5.6113     80.000     5.6024    25.1326     6.6607     9.5189     93.571    290.175    297.468   -0.00200    7.11835   10.17283  310.11145     5.6050   15.96048 4.3874e-02     0.3156     1.2054 0.0000e+00
        673 144.604987    0.04664     2.7983    167.900     81.781  51121.399    31.8792     5.6051     81.000     5.5964    25.1346     6.6598     9.5176     93.546    290.135    297.427   -0.00161    7.11931   10.17420  310.15269     5.5988   15.96244 4.3821e-02     0.3235     1.2456 0.0000e+00
        677 144.605001    0.04696     2.8177    169.060     82.791  51126.011    31.8808     5.5999     82.000     5.5918    25.1365     6.6546     9.5102     93.462    289.907    297.195   -0.00161    7.12011   10.17534  310.18696     5.5935   15.96405 4.3794e-02     0.3297     1.3011 0.0000e+00
        682 144.605014    0.04727     2.8363    170.178     83.801  51129.844    31.8823     5.5970     83.000     5.5900    25.1382     6.6481     9.5008     93.366    289.625    296.905   -0.00175    7.12052   10.17594  310.20451     5.5906   15.96489 4.3767e-02     0.3301     1.3240 0.0000e+00
        686 144.605027    0.04760     2.8558    171.346     84.810  51130.733    31.8822     5.5958     84.000     5.5887    25.1381     6.6438     9.4946     93.302    289.436    296.712   -0.00162    7.12072   10.17623  310.21330     5.5893   15.96531 4.3740e-02     0.3253     1.3487 0.0000e+00
        691 144.605042    0.04795     2.8770    172.623     85.820  51132.422    31.8826     5.5943     85.000     5.5875    25.1386     6.6367     9.4845     93.200    289.127    296.396   -0.00170    7.12095   10.17655  310.22303     5.5878   15.96577 4.3734e-02     0.3320     1.3990 0.0000e+00
        696 144.605056    0.04829     2.8974    173.845     86.830  51133.746    31.8830     5.5940     86.000     5.5874    25.1390     6.6403     9.4897     93.250    289.287    296.559   -0.00103    7.12099   10.17661  310.22474     5.5873   15.96585 4.3692e-02     0.3353     1.4190 0.0000e+00
        701 144.605070    0.04863     2.9179    175.073     87.840  51134.400    31.8830     5.5944     87.000     5.5878    25.1390     6.6425     9.4926     93.280    289.375    296.650   -0.00058    7.12093   10.17652  310.22188     5.5876   15.96571 4.3633e-02     0.3279     1.4020 0.0000e+00
        706 144.605084    0.04897     2.9381    176.284     88.850  51134.419    31.8826     5.5948     88.000     5.5878    25.1386     6.6415     9.4913     93.267    289.334    296.607   -0.00054    7.12088   10.17645  310.22000     5.5880   15.96563 4.3625e-02     0.3316     1.3922 0.0000e+00
        711 144.605099    0.04933     2.9596    177.578     89.859  51135.316    31.8826     5.5942     89.000     5.5869    25.1387     6.6409     9.4905     93.258    289.311    296.584   -0.00049    7.12099   10.17661  310.22485     5.5872   15.96586 4.3610e-02     0.3295     1.5499 0.0000e+00
