CTD-processing/allCTD/CNV/2018_10-17_t9_s03_cast067_5028.cnv
* Sea-Bird SBE19plus Data File:
* FileName = C:\Users\Kim.Powell\Desktop\Not Processed\2018\2018_10-17_AlongBay, T9_5028\2018_10-17_TRANSECT_STATION_cast067.hex
* Software Version 1.59
* Temperature SN =  5028
* Conductivity SN =  5028
* System UpLoad Time = Oct 25 2018 17:10:19
** 2018_10-17
** Station: 9-03
** Start Time: 14:48
** Depth (m): 93
** Comment: Turbid
** Comment:
# nquan = 27
# nvalues = 90                          
# units = specified
# name 0 = scan: Scan Count
# name 1 = timeJ: Julian Days
# name 2 = timeH: Time, Elapsed [hours]
# name 3 = timeM: Time, Elapsed [minutes]
# name 4 = timeS: Time, Elapsed [seconds]
# name 5 = prdM: Pressure, Strain Gauge [db]
# name 6 = specc: Specific Conductance [uS/cm]
# name 7 = sal00: Salinity, Practical [PSU]
# name 8 = tv290C: Temperature [ITS-90, deg C]
# name 9 = depSM: Depth [salt water, m], lat = 59.00
# name 10 = potemp090C: Potential Temperature [ITS-90, deg C]
# name 11 = sigma-é00: Density [sigma-theta, kg/m^3]
# name 12 = sbeox0ML/L: Oxygen, SBE 43 [ml/l]
# name 13 = sbeox0Mg/L: Oxygen, SBE 43 [mg/l]
# name 14 = sbeox0PS: Oxygen, SBE 43 [% saturation]
# name 15 = sbox0Mm/Kg: Oxygen, SBE 43 [umol/kg]
# name 16 = sbeox0Mm/L: Oxygen, SBE 43 [umol/l]
# name 17 = sbox0dV/dT: Oxygen, SBE 43 [dov/dt]
# name 18 = oxsolML/L: Oxygen Saturation, Garcia & Gordon [ml/l]
# name 19 = oxsolMg/L: Oxygen Saturation, Garcia & Gordon [mg/l]
# name 20 = oxsolMm/Kg: Oxygen Saturation, Garcia & Gordon [umol/kg]
# name 21 = potemp090C: Potential Temperature [ITS-90, deg C]
# name 22 = n2satMg/L: Nitrogen Saturation [mg/l]
# name 23 = par: PAR/Irradiance, Biospherical/Licor
# name 24 = flECO-AFL: Fluorescence, WET Labs ECO-AFL/FL [mg/m^3]
# name 25 = turbWETntu0: Turbidity, WET Labs ECO [NTU]
# name 26 = flag: flag
# span 0 =        248,        655       
# span 1 = 290.618019, 290.619196       
# span 2 =    0.01716,    0.04544       
# span 3 =     1.0299,     2.7263       
# span 4 =     61.792,    163.579       
# span 5 =      1.010,     90.869       
# span 6 =  41147.566,  48889.839       
# span 7 =    25.4822,    30.9397       
# span 8 =     8.1655,     9.4633       
# span 9 =      1.000,     90.000       
# span 10 =     8.2539,     9.4630      
# span 11 =    19.7888,    23.9017      
# span 12 =     5.1718,     6.0803      
# span 13 =     7.3911,     8.6893      
# span 14 =     78.511,     90.287      
# span 15 =    225.582,    265.639      
# span 16 =    230.974,    271.544      
# span 17 =   -0.01024,    0.05629      
# span 18 =    6.56989,    6.99568      
# span 19 =    9.38903,    9.99753      
# span 20 =  286.60679,  306.36594      
# span 21 =     8.1654,     9.4626      
# span 22 =   14.84344,   15.80886      
# span 23 = 4.9598e-02, 9.4398e+01      
# span 24 =     0.2572,     0.6783      
# span 25 =     0.7330,     7.5732      
# span 26 = 0.0000e+00, 0.0000e+00      
# interval = meters: 1                  
# start_time = Oct 17 2018 14:48:55 [Instrument's time stamp, header]
# bad_flag = -9.990e-29
*END*
        248 290.618019    0.01716     1.0299     61.792      1.010  41147.566    25.4822     8.1655      1.000     8.2539    19.7888     5.6204     8.0322     80.369    246.135    251.011    0.01971    6.99568    9.99753  306.36594     8.1654   15.80886 9.4398e+01     0.6449     7.5732 0.0000e+00
        253 290.618033    0.01751     1.0506     63.038      2.019  43442.288    27.0906     8.4616      2.000     8.6414    21.0071     6.0165     8.5981     87.524    263.163    268.696    0.05498    6.87682    9.82767  300.80316     8.4614   15.53667 3.7388e+01     0.6783     6.7376 0.0000e+00
        258 290.618046    0.01783     1.0695     64.170      3.028  45747.575    28.7390     8.9119      3.000     9.1130    22.2322     6.0803     8.6893     90.287    265.639    271.544    0.05629    6.73496    9.62494  294.24426     8.9116   15.21667 1.6906e+01     0.6225     5.9150 0.0000e+00
        262 290.618058    0.01813     1.0876     65.257      4.037  47138.408    29.7521     9.2720      4.000     9.3589    22.9706     5.9459     8.4974     89.583    259.584    265.546    0.03657    6.63703    9.48498  289.75503     9.2716   14.99805 1.0614e+01     0.5265     4.1175 0.0000e+00
        267 290.618072    0.01845     1.1071     66.424      5.047  47757.760    30.2026     9.4155      5.000     9.4401    23.3008     5.7427     8.2069     87.052    250.630    256.469    0.00998    6.59650    9.42706  287.89195     9.4150   14.90717 7.6036e+00     0.4783     2.5678 0.0000e+00
        271 290.618085    0.01878     1.1266     67.596      6.057  48010.005    30.3844     9.4594      6.000     9.4630    23.4361     5.5963     7.9976     85.019    244.206    249.929   -0.00620    6.58230    9.40677  287.23404     9.4588   14.87498 5.6305e+00     0.4644     2.0820 0.0000e+00
        276 290.618099    0.01910     1.1456     68.736      7.066  48089.152    30.4400     9.4633      7.000     9.4606    23.4789     5.5321     7.9059     84.082    241.396    247.063   -0.01024    6.57937    9.40258  287.09418     9.4626   14.86807 4.3004e+00     0.4600     1.8994 0.0000e+00
        281 290.618113    0.01944     1.1666     69.994      8.075  48150.419    30.4817     9.4571      8.000     9.4532    23.5125     5.5142     7.8803     83.821    240.607    246.264   -0.00838    6.57851    9.40135  287.04701     9.4563   14.86564 3.1838e+00     0.4281     2.0123 0.0000e+00
        286 290.618128    0.01979     1.1877     71.264      9.085  48215.273    30.5260     9.4509      9.000     9.4492    23.5480     5.5140     7.8800     83.830    240.587    246.253   -0.00541    6.57753    9.39995  286.99445     9.4500   14.86295 2.3780e+00     0.4085     1.9173 0.0000e+00
        291 290.618142    0.02014     1.2084     72.505     10.094  48254.469    30.5529     9.4497     10.000     9.4489    23.5692     5.5139     7.8800     83.842    240.582    246.252   -0.00349    6.57659    9.39860  286.94721     9.4486   14.86059 1.8045e+00     0.4027     1.8066 0.0000e+00
        296 290.618157    0.02050     1.2298     73.788     11.104  48288.503    30.5766     9.4517     11.000     9.4519    23.5875     5.5078     7.8712     83.766    240.311    245.979   -0.00269    6.57529    9.39675  286.88554     9.4505   14.85754 1.3624e+00     0.4025     1.8249 0.0000e+00
        301 290.618170    0.02081     1.2489     74.936     12.113  48308.920    30.5909     9.4549     12.000     9.4548    23.5981     5.5014     7.8621     83.682    240.030    245.694   -0.00242    6.57420    9.39520  286.83512     9.4537   14.85507 1.0334e+00     0.3905     1.9026 0.0000e+00
        305 290.618184    0.02114     1.2683     76.099     13.123  48319.852    30.5985     9.4570     13.000     9.4557    23.6037     5.5032     7.8646     83.717    240.105    245.772   -0.00150    6.57359    9.39432  286.80680     9.4556   14.85368 7.8528e-01     0.3829     2.0458 0.0000e+00
        310 290.618197    0.02147     1.2879     77.273     14.133  48325.187    30.6018     9.4571     14.000     9.4553    23.6063     5.5072     7.8703     83.779    240.277    245.949   -0.00067    6.57344    9.39411  286.79976     9.4555   14.85333 6.0538e-01     0.4009     1.9198 0.0000e+00
        315 290.618211    0.02179     1.3072     78.433     15.142  48332.875    30.6067     9.4565     15.000     9.4546    23.6103     5.5086     7.8723     83.803    240.341    246.015   -0.00036    6.57332    9.39393  286.79307     9.4549   14.85300 4.6796e-01     0.4134     1.8527 0.0000e+00
        320 290.618225    0.02213     1.3278     79.669     16.152  48344.763    30.6145     9.4561     16.000     9.4544    23.6165     5.5086     7.8723     83.806    240.338    246.014   -0.00027    6.57304    9.39353  286.77928     9.4544   14.85230 3.6119e-01     0.4049     1.8243 0.0000e+00
        325 290.618240    0.02248     1.3487     80.922     17.161  48359.407    30.6244     9.4563     17.000     9.4545    23.6242     5.5066     7.8695     83.781    240.249    245.924   -0.00039    6.57259    9.39289  286.75751     9.4545   14.85122 2.8010e-01     0.3938     1.7118 0.0000e+00
        329 290.618253    0.02281     1.3686     82.117     18.171  48371.271    30.6323     9.4563     18.000     9.4540    23.6304     5.5068     7.8698     83.788    240.256    245.934   -0.00028    6.57226    9.39242  286.74139     9.4544   14.85042 2.2107e-01     0.3744     1.8082 0.0000e+00
        334 290.618267    0.02312     1.3871     83.225     19.180  48383.772    30.6405     9.4552     19.000     9.4526    23.6370     5.5073     7.8704     83.798    240.274    245.954   -0.00019    6.57207    9.39214  286.73108     9.4532   14.84989 1.8091e-01     0.3672     1.6886 0.0000e+00
        338 290.618279    0.02341     1.4049     84.292     20.190  48393.800    30.6470     9.4544     20.000     9.4523    23.6421     5.5078     7.8713     83.810    240.301    245.982   -0.00014    6.57191    9.39192  286.72288     9.4523   14.84947 1.5141e-01     0.3592     1.6793 0.0000e+00
        342 290.618291    0.02371     1.4229     85.373     21.199  48400.188    30.6512     9.4547     21.000     9.4528    23.6453     5.5100     7.8743     83.845    240.392    246.077    0.00004    6.57169    9.39160  286.71222     9.4525   14.84895 1.2854e-01     0.3679     1.6353 0.0000e+00
        347 290.618304    0.02401     1.4407     86.442     22.209  48406.938    30.6555     9.4555     22.000     9.4535    23.6487     5.5098     7.8740     83.845    240.382    246.066    0.00001    6.57139    9.39116  286.69796     9.4532   14.84826 1.1051e-01     0.3709     1.4546 0.0000e+00
        351 290.618316    0.02430     1.4577     87.462     23.218  48414.180    30.6603     9.4560     23.000     9.4536    23.6523     5.5102     7.8747     83.855    240.401    246.087   -0.00004    6.57112    9.39079  286.68541     9.4536   14.84763 9.6624e-02     0.3620     1.5954 0.0000e+00
        355 290.618328    0.02460     1.4760     88.563     24.228  48420.593    30.6643     9.4562     24.000     9.4537    23.6555     5.5109     7.8757     83.869    240.431    246.118    0.00003    6.57092    9.39050  286.67582     9.4536   14.84716 8.5618e-02     0.3403     1.6859 0.0000e+00
        360 290.618341    0.02491     1.4944     89.664     25.238  48424.852    30.6669     9.4563     25.000     9.4535    23.6575     5.5096     7.8738     83.850    240.374    246.060   -0.00018    6.57080    9.39033  286.66999     9.4537   14.84686 7.6976e-02     0.3422     1.6606 0.0000e+00
        364 290.618354    0.02521     1.5126     90.759     26.247  48428.951    30.6694     9.4562     26.000     9.4533    23.6595     5.5095     7.8737     83.850    240.368    246.055   -0.00019    6.57070    9.39020  286.66538     9.4534   14.84663 7.0439e-02     0.3572     1.8083 0.0000e+00
        369 290.618367    0.02553     1.5318     91.910     27.257  48433.791    30.6723     9.4556     27.000     9.4521    23.6618     5.5102     7.8747     83.861    240.399    246.087   -0.00013    6.57067    9.39015  286.66331     9.4527   14.84653 6.5478e-02     0.3447     1.8444 0.0000e+00
        373 290.618381    0.02585     1.5512     93.072     28.266  48437.887    30.6745     9.4539     28.000     9.4503    23.6638     5.5113     7.8762     83.875    240.444    246.134   -0.00006    6.57081    9.39035  286.66890     9.4510   14.84679 6.1658e-02     0.3330     1.7478 0.0000e+00
        378 290.618394    0.02618     1.5706     94.236     29.276  48440.194    30.6755     9.4525     29.000     9.4490    23.6649     5.5105     7.8750     83.861    240.408    246.098   -0.00016    6.57098    9.39058  286.67566     9.4495   14.84710 5.8815e-02     0.3326     1.5857 0.0000e+00
        383 290.618408    0.02651     1.5906     95.438     30.286  48441.382    30.6758     9.4516     30.000     9.4479    23.6653     5.5094     7.8735     83.842    240.360    246.048   -0.00031    6.57111    9.39078  286.68150     9.4484   14.84738 5.6692e-02     0.3375     1.6171 0.0000e+00
        387 290.618421    0.02683     1.6097     96.579     31.295  48442.654    30.6761     9.4502     31.000     9.4461    23.6657     5.5086     7.8723     83.828    240.325    246.013   -0.00032    6.57129    9.39102  286.68893     9.4470   14.84774 5.5099e-02     0.3453     1.6620 0.0000e+00
        392 290.618434    0.02713     1.6280     97.683     32.305  48449.287    30.6801     9.4484     32.000     9.4443    23.6691     5.5106     7.8752     83.857    240.412    246.102   -0.00021    6.57139    9.39117  286.69238     9.4450   14.84788 5.4340e-02     0.3454     1.5656 0.0000e+00
        396 290.618446    0.02742     1.6454     98.724     33.314  48461.759    30.6882     9.4472     33.000     9.4431    23.6757     5.5175     7.8850     83.964    240.710    246.409    0.00048    6.57123    9.39093  286.68334     9.4437   14.84742 5.4370e-02     0.3387     1.4241 0.0000e+00
        400 290.618458    0.02772     1.6631     99.787     34.324  48471.197    30.6943     9.4460     34.000     9.4416    23.6806     5.5211     7.8902     84.021    240.869    246.573    0.00061    6.57114    9.39081  286.67827     9.4423   14.84715 5.3729e-02     0.3355     1.3632 0.0000e+00
        404 290.618470    0.02802     1.6812    100.873     35.333  48475.794    30.6969     9.4446     35.000     9.4405    23.6829     5.5238     7.8941     84.061    240.988    246.695    0.00061    6.57123    9.39094  286.68164     9.4408   14.84730 5.3080e-02     0.3251     1.2344 0.0000e+00
        409 290.618483    0.02831     1.6988    101.927     36.342  48477.423    30.6976     9.4441     36.000     9.4402    23.6835     5.5267     7.8981     84.103    241.110    246.820    0.00059    6.57127    9.39100  286.68324     9.4403   14.84738 5.2531e-02     0.3126     1.2558 0.0000e+00
        413 290.618495    0.02861     1.7169    103.014     37.352  48478.375    30.6978     9.4440     37.000     9.4402    23.6837     5.5312     7.9046     84.173    241.308    247.024    0.00075    6.57127    9.39100  286.68302     9.4402   14.84737 5.2182e-02     0.3271     1.2519 0.0000e+00
        417 290.618508    0.02892     1.7353    104.119     38.362  48479.384    30.6981     9.4441     38.000     9.4401    23.6839     5.5344     7.9093     84.222    241.450    247.169    0.00077    6.57125    9.39097  286.68218     9.4401   14.84733 5.1960e-02     0.3312     1.1796 0.0000e+00
        422 290.618521    0.02923     1.7534    105.205     39.371  48480.850    30.6987     9.4442     39.000     9.4402    23.6844     5.5338     7.9084     84.213    241.422    247.139    0.00043    6.57120    9.39090  286.67996     9.4401   14.84722 5.1631e-02     0.3427     1.2874 0.0000e+00
        426 290.618534    0.02953     1.7722    106.330     40.381  48483.849    30.7005     9.4445     40.000     9.4403    23.6857     5.5353     7.9104     84.236    241.484    247.204    0.00033    6.57110    9.39075  286.67506     9.4402   14.84698 5.1356e-02     0.3472     1.4089 0.0000e+00
        431 290.618547    0.02985     1.7909    107.455     41.391  48488.050    30.7030     9.4448     41.000     9.4405    23.6877     5.5406     7.9181     84.320    241.718    247.444    0.00063    6.57095    9.39054  286.66787     9.4404   14.84663 5.1153e-02     0.3323     1.3437 0.0000e+00
        436 290.618561    0.03018     1.8106    108.633     42.401  48491.724    30.7052     9.4449     42.000     9.4404    23.6894     5.5470     7.9273     84.419    241.998    247.730    0.00095    6.57083    9.39038  286.66259     9.4405   14.84637 5.0975e-02     0.3294     1.3307 0.0000e+00
        440 290.618574    0.03051     1.8307    109.840     43.411  48496.914    30.7084     9.4448     43.000     9.4401    23.6920     5.5549     7.9384     84.539    242.337    248.079    0.00127    6.57071    9.39020  286.65640     9.4403   14.84605 5.0797e-02     0.3406     1.2819 0.0000e+00
        445 290.618588    0.03084     1.8503    111.021     44.420  48502.434    30.7118     9.4446     44.000     9.4397    23.6947     5.5583     7.9433     84.593    242.487    248.232    0.00113    6.57060    9.39004  286.65080     9.4399   14.84577 5.0683e-02     0.3394     1.1941 0.0000e+00
        450 290.618602    0.03116     1.8699    112.191     45.430  48506.388    30.7141     9.4442     45.000     9.4393    23.6965     5.5569     7.9414     84.573    242.428    248.173    0.00062    6.57056    9.38998  286.64855     9.4394   14.84566 5.0548e-02     0.3390     1.1668 0.0000e+00
        454 290.618615    0.03148     1.8887    113.323     46.439  48508.819    30.7154     9.4440     46.000     9.4390    23.6976     5.5484     7.9292     84.443    242.054    247.790   -0.00039    6.57053    9.38995  286.64724     9.4391   14.84558 5.0487e-02     0.3166     1.0718 0.0000e+00
        459 290.618628    0.03179     1.9074    114.444     47.449  48512.360    30.7174     9.4438     47.000     9.4387    23.6992     5.5409     7.9185     84.330    241.728    247.457   -0.00105    6.57047    9.38986  286.64402     9.4389   14.84543 5.0447e-02     0.3096     1.0951 0.0000e+00
        463 290.618641    0.03209     1.9257    115.543     48.459  48516.859    30.7200     9.4436     48.000     9.4384    23.7014     5.5413     7.9191     84.338    241.746    247.475   -0.00077    6.57039    9.38975  286.63998     9.4385   14.84522 5.0408e-02     0.3094     1.0148 0.0000e+00
        467 290.618653    0.03239     1.9436    116.616     49.468  48521.555    30.7230     9.4435     49.000     9.4384    23.7037     5.5415     7.9193     84.341    241.751    247.481   -0.00054    6.57028    9.38958  286.63439     9.4384   14.84494 5.0352e-02     0.3133     0.9839 0.0000e+00
        472 290.618666    0.03270     1.9621    117.726     50.478  48525.529    30.7253     9.4437     50.000     9.4383    23.7055     5.5400     7.9172     84.321    241.688    247.417   -0.00057    6.57016    9.38942  286.62872     9.4384   14.84466 5.0281e-02     0.3035     0.9826 0.0000e+00
        476 290.618678    0.03300     1.9799    118.795     51.487  48529.443    30.7276     9.4434     51.000     9.4378    23.7073     5.5390     7.9159     84.307    241.645    247.374   -0.00052    6.57010    9.38933  286.62546     9.4380   14.84450 5.0201e-02     0.2911     0.9327 0.0000e+00
        481 290.618691    0.03330     1.9983    119.896     52.497  48533.420    30.7299     9.4428     52.000     9.4368    23.7092     5.5371     7.9130     84.276    241.557    247.284   -0.00062    6.57008    9.38931  286.62438     9.4373   14.84444 5.0182e-02     0.2898     0.9810 0.0000e+00
        485 290.618704    0.03362     2.0175    121.050     53.507  48538.487    30.7329     9.4416     53.000     9.4351    23.7118     5.5399     7.9170     84.319    241.681    247.411   -0.00026    6.57015    9.38939  286.62627     9.4360   14.84452 5.0157e-02     0.2974     1.0137 0.0000e+00
