CTD-processing/allCTD/CNV/2018_09-13_t4_s07_cast009_5028.cnv
* Sea-Bird SBE19plus Data File:
* FileName = C:\Users\Kim.Powell\Desktop\Not Processed\2018\2018_09-13_T3, T4, T9_5028\2018_09-13_TRANSECT_STATION_cast009.hex
* Software Version 1.59
* Temperature SN =  5028
* Conductivity SN =  5028
* System UpLoad Time = Sep 14 2018 15:56:24
** 2018_09-13
** Station: 4-07
** Start Time: 12:21
** Depth (m): 32
** Comment:
** Comment:
# nquan = 27
# nvalues = 32                          
# units = specified
# name 0 = scan: Scan Count
# name 1 = timeJ: Julian Days
# name 2 = timeH: Time, Elapsed [hours]
# name 3 = timeM: Time, Elapsed [minutes]
# name 4 = timeS: Time, Elapsed [seconds]
# name 5 = prdM: Pressure, Strain Gauge [db]
# name 6 = specc: Specific Conductance [uS/cm]
# name 7 = sal00: Salinity, Practical [PSU]
# name 8 = tv290C: Temperature [ITS-90, deg C]
# name 9 = depSM: Depth [salt water, m], lat = 59.00
# name 10 = potemp090C: Potential Temperature [ITS-90, deg C]
# name 11 = sigma-é00: Density [sigma-theta, kg/m^3]
# name 12 = sbeox0ML/L: Oxygen, SBE 43 [ml/l]
# name 13 = sbeox0Mg/L: Oxygen, SBE 43 [mg/l]
# name 14 = sbeox0PS: Oxygen, SBE 43 [% saturation]
# name 15 = sbox0Mm/Kg: Oxygen, SBE 43 [umol/kg]
# name 16 = sbeox0Mm/L: Oxygen, SBE 43 [umol/l]
# name 17 = sbox0dV/dT: Oxygen, SBE 43 [dov/dt]
# name 18 = oxsolML/L: Oxygen Saturation, Garcia & Gordon [ml/l]
# name 19 = oxsolMg/L: Oxygen Saturation, Garcia & Gordon [mg/l]
# name 20 = oxsolMm/Kg: Oxygen Saturation, Garcia & Gordon [umol/kg]
# name 21 = potemp090C: Potential Temperature [ITS-90, deg C]
# name 22 = n2satMg/L: Nitrogen Saturation [mg/l]
# name 23 = par: PAR/Irradiance, Biospherical/Licor
# name 24 = flECO-AFL: Fluorescence, WET Labs ECO-AFL/FL [mg/m^3]
# name 25 = turbWETntu0: Turbidity, WET Labs ECO [NTU]
# name 26 = flag: flag
# span 0 =        282,        434       
# span 1 = 256.516668, 256.517109       
# span 2 =    0.01948,    0.03006       
# span 3 =     1.1689,     1.8038       
# span 4 =     70.133,    108.227       
# span 5 =      1.009,     32.304       
# span 6 =  48406.437,  48773.879       
# span 7 =    30.7519,    30.9533       
# span 8 =     9.7955,    10.1506       
# span 9 =      1.000,     32.000       
# span 10 =     9.7894,    10.1422      
# span 11 =    23.6124,    23.8275      
# span 12 =     5.7715,     6.2228      
# span 13 =     8.2480,     8.8930      
# span 14 =     88.658,     96.105      
# span 15 =    251.756,    271.485      
# span 16 =    257.755,    277.910      
# span 17 =   -0.01364,    0.00926      
# span 18 =    6.46773,    6.50984      
# span 19 =    9.24304,    9.30322      
# span 20 =  282.18582,  283.96339      
# span 21 =     9.7920,    10.1504      
# span 22 =   14.63206,   14.71629      
# span 23 = 2.3455e+00, 6.6144e+02      
# span 24 =     0.6360,     1.2489      
# span 25 =     0.2257,     0.4861      
# span 26 = 0.0000e+00, 0.0000e+00      
# interval = meters: 1                  
# start_time = Sep 13 2018 12:22:50 [Instrument's time stamp, header]
# bad_flag = -9.990e-29
*END*
        282 256.516668    0.01948     1.1689     70.133      1.009  48406.437    30.7519    10.1506      1.000    10.1422    23.6124     6.0612     8.6620     93.714    264.448    270.692    0.00926    6.46773    9.24304  282.18582    10.1504   14.63206 6.6144e+02     0.6444     0.3016 0.0000e+00
        287 256.516684    0.01985     1.1913     71.481      2.019  48440.419    30.7726    10.1278      2.000    10.1179    23.6323     6.0866     8.6984     94.073    265.552    271.828    0.00777    6.47009    9.24641  282.28348    10.1276   14.63664 4.2831e+02     0.7321     0.3089 0.0000e+00
        292 256.516697    0.02019     1.2110     72.662      3.029  48475.186    30.7938    10.1044      3.000    10.0965    23.6526     6.1171     8.7419     94.508    266.875    273.188    0.00756    6.47254    9.24990  282.38433    10.1040   14.64139 3.4078e+02     0.8055     0.2976 0.0000e+00
        296 256.516710    0.02050     1.2298     73.786      4.038  48498.008    30.8080    10.0925      4.000    10.0906    23.6657     6.1537     8.7943     95.058    268.472    274.826    0.00832    6.47362    9.25145  282.42809    10.0920   14.64343 2.5702e+02     0.8977     0.2843 0.0000e+00
        301 256.516723    0.02080     1.2480     74.880      5.047  48505.022    30.8123    10.0907      5.000    10.0901    23.6693     6.1827     8.8358     95.506    269.737    276.122    0.00841    6.47370    9.25157  282.43070    10.0901   14.64353 2.0411e+02     0.9930     0.2868 0.0000e+00
        305 256.516736    0.02112     1.2673     76.041      6.057  48505.688    30.8124    10.0906      6.000    10.0897    23.6694     6.2003     8.8608     95.776    270.502    276.905    0.00722    6.47371    9.25158  282.43095    10.0900   14.64354 1.6660e+02     1.0816     0.2878 0.0000e+00
        310 256.516750    0.02146     1.2873     77.236      7.066  48506.147    30.8121    10.0897      7.000    10.0881    23.6694     6.2098     8.8744     95.921    270.916    277.329    0.00554    6.47385    9.25178  282.43704    10.0890   14.64383 1.3671e+02     1.1572     0.2848 0.0000e+00
        315 256.516764    0.02178     1.3067     78.400      8.076  48508.040    30.8128    10.0873      8.000    10.0852    23.6703     6.2173     8.8851     96.032    271.242    277.662    0.00427    6.47417    9.25223  282.45048    10.0864   14.64448 1.1065e+02     1.2394     0.2794 0.0000e+00
        319 256.516777    0.02208     1.3250     79.498      9.085  48503.052    30.8083    10.0828      9.000    10.0755    23.6675     6.2228     8.8930     96.105    271.485    277.910    0.00327    6.47499    9.25341  282.48718    10.0818   14.64625 9.2610e+01     1.2489     0.2828 0.0000e+00
        324 256.516791    0.02242     1.3455     80.729     10.095  48502.740    30.8054    10.0643     10.000    10.0558    23.6684     6.2223     8.8923     96.057    271.462    277.887    0.00186    6.47773    9.25732  282.60648    10.0632   14.65197 7.6774e+01     1.2049     0.2641 0.0000e+00
        328 256.516804    0.02274     1.3640     81.841     11.104  48515.932    30.8123    10.0485     11.000    10.0420    23.6763     6.2064     8.8696     95.783    270.768    277.178   -0.00044    6.47968    9.26011  282.68949    10.0473   14.65591 6.3171e+01     1.1917     0.2639 0.0000e+00
        333 256.516817    0.02306     1.3837     83.021     12.114  48561.722    30.8434    10.0423     12.000    10.0377    23.7015     6.1878     8.8429     95.500    269.945    276.343   -0.00218    6.47927    9.25953  282.66472    10.0410   14.65460 5.2422e+01     1.1715     0.2563 0.0000e+00
        338 256.516831    0.02339     1.4038     84.227     13.123  48576.268    30.8506    10.0212     13.000    10.0041    23.7106     6.1851     8.8392     95.420    269.829    276.227   -0.00199    6.48197    9.26339  282.77995    10.0198   14.66008 4.2267e+01     1.1426     0.2569 0.0000e+00
        342 256.516844    0.02371     1.4228     85.365     14.133  48596.349    30.8601     9.9873     14.000     9.9744    23.7236     6.1630     8.8075     95.014    268.861    275.239   -0.00357    6.48638    9.26969  282.96884     9.9858   14.66908 3.4887e+01     1.0720     0.2570 0.0000e+00
        347 256.516859    0.02405     1.4431     86.586     15.143  48602.435    30.8607     9.9610     15.000     9.9472    23.7283     6.1116     8.7342     94.169    266.620    272.946   -0.00755    6.49010    9.27500  283.12964     9.9593   14.67677 3.0204e+01     0.9999     0.2372 0.0000e+00
        352 256.516873    0.02439     1.4636     87.818     16.151  48602.113    30.8555     9.9252     16.000     9.9037    23.7301     6.0867     8.6985     93.708    265.530    271.831   -0.00791    6.49540    9.28258  283.36043     9.9235   14.68783 2.6751e+01     0.9235     0.2257 0.0000e+00
        357 256.516887    0.02473     1.4839     89.035     17.161  48630.354    30.8687     9.8751     17.000     9.8548    23.7484     6.0682     8.6721     93.329    264.720    271.007   -0.00732    6.50201    9.29201  283.64349     9.8732   14.70132 2.3183e+01     0.9161     0.2482 0.0000e+00
        362 256.516901    0.02506     1.5039     90.232     18.171  48666.102    30.8892     9.8419     18.000     9.8350    23.7698     6.0105     8.5897     92.386    262.198    268.430   -0.01029    6.50590    9.29757  283.80723     9.8399   14.70907 2.0324e+01     0.8601     0.2881 0.0000e+00
        367 256.516916    0.02544     1.5261     91.566     19.180  48676.266    30.8949     9.8337     19.000     9.8312    23.7756     5.9343     8.4808     91.202    258.872    265.027   -0.01364    6.50682    9.29889  283.84578     9.8317   14.71089 1.7145e+01     0.8092     0.2958 0.0000e+00
        372 256.516930    0.02577     1.5465     92.792     20.190  48678.749    30.8962     9.8331     20.000     9.8311    23.7767     5.9068     8.4415     90.779    257.673    263.800   -0.01171    6.50685    9.29894  283.84704     9.8309   14.71094 1.4926e+01     0.7694     0.2968 0.0000e+00
        377 256.516944    0.02610     1.5662     93.971     21.199  48679.729    30.8965     9.8337     21.000     9.8314    23.7769     5.9028     8.4357     90.718    257.497    263.619   -0.00822    6.50676    9.29880  283.84285     9.8314   14.71074 1.2794e+01     0.7704     0.3171 0.0000e+00
        382 256.516960    0.02648     1.5889     95.334     22.209  48681.495    30.8973     9.8337     22.000     9.8313    23.7776     5.8993     8.4307     90.665    257.344    263.463   -0.00548    6.50672    9.29876  283.84122     9.8312   14.71066 1.0912e+01     0.8242     0.3270 0.0000e+00
        388 256.516975    0.02686     1.6113     96.678     23.218  48686.314    30.9004     9.8347     23.000     9.8331    23.7798     5.8943     8.4236     90.592    257.126    263.240   -0.00392    6.50645    9.29837  283.82868     9.8322   14.71005 9.4015e+00     0.7920     0.3139 0.0000e+00
        393 256.516990    0.02720     1.6322     97.934     24.228  48694.370    30.9060     9.8375     24.000     9.8356    23.7837     5.8916     8.4197     90.559    257.007    263.119   -0.00277    6.50580    9.29745  283.79939     9.8349   14.70863 8.1052e+00     0.8165     0.3438 0.0000e+00
        398 256.517004    0.02754     1.6527     99.160     25.237  48702.432    30.9113     9.8379     25.000     9.8344    23.7878     5.8858     8.4114     90.473    256.751    262.859   -0.00234    6.50553    9.29706  283.78652     9.8351   14.70799 6.9751e+00     0.7755     0.3673 0.0000e+00
        403 256.517020    0.02793     1.6758    100.550     26.247  48712.761    30.9178     9.8353     26.000     9.8307    23.7934     5.8687     8.3870     90.210    256.007    262.098   -0.00296    6.50563    9.29720  283.78917     9.8325   14.70809 5.9927e+00     0.7287     0.3563 0.0000e+00
        409 256.517037    0.02833     1.7000    101.999     27.257  48730.340    30.9289     9.8279     27.000     9.8212    23.8032     5.8460     8.3545     89.852    255.012    261.082   -0.00397    6.50623    9.29807  283.81282     9.8249   14.70918 5.1418e+00     0.6985     0.3638 0.0000e+00
        414 256.517051    0.02866     1.7196    103.176     28.266  48744.288    30.9373     9.8200     28.000     9.8146    23.8110     5.8315     8.3338     89.619    254.377    260.434   -0.00403    6.50700    9.29915  283.84381     9.8170   14.71063 4.3972e+00     0.6782     0.4053 0.0000e+00
        419 256.517065    0.02901     1.7403    104.419     29.276  48753.830    30.9427     9.8139     29.000     9.8082    23.8163     5.8061     8.2976     89.220    253.270    259.302   -0.00500    6.50765    9.30009  283.87093     9.8107   14.71190 3.7671e+00     0.6683     0.4276 0.0000e+00
        424 256.517081    0.02939     1.7635    105.808     30.285  48762.476    30.9476     9.8072     30.000     9.8011    23.8211     5.7848     8.2671     88.882    252.338    258.350   -0.00515    6.50841    9.30118  283.90294     9.8039   14.71341 3.2202e+00     0.6518     0.4492 0.0000e+00
        429 256.517095    0.02972     1.7831    106.985     31.294  48769.628    30.9514     9.8011     31.000     9.7957    23.8251     5.7757     8.2540     88.732    251.939    257.941   -0.00443    6.50912    9.30218  283.93246     9.7977   14.71481 2.7477e+00     0.6406     0.4584 0.0000e+00
        434 256.517109    0.03006     1.8038    108.227     32.304  48773.879    30.9533     9.7955     32.000     9.7894    23.8275     5.7715     8.2480     88.658    251.756    257.755   -0.00336    6.50984    9.30322  283.96339     9.7920   14.71629 2.3455e+00     0.6360     0.4861 0.0000e+00
