CTD-processing/allCTD/CNV/2018_07-24_t4_s10_cast169_5028.cnv
* Sea-Bird SBE19plus Data File:
* FileName = C:\Users\Kim.Powell\Desktop\Not Processed\2018\2018_08-24_T4, T9_5028\2018_07-24_TRANSECT_STATION_cast169.hex
* Software Version 1.59
* Temperature SN =  5028
* Conductivity SN =  5028
* System UpLoad Time = Jul 26 2018 09:13:33
** 2018_07-24
** Station: 4-10
** Start Time: 10:25
** Depth (m): 17
** Comment:
** Comment:
# nquan = 27
# nvalues = 16                          
# units = specified
# name 0 = scan: Scan Count
# name 1 = timeJ: Julian Days
# name 2 = timeH: Time, Elapsed [hours]
# name 3 = timeM: Time, Elapsed [minutes]
# name 4 = timeS: Time, Elapsed [seconds]
# name 5 = prdM: Pressure, Strain Gauge [db]
# name 6 = specc: Specific Conductance [uS/cm]
# name 7 = sal00: Salinity, Practical [PSU]
# name 8 = tv290C: Temperature [ITS-90, deg C]
# name 9 = depSM: Depth [salt water, m], lat = 59.00
# name 10 = potemp090C: Potential Temperature [ITS-90, deg C]
# name 11 = sigma-é00: Density [sigma-theta, kg/m^3]
# name 12 = sbeox0ML/L: Oxygen, SBE 43 [ml/l]
# name 13 = sbeox0Mg/L: Oxygen, SBE 43 [mg/l]
# name 14 = sbeox0PS: Oxygen, SBE 43 [% saturation]
# name 15 = sbox0Mm/Kg: Oxygen, SBE 43 [umol/kg]
# name 16 = sbeox0Mm/L: Oxygen, SBE 43 [umol/l]
# name 17 = sbox0dV/dT: Oxygen, SBE 43 [dov/dt]
# name 18 = oxsolML/L: Oxygen Saturation, Garcia & Gordon [ml/l]
# name 19 = oxsolMg/L: Oxygen Saturation, Garcia & Gordon [mg/l]
# name 20 = oxsolMm/Kg: Oxygen Saturation, Garcia & Gordon [umol/kg]
# name 21 = potemp090C: Potential Temperature [ITS-90, deg C]
# name 22 = n2satMg/L: Nitrogen Saturation [mg/l]
# name 23 = par: PAR/Irradiance, Biospherical/Licor
# name 24 = flECO-AFL: Fluorescence, WET Labs ECO-AFL/FL [mg/m^3]
# name 25 = turbWETntu0: Turbidity, WET Labs ECO [NTU]
# name 26 = flag: flag
# span 0 =        198,        368       
# span 1 = 205.434541, 205.435032       
# span 2 =    0.01369,    0.02551       
# span 3 =     0.8216,     1.5301       
# span 4 =     49.296,     91.809       
# span 5 =      1.009,     16.152       
# span 6 =  43327.692,  49594.508       
# span 7 =    27.4082,    31.4498       
# span 8 =     9.1391,    12.3590       
# span 9 =      1.000,     16.000       
# span 10 =     9.1360,    12.3081      
# span 11 =    20.6371,    24.3183      
# span 12 =     6.0698,     6.8152      
# span 13 =     8.6743,     9.7396      
# span 14 =     92.192,    104.777      
# span 15 =    264.642,    297.293      
# span 16 =    271.078,    304.365      
# span 17 =   -0.04224,    0.01073      
# span 18 =    6.27546,    6.58385      
# span 19 =    8.96826,    9.40898      
# span 20 =  274.39304,  287.05410      
# span 21 =     9.1374,    12.3588      
# span 22 =   14.26856,   14.86204      
# span 23 = 1.6174e+00, 7.0363e+01      
# span 24 =     0.6591,     2.0757      
# span 25 =     0.4549,     2.8324      
# span 26 = 0.0000e+00, 0.0000e+00      
# interval = meters: 1                  
# start_time = Jul 24 2018 10:24:55 [Instrument's time stamp, header]
# bad_flag = -9.990e-29
*END*
        198 205.434541    0.01369     0.8216     49.296      1.009  43327.692    27.4082    12.3590      1.000    12.3081    20.6371     6.3544     9.0810    100.862    278.046    283.787    0.00621    6.29985    9.00312  275.66252    12.3588   14.33323 7.0363e+01     0.9630     2.8324 0.0000e+00
        297 205.434825    0.02053     1.2315     73.888      2.019  44240.628    28.0404    12.2726      2.000    12.2868    21.1420     6.4476     9.2144    102.567    281.991    287.953    0.00854    6.28633    8.98380  274.93515    12.2723   14.29582 4.2170e+01     1.0526     1.8401 0.0000e+00
        301 205.434838    0.02083     1.2503     75.015      3.028  44692.390    28.3559    12.2609      3.000    12.1698    21.3882     6.4907     9.2759    103.431    283.806    289.877    0.01073    6.27546    8.96826  274.39304    12.2605   14.26856 2.7270e+01     1.1740     1.3447 0.0000e+00
        306 205.434852    0.02116     1.2699     76.194      4.038  45341.972    28.7786    11.8965      4.000    11.6453    21.7805     6.5270     9.3277    103.482    285.281    291.495    0.00773    6.30756    9.01414  275.69067    11.8960   14.32903 1.9860e+01     1.3676     1.0993 0.0000e+00
        311 205.434866    0.02151     1.2903     77.419      5.048  46301.680    29.3957    11.2999      5.000    11.1241    22.3640     6.5340     9.3377    102.678    285.424    291.808   -0.00121    6.36357    9.09418  277.97998    11.2993   14.43622 1.4828e+01     1.6531     0.9664 0.0000e+00
        315 205.434879    0.02183     1.3098     78.589      6.056  46932.760    29.7969    10.8942      6.000    10.6953    22.7451     6.6458     9.4976    103.788    290.202    296.803    0.00479    6.40309    9.15067  279.60231    10.8935   14.51227 1.1452e+01     1.7616     0.8784 0.0000e+00
        320 205.434894    0.02217     1.3305     79.832      7.066  47767.389    30.3321    10.4297      7.000    10.2742    23.2393     6.7530     9.6507    104.765    294.740    301.590    0.00944    6.44586    9.21179  281.33402    10.4289   14.59300 8.9841e+00     1.6466     0.7780 0.0000e+00
        325 205.434908    0.02252     1.3514     81.084      8.076  48243.384    30.6182    10.0258      8.000     9.8731    23.5284     6.8012     9.7196    104.777    296.758    303.740    0.00595    6.49112    9.27646  283.22922    10.0249   14.68251 7.3016e+00     1.4840     0.6017 0.0000e+00
        331 205.434924    0.02289     1.3731     82.387      9.085  48677.680    30.8784     9.6676      9.000     9.5507    23.7889     6.8152     9.7396    104.346    297.293    304.365    0.00097    6.53141    9.33404  284.91494     9.6667   14.76208 5.9333e+00     1.7542     0.5113 0.0000e+00
        336 205.434938    0.02324     1.3943     83.655     10.095  49103.456    31.1453     9.4206     10.000     9.3688    24.0364     6.7933     9.7083    103.624    296.268    303.390   -0.00372    6.55579    9.36888  285.90928     9.4196   14.80855 4.7591e+00     2.0757     0.5340 0.0000e+00
        341 205.434953    0.02358     1.4151     84.905     11.104  49376.950    31.3223     9.3088     11.000     9.2704    24.1922     6.7214     9.6054    102.390    293.084    300.175   -0.00931    6.56452    9.38135  286.24623     9.3077   14.82394 3.8301e+00     1.7228     0.5381 0.0000e+00
        346 205.434968    0.02396     1.4372     86.234     12.114  49517.102    31.4087     9.2230     12.000     9.2007    24.2731     6.4887     9.2729     98.713    282.916    289.783   -0.02636    6.57335    9.39397  286.60888     9.2217   14.84093 3.1778e+00     0.9942     0.4974 0.0000e+00
        351 205.434983    0.02431     1.4587     87.521     13.122  49565.871    31.4361     9.1765     13.000     9.1643    24.3017     6.2181     8.8863     94.516    271.113    277.701   -0.04224    6.57897    9.40200  286.84572     9.1751   14.85214 2.6850e+00     0.7506     0.4752 0.0000e+00
        357 205.434999    0.02469     1.4816     88.893     14.132  49587.280    31.4479     9.1561     14.000     9.1509    24.3141     6.1060     8.7261     92.776    266.221    272.694   -0.03700    6.58145    9.40555  286.95060     9.1546   14.85710 2.2702e+00     0.7162     0.4571 0.0000e+00
        362 205.435015    0.02508     1.5050     90.300     15.142  49592.034    31.4495     9.1468     15.000     9.1426    24.3168     6.0789     8.6874     92.347    265.041    271.486   -0.02578    6.58272    9.40737  287.00541     9.1453   14.85972 1.9232e+00     0.6773     0.4549 0.0000e+00
        368 205.435032    0.02551     1.5301     91.809     16.152  49594.508    31.4498     9.1391     16.000     9.1360    24.3183     6.0698     8.6743     92.192    264.642    271.078   -0.01637    6.58385    9.40898  287.05410     9.1374   14.86204 1.6174e+00     0.6591     0.4623 0.0000e+00
