CTD-processing/allCTD/CNV/2018_01-17_t9_s08_cast151_4141.cnv
* Sea-Bird SBE19plus Data File:
* FileName = C:\Users\Kim.Powell\Desktop\Not Processed\2018\2018_01-XX_TRANSECT_4141\2018_01-18_TRANSECT_STATION_cast151.hex
* Software Version 1.59
* Temperature SN =  4141
* Conductivity SN =  4141
* System UpLoad Time = Feb 16 2018 09:04:33
** 2018_01-17
** Station: 9-08
** Start Time: 14:39
** Depth (m): 97.5
** Comment: CTD incorrectly recorded date as May 22
** Comment:
# nquan = 27
# nvalues = 10                          
# units = specified
# name 0 = scan: Scan Count
# name 1 = timeJ: Julian Days
# name 2 = timeH: Time, Elapsed [hours]
# name 3 = timeM: Time, Elapsed [minutes]
# name 4 = timeS: Time, Elapsed [seconds]
# name 5 = prdM: Pressure, Strain Gauge [db]
# name 6 = specc: Specific Conductance [uS/cm]
# name 7 = sal00: Salinity, Practical [PSU]
# name 8 = tv290C: Temperature [ITS-90, deg C]
# name 9 = depSM: Depth [salt water, m], lat = 59.00
# name 10 = potemp090C: Potential Temperature [ITS-90, deg C]
# name 11 = sigma-é00: Density [sigma-theta, kg/m^3]
# name 12 = sbeox0ML/L: Oxygen, SBE 43 [ml/l]
# name 13 = sbeox0Mg/L: Oxygen, SBE 43 [mg/l]
# name 14 = sbeox0PS: Oxygen, SBE 43 [% saturation]
# name 15 = sbox0Mm/Kg: Oxygen, SBE 43 [umol/kg]
# name 16 = sbeox0Mm/L: Oxygen, SBE 43 [umol/l]
# name 17 = sbox0dV/dT: Oxygen, SBE 43 [dov/dt]
# name 18 = oxsolML/L: Oxygen Saturation, Garcia & Gordon [ml/l]
# name 19 = oxsolMg/L: Oxygen Saturation, Garcia & Gordon [mg/l]
# name 20 = oxsolMm/Kg: Oxygen Saturation, Garcia & Gordon [umol/kg]
# name 21 = n2satMg/L: Nitrogen Saturation [mg/l]
# name 22 = par: PAR/Irradiance, Biospherical/Licor
# name 23 = wetStar: Fluorescence, WET Labs WETstar [mg/m^3]
# name 24 = CStarAt0: Beam Attenuation, WET Labs C-Star [1/m]
# name 25 = CStarTr0: Beam Transmission, WET Labs C-Star [%]
# name 26 = flag: flag
# span 0 =        197,        331       
# span 1 = 142.611563, 142.611949       
# span 2 =    0.01361,    0.02289       
# span 3 =     0.8164,     1.3734       
# span 4 =     48.987,     82.403       
# span 5 =      1.005,     10.064       
# span 6 =  50060.062,  50139.224       
# span 7 =    31.0303,    31.1063       
# span 8 =     4.8673,     4.9860       
# span 9 =      1.000,     10.000       
# span 10 =     4.8687,     4.9855      
# span 11 =    24.5435,    24.5929      
# span 12 =     2.8668,     2.8783      
# span 13 =     4.0969,     4.1134      
# span 14 =     39.439,     39.549      
# span 15 =    124.958,    125.465      
# span 16 =    128.029,    128.546      
# span 17 =   -0.00052,    0.00041      
# span 18 =    7.26261,    7.28669      
# span 19 =   10.37899,   10.41342      
# span 20 =  316.56447,  317.62610      
# span 21 =   16.27088,   16.32169      
# span 22 = 3.2094e+00, 3.2038e+01      
# span 23 =     0.3110,     0.4526      
# span 24 =     1.0949,     2.0063      
# span 25 =    63.2899,    76.0555      
# span 26 = 0.0000e+00, 0.0000e+00      
# interval = meters: 1                  
# start_time = May 22 2017 14:39:50 [Instrument's time stamp, header]
# bad_flag = -9.990e-29
*END*
        197 142.611563    0.01361     0.8164     48.987      1.005  50060.062    31.0303     4.8673      1.000     4.8687    24.5435     2.8783     4.1134     39.501    125.465    128.546    0.00005    7.28669   10.41342  317.62610   16.32169 3.2038e+01     0.3110     2.0063    63.2899 0.0000e+00
        285 142.611818    0.01974     1.1841     71.047      2.017  50074.447    31.0467     4.8855      2.000     4.8919    24.5546     2.8778     4.1126     39.514    125.441    128.521    0.00020    7.28286   10.40793  317.45739   16.31359 2.5498e+01     0.4062     1.3610    71.4236 0.0000e+00
        297 142.611851    0.02054     1.2323     73.939      3.030  50075.914    31.0506     4.8999      3.000     4.9040    24.5561     2.8732     4.1061     39.466    125.241    128.317   -0.00026    7.28016   10.40409  317.33955   16.30797 1.8218e+01     0.3990     1.2691    72.8123 0.0000e+00
        302 142.611866    0.02088     1.2531     75.189      4.037  50071.189    31.0485     4.9080      4.000     4.9072    24.5536     2.8707     4.1025     39.439    125.133    128.205   -0.00052    7.27885   10.40220  317.28290   16.30528 1.3796e+01     0.4082     1.2496    73.1696 0.0000e+00
        307 142.611880    0.02123     1.2739     76.435      5.050  50128.014    31.0878     4.9120      5.000     4.9312    24.5844     2.8744     4.1079     39.505    125.293    128.373    0.00019    7.27624   10.39847  317.15981   16.29926 1.0674e+01     0.4095     1.2265    73.5940 0.0000e+00
        311 142.611893    0.02155     1.2930     77.578      6.056  50125.432    31.0943     4.9530      6.000     4.9587    24.5852     2.8696     4.1009     39.478    125.080    128.155    0.00003    7.26875   10.38777  316.83307   16.28368 8.3101e+00     0.4526     1.1669    74.6963 0.0000e+00
        316 142.611907    0.02187     1.3124     78.746      7.067  50111.216    31.0854     4.9593      7.000     4.9599    24.5775     2.8668     4.0969     39.443    124.958    128.029   -0.00048    7.26809   10.38683  316.80658   16.28246 6.5560e+00     0.4185     1.1414    75.1743 0.0000e+00
        321 142.611921    0.02220     1.3324     79.945      8.074  50139.224    31.1063     4.9693      8.000     4.9760    24.5929     2.8704     4.1021     39.508    125.115    128.192    0.00024    7.26535   10.38291  316.68230   16.27646 5.1710e+00     0.4121     1.1244    75.4969 0.0000e+00
        326 142.611935    0.02255     1.3529     81.176      9.086  50132.084    31.1032     4.9803      9.000     4.9818    24.5894     2.8721     4.1046     39.541    125.191    128.270    0.00041    7.26358   10.38038  316.60610   16.27285 4.0746e+00     0.4027     1.1119    75.7326 0.0000e+00
        331 142.611949    0.02289     1.3734     82.403     10.064  50129.901    31.1025     4.9860     10.000     4.9855    24.5881     2.8723     4.1049     39.549    125.199    128.277    0.00032    7.26261   10.37899  316.56447   16.27088 3.2094e+00     0.3995     1.0949    76.0555 0.0000e+00
