CTD-processing/allCTD/CNV/2018_10-17_alongbay_skb07_cast058_5028.cnv
* Sea-Bird SBE19plus Data File:
* FileName = C:\Users\Kim.Powell\Desktop\Not Processed\2018\2018_10-17_AlongBay, T9_5028\2018_10-17_TRANSECT_STATION_cast058.hex
* Software Version 1.59
* Temperature SN =  5028
* Conductivity SN =  5028
* System UpLoad Time = Oct 25 2018 16:58:49
** 2018_10-17
** Station: KB07
** Start Time: 11:47
** Depth (m): 147
** Comment:
** Comment:
# nquan = 27
# nvalues = 140                         
# units = specified
# name 0 = scan: Scan Count
# name 1 = timeJ: Julian Days
# name 2 = timeH: Time, Elapsed [hours]
# name 3 = timeM: Time, Elapsed [minutes]
# name 4 = timeS: Time, Elapsed [seconds]
# name 5 = prdM: Pressure, Strain Gauge [db]
# name 6 = specc: Specific Conductance [uS/cm]
# name 7 = sal00: Salinity, Practical [PSU]
# name 8 = tv290C: Temperature [ITS-90, deg C]
# name 9 = depSM: Depth [salt water, m], lat = 59.00
# name 10 = potemp090C: Potential Temperature [ITS-90, deg C]
# name 11 = sigma-é00: Density [sigma-theta, kg/m^3]
# name 12 = sbeox0ML/L: Oxygen, SBE 43 [ml/l]
# name 13 = sbeox0Mg/L: Oxygen, SBE 43 [mg/l]
# name 14 = sbeox0PS: Oxygen, SBE 43 [% saturation]
# name 15 = sbox0Mm/Kg: Oxygen, SBE 43 [umol/kg]
# name 16 = sbeox0Mm/L: Oxygen, SBE 43 [umol/l]
# name 17 = sbox0dV/dT: Oxygen, SBE 43 [dov/dt]
# name 18 = oxsolML/L: Oxygen Saturation, Garcia & Gordon [ml/l]
# name 19 = oxsolMg/L: Oxygen Saturation, Garcia & Gordon [mg/l]
# name 20 = oxsolMm/Kg: Oxygen Saturation, Garcia & Gordon [umol/kg]
# name 21 = potemp090C: Potential Temperature [ITS-90, deg C]
# name 22 = n2satMg/L: Nitrogen Saturation [mg/l]
# name 23 = par: PAR/Irradiance, Biospherical/Licor
# name 24 = flECO-AFL: Fluorescence, WET Labs ECO-AFL/FL [mg/m^3]
# name 25 = turbWETntu0: Turbidity, WET Labs ECO [NTU]
# name 26 = flag: flag
# span 0 =        330,        982       
# span 1 = 290.492710, 290.494598       
# span 2 =    0.02282,    0.06815       
# span 3 =     1.3689,     4.0885       
# span 4 =     82.134,    245.305       
# span 5 =      1.010,    141.368       
# span 6 =  43674.559,  48904.544       
# span 7 =    27.2848,    30.9304       
# span 8 =     8.7299,     9.6020       
# span 9 =      1.000,    140.000       
# span 10 =     8.8743,     9.6018      
# span 11 =    21.1223,    23.8931      
# span 12 =     5.0839,     5.9917      
# span 13 =     7.2653,     8.5627      
# span 14 =     77.192,     90.030      
# span 15 =    221.745,    262.055      
# span 16 =    227.044,    267.589      
# span 17 =   -0.01513,    0.01348      
# span 18 =    6.56712,    6.82630      
# span 19 =    9.38507,    9.75546      
# span 20 =  286.60363,  298.55958      
# span 21 =     8.7299,     9.6013      
# span 22 =   14.84475,   15.42881      
# span 23 = 4.6614e-02, 7.4897e+01      
# span 24 =     0.2600,     1.2146      
# span 25 =     0.4175,     4.2962      
# span 26 = 0.0000e+00, 0.0000e+00      
# interval = meters: 1                  
# start_time = Oct 17 2018 11:48:08 [Instrument's time stamp, header]
# bad_flag = -9.990e-29
*END*
[from data line 108]
        833 290.494168    0.05781     3.4682    208.093    110.058  48808.378    30.8834     9.3289    109.000     9.3172    23.8478     5.2444     7.4946     79.699    228.756    234.211   -0.00136    6.58018    9.40373  287.02573     9.3174   14.86301 4.6878e-02     0.2799     1.3201 0.0000e+00
        838 290.494181    0.05813     3.4875    209.249    111.067  48809.912    30.8839     9.3284    110.000     9.3162    23.8483     5.2430     7.4928     79.678    228.698    234.153   -0.00106    6.58023    9.40380  287.02783     9.3168   14.86311 4.6886e-02     0.2712     1.2875 0.0000e+00
        843 290.494195    0.05845     3.5069    210.413    112.078  48813.408    30.8858     9.3265    111.000     9.3122    23.8500     5.2398     7.4882     79.627    228.556    234.007   -0.00108    6.58042    9.40407  287.03562     9.3149   14.86347 4.6869e-02     0.2701     1.3309 0.0000e+00
        847 290.494208    0.05877     3.5261    211.565    113.088  48827.372    30.8939     9.3179    112.000     9.3009    23.8577     5.2347     7.4809     79.539    228.335    233.783   -0.00124    6.58133    9.40538  287.07342     9.3061   14.86525 4.6817e-02     0.2706     1.4846 0.0000e+00
        852 290.494221    0.05908     3.5449    212.694    114.098  48841.596    30.9022     9.3084    113.000     9.2942    23.8657     5.2122     7.4488     79.184    227.351    232.777   -0.00280    6.58236    9.40685  287.11594     9.2965   14.86725 4.6805e-02     0.2703     1.7654 0.0000e+00
        856 290.494234    0.05940     3.5641    213.844    115.108  48848.851    30.9062     9.3037    114.000     9.2900    23.8696     5.1759     7.3969     78.626    225.767    231.156   -0.00522    6.58288    9.40759  287.13752     9.2917   14.86826 4.6794e-02     0.2832     1.7949 0.0000e+00
        861 290.494248    0.05972     3.5835    215.009    116.118  48853.844    30.9089     9.3007    115.000     9.2878    23.8722     5.1535     7.3648     78.282    224.787    230.154   -0.00572    6.58322    9.40808  287.15157     9.2885   14.86893 4.6786e-02     0.2817     1.7793 0.0000e+00
        866 290.494261    0.06005     3.6029    216.172    117.128  48856.139    30.9099     9.2995    116.000     9.2869    23.8732     5.1459     7.3541     78.166    224.459    229.818   -0.00463    6.58334    9.40825  287.15670     9.2873   14.86917 4.6764e-02     0.2799     1.7685 0.0000e+00
        871 290.494276    0.06039     3.6229    217.376    118.138  48858.172    30.9109     9.2985    117.000     9.2860    23.8740     5.1444     7.3518     78.141    224.390    229.748   -0.00328    6.58344    9.40839  287.16053     9.2863   14.86935 4.6740e-02     0.2828     1.8226 0.0000e+00
        876 290.494290    0.06073     3.6438    218.628    119.148  48859.237    30.9111     9.2983    118.000     9.2858    23.8743     5.1461     7.3543     78.167    224.465    229.824   -0.00206    6.58347    9.40843  287.16178     9.2859   14.86940 4.6717e-02     0.2864     1.8593 0.0000e+00
        881 290.494304    0.06108     3.6647    219.881    120.158  48860.195    30.9113     9.2982    119.000     9.2853    23.8745     5.1439     7.3513     78.135    224.375    229.731   -0.00155    6.58348    9.40845  287.16224     9.2856   14.86942 4.6725e-02     0.2815     1.8027 0.0000e+00
        885 290.494318    0.06142     3.6850    221.097    121.168  48861.877    30.9120     9.2975    120.000     9.2844    23.8751     5.1372     7.3416     78.032    224.080    229.430   -0.00165    6.58355    9.40855  287.16507     9.2848   14.86956 4.6740e-02     0.2694     1.7834 0.0000e+00
        890 290.494332    0.06175     3.7048    222.291    122.178  48864.252    30.9131     9.2963    121.000     9.2832    23.8762     5.1333     7.3360     77.970    223.908    229.254   -0.00158    6.58367    9.40873  287.17034     9.2836   14.86981 4.6753e-02     0.2783     1.7148 0.0000e+00
        895 290.494347    0.06209     3.7257    223.544    123.188  48865.597    30.9135     9.2958    122.000     9.2829    23.8766     5.1369     7.3411     78.024    224.064    229.414   -0.00077    6.58372    9.40880  287.17251     9.2830   14.86991 4.6743e-02     0.2895     1.6536 0.0000e+00
        900 290.494360    0.06243     3.7456    224.737    124.198  48866.656    30.9138     9.2956    123.000     9.2824    23.8769     5.1384     7.3432     78.047    224.128    229.480   -0.00043    6.58374    9.40882  287.17298     9.2827   14.86993 4.6721e-02     0.2812     1.6916 0.0000e+00
        905 290.494374    0.06277     3.7658    225.947    125.208  48868.488    30.9145     9.2948    124.000     9.2812    23.8776     5.1359     7.3397     78.007    224.019    229.368   -0.00054    6.58383    9.40896  287.17699     9.2817   14.87012 4.6718e-02     0.2818     1.7169 0.0000e+00
        910 290.494388    0.06310     3.7857    227.141    126.218  48870.152    30.9152     9.2939    125.000     9.2805    23.8783     5.1335     7.3363     77.970    223.916    229.262   -0.00067    6.58393    9.40910  287.18095     9.2808   14.87030 4.6720e-02     0.2870     1.7003 0.0000e+00
        914 290.494402    0.06342     3.8053    228.316    127.228  48871.307    30.9155     9.2936    126.000     9.2802    23.8786     5.1360     7.3398     78.008    224.023    229.373   -0.00030    6.58396    9.40914  287.18227     9.2803   14.87037 4.6714e-02     0.2875     1.6778 0.0000e+00
        919 290.494416    0.06375     3.8249    229.496    128.238  48872.332    30.9158     9.2934    127.000     9.2798    23.8788     5.1351     7.3386     77.994    223.986    229.335   -0.00031    6.58398    9.40916  287.18298     9.2800   14.87040 4.6705e-02     0.2871     1.6938 0.0000e+00
        924 290.494429    0.06409     3.8450    230.698    129.248  48873.404    30.9161     9.2931    128.000     9.2794    23.8791     5.1247     7.3238     77.836    223.533    228.871   -0.00108    6.58401    9.40921  287.18428     9.2796   14.87046 4.6695e-02     0.2867     1.7084 0.0000e+00
        928 290.494443    0.06440     3.8641    231.846    130.259  48874.959    30.9166     9.2924    129.000     9.2779    23.8797     5.1183     7.3145     77.737    223.251    228.581   -0.00153    6.58410    9.40933  287.18771     9.2788   14.87063 4.6680e-02     0.2804     1.7964 0.0000e+00
        933 290.494456    0.06472     3.8834    233.006    131.269  48878.723    30.9186     9.2902    130.000     9.2755    23.8816     5.1195     7.3164     77.754    223.308    228.640   -0.00089    6.58434    9.40967  287.19767     9.2765   14.87109 4.6671e-02     0.2692     1.8303 0.0000e+00
        938 290.494470    0.06506     3.9036    234.218    132.278  48881.962    30.9201     9.2885    131.000     9.2743    23.8831     5.1140     7.3084     77.667    223.065    228.392   -0.00119    6.58452    9.40993  287.20531     9.2746   14.87145 4.6682e-02     0.2679     1.8693 0.0000e+00
        943 290.494484    0.06541     3.9242    235.454    133.289  48883.636    30.9208     9.2877    132.000     9.2735    23.8837     5.1100     7.3027     77.605    222.889    228.212   -0.00117    6.58460    9.41006  287.20878     9.2738   14.87161 4.6681e-02     0.2764     1.9278 0.0000e+00
        948 290.494498    0.06573     3.9442    236.649    134.299  48885.183    30.9214     9.2871    133.000     9.2727    23.8843     5.1076     7.2992     77.567    222.781    228.102   -0.00106    6.58467    9.41015  287.21143     9.2731   14.87174 4.6658e-02     0.2729     2.0174 0.0000e+00
        952 290.494512    0.06607     3.9643    237.858    135.309  48887.204    30.9223     9.2862    134.000     9.2713    23.8851     5.0993     7.2873     77.440    222.421    227.734   -0.00143    6.58477    9.41029  287.21539     9.2720   14.87192 4.6634e-02     0.2864     1.9695 0.0000e+00
        957 290.494526    0.06640     3.9838    239.025    136.319  48890.711    30.9240     9.2841    135.000     9.2685    23.8868     5.0934     7.2790     77.349    222.166    227.472   -0.00165    6.58500    9.41062  287.22516     9.2698   14.87238 4.6646e-02     0.2932     2.0970 0.0000e+00
        962 290.494539    0.06673     4.0034    240.204    137.329  48894.917    30.9261     9.2815    136.000     9.2664    23.8890     5.0953     7.2817     77.374    222.247    227.556   -0.00098    6.58529    9.41103  287.23713     9.2671   14.87294 4.6644e-02     0.2726     2.3766 0.0000e+00
        967 290.494553    0.06705     4.0232    241.393    138.339  48897.489    30.9273     9.2800    137.000     9.2651    23.8901     5.0908     7.2753     77.304    222.052    227.357   -0.00111    6.58544    9.41125  287.24353     9.2656   14.87325 4.6614e-02     0.2819     2.6002 0.0000e+00
        971 290.494567    0.06738     4.0431    242.585    139.349  48899.584    30.9282     9.2790    138.000     9.2639    23.8910     5.0876     7.2706     77.254    221.910    227.211   -0.00111    6.58555    9.41141  287.24806     9.2645   14.87346 4.6649e-02     0.2925     2.7720 0.0000e+00
        976 290.494582    0.06774     4.0642    243.852    140.359  48902.366    30.9296     9.2774    139.000     9.2623    23.8922     5.0870     7.2700     77.244    221.887    227.189   -0.00084    6.58574    9.41167  287.25575     9.2628   14.87383 4.6658e-02     0.3088     3.0328 0.0000e+00
        982 290.494598    0.06815     4.0885    245.305    141.368  48904.544    30.9304     9.2763    140.000     9.2615    23.8931     5.0839     7.2653     77.192    221.745    227.044   -0.00081    6.58587    9.41186  287.26125     9.2614   14.87409 4.6686e-02     0.3176     3.1823 0.0000e+00
