CTD-processing/allCTD/CNV/2018_04-23_alongbay_skb10_cast078_5028.cnv
* Sea-Bird SBE19plus Data File:
* FileName = C:\Users\Kim.Powell\Desktop\Not Processed\2018\2018_04-23_AlongBay, T4, T9_5028\2018_04-23_TRANSECT_STATION_cast078.hex
* Software Version 1.59
* Temperature SN =  5028
* Conductivity SN =  5028
* System UpLoad Time = Apr 24 2018 10:13:31
** 2018_04-24
** Station: KB10
** Start Time: 17:49
** Depth (m): 63
** Comment:
** Comment:
# nquan = 27
# nvalues = 60                          
# units = specified
# name 0 = scan: Scan Count
# name 1 = timeJ: Julian Days
# name 2 = timeH: Time, Elapsed [hours]
# name 3 = timeM: Time, Elapsed [minutes]
# name 4 = timeS: Time, Elapsed [seconds]
# name 5 = prdM: Pressure, Strain Gauge [db]
# name 6 = specc: Specific Conductance [uS/cm]
# name 7 = sal00: Salinity, Practical [PSU]
# name 8 = tv290C: Temperature [ITS-90, deg C]
# name 9 = depSM: Depth [salt water, m], lat = 59.00
# name 10 = potemp090C: Potential Temperature [ITS-90, deg C]
# name 11 = sigma-é00: Density [sigma-theta, kg/m^3]
# name 12 = sbeox0ML/L: Oxygen, SBE 43 [ml/l]
# name 13 = sbeox0Mg/L: Oxygen, SBE 43 [mg/l]
# name 14 = sbeox0PS: Oxygen, SBE 43 [% saturation]
# name 15 = sbox0Mm/Kg: Oxygen, SBE 43 [umol/kg]
# name 16 = sbeox0Mm/L: Oxygen, SBE 43 [umol/l]
# name 17 = sbox0dV/dT: Oxygen, SBE 43 [dov/dt]
# name 18 = oxsolML/L: Oxygen Saturation, Garcia & Gordon [ml/l]
# name 19 = oxsolMg/L: Oxygen Saturation, Garcia & Gordon [mg/l]
# name 20 = oxsolMm/Kg: Oxygen Saturation, Garcia & Gordon [umol/kg]
# name 21 = potemp090C: Potential Temperature [ITS-90, deg C]
# name 22 = n2satMg/L: Nitrogen Saturation [mg/l]
# name 23 = par: PAR/Irradiance, Biospherical/Licor
# name 24 = flECO-AFL: Fluorescence, WET Labs ECO-AFL/FL [mg/m^3]
# name 25 = turbWETntu0: Turbidity, WET Labs ECO [NTU]
# name 26 = flag: flag
# span 0 =        348,        631       
# span 1 = 113.743283, 113.744101       
# span 2 =    0.02409,    0.04372       
# span 3 =     1.4449,     2.6231       
# span 4 =     86.696,    157.385       
# span 5 =      1.009,     60.575       
# span 6 =  50115.315,  51285.730       
# span 7 =    31.1316,    31.6666       
# span 8 =     4.0900,     5.2579       
# span 9 =      1.000,     60.000       
# span 10 =     4.0862,     5.2400      
# span 11 =    24.5993,    25.1271      
# span 12 =     6.8716,     8.1984      
# span 13 =     9.8200,    11.7164      
# span 14 =     92.939,    112.693      
# span 15 =    299.358,    357.267      
# span 16 =    306.880,    366.141      
# span 17 =   -0.02073,    0.00278      
# span 18 =    7.21307,    7.39348      
# span 19 =   10.30820,   10.56601      
# span 20 =  314.40165,  322.09946      
# span 21 =     4.0860,     5.2579      
# span 22 =   16.16771,   16.53189      
# span 23 = 3.7976e-02, 1.9569e+02      
# span 24 =     0.4262,     5.6042      
# span 25 =     1.2425,     2.1007      
# span 26 = 0.0000e+00, 0.0000e+00      
# interval = meters: 1                  
# start_time = Apr 23 2018 17:48:53 [Instrument's time stamp, header]
# bad_flag = -9.990e-29
*END*
        348 113.743283    0.02409     1.4449     86.696      1.009  50115.315    31.1538     5.2579      1.000     5.2400    24.5993     8.1274    11.6148    112.676    354.254    362.968    0.00137    7.21307   10.30820  314.40165     5.2579   16.16771 1.9569e+02     2.8780     1.3787 0.0000e+00
        353 113.743300    0.02447     1.4680     88.079      2.019  50131.027    31.1499     5.1898      2.000     5.1591    24.6037     8.1420    11.6357    112.692    354.889    363.621    0.00092    7.22500   10.32524  314.92021     5.1897   16.19242 1.2009e+02     3.4238     1.5529 0.0000e+00
        358 113.743313    0.02480     1.4881     89.284      3.028  50154.005    31.1499     5.1168      3.000     5.0655    24.6116     8.1563    11.6561    112.693    355.510    364.259    0.00038    7.23763   10.34330  315.46841     5.1166   16.21851 7.4534e+01     3.9857     1.7061 0.0000e+00
        363 113.743327    0.02513     1.5079     90.471      4.038  50182.784    31.1316     4.9402      4.000     4.8407    24.6159     8.1759    11.6842    112.474    356.365    365.137   -0.00079    7.26927   10.38851  316.84596     4.9400   16.28414 4.7231e+01     4.5282     1.8474 0.0000e+00
        368 113.743341    0.02546     1.5277     91.662      5.047  50377.685    31.2233     4.7482      5.000     4.7120    24.7088     8.1466    11.6423    111.624    355.056    363.829   -0.00532    7.29836   10.43008  318.08508     4.7479   16.34273 2.9617e+01     4.7957     2.1007 0.0000e+00
        372 113.743355    0.02579     1.5477     92.863      6.057  50490.617    31.2869     4.6869      6.000     4.6844    24.7656     8.1249    11.6112    111.208    354.088    362.857   -0.00607    7.30600   10.44100  318.40036     4.6865   16.35748 1.8271e+01     4.6950     2.1003 0.0000e+00
        377 113.743368    0.02612     1.5673     94.036      7.066  50573.545    31.3454     4.6971      7.000     4.7112    24.8109     8.0974    11.5719    110.902    352.871    361.626   -0.00606    7.30133   10.43433  318.18298     4.6966   16.34689 1.1515e+01     4.8347     2.0404 0.0000e+00
        382 113.743382    0.02646     1.5872     95.232      8.075  50582.400    31.3547     4.7141      8.000     4.6963    24.8166     8.1303    11.6189    111.406    354.305    363.098   -0.00201    7.29787   10.42939  318.03057     4.7136   16.33961 7.2855e+00     5.3861     1.9291 0.0000e+00
        387 113.743396    0.02678     1.6065     96.390      9.085  50632.255    31.3769     4.6622      9.000     4.6342    24.8395     8.1984    11.7164    112.216    357.267    366.141    0.00278    7.30593   10.44090  318.37451     4.6615   16.35588 4.5472e+00     5.6042     1.8948 0.0000e+00
        391 113.743409    0.02709     1.6255     97.530     10.094  50737.350    31.4355     4.6046     10.000     4.5910    24.8920     8.1866    11.6995    111.942    356.734    365.612    0.00109    7.31321   10.45130  318.67537     4.6039   16.36996 2.9527e+00     5.0358     1.8388 0.0000e+00
        396 113.743422    0.02741     1.6449     98.693     11.104  50874.948    31.5269     4.5939     11.000     4.6007    24.9655     8.0518    11.5068    110.138    350.834    359.593   -0.00845    7.31060   10.44758  318.53880     4.5932   16.36309 2.0166e+00     4.1786     1.6521 0.0000e+00
        400 113.743436    0.02773     1.6639     99.833     12.113  50888.318    31.5368     4.5993     12.000     4.5913    24.9728     7.9005    11.2906    108.090    344.239    352.835   -0.01674    7.30915   10.44551  318.47359     4.5985   16.35995 1.3962e+00     3.6612     1.4300 0.0000e+00
        405 113.743449    0.02806     1.6832    100.994     13.123  50905.648    31.5431     4.5768     13.000     4.5588    24.9801     7.7859    11.1269    106.470    339.246    347.720   -0.02048    7.31282   10.45075  318.63117     4.5759   16.36742 9.8157e-01     3.3889     1.3936 0.0000e+00
        410 113.743463    0.02838     1.7030    102.181     14.132  50946.065    31.5602     4.5323     14.000     4.5131    24.9982     7.7056    11.0121    105.271    335.741    344.133   -0.02073    7.31984   10.46078  318.93138     4.5313   16.38163 7.0450e-01     2.9053     1.4051 0.0000e+00
        414 113.743476    0.02871     1.7225    103.349     15.142  50988.694    31.5797     4.4918     15.000     4.4770    25.0179     7.6311    10.9056    104.164    332.486    340.803   -0.02047    7.32605   10.46966  319.19580     4.4907   16.39413 5.1530e-01     2.3599     1.3423 0.0000e+00
        419 113.743490    0.02904     1.7422    104.530     16.151  51020.140    31.5944     4.4641     16.000     4.4556    25.0324     7.5541    10.7955    103.053    329.124    337.363   -0.02027    7.33022   10.47562  319.37306     4.4631   16.40250 3.8821e-01     1.9515     1.2983 0.0000e+00
        424 113.743504    0.02937     1.7621    105.728     17.162  51036.069    31.6011     4.4477     17.000     4.4400    25.0393     7.4849    10.6967    102.074    326.110    334.276   -0.01940    7.33280   10.47930  319.48319     4.4466   16.40772 2.9915e-01     1.6843     1.2978 0.0000e+00
        429 113.743517    0.02969     1.7815    106.889     18.171  51051.539    31.6078     4.4329     18.000     4.4270    25.0462     7.4350    10.6254    101.363    323.935    332.049   -0.01763    7.33509   10.48258  319.58100     4.4317   16.41234 2.3348e-01     1.4961     1.2825 0.0000e+00
        433 113.743530    0.03001     1.8007    108.040     19.180  51062.476    31.6128     4.4243     19.000     4.4211    25.0510     7.4055    10.5832    100.942    322.647    330.729   -0.01487    7.33637   10.48441  319.63511     4.4231   16.41490 1.8461e-01     1.4673     1.2725 0.0000e+00
        438 113.743544    0.03033     1.8197    109.182     20.190  51065.588    31.6134     4.4198     20.000     4.4156    25.0519     7.3885    10.5590    100.700    321.908    329.972   -0.01205    7.33714   10.48551  319.66835     4.4185   16.41648 1.4812e-01     1.4301     1.2958 0.0000e+00
        442 113.743557    0.03065     1.8391    110.349     21.200  51066.197    31.6114     4.4118     21.000     4.4042    25.0512     7.3750    10.5396    100.495    321.316    329.366   -0.00966    7.33866   10.48768  319.73478     4.4104   16.41964 1.2014e-01     1.3585     1.2761 0.0000e+00
        447 113.743571    0.03097     1.8585    111.512     22.209  51065.983    31.6068     4.3941     22.000     4.3838    25.0492     7.3616    10.5204    100.266    320.733    328.767   -0.00810    7.34204   10.49251  319.88278     4.3926   16.42671 9.9472e-02     1.3148     1.2533 0.0000e+00
        452 113.743585    0.03131     1.8786    112.714     23.218  51080.334    31.6121     4.3771     23.000     4.3722    25.0552     7.3413    10.4914     99.952    319.848    327.861   -0.00737    7.34480   10.49646  320.00123     4.3755   16.43232 8.4381e-02     1.3322     1.2425 0.0000e+00
        457 113.743599    0.03165     1.8988    113.929     24.228  51095.627    31.6213     4.3734     24.000     4.3742    25.0629     7.3241    10.4668     99.715    319.094    327.092   -0.00650    7.34500   10.49675  320.00772     4.3718   16.43259 7.3082e-02     1.3325     1.2776 0.0000e+00
        462 113.743613    0.03198     1.9190    115.142     25.237  51103.409    31.6280     4.3819     25.000     4.3841    25.0674     7.3082    10.4441     99.523    318.401    326.383   -0.00554    7.34317   10.49413  319.92619     4.3802   16.42868 6.4660e-02     1.2515     1.2974 0.0000e+00
        466 113.743627    0.03232     1.9395    116.368     26.247  51098.975    31.6260     4.3885     26.000     4.3869    25.0651     7.2907    10.4191     99.299    317.639    325.600   -0.00508    7.34210   10.49259  319.88008     4.3867   16.42650 5.8480e-02     1.1769     1.2848 0.0000e+00
        471 113.743641    0.03267     1.9602    117.610     27.257  51099.882    31.6262     4.3890     27.000     4.3873    25.0653     7.2746    10.3961     99.082    316.939    324.884   -0.00469    7.34200   10.49244  319.87575     4.3871   16.42630 5.3888e-02     1.1606     1.3348 0.0000e+00
        476 113.743656    0.03302     1.9810    118.858     28.266  51100.492    31.6262     4.3892     28.000     4.3872    25.0653     7.2608    10.3765     98.896    316.341    324.270   -0.00428    7.34195   10.49237  319.87359     4.3873   16.42619 5.0447e-02     1.1389     1.3097 0.0000e+00
        481 113.743670    0.03336     2.0015    120.092     29.276  51101.182    31.6261     4.3890     29.000     4.3868    25.0652     7.2521    10.3639     98.775    315.957    323.877   -0.00368    7.34199   10.49244  319.87566     4.3870   16.42629 4.7833e-02     1.1222     1.2901 0.0000e+00
        486 113.743684    0.03370     2.0220    121.318     30.286  51101.980    31.6260     4.3882     30.000     4.3856    25.0652     7.2432    10.3513     98.653    315.573    323.483   -0.00323    7.34214   10.49265  319.88206     4.3862   16.42659 4.5865e-02     1.0580     1.2849 0.0000e+00
        491 113.743698    0.03403     2.0419    122.514     31.295  51103.414    31.6260     4.3862     31.000     4.3829    25.0654     7.2351    10.3397     98.537    315.219    323.120   -0.00296    7.34249   10.49315  319.89712     4.3841   16.42731 4.4334e-02     1.0695     1.3239 0.0000e+00
        496 113.743712    0.03436     2.0616    123.696     32.305  51106.165    31.6266     4.3832     32.000     4.3794    25.0663     7.2291    10.3311     98.448    314.956    322.851   -0.00261    7.34299   10.49387  319.91874     4.3811   16.42834 4.3144e-02     1.0810     1.3010 0.0000e+00
        500 113.743725    0.03468     2.0809    124.852     33.314  51107.158    31.6256     4.3779     33.000     4.3701    25.0659     7.2205    10.3189     98.319    314.584    322.470   -0.00257    7.34400   10.49530  319.96273     4.3756   16.43043 4.2203e-02     1.0414     1.2902 0.0000e+00
        505 113.743739    0.03500     2.1003    126.016     34.324  51117.570    31.6290     4.3639     34.000     4.3561    25.0701     7.2098    10.3036     98.142    314.117    321.992   -0.00281    7.34631   10.49862  320.06249     4.3616   16.43516 4.1477e-02     0.9790     1.2790 0.0000e+00
        510 113.743752    0.03533     2.1197    127.181     35.333  51127.562    31.6330     4.3536     35.000     4.3487    25.0742     7.1935    10.2802     97.897    313.401    321.259   -0.00327    7.34795   10.50096  320.13246     4.3512   16.43848 4.0889e-02     0.9009     1.2745 0.0000e+00
        515 113.743766    0.03566     2.1398    128.387     36.343  51132.292    31.6346     4.3491     36.000     4.3457    25.0760     7.1716    10.2490     97.591    312.451    320.286   -0.00394    7.34867   10.50197  320.16296     4.3467   16.43992 4.0442e-02     0.8707     1.2773 0.0000e+00
        520 113.743781    0.03602     2.1614    129.683     37.353  51134.491    31.6351     4.3468     37.000     4.3434    25.0766     7.1587    10.2305     97.410    311.886    319.708   -0.00371    7.34904   10.50252  320.17925     4.3444   16.44070 4.0059e-02     0.8700     1.3279 0.0000e+00
        525 113.743796    0.03638     2.1829    130.976     38.362  51137.491    31.6360     4.3439     38.000     4.3394    25.0776     7.1533    10.2227     97.330    311.649    319.464   -0.00302    7.34952   10.50320  320.19968     4.3414   16.44166 3.9718e-02     0.8547     1.3176 0.0000e+00
        530 113.743811    0.03675     2.2048    132.287     39.372  51141.482    31.6367     4.3373     39.000     4.3313    25.0788     7.1458    10.2121     97.213    311.326    319.133   -0.00267    7.35067   10.50484  320.24944     4.3347   16.44403 3.9425e-02     0.7985     1.3226 0.0000e+00
        535 113.743825    0.03709     2.2257    133.539     40.381  51145.670    31.6371     4.3287     40.000     4.3227    25.0800     7.1299    10.1894     96.976    310.631    318.422   -0.00309    7.35217   10.50699  320.31459     4.3261   16.44712 3.9209e-02     0.7800     1.3227 0.0000e+00
        540 113.743840    0.03745     2.2468    134.807     41.391  51151.536    31.6387     4.3208     41.000     4.3159    25.0821     7.1133    10.1657     96.734    309.909    317.682   -0.00344    7.35350   10.50889  320.37183     4.3181   16.44984 3.9017e-02     0.7640     1.3133 0.0000e+00
        545 113.743855    0.03781     2.2683    136.099     42.401  51157.108    31.6411     4.3168     42.000     4.3132    25.0844     7.1029    10.1508     96.585    309.455    317.217   -0.00320    7.35410   10.50975  320.39731     4.3140   16.45104 3.8864e-02     0.7767     1.3164 0.0000e+00
        550 113.743870    0.03815     2.2891    137.344     43.410  51157.297    31.6402     4.3146     43.000     4.3099    25.0839     7.0894    10.1314     96.394    308.864    316.611   -0.00322    7.35454   10.51038  320.41659     4.3117   16.45196 3.8708e-02     0.7733     1.3584 0.0000e+00
        556 113.743885    0.03851     2.3105    138.631     44.420  51155.831    31.6368     4.3065     44.000     4.2981    25.0821     7.0872    10.1283     96.344    308.770    316.514   -0.00261    7.35615   10.51267  320.48700     4.3036   16.45533 3.8580e-02     0.7463     1.3554 0.0000e+00
        560 113.743899    0.03885     2.3307    139.842     45.430  51158.880    31.6348     4.2908     45.000     4.2784    25.0820     7.0865    10.1273     96.296    308.739    316.482   -0.00209    7.35906   10.51684  320.61428     4.2877   16.46139 3.8429e-02     0.7491     1.3794 0.0000e+00
        565 113.743912    0.03917     2.3501    141.004     46.440  51169.845    31.6365     4.2682     46.000     4.2540    25.0856     7.0764    10.1129     96.108    308.299    316.033   -0.00251    7.36302   10.52248  320.78512     4.2651   16.46951 3.8299e-02     0.7142     1.3951 0.0000e+00
        570 113.743926    0.03949     2.3693    142.156     47.448  51165.286    31.6253     4.2358     47.000     4.2046    25.0799     7.0581    10.0868     95.776    307.503    315.215   -0.00350    7.36936   10.53156  321.06349     4.2327   16.48280 3.8213e-02     0.6593     1.3810 0.0000e+00
        574 113.743938    0.03980     2.3882    143.294     48.458  51202.715    31.6344     4.1677     48.000     4.1406    25.0938     7.0316    10.0489     95.265    306.343    314.031   -0.00518    7.38110   10.54834  321.57067     4.1646   16.50688 3.8163e-02     0.5974     1.3710 0.0000e+00
        579 113.743952    0.04013     2.4076    144.453     49.468  51248.057    31.6555     4.1283     49.000     4.1182    25.1144     6.9978    10.0006     94.730    304.866    312.523   -0.00652    7.38713   10.55695  321.82689     4.1251   16.51898 3.8102e-02     0.5122     1.4479 0.0000e+00
        583 113.743965    0.04044     2.4264    145.587     50.478  51260.097    31.6602     4.1158     50.000     4.1090    25.1194     6.9680     9.9580     94.301    303.566    311.191   -0.00697    7.38913   10.55981  321.91251     4.1126   16.52304 3.8049e-02     0.4834     1.4685 0.0000e+00
        588 113.743978    0.04076     2.4456    146.733     51.488  51266.801    31.6626     4.1085     51.000     4.1031    25.1220     6.9425     9.9215     93.940    302.453    310.051   -0.00692    7.39033   10.56152  321.96386     4.1052   16.52547 3.8016e-02     0.4625     1.4931 0.0000e+00
        593 113.743992    0.04108     2.4650    147.902     52.498  51271.463    31.6644     4.1048     52.000     4.1009    25.1238     6.9247     9.8961     93.692    301.678    309.258   -0.00628    7.39091   10.56235  321.98850     4.1014   16.52663 3.7997e-02     0.4262     1.5870 0.0000e+00
        597 113.744005    0.04141     2.4843    149.055     53.507  51272.917    31.6647     4.1040     53.000     4.1005    25.1241     6.9103     9.8756     93.497    301.053    308.617   -0.00557    7.39102   10.56251  321.99332     4.1006   16.52686 3.7987e-02     0.4479     1.6159 0.0000e+00
