CTD-processing/allCTD/CNV/2018_03-27_alongbay_skb01_cast034_5028.cnv
* Sea-Bird SBE19plus Data File:
* FileName = P:\My Documents\kasitsna\Research-KBL\Oceanography-AK\CTD-Data-ALL-to-2017-02\2018-CTD-KachemakBay-CookInlet\2018-03-27-CookInlet-AlongBay\2018-03-27-CookInlet-AlongBay-cast034.hex
* Software Version 1.59
* Temperature SN =  5028
* Conductivity SN =  5028
* System UpLoad Time = Mar 28 2018 11:46:51
** Cook Inlet LTM Along-Bay (T7-22 to KB12)
** Date: 2018_03-27
** Station: (eg. 9-01): KB01
** Start time (AKDT): 13:50
** Depth (m): 73.8
** Comment:  Extended to T7-22 due to calm seas.
** Comment:
# nquan = 27
# nvalues = 70                          
# units = specified
# name 0 = scan: Scan Count
# name 1 = timeJ: Julian Days
# name 2 = timeH: Time, Elapsed [hours]
# name 3 = timeM: Time, Elapsed [minutes]
# name 4 = timeS: Time, Elapsed [seconds]
# name 5 = prdM: Pressure, Strain Gauge [db]
# name 6 = specc: Specific Conductance [uS/cm]
# name 7 = sal00: Salinity, Practical [PSU]
# name 8 = tv290C: Temperature [ITS-90, deg C]
# name 9 = depSM: Depth [salt water, m], lat = 59.00
# name 10 = potemp090C: Potential Temperature [ITS-90, deg C]
# name 11 = sigma-é00: Density [sigma-theta, kg/m^3]
# name 12 = sbeox0ML/L: Oxygen, SBE 43 [ml/l]
# name 13 = sbeox0Mg/L: Oxygen, SBE 43 [mg/l]
# name 14 = sbeox0PS: Oxygen, SBE 43 [% saturation]
# name 15 = sbox0Mm/Kg: Oxygen, SBE 43 [umol/kg]
# name 16 = sbeox0Mm/L: Oxygen, SBE 43 [umol/l]
# name 17 = sbox0dV/dT: Oxygen, SBE 43 [dov/dt]
# name 18 = oxsolML/L: Oxygen Saturation, Garcia & Gordon [ml/l]
# name 19 = oxsolMg/L: Oxygen Saturation, Garcia & Gordon [mg/l]
# name 20 = oxsolMm/Kg: Oxygen Saturation, Garcia & Gordon [umol/kg]
# name 21 = potemp090C: Potential Temperature [ITS-90, deg C]
# name 22 = n2satMg/L: Nitrogen Saturation [mg/l]
# name 23 = par: PAR/Irradiance, Biospherical/Licor
# name 24 = flECO-AFL: Fluorescence, WET Labs ECO-AFL/FL [mg/m^3]
# name 25 = turbWETntu0: Turbidity, WET Labs ECO [NTU]
# name 26 = flag: flag
# span 0 =        350,        703       
# span 1 =  86.578428,  86.579449       
# span 2 =    0.02421,    0.04872       
# span 3 =     1.4525,     2.9234       
# span 4 =     87.150,    175.401       
# span 5 =      1.009,     70.673       
# span 6 =  51226.966,  51348.226       
# span 7 =    31.7175,    31.7356       
# span 8 =     4.2194,     4.3743       
# span 9 =      1.000,     70.000       
# span 10 =     4.2141,     4.3630      
# span 11 =    25.1433,    25.1688      
# span 12 =     6.7144,     6.8393      
# span 13 =     9.5956,     9.7741      
# span 14 =     91.428,     92.844      
# span 15 =    292.512,    297.944      
# span 16 =    299.866,    305.443      
# span 17 =   -0.00053,    0.00181      
# span 18 =    7.33982,    7.36685      
# span 19 =   10.48933,   10.52796      
# span 20 =  319.75654,  320.92613      
# span 21 =     4.2148,     4.3742      
# span 22 =   16.42023,   16.47582      
# span 23 = 1.6641e-01, 2.4008e+02      
# span 24 =     0.3331,     0.6247      
# span 25 =     0.3055,     0.5748      
# span 26 = 0.0000e+00, 0.0000e+00      
# interval = meters: 1                  
# start_time = Mar 27 2018 13:51:29 [Instrument's time stamp, header]
# bad_flag = -9.990e-29
*END*
        350  86.578428    0.02421     1.4525     87.150      1.009  51226.966    31.7229     4.3743      1.000     4.3630    25.1434     6.7144     9.5956     91.480    292.512    299.866    0.00181    7.33982   10.48933  319.75654     4.3742   16.42023 2.4008e+02     0.3331     0.5440 0.0000e+00
        355  86.578444    0.02460     1.4764     88.584      2.019  51233.928    31.7175     4.3325      2.000     4.3160    25.1433     6.7206     9.6044     91.467    292.780    300.142    0.00108    7.34751   10.50033  320.09166     4.3324   16.43619 1.7375e+02     0.3559     0.5748 0.0000e+00
        361  86.578460    0.02498     1.4986     89.914      3.029  51261.800    31.7275     4.2957      3.000     4.2886    25.1549     6.7232     9.6081     91.428    292.890    300.258    0.00038    7.35359   10.50901  320.35284     4.2954   16.44857 1.3606e+02     0.4069     0.4215 0.0000e+00
        366  86.578475    0.02534     1.5202     91.211      4.038  51274.488    31.7327     4.2825      4.000     4.2801    25.1603     6.7370     9.6278     91.589    293.488    300.872    0.00098    7.35568   10.51200  320.44234     4.2822   16.45281 1.1392e+02     0.4502     0.3683 0.0000e+00
        371  86.578489    0.02569     1.5414     92.486      5.047  51278.092    31.7336     4.2782      5.000     4.2769    25.1614     6.7504     9.6469     91.761    294.071    301.470    0.00149    7.35640   10.51302  320.47307     4.2779   16.45427 1.0249e+02     0.4822     0.3540 0.0000e+00
        376  86.578504    0.02603     1.5619     93.711      6.057  51282.103    31.7356     4.2772      6.000     4.2781    25.1631     6.7572     9.6567     91.854    294.370    301.777    0.00148    7.35649   10.51315  320.47635     4.2768   16.45441 9.5234e+01     0.4992     0.3429 0.0000e+00
        381  86.578518    0.02637     1.5824     94.946      7.066  51280.630    31.7350     4.2811      7.000     4.2812    25.1622     6.7607     9.6618     91.911    294.525    301.936    0.00125    7.35582   10.51219  320.44748     4.2807   16.45305 8.9599e+01     0.5078     0.3369 0.0000e+00
        386  86.578533    0.02675     1.6045     96.273      8.076  51277.647    31.7322     4.2802      8.000     4.2777    25.1602     6.7669     9.6706     91.990    294.792    302.209    0.00120    7.35612   10.51263  320.46148     4.2797   16.45373 8.3608e+01     0.5194     0.3281 0.0000e+00
        391  86.578548    0.02710     1.6265     97.588      9.085  51281.567    31.7334     4.2759      9.000     4.2745    25.1615     6.7686     9.6731     92.005    294.869    302.288    0.00084    7.35682   10.51363  320.49152     4.2753   16.45514 7.7022e+01     0.5344     0.3244 0.0000e+00
        396  86.578563    0.02744     1.6467     98.801     10.095  51284.805    31.7350     4.2753     10.000     4.2752    25.1628     6.7715     9.6770     92.042    294.990    302.413    0.00068    7.35686   10.51369  320.49286     4.2746   16.45520 7.0181e+01     0.5376     0.3237 0.0000e+00
        401  86.578577    0.02780     1.6679    100.076     11.104  51282.062    31.7325     4.2751     11.000     4.2726    25.1609     6.7764     9.6842     92.108    295.207    302.634    0.00076    7.35700   10.51389  320.49974     4.2744   16.45554 6.4665e+01     0.5558     0.3223 0.0000e+00
        406  86.578592    0.02816     1.6893    101.358     12.113  51284.865    31.7329     4.2707     12.000     4.2684    25.1617     6.7793     9.6882     92.138    295.331    302.762    0.00062    7.35777   10.51499  320.53300     4.2699   16.45712 5.8938e+01     0.5613     0.3400 0.0000e+00
        411  86.578606    0.02848     1.7091    102.546     13.123  51286.224    31.7323     4.2665     13.000     4.2634    25.1616     6.7809     9.6905     92.150    295.401    302.835    0.00041    7.35855   10.51610  320.56680     4.2657   16.45873 5.3497e+01     0.5653     0.3831 0.0000e+00
        416  86.578621    0.02883     1.7299    103.797     14.133  51289.795    31.7331     4.2615     14.000     4.2591    25.1628     6.7877     9.7003     92.232    295.698    303.139    0.00063    7.35941   10.51733  320.60398     4.2606   16.46049 4.8669e+01     0.5567     0.3663 0.0000e+00
        421  86.578635    0.02920     1.7515    105.091     15.142  51292.075    31.7332     4.2573     15.000     4.2551    25.1633     6.7940     9.7092     92.307    295.970    303.418    0.00076    7.36016   10.51840  320.63639     4.2563   16.46204 4.4020e+01     0.5863     0.3577 0.0000e+00
        426  86.578650    0.02954     1.7727    106.359     16.151  51294.693    31.7340     4.2555     16.000     4.2540    25.1641     6.7963     9.7127     92.337    296.075    303.526    0.00060    7.36042   10.51878  320.64776     4.2545   16.46258 3.9670e+01     0.6247     0.3416 0.0000e+00
        432  86.578665    0.02991     1.7943    107.661     17.161  51294.556    31.7329     4.2533     17.000     4.2507    25.1635     6.7988     9.7162     92.365    296.184    303.637    0.00051    7.36087   10.51943  320.66755     4.2522   16.46352 3.5888e+01     0.5960     0.3586 0.0000e+00
        437  86.578681    0.03028     1.8168    109.006     18.170  51298.105    31.7340     4.2499     18.000     4.2485    25.1647     6.7973     9.7141     92.338    296.119    303.571    0.00014    7.36144   10.52023  320.69166     4.2487   16.46466 3.2346e+01     0.6029     0.3364 0.0000e+00
        442  86.578695    0.03062     1.8372    110.234     19.180  51300.111    31.7351     4.2505     19.000     4.2498    25.1655     6.7989     9.7163     92.360    296.185    303.638    0.00014    7.36128   10.52000  320.68434     4.2493   16.46431 2.9138e+01     0.6025     0.3444 0.0000e+00
        447  86.578710    0.03097     1.8586    111.515     20.189  51298.134    31.7332     4.2503     20.000     4.2477    25.1640     6.8025     9.7215     92.407    296.343    303.800    0.00028    7.36141   10.52020  320.69096     4.2489   16.46464 2.6283e+01     0.6151     0.3419 0.0000e+00
        452  86.578725    0.03135     1.8808    112.848     21.199  51301.782    31.7346     4.2481     21.000     4.2469    25.1653     6.8043     9.7240     92.428    296.421    303.880    0.00023    7.36173   10.52065  320.70408     4.2467   16.46525 2.3679e+01     0.6071     0.3152 0.0000e+00
        457  86.578740    0.03170     1.9020    114.120     22.208  51300.800    31.7335     4.2485     22.000     4.2461    25.1645     6.8085     9.7300     92.485    296.602    304.065    0.00037    7.36170   10.52061  320.70333     4.2471   16.46522 2.1337e+01     0.5877     0.3285 0.0000e+00
        462  86.578754    0.03204     1.9226    115.358     23.218  51301.608    31.7328     4.2447     23.000     4.2417    25.1642     6.8118     9.7347     92.521    296.748    304.215    0.00040    7.36242   10.52163  320.73469     4.2433   16.46672 1.9218e+01     0.5623     0.3355 0.0000e+00
        467  86.578768    0.03239     1.9435    116.610     24.228  51305.768    31.7345     4.2423     24.000     4.2406    25.1658     6.8095     9.7314     92.485    296.646    304.112    0.00004    7.36278   10.52214  320.74963     4.2407   16.46742 1.7299e+01     0.5613     0.3309 0.0000e+00
        473  86.578784    0.03276     1.9652    117.914     25.237  51306.014    31.7341     4.2421     25.000     4.2401    25.1655     6.8101     9.7324     92.494    296.676    304.141   -0.00001    7.36283   10.52222  320.75200     4.2404   16.46753 1.5582e+01     0.5563     0.3174 0.0000e+00
        478  86.578799    0.03312     1.9873    119.237     26.247  51307.355    31.7342     4.2411     26.000     4.2392    25.1658     6.8098     9.7318     92.486    296.658    304.124   -0.00009    7.36300   10.52246  320.75933     4.2394   16.46789 1.3999e+01     0.5587     0.3199 0.0000e+00
        483  86.578815    0.03349     2.0095    120.571     27.256  51308.115    31.7343     4.2413     27.000     4.2394    25.1658     6.8102     9.7324     92.492    296.676    304.142   -0.00011    7.36296   10.52242  320.75793     4.2394   16.46782 1.2603e+01     0.5726     0.3212 0.0000e+00
        489  86.578830    0.03387     2.0321    121.927     28.266  51308.511    31.7339     4.2405     28.000     4.2381    25.1656     6.8138     9.7376     92.540    296.835    304.305    0.00011    7.36312   10.52263  320.76457     4.2387   16.46814 1.1332e+01     0.5743     0.3197 0.0000e+00
        494  86.578845    0.03423     2.0534    123.206     29.276  51310.108    31.7342     4.2394     29.000     4.2372    25.1659     6.8148     9.7391     92.552    296.879    304.350    0.00008    7.36330   10.52289  320.77259     4.2375   16.46852 1.0209e+01     0.5571     0.3281 0.0000e+00
        499  86.578860    0.03458     2.0747    124.483     30.285  51311.272    31.7343     4.2388     30.000     4.2366    25.1661     6.8143     9.7384     92.543    296.858    304.329   -0.00005    7.36341   10.52305  320.77726     4.2367   16.46874 9.2089e+00     0.5557     0.3320 0.0000e+00
        504  86.578874    0.03493     2.0957    125.741     31.295  51310.975    31.7334     4.2378     31.000     4.2346    25.1654     6.8169     9.7421     92.576    296.971    304.445    0.00005    7.36362   10.52335  320.78657     4.2358   16.46919 8.2992e+00     0.5387     0.3193 0.0000e+00
        509  86.578889    0.03528     2.1165    126.988     32.304  51313.456    31.7339     4.2348     32.000     4.2320    25.1662     6.8217     9.7489     92.634    297.177    304.655    0.00027    7.36414   10.52409  320.80874     4.2327   16.47024 7.4834e+00     0.5173     0.3310 0.0000e+00
        514  86.578904    0.03564     2.1387    128.320     33.314  51316.033    31.7350     4.2342     33.000     4.2323    25.1671     6.8220     9.7493     92.637    297.192    304.671    0.00014    7.36419   10.52417  320.81097     4.2320   16.47034 6.7375e+00     0.5125     0.3148 0.0000e+00
        520  86.578921    0.03604     2.1625    129.750     34.324  51316.036    31.7347     4.2350     34.000     4.2327    25.1668     6.8194     9.7456     92.604    297.078    304.555   -0.00010    7.36407   10.52399  320.80576     4.2327   16.47009 6.0541e+00     0.5274     0.3169 0.0000e+00
        526  86.578937    0.03643     2.1860    131.158     35.333  51316.486    31.7344     4.2348     35.000     4.2322    25.1666     6.8141     9.7380     92.531    296.846    304.315   -0.00053    7.36411   10.52406  320.80783     4.2324   16.47019 5.4373e+00     0.5228     0.3129 0.0000e+00
        530  86.578950    0.03675     2.2051    132.309     36.343  51316.111    31.7334     4.2334     36.000     4.2294    25.1659     6.8186     9.7444     92.588    297.041    304.516   -0.00016    7.36442   10.52449  320.82121     4.2310   16.47083 4.8982e+00     0.5320     0.3282 0.0000e+00
        535  86.578964    0.03708     2.2247    133.482     37.353  51319.110    31.7340     4.2297     37.000     4.2262    25.1668     6.8200     9.7465     92.600    297.105    304.582   -0.00010    7.36505   10.52538  320.84827     4.2272   16.47212 4.4224e+00     0.5530     0.3584 0.0000e+00
        540  86.578978    0.03742     2.2452    134.711     38.362  51321.430    31.7347     4.2280     38.000     4.2252    25.1675     6.8235     9.7514     92.643    297.254    304.735    0.00005    7.36532   10.52577  320.85969     4.2255   16.47266 3.9929e+00     0.5188     0.3544 0.0000e+00
        545  86.578992    0.03776     2.2652    135.912     39.372  51322.875    31.7351     4.2276     39.000     4.2251    25.1679     6.8268     9.7562     92.688    297.399    304.884    0.00022    7.36536   10.52584  320.86168     4.2251   16.47275 3.6005e+00     0.5038     0.3322 0.0000e+00
        550  86.579006    0.03809     2.2857    137.142     40.382  51323.737    31.7353     4.2281     40.000     4.2258    25.1680     6.8284     9.7585     92.711    297.470    304.956    0.00022    7.36527   10.52571  320.85762     4.2254   16.47256 3.2471e+00     0.5199     0.3337 0.0000e+00
        555  86.579021    0.03846     2.3075    138.448     41.391  51324.012    31.7352     4.2293     41.000     4.2271    25.1678     6.8254     9.7542     92.673    297.340    304.823   -0.00009    7.36506   10.52541  320.84846     4.2266   16.47212 2.9254e+00     0.5293     0.3331 0.0000e+00
        560  86.579036    0.03882     2.3290    139.742     42.400  51324.170    31.7351     4.2305     42.000     4.2282    25.1676     6.8244     9.7527     92.662    297.295    304.776   -0.00021    7.36485   10.52511  320.83957     4.2277   16.47170 2.6331e+00     0.5326     0.3405 0.0000e+00
        565  86.579051    0.03916     2.3495    140.971     43.411  51324.290    31.7350     4.2318     43.000     4.2293    25.1674     6.8276     9.7574     92.709    297.436    304.922    0.00004    7.36463   10.52480  320.83003     4.2289   16.47124 2.3743e+00     0.5456     0.3519 0.0000e+00
        570  86.579065    0.03951     2.3706    142.233     44.420  51324.372    31.7347     4.2323     44.000     4.2293    25.1671     6.8292     9.7597     92.731    297.507    304.994    0.00007    7.36455   10.52469  320.82672     4.2294   16.47109 2.1430e+00     0.5287     0.3365 0.0000e+00
        575  86.579080    0.03985     2.3911    143.468     45.429  51324.972    31.7345     4.2322     45.000     4.2290    25.1670     6.8275     9.7572     92.707    297.431    304.917   -0.00009    7.36458   10.52472  320.82769     4.2292   16.47114 1.9336e+00     0.5345     0.3184 0.0000e+00
        580  86.579093    0.04019     2.4115    144.687     46.439  51325.927    31.7346     4.2316     46.000     4.2284    25.1671     6.8262     9.7554     92.689    297.375    304.859   -0.00026    7.36467   10.52485  320.83186     4.2286   16.47133 1.7451e+00     0.5351     0.3055 0.0000e+00
        585  86.579108    0.04053     2.4315    145.891     47.449  51326.819    31.7347     4.2316     47.000     4.2283    25.1672     6.8279     9.7578     92.712    297.450    304.935   -0.00009    7.36467   10.52486  320.83195     4.2285   16.47134 1.5765e+00     0.5271     0.3194 0.0000e+00
        590  86.579122    0.04088     2.4528    147.167     48.459  51327.071    31.7341     4.2306     48.000     4.2268    25.1669     6.8237     9.7518     92.652    297.266    304.747   -0.00044    7.36487   10.52513  320.84053     4.2275   16.47175 1.4245e+00     0.5350     0.3231 0.0000e+00
        595  86.579137    0.04123     2.4740    148.438     49.468  51328.688    31.7343     4.2288     49.000     4.2249    25.1671     6.8270     9.7565     92.692    297.407    304.893   -0.00019    7.36519   10.52560  320.85450     4.2256   16.47242 1.2863e+00     0.5188     0.3299 0.0000e+00
        600  86.579151    0.04158     2.4944    149.662     50.478  51330.514    31.7346     4.2274     50.000     4.2237    25.1676     6.8320     9.7636     92.758    297.627    305.118    0.00015    7.36543   10.52593  320.86436     4.2241   16.47288 1.1614e+00     0.5243     0.3349 0.0000e+00
        605  86.579166    0.04192     2.5150    150.901     51.487  51332.069    31.7351     4.2270     51.000     4.2236    25.1680     6.8316     9.7630     92.752    297.608    305.099    0.00003    7.36548   10.52601  320.86689     4.2236   16.47300 1.0504e+00     0.5249     0.3306 0.0000e+00
        610  86.579180    0.04227     2.5364    152.183     52.498  51332.713    31.7351     4.2272     52.000     4.2239    25.1680     6.8317     9.7631     92.753    297.612    305.102   -0.00005    7.36543   10.52594  320.86472     4.2238   16.47290 9.4894e-01     0.5260     0.3388 0.0000e+00
        615  86.579195    0.04263     2.5575    153.452     53.507  51333.251    31.7350     4.2276     53.000     4.2242    25.1679     6.8332     9.7653     92.774    297.678    305.170    0.00002    7.36538   10.52586  320.86235     4.2241   16.47278 8.5702e-01     0.5264     0.3304 0.0000e+00
