CTD-processing/allCTD/CNV/2018_05-24_alongbay_skb07_cast088_5028.cnv
* Sea-Bird SBE19plus Data File:
* FileName = C:\Users\Kim.Powell\Desktop\Not Processed\2018\2018_05-24_AlongBay, T9_5028\2018_05-24_TRANSECT_STATION_cast088.hex
* Software Version 1.59
* Temperature SN =  5028
* Conductivity SN =  5028
* System UpLoad Time = May 25 2018 13:21:17
** 2018_05-24
** Station: KB07
** Start Time: 11:42
** Depth (m): 149
** Comment:
** Comment:
# nquan = 27
# nvalues = 144                         
# units = specified
# name 0 = scan: Scan Count
# name 1 = timeJ: Julian Days
# name 2 = timeH: Time, Elapsed [hours]
# name 3 = timeM: Time, Elapsed [minutes]
# name 4 = timeS: Time, Elapsed [seconds]
# name 5 = prdM: Pressure, Strain Gauge [db]
# name 6 = specc: Specific Conductance [uS/cm]
# name 7 = sal00: Salinity, Practical [PSU]
# name 8 = tv290C: Temperature [ITS-90, deg C]
# name 9 = depSM: Depth [salt water, m], lat = 59.00
# name 10 = potemp090C: Potential Temperature [ITS-90, deg C]
# name 11 = sigma-é00: Density [sigma-theta, kg/m^3]
# name 12 = sbeox0ML/L: Oxygen, SBE 43 [ml/l]
# name 13 = sbeox0Mg/L: Oxygen, SBE 43 [mg/l]
# name 14 = sbeox0PS: Oxygen, SBE 43 [% saturation]
# name 15 = sbox0Mm/Kg: Oxygen, SBE 43 [umol/kg]
# name 16 = sbeox0Mm/L: Oxygen, SBE 43 [umol/l]
# name 17 = sbox0dV/dT: Oxygen, SBE 43 [dov/dt]
# name 18 = oxsolML/L: Oxygen Saturation, Garcia & Gordon [ml/l]
# name 19 = oxsolMg/L: Oxygen Saturation, Garcia & Gordon [mg/l]
# name 20 = oxsolMm/Kg: Oxygen Saturation, Garcia & Gordon [umol/kg]
# name 21 = potemp090C: Potential Temperature [ITS-90, deg C]
# name 22 = n2satMg/L: Nitrogen Saturation [mg/l]
# name 23 = par: PAR/Irradiance, Biospherical/Licor
# name 24 = flECO-AFL: Fluorescence, WET Labs ECO-AFL/FL [mg/m^3]
# name 25 = turbWETntu0: Turbidity, WET Labs ECO [NTU]
# name 26 = flag: flag
# span 0 =        286,        974       
# span 1 = 144.488939, 144.490929       
# span 2 =    0.01981,    0.06757       
# span 3 =     1.1887,     4.0540       
# span 4 =     71.320,    243.238       
# span 5 =      1.010,    145.410       
# span 6 =  48175.949,  51146.014       
# span 7 =    30.2896,    31.8707       
# span 8 =     5.6301,     7.9412       
# span 9 =      1.000,    144.000       
# span 10 =     5.6189,     7.8407      
# span 11 =    23.5851,    25.1256      
# span 12 =     6.6346,     8.2368      
# span 13 =     9.4814,    11.7712      
# span 14 =     93.240,    119.475      
# span 15 =    289.035,    359.271      
# span 16 =    296.297,    367.856      
# span 17 =   -0.04081,    0.01441      
# span 18 =    6.81468,    7.11668      
# span 19 =    9.73886,   10.17044      
# span 20 =  297.33117,  310.07082      
# span 21 =     5.6187,     7.9411      
# span 22 =   15.35765,   15.95906      
# span 23 = 4.2903e-02, 1.4329e+02      
# span 24 =     0.3534,     4.5623      
# span 25 =     0.7127,     1.7497      
# span 26 = 0.0000e+00, 0.0000e+00      
# interval = meters: 1                  
# start_time = May 24 2018 11:42:53 [Instrument's time stamp, header]
# bad_flag = -9.990e-29
*END*
[from data line 108]
        796 144.490414    0.05522     3.3129    198.774    110.058  51061.773    31.8413     5.6875    109.000     5.6772    25.0954     6.6929     9.5649     94.171    291.589    298.906   -0.00056    7.10725   10.15697  309.63911     5.6789   15.93813 4.3469e-02     0.3887     0.9795 0.0000e+00
        801 144.490427    0.05554     3.3322    199.930    111.068  51067.849    31.8442     5.6834    110.000     5.6736    25.0982     6.6909     9.5620     94.135    291.500    298.817   -0.00064    7.10779   10.15775  309.66204     5.6748   15.93921 4.3438e-02     0.3905     1.0027 0.0000e+00
        806 144.490442    0.05589     3.3536    201.218    112.078  51071.413    31.8458     5.6816    111.000     5.6726    25.0996     6.6893     9.5597     94.109    291.429    298.744   -0.00065    7.10803   10.15807  309.67170     5.6729   15.93966 4.3413e-02     0.3897     1.0476 0.0000e+00
        810 144.490455    0.05621     3.3727    202.359    113.088  51073.012    31.8462     5.6807    112.000     5.6707    25.1001     6.6896     9.5601     94.112    291.443    298.758   -0.00050    7.10814   10.15825  309.67683     5.6719   15.93990 4.3409e-02     0.3758     1.0800 0.0000e+00
        816 144.490471    0.05657     3.3942    203.650    114.098  51078.372    31.8487     5.6770    113.000     5.6669    25.1025     6.6877     9.5574     94.079    291.359    298.673   -0.00057    7.10865   10.15898  309.69816     5.6682   15.94091 4.3402e-02     0.3774     1.0924 0.0000e+00
        820 144.490484    0.05689     3.4137    204.820    115.108  51081.888    31.8502     5.6751    114.000     5.6658    25.1039     6.6847     9.5531     94.032    291.227    298.538   -0.00069    7.10891   10.15933  309.70867     5.6662   15.94140 4.3396e-02     0.3735     1.0923 0.0000e+00
        825 144.490499    0.05725     3.4351    206.103    116.118  51083.524    31.8507     5.6742    115.000     5.6648    25.1044     6.6808     9.5475     93.976    291.057    298.363   -0.00084    7.10903   10.15951  309.71416     5.6652   15.94166 4.3408e-02     0.3858     1.0983 0.0000e+00
        830 144.490512    0.05758     3.4548    207.288    117.128  51085.213    31.8512     5.6735    116.000     5.6643    25.1049     6.6787     9.5445     93.946    290.967    298.271   -0.00080    7.10911   10.15963  309.71757     5.6645   15.94182 4.3379e-02     0.3734     1.1067 0.0000e+00
        835 144.490528    0.05795     3.4766    208.599    118.138  51086.263    31.8514     5.6733    117.000     5.6641    25.1051     6.6740     9.5378     93.879    290.759    298.058   -0.00093    7.10914   10.15968  309.71864     5.6642   15.94188 4.3394e-02     0.3643     1.0967 0.0000e+00
        840 144.490542    0.05828     3.4970    209.817    119.148  51086.866    31.8513     5.6734    118.000     5.6642    25.1051     6.6728     9.5362     93.864    290.713    298.011   -0.00083    7.10913   10.15966  309.71831     5.6641   15.94186 4.3385e-02     0.3764     1.1184 0.0000e+00
        846 144.490557    0.05865     3.5190    211.142    120.158  51087.262    31.8512     5.6737    119.000     5.6642    25.1049     6.6769     9.5420     93.921    290.889    298.191   -0.00031    7.10910   10.15961  309.71696     5.6643   15.94179 4.3346e-02     0.3907     1.1335 0.0000e+00
        851 144.490572    0.05900     3.5401    212.406    121.168  51088.707    31.8515     5.6727    120.000     5.6625    25.1053     6.6803     9.5469     93.967    291.035    298.342   -0.00006    7.10925   10.15983  309.72336     5.6633   15.94210 4.3311e-02     0.3990     1.1262 0.0000e+00
        856 144.490587    0.05936     3.5617    213.703    122.178  51091.444    31.8527     5.6716    121.000     5.6623    25.1064     6.6781     9.5436     93.932    290.935    298.240   -0.00023    7.10938   10.16001  309.72869     5.6620   15.94235 4.3287e-02     0.3998     1.1618 0.0000e+00
        861 144.490602    0.05971     3.5830    214.981    123.188  51091.372    31.8523     5.6722    122.000     5.6625    25.1060     6.6731     9.5365     93.864    290.720    298.019   -0.00060    7.10928   10.15988  309.72473     5.6626   15.94216 4.3301e-02     0.3840     1.1415 0.0000e+00
        866 144.490616    0.06007     3.6042    216.251    124.198  51092.655    31.8526     5.6716    123.000     5.6613    25.1063     6.6755     9.5400     93.897    290.828    298.129   -0.00034    7.10939   10.16003  309.72911     5.6619   15.94237 4.3283e-02     0.3807     1.1651 0.0000e+00
        871 144.490631    0.06043     3.6256    217.537    125.208  51094.981    31.8534     5.6702    124.000     5.6603    25.1072     6.6759     9.5405     93.900    290.843    298.145   -0.00020    7.10957   10.16029  309.73689     5.6605   15.94274 4.3291e-02     0.3834     1.1754 0.0000e+00
        876 144.490646    0.06077     3.6468    218.805    126.218  51096.033    31.8536     5.6701    125.000     5.6603    25.1073     6.6705     9.5328     93.824    290.608    297.905   -0.00063    7.10959   10.16032  309.73768     5.6602   15.94278 4.3266e-02     0.3877     1.1659 0.0000e+00
        881 144.490661    0.06113     3.6680    220.079    127.228  51096.484    31.8534     5.6702    126.000     5.6602    25.1072     6.6700     9.5321     93.817    290.587    297.883   -0.00053    7.10958   10.16030  309.73716     5.6603   15.94275 4.3255e-02     0.3846     1.1626 0.0000e+00
        886 144.490675    0.06149     3.6895    221.371    128.238  51097.568    31.8536     5.6700    127.000     5.6599    25.1074     6.6709     9.5334     93.830    290.627    297.924   -0.00035    7.10961   10.16034  309.73837     5.6600   15.94280 4.3249e-02     0.3844     1.1792 0.0000e+00
        891 144.490690    0.06184     3.7104    222.623    129.248  51098.439    31.8538     5.6699    128.000     5.6598    25.1075     6.6734     9.5370     93.864    290.734    298.033   -0.00013    7.10961   10.16034  309.73846     5.6598   15.94281 4.3229e-02     0.3832     1.2098 0.0000e+00
        897 144.490705    0.06219     3.7316    223.893    130.258  51099.143    31.8537     5.6697    129.000     5.6592    25.1075     6.6730     9.5365     93.859    290.719    298.018   -0.00019    7.10964   10.16039  309.73981     5.6596   15.94288 4.3205e-02     0.3764     1.2526 0.0000e+00
        902 144.490719    0.06255     3.7527    225.162    131.268  51101.003    31.8543     5.6685    130.000     5.6577    25.1081     6.6727     9.5360     93.852    290.705    298.004   -0.00021    7.10982   10.16064  309.74731     5.6583   15.94323 4.3094e-02     0.3651     1.2353 0.0000e+00
        907 144.490734    0.06290     3.7737    226.420    132.279  51103.550    31.8552     5.6670    131.000     5.6562    25.1090     6.6702     9.5324     93.814    290.594    297.891   -0.00039    7.11002   10.16094  309.75605     5.6567   15.94364 4.3018e-02     0.3557     1.2500 0.0000e+00
        912 144.490750    0.06326     3.7960    227.761    133.289  51105.615    31.8560     5.6660    132.000     5.6551    25.1097     6.6687     9.5302     93.791    290.529    297.824   -0.00047    7.11017   10.16115  309.76219     5.6556   15.94393 4.3002e-02     0.3753     1.2469 0.0000e+00
        917 144.490764    0.06362     3.8170    229.023    134.299  51107.663    31.8567     5.6647    133.000     5.6540    25.1104     6.6691     9.5308     93.794    290.545    297.840   -0.00035    7.11034   10.16139  309.76930     5.6543   15.94427 4.3015e-02     0.3777     1.2684 0.0000e+00
        922 144.490779    0.06399     3.8392    230.353    135.309  51108.732    31.8567     5.6641    134.000     5.6530    25.1106     6.6668     9.5274     93.760    290.443    297.736   -0.00046    7.11043   10.16153  309.77358     5.6536   15.94447 4.2995e-02     0.3686     1.2786 0.0000e+00
        928 144.490795    0.06435     3.8610    231.663    136.319  51110.712    31.8569     5.6605    135.000     5.6469    25.1111     6.6662     9.5267     93.745    290.421    297.714   -0.00047    7.11105   10.16240  309.80002     5.6498   15.94573 4.2993e-02     0.3548     1.2983 0.0000e+00
        933 144.490809    0.06470     3.8821    232.926    137.329  51118.427    31.8600     5.6522    136.000     5.6385    25.1146     6.6641     9.5236     93.698    290.327    297.618   -0.00059    7.11229   10.16417  309.85295     5.6415   15.94824 4.3011e-02     0.3695     1.3788 0.0000e+00
        938 144.490825    0.06508     3.9046    234.277    138.339  51126.409    31.8637     5.6456    137.000     5.6330    25.1183     6.6573     9.5140     93.591    290.031    297.315   -0.00102    7.11323   10.16552  309.89284     5.6348   15.95012 4.2965e-02     0.3696     1.4251 0.0000e+00
        943 144.490838    0.06539     3.9234    235.404    139.349  51131.278    31.8655     5.6406    138.000     5.6277    25.1203     6.6522     9.5067     93.509    289.807    297.087   -0.00121    7.11397   10.16657  309.92434     5.6298   15.95162 4.2937e-02     0.3623     1.4626 0.0000e+00
        948 144.490853    0.06574     3.9447    236.681    140.360  51136.726    31.8679     5.6363    139.000     5.6241    25.1227     6.6451     9.4965     93.401    289.498    296.771   -0.00143    7.11459   10.16746  309.95072     5.6254   15.95287 4.2923e-02     0.3563     1.5037 0.0000e+00
        952 144.490866    0.06606     3.9639    237.832    141.370  51140.055    31.8692     5.6334    140.000     5.6214    25.1240     6.6396     9.4885     93.317    289.254    296.522   -0.00154    7.11502   10.16807  309.96908     5.6224   15.95373 4.2903e-02     0.3546     1.5547 0.0000e+00
        958 144.490882    0.06644     3.9861    239.167    142.379  51142.976    31.8702     5.6313    141.000     5.6198    25.1251     6.6401     9.4894     93.321    289.280    296.549   -0.00109    7.11533   10.16852  309.98214     5.6202   15.95435 4.2918e-02     0.3534     1.5870 0.0000e+00
        963 144.490896    0.06678     4.0066    240.393    143.390  51144.111    31.8704     5.6305    142.000     5.6192    25.1253     6.6412     9.4911     93.336    289.330    296.600   -0.00073    7.11544   10.16868  309.98712     5.6194   15.95459 4.2923e-02     0.3628     1.6129 0.0000e+00
        968 144.490911    0.06715     4.0289    241.732    144.400  51145.219    31.8706     5.6301    143.000     5.6189    25.1255     6.6368     9.4847     93.273    289.135    296.400   -0.00087    7.11551   10.16877  309.98981     5.6189   15.95471 4.2912e-02     0.3742     1.6524 0.0000e+00
        974 144.490929    0.06757     4.0540    243.238    145.410  51146.014    31.8707     5.6301    144.000     5.6189    25.1256     6.6346     9.4814     93.240    289.035    296.297   -0.00083    7.11550   10.16876  309.98964     5.6187   15.95471 4.2927e-02     0.3548     1.7497 0.0000e+00
