CTD-processing/allCTD/CNV/2018_06-22_alongbay_skb12_cast116_5028.cnv
* Sea-Bird SBE19plus Data File:
* FileName = C:\Users\Kim.Powell\Desktop\Not Processed\2018\2018_06-XX\2018_06-XX_TRANSECT_STATION_cast116.hex
* Software Version 1.59
* Temperature SN =  5028
* Conductivity SN =  5028
* System UpLoad Time = Jul 05 2018 09:34:29
** 2018_06-22
** Station: KB12
** Start Time: 12:55
** Depth (m): 79.8
** Comment:
** Comment:
# nquan = 27
# nvalues = 76                          
# units = specified
# name 0 = scan: Scan Count
# name 1 = timeJ: Julian Days
# name 2 = timeH: Time, Elapsed [hours]
# name 3 = timeM: Time, Elapsed [minutes]
# name 4 = timeS: Time, Elapsed [seconds]
# name 5 = prdM: Pressure, Strain Gauge [db]
# name 6 = specc: Specific Conductance [uS/cm]
# name 7 = sal00: Salinity, Practical [PSU]
# name 8 = tv290C: Temperature [ITS-90, deg C]
# name 9 = depSM: Depth [salt water, m], lat = 59.00
# name 10 = potemp090C: Potential Temperature [ITS-90, deg C]
# name 11 = sigma-é00: Density [sigma-theta, kg/m^3]
# name 12 = sbeox0ML/L: Oxygen, SBE 43 [ml/l]
# name 13 = sbeox0Mg/L: Oxygen, SBE 43 [mg/l]
# name 14 = sbeox0PS: Oxygen, SBE 43 [% saturation]
# name 15 = sbox0Mm/Kg: Oxygen, SBE 43 [umol/kg]
# name 16 = sbeox0Mm/L: Oxygen, SBE 43 [umol/l]
# name 17 = sbox0dV/dT: Oxygen, SBE 43 [dov/dt]
# name 18 = oxsolML/L: Oxygen Saturation, Garcia & Gordon [ml/l]
# name 19 = oxsolMg/L: Oxygen Saturation, Garcia & Gordon [mg/l]
# name 20 = oxsolMm/Kg: Oxygen Saturation, Garcia & Gordon [umol/kg]
# name 21 = potemp090C: Potential Temperature [ITS-90, deg C]
# name 22 = n2satMg/L: Nitrogen Saturation [mg/l]
# name 23 = par: PAR/Irradiance, Biospherical/Licor
# name 24 = flECO-AFL: Fluorescence, WET Labs ECO-AFL/FL [mg/m^3]
# name 25 = turbWETntu0: Turbidity, WET Labs ECO [NTU]
# name 26 = flag: flag
# span 0 =        181,        677       
# span 1 = 173.538484, 173.539917       
# span 2 =    0.01251,    0.04692       
# span 3 =     0.7507,     2.8149       
# span 4 =     45.045,    168.895       
# span 5 =      1.010,     76.730       
# span 6 =  29645.737,  50691.304       
# span 7 =    17.9882,    31.6151       
# span 8 =     5.7543,    10.8554       
# span 9 =      1.000,     76.000       
# span 10 =     5.7481,    10.8474      
# span 11 =    13.6036,    24.9086      
# span 12 =     6.1244,     6.8206      
# span 13 =     8.7525,     9.7473      
# span 14 =     86.179,    102.536      
# span 15 =    266.870,    299.365      
# span 16 =    273.517,    304.608      
# span 17 =   -0.01882,    0.01124      
# span 18 =    6.54194,    7.10672      
# span 19 =    9.34909,   10.15621      
# span 20 =  286.05275,  309.67246      
# span 21 =     5.7483,    10.8551      
# span 22 =   14.82859,   15.94064      
# span 23 = 5.2350e-02, 4.0274e+02      
# span 24 =     0.2246,     1.3106      
# span 25 =     0.7598,     5.7854      
# span 26 = 0.0000e+00, 0.0000e+00      
# interval = meters: 1                  
# start_time = Jun 22 2018 12:54:40 [Instrument's time stamp, header]
# bad_flag = -9.990e-29
*END*
        181 173.538484    0.01251     0.7507     45.045      1.010  29645.737    17.9882    10.7480      1.000    10.7849    13.6036     6.1679     8.8145     89.163    271.722    275.458    0.00218    6.92504    9.89658  305.13062    10.7479   15.78282 4.0274e+02     0.4256     4.9125 0.0000e+00
        359 173.538999    0.02487     1.4923     89.537      2.019  37130.818    23.0243    10.7596      2.000    10.8474    17.5068     6.8202     9.7467    101.706    299.365    304.590    0.00609    6.70620    9.58383  294.36153    10.7594   15.24645 1.3915e+02     0.9936     5.7854 0.0000e+00
        360 173.539001    0.02492     1.4951     89.706      3.028  42070.741    26.4059    10.8554      3.000    10.7240    20.1170     6.7140     9.5950    102.536    293.938    299.848    0.01124    6.54841    9.35833  286.68820    10.8551   14.86529 5.4306e+01     1.3106     5.6199 0.0000e+00
        364 173.539013    0.02520     1.5121     90.725      4.038  44321.265    27.9228    10.4578      4.000    10.0879    21.3596     6.6792     9.5453    102.107    292.058    298.294    0.00626    6.54194    9.34909  286.05275    10.4574   14.82859 2.6755e+01     1.2853     4.2483 0.0000e+00
        368 173.539025    0.02548     1.5287     91.722      5.047  46288.424    29.2009     9.6505      5.000     9.1770    22.4820     6.6004     9.4326     99.940    288.296    294.776   -0.00914    6.60517    9.43945  288.49941     9.6499   14.94029 1.5734e+01     1.0554     3.2880 0.0000e+00
        372 173.539036    0.02575     1.5454     92.722      6.057  47995.999    30.2727     8.7247      6.000     8.3242    23.4590     6.5710     9.3905     98.133    286.733    293.460   -0.01882    6.69638    9.56980  292.20439     8.7241   15.11292 1.0812e+01     0.8526     2.3438 0.0000e+00
        376 173.539048    0.02603     1.5621     93.723      7.066  49044.381    30.9001     8.0044      7.000     7.7854    24.0548     6.6226     9.4643     97.707    288.819    295.766   -0.01680    6.77812    9.68662  295.59995     8.0038   15.27250 8.1017e+00     0.6908     1.7686 0.0000e+00
        380 173.539060    0.02632     1.5790     94.743      8.076  49494.379    31.1620     7.6721      8.000     7.5861    24.3068     6.6765     9.5415     97.929    291.100    298.177   -0.01121    6.81776    9.74326  297.25579     7.6713   15.35046 6.2942e+00     0.6631     1.5258 0.0000e+00
        384 173.539071    0.02660     1.5959     95.755      9.085  49647.195    31.2454     7.5299      9.000     7.4732    24.3919     6.7453     9.6397     98.670    294.071    301.244   -0.00419    6.83615    9.76953  298.03258     7.5290   15.38719 5.0012e+00     0.6167     1.3361 0.0000e+00
        388 173.539083    0.02688     1.6129     96.775     10.095  49715.131    31.2719     7.4060     10.000     7.3239    24.4295     6.8076     9.7287     99.316    296.775    304.026    0.00094    6.85438    9.79558  298.81646     7.4051   15.42449 4.0187e+00     0.5498     1.2972 0.0000e+00
        392 173.539095    0.02717     1.6300     97.803     11.104  49832.527    31.3247     7.2370     11.000     7.1634    24.4937     6.8206     9.7473     99.157    297.326    304.608 -3.549e-07    6.87864    9.83026  299.85550     7.2360   15.47384 3.2444e+00     0.4522     1.3523 0.0000e+00
        396 173.539107    0.02746     1.6476     98.855     12.113  49952.412    31.3846     7.1016     12.000     7.0631    24.5587     6.7920     9.7064     98.473    296.058    303.328   -0.00408    6.89736    9.85702  300.65259     7.1006   15.51162 2.6267e+00     0.3631     1.3086 0.0000e+00
        401 173.539119    0.02775     1.6651     99.908     13.123  50014.541    31.4160     7.0358     13.000     7.0188    24.5921     6.7655     9.6685     97.960    294.894    302.146   -0.00613    6.90641    9.86995  301.03690     7.0347   15.52982 2.1416e+00     0.3223     1.3043 0.0000e+00
        405 173.539131    0.02805     1.6826    100.958     14.133  50038.494    31.4273     7.0074     14.000     6.9943    24.6047     6.7548     9.6533     97.749    294.427    301.672   -0.00576    6.91042    9.87568  301.20808     7.0062   15.53794 1.7554e+00     0.3091     1.2926 0.0000e+00
        409 173.539144    0.02834     1.7004    102.027     15.142  50048.527    31.4275     6.9721     15.000     6.9467    24.6096     6.7535     9.6514     97.649    294.365    301.610   -0.00475    6.91604    9.88371  301.45177     6.9707   15.54956 1.4505e+00     0.2806     1.1744 0.0000e+00
        413 173.539156    0.02864     1.7185    103.112     16.151  50094.458    31.4498     6.9198     16.000     6.8938    24.6340     6.7555     9.6543     97.576    294.449    301.702   -0.00392    6.92338    9.89421  301.76463     6.9184   15.56439 1.2124e+00     0.2661     1.0713 0.0000e+00
        418 173.539169    0.02895     1.7369    104.214     17.161  50133.653    31.4655     6.8573     17.000     6.8188    24.6544     6.7541     9.6523     97.424    294.381    301.638   -0.00358    6.93269    9.90752  302.16447     6.8559   15.58339 1.0278e+00     0.2659     0.9414 0.0000e+00
        422 173.539182    0.02926     1.7555    105.331     18.171  50185.832    31.4864     6.7737     18.000     6.7395    24.6816     6.7292     9.6167     96.891    293.287    300.526   -0.00545    6.94517    9.92534  302.70021     6.7722   15.60885 8.7856e-01     0.2443     0.7949 0.0000e+00
        427 173.539195    0.02956     1.7740    106.439     19.180  50236.207    31.5092     6.7087     19.000     6.6891    24.7079     6.6926     9.5644     96.233    291.686    298.893   -0.00771    6.95462    9.93883  303.10377     6.7070   15.62801 7.5383e-01     0.2304     0.7598 0.0000e+00
        431 173.539207    0.02987     1.7923    107.540     20.190  50264.020    31.5223     6.6767     20.000     6.6655    24.7223     6.6722     9.5352     95.876    290.791    297.979   -0.00765    6.95917    9.94534  303.29803     6.6750   15.63722 6.4894e-01     0.2425     0.7610 0.0000e+00
        436 173.539221    0.03018     1.8106    108.634     21.199  50278.735    31.5280     6.6548     21.000     6.6407    24.7296     6.6602     9.5181     95.659    290.266    297.444   -0.00666    6.96244    9.95003  303.43882     6.6530   15.64391 5.5762e-01     0.2462     0.7937 0.0000e+00
        440 173.539233    0.03048     1.8285    109.712     22.209  50304.631    31.5412     6.6310     22.000     6.6211    24.7431     6.6419     9.4919     95.351    289.464    296.626   -0.00649    6.96568    9.95465  303.57590     6.6292   15.65038 4.7759e-01     0.2516     0.8237 0.0000e+00
        444 173.539245    0.03077     1.8463    110.779     23.218  50315.835    31.5454     6.6137     23.000     6.5988    24.7485     6.6169     9.4563     94.958    288.375    295.512   -0.00688    6.96830    9.95840  303.68853     6.6117   15.65574 4.0781e-01     0.2389     0.8473 0.0000e+00
        448 173.539257    0.03106     1.8638    111.827     24.229  50314.911    31.5379     6.5791     24.000     6.5495    24.7470     6.5945     9.4242     94.555    287.398    294.510   -0.00727    6.97427    9.96693  303.94901     6.5770   15.66819 3.4839e-01     0.2298     0.8688 0.0000e+00
        452 173.539269    0.03135     1.8812    112.873     25.237  50340.966    31.5449     6.5216     25.000     6.4988    24.7598     6.5796     9.4029     94.219    286.744    293.844   -0.00726    6.98327    9.97979  304.33762     6.5195   15.68668 2.9692e-01     0.2347     0.9241 0.0000e+00
        457 173.539282    0.03165     1.8988    113.927     26.247  50374.394    31.5610     6.4855     26.000     6.4739    24.7770     6.5669     9.3847     93.968    286.186    293.276   -0.00668    6.98839    9.98711  304.55569     6.4834   15.69702 2.5151e-01     0.2451     1.0036 0.0000e+00
        461 173.539293    0.03193     1.9160    114.961     27.257  50386.676    31.5656     6.4671     27.000     6.4579    24.7829     6.5491     9.3593     93.676    285.409    292.482   -0.00649    6.99118    9.99109  304.67506     6.4649   15.70269 2.1299e-01     0.2407     1.0607 0.0000e+00
        465 173.539305    0.03221     1.9329    115.972     28.266  50391.187    31.5657     6.4538     28.000     6.4445    24.7847     6.5286     9.3301     93.355    284.520    291.572   -0.00660    6.99334    9.99418  304.76897     6.4515   15.70716 1.8157e-01     0.2432     1.0891 0.0000e+00
        469 173.539317    0.03250     1.9500    117.003     29.276  50397.077    31.5667     6.4395     29.000     6.4311    24.7873     6.5167     9.3130     93.154    283.995    291.034   -0.00607    6.99563    9.99746  304.86806     6.4371   15.71188 1.5637e-01     0.2509     1.1129 0.0000e+00
        473 173.539330    0.03280     1.9677    118.062     30.285  50405.585    31.5701     6.4284     30.000     6.4227    24.7913     6.5101     9.3036     93.038    283.709    290.742   -0.00506    6.99729    9.99983  304.93913     6.4259   15.71526 1.3548e-01     0.2457     1.1341 0.0000e+00
        477 173.539341    0.03309     1.9854    119.124     31.295  50410.905    31.5723     6.4230     31.000     6.4187    24.7938     6.5025     9.2927     92.918    283.374    290.400   -0.00436    6.99806   10.00093  304.97193     6.4204   15.71681 1.1865e-01     0.2531     1.1011 0.0000e+00
        482 173.539354    0.03338     2.0028    120.167     32.305  50411.383    31.5712     6.4180     32.000     6.4109    24.7935     6.4949     9.2818     92.798    283.044    290.061   -0.00387    6.99892   10.00216  305.00975     6.4154   15.71862 1.0536e-01     0.2579     1.1197 0.0000e+00
        486 173.539366    0.03367     2.0204    121.223     33.314  50416.689    31.5726     6.4084     33.000     6.3991    24.7958     6.4894     9.2740     92.700    282.804    289.816   -0.00343    7.00044   10.00433  305.07509     6.4056   15.72173 9.5046e-02     0.2597     1.1481 0.0000e+00
        490 173.539379    0.03397     2.0383    122.301     34.324  50409.525    31.5635     6.3885     34.000     6.3695    24.7911     6.4872     9.2709     92.620    282.711    289.720   -0.00294    7.00412   10.00959  305.23681     6.3857   15.72947 8.6862e-02     0.2563     1.1413 0.0000e+00
        495 173.539391    0.03428     2.0564    123.384     35.333  50423.216    31.5661     6.3542     35.000     6.3374    24.7973     6.4815     9.2627     92.466    282.460    289.464   -0.00299    7.00960   10.01742  305.47386     6.3513   15.74076 8.0403e-02     0.2475     1.1593 0.0000e+00
        499 173.539403    0.03457     2.0743    124.458     36.342  50445.637    31.5758     6.3263     36.000     6.3169    24.8085     6.4735     9.2512     92.297    282.107    289.106   -0.00318    7.01372   10.02331  305.65006     6.3233   15.74912 7.5311e-02     0.2547     1.1345 0.0000e+00
        503 173.539416    0.03487     2.0924    125.542     37.353  50464.425    31.5869     6.3187     37.000     6.3112    24.8182     6.4662     9.2409     92.184    281.787    288.781   -0.00300    7.01444   10.02434  305.67868     6.3157   15.75044 7.1420e-02     0.2480     1.1231 0.0000e+00
        508 173.539429    0.03519     2.1111    126.668     38.362  50457.201    31.5779     6.2998     38.000     6.2755    24.8134     6.4610     9.2334     92.064    281.562    288.548   -0.00274    7.01797   10.02938  305.83384     6.2966   15.75787 6.8118e-02     0.2373     1.1780 0.0000e+00
        512 173.539442    0.03550     2.1297    127.781     39.372  50472.997    31.5781     6.2455     39.000     6.2172    24.8202     6.4373     9.1995     91.610    280.526    287.489   -0.00439    7.02687   10.04210  306.21956     6.2423   15.77626 6.5491e-02     0.2304     1.2052 0.0000e+00
        517 173.539455    0.03580     2.1480    128.880     40.382  50505.543    31.5908     6.1970     40.000     6.1801    24.8363     6.4064     9.1553     91.074    279.174    286.107   -0.00617    7.03427   10.05268  306.53740     6.1937   15.79136 6.3375e-02     0.2345     1.2566 0.0000e+00
        521 173.539468    0.03612     2.1671    130.025     41.391  50526.200    31.6001     6.1730     41.000     6.1656    24.8465     6.3853     9.1252     90.729    278.255    285.168   -0.00638    7.03779   10.05770  306.68748     6.1696   15.79847 6.1682e-02     0.2533     1.2702 0.0000e+00
        526 173.539481    0.03644     2.1860    131.161     42.401  50532.827    31.6029     6.1666     42.000     6.1623    24.8496     6.3792     9.1166     90.631    277.990    284.898   -0.00512    7.03871   10.05902  306.72677     6.1632   15.80033 6.0256e-02     0.2482     1.2826 0.0000e+00
        530 173.539494    0.03675     2.2046    132.277     43.410  50534.076    31.6030     6.1650     43.000     6.1610    24.8498     6.3773     9.1138     90.600    277.904    284.810   -0.00386    7.03897   10.05939  306.73802     6.1615   15.80086 5.9105e-02     0.2437     1.2775 0.0000e+00
        535 173.539507    0.03705     2.2232    133.391     44.420  50534.635    31.6028     6.1642     44.000     6.1603    24.8497     6.3730     9.1077     90.537    277.718    284.619   -0.00312    7.03911   10.05959  306.74418     6.1606   15.80116 5.8202e-02     0.2480     1.3114 0.0000e+00
        539 173.539520    0.03736     2.2416    134.498     45.429  50534.636    31.6021     6.1632     45.000     6.1588    24.8493     6.3701     9.1034     90.492    277.588    284.486   -0.00256    7.03931   10.05988  306.75294     6.1595   15.80158 5.7524e-02     0.2445     1.3420 0.0000e+00
        543 173.539532    0.03767     2.2599    135.594     46.439  50535.436    31.6019     6.1615     46.000     6.1569    24.8493     6.3681     9.1007     90.461    277.505    284.400   -0.00202    7.03960   10.06030  306.76575     6.1577   15.80220 5.7020e-02     0.2361     1.3374 0.0000e+00
        548 173.539545    0.03796     2.2776    136.658     47.449  50536.760    31.6020     6.1601     47.000     6.1559    24.8497     6.3660     9.0976     90.428    277.410    284.304   -0.00173    7.03983   10.06062  306.77546     6.1562   15.80266 5.6517e-02     0.2442     1.3160 0.0000e+00
        552 173.539557    0.03826     2.2957    137.739     48.459  50536.828    31.6014     6.1594     48.000     6.1549    24.8494     6.3636     9.0943     90.393    277.311    284.202   -0.00146    7.03997   10.06082  306.78162     6.1555   15.80295 5.6107e-02     0.2536     1.3440 0.0000e+00
        556 173.539570    0.03856     2.3138    138.831     49.468  50535.864    31.6000     6.1576     49.000     6.1517    24.8484     6.3586     9.0871     90.317    277.091    283.976   -0.00153    7.04034   10.06135  306.79812     6.1535   15.80374 5.5734e-02     0.2282     1.3699 0.0000e+00
        561 173.539582    0.03886     2.3313    139.879     50.478  50535.435    31.5983     6.1531     50.000     6.1455    24.8476     6.3567     9.0844     90.279    277.008    283.891   -0.00139    7.04115   10.06251  306.83358     6.1490   15.80544 5.5453e-02     0.2246     1.3348 0.0000e+00
        565 173.539594    0.03915     2.3487    140.919     51.488  50537.233    31.5975     6.1449     51.000     6.1367    24.8480     6.3534     9.0796     90.214    276.861    283.741   -0.00140    7.04254   10.06450  306.89428     6.1407   15.80834 5.5208e-02     0.2413     1.3123 0.0000e+00
        569 173.539607    0.03945     2.3669    142.012     52.498  50542.927    31.5996     6.1378     52.000     6.1315    24.8505     6.3466     9.0699     90.104    276.566    283.439   -0.00165    7.04363   10.06604  306.94074     6.1335   15.81054 5.4972e-02     0.2435     1.3586 0.0000e+00
        573 173.539619    0.03974     2.3847    143.082     53.507  50544.023    31.5991     6.1337     53.000     6.1266    24.8506     6.3384     9.0582     89.980    276.210    283.074   -0.00195    7.04431   10.06702  306.97040     6.1294   15.81196 5.4759e-02     0.2460     1.4120 0.0000e+00
