CTD-processing/allCTD/CNV/2018_08-23_t9_s05_cast212_5028.cnv
* Sea-Bird SBE19plus Data File:
* FileName = C:\Users\Kim.Powell\Desktop\Not Processed\2018\2018_08-23_AlongBay, T9_5028\2018_08-23_TRANSECT_STATION_cast212.hex
* Software Version 1.59
* Temperature SN =  5028
* Conductivity SN =  5028
* System UpLoad Time = Aug 31 2018 10:33:41
** 2018_08-23
** Station: 9-05
** Start Time: 15:03
** Depth (m): 100
** Comment:
** Comment:
# nquan = 27
# nvalues = 95                          
# units = specified
# name 0 = scan: Scan Count
# name 1 = timeJ: Julian Days
# name 2 = timeH: Time, Elapsed [hours]
# name 3 = timeM: Time, Elapsed [minutes]
# name 4 = timeS: Time, Elapsed [seconds]
# name 5 = prdM: Pressure, Strain Gauge [db]
# name 6 = specc: Specific Conductance [uS/cm]
# name 7 = sal00: Salinity, Practical [PSU]
# name 8 = tv290C: Temperature [ITS-90, deg C]
# name 9 = depSM: Depth [salt water, m], lat = 59.00
# name 10 = potemp090C: Potential Temperature [ITS-90, deg C]
# name 11 = sigma-é00: Density [sigma-theta, kg/m^3]
# name 12 = sbeox0ML/L: Oxygen, SBE 43 [ml/l]
# name 13 = sbeox0Mg/L: Oxygen, SBE 43 [mg/l]
# name 14 = sbeox0PS: Oxygen, SBE 43 [% saturation]
# name 15 = sbox0Mm/Kg: Oxygen, SBE 43 [umol/kg]
# name 16 = sbeox0Mm/L: Oxygen, SBE 43 [umol/l]
# name 17 = sbox0dV/dT: Oxygen, SBE 43 [dov/dt]
# name 18 = oxsolML/L: Oxygen Saturation, Garcia & Gordon [ml/l]
# name 19 = oxsolMg/L: Oxygen Saturation, Garcia & Gordon [mg/l]
# name 20 = oxsolMm/Kg: Oxygen Saturation, Garcia & Gordon [umol/kg]
# name 21 = potemp090C: Potential Temperature [ITS-90, deg C]
# name 22 = n2satMg/L: Nitrogen Saturation [mg/l]
# name 23 = par: PAR/Irradiance, Biospherical/Licor
# name 24 = flECO-AFL: Fluorescence, WET Labs ECO-AFL/FL [mg/m^3]
# name 25 = turbWETntu0: Turbidity, WET Labs ECO [NTU]
# name 26 = flag: flag
# span 0 =        269,        688       
# span 1 = 235.627662, 235.628875       
# span 2 =    0.01861,    0.04771       
# span 3 =     1.1169,     2.8626       
# span 4 =     67.016,    171.755       
# span 5 =      1.010,     95.920       
# span 6 =  46651.685,  49517.441       
# span 7 =    29.6309,    31.3677       
# span 8 =     9.1863,    11.1700       
# span 9 =      1.000,     95.000       
# span 10 =     9.1773,    11.1677      
# span 11 =    22.5692,    24.2481      
# span 12 =     5.4118,     6.2546      
# span 13 =     7.7341,     8.9384      
# span 14 =     82.240,     98.161      
# span 15 =    235.972,    273.164      
# span 16 =    241.693,    279.329      
# span 17 =   -0.00953,    0.02921      
# span 18 =    6.36509,    6.58044      
# span 19 =    9.09635,    9.40410      
# span 20 =  277.89401,  286.92511      
# span 21 =     9.1762,    11.1698      
# span 22 =   14.42824,   14.85624      
# span 23 = 5.6144e-02, 1.0341e+02      
# span 24 =     0.2736,     4.1939      
# span 25 =     0.2499,     2.9657      
# span 26 = 0.0000e+00, 0.0000e+00      
# interval = meters: 1                  
# start_time = Aug 23 2018 15:02:43 [Instrument's time stamp, header]
# bad_flag = -9.990e-29
*END*
        269 235.627662    0.01861     1.1169     67.016      1.010  46651.685    29.6309    11.1700      1.000    11.1677    22.5692     6.2546     8.9384     98.161    273.164    279.329    0.02921    6.37172    9.10582  278.28044    11.1698   14.44966 1.0341e+02     4.1939     1.5205 0.0000e+00
        274 235.627677    0.01897     1.1380     68.279      2.019  46931.704    29.8256    11.1497      2.000    11.1263    22.7239     6.2414     8.9195     98.032    272.545    278.738    0.01763    6.36663    9.09855  278.01595    11.1495   14.43621 6.0995e+01     3.9564     1.4277 0.0000e+00
        279 235.627690    0.01928     1.1564     69.385      3.028  47290.258    30.0714    11.0885      3.000    11.0499    22.9255     6.2286     8.9012     97.855    271.932    278.166    0.01048    6.36509    9.09635  277.89401    11.0881   14.42938 3.9041e+01     3.4290     1.3772 0.0000e+00
        283 235.627702    0.01957     1.1747     70.481      4.039  47620.412    30.2954    11.0099      4.000    10.9850    23.1131     6.1929     8.8503     97.269    270.329    276.577    0.00334    6.36680    9.09878  277.91758    11.0095   14.42961 2.7764e+01     2.8168     0.9507 0.0000e+00
        287 235.627714    0.01986     1.1918     71.510      5.047  47814.577    30.4270    10.9647      5.000    10.9446    23.2232     6.1595     8.8024     96.730    268.838    275.080   -0.00142    6.36767    9.10004  277.92590    10.9641   14.42947 2.1454e+01     2.7395     0.7563 0.0000e+00
        291 235.627726    0.02014     1.2086     72.513      6.057  47975.695    30.5362    10.9262      6.000    10.9033    23.3146     6.1534     8.7939     96.623    268.552    274.813   -0.00195    6.36854    9.10128  277.93887    10.9255   14.42965 1.6792e+01     2.5329     0.6282 0.0000e+00
        295 235.627738    0.02043     1.2257     73.544      7.066  48107.182    30.6234    10.8799      7.000    10.8596    23.3905     6.1525     8.7925     96.565    268.491    274.771   -0.00164    6.37137    9.10532  278.04167    10.8791   14.43423 1.3372e+01     2.1664     0.5562 0.0000e+00
        299 235.627750    0.02071     1.2427     74.565      8.076  48213.557    30.6941    10.8441      8.000    10.8300    23.4516     6.1350     8.7675     96.259    267.710    273.988   -0.00306    6.37343    9.10827  278.11505    10.8431   14.43746 1.0890e+01     1.8894     0.5251 0.0000e+00
        303 235.627761    0.02099     1.2593     75.557      9.085  48310.147    30.7594    10.8211      9.000    10.8145    23.5063     6.1141     8.7376     95.923    266.783    273.054   -0.00443    6.37394    9.10900  278.12260    10.8200   14.43756 8.9541e+00     1.7276     0.4651 0.0000e+00
        307 235.627773    0.02127     1.2761     76.567     10.094  48374.059    30.8033    10.8139     10.000    10.8127    23.5417     6.0999     8.7174     95.713    266.156    272.421   -0.00458    6.37315    9.10786  278.07833    10.8128   14.43526 7.4282e+00     1.6111     0.4014 0.0000e+00
        311 235.627785    0.02156     1.2932     77.595     11.104  48401.960    30.8226    10.8140     11.000    10.8127    23.5567     6.0938     8.7086     95.629    265.885    272.149   -0.00381    6.37235    9.10673  278.03940    10.8127   14.43332 6.2037e+00     1.5565     0.3596 0.0000e+00
        315 235.627796    0.02184     1.3104     78.624     12.114  48423.426    30.8374    10.8145     12.000    10.8137    23.5682     6.0907     8.7042     95.590    265.748    272.010   -0.00293    6.37168    9.10577  278.00712    10.8131   14.43172 5.2288e+00     1.5347     0.3449 0.0000e+00
        320 235.627809    0.02212     1.3274     79.646     13.123  48451.472    30.8569    10.8156     13.000    10.8139    23.5832     6.0863     8.6979     95.535    265.552    271.814   -0.00243    6.37073    9.10442  277.96160    10.8142   14.42946 4.4349e+00     1.5477     0.3513 0.0000e+00
        324 235.627820    0.02240     1.3438     80.626     14.133  48476.198    30.8738    10.8141     14.000    10.8101    23.5966     6.0866     8.6983     95.547    265.561    271.827   -0.00181    6.37027    9.10374  277.93760    10.8125   14.42824 3.7648e+00     1.5718     0.3281 0.0000e+00
        328 235.627833    0.02270     1.3618     81.709     15.142  48499.773    30.8894    10.8082     15.000    10.8018    23.6097     6.0957     8.7114     95.688    265.956    272.235   -0.00043    6.37044    9.10400  277.94177    10.8065   14.42838 3.1929e+00     1.5491     0.2995 0.0000e+00
        332 235.627844    0.02299     1.3793     82.761     16.152  48515.021    30.8981    10.7938     16.000    10.7784    23.6190     6.1025     8.7211     95.769    266.247    272.536    0.00017    6.37207    9.10632  278.01023    10.7919   14.43162 2.7266e+00     1.4975     0.2998 0.0000e+00
        336 235.627857    0.02328     1.3968     83.809     17.162  48534.380    30.9075    10.7600     17.000    10.7398    23.6321     6.1105     8.7325     95.830    266.593    272.893    0.00048    6.37635    9.11244  278.19324    10.7580   14.44034 2.3427e+00     1.3204     0.3042 0.0000e+00
        340 235.627868    0.02357     1.4141     84.846     18.171  48559.723    30.9212    10.7267     18.000    10.7160    23.6484     6.1013     8.7193     95.626    266.187    272.483   -0.00088    6.38038    9.11820  278.36480    10.7246   14.44851 2.0341e+00     1.0652     0.2809 0.0000e+00
        345 235.627881    0.02386     1.4316     85.895     19.180  48571.974    30.9279    10.7127     19.000    10.7083    23.6560     6.0806     8.6898     95.277    265.284    271.560   -0.00286    6.38203    9.12055  278.43466    10.7106   14.45182 1.7769e+00     0.8958     0.2909 0.0000e+00
        349 235.627893    0.02415     1.4491     86.946     20.190  48574.927    30.9291    10.7090     20.000    10.7051    23.6576     6.0562     8.6548     94.887    264.217    270.467   -0.00455    6.38249    9.12122  278.45455    10.7067   14.45277 1.5594e+00     0.8387     0.2919 0.0000e+00
        353 235.627905    0.02444     1.4665     87.989     21.199  48574.465    30.9278    10.7046     21.000    10.6977    23.6574     6.0464     8.6409     94.724    263.790    270.031   -0.00440    6.38315    9.12216  278.48319    10.7022   14.45415 1.3631e+00     0.8281     0.2711 0.0000e+00
        357 235.627917    0.02473     1.4839     89.036     22.209  48577.236    30.9280    10.6930     22.000    10.6833    23.6596     6.0446     8.6383     94.672    263.711    269.950   -0.00338    6.38474    9.12443  278.55207    10.6905   14.45744 1.1962e+00     0.8137     0.2682 0.0000e+00
        362 235.627930    0.02504     1.5022     90.134     23.219  48586.370    30.9322    10.6768     23.000    10.6673    23.6656     6.0326     8.6212     94.453    263.186    269.415   -0.00360    6.38681    9.12740  278.64104    10.6741   14.46169 1.0445e+00     0.7601     0.2603 0.0000e+00
        366 235.627942    0.02533     1.5196     91.177     24.228  48596.358    30.9374    10.6643     24.000    10.6555    23.6718     6.0127     8.5928     94.120    262.319    268.528   -0.00460    6.38833    9.12957  278.70549    10.6615   14.46475 9.1961e-01     0.7374     0.2504 0.0000e+00
        370 235.627954    0.02563     1.5380     92.282     25.237  48602.567    30.9395    10.6482     25.000    10.6333    23.6762     5.9934     8.5652     93.787    261.473    267.664   -0.00526    6.39046    9.13262  278.79724    10.6454   14.46913 8.0949e-01     0.7245     0.2535 0.0000e+00
        374 235.627966    0.02590     1.5542     93.249     26.247  48615.998    30.9456    10.6232     26.000    10.6062    23.6852     5.9808     8.5471     93.542    260.922    267.102   -0.00538    6.39368    9.13721  278.93513    10.6202   14.47571 7.1577e-01     0.7300     0.2828 0.0000e+00
        378 235.627979    0.02621     1.5727     94.360     27.256  48636.014    30.9559    10.5941     27.000    10.5812    23.6981     5.9708     8.5329     93.334    260.484    266.657   -0.00501    6.39730    9.14237  279.08933    10.5909   14.48305 6.3129e-01     0.7318     0.3049 0.0000e+00
        382 235.627990    0.02649     1.5893     95.361     28.267  48649.558    30.9630    10.5765     28.000    10.5670    23.7066     5.9679     8.5287     93.257    260.354    266.527   -0.00417    6.39945    9.14545  279.18082    10.5733   14.48740 5.5465e-01     0.7408     0.2997 0.0000e+00
        387 235.628004    0.02681     1.6086     96.517     29.276  48661.189    30.9695    10.5654     29.000    10.5601    23.7136     5.9723     8.5351     93.308    260.547    266.726   -0.00252    6.40072    9.14727  279.23462    10.5620   14.48995 4.8909e-01     0.7447     0.2992 0.0000e+00
        391 235.628016    0.02711     1.6266     97.594     30.286  48664.867    30.9713    10.5625     30.000    10.5584    23.7155     5.9715     8.5340     93.290    260.512    266.690   -0.00186    6.40105    9.14773  279.24808    10.5591   14.49059 4.3066e-01     0.7532     0.2669 0.0000e+00
        395 235.628028    0.02739     1.6435     98.610     31.295  48666.324    30.9718    10.5612     31.000    10.5566    23.7161     5.9709     8.5329     93.277    260.480    266.658   -0.00147    6.40121    9.14797  279.25506    10.5576   14.49092 3.8199e-01     0.7487     0.2516 0.0000e+00
        400 235.628040    0.02769     1.6614     99.686     32.305  48667.002    30.9716    10.5584     32.000    10.5520    23.7164     5.9709     8.5330     93.273    260.483    266.661   -0.00108    6.40159    9.14851  279.27170    10.5548   14.49172 3.3940e-01     0.7420     0.2527 0.0000e+00
        404 235.628053    0.02800     1.6796    100.778     33.314  48668.211    30.9710    10.5502     33.000    10.5404    23.7174     5.9647     8.5241     93.157    260.210    266.382   -0.00143    6.40276    9.15019  279.32268    10.5464   14.49416 3.0261e-01     0.7423     0.2605 0.0000e+00
        409 235.628066    0.02830     1.6981    101.887     34.324  48670.900    30.9706    10.5339     34.000    10.5174    23.7198     5.9580     8.5145     93.021    259.919    266.084   -0.00194    6.40504    9.15344  279.42113    10.5301   14.49888 2.7023e-01     0.7260     0.2499 0.0000e+00
        413 235.628079    0.02861     1.7166    102.994     35.334  48685.966    30.9771    10.5022     35.000    10.4817    23.7302     5.9539     8.5087     92.896    259.738    265.902   -0.00210    6.40920    9.15938  279.59967    10.4981   14.50740 2.4152e-01     0.7041     0.2572 0.0000e+00
        417 235.628091    0.02892     1.7349    104.092     36.343  48706.546    30.9869    10.4657     36.000    10.4434    23.7439     5.9438     8.4943     92.672    259.294    265.451   -0.00286    6.41386    9.16605  279.79955    10.4616   14.51693 2.1664e-01     0.6922     0.2695 0.0000e+00
        422 235.628104    0.02922     1.7532    105.192     37.353  48729.190    30.9977    10.4260     37.000    10.4069    23.7590     5.9338     8.4800     92.442    258.853    265.003   -0.00347    6.41895    9.17332  280.01743    10.4218   14.52731 1.9483e-01     0.6923     0.2606 0.0000e+00
        426 235.628117    0.02952     1.7713    106.279     38.362  48745.876    31.0057    10.3983     38.000    10.3840    23.7699     5.9294     8.4737     92.322    258.659    264.807   -0.00324    6.42249    9.17837  280.16874    10.3940   14.53452 1.7629e-01     0.7100     0.2636 0.0000e+00
        430 235.628129    0.02981     1.7887    107.323     39.372  48756.470    31.0103    10.3783     39.000    10.3645    23.7769     5.9309     8.4759     92.309    258.723    264.875   -0.00245    6.42510    9.18211  280.28069    10.3739   14.53986 1.5977e-01     0.7235     0.2743 0.0000e+00
        435 235.628141    0.03012     1.8070    108.419     40.381  48765.663    31.0138    10.3558     40.000    10.3380    23.7833     5.9340     8.4803     92.314    258.857    265.013   -0.00168    6.42809    9.18639  280.40961    10.3513   14.54601 1.4573e-01     0.7134     0.2832 0.0000e+00
        439 235.628154    0.03042     1.8253    109.516     41.391  48778.622    31.0186    10.3237     41.000    10.3006    23.7924     5.9322     8.4776     92.223    258.773    264.929   -0.00172    6.43239    9.19253  280.59471    10.3191   14.55485 1.3335e-01     0.7173     0.3333 0.0000e+00
        443 235.628167    0.03072     1.8433    110.597     42.401  48800.746    31.0288    10.2829     42.000    10.2598    23.8071     5.9222     8.4634     91.993    258.337    264.487   -0.00259    6.43769    9.20010  280.82148    10.2782   14.56566 1.2280e-01     0.7446     0.4717 0.0000e+00
        448 235.628180    0.03104     1.8623    111.735     43.410  48826.820    31.0421    10.2448     43.000    10.2283    23.8238     5.9038     8.4371     91.638    257.527    263.662   -0.00394    6.44248    9.20695  281.02612    10.2400   14.57540 1.1359e-01     0.6926     0.4093 0.0000e+00
        452 235.628193    0.03135     1.8807    112.845     44.420  48843.485    31.0509    10.2240     44.000    10.2129    23.8342     5.8872     8.4133     91.344    256.800    262.920   -0.00464    6.44504    9.21060  281.13488    10.2190   14.58057 1.0573e-01     0.6468     0.3425 0.0000e+00
        457 235.628205    0.03166     1.8993    113.958     45.429  48849.484    31.0527    10.2077     45.000    10.1903    23.8383     5.8841     8.4090     91.266    256.668    262.786   -0.00375    6.44726    9.21377  281.23050    10.2027   14.58515 9.8972e-02     0.6334     0.3206 0.0000e+00
        461 235.628218    0.03195     1.9169    115.012     46.440  48867.223    31.0611    10.1782     46.000    10.1524    23.8497     5.8831     8.4075     91.196    256.619    262.739   -0.00302    6.45106    9.21920  281.39297    10.1731   14.59288 9.3350e-02     0.6469     0.3166 0.0000e+00
        465 235.628230    0.03225     1.9353    116.116     47.449  48894.481    31.0734    10.1254     47.000    10.0918    23.8680     5.8698     8.3886     90.893    256.036    262.147   -0.00382    6.45800    9.22913  281.69099    10.1201   14.60710 8.8428e-02     0.6081     0.3310 0.0000e+00
        470 235.628244    0.03257     1.9541    117.245     48.458  48925.674    31.0868    10.0593     48.000    10.0224    23.8892     5.8460     8.3546     90.401    254.993    261.085   -0.00563    6.46678    9.24167  282.06773    10.0540   14.62506 8.4201e-02     0.5633     0.3522 0.0000e+00
        475 235.628257    0.03290     1.9737    118.420     49.469  48963.353    31.1038     9.9873     49.000     9.9553    23.9144     5.8240     8.3231     89.928    254.023    260.098   -0.00667    6.47626    9.25523  282.47463     9.9819   14.64446 8.0487e-02     0.5313     0.3810 0.0000e+00
        479 235.628270    0.03320     1.9919    119.512     50.479  49000.825    31.1233     9.9359     50.000     9.9161    23.9378     5.8028     8.2927     89.511    253.092    259.151   -0.00717    6.48274    9.26449  282.75096     9.9304   14.65761 7.7288e-02     0.5102     0.4055 0.0000e+00
        484 235.628283    0.03352     2.0112    120.669     51.488  49024.567    31.1364     9.9102     51.000     9.8984    23.9522     5.7854     8.2679     89.201    252.333    258.377   -0.00681    6.48586    9.26894  282.88265     9.9046   14.66385 7.4420e-02     0.4936     0.4134 0.0000e+00
        488 235.628296    0.03383     2.0296    121.775     52.498  49034.269    31.1407     9.8936     52.000     9.8784    23.9582     5.7787     8.2583     89.067    252.037    258.076   -0.00555    6.48802    9.27204  282.97576     9.8879   14.66829 7.1991e-02     0.4830     0.4531 0.0000e+00
        493 235.628309    0.03415     2.0487    122.924     53.507  49050.634    31.1494     9.8745     53.000     9.8653    23.9681     5.7742     8.2520     88.966    251.841    257.877   -0.00435    6.49039    9.27541  283.07589     9.8687   14.67304 6.9789e-02     0.4707     0.4849 0.0000e+00
