CTD-processing/allCTD/CNV/2018_11-08_alongbay_skb08_cast006_4141.cnv
* Sea-Bird SBE19plus Data File:
* FileName = C:\Users\Kim.Powell\Desktop\Not Processed\2018\2018_11-08_AlongBay, T9_4141\2018_11-08_TRANSECT_STATION_cast006.hex
* Software Version 1.59
* Temperature SN =  4141
* Conductivity SN =  4141
* System UpLoad Time = Nov 13 2018 09:09:46
** 2018_11-08
** Station: KB08
** Start Time: 11:57
** Depth (m): 82
** Comment:
** Comment:
# nquan = 27
# nvalues = 80                          
# units = specified
# name 0 = scan: Scan Count
# name 1 = timeJ: Julian Days
# name 2 = timeH: Time, Elapsed [hours]
# name 3 = timeM: Time, Elapsed [minutes]
# name 4 = timeS: Time, Elapsed [seconds]
# name 5 = prdM: Pressure, Strain Gauge [db]
# name 6 = specc: Specific Conductance [uS/cm]
# name 7 = sal00: Salinity, Practical [PSU]
# name 8 = tv290C: Temperature [ITS-90, deg C]
# name 9 = depSM: Depth [salt water, m], lat = 59.00
# name 10 = potemp090C: Potential Temperature [ITS-90, deg C]
# name 11 = sigma-é00: Density [sigma-theta, kg/m^3]
# name 12 = sbeox0ML/L: Oxygen, SBE 43 [ml/l]
# name 13 = sbeox0Mg/L: Oxygen, SBE 43 [mg/l]
# name 14 = sbeox0PS: Oxygen, SBE 43 [% saturation]
# name 15 = sbox0Mm/Kg: Oxygen, SBE 43 [umol/kg]
# name 16 = sbeox0Mm/L: Oxygen, SBE 43 [umol/l]
# name 17 = sbox0dV/dT: Oxygen, SBE 43 [dov/dt]
# name 18 = oxsolML/L: Oxygen Saturation, Garcia & Gordon [ml/l]
# name 19 = oxsolMg/L: Oxygen Saturation, Garcia & Gordon [mg/l]
# name 20 = oxsolMm/Kg: Oxygen Saturation, Garcia & Gordon [umol/kg]
# name 21 = n2satMg/L: Nitrogen Saturation [mg/l]
# name 22 = par: PAR/Irradiance, Biospherical/Licor
# name 23 = wetStar: Fluorescence, WET Labs WETstar [mg/m^3]
# name 24 = CStarAt0: Beam Attenuation, WET Labs C-Star [1/m]
# name 25 = CStarTr0: Beam Transmission, WET Labs C-Star [%]
# name 26 = flag: flag
# span 0 =        268,        654       
# span 1 = 312.496836, 312.497953       
# span 2 =    0.01851,    0.04532       
# span 3 =     1.1109,     2.7190       
# span 4 =     66.652,    163.137       
# span 5 =      1.020,     80.762       
# span 6 =  48221.259,  48642.077       
# span 7 =    30.3329,    30.6711       
# span 8 =     8.0198,     8.5551       
# span 9 =      1.000,     80.000       
# span 10 =     8.0214,     8.5477      
# span 11 =    23.6070,    23.7977      
# span 12 =     5.6345,     6.0319      
# span 13 =     8.0522,     8.6203      
# span 14 =     84.038,     88.699      
# span 15 =    245.787,    263.175      
# span 16 =    251.636,    269.388      
# span 17 =   -0.00254,    0.04597      
# span 18 =    6.70403,    6.80051      
# span 19 =    9.58073,    9.71860      
# span 20 =  292.44246,  296.70561      
# span 21 =   15.12269,   15.32761      
# span 22 = 3.7548e-02, 6.3832e+01      
# span 23 =     0.2906,     0.4587      
# span 24 =     0.6246,     1.4042      
# span 25 =    70.3945,    85.5437      
# span 26 = 0.0000e+00, 0.0000e+00      
# interval = meters: 1                  
# start_time = Nov 08 2018 11:54:20 [Instrument's time stamp, header]
# bad_flag = -9.990e-29
*END*
[from data line 54]
        527 312.497587    0.03653     2.1914    131.485     55.526  48577.358    30.6262     8.4832     55.000     8.4796    23.7728     5.7053     8.1534     84.940    248.881    254.798   -0.00067    6.71684    9.59904  293.00842   15.14991 3.8031e-02     0.3125     0.9750    78.3691 0.0000e+00
        532 312.497602    0.03690     2.2144    132.862     56.539  48575.344    30.6247     8.4852     56.000     8.4806    23.7713     5.6983     8.1434     84.839    248.577    254.485   -0.00100    6.71659    9.59868  292.99801   15.14942 3.7893e-02     0.3201     0.9898    78.0796 0.0000e+00
        537 312.497617    0.03723     2.2341    134.047     57.546  48577.669    30.6264     8.4880     57.000     8.4831    23.7721     5.6938     8.1370     84.778    248.382    254.287   -0.00120    6.71611    9.59799  292.97671   15.14839 3.7877e-02     0.3539     1.0186    77.5201 0.0000e+00
        542 312.497630    0.03756     2.2536    135.216     58.554  48586.158    30.6323     8.4914     58.000     8.4882    23.7763     5.6918     8.1341     84.758    248.292    254.195   -0.00099    6.71532    9.59687  292.94130   15.14668 3.7796e-02     0.3156     1.0255    77.3844 0.0000e+00
        547 312.497645    0.03793     2.2759    136.554     59.566  48588.666    30.6344     8.4971     59.000     8.4929    23.7772     5.6944     8.1379     84.809    248.406    254.312   -0.00044    6.71437    9.59551  292.89944   15.14467 3.7668e-02     0.3128     1.0294    77.3083 0.0000e+00
        553 312.497661    0.03830     2.2981    137.886     60.578  48582.616    30.6301     8.4992     60.000     8.4918    23.7735     5.6912     8.1333     84.763    248.267    254.169   -0.00058    6.71423    9.59531  292.89454   15.14445 3.7675e-02     0.3050     1.0389    77.1272 0.0000e+00
        557 312.497674    0.03863     2.3176    139.056     61.581  48601.429    30.6430     8.5002     61.000     8.4999    23.7834     5.6862     8.1261     84.697    248.046    253.945   -0.00090    6.71352    9.59429  292.86063   15.14278 3.7698e-02     0.3051     1.0503    76.9071 0.0000e+00
        563 312.497690    0.03901     2.3403    140.420     62.595  48603.922    30.6463     8.5146     62.000     8.5105    23.7840     5.6912     8.1332     84.801    248.263    254.168   -0.00005    6.71121    9.59099  292.75967   15.13794 3.7568e-02     0.3003     1.0581    76.7570 0.0000e+00
        568 312.497706    0.03938     2.3628    141.768     63.604  48603.475    30.6461     8.5180     63.000     8.5127    23.7833     5.6824     8.1207     84.677    247.881    253.776   -0.00076    6.71071    9.59028  292.73815   15.13692 3.7592e-02     0.3140     1.0648    76.6293 0.0000e+00
        573 312.497721    0.03975     2.3854    143.125     64.616  48606.645    30.6483     8.5209     64.000     8.5152    23.7846     5.6722     8.1062     84.532    247.436    253.321   -0.00149    6.71017    9.58950  292.71388   15.13575 3.7575e-02     0.3003     1.0556    76.8046 0.0000e+00
        579 312.497736    0.04011     2.4064    144.384     65.625  48605.898    30.6475     8.5218     65.000     8.5155    23.7839     5.6727     8.1068     84.540    247.456    253.342   -0.00099    6.71009    9.58938  292.71049   15.13559 3.7583e-02     0.3057     1.0552    76.8136 0.0000e+00
        583 312.497750    0.04045     2.4268    145.607     66.634  48610.030    30.6501     8.5229     66.000     8.5172    23.7857     5.6680     8.1002     84.473    247.253    253.134   -0.00119    6.70981    9.58898  292.69782   15.13497 3.7548e-02     0.3106     1.0612    76.6971 0.0000e+00
        588 312.497763    0.04076     2.4460    146.758     67.644  48615.154    30.6535     8.5249     67.000     8.5199    23.7882     5.6697     8.1025     84.505    247.325    253.208   -0.00067    6.70932    9.58830  292.67635   15.13394 3.7566e-02     0.3001     1.0621    76.6812 0.0000e+00
        593 312.497777    0.04109     2.4652    147.914     68.650  48616.563    30.6546     8.5285     68.000     8.5225    23.7886     5.6689     8.1015     84.501    247.293    253.175   -0.00060    6.70875    9.58747  292.65105   15.13272 3.7686e-02     0.3044     1.0760    76.4150 0.0000e+00
        598 312.497792    0.04145     2.4872    149.231     69.663  48621.438    30.6579     8.5309     69.000     8.5257    23.7908     5.6646     8.0953     84.443    247.104    252.983   -0.00071    6.70825    9.58676  292.62850   15.13163 3.7584e-02     0.3029     1.0596    76.7288 0.0000e+00
        603 312.497807    0.04182     2.5088    150.526     70.675  48625.565    30.6610     8.5350     70.000     8.5296    23.7926     5.6616     8.0909     84.407    246.970    252.847   -0.00083    6.70750    9.58568  292.59514   15.13003 3.7617e-02     0.2977     1.0689    76.5499 0.0000e+00
        608 312.497820    0.04212     2.5276    151.658     71.682  48629.387    30.6637     8.5387     71.000     8.5331    23.7942     5.6603     8.0892     84.397    246.915    252.791   -0.00065    6.70681    9.58470  292.56497   15.12857 3.7682e-02     0.2920     1.1151    75.6708 0.0000e+00
        612 312.497834    0.04245     2.5470    152.822     72.689  48633.368    30.6666     8.5426     72.000     8.5368    23.7960     5.6570     8.0845     84.356    246.771    252.643   -0.00082    6.70611    9.58370  292.53356   15.12706 3.7608e-02     0.3086     1.1414    75.1739 0.0000e+00
        618 312.497849    0.04284     2.5701    154.205     73.701  48633.160    30.6665     8.5455     73.000     8.5391    23.7954     5.6568     8.0842     84.359    246.762    252.634   -0.00051    6.70567    9.58307  292.51463   15.12616 3.7640e-02     0.3231     1.1525    74.9662 0.0000e+00
        624 312.497866    0.04323     2.5938    155.628     74.713  48634.736    30.6675     8.5477     74.000     8.5408    23.7959     5.6487     8.0726     84.243    246.409    252.273   -0.00113    6.70529    9.58254  292.49817   15.12537 3.7621e-02     0.3054     1.1582    74.8597 0.0000e+00
        629 312.497881    0.04359     2.6155    156.930     75.722  48637.349    30.6690     8.5490     75.000     8.5425    23.7970     5.6487     8.0725     84.245    246.404    252.268   -0.00078    6.70503    9.58216  292.48633   15.12480 3.7645e-02     0.3021     1.1972    74.1340 0.0000e+00
        634 312.497896    0.04394     2.6364    158.182     76.731  48637.260    30.6688     8.5509     76.000     8.5435    23.7965     5.6492     8.0732     84.256    246.428    252.292   -0.00054    6.70476    9.58177  292.47474   15.12424 3.7616e-02     0.3000     1.2317    73.4974 0.0000e+00
        639 312.497911    0.04430     2.6579    159.476     77.740  48637.687    30.6687     8.5513     77.000     8.5437    23.7964     5.6443     8.0663     84.185    246.216    252.075   -0.00078    6.70470    9.58169  292.47208   15.12412 3.7708e-02     0.2930     1.2505    73.1523 0.0000e+00
        644 312.497926    0.04466     2.6799    160.793     78.753  48638.609    30.6689     8.5513     78.000     8.5438    23.7966     5.6345     8.0522     84.038    245.787    251.636   -0.00151    6.70469    9.58167  292.47150   15.12409 3.7676e-02     0.3009     1.2539    73.0896 0.0000e+00
        649 312.497940    0.04499     2.6996    161.977     79.762  48640.881    30.6703     8.5529     79.000     8.5461    23.7975     5.6352     8.0532     84.051    245.815    251.665   -0.00104    6.70439    9.58124  292.45832   15.12345 3.7780e-02     0.2934     1.3210    71.8777 0.0000e+00
        654 312.497953    0.04532     2.7190    163.137     80.762  48642.077    30.6711     8.5551     80.000     8.5477    23.7977     5.6355     8.0537     84.061    245.831    251.681   -0.00081    6.70403    9.58073  292.44246   15.12269 3.8778e-02     0.2906     1.4042    70.3945 0.0000e+00
