CTD-processing/allCTD/CNV/2018_06-25_t3_s16_cast128_5028.cnv
* Sea-Bird SBE19plus Data File:
* FileName = C:\Users\Kim.Powell\Desktop\Not Processed\2018\2018_06-XX\2018_06-XX_TRANSECT_STATION_cast128.hex
* Software Version 1.59
* Temperature SN =  5028
* Conductivity SN =  5028
* System UpLoad Time = Jul 05 2018 09:47:00
** 2018_06-25
** Station: 3-16
** Start Time: 10:41
** Depth (m): 11.5
** Comment:
** Comment:
# nquan = 27
# nvalues = 11                          
# units = specified
# name 0 = scan: Scan Count
# name 1 = timeJ: Julian Days
# name 2 = timeH: Time, Elapsed [hours]
# name 3 = timeM: Time, Elapsed [minutes]
# name 4 = timeS: Time, Elapsed [seconds]
# name 5 = prdM: Pressure, Strain Gauge [db]
# name 6 = specc: Specific Conductance [uS/cm]
# name 7 = sal00: Salinity, Practical [PSU]
# name 8 = tv290C: Temperature [ITS-90, deg C]
# name 9 = depSM: Depth [salt water, m], lat = 59.00
# name 10 = potemp090C: Potential Temperature [ITS-90, deg C]
# name 11 = sigma-é00: Density [sigma-theta, kg/m^3]
# name 12 = sbeox0ML/L: Oxygen, SBE 43 [ml/l]
# name 13 = sbeox0Mg/L: Oxygen, SBE 43 [mg/l]
# name 14 = sbeox0PS: Oxygen, SBE 43 [% saturation]
# name 15 = sbox0Mm/Kg: Oxygen, SBE 43 [umol/kg]
# name 16 = sbeox0Mm/L: Oxygen, SBE 43 [umol/l]
# name 17 = sbox0dV/dT: Oxygen, SBE 43 [dov/dt]
# name 18 = oxsolML/L: Oxygen Saturation, Garcia & Gordon [ml/l]
# name 19 = oxsolMg/L: Oxygen Saturation, Garcia & Gordon [mg/l]
# name 20 = oxsolMm/Kg: Oxygen Saturation, Garcia & Gordon [umol/kg]
# name 21 = potemp090C: Potential Temperature [ITS-90, deg C]
# name 22 = n2satMg/L: Nitrogen Saturation [mg/l]
# name 23 = par: PAR/Irradiance, Biospherical/Licor
# name 24 = flECO-AFL: Fluorescence, WET Labs ECO-AFL/FL [mg/m^3]
# name 25 = turbWETntu0: Turbidity, WET Labs ECO [NTU]
# name 26 = flag: flag
# span 0 =        257,        438       
# span 1 = 176.446423, 176.446947       
# span 2 =    0.01778,    0.03033       
# span 3 =     1.0666,     1.8193       
# span 4 =     63.994,    109.161       
# span 5 =      1.010,     11.104       
# span 6 =  47415.803,  48457.365       
# span 7 =    30.0057,    30.6982       
# span 8 =     9.4572,     9.4987       
# span 9 =      1.000,     11.000       
# span 10 =     9.4596,     9.4768      
# span 11 =    23.1360,    23.6813      
# span 12 =     6.5973,     6.6625      
# span 13 =     9.4282,     9.5213      
# span 14 =    100.064,    101.418      
# span 15 =    287.987,    290.662      
# span 16 =    294.637,    297.546      
# span 17 =   -0.00067,    0.00140      
# span 18 =    6.56776,    6.59381      
# span 19 =    9.38599,    9.42322      
# span 20 =  286.53456,  287.83874      
# span 21 =     9.4569,     9.4986      
# span 22 =   14.84034,   14.90551      
# span 23 = 1.0235e+01, 1.2683e+02      
# span 24 =     0.7368,     1.0449      
# span 25 =     0.7839,     1.0609      
# span 26 = 0.0000e+00, 0.0000e+00      
# interval = meters: 1                  
# start_time = Jun 25 2018 10:41:47 [Instrument's time stamp, header]
# bad_flag = -9.990e-29
*END*
        257 176.446423    0.01778     1.0666     63.994      1.010  47415.803    30.0057     9.4987      1.000     9.4768    23.1360     6.5973     9.4282    100.064    287.987    294.637    0.00140    6.59381    9.42322  287.83874     9.4986   14.90551 1.2683e+02     0.7368     1.0609 0.0000e+00
        391 176.446812    0.02710     1.6257     97.543      2.019  48457.365    30.6982     9.4572      2.000     9.4596    23.6813     6.6625     9.5213    101.418    290.662    297.546    0.00074    6.56929    9.38817  286.59650     9.4569   14.84322 7.5107e+01     0.9170     0.7839 0.0000e+00
        391 176.446810    0.02705     1.6230     97.383      3.028  48409.809    30.6665     9.4620      3.000     9.4619    23.6559     6.6614     9.5199    101.392    290.625    297.500    0.00061    6.56998    9.38915  286.63462     9.4617   14.84517 5.8082e+01     1.0110     0.8373 0.0000e+00
        396 176.446827    0.02744     1.6466     98.794      4.038  48411.723    30.6675     9.4626      4.000     9.4624    23.6566     6.6591     9.5164    101.358    290.521    297.394    0.00014    6.56986    9.38899  286.62935     9.4621   14.84492 4.6912e+01     1.0449     0.8966 0.0000e+00
        402 176.446842    0.02782     1.6692    100.151      5.048  48413.919    30.6687     9.4632      5.000     9.4628    23.6575     6.6534     9.5083    101.273    290.272    297.139   -0.00051    6.56971    9.38877  286.62241     9.4627   14.84458 3.8280e+01     1.0215     0.8968 0.0000e+00
        408 176.446859    0.02823     1.6941    101.646      6.057  48417.976    30.6712     9.4638      6.000     9.4636    23.6593     6.6547     9.5102    101.297    290.330    297.199   -0.00023    6.56952    9.38850  286.61369     9.4632   14.84416 3.1464e+01     0.9772     0.8778 0.0000e+00
        413 176.446876    0.02863     1.7181    103.086      7.066  48421.543    30.6734     9.4652      7.000     9.4654    23.6609     6.6505     9.5042    101.236    290.144    297.009   -0.00056    6.56923    9.38808  286.60041     9.4644   14.84351 2.5779e+01     0.9543     0.8816 0.0000e+00
        418 176.446890    0.02898     1.7388    104.328      8.076  48425.706    30.6763     9.4680      8.000     9.4681    23.6627     6.6520     9.5063    101.267    290.209    297.076   -0.00030    6.56870    9.38732  286.57669     9.4672   14.84236 2.0819e+01     0.9722     0.8649 0.0000e+00
        424 176.446908    0.02940     1.7638    105.826      9.085  48431.017    30.6800     9.4705      9.000     9.4702    23.6652     6.6563     9.5125    101.341    290.396    297.269    0.00016    6.56819    9.38660  286.55382     9.4695   14.84126 1.6898e+01     0.9648     0.8294 0.0000e+00
        431 176.446928    0.02989     1.7932    107.590     10.095  48434.068    30.6819     9.4722     10.000     9.4712    23.6664     6.6515     9.5057    101.274    290.190    297.058   -0.00036    6.56785    9.38612  286.53907     9.4711   14.84055 1.3398e+01     0.9454     0.8422 0.0000e+00
        438 176.446947    0.03033     1.8193    109.161     11.104  48436.066    30.6829     9.4725     11.000     9.4714    23.6672     6.6498     9.5031    101.249    290.112    296.979   -0.00067    6.56776    9.38599  286.53456     9.4714   14.84034 1.0235e+01     0.9187     0.9458 0.0000e+00
