CTD-processing/allCTD/CNV/2018_09-13_t4_s09_cast007_5028.cnv
* Sea-Bird SBE19plus Data File:
* FileName = C:\Users\Kim.Powell\Desktop\Not Processed\2018\2018_09-13_T3, T4, T9_5028\2018_09-13_TRANSECT_STATION_cast007.hex
* Software Version 1.59
* Temperature SN =  5028
* Conductivity SN =  5028
* System UpLoad Time = Sep 14 2018 15:55:10
** 2018_09-13
** Station: 4-09
** Start Time: 12:09
** Depth (m): 23
** Comment:
** Comment:
# nquan = 27
# nvalues = 22                          
# units = specified
# name 0 = scan: Scan Count
# name 1 = timeJ: Julian Days
# name 2 = timeH: Time, Elapsed [hours]
# name 3 = timeM: Time, Elapsed [minutes]
# name 4 = timeS: Time, Elapsed [seconds]
# name 5 = prdM: Pressure, Strain Gauge [db]
# name 6 = specc: Specific Conductance [uS/cm]
# name 7 = sal00: Salinity, Practical [PSU]
# name 8 = tv290C: Temperature [ITS-90, deg C]
# name 9 = depSM: Depth [salt water, m], lat = 59.00
# name 10 = potemp090C: Potential Temperature [ITS-90, deg C]
# name 11 = sigma-é00: Density [sigma-theta, kg/m^3]
# name 12 = sbeox0ML/L: Oxygen, SBE 43 [ml/l]
# name 13 = sbeox0Mg/L: Oxygen, SBE 43 [mg/l]
# name 14 = sbeox0PS: Oxygen, SBE 43 [% saturation]
# name 15 = sbox0Mm/Kg: Oxygen, SBE 43 [umol/kg]
# name 16 = sbeox0Mm/L: Oxygen, SBE 43 [umol/l]
# name 17 = sbox0dV/dT: Oxygen, SBE 43 [dov/dt]
# name 18 = oxsolML/L: Oxygen Saturation, Garcia & Gordon [ml/l]
# name 19 = oxsolMg/L: Oxygen Saturation, Garcia & Gordon [mg/l]
# name 20 = oxsolMm/Kg: Oxygen Saturation, Garcia & Gordon [umol/kg]
# name 21 = potemp090C: Potential Temperature [ITS-90, deg C]
# name 22 = n2satMg/L: Nitrogen Saturation [mg/l]
# name 23 = par: PAR/Irradiance, Biospherical/Licor
# name 24 = flECO-AFL: Fluorescence, WET Labs ECO-AFL/FL [mg/m^3]
# name 25 = turbWETntu0: Turbidity, WET Labs ECO [NTU]
# name 26 = flag: flag
# span 0 =        298,        401       
# span 1 = 256.507607, 256.507905       
# span 2 =    0.02063,    0.02780       
# span 3 =     1.2379,     1.6676       
# span 4 =     74.274,    100.055       
# span 5 =      1.010,     22.209       
# span 6 =  46996.924,  48494.547       
# span 7 =    29.8841,    30.8197       
# span 8 =    10.2706,    11.2670       
# span 9 =      1.000,     22.000       
# span 10 =    10.2649,    11.2173      
# span 11 =    22.7491,    23.6460      
# span 12 =     5.6163,     5.9790      
# span 13 =     8.0262,     8.5446      
# span 14 =     87.101,     94.144      
# span 15 =    245.031,    261.071      
# span 16 =    250.825,    267.022      
# span 17 =   -0.01514,    0.00510      
# span 18 =    6.34826,    6.44802      
# span 19 =    9.07230,    9.21487      
# span 20 =  277.20706,  281.31659      
# span 21 =    10.2681,    11.2669      
# span 22 =   14.39724,   14.59020      
# span 23 = 4.6677e+00, 5.0431e+02      
# span 24 =     0.5297,     1.0326      
# span 25 =     0.4637,     0.6597      
# span 26 = 0.0000e+00, 0.0000e+00      
# interval = meters: 1                  
# start_time = Sep 13 2018 12:09:43 [Instrument's time stamp, header]
# bad_flag = -9.990e-29
*END*
        298 256.507607    0.02063     1.2379     74.274      1.010  46996.924    29.8841    11.2670      1.000    11.2173    22.7491     5.9765     8.5410     94.144    260.973    266.910    0.00510    6.34826    9.07230  277.20706    11.2669   14.39724 5.0431e+02     0.5297     0.5521 0.0000e+00
        303 256.507622    0.02098     1.2591     75.548      2.019  47053.752    29.9075    11.1120      2.000    11.0443    22.7940     5.9790     8.5446     93.884    261.071    267.022    0.00180    6.36851    9.10123  278.07904    11.1118   14.43890 3.0362e+02     0.6309     0.5845 0.0000e+00
        308 256.507635    0.02130     1.2782     76.692      3.029  47126.646    29.9435    10.9712      3.000    10.9204    22.8461     5.9648     8.5243     93.399    260.438    266.388   -0.00201    6.38639    9.12679  278.84579    10.9709   14.47546 1.5971e+02     0.7087     0.5801 0.0000e+00
        312 256.507649    0.02163     1.2974     77.845      4.038  47178.017    29.9675    10.8623      4.000    10.8214    22.8833     5.9560     8.5118     93.057    260.046    265.996   -0.00362    6.40045    9.14688  279.44917    10.8619   14.50426 1.0813e+02     0.8036     0.5892 0.0000e+00
        317 256.507663    0.02196     1.3176     79.059      5.047  47241.578    30.0013    10.7661      5.000    10.7344    22.9258     5.9459     8.4974     92.727    259.596    265.547   -0.00446    6.41239    9.16395  279.95918    10.7655   14.52854 9.6094e+01     0.8824     0.6350 0.0000e+00
        322 256.507676    0.02228     1.3368     80.208      6.057  47391.110    30.1002    10.7129      6.000    10.6999    23.0118     5.9304     8.4752     92.436    258.896    264.853   -0.00487    6.41574    9.16873  280.08158    10.7122   14.53400 9.1478e+01     0.9303     0.6597 0.0000e+00
        326 256.507689    0.02260     1.3557     81.344      7.066  47479.815    30.1597    10.6897      7.000    10.6848    23.0620     5.9166     8.4555     92.209    258.281    264.238   -0.00470    6.41654    9.16987  280.10275    10.6889   14.53477 7.7326e+01     0.9747     0.6187 0.0000e+00
        331 256.507703    0.02294     1.3760     82.560      8.076  47496.852    30.1706    10.6832      8.000    10.6818    23.0715     5.9064     8.4408     92.043    257.830    263.778   -0.00421    6.41699    9.17052  280.12004    10.6822   14.53556 6.4042e+01     1.0213     0.5941 0.0000e+00
        336 256.507717    0.02326     1.3958     83.748      9.085  47499.751    30.1721    10.6822      9.000    10.6806    23.0729     5.9116     8.4483     92.123    258.058    264.012   -0.00241    6.41707    9.17063  280.12296    10.6812   14.53569 5.3639e+01     1.0326     0.5791 0.0000e+00
        340 256.507729    0.02355     1.4133     84.799     10.094  47505.035    30.1753    10.6807     10.000    10.6779    23.0757     5.9222     8.4634     92.287    258.520    264.485   -0.00067    6.41715    9.17074  280.12565    10.6795   14.53581 4.3419e+01     0.9903     0.5721 0.0000e+00
        346 256.507745    0.02393     1.4354     86.126     11.104  47521.956    30.1860    10.6741     11.000    10.6689    23.0852     5.9253     8.4679     92.329    258.653    264.624   -0.00017    6.41762    9.17142  280.14378    10.6729   14.53663 3.5567e+01     0.9299     0.5522 0.0000e+00
        350 256.507759    0.02426     1.4556     87.338     12.114  47556.669    30.2088    10.6628     12.000    10.6547    23.1048     5.9149     8.4530     92.158    258.195    264.161   -0.00116    6.41827    9.17235  280.16659    10.6614   14.53763 2.9160e+01     0.8949     0.5504 0.0000e+00
        355 256.507772    0.02457     1.4743     88.459     13.123  47603.938    30.2400    10.6475     13.000    10.6379    23.1316     5.9020     8.4345     91.944    257.623    263.582   -0.00222    6.41912    9.17356  280.19656    10.6460   14.53894 2.3992e+01     0.8772     0.5354 0.0000e+00
        360 256.507786    0.02492     1.4954     89.726     14.132  47675.350    30.2868    10.6207     14.000    10.5990    23.1726     5.8861     8.4118     91.671    256.919    262.873   -0.00305    6.42093    9.17615  280.26422    10.6192   14.54199 2.0053e+01     0.8463     0.5225 0.0000e+00
        365 256.507801    0.02527     1.5160     90.961     15.142  47812.896    30.3757    10.5550     15.000    10.5120    23.2528     5.8615     8.3767     91.210    255.827    261.776   -0.00479    6.42645    9.18403  280.48320    10.5533   14.55211 1.6649e+01     0.8411     0.5034 0.0000e+00
        369 256.507813    0.02557     1.5345     92.067     16.152  48048.591    30.5299    10.4561     16.000    10.4071    23.3894     5.8348     8.3384     90.687    254.624    260.579   -0.00647    6.43394    9.19474  280.77272    10.4543   14.56534 1.3916e+01     0.8092     0.4648 0.0000e+00
        374 256.507828    0.02593     1.5561     93.364     17.161  48345.077    30.7262    10.3525     17.000    10.3271    23.5595     5.7832     8.2648     89.797    252.335    258.280   -0.00931    6.44037    9.20394  281.00676    10.3506   14.57575 1.1676e+01     0.7106     0.4637 0.0000e+00
        379 256.507842    0.02628     1.5767     94.600     18.171  48453.807    30.7972    10.3078     18.000    10.2972    23.6221     5.7028     8.1498     88.501    248.808    254.686   -0.01378    6.44374    9.20874  281.13618    10.3057   14.58165 9.6676e+00     0.6275     0.4867 0.0000e+00
        384 256.507857    0.02663     1.5979     95.874     19.180  48480.423    30.8134    10.2900     19.000    10.2837    23.6377     5.6400     8.0601     87.502    246.067    251.883   -0.01514    6.44555    9.21134  281.21122    10.2879   14.58518 8.0490e+00     0.5855     0.5036 0.0000e+00
        390 256.507872    0.02699     1.6197     97.181     20.190  48489.843    30.8186    10.2820     20.000    10.2785    23.6432     5.6236     8.0367     87.236    245.350    251.151   -0.01131    6.44647    9.21265  281.24985    10.2797   14.58701 6.6853e+00     0.5517     0.5009 0.0000e+00
        395 256.507888    0.02735     1.6412     98.473     21.199  48491.175    30.8188    10.2793     21.000    10.2749    23.6438     5.6219     8.0343     87.204    245.276    251.075   -0.00736    6.44684    9.21318  281.26563    10.2769   14.58776 5.5918e+00     0.5544     0.4925 0.0000e+00
        401 256.507905    0.02780     1.6676    100.055     22.209  48494.547    30.8197    10.2706     22.000    10.2649    23.6460     5.6163     8.0262     87.101    245.031    250.825   -0.00477    6.44802    9.21487  281.31659    10.2681   14.59020 4.6677e+00     0.5629     0.5081 0.0000e+00
