CTD-processing/allCTD/CNV/2018_06-22_t9_s10_cast127_5028.cnv
* Sea-Bird SBE19plus Data File:
* FileName = C:\Users\Kim.Powell\Desktop\Not Processed\2018\2018_06-XX\2018_06-XX_TRANSECT_STATION_cast127.hex
* Software Version 1.59
* Temperature SN =  5028
* Conductivity SN =  5028
* System UpLoad Time = Jul 05 2018 09:45:59
** 2018_06-22
** Station: 9-10
** Start Time: 15:06
** Depth (m): 63
** Comment:
** Comment:
# nquan = 27
# nvalues = 62                          
# units = specified
# name 0 = scan: Scan Count
# name 1 = timeJ: Julian Days
# name 2 = timeH: Time, Elapsed [hours]
# name 3 = timeM: Time, Elapsed [minutes]
# name 4 = timeS: Time, Elapsed [seconds]
# name 5 = prdM: Pressure, Strain Gauge [db]
# name 6 = specc: Specific Conductance [uS/cm]
# name 7 = sal00: Salinity, Practical [PSU]
# name 8 = tv290C: Temperature [ITS-90, deg C]
# name 9 = depSM: Depth [salt water, m], lat = 59.00
# name 10 = potemp090C: Potential Temperature [ITS-90, deg C]
# name 11 = sigma-é00: Density [sigma-theta, kg/m^3]
# name 12 = sbeox0ML/L: Oxygen, SBE 43 [ml/l]
# name 13 = sbeox0Mg/L: Oxygen, SBE 43 [mg/l]
# name 14 = sbeox0PS: Oxygen, SBE 43 [% saturation]
# name 15 = sbox0Mm/Kg: Oxygen, SBE 43 [umol/kg]
# name 16 = sbeox0Mm/L: Oxygen, SBE 43 [umol/l]
# name 17 = sbox0dV/dT: Oxygen, SBE 43 [dov/dt]
# name 18 = oxsolML/L: Oxygen Saturation, Garcia & Gordon [ml/l]
# name 19 = oxsolMg/L: Oxygen Saturation, Garcia & Gordon [mg/l]
# name 20 = oxsolMm/Kg: Oxygen Saturation, Garcia & Gordon [umol/kg]
# name 21 = potemp090C: Potential Temperature [ITS-90, deg C]
# name 22 = n2satMg/L: Nitrogen Saturation [mg/l]
# name 23 = par: PAR/Irradiance, Biospherical/Licor
# name 24 = flECO-AFL: Fluorescence, WET Labs ECO-AFL/FL [mg/m^3]
# name 25 = turbWETntu0: Turbidity, WET Labs ECO [NTU]
# name 26 = flag: flag
# span 0 =        204,        572       
# span 1 = 173.630807, 173.631873       
# span 2 =    0.01409,    0.03968       
# span 3 =     0.8453,     2.3811       
# span 4 =     50.717,    142.867       
# span 5 =      1.010,     62.595       
# span 6 =  43408.538,  50583.545       
# span 7 =    27.3138,    31.7511       
# span 8 =     6.6978,    10.1216       
# span 9 =      1.000,     62.000       
# span 10 =     6.6926,    10.0659      
# span 11 =    20.9381,    24.8823      
# span 12 =     6.3162,     6.8373      
# span 13 =     9.0265,     9.7712      
# span 14 =     95.158,    101.817      
# span 15 =    276.304,    297.981      
# span 16 =    282.084,    305.352      
# span 17 =   -0.00987,    0.00624      
# span 18 =    6.59283,    6.94632      
# span 19 =    9.42182,    9.92698      
# span 20 =  288.01411,  302.69077      
# span 21 =     6.6926,    10.1215      
# span 22 =   14.91800,   15.60742      
# span 23 = 5.4260e-02, 8.2220e+02      
# span 24 =     0.2417,     1.4740      
# span 25 =     0.3598,     2.0565      
# span 26 = 0.0000e+00, 0.0000e+00      
# interval = meters: 1                  
# start_time = Jun 22 2018 15:07:31 [Instrument's time stamp, header]
# bad_flag = -9.990e-29
*END*
[from data line 54]
        540 173.631778    0.03740     2.2438    134.631     55.526  50557.620    31.7183     6.7236     55.000     6.7098    24.8710     6.6517     9.5060     95.810    289.855    297.064   -0.00453    6.94262    9.92170  302.53308     6.7189   15.59994 6.1352e-02     0.2584     0.8024 0.0000e+00
        544 173.631791    0.03772     2.2630    135.781     56.536  50573.252    31.7261     6.7095     56.000     6.7032    24.8790     6.6379     9.4862     95.584    289.251    296.447   -0.00451    6.94454    9.92444  302.61434     6.7046   15.60379 5.9661e-02     0.2687     0.8892 0.0000e+00
        549 173.631805    0.03804     2.2824    136.946     57.545  50575.324    31.7266     6.7074     57.000     6.7017    24.8797     6.6272     9.4709     95.426    288.786    295.972   -0.00407    6.94485    9.92488  302.62768     6.7025   15.60442 5.8284e-02     0.2679     0.9396 0.0000e+00
        553 173.631818    0.03834     2.3008    138.047     58.555  50576.156    31.7264     6.7054     58.000     6.6993    24.8798     6.6207     9.4615     95.327    288.500    295.678   -0.00350    6.94517    9.92535  302.64187     6.7004   15.60510 5.7183e-02     0.2725     0.9472 0.0000e+00
        557 173.631830    0.03864     2.3185    139.109     59.565  50577.273    31.7262     6.7028     59.000     6.6960    24.8800     6.6166     9.4558     95.263    288.324    295.498   -0.00295    6.94560    9.92596  302.66048     6.6977   15.60599 5.6251e-02     0.2759     0.9370 0.0000e+00
        562 173.631842    0.03893     2.3357    140.144     60.575  50580.385    31.7273     6.6996     60.000     6.6936    24.8813     6.6160     9.4549     95.248    288.298    295.471   -0.00229    6.94607    9.92663  302.68049     6.6944   15.60694 5.5474e-02     0.2765     0.9325 0.0000e+00
        567 173.631857    0.03929     2.3571    141.428     61.585  50582.242    31.7279     6.6983     61.000     6.6929    24.8819     6.6133     9.4511     95.207    288.181    295.352   -0.00182    6.94626    9.92690  302.68854     6.6930   15.60732 5.4825e-02     0.2569     0.9193 0.0000e+00
        572 173.631873    0.03968     2.3811    142.867     62.595  50583.545    31.7283     6.6978     62.000     6.6926    24.8823     6.6100     9.4464     95.158    288.037    295.204   -0.00151    6.94632    9.92698  302.69077     6.6926   15.60742 5.4260e-02     0.2585     0.9301 0.0000e+00
