CTD-processing/allCTD/CNV/2018_09-17_alongbay_skb12_cast050_5028.cnv
* Sea-Bird SBE19plus Data File:
* FileName = C:\Users\Kim.Powell\Desktop\Not Processed\2018\2018_09-17_AlongBay, T6, T7_5028\2018_09-17_TRANSECT_STATION_cast050.hex
* Software Version 1.59
* Temperature SN =  5028
* Conductivity SN =  5028
* System UpLoad Time = Sep 18 2018 16:31:21
** 2018_09-17
** Station: KB12
** Start Time: 17:23
** Depth (m): 78.1
** Comment:
** Comment:
# nquan = 27
# nvalues = 72                          
# units = specified
# name 0 = scan: Scan Count
# name 1 = timeJ: Julian Days
# name 2 = timeH: Time, Elapsed [hours]
# name 3 = timeM: Time, Elapsed [minutes]
# name 4 = timeS: Time, Elapsed [seconds]
# name 5 = prdM: Pressure, Strain Gauge [db]
# name 6 = specc: Specific Conductance [uS/cm]
# name 7 = sal00: Salinity, Practical [PSU]
# name 8 = tv290C: Temperature [ITS-90, deg C]
# name 9 = depSM: Depth [salt water, m], lat = 59.00
# name 10 = potemp090C: Potential Temperature [ITS-90, deg C]
# name 11 = sigma-é00: Density [sigma-theta, kg/m^3]
# name 12 = sbeox0ML/L: Oxygen, SBE 43 [ml/l]
# name 13 = sbeox0Mg/L: Oxygen, SBE 43 [mg/l]
# name 14 = sbeox0PS: Oxygen, SBE 43 [% saturation]
# name 15 = sbox0Mm/Kg: Oxygen, SBE 43 [umol/kg]
# name 16 = sbeox0Mm/L: Oxygen, SBE 43 [umol/l]
# name 17 = sbox0dV/dT: Oxygen, SBE 43 [dov/dt]
# name 18 = oxsolML/L: Oxygen Saturation, Garcia & Gordon [ml/l]
# name 19 = oxsolMg/L: Oxygen Saturation, Garcia & Gordon [mg/l]
# name 20 = oxsolMm/Kg: Oxygen Saturation, Garcia & Gordon [umol/kg]
# name 21 = potemp090C: Potential Temperature [ITS-90, deg C]
# name 22 = n2satMg/L: Nitrogen Saturation [mg/l]
# name 23 = par: PAR/Irradiance, Biospherical/Licor
# name 24 = flECO-AFL: Fluorescence, WET Labs ECO-AFL/FL [mg/m^3]
# name 25 = turbWETntu0: Turbidity, WET Labs ECO [NTU]
# name 26 = flag: flag
# span 0 =        291,        620       
# span 1 = 260.725781, 260.726734       
# span 2 =    0.02015,    0.04302       
# span 3 =     1.2088,     2.5809       
# span 4 =     72.527,    154.853       
# span 5 =      1.009,     72.692       
# span 6 =  44987.438,  48951.341       
# span 7 =    28.4618,    31.0663       
# span 8 =     9.8349,    11.1412       
# span 9 =      1.000,     72.000       
# span 10 =     9.8267,    11.1174      
# span 11 =    21.6663,    23.9100      
# span 12 =     4.9513,     6.0905      
# span 13 =     7.0760,     8.7039      
# span 14 =     76.180,     94.867      
# span 15 =    215.963,    266.235      
# span 16 =    221.127,    272.002      
# span 17 =   -0.02723,    0.00690      
# span 18 =    6.38197,    6.49950      
# span 19 =    9.12047,    9.28844      
# span 20 =  278.67105,  283.48941      
# span 21 =     9.8271,    11.1411      
# span 22 =   14.46740,   14.69316      
# span 23 = 5.3874e-02, 1.4849e+02      
# span 24 =     0.2296,     1.2669      
# span 25 =     0.4107,     1.7237      
# span 26 = 0.0000e+00, 0.0000e+00      
# interval = meters: 1                  
# start_time = Sep 17 2018 17:23:55 [Instrument's time stamp, header]
# bad_flag = -9.990e-29
*END*
        291 260.725781    0.02015     1.2088     72.527      1.009  44987.438    28.4618    11.1412      1.000    11.1174    21.6663     6.0905     8.7039     94.821    266.235    272.002    0.00690    6.42323    9.17944  280.77941    11.1411   14.57406 1.4849e+02     1.2669     1.3900 0.0000e+00
        296 260.725796    0.02050     1.2297     73.782      2.019  47011.644    29.8692    11.0255      2.000    10.9160    22.7792     6.0543     8.6522     94.867    264.363    270.385    0.00484    6.38197    9.12047  278.67105    11.0252   14.46740 8.4492e+01     1.2277     0.9578 0.0000e+00
        301 260.725809    0.02080     1.2484     74.905      3.029  47669.743    30.3038    10.7684      3.000    10.6654    23.1607     5.9898     8.5599     93.596    261.446    267.501   -0.00402    6.39978    9.14592  279.34418    10.7680   14.49787 6.1214e+01     1.1918     0.5686 0.0000e+00
        305 260.725822    0.02112     1.2670     76.023      4.038  47955.575    30.4819    10.5654      4.000    10.5010    23.3334     5.8430     8.3503     91.006    255.000    260.950   -0.01859    6.42068    9.17579  280.20926    10.5649   14.53856 4.9731e+01     1.0815     0.4513 0.0000e+00
        310 260.725835    0.02143     1.2857     77.140      5.047  48120.736    30.5837    10.4426      5.000    10.4068    23.4332     5.7076     8.1567     88.716    249.063    254.899   -0.02723    6.43363    9.19430  280.74710    10.4420   14.56389 4.1710e+01     0.9591     0.4249 0.0000e+00
        314 260.725848    0.02174     1.3044     78.263      6.056  48219.049    30.6418    10.3513      6.000    10.2903    23.4936     5.6350     8.0530     87.446    245.884    251.661   -0.02653    6.44405    9.20918  281.18494    10.3505   14.58461 3.5485e+01     0.8962     0.4107 0.0000e+00
        319 260.725861    0.02206     1.3239     79.432      7.066  48374.239    30.7347    10.2169      7.000    10.1801    23.5882     5.5860     7.9830     86.484    243.723    249.472   -0.02328    6.45911    9.23070  281.81603    10.2161   14.61443 3.0255e+01     0.7558     0.4217 0.0000e+00
        323 260.725875    0.02239     1.3436     80.615      8.075  48453.164    30.7818    10.1503      8.000    10.1399    23.6359     5.5213     7.8905     85.383    240.889    246.582   -0.02206    6.46654    9.24133  282.12727    10.1494   14.62914 2.5685e+01     0.6049     0.4434 0.0000e+00
        328 260.725889    0.02273     1.3636     81.815      9.085  48474.437    30.7942    10.1321      9.000    10.1251    23.6485     5.4798     7.8313     84.715    239.078    244.732   -0.01877    6.46859    9.24426  282.21324    10.1311   14.63320 2.1786e+01     0.5456     0.4628 0.0000e+00
        333 260.725903    0.02306     1.3836     83.013     10.094  48497.953    30.8085    10.1165     10.000    10.1079    23.6622     5.4699     7.8172     84.540    238.643    244.290   -0.01350    6.47022    9.24659  282.28067    10.1154   14.63637 1.8472e+01     0.5076     0.4762 0.0000e+00
        338 260.725917    0.02339     1.4035     84.208     11.104  48536.165    30.8330    10.1011     11.000    10.0947    23.6839     5.4653     7.8105     84.454    238.435    244.082   -0.00941    6.47138    9.24825  282.32514    10.0998   14.63840 1.5608e+01     0.4967     0.5065 0.0000e+00
        342 260.725930    0.02371     1.4228     85.366     12.114  48565.462    30.8513    10.0857     12.000    10.0721    23.7007     5.4504     7.7892     84.205    237.781    243.417   -0.00769    6.47279    9.25027  282.38223    10.0844   14.64106 1.3116e+01     0.4814     0.5165 0.0000e+00
        347 260.725943    0.02403     1.4416     86.497     13.123  48592.382    30.8660    10.0542     13.000    10.0377    23.7173     5.4268     7.7554     83.790    236.745    242.361   -0.00768    6.47663    9.25576  282.54533    10.0528   14.64880 1.1003e+01     0.4599     0.5666 0.0000e+00
        351 260.725956    0.02434     1.4601     87.608     14.132  48629.022    30.8877    10.0244     14.000    10.0152    23.7391     5.4021     7.7202     83.367    235.665    241.259   -0.00792    6.47996    9.26052  282.68448    10.0229   14.65537 9.1824e+00     0.4321     0.5939 0.0000e+00
        356 260.725969    0.02464     1.4788     88.727     15.142  48654.820    30.9037    10.0103     15.000    10.0042    23.7539     5.3841     7.6944     83.071    234.874    240.453   -0.00722    6.48130    9.26243  282.73881    10.0086   14.65790 7.6571e+00     0.3747     0.6250 0.0000e+00
        360 260.725982    0.02496     1.4976     89.858     16.152  48667.580    30.9111    10.0007     16.000     9.9953    23.7612     5.3666     7.6694     82.788    234.109    239.671   -0.00662    6.48235    9.26392  282.78241     9.9990   14.65996 6.3683e+00     0.3292     0.6382 0.0000e+00
        365 260.725995    0.02528     1.5164     90.986     17.161  48675.945    30.9156     9.9928     17.000     9.9876    23.7660     5.3504     7.6463     82.527    233.403    238.950   -0.00614    6.48329    9.26527  282.82212     9.9910   14.66184 5.2989e+00     0.3146     0.6424 0.0000e+00
        369 260.726008    0.02559     1.5352     92.111     18.171  48682.063    30.9185     9.9854     18.000     9.9795    23.7695     5.3426     7.6350     82.393    233.059    238.599   -0.00505    6.48423    9.26661  282.86204     9.9834   14.66374 4.4026e+00     0.3105     0.6488 0.0000e+00
        374 260.726021    0.02589     1.5536     93.218     19.180  48692.729    30.9244     9.9755     19.000     9.9672    23.7757     5.3363     7.6260     82.281    232.782    238.317   -0.00412    6.48539    9.26827  282.91120     9.9734   14.66607 3.6652e+00     0.2924     0.6570 0.0000e+00
        378 260.726034    0.02620     1.5722     94.331     20.190  48714.645    30.9376     9.9611     20.000     9.9532    23.7884     5.3260     7.6114     82.105    232.333    237.860   -0.00391    6.48688    9.27040  282.97264     9.9589   14.66895 3.0424e+00     0.2965     0.6810 0.0000e+00
        383 260.726047    0.02651     1.5907     95.440     21.199  48730.932    30.9472     9.9495     21.000     9.9431    23.7977     5.3113     7.5904     81.861    231.688    237.202   -0.00413    6.48813    9.27219  283.02460     9.9472   14.67140 2.5138e+00     0.2776     0.7066 0.0000e+00
        387 260.726060    0.02682     1.6092     96.549     22.209  48740.554    30.9525     9.9411     22.000     9.9353    23.8032     5.2940     7.5656     81.582    230.932    236.428   -0.00459    6.48911    9.27358  283.06563     9.9387   14.67334 2.0731e+00     0.2788     0.7441 0.0000e+00
        392 260.726072    0.02713     1.6278     97.668     23.219  48747.724    30.9562     9.9337     23.000     9.9280    23.8074     5.2801     7.5457     81.356    230.323    235.807   -0.00453    6.49000    9.27487  283.10372     9.9312   14.67515 1.7007e+00     0.2744     0.7748 0.0000e+00
        396 260.726085    0.02744     1.6465     98.791     24.228  48765.715    30.9678     9.9282     24.000     9.9251    23.8173     5.2669     7.5270     81.151    229.748    235.221   -0.00438    6.49032    9.27531  283.11455     9.9255   14.67563 1.3989e+00     0.2665     0.7791 0.0000e+00
        401 260.726099    0.02776     1.6653     99.918     25.238  48789.994    30.9846     9.9295     25.000     9.9284    23.8302     5.2583     7.5146     81.029    229.370    234.836   -0.00380    6.48942    9.27404  283.07205     9.9267   14.67352 1.1486e+00     0.2651     0.7917 0.0000e+00
        405 260.726112    0.02807     1.6841    101.047     26.247  48798.888    30.9905     9.9305     26.000     9.9256    23.8347     5.2491     7.5015     80.892    228.967    234.424   -0.00335    6.48902    9.27346  283.05334     9.9277   14.67260 9.4168e-01     0.2537     0.8473 0.0000e+00
        410 260.726125    0.02838     1.7028    102.166     27.256  48804.972    30.9938     9.9258     27.000     9.9214    23.8381     5.2304     7.4747     80.596    228.150    233.588   -0.00407    6.48955    9.27422  283.07562     9.9229   14.67365 7.7047e-01     0.2571     0.8596 0.0000e+00
        414 260.726137    0.02869     1.7214    103.284     28.266  48803.512    30.9918     9.9219     28.000     9.9154    23.8372     5.2156     7.4537     80.362    227.507    232.930   -0.00433    6.49021    9.27515  283.10421     9.9188   14.67503 6.3281e-01     0.2668     0.8298 0.0000e+00
        419 260.726151    0.02901     1.7403    104.421     29.276  48802.429    30.9896     9.9133     29.000     9.9058    23.8368     5.2125     7.4491     80.297    227.369    232.789   -0.00341    6.49153    9.27704  283.16193     9.9100   14.67780 5.2010e-01     0.2650     0.8217 0.0000e+00
        423 260.726164    0.02932     1.7592    105.551     30.285  48801.860    30.9875     9.9032     30.000     9.8938    23.8368     5.2094     7.4447     80.230    227.233    232.650   -0.00269    6.49304    9.27920  283.22786     9.8999   14.68096 4.2934e-01     0.2566     0.8326 0.0000e+00
        428 260.726177    0.02963     1.7782    106.690     31.295  48802.706    30.9855     9.8865     31.000     9.8754    23.8380     5.2026     7.4351     80.096    226.940    232.350   -0.00270    6.49550    9.28272  283.33491     9.8831   14.68609 3.5587e-01     0.2581     0.8540 0.0000e+00
        432 260.726190    0.02996     1.7973    107.840     32.305  48815.723    30.9924     9.8717     32.000     9.8658    23.8458     5.2012     7.4330     80.051    226.875    232.284   -0.00220    6.49732    9.28532  283.41213     9.8682   14.68976 2.9617e-01     0.2557     0.8915 0.0000e+00
        437 260.726204    0.03029     1.8171    109.023     33.314  48823.651    30.9972     9.8682     33.000     9.8647    23.8500     5.2019     7.4340     80.058    226.905    232.316   -0.00143    6.49762    9.28575  283.42405     9.8647   14.69031 2.5432e-01     0.2526     0.9104 0.0000e+00
        442 260.726218    0.03062     1.8370    110.219     34.324  48827.442    30.9994     9.8688     34.000     9.8654    23.8518     5.1956     7.4250     79.963    226.628    232.034   -0.00152    6.49744    9.28549  283.41568     9.8651   14.68990 2.0753e-01     0.2526     0.9105 0.0000e+00
        447 260.726232    0.03094     1.8566    111.396     35.333  48830.937    31.0016     9.8694     35.000     9.8658    23.8534     5.1844     7.4090     79.793    226.140    231.534   -0.00210    6.49727    9.28524  283.40764     9.8656   14.68951 1.7281e-01     0.2541     0.9542 0.0000e+00
        451 260.726245    0.03127     1.8762    112.575     36.343  48837.458    31.0058     9.8698     36.000     9.8657    23.8566     5.1774     7.3989     79.688    225.833    231.220   -0.00212    6.49704    9.28493  283.39712     9.8659   14.68899 1.4643e-01     0.2499     0.9801 0.0000e+00
        456 260.726259    0.03160     1.8960    113.757     37.352  48844.263    31.0102     9.8700     37.000     9.8661    23.8600     5.1719     7.3912     79.607    225.596    230.979   -0.00191    6.49683    9.28462  283.38669     9.8659   14.68847 1.2592e-01     0.2504     0.9817 0.0000e+00
        461 260.726272    0.03192     1.9153    114.920     38.362  48845.884    31.0109     9.8702     38.000     9.8657    23.8606     5.1633     7.3790     79.476    225.222    230.595   -0.00212    6.49679    9.28455  283.38460     9.8660   14.68837 1.0980e-01     0.2525     0.9575 0.0000e+00
        465 260.726286    0.03224     1.9345    116.067     39.372  48846.904    31.0111     9.8694     39.000     9.8647    23.8609     5.1574     7.3705     79.384    224.964    230.331   -0.00205    6.49687    9.28468  283.38835     9.8652   14.68855 9.7582e-02     0.2562     0.9819 0.0000e+00
        470 260.726299    0.03256     1.9536    117.218     40.382  48847.473    31.0110     9.8685     40.000     9.8637    23.8609     5.1545     7.3664     79.337    224.839    230.203   -0.00172    6.49700    9.28487  283.39422     9.8641   14.68883 8.8082e-02     0.2471     0.9847 0.0000e+00
        474 260.726312    0.03288     1.9729    118.372     41.391  48848.950    31.0115     9.8677     41.000     9.8631    23.8614     5.1481     7.3572     79.237    224.558    229.916   -0.00175    6.49710    9.28500  283.39805     9.8632   14.68901 8.0516e-02     0.2395     1.0491 0.0000e+00
        479 260.726325    0.03320     1.9922    119.531     42.401  48851.599    31.0129     9.8677     42.000     9.8630    23.8626     5.1413     7.3474     79.133    224.258    229.609   -0.00193    6.49704    9.28493  283.39544     9.8631   14.68888 7.4721e-02     0.2421     1.1100 0.0000e+00
        484 260.726339    0.03352     2.0113    120.677     43.410  48854.412    31.0145     9.8676     43.000     9.8630    23.8638     5.1407     7.3466     79.125    224.233    229.584   -0.00140    6.49698    9.28484  283.39250     9.8629   14.68873 7.0263e-02     0.2585     1.0934 0.0000e+00
        488 260.726352    0.03384     2.0304    121.827     44.420  48857.556    31.0164     9.8683     44.000     9.8643    23.8652     5.1385     7.3434     79.092    224.136    229.485   -0.00118    6.49681    9.28458  283.38435     9.8635   14.68833 6.6778e-02     0.2540     1.0993 0.0000e+00
        493 260.726366    0.03416     2.0494    122.962     45.430  48860.505    31.0183     9.8706     45.000     9.8668    23.8663     5.1371     7.3415     79.077    224.078    229.425   -0.00096    6.49640    9.28401  283.36634     9.8657   14.68747 6.4121e-02     0.2476     1.0510 0.0000e+00
        497 260.726378    0.03448     2.0686    124.119     46.440  48862.070    31.0193     9.8731     46.000     9.8685    23.8667     5.1344     7.3376     79.040    223.959    229.304   -0.00089    6.49600    9.28344  283.34886     9.8681   14.68662 6.2070e-02     0.2442     1.0191 0.0000e+00
        502 260.726392    0.03479     2.0876    125.253     47.449  48863.569    31.0200     9.8736     47.000     9.8682    23.8672     5.1291     7.3301     78.960    223.730    229.069   -0.00113    6.49590    9.28330  283.34454     9.8684   14.68641 6.0592e-02     0.2528     1.0162 0.0000e+00
        507 260.726405    0.03511     2.1065    126.387     48.459  48866.963    31.0218     9.8730     48.000     9.8673    23.8689     5.1253     7.3246     78.900    223.559    228.896   -0.00119    6.49592    9.28332  283.34452     9.8677   14.68640 5.9486e-02     0.2532     1.0067 0.0000e+00
        511 260.726418    0.03543     2.1255    127.528     49.468  48871.913    31.0248     9.8720     49.000     9.8662    23.8713     5.1215     7.3192     78.842    223.394    228.727   -0.00120    6.49593    9.28333  283.34426     9.8667   14.68638 5.8452e-02     0.2668     1.0108 0.0000e+00
        516 260.726431    0.03574     2.1448    128.685     50.478  48879.718    31.0298     9.8714     50.000     9.8662    23.8753     5.1154     7.3104     78.750    223.127    228.454   -0.00139    6.49581    9.28316  283.33785     9.8660   14.68606 5.7632e-02     0.2465     1.0353 0.0000e+00
        520 260.726445    0.03606     2.1639    129.836     51.488  48884.638    31.0330     9.8722     51.000     9.8670    23.8776     5.1080     7.2998     78.638    222.802    228.122   -0.00167    6.49555    9.28280  283.32627     9.8667   14.68549 5.6943e-02     0.2296     1.0194 0.0000e+00
        525 260.726458    0.03639     2.1832    130.993     52.498  48886.953    31.0343     9.8729     52.000     9.8672    23.8786     5.1032     7.2930     78.566    222.593    227.908   -0.00164    6.49542    9.28260  283.32001     9.8672   14.68519 5.6420e-02     0.2334     0.9903 0.0000e+00
        530 260.726472    0.03671     2.2026    132.154     53.507  48889.883    31.0359     9.8727     53.000     9.8663    23.8799     5.1024     7.2918     78.554    222.557    227.872   -0.00122    6.49537    9.28253  283.31760     9.8669   14.68506 5.6007e-02     0.2475     0.9630 0.0000e+00
