CTD-processing/allCTD/CNV/2018_09-17_t7_s21_cast034_5028.cnv
* Sea-Bird SBE19plus Data File:
* FileName = C:\Users\Kim.Powell\Desktop\Not Processed\2018\2018_09-17_AlongBay, T6, T7_5028\2018_09-17_TRANSECT_STATION_cast034.hex
* Software Version 1.59
* Temperature SN =  5028
* Conductivity SN =  5028
* System UpLoad Time = Sep 18 2018 16:12:03
** 2018_09-17
** Station: 7-21
** Start Time: 13:17
** Depth (m): 74.7
** Comment:
** Comment:
# nquan = 27
# nvalues = 72                          
# units = specified
# name 0 = scan: Scan Count
# name 1 = timeJ: Julian Days
# name 2 = timeH: Time, Elapsed [hours]
# name 3 = timeM: Time, Elapsed [minutes]
# name 4 = timeS: Time, Elapsed [seconds]
# name 5 = prdM: Pressure, Strain Gauge [db]
# name 6 = specc: Specific Conductance [uS/cm]
# name 7 = sal00: Salinity, Practical [PSU]
# name 8 = tv290C: Temperature [ITS-90, deg C]
# name 9 = depSM: Depth [salt water, m], lat = 59.00
# name 10 = potemp090C: Potential Temperature [ITS-90, deg C]
# name 11 = sigma-é00: Density [sigma-theta, kg/m^3]
# name 12 = sbeox0ML/L: Oxygen, SBE 43 [ml/l]
# name 13 = sbeox0Mg/L: Oxygen, SBE 43 [mg/l]
# name 14 = sbeox0PS: Oxygen, SBE 43 [% saturation]
# name 15 = sbox0Mm/Kg: Oxygen, SBE 43 [umol/kg]
# name 16 = sbeox0Mm/L: Oxygen, SBE 43 [umol/l]
# name 17 = sbox0dV/dT: Oxygen, SBE 43 [dov/dt]
# name 18 = oxsolML/L: Oxygen Saturation, Garcia & Gordon [ml/l]
# name 19 = oxsolMg/L: Oxygen Saturation, Garcia & Gordon [mg/l]
# name 20 = oxsolMm/Kg: Oxygen Saturation, Garcia & Gordon [umol/kg]
# name 21 = potemp090C: Potential Temperature [ITS-90, deg C]
# name 22 = n2satMg/L: Nitrogen Saturation [mg/l]
# name 23 = par: PAR/Irradiance, Biospherical/Licor
# name 24 = flECO-AFL: Fluorescence, WET Labs ECO-AFL/FL [mg/m^3]
# name 25 = turbWETntu0: Turbidity, WET Labs ECO [NTU]
# name 26 = flag: flag
# span 0 =        255,        579       
# span 1 = 260.555039, 260.555978       
# span 2 =    0.01761,    0.04014       
# span 3 =     1.0565,     2.4085       
# span 4 =     63.388,    144.507       
# span 5 =      1.009,     72.693       
# span 6 =  46228.864,  50059.536       
# span 7 =    29.3833,    31.6294       
# span 8 =     8.3036,    11.6683       
# span 9 =      1.000,     72.000       
# span 10 =     8.2968,    11.6568      
# span 11 =    22.2901,    24.5851      
# span 12 =     5.0147,     5.7512      
# span 13 =     7.1666,     8.2191      
# span 14 =     74.845,     90.667      
# span 15 =    218.585,    251.193      
# span 16 =    223.959,    256.851      
# span 17 =   -0.01602,    0.10089      
# span 18 =    6.31395,    6.70025      
# span 19 =    9.02327,    9.57534      
# span 20 =  275.83274,  292.05322      
# span 21 =     8.2968,    11.6681      
# span 22 =   14.33342,   15.10019      
# span 23 = 1.1720e-01, 1.5878e+02      
# span 24 =     0.3222,     0.8772      
# span 25 =     0.1726,     0.2769      
# span 26 = 0.0000e+00, 0.0000e+00      
# interval = meters: 1                  
# start_time = Sep 17 2018 13:18:12 [Instrument's time stamp, header]
# bad_flag = -9.990e-29
*END*
        255 260.555039    0.01761     1.0565     63.388      1.009  46228.864    29.3833    11.6683      1.000    11.6568    22.2901     5.0230     7.1785     79.554    219.440    224.331    0.06659    6.31395    9.02327  275.83274    11.6681   14.33342 1.5878e+02     0.6484     0.2154 0.0000e+00
        260 260.555054    0.01797     1.0782     64.690      2.019  46236.869    29.3852    11.6348      2.000    11.6237    22.2976     5.6053     8.0105     88.713    244.873    250.333    0.10089    6.31838    9.02960  276.02425    11.6346   14.34259 1.1049e+02     0.7100     0.2186 0.0000e+00
        264 260.555068    0.01829     1.0974     65.845      3.028  46246.381    29.3895    11.6136      3.000    11.6066    22.3046     5.7134     8.1651     90.388    249.596    255.163    0.07772    6.32107    9.03344  276.13978    11.6132   14.34811 8.5798e+01     0.7961     0.2149 0.0000e+00
        269 260.555081    0.01860     1.1160     66.960      4.037  46247.245    29.3881    11.5975      4.000    11.5884    22.3064     5.6922     8.1348     90.021    248.670    254.217    0.04894    6.32330    9.03663  276.23688    11.5970   14.35276 7.4666e+01     0.8240     0.2013 0.0000e+00
        273 260.555093    0.01890     1.1340     68.040      5.047  46253.804    29.3903    11.5771      5.000    11.5634    22.3117     5.6811     8.1189     89.807    248.183    253.720    0.03108    6.32598    9.04045  276.35203    11.5765   14.35827 6.8811e+01     0.8539     0.1975 0.0000e+00
        277 260.555105    0.01919     1.1514     69.086      6.057  46292.469    29.4146    11.5513      6.000    11.5435    22.3352     5.6822     8.1205     89.788    248.225    253.769    0.02058    6.32848    9.04403  276.45529    11.5506   14.36312 6.3354e+01     0.8631     0.2042 0.0000e+00
        282 260.555118    0.01949     1.1694     70.164      7.067  46359.892    29.4605    11.5391      7.000    11.5329    22.3729     5.6876     8.1281     89.875    248.448    254.007    0.01413    6.32831    9.04379  276.43755    11.5382   14.36208 5.7848e+01     0.8731     0.2030 0.0000e+00
        286 260.555131    0.01981     1.1888     71.326      8.076  46432.756    29.5097    11.5209      8.000    11.5072    22.4143     5.6971     8.1416     90.017    248.851    254.429    0.00994    6.32879    9.04448  276.44734    11.5200   14.36235 5.2988e+01     0.8772     0.2002 0.0000e+00
        291 260.555145    0.02015     1.2087     72.521      9.085  46471.557    29.5338    11.4927      9.000    11.4828    22.4380     5.7111     8.1618     90.200    249.462    255.059    0.00738    6.33165    9.04857  276.56603    11.4916   14.36794 4.8112e+01     0.8531     0.1842 0.0000e+00
        296 260.555158    0.02047     1.2277     73.663     10.095  46486.190    29.5415    11.4707     10.000    11.4515    22.4478     5.7329     8.1930     90.506    250.412    256.033    0.00665    6.33432    9.05237  276.67984    11.4695   14.37336 4.3665e+01     0.8551     0.1823 0.0000e+00
        300 260.555171    0.02076     1.2457     74.745     11.104  46536.604    29.5715    11.4204     11.000    11.3727    22.4799     5.7482     8.2148     90.667    251.073    256.716    0.00553    6.33996    9.06043  276.91743    11.4191   14.38463 3.9302e+01     0.8357     0.1889 0.0000e+00
        304 260.555182    0.02103     1.2622     75.731     12.114  46594.384    29.5987    11.2919     12.000    11.2001    22.5233     5.7512     8.2191     90.481    251.193    256.851    0.00283    6.35638    9.08390  277.62282    11.2906   14.41830 3.5399e+01     0.7999     0.1994 0.0000e+00
        309 260.555196    0.02136     1.2818     76.908     13.123  46736.908    29.6784    11.0967     13.000    11.0428    22.6188     5.7272     8.1846     89.770    250.117    255.774   -0.00258    6.37989    9.11749  278.62355    11.0952   14.46590 3.1973e+01     0.7828     0.1920 0.0000e+00
        314 260.555210    0.02172     1.3031     78.188     14.133  46825.625    29.7299    10.9968     14.000    10.9792    22.6760     5.7091     8.1589     89.324    249.317    254.970   -0.00479    6.39153    9.13413  279.11639    10.9951   14.48929 2.8876e+01     0.7827     0.1888 0.0000e+00
        319 260.555225    0.02205     1.3232     79.389     15.142  46848.454    29.7420    10.9628     15.000    10.9441    22.6911     5.7208     8.1755     89.447    249.822    255.491   -0.00246    6.39571    9.14011  279.29508    10.9611   14.49779 2.5965e+01     0.7727     0.1879 0.0000e+00
        323 260.555236    0.02234     1.3404     80.422     16.151  46853.175    29.7398    10.9151     16.000    10.8657    22.6975     5.7334     8.1936     89.551    250.372    256.055   -0.00096    6.40241    9.14968  279.58580    10.9132   14.51172 2.3340e+01     0.7442     0.1881 0.0000e+00
        327 260.555249    0.02263     1.3579     81.475     17.161  46873.983    29.7405    10.7911     17.000    10.7125    22.7190     5.7317     8.1912     89.286    250.292    255.978   -0.00218    6.41960    9.17425  280.33056    10.7891   14.54737 2.1054e+01     0.7218     0.1853 0.0000e+00
        331 260.555261    0.02294     1.3763     82.581     18.170  46981.121    29.7966    10.6200     18.000    10.5530    22.7912     5.7097     8.1598     88.646    249.315    254.997   -0.00546    6.44115    9.20505  281.25182    10.6180   14.59124 1.8969e+01     0.7049     0.1969 0.0000e+00
        336 260.555276    0.02328     1.3969     83.812     19.180  47121.868    29.8807    10.4916     19.000    10.4652    22.8781     5.6839     8.1229     88.045    248.165    253.843   -0.00750    6.45567    9.22580  281.86180    10.4895   14.62009 1.7063e+01     0.6792     0.1974 0.0000e+00
        342 260.555291    0.02365     1.4188     85.130     20.190  47195.800    29.9262    10.4384     20.000    10.4194    22.9223     5.6672     8.0990     87.711    247.427    253.098   -0.00677    6.46126    9.23379  282.09365    10.4362   14.63100 1.5305e+01     0.6695     0.2007 0.0000e+00
        346 260.555304    0.02397     1.4379     86.275     21.200  47250.460    29.9598    10.4001     21.000    10.3803    22.9548     5.6624     8.0922     87.582    247.209    252.884   -0.00548    6.46527    9.23951  282.25960    10.3978   14.63880 1.3718e+01     0.6596     0.2057 0.0000e+00
        350 260.555316    0.02427     1.4557     87.341     22.209  47306.405    29.9942    10.3612     22.000    10.3371    22.9880     5.6679     8.0999     87.611    247.439    253.127   -0.00364    6.46933    9.24532  282.42784    10.3588   14.64672 1.2352e+01     0.6534     0.2170 0.0000e+00
        355 260.555330    0.02457     1.4747     88.481     23.219  47397.808    30.0519    10.3085     23.000    10.2818    23.0416     5.6715     8.1052     87.599    247.584    253.289   -0.00250    6.47439    9.25255  282.63387    10.3060   14.65634 1.1152e+01     0.6354     0.2087 0.0000e+00
        360 260.555344    0.02492     1.4954     89.722     24.228  47529.033    30.1377    10.2568     24.000    10.2432    23.1169     5.6647     8.0954     87.443    247.270    252.986   -0.00263    6.47815    9.25793  282.77737    10.2542   14.66286 1.0082e+01     0.6342     0.2025 0.0000e+00
        365 260.555359    0.02527     1.5162     90.972     25.237  47633.176    30.2085    10.2401     25.000    10.2402    23.1748     5.6649     8.0956     87.453    247.262    252.993   -0.00181    6.47757    9.25710  282.73615    10.2374   14.66060 9.0904e+00     0.6278     0.1930 0.0000e+00
        370 260.555372    0.02560     1.5363     92.180     26.247  47704.054    30.2598    10.2555     26.000    10.2658    23.2122     5.6733     8.1077     87.641    247.620    253.368   -0.00015    6.47328    9.25097  282.53857    10.2526   14.65094 8.2014e+00     0.6499     0.1869 0.0000e+00
        374 260.555386    0.02592     1.5555     93.329     27.257  47785.521    30.3205    10.2887     27.000    10.2983    23.2541     5.6852     8.1248     87.924    248.133    253.903    0.00153    6.46608    9.24067  282.21241    10.2857   14.63508 7.3956e+00     0.6820     0.1837 0.0000e+00
        379 260.555399    0.02625     1.5750     94.499     28.266  47848.953    30.3672    10.3092     28.000    10.3054    23.2871     5.7004     8.1464     88.223    248.784    254.577    0.00282    6.46126    9.23379  281.99317    10.3060   14.62440 6.6815e+00     0.6863     0.1855 0.0000e+00
        384 260.555414    0.02661     1.5965     95.787     29.276  47901.947    30.4032    10.3020     29.000    10.2944    23.3164     5.7114     8.1621     88.401    249.259    255.071    0.00284    6.46078    9.23310  281.96418    10.2988   14.62287 6.0302e+00     0.6514     0.1813 0.0000e+00
        390 260.555430    0.02698     1.6190     97.142     30.285  47928.323    30.4199    10.2898     30.000    10.2748    23.3314     5.7158     8.1684     88.454    249.446    255.266    0.00198    6.46182    9.23458  282.00503    10.2865   14.62476 5.4323e+00     0.6479     0.1733 0.0000e+00
        394 260.555443    0.02729     1.6377     98.264     31.295  47988.373    30.4560    10.2418     31.000    10.1928    23.3674     5.7176     8.1711     88.411    249.519    255.350    0.00110    6.46711    9.24214  282.22604    10.2383   14.63519 4.9102e+00     0.6347     0.1823 0.0000e+00
        399 260.555456    0.02762     1.6571     99.429     32.304  48135.905    30.5446    10.1192     32.000    10.0597    23.4565     5.7068     8.1555     88.057    249.022    254.863   -0.00140    6.48078    9.26169  282.79826    10.1157   14.66221 4.4545e+00     0.6458     0.1856 0.0000e+00
        403 260.555470    0.02795     1.6769    100.615     33.314  48267.905    30.6207     9.9856     33.000     9.9308    23.5375     5.7023     8.1491     87.773    248.807    254.663   -0.00297    6.49660    9.28429  283.46602     9.9820   14.69384 4.0344e+00     0.6367     0.1786 0.0000e+00
        408 260.555484    0.02827     1.6966    101.796     34.324  48358.289    30.6717     9.8880     34.000     9.8612    23.5931     5.7127     8.1639     87.774    249.247    255.128   -0.00211    6.50839    9.30113  283.96477     9.8843   14.71749 3.6494e+00     0.6399     0.1788 0.0000e+00
        412 260.555496    0.02857     1.7145    102.871     35.333  48392.972    30.6899     9.8423     35.000     9.8223    23.6146     5.7188     8.1727     87.790    249.508    255.401   -0.00139    6.51416    9.30939  284.21088     9.8385   14.72919 3.3047e+00     0.6428     0.1937 0.0000e+00
        417 260.555509    0.02888     1.7330    103.980     36.342  48413.901    30.7001     9.8100     36.000     9.7929    23.6277     5.7188     8.1728     87.735    249.509    255.405   -0.00134    6.51835    9.31537  284.38998     9.8061   14.73771 2.9954e+00     0.6355     0.1761 0.0000e+00
        421 260.555522    0.02920     1.7517    105.104     37.353  48423.357    30.7025     9.7797     37.000     9.7589    23.6344     5.7172     8.1704     87.652    249.432    255.328   -0.00147    6.52259    9.32143  284.57286     9.7757   14.74645 2.7116e+00     0.6150     0.1773 0.0000e+00
        426 260.555535    0.02951     1.7708    106.248     38.362  48423.696    30.6953     9.7247     38.000     9.6728    23.6376     5.7140     8.1659     87.493    249.295    255.187   -0.00196    6.53081    9.33318  284.93077     9.7206   14.76360 2.4600e+00     0.6082     0.1764 0.0000e+00
        430 260.555548    0.02981     1.7886    107.314     39.371  48471.797    30.7132     9.6045     39.000     9.5296    23.6706     5.6994     8.1451     87.051    248.652    254.538   -0.00388    6.54739    9.35687  285.64507     9.6004   14.79768 2.2338e+00     0.5680     0.1726 0.0000e+00
        434 260.555559    0.03008     1.8049    108.293     40.382  48554.143    30.7525     9.4655     40.000     9.3913    23.7230     5.6636     8.0939     86.260    247.076    252.937   -0.00753    6.56587    9.38328  286.43659     9.4613   14.83536 2.0337e+00     0.5216     0.1784 0.0000e+00
        438 260.555571    0.03037     1.8219    109.315     41.391  48674.090    30.8181     9.3290     41.000     9.2762    23.7956     5.6051     8.0102     85.147    244.505    250.323   -0.01197    6.58295    9.40769  287.16131     9.3247   14.86974 1.8537e+00     0.4815     0.2038 0.0000e+00
        443 260.555584    0.03067     1.8404    110.426     42.400  48771.460    30.8745     9.2426     42.000     9.2132    23.8530     5.5294     7.9021     83.867    241.191    246.944   -0.01594    6.59317    9.42229  287.59085     9.2383   14.89004 1.6855e+00     0.4441     0.2153 0.0000e+00
        448 260.555598    0.03101     1.8605    111.633     43.410  48850.833    30.9207     9.1768     43.000     9.1316    23.8993     5.4772     7.8274     82.977    238.900    244.610   -0.01602    6.60084    9.43327  287.91282     9.1723   14.90525 1.5297e+00     0.4415     0.2125 0.0000e+00
        452 260.555611    0.03134     1.8802    112.809     44.420  48995.986    31.0066     9.0647     44.000     8.9922    23.9836     5.4465     7.7835     82.352    237.542    243.239   -0.01432    6.61367    9.45160  288.44857     9.0601   14.93050 1.3856e+00     0.4394     0.2175 0.0000e+00
        456 260.555623    0.03163     1.8974    113.845     45.430  49192.983    31.1231     8.9133     45.000     8.8222    24.0977     5.4121     7.7344     81.618    236.016    241.704   -0.01438    6.63104    9.47642  289.17390     8.9087   14.96469 1.2589e+00     0.4215     0.2303 0.0000e+00
        460 260.555634    0.03189     1.9134    114.804     46.439  49406.348    31.2497     8.7554     46.000     8.6938    24.2205     5.3702     7.6745     80.768    234.162    239.834   -0.01552    6.64902    9.50211  289.92314     8.7507   14.99997 1.1459e+00     0.3952     0.2266 0.0000e+00
        464 260.555646    0.03217     1.9304    115.822     47.449  49534.783    31.3257     8.6616     47.000     8.6374    24.2941     5.3265     7.6121     79.981    232.240    237.882   -0.01591    6.65970    9.51739  290.36814     8.6568   15.02092 1.0439e+00     0.3767     0.2225 0.0000e+00
        469 260.555660    0.03250     1.9498    116.987     48.459  49577.686    31.3507     8.6295     48.000     8.6201    24.3184     5.2968     7.5697     79.491    230.940    236.556   -0.01381    6.66340    9.52266  290.52233     8.6247   15.02819 9.4961e-01     0.3689     0.2159 0.0000e+00
        474 260.555675    0.03286     1.9716    118.298     49.469  49587.339    31.3558     8.6213     49.000     8.6149    24.3237     5.2846     7.5523     79.296    230.406    236.011   -0.01007    6.66440    9.52410  290.56460     8.6164   15.03019 8.6006e-01     0.3682     0.2204 0.0000e+00
        479 260.555689    0.03319     1.9917    119.501     50.478  49591.893    31.3578     8.6160     50.000     8.6051    24.3260     5.2774     7.5419     79.179    230.090    235.687   -0.00746    6.66510    9.52510  290.59446     8.6111   15.03161 7.7830e-01     0.3816     0.2260 0.0000e+00
        483 260.555701    0.03349     2.0095    120.571     51.487  49612.053    31.3689     8.5987     51.000     8.5806    24.3373     5.2716     7.5335     79.066    229.833    235.426   -0.00589    6.66722    9.52812  290.68353     8.5937   15.03582 7.0664e-01     0.4088     0.2509 0.0000e+00
        488 260.555714    0.03379     2.0275    121.650     52.498  49648.442    31.3896     8.5697     52.000     8.5504    24.3579     5.2607     7.5181     78.864    229.357    234.944   -0.00532    6.67067    9.53305  290.82803     8.5645   15.04264 6.4270e-01     0.3890     0.2722 0.0000e+00
        492 260.555726    0.03409     2.0454    122.721     53.507  49690.399    31.4140     8.5389     53.000     8.5194    24.3815     5.2486     7.5007     78.640    228.822    234.402   -0.00509    6.67422    9.53813  290.97634     8.5336   15.04962 5.8607e-01     0.3732     0.2398 0.0000e+00
