CTD-processing/allCTD/CNV/2018_03-27_t9_s01_cast030_5028.cnv
* Sea-Bird SBE19plus Data File:
* FileName = P:\My Documents\kasitsna\Research-KBL\Oceanography-AK\CTD-Data-ALL-to-2017-02\2018-CTD-KachemakBay-CookInlet\2018-03-27-CookInlet-Tran9-HomerSpit\2018-03-27-CookInlet-Tran9-cast030.hex
* Software Version 1.59
* Temperature SN =  5028
* Conductivity SN =  5028
* System UpLoad Time = Mar 28 2018 11:16:57
** Cook Inlet LTM Transect 9 Homer Spit Line north to south
** Date: 2018_03-27
** Station: (eg. 9-01): 9-01
** Start time (AKDT): 11:31
** Depth (m): 55.5
** Comment:
** Comment:
# nquan = 27
# nvalues = 61                          
# units = specified
# name 0 = scan: Scan Count
# name 1 = timeJ: Julian Days
# name 2 = timeH: Time, Elapsed [hours]
# name 3 = timeM: Time, Elapsed [minutes]
# name 4 = timeS: Time, Elapsed [seconds]
# name 5 = prdM: Pressure, Strain Gauge [db]
# name 6 = specc: Specific Conductance [uS/cm]
# name 7 = sal00: Salinity, Practical [PSU]
# name 8 = tv290C: Temperature [ITS-90, deg C]
# name 9 = depSM: Depth [salt water, m], lat = 59.00
# name 10 = potemp090C: Potential Temperature [ITS-90, deg C]
# name 11 = sigma-é00: Density [sigma-theta, kg/m^3]
# name 12 = sbeox0ML/L: Oxygen, SBE 43 [ml/l]
# name 13 = sbeox0Mg/L: Oxygen, SBE 43 [mg/l]
# name 14 = sbeox0PS: Oxygen, SBE 43 [% saturation]
# name 15 = sbox0Mm/Kg: Oxygen, SBE 43 [umol/kg]
# name 16 = sbeox0Mm/L: Oxygen, SBE 43 [umol/l]
# name 17 = sbox0dV/dT: Oxygen, SBE 43 [dov/dt]
# name 18 = oxsolML/L: Oxygen Saturation, Garcia & Gordon [ml/l]
# name 19 = oxsolMg/L: Oxygen Saturation, Garcia & Gordon [mg/l]
# name 20 = oxsolMm/Kg: Oxygen Saturation, Garcia & Gordon [umol/kg]
# name 21 = potemp090C: Potential Temperature [ITS-90, deg C]
# name 22 = n2satMg/L: Nitrogen Saturation [mg/l]
# name 23 = par: PAR/Irradiance, Biospherical/Licor
# name 24 = flECO-AFL: Fluorescence, WET Labs ECO-AFL/FL [mg/m^3]
# name 25 = turbWETntu0: Turbidity, WET Labs ECO [NTU]
# name 26 = flag: flag
# span 0 =        265,        549       
# span 1 =  86.481041,  86.481862       
# span 2 =    0.01831,    0.03803       
# span 3 =     1.0988,     2.2818       
# span 4 =     65.926,    136.905       
# span 5 =      1.010,     61.585       
# span 6 =  51216.203,  51436.836       
# span 7 =    31.5085,    31.7423       
# span 8 =     3.5118,     3.9784       
# span 9 =      1.000,     61.000       
# span 10 =     3.5595,     3.9758      
# span 11 =    25.0547,    25.1980      
# span 12 =     6.6992,     6.8299      
# span 13 =     9.5738,     9.7606      
# span 14 =     89.722,     92.165      
# span 15 =    291.850,    297.526      
# span 16 =    299.187,    305.022      
# span 17 =   -0.00027,    0.03229      
# span 18 =    7.40981,    7.50691      
# span 19 =   10.58936,   10.72813      
# span 20 =  322.78866,  327.06434      
# span 21 =     3.5117,     3.9744      
# span 22 =   16.56437,   16.76858      
# span 23 = 3.7976e-02, 1.6390e+02      
# span 24 =     0.3160,     0.4496      
# span 25 =     0.9125,     1.1871      
# span 26 = 0.0000e+00, 0.0000e+00      
# interval = meters: 1                  
# start_time = Mar 27 2018 11:31:36 [Instrument's time stamp, header]
# bad_flag = -9.990e-29
*END*
        265  86.481041    0.01831     1.0988     65.926      1.010  51216.203    31.5085     3.5118      1.000     3.5595    25.0547     6.7476     9.6430     89.885    293.981    301.347    0.03229    7.50691   10.72813  327.06434     3.5117   16.76858 1.6390e+02     0.3160     1.1871 0.0000e+00
        270  86.481055    0.01866     1.1195     67.169      2.019  51300.637    31.5929     3.6227      2.000     3.6468    25.1119     6.7473     9.6426     90.179    293.956    301.336    0.02421    7.48217   10.69276  325.96780     3.6226   16.71613 1.0891e+02     0.3574     1.1436 0.0000e+00
        274  86.481068    0.01897     1.1384     68.301      3.028  51313.516    31.6112     3.6632      3.000     3.6728    25.1228     6.7362     9.6267     90.131    293.466    300.839    0.01757    7.47379   10.68079  325.59929     3.6631   16.69853 8.1406e+01     0.3758     1.0546 0.0000e+00
        279  86.481081    0.01929     1.1574     69.443      4.038  51330.264    31.6270     3.6834      4.000     3.6899    25.1336     6.7085     9.5872     89.815    292.258    299.604    0.01109    7.46928   10.67435  325.39949     3.6832   16.68897 6.6767e+01     0.3855     1.0581 0.0000e+00
        283  86.481095    0.01960     1.1759     70.553      5.047  51335.549    31.6332     3.6961      5.000     3.6988    25.1374     6.6992     9.5738     89.722    291.850    299.187    0.00749    7.46664   10.67057  325.28326     3.6959   16.68342 5.6561e+01     0.4026     1.0442 0.0000e+00
        288  86.481108    0.01992     1.1954     71.721      6.057  51338.904    31.6363     3.7013      6.000     3.7017    25.1393     6.7041     9.5808     89.800    292.060    299.402    0.00566    7.46554   10.66901  325.23498     3.7009   16.68111 4.8613e+01     0.4242     1.0086 0.0000e+00
        293  86.481122    0.02025     1.2147     72.885      7.066  51343.621    31.6394     3.7030      7.000     3.7035    25.1417     6.7104     9.5898     89.890    292.334    299.684    0.00448    7.46507   10.66833  325.21349     3.7026   16.68008 4.1476e+01     0.4496     1.0224 0.0000e+00
        297  86.481134    0.02056     1.2336     74.018      8.076  51346.204    31.6412     3.7053      8.000     3.7059    25.1429     6.7151     9.5966     89.960    292.543    299.898    0.00350    7.46456   10.66760  325.19109     3.7048   16.67900 3.4978e+01     0.4459     0.9846 0.0000e+00
        302  86.481149    0.02089     1.2535     75.213      9.085  51348.040    31.6426     3.7078      9.000     3.7081    25.1438     6.7279     9.6149     90.138    293.099    300.469    0.00332    7.46404   10.66686  325.16798     3.7072   16.67790 2.9475e+01     0.4452     0.9491 0.0000e+00
        306  86.481161    0.02121     1.2726     76.355     10.095  51349.295    31.6434     3.7099     10.000     3.7101    25.1442     6.7386     9.6302     90.287    293.567    300.949    0.00308    7.46361   10.66624  325.14921     3.7093   16.67701 2.4674e+01     0.4466     0.9448 0.0000e+00
        311  86.481176    0.02154     1.2925     77.548     11.104  51350.006    31.6438     3.7117     11.000     3.7117    25.1444     6.7503     9.6469     90.448    294.076    301.470    0.00294    7.46325   10.66574  325.13368     3.7110   16.67627 2.0614e+01     0.4454     0.9378 0.0000e+00
        316  86.481189    0.02186     1.3118     78.710     12.114  51354.123    31.6466     3.7136     12.000     3.7140    25.1464     6.7593     9.6597     90.574    294.466    301.870    0.00270    7.46277   10.66505  325.11202     3.7129   16.67523 1.7201e+01     0.4366     0.9417 0.0000e+00
        321  86.481203    0.02219     1.3318     79.907     13.123  51355.152    31.6474     3.7163     13.000     3.7158    25.1469     6.7655     9.6686     90.663    294.735    302.146    0.00230    7.46224   10.66428  325.08859     3.7155   16.67411 1.4306e+01     0.4166     0.9305 0.0000e+00
        325  86.481216    0.02252     1.3513     81.076     14.133  51354.799    31.6468     3.7165     14.000     3.7154    25.1463     6.7739     9.6805     90.775    295.100    302.522    0.00216    7.46223   10.66427  325.08842     3.7157   16.67410 1.1898e+01     0.4308     0.9361 0.0000e+00
        330  86.481230    0.02286     1.3712     82.271     15.142  51355.423    31.6465     3.7160     15.000     3.7149    25.1462     6.7794     9.6885     90.848    295.342    302.769    0.00183    7.46234   10.66443  325.09317     3.7150   16.67433 9.8969e+00     0.4219     0.9408 0.0000e+00
        335  86.481244    0.02319     1.3912     83.470     16.152  51357.685    31.6476     3.7161     16.000     3.7155    25.1470     6.7896     9.7030     90.985    295.784    303.222    0.00192    7.46227   10.66433  325.09001     3.7151   16.67418 8.2202e+00     0.4211     0.9422 0.0000e+00
        340  86.481258    0.02351     1.4108     84.650     17.161  51360.377    31.6492     3.7174     17.000     3.7170    25.1482     6.7948     9.7105     91.060    296.015    303.458    0.00172    7.46194   10.66386  325.07521     3.7164   16.67347 6.8348e+00     0.4225     0.9313 0.0000e+00
        344  86.481271    0.02385     1.4309     85.857     18.170  51363.363    31.6512     3.7193     18.000     3.7198    25.1496     6.7998     9.7177     91.132    296.231    303.680    0.00147    7.46149   10.66321  325.05500     3.7182   16.67249 5.6632e+00     0.4240     0.9339 0.0000e+00
        349  86.481285    0.02417     1.4499     86.995     19.181  51369.153    31.6559     3.7243     19.000     3.7273    25.1528     6.8052     9.7254     91.219    296.465    303.922    0.00149    7.46034   10.66157  325.00388     3.7232   16.67005 4.7000e+00     0.4310     0.9366 0.0000e+00
        354  86.481298    0.02449     1.4694     88.164     20.190  51382.713    31.6682     3.7392     20.000     3.7468    25.1613     6.8091     9.7309     91.312    296.632    304.095    0.00144    7.45700   10.65680  324.85587     3.7380   16.66296 3.9113e+00     0.4154     0.9238 0.0000e+00
        358  86.481312    0.02481     1.4887     89.325     21.199  51376.006    31.6674     3.7565     21.000     3.7598    25.1590     6.8154     9.7398     91.434    296.904    304.374    0.00165    7.45388   10.65234  324.72050     3.7552   16.65653 3.2458e+00     0.4071     0.9302 0.0000e+00
        363  86.481324    0.02512     1.5072     90.431     22.209  51382.017    31.6739     3.7686     22.000     3.7731    25.1632     6.8162     9.7410     91.477    296.941    304.413    0.00136    7.45135   10.64872  324.60893     3.7672   16.65119 2.7009e+00     0.3993     0.9373 0.0000e+00
        368  86.481339    0.02546     1.5273     91.639     23.218  51377.917    31.6737     3.7812     23.000     3.7822    25.1618     6.8202     9.7467     91.558    297.113    304.589    0.00133    7.44905   10.64544  324.50940     3.7798   16.64647 2.2455e+00     0.3873     0.9175 0.0000e+00
        372  86.481352    0.02578     1.5468     92.809     24.228  51372.936    31.6705     3.7840     24.000     3.7822    25.1590     6.8191     9.7452     91.547    297.067    304.540    0.00088    7.44870   10.64494  324.49491     3.7825   16.64579 1.8672e+00     0.3818     0.9243 0.0000e+00
        377  86.481365    0.02609     1.5655     93.928     25.237  51380.875    31.6758     3.7856     25.000     3.7872    25.1631     6.8171     9.7423     91.527    296.978    304.451    0.00045    7.44814   10.64413  324.46916     3.7841   16.64454 1.5566e+00     0.4055     0.9231 0.0000e+00
        382  86.481379    0.02643     1.5856     95.136     26.247  51387.756    31.6822     3.7948     26.000     3.7984    25.1673     6.8219     9.7491     91.615    297.184    304.663    0.00070    7.44616   10.64130  324.38137     3.7931   16.64034 1.2943e+00     0.4047     0.9125 0.0000e+00
        386  86.481392    0.02675     1.6048     96.287     27.257  51391.572    31.6875     3.8081     27.000     3.8119    25.1703     6.8231     9.7509     91.666    297.239    304.721    0.00074    7.44347   10.63746  324.26336     3.8063   16.63471 1.0777e+00     0.4222     0.9307 0.0000e+00
        391  86.481406    0.02708     1.6249     97.493     28.266  51393.439    31.6910     3.8193     28.000     3.8243    25.1721     6.8232     9.7511     91.695    297.245    304.727    0.00062    7.44124   10.63427  324.16574     3.8176   16.63006 8.9794e-01     0.4037     0.9410 0.0000e+00
        396  86.481420    0.02740     1.6443     98.658     29.275  51415.357    31.7115     3.8442     29.000     3.8552    25.1860     6.8235     9.7514     91.767    297.249    304.736    0.00073    7.43569   10.62634  323.91953     3.8423   16.61826 7.4878e-01     0.3964     0.9486 0.0000e+00
        401  86.481434    0.02775     1.6650     99.902     30.285  51399.418    31.7064     3.8698     30.000     3.8709    25.1795     6.8266     9.7559     91.863    297.387    304.875    0.00103    7.43129   10.62006  323.73005     3.8678   16.60928 6.2103e-01     0.3835     0.9883 0.0000e+00
        405  86.481447    0.02807     1.6840    101.040     31.295  51399.595    31.7075     3.8760     31.000     3.8766    25.1798     6.8196     9.7458     91.783    297.082    304.563    0.00029    7.43012   10.61838  323.67878     3.8740   16.60684 5.1614e-01     0.3704     0.9953 0.0000e+00
        410  86.481461    0.02840     1.7044    102.264     32.305  51400.603    31.7092     3.8823     32.000     3.8824    25.1806     6.8178     9.7434     91.775    297.006    304.485    0.00009    7.42887   10.61661  323.62446     3.8803   16.60425 4.3022e-01     0.3904     0.9994 0.0000e+00
        415  86.481475    0.02873     1.7236    103.418     33.314  51399.678    31.7090     3.8864     33.000     3.8852    25.1801     6.8163     9.7412     91.763    296.938    304.415   -0.00004    7.42814   10.61556  323.59272     3.8843   16.60274 3.5904e-01     0.3936     1.0060 0.0000e+00
        419  86.481488    0.02906     1.7437    104.621     34.324  51399.371    31.7087     3.8880     34.000     3.8861    25.1797     6.8161     9.7410     91.765    296.934    304.410   -0.00010    7.42786   10.61516  323.58068     3.8859   16.60217 2.9997e-01     0.4025     1.0281 0.0000e+00
        424  86.481503    0.02940     1.7643    105.856     35.334  51402.676    31.7107     3.8892     35.000     3.8882    25.1813     6.8209     9.7478     91.833    297.142    304.625    0.00020    7.42754   10.61470  323.56617     3.8870   16.60147 2.5084e-01     0.3989     1.0382 0.0000e+00
        429  86.481516    0.02972     1.7836    107.018     36.343  51403.559    31.7116     3.8922     36.000     3.8909    25.1816     6.8261     9.7551     91.909    297.364    304.852    0.00049    7.42695   10.61385  323.54035     3.8899   16.60024 2.1074e-01     0.3900     1.0174 0.0000e+00
        434  86.481531    0.03007     1.8039    108.233     37.352  51405.052    31.7127     3.8948     37.000     3.8935    25.1823     6.8218     9.7491     91.858    297.178    304.662    0.00006    7.42642   10.61309  323.51694     3.8925   16.59912 1.7813e-01     0.3874     1.0011 0.0000e+00
        439  86.481545    0.03041     1.8243    109.461     38.362  51404.485    31.7122     3.8968     38.000     3.8946    25.1817     6.8181     9.7438     91.813    297.019    304.498   -0.00027    7.42609   10.61262  323.50264     3.8944   16.59844 1.5096e-01     0.3839     0.9986 0.0000e+00
        444  86.481559    0.03074     1.8448    110.685     39.372  51405.762    31.7128     3.8973     39.000     3.8951    25.1821     6.8200     9.7465     91.840    297.102    304.583   -0.00012    7.42597   10.61246  323.49769     3.8948   16.59821 1.2900e-01     0.3849     0.9908 0.0000e+00
        449  86.481573    0.03108     1.8649    111.892     40.381  51406.920    31.7132     3.8980     40.000     3.8959    25.1823     6.8236     9.7516     91.890    297.257    304.742    0.00010    7.42582   10.61223  323.49080     3.8955   16.59788 1.1108e-01     0.3811     0.9901 0.0000e+00
        453  86.481587    0.03142     1.8854    113.122     41.391  51409.600    31.7149     3.8995     41.000     3.8982    25.1835     6.8279     9.7577     91.952    297.442    304.932    0.00033    7.42546   10.61172  323.47470     3.8969   16.59711 9.6242e-02     0.3936     1.0022 0.0000e+00
        458  86.481601    0.03176     1.9056    114.335     42.401  51411.306    31.7164     3.9027     42.000     3.9017    25.1844     6.8286     9.7588     91.970    297.474    304.966    0.00027    7.42481   10.61079  323.44602     3.9001   16.59573 8.4349e-02     0.3830     1.0519 0.0000e+00
        463  86.481615    0.03210     1.9262    115.574     43.411  51415.355    31.7198     3.9078     43.000     3.9079    25.1867     6.8275     9.7573     91.969    297.427    304.918    0.00013    7.42371   10.60922  323.39751     3.9051   16.59342 7.4790e-02     0.3708     1.0176 0.0000e+00
        468  86.481630    0.03244     1.9466    116.794     44.420  51418.527    31.7231     3.9148     44.000     3.9158    25.1887     6.8285     9.7586     92.000    297.468    304.961    0.00019    7.42227   10.60717  323.33422     3.9120   16.59039 6.7033e-02     0.3660     1.0092 0.0000e+00
        473  86.481644    0.03279     1.9671    118.029     45.429  51419.115    31.7254     3.9243     45.000     3.9240    25.1896     6.8275     9.7572     92.009    297.425    304.917    0.00014    7.42043   10.60455  323.25406     3.9215   16.58657 6.0861e-02     0.3921     1.0257 0.0000e+00
        478  86.481658    0.03313     1.9875    119.248     46.439  51417.534    31.7249     3.9289     46.000     3.9273    25.1887     6.8271     9.7566     92.014    297.407    304.898    0.00006    7.41962   10.60339  323.21904     3.9260   16.58491 5.5650e-02     0.3911     1.0274 0.0000e+00
        483  86.481672    0.03345     2.0071    120.427     47.449  51422.030    31.7284     3.9330     47.000     3.9329    25.1912     6.8263     9.7555     92.015    297.373    304.865    0.00000    7.41871   10.60208  323.17841     3.9300   16.58296 5.1525e-02     0.3973     1.0072 0.0000e+00
        488  86.481686    0.03379     2.0276    121.659     48.459  51423.362    31.7306     3.9406     48.000     3.9400    25.1923     6.8249     9.7534     92.014    297.310    304.799   -0.00007    7.41723   10.59996  323.11334     3.9376   16.57986 4.8101e-02     0.4091     1.0070 0.0000e+00
        492  86.481699    0.03412     2.0472    122.834     49.468  51421.672    31.7300     3.9450     49.000     3.9428    25.1913     6.8256     9.7545     92.033    297.341    304.832   -0.00001    7.41647   10.59887  323.08064     3.9418   16.57830 4.5346e-02     0.3904     0.9914 0.0000e+00
        497  86.481714    0.03446     2.0676    124.055     50.478  51425.763    31.7331     3.9482     50.000     3.9477    25.1935     6.8242     9.7525     92.023    297.279    304.769   -0.00010    7.41574   10.59783  323.04797     3.9450   16.57674 4.3267e-02     0.3829     0.9877 0.0000e+00
        502  86.481728    0.03480     2.0879    125.273     51.488  51427.452    31.7356     3.9557     51.000     3.9549    25.1947     6.8234     9.7513     92.031    297.244    304.734   -0.00011    7.41425   10.59569  322.98259     3.9525   16.57362 4.1537e-02     0.3853     0.9968 0.0000e+00
        507  86.481743    0.03516     2.1095    126.571     52.497  51426.129    31.7353     3.9605     52.000     3.9584    25.1941     6.8280     9.7579     92.103    297.444    304.937    0.00024    7.41338   10.59446  322.94538     3.9572   16.57185 4.0080e-02     0.3726     0.9777 0.0000e+00
        512  86.481756    0.03549     2.1290    127.743     53.507  51430.991    31.7391     3.9644     53.000     3.9641    25.1967     6.8259     9.7549     92.087    297.352    304.844    0.00004    7.41249   10.59318  322.90551     3.9611   16.56994 3.8831e-02     0.3654     0.9871 0.0000e+00
