CTD-processing/allCTD/CNV/2018_07-29_t3_s15_cast190_5028.cnv
* Sea-Bird SBE19plus Data File:
* FileName = C:\Users\Kim.Powell\Desktop\Not Processed\2018\2018_07-26_T3_5028\2018_07-29_T3_STATION_cast190.hex
* Software Version 1.59
* Temperature SN =  5028
* Conductivity SN =  5028
* System UpLoad Time = Aug 22 2018 09:52:56
** 2018_07-26
** Station: 3-15
** Start Time: 12:06
** Depth (m): 20
** Comment:
** Comment:
# nquan = 27
# nvalues = 20                          
# units = specified
# name 0 = scan: Scan Count
# name 1 = timeJ: Julian Days
# name 2 = timeH: Time, Elapsed [hours]
# name 3 = timeM: Time, Elapsed [minutes]
# name 4 = timeS: Time, Elapsed [seconds]
# name 5 = prdM: Pressure, Strain Gauge [db]
# name 6 = specc: Specific Conductance [uS/cm]
# name 7 = sal00: Salinity, Practical [PSU]
# name 8 = tv290C: Temperature [ITS-90, deg C]
# name 9 = depSM: Depth [salt water, m], lat = 59.00
# name 10 = potemp090C: Potential Temperature [ITS-90, deg C]
# name 11 = sigma-é00: Density [sigma-theta, kg/m^3]
# name 12 = sbeox0ML/L: Oxygen, SBE 43 [ml/l]
# name 13 = sbeox0Mg/L: Oxygen, SBE 43 [mg/l]
# name 14 = sbeox0PS: Oxygen, SBE 43 [% saturation]
# name 15 = sbox0Mm/Kg: Oxygen, SBE 43 [umol/kg]
# name 16 = sbeox0Mm/L: Oxygen, SBE 43 [umol/l]
# name 17 = sbox0dV/dT: Oxygen, SBE 43 [dov/dt]
# name 18 = oxsolML/L: Oxygen Saturation, Garcia & Gordon [ml/l]
# name 19 = oxsolMg/L: Oxygen Saturation, Garcia & Gordon [mg/l]
# name 20 = oxsolMm/Kg: Oxygen Saturation, Garcia & Gordon [umol/kg]
# name 21 = potemp090C: Potential Temperature [ITS-90, deg C]
# name 22 = n2satMg/L: Nitrogen Saturation [mg/l]
# name 23 = par: PAR/Irradiance, Biospherical/Licor
# name 24 = flECO-AFL: Fluorescence, WET Labs ECO-AFL/FL [mg/m^3]
# name 25 = turbWETntu0: Turbidity, WET Labs ECO [NTU]
# name 26 = flag: flag
# span 0 =        306,        397       
# span 1 = 207.505754, 207.506020       
# span 2 =    0.02117,    0.02752       
# span 3 =     1.2700,     1.6514       
# span 4 =     76.202,     99.083       
# span 5 =      1.010,     20.190       
# span 6 =  47971.702,  48076.295       
# span 7 =    30.5357,    30.5920       
# span 8 =    10.8416,    10.9287       
# span 9 =      1.000,     20.000       
# span 10 =    10.8387,    10.9278      
# span 11 =    23.3138,    23.3728      
# span 12 =     6.0965,     6.2099      
# span 13 =     8.7126,     8.8746      
# span 14 =     95.733,     97.365      
# span 15 =    266.068,    270.999      
# span 16 =    272.272,    277.333      
# span 17 =    0.00009,    0.00421      
# span 18 =    6.36822,    6.37790      
# span 19 =    9.10083,    9.11466      
# span 20 =  277.92530,  278.33171      
# span 21 =    10.8393,    10.9285      
# span 22 =   14.42901,   14.44825      
# span 23 = 2.2480e+00, 2.3203e+02      
# span 24 =     0.6010,     0.6909      
# span 25 =     0.7172,     0.9505      
# span 26 = 0.0000e+00, 0.0000e+00      
# interval = meters: 1                  
# start_time = Jul 26 2018 12:07:01 [Instrument's time stamp, header]
# bad_flag = -9.990e-29
*END*
        306 207.505754    0.02117     1.2700     76.202      1.010  47971.702    30.5357    10.9287      1.000    10.9278    23.3138     6.0965     8.7126     95.733    266.068    272.272    0.00421    6.36822    9.10083  277.92530    10.9285   14.42901 2.3203e+02     0.6010     0.7172 0.0000e+00
        311 207.505770    0.02153     1.2919     77.512      2.019  47973.726    30.5364    10.9267      2.000    10.9255    23.3147     6.1117     8.7341     95.967    266.727    272.946    0.00407    6.36846    9.10116  277.93542    10.9265   14.42949 1.6013e+02     0.6056     0.8004 0.0000e+00
        316 207.505784    0.02186     1.3120     78.717      3.028  47977.342    30.5382    10.9234      3.000    10.9203    23.3167     6.1175     8.7425     96.053    266.981    273.207    0.00308    6.36885    9.10173  277.95202    10.9230   14.43028 1.1266e+02     0.6333     0.8125 0.0000e+00
        320 207.505797    0.02218     1.3311     79.864      4.038  47984.902    30.5425    10.9174      4.000    10.9148    23.3210     6.1255     8.7540     96.170    267.331    273.566    0.00265    6.36949    9.10264  277.97868    10.9169   14.43154 8.3189e+01     0.6626     0.8688 0.0000e+00
        325 207.505810    0.02250     1.3499     80.995      5.047  47991.662    30.5462    10.9117      5.000    10.9071    23.3249     6.1356     8.7684     96.319    267.772    274.018    0.00257    6.37012    9.10353  278.00498    10.9111   14.43278 6.5092e+01     0.6823     0.8724 0.0000e+00
        329 207.505823    0.02280     1.3681     82.087      6.057  48002.168    30.5523    10.9032      6.000    10.9002    23.3312     6.1465     8.7839     96.475    268.243    274.501    0.00267    6.37105    9.10487  278.04396    10.9025   14.43462 5.1761e+01     0.6909     0.8186 0.0000e+00
        334 207.505836    0.02313     1.3880     83.278      7.066  48007.148    30.5550    10.8996      7.000    10.8990    23.3339     6.1538     8.7944     96.585    268.562    274.828    0.00232    6.37142    9.10540  278.05957    10.8988   14.43536 4.1792e+01     0.6738     0.7998 0.0000e+00
        339 207.505850    0.02344     1.4067     84.401      8.076  48006.115    30.5540    10.9012      8.000    10.9017    23.3329     6.1642     8.8091     96.750    269.014    275.291    0.00243    6.37125    9.10515  278.05233    10.9003   14.43502 3.3659e+01     0.6650     0.8059 0.0000e+00
        343 207.505862    0.02375     1.4253     85.517      9.085  48002.581    30.5515    10.9049      9.000    10.9052    23.3303     6.1736     8.8226     96.903    269.426    275.712    0.00259    6.37084    9.10457  278.03521    10.9039   14.43421 2.7142e+01     0.6635     0.8203 0.0000e+00
        348 207.505876    0.02409     1.4451     86.707     10.094  48001.093    30.5502    10.9068     10.000    10.9054    23.3290     6.1756     8.8255     96.939    269.516    275.803    0.00183    6.37064    9.10428  278.02663    10.9056   14.43380 2.2044e+01     0.6513     0.8212 0.0000e+00
        352 207.505889    0.02440     1.4641     87.848     11.104  48002.712    30.5510    10.9061     11.000    10.9044    23.3297     6.1823     8.8352     97.044    269.810    276.104    0.00175    6.37071    9.10438  278.02951    10.9048   14.43394 1.7978e+01     0.6462     0.8388 0.0000e+00
        357 207.505904    0.02474     1.4846     89.074     12.114  48005.527    30.5522    10.9032     12.000    10.8957    23.3312     6.1884     8.8438     97.133    270.073    276.375    0.00163    6.37106    9.10488  278.04430    10.9017   14.43464 1.4508e+01     0.6412     0.8437 0.0000e+00
        362 207.505917    0.02508     1.5046     90.275     13.123  48024.573    30.5634    10.8866     13.000    10.8831    23.3427     6.1919     8.8488     97.160    270.221    276.529    0.00115    6.37287    9.10747  278.12034    10.8851   14.43824 1.1660e+01     0.6276     0.8474 0.0000e+00
        367 207.505932    0.02542     1.5250     91.502     14.133  48024.348    30.5631    10.8886     14.000    10.8882    23.3422     6.1928     8.8501     97.179    270.264    276.572    0.00077    6.37262    9.10710  278.10915    10.8870   14.43770 9.4129e+00     0.6285     0.8373 0.0000e+00
        372 207.505946    0.02576     1.5459     92.754     15.142  48025.228    30.5631    10.8875     15.000    10.8834    23.3425     6.1907     8.8471     97.142    270.169    276.475    0.00022    6.37276    9.10731  278.11571    10.8857   14.43801 7.5755e+00     0.6390     0.7986 0.0000e+00
        377 207.505960    0.02610     1.5661     93.964     16.152  48031.165    30.5663    10.8824     16.000    10.8775    23.3458     6.1963     8.8550     97.222    270.412    276.724    0.00046    6.37333    9.10812  278.13949    10.8806   14.43914 6.0799e+00     0.6335     0.8300 0.0000e+00
        382 207.505975    0.02647     1.5881     95.284     17.161  48043.353    30.5732    10.8701     17.000    10.8604    23.3533     6.2047     8.8672     97.333    270.779    277.103    0.00094    6.37476    9.11016  278.19969    10.8681   14.44200 4.8668e+00     0.6494     0.8364 0.0000e+00
        387 207.505989    0.02679     1.6069     96.416     18.171  48060.930    30.5835    10.8551     18.000    10.8497    23.3639     6.2050     8.8675     97.312    270.787    277.114    0.00044    6.37639    9.11250  278.26828    10.8530   14.44523 3.8652e+00     0.6405     0.9078 0.0000e+00
        391 207.506002    0.02711     1.6270     97.623     19.180  48068.942    30.5879    10.8480     19.000    10.8430    23.3686     6.2048     8.8673     97.297    270.779    277.107    0.00009    6.37720    9.11365  278.30206    10.8458   14.44684 3.0769e+00     0.6223     0.9505 0.0000e+00
        397 207.506020    0.02752     1.6514     99.083     20.190  48076.295    30.5920    10.8416     20.000    10.8387    23.3728     6.2099     8.8746     97.365    270.999    277.333    0.00034    6.37790    9.11466  278.33171    10.8393   14.44825 2.2480e+00     0.6237     0.9135 0.0000e+00
