CTD-processing/allCTD/CNV/2018_09-13_t4_s05_cast011_5028.cnv
* Sea-Bird SBE19plus Data File:
* FileName = C:\Users\Kim.Powell\Desktop\Not Processed\2018\2018_09-13_T3, T4, T9_5028\2018_09-13_TRANSECT_STATION_cast011.hex
* Software Version 1.59
* Temperature SN =  5028
* Conductivity SN =  5028
* System UpLoad Time = Sep 14 2018 15:58:01
** 2018_09-13
** Station: 4-05
** Start Time: 12:46
** Depth (m): 75
** Comment:
** Comment:
# nquan = 27
# nvalues = 73                          
# units = specified
# name 0 = scan: Scan Count
# name 1 = timeJ: Julian Days
# name 2 = timeH: Time, Elapsed [hours]
# name 3 = timeM: Time, Elapsed [minutes]
# name 4 = timeS: Time, Elapsed [seconds]
# name 5 = prdM: Pressure, Strain Gauge [db]
# name 6 = specc: Specific Conductance [uS/cm]
# name 7 = sal00: Salinity, Practical [PSU]
# name 8 = tv290C: Temperature [ITS-90, deg C]
# name 9 = depSM: Depth [salt water, m], lat = 59.00
# name 10 = potemp090C: Potential Temperature [ITS-90, deg C]
# name 11 = sigma-é00: Density [sigma-theta, kg/m^3]
# name 12 = sbeox0ML/L: Oxygen, SBE 43 [ml/l]
# name 13 = sbeox0Mg/L: Oxygen, SBE 43 [mg/l]
# name 14 = sbeox0PS: Oxygen, SBE 43 [% saturation]
# name 15 = sbox0Mm/Kg: Oxygen, SBE 43 [umol/kg]
# name 16 = sbeox0Mm/L: Oxygen, SBE 43 [umol/l]
# name 17 = sbox0dV/dT: Oxygen, SBE 43 [dov/dt]
# name 18 = oxsolML/L: Oxygen Saturation, Garcia & Gordon [ml/l]
# name 19 = oxsolMg/L: Oxygen Saturation, Garcia & Gordon [mg/l]
# name 20 = oxsolMm/Kg: Oxygen Saturation, Garcia & Gordon [umol/kg]
# name 21 = potemp090C: Potential Temperature [ITS-90, deg C]
# name 22 = n2satMg/L: Nitrogen Saturation [mg/l]
# name 23 = par: PAR/Irradiance, Biospherical/Licor
# name 24 = flECO-AFL: Fluorescence, WET Labs ECO-AFL/FL [mg/m^3]
# name 25 = turbWETntu0: Turbidity, WET Labs ECO [NTU]
# name 26 = flag: flag
# span 0 =        244,        577       
# span 1 = 256.534013, 256.534976       
# span 2 =    0.01688,    0.03998       
# span 3 =     1.0125,     2.3988       
# span 4 =     60.752,    143.928       
# span 5 =      1.009,     73.703       
# span 6 =  48568.128,  49103.260       
# span 7 =    30.8642,    31.1333       
# span 8 =     9.5333,    10.1568       
# span 9 =      1.000,     73.000       
# span 10 =     9.5249,    10.1422      
# span 11 =    23.7007,    24.0104      
# span 12 =     5.1851,     6.0420      
# span 13 =     7.4100,     8.6347      
# span 14 =     80.239,     93.316      
# span 15 =    226.205,    263.588      
# span 16 =    231.566,    269.839      
# span 17 =   -0.01139,    0.05850      
# span 18 =    6.46211,    6.53995      
# span 19 =    9.23500,    9.34625      
# span 20 =  281.91613,  285.22577      
# span 21 =     9.5256,    10.1567      
# span 22 =   14.61869,   14.77593      
# span 23 = 5.6668e-02, 5.7496e+02      
# span 24 =     0.4124,     1.0919      
# span 25 =     0.1836,     2.2750      
# span 26 = 0.0000e+00, 0.0000e+00      
# interval = meters: 1                  
# start_time = Sep 13 2018 12:47:58 [Instrument's time stamp, header]
# bad_flag = -9.990e-29
*END*
[from data line 54]
        492 256.534732    0.03412     2.0469    122.811     55.526  49031.837    31.0970     9.5808     55.000     9.5722    23.9743     5.5516     7.9338     84.956    242.128    247.933   -0.00194    6.53465    9.33867  285.00462     9.5749   14.76550 2.2944e-01     0.4292     0.7818 0.0000e+00
        497 256.534746    0.03445     2.0673    124.040     56.536  49042.878    31.1037     9.5756     56.000     9.5680    23.9803     5.5500     7.9315     84.926    242.059    247.864   -0.00151    6.53511    9.33932  285.02297     9.5696   14.76635 1.9463e-01     0.4270     0.8750 0.0000e+00
        501 256.534758    0.03474     2.0843    125.060     57.546  49049.892    31.1077     9.5718     57.000     9.5632    23.9841     5.5479     7.9286     84.889    241.967    247.770   -0.00133    6.53549    9.33986  285.03834     9.5657   14.76707 1.6592e-01     0.4363     0.9136 0.0000e+00
        506 256.534771    0.03506     2.1033    126.201     58.556  49059.968    31.1137     9.5671     58.000     9.5596    23.9895     5.5411     7.9189     84.780    241.670    247.467   -0.00158    6.53591    9.34048  285.05561     9.5609   14.76787 1.4165e-01     0.4505     1.0063 0.0000e+00
        511 256.534787    0.03545     2.1265    127.591     59.566  49066.347    31.1175     9.5645     59.000     9.5576    23.9928     5.5329     7.9072     84.651    241.311    247.100   -0.00182    6.53613    9.34078  285.06392     9.5582   14.76825 1.2136e-01     0.4668     1.1279 0.0000e+00
        515 256.534798    0.03571     2.1431    128.589     60.576  49070.741    31.1200     9.5635     60.000     9.5564    23.9950     5.5322     7.9061     84.640    241.280    247.070   -0.00144    6.53617    9.34085  285.06533     9.5570   14.76831 1.0492e-01     0.4779     1.1978 0.0000e+00
        519 256.534809    0.03598     2.1589    129.531     61.585  49076.062    31.1231     9.5616     61.000     9.5532    23.9977     5.5329     7.9070     84.647    241.306    247.097   -0.00106    6.53632    9.34105  285.07093     9.5550   14.76857 9.2990e-02     0.4505     1.2426 0.0000e+00
        525 256.534825    0.03636     2.1817    130.902     62.595  49082.521    31.1266     9.5570     62.000     9.5493    24.0012     5.5271     7.8987     84.553    241.055    246.840   -0.00122    6.53683    9.34178  285.09206     9.5504   14.76956 8.3703e-02     0.4298     1.2233 0.0000e+00
        530 256.534840    0.03671     2.2024    132.145     63.604  49086.148    31.1284     9.5549     63.000     9.5480    24.0030     5.5217     7.8910     84.467    240.818    246.598   -0.00142    6.53705    9.34210  285.10130     9.5482   14.77000 7.6569e-02     0.4437     1.2753 0.0000e+00
        533 256.534851    0.03697     2.2186    133.117     64.614  49087.505    31.1289     9.5551     64.000     9.5486    24.0034     5.5229     7.8929     84.488    240.875    246.657   -0.00096    6.53701    9.34203  285.09927     9.5482   14.76990 7.1312e-02     0.4499     1.2769 0.0000e+00
        538 256.534865    0.03731     2.2388    134.325     65.624  49086.880    31.1282     9.5563     65.000     9.5496    24.0027     5.5214     7.8906     84.466    240.805    246.585   -0.00080    6.53686    9.34183  285.09334     9.5493   14.76962 6.7504e-02     0.4599     1.2388 0.0000e+00
        543 256.534879    0.03766     2.2597    135.579     66.633  49086.474    31.1276     9.5564     66.000     9.5483    24.0021     5.5202     7.8888     84.446    240.751    246.529   -0.00072    6.53687    9.34184  285.09387     9.5493   14.76965 6.4672e-02     0.4499     1.2681 0.0000e+00
        548 256.534892    0.03796     2.2775    136.653     67.644  49088.616    31.1283     9.5538     67.000     9.5448    24.0032     5.5178     7.8855     84.405    240.649    246.424   -0.00073    6.53723    9.34235  285.10899     9.5466   14.77037 6.2430e-02     0.4294     1.3109 0.0000e+00
        552 256.534904    0.03826     2.2956    137.737     68.653  49091.734    31.1296     9.5503     68.000     9.5419    24.0047     5.5143     7.8806     84.347    240.497    246.270   -0.00098    6.53767    9.34298  285.12796     9.5430   14.77127 6.0648e-02     0.4468     1.3803 0.0000e+00
        557 256.534919    0.03860     2.3161    138.967     69.663  49093.990    31.1305     9.5482     69.000     9.5402    24.0058     5.5167     7.8840     84.381    240.602    246.377   -0.00050    6.53794    9.34336  285.13925     9.5408   14.77181 5.9386e-02     0.4657     1.4823 0.0000e+00
        561 256.534931    0.03891     2.3345    140.071     70.673  49094.519    31.1303     9.5470     70.000     9.5381    24.0058     5.5141     7.8803     84.338    240.489    246.261   -0.00062    6.53812    9.34363  285.14735     9.5395   14.77219 5.8485e-02     0.4722     1.5093 0.0000e+00
        566 256.534945    0.03923     2.3539    141.232     71.682  49096.331    31.1305     9.5427     71.000     9.5329    24.0067     5.5098     7.8741     84.265    240.301    246.070   -0.00091    6.53873    9.34450  285.17359     9.5351   14.77345 5.7681e-02     0.4526     1.6523 0.0000e+00
        571 256.534960    0.03959     2.3756    142.538     72.692  49099.858    31.1319     9.5379     72.000     9.5285    24.0086     5.4977     7.8567     84.070    239.769    245.525   -0.00174    6.53937    9.34541  285.20080     9.5301   14.77475 5.7108e-02     0.4650     1.9510 0.0000e+00
        577 256.534976    0.03998     2.3988    143.928     73.703  49103.260    31.1333     9.5333     73.000     9.5249    24.0104     5.4891     7.8445     83.932    239.397    245.145   -0.00214    6.53995    9.34625  285.22577     9.5256   14.77593 5.6668e-02     0.4838     2.2750 0.0000e+00
