CTD-processing/allCTD/CNV/2018_03-02_t9_s02_cast012_5028.cnv
* Sea-Bird SBE19plus Data File:
* FileName = C:\Users\Kim.Powell\Desktop\Not Processed\2018\2018_03-02_AlongBay,T9_5028\2018_03-02_TRANSECT_STATION_cast012.hex
* Software Version 1.59
* Temperature SN =  5028
* Conductivity SN =  5028
* System UpLoad Time = Mar 05 2018 11:31:24
** 2018_03-02
** Station: 9-02
** Start Time: 14:00
** Depth (m): 81.7
** Comment:**CTD time 1 hour off
** Comment:
# nquan = 27
# nvalues = 78                          
# units = specified
# name 0 = scan: Scan Count
# name 1 = timeJ: Julian Days
# name 2 = timeH: Time, Elapsed [hours]
# name 3 = timeM: Time, Elapsed [minutes]
# name 4 = timeS: Time, Elapsed [seconds]
# name 5 = prdM: Pressure, Strain Gauge [db]
# name 6 = specc: Specific Conductance [uS/cm]
# name 7 = sal00: Salinity, Practical [PSU]
# name 8 = tv290C: Temperature [ITS-90, deg C]
# name 9 = depSM: Depth [salt water, m], lat = 59.00
# name 10 = potemp090C: Potential Temperature [ITS-90, deg C]
# name 11 = sigma-é00: Density [sigma-theta, kg/m^3]
# name 12 = sbeox0ML/L: Oxygen, SBE 43 [ml/l]
# name 13 = sbeox0Mg/L: Oxygen, SBE 43 [mg/l]
# name 14 = sbeox0PS: Oxygen, SBE 43 [% saturation]
# name 15 = sbox0Mm/Kg: Oxygen, SBE 43 [umol/kg]
# name 16 = sbeox0Mm/L: Oxygen, SBE 43 [umol/l]
# name 17 = sbox0dV/dT: Oxygen, SBE 43 [dov/dt]
# name 18 = oxsolML/L: Oxygen Saturation, Garcia & Gordon [ml/l]
# name 19 = oxsolMg/L: Oxygen Saturation, Garcia & Gordon [mg/l]
# name 20 = oxsolMm/Kg: Oxygen Saturation, Garcia & Gordon [umol/kg]
# name 21 = potemp090C: Potential Temperature [ITS-90, deg C]
# name 22 = n2satMg/L: Nitrogen Saturation [mg/l]
# name 23 = par: PAR/Irradiance, Biospherical/Licor
# name 24 = flECO-AFL: Fluorescence, WET Labs ECO-AFL/FL [mg/m^3]
# name 25 = turbWETntu0: Turbidity, WET Labs ECO [NTU]
# name 26 = flag: flag
# span 0 =        106,        681       
# span 1 =  61.625258,  61.626922       
# span 2 =    0.00731,    0.04725       
# span 3 =     0.4386,     2.8350       
# span 4 =     26.316,    170.098       
# span 5 =      1.009,     78.751       
# span 6 =  51331.578,  51633.311       
# span 7 =    31.4208,    31.7266       
# span 8 =     2.4486,     3.9206       
# span 9 =      1.000,     78.000       
# span 10 =     2.5717,     3.9157      
# span 11 =    25.0405,    25.1938      
# span 12 =     6.1814,     6.8863      
# span 13 =     8.8338,     9.8411      
# span 14 =     80.228,     92.573      
# span 15 =    269.291,    299.988      
# span 16 =    276.060,    307.540      
# span 17 =   -0.00072,    0.01174      
# span 18 =    7.42140,    7.70836      
# span 19 =   10.60592,   11.01602      
# span 20 =  323.29721,  335.81213      
# span 21 =     2.4486,     3.9158      
# span 22 =   16.58865,   17.18414      
# span 23 = 3.7976e-02, 8.7631e+01      
# span 24 =     0.1352,     0.4756      
# span 25 =     1.4401,     2.9307      
# span 26 = 0.0000e+00, 0.0000e+00      
# interval = meters: 1                  
# start_time = Mar 02 2018 14:59:56 [Instrument's time stamp, header]
# bad_flag = -9.990e-29
*END*
[from data line 54]
        556  61.626558    0.03851     2.3106    138.636     55.527  51389.539    31.6501     3.7198     55.000     3.7172    25.1489     6.8720     9.8208     92.101    299.377    306.906   -0.00001    7.46145   10.66316  325.05384     3.7164   16.67245 3.7976e-02     0.4254     1.4823 0.0000e+00
        561  61.626574    0.03889     2.3335    140.008     56.536  51390.812    31.6507     3.7210     56.000     3.7177    25.1493     6.8732     9.8225     92.119    299.427    306.957    0.00004    7.46120   10.66280  325.04247     3.7176   16.67191 3.7976e-02     0.4256     1.5244 0.0000e+00
        567  61.626592    0.03933     2.3595    141.570     57.546  51394.081    31.6526     3.7216     57.000     3.7187    25.1507     6.8725     9.8215     92.112    299.397    306.927   -0.00007    7.46101   10.66254  325.03421     3.7180   16.67151 3.7976e-02     0.4311     1.4972 0.0000e+00
        573  61.626608    0.03970     2.3822    142.931     58.556  51398.080    31.6556     3.7249     58.000     3.7230    25.1529     6.8756     9.8259     92.164    299.532    307.066    0.00013    7.46024   10.66143  324.99969     3.7213   16.66985 3.7976e-02     0.4384     1.4988 0.0000e+00
        579  61.626625    0.04011     2.4066    144.395     59.565  51408.923    31.6644     3.7326     59.000     3.7348    25.1591     6.8781     9.8295     92.219    299.638    307.176    0.00032    7.45839   10.65878  324.91691     3.7290   16.66588 3.7976e-02     0.4342     1.5264 0.0000e+00
        584  61.626641    0.04050     2.4298    145.787     60.575  51428.395    31.6828     3.7555     60.000     3.7651    25.1716     6.8779     9.8292     92.280    299.625    307.167    0.00043    7.45329   10.65150  324.69116     3.7518   16.65507 3.7976e-02     0.4352     1.4750 0.0000e+00
        590  61.626657    0.04087     2.4522    147.135     61.585  51428.028    31.6909     3.7920     61.000     3.7976    25.1747     6.8863     9.8411     92.480    299.988    307.540    0.00126    7.44621   10.64138  324.38159     3.7882   16.64032 3.7976e-02     0.4298     1.4567 0.0000e+00
        595  61.626672    0.04125     2.4750    148.499     62.594  51421.131    31.6907     3.8122     62.000     3.8133    25.1726     6.8805     9.8328     92.447    299.736    307.281    0.00073    7.44255   10.63615  324.22274     3.8083   16.63277 3.7976e-02     0.4478     1.5375 0.0000e+00
        602  61.626691    0.04171     2.5022    150.133     63.604  51419.543    31.6924     3.8256     63.000     3.8243    25.1727     6.8671     9.8138     92.299    299.153    306.683   -0.00029    7.44003   10.63255  324.11292     3.8216   16.62754 3.7976e-02     0.4624     1.5885 0.0000e+00
        608  61.626711    0.04218     2.5307    151.842     64.614  51427.874    31.7003     3.8371     64.000     3.8391    25.1780     6.8643     9.8097     92.292    299.028    306.558   -0.00026    7.43753   10.62897  324.00220     3.8331   16.62225 3.7976e-02     0.4533     1.6509 0.0000e+00
        613  61.626726    0.04253     2.5516    153.099     65.624  51413.917    31.6924     3.8454     65.000     3.8396    25.1709     6.8667     9.8132     92.339    299.137    306.666    0.00000    7.43642   10.62739  323.95620     3.8413   16.62009 3.7976e-02     0.4574     1.6030 0.0000e+00
        619  61.626741    0.04289     2.5735    154.410     66.634  51408.916    31.6866     3.8377     66.000     3.8299    25.1670     6.8643     9.8098     92.286    299.036    306.562   -0.00032    7.43811   10.62980  324.03103     3.8336   16.62367 3.7976e-02     0.4368     1.6670 0.0000e+00
        624  61.626755    0.04323     2.5942    155.652     67.643  51450.612    31.7154     3.8417     67.000     3.8546    25.1896     6.8601     9.8038     92.256    298.844    306.372   -0.00046    7.43594   10.62670  323.92938     3.8375   16.61872 3.7976e-02     0.4405     1.5501 0.0000e+00
        629  61.626771    0.04361     2.6166    156.996     68.653  51450.150    31.7266     3.8906     68.000     3.8980    25.1938     6.8696     9.8174     92.502    299.259    306.798    0.00082    7.42649   10.61320  323.51655     3.8863   16.59905 3.7976e-02     0.4410     1.5468 0.0000e+00
        634  61.626785    0.04396     2.6376    158.256     69.663  51433.716    31.7197     3.9107     69.000     3.9090    25.1865     6.8719     9.8206     92.573    299.357    306.897    0.00102    7.42318   10.60847  323.37453     3.9064   16.59233 3.7976e-02     0.4376     1.7119 0.0000e+00
        639  61.626801    0.04433     2.6600    159.599     70.673  51430.896    31.7184     3.9153     70.000     3.9114    25.1850     6.8594     9.8028     92.415    298.816    306.342   -0.00014    7.42243   10.60740  323.34253     3.9108   16.59081 3.7976e-02     0.4397     1.8066 0.0000e+00
        644  61.626815    0.04468     2.6808    160.848     71.682  51431.286    31.7184     3.9165     71.000     3.9121    25.1850     6.8537     9.7947     92.341    298.570    306.088   -0.00052    7.42221   10.60708  323.33271     3.9120   16.59034 3.7976e-02     0.4568     1.8698 0.0000e+00
        650  61.626831    0.04505     2.7030    162.181     72.693  51431.586    31.7182     3.9164     72.000     3.9119    25.1847     6.8553     9.7968     92.361    298.635    306.156   -0.00036    7.42222   10.60710  323.33354     3.9119   16.59038 3.7976e-02     0.4515     1.7927 0.0000e+00
        655  61.626846    0.04542     2.7248    163.490     73.702  51434.501    31.7198     3.9174     73.000     3.9135    25.1860     6.8549     9.7963     92.359    298.617    306.138   -0.00028    7.42197   10.60673  323.32188     3.9128   16.58982 3.7976e-02     0.4349     1.8437 0.0000e+00
        660  61.626861    0.04577     2.7466    164.795     74.712  51434.349    31.7196     3.9189     74.000     3.9145    25.1856     6.8532     9.7939     92.340    298.546    306.064   -0.00038    7.42171   10.60636  323.31065     3.9142   16.58929 3.7976e-02     0.4425     1.7220 0.0000e+00
        665  61.626875    0.04612     2.7672    166.034     75.722  51435.860    31.7203     3.9199     75.000     3.9157    25.1862     6.8570     9.7994     92.394    298.711    306.234   -0.00005    7.42149   10.60604  323.30074     3.9152   16.58881 3.7976e-02     0.4419     1.8039 0.0000e+00
        670  61.626891    0.04649     2.7894    167.363     76.732  51434.856    31.7193     3.9206     76.000     3.9155    25.1853     6.8541     9.7952     92.356    298.583    306.103   -0.00025    7.42140   10.60592  323.29721     3.9158   16.58865 3.7976e-02     0.4334     1.7483 0.0000e+00
        676  61.626906    0.04686     2.8113    168.678     77.741  51435.214    31.7188     3.9197     77.000     3.9143    25.1850     6.8525     9.7929     92.332    298.515    306.033   -0.00038    7.42161   10.60622  323.30656     3.9148   16.58910 3.7976e-02     0.4609     1.7465 0.0000e+00
        681  61.626922    0.04725     2.8350    170.098     78.751  51437.501    31.7197     3.9190     78.000     3.9142    25.1858     6.8550     9.7964     92.364    298.620    306.141   -0.00014    7.42169   10.60634  323.30994     3.9140   16.58925 3.7976e-02     0.4615     1.9098 0.0000e+00
