CTD-processing/allCTD/CNV/2018_09-13_t3_s10_cast004_5028.cnv
* Sea-Bird SBE19plus Data File:
* FileName = C:\Users\Kim.Powell\Desktop\Not Processed\2018\2018_09-13_T3, T4, T9_5028\2018_09-13_TRANSECT_STATION_cast004.hex
* Software Version 1.59
* Temperature SN =  5028
* Conductivity SN =  5028
* System UpLoad Time = Sep 14 2018 15:52:18
** 2018_09-13
** Station: 3-10
** Start Time: 11:17
** Depth (m): 22
** Comment: ** lots of kelp extending ~3km offshore of Anchor Point
** Comment:
# nquan = 27
# nvalues = 9                           
# units = specified
# name 0 = scan: Scan Count
# name 1 = timeJ: Julian Days
# name 2 = timeH: Time, Elapsed [hours]
# name 3 = timeM: Time, Elapsed [minutes]
# name 4 = timeS: Time, Elapsed [seconds]
# name 5 = prdM: Pressure, Strain Gauge [db]
# name 6 = specc: Specific Conductance [uS/cm]
# name 7 = sal00: Salinity, Practical [PSU]
# name 8 = tv290C: Temperature [ITS-90, deg C]
# name 9 = depSM: Depth [salt water, m], lat = 59.00
# name 10 = potemp090C: Potential Temperature [ITS-90, deg C]
# name 11 = sigma-é00: Density [sigma-theta, kg/m^3]
# name 12 = sbeox0ML/L: Oxygen, SBE 43 [ml/l]
# name 13 = sbeox0Mg/L: Oxygen, SBE 43 [mg/l]
# name 14 = sbeox0PS: Oxygen, SBE 43 [% saturation]
# name 15 = sbox0Mm/Kg: Oxygen, SBE 43 [umol/kg]
# name 16 = sbeox0Mm/L: Oxygen, SBE 43 [umol/l]
# name 17 = sbox0dV/dT: Oxygen, SBE 43 [dov/dt]
# name 18 = oxsolML/L: Oxygen Saturation, Garcia & Gordon [ml/l]
# name 19 = oxsolMg/L: Oxygen Saturation, Garcia & Gordon [mg/l]
# name 20 = oxsolMm/Kg: Oxygen Saturation, Garcia & Gordon [umol/kg]
# name 21 = potemp090C: Potential Temperature [ITS-90, deg C]
# name 22 = n2satMg/L: Nitrogen Saturation [mg/l]
# name 23 = par: PAR/Irradiance, Biospherical/Licor
# name 24 = flECO-AFL: Fluorescence, WET Labs ECO-AFL/FL [mg/m^3]
# name 25 = turbWETntu0: Turbidity, WET Labs ECO [NTU]
# name 26 = flag: flag
# span 0 =        242,        283       
# span 1 = 256.471994, 256.472112       
# span 2 =    0.01676,    0.01958       
# span 3 =     1.0052,     1.1749       
# span 4 =     60.313,     70.490       
# span 5 =      1.009,      9.086       
# span 6 =  47185.943,  47189.647       
# span 7 =    30.0317,    30.0335       
# span 8 =    11.3972,    11.4196       
# span 9 =      1.000,      9.000       
# span 10 =    11.4073,    11.4193      
# span 11 =    22.8373,    22.8425      
# span 12 =     4.2646,     5.6454      
# span 13 =     6.0945,     8.0679      
# span 14 =     67.429,     89.304      
# span 15 =    186.204,    246.496      
# span 16 =    190.458,    252.126      
# span 17 =    0.00337,    0.09878      
# span 18 =    6.32159,    6.32457      
# span 19 =    9.03418,    9.03844      
# span 20 =  276.01860,  276.14739      
# span 21 =    11.3971,    11.4191      
# span 22 =   14.33971,   14.34588      
# span 23 = 1.2135e+01, 4.1992e+01      
# span 24 =     0.7866,     0.8858      
# span 25 =     1.4796,     1.7343      
# span 26 = 0.0000e+00, 0.0000e+00      
# interval = meters: 1                  
# start_time = Sep 13 2018 11:18:40 [Instrument's time stamp, header]
# bad_flag = -9.990e-29
*END*
        242 256.471994    0.01676     1.0052     60.313      1.009  47189.647    30.0335    11.3972      1.000    11.4073    22.8425     4.2646     6.0945     67.429    186.204    190.458    0.00337    6.32457    9.03844  276.14739    11.3971   14.34588 4.0438e+01     0.8709     1.5025 0.0000e+00
        248 256.472010    0.01714     1.0284     61.704      2.019  47187.393    30.0335    11.4163      2.000    11.4182    22.8391     4.9350     7.0525     78.061    215.474    220.395    0.06109    6.32198    9.03475  276.03536    11.4161   14.34052 2.9383e+01     0.8731     1.4796 0.0000e+00
        253 256.472025    0.01748     1.0488     62.928      3.028  47186.152    30.0326    11.4195      3.000    11.4193    22.8379     5.5089     7.8728     87.144    240.534    246.027    0.09878    6.32159    9.03418  276.01860    11.4191   14.33971 2.8333e+01     0.8760     1.4916 0.0000e+00
        258 256.472039    0.01782     1.0693     64.155      4.038  47185.943    30.0321    11.4196      4.000    11.4186    22.8374     5.6454     8.0679     89.304    246.496    252.126    0.07780    6.32160    9.03420  276.01903    11.4191   14.33974 3.5318e+01     0.8826     1.6010 0.0000e+00
        262 256.472053    0.01815     1.0888     65.329      5.047  47186.117    30.0317    11.4184      5.000    11.4175    22.8373     5.6104     8.0178     88.747    244.966    250.560    0.04654    6.32177    9.03444  276.02661    11.4178   14.34010 4.1992e+01     0.8858     1.6733 0.0000e+00
        267 256.472067    0.01849     1.1093     66.555      6.057  47187.166    30.0320    11.4180      6.000    11.4173    22.8377     5.5991     8.0017     88.567    244.471    250.055    0.02810    6.32180    9.03449  276.02810    11.4174   14.34017 3.5207e+01     0.8721     1.6289 0.0000e+00
        272 256.472081    0.01884     1.1302     67.815      7.067  47187.542    30.0319    11.4179      7.000    11.4170    22.8376     5.6129     8.0213     88.785    245.072    250.669    0.01874    6.32184    9.03453  276.02918    11.4170   14.34022 2.5716e+01     0.8626     1.6212 0.0000e+00
        277 256.472096    0.01918     1.1509     69.051      8.076  47188.399    30.0320    11.4180      8.000    11.4171    22.8378     5.6287     8.0439     89.035    245.763    251.376    0.01349    6.32182    9.03451  276.02841    11.4170   14.34019 1.7867e+01     0.8407     1.6698 0.0000e+00
        283 256.472112    0.01958     1.1749     70.490      9.086  47189.484    30.0324    11.4184      9.000    11.4173    22.8381     5.6380     8.0573     89.185    246.172    251.794    0.00889    6.32174    9.03441  276.02552    11.4172   14.34005 1.2135e+01     0.7866     1.7343 0.0000e+00
