CTD-processing/allCTD/CNV/2018_05-24_alongbay_skb02_cast093_5028.cnv
* Sea-Bird SBE19plus Data File:
* FileName = C:\Users\Kim.Powell\Desktop\Not Processed\2018\2018_05-24_AlongBay, T9_5028\2018_05-24_TRANSECT_STATION_cast093.hex
* Software Version 1.59
* Temperature SN =  5028
* Conductivity SN =  5028
* System UpLoad Time = May 25 2018 13:30:18
** 2018_05-24
** Station: KB02
** Start Time: 13:06
** Depth (m): 125
** Comment:
** Comment:
# nquan = 27
# nvalues = 122                         
# units = specified
# name 0 = scan: Scan Count
# name 1 = timeJ: Julian Days
# name 2 = timeH: Time, Elapsed [hours]
# name 3 = timeM: Time, Elapsed [minutes]
# name 4 = timeS: Time, Elapsed [seconds]
# name 5 = prdM: Pressure, Strain Gauge [db]
# name 6 = specc: Specific Conductance [uS/cm]
# name 7 = sal00: Salinity, Practical [PSU]
# name 8 = tv290C: Temperature [ITS-90, deg C]
# name 9 = depSM: Depth [salt water, m], lat = 59.00
# name 10 = potemp090C: Potential Temperature [ITS-90, deg C]
# name 11 = sigma-é00: Density [sigma-theta, kg/m^3]
# name 12 = sbeox0ML/L: Oxygen, SBE 43 [ml/l]
# name 13 = sbeox0Mg/L: Oxygen, SBE 43 [mg/l]
# name 14 = sbeox0PS: Oxygen, SBE 43 [% saturation]
# name 15 = sbox0Mm/Kg: Oxygen, SBE 43 [umol/kg]
# name 16 = sbeox0Mm/L: Oxygen, SBE 43 [umol/l]
# name 17 = sbox0dV/dT: Oxygen, SBE 43 [dov/dt]
# name 18 = oxsolML/L: Oxygen Saturation, Garcia & Gordon [ml/l]
# name 19 = oxsolMg/L: Oxygen Saturation, Garcia & Gordon [mg/l]
# name 20 = oxsolMm/Kg: Oxygen Saturation, Garcia & Gordon [umol/kg]
# name 21 = potemp090C: Potential Temperature [ITS-90, deg C]
# name 22 = n2satMg/L: Nitrogen Saturation [mg/l]
# name 23 = par: PAR/Irradiance, Biospherical/Licor
# name 24 = flECO-AFL: Fluorescence, WET Labs ECO-AFL/FL [mg/m^3]
# name 25 = turbWETntu0: Turbidity, WET Labs ECO [NTU]
# name 26 = flag: flag
# span 0 =        349,        904       
# span 1 = 144.546377, 144.547985       
# span 2 =    0.02416,    0.06274       
# span 3 =     1.4492,     3.7643       
# span 4 =     86.954,    225.858       
# span 5 =      1.009,    123.187       
# span 6 =  50634.163,  51138.666       
# span 7 =    31.7638,    31.9037       
# span 8 =     5.7640,     6.6682       
# span 9 =      1.000,    122.000       
# span 10 =     5.7550,     6.6372      
# span 11 =    24.9316,    25.1360      
# span 12 =     6.6321,     8.3057      
# span 13 =     9.4781,    11.8696      
# span 14 =     93.524,    118.187      
# span 15 =    288.933,    361.885      
# span 16 =    296.194,    370.931      
# span 17 =   -0.03166,    0.02503      
# span 18 =    6.94841,    7.09148      
# span 19 =    9.92997,   10.13444      
# span 20 =  302.76761,  308.94028      
# span 21 =     5.7543,     6.6681      
# span 22 =   15.61084,   15.90458      
# span 23 = 4.3778e-02, 1.5401e+02      
# span 24 =     0.4512,     5.2294      
# span 25 =     0.3964,     0.7773      
# span 26 = 0.0000e+00, 0.0000e+00      
# interval = meters: 1                  
# start_time = May 24 2018 13:05:20 [Instrument's time stamp, header]
# bad_flag = -9.990e-29
*END*
[from data line 108]
        841 144.547802    0.05836     3.5017    210.103    110.058  51099.218    31.8895     5.7975    109.000     5.7879    25.1207     6.6632     9.5224     94.026    290.286    297.578   -0.00009    7.08654   10.12737  308.72953     5.7888   15.89460 4.4012e-02     0.4529     0.5721 0.0000e+00
        846 144.547816    0.05869     3.5217    211.303    111.068  51101.447    31.8902     5.7954    110.000     5.7860    25.1214     6.6642     9.5239     94.036    290.332    297.625   -0.00004    7.08686   10.12783  308.74308     5.7867   15.89524 4.3980e-02     0.4589     0.5833 0.0000e+00
        851 144.547829    0.05901     3.5406    212.438    112.078  51103.435    31.8908     5.7940    111.000     5.7847    25.1221     6.6620     9.5206     94.001    290.232    297.523   -0.00027    7.08706   10.12812  308.75173     5.7852   15.89565 4.3932e-02     0.4810     0.5867 0.0000e+00
        855 144.547842    0.05933     3.5599    213.591    113.088  51105.073    31.8912     5.7932    112.000     5.7840    25.1226     6.6588     9.5161     93.955    290.094    297.381   -0.00050    7.08718   10.12829  308.75697     5.7843   15.89590 4.3915e-02     0.4987     0.5954 0.0000e+00
        860 144.547856    0.05964     3.5788    214.730    114.098  51106.184    31.8915     5.7929    113.000     5.7839    25.1228     6.6547     9.5102     93.897    289.916    297.200   -0.00072    7.08722   10.12835  308.75839     5.7839   15.89596 4.3918e-02     0.4977     0.6053 0.0000e+00
        865 144.547869    0.05997     3.5980    215.882    115.108  51106.764    31.8914     5.7930    114.000     5.7840    25.1227     6.6532     9.5081     93.877    289.852    297.134   -0.00070    7.08720   10.12832  308.75779     5.7840   15.89594 4.3933e-02     0.4662     0.5928 0.0000e+00
        869 144.547882    0.06027     3.6163    216.976    116.118  51107.337    31.8914     5.7931    115.000     5.7838    25.1227     6.6526     9.5072     93.868    289.822    297.103   -0.00060    7.08719   10.12830  308.75707     5.7840   15.89590 4.3924e-02     0.4841     0.6033 0.0000e+00
        874 144.547895    0.06060     3.6359    218.151    117.127  51108.204    31.8914     5.7927    116.000     5.7829    25.1228     6.6528     9.5075     93.870    289.831    297.114   -0.00050    7.08725   10.12838  308.75948     5.7835   15.89602 4.3910e-02     0.4677     0.5919 0.0000e+00
        878 144.547909    0.06091     3.6549    219.294    118.138  51110.170    31.8917     5.7899    117.000     5.7778    25.1233     6.6563     9.5126     93.914    289.986    297.273   -0.00018    7.08772   10.12906  308.77986     5.7806   15.89699 4.3874e-02     0.4785     0.6102 0.0000e+00
        883 144.547922    0.06124     3.6746    220.474    119.148  51116.551    31.8941     5.7829    118.000     5.7704    25.1261     6.6533     9.5082     93.857    289.855    297.138   -0.00043    7.08877   10.13056  308.82499     5.7735   15.89913 4.3888e-02     0.4829     0.6268 0.0000e+00
        888 144.547936    0.06157     3.6942    221.652    120.158  51123.523    31.8972     5.7762    119.000     5.7648    25.1293     6.6423     9.4925     93.689    289.373    296.645   -0.00125    7.08974   10.13194  308.86619     5.7668   15.90108 4.3877e-02     0.4803     0.6693 0.0000e+00
        893 144.547950    0.06192     3.7151    222.904    121.168  51127.953    31.8987     5.7713    120.000     5.7594    25.1311     6.6406     9.4900     93.654    289.296    296.567   -0.00117    7.09048   10.13301  308.89809     5.7618   15.90259 4.3865e-02     0.4617     0.6741 0.0000e+00
        898 144.547965    0.06226     3.7356    224.135    122.177  51134.378    31.9017     5.7664    121.000     5.7560    25.1340     6.6406     9.4900     93.646    289.296    296.567   -0.00088    7.09116   10.13398  308.92682     5.7568   15.90395 4.3840e-02     0.4512     0.7291 0.0000e+00
        904 144.547985    0.06274     3.7643    225.858    123.187  51138.666    31.9037     5.7640    122.000     5.7550    25.1360     6.6321     9.4781     93.524    288.933    296.194   -0.00131    7.09148   10.13444  308.94028     5.7543   15.90458 4.3778e-02     0.4987     0.7773 0.0000e+00
