CTD-processing/allCTD/CNV/2018_07-18_alongbay_skb01_cast155_5028.cnv
* Sea-Bird SBE19plus Data File:
* FileName = C:\Users\Kim.Powell\Desktop\Not Processed\2018\2018_07-18_AlongBay,T6,T7_5028\2018_07-18_TRANSECT_STATION_cast155.hex
* Software Version 1.59
* Temperature SN =  5028
* Conductivity SN =  5028
* System UpLoad Time = Jul 19 2018 13:21:52
** 2018_07-18
** Station: KB01
** Start Time: 13:51
** Depth (m): 69.2
** Comment:
** Comment:
# nquan = 27
# nvalues = 65                          
# units = specified
# name 0 = scan: Scan Count
# name 1 = timeJ: Julian Days
# name 2 = timeH: Time, Elapsed [hours]
# name 3 = timeM: Time, Elapsed [minutes]
# name 4 = timeS: Time, Elapsed [seconds]
# name 5 = prdM: Pressure, Strain Gauge [db]
# name 6 = specc: Specific Conductance [uS/cm]
# name 7 = sal00: Salinity, Practical [PSU]
# name 8 = tv290C: Temperature [ITS-90, deg C]
# name 9 = depSM: Depth [salt water, m], lat = 59.00
# name 10 = potemp090C: Potential Temperature [ITS-90, deg C]
# name 11 = sigma-é00: Density [sigma-theta, kg/m^3]
# name 12 = sbeox0ML/L: Oxygen, SBE 43 [ml/l]
# name 13 = sbeox0Mg/L: Oxygen, SBE 43 [mg/l]
# name 14 = sbeox0PS: Oxygen, SBE 43 [% saturation]
# name 15 = sbox0Mm/Kg: Oxygen, SBE 43 [umol/kg]
# name 16 = sbeox0Mm/L: Oxygen, SBE 43 [umol/l]
# name 17 = sbox0dV/dT: Oxygen, SBE 43 [dov/dt]
# name 18 = oxsolML/L: Oxygen Saturation, Garcia & Gordon [ml/l]
# name 19 = oxsolMg/L: Oxygen Saturation, Garcia & Gordon [mg/l]
# name 20 = oxsolMm/Kg: Oxygen Saturation, Garcia & Gordon [umol/kg]
# name 21 = potemp090C: Potential Temperature [ITS-90, deg C]
# name 22 = n2satMg/L: Nitrogen Saturation [mg/l]
# name 23 = par: PAR/Irradiance, Biospherical/Licor
# name 24 = flECO-AFL: Fluorescence, WET Labs ECO-AFL/FL [mg/m^3]
# name 25 = turbWETntu0: Turbidity, WET Labs ECO [NTU]
# name 26 = flag: flag
# span 0 =        335,        629       
# span 1 = 199.578247, 199.579096       
# span 2 =    0.02319,    0.04358       
# span 3 =     1.3917,     2.6149       
# span 4 =     83.503,    156.897       
# span 5 =      1.009,     65.624       
# span 6 =  49671.222,  49892.760       
# span 7 =    31.5288,    31.5853       
# span 8 =     8.7669,     9.4350       
# span 9 =      1.000,     65.000       
# span 10 =     8.7611,     9.4347      
# span 11 =    24.3522,    24.4816      
# span 12 =     6.5253,     6.9852      
# span 13 =     9.3253,     9.9825      
# span 14 =     98.380,    106.789      
# span 15 =    284.456,    304.543      
# span 16 =    291.421,    311.959      
# span 17 =   -0.00736,    0.00267      
# span 18 =    6.53525,    6.63286      
# span 19 =    9.33952,    9.47902      
# span 20 =  284.91912,  289.14483      
# span 21 =     8.7611,     9.4349      
# span 22 =   14.75943,   14.96143      
# span 23 = 5.6092e-02, 8.0714e+02      
# span 24 =     0.8475,     2.0654      
# span 25 =     0.2881,     0.9418      
# span 26 = 0.0000e+00, 0.0000e+00      
# interval = meters: 1                  
# start_time = Jul 18 2018 13:51:17 [Instrument's time stamp, header]
# bad_flag = -9.990e-29
*END*
        335 199.578247    0.02319     1.3917     83.503      1.009  49715.936    31.5826     9.4350      1.000     9.4347    24.3756     6.9781     9.9725    106.777    304.228    311.643    0.00267    6.53525    9.33952  284.91912     9.4349   14.75943 8.0714e+02     0.8475     0.2934 0.0000e+00
        340 199.578262    0.02356     1.4138     84.828      2.019  49671.222    31.5465     9.4046      2.000     9.3611    24.3522     6.9852     9.9825    106.789    304.543    311.959    0.00172    6.54118    9.34800  285.18421     9.4044   14.77226 5.8082e+02     0.8890     0.2881 0.0000e+00
        345 199.578275    0.02388     1.4328     85.966      3.028  49671.544    31.5288     9.2770      3.000     9.2205    24.3583     6.9840     9.9807    106.457    304.486    311.902   -0.00073    6.56042    9.37549  286.02131     9.2767   14.81235 4.7571e+02     0.9479     0.2951 0.0000e+00
        349 199.578288    0.02420     1.4520     87.118      4.038  49743.021    31.5638     9.1699      4.000     9.1494    24.4024     6.9630     9.9508    105.909    303.560    310.968   -0.00399    6.57452    9.39565  286.62365     9.1695   14.84101 3.7025e+02     0.9893     0.3058 0.0000e+00
        354 199.578302    0.02452     1.4715     88.291      5.047  49769.067    31.5767     9.1344      5.000     9.1270    24.4180     6.9392     9.9168    105.473    302.517    309.905   -0.00538    6.57913    9.40224  286.82036     9.1339   14.85036 3.1329e+02     1.0700     0.3134 0.0000e+00
        359 199.578316    0.02485     1.4910     89.462      6.057  49774.926    31.5785     9.1208      6.000     9.1150    24.4216     6.9225     9.8929    105.188    301.787    309.158   -0.00543    6.58105    9.40498  286.90305     9.1202   14.85430 2.4555e+02     1.2037     0.3053 0.0000e+00
        364 199.578330    0.02519     1.5114     90.683      7.066  49775.943    31.5768     9.1066      7.000     9.0992    24.4224     6.9074     9.8713    104.924    301.129    308.483   -0.00516    6.58320    9.40805  286.99662     9.1059   14.85878 1.9845e+02     1.4046     0.2994 0.0000e+00
        369 199.578344    0.02553     1.5317     91.899      8.076  49782.657    31.5790     9.0919      8.000     9.0865    24.4265     6.8867     9.8417    104.577    300.226    307.559   -0.00547    6.58526    9.41100  287.08513     9.0910   14.86301 1.6987e+02     1.5713     0.3077 0.0000e+00
        373 199.578357    0.02585     1.5512     93.071      9.085  49781.368    31.5759     9.0794      9.000     9.0704    24.4260     6.8657     9.8118    104.228    299.312    306.623   -0.00586    6.58722    9.41379  287.17051     9.0785   14.86710 1.3661e+02     1.6287     0.3004 0.0000e+00
        378 199.578371    0.02617     1.5703     94.218     10.095  49776.502    31.5688     9.0568     10.000     9.0395    24.4239     6.8535     9.7943    103.985    298.778    306.075   -0.00545    6.59084    9.41896  287.32901     9.0557   14.87470 1.1268e+02     1.7495     0.3043 0.0000e+00
        383 199.578385    0.02651     1.5908     95.446     11.104  49790.315    31.5722     9.0150     11.000     9.0029    24.4330     6.8300     9.7608    103.535    297.754    305.029   -0.00623    6.59682    9.42752  287.58746     9.0138   14.88704 9.2506e+01     1.7915     0.3356 0.0000e+00
        387 199.578398    0.02683     1.6097     96.583     12.114  49806.224    31.5804     8.9978     12.000     8.9933    24.4421     6.8051     9.7252    103.124    296.665    303.916   -0.00681    6.59899    9.43061  287.67921     8.9965   14.89139 7.7521e+01     1.7904     0.3326 0.0000e+00
        392 199.578411    0.02714     1.6288     97.726     13.124  49803.808    31.5770     8.9882     13.000     8.9797    24.4409     6.7844     9.6956    102.785    295.762    302.991   -0.00670    6.60055    9.43284  287.74767     8.9868   14.89468 6.4447e+01     1.7525     0.3104 0.0000e+00
        396 199.578424    0.02744     1.6467     98.803     14.133  49800.803    31.5717     8.9692     14.000     8.9554    24.4397     6.7762     9.6839    102.614    295.407    302.627   -0.00583    6.60357    9.43717  287.87992     8.9677   14.90102 5.3846e+01     1.7261     0.3248 0.0000e+00
        401 199.578437    0.02776     1.6655     99.929     15.142  49811.726    31.5752     8.9436     15.000     8.9332    24.4464     6.7697     9.6746    102.460    295.121    302.336   -0.00490    6.60718    9.44232  288.03529     8.9421   14.90844 4.4996e+01     1.6379     0.3236 0.0000e+00
        405 199.578450    0.02808     1.6848    101.087     16.152  49818.901    31.5771     8.9247     16.000     8.9162    24.4507     6.7496     9.6459    102.115    294.245    301.439   -0.00533    6.60988    9.44618  288.15183     8.9230   14.91400 3.7528e+01     1.5884     0.3336 0.0000e+00
        410 199.578463    0.02837     1.7026    102.158     17.161  49823.991    31.5783     8.9112     17.000     8.9047    24.4537     6.7231     9.6079    101.683    293.085    300.252   -0.00634    6.61181    9.44894  288.23507     8.9094   14.91797 3.1578e+01     1.5555     0.3270 0.0000e+00
        414 199.578475    0.02868     1.7206    103.238     18.171  49829.498    31.5806     8.9027     18.000     8.8984    24.4568     6.6918     9.5632    101.192    291.721    298.855   -0.00736    6.61298    9.45061  288.28507     8.9009   14.92035 2.6586e+01     1.5807     0.3304 0.0000e+00
        419 199.578488    0.02900     1.7397    104.382     19.180  49832.479    31.5816     8.8985     19.000     8.8953    24.4583     6.6705     9.5328    100.861    290.791    297.904   -0.00716    6.61356    9.45144  288.31013     8.8965   14.92155 2.2055e+01     1.5216     0.3350 0.0000e+00
        423 199.578502    0.02934     1.7602    105.610     20.189  49833.414    31.5815     8.8959     20.000     8.8928    24.4586     6.6645     9.5242    100.764    290.529    297.635   -0.00534    6.61394    9.45198  288.32654     8.8939   14.92233 1.8228e+01     1.5722     0.3374 0.0000e+00
        428 199.578515    0.02964     1.7785    106.710     21.199  49834.095    31.5812     8.8937     21.000     8.8903    24.4587     6.6573     9.5139    100.650    290.216    297.314   -0.00437    6.61428    9.45247  288.34142     8.8915   14.92304 1.5243e+01     1.6010     0.3342 0.0000e+00
        432 199.578528    0.02994     1.7964    107.787     22.209  49833.847    31.5801     8.8907     22.000     8.8863    24.4583     6.6460     9.4978    100.472    289.724    296.810   -0.00416    6.61477    9.45317  288.36261     8.8884   14.92406 1.2752e+01     1.5855     0.3457 0.0000e+00
        437 199.578541    0.03025     1.8148    108.890     23.219  49835.372    31.5801     8.8861     23.000     8.8818    24.4590     6.6357     9.4830    100.306    289.273    296.349   -0.00391    6.61545    9.45414  288.39214     8.8837   14.92547 1.0637e+01     1.5836     0.3580 0.0000e+00
        441 199.578553    0.03055     1.8332    109.993     24.228  49837.689    31.5808     8.8827     24.000     8.8792    24.4601     6.6230     9.4648    100.106    288.719    295.781   -0.00392    6.61592    9.45482  288.41249     8.8802   14.92644 8.8157e+00     1.5747     0.3616 0.0000e+00
        445 199.578566    0.03085     1.8513    111.080     25.237  49839.452    31.5813     8.8809     25.000     8.8779    24.4608     6.6130     9.4505     99.952    288.283    295.335   -0.00376    6.61615    9.45515  288.42239     8.8784   14.92691 7.3294e+00     1.5907     0.3762 0.0000e+00
        450 199.578578    0.03115     1.8692    112.153     26.247  49839.912    31.5810     8.8799     26.000     8.8765    24.4608     6.6096     9.4458     99.899    288.138    295.186   -0.00302    6.61632    9.45538  288.42947     8.8773   14.92725 6.1119e+00     1.6104     0.3743 0.0000e+00
        454 199.578591    0.03145     1.8870    113.220     27.257  49839.494    31.5799     8.8775     27.000     8.8724    24.4603     6.6071     9.4422     99.855    288.029    295.075   -0.00241    6.61673    9.45597  288.44745     8.8747   14.92811 5.0721e+00     1.6356     0.3726 0.0000e+00
        458 199.578603    0.03176     1.9056    114.338     28.266  49842.073    31.5805     8.8719     28.000     8.8677    24.4616     6.5972     9.4281     99.694    287.598    294.633   -0.00261    6.61753    9.45711  288.48189     8.8690   14.92976 4.2152e+00     1.6681     0.4067 0.0000e+00
        463 199.578616    0.03206     1.9239    115.432     29.275  49848.336    31.5844     8.8718     29.000     8.8712    24.4647     6.5862     9.4124     99.529    287.117    294.142   -0.00294    6.61738    9.45689  288.47458     8.8688   14.92940 3.4923e+00     1.6790     0.4302 0.0000e+00
        467 199.578628    0.03236     1.9418    116.508     30.285  49844.522    31.5819     8.8756     30.000     8.8723    24.4621     6.5869     9.4132     99.545    287.144    294.168   -0.00208    6.61691    9.45623  288.45516     8.8725   14.92848 2.8986e+00     1.6275     0.4167 0.0000e+00
        471 199.578641    0.03266     1.9595    117.571     31.295  49837.171    31.5758     8.8723     31.000     8.8615    24.4579     6.5928     9.4218     99.625    287.406    294.435   -0.00105    6.61767    9.45730  288.48909     8.8691   14.93012 2.3935e+00     1.6177     0.4175 0.0000e+00
        476 199.578654    0.03298     1.9787    118.725     32.305  49830.200    31.5666     8.8459     32.000     8.8260    24.4547     6.5899     9.4176     99.516    287.278    294.303   -0.00129    6.62195    9.46344  288.67701     8.8427   14.93914 1.9591e+00     1.6382     0.4618 0.0000e+00
        480 199.578667    0.03329     1.9976    119.856     33.314  49850.712    31.5757     8.8122     33.000     8.8010    24.4669     6.5736     9.3944     99.202    286.567    293.578   -0.00279    6.62655    9.46999  288.87362     8.8089   14.94850 1.5743e+00     1.6712     0.5338 0.0000e+00
        485 199.578680    0.03360     2.0160    120.957     34.324  49862.707    31.5819     8.7999     34.000     8.7941    24.4737     6.5579     9.3719     98.941    285.880    292.876   -0.00359    6.62810    9.47223  288.93977     8.7964   14.95163 1.2595e+00     1.7217     0.5795 0.0000e+00
        489 199.578693    0.03390     2.0341    122.048     35.333  49863.719    31.5815     8.7950     35.000     8.7886    24.4741     6.5507     9.3616     98.821    285.564    292.553   -0.00334    6.62885    9.47330  288.97229     8.7914   14.95319 1.0083e+00     1.7336     0.6438 0.0000e+00
        494 199.578706    0.03423     2.0535    123.211     36.343  49866.596    31.5822     8.7891     36.000     8.7833    24.4755     6.5494     9.3597     98.788    285.507    292.495   -0.00251    6.62969    9.47450  289.00857     8.7854   14.95492 8.0595e-01     1.8132     0.7362 0.0000e+00
        499 199.578720    0.03456     2.0738    124.426     37.353  49868.657    31.5824     8.7838     37.000     8.7778    24.4765     6.5460     9.3549     98.726    285.361    292.346   -0.00211    6.63047    9.47561  289.04202     8.7800   14.95652 6.4561e-01     1.8133     0.7165 0.0000e+00
        504 199.578735    0.03490     2.0942    125.655     38.362  49872.220    31.5837     8.7792     38.000     8.7743    24.4783     6.5450     9.3535     98.702    285.316    292.300   -0.00161    6.63109    9.47650  289.06881     8.7753   14.95780 5.1510e-01     1.7991     0.7643 0.0000e+00
        508 199.578747    0.03522     2.1130    126.779     39.372  49873.628    31.5840     8.7773     39.000     8.7724    24.4789     6.5462     9.3551     98.715    285.367    292.352   -0.00110    6.63137    9.47689  289.08047     8.7733   14.95835 4.1312e-01     1.8169     0.7685 0.0000e+00
        513 199.578762    0.03555     2.1332    127.994     40.382  49875.382    31.5845     8.7752     40.000     8.7707    24.4796     6.5446     9.3528     98.687    285.296    292.279   -0.00095    6.63165    9.47729  289.09269     8.7712   14.95893 3.3273e-01     1.8387     0.7593 0.0000e+00
        518 199.578775    0.03587     2.1526    129.157     41.391  49876.646    31.5849     8.7749     41.000     8.7707    24.4799     6.5446     9.3529     98.687    285.297    292.281   -0.00076    6.63167    9.47733  289.09353     8.7708   14.95897 2.6998e-01     1.8242     0.7627 0.0000e+00
        523 199.578791    0.03625     2.1751    130.503     42.401  49877.001    31.5847     8.7743     42.000     8.7696    24.4798     6.5486     9.3586     98.746    285.471    292.460   -0.00019    6.63178    9.47747  289.09799     8.7700   14.95919 2.2022e-01     1.9995     0.8099 0.0000e+00
        528 199.578804    0.03657     2.1942    131.652     43.410  49878.351    31.5851     8.7737     43.000     8.7694    24.4802     6.5462     9.3552     98.709    285.368    292.355   -0.00040    6.63185    9.47757  289.10108     8.7694   14.95933 1.8156e-01     1.9268     0.7935 0.0000e+00
        532 199.578817    0.03689     2.2132    132.794     44.420  49878.280    31.5845     8.7738     44.000     8.7689    24.4799     6.5468     9.3561     98.717    285.394    292.380   -0.00033    6.63186    9.47759  289.10175     8.7693   14.95937 1.5245e-01     1.8109     0.8364 0.0000e+00
        537 199.578831    0.03722     2.2332    133.992     45.429  49878.926    31.5844     8.7730     45.000     8.7681    24.4799     6.5483     9.3582     98.738    285.459    292.447   -0.00018    6.63199    9.47777  289.10718     8.7684   14.95963 1.3012e-01     1.8314     0.8345 0.0000e+00
        542 199.578846    0.03758     2.2547    135.280     46.439  49879.290    31.5842     8.7722     46.000     8.7674    24.4798     6.5463     9.3553     98.706    285.371    292.356   -0.00031    6.63210    9.47794  289.11249     8.7675   14.95988 1.1269e-01     1.8750     0.8554 0.0000e+00
        546 199.578858    0.03788     2.2728    136.370     47.449  49881.415    31.5853     8.7723     47.000     8.7679    24.4806     6.5398     9.3459     98.608    285.086    292.065   -0.00091    6.63205    9.47787  289.10994     8.7675   14.95976 9.9450e-02     1.8198     0.7994 0.0000e+00
        551 199.578871    0.03818     2.2912    137.470     48.458  49881.390    31.5849     8.7734     48.000     8.7685    24.4803     6.5408     9.3475     98.626    285.131    292.111   -0.00064    6.63189    9.47764  289.10309     8.7686   14.95943 8.9555e-02     1.7757     0.7204 0.0000e+00
        555 199.578884    0.03849     2.3098    138.585     49.468  49880.754    31.5839     8.7724     49.000     8.7664    24.4796     6.5436     9.3514     98.665    285.253    292.235   -0.00027    6.63209    9.47792  289.11187     8.7674   14.95986 8.1932e-02     1.7734     0.7095 0.0000e+00
        560 199.578898    0.03882     2.3294    139.766     50.478  49882.883    31.5847     8.7708     50.000     8.7657    24.4805     6.5429     9.3505     98.653    285.225    292.207   -0.00028    6.63229    9.47821  289.12024     8.7657   14.96025 7.6065e-02     1.8432     0.8150 0.0000e+00
        564 199.578910    0.03912     2.3473    140.839     51.488  49884.302    31.5853     8.7711     51.000     8.7664    24.4810     6.5376     9.3428     98.573    284.990    291.967   -0.00074    6.63223    9.47811  289.11722     8.7659   14.96010 7.1562e-02     1.8591     0.8240 0.0000e+00
        569 199.578923    0.03943     2.3655    141.932     52.497  49884.241    31.5849     8.7719     52.000     8.7666    24.4806     6.5359     9.3404     98.549    284.917    291.893   -0.00075    6.63213    9.47797  289.11293     8.7666   14.95990 6.8156e-02     1.8717     0.8199 0.0000e+00
        573 199.578936    0.03974     2.3843    143.059     53.507  49884.258    31.5845     8.7718     53.000     8.7661    24.4802     6.5344     9.3384     98.526    284.854    291.827   -0.00072    6.63216    9.47802  289.11475     8.7663   14.95999 6.5493e-02     1.8131     0.7971 0.0000e+00
