CTD-processing/allCTD/CNV/2018_04-23_alongbay_skb07_cast075_5028.cnv
* Sea-Bird SBE19plus Data File:
* FileName = C:\Users\Kim.Powell\Desktop\Not Processed\2018\2018_04-23_AlongBay, T4, T9_5028\2018_04-23_TRANSECT_STATION_cast075.hex
* Software Version 1.59
* Temperature SN =  5028
* Conductivity SN =  5028
* System UpLoad Time = Apr 24 2018 10:10:01
** 2018_04-24
** Station: KB07
** Start Time: 17:17
** Depth (m): 145
** Comment:
** Comment:
# nquan = 27
# nvalues = 139                         
# units = specified
# name 0 = scan: Scan Count
# name 1 = timeJ: Julian Days
# name 2 = timeH: Time, Elapsed [hours]
# name 3 = timeM: Time, Elapsed [minutes]
# name 4 = timeS: Time, Elapsed [seconds]
# name 5 = prdM: Pressure, Strain Gauge [db]
# name 6 = specc: Specific Conductance [uS/cm]
# name 7 = sal00: Salinity, Practical [PSU]
# name 8 = tv290C: Temperature [ITS-90, deg C]
# name 9 = depSM: Depth [salt water, m], lat = 59.00
# name 10 = potemp090C: Potential Temperature [ITS-90, deg C]
# name 11 = sigma-é00: Density [sigma-theta, kg/m^3]
# name 12 = sbeox0ML/L: Oxygen, SBE 43 [ml/l]
# name 13 = sbeox0Mg/L: Oxygen, SBE 43 [mg/l]
# name 14 = sbeox0PS: Oxygen, SBE 43 [% saturation]
# name 15 = sbox0Mm/Kg: Oxygen, SBE 43 [umol/kg]
# name 16 = sbeox0Mm/L: Oxygen, SBE 43 [umol/l]
# name 17 = sbox0dV/dT: Oxygen, SBE 43 [dov/dt]
# name 18 = oxsolML/L: Oxygen Saturation, Garcia & Gordon [ml/l]
# name 19 = oxsolMg/L: Oxygen Saturation, Garcia & Gordon [mg/l]
# name 20 = oxsolMm/Kg: Oxygen Saturation, Garcia & Gordon [umol/kg]
# name 21 = potemp090C: Potential Temperature [ITS-90, deg C]
# name 22 = n2satMg/L: Nitrogen Saturation [mg/l]
# name 23 = par: PAR/Irradiance, Biospherical/Licor
# name 24 = flECO-AFL: Fluorescence, WET Labs ECO-AFL/FL [mg/m^3]
# name 25 = turbWETntu0: Turbidity, WET Labs ECO [NTU]
# name 26 = flag: flag
# span 0 =        218,       1031       
# span 1 = 113.720177, 113.722528       
# span 2 =    0.01508,    0.07151       
# span 3 =     0.9045,     4.2902       
# span 4 =     54.272,    257.413       
# span 5 =      1.010,    140.360       
# span 6 =  49168.539,  51353.493       
# span 7 =    30.6174,    31.7911       
# span 8 =     4.4912,     5.5832       
# span 9 =      1.000,    139.000       
# span 10 =     4.4874,     5.5734      
# span 11 =    24.1416,    25.1757      
# span 12 =     6.8789,     9.5008      
# span 13 =     9.8306,    13.5776      
# span 14 =     94.268,    131.679      
# span 15 =    299.667,    414.051      
# span 16 =    307.211,    424.306      
# span 17 =   -0.04027,    0.01036      
# span 18 =    7.15017,    7.32339      
# span 19 =   10.21830,   10.46586      
# span 20 =  311.63288,  319.06623      
# span 21 =     4.4890,     5.5831      
# span 22 =   16.03527,   16.38774      
# span 23 = 3.7976e-02, 9.4296e+01      
# span 24 =     0.4922,     9.7909      
# span 25 =     1.0073,     2.5866      
# span 26 = 0.0000e+00, 0.0000e+00      
# interval = meters: 1                  
# start_time = Apr 23 2018 17:16:09 [Instrument's time stamp, header]
# bad_flag = -9.990e-29
*END*
[from data line 54]
        612 113.721318    0.04245     2.5472    152.832     55.526  51190.347    31.7200     4.5902     55.000     4.5868    25.1194     7.1277    10.1861     97.616    310.521    318.321   -0.00211    7.30177   10.43495  318.10623     4.5865   16.34173 3.7976e-02     0.7242     1.0249 0.0000e+00
        617 113.721332    0.04279     2.5675    154.049     56.536  51191.447    31.7203     4.5905     56.000     4.5864    25.1196     7.1207    10.1762     97.522    310.220    318.013   -0.00204    7.30170   10.43485  318.10318     4.5867   16.34158 3.7976e-02     0.7103     1.0544 0.0000e+00
        622 113.721346    0.04313     2.5881    155.289     57.546  51194.357    31.7216     4.5897     57.000     4.5856    25.1208     7.1143    10.1671     97.433    309.939    317.725   -0.00190    7.30177   10.43496  318.10595     4.5858   16.34171 3.7976e-02     0.7193     1.0874 0.0000e+00
        627 113.721361    0.04349     2.6094    156.562     58.556  51195.630    31.7219     4.5894     58.000     4.5853    25.1211     7.1040    10.1524     97.292    309.493    317.267   -0.00211    7.30182   10.43504  318.10821     4.5854   16.34181 3.7976e-02     0.7263     1.0555 0.0000e+00
        632 113.721375    0.04383     2.6299    157.795     59.566  51195.675    31.7214     4.5893     59.000     4.5852    25.1207     7.1004    10.1472     97.242    309.334    317.105   -0.00179    7.30186   10.43509  318.10983     4.5852   16.34190 3.7976e-02     0.7160     1.0608 0.0000e+00
        637 113.721388    0.04416     2.6492    158.952     60.575  51195.261    31.7207     4.5895     60.000     4.5857    25.1200     7.0950    10.1396     97.168    309.100    316.865   -0.00172    7.30186   10.43508  318.10995     4.5853   16.34190 3.7976e-02     0.7256     1.1122 0.0000e+00
        642 113.721402    0.04448     2.6690    160.137     61.585  51199.646    31.7235     4.5908     61.000     4.5875    25.1221     7.0940    10.1381     97.158    309.055    316.819   -0.00136    7.30150   10.43457  318.09380     4.5865   16.34112 3.7976e-02     0.7298     1.0842 0.0000e+00
        646 113.721415    0.04480     2.6881    161.286     62.594  51200.471    31.7240     4.5931     62.000     4.5894    25.1224     7.0960    10.1409     97.191    309.142    316.908   -0.00085    7.30107   10.43396  318.07510     4.5887   16.34023 3.7976e-02     0.7368     1.0418 0.0000e+00
        651 113.721430    0.04515     2.7087    162.521     63.604  51200.646    31.7240     4.5943     63.000     4.5903    25.1222     7.0938    10.1377     97.164    309.045    316.809   -0.00077    7.30085   10.43365  318.06563     4.5899   16.33978 3.7976e-02     0.7210     1.0630 0.0000e+00
        656 113.721443    0.04547     2.7283    163.700     64.614  51202.164    31.7247     4.5953     64.000     4.5913    25.1227     7.0865    10.1273     97.067    308.727    316.483   -0.00108    7.30065   10.43335  318.05635     4.5908   16.33933 3.7976e-02     0.7186     1.0624 0.0000e+00
        661 113.721457    0.04580     2.7482    164.893     65.624  51203.241    31.7252     4.5965     65.000     4.5924    25.1230     7.0738    10.1092     96.896    308.173    315.915   -0.00171    7.30040   10.43300  318.04563     4.5920   16.33882 3.7976e-02     0.7084     1.0484 0.0000e+00
        665 113.721471    0.04614     2.7684    166.103     66.634  51204.968    31.7261     4.5976     66.000     4.5935    25.1236     7.0777    10.1148     96.953    308.344    316.091   -0.00102    7.30017   10.43268  318.03550     4.5930   16.33834 3.7976e-02     0.6982     1.0651 0.0000e+00
        670 113.721485    0.04648     2.7885    167.310     67.643  51205.253    31.7261     4.5986     67.000     4.5939    25.1235     7.0726    10.1075     96.885    308.122    315.863   -0.00103    7.30000   10.43243  318.02802     4.5939   16.33798 3.7976e-02     0.7016     1.0910 0.0000e+00
        675 113.721499    0.04682     2.8089    168.531     68.653  51203.883    31.7245     4.5980     68.000     4.5926    25.1223     7.0756    10.1117     96.923    308.250    315.994   -0.00067    7.30018   10.43268  318.03615     4.5932   16.33838 3.7976e-02     0.6801     1.0528 0.0000e+00
        680 113.721514    0.04717     2.8301    169.807     69.663  51206.907    31.7259     4.5971     69.000     4.5929    25.1235     7.0725    10.1073     96.880    308.115    315.857   -0.00070    7.30027   10.43282  318.03981     4.5923   16.33854 3.7976e-02     0.7052     1.0539 0.0000e+00
        685 113.721529    0.04751     2.8508    171.049     70.673  51210.602    31.7284     4.5992     70.000     4.5953    25.1252     7.0683    10.1014     96.829    307.935    315.672   -0.00081    7.29978   10.43211  318.01782     4.5943   16.33748 3.7976e-02     0.6984     1.0751 0.0000e+00
        690 113.721543    0.04787     2.8722    172.334     71.683  51218.807    31.7343     4.6025     71.000     4.6001    25.1296     7.0651    10.0968     96.797    307.794    315.528   -0.00077    7.29891   10.43088  317.97876     4.5975   16.33560 3.7976e-02     0.6995     1.0622 0.0000e+00
        695 113.721558    0.04822     2.8931    173.584     72.692  51232.822    31.7452     4.6107     72.000     4.6091    25.1374     7.0650    10.0966     96.822    307.788    315.525   -0.00051    7.29693   10.42804  317.89004     4.6057   16.33134 3.7976e-02     0.6788     1.0274 0.0000e+00
        700 113.721572    0.04857     2.9142    174.850     73.702  51235.341    31.7479     4.6171     73.000     4.6128    25.1389     7.0609    10.0907     96.782    307.607    315.340   -0.00051    7.29567   10.42623  317.83446     4.6120   16.32868 3.7976e-02     0.6397     1.0546 0.0000e+00
        705 113.721587    0.04892     2.9351    176.106     74.712  51239.972    31.7508     4.6185     74.000     4.6137    25.1411     7.0422    10.0640     96.531    306.791    314.505   -0.00169    7.29528   10.42568  317.81692     4.6134   16.32783 3.7976e-02     0.6106     1.0867 0.0000e+00
        711 113.721602    0.04927     2.9563    177.379     75.722  51245.492    31.7543     4.6193     75.000     4.6144    25.1438     7.0367    10.0561     96.460    306.551    314.258   -0.00163    7.29497   10.42523  317.80229     4.6141   16.32713 3.7976e-02     0.5987     1.1025 0.0000e+00
        715 113.721616    0.04961     2.9768    178.608     76.731  51248.706    31.7562     4.6200     76.000     4.6150    25.1452     7.0346    10.0531     96.434    306.459    314.165   -0.00131    7.29474   10.42492  317.79222     4.6148   16.32664 3.7976e-02     0.6053     1.0823 0.0000e+00
        720 113.721630    0.04995     2.9969    179.811     77.741  51251.530    31.7577     4.6205     77.000     4.6151    25.1464     7.0289    10.0450     96.358    306.211    313.911   -0.00136    7.29459   10.42470  317.78544     4.6151   16.32631 3.7976e-02     0.5868     1.0734 0.0000e+00
        725 113.721644    0.05029     3.0175    181.053     78.751  51254.390    31.7592     4.6205     78.000     4.6150    25.1476     7.0224    10.0358     96.270    305.929    313.622   -0.00145    7.29451   10.42459  317.78150     4.6151   16.32612 3.7976e-02     0.5853     1.0666 0.0000e+00
        730 113.721658    0.05063     3.0379    182.277     79.760  51255.894    31.7597     4.6204     79.000     4.6148    25.1479     7.0168    10.0277     96.193    305.683    313.370   -0.00148    7.29452   10.42460  317.78159     4.6149   16.32612 3.7976e-02     0.5931     1.1469 0.0000e+00
        735 113.721672    0.05097     3.0583    183.495     80.771  51256.674    31.7597     4.6205     80.000     4.6151    25.1480     7.0165    10.0272     96.188    305.669    313.355   -0.00113    7.29449   10.42455  317.78028     4.6149   16.32606 3.7976e-02     0.6003     1.2552 0.0000e+00
        740 113.721686    0.05130     3.0782    184.694     81.781  51256.944    31.7595     4.6210     81.000     4.6155    25.1477     7.0140    10.0238     96.156    305.562    313.246   -0.00101    7.29442   10.42445  317.77723     4.6153   16.32591 3.7976e-02     0.5590     1.1642 0.0000e+00
        745 113.721701    0.05165     3.0990    185.939     82.790  51257.558    31.7596     4.6213     82.000     4.6156    25.1477     7.0101    10.0181     96.103    305.391    313.071   -0.00104    7.29436   10.42438  317.77491     4.6156   16.32581 3.7976e-02     0.5717     1.1060 0.0000e+00
        750 113.721715    0.05199     3.1198    187.185     83.800  51259.286    31.7603     4.6214     83.000     4.6156    25.1483     7.0090    10.0166     96.089    305.344    313.023   -0.00086    7.29431   10.42430  317.77238     4.6156   16.32568 3.7976e-02     0.5818     1.0985 0.0000e+00
        755 113.721729    0.05233     3.1401    188.409     84.810  51260.206    31.7604     4.6214     84.000     4.6156    25.1484     7.0084    10.0156     96.080    305.316    312.993   -0.00072    7.29429   10.42428  317.77171     4.6156   16.32565 3.7976e-02     0.5670     1.0873 0.0000e+00
        760 113.721745    0.05270     3.1619    189.716     85.820  51260.456    31.7600     4.6216     85.000     4.6157    25.1482     7.0073    10.0142     96.066    305.269    312.947   -0.00061    7.29429   10.42426  317.77146     4.6156   16.32564 3.7976e-02     0.5584     1.1170 0.0000e+00
        765 113.721759    0.05305     3.1832    190.990     86.830  51260.990    31.7600     4.6217     86.000     4.6159    25.1481     7.0045    10.0102     96.028    305.147    312.821   -0.00068    7.29426   10.42423  317.77032     4.6158   16.32558 3.7976e-02     0.5663     1.1255 0.0000e+00
        770 113.721775    0.05341     3.2049    192.295     87.840  51262.184    31.7604     4.6222     87.000     4.6162    25.1484     7.0011    10.0053     95.983    305.001    312.671   -0.00073    7.29415   10.42408  317.76567     4.6162   16.32536 3.7976e-02     0.5557     1.0418 0.0000e+00
        775 113.721789    0.05377     3.2263    193.579     88.850  51262.978    31.7605     4.6223     88.000     4.6161    25.1484     6.9997    10.0032     95.963    304.937    312.605   -0.00070    7.29414   10.42406  317.76515     4.6162   16.32534 3.7976e-02     0.5445     1.0645 0.0000e+00
        781 113.721804    0.05414     3.2480    194.878     89.860  51263.356    31.7602     4.6221     89.000     4.6158    25.1483     7.0015    10.0059     95.987    305.017    312.688   -0.00041    7.29419   10.42414  317.76746     4.6159   16.32544 3.7976e-02     0.5520     1.0330 0.0000e+00
        786 113.721819    0.05449     3.2697    196.184     90.869  51264.389    31.7604     4.6219     90.000     4.6156    25.1484     7.0003    10.0041     95.970    304.964    312.633   -0.00043    7.29421   10.42415  317.76789     4.6157   16.32546 3.7976e-02     0.5440     1.0340 0.0000e+00
        791 113.721834    0.05486     3.2914    197.484     91.879  51266.429    31.7613     4.6219     91.000     4.6155    25.1491     6.9982    10.0012     95.943    304.873    312.540   -0.00048    7.29417   10.42410  317.76616     4.6155   16.32538 3.7976e-02     0.5701     1.1126 0.0000e+00
        796 113.721848    0.05520     3.3118    198.705     92.889  51274.058    31.7660     4.6219     92.000     4.6155    25.1529     6.9940     9.9951     95.888    304.689    312.353   -0.00068    7.29394   10.42377  317.75488     4.6155   16.32482 3.7976e-02     0.5534     1.1722 0.0000e+00
        801 113.721863    0.05556     3.3332    199.992     93.899  51278.267    31.7685     4.6222     93.000     4.6159    25.1548     6.9925     9.9930     95.869    304.621    312.284   -0.00062    7.29377   10.42353  317.74688     4.6157   16.32443 3.7976e-02     0.5121     1.1038 0.0000e+00
        806 113.721878    0.05591     3.3548    201.289     94.909  51279.868    31.7692     4.6229     94.000     4.6167    25.1553     6.9873     9.9855     95.800    304.395    312.052   -0.00081    7.29361   10.42329  317.73953     4.6163   16.32408 3.7976e-02     0.5312     1.0557 0.0000e+00
        812 113.721894    0.05629     3.3771    202.625     95.919  51280.791    31.7695     4.6237     95.000     4.6173    25.1555     6.9828     9.9790     95.740    304.198    311.850   -0.00093    7.29344   10.42306  317.73251     4.6171   16.32374 3.7976e-02     0.5262     1.0732 0.0000e+00
        817 113.721909    0.05666     3.3992    203.951     96.929  51282.488    31.7703     4.6244     96.000     4.6180    25.1561     6.9814     9.9771     95.724    304.140    311.790   -0.00077    7.29328   10.42282  317.72513     4.6177   16.32339 3.7976e-02     0.5206     1.1389 0.0000e+00
        822 113.721924    0.05702     3.4211    205.265     97.938  51283.463    31.7707     4.6250     97.000     4.6184    25.1563     6.9793     9.9740     95.695    304.044    311.692   -0.00072    7.29316   10.42266  317.71995     4.6183   16.32314 3.7976e-02     0.5324     1.1395 0.0000e+00
        827 113.721939    0.05738     3.4426    206.555     98.948  51284.297    31.7708     4.6253     98.000     4.6184    25.1564     6.9771     9.9709     95.666    303.950    311.596   -0.00071    7.29311   10.42258  317.71769     4.6185   16.32304 3.7976e-02     0.5354     1.1213 0.0000e+00
        832 113.721954    0.05773     3.4638    207.830     99.959  51285.129    31.7708     4.6252     99.000     4.6182    25.1564     6.9783     9.9727     95.684    304.005    311.653   -0.00046    7.29313   10.42260  317.71826     4.6183   16.32307 3.7976e-02     0.5215     1.1066 0.0000e+00
        837 113.721968    0.05807     3.4843    209.058    100.968  51285.955    31.7709     4.6251    100.000     4.6181    25.1564     6.9757     9.9691     95.648    303.891    311.536   -0.00055    7.29313   10.42261  317.71858     4.6182   16.32307 3.7976e-02     0.5362     1.0574 0.0000e+00
        842 113.721983    0.05841     3.5049    210.295    101.978  51286.300    31.7705     4.6250    101.000     4.6177    25.1562     6.9713     9.9627     95.586    303.697    311.338   -0.00075    7.29318   10.42268  317.72069     4.6179   16.32318 3.7976e-02     0.5362     1.0119 0.0000e+00
        847 113.721997    0.05877     3.5260    211.560    102.988  51287.605    31.7709     4.6246    102.000     4.6173    25.1565     6.9698     9.9606     95.565    303.633    311.271   -0.00071    7.29323   10.42275  317.72281     4.6174   16.32328 3.7976e-02     0.5057     1.0436 0.0000e+00
        852 113.722012    0.05912     3.5470    212.819    103.999  51288.807    31.7712     4.6245    103.000     4.6172    25.1568     6.9716     9.9632     95.590    303.713    311.353   -0.00044    7.29324   10.42277  317.72333     4.6172   16.32330 3.7976e-02     0.5087     1.0144 0.0000e+00
        857 113.722027    0.05947     3.5686    214.118    105.008  51289.860    31.7713     4.6244    104.000     4.6169    25.1569     6.9731     9.9652     95.609    303.773    311.415   -0.00025    7.29325   10.42278  317.72362     4.6171   16.32331 3.7976e-02     0.5160     1.0165 0.0000e+00
        863 113.722043    0.05985     3.5912    215.474    106.018  51291.155    31.7717     4.6239    105.000     4.6166    25.1573     6.9700     9.9608     95.567    303.641    311.280   -0.00044    7.29330   10.42285  317.72558     4.6166   16.32341 3.7976e-02     0.5129     1.0073 0.0000e+00
        868 113.722058    0.06023     3.6135    216.808    107.028  51291.927    31.7717     4.6239    106.000     4.6164    25.1573     6.9673     9.9570     95.530    303.524    311.160   -0.00054    7.29331   10.42286  317.72582     4.6165   16.32342 3.7976e-02     0.5281     1.0343 0.0000e+00
        873 113.722073    0.06058     3.6349    218.096    108.038  51292.944    31.7719     4.6237    107.000     4.6162    25.1574     6.9661     9.9553     95.513    303.471    311.106   -0.00053    7.29334   10.42291  317.72740     4.6162   16.32349 3.7976e-02     0.5260     1.0515 0.0000e+00
