CTD-processing/allCTD/CNV/2018_05-24_alongbay_skb04_cast091_5028.cnv
* Sea-Bird SBE19plus Data File:
* FileName = C:\Users\Kim.Powell\Desktop\Not Processed\2018\2018_05-24_AlongBay, T9_5028\2018_05-24_TRANSECT_STATION_cast091.hex
* Software Version 1.59
* Temperature SN =  5028
* Conductivity SN =  5028
* System UpLoad Time = May 25 2018 13:25:44
** 2018_05-24
** Station: KB04
** Start Time: 12:21
** Depth (m): 160
** Comment:
** Comment:
# nquan = 27
# nvalues = 154                         
# units = specified
# name 0 = scan: Scan Count
# name 1 = timeJ: Julian Days
# name 2 = timeH: Time, Elapsed [hours]
# name 3 = timeM: Time, Elapsed [minutes]
# name 4 = timeS: Time, Elapsed [seconds]
# name 5 = prdM: Pressure, Strain Gauge [db]
# name 6 = specc: Specific Conductance [uS/cm]
# name 7 = sal00: Salinity, Practical [PSU]
# name 8 = tv290C: Temperature [ITS-90, deg C]
# name 9 = depSM: Depth [salt water, m], lat = 59.00
# name 10 = potemp090C: Potential Temperature [ITS-90, deg C]
# name 11 = sigma-é00: Density [sigma-theta, kg/m^3]
# name 12 = sbeox0ML/L: Oxygen, SBE 43 [ml/l]
# name 13 = sbeox0Mg/L: Oxygen, SBE 43 [mg/l]
# name 14 = sbeox0PS: Oxygen, SBE 43 [% saturation]
# name 15 = sbox0Mm/Kg: Oxygen, SBE 43 [umol/kg]
# name 16 = sbeox0Mm/L: Oxygen, SBE 43 [umol/l]
# name 17 = sbox0dV/dT: Oxygen, SBE 43 [dov/dt]
# name 18 = oxsolML/L: Oxygen Saturation, Garcia & Gordon [ml/l]
# name 19 = oxsolMg/L: Oxygen Saturation, Garcia & Gordon [mg/l]
# name 20 = oxsolMm/Kg: Oxygen Saturation, Garcia & Gordon [umol/kg]
# name 21 = potemp090C: Potential Temperature [ITS-90, deg C]
# name 22 = n2satMg/L: Nitrogen Saturation [mg/l]
# name 23 = par: PAR/Irradiance, Biospherical/Licor
# name 24 = flECO-AFL: Fluorescence, WET Labs ECO-AFL/FL [mg/m^3]
# name 25 = turbWETntu0: Turbidity, WET Labs ECO [NTU]
# name 26 = flag: flag
# span 0 =        358,       1047       
# span 1 = 144.516171, 144.518166       
# span 2 =    0.02476,    0.07265       
# span 3 =     1.4858,     4.3592       
# span 4 =     89.148,    261.549       
# span 5 =      1.010,    155.512       
# span 6 =  49880.213,  51213.699       
# span 7 =    31.3241,    31.9354       
# span 8 =     5.7409,     7.0122       
# span 9 =      1.000,    154.000       
# span 10 =     5.7288,     6.9860      
# span 11 =    24.5228,    25.1639      
# span 12 =     6.5665,     8.4550      
# span 13 =     9.3842,    12.0830      
# span 14 =     92.567,    121.574      
# span 15 =    286.063,    368.506      
# span 16 =    293.260,    377.600      
# span 17 =   -0.02758,    0.00152      
# span 18 =    6.91435,    7.09386      
# span 19 =    9.88129,   10.13783      
# span 20 =  301.40333,  309.03529      
# span 21 =     5.7288,     7.0121      
# span 22 =   15.54767,   15.90898      
# span 23 = 4.2171e-02, 8.7302e+01      
# span 24 =     0.3180,     6.9457      
# span 25 =     0.2662,     1.4713      
# span 26 = 0.0000e+00, 0.0000e+00      
# interval = meters: 1                  
# start_time = May 24 2018 12:21:48 [Instrument's time stamp, header]
# bad_flag = -9.990e-29
*END*
[from data line 54]
        592 144.516849    0.04104     2.4625    147.751     55.527  50926.309    31.8340     5.9868     55.000     5.9806    25.0538     6.8600     9.8037     97.200    298.881    306.369   -0.00205    7.05765   10.08609  307.49099     5.9823   15.83580 5.2074e-02     0.7633     0.2761 0.0000e+00
        596 144.516861    0.04132     2.4794    148.767     56.537  50929.332    31.8349     5.9833     56.000     5.9771    25.0549     6.8439     9.7807     96.965    298.180    305.650   -0.00287    7.05818   10.08684  307.51361     5.9788   15.83688 5.1087e-02     0.7452     0.2662 0.0000e+00
        600 144.516873    0.04162     2.4971    149.828     57.546  50931.664    31.8353     5.9796     57.000     5.9727    25.0557     6.8337     9.7661     96.811    297.733    305.193   -0.00302    7.05878   10.08769  307.53929     5.9750   15.83810 5.0220e-02     0.7539     0.2731 0.0000e+00
        605 144.516885    0.04191     2.5149    150.893     58.556  50933.657    31.8350     5.9736     58.000     5.9641    25.0562     6.8291     9.7595     96.732    297.533    304.988   -0.00269    7.05980   10.08915  307.58356     5.9689   15.84022 4.9494e-02     0.7603     0.2941 0.0000e+00
        609 144.516898    0.04223     2.5338    152.029     59.565  50938.496    31.8354     5.9611     59.000     5.9484    25.0580     6.8329     9.7649     96.758    297.698    305.157   -0.00192    7.06184   10.09208  307.67223     5.9564   15.84443 4.8826e-02     0.7911     0.3068 0.0000e+00
        614 144.516912    0.04255     2.5530    153.180     60.575  50942.246    31.8329     5.9381     60.000     5.9212    25.0588     6.8487     9.7875     96.928    298.386    305.863   -0.00053    7.06579   10.09772  307.84389     5.9332   15.85262 4.8189e-02     0.8529     0.3213 0.0000e+00
        618 144.516925    0.04287     2.5721    154.325     61.585  50957.794    31.8382     5.9131     61.000     5.9009    25.0660     6.8571     9.7995     96.993    298.751    306.239   -0.00010    7.06968   10.10329  308.01158     5.9082   15.86059 4.7644e-02     0.8331     0.3338 0.0000e+00
        623 144.516939    0.04319     2.5915    155.492     62.595  50966.109    31.8405     5.8980     62.000     5.8883    25.0696     6.8644     9.8100     97.064    299.069    306.566    0.00024    7.07210   10.10674  308.11567     5.8930   15.86554 4.7162e-02     0.7385     0.3718 0.0000e+00
        628 144.516952    0.04353     2.6119    156.712     63.604  50971.947    31.8421     5.8879     63.000     5.8802    25.0720     6.8597     9.8033     96.975    298.862    306.356   -0.00031    7.07369   10.10901  308.18432     5.8829   15.86881 4.6673e-02     0.6365     0.3968 0.0000e+00
        632 144.516965    0.04382     2.6291    157.746     64.614  50973.812    31.8418     5.8826     64.000     5.8746    25.0725     6.8439     9.7806     96.739    298.173    305.648   -0.00151    7.07460   10.11031  308.22374     5.8775   15.87069 4.6283e-02     0.5761     0.4020 0.0000e+00
        636 144.516976    0.04411     2.6462    158.770     65.623  50974.684    31.8406     5.8762     65.000     5.8672    25.0723     6.8324     9.7641     96.561    297.670    305.133   -0.00223    7.07572   10.11191  308.27242     5.8710   15.87301 4.5983e-02     0.5311     0.4113 0.0000e+00
        640 144.516989    0.04440     2.6642    159.850     66.633  50978.449    31.8412     5.8682     66.000     5.8597    25.0736     6.8243     9.7526     96.428    297.317    304.772   -0.00232    7.07702   10.11376  308.32861     5.8630   15.87569 4.5693e-02     0.5223     0.4300 0.0000e+00
        645 144.517002    0.04471     2.6828    160.968     67.643  50982.254    31.8419     5.8611     67.000     5.8530    25.0751     6.8191     9.7452     96.340    297.093    304.543   -0.00226    7.07817   10.11541  308.37829     5.8558   15.87805 4.5413e-02     0.5315     0.4488 0.0000e+00
        649 144.517015    0.04503     2.7015    162.092     68.653  50988.146    31.8443     5.8552     68.000     5.8481    25.0777     6.8155     9.7400     96.277    296.934    304.380   -0.00199    7.07903   10.11664  308.41530     5.8499   15.87981 4.5163e-02     0.5196     0.4538 0.0000e+00
        654 144.517028    0.04534     2.7200    163.198     69.663  50998.613    31.8506     5.8530     69.000     5.8494    25.0830     6.8119     9.7349     96.225    296.775    304.219   -0.00179    7.07912   10.11676  308.41736     5.8475   15.87988 4.4932e-02     0.5027     0.4347 0.0000e+00
        658 144.517040    0.04562     2.7374    164.246     70.673  51001.665    31.8531     5.8577     70.000     5.8530    25.0844     6.8130     9.7365     96.253    296.824    304.270   -0.00126    7.07822   10.11548  308.37770     5.8521   15.87798 4.4744e-02     0.5367     0.4228 0.0000e+00
        662 144.517052    0.04591     2.7547    165.281     71.683  51002.097    31.8531     5.8584     71.000     5.8522    25.0844     6.8185     9.7443     96.332    297.063    304.514   -0.00056    7.07810   10.11532  308.37270     5.8527   15.87774 4.4597e-02     0.5811     0.4189 0.0000e+00
        667 144.517065    0.04622     2.7730    166.377     72.693  51004.947    31.8544     5.8574     72.000     5.8514    25.0855     6.8202     9.7468     96.355    297.136    304.590   -0.00030    7.07821   10.11547  308.37687     5.8516   15.87793 4.4444e-02     0.6088     0.4264 0.0000e+00
        671 144.517077    0.04651     2.7905    167.432     73.702  51008.242    31.8561     5.8572     73.000     5.8517    25.0869     6.8189     9.7448     96.338    297.079    304.531   -0.00039    7.07814   10.11538  308.37379     5.8514   15.87778 4.4323e-02     0.6128     0.4164 0.0000e+00
        675 144.517088    0.04679     2.8073    168.440     74.712  51009.096    31.8564     5.8578     74.000     5.8521    25.0870     6.8202     9.7468     96.358    297.138    304.591   -0.00028    7.07804   10.11523  308.36925     5.8519   15.87756 4.4209e-02     0.6301     0.4156 0.0000e+00
        679 144.517101    0.04709     2.8257    169.540     75.722  51009.524    31.8563     5.8581     75.000     5.8522    25.0869     6.8253     9.7540     96.429    297.357    304.816    0.00012    7.07799   10.11515  308.36708     5.8522   15.87746 4.4106e-02     0.6471     0.4036 0.0000e+00
        683 144.517113    0.04739     2.8435    170.610     76.731  51009.960    31.8561     5.8582     76.000     5.8520    25.0868     6.8260     9.7551     96.440    297.391    304.851    0.00011    7.07799   10.11517  308.36733     5.8522   15.87747 4.3961e-02     0.6848     0.4075 0.0000e+00
        688 144.517127    0.04771     2.8623    171.739     77.741  51010.806    31.8562     5.8580     77.000     5.8518    25.0868     6.8234     9.7514     96.403    297.277    304.735   -0.00018    7.07802   10.11520  308.36831     5.8519   15.87752 4.3871e-02     0.6723     0.4072 0.0000e+00
        692 144.517138    0.04800     2.8797    172.781     78.751  51012.279    31.8567     5.8578     78.000     5.8511    25.0872     6.8219     9.7492     96.381    297.211    304.667   -0.00033    7.07802   10.11521  308.36847     5.8516   15.87752 4.3811e-02     0.6655     0.4146 0.0000e+00
        697 144.517152    0.04831     2.8990    173.939     79.761  51015.157    31.8579     5.8563     79.000     5.8490    25.0884     6.8221     9.7495     96.381    297.220    304.676   -0.00030    7.07822   10.11549  308.37671     5.8500   15.87791 4.3743e-02     0.6612     0.4236 0.0000e+00
        701 144.517165    0.04863     2.9176    175.054     80.771  51021.029    31.8609     5.8538     80.000     5.8462    25.0911     6.8211     9.7480     96.363    297.172    304.628   -0.00037    7.07849   10.11587  308.38743     5.8475   15.87841 4.3675e-02     0.6610     0.4052 0.0000e+00
        706 144.517178    0.04893     2.9360    176.157     81.781  51025.938    31.8633     5.8513     81.000     5.8438    25.0933     6.8190     9.7450     96.330    297.082    304.536   -0.00051    7.07879   10.11630  308.40008     5.8449   15.87900 4.3601e-02     0.6699     0.4079 0.0000e+00
        710 144.517190    0.04922     2.9532    177.191     82.790  51028.729    31.8642     5.8486     82.000     5.8391    25.0944     6.8161     9.7409     96.284    296.956    304.408   -0.00068    7.07920   10.11689  308.41755     5.8421   15.87984 4.3522e-02     0.6443     0.4105 0.0000e+00
        714 144.517202    0.04952     2.9715    178.289     83.800  51034.299    31.8657     5.8393     83.000     5.8270    25.0967     6.8133     9.7369     96.224    296.832    304.282   -0.00088    7.08069   10.11902  308.48198     5.8327   15.88290 4.3477e-02     0.6504     0.4427 0.0000e+00
        719 144.517215    0.04983     2.9899    179.397     84.810  51046.218    31.8712     5.8280     84.000     5.8182    25.1023     6.8068     9.7275     96.109    296.545    303.990   -0.00126    7.08231   10.12133  308.55066     5.8213   15.88614 4.3450e-02     0.6393     0.4561 0.0000e+00
        723 144.517229    0.05015     3.0091    180.548     85.820  51054.181    31.8750     5.8219     85.000     5.8129    25.1060     6.7941     9.7094     95.919    295.994    303.425   -0.00197    7.08316   10.12255  308.58657     5.8151   15.88784 4.3429e-02     0.6002     0.4585 0.0000e+00
        728 144.517242    0.05047     3.0280    181.682     86.830  51059.304    31.8769     5.8164     86.000     5.8069    25.1082     6.7839     9.6949     95.764    295.549    302.970   -0.00229    7.08399   10.12373  308.62185     5.8096   15.88952 4.3388e-02     0.5499     0.4734 0.0000e+00
        733 144.517256    0.05080     3.0480    182.879     87.839  51066.002    31.8799     5.8105     87.000     5.8019    25.1113     6.7775     9.6857     95.662    295.266    302.681   -0.00221    7.08483   10.12492  308.65756     5.8036   15.89121 4.3346e-02     0.5431     0.5069 0.0000e+00
        738 144.517270    0.05115     3.0688    184.127     88.850  51070.614    31.8818     5.8070     88.000     5.7988    25.1132     6.7714     9.6770     95.570    295.004    302.413   -0.00207    7.08533   10.12564  308.67869     5.8000   15.89221 4.3308e-02     0.5215     0.5464 0.0000e+00
        742 144.517283    0.05147     3.0881    185.285     89.859  51073.396    31.8827     5.8040     89.000     5.7954    25.1143     6.7681     9.6722     95.516    294.857    302.261   -0.00180    7.08578   10.12629  308.69819     5.7969   15.89313 4.3293e-02     0.5194     0.5626 0.0000e+00
        747 144.517297    0.05179     3.1071    186.423     90.869  51077.827    31.8847     5.8009     90.000     5.7931    25.1162     6.7648     9.6676     95.464    294.713    302.115   -0.00163    7.08620   10.12689  308.71586     5.7938   15.89396 4.3249e-02     0.5365     0.5728 0.0000e+00
        751 144.517309    0.05208     3.1252    187.515     91.879  51080.151    31.8855     5.7996     91.000     5.7917    25.1171     6.7612     9.6623     95.410    294.555    301.954   -0.00150    7.08638   10.12715  308.72358     5.7924   15.89433 4.3226e-02     0.5399     0.5525 0.0000e+00
        756 144.517322    0.05240     3.1440    188.641     92.889  51082.172    31.8862     5.7982     92.000     5.7903    25.1178     6.7590     9.6593     95.378    294.461    301.857   -0.00134    7.08659   10.12744  308.73214     5.7909   15.89473 4.3190e-02     0.5268     0.5514 0.0000e+00
        760 144.517334    0.05270     3.1617    189.700     93.899  51084.159    31.8867     5.7967     93.000     5.7885    25.1184     6.7580     9.6578     95.360    294.416    301.812   -0.00112    7.08681   10.12775  308.74162     5.7893   15.89518 4.3155e-02     0.5208     0.5510 0.0000e+00
        764 144.517347    0.05300     3.1801    190.807     94.910  51086.952    31.8879     5.7952     94.000     5.7874    25.1195     6.7549     9.6535     95.315    294.283    301.676   -0.00111    7.08700   10.12803  308.74968     5.7878   15.89556 4.3114e-02     0.5416     0.5419 0.0000e+00
        768 144.517359    0.05329     3.1976    191.858     95.919  51088.622    31.8884     5.7947     95.000     5.7869    25.1200     6.7532     9.6510     95.289    294.207    301.598   -0.00102    7.08707   10.12813  308.75276     5.7871   15.89571 4.3099e-02     0.5373     0.5683 0.0000e+00
        773 144.517373    0.05363     3.2176    193.057     96.929  51089.886    31.8887     5.7941     96.000     5.7860    25.1203     6.7508     9.6477     95.255    294.106    301.494   -0.00093    7.08716   10.12825  308.75635     5.7864   15.89587 4.3081e-02     0.5084     0.5587 0.0000e+00
        778 144.517387    0.05396     3.2373    194.236     97.938  51091.543    31.8892     5.7931     97.000     5.7848    25.1208     6.7473     9.6425     95.202    293.948    301.332   -0.00101    7.08731   10.12847  308.76279     5.7853   15.89618 4.3042e-02     0.5309     0.5685 0.0000e+00
        783 144.517401    0.05429     3.2572    195.431     98.949  51093.492    31.8898     5.7917     98.000     5.7829    25.1214     6.7461     9.6409     95.182    293.896    301.279   -0.00086    7.08750   10.12875  308.77134     5.7839   15.89659 4.3027e-02     0.5125     0.5799 0.0000e+00
        787 144.517414    0.05461     3.2766    196.595     99.959  51096.474    31.8908     5.7893     99.000     5.7803    25.1225     6.7416     9.6345     95.115    293.703    301.081   -0.00101    7.08786   10.12926  308.78629     5.7814   15.89729 4.3010e-02     0.4918     0.5919 0.0000e+00
        792 144.517429    0.05495     3.2970    197.817    100.968  51099.759    31.8921     5.7869    100.000     5.7783    25.1239     6.7358     9.6262     95.029    293.449    300.822   -0.00123    7.08819   10.12974  308.80045     5.7790   15.89796 4.2962e-02     0.4759     0.6221 0.0000e+00
        797 144.517441    0.05527     3.3159    198.953    101.978  51102.356    31.8932     5.7858    101.000     5.7776    25.1249     6.7339     9.6235     95.000    293.367    300.737   -0.00109    7.08833   10.12994  308.80628     5.7777   15.89824 4.2935e-02     0.4544     0.6280 0.0000e+00
        801 144.517454    0.05557     3.3340    200.040    102.988  51103.650    31.8936     5.7856    102.000     5.7774    25.1252     6.7309     9.6191     94.957    293.234    300.602   -0.00106    7.08835   10.12996  308.80682     5.7775   15.89826 4.2901e-02     0.4555     0.6082 0.0000e+00
        806 144.517467    0.05587     3.3522    201.132    103.998  51104.171    31.8934     5.7853    103.000     5.7768    25.1251     6.7279     9.6148     94.914    293.104    300.468   -0.00108    7.08839   10.13002  308.80865     5.7772   15.89835 4.2856e-02     0.4691     0.6143 0.0000e+00
        810 144.517480    0.05619     3.3713    202.279    105.008  51104.980    31.8933     5.7844    104.000     5.7754    25.1251     6.7294     9.6169     94.933    293.166    300.532   -0.00074    7.08856   10.13026  308.81607     5.7761   15.89871 4.2842e-02     0.4844     0.6015 0.0000e+00
        815 144.517493    0.05651     3.3907    203.440    106.018  51107.131    31.8940     5.7829    105.000     5.7742    25.1259     6.7256     9.6116     94.878    293.004    300.366   -0.00084    7.08876   10.13055  308.82471     5.7746   15.89911 4.2844e-02     0.4944     0.5896 0.0000e+00
        819 144.517506    0.05682     3.4090    204.541    107.028  51108.618    31.8944     5.7821    106.000     5.7733    25.1263     6.7226     9.6073     94.833    292.873    300.232   -0.00094    7.08889   10.13074  308.83015     5.7737   15.89937 4.2821e-02     0.4962     0.6061 0.0000e+00
        824 144.517519    0.05713     3.4277    205.662    108.038  51110.014    31.8947     5.7814    107.000     5.7726    25.1266     6.7240     9.6093     94.851    292.934    300.294   -0.00064    7.08900   10.13090  308.83487     5.7728   15.89959 4.2840e-02     0.5168     0.5948 0.0000e+00
