CTD-processing/allCTD/CNV/2018_11-08_alongbay_skb12_cast002_4141.cnv
* Sea-Bird SBE19plus Data File:
* FileName = C:\Users\Kim.Powell\Desktop\Not Processed\2018\2018_11-08_AlongBay, T9_4141\2018_11-08_TRANSECT_STATION_cast002.hex
* Software Version 1.59
* Temperature SN =  4141
* Conductivity SN =  4141
* System UpLoad Time = Nov 13 2018 09:03:53
** 2018_11-08
** Station: KB12
** Start Time: 10:58
** Depth (m): 76
** Comment:
** Comment:
# nquan = 27
# nvalues = 74                          
# units = specified
# name 0 = scan: Scan Count
# name 1 = timeJ: Julian Days
# name 2 = timeH: Time, Elapsed [hours]
# name 3 = timeM: Time, Elapsed [minutes]
# name 4 = timeS: Time, Elapsed [seconds]
# name 5 = prdM: Pressure, Strain Gauge [db]
# name 6 = specc: Specific Conductance [uS/cm]
# name 7 = sal00: Salinity, Practical [PSU]
# name 8 = tv290C: Temperature [ITS-90, deg C]
# name 9 = depSM: Depth [salt water, m], lat = 59.00
# name 10 = potemp090C: Potential Temperature [ITS-90, deg C]
# name 11 = sigma-é00: Density [sigma-theta, kg/m^3]
# name 12 = sbeox0ML/L: Oxygen, SBE 43 [ml/l]
# name 13 = sbeox0Mg/L: Oxygen, SBE 43 [mg/l]
# name 14 = sbeox0PS: Oxygen, SBE 43 [% saturation]
# name 15 = sbox0Mm/Kg: Oxygen, SBE 43 [umol/kg]
# name 16 = sbeox0Mm/L: Oxygen, SBE 43 [umol/l]
# name 17 = sbox0dV/dT: Oxygen, SBE 43 [dov/dt]
# name 18 = oxsolML/L: Oxygen Saturation, Garcia & Gordon [ml/l]
# name 19 = oxsolMg/L: Oxygen Saturation, Garcia & Gordon [mg/l]
# name 20 = oxsolMm/Kg: Oxygen Saturation, Garcia & Gordon [umol/kg]
# name 21 = n2satMg/L: Nitrogen Saturation [mg/l]
# name 22 = par: PAR/Irradiance, Biospherical/Licor
# name 23 = wetStar: Fluorescence, WET Labs WETstar [mg/m^3]
# name 24 = CStarAt0: Beam Attenuation, WET Labs C-Star [1/m]
# name 25 = CStarTr0: Beam Transmission, WET Labs C-Star [%]
# name 26 = flag: flag
# span 0 =        273,        650       
# span 1 = 312.457315, 312.458407       
# span 2 =    0.01888,    0.04510       
# span 3 =     1.1327,     2.7061       
# span 4 =     67.961,    162.367       
# span 5 =      1.019,     74.711       
# span 6 =  48430.122,  48682.513       
# span 7 =    30.5470,    30.7299       
# span 8 =     8.4836,     8.7501       
# span 9 =      1.000,     74.000       
# span 10 =     8.4850,     8.7430      
# span 11 =    23.7086,    23.8150      
# span 12 =     5.4409,     5.6975      
# span 13 =     7.7756,     8.1423      
# span 14 =     81.545,     84.782      
# span 15 =    237.338,    248.558      
# span 16 =    242.990,    254.452      
# span 17 =   -0.00376,    0.01757      
# span 18 =    6.67220,    6.72022      
# span 19 =    9.53524,    9.60387      
# span 20 =  291.04924,  293.17369      
# span 21 =   15.05590,   15.15811      
# span 22 = 3.6159e-02, 5.9614e+01      
# span 23 =     0.2326,     0.3052      
# span 24 =     0.5568,     1.6794      
# span 25 =    65.7126,    87.0041      
# span 26 = 0.0000e+00, 0.0000e+00      
# interval = meters: 1                  
# start_time = Nov 08 2018 10:57:24 [Instrument's time stamp, header]
# bad_flag = -9.990e-29
*END*
[from data line 54]
        547 312.458107    0.03791     2.2741    136.448     55.526  48633.364    30.7022     8.7387     55.000     8.7334    23.7946     5.4976     7.8567     82.360    239.819    245.525   -0.00064    6.67510    9.53939  291.18146   15.06233 3.6170e-02     0.2369     0.8529    80.7970 0.0000e+00
        552 312.458123    0.03828     2.2973    137.837     56.537  48636.258    30.7038     8.7390     56.000     8.7334    23.7959     5.4945     7.8522     82.315    239.681    245.384   -0.00076    6.67500    9.53924  291.17669   15.06210 3.6170e-02     0.2378     0.8642    80.5691 0.0000e+00
        558 312.458139    0.03867     2.3203    139.219     57.545  48640.550    30.7065     8.7397     57.000     8.7345    23.7979     5.4922     7.8489     82.283    239.579    245.281   -0.00072    6.67476    9.53891  291.16588   15.06157 3.6170e-02     0.2366     0.8704    80.4446 0.0000e+00
        564 312.458156    0.03907     2.3439    140.635     58.556  48640.551    30.7062     8.7409     58.000     8.7353    23.7976     5.4903     7.8462     82.257    239.497    245.196   -0.00069    6.67460    9.53867  291.15878   15.06123 3.6170e-02     0.2420     0.8721    80.4107 0.0000e+00
        569 312.458171    0.03945     2.3670    142.022     59.565  48641.733    30.7067     8.7414     59.000     8.7355    23.7979     5.4875     7.8422     82.216    239.376    245.073   -0.00075    6.67451    9.53854  291.15480   15.06104 3.6170e-02     0.2403     0.8783    80.2851 0.0000e+00
        575 312.458188    0.03984     2.3906    143.437     60.574  48643.447    30.7075     8.7417     60.000     8.7360    23.7985     5.4874     7.8420     82.214    239.367    245.064   -0.00058    6.67442    9.53842  291.15066   15.06084 3.6170e-02     0.2365     0.8778    80.2967 0.0000e+00
        581 312.458205    0.04025     2.4147    144.881     61.586  48644.120    30.7076     8.7423     61.000     8.7363    23.7985     5.4873     7.8419     82.215    239.367    245.064   -0.00040    6.67433    9.53827  291.14655   15.06064 3.6170e-02     0.2364     0.8722    80.4085 0.0000e+00
        586 312.458220    0.04063     2.4376    146.256     62.595  48644.585    30.7075     8.7425     62.000     8.7363    23.7984     5.4901     7.8459     82.257    239.489    245.187   -0.00005    6.67430    9.53824  291.14537   15.06059 3.6170e-02     0.2360     0.8788    80.2755 0.0000e+00
        591 312.458236    0.04100     2.4601    147.609     63.604  48646.141    30.7082     8.7427     63.000     8.7366    23.7989     5.4863     7.8404     82.201    239.321    245.017   -0.00043    6.67424    9.53815  291.14254   15.06045 3.6170e-02     0.2326     0.8793    80.2667 0.0000e+00
        597 312.458252    0.04138     2.4827    148.962     64.615  48647.036    30.7085     8.7431     64.000     8.7368    23.7991     5.4840     7.8372     82.168    239.223    244.916   -0.00054    6.67417    9.53805  291.13950   15.06030 3.6170e-02     0.2341     0.8813    80.2265 0.0000e+00
        602 312.458267    0.04174     2.5043    150.261     65.624  48648.294    30.7089     8.7435     65.000     8.7371    23.7995     5.4831     7.8358     82.154    239.181    244.874   -0.00052    6.67410    9.53795  291.13608   15.06014 3.6170e-02     0.2348     0.8888    80.0759 0.0000e+00
        607 312.458281    0.04208     2.5253    151.515     66.633  48653.754    30.7124     8.7442     66.000     8.7379    23.8021     5.4866     7.8409     82.211    239.334    245.031   -0.00011    6.67384    9.53759  291.12454   15.05957 3.6170e-02     0.2590     0.8894    80.0645 0.0000e+00
        612 312.458297    0.04245     2.5467    152.804     67.643  48659.056    30.7159     8.7451     67.000     8.7388    23.8046     5.4899     7.8457     82.264    239.481    245.181    0.00026    6.67356    9.53719  291.11145   15.05893 3.6170e-02     0.2328     0.9086    79.6820 0.0000e+00
        617 312.458311    0.04281     2.5682    154.094     68.654  48667.698    30.7217     8.7466     68.000     8.7403    23.8089     5.4851     7.8388     82.198    239.271    244.967   -0.00028    6.67308    9.53650  291.08943   15.05786 3.6170e-02     0.2453     1.0128    77.6306 0.0000e+00
        622 312.458326    0.04316     2.5895    155.372     69.662  48674.184    30.7260     8.7479     69.000     8.7412    23.8122     5.4757     7.8252     82.061    238.855    244.542   -0.00106    6.67270    9.53595  291.07167   15.05699 3.6170e-02     0.2394     1.1422    75.1675 0.0000e+00
        628 312.458342    0.04353     2.6119    156.716     70.673  48677.133    30.7277     8.7485     70.000     8.7416    23.8134     5.4618     7.8054     81.855    238.250    243.923   -0.00201    6.67254    9.53573  291.06446   15.05664 3.6170e-02     0.2350     1.2509    73.1457 0.0000e+00
        633 312.458357    0.04391     2.6344    158.061     71.682  48679.601    30.7291     8.7490     71.000     8.7420    23.8144     5.4576     7.7995     81.794    238.069    243.739   -0.00168    6.67241    9.53553  291.05815   15.05633 3.6170e-02     0.2417     1.4016    70.4432 0.0000e+00
        639 312.458373    0.04429     2.6576    159.457     72.693  48680.886    30.7296     8.7494     72.000     8.7421    23.8148     5.4513     7.7904     81.700    237.791    243.454   -0.00187    6.67233    9.53543  291.05499   15.05618 3.6170e-02     0.2356     1.5061    68.6245 0.0000e+00
        644 312.458389    0.04468     2.6808    160.847     73.701  48681.429    30.7296     8.7496     73.000     8.7424    23.8148     5.4409     7.7756     81.545    237.338    242.990   -0.00202    6.67229    9.53537  291.05311   15.05609 3.6170e-02     0.2381     1.6097    66.8741 0.0000e+00
        650 312.458407    0.04510     2.7061    162.367     74.711  48682.513    30.7299     8.7501     74.000     8.7430    23.8150     5.4424     7.7777     81.568    237.402    243.056   -0.00131    6.67220    9.53524  291.04924   15.05590 3.6170e-02     0.2591     1.6794    65.7126 0.0000e+00
