CTD-processing/allCTD/CNV/2018_04-23_t9_s02_cast058_5028.cnv
* Sea-Bird SBE19plus Data File:
* FileName = C:\Users\Kim.Powell\Desktop\Not Processed\2018\2018_04-23_AlongBay, T4, T9_5028\2018_04-23_TRANSECT_STATION_cast058.hex
* Software Version 1.59
* Temperature SN =  5028
* Conductivity SN =  5028
* System UpLoad Time = Apr 24 2018 09:50:07
** 2018_04-24
** Station: 9-02
** Start Time: 12:27
** Depth (m): 74
** Comment:
** Comment:
# nquan = 27
# nvalues = 72                          
# units = specified
# name 0 = scan: Scan Count
# name 1 = timeJ: Julian Days
# name 2 = timeH: Time, Elapsed [hours]
# name 3 = timeM: Time, Elapsed [minutes]
# name 4 = timeS: Time, Elapsed [seconds]
# name 5 = prdM: Pressure, Strain Gauge [db]
# name 6 = specc: Specific Conductance [uS/cm]
# name 7 = sal00: Salinity, Practical [PSU]
# name 8 = tv290C: Temperature [ITS-90, deg C]
# name 9 = depSM: Depth [salt water, m], lat = 59.00
# name 10 = potemp090C: Potential Temperature [ITS-90, deg C]
# name 11 = sigma-é00: Density [sigma-theta, kg/m^3]
# name 12 = sbeox0ML/L: Oxygen, SBE 43 [ml/l]
# name 13 = sbeox0Mg/L: Oxygen, SBE 43 [mg/l]
# name 14 = sbeox0PS: Oxygen, SBE 43 [% saturation]
# name 15 = sbox0Mm/Kg: Oxygen, SBE 43 [umol/kg]
# name 16 = sbeox0Mm/L: Oxygen, SBE 43 [umol/l]
# name 17 = sbox0dV/dT: Oxygen, SBE 43 [dov/dt]
# name 18 = oxsolML/L: Oxygen Saturation, Garcia & Gordon [ml/l]
# name 19 = oxsolMg/L: Oxygen Saturation, Garcia & Gordon [mg/l]
# name 20 = oxsolMm/Kg: Oxygen Saturation, Garcia & Gordon [umol/kg]
# name 21 = potemp090C: Potential Temperature [ITS-90, deg C]
# name 22 = n2satMg/L: Nitrogen Saturation [mg/l]
# name 23 = par: PAR/Irradiance, Biospherical/Licor
# name 24 = flECO-AFL: Fluorescence, WET Labs ECO-AFL/FL [mg/m^3]
# name 25 = turbWETntu0: Turbidity, WET Labs ECO [NTU]
# name 26 = flag: flag
# span 0 =        153,        568       
# span 1 = 113.519850, 113.521050       
# span 2 =    0.01057,    0.03936       
# span 3 =     0.6343,     2.3612       
# span 4 =     38.056,    141.675       
# span 5 =      1.009,     72.692       
# span 6 =  50177.544,  51256.142       
# span 7 =    31.1250,    31.7658       
# span 8 =     4.6084,     4.8906       
# span 9 =      1.000,     72.000       
# span 10 =     4.6079,     4.8611      
# span 11 =    24.6164,    25.1515      
# span 12 =     6.2311,     7.4142      
# span 13 =     8.9049,    10.5956      
# span 14 =     85.614,    101.623      
# span 15 =    271.591,    323.031      
# span 16 =    278.281,    331.117      
# span 17 =   -0.00317,    0.05609      
# span 18 =    7.27860,    7.30011      
# span 19 =   10.40186,   10.43258      
# span 20 =  317.25798,  318.04262      
# span 21 =     4.6079,     4.8905      
# span 22 =   16.30379,   16.33883      
# span 23 = 3.7972e-02, 2.8762e+02      
# span 24 =     0.5202,     1.6263      
# span 25 =     0.8928,     3.0464      
# span 26 = 0.0000e+00, 0.0000e+00      
# interval = meters: 1                  
# start_time = Apr 23 2018 12:27:57 [Instrument's time stamp, header]
# bad_flag = -9.990e-29
*END*
        153 113.519850    0.01057     0.6343     38.056      1.009  50177.544    31.1250     4.8906      1.000     4.8611    24.6164     6.2311     8.9049     85.614    271.591    278.281    0.00678    7.27860   10.40186  317.25798     4.8905   16.30379 2.8762e+02     0.9216     3.0464 0.0000e+00
        258 113.520153    0.01784     1.0703     64.216      2.019  50903.694    31.5814     4.7320      2.000     4.6837    24.9943     7.0920    10.1351     97.361    309.005    316.728    0.04264    7.28363   10.40903  317.35431     4.7319   16.30650 1.5858e+02     1.5352     1.0389 0.0000e+00
        256 113.520147    0.01770     1.0617     63.703      3.028  50983.868    31.6188     4.6534      3.000     4.6362    25.0322     7.4142    10.5956    101.623    323.031    331.117    0.05609    7.29562   10.42617  317.86535     4.6532   16.33067 1.0871e+02     1.6263     1.2266 0.0000e+00
        260 113.520159    0.01800     1.0797     64.785      4.037  51037.483    31.6488     4.6253      4.000     4.6191    25.0589     7.3676    10.5290    100.939    320.993    329.037    0.03807    7.29908   10.43112  318.00814     4.6250   16.33734 8.0754e+01     1.6112     1.1964 0.0000e+00
        264 113.520172    0.01828     1.0968     65.805      5.047  51070.399    31.6686     4.6154      5.000     4.6125    25.0757     7.2360    10.3411     99.126    315.257    323.162    0.01828    7.29986   10.43223  318.03684     4.6150   16.33863 6.4400e+01     1.5088     1.1523 0.0000e+00
        269 113.520184    0.01859     1.1157     66.941      6.057  51092.100    31.6819     4.6107      6.000     4.6091    25.0867     7.1329    10.1937     97.711    310.762    318.558    0.00549    7.30002   10.43246  318.04044     4.6103   16.33874 5.4647e+01     1.3705     1.1362 0.0000e+00
        273 113.520197    0.01890     1.1338     68.026      7.066  51101.707    31.6876     4.6087      7.000     4.6079    25.0914     7.0723    10.1070     96.880    308.118    315.850   -0.00058    7.30011   10.43258  318.04262     4.6082   16.33883 4.6976e+01     1.2747     1.1115 0.0000e+00
        277 113.520208    0.01918     1.1505     69.032      8.075  51110.164    31.6928     4.6084      8.000     4.6083    25.0956     7.0413    10.0627     96.458    306.766    314.464   -0.00286    7.29989   10.43228  318.03201     4.6079   16.33830 3.9514e+01     1.2165     1.1106 0.0000e+00
        281 113.520221    0.01946     1.1678     70.066      9.085  51121.501    31.7003     4.6095      9.000     4.6097    25.1015     7.0281    10.0438     96.284    306.188    313.875   -0.00317    7.29934   10.43148  318.00584     4.6089   16.33702 3.2867e+01     1.1319     1.1200 0.0000e+00
        286 113.520234    0.01978     1.1867     71.200     10.095  51133.202    31.7082     4.6113     10.000     4.6111    25.1076     7.0257    10.0404     96.260    306.083    313.768   -0.00249    7.29864   10.43048  317.97369     4.6106   16.33546 2.7047e+01     1.0385     1.1117 0.0000e+00
        290 113.520246    0.02008     1.2047     72.280     11.104  51140.179    31.7127     4.6122     11.000     4.6116    25.1110     7.0219    10.0350     96.213    305.918    313.600   -0.00205    7.29826   10.42995  317.95638     4.6114   16.33462 2.1969e+01     0.9571     1.0797 0.0000e+00
        294 113.520258    0.02036     1.2214     73.283     12.114  51144.770    31.7155     4.6127     12.000     4.6126    25.1132     7.0157    10.0261     96.132    305.645    313.321   -0.00209    7.29802   10.42960  317.94497     4.6119   16.33406 1.7854e+01     0.9147     1.0875 0.0000e+00
        299 113.520271    0.02066     1.2396     74.379     13.123  51148.900    31.7182     4.6144     13.000     4.6145    25.1152     7.0083    10.0155     96.035    305.321    312.989   -0.00200    7.29759   10.42899  317.92561     4.6136   16.33313 1.4379e+01     0.8920     1.0770 0.0000e+00
        303 113.520283    0.02097     1.2581     75.486     14.133  51150.725    31.7194     4.6165     14.000     4.6162    25.1159     7.0027    10.0076     95.965    305.079    312.741   -0.00196    7.29718   10.42839  317.90720     4.6155   16.33225 1.1541e+01     0.8808     1.0680 0.0000e+00
        307 113.520296    0.02128     1.2765     76.590     15.142  51151.812    31.7199     4.6178     15.000     4.6172    25.1162     7.0061    10.0124     96.015    305.227    312.892   -0.00122    7.29692   10.42804  317.89633     4.6168   16.33174 9.2508e+00     0.8541     1.1032 0.0000e+00
        311 113.520308    0.02156     1.2935     77.609     16.151  51154.932    31.7219     4.6191     16.000     4.6189    25.1176     7.0107    10.0189     96.081    305.425    313.096   -0.00064    7.29660   10.42757  317.88157     4.6180   16.33102 7.4584e+00     0.8259     1.1285 0.0000e+00
        316 113.520320    0.02186     1.3117     78.700     17.161  51157.691    31.7237     4.6210     17.000     4.6204    25.1189     7.0164    10.0271     96.165    305.673    313.352   -0.00007    7.29618   10.42696  317.86273     4.6198   16.33012 6.0882e+00     0.8247     1.0835 0.0000e+00
        320 113.520334    0.02218     1.3310     79.860     18.171  51159.693    31.7248     4.6221     18.000     4.6212    25.1196     7.0171    10.0282     96.179    305.705    313.384   -0.00002    7.29592   10.42660  317.85150     4.6209   16.32958 4.9448e+00     0.8232     1.0178 0.0000e+00
        325 113.520346    0.02248     1.3490     80.937     19.180  51163.672    31.7272     4.6231     19.000     4.6224    25.1215     7.0142    10.0240     96.143    305.579    313.255   -0.00026    7.29564   10.42619  317.83835     4.6218   16.32894 4.0408e+00     0.7862     1.0252 0.0000e+00
        329 113.520360    0.02279     1.3675     82.053     20.190  51170.008    31.7314     4.6246     20.000     4.6240    25.1247     7.0140    10.0237     96.146    305.568    313.245   -0.00026    7.29516   10.42551  317.81674     4.6232   16.32790 3.3097e+00     0.7485     1.0369 0.0000e+00
        334 113.520372    0.02311     1.3862     83.174     21.199  51173.894    31.7339     4.6262     21.000     4.6251    25.1265     7.0138    10.0235     96.149    305.561    313.237   -0.00021    7.29476   10.42494  317.79868     4.6247   16.32703 2.7246e+00     0.7148     1.0583 0.0000e+00
        338 113.520386    0.02342     1.4055     84.330     22.209  51175.688    31.7348     4.6268     22.000     4.6254    25.1272     7.0123    10.0213     96.130    305.494    313.169   -0.00032    7.29460   10.42471  317.79162     4.6253   16.32669 2.2362e+00     0.6647     0.9915 0.0000e+00
        343 113.520400    0.02377     1.4264     85.585     23.218  51176.795    31.7351     4.6271     23.000     4.6255    25.1274     7.0113    10.0198     96.117    305.449    313.124   -0.00033    7.29455   10.42464  317.78922     4.6255   16.32657 1.8360e+00     0.6651     0.9848 0.0000e+00
        348 113.520413    0.02408     1.4446     86.675     24.228  51178.533    31.7358     4.6271     24.000     4.6254    25.1279     7.0072    10.0140     96.062    305.272    312.942   -0.00061    7.29450   10.42457  317.78712     4.6254   16.32647 1.5047e+00     0.6952     1.0050 0.0000e+00
        352 113.520426    0.02440     1.4639     87.832     25.238  51180.271    31.7365     4.6272     25.000     4.6255    25.1285     7.0054    10.0113     96.037    305.190    312.859   -0.00062    7.29445   10.42449  317.78467     4.6255   16.32635 1.2469e+00     0.7180     0.9990 0.0000e+00
        357 113.520440    0.02471     1.4829     88.971     26.247  51181.348    31.7368     4.6274     26.000     4.6256    25.1287     7.0030    10.0080     96.005    305.088    312.754   -0.00069    7.29440   10.42443  317.78265     4.6256   16.32626 1.0326e+00     0.7248     1.0153 0.0000e+00
        362 113.520453    0.02504     1.5022     90.135     27.256  51182.413    31.7371     4.6274     27.000     4.6255    25.1289     7.0049    10.0107     96.031    305.171    312.839   -0.00043    7.29439   10.42441  317.78190     4.6255   16.32622 8.5875e-01     0.7210     1.0005 0.0000e+00
        366 113.520466    0.02534     1.5203     91.216     28.266  51183.192    31.7371     4.6274     28.000     4.6255    25.1289     7.0091    10.0167     96.089    305.355    313.028   -0.00006    7.29438   10.42440  317.78165     4.6255   16.32620 7.1030e-01     0.6988     0.9941 0.0000e+00
        370 113.520478    0.02563     1.5381     92.287     29.275  51183.822    31.7370     4.6274     29.000     4.6254    25.1289     7.0072    10.0140     96.063    305.270    312.941   -0.00021    7.29439   10.42441  317.78177     4.6254   16.32621 5.9220e-01     0.7140     0.9804 0.0000e+00
        375 113.520491    0.02595     1.5572     93.432     30.285  51184.160    31.7368     4.6275     30.000     4.6255    25.1287     7.0067    10.0133     96.056    305.250    312.920   -0.00030    7.29438   10.42440  317.78169     4.6255   16.32621 4.8993e-01     0.7424     1.0017 0.0000e+00
        379 113.520504    0.02626     1.5757     94.544     31.295  51184.569    31.7366     4.6276     31.000     4.6254    25.1285     7.0116    10.0203     96.124    305.463    313.139    0.00007    7.29438   10.42440  317.78161     4.6255   16.32621 4.0610e-01     0.7213     1.0471 0.0000e+00
        383 113.520516    0.02656     1.5934     95.607     32.304  51185.607    31.7367     4.6276     32.000     4.6253    25.1286     7.0139    10.0236     96.155    305.562    313.241    0.00017    7.29438   10.42439  317.78134     4.6254   16.32620 3.3632e-01     0.7120     1.0261 0.0000e+00
        388 113.520529    0.02686     1.6116     96.695     33.314  51186.895    31.7372     4.6276     33.000     4.6252    25.1289     7.0135    10.0230     96.150    305.547    313.225    0.00003    7.29436   10.42437  317.78055     4.6253   16.32616 2.8117e-01     0.7024     0.9865 0.0000e+00
        392 113.520542    0.02717     1.6302     97.809     34.324  51188.893    31.7380     4.6275     34.000     4.6251    25.1296     7.0125    10.0216     96.137    305.502    313.179   -0.00011    7.29433   10.42433  317.77890     4.6252   16.32607 2.3553e-01     0.6848     0.9542 0.0000e+00
        397 113.520554    0.02747     1.6482     98.891     35.333  51190.700    31.7387     4.6275     35.000     4.6252    25.1303     7.0111    10.0195     96.117    305.439    313.114   -0.00024    7.29428   10.42426  317.77694     4.6251   16.32598 1.9862e-01     0.6689     0.9865 0.0000e+00
        401 113.520568    0.02779     1.6675    100.048     36.343  51192.886    31.7398     4.6278     36.000     4.6256    25.1311     7.0100    10.0180     96.103    305.390    313.065   -0.00032    7.29419   10.42412  317.77234     4.6253   16.32575 1.6944e-01     0.6861     1.0056 0.0000e+00
        406 113.520581    0.02812     1.6868    101.207     37.353  51198.114    31.7431     4.6287     37.000     4.6269    25.1336     7.0091    10.0166     96.095    305.350    313.024   -0.00032    7.29386   10.42366  317.75756     4.6262   16.32504 1.4490e-01     0.6708     0.9908 0.0000e+00
        410 113.520594    0.02843     1.7058    102.346     38.362  51206.821    31.7490     4.6309     38.000     4.6292    25.1381     7.0078    10.0148     96.087    305.293    312.968   -0.00034    7.29319   10.42269  317.72678     4.6282   16.32355 1.2489e-01     0.6528     1.0021 0.0000e+00
        415 113.520608    0.02876     1.7258    103.546     39.372  51208.991    31.7504     4.6327     39.000     4.6303    25.1390     7.0016    10.0059     96.007    305.023    312.690   -0.00067    7.29281   10.42215  317.70978     4.6300   16.32273 1.0829e-01     0.6538     1.0286 0.0000e+00
        420 113.520621    0.02908     1.7445    104.672     40.381  51212.490    31.7525     4.6336     40.000     4.6318    25.1406     6.9949     9.9963     95.918    304.729    312.390   -0.00104    7.29254   10.42177  317.69776     4.6308   16.32216 9.4408e-02     0.6623     1.0351 0.0000e+00
        424 113.520634    0.02938     1.7626    105.755     41.391  51224.045    31.7607     4.6371     41.000     4.6371    25.1467     6.9962     9.9983     95.951    304.787    312.452   -0.00069    7.29152   10.42031  317.65124     4.6343   16.31991 8.3251e-02     0.6534     1.0234 0.0000e+00
        429 113.520648    0.02971     1.7826    106.957     42.400  51227.194    31.7637     4.6429     42.000     4.6411    25.1485     6.9992    10.0025     96.005    304.913    312.581   -0.00024    7.29036   10.41865  317.60014     4.6400   16.31746 7.4404e-02     0.6211     1.0143 0.0000e+00
        433 113.520661    0.03003     1.8020    108.121     43.410  51227.165    31.7636     4.6447     43.000     4.6419    25.1482     6.9946     9.9960     95.947    304.716    312.379   -0.00049    7.29005   10.41821  317.58685     4.6417   16.31683 6.7151e-02     0.5833     0.9174 0.0000e+00
        438 113.520675    0.03036     1.8217    109.301     44.420  51227.881    31.7637     4.6452     44.000     4.6421    25.1483     6.9878     9.9863     95.856    304.421    312.077   -0.00091    7.28996   10.41809  317.58316     4.6421   16.31666 6.1389e-02     0.5893     0.9205 0.0000e+00
        443 113.520688    0.03067     1.8403    110.421     45.430  51228.319    31.7635     4.6453     45.000     4.6420    25.1481     6.9846     9.9816     95.811    304.278    311.930   -0.00095    7.28996   10.41808  317.58294     4.6421   16.31665 5.6950e-02     0.5759     0.9264 0.0000e+00
        447 113.520701    0.03100     1.8600    111.601     46.439  51229.778    31.7640     4.6452     46.000     4.6423    25.1485     6.9821     9.9782     95.778    304.175    311.824   -0.00092    7.28994   10.41805  317.58192     4.6420   16.31660 5.3353e-02     0.5634     0.9015 0.0000e+00
        451 113.520713    0.03128     1.8768    112.606     47.449  51231.058    31.7646     4.6460     47.000     4.6430    25.1489     6.9849     9.9822     95.818    304.294    311.947   -0.00058    7.28977   10.41781  317.57426     4.6428   16.31623 5.0506e-02     0.5724     0.8928 0.0000e+00
        456 113.520726    0.03161     1.8962    113.774     48.458  51230.216    31.7635     4.6461     48.000     4.6424    25.1480     6.9926     9.9931     95.922    304.627    312.288    0.00007    7.28981   10.41786  317.57629     4.6428   16.31633 4.8208e-02     0.5666     0.9127 0.0000e+00
        461 113.520740    0.03192     1.9152    114.914     49.468  51231.799    31.7639     4.6454     49.000     4.6422    25.1485     6.9928     9.9933     95.924    304.636    312.297    0.00004    7.28991   10.41801  317.58081     4.6420   16.31654 4.6391e-02     0.5789     1.0496 0.0000e+00
        465 113.520751    0.03220     1.9319    115.916     50.478  51233.369    31.7647     4.6462     50.000     4.6432    25.1490     6.9902     9.9897     95.892    304.526    312.184   -0.00024    7.28973   10.41776  317.57278     4.6428   16.31616 4.4911e-02     0.5886     1.0427 0.0000e+00
        470 113.520766    0.03254     1.9524    117.141     51.488  51232.411    31.7637     4.6467     51.000     4.6428    25.1481     6.9905     9.9902     95.896    304.539    312.197   -0.00019    7.28969   10.41770  317.57136     4.6432   16.31609 4.3740e-02     0.5928     0.9695 0.0000e+00
        474 113.520778    0.03286     1.9713    118.280     52.497  51232.930    31.7633     4.6458     52.000     4.6419    25.1479     6.9866     9.9846     95.840    304.370    312.024   -0.00047    7.28987   10.41796  317.57932     4.6421   16.31648 4.2793e-02     0.5849     0.9398 0.0000e+00
        479 113.520792    0.03318     1.9907    119.443     53.507  51234.655    31.7639     4.6456     53.000     4.6422    25.1485     6.9845     9.9815     95.810    304.274    311.926   -0.00059    7.28987   10.41796  317.57918     4.6419   16.31647 4.2048e-02     0.5628     0.9228 0.0000e+00
