CTD-processing/allCTD/CNV/2018_11-08_alongbay_skb11_cast003_4141.cnv
* Sea-Bird SBE19plus Data File:
* FileName = C:\Users\Kim.Powell\Desktop\Not Processed\2018\2018_11-08_AlongBay, T9_4141\2018_11-08_TRANSECT_STATION_cast003.hex
* Software Version 1.59
* Temperature SN =  4141
* Conductivity SN =  4141
* System UpLoad Time = Nov 13 2018 09:06:49
** 2018_11-08
** Station: KB11
** Start Time: 11:09
** Depth (m): 55
** Comment:
** Comment:
# nquan = 27
# nvalues = 54                          
# units = specified
# name 0 = scan: Scan Count
# name 1 = timeJ: Julian Days
# name 2 = timeH: Time, Elapsed [hours]
# name 3 = timeM: Time, Elapsed [minutes]
# name 4 = timeS: Time, Elapsed [seconds]
# name 5 = prdM: Pressure, Strain Gauge [db]
# name 6 = specc: Specific Conductance [uS/cm]
# name 7 = sal00: Salinity, Practical [PSU]
# name 8 = tv290C: Temperature [ITS-90, deg C]
# name 9 = depSM: Depth [salt water, m], lat = 59.00
# name 10 = potemp090C: Potential Temperature [ITS-90, deg C]
# name 11 = sigma-é00: Density [sigma-theta, kg/m^3]
# name 12 = sbeox0ML/L: Oxygen, SBE 43 [ml/l]
# name 13 = sbeox0Mg/L: Oxygen, SBE 43 [mg/l]
# name 14 = sbeox0PS: Oxygen, SBE 43 [% saturation]
# name 15 = sbox0Mm/Kg: Oxygen, SBE 43 [umol/kg]
# name 16 = sbeox0Mm/L: Oxygen, SBE 43 [umol/l]
# name 17 = sbox0dV/dT: Oxygen, SBE 43 [dov/dt]
# name 18 = oxsolML/L: Oxygen Saturation, Garcia & Gordon [ml/l]
# name 19 = oxsolMg/L: Oxygen Saturation, Garcia & Gordon [mg/l]
# name 20 = oxsolMm/Kg: Oxygen Saturation, Garcia & Gordon [umol/kg]
# name 21 = n2satMg/L: Nitrogen Saturation [mg/l]
# name 22 = par: PAR/Irradiance, Biospherical/Licor
# name 23 = wetStar: Fluorescence, WET Labs WETstar [mg/m^3]
# name 24 = CStarAt0: Beam Attenuation, WET Labs C-Star [1/m]
# name 25 = CStarTr0: Beam Transmission, WET Labs C-Star [%]
# name 26 = flag: flag
# span 0 =        307,        558       
# span 1 = 312.465364, 312.466090       
# span 2 =    0.02123,    0.03866       
# span 3 =     1.2736,     2.3195       
# span 4 =     76.413,    139.166       
# span 5 =      1.021,     54.486       
# span 6 =  48412.293,  48652.530       
# span 7 =    30.5297,    30.7168       
# span 8 =     8.4414,     8.7428       
# span 9 =      1.000,     54.000       
# span 10 =     8.4458,     8.7378      
# span 11 =    23.6992,    23.8055      
# span 12 =     5.4456,     5.6778      
# span 13 =     7.7823,     8.1142      
# span 14 =     81.596,     84.477      
# span 15 =    237.546,    247.701      
# span 16 =    243.201,    253.570      
# span 17 =   -0.00879,    0.00077      
# span 18 =    6.67387,    6.72734      
# span 19 =    9.53762,    9.61404      
# span 20 =  291.12456,  293.48632      
# span 21 =   15.05956,   15.17311      
# span 22 = 3.7033e-02, 5.3390e+01      
# span 23 =     0.2313,     0.3428      
# span 24 =     0.5982,     1.5271      
# span 25 =    68.2612,    86.1102      
# span 26 = 0.0000e+00, 0.0000e+00      
# interval = meters: 1                  
# start_time = Nov 08 2018 11:08:51 [Instrument's time stamp, header]
# bad_flag = -9.990e-29
*END*
        307 312.465364    0.02123     1.2736     76.413      1.021  48415.322    30.5305     8.4414      1.000     8.4458    23.7031     5.6709     8.1043     84.297    247.399    253.262   -0.00005    6.72734    9.61404  293.48632   15.17311 5.3390e+01     0.2824     0.5982    86.1102 0.0000e+00
        311 312.465376    0.02153     1.2919     77.512      2.019  48412.615    30.5297     8.4511      2.000     8.4545    23.7010     5.6684     8.1007     84.277    247.290    253.151   -0.00030    6.72591    9.61201  293.42492   15.17018 3.7830e+01     0.2874     0.6097    85.8612 0.0000e+00
        316 312.465390    0.02184     1.3105     78.632      3.028  48431.761    30.5444     8.4636      3.000     8.4750    23.7107     5.6769     8.1128     84.435    247.657    253.529    0.00075    6.72336    9.60835  293.31078   15.16467 2.9160e+01     0.2918     0.6124    85.8038 0.0000e+00
        320 312.465402    0.02215     1.3294     79.762      4.038  48412.293    30.5329     8.4817      4.000     8.4818    23.6992     5.6778     8.1142     84.477    247.701    253.570    0.00077    6.72113    9.60516  293.21661   15.16022 2.3009e+01     0.3133     0.6237    85.5613 0.0000e+00
        325 312.465416    0.02247     1.3480     80.878      5.047  48417.146    30.5362     8.4833      5.000     8.4854    23.7015     5.6704     8.1034     84.370    247.374    253.236   -0.00012    6.72076    9.60463  293.19965   15.15940 1.9164e+01     0.3035     0.6236    85.5640 0.0000e+00
        329 312.465428    0.02279     1.3670     82.020      6.055  48416.279    30.5358     8.4877      6.000     8.4886    23.7005     5.6655     8.0966     84.307    247.162    253.020   -0.00061    6.72009    9.60368  293.17096   15.15803 1.6116e+01     0.3113     0.6291    85.4463 0.0000e+00
        334 312.465442    0.02312     1.3869     83.212      7.066  48418.633    30.5377     8.4925      7.000     8.4935    23.7013     5.6629     8.0929     84.279    247.051    252.906   -0.00069    6.71930    9.60254  293.13599   15.15635 1.3645e+01     0.3045     0.6311    85.4041 0.0000e+00
        339 312.465456    0.02344     1.4068     84.410      8.076  48429.680    30.5459     8.4987      8.000     8.5027    23.7069     5.6707     8.1039     84.410    247.387    253.251    0.00023    6.71799    9.60068  293.07748   15.15352 1.1386e+01     0.3045     0.6421    85.1704 0.0000e+00
        343 312.465470    0.02377     1.4260     85.557      9.085  48420.245    30.5396     8.5043      9.000     8.5019    23.7012     5.6715     8.1052     84.430    247.426    253.290    0.00037    6.71742    9.59987  293.05432   15.15244 9.5093e+00     0.3025     0.6564    84.8646 0.0000e+00
        348 312.465482    0.02408     1.4448     86.691     10.094  48421.476    30.5396     8.5014     10.000     8.4987    23.7016     5.6652     8.0961     84.330    247.150    253.008   -0.00044    6.71786    9.60049  293.07323   15.15335 7.8949e+00     0.3063     0.6618    84.7518 0.0000e+00
        352 312.465496    0.02440     1.4641     87.847     11.105  48421.655    30.5387     8.4969     11.000     8.4943    23.7016     5.6619     8.0915     84.273    247.009    252.864   -0.00078    6.71858    9.60152  293.10457   15.15485 6.5017e+00     0.2998     0.6683    84.6130 0.0000e+00
        357 312.465509    0.02471     1.4828     88.968     12.112  48423.711    30.5394     8.4948     12.000     8.4932    23.7024     5.6655     8.0966     84.323    247.164    253.022   -0.00034    6.71887    9.60194  293.11720   15.15545 5.3689e+00     0.3099     0.6726    84.5222 0.0000e+00
        362 312.465523    0.02504     1.5024     90.144     13.126  48425.415    30.5400     8.4938     13.000     8.4920    23.7030     5.6685     8.1008     84.365    247.292    253.154   -0.00002    6.71899    9.60211  293.12215   15.15569 4.4266e+00     0.2875     0.6738    84.4966 0.0000e+00
        366 312.465535    0.02535     1.5208     91.250     14.130  48424.066    30.5384     8.4924     14.000     8.4895    23.7021     5.6664     8.0979     84.331    247.203    253.063   -0.00023    6.71927    9.60251  293.13479   15.15630 3.6531e+00     0.2970     0.6760    84.4513 0.0000e+00
        371 312.465549    0.02568     1.5407     92.444     15.146  48425.612    30.5386     8.4892     15.000     8.4876    23.7026     5.6616     8.0910     84.254    246.994    252.848   -0.00076    6.71974    9.60319  293.15513   15.15726 3.0003e+00     0.2938     0.6761    84.4489 0.0000e+00
        375 312.465562    0.02599     1.5596     93.577     16.148  48430.880    30.5420     8.4904     16.000     8.4898    23.7052     5.6651     8.0961     84.310    247.146    253.005   -0.00035    6.71942    9.60273  293.14052   15.15655 2.4768e+00     0.2974     0.6760    84.4496 0.0000e+00
        380 312.465577    0.02634     1.5804     94.826     17.163  48428.599    30.5401     8.4913     17.000     8.4893    23.7036     5.6716     8.1054     84.408    247.430    253.296    0.00043    6.71937    9.60265  293.13864   15.15647 2.0336e+00     0.2889     0.6770    84.4304 0.0000e+00
        385 312.465590    0.02667     1.6000     95.998     18.168  48428.335    30.5394     8.4907     18.000     8.4880    23.7031     5.6708     8.1042     84.394    247.396    253.260    0.00013    6.71948    9.60281  293.14368   15.15672 1.6754e+00     0.2939     0.6825    84.3149 0.0000e+00
        390 312.465605    0.02702     1.6215     97.291     19.182  48430.565    30.5403     8.4887     19.000     8.4867    23.7041     5.6648     8.0956     84.301    247.134    252.992   -0.00056    6.71975    9.60319  293.15497   15.15725 1.3758e+00     0.2934     0.6811    84.3447 0.0000e+00
        395 312.465619    0.02737     1.6422     98.535     20.187  48429.298    30.5388     8.4876     20.000     8.4848    23.7031     5.6687     8.1011     84.355    247.301    253.163   -0.00017    6.71998    9.60352  293.16531   15.15775 1.1312e+00     0.2885     0.6844    84.2744 0.0000e+00
        400 312.465635    0.02774     1.6644     99.866     21.202  48435.732    30.5428     8.4874     21.000     8.4867    23.7063     5.6699     8.1029     84.377    247.356    253.219    0.00002    6.71983    9.60332  293.15828   15.15739 9.2520e-01     0.2889     0.6905    84.1454 0.0000e+00
        405 312.465648    0.02807     1.6840    101.040     22.207  48434.380    30.5418     8.4899     22.000     8.4878    23.7051     5.6658     8.0970     84.319    247.177    253.036   -0.00047    6.71950    9.60284  293.14397   15.15672 7.5803e-01     0.2938     0.7091    83.7538 0.0000e+00
        410 312.465663    0.02840     1.7042    102.254     23.221  48436.429    30.5428     8.4900     23.000     8.4882    23.7059     5.6677     8.0997     84.347    247.257    253.119   -0.00015    6.71943    9.60275  293.14085   15.15656 6.1794e-01     0.2850     0.7152    83.6288 0.0000e+00
        415 312.465676    0.02872     1.7230    103.378     24.226  48436.301    30.5424     8.4912     24.000     8.4888    23.7054     5.6685     8.1008     84.362    247.292    253.154   -0.00014    6.71927    9.60251  293.13392   15.15624 5.0557e-01     0.2817     0.7211    83.5039 0.0000e+00
        419 312.465690    0.02905     1.7429    104.575     25.239  48439.403    30.5441     8.4909     25.000     8.4888    23.7069     5.6668     8.0985     84.337    247.219    253.080   -0.00023    6.71924    9.60247  293.13212   15.15614 4.1161e-01     0.2941     0.7347    83.2218 0.0000e+00
        424 312.465703    0.02936     1.7619    105.717     26.246  48442.857    30.5465     8.4937     26.000     8.4933    23.7084     5.6654     8.0964     84.322    247.156    253.016   -0.00041    6.71872    9.60171  293.10870   15.15501 3.3691e-01     0.2885     0.7514    82.8730 0.0000e+00
        429 312.465716    0.02969     1.7814    106.886     27.258  48446.388    30.5493     8.4986     27.000     8.4991    23.7098     5.6697     8.1026     84.398    247.345    253.210    0.00019    6.71786    9.60050  293.07123   15.15321 2.7424e-01     0.2901     0.7593    82.7107 0.0000e+00
        433 312.465729    0.03001     1.8004    108.023     28.265  48445.052    30.5487     8.5048     28.000     8.5041    23.7086     5.6641     8.0945     84.326    247.100    252.959   -0.00036    6.71694    9.59918  293.03112   15.15130 2.2439e-01     0.2852     0.7707    82.4746 0.0000e+00
        438 312.465743    0.03034     1.8203    109.218     29.276  48449.003    30.5519     8.5103     29.000     8.5105    23.7102     5.6613     8.0906     84.297    246.980    252.835   -0.00048    6.71598    9.59780  292.98851   15.14926 1.8425e-01     0.2890     0.7747    82.3932 0.0000e+00
        443 312.465757    0.03066     1.8396    110.379     30.286  48451.292    30.5542     8.5184     30.000     8.5181    23.7109     5.6552     8.0817     84.220    246.707    252.557   -0.00083    6.71464    9.59589  292.93028   15.14646 1.5198e-01     0.3275     0.7829    82.2242 0.0000e+00
        447 312.465770    0.03098     1.8592    111.549     31.296  48454.656    30.5571     8.5249     31.000     8.5255    23.7121     5.6538     8.0798     84.215    246.651    252.500   -0.00077    6.71355    9.59433  292.88218   15.14415 1.2670e-01     0.3428     0.7881    82.1177 0.0000e+00
        452 312.465783    0.03131     1.8784    112.703     32.303  48495.138    30.5879     8.5454     32.000     8.5659    23.7333     5.6512     8.0762     84.233    246.534    252.386   -0.00045    6.70910    9.58798  292.68233   15.13448 1.0679e-01     0.3061     0.7852    82.1763 0.0000e+00
        457 312.465798    0.03164     1.8982    113.890     33.315  48551.730    30.6363     8.6105     33.000     8.6429    23.7617     5.6442     8.0661     84.276    246.217    252.068    0.00001    6.69719    9.57096  292.15445   15.10907 9.0823e-02     0.2707     0.7670    82.5515 0.0000e+00
        461 312.465811    0.03196     1.9174    115.046     34.322  48534.971    30.6340     8.6790     34.000     8.6860    23.7498     5.6193     8.0305     84.033    245.135    250.957   -0.00130    6.68699    9.55638  291.71303   15.08800 7.9046e-02     0.2730     0.7796    82.2919 0.0000e+00
        466 312.465825    0.03229     1.9376    116.255     35.334  48529.370    30.6318     8.6942     35.000     8.6938    23.7459     5.5606     7.9466     83.183    242.576    248.337   -0.00602    6.68482    9.55328  291.61942   15.08353 6.9537e-02     0.2657     0.8073    81.7227 0.0000e+00
        471 312.465838    0.03262     1.9570    117.422     36.342  48568.197    30.6603     8.7068     36.000     8.7129    23.7664     5.5109     7.8758     82.479    240.407    246.121   -0.00879    6.68169    9.54880  291.47690   15.07661 6.2206e-02     0.2537     0.8370    81.1194 0.0000e+00
        476 312.465852    0.03296     1.9772    118.634     37.352  48581.980    30.6720     8.7248     37.000     8.7217    23.7729     5.4980     7.8573     82.325    239.841    245.543   -0.00707    6.67849    9.54423  291.33560   15.06981 5.6577e-02     0.2528     0.8481    80.8962 0.0000e+00
        481 312.465867    0.03330     1.9982    119.892     38.362  48590.192    30.6773     8.7241     38.000     8.7194    23.7771     5.4863     7.8403     82.149    239.324    245.014   -0.00575    6.67836    9.54406  291.32897   15.06947 5.1961e-02     0.2468     0.8809    80.2333 0.0000e+00
        486 312.465881    0.03365     2.0192    121.151     39.371  48594.970    30.6800     8.7225     39.000     8.7173    23.7794     5.4842     7.8375     82.118    239.236    244.925   -0.00426    6.67848    9.54422  291.33340   15.06968 4.8536e-02     0.2436     0.9048    79.7564 0.0000e+00
        491 312.465896    0.03401     2.0403    122.420     40.383  48608.837    30.6885     8.7178     40.000     8.7128    23.7869     5.4867     7.8410     82.151    239.344    245.037   -0.00269    6.67882    9.54470  291.34598   15.07024 4.5858e-02     0.2418     0.9361    79.1338 0.0000e+00
        495 312.465910    0.03434     2.0601    123.608     41.391  48625.101    30.6996     8.7186     41.000     8.7178    23.7955     5.4847     7.8382     82.127    239.252    244.945   -0.00202    6.67823    9.54386  291.31780   15.06885 4.3734e-02     0.2414     0.9873    78.1291 0.0000e+00
        500 312.465924    0.03467     2.0804    124.823     42.402  48633.069    30.7059     8.7270     42.000     8.7257    23.7992     5.4927     7.8497     82.267    239.602    245.305   -0.00063    6.67669    9.54166  291.24947   15.06556 4.2042e-02     0.2473     1.0333    77.2336 0.0000e+00
        505 312.465938    0.03500     2.1001    126.008     43.411  48633.207    30.7064     8.7324     43.000     8.7293    23.7987     5.4861     7.8402     82.179    239.314    245.010   -0.00092    6.67587    9.54048  291.21364   15.06385 4.0822e-02     0.2457     1.0671    76.5837 0.0000e+00
        510 312.465951    0.03533     2.1198    127.190     44.419  48636.366    30.7085     8.7349     44.000     8.7318    23.8000     5.4744     7.8235     82.009    238.804    244.488   -0.00173    6.67540    9.53981  291.19295   15.06285 3.9883e-02     0.2343     1.0790    76.3570 0.0000e+00
        514 312.465965    0.03566     2.1394    128.367     45.429  48640.477    30.7114     8.7383     45.000     8.7347    23.8018     5.4680     7.8144     81.922    238.526    244.204   -0.00190    6.67476    9.53889  291.16435   15.06148 3.9121e-02     0.2313     1.1004    75.9517 0.0000e+00
        519 312.465978    0.03598     2.1588    129.526     46.439  48644.458    30.7140     8.7400     46.000     8.7359    23.8036     5.4663     7.8120     81.900    238.452    244.127   -0.00145    6.67439    9.53838  291.14815   15.06069 3.8579e-02     0.2332     1.1310    75.3697 0.0000e+00
        524 312.465992    0.03631     2.1789    130.732     47.449  48647.538    30.7159     8.7412     47.000     8.7371    23.8049     5.4696     7.8167     81.953    238.594    244.273   -0.00076    6.67413    9.53800  291.13624   15.06011 3.8172e-02     0.2412     1.1565    74.8931 0.0000e+00
        529 312.466006    0.03665     2.1989    131.931     48.460  48647.899    30.7159     8.7422     48.000     8.7375    23.8048     5.4648     7.8097     81.882    238.383    244.057   -0.00099    6.67399    9.53780  291.13019   15.05982 3.7812e-02     0.2363     1.2709    72.7836 0.0000e+00
        533 312.466020    0.03697     2.2183    133.099     49.469  48649.372    30.7165     8.7425     49.000     8.7374    23.8053     5.4591     7.8016     81.797    238.133    243.802   -0.00122    6.67392    9.53770  291.12695   15.05967 3.7643e-02     0.2520     1.3293    71.7258 0.0000e+00
        538 312.466034    0.03730     2.2383    134.297     50.477  48650.427    30.7168     8.7426     50.000     8.7378    23.8055     5.4515     7.7906     81.683    237.801    243.462   -0.00169    6.67389    9.53765  291.12529   15.05959 3.7393e-02     0.2468     1.3559    71.2492 0.0000e+00
        543 312.466048    0.03765     2.2590    135.537     51.489  48650.695    30.7166     8.7428     51.000     8.7374    23.8053     5.4456     7.7823     81.596    237.546    243.201   -0.00163    6.67387    9.53762  291.12456   15.05956 3.7168e-02     0.2489     1.3619    71.1438 0.0000e+00
        548 312.466062    0.03798     2.2784    136.707     52.496  48650.926    30.7163     8.7420     52.000     8.7363    23.8051     5.4501     7.7887     81.661    237.740    243.399   -0.00109    6.67400    9.53782  291.13061   15.05984 3.7149e-02     0.2486     1.4051    70.3794 0.0000e+00
        553 312.466076    0.03832     2.2992    137.955     53.508  48652.123    30.7165     8.7413     53.000     8.7359    23.8055     5.4579     7.7999     81.777    238.081    243.748    0.00016    6.67410    9.53796  291.13473   15.06004 3.7033e-02     0.2417     1.4686    69.2720 0.0000e+00
