CTD-processing/allCTD/CNV/2018_05-24_alongbay_skb10_cast085_5028.cnv
* Sea-Bird SBE19plus Data File:
* FileName = C:\Users\Kim.Powell\Desktop\Not Processed\2018\2018_05-24_AlongBay, T9_5028\2018_05-24_TRANSECT_STATION_cast085.hex
* Software Version 1.59
* Temperature SN =  5028
* Conductivity SN =  5028
* System UpLoad Time = May 25 2018 13:18:18
** 2018_05-24
** Station: KB10
** Start Time: 11:08
** Depth (m): 68
** Comment: Convergence
** Comment: Very turbid
# nquan = 27
# nvalues = 62                          
# units = specified
# name 0 = scan: Scan Count
# name 1 = timeJ: Julian Days
# name 2 = timeH: Time, Elapsed [hours]
# name 3 = timeM: Time, Elapsed [minutes]
# name 4 = timeS: Time, Elapsed [seconds]
# name 5 = prdM: Pressure, Strain Gauge [db]
# name 6 = specc: Specific Conductance [uS/cm]
# name 7 = sal00: Salinity, Practical [PSU]
# name 8 = tv290C: Temperature [ITS-90, deg C]
# name 9 = depSM: Depth [salt water, m], lat = 59.00
# name 10 = potemp090C: Potential Temperature [ITS-90, deg C]
# name 11 = sigma-é00: Density [sigma-theta, kg/m^3]
# name 12 = sbeox0ML/L: Oxygen, SBE 43 [ml/l]
# name 13 = sbeox0Mg/L: Oxygen, SBE 43 [mg/l]
# name 14 = sbeox0PS: Oxygen, SBE 43 [% saturation]
# name 15 = sbox0Mm/Kg: Oxygen, SBE 43 [umol/kg]
# name 16 = sbeox0Mm/L: Oxygen, SBE 43 [umol/l]
# name 17 = sbox0dV/dT: Oxygen, SBE 43 [dov/dt]
# name 18 = oxsolML/L: Oxygen Saturation, Garcia & Gordon [ml/l]
# name 19 = oxsolMg/L: Oxygen Saturation, Garcia & Gordon [mg/l]
# name 20 = oxsolMm/Kg: Oxygen Saturation, Garcia & Gordon [umol/kg]
# name 21 = potemp090C: Potential Temperature [ITS-90, deg C]
# name 22 = n2satMg/L: Nitrogen Saturation [mg/l]
# name 23 = par: PAR/Irradiance, Biospherical/Licor
# name 24 = flECO-AFL: Fluorescence, WET Labs ECO-AFL/FL [mg/m^3]
# name 25 = turbWETntu0: Turbidity, WET Labs ECO [NTU]
# name 26 = flag: flag
# span 0 =        281,        571       
# span 1 = 144.460580, 144.461419       
# span 2 =    0.01947,    0.03961       
# span 3 =     1.1684,     2.3768       
# span 4 =     70.102,    142.609       
# span 5 =      1.010,     62.595       
# span 6 =  48064.418,  51000.199       
# span 7 =    30.1451,    31.7389       
# span 8 =     5.1932,     7.5070       
# span 9 =      1.000,     62.000       
# span 10 =     5.1889,     7.5005      
# span 11 =    23.5307,    25.0594      
# span 12 =     6.6584,     8.8520      
# span 13 =     9.5155,    12.6504      
# span 14 =     92.667,    127.906      
# span 15 =    290.095,    386.077      
# span 16 =    297.365,    395.330      
# span 17 =   -0.07482,    0.01744      
# span 18 =    6.88912,    7.19941      
# span 19 =    9.84525,   10.28867      
# span 20 =  300.59523,  313.68025      
# span 21 =     5.1903,     7.5069      
# span 22 =   15.51399,   16.13129      
# span 23 = 4.4918e-02, 9.5347e+01      
# span 24 =     0.3455,     8.8661      
# span 25 =     0.8327,     2.1559      
# span 26 = 0.0000e+00, 0.0000e+00      
# interval = meters: 1                  
# start_time = May 24 2018 11:02:04 [Instrument's time stamp, header]
# bad_flag = -9.990e-29
*END*
[from data line 54]
        536 144.461318    0.03718     2.2307    133.844     55.526  50992.070    31.7318     5.2653     55.000     5.2589    25.0564     6.6827     9.5503     93.023    291.155    298.450   -0.00127    7.18401   10.26667  312.99536     5.2613   16.09841 4.5408e-02     0.3557     1.5677 0.0000e+00
        542 144.461333    0.03754     2.2524    135.145     56.536  50997.476    31.7342     5.2616     56.000     5.2577    25.0587     6.6748     9.5389     92.905    290.808    298.096   -0.00151    7.18454   10.26742  313.01754     5.2574   16.09946 4.5297e-02     0.3488     1.5756 0.0000e+00
        547 144.461347    0.03789     2.2734    136.405     57.546  50999.252    31.7355     5.2640     57.000     5.2609    25.0594     6.6665     9.5271     92.796    290.447    297.726   -0.00167    7.18407   10.26675  312.99700     5.2597   16.09847 4.5231e-02     0.3528     1.5554 0.0000e+00
        551 144.461361    0.03822     2.2937    137.624     58.555  50999.575    31.7358     5.2667     58.000     5.2637    25.0594     6.6635     9.5227     92.759    290.313    297.588   -0.00143    7.18358   10.26606  312.97579     5.2624   16.09746 4.5176e-02     0.3486     1.5386 0.0000e+00
        556 144.461375    0.03856     2.3139    138.833     59.565  50998.932    31.7355     5.2699     59.000     5.2661    25.0588     6.6636     9.5229     92.768    290.321    297.596   -0.00100    7.18307   10.26532  312.95350     5.2654   16.09640 4.5103e-02     0.3837     1.5525 0.0000e+00
        561 144.461390    0.03890     2.3342    140.051     60.575  50997.289    31.7340     5.2703     60.000     5.2651    25.0576     6.6628     9.5218     92.757    290.287    297.561   -0.00082    7.18305   10.26530  312.95331     5.2658   16.09640 4.5043e-02     0.3697     1.5279 0.0000e+00
        566 144.461403    0.03925     2.3545    141.273     61.585  50994.478    31.7307     5.2664     61.000     5.2582    25.0555     6.6640     9.5234     92.763    290.337    297.612   -0.00059    7.18388   10.26648  312.99006     5.2618   16.09816 4.4967e-02     0.3621     1.5411 0.0000e+00
        571 144.461419    0.03961     2.3768    142.609     62.595  51000.199    31.7323     5.2578     62.000     5.2521    25.0577     6.6584     9.5155     92.667    290.095    297.365   -0.00095    7.18527   10.26846  313.04979     5.2532   16.10100 4.4918e-02     0.3545     1.6908 0.0000e+00
