CTD-processing/allCTD/CNV/2018_11-08_t9_s04_cast015_4141.cnv
* Sea-Bird SBE19plus Data File:
* FileName = C:\Users\Kim.Powell\Desktop\Not Processed\2018\2018_11-08_AlongBay, T9_4141\2018_11-08_TRANSECT_STATION_cast015.hex
* Software Version 1.59
* Temperature SN =  4141
* Conductivity SN =  4141
* System UpLoad Time = Nov 13 2018 09:21:11
** 2018_11-08
** Station: 9-04
** Start Time: 14:11
** Depth (m): 99
** Comment:
** Comment:
# nquan = 27
# nvalues = 96                          
# units = specified
# name 0 = scan: Scan Count
# name 1 = timeJ: Julian Days
# name 2 = timeH: Time, Elapsed [hours]
# name 3 = timeM: Time, Elapsed [minutes]
# name 4 = timeS: Time, Elapsed [seconds]
# name 5 = prdM: Pressure, Strain Gauge [db]
# name 6 = specc: Specific Conductance [uS/cm]
# name 7 = sal00: Salinity, Practical [PSU]
# name 8 = tv290C: Temperature [ITS-90, deg C]
# name 9 = depSM: Depth [salt water, m], lat = 59.00
# name 10 = potemp090C: Potential Temperature [ITS-90, deg C]
# name 11 = sigma-é00: Density [sigma-theta, kg/m^3]
# name 12 = sbeox0ML/L: Oxygen, SBE 43 [ml/l]
# name 13 = sbeox0Mg/L: Oxygen, SBE 43 [mg/l]
# name 14 = sbeox0PS: Oxygen, SBE 43 [% saturation]
# name 15 = sbox0Mm/Kg: Oxygen, SBE 43 [umol/kg]
# name 16 = sbeox0Mm/L: Oxygen, SBE 43 [umol/l]
# name 17 = sbox0dV/dT: Oxygen, SBE 43 [dov/dt]
# name 18 = oxsolML/L: Oxygen Saturation, Garcia & Gordon [ml/l]
# name 19 = oxsolMg/L: Oxygen Saturation, Garcia & Gordon [mg/l]
# name 20 = oxsolMm/Kg: Oxygen Saturation, Garcia & Gordon [umol/kg]
# name 21 = n2satMg/L: Nitrogen Saturation [mg/l]
# name 22 = par: PAR/Irradiance, Biospherical/Licor
# name 23 = wetStar: Fluorescence, WET Labs WETstar [mg/m^3]
# name 24 = CStarAt0: Beam Attenuation, WET Labs C-Star [1/m]
# name 25 = CStarTr0: Beam Transmission, WET Labs C-Star [%]
# name 26 = flag: flag
# span 0 =        218,        789       
# span 1 = 312.591913, 312.593565       
# span 2 =    0.01509,    0.05472       
# span 3 =     0.9051,     3.2832       
# span 4 =     54.309,    196.991       
# span 5 =      1.015,     96.924       
# span 6 =  47875.784,  48830.961       
# span 7 =    30.0468,    30.7925       
# span 8 =     7.7177,     8.5297       
# span 9 =      1.000,     96.000       
# span 10 =     7.7795,     8.5201      
# span 11 =    23.4251,    23.8968      
# span 12 =     5.6762,     6.0486      
# span 13 =     8.1119,     8.6440      
# span 14 =     84.218,     89.405      
# span 15 =    247.581,    263.886      
# span 16 =    253.498,    270.129      
# span 17 =   -0.01850,    0.01208      
# span 18 =    6.70258,    6.86043      
# span 19 =    9.57866,    9.80424      
# span 20 =  292.35095,  299.37394      
# span 21 =   15.11783,   15.45613      
# span 22 = 3.9846e-02, 3.7092e+01      
# span 23 =     0.3181,     0.4551      
# span 24 =     0.5242,     2.9987      
# span 25 =    47.2528,    87.7175      
# span 26 = 0.0000e+00, 0.0000e+00      
# interval = meters: 1                  
# start_time = Nov 08 2018 14:11:27 [Instrument's time stamp, header]
# bad_flag = -9.990e-29
*END*
        218 312.591913    0.01509     0.9051     54.309      1.015  47875.784    30.0468     7.7177      1.000     7.7795    23.4251     5.7789     8.2586     84.218    252.178    258.086   -0.01850    6.86043    9.80424  299.37394   15.45613 3.7092e+01     0.3399     1.2433    73.3070 0.0000e+00
        368 312.592346    0.02547     1.5280     91.678      2.026  48717.033    30.6666     7.9475      2.000     8.1577    23.8798     5.9995     8.5739     88.267    261.690    267.938    0.00381    6.79699    9.71359  296.47388   15.31518 2.3576e+01     0.3525     1.3127    72.0862 0.0000e+00
        365 312.592337    0.02525     1.5150     90.902      3.021  48322.046    30.4323     8.2201      3.000     8.2350    23.6578     6.0486     8.6440     89.405    263.886    270.129    0.01208    6.76537    9.66840  295.15875   15.25337 1.9156e+01     0.3576     0.8137    81.5832 0.0000e+00
        369 312.592351    0.02559     1.5353     92.116      4.042  48304.734    30.4231     8.2433      4.000     8.2438    23.6474     5.8977     8.4284     87.216    257.307    263.392   -0.00431    6.76221    9.66388  295.02404   15.24698 1.7345e+01     0.3868     0.7556    82.7839 0.0000e+00
        374 312.592363    0.02588     1.5529     93.176      5.051  48305.632    30.4235     8.2442      5.000     8.2433    23.6475     5.7924     8.2778     85.659    252.710    258.685   -0.01407    6.76208    9.66368  295.01785   15.24668 1.4245e+01     0.3865     0.7490    82.9236 0.0000e+00
        377 312.592374    0.02614     1.5682     94.091      6.049  48307.776    30.4243     8.2431      6.000     8.2402    23.6484     5.7862     8.2690     85.566    252.441    258.411   -0.01134    6.76220    9.66386  295.02300   15.24692 1.2723e+01     0.3923     0.7574    82.7500 0.0000e+00
        382 312.592387    0.02646     1.5878     95.267      7.075  48312.849    30.4267     8.2380      7.000     8.2360    23.6510     5.7861     8.2689     85.557    252.437    258.407   -0.00795    6.76287    9.66481  295.05145   15.24827 1.0994e+01     0.4053     0.7611    82.6732 0.0000e+00
        386 312.592398    0.02672     1.6028     96.171      8.076  48316.401    30.4284     8.2360      8.000     8.2348    23.6527     5.7954     8.2822     85.692    252.843    258.824   -0.00527    6.76311    9.66516  295.06147   15.24874 8.6643e+00     0.4126     0.7778    82.3285 0.0000e+00
        390 312.592411    0.02702     1.6214     97.283      9.079  48318.331    30.4293     8.2359      9.000     8.2349    23.6534     5.8032     8.2933     85.807    253.181    259.170   -0.00308    6.76308    9.66511  295.05971   15.24865 7.2266e+00     0.3830     0.7716    82.4566 0.0000e+00
        396 312.592428    0.02744     1.6465     98.788     10.109  48319.532    30.4296     8.2352     10.000     8.2340    23.6538     5.8063     8.2978     85.852    253.319    259.311   -0.00152    6.76317    9.66525  295.06397   15.24885 5.8427e+00     0.3869     0.7533    82.8340 0.0000e+00
        400 312.592438    0.02768     1.6605     99.627     11.100  48322.750    30.4315     8.2356     11.000     8.2357    23.6552     5.8074     8.2994     85.870    253.367    259.359   -0.00141    6.76303    9.66504  295.05717   15.24852 4.8550e+00     0.4551     0.7782    82.3211 0.0000e+00
        403 312.592449    0.02793     1.6758    100.550     12.119  48323.678    30.4320     8.2377     12.000     8.2371    23.6553     5.8155     8.3109     85.994    253.717    259.719   -0.00010    6.76267    9.66455  295.04198   15.24779 3.9432e+00     0.4109     0.7855    82.1712 0.0000e+00
        406 312.592458    0.02815     1.6892    101.350     13.121  48323.626    30.4317     8.2387     13.000     8.2374    23.6549     5.8008     8.2899     85.778    253.077    259.064   -0.00127    6.76256    9.66437  295.03660   15.24754 3.1512e+00     0.3894     0.7887    82.1050 0.0000e+00
        411 312.592472    0.02849     1.7093    102.558     14.125  48322.319    30.4301     8.2375     14.000     8.2357    23.6539     5.8034     8.2937     85.815    253.193    259.181   -0.00107    6.76280    9.66471  295.04757   15.24807 2.6023e+00     0.3822     0.7867    82.1470 0.0000e+00
        418 312.592492    0.02898     1.7388    104.330     15.156  48323.980    30.4308     8.2368     15.000     8.2349    23.6545     5.8091     8.3018     85.897    253.439    259.435   -0.00015    6.76288    9.66482  295.05085   15.24823 2.0767e+00     0.3919     0.7598    82.7003 0.0000e+00
        421 312.592501    0.02919     1.7514    105.082     16.154  48322.279    30.4289     8.2353     16.000     8.2309    23.6533     5.8051     8.2959     85.834    253.263    259.254   -0.00056    6.76319    9.66527  295.06474   15.24890 1.6842e+00     0.3888     0.7773    82.3399 0.0000e+00
        424 312.592510    0.02940     1.7643    105.856     17.156  48324.844    30.4296     8.2306     17.000     8.2271    23.6545     5.8035     8.2937     85.801    253.194    259.183   -0.00077    6.76388    9.66627  295.09474   15.25032 1.3796e+00     0.4140     0.7894    82.0908 0.0000e+00
        428 312.592520    0.02964     1.7788    106.730     18.170  48330.984    30.4331     8.2284     18.000     8.2270    23.6575     5.8050     8.2958     85.821    253.257    259.249   -0.00059    6.76406    9.66651  295.10141   15.25063 1.1081e+00     0.3825     0.7845    82.1896 0.0000e+00
        433 312.592534    0.02998     1.7991    107.946     19.173  48338.054    30.4378     8.2298     19.000     8.2287    23.6610     5.8043     8.2949     85.816    253.229    259.221   -0.00046    6.76365    9.66593  295.08258   15.24971 9.1085e-01     0.3993     0.7845    82.1899 0.0000e+00
        441 312.592557    0.03054     1.8321    109.929     20.222  48340.419    30.4390     8.2300     20.000     8.2287    23.6620     5.7935     8.2795     85.657    252.756    258.737   -0.00128    6.76356    9.66580  295.07839   15.24951 7.2456e-01     0.3779     0.7528    82.8445 0.0000e+00
        443 312.592563    0.03068     1.8408    110.449     21.189  48345.343    30.4422     8.2313     21.000     8.2310    23.6643     5.7946     8.2811     85.678    252.804    258.787   -0.00112    6.76322    9.66532  295.06298   15.24876 5.9917e-01     0.3754     0.7753    82.3799 0.0000e+00
        446 312.592572    0.03090     1.8544    111.267     22.200  48346.546    30.4431     8.2342     22.000     8.2332    23.6646     5.8006     8.2897     85.774    253.068    259.057   -0.00032    6.76273    9.66462  295.04150   15.24773 4.9426e-01     0.3817     0.7736    82.4150 0.0000e+00
        451 312.592586    0.03124     1.8743    112.455     23.215  48346.872    30.4429     8.2347     23.000     8.2337    23.6644     5.8105     8.3039     85.921    253.500    259.498    0.00057    6.76267    9.66452  295.03866   15.24760 4.0936e-01     0.3890     0.7664    82.5633 0.0000e+00
        456 312.592602    0.03162     1.8969    113.816     24.232  48364.022    30.4558     8.2438     24.000     8.2488    23.6731     5.8111     8.3046     85.953    253.521    259.523    0.00063    6.76071    9.66173  294.95065   15.24334 3.2915e-01     0.3846     0.7314    83.2887 0.0000e+00
        461 312.592617    0.03196     1.9176    115.056     25.239  48366.458    30.4598     8.2626     25.000     8.2663    23.6737     5.8025     8.2924     85.866    253.149    259.142   -0.00018    6.75766    9.65738  294.81775   15.23698 2.7524e-01     0.3884     0.6858    84.2446 0.0000e+00
        466 312.592630    0.03228     1.9372    116.230     26.259  48368.380    30.4627     8.2756     26.000     8.2779    23.6741     5.8005     8.2894     85.862    253.057    259.048   -0.00017    6.75554    9.65435  294.72530   15.23255 2.3110e-01     0.3813     0.6738    84.4954 0.0000e+00
        469 312.592639    0.03249     1.9494    116.966     27.256  48377.541    30.4697     8.2831     27.000     8.2888    23.6786     5.7997     8.2883     85.869    253.023    259.014   -0.00020    6.75410    9.65229  294.66110   15.22946 1.9654e-01     0.3929     0.6902    84.1525 0.0000e+00
        472 312.592647    0.03270     1.9619    117.715     28.256  48385.087    30.4765     8.2968     28.000     8.3020    23.6820     5.7949     8.2814     85.828    252.810    258.797   -0.00042    6.75170    9.64886  294.55532   15.22438 1.6448e-01     0.3976     0.6948    84.0531 0.0000e+00
        477 312.592663    0.03308     1.9850    119.100     29.274  48375.139    30.4710     8.3093     29.000     8.3080    23.6758     5.7894     8.2737     85.768    252.575    258.555   -0.00070    6.75004    9.64649  294.48472   15.22103 1.3905e-01     0.3983     0.6904    84.1475 0.0000e+00
        484 312.592681    0.03352     2.0112    120.670     30.288  48385.671    30.4788     8.3148     30.000     8.3158    23.6811     5.7803     8.2607     85.648    252.176    258.148   -0.00121    6.74887    9.64481  294.43202   15.21848 1.1614e-01     0.4049     0.6899    84.1590 0.0000e+00
        488 312.592694    0.03381     2.0288    121.731     31.297  48393.586    30.4851     8.3233     31.000     8.3236    23.6849     5.7792     8.2591     85.653    252.129    258.101   -0.00097    6.74727    9.64253  294.36135   15.21508 1.0106e-01     0.3658     0.7062    83.8168 0.0000e+00
        492 312.592704    0.03407     2.0443    122.657     32.313  48400.171    30.4900     8.3284     32.000     8.3304    23.6880     5.7796     8.2595     85.671    252.142    258.115   -0.00062    6.74628    9.64111  294.31722   15.21296 8.9036e-02     0.3843     0.7167    83.5958 0.0000e+00
        495 312.592713    0.03428     2.0565    123.389     33.305  48431.871    30.5132     8.3390     33.000     8.3451    23.7047     5.7774     8.2564     85.671    252.043    258.018   -0.00057    6.74365    9.63735  294.19765   15.20715 7.9526e-02     0.3774     0.7172    83.5851 0.0000e+00
        499 312.592725    0.03458     2.0746    124.479     34.315  48425.373    30.5103     8.3527     34.000     8.3520    23.7004     5.7781     8.2575     85.707    252.075    258.049   -0.00023    6.74170    9.63456  294.11363   15.20315 7.1172e-02     0.3857     0.6741    84.4938 0.0000e+00
        506 312.592746    0.03508     2.1050    126.298     35.343  48422.550    30.5085     8.3571     35.000     8.3536    23.6984     5.7673     8.2420     85.554    251.604    257.567   -0.00108    6.74111    9.63372  294.08852   15.20197 6.4261e-02     0.3723     0.6331    85.3617 0.0000e+00
        511 312.592760    0.03540     2.1239    127.433     36.349  48423.662    30.5089     8.3572     36.000     8.3537    23.6987     5.7704     8.2466     85.601    251.741    257.707   -0.00053    6.74108    9.63367  294.08697   15.20189 5.9382e-02     0.3969     0.6351    85.3189 0.0000e+00
        514 312.592769    0.03563     2.1377    128.265     37.355  48428.317    30.5116     8.3573     37.000     8.3545    23.7010     5.7642     8.2376     85.510    251.469    257.429   -0.00099    6.74094    9.63348  294.08040   15.20156 5.6042e-02     0.3940     0.6476    85.0525 0.0000e+00
        517 312.592779    0.03584     2.1507    129.044     38.356  48429.424    30.5122     8.3586     38.000     8.3556    23.7012     5.7699     8.2457     85.597    251.716    257.682   -0.00060    6.74071    9.63316  294.07044   15.20108 5.3219e-02     0.3853     0.6438    85.1354 0.0000e+00
        522 312.592793    0.03620     2.1723    130.337     39.371  48434.429    30.5156     8.3607     39.000     8.3578    23.7035     5.7721     8.2489     85.636    251.813    257.782   -0.00007    6.74025    9.63249  294.04966   15.20008 5.0737e-02     0.4028     0.6133    85.7865 0.0000e+00
        528 312.592809    0.03660     2.1956    131.735     40.380  48438.572    30.5184     8.3632     40.000     8.3600    23.7054     5.7700     8.2459     85.612    251.721    257.689   -0.00029    6.73974    9.63176  294.02672   15.19897 4.8891e-02     0.4025     0.5934    86.2120 0.0000e+00
        532 312.592822    0.03689     2.2134    132.807     41.397  48439.102    30.5185     8.3643     41.000     8.3605    23.7053     5.7727     8.2498     85.654    251.839    257.809    0.00001    6.73957    9.63152  294.01952   15.19863 4.7170e-02     0.3964     0.5806    86.4902 0.0000e+00
        536 312.592832    0.03714     2.2284    133.702     42.392  48439.437    30.5183     8.3648     42.000     8.3607    23.7052     5.7676     8.2424     85.579    251.615    257.579   -0.00044    6.73951    9.63144  294.01699   15.19851 4.6136e-02     0.4023     0.5757    86.5941 0.0000e+00
        541 312.592846    0.03748     2.2490    134.941     43.411  48439.651    30.5181     8.3648     43.000     8.3606    23.7050     5.7684     8.2437     85.592    251.654    257.619   -0.00045    6.73951    9.63144  294.01700   15.19851 4.4821e-02     0.4043     0.5518    87.1148 0.0000e+00
        546 312.592861    0.03782     2.2693    136.158     44.419  48441.854    30.5192     8.3651     44.000     8.3611    23.7058     5.7768     8.2556     85.716    252.017    257.991    0.00047    6.73943    9.63131  294.01300   15.19831 4.4121e-02     0.4197     0.5536    87.0760 0.0000e+00
        550 312.592873    0.03813     2.2880    137.278     45.440  48442.271    30.5191     8.3657     45.000     8.3614    23.7057     5.7739     8.2516     85.674    251.892    257.863    0.00003    6.73934    9.63119  294.00914   15.19814 4.3264e-02     0.3906     0.5617    86.8993 0.0000e+00
        553 312.592883    0.03836     2.3020    138.121     46.433  48443.697    30.5197     8.3657     46.000     8.3612    23.7062     5.7762     8.2547     85.708    251.989    257.962    0.00010    6.73930    9.63114  294.00743   15.19805 4.3124e-02     0.4101     0.5652    86.8240 0.0000e+00
        558 312.592895    0.03866     2.3194    139.165     47.444  48444.732    30.5200     8.3656     47.000     8.3610    23.7064     5.7778     8.2571     85.733    252.061    258.036    0.00017    6.73930    9.63114  294.00741   15.19804 4.2465e-02     0.4198     0.5536    87.0764 0.0000e+00
        564 312.592915    0.03912     2.3472    140.834     48.462  48445.699    30.5202     8.3654     48.000     8.3605    23.7066     5.7752     8.2534     85.695    251.949    257.922   -0.00014    6.73933    9.63117  294.00833   15.19809 4.1880e-02     0.4312     0.5242    87.7175 0.0000e+00
        570 312.592930    0.03949     2.3696    142.177     49.480  48447.578    30.5209     8.3644     49.000     8.3593    23.7074     5.7716     8.2482     85.639    251.790    257.759   -0.00056    6.73946    9.63136  294.01387   15.19835 4.1345e-02     0.4229     0.5368    87.4430 0.0000e+00
        573 312.592939    0.03970     2.3819    142.912     50.475  48448.731    30.5213     8.3643     50.000     8.3596    23.7077     5.7701     8.2460     85.616    251.723    257.691   -0.00059    6.73945    9.63134  294.01334   15.19832 4.1702e-02     0.4028     0.5585    86.9677 0.0000e+00
        577 312.592952    0.04001     2.4008    144.046     51.481  48449.097    30.5211     8.3641     51.000     8.3590    23.7075     5.7728     8.2500     85.657    251.845    257.816   -0.00028    6.73949    9.63141  294.01530   15.19842 4.1204e-02     0.4203     0.5504    87.1440 0.0000e+00
        583 312.592970    0.04045     2.4269    145.617     52.508  48450.199    30.5213     8.3637     52.000     8.3579    23.7078     5.7741     8.2518     85.675    251.899    257.872   -0.00013    6.73955    9.63148  294.01757   15.19853 4.0858e-02     0.4394     0.5382    87.4116 0.0000e+00
        587 312.592981    0.04071     2.4426    146.557     53.498  48454.366    30.5236     8.3619     53.000     8.3561    23.7098     5.7744     8.2522     85.676    251.910    257.883   -0.00022    6.73972    9.63173  294.02436   15.19884 4.0990e-02     0.4212     0.5479    87.1994 0.0000e+00
