CTD-processing/allCTD/CNV/2018_07-24_t9_s04_cast182_5028.cnv
* Sea-Bird SBE19plus Data File:
* FileName = C:\Users\Kim.Powell\Desktop\Not Processed\2018\2018_08-24_T4, T9_5028\2018_07-24_TRANSECT_STATION_cast182.hex
* Software Version 1.59
* Temperature SN =  5028
* Conductivity SN =  5028
* System UpLoad Time = Jul 26 2018 09:32:17
** 2018_07-24
** Station: 9-04
** Start Time: 13:17
** Depth (m): 96
** Comment:
** Comment:
# nquan = 27
# nvalues = 92                          
# units = specified
# name 0 = scan: Scan Count
# name 1 = timeJ: Julian Days
# name 2 = timeH: Time, Elapsed [hours]
# name 3 = timeM: Time, Elapsed [minutes]
# name 4 = timeS: Time, Elapsed [seconds]
# name 5 = prdM: Pressure, Strain Gauge [db]
# name 6 = specc: Specific Conductance [uS/cm]
# name 7 = sal00: Salinity, Practical [PSU]
# name 8 = tv290C: Temperature [ITS-90, deg C]
# name 9 = depSM: Depth [salt water, m], lat = 59.00
# name 10 = potemp090C: Potential Temperature [ITS-90, deg C]
# name 11 = sigma-é00: Density [sigma-theta, kg/m^3]
# name 12 = sbeox0ML/L: Oxygen, SBE 43 [ml/l]
# name 13 = sbeox0Mg/L: Oxygen, SBE 43 [mg/l]
# name 14 = sbeox0PS: Oxygen, SBE 43 [% saturation]
# name 15 = sbox0Mm/Kg: Oxygen, SBE 43 [umol/kg]
# name 16 = sbeox0Mm/L: Oxygen, SBE 43 [umol/l]
# name 17 = sbox0dV/dT: Oxygen, SBE 43 [dov/dt]
# name 18 = oxsolML/L: Oxygen Saturation, Garcia & Gordon [ml/l]
# name 19 = oxsolMg/L: Oxygen Saturation, Garcia & Gordon [mg/l]
# name 20 = oxsolMm/Kg: Oxygen Saturation, Garcia & Gordon [umol/kg]
# name 21 = potemp090C: Potential Temperature [ITS-90, deg C]
# name 22 = n2satMg/L: Nitrogen Saturation [mg/l]
# name 23 = par: PAR/Irradiance, Biospherical/Licor
# name 24 = flECO-AFL: Fluorescence, WET Labs ECO-AFL/FL [mg/m^3]
# name 25 = turbWETntu0: Turbidity, WET Labs ECO [NTU]
# name 26 = flag: flag
# span 0 =        329,        753       
# span 1 = 205.555406, 205.556633       
# span 2 =    0.02281,    0.05224       
# span 3 =     1.3684,     3.1344       
# span 4 =     82.104,    188.065       
# span 5 =      1.009,     92.889       
# span 6 =  42432.113,  50146.584       
# span 7 =    26.8632,    31.5847       
# span 8 =     7.7024,    13.4242       
# span 9 =      1.000,     92.000       
# span 10 =     7.6938,    12.9379      
# span 11 =    20.0200,    24.6357      
# span 12 =     5.9470,     6.9189      
# span 13 =     8.4988,     9.8878      
# span 14 =     87.531,    105.467      
# span 15 =    259.204,    301.678      
# span 16 =    265.591,    308.999      
# span 17 =   -0.04584,    0.02011      
# span 18 =    6.18136,    6.79414      
# span 19 =    8.83378,    9.70951      
# span 20 =  270.64138,  296.13111      
# span 21 =     7.6940,    13.4241      
# span 22 =   14.09464,   15.29508      
# span 23 = 5.9451e-02, 1.9414e+02      
# span 24 =     0.2553,     0.8772      
# span 25 =     0.2105,     2.6001      
# span 26 = 0.0000e+00, 0.0000e+00      
# interval = meters: 1                  
# start_time = Jul 24 2018 13:18:25 [Instrument's time stamp, header]
# bad_flag = -9.990e-29
*END*
[from data line 54]
        580 205.556132    0.04022     2.4131    144.787     55.527  49899.529    31.5171     8.2585     55.000     8.2499    24.5033     6.1242     8.7522     91.244    266.968    273.510   -0.00113    6.71197    9.59208  292.58754     8.2531   15.12616 1.1516e-01     0.3628     0.4065 0.0000e+00
        585 205.556145    0.04053     2.4319    145.915     56.536  49891.270    31.5090     8.2464     56.000     8.2304    24.4988     6.1270     8.7561     91.254    267.087    273.630   -0.00076    6.71416    9.59520  292.68396     8.2409   15.13080 1.0812e-01     0.3681     0.3982 0.0000e+00
        589 205.556158    0.04086     2.4516    147.095     57.545  49892.881    31.5055     8.2194     57.000     8.2002    24.4999     6.1226     8.7498     91.132    266.897    273.435   -0.00127    6.71840    9.60126  292.86835     8.2139   15.13962 1.0180e-01     0.3679     0.3897 0.0000e+00
        594 205.556171    0.04116     2.4698    148.189     58.556  49900.076    31.5049     8.1859     58.000     8.1634    24.5043     6.1176     8.7427     90.988    266.677    273.211   -0.00178    6.72351    9.60858  293.09024     8.1803   15.15022 9.6285e-02     0.3491     0.4165 0.0000e+00
        599 205.556185    0.04150     2.4898    149.389     59.565  49924.298    31.5158     8.1501     59.000     8.1367    24.5180     6.1086     8.7298     90.787    266.282    272.810   -0.00241    6.72849    9.61567  293.30289     8.1443   15.16033 9.1382e-02     0.3202     0.4494 0.0000e+00
        603 205.556199    0.04182     2.5091    150.547     60.575  49933.073    31.5192     8.1357     60.000     8.1255    24.5228     6.1005     8.7183     90.640    265.928    272.450   -0.00261    6.73051    9.61857  293.38999     8.1299   15.16447 8.7148e-02     0.3124     0.5024 0.0000e+00
        608 205.556212    0.04214     2.5284    151.705     61.585  49936.031    31.5194     8.1262     61.000     8.1161    24.5243     6.0988     8.7158     90.595    265.854    272.374   -0.00215    6.73195    9.62063  293.45229     8.1203   15.16745 8.3520e-02     0.3002     0.5014 0.0000e+00
        613 205.556226    0.04247     2.5483    152.897     62.595  49932.532    31.5146     8.1140     62.000     8.0980    24.5223     6.1016     8.7197     90.608    265.973    272.496   -0.00141    6.73402    9.62359  293.54302     8.1080   15.17180 8.0361e-02     0.2900     0.4740 0.0000e+00
        617 205.556239    0.04279     2.5675    154.053     63.604  49931.973    31.5091     8.0847     63.000     8.0611    24.5222     6.0980     8.7147     90.493    265.821    272.339   -0.00165    6.73873    9.63032  293.74829     8.0786   15.18163 7.7708e-02     0.2791     0.4996 0.0000e+00
        622 205.556253    0.04313     2.5877    155.264     64.614  49954.315    31.5181     8.0450     64.000     8.0272    24.5349     6.0902     8.7035     90.300    265.475    271.989   -0.00226    6.74440    9.63842  293.99176     8.0388   15.19322 7.5323e-02     0.2724     0.4950 0.0000e+00
        627 205.556266    0.04345     2.6071    156.425     65.624  49969.327    31.5243     8.0209     65.000     8.0041    24.5432     6.0849     8.6959     90.175    265.240    271.750   -0.00238    6.74781    9.64329  294.13785     8.0147   15.20016 7.3278e-02     0.2699     0.4947 0.0000e+00
        631 205.556280    0.04378     2.6271    157.624     66.634  49987.758    31.5325     7.9948     66.000     7.9795    24.5534     6.0829     8.6931     90.098    265.152    271.662   -0.00210    6.75143    9.64848  294.29323     7.9884   15.20755 7.1509e-02     0.2714     0.5181 0.0000e+00
        636 205.556294    0.04411     2.6466    158.796     67.643  50005.698    31.5420     7.9779     67.000     7.9668    24.5632     6.0763     8.6836     89.970    264.860    271.366   -0.00220    6.75362    9.65160  294.38554     7.9714   15.21192 6.9969e-02     0.2553     0.5450 0.0000e+00
        641 205.556309    0.04446     2.6675    160.050     68.653  50013.498    31.5452     7.9668     68.000     7.9560    24.5674     6.0646     8.6669     89.777    264.349    270.844   -0.00258    6.75516    9.65380  294.45152     7.9603   15.21506 6.8610e-02     0.2592     0.5578 0.0000e+00
        646 205.556322    0.04478     2.6869    161.215     69.663  50020.976    31.5484     7.9567     69.000     7.9451    24.5713     6.0556     8.6540     89.625    263.955    270.441   -0.00274    6.75657    9.65582  294.51202     7.9501   15.21793 6.7474e-02     0.2658     0.5991 0.0000e+00
        651 205.556337    0.04514     2.7086    162.515     70.673  50031.909    31.5532     7.9419     70.000     7.9279    24.5771     6.0534     8.6508     89.565    263.858    270.343   -0.00218    6.75863    9.65875  294.59979     7.9352   15.22210 6.6472e-02     0.2554     0.6271 0.0000e+00
        656 205.556350    0.04547     2.7282    163.692     71.683  50046.181    31.5602     7.9266     71.000     7.9160    24.5849     6.0467     8.6412     89.439    263.563    270.043   -0.00222    6.76065    9.66164  294.68577     7.9199   15.22618 6.5569e-02     0.2616     0.7254 0.0000e+00
        661 205.556366    0.04584     2.7504    165.025     72.693  50054.380    31.5643     7.9184     72.000     7.9093    24.5892     6.0312     8.6192     89.196    262.889    269.353   -0.00283    6.76175    9.66322  294.73249     7.9115   15.22839 6.4688e-02     0.2741     0.7329 0.0000e+00
        666 205.556380    0.04619     2.7712    166.272     73.703  50058.035    31.5654     7.9124     73.000     7.9025    24.5909     6.0227     8.6071     89.059    262.519    268.974   -0.00278    6.76262    9.66447  294.77009     7.9054   15.23018 6.3939e-02     0.2752     0.7778 0.0000e+00
        671 205.556395    0.04654     2.7924    167.546     74.712  50062.708    31.5671     7.9051     74.000     7.8953    24.5933     6.0242     8.6091     89.067    262.581    269.038   -0.00182    6.76365    9.66594  294.81436     7.8981   15.23229 6.3286e-02     0.2816     0.8069 0.0000e+00
        676 205.556410    0.04690     2.8138    168.826     75.722  50065.789    31.5675     7.8974     75.000     7.8864    24.5947     6.0194     8.6023     88.981    262.374    268.827   -0.00175    6.76482    9.66759  294.86441     7.8904   15.23468 6.2740e-02     0.2922     0.8400 0.0000e+00
        681 205.556423    0.04720     2.8323    169.937     76.731  50067.389    31.5664     7.8862     76.000     7.8720    24.5954     6.0156     8.5968     88.901    262.205    268.655   -0.00171    6.76658    9.67012  294.94143     7.8791   15.23836 6.2294e-02     0.2891     0.8882 0.0000e+00
        685 205.556436    0.04753     2.8518    171.111     77.741  50069.126    31.5641     7.8675     77.000     7.8482    24.5963     6.0054     8.5823     88.712    261.763    268.200   -0.00227    6.76956    9.67438  295.07087     7.8603   15.24454 6.1897e-02     0.2936     0.9226 0.0000e+00
        690 205.556450    0.04785     2.8708    172.249     78.751  50083.067    31.5689     7.8402     78.000     7.8246    24.6040     5.9965     8.5695     88.528    261.371    267.802   -0.00274    6.77355    9.68008  295.24264     7.8328   15.25273 6.1495e-02     0.2870     0.9792 0.0000e+00
        694 205.556462    0.04814     2.8883    173.297     79.761  50096.346    31.5759     7.8286     79.000     7.8190    24.6111     5.9971     8.5704     88.517    261.397    267.831   -0.00216    6.77504    9.68221  295.30537     7.8211   15.25570 6.1243e-02     0.2736     1.0429 0.0000e+00
        699 205.556475    0.04846     2.9076    174.453     80.771  50093.432    31.5725     7.8230     80.000     7.8079    24.6092     5.9986     8.5726     88.526    261.462    267.897   -0.00146    6.77606    9.68366  295.35025     7.8154   15.25785 6.0961e-02     0.2797     1.0760 0.0000e+00
        703 205.556487    0.04875     2.9253    175.518     81.781  50083.139    31.5607     7.7977     81.000     7.7680    24.6035     5.9953     8.5677     88.419    261.318    267.747   -0.00167    6.78048    9.68998  295.54478     7.7900   15.26718 6.0735e-02     0.2729     1.1561 0.0000e+00
        708 205.556501    0.04908     2.9445    176.669     82.790  50107.698    31.5696     7.7495     82.000     7.7274    24.6172     5.9860     8.5546     88.191    260.911    267.334   -0.00247    6.78752    9.70005  295.84778     7.7418   15.28162 6.0550e-02     0.2659     1.3954 0.0000e+00
        712 205.556514    0.04939     2.9633    177.800     83.800  50130.585    31.5810     7.7244     83.000     7.7126    24.6297     5.9747     8.5384     87.980    260.414    266.828   -0.00303    6.79089    9.70485  295.99071     7.7167   15.28839 6.0371e-02     0.2807     1.6623 0.0000e+00
        717 205.556527    0.04969     2.9818    178.907     84.810  50135.365    31.5826     7.7170     84.000     7.7064    24.6320     5.9671     8.5276     87.856    260.085    266.492   -0.00289    6.79197    9.70639  296.03725     7.7091   15.29060 6.0197e-02     0.2812     1.8412 0.0000e+00
        721 205.556540    0.05001     3.0008    180.047     85.820  50137.799    31.5830     7.7113     85.000     7.7012    24.6331     5.9594     8.5165     87.731    259.748    266.147   -0.00277    6.79283    9.70764  296.07487     7.7033   15.29240 6.0090e-02     0.2734     1.9231 0.0000e+00
        725 205.556552    0.05031     3.0186    181.114     86.830  50140.118    31.5834     7.7072     86.000     7.6976    24.6341     5.9587     8.5155     87.712    259.717    266.115   -0.00220    6.79345    9.70852  296.10137     7.6991   15.29366 5.9981e-02     0.2763     2.0227 0.0000e+00
        730 205.556566    0.05065     3.0389    182.331     87.840  50142.767    31.5845     7.7047     87.000     7.6961    24.6352     5.9594     8.5166     87.719    259.749    266.148   -0.00144    6.79379    9.70900  296.11569     7.6965   15.29434 5.9876e-02     0.2833     2.1778 0.0000e+00
        735 205.556579    0.05094     3.0568    183.411     88.850  50143.122    31.5841     7.7037     88.000     7.6947    24.6350     5.9555     8.5110     87.659    259.578    265.973   -0.00145    6.79397    9.70926  296.12355     7.6954   15.29472 5.9783e-02     0.2702     2.2306 0.0000e+00
        740 205.556593    0.05129     3.0771    184.625     89.859  50144.807    31.5845     7.7026     89.000     7.6942    24.6356     5.9558     8.5115     87.662    259.592    265.987   -0.00103    6.79411    9.70947  296.12967     7.6942   15.29501 5.9695e-02     0.2932     2.2611 0.0000e+00
        744 205.556605    0.05158     3.0946    185.678     90.869  50144.985    31.5842     7.7024     90.000     7.6938    24.6354     5.9520     8.5060     87.605    259.424    265.815   -0.00107    6.79414    9.70951  296.13111     7.6940   15.29508 5.9577e-02     0.3125     2.4059 0.0000e+00
        749 205.556619    0.05191     3.1147    186.883     91.879  50146.092    31.5846     7.7025     91.000     7.6943    24.6357     5.9470     8.4988     87.531    259.204    265.591   -0.00123    6.79411    9.70947  296.12979     7.6940   15.29501 5.9527e-02     0.2942     2.5160 0.0000e+00
        753 205.556633    0.05224     3.1344    188.065     92.889  50146.584    31.5847     7.7037     92.000     7.6957    24.6356     5.9479     8.5002     87.548    259.247    265.634   -0.00084    6.79393    9.70921  296.12185     7.6951   15.29464 5.9451e-02     0.2851     2.6001 0.0000e+00
