CTD-processing/allCTD/CNV/2018_04-23_alongbay_skb12_cast080_5028.cnv
* Sea-Bird SBE19plus Data File:
* FileName = C:\Users\Kim.Powell\Desktop\Not Processed\2018\2018_04-23_AlongBay, T4, T9_5028\2018_04-23_TRANSECT_STATION_cast080.hex
* Software Version 1.59
* Temperature SN =  5028
* Conductivity SN =  5028
* System UpLoad Time = Apr 24 2018 10:15:28
** 2018_04-24
** Station: KB12
** Start Time: 18:20
** Depth (m): 78
** Comment:
** Comment:
# nquan = 27
# nvalues = 75                          
# units = specified
# name 0 = scan: Scan Count
# name 1 = timeJ: Julian Days
# name 2 = timeH: Time, Elapsed [hours]
# name 3 = timeM: Time, Elapsed [minutes]
# name 4 = timeS: Time, Elapsed [seconds]
# name 5 = prdM: Pressure, Strain Gauge [db]
# name 6 = specc: Specific Conductance [uS/cm]
# name 7 = sal00: Salinity, Practical [PSU]
# name 8 = tv290C: Temperature [ITS-90, deg C]
# name 9 = depSM: Depth [salt water, m], lat = 59.00
# name 10 = potemp090C: Potential Temperature [ITS-90, deg C]
# name 11 = sigma-é00: Density [sigma-theta, kg/m^3]
# name 12 = sbeox0ML/L: Oxygen, SBE 43 [ml/l]
# name 13 = sbeox0Mg/L: Oxygen, SBE 43 [mg/l]
# name 14 = sbeox0PS: Oxygen, SBE 43 [% saturation]
# name 15 = sbox0Mm/Kg: Oxygen, SBE 43 [umol/kg]
# name 16 = sbeox0Mm/L: Oxygen, SBE 43 [umol/l]
# name 17 = sbox0dV/dT: Oxygen, SBE 43 [dov/dt]
# name 18 = oxsolML/L: Oxygen Saturation, Garcia & Gordon [ml/l]
# name 19 = oxsolMg/L: Oxygen Saturation, Garcia & Gordon [mg/l]
# name 20 = oxsolMm/Kg: Oxygen Saturation, Garcia & Gordon [umol/kg]
# name 21 = potemp090C: Potential Temperature [ITS-90, deg C]
# name 22 = n2satMg/L: Nitrogen Saturation [mg/l]
# name 23 = par: PAR/Irradiance, Biospherical/Licor
# name 24 = flECO-AFL: Fluorescence, WET Labs ECO-AFL/FL [mg/m^3]
# name 25 = turbWETntu0: Turbidity, WET Labs ECO [NTU]
# name 26 = flag: flag
# span 0 =        173,        537       
# span 1 = 113.764157, 113.765209       
# span 2 =    0.01197,    0.03723       
# span 3 =     0.7186,     2.2343       
# span 4 =     43.114,    134.055       
# span 5 =      1.010,     75.722       
# span 6 =  49992.555,  51326.980       
# span 7 =    31.1139,    31.6330       
# span 8 =     3.8432,     5.4758       
# span 9 =      1.000,     75.000       
# span 10 =     3.8385,     5.4676      
# span 11 =    24.5436,    25.1196      
# span 12 =     6.7649,     8.3016      
# span 13 =     9.6679,    11.8639      
# span 14 =     90.927,    113.267      
# span 15 =    294.720,    361.740      
# span 16 =    302.123,    370.750      
# span 17 =   -0.03194,    0.06562      
# span 18 =    7.17765,    7.44012      
# span 19 =   10.25758,   10.63268      
# span 20 =  312.87496,  324.13398      
# span 21 =     3.8386,     5.4757      
# span 22 =   16.09520,   16.62881      
# span 23 = 3.7976e-02, 1.7062e+02      
# span 24 =     0.4278,     6.3871      
# span 25 =     1.1925,     2.9038      
# span 26 = 0.0000e+00, 0.0000e+00      
# interval = meters: 1                  
# start_time = Apr 23 2018 18:19:40 [Instrument's time stamp, header]
# bad_flag = -9.990e-29
*END*
[from data line 54]
        439 113.764926    0.03044     1.8263    109.581     55.526  51286.867    31.6256     3.9056     55.000     3.8983    25.1121     6.8504     9.7899     92.214    298.444    305.939   -0.00252    7.42882   10.61654  323.64403     3.9022   16.60552 3.7976e-02     0.4438     1.2380 0.0000e+00
        444 113.764940    0.03078     1.8471    110.828     56.536  51291.535    31.6262     3.8973     56.000     3.8910    25.1134     6.8460     9.7835     92.135    298.251    305.741   -0.00224    7.43032   10.61867  323.70875     3.8937   16.60859 3.7976e-02     0.4450     1.2579 0.0000e+00
        449 113.764955    0.03113     1.8677    112.062     57.547  51293.727    31.6256     3.8905     57.000     3.8838    25.1135     6.8416     9.7773     92.061    298.062    305.548   -0.00199    7.43158   10.62047  323.76352     3.8869   16.61120 3.7976e-02     0.4460     1.3109 0.0000e+00
        454 113.764968    0.03146     1.8877    113.264     58.556  51295.879    31.6247     3.8829     58.000     3.8753    25.1135     6.8373     9.7712     91.986    297.874    305.354   -0.00188    7.43300   10.62250  323.82532     3.8793   16.61414 3.7976e-02     0.4384     1.3461 0.0000e+00
        459 113.764982    0.03180     1.9076    114.457     59.566  51300.140    31.6245     3.8725     59.000     3.8647    25.1144     6.8360     9.7693     91.944    297.816    305.296   -0.00160    7.43492   10.62524  323.90869     3.8687   16.61811 3.7976e-02     0.4440     1.3843 0.0000e+00
        464 113.764996    0.03212     1.9274    115.642     60.575  51307.462    31.6271     3.8647     60.000     3.8592    25.1172     6.8312     9.7625     91.864    297.606    305.081   -0.00161    7.43621   10.62709  323.96402     3.8609   16.62072 3.7976e-02     0.4535     1.4157 0.0000e+00
        468 113.765010    0.03246     1.9474    116.841     61.585  51310.133    31.6276     3.8613     61.000     3.8563    25.1179     6.8262     9.7554     91.790    297.391    304.861   -0.00156    7.43679   10.62792  323.98902     3.8575   16.62191 3.7976e-02     0.4650     1.4036 0.0000e+00
        473 113.765023    0.03279     1.9673    118.040     62.595  51310.801    31.6268     3.8581     62.000     3.8528    25.1175     6.8205     9.7472     91.706    297.141    304.604   -0.00159    7.43741   10.62880  324.01606     3.8542   16.62320 3.7976e-02     0.4514     1.3974 0.0000e+00
        478 113.765038    0.03313     1.9879    119.272     63.604  51313.546    31.6275     3.8555     63.000     3.8508    25.1184     6.8158     9.7404     91.637    296.936    304.393   -0.00152    7.43786   10.62944  324.03536     3.8515   16.62411 3.7976e-02     0.4508     1.4278 0.0000e+00
        483 113.765052    0.03347     2.0085    120.512     64.614  51314.487    31.6273     3.8539     64.000     3.8491    25.1183     6.8105     9.7328     91.561    296.703    304.156   -0.00151    7.43816   10.62988  324.04875     3.8498   16.62475 3.7976e-02     0.4278     1.4587 0.0000e+00
        488 113.765066    0.03381     2.0286    121.714     65.624  51316.100    31.6275     3.8527     65.000     3.8486    25.1186     6.8083     9.7298     91.530    296.610    304.061   -0.00130    7.43836   10.63016  324.05714     3.8486   16.62516 3.7976e-02     0.4406     1.5299 0.0000e+00
        493 113.765080    0.03414     2.0484    122.904     66.633  51317.276    31.6278     3.8528     66.000     3.8488    25.1189     6.8050     9.7250     91.485    296.464    303.910   -0.00120    7.43833   10.63012  324.05584     3.8487   16.62509 3.7976e-02     0.4401     1.5483 0.0000e+00
        497 113.765094    0.03447     2.0682    124.092     67.643  51317.545    31.6276     3.8531     67.000     3.8488    25.1186     6.8006     9.7188     91.428    296.274    303.716   -0.00120    7.43829   10.63006  324.05406     3.8489   16.62501 3.7976e-02     0.4416     1.5738 0.0000e+00
        502 113.765107    0.03479     2.0878    125.266     68.653  51316.918    31.6265     3.8524     68.000     3.8470    25.1178     6.7995     9.7172     91.410    296.227    303.668   -0.00102    7.43848   10.63032  324.06239     3.8481   16.62540 3.7976e-02     0.4428     1.6294 0.0000e+00
        507 113.765121    0.03513     2.1079    126.474     69.663  51317.047    31.6252     3.8487     69.000     3.8426    25.1172     6.7968     9.7134     91.365    296.108    303.546   -0.00099    7.43919   10.63134  324.09379     3.8444   16.62690 3.7976e-02     0.4645     1.8762 0.0000e+00
        512 113.765135    0.03547     2.1279    127.676     70.673  51320.535    31.6262     3.8453     70.000     3.8403    25.1183     6.7886     9.7016     91.247    295.750    303.179   -0.00133    7.43976   10.63215  324.11807     3.8410   16.62806 3.7976e-02     0.4672     2.1524 0.0000e+00
        517 113.765149    0.03580     2.1480    128.878     71.683  51322.256    31.6266     3.8440     71.000     3.8391    25.1188     6.7783     9.6869     91.106    295.301    302.718   -0.00171    7.43999   10.63249  324.12812     3.8395   16.62853 3.7976e-02     0.4717     2.3115 0.0000e+00
        521 113.765163    0.03614     2.1682    130.091     72.693  51323.812    31.6269     3.8433     72.000     3.8387    25.1191     6.7700     9.6751     90.994    294.941    302.349   -0.00184    7.44009   10.63263  324.13231     3.8388   16.62873 3.7976e-02     0.4814     2.5555 0.0000e+00
        526 113.765177    0.03648     2.1887    131.324     73.702  51324.503    31.6269     3.8432     73.000     3.8385    25.1190     6.7677     9.6716     90.961    294.836    302.242   -0.00155    7.44012   10.63268  324.13398     3.8386   16.62881 3.7976e-02     0.4865     2.7071 0.0000e+00
        531 113.765192    0.03683     2.2098    132.589     74.712  51325.446    31.6270     3.8433     74.000     3.8388    25.1192     6.7681     9.6723     90.968    294.858    302.264   -0.00110    7.44009   10.63264  324.13262     3.8386   16.62874 3.7976e-02     0.4926     2.7917 0.0000e+00
        537 113.765209    0.03723     2.2343    134.055     75.722  51326.980    31.6277     3.8439     75.000     3.8394    25.1196     6.7649     9.6679     90.927    294.720    302.123   -0.00103    7.43996   10.63245  324.12668     3.8392   16.62845 3.7976e-02     0.4881     2.9038 0.0000e+00
