CTD-processing/allCTD/CNV/2018_09-17_t7_s23_cast036_5028.cnv
* Sea-Bird SBE19plus Data File:
* FileName = C:\Users\Kim.Powell\Desktop\Not Processed\2018\2018_09-17_AlongBay, T6, T7_5028\2018_09-17_TRANSECT_STATION_cast036.hex
* Software Version 1.59
* Temperature SN =  5028
* Conductivity SN =  5028
* System UpLoad Time = Sep 18 2018 16:14:16
** 2018_09-17
** Station: 7-23
** Start Time: 13:46
** Depth (m): 52.4
** Comment:
** Comment:
# nquan = 27
# nvalues = 46                          
# units = specified
# name 0 = scan: Scan Count
# name 1 = timeJ: Julian Days
# name 2 = timeH: Time, Elapsed [hours]
# name 3 = timeM: Time, Elapsed [minutes]
# name 4 = timeS: Time, Elapsed [seconds]
# name 5 = prdM: Pressure, Strain Gauge [db]
# name 6 = specc: Specific Conductance [uS/cm]
# name 7 = sal00: Salinity, Practical [PSU]
# name 8 = tv290C: Temperature [ITS-90, deg C]
# name 9 = depSM: Depth [salt water, m], lat = 59.00
# name 10 = potemp090C: Potential Temperature [ITS-90, deg C]
# name 11 = sigma-é00: Density [sigma-theta, kg/m^3]
# name 12 = sbeox0ML/L: Oxygen, SBE 43 [ml/l]
# name 13 = sbeox0Mg/L: Oxygen, SBE 43 [mg/l]
# name 14 = sbeox0PS: Oxygen, SBE 43 [% saturation]
# name 15 = sbox0Mm/Kg: Oxygen, SBE 43 [umol/kg]
# name 16 = sbeox0Mm/L: Oxygen, SBE 43 [umol/l]
# name 17 = sbox0dV/dT: Oxygen, SBE 43 [dov/dt]
# name 18 = oxsolML/L: Oxygen Saturation, Garcia & Gordon [ml/l]
# name 19 = oxsolMg/L: Oxygen Saturation, Garcia & Gordon [mg/l]
# name 20 = oxsolMm/Kg: Oxygen Saturation, Garcia & Gordon [umol/kg]
# name 21 = potemp090C: Potential Temperature [ITS-90, deg C]
# name 22 = n2satMg/L: Nitrogen Saturation [mg/l]
# name 23 = par: PAR/Irradiance, Biospherical/Licor
# name 24 = flECO-AFL: Fluorescence, WET Labs ECO-AFL/FL [mg/m^3]
# name 25 = turbWETntu0: Turbidity, WET Labs ECO [NTU]
# name 26 = flag: flag
# span 0 =        308,        512       
# span 1 = 260.575727, 260.576318       
# span 2 =    0.02135,    0.03551       
# span 3 =     1.2812,     2.1301       
# span 4 =     76.871,    127.805       
# span 5 =      1.009,     46.440       
# span 6 =  46973.951,  49664.010       
# span 7 =    29.8076,    31.3983       
# span 8 =     8.5368,    10.7033       
# span 9 =      1.000,     46.000       
# span 10 =     8.5332,    10.7029      
# span 11 =    22.7857,    24.3695      
# span 12 =     5.1499,     5.6956      
# span 13 =     7.3597,     8.1395      
# span 14 =     77.149,     88.439      
# span 15 =    224.522,    248.674      
# span 16 =    229.993,    254.363      
# span 17 =   -0.01642,    0.00355      
# span 18 =    6.42904,    6.67521      
# span 19 =    9.18773,    9.53953      
# span 20 =  280.72427,  291.02250      
# span 21 =     8.5323,    10.7032      
# span 22 =   14.56594,   15.05190      
# span 23 = 8.2906e-01, 1.6392e+02      
# span 24 =     0.3689,     0.8472      
# span 25 =     0.2262,     0.2979      
# span 26 = 0.0000e+00, 0.0000e+00      
# interval = meters: 1                  
# start_time = Sep 17 2018 13:47:46 [Instrument's time stamp, header]
# bad_flag = -9.990e-29
*END*
        308 260.575727    0.02135     1.2812     76.871      1.009  46973.951    29.8076    10.7033      1.000    10.7029    22.7857     5.6614     8.0906     88.060    247.205    252.838    0.00355    6.42904    9.18773  280.72427    10.7032   14.56594 1.6392e+02     0.7303     0.2280 0.0000e+00
        313 260.575742    0.02169     1.3014     78.086      2.019  46976.066    29.8086    10.7015      2.000    10.6996    22.7868     5.6746     8.1097     88.263    247.784    253.430    0.00348    6.42926    9.18805  280.73356    10.7012   14.56638 1.2018e+02     0.7733     0.2433 0.0000e+00
        318 260.575754    0.02199     1.3196     79.177      3.028  46982.372    29.8121    10.6966      3.000    10.6891    22.7903     5.6825     8.1208     88.377    248.124    253.779    0.00304    6.42980    9.18882  280.75614    10.6962   14.56745 9.1229e+01     0.8118     0.2597 0.0000e+00
        322 260.575767    0.02229     1.3375     80.248      4.038  47011.999    29.8300    10.6742      4.000    10.6588    22.8080     5.6879     8.1286     88.429    248.358    254.022    0.00232    6.43218    9.19223  280.85540    10.6738   14.57213 7.5882e+01     0.8125     0.2612 0.0000e+00
        326 260.575779    0.02259     1.3555     81.328      5.047  47054.673    29.8561    10.6424      5.000    10.6277    22.8336     5.6915     8.1337     88.439    248.508    254.183    0.00157    6.43556    9.19705  280.99570    10.6418   14.57874 6.6303e+01     0.8104     0.2571 0.0000e+00
        331 260.575792    0.02289     1.3730     82.379      6.057  47093.972    29.8800    10.6130      6.000    10.5999    22.8572     5.6928     8.1356     88.416    248.560    254.241    0.00084    6.43867    9.20150  281.12520    10.6123   14.58484 5.9431e+01     0.8472     0.2454 0.0000e+00
        335 260.575804    0.02319     1.3916     83.495      7.066  47125.421    29.8991    10.5897      7.000    10.5812    22.8760     5.6956     8.1395     88.424    248.674    254.363    0.00052    6.44116    9.20506  281.22883    10.5888   14.58972 5.4276e+01     0.8254     0.2434 0.0000e+00
        339 260.575817    0.02350     1.4104     84.621      8.075  47151.404    29.9148    10.5706      8.000    10.5548    22.8914     5.6929     8.1357     88.355    248.554    254.243   -0.00010    6.44317    9.20794  281.31244    10.5697   14.59366 4.9684e+01     0.8270     0.2398 0.0000e+00
        344 260.575830    0.02381     1.4284     85.705      9.085  47206.290    29.9482    10.5283      9.000    10.4887    22.9244     5.6878     8.1284     88.214    248.324    254.017   -0.00101    6.44774    9.21447  281.50283    10.5272   14.60264 4.4741e+01     0.8250     0.2469 0.0000e+00
        348 260.575842    0.02411     1.4465     86.791     10.094  47315.495    30.0150    10.4434     10.000    10.4123    22.9904     5.6769     8.1129     87.920    247.833    253.531   -0.00248    6.45690    9.22757  281.88474    10.4423   14.62064 4.0227e+01     0.7963     0.2491 0.0000e+00
        353 260.575857    0.02445     1.4673     88.035     11.104  47395.761    30.0638    10.3806     11.000    10.3617    23.0387     5.6585     8.0866     87.543    247.019    252.710   -0.00405    6.46373    9.23732  282.16933    10.3794   14.63406 3.6365e+01     0.7825     0.2518 0.0000e+00
        358 260.575870    0.02477     1.4864     89.184     12.114  47441.738    30.0914    10.3437     12.000    10.3259    23.0664     5.6552     8.0818     87.436    246.865    252.559   -0.00353    6.46779    9.24312  282.33912    10.3423   14.64207 3.2741e+01     0.7588     0.2491 0.0000e+00
        362 260.575883    0.02508     1.5046     90.279     13.123  47490.341    30.1206    10.3042     13.000    10.2850    23.0956     5.6561     8.0831     87.391    246.898    252.600   -0.00269    6.47216    9.24936  282.52154    10.3028   14.65068 2.9243e+01     0.7406     0.2306 0.0000e+00
        367 260.575896    0.02541     1.5241     91.447     14.133  47539.307    30.1500    10.2649     14.000    10.2490    23.1249     5.6521     8.0775     87.272    246.720    252.425   -0.00258    6.47650    9.25556  282.70296    10.2633   14.65924 2.6082e+01     0.7274     0.2373 0.0000e+00
        372 260.575910    0.02574     1.5444     92.665     15.142  47574.641    30.1711    10.2369     15.000    10.2288    23.1460     5.6466     8.0696     87.145    246.474    252.180   -0.00252    6.47958    9.25996  282.83137    10.2353   14.66530 2.3354e+01     0.7057     0.2395 0.0000e+00
        377 260.575925    0.02609     1.5657     93.943     16.151  47596.116    30.1837    10.2194     16.000    10.2062    23.1587     5.6449     8.0671     87.092    246.395    252.102   -0.00203    6.48153    9.26275  282.91310    10.2177   14.66916 2.0864e+01     0.7002     0.2433 0.0000e+00
        381 260.575938    0.02640     1.5841     95.045     17.161  47630.408    30.2042    10.1920     17.000    10.1756    23.1791     5.6425     8.0637     87.014    246.284    251.993   -0.00183    6.48456    9.26709  283.03991    10.1902   14.67514 1.8669e+01     0.6995     0.2411 0.0000e+00
        385 260.575950    0.02669     1.6015     96.089     18.171  47670.588    30.2281    10.1596     18.000    10.1399    23.2030     5.6355     8.0536     86.857    245.971    251.678   -0.00233    6.48817    9.27224  283.19074    10.1577   14.68226 1.6678e+01     0.6904     0.2332 0.0000e+00
        390 260.575963    0.02700     1.6200     97.197     19.180  47718.774    30.2569    10.1201     19.000    10.0997    23.2319     5.6280     8.0430     86.684    245.641    251.347   -0.00268    6.49259    9.27856  283.37563    10.1180   14.69099 1.4952e+01     0.6795     0.2357 0.0000e+00
        395 260.575977    0.02733     1.6399     98.396     20.189  47772.113    30.2884    10.0743     20.000    10.0499    23.2639     5.6196     8.0310     86.485    245.265    250.971   -0.00308    6.49780    9.28600  283.59403    10.0721   14.70131 1.3361e+01     0.6847     0.2431 0.0000e+00
        399 260.575991    0.02767     1.6599     99.595     21.199  47833.899    30.3250    10.0214     21.000     9.9962    23.3010     5.6097     8.0169     86.254    244.827    250.532   -0.00340    6.50380    9.29458  283.84578    10.0191   14.71320 1.1943e+01     0.6429     0.2350 0.0000e+00
        404 260.576004    0.02799     1.6791    100.745     22.208  47900.842    30.3644     9.9630     22.000     9.9307    23.3412     5.5911     7.9903     85.879    244.005    249.700   -0.00457    6.51048    9.30413  284.12639     9.9606   14.72647 1.0654e+01     0.6382     0.2285 0.0000e+00
        408 260.576016    0.02827     1.6962    101.772     23.218  47972.176    30.4067     9.9023     23.000     9.8712    23.3839     5.5776     7.9709     85.580    243.404    249.096   -0.00517    6.51740    9.31401  284.41627     9.8999   14.74016 9.5402e+00     0.6270     0.2324 0.0000e+00
        413 260.576029    0.02859     1.7152    102.914     24.228  48053.691    30.4548     9.8323     24.000     9.8006    23.4326     5.5649     7.9528     85.280    242.837    248.528   -0.00531    6.52542    9.32548  284.75291     9.8297   14.75606 8.5617e+00     0.6035     0.2262 0.0000e+00
        417 260.576042    0.02891     1.7343    104.059     25.238  48123.287    30.4961     9.7751     25.000     9.7551    23.4740     5.5477     7.9283     84.933    242.078    247.761   -0.00577    6.53190    9.33474  285.02398     9.7724   14.76886 7.6837e+00     0.5919     0.2410 0.0000e+00
        421 260.576054    0.02920     1.7519    105.112     26.247  48165.220    30.5209     9.7408     26.000     9.7286    23.4987     5.5361     7.9118     84.706    241.568    247.245   -0.00549    6.53580    9.34031  285.18736     9.7380   14.77657 6.8816e+00     0.5856     0.2466 0.0000e+00
        426 260.576067    0.02950     1.7700    106.201     27.256  48183.397    30.5314     9.7262     27.000     9.7184    23.5092     5.5265     7.8979     84.535    241.142    246.811   -0.00489    6.53745    9.34267  285.25641     9.7234   14.77983 6.1766e+00     0.5779     0.2401 0.0000e+00
        431 260.576081    0.02985     1.7909    107.455     28.266  48202.507    30.5422     9.7089     28.000     9.6927    23.5204     5.5180     7.8858     84.379    240.771    246.433   -0.00412    6.53950    9.34560  285.34262     9.7059   14.78391 5.5299e+00     0.5621     0.2648 0.0000e+00
        435 260.576095    0.03017     1.8100    108.598     29.276  48244.444    30.5665     9.6716     29.000     9.6393    23.5452     5.5087     7.8725     84.182    240.361    246.020   -0.00398    6.54386    9.35183  285.52592     9.6685   14.79258 4.9522e+00     0.5525     0.2655 0.0000e+00
        440 260.576107    0.03047     1.8278    109.666     30.286  48332.447    30.6173     9.5906     30.000     9.5041    23.5977     5.4950     7.8529     83.851    239.752    245.409   -0.00473    6.55344    9.36551  285.92907     9.5874   14.81165 4.4354e+00     0.5355     0.2575 0.0000e+00
        444 260.576119    0.03074     1.8444    110.663     31.295  48567.797    30.7555     9.3888     31.000     9.2571    23.7372     5.4729     7.8213     83.215    238.751    244.419   -0.00704    6.57692    9.39908  286.91456     9.3856   14.85820 3.9963e+00     0.5042     0.2657 0.0000e+00
        448 260.576131    0.03104     1.8628    111.767     32.305  48892.931    30.9486     9.1314     32.000     9.0399    23.9278     5.4108     7.7326     81.906    236.001    241.648   -0.01249    6.60635    9.44114  288.14486     9.1281   14.91622 3.6056e+00     0.4674     0.2563 0.0000e+00
        452 260.576144    0.03135     1.8810    112.860     33.314  49117.447    31.0813     8.9550     33.000     8.8891    24.0584     5.3459     7.6398     80.674    233.140    238.749   -0.01621    6.62665    9.47015  288.99343     8.9517   14.95624 3.2463e+00     0.4291     0.2618 0.0000e+00
        457 260.576157    0.03167     1.9000    114.002     34.324  49301.265    31.1889     8.8081     34.000     8.7343    24.1648     5.3000     7.5742     79.775    231.113    236.698   -0.01642    6.64380    9.49465  289.71103     8.8047   14.99009 2.9160e+00     0.3989     0.2633 0.0000e+00
        462 260.576171    0.03198     1.9190    115.138     35.333  49491.217    31.3010     8.6651     35.000     8.6354    24.2740     5.2592     7.5159     78.965    229.311    234.877   -0.01600    6.66024    9.51816  290.39736     8.6616   15.02242 2.6187e+00     0.3897     0.2625 0.0000e+00
        466 260.576184    0.03230     1.9382    116.295     36.343  49540.315    31.3297     8.6285     36.000     8.6240    24.3019     5.2321     7.4772     78.508    228.124    233.667   -0.01377    6.66446    9.52418  290.57314     8.6249   15.03070 2.3508e+00     0.3794     0.2918 0.0000e+00
        470 260.576196    0.03260     1.9558    117.349     37.352  49539.200    31.3284     8.6284     37.000     8.6240    24.3010     5.2246     7.4664     78.394    227.794    233.329   -0.01046    6.66452    9.52427  290.57636     8.6247   15.03086 2.1133e+00     0.3753     0.2979 0.0000e+00
        475 260.576209    0.03291     1.9743    118.460     38.362  49545.490    31.3316     8.6229     38.000     8.6146    24.3043     5.2211     7.4614     78.333    227.639    233.172   -0.00761    6.66522    9.52526  290.60565     8.6191   15.03225 1.9029e+00     0.3689     0.2931 0.0000e+00
        479 260.576222    0.03322     1.9931    119.586     39.372  49555.114    31.3368     8.6157     39.000     8.6116    24.3095     5.2144     7.4520     78.224    227.350    232.877   -0.00590    6.66606    9.52647  290.64098     8.6118   15.03391 1.7106e+00     0.3817     0.2791 0.0000e+00
        484 260.576236    0.03354     2.0126    120.753     40.381  49564.394    31.3417     8.6078     40.000     8.5934    24.3145     5.2105     7.4464     78.154    227.180    232.704   -0.00444    6.66704    9.52787  290.68234     8.6038   15.03587 1.5391e+00     0.3937     0.2823 0.0000e+00
        489 260.576249    0.03386     2.0318    121.906     41.391  49593.908    31.3588     8.5863     41.000     8.5789    24.3311     5.2019     7.4340     77.995    226.798    232.316   -0.00394    6.66950    9.53139  290.78494     8.5823   15.04071 1.3819e+00     0.4001     0.2741 0.0000e+00
        493 260.576262    0.03417     2.0503    123.016     42.401  49599.999    31.3620     8.5820     42.000     8.5763    24.3342     5.1929     7.4212     77.854    226.405    231.915   -0.00364    6.67001    9.53212  290.80623     8.5778   15.04171 1.2453e+00     0.3884     0.2808 0.0000e+00
        498 260.576275    0.03449     2.0696    124.175     43.411  49609.170    31.3669     8.5752     43.000     8.5648    24.3391     5.1855     7.4106     77.734    226.081    231.583   -0.00322    6.67082    9.53327  290.84017     8.5709   15.04331 1.1238e+00     0.3888     0.2801 0.0000e+00
        502 260.576289    0.03482     2.0892    125.351     44.420  49630.809    31.3794     8.5597     44.000     8.5485    24.3512     5.1748     7.3953     77.553    225.614    231.108   -0.00323    6.67259    9.53580  290.91378     8.5554   15.04677 1.0151e+00     0.3924     0.2711 0.0000e+00
        507 260.576302    0.03514     2.1082    126.492     45.430  49650.771    31.3909     8.5458     45.000     8.5374    24.3622     5.1631     7.3786     77.359    225.100    230.584   -0.00342    6.67419    9.53809  290.98053     8.5413   15.04992 9.1761e-01     0.3783     0.2617 0.0000e+00
        512 260.576318    0.03551     2.1301    127.805     46.440  49664.010    31.3983     8.5368     46.000     8.5332    24.3695     5.1499     7.3597     77.149    224.522    229.993   -0.00360    6.67521    9.53953  291.02250     8.5323   15.05190 8.2906e-01     0.3725     0.2674 0.0000e+00
