CTD-processing/allCTD/CNV/2018_04-23_t9_s05_cast055_5028.cnv
* Sea-Bird SBE19plus Data File:
* FileName = C:\Users\Kim.Powell\Desktop\Not Processed\2018\2018_04-23_AlongBay, T4, T9_5028\2018_04-23_TRANSECT_STATION_cast055.hex
* Software Version 1.59
* Temperature SN =  5028
* Conductivity SN =  5028
* System UpLoad Time = Apr 24 2018 09:46:42
** 2018_04-24
** Station: 9-05
** Start Time: 12:05
** Depth (m): 97.9
** Comment:
** Comment:
# nquan = 27
# nvalues = 95                          
# units = specified
# name 0 = scan: Scan Count
# name 1 = timeJ: Julian Days
# name 2 = timeH: Time, Elapsed [hours]
# name 3 = timeM: Time, Elapsed [minutes]
# name 4 = timeS: Time, Elapsed [seconds]
# name 5 = prdM: Pressure, Strain Gauge [db]
# name 6 = specc: Specific Conductance [uS/cm]
# name 7 = sal00: Salinity, Practical [PSU]
# name 8 = tv290C: Temperature [ITS-90, deg C]
# name 9 = depSM: Depth [salt water, m], lat = 59.00
# name 10 = potemp090C: Potential Temperature [ITS-90, deg C]
# name 11 = sigma-é00: Density [sigma-theta, kg/m^3]
# name 12 = sbeox0ML/L: Oxygen, SBE 43 [ml/l]
# name 13 = sbeox0Mg/L: Oxygen, SBE 43 [mg/l]
# name 14 = sbeox0PS: Oxygen, SBE 43 [% saturation]
# name 15 = sbox0Mm/Kg: Oxygen, SBE 43 [umol/kg]
# name 16 = sbeox0Mm/L: Oxygen, SBE 43 [umol/l]
# name 17 = sbox0dV/dT: Oxygen, SBE 43 [dov/dt]
# name 18 = oxsolML/L: Oxygen Saturation, Garcia & Gordon [ml/l]
# name 19 = oxsolMg/L: Oxygen Saturation, Garcia & Gordon [mg/l]
# name 20 = oxsolMm/Kg: Oxygen Saturation, Garcia & Gordon [umol/kg]
# name 21 = potemp090C: Potential Temperature [ITS-90, deg C]
# name 22 = n2satMg/L: Nitrogen Saturation [mg/l]
# name 23 = par: PAR/Irradiance, Biospherical/Licor
# name 24 = flECO-AFL: Fluorescence, WET Labs ECO-AFL/FL [mg/m^3]
# name 25 = turbWETntu0: Turbidity, WET Labs ECO [NTU]
# name 26 = flag: flag
# span 0 =        142,        684       
# span 1 = 113.504389, 113.505957       
# span 2 =    0.00978,    0.04742       
# span 3 =     0.5864,     2.8456       
# span 4 =     35.186,    170.741       
# span 5 =      1.010,     95.917       
# span 6 =  50491.834,  51306.373       
# span 7 =    31.3891,    31.7888       
# span 8 =     4.5793,     5.1462       
# span 9 =      1.000,     95.000       
# span 10 =     4.5775,     5.1102      
# span 11 =    24.7978,    25.1709      
# span 12 =     6.6094,     8.1766      
# span 13 =     9.4454,    11.6851      
# span 14 =     91.526,    112.403      
# span 15 =    288.031,    356.304      
# span 16 =    295.174,    365.165      
# span 17 =   -0.02042,    0.05320      
# span 18 =    7.22099,    7.30598      
# span 19 =   10.31951,   10.44098      
# span 20 =  314.68571,  318.30129      
# span 21 =     4.5774,     5.1461      
# span 22 =   16.18027,   16.35119      
# span 23 = 3.7976e-02, 1.5190e+02      
# span 24 =     0.4488,     5.2047      
# span 25 =     0.6787,     2.4489      
# span 26 = 0.0000e+00, 0.0000e+00      
# interval = meters: 1                  
# start_time = Apr 23 2018 12:05:44 [Instrument's time stamp, header]
# bad_flag = -9.990e-29
*END*
        142 113.504389    0.00978     0.5864     35.186      1.010  50491.834    31.3891     5.1462      1.000     5.1102    24.7978     6.6094     9.4454     91.526    288.031    295.174    0.00395    7.22099   10.31951  314.68571     5.1461   16.18027 1.5190e+02     2.6900     2.4489 0.0000e+00
        244 113.504685    0.01689     1.0136     60.814      2.018  50523.052    31.3924     5.0631      2.000     5.0206    24.8095     7.3901    10.5613    102.136    322.054    330.044    0.01647    7.23519   10.33980  315.30085     5.0630   16.20954 1.0835e+02     3.8115     1.1436 0.0000e+00
        251 113.504704    0.01733     1.0397     62.385      3.028  50562.805    31.3954     4.9519      3.000     4.8922    24.8238     7.8849    11.2682    108.684    343.607    352.137    0.04482    7.25435   10.36718  316.13138     4.9517   16.24906 6.7314e+01     4.5700     1.2306 0.0000e+00
        255 113.504717    0.01764     1.0586     63.516      4.038  50662.040    31.4359     4.8264      4.000     4.7852    24.8691     8.1766    11.6851    112.403    356.304    365.165    0.05320    7.27424   10.39562  316.98443     4.8262   16.28949 4.3267e+01     5.0944     1.3919 0.0000e+00
        260 113.504730    0.01796     1.0774     64.644      5.047  50753.005    31.4802     4.7463      5.000     4.7205    24.9127     8.1420    11.6357    111.748    354.784    363.622    0.03511    7.28608   10.41254  317.48703     4.7460   16.31323 2.8419e+01     5.2047     1.4381 0.0000e+00
        264 113.504742    0.01826     1.0959     65.753      6.057  50839.108    31.5274     4.6953      6.000     4.6789    24.9555     8.0077    11.4438    109.804    348.915    357.622    0.01519    7.29272   10.42203  317.76306     4.6949   16.32618 1.9680e+01     4.7627     1.4314 0.0000e+00
        268 113.504755    0.01857     1.1146     66.874      7.066  50908.873    31.5684     4.6667      7.000     4.6604    24.9909     7.8417    11.2066    107.484    341.673    350.212   -0.00121    7.29575   10.42636  317.88411     4.6662   16.33177 1.4030e+01     3.8635     1.3816 0.0000e+00
        273 113.504769    0.01891     1.1345     68.069      8.076  50931.977    31.5809     4.6541      8.000     4.6493    25.0022     7.6500    10.9325    104.832    333.313    341.646   -0.01472    7.29734   10.42863  317.94990     4.6535   16.33485 1.0306e+01     3.1315     1.3020 0.0000e+00
        278 113.504783    0.01924     1.1544     69.264      9.085  50951.990    31.5922     4.6456      9.000     4.6427    25.0120     7.5144    10.7389    102.962    327.407    335.596   -0.02042    7.29829   10.42998  317.98798     4.6450   16.33661 7.5568e+00     2.9493     1.2941 0.0000e+00
        283 113.504797    0.01957     1.1746     70.473     10.095  50983.958    31.6126     4.6411     10.000     4.6387    25.0286     7.4739    10.6809    102.409    325.634    333.785   -0.01747    7.29809   10.42970  317.97436     4.6403   16.33588 5.5477e+00     2.7452     1.2900 0.0000e+00
        288 113.504811    0.01991     1.1947     71.682     11.104  51017.066    31.6340     4.6373     11.000     4.6353    25.0460     7.4534    10.6516    102.133    324.734    332.867   -0.01366    7.29771   10.42915  317.95218     4.6365   16.33474 4.1827e+00     2.2862     1.2054 0.0000e+00
        293 113.504825    0.02025     1.2151     72.907     12.114  51028.335    31.6406     4.6348     12.000     4.6336    25.0515     7.4111    10.5912    101.552    322.889    330.978   -0.01241    7.29781   10.42930  317.95484     4.6340   16.33484 3.1839e+00     1.9371     1.1318 0.0000e+00
        297 113.504839    0.02057     1.2341     74.044     13.123  51030.792    31.6416     4.6339     13.000     4.6322    25.0524     7.3605    10.5188    100.857    320.685    328.719   -0.01261    7.29793   10.42947  317.95982     4.6330   16.33507 2.4067e+00     1.8763     1.1310 0.0000e+00
        302 113.504851    0.02087     1.2524     75.142     14.133  51034.205    31.6429     4.6314     14.000     4.6279    25.0537     7.3355    10.4832    100.510    319.599    327.606   -0.01114    7.29830   10.43000  317.97552     4.6305   16.33582 1.8445e+00     1.7957     1.1493 0.0000e+00
        306 113.504864    0.02118     1.2706     76.236     15.142  51041.278    31.6456     4.6244     15.000     4.6193    25.0566     7.3306    10.4763    100.428    319.384    327.387   -0.00861    7.29940   10.43157  318.02259     4.6233   16.33804 1.4356e+00     1.6893     1.1382 0.0000e+00
        310 113.504877    0.02149     1.2894     77.365     16.152  51050.939    31.6497     4.6151     16.000     4.6091    25.0608     7.3216    10.4633    100.285    318.988    326.983   -0.00693    7.30083   10.43362  318.08373     4.6140   16.34094 1.1182e+00     1.5260     1.0960 0.0000e+00
        315 113.504889    0.02179     1.3074     78.445     17.161  51063.906    31.6557     4.6044     17.000     4.5994    25.0667     7.3029    10.4366    100.007    318.173    326.149   -0.00653    7.30243   10.43590  318.15154     4.6032   16.34414 8.8152e-01     1.3885     1.0711 0.0000e+00
        319 113.504903    0.02211     1.3265     79.590     18.170  51074.303    31.6607     4.5972     18.000     4.5941    25.0714     7.2764    10.3986     99.629    317.014    324.962   -0.00666    7.30344   10.43736  318.19440     4.5960   16.34616 7.0052e-01     1.2628     1.0376 0.0000e+00
        324 113.504915    0.02241     1.3445     80.673     19.180  51079.956    31.6632     4.5934     19.000     4.5909    25.0738     7.2454    10.3543     99.198    315.663    323.578   -0.00714    7.30398   10.43812  318.21692     4.5922   16.34722 5.5880e-01     1.1591     1.0723 0.0000e+00
        328 113.504928    0.02272     1.3628     81.769     20.189  51083.170    31.6644     4.5910     20.000     4.5887    25.0749     7.2223    10.3213     98.876    314.655    322.545   -0.00700    7.30435   10.43864  318.23245     4.5897   16.34795 4.4993e-01     1.1171     1.0649 0.0000e+00
        333 113.504941    0.02304     1.3821     82.925     21.199  51085.704    31.6651     4.5889     21.000     4.5869    25.0757     7.2121    10.3067     98.732    314.211    322.090   -0.00584    7.30469   10.43914  318.24735     4.5874   16.34866 3.6006e-01     1.1262     1.0271 0.0000e+00
        337 113.504954    0.02334     1.4005     84.028     22.209  51087.221    31.6655     4.5880     22.000     4.5862    25.0761     7.2117    10.3063     98.726    314.198    322.076   -0.00435    7.30483   10.43933  318.25301     4.5865   16.34893 2.9030e-01     1.1235     1.0616 0.0000e+00
        342 113.504967    0.02365     1.4193     85.157     23.219  51088.196    31.6654     4.5874     23.000     4.5854    25.0762     7.2100    10.3038     98.700    314.120    321.997   -0.00330    7.30494   10.43949  318.25804     4.5858   16.34917 2.3507e-01     1.1220     1.0795 0.0000e+00
        346 113.504980    0.02396     1.4377     86.264     24.228  51089.852    31.6658     4.5862     24.000     4.5837    25.0766     7.2053    10.2971     98.634    313.917    321.789   -0.00279    7.30513   10.43976  318.26613     4.5845   16.34955 1.9307e-01     1.0804     1.0509 0.0000e+00
        351 113.504993    0.02428     1.4569     87.413     25.237  51093.352    31.6672     4.5839     25.000     4.5810    25.0780     7.2031    10.2940     98.599    313.822    321.692   -0.00225    7.30547   10.44025  318.28043     4.5822   16.35023 1.5974e-01     1.0488     1.0297 0.0000e+00
        355 113.505007    0.02460     1.4762     88.575     26.247  51098.174    31.6694     4.5814     26.000     4.5788    25.0800     7.1977    10.2863     98.521    313.589    321.453   -0.00204    7.30580   10.44072  318.29416     4.5796   16.35087 1.3291e-01     0.9999     0.9858 0.0000e+00
        360 113.505020    0.02492     1.4953     89.718     27.257  51102.165    31.6713     4.5800     27.000     4.5777    25.0817     7.1910    10.2767     98.427    313.294    321.152   -0.00203    7.30597   10.44095  318.30090     4.5781   16.35118 1.1179e-01     0.9945     1.0044 0.0000e+00
        365 113.505035    0.02528     1.5164     90.986     28.266  51105.690    31.6731     4.5793     28.000     4.5775    25.0831     7.1829    10.2651     98.315    312.938    320.788   -0.00201    7.30598   10.44098  318.30129     4.5774   16.35119 9.5569e-02     1.0044     1.0391 0.0000e+00
        369 113.505047    0.02558     1.5350     92.098     29.276  51108.426    31.6746     4.5797     29.000     4.5780    25.0842     7.1755    10.2545     98.215    312.616    320.457   -0.00207    7.30585   10.44080  318.29539     4.5777   16.35091 8.3050e-02     0.9782     1.1239 0.0000e+00
        374 113.505060    0.02587     1.5527     93.161     30.285  51110.067    31.6754     4.5804     30.000     4.5788    25.0848     7.1738    10.2520     98.194    312.540    320.380   -0.00170    7.30568   10.44054  318.28730     4.5784   16.35052 7.3282e-02     0.9760     1.1096 0.0000e+00
        378 113.505074    0.02621     1.5728     94.366     31.295  51110.408    31.6753     4.5812     31.000     4.5792    25.0847     7.1702    10.2470     98.148    312.388    320.224   -0.00146    7.30554   10.44035  318.28146     4.5791   16.35024 6.5726e-02     0.9650     1.0494 0.0000e+00
        383 113.505087    0.02653     1.5917     95.501     32.305  51111.265    31.6754     4.5815     32.000     4.5794    25.0848     7.1639    10.2380     98.062    312.111    319.940   -0.00156    7.30549   10.44027  318.27924     4.5793   16.35014 5.9900e-02     0.9554     1.0344 0.0000e+00
        387 113.505099    0.02683     1.6097     96.581     33.314  51113.494    31.6765     4.5818     33.000     4.5798    25.0856     7.1600    10.2323     98.010    311.939    319.765   -0.00148    7.30538   10.44012  318.27413     4.5796   16.34989 5.5254e-02     0.9366     1.0540 0.0000e+00
        392 113.505113    0.02716     1.6295     97.768     34.323  51117.525    31.6789     4.5827     34.000     4.5810    25.0875     7.1574    10.2286     97.978    311.826    319.649   -0.00127    7.30510   10.43973  318.26160     4.5803   16.34928 5.1674e-02     0.9381     1.0354 0.0000e+00
        397 113.505126    0.02748     1.6488     98.930     35.333  51121.266    31.6814     4.5845     35.000     4.5828    25.0893     7.1537    10.2233     97.933    311.664    319.483   -0.00120    7.30466   10.43908  318.24161     4.5821   16.34832 4.8825e-02     0.9277     1.0546 0.0000e+00
        401 113.505140    0.02780     1.6680    100.080     36.343  51122.809    31.6823     4.5859     36.000     4.5839    25.0898     7.1511    10.2196     97.901    311.551    319.367   -0.00108    7.30438   10.43868  318.22909     4.5834   16.34772 4.6607e-02     0.9144     1.0045 0.0000e+00
        406 113.505154    0.02816     1.6894    101.363     37.353  51125.574    31.6840     4.5873     37.000     4.5855    25.0911     7.1461    10.2125     97.838    311.332    319.144   -0.00112    7.30404   10.43820  318.21408     4.5848   16.34700 4.4857e-02     0.9696     1.0431 0.0000e+00
        411 113.505168    0.02848     1.7089    102.533     38.362  51128.552    31.6861     4.5896     38.000     4.5880    25.0924     7.1425    10.2073     97.795    311.173    318.982   -0.00108    7.30354   10.43749  318.19181     4.5870   16.34593 4.3467e-02     0.9277     1.0317 0.0000e+00
        416 113.505182    0.02882     1.7294    103.767     39.372  51129.347    31.6866     4.5917     39.000     4.5896    25.0926     7.1374    10.2000     97.730    310.951    318.754   -0.00117    7.30314   10.43692  318.17431     4.5891   16.34510 4.2389e-02     0.9030     1.0282 0.0000e+00
        421 113.505196    0.02915     1.7487    104.923     40.381  51131.045    31.6875     4.5930     40.000     4.5908    25.0933     7.1417    10.2062     97.793    311.140    318.948   -0.00059    7.30286   10.43652  318.16214     4.5903   16.34452 4.1524e-02     0.9001     1.0027 0.0000e+00
        425 113.505209    0.02947     1.7681    106.085     41.391  51132.248    31.6881     4.5942     41.000     4.5919    25.0936     7.1423    10.2071     97.805    311.167    318.975   -0.00037    7.30262   10.43619  318.15183     4.5914   16.34402 4.0803e-02     0.8945     1.0005 0.0000e+00
        430 113.505223    0.02980     1.7882    107.292     42.401  51136.765    31.6912     4.5962     42.000     4.5951    25.0959     7.1385    10.2016     97.758    310.999    318.803   -0.00057    7.30213   10.43547  318.12924     4.5933   16.34294 4.0207e-02     0.8457     0.9676 0.0000e+00
        435 113.505236    0.03011     1.8064    108.383     43.410  51142.754    31.6960     4.6013     43.000     4.6014    25.0991     7.1355    10.1973     97.733    310.868    318.670   -0.00060    7.30099   10.43385  318.07888     4.5983   16.34052 3.9737e-02     0.8435     0.9877 0.0000e+00
        439 113.505249    0.03043     1.8254    109.525     44.420  51145.122    31.6986     4.6082     44.000     4.6076    25.1005     7.1328    10.1935     97.714    310.750    318.550   -0.00060    7.29966   10.43194  318.02034     4.6051   16.33772 3.9291e-02     0.8053     0.9745 0.0000e+00
        444 113.505262    0.03073     1.8440    110.642     45.429  51147.116    31.7007     4.6134     45.000     4.6124    25.1016     7.1345    10.1959     97.751    310.824    318.627   -0.00030    7.29863   10.43047  317.97516     4.6103   16.33556 3.8982e-02     0.7863     0.9825 0.0000e+00
        448 113.505276    0.03106     1.8639    111.834     46.440  51152.023    31.7048     4.6189     46.000     4.6192    25.1043     7.1307    10.1904     97.714    310.657    318.455   -0.00045    7.29746   10.42880  317.92330     4.6158   16.33308 3.8726e-02     0.7559     0.9851 0.0000e+00
        453 113.505289    0.03139     1.8832    112.992     47.449  51163.801    31.7147     4.6294     47.000     4.6327    25.1111     7.1280    10.1866     97.709    310.538    318.336   -0.00040    7.29513   10.42547  317.81968     4.6262   16.32811 3.8505e-02     0.7348     0.9599 0.0000e+00
        457 113.505302    0.03170     1.9020    114.123     48.459  51173.214    31.7242     4.6451     48.000     4.6490    25.1170     7.1260    10.1837     97.724    310.448    318.245   -0.00028    7.29192   10.42089  317.67807     4.6417   16.32133 3.8310e-02     0.7134     0.9376 0.0000e+00
        462 113.505316    0.03201     1.9210    115.261     49.468  51175.577    31.7287     4.6604     49.000     4.6619    25.1190     7.1258    10.1835     97.761    310.440    318.238   -0.00005    7.28901   10.41673  317.55075     4.6569   16.31525 3.8114e-02     0.6852     0.8889 0.0000e+00
        467 113.505329    0.03234     1.9402    116.415     50.478  51180.996    31.7344     4.6711     50.000     4.6722    25.1223     7.1196    10.1747     97.705    310.171    317.963   -0.00033    7.28684   10.41363  317.45525     4.6676   16.31069 3.8008e-02     0.6666     0.8765 0.0000e+00
        471 113.505342    0.03265     1.9591    117.543     51.488  51190.775    31.7431     4.6823     51.000     4.6843    25.1281     7.1123    10.1642     97.637    309.850    317.635   -0.00070    7.28445   10.41020  317.34883     4.6788   16.30559 3.7983e-02     0.6540     0.8725 0.0000e+00
        476 113.505355    0.03297     1.9782    118.691     52.497  51199.321    31.7512     4.6945     52.000     4.6954    25.1333     7.1129    10.1650     97.679    309.873    317.661   -0.00034    7.28193   10.40661  317.23776     4.6908   16.30027 3.7977e-02     0.5992     0.8211 0.0000e+00
        480 113.505369    0.03329     1.9976    119.858     53.507  51206.894    31.7581     4.7045     53.000     4.7038    25.1377     7.1096    10.1602     97.661    309.726    317.512   -0.00035    7.27984   10.40361  317.14504     4.7008   16.29583 3.7976e-02     0.5686     0.8067 0.0000e+00
