CTD-processing/allCTD/CNV/2018_03-27_alongbay_pogi_cast033_5028.cnv
* Sea-Bird SBE19plus Data File:
* FileName = P:\My Documents\kasitsna\Research-KBL\Oceanography-AK\CTD-Data-ALL-to-2017-02\2018-CTD-KachemakBay-CookInlet\2018-03-27-CookInlet-AlongBay\2018-03-27-CookInlet-AlongBay-cast033.hex
* Software Version 1.59
* Temperature SN =  5028
* Conductivity SN =  5028
* System UpLoad Time = Mar 28 2018 11:45:42
** Cook Inlet LTM Along-Bay (T7-22 to KB12)
** Date: 2018_03-27
** Station: (eg. 9-01): POGI
** Start time (AKDT): 13:33
** Depth (m): 105.2
** Comment:  Extended to T7-22 due to calm seas.
** Comment:
# nquan = 27
# nvalues = 99                          
# units = specified
# name 0 = scan: Scan Count
# name 1 = timeJ: Julian Days
# name 2 = timeH: Time, Elapsed [hours]
# name 3 = timeM: Time, Elapsed [minutes]
# name 4 = timeS: Time, Elapsed [seconds]
# name 5 = prdM: Pressure, Strain Gauge [db]
# name 6 = specc: Specific Conductance [uS/cm]
# name 7 = sal00: Salinity, Practical [PSU]
# name 8 = tv290C: Temperature [ITS-90, deg C]
# name 9 = depSM: Depth [salt water, m], lat = 59.00
# name 10 = potemp090C: Potential Temperature [ITS-90, deg C]
# name 11 = sigma-é00: Density [sigma-theta, kg/m^3]
# name 12 = sbeox0ML/L: Oxygen, SBE 43 [ml/l]
# name 13 = sbeox0Mg/L: Oxygen, SBE 43 [mg/l]
# name 14 = sbeox0PS: Oxygen, SBE 43 [% saturation]
# name 15 = sbox0Mm/Kg: Oxygen, SBE 43 [umol/kg]
# name 16 = sbeox0Mm/L: Oxygen, SBE 43 [umol/l]
# name 17 = sbox0dV/dT: Oxygen, SBE 43 [dov/dt]
# name 18 = oxsolML/L: Oxygen Saturation, Garcia & Gordon [ml/l]
# name 19 = oxsolMg/L: Oxygen Saturation, Garcia & Gordon [mg/l]
# name 20 = oxsolMm/Kg: Oxygen Saturation, Garcia & Gordon [umol/kg]
# name 21 = potemp090C: Potential Temperature [ITS-90, deg C]
# name 22 = n2satMg/L: Nitrogen Saturation [mg/l]
# name 23 = par: PAR/Irradiance, Biospherical/Licor
# name 24 = flECO-AFL: Fluorescence, WET Labs ECO-AFL/FL [mg/m^3]
# name 25 = turbWETntu0: Turbidity, WET Labs ECO [NTU]
# name 26 = flag: flag
# span 0 =        278,        788       
# span 1 =  86.565872,  86.567348       
# span 2 =    0.01927,    0.05467       
# span 3 =     1.1561,     3.2804       
# span 4 =     69.367,    196.827       
# span 5 =      1.009,     99.958       
# span 6 =  51270.006,  51350.708       
# span 7 =    31.7656,    31.7738       
# span 8 =     4.4213,     4.4385       
# span 9 =      1.000,     99.000       
# span 10 =     4.4182,     4.4362      
# span 11 =    25.1711,    25.1780      
# span 12 =     6.5116,     6.7531      
# span 13 =     9.3057,     9.6509      
# span 14 =     88.874,     92.167      
# span 15 =    283.667,    294.189      
# span 16 =    290.807,    301.596      
# span 17 =   -0.00065,    0.01065      
# span 18 =    7.32595,    7.32930      
# span 19 =   10.46952,   10.47430      
# span 20 =  319.14184,  319.28858      
# span 21 =     4.4182,     4.4364      
# span 22 =   16.39079,   16.39779      
# span 23 = 6.1431e-02, 2.8375e+02      
# span 24 =     0.3499,     0.5085      
# span 25 =     0.2562,     0.3018      
# span 26 = 0.0000e+00, 0.0000e+00      
# interval = meters: 1                  
# start_time = Mar 27 2018 13:33:42 [Instrument's time stamp, header]
# bad_flag = -9.990e-29
*END*
[from data line 54]
        558  86.566682    0.03871     2.3227    139.364     55.527  51316.716    31.7690     4.4262     55.000     4.4221    25.1750     6.7452     9.6395     92.043    293.843    301.241    0.00004    7.32833   10.47291  319.24622     4.4225   16.39577 1.5502e+00     0.4285     0.2731 0.0000e+00
        563  86.566697    0.03905     2.3430    140.583     56.536  51319.082    31.7700     4.4258     56.000     4.4225    25.1759     6.7469     9.6419     92.065    293.915    301.315    0.00012    7.32835   10.47295  319.24699     4.4220   16.39580 1.4253e+00     0.4449     0.2694 0.0000e+00
        568  86.566710    0.03938     2.3629    141.775     57.545  51320.663    31.7710     4.4276     57.000     4.4243    25.1765     6.7457     9.6402     92.053    293.862    301.261   -0.00006    7.32800   10.47244  319.23136     4.4237   16.39505 1.3086e+00     0.4358     0.2736 0.0000e+00
        574  86.566726    0.03976     2.3855    143.132     58.555  51320.803    31.7709     4.4288     58.000     4.4250    25.1763     6.7441     9.6380     92.035    293.795    301.192   -0.00017    7.32779   10.47214  319.22206     4.4248   16.39461 1.2001e+00     0.4335     0.2787 0.0000e+00
        580  86.566745    0.04020     2.4118    144.711     59.566  51321.377    31.7708     4.4291     59.000     4.4251    25.1763     6.7417     9.6345     92.002    293.688    301.083   -0.00034    7.32772   10.47206  319.21957     4.4251   16.39449 1.0960e+00     0.4540     0.2770 0.0000e+00
        585  86.566760    0.04059     2.4353    146.115     60.575  51321.908    31.7707     4.4290     60.000     4.4249    25.1761     6.7446     9.6388     92.043    293.818    301.216   -0.00009    7.32775   10.47209  319.22067     4.4250   16.39455 1.0010e+00     0.4465     0.2771 0.0000e+00
        591  86.566775    0.04094     2.4563    147.379     61.585  51322.650    31.7707     4.4290     61.000     4.4247    25.1762     6.7455     9.6399     92.053    293.852    301.250   -0.00005    7.32777   10.47211  319.22128     4.4248   16.39457 9.2028e-01     0.4365     0.2663 0.0000e+00
        596  86.566790    0.04130     2.4782    148.693     62.595  51323.518    31.7707     4.4288     62.000     4.4247    25.1762     6.7437     9.6374     92.029    293.776    301.172   -0.00022    7.32778   10.47213  319.22198     4.4246   16.39460 8.4727e-01     0.4530     0.2592 0.0000e+00
        601  86.566806    0.04168     2.5004    150.022     63.604  51324.491    31.7710     4.4292     63.000     4.4250    25.1764     6.7428     9.6363     92.019    293.742    301.136   -0.00027    7.32771   10.47203  319.21884     4.4249   16.39446 7.8151e-01     0.4624     0.2624 0.0000e+00
        607  86.566822    0.04205     2.5231    151.388     64.614  51325.324    31.7711     4.4296     64.000     4.4254    25.1764     6.7443     9.6384     92.040    293.806    301.203   -0.00013    7.32763   10.47192  319.21522     4.4252   16.39429 7.2065e-01     0.4594     0.2668 0.0000e+00
        612  86.566836    0.04240     2.5440    152.638     65.624  51326.440    31.7715     4.4303     65.000     4.4261    25.1767     6.7461     9.6408     92.066    293.881    301.280   -0.00003    7.32749   10.47171  319.20887     4.4259   16.39398 6.6498e-01     0.4414     0.2698 0.0000e+00
        616  86.566850    0.04274     2.5640    153.839     66.634  51326.456    31.7712     4.4306     66.000     4.4260    25.1764     6.7463     9.6411     92.068    293.888    301.288   -0.00005    7.32744   10.47165  319.20727     4.4261   16.39391 6.1332e-01     0.4308     0.2594 0.0000e+00
        621  86.566865    0.04308     2.5851    155.107     67.643  51327.114    31.7710     4.4303     67.000     4.4257    25.1763     6.7479     9.6435     92.091    293.962    301.363 -6.319e-07    7.32751   10.47173  319.20979     4.4258   16.39403 5.6740e-01     0.4404     0.2645 0.0000e+00
        626  86.566879    0.04343     2.6060    156.358     68.653  51328.198    31.7713     4.4303     68.000     4.4258    25.1765     6.7486     9.6445     92.100    293.992    301.393    0.00001    7.32749   10.47171  319.20892     4.4257   16.39398 5.2413e-01     0.4390     0.2611 0.0000e+00
        631  86.566894    0.04378     2.6269    157.615     69.663  51328.850    31.7712     4.4305     69.000     4.4259    25.1765     6.7477     9.6431     92.088    293.952    301.353   -0.00013    7.32746   10.47167  319.20762     4.4258   16.39392 4.8533e-01     0.4362     0.2754 0.0000e+00
        637  86.566909    0.04414     2.6481    158.887     70.673  51329.400    31.7712     4.4307     70.000     4.4260    25.1764     6.7520     9.6494     92.148    294.141    301.547    0.00013    7.32743   10.47163  319.20644     4.4260   16.39386 4.4854e-01     0.4471     0.2796 0.0000e+00
        641  86.566922    0.04446     2.6679    160.073     71.682  51330.438    31.7714     4.4309     71.000     4.4262    25.1766     6.7531     9.6509     92.163    294.189    301.596    0.00017    7.32738   10.47156  319.20436     4.4261   16.39377 4.1443e-01     0.4546     0.2589 0.0000e+00
        646  86.566937    0.04480     2.6883    161.297     72.692  51331.872    31.7720     4.4314     72.000     4.4269    25.1770     6.7454     9.6398     92.059    293.851    301.249   -0.00047    7.32728   10.47141  319.19966     4.4265   16.39354 3.8306e-01     0.4510     0.2705 0.0000e+00
        651  86.566950    0.04513     2.7080    162.480     73.702  51333.467    31.7729     4.4328     73.000     4.4285    25.1776     6.7424     9.6355     92.022    293.720    301.115   -0.00061    7.32697   10.47098  319.18630     4.4278   16.39290 3.5391e-01     0.4381     0.2769 0.0000e+00
        656  86.566966    0.04551     2.7307    163.839     74.712  51333.277    31.7726     4.4341     74.000     4.4292    25.1772     6.7461     9.6409     92.075    293.882    301.281   -0.00021    7.32676   10.47067  319.17712     4.4291   16.39247 3.2743e-01     0.4411     0.2738 0.0000e+00
        662  86.566982    0.04589     2.7537    165.222     75.721  51333.882    31.7726     4.4344     75.000     4.4293    25.1772     6.7482     9.6439     92.104    293.974    301.376   -0.00004    7.32670   10.47060  319.17479     4.4293   16.39235 3.0221e-01     0.4385     0.2572 0.0000e+00
        667  86.566998    0.04628     2.7769    166.614     76.731  51334.416    31.7724     4.4345     76.000     4.4293    25.1771     6.7514     9.6483     92.147    294.111    301.515    0.00011    7.32669   10.47058  319.17421     4.4293   16.39233 2.7960e-01     0.4145     0.2606 0.0000e+00
        673  86.567014    0.04667     2.8000    167.997     77.741  51335.071    31.7724     4.4345     77.000     4.4292    25.1771     6.7503     9.6469     92.133    294.065    301.469   -0.00003    7.32669   10.47058  319.17430     4.4293   16.39233 2.5793e-01     0.4071     0.2588 0.0000e+00
        678  86.567027    0.04698     2.8192    169.149     78.751  51335.867    31.7725     4.4345     78.000     4.4291    25.1771     6.7466     9.6415     92.082    293.903    301.302   -0.00035    7.32670   10.47058  319.17448     4.4292   16.39234 2.3824e-01     0.4198     0.2592 0.0000e+00
        683  86.567042    0.04734     2.8405    170.428     79.761  51336.802    31.7726     4.4345     79.000     4.4292    25.1772     6.7475     9.6428     92.095    293.943    301.344   -0.00025    7.32668   10.47056  319.17362     4.4292   16.39230 2.1997e-01     0.4380     0.2707 0.0000e+00
        688  86.567057    0.04771     2.8623    171.739     80.771  51337.523    31.7726     4.4347     80.000     4.4293    25.1772     6.7479     9.6434     92.101    293.960    301.361   -0.00020    7.32665   10.47052  319.17240     4.4292   16.39224 2.0319e-01     0.4397     0.2740 0.0000e+00
        693  86.567072    0.04806     2.8833    172.995     81.781  51338.187    31.7726     4.4348     81.000     4.4293    25.1772     6.7475     9.6428     92.095    293.942    301.342   -0.00021    7.32664   10.47049  319.17163     4.4293   16.39220 1.8751e-01     0.4349     0.2729 0.0000e+00
        698  86.567087    0.04841     2.9050    174.300     82.790  51338.936    31.7726     4.4349     82.000     4.4293    25.1772     6.7464     9.6412     92.080    293.893    301.292   -0.00029    7.32662   10.47047  319.17091     4.4293   16.39217 1.7356e-01     0.4363     0.2648 0.0000e+00
        703  86.567102    0.04878     2.9265    175.593     83.800  51339.622    31.7726     4.4349     83.000     4.4292    25.1772     6.7483     9.6440     92.107    293.979    301.381   -0.00013    7.32661   10.47046  319.17062     4.4293   16.39216 1.6098e-01     0.4303     0.2592 0.0000e+00
        708  86.567115    0.04910     2.9458    176.745     84.810  51340.004    31.7723     4.4348     84.000     4.4289    25.1770     6.7507     9.6475     92.140    294.085    301.489    0.00001    7.32665   10.47051  319.17224     4.4291   16.39224 1.4944e-01     0.4430     0.2698 0.0000e+00
        712  86.567128    0.04940     2.9642    177.851     85.820  51340.085    31.7718     4.4344     85.000     4.4283    25.1766     6.7526     9.6502     92.165    294.167    301.574    0.00008    7.32673   10.47063  319.17610     4.4287   16.39242 1.3908e-01     0.4508     0.2689 0.0000e+00
        718  86.567143    0.04977     2.9860    179.162     86.830  51340.783    31.7716     4.4337     86.000     4.4276    25.1765     6.7510     9.6478     92.139    294.093    301.498   -0.00011    7.32688   10.47084  319.18265     4.4278   16.39273 1.2965e-01     0.4479     0.2682 0.0000e+00
        723  86.567158    0.05012     3.0071    180.425     87.840  51342.014    31.7719     4.4335     87.000     4.4277    25.1768     6.7482     9.6438     92.101    293.972    301.373   -0.00034    7.32689   10.47086  319.18303     4.4276   16.39275 1.2086e-01     0.4409     0.2686 0.0000e+00
        728  86.567173    0.05050     3.0296    181.775     88.849  51342.957    31.7721     4.4338     88.000     4.4279    25.1769     6.7468     9.6418     92.083    293.910    301.310   -0.00037    7.32684   10.47079  319.18068     4.4278   16.39264 1.1299e-01     0.4283     0.2662 0.0000e+00
        736  86.567195    0.05102     3.0612    183.672     89.860  51343.664    31.7721     4.4341     89.000     4.4281    25.1770     6.7443     9.6381     92.049    293.799    301.196   -0.00043    7.32678   10.47070  319.17799     4.4281   16.39251 1.0605e-01     0.4426     0.2678 0.0000e+00
        741  86.567211    0.05139     3.0833    184.998     90.870  51344.384    31.7722     4.4344     90.000     4.4284    25.1770     6.7457     9.6403     92.070    293.865    301.263   -0.00025    7.32672   10.47062  319.17558     4.4283   16.39240 9.9260e-02     0.4507     0.2705 0.0000e+00
        746  86.567225    0.05174     3.1040    186.241     91.879  51344.814    31.7721     4.4345     91.000     4.4284    25.1768     6.7462     9.6411     92.077    293.888    301.287   -0.00020    7.32670   10.47059  319.17472     4.4284   16.39236 9.3434e-02     0.4506     0.2659 0.0000e+00
        751  86.567240    0.05208     3.1249    187.493     92.889  51345.682    31.7722     4.4347     92.000     4.4286    25.1769     6.7493     9.6454     92.119    294.020    301.423   -0.00001    7.32667   10.47054  319.17313     4.4285   16.39228 8.8087e-02     0.4474     0.2660 0.0000e+00
        756  86.567254    0.05242     3.1454    188.726     93.899  51346.646    31.7724     4.4351     93.000     4.4289    25.1771     6.7528     9.6503     92.167    294.170    301.576    0.00020    7.32660   10.47044  319.17011     4.4287   16.39214 8.3103e-02     0.4470     0.2649 0.0000e+00
        761  86.567269    0.05280     3.1678    190.070     94.909  51347.414    31.7725     4.4356     94.000     4.4292    25.1771     6.7516     9.6487     92.153    294.119    301.525    0.00000    7.32650   10.47030  319.16584     4.4291   16.39193 7.8543e-02     0.4484     0.2710 0.0000e+00
        767  86.567285    0.05316     3.1900    191.401     95.919  51349.487    31.7735     4.4361     95.000     4.4303    25.1779     6.7509     9.6476     92.144    294.088    301.493   -0.00009    7.32635   10.47009  319.15905     4.4296   16.39161 7.4329e-02     0.4336     0.2612 0.0000e+00
        772  86.567300    0.05353     3.2117    192.700     96.929  51349.454    31.7734     4.4376     96.000     4.4312    25.1777     6.7507     9.6474     92.146    294.082    301.486   -0.00012    7.32610   10.46973  319.14822     4.4310   16.39109 7.0601e-02     0.4433     0.2683 0.0000e+00
        777  86.567316    0.05391     3.2344    194.062     97.939  51350.708    31.7738     4.4381     97.000     4.4318    25.1780     6.7504     9.6470     92.144    294.070    301.474   -0.00015    7.32597   10.46955  319.14254     4.4316   16.39082 6.7250e-02     0.4327     0.2735 0.0000e+00
        783  86.567331    0.05428     3.2566    195.393     98.948  51350.486    31.7733     4.4385     98.000     4.4315    25.1775     6.7516     9.6487     92.160    294.123    301.528   -0.00008    7.32595   10.46952  319.14184     4.4317   16.39079 6.4231e-02     0.4398     0.2792 0.0000e+00
        788  86.567348    0.05467     3.2804    196.827     99.958  51350.653    31.7728     4.4379     99.000     4.4311    25.1772     6.7501     9.6465     92.138    294.056    301.459   -0.00021    7.32606   10.46969  319.14692     4.4312   16.39104 6.1431e-02     0.4515     0.3018 0.0000e+00
