CTD-processing/allCTD/CNV/2018_09-17_alongbay_skb07_cast045_5028.cnv
* Sea-Bird SBE19plus Data File:
* FileName = C:\Users\Kim.Powell\Desktop\Not Processed\2018\2018_09-17_AlongBay, T6, T7_5028\2018_09-17_TRANSECT_STATION_cast045.hex
* Software Version 1.59
* Temperature SN =  5028
* Conductivity SN =  5028
* System UpLoad Time = Sep 18 2018 16:26:31
** 2018_09-17
** Station: KB07
** Start Time: 16:21
** Depth (m): 145.4
** Comment:
** Comment:
# nquan = 27
# nvalues = 139                         
# units = specified
# name 0 = scan: Scan Count
# name 1 = timeJ: Julian Days
# name 2 = timeH: Time, Elapsed [hours]
# name 3 = timeM: Time, Elapsed [minutes]
# name 4 = timeS: Time, Elapsed [seconds]
# name 5 = prdM: Pressure, Strain Gauge [db]
# name 6 = specc: Specific Conductance [uS/cm]
# name 7 = sal00: Salinity, Practical [PSU]
# name 8 = tv290C: Temperature [ITS-90, deg C]
# name 9 = depSM: Depth [salt water, m], lat = 59.00
# name 10 = potemp090C: Potential Temperature [ITS-90, deg C]
# name 11 = sigma-é00: Density [sigma-theta, kg/m^3]
# name 12 = sbeox0ML/L: Oxygen, SBE 43 [ml/l]
# name 13 = sbeox0Mg/L: Oxygen, SBE 43 [mg/l]
# name 14 = sbeox0PS: Oxygen, SBE 43 [% saturation]
# name 15 = sbox0Mm/Kg: Oxygen, SBE 43 [umol/kg]
# name 16 = sbeox0Mm/L: Oxygen, SBE 43 [umol/l]
# name 17 = sbox0dV/dT: Oxygen, SBE 43 [dov/dt]
# name 18 = oxsolML/L: Oxygen Saturation, Garcia & Gordon [ml/l]
# name 19 = oxsolMg/L: Oxygen Saturation, Garcia & Gordon [mg/l]
# name 20 = oxsolMm/Kg: Oxygen Saturation, Garcia & Gordon [umol/kg]
# name 21 = potemp090C: Potential Temperature [ITS-90, deg C]
# name 22 = n2satMg/L: Nitrogen Saturation [mg/l]
# name 23 = par: PAR/Irradiance, Biospherical/Licor
# name 24 = flECO-AFL: Fluorescence, WET Labs ECO-AFL/FL [mg/m^3]
# name 25 = turbWETntu0: Turbidity, WET Labs ECO [NTU]
# name 26 = flag: flag
# span 0 =        278,        924       
# span 1 = 260.683034, 260.684904       
# span 2 =    0.01921,    0.06407       
# span 3 =     1.1522,     3.8442       
# span 4 =     69.132,    230.656       
# span 5 =      1.009,    140.360       
# span 6 =  44973.959,  49244.139       
# span 7 =    28.4742,    31.1506       
# span 8 =     9.1410,    11.3836       
# span 9 =      1.000,    139.000       
# span 10 =     9.1266,    11.3398      
# span 11 =    21.6345,    24.0860      
# span 12 =     5.2350,     6.0771      
# span 13 =     7.4813,     8.6848      
# span 14 =     79.863,     95.115      
# span 15 =    228.331,    265.656      
# span 16 =    233.795,    271.403      
# span 17 =   -0.01621,    0.01246      
# span 18 =    6.38212,    6.59630      
# span 19 =    9.12069,    9.42677      
# span 20 =  278.84013,  287.66214      
# span 21 =     9.1265,    11.3835      
# span 22 =   14.47841,   14.89235      
# span 23 = 5.2234e-02, 1.6975e+02      
# span 24 =     0.2498,     2.1336      
# span 25 =     0.4846,     1.9608      
# span 26 = 0.0000e+00, 0.0000e+00      
# interval = meters: 1                  
# start_time = Sep 17 2018 16:22:25 [Instrument's time stamp, header]
# bad_flag = -9.990e-29
*END*
[from data line 54]
        523 260.683745    0.03628     2.1769    130.616     55.526  48988.271    31.0690     9.6009     55.000     9.5860    23.9492     5.2421     7.4915     80.241    228.638    234.114   -0.00029    6.53293    9.33621  284.93674     9.5949   14.76237 5.5182e-02     0.2774     1.0317 0.0000e+00
        528 260.683759    0.03661     2.1965    131.790     56.536  48997.863    31.0728     9.5810     56.000     9.5684    23.9553     5.2537     7.5080     80.385    229.140    234.629    0.00056    6.53563    9.34007  285.05268     9.5750   14.76790 5.4962e-02     0.2829     0.9810 0.0000e+00
        533 260.683772    0.03693     2.2157    132.943     57.546  49009.572    31.0788     9.5678     57.000     9.5567    23.9621     5.2651     7.5243     80.540    229.636    235.139    0.00122    6.53727    9.34242  285.12246     9.5617   14.77121 5.4798e-02     0.2693     0.9656 0.0000e+00
        537 260.683786    0.03725     2.2354    134.123     58.556  49021.153    31.0851     9.5572     58.000     9.5474    23.9688     5.2752     7.5388     80.678    230.075    235.589    0.00159    6.53855    9.34423  285.17613     9.5509   14.77375 5.4679e-02     0.2600     0.9394 0.0000e+00
        542 260.683800    0.03760     2.2557    135.344     59.565  49025.923    31.0867     9.5473     59.000     9.5352    23.9716     5.2841     7.5515     80.798    230.463    235.987    0.00166    6.53990    9.34617  285.23437     9.5410   14.77653 5.4554e-02     0.2498     0.8998 0.0000e+00
        547 260.683814    0.03794     2.2759    136.557     60.575  49037.444    31.0927     9.5337     60.000     9.5229    23.9783     5.2889     7.5583     80.850    230.671    236.202    0.00139    6.54163    9.34864  285.30785     9.5273   14.78002 5.4392e-02     0.2561     0.8831 0.0000e+00
        552 260.683829    0.03827     2.2967    137.799     61.585  49045.574    31.0966     9.5236     61.000     9.5123    23.9831     5.2867     7.5552     80.800    230.573    236.103    0.00056    6.54291    9.35048  285.36264     9.5171   14.78262 5.4274e-02     0.2745     0.9058 0.0000e+00
        557 260.683843    0.03861     2.3168    139.010     62.595  49048.602    31.0964     9.5096     62.000     9.4952    23.9852     5.2857     7.5539     80.761    230.532    236.061    0.00007    6.54495    9.35338  285.45068     9.5030   14.78683 5.4166e-02     0.2811     0.9520 0.0000e+00
        562 260.683857    0.03896     2.3375    140.248     63.604  49059.453    31.1012     9.4917     63.000     9.4798    23.9917     5.2827     7.5495     80.686    230.400    235.927   -0.00043    6.54732    9.35678  285.55245     9.4850   14.79168 5.4086e-02     0.2763     0.9570 0.0000e+00
        567 260.683871    0.03930     2.3578    141.466     64.614  49064.414    31.1026     9.4794     64.000     9.4660    23.9948     5.2788     7.5440     80.605    230.231    235.756   -0.00085    6.54905    9.35924  285.62694     9.4726   14.79524 5.4037e-02     0.2715     0.9462 0.0000e+00
        572 260.683886    0.03964     2.3786    142.717     65.624  49069.852    31.1035     9.4599     65.000     9.4439    23.9985     5.2790     7.5442     80.573    230.235    235.761   -0.00079    6.55183    9.36322  285.74722     9.4530   14.80099 5.3971e-02     0.2729     0.9290 0.0000e+00
        577 260.683900    0.03999     2.3993    143.957     66.633  49082.166    31.1090     9.4401     66.000     9.4279    24.0059     5.2787     7.5438     80.536    230.220    235.747   -0.00082    6.55447    9.36699  285.86016     9.4331   14.80636 5.3906e-02     0.2817     0.8972 0.0000e+00
        582 260.683914    0.04033     2.4197    145.183     67.643  49089.690    31.1126     9.4304     67.000     9.4211    24.0103     5.2829     7.5498     80.584    230.402    235.934   -0.00037    6.55572    9.36879  285.91382     9.4233   14.80891 5.3838e-02     0.2774     0.8868 0.0000e+00
        587 260.683928    0.04067     2.4403    146.418     68.653  49092.234    31.1133     9.4259     68.000     9.4170    24.0116     5.2872     7.5559     80.643    230.590    236.127    0.00009    6.55633    9.36966  285.94011     9.4187   14.81017 5.3773e-02     0.2706     0.8937 0.0000e+00
        592 260.683943    0.04101     2.4605    147.628     69.663  49092.534    31.1124     9.4211     69.000     9.4110    24.0117     5.2838     7.5510     80.581    230.440    235.973   -0.00037    6.55709    9.37074  285.97281     9.4137   14.81174 5.3716e-02     0.2712     0.8990 0.0000e+00
        596 260.683956    0.04134     2.4803    148.818     70.673  49095.959    31.1137     9.4157     70.000     9.4067    24.0135     5.2842     7.5517     80.579    230.459    235.993   -0.00037    6.55781    9.37176  286.00365     9.4083   14.81321 5.3669e-02     0.2804     0.9216 0.0000e+00
        601 260.683969    0.04166     2.4992    149.953     71.683  49097.176    31.1136     9.4121     71.000     9.4025    24.0140     5.2869     7.5555     80.613    230.574    236.111   -0.00011    6.55834    9.37252  286.02676     9.4045   14.81431 5.3614e-02     0.2748     0.9183 0.0000e+00
        605 260.683983    0.04197     2.5185    151.107     72.692  49099.289    31.1141     9.4072     72.000     9.3975    24.0151     5.2887     7.5581     80.632    230.655    236.194 8.0456e-07    6.55901    9.37348  286.05585     9.3996   14.81570 5.3588e-02     0.2826     0.8845 0.0000e+00
        610 260.683996    0.04229     2.5373    152.236     73.702  49102.404    31.1152     9.4028     73.000     9.3937    24.0167     5.2879     7.5570     80.613    230.618    236.157   -0.00017    6.55961    9.37433  286.08130     9.3951   14.81691 5.3548e-02     0.2843     0.8671 0.0000e+00
        614 260.684009    0.04260     2.5562    153.372     74.712  49105.608    31.1167     9.4007     74.000     9.3923    24.0183     5.2880     7.5570     80.612    230.623    236.162   -0.00022    6.55985    9.37468  286.09145     9.3929   14.81739 5.3525e-02     0.2734     0.8659 0.0000e+00
        619 260.684022    0.04292     2.5752    154.511     75.722  49104.871    31.1155     9.3980     75.000     9.3870    24.0177     5.2913     7.5618     80.655    230.766    236.308    0.00006    6.56030    9.37533  286.11142     9.3900   14.81835 5.3516e-02     0.2657     0.8826 0.0000e+00
        624 260.684035    0.04323     2.5943    155.659     76.732  49108.503    31.1167     9.3912     76.000     9.3807    24.0197     5.2920     7.5628     80.655    230.796    236.340   -0.00002    6.56125    9.37668  286.15200     9.3831   14.82028 5.3538e-02     0.2737     0.9173 0.0000e+00
        628 260.684049    0.04356     2.6137    156.821     77.742  49110.138    31.1166     9.3853     77.000     9.3740    24.0206     5.2942     7.5659     80.679    230.893    236.439    0.00005    6.56210    9.37790  286.18901     9.3771   14.82206 5.3536e-02     0.2697     0.8992 0.0000e+00
        633 260.684062    0.04387     2.6324    157.946     78.752  49111.308    31.1159     9.3776     78.000     9.3645    24.0213     5.2936     7.5651     80.655    230.865    236.411   -0.00014    6.56323    9.37952  286.23828     9.3694   14.82441 5.3509e-02     0.2788     0.8902 0.0000e+00
        637 260.684075    0.04420     2.6517    159.105     79.761  49113.400    31.1152     9.3646     79.000     9.3490    24.0228     5.2918     7.5626     80.605    230.789    236.333   -0.00043    6.56516    9.38228  286.32194     9.3562   14.82842 5.3470e-02     0.2842     0.8819 0.0000e+00
        642 260.684088    0.04450     2.6705    160.231     80.771  49118.869    31.1164     9.3485     80.000     9.3323    24.0263     5.2870     7.5556     80.503    230.576    236.116   -0.00096    6.56745    9.38553  286.42047     9.3401   14.83312 5.3419e-02     0.2909     0.8958 0.0000e+00
        647 260.684102    0.04483     2.6898    161.387     81.781  49124.747    31.1176     9.3296     81.000     9.3132    24.0301     5.2864     7.5548     80.461    230.552    236.092   -0.00100    6.57015    9.38941  286.53753     9.3211   14.83871 5.3382e-02     0.2821     0.8897 0.0000e+00
        651 260.684115    0.04514     2.7085    162.507     82.791  49135.470    31.1228     9.3156     82.000     9.3034    24.0364     5.2900     7.5600     80.494    230.709    236.254   -0.00060    6.57197    9.39201  286.61523     9.3069   14.84241 5.3343e-02     0.2819     0.8675 0.0000e+00
        656 260.684128    0.04547     2.7277    163.661     83.800  49140.840    31.1251     9.3086     83.000     9.2981    24.0394     5.2970     7.5700     80.589    231.010    236.564    0.00011    6.57289    9.39331  286.65410     9.2999   14.84426 5.3333e-02     0.2738     0.8292 0.0000e+00
        660 260.684141    0.04577     2.7467    164.802     84.810  49144.366    31.1268     9.3054     84.000     9.2958    24.0411     5.2954     7.5677     80.559    230.942    236.494   -0.00009    6.57328    9.39388  286.67097     9.2965   14.84506 5.3292e-02     0.2760     0.8288 0.0000e+00
        665 260.684154    0.04610     2.7659    165.954     85.820  49146.596    31.1278     9.3045     85.000     9.2955    24.0421     5.2907     7.5610     80.488    230.738    236.286   -0.00055    6.57337    9.39400  286.67448     9.2955   14.84522 5.3271e-02     0.2909     0.9321 0.0000e+00
        669 260.684168    0.04642     2.7853    167.118     86.829  49147.009    31.1277     9.3046     86.000     9.2954    24.0420     5.2895     7.5592     80.468    230.681    236.227   -0.00060    6.57337    9.39401  286.67454     9.2955   14.84523 5.3212e-02     0.2932     0.9550 0.0000e+00
        674 260.684181    0.04675     2.8048    168.287     87.839  49147.334    31.1274     9.3043     87.000     9.2949    24.0419     5.2949     7.5669     80.549    230.917    236.469    0.00000    6.57341    9.39407  286.67655     9.2951   14.84532 5.3191e-02     0.3006     0.8899 0.0000e+00
        679 260.684195    0.04707     2.8243    169.460     88.849  49147.695    31.1272     9.3038     88.000     9.2941    24.0418     5.2960     7.5686     80.567    230.969    236.521    0.00010    6.57351    9.39420  286.68061     9.2945   14.84552 5.3137e-02     0.2749     0.9103 0.0000e+00
        683 260.684208    0.04739     2.8437    170.623     89.859  49148.050    31.1269     9.3030     89.000     9.2927    24.0417     5.2900     7.5599     80.473    230.705    236.252   -0.00054    6.57363    9.39438  286.68617     9.2936   14.84578 5.3065e-02     0.2838     0.9238 0.0000e+00
        688 260.684222    0.04772     2.8633    171.800     90.869  49144.916    31.1237     9.2986     90.000     9.2838    24.0399     5.2922     7.5630     80.496    230.799    236.348   -0.00037    6.57441    9.39549  286.72031     9.2891   14.84743 5.3024e-02     0.2877     0.8929 0.0000e+00
        693 260.684235    0.04804     2.8824    172.944     91.879  49151.127    31.1258     9.2854     91.000     9.2716    24.0436     5.2955     7.5678     80.525    230.944    236.497   -0.00010    6.57624    9.39810  286.79915     9.2758   14.85119 5.3016e-02     0.2988     0.8726 0.0000e+00
        698 260.684250    0.04837     2.9026    174.157     92.889  49158.235    31.1292     9.2771     92.000     9.2643    24.0476     5.2923     7.5632     80.462    230.803    236.353   -0.00048    6.57732    9.39964  286.84499     9.2674   14.85337 5.2968e-02     0.2995     0.8824 0.0000e+00
        702 260.684263    0.04870     2.9219    175.312     93.899  49159.773    31.1287     9.2686     93.000     9.2551    24.0485     5.2920     7.5628     80.443    230.790    236.340   -0.00054    6.57856    9.40142  286.89900     9.2589   14.85595 5.2980e-02     0.2991     0.9768 0.0000e+00
        707 260.684277    0.04903     2.9419    176.517     94.909  49163.168    31.1296     9.2612     94.000     9.2481    24.0504     5.2916     7.5622     80.424    230.772    236.322   -0.00052    6.57961    9.40293  286.94435     9.2513   14.85812 5.2987e-02     0.3076     0.9294 0.0000e+00
        712 260.684290    0.04935     2.9611    177.663     95.918  49165.231    31.1296     9.2534     95.000     9.2408    24.0516     5.2923     7.5633     80.422    230.805    236.356   -0.00044    6.58075    9.40456  286.99388     9.2433   14.86048 5.2949e-02     0.3016     0.9090 0.0000e+00
        716 260.684304    0.04968     2.9812    178.871     96.929  49170.379    31.1321     9.2490     96.000     9.2389    24.0542     5.2963     7.5689     80.475    230.975    236.531   -0.00008    6.58127    9.40529  287.01559     9.2390   14.86151 5.2909e-02     0.2996     0.9274 0.0000e+00
        721 260.684317    0.05000     3.0001    180.007     97.938  49171.599    31.1326     9.2491     97.000     9.2387    24.0546     5.3003     7.5746     80.536    231.150    236.711    0.00028    6.58124    9.40525  287.01429     9.2389   14.86145 5.2866e-02     0.2967     0.9332 0.0000e+00
        726 260.684331    0.05034     3.0201    181.204     98.949  49169.559    31.1305     9.2473     98.000     9.2347    24.0533     5.2977     7.5710     80.493    231.039    236.596   -0.00007    6.58160    9.40576  287.03018     9.2370   14.86222 5.2840e-02     0.2754     0.8955 0.0000e+00
        730 260.684344    0.05065     3.0389    182.333     99.959  49171.751    31.1309     9.2422     99.000     9.2307    24.0544     5.2921     7.5629     80.398    230.792    236.344   -0.00070    6.58232    9.40681  287.06158     9.2318   14.86372 5.2832e-02     0.2692     0.8870 0.0000e+00
        735 260.684358    0.05098     3.0588    183.525    100.968  49174.508    31.1322     9.2410    100.000     9.2306    24.0557     5.2956     7.5680     80.451    230.948    236.503   -0.00030    6.58245    9.40698  287.06648     9.2305   14.86395 5.2837e-02     0.2749     0.8901 0.0000e+00
        740 260.684371    0.05131     3.0783    184.698    101.978  49174.295    31.1316     9.2407    101.000     9.2294    24.0552     5.3025     7.5778     80.554    231.246    236.809    0.00036    6.58252    9.40708  287.06970     9.2301   14.86410 5.2813e-02     0.2791     0.8757 0.0000e+00
        745 260.684386    0.05164     3.0984    185.905    102.989  49176.806    31.1327     9.2392    102.000     9.2285    24.0563     5.3030     7.5786     80.560    231.270    236.834    0.00027    6.58269    9.40731  287.07662     9.2285   14.86443 5.2773e-02     0.2900     0.8718 0.0000e+00
        749 260.684399    0.05196     3.1178    187.068    103.999  49178.771    31.1338     9.2398    103.000     9.2290    24.0571     5.2977     7.5709     80.481    231.037    236.595   -0.00034    6.58255    9.40712  287.07058     9.2290   14.86413 5.2738e-02     0.2992     0.8673 0.0000e+00
        754 260.684413    0.05230     3.1379    188.275    105.008  49178.151    31.1327     9.2386    104.000     9.2259    24.0565     5.2953     7.5675     80.441    230.931    236.487   -0.00053    6.58277    9.40744  287.08035     9.2277   14.86461 5.2747e-02     0.3050     0.8693 0.0000e+00
        759 260.684427    0.05263     3.1579    189.472    106.018  49179.474    31.1325     9.2334    105.000     9.2192    24.0571     5.2938     7.5654     80.409    230.866    236.420   -0.00059    6.58355    9.40854  287.11397     9.2224   14.86621 5.2733e-02     0.3043     0.8719 0.0000e+00
        764 260.684441    0.05296     3.1776    190.655    107.028  49181.463    31.1322     9.2245    106.000     9.2075    24.0583     5.2927     7.5638     80.377    230.820    236.373   -0.00064    6.58485    9.41041  287.17059     9.2134   14.86892 5.2704e-02     0.3070     0.8888 0.0000e+00
        768 260.684454    0.05328     3.1971    191.828    108.038  49188.300    31.1346     9.2101    107.000     9.1923    24.0624     5.2892     7.5587     80.298    230.663    236.213   -0.00094    6.58685    9.41327  287.25688     9.1989   14.87304 5.2671e-02     0.3042     0.9116 0.0000e+00
