CTD-processing/allCTD/CNV/2018_12-06_t9_s01_cast035_4141.cnv
* Sea-Bird SBE19plus Data File:
* FileName = C:\Users\Kim.Powell\Desktop\Not Processed\2018\2018_12-06_AlongBay, T9_4141\2018_12-06_TRANSECT_STATION_cast035.hex
* Software Version 1.59
* Temperature SN =  4141
* Conductivity SN =  4141
* System UpLoad Time = Jan 10 2019 09:57:11
** 2018_12-06
** Station: 9-01
** Start Time: 14:28
** Depth (m): 67
** Comment: halfway between convergence zones
** Comment:
# nquan = 27
# nvalues = 66                          
# units = specified
# name 0 = scan: Scan Count
# name 1 = timeJ: Julian Days
# name 2 = timeH: Time, Elapsed [hours]
# name 3 = timeM: Time, Elapsed [minutes]
# name 4 = timeS: Time, Elapsed [seconds]
# name 5 = prdM: Pressure, Strain Gauge [db]
# name 6 = specc: Specific Conductance [uS/cm]
# name 7 = sal00: Salinity, Practical [PSU]
# name 8 = tv290C: Temperature [ITS-90, deg C]
# name 9 = depSM: Depth [salt water, m], lat = 59.00
# name 10 = potemp090C: Potential Temperature [ITS-90, deg C]
# name 11 = sigma-é00: Density [sigma-theta, kg/m^3]
# name 12 = sbeox0ML/L: Oxygen, SBE 43 [ml/l]
# name 13 = sbeox0Mg/L: Oxygen, SBE 43 [mg/l]
# name 14 = sbeox0PS: Oxygen, SBE 43 [% saturation]
# name 15 = sbox0Mm/Kg: Oxygen, SBE 43 [umol/kg]
# name 16 = sbeox0Mm/L: Oxygen, SBE 43 [umol/l]
# name 17 = sbox0dV/dT: Oxygen, SBE 43 [dov/dt]
# name 18 = oxsolML/L: Oxygen Saturation, Garcia & Gordon [ml/l]
# name 19 = oxsolMg/L: Oxygen Saturation, Garcia & Gordon [mg/l]
# name 20 = oxsolMm/Kg: Oxygen Saturation, Garcia & Gordon [umol/kg]
# name 21 = n2satMg/L: Nitrogen Saturation [mg/l]
# name 22 = par: PAR/Irradiance, Biospherical/Licor
# name 23 = wetStar: Fluorescence, WET Labs WETstar [mg/m^3]
# name 24 = CStarAt0: Beam Attenuation, WET Labs C-Star [1/m]
# name 25 = CStarTr0: Beam Transmission, WET Labs C-Star [%]
# name 26 = flag: flag
# span 0 =        260,        581       
# span 1 = 340.603596, 340.604527       
# span 2 =    0.01796,    0.04031       
# span 3 =     1.0775,     2.4186       
# span 4 =     64.651,    145.119       
# span 5 =      1.020,     66.623       
# span 6 =  48994.213,  49326.286       
# span 7 =    30.7686,    31.0306       
# span 8 =     7.3754,     7.7306       
# span 9 =      1.000,     66.000       
# span 10 =     7.3746,     7.7246      
# span 11 =    24.0381,    24.1968      
# span 12 =     6.0504,     6.4861      
# span 13 =     8.6467,     9.2694      
# span 14 =     88.788,     94.277      
# span 15 =    263.831,    282.869      
# span 16 =    270.214,    289.671      
# span 17 =   -0.00162,    0.12524      
# span 18 =    6.81447,    6.88179      
# span 19 =    9.73857,    9.83477      
# span 20 =  297.14491,  300.12648      
# span 21 =   15.34573,   15.48906      
# span 22 = 3.6167e-02, 2.9942e+01      
# span 23 =     0.2729,     0.3352      
# span 24 =     0.4510,     1.0812      
# span 25 =    76.3153,    89.3370      
# span 26 = 0.0000e+00, 0.0000e+00      
# interval = meters: 1                  
# start_time = Dec 06 2018 14:28:06 [Instrument's time stamp, header]
# bad_flag = -9.990e-29
*END*
        260 340.603596    0.01796     1.0775     64.651      1.020  49012.855    30.7836     7.3831      1.000     7.3864    24.0489     6.4861     9.2694     94.277    282.869    289.671    0.12524    6.87990    9.83207  300.04092   15.48491 2.9942e+01     0.2972     0.6679    84.6210 0.0000e+00
        264 340.603609    0.01829     1.0976     65.856      2.018  48999.443    30.7745     7.3871      2.000     7.3833    24.0412     6.3585     9.0868     92.423    277.300    283.966    0.07566    6.87969    9.83176  300.03378   15.48460 2.1709e+01     0.3064     0.6782    84.4041 0.0000e+00
        269 340.603624    0.01863     1.1179     67.077      3.030  48994.213    30.7686     7.3754      3.000     7.3746    24.0381     6.2496     8.9313     90.813    272.555    279.107    0.04167    6.88179    9.83477  300.12648   15.48906 1.7663e+01     0.3044     0.6831    84.3007 0.0000e+00
        274 340.603637    0.01896     1.1374     68.244      4.039  49158.980    30.8889     7.4137      4.000     7.4633    24.1275     6.1835     8.8368     90.003    269.650    276.156    0.02403    6.87034    9.81840  299.60060   15.46347 1.5670e+01     0.3057     0.6748    84.4767 0.0000e+00
        279 340.603651    0.01928     1.1567     69.399      5.044  49156.663    30.9027     7.5108      5.000     7.5266    24.1252     6.1669     8.8131     89.969    268.925    275.412    0.01674    6.85444    9.79568  298.90789   15.43036 1.3950e+01     0.3143     0.6151    85.7475 0.0000e+00
        284 340.603665    0.01963     1.1780     70.681      6.064  49144.205    30.8984     7.5407      6.000     7.5412    24.1179     6.1391     8.7734     89.623    267.714    274.172    0.00915    6.84994    9.78925  298.71401   15.42113 1.2410e+01     0.3074     0.5662    86.8005 0.0000e+00
        288 340.603678    0.01994     1.1963     71.777      7.063  49139.198    30.8943     7.5392      7.000     7.5367    24.1148     6.1252     8.7536     89.415    267.112    273.553    0.00511    6.85035    9.78984  298.73298   15.42205 1.0725e+01     0.3237     0.5317    87.5549 0.0000e+00
        293 340.603692    0.02027     1.2162     72.975      8.077  49145.475    30.8978     7.5371      8.000     7.5365    24.1179     6.1157     8.7399     89.273    266.694    273.127    0.00253    6.85053    9.79008  298.73945   15.42235 9.3905e+00     0.3174     0.5094    88.0421 0.0000e+00
        298 340.603705    0.02060     1.2356     74.135      9.084  49145.568    30.8975     7.5372      9.000     7.5363    24.1176     6.1189     8.7445     89.319    266.833    273.268    0.00191    6.85053    9.79009  298.73974   15.42236 8.1472e+00     0.3135     0.5000    88.2491 0.0000e+00
        302 340.603719    0.02093     1.2557     75.344     10.096  49149.745    30.9000     7.5382     10.000     7.5381    24.1196     6.1232     8.7507     89.386    267.021    273.462    0.00166    6.85027    9.78972  298.72785   15.42179 7.0424e+00     0.3131     0.4954    88.3520 0.0000e+00
        307 340.603733    0.02124     1.2747     76.481     11.104  49149.773    30.8998     7.5394     11.000     7.5384    24.1193     6.1203     8.7465     89.346    266.894    273.331    0.00095    6.85008    9.78945  298.71974   15.42140 6.0316e+00     0.3092     0.4975    88.3050 0.0000e+00
        312 340.603746    0.02158     1.2945     77.672     12.112  49149.206    30.8989     7.5391     12.000     7.5377    24.1186     6.1164     8.7409     89.287    266.723    273.156    0.00021    6.85017    9.78957  298.72355   15.42159 5.2105e+00     0.3184     0.4960    88.3385 0.0000e+00
        317 340.603761    0.02193     1.3159     78.955     13.127  49152.203    30.9005     7.5385     13.000     7.5382    24.1199     6.1118     8.7344     89.221    266.526    272.954   -0.00033    6.85019    9.78961  298.72439   15.42162 4.4740e+00     0.3096     0.4915    88.4385 0.0000e+00
        321 340.603774    0.02224     1.3347     80.082     14.130  49156.545    30.9035     7.5418     14.000     7.5417    24.1219     6.1135     8.7369     89.255    266.602    273.032   -0.00020    6.84955    9.78869  298.69576   15.42024 3.8319e+00     0.3352     0.5021    88.2026 0.0000e+00
        326 340.603788    0.02258     1.3549     81.297     15.143  49154.329    30.9018     7.5431     15.000     7.5414    24.1203     6.1207     8.7471     89.361    266.912    273.350    0.00056    6.84942    9.78851  298.69058   15.42000 3.2820e+00     0.3087     0.4988    88.2752 0.0000e+00
        331 340.603802    0.02292     1.3750     82.500     16.152  49155.337    30.9020     7.5428     16.000     7.5411    24.1205     6.1140     8.7375     89.262    266.619    273.050   -0.00031    6.84945    9.78855  298.69189   15.42007 2.8153e+00     0.3171     0.4914    88.4395 0.0000e+00
        336 340.603816    0.02325     1.3954     83.721     17.162  49156.576    30.9023     7.5421     17.000     7.5404    24.1209     6.1137     8.7371     89.258    266.608    273.039   -0.00030    6.84954    9.78868  298.69577   15.42025 2.4243e+00     0.3132     0.4843    88.5970 0.0000e+00
        341 340.603830    0.02358     1.4149     84.892     18.169  49169.986    30.9113     7.5429     18.000     7.5452    24.1279     6.1131     8.7362     89.255    266.579    273.012   -0.00035    6.84902    9.78793  298.67097   15.41903 2.0805e+00     0.3063     0.4878    88.5214 0.0000e+00
        345 340.603844    0.02392     1.4350     86.100     19.181  49188.461    30.9256     7.5548     19.000     7.5578    24.1375     6.1210     8.7476     89.403    266.922    273.365    0.00061    6.84651    9.78435  298.55882   15.41362 1.7855e+00     0.3135     0.4720    88.8697 0.0000e+00
        350 340.603858    0.02426     1.4556     87.335     20.190  49187.271    30.9258     7.5638     20.000     7.5635    24.1364     6.1250     8.7533     89.481    267.098    273.546    0.00082    6.84509    9.78232  298.49712   15.41067 1.5407e+00     0.3128     0.4604    89.1267 0.0000e+00
        355 340.603872    0.02459     1.4756     88.537     21.199  49186.027    30.9249     7.5660     21.000     7.5644    24.1354     6.1197     8.7457     89.407    266.867    273.308    0.00013    6.84480    9.78190  298.48454   15.41008 1.3271e+00     0.3108     0.4631    89.0687 0.0000e+00
        360 340.603886    0.02493     1.4959     89.755     22.207  49189.998    30.9273     7.5673     22.000     7.5666    24.1372     6.1099     8.7317     89.268    266.439    272.869   -0.00080    6.84448    9.78144  298.46998   15.40937 1.1465e+00     0.3345     0.4581    89.1796 0.0000e+00
        365 340.603901    0.02529     1.5173     91.037     23.221  49203.263    30.9369     7.5721     23.000     7.5740    24.1441     6.1115     8.7340     89.307    266.507    272.942   -0.00050    6.84331    9.77977  298.41725   15.40682 9.8989e-01     0.3100     0.4532    89.2899 0.0000e+00
        370 340.603914    0.02561     1.5364     92.185     24.227  49210.092    30.9429     7.5823     24.000     7.5833    24.1474     6.1171     8.7419     89.412    266.746    273.187    0.00036    6.84144    9.77710  298.33469   15.40286 8.5511e-01     0.3084     0.4558    89.2296 0.0000e+00
        375 340.603928    0.02595     1.5569     93.412     25.237  49213.745    30.9462     7.5895     25.000     7.5895    24.1490     6.1115     8.7339     89.347    266.502    272.938   -0.00022    6.84018    9.77529  298.27913   15.40019 7.4439e-01     0.3109     0.4510    89.3370 0.0000e+00
        380 340.603943    0.02630     1.5781     94.685     26.250  49215.842    30.9480     7.5951     26.000     7.5945    24.1497     6.1097     8.7313     89.333    266.424    272.858   -0.00025    6.83921    9.77391  298.23652   15.39815 6.4341e-01     0.3109     0.4548    89.2529 0.0000e+00
        384 340.603956    0.02662     1.5973     95.838     27.254  49213.795    30.9467     7.5982     27.000     7.5956    24.1482     6.1101     8.7319     89.345    266.443    272.877   -0.00034    6.83878    9.77330  298.21837   15.39729 5.5673e-01     0.3074     0.4620    89.0914 0.0000e+00
        389 340.603971    0.02697     1.6180     97.083     28.266  49221.003    30.9514     7.5989     28.000     7.5988    24.1518     6.1163     8.7407     89.439    266.710    273.152    0.00042    6.83846    9.77284  298.20328   15.39655 4.8113e-01     0.3114     0.4541    89.2687 0.0000e+00
        394 340.603984    0.02729     1.6377     98.263     29.274  49230.568    30.9588     7.6064     29.000     7.6080    24.1566     6.1126     8.7355     89.406    266.550    272.989   -0.00000    6.83696    9.77069  298.13645   15.39333 4.1590e-01     0.3102     0.4722    88.8642 0.0000e+00
        399 340.603999    0.02764     1.6582     99.492     30.284  49239.857    30.9667     7.6185     30.000     7.6206    24.1613     6.1145     8.7383     89.463    266.634    273.075    0.00025    6.83471    9.76748  298.03689   15.38855 3.5854e-01     0.2971     0.5063    88.1102 0.0000e+00
        404 340.604014    0.02800     1.6796    100.777     31.295  49228.616    30.9596     7.6258     31.000     7.6222    24.1547     6.1154     8.7394     89.485    266.670    273.112    0.00031    6.83389    9.76631  298.00323   15.38697 3.0664e-01     0.3008     0.5218    87.7707 0.0000e+00
        409 340.604029    0.02835     1.7012    102.073     32.305  49232.595    30.9618     7.6248     32.000     7.6232    24.1565     6.1056     8.7255     89.343    266.245    272.677   -0.00073    6.83394    9.76638  298.00509   15.38705 2.6203e-01     0.2973     0.5261    87.6769 0.0000e+00
        415 340.604044    0.02872     1.7230    103.381     33.314  49257.523    30.9807     7.6374     33.000     7.6418    24.1697     6.1060     8.7261     89.385    266.259    272.694   -0.00035    6.83114    9.76238  297.87896   15.38095 2.2432e-01     0.2936     0.5773    86.5645 0.0000e+00
        420 340.604059    0.02909     1.7450    104.699     34.324  49248.085    30.9758     7.6507     34.000     7.6482    24.1641     6.1012     8.7193     89.340    266.053    272.482   -0.00044    6.82929    9.75973  297.79982   15.37720 1.8755e-01     0.3030     0.6583    84.8277 0.0000e+00
        425 340.604074    0.02945     1.7671    106.024     35.333  49251.445    30.9780     7.6526     35.000     7.6506    24.1655     6.0870     8.6989     89.135    265.431    271.846   -0.00162    6.82889    9.75916  297.78189   15.37634 1.5640e-01     0.2874     0.6893    84.1708 0.0000e+00
        430 340.604090    0.02981     1.7889    107.336     36.347  49248.674    30.9760     7.6544     36.000     7.6509    24.1636     6.0872     8.6992     89.142    265.442    271.855   -0.00118    6.82869    9.75888  297.77387   15.37596 1.3151e-01     0.3012     0.6976    83.9960 0.0000e+00
        435 340.604103    0.03014     1.8084    108.505     37.349  49255.695    30.9806     7.6560     37.000     7.6536    24.1672     6.0904     8.7038     89.194    265.577    271.995   -0.00055    6.82822    9.75823  297.75278   15.37493 1.1106e-01     0.3071     0.7110    83.7161 0.0000e+00
        441 340.604119    0.03053     1.8316    109.894     38.362  49245.612    30.9729     7.6545     38.000     7.6488    24.1613     6.0849     8.6959     89.106    265.341    271.752   -0.00095    6.82881    9.75905  297.78000   15.37626 9.4698e-02     0.2885     0.6970    84.0083 0.0000e+00
        446 340.604135    0.03091     1.8548    111.286     39.372  49247.025    30.9729     7.6507     39.000     7.6468    24.1618     6.0850     8.6961     89.100    265.345    271.756   -0.00069    6.82942    9.75991  297.80603   15.37751 8.1064e-02     0.2898     0.7205    83.5168 0.0000e+00
        451 340.604150    0.03127     1.8762    112.572     40.381  49265.945    30.9862     7.6543     40.000     7.6555    24.1717     6.0874     8.6995     89.150    265.446    271.863   -0.00022    6.82825    9.75825  297.75244   15.37490 7.0309e-02     0.2876     0.7308    83.3013 0.0000e+00
        457 340.604166    0.03165     1.8986    113.916     41.390  49260.747    30.9835     7.6631     41.000     7.6597    24.1684     6.0819     8.6916     89.086    265.208    271.618   -0.00059    6.82701    9.75647  297.69917   15.37237 6.1687e-02     0.2945     0.7458    82.9895 0.0000e+00
        462 340.604182    0.03204     1.9224    115.346     42.402  49257.216    30.9805     7.6625     42.000     7.6580    24.1662     6.0846     8.6955     89.123    265.327    271.739   -0.00024    6.82722    9.75678  297.70912   15.37285 5.4975e-02     0.2927     0.7359    83.1958 0.0000e+00
        468 340.604197    0.03241     1.9444    116.662     43.411  49260.577    30.9823     7.6618     43.000     7.6585    24.1677     6.0818     8.6915     89.081    265.205    271.614   -0.00052    6.82726    9.75683  297.71030   15.37290 4.9733e-02     0.3197     0.7308    83.3011 0.0000e+00
        473 340.604212    0.03275     1.9649    117.897     44.422  49263.228    30.9840     7.6639     44.000     7.6604    24.1688     6.0892     8.7021     89.195    265.527    271.944    0.00027    6.82686    9.75626  297.69256   15.37205 4.5578e-02     0.2879     0.7452    83.0032 0.0000e+00
        477 340.604225    0.03307     1.9843    119.056     45.427  49263.633    30.9840     7.6647     45.000     7.6624    24.1687     6.0882     8.7007     89.183    265.484    271.901    0.00016    6.82673    9.75608  297.68705   15.37178 4.2365e-02     0.2918     0.7614    82.6677 0.0000e+00
        483 340.604241    0.03344     2.0066    120.395     46.443  49304.140    31.0141     7.6796     46.000     7.6840    24.1903     6.0694     8.6737     88.953    264.655    271.057   -0.00132    6.82306    9.75083  297.52072   15.36373 3.9819e-02     0.3024     0.7664    82.5657 0.0000e+00
        487 340.604254    0.03376     2.0257    121.542     47.447  49294.530    31.0084     7.6885     47.000     7.6886    24.1846     6.0772     8.6849     89.083    264.998    271.407   -0.00038    6.82192    9.74921  297.47273   15.36146 3.7712e-02     0.2798     0.8145    81.5766 0.0000e+00
        492 340.604268    0.03411     2.0462    122.774     48.458  49306.817    31.0190     7.7042     48.000     7.7026    24.1908     6.0761     8.6834     89.105    264.949    271.358   -0.00001    6.81901    9.74505  297.34408   15.35527 3.6220e-02     0.2746     0.8388    81.0830 0.0000e+00
        497 340.604283    0.03445     2.0673    124.037     49.469  49306.484    31.0191     7.7090     49.000     7.7059    24.1902     6.0580     8.6574     88.849    264.160    270.549   -0.00159    6.81825    9.74397  297.31136   15.35372 3.6167e-02     0.2860     0.8740    80.3716 0.0000e+00
        502 340.604297    0.03479     2.0878    125.267     50.479  49309.122    31.0210     7.7123     50.000     7.7089    24.1913     6.0642     8.6664     88.949    264.431    270.828   -0.00058    6.81766    9.74312  297.28502   15.35245 3.6170e-02     0.2832     0.8948    79.9545 0.0000e+00
        507 340.604311    0.03513     2.1080    126.479     51.486  49315.241    31.0256     7.7168     51.000     7.7141    24.1942     6.0635     8.6652     88.949    264.396    270.792   -0.00060    6.81676    9.74184  297.24509   15.35052 3.6170e-02     0.2816     0.9224    79.4064 0.0000e+00
        512 340.604326    0.03550     2.1296    127.778     52.498  49316.854    31.0269     7.7209     52.000     7.7174    24.1947     6.0667     8.6699     89.006    264.538    270.938    0.00001    6.81606    9.74083  297.21416   15.34904 3.6170e-02     0.2786     0.9492    78.8753 0.0000e+00
        517 340.604341    0.03584     2.1508    129.045     53.510  49319.106    31.0286     7.7247     53.000     7.7208    24.1956     6.0669     8.6702     89.018    264.547    270.947   -0.00003    6.81539    9.73987  297.18463   15.34763 3.6170e-02     0.2785     0.9681    78.5047 0.0000e+00
