CTD-processing/allCTD/CNV/2018_12-06_t9_s02_cast036_4141.cnv
* Sea-Bird SBE19plus Data File:
* FileName = C:\Users\Kim.Powell\Desktop\Not Processed\2018\2018_12-06_AlongBay, T9_4141\2018_12-06_TRANSECT_STATION_cast036.hex
* Software Version 1.59
* Temperature SN =  4141
* Conductivity SN =  4141
* System UpLoad Time = Jan 10 2019 09:58:03
** 2018_12-06
** Station: 9-02
** Start Time: 14:41
** Depth (m): 81
** Comment:
** Comment:
# nquan = 27
# nvalues = 79                          
# units = specified
# name 0 = scan: Scan Count
# name 1 = timeJ: Julian Days
# name 2 = timeH: Time, Elapsed [hours]
# name 3 = timeM: Time, Elapsed [minutes]
# name 4 = timeS: Time, Elapsed [seconds]
# name 5 = prdM: Pressure, Strain Gauge [db]
# name 6 = specc: Specific Conductance [uS/cm]
# name 7 = sal00: Salinity, Practical [PSU]
# name 8 = tv290C: Temperature [ITS-90, deg C]
# name 9 = depSM: Depth [salt water, m], lat = 59.00
# name 10 = potemp090C: Potential Temperature [ITS-90, deg C]
# name 11 = sigma-é00: Density [sigma-theta, kg/m^3]
# name 12 = sbeox0ML/L: Oxygen, SBE 43 [ml/l]
# name 13 = sbeox0Mg/L: Oxygen, SBE 43 [mg/l]
# name 14 = sbeox0PS: Oxygen, SBE 43 [% saturation]
# name 15 = sbox0Mm/Kg: Oxygen, SBE 43 [umol/kg]
# name 16 = sbeox0Mm/L: Oxygen, SBE 43 [umol/l]
# name 17 = sbox0dV/dT: Oxygen, SBE 43 [dov/dt]
# name 18 = oxsolML/L: Oxygen Saturation, Garcia & Gordon [ml/l]
# name 19 = oxsolMg/L: Oxygen Saturation, Garcia & Gordon [mg/l]
# name 20 = oxsolMm/Kg: Oxygen Saturation, Garcia & Gordon [umol/kg]
# name 21 = n2satMg/L: Nitrogen Saturation [mg/l]
# name 22 = par: PAR/Irradiance, Biospherical/Licor
# name 23 = wetStar: Fluorescence, WET Labs WETstar [mg/m^3]
# name 24 = CStarAt0: Beam Attenuation, WET Labs C-Star [1/m]
# name 25 = CStarTr0: Beam Transmission, WET Labs C-Star [%]
# name 26 = flag: flag
# span 0 =        169,        637       
# span 1 = 340.611839, 340.613194       
# span 2 =    0.01164,    0.04416       
# span 3 =     0.6985,     2.6496       
# span 4 =     41.909,    158.979       
# span 5 =      1.018,     79.759       
# span 6 =  48971.177,  49410.690       
# span 7 =    30.7325,    31.0954       
# span 8 =     7.2489,     7.8163       
# span 9 =      1.000,     79.000       
# span 10 =     7.2798,     7.8117      
# span 11 =    24.0265,    24.2356      
# span 12 =     6.0455,     6.2020      
# span 13 =     8.6396,     8.8632      
# span 14 =     88.803,     89.838      
# span 15 =    263.602,    270.480      
# span 16 =    269.990,    276.979      
# span 17 =   -0.00176,    0.02041      
# span 18 =    6.79821,    6.90351      
# span 19 =    9.71532,    9.86581      
# span 20 =  296.42412,  301.07716      
# span 21 =   15.31106,   15.53455      
# span 22 = 3.6169e-02, 2.0735e+01      
# span 23 =     0.2560,     0.3816      
# span 24 =     0.4128,     1.2027      
# span 25 =    74.0362,    90.1954      
# span 26 = 0.0000e+00, 0.0000e+00      
# interval = meters: 1                  
# start_time = Dec 06 2018 14:40:21 [Instrument's time stamp, header]
# bad_flag = -9.990e-29
*END*
[from data line 54]
        522 340.612861    0.03616     2.1696    130.178     55.529  49282.599    30.9902     7.6494     55.000     7.6455    24.1758     6.1160     8.7403     89.561    266.691    273.138   -0.00020    6.82884    9.75909  297.77690   15.37605 3.6169e-02     0.2826     0.4386    89.6154 0.0000e+00
        526 340.612873    0.03646     2.1874    131.244     56.531  49285.264    30.9920     7.6518     56.000     7.6480    24.1769     6.1136     8.7369     89.532    266.587    273.032   -0.00044    6.82838    9.75844  297.75663   15.37507 3.6170e-02     0.2944     0.4428    89.5202 0.0000e+00
        531 340.612888    0.03681     2.2085    132.508     57.550  49289.470    30.9951     7.6558     57.000     7.6518    24.1788     6.1198     8.7458     89.633    266.858    273.310    0.00022    6.82762    9.75735  297.72288   15.37345 3.6170e-02     0.2822     0.4382    89.6248 0.0000e+00
        535 340.612900    0.03711     2.2269    133.613     58.550  49298.294    31.0014     7.6589     58.000     7.6574    24.1833     6.1136     8.7369     89.552    266.587    273.034   -0.00033    6.82686    9.75626  297.68829   15.37178 3.6170e-02     0.2880     0.4436    89.5020 0.0000e+00
        541 340.612916    0.03748     2.2486    134.915     59.568  49298.733    31.0024     7.6666     59.000     7.6629    24.1831     6.1115     8.7339     89.538    266.494    272.939   -0.00039    6.82561    9.75449  297.63423   15.36919 3.6170e-02     0.2799     0.4395    89.5944 0.0000e+00
        545 340.612930    0.03781     2.2687    136.123     60.574  49302.639    31.0055     7.6715     60.000     7.6682    24.1848     6.1072     8.7278     89.486    266.307    272.747   -0.00069    6.82471    9.75320  297.59434   15.36728 3.6170e-02     0.2786     0.4454    89.4632 0.0000e+00
        550 340.612944    0.03815     2.2891    137.344     61.584  49307.566    31.0096     7.6785     61.000     7.6750    24.1871     6.1122     8.7350     89.577    266.527    272.973   -0.00001    6.82344    9.75137  297.53817   15.36458 3.6170e-02     0.2900     0.4522    89.3091 0.0000e+00
        555 340.612958    0.03849     2.3092    138.554     62.596  49309.749    31.0114     7.6834     62.000     7.6796    24.1879     6.1101     8.7319     89.556    266.432    272.876   -0.00002    6.82261    9.75018  297.50160   15.36282 3.6170e-02     0.2759     0.4647    89.0318 0.0000e+00
        560 340.612972    0.03882     2.3291    139.749     63.606  49312.044    31.0133     7.6879     63.000     7.6833    24.1887     6.1005     8.7183     89.426    266.014    272.449   -0.00093    6.82180    9.74904  297.46634   15.36113 3.6170e-02     0.2904     0.4744    88.8167 0.0000e+00
        564 340.612984    0.03913     2.3475    140.848     64.611  49310.069    31.0118     7.6900     64.000     7.6842    24.1873     6.0958     8.7115     89.361    265.809    272.238   -0.00115    6.82154    9.74866  297.45516   15.36061 3.6170e-02     0.2808     0.4746    88.8128 0.0000e+00
        569 340.612998    0.03945     2.3672    142.030     65.626  49317.099    31.0164     7.6909     65.000     7.6872    24.1908     6.0966     8.7128     89.378    265.846    272.277   -0.00077    6.82120    9.74818  297.43957   15.35985 3.6170e-02     0.2793     0.4769    88.7605 0.0000e+00
        574 340.613011    0.03978     2.3867    143.202     66.632  49326.534    31.0237     7.6978     66.000     7.6940    24.1955     6.1002     8.7178     89.448    265.997    272.433   -0.00023    6.81980    9.74617  297.37685   15.35682 3.6170e-02     0.2750     0.4783    88.7295 0.0000e+00
        579 340.613026    0.04012     2.4072    144.433     67.644  49328.988    31.0256     7.7022     67.000     7.6983    24.1965     6.1045     8.7239     89.522    266.187    272.627    0.00027    6.81903    9.74508  297.34316   15.35521 3.6170e-02     0.2841     0.4744    88.8150 0.0000e+00
        584 340.613040    0.04046     2.4276    145.656     68.656  49338.840    31.0333     7.7100     68.000     7.7080    24.2015     6.1026     8.7212     89.513    266.101    272.541    0.00001    6.81749    9.74287  297.27432   15.35189 3.6170e-02     0.2847     0.4839    88.6052 0.0000e+00
        588 340.613054    0.04078     2.4470    146.821     69.659  49350.794    31.0429     7.7206     69.000     7.7205    24.2075     6.0998     8.7173     89.501    265.979    272.418   -0.00006    6.81541    9.73991  297.18218   15.34745 3.6170e-02     0.2828     0.5217    87.7723 0.0000e+00
        593 340.613068    0.04113     2.4680    148.081     70.673  49348.020    31.0429     7.7354     70.000     7.7303    24.2055     6.0953     8.7109     89.465    265.784    272.217   -0.00032    6.81309    9.73660  297.08182   15.34267 3.6170e-02     0.2829     0.5651    86.8239 0.0000e+00
        598 340.613082    0.04147     2.4883    149.299     71.685  49354.062    31.0471     7.7384     71.000     7.7347    24.2084     6.0789     8.6873     89.232    265.066    271.482   -0.00156    6.81245    9.73568  297.05292   15.34127 3.6170e-02     0.2753     0.5971    86.1337 0.0000e+00
        603 340.613096    0.04180     2.5077    150.460     72.690  49359.805    31.0518     7.7458     72.000     7.7422    24.2111     6.0747     8.6814     89.189    264.884    271.298   -0.00158    6.81109    9.73373  296.99275   15.33838 3.6170e-02     0.2736     0.6360    85.2996 0.0000e+00
        608 340.613111    0.04216     2.5295    151.769     73.704  49365.279    31.0565     7.7538     73.000     7.7507    24.2137     6.0717     8.6771     89.163    264.751    271.162   -0.00116    6.80963    9.73163  296.92824   15.33528 3.6170e-02     0.2681     0.6780    84.4101 0.0000e+00
        613 340.613124    0.04248     2.5487    152.920     74.713  49384.481    31.0713     7.7654     74.000     7.7657    24.2237     6.0693     8.6737     89.161    264.646    271.057   -0.00099    6.80718    9.72814  296.81866   15.32999 3.6170e-02     0.2723     0.7836    82.2117 0.0000e+00
        617 340.613137    0.04279     2.5672    154.032     75.717  49380.762    31.0703     7.7781     75.000     7.7737    24.2212     6.0708     8.6757     89.208    264.710    271.122   -0.00046    6.80525    9.72539  296.73530   15.32602 3.6170e-02     0.2747     0.8811    80.2303 0.0000e+00
        623 340.613153    0.04317     2.5900    155.403     76.735  49384.592    31.0736     7.7852     76.000     7.7798    24.2228     6.0519     8.6488     88.946    263.886    270.279   -0.00176    6.80402    9.72362  296.68095   15.32341 3.6170e-02     0.2657     0.9243    79.3674 0.0000e+00
        627 340.613166    0.04349     2.6094    156.561     77.743  49401.914    31.0860     7.7901     77.000     7.7895    24.2320     6.0476     8.6427     88.900    263.698    270.087   -0.00144    6.80271    9.72175  296.62142   15.32052 3.6170e-02     0.2783     0.9647    78.5715 0.0000e+00
        632 340.613179    0.04379     2.6276    157.656     78.747  49409.009    31.0928     7.8046     78.000     7.8025    24.2353     6.0468     8.6415     88.922    263.661    270.051   -0.00126    6.80015    9.71810  296.50888   15.31512 3.6170e-02     0.2752     1.0723    76.4909 0.0000e+00
        637 340.613194    0.04416     2.6496    158.979     79.759  49410.690    31.0954     7.8163     79.000     7.8117    24.2356     6.0455     8.6396     88.928    263.602    269.990   -0.00063    6.79821    9.71532  296.42412   15.31106 3.6170e-02     0.2560     1.2027    74.0362 0.0000e+00
