CTD-processing/allCTD/CNV/2018_07-18_alongbay_skb05_cast159_5028.cnv
* Sea-Bird SBE19plus Data File:
* FileName = C:\Users\Kim.Powell\Desktop\Not Processed\2018\2018_07-18_AlongBay,T6,T7_5028\2018_07-18_TRANSECT_STATION_cast159.hex
* Software Version 1.59
* Temperature SN =  5028
* Conductivity SN =  5028
* System UpLoad Time = Jul 19 2018 13:28:18
** 2018_07-18
** Station: KB05
** Start Time: 14:56
** Depth (m): 171.2
** Comment:
** Comment:
# nquan = 27
# nvalues = 161                         
# units = specified
# name 0 = scan: Scan Count
# name 1 = timeJ: Julian Days
# name 2 = timeH: Time, Elapsed [hours]
# name 3 = timeM: Time, Elapsed [minutes]
# name 4 = timeS: Time, Elapsed [seconds]
# name 5 = prdM: Pressure, Strain Gauge [db]
# name 6 = specc: Specific Conductance [uS/cm]
# name 7 = sal00: Salinity, Practical [PSU]
# name 8 = tv290C: Temperature [ITS-90, deg C]
# name 9 = depSM: Depth [salt water, m], lat = 59.00
# name 10 = potemp090C: Potential Temperature [ITS-90, deg C]
# name 11 = sigma-é00: Density [sigma-theta, kg/m^3]
# name 12 = sbeox0ML/L: Oxygen, SBE 43 [ml/l]
# name 13 = sbeox0Mg/L: Oxygen, SBE 43 [mg/l]
# name 14 = sbeox0PS: Oxygen, SBE 43 [% saturation]
# name 15 = sbox0Mm/Kg: Oxygen, SBE 43 [umol/kg]
# name 16 = sbeox0Mm/L: Oxygen, SBE 43 [umol/l]
# name 17 = sbox0dV/dT: Oxygen, SBE 43 [dov/dt]
# name 18 = oxsolML/L: Oxygen Saturation, Garcia & Gordon [ml/l]
# name 19 = oxsolMg/L: Oxygen Saturation, Garcia & Gordon [mg/l]
# name 20 = oxsolMm/Kg: Oxygen Saturation, Garcia & Gordon [umol/kg]
# name 21 = potemp090C: Potential Temperature [ITS-90, deg C]
# name 22 = n2satMg/L: Nitrogen Saturation [mg/l]
# name 23 = par: PAR/Irradiance, Biospherical/Licor
# name 24 = flECO-AFL: Fluorescence, WET Labs ECO-AFL/FL [mg/m^3]
# name 25 = turbWETntu0: Turbidity, WET Labs ECO [NTU]
# name 26 = flag: flag
# span 0 =        330,       1063       
# span 1 = 199.623648, 199.625769       
# span 2 =    0.02282,    0.07374       
# span 3 =     1.3688,     4.4242       
# span 4 =     82.130,    265.452       
# span 5 =      1.009,    162.584       
# span 6 =  44872.077,  50303.078       
# span 7 =    28.4116,    31.6004       
# span 8 =     7.3365,    11.4763       
# span 9 =      1.000,    161.000       
# span 10 =     7.3192,    11.4317      
# span 11 =    21.5698,    24.6990      
# span 12 =     6.0525,     6.6653      
# span 13 =     8.6497,     9.5254      
# span 14 =     88.426,    104.488      
# span 15 =    263.797,    291.388      
# span 16 =    270.309,    297.673      
# span 17 =   -0.01296,    0.04019      
# span 18 =    6.37901,    6.85050      
# span 19 =    9.11624,    9.79004      
# span 20 =  278.87122,  298.56883      
# span 21 =     7.3218,    11.4762      
# span 22 =   14.48289,   15.41136      
# span 23 = 5.4282e-02, 6.2838e+02      
# span 24 =     0.2690,     1.9768      
# span 25 =     0.3399,     3.2497      
# span 26 = 0.0000e+00, 0.0000e+00      
# interval = meters: 1                  
# start_time = Jul 18 2018 14:56:41 [Instrument's time stamp, header]
# bad_flag = -9.990e-29
*END*
[from data line 54]
        567 199.624334    0.03930     2.3575    141.448     55.526  49883.512    31.5450     8.5157     55.000     8.5122    24.4876     6.3045     9.0097     94.491    274.829    281.559   -0.00128    6.67202    9.53499  290.85043     8.5101   15.04307 6.8708e-02     0.5955     0.3634 0.0000e+00
        571 199.624347    0.03960     2.3761    142.565     56.536  49887.516    31.5482     8.5211     56.000     8.5176    24.4893     6.3057     9.0114     94.522    274.879    281.611   -0.00081    6.67107    9.53362  290.80814     8.5155   15.04104 6.7305e-02     0.5894     0.3989 0.0000e+00
        576 199.624361    0.03994     2.3963    143.777     57.546  49890.035    31.5502     8.5254     57.000     8.5208    24.4902     6.3078     9.0144     94.565    274.972    281.707   -0.00034    6.67035    9.53259  290.77645     8.5196   15.03952 6.6109e-02     0.5766     0.3911 0.0000e+00
        581 199.624375    0.04027     2.4161    144.966     58.555  49887.949    31.5484     8.5266     58.000     8.5178    24.4887     6.3020     9.0061     94.480    274.719    281.447   -0.00072    6.67024    9.53244  290.77227     8.5208   15.03933 6.5067e-02     0.6034     0.3561 0.0000e+00
        586 199.624388    0.04060     2.4357    146.142     59.566  49876.000    31.5377     8.5140     59.000     8.4965    24.4822     6.2910     8.9905     94.282    274.244    280.959   -0.00167    6.67259    9.53580  290.87667     8.5081   15.04436 6.4184e-02     0.6245     0.3542 0.0000e+00
        590 199.624402    0.04093     2.4561    147.365     60.575  49877.257    31.5338     8.4853     60.000     8.4665    24.4834     6.2806     8.9757     94.063    273.791    280.494   -0.00247    6.67707    9.54220  291.07139     8.4793   15.05368 6.3416e-02     0.5932     0.3927 0.0000e+00
        595 199.624416    0.04125     2.4750    148.499     61.585  49868.855    31.5228     8.4538     61.000     8.4269    24.4794     6.2751     8.9678     93.907    273.550    280.247   -0.00269    6.68227    9.54963  291.29920     8.4478   15.06461 6.2691e-02     0.5804     0.4633 0.0000e+00
        599 199.624427    0.04153     2.4919    149.516     62.595  49850.709    31.5015     8.4007     62.000     8.3620    24.4705     6.2722     8.9636     93.738    273.425    280.116   -0.00296    6.69119    9.56238  291.69070     8.3945   15.08340 6.2075e-02     0.5045     0.4292 0.0000e+00
        604 199.624441    0.04186     2.5117    150.700     63.604  49866.278    31.5008     8.3269     63.000     8.2961    24.4807     6.2624     8.9497     93.437    272.997    279.680   -0.00379    6.70234    9.57830  292.17365     8.3208   15.10647 6.1521e-02     0.4403     0.4737 0.0000e+00
        608 199.624453    0.04216     2.5296    151.776     64.614  49871.011    31.4956     8.2746     64.000     8.2450    24.4843     6.2581     8.9435     93.259    272.808    279.487   -0.00386    6.71049    9.58995  292.52801     8.2683   15.12341 6.1088e-02     0.4001     0.5360 0.0000e+00
        613 199.624466    0.04247     2.5480    152.880     65.624  49894.831    31.5049     8.2300     65.000     8.2138    24.4980     6.2546     8.9384     93.119    272.650    279.330   -0.00358    6.71683    9.59902  292.80038     8.2236   15.13638 6.0646e-02     0.3975     0.5726 0.0000e+00
        617 199.624479    0.04279     2.5671    154.028     66.633  49907.287    31.5105     8.2128     66.000     8.2017    24.5049     6.2526     8.9355     93.055    272.560    279.240   -0.00291    6.71918    9.60238  292.90108     8.2063   15.14117 6.0226e-02     0.4280     0.6186 0.0000e+00
        621 199.624492    0.04308     2.5849    155.092     67.644  49911.757    31.5117     8.2034     67.000     8.1929    24.5073     6.2460     8.9261     92.939    272.273    278.946   -0.00274    6.72056    9.60436  292.96070     8.1968   15.14401 5.9871e-02     0.4005     0.6181 0.0000e+00
        626 199.624504    0.04338     2.6029    156.171     68.653  49912.424    31.5103     8.1947     68.000     8.1824    24.5075     6.2428     8.9215     92.871    272.133    278.802   -0.00246    6.72195    9.60634  293.02090     8.1880   15.14689 5.9553e-02     0.3632     0.6172 0.0000e+00
        631 199.624519    0.04372     2.6230    157.379     69.663  49903.323    31.5008     8.1767     69.000     8.1530    24.5026     6.2418     8.9201     92.814    272.092    278.759   -0.00198    6.72509    9.61084  293.15960     8.1699   15.15355 5.9232e-02     0.3545     0.6362 0.0000e+00
        635 199.624531    0.04402     2.6413    158.476     70.673  49901.177    31.4912     8.1279     70.000     8.0926    24.5021     6.2385     8.9155     92.657    271.949    278.613   -0.00232    6.73295    9.62206  293.50204     8.1211   15.16994 5.8985e-02     0.3451     0.6816 0.0000e+00
        640 199.624545    0.04435     2.6608    159.649     71.682  49936.346    31.5058     8.0674     71.000     8.0428    24.5222     6.2217     8.8914     92.290    271.211    277.862   -0.00369    6.74153    9.63432  293.87028     8.0605   15.18747 5.8741e-02     0.3286     0.7218 0.0000e+00
        644 199.624558    0.04466     2.6799    160.795     72.692  49947.572    31.5062     8.0233     72.000     7.9952    24.5289     6.2100     8.8747     92.025    270.700    277.340   -0.00425    6.74823    9.64389  294.16041     8.0164   15.20131 5.8500e-02     0.3184     0.7568 0.0000e+00
        649 199.624572    0.04499     2.6997    161.980     73.702  49978.291    31.5207     7.9816     73.000     7.9650    24.5461     6.2060     8.8689     91.886    270.518    277.158   -0.00374    6.75398    9.65211  294.40606     7.9746   15.21299 5.8298e-02     0.3207     0.7914 0.0000e+00
        654 199.624586    0.04534     2.7202    163.210     74.711  49990.826    31.5258     7.9613     74.000     7.9483    24.5530     6.1959     8.8545     91.697    270.075    276.706   -0.00362    6.75687    9.65624  294.53016     7.9542   15.21889 5.8088e-02     0.3107     0.8246 0.0000e+00
        658 199.624599    0.04565     2.7392    164.350     75.722  50000.249    31.5302     7.9508     75.000     7.9418    24.5580     6.1902     8.8463     91.593    269.825    276.451   -0.00324    6.75827    9.65824  294.58985     7.9437   15.22172 5.7916e-02     0.2935     0.8652 0.0000e+00
        663 199.624612    0.04597     2.7583    165.496     76.732  50000.673    31.5293     7.9458     76.000     7.9356    24.5579     6.1921     8.8491     91.611    269.910    276.538   -0.00217    6.75909    9.65941  294.62529     7.9385   15.22342 5.7781e-02     0.2940     0.9052 0.0000e+00
        668 199.624626    0.04629     2.7772    166.632     77.741  50004.513    31.5306     7.9402     77.000     7.9310    24.5598     6.1896     8.8454     91.562    269.797    276.424   -0.00184    6.75988    9.66054  294.65945     7.9328   15.22504 5.7683e-02     0.3036     0.9207 0.0000e+00
        672 199.624639    0.04661     2.7965    167.787     78.751  50004.856    31.5296     7.9352     78.000     7.9248    24.5597     6.1904     8.8466     91.564    269.834    276.462   -0.00134    6.76069    9.66170  294.69481     7.9278   15.22673 5.7575e-02     0.2956     0.9397 0.0000e+00
        676 199.624651    0.04690     2.8139    168.835     79.761  50007.239    31.5298     7.9288     79.000     7.9182    24.5608     6.1883     8.8437     91.520    269.744    276.369   -0.00122    6.76167    9.66310  294.73720     7.9212   15.22876 5.7454e-02     0.2896     0.9421 0.0000e+00
        681 199.624664    0.04722     2.8331    169.986     80.770  50011.133    31.5311     7.9228     80.000     7.9134    24.5627     6.1816     8.8341     91.409    269.451    276.070   -0.00153    6.76253    9.66433  294.77421     7.9152   15.23052 5.7360e-02     0.2971     1.0016 0.0000e+00
        685 199.624677    0.04751     2.8507    171.042     81.780  50012.783    31.5312     7.9191     81.000     7.9093    24.5633     6.1744     8.8239     91.296    269.139    275.750   -0.00180    6.76309    9.66513  294.79839     7.9114   15.23167 5.7282e-02     0.3033     1.0486 0.0000e+00
        690 199.624690    0.04785     2.8706    172.236     82.791  50013.582    31.5304     7.9131     82.000     7.9017    24.5635     6.1702     8.8179     91.221    268.956    275.563   -0.00175    6.76405    9.66650  294.84024     7.9053   15.23368 5.7197e-02     0.3034     1.0377 0.0000e+00
        694 199.624702    0.04813     2.8880    173.280     83.800  50016.583    31.5308     7.9057     83.000     7.8943    24.5649     6.1725     8.8212     91.240    269.056    275.666   -0.00123    6.76518    9.66811  294.88897     7.8977   15.23600 5.7055e-02     0.3149     1.0891 0.0000e+00
        698 199.624715    0.04843     2.9061    174.365     84.811  50019.739    31.5314     7.8985     84.000     7.8866    24.5664     6.1712     8.8192     91.206    268.997    275.605   -0.00105    6.76624    9.66963  294.93480     7.8905   15.23819 5.6992e-02     0.3247     1.1281 0.0000e+00
        703 199.624728    0.04875     2.9249    175.494     85.820  50013.396    31.5245     7.8862     85.000     7.8622    24.5628     6.1641     8.8091     91.070    268.687    275.287   -0.00156    6.76845    9.67279  295.03228     7.8781   15.24287 5.6932e-02     0.3063     1.1302 0.0000e+00
        707 199.624740    0.04905     2.9428    176.567     86.829  50013.385    31.5161     7.8367     86.000     7.7979    24.5631     6.1612     8.8050     90.921    268.563    275.159   -0.00200    6.77644    9.68421  295.38035     7.8286   15.25952 5.6877e-02     0.2853     1.1688 0.0000e+00
        712 199.624754    0.04938     2.9626    177.759     87.840  50056.198    31.5353     7.7742     87.000     7.7495    24.5870     6.1452     8.7821     90.567    267.858    274.444   -0.00337    6.78522    9.69676  295.75626     7.7660   15.27738 5.6775e-02     0.2897     1.3210 0.0000e+00
        716 199.624766    0.04967     2.9801    178.807     88.850  50076.667    31.5442     7.7436     88.000     7.7244    24.5982     6.1297     8.7599     90.281    267.179    273.752   -0.00415    6.78956    9.70296  295.94196     7.7353   15.28621 5.6711e-02     0.2933     1.4335 0.0000e+00
        721 199.624779    0.04998     2.9990    179.938     89.860  50094.013    31.5523     7.7221     89.000     7.7086    24.6076     6.1258     8.7544     90.184    267.007    273.577   -0.00363    6.79252    9.70719  296.06845     7.7137   15.29222 5.6662e-02     0.2817     1.4486 0.0000e+00
        725 199.624792    0.05029     3.0174    181.046     90.869  50101.973    31.5559     7.7126     90.000     7.7013    24.6117     6.1341     8.7662     90.289    267.366    273.947   -0.00204    6.79383    9.70906  296.12419     7.7042   15.29486 5.6618e-02     0.2806     1.4345 0.0000e+00
        730 199.624806    0.05062     3.0369    182.214     91.880  50106.711    31.5577     7.7063     91.000     7.6952    24.6140     6.1380     8.7717     90.335    267.536    274.122   -0.00116    6.79472    9.71033  296.16231     7.6978   15.29668 5.6559e-02     0.2853     1.4251 0.0000e+00
        734 199.624818    0.05091     3.0548    183.286     92.889  50111.636    31.5599     7.7015     92.000     7.6914    24.6164     6.1311     8.7619     90.224    267.235    273.814   -0.00146    6.79537    9.71127  296.19012     7.6929   15.29800 5.6500e-02     0.2862     1.4707 0.0000e+00
        739 199.624831    0.05123     3.0739    184.435     93.899  50113.413    31.5601     7.6977     93.000     7.6863    24.6171     6.1231     8.7506     90.099    266.890    273.459   -0.00184    6.79594    9.71209  296.21511     7.6890   15.29919 5.6392e-02     0.2927     1.4688 0.0000e+00
        743 199.624844    0.05154     3.0922    185.533     94.909  50116.965    31.5611     7.6916     94.000     7.6794    24.6187     6.1233     8.7508     90.090    266.895    273.465   -0.00143    6.79686    9.71340  296.25441     7.6827   15.30106 5.6357e-02     0.2822     1.4897 0.0000e+00
        748 199.624858    0.05187     3.1120    186.721     95.919  50123.012    31.5636     7.6841     95.000     7.6737    24.6218     6.1245     8.7525     90.094    266.947    273.520   -0.00102    6.79790    9.71488  296.29868     7.6752   15.30316 5.6299e-02     0.2797     1.4614 0.0000e+00
        752 199.624871    0.05218     3.1311    187.866     96.929  50123.968    31.5634     7.6812     96.000     7.6689    24.6220     6.1254     8.7539     90.102    266.990    273.564   -0.00072    6.79837    9.71555  296.31917     7.6722   15.30414 5.6262e-02     0.2900     1.5163 0.0000e+00
        757 199.624883    0.05248     3.1488    188.927     97.938  50125.846    31.5627     7.6721     97.000     7.6576    24.6228     6.1261     8.7548     90.092    267.017    273.592   -0.00062    6.79979    9.71759  296.38110     7.6631   15.30710 5.6214e-02     0.2984     1.5716 0.0000e+00
        762 199.624898    0.05283     3.1694    190.163     98.949  50133.627    31.5656     7.6595     98.000     7.6469    24.6268     6.1226     8.7498     90.017    266.863    273.435   -0.00088    6.80162    9.72019  296.45943     7.6504   15.31082 5.6148e-02     0.2851     1.5811 0.0000e+00
        766 199.624910    0.05313     3.1878    191.268     99.959  50138.168    31.5672     7.6528     99.000     7.6414    24.6290     6.1182     8.7435     89.939    266.670    273.238   -0.00115    6.80259    9.72158  296.50121     7.6436   15.31281 5.6091e-02     0.2730     1.6424 0.0000e+00
        771 199.624924    0.05345     3.2069    192.415    100.968  50141.208    31.5682     7.6488    100.000     7.6380    24.6304     6.1153     8.7394     89.889    266.545    273.110   -0.00111    6.80316    9.72240  296.52574     7.6395   15.31398 5.6088e-02     0.2785     1.6431 0.0000e+00
        775 199.624937    0.05377     3.2264    193.584    101.979  50140.268    31.5664     7.6446    101.000     7.6309    24.6295     6.1143     8.7378     89.863    266.498    273.062   -0.00103    6.80391    9.72346  296.55835     7.6351   15.31555 5.6003e-02     0.2934     1.6301 0.0000e+00
        780 199.624950    0.05407     3.2439    194.634    102.988  50141.396    31.5649     7.6337    102.000     7.6167    24.6299     6.1142     8.7378     89.839    266.495    273.058   -0.00088    6.80568    9.72598  296.63518     7.6241   15.31922 5.5955e-02     0.2980     1.8777 0.0000e+00
        784 199.624963    0.05440     3.2641    195.848    103.998  50151.335    31.5685     7.6163    103.000     7.6002    24.6351     6.1162     8.7406     89.836    266.582    273.149   -0.00073    6.80819    9.72960  296.74371     7.6067   15.32438 5.5913e-02     0.2996     1.8663 0.0000e+00
        789 199.624977    0.05471     3.2826    196.958    105.008  50161.081    31.5726     7.6030    104.000     7.5888    24.6402     6.1083     8.7294     89.695    266.238    272.798   -0.00128    6.81007    9.73228  296.82418     7.5933   15.32821 5.5898e-02     0.3061     1.8071 0.0000e+00
        793 199.624990    0.05503     3.3019    198.116    106.018  50168.953    31.5762     7.5943    105.000     7.5825    24.6442     6.1030     8.7218     89.602    266.005    272.561   -0.00159    6.81126    9.73398  296.87485     7.5846   15.33061 5.5842e-02     0.3006     1.7413 0.0000e+00
        798 199.625003    0.05534     3.3204    199.221    107.028  50170.829    31.5764     7.5900    106.000     7.5777    24.6449     6.1103     8.7321     89.699    266.321    272.884   -0.00062    6.81194    9.73494  296.90400     7.5802   15.33200 5.5797e-02     0.2718     1.6245 0.0000e+00
        803 199.625017    0.05568     3.3407    200.443    108.038  50174.128    31.5772     7.5841    107.000     7.5722    24.6464     6.1088     8.7301     89.667    266.259    272.821   -0.00065    6.81282    9.73620  296.94202     7.5741   15.33381 5.5751e-02     0.2885     1.5704 0.0000e+00
