CTD-processing/allCTD/CNV/2018_06-22_alongbay_skb04_cast108_5028.cnv
* Sea-Bird SBE19plus Data File:
* FileName = C:\Users\Kim.Powell\Desktop\Not Processed\2018\2018_06-XX\2018_06-XX_TRANSECT_STATION_cast108.hex
* Software Version 1.59
* Temperature SN =  5028
* Conductivity SN =  5028
* System UpLoad Time = Jul 05 2018 09:22:51
** 2018_06-22
** Station: KB04
** Start Time: 11:10
** Depth (m): 158.4
** Comment:
** Comment:
# nquan = 27
# nvalues = 151                         
# units = specified
# name 0 = scan: Scan Count
# name 1 = timeJ: Julian Days
# name 2 = timeH: Time, Elapsed [hours]
# name 3 = timeM: Time, Elapsed [minutes]
# name 4 = timeS: Time, Elapsed [seconds]
# name 5 = prdM: Pressure, Strain Gauge [db]
# name 6 = specc: Specific Conductance [uS/cm]
# name 7 = sal00: Salinity, Practical [PSU]
# name 8 = tv290C: Temperature [ITS-90, deg C]
# name 9 = depSM: Depth [salt water, m], lat = 59.00
# name 10 = potemp090C: Potential Temperature [ITS-90, deg C]
# name 11 = sigma-é00: Density [sigma-theta, kg/m^3]
# name 12 = sbeox0ML/L: Oxygen, SBE 43 [ml/l]
# name 13 = sbeox0Mg/L: Oxygen, SBE 43 [mg/l]
# name 14 = sbeox0PS: Oxygen, SBE 43 [% saturation]
# name 15 = sbox0Mm/Kg: Oxygen, SBE 43 [umol/kg]
# name 16 = sbeox0Mm/L: Oxygen, SBE 43 [umol/l]
# name 17 = sbox0dV/dT: Oxygen, SBE 43 [dov/dt]
# name 18 = oxsolML/L: Oxygen Saturation, Garcia & Gordon [ml/l]
# name 19 = oxsolMg/L: Oxygen Saturation, Garcia & Gordon [mg/l]
# name 20 = oxsolMm/Kg: Oxygen Saturation, Garcia & Gordon [umol/kg]
# name 21 = potemp090C: Potential Temperature [ITS-90, deg C]
# name 22 = n2satMg/L: Nitrogen Saturation [mg/l]
# name 23 = par: PAR/Irradiance, Biospherical/Licor
# name 24 = flECO-AFL: Fluorescence, WET Labs ECO-AFL/FL [mg/m^3]
# name 25 = turbWETntu0: Turbidity, WET Labs ECO [NTU]
# name 26 = flag: flag
# span 0 =        299,       1017       
# span 1 = 173.466521, 173.468600       
# span 2 =    0.02066,    0.07055       
# span 3 =     1.2400,     4.2332       
# span 4 =     74.398,    253.989       
# span 5 =      1.010,    152.481       
# span 6 =  46557.025,  50873.196       
# span 7 =    29.3506,    31.8043       
# span 8 =     6.1229,     9.3043       
# span 9 =      1.000,    151.000       
# span 10 =     6.1096,     9.1756      
# span 11 =    22.6526,    24.9940      
# span 12 =     6.2691,     7.2400      
# span 13 =     8.9591,    10.3467      
# span 14 =     89.082,    106.733      
# span 15 =    273.149,    315.536      
# span 16 =    279.976,    323.339      
# span 17 =   -0.01730,    0.01456      
# span 18 =    6.64911,    7.03777      
# span 19 =    9.50225,   10.05767      
# span 20 =  290.37190,  306.64245      
# span 21 =     6.1104,     9.3042      
# span 22 =   15.02919,   15.79561      
# span 23 = 4.5485e-02, 4.1236e+02      
# span 24 =     0.2819,     1.8905      
# span 25 =     0.2214,     2.2005      
# span 26 = 0.0000e+00, 0.0000e+00      
# interval = meters: 1                  
# start_time = Jun 22 2018 11:10:33 [Instrument's time stamp, header]
# bad_flag = -9.990e-29
*END*
[from data line 108]
        810 173.468001    0.05618     3.3711    202.265    110.058  50689.331    31.7847     6.7259    109.000     6.7014    24.9237     6.5328     9.3360     94.143    284.658    291.753   -0.00205    6.93920    9.91682  302.36873     6.7165   15.59185 4.6137e-02     0.4038     0.5023 0.0000e+00
        815 173.468015    0.05653     3.3917    203.500    111.068  50679.985    31.7688     6.6773    110.000     6.6378    24.9174     6.5203     9.3182     93.847    284.117    291.196   -0.00303    6.94778    9.92907  302.74419     6.6678   15.60981 4.6127e-02     0.4384     0.6104 0.0000e+00
        820 173.468029    0.05686     3.4117    204.701    112.078  50703.442    31.7713     6.6053    111.000     6.5717    24.9285     6.5013     9.2910     93.419    283.286    290.348   -0.00442    6.95929    9.94552  303.24234     6.5957   15.63356 4.6104e-02     0.4004     0.6173 0.0000e+00
        825 173.468044    0.05722     3.4333    205.996    113.088  50728.140    31.7777     6.5505    112.000     6.5253    24.9406     6.4750     9.2534     92.926    282.136    289.173   -0.00567    6.96786    9.95776  303.61220     6.5409   15.65117 4.6069e-02     0.3718     0.6523 0.0000e+00
        830 173.468058    0.05757     3.4542    207.250    114.098  50744.668    31.7824     6.5168    113.000     6.4975    24.9485     6.4527     9.2216     92.537    281.164    288.179   -0.00601    6.97311    9.96527  303.83878     6.5071   15.66195 4.6033e-02     0.3533     0.7465 0.0000e+00
        835 173.468072    0.05790     3.4739    208.433    115.108  50752.668    31.7836     6.4956    114.000     6.4778    24.9520     6.4381     9.2006     92.282    280.523    287.523   -0.00563    6.97649    9.97011  303.98522     6.4859   15.66892 4.6023e-02     0.3442     0.7914 0.0000e+00
        840 173.468086    0.05823     3.4940    209.642    116.118  50753.413    31.7797     6.4750    115.000     6.4540    24.9516     6.4280     9.1862     92.091    280.085    287.074   -0.00496    6.98001    9.97514  304.13874     6.4653   15.67626 4.6016e-02     0.3899     0.8116 0.0000e+00
        845 173.468101    0.05859     3.5156    210.934    117.128  50762.979    31.7804     6.4462    116.000     6.4275    24.9558     6.4183     9.1725     91.893    279.665    286.644   -0.00443    6.98465    9.98177  304.33970     6.4364   15.68584 4.5991e-02     0.3730     0.8254 0.0000e+00
        850 173.468118    0.05899     3.5395    212.371    118.138  50765.563    31.7770     6.4214    117.000     6.3997    24.9562     6.4042     9.1522     91.634    279.047    286.011   -0.00423    6.98886    9.98778  304.52291     6.4115   15.69458 4.5974e-02     0.3735     0.8182 0.0000e+00
        855 173.468131    0.05930     3.5580    213.479    119.148  50771.809    31.7756     6.3932    118.000     6.3716    24.9586     6.3933     9.1366     91.417    278.570    285.523   -0.00424    6.99353    9.99445  304.72567     6.3833   15.70426 4.5935e-02     0.3444     0.8342 0.0000e+00
        860 173.468145    0.05966     3.5797    214.781    120.158  50781.637    31.7764     6.3646    119.000     6.3445    24.9629     6.3822     9.1209     91.199    278.089    285.031   -0.00408    6.99816   10.00107  304.92616     6.3546   15.71381 4.5914e-02     0.3173     0.8469 0.0000e+00
        865 173.468161    0.06003     3.6018    216.109    121.168  50784.671    31.7728     6.3368    120.000     6.3141    24.9635     6.3749     9.1104     91.033    277.769    284.704   -0.00363    7.00286   10.00779  305.13067     6.3268   15.72357 4.5863e-02     0.3256     0.9141 0.0000e+00
        871 173.468176    0.06039     3.6232    217.390    122.178  50794.850    31.7731     6.3041    121.000     6.2843    24.9677     6.3672     9.0994     90.855    277.435    284.362   -0.00347    7.00819   10.01541  305.36151     6.2940   15.73457 4.5859e-02     0.3302     1.0081 0.0000e+00
        875 173.468189    0.06069     3.6418    218.510    123.188  50806.359    31.7773     6.2872    122.000     6.2721    24.9732     6.3605     9.0897     90.724    277.137    284.058   -0.00324    7.01077   10.01909  305.47230     6.2770   15.73984 4.5844e-02     0.3136     0.9981 0.0000e+00
        880 173.468202    0.06102     3.6613    219.676    124.198  50809.339    31.7769     6.2763    123.000     6.2608    24.9741     6.3548     9.0816     90.620    276.889    283.804   -0.00289    7.01257   10.02167  305.55077     6.2661   15.74358 4.5839e-02     0.3122     0.8971 0.0000e+00
        884 173.468215    0.06133     3.6795    220.771    125.208  50811.410    31.7753     6.2636    124.000     6.2475    24.9746     6.3500     9.0748     90.524    276.682    283.592   -0.00264    7.01474   10.02477  305.64506     6.2533   15.74808 4.5823e-02     0.3153     0.8928 0.0000e+00
        889 173.468230    0.06170     3.7019    222.117    126.218  50817.734    31.7767     6.2503    125.000     6.2356    24.9773     6.3456     9.0685     90.434    276.489    283.395   -0.00230    7.01685   10.02778  305.73622     6.2399   15.75242 4.5810e-02     0.3191     0.8861 0.0000e+00
        894 173.468243    0.06200     3.7201    223.204    127.228  50818.505    31.7745     6.2391    126.000     6.2228    24.9770     6.3447     9.0672     90.396    276.450    283.355   -0.00192    7.01880   10.03056  305.82103     6.2286   15.75647 4.5758e-02     0.3206     0.8912 0.0000e+00
        899 173.468257    0.06234     3.7403    224.421    128.238  50825.399    31.7763     6.2262    127.000     6.2119    24.9800     6.3437     9.0658     90.355    276.405    283.310   -0.00161    7.02083   10.03346  305.90844     6.2157   15.76063 4.5730e-02     0.3093     0.8843 0.0000e+00
        903 173.468271    0.06266     3.7598    225.588    129.248  50831.175    31.7785     6.2191    128.000     6.2071    24.9825     6.3358     9.0545     90.229    276.060    282.957   -0.00179    7.02189   10.03498  305.95401     6.2085   15.76280 4.5718e-02     0.3019     0.8612 0.0000e+00
        908 173.468284    0.06300     3.7797    226.782    130.258  50833.352    31.7791     6.2167    129.000     6.2049    24.9833     6.3304     9.0468     90.148    275.824    282.715   -0.00184    7.02227   10.03552  305.97016     6.2060   15.76356 4.5698e-02     0.3098     0.8735 0.0000e+00
        913 173.468299    0.06333     3.8000    228.000    131.269  50832.771    31.7775     6.2130    130.000     6.1994    24.9825     6.3314     9.0482     90.152    275.867    282.759   -0.00122    7.02294   10.03649  305.99991     6.2022   15.76499 4.5713e-02     0.3235     0.9289 0.0000e+00
        918 173.468312    0.06366     3.8196    229.178    132.279  50832.927    31.7756     6.2047    131.000     6.1895    24.9820     6.3184     9.0296     89.949    275.302    282.180   -0.00198    7.02439   10.03856  306.06319     6.1939   15.76801 4.5727e-02     0.3284     0.9291 0.0000e+00
        923 173.468328    0.06403     3.8416    230.495    133.288  50837.818    31.7764     6.1941    132.000     6.1798    24.9840     6.3121     9.0205     89.837    275.024    281.894   -0.00200    7.02609   10.04099  306.13681     6.1832   15.77152 4.5712e-02     0.2949     0.9060 0.0000e+00
        928 173.468341    0.06436     3.8612    231.673    134.298  50840.376    31.7761     6.1861    133.000     6.1717    24.9847     6.3111     9.0192     89.807    274.982    281.853   -0.00162    7.02743   10.04291  306.19499     6.1751   15.77430 4.5707e-02     0.2972     0.9493 0.0000e+00
        933 173.468355    0.06469     3.8814    232.887    135.309  50844.590    31.7772     6.1789    134.000     6.1658    24.9864     6.3058     9.0115     89.716    274.750    281.615   -0.00163    7.02856   10.04452  306.24366     6.1679   15.77661 4.5681e-02     0.2997     0.9344 0.0000e+00
        938 173.468370    0.06505     3.9029    234.175    136.320  50847.618    31.7779     6.1747    135.000     6.1625    24.9876     6.3045     9.0097     89.689    274.693    281.557   -0.00135    7.02922   10.04545  306.27189     6.1636   15.77795 4.5645e-02     0.3040     0.9298 0.0000e+00
        943 173.468385    0.06540     3.9238    235.426    137.329  50848.481    31.7776     6.1723    136.000     6.1601    24.9876     6.3068     9.0130     89.717    274.794    281.660   -0.00079    7.02963   10.04604  306.28970     6.1611   15.77880 4.5674e-02     0.3214     0.9384 0.0000e+00
        947 173.468397    0.06570     3.9421    236.527    138.339  50850.109    31.7778     6.1702    137.000     6.1582    24.9881     6.3029     9.0076     89.659    274.627    281.489   -0.00092    7.02997   10.04653  306.30441     6.1589   15.77950 4.5662e-02     0.3263     0.9577 0.0000e+00
        952 173.468411    0.06603     3.9621    237.724    139.349  50851.416    31.7780     6.1689    138.000     6.1571    24.9884     6.3013     9.0051     89.631    274.552    281.413   -0.00087    7.03016   10.04680  306.31275     6.1575   15.77990 4.5622e-02     0.3093     0.9438 0.0000e+00
        958 173.468428    0.06643     3.9855    239.132    140.359  50852.808    31.7784     6.1680    139.000     6.1562    24.9887     6.3031     9.0078     89.657    274.636    281.499   -0.00050    7.03030   10.04699  306.31851     6.1566   15.78017 4.5594e-02     0.2968     0.9237 0.0000e+00
        962 173.468441    0.06676     4.0053    240.320    141.369  50850.357    31.7758     6.1661    140.000     6.1514    24.9870     6.3038     9.0088     89.661    274.667    281.531   -0.00036    7.03074   10.04762  306.33818     6.1545   15.78112 4.5562e-02     0.3043     1.0427 0.0000e+00
        967 173.468456    0.06710     4.0263    241.579    142.380  50851.639    31.7743     6.1562    141.000     6.1400    24.9870     6.2992     9.0021     89.573    274.463    281.320   -0.00074    7.03244   10.05005  306.41223     6.1446   15.78465 4.5570e-02     0.3033     1.1112 0.0000e+00
        972 173.468470    0.06746     4.0474    242.844    143.390  50857.594    31.7758     6.1453    142.000     6.1304    24.9896     6.2914     8.9910     89.440    274.122    280.972   -0.00127    7.03417   10.05254  306.48703     6.1336   15.78821 4.5541e-02     0.3103     1.0170 0.0000e+00
        977 173.468484    0.06779     4.0673    244.039    144.400  50863.541    31.7783     6.1395    143.000     6.1270    24.9922     6.2853     8.9823     89.343    273.856    280.700   -0.00146    7.03500   10.05372  306.52240     6.1278   15.78989 4.5519e-02     0.3054     1.0486 0.0000e+00
        982 173.468497    0.06811     4.0866    245.197    145.410  50863.995    31.7779     6.1381    144.000     6.1252    24.9920     6.2807     8.9758     89.275    273.659    280.498   -0.00147    7.03526   10.05408  306.53358     6.1262   15.79042 4.5507e-02     0.2819     1.0739 0.0000e+00
        987 173.468512    0.06845     4.1069    246.416    146.420  50862.671    31.7760     6.1359    145.000     6.1232    24.9909     6.2805     8.9754     89.266    273.648    280.487   -0.00113    7.03569   10.05471  306.55310     6.1240   15.79136 4.5514e-02     0.3040     1.0499 0.0000e+00
        992 173.468527    0.06881     4.1287    247.723    147.430  50865.088    31.7767     6.1334    146.000     6.1199    24.9918     6.2774     8.9711     89.218    273.516    280.353   -0.00104    7.03609   10.05527  306.56979     6.1214   15.79215 4.5505e-02     0.3122     1.0416 0.0000e+00
        997 173.468541    0.06916     4.1492    248.950    148.441  50868.156    31.7777     6.1299    147.000     6.1167    24.9930     6.2705     8.9612     89.114    273.214    280.043   -0.00133    7.03662   10.05602  306.59251     6.1178   15.79323 4.5507e-02     0.3099     1.0868 0.0000e+00
       1002 173.468555    0.06950     4.1699    250.192    149.451  50870.736    31.7786     6.1276    148.000     6.1149    24.9939     6.2715     8.9626     89.122    273.254    280.084   -0.00098    7.03695   10.05651  306.60683     6.1154   15.79391 4.5495e-02     0.3145     1.1245 0.0000e+00
       1007 173.468570    0.06984     4.1902    251.412    150.461  50871.609    31.7785     6.1265    149.000     6.1138    24.9940     6.2717     8.9629     89.123    273.264    280.093   -0.00066    7.03712   10.05675  306.61433     6.1143   15.79427 4.5494e-02     0.3101     1.1237 0.0000e+00
       1012 173.468584    0.07018     4.2110    252.657    151.471  50872.376    31.7783     6.1250    150.000     6.1119    24.9940     6.2691     8.9591     89.082    273.149    279.976   -0.00076    7.03739   10.05713  306.62591     6.1127   15.79482 4.5485e-02     0.3001     1.1336 0.0000e+00
       1017 173.468600    0.07055     4.2332    253.989    152.481  50873.196    31.7779     6.1229    151.000     6.1096    24.9940     6.2698     8.9601     89.087    273.179    280.008   -0.00055    7.03777   10.05767  306.64245     6.1104   15.79561 4.5567e-02     0.3061     1.1822 0.0000e+00
