CTD-processing/allCTD/CNV/2018_06-25_t3_s15_cast129_5028.cnv
* Sea-Bird SBE19plus Data File:
* FileName = C:\Users\Kim.Powell\Desktop\Not Processed\2018\2018_06-XX\2018_06-XX_TRANSECT_STATION_cast129.hex
* Software Version 1.59
* Temperature SN =  5028
* Conductivity SN =  5028
* System UpLoad Time = Jul 05 2018 09:47:34
** 2018_06-25
** Station: 3-15
** Start Time: 10:48
** Depth (m): 19
** Comment:
** Comment:
# nquan = 27
# nvalues = 19                          
# units = specified
# name 0 = scan: Scan Count
# name 1 = timeJ: Julian Days
# name 2 = timeH: Time, Elapsed [hours]
# name 3 = timeM: Time, Elapsed [minutes]
# name 4 = timeS: Time, Elapsed [seconds]
# name 5 = prdM: Pressure, Strain Gauge [db]
# name 6 = specc: Specific Conductance [uS/cm]
# name 7 = sal00: Salinity, Practical [PSU]
# name 8 = tv290C: Temperature [ITS-90, deg C]
# name 9 = depSM: Depth [salt water, m], lat = 59.00
# name 10 = potemp090C: Potential Temperature [ITS-90, deg C]
# name 11 = sigma-é00: Density [sigma-theta, kg/m^3]
# name 12 = sbeox0ML/L: Oxygen, SBE 43 [ml/l]
# name 13 = sbeox0Mg/L: Oxygen, SBE 43 [mg/l]
# name 14 = sbeox0PS: Oxygen, SBE 43 [% saturation]
# name 15 = sbox0Mm/Kg: Oxygen, SBE 43 [umol/kg]
# name 16 = sbeox0Mm/L: Oxygen, SBE 43 [umol/l]
# name 17 = sbox0dV/dT: Oxygen, SBE 43 [dov/dt]
# name 18 = oxsolML/L: Oxygen Saturation, Garcia & Gordon [ml/l]
# name 19 = oxsolMg/L: Oxygen Saturation, Garcia & Gordon [mg/l]
# name 20 = oxsolMm/Kg: Oxygen Saturation, Garcia & Gordon [umol/kg]
# name 21 = potemp090C: Potential Temperature [ITS-90, deg C]
# name 22 = n2satMg/L: Nitrogen Saturation [mg/l]
# name 23 = par: PAR/Irradiance, Biospherical/Licor
# name 24 = flECO-AFL: Fluorescence, WET Labs ECO-AFL/FL [mg/m^3]
# name 25 = turbWETntu0: Turbidity, WET Labs ECO [NTU]
# name 26 = flag: flag
# span 0 =        207,        374       
# span 1 = 176.451255, 176.451740       
# span 2 =    0.01429,    0.02593       
# span 3 =     0.8570,     1.5559       
# span 4 =     51.422,     93.357       
# span 5 =      1.009,     19.180       
# span 6 =  49030.142,  49092.680       
# span 7 =    31.0439,    31.0738       
# span 8 =     8.9810,     9.0257       
# span 9 =      1.000,     19.000       
# span 10 =     8.9789,     9.0164      
# span 11 =    24.0180,    24.0485      
# span 12 =     6.2757,     6.6994      
# span 13 =     8.9686,     9.5742      
# span 14 =     94.826,    101.152      
# span 15 =    273.699,    292.170      
# span 16 =    280.273,    299.196      
# span 17 =    0.00045,    0.00622      
# span 18 =    6.61779,    6.62310      
# span 19 =    9.45749,    9.46507      
# span 20 =  288.61867,  288.84152      
# span 21 =     8.9791,     9.0256      
# span 22 =   14.93847,   14.94901      
# span 23 = 2.8148e+00, 1.4877e+02      
# span 24 =     0.9331,     1.1247      
# span 25 =     0.6399,     0.7871      
# span 26 = 0.0000e+00, 0.0000e+00      
# interval = meters: 1                  
# start_time = Jun 25 2018 10:48:57 [Instrument's time stamp, header]
# bad_flag = -9.990e-29
*END*
        207 176.451255    0.01429     0.8570     51.422      1.009  49030.142    31.0439     9.0257      1.000     9.0164    24.0180     6.2757     8.9686     94.826    273.699    280.273    0.00590    6.61779    9.45749  288.61867     9.0256   14.93847 1.4877e+02     0.9331     0.7871 0.0000e+00
        290 176.451495    0.02004     1.2023     72.139      2.019  49060.520    31.0614     9.0006      2.000     9.0002    24.0356     6.5937     9.4231     99.592    287.564    294.476    0.00622    6.62076    9.46173  288.74300     9.0003   14.94434 9.7454e+01     1.0797     0.6935 0.0000e+00
        290 176.451495    0.02004     1.2025     72.152      3.028  49060.892    31.0611     9.0003      3.000     8.9992    24.0354     6.5898     9.4175     99.532    287.393    294.300    0.00520    6.62079    9.46177  288.74447     9.0001   14.94441 7.2036e+01     1.0870     0.6648 0.0000e+00
        294 176.451507    0.02034     1.2200     73.200      4.037  49063.084    31.0621     8.9992      4.000     8.9990    24.0363     6.6056     9.4400     99.768    288.080    295.004    0.00498    6.62091    9.46195  288.74962     8.9988   14.94466 5.9106e+01     1.1085     0.6775 0.0000e+00
        299 176.451523    0.02071     1.2425     74.549      5.047  49063.081    31.0618     9.0003      5.000     9.0005    24.0360     6.6184     9.4583     99.964    288.639    295.577    0.00422    6.62077    9.46174  288.74328     8.9998   14.94436 4.6844e+01     1.1247     0.6742 0.0000e+00
        304 176.451538    0.02107     1.2643     75.857      6.057  49061.983    31.0608     9.0020      6.000     9.0016    24.0350     6.6235     9.4656    100.044    288.862    295.805    0.00312    6.62057    9.46145  288.73482     9.0014   14.94395 3.7700e+01     1.0956     0.6552 0.0000e+00
        309 176.451552    0.02142     1.2849     77.096      7.066  49062.232    31.0607     9.0025      7.000     9.0021    24.0348     6.6268     9.4704    100.095    289.007    295.953    0.00227    6.62050    9.46135  288.73199     9.0018   14.94382 3.0965e+01     1.0774     0.6643 0.0000e+00
        314 176.451564    0.02171     1.3027     78.165      8.075  49061.889    31.0601     9.0035      8.000     9.0029    24.0342     6.6349     9.4819    100.219    289.360    296.314    0.00214    6.62037    9.46117  288.72646     9.0027   14.94356 2.5397e+01     1.0695     0.6593 0.0000e+00
        319 176.451579    0.02205     1.3230     79.379      9.085  49062.859    31.0602     9.0025      9.000     9.0002    24.0345     6.6480     9.5007    100.415    289.932    296.900    0.00253    6.62052    9.46138  288.73276     9.0016   14.94386 2.0884e+01     1.0633     0.6612 0.0000e+00
        324 176.451595    0.02246     1.3475     80.848     10.095  49066.998    31.0622     8.9994     10.000     8.9982    24.0366     6.6564     9.5127    100.536    290.296    297.274    0.00213    6.62090    9.46192  288.74872     8.9983   14.94461 1.7303e+01     1.0641     0.6511 0.0000e+00
        330 176.451613    0.02287     1.3719     82.312     11.105  49067.227    31.0620     8.9998     11.000     8.9986    24.0363     6.6622     9.5210    100.624    290.549    297.533    0.00169    6.62084    9.46184  288.74630     8.9987   14.94450 1.4187e+01     1.0217     0.6689 0.0000e+00
        334 176.451624    0.02315     1.3892     83.350     12.114  49068.803    31.0626     8.9987     12.000     8.9970    24.0369     6.6722     9.5353    100.773    290.986    297.980    0.00196    6.62098    9.46204  288.75225     8.9974   14.94479 1.1681e+01     1.0228     0.7004 0.0000e+00
        341 176.451644    0.02362     1.4172     85.031     13.123  49070.375    31.0631     8.9981     13.000     8.9967    24.0375     6.6800     9.5464    100.891    291.327    298.329    0.00171    6.62104    9.46212  288.75466     8.9968   14.94490 9.5535e+00     1.0197     0.6842 0.0000e+00
        346 176.451658    0.02397     1.4378     86.271     14.132  49073.045    31.0642     8.9956     14.000     8.9924    24.0387     6.6796     9.5458    100.879    291.308    298.310    0.00099    6.62137    9.46260  288.76884     8.9941   14.94557 7.8678e+00     1.0213     0.6399 0.0000e+00
        352 176.451674    0.02435     1.4611     87.664     15.142  49077.307    31.0664     8.9934     15.000     8.9927    24.0408     6.6843     9.5525    100.947    291.513    298.521    0.00087    6.62160    9.46293  288.77815     8.9918   14.94601 6.4006e+00     1.0051     0.6622 0.0000e+00
        357 176.451689    0.02470     1.4819     88.913     16.152  49076.971    31.0658     8.9937     16.000     8.9912    24.0403     6.6936     9.5658    101.088    291.918    298.936    0.00132    6.62157    9.46289  288.77724     8.9921   14.94596 5.2386e+00     1.0041     0.7216 0.0000e+00
        363 176.451707    0.02514     1.5086     90.514     17.161  49082.585    31.0686     8.9883     17.000     8.9836    24.0433     6.6926     9.5645    101.063    291.876    298.894    0.00054    6.62226    9.46387  288.80622     8.9865   14.94734 4.2414e+00     0.9918     0.7137 0.0000e+00
        368 176.451723    0.02551     1.5306     91.834     18.171  49090.059    31.0726     8.9828     18.000     8.9802    24.0473     6.6958     9.5690    101.102    292.015    299.037    0.00045    6.62290    9.46478  288.83298     8.9809   14.94860 3.4850e+00     1.0108     0.7245 0.0000e+00
        374 176.451740    0.02593     1.5559     93.357     19.180  49092.680    31.0738     8.9810     19.000     8.9789    24.0485     6.6994     9.5742    101.152    292.170    299.196    0.00048    6.62310    9.46507  288.84152     8.9791   14.94901 2.8148e+00     0.9987     0.7273 0.0000e+00
