CTD-processing/allCTD/CNV/2018_03-27_alongbay_skb10_cast043_5028.cnv
* Sea-Bird SBE19plus Data File:
* FileName = P:\My Documents\kasitsna\Research-KBL\Oceanography-AK\CTD-Data-ALL-to-2017-02\2018-CTD-KachemakBay-CookInlet\2018-03-27-CookInlet-AlongBay\2018-03-27-CookInlet-AlongBay-cast043.hex
* Software Version 1.59
* Temperature SN =  5028
* Conductivity SN =  5028
* System UpLoad Time = Mar 28 2018 11:58:17
** Cook Inlet LTM Along-Bay (T7-22 to KB12)
** Date: 2018_03-27
** Station: (eg. 9-01): KB10
** Start time (AKDT): 16:04
** Depth (m): 61
** Comment:  Extended to T7-22 due to calm seas.
** Comment:
# nquan = 27
# nvalues = 58                          
# units = specified
# name 0 = scan: Scan Count
# name 1 = timeJ: Julian Days
# name 2 = timeH: Time, Elapsed [hours]
# name 3 = timeM: Time, Elapsed [minutes]
# name 4 = timeS: Time, Elapsed [seconds]
# name 5 = prdM: Pressure, Strain Gauge [db]
# name 6 = specc: Specific Conductance [uS/cm]
# name 7 = sal00: Salinity, Practical [PSU]
# name 8 = tv290C: Temperature [ITS-90, deg C]
# name 9 = depSM: Depth [salt water, m], lat = 59.00
# name 10 = potemp090C: Potential Temperature [ITS-90, deg C]
# name 11 = sigma-é00: Density [sigma-theta, kg/m^3]
# name 12 = sbeox0ML/L: Oxygen, SBE 43 [ml/l]
# name 13 = sbeox0Mg/L: Oxygen, SBE 43 [mg/l]
# name 14 = sbeox0PS: Oxygen, SBE 43 [% saturation]
# name 15 = sbox0Mm/Kg: Oxygen, SBE 43 [umol/kg]
# name 16 = sbeox0Mm/L: Oxygen, SBE 43 [umol/l]
# name 17 = sbox0dV/dT: Oxygen, SBE 43 [dov/dt]
# name 18 = oxsolML/L: Oxygen Saturation, Garcia & Gordon [ml/l]
# name 19 = oxsolMg/L: Oxygen Saturation, Garcia & Gordon [mg/l]
# name 20 = oxsolMm/Kg: Oxygen Saturation, Garcia & Gordon [umol/kg]
# name 21 = potemp090C: Potential Temperature [ITS-90, deg C]
# name 22 = n2satMg/L: Nitrogen Saturation [mg/l]
# name 23 = par: PAR/Irradiance, Biospherical/Licor
# name 24 = flECO-AFL: Fluorescence, WET Labs ECO-AFL/FL [mg/m^3]
# name 25 = turbWETntu0: Turbidity, WET Labs ECO [NTU]
# name 26 = flag: flag
# span 0 =        250,        532       
# span 1 =  86.670893,  86.671710       
# span 2 =    0.01726,    0.03689       
# span 3 =     1.0355,     2.2131       
# span 4 =     62.128,    132.785       
# span 5 =      1.010,     58.556       
# span 6 =  51229.265,  51411.395       
# span 7 =    31.5363,    31.6335       
# span 8 =     3.4621,     3.6175       
# span 9 =      1.000,     58.000       
# span 10 =     3.4614,     3.6078      
# span 11 =    25.0710,    25.1478      
# span 12 =     5.7344,     6.8981      
# span 13 =     8.1950,     9.8581      
# span 14 =     76.604,     91.950      
# span 15 =    249.832,    300.517      
# span 16 =    256.096,    308.069      
# span 17 =   -0.00102,    0.07451      
# span 18 =    7.48385,    7.51191      
# span 19 =   10.69517,   10.73527      
# span 20 =  326.03045,  327.25969      
# span 21 =     3.4611,     3.6175      
# span 22 =   16.71894,   16.77754      
# span 23 = 3.7976e-02, 2.5944e+02      
# span 24 =     0.3353,     0.6979      
# span 25 =     0.9826,     1.5200      
# span 26 = 0.0000e+00, 0.0000e+00      
# interval = meters: 1                  
# start_time = Mar 27 2018 16:05:03 [Instrument's time stamp, header]
# bad_flag = -9.990e-29
*END*
        250  86.670893    0.01726     1.0355     62.128      1.010  51229.265    31.5436     3.6175      1.000     3.6078    25.0732     5.7344     8.1950     76.604    249.832    256.096    0.03920    7.48560   10.69766  326.12951     3.6175   16.72401 2.5944e+02     0.3353     0.9826 0.0000e+00
        255  86.670909    0.01764     1.0585     63.512      2.018  51233.765    31.5363     3.5776      2.000     3.5557    25.0710     6.4650     9.2391     86.274    281.665    288.726    0.07451    7.49333   10.70872  326.46716     3.5775   16.74009 1.8560e+02     0.3383     1.0011 0.0000e+00
        260  86.670923    0.01799     1.0791     64.749      3.028  51265.648    31.5438     3.5232      3.000     3.5072    25.0819     6.6637     9.5231     88.814    290.319    297.601    0.06606    7.50299   10.72252  326.88461     3.5230   16.75990 1.4220e+02     0.3817     0.9829 0.0000e+00
        265  86.670937    0.01832     1.0994     65.965      4.038  51308.725    31.5670     3.5007      4.000     3.5000    25.1023     6.6582     9.5152     88.705    290.072    297.353    0.04628    7.50595   10.72676  327.00737     3.5004   16.76564 1.1288e+02     0.4278     0.9889 0.0000e+00
        270  86.670951    0.01866     1.1199     67.192      5.047  51310.122    31.5664     3.4965      5.000     3.4928    25.1023     6.6493     9.5025     88.578    289.687    296.959    0.03198    7.50675   10.72791  327.04230     3.4962   16.76730 9.1302e+01     0.4964     0.9956 0.0000e+00
        275  86.670965    0.01901     1.1403     68.417      6.056  51324.319    31.5741     3.4909      6.000     3.4909    25.1088     6.6478     9.5003     88.549    289.617    296.889    0.02238    7.50740   10.72883  327.06848     3.4905   16.76851 7.4040e+01     0.5543     0.9895 0.0000e+00
        280  86.670980    0.01935     1.1607     69.644      7.066  51329.058    31.5774     3.4932      7.000     3.4942    25.1113     6.6613     9.5197     88.737    290.206    297.494    0.01663    7.50681   10.72799  327.04180     3.4927   16.76723 5.9780e+01     0.6189     1.0162 0.0000e+00
        285  86.670994    0.01969     1.1814     70.883      8.075  51332.172    31.5800     3.4972      8.000     3.4987    25.1130     6.6812     9.5482     89.012    291.074    298.384    0.01303    7.50593   10.72673  327.00288     3.4967   16.76537 4.8182e+01     0.6796     1.0210 0.0000e+00
        290  86.671009    0.02004     1.2022     72.132      9.085  51335.698    31.5830     3.5021      9.000     3.5033    25.1151     6.6970     9.5707     89.235    291.761    299.089    0.01019    7.50487   10.72521  326.95601     3.5016   16.76313 3.8903e+01     0.6979     1.0235 0.0000e+00
        295  86.671023    0.02039     1.2230     73.378     10.095  51337.516    31.5847     3.5056     10.000     3.5053    25.1160     6.7144     9.5955     89.475    292.516    299.862    0.00827    7.50414   10.72417  326.92388     3.5051   16.76160 3.1347e+01     0.6590     1.0207 0.0000e+00
        299  86.671037    0.02072     1.2433     74.597     11.104  51339.273    31.5854     3.5057     11.000     3.5046    25.1166     6.7272     9.6138     89.646    293.073    300.434    0.00663    7.50410   10.72411  326.92190     3.5050   16.76151 2.5353e+01     0.6175     1.0078 0.0000e+00
        304  86.671051    0.02106     1.2637     75.822     12.114  51339.532    31.5846     3.5042     12.000     3.5016    25.1161     6.7402     9.6324     89.817    293.643    301.019    0.00547    7.50442   10.72456  326.93579     3.5035   16.76217 2.0544e+01     0.5943     1.0061 0.0000e+00
        309  86.671065    0.02140     1.2840     77.038     13.123  51338.051    31.5812     3.4967     13.000     3.4903    25.1141     6.7482     9.6439     89.905    293.993    301.377    0.00427    7.50597   10.72679  327.00428     3.4959   16.76544 1.6667e+01     0.5753     1.0195 0.0000e+00
        314  86.671079    0.02174     1.3041     78.249     14.132  51344.509    31.5813     3.4816     14.000     3.4743    25.1155     6.7687     9.6731     90.143    294.883    302.288    0.00406    7.50876   10.73077  327.12533     3.4807   16.77119 1.3530e+01     0.5838     1.0221 0.0000e+00
        319  86.671094    0.02207     1.3244     79.465     15.142  51355.716    31.5849     3.4677     15.000     3.4632    25.1196     6.7749     9.6820     90.198    295.152    302.566    0.00320    7.51115   10.73417  327.22786     3.4668   16.77605 1.0995e+01     0.6081     1.0296 0.0000e+00
        324  86.671107    0.02241     1.3448     80.689     16.152  51366.589    31.5903     3.4621     16.000     3.4614    25.1244     6.7774     9.6856     90.222    295.262    302.680    0.00225    7.51191   10.73527  327.25969     3.4611   16.77754 8.9230e+00     0.5857     1.0387 0.0000e+00
        329  86.671122    0.02275     1.3650     81.901     17.161  51368.674    31.5916     3.4636     17.000     3.4630    25.1253     6.7890     9.7021     90.380    295.764    303.195    0.00232    7.51155   10.73476  327.24376     3.4626   16.77678 7.2379e+00     0.5663     1.0404 0.0000e+00
        334  86.671136    0.02309     1.3856     83.138     18.171  51368.962    31.5914     3.4640     18.000     3.4630    25.1252     6.7978     9.7147     90.498    296.148    303.589    0.00217    7.51149   10.73467  327.24108     3.4630   16.77665 5.8751e+00     0.5590     1.0255 0.0000e+00
        338  86.671150    0.02343     1.4062     84.371     19.180  51371.636    31.5929     3.4647     19.000     3.4647    25.1263     6.8063     9.7269     90.614    296.520    303.970    0.00202    7.51129   10.73438  327.23206     3.4636   16.77622 4.7631e+00     0.5919     1.0098 0.0000e+00
        343  86.671164    0.02378     1.4267     85.603     20.190  51371.663    31.5931     3.4675     20.000     3.4673    25.1262     6.8161     9.7409     90.751    296.946    304.407    0.00205    7.51075   10.73362  327.20888     3.4663   16.77511 3.8695e+00     0.5844     1.0050 0.0000e+00
        348  86.671178    0.02411     1.4464     86.785     21.199  51373.008    31.5942     3.4704     21.000     3.4706    25.1268     6.8216     9.7487     90.830    297.183    304.651    0.00183    7.51017   10.73279  327.18311     3.4691   16.77389 3.1426e+00     0.5803     1.0278 0.0000e+00
        353  86.671192    0.02444     1.4663     87.977     22.209  51371.998    31.5938     3.4733     22.000     3.4728    25.1262     6.8281     9.7580     90.924    297.468    304.943    0.00170    7.50965   10.73204  327.16071     3.4720   16.77282 2.5543e+00     0.5491     1.0379 0.0000e+00
        358  86.671206    0.02477     1.4864     89.183     23.218  51371.935    31.5937     3.4751     23.000     3.4741    25.1260     6.8347     9.7674     91.016    297.755    305.236    0.00160    7.50933   10.73159  327.14685     3.4737   16.77216 2.0769e+00     0.5274     1.0313 0.0000e+00
        363  86.671220    0.02511     1.5068     90.405     24.228  51372.472    31.5937     3.4760     24.000     3.4750    25.1259     6.8446     9.7817     91.151    298.188    305.681    0.00173    7.50915   10.73133  327.13906     3.4746   16.77179 1.6901e+00     0.5217     1.0167 0.0000e+00
        368  86.671234    0.02546     1.5274     91.645     25.237  51373.338    31.5940     3.4771     25.000     3.4764    25.1261     6.8503     9.7897     91.228    298.435    305.934    0.00158    7.50893   10.73101  327.12918     3.4757   16.77132 1.3771e+00     0.5286     1.0262 0.0000e+00
        373  86.671249    0.02580     1.5483     92.897     26.246  51375.790    31.5960     3.4803     26.000     3.4808    25.1274     6.8541     9.7952     91.287    298.600    306.103    0.00131    7.50826   10.73005  327.09956     3.4787   16.76991 1.1212e+00     0.5395     1.0305 0.0000e+00
        378  86.671263    0.02615     1.5688     94.128     27.256  51378.204    31.5986     3.4860     27.000     3.4882    25.1289     6.8627     9.8075     91.416    298.974    306.487    0.00151    7.50707   10.72835  327.04731     3.4844   16.76741 9.1104e-01     0.5393     1.0373 0.0000e+00
        382  86.671277    0.02649     1.5895     95.370     28.266  51375.880    31.5989     3.4955     28.000     3.4964    25.1283     6.8705     9.8185     91.542    299.313    306.834    0.00163    7.50528   10.72578  326.96931     3.4939   16.76371 7.4152e-01     0.5144     1.0534 0.0000e+00
        387  86.671292    0.02684     1.6101     96.607     29.276  51371.997    31.5967     3.4995     29.000     3.4981    25.1262     6.8753     9.8255     91.614    299.526    307.051    0.00147    7.50466   10.72491  326.94329     3.4978   16.76248 6.0415e-01     0.5025     1.0518 0.0000e+00
        392  86.671306    0.02718     1.6312     97.870     30.285  51372.319    31.5966     3.5002     30.000     3.4988    25.1261     6.8745     9.8243     91.605    299.489    307.015    0.00095    7.50453   10.72472  326.93752     3.4985   16.76220 4.9517e-01     0.5094     1.0479 0.0000e+00
        398  86.671321    0.02754     1.6522     99.130     31.295  51373.073    31.5968     3.5013     31.000     3.4997    25.1262     6.8768     9.8276     91.637    299.589    307.117    0.00075    7.50431   10.72441  326.92823     3.4995   16.76176 4.0540e-01     0.5203     1.0648 0.0000e+00
        403  86.671336    0.02789     1.6730    100.383     32.305  51375.041    31.5978     3.5020     32.000     3.5011    25.1270     6.8837     9.8375     91.732    299.891    307.427    0.00092    7.50415   10.72418  326.92074     3.5000   16.76140 3.3221e-01     0.4998     1.0646 0.0000e+00
        407  86.671349    0.02823     1.6936    101.619     33.314  51377.533    31.5998     3.5052     33.000     3.5049    25.1283     6.8907     9.8474     91.833    300.194    307.737    0.00110    7.50346   10.72319  326.89013     3.5032   16.75994 2.7235e-01     0.5035     1.0586 0.0000e+00
        412  86.671364    0.02857     1.7140    102.841     34.324  51378.514    31.6010     3.5091     34.000     3.5085    25.1288     6.8951     9.8538     91.902    300.387    307.935    0.00107    7.50267   10.72207  326.85570     3.5071   16.75830 2.2421e-01     0.4812     1.0546 0.0000e+00
        417  86.671378    0.02890     1.7342    104.049     35.333  51380.846    31.6029     3.5125     35.000     3.5118    25.1300     6.8981     9.8581     91.950    300.517    308.069    0.00095    7.50195   10.72103  326.82393     3.5104   16.75678 1.8547e-01     0.4707     1.0731 0.0000e+00
        422  86.671392    0.02924     1.7544    105.262     36.343  51382.873    31.6045     3.5156     36.000     3.5143    25.1311     6.8954     9.8541     91.922    300.395    307.945    0.00052    7.50129   10.72010  326.79516     3.5135   16.75541 1.5401e-01     0.4730     1.1098 0.0000e+00
        427  86.671406    0.02958     1.7752    106.512     37.353  51383.737    31.6049     3.5168     37.000     3.5144    25.1313     6.8879     9.8435     91.826    300.072    307.613   -0.00019    7.50105   10.71975  326.78439     3.5146   16.75489 1.2853e-01     0.4895     1.1286 0.0000e+00
        432  86.671421    0.02994     1.7963    107.778     38.362  51385.943    31.6058     3.5164     38.000     3.5140    25.1320     6.8885     9.8444     91.833    300.098    307.640   -0.00017    7.50108   10.71979  326.78531     3.5141   16.75493 1.0820e-01     0.4739     1.1391 0.0000e+00
        437  86.671436    0.03030     1.8176    109.056     39.371  51386.916    31.6058     3.5158     39.000     3.5130    25.1321     6.8881     9.8437     91.827    300.080    307.622   -0.00019    7.50118   10.71994  326.78995     3.5135   16.75515 9.1955e-02     0.4510     1.1208 0.0000e+00
        442  86.671451    0.03064     1.8387    110.322     40.382  51388.999    31.6063     3.5144     40.000     3.5117    25.1326     6.8864     9.8414     91.801    300.008    307.547   -0.00034    7.50141   10.72027  326.79971     3.5121   16.75562 7.9195e-02     0.4625     1.1319 0.0000e+00
        447  86.671465    0.03099     1.8595    111.569     41.392  51393.909    31.6093     3.5150     41.000     3.5140    25.1349     6.8889     9.8449     91.838    300.114    307.657   -0.00011    7.50116   10.71990  326.78771     3.5125   16.75503 6.9145e-02     0.4765     1.1611 0.0000e+00
        452  86.671479    0.03134     1.8804    112.824     42.401  51400.153    31.6143     3.5203     42.000     3.5217    25.1385     6.8874     9.8428     91.833    300.049    307.591   -0.00016    7.49992   10.71814  326.73296     3.5178   16.75241 6.1281e-02     0.4573     1.1545 0.0000e+00
        457  86.671494    0.03170     1.9015    114.093     43.411  51399.470    31.6158     3.5301     43.000     3.5299    25.1388     6.8878     9.8434     91.862    300.067    307.610   -0.00002    7.49804   10.71546  326.65103     3.5275   16.74851 5.5047e-02     0.4501     1.1719 0.0000e+00
        462  86.671509    0.03204     1.9227    115.359     44.420  51399.310    31.6164     3.5351     44.000     3.5343    25.1388     6.8850     9.8393     91.835    299.943    307.483   -0.00015    7.49709   10.71410  326.60960     3.5324   16.74654 5.0177e-02     0.4248     1.1904 0.0000e+00
        467  86.671523    0.03239     1.9433    116.596     45.430  51400.158    31.6177     3.5398     45.000     3.5386    25.1394     6.8751     9.8251     91.714    299.510    307.039   -0.00077    7.49616   10.71276  326.56854     3.5371   16.74458 4.6464e-02     0.4142     1.1877 0.0000e+00
        472  86.671538    0.03274     1.9643    117.861     46.440  51401.907    31.6194     3.5437     46.000     3.5431    25.1404     6.8726     9.8216     91.692    299.403    306.930   -0.00073    7.49535   10.71160  326.53313     3.5409   16.74290 4.3550e-02     0.4198     1.1980 0.0000e+00
        477  86.671552    0.03309     1.9852    119.112     47.449  51406.500    31.6238     3.5512     47.000     3.5523    25.1433     6.8754     9.8255     91.747    299.521    307.052   -0.00031    7.49374   10.70931  326.46229     3.5483   16.73951 4.1263e-02     0.4004     1.2101 0.0000e+00
        483  86.671567    0.03344     2.0064    120.382     48.459  51404.412    31.6241     3.5599     48.000     3.5593    25.1427     6.8771     9.8280     91.790    299.596    307.128   -0.00004    7.49214   10.70701  326.39241     3.5570   16.73619 3.9530e-02     0.4021     1.2372 0.0000e+00
        488  86.671582    0.03379     2.0276    121.659     49.468  51405.993    31.6262     3.5660     49.000     3.5656    25.1438     6.8709     9.8192     91.723    299.328    306.854   -0.00037    7.49090   10.70524  326.33808     3.5631   16.73359 3.8367e-02     0.4219     1.2489 0.0000e+00
        493  86.671596    0.03414     2.0484    122.906     50.478  51405.935    31.6270     3.5715     50.000     3.5705    25.1440     6.8639     9.8092     91.642    299.023    306.541   -0.00075    7.48984   10.70374  326.29230     3.5684   16.73141 3.8023e-02     0.4201     1.2500 0.0000e+00
        498  86.671611    0.03449     2.0694    124.166     51.488  51409.169    31.6301     3.5774     51.000     3.5776    25.1459     6.8658     9.8119     91.683    299.105    306.626   -0.00038    7.48860   10.70196  326.23751     3.5743   16.72880 3.7980e-02     0.3952     1.2519 0.0000e+00
        503  86.671625    0.03484     2.0904    125.423     52.497  51411.395    31.6335     3.5870     52.000     3.5875    25.1478     6.8643     9.8098     91.687    299.039    306.559   -0.00029    7.48666   10.69918  326.15202     3.5839   16.72472 3.7976e-02     0.3711     1.2959 0.0000e+00
        508  86.671640    0.03519     2.1110    126.662     53.506  51407.193    31.6319     3.5938     53.000     3.5916    25.1459     6.8616     9.8059     91.666    298.924    306.440   -0.00035    7.48548   10.69750  326.10152     3.5906   16.72233 3.7976e-02     0.3537     1.3608 0.0000e+00
