CTD-processing/allCTD/CNV/2018_12-06_alongbay_skb13_cast034_4141.cnv
* Sea-Bird SBE19plus Data File:
* FileName = C:\Users\Kim.Powell\Desktop\Not Processed\2018\2018_12-06_AlongBay, T9_4141\2018_12-06_TRANSECT_STATION_cast034.hex
* Software Version 1.59
* Temperature SN =  4141
* Conductivity SN =  4141
* System UpLoad Time = Jan 10 2019 09:56:33
** 2018_12-06
** Station: KB13
** Start Time: 13:55
** Depth (m): 31
** Comment:
** Comment:
# nquan = 27
# nvalues = 30                          
# units = specified
# name 0 = scan: Scan Count
# name 1 = timeJ: Julian Days
# name 2 = timeH: Time, Elapsed [hours]
# name 3 = timeM: Time, Elapsed [minutes]
# name 4 = timeS: Time, Elapsed [seconds]
# name 5 = prdM: Pressure, Strain Gauge [db]
# name 6 = specc: Specific Conductance [uS/cm]
# name 7 = sal00: Salinity, Practical [PSU]
# name 8 = tv290C: Temperature [ITS-90, deg C]
# name 9 = depSM: Depth [salt water, m], lat = 59.00
# name 10 = potemp090C: Potential Temperature [ITS-90, deg C]
# name 11 = sigma-é00: Density [sigma-theta, kg/m^3]
# name 12 = sbeox0ML/L: Oxygen, SBE 43 [ml/l]
# name 13 = sbeox0Mg/L: Oxygen, SBE 43 [mg/l]
# name 14 = sbeox0PS: Oxygen, SBE 43 [% saturation]
# name 15 = sbox0Mm/Kg: Oxygen, SBE 43 [umol/kg]
# name 16 = sbeox0Mm/L: Oxygen, SBE 43 [umol/l]
# name 17 = sbox0dV/dT: Oxygen, SBE 43 [dov/dt]
# name 18 = oxsolML/L: Oxygen Saturation, Garcia & Gordon [ml/l]
# name 19 = oxsolMg/L: Oxygen Saturation, Garcia & Gordon [mg/l]
# name 20 = oxsolMm/Kg: Oxygen Saturation, Garcia & Gordon [umol/kg]
# name 21 = n2satMg/L: Nitrogen Saturation [mg/l]
# name 22 = par: PAR/Irradiance, Biospherical/Licor
# name 23 = wetStar: Fluorescence, WET Labs WETstar [mg/m^3]
# name 24 = CStarAt0: Beam Attenuation, WET Labs C-Star [1/m]
# name 25 = CStarTr0: Beam Transmission, WET Labs C-Star [%]
# name 26 = flag: flag
# span 0 =        331,        471       
# span 1 = 340.580747, 340.581152       
# span 2 =    0.02295,    0.03264       
# span 3 =     1.3765,     1.9581       
# span 4 =     82.592,    117.485       
# span 5 =      1.019,     30.242       
# span 6 =  48234.315,  49208.212       
# span 7 =    30.1297,    30.9753       
# span 8 =     6.6943,     7.8105       
# span 9 =      1.000,     30.000       
# span 10 =     6.6920,     7.8084      
# span 11 =    23.6227,    24.1417      
# span 12 =     5.7195,     6.1725      
# span 13 =     8.1738,     8.8211      
# span 14 =     83.969,     89.734      
# span 15 =    249.419,    269.180      
# span 16 =    255.434,    275.662      
# span 17 =   -0.01570,    0.01067      
# span 18 =    6.80444,    7.01984      
# span 19 =    9.72423,   10.03205      
# span 20 =  296.72308,  306.27094      
# span 21 =   15.32581,   15.78467      
# span 22 = 5.7075e-02, 3.6361e+01      
# span 23 =     0.2087,     0.2933      
# span 24 =     0.7214,     1.2754      
# span 25 =    72.6995,    83.4989      
# span 26 = 0.0000e+00, 0.0000e+00      
# interval = meters: 1                  
# start_time = Dec 06 2018 13:54:54 [Instrument's time stamp, header]
# bad_flag = -9.990e-29
*END*
        331 340.580747    0.02295     1.3765     82.592      1.019  48234.315    30.1297     6.6983      1.000     6.6920    23.6227     6.1689     8.8160     87.879    269.147    275.505    0.00013    7.01984   10.03205  306.27094   15.78467 3.6361e+01     0.2933     1.1467    75.0745 0.0000e+00
        336 340.580761    0.02327     1.3960     83.762      2.019  48266.354    30.1506     6.6943      2.000     6.7027    23.6397     6.1648     8.8102     87.824    268.963    275.321   -0.00015    7.01952   10.03160  306.25207   15.78368 2.4550e+01     0.2856     1.1725    74.5941 0.0000e+00
        341 340.580775    0.02359     1.4156     84.937      3.028  48392.552    30.2433     6.7293      3.000     6.7900    23.7083     6.1619     8.8060     87.907    268.816    275.189    0.00018    7.00953   10.01732  305.79559   15.76154 1.7809e+01     0.2911     1.1537    74.9452 0.0000e+00
        345 340.580788    0.02392     1.4350     86.099      4.039  48967.875    30.6835     6.9787      4.000     7.1729    24.0231     6.1579     8.8003     88.618    268.561    275.012    0.00414    6.94897    9.93077  303.06065   15.62933 1.3743e+01     0.2928     1.0655    76.6226 0.0000e+00
        350 340.580802    0.02424     1.4545     87.268      5.047  49070.932    30.8218     7.3809      5.000     7.4904    24.0792     6.1725     8.8211     89.734    269.180    275.662    0.01067    6.87854    9.83013  299.97271   15.48150 1.1185e+01     0.2910     0.8293    81.2839 0.0000e+00
        355 340.580815    0.02457     1.4742     88.451      6.057  48992.137    30.7964     7.5645      6.000     7.5917    24.0346     6.0493     8.6451     88.301    263.822    270.164   -0.00026    6.85078    9.79046  298.77511   15.42447 9.5017e+00     0.2817     0.7214    83.4989 0.0000e+00
        359 340.580829    0.02489     1.4935     89.613      7.065  48963.897    30.7834     7.6085      7.000     7.6104    24.0184     5.9141     8.4519     86.407    257.931    264.125   -0.01197    6.84448    9.78145  298.50481   15.41162 8.0146e+00     0.2658     0.7338    83.2386 0.0000e+00
        364 340.580843    0.02522     1.5132     90.794      8.077  48981.612    30.7961     7.6141      8.000     7.6155    24.0277     5.8357     8.3399     85.280    254.509    260.625   -0.01570    6.84303    9.77937  298.43885   15.40842 6.6998e+00     0.2547     0.7385    83.1427 0.0000e+00
        369 340.580856    0.02555     1.5327     91.964      9.086  49015.828    30.8207     7.6215      9.000     7.6298    24.0459     5.8283     8.3293     85.200    254.181    260.293   -0.01182    6.84078    9.77616  298.33550   15.40339 5.5527e+00     0.2567     0.7627    82.6400 0.0000e+00
        374 340.580870    0.02587     1.5526     93.155     10.095  49047.032    30.8461     7.6468     10.000     7.6536    24.0624     5.8423     8.3492     85.467    254.785    260.916   -0.00640    6.83568    9.76886  298.10811   15.39244 4.5418e+00     0.2395     0.7881    82.1188 0.0000e+00
        378 340.580884    0.02621     1.5726     94.357     11.104  49048.676    30.8489     7.6604     11.000     7.6626    24.0627     5.8439     8.3515     85.518    254.854    260.986   -0.00408    6.83342    9.76565  298.00989   15.38774 3.6846e+00     0.2360     0.8074    81.7228 0.0000e+00
        383 340.580898    0.02656     1.5934     95.607     12.115  49057.147    30.8555     7.6677     12.000     7.6680    24.0670     5.8406     8.3469     85.490    254.714    260.844   -0.00303    6.83200    9.76361  297.94658   15.38469 2.9885e+00     0.2490     0.8233    81.3979 0.0000e+00
        388 340.580912    0.02689     1.6132     96.792     13.121  49065.338    30.8613     7.6710     13.000     7.6719    24.0711     5.8448     8.3527     85.560    254.892    261.028   -0.00173    6.83122    9.76249  297.91116   15.38298 2.4127e+00     0.2368     0.8455    80.9474 0.0000e+00
        393 340.580926    0.02723     1.6338     98.030     14.133  49082.985    30.8742     7.6780     14.000     7.6826    24.0803     5.8457     8.3541     85.594    254.930    261.069   -0.00104    6.82955    9.76011  297.83582   15.37933 1.9411e+00     0.2244     0.8496    80.8637 0.0000e+00
        398 340.580941    0.02757     1.6545     99.268     15.143  49096.523    30.8858     7.6942     15.000     7.6990    24.0872     5.8438     8.3514     85.605    254.846    260.985   -0.00071    6.82651    9.75577  297.70136   15.37287 1.5578e+00     0.2312     0.8637    80.5804 0.0000e+00
        403 340.580955    0.02792     1.6751    100.503     16.152  49108.736    30.8965     7.7106     16.000     7.7152    24.0933     5.8344     8.3379     85.504    254.432    260.562   -0.00101    6.82347    9.75143  297.56696   15.36641 1.2527e+00     0.2400     0.8824    80.2035 0.0000e+00
        408 340.580969    0.02825     1.6953    101.719     17.159  49112.052    30.9001     7.7221     17.000     7.7241    24.0946     5.8086     8.3011     85.151    253.308    259.412   -0.00282    6.82154    9.74866  297.48223   15.36235 1.0025e+00     0.2396     0.9174    79.5061 0.0000e+00
        413 340.580984    0.02860     1.7163    102.976     18.173  49126.341    30.9116     7.7343     18.000     7.7380    24.1019     5.7899     8.2743     84.906    252.490    258.575   -0.00353    6.81911    9.74519  297.37405   15.35714 7.9636e-01     0.2201     0.9507    78.8473 0.0000e+00
        418 340.580997    0.02893     1.7359    104.155     19.178  49135.412    30.9194     7.7463     19.000     7.7530    24.1064     5.7815     8.2625     84.812    252.127    258.205   -0.00313    6.81691    9.74205  297.27699   15.35248 6.3041e-01     0.2173     1.0106    77.6769 0.0000e+00
        423 340.581012    0.02928     1.7565    105.392     20.192  49149.432    30.9324     7.7694     20.000     7.7746    24.1134     5.7764     8.2551     84.789    251.901    257.975   -0.00227    6.81274    9.73609  297.09311   15.34365 4.8957e-01     0.2150     1.1107    75.7561 0.0000e+00
        427 340.581025    0.02960     1.7760    106.560     21.199  49141.086    30.9276     7.7790     21.000     7.7759    24.1084     5.7430     8.2073     84.314    250.445    256.482   -0.00421    6.81146    9.73426  297.03865   15.34107 3.7540e-01     0.2105     1.1625    74.7792 0.0000e+00
        432 340.581039    0.02993     1.7959    107.751     22.208  49154.225    30.9359     7.7764     22.000     7.7736    24.1153     5.7195     8.1738     83.969    249.419    255.434   -0.00538    6.81150    9.73431  297.03824   15.34101 2.8855e-01     0.2139     1.1386    75.2272 0.0000e+00
        437 340.581052    0.03027     1.8159    108.953     23.219  49162.291    30.9408     7.7748     23.000     7.7728    24.1193     5.7449     8.2100     84.340    250.523    256.565   -0.00173    6.81153    9.73435  297.03828   15.34100 2.2709e-01     0.2171     1.0611    76.7006 0.0000e+00
        442 340.581067    0.03060     1.8361    110.165     24.226  49171.775    30.9474     7.7777     24.000     7.7783    24.1241     5.7751     8.2532     84.793    251.841    257.916    0.00152    6.81078    9.73328  297.00431   15.33935 1.8092e-01     0.2167     1.0391    77.1235 0.0000e+00
        447 340.581081    0.03095     1.8570    111.419     25.238  49166.766    30.9442     7.7821     25.000     7.7784    24.1210     5.7956     8.2825     85.102    252.737    258.833    0.00292    6.81025    9.73253  296.98212   15.33830 1.4390e-01     0.2158     1.0815    76.3108 0.0000e+00
        452 340.581096    0.03129     1.8771    112.626     26.248  49174.641    30.9487     7.7788     26.000     7.7775    24.1251     5.7977     8.2855     85.129    252.827    258.926    0.00215    6.81056    9.73299  296.99477   15.33890 1.1486e-01     0.2087     1.0606    76.7102 0.0000e+00
        456 340.581109    0.03161     1.8967    113.801     27.256  49204.423    30.9707     7.7893     27.000     7.7967    24.1408     5.8010     8.2902     85.209    252.964    259.071    0.00181    6.80794    9.72923  296.87582   15.33312 9.5141e-02     0.2250     1.0676    76.5830 0.0000e+00
        461 340.581123    0.03194     1.9165    114.989     28.266  49194.739    30.9663     7.8071     28.000     7.8058    24.1349     5.8016     8.2911     85.250    252.994    259.100    0.00160    6.80538    9.72556  296.76577   15.32789 7.8708e-02     0.2214     1.2566    73.0451 0.0000e+00
        466 340.581136    0.03227     1.9366    116.194     29.275  49195.884    30.9669     7.8083     29.000     7.8061    24.1352     5.7788     8.2585     84.918    252.000    258.082   -0.00080    6.80517    9.72526  296.75644   15.32744 6.5843e-02     0.2152     1.2754    72.6995 0.0000e+00
        471 340.581152    0.03264     1.9581    117.485     30.242  49208.212    30.9753     7.8105     30.000     7.8084    24.1417     5.7564     8.2264     84.596    251.018    257.077   -0.00296    6.80444    9.72423  296.72308   15.32581 5.7075e-02     0.2087     1.2586    73.0040 0.0000e+00
