CTD-processing/allCTD/CNV/2018_11-08_t9_s09_cast020_4141.cnv
* Sea-Bird SBE19plus Data File:
* FileName = C:\Users\Kim.Powell\Desktop\Not Processed\2018\2018_11-08_AlongBay, T9_4141\2018_11-08_TRANSECT_STATION_cast020.hex
* Software Version 1.59
* Temperature SN =  4141
* Conductivity SN =  4141
* System UpLoad Time = Nov 13 2018 09:27:18
** 2018_11-08
** Station: 9-09
** Start Time: 15:00
** Depth (m): 65
** Comment: **out of order in field notes
** Comment:
# nquan = 27
# nvalues = 82                          
# units = specified
# name 0 = scan: Scan Count
# name 1 = timeJ: Julian Days
# name 2 = timeH: Time, Elapsed [hours]
# name 3 = timeM: Time, Elapsed [minutes]
# name 4 = timeS: Time, Elapsed [seconds]
# name 5 = prdM: Pressure, Strain Gauge [db]
# name 6 = specc: Specific Conductance [uS/cm]
# name 7 = sal00: Salinity, Practical [PSU]
# name 8 = tv290C: Temperature [ITS-90, deg C]
# name 9 = depSM: Depth [salt water, m], lat = 59.00
# name 10 = potemp090C: Potential Temperature [ITS-90, deg C]
# name 11 = sigma-é00: Density [sigma-theta, kg/m^3]
# name 12 = sbeox0ML/L: Oxygen, SBE 43 [ml/l]
# name 13 = sbeox0Mg/L: Oxygen, SBE 43 [mg/l]
# name 14 = sbeox0PS: Oxygen, SBE 43 [% saturation]
# name 15 = sbox0Mm/Kg: Oxygen, SBE 43 [umol/kg]
# name 16 = sbeox0Mm/L: Oxygen, SBE 43 [umol/l]
# name 17 = sbox0dV/dT: Oxygen, SBE 43 [dov/dt]
# name 18 = oxsolML/L: Oxygen Saturation, Garcia & Gordon [ml/l]
# name 19 = oxsolMg/L: Oxygen Saturation, Garcia & Gordon [mg/l]
# name 20 = oxsolMm/Kg: Oxygen Saturation, Garcia & Gordon [umol/kg]
# name 21 = n2satMg/L: Nitrogen Saturation [mg/l]
# name 22 = par: PAR/Irradiance, Biospherical/Licor
# name 23 = wetStar: Fluorescence, WET Labs WETstar [mg/m^3]
# name 24 = CStarAt0: Beam Attenuation, WET Labs C-Star [1/m]
# name 25 = CStarTr0: Beam Transmission, WET Labs C-Star [%]
# name 26 = flag: flag
# span 0 =        266,        681       
# span 1 = 312.626311, 312.627512       
# span 2 =    0.01840,    0.04721       
# span 3 =     1.1039,     2.8327       
# span 4 =     66.232,    169.961       
# span 5 =      1.014,     82.781       
# span 6 =  48294.635,  48783.630       
# span 7 =    30.3898,    30.7632       
# span 8 =     8.0574,     8.5149       
# span 9 =      1.000,     82.000       
# span 10 =     8.0649,     8.5070      
# span 11 =    23.6474,    23.8758      
# span 12 =     5.5813,     5.9176      
# span 13 =     7.9763,     8.4569      
# span 14 =     82.175,     87.201      
# span 15 =    243.502,    258.175      
# span 16 =    249.260,    264.281      
# span 17 =   -0.00353,    0.00159      
# span 18 =    6.70608,    6.79225      
# span 19 =    9.58365,    9.70680      
# span 20 =  292.50935,  296.33426      
# span 21 =   15.12552,   15.30966      
# span 22 = 4.1702e-02, 3.7689e+01      
# span 23 =     0.3216,     0.6089      
# span 24 =     0.3736,     2.4425      
# span 25 =    54.3004,    91.0835      
# span 26 = 0.0000e+00, 0.0000e+00      
# interval = meters: 1                  
# start_time = Nov 08 2018 15:00:47 [Instrument's time stamp, header]
# bad_flag = -9.990e-29
*END*
        266 312.626311    0.01840     1.1039     66.232      1.014  48294.635    30.3898     8.0574      1.000     8.0649    23.6474     5.5813     7.9763     82.175    243.502    249.260   -0.00042    6.79225    9.70680  296.33426   15.30966 3.7689e+01     0.4846     0.7169    83.5904 0.0000e+00
        341 312.626527    0.02359     1.4152     84.912      2.027  48307.693    30.4038     8.0932      2.000     8.1016    23.6534     5.9176     8.4569     87.201    258.175    264.281    0.00040    6.78611    9.69803  296.06493   15.29674 2.4336e+01     0.5108     0.7274    83.3735 0.0000e+00
        339 312.626522    0.02347     1.4085     84.513      3.028  48340.030    30.4281     8.1082      3.000     8.1262    23.6703     5.9019     8.4343     87.013    257.483    263.578    0.00159    6.78274    9.69322  295.91291   15.28938 1.8358e+01     0.4888     0.7289    83.3422 0.0000e+00
        343 312.626534    0.02376     1.4254     85.522      4.030  48346.197    30.4369     8.1416      4.000     8.1501    23.6726     5.8946     8.4240     86.977    257.164    263.252    0.00097    6.77722    9.68532  295.67105   15.27780 1.7906e+01     0.4957     0.7282    83.3549 0.0000e+00
        348 312.626549    0.02412     1.4471     86.828      5.061  48342.112    30.4360     8.1575      5.000     8.1610    23.6697     5.8767     8.3984     86.743    256.385    262.454   -0.00071    6.77481    9.68187  295.56688   15.27283 1.5789e+01     0.4908     0.7108    83.7185 0.0000e+00
        352 312.626559    0.02435     1.4611     87.667      6.048  48347.235    30.4402     8.1650      6.000     8.1693    23.6720     5.8556     8.3682     86.448    255.462    261.509   -0.00261    6.77348    9.67997  295.50813   15.27001 1.3334e+01     0.4920     0.7128    83.6765 0.0000e+00
        356 312.626570    0.02463     1.4778     88.668      7.069  48343.751    30.4387     8.1738      7.000     8.1753    23.6695     5.8446     8.3526     86.303    254.986    261.021   -0.00305    6.77219    9.67812  295.45245   15.26736 1.1200e+01     0.4867     0.7091    83.7550 0.0000e+00
        360 312.626582    0.02491     1.4947     89.684      8.068  48341.952    30.4375     8.1768      8.000     8.1763    23.6682     5.8511     8.3618     86.404    255.269    261.310   -0.00171    6.77178    9.67755  295.43540   15.26655 9.6218e+00     0.5035     0.7013    83.9184 0.0000e+00
        365 312.626597    0.02528     1.5166     90.999      9.094  48342.228    30.4373     8.1772      9.000     8.1767    23.6680     5.8491     8.3589     86.374    255.180    261.220   -0.00132    6.77174    9.67748  295.43326   15.26645 8.0780e+00     0.4961     0.6944    84.0622 0.0000e+00
        369 312.626609    0.02555     1.5331     91.988     10.091  48342.804    30.4375     8.1785     10.000     8.1774    23.6679     5.8459     8.3544     86.331    255.043    261.079   -0.00125    6.77154    9.67720  295.42455   15.26604 6.6622e+00     0.5047     0.6989    83.9683 0.0000e+00
        373 312.626620    0.02581     1.5491     92.945     11.111  48341.031    30.4357     8.1779     11.000     8.1759    23.6666     5.8404     8.3465     86.247    254.802    260.833   -0.00160    6.77169    9.67742  295.43188   15.26639 5.4309e+00     0.4823     0.7023    83.8972 0.0000e+00
        376 312.626629    0.02605     1.5630     93.782     12.103  48344.612    30.4376     8.1769     12.000     8.1763    23.6683     5.8453     8.3534     86.317    255.012    261.048   -0.00089    6.77176    9.67752  295.43432   15.26650 4.5171e+00     0.4874     0.7076    83.7856 0.0000e+00
        381 312.626643    0.02638     1.5826     94.958     13.127  48350.471    30.4416     8.1789     13.000     8.1803    23.6711     5.8477     8.3570     86.361    255.122    261.161   -0.00045    6.77128    9.67683  295.41245   15.26545 3.7356e+00     0.5055     0.6917    84.1204 0.0000e+00
        385 312.626656    0.02669     1.6013     96.078     14.130  48354.883    30.4454     8.1868     14.000     8.1888    23.6730     5.8515     8.3624     86.435    255.286    261.330    0.00018    6.76989    9.67485  295.35161   15.26253 3.0727e+00     0.4911     0.6720    84.5354 0.0000e+00
        390 312.626669    0.02699     1.6196     97.177     15.154  48352.142    30.4439     8.1928     15.000     8.1919    23.6710     5.8457     8.3542     86.360    255.034    261.071   -0.00039    6.76905    9.67365  295.31531   15.26080 2.5276e+00     0.4948     0.6666    84.6492 0.0000e+00
        393 312.626678    0.02721     1.6327     97.961     16.142  48350.277    30.4422     8.1931     16.000     8.1911    23.6696     5.8409     8.3473     86.289    254.826    260.857   -0.00085    6.76907    9.67368  295.31665   15.26087 2.1108e+00     0.4954     0.6700    84.5774 0.0000e+00
        397 312.626690    0.02749     1.6496     98.977     17.164  48352.534    30.4433     8.1927     17.000     8.1910    23.6705     5.8502     8.3605     86.425    255.228    261.269    0.00004    6.76909    9.67371  295.31721   15.26089 1.7548e+00     0.5347     0.6682    84.6159 0.0000e+00
        401 312.626700    0.02777     1.6659     99.952     18.167  48354.146    30.4439     8.1927     18.000     8.1909    23.6711     5.8481     8.3577     86.396    255.141    261.179   -0.00002    6.76906    9.67365  295.31538   15.26080 1.4415e+00     0.5228     0.6512    84.9761 0.0000e+00
        406 312.626716    0.02812     1.6869    101.212     19.179  48355.096    30.4442     8.1930     19.000     8.1915    23.6713     5.8441     8.3518     86.336    254.961    260.996   -0.00056    6.76898    9.67356  295.31241   15.26066 1.2195e+00     0.5184     0.6228    85.5822 0.0000e+00
        411 312.626731    0.02850     1.7099    102.597     20.199  48357.465    30.4456     8.1940     20.000     8.1930    23.6722     5.8480     8.3573     86.396    255.132    261.171    0.00006    6.76878    9.67328  295.30345   15.26022 9.9862e-01     0.5459     0.6288    85.4545 0.0000e+00
        415 312.626741    0.02872     1.7233    103.397     21.195  48360.493    30.4473     8.1945     21.000     8.1921    23.6735     5.8485     8.3582     86.407    255.156    261.196   -0.00007    6.76861    9.67303  295.29572   15.25985 8.3827e-01     0.5213     0.6224    85.5912 0.0000e+00
        419 312.626752    0.02900     1.7400    104.403     22.200  48365.122    30.4501     8.1946     22.000     8.1929    23.6757     5.8540     8.3660     86.490    255.395    261.441    0.00038    6.76848    9.67284  295.28916   15.25952 7.2317e-01     0.5390     0.5549    87.0507 0.0000e+00
        424 312.626769    0.02939     1.7636    105.818     23.231  48362.801    30.4481     8.1944     23.000     8.1914    23.6741     5.8610     8.3759     86.590    255.695    261.748    0.00077    6.76861    9.67302  295.29538   15.25983 6.2548e-01     0.5393     0.5115    87.9944 0.0000e+00
        428 312.626780    0.02966     1.7796    106.776     24.222  48368.577    30.4517     8.1944     24.000     8.1929    23.6769     5.8707     8.3898     86.736    256.120    262.184    0.00143    6.76845    9.67280  295.28773   15.25945 5.3206e-01     0.5286     0.5196    87.8190 0.0000e+00
        432 312.626792    0.02996     1.7977    107.863     25.244  48366.277    30.4498     8.1957     25.000     8.1931    23.6753     5.8756     8.3968     86.810    256.335    262.404    0.00145    6.76834    9.67264  295.28325   15.25925 4.4809e-01     0.5295     0.5132    87.9595 0.0000e+00
        436 312.626804    0.03024     1.8141    108.847     26.238  48367.105    30.4498     8.1952     26.000     8.1924    23.6755     5.8727     8.3926     86.766    256.207    262.273    0.00073    6.76841    9.67274  295.28642   15.25940 3.8530e-01     0.5531     0.5176    87.8621 0.0000e+00
        442 312.626820    0.03063     1.8376    110.257     27.267  48368.697    30.4506     8.1954     27.000     8.1932    23.6760     5.8808     8.4043     86.887    256.564    262.638    0.00108    6.76835    9.67265  295.28343   15.25925 3.3398e-01     0.5192     0.5124    87.9775 0.0000e+00
        446 312.626831    0.03088     1.8527    111.162     28.272  48371.630    30.4523     8.1965     28.000     8.1949    23.6772     5.8721     8.3919     86.762    256.185    262.251    0.00013    6.76811    9.67230  295.27249   15.25872 2.8626e-01     0.5535     0.5222    87.7615 0.0000e+00
        449 312.626839    0.03108     1.8646    111.877     29.272  48371.588    30.4521     8.1981     29.000     8.1960    23.6769     5.8706     8.3896     86.742    256.117    262.182   -0.00047    6.76788    9.67197  295.26247   15.25824 2.4804e-01     0.5661     0.5235    87.7345 0.0000e+00
        452 312.626849    0.03131     1.8785    112.711     30.266  48370.826    30.4513     8.1991     30.000     8.1965    23.6761     5.8689     8.3872     86.718    256.041    262.103   -0.00040    6.76777    9.67181  295.25775   15.25802 2.1269e-01     0.6089     0.5179    87.8543 0.0000e+00
        459 312.626869    0.03181     1.9086    114.513     31.318  48372.190    30.4518     8.1995     31.000     8.1965    23.6765     5.8721     8.3918     86.767    256.181    262.247   -0.00000    6.76767    9.67168  295.25347   15.25781 1.8207e-01     0.4975     0.5070    88.0950 0.0000e+00
        462 312.626879    0.03203     1.9222    115.332     32.300  48369.499    30.4495     8.1989     32.000     8.1944    23.6747     5.8724     8.3922     86.768    256.193    262.258   -0.00007    6.76787    9.67196  295.26264   15.25826 1.5800e-01     0.5208     0.5160    87.8984 0.0000e+00
        466 312.626890    0.03230     1.9380    116.280     33.320  48372.292    30.4506     8.1964     33.000     8.1931    23.6760     5.8701     8.3890     86.731    256.096    262.160   -0.00031    6.76819    9.67243  295.27652   15.25891 1.3797e-01     0.5142     0.5171    87.8732 0.0000e+00
        470 312.626900    0.03256     1.9534    117.202     34.314  48380.413    30.4561     8.1984     34.000     8.1980    23.6801     5.8680     8.3859     86.706    256.000    262.062   -0.00054    6.76765    9.67165  295.25182   15.25772 1.2284e-01     0.5043     0.5137    87.9489 0.0000e+00
        475 312.626915    0.03290     1.9739    118.432     35.348  48380.535    30.4568     8.2055     35.000     8.2035    23.6796     5.8689     8.3872     86.734    256.041    262.104   -0.00020    6.76652    9.67003  295.20244   15.25536 1.0847e-01     0.5189     0.4998    88.2542 0.0000e+00
        478 312.626924    0.03312     1.9873    119.238     36.336  48378.660    30.4553     8.2069     36.000     8.2041    23.6782     5.8666     8.3839     86.702    255.940    262.000   -0.00043    6.76638    9.66983  295.19670   15.25509 9.7132e-02     0.4982     0.5045    88.1509 0.0000e+00
        482 312.626936    0.03340     2.0042    120.255     37.343  48379.343    30.4555     8.2080     37.000     8.2042    23.6782     5.8663     8.3835     86.700    255.927    261.987   -0.00043    6.76620    9.66958  295.18908   15.25473 8.7201e-02     0.4925     0.5001    88.2475 0.0000e+00
        489 312.626955    0.03387     2.0324    121.941     38.377  48380.518    30.4557     8.2070     38.000     8.2033    23.6785     5.8615     8.3767     86.628    255.721    261.776   -0.00071    6.76634    9.66978  295.19513   15.25502 7.9012e-02     0.4986     0.4624    89.0828 0.0000e+00
        492 312.626966    0.03413     2.0473    122.841     39.376  48381.415    30.4559     8.2073     39.000     8.2040    23.6787     5.8604     8.3751     86.613    255.672    261.727   -0.00077    6.76628    9.66970  295.19248   15.25489 7.1947e-02     0.5011     0.4964    88.3302 0.0000e+00
        495 312.626974    0.03433     2.0596    123.577     40.366  48381.519    30.4557     8.2080     40.000     8.2044    23.6784     5.8661     8.3833     86.698    255.922    261.982   -0.00016    6.76619    9.66957  295.18854   15.25470 6.8028e-02     0.4958     0.5051    88.1372 0.0000e+00
        500 312.626989    0.03467     2.0801    124.808     41.393  48381.045    30.4550     8.2084     41.000     8.2043    23.6778     5.8724     8.3921     86.789    256.192    262.258    0.00044    6.76615    9.66951  295.18695   15.25463 6.3525e-02     0.5193     0.4977    88.3015 0.0000e+00
        506 312.627004    0.03504     2.1026    126.155     42.407  48381.202    30.4546     8.2078     42.000     8.2039    23.6776     5.8603     8.3750     86.611    255.669    261.723   -0.00080    6.76628    9.66968  295.19241   15.25489 5.9746e-02     0.5046     0.4931    88.4016 0.0000e+00
        510 312.627016    0.03532     2.1189    127.132     43.413  48386.680    30.4581     8.2089     43.000     8.2061    23.6802     5.8560     8.3687     86.551    255.479    261.528   -0.00108    6.76594    9.66921  295.17723   15.25415 5.6680e-02     0.5118     0.5029    88.1871 0.0000e+00
        513 312.627025    0.03556     2.1335    128.012     44.408  48384.356    30.4563     8.2104     44.000     8.2061    23.6786     5.8588     8.3727     86.594    255.601    261.652   -0.00066    6.76579    9.66899  295.17117   15.25387 5.4578e-02     0.4846     0.4961    88.3374 0.0000e+00
        518 312.627041    0.03593     2.1559    129.352     45.434  48386.382    30.4573     8.2107     45.000     8.2069    23.6794     5.8663     8.3835     86.706    255.930    261.990    0.00017    6.76570    9.66886  295.16692   15.25366 5.2315e-02     0.4968     0.4788    88.7196 0.0000e+00
        523 312.627054    0.03625     2.1751    130.508     46.442  48390.558    30.4600     8.2124     46.000     8.2096    23.6813     5.8649     8.3815     86.690    255.865    261.925    0.00004    6.76533    9.66833  295.14990   15.25284 5.0838e-02     0.5539     0.4755    88.7922 0.0000e+00
        527 312.627066    0.03654     2.1922    131.534     47.454  48391.401    30.4607     8.2156     47.000     8.2125    23.6813     5.8633     8.3792     86.674    255.797    261.855   -0.00029    6.76481    9.66760  295.12758   15.25177 4.9228e-02     0.5295     0.4718    88.8736 0.0000e+00
        531 312.627076    0.03678     2.2066    132.394     48.459  48392.807    30.4616     8.2179     48.000     8.2150    23.6817     5.8681     8.3861     86.749    256.006    262.069    0.00028    6.76442    9.66703  295.11024   15.25094 4.8294e-02     0.4984     0.4797    88.6993 0.0000e+00
        534 312.627086    0.03701     2.2209    133.254     49.451  48394.836    30.4629     8.2209     49.000     8.2177    23.6824     5.8641     8.3803     86.696    255.830    261.889   -0.00012    6.76389    9.66628  295.08703   15.24982 4.7375e-02     0.4762     0.4882    88.5104 0.0000e+00
        541 312.627107    0.03751     2.2506    135.035     50.500  48394.695    30.4628     8.2236     50.000     8.2193    23.6820     5.8607     8.3755     86.652    255.683    261.738   -0.00034    6.76350    9.66571  295.06995   15.24901 4.6007e-02     0.4812     0.4713    88.8849 0.0000e+00
        544 312.627116    0.03774     2.2640    135.842     51.485  48392.313    30.4609     8.2246     51.000     8.2188    23.6803     5.8600     8.3746     86.643    255.656    261.710   -0.00046    6.76341    9.66560  295.06708   15.24888 4.5825e-02     0.4849     0.4873    88.5303 0.0000e+00
        547 312.627125    0.03795     2.2770    136.619     52.487  48395.356    30.4624     8.2237     52.000     8.2196    23.6817     5.8570     8.3704     86.599    255.526    261.578   -0.00065    6.76349    9.66571  295.06998   15.24901 4.5246e-02     0.4705     0.4822    88.6425 0.0000e+00
        552 312.627137    0.03824     2.2944    137.666     53.501  48410.066    30.4732     8.2298     53.000     8.2303    23.6892     5.8606     8.3754     86.669    255.678    261.735   -0.00019    6.76208    9.66369  295.00601   15.24592 4.4610e-02     0.4736     0.4704    88.9047 0.0000e+00
