CTD-processing/allCTD/CNV/2018_03-27_alongbay_skb12_cast045_5028.cnv
* Sea-Bird SBE19plus Data File:
* FileName = P:\My Documents\kasitsna\Research-KBL\Oceanography-AK\CTD-Data-ALL-to-2017-02\2018-CTD-KachemakBay-CookInlet\2018-03-27-CookInlet-AlongBay\2018-03-27-CookInlet-AlongBay-cast045.hex
* Software Version 1.59
* Temperature SN =  5028
* Conductivity SN =  5028
* System UpLoad Time = Mar 28 2018 11:59:49
** Cook Inlet LTM Along-Bay (T7-22 to KB12)
** Date: 2018_03-27
** Station: (eg. 9-01): KB12
** Start time (AKDT): 16:37
** Depth (m): 77.7
** Comment:  Extended to T7-22 due to calm seas.
** Comment:
# nquan = 27
# nvalues = 74                          
# units = specified
# name 0 = scan: Scan Count
# name 1 = timeJ: Julian Days
# name 2 = timeH: Time, Elapsed [hours]
# name 3 = timeM: Time, Elapsed [minutes]
# name 4 = timeS: Time, Elapsed [seconds]
# name 5 = prdM: Pressure, Strain Gauge [db]
# name 6 = specc: Specific Conductance [uS/cm]
# name 7 = sal00: Salinity, Practical [PSU]
# name 8 = tv290C: Temperature [ITS-90, deg C]
# name 9 = depSM: Depth [salt water, m], lat = 59.00
# name 10 = potemp090C: Potential Temperature [ITS-90, deg C]
# name 11 = sigma-é00: Density [sigma-theta, kg/m^3]
# name 12 = sbeox0ML/L: Oxygen, SBE 43 [ml/l]
# name 13 = sbeox0Mg/L: Oxygen, SBE 43 [mg/l]
# name 14 = sbeox0PS: Oxygen, SBE 43 [% saturation]
# name 15 = sbox0Mm/Kg: Oxygen, SBE 43 [umol/kg]
# name 16 = sbeox0Mm/L: Oxygen, SBE 43 [umol/l]
# name 17 = sbox0dV/dT: Oxygen, SBE 43 [dov/dt]
# name 18 = oxsolML/L: Oxygen Saturation, Garcia & Gordon [ml/l]
# name 19 = oxsolMg/L: Oxygen Saturation, Garcia & Gordon [mg/l]
# name 20 = oxsolMm/Kg: Oxygen Saturation, Garcia & Gordon [umol/kg]
# name 21 = potemp090C: Potential Temperature [ITS-90, deg C]
# name 22 = n2satMg/L: Nitrogen Saturation [mg/l]
# name 23 = par: PAR/Irradiance, Biospherical/Licor
# name 24 = flECO-AFL: Fluorescence, WET Labs ECO-AFL/FL [mg/m^3]
# name 25 = turbWETntu0: Turbidity, WET Labs ECO [NTU]
# name 26 = flag: flag
# span 0 =        286,        646       
# span 1 =  86.694007,  86.695048       
# span 2 =    0.01977,    0.04477       
# span 3 =     1.1863,     2.6861       
# span 4 =     71.180,    161.167       
# span 5 =      1.010,     74.711       
# span 6 =  51253.479,  51430.541       
# span 7 =    31.5138,    31.6149       
# span 8 =     3.3531,     3.5117       
# span 9 =      1.000,     74.000       
# span 10 =     3.3525,     3.5074      
# span 11 =    25.0676,    25.1407      
# span 12 =     6.8226,     6.9386      
# span 13 =     9.7501,     9.9160      
# span 14 =     90.949,     92.242      
# span 15 =    297.224,    302.291      
# span 16 =    304.696,    309.880      
# span 17 =   -0.00210,    0.00760      
# span 18 =    7.50155,    7.53518      
# span 19 =   10.72046,   10.76852      
# span 20 =  326.80361,  328.28552      
# span 21 =     3.3527,     3.5073      
# span 22 =   16.75577,   16.82653      
# span 23 = 3.7976e-02, 3.0880e+02      
# span 24 =     0.3834,     0.6617      
# span 25 =     1.0141,     2.8438      
# span 26 = 0.0000e+00, 0.0000e+00      
# interval = meters: 1                  
# start_time = Mar 27 2018 16:38:11 [Instrument's time stamp, header]
# bad_flag = -9.990e-29
*END*
        286  86.694007    0.01977     1.1863     71.180      1.010  51253.479    31.5193     3.4539      1.000     3.4448    25.0685     6.8573     9.7997     91.223    298.756    306.246    0.00760    7.51703   10.74259  327.50063     3.4539   16.78928 3.0880e+02     0.4984     1.0141 0.0000e+00
        291  86.694023    0.02016     1.2096     72.577      2.019  51283.062    31.5332     3.4314      2.000     3.4295    25.0816     6.8667     9.8133     91.307    299.165    306.668    0.00548    7.52050   10.74755  327.64777     3.4313   16.79621 1.9659e+02     0.4995     1.1007 0.0000e+00
        296  86.694037    0.02051     1.2303     73.816      3.028  51261.285    31.5138     3.4152      3.000     3.3942    25.0676     6.8682     9.8153     91.277    299.231    306.732    0.00366    7.52452   10.75329  327.82729     3.4149   16.80482 1.4657e+02     0.5037     1.0873 0.0000e+00
        301  86.694052    0.02085     1.2511     75.063      4.037  51292.332    31.5224     3.3678      4.000     3.3589    25.0785     6.8590     9.8023     91.055    298.831    306.326    0.00140    7.53288   10.76524  328.18796     3.3675   16.82193 1.1277e+02     0.5390     1.0556 0.0000e+00
        306  86.694066    0.02120     1.2722     76.334      5.047  51314.064    31.5338     3.3570      5.000     3.3586    25.0887     6.8564     9.7985     91.003    298.714    306.208    0.00054    7.53430   10.76726  328.24630     3.3567   16.82466 8.8810e+01     0.6066     1.0347 0.0000e+00
        311  86.694081    0.02156     1.2933     77.599      6.057  51306.138    31.5282     3.3581      6.000     3.3549    25.0841     6.8702     9.8183     91.186    299.318    306.826    0.00122    7.53437   10.76737  328.25123     3.3578   16.82491 7.0063e+01     0.6202     1.0555 0.0000e+00
        316  86.694095    0.02190     1.3142     78.853      7.066  51312.218    31.5306     3.3531      7.000     3.3525    25.0864     6.8836     9.8373     91.353    299.896    307.420    0.00159    7.53518   10.76852  328.28552     3.3527   16.82653 5.4892e+01     0.6323     1.0557 0.0000e+00
        321  86.694110    0.02225     1.3350     80.098      8.076  51313.566    31.5310     3.3533      8.000     3.3530    25.0867     6.8963     9.8555     91.522    300.451    307.989    0.00192    7.53512   10.76844  328.28308     3.3528   16.82642 4.3046e+01     0.6587     1.0757 0.0000e+00
        326  86.694124    0.02260     1.3557     81.341      9.086  51314.688    31.5313     3.3538      9.000     3.3539    25.0870     6.9032     9.8653     91.615    300.752    308.297    0.00175    7.53502   10.76830  328.27859     3.3532   16.82620 3.3893e+01     0.6369     1.0782 0.0000e+00
        331  86.694139    0.02294     1.3760     82.562     10.094  51319.829    31.5352     3.3575     10.000     3.3598    25.0898     6.9096     9.8745     91.711    301.031    308.583    0.00166    7.53414   10.76704  328.23907     3.3569   16.82431 2.6841e+01     0.6617     1.0506 0.0000e+00
        336  86.694152    0.02327     1.3965     83.788     11.104  51316.416    31.5339     3.3634     11.000     3.3634    25.0882     6.9148     9.8820     91.792    301.259    308.817    0.00154    7.53310   10.76555  328.19443     3.3627   16.82219 2.1237e+01     0.6578     1.0503 0.0000e+00
        341  86.694167    0.02362     1.4171     85.026     12.113  51316.387    31.5336     3.3643     12.000     3.3636    25.0879     6.9225     9.8930     91.897    301.595    309.161    0.00151    7.53295   10.76534  328.18817     3.3635   16.82189 1.6852e+01     0.6254     1.0624 0.0000e+00
        346  86.694181    0.02397     1.4381     86.284     13.123  51317.017    31.5335     3.3643     13.000     3.3633    25.0878     6.9311     9.9053     92.011    301.970    309.545    0.00159    7.53295   10.76534  328.18804     3.3635   16.82189 1.3438e+01     0.6198     1.0640 0.0000e+00
        351  86.694196    0.02432     1.4590     87.538     14.133  51319.731    31.5348     3.3642     14.000     3.3642    25.0889     6.9346     9.9102     92.057    302.118    309.698    0.00128    7.53290   10.76527  328.18558     3.3633   16.82177 1.0762e+01     0.6119     1.0692 0.0000e+00
        356  86.694210    0.02466     1.4799     88.792     15.142  51334.590    31.5459     3.3702     15.000     3.3766    25.0971     6.9363     9.9126     92.100    302.188    309.772    0.00106    7.53122   10.76286  328.10957     3.3693   16.81811 8.6533e+00     0.6089     1.0594 0.0000e+00
        361  86.694225    0.02502     1.5009     90.056     16.151  51340.497    31.5547     3.3913     16.000     3.3990    25.1024     6.9375     9.9144     92.170    302.242    309.829    0.00102    7.52684   10.75661  327.91726     3.3904   16.80894 6.9555e+00     0.5842     1.0549 0.0000e+00
        366  86.694240    0.02537     1.5219     91.312     17.161  51341.842    31.5610     3.4144     17.000     3.4219    25.1053     6.9386     9.9160     92.242    302.291    309.880    0.00106    7.52224   10.75003  327.71587     3.4134   16.79934 5.5908e+00     0.5364     1.0749 0.0000e+00
        371  86.694254    0.02572     1.5431     92.587     18.170  51326.887    31.5538     3.4283     18.000     3.4268    25.0984     6.9302     9.9040     92.157    301.926    309.504    0.00034    7.52003   10.74687  327.62162     3.4272   16.79488 4.4999e+00     0.5106     1.1092 0.0000e+00
        376  86.694269    0.02607     1.5641     93.847     19.180  51330.658    31.5556     3.4273     19.000     3.4259    25.0999     6.9167     9.8846     91.976    301.336    308.899   -0.00075    7.52012   10.74701  327.62533     3.4262   16.79506 3.6194e+00     0.4907     1.1039 0.0000e+00
        381  86.694284    0.02642     1.5853     95.120     20.189  51327.743    31.5522     3.4235     20.000     3.4185    25.0975     6.9172     9.8855     91.973    301.361    308.924   -0.00062    7.52099   10.74825  327.66404     3.4223   16.79691 2.9047e+00     0.4840     1.0987 0.0000e+00
        387  86.694299    0.02678     1.6064     96.386     21.199  51333.862    31.5536     3.4149     21.000     3.4115    25.0994     6.9188     9.8877     91.975    301.429    308.994   -0.00049    7.52252   10.75043  327.72983     3.4137   16.80003 2.3372e+00     0.5013     1.0780 0.0000e+00
        392  86.694313    0.02713     1.6278     97.667     22.209  51340.597    31.5566     3.4110     22.000     3.4093    25.1022     6.9235     9.8943     92.030    301.631    309.202   -0.00015    7.52309   10.75124  327.75377     3.4097   16.80116 1.8783e+00     0.5173     1.0797 0.0000e+00
        397  86.694328    0.02748     1.6485     98.912     23.218  51342.366    31.5572     3.4104     23.000     3.4085    25.1027     6.9272     9.8997     92.078    301.793    309.369    0.00007    7.52317   10.75136  327.75721     3.4090   16.80132 1.5081e+00     0.4971     1.0900 0.0000e+00
        402  86.694342    0.02782     1.6692    100.151     24.228  51344.089    31.5572     3.4079     24.000     3.4046    25.1029     6.9283     9.9012     92.087    301.839    309.416    0.00005    7.52364   10.75203  327.77757     3.4064   16.80229 1.2132e+00     0.4760     1.1288 0.0000e+00
        407  86.694357    0.02817     1.6901    101.409     25.237  51348.910    31.5589     3.4037     25.000     3.4011    25.1046     6.9293     9.9027     92.092    301.883    309.462   -0.00001    7.52433   10.75302  327.80701     3.4022   16.80368 9.7688e-01     0.4767     1.1139 0.0000e+00
        412  86.694371    0.02852     1.7113    102.678     26.247  51354.387    31.5616     3.4019     26.000     3.4001    25.1070     6.9314     9.9057     92.117    301.974    309.556    0.00004    7.52453   10.75331  327.81513     3.4003   16.80406 7.8695e-01     0.5022     1.1024 0.0000e+00
        417  86.694386    0.02887     1.7322    103.930     27.257  51355.981    31.5620     3.4011     27.000     3.3992    25.1074     6.9335     9.9087     92.144    302.066    309.650    0.00012    7.52464   10.75347  327.81984     3.3996   16.80428 6.3477e-01     0.5010     1.1173 0.0000e+00
        422  86.694400    0.02921     1.7527    105.162     28.266  51360.202    31.5644     3.4013     28.000     3.4009    25.1093     6.9324     9.9071     92.131    302.018    309.602   -0.00004    7.52448   10.75324  327.81235     3.3997   16.80391 5.1336e-01     0.4951     1.1339 0.0000e+00
        427  86.694414    0.02955     1.7733    106.401     29.276  51364.154    31.5676     3.4056     29.000     3.4064    25.1115     6.9316     9.9060     92.133    301.983    309.567   -0.00008    7.52353   10.75187  327.76993     3.4039   16.80188 4.1685e-01     0.4933     1.1737 0.0000e+00
        432  86.694429    0.02990     1.7943    107.656     30.285  51365.520    31.5696     3.4118     30.000     3.4124    25.1125     6.9309     9.9049     92.138    301.950    309.533   -0.00008    7.52228   10.75009  327.71519     3.4100   16.79927 3.3978e-01     0.4887     1.2126 0.0000e+00
        437  86.694443    0.03025     1.8152    108.910     31.295  51369.718    31.5736     3.4183     31.000     3.4191    25.1151     6.9312     9.9052     92.159    301.961    309.545   -0.00002    7.52087   10.74807  327.65290     3.4165   16.79630 2.7796e-01     0.4709     1.1951 0.0000e+00
        442  86.694458    0.03060     1.8360    110.161     32.305  51369.180    31.5740     3.4232     32.000     3.4215    25.1150     6.9319     9.9062     92.180    301.992    309.576    0.00005    7.51994   10.74675  327.61264     3.4213   16.79438 2.2813e-01     0.4886     1.2006 0.0000e+00
        447  86.694472    0.03094     1.8568    111.405     33.314  51372.694    31.5759     3.4233     33.000     3.4210    25.1164     6.9273     9.8998     92.121    301.792    309.372   -0.00030    7.51983   10.74658  327.60707     3.4213   16.79411 1.8878e-01     0.5016     1.2129 0.0000e+00
        452  86.694487    0.03130     1.8777    112.664     34.324  51378.446    31.5789     3.4218     34.000     3.4192    25.1190     6.9236     9.8946     92.070    301.632    309.209   -0.00052    7.51994   10.74674  327.61120     3.4198   16.79429 1.5762e-01     0.4627     1.2007 0.0000e+00
        457  86.694501    0.03165     1.8987    113.922     35.333  51396.088    31.5909     3.4240     35.000     3.4274    25.1284     6.9200     9.8894     92.035    301.474    309.049   -0.00061    7.51892   10.74529  327.56390     3.4220   16.79200 1.3289e-01     0.4560     1.1895 0.0000e+00
        462  86.694516    0.03199     1.9198    115.185     36.343  51400.269    31.5971     3.4393     36.000     3.4420    25.1320     6.9242     9.8953     92.129    301.652    309.234   -0.00003    7.51576   10.74078  327.42523     3.4372   16.78538 1.1300e-01     0.4577     1.2425 0.0000e+00
        467  86.694531    0.03235     1.9410    116.460     37.353  51396.495    31.5963     3.4483     37.000     3.4477    25.1306     6.9195     9.8886     92.086    301.449    309.024   -0.00021    7.51414   10.73846  327.35494     3.4462   16.78204 9.6460e-02     0.4576     1.3229 0.0000e+00
        472  86.694546    0.03271     1.9624    117.741     38.362  51398.374    31.5980     3.4520     38.000     3.4511    25.1315     6.9082     9.8726     91.945    300.958    308.521   -0.00090    7.51339   10.73738  327.32169     3.4497   16.78046 8.2837e-02     0.4167     1.3666 0.0000e+00
        477  86.694560    0.03307     1.9839    119.032     39.372  51400.472    31.5997     3.4555     39.000     3.4545    25.1326     6.9015     9.8628     91.865    300.663    308.219   -0.00110    7.51263   10.73631  327.28852     3.4532   16.77887 7.1714e-02     0.4222     1.4241 0.0000e+00
        482  86.694576    0.03342     2.0052    120.311     40.381  51402.231    31.6013     3.4589     40.000     3.4578    25.1336     6.9008     9.8620     91.865    300.634    308.190   -0.00083    7.51193   10.73530  327.25770     3.4566   16.77740 6.2822e-02     0.4475     1.4847 0.0000e+00
        487  86.694590    0.03378     2.0267    121.601     41.391  51402.646    31.6018     3.4619     41.000     3.4602    25.1338     6.9003     9.8612     91.864    300.611    308.166   -0.00063    7.51137   10.73449  327.23307     3.4594   16.77623 5.5788e-02     0.4356     1.5193 0.0000e+00
        493  86.694605    0.03414     2.0482    122.891     42.401  51403.397    31.6024     3.4640     42.000     3.4622    25.1340     6.8976     9.8573     91.834    300.493    308.046   -0.00063    7.51094   10.73388  327.21427     3.4615   16.77534 5.0374e-02     0.4205     1.5695 0.0000e+00
        498  86.694620    0.03449     2.0696    124.178     43.410  51403.838    31.6025     3.4656     43.000     3.4634    25.1340     6.8924     9.8499     91.768    300.266    307.813   -0.00081    7.51063   10.73345  327.20107     3.4631   16.77471 4.6192e-02     0.4266     1.6276 0.0000e+00
        503  86.694635    0.03485     2.0909    125.457     44.420  51404.523    31.6027     3.4665     44.000     3.4641    25.1341     6.8891     9.8452     91.727    300.125    307.668   -0.00085    7.51047   10.73321  327.19381     3.4639   16.77436 4.3058e-02     0.4204     1.6487 0.0000e+00
        508  86.694649    0.03519     2.1114    126.687     45.430  51405.330    31.6029     3.4671     45.000     3.4647    25.1342     6.8880     9.8437     91.714    300.076    307.618   -0.00071    7.51033   10.73302  327.18796     3.4644   16.77408 4.0751e-02     0.4072     1.6830 0.0000e+00
        512  86.694662    0.03551     2.1304    127.825     46.439  51406.136    31.6031     3.4677     46.000     3.4653    25.1342     6.8890     9.8451     91.729    300.120    307.664   -0.00053    7.51021   10.73285  327.18256     3.4650   16.77382 3.9032e-02     0.4061     1.7245 0.0000e+00
        517  86.694675    0.03582     2.1492    128.953     47.449  51406.766    31.6031     3.4683     47.000     3.4656    25.1342     6.8916     9.8488     91.764    300.232    307.778   -0.00024    7.51011   10.73270  327.17811     3.4655   16.77361 3.8172e-02     0.4061     1.6924 0.0000e+00
        521  86.694688    0.03613     2.1679    130.073     48.459  51407.553    31.6032     3.4686     48.000     3.4657    25.1343     6.8908     9.8477     91.755    300.200    307.745   -0.00029    7.51005   10.73261  327.17549     3.4657   16.77349 3.7998e-02     0.4118     1.6869 0.0000e+00
        526  86.694701    0.03644     2.1863    131.177     49.468  51408.555    31.6034     3.4688     49.000     3.4660    25.1345     6.8889     9.8449     91.729    300.112    307.655   -0.00038    7.50999   10.73253  327.17294     3.4659   16.77337 3.7978e-02     0.4042     1.7149 0.0000e+00
        530  86.694714    0.03675     2.2048    132.290     50.478  51409.059    31.6034     3.4692     50.000     3.4662    25.1344     6.8866     9.8416     91.699    300.011    307.553   -0.00051    7.50993   10.73244  327.17030     3.4662   16.77324 3.7976e-02     0.4022     1.7436 0.0000e+00
        535  86.694727    0.03706     2.2238    133.429     51.487  51409.663    31.6032     3.4692     51.000     3.4661    25.1343     6.8890     9.8450     91.731    300.118    307.661   -0.00028    7.50994   10.73245  327.17055     3.4661   16.77325 3.7976e-02     0.4122     1.7384 0.0000e+00
        539  86.694740    0.03738     2.2427    134.562     52.498  51411.096    31.6037     3.4693     52.000     3.4666    25.1347     6.8903     9.8469     91.749    300.175    307.720   -0.00015    7.50989   10.73239  327.16862     3.4662   16.77316 3.7976e-02     0.4177     1.7338 0.0000e+00
        544  86.694753    0.03769     2.2615    135.690     53.507  51412.756    31.6048     3.4710     53.000     3.4689    25.1353     6.8892     9.8453     91.739    300.126    307.670   -0.00021    7.50951   10.73185  327.15190     3.4678   16.77236 3.7976e-02     0.4196     1.7395 0.0000e+00
