CTD-processing/allCTD/CNV/2018_05-24_alongbay_skb06_cast089_5028.cnv
* Sea-Bird SBE19plus Data File:
* FileName = C:\Users\Kim.Powell\Desktop\Not Processed\2018\2018_05-24_AlongBay, T9_5028\2018_05-24_TRANSECT_STATION_cast089.hex
* Software Version 1.59
* Temperature SN =  5028
* Conductivity SN =  5028
* System UpLoad Time = May 25 2018 13:22:48
** 2018_05-24
** Station: KB06
** Start Time: 11:53
** Depth (m): 106
** Comment:
** Comment:
# nquan = 27
# nvalues = 100                         
# units = specified
# name 0 = scan: Scan Count
# name 1 = timeJ: Julian Days
# name 2 = timeH: Time, Elapsed [hours]
# name 3 = timeM: Time, Elapsed [minutes]
# name 4 = timeS: Time, Elapsed [seconds]
# name 5 = prdM: Pressure, Strain Gauge [db]
# name 6 = specc: Specific Conductance [uS/cm]
# name 7 = sal00: Salinity, Practical [PSU]
# name 8 = tv290C: Temperature [ITS-90, deg C]
# name 9 = depSM: Depth [salt water, m], lat = 59.00
# name 10 = potemp090C: Potential Temperature [ITS-90, deg C]
# name 11 = sigma-é00: Density [sigma-theta, kg/m^3]
# name 12 = sbeox0ML/L: Oxygen, SBE 43 [ml/l]
# name 13 = sbeox0Mg/L: Oxygen, SBE 43 [mg/l]
# name 14 = sbeox0PS: Oxygen, SBE 43 [% saturation]
# name 15 = sbox0Mm/Kg: Oxygen, SBE 43 [umol/kg]
# name 16 = sbeox0Mm/L: Oxygen, SBE 43 [umol/l]
# name 17 = sbox0dV/dT: Oxygen, SBE 43 [dov/dt]
# name 18 = oxsolML/L: Oxygen Saturation, Garcia & Gordon [ml/l]
# name 19 = oxsolMg/L: Oxygen Saturation, Garcia & Gordon [mg/l]
# name 20 = oxsolMm/Kg: Oxygen Saturation, Garcia & Gordon [umol/kg]
# name 21 = potemp090C: Potential Temperature [ITS-90, deg C]
# name 22 = n2satMg/L: Nitrogen Saturation [mg/l]
# name 23 = par: PAR/Irradiance, Biospherical/Licor
# name 24 = flECO-AFL: Fluorescence, WET Labs ECO-AFL/FL [mg/m^3]
# name 25 = turbWETntu0: Turbidity, WET Labs ECO [NTU]
# name 26 = flag: flag
# span 0 =        359,        804       
# span 1 = 144.496799, 144.498086       
# span 2 =    0.02483,    0.05573       
# span 3 =     1.4901,     3.3439       
# span 4 =     89.404,    200.633       
# span 5 =      1.010,    100.968       
# span 6 =  48147.328,  51169.881       
# span 7 =    30.3226,    31.8925       
# span 8 =     5.5529,     8.2954       
# span 9 =      1.000,    100.000       
# span 10 =     5.5450,     8.2306      
# span 11 =    23.5612,    25.1514      
# span 12 =     6.6120,     8.6339      
# span 13 =     9.4493,    12.3386      
# span 14 =     92.768,    127.744      
# span 15 =    288.049,    376.712      
# span 16 =    295.294,    385.588      
# span 17 =   -0.03158,    0.00395      
# span 18 =    6.75864,    7.12748      
# span 19 =    9.65877,   10.18588      
# span 20 =  294.89280,  310.50359      
# span 21 =     5.5451,     8.2953      
# span 22 =   15.24112,   15.97909      
# span 23 = 4.3375e-02, 1.2599e+02      
# span 24 =     0.2911,     6.1197      
# span 25 =     0.6126,     1.7695      
# span 26 = 0.0000e+00, 0.0000e+00      
# interval = meters: 1                  
# start_time = May 24 2018 11:53:54 [Instrument's time stamp, header]
# bad_flag = -9.990e-29
*END*
[from data line 54]
        595 144.497483    0.04125     2.4750    148.501     55.526  50996.430    31.8083     5.6184     55.000     5.6143    25.0769     6.8004     9.7185     95.506    296.276    303.706   -0.00228    7.12043   10.17580  310.21879     5.6142   15.96587 4.5672e-02     0.3865     0.6530 0.0000e+00
        600 144.497496    0.04157     2.4939    149.632     56.536  51001.976    31.8117     5.6186     56.000     5.6137    25.0796     6.7987     9.7160     95.485    296.202    303.630   -0.00177    7.12023   10.17552  310.20945     5.6143   15.96541 4.5530e-02     0.3957     0.6420 0.0000e+00
        604 144.497508    0.04187     2.5119    150.713     57.546  51007.336    31.8145     5.6163     57.000     5.6098    25.0820     6.7937     9.7088     95.410    295.980    303.403   -0.00173    7.12048   10.17589  310.21996     5.6119   15.96589 4.5479e-02     0.3767     0.6337 0.0000e+00
        608 144.497521    0.04216     2.5299    151.793     58.556  51015.811    31.8188     5.6113     58.000     5.6044    25.0860     6.7891     9.7023     95.337    295.780    303.201   -0.00172    7.12113   10.17680  310.24680     5.6068   15.96716 4.5395e-02     0.3576     0.6519 0.0000e+00
        613 144.497534    0.04249     2.5492    152.952     59.565  51027.479    31.8255     5.6071     59.000     5.6018    25.0918     6.7825     9.6928     95.239    295.490    302.905   -0.00176    7.12152   10.17737  310.26215     5.6025   15.96786 4.5293e-02     0.3450     0.6638 0.0000e+00
        617 144.497547    0.04280     2.5678    154.066     60.575  51030.965    31.8271     5.6056     60.000     5.5988    25.0932     6.7725     9.6786     95.097    295.056    302.461   -0.00208    7.12170   10.17762  310.26935     5.6009   15.96820 4.5215e-02     0.3433     0.6649 0.0000e+00
        622 144.497561    0.04312     2.5872    155.230     61.585  51032.925    31.8267     5.5997     61.000     5.5925    25.0937     6.7662     9.6696     94.995    294.784    302.181   -0.00208    7.12270   10.17905  310.31288     5.5950   15.97027 4.5139e-02     0.3394     0.6707 0.0000e+00
        627 144.497574    0.04344     2.6066    156.399     62.594  51038.086    31.8289     5.5953     62.000     5.5894    25.0959     6.7600     9.6607     94.900    294.512    301.903   -0.00203    7.12333   10.17996  310.33987     5.5905   15.97155 4.5027e-02     0.3312     0.6733 0.0000e+00
        632 144.497589    0.04379     2.6271    157.627     63.605  51043.327    31.8316     5.5929     63.000     5.5874    25.0983     6.7538     9.6519     94.809    294.241    301.626   -0.00197    7.12362   10.18036  310.35154     5.5880   15.97210 4.4936e-02     0.3238     0.6803 0.0000e+00
        636 144.497602    0.04412     2.6469    158.814     64.615  51057.508    31.8407     5.5921     64.000     5.5872    25.1056     6.7522     9.6495     94.789    294.167    301.552   -0.00153    7.12333   10.17996  310.33688     5.5871   15.97136 4.4873e-02     0.3386     0.6837 0.0000e+00
        641 144.497615    0.04443     2.6659    159.954     65.624  51068.354    31.8478     5.5925     65.000     5.5875    25.1112     6.7474     9.6427     94.728    293.957    301.339   -0.00146    7.12292   10.17936  310.31709     5.5875   15.97039 4.4802e-02     0.3294     0.6991 0.0000e+00
        645 144.497628    0.04474     2.6848    161.086     66.634  51073.438    31.8508     5.5925     66.000     5.5873    25.1135     6.7397     9.6317     94.622    293.621    300.995   -0.00164    7.12278   10.17917  310.31037     5.5874   15.97006 4.4745e-02     0.3218     0.7007 0.0000e+00
        650 144.497641    0.04505     2.7030    162.180     67.643  51075.676    31.8518     5.5924     67.000     5.5871    25.1144     6.7310     9.6194     94.501    293.244    300.609   -0.00192    7.12274   10.17911  310.30847     5.5872   15.96996 4.4660e-02     0.3198     0.7128 0.0000e+00
        654 144.497653    0.04535     2.7210    163.262     68.653  51077.270    31.8523     5.5920     68.000     5.5862    25.1148     6.7300     9.6178     94.485    293.198    300.562   -0.00156    7.12280   10.17918  310.31057     5.5867   15.97006 4.4587e-02     0.3079     0.7231 0.0000e+00
        658 144.497666    0.04565     2.7392    164.354     69.663  51079.140    31.8529     5.5906     69.000     5.5842    25.1154     6.7274     9.6142     94.447    293.088    300.449   -0.00136    7.12301   10.17949  310.31972     5.5852   15.97049 4.4555e-02     0.3248     0.7480 0.0000e+00
        663 144.497679    0.04596     2.7580    165.482     70.673  51081.877    31.8539     5.5890     70.000     5.5833    25.1164     6.7214     9.6055     94.359    292.823    300.177   -0.00149    7.12322   10.17979  310.32857     5.5835   15.97091 4.4494e-02     0.3255     0.7754 0.0000e+00
        667 144.497692    0.04628     2.7767    166.604     71.683  51083.575    31.8546     5.5887     71.000     5.5832    25.1170     6.7165     9.5987     94.291    292.612    299.962   -0.00150    7.12324   10.17981  310.32910     5.5832   15.97093 4.4437e-02     0.3210     0.7380 0.0000e+00
        672 144.497706    0.04661     2.7962    167.771     72.693  51085.335    31.8554     5.5889     72.000     5.5836    25.1176     6.7131     9.5938     94.244    292.464    299.810   -0.00136    7.12317   10.17971  310.32587     5.5833   15.97078 4.4395e-02     0.3169     0.7229 0.0000e+00
        677 144.497719    0.04692     2.8152    168.911     73.702  51088.891    31.8575     5.5902     73.000     5.5855    25.1193     6.7126     9.5929     94.240    292.438    299.784   -0.00107    7.12285   10.17926  310.31161     5.5845   15.97009 4.4341e-02     0.3214     0.7312 0.0000e+00
        681 144.497732    0.04724     2.8347    170.084     74.712  51090.792    31.8588     5.5924     74.000     5.5875    25.1200     6.7116     9.5915     94.232    292.394    299.739   -0.00082    7.12241   10.17863  310.29212     5.5867   15.96916 4.4298e-02     0.3167     0.7384 0.0000e+00
        686 144.497746    0.04758     2.8545    171.268     75.722  51093.217    31.8604     5.5943     75.000     5.5892    25.1210     6.7045     9.5814     94.137    292.084    299.422   -0.00113    7.12202   10.17808  310.27501     5.5885   15.96833 4.4233e-02     0.3016     0.7585 0.0000e+00
        691 144.497760    0.04791     2.8743    172.456     76.732  51096.819    31.8628     5.5959     76.000     5.5902    25.1227     6.7025     9.5786     94.115    291.999    299.335   -0.00099    7.12163   10.17752  310.25740     5.5900   15.96749 4.4168e-02     0.3067     0.7724 0.0000e+00
        696 144.497774    0.04824     2.8947    173.681     77.741  51102.584    31.8662     5.5958     77.000     5.5895    25.1255     6.7017     9.5773     94.104    291.960    299.294   -0.00079    7.12148   10.17731  310.25011     5.5899   15.96712 4.4126e-02     0.3160     0.7920 0.0000e+00
        700 144.497787    0.04856     2.9140    174.838     78.751  51112.172    31.8726     5.5969     78.000     5.5930    25.1304     6.6983     9.5726     94.064    291.814    299.147   -0.00082    7.12101   10.17663  310.22808     5.5908   15.96605 4.4098e-02     0.3331     0.8589 0.0000e+00
        705 144.497802    0.04891     2.9344    176.065     79.761  51118.495    31.8777     5.6032     79.000     5.6000    25.1337     6.6909     9.5620     93.978    291.492    298.818   -0.00106    7.11971   10.17478  310.17060     5.5970   15.96329 4.4034e-02     0.3454     0.8828 0.0000e+00
        710 144.497815    0.04923     2.9534    177.202     80.770  51121.127    31.8801     5.6083     80.000     5.6013    25.1351     6.6865     9.5556     93.928    291.296    298.617   -0.00109    7.11873   10.17337  310.12722     5.6021   15.96122 4.3987e-02     0.3269     0.9315 0.0000e+00
        715 144.497829    0.04955     2.9733    178.396     81.780  51124.032    31.8809     5.6048     81.000     5.5962    25.1361     6.6796     9.5458     93.824    290.996    298.311   -0.00131    7.11928   10.17416  310.15102     5.5985   15.96235 4.3976e-02     0.3239     0.9664 0.0000e+00
        719 144.497841    0.04985     2.9909    179.457     82.791  51127.801    31.8822     5.6006     82.000     5.5923    25.1376     6.6699     9.5319     93.679    290.573    297.877   -0.00180    7.11993   10.17509  310.17889     5.5942   15.96367 4.3938e-02     0.3082     0.9886 0.0000e+00
        723 144.497854    0.05017     3.0102    180.609     83.801  51129.199    31.8816     5.5955     83.000     5.5856    25.1377     6.6620     9.5206     93.556    290.227    297.523   -0.00200    7.12082   10.17636  310.21753     5.5890   15.96551 4.3890e-02     0.3129     1.0082 0.0000e+00
        728 144.497867    0.05047     3.0283    181.696     84.811  51135.605    31.8843     5.5893     84.000     5.5817    25.1405     6.6576     9.5143     93.483    290.035    297.327   -0.00192    7.12172   10.17765  310.25625     5.5828   15.96735 4.3861e-02     0.3058     1.0441 0.0000e+00
        732 144.497880    0.05078     3.0471    182.828     85.820  51138.547    31.8856     5.5882     85.000     5.5817    25.1417     6.6570     9.5135     93.473    290.009    297.300   -0.00149    7.12185   10.17783  310.26129     5.5816   15.96758 4.3835e-02     0.3080     1.0942 0.0000e+00
        737 144.497893    0.05109     3.0655    183.930     86.830  51138.608    31.8851     5.5880     86.000     5.5810    25.1413     6.6538     9.5090     93.428    289.872    297.160   -0.00134    7.12190   10.17790  310.26351     5.5814   15.96769 4.3811e-02     0.3093     1.0787 0.0000e+00
        741 144.497906    0.05141     3.0847    185.079     87.840  51139.040    31.8846     5.5869     87.000     5.5793    25.1412     6.6477     9.5003     93.339    289.607    296.888   -0.00148    7.12211   10.17820  310.27276     5.5802   15.96813 4.3765e-02     0.2929     1.0374 0.0000e+00
        746 144.497919    0.05172     3.1031    186.184     88.850  51140.110    31.8845     5.5851     88.000     5.5770    25.1413     6.6438     9.4947     93.281    289.437    296.714   -0.00145    7.12242   10.17865  310.28635     5.5783   15.96878 4.3746e-02     0.2981     1.0319 0.0000e+00
        750 144.497932    0.05203     3.1221    187.323     89.859  51140.286    31.8833     5.5809     89.000     5.5705    25.1408     6.6455     9.4970     93.293    289.507    296.785   -0.00107    7.12318   10.17974  310.31970     5.5740   15.97037 4.3719e-02     0.3149     1.0521 0.0000e+00
        755 144.497945    0.05236     3.1415    188.491     90.869  51147.101    31.8860     5.5738     90.000     5.5656    25.1438     6.6497     9.5031     93.339    289.692    296.976   -0.00054    7.12425   10.18127  310.36537     5.5668   15.97253 4.3711e-02     0.3194     1.0932 0.0000e+00
        759 144.497958    0.05267     3.1604    189.622     91.879  51150.015    31.8873     5.5724     91.000     5.5654    25.1449     6.6486     9.5016     93.322    289.645    296.928   -0.00056    7.12444   10.18153  310.37311     5.5653   15.97290 4.3664e-02     0.3069     1.1091 0.0000e+00
        764 144.497973    0.05301     3.1806    190.839     92.889  51150.480    31.8870     5.5721     92.000     5.5646    25.1448     6.6460     9.4977     93.283    289.529    296.810   -0.00061    7.12449   10.18161  310.37553     5.5650   15.97301 4.3593e-02     0.2976     1.0973 0.0000e+00
        769 144.497986    0.05334     3.2003    192.021     93.899  51150.413    31.8862     5.5705     93.000     5.5611    25.1443     6.6397     9.4888     93.191    289.255    296.528   -0.00098    7.12481   10.18206  310.38935     5.5633   15.97368 4.3544e-02     0.3048     1.1235 0.0000e+00
        774 144.498001    0.05369     3.2215    193.287     94.909  51155.104    31.8878     5.5650     94.000     5.5564    25.1462     6.6361     9.4836     93.130    289.098    296.368   -0.00106    7.12565   10.18327  310.42573     5.5577   15.97540 4.3517e-02     0.2911     1.1750 0.0000e+00
        779 144.498014    0.05402     3.2408    194.450     95.919  51158.153    31.8889     5.5625     95.000     5.5544    25.1474     6.6316     9.4772     93.061    288.901    296.166   -0.00116    7.12603   10.18382  310.44197     5.5551   15.97618 4.3511e-02     0.3032     1.2319 0.0000e+00
        784 144.498029    0.05437     3.2620    195.722     96.929  51159.587    31.8891     5.5611     96.000     5.5525    25.1478     6.6274     9.4711     92.999    288.717    295.978   -0.00117    7.12626   10.18413  310.45152     5.5536   15.97663 4.3480e-02     0.2975     1.2519 0.0000e+00
        788 144.498042    0.05468     3.2810    196.859     97.939  51161.852    31.8895     5.5578     97.000     5.5483    25.1484     6.6232     9.4651     92.933    288.533    295.789   -0.00125    7.12679   10.18489  310.47448     5.5503   15.97772 4.3426e-02     0.2989     1.3807 0.0000e+00
        793 144.498056    0.05502     3.3010    198.062     98.948  51167.003    31.8918     5.5541     98.000     5.5461    25.1507     6.6223     9.4639     92.914    288.493    295.749   -0.00105    7.12730   10.18563  310.49609     5.5465   15.97874 4.3404e-02     0.3069     1.5624 0.0000e+00
        798 144.498070    0.05534     3.3205    199.228     99.959  51168.524    31.8922     5.5535     99.000     5.5456    25.1511     6.6193     9.4596     92.871    288.364    295.617   -0.00100    7.12740   10.18576  310.50016     5.5458   15.97893 4.3432e-02     0.3224     1.6127 0.0000e+00
        804 144.498086    0.05573     3.3439    200.633    100.968  51169.881    31.8925     5.5529    100.000     5.5450    25.1514     6.6120     9.4493     92.768    288.049    295.294   -0.00125    7.12748   10.18588  310.50359     5.5451   15.97909 4.3375e-02     0.3319     1.7695 0.0000e+00
