CTD-processing/allCTD/CNV/2018_12-06_alongbay_skb02_cast023_4141.cnv
* Sea-Bird SBE19plus Data File:
* FileName = C:\Users\Kim.Powell\Desktop\Not Processed\2018\2018_12-06_AlongBay, T9_4141\2018_12-06_TRANSECT_STATION_cast023.hex
* Software Version 1.59
* Temperature SN =  4141
* Conductivity SN =  4141
* System UpLoad Time = Jan 10 2019 09:42:31
** 2018_12-06
** Station: KB02
** Start Time: 11:12
** Depth (m): 123
** Comment:
** Comment:
# nquan = 27
# nvalues = 115                         
# units = specified
# name 0 = scan: Scan Count
# name 1 = timeJ: Julian Days
# name 2 = timeH: Time, Elapsed [hours]
# name 3 = timeM: Time, Elapsed [minutes]
# name 4 = timeS: Time, Elapsed [seconds]
# name 5 = prdM: Pressure, Strain Gauge [db]
# name 6 = specc: Specific Conductance [uS/cm]
# name 7 = sal00: Salinity, Practical [PSU]
# name 8 = tv290C: Temperature [ITS-90, deg C]
# name 9 = depSM: Depth [salt water, m], lat = 59.00
# name 10 = potemp090C: Potential Temperature [ITS-90, deg C]
# name 11 = sigma-é00: Density [sigma-theta, kg/m^3]
# name 12 = sbeox0ML/L: Oxygen, SBE 43 [ml/l]
# name 13 = sbeox0Mg/L: Oxygen, SBE 43 [mg/l]
# name 14 = sbeox0PS: Oxygen, SBE 43 [% saturation]
# name 15 = sbox0Mm/Kg: Oxygen, SBE 43 [umol/kg]
# name 16 = sbeox0Mm/L: Oxygen, SBE 43 [umol/l]
# name 17 = sbox0dV/dT: Oxygen, SBE 43 [dov/dt]
# name 18 = oxsolML/L: Oxygen Saturation, Garcia & Gordon [ml/l]
# name 19 = oxsolMg/L: Oxygen Saturation, Garcia & Gordon [mg/l]
# name 20 = oxsolMm/Kg: Oxygen Saturation, Garcia & Gordon [umol/kg]
# name 21 = n2satMg/L: Nitrogen Saturation [mg/l]
# name 22 = par: PAR/Irradiance, Biospherical/Licor
# name 23 = wetStar: Fluorescence, WET Labs WETstar [mg/m^3]
# name 24 = CStarAt0: Beam Attenuation, WET Labs C-Star [1/m]
# name 25 = CStarTr0: Beam Transmission, WET Labs C-Star [%]
# name 26 = flag: flag
# span 0 =        303,       1002       
# span 1 = 340.467725, 340.469749       
# span 2 =    0.02096,    0.06954       
# span 3 =     1.2576,     4.1727       
# span 4 =     75.457,    250.361       
# span 5 =      1.016,    116.117       
# span 6 =  49118.641,  49542.892       
# span 7 =    30.9007,    31.1721       
# span 8 =     7.6008,     7.8246       
# span 9 =      1.000,    115.000       
# span 10 =     7.6206,     7.8179      
# span 11 =    24.1041,    24.2958      
# span 12 =     6.0796,     6.2367      
# span 13 =     8.6883,     8.9128      
# span 14 =     89.480,     91.448      
# span 15 =    265.075,    271.961      
# span 16 =    271.515,    278.528      
# span 17 =   -0.00219,    0.00095      
# span 18 =    6.79385,    6.84044      
# span 19 =    9.70909,    9.77568      
# span 20 =  296.21856,  298.30177      
# span 21 =   15.30096,   15.40145      
# span 22 = 3.6169e-02, 2.7629e+01      
# span 23 =     0.2636,     0.3788      
# span 24 =     0.2123,     0.4826      
# span 25 =    88.6339,    94.8301      
# span 26 = 0.0000e+00, 0.0000e+00      
# interval = meters: 1                  
# start_time = Dec 06 2018 11:12:16 [Instrument's time stamp, header]
# bad_flag = -9.990e-29
*END*
        303 340.467725    0.02096     1.2576     75.457      1.016  49130.513    30.9007     7.6008      1.000     7.6206    24.1114     6.1677     8.8141     90.169    268.961    275.446    0.00077    6.84044    9.77568  298.30177   15.40145 2.7629e+01     0.3678     0.2196    94.5343 0.0000e+00
        384 340.467960    0.02660     1.5960     95.758      2.019  49118.641    30.9014     7.6589      2.000     7.6618    24.1041     6.2255     8.8968     91.132    271.484    278.028   -0.00014    6.83132    9.76264  297.90597   15.38256 2.2096e+01     0.3647     0.2162    94.7282 0.0000e+00
        396 340.467994    0.02742     1.6450     98.701      3.028  49131.172    30.9116     7.6708      3.000     7.6749    24.1105     6.2266     8.8984     91.178    271.532    278.079   -0.00062    6.82900    9.75933  297.80302   15.37761 1.8113e+01     0.3612     0.2157    94.7496 0.0000e+00
        401 340.468009    0.02778     1.6669    100.014      4.039  49137.599    30.9171     7.6803      4.000     7.6841    24.1135     6.2334     8.9081     91.301    271.828    278.382    0.00041    6.82728    9.75688  297.72736   15.37398 1.6384e+01     0.3788     0.2138    94.7959 0.0000e+00
        406 340.468025    0.02814     1.6883    101.297      5.047  49171.625    30.9428     7.6953      5.000     7.7025    24.1316     6.2318     8.9059     91.325    271.756    278.313    0.00025    6.82381    9.75190  297.57031   15.36637 1.4981e+01     0.3611     0.2123    94.8301 0.0000e+00
        411 340.468038    0.02848     1.7087    102.523      6.055  49201.850    30.9663     7.7138      6.000     7.7192    24.1476     6.2367     8.9128     91.448    271.961    278.528    0.00095    6.81986    9.74627  297.39379   15.35786 1.3852e+01     0.3536     0.2126    94.8235 0.0000e+00
        416 340.468054    0.02885     1.7310    103.858      7.069  49221.704    30.9815     7.7248      7.000     7.7266    24.1580     6.2296     8.9028     91.378    271.653    278.216    0.00017    6.81747    9.74285  297.28651   15.35267 1.3042e+01     0.3543     0.2154    94.7582 0.0000e+00
        421 340.468067    0.02918     1.7506    105.035      8.072  49260.747    31.0094     7.7320      8.000     7.7362    24.1789     6.2215     8.8911     91.290    271.292    277.852   -0.00052    6.81511    9.73947  297.17744   15.34735 1.1948e+01     0.3490     0.2219    94.6035 0.0000e+00
        426 340.468082    0.02952     1.7717    106.299      9.088  49295.145    31.0348     7.7439      9.000     7.7455    24.1972     6.2138     8.8802     91.217    270.954    277.510   -0.00078    6.81214    9.73522  297.04237   15.34080 1.0818e+01     0.3577     0.2297    94.4194 0.0000e+00
        431 340.468097    0.02988     1.7928    107.568     10.093  49307.129    31.0430     7.7455     10.000     7.7432    24.2034     6.2030     8.8647     91.066    270.479    277.025   -0.00150    6.81152    9.73435  297.01391   15.33941 9.9735e+00     0.3449     0.2388    94.2040 0.0000e+00
        437 340.468112    0.03025     1.8150    108.899     11.105  49324.520    31.0541     7.7423     11.000     7.7402    24.2126     6.1919     8.8489     90.904    269.993    276.531   -0.00204    6.81153    9.73435  297.01132   15.33925 9.0471e+00     0.3379     0.2464    94.0257 0.0000e+00
        441 340.468126    0.03059     1.8354    110.124     12.116  49347.376    31.0691     7.7390     12.000     7.7363    24.2249     6.1836     8.8370     90.783    269.626    276.158   -0.00219    6.81138    9.73415  297.00163   15.33872 8.1228e+00     0.3362     0.2598    93.7131 0.0000e+00
        446 340.468140    0.03092     1.8552    111.315     13.120  49350.865    31.0708     7.7370     13.000     7.7357    24.2264     6.1813     8.8337     90.746    269.527    276.057   -0.00186    6.81161    9.73448  297.01126   15.33917 7.2651e+00     0.3521     0.2656    93.5749 0.0000e+00
        452 340.468157    0.03132     1.8794    112.765     14.134  49358.465    31.0756     7.7369     14.000     7.7352    24.2303     6.1821     8.8347     90.760    269.558    276.090   -0.00116    6.81142    9.73419  297.00138   15.33868 6.5206e+00     0.3202     0.2651    93.5891 0.0000e+00
        457 340.468173    0.03170     1.9019    114.116     15.145  49399.392    31.1036     7.7361     15.000     7.7350    24.2523     6.1838     8.8373     90.801    269.630    276.169   -0.00059    6.81030    9.73260  296.94625   15.33594 5.8002e+00     0.3267     0.2813    93.2102 0.0000e+00
        462 340.468187    0.03203     1.9219    115.311     16.150  49396.713    31.1014     7.7370     16.000     7.7353    24.2505     6.1744     8.8239     90.663    269.220    275.749   -0.00123    6.81025    9.73253  296.94486   15.33588 5.1532e+00     0.3258     0.2979    92.8243 0.0000e+00
        467 340.468201    0.03239     1.9437    116.619     17.158  49396.032    31.1004     7.7366     17.000     7.7349    24.2499     6.1679     8.8146     90.567    268.938    275.460   -0.00151    6.81036    9.73269  296.94980   15.33612 4.5851e+00     0.3198     0.2975    92.8320 0.0000e+00
        473 340.468219    0.03281     1.9684    118.102     18.178  49405.832    31.1069     7.7372     18.000     7.7364    24.2548     6.1637     8.8085     90.510    268.751    275.270   -0.00136    6.80997    9.73213  296.93135   15.33521 4.0734e+00     0.3368     0.2980    92.8204 0.0000e+00
        478 340.468231    0.03311     1.9868    119.206     19.174  49413.411    31.1120     7.7394     19.000     7.7387    24.2586     6.1645     8.8097     90.529    268.786    275.307   -0.00094    6.80940    9.73132  296.90545   15.33395 3.6271e+00     0.3095     0.3050    92.6582 0.0000e+00
        484 340.468249    0.03352     2.0114    120.684     20.194  49416.589    31.1143     7.7425     20.000     7.7416    24.2599     6.1611     8.8049     90.488    268.640    275.157   -0.00083    6.80881    9.73047  296.87923   15.33269 3.2072e+00     0.3018     0.3079    92.5922 0.0000e+00
        489 340.468264    0.03388     2.0328    121.967     21.196  49417.225    31.1146     7.7445     21.000     7.7425    24.2600     6.1506     8.7898     90.337    268.179    274.685   -0.00156    6.80850    9.73003  296.86564   15.33204 2.8427e+00     0.3013     0.3127    92.4810 0.0000e+00
        495 340.468280    0.03428     2.0567    123.400     22.211  49417.483    31.1144     7.7445     22.000     7.7428    24.2597     6.1510     8.7904     90.343    268.198    274.704   -0.00107    6.80851    9.73005  296.86626   15.33208 2.5278e+00     0.3095     0.3131    92.4706 0.0000e+00
        500 340.468295    0.03463     2.0780    124.681     23.215  49422.404    31.1177     7.7466     23.000     7.7456    24.2621     6.1534     8.7938     90.384    268.300    274.810   -0.00058    6.80804    9.72936  296.84478   15.33103 2.2367e+00     0.2964     0.3160    92.4043 0.0000e+00
        506 340.468311    0.03504     2.1021    126.127     24.233  49420.761    31.1164     7.7488     24.000     7.7467    24.2608     6.1625     8.8068     90.522    268.699    275.218    0.00046    6.80774    9.72895  296.83261   15.33046 1.9821e+00     0.2949     0.3154    92.4164 0.0000e+00
        510 340.468326    0.03537     2.1220    127.319     25.235  49424.073    31.1184     7.7494     25.000     7.7476    24.2623     6.1596     8.8027     90.482    268.573    275.089   -0.00004    6.80756    9.72869  296.82416   15.33005 1.7620e+00     0.3022     0.3177    92.3652 0.0000e+00
        516 340.468341    0.03574     2.1443    128.656     26.246  49423.503    31.1177     7.7505     26.000     7.7480    24.2616     6.1583     8.8008     90.464    268.515    275.029   -0.00014    6.80744    9.72850  296.81853   15.32979 1.5647e+00     0.3103     0.3173    92.3740 0.0000e+00
        521 340.468357    0.03612     2.1670    130.022     27.258  49426.140    31.1191     7.7508     27.000     7.7486    24.2627     6.1561     8.7976     90.433    268.418    274.930   -0.00039    6.80732    9.72835  296.81357   15.32954 1.3894e+00     0.3092     0.3162    92.3997 0.0000e+00
        526 340.468372    0.03648     2.1885    131.309     28.266  49426.529    31.1191     7.7520     28.000     7.7498    24.2625     6.1538     8.7944     90.402    268.318    274.828   -0.00050    6.80713    9.72807  296.80520   15.32914 1.2334e+00     0.3082     0.3182    92.3536 0.0000e+00
        532 340.468387    0.03684     2.2105    132.632     29.276  49425.840    31.1183     7.7528     29.000     7.7502    24.2618     6.1536     8.7941     90.401    268.311    274.821   -0.00038    6.80704    9.72794  296.80160   15.32898 1.0951e+00     0.3017     0.3189    92.3378 0.0000e+00
        537 340.468403    0.03722     2.2336    134.016     30.285  49426.661    31.1185     7.7530     30.000     7.7502    24.2619     6.1442     8.7807     90.263    267.901    274.401   -0.00110    6.80701    9.72790  296.80013   15.32891 9.7276e-01     0.3035     0.3193    92.3275 0.0000e+00
        543 340.468419    0.03761     2.2566    135.397     31.299  49427.801    31.1188     7.7531     31.000     7.7504    24.2622     6.1458     8.7829     90.286    267.969    274.470   -0.00072    6.80698    9.72785  296.79849   15.32882 8.6414e-01     0.3099     0.3176    92.3669 0.0000e+00
        548 340.468433    0.03796     2.2774    136.646     32.305  49429.760    31.1200     7.7546     32.000     7.7522    24.2629     6.1501     8.7891     90.354    268.158    274.664   -0.00015    6.80670    9.72745  296.78615   15.32823 7.6875e-01     0.3054     0.3204    92.3026 0.0000e+00
        553 340.468448    0.03830     2.2979    137.876     33.311  49428.414    31.1187     7.7554     33.000     7.7519    24.2618     6.1519     8.7917     90.380    268.234    274.742    0.00006    6.80663    9.72736  296.78379   15.32813 6.8355e-01     0.2942     0.3186    92.3447 0.0000e+00
        558 340.468462    0.03865     2.3192    139.152     34.325  49429.376    31.1189     7.7546     34.000     7.7513    24.2620     6.1479     8.7859     90.320    268.060    274.563   -0.00040    6.80674    9.72751  296.78823   15.32833 6.0783e-01     0.2922     0.3208    92.2932 0.0000e+00
        562 340.468476    0.03899     2.3391    140.348     35.330  49443.653    31.1287     7.7566     35.000     7.7575    24.2695     6.1470     8.7847     90.318    268.021    274.526   -0.00041    6.80600    9.72645  296.75388   15.32666 5.4196e-01     0.2964     0.3199    92.3147 0.0000e+00
        568 340.468492    0.03937     2.3621    141.727     36.343  49439.910    31.1269     7.7646     36.000     7.7615    24.2670     6.1457     8.7828     90.314    267.964    274.467   -0.00030    6.80484    9.72478  296.70377   15.32427 4.8173e-01     0.2891     0.3261    92.1711 0.0000e+00
        573 340.468508    0.03975     2.3853    143.120     37.354  49446.413    31.1315     7.7678     37.000     7.7666    24.2702     6.1383     8.7722     90.213    267.640    274.135   -0.00081    6.80414    9.72380  296.67260   15.32277 4.2855e-01     0.3268     0.3319    92.0372 0.0000e+00
        579 340.468523    0.04012     2.4071    144.426     38.363  49446.914    31.1321     7.7723     38.000     7.7693    24.2700     6.1322     8.7635     90.134    267.374    273.863   -0.00113    6.80341    9.72274  296.64061   15.32124 3.8187e-01     0.3057     0.3376    91.9058 0.0000e+00
        584 340.468539    0.04050     2.4298    145.787     39.373  49448.708    31.1331     7.7734     39.000     7.7697    24.2706     6.1374     8.7708     90.211    267.597    274.092   -0.00033    6.80320    9.72245  296.63144   15.32080 3.4045e-01     0.2967     0.3383    91.8909 0.0000e+00
        589 340.468554    0.04085     2.4514    147.087     40.380  49450.381    31.1338     7.7733     40.000     7.7695    24.2712     6.1346     8.7670     90.173    267.480    273.972   -0.00052    6.80318    9.72242  296.63037   15.32074 3.0311e-01     0.2944     0.3399    91.8535 0.0000e+00
        594 340.468569    0.04121     2.4724    148.344     41.391  49451.040    31.1338     7.7735     41.000     7.7697    24.2713     6.1293     8.7594     90.095    267.250    273.736   -0.00085    6.80316    9.72239  296.62927   15.32069 2.7025e-01     0.2881     0.3394    91.8648 0.0000e+00
        600 340.468584    0.04159     2.4951    149.708     42.402  49452.390    31.1344     7.7739     42.000     7.7703    24.2717     6.1346     8.7669     90.174    267.479    273.972   -0.00023    6.80305    9.72224  296.62469   15.32047 2.4040e-01     0.2857     0.3401    91.8490 0.0000e+00
        605 340.468600    0.04195     2.5168    151.010     43.408  49454.188    31.1353     7.7745     43.000     7.7708    24.2723     6.1308     8.7615     90.120    267.312    273.800   -0.00048    6.80293    9.72206  296.61888   15.32019 2.1450e-01     0.2915     0.3416    91.8138 0.0000e+00
        610 340.468615    0.04230     2.5383    152.298     44.421  49457.999    31.1377     7.7757     44.000     7.7725    24.2740     6.1285     8.7582     90.089    267.211    273.697   -0.00062    6.80264    9.72164  296.60586   15.31956 1.9174e-01     0.2827     0.3425    91.7939 0.0000e+00
        616 340.468630    0.04269     2.5611    153.665     45.432  49460.796    31.1396     7.7786     45.000     7.7750    24.2752     6.1288     8.7588     90.103    267.228    273.715   -0.00041    6.80210    9.72088  296.58195   15.31841 1.7164e-01     0.2856     0.3438    91.7654 0.0000e+00
        621 340.468646    0.04306     2.5834    155.006     46.438  49478.206    31.1522     7.7841     46.000     7.7846    24.2843     6.1325     8.7639     90.174    267.383    273.877    0.00008    6.80069    9.71886  296.51785   15.31530 1.5441e-01     0.2914     0.3494    91.6356 0.0000e+00
        626 340.468661    0.04341     2.6050    156.302     47.453  49476.602    31.1522     7.7944     47.000     7.7907    24.2829     6.1328     8.7643     90.200    267.395    273.888    0.00021    6.79910    9.71659  296.44897   15.31201 1.3909e-01     0.2824     0.3570    91.4621 0.0000e+00
        631 340.468674    0.04373     2.6238    157.429     48.452  49474.905    31.1507     7.7949     48.000     7.7903    24.2816     6.1211     8.7477     90.029    266.889    273.369   -0.00091    6.79907    9.71656  296.44841   15.31199 1.2535e-01     0.2822     0.3609    91.3721 0.0000e+00
        637 340.468691    0.04415     2.6490    158.937     49.479  49484.621    31.1574     7.7969     49.000     7.7948    24.2866     6.1194     8.7453     90.011    266.813    273.293   -0.00085    6.79847    9.71569  296.42054   15.31063 1.1369e-01     0.2835     0.3570    91.4622 0.0000e+00
        641 340.468704    0.04444     2.6668    160.010     50.472  49482.844    31.1564     7.8015     50.000     7.7974    24.2852     6.1145     8.7382     89.948    266.597    273.072   -0.00093    6.79781    9.71474  296.39202   15.30928 1.0314e-01     0.2811     0.3676    91.2215 0.0000e+00
        646 340.468719    0.04482     2.6894    161.362     51.485  49483.645    31.1567     7.8026     51.000     7.7981    24.2853     6.1121     8.7349     89.915    266.495    272.967   -0.00095    6.79763    9.71450  296.38453   15.30892 9.3771e-02     0.2911     0.3675    91.2206 0.0000e+00
        653 340.468739    0.04528     2.7169    163.012     52.504  49483.755    31.1565     7.8033     52.000     7.7983    24.2850     6.1030     8.7218     89.782    266.099    272.561   -0.00136    6.79754    9.71436  296.38038   15.30872 8.5688e-02     0.2739     0.3634    91.3157 0.0000e+00
        658 340.468752    0.04561     2.7364    164.182     53.506  49484.632    31.1566     7.8033     53.000     7.7985    24.2852     6.1078     8.7286     89.853    266.306    272.774   -0.00058    6.79752    9.71433  296.37951   15.30868 7.8598e-02     0.2813     0.3688    91.1918 0.0000e+00
