CTD-processing/allCTD/CNV/2018_06-22_t9_s07_cast124_5028.cnv
* Sea-Bird SBE19plus Data File:
* FileName = C:\Users\Kim.Powell\Desktop\Not Processed\2018\2018_06-XX\2018_06-XX_TRANSECT_STATION_cast124.hex
* Software Version 1.59
* Temperature SN =  5028
* Conductivity SN =  5028
* System UpLoad Time = Jul 05 2018 09:42:43
** 2018_06-22
** Station: 9-07
** Start Time: 14:41
** Depth (m): 101.7
** Comment:
** Comment:
# nquan = 27
# nvalues = 97                          
# units = specified
# name 0 = scan: Scan Count
# name 1 = timeJ: Julian Days
# name 2 = timeH: Time, Elapsed [hours]
# name 3 = timeM: Time, Elapsed [minutes]
# name 4 = timeS: Time, Elapsed [seconds]
# name 5 = prdM: Pressure, Strain Gauge [db]
# name 6 = specc: Specific Conductance [uS/cm]
# name 7 = sal00: Salinity, Practical [PSU]
# name 8 = tv290C: Temperature [ITS-90, deg C]
# name 9 = depSM: Depth [salt water, m], lat = 59.00
# name 10 = potemp090C: Potential Temperature [ITS-90, deg C]
# name 11 = sigma-é00: Density [sigma-theta, kg/m^3]
# name 12 = sbeox0ML/L: Oxygen, SBE 43 [ml/l]
# name 13 = sbeox0Mg/L: Oxygen, SBE 43 [mg/l]
# name 14 = sbeox0PS: Oxygen, SBE 43 [% saturation]
# name 15 = sbox0Mm/Kg: Oxygen, SBE 43 [umol/kg]
# name 16 = sbeox0Mm/L: Oxygen, SBE 43 [umol/l]
# name 17 = sbox0dV/dT: Oxygen, SBE 43 [dov/dt]
# name 18 = oxsolML/L: Oxygen Saturation, Garcia & Gordon [ml/l]
# name 19 = oxsolMg/L: Oxygen Saturation, Garcia & Gordon [mg/l]
# name 20 = oxsolMm/Kg: Oxygen Saturation, Garcia & Gordon [umol/kg]
# name 21 = potemp090C: Potential Temperature [ITS-90, deg C]
# name 22 = n2satMg/L: Nitrogen Saturation [mg/l]
# name 23 = par: PAR/Irradiance, Biospherical/Licor
# name 24 = flECO-AFL: Fluorescence, WET Labs ECO-AFL/FL [mg/m^3]
# name 25 = turbWETntu0: Turbidity, WET Labs ECO [NTU]
# name 26 = flag: flag
# span 0 =        182,        736       
# span 1 = 173.612874, 173.614476       
# span 2 =    0.01259,    0.05104       
# span 3 =     0.7555,     3.0625       
# span 4 =     45.328,    183.750       
# span 5 =      1.010,     97.939       
# span 6 =  42085.119,  50679.158       
# span 7 =    26.4229,    31.7423       
# span 8 =     6.5046,    10.7040       
# span 9 =      1.000,     97.000       
# span 10 =     6.4942,    10.6617      
# span 11 =    20.1547,    24.9182      
# span 12 =     6.1658,     6.8319      
# span 13 =     8.8116,     9.7635      
# span 14 =     93.172,    101.803      
# span 15 =    269.925,    297.967      
# span 16 =    275.366,    305.114      
# span 17 =   -0.01205,    0.01066      
# span 18 =    6.54322,    6.97694      
# span 19 =    9.35091,    9.97073      
# span 20 =  286.20460,  304.01432      
# span 21 =     6.4963,    10.7038      
# span 22 =   14.83759,   15.67048      
# span 23 = 5.0249e-02, 9.5161e+02      
# span 24 =     0.2422,     1.9787      
# span 25 =     0.4609,     2.2323      
# span 26 = 0.0000e+00, 0.0000e+00      
# interval = meters: 1                  
# start_time = Jun 22 2018 14:41:47 [Instrument's time stamp, header]
# bad_flag = -9.990e-29
*END*
[from data line 54]
        532 173.613887    0.03691     2.2146    132.875     55.526  50500.777    31.7131     6.9139     55.000     6.8985    24.8424     6.7092     9.5880     97.060    292.367    299.630   -0.00179    6.91235    9.87844  301.22248     6.9091   15.53747 6.7819e-02     0.2538     0.4753 0.0000e+00
        538 173.613903    0.03727     2.2364    134.184     56.536  50507.991    31.7110     6.8771     56.000     6.8602    24.8455     6.7081     9.5865     96.962    292.322    299.584   -0.00176    6.91833    9.88699  301.48209     6.8722   15.54985 6.4664e-02     0.2518     0.4887 0.0000e+00
        543 173.613919    0.03765     2.2592    135.553     57.546  50529.328    31.7217     6.8562     57.000     6.8486    24.8567     6.6956     9.5687     96.740    291.772    299.024   -0.00240    6.92118    9.89106  301.60319     6.8512   15.55559 6.2180e-02     0.2513     0.4852 0.0000e+00
        548 173.613933    0.03801     2.2808    136.845     58.556  50519.705    31.7119     6.8421     58.000     6.8226    24.8509     6.6843     9.5525     96.539    291.282    298.521   -0.00274    6.92388    9.89492  301.72252     6.8371   15.56132 6.0430e-02     0.2523     0.5141 0.0000e+00
        553 173.613948    0.03836     2.3016    138.094     59.565  50523.035    31.7057     6.7970     59.000     6.7694    24.8517     6.6764     9.5413     96.322    290.939    298.169   -0.00307    6.93140    9.90566  302.04975     6.7919   15.57695 5.9045e-02     0.2555     0.5261 0.0000e+00
        558 173.613962    0.03870     2.3221    139.324     60.575  50537.570    31.7050     6.7404     60.000     6.7112    24.8585     6.6580     9.5149     95.929    290.133    297.345   -0.00428    6.94053    9.91871  302.44558     6.7353   15.59583 5.7922e-02     0.2488     0.5917 0.0000e+00
        564 173.613979    0.03912     2.3468    140.805     61.585  50574.086    31.7185     6.6777     61.000     6.6632    24.8771     6.6334     9.4798     95.445    289.057    296.248   -0.00523    6.95000    9.93225  302.85298     6.6725   15.61520 5.6867e-02     0.2669     0.6874 0.0000e+00
        569 173.613994    0.03946     2.3676    142.054     62.595  50585.682    31.7229     6.6609     62.000     6.6511    24.8829     6.6085     9.4442     95.051    287.968    295.134   -0.00588    6.95252    9.93584  302.96080     6.6556   15.62032 5.6022e-02     0.2783     0.7484 0.0000e+00
        574 173.614009    0.03982     2.3892    143.349     63.604  50591.552    31.7249     6.6520     63.000     6.6449    24.8855     6.6070     9.4420     95.012    287.903    295.068   -0.00425    6.95387    9.93778  303.01906     6.6465   15.62309 5.5340e-02     0.2658     0.7716 0.0000e+00
        580 173.614026    0.04024     2.4140    144.839     64.614  50593.652    31.7251     6.6478     64.000     6.6414    24.8862     6.6017     9.4345     94.928    287.675    294.834   -0.00310    6.95452    9.93870  303.04696     6.6424   15.62442 5.4721e-02     0.2667     0.8054 0.0000e+00
        586 173.614041    0.04060     2.4358    146.148     65.624  50596.359    31.7264     6.6470     65.000     6.6419    24.8873     6.5996     9.4316     94.896    287.584    294.741   -0.00236    6.95460    9.93882  303.05029     6.6414   15.62458 5.4231e-02     0.2629     0.8154 0.0000e+00
        591 173.614057    0.04097     2.4584    147.501     66.633  50594.467    31.7247     6.6478     66.000     6.6412    24.8859     6.6032     9.4367     94.949    287.741    294.901   -0.00126    6.95455    9.93875  303.04854     6.6421   15.62450 5.3836e-02     0.2758     0.8123 0.0000e+00
        596 173.614070    0.04130     2.4777    148.662     67.643  50596.093    31.7251     6.6462     67.000     6.6403    24.8865     6.5993     9.4311     94.889    287.570    294.727   -0.00126    6.95480    9.93910  303.05911     6.6404   15.62500 5.3454e-02     0.2611     0.8664 0.0000e+00
        600 173.614084    0.04163     2.4977    149.860     68.653  50596.937    31.7252     6.6461     68.000     6.6403    24.8866     6.5949     9.4247     94.825    287.374    294.526   -0.00127    6.95479    9.93909  303.05895     6.6403   15.62499 5.3148e-02     0.2653     0.9610 0.0000e+00
        605 173.614097    0.04194     2.5163    150.975     69.663  50596.790    31.7247     6.6460     69.000     6.6395    24.8861     6.5909     9.4190     94.767    287.201    294.349   -0.00129    6.95484    9.93916  303.06131     6.6401   15.62511 5.2850e-02     0.2584     0.8984 0.0000e+00
        610 173.614111    0.04227     2.5360    152.162     70.673  50596.478    31.7236     6.6442     70.000     6.6371    24.8856     6.5889     9.4161     94.733    287.114    294.259   -0.00114    6.95518    9.93965  303.07621     6.6382   15.62582 5.2611e-02     0.2736     0.8366 0.0000e+00
        614 173.614122    0.04254     2.5526    153.158     71.682  50598.063    31.7239     6.6423     71.000     6.6355    24.8860     6.5885     9.4157     94.724    287.099    294.244   -0.00097    6.95547    9.94006  303.08857     6.6363   15.62641 5.2442e-02     0.2673     0.8447 0.0000e+00
        619 173.614137    0.04289     2.5729    154.377     72.692  50599.593    31.7242     6.6408     72.000     6.6340    24.8865     6.5888     9.4161     94.726    287.112    294.258   -0.00071    6.95570    9.94039  303.09843     6.6347   15.62688 5.2269e-02     0.2641     0.8123 0.0000e+00
        623 173.614149    0.04319     2.5918    155.508     73.702  50600.355    31.7239     6.6390     73.000     6.6315    24.8865     6.5843     9.4097     94.656    286.915    294.055   -0.00094    6.95601    9.94083  303.11184     6.6327   15.62752 5.2110e-02     0.2627     0.8494 0.0000e+00
        627 173.614162    0.04350     2.6101    156.603     74.712  50602.989    31.7249     6.6367     74.000     6.6299    24.8876     6.5829     9.4076     94.632    286.853    293.992   -0.00090    6.95632    9.94128  303.12535     6.6304   15.62816 5.1977e-02     0.2687     0.9011 0.0000e+00
        632 173.614177    0.04385     2.6311    157.866     75.722  50605.746    31.7262     6.6361     75.000     6.6301    24.8887     6.5800     9.4034     94.589    286.726    293.862   -0.00086    6.95636    9.94135  303.12682     6.6297   15.62823 5.1786e-02     0.2833     0.8950 0.0000e+00
        637 173.614189    0.04415     2.6490    158.940     76.732  50612.226    31.7305     6.6379     76.000     6.6341    24.8919     6.5759     9.3976     94.537    286.546    293.679   -0.00100    6.95589    9.94066  303.10496     6.6314   15.62717 5.1649e-02     0.2567     0.8736 0.0000e+00
        641 173.614202    0.04446     2.6677    160.060     77.742  50617.835    31.7354     6.6458     77.000     6.6423    24.8948     6.5784     9.4011     94.593    286.653    293.789   -0.00051    6.95438    9.93851  303.03878     6.6391   15.62399 5.1542e-02     0.2666     0.8347 0.0000e+00
        646 173.614216    0.04480     2.6880    161.277     78.751  50616.206    31.7349     6.6516     78.000     6.6469    24.8936     6.5806     9.4043     94.638    286.751    293.890   -0.00010    6.95346    9.93721  302.99916     6.6449   15.62210 5.1417e-02     0.2645     0.7825 0.0000e+00
        650 173.614228    0.04509     2.7055    162.333     79.761  50621.090    31.7390     6.6581     79.000     6.6545    24.8960     6.5794     9.4026     94.637    286.697    293.835   -0.00016    6.95223    9.93543  302.94443     6.6513   15.61948 5.1319e-02     0.2534     0.7575 0.0000e+00
        656 173.614244    0.04547     2.7281    163.689     80.771  50620.001    31.7392     6.6657     80.000     6.6597    24.8953     6.5782     9.4008     94.636    286.645    293.781   -0.00017    6.95100    9.93367  302.89117     6.6588   15.61694 5.1203e-02     0.2557     0.7025 0.0000e+00
        660 173.614256    0.04575     2.7452    164.709     81.781  50616.169    31.7357     6.6639     81.000     6.6538    24.8927     6.5818     9.4060     94.682    286.804    293.944    0.00004    6.95144    9.93431  302.91117     6.6570   15.61791 5.1104e-02     0.2583     0.6672 0.0000e+00
        664 173.614269    0.04607     2.7644    165.862     82.791  50620.539    31.7372     6.6579     82.000     6.6480    24.8946     6.5838     9.4089     94.699    286.891    294.033    0.00009    6.95234    9.93560  302.94992     6.6509   15.61975 5.1032e-02     0.2581     0.6241 0.0000e+00
        669 173.614282    0.04637     2.7822    166.930     83.800  50607.976    31.7257     6.6452     83.000     6.6255    24.8872     6.5802     9.4038     94.612    286.736    293.872   -0.00044    6.95493    9.93929  303.06465     6.6381   15.62527 5.0984e-02     0.2550     0.6275 0.0000e+00
        674 173.614296    0.04673     2.8034    168.207     84.810  50618.559    31.7267     6.6135     84.000     6.5982    24.8920     6.5685     9.3871     94.375    286.226    293.350   -0.00161    6.96000    9.94654  303.28416     6.6063   15.63573 5.0917e-02     0.2485     0.6684 0.0000e+00
        678 173.614309    0.04703     2.8219    169.312     85.820  50627.567    31.7297     6.5989     85.000     6.5872    24.8964     6.5561     9.3693     94.166    285.681    292.793   -0.00239    6.96222    9.94971  303.37978     6.5916   15.64028 5.0847e-02     0.2588     0.7295 0.0000e+00
        683 173.614324    0.04738     2.8430    170.578     86.830  50629.478    31.7287     6.5884     86.000     6.5769    24.8968     6.5486     9.3585     94.035    285.355    292.459   -0.00243    6.96396    9.95220  303.45562     6.5811   15.64390 5.0764e-02     0.2651     0.8063 0.0000e+00
        688 173.614337    0.04769     2.8616    171.693     87.840  50631.473    31.7278     6.5788     87.000     6.5681    24.8974     6.5505     9.3613     94.041    285.438    292.545   -0.00178    6.96557    9.95449  303.52533     6.5713   15.64722 5.0683e-02     0.2719     0.8386 0.0000e+00
        693 173.614351    0.04803     2.8814    172.883     88.850  50640.074    31.7327     6.5757     88.000     6.5691    24.9016     6.5488     9.3590     94.014    285.367    292.472   -0.00140    6.96584    9.95488  303.53595     6.5682   15.64771 5.0649e-02     0.2744     0.8584 0.0000e+00
        697 173.614363    0.04832     2.8995    173.970     89.859  50641.505    31.7337     6.5783     89.000     6.5722    24.9021     6.5409     9.3476     93.906    285.019    292.117   -0.00166    6.96538    9.95422  303.51544     6.5707   15.64673 5.0575e-02     0.2689     0.8667 0.0000e+00
        702 173.614377    0.04865     2.9193    175.156     90.869  50642.922    31.7350     6.5825     90.000     6.5762    24.9026     6.5404     9.3470     93.910    285.000    292.097   -0.00126    6.96463    9.95315  303.48279     6.5748   15.64516 5.0524e-02     0.2564     0.8683 0.0000e+00
        707 173.614391    0.04900     2.9400    176.400     91.879  50641.098    31.7336     6.5845     91.000     6.5752    24.9012     6.5444     9.3527     93.970    285.173    292.275   -0.00055    6.96437    9.95278  303.47198     6.5767   15.64466 5.0535e-02     0.2481     0.9075 0.0000e+00
        711 173.614404    0.04931     2.9584    177.502     92.889  50640.731    31.7319     6.5790     92.000     6.5672    24.9006     6.5422     9.3495     93.925    285.076    292.175   -0.00068    6.96535    9.95418  303.51478     6.5711   15.64670 5.0454e-02     0.2779     0.9920 0.0000e+00
        716 173.614418    0.04964     2.9784    178.705     93.899  50645.203    31.7329     6.5702     93.000     6.5585    24.9025     6.5365     9.3413     93.825    284.828    291.920   -0.00107    6.96672    9.95614  303.57394     6.5623   15.64953 5.0391e-02     0.2832     0.9785 0.0000e+00
        721 173.614433    0.05000     3.0002    180.014     94.909  50644.817    31.7296     6.5567     94.000     6.5392    24.9016     6.5304     9.3325     93.706    284.560    291.647   -0.00140    6.96905    9.95947  303.67576     6.5487   15.65439 5.0378e-02     0.2800     1.0076 0.0000e+00
        726 173.614447    0.05034     3.0203    181.220     95.919  50657.940    31.7337     6.5324     95.000     6.5161    24.9079     6.5225     9.3214     93.542    284.216    291.296   -0.00189    6.97282    9.96485  303.83801     6.5243   15.66211 5.0345e-02     0.2610     1.1661 0.0000e+00
        730 173.614460    0.05065     3.0387    182.324     96.929  50669.853    31.7387     6.5172     96.000     6.5038    24.9138     6.5114     9.3055     93.353    283.733    290.801   -0.00244    6.97506    9.96806  303.93397     6.5090   15.66666 5.0316e-02     0.2662     1.2864 0.0000e+00
        736 173.614476    0.05104     3.0625    183.750     97.939  50679.158    31.7423     6.5046     97.000     6.4942    24.9182     6.5006     9.2899     93.172    283.256    290.314   -0.00266    6.97694    9.97073  304.01432     6.4963   15.67048 5.0249e-02     0.2752     1.4113 0.0000e+00
