CTD-processing/allCTD/CNV/2018_03-02_t9_s08_cast018_5028.cnv
* Sea-Bird SBE19plus Data File:
* FileName = C:\Users\Kim.Powell\Desktop\Not Processed\2018\2018_03-02_AlongBay,T9_5028\2018_03-02_TRANSECT_STATION_cast018.hex
* Software Version 1.59
* Temperature SN =  5028
* Conductivity SN =  5028
* System UpLoad Time = Mar 05 2018 11:39:03
** 2018_03-02
** Station: 9-08
** Start Time: 14:57
** Depth (m): 97.8
** Comment:**CTD time 1 hour off
** Comment:
# nquan = 27
# nvalues = 94                          
# units = specified
# name 0 = scan: Scan Count
# name 1 = timeJ: Julian Days
# name 2 = timeH: Time, Elapsed [hours]
# name 3 = timeM: Time, Elapsed [minutes]
# name 4 = timeS: Time, Elapsed [seconds]
# name 5 = prdM: Pressure, Strain Gauge [db]
# name 6 = specc: Specific Conductance [uS/cm]
# name 7 = sal00: Salinity, Practical [PSU]
# name 8 = tv290C: Temperature [ITS-90, deg C]
# name 9 = depSM: Depth [salt water, m], lat = 59.00
# name 10 = potemp090C: Potential Temperature [ITS-90, deg C]
# name 11 = sigma-é00: Density [sigma-theta, kg/m^3]
# name 12 = sbeox0ML/L: Oxygen, SBE 43 [ml/l]
# name 13 = sbeox0Mg/L: Oxygen, SBE 43 [mg/l]
# name 14 = sbeox0PS: Oxygen, SBE 43 [% saturation]
# name 15 = sbox0Mm/Kg: Oxygen, SBE 43 [umol/kg]
# name 16 = sbeox0Mm/L: Oxygen, SBE 43 [umol/l]
# name 17 = sbox0dV/dT: Oxygen, SBE 43 [dov/dt]
# name 18 = oxsolML/L: Oxygen Saturation, Garcia & Gordon [ml/l]
# name 19 = oxsolMg/L: Oxygen Saturation, Garcia & Gordon [mg/l]
# name 20 = oxsolMm/Kg: Oxygen Saturation, Garcia & Gordon [umol/kg]
# name 21 = potemp090C: Potential Temperature [ITS-90, deg C]
# name 22 = n2satMg/L: Nitrogen Saturation [mg/l]
# name 23 = par: PAR/Irradiance, Biospherical/Licor
# name 24 = flECO-AFL: Fluorescence, WET Labs ECO-AFL/FL [mg/m^3]
# name 25 = turbWETntu0: Turbidity, WET Labs ECO [NTU]
# name 26 = flag: flag
# span 0 =        281,        721       
# span 1 =  61.665082,  61.666354       
# span 2 =    0.01946,    0.05000       
# span 3 =     1.1681,     3.0003       
# span 4 =     70.086,    180.017       
# span 5 =      1.009,     94.908       
# span 6 =  51343.631,  51491.951       
# span 7 =    31.3152,    31.7164       
# span 8 =     2.4485,     3.9030       
# span 9 =      1.000,     94.000       
# span 10 =     2.4493,     3.8968      
# span 11 =    24.9882,    25.1898      
# span 12 =     6.8422,     6.9873      
# span 13 =     9.7782,     9.9855      
# span 14 =     88.651,     93.111      
# span 15 =    298.123,    304.432      
# span 16 =    305.573,    312.054      
# span 17 =   -0.00079,    0.00852      
# span 18 =    7.42477,    7.71819      
# span 19 =   10.61073,   11.03006      
# span 20 =  323.44432,  336.29092      
# span 21 =     2.4485,     3.8970      
# span 22 =   16.59566,   17.20765      
# span 23 = 3.7976e-02, 5.0841e+01      
# span 24 =     0.4135,     0.5011      
# span 25 =     1.9595,     3.5651      
# span 26 = 0.0000e+00, 0.0000e+00      
# interval = meters: 1                  
# start_time = Mar 02 2018 15:56:33 [Instrument's time stamp, header]
# bad_flag = -9.990e-29
*END*
[from data line 54]
        534  61.665814    0.03704     2.2226    133.356     55.527  51401.556    31.4630     2.9558     55.000     2.9620    25.0664     6.9711     9.9623     91.565    303.714    311.327   -0.00017    7.61324   10.88008  331.69279     2.9528   16.98869 3.7976e-02     0.4382     2.4442 0.0000e+00
        539  61.665828    0.03737     2.2422    134.535     56.536  51396.349    31.4649     2.9786     56.000     2.9800    25.0661     6.9773     9.9714     91.701    303.989    311.609    0.00049    7.60882   10.87377  331.50049     2.9755   16.97955 3.7976e-02     0.4277     2.4948 0.0000e+00
        544  61.665843    0.03773     2.2639    135.832     57.547  51395.244    31.4649     2.9831     57.000     2.9873    25.0657     6.9785     9.9730     91.726    304.039    311.660    0.00049    7.60797   10.87255  331.46364     2.9800   16.97780 3.7976e-02     0.4135     2.4460 0.0000e+00
        549  61.665855    0.03803     2.2820    136.917     58.555  51429.802    31.4956     3.0132     58.000     3.0350    25.0877     6.9725     9.9644     91.735    303.770    311.391    0.00025    7.60070   10.86215  331.13939     3.0100   16.96227 3.7976e-02     0.4167     2.4969 0.0000e+00
        553  61.665869    0.03834     2.3009    138.055     59.565  51409.576    31.4952     3.0658     59.000     3.0751    25.0830     6.9860     9.9838     92.033    304.362    311.996    0.00163    7.59079   10.84800  330.70950     3.0625   16.94185 3.7976e-02     0.4344     2.4548 0.0000e+00
        557  61.665881    0.03864     2.3187    139.122     60.575  51387.678    31.4846     3.0836     60.000     3.0820    25.0731     6.9851     9.9824     92.054    304.324    311.954    0.00142    7.58798   10.84398  330.59021     3.0803   16.93623 3.7976e-02     0.4334     2.4353 0.0000e+00
        563  61.665896    0.03900     2.3400    140.402     61.585  51387.915    31.4851     3.0871     61.000     3.0853    25.0732     6.9675     9.9573     91.832    303.560    311.171   -0.00012    7.58730   10.84302  330.56086     3.0836   16.93484 3.7976e-02     0.4412     2.4249 0.0000e+00
        567  61.665909    0.03931     2.3585    141.507     62.594  51392.462    31.4890     3.0920     62.000     3.0924    25.0759     6.9599     9.9463     91.745    303.225    310.828   -0.00061    7.58616   10.84139  330.51036     3.0886   16.93242 3.7976e-02     0.4346     2.4287 0.0000e+00
        572  61.665922    0.03962     2.3776    142.658     63.604  51393.587    31.4917     3.1015     63.000     3.1019    25.0773     6.9619     9.9492     91.794    303.311    310.917   -0.00029    7.58425   10.83865  330.42640     3.0979   16.92842 3.7976e-02     0.4368     2.4365 0.0000e+00
        576  61.665935    0.03995     2.3972    143.830     64.614  51391.641    31.4920     3.1098     64.000     3.1091    25.0768     6.9637     9.9517     91.836    303.388    310.996   -0.00001    7.58266   10.83638  330.35747     3.1062   16.92514 3.7976e-02     0.4337     2.4302 0.0000e+00
        581  61.665949    0.04027     2.4162    144.975     65.624  51390.588    31.4925     3.1163     65.000     3.1147    25.0767     6.9595     9.9458     91.797    303.207    310.810   -0.00024    7.58142   10.83461  330.30328     3.1126   16.92257 3.7976e-02     0.4308     2.4536 0.0000e+00
        586  61.665964    0.04062     2.4374    146.244     66.634  51393.773    31.4955     3.1219     66.000     3.1220    25.0786     6.9555     9.9401     91.759    303.034    310.634   -0.00042    7.58020   10.83287  330.24979     3.1182   16.92001 3.7976e-02     0.4207     2.4006 0.0000e+00
        590  61.665976    0.04091     2.4549    147.294     67.643  51395.592    31.4987     3.1313     67.000     3.1317    25.0804     6.9534     9.9371     91.755    302.942    310.540   -0.00038    7.57827   10.83011  330.16511     3.1275   16.91598 3.7976e-02     0.4206     2.4954 0.0000e+00
        595  61.665991    0.04128     2.4767    148.604     68.653  51397.062    31.5019     3.1415     68.000     3.1437    25.0820     6.9519     9.9349     91.760    302.873    310.470   -0.00030    7.57621   10.82715  330.07439     3.1376   16.91166 3.7976e-02     0.4274     2.5461 0.0000e+00
        600  61.666003    0.04158     2.4946    149.676     69.663  51417.915    31.5208     3.1619     69.000     3.1760    25.0954     6.9520     9.9351     91.819    302.875    310.476    0.00001    7.57141   10.82030  329.86105     3.1579   16.90144 3.7976e-02     0.4344     2.4749 0.0000e+00
        604  61.666016    0.04189     2.5135    150.807     70.673  51407.852    31.5239     3.2023     70.000     3.2108    25.0944     6.9570     9.9422     91.978    303.091    310.697    0.00075    7.56368   10.80925  329.52463     3.1982   16.88545 3.7976e-02     0.4259     2.5472 0.0000e+00
        609  61.666030    0.04223     2.5340    152.040     71.682  51389.788    31.5170     3.2247     71.000     3.2246    25.0870     6.9570     9.9422     92.025    303.094    310.698    0.00079    7.55983   10.80375  329.35939     3.2206   16.87761 3.7976e-02     0.4249     2.5661 0.0000e+00
        614  61.666045    0.04257     2.5542    153.254     72.692  51392.917    31.5211     3.2343     72.000     3.2364    25.0894     6.9467     9.9276     91.915    302.648    310.241   -0.00001    7.55782   10.80089  329.27118     3.2302   16.87341 3.7976e-02     0.4240     2.5658 0.0000e+00
        619  61.666059    0.04292     2.5748    154.491     73.702  51431.281    31.5537     3.2623     73.000     3.2870    25.1130     6.9393     9.9170     91.900    302.317    309.909   -0.00016    7.55093   10.79104  328.96333     3.2580   16.85865 3.7976e-02     0.4158     2.5397 0.0000e+00
        624  61.666073    0.04325     2.5952    155.709     74.712  51434.221    31.5763     3.3447     74.000     3.3694    25.1239     6.9458     9.9262     92.188    302.594    310.197    0.00122    7.53440   10.76741  328.23973     3.3404   16.82418 3.7976e-02     0.4174     2.5425 0.0000e+00
        629  61.666087    0.04359     2.6155    156.931     75.722  51394.403    31.5631     3.4004     75.000     3.4064    25.1085     6.9518     9.9348     92.387    302.864    310.468    0.00203    7.52472   10.75357  327.82257     3.3960   16.80440 3.7976e-02     0.4190     2.4884 0.0000e+00
        633  61.666100    0.04391     2.6344    158.065     76.731  51404.992    31.5766     3.4274     76.000     3.4386    25.1169     6.9307     9.9046     92.175    301.939    309.523    0.00041    7.51901   10.74543  327.57182     3.4230   16.79243 3.7976e-02     0.4216     2.5222 0.0000e+00
        638  61.666115    0.04426     2.6555    159.328     77.741  51412.515    31.5916     3.4685     77.000     3.4848    25.1252     6.9204     9.8898     92.141    301.488    309.063    0.00004    7.51065   10.73347  327.20473     3.4639   16.77492 3.7976e-02     0.4274     2.4679 0.0000e+00
        643  61.666128    0.04457     2.6744    160.463     78.751  51482.889    31.6571     3.5411     78.000     3.5924    25.1708     6.9188     9.8876     92.325    301.406    308.993    0.00087    7.49394   10.70959  326.46225     3.5364   16.73937 3.7976e-02     0.4262     2.2594 0.0000e+00
        647  61.666141    0.04489     2.6935    161.611     79.760  51491.951    31.6963     3.6754     79.000     3.7219    25.1898     6.9304     9.9041     92.811    301.905    309.511    0.00304    7.46728   10.67149  325.29464     3.6705   16.68371 3.7976e-02     0.4325     2.0530 0.0000e+00
        652  61.666155    0.04523     2.7134    162.807     80.770  51455.819    31.6968     3.7787     80.000     3.7980    25.1807     6.9352     9.9111     93.111    302.120    309.728    0.00393    7.44835   10.64443  324.47273     3.7737   16.64463 3.7976e-02     0.4458     1.9595 0.0000e+00
        657  61.666170    0.04558     2.7348    164.088     81.780  51443.593    31.7003     3.8287     81.000     3.8344    25.1788     6.9095     9.8744     92.881    301.000    308.578    0.00164    7.43907   10.63117  324.06892     3.8236   16.62542 3.7976e-02     0.4542     2.0595 0.0000e+00
        662  61.666183    0.04588     2.7529    165.176     82.791  51443.447    31.7045     3.8485     82.000     3.8496    25.1804     6.8910     9.8479     92.680    300.192    307.752    0.00017    7.43524   10.62570  323.90187     3.8434   16.61746 3.7976e-02     0.4591     2.3019 0.0000e+00
        667  61.666197    0.04624     2.7742    166.449     83.800  51441.004    31.7054     3.8608     83.000     3.8578    25.1799     6.8801     9.8322     92.561    299.716    307.263   -0.00053    7.43297   10.62246  323.80324     3.8555   16.61277 3.7976e-02     0.4667     2.6829 0.0000e+00
        672  61.666211    0.04658     2.7947    167.680     84.810  51442.165    31.7069     3.8659     84.000     3.8620    25.1806     6.8761     9.8267     92.521    299.545    307.088   -0.00064    7.43196   10.62102  323.75918     3.8605   16.61067 3.7976e-02     0.4787     2.8539 0.0000e+00
        676  61.666225    0.04689     2.8136    168.814     85.820  51445.821    31.7099     3.8701     85.000     3.8677    25.1826     6.8743     9.8240     92.507    299.461    307.003   -0.00059    7.43106   10.61972  323.71907     3.8647   16.60875 3.7976e-02     0.4834     2.8010 0.0000e+00
        681  61.666239    0.04723     2.8339    170.033     86.830  51446.538    31.7118     3.8777     86.000     3.8752    25.1834     6.8734     9.8228     92.514    299.425    306.966   -0.00045    7.42957   10.61760  323.65396     3.8723   16.60565 3.7976e-02     0.4925     3.0185 0.0000e+00
        686  61.666254    0.04758     2.8550    171.299     87.839  51445.474    31.7121     3.8841     87.000     3.8803    25.1830     6.8748     9.8248     92.548    299.489    307.031   -0.00020    7.42841   10.61594  323.60340     3.8785   16.60324 3.7976e-02     0.4814     3.1906 0.0000e+00
        691  61.666268    0.04793     2.8759    172.552     88.850  51450.470    31.7164     3.8901     88.000     3.8882    25.1859     6.8759     9.8263     92.579    299.535    307.079   -0.00004    7.42709   10.61405  323.54503     3.8845   16.60045 3.7976e-02     0.4824     3.0835 0.0000e+00
        696  61.666282    0.04827     2.8962    173.770     89.859  51448.298    31.7162     3.8976     89.000     3.8935    25.1851     6.8774     9.8284     92.615    299.596    307.142    0.00010    7.42575   10.61213  323.48683     3.8919   16.59768 3.7976e-02     0.4790     3.3058 0.0000e+00
        701  61.666296    0.04862     2.9170    175.018     90.869  51447.913    31.7162     3.9008     90.000     3.8958    25.1848     6.8725     9.8215     92.557    299.386    306.926   -0.00025    7.42516   10.61129  323.46120     3.8951   16.59646 3.7976e-02     0.4807     3.5651 0.0000e+00
        706  61.666310    0.04894     2.9362    176.172     91.879  51447.156    31.7155     3.9020     91.000     3.8961    25.1841     6.8680     9.8151     92.499    299.191    306.726   -0.00055    7.42498   10.61104  323.45377     3.8962   16.59611 3.7976e-02     0.4728     3.5421 0.0000e+00
        712  61.666327    0.04935     2.9608    177.648     92.889  51448.534    31.7159     3.9018     92.000     3.8962    25.1845     6.8638     9.8091     92.442    299.009    306.540   -0.00068    7.42499   10.61105  323.45389     3.8960   16.59612 3.7976e-02     0.4828     3.3654 0.0000e+00
        716  61.666340    0.04966     2.9797    178.780     93.899  51449.731    31.7164     3.9024     93.000     3.8968    25.1848     6.8605     9.8044     92.400    298.866    306.392   -0.00079    7.42486   10.61086  323.44821     3.8965   16.59584 3.7976e-02     0.4840     3.4449 0.0000e+00
        721  61.666354    0.05000     3.0003    180.017     94.908  51450.070    31.7162     3.9030     94.000     3.8968    25.1846     6.8630     9.8079     92.434    298.972    306.501   -0.00046    7.42477   10.61073  323.44432     3.8970   16.59566 3.7976e-02     0.4770     3.3804 0.0000e+00
