CTD-processing/allCTD/CNV/2018_06-25_t3_s13_cast131_5028.cnv
* Sea-Bird SBE19plus Data File:
* FileName = C:\Users\Kim.Powell\Desktop\Not Processed\2018\2018_06-XX\2018_06-XX_TRANSECT_STATION_cast131.hex
* Software Version 1.59
* Temperature SN =  5028
* Conductivity SN =  5028
* System UpLoad Time = Jul 05 2018 09:48:43
** 2018_06-25
** Station: 3-13
** Start Time: 11:02
** Depth (m): 32.6
** Comment:
** Comment:
# nquan = 27
# nvalues = 31                          
# units = specified
# name 0 = scan: Scan Count
# name 1 = timeJ: Julian Days
# name 2 = timeH: Time, Elapsed [hours]
# name 3 = timeM: Time, Elapsed [minutes]
# name 4 = timeS: Time, Elapsed [seconds]
# name 5 = prdM: Pressure, Strain Gauge [db]
# name 6 = specc: Specific Conductance [uS/cm]
# name 7 = sal00: Salinity, Practical [PSU]
# name 8 = tv290C: Temperature [ITS-90, deg C]
# name 9 = depSM: Depth [salt water, m], lat = 59.00
# name 10 = potemp090C: Potential Temperature [ITS-90, deg C]
# name 11 = sigma-é00: Density [sigma-theta, kg/m^3]
# name 12 = sbeox0ML/L: Oxygen, SBE 43 [ml/l]
# name 13 = sbeox0Mg/L: Oxygen, SBE 43 [mg/l]
# name 14 = sbeox0PS: Oxygen, SBE 43 [% saturation]
# name 15 = sbox0Mm/Kg: Oxygen, SBE 43 [umol/kg]
# name 16 = sbeox0Mm/L: Oxygen, SBE 43 [umol/l]
# name 17 = sbox0dV/dT: Oxygen, SBE 43 [dov/dt]
# name 18 = oxsolML/L: Oxygen Saturation, Garcia & Gordon [ml/l]
# name 19 = oxsolMg/L: Oxygen Saturation, Garcia & Gordon [mg/l]
# name 20 = oxsolMm/Kg: Oxygen Saturation, Garcia & Gordon [umol/kg]
# name 21 = potemp090C: Potential Temperature [ITS-90, deg C]
# name 22 = n2satMg/L: Nitrogen Saturation [mg/l]
# name 23 = par: PAR/Irradiance, Biospherical/Licor
# name 24 = flECO-AFL: Fluorescence, WET Labs ECO-AFL/FL [mg/m^3]
# name 25 = turbWETntu0: Turbidity, WET Labs ECO [NTU]
# name 26 = flag: flag
# span 0 =        216,        464       
# span 1 = 176.461038, 176.461757       
# span 2 =    0.01492,    0.03217       
# span 3 =     0.8949,     1.9306       
# span 4 =     53.691,    115.835       
# span 5 =      1.009,     31.296       
# span 6 =  48034.659,  49561.218       
# span 7 =    30.3774,    31.3482       
# span 8 =     8.6357,     8.6871       
# span 9 =      1.000,     31.000       
# span 10 =     8.6333,     8.6785      
# span 11 =    23.5491,    24.3153      
# span 12 =     6.2075,     6.8645      
# span 13 =     8.8712,     9.8100      
# span 14 =     92.765,    103.036      
# span 15 =    270.841,    299.292      
# span 16 =    277.228,    306.569      
# span 17 =   -0.00141,    0.00362      
# span 18 =    6.65786,    6.70028      
# span 19 =    9.51475,    9.57537      
# span 20 =  290.28349,  292.39312      
# span 21 =     8.6332,     8.6871      
# span 22 =   15.01679,   15.12163      
# span 23 = 2.6925e-01, 1.4236e+02      
# span 24 =     1.4725,     1.7041      
# span 25 =     0.4880,     0.6483      
# span 26 = 0.0000e+00, 0.0000e+00      
# interval = meters: 1                  
# start_time = Jun 25 2018 11:03:00 [Instrument's time stamp, header]
# bad_flag = -9.990e-29
*END*
        216 176.461038    0.01492     0.8949     53.691      1.009  48034.659    30.3774     8.6871      1.000     8.6785    23.5491     6.2075     8.8712     92.765    270.841    277.228    0.00206    6.70028    9.57537  292.39312     8.6871   15.12163 1.4236e+02     1.5117     0.6483 0.0000e+00
        318 176.461333    0.02199     1.3194     79.164      2.019  49533.539    31.3448     8.6681      2.000     8.6681    24.3074     6.7952     9.7111    102.061    296.274    303.475    0.00362    6.65786    9.51475  290.28349     8.6678   15.01679 9.3809e+01     1.6455     0.5667 0.0000e+00
        322 176.461346    0.02230     1.3381     80.287      3.028  49517.032    31.3338     8.6687      3.000     8.6686    24.2987     6.7962     9.7124    102.071    296.317    303.517    0.00284    6.65827    9.51534  290.30441     8.6684   15.01784 6.9746e+01     1.6864     0.5824 0.0000e+00
        327 176.461361    0.02266     1.3593     81.558      4.038  49517.848    31.3341     8.6692      4.000     8.6688    24.2988     6.7997     9.7175    102.126    296.472    303.676    0.00204    6.65819    9.51522  290.30076     8.6688   15.01767 5.4976e+01     1.7041     0.5338 0.0000e+00
        332 176.461374    0.02299     1.3792     82.754      5.047  49518.522    31.3340     8.6692      5.000     8.6684    24.2988     6.8107     9.7331    102.290    296.948    304.163    0.00222    6.65820    9.51524  290.30149     8.6686   15.01770 4.5281e+01     1.6881     0.5095 0.0000e+00
        338 176.461391    0.02338     1.4031     84.185      6.056  49519.488    31.3342     8.6683      6.000     8.6673    24.2991     6.8189     9.7448    102.412    297.307    304.531    0.00200    6.65832    9.51541  290.30641     8.6677   15.01794 3.7345e+01     1.6749     0.4880 0.0000e+00
        344 176.461408    0.02379     1.4273     85.638      7.066  49520.157    31.3340     8.6673      7.000     8.6661    24.2991     6.8268     9.7561    102.527    297.650    304.882    0.00179    6.65847    9.51563  290.31322     8.6666   15.01826 3.0665e+01     1.6794     0.5085 0.0000e+00
        348 176.461422    0.02413     1.4477     86.863      8.075  49521.300    31.3342     8.6659      8.000     8.6645    24.2995     6.8332     9.7654    102.622    297.933    305.173    0.00167    6.65867    9.51591  290.32161     8.6651   15.01866 2.5458e+01     1.6296     0.5319 0.0000e+00
        353 176.461435    0.02443     1.4660     87.962      9.085  49521.775    31.3339     8.6645      9.000     8.6624    24.2995     6.8376     9.7715    102.683    298.121    305.366    0.00143    6.65889    9.51623  290.33128     8.6637   15.01913 2.1097e+01     1.6144     0.5534 0.0000e+00
        359 176.461453    0.02488     1.4930     89.578     10.095  49524.490    31.3348     8.6604     10.000     8.6583    24.3007     6.8421     9.7781    102.743    298.320    305.570    0.00109    6.65947    9.51705  290.35615     8.6594   15.02031 1.7151e+01     1.5735     0.5269 0.0000e+00
        365 176.461470    0.02527     1.5160     90.961     11.105  49526.952    31.3356     8.6573     11.000     8.6553    24.3019     6.8455     9.7830    102.787    298.469    305.723    0.00084    6.65989    9.51766  290.37433     8.6562   15.02118 1.3842e+01     1.6169     0.5405 0.0000e+00
        370 176.461485    0.02564     1.5386     92.317     12.113  49529.099    31.3362     8.6544     12.000     8.6502    24.3029     6.8513     9.7911    102.867    298.717    305.977    0.00092    6.66031    9.51825  290.39201     8.6532   15.02202 1.1482e+01     1.6107     0.5310 0.0000e+00
        375 176.461498    0.02595     1.5571     93.425     13.123  49537.474    31.3404     8.6458     13.000     8.6415    24.3074     6.8531     9.7938    102.878    298.797    306.061    0.00064    6.66142    9.51982  290.43888     8.6445   15.02424 9.4537e+00     1.6642     0.5578 0.0000e+00
        380 176.461514    0.02634     1.5803     94.816     14.133  49543.780    31.3437     8.6415     14.000     8.6399    24.3106     6.8461     9.7837    102.764    298.489    305.746   -0.00027    6.66191    9.52053  290.45964     8.6401   15.02522 7.6704e+00     1.6629     0.5248 0.0000e+00
        387 176.461534    0.02681     1.6083     96.498     15.142  49545.218    31.3442     8.6408     15.000     8.6394    24.3112     6.8398     9.7747    102.669    298.216    305.466   -0.00082    6.66199    9.52065  290.46293     8.6393   15.02537 6.1456e+00     1.6151     0.5221 0.0000e+00
        392 176.461548    0.02714     1.6287     97.722     16.152  49545.151    31.3437     8.6409     16.000     8.6382    24.3108     6.8491     9.7880    102.808    298.620    305.880    0.00016    6.66201    9.52068  290.46388     8.6393   15.02542 5.0329e+00     1.6203     0.5221 0.0000e+00
        396 176.461561    0.02745     1.6473     98.835     17.161  49548.213    31.3450     8.6383     17.000     8.6359    24.3122     6.8548     9.7962    102.890    298.870    306.136    0.00055    6.66233    9.52114  290.47757     8.6366   15.02607 4.1524e+00     1.6158     0.5111 0.0000e+00
        401 176.461573    0.02775     1.6648     99.888     18.171  49550.316    31.3460     8.6375     18.000     8.6359    24.3131     6.8542     9.7954    102.878    298.842    306.108    0.00028    6.66241    9.52125  290.48065     8.6357   15.02622 3.4090e+00     1.5982     0.5188 0.0000e+00
        406 176.461588    0.02810     1.6862    101.173     19.180  49550.277    31.3457     8.6387     19.000     8.6373    24.3127     6.8509     9.7906    102.831    298.700    305.961   -0.00017    6.66225    9.52102  290.47376     8.6368   15.02589 2.7613e+00     1.6079     0.5200 0.0000e+00
        411 176.461602    0.02845     1.7074    102.441     20.190  49549.801    31.3450     8.6397     20.000     8.6378    24.3121     6.8539     9.7949    102.878    298.829    306.094    0.00004    6.66213    9.52084  290.46863     8.6377   15.02565 2.2253e+00     1.6064     0.5257 0.0000e+00
        416 176.461618    0.02882     1.7293    103.760     21.199  49550.456    31.3451     8.6400     21.000     8.6377    24.3121     6.8580     9.8007    102.940    299.007    306.277    0.00034    6.66208    9.52078  290.46655     8.6379   15.02555 1.8294e+00     1.6162     0.5210 0.0000e+00
        420 176.461630    0.02912     1.7471    104.823     22.209  49551.593    31.3454     8.6394     22.000     8.6367    24.3124     6.8606     9.8046    102.980    299.124    306.397    0.00035    6.66215    9.52088  290.46985     8.6371   15.02570 1.5191e+00     1.6269     0.5123 0.0000e+00
        424 176.461642    0.02941     1.7645    105.873     23.218  49553.266    31.3459     8.6385     23.000     8.6356    24.3130     6.8645     9.8100    103.036    299.292    306.569    0.00053    6.66226    9.52104  290.47417     8.6362   15.02590 1.2438e+00     1.6175     0.5184 0.0000e+00
        429 176.461655    0.02972     1.7831    106.986     24.228  49555.648    31.3470     8.6370     24.000     8.6340    24.3140     6.8631     9.8080    103.012    299.229    306.505    0.00020    6.66244    9.52130  290.48188     8.6346   15.02627 1.0189e+00     1.5922     0.5230 0.0000e+00
        436 176.461676    0.03022     1.8133    108.797     25.238  49557.811    31.3479     8.6359     25.000     8.6333    24.3149     6.8488     9.7876    102.796    298.608    305.868   -0.00113    6.66257    9.52147  290.48706     8.6334   15.02652 8.2954e-01     1.6062     0.5474 0.0000e+00
        440 176.461686    0.03047     1.8281    109.685     26.247  49559.019    31.3482     8.6357     26.000     8.6336    24.3153     6.8442     9.7810    102.726    298.405    305.661   -0.00141    6.66257    9.52149  290.48732     8.6332   15.02652 6.8564e-01     1.5950     0.5255 0.0000e+00
        444 176.461698    0.03075     1.8451    110.706     27.257  49558.836    31.3479     8.6370     27.000     8.6349    24.3147     6.8477     9.7860    102.781    298.558    305.818   -0.00080    6.66240    9.52124  290.47979     8.6343   15.02616 5.6799e-01     1.5369     0.5408 0.0000e+00
        449 176.461712    0.03109     1.8654    111.923     28.267  49558.066    31.3470     8.6380     28.000     8.6351    24.3140     6.8488     9.7876    102.799    298.606    305.867   -0.00044    6.66228    9.52108  290.47512     8.6352   15.02595 4.6657e-01     1.4725     0.5331 0.0000e+00
        455 176.461730    0.03153     1.8914    113.484     29.276  49559.385    31.3474     8.6372     29.000     8.6341    24.3144     6.8454     9.7827    102.747    298.458    305.715   -0.00063    6.66239    9.52123  290.47968     8.6343   15.02616 3.8833e-01     1.4859     0.5024 0.0000e+00
        460 176.461746    0.03191     1.9145    114.870     30.286  49560.543    31.3478     8.6371     30.000     8.6343    24.3147     6.8469     9.7849    102.769    298.524    305.783   -0.00040    6.66240    9.52123  290.47975     8.6341   15.02617 3.2333e-01     1.5232     0.5202 0.0000e+00
        464 176.461757    0.03217     1.9306    115.835     31.296  49561.218    31.3479     8.6378     31.000     8.6351    24.3147     6.8545     9.7958    102.886    298.858    306.125    0.00035    6.66228    9.52107  290.47482     8.6347   15.02593 2.6925e-01     1.5176     0.5872 0.0000e+00
