CTD-processing/allCTD/CNV/2018_09-17_alongbay_skb06_cast044_5028.cnv
* Sea-Bird SBE19plus Data File:
* FileName = C:\Users\Kim.Powell\Desktop\Not Processed\2018\2018_09-17_AlongBay, T6, T7_5028\2018_09-17_TRANSECT_STATION_cast044.hex
* Software Version 1.59
* Temperature SN =  5028
* Conductivity SN =  5028
* System UpLoad Time = Sep 18 2018 16:25:11
** 2018_09-17
** Station: KB06
** Start Time: 16:09
** Depth (m): 102.7
** Comment:
** Comment:
# nquan = 27
# nvalues = 97                          
# units = specified
# name 0 = scan: Scan Count
# name 1 = timeJ: Julian Days
# name 2 = timeH: Time, Elapsed [hours]
# name 3 = timeM: Time, Elapsed [minutes]
# name 4 = timeS: Time, Elapsed [seconds]
# name 5 = prdM: Pressure, Strain Gauge [db]
# name 6 = specc: Specific Conductance [uS/cm]
# name 7 = sal00: Salinity, Practical [PSU]
# name 8 = tv290C: Temperature [ITS-90, deg C]
# name 9 = depSM: Depth [salt water, m], lat = 59.00
# name 10 = potemp090C: Potential Temperature [ITS-90, deg C]
# name 11 = sigma-é00: Density [sigma-theta, kg/m^3]
# name 12 = sbeox0ML/L: Oxygen, SBE 43 [ml/l]
# name 13 = sbeox0Mg/L: Oxygen, SBE 43 [mg/l]
# name 14 = sbeox0PS: Oxygen, SBE 43 [% saturation]
# name 15 = sbox0Mm/Kg: Oxygen, SBE 43 [umol/kg]
# name 16 = sbeox0Mm/L: Oxygen, SBE 43 [umol/l]
# name 17 = sbox0dV/dT: Oxygen, SBE 43 [dov/dt]
# name 18 = oxsolML/L: Oxygen Saturation, Garcia & Gordon [ml/l]
# name 19 = oxsolMg/L: Oxygen Saturation, Garcia & Gordon [mg/l]
# name 20 = oxsolMm/Kg: Oxygen Saturation, Garcia & Gordon [umol/kg]
# name 21 = potemp090C: Potential Temperature [ITS-90, deg C]
# name 22 = n2satMg/L: Nitrogen Saturation [mg/l]
# name 23 = par: PAR/Irradiance, Biospherical/Licor
# name 24 = flECO-AFL: Fluorescence, WET Labs ECO-AFL/FL [mg/m^3]
# name 25 = turbWETntu0: Turbidity, WET Labs ECO [NTU]
# name 26 = flag: flag
# span 0 =        396,        839       
# span 1 = 260.675807, 260.677089       
# span 2 =    0.02743,    0.05822       
# span 3 =     1.6461,     3.4930       
# span 4 =     98.763,    209.581       
# span 5 =      1.009,     97.939       
# span 6 =  45950.417,  49258.096       
# span 7 =    29.1538,    31.1665       
# span 8 =     9.0559,    11.3288       
# span 9 =      1.000,     97.000       
# span 10 =     9.0459,    11.2564      
# span 11 =    22.1713,    24.1108      
# span 12 =     5.2693,     6.1140      
# span 13 =     7.5304,     8.7375      
# span 14 =     79.741,     95.993      
# span 15 =    229.788,    267.130      
# span 16 =    235.326,    273.052      
# span 17 =   -0.01835,    0.00073      
# span 18 =    6.36925,    6.60811      
# span 19 =    9.10228,    9.44365      
# span 20 =  278.28043,  288.17008      
# span 21 =     9.0459,    11.3287      
# span 22 =   14.45159,   14.91656      
# span 23 = 5.2286e-02, 1.7608e+02      
# span 24 =     0.2452,     1.8190      
# span 25 =     0.4291,     2.1062      
# span 26 = 0.0000e+00, 0.0000e+00      
# interval = meters: 1                  
# start_time = Sep 17 2018 16:11:31 [Instrument's time stamp, header]
# bad_flag = -9.990e-29
*END*
        396 260.675807    0.02743     1.6461     98.763      1.009  45950.417    29.1538    11.3288      1.000    11.2564    22.1713     6.1140     8.7375     95.993    267.130    273.052   -0.00140    6.36925    9.10228  278.28043    11.3287   14.45159 1.7608e+02     1.4493     0.7290 0.0000e+00
        401 260.675823    0.02780     1.6676    100.054      2.019  46403.884    29.4525    11.1360      2.000    11.0680    22.4364     6.0841     8.6948     95.309    265.754    271.716   -0.00475    6.38361    9.12282  278.83599    11.1358   14.47698 1.1075e+02     1.7050     0.7905 0.0000e+00
        406 260.675835    0.02811     1.6867    101.202      3.028  46824.267    29.7308    10.9737      3.000    10.8976    22.6804     6.0130     8.5933     94.034    262.589    268.544   -0.01086    6.39469    9.13865  279.25310    10.9733   14.49583 7.6584e+01     1.8190     0.8114 0.0000e+00
        411 260.675850    0.02844     1.7064    102.383      4.038  47257.343    30.0186    10.8189      4.000    10.7900    22.9304     5.9163     8.4550     92.380    258.300    264.223   -0.01751    6.40437    9.15249  279.60772    10.8184   14.51164 5.7098e+01     1.7157     0.7725 0.0000e+00
        415 260.675863    0.02877     1.7263    103.577      5.047  47452.085    30.1495    10.7659      5.000    10.7510    23.0412     5.8526     8.3640     91.356    255.490    261.377   -0.01835    6.40637    9.15534  279.66456    10.7654   14.51383 4.5806e+01     1.7140     0.6996 0.0000e+00
        420 260.675878    0.02911     1.7467    104.800      6.057  47573.212    30.2294    10.7209      6.000    10.6918    23.1109     5.8623     8.3778     91.464    255.894    261.807   -0.01146    6.40935    9.15961  279.77584    10.7202   14.51884 3.7587e+01     1.6556     0.6520 0.0000e+00
        425 260.675891    0.02944     1.7663    105.979      7.066  47692.880    30.3057    10.6544      7.000    10.6206    23.1816     5.8641     8.3804     91.406    255.957    261.890   -0.00757    6.41547    9.16835  280.02358    10.6536   14.53039 3.1118e+01     1.4467     0.6119 0.0000e+00
        429 260.675904    0.02975     1.7852    107.113      8.076  47861.804    30.4139    10.5624      8.000    10.5026    23.2811     5.8145     8.3095     90.516    253.768    259.676   -0.01024    6.42387    9.18035  280.36282    10.5614   14.54619 2.5830e+01     1.2065     0.5684 0.0000e+00
        434 260.675916    0.03005     1.8033    108.196      9.085  48060.003    30.5388    10.4386      9.000    10.3934    23.3990     5.7416     8.2052     89.211    250.555    256.418   -0.01515    6.43603    9.19774  280.86144    10.4375   14.56955 2.1733e+01     0.9657     0.4847 0.0000e+00
        438 260.675929    0.03036     1.8214    109.282     10.095  48174.569    30.6093    10.3554     10.000    10.3184    23.4678     5.6809     8.1185     88.148    247.891    253.709   -0.01721    6.44479    9.21024  281.22420    10.3543   14.58663 1.8504e+01     0.8822     0.4291 0.0000e+00
        442 260.675941    0.03065     1.8393    110.360     11.104  48255.953    30.6548    10.2600     11.000    10.1831    23.5190     5.6503     8.0748     87.516    246.541    252.340   -0.01575    6.45634    9.22676  281.71461    10.2587   14.60991 1.5740e+01     0.8406     0.4345 0.0000e+00
        447 260.675954    0.03096     1.8576    111.454     12.114  48391.236    30.7299    10.0973     12.000    10.0440    23.6041     5.6073     8.0134     86.585    244.647    250.422   -0.01614    6.47620    9.25514  282.55767    10.0959   14.64994 1.3292e+01     0.7197     0.5225 0.0000e+00
        451 260.675967    0.03127     1.8760    112.563     13.123  48481.563    30.7821    10.0073     13.000     9.9862    23.6595     5.5447     7.9240     85.478    241.904    247.629   -0.01794    6.48679    9.27027  283.00421    10.0058   14.67109 1.1093e+01     0.6283     0.6122 0.0000e+00
        456 260.675980    0.03158     1.8948    113.690     14.132  48531.191    30.8118     9.9679     14.000     9.9521    23.6890     5.5126     7.8781     84.925    240.496    246.194   -0.01576    6.49115    9.27650  283.18644     9.9664   14.67968 9.2245e+00     0.5933     0.6495 0.0000e+00
        460 260.675993    0.03190     1.9138    114.831     15.142  48576.300    30.8393     9.9374     15.000     9.9249    23.7154     5.5032     7.8647     84.738    240.079    245.773   -0.01175    6.49435    9.28107  283.31840     9.9358   14.68589 7.6505e+00     0.5625     0.6645 0.0000e+00
        465 260.676007    0.03222     1.9331    115.983     16.152  48611.347    30.8606     9.9141     16.000     9.9042    23.7358     5.4930     7.8500     84.550    239.629    245.317   -0.00899    6.49677    9.28453  283.41857     9.9124   14.69059 6.3535e+00     0.5187     0.6732 0.0000e+00
        470 260.676020    0.03254     1.9527    117.161     17.161  48637.652    30.8766     9.8969     17.000     9.8889    23.7511     5.4797     7.8310     84.321    239.045    244.723   -0.00736    6.49857    9.28710  283.49275     9.8950   14.69408 5.2682e+00     0.4904     0.6808 0.0000e+00
        474 260.676034    0.03286     1.9717    118.300     18.170  48668.730    30.8955     9.8771     18.000     9.8567    23.7691     5.4710     7.8186     84.162    238.662    244.335   -0.00598    6.50060    9.29000  283.57624     9.8751   14.69800 4.3614e+00     0.4842     0.6761 0.0000e+00
        479 260.676046    0.03317     1.9901    119.409     19.180  48732.189    30.9340     9.8317     19.000     9.8121    23.8064     5.4575     7.7993     83.890    238.063    243.731   -0.00564    6.50548    9.29698  283.77901     9.8296   14.70754 3.6037e+00     0.4537     0.6917 0.0000e+00
        483 260.676059    0.03347     2.0085    120.511     20.190  48771.258    30.9571     9.8005     20.000     9.7887    23.8295     5.4368     7.7698     83.528    237.158    242.809   -0.00615    6.50897    9.30197  283.92490     9.7983   14.71442 2.9847e+00     0.4074     0.7082 0.0000e+00
        487 260.676072    0.03378     2.0266    121.599     21.199  48793.093    30.9694     9.7797     21.000     9.7680    23.8424     5.4228     7.7497     83.281    236.543    242.183   -0.00581    6.51142    9.30548  284.02829     9.7775   14.71932 2.4689e+00     0.3770     0.7420 0.0000e+00
        492 260.676084    0.03408     2.0445    122.670     22.208  48812.652    30.9803     9.7609     22.000     9.7515    23.8540     5.4114     7.7334     83.077    236.041    241.672   -0.00529    6.51366    9.30867  284.12254     9.7586   14.72378 2.0385e+00     0.3552     0.7633 0.0000e+00
        496 260.676097    0.03438     2.0628    123.767     23.218  48827.863    30.9887     9.7459     23.000     9.7353    23.8629     5.4007     7.7182     82.892    235.576    241.198   -0.00483    6.51546    9.31125  284.19871     9.7434   14.72739 1.6856e+00     0.3409     0.7765 0.0000e+00
        501 260.676110    0.03469     2.0814    124.883     24.228  48848.384    30.9999     9.7245     24.000     9.7094    23.8751     5.3949     7.7098     82.768    235.317    240.936   -0.00410    6.51805    9.31496  284.30849     9.7219   14.73259 1.3894e+00     0.3351     0.7925 0.0000e+00
        505 260.676123    0.03501     2.1006    126.037     25.238  48874.338    31.0146     9.7001     25.000     9.6913    23.8905     5.3900     7.7029     82.657    235.102    240.719   -0.00347    6.52094    9.31909  284.43036     9.6974   14.73836 1.1454e+00     0.3079     0.7905 0.0000e+00
        510 260.676136    0.03534     2.1201    127.203     26.247  48885.648    31.0206     9.6879     26.000     9.6804    23.8971     5.3807     7.6896     82.496    234.695    240.304   -0.00331    6.52244    9.32122  284.49371     9.6851   14.74137 9.4476e-01     0.3036     0.8257 0.0000e+00
        514 260.676150    0.03564     2.1388    128.328     27.256  48898.781    31.0281     9.6780     27.000     9.6720    23.9046     5.3688     7.6725     82.298    234.171    239.768   -0.00347    6.52355    9.32281  284.54001     9.6751   14.74355 7.7600e-01     0.3024     0.8616 0.0000e+00
        519 260.676162    0.03594     2.1568    129.406     28.267  48907.206    31.0330     9.6729     28.000     9.6693    23.9092     5.3514     7.6477     82.025    233.412    238.993   -0.00407    6.52408    9.32356  284.56160     9.6699   14.74457 6.3548e-01     0.2876     0.8825 0.0000e+00
        523 260.676175    0.03625     2.1749    130.494     29.276  48909.217    31.0339     9.6723     29.000     9.6691    23.9100     5.3452     7.6388     81.929    233.141    238.716   -0.00357    6.52412    9.32362  284.56344     9.6692   14.74465 5.2142e-01     0.2760     0.8927 0.0000e+00
        527 260.676187    0.03656     2.1933    131.596     30.285  48910.413    31.0343     9.6723     30.000     9.6689    23.9103     5.3388     7.6297     81.832    232.864    238.431   -0.00300    6.52412    9.32362  284.56317     9.6690   14.74464 4.2768e-01     0.2696     0.9084 0.0000e+00
        532 260.676201    0.03687     2.2121    132.728     31.295  48912.278    31.0351     9.6718     31.000     9.6681    23.9111     5.3311     7.6187     81.714    232.528    238.088   -0.00284    6.52414    9.32365  284.56376     9.6685   14.74466 3.5229e-01     0.2760     0.9098 0.0000e+00
        536 260.676213    0.03718     2.2310    133.859     32.304  48914.424    31.0360     9.6708     32.000     9.6665    23.9120     5.3289     7.6155     81.678    232.432    237.989   -0.00219    6.52424    9.32380  284.56821     9.6674   14.74487 2.9095e-01     0.2781     0.8983 0.0000e+00
        541 260.676227    0.03749     2.2495    134.972     33.314  48916.472    31.0367     9.6683     33.000     9.6632    23.9129     5.3240     7.6086     81.599    232.218    237.771   -0.00199    6.52458    9.32427  284.58245     9.6648   14.74555 2.4235e-01     0.2780     0.9183 0.0000e+00
        545 260.676239    0.03780     2.2676    136.058     34.324  48919.348    31.0379     9.6651     34.000     9.6600    23.9144     5.3189     7.6013     81.516    231.995    237.543   -0.00195    6.52499    9.32486  284.60013     9.6614   14.74640 2.0322e-01     0.2861     0.9258 0.0000e+00
        550 260.676252    0.03810     2.2860    137.159     35.333  48922.004    31.0390     9.6624     35.000     9.6577    23.9157     5.3159     7.5969     81.466    231.863    237.408   -0.00172    6.52533    9.32534  284.61445     9.6586   14.74707 1.7188e-01     0.2914     0.9226 0.0000e+00
        554 260.676265    0.03841     2.3049    138.297     36.343  48924.094    31.0398     9.6600     36.000     9.6540    23.9166     5.3175     7.5992     81.486    231.933    237.480   -0.00111    6.52564    9.32580  284.62794     9.6562   14.74771 1.4785e-01     0.2844     0.9200 0.0000e+00
        559 260.676278    0.03873     2.3238    139.426     37.353  48928.973    31.0419     9.6536     37.000     9.6451    23.9194     5.3167     7.5981     81.464    231.898    237.445   -0.00090    6.52648    9.32700  284.66384     9.6495   14.74942 1.2874e-01     0.2796     0.9001 0.0000e+00
        563 260.676291    0.03905     2.3429    140.575     38.362  48937.765    31.0463     9.6435     38.000     9.6339    23.9245     5.3117     7.5909     81.371    231.679    237.222   -0.00121    6.52774    9.32880  284.71727     9.6394   14.75196 1.1313e-01     0.2513     0.9045 0.0000e+00
        568 260.676305    0.03937     2.3622    141.734     39.372  48944.985    31.0485     9.6243     39.000     9.6064    23.9292     5.3067     7.5838     81.262    231.459    236.998   -0.00153    6.53041    9.33260  284.83211     9.6202   14.75744 1.0108e-01     0.2529     0.9116 0.0000e+00
        573 260.676319    0.03970     2.3822    142.933     40.381  48969.862    31.0617     9.5945     40.000     9.5831    23.9442     5.3035     7.5792     81.165    231.314    236.853   -0.00165    6.53415    9.33796  284.99142     9.5902   14.76501 9.1611e-02     0.2584     0.8873 0.0000e+00
        578 260.676333    0.04005     2.4029    144.174     41.391  48982.449    31.0684     9.5814     41.000     9.5744    23.9516     5.3013     7.5761     81.113    231.219    236.758   -0.00150    6.53576    9.34025  285.05944     9.5770   14.76823 8.4173e-02     0.2731     0.8582 0.0000e+00
        583 260.676347    0.04040     2.4237    145.422     42.401  48987.404    31.0708     9.5764     42.000     9.5709    23.9542     5.3078     7.5853     81.204    231.500    237.045   -0.00053    6.53637    9.34113  285.08542     9.5719   14.76947 7.8306e-02     0.2801     0.8607 0.0000e+00
        588 260.676362    0.04074     2.4445    146.670     43.411  48989.959    31.0719     9.5741     43.000     9.5683    23.9555     5.3123     7.5918     81.269    231.697    237.248    0.00002    6.53667    9.34155  285.09798     9.5695   14.77006 7.3635e-02     0.2711     0.8807 0.0000e+00
        593 260.676377    0.04110     2.4658    147.947     44.420  48994.082    31.0740     9.5710     44.000     9.5650    23.9576     5.3103     7.5889     81.234    231.608    237.157   -0.00022    6.53702    9.34206  285.11297     9.5663   14.77077 6.9920e-02     0.2735     0.8924 0.0000e+00
        598 260.676392    0.04145     2.4868    149.210     45.430  48998.103    31.0760     9.5681     45.000     9.5623    23.9596     5.3061     7.5830     81.166    231.427    236.971   -0.00062    6.53736    9.34254  285.12692     9.5633   14.77143 6.7010e-02     0.2744     0.9050 0.0000e+00
        603 260.676405    0.04179     2.5071    150.425     46.439  49001.390    31.0776     9.5665     46.000     9.5615    23.9612     5.3025     7.5779     81.110    231.272    236.813   -0.00078    6.53752    9.34277  285.13353     9.5616   14.77174 6.4634e-02     0.2571     0.9012 0.0000e+00
        607 260.676419    0.04211     2.5269    151.615     47.449  49002.202    31.0778     9.5665     47.000     9.5611    23.9613     5.3011     7.5757     81.087    231.205    236.745   -0.00078    6.53750    9.34275  285.13268     9.5615   14.77170 6.2678e-02     0.2568     0.8850 0.0000e+00
        612 260.676433    0.04244     2.5463    152.780     48.458  49000.828    31.0760     9.5635     48.000     9.5548    23.9604     5.3028     7.5783     81.107    231.281    236.823   -0.00042    6.53803    9.34349  285.15568     9.5584   14.77280 6.1144e-02     0.2719     0.8956 0.0000e+00
        617 260.676446    0.04276     2.5655    153.931     49.469  49005.284    31.0776     9.5555     49.000     9.5478    23.9630     5.2999     7.5742     81.050    231.156    236.695   -0.00066    6.53911    9.34505  285.20260     9.5502   14.77504 5.9913e-02     0.2852     0.9206 0.0000e+00
        621 260.676459    0.04307     2.5844    155.063     50.479  49007.445    31.0780     9.5499     50.000     9.5416    23.9642     5.2952     7.5674     80.969    230.951    236.486   -0.00101    6.53989    9.34616  285.23613     9.5446   14.77664 5.8889e-02     0.2762     0.9222 0.0000e+00
        626 260.676473    0.04339     2.6035    156.209     51.488  49012.121    31.0800     9.5441     51.000     9.5373    23.9668     5.2940     7.5656     80.940    230.895    236.429   -0.00094    6.54065    9.34723  285.26824     9.5386   14.77817 5.8033e-02     0.2774     0.8938 0.0000e+00
        630 260.676485    0.04371     2.6225    157.352     52.497  49015.817    31.0820     9.5420     52.000     9.5363    23.9685     5.2967     7.5695     80.979    231.014    236.552   -0.00050    6.54086    9.34755  285.27717     9.5364   14.77859 5.7287e-02     0.2732     0.8869 0.0000e+00
        635 260.676499    0.04403     2.6418    158.506     53.507  49017.833    31.0830     9.5423     53.000     9.5369    23.9693     5.2987     7.5723     81.009    231.098    236.637   -0.00016    6.54078    9.34744  285.27366     9.5366   14.77842 5.6728e-02     0.2823     0.8815 0.0000e+00
