CTD-processing/allCTD/CNV/2018_09-17_alongbay_skb13_cast051_5028.cnv
* Sea-Bird SBE19plus Data File:
* FileName = C:\Users\Kim.Powell\Desktop\Not Processed\2018\2018_09-17_AlongBay, T6, T7_5028\2018_09-17_TRANSECT_STATION_cast051.hex
* Software Version 1.59
* Temperature SN =  5028
* Conductivity SN =  5028
* System UpLoad Time = Sep 18 2018 16:32:17
** 2018_09-17
** Station: KB13
** Start Time: 17:34
** Depth (m): 26.9
** Comment: 1 otter
** Comment:
# nquan = 27
# nvalues = 20                          
# units = specified
# name 0 = scan: Scan Count
# name 1 = timeJ: Julian Days
# name 2 = timeH: Time, Elapsed [hours]
# name 3 = timeM: Time, Elapsed [minutes]
# name 4 = timeS: Time, Elapsed [seconds]
# name 5 = prdM: Pressure, Strain Gauge [db]
# name 6 = specc: Specific Conductance [uS/cm]
# name 7 = sal00: Salinity, Practical [PSU]
# name 8 = tv290C: Temperature [ITS-90, deg C]
# name 9 = depSM: Depth [salt water, m], lat = 59.00
# name 10 = potemp090C: Potential Temperature [ITS-90, deg C]
# name 11 = sigma-é00: Density [sigma-theta, kg/m^3]
# name 12 = sbeox0ML/L: Oxygen, SBE 43 [ml/l]
# name 13 = sbeox0Mg/L: Oxygen, SBE 43 [mg/l]
# name 14 = sbeox0PS: Oxygen, SBE 43 [% saturation]
# name 15 = sbox0Mm/Kg: Oxygen, SBE 43 [umol/kg]
# name 16 = sbeox0Mm/L: Oxygen, SBE 43 [umol/l]
# name 17 = sbox0dV/dT: Oxygen, SBE 43 [dov/dt]
# name 18 = oxsolML/L: Oxygen Saturation, Garcia & Gordon [ml/l]
# name 19 = oxsolMg/L: Oxygen Saturation, Garcia & Gordon [mg/l]
# name 20 = oxsolMm/Kg: Oxygen Saturation, Garcia & Gordon [umol/kg]
# name 21 = potemp090C: Potential Temperature [ITS-90, deg C]
# name 22 = n2satMg/L: Nitrogen Saturation [mg/l]
# name 23 = par: PAR/Irradiance, Biospherical/Licor
# name 24 = flECO-AFL: Fluorescence, WET Labs ECO-AFL/FL [mg/m^3]
# name 25 = turbWETntu0: Turbidity, WET Labs ECO [NTU]
# name 26 = flag: flag
# span 0 =        260,        349       
# span 1 = 260.733817, 260.734073       
# span 2 =    0.01799,    0.02416       
# span 3 =     1.0793,     1.4492       
# span 4 =     64.757,     86.951       
# span 5 =      1.010,     20.190       
# span 6 =  40956.136,  48736.786       
# span 7 =    25.6664,    30.9589       
# span 8 =    10.0064,    11.2445       
# span 9 =      1.000,     20.000       
# span 10 =    10.0028,    11.2059      
# span 11 =    19.4797,    23.7976      
# span 12 =     5.2138,     6.1981      
# span 13 =     7.4510,     8.8576      
# span 14 =     80.466,     95.012      
# span 15 =    227.436,    271.518      
# span 16 =    232.849,    276.806      
# span 17 =   -0.03167,    0.06002      
# span 18 =    6.42633,    6.52343      
# span 19 =    9.18387,    9.32264      
# span 20 =  280.48691,  285.77049      
# span 21 =    10.0042,    11.2444      
# span 22 =   14.55244,   14.82445      
# span 23 = 2.2818e+00, 1.6225e+02      
# span 24 =     0.2876,     2.1990      
# span 25 =     0.5031,     2.5358      
# span 26 = 0.0000e+00, 0.0000e+00      
# interval = meters: 1                  
# start_time = Sep 17 2018 17:35:37 [Instrument's time stamp, header]
# bad_flag = -9.990e-29
*END*
        260 260.733817    0.01799     1.0793     64.757      1.010  40956.136    25.6664    11.2445      1.000    11.2059    19.4797     6.1981     8.8576     95.012    271.518    276.806    0.06002    6.52343    9.32264  285.77049    11.2444   14.82445 1.6225e+02     2.1990     2.5358 0.0000e+00
        265 260.733832    0.01834     1.1008     66.046      2.019  44958.462    28.4312    10.9891      2.000    10.7939    21.6691     6.0551     8.6532     93.935    264.689    270.417    0.03127    6.44571    9.21157  281.76426    10.9888   14.62136 9.2744e+01     1.9095     2.1834 0.0000e+00
        270 260.733845    0.01866     1.1198     67.185      3.028  47749.062    30.3376    10.5674      3.000    10.4610    23.2209     5.8527     8.3641     91.077    255.452    261.382    0.00352    6.42633    9.18387  280.48691    10.5670   14.55244 6.1303e+01     1.2412     1.0494 0.0000e+00
        274 260.733858    0.01898     1.1385     68.308      4.038  48184.262    30.6226    10.3884      4.000    10.3502    23.4725     5.5943     7.9947     86.874    244.110    249.840   -0.02400    6.43961    9.20285  280.99742    10.3880   14.57572 4.7950e+01     0.9952     0.6013 0.0000e+00
        279 260.733871    0.01929     1.1575     69.448      5.048  48329.095    30.7154    10.3139      5.000    10.2821    23.5572     5.4451     7.7816     84.470    237.582    243.178   -0.03167    6.44624    9.21232  281.26338    10.3134   14.58807 3.9483e+01     0.8816     0.5542 0.0000e+00
        283 260.733884    0.01961     1.1766     70.595      6.057  48432.048    30.7794    10.2457      6.000    10.2219    23.6183     5.3913     7.7047     83.545    235.219    240.774   -0.02709    6.45319    9.22225  281.54976    10.2450   14.60151 3.2751e+01     0.7951     0.5332 0.0000e+00
        288 260.733898    0.01993     1.1961     71.767      7.066  48502.076    30.8224    10.1975      7.000    10.1811    23.6598     5.3715     7.6764     83.173    234.346    239.891   -0.02021    6.45820    9.22942  281.75711    10.1967   14.61126 2.7358e+01     0.6471     0.5100 0.0000e+00
        293 260.733911    0.02027     1.2158     72.949      8.076  48546.901    30.8493    10.1624      8.000    10.1482    23.6865     5.3564     7.6548     82.890    233.680    239.215   -0.01509    6.46204    9.23490  281.91689    10.1615   14.61880 2.3043e+01     0.5408     0.5031 0.0000e+00
        298 260.733925    0.02059     1.2355     74.131      9.085  48582.613    30.8706    10.1337      9.000    10.1244    23.7078     5.3435     7.6363     82.650    233.113    238.639   -0.01138    6.46521    9.23944  282.04963    10.1326   14.62506 1.9344e+01     0.4846     0.5917 0.0000e+00
        302 260.733938    0.02091     1.2547     75.284     10.095  48602.703    30.8824    10.1176     10.000    10.1120    23.7197     5.3311     7.6187     82.436    232.571    238.088   -0.00893    6.46699    9.24198  282.12385    10.1165   14.62857 1.6106e+01     0.4384     0.7732 0.0000e+00
        307 260.733952    0.02123     1.2737     76.424     11.104  48615.460    30.8898    10.1085     11.000    10.1044    23.7270     5.3206     7.6036     82.260    232.109    237.616   -0.00707    6.46798    9.24339  282.16489    10.1072   14.63050 1.3277e+01     0.3903     0.7117 0.0000e+00
        311 260.733965    0.02155     1.2928     77.567     12.114  48623.164    30.8941    10.1024     12.000    10.0974    23.7313     5.3132     7.5931     82.137    231.786    237.286   -0.00559    6.46865    9.24435  282.19323    10.1011   14.63184 1.0982e+01     0.3970     0.6753 0.0000e+00
        316 260.733978    0.02186     1.3118     78.710     13.123  48635.332    30.9009    10.0915     13.000    10.0838    23.7383     5.3097     7.5881     82.068    231.634    237.133   -0.00419    6.46991    9.24614  282.24590    10.0901   14.63433 9.1294e+00     0.3862     0.6592 0.0000e+00
        320 260.733991    0.02218     1.3308     79.848     14.133  48652.908    30.9111    10.0770     14.000    10.0686    23.7487     5.2998     7.5739     81.894    231.198    236.689   -0.00390    6.47156    9.24850  282.31496    10.0754   14.63759 7.5832e+00     0.3738     0.6562 0.0000e+00
        325 260.734005    0.02250     1.3499     80.994     15.142  48670.048    30.9209    10.0627     15.000    10.0555    23.7588     5.2879     7.5569     81.690    230.677    236.158   -0.00387    6.47317    9.25081  282.38261    10.0610   14.64079 6.3075e+00     0.3623     0.6695 0.0000e+00
        330 260.734018    0.02282     1.3689     82.136     16.151  48683.487    30.9284    10.0500     16.000    10.0426    23.7667     5.2700     7.5313     81.394    229.893    235.357   -0.00444    6.47465    9.25292  282.44510    10.0482   14.64375 5.2284e+00     0.3594     0.7580 0.0000e+00
        334 260.734031    0.02314     1.3882     83.290     17.161  48697.659    30.9364    10.0374     17.000    10.0304    23.7750     5.2572     7.5130     81.178    229.332    234.784   -0.00439    6.47610    9.25499  282.50596    10.0355   14.64663 4.3093e+00     0.3193     0.8059 0.0000e+00
        339 260.734045    0.02346     1.4077     84.460     18.171  48712.610    30.9451    10.0261     18.000    10.0196    23.7836     5.2471     7.4986     81.007    228.892    234.336   -0.00399    6.47734    9.25678  282.55809    10.0241   14.64909 3.5220e+00     0.2940     0.8605 0.0000e+00
        344 260.734059    0.02379     1.4277     85.660     19.180  48725.724    30.9526    10.0155     19.000    10.0093    23.7912     5.2337     7.4795     80.786    228.306    233.737   -0.00398    6.47853    9.25847  282.60786    10.0134   14.65144 2.8538e+00     0.2876     0.9256 0.0000e+00
        349 260.734073    0.02416     1.4492     86.951     20.190  48736.786    30.9589    10.0064     20.000    10.0028    23.7976     5.2138     7.4510     80.466    227.436    232.849   -0.00461    6.47956    9.25994  282.65097    10.0042   14.65348 2.2818e+00     0.2978     1.0150 0.0000e+00
