CTD-processing/allCTD/CNV/2018_01-17_t9_s04_cast147_4141.cnv
* Sea-Bird SBE19plus Data File:
* FileName = C:\Users\Kim.Powell\Desktop\Not Processed\2018\2018_01-XX_TRANSECT_4141\2018_01-18_TRANSECT_STATION_cast147.hex
* Software Version 1.59
* Temperature SN =  4141
* Conductivity SN =  4141
* System UpLoad Time = Feb 16 2018 09:02:18
** 2018_01-17
** Station: 9-04
** Start Time: 13:54
** Depth (m): 103.9
** Comment: CTD incorrectly recorded date as May 22
** Comment:
# nquan = 27
# nvalues = 17                          
# units = specified
# name 0 = scan: Scan Count
# name 1 = timeJ: Julian Days
# name 2 = timeH: Time, Elapsed [hours]
# name 3 = timeM: Time, Elapsed [minutes]
# name 4 = timeS: Time, Elapsed [seconds]
# name 5 = prdM: Pressure, Strain Gauge [db]
# name 6 = specc: Specific Conductance [uS/cm]
# name 7 = sal00: Salinity, Practical [PSU]
# name 8 = tv290C: Temperature [ITS-90, deg C]
# name 9 = depSM: Depth [salt water, m], lat = 59.00
# name 10 = potemp090C: Potential Temperature [ITS-90, deg C]
# name 11 = sigma-é00: Density [sigma-theta, kg/m^3]
# name 12 = sbeox0ML/L: Oxygen, SBE 43 [ml/l]
# name 13 = sbeox0Mg/L: Oxygen, SBE 43 [mg/l]
# name 14 = sbeox0PS: Oxygen, SBE 43 [% saturation]
# name 15 = sbox0Mm/Kg: Oxygen, SBE 43 [umol/kg]
# name 16 = sbeox0Mm/L: Oxygen, SBE 43 [umol/l]
# name 17 = sbox0dV/dT: Oxygen, SBE 43 [dov/dt]
# name 18 = oxsolML/L: Oxygen Saturation, Garcia & Gordon [ml/l]
# name 19 = oxsolMg/L: Oxygen Saturation, Garcia & Gordon [mg/l]
# name 20 = oxsolMm/Kg: Oxygen Saturation, Garcia & Gordon [umol/kg]
# name 21 = n2satMg/L: Nitrogen Saturation [mg/l]
# name 22 = par: PAR/Irradiance, Biospherical/Licor
# name 23 = wetStar: Fluorescence, WET Labs WETstar [mg/m^3]
# name 24 = CStarAt0: Beam Attenuation, WET Labs C-Star [1/m]
# name 25 = CStarTr0: Beam Transmission, WET Labs C-Star [%]
# name 26 = flag: flag
# span 0 =        243,        364       
# span 1 = 142.580549, 142.580901       
# span 2 =    0.01679,    0.02524       
# span 3 =     1.0075,     1.5145       
# span 4 =     60.450,     90.865       
# span 5 =      1.010,     16.960       
# span 6 =  49972.696,  50337.095       
# span 7 =    30.9896,    31.3244       
# span 8 =     4.9705,     5.3962       
# span 9 =      1.000,     17.000       
# span 10 =     4.9827,     5.3867      
# span 11 =    24.5001,    24.7208      
# span 12 =     2.9223,     3.0099      
# span 13 =     4.1762,     4.3015      
# span 14 =     40.688,     41.400      
# span 15 =    127.364,    131.206      
# span 16 =    130.509,    134.423      
# span 17 =   -0.00117,    0.00049      
# span 18 =    7.18209,    7.27046      
# span 19 =   10.26394,   10.39021      
# span 20 =  313.01947,  316.92898      
# span 21 =   16.10128,   16.28867      
# span 22 = 1.2255e+00, 3.3191e+01      
# span 23 =     0.2517,     0.3373      
# span 24 =     0.7753,     1.9517      
# span 25 =    62.8750,    82.3808      
# span 26 = 0.0000e+00, 0.0000e+00      
# interval = meters: 1                  
# start_time = May 22 2017 13:54:59 [Instrument's time stamp, header]
# bad_flag = -9.990e-29
*END*
        243 142.580549    0.01679     1.0075     60.450      1.010  49972.696    30.9896     4.9705      1.000     4.9827    24.5001     3.0099     4.3015     41.400    131.206    134.423    0.00039    7.27046   10.39021  316.92898   16.28867 3.3191e+01     0.2517     1.9517    62.8750 0.0000e+00
        303 142.580724    0.02099     1.2591     75.548      2.029  50233.327    31.1953     5.0682      2.000     5.1221    24.6528     2.9628     4.2343     40.902    129.138    132.321   -0.00064    7.24385   10.35219  315.72736   16.23065 2.5478e+01     0.2898     1.3559    71.0397 0.0000e+00
        302 142.580720    0.02088     1.2529     75.175      3.024  50144.402    31.1473     5.1354      3.000     5.1412    24.6076     2.9631     4.2346     40.959    129.156    132.334   -0.00009    7.23453   10.33885  315.33411   16.21213 1.9865e+01     0.2735     1.2590    72.9932 0.0000e+00
        306 142.580732    0.02119     1.2714     76.284      4.038  50148.494    31.1515     5.1447      4.000     5.1466    24.6099     2.9536     4.2210     40.836    128.738    131.907   -0.00117    7.23271   10.33626  315.25434   16.20832 1.6008e+01     0.3033     1.2128    73.8456 0.0000e+00
        311 142.580745    0.02150     1.2897     77.382      5.052  50142.253    31.1474     5.1476      5.000     5.1468    24.6064     2.9584     4.2279     40.905    128.949    132.123   -0.00035    7.23239   10.33581  315.24172   16.20773 1.3746e+01     0.3373     1.2009    74.0649 0.0000e+00
        314 142.580756    0.02177     1.3059     78.355      6.050  50168.589    31.1653     5.1495      6.000     5.1568    24.6203     2.9614     4.2321     40.953    129.077    132.255    0.00021    7.23121   10.33412  315.18595   16.20500 1.1033e+01     0.3137     1.2204    73.7045 0.0000e+00
        319 142.580770    0.02209     1.3253     79.519      7.071  50226.027    31.2103     5.1781      7.000     5.1990    24.6528     2.9539     4.2215     40.890    128.748    131.923   -0.00035    7.22409   10.32395  314.86567   16.18957 8.9328e+00     0.3313     1.1754    74.5408 0.0000e+00
        323 142.580782    0.02238     1.3427     80.562      8.068  50281.256    31.2584     5.2295      8.000     5.2544    24.6853     2.9495     4.2152     40.892    128.553    131.727   -0.00026    7.21293   10.30800  314.36910   16.16574 7.2157e+00     0.3116     1.1127    75.7192 0.0000e+00
        328 142.580797    0.02273     1.3634     81.804      9.099  50251.813    31.2482     5.2797      9.000     5.2843    24.6717     2.9438     4.2071     40.860    128.308    131.473   -0.00048    7.20478   10.29635  314.01805   16.14907 5.7898e+00     0.3170     1.0418    77.0696 0.0000e+00
        332 142.580807    0.02299     1.3790     82.741     10.084  50318.781    31.2981     5.3009     10.000     5.3200    24.7088     2.9394     4.2007     40.833    128.110    131.275   -0.00068    7.19875   10.28773  313.74379   16.13581 4.7204e+00     0.3195     0.9943    77.9929 0.0000e+00
        337 142.580823    0.02334     1.4009     84.053     11.124  50294.973    31.2898     5.3425     11.000     5.3426    24.6977     2.9411     4.2032     40.894    128.183    131.349    0.00028    7.19200   10.27810  313.45363   16.12203 3.8736e+00     0.2939     0.8857    80.1346 0.0000e+00
        341 142.580832    0.02359     1.4155     84.932     12.104  50311.197    31.3009     5.3448     12.000     5.3484    24.7063     2.9401     4.2017     40.886    128.141    131.306    0.00011    7.19109   10.27679  313.41088   16.11995 3.2011e+00     0.2945     0.8808    80.2374 0.0000e+00
        346 142.580848    0.02395     1.4371     86.228     13.134  50313.825    31.3046     5.3559     13.000     5.3573    24.7079     2.9388     4.2000     40.880    128.085    131.250   -0.00031    7.18902   10.27382  313.31995   16.11560 2.6396e+00     0.2917     0.8235    81.3941 0.0000e+00
        350 142.580859    0.02424     1.4544     87.263     14.130  50313.561    31.3047     5.3598     14.000     5.3603    24.7076     2.9330     4.1915     40.802    127.829    130.987   -0.00061    7.18833   10.27284  313.29009   16.11418 2.1906e+00     0.2902     0.8081    81.7077 0.0000e+00
        354 142.580872    0.02454     1.4724     88.341     15.140  50321.112    31.3102     5.3639     15.000     5.3675    24.7116     2.9309     4.1885     40.778    127.736    130.892   -0.00091    7.18737   10.27148  313.24742   16.11213 1.8077e+00     0.2863     0.8034    81.8031 0.0000e+00
        359 142.580886    0.02487     1.4925     89.550     16.149  50337.095    31.3244     5.3815     16.000     5.3867    24.7208     2.9381     4.1989     40.899    128.050    131.215    0.00049    7.18369   10.26621  313.08386   16.10428 1.5134e+00     0.2695     0.7764    82.3581 0.0000e+00
        364 142.580901    0.02524     1.5145     90.865     16.960  50306.585    31.3058     5.3962     17.000 -9.990e-29    24.7046     2.9223     4.1762     40.688    127.364    130.509   -0.00073    7.18209   10.26394  313.01947   16.10128 1.2255e+00     0.2554     0.7753    82.3808 0.0000e+00
