CTD-processing/allCTD/CNV/2018_11-08_alongbay_skb09_cast005_4141.cnv
* Sea-Bird SBE19plus Data File:
* FileName = C:\Users\Kim.Powell\Desktop\Not Processed\2018\2018_11-08_AlongBay, T9_4141\2018_11-08_TRANSECT_STATION_cast005.hex
* Software Version 1.59
* Temperature SN =  4141
* Conductivity SN =  4141
* System UpLoad Time = Nov 13 2018 09:08:50
** 2018_11-08
** Station: KB09
** Start Time: 11:44
** Depth (m): NA
** Comment:
** Comment:
# nquan = 27
# nvalues = 65                          
# units = specified
# name 0 = scan: Scan Count
# name 1 = timeJ: Julian Days
# name 2 = timeH: Time, Elapsed [hours]
# name 3 = timeM: Time, Elapsed [minutes]
# name 4 = timeS: Time, Elapsed [seconds]
# name 5 = prdM: Pressure, Strain Gauge [db]
# name 6 = specc: Specific Conductance [uS/cm]
# name 7 = sal00: Salinity, Practical [PSU]
# name 8 = tv290C: Temperature [ITS-90, deg C]
# name 9 = depSM: Depth [salt water, m], lat = 59.00
# name 10 = potemp090C: Potential Temperature [ITS-90, deg C]
# name 11 = sigma-é00: Density [sigma-theta, kg/m^3]
# name 12 = sbeox0ML/L: Oxygen, SBE 43 [ml/l]
# name 13 = sbeox0Mg/L: Oxygen, SBE 43 [mg/l]
# name 14 = sbeox0PS: Oxygen, SBE 43 [% saturation]
# name 15 = sbox0Mm/Kg: Oxygen, SBE 43 [umol/kg]
# name 16 = sbeox0Mm/L: Oxygen, SBE 43 [umol/l]
# name 17 = sbox0dV/dT: Oxygen, SBE 43 [dov/dt]
# name 18 = oxsolML/L: Oxygen Saturation, Garcia & Gordon [ml/l]
# name 19 = oxsolMg/L: Oxygen Saturation, Garcia & Gordon [mg/l]
# name 20 = oxsolMm/Kg: Oxygen Saturation, Garcia & Gordon [umol/kg]
# name 21 = n2satMg/L: Nitrogen Saturation [mg/l]
# name 22 = par: PAR/Irradiance, Biospherical/Licor
# name 23 = wetStar: Fluorescence, WET Labs WETstar [mg/m^3]
# name 24 = CStarAt0: Beam Attenuation, WET Labs C-Star [1/m]
# name 25 = CStarTr0: Beam Transmission, WET Labs C-Star [%]
# name 26 = flag: flag
# span 0 =        326,        643       
# span 1 = 312.489899, 312.490815       
# span 2 =    0.02258,    0.04457       
# span 3 =     1.3545,     2.6749       
# span 4 =     81.268,    160.496       
# span 5 =      1.019,     65.527       
# span 6 =  48379.479,  48636.871       
# span 7 =    30.5008,    30.6814       
# span 8 =     8.4386,     8.5983       
# span 9 =      1.000,     65.000       
# span 10 =     8.4386,     8.5910      
# span 11 =    23.6794,    23.7997      
# span 12 =     5.6002,     5.7236      
# span 13 =     8.0033,     8.1796      
# span 14 =     83.619,     85.113      
# span 15 =    244.292,    249.698      
# span 16 =    250.106,    255.615      
# span 17 =   -0.00170,    0.00182      
# span 18 =    6.69712,    6.72857      
# span 19 =    9.57084,    9.61579      
# span 20 =  292.14074,  293.54386      
# span 21 =   15.10824,   15.17593      
# span 22 = 3.6180e-02, 6.7001e+01      
# span 23 =     0.2734,     0.3862      
# span 24 =     0.5336,     1.1841      
# span 25 =    74.3769,    87.5124      
# span 26 = 0.0000e+00, 0.0000e+00      
# interval = meters: 1                  
# start_time = Nov 08 2018 11:44:06 [Instrument's time stamp, header]
# bad_flag = -9.990e-29
*END*
        326 312.489899    0.02258     1.3545     81.268      1.019  48380.652    30.5072     8.4472      1.000     8.4488    23.6840     5.6894     8.1307     84.570    248.210    254.089    0.00026    6.72748    9.61424  293.49806   15.17376 6.7001e+01     0.3136     0.5336    87.5124 0.0000e+00
        331 312.489914    0.02295     1.3766     82.594      2.019  48379.539    30.5064     8.4497      2.000     8.4500    23.6830     5.6879     8.1286     84.552    248.146    254.023    0.00011    6.72714    9.61375  293.48340   15.17307 4.8142e+01     0.3116     0.5389    87.3946 0.0000e+00
        337 312.489929    0.02330     1.3982     83.893      3.028  48380.294    30.5067     8.4516      3.000     8.4519    23.6830     5.6872     8.1276     84.545    248.115    253.991   -0.00012    6.72684    9.61331  293.47013   15.17244 3.7361e+01     0.3148     0.5422    87.3236 0.0000e+00
        342 312.489944    0.02366     1.4195     85.170      4.038  48379.479    30.5059     8.4528      4.000     8.4525    23.6822     5.6913     8.1334     84.608    248.293    254.173    0.00030    6.72668    9.61310  293.46372   15.17213 3.1380e+01     0.3261     0.5421    87.3255 0.0000e+00
        347 312.489959    0.02402     1.4409     86.455      5.046  48380.195    30.5061     8.4538      5.000     8.4539    23.6822     5.6899     8.1314     84.588    248.231    254.109   -0.00000    6.72653    9.61289  293.45712   15.17182 2.7868e+01     0.3383     0.5439    87.2872 0.0000e+00
        352 312.489975    0.02439     1.4634     87.801      6.058  48380.867    30.5063     8.4546      6.000     8.4538    23.6822     5.6906     8.1325     84.601    248.264    254.143    0.00004    6.72639    9.61269  293.45130   15.17154 2.4678e+01     0.3464     0.5438    87.2893 0.0000e+00
        357 312.489989    0.02474     1.4848     89.087      7.064  48381.482    30.5062     8.4543      7.000     8.4536    23.6822     5.6945     8.1380     84.658    248.432    254.315    0.00029    6.72644    9.61276  293.45339   15.17164 2.1831e+01     0.3555     0.5426    87.3146 0.0000e+00
        363 312.490005    0.02512     1.5069     90.416      8.078  48381.059    30.5055     8.4544      8.000     8.4536    23.6817     5.6799     8.1171     84.441    247.794    253.662   -0.00120    6.72645    9.61277  293.45398   15.17167 1.9071e+01     0.3552     0.5430    87.3049 0.0000e+00
        368 312.490019    0.02547     1.5279     91.673      9.083  48383.345    30.5067     8.4544      9.000     8.4536    23.6826     5.6835     8.1223     84.496    247.954    253.827   -0.00064    6.72641    9.61272  293.45200   15.17157 1.6506e+01     0.3591     0.5417    87.3333 0.0000e+00
        373 312.490035    0.02583     1.5499     92.992     10.096  48383.126    30.5060     8.4545     10.000     8.4534    23.6822     5.6923     8.1350     84.626    248.338    254.219    0.00037    6.72643    9.61274  293.45270   15.17160 1.4054e+01     0.3503     0.5405    87.3600 0.0000e+00
        378 312.490049    0.02618     1.5710     94.261     11.105  48383.601    30.5060     8.4548     11.000     8.4539    23.6821     5.6906     8.1324     84.600    248.260    254.140    0.00010    6.72638    9.61268  293.45077   15.17152 1.1953e+01     0.3486     0.5427    87.3130 0.0000e+00
        383 312.490063    0.02651     1.5905     95.430     12.116  48385.214    30.5068     8.4552     12.000     8.4539    23.6827     5.6789     8.1157     84.429    247.752    253.619   -0.00109    6.72627    9.61253  293.44607   15.17128 1.0105e+01     0.3392     0.5436    87.2926 0.0000e+00
        387 312.490075    0.02680     1.6079     96.471     13.121  48385.727    30.5066     8.4550     13.000     8.4539    23.6826     5.6861     8.1260     84.535    248.065    253.940   -0.00034    6.72632    9.61258  293.44777   15.17137 8.5751e+00     0.3504     0.5446    87.2720 0.0000e+00
        392 312.490089    0.02712     1.6275     97.652     14.131  48385.507    30.5062     8.4556     14.000     8.4543    23.6821     5.6928     8.1356     84.636    248.361    254.243    0.00040    6.72625    9.61249  293.44498   15.17124 7.2597e+00     0.3713     0.5437    87.2899 0.0000e+00
        397 312.490103    0.02747     1.6483     98.895     15.143  48387.124    30.5069     8.4558     15.000     8.4545    23.6826     5.6933     8.1363     84.643    248.379    254.261    0.00026    6.72619    9.61239  293.44193   15.17109 6.0994e+00     0.3563     0.5424    87.3200 0.0000e+00
        401 312.490117    0.02780     1.6678    100.067     16.153  48386.417    30.5060     8.4561     16.000     8.4544    23.6819     5.6887     8.1298     84.576    248.181    254.059   -0.00026    6.72618    9.61238  293.44197   15.17109 5.1192e+00     0.3465     0.5461    87.2370 0.0000e+00
        406 312.490129    0.02810     1.6861    101.164     17.161  48388.849    30.5072     8.4560     17.000     8.4546    23.6829     5.6854     8.1251     84.528    248.038    253.912   -0.00066    6.72614    9.61233  293.43977   15.17099 4.3091e+00     0.3407     0.5472    87.2140 0.0000e+00
        410 312.490142    0.02840     1.7042    102.252     18.168  48388.574    30.5066     8.4564     18.000     8.4546    23.6824     5.6938     8.1369     84.651    248.399    254.281    0.00022    6.72611    9.61228  293.43853   15.17092 3.6331e+00     0.3437     0.5451    87.2602 0.0000e+00
        415 312.490156    0.02874     1.7246    103.475     19.179  48389.581    30.5069     8.4563     19.000     8.4541    23.6827     5.6921     8.1345     84.626    248.325    254.207   -0.00004    6.72611    9.61229  293.43887   15.17095 3.0645e+00     0.3523     0.5433    87.2987 0.0000e+00
        420 312.490171    0.02911     1.7463    104.778     20.192  48389.686    30.5063     8.4546     20.000     8.4515    23.6825     5.6879     8.1287     84.562    248.147    254.023   -0.00043    6.72639    9.61269  293.45117   15.17154 2.5662e+00     0.3352     0.5455    87.2526 0.0000e+00
        425 312.490184    0.02942     1.7653    105.918     21.198  48390.025    30.5058     8.4527     21.000     8.4497    23.6823     5.6885     8.1296     84.567    248.174    254.051   -0.00047    6.72671    9.61313  293.46465   15.17218 2.1551e+00     0.3824     0.5530    87.0885 0.0000e+00
        429 312.490198    0.02974     1.7847    107.084     22.209  48394.585    30.5085     8.4515     22.000     8.4499    23.6846     5.6945     8.1381     84.654    248.432    254.317    0.00020    6.72678    9.61323  293.46717   15.17229 1.8109e+00     0.3358     0.5553    87.0390 0.0000e+00
        434 312.490212    0.03009     1.8052    108.315     23.217  48393.711    30.5075     8.4526     23.000     8.4502    23.6837     5.7036     8.1510     84.791    248.829    254.722    0.00083    6.72665    9.61305  293.46177   15.17203 1.5241e+00     0.3292     0.5545    87.0553 0.0000e+00
        439 312.490226    0.03043     1.8258    109.550     24.230  48385.920    30.5008     8.4466     24.000     8.4386    23.6794     5.7049     8.1529     84.796    248.888    254.781    0.00067    6.72784    9.61475  293.51507   15.17461 1.2779e+00     0.3705     0.5557    87.0280 0.0000e+00
        444 312.490239    0.03074     1.8444    110.667     25.237  48404.415    30.5121     8.4386     25.000     8.4388    23.6894     5.7016     8.1482     84.737    248.741    254.633   -0.00012    6.72857    9.61579  293.54386   15.17593 1.0700e+00     0.3562     0.5727    86.6611 0.0000e+00
        448 312.490252    0.03105     1.8632    111.790     26.246  48408.706    30.5158     8.4462     26.000     8.4485    23.6912     5.7230     8.1786     85.071    249.672    255.587    0.00182    6.72725    9.61391  293.48612   15.17317 8.9703e-01     0.3862     0.5788    86.5286 0.0000e+00
        453 312.490266    0.03138     1.8829    112.973     27.257  48421.017    30.5259     8.4599     27.000     8.4632    23.6972     5.7236     8.1796     85.113    249.698    255.615    0.00165    6.72473    9.61031  293.37415   15.16778 7.5433e-01     0.3457     0.5797    86.5078 0.0000e+00
        458 312.490280    0.03172     1.9029    114.172     28.266  48444.550    30.5440     8.4745     28.000     8.4786    23.7092     5.7150     8.1673     85.023    249.321    255.232    0.00055    6.72174    9.60604  293.24057   15.16132 6.3200e-01     0.3676     0.5829    86.4388 0.0000e+00
        462 312.490293    0.03204     1.9229    115.371     29.277  48450.439    30.5498     8.4892     29.000     8.4898    23.7116     5.7099     8.1599     84.978    249.096    255.003   -0.00007    6.71926    9.60249  293.13147   15.15610 5.2743e-01     0.3272     0.5999    86.0724 0.0000e+00
        467 312.490307    0.03237     1.9420    116.522     30.284  48468.281    30.5632     8.4987     30.000     8.4996    23.7208     5.6999     8.1458     84.856    248.662    254.560   -0.00075    6.71723    9.59960  293.04048   15.15169 4.4197e-01     0.3181     0.5991    86.0900 0.0000e+00
        472 312.490321    0.03270     1.9618    117.710     31.295  48474.428    30.5679     8.5041     31.000     8.5008    23.7236     5.6884     8.1293     84.696    248.156    254.044   -0.00155    6.71622    9.59815  292.99544   15.14952 3.7109e-01     0.3315     0.6125    85.8027 0.0000e+00
        477 312.490335    0.03304     1.9824    118.943     32.304  48482.982    30.5731     8.5017     32.000     8.4977    23.7281     5.6862     8.1262     84.663    248.061    253.948   -0.00141    6.71634    9.59833  292.99981   15.14971 3.1028e-01     0.3318     0.6300    85.4277 0.0000e+00
        482 312.490350    0.03339     2.0035    120.208     33.315  48508.347    30.5905     8.5027     33.000     8.5029    23.7416     5.6821     8.1203     84.612    247.877    253.762   -0.00128    6.71543    9.59703  292.95599   15.14754 2.5913e-01     0.3071     0.6428    85.1546 0.0000e+00
        487 312.490364    0.03373     2.0236    121.417     34.322  48519.463    30.5991     8.5116     34.000     8.5098    23.7471     5.6837     8.1225     84.657    247.945    253.833   -0.00073    6.71372    9.59458  292.87984   15.14387 2.1750e-01     0.3155     0.6613    84.7616 0.0000e+00
        492 312.490378    0.03408     2.0449    122.696     35.334  48527.843    30.6050     8.5146     35.000     8.5130    23.7512     5.6867     8.1268     84.711    248.075    253.967   -0.00011    6.71300    9.59356  292.84736   15.14230 1.8243e-01     0.3145     0.6675    84.6309 0.0000e+00
        497 312.490394    0.03445     2.0668    124.006     36.341  48546.306    30.6180     8.5189     36.000     8.5159    23.7608     5.6795     8.1166     84.620    247.761    253.649   -0.00080    6.71179    9.59181  292.79141   15.13957 1.5321e-01     0.3078     0.6955    84.0397 0.0000e+00
        503 312.490410    0.03484     2.0907    125.444     37.353  48551.174    30.6211     8.5197     37.000     8.5168    23.7632     5.6806     8.1181     84.638    247.804    253.692   -0.00041    6.71153    9.59146  292.77969   15.13900 1.2882e-01     0.3066     0.7098    83.7409 0.0000e+00
        508 312.490426    0.03524     2.1140    126.840     38.364  48565.787    30.6315     8.5238     38.000     8.5231    23.7707     5.6807     8.1183     84.655    247.811    253.702   -0.00023    6.71048    9.58994  292.73141   15.13665 1.0926e-01     0.3183     0.7455    82.9949 0.0000e+00
        513 312.490440    0.03557     2.1340    128.041     39.372  48574.794    30.6387     8.5333     39.000     8.5333    23.7749     5.6764     8.1123     84.613    247.623    253.510   -0.00044    6.70872    9.58742  292.65352   15.13290 9.3419e-02     0.3169     0.7869    82.1410 0.0000e+00
        518 312.490454    0.03589     2.1536    129.217     40.378  48572.012    30.6373     8.5399     40.000     8.5373    23.7729     5.6710     8.1045     84.545    247.388    253.269   -0.00077    6.70779    9.58609  292.61337   15.13099 8.0603e-02     0.3086     0.8172    81.5224 0.0000e+00
        523 312.490470    0.03628     2.1768    130.608     41.393  48574.217    30.6390     8.5440     41.000     8.5409    23.7737     5.6579     8.0856     84.356    246.813    252.680   -0.00170    6.70710    9.58511  292.58309   15.12954 7.0190e-02     0.3241     0.8240    81.3835 0.0000e+00
        529 312.490485    0.03664     2.1983    131.900     42.405  48573.967    30.6385     8.5449     42.000     8.5400    23.7731     5.6541     8.0802     84.301    246.648    252.511   -0.00149    6.70698    9.58495  292.57825   15.12931 6.2160e-02     0.3003     0.8391    81.0771 0.0000e+00
        533 312.490497    0.03693     2.2161    132.964     43.408  48578.629    30.6412     8.5442     43.000     8.5407    23.7754     5.6519     8.0772     84.270    246.553    252.415   -0.00140    6.70696    9.58493  292.57684   15.12923 5.6029e-02     0.2977     0.8571    80.7132 0.0000e+00
        537 312.490510    0.03725     2.2352    134.111     44.419  48579.666    30.6418     8.5461     44.000     8.5418    23.7755     5.6528     8.0783     84.285    246.589    252.452   -0.00090    6.70666    9.58449  292.56354   15.12859 5.1391e-02     0.3030     0.8598    80.6578 0.0000e+00
        542 312.490525    0.03760     2.2560    135.362     45.431  48583.030    30.6437     8.5463     45.000     8.5426    23.7771     5.6519     8.0771     84.274    246.551    252.413   -0.00068    6.70655    9.58432  292.55805   15.12832 4.7813e-02     0.3014     0.8548    80.7584 0.0000e+00
        547 312.490539    0.03794     2.2760    136.562     46.440  48587.174    30.6467     8.5499     46.000     8.5474    23.7789     5.6497     8.0740     84.251    246.456    252.317   -0.00078    6.70587    9.58336  292.52813   15.12688 4.5160e-02     0.3025     0.8637    80.5792 0.0000e+00
        552 312.490552    0.03825     2.2952    137.709     47.448  48586.647    30.6464     8.5532     47.000     8.5486    23.7782     5.6520     8.0773     84.291    246.558    252.421   -0.00035    6.70538    9.58266  292.50691   15.12586 4.3077e-02     0.3025     0.8766    80.3199 0.0000e+00
        557 312.490566    0.03859     2.3156    138.935     48.459  48589.265    30.6478     8.5535     48.000     8.5492    23.7793     5.6481     8.0718     84.234    246.387    252.246   -0.00056    6.70529    9.58252  292.50257   15.12566 4.1430e-02     0.2932     0.8816    80.2199 0.0000e+00
        562 312.490581    0.03894     2.3361    140.163     49.469  48594.415    30.6512     8.5549     49.000     8.5515    23.7817     5.6444     8.0665     84.183    246.225    252.081   -0.00079    6.70493    9.58201  292.48623   15.12486 4.0112e-02     0.2897     0.8855    80.1426 0.0000e+00
        566 312.490594    0.03926     2.3552    141.311     50.476  48594.394    30.6513     8.5585     50.000     8.5534    23.7813     5.6455     8.0680     84.206    246.271    252.127   -0.00056    6.70437    9.58121  292.46192   15.12370 3.9218e-02     0.2984     0.9001    79.8496 0.0000e+00
        571 312.490608    0.03958     2.3748    142.488     51.486  48598.292    30.6534     8.5572     51.000     8.5521    23.7831     5.6476     8.0711     84.237    246.365    252.224   -0.00021    6.70448    9.58137  292.46622   15.12389 3.8451e-02     0.2997     0.8979    79.8949 0.0000e+00
        576 312.490622    0.03993     2.3957    143.739     52.499  48605.432    30.6581     8.5586     52.000     8.5548    23.7867     5.6459     8.0686     84.216    246.289    252.147   -0.00032    6.70405    9.58077  292.44668   15.12295 3.7813e-02     0.2907     0.9035    79.7828 0.0000e+00
        581 312.490636    0.04026     2.4154    144.923     53.507  48607.159    30.6593     8.5616     53.000     8.5578    23.7872     5.6427     8.0639     84.175    246.147    252.002   -0.00051    6.70356    9.58006  292.42494   15.12190 3.7421e-02     0.2935     0.9030    79.7908 0.0000e+00
