CTD-processing/allCTD/CNV/2018_04-23_t9_s09_cast051_5028.cnv
* Sea-Bird SBE19plus Data File:
* FileName = C:\Users\Kim.Powell\Desktop\Not Processed\2018\2018_04-23_AlongBay, T4, T9_5028\2018_04-23_TRANSECT_STATION_cast051.hex
* Software Version 1.59
* Temperature SN =  5028
* Conductivity SN =  5028
* System UpLoad Time = Apr 24 2018 09:42:01
** 2018_04-24
** Station: 9-09
** Start Time: 11:18
** Depth (m): 83
** Comment:
** Comment:
# nquan = 27
# nvalues = 79                          
# units = specified
# name 0 = scan: Scan Count
# name 1 = timeJ: Julian Days
# name 2 = timeH: Time, Elapsed [hours]
# name 3 = timeM: Time, Elapsed [minutes]
# name 4 = timeS: Time, Elapsed [seconds]
# name 5 = prdM: Pressure, Strain Gauge [db]
# name 6 = specc: Specific Conductance [uS/cm]
# name 7 = sal00: Salinity, Practical [PSU]
# name 8 = tv290C: Temperature [ITS-90, deg C]
# name 9 = depSM: Depth [salt water, m], lat = 59.00
# name 10 = potemp090C: Potential Temperature [ITS-90, deg C]
# name 11 = sigma-é00: Density [sigma-theta, kg/m^3]
# name 12 = sbeox0ML/L: Oxygen, SBE 43 [ml/l]
# name 13 = sbeox0Mg/L: Oxygen, SBE 43 [mg/l]
# name 14 = sbeox0PS: Oxygen, SBE 43 [% saturation]
# name 15 = sbox0Mm/Kg: Oxygen, SBE 43 [umol/kg]
# name 16 = sbeox0Mm/L: Oxygen, SBE 43 [umol/l]
# name 17 = sbox0dV/dT: Oxygen, SBE 43 [dov/dt]
# name 18 = oxsolML/L: Oxygen Saturation, Garcia & Gordon [ml/l]
# name 19 = oxsolMg/L: Oxygen Saturation, Garcia & Gordon [mg/l]
# name 20 = oxsolMm/Kg: Oxygen Saturation, Garcia & Gordon [umol/kg]
# name 21 = potemp090C: Potential Temperature [ITS-90, deg C]
# name 22 = n2satMg/L: Nitrogen Saturation [mg/l]
# name 23 = par: PAR/Irradiance, Biospherical/Licor
# name 24 = flECO-AFL: Fluorescence, WET Labs ECO-AFL/FL [mg/m^3]
# name 25 = turbWETntu0: Turbidity, WET Labs ECO [NTU]
# name 26 = flag: flag
# span 0 =        218,        662       
# span 1 = 113.471472, 113.472757       
# span 2 =    0.01505,    0.04589       
# span 3 =     0.9031,     2.7534       
# span 4 =     54.187,    165.203       
# span 5 =      1.009,     79.761       
# span 6 =  50443.845,  51327.219       
# span 7 =    31.3407,    31.7939       
# span 8 =     4.5525,     5.0749       
# span 9 =      1.000,     79.000       
# span 10 =     4.5486,     5.0556      
# span 11 =    24.7670,    25.1818      
# span 12 =     6.8724,     8.2064      
# span 13 =     9.8215,    11.7278      
# span 14 =     94.087,    113.129      
# span 15 =    299.386,    357.621      
# span 16 =    306.925,    366.498      
# span 17 =   -0.01242,    0.01330      
# span 18 =    7.23573,    7.31074      
# span 19 =   10.34058,   10.44779      
# span 20 =  315.33758,  318.50810      
# span 21 =     4.5489,     5.0749      
# span 22 =   16.21150,   16.36104      
# span 23 = 3.9419e-02, 1.9785e+02      
# span 24 =     0.4679,     6.0475      
# span 25 =     1.0684,     1.6487      
# span 26 = 0.0000e+00, 0.0000e+00      
# interval = meters: 1                  
# start_time = Apr 23 2018 11:18:01 [Instrument's time stamp, header]
# bad_flag = -9.990e-29
*END*
[from data line 54]
        537 113.472397    0.03724     2.2345    134.070     55.527  51181.069    31.7137     4.5903     55.000     4.5867    25.1143     7.0763    10.1127     96.908    308.284    316.027   -0.00171    7.30206   10.43538  318.12076     4.5865   16.34244 4.0366e-02     0.8050     1.3548 0.0000e+00
        543 113.472412    0.03761     2.2566    135.397     56.536  51189.290    31.7189     4.5907     56.000     4.5869    25.1184     7.0757    10.1118     96.904    308.255    315.998   -0.00129    7.30174   10.43491  318.10521     4.5868   16.34168 4.0317e-02     0.7582     1.3989 0.0000e+00
        548 113.472427    0.03796     2.2776    136.656     57.546  51193.185    31.7211     4.5908     57.000     4.5869    25.1202     7.0727    10.1076     96.865    308.127    315.867   -0.00105    7.30161   10.43473  318.09921     4.5869   16.34139 4.0270e-02     0.7554     1.4520 0.0000e+00
        553 113.472442    0.03832     2.2996    137.976     58.556  51202.028    31.7267     4.5910     58.000     4.5873    25.1247     7.0535    10.0802     96.606    307.288    315.009   -0.00210    7.30130   10.43429  318.08440     4.5870   16.34066 4.0207e-02     0.7362     1.4629 0.0000e+00
        558 113.472457    0.03868     2.3208    139.250     59.565  51220.916    31.7393     4.5919     59.000     4.5882    25.1346     7.0439    10.0664     96.485    306.868    314.581   -0.00219    7.30052   10.43317  318.04718     4.5878   16.33884 4.0150e-02     0.6794     1.4985 0.0000e+00
        563 113.472471    0.03904     2.3420    140.523     60.575  51241.614    31.7533     4.5931     60.000     4.5893    25.1455     7.0376    10.0575     96.411    306.593    314.302   -0.00186    7.29964   10.43191  318.00527     4.5889   16.33678 4.0066e-02     0.6649     1.4645 0.0000e+00
        568 113.472486    0.03939     2.3632    141.792     61.584  51254.683    31.7619     4.5941     61.000     4.5902    25.1523     7.0159    10.0265     96.121    305.644    313.332   -0.00278    7.29904   10.43105  317.97709     4.5898   16.33541 4.0012e-02     0.6375     1.4413 0.0000e+00
        573 113.472501    0.03975     2.3850    143.101     62.594  51272.989    31.7743     4.5956     62.000     4.5918    25.1620     6.9891     9.9882     95.766    304.475    312.135   -0.00372    7.29816   10.42980  317.93580     4.5913   16.33340 4.0006e-02     0.5891     1.4452 0.0000e+00
        579 113.472516    0.04011     2.4065    144.389     63.604  51286.581    31.7833     4.5962     63.000     4.5913    25.1690     6.9684     9.9586     95.489    303.570    311.210   -0.00402    7.29760   10.42900  317.90936     4.5919   16.33210 3.9977e-02     0.5451     1.4527 0.0000e+00
        584 113.472531    0.04047     2.4277    145.662     64.614  51292.212    31.7862     4.5943     64.000     4.5888    25.1716     6.9507     9.9332     95.244    302.795    310.417   -0.00405    7.29779   10.42927  317.91687     4.5899   16.33244 3.9888e-02     0.5379     1.4567 0.0000e+00
        589 113.472546    0.04082     2.4493    146.956     65.623  51295.641    31.7874     4.5915     65.000     4.5858    25.1728     6.9342     9.9097     95.012    302.077    309.682   -0.00404    7.29823   10.42991  317.93587     4.5870   16.33334 3.9854e-02     0.5170     1.4423 0.0000e+00
        594 113.472561    0.04118     2.4710    148.257     66.634  51296.848    31.7867     4.5870     66.000     4.5788    25.1727     6.9297     9.9032     94.939    301.880    309.479   -0.00321    7.29906   10.43109  317.97192     4.5825   16.33507 3.9830e-02     0.5042     1.3966 0.0000e+00
        599 113.472575    0.04154     2.4924    149.542     67.643  51303.300    31.7883     4.5767     67.000     4.5683    25.1750     6.9278     9.9006     94.892    301.801    309.399   -0.00249    7.30080   10.43358  318.04693     4.5721   16.33863 3.9841e-02     0.5157     1.3827 0.0000e+00
        604 113.472590    0.04189     2.5133    150.799     68.653  51310.637    31.7909     4.5684     68.000     4.5614    25.1780     6.9186     9.8875     94.749    301.399    308.988   -0.00249    7.30214   10.43549  318.10422     4.5637   16.34134 3.9776e-02     0.5247     1.3688 0.0000e+00
        609 113.472605    0.04225     2.5352    152.112     69.662  51315.563    31.7928     4.5640     69.000     4.5586    25.1800     6.9092     9.8739     94.610    300.985    308.563   -0.00248    7.30280   10.43643  318.13260     4.5593   16.34269 3.9725e-02     0.4909     1.3278 0.0000e+00
        615 113.472620    0.04261     2.5563    153.378     70.672  51317.153    31.7931     4.5626     70.000     4.5570    25.1803     6.9041     9.8666     94.537    300.761    308.335   -0.00213    7.30306   10.43679  318.14340     4.5577   16.34320 3.9699e-02     0.4753     1.2491 0.0000e+00
        620 113.472635    0.04295     2.5771    154.628     71.683  51318.676    31.7932     4.5607     71.000     4.5551    25.1806     6.8996     9.8602     94.471    300.568    308.136   -0.00188    7.30336   10.43724  318.15694     4.5558   16.34384 3.9659e-02     0.4679     1.2904 0.0000e+00
        625 113.472650    0.04332     2.5993    155.958     72.692  51320.769    31.7937     4.5590     72.000     4.5538    25.1812     6.8929     9.8506     94.376    300.274    307.834   -0.00182    7.30364   10.43763  318.16869     4.5541   16.34440 3.9631e-02     0.4701     1.3004 0.0000e+00
        630 113.472665    0.04368     2.6209    157.251     73.702  51321.851    31.7938     4.5586     73.000     4.5532    25.1814     6.8893     9.8455     94.326    300.119    307.677   -0.00155    7.30372   10.43775  318.17214     4.5535   16.34456 3.9588e-02     0.4875     1.3081 0.0000e+00
        635 113.472680    0.04405     2.6426    158.557     74.712  51322.475    31.7935     4.5575     74.000     4.5518    25.1812     6.8812     9.8339     94.212    299.767    307.315   -0.00167    7.30392   10.43805  318.18125     4.5524   16.34499 3.9564e-02     0.4748     1.3514 0.0000e+00
        640 113.472695    0.04440     2.6641    159.848     75.721  51323.694    31.7936     4.5563     75.000     4.5507    25.1814     6.8772     9.8282     94.154    299.592    307.136   -0.00153    7.30414   10.43835  318.19034     4.5511   16.34543 3.9508e-02     0.4774     1.3404 0.0000e+00
        646 113.472710    0.04476     2.6859    161.153     76.731  51324.899    31.7937     4.5554     76.000     4.5499    25.1816     6.8778     9.8291     94.161    299.617    307.162   -0.00107    7.30429   10.43856  318.19694     4.5501   16.34574 3.9481e-02     0.4867     1.3083 0.0000e+00
        651 113.472725    0.04511     2.7067    162.402     77.741  51326.017    31.7939     4.5549     77.000     4.5495    25.1818     6.8755     9.8259     94.130    299.520    307.063   -0.00096    7.30436   10.43865  318.19968     4.5496   16.34588 3.9449e-02     0.4979     1.3717 0.0000e+00
        656 113.472741    0.04550     2.7298    163.789     78.751  51326.814    31.7939     4.5547     78.000     4.5493    25.1818     6.8724     9.8215     94.087    299.386    306.925   -0.00091    7.30439   10.43871  318.20133     4.5494   16.34595 3.9425e-02     0.4848     1.3197 0.0000e+00
        662 113.472757    0.04589     2.7534    165.203     79.761  51327.219    31.7936     4.5544     79.000     4.5486    25.1816     6.8730     9.8222     94.093    299.407    306.947   -0.00066    7.30447   10.43882  318.20488     4.5489   16.34613 3.9419e-02     0.4791     1.3292 0.0000e+00
