CTD-processing/allCTD/CNV/2019_02-08_t6_s02_cast076_4141.cnv
* Sea-Bird SBE19plus Data File:
* FileName = C:\Users\Kim.Powell\Desktop\Not Processed\2019\2019_02-08\2019_02-08_TRANSECT_STATION_cast076.hex
* Software Version 1.59
* Temperature SN =  4141
* Conductivity SN =  4141
* System UpLoad Time = Mar 19 2019 08:38:12
** 2018_02-08
** Station: 6-02
** Start Time: 11:31
** Depth (m): 50
** Comment:
** Comment:
# nquan = 27
# nvalues = 48                          
# units = specified
# name 0 = scan: Scan Count
# name 1 = timeJ: Julian Days
# name 2 = timeH: Time, Elapsed [hours]
# name 3 = timeM: Time, Elapsed [minutes]
# name 4 = timeS: Time, Elapsed [seconds]
# name 5 = prdM: Pressure, Strain Gauge [db]
# name 6 = specc: Specific Conductance [uS/cm]
# name 7 = sal00: Salinity, Practical [PSU]
# name 8 = tv290C: Temperature [ITS-90, deg C]
# name 9 = depSM: Depth [salt water, m], lat = 59.00
# name 10 = potemp090C: Potential Temperature [ITS-90, deg C]
# name 11 = sigma-é00: Density [sigma-theta, kg/m^3]
# name 12 = sbeox0ML/L: Oxygen, SBE 43 [ml/l]
# name 13 = sbeox0Mg/L: Oxygen, SBE 43 [mg/l]
# name 14 = sbeox0PS: Oxygen, SBE 43 [% saturation]
# name 15 = sbox0Mm/Kg: Oxygen, SBE 43 [umol/kg]
# name 16 = sbeox0Mm/L: Oxygen, SBE 43 [umol/l]
# name 17 = sbox0dV/dT: Oxygen, SBE 43 [dov/dt]
# name 18 = oxsolML/L: Oxygen Saturation, Garcia & Gordon [ml/l]
# name 19 = oxsolMg/L: Oxygen Saturation, Garcia & Gordon [mg/l]
# name 20 = oxsolMm/Kg: Oxygen Saturation, Garcia & Gordon [umol/kg]
# name 21 = n2satMg/L: Nitrogen Saturation [mg/l]
# name 22 = par: PAR/Irradiance, Biospherical/Licor
# name 23 = wetStar: Fluorescence, WET Labs WETstar [mg/m^3]
# name 24 = CStarAt0: Beam Attenuation, WET Labs C-Star [1/m]
# name 25 = CStarTr0: Beam Transmission, WET Labs C-Star [%]
# name 26 = flag: flag
# span 0 =        102,        667       
# span 1 =  39.480766,  39.482402       
# span 2 =    0.00701,    0.04625       
# span 3 =     0.4202,     2.7750       
# span 4 =     25.211,    166.500       
# span 5 =      1.003,     48.405       
# span 6 =  50432.015,  50462.923       
# span 7 =    31.5720,    31.5830       
# span 8 =     6.2306,     6.3274       
# span 9 =      1.000,     48.000       
# span 10 =     6.2780,     6.3236      
# span 11 =    24.8130,    24.8169      
# span 12 =     5.7832,     6.5223      
# span 13 =     8.2648,     9.3209      
# span 14 =     82.275,     92.992      
# span 15 =    252.028,    284.231      
# span 16 =    258.279,    291.284      
# span 17 =   -0.00114,    0.00051      
# span 18 =    7.01324,    7.03003      
# span 19 =   10.02262,   10.04662      
# span 20 =  305.62760,  306.36268      
# span 21 =   15.74803,   15.78309      
# span 22 = 3.3822e-01, 5.6108e+01      
# span 23 =     0.4261,     0.5094      
# span 24 =     0.2456,     2.3140      
# span 25 =    66.2840,    94.0439      
# span 26 = 0.0000e+00, 0.0000e+00      
# interval = meters: 1                  
# start_time = Feb 08 2019 11:31:53 [Instrument's time stamp, header]
# bad_flag = -9.990e-29
*END*
        102  39.480766    0.00701     0.4202     25.211      1.003  50432.015    31.5720     6.2306      1.000     6.2780    24.8169     5.7832     8.2648     82.275    252.028    258.279   -0.00074    7.03003   10.04662  306.36268   15.78309 5.6108e+01     0.4347     2.3140    66.2840 0.0000e+00
        416  39.481676    0.02882     1.7294    103.762      2.019  50433.124    31.5817     6.3147      2.000     6.3184    24.8143     6.4575     9.2284     92.050    281.410    288.392   -0.00065    7.01537   10.02566  305.72047   15.75245 4.4107e+01     0.4395     0.4057    91.8449 0.0000e+00
        446  39.481762    0.03089     1.8537    111.223      3.034  50433.803    31.5826     6.3223      3.000     6.3223    24.8141     6.5145     9.3099     92.878    283.895    290.939   -0.00037    7.01406   10.02378  305.66286   15.74970 3.6168e+01     0.4261     0.2505    93.9294 0.0000e+00
        450  39.481774    0.03117     1.8703    112.219      4.027  50434.384    31.5826     6.3227      4.000     6.3225    24.8140     6.5201     9.3178     92.958    284.135    291.186    0.00016    7.01399   10.02369  305.66015   15.74957 3.0015e+01     0.4298     0.2512    93.9136 0.0000e+00
        456  39.481790    0.03157     1.8938    113.628      5.054  50434.763    31.5825     6.3233      5.000     6.3231    24.8139     6.5215     9.3199     92.980    284.199    291.251    0.00017    7.01389   10.02356  305.65607   15.74938 2.7005e+01     0.4671     0.2482    93.9845 0.0000e+00
        460  39.481802    0.03186     1.9117    114.702      6.048  50435.529    31.5827     6.3236      6.000     6.3232    24.8139     6.5189     9.3161     92.942    284.082    291.131   -0.00013    7.01384   10.02348  305.65357   15.74926 2.3690e+01     0.4662     0.2504    93.9327 0.0000e+00
        465  39.481816    0.03220     1.9320    115.920      7.074  50435.682    31.5823     6.3237      7.000     6.3230    24.8136     6.5176     9.3142     92.924    284.026    291.074   -0.00033    7.01384   10.02348  305.65372   15.74927 2.1438e+01     0.4721     0.2511    93.9151 0.0000e+00
        469  39.481829    0.03250     1.9501    117.006      8.069  50436.636    31.5824     6.3237      8.000     6.3230    24.8138     6.5128     9.3075     92.856    283.818    290.861   -0.00063    7.01384   10.02347  305.65348   15.74925 2.0147e+01     0.4761     0.2487    93.9720 0.0000e+00
        474  39.481843    0.03286     1.9715    118.289      9.091  50437.825    31.5828     6.3238      9.000     6.3230    24.8141     6.5139     9.3089     92.872    283.864    290.908   -0.00049    7.01380   10.02343  305.65204   15.74918 1.8227e+01     0.4798     0.2484    93.9799 0.0000e+00
        479  39.481859    0.03322     1.9935    119.609     10.096  50437.656    31.5822     6.3239     10.000     6.3231    24.8136     6.5141     9.3094     92.876    283.878    290.922   -0.00036    7.01381   10.02344  305.65253   15.74921 1.6732e+01     0.4862     0.2474    94.0032 0.0000e+00
        485  39.481874    0.03359     2.0156    120.938     11.101  50438.704    31.5825     6.3240     11.000     6.3231    24.8139     6.5123     9.3068     92.850    283.798    290.840   -0.00038    7.01378   10.02340  305.65122   15.74915 1.5259e+01     0.4853     0.2507    93.9254 0.0000e+00
        489  39.481887    0.03391     2.0344    122.066     12.113  50439.334    31.5825     6.3242     12.000     6.3232    24.8138     6.5096     9.3029     92.813    283.681    290.720   -0.00070    7.01375   10.02336  305.64986   15.74908 1.3713e+01     0.4810     0.2511    93.9155 0.0000e+00
        494  39.481901    0.03424     2.0540    123.238     13.119  50440.090    31.5826     6.3243     13.000     6.3232    24.8139     6.5223     9.3209     92.992    284.231    291.284    0.00051    7.01373   10.02332  305.64887   15.74904 1.2346e+01     0.4923     0.2508    93.9234 0.0000e+00
        500  39.481920    0.03468     2.0807    124.845     14.136  50440.650    31.5825     6.3243     14.000     6.3231    24.8138     6.5125     9.3070     92.853    283.805    290.847   -0.00046    7.01373   10.02332  305.64891   15.74904 1.1233e+01     0.4891     0.2469    94.0132 0.0000e+00
        506  39.481936    0.03508     2.1045    126.270     15.147  50440.407    31.5819     6.3244     15.000     6.3230    24.8134     6.5147     9.3100     92.883    283.897    290.941   -0.00015    7.01376   10.02336  305.65016   15.74910 1.0171e+01     0.4847     0.2494    93.9558 0.0000e+00
        510  39.481948    0.03536     2.1216    127.298     16.151  50441.660    31.5822     6.3241     16.000     6.3226    24.8137     6.5127     9.3074     92.856    283.816    290.859   -0.00035    7.01378   10.02339  305.65099   15.74914 9.2225e+00     0.4962     0.2509    93.9196 0.0000e+00
        514  39.481959    0.03563     2.1380    128.281     17.178  50443.050    31.5826     6.3239     17.000     6.3224    24.8140     6.5157     9.3116     92.898    283.945    290.991   -0.00005    7.01380   10.02341  305.65164   15.74917 8.2912e+00     0.4903     0.2513    93.9089 0.0000e+00
        517  39.481967    0.03583     2.1497    128.981     18.148  50443.874    31.5828     6.3240     18.000     6.3226    24.8141     6.5159     9.3119     92.902    283.956    291.002   -0.00012    7.01378   10.02339  305.65081   15.74913 7.5322e+00     0.5007     0.2540    93.8480 0.0000e+00
        525  39.481989    0.03636     2.1813    130.879     19.189  50444.043    31.5824     6.3241     19.000     6.3225    24.8138     6.5161     9.3122     92.904    283.963    291.009   -0.00008    7.01377   10.02338  305.65065   15.74912 6.8225e+00     0.5094     0.2456    94.0439 0.0000e+00
        530  39.482006    0.03675     2.2051    132.305     20.189  50444.724    31.5824     6.3241     20.000     6.3224    24.8139     6.5034     9.2941     92.724    283.411    290.444   -0.00114    7.01377   10.02338  305.65065   15.74912 6.0270e+00     0.5021     0.2489    93.9666 0.0000e+00
        535  39.482019    0.03705     2.2233    133.400     21.203  50445.309    31.5822     6.3241     21.000     6.3224    24.8138     6.5074     9.2997     92.780    283.583    290.619   -0.00074    7.01378   10.02340  305.65122   15.74915 5.3819e+00     0.4926     0.2491    93.9634 0.0000e+00
        539  39.482031    0.03736     2.2414    134.484     22.203  50445.942    31.5824     6.3245     22.000     6.3228    24.8138     6.5154     9.3111     92.895    283.931    290.976    0.00005    7.01371   10.02328  305.64785   15.74899 4.9006e+00     0.4883     0.2504    93.9314 0.0000e+00
        544  39.482046    0.03771     2.2623    135.739     23.228  50446.249    31.5822     6.3249     23.000     6.3230    24.8136     6.5126     9.3072     92.856    283.810    290.853   -0.00004    7.01365   10.02321  305.64549   15.74888 4.4638e+00     0.4768     0.2485    93.9744 0.0000e+00
        548  39.482057    0.03799     2.2792    136.752     24.220  50446.970    31.5822     6.3249     24.000     6.3229    24.8137     6.5061     9.2979     92.764    283.527    290.563   -0.00075    7.01364   10.02319  305.64509   15.74886 4.0662e+00     0.4623     0.2495    93.9541 0.0000e+00
        553  39.482073    0.03834     2.3008    138.045     25.247  50447.809    31.5823     6.3249     25.000     6.3228    24.8137     6.5133     9.3082     92.866    283.841    290.884   -0.00013    7.01363   10.02319  305.64479   15.74884 3.6608e+00     0.4640     0.2487    93.9721 0.0000e+00
        558  39.482086    0.03868     2.3206    139.234     26.241  50448.054    31.5820     6.3249     26.000     6.3227    24.8135     6.5179     9.3147     92.932    284.042    291.090    0.00031    7.01366   10.02321  305.64562   15.74889 3.2964e+00     0.4595     0.2477    93.9954 0.0000e+00
        565  39.482105    0.03914     2.3481    140.884     27.267  50449.873    31.5828     6.3249     27.000     6.3227    24.8141     6.5085     9.3013     92.798    283.633    290.672   -0.00057    7.01363   10.02318  305.64449   15.74883 2.9545e+00     0.4550     0.2477    93.9942 0.0000e+00
        569  39.482117    0.03943     2.3657    141.943     28.274  50449.794    31.5823     6.3251     28.000     6.3228    24.8137     6.5062     9.2980     92.764    283.530    290.565   -0.00083    7.01361   10.02315  305.64381   15.74880 2.6494e+00     0.4504     0.2479    93.9896 0.0000e+00
        572  39.482127    0.03965     2.3792    142.751     29.264  50449.308    31.5815     6.3252     29.000     6.3228    24.8131     6.5128     9.3075     92.860    283.821    290.863   -0.00011    7.01362   10.02318  305.64465   15.74884 2.3921e+00     0.4536     0.2503    93.9353 0.0000e+00
        578  39.482143    0.04004     2.4024    144.141     30.287  50451.112    31.5823     6.3253     30.000     6.3228    24.8137     6.5124     9.3068     92.854    283.801    290.843   -0.00012    7.01358   10.02311  305.64245   15.74873 2.1733e+00     0.4576     0.2476    93.9982 0.0000e+00
        583  39.482158    0.04042     2.4248    145.488     31.289  50451.846    31.5823     6.3253     31.000     6.3229    24.8138     6.5067     9.2987     92.773    283.553    290.589   -0.00061    7.01356   10.02308  305.64159   15.74869 1.9517e+00     0.4595     0.2496    93.9496 0.0000e+00
        588  39.482174    0.04079     2.4477    146.863     32.316  50452.601    31.5824     6.3256     32.000     6.3230    24.8138     6.5110     9.3048     92.835    283.740    290.781   -0.00017    7.01352   10.02302  305.63967   15.74860 1.7636e+00     0.4568     0.2466    94.0197 0.0000e+00
        592  39.482186    0.04106     2.4638    147.829     33.304  50453.417    31.5826     6.3258     33.000     6.3230    24.8139     6.5076     9.3001     92.787    283.593    290.630   -0.00041    7.01349   10.02298  305.63857   15.74855 1.5943e+00     0.4652     0.2474    94.0016 0.0000e+00
        598  39.482200    0.04143     2.4855    149.129     34.339  50453.118    31.5819     6.3258     34.000     6.3230    24.8133     6.5053     9.2968     92.754    283.494    290.528   -0.00058    7.01351   10.02301  305.63931   15.74858 1.4451e+00     0.4546     0.2469    94.0127 0.0000e+00
        601  39.482211    0.04166     2.4995    149.972     35.315  50455.372    31.5830     6.3260     35.000     6.3233    24.8142     6.5027     9.2929     92.717    283.378    290.410   -0.00066    7.01344   10.02291  305.63602   15.74843 1.3059e+00     0.4466     0.2500    93.9400 0.0000e+00
        608  39.482230    0.04213     2.5280    151.682     36.356  50453.767    31.5815     6.3264     36.000     6.3235    24.8130     6.5079     9.3004     92.791    283.604    290.641   -0.00009    7.01343   10.02290  305.63620   15.74844 1.1804e+00     0.4480     0.2469    94.0128 0.0000e+00
        612  39.482242    0.04242     2.5452    152.713     37.342  50455.506    31.5823     6.3266     37.000     6.3234    24.8136     6.5075     9.2999     92.787    283.588    290.625   -0.00016    7.01338   10.02282  305.63358   15.74831 1.0614e+00     0.4483     0.2491    93.9627 0.0000e+00
        618  39.482259    0.04282     2.5690    154.142     38.370  50456.624    31.5826     6.3265     38.000     6.3235    24.8139     6.5098     9.3031     92.819    283.685    290.725    0.00000    7.01336   10.02279  305.63268   15.74827 9.6205e-01     0.4484     0.2472    94.0050 0.0000e+00
        622  39.482272    0.04313     2.5881    155.287     39.363  50456.943    31.5823     6.3267     39.000     6.3235    24.8136     6.5122     9.3066     92.854    283.793    290.835    0.00015    7.01335   10.02278  305.63231   15.74825 8.7045e-01     0.4468     0.2488    93.9687 0.0000e+00
        628  39.482288    0.04352     2.6112    156.672     40.397  50457.833    31.5825     6.3269     40.000     6.3236    24.8138     6.5105     9.3042     92.831    283.720    290.759   -0.00009    7.01332   10.02273  305.63077   15.74818 7.8216e-01     0.4470     0.2474    94.0032 0.0000e+00
        632  39.482302    0.04385     2.6311    157.865     41.391  50457.586    31.5819     6.3270     41.000     6.3235    24.8133     6.5064     9.2982     92.772    283.538    290.575   -0.00044    7.01332   10.02273  305.63099   15.74819 7.0914e-01     0.4496     0.2479    93.9917 0.0000e+00
        638  39.482317    0.04422     2.6528    159.170     42.395  50458.230    31.5818     6.3267     42.000     6.3233    24.8133     6.5101     9.3035     92.823    283.699    290.739    0.00005    7.01337   10.02281  305.63329   15.74830 6.4036e-01     0.4527     0.2505    93.9294 0.0000e+00
        643  39.482332    0.04459     2.6755    160.530     43.419  50459.615    31.5823     6.3270     43.000     6.3235    24.8137     6.5092     9.3023     92.812    283.662    290.701   -0.00018    7.01331   10.02271  305.63038   15.74816 5.8224e-01     0.4517     0.2487    93.9722 0.0000e+00
        647  39.482344    0.04486     2.6918    161.505     44.410  50459.794    31.5820     6.3272     44.000     6.3235    24.8134     6.5063     9.2979     92.769    283.529    290.565   -0.00036    7.01328   10.02268  305.62952   15.74812 5.3003e-01     0.4429     0.2510    93.9169 0.0000e+00
        652  39.482359    0.04522     2.7130    162.780     45.428  50460.749    31.5822     6.3273     45.000     6.3235    24.8136     6.5064     9.2984     92.773    283.543    290.579   -0.00044    7.01326   10.02265  305.62856   15.74807 4.7943e-01     0.4540     0.2489    93.9662 0.0000e+00
        658  39.482375    0.04560     2.7361    164.164     46.430  50461.015    31.5820     6.3274     46.000     6.3234    24.8133     6.5092     9.3024     92.814    283.665    290.704   -0.00003    7.01326   10.02265  305.62853   15.74807 4.3371e-01     0.4462     0.2486    93.9735 0.0000e+00
        663  39.482391    0.04598     2.7593    165.556     47.466  50461.550    31.5818     6.3273     47.000     6.3235    24.8132     6.5096     9.3029     92.819    283.681    290.720   -0.00009    7.01327   10.02266  305.62887   15.74809 3.9200e-01     0.4467     0.2461    94.0327 0.0000e+00
        667  39.482402    0.04625     2.7750    166.500     48.405  50462.923    31.5823     6.3274     48.000     6.3236    24.8136     6.5119     9.3061     92.851    283.778    290.820    0.00004    7.01324   10.02262  305.62760   15.74803 3.3822e-01     0.4880     0.2499    93.9454 0.0000e+00
