CTD-processing/allCTD/CNV/2019_11-15_t9_10_cast045_4141.cnv
* Sea-Bird SBE19plus Data File:
* FileName = C:\Users\Chris\Desktop\EVOSTC GWA LTM\CTD Data\2019_11-15_T9\2019_11-15_T9_0_Cast045.hex
* Software Version 1.59
* Temperature SN =  4141
* Conductivity SN =  4141
* System UpLoad Time = Nov 20 2019 10:13:18
** Cook Inlet LTM T9
** Date: 2019_11-15
** Station:10
** Start Time: (AKST):16:29
** Depth (m):65
** Comment:
** Comment:
# nquan = 27
# nvalues = 61                          
# units = specified
# name 0 = scan: Scan Count
# name 1 = timeJ: Julian Days
# name 2 = timeH: Time, Elapsed [hours]
# name 3 = timeM: Time, Elapsed [minutes]
# name 4 = timeS: Time, Elapsed [seconds]
# name 5 = prdM: Pressure, Strain Gauge [db]
# name 6 = specc: Specific Conductance [uS/cm]
# name 7 = sal00: Salinity, Practical [PSU]
# name 8 = tv290C: Temperature [ITS-90, deg C]
# name 9 = depSM: Depth [salt water, m], lat = 59.00
# name 10 = potemp090C: Potential Temperature [ITS-90, deg C]
# name 11 = sigma-é00: Density [sigma-theta, kg/m^3]
# name 12 = sbeox0ML/L: Oxygen, SBE 43 [ml/l]
# name 13 = sbeox0Mg/L: Oxygen, SBE 43 [mg/l]
# name 14 = sbeox0PS: Oxygen, SBE 43 [% saturation]
# name 15 = sbox0Mm/Kg: Oxygen, SBE 43 [umol/kg]
# name 16 = sbeox0Mm/L: Oxygen, SBE 43 [umol/l]
# name 17 = sbox0dV/dT: Oxygen, SBE 43 [dov/dt]
# name 18 = oxsolML/L: Oxygen Saturation, Garcia & Gordon [ml/l]
# name 19 = oxsolMg/L: Oxygen Saturation, Garcia & Gordon [mg/l]
# name 20 = oxsolMm/Kg: Oxygen Saturation, Garcia & Gordon [umol/kg]
# name 21 = n2satMg/L: Nitrogen Saturation [mg/l]
# name 22 = par: PAR/Irradiance, Biospherical/Licor
# name 23 = wetStar: Fluorescence, WET Labs WETstar [mg/m^3]
# name 24 = CStarAt0: Beam Attenuation, WET Labs C-Star [1/m]
# name 25 = CStarTr0: Beam Transmission, WET Labs C-Star [%]
# name 26 = flag: flag
# span 0 =        259,        520       
# span 1 = 319.729323, 319.730078       
# span 2 =    0.01792,    0.03604       
# span 3 =     1.0751,     2.1627       
# span 4 =     64.507,    129.761       
# span 5 =      1.014,     61.544       
# span 6 =  47978.036,  48564.557       
# span 7 =    30.0704,    30.5523       
# span 8 =     7.4032,     8.1474       
# span 9 =      1.000,     61.000       
# span 10 =     7.4025,     8.1411      
# span 11 =    23.4844,    23.7784      
# span 12 =     5.7226,     6.2665      
# span 13 =     8.1781,     8.9554      
# span 14 =     84.503,     90.722      
# span 15 =    249.640,    273.438      
# span 16 =    255.570,    279.860      
# span 17 =   -0.00853,    0.07573      
# span 18 =    6.77199,    6.90728      
# span 19 =    9.67784,    9.87120      
# span 20 =  295.41991,  301.40102      
# span 21 =   15.26541,   15.55273      
# span 22 = 4.0484e-02, 3.1759e+00      
# span 23 =     0.4224,     0.6551      
# span 24 =     1.0557,     1.6584      
# span 25 =    66.0607,    76.8035      
# span 26 = 0.0000e+00, 0.0000e+00      
# interval = meters: 1                  
# start_time = Nov 15 2019 17:29:09 [Instrument's time stamp, header]
# bad_flag = -9.990e-29
*END*
        259 319.729323    0.01792     1.0751     64.507      1.014  47978.036    30.0704     7.4137      1.000     7.4132    23.4844     6.2665     8.9554     90.722    273.438    279.860    0.07573    6.90728    9.87120  301.40102   15.55273 3.1759e+00     0.6441     1.6273    66.5765 0.0000e+00
        263 319.729336    0.01822     1.0935     65.609      2.025  47995.755    30.0821     7.4131      2.000     7.4214    23.4938     6.1957     8.8543     89.704    270.347    276.699    0.04669    6.90684    9.87055  301.37853   15.55161 1.9289e+00     0.6508     1.6561    66.0984 0.0000e+00
        267 319.729346    0.01847     1.1084     66.506      3.018  48021.340    30.1030     7.4359      3.000     7.4458    23.5072     6.1509     8.7903     89.114    268.392    274.701    0.03203    6.90228    9.86404  301.17591   15.54186 1.3092e+00     0.6255     1.6550    66.1173 0.0000e+00
        272 319.729361    0.01884     1.1302     67.811      4.046  48043.437    30.1212     7.4570      4.000     7.4727    23.5187     6.1035     8.7225     88.480    266.319    272.582    0.01747    6.89811    9.85809  300.99081   15.53295 8.2320e-01     0.6239     1.6149    66.7823 0.0000e+00
        276 319.729372    0.01911     1.1462     68.770      5.043  48071.493    30.1464     7.4958      5.000     7.5108    23.5333     6.0812     8.6907     88.251    265.344    271.589    0.01151    6.89083    9.84768  300.66872   15.51749 5.9113e-01     0.6416     1.5849    67.2872 0.0000e+00
        280 319.729385    0.01940     1.1641     69.844      6.057  48053.403    30.1374     7.5211      6.000     7.5244    23.5229     6.0629     8.6645     88.031    264.547    270.770    0.00699    6.88723    9.84253  300.51451   15.51016 4.2103e-01     0.6551     1.5437    67.9823 0.0000e+00
        285 319.729397    0.01971     1.1825     70.951      7.067  48090.504    30.1648     7.5348      7.000     7.5483    23.5426     6.0303     8.6179     87.601    263.118    269.313    0.00218    6.88383    9.83768  300.36050   15.50271 2.9813e-01     0.6352     1.5100    68.5573 0.0000e+00
        289 319.729410    0.01999     1.1995     71.971      8.079  48099.199    30.1749     7.5632      8.000     7.5755    23.5467     6.0242     8.6092     87.575    262.852    269.041    0.00112    6.87890    9.83065  300.14461   15.49237 2.1855e-01     0.6238     1.4603    69.4155 0.0000e+00
        293 319.729420    0.02025     1.2149     72.894      9.079  48078.044    30.1625     7.5807      9.000     7.5801    23.5346     6.0241     8.6091     87.602    262.851    269.037    0.00110    6.87671    9.82749  300.05196   15.48800 1.6299e-01     0.6119     1.4418    69.7354 0.0000e+00
        297 319.729434    0.02057     1.2342     74.051     10.099  48074.017    30.1592     7.5801     10.000     7.5773    23.5322     6.0101     8.5890     87.395    262.238    268.409   -0.00050    6.87695    9.82785  300.06327   15.48855 1.2437e-01     0.5943     1.4340    69.8737 0.0000e+00
        301 319.729445    0.02084     1.2508     75.045     11.111  48078.191    30.1611     7.5765     11.000     7.5766    23.5341     5.9980     8.5717     87.212    261.710    267.869   -0.00164    6.87742    9.82853  300.08370   15.48952 9.7150e-02     0.5957     1.4427    69.7211 0.0000e+00
        304 319.729454    0.02107     1.2643     75.860     12.101  48077.165    30.1604     7.5796     12.000     7.5718    23.5332     5.9990     8.5732     87.234    261.757    267.917   -0.00134    6.87696    9.82787  300.06357   15.48856 7.9710e-02     0.6016     1.4588    69.4393 0.0000e+00
        310 319.729470    0.02144     1.2866     77.194     13.133  48069.176    30.1453     7.5216     13.000     7.5076    23.5291     6.0044     8.5808     87.186    261.989    268.153   -0.00118    6.88680    9.84194  300.49439   15.50918 6.6760e-02     0.6113     1.4461    69.6610 0.0000e+00
        314 319.729481    0.02171     1.3023     78.137     14.130  48057.341    30.1371     7.5244     14.000     7.4997    23.5223     6.0052     8.5820     87.199    262.027    268.190   -0.00113    6.88672    9.84182  300.49289   15.50914 5.8437e-02     0.5825     1.5197    68.3980 0.0000e+00
        317 319.729492    0.02198     1.3187     79.120     15.133  48098.025    30.1585     7.4838     15.000     7.4785    23.5445     6.0144     8.5951     87.263    262.422    268.601   -0.00038    6.89219    9.84964  300.72499   15.52012 5.2640e-02     0.5737     1.5721    67.5027 0.0000e+00
        323 319.729508    0.02235     1.3411     80.465     16.170  48117.333    30.1731     7.4948     16.000     7.4999    23.5546     6.0235     8.6082     87.427    262.819    269.010    0.00047    6.88979    9.84620  300.61711   15.51491 4.8446e-02     0.5649     1.5336    68.1555 0.0000e+00
        326 319.729517    0.02257     1.3542     81.251     17.150  48102.763    30.1632     7.4985     17.000     7.4922    23.5462     6.0383     8.6294     87.644    263.468    269.672    0.00189    6.88965    9.84599  300.61321   15.51478 4.6448e-02     0.5414     1.5350    68.1307 0.0000e+00
        330 319.729529    0.02286     1.3716     82.294     18.171  48088.634    30.1519     7.4916     18.000     7.4734    23.5383     6.0395     8.6311     87.641    263.523    269.726    0.00133    6.89125    9.84828  300.68554   15.51827 4.4462e-02     0.5504     1.5431    67.9927 0.0000e+00
        334 319.729541    0.02316     1.3895     83.372     19.179  48084.495    30.1401     7.4384     19.000     7.4166    23.5361     6.0360     8.6261     87.476    263.370    269.568   -0.00002    6.90021    9.86109  301.07708   15.53699 4.3409e-02     0.5479     1.5448    67.9641 0.0000e+00
        339 319.729554    0.02346     1.4076     84.456     20.195  48117.849    30.1581     7.4090     20.000     7.4051    23.5542     6.0248     8.6101     87.265    262.878    269.069   -0.00167    6.90406    9.86659  301.23974   15.54467 4.2482e-02     0.5447     1.6116    66.8374 0.0000e+00
        343 319.729565    0.02372     1.4233     85.396     21.192  48100.657    30.1454     7.4068     21.000     7.4025    23.5445     6.0399     8.6316     87.472    263.538    269.743   -0.00013    6.90498    9.86791  301.28288   15.54678 4.1985e-02     0.5315     1.6573    66.0777 0.0000e+00
        347 319.729578    0.02405     1.4428     86.570     22.213  48114.563    30.1540     7.4032     22.000     7.4113    23.5518     6.0532     8.6507     87.663    264.118    270.338    0.00106    6.90516    9.86816  301.28846   15.54702 4.1395e-02     0.5160     1.6584    66.0607 0.0000e+00
        351 319.729590    0.02434     1.4603     87.619     23.219  48106.926    30.1530     7.4324     23.000     7.4347    23.5470     6.0595     8.6596     87.811    264.390    270.615    0.00158    6.90058    9.86161  301.08987   15.53755 4.1293e-02     0.5367     1.6251    66.6121 0.0000e+00
        355 319.729602    0.02460     1.4761     88.569     24.222  48073.402    30.1278     7.4230     24.000     7.4074    23.5286     6.0668     8.6701     87.884    264.714    270.943    0.00176    6.90320    9.86537  301.20993   15.54338 4.1110e-02     0.5415     1.6187    66.7192 0.0000e+00
        360 319.729614    0.02492     1.4951     89.708     25.241  48127.607    30.1630     7.4109     25.000     7.4207    23.5578     6.0540     8.6518     87.694    264.150    270.372   -0.00008    6.90354    9.86585  301.21614   15.54353 4.0926e-02     0.5547     1.6303    66.5261 0.0000e+00
        364 319.729628    0.02523     1.5139     90.835     26.250  48105.299    30.1487     7.4207     26.000     7.4160    23.5452     6.0576     8.6569     87.758    264.309    270.532    0.00016    6.90262    9.86454  301.17979   15.54186 4.0788e-02     0.5381     1.6016    67.0056 0.0000e+00
        368 319.729639    0.02552     1.5310     91.863     27.251  48139.997    30.1732     7.4270     27.000     7.4328    23.5637     6.0577     8.6572     87.788    264.312    270.540    0.00034    6.90051    9.86152  301.08215   15.53710 4.0820e-02     0.5447     1.6350    66.4488 0.0000e+00
        373 319.729653    0.02582     1.5497     92.981     28.277  48126.495    30.1661     7.4440     28.000     7.4515    23.5559     6.0510     8.6475     87.719    264.017    270.236   -0.00024    6.89813    9.85813  300.98090   15.53230 4.0683e-02     0.5345     1.6567    66.0875 0.0000e+00
        376 319.729663    0.02607     1.5644     93.862     29.265  48110.262    30.1560     7.4540     29.000     7.4510    23.5467     6.0526     8.6498     87.757    264.091    270.311   -0.00005    6.89701    9.85652  300.93432   15.53012 4.0845e-02     0.5301     1.6381    66.3967 0.0000e+00
        382 319.729678    0.02644     1.5861     95.164     30.293  48142.671    30.1792     7.4611     30.000     7.4606    23.5640     6.0491     8.6447     87.734    263.934    270.153   -0.00018    6.89484    9.85342  300.83476   15.52528 4.0559e-02     0.5501     1.6205    66.6891 0.0000e+00
        386 319.729689    0.02672     1.6027     96.161     31.292  48146.824    30.1820     7.4631     31.000     7.4628    23.5659     6.0423     8.6351     87.642    263.638    269.852   -0.00074    6.89439    9.85278  300.81461   15.52431 4.0484e-02     0.5445     1.6366    66.4231 0.0000e+00
        390 319.729701    0.02699     1.6192     97.153     32.299  48135.745    30.1741     7.4649     32.000     7.4592    23.5595     6.0411     8.6334     87.623    263.588    269.797   -0.00084    6.89447    9.85289  300.81987   15.52458 4.0713e-02     0.5374     1.6429    66.3176 0.0000e+00
        395 319.729715    0.02733     1.6397     98.385     33.317  48172.126    30.1980     7.4590     33.000     7.4683    23.5790     6.0423     8.6350     87.642    263.632    269.848   -0.00040    6.89432    9.85267  300.80754   15.52390 4.0690e-02     0.5414     1.6091    66.8807 0.0000e+00
        399 319.729728    0.02765     1.6590     99.541     34.327  48387.671    30.3577     7.5263     34.000     7.5984    23.6956     6.0346     8.6240     87.756    263.265    269.503    0.00010    6.87650    9.82721  299.99615   15.48453 4.0624e-02     0.5307     1.5805    67.3599 0.0000e+00
        403 319.729741    0.02794     1.6764    100.583     35.331  48381.287    30.3780     7.6856     35.000     7.7217    23.6899     6.0507     8.6471     88.324    263.971    270.224    0.00362    6.85056    9.79014  298.86615   15.43054 4.0710e-02     0.5293     1.3790    70.8517 0.0000e+00
        408 319.729753    0.02825     1.6950    101.697     36.345  48329.460    30.3509     7.7459     36.000     7.7507    23.6605     6.0454     8.6395     88.353    263.746    269.987    0.00327    6.84234    9.77839  298.51570   15.41394 4.0662e-02     0.5633     1.2533    73.1047 0.0000e+00
        412 319.729766    0.02855     1.7128    102.771     37.350  48345.053    30.3638     7.7618     37.000     7.7701    23.6685     6.0062     8.5835     87.819    262.037    268.239   -0.00100    6.83928    9.77402  298.38020   15.40741 4.0704e-02     0.5973     1.2000    74.0817 0.0000e+00
        417 319.729779    0.02886     1.7314    103.886     38.366  48356.781    30.3758     7.7895     38.000     7.7944    23.6741     5.9802     8.5463     87.501    260.900    267.077   -0.00291    6.83442    9.76706  298.16615   15.39715 4.0724e-02     0.6120     1.1573    74.8772 0.0000e+00
        421 319.729791    0.02916     1.7492    104.951     39.371  48344.267    30.3683     7.8004     39.000     7.7978    23.6668     5.9763     8.5406     87.461    260.728    266.899   -0.00245    6.83305    9.76512  298.10885   15.39445 4.0735e-02     0.6175     1.1047    75.8687 0.0000e+00
        425 319.729804    0.02946     1.7676    106.056     40.380  48345.971    30.3693     7.8020     40.000     7.7985    23.6673     5.9688     8.5300     87.355    260.404    266.567   -0.00241    6.83276    9.76469  298.09580   15.39382 4.0697e-02     0.6023     1.0810    76.3187 0.0000e+00
        430 319.729817    0.02977     1.7861    107.165     41.397  48352.266    30.3734     7.8028     41.000     7.8002    23.6704     5.9668     8.5271     87.330    260.315    266.476   -0.00199    6.83245    9.76425  298.08140   15.39312 4.0676e-02     0.6170     1.0741    76.4517 0.0000e+00
        433 319.729827    0.03003     1.8015    108.091     42.390  48353.528    30.3742     7.8052     42.000     7.8021    23.6708     5.9658     8.5258     87.321    260.272    266.433   -0.00157    6.83204    9.76367  298.06350   15.39226 4.0827e-02     0.6085     1.0689    76.5501 0.0000e+00
        439 319.729844    0.03042     1.8250    109.500     43.417  48352.827    30.3736     7.8069     43.000     7.8032    23.6701     5.9684     8.5295     87.363    260.388    266.551   -0.00092    6.83180    9.76332  298.05316   15.39177 4.0621e-02     0.6046     1.0566    76.7862 0.0000e+00
        443 319.729856    0.03072     1.8434    110.607     44.419  48354.900    30.3747     7.8080     44.000     7.8047    23.6708     5.9723     8.5351     87.422    260.556    266.723   -0.00023    6.83158    9.76301  298.04331   15.39130 4.0788e-02     0.6072     1.0633    76.6571 0.0000e+00
        447 319.729868    0.03099     1.8596    111.576     45.427  48354.771    30.3744     7.8091     45.000     7.8049    23.6703     5.9655     8.5252     87.324    260.256    266.417   -0.00090    6.83142    9.76278  298.03650   15.39097 4.0844e-02     0.6105     1.0708    76.5146 0.0000e+00
        452 319.729881    0.03131     1.8788    112.726     46.435  48356.012    30.3748     7.8094     46.000     7.8054    23.6707     5.9666     8.5269     87.342    260.308    266.469   -0.00059    6.83136    9.76269  298.03378   15.39084 4.0719e-02     0.6048     1.0557    76.8035 0.0000e+00
        457 319.729897    0.03169     1.9010    114.058     47.457  48358.049    30.3761     7.8107     47.000     7.8070    23.6714     5.9723     8.5350     87.428    260.556    266.723   -0.00001    6.83110    9.76231  298.02207   15.39028 4.0645e-02     0.6170     1.0561    76.7963 0.0000e+00
        461 319.729908    0.03195     1.9170    115.023     48.455  48361.347    30.3780     7.8117     48.000     7.8110    23.6729     5.9682     8.5291     87.372    260.376    266.540   -0.00025    6.83085    9.76197  298.01117   15.38975 4.0813e-02     0.6066     1.1155    75.6661 0.0000e+00
        466 319.729921    0.03228     1.9367    116.199     49.469  48461.306    30.4519     7.8424     49.000     7.8755    23.7266     5.9595     8.5167     87.347    259.982    266.151   -0.00057    6.82279    9.75045  297.64383   15.37191 4.0706e-02     0.6082     1.1644    74.7439 0.0000e+00
        470 319.729935    0.03260     1.9562    117.374     50.489  48440.818    30.4509     7.9320     50.000     7.9375    23.7136     5.9660     8.5260     87.620    260.270    266.442    0.00139    6.80893    9.73064  297.04272   15.34323 4.0774e-02     0.5954     1.2538    73.0943 0.0000e+00
        474 319.729945    0.03285     1.9707    118.243     51.476  48463.593    30.4694     7.9520     51.000     7.9659    23.7253     5.9333     8.4793     87.190    258.839    264.981   -0.00111    6.80501    9.72503  296.86834   15.33483 4.0806e-02     0.5654     1.3214    71.8669 0.0000e+00
        480 319.729961    0.03324     1.9946    119.676     52.508  48564.557    30.5523     8.0375     52.000     8.0733    23.7784     5.8594     8.3736     86.318    255.602    261.680   -0.00603    6.78813    9.70092  296.11678   15.29861 4.0707e-02     0.5110     1.2688    72.8178 0.0000e+00
        484 319.729973    0.03351     2.0105    120.632     53.508  48466.883    30.4923     8.0929     53.000     8.0819    23.7235     5.8400     8.3460     86.109    254.773    260.817   -0.00564    6.78224    9.69251  295.87573   15.28736 4.0789e-02     0.4955     1.3354    71.6183 0.0000e+00
