CTD-processing/allCTD/CNV/2019_09-16_t4_07_cast021_4141.cnv
* Sea-Bird SBE19plus Data File:
* FileName = C:\Users\Chris\Desktop\EVOSTC GWA LTM\CTD Data\2019_09-16_T4\2019_09-16_T4_0_Cast021.hex
* Software Version 1.59
* Temperature SN =  4141
* Conductivity SN =  4141
* System UpLoad Time = Sep 23 2019 18:10:48
** Cook Inlet LTM T4
** Date: 2019_09-16
** Station:7
** Start Time: (AKST):14:46
** Depth (m):38
** Comment:
** Comment:
# nquan = 27
# nvalues = 38                          
# units = specified
# name 0 = scan: Scan Count
# name 1 = timeJ: Julian Days
# name 2 = timeH: Time, Elapsed [hours]
# name 3 = timeM: Time, Elapsed [minutes]
# name 4 = timeS: Time, Elapsed [seconds]
# name 5 = prdM: Pressure, Strain Gauge [db]
# name 6 = specc: Specific Conductance [uS/cm]
# name 7 = sal00: Salinity, Practical [PSU]
# name 8 = tv290C: Temperature [ITS-90, deg C]
# name 9 = depSM: Depth [salt water, m], lat = 59.00
# name 10 = potemp090C: Potential Temperature [ITS-90, deg C]
# name 11 = sigma-é00: Density [sigma-theta, kg/m^3]
# name 12 = sbeox0ML/L: Oxygen, SBE 43 [ml/l]
# name 13 = sbeox0Mg/L: Oxygen, SBE 43 [mg/l]
# name 14 = sbeox0PS: Oxygen, SBE 43 [% saturation]
# name 15 = sbox0Mm/Kg: Oxygen, SBE 43 [umol/kg]
# name 16 = sbeox0Mm/L: Oxygen, SBE 43 [umol/l]
# name 17 = sbox0dV/dT: Oxygen, SBE 43 [dov/dt]
# name 18 = oxsolML/L: Oxygen Saturation, Garcia & Gordon [ml/l]
# name 19 = oxsolMg/L: Oxygen Saturation, Garcia & Gordon [mg/l]
# name 20 = oxsolMm/Kg: Oxygen Saturation, Garcia & Gordon [umol/kg]
# name 21 = n2satMg/L: Nitrogen Saturation [mg/l]
# name 22 = par: PAR/Irradiance, Biospherical/Licor
# name 23 = wetStar: Fluorescence, WET Labs WETstar [mg/m^3]
# name 24 = CStarAt0: Beam Attenuation, WET Labs C-Star [1/m]
# name 25 = CStarTr0: Beam Transmission, WET Labs C-Star [%]
# name 26 = flag: flag
# span 0 =        252,        430       
# span 1 = 259.615760, 259.616275       
# span 2 =    0.01741,    0.02977       
# span 3 =     1.0444,     1.7862       
# span 4 =     62.666,    107.169       
# span 5 =      1.053,     38.345       
# span 6 =  47947.429,  48669.976       
# span 7 =    30.5885,    31.0278       
# span 8 =    11.0510,    11.6695       
# span 9 =      1.000,     38.000       
# span 10 =    11.0463,    11.6541      
# span 11 =    23.2396,    23.6761      
# span 12 =     5.4001,     5.9201      
# span 13 =     7.7172,     8.4605      
# span 14 =     85.287,     94.318      
# span 15 =    235.590,    258.390      
# span 16 =    241.169,    264.395      
# span 17 =   -0.00476,    0.16141      
# span 18 =    6.26471,    6.33166      
# span 19 =    8.95289,    9.04857      
# span 20 =  273.42526,  276.23155      
# span 21 =   14.21312,   14.34594      
# span 22 = 2.1749e+00, 1.2444e+03      
# span 23 =     0.4218,     0.8239      
# span 24 =     0.3234,     0.8418      
# span 25 =    81.0205,    92.2319      
# span 26 = 0.0000e+00, 0.0000e+00      
# interval = meters: 1                  
# start_time = Sep 16 2019 14:45:39 [Instrument's time stamp, header]
# bad_flag = -9.990e-29
*END*
        252 259.615760    0.01741     1.0444     62.666      1.053  47976.828    30.6180    11.6695      1.000    11.6541    23.2480     5.7286     8.1867     91.443    250.026    255.839    0.16141    6.26471    8.95289  273.42526   14.21312 1.2444e+03     0.4350     0.3320    92.0362 0.0000e+00
        256 259.615772    0.01768     1.0610     63.658      2.015  47947.429    30.5885    11.5876      2.000    11.5193    23.2396     5.9201     8.4605     94.318    258.390    264.395    0.14235    6.27683    8.97022  273.95677   14.23870 5.2931e+02     0.4218     0.3392    91.8703 0.0000e+00
        260 259.615785    0.01801     1.0806     64.833      3.026  48080.953    30.6707    11.4732      3.000    11.4559    23.3238     5.7807     8.2613     91.921    252.284    258.169    0.07857    6.28889    8.98744  274.46000   14.26249 4.3815e+02     0.4250     0.3399    91.8530 0.0000e+00
        265 259.615800    0.01836     1.1015     66.090      4.044  48155.181    30.7202    11.4481      4.000    11.4360    23.3668     5.6604     8.0892     89.985    247.019    252.791    0.03608    6.29028    8.98944  274.50956   14.26466 4.5129e+02     0.4501     0.3376    91.9059 0.0000e+00
        269 259.615811    0.01862     1.1173     67.040      5.044  48208.518    30.7523    11.3982      5.000    11.3385    23.4005     5.6130     8.0215     89.155    244.943    250.675    0.01975    6.29571    8.99721  274.73762   14.27547 3.0733e+02     0.4618     0.3415    91.8178 0.0000e+00
        273 259.615823    0.01892     1.1350     68.099      6.057  48336.038    30.8294    11.2785      6.000    11.2426    23.4815     5.5652     7.9532     88.214    242.841    248.543    0.00683    6.30877    9.01586  275.28535   14.30140 2.4277e+02     0.4676     0.3443    91.7517 0.0000e+00
        278 259.615836    0.01924     1.1542     69.250      7.064  48389.770    30.8607    11.2197      7.000    11.2085    23.5162     5.5108     7.8755     87.259    240.459    246.113   -0.00228    6.31547    9.02543  275.56855   14.31484 2.1407e+02     0.4732     0.3442    91.7554 0.0000e+00
        283 259.615851    0.01958     1.1748     70.485      8.076  48403.355    30.8678    11.2002      8.000    11.1953    23.5251     5.4856     7.8395     86.827    239.356    244.987   -0.00472    6.31782    9.02880  275.66880   14.31961 1.7177e+02     0.4692     0.3448    91.7399 0.0000e+00
        288 259.615865    0.01992     1.1955     71.727      9.086  48408.814    30.8703    11.1922      9.000    11.1888    23.5285     5.4912     7.8474     86.903    239.599    245.237   -0.00280    6.31880    9.03019  275.71027   14.32158 1.5598e+02     0.4737     0.3443    91.7532 0.0000e+00
        293 259.615879    0.02026     1.2152     72.914     10.098  48412.575    30.8721    11.1872     10.000    11.1842    23.5307     5.4983     7.8576     87.007    239.910    245.555   -0.00101    6.31941    9.03107  275.73658   14.32284 1.3076e+02     0.5068     0.3518    91.5806 0.0000e+00
        297 259.615890    0.02054     1.2325     73.950     11.100  48418.978    30.8756    11.1818     11.000    11.1782    23.5344     5.5007     7.8612     87.038    240.016    245.664   -0.00068    6.31999    9.03190  275.76096   14.32400 1.2051e+02     0.5413     0.3487    91.6514 0.0000e+00
        302 259.615906    0.02089     1.2538     75.229     12.116  48430.108    30.8826    11.1775     12.000    11.1750    23.5406     5.4950     7.8529     86.942    239.761    245.406   -0.00100    6.32030    9.03234  275.77262   14.32453 1.0389e+02     0.5818     0.3478    91.6716 0.0000e+00
        307 259.615919    0.02123     1.2737     76.424     13.120  48437.824    30.8876    11.1770     13.000    11.1763    23.5446     5.4907     7.8467     86.875    239.572    245.213   -0.00132    6.32017    9.03216  275.76592   14.32419 9.0617e+01     0.6228     0.3507    91.6078 0.0000e+00
        312 259.615935    0.02161     1.2965     77.790     14.135  48451.246    30.8969    11.1791     14.000    11.1768    23.5515     5.4958     7.8541     86.967    239.797    245.445   -0.00031    6.31952    9.03122  275.73569   14.32270 8.1611e+01     0.6610     0.3483    91.6601 0.0000e+00
        317 259.615950    0.02197     1.3182     79.090     15.141  48461.573    30.9035    11.1765     15.000    11.1735    23.5572     5.4993     7.8591     87.020    239.947    245.599    0.00023    6.31959    9.03133  275.73760   14.32276 6.9426e+01     0.7147     0.3442    91.7543 0.0000e+00
        322 259.615964    0.02230     1.3383     80.296     16.155  48467.949    30.9074    11.1741     16.000    11.1711    23.5606     5.4974     7.8564     86.989    239.865    245.517   -0.00026    6.31977    9.03159  275.74437   14.32308 6.0366e+01     0.7185     0.3471    91.6894 0.0000e+00
        327 259.615977    0.02261     1.3567     81.402     17.156  48473.846    30.9109    11.1719     17.000    11.1690    23.5637     5.4969     7.8556     86.977    239.840    245.492   -0.00024    6.31992    9.03180  275.75017   14.32334 5.5885e+01     0.7524     0.3487    91.6505 0.0000e+00
        332 259.615993    0.02300     1.3798     82.788     18.176  48478.849    30.9138    11.1699     18.000    11.1670    23.5663     5.4976     7.8566     86.985    239.868    245.520   -0.00023    6.32008    9.03203  275.75628   14.32362 4.6714e+01     0.7699     0.3500    91.6223 0.0000e+00
        337 259.616006    0.02330     1.3984     83.906     19.180  48484.666    30.9173    11.1680     19.000    11.1649    23.5694     5.4999     7.8598     87.020    239.967    245.623   -0.00000    6.32019    9.03219  275.76027   14.32379 4.2126e+01     0.7834     0.3533    91.5455 0.0000e+00
        341 259.616019    0.02361     1.4169     85.012     20.186  48486.623    30.9182    11.1670     20.000    11.1646    23.5703     5.4976     7.8567     86.984    239.873    245.526   -0.00023    6.32030    9.03234  275.76461   14.32400 3.6231e+01     0.7616     0.3494    91.6358 0.0000e+00
        346 259.616034    0.02399     1.4394     86.366     21.201  48486.618    30.9178    11.1671     21.000    11.1644    23.5700     5.4947     7.8525     86.937    239.742    245.393   -0.00061    6.32031    9.03235  275.76506   14.32403 3.2594e+01     0.7833     0.3429    91.7849 0.0000e+00
        351 259.616048    0.02433     1.4599     87.593     22.209  48488.098    30.9184    11.1664     22.000    11.1628    23.5706     5.5013     7.8619     87.041    240.031    245.688    0.00024    6.32038    9.03245  275.76784   14.32416 2.7536e+01     0.7578     0.3424    91.7956 0.0000e+00
        356 259.616061    0.02464     1.4784     88.708     23.221  48492.584    30.9209    11.1643     23.000    11.1610    23.5729     5.5020     7.8629     87.049    240.059    245.718    0.00024    6.32055    9.03270  275.77493   14.32448 2.4255e+01     0.7570     0.3398    91.8559 0.0000e+00
        360 259.616073    0.02493     1.4959     89.751     24.224  48495.125    30.9222    11.1631     24.000    11.1594    23.5742     5.5038     7.8655     87.076    240.138    245.799    0.00017    6.32067    9.03286  275.77969   14.32471 2.1488e+01     0.7600     0.3319    92.0383 0.0000e+00
        365 259.616088    0.02527     1.5161     90.969     25.237  48500.474    30.9253    11.1612     25.000    11.1574    23.5769     5.5062     7.8689     87.112    240.243    245.907    0.00032    6.32080    9.03305  275.78477   14.32494 1.9077e+01     0.7515     0.3288    92.1088 0.0000e+00
        370 259.616103    0.02564     1.5383     92.300     26.249  48505.854    30.9285    11.1595     26.000    11.1561    23.5797     5.5059     7.8685     87.106    240.229    245.893    0.00013    6.32089    9.03318  275.78783   14.32507 1.6865e+01     0.7897     0.3234    92.2319 0.0000e+00
        375 259.616117    0.02596     1.5577     93.461     27.260  48514.237    30.9339    11.1579     27.000    11.1506    23.5842     5.5029     7.8642     87.059    240.097    245.760   -0.00028    6.32090    9.03319  275.78692   14.32501 1.4959e+01     0.8239     0.3279    92.1312 0.0000e+00
        379 259.616128    0.02624     1.5747     94.481     28.264  48533.625    30.9457    11.1442     28.000    11.1330    23.5958     5.5017     7.8624     87.021    240.042    245.706   -0.00058    6.32228    9.03517  275.84438   14.32772 1.3396e+01     0.7830     0.3584    91.4310 0.0000e+00
        383 259.616141    0.02656     1.5934     95.603     29.274  48560.564    30.9624    11.1267     29.000    11.1117    23.6119     5.4962     7.8545     86.909    239.795    245.457   -0.00118    6.32399    9.03761  275.91442   14.33100 1.1632e+01     0.7494     0.3963    90.5688 0.0000e+00
        389 259.616156    0.02691     1.6147     96.882     30.284  48600.245    30.9872    11.1010     30.000    11.0898    23.6357     5.4774     7.8277     86.579    238.973    244.622   -0.00293    6.32648    9.04117  276.01678   14.33580 1.0292e+01     0.6981     0.4655    89.0147 0.0000e+00
        394 259.616173    0.02731     1.6388     98.328     31.296  48629.333    31.0050    11.0793     31.000    11.0708    23.6533     5.4540     7.7943     86.178    237.946    243.574   -0.00441    6.32871    9.04436  276.10919   14.34016 8.7345e+00     0.6681     0.5398    87.3787 0.0000e+00
        400 259.616188    0.02768     1.6607     99.641     32.306  48639.592    31.0110    11.0716     32.000    11.0670    23.6593     5.4374     7.7706     85.905    237.222    242.834   -0.00476    6.32952    9.04551  276.14277   14.34175 7.4290e+00     0.6316     0.5985    86.1032 0.0000e+00
        404 259.616202    0.02802     1.6809    100.854     33.313  48641.783    31.0120    11.0701     33.000    11.0641    23.6604     5.4322     7.7632     85.821    236.993    242.601   -0.00380    6.32968    9.04574  276.14947   14.34206 6.2034e+00     0.6074     0.6269    85.4958 0.0000e+00
        409 259.616216    0.02836     1.7016    102.098     34.323  48653.753    31.0191    11.0615     34.000    11.0538    23.6674     5.4296     7.7595     85.769    236.881    242.487   -0.00287    6.33057    9.04701  276.18659   14.34381 5.1134e+00     0.6254     0.6643    84.6994 0.0000e+00
        415 259.616232    0.02872     1.7233    103.400     35.333  48662.390    31.0241    11.0552     35.000    11.0499    23.6724     5.4227     7.7496     85.651    236.579    242.180   -0.00261    6.33122    9.04795  276.21368   14.34509 4.2292e+00     0.6026     0.7315    83.2877 0.0000e+00
        420 259.616246    0.02907     1.7438    104.627     36.344  48667.218    31.0268    11.0525     36.000    11.0475    23.6750     5.4091     7.7302     85.432    235.985    241.572   -0.00327    6.33148    9.04832  276.22432   14.34559 3.4067e+00     0.5410     0.7635    82.6224 0.0000e+00
        424 259.616260    0.02940     1.7641    105.846     37.352  48669.556    31.0278    11.0511     37.000    11.0465    23.6761     5.4049     7.7241     85.363    235.799    241.381   -0.00270    6.33163    9.04853  276.23053   14.34588 2.7369e+00     0.5474     0.8089    81.6919 0.0000e+00
        430 259.616275    0.02977     1.7862    107.169     38.345  48669.976    31.0278    11.0510     38.000    11.0463    23.6761     5.4001     7.7172     85.287    235.590    241.169   -0.00241    6.33166    9.04857  276.23155   14.34594 2.1749e+00     0.5340     0.8418    81.0205 0.0000e+00
