CTD-processing/allCTD/CNV/2019_02-08_t6_s03_cast077_4141.cnv
* Sea-Bird SBE19plus Data File:
* FileName = C:\Users\Kim.Powell\Desktop\Not Processed\2019\2019_02-08\2019_02-08_TRANSECT_STATION_cast077.hex
* Software Version 1.59
* Temperature SN =  4141
* Conductivity SN =  4141
* System UpLoad Time = Mar 19 2019 08:39:04
** 2018_02-08
** Station: 6-03
** Start Time: 11:39
** Depth (m): 105
** Comment:
** Comment:
# nquan = 27
# nvalues = 103                         
# units = specified
# name 0 = scan: Scan Count
# name 1 = timeJ: Julian Days
# name 2 = timeH: Time, Elapsed [hours]
# name 3 = timeM: Time, Elapsed [minutes]
# name 4 = timeS: Time, Elapsed [seconds]
# name 5 = prdM: Pressure, Strain Gauge [db]
# name 6 = specc: Specific Conductance [uS/cm]
# name 7 = sal00: Salinity, Practical [PSU]
# name 8 = tv290C: Temperature [ITS-90, deg C]
# name 9 = depSM: Depth [salt water, m], lat = 59.00
# name 10 = potemp090C: Potential Temperature [ITS-90, deg C]
# name 11 = sigma-é00: Density [sigma-theta, kg/m^3]
# name 12 = sbeox0ML/L: Oxygen, SBE 43 [ml/l]
# name 13 = sbeox0Mg/L: Oxygen, SBE 43 [mg/l]
# name 14 = sbeox0PS: Oxygen, SBE 43 [% saturation]
# name 15 = sbox0Mm/Kg: Oxygen, SBE 43 [umol/kg]
# name 16 = sbeox0Mm/L: Oxygen, SBE 43 [umol/l]
# name 17 = sbox0dV/dT: Oxygen, SBE 43 [dov/dt]
# name 18 = oxsolML/L: Oxygen Saturation, Garcia & Gordon [ml/l]
# name 19 = oxsolMg/L: Oxygen Saturation, Garcia & Gordon [mg/l]
# name 20 = oxsolMm/Kg: Oxygen Saturation, Garcia & Gordon [umol/kg]
# name 21 = n2satMg/L: Nitrogen Saturation [mg/l]
# name 22 = par: PAR/Irradiance, Biospherical/Licor
# name 23 = wetStar: Fluorescence, WET Labs WETstar [mg/m^3]
# name 24 = CStarAt0: Beam Attenuation, WET Labs C-Star [1/m]
# name 25 = CStarTr0: Beam Transmission, WET Labs C-Star [%]
# name 26 = flag: flag
# span 0 =        124,        786       
# span 1 =  39.486492,  39.488407       
# span 2 =    0.00857,    0.05453       
# span 3 =     0.5146,     3.2719       
# span 4 =     30.873,    196.315       
# span 5 =      1.002,    103.968       
# span 6 =  50341.440,  50503.132       
# span 7 =    31.5066,    31.5803       
# span 8 =     6.2540,     6.3035       
# span 9 =      1.000,    103.000       
# span 10 =     6.2573,     6.2953      
# span 11 =    24.7625,    24.8162      
# span 12 =     6.5017,     6.6187      
# span 13 =     9.2916,     9.4588      
# span 14 =     92.615,     94.166      
# span 15 =    283.335,    288.450      
# span 16 =    290.366,    295.593      
# span 17 =   -0.00098,    0.01884      
# span 18 =    7.01726,    7.02880      
# span 19 =   10.02837,   10.04487      
# span 20 =  305.80247,  306.32123      
# span 21 =   15.75638,   15.78139      
# span 22 = 3.6170e-02, 7.2726e+01      
# span 23 =     0.4420,     0.5150      
# span 24 =     0.2489,     2.0981      
# span 25 =    66.5717,    93.9688      
# span 26 = 0.0000e+00, 0.0000e+00      
# interval = meters: 1                  
# start_time = Feb 08 2019 11:40:02 [Instrument's time stamp, header]
# bad_flag = -9.990e-29
*END*
[from data line 54]
        534  39.487677    0.03702     2.2213    133.280     55.528  50465.096    31.5724     6.2849     55.000     6.2804    24.8111     6.5166     9.3129     92.821    283.987    291.033   -0.00051    7.02067   10.03323  305.95185   15.76352 2.0069e-01     0.4590     0.2513    93.9106 0.0000e+00
        541  39.487696    0.03747     2.2480    134.881     56.544  50465.181    31.5721     6.2855     56.000     6.2807    24.8109     6.5151     9.3106     92.799    283.917    290.961   -0.00051    7.02057   10.03311  305.94811   15.76335 1.8196e-01     0.4552     0.2522    93.8898 0.0000e+00
        545  39.487707    0.03775     2.2649    135.894     57.536  50466.756    31.5727     6.2853     57.000     6.2809    24.8114     6.5143     9.3095     92.788    283.885    290.928   -0.00055    7.02058   10.03311  305.94800   15.76334 1.6667e-01     0.4678     0.2544    93.8390 0.0000e+00
        550  39.487723    0.03813     2.2881    137.289     58.561  50466.302    31.5720     6.2859     58.000     6.2809    24.8107     6.5200     9.3177     92.870    284.132    291.181    0.00003    7.02052   10.03302  305.94550   15.76322 1.5273e-01     0.4615     0.2519    93.8953 0.0000e+00
        555  39.487736    0.03845     2.3072    138.430     59.556  50466.967    31.5718     6.2850     59.000     6.2798    24.8107     6.5171     9.3135     92.826    284.005    291.051   -0.00025    7.02068   10.03327  305.95288   15.76358 1.4072e-01     0.4587     0.2532    93.8655 0.0000e+00
        560  39.487751    0.03879     2.3276    139.659     60.578  50467.840    31.5720     6.2847     60.000     6.2795    24.8109     6.5180     9.3149     92.840    284.047    291.095   -0.00024    7.02071   10.03329  305.95380   15.76362 1.2799e-01     0.4608     0.2525    93.8821 0.0000e+00
        564  39.487764    0.03912     2.3471    140.828     61.579  50468.993    31.5721     6.2841     61.000     6.2792    24.8111     6.5202     9.3180     92.870    284.142    291.192   -0.00005    7.02081   10.03344  305.95837   15.76384 1.1766e-01     0.4561     0.2530    93.8710 0.0000e+00
        570  39.487780    0.03949     2.3695    142.172     62.598  50469.411    31.5720     6.2843     62.000     6.2792    24.8109     6.5209     9.3191     92.881    284.175    291.225   -0.00003    7.02078   10.03339  305.95675   15.76376 1.0810e-01     0.4678     0.2500    93.9418 0.0000e+00
        575  39.487794    0.03983     2.3899    143.392     63.595  50470.333    31.5722     6.2846     63.000     6.2794    24.8111     6.5201     9.3179     92.870    284.139    291.188   -0.00014    7.02073   10.03332  305.95453   15.76365 1.0015e-01     0.4651     0.2511    93.9150 0.0000e+00
        581  39.487812    0.04028     2.4164    144.987     64.635  50470.851    31.5721     6.2846     64.000     6.2795    24.8110     6.5157     9.3116     92.806    283.945    290.990   -0.00053    7.02073   10.03332  305.95479   15.76367 9.2329e-02     0.4612     0.2512    93.9120 0.0000e+00
        586  39.487827    0.04062     2.4370    146.217     65.621  50471.781    31.5723     6.2851     65.000     6.2799    24.8112     6.5137     9.3087     92.779    283.859    290.901   -0.00058    7.02063   10.03318  305.95039   15.76346 8.6343e-02     0.4611     0.2524    93.8849 0.0000e+00
        592  39.487844    0.04104     2.4627    147.761     66.646  50472.401    31.5724     6.2857     66.000     6.2803    24.8111     6.5077     9.3002     92.696    283.597    290.634   -0.00087    7.02053   10.03304  305.94586   15.76325 8.0417e-02     0.4575     0.2542    93.8429 0.0000e+00
        596  39.487855    0.04130     2.4778    148.667     67.631  50472.957    31.5724     6.2860     67.000     6.2803    24.8111     6.5088     9.3017     92.711    283.644    290.682   -0.00071    7.02049   10.03298  305.94417   15.76316 7.5481e-02     0.4675     0.2547    93.8315 0.0000e+00
        601  39.487871    0.04168     2.5008    150.047     68.655  50473.551    31.5722     6.2853     68.000     6.2797    24.8110     6.5156     9.3115     92.807    283.944    290.989    0.00006    7.02061   10.03316  305.94970   15.76342 7.0741e-02     0.4658     0.2525    93.8832 0.0000e+00
        608  39.487891    0.04215     2.5291    151.747     69.676  50474.272    31.5722     6.2853     69.000     6.2796    24.8111     6.5188     9.3160     92.852    284.080    291.128    0.00021    7.02060   10.03314  305.94922   15.76340 6.6165e-02     0.4547     0.2518    93.8997 0.0000e+00
        612  39.487904    0.04246     2.5478    152.869     70.665  50474.835    31.5721     6.2853     70.000     6.2795    24.8110     6.5175     9.3142     92.834    284.027    291.074    0.00001    7.02061   10.03316  305.94967   15.76342 6.3057e-02     0.4582     0.2570    93.7763 0.0000e+00
        618  39.487920    0.04285     2.5711    154.265     71.683  50475.927    31.5725     6.2856     71.000     6.2797    24.8113     6.5130     9.3078     92.771    283.830    290.872   -0.00040    7.02055   10.03306  305.94676   15.76328 5.9783e-02     0.4540     0.2520    93.8949 0.0000e+00
        624  39.487937    0.04325     2.5954    155.727     72.709  50476.329    31.5723     6.2855     72.000     6.2794    24.8111     6.5118     9.3060     92.753    283.776    290.817   -0.00055    7.02057   10.03310  305.94794   15.76334 5.6913e-02     0.4544     0.2511    93.9138 0.0000e+00
        627  39.487946    0.04347     2.6084    156.503     73.691  50477.030    31.5723     6.2854     73.000     6.2794    24.8111     6.5166     9.3128     92.821    283.982    291.028    0.00006    7.02058   10.03312  305.94845   15.76337 5.5206e-02     0.4627     0.2536    93.8578 0.0000e+00
        632  39.487959    0.04379     2.6274    157.645     74.712  50479.656    31.5737     6.2860     74.000     6.2804    24.8123     6.5107     9.3045     92.739    283.729    290.768   -0.00054    7.02042   10.03288  305.94079   15.76299 5.2521e-02     0.4520     0.2527    93.8794 0.0000e+00
        636  39.487973    0.04412     2.6473    158.838     75.710  50478.129    31.5723     6.2868     75.000     6.2804    24.8111     6.5127     9.3073     92.769    283.816    290.858   -0.00028    7.02036   10.03280  305.93867   15.76290 5.0647e-02     0.4503     0.2530    93.8719 0.0000e+00
        645  39.487997    0.04470     2.6820    160.919     76.747  50480.315    31.5733     6.2866     76.000     6.2803    24.8119     6.5166     9.3129     92.824    283.985    291.031    0.00004    7.02033   10.03275  305.93715   15.76282 4.8689e-02     0.4546     0.2514    93.9094 0.0000e+00
        650  39.488011    0.04504     2.7024    162.143     77.743  50479.499    31.5723     6.2864     77.000     6.2803    24.8111     6.5123     9.3067     92.762    283.798    290.840   -0.00035    7.02041   10.03287  305.94086   15.76300 4.7113e-02     0.4513     0.2525    93.8835 0.0000e+00
        654  39.488024    0.04535     2.7210    163.263     78.769  50486.360    31.5768     6.2877     78.000     6.2833    24.8145     6.5132     9.3081     92.781    283.838    290.882   -0.00023    7.02000   10.03227  305.92166   15.76207 4.6391e-02     0.4509     0.2550    93.8232 0.0000e+00
        656  39.488030    0.04551     2.7305    163.830     79.734  50486.934    31.5772     6.2900     79.000     6.2850    24.8145     6.5104     9.3040     92.746    283.715    290.755   -0.00042    7.01962   10.03173  305.90505   15.76128 4.5225e-02     0.4540     0.2593    93.7231 0.0000e+00
        663  39.488051    0.04599     2.7596    165.576     80.767  50482.003    31.5734     6.2909     80.000     6.2835    24.8115     6.5109     9.3047     92.752    283.735    290.775   -0.00034    7.01963   10.03176  305.90693   15.76138 4.3812e-02     0.4533     0.2533    93.8650 0.0000e+00
        672  39.488077    0.04663     2.7978    167.866     81.806  50481.920    31.5724     6.2886     81.000     6.2812    24.8110     6.5023     9.2924     92.625    283.363    290.393   -0.00085    7.02005   10.03234  305.92485   15.76224 4.2256e-02     0.4549     0.2535    93.8581 0.0000e+00
        675  39.488084    0.04682     2.8088    168.528     82.765  50485.355    31.5741     6.2877     82.000     6.2823    24.8124     6.5017     9.2916     92.615    283.335    290.366   -0.00098    7.02012   10.03245  305.92760   15.76236 4.2412e-02     0.4475     0.2582    93.7494 0.0000e+00
        680  39.488098    0.04712     2.8277    169.661     83.802  50490.343    31.5781     6.2924     83.000     6.2877    24.8150     6.5215     9.3199     92.910    284.198    291.251    0.00079    7.01917   10.03110  305.88565   15.76035 4.1104e-02     0.4556     0.2560    93.8002 0.0000e+00
        685  39.488113    0.04750     2.8500    171.003     84.803  50488.961    31.5773     6.2959     84.000     6.2896    24.8139     6.5208     9.3190     92.908    284.170    291.221    0.00055    7.01863   10.03032  305.86243   15.75925 4.0524e-02     0.4578     0.2526    93.8803 0.0000e+00
        693  39.488136    0.04804     2.8824    172.943     85.835  50487.046    31.5757     6.2970     85.000     6.2891    24.8125     6.5082     9.3008     92.729    283.618    290.655   -0.00073    7.01852   10.03016  305.85805   15.75904 3.9734e-02     0.4567     0.2494    93.9568 0.0000e+00
        696  39.488146    0.04829     2.8975    173.850     86.830  50488.411    31.5759     6.2956     86.000     6.2883    24.8129     6.5061     9.2978     92.695    283.525    290.561   -0.00088    7.01875   10.03048  305.86768   15.75950 3.9332e-02     0.4476     0.2528    93.8763 0.0000e+00
        700  39.488157    0.04854     2.9124    174.747     87.837  50490.031    31.5765     6.2956     87.000     6.2887    24.8135     6.5080     9.3006     92.723    283.610    290.648   -0.00055    7.01872   10.03045  305.86630   15.75943 3.8992e-02     0.4552     0.2534    93.8632 0.0000e+00
        706  39.488175    0.04897     2.9379    176.271     88.844  50490.749    31.5768     6.2967     88.000     6.2891    24.8135     6.5104     9.3041     92.760    283.714    290.754   -0.00027    7.01852   10.03017  305.85774   15.75903 3.8440e-02     0.4482     0.2519    93.8961 0.0000e+00
        713  39.488196    0.04947     2.9685    178.111     89.857  50484.490    31.5712     6.2924     89.000     6.2827    24.8096     6.5086     9.3015     92.722    283.638    290.675   -0.00040    7.01950   10.03156  305.90144   15.76113 3.7979e-02     0.4527     0.2527    93.8787 0.0000e+00
        719  39.488212    0.04985     2.9912    179.474     90.899  50490.131    31.5737     6.2879     90.000     6.2805    24.8122     6.5073     9.2996     92.695    283.579    290.615   -0.00048    7.02011   10.03245  305.92773   15.76237 3.7664e-02     0.4525     0.2522    93.8878 0.0000e+00
        721  39.488218    0.05002     3.0012    180.070     91.863  50491.700    31.5744     6.2881     91.000     6.2819    24.8127     6.5086     9.3015     92.715    283.638    290.676   -0.00043    7.02005   10.03235  305.92443   15.76222 3.7756e-02     0.4512     0.2565    93.7877 0.0000e+00
        726  39.488231    0.05032     3.0193    181.155     92.882  50498.669    31.5797     6.2932     92.000     6.2883    24.8162     6.5110     9.3049     92.763    283.741    290.782   -0.00008    7.01897   10.03081  305.87657   15.75991 3.7091e-02     0.4579     0.2537    93.8563 0.0000e+00
        733  39.488251    0.05081     3.0484    182.903     93.905  50495.842    31.5786     6.3003     93.000     6.2931    24.8145     6.5122     9.3066     92.795    283.794    290.836    0.00010    7.01784   10.02920  305.82780   15.75759 3.6784e-02     0.4561     0.2499    93.9435 0.0000e+00
        738  39.488267    0.05119     3.0714    184.285     94.907  50495.399    31.5778     6.3002     94.000     6.2924    24.8139     6.5068     9.2989     92.717    283.558    290.594   -0.00041    7.01790   10.02928  305.83044   15.75772 3.6571e-02     0.4567     0.2515    93.9056 0.0000e+00
        744  39.488285    0.05162     3.0969    185.812     95.939  50496.368    31.5779     6.3001     95.000     6.2920    24.8140     6.5063     9.2982     92.710    283.538    290.574   -0.00040    7.01791   10.02931  305.83128   15.75776 3.6307e-02     0.4602     0.2518    93.8991 0.0000e+00
        747  39.488294    0.05182     3.1095    186.567     96.908  50497.783    31.5785     6.3000     96.000     6.2922    24.8145     6.5083     9.3009     92.738    283.621    290.658   -0.00026    7.01790   10.02928  305.83056   15.75772 3.6411e-02     0.4485     0.2538    93.8522 0.0000e+00
        755  39.488316    0.05237     3.1423    188.537     97.944  50498.298    31.5785     6.3006     97.000     6.2925    24.8144     6.5099     9.3032     92.762    283.691    290.730   -0.00008    7.01781   10.02915  305.82652   15.75753 3.6184e-02     0.4573     0.2489    93.9688 0.0000e+00
        761  39.488333    0.05277     3.1660    189.961     98.947  50496.355    31.5764     6.2996     98.000     6.2906    24.8130     6.5046     9.2957     92.683    283.460    290.494   -0.00061    7.01806   10.02951  305.83786   15.75808 3.6170e-02     0.4533     0.2515    93.9047 0.0000e+00
        766  39.488347    0.05310     3.1862    191.171     99.980  50499.483    31.5778     6.2981     99.000     6.2906    24.8143     6.5029     9.2934     92.658    283.389    290.421   -0.00053    7.01825   10.02977  305.84552   15.75845 3.6170e-02     0.4628     0.2497    93.9484 0.0000e+00
        769  39.488356    0.05332     3.1992    191.953    100.953  50503.132    31.5803     6.3001    100.000     6.2929    24.8160     6.5035     9.2941     92.671    283.412    290.444   -0.00059    7.01781   10.02915  305.82589   15.75749 3.6172e-02     0.4561     0.2527    93.8794 0.0000e+00
        775  39.488373    0.05374     3.2243    193.456    101.980  50501.489    31.5791     6.3025    101.000     6.2944    24.8148     6.5080     9.3006     92.740    283.609    290.647    0.00008    7.01746   10.02865  305.81099   15.75679 3.6170e-02     0.4636     0.2498    93.9464 0.0000e+00
        782  39.488393    0.05421     3.2526    195.155    102.996  50503.030    31.5800     6.3035    102.000     6.2953    24.8152     6.5084     9.3012     92.749    283.627    290.666   -0.00004    7.01726   10.02837  305.80247   15.75638 3.6170e-02     0.4555     0.2502    93.9373 0.0000e+00
        786  39.488407    0.05453     3.2719    196.315    103.968  50499.927    31.5773     6.3035    103.000     6.2946    24.8132     6.5074     9.2997     92.732    283.583    290.620   -0.00014    7.01739   10.02854  305.80830   15.75667 3.6177e-02     0.4598     0.2535    93.8593 0.0000e+00
