CTD-processing/allCTD/CNV/2019_04-24_t9_s01_cast132_4141.cnv
* Sea-Bird SBE19plus Data File:
* FileName = C:\Users\kbnerr\Documents\SeaBird Files\04_29_2019_T9_S_cast132.hex
* Software Version 1.59
* Temperature SN =  4141
* Conductivity SN =  4141
* System UpLoad Time = Apr 29 2019 11:54:15
** Kachemak Bay - Transect 9
** 04_24_2019
** Station01
** N'
** W'
** Start Time
** Depth65
# nquan = 27
# nvalues = 63                          
# units = specified
# name 0 = scan: Scan Count
# name 1 = timeJ: Julian Days
# name 2 = timeH: Time, Elapsed [hours]
# name 3 = timeM: Time, Elapsed [minutes]
# name 4 = timeS: Time, Elapsed [seconds]
# name 5 = prdM: Pressure, Strain Gauge [db]
# name 6 = specc: Specific Conductance [uS/cm]
# name 7 = sal00: Salinity, Practical [PSU]
# name 8 = tv290C: Temperature [ITS-90, deg C]
# name 9 = depSM: Depth [salt water, m], lat = 59.00
# name 10 = potemp090C: Potential Temperature [ITS-90, deg C]
# name 11 = sigma-é00: Density [sigma-theta, kg/m^3]
# name 12 = sbeox0ML/L: Oxygen, SBE 43 [ml/l]
# name 13 = sbeox0Mg/L: Oxygen, SBE 43 [mg/l]
# name 14 = sbeox0PS: Oxygen, SBE 43 [% saturation]
# name 15 = sbox0Mm/Kg: Oxygen, SBE 43 [umol/kg]
# name 16 = sbeox0Mm/L: Oxygen, SBE 43 [umol/l]
# name 17 = sbox0dV/dT: Oxygen, SBE 43 [dov/dt]
# name 18 = oxsolML/L: Oxygen Saturation, Garcia & Gordon [ml/l]
# name 19 = oxsolMg/L: Oxygen Saturation, Garcia & Gordon [mg/l]
# name 20 = oxsolMm/Kg: Oxygen Saturation, Garcia & Gordon [umol/kg]
# name 21 = n2satMg/L: Nitrogen Saturation [mg/l]
# name 22 = par: PAR/Irradiance, Biospherical/Licor
# name 23 = wetStar: Fluorescence, WET Labs WETstar [mg/m^3]
# name 24 = CStarAt0: Beam Attenuation, WET Labs C-Star [1/m]
# name 25 = CStarTr0: Beam Transmission, WET Labs C-Star [%]
# name 26 = flag: flag
# span 0 =        164,        597       
# span 1 = 114.568515, 114.569769       
# span 2 =    0.01129,    0.04138       
# span 3 =     0.6776,     2.4829       
# span 4 =     40.654,    148.977       
# span 5 =      1.003,     63.602       
# span 6 =  50450.626,  50819.911       
# span 7 =    31.5224,    31.8109       
# span 8 =     5.6846,     6.2629       
# span 9 =      1.000,     63.000       
# span 10 =     5.8297,     6.2577      
# span 11 =    24.8122,    25.0025      
# span 12 =     6.6533,     6.9751      
# span 13 =     9.5082,     9.9680      
# span 14 =     94.810,     98.190      
# span 15 =    289.891,    303.924      
# span 16 =    297.136,    311.507      
# span 17 =   -0.00561,    0.00455      
# span 18 =    7.01330,    7.11659      
# span 19 =   10.02271,   10.17032      
# span 20 =  305.57467,  310.08963      
# span 21 =   15.74458,   15.96030      
# span 22 = 3.6170e-02, 1.3051e+02      
# span 23 =     0.6359,     1.2563      
# span 24 =     0.9199,     6.6565      
# span 25 =    47.8342,    79.4539      
# span 26 = 0.0000e+00, 0.0000e+00      
# interval = meters: 1                  
# start_time = Apr 24 2019 13:37:59 [Instrument's time stamp, header]
# bad_flag = -9.990e-29
*END*
[from data line 54]
        557 114.569653    0.03860     2.3161    138.964     55.525  50797.805    31.7957     6.2471     55.000     6.2438    24.9919     6.6624     9.5212     94.953    290.288    297.542    0.00003    7.01648   10.02726  305.71588   15.75137 3.6170e-02     0.6769     0.9317    79.2223 0.0000e+00
        562 114.569667    0.03896     2.3375    140.248     56.537  50803.263    31.7997     6.2508     56.000     6.2475    24.9947     6.6750     9.5393     95.144    290.837    298.106    0.00105    7.01571   10.02614  305.68101   15.74969 3.6170e-02     0.6359     0.9487    78.8861 0.0000e+00
        567 114.569681    0.03928     2.3569    141.413     57.542  50805.365    31.8011     6.2532     57.000     6.2489    24.9955     6.6729     9.5362     95.120    290.745    298.012    0.00060    7.01524   10.02549  305.66066   15.74871 3.6170e-02     0.7607     0.9994    77.8936 0.0000e+00
        572 114.569696    0.03965     2.3795    142.768     58.566  50807.595    31.8024     6.2543     58.000     6.2499    24.9964     6.6712     9.5337     95.098    290.668    297.934    0.00018    7.01499   10.02513  305.64969   15.74818 3.6170e-02     0.8167     1.0377    77.1498 0.0000e+00
        577 114.569709    0.03997     2.3980    143.881     59.560  50808.883    31.8031     6.2553     59.000     6.2511    24.9968     6.6688     9.5304     95.067    290.565    297.828   -0.00011    7.01481   10.02486  305.64129   15.74778 3.6170e-02     0.7543     1.0615    76.6928 0.0000e+00
        582 114.569724    0.04034     2.4201    145.208     60.580  50819.911    31.8109     6.2587     60.000     6.2558    25.0025     6.6646     9.5244     95.020    290.382    297.641   -0.00036    7.01389   10.02355  305.59963   15.74577 3.6170e-02     0.7773     0.9868    78.1362 0.0000e+00
        586 114.569738    0.04066     2.4394    146.364     61.585  50817.336    31.8093     6.2623     61.000     6.2577    25.0008     6.6587     9.5159     94.943    290.123    297.377   -0.00084    7.01337   10.02280  305.57731   15.74470 3.6170e-02     0.6865     0.9199    79.4539 0.0000e+00
        591 114.569752    0.04100     2.4598    147.590     62.591  50816.809    31.8085     6.2629     62.000     6.2577    25.0002     6.6657     9.5260     95.044    290.430    297.691   -0.00008    7.01330   10.02271  305.57467   15.74458 3.6170e-02     0.7143     0.9302    79.2508 0.0000e+00
        597 114.569769    0.04138     2.4829    148.977     63.602  50817.710    31.8087     6.2627     63.000     6.2575    25.0003     6.6704     9.5327     95.111    290.635    297.901    0.00024    7.01332   10.02274  305.57550   15.74462 3.6170e-02     0.7799     0.9341    79.1759 0.0000e+00
