CTD-processing/allCTD/CNV/2019_04-24_alongbay_s10_cast123_4141.cnv
* Sea-Bird SBE19plus Data File:
* FileName = C:\Users\kbnerr\Documents\SeaBird Files\04_24_2019_AlongBay\04_24_2019_AlongBay_STATION_cast123.hex
* Software Version 1.59
* Temperature SN =  4141
* Conductivity SN =  4141
* System UpLoad Time = Apr 29 2019 11:38:42
** Kachemak Bay - Along Bay
** 04_24_2019
** Station10
** N'
** W'
** Start Time
** Depth61
# nquan = 27
# nvalues = 59                          
# units = specified
# name 0 = scan: Scan Count
# name 1 = timeJ: Julian Days
# name 2 = timeH: Time, Elapsed [hours]
# name 3 = timeM: Time, Elapsed [minutes]
# name 4 = timeS: Time, Elapsed [seconds]
# name 5 = prdM: Pressure, Strain Gauge [db]
# name 6 = specc: Specific Conductance [uS/cm]
# name 7 = sal00: Salinity, Practical [PSU]
# name 8 = tv290C: Temperature [ITS-90, deg C]
# name 9 = depSM: Depth [salt water, m], lat = 59.00
# name 10 = potemp090C: Potential Temperature [ITS-90, deg C]
# name 11 = sigma-é00: Density [sigma-theta, kg/m^3]
# name 12 = sbeox0ML/L: Oxygen, SBE 43 [ml/l]
# name 13 = sbeox0Mg/L: Oxygen, SBE 43 [mg/l]
# name 14 = sbeox0PS: Oxygen, SBE 43 [% saturation]
# name 15 = sbox0Mm/Kg: Oxygen, SBE 43 [umol/kg]
# name 16 = sbeox0Mm/L: Oxygen, SBE 43 [umol/l]
# name 17 = sbox0dV/dT: Oxygen, SBE 43 [dov/dt]
# name 18 = oxsolML/L: Oxygen Saturation, Garcia & Gordon [ml/l]
# name 19 = oxsolMg/L: Oxygen Saturation, Garcia & Gordon [mg/l]
# name 20 = oxsolMm/Kg: Oxygen Saturation, Garcia & Gordon [umol/kg]
# name 21 = n2satMg/L: Nitrogen Saturation [mg/l]
# name 22 = par: PAR/Irradiance, Biospherical/Licor
# name 23 = wetStar: Fluorescence, WET Labs WETstar [mg/m^3]
# name 24 = CStarAt0: Beam Attenuation, WET Labs C-Star [1/m]
# name 25 = CStarTr0: Beam Transmission, WET Labs C-Star [%]
# name 26 = flag: flag
# span 0 =        263,        566       
# span 1 = 114.438293, 114.439169       
# span 2 =    0.01818,    0.03922       
# span 3 =     1.0911,     2.3532       
# span 4 =     65.467,    141.192       
# span 5 =      1.019,     59.564       
# span 6 =  49532.575,  50595.034       
# span 7 =    30.7865,    31.5926       
# span 8 =     5.4205,     5.9350       
# span 9 =      1.000,     59.000       
# span 10 =     5.4221,     5.9308      
# span 11 =    24.2907,    24.8694      
# span 12 =     6.6081,     7.4800      
# span 13 =     9.4437,    10.6897      
# span 14 =     93.364,    103.850      
# span 15 =    287.956,    326.134      
# span 16 =    295.118,    334.057      
# span 17 =   -0.00636,    0.07824      
# span 18 =    7.07768,    7.20270      
# span 19 =   10.11472,   10.29337      
# span 20 =  308.41973,  314.04331      
# span 21 =   15.88105,   16.15216      
# span 22 = 3.6170e-02, 6.8464e+01      
# span 23 =     0.6073,     2.3424      
# span 24 =     0.8943,     1.5523      
# span 25 =    67.8298,    79.9648      
# span 26 = 0.0000e+00, 0.0000e+00      
# interval = meters: 1                  
# start_time = Apr 24 2019 10:30:03 [Instrument's time stamp, header]
# bad_flag = -9.990e-29
*END*
        263 114.438293    0.01818     1.0911     65.467      1.019  49535.765    30.7887     5.4205      1.000     5.4221    24.2927     7.4800    10.6897    103.850    326.134    334.057    0.07824    7.20270   10.29337  314.04331   16.15216 6.8464e+01     0.6405     1.2117    73.8642 0.0000e+00
        268 114.438308    0.01857     1.1141     66.847      2.019  49532.575    30.7865     5.4230      2.000     5.4226    24.2907     7.3765    10.5418    102.418    321.623    329.435    0.04539    7.20238   10.29292  314.03033   16.15155 4.8359e+01     0.6073     1.2234    73.6503 0.0000e+00
        274 114.438324    0.01895     1.1369     68.216      3.029  49576.144    30.8164     5.4250      3.000     5.4372    24.3140     7.3067    10.4420    101.473    318.570    326.317    0.02523    7.20061   10.29039  313.94598   16.14741 4.2713e+01     0.7090     1.2151    73.8027 0.0000e+00
        279 114.438340    0.01933     1.1596     69.573      4.037  49749.606    30.9482     5.4906      4.000     5.5263    24.4110     7.2643    10.3814    101.131    316.694    324.425    0.01525    7.18306   10.26531  313.15118   16.10902 4.1829e+01     0.8146     1.2315    73.5016 0.0000e+00
        285 114.438356    0.01971     1.1828     70.967      5.049  49755.612    30.9681     5.5718      5.000     5.5782    24.4176     7.2627    10.3792    101.318    316.624    324.355    0.01129    7.16828   10.24419  312.50485   16.07817 3.8839e+01     1.0801     1.2166    73.7749 0.0000e+00
        290 114.438371    0.02008     1.2047     72.281      6.055  49773.740    30.9831     5.5869      6.000     5.5965    24.4277     7.2437    10.3519    101.097    315.786    323.500    0.00659    7.16501   10.23950  312.35885   16.07115 3.2569e+01     1.5664     1.2185    73.7398 0.0000e+00
        295 114.438387    0.02045     1.2270     73.622      7.069  49833.029    31.0300     5.6201      7.000     5.6400    24.4611     7.2130    10.3081    100.780    314.439    322.130    0.00249    7.15711   10.22823  312.00461   16.05410 2.5355e+01     1.7724     1.2136    73.8304 0.0000e+00
        301 114.438402    0.02081     1.2488     74.926      8.075  49915.286    31.0986     5.6830      8.000     5.7077    24.5081     7.2139    10.3094    100.990    314.465    322.172    0.00278    7.14321   10.20836  311.38436   16.02428 1.9267e+01     2.0306     1.1806    74.4425 0.0000e+00
        306 114.438417    0.02118     1.2710     76.261      9.085  49997.736    31.1674     5.7459      9.000     5.7578    24.5552     7.2008    10.2907    101.003    313.882    321.590    0.00214    7.12934   10.18854  310.76540   15.99451 1.4516e+01     2.3424     1.1245    75.4945 0.0000e+00
        312 114.438433    0.02157     1.2938     77.630     10.095  50046.583    31.2060     5.7733     10.000     5.7813    24.5825     7.1606    10.2333    100.530    312.121    319.794   -0.00113    7.12288   10.17932  310.47576   15.98056 1.0946e+01     1.9664     1.0764    76.4085 0.0000e+00
        317 114.438449    0.02194     1.3163     78.978     11.103  50083.340    31.2349     5.7944     11.000     5.7985    24.6029     7.1119    10.1636     99.915    309.991    317.617   -0.00429    7.11796   10.17227  310.25476   15.96992 8.2429e+00     2.0150     1.0143    77.6033 0.0000e+00
        323 114.438465    0.02233     1.3401     80.405     12.115  50114.350    31.2582     5.8066     12.000     5.8095    24.6200     7.0825    10.1216     99.546    308.704    316.304   -0.00502    7.11482   10.16778  310.11263   15.96305 6.2661e+00     1.9293     0.9751    78.3677 0.0000e+00
        328 114.438482    0.02272     1.3633     81.796     13.123  50144.186    31.2802     5.8159     13.000     5.8173    24.6362     7.0715    10.1059     99.427    308.219    315.812   -0.00408    7.11221   10.16406  309.99431   15.95733 4.7803e+00     1.7377     0.9830    78.2130 0.0000e+00
        334 114.438497    0.02311     1.3864     83.184     14.132  50180.500    31.3063     5.8239     14.000     5.8271    24.6560     7.0602    10.0897     99.304    307.720    315.308   -0.00345    7.10964   10.16040  309.87650   15.95161 3.6040e+00     1.5350     0.9863    78.1465 0.0000e+00
        339 114.438514    0.02349     1.4093     84.558     15.142  50244.901    31.3535     5.8400     15.000     5.8446    24.6913     7.0417    10.0634     99.114    306.906    314.484   -0.00342    7.10470   10.15333  309.65036   15.94064 2.7322e+00     1.8247     0.9607    78.6493 0.0000e+00
        345 114.438529    0.02387     1.4320     85.922     16.151  50249.845    31.3585     5.8509     16.000     5.8518    24.6940     7.0188    10.0306     98.819    305.906    313.460   -0.00391    7.10265   10.15039  309.55981   15.93631 2.0833e+00     1.6975     0.9399    79.0593 0.0000e+00
        350 114.438545    0.02426     1.4553     87.320     17.162  50290.222    31.3878     5.8607     17.000     5.8648    24.7161     6.9889     9.9879     98.441    304.597    312.125   -0.00486    7.09961   10.14606  309.42097   15.92957 1.5988e+00     1.5511     0.9461    78.9355 0.0000e+00
        356 114.438562    0.02464     1.4785     88.713     18.170  50319.124    31.4096     5.8724     18.000     5.8717    24.7318     6.9801     9.9753     98.358    304.208    311.732   -0.00376    7.09664   10.14181  309.28659   15.92308 1.2248e+00     1.8205     0.9319    79.2173 0.0000e+00
        362 114.438578    0.02504     1.5022     90.131     19.181  50344.779    31.4271     5.8737     19.000     5.8724    24.7455     6.9725     9.9644     98.265    303.874    311.393   -0.00303    7.09560   10.14032  309.23733   15.92066 9.4284e-01     1.5663     0.9073    79.7068 0.0000e+00
        367 114.438594    0.02543     1.5257     91.540     20.189  50356.540    31.4348     5.8743     20.000     5.8727    24.7516     6.9562     9.9412     98.042    303.163    310.666   -0.00337    7.09513   10.13966  309.21513   15.91957 7.3363e-01     1.7826     0.9028    79.7969 0.0000e+00
        373 114.438611    0.02582     1.5495     92.969     21.199  50366.995    31.4416     5.8743     21.000     5.8728    24.7570     6.9522     9.9353     97.989    302.983    310.483   -0.00251    7.09481   10.13920  309.19955   15.91881 5.7031e-01     1.7237     0.8981    79.8899 0.0000e+00
        379 114.438627    0.02622     1.5732     94.394     22.209  50377.909    31.4488     5.8750     22.000     5.8740    24.7625     6.9230     9.8937     97.585    301.712    309.183   -0.00387    7.09435   10.13853  309.17754   15.91773 4.4365e-01     1.6365     0.9067    79.7196 0.0000e+00
        384 114.438644    0.02662     1.5971     95.827     23.219  50411.401    31.4724     5.8801     23.000     5.8812    24.7806     6.8841     9.8380     97.063    300.009    307.443   -0.00558    7.09240   10.13574  309.08705   15.91332 3.4661e-01     1.6768     0.9017    79.8174 0.0000e+00
        390 114.438660    0.02701     1.6209     97.256     24.228  50448.304    31.4991     5.8886     24.000     5.8896    24.8007     6.8675     9.8143     96.865    299.279    306.701   -0.00483    7.08971   10.13190  308.96370   15.90734 2.7202e-01     1.3845     0.8943    79.9648 0.0000e+00
        396 114.438677    0.02741     1.6444     98.663     25.238  50465.228    31.5116     5.8950     25.000     5.8941    24.8098     6.8586     9.8016     96.762    298.889    306.304   -0.00385    7.08806   10.12955  308.88919   15.90374 2.1391e-01     1.3947     0.9051    79.7501 0.0000e+00
        401 114.438693    0.02780     1.6679    100.073     26.247  50474.246    31.5178     5.8976     26.000     5.8960    24.8145     6.8184     9.7442     96.206    297.138    304.512   -0.00561    7.08733   10.12849  308.85587   15.90212 1.7016e-01     1.2501     0.9087    79.6784 0.0000e+00
        407 114.438709    0.02819     1.6912    101.470     27.256  50479.774    31.5214     5.8984     27.000     5.8960    24.8171     6.7969     9.7134     95.906    296.198    303.548   -0.00555    7.08704   10.12809  308.84248   15.90147 1.3576e-01     1.2824     0.9235    79.3840 0.0000e+00
        412 114.438725    0.02857     1.7143    102.859     28.265  50486.478    31.5253     5.8975     28.000     5.8952    24.8204     6.7944     9.7100     95.872    296.092    303.441   -0.00397    7.08700   10.12802  308.83973   15.90132 1.0978e-01     1.2210     0.9421    79.0161 0.0000e+00
        418 114.438742    0.02897     1.7381    104.287     29.278  50496.256    31.5318     5.8985     29.000     5.8970    24.8254     6.7774     9.6857     95.638    295.348    302.680   -0.00392    7.08652   10.12735  308.81758   15.90025 8.9752e-02     1.2861     0.9481    78.8962 0.0000e+00
        424 114.438758    0.02936     1.7614    105.684     30.284  50494.782    31.5306     5.9003     30.000     5.8980    24.8242     6.7628     9.6648     95.435    294.712    302.028   -0.00386    7.08628   10.12700  308.80732   15.89976 7.4817e-02     1.2203     0.9406    79.0452 0.0000e+00
        429 114.438774    0.02975     1.7850    107.100     31.293  50503.005    31.5362     5.9022     31.000     5.9011    24.8285     6.7683     9.6726     95.521    294.951    302.274   -0.00222    7.08569   10.12616  308.78031   15.89845 6.4265e-02     1.2463     0.9344    79.1676 0.0000e+00
        435 114.438791    0.03016     1.8095    108.569     32.308  50504.237    31.5371     5.9045     32.000     5.9013    24.8289     6.7767     9.6844     95.644    295.311    302.643   -0.00079    7.08527   10.12556  308.76206   15.89757 5.6089e-02     1.3095     0.9288    79.2791 0.0000e+00
        441 114.438807    0.03054     1.8321    109.926     33.313  50505.328    31.5366     5.9008     33.000     5.8962    24.8289     6.7846     9.6959     95.748    295.659    303.000   -0.00000    7.08591   10.12646  308.78957   15.89889 5.0191e-02     1.2857     0.9642    78.5806 0.0000e+00
        446 114.438822    0.03089     1.8537    111.221     34.328  50509.566    31.5379     5.8952     34.000     5.8893    24.8306     6.7713     9.6769     95.549    295.081    302.408   -0.00109    7.08677   10.12770  308.82679   15.90065 4.5625e-02     1.3590     1.0231    77.4331 0.0000e+00
        450 114.438834    0.03119     1.8713    112.277     35.333  50530.661    31.5509     5.8895     35.000     5.8858    24.8416     6.7440     9.6377     95.158    293.884    301.184   -0.00307    7.08712   10.12820  308.83873   15.90117 4.2256e-02     1.1915     1.1128    75.7171 0.0000e+00
        454 114.438847    0.03149     1.8894    113.364     36.343  50533.977    31.5525     5.8883     36.000     5.8855    24.8430     6.7113     9.5912     94.696    292.463    299.729   -0.00499    7.08724   10.12838  308.84375   15.90141 3.9638e-02     1.2142     1.1479    75.0540 0.0000e+00
        459 114.438859    0.03180     1.9076    114.457     37.350  50536.096    31.5535     5.8885     37.000     5.8851    24.8438     6.6788     9.5447     94.238    291.045    298.275   -0.00636    7.08717   10.12827  308.84006   15.90123 3.7724e-02     1.0607     1.1537    74.9440 0.0000e+00
        463 114.438872    0.03210     1.9263    115.579     38.364  50545.218    31.5589     5.8863     38.000     5.8821    24.8483     6.6621     9.5208     94.000    290.315    297.529   -0.00617    7.08729   10.12844  308.84397   15.90139 3.6494e-02     1.1801     1.1964    74.1498 0.0000e+00
        468 114.438886    0.03242     1.9453    116.720     39.371  50558.403    31.5674     5.8858     39.000     5.8852    24.8552     6.6538     9.5090     93.888    289.953    297.159   -0.00509    7.08696   10.12797  308.82757   15.90058 3.6178e-02     1.0399     1.2535    73.0973 0.0000e+00
        473 114.438899    0.03275     1.9650    117.898     40.381  50570.743    31.5770     5.8936     40.000     5.8943    24.8618     6.6404     9.4899     93.723    289.368    296.562   -0.00452    7.08521   10.12547  308.74925   15.89680 3.6170e-02     0.9640     1.2607    72.9660 0.0000e+00
        477 114.438913    0.03307     1.9841    119.045     41.391  50568.637    31.5763     5.9000     41.000     5.8986    24.8605     6.6233     9.4655     93.495    288.624    295.799   -0.00473    7.08417   10.12400  308.70471   15.89468 3.6170e-02     0.9697     1.2443    73.2675 0.0000e+00
        482 114.438926    0.03339     2.0034    120.203     42.402  50581.453    31.5862     5.9073     42.000     5.9093    24.8674     6.6266     9.4701     93.563    288.763    295.944   -0.00310    7.08249   10.12159  308.62937   15.89105 3.6170e-02     0.9485     1.2243    73.6344 0.0000e+00
        486 114.438939    0.03370     2.0223    121.339     43.411  50583.926    31.5897     5.9194     43.000     5.9195    24.8688     6.6287     9.4731     93.622    288.855    296.038   -0.00195    7.08030   10.11846  308.53357   15.88648 3.6170e-02     0.9993     1.1929    74.2139 0.0000e+00
        491 114.438952    0.03401     2.0407    122.440     44.420  50582.477    31.5895     5.9258     44.000     5.9244    24.8679     6.6307     9.4759     93.664    288.942    296.128   -0.00117    7.07925   10.11695  308.48782   15.88430 3.6170e-02     1.0260     1.1891    74.2847 0.0000e+00
        495 114.438965    0.03433     2.0599    123.593     45.430  50581.179    31.5889     5.9296     45.000     5.9268    24.8670     6.6330     9.4793     93.705    289.044    296.231   -0.00073    7.07865   10.11609  308.46181   15.88306 3.6170e-02     1.1311     1.1753    74.5404 0.0000e+00
        500 114.438978    0.03463     2.0779    124.673     46.435  50583.205    31.5902     5.9316     46.000     5.9288    24.8678     6.6368     9.4847     93.763    289.208    296.400   -0.00018    7.07826   10.11554  308.44475   15.88224 3.6170e-02     1.0521     1.1808    74.4384 0.0000e+00
        505 114.438992    0.03497     2.0983    125.897     47.455  50582.495    31.5895     5.9330     47.000     5.9291    24.8671     6.6320     9.4778     93.698    288.998    296.185   -0.00062    7.07806   10.11526  308.43639   15.88184 3.6170e-02     1.1368     1.1664    74.7063 0.0000e+00
        509 114.439004    0.03527     2.1159    126.955     48.451  50584.522    31.5905     5.9333     48.000     5.9299    24.8678     6.6318     9.4774     93.696    288.987    296.174   -0.00051    7.07795   10.11510  308.43137   15.88160 3.6170e-02     1.1052     1.1958    74.1593 0.0000e+00
        514 114.439019    0.03562     2.1372    128.234     49.479  50585.668    31.5909     5.9341     49.000     5.9305    24.8681     6.6317     9.4773     93.697    288.984    296.170   -0.00037    7.07780   10.11489  308.42471   15.88128 3.6170e-02     1.0726     1.1832    74.3933 0.0000e+00
        518 114.439032    0.03592     2.1556    129.336     50.475  50584.871    31.5900     5.9347     50.000     5.9308    24.8673     6.6279     9.4720     93.645    288.822    296.005   -0.00068    7.07775   10.11481  308.42267   15.88119 3.6170e-02     1.1510     1.1999    74.0835 0.0000e+00
        523 114.439046    0.03628     2.1765    130.591     51.488  50585.444    31.5900     5.9350     51.000     5.9307    24.8673     6.6287     9.4730     93.655    288.852    296.035   -0.00044    7.07770   10.11475  308.42074   15.88110 3.6170e-02     1.2371     1.1903    74.2623 0.0000e+00
        528 114.439060    0.03662     2.1969    131.816     52.497  50587.002    31.5906     5.9348     52.000     5.9306    24.8677     6.6258     9.4690     93.616    288.730    295.910   -0.00062    7.07771   10.11475  308.42072   15.88110 3.6170e-02     1.0923     1.1989    74.1020 0.0000e+00
        533 114.439075    0.03696     2.2181    133.086     53.506  50586.869    31.5900     5.9347     53.000     5.9305    24.8673     6.6228     9.4646     93.572    288.597    295.773   -0.00073    7.07775   10.11481  308.42280   15.88119 3.6170e-02     1.1416     1.1931    74.2098 0.0000e+00
