CTD-processing/allCTD/CNV/2019_07-25_t6_s03_cast030_4141.cnv
* Sea-Bird SBE19plus Data File:
* FileName = C:\Users\jwschloemer\Documents\CTD Data\2019_07-25_T6\2019_07-25_T6_0_Cast030.hex
* Software Version 1.59
* Temperature SN =  4141
* Conductivity SN =  4141
* System UpLoad Time = Aug 02 2019 13:29:23
** Cook Inlet LTM Transect 6
** Date: 2019_07-25
** Station:6-3
** Start Time (AKST):10:28
** Depth (m):107
** Comment:
** Comment:
# nquan = 27
# nvalues = 100                         
# units = specified
# name 0 = scan: Scan Count
# name 1 = timeJ: Julian Days
# name 2 = timeH: Time, Elapsed [hours]
# name 3 = timeM: Time, Elapsed [minutes]
# name 4 = timeS: Time, Elapsed [seconds]
# name 5 = prdM: Pressure, Strain Gauge [db]
# name 6 = specc: Specific Conductance [uS/cm]
# name 7 = sal00: Salinity, Practical [PSU]
# name 8 = tv290C: Temperature [ITS-90, deg C]
# name 9 = depSM: Depth [salt water, m], lat = 59.00
# name 10 = potemp090C: Potential Temperature [ITS-90, deg C]
# name 11 = sigma-é00: Density [sigma-theta, kg/m^3]
# name 12 = sbeox0ML/L: Oxygen, SBE 43 [ml/l]
# name 13 = sbeox0Mg/L: Oxygen, SBE 43 [mg/l]
# name 14 = sbeox0PS: Oxygen, SBE 43 [% saturation]
# name 15 = sbox0Mm/Kg: Oxygen, SBE 43 [umol/kg]
# name 16 = sbeox0Mm/L: Oxygen, SBE 43 [umol/l]
# name 17 = sbox0dV/dT: Oxygen, SBE 43 [dov/dt]
# name 18 = oxsolML/L: Oxygen Saturation, Garcia & Gordon [ml/l]
# name 19 = oxsolMg/L: Oxygen Saturation, Garcia & Gordon [mg/l]
# name 20 = oxsolMm/Kg: Oxygen Saturation, Garcia & Gordon [umol/kg]
# name 21 = n2satMg/L: Nitrogen Saturation [mg/l]
# name 22 = par: PAR/Irradiance, Biospherical/Licor
# name 23 = wetStar: Fluorescence, WET Labs WETstar [mg/m^3]
# name 24 = CStarAt0: Beam Attenuation, WET Labs C-Star [1/m]
# name 25 = CStarTr0: Beam Transmission, WET Labs C-Star [%]
# name 26 = flag: flag
# span 0 =        136,        777       
# span 1 = 206.436478, 206.438333       
# span 2 =    0.00937,    0.05390       
# span 3 =     0.5620,     3.2337       
# span 4 =     33.719,    194.020       
# span 5 =      1.005,    100.887       
# span 6 =  49331.336,  50590.878       
# span 7 =    31.4848,    32.0388       
# span 8 =     8.6107,    10.7582       
# span 9 =      1.000,    100.000       
# span 10 =     8.6020,    10.6934      
# span 11 =    24.0815,    24.8604      
# span 12 =     5.0528,     6.4438      
# span 13 =     7.2209,     9.2089      
# span 14 =     79.438,    101.290      
# span 15 =    220.328,    280.974      
# span 16 =    225.659,    287.782      
# span 17 =   -0.01194,    0.12838      
# span 18 =    6.35348,    6.63658      
# span 19 =    9.07977,    9.48434      
# span 20 =  277.07795,  289.20037      
# span 21 =   14.38464,   14.96225      
# span 22 = 5.4277e-02, 7.3676e+02      
# span 23 =     0.3739,     2.1971      
# span 24 =     0.2742,     4.8588      
# span 25 =    51.5890,    93.3762      
# span 26 = 0.0000e+00, 0.0000e+00      
# interval = meters: 1                  
# start_time = Jul 25 2019 10:27:58 [Instrument's time stamp, header]
# bad_flag = -9.990e-29
*END*
[from data line 54]
        514 206.437572    0.03561     2.1369    128.214     55.517  50481.191    32.0060     8.7904     55.000     8.7907    24.8074     5.4855     7.8393     82.970    239.050    244.980   -0.00588    6.61134    9.44827  288.11523   14.91052 3.5717e-01     0.5537     0.2772    93.3039 0.0000e+00
        521 206.437593    0.03613     2.1677    130.064     56.542  50467.172    31.9964     8.7953     56.000     8.7837    24.7991     5.4988     7.8584     83.177    239.636    245.579   -0.00221    6.61102    9.44781  288.10336   14.90999 3.2751e-01     0.5039     0.2742    93.3762 0.0000e+00
        527 206.437609    0.03652     2.1909    131.456     57.551  50463.625    31.9892     8.7669     57.000     8.7443    24.7978     5.4971     7.8559     83.094    239.561    245.502   -0.00178    6.61552    9.45423  288.29975   14.91941 2.9371e-01     0.5735     0.2761    93.3293 0.0000e+00
        530 206.437620    0.03677     2.2060    132.362     58.548  50491.852    32.0058     8.7481     58.000     8.7365    24.8137     5.4867     7.8410     82.911    239.102    245.035   -0.00278    6.61758    9.45717  288.38513   14.92342 2.6505e-01     0.6338     0.2781    93.2844 0.0000e+00
        536 206.437637    0.03718     2.2308    133.847     59.564  50495.007    32.0062     8.7390     59.000     8.7264    24.8154     5.4830     7.8357     82.838    238.939    244.869   -0.00223    6.61892    9.45910  288.44299   14.92618 2.4039e-01     0.5331     0.2747    93.3620 0.0000e+00
        543 206.437657    0.03766     2.2593    135.555     60.578  50509.897    32.0095     8.6937     60.000     8.6736    24.8248     5.4688     7.8155     82.543    238.322    244.238   -0.00306    6.62548    9.46848  288.72637   14.93971 2.1743e-01     0.5878     0.2774    93.3000 0.0000e+00
        548 206.437672    0.03802     2.2809    136.856     61.586  50533.100    32.0210     8.6651     61.000     8.6509    24.8382     5.4538     7.7939     82.268    237.662    243.565   -0.00373    6.62922    9.47382  288.88563   14.94728 1.9823e-01     0.4585     0.2802    93.2366 0.0000e+00
        554 206.437689    0.03842     2.3055    138.327     62.592  50548.324    32.0290     8.6501     62.000     8.6411    24.8467     5.4450     7.7815     82.113    237.278    243.173   -0.00344    6.63109    9.47650  288.96486   14.95103 1.8304e-01     0.4318     0.2749    93.3578 0.0000e+00
        561 206.437709    0.03892     2.3350    140.102     63.606  50554.405    32.0315     8.6412     63.000     8.6335    24.8500     5.4370     7.7700     81.978    236.929    242.817   -0.00278    6.63231    9.47823  289.01680   14.95350 1.6791e-01     0.4954     0.2795    93.2515 0.0000e+00
        567 206.437726    0.03931     2.3582    141.492     64.619  50557.917    32.0333     8.6401     64.000     8.6341    24.8516     5.4316     7.7623     81.895    236.693    242.575   -0.00238    6.63239    9.47835  289.02016   14.95365 1.5301e-01     0.4884     0.2791    93.2608 0.0000e+00
        571 206.437738    0.03961     2.3766    142.594     65.617  50554.063    32.0291     8.6332     65.000     8.6210    24.8494     5.4328     7.7640     81.898    236.747    242.630   -0.00174    6.63361    9.48008  289.07336   14.95621 1.4081e-01     0.4902     0.3100    92.5445 0.0000e+00
        578 206.437757    0.04006     2.4036    144.218     66.634  50565.688    32.0352     8.6223     66.000     8.6143    24.8558     5.4323     7.7632     81.873    236.721    242.604   -0.00125    6.63496    9.48202  289.13074   14.95893 1.2845e-01     0.4354     0.3168    92.3873 0.0000e+00
        585 206.437777    0.04053     2.4315    145.891     67.643  50569.137    32.0367     8.6193     67.000     8.6126    24.8575     5.4198     7.7455     81.681    236.178    242.049   -0.00189    6.63535    9.48257  289.14704   14.95970 1.1952e-01     0.4560     0.3113    92.5117 0.0000e+00
        591 206.437795    0.04098     2.4591    147.545     68.656  50569.455    32.0365     8.6197     68.000     8.6130    24.8573     5.4316     7.7623     81.860    236.693    242.576   -0.00017    6.63529    9.48249  289.14464   14.95959 1.1287e-01     0.4341     0.3074    92.6027 0.0000e+00
        596 206.437811    0.04135     2.4809    148.853     69.661  50569.325    32.0361     8.6204     69.000     8.6135    24.8569     5.4290     7.7584     81.820    236.576    242.456   -0.00042    6.63520    9.48238  289.14122   14.95943 1.0617e-01     0.4441     0.3004    92.7654 0.0000e+00
        602 206.437827    0.04174     2.5039    150.237     70.675  50569.919    32.0361     8.6205     70.000     8.6131    24.8568     5.4327     7.7639     81.877    236.740    242.624    0.00004    6.63520    9.48235  289.14066   14.95940 9.9849e-02     0.4417     0.2966    92.8526 0.0000e+00
        607 206.437841    0.04207     2.5244    151.462     71.677  50570.113    32.0357     8.6198     71.000     8.6124    24.8566     5.4296     7.7594     81.828    236.604    242.485   -0.00030    6.63531    9.48253  289.14595   14.95966 9.4221e-02     0.4458     0.3319    92.0387 0.0000e+00
        614 206.437861    0.04256     2.5537    153.222     72.694  50571.639    32.0364     8.6206     72.000     8.6136    24.8571     5.4251     7.7530     81.762    236.407    242.284   -0.00059    6.63517    9.48231  289.13928   14.95934 8.9455e-02     0.4355     0.3295    92.0934 0.0000e+00
        620 206.437880    0.04300     2.5799    154.793     73.700  50571.808    32.0362     8.6214     73.000     8.6144    24.8568     5.4319     7.7627     81.866    236.704    242.589    0.00005    6.63505    9.48216  289.13451   14.95911 8.5376e-02     0.5060     0.3533    91.5477 0.0000e+00
        627 206.437900    0.04349     2.6095    156.569     74.713  50571.000    32.0355     8.6232     74.000     8.6160    24.8560     5.4256     7.7537     81.775    236.431    242.308   -0.00047    6.63482    9.48182  289.12431   14.95862 8.1973e-02     0.5023     0.2992    92.7926 0.0000e+00
        634 206.437918    0.04393     2.6358    158.148     75.723  50570.800    32.0349     8.6237     75.000     8.6156    24.8556     5.4399     7.7742     81.991    237.053    242.946    0.00119    6.63476    9.48174  289.12224   14.95852 7.8598e-02     0.4805     0.2892    93.0254 0.0000e+00
        639 206.437933    0.04428     2.6564    159.386     76.736  50572.597    32.0356     8.6226     76.000     8.6149    24.8562     5.4232     7.7503     81.738    236.325    242.200   -0.00104    6.63490    9.48193  289.12782   14.95879 7.5717e-02     0.4454     0.2908    92.9878 0.0000e+00
        643 206.437945    0.04457     2.6746    160.479     77.735  50572.629    32.0351     8.6227     77.000     8.6145    24.8559     5.4257     7.7538     81.774    236.432    242.308   -0.00063    6.63490    9.48194  289.12817   14.95881 7.3102e-02     0.4531     0.2901    93.0043 0.0000e+00
        649 206.437964    0.04502     2.7012    162.072     78.749  50573.797    32.0354     8.6220     78.000     8.6141    24.8562     5.4328     7.7641     81.881    236.745    242.630    0.00021    6.63500    9.48208  289.13236   14.95901 7.0720e-02     0.4443     0.2914    92.9733 0.0000e+00
        657 206.437987    0.04558     2.7346    164.078     79.765  50574.013    32.0353     8.6228     79.000     8.6146    24.8560     5.4187     7.7438     81.669    236.128    241.997   -0.00117    6.63488    9.48191  289.12728   14.95877 6.8692e-02     0.4302     0.2966    92.8536 0.0000e+00
        663 206.438004    0.04599     2.7597    165.584     80.769  50574.466    32.0351     8.6224     80.000     8.6143    24.8559     5.4256     7.7538     81.773    236.432    242.308   -0.00024    6.63496    9.48202  289.13075   14.95894 6.7074e-02     0.5009     0.3098    92.5470 0.0000e+00
        669 206.438022    0.04641     2.7846    167.077     81.784  50574.797    32.0349     8.6227     81.000     8.6138    24.8558     5.4269     7.7557     81.794    236.491    242.368    0.00002    6.63491    9.48195  289.12860   14.95883 6.5356e-02     0.4986     0.3450    91.7367 0.0000e+00
        675 206.438037    0.04678     2.8066    168.397     82.790  50574.421    32.0333     8.6170     82.000     8.6054    24.8554     5.4281     7.7573     81.800    236.539    242.418   -0.00012    6.63582    9.48325  289.16839   14.96074 6.4014e-02     0.4902     0.3998    90.4932 0.0000e+00
        680 206.438054    0.04717     2.8302    169.811     83.804  50582.593    32.0377     8.6110     83.000     8.6024    24.8597     5.4247     7.7525     81.740    236.390    242.267   -0.00038    6.63653    9.48427  289.19813   14.96215 6.2817e-02     0.5360     0.3201    92.3068 0.0000e+00
        686 206.438070    0.04756     2.8535    171.211     84.805  50583.129    32.0376     8.6107     84.000     8.6020    24.8597     5.4192     7.7447     81.657    236.152    242.023   -0.00083    6.63658    9.48434  289.20037   14.96225 6.1722e-02     0.4652     0.3022    92.7242 0.0000e+00
        694 206.438094    0.04816     2.8894    173.362     85.827  50585.029    32.0388     8.6125     85.000     8.6053    24.8604     5.4204     7.7463     81.679    236.204    242.076   -0.00032    6.63626    9.48387  289.18598   14.96156 6.0674e-02     0.4433     0.2859    93.1032 0.0000e+00
        699 206.438109    0.04850     2.9100    174.598     86.829  50580.617    32.0355     8.6144     86.000     8.6039    24.8576     5.4206     7.7466     81.684    236.212    242.084   -0.00023    6.63612    9.48368  289.18079   14.96133 5.9773e-02     0.4423     0.2911    92.9824 0.0000e+00
        705 206.438125    0.04888     2.9330    175.979     87.840  50584.829    32.0376     8.6117     87.000     8.6029    24.8596     5.4181     7.7430     81.642    236.104    241.974   -0.00049    6.63644    9.48413  289.19397   14.96195 5.9041e-02     0.4412     0.2900    93.0074 0.0000e+00
        711 206.438142    0.04929     2.9573    177.440     88.847  50585.533    32.0377     8.6120     88.000     8.6031    24.8597     5.4226     7.7494     81.710    236.298    242.172    0.00007    6.63639    9.48406  289.19189   14.96185 5.8334e-02     0.4416     0.2892    93.0256 0.0000e+00
        717 206.438159    0.04969     2.9813    178.880     89.862  50585.829    32.0375     8.6124     89.000     8.6035    24.8594     5.4195     7.7449     81.663    236.160    242.032   -0.00030    6.63633    9.48398  289.18941   14.96173 5.7786e-02     0.4348     0.2992    92.7928 0.0000e+00
        722 206.438175    0.05009     3.0053    180.316     90.865  50586.729    32.0377     8.6127     90.000     8.6037    24.8596     5.4181     7.7431     81.644    236.105    241.974   -0.00037    6.63628    9.48390  289.18688   14.96161 5.7227e-02     0.4185     0.3016    92.7368 0.0000e+00
        730 206.438198    0.05064     3.0385    182.309     91.887  50586.360    32.0371     8.6132     91.000     8.6036    24.8590     5.4197     7.7453     81.669    236.174    242.045   -0.00010    6.63623    9.48384  289.18538   14.96154 5.6769e-02     0.4015     0.2959    92.8706 0.0000e+00
        735 206.438212    0.05098     3.0590    183.540     92.894  50587.800    32.0375     8.6126     92.000     8.6035    24.8595     5.4205     7.7465     81.681    236.210    242.083   -0.00006    6.63630    9.48394  289.18828   14.96168 5.6264e-02     0.4755     0.3007    92.7573 0.0000e+00
        739 206.438224    0.05128     3.0765    184.591     93.894  50588.422    32.0376     8.6132     93.000     8.6040    24.8595     5.4199     7.7456     81.672    236.183    242.054   -0.00016    6.63622    9.48382  289.18443   14.96149 5.5912e-02     0.4179     0.2946    92.8997 0.0000e+00
        745 206.438241    0.05168     3.1005    186.029     94.907  50588.613    32.0374     8.6138     94.000     8.6043    24.8593     5.4215     7.7480     81.698    236.254    242.128   -0.00001    6.63613    9.48369  289.18065   14.96131 5.5531e-02     0.4835     0.2916    92.9690 0.0000e+00
        752 206.438260    0.05213     3.1277    187.662     95.927  50588.953    32.0373     8.6149     95.000     8.6055    24.8591     5.4220     7.7485     81.706    236.273    242.146   -0.00001    6.63598    9.48348  289.17407   14.96100 5.5203e-02     0.3983     0.2836    93.1547 0.0000e+00
        756 206.438273    0.05243     3.1458    188.747     96.928  50588.746    32.0369     8.6154     96.000     8.6058    24.8587     5.4239     7.7512     81.736    236.355    242.231    0.00013    6.63592    9.48339  289.17175   14.96089 5.5021e-02     0.4188     0.2918    92.9661 0.0000e+00
        760 206.438285    0.05273     3.1638    189.827     97.930  50588.786    32.0366     8.6163     97.000     8.6064    24.8583     5.4236     7.7509     81.732    236.343    242.218    0.00002    6.63580    9.48322  289.16668   14.96065 5.4650e-02     0.4058     0.2902    93.0024 0.0000e+00
        768 206.438306    0.05323     3.1941    191.644     98.955  50590.473    32.0372     8.6157     98.000     8.6060    24.8589     5.4191     7.7445     81.664    236.147    242.018   -0.00046    6.63585    9.48329  289.16869   14.96074 5.4388e-02     0.4110     0.2860    93.0999 0.0000e+00
        773 206.438321    0.05359     3.2153    192.920     99.960  50590.878    32.0373     8.6173     99.000     8.6081    24.8587     5.4148     7.7383     81.602    235.958    241.823   -0.00066    6.63561    9.48295  289.15828   14.96024 5.4277e-02     0.4696     0.2952    92.8864 0.0000e+00
        777 206.438333    0.05390     3.2337    194.020    100.887  50587.513    32.0349     8.6194    100.000 -9.990e-29    24.8564     5.4150     7.7386     81.608    235.970    241.835   -0.00080    6.63541    9.48268  289.15058   14.95989 5.4337e-02     0.3739     0.7428    82.8953 0.0000e+00
