CTD-processing/allCTD/CNV/2019_12-12_t9_03_cast014_4141.cnv
* Sea-Bird SBE19plus Data File:
* FileName = C:\Users\Chris\Desktop\EVOSTC GWA LTM\CTD Data\2019_12-12_T9\2019_12-12_T9_0_Cast014.hex
* Software Version 1.59
* Temperature SN =  4141
* Conductivity SN =  4141
* System UpLoad Time = Dec 13 2019 13:55:29
** Cook Inlet LTM T9
** Date: 2019_12-12
** Station:02
** Start Time: (AKST):14:20
** Depth (m):98
** Comment:
** Comment:
# nquan = 27
# nvalues = 96                          
# units = specified
# name 0 = scan: Scan Count
# name 1 = timeJ: Julian Days
# name 2 = timeH: Time, Elapsed [hours]
# name 3 = timeM: Time, Elapsed [minutes]
# name 4 = timeS: Time, Elapsed [seconds]
# name 5 = prdM: Pressure, Strain Gauge [db]
# name 6 = specc: Specific Conductance [uS/cm]
# name 7 = sal00: Salinity, Practical [PSU]
# name 8 = tv290C: Temperature [ITS-90, deg C]
# name 9 = depSM: Depth [salt water, m], lat = 59.00
# name 10 = potemp090C: Potential Temperature [ITS-90, deg C]
# name 11 = sigma-é00: Density [sigma-theta, kg/m^3]
# name 12 = sbeox0ML/L: Oxygen, SBE 43 [ml/l]
# name 13 = sbeox0Mg/L: Oxygen, SBE 43 [mg/l]
# name 14 = sbeox0PS: Oxygen, SBE 43 [% saturation]
# name 15 = sbox0Mm/Kg: Oxygen, SBE 43 [umol/kg]
# name 16 = sbeox0Mm/L: Oxygen, SBE 43 [umol/l]
# name 17 = sbox0dV/dT: Oxygen, SBE 43 [dov/dt]
# name 18 = oxsolML/L: Oxygen Saturation, Garcia & Gordon [ml/l]
# name 19 = oxsolMg/L: Oxygen Saturation, Garcia & Gordon [mg/l]
# name 20 = oxsolMm/Kg: Oxygen Saturation, Garcia & Gordon [umol/kg]
# name 21 = n2satMg/L: Nitrogen Saturation [mg/l]
# name 22 = par: PAR/Irradiance, Biospherical/Licor
# name 23 = wetStar: Fluorescence, WET Labs WETstar [mg/m^3]
# name 24 = CStarAt0: Beam Attenuation, WET Labs C-Star [1/m]
# name 25 = CStarTr0: Beam Transmission, WET Labs C-Star [%]
# name 26 = flag: flag
# span 0 =        209,        709       
# span 1 = 346.597756, 346.599200       
# span 2 =    0.01446,    0.04914       
# span 3 =     0.8678,     2.9482       
# span 4 =     52.068,    176.890       
# span 5 =      1.018,     96.917       
# span 6 =  48956.635,  49840.946       
# span 7 =    30.7282,    31.3296       
# span 8 =     7.2716,     7.5042       
# span 9 =      1.000,     96.000       
# span 10 =     7.2668,     7.5004      
# span 11 =    24.0182,    24.4685      
# span 12 =     5.9576,     6.3491      
# span 13 =     8.5141,     9.0736      
# span 14 =     87.061,     92.075      
# span 15 =    259.714,    276.901      
# span 16 =    266.068,    283.552      
# span 17 =   -0.00266,    0.08132      
# span 18 =    6.84149,    6.89933      
# span 19 =    9.77717,    9.85984      
# span 20 =  298.26925,  300.89485      
# span 21 =   15.39858,   15.52584      
# span 22 = 3.6418e-02, 2.2999e+01      
# span 23 =     0.2382,     0.3065      
# span 24 =     0.4143,     1.0372      
# span 25 =    77.1590,    90.1604      
# span 26 = 0.0000e+00, 0.0000e+00      
# interval = meters: 1                  
# start_time = Dec 12 2019 14:19:54 [Instrument's time stamp, header]
# bad_flag = -9.990e-29
*END*
        209 346.597756    0.01446     0.8678     52.068      1.018  48957.994    30.7313     7.2965      1.000     7.2973    24.0192     6.1604     8.8038     89.334    268.671    275.124    0.07587    6.89597    9.85504  300.75028   15.51896 2.2999e+01     0.3065     1.0070    77.7441 0.0000e+00
        261 346.597904    0.01803     1.0816     64.898      2.021  48956.635    30.7304     7.2991      2.000     7.2964    24.0182     6.3491     9.0736     92.075    276.901    283.552    0.08132    6.89561    9.85451  300.73482   15.51823 1.5121e+01     0.2705     1.0284    77.3287 0.0000e+00
        262 346.597907    0.01811     1.0867     65.205      3.023  48965.266    30.7355     7.2969      3.000     7.2980    24.0225     6.2848     8.9816     91.141    274.094    280.679    0.05388    6.89573    9.85468  300.73868   15.51839 1.0693e+01     0.2792     1.0253    77.3900 0.0000e+00
        267 346.597922    0.01845     1.1074     66.447      4.045  48965.105    30.7356     7.3005      4.000     7.3012    24.0221     6.2164     8.8838     90.155    271.109    277.622    0.03031    6.89514    9.85385  300.71342   15.51718 7.8726e+00     0.2758     1.0184    77.5220 0.0000e+00
        271 346.597933    0.01874     1.1243     67.457      5.048  48962.945    30.7338     7.3014      5.000     7.3000    24.0206     6.1745     8.8239     89.549    269.283    275.752    0.01831    6.89509    9.85377  300.71124   15.51709 6.2599e+00     0.2803     1.0372    77.1590 0.0000e+00
        275 346.597946    0.01904     1.1423     68.539      6.052  48965.594    30.7350     7.3004      6.000     7.2998    24.0217     6.1482     8.7864     89.167    268.139    274.581    0.01092    6.89518    9.85390  300.71516   15.51727 4.8244e+00     0.2819     1.0162    77.5661 0.0000e+00
        280 346.597961    0.01941     1.1644     69.864      7.075  48966.013    30.7347     7.2999      7.000     7.2990    24.0216     6.1251     8.7534     88.831    267.132    273.548    0.00507    6.89528    9.85404  300.71942   15.51748 3.7351e+00     0.2814     0.9988    77.9028 0.0000e+00
        285 346.597973    0.01969     1.1817     70.901      8.071  48964.189    30.7328     7.2989      8.000     7.2972    24.0202     6.1218     8.7487     88.779    266.987    273.400    0.00325    6.89554    9.85441  300.73099   15.51803 2.9804e+00     0.2880     1.0072    77.7397 0.0000e+00
        290 346.597988    0.02004     1.2022     72.134      9.088  48964.013    30.7318     7.2961      9.000     7.2915    24.0198     6.1118     8.7344     88.628    266.551    272.954    0.00147    6.89604    9.85512  300.75281   15.51908 2.2865e+00     0.2820     0.9957    77.9625 0.0000e+00
        294 346.598001    0.02036     1.2213     73.279     10.091  48962.203    30.7282     7.2844     10.000     7.2779    24.0185     6.1109     8.7331     88.590    266.514    272.914    0.00021    6.89803    9.85798  300.84060   15.52329 1.7955e+00     0.2733     0.9825    78.2225 0.0000e+00
        299 346.598016    0.02072     1.2431     74.586     11.108  48976.044    30.7357     7.2742     11.000     7.2741    24.0257     6.1270     8.7561     88.806    267.212    273.632    0.00170    6.89933    9.85984  300.89485   15.52584 1.3950e+00     0.2669     0.9619    78.6264 0.0000e+00
        304 346.598030    0.02104     1.2628     75.766     12.109  48980.089    30.7386     7.2780     12.000     7.2764    24.0276     6.1335     8.7654     88.910    267.494    273.921    0.00152    6.89858    9.85875  300.86134   15.52423 1.0829e+00     0.2763     0.9736    78.3954 0.0000e+00
        309 346.598045    0.02141     1.2848     77.086     13.131  49047.399    30.7839     7.2716     13.000     7.2668    24.0640     6.1228     8.7501     88.768    267.019    273.445    0.00039    6.89756    9.85729  300.80627   15.52142 8.5097e-01     0.2827     0.9464    78.9314 0.0000e+00
        313 346.598057    0.02170     1.3019     78.117     14.124  49208.768    30.8959     7.2738     14.000     7.2802    24.1518     6.1168     8.7414     88.750    266.734    273.176   -0.00015    6.89214    9.84956  300.54434   15.50846 6.8503e-01     0.2787     0.8417    81.0306 0.0000e+00
        319 346.598074    0.02211     1.3266     79.598     15.151  49255.090    30.9311     7.2949     15.000     7.2985    24.1767     6.1365     8.7697     89.100    267.587    274.057    0.00195    6.88720    9.84250  300.32157   15.49769 5.5843e-01     0.2707     0.7373    83.1660 0.0000e+00
        324 346.598088    0.02245     1.3471     80.825     16.149  49345.494    30.9969     7.3151     16.000     7.3244    24.2257     6.1339     8.7660     89.143    267.462    273.942    0.00161    6.88104    9.83369  300.03861   15.48392 4.6395e-01     0.2763     0.6910    84.1370 0.0000e+00
        330 346.598104    0.02283     1.3697     82.180     17.161  49366.007    31.0146     7.3382     17.000     7.3423    24.2365     6.1361     8.7691     89.232    267.553    274.038    0.00157    6.87658    9.82732  299.84081   15.47442 3.8678e-01     0.2688     0.6166    85.7150 0.0000e+00
        335 346.598120    0.02321     1.3926     83.558     18.172  49375.334    31.0229     7.3524     18.000     7.3533    24.2412     6.1362     8.7693     89.268    267.558    274.044    0.00117    6.87397    9.82360  299.72596   15.46890 3.2871e-01     0.2704     0.5672    86.7794 0.0000e+00
        340 346.598134    0.02355     1.4130     84.781     19.182  49381.272    31.0274     7.3573     19.000     7.3571    24.2441     6.1359     8.7687     89.275    267.541    274.028    0.00081    6.87299    9.82219  299.68238   15.46681 2.8013e-01     0.2646     0.5618    86.8961 0.0000e+00
        345 346.598147    0.02386     1.4315     85.892     20.187  49388.232    31.0323     7.3603     20.000     7.3594    24.2476     6.1316     8.7627     89.222    267.354    273.837    0.00020    6.87230    9.82120  299.65097   15.46529 2.4056e-01     0.2771     0.5612    86.9097 0.0000e+00
        350 346.598162    0.02423     1.4534     87.206     21.204  49393.629    31.0359     7.3622     21.000     7.3608    24.2501     6.1275     8.7569     89.169    267.176    273.656   -0.00025    6.87184    9.82055  299.63045   15.46429 2.0667e-01     0.2665     0.5408    87.3547 0.0000e+00
        354 346.598174    0.02452     1.4713     88.275     22.209  49420.310    31.0543     7.3640     22.000     7.3668    24.2643     6.1277     8.7571     89.186    267.180    273.664   -0.00021    6.87073    9.81896  299.57776   15.46171 1.7751e-01     0.2751     0.5612    86.9115 0.0000e+00
        358 346.598186    0.02480     1.4880     89.279     23.213  49462.637    31.0853     7.3761     23.000     7.3787    24.2871     6.1300     8.7604     89.261    267.274    273.765    0.00027    6.86743    9.81423  299.42683   15.45438 1.5376e-01     0.2669     0.5799    86.5044 0.0000e+00
        363 346.598200    0.02514     1.5082     90.492     24.229  49482.127    31.0997     7.3839     24.000     7.3839    24.2974     6.1279     8.7574     89.256    267.179    273.671    0.00013    6.86554    9.81154  299.34178   15.45026 1.3434e-01     0.2670     0.5487    87.1813 0.0000e+00
        368 346.598214    0.02546     1.5274     91.643     25.241  49493.429    31.1077     7.3876     25.000     7.3854    24.3032     6.1302     8.7607     89.302    267.280    273.777    0.00026    6.86461    9.81021  299.29947   15.44821 1.1920e-01     0.2652     0.5128    87.9683 0.0000e+00
        372 346.598225    0.02573     1.5440     92.638     26.243  49500.283    31.1121     7.3878     26.000     7.3860    24.3066     6.1306     8.7612     89.310    267.295    273.792    0.00020    6.86436    9.80986  299.28771   15.44763 1.0701e-01     0.2627     0.5116    87.9947 0.0000e+00
        376 346.598238    0.02604     1.5626     93.758     27.260  49510.249    31.1189     7.3898     27.000     7.3885    24.3117     6.1322     8.7634     89.341    267.361    273.862    0.00021    6.86375    9.80899  299.25985   15.44627 9.5791e-02     0.2828     0.5038    88.1661 0.0000e+00
        380 346.598250    0.02634     1.5806     94.837     28.258  49509.539    31.1182     7.3916     28.000     7.3890    24.3110     6.1371     8.7705     89.416    267.576    274.081    0.00056    6.86351    9.80864  299.24916   15.44577 8.6650e-02     0.2614     0.5026    88.1924 0.0000e+00
        386 346.598268    0.02675     1.6050     96.299     29.295  49515.912    31.1221     7.3908     29.000     7.3904    24.3142     6.1426     8.7785     89.499    267.820    274.332    0.00077    6.86344    9.80854  299.24528   15.44556 7.8394e-02     0.2662     0.4736    88.8339 0.0000e+00
        389 346.598277    0.02698     1.6187     97.123     30.276  49537.747    31.1381     7.3982     30.000     7.4007    24.3257     6.1399     8.7744     89.482    267.693    274.205    0.00047    6.86157    9.80587  299.16033   15.44145 7.2299e-02     0.2623     0.5105    88.0193 0.0000e+00
        395 346.598292    0.02734     1.6403     98.419     31.299  49541.505    31.1422     7.4100     31.000     7.4114    24.3274     6.1357     8.7686     89.449    267.514    274.022    0.00007    6.85952    9.80294  299.07058   15.43715 6.7087e-02     0.2610     0.4751    88.8005 0.0000e+00
        399 346.598305    0.02766     1.6595     99.567     32.300  49554.702    31.1527     7.4209     32.000     7.4251    24.3342     6.1298     8.7600     89.390    267.251    273.755   -0.00030    6.85735    9.79984  298.97381   15.43249 6.2541e-02     0.2640     0.4838    88.6069 0.0000e+00
        404 346.598320    0.02802     1.6810    100.859     33.316  49560.939    31.1600     7.4413     33.000     7.4446    24.3372     6.1238     8.7515     89.349    266.990    273.489   -0.00058    6.85381    9.79479  298.81890   15.42507 5.8780e-02     0.2578     0.4545    89.2612 0.0000e+00
        409 346.598334    0.02835     1.7011    102.069     34.321  49562.007    31.1622     7.4534     34.000     7.4561    24.3373     6.1178     8.7430     89.287    266.731    273.222   -0.00074    6.85180    9.79192  298.73129   15.42088 5.5697e-02     0.2559     0.4233    89.9584 0.0000e+00
        414 346.598349    0.02870     1.7222    103.329     35.334  49576.629    31.1753     7.4736     35.000     7.4779    24.3449     6.1056     8.7255     89.158    266.195    272.676   -0.00134    6.84805    9.78655  298.56545   15.41291 5.3010e-02     0.2525     0.4152    90.1418 0.0000e+00
        419 346.598363    0.02905     1.7431    104.585     36.344  49569.466    31.1721     7.4866     36.000     7.4842    24.3405     6.0963     8.7122     89.047    265.791    272.260   -0.00153    6.84615    9.78383  298.48366   15.40902 5.0738e-02     0.2553     0.4143    90.1604 0.0000e+00
        424 346.598377    0.02937     1.7624    105.742     37.347  49570.130    31.1723     7.4884     37.000     7.4859    24.3406     6.0830     8.6932     88.856    265.211    271.666   -0.00240    6.84586    9.78342  298.47117   15.40843 4.8655e-02     0.2562     0.4225    89.9759 0.0000e+00
        430 346.598394    0.02978     1.7869    107.216     38.369  49579.210    31.1789     7.4927     38.000     7.4918    24.3451     6.0845     8.6954     88.891    265.275    271.733   -0.00143    6.84489    9.78203  298.42752   15.40632 4.6832e-02     0.2520     0.4195    90.0436 0.0000e+00
        434 346.598406    0.03008     1.8045    108.272     39.379  49583.430    31.1823     7.4979     39.000     7.4967    24.3471     6.0751     8.6819     88.767    264.866    271.315   -0.00135    6.84391    9.78064  298.38440   15.40424 4.5549e-02     0.2513     0.4472    89.4219 0.0000e+00
        437 346.598415    0.03031     1.8185    109.109     40.368  49583.893    31.1827     7.5017     40.000     7.4995    24.3470     6.0758     8.6830     88.784    264.896    271.345   -0.00165    6.84332    9.77979  298.35851   15.40301 4.4416e-02     0.2560     0.4601    89.1348 0.0000e+00
        443 346.598432    0.03070     1.8420    110.520     41.395  49585.471    31.1838     7.5042     41.000     7.5004    24.3474     6.0761     8.6833     88.795    264.909    271.358   -0.00084    6.84287    9.77915  298.33897   15.40208 4.3151e-02     0.2435     0.4336    89.7285 0.0000e+00
        448 346.598446    0.03103     1.8620    111.722     42.406  49587.120    31.1845     7.5038     42.000     7.4985    24.3480     6.0599     8.6603     88.557    264.203    270.636   -0.00222    6.84292    9.77921  298.34076   15.40216 4.2348e-02     0.2441     0.4294    89.8220 0.0000e+00
        452 346.598457    0.03130     1.8780    112.680     43.404  49586.122    31.1822     7.4975     43.000     7.4890    24.3472     6.0596     8.6598     88.539    264.189    270.621   -0.00191    6.84399    9.78075  298.38778   15.40441 4.1608e-02     0.2474     0.4450    89.4722 0.0000e+00
        456 346.598470    0.03163     1.8977    113.863     44.424  49596.644    31.1879     7.4900     44.000     7.4855    24.3526     6.0606     8.6611     88.541    264.230    270.665   -0.00130    6.84492    9.78207  298.42654   15.40623 4.0891e-02     0.2429     0.4308    89.7899 0.0000e+00
        462 346.598485    0.03198     1.9189    115.135     45.427  49588.888    31.1805     7.4808     45.000     7.4692    24.3480     6.0594     8.6595     88.501    264.181    270.613   -0.00122    6.84668    9.78460  298.50495   15.41001 4.0247e-02     0.2478     0.4621    89.0893 0.0000e+00
        467 346.598501    0.03237     1.9424    116.547     46.447  49616.338    31.1968     7.4661     46.000     7.4651    24.3629     6.0618     8.6629     88.516    264.283    270.721   -0.00087    6.84825    9.78684  298.56896   15.41300 3.9667e-02     0.2474     0.4567    89.2108 0.0000e+00
        471 346.598514    0.03266     1.9597    117.579     47.445  49617.980    31.1984     7.4719     47.000     7.4695    24.3633     6.0727     8.6785     88.688    264.757    271.207    0.00036    6.84727    9.78544  298.52617   15.41095 3.9395e-02     0.2463     0.4754    88.7954 0.0000e+00
        476 346.598528    0.03301     1.9802    118.813     48.456  49621.516    31.2013     7.4774     48.000     7.4749    24.3649     6.0696     8.6741     88.656    264.621    271.069    0.00010    6.84628    9.78402  298.48236   15.40885 3.8955e-02     0.2444     0.4880    88.5163 0.0000e+00
        482 346.598545    0.03340     2.0041    120.248     49.474  49618.759    31.1995     7.4807     49.000     7.4765    24.3630     6.0637     8.6657     88.576    264.367    270.807   -0.00054    6.84585    9.78339  298.46386   15.40797 3.8664e-02     0.2520     0.4797    88.7003 0.0000e+00
        486 346.598557    0.03371     2.0227    121.359     50.476  49643.381    31.2168     7.4845     50.000     7.4868    24.3762     6.0600     8.6603     88.539    264.199    270.640   -0.00066    6.84447    9.78144  298.40033   15.40487 3.8384e-02     0.2443     0.5113    88.0027 0.0000e+00
        491 346.598570    0.03403     2.0414    122.483     51.489  49644.774    31.2194     7.4972     51.000     7.4952    24.3765     6.0629     8.6645     88.609    264.327    270.771   -0.00010    6.84238    9.77845  298.30910   15.40051 3.8169e-02     0.2421     0.5030    88.1839 0.0000e+00
        495 346.598583    0.03433     2.0598    123.588     52.497  49650.020    31.2233     7.5018     52.000     7.4959    24.3790     6.0549     8.6530     88.502    263.974    270.409   -0.00070    6.84149    9.77717  298.26925   15.39858 3.7973e-02     0.2398     0.4971    88.3144 0.0000e+00
        500 346.598596    0.03464     2.0786    124.715     53.505  49651.489    31.2230     7.4962     53.000     7.4872    24.3795     6.0453     8.6394     88.351    263.559    269.984   -0.00154    6.84237    9.77843  298.30776   15.40043 3.7784e-02     0.2431     0.4867    88.5438 0.0000e+00
