CTD-processing/allCTD/CNV/2019_07-25_t3_s14_cast040_4141.cnv
* Sea-Bird SBE19plus Data File:
* FileName = C:\Users\jwschloemer\Documents\CTD Data\2019_07-25_T3\2019_07-25_T3_1_Cast040.hex
* Software Version 1.59
* Temperature SN =  4141
* Conductivity SN =  4141
* System UpLoad Time = Aug 02 2019 13:50:55
** Cook Inlet LTM Transect 3
** Date: 2019_07-25
** Station:3-14
** Start Time (AKST):14:00
** Depth (m):27.9
** Comment:
** Comment:
# nquan = 27
# nvalues = 28                          
# units = specified
# name 0 = scan: Scan Count
# name 1 = timeJ: Julian Days
# name 2 = timeH: Time, Elapsed [hours]
# name 3 = timeM: Time, Elapsed [minutes]
# name 4 = timeS: Time, Elapsed [seconds]
# name 5 = prdM: Pressure, Strain Gauge [db]
# name 6 = specc: Specific Conductance [uS/cm]
# name 7 = sal00: Salinity, Practical [PSU]
# name 8 = tv290C: Temperature [ITS-90, deg C]
# name 9 = depSM: Depth [salt water, m], lat = 59.00
# name 10 = potemp090C: Potential Temperature [ITS-90, deg C]
# name 11 = sigma-é00: Density [sigma-theta, kg/m^3]
# name 12 = sbeox0ML/L: Oxygen, SBE 43 [ml/l]
# name 13 = sbeox0Mg/L: Oxygen, SBE 43 [mg/l]
# name 14 = sbeox0PS: Oxygen, SBE 43 [% saturation]
# name 15 = sbox0Mm/Kg: Oxygen, SBE 43 [umol/kg]
# name 16 = sbeox0Mm/L: Oxygen, SBE 43 [umol/l]
# name 17 = sbox0dV/dT: Oxygen, SBE 43 [dov/dt]
# name 18 = oxsolML/L: Oxygen Saturation, Garcia & Gordon [ml/l]
# name 19 = oxsolMg/L: Oxygen Saturation, Garcia & Gordon [mg/l]
# name 20 = oxsolMm/Kg: Oxygen Saturation, Garcia & Gordon [umol/kg]
# name 21 = n2satMg/L: Nitrogen Saturation [mg/l]
# name 22 = par: PAR/Irradiance, Biospherical/Licor
# name 23 = wetStar: Fluorescence, WET Labs WETstar [mg/m^3]
# name 24 = CStarAt0: Beam Attenuation, WET Labs C-Star [1/m]
# name 25 = CStarTr0: Beam Transmission, WET Labs C-Star [%]
# name 26 = flag: flag
# span 0 =        242,        445       
# span 1 = 206.583685, 206.584270       
# span 2 =    0.01677,    0.03080       
# span 3 =     1.0060,     1.8487       
# span 4 =     60.361,    110.923       
# span 5 =      1.017,     28.235       
# span 6 =  47000.869,  48726.165       
# span 7 =    30.0220,    31.0958       
# span 8 =    11.2648,    12.7662       
# span 9 =      1.000,     28.000       
# span 10 =    11.2621,    12.6883      
# span 11 =    22.5844,    23.6909      
# span 12 =     6.2338,     6.5907      
# span 13 =     8.9088,     9.4188      
# span 14 =     98.950,    106.744      
# span 15 =    271.962,    287.782      
# span 16 =    278.405,    294.341      
# span 17 =   -0.01249,    0.04852      
# span 18 =    6.14430,    6.29998      
# span 19 =    8.78081,    9.00331      
# span 20 =  268.34112,  274.84587      
# span 21 =   13.97170,   14.27929      
# span 22 = 8.3214e+00, 1.0005e+03      
# span 23 =     0.3084,     1.2073      
# span 24 =     0.4255,     4.5314      
# span 25 =    70.1918,    89.9091      
# span 26 = 0.0000e+00, 0.0000e+00      
# interval = meters: 1                  
# start_time = Jul 25 2019 13:59:30 [Instrument's time stamp, header]
# bad_flag = -9.990e-29
*END*
        242 206.583685    0.01677     1.0060     60.361      1.017  47000.869    30.0220    12.7662      1.000    12.6883    22.5844     6.3634     9.0940    103.551    277.908    284.191    0.04852    6.14430    8.78081  268.34112   13.97170 5.5479e+02     0.3260     4.5314    70.1918 0.0000e+00
        301 206.583855    0.02085     1.2513     75.081      2.016  47307.946    30.2216    12.4752      2.000    12.2556    22.7933     6.5907     9.4188    106.744    287.782    294.341    0.02672    6.17437    8.82379  269.60219   14.03141 1.0005e+03     0.3084     0.4761    88.9920 0.0000e+00
        307 206.583872    0.02125     1.2752     76.514      3.031  47790.982    30.5239    12.0534      3.000    12.0029    23.1055     6.4844     9.2669    104.291    283.053    289.593   -0.00135    6.21763    8.88561  271.40828   14.11682 3.7060e+02     0.3174     0.4532    89.2876 0.0000e+00
        312 206.583887    0.02161     1.2965     77.789      4.031  47896.276    30.5858    11.9275      4.000    11.8436    23.1765     6.4900     9.2749    104.145    283.280    289.845   -0.00216    6.23178    8.90584  272.00719   14.14528 3.2806e+02     0.3742     0.4475    89.4145 0.0000e+00
        318 206.583903    0.02200     1.3202     79.212      5.051  48170.201    30.7529    11.6634      5.000    11.5816    23.3538     6.4766     9.2557    103.457    282.644    289.245   -0.00586    6.26019    8.94645  273.20016   14.20179 2.9600e+02     0.3977     0.4402    89.5803 0.0000e+00
        323 206.583919    0.02237     1.3424     80.544      6.054  48370.248    30.8806    11.5321      6.000    11.5185    23.4764     6.4322     9.1922    102.543    280.672    287.262   -0.00990    6.27265    8.96425  273.71096   14.22576 2.4554e+02     0.4851     0.4321    89.7621 0.0000e+00
        329 206.583935    0.02279     1.3672     82.035      7.072  48405.556    30.9032    11.5123      7.000    11.5121    23.4975     6.3713     9.1052    101.545    278.011    284.544   -0.01249    6.27440    8.96675  273.78165   14.22906 1.9736e+02     0.7312     0.4423    89.5314 0.0000e+00
        334 206.583949    0.02311     1.3864     83.186      8.071  48417.145    30.9110    11.5131      8.000    11.5099    23.5035     6.3458     9.0688    101.145    276.898    283.405   -0.01140    6.27399    8.96617  273.76215   14.22809 1.6801e+02     0.6911     0.4469    89.4293 0.0000e+00
        340 206.583967    0.02355     1.4128     84.770      9.088  48445.625    30.9298    11.5034      9.000    11.4991    23.5198     6.3385     9.0583    101.020    276.573    283.077   -0.00739    6.27452    8.96692  273.78102   14.22892 1.5705e+02     0.7243     0.4437    89.5007 0.0000e+00
        346 206.583984    0.02395     1.4371     86.225     10.093  48472.038    30.9470    11.4925     10.000    11.4870    23.5351     6.3246     9.0384    100.785    275.960    282.455   -0.00607    6.27531    8.96804  273.81117   14.23030 1.2246e+02     0.8915     0.4468    89.4304 0.0000e+00
        351 206.584000    0.02432     1.4591     87.543     11.104  48488.306    30.9573    11.4846     11.000    11.4813    23.5445     6.3103     9.0180    100.547    275.333    281.816   -0.00536    6.27596    8.96897  273.83687   14.23149 1.1270e+02     0.9666     0.4511    89.3343 0.0000e+00
        357 206.584015    0.02469     1.4818     88.909     12.115  48495.914    30.9615    11.4770     12.000    11.4658    23.5491     6.2931     8.9934    100.258    274.582    281.048   -0.00541    6.27681    8.97020  273.87309   14.23321 9.7526e+01     1.0362     0.4550    89.2474 0.0000e+00
        362 206.584031    0.02508     1.5048     90.286     13.119  48537.066    30.9859    11.4365     13.000    11.4231    23.5754     6.2792     8.9736     99.966    273.969    280.428   -0.00529    6.28127    8.97657  274.06062   14.24209 8.4217e+01     1.0695     0.4463    89.4440 0.0000e+00
        368 206.584049    0.02551     1.5307     91.841     14.140  48566.769    31.0035    11.4077     14.000    11.3869    23.5941     6.2763     8.9695     99.871    273.839    280.301   -0.00376    6.28443    8.98107  274.19316   14.24837 6.7485e+01     1.1756     0.4549    89.2505 0.0000e+00
        373 206.584063    0.02585     1.5512     93.070     15.138  48621.894    31.0368    11.3586     15.000    11.3473    23.6288     6.2640     8.9519     99.593    273.294    279.752   -0.00435    6.28969    8.98859  274.41336   14.25880 6.1454e+01     1.1163     0.4516    89.3226 0.0000e+00
        379 206.584081    0.02628     1.5767     94.603     16.157  48643.009    31.0496    11.3421     16.000    11.3390    23.6416     6.2511     8.9336     99.360    272.729    279.177   -0.00422    6.29140    8.99104  274.48474   14.26216 5.1704e+01     1.2001     0.4549    89.2506 0.0000e+00
        384 206.584094    0.02661     1.5961     95.768     17.152  48646.568    31.0514    11.3384     17.000    11.3376    23.6436     6.2527     8.9358     99.379    272.798    279.248   -0.00275    6.29183    8.99165  274.50288   14.26303 4.3078e+01     1.1847     0.4641    89.0450 0.0000e+00
        391 206.584114    0.02707     1.6240     97.440     18.179  48632.266    31.0423    11.3520     18.000    11.3522    23.6342     6.2601     8.9464     99.520    273.123    279.578   -0.00073    6.29036    8.98955  274.44133   14.26011 3.8113e+01     1.1922     0.4470    89.4265 0.0000e+00
        396 206.584128    0.02740     1.6439     98.631     19.176  48638.293    31.0453    11.3440     19.000    11.3306    23.6380     6.2629     8.9503     99.548    273.243    279.701   -0.00025    6.29131    8.99092  274.48187   14.26205 3.1107e+01     1.1402     0.4605    89.1256 0.0000e+00
        401 206.584144    0.02778     1.6668    100.010     20.192  48661.385    31.0595    11.3277     20.000    11.3285    23.6519     6.2612     8.9479     99.496    273.166    279.627   -0.00071    6.29294    8.99325  274.54924   14.26522 2.7058e+01     1.1727     0.4470    89.4273 0.0000e+00
        406 206.584159    0.02815     1.6890    101.339     21.195  48659.673    31.0578    11.3274     21.000    11.3179    23.6507     6.2580     8.9432     99.442    273.023    279.480   -0.00080    6.29306    8.99341  274.55447   14.26547 2.3227e+01     1.1379     0.4428    89.5213 0.0000e+00
        412 206.584176    0.02857     1.7143    102.859     22.211  48679.815    31.0697    11.3086     22.000    11.2990    23.6633     6.2529     8.9360     99.329    272.797    279.253   -0.00131    6.29511    8.99634  274.64065   14.26955 1.9585e+01     1.2073     0.4493    89.3754 0.0000e+00
        418 206.584192    0.02894     1.7363    104.177     23.220  48702.509    31.0831    11.2884     23.000    11.2815    23.6772     6.2425     8.9212     99.130    272.342    278.790   -0.00218    6.29728    8.99945  274.73182   14.27387 1.7087e+01     1.0840     0.4393    89.5996 0.0000e+00
        423 206.584206    0.02929     1.7574    105.444     24.225  48710.692    31.0875    11.2790     24.000    11.2708    23.6823     6.2364     8.9125     99.015    272.074    278.517   -0.00238    6.29839    9.00102  274.77841   14.27608 1.4469e+01     1.0227     0.4408    89.5657 0.0000e+00
        428 206.584223    0.02968     1.7809    106.855     25.236  48724.109    31.0954    11.2680     25.000    11.2643    23.6904     6.2377     8.9143     99.018    272.129    278.576   -0.00148    6.29956    9.00270  274.82741   14.27840 1.2520e+01     1.1232     0.4328    89.7453 0.0000e+00
        435 206.584241    0.03011     1.8065    108.391     26.253  48725.415    31.0958    11.2671     26.000    11.2641    23.6909     6.2349     8.9103     98.972    272.006    278.450   -0.00130    6.29966    9.00285  274.83177   14.27860 1.0725e+01     0.9297     0.4255    89.9091 0.0000e+00
        439 206.584254    0.03043     1.8259    109.553     27.252  48724.354    31.0947    11.2671     27.000    11.2631    23.6900     6.2375     8.9140     99.012    272.119    278.566   -0.00064    6.29971    9.00291  274.83407   14.27872 8.9508e+00     0.9666     0.4291    89.8277 0.0000e+00
        445 206.584270    0.03080     1.8487    110.923     28.235  48726.165    31.0953    11.2648     28.000    11.2621    23.6909     6.2338     8.9088     98.950    271.962    278.405   -0.00073    6.29998    9.00331  274.84587   14.27929 8.3214e+00     1.1374     0.4508    89.3389 0.0000e+00
