CTD-processing/allCTD/CNV/2019_07-25_t6_s04_cast029_4141.cnv
* Sea-Bird SBE19plus Data File:
* FileName = C:\Users\jwschloemer\Documents\CTD Data\2019_07-25_T6\2019_07-25_T6_0_Cast029.hex
* Software Version 1.59
* Temperature SN =  4141
* Conductivity SN =  4141
* System UpLoad Time = Aug 02 2019 13:27:39
** Cook Inlet LTM Transect 6
** Date: 2019_07-25
** Station:6-4
** Start Time (AKST):10:19
** Depth (m):104
** Comment:
** Comment:
# nquan = 27
# nvalues = 99                          
# units = specified
# name 0 = scan: Scan Count
# name 1 = timeJ: Julian Days
# name 2 = timeH: Time, Elapsed [hours]
# name 3 = timeM: Time, Elapsed [minutes]
# name 4 = timeS: Time, Elapsed [seconds]
# name 5 = prdM: Pressure, Strain Gauge [db]
# name 6 = specc: Specific Conductance [uS/cm]
# name 7 = sal00: Salinity, Practical [PSU]
# name 8 = tv290C: Temperature [ITS-90, deg C]
# name 9 = depSM: Depth [salt water, m], lat = 59.00
# name 10 = potemp090C: Potential Temperature [ITS-90, deg C]
# name 11 = sigma-é00: Density [sigma-theta, kg/m^3]
# name 12 = sbeox0ML/L: Oxygen, SBE 43 [ml/l]
# name 13 = sbeox0Mg/L: Oxygen, SBE 43 [mg/l]
# name 14 = sbeox0PS: Oxygen, SBE 43 [% saturation]
# name 15 = sbox0Mm/Kg: Oxygen, SBE 43 [umol/kg]
# name 16 = sbeox0Mm/L: Oxygen, SBE 43 [umol/l]
# name 17 = sbox0dV/dT: Oxygen, SBE 43 [dov/dt]
# name 18 = oxsolML/L: Oxygen Saturation, Garcia & Gordon [ml/l]
# name 19 = oxsolMg/L: Oxygen Saturation, Garcia & Gordon [mg/l]
# name 20 = oxsolMm/Kg: Oxygen Saturation, Garcia & Gordon [umol/kg]
# name 21 = n2satMg/L: Nitrogen Saturation [mg/l]
# name 22 = par: PAR/Irradiance, Biospherical/Licor
# name 23 = wetStar: Fluorescence, WET Labs WETstar [mg/m^3]
# name 24 = CStarAt0: Beam Attenuation, WET Labs C-Star [1/m]
# name 25 = CStarTr0: Beam Transmission, WET Labs C-Star [%]
# name 26 = flag: flag
# span 0 =        184,        767       
# span 1 = 206.430125, 206.431810       
# span 2 =    0.01271,    0.05317       
# span 3 =     0.7628,     3.1904       
# span 4 =     45.766,    191.425       
# span 5 =      1.021,     99.903       
# span 6 =  49419.459,  50636.134       
# span 7 =    31.5612,    32.0571       
# span 8 =     8.5358,    10.9114       
# span 9 =      1.000,     99.000       
# span 10 =     8.5257,    10.8612      
# span 11 =    24.1147,    24.8864      
# span 12 =     5.3747,     6.5051      
# span 13 =     7.6809,     9.2964      
# span 14 =     80.861,    102.523      
# span 15 =    234.203,    283.642      
# span 16 =    240.032,    290.518      
# span 17 =   -0.02026,    0.09880      
# span 18 =    6.32926,    6.64689      
# span 19 =    9.04514,    9.49908      
# span 20 =  276.01049,  289.64203      
# span 21 =   14.33322,   14.98329      
# span 22 = 5.2490e-02, 7.7321e+02      
# span 23 =     0.3690,     2.0373      
# span 24 =     0.2534,     1.8279      
# span 25 =    72.2440,    93.8623      
# span 26 = 0.0000e+00, 0.0000e+00      
# interval = meters: 1                  
# start_time = Jul 25 2019 10:18:37 [Instrument's time stamp, header]
# bad_flag = -9.990e-29
*END*
[from data line 54]
        519 206.431094    0.03597     2.1581    129.484     55.519  50488.574    32.0063     8.7581     55.000     8.7378    24.8125     5.5096     7.8739     83.277    240.104    246.062   -0.01812    6.61608    9.45505  288.32035   14.92032 5.3397e-01     0.4345     0.2623    93.6521 0.0000e+00
        527 206.431116    0.03650     2.1899    131.391     56.544  50520.916    32.0235     8.7241     56.000     8.7162    24.8312     5.4870     7.8415     82.881    239.113    245.051   -0.01200    6.62038    9.46118  288.50215   14.92894 4.8914e-01     0.4297     0.2630    93.6370 0.0000e+00
        531 206.431129    0.03683     2.2100    132.601     57.549  50518.559    32.0204     8.7168     57.000     8.7045    24.8298     5.4902     7.8460     82.913    239.251    245.192   -0.00810    6.62159    9.46291  288.55545   14.93150 4.3940e-01     0.4046     0.2623    93.6529 0.0000e+00
        536 206.431143    0.03715     2.2291    133.748     58.549  50525.960    32.0224     8.6988     58.000     8.6854    24.8342     5.4931     7.8502     82.925    239.378    245.322   -0.00566    6.62416    9.46659  288.66631   14.93679 4.0008e-01     0.4147     0.2664    93.5578 0.0000e+00
        542 206.431162    0.03760     2.2562    135.374     59.569  50538.692    32.0280     8.6794     59.000     8.6689    24.8415     5.4863     7.8404     82.789    239.077    245.016   -0.00415    6.62680    9.47036  288.77927   14.94217 3.6497e-01     0.4297     0.2680    93.5197 0.0000e+00
        548 206.431177    0.03797     2.2779    136.673     60.579  50542.194    32.0280     8.6663     60.000     8.6531    24.8435     5.4743     7.8234     82.585    238.558    244.484   -0.00410    6.62874    9.47314  288.86323   14.94617 3.3096e-01     0.4711     0.2848    93.1291 0.0000e+00
        552 206.431189    0.03827     2.2963    137.780     61.578  50552.254    32.0324     8.6510     61.000     8.6389    24.8492     5.4695     7.8165     82.487    238.348    244.270   -0.00356    6.63082    9.47611  288.95224   14.95041 3.0221e-01     0.3952     0.2738    93.3860 0.0000e+00
        559 206.431208    0.03872     2.3229    139.377     62.594  50565.206    32.0379     8.6307     62.000     8.6202    24.8566     5.4600     7.8029     82.308    237.929    243.843   -0.00325    6.63359    9.48006  289.07077   14.95605 2.7572e-01     0.3729     0.2723    93.4184 0.0000e+00
        565 206.431228    0.03918     2.3507    141.043     63.611  50563.364    32.0337     8.6143     63.000     8.5961    24.8558     5.4526     7.7923     82.164    237.607    243.512   -0.00276    6.63620    9.48380  289.18491   14.96153 2.5080e-01     0.4226     0.2710    93.4471 0.0000e+00
        570 206.431241    0.03951     2.3706    142.233     64.614  50582.387    32.0431     8.5909     64.000     8.5770    24.8667     5.4397     7.7739     81.932    237.042    242.936   -0.00342    6.63929    9.48821  289.31639   14.96777 2.2544e-01     0.4069     0.2725    93.4148 0.0000e+00
        574 206.431254    0.03982     2.3894    143.365     65.620  50596.648    32.0501     8.5745     65.000     8.5662    24.8747     5.4266     7.7552     81.709    236.472    242.353   -0.00381    6.64142    9.49126  289.40711   14.97207 2.0532e-01     0.4254     0.2786    93.2723 0.0000e+00
        580 206.431272    0.04024     2.4144    144.866     66.632  50599.339    32.0514     8.5731     66.000     8.5654    24.8758     5.4150     7.7385     81.531    235.962    241.831   -0.00348    6.64157    9.49147  289.41318   14.97236 1.8946e-01     0.4147     0.2775    93.2980 0.0000e+00
        587 206.431290    0.04068     2.4408    146.448     67.646  50601.911    32.0520     8.5685     67.000     8.5615    24.8771     5.4133     7.7362     81.499    235.892    241.759   -0.00259    6.64224    9.49242  289.44186   14.97373 1.7459e-01     0.4375     0.2765    93.3210 0.0000e+00
        592 206.431306    0.04106     2.4638    147.829     68.648  50602.349    32.0519     8.5687     68.000     8.5614    24.8770     5.4133     7.7361     81.498    235.887    241.756   -0.00160    6.64222    9.49239  289.44100   14.97369 1.6073e-01     0.4356     0.2792    93.2582 0.0000e+00
        600 206.431328    0.04161     2.4967    149.803     69.679  50603.310    32.0519     8.5669     69.000     8.5596    24.8772     5.4094     7.7306     81.436    235.720    241.583   -0.00122    6.64249    9.49278  289.45290   14.97426 1.4752e-01     0.4022     0.2757    93.3387 0.0000e+00
        604 206.431340    0.04188     2.5125    150.750     70.673  50604.341    32.0522     8.5670     70.000     8.5601    24.8775     5.4125     7.7351     81.484    235.857    241.725   -0.00074    6.64245    9.49273  289.45107   14.97417 1.3613e-01     0.3897     0.2776    93.2951 0.0000e+00
        608 206.431351    0.04214     2.5284    151.707     71.683  50602.742    32.0506     8.5673     71.000     8.5589    24.8762     5.4140     7.7372     81.506    235.921    241.790   -0.00045    6.64247    9.49275  289.45223   14.97423 1.2586e-01     0.4046     0.2865    93.0884 0.0000e+00
        613 206.431366    0.04251     2.5507    153.044     72.683  50604.031    32.0506     8.5640     72.000     8.5551    24.8766     5.4149     7.7384     81.512    235.957    241.828   -0.00030    6.64297    9.49346  289.47379   14.97526 1.1772e-01     0.4374     0.2766    93.3191 0.0000e+00
        622 206.431391    0.04311     2.5868    155.207     73.714  50609.733    32.0536     8.5607     73.000     8.5550    24.8795     5.4063     7.7262     81.380    235.584    241.445   -0.00097    6.64333    9.49397  289.48864   14.97596 1.0998e-01     0.4817     0.2747    93.3635 0.0000e+00
        625 206.431401    0.04335     2.6011    156.068     74.700  50607.983    32.0524     8.5638     74.000     8.5571    24.8782     5.3981     7.7145     81.261    235.228    241.081   -0.00175    6.64292    9.49339  289.47116   14.97513 1.0267e-01     0.4572     0.2851    93.1218 0.0000e+00
        632 206.431421    0.04382     2.6294    157.764     75.727  50603.762    32.0490     8.5639     75.000     8.5530    24.8755     5.4095     7.7307     81.431    235.724    241.588   -0.00014    6.64304    9.49357  289.47736   14.97544 9.6882e-02     0.4348     0.2719    93.4274 0.0000e+00
        638 206.431437    0.04421     2.6524    159.145     76.727  50612.228    32.0527     8.5521     76.000     8.5430    24.8802     5.4090     7.7299     81.403    235.701    241.565   -0.00028    6.64465    9.49587  289.54611   14.97871 9.1189e-02     0.4322     0.2755    93.3446 0.0000e+00
        643 206.431453    0.04458     2.6749    160.496     77.752  50617.390    32.0554     8.5492     77.000     8.5425    24.8828     5.4047     7.7238     81.335    235.513    241.373   -0.00074    6.64496    9.49630  289.55868   14.97930 8.6272e-02     0.3983     0.2784    93.2771 0.0000e+00
        648 206.431466    0.04490     2.6938    161.631     78.746  50616.131    32.0554     8.5575     78.000     8.5523    24.8815     5.3955     7.7107     81.212    235.114    240.965   -0.00125    6.64373    9.49455  289.50551   14.97676 8.2205e-02     0.4405     0.2789    93.2662 0.0000e+00
        654 206.431485    0.04536     2.7212    163.274     79.761  50607.242    32.0486     8.5570     79.000     8.5444    24.8763     5.3981     7.7145     81.248    235.230    241.082   -0.00060    6.64410    9.49508  289.52321   14.97763 7.8637e-02     0.3911     0.2773    93.3012 0.0000e+00
        660 206.431502    0.04575     2.7454    164.724     80.772  50616.978    32.0532     8.5454     80.000     8.5349    24.8817     5.4009     7.7185     81.271    235.351    241.207   -0.00027    6.64561    9.49725  289.58774   14.98069 7.5241e-02     0.3690     0.2793    93.2568 0.0000e+00
        666 206.431520    0.04621     2.7729    166.372     81.784  50623.773    32.0567     8.5399     81.000     8.5318    24.8852     5.3969     7.7127     81.201    235.172    241.025   -0.00063    6.64630    9.49822  289.61621   14.98205 7.2368e-02     0.4606     0.2755    93.3421 0.0000e+00
        672 206.431535    0.04658     2.7944    167.662     82.792  50624.518    32.0569     8.5410     82.000     8.5335    24.8853     5.3933     7.7077     81.150    235.020    240.867   -0.00080    6.64613    9.49798  289.60914   14.98170 6.9734e-02     0.3987     0.2846    93.1320 0.0000e+00
        676 206.431549    0.04689     2.8132    168.794     83.796  50623.524    32.0560     8.5430     83.000     8.5350    24.8843     5.3929     7.7070     81.146    234.997    240.845   -0.00067    6.64585    9.49758  289.59717   14.98114 6.7384e-02     0.4287     0.2849    93.1252 0.0000e+00
        682 206.431566    0.04730     2.8381    170.284     84.806  50623.566    32.0557     8.5431     84.000     8.5345    24.8840     5.3930     7.7072     81.148    235.003    240.851   -0.00045    6.64586    9.49759  289.59758   14.98116 6.5496e-02     0.4502     0.2818    93.1969 0.0000e+00
        690 206.431588    0.04783     2.8694    172.162     85.823  50623.864    32.0554     8.5428     85.000     8.5338    24.8838     5.3962     7.7118     81.197    235.146    240.997   -0.00005    6.64592    9.49768  289.60031   14.98129 6.3637e-02     0.4304     0.2788    93.2671 0.0000e+00
        696 206.431605    0.04823     2.8938    173.629     86.834  50625.635    32.0560     8.5415     86.000     8.5326    24.8845     5.3957     7.7110     81.186    235.123    240.974   -0.00014    6.64608    9.49791  289.60722   14.98162 6.2013e-02     0.4461     0.2869    93.0791 0.0000e+00
        701 206.431619    0.04858     2.9147    174.883     87.833  50626.486    32.0559     8.5400     87.000     8.5307    24.8847     5.3947     7.7096     81.168    235.078    240.928   -0.00028    6.64631    9.49824  289.61731   14.98210 6.0671e-02     0.4259     0.2862    93.0959 0.0000e+00
        708 206.431641    0.04909     2.9454    176.722     88.870  50627.281    32.0559     8.5391     88.000     8.5294    24.8847     5.3905     7.7036     81.103    234.894    240.740   -0.00052    6.64644    9.49843  289.62276   14.98236 5.9361e-02     0.4321     0.2822    93.1867 0.0000e+00
        711 206.431650    0.04933     2.9600    177.600     89.846  50629.427    32.0567     8.5376     89.000     8.5285    24.8857     5.3861     7.6972     81.034    234.700    240.541   -0.00099    6.64663    9.49870  289.63084   14.98274 5.8423e-02     0.4225     0.2833    93.1630 0.0000e+00
        719 206.431672    0.04985     2.9913    179.476     90.876  50630.051    32.0567     8.5374     90.000     8.5282    24.8857     5.3923     7.7061     81.128    234.972    240.819   -0.00005    6.64666    9.49873  289.63189   14.98279 5.7381e-02     0.4074     0.2799    93.2411 0.0000e+00
        725 206.431689    0.05025     3.0151    180.905     91.885  50630.921    32.0568     8.5371     91.000     8.5277    24.8859     5.3816     7.6908     80.966    234.505    240.341   -0.00100    6.64671    9.49881  289.63428   14.98290 5.6589e-02     0.4533     0.2844    93.1371 0.0000e+00
        729 206.431701    0.05055     3.0331    181.986     92.883  50631.853    32.0570     8.5371     92.000     8.5278    24.8860     5.3776     7.6852     80.906    234.332    240.164   -0.00124    6.64670    9.49879  289.63359   14.98288 5.5772e-02     0.4270     0.2872    93.0701 0.0000e+00
        736 206.431721    0.05101     3.0609    183.656     93.897  50632.005    32.0566     8.5371     93.000     8.5275    24.8858     5.3800     7.6886     80.942    234.437    240.271   -0.00061    6.64671    9.49882  289.63442   14.98291 5.5005e-02     0.4756     0.2821    93.1899 0.0000e+00
        743 206.431742    0.05154     3.0922    185.534     94.921  50633.233    32.0569     8.5364     94.000     8.5267    24.8861     5.3800     7.6885     80.941    234.436    240.270   -0.00042    6.64680    9.49894  289.63799   14.98309 5.4421e-02     0.4380     0.2845    93.1342 0.0000e+00
        747 206.431753    0.05180     3.1080    186.479     95.913  50633.712    32.0568     8.5361     95.000     8.5262    24.8861     5.3805     7.6892     80.948    234.459    240.293   -0.00032    6.64685    9.49902  289.64030   14.98320 5.3892e-02     0.4771     0.2884    93.0436 0.0000e+00
        752 206.431767    0.05212     3.1275    187.653     96.928  50634.824    32.0571     8.5358     96.000     8.5264    24.8864     5.3786     7.6865     80.918    234.373    240.206   -0.00043    6.64688    9.49905  289.64138   14.98325 5.3361e-02     0.4280     0.2938    92.9191 0.0000e+00
        757 206.431784    0.05253     3.1516    189.096     97.938  50634.994    32.0568     8.5364     97.000     8.5265    24.8861     5.3747     7.6809     80.861    234.203    240.032   -0.00070    6.64681    9.49896  289.63866   14.98312 5.2889e-02     0.4683     0.2872    93.0709 0.0000e+00
        763 206.431801    0.05295     3.1765    190.590     98.960  50635.824    32.0569     8.5362     98.000     8.5261    24.8862     5.3830     7.6928     80.985    234.565    240.403    0.00030    6.64683    9.49899  289.63958   14.98316 5.2558e-02     0.4725     0.2883    93.0462 0.0000e+00
        767 206.431810    0.05317     3.1904    191.425     99.903  50636.134    32.0568     8.5360     99.000     8.5257    24.8861     5.3804     7.6891     80.946    234.456    240.290   -0.00012    6.64689    9.49908  289.64203   14.98329 5.2490e-02     0.5468     0.2979    92.8231 0.0000e+00
