CTD-processing/allCTD/CNV/2019_05-14_alongbay_skb13_cast204_4141.cnv
* Sea-Bird SBE19plus Data File:
* FileName = C:\Users\jwschloemer\Documents\CTD Data\2019_05-14_AlongBay_T4_T9_T3\2019_15-14_AlongBay_SKB01_Cast204.hex
* Software Version 1.59
* Temperature SN =  4141
* Conductivity SN =  4141
* System UpLoad Time = May 15 2019 17:23:27
** Cook Inlet LTM Transect Along Bay
** Date: 2019_05_14
** Station:13
** Start Time (AKST):16:45
** Depth (m):25
** Comment:
# nquan = 27
# nvalues = 23                          
# units = specified
# name 0 = scan: Scan Count
# name 1 = timeJ: Julian Days
# name 2 = timeH: Time, Elapsed [hours]
# name 3 = timeM: Time, Elapsed [minutes]
# name 4 = timeS: Time, Elapsed [seconds]
# name 5 = prdM: Pressure, Strain Gauge [db]
# name 6 = specc: Specific Conductance [uS/cm]
# name 7 = sal00: Salinity, Practical [PSU]
# name 8 = tv290C: Temperature [ITS-90, deg C]
# name 9 = depSM: Depth [salt water, m], lat = 59.00
# name 10 = potemp090C: Potential Temperature [ITS-90, deg C]
# name 11 = sigma-é00: Density [sigma-theta, kg/m^3]
# name 12 = sbeox0ML/L: Oxygen, SBE 43 [ml/l]
# name 13 = sbeox0Mg/L: Oxygen, SBE 43 [mg/l]
# name 14 = sbeox0PS: Oxygen, SBE 43 [% saturation]
# name 15 = sbox0Mm/Kg: Oxygen, SBE 43 [umol/kg]
# name 16 = sbeox0Mm/L: Oxygen, SBE 43 [umol/l]
# name 17 = sbox0dV/dT: Oxygen, SBE 43 [dov/dt]
# name 18 = oxsolML/L: Oxygen Saturation, Garcia & Gordon [ml/l]
# name 19 = oxsolMg/L: Oxygen Saturation, Garcia & Gordon [mg/l]
# name 20 = oxsolMm/Kg: Oxygen Saturation, Garcia & Gordon [umol/kg]
# name 21 = n2satMg/L: Nitrogen Saturation [mg/l]
# name 22 = par: PAR/Irradiance, Biospherical/Licor
# name 23 = wetStar: Fluorescence, WET Labs WETstar [mg/m^3]
# name 24 = CStarAt0: Beam Attenuation, WET Labs C-Star [1/m]
# name 25 = CStarTr0: Beam Transmission, WET Labs C-Star [%]
# name 26 = flag: flag
# span 0 =        257,        363       
# span 1 = 134.698728, 134.699035       
# span 2 =    0.01780,    0.02517       
# span 3 =     1.0677,     1.5099       
# span 4 =     64.061,     90.593       
# span 5 =      1.027,     23.210       
# span 6 =  46579.662,  50676.541       
# span 7 =    29.3400,    31.7259       
# span 8 =     6.2411,     9.1010       
# span 9 =      1.000,     23.000       
# span 10 =     6.2380,     9.1005      
# span 11 =    22.6749,    24.9372      
# span 12 =     6.3720,     8.7299      
# span 13 =     9.1062,    12.4761      
# span 14 =     90.759,    130.689      
# span 15 =    277.648,    381.231      
# span 16 =    284.571,    389.881      
# span 17 =   -0.10713,    0.13250      
# span 18 =    6.67978,    7.02072      
# span 19 =    9.54608,   10.03332      
# span 20 =  291.70481,  305.91674      
# span 21 =   15.09292,   15.76122      
# span 22 = 1.9793e-01, 3.1571e+02      
# span 23 =     0.5990,     8.3447      
# span 24 =     0.9259,     2.0748      
# span 25 =    59.5301,    79.3369      
# span 26 = 0.0000e+00, 0.0000e+00      
# interval = meters: 1                  
# start_time = May 14 2019 16:45:06 [Instrument's time stamp, header]
# bad_flag = -9.990e-29
*END*
        257 134.698728    0.01780     1.0677     64.061      1.027  46605.498    29.3577     9.0949      1.000     9.0967    22.6896     8.7299    12.4761    130.689    381.231    389.881    0.13250    6.67995    9.54631  291.70763   15.09299 3.1571e+02     3.4375     1.9646    61.1915 0.0000e+00
        262 134.698742    0.01814     1.0886     65.315      2.020  46579.662    29.3400     9.1010      2.000     9.1005    22.6749     8.5901    12.2761    128.599    375.130    383.636    0.07577    6.67978    9.54608  291.70481   15.09292 1.2872e+02     3.4636     1.9935    60.7519 0.0000e+00
        267 134.698755    0.01845     1.1071     66.425      3.027  46598.637    29.3503     9.0821      3.000     9.0376    22.6858     8.5060    12.1559    127.294    371.451    379.878    0.04389    6.68216    9.54949  291.80569   15.09770 8.1948e+01     3.5210     1.9817    60.9331 0.0000e+00
        271 134.698768    0.01877     1.1262     67.572      4.040  46935.578    29.5665     8.9425      4.000     8.8602    22.8754     8.3975    12.0008    125.453    366.644    375.031    0.01852    6.69371    9.56599  292.25566   15.11830 5.3496e+01     3.7042     2.0748    59.5301 0.0000e+00
        276 134.698781    0.01907     1.1443     68.660      5.044  47227.554    29.7492     8.7904      5.000     8.7657    23.0408     8.3866    11.9852    125.011    366.109    374.544    0.00756    6.70865    9.58733  292.86059   15.14645 3.4821e+01     6.5235     2.0639    59.6937 0.0000e+00
        280 134.698794    0.01939     1.1634     69.802      6.056  47399.610    29.8619     8.7400      6.000     8.5571    23.1363     8.5967    12.2856    128.093    375.248    383.931    0.02433    6.71133    9.59117  292.95050   15.15027 2.5334e+01     8.3447     1.9779    60.9913 0.0000e+00
        285 134.698808    0.01972     1.1832     70.989      7.070  48372.318    30.4310     7.9926      7.000     7.4928    23.6887     8.6005    12.2911    126.477    375.214    384.102    0.00991    6.80056    9.71868  296.68464   15.32621 1.7320e+01     7.6805     1.6315    66.4922 0.0000e+00
        289 134.698820    0.02001     1.2008     72.048      8.071  49347.038    30.9692     7.1230      8.000     6.8766    24.2293     8.1906    11.7052    118.490    357.140    365.793   -0.04267    6.91280    9.87909  301.42251   15.55005 1.2603e+01     6.6617     1.4424    69.7270 0.0000e+00
        294 134.698835    0.02037     1.2221     73.324      9.083  50073.990    31.3905     6.6505      9.000     6.5460    24.6216     7.6593    10.9459    109.905    333.845    342.064   -0.07884    6.96951    9.96013  303.77865   15.66067 9.1041e+00     7.7088     1.2669    72.8615 0.0000e+00
        300 134.698850    0.02073     1.2440     74.638     10.099  50390.267    31.5707     6.4377     10.000     6.4023    24.7904     7.1660    10.2409    102.434    312.292    320.034   -0.09647    6.99574    9.99763  304.87216   15.71206 6.5557e+00     7.2074     1.1364    75.2697 0.0000e+00
        304 134.698864    0.02107     1.2643     75.858     11.105  50478.535    31.6182     6.3671     11.000     6.3528    24.8367     6.6940     9.5664     95.561    291.712    298.956   -0.10713    7.00507   10.01095  305.26463   15.73058 5.2001e+00     3.6346     0.9975    77.9299 0.0000e+00
        309 134.698878    0.02140     1.2842     77.050     12.115  50517.297    31.6397     6.3411     12.000     6.3287    24.8569     6.4621     9.2350     92.206    281.597    288.597   -0.09624    7.00832   10.01558  305.40013   15.73695 4.0381e+00     2.4535     0.9739    78.3908 0.0000e+00
        314 134.698891    0.02172     1.3033     78.199     13.118  50550.923    31.6584     6.3193     13.000     6.3141    24.8743     6.4481     9.2150     91.971    280.982    287.972   -0.07033    7.01103   10.01947  305.51328   15.74226 3.1781e+00     2.0058     0.9424    79.0102 0.0000e+00
        319 134.698907    0.02211     1.3268     79.606     14.139  50559.458    31.6626     6.3122     14.000     6.3109    24.8785     6.4769     9.2561     92.369    282.236    289.258   -0.04365    7.01200   10.02085  305.55436   15.74421 2.4973e+00     1.5140     0.9259    79.3369 0.0000e+00
        324 134.698921    0.02242     1.3453     80.716     15.139  50557.715    31.6608     6.3119     15.000     6.3102    24.8771     6.4976     9.2857     92.662    283.139    290.182   -0.03014    7.01213   10.02104  305.56041   15.74450 1.9563e+00     1.3606     0.9371    79.1139 0.0000e+00
        329 134.698934    0.02277     1.3659     81.952     16.154  50558.742    31.6608     6.3108     16.000     6.3074    24.8773     6.5215     9.3198     93.000    284.178    291.248   -0.01900    7.01232   10.02131  305.56839   15.74488 1.5446e+00     1.3378     0.9315    79.2243 0.0000e+00
        333 134.698948    0.02309     1.3853     83.115     17.161  50576.152    31.6702     6.2990     17.000     6.2847    24.8861     6.5355     9.3399     93.180    284.788    291.875   -0.01226    7.01382   10.02345  305.63129   15.74784 1.2107e+00     1.6025     0.9900    78.0816 0.0000e+00
        338 134.698961    0.02340     1.4044     84.267     18.169  50616.330    31.6930     6.2749     18.000     6.2681    24.9071     6.5239     9.3233     92.977    284.278    291.358   -0.00990    7.01671   10.02758  305.75078   15.75345 9.2438e-01     1.1452     1.2623    72.9410 0.0000e+00
        343 134.698976    0.02375     1.4248     85.489     19.179  50633.985    31.7028     6.2649     19.000     6.2604    24.9161     6.4788     9.2589     92.319    282.309    289.343   -0.01054    7.01788   10.02925  305.79903   15.75570 6.7444e-01     1.0462     1.3441    71.4621 0.0000e+00
        348 134.698990    0.02410     1.4456     86.738     20.191  50648.105    31.7107     6.2572     20.000     6.2530    24.9233     6.4143     9.1667     91.387    279.496    286.463   -0.01287    7.01879   10.03054  305.83643   15.75745 4.9718e-01     0.8110     1.3769    70.8762 0.0000e+00
        353 134.699004    0.02443     1.4658     87.951     21.198  50655.719    31.7145     6.2521     21.000     6.2486    24.9269     6.3973     9.1424     91.137    278.755    285.704   -0.01067    7.01946   10.03150  305.86449   15.75877 3.6577e-01     0.7095     1.3742    70.9250 0.0000e+00
        358 134.699019    0.02480     1.4882     89.290     22.211  50664.240    31.7188     6.2464     22.000     6.2421    24.9310     6.3882     9.1294     90.998    278.360    285.299   -0.00794    7.02019   10.03254  305.89508   15.76021 2.7238e-01     0.5990     1.4325    69.9013 0.0000e+00
        363 134.699035    0.02517     1.5099     90.593     23.210  50676.541    31.7259     6.2411     23.000     6.2380    24.9372     6.3720     9.1062     90.759    277.648    284.571   -0.00685    7.02072   10.03332  305.91674   15.76122 1.9793e-01     0.6120     1.5726    67.4924 0.0000e+00
