CTD-processing/allCTD/CNV/2019_11-15_alongbay_kb02_cast036_4141.cnv
* Sea-Bird SBE19plus Data File:
* FileName = C:\Users\Chris\Desktop\EVOSTC GWA LTM\CTD Data\2019_11-15_AlongBay\2019_11-15_AlongBay_KB_Cast036.hex
* Software Version 1.59
* Temperature SN =  4141
* Conductivity SN =  4141
* System UpLoad Time = Nov 20 2019 09:56:26
** Cook Inlet LTM AlongBay
** Date: 2019_11-15
** Station:02
** Start Time: (AKST):14:06
** Depth (m):125
** Comment:
** Comment:
# nquan = 27
# nvalues = 114                         
# units = specified
# name 0 = scan: Scan Count
# name 1 = timeJ: Julian Days
# name 2 = timeH: Time, Elapsed [hours]
# name 3 = timeM: Time, Elapsed [minutes]
# name 4 = timeS: Time, Elapsed [seconds]
# name 5 = prdM: Pressure, Strain Gauge [db]
# name 6 = specc: Specific Conductance [uS/cm]
# name 7 = sal00: Salinity, Practical [PSU]
# name 8 = tv290C: Temperature [ITS-90, deg C]
# name 9 = depSM: Depth [salt water, m], lat = 59.00
# name 10 = potemp090C: Potential Temperature [ITS-90, deg C]
# name 11 = sigma-é00: Density [sigma-theta, kg/m^3]
# name 12 = sbeox0ML/L: Oxygen, SBE 43 [ml/l]
# name 13 = sbeox0Mg/L: Oxygen, SBE 43 [mg/l]
# name 14 = sbeox0PS: Oxygen, SBE 43 [% saturation]
# name 15 = sbox0Mm/Kg: Oxygen, SBE 43 [umol/kg]
# name 16 = sbeox0Mm/L: Oxygen, SBE 43 [umol/l]
# name 17 = sbox0dV/dT: Oxygen, SBE 43 [dov/dt]
# name 18 = oxsolML/L: Oxygen Saturation, Garcia & Gordon [ml/l]
# name 19 = oxsolMg/L: Oxygen Saturation, Garcia & Gordon [mg/l]
# name 20 = oxsolMm/Kg: Oxygen Saturation, Garcia & Gordon [umol/kg]
# name 21 = n2satMg/L: Nitrogen Saturation [mg/l]
# name 22 = par: PAR/Irradiance, Biospherical/Licor
# name 23 = wetStar: Fluorescence, WET Labs WETstar [mg/m^3]
# name 24 = CStarAt0: Beam Attenuation, WET Labs C-Star [1/m]
# name 25 = CStarTr0: Beam Transmission, WET Labs C-Star [%]
# name 26 = flag: flag
# span 0 =        250,        820       
# span 1 = 319.630188, 319.631837       
# span 2 =    0.01728,    0.05687       
# span 3 =     1.0370,     3.4121       
# span 4 =     62.219,    204.727       
# span 5 =      1.013,    115.062       
# span 6 =  48763.497,  49107.582       
# span 7 =    30.7734,    30.9648       
# span 8 =     8.4284,     8.4685       
# span 9 =      1.000,    114.000       
# span 10 =     8.4269,     8.4612      
# span 11 =    23.8937,    24.0447      
# span 12 =     5.4522,     6.1581      
# span 13 =     7.7917,     8.8006      
# span 14 =     81.169,     91.688      
# span 15 =    237.812,    268.602      
# span 16 =    243.495,    275.021      
# span 17 =   -0.00195,    0.09308      
# span 18 =    6.70696,    6.71741      
# span 19 =    9.58492,    9.59985      
# span 20 =  292.51460,  292.99246      
# span 21 =   15.12519,   15.14843      
# span 22 = 3.6170e-02, 6.4782e+01      
# span 23 =     0.4155,     0.5471      
# span 24 =     0.2225,     0.3730      
# span 25 =    91.0973,    94.5894      
# span 26 = 0.0000e+00, 0.0000e+00      
# interval = meters: 1                  
# start_time = Nov 15 2019 15:06:26 [Instrument's time stamp, header]
# bad_flag = -9.990e-29
*END*
[from data line 54]
        519 319.630965    0.03594     2.1563    129.381     55.521  48916.905    30.8602     8.4604     55.000     8.4550    23.9592     5.9645     8.5239     88.889    260.143    266.375   -0.00022    6.71009    9.58939  292.66067   15.13234 1.4058e-01     0.4515     0.2275    94.4699 0.0000e+00
        523 319.630979    0.03627     2.1762    130.570     56.540  48917.366    30.8600     8.4604     56.000     8.4546    23.9592     5.9668     8.5272     88.923    260.242    266.477    0.00003    6.71010    9.58940  292.66112   15.13236 1.2849e-01     0.4550     0.2265    94.4945 0.0000e+00
        528 319.630993    0.03661     2.1962    131.771     57.542  48918.611    30.8604     8.4597     57.000     8.4540    23.9596     5.9670     8.5275     88.925    260.252    266.487   -0.00003    6.71018    9.58952  292.66466   15.13253 1.1783e-01     0.4584     0.2258    94.5102 0.0000e+00
        534 319.631010    0.03700     2.2205    133.228     58.551  48920.399    30.8612     8.4601     58.000     8.4545    23.9601     5.9680     8.5288     88.940    260.292    266.528   -0.00003    6.71008    9.58938  292.66004   15.13231 1.0789e-01     0.4838     0.2246    94.5385 0.0000e+00
        541 319.631029    0.03749     2.2493    134.959     59.589  48918.098    30.8592     8.4603     59.000     8.4542    23.9586     5.9632     8.5220     88.868    260.084    266.315   -0.00052    6.71015    9.58948  292.66348   15.13248 9.8685e-02     0.4648     0.2234    94.5677 0.0000e+00
        544 319.631039    0.03770     2.2618    135.711     60.556  48919.387    30.8597     8.4601     60.000     8.4541    23.9590     5.9517     8.5056     88.697    259.584    265.802   -0.00110    6.71015    9.58947  292.66316   15.13247 9.1287e-02     0.4531     0.2303    94.4054 0.0000e+00
        552 319.631061    0.03824     2.2945    137.668     61.598  48922.197    30.8611     8.4600     61.000     8.4542    23.9602     5.9758     8.5400     89.057    260.636    266.880    0.00097    6.71011    9.58941  292.66130   15.13237 8.4116e-02     0.4713     0.2278    94.4648 0.0000e+00
        557 319.631075    0.03858     2.3146    138.877     62.589  48925.585    30.8631     8.4606     62.000     8.4547    23.9617     5.9722     8.5349     89.006    260.479    266.720    0.00051    6.70993    9.58915  292.65292   15.13196 7.8389e-02     0.4577     0.2271    94.4807 0.0000e+00
        562 319.631090    0.03893     2.3356    140.133     63.614  48930.522    30.8663     8.4613     63.000     8.4553    23.9640     5.9589     8.5159     88.811    259.897    266.126   -0.00091    6.70969    9.58882  292.64201   15.13142 7.2867e-02     0.4397     0.2265    94.4938 0.0000e+00
        566 319.631103    0.03925     2.3550    141.303     64.611  48934.159    30.8684     8.4616     64.000     8.4554    23.9657     5.9678     8.5285     88.944    260.282    266.520    0.00009    6.70953    9.58860  292.63460   15.13106 6.8510e-02     0.4691     0.2267    94.4894 0.0000e+00
        572 319.631120    0.03965     2.3793    142.761     65.626  48935.501    30.8689     8.4617     65.000     8.4554    23.9660     5.9507     8.5042     88.690    259.539    265.759   -0.00195    6.70951    9.58856  292.63336   15.13100 6.4271e-02     0.4672     0.2275    94.4714 0.0000e+00
        577 319.631133    0.03997     2.3984    143.907     66.629  48939.521    30.8713     8.4620     66.000     8.4555    23.9679     5.9703     8.5321     88.985    260.392    266.634    0.00059    6.70937    9.58835  292.62651   15.13066 6.0747e-02     0.4548     0.2282    94.4532 0.0000e+00
        582 319.631149    0.04035     2.4206    145.235     67.662  48941.158    30.8721     8.4624     67.000     8.4558    23.9686     5.9622     8.5207     88.866    260.042    266.275   -0.00040    6.70926    9.58821  292.62191   15.13044 5.7592e-02     0.4772     0.2268    94.4887 0.0000e+00
        585 319.631159    0.04059     2.4352    146.112     68.639  48953.667    30.8804     8.4625     68.000     8.4560    23.9750     5.9662     8.5263     88.930    260.211    266.450   -0.00016    6.70888    9.58766  292.60338   15.12953 5.4983e-02     0.4642     0.2301    94.4100 0.0000e+00
        592 319.631177    0.04102     2.4613    147.680     69.684  48963.384    30.8869     8.4632     69.000     8.4563    23.9800     5.9687     8.5298     88.971    260.318    266.560    0.00018    6.70850    9.58712  292.58540   15.12864 5.2412e-02     0.4643     0.2259    94.5082 0.0000e+00
        595 319.631187    0.04127     2.4762    148.572     70.662  48971.243    30.8920     8.4631     70.000     8.4565    23.9840     5.9642     8.5236     88.909    260.125    266.364   -0.00034    6.70829    9.58681  292.57501   15.12812 5.0391e-02     0.4560     0.2308    94.3941 0.0000e+00
        601 319.631205    0.04169     2.5011    150.068     71.687  48969.258    30.8903     8.4647     71.000     8.4582    23.9825     5.9616     8.5197     88.872    260.011    266.246   -0.00044    6.70813    9.58658  292.56833   15.12781 4.8437e-02     0.4457     0.2277    94.4665 0.0000e+00
        606 319.631219    0.04204     2.5225    151.350     72.692  48967.193    30.8886     8.4655     72.000     8.4585    23.9810     5.9582     8.5150     88.822    259.864    266.096   -0.00068    6.70807    9.58650  292.56633   15.12772 4.6830e-02     0.4451     0.2283    94.4536 0.0000e+00
        611 319.631233    0.04236     2.5418    152.511     73.711  48975.915    30.8943     8.4656     73.000     8.4585    23.9855     5.9639     8.5231     88.910    260.110    266.350   -0.00005    6.70781    9.58613  292.55361   15.12709 4.5411e-02     0.4465     0.2313    94.3822 0.0000e+00
        615 319.631243    0.04262     2.5573    153.437     74.703  48984.056    30.8996     8.4662     74.000     8.4595    23.9895     5.9617     8.5198     88.881    260.010    266.247   -0.00019    6.70749    9.58568  292.53863   15.12635 4.4236e-02     0.4405     0.2370    94.2473 0.0000e+00
        621 319.631261    0.04305     2.5828    154.968     75.723  48989.530    30.9033     8.4682     75.000     8.4612    23.9922     5.9576     8.5140     88.826    259.830    266.065   -0.00052    6.70702    9.58500  292.51738   15.12532 4.2983e-02     0.4663     0.2342    94.3135 0.0000e+00
        627 319.631278    0.04344     2.6066    156.396     76.741  48991.047    30.9040     8.4685     76.000     8.4602    23.9927     5.9590     8.5160     88.848    259.893    266.130   -0.00023    6.70696    9.58492  292.51460   15.12519 4.2020e-02     0.4401     0.2367    94.2534 0.0000e+00
        631 319.631289    0.04372     2.6230    157.381     77.730  48995.227    30.9062     8.4671     77.000     8.4591    23.9947     5.9589     8.5159     88.846    259.891    266.127   -0.00028    6.70707    9.58507  292.51882   15.12538 4.1191e-02     0.4366     0.2423    94.1213 0.0000e+00
        637 319.631308    0.04416     2.6494    158.963     78.763  49000.069    30.9091     8.4665     78.000     8.4586    23.9970     5.9628     8.5214     88.903    260.055    266.296    0.00011    6.70704    9.58503  292.51681   15.12527 4.0361e-02     0.4425     0.2401    94.1751 0.0000e+00
        641 319.631319    0.04442     2.6657    159.940     79.759  49001.955    30.9099     8.4661     79.000     8.4580    23.9978     5.9586     8.5155     88.841    259.875    266.112   -0.00028    6.70707    9.58506  292.51763   15.12531 3.9723e-02     0.4433     0.2423    94.1209 0.0000e+00
        646 319.631333    0.04477     2.6863    161.177     80.766  49009.405    30.9143     8.4635     80.000     8.4539    24.0016     5.9581     8.5148     88.831    259.853    266.090   -0.00040    6.70726    9.58535  292.52511   15.12565 3.9039e-02     0.4336     0.2454    94.0490 0.0000e+00
        652 319.631351    0.04520     2.7122    162.732     81.791  49022.349    30.9222     8.4586     81.000     8.4495    24.0085     5.9489     8.5015     88.688    259.449    265.678   -0.00119    6.70766    9.58591  292.54047   15.12635 3.8592e-02     0.4500     0.2525    93.8824 0.0000e+00
        656 319.631364    0.04551     2.7307    163.839     82.787  49029.761    30.9266     8.4562     82.000     8.4473    24.0122     5.9511     8.5047     88.718    259.542    265.774   -0.00080    6.70783    9.58615  292.54675   15.12663 3.8016e-02     0.4565     0.2591    93.7284 0.0000e+00
        662 319.631379    0.04588     2.7529    165.172     83.805  49031.918    30.9275     8.4550     83.000     8.4467    24.0132     5.9516     8.5055     88.724    259.564    265.797   -0.00053    6.70796    9.58635  292.55250   15.12690 3.7561e-02     0.4400     0.2637    93.6213 0.0000e+00
        665 319.631390    0.04614     2.7685    166.107     84.806  49033.117    30.9278     8.4549     84.000     8.4466    24.0135     5.9536     8.5082     88.754    259.651    265.886   -0.00029    6.70797    9.58636  292.55287   15.12692 3.7224e-02     0.4462     0.2697    93.4804 0.0000e+00
        671 319.631406    0.04652     2.7912    167.474     85.824  49034.585    30.9284     8.4547     85.000     8.4461    24.0139     5.9584     8.5151     88.826    259.862    266.103    0.00015    6.70797    9.58636  292.55270   15.12691 3.6795e-02     0.4299     0.2649    93.5929 0.0000e+00
        676 319.631420    0.04685     2.8110    168.662     86.821  49038.957    30.9309     8.4539     86.000     8.4446    24.0161     5.9540     8.5090     88.761    259.672    265.908   -0.00031    6.70798    9.58637  292.55238   15.12688 3.6565e-02     0.4429     0.2723    93.4188 0.0000e+00
        681 319.631434    0.04720     2.8321    169.924     87.848  49045.798    30.9350     8.4521     87.000     8.4431    24.0195     5.9485     8.5010     88.677    259.428    265.660   -0.00079    6.70807    9.58650  292.55530   15.12701 3.6261e-02     0.4391     0.2801    93.2372 0.0000e+00
        685 319.631446    0.04747     2.8482    170.893     88.839  49047.817    30.9359     8.4515     88.000     8.4427    24.0202     5.9497     8.5026     88.692    259.478    265.711   -0.00066    6.70813    9.58658  292.55770   15.12712 3.6193e-02     0.4273     0.2921    92.9590 0.0000e+00
        690 319.631461    0.04786     2.8712    172.271     89.860  49049.818    30.9367     8.4512     89.000     8.4422    24.0211     5.9559     8.5115     88.786    259.750    265.989    0.00012    6.70814    9.58661  292.55798   15.12713 3.6170e-02     0.4282     0.2891    93.0289 0.0000e+00
        696 319.631478    0.04824     2.8946    173.677     90.870  49048.917    30.9357     8.4509     90.000     8.4426    24.0203     5.9518     8.5058     88.724    259.574    265.809   -0.00036    6.70823    9.58673  292.56194   15.12732 3.6170e-02     0.4201     0.2896    93.0153 0.0000e+00
        700 319.631491    0.04856     2.9135    174.808     91.880  49045.380    30.9330     8.4524     91.000     8.4436    24.0180     5.9515     8.5053     88.721    259.560    265.794   -0.00040    6.70813    9.58658  292.55819   15.12715 3.6170e-02     0.4573     0.2859    93.1014 0.0000e+00
        705 319.631505    0.04889     2.9335    176.011     92.889  49050.218    30.9359     8.4521     92.000     8.4423    24.0203     5.9510     8.5046     88.715    259.537    265.771   -0.00029    6.70804    9.58645  292.55363   15.12692 3.6170e-02     0.4624     0.2840    93.1458 0.0000e+00
        710 319.631519    0.04924     2.9541    177.248     93.892  49054.495    30.9382     8.4505     93.000     8.4408    24.0224     5.9451     8.4961     88.624    259.279    265.507   -0.00084    6.70818    9.58666  292.55941   15.12719 3.6170e-02     0.4301     0.2904    92.9987 0.0000e+00
        716 319.631537    0.04967     2.9805    178.832     94.929  49060.435    30.9416     8.4489     94.000     8.4394    24.0253     5.9403     8.4893     88.552    259.070    265.295   -0.00105    6.70827    9.58679  292.56255   15.12732 3.6170e-02     0.4227     0.2898    93.0112 0.0000e+00
        720 319.631549    0.04995     2.9972    179.835     95.905  49063.890    30.9436     8.4486     95.000     8.4389    24.0269     5.9457     8.4970     88.633    259.306    265.537   -0.00035    6.70822    9.58672  292.56004   15.12720 3.6170e-02     0.4275     0.2963    92.8596 0.0000e+00
        728 319.631569    0.05046     3.0273    181.635     96.947  49067.477    30.9455     8.4478     96.000     8.4382    24.0285     5.9493     8.5023     88.688    259.466    265.701    0.00014    6.70826    9.58678  292.56132   15.12726 3.6170e-02     0.4297     0.2929    92.9376 0.0000e+00
        731 319.631579    0.05068     3.0408    182.448     97.932  49068.549    30.9458     8.4475     97.000     8.4376    24.0288     5.9457     8.4971     88.633    259.306    265.536   -0.00036    6.70830    9.58682  292.56257   15.12731 3.6170e-02     0.4287     0.3004    92.7654 0.0000e+00
        736 319.631594    0.05102     3.0615    183.690     98.943  49072.025    30.9477     8.4466     98.000     8.4368    24.0304     5.9421     8.4919     88.578    259.147    265.375   -0.00063    6.70835    9.58691  292.56476   15.12741 3.6170e-02     0.4221     0.2975    92.8325 0.0000e+00
        743 319.631615    0.05153     3.0919    185.512     99.972  49071.506    30.9469     8.4467     99.000     8.4369    24.0298     5.9428     8.4929     88.589    259.179    265.407   -0.00028    6.70838    9.58693  292.56562   15.12745 3.6170e-02     0.4348     0.2823    93.1867 0.0000e+00
        747 319.631627    0.05182     3.1091    186.543    100.959  49075.908    30.9495     8.4463    100.000     8.4361    24.0319     5.9396     8.4883     88.540    259.036    265.261   -0.00061    6.70832    9.58687  292.56298   15.12732 3.6170e-02     0.4402     0.2977    92.8279 0.0000e+00
        754 319.631647    0.05230     3.1382    188.290    102.000  49080.230    30.9519     8.4455    101.000     8.4354    24.0340     5.9508     8.5043     88.708    259.527    265.765    0.00061    6.70834    9.58689  292.56302   15.12730 3.6170e-02     0.4156     0.2956    92.8765 0.0000e+00
        757 319.631656    0.05253     3.1520    189.118    102.979  49081.642    30.9525     8.4455    102.000     8.4354    24.0344     5.9414     8.4908     88.567    259.116    265.345   -0.00038    6.70833    9.58687  292.56222   15.12727 3.6170e-02     0.4365     0.3099    92.5448 0.0000e+00
        762 319.631671    0.05288     3.1728    190.367    103.995  49082.660    30.9528     8.4456    103.000     8.4354    24.0346     5.9418     8.4915     88.575    259.135    265.363   -0.00041    6.70829    9.58681  292.56058   15.12719 3.6170e-02     0.4360     0.3034    92.6968 0.0000e+00
        769 319.631690    0.05332     3.1994    191.964    105.014  49085.270    30.9541     8.4453    104.000     8.4349    24.0357     5.9433     8.4936     88.597    259.199    265.429   -0.00012    6.70827    9.58678  292.55935   15.12712 3.6170e-02     0.4216     0.3011    92.7491 0.0000e+00
        774 319.631703    0.05365     3.2191    193.147    106.019  49088.984    30.9562     8.4449    105.000     8.4343    24.0374     5.9386     8.4868     88.527    258.991    265.217   -0.00064    6.70825    9.58675  292.55795   15.12705 3.6170e-02     0.4226     0.3062    92.6319 0.0000e+00
        778 319.631717    0.05397     3.2382    194.294    107.025  49091.593    30.9575     8.4445    106.000     8.4337    24.0386     5.9400     8.4888     88.547    259.051    265.278   -0.00034    6.70824    9.58675  292.55741   15.12702 3.6170e-02     0.4357     0.3204    92.3040 0.0000e+00
        783 319.631731    0.05432     3.2594    195.561    108.039  49093.934    30.9586     8.4439    107.000     8.4332    24.0395     5.9408     8.4900     88.559    259.088    265.316   -0.00025    6.70830    9.58682  292.55936   15.12711 3.6170e-02     0.4312     0.3241    92.2175 0.0000e+00
