CTD-processing/allCTD/CNV/2019_05-14_t04_s06_cast182_4141.cnv
* Sea-Bird SBE19plus Data File:
* FileName = C:\Users\jwschloemer\Documents\CTD Data\2019_05-14_AlongBay_T4_T9_T3\2019_15-14_T04_S10_Cast182.hex
* Software Version 1.59
* Temperature SN =  4141
* Conductivity SN =  4141
* System UpLoad Time = May 15 2019 09:33:48
** Date:2019_05_14
** Station:06
** Start Time (AKST):10:16
** Depth (m):63
** Comment:
# nquan = 27
# nvalues = 61                          
# units = specified
# name 0 = scan: Scan Count
# name 1 = timeJ: Julian Days
# name 2 = timeH: Time, Elapsed [hours]
# name 3 = timeM: Time, Elapsed [minutes]
# name 4 = timeS: Time, Elapsed [seconds]
# name 5 = prdM: Pressure, Strain Gauge [db]
# name 6 = specc: Specific Conductance [uS/cm]
# name 7 = sal00: Salinity, Practical [PSU]
# name 8 = tv290C: Temperature [ITS-90, deg C]
# name 9 = depSM: Depth [salt water, m], lat = 59.00
# name 10 = potemp090C: Potential Temperature [ITS-90, deg C]
# name 11 = sigma-é00: Density [sigma-theta, kg/m^3]
# name 12 = sbeox0ML/L: Oxygen, SBE 43 [ml/l]
# name 13 = sbeox0Mg/L: Oxygen, SBE 43 [mg/l]
# name 14 = sbeox0PS: Oxygen, SBE 43 [% saturation]
# name 15 = sbox0Mm/Kg: Oxygen, SBE 43 [umol/kg]
# name 16 = sbeox0Mm/L: Oxygen, SBE 43 [umol/l]
# name 17 = sbox0dV/dT: Oxygen, SBE 43 [dov/dt]
# name 18 = oxsolML/L: Oxygen Saturation, Garcia & Gordon [ml/l]
# name 19 = oxsolMg/L: Oxygen Saturation, Garcia & Gordon [mg/l]
# name 20 = oxsolMm/Kg: Oxygen Saturation, Garcia & Gordon [umol/kg]
# name 21 = n2satMg/L: Nitrogen Saturation [mg/l]
# name 22 = par: PAR/Irradiance, Biospherical/Licor
# name 23 = wetStar: Fluorescence, WET Labs WETstar [mg/m^3]
# name 24 = CStarAt0: Beam Attenuation, WET Labs C-Star [1/m]
# name 25 = CStarTr0: Beam Transmission, WET Labs C-Star [%]
# name 26 = flag: flag
# span 0 =        281,        582       
# span 1 = 134.429201, 134.430073       
# span 2 =    0.01943,    0.04036       
# span 3 =     1.1662,     2.4213       
# span 4 =     69.974,    145.280       
# span 5 =      1.021,     61.561       
# span 6 =  48101.471,  50894.828       
# span 7 =    30.2840,    31.8898       
# span 8 =     6.3996,     8.2486       
# span 9 =      1.000,     61.000       
# span 10 =     6.3946,     8.1756      
# span 11 =    23.5378,    25.0472      
# span 12 =     6.7010,     9.3537      
# span 13 =     9.5765,    13.3672      
# span 14 =     95.906,    135.012      
# span 15 =    291.958,    407.679      
# span 16 =    299.272,    417.732      
# span 17 =   -0.09062,    0.04842      
# span 18 =    6.76744,    6.98721      
# span 19 =    9.67135,    9.98542      
# span 20 =  295.28393,  304.42372      
# span 21 =   15.25996,   15.68939      
# span 22 = 4.3783e-02, 1.0246e+02      
# span 23 =     0.4255,    16.9536      
# span 24 =     0.2687,     1.6942      
# span 25 =    65.4791,    93.5015      
# span 26 = 0.0000e+00, 0.0000e+00      
# interval = meters: 1                  
# start_time = May 14 2019 10:16:53 [Instrument's time stamp, header]
# bad_flag = -9.990e-29
*END*
        281 134.429201    0.01943     1.1662     69.974      1.021  48101.471    30.2840     8.2486      1.000     8.1756    23.5378     8.5831    12.2660    126.826    374.504    383.320    0.01073    6.76744    9.67135  295.28393   15.25996 1.0246e+02     0.9948     1.4002    70.4658 0.0000e+00
        286 134.429215    0.01976     1.1855     71.127      2.018  48795.779    30.7058     7.8463      2.000     7.5742    23.9247     8.5426    12.2083    125.427    372.600    381.514    0.00016    6.81094    9.73351  297.06895   15.34342 6.6118e+01     1.0582     1.4463    69.6607 0.0000e+00
        290 134.429228    0.02010     1.2057     72.344      3.030  49585.576    31.1524     7.2110      3.000     7.0361    24.3616     8.5740    12.2531    124.429    373.808    382.915   -0.00957    6.89048    9.84720  300.41058   15.50103 4.7501e+01     1.3306     1.4642    69.3832 0.0000e+00
        295 134.429242    0.02041     1.2244     73.464      4.035  49946.912    31.3620     6.9723      4.000     6.9360    24.5579     9.0645    12.9542    131.009    395.121    404.824    0.03010    6.91900    9.88794  301.59584   15.55670 3.5693e+01     4.5193     1.6942    65.4791 0.0000e+00
        300 134.429255    0.02074     1.2446     74.678      5.053  50135.849    31.4773     6.8830      5.000     6.8433    24.6602     9.3537    13.3672    135.012    407.679    417.732    0.04842    6.92803    9.90085  301.95947   15.57357 2.9679e+01    12.1439     1.5881    67.2393 0.0000e+00
        304 134.429268    0.02105     1.2630     75.777      6.050  50279.719    31.5650     6.8160      6.000     6.8134    24.7378     8.9160    12.7419    128.569    388.576    398.188   -0.00003    6.93476    9.91048  302.23011   15.58612 2.3655e+01    16.9536     1.2808    72.6106 0.0000e+00
        309 134.429283    0.02140     1.2840     77.042      7.073  50359.182    31.6213     6.8254      7.000     6.8266    24.7811     8.0634    11.5234    116.343    351.404    360.112   -0.07285    6.93070    9.90466  302.03997   15.57682 1.8574e+01    15.2199     1.0441    77.0675 0.0000e+00
        314 134.429296    0.02172     1.3033     78.196      8.073  50400.359    31.6494     6.8249      8.000     6.8210    24.8033     7.6191    10.8885    109.952    332.035    340.270   -0.09062    6.92949    9.90294  301.98093   15.57389 1.5534e+01    11.3038     0.7569    82.7750 0.0000e+00
        319 134.429311    0.02207     1.3246     79.476      9.085  50450.527    31.6817     6.8128      9.000     6.8061    24.8302     7.3458    10.4980    106.001    320.118    328.067   -0.08547    6.92996    9.90360  301.99313   15.57434 1.3088e+01     6.6700     0.6289    85.4656 0.0000e+00
        324 134.429325    0.02241     1.3447     80.680     10.093  50488.900    31.7058     6.8010     10.000     6.7960    24.8507     7.2302    10.3327    104.322    315.073    322.902   -0.06996    6.93075    9.90473  302.02166   15.57560 1.1101e+01     5.1975     0.5365    87.4462 0.0000e+00
        329 134.429340    0.02278     1.3665     81.991     11.106  50500.811    31.7118     6.7913     11.000     6.7869    24.8568     7.1601    10.2324    103.289    312.014    319.769   -0.05338    6.93204    9.90658  302.07643   15.57819 9.5093e+00     4.0093     0.5063    88.1107 0.0000e+00
        334 134.429355    0.02314     1.3882     83.289     12.115  50513.343    31.7185     6.7826     12.000     6.7789    24.8631     7.1483    10.2157    103.104    311.500    319.245   -0.03777    6.93313    9.90814  302.12203   15.58034 8.0773e+00     3.9193     0.5034    88.1746 0.0000e+00
        339 134.429370    0.02348     1.4092     84.551     13.119  50519.335    31.7210     6.7762     13.000     6.7728    24.8660     7.1567    10.2276    103.211    311.863    319.618   -0.02493    6.93404    9.90944  302.16074   15.58217 6.7978e+00     3.2148     0.5063    88.1113 0.0000e+00
        345 134.429386    0.02387     1.4319     85.916     14.137  50522.539    31.7214     6.7687     14.000     6.7640    24.8673     7.1626    10.2361    103.279    312.120    319.882   -0.01631    6.93523    9.91114  302.21210   15.58462 5.7187e+00     3.8420     0.5056    88.1286 0.0000e+00
        349 134.429399    0.02420     1.4515     87.090     15.136  50547.751    31.7373     6.7625     15.000     6.7593    24.8807     7.1649    10.2394    103.309    312.218    319.986   -0.01128    6.93549    9.91151  302.21972   15.58492 4.8039e+00     3.9254     0.4635    89.0600 0.0000e+00
        355 134.429414    0.02455     1.4732     88.391     16.154  50563.555    31.7444     6.7434     16.000     6.7209    24.8887     7.1590    10.2309    103.182    311.956    319.720   -0.00839    6.93824    9.91544  302.33707   15.59049 4.0931e+00     3.5124     0.4453    89.4642 0.0000e+00
        360 134.429429    0.02490     1.4938     89.626     17.161  50605.969    31.7625     6.6837     17.000     6.6634    24.9106     7.1171    10.1709    102.447    310.122    317.848   -0.00998    6.94703    9.92799  302.71337   15.60836 3.5231e+00     2.8524     0.3841    90.8452 0.0000e+00
        364 134.429442    0.02523     1.5134     90.804     18.167  50641.207    31.7802     6.6491     18.000     6.6420    24.9289     7.0478    10.0720    101.381    307.099    314.755   -0.01341    6.95179    9.93481  302.91589   15.61794 3.0784e+00     2.0732     0.3558    91.4902 0.0000e+00
        369 134.429457    0.02557     1.5344     92.065     19.187  50650.274    31.7842     6.6387     19.000     6.6347    24.9334     6.9889     9.9879    100.513    304.533    312.126   -0.01457    6.95329    9.93695  302.97975   15.62097 2.6956e+00     1.5963     0.3245    92.2077 0.0000e+00
        374 134.429469    0.02587     1.5525     93.151     20.181  50655.424    31.7864     6.6342     20.000     6.6320    24.9357     6.9675     9.9573    100.195    303.598    311.169   -0.01264    6.95390    9.93782  303.00568   15.62220 2.3815e+00     1.8780     0.3245    92.2089 0.0000e+00
        379 134.429485    0.02625     1.5753     94.515     21.206  50658.868    31.7883     6.6343     21.000     6.6327    24.9373     6.9726     9.9646    100.271    303.821    311.398   -0.00808    6.95382    9.93770  303.00133   15.62198 2.0709e+00     1.7204     0.3255    92.1843 0.0000e+00
        384 134.429499    0.02658     1.5949     95.694     22.210  50655.494    31.7852     6.6325     22.000     6.6276    24.9350     6.9806     9.9759    100.378    304.167    311.752   -0.00516    6.95424    9.93830  303.02042   15.62291 1.8095e+00     2.0199     0.3302    92.0759 0.0000e+00
        389 134.429513    0.02693     1.6157     96.941     23.216  50655.415    31.7829     6.6229     23.000     6.6159    24.9345     6.9868     9.9849    100.445    304.441    312.032   -0.00316    6.95589    9.94067  303.09279   15.62637 1.5792e+00     1.6232     0.3374    91.9100 0.0000e+00
        394 134.429527    0.02727     1.6363     98.179     24.235  50651.513    31.7772     6.6093     24.000     6.5940    24.9317     6.9764     9.9700    100.259    303.988    311.567   -0.00331    6.95835    9.94418  303.20084   15.63154 1.3759e+00     1.8787     0.3442    91.7554 0.0000e+00
        398 134.429540    0.02756     1.6537     99.225     25.231  50671.626    31.7849     6.5784     25.000     6.5667    24.9418     6.9695     9.9601    100.093    303.682    311.256   -0.00355    6.96300    9.95083  303.40046   15.64103 1.2179e+00     1.6757     0.3165    92.3935 0.0000e+00
        404 134.429556    0.02796     1.6772    100.630     26.255  50694.544    31.7972     6.5614     26.000     6.5583    24.9537     6.9645     9.9530     99.991    303.464    311.036   -0.00300    6.96519    9.95394  303.49188   15.64534 1.0777e+00     1.5879     0.2966    92.8536 0.0000e+00
        408 134.429570    0.02828     1.6968    101.811     27.249  50696.997    31.7979     6.5584     27.000     6.5544    24.9546     6.9524     9.9358     99.810    302.936    310.496   -0.00324    6.96564    9.95459  303.51120   15.64625 9.5378e-01     0.9523     0.2885    93.0424 0.0000e+00
        414 134.429587    0.02870     1.7220    103.322     28.276  50701.831    31.8000     6.5540     28.000     6.5506    24.9567     6.9543     9.9384     99.829    303.017    310.579   -0.00206    6.96625    9.95546  303.53735   15.64749 8.4113e-01     0.9209     0.2947    92.8996 0.0000e+00
        419 134.429601    0.02904     1.7420    104.520     29.274  50705.276    31.8015     6.5518     29.000     6.5484    24.9582     6.9442     9.9239     99.679    302.575    310.127   -0.00227    6.96656    9.95590  303.55023   15.64810 7.4776e-01     1.1014     0.2877    93.0610 0.0000e+00
        424 134.429616    0.02940     1.7641    105.846     30.297  50708.315    31.8026     6.5492     30.000     6.5451    24.9595     6.9252     9.8968     99.401    301.747    309.279   -0.00335    6.96693    9.95643  303.56589   15.64885 6.6079e-01     1.0212     0.2797    93.2468 0.0000e+00
        429 134.429629    0.02969     1.7818    106.906     31.289  50715.881    31.8069     6.5466     31.000     6.5436    24.9632     6.9314     9.9057     99.487    302.017    309.557   -0.00213    6.96714    9.95675  303.57436   15.64923 5.8917e-01     1.0639     0.2853    93.1153 0.0000e+00
        434 134.429643    0.03005     1.8030    108.183     32.311  50725.072    31.8130     6.5476     32.000     6.5464    24.9679     6.9390     9.9165     99.602    302.346    309.895   -0.00079    6.96670    9.95612  303.55384   15.64823 5.2206e-01     1.0214     0.2882    93.0493 0.0000e+00
        438 134.429655    0.03034     1.8201    109.207     33.310  50733.072    31.8185     6.5497     33.000     6.5481    24.9719     6.9398     9.9177     99.623    302.381    309.932   -0.00056    6.96611    9.95526  303.52662   15.64691 4.6566e-01     1.0008     0.2801    93.2369 0.0000e+00
        443 134.429669    0.03068     1.8409    110.452     34.324  50740.443    31.8241     6.5545     34.000     6.5535    24.9757     6.9455     9.9258     99.719    302.627    310.185    0.00013    6.96508    9.95379  303.48065   15.64469 4.1423e-01     0.9262     0.2807    93.2229 0.0000e+00
        448 134.429684    0.03101     1.8609    111.655     35.333  50742.963    31.8259     6.5576     35.000     6.5549    24.9768     6.9352     9.9110     99.579    302.176    309.724   -0.00070    6.96449    9.95296  303.45500   15.64346 3.6799e-01     0.8631     0.2841    93.1446 0.0000e+00
        453 134.429698    0.03136     1.8814    112.886     36.343  50745.930    31.8275     6.5579     36.000     6.5527    24.9781     6.9160     9.8837     99.306    301.341    308.868   -0.00213    6.96436    9.95276  303.44855   15.64315 3.2663e-01     0.7873     0.2815    93.2051 0.0000e+00
        457 134.429712    0.03170     1.9016    114.097     37.349  50755.422    31.8320     6.5490     37.000     6.5408    24.9827     6.8936     9.8516     98.966    300.363    307.867   -0.00354    6.96560    9.95454  303.50138   15.64565 2.9035e-01     1.0786     0.2687    93.5015 0.0000e+00
        463 134.429727    0.03206     1.9236    115.413     38.367  50780.504    31.8471     6.5388     38.000     6.5346    24.9959     6.8894     9.8458     98.894    300.180    307.683   -0.00311    6.96655    9.95590  303.53893   15.64738 2.5916e-01     1.0157     0.2691    93.4940 0.0000e+00
        467 134.429741    0.03239     1.9435    116.612     39.370  50787.359    31.8511     6.5375     39.000     6.5324    24.9993     6.9400     9.9180     99.619    302.382    309.941    0.00154    6.96658    9.95595  303.53933   15.64738 2.3284e-01     0.8909     0.2827    93.1780 0.0000e+00
        473 134.429756    0.03275     1.9650    117.900     40.382  50786.053    31.8479     6.5280     40.000     6.5160    24.9980     7.0226    10.0359    100.780    305.980    313.628    0.00774    6.96828    9.95836  303.61338   15.65092 2.0855e-01     0.8149     0.2892    93.0253 0.0000e+00
        478 134.429770    0.03310     1.9860    119.162     41.390  50790.932    31.8456     6.4999     41.000     6.4783    24.9997     7.0591    10.0881    101.235    307.569    315.258    0.00812    6.97294    9.96503  303.81611   15.66060 1.8651e-01     0.9564     0.3181    92.3567 0.0000e+00
        483 134.429785    0.03346     2.0076    120.455     42.401  50827.864    31.8624     6.4553     42.000     6.4428    25.0185     7.0189    10.0307    100.566    305.812    313.464    0.00187    6.97940    9.97426  304.09209   15.67369 1.6534e-01     0.9636     0.5370    87.4972 0.0000e+00
        488 134.429801    0.03384     2.0305    121.831     43.412  50846.380    31.8718     6.4399     43.000     6.4339    25.0279     6.8968     9.8562     98.787    300.490    308.011   -0.00867    6.98146    9.97721  304.17929   15.67781 1.4056e-01     0.7278     0.7946    81.9922 0.0000e+00
        493 134.429816    0.03420     2.0516    123.095     44.415  50852.658    31.8747     6.4346     44.000     6.4295    25.0309     6.8032     9.7225     97.437    296.412    303.831   -0.01403    6.98220    9.97826  304.21025   15.67927 1.1940e-01     0.5903     0.8230    81.4040 0.0000e+00
        499 134.429832    0.03459     2.0757    124.543     45.433  50856.512    31.8764     6.4318     45.000     6.4275    25.0326     6.7775     9.6857     97.062    295.291    302.683   -0.01151    6.98259    9.97881  304.22670   15.68005 1.0295e-01     0.6031     0.8202    81.4612 0.0000e+00
        504 134.429848    0.03495     2.0971    125.826     46.443  50857.572    31.8763     6.4297     46.000     6.4248    25.0328     6.7924     9.7070     97.271    295.940    303.348   -0.00664    6.98292    9.97930  304.24136   15.68075 8.9734e-02     0.7259     0.8154    81.5586 0.0000e+00
        509 134.429862    0.03531     2.1185    127.110     47.446  50860.171    31.8772     6.4274     47.000     6.4227    25.0337     6.7932     9.7081     97.278    295.974    303.383   -0.00464    6.98326    9.97978  304.25583   15.68144 8.0059e-02     0.5818     0.8359    81.1424 0.0000e+00
        515 134.429879    0.03570     2.1419    128.517     48.468  50862.918    31.8782     6.4255     48.000     6.4210    25.0348     6.7913     9.7054     97.246    295.890    303.298   -0.00323    6.98353    9.98016  304.26706   15.68196 7.1446e-02     0.6292     0.8613    80.6271 0.0000e+00
        520 134.429893    0.03603     2.1619    129.713     49.468  50862.941    31.8776     6.4244     49.000     6.4185    25.0344     6.7897     9.7032     97.222    295.821    303.227   -0.00252    6.98372    9.98044  304.27583   15.68239 6.5591e-02     0.7070     0.8777    80.2985 0.0000e+00
        525 134.429907    0.03638     2.1830    130.981     50.469  50868.209    31.8794     6.4174     50.000     6.4098    25.0368     6.7791     9.6881     97.056    295.361    302.756   -0.00266    6.98478    9.98195  304.32119   15.68454 6.0766e-02     0.6527     0.9517    78.8319 0.0000e+00
        531 134.429924    0.03678     2.2067    132.402     51.496  50879.092    31.8851     6.4097     51.000     6.4049    25.0422     6.7766     9.6844     97.006    295.250    302.643   -0.00219    6.98577    9.98337  304.36260   15.68649 5.6323e-02     0.6442     1.0050    77.7824 0.0000e+00
        536 134.429938    0.03713     2.2282    133.693     52.496  50881.019    31.8853     6.4066     52.000     6.3998    25.0428     6.7447     9.6388     96.542    293.859    301.218   -0.00414    6.98628    9.98409  304.38462   15.68754 5.3213e-02     0.4547     1.0548    76.8208 0.0000e+00
        541 134.429953    0.03749     2.2495    134.969     53.504  50887.592    31.8885     6.4020     53.000     6.3967    25.0458     6.7312     9.6196     96.341    293.271    300.617   -0.00404    6.98688    9.98495  304.40979   15.68873 5.0729e-02     0.5495     1.1467    75.0762 0.0000e+00
