CTD-processing/allCTD/CNV/2019_02-08_t6_s04_cast078_4141.cnv
* Sea-Bird SBE19plus Data File:
* FileName = C:\Users\Kim.Powell\Desktop\Not Processed\2019\2019_02-08\2019_02-08_TRANSECT_STATION_cast078.hex
* Software Version 1.59
* Temperature SN =  4141
* Conductivity SN =  4141
* System UpLoad Time = Mar 19 2019 08:40:16
** 2018_02-08
** Station: 6-04
** Start Time: 11:51
** Depth (m): 108
** Comment:
** Comment:
# nquan = 27
# nvalues = 98                          
# units = specified
# name 0 = scan: Scan Count
# name 1 = timeJ: Julian Days
# name 2 = timeH: Time, Elapsed [hours]
# name 3 = timeM: Time, Elapsed [minutes]
# name 4 = timeS: Time, Elapsed [seconds]
# name 5 = prdM: Pressure, Strain Gauge [db]
# name 6 = specc: Specific Conductance [uS/cm]
# name 7 = sal00: Salinity, Practical [PSU]
# name 8 = tv290C: Temperature [ITS-90, deg C]
# name 9 = depSM: Depth [salt water, m], lat = 59.00
# name 10 = potemp090C: Potential Temperature [ITS-90, deg C]
# name 11 = sigma-é00: Density [sigma-theta, kg/m^3]
# name 12 = sbeox0ML/L: Oxygen, SBE 43 [ml/l]
# name 13 = sbeox0Mg/L: Oxygen, SBE 43 [mg/l]
# name 14 = sbeox0PS: Oxygen, SBE 43 [% saturation]
# name 15 = sbox0Mm/Kg: Oxygen, SBE 43 [umol/kg]
# name 16 = sbeox0Mm/L: Oxygen, SBE 43 [umol/l]
# name 17 = sbox0dV/dT: Oxygen, SBE 43 [dov/dt]
# name 18 = oxsolML/L: Oxygen Saturation, Garcia & Gordon [ml/l]
# name 19 = oxsolMg/L: Oxygen Saturation, Garcia & Gordon [mg/l]
# name 20 = oxsolMm/Kg: Oxygen Saturation, Garcia & Gordon [umol/kg]
# name 21 = n2satMg/L: Nitrogen Saturation [mg/l]
# name 22 = par: PAR/Irradiance, Biospherical/Licor
# name 23 = wetStar: Fluorescence, WET Labs WETstar [mg/m^3]
# name 24 = CStarAt0: Beam Attenuation, WET Labs C-Star [1/m]
# name 25 = CStarTr0: Beam Transmission, WET Labs C-Star [%]
# name 26 = flag: flag
# span 0 =         94,        743       
# span 1 =  39.493615,  39.495491       
# span 2 =    0.00649,    0.05150       
# span 3 =     0.3894,     3.0899       
# span 4 =     23.363,    185.394       
# span 5 =      1.012,     98.948       
# span 6 =  50430.693,  50551.088       
# span 7 =    31.5743,    31.6375       
# span 8 =     6.1766,     6.4150       
# span 9 =      1.000,     98.000       
# span 10 =     6.2394,     6.4070      
# span 11 =    24.8112,    24.8700      
# span 12 =     6.4625,     6.8825      
# span 13 =     9.2356,     9.8358      
# span 14 =     92.369,     97.818      
# span 15 =    281.618,    299.915      
# span 16 =    288.616,    307.374      
# span 17 =   -0.00106,    0.02081      
# span 18 =    6.99642,    7.03579      
# span 19 =    9.99858,   10.05484      
# span 20 =  304.88494,  306.59315      
# span 21 =   15.71242,   15.79384      
# span 22 = 3.9813e-02, 5.3177e+01      
# span 23 =     0.4121,     0.4909      
# span 24 =     0.2393,     3.5965      
# span 25 =    51.4671,    94.1925      
# span 26 = 0.0000e+00, 0.0000e+00      
# interval = meters: 1                  
# start_time = Feb 08 2019 11:50:25 [Instrument's time stamp, header]
# bad_flag = -9.990e-29
*END*
         94  39.493615    0.00649     0.3894     23.363      1.012  50542.374    31.6310     6.1766      1.000     6.2394    24.8700     6.8825     9.8358     97.818    299.915    307.374    0.02081    7.03579   10.05484  306.59315   15.79384 5.3177e+01     0.4230     3.5965    51.4671 0.0000e+00
        272  39.494129    0.01883     1.1299     67.792      2.020  50431.878    31.5772     6.2982      2.000     6.2969    24.8127     6.5710     9.3907     93.628    286.356    293.462    0.01937    7.01826   10.02979  305.84667   15.75848 4.6261e+01     0.4535     0.3000    92.6431 0.0000e+00
        276  39.494140    0.01908     1.1446     68.673      3.026  50435.205    31.5787     6.2965      3.000     6.2955    24.8141     6.5439     9.3519     93.239    285.175    292.252    0.01149    7.01847   10.03009  305.85531   15.75889 3.7160e+01     0.4529     0.3026    92.7171 0.0000e+00
        281  39.494154    0.01943     1.1657     69.940      4.041  50430.693    31.5743     6.2918      4.000     6.2907    24.8112     6.5340     9.3377     93.084    284.741    291.806    0.00691    7.01944   10.03148  305.89841   15.76096 3.0599e+01     0.4662     0.2916    92.9679 0.0000e+00
        285  39.494168    0.01974     1.1846     71.074      5.042  50450.309    31.5882     6.2968      5.000     6.3020    24.8217     6.5264     9.3270     92.997    284.413    291.473    0.00435    7.01797   10.02938  305.83111   15.75770 2.6564e+01     0.4723     0.2909    92.9861 0.0000e+00
        290  39.494182    0.02010     1.2059     72.351      6.061  50441.419    31.5832     6.3052      6.000     6.3049    24.8167     6.5267     9.3272     93.014    284.420    291.479    0.00302    7.01683   10.02775  305.78313   15.75544 2.4084e+01     0.4737     0.2866    93.0855 0.0000e+00
        295  39.494195    0.02041     1.2243     73.457      7.069  50441.521    31.5828     6.3053      7.000     6.3043    24.8163     6.5195     9.3171     92.912    284.112    291.162    0.00158    7.01684   10.02777  305.78371   15.75546 2.1674e+01     0.4693     0.2849    93.1257 0.0000e+00
        299  39.494206    0.02067     1.2400     74.400      8.063  50442.031    31.5826     6.3047      8.000     6.3040    24.8163     6.5082     9.3009     92.750    283.618    290.656    0.00012    7.01695   10.02791  305.78812   15.75567 2.0279e+01     0.4699     0.2823    93.1875 0.0000e+00
        305  39.494226    0.02114     1.2682     76.095      9.109  50444.400    31.5839     6.3049      9.000     6.3042    24.8172     6.5079     9.3005     92.749    283.609    290.647   -0.00008    7.01684   10.02776  305.78335   15.75544 1.8845e+01     0.4851     0.2776    93.2952 0.0000e+00
        309  39.494235    0.02136     1.2818     76.910     10.081  50443.219    31.5825     6.3047     10.000     6.3039    24.8162     6.5070     9.2991     92.732    283.562    290.599   -0.00020    7.01692   10.02790  305.78751   15.75564 1.6951e+01     0.4878     0.2773    93.3034 0.0000e+00
        313  39.494249    0.02170     1.3018     78.107     11.120  50443.237    31.5820     6.3045     11.000     6.3031    24.8158     6.5181     9.3151     92.891    284.052    291.101    0.00073    7.01700   10.02798  305.79052   15.75579 1.5133e+01     0.4880     0.2741    93.3756 0.0000e+00
        317  39.494258    0.02191     1.3148     78.890     12.103  50443.623    31.5816     6.3036     12.000     6.3023    24.8157     6.5122     9.3066     92.804    283.792    290.834    0.00004    7.01717   10.02825  305.79850   15.75617 1.3685e+01     0.4808     0.2745    93.3677 0.0000e+00
        321  39.494271    0.02223     1.3338     80.028     13.124  50443.866    31.5812     6.3031     13.000     6.3015    24.8154     6.5085     9.3013     92.749    283.630    290.668   -0.00041    7.01727   10.02839  305.80291   15.75638 1.2552e+01     0.4909     0.2720    93.4271 0.0000e+00
        326  39.494284    0.02255     1.3532     81.192     14.126  50441.785    31.5790     6.3014     14.000     6.2993    24.8138     6.5061     9.2979     92.711    283.529    290.564   -0.00046    7.01766   10.02893  305.81992   15.75720 1.1410e+01     0.4797     0.2691    93.4941 0.0000e+00
        330  39.494298    0.02288     1.3728     82.366     15.151  50444.722    31.5802     6.3000     15.000     6.2990    24.8151     6.5110     9.3048     92.777    283.738    290.779   -0.00029    7.01782   10.02917  305.82684   15.75753 1.0182e+01     0.4799     0.2690    93.4977 0.0000e+00
        334  39.494309    0.02314     1.3881     83.285     16.141  50449.827    31.5835     6.3008     16.000     6.3009    24.8175     6.5183     9.3154     92.886    284.059    291.109    0.00057    7.01754   10.02876  305.81375   15.75689 9.1952e+00     0.4717     0.2678    93.5252 0.0000e+00
        339  39.494324    0.02350     1.4103     84.618     17.164  50450.973    31.5844     6.3039     17.000     6.3042    24.8179     6.5116     9.3057     92.797    283.765    290.807   -0.00019    7.01699   10.02797  305.78952   15.75573 8.3658e+00     0.4776     0.2618    93.6651 0.0000e+00
        344  39.494338    0.02385     1.4310     85.858     18.171  50460.212    31.5913     6.3096     18.000     6.3116    24.8227     6.5076     9.3000     92.758    283.589    290.629   -0.00029    7.01572   10.02617  305.73312   15.75302 7.5312e+00     0.4774     0.2630    93.6375 0.0000e+00
        348  39.494350    0.02412     1.4469     86.815     19.178  50458.726    31.5910     6.3158     19.000     6.3157    24.8217     6.5024     9.2926     92.696    283.363    290.397   -0.00087    7.01474   10.02476  305.69035   15.75098 6.7255e+00     0.4703     0.2616    93.6697 0.0000e+00
        353  39.494363    0.02443     1.4658     87.951     20.181  50458.001    31.5904     6.3177     20.000     6.3166    24.8209     6.5084     9.3011     92.785    283.625    290.664   -0.00002    7.01445   10.02435  305.67814   15.75040 6.0870e+00     0.4717     0.2593    93.7223 0.0000e+00
        359  39.494382    0.02488     1.4927     89.565     21.213  50457.292    31.5898     6.3194     21.000     6.3173    24.8202     6.5092     9.3022     92.799    283.656    290.697   -0.00007    7.01419   10.02398  305.66718   15.74988 5.4993e+00     0.4676     0.2558    93.8048 0.0000e+00
        363  39.494393    0.02516     1.5093     90.555     22.207  50456.446    31.5884     6.3180     22.000     6.3156    24.8194     6.5037     9.2945     92.719    283.422    290.457   -0.00049    7.01450   10.02441  305.68052   15.75052 4.9338e+00     0.4655     0.2585    93.7431 0.0000e+00
        367  39.494404    0.02543     1.5256     91.536     23.216  50457.419    31.5885     6.3173     23.000     6.3153    24.8195     6.4980     9.2863     92.635    283.173    290.202   -0.00106    7.01461   10.02458  305.68556   15.75076 4.4403e+00     0.4585     0.2589    93.7318 0.0000e+00
        371  39.494417    0.02572     1.5434     92.603     24.227  50459.016    31.5892     6.3176     24.000     6.3154    24.8200     6.5031     9.2936     92.709    283.395    290.428   -0.00045    7.01452   10.02445  305.68153   15.75057 4.0120e+00     0.4638     0.2566    93.7867 0.0000e+00
        376  39.494430    0.02604     1.5625     93.748     25.237  50459.943    31.5893     6.3174     25.000     6.3158    24.8202     6.5064     9.2983     92.755    283.537    290.573   -0.00008    7.01454   10.02448  305.68231   15.75061 3.6261e+00     0.4719     0.2549    93.8264 0.0000e+00
        381  39.494444    0.02638     1.5827     94.960     26.249  50471.420    31.5975     6.3211     26.000     6.3228    24.8262     6.5085     9.3014     92.799    283.629    290.671    0.00017    7.01356   10.02308  305.63799   15.74846 3.2827e+00     0.4663     0.2553    93.8163 0.0000e+00
        385  39.494456    0.02668     1.6004     96.022     27.258  50464.025    31.5930     6.3274     27.000     6.3259    24.8219     6.5038     9.2947     92.744    283.426    290.461   -0.00027    7.01274   10.02190  305.60334   15.74683 2.9482e+00     0.4663     0.2548    93.8287 0.0000e+00
        389  39.494468    0.02696     1.6176     97.058     28.261  50493.489    31.6145     6.3350     28.000     6.3409    24.8378     6.4999     9.2890     92.717    283.250    290.285   -0.00047    7.01050   10.01870  305.50099   15.74186 2.6466e+00     0.4636     0.2518    93.8985 0.0000e+00
        394  39.494483    0.02732     1.6393     98.358     29.273  50480.902    31.6078     6.3486     29.000     6.3478    24.8309     6.5047     9.2959     92.810    283.461    290.500    0.00019    7.00857   10.01595  305.41902   15.73798 2.3847e+00     0.4585     0.2491    93.9633 0.0000e+00
        401  39.494502    0.02776     1.6657     99.945     30.292  50481.151    31.6082     6.3521     30.000     6.3503    24.8308     6.4953     9.2825     92.685    283.054    290.083   -0.00065    7.00799   10.01512  305.39375   15.73677 2.1498e+00     0.4454     0.2464    94.0275 0.0000e+00
        405  39.494515    0.02808     1.6845    101.067     31.296  50485.260    31.6110     6.3544     31.000     6.3534    24.8328     6.4916     9.2772     92.638    282.890    289.915   -0.00082    7.00748   10.01440  305.37102   15.73568 1.9407e+00     0.4526     0.2494    93.9552 0.0000e+00
        409  39.494526    0.02835     1.7014    102.082     32.304  50489.107    31.6139     6.3584     32.000     6.3581    24.8346     6.4936     9.2800     92.676    282.974    290.002   -0.00046    7.00668   10.01325  305.33542   15.73397 1.7591e+00     0.4528     0.2494    93.9542 0.0000e+00
        415  39.494543    0.02874     1.7243    103.458     33.311  50487.836    31.6135     6.3632     33.000     6.3609    24.8336     6.4955     9.2827     92.714    283.061    290.090   -0.00015    7.00594   10.01218  305.30328   15.73244 1.6035e+00     0.4449     0.2461    94.0333 0.0000e+00
        421  39.494559    0.02915     1.7491    104.946     34.331  50487.781    31.6131     6.3641     34.000     6.3615    24.8332     6.4939     9.2805     92.694    282.990    290.019   -0.00033    7.00580   10.01199  305.29752   15.73217 1.4355e+00     0.4332     0.2463    94.0283 0.0000e+00
        426  39.494573    0.02948     1.7688    106.127     35.327  50484.766    31.6103     6.3628     35.000     6.3587    24.8312     6.4869     9.2703     92.588    282.684    289.703   -0.00084    7.00614   10.01247  305.31276   15.73291 1.2987e+00     0.4378     0.2466    94.0220 0.0000e+00
        433  39.494593    0.02997     1.7981    107.885     36.365  50487.526    31.6111     6.3595     36.000     6.3569    24.8323     6.4857     9.2688     92.565    282.634    289.652   -0.00073    7.00665   10.01320  305.33477   15.73395 1.1731e+00     0.4331     0.2449    94.0602 0.0000e+00
        436  39.494602    0.03018     1.8107    108.643     37.347  50487.818    31.6110     6.3602     37.000     6.3572    24.8321     6.4826     9.2643     92.523    282.498    289.514   -0.00078    7.00653   10.01303  305.32969   15.73371 1.0594e+00     0.4320     0.2478    93.9926 0.0000e+00
        439  39.494613    0.03044     1.8261    109.564     38.361  50489.793    31.6119     6.3605     38.000     6.3577    24.8328     6.4849     9.2675     92.555    282.596    289.613   -0.00062    7.00644   10.01291  305.32555   15.73351 9.5808e-01     0.4413     0.2478    93.9930 0.0000e+00
        443  39.494625    0.03071     1.8426    110.558     39.367  50493.818    31.6145     6.3619     39.000     6.3601    24.8347     6.4921     9.2779     92.664    282.911    289.938    0.00011    7.00608   10.01240  305.30957   15.73274 8.6857e-01     0.4396     0.2474    94.0020 0.0000e+00
        448  39.494639    0.03105     1.8631    111.786     40.381  50490.796    31.6124     6.3641     40.000     6.3604    24.8327     6.4946     9.2814     92.703    283.021    290.049    0.00037    7.00583   10.01204  305.29916   15.73225 7.8426e-01     0.4427     0.2450    94.0605 0.0000e+00
        454  39.494655    0.03144     1.8865    113.190     41.390  50492.471    31.6130     6.3638     41.000     6.3604    24.8332     6.4869     9.2705     92.593    282.685    289.706   -0.00047    7.00586   10.01207  305.29984   15.73228 7.0953e-01     0.4344     0.2454    94.0501 0.0000e+00
        459  39.494671    0.03183     1.9095    114.570     42.412  50493.850    31.6135     6.3641     42.000     6.3608    24.8337     6.4884     9.2725     92.614    282.748    289.770   -0.00025    7.00577   10.01195  305.29612   15.73210 6.4025e-01     0.4570     0.2453    94.0526 0.0000e+00
        463  39.494681    0.03206     1.9238    115.430     43.406  50489.990    31.6104     6.3642     43.000     6.3593    24.8312     6.4891     9.2736     92.623    282.782    289.803   -0.00025    7.00591   10.01215  305.30306   15.73244 5.7900e-01     0.4480     0.2469    94.0128 0.0000e+00
        467  39.494692    0.03233     1.9400    116.398     44.409  50493.191    31.6118     6.3623     44.000     6.3585    24.8325     6.4922     9.2780     92.664    282.916    289.941   -0.00001    7.00615   10.01249  305.31302   15.73291 5.2411e-01     0.4415     0.2463    94.0278 0.0000e+00
        473  39.494710    0.03276     1.9656    117.936     45.442  50494.131    31.6120     6.3623     45.000     6.3587    24.8327     6.4981     9.2864     92.749    283.172    290.204    0.00042    7.00614   10.01248  305.31246   15.73289 4.7670e-01     0.4416     0.2439    94.0860 0.0000e+00
        478  39.494725    0.03313     1.9878    119.265     46.444  50494.541    31.6118     6.3624     46.000     6.3584    24.8325     6.4864     9.2697     92.582    282.663    289.682   -0.00066    7.00614   10.01248  305.31243   15.73288 4.3540e-01     0.4413     0.2443    94.0734 0.0000e+00
        482  39.494738    0.03342     2.0055    120.329     47.456  50501.057    31.6157     6.3621     47.000     6.3600    24.8358     6.4850     9.2678     92.564    282.602    289.621   -0.00059    7.00601   10.01228  305.30581   15.73255 3.9222e-01     0.4350     0.2486    93.9762 0.0000e+00
        485  39.494746    0.03363     2.0179    121.073     48.442  50497.834    31.6134     6.3642     48.000     6.3605    24.8336     6.4826     9.2643     92.532    282.497    289.512   -0.00086    7.00576   10.01194  305.29587   15.73209 3.5827e-01     0.4370     0.2493    93.9569 0.0000e+00
        490  39.494760    0.03396     2.0375    122.251     49.472  50497.891    31.6130     6.3643     49.000     6.3603    24.8333     6.4931     9.2792     92.682    282.955    289.982    0.00022    7.00577   10.01194  305.29592   15.73209 3.2423e-01     0.4336     0.2468    94.0157 0.0000e+00
        496  39.494776    0.03435     2.0607    123.642     50.475  50501.938    31.6157     6.3659     50.000     6.3632    24.8352     6.4917     9.2773     92.667    282.893    289.918    0.00001    7.00539   10.01140  305.27890   15.73127 2.9421e-01     0.4391     0.2452    94.0550 0.0000e+00
        503  39.494797    0.03485     2.0911    125.464     51.500  50504.857    31.6181     6.3707     51.000     6.3677    24.8365     6.4859     9.2690     92.596    282.641    289.661   -0.00041    7.00450   10.01012  305.23969   15.72939 2.6500e-01     0.4368     0.2435    94.0934 0.0000e+00
        506  39.494806    0.03506     2.1035    126.210     52.493  50506.937    31.6195     6.3729     52.000     6.3700    24.8374     6.4789     9.2590     92.501    282.333    289.346   -0.00105    7.00407   10.00951  305.22061   15.72848 2.4067e-01     0.4443     0.2471    94.0087 0.0000e+00
        509  39.494816    0.03531     2.1184    127.106     53.500  50504.650    31.6178     6.3747     53.000     6.3701    24.8358     6.4796     9.2600     92.515    282.366    289.379   -0.00086    7.00384   10.00919  305.21142   15.72805 2.2057e-01     0.4335     0.2500    93.9397 0.0000e+00
