CTD-processing/allCTD/CNV/2019_10-30_alongbay_kb04_cast010_4141.cnv
* Sea-Bird SBE19plus Data File:
* FileName = C:\Users\Chris\Desktop\EVOSTC GWA LTM\CTD Data\2019_10-30_AlongBay\2019_10-30_AlongBay_KB0_Cast010.hex
* Software Version 1.59
* Temperature SN =  4141
* Conductivity SN =  4141
* System UpLoad Time = Nov 01 2019 13:23:21
** Cook Inlet LTM AlongBay
** Date: 2019_10-30
** Station:4
** Start Time: (AKST):12:52
** Depth (m):155
** Comment:
** Comment:
# nquan = 27
# nvalues = 150                         
# units = specified
# name 0 = scan: Scan Count
# name 1 = timeJ: Julian Days
# name 2 = timeH: Time, Elapsed [hours]
# name 3 = timeM: Time, Elapsed [minutes]
# name 4 = timeS: Time, Elapsed [seconds]
# name 5 = prdM: Pressure, Strain Gauge [db]
# name 6 = specc: Specific Conductance [uS/cm]
# name 7 = sal00: Salinity, Practical [PSU]
# name 8 = tv290C: Temperature [ITS-90, deg C]
# name 9 = depSM: Depth [salt water, m], lat = 59.00
# name 10 = potemp090C: Potential Temperature [ITS-90, deg C]
# name 11 = sigma-é00: Density [sigma-theta, kg/m^3]
# name 12 = sbeox0ML/L: Oxygen, SBE 43 [ml/l]
# name 13 = sbeox0Mg/L: Oxygen, SBE 43 [mg/l]
# name 14 = sbeox0PS: Oxygen, SBE 43 [% saturation]
# name 15 = sbox0Mm/Kg: Oxygen, SBE 43 [umol/kg]
# name 16 = sbeox0Mm/L: Oxygen, SBE 43 [umol/l]
# name 17 = sbox0dV/dT: Oxygen, SBE 43 [dov/dt]
# name 18 = oxsolML/L: Oxygen Saturation, Garcia & Gordon [ml/l]
# name 19 = oxsolMg/L: Oxygen Saturation, Garcia & Gordon [mg/l]
# name 20 = oxsolMm/Kg: Oxygen Saturation, Garcia & Gordon [umol/kg]
# name 21 = n2satMg/L: Nitrogen Saturation [mg/l]
# name 22 = par: PAR/Irradiance, Biospherical/Licor
# name 23 = wetStar: Fluorescence, WET Labs WETstar [mg/m^3]
# name 24 = CStarAt0: Beam Attenuation, WET Labs C-Star [1/m]
# name 25 = CStarTr0: Beam Transmission, WET Labs C-Star [%]
# name 26 = flag: flag
# span 0 =         56,        963       
# span 1 = 303.536328, 303.538952       
# span 2 =    0.00381,    0.06679       
# span 3 =     0.2284,     4.0069       
# span 4 =     13.703,    240.416       
# span 5 =      1.028,    151.388       
# span 6 =  48096.132,  49403.058       
# span 7 =    30.3188,    31.1953       
# span 8 =     8.3653,     8.7446       
# span 9 =      1.000,    150.000       
# span 10 =     8.4305,     8.7401      
# span 11 =    23.5252,    24.1864      
# span 12 =     5.0323,     6.1037      
# span 13 =     7.1917,     8.7227      
# span 14 =     75.581,     90.760      
# span 15 =    219.435,    266.324      
# span 16 =    224.743,    272.590      
# span 17 =   -0.00906,    0.05154      
# span 18 =    6.65818,    6.74683      
# span 19 =    9.51520,    9.64190      
# span 20 =  290.33191,  294.37456      
# span 21 =   15.01975,   15.21627      
# span 22 = 4.1223e-02, 5.1069e+01      
# span 23 =     0.3316,     0.8108      
# span 24 =     0.4241,     2.6000      
# span 25 =    57.1359,    89.9402      
# span 26 = 0.0000e+00, 0.0000e+00      
# interval = meters: 1                  
# start_time = Oct 30 2019 12:52:05 [Instrument's time stamp, header]
# bad_flag = -9.990e-29
*END*
         56 303.536328    0.00381     0.2284     13.703      1.028  48171.711    30.3495     8.3653      1.000     8.4305    23.5722     5.6186     8.0295     83.288    245.146    250.925    0.00479    6.74683    9.64190  294.37456   15.21627 3.5168e+01     0.6233     2.6000    57.1359 0.0000e+00
        252 303.536895    0.01742     1.0454     62.723      2.010  48099.718    30.3206     8.5161      2.000     8.5198    23.5278     6.1037     8.7227     90.760    266.324    272.590    0.05154    6.72520    9.61098  293.44322   15.17192 3.6568e+01     0.6885     1.0898    76.6205 0.0000e+00
        266 303.536937    0.01841     1.1049     66.294      3.036  48096.132    30.3188     8.5249      3.000     8.5240    23.5252     6.0656     8.6683     90.209    264.663    270.889    0.03084    6.72393    9.60917  293.38863   15.16931 3.7295e+01     0.7079     0.9938    78.0002 0.0000e+00
        270 303.536948    0.01869     1.1214     67.285      4.033  48100.731    30.3216     8.5248      4.000     8.5257    23.5275     6.0305     8.6182     89.688    263.131    269.322    0.01927    6.72382    9.60901  293.38314   15.16904 4.1560e+01     0.7116     0.9964    77.9509 0.0000e+00
        275 303.536962    0.01902     1.1410     68.459      5.051  48099.913    30.3210     8.5273      5.000     8.5271    23.5266     6.0001     8.5747     89.240    261.804    267.964    0.01019    6.72348    9.60852  293.36845   15.16834 5.1069e+01     0.7507     0.9951    77.9760 0.0000e+00
        279 303.536973    0.01931     1.1585     69.512      6.063  48101.288    30.3217     8.5278      6.000     8.5277    23.5270     5.9793     8.5450     88.932    260.896    267.035    0.00507    6.72336    9.60835  293.36329   15.16810 4.8530e+01     0.7682     0.9996    77.8885 0.0000e+00
        282 303.536983    0.01954     1.1727     70.364      7.055  48104.615    30.3236     8.5289      7.000     8.5302    23.5285     5.9757     8.5400     88.884    260.742    266.877    0.00330    6.72311    9.60799  293.35183   15.16754 3.7573e+01     0.7818     0.9984    77.9117 0.0000e+00
        287 303.536997    0.01988     1.1928     71.568      8.083  48106.332    30.3253     8.5348      8.000     8.5350    23.5289     5.9804     8.5466     88.965    260.944    267.084    0.00277    6.72215    9.60663  293.30992   15.16553 3.1592e+01     0.8001     0.9926    78.0239 0.0000e+00
        291 303.537009    0.02015     1.2091     72.548      9.085  48109.266    30.3271     8.5360      9.000     8.5367    23.5302     5.9697     8.5313     88.810    260.477    266.606    0.00102    6.72189    9.60625  293.29822   15.16497 2.5651e+01     0.8040     0.9406    79.0620 0.0000e+00
        295 303.537020    0.02043     1.2256     73.534     10.094  48111.902    30.3289     8.5391     10.000     8.5406    23.5312     5.9618     8.5200     88.699    260.132    266.253   -0.00010    6.72133    9.60546  293.27371   15.16379 2.0710e+01     0.7947     0.7924    82.0353 0.0000e+00
        299 303.537031    0.02070     1.2419     74.516     11.101  48113.423    30.3302     8.5441     11.000     8.5451    23.5315     5.9588     8.5157     88.666    260.003    266.121   -0.00038    6.72053    9.60430  293.23842   15.16209 1.7382e+01     0.7667     0.7734    82.4210 0.0000e+00
        304 303.537045    0.02102     1.2610     75.662     12.120  48119.484    30.3349     8.5499     12.000     8.5538    23.5343     5.9560     8.5117     88.638    259.877    265.993   -0.00046    6.71944    9.60276  293.19049   15.15979 1.4042e+01     0.8108     0.7689    82.5123 0.0000e+00
        307 303.537056    0.02128     1.2770     76.619     13.122  48126.643    30.3409     8.5602     13.000     8.5639    23.5375     5.9575     8.5138     88.684    259.943    266.061   -0.00024    6.71762    9.60015  293.10983   15.15591 1.1235e+01     0.7580     0.7766    82.3541 0.0000e+00
        311 303.537067    0.02155     1.2930     77.583     14.127  48154.830    30.3617     8.5711     14.000     8.5758    23.5523     5.9512     8.5049     88.625    259.665    265.781   -0.00039    6.71508    9.59653  292.99492   15.15034 9.3739e+00     0.7812     0.7704    82.4803 0.0000e+00
        316 303.537081    0.02189     1.3135     78.808     15.150  48184.069    30.3835     8.5836     15.000     8.5880    23.5675     5.9335     8.4795     88.397    258.887    264.988   -0.00179    6.71225    9.59248  292.86698   15.14414 7.8382e+00     0.7393     0.7300    83.3172 0.0000e+00
        320 303.537092    0.02214     1.3287     79.725     16.143  48283.469    30.4548     8.6000     16.000     8.6171    23.6209     5.9254     8.4680     88.350    258.521    264.628   -0.00191    6.70666    9.58449  292.60798   15.13148 6.4439e+00     0.7149     0.7430    83.0497 0.0000e+00
        324 303.537105    0.02245     1.3472     80.833     17.161  48323.341    30.4868     8.6327     17.000     8.6352    23.6412     5.9251     8.4676     88.430    258.504    264.615   -0.00063    6.70034    9.57545  292.32618   15.11788 5.2845e+00     0.6633     0.8001    81.8686 0.0000e+00
        329 303.537118    0.02277     1.3663     81.980     18.176  48360.910    30.5139     8.6415     18.000     8.6467    23.6611     5.8728     8.3928     87.681    256.215    262.278   -0.00484    6.69783    9.57187  292.21109   15.11228 4.3573e+00     0.5886     0.8422    81.0147 0.0000e+00
        333 303.537130    0.02306     1.3833     82.995     19.172  48400.668    30.5434     8.6568     19.000     8.6634    23.6820     5.8137     8.3084     86.846    253.634    259.641   -0.00906    6.69426    9.56676  292.04921   15.10442 3.6066e+00     0.5806     0.9424    79.0133 0.0000e+00
        338 303.537145    0.02342     1.4051     84.308     20.203  48435.728    30.5707     8.6793     20.000     8.6836    23.7001     5.7889     8.2730     86.535    252.548    258.534   -0.00816    6.68969    9.56025  291.84507   15.09456 2.9861e+00     0.5799     0.8968    79.9136 0.0000e+00
        342 303.537156    0.02370     1.4218     85.306     21.193  48439.222    30.5742     8.6897     21.000     8.6920    23.7013     5.8009     8.2902     86.737    253.072    259.070   -0.00486    6.68798    9.55779  291.76988   15.09095 2.5266e+00     0.5661     0.8717    80.4188 0.0000e+00
        347 303.537171    0.02406     1.4435     86.611     22.209  48446.682    30.5806     8.7012     22.000     8.7030    23.7046     5.8177     8.3141     87.014    253.803    259.819   -0.00155    6.68598    9.55493  291.68167   15.08672 2.1567e+00     0.5868     0.8183    81.5003 0.0000e+00
        352 303.537186    0.02441     1.4643     87.861     23.221  48452.504    30.5855     8.7102     23.000     8.7115    23.7071     5.8261     8.3260     87.159    254.166    260.191   -0.00014    6.68441    9.55270  291.61260   15.08340 1.8388e+00     0.5786     0.7841    82.1991 0.0000e+00
        357 303.537200    0.02474     1.4847     89.080     24.224  48463.462    30.5937     8.7174     24.000     8.7158    23.7125     5.8377     8.3427     87.352    254.673    260.712    0.00097    6.68299    9.55066  291.54896   15.08032 1.5928e+00     0.5823     0.7449    83.0092 0.0000e+00
        363 303.537216    0.02513     1.5079     90.472     25.242  48463.740    30.5936     8.7182     25.000     8.7154    23.7123     5.8513     8.3621     87.557    255.267    261.321    0.00177    6.68287    9.55049  291.54366   15.08007 1.3732e+00     0.5839     0.7120    83.6945 0.0000e+00
        368 303.537230    0.02547     1.5278     91.670     26.248  48470.823    30.5980     8.7169     26.000     8.7139    23.7160     5.8718     8.3914     87.863    256.158    262.233    0.00297    6.68288    9.55050  291.54309   15.08003 1.1983e+00     0.6015     0.6964    84.0226 0.0000e+00
        373 303.537244    0.02580     1.5480     92.880     27.256  48479.150    30.6033     8.7166     27.000     8.7144    23.7201     5.8912     8.4191     88.156    257.004    263.101    0.00386    6.68268    9.55022  291.53333   15.07954 1.0395e+00     0.6075     0.6910    84.1348 0.0000e+00
        377 303.537257    0.02612     1.5672     94.035     28.269  48502.935    30.6197     8.7185     28.000     8.7170    23.7328     5.9019     8.4344     88.329    257.468    263.579    0.00370    6.68170    9.54883  291.48709   15.07726 9.0870e-01     0.6667     0.6780    84.4078 0.0000e+00
        381 303.537270    0.02641     1.5848     95.086     29.273  48520.104    30.6318     8.7218     29.000     8.7203    23.7417     5.9047     8.4385     88.385    257.589    263.705    0.00296    6.68069    9.54736  291.44014   15.07497 7.9413e-01     0.6212     0.6648    84.6883 0.0000e+00
        386 303.537283    0.02674     1.6042     96.254     30.289  48536.281    30.6432     8.7251     30.000     8.7249    23.7502     5.9069     8.4417     88.432    257.687    263.807    0.00228    6.67969    9.54595  291.39435   15.07274 6.9990e-01     0.5788     0.6536    84.9267 0.0000e+00
        390 303.537295    0.02702     1.6214     97.283     31.294  48576.656    30.6719     8.7319     31.000     8.7304    23.7717     5.8992     8.4305     88.346    257.341    263.458    0.00112    6.67743    9.54271  291.28946   15.06760 6.0908e-01     0.5684     0.6648    84.6880 0.0000e+00
        394 303.537307    0.02731     1.6390     98.339     32.303  48597.822    30.6864     8.7323     32.000     8.7273    23.7829     5.8750     8.3960     87.992    256.283    262.378   -0.00131    6.67676    9.54176  291.25705   15.06600 5.3858e-01     0.5606     0.6462    85.0838 0.0000e+00
        399 303.537320    0.02763     1.6579     99.476     33.314  48606.828    30.6920     8.7305     33.000     8.7290    23.7876     5.8517     8.3626     87.642    255.263    261.335   -0.00361    6.67676    9.54176  291.25591   15.06593 4.7529e-01     0.5546     0.6338    85.3457 0.0000e+00
        403 303.537332    0.02792     1.6752    100.510     34.323  48628.926    30.7077     8.7356     34.000     8.7356    23.7991     5.8736     8.3939     87.990    256.216    262.313   -0.00055    6.67533    9.53971  291.19004   15.06271 4.2301e-01     0.5453     0.6288    85.4530 0.0000e+00
        407 303.537345    0.02821     1.6925    101.550     35.335  48639.341    30.7155     8.7420     35.000     8.7401    23.8043     5.8832     8.4077     88.151    256.636    262.745    0.00075    6.67403    9.53786  291.13202   15.05991 3.7493e-01     0.5477     0.6176    85.6927 0.0000e+00
        411 303.537357    0.02850     1.7104    102.624     36.341  48653.234    30.7252     8.7446     36.000     8.7392    23.8115     5.8706     8.3896     87.972    256.082    262.180   -0.00055    6.67324    9.53672  291.09541   15.05813 3.3520e-01     0.5446     0.6116    85.8215 0.0000e+00
        416 303.537370    0.02883     1.7298    103.791     37.356  48681.765    30.7438     8.7384     37.000     8.7324    23.8271     5.8562     8.3690     87.754    255.449    261.536   -0.00196    6.67335    9.53689  291.09621   15.05808 2.9846e-01     0.5385     0.6158    85.7328 0.0000e+00
        420 303.537382    0.02911     1.7467    104.799     38.360  48693.236    30.7509     8.7353     38.000     8.7312    23.8331     5.8521     8.3632     87.691    255.270    261.353   -0.00182    6.67351    9.53711  291.10116   15.05829 2.6751e-01     0.5108     0.6397    85.2217 0.0000e+00
        425 303.537395    0.02941     1.7648    105.889     39.371  48699.437    30.7548     8.7350     39.000     8.7310    23.8362     5.8397     8.3456     87.508    254.730    260.802   -0.00249    6.67338    9.53693  291.09464   15.05797 2.3879e-01     0.4849     0.6427    85.1573 0.0000e+00
        429 303.537408    0.02974     1.7846    107.075     40.384  48711.403    30.7628     8.7353     40.000     8.7311    23.8424     5.8245     8.3238     87.284    254.064    260.121   -0.00318    6.67300    9.53638  291.07591   15.05704 2.1411e-01     0.5004     0.6417    85.1776 0.0000e+00
        434 303.537421    0.03004     1.8023    108.139     41.400  48736.023    30.7795     8.7346     41.000     8.7294    23.8556     5.8221     8.3204     87.258    253.959    260.018   -0.00269    6.67238    9.53550  291.04551   15.05551 1.9020e-01     0.4865     0.6377    85.2631 0.0000e+00
        437 303.537431    0.03030     1.8180    109.081     42.390  48739.544    30.7813     8.7333     42.000     8.7287    23.8572     5.8209     8.3187     87.237    253.904    259.962   -0.00210    6.67249    9.53565  291.04983   15.05571 1.7289e-01     0.5019     0.6490    85.0236 0.0000e+00
        443 303.537448    0.03070     1.8421    110.524     43.433  48744.389    30.7842     8.7326     43.000     8.7282    23.8596     5.8278     8.3285     87.341    254.204    260.270   -0.00077    6.67248    9.53564  291.04845   15.05564 1.5580e-01     0.4901     0.6413    85.1858 0.0000e+00
        446 303.537457    0.03091     1.8545    111.271     44.408  48745.713    30.7847     8.7327     44.000     8.7283    23.8600     5.8310     8.3331     87.390    254.344    260.413   -0.00032    6.67244    9.53559  291.04680   15.05556 1.4122e-01     0.5141     0.5038    88.1874 0.0000e+00
        451 303.537470    0.03122     1.8735    112.409     45.427  48749.428    30.7868     8.7326     45.000     8.7279    23.8617     5.8333     8.3364     87.425    254.446    260.517   -0.00008    6.67236    9.53547  291.04274   15.05536 1.2923e-01     0.5587     0.4293    89.8215 0.0000e+00
        456 303.537485    0.03158     1.8948    113.690     46.450  48758.363    30.7926     8.7319     46.000     8.7262    23.8663     5.8322     8.3348     87.411    254.396    260.468   -0.00015    6.67222    9.53527  291.03553   15.05498 1.1787e-01     0.5801     0.4241    89.9402 0.0000e+00
        459 303.537495    0.03183     1.9096    114.574     47.438  48773.607    30.8025     8.7295     47.000     8.7231    23.8744     5.8275     8.3281     87.341    254.189    260.258   -0.00065    6.67215    9.53517  291.03008   15.05468 1.0821e-01     0.5761     0.4329    89.7430 0.0000e+00
        464 303.537510    0.03218     1.9311    115.867     48.467  48784.838    30.8094     8.7264     48.000     8.7211    23.8803     5.8239     8.3229     87.284    254.028    260.094   -0.00086    6.67231    9.53540  291.03547   15.05491 9.9811e-02     0.5593     0.4253    89.9145 0.0000e+00
        469 303.537523    0.03250     1.9501    117.008     49.465  48788.685    30.8115     8.7255     49.000     8.7202    23.8821     5.8219     8.3200     87.254    253.941    260.005   -0.00088    6.67236    9.53547  291.03693   15.05498 9.2310e-02     0.5152     0.4542    89.2643 0.0000e+00
        474 303.537537    0.03283     1.9698    118.188     50.483  48791.000    30.8126     8.7248     50.000     8.7196    23.8831     5.8234     8.3223     87.277    254.010    260.077   -0.00046    6.67240    9.53553  291.03875   15.05506 8.5719e-02     0.4985     0.4957    88.3749 0.0000e+00
        478 303.537550    0.03316     1.9894    119.365     51.484  48799.701    30.8182     8.7242     51.000     8.7188    23.8876     5.8201     8.3175     87.228    253.861    259.926   -0.00072    6.67226    9.53533  291.03104   15.05467 8.0302e-02     0.4840     0.6553    84.8890 0.0000e+00
        484 303.537566    0.03353     2.0121    120.725     52.505  48801.252    30.8188     8.7239     52.000     8.7186    23.8881     5.8105     8.3037     87.084    253.440    259.495   -0.00134    6.67229    9.53535  291.03193   15.05471 7.5206e-02     0.4643     0.6568    84.8567 0.0000e+00
        489 303.537580    0.03387     2.0322    121.934     53.505  48803.430    30.8198     8.7234     53.000     8.7177    23.8890     5.8130     8.3073     87.121    253.552    259.609   -0.00089    6.67230    9.53540  291.03279   15.05475 7.1130e-02     0.4381     0.6890    84.1767 0.0000e+00
