CTD-processing/allCTD/CNV/2019_05_12_t6_s12_cast159_4141.cnv
* Sea-Bird SBE19plus Data File:
* FileName = C:\Users\jwschloemer\Documents\CTD Data\2019_05-12_T6_T7_ptGrm_pogi\2019_05_12_T6_S27_Cast159.hex
* Software Version 1.59
* Temperature SN =  4141
* Conductivity SN =  4141
* System UpLoad Time = May 13 2019 14:46:29
** Date: 2019_05_12
** Station:12
** Start Time (AKST):10:45
** Depth (m):141
** Comment:
# nquan = 27
# nvalues = 132                         
# units = specified
# name 0 = scan: Scan Count
# name 1 = timeJ: Julian Days
# name 2 = timeH: Time, Elapsed [hours]
# name 3 = timeM: Time, Elapsed [minutes]
# name 4 = timeS: Time, Elapsed [seconds]
# name 5 = prdM: Pressure, Strain Gauge [db]
# name 6 = specc: Specific Conductance [uS/cm]
# name 7 = sal00: Salinity, Practical [PSU]
# name 8 = tv290C: Temperature [ITS-90, deg C]
# name 9 = depSM: Depth [salt water, m], lat = 59.00
# name 10 = potemp090C: Potential Temperature [ITS-90, deg C]
# name 11 = sigma-é00: Density [sigma-theta, kg/m^3]
# name 12 = sbeox0ML/L: Oxygen, SBE 43 [ml/l]
# name 13 = sbeox0Mg/L: Oxygen, SBE 43 [mg/l]
# name 14 = sbeox0PS: Oxygen, SBE 43 [% saturation]
# name 15 = sbox0Mm/Kg: Oxygen, SBE 43 [umol/kg]
# name 16 = sbeox0Mm/L: Oxygen, SBE 43 [umol/l]
# name 17 = sbox0dV/dT: Oxygen, SBE 43 [dov/dt]
# name 18 = oxsolML/L: Oxygen Saturation, Garcia & Gordon [ml/l]
# name 19 = oxsolMg/L: Oxygen Saturation, Garcia & Gordon [mg/l]
# name 20 = oxsolMm/Kg: Oxygen Saturation, Garcia & Gordon [umol/kg]
# name 21 = n2satMg/L: Nitrogen Saturation [mg/l]
# name 22 = par: PAR/Irradiance, Biospherical/Licor
# name 23 = wetStar: Fluorescence, WET Labs WETstar [mg/m^3]
# name 24 = CStarAt0: Beam Attenuation, WET Labs C-Star [1/m]
# name 25 = CStarTr0: Beam Transmission, WET Labs C-Star [%]
# name 26 = flag: flag
# span 0 =        229,        854       
# span 1 = 132.449015, 132.450826       
# span 2 =    0.01582,    0.05927       
# span 3 =     0.9490,     3.5557       
# span 4 =     56.941,    213.343       
# span 5 =      1.004,    133.264       
# span 6 =  50840.002,  51231.730       
# span 7 =    31.9040,    32.1022       
# span 8 =     6.4656,     6.5494       
# span 9 =      1.000,    132.000       
# span 10 =     6.4554,     6.5475      
# span 11 =    25.0410,    25.2071      
# span 12 =     5.8895,     6.6786      
# span 13 =     8.4167,     9.5444      
# span 14 =     84.491,     95.921      
# span 15 =    256.601,    290.979      
# span 16 =    263.027,    298.265      
# span 17 =   -0.00834,    0.00137      
# span 18 =    6.95874,    6.97080      
# span 19 =    9.94474,    9.96198      
# span 20 =  303.16718,  303.70951      
# span 21 =   15.62910,   15.65527      
# span 22 = 3.6170e-02, 9.7482e+01      
# span 23 =     0.6593,     1.3182      
# span 24 =     0.2876,     0.5233      
# span 25 =    86.9087,    93.0636      
# span 26 = 0.0000e+00, 0.0000e+00      
# interval = meters: 1                  
# start_time = May 12 2019 10:45:38 [Instrument's time stamp, header]
# bad_flag = -9.990e-29
*END*
[from data line 108]
        704 132.450390    0.04880     2.9280    175.681    110.051  51214.141    32.1005     6.4658    109.000     6.4564    25.2057     6.4711     9.2478     92.885    281.892    288.997   -0.00013    6.96674    9.95617  303.48494   15.64379 3.6170e-02     0.6825     0.2903    92.9996 0.0000e+00
        715 132.450424    0.04961     2.9770    178.617    111.087  51213.294    32.0994     6.4656    110.000     6.4563    25.2049     6.4741     9.2520     92.927    282.022    289.130    0.00010    6.96680    9.95625  303.48787   15.64392 3.6170e-02     0.6866     0.2904    92.9976 0.0000e+00
        718 132.450432    0.04981     2.9890    179.340    112.071  51215.518    32.1005     6.4657    111.000     6.4562    25.2057     6.4735     9.2513     92.920    281.999    289.108    0.00010    6.96673    9.95616  303.48474   15.64377 3.6170e-02     0.6676     0.2935    92.9265 0.0000e+00
        729 132.450463    0.05054     3.0326    181.958    113.080  51214.944    32.0997     6.4659    112.000     6.4565    25.2050     6.4682     9.2436     92.843    281.767    288.869   -0.00036    6.96675    9.95618  303.48567   15.64382 3.6170e-02     0.6686     0.2917    92.9673 0.0000e+00
        742 132.450499    0.05143     3.0857    185.140    114.112  51214.668    32.0990     6.4661    113.000     6.4564    25.2045     6.4663     9.2410     92.817    281.687    288.787   -0.00042    6.96676    9.95619  303.48599   15.64384 3.6170e-02     0.6648     0.2920    92.9606 0.0000e+00
        745 132.450509    0.05167     3.1001    186.007    115.096  51216.464    32.0998     6.4661    114.000     6.4564    25.2052     6.4686     9.2442     92.849    281.782    288.885   -0.00025    6.96671    9.95613  303.48390   15.64373 3.6170e-02     0.6732     0.2924    92.9516 0.0000e+00
        757 132.450543    0.05248     3.1491    188.944    116.120  51217.896    32.1003     6.4661    115.000     6.4564    25.2056     6.4612     9.2337     92.744    281.461    288.555   -0.00072    6.96668    9.95609  303.48265   15.64367 3.6170e-02     0.6773     0.2909    92.9859 0.0000e+00
        762 132.450560    0.05288     3.1726    190.353    117.123  51217.409    32.0995     6.4663    116.000     6.4564    25.2049     6.4616     9.2342     92.749    281.479    288.574   -0.00064    6.96670    9.95610  303.48336   15.64372 3.6170e-02     0.6711     0.2942    92.9077 0.0000e+00
        767 132.450574    0.05321     3.1929    191.575    118.139  51217.891    32.0994     6.4664    117.000     6.4564    25.2048     6.4727     9.2502     92.910    281.965    289.072    0.00039    6.96669    9.95609  303.48294   15.64369 3.6170e-02     0.6656     0.2909    92.9855 0.0000e+00
        775 132.450597    0.05378     3.2269    193.616    119.145  51218.843    32.0996     6.4663    118.000     6.4562    25.2050     6.4740     9.2519     92.926    282.017    289.126    0.00042    6.96669    9.95610  303.48329   15.64371 3.6170e-02     0.6781     0.2907    92.9903 0.0000e+00
        786 132.450629    0.05452     3.2716    196.296    120.158  51220.363    32.1001     6.4662    119.000     6.4560    25.2054     6.4665     9.2412     92.820    281.691    288.791   -0.00041    6.96668    9.95608  303.48244   15.64367 3.6170e-02     0.6688     0.2904    92.9983 0.0000e+00
        791 132.450643    0.05489     3.2934    197.602    121.171  51221.906    32.1008     6.4663    120.000     6.4561    25.2059     6.4676     9.2428     92.837    281.742    288.843   -0.00029    6.96663    9.95601  303.48007   15.64355 3.6170e-02     0.6724     0.2909    92.9845 0.0000e+00
        796 132.450657    0.05520     3.3121    198.728    122.184  51222.194    32.1005     6.4663    121.000     6.4558    25.2057     6.4666     9.2414     92.822    281.698    288.799   -0.00032    6.96665    9.95604  303.48108   15.64360 3.6170e-02     0.6702     0.2919    92.9626 0.0000e+00
        800 132.450667    0.05547     3.3277    199.662    123.176  51224.274    32.1014     6.4663    122.000     6.4559    25.2065     6.4699     9.2463     92.871    281.843    288.948   -0.00010    6.96662    9.95599  303.47955   15.64352 3.6170e-02     0.6767     0.2921    92.9582 0.0000e+00
        811 132.450700    0.05626     3.3755    202.529    124.215  51223.382    32.1004     6.4664    123.000     6.4561    25.2056     6.4627     9.2358     92.766    281.527    288.623   -0.00063    6.96664    9.95602  303.48062   15.64358 3.6170e-02     0.6676     0.2904    92.9983 0.0000e+00
        815 132.450712    0.05653     3.3915    203.489    125.208  51224.231    32.1006     6.4667    124.000     6.4560    25.2058     6.4644     9.2382     92.791    281.599    288.698   -0.00054    6.96657    9.95594  303.47796   15.64345 3.6170e-02     0.6615     0.2898    93.0118 0.0000e+00
        818 132.450721    0.05677     3.4057    204.340    126.211  51224.615    32.1003     6.4667    125.000     6.4562    25.2056     6.4710     9.2478     92.887    281.893    288.998    0.00012    6.96658    9.95594  303.47823   15.64346 3.6170e-02     0.6740     0.2907    92.9909 0.0000e+00
        823 132.450735    0.05709     3.4256    205.536    127.222  51224.691    32.1000     6.4669    126.000     6.4562    25.2053     6.4719     9.2489     92.899    281.928    289.034    0.00013    6.96656    9.95592  303.47748   15.64343 3.6170e-02     0.6907     0.2910    92.9828 0.0000e+00
        830 132.450755    0.05757     3.4539    207.235    128.244  51226.189    32.1006     6.4669    127.000     6.4561    25.2057     6.4678     9.2431     92.840    281.749    288.850   -0.00030    6.96655    9.95589  303.47660   15.64339 3.6170e-02     0.6821     0.2899    93.0089 0.0000e+00
        835 132.450769    0.05791     3.4742    208.453    129.248  51227.504    32.1009     6.4669    128.000     6.4558    25.2061     6.4671     9.2421     92.831    281.719    288.821   -0.00035    6.96653    9.95587  303.47586   15.64335 3.6170e-02     0.6708     0.2925    92.9487 0.0000e+00
        840 132.450783    0.05824     3.4945    209.670    130.257  51229.425    32.1017     6.4665    129.000     6.4555    25.2068     6.4696     9.2458     92.867    281.830    288.934   -0.00013    6.96655    9.95590  303.47648   15.64338 3.6170e-02     0.6689     0.2914    92.9753 0.0000e+00
        845 132.450798    0.05860     3.5159    210.956    131.271  51230.507    32.1020     6.4665    130.000     6.4554    25.2070     6.4734     9.2511     92.921    281.992    289.100    0.00016    6.96654    9.95587  303.47576   15.64334 3.6170e-02     0.6871     0.2914    92.9735 0.0000e+00
        849 132.450811    0.05892     3.5350    212.100    132.276  51231.397    32.1022     6.4666    131.000     6.4554    25.2071     6.4708     9.2474     92.884    281.879    288.985   -0.00015    6.96653    9.95586  303.47525   15.64331 3.6170e-02     0.6820     0.2936    92.9210 0.0000e+00
        854 132.450826    0.05927     3.5557    213.343    133.264  51231.730    32.1019     6.4667    132.000     6.4556    25.2070     6.4591     9.2305     92.715    281.367    288.460   -0.00101    6.96651    9.95583  303.47475   15.64331 3.6170e-02     0.6688     0.2886    93.0407 0.0000e+00
