CTD-processing/allCTD/CNV/2019_06-19_alongbay_skb09_cast223_4141.cnv
* Sea-Bird SBE19plus Data File:
* FileName = C:\Users\jwschloemer\Documents\CTD Data\2019_06-19_AlongBay_T9\2019_06-19_AlongBay_SKB01_Cast223.hex
* Software Version 1.59
* Temperature SN =  4141
* Conductivity SN =  4141
* System UpLoad Time = Jun 20 2019 15:43:03
** Cook Inlet LTM Along Bay
** Date: 2019_06_19
** Station:09
** Start Time (AKST):13:54
** Depth (m):67
** Comment:
# nquan = 27
# nvalues = 65                          
# units = specified
# name 0 = scan: Scan Count
# name 1 = timeJ: Julian Days
# name 2 = timeH: Time, Elapsed [hours]
# name 3 = timeM: Time, Elapsed [minutes]
# name 4 = timeS: Time, Elapsed [seconds]
# name 5 = prdM: Pressure, Strain Gauge [db]
# name 6 = specc: Specific Conductance [uS/cm]
# name 7 = sal00: Salinity, Practical [PSU]
# name 8 = tv290C: Temperature [ITS-90, deg C]
# name 9 = depSM: Depth [salt water, m], lat = 59.00
# name 10 = potemp090C: Potential Temperature [ITS-90, deg C]
# name 11 = sigma-é00: Density [sigma-theta, kg/m^3]
# name 12 = sbeox0ML/L: Oxygen, SBE 43 [ml/l]
# name 13 = sbeox0Mg/L: Oxygen, SBE 43 [mg/l]
# name 14 = sbeox0PS: Oxygen, SBE 43 [% saturation]
# name 15 = sbox0Mm/Kg: Oxygen, SBE 43 [umol/kg]
# name 16 = sbeox0Mm/L: Oxygen, SBE 43 [umol/l]
# name 17 = sbox0dV/dT: Oxygen, SBE 43 [dov/dt]
# name 18 = oxsolML/L: Oxygen Saturation, Garcia & Gordon [ml/l]
# name 19 = oxsolMg/L: Oxygen Saturation, Garcia & Gordon [mg/l]
# name 20 = oxsolMm/Kg: Oxygen Saturation, Garcia & Gordon [umol/kg]
# name 21 = n2satMg/L: Nitrogen Saturation [mg/l]
# name 22 = par: PAR/Irradiance, Biospherical/Licor
# name 23 = wetStar: Fluorescence, WET Labs WETstar [mg/m^3]
# name 24 = CStarAt0: Beam Attenuation, WET Labs C-Star [1/m]
# name 25 = CStarTr0: Beam Transmission, WET Labs C-Star [%]
# name 26 = flag: flag
# span 0 =        215,        637       
# span 1 = 170.580273, 170.581494       
# span 2 =    0.01487,    0.04420       
# span 3 =     0.8922,     2.6517       
# span 4 =     53.532,    159.103       
# span 5 =      1.032,     65.552       
# span 6 =  43022.287,  50361.781       
# span 7 =    27.1980,    31.6314       
# span 8 =     7.0211,    12.4033       
# span 9 =      1.000,     65.000       
# span 10 =     7.0156,    12.4067      
# span 11 =    20.4666,    24.7641      
# span 12 =     6.2200,     7.6726      
# span 13 =     8.8891,    10.9650      
# span 14 =     90.493,    115.849      
# span 15 =    272.062,    334.809      
# span 16 =    277.787,    342.660      
# span 17 =   -0.04722,    0.03035      
# span 18 =    6.30219,    6.89899      
# span 19 =    9.00645,    9.85934      
# span 20 =  275.81066,  300.66305      
# span 21 =   14.34118,   15.51112      
# span 22 = 3.6120e-02, 7.4646e+02      
# span 23 =     0.2867,     9.6703      
# span 24 =     0.4056,     2.7980      
# span 25 =    54.7724,    90.3580      
# span 26 = 0.0000e+00, 0.0000e+00      
# interval = meters: 1                  
# start_time = Jun 19 2019 13:54:42 [Instrument's time stamp, header]
# bad_flag = -9.990e-29
*END*
        215 170.580273    0.01487     0.8922     53.532      1.032  43077.282    27.2343    12.3734      1.000    12.4067    20.5001     6.2200     8.8891     98.671    272.207    277.787    0.00218    6.30476    9.01012  275.91418   14.34600 7.4646e+02     0.9545     2.7980    54.7724 0.0000e+00
        333 170.580612    0.02303     1.3817     82.901      2.005  43022.287    27.1980    12.4033      2.000    12.3344    20.4666     7.0504    10.0757    111.874    308.556    314.871    0.00095    6.30219    9.00645  275.81066   14.34118 7.0599e+02     1.0513     1.8477    63.5927 0.0000e+00
        348 170.580658    0.02413     1.4474     86.841      3.051  43469.305    27.4813    12.0582      3.000    11.3917    20.7473     7.1117    10.1633    112.222    311.154    317.609   -0.00437    6.33726    9.05658  277.26943   14.40995 4.6333e+02     1.0509     1.7799    64.0848 0.0000e+00
        352 170.580668    0.02436     1.4617     87.700      4.027  45458.058    28.7279    10.5904      4.000     9.9734    21.9632     6.9592     9.9453    107.251    304.119    310.796   -0.03576    6.49011    9.27501  283.61744   14.70875 3.0888e+02     1.2968     1.7250    64.9747 0.0000e+00
        357 170.580683    0.02472     1.4834     89.003      5.063  47265.264    29.8591     9.4162      5.000     9.3723    23.0331     7.0084    10.0156    106.011    305.946    312.993   -0.03924    6.61065    9.44728  288.58509   14.94172 2.0498e+02     1.9701     1.5710    67.5149 0.0000e+00
        361 170.580693    0.02497     1.4981     89.887      6.045  47396.157    29.9441     9.3789      6.000     9.3617    23.1047     7.3058    10.4408    110.480    318.909    326.277    0.00294    6.61279    9.45033  288.65774   14.94483 1.3849e+02     2.2719     1.6714    65.8496 0.0000e+00
        366 170.580708    0.02534     1.5199     91.197      7.075  47444.873    29.9736     9.3462      7.000     9.3309    23.1327     7.5371    10.7713    113.917    328.997    336.607    0.02310    6.61633    9.45539  288.80423   14.95172 9.4875e+01     3.9776     1.7289    64.9070 0.0000e+00
        370 170.580720    0.02560     1.5363     92.178      8.063  47596.795    30.0741     9.3053      8.000     9.2547    23.2176     7.6670    10.9568    115.849    334.637    342.406    0.03035    6.61805    9.45786  288.85578   14.95377 6.4797e+01     6.6119     1.6140    66.8017 0.0000e+00
        375 170.580735    0.02596     1.5578     93.468      9.095  48009.577    30.3460     9.1793      9.000     9.1377    23.4493     7.6726    10.9650    115.814    334.809    342.660    0.02008    6.62499    9.46777  289.09282   14.96398 4.5801e+01     8.5747     1.5383    68.0753 0.0000e+00
        379 170.580746    0.02622     1.5735     94.410     10.083  48373.025    30.5909     9.1101     10.000     9.0839    23.6512     7.6225    10.8934    115.062    332.557    340.423    0.00942    6.62473    9.46739  289.02438   14.95971 3.2953e+01     9.0499     1.3242    71.8467 0.0000e+00
        383 170.580759    0.02656     1.5935     95.608     11.109  48488.115    30.6650     9.0654     11.000     9.0599    23.7159     7.6367    10.9136    115.216    333.155    341.055    0.00649    6.62815    9.47229  289.15566   14.96568 2.5144e+01     9.6703     0.9967    77.9304 0.0000e+00
        388 170.580771    0.02685     1.6108     96.646     12.112  48508.980    30.6780     9.0567     12.000     9.0510    23.7274     7.6157    10.8835    114.886    332.232    340.115    0.00351    6.62888    9.47333  289.18399   14.96698 1.9524e+01     7.5756     0.9424    79.0110 0.0000e+00
        392 170.580783    0.02713     1.6282     97.695     13.122  48544.909    30.7012     9.0451     13.000     9.0327    23.7473     7.5249    10.7537    113.504    328.265    336.060   -0.00650    6.62960    9.47436  289.20985   14.96813 1.5592e+01     6.3127     0.8584    80.6904 0.0000e+00
        396 170.580797    0.02746     1.6474     98.842     14.136  48603.442    30.7370     9.0106     14.000     8.9721    23.7806     7.4634    10.6660    112.516    325.573    333.316   -0.01110    6.63317    9.47946  289.35630   14.97498 1.2423e+01     5.6440     0.7373    83.1703 0.0000e+00
        400 170.580808    0.02774     1.6641     99.844     15.134  48675.113    30.7723     8.9065     15.000     8.8021    23.8239     7.4005    10.5761    111.336    322.817    330.508   -0.01516    6.64708    9.49934  289.95084   15.00324 1.0305e+01     4.6372     0.6163    85.7246 0.0000e+00
        406 170.580824    0.02811     1.6865    101.191     16.167  48967.794    30.9399     8.6460     16.000     8.5878    23.9939     7.1863    10.2700    107.599    313.421    320.941   -0.03265    6.67869    9.54451  291.28124   15.06611 8.6846e+00     3.1549     0.5748    86.6154 0.0000e+00
        409 170.580834    0.02835     1.7011    102.068     17.146  49000.699    30.9380     8.4788     17.000     8.2537    24.0169     7.0629    10.0935    105.356    308.030    315.428   -0.03962    6.70397    9.58064  292.37733   15.11848 7.2815e+00     2.6314     0.5752    86.6081 0.0000e+00
        415 170.580851    0.02875     1.7251    103.509     18.184  49573.016    31.2556     7.9381     18.000     7.8503    24.3436     6.8858     9.8406    101.675    300.212    307.521   -0.04722    6.77228    9.67827  295.26260   15.25495 6.1768e+00     2.0189     0.5137    87.9474 0.0000e+00
        419 170.580862    0.02902     1.7412    104.472     19.170  49711.159    31.3298     7.8020     19.000     7.7436    24.4208     6.7862     9.6982     99.945    295.848    303.074   -0.04591    6.79003    9.70364  296.01422   15.29052 5.1836e+00     1.3074     0.5466    87.2261 0.0000e+00
        424 170.580878    0.02940     1.7642    105.852     20.199  49841.698    31.4045     7.7030     20.000     7.6926    24.4933     6.6860     9.5550     98.294    291.458    298.597   -0.04026    6.80204    9.72080  296.51660   15.31420 4.4091e+00     0.9149     0.5639    86.8516 0.0000e+00
        428 170.580889    0.02967     1.7802    106.814     21.184  49841.929    31.4016     7.6869     21.000     7.6665    24.4933     6.6596     9.5171     97.867    290.306    297.417   -0.03287    6.80467    9.72455  296.63100   15.31967 3.6794e+00     0.7890     0.5530    87.0879 0.0000e+00
        434 170.580905    0.03005     1.8028    108.168     22.215  49920.033    31.4505     7.6552     22.000     7.6492    24.5360     6.6604     9.5184     97.840    290.331    297.454   -0.02195    6.80742    9.72849  296.73855   15.32460 3.1426e+00     0.7564     0.4564    89.2177 0.0000e+00
        438 170.580917    0.03035     1.8208    109.247     23.221  49915.889    31.4451     7.6424     23.000     7.6283    24.5335     6.6785     9.5442     98.073    291.119    298.261   -0.01402    6.80966    9.73167  296.83672   15.32931 2.6698e+00     0.7069     0.4559    89.2274 0.0000e+00
        442 170.580930    0.03064     1.8385    110.311     24.224  49939.436    31.4578     7.6224     24.000     7.6147    24.5463     6.6793     9.5454     98.048    291.149    298.296   -0.01050    6.81220    9.73531  296.94394   15.33438 2.3124e+00     0.6614     0.4493    89.3766 0.0000e+00
        448 170.580945    0.03101     1.8608    111.648     25.256  49888.744    31.4184     7.6011     25.000     7.5379    24.5184     6.6824     9.5498     98.022    291.292    298.433   -0.00690    6.81724    9.74250  297.17145   15.34540 1.9795e+00     0.6414     0.4352    89.6924 0.0000e+00
        451 170.580955    0.03125     1.8751    112.504     26.237  49991.621    31.4721     7.4943     26.000     7.4559    24.5751     6.6601     9.5179     97.491    290.306    297.440   -0.00858    6.83152    9.76292  297.77769   15.37411 1.7049e+00     0.6471     0.4402    89.5790 0.0000e+00
        456 170.580970    0.03163     1.8978    113.866     27.271  50071.043    31.5155     7.4258     27.000     7.4069    24.6186     6.6162     9.4553     96.725    288.383    295.482   -0.01030    6.84029    9.77546  298.14738   15.39157 1.4604e+00     0.5675     0.4635    89.0578 0.0000e+00
        460 170.580981    0.03187     1.9119    114.714     28.255  50054.109    31.4968     7.3874     28.000     7.3411    24.6091     6.5855     9.4113     96.179    287.045    294.109   -0.01147    6.84715    9.78526  298.44928   15.40606 1.2416e+00     0.5210     0.4835    88.6156 0.0000e+00
        465 170.580995    0.03222     1.9336    116.013     29.280  50142.772    31.5426     7.2955     29.000     7.2773    24.6574     6.5380     9.3434     95.312    284.959    291.985   -0.01299    6.85953    9.80295  298.97469   15.43094 1.0744e+00     0.4907     0.4389    89.6089 0.0000e+00
        470 170.581009    0.03255     1.9527    117.163     30.291  50163.334    31.5514     7.2654     30.000     7.2524    24.6684     6.5220     9.3207     95.019    284.262    291.274   -0.01092    6.86390    9.80920  299.16206   15.43983 9.1644e-01     0.4252     0.4159    90.1223 0.0000e+00
        474 170.581020    0.03282     1.9693    118.157     31.287  50184.272    31.5632     7.2519     31.000     7.2463    24.6794     6.5179     9.3148     94.938    284.081    291.092   -0.00901    6.86549    9.81146  299.22781   15.44293 7.9951e-01     0.4236     0.4076    90.3120 0.0000e+00
        479 170.581036    0.03319     1.9911    119.466     32.312  50188.437    31.5644     7.2447     32.000     7.2375    24.6814     6.5219     9.3204     94.980    284.252    291.267   -0.00572    6.86656    9.81300  299.27395   15.44512 6.8958e-01     0.4045     0.4056    90.3580 0.0000e+00
        483 170.581048    0.03348     2.0090    120.539     33.311  50199.346    31.5700     7.2361     33.000     7.2297    24.6870     6.5214     9.3197     94.957    284.227    291.244   -0.00442    6.86767    9.81459  299.32087   15.44734 5.9365e-01     0.4023     0.4091    90.2786 0.0000e+00
        488 170.581063    0.03384     2.0302    121.811     34.328  50201.671    31.5695     7.2264     34.000     7.2166    24.6879     6.5251     9.3249     94.989    284.387    291.408   -0.00285    6.86922    9.81680  299.38796   15.45054 5.1202e-01     0.3964     0.4170    90.0997 0.0000e+00
        493 170.581075    0.03415     2.0488    122.928     35.328  50201.496    31.5654     7.2060     35.000     7.1904    24.6874     6.5164     9.3126     94.817    284.011    291.023   -0.00309    6.87264    9.82169  299.53717   15.45768 4.3845e-01     0.3906     0.4342    89.7126 0.0000e+00
        498 170.581091    0.03451     2.0708    124.247     36.351  50220.520    31.5731     7.1764     36.000     7.1642    24.6974     6.4973     9.2854     94.480    283.177    290.171   -0.00417    6.87697    9.82788  299.72323   15.46653 3.6705e-01     0.3876     0.4533    89.2862 0.0000e+00
        502 170.581104    0.03482     2.0893    125.358     37.353  50244.041    31.5862     7.1604     37.000     7.1535    24.7099     6.4756     9.2544     94.138    282.230    289.204   -0.00505    6.87890    9.83063  299.80352   15.47030 3.0096e-01     0.3797     0.4690    88.9359 0.0000e+00
        507 170.581117    0.03514     2.1085    126.511     38.357  50252.813    31.5906     7.1532     38.000     7.1470    24.7143     6.4657     9.2402     93.981    281.796    288.760   -0.00463    6.87985    9.83199  299.84375   15.47220 2.4239e-01     0.3788     0.4799    88.6936 0.0000e+00
        512 170.581131    0.03548     2.1287    127.721     39.377  50263.917    31.5971     7.1489     39.000     7.1456    24.7200     6.4563     9.2266     93.838    281.380    288.336   -0.00411    6.88023    9.83254  299.85867   15.47289 1.7525e-01     0.3626     0.4871    88.5350 0.0000e+00
        516 170.581143    0.03577     2.1461    128.767     40.375  50269.862    31.6009     7.1495     40.000     7.1447    24.7230     6.4526     9.2214     93.788    281.221    288.174   -0.00348    6.87997    9.83216  299.84620   15.47228 1.4831e-01     0.3536     0.5252    87.6974 0.0000e+00
        521 170.581157    0.03611     2.1664    129.987     41.396  50275.415    31.6033     7.1439     41.000     7.1356    24.7256     6.4527     9.2216     93.779    281.225    288.178   -0.00242    6.88075    9.83328  299.87950   15.47385 1.1741e-01     0.3628     0.5596    86.9448 0.0000e+00
        525 170.581170    0.03641     2.1846    131.075     42.397  50283.544    31.6066     7.1329     42.000     7.1228    24.7297     6.4454     9.2111     93.651    280.905    287.851   -0.00261    6.88235    9.83556  299.94803   15.47711 9.3656e-02     0.3473     0.6028    86.0113 0.0000e+00
        530 170.581183    0.03673     2.2038    132.228     43.412  50282.352    31.6020     7.1137     43.000     7.0947    24.7285     6.4356     9.1971     93.465    280.478    287.414   -0.00300    6.88559    9.84020  300.08970   15.48389 7.6222e-02     0.3531     0.6776    84.4230 0.0000e+00
        534 170.581196    0.03704     2.2224    133.343     44.420  50301.552    31.6088     7.0792     44.000     7.0622    24.7386     6.4215     9.1770     93.190    279.861    286.784   -0.00381    6.89075    9.84758  300.31189   15.49446 6.3320e-02     0.3450     0.7919    82.0408 0.0000e+00
        539 170.581209    0.03736     2.2415    134.489     45.430  50319.689    31.6162     7.0522     45.000     7.0423    24.7479     6.3870     9.1277     92.636    278.355    285.243   -0.00595    6.89471    9.85323  300.48129   15.50251 4.8975e-02     0.3277     0.9374    79.1127 0.0000e+00
        544 170.581223    0.03769     2.2615    135.692     46.437  50331.004    31.6222     7.0436     46.000     7.0387    24.7537     6.3376     9.0571     91.906    276.201    283.039   -0.00850    6.89580    9.85479  300.52739   15.50468 4.5191e-02     0.3142     1.0230    77.4362 0.0000e+00
        549 170.581237    0.03803     2.2818    136.911     47.457  50331.890    31.6221     7.0421     47.000     7.0377    24.7538     6.2986     9.0013     91.336    274.499    281.293   -0.00949    6.89604    9.85514  300.53784   15.50518 4.0030e-02     0.3070     1.0586    76.7483 0.0000e+00
        553 170.581251    0.03835     2.3012    138.071     48.456  50333.402    31.6226     7.0418     48.000     7.0375    24.7543     6.2960     8.9977     91.299    274.389    281.182   -0.00714    6.89607    9.85518  300.53904   15.50524 3.6847e-02     0.3047     1.1415    75.1797 0.0000e+00
        558 170.581265    0.03871     2.3225    139.350     49.475  50332.189    31.6213     7.0417     49.000     7.0360    24.7534     6.2980     9.0005     91.326    274.475    281.269   -0.00460    6.89615    9.85530  300.54292   15.50543 3.6120e-02     0.3042     1.0789    76.3609 0.0000e+00
        563 170.581278    0.03901     2.3404    140.422     50.474  50335.136    31.6225     7.0396     50.000     7.0343    24.7545     6.3015     9.0055     91.374    274.628    281.426   -0.00323    6.89643    9.85568  300.55430   15.50596 3.6171e-02     0.3158     1.3056    72.1843 0.0000e+00
        568 170.581292    0.03935     2.3610    141.657     51.492  50336.712    31.6225     7.0358     51.000     7.0279    24.7550     6.3103     9.0180     91.493    275.010    281.819   -0.00156    6.89703    9.85654  300.58037   15.50721 3.6170e-02     0.3078     1.2262    73.6024 0.0000e+00
        572 170.581305    0.03964     2.3785    142.708     52.492  50344.765    31.6265     7.0300     52.000     7.0240    24.7590     6.3019     9.0061     91.362    274.645    281.445   -0.00191    6.89777    9.85760  300.61139   15.50867 3.6170e-02     0.3004     1.1385    75.2289 0.0000e+00
        577 170.581319    0.04000     2.3998    143.989     53.516  50348.061    31.6277     7.0263     53.000     7.0197    24.7605     6.2906     8.9900     91.191    274.153    280.941   -0.00235    6.89830    9.85836  300.63415   15.50975 3.6170e-02     0.2935     1.1484    75.0433 0.0000e+00
