CTD-processing/allCTD/CNV/2019_05-14_alongbay_skb09_cast200_4141.cnv
* Sea-Bird SBE19plus Data File:
* FileName = C:\Users\jwschloemer\Documents\CTD Data\2019_05-14_AlongBay_T4_T9_T3\2019_15-14_AlongBay_SKB01_Cast200.hex
* Software Version 1.59
* Temperature SN =  4141
* Conductivity SN =  4141
* System UpLoad Time = May 15 2019 17:18:59
** Cook Inlet LTM Transect Along Bay
** Date: 2019_05_14
** Station:09
** Start Time (AKST):15:53
** Depth (m):66
** Comment:
# nquan = 27
# nvalues = 45                          
# units = specified
# name 0 = scan: Scan Count
# name 1 = timeJ: Julian Days
# name 2 = timeH: Time, Elapsed [hours]
# name 3 = timeM: Time, Elapsed [minutes]
# name 4 = timeS: Time, Elapsed [seconds]
# name 5 = prdM: Pressure, Strain Gauge [db]
# name 6 = specc: Specific Conductance [uS/cm]
# name 7 = sal00: Salinity, Practical [PSU]
# name 8 = tv290C: Temperature [ITS-90, deg C]
# name 9 = depSM: Depth [salt water, m], lat = 59.00
# name 10 = potemp090C: Potential Temperature [ITS-90, deg C]
# name 11 = sigma-é00: Density [sigma-theta, kg/m^3]
# name 12 = sbeox0ML/L: Oxygen, SBE 43 [ml/l]
# name 13 = sbeox0Mg/L: Oxygen, SBE 43 [mg/l]
# name 14 = sbeox0PS: Oxygen, SBE 43 [% saturation]
# name 15 = sbox0Mm/Kg: Oxygen, SBE 43 [umol/kg]
# name 16 = sbeox0Mm/L: Oxygen, SBE 43 [umol/l]
# name 17 = sbox0dV/dT: Oxygen, SBE 43 [dov/dt]
# name 18 = oxsolML/L: Oxygen Saturation, Garcia & Gordon [ml/l]
# name 19 = oxsolMg/L: Oxygen Saturation, Garcia & Gordon [mg/l]
# name 20 = oxsolMm/Kg: Oxygen Saturation, Garcia & Gordon [umol/kg]
# name 21 = n2satMg/L: Nitrogen Saturation [mg/l]
# name 22 = par: PAR/Irradiance, Biospherical/Licor
# name 23 = wetStar: Fluorescence, WET Labs WETstar [mg/m^3]
# name 24 = CStarAt0: Beam Attenuation, WET Labs C-Star [1/m]
# name 25 = CStarTr0: Beam Transmission, WET Labs C-Star [%]
# name 26 = flag: flag
# span 0 =        185,        502       
# span 1 = 134.662800, 134.663717       
# span 2 =    0.01276,    0.03476       
# span 3 =     0.7655,     2.0860       
# span 4 =     45.932,    125.159       
# span 5 =      1.013,     45.368       
# span 6 =  48288.075,  50748.360       
# span 7 =    30.4414,    31.7892       
# span 8 =     6.3464,     8.4630       
# span 9 =      1.000,     45.000       
# span 10 =     6.3431,     8.4675      
# span 11 =    23.6332,    24.9724      
# span 12 =     6.6385,     9.5204      
# span 13 =     9.4871,    13.6056      
# span 14 =     94.848,    139.349      
# span 15 =    289.254,    415.166      
# span 16 =    296.477,    425.182      
# span 17 =   -0.12125,    0.00478      
# span 18 =    6.72706,    7.00218      
# span 19 =    9.61364,   10.00682      
# span 20 =  293.49041,  305.12136      
# span 21 =   15.17359,   15.72345      
# span 22 = 4.3504e-02, 3.5318e+02      
# span 23 =     0.3535,    15.7863      
# span 24 =     0.5732,     3.5346      
# span 25 =    52.3472,    86.6489      
# span 26 = 0.0000e+00, 0.0000e+00      
# interval = meters: 1                  
# start_time = May 14 2019 15:53:40 [Instrument's time stamp, header]
# bad_flag = -9.990e-29
*END*
        185 134.662800    0.01276     0.7655     45.932      1.013  48313.859    30.4615     8.4630      1.000     8.4675    23.6460     7.8038    11.1524    116.010    340.464    348.517    0.00115    6.72706    9.61364  293.49041   15.17359 3.5318e+02     1.0149     3.5346    52.3472 0.0000e+00
        308 134.663155    0.02129     1.2773     76.639      2.016  48288.075    30.4414     8.4421      2.000     8.3599    23.6332     9.3797    13.4045    139.349    409.228    418.898    0.00120    6.73113    9.61945  293.67167   15.18233 2.6393e+02     1.3182     1.2224    73.3110 0.0000e+00
        310 134.663163    0.02146     1.2873     77.238      3.028  48409.193    30.4878     8.1859      3.000     8.0485    23.7061     9.3322    13.3366    137.885    407.125    416.777   -0.00549    6.76819    9.67242  295.26759   15.25833 1.6661e+02     1.4256     1.4329    69.9125 0.0000e+00
        314 134.663175    0.02177     1.3058     78.349      4.037  48622.879    30.5818     7.8287      4.000     7.5986    23.8298     9.3591    13.3751    137.247    408.251    417.980   -0.01002    6.81919    9.74530  297.45651   15.36242 1.0331e+02     2.9223     1.7653    64.3752 0.0000e+00
        319 134.663189    0.02207     1.3246     79.477      5.048  49156.709    30.8878     7.4200      5.000     7.3453    24.1258     9.5204    13.6056    138.591    415.166    425.182    0.00032    6.86940    9.81706  299.56020   15.46155 5.5173e+01     7.5714     1.9903    60.8154 0.0000e+00
        324 134.663202    0.02240     1.3439     80.631      6.056  49365.227    31.0119     7.2953      6.000     7.2651    24.2400     9.4275    13.4729    136.960    411.070    421.034   -0.00697    6.88350    9.83721  300.14151   15.48877 3.2451e+01    15.7863     1.4876    69.0222 0.0000e+00
        328 134.663215    0.02272     1.3632     81.790      7.068  49434.744    31.0512     7.2440      7.000     7.2209    24.2777     8.8097    12.5900    127.867    384.119    393.444   -0.05795    6.88984    9.84627  300.40696   15.50127 2.0507e+01    15.2559     1.3997    70.4795 0.0000e+00
        332 134.663227    0.02302     1.3808     82.846      8.072  49565.172    31.1263     7.1550      8.000     7.0681    24.3485     8.2045    11.7250    118.897    357.703    366.412   -0.09950    6.90057    9.86161  300.85425   15.52229 1.3351e+01    13.8995     1.4212    70.0984 0.0000e+00
        337 134.663241    0.02334     1.4006     84.035      9.090  49821.353    31.2738     6.9796      9.000     6.9203    24.4875     7.8648    11.2397    113.624    342.848    351.244   -0.10123    6.92184    9.89200  301.74036   15.56395 8.4254e+00    14.2456     1.2973    72.3039 0.0000e+00
        341 134.663253    0.02363     1.4180     85.079     10.089  49967.166    31.3505     6.8423     10.000     6.7784    24.5657     7.4296    10.6176    107.051    323.849    331.804   -0.11146    6.94036    9.91847  302.52478   15.60105 5.5160e+00    11.9383     1.1356    75.2920 0.0000e+00
        346 134.663267    0.02395     1.4372     86.230     11.104  50142.520    31.4522     6.7325     11.000     6.7108    24.6599     6.9684     9.9586    100.217    303.720    311.210   -0.12125    6.95339    9.93709  303.06471   15.62637 3.8444e+00     9.3076     1.0264    77.3685 0.0000e+00
        350 134.663279    0.02427     1.4560     87.358     12.115  50235.161    31.5083     6.6895     12.000     6.6639    24.7096     6.7934     9.7083     97.638    296.075    303.391   -0.10273    6.95773    9.94331  303.23972   15.63449 2.7763e+00     6.5745     0.9955    77.9713 0.0000e+00
        355 134.663293    0.02458     1.4751     88.506     13.123  50329.615    31.5635     6.6348     13.000     6.6146    24.7600     6.7404     9.6327     96.788    293.754    301.027   -0.07811    6.96406    9.95234  303.50027   15.64669 2.0865e+00     5.0689     0.8904    80.0443 0.0000e+00
        360 134.663306    0.02490     1.4939     89.635     14.133  50394.255    31.6008     6.5958     14.000     6.5833    24.7943     6.7410     9.6336     96.734    293.770    301.054   -0.05589    6.96865    9.95891  303.69030   15.65560 1.5901e+00     3.9683     0.8361    81.1386 0.0000e+00
        364 134.663319    0.02521     1.5128     90.766     15.141  50423.519    31.6164     6.5730     15.000     6.5637    24.8096     6.7375     9.6285     96.641    293.610    300.894   -0.04069    6.97163    9.96315  303.81536   15.66149 1.2603e+00     3.1226     0.7394    83.1261 0.0000e+00
        369 134.663333    0.02555     1.5327     91.963     16.154  50435.970    31.6212     6.5547     16.000     6.5416    24.8156     6.7483     9.6441     96.759    294.085    301.382   -0.02795    6.97437    9.96708  303.93326   15.66710 1.0094e+00     2.4991     0.7012    83.9206 0.0000e+00
        373 134.663346    0.02585     1.5510     93.061     17.159  50458.963    31.6315     6.5265     17.000     6.5172    24.8273     6.7625     9.6642     96.904    294.694    302.010   -0.01932    6.97847    9.97295  304.10866   15.67542 8.1491e-01     1.9849     0.6904    84.1475 0.0000e+00
        378 134.663359    0.02618     1.5711     94.265     18.172  50476.191    31.6401     6.5112     18.000     6.5012    24.8360     6.7675     9.6714     96.947    294.910    302.234   -0.01320    6.98056    9.97592  304.19690   15.67959 6.5721e-01     1.8228     0.6700    84.5777 0.0000e+00
        383 134.663373    0.02651     1.5905     95.429     19.179  50477.390    31.6344     6.4786     19.000     6.4524    24.8357     6.7541     9.6524     96.679    294.329    301.639   -0.01100    6.98613    9.98388  304.43954   15.69118 5.3557e-01     1.4599     0.6528    84.9416 0.0000e+00
        388 134.663387    0.02685     1.6108     96.646     20.188  50525.627    31.6570     6.4226     20.000     6.4062    24.8605     6.7376     9.6287     96.332    293.604    300.903   -0.00970    6.99422    9.99543  304.78465   15.70754 4.3890e-01     1.1445     0.6487    85.0302 0.0000e+00
        393 134.663402    0.02719     1.6318     97.908     21.200  50551.032    31.6681     6.3901     21.000     6.3775    24.8732     6.6971     9.5708     95.686    291.834    299.093   -0.01047    6.99901   10.00227  304.98937   15.71725 3.5943e-01     1.1428     0.6566    84.8616 0.0000e+00
        397 134.663415    0.02753     1.6519     99.112     22.212  50584.496    31.6865     6.3674     22.000     6.3628    24.8906     6.6737     9.5374     95.313    290.808    298.047   -0.00963    7.00186   10.00635  305.10874   15.72287 2.9332e-01     1.3781     0.6445    85.1181 0.0000e+00
        402 134.663428    0.02784     1.6701    100.205     23.215  50593.720    31.6918     6.3639     23.000     6.3627    24.8952     6.6539     9.5092     95.027    289.947    297.166   -0.00878    7.00218   10.00682  305.12136   15.72345 2.4277e-01     1.3541     0.6528    84.9426 0.0000e+00
        407 134.663442    0.02817     1.6901    101.405     24.235  50598.914    31.6955     6.3672     24.000     6.3669    24.8977     6.6470     9.4992     94.937    289.643    296.854   -0.00683    7.00147   10.00580  305.08949   15.72191 2.0005e-01     1.1120     0.6449    85.1103 0.0000e+00
        411 134.663455    0.02846     1.7078    102.468     25.232  50602.859    31.6982     6.3697     25.000     6.3674    24.8996     6.6436     9.4944     94.896    289.495    296.703   -0.00529    7.00095   10.00505  305.06622   15.72079 1.6760e-01     1.1889     0.6674    84.6336 0.0000e+00
        416 134.663469    0.02882     1.7289    103.735     26.250  50612.873    31.7042     6.3669     26.000     6.3624    24.9046     6.6531     9.5080     95.029    289.908    297.128   -0.00298    7.00112   10.00530  305.07227   15.72106 1.4068e-01     1.0149     0.6596    84.7978 0.0000e+00
        421 134.663483    0.02914     1.7484    104.903     27.255  50620.086    31.7078     6.3620     27.000     6.3579    24.9081     6.6546     9.5102     95.043    289.974    297.197   -0.00207    7.00175   10.00621  305.09899   15.72232 1.2051e-01     0.9589     0.6537    84.9247 0.0000e+00
        426 134.663497    0.02949     1.7695    106.167     28.266  50630.812    31.7142     6.3587     28.000     6.3563    24.9135     6.6526     9.5071     95.009    289.881    297.103   -0.00162    7.00200   10.00655  305.10783   15.72271 1.0421e-01     1.2068     0.6461    85.0844 0.0000e+00
        431 134.663512    0.02985     1.7909    107.455     29.279  50657.193    31.7319     6.3584     29.000     6.3553    24.9276     6.6426     9.4930     94.878    289.443    296.659   -0.00200    7.00122   10.00545  305.07009   15.72084 9.1185e-02     0.8890     0.6438    85.1344 0.0000e+00
        435 134.663525    0.03015     1.8092    108.550     30.284  50681.477    31.7474     6.3542     30.000     6.3488    24.9404     6.6405     9.4900     94.848    289.348    296.565   -0.00173    7.00120   10.00541  305.06488   15.72053 8.1135e-02     0.6608     0.6692    84.5955 0.0000e+00
        440 134.663538    0.03047     1.8281    109.687     31.295  50701.088    31.7600     6.3511     31.000     6.3505    24.9507     6.6419     9.4919     94.869    289.405    296.626   -0.00119    7.00112   10.00530  305.05846   15.72017 7.3069e-02     0.5790     0.6865    84.2300 0.0000e+00
        444 134.663551    0.03077     1.8467    110.804     32.307  50710.811    31.7674     6.3571     32.000     6.3602    24.9558     6.6519     9.5062     95.030    289.841    297.074   -0.00007    6.99980   10.00341  304.99934   15.71732 6.6581e-02     0.4438     0.6745    84.4837 0.0000e+00
        448 134.663563    0.03107     1.8640    111.843     33.310  50718.279    31.7748     6.3713     33.000     6.3754    24.9598     6.6636     9.5231     95.234    290.351    297.599    0.00112    6.99713    9.99959  304.88189   15.71169 6.1978e-02     0.3947     0.6439    85.1323 0.0000e+00
        453 134.663576    0.03140     1.8837    113.021     34.327  50720.114    31.7787     6.3880     34.000     6.3911    24.9609     6.6828     9.5503     95.547    291.184    298.452    0.00248    6.99423    9.99545  304.75522   15.70564 5.7931e-02     0.4639     0.6029    86.0094 0.0000e+00
        457 134.663589    0.03169     1.9011    114.065     35.329  50707.527    31.7710     6.3958     35.000     6.3907    24.9538     6.7063     9.5840     95.896    292.212    299.504    0.00380    6.99330    9.99414  304.71728   15.70386 5.5165e-02     0.4608     0.5732    86.6489 0.0000e+00
        462 134.663602    0.03201     1.9209    115.251     36.347  50702.982    31.7658     6.3872     36.000     6.3784    24.9507     6.7338     9.6233     96.267    293.412    300.733    0.00478    6.99496    9.99650  304.79036   15.70737 5.2585e-02     0.4048     0.5756    86.5985 0.0000e+00
        466 134.663615    0.03232     1.9392    116.352     37.347  50696.364    31.7578     6.3720     37.000     6.3584    24.9464     6.7393     9.6311     96.306    293.652    300.978    0.00382    6.99780   10.00056  304.91523   15.71335 5.0735e-02     0.4084     0.6239    85.5602 0.0000e+00
        471 134.663629    0.03265     1.9591    117.548     38.367  50714.565    31.7658     6.3501     38.000     6.3431    24.9554     6.7178     9.6005     95.955    292.713    300.018    0.00063    7.00101   10.00515  305.05258   15.71987 4.8929e-02     0.3646     0.6709    84.5576 0.0000e+00
        476 134.663642    0.03296     1.9771    118.625     39.371  50735.017    31.7788     6.3464     39.000     6.3468    24.9662     6.6763     9.5411     95.362    290.900    298.163   -0.00299    7.00101   10.00514  305.04925   15.71966 4.7504e-02     0.3905     0.7117    83.7002 0.0000e+00
        480 134.663654    0.03325     1.9950    119.702     40.379  50746.598    31.7885     6.3576     40.000     6.3611    24.9724     6.6385     9.4871     94.853    289.254    296.477   -0.00545    6.99874   10.00190  304.94837   15.71481 4.6464e-02     0.3768     0.7289    83.3416 0.0000e+00
        484 134.663667    0.03357     2.0143    120.858     41.396  50743.968    31.7889     6.3720     41.000     6.3716    24.9710     6.6428     9.4932     94.946    289.440    296.667   -0.00354    6.99637    9.99852  304.84590   15.70992 4.5542e-02     0.3643     0.7451    83.0042 0.0000e+00
        489 134.663680    0.03386     2.0316    121.897     42.399  50740.934    31.7872     6.3765     42.000     6.3724    24.9690     6.6552     9.5109     95.132    289.980    297.221   -0.00145    6.99572    9.99758  304.81778   15.70859 4.4720e-02     0.3958     0.7536    82.8292 0.0000e+00
        493 134.663692    0.03417     2.0501    123.005     43.409  50739.415    31.7851     6.3738     43.000     6.3681    24.9678     6.6609     9.5191     95.208    290.231    297.477   -0.00065    6.99624    9.99833  304.84101   15.70971 4.4105e-02     0.3740     0.7697    82.4951 0.0000e+00
        498 134.663706    0.03449     2.0696    124.174     44.425  50744.318    31.7872     6.3690     44.000     6.3643    24.9700     6.6655     9.5256     95.262    290.428    297.680   -0.00025    6.99694    9.99934  304.87101   15.71112 4.3504e-02     0.3535     0.7987    81.8985 0.0000e+00
        502 134.663717    0.03476     2.0860    125.159     45.368  50748.360    31.7892     6.3675     45.000     6.3638    24.9718     6.6681     9.5294     95.298    290.541    297.797    0.00005    6.99708    9.99953  304.87630   15.71137 4.4109e-02     0.3734     0.8268    81.3254 0.0000e+00
