CTD-processing/allCTD/CNV/2019_05_12_t6_s13_cast158_4141.cnv
* Sea-Bird SBE19plus Data File:
* FileName = C:\Users\jwschloemer\Documents\CTD Data\2019_05-12_T6_T7_ptGrm_pogi\2019_05_12_T6_S27_Cast158.hex
* Software Version 1.59
* Temperature SN =  4141
* Conductivity SN =  4141
* System UpLoad Time = May 13 2019 14:44:49
** Date: 2019_05_12
** Station:13
** Start Time (AKST):10:26
** Depth (m):135
** Comment:
# nquan = 27
# nvalues = 125                         
# units = specified
# name 0 = scan: Scan Count
# name 1 = timeJ: Julian Days
# name 2 = timeH: Time, Elapsed [hours]
# name 3 = timeM: Time, Elapsed [minutes]
# name 4 = timeS: Time, Elapsed [seconds]
# name 5 = prdM: Pressure, Strain Gauge [db]
# name 6 = specc: Specific Conductance [uS/cm]
# name 7 = sal00: Salinity, Practical [PSU]
# name 8 = tv290C: Temperature [ITS-90, deg C]
# name 9 = depSM: Depth [salt water, m], lat = 59.00
# name 10 = potemp090C: Potential Temperature [ITS-90, deg C]
# name 11 = sigma-é00: Density [sigma-theta, kg/m^3]
# name 12 = sbeox0ML/L: Oxygen, SBE 43 [ml/l]
# name 13 = sbeox0Mg/L: Oxygen, SBE 43 [mg/l]
# name 14 = sbeox0PS: Oxygen, SBE 43 [% saturation]
# name 15 = sbox0Mm/Kg: Oxygen, SBE 43 [umol/kg]
# name 16 = sbeox0Mm/L: Oxygen, SBE 43 [umol/l]
# name 17 = sbox0dV/dT: Oxygen, SBE 43 [dov/dt]
# name 18 = oxsolML/L: Oxygen Saturation, Garcia & Gordon [ml/l]
# name 19 = oxsolMg/L: Oxygen Saturation, Garcia & Gordon [mg/l]
# name 20 = oxsolMm/Kg: Oxygen Saturation, Garcia & Gordon [umol/kg]
# name 21 = n2satMg/L: Nitrogen Saturation [mg/l]
# name 22 = par: PAR/Irradiance, Biospherical/Licor
# name 23 = wetStar: Fluorescence, WET Labs WETstar [mg/m^3]
# name 24 = CStarAt0: Beam Attenuation, WET Labs C-Star [1/m]
# name 25 = CStarTr0: Beam Transmission, WET Labs C-Star [%]
# name 26 = flag: flag
# span 0 =        187,        798       
# span 1 = 132.435456, 132.437224       
# span 2 =    0.01289,    0.05533       
# span 3 =     0.7733,     3.3196       
# span 4 =     46.396,    199.174       
# span 5 =      1.010,    126.204       
# span 6 =  50911.610,  51258.319       
# span 7 =    31.9375,    32.1241       
# span 8 =     6.4411,     6.5482       
# span 9 =      1.000,    125.000       
# span 10 =     6.4433,     6.5427      
# span 11 =    25.0791,    25.2242      
# span 12 =     5.4799,     6.6306      
# span 13 =     7.8314,     9.4757      
# span 14 =     78.527,     95.177      
# span 15 =    238.745,    288.867      
# span 16 =    244.733,    296.119      
# span 17 =   -0.00505,    0.00193      
# span 18 =    6.95679,    6.97826      
# span 19 =    9.94195,    9.97263      
# span 20 =  303.06960,  304.02442      
# span 21 =   15.62424,   15.67015      
# span 22 = 3.6169e-02, 6.1968e+01      
# span 23 =     0.6469,     1.2240      
# span 24 =     0.2882,     0.3766      
# span 25 =    91.0138,    93.0473      
# span 26 = 0.0000e+00, 0.0000e+00      
# interval = meters: 1                  
# start_time = May 12 2019 10:26:17 [Instrument's time stamp, header]
# bad_flag = -9.990e-29
*END*
        187 132.435456    0.01289     0.7733     46.396      1.010  50911.610    31.9375     6.4411      1.000     6.4433    25.0791     5.4799     7.8314     78.527    238.745    244.733   -0.00505    6.97826    9.97263  304.02442   15.67015 3.7835e+01     1.0809     0.3766    91.0138 0.0000e+00
        312 132.435819    0.02160     1.2961     77.764      2.013  50957.005    31.9792     6.4980      2.000     6.4979    25.1049     6.6115     9.4486     94.897    288.040    295.271    0.00193    6.96710    9.95668  303.53040   15.64643 6.1968e+01     0.9061     0.3733    91.0896 0.0000e+00
        318 132.435837    0.02204     1.3224     79.345      3.026  50960.731    31.9817     6.4995      3.000     6.4995    25.1066     6.6264     9.4698     95.115    288.688    295.936    0.00151    6.96673    9.95616  303.51414   15.64564 4.9323e+01     0.8986     0.3642    91.2957 0.0000e+00
        324 132.435853    0.02242     1.3455     80.728      4.053  50962.669    31.9826     6.4999      4.000     6.4997    25.1072     6.6273     9.4711     95.130    288.725    295.975    0.00103    6.96663    9.95601  303.50935   15.64541 4.2684e+01     0.9157     0.3619    91.3515 0.0000e+00
        327 132.435862    0.02263     1.3578     81.471      5.052  50964.942    31.9837     6.5001      5.000     6.4994    25.1082     6.6306     9.4757     95.177    288.867    296.119    0.00095    6.96656    9.95591  303.50610   15.64525 3.5447e+01     0.9251     0.3615    91.3596 0.0000e+00
        330 132.435870    0.02283     1.3695     82.167      6.051  50965.123    31.9834     6.5001      6.000     6.5000    25.1079     6.6294     9.4741     95.160    288.818    296.069    0.00075    6.96656    9.95590  303.50610   15.64525 3.0013e+01     0.9523     0.3610    91.3701 0.0000e+00
        333 132.435879    0.02304     1.3824     82.946      7.064  50965.725    31.9835     6.5008      7.000     6.5003    25.1079     6.6255     9.4685     95.106    288.648    295.896    0.00014    6.96644    9.95574  303.50099   15.64501 2.5970e+01     1.0043     0.3616    91.3562 0.0000e+00
        336 132.435889    0.02328     1.3969     83.811      8.072  50967.007    31.9839     6.5010      8.000     6.5006    25.1082     6.6281     9.4722     95.143    288.759    296.009    0.00017    6.96639    9.95566  303.49850   15.64489 2.4329e+01     1.0862     0.3599    91.3960 0.0000e+00
        340 132.435901    0.02355     1.4132     84.795      9.089  50967.050    31.9836     6.5017      9.000     6.5006    25.1078     6.6280     9.4720     95.143    288.754    296.004    0.00019    6.96630    9.95553  303.49462   15.64471 2.2449e+01     1.0970     0.3586    91.4259 0.0000e+00
        344 132.435910    0.02380     1.4278     85.667     10.099  50969.491    31.9846     6.5008     10.000     6.4993    25.1088     6.6222     9.4637     95.059    288.503    295.747   -0.00052    6.96639    9.95566  303.49825   15.64487 2.0577e+01     1.1175     0.3581    91.4366 0.0000e+00
        347 132.435919    0.02401     1.4405     86.429     11.105  50969.343    31.9839     6.5002     11.000     6.4993    25.1084     6.6243     9.4669     95.088    288.597    295.843   -0.00035    6.96652    9.95584  303.50405   15.64515 1.9095e+01     1.1395     0.3568    91.4662 0.0000e+00
        350 132.435928    0.02422     1.4528     87.168     12.116  50970.405    31.9842     6.5002     12.000     6.4993    25.1086     6.6257     9.4688     95.108    288.655    295.903   -0.00024    6.96648    9.95581  303.50286   15.64509 1.7574e+01     1.1205     0.3580    91.4394 0.0000e+00
        353 132.435936    0.02441     1.4646     87.877     13.122  50971.162    31.9843     6.5004     13.000     6.4989    25.1086     6.6250     9.4678     95.099    288.627    295.874   -0.00027    6.96646    9.95577  303.50166   15.64503 1.6013e+01     1.1327     0.3569    91.4633 0.0000e+00
        355 132.435944    0.02460     1.4765     88.589     14.131  50974.800    31.9862     6.5000     14.000     6.4987    25.1102     6.6287     9.4730     95.152    288.787    296.038   -0.00002    6.96645    9.95575  303.50055   15.64498 1.4640e+01     1.1574     0.3554    91.4986 0.0000e+00
        358 132.435953    0.02482     1.4893     89.358     15.135  50975.209    31.9860     6.5000     15.000     6.4985    25.1101     6.6255     9.4684     95.105    288.644    295.892   -0.00028    6.96646    9.95576  303.50103   15.64500 1.3565e+01     1.1534     0.3547    91.5136 0.0000e+00
        362 132.435964    0.02509     1.5054     90.327     16.148  50975.300    31.9856     6.4997     16.000     6.4984    25.1098     6.6206     9.4614     95.034    288.431    295.673   -0.00077    6.96652    9.95585  303.50395   15.64514 1.2829e+01     1.1321     0.3562    91.4805 0.0000e+00
        367 132.435977    0.02539     1.5232     91.390     17.177  50975.491    31.9852     6.4998     17.000     6.4981    25.1095     6.6153     9.4539     94.958    288.202    295.439   -0.00104    6.96653    9.95586  303.50441   15.64516 1.1944e+01     1.1473     0.3544    91.5202 0.0000e+00
        369 132.435985    0.02558     1.5347     92.081     18.181  50976.416    31.9853     6.4996     18.000     6.4981    25.1096     6.6093     9.4454     94.872    287.942    295.172   -0.00145    6.96655    9.95589  303.50513   15.64520 1.0830e+01     1.1513     0.3560    91.4862 0.0000e+00
        372 132.435991    0.02573     1.5440     92.640     19.177  50978.240    31.9862     6.4997     19.000     6.4982    25.1103     6.6127     9.4502     94.921    288.087    295.321   -0.00120    6.96649    9.95581  303.50253   15.64507 9.7657e+00     1.1189     0.3566    91.4723 0.0000e+00
        374 132.435998    0.02589     1.5534     93.207     20.180  50980.264    31.9871     6.4999     20.000     6.4984    25.1110     6.6135     9.4513     94.933    288.121    295.357   -0.00089    6.96642    9.95571  303.49896   15.64489 8.7760e+00     1.1529     0.3557    91.4916 0.0000e+00
        377 132.436006    0.02608     1.5648     93.890     21.186  50982.176    31.9880     6.5001     21.000     6.4982    25.1117     6.6172     9.4565     94.987    288.279    295.519   -0.00052    6.96634    9.95560  303.49556   15.64473 7.9946e+00     1.1529     0.3542    91.5257 0.0000e+00
        381 132.436017    0.02636     1.5816     94.895     22.205  50981.825    31.9873     6.5000     22.000     6.4980    25.1111     6.6195     9.4599     95.020    288.384    295.626   -0.00023    6.96639    9.95568  303.49806   15.64486 7.3622e+00     1.1844     0.3512    91.5953 0.0000e+00
        385 132.436031    0.02668     1.6007     96.045     23.228  50983.617    31.9880     6.4998     23.000     6.4980    25.1118     6.6152     9.4537     94.958    288.196    295.434   -0.00056    6.96638    9.95566  303.49745   15.64482 6.6826e+00     1.1524     0.3505    91.6093 0.0000e+00
        389 132.436041    0.02691     1.6149     96.890     24.236  50985.272    31.9888     6.5001     24.000     6.4983    25.1124     6.6171     9.4565     94.987    288.281    295.520   -0.00054    6.96631    9.95556  303.49419   15.64466 6.0014e+00     1.1269     0.3497    91.6289 0.0000e+00
        391 132.436048    0.02709     1.6258     97.548     25.241  50988.143    31.9903     6.5004     25.000     6.4984    25.1135     6.6172     9.4567     94.991    288.287    295.527   -0.00028    6.96618    9.95537  303.48805   15.64437 5.3839e+00     1.1637     0.3513    91.5912 0.0000e+00
        394 132.436055    0.02727     1.6361     98.168     26.242  50987.746    31.9897     6.5008     26.000     6.4985    25.1129     6.6184     9.4584     95.008    288.338    295.579   -0.00023    6.96617    9.95535  303.48772   15.64435 4.8482e+00     1.1594     0.3517    91.5823 0.0000e+00
        396 132.436063    0.02745     1.6472     98.833     27.249  50993.113    31.9929     6.5009     27.000     6.4991    25.1155     6.6152     9.4538     94.964    288.195    295.433   -0.00061    6.96598    9.95509  303.47899   15.64392 4.3844e+00     1.1720     0.3519    91.5775 0.0000e+00
        399 132.436072    0.02767     1.6599     99.593     28.265  50996.264    31.9948     6.5018     28.000     6.5007    25.1169     6.6249     9.4677     95.107    288.620    295.870    0.00029    6.96575    9.95476  303.46840   15.64341 3.9706e+00     1.1707     0.3529    91.5547 0.0000e+00
        403 132.436081    0.02790     1.6736    100.413     29.273  51000.572    31.9977     6.5040     29.000     6.5028    25.1190     6.6202     9.4610     95.046    288.414    295.658   -0.00002    6.96526    9.95406  303.44643   15.64235 3.5940e+00     1.1651     0.3515    91.5879 0.0000e+00
        406 132.436092    0.02814     1.6886    101.318     30.285  51000.669    31.9977     6.5060     30.000     6.5036    25.1187     6.6093     9.4452     94.892    287.935    295.167   -0.00108    6.96495    9.95360  303.43265   15.64170 3.2516e+00     1.1746     0.3475    91.6796 0.0000e+00
        410 132.436102    0.02840     1.7042    102.252     31.299  51000.769    31.9973     6.5061     31.000     6.5037    25.1183     6.6084     9.4440     94.881    287.898    295.130   -0.00104    6.96495    9.95360  303.43267   15.64169 2.9179e+00     1.1828     0.3486    91.6547 0.0000e+00
        413 132.436112    0.02864     1.7182    103.093     32.310  51003.915    31.9991     6.5067     32.000     6.5049    25.1197     6.6111     9.4479     94.923    288.018    295.252   -0.00058    6.96475    9.95333  303.42406   15.64128 2.6158e+00     1.2240     0.3508    91.6039 0.0000e+00
        416 132.436121    0.02884     1.7305    103.830     33.316  51003.604    31.9986     6.5080     33.000     6.5054    25.1192     6.6135     9.4514     94.959    288.123    295.361   -0.00037    6.96458    9.95308  303.41642   15.64092 2.3595e+00     1.1930     0.3508    91.6025 0.0000e+00
        419 132.436129    0.02904     1.7422    104.534     34.322  51006.001    32.0000     6.5084     34.000     6.5061    25.1201     6.6126     9.4501     94.949    288.085    295.321   -0.00030    6.96445    9.95290  303.41082   15.64065 2.1316e+00     1.1931     0.3529    91.5559 0.0000e+00
        422 132.436137    0.02924     1.7544    105.261     35.330  51007.222    32.0005     6.5093     35.000     6.5069    25.1205     6.6092     9.4454     94.903    287.938    295.172   -0.00071    6.96427    9.95263  303.40240   15.64024 1.9189e+00     1.1713     0.3513    91.5924 0.0000e+00
        425 132.436146    0.02945     1.7672    106.034     36.342  51007.502    32.0003     6.5101     36.000     6.5069    25.1203     6.6144     9.4526     94.978    288.161    295.399   -0.00030    6.96417    9.95250  303.39843   15.64005 1.7324e+00     1.1511     0.3493    91.6362 0.0000e+00
        428 132.436155    0.02967     1.7803    106.819     37.353  51007.050    31.9995     6.5100     37.000     6.5068    25.1197     6.6163     9.4553     95.004    288.243    295.484    0.00009    6.96421    9.95256  303.40038   15.64015 1.5534e+00     1.1867     0.3499    91.6226 0.0000e+00
        431 132.436164    0.02989     1.7932    107.594     38.363  51009.249    32.0005     6.5101     38.000     6.5069    25.1205     6.6144     9.4528     94.979    288.163    295.403   -0.00027    6.96415    9.95247  303.39751   15.64001 1.3970e+00     1.1582     0.3490    91.6444 0.0000e+00
        434 132.436173    0.03010     1.8061    108.367     39.368  51010.260    32.0008     6.5103     39.000     6.5071    25.1208     6.6188     9.4588     95.041    288.348    295.593    0.00007    6.96411    9.95240  303.39540   15.63991 1.2599e+00     1.1920     0.3502    91.6185 0.0000e+00
        438 132.436183    0.03034     1.8205    109.232     40.376  51010.911    32.0008     6.5105     40.000     6.5073    25.1207     6.6169     9.4563     95.015    288.271    295.513   -0.00011    6.96407    9.95236  303.39405   15.63984 1.1307e+00     1.1792     0.3502    91.6177 0.0000e+00
        442 132.436195    0.03062     1.8371    110.226     41.399  51012.095    32.0013     6.5110     41.000     6.5077    25.1210     6.6119     9.4492     94.945    288.053    295.289   -0.00061    6.96396    9.95220  303.38930   15.63962 1.0177e+00     1.1823     0.3501    91.6215 0.0000e+00
        445 132.436204    0.03083     1.8500    110.997     42.410  51012.866    32.0014     6.5114     42.000     6.5081    25.1211     6.6102     9.4468     94.922    287.980    295.215   -0.00067    6.96389    9.95209  303.38594   15.63946 9.1309e-01     1.1670     0.3481    91.6657 0.0000e+00
        447 132.436210    0.03100     1.8604    111.624     43.410  51013.022    32.0012     6.5118     43.000     6.5082    25.1209     6.6092     9.4451     94.906    287.931    295.164   -0.00076    6.96385    9.95203  303.38394   15.63936 8.2307e-01     1.1703     0.3510    91.5982 0.0000e+00
        450 132.436218    0.03119     1.8712    112.274     44.408  51013.459    32.0010     6.5120     44.000     6.5082    25.1207     6.6103     9.4469     94.924    287.984    295.219   -0.00065    6.96383    9.95201  303.38335   15.63934 7.3853e-01     1.1775     0.3483    91.6618 0.0000e+00
        454 132.436229    0.03143     1.8859    113.153     45.423  51016.049    32.0024     6.5121     45.000     6.5082    25.1218     6.6137     9.4516     94.973    288.129    295.367   -0.00025    6.96375    9.95190  303.37970   15.63916 6.6701e-01     1.1592     0.3464    91.7045 0.0000e+00
        458 132.436240    0.03172     1.9027    114.161     46.453  51019.379    32.0041     6.5118     46.000     6.5076    25.1232     6.6132     9.4509     94.967    288.107    295.345   -0.00029    6.96371    9.95182  303.37723   15.63903 5.9374e-01     1.1506     0.3432    91.7779 0.0000e+00
        461 132.436249    0.03191     1.9147    114.880     47.450  51022.281    32.0056     6.5114     47.000     6.5075    25.1244     6.6123     9.4496     94.953    288.066    295.303   -0.00038    6.96370    9.95183  303.37677   15.63900 5.3894e-01     1.1406     0.3440    91.7600 0.0000e+00
        463 132.436257    0.03209     1.9257    115.544     48.450  51022.848    32.0055     6.5115     48.000     6.5075    25.1243     6.6057     9.4402     94.860    287.779    295.010   -0.00082    6.96369    9.95180  303.37629   15.63898 5.0358e-01     1.1272     0.3419    91.8080 0.0000e+00
        466 132.436266    0.03232     1.9395    116.371     49.462  51030.604    32.0108     6.5131     49.000     6.5128    25.1282     6.6005     9.4327     94.791    287.552    294.778   -0.00130    6.96319    9.95109  303.35329   15.63786 4.4727e-01     1.1202     0.3441    91.7576 0.0000e+00
        470 132.436277    0.03260     1.9560    117.360     50.487  51032.146    32.0129     6.5213     50.000     6.5196    25.1289     6.6028     9.4361     94.844    287.653    294.881   -0.00073    6.96177    9.94907  303.29127   15.63490 4.0015e-01     1.1134     0.3457    91.7211 0.0000e+00
        474 132.436287    0.03282     1.9690    118.141     51.489  51030.127    32.0116     6.5245     51.000     6.5206    25.1275     6.6062     9.4409     94.899    287.802    295.034   -0.00035    6.96132    9.94842  303.27223   15.63399 3.5345e-01     1.1104     0.3473    91.6856 0.0000e+00
        477 132.436295    0.03303     1.9813    118.877     52.493  51031.092    32.0119     6.5251     52.000     6.5210    25.1277     6.6078     9.4432     94.923    287.870    295.104   -0.00014    6.96119    9.94823  303.26632   15.63371 3.1000e-01     1.1513     0.3486    91.6537 0.0000e+00
        480 132.436304    0.03325     1.9950    119.698     53.500  51036.267    32.0152     6.5261     53.000     6.5234    25.1301     6.6070     9.4421     94.917    287.837    295.070   -0.00023    6.96089    9.94781  303.25269   15.63305 2.7340e-01     1.1391     0.3423    91.7988 0.0000e+00
