CTD-processing/allCTD/CNV/2019_02-08_t7_s22_cast084_4141.cnv
* Sea-Bird SBE19plus Data File:
* FileName = C:\Users\Kim.Powell\Desktop\Not Processed\2019\2019_02-08\2019_02-08_TRANSECT_STATION_cast084.hex
* Software Version 1.59
* Temperature SN =  4141
* Conductivity SN =  4141
* System UpLoad Time = Mar 19 2019 08:47:17
** 2018_02-08
** Station: 7-22
** Start Time: 13:53
** Depth (m): 77
** Comment:
** Comment:
# nquan = 27
# nvalues = 74                          
# units = specified
# name 0 = scan: Scan Count
# name 1 = timeJ: Julian Days
# name 2 = timeH: Time, Elapsed [hours]
# name 3 = timeM: Time, Elapsed [minutes]
# name 4 = timeS: Time, Elapsed [seconds]
# name 5 = prdM: Pressure, Strain Gauge [db]
# name 6 = specc: Specific Conductance [uS/cm]
# name 7 = sal00: Salinity, Practical [PSU]
# name 8 = tv290C: Temperature [ITS-90, deg C]
# name 9 = depSM: Depth [salt water, m], lat = 59.00
# name 10 = potemp090C: Potential Temperature [ITS-90, deg C]
# name 11 = sigma-é00: Density [sigma-theta, kg/m^3]
# name 12 = sbeox0ML/L: Oxygen, SBE 43 [ml/l]
# name 13 = sbeox0Mg/L: Oxygen, SBE 43 [mg/l]
# name 14 = sbeox0PS: Oxygen, SBE 43 [% saturation]
# name 15 = sbox0Mm/Kg: Oxygen, SBE 43 [umol/kg]
# name 16 = sbeox0Mm/L: Oxygen, SBE 43 [umol/l]
# name 17 = sbox0dV/dT: Oxygen, SBE 43 [dov/dt]
# name 18 = oxsolML/L: Oxygen Saturation, Garcia & Gordon [ml/l]
# name 19 = oxsolMg/L: Oxygen Saturation, Garcia & Gordon [mg/l]
# name 20 = oxsolMm/Kg: Oxygen Saturation, Garcia & Gordon [umol/kg]
# name 21 = n2satMg/L: Nitrogen Saturation [mg/l]
# name 22 = par: PAR/Irradiance, Biospherical/Licor
# name 23 = wetStar: Fluorescence, WET Labs WETstar [mg/m^3]
# name 24 = CStarAt0: Beam Attenuation, WET Labs C-Star [1/m]
# name 25 = CStarTr0: Beam Transmission, WET Labs C-Star [%]
# name 26 = flag: flag
# span 0 =        168,        614       
# span 1 =  39.578793,  39.580085       
# span 2 =    0.01159,    0.04259       
# span 3 =     0.6958,     2.5555       
# span 4 =     41.749,    153.330       
# span 5 =      1.044,     74.711       
# span 6 =  50466.434,  50639.722       
# span 7 =    31.5943,    31.6999       
# span 8 =     6.1859,     6.3202       
# span 9 =      1.000,     74.000       
# span 10 =     6.2673,     6.3190      
# span 11 =    24.8261,    24.9232      
# span 12 =     6.4939,     6.6197      
# span 13 =     9.2805,     9.4602      
# span 14 =     92.554,     94.379      
# span 15 =    282.993,    288.474      
# span 16 =    290.018,    295.638      
# span 17 =   -0.00103,    0.03939      
# span 18 =    7.01336,    7.03108      
# span 19 =   10.02280,   10.04812      
# span 20 =  305.62735,  306.37235      
# span 21 =   15.74791,   15.78303      
# span 22 = 5.1462e-02, 5.8636e+01      
# span 23 =     0.4200,     0.5248      
# span 24 =     0.2514,     4.6151      
# span 25 =    61.3908,    93.8885      
# span 26 = 0.0000e+00, 0.0000e+00      
# interval = meters: 1                  
# start_time = Feb 08 2019 13:52:46 [Instrument's time stamp, header]
# bad_flag = -9.990e-29
*END*
        168  39.578793    0.01159     0.6958     41.749      1.044  50639.722    31.6999     6.1859      1.000     6.2673    24.9232     6.5685     9.3870     93.429    286.216    293.349    0.03939    7.03108   10.04812  306.37235   15.78303 5.8636e+01     0.4200     4.6151    61.3908 0.0000e+00
        269  39.579086    0.01863     1.1176     67.056      2.013  50466.460    31.6047     6.3165      2.000     6.3165    24.8321     6.6197     9.4602     94.379    288.474    295.638    0.03802    7.01399   10.02369  305.65474   15.74922 5.4000e+01     0.4310     0.2514    93.4057 0.0000e+00
        274  39.579101    0.01898     1.1388     68.330      3.039  50466.846    31.6045     6.3170      3.000     6.3169    24.8320     6.5633     9.3796     93.576    286.014    293.117    0.01983    7.01391   10.02357  305.65107   15.74905 4.4264e+01     0.4393     0.2814    93.2068 0.0000e+00
        278  39.579113    0.01927     1.1558     69.349      4.030  50466.434    31.6038     6.3171      4.000     6.3168    24.8314     6.5417     9.3487     93.267    285.073    292.152    0.01291    7.01391   10.02359  305.65174   15.74908 3.7294e+01     0.4514     0.2747    93.3632 0.0000e+00
        284  39.579129    0.01965     1.1791     70.748      5.064  50466.653    31.6035     6.3172      5.000     6.3170    24.8312     6.5276     9.3285     93.066    284.456    291.520    0.00710    7.01391   10.02358  305.65164   15.74908 3.4202e+01     0.4699     0.2673    93.5341 0.0000e+00
        288  39.579140    0.01990     1.1941     71.647      6.047  50468.676    31.6045     6.3177      6.000     6.3176    24.8319     6.5130     9.3077     92.859    283.820    290.868    0.00422    7.01379   10.02341  305.64608   15.74881 3.1385e+01     0.4772     0.2637    93.6206 0.0000e+00
        292  39.579153    0.02023     1.2139     72.833      7.070  50467.940    31.6036     6.3183      7.000     6.3175    24.8312     6.5133     9.3082     92.865    283.836    290.884    0.00278    7.01374   10.02334  305.64412   15.74872 2.9692e+01     0.4916     0.2600    93.7060 0.0000e+00
        297  39.579166    0.02054     1.2319     73.914      8.076  50468.588    31.6035     6.3179      8.000     6.3172    24.8311     6.5096     9.3028     92.811    283.674    290.718    0.00177    7.01381   10.02344  305.64714   15.74887 2.7728e+01     0.5172     0.2603    93.7000 0.0000e+00
        301  39.579177    0.02081     1.2489     74.933      9.085  50469.466    31.6037     6.3178      9.000     6.3170    24.8312     6.5075     9.2999     92.781    283.583    290.625    0.00089    7.01383   10.02346  305.64779   15.74889 2.5428e+01     0.5248     0.2593    93.7228 0.0000e+00
        305  39.579191    0.02114     1.2683     76.099     10.092  50472.622    31.6055     6.3187     10.000     6.3182    24.8326     6.5041     9.2949     92.735    283.433    290.471    0.00041    7.01359   10.02313  305.63744   15.74840 2.3504e+01     0.4964     0.2600    93.7079 0.0000e+00
        311  39.579206    0.02150     1.2896     77.377     11.111  50471.610    31.6045     6.3194     11.000     6.3184    24.8317     6.4997     9.2888     92.674    283.244    290.278   -0.00019    7.01353   10.02303  305.63477   15.74827 2.1622e+01     0.4945     0.2589    93.7332 0.0000e+00
        315  39.579218    0.02178     1.3070     78.419     12.111  50471.989    31.6042     6.3193     12.000     6.3182    24.8316     6.5053     9.2968     92.754    283.488    290.527    0.00024    7.01355   10.02306  305.63566   15.74832 1.9318e+01     0.4948     0.2573    93.7696 0.0000e+00
        319  39.579231    0.02210     1.3264     79.587     13.122  50473.141    31.6045     6.3192     13.000     6.3182    24.8318     6.4987     9.2874     92.660    283.201    290.233   -0.00043    7.01355   10.02307  305.63583   15.74833 1.7404e+01     0.4965     0.2571    93.7764 0.0000e+00
        324  39.579246    0.02246     1.3474     80.842     14.134  50474.205    31.6048     6.3194     14.000     6.3183    24.8320     6.5074     9.2998     92.784    283.579    290.621    0.00028    7.01349   10.02299  305.63323   15.74820 1.5904e+01     0.5050     0.2574    93.7668 0.0000e+00
        329  39.579259    0.02279     1.3672     82.032     15.150  50475.095    31.6050     6.3197     15.000     6.3186    24.8322     6.5117     9.3059     92.847    283.768    290.815    0.00050    7.01345   10.02293  305.63128   15.74810 1.4378e+01     0.5057     0.2587    93.7368 0.0000e+00
        333  39.579270    0.02303     1.3817     82.899     16.141  50476.046    31.6052     6.3201     16.000     6.3190    24.8323     6.5068     9.2989     92.778    283.553    290.594    0.00009    7.01336   10.02280  305.62735   15.74791 1.2982e+01     0.5086     0.2594    93.7201 0.0000e+00
        338  39.579284    0.02337     1.4027     84.160     17.161  50476.210    31.6049     6.3202     17.000     6.3187    24.8321     6.5000     9.2892     92.680    283.256    290.290   -0.00076    7.01337   10.02280  305.62774   15.74794 1.1700e+01     0.5165     0.2561    93.7994 0.0000e+00
        343  39.579301    0.02377     1.4261     85.565     18.167  50473.530    31.6025     6.3198     18.000     6.3172    24.8302     6.5095     9.3027     92.813    283.670    290.713    0.00020    7.01353   10.02303  305.63525   15.74831 1.0563e+01     0.5097     0.2553    93.8165 0.0000e+00
        350  39.579319    0.02423     1.4535     87.210     19.187  50472.561    31.6004     6.3151     19.000     6.3121    24.8292     6.5089     9.3018     92.793    283.643    290.686   -0.00003    7.01439   10.02427  305.67330   15.75013 9.4770e+00     0.5079     0.2550    93.8245 0.0000e+00
        354  39.579333    0.02454     1.4727     88.364     20.193  50475.042    31.6011     6.3122     20.000     6.3102    24.8301     6.5038     9.2945     92.714    283.420    290.457   -0.00056    7.01485   10.02492  305.69285   15.75106 8.4815e+00     0.4933     0.2557    93.8072 0.0000e+00
        359  39.579345    0.02483     1.4897     89.381     21.192  50478.272    31.6028     6.3118     21.000     6.3115    24.8315     6.5012     9.2909     92.677    283.307    290.343   -0.00067    7.01483   10.02490  305.69179   15.75100 7.6459e+00     0.4872     0.2547    93.8304 0.0000e+00
        364  39.579360    0.02518     1.5110     90.658     22.215  50479.697    31.6043     6.3169     22.000     6.3154    24.8320     6.4991     9.2878     92.660    283.216    290.249   -0.00069    7.01393   10.02360  305.65205   15.74910 6.9211e+00     0.4864     0.2562    93.7954 0.0000e+00
        368  39.579372    0.02549     1.5293     91.761     23.217  50475.031    31.6001     6.3142     23.000     6.3112    24.8291     6.5036     9.2942     92.715    283.412    290.449   -0.00023    7.01456   10.02451  305.68062   15.75048 6.2502e+00     0.4912     0.2558    93.8046 0.0000e+00
        373  39.579385    0.02580     1.5482     92.893     24.229  50478.528    31.6018     6.3131     24.000     6.3113    24.8306     6.5028     9.2931     92.702    283.379    290.415   -0.00031    7.01468   10.02467  305.68508   15.75069 5.6386e+00     0.4881     0.2547    93.8321 0.0000e+00
        377  39.579398    0.02611     1.5666     93.996     25.235  50478.888    31.6017     6.3134     25.000     6.3113    24.8304     6.5011     9.2907     92.679    283.305    290.340   -0.00042    7.01463   10.02460  305.68295   15.75058 5.0728e+00     0.4920     0.2561    93.8000 0.0000e+00
        382  39.579412    0.02644     1.5861     95.164     26.252  50479.397    31.6015     6.3131     26.000     6.3109    24.8303     6.5093     9.3024     92.795    283.660    290.704    0.00024    7.01468   10.02468  305.68532   15.75070 4.5384e+00     0.5053     0.2565    93.7875 0.0000e+00
        386  39.579424    0.02674     1.6040     96.239     27.252  50480.605    31.6019     6.3132     27.000     6.3112    24.8306     6.5102     9.3037     92.808    283.699    290.743    0.00029    7.01465   10.02463  305.68384   15.75063 4.0830e+00     0.4834     0.2566    93.7865 0.0000e+00
        391  39.579439    0.02708     1.6251     97.508     28.268  50481.893    31.6025     6.3141     28.000     6.3121    24.8310     6.5054     9.2969     92.743    283.495    290.534   -0.00028    7.01448   10.02440  305.67647   15.75028 3.6695e+00     0.4802     0.2560    93.8000 0.0000e+00
        396  39.579453    0.02743     1.6456     98.737     29.277  50482.915    31.6028     6.3149     29.000     6.3129    24.8312     6.5095     9.3027     92.802    283.668    290.712    0.00006    7.01432   10.02416  305.66936   15.74993 3.3150e+00     0.4802     0.2532    93.8662 0.0000e+00
        401  39.579467    0.02776     1.6654     99.922     30.287  50480.842    31.6011     6.3156     30.000     6.3124    24.8297     6.5098     9.3032     92.808    283.685    290.729    0.00005    7.01431   10.02415  305.66940   15.74994 2.9859e+00     0.4748     0.2564    93.7928 0.0000e+00
        405  39.579479    0.02805     1.6830    100.979     31.296  50482.620    31.6016     6.3142     31.000     6.3113    24.8303     6.5063     9.2980     92.754    283.528    290.568   -0.00039    7.01450   10.02443  305.67767   15.75033 2.6969e+00     0.4761     0.2551    93.8209 0.0000e+00
        410  39.579493    0.02838     1.7029    102.172     32.297  50483.577    31.6017     6.3139     32.000     6.3113    24.8304     6.5003     9.2896     92.668    283.268    290.302   -0.00077    7.01454   10.02449  305.67936   15.75041 2.4437e+00     0.4716     0.2549    93.8271 0.0000e+00
        417  39.579513    0.02887     1.7321    103.926     33.329  50483.765    31.6014     6.3141     33.000     6.3110    24.8302     6.4991     9.2879     92.653    283.218    290.250   -0.00067    7.01453   10.02446  305.67883   15.75039 2.1992e+00     0.4792     0.2538    93.8532 0.0000e+00
        421  39.579525    0.02915     1.7491    104.945     34.316  50483.894    31.6008     6.3130     34.000     6.3103    24.8299     6.5045     9.2956     92.727    283.453    290.491   -0.00012    7.01473   10.02475  305.68773   15.75082 1.9830e+00     0.4776     0.2544    93.8364 0.0000e+00
        426  39.579540    0.02951     1.7711    106.266     35.346  50486.388    31.6022     6.3138     35.000     6.3113    24.8308     6.5082     9.3008     92.780    283.611    290.653    0.00017    7.01454   10.02448  305.67902   15.75039 1.7836e+00     0.4737     0.2550    93.8231 0.0000e+00
        430  39.579552    0.02980     1.7879    107.277     36.338  50485.763    31.6014     6.3140     36.000     6.3108    24.8301     6.5055     9.2969     92.742    283.495    290.534   -0.00010    7.01454   10.02448  305.67918   15.75041 1.6077e+00     0.4799     0.2551    93.8212 0.0000e+00
        435  39.579566    0.03013     1.8079    108.471     37.356  50484.274    31.5995     6.3123     37.000     6.3087    24.8289     6.5027     9.2930     92.699    283.375    290.411   -0.00048    7.01491   10.02500  305.69568   15.75120 1.4474e+00     0.4812     0.2564    93.7912 0.0000e+00
        440  39.579580    0.03047     1.8282    109.691     38.360  50488.535    31.6021     6.3133     38.000     6.3106    24.8309     6.5018     9.2917     92.688    283.333    290.368   -0.00042    7.01463   10.02460  305.68285   15.75058 1.3122e+00     0.4810     0.2542    93.8425 0.0000e+00
        445  39.579596    0.03085     1.8514    111.084     39.391  50488.331    31.6017     6.3145     39.000     6.3112    24.8305     6.4999     9.2890     92.665    283.251    290.284   -0.00053    7.01445   10.02434  305.67511   15.75020 1.1806e+00     0.4791     0.2537    93.8535 0.0000e+00
        448  39.579605    0.03106     1.8638    111.826     40.373  50488.460    31.6014     6.3142     40.000     6.3108    24.8302     6.5014     9.2911     92.684    283.317    290.351   -0.00035    7.01451   10.02444  305.67822   15.75036 1.0683e+00     0.4942     0.2552    93.8185 0.0000e+00
        452  39.579615    0.03132     1.8791    112.748     41.382  50490.512    31.6023     6.3144     41.000     6.3116    24.8309     6.5080     9.3005     92.780    283.604    290.647    0.00017    7.01443   10.02431  305.67413   15.75016 9.6885e-01     0.4811     0.2579    93.7561 0.0000e+00
        457  39.579631    0.03169     1.9014    114.082     42.406  50489.347    31.6011     6.3151     42.000     6.3113    24.8300     6.5038     9.2946     92.721    283.422    290.459   -0.00022    7.01439   10.02426  305.67257   15.75009 8.7960e-01     0.4844     0.2562    93.7964 0.0000e+00
        462  39.579645    0.03204     1.9224    115.342     43.408  50493.890    31.6041     6.3165     43.000     6.3139    24.8321     6.5042     9.2952     92.732    283.440    290.478   -0.00019    7.01400   10.02371  305.65521   15.74926 7.9206e-01     0.4821     0.2549    93.8270 0.0000e+00
        468  39.579661    0.03241     1.9446    116.676     44.420  50490.471    31.6015     6.3176     44.000     6.3130    24.8299     6.5058     9.2975     92.755    283.510    290.549   -0.00007    7.01395   10.02364  305.65378   15.74920 7.1211e-01     0.4870     0.2551    93.8227 0.0000e+00
        473  39.579676    0.03278     1.9665    117.993     45.433  50492.171    31.6017     6.3152     45.000     6.3114    24.8304     6.5073     9.2995     92.771    283.573    290.614   -0.00002    7.01434   10.02419  305.67057   15.75000 6.4314e-01     0.4923     0.2532    93.8659 0.0000e+00
        478  39.579689    0.03309     1.9854    119.126     46.439  50493.698    31.6024     6.3157     46.000     6.3124    24.8309     6.5115     9.3056     92.833    283.757    290.802    0.00023    7.01422   10.02402  305.66523   15.74974 5.8103e-01     0.4797     0.2551    93.8222 0.0000e+00
        482  39.579703    0.03341     2.0049    120.293     47.445  50494.617    31.6028     6.3169     47.000     6.3131    24.8310     6.5107     9.3046     92.825    283.726    290.772    0.00013    7.01401   10.02372  305.65596   15.74929 5.2914e-01     0.4807     0.2554    93.8153 0.0000e+00
        488  39.579719    0.03381     2.0284    121.702     48.468  50489.295    31.5986     6.3167     48.000     6.3099    24.8278     6.5059     9.2975     92.752    283.512    290.551   -0.00045    7.01423   10.02403  305.66628   15.74980 4.7942e-01     0.4825     0.2546    93.8334 0.0000e+00
        492  39.579730    0.03407     2.0443    122.659     49.464  50488.077    31.5959     6.3096     49.000     6.3043    24.8266     6.5023     9.2925     92.685    283.360    290.395   -0.00077    7.01553   10.02589  305.72330   15.75254 4.3364e-01     0.4952     0.2552    93.8188 0.0000e+00
        496  39.579742    0.03438     2.0626    123.754     50.477  50491.539    31.5977     6.3091     50.000     6.3041    24.8281     6.5033     9.2938     92.698    283.399    290.436   -0.00059    7.01552   10.02588  305.72270   15.75250 3.9280e-01     0.4777     0.2547    93.8308 0.0000e+00
        501  39.579756    0.03470     2.0821    124.929     51.486  50498.422    31.6020     6.3089     51.000     6.3064    24.8315     6.5012     9.2908     92.671    283.307    290.342   -0.00065    7.01534   10.02563  305.71405   15.75207 3.5535e-01     0.4665     0.2543    93.8419 0.0000e+00
        506  39.579772    0.03508     2.1050    126.300     52.499  50491.208    31.5967     6.3101     52.000     6.3041    24.8272     6.5011     9.2907     92.669    283.304    290.338   -0.00052    7.01540   10.02571  305.71779   15.75227 3.2168e-01     0.4766     0.2533    93.8640 0.0000e+00
        511  39.579787    0.03543     2.1259    127.552     53.513  50491.825    31.5960     6.3062     53.000     6.3010    24.8271     6.5010     9.2906     92.659    283.301    290.334   -0.00046    7.01608   10.02668  305.74713   15.75366 2.9065e-01     0.4642     0.2550    93.8235 0.0000e+00
