CTD-processing/allCTD/CNV/2019_06-19_alongbay_skb04_cast218_4141.cnv
* Sea-Bird SBE19plus Data File:
* FileName = C:\Users\jwschloemer\Documents\CTD Data\2019_06-19_AlongBay_T9\2019_06-19_AlongBay_SKB01_Cast218.hex
* Software Version 1.59
* Temperature SN =  4141
* Conductivity SN =  4141
* System UpLoad Time = Jun 20 2019 15:33:57
** Cook Inlet LTM Along Bay
** Date: 2019_06_19
** Station:04
** Start Time (AKST):12:48
** Depth (m):152
** Comment:
# nquan = 27
# nvalues = 149                         
# units = specified
# name 0 = scan: Scan Count
# name 1 = timeJ: Julian Days
# name 2 = timeH: Time, Elapsed [hours]
# name 3 = timeM: Time, Elapsed [minutes]
# name 4 = timeS: Time, Elapsed [seconds]
# name 5 = prdM: Pressure, Strain Gauge [db]
# name 6 = specc: Specific Conductance [uS/cm]
# name 7 = sal00: Salinity, Practical [PSU]
# name 8 = tv290C: Temperature [ITS-90, deg C]
# name 9 = depSM: Depth [salt water, m], lat = 59.00
# name 10 = potemp090C: Potential Temperature [ITS-90, deg C]
# name 11 = sigma-é00: Density [sigma-theta, kg/m^3]
# name 12 = sbeox0ML/L: Oxygen, SBE 43 [ml/l]
# name 13 = sbeox0Mg/L: Oxygen, SBE 43 [mg/l]
# name 14 = sbeox0PS: Oxygen, SBE 43 [% saturation]
# name 15 = sbox0Mm/Kg: Oxygen, SBE 43 [umol/kg]
# name 16 = sbeox0Mm/L: Oxygen, SBE 43 [umol/l]
# name 17 = sbox0dV/dT: Oxygen, SBE 43 [dov/dt]
# name 18 = oxsolML/L: Oxygen Saturation, Garcia & Gordon [ml/l]
# name 19 = oxsolMg/L: Oxygen Saturation, Garcia & Gordon [mg/l]
# name 20 = oxsolMm/Kg: Oxygen Saturation, Garcia & Gordon [umol/kg]
# name 21 = n2satMg/L: Nitrogen Saturation [mg/l]
# name 22 = par: PAR/Irradiance, Biospherical/Licor
# name 23 = wetStar: Fluorescence, WET Labs WETstar [mg/m^3]
# name 24 = CStarAt0: Beam Attenuation, WET Labs C-Star [1/m]
# name 25 = CStarTr0: Beam Transmission, WET Labs C-Star [%]
# name 26 = flag: flag
# span 0 =        298,       1059       
# span 1 = 170.534575, 170.536777       
# span 2 =    0.02062,    0.07347       
# span 3 =     1.2373,     4.4085       
# span 4 =     74.236,    264.514       
# span 5 =      1.039,    150.447       
# span 6 =  47253.301,  50618.080       
# span 7 =    29.9392,    31.7540       
# span 8 =     6.9268,    10.1333       
# span 9 =      1.000,    149.000       
# span 10 =     6.9138,    10.0661      
# span 11 =    22.9821,    24.8732      
# span 12 =     6.2614,     8.8582      
# span 13 =     8.9481,    12.6593      
# span 14 =     90.638,    134.304      
# span 15 =    272.847,    386.216      
# span 16 =    279.633,    395.610      
# span 17 =   -0.04688,    0.09701      
# span 18 =    6.50388,    6.90848      
# span 19 =    9.29468,    9.87289      
# span 20 =  283.93748,  301.04464      
# span 21 =   14.71916,   15.52883      
# span 22 = 3.7894e-02, 1.5020e+03      
# span 23 =     0.2676,     6.3633      
# span 24 =     0.2731,     1.7898      
# span 25 =    63.8800,    93.4004      
# span 26 = 0.0000e+00, 0.0000e+00      
# interval = meters: 1                  
# start_time = Jun 19 2019 12:48:33 [Instrument's time stamp, header]
# bad_flag = -9.990e-29
*END*
[from data line 54]
        563 170.535343    0.03906     2.3436    140.617     55.525  50269.377    31.7251     7.9361     55.000     7.9298    24.7127     6.5499     9.3604     97.008    285.464    292.519   -0.00141    6.75194    9.64919  294.26921   15.20562 7.0964e-02     0.4713     0.4380    89.6284 0.0000e+00
        569 170.535358    0.03942     2.3654    141.922     56.539  50271.302    31.7257     7.9339     56.000     7.9274    24.7135     6.5797     9.4031     97.445    286.763    293.850    0.00157    6.75226    9.64966  294.28318   15.20628 6.6265e-02     0.5200     0.4020    90.4397 0.0000e+00
        574 170.535372    0.03976     2.3855    143.127     57.544  50249.325    31.7077     7.9203     57.000     7.8990    24.7013     6.6018     9.4347     97.731    287.729    294.838    0.00287    6.75513    9.65375  294.41174   15.21249 6.2016e-02     0.5560     0.3615    91.3592 0.0000e+00
        579 170.535387    0.04012     2.4069    144.412     58.556  50270.154    31.7162     7.8857     58.000     7.8744    24.7129     6.6042     9.4381     97.695    287.831    294.944    0.00158    6.76006    9.66080  294.62324   15.22256 5.7553e-02     0.5484     0.3181    92.3574 0.0000e+00
        584 170.535401    0.04046     2.4275    145.652     59.567  50266.281    31.7107     7.8714     59.000     7.8561    24.7106     6.6016     9.4344     97.621    287.719    294.829    0.00060    6.76249    9.66428  294.73003   15.22767 5.6440e-02     0.4493     0.3047    92.6643 0.0000e+00
        589 170.535415    0.04080     2.4480    146.882     60.572  50257.528    31.6990     7.8398     60.000     7.8176    24.7059     6.5901     9.4180     97.374    287.220    294.316   -0.00115    6.76787    9.67197  294.96593   15.23898 5.4510e-02     0.4248     0.2805    93.2278 0.0000e+00
        594 170.535430    0.04117     2.4700    148.202     61.589  50300.290    31.7235     7.8093     61.000     7.8053    24.7294     6.5882     9.4152     97.294    287.129    294.229   -0.00155    6.77147    9.67711  295.11589   15.24605 5.2582e-02     0.5749     0.2783    93.2788 0.0000e+00
        598 170.535444    0.04148     2.4889    149.335     62.592  50301.356    31.7246     7.8141     62.000     7.8069    24.7296     6.5768     9.3989     97.136    286.631    293.720   -0.00180    6.77070    9.67600  295.08201   15.24443 5.1205e-02     0.5227     0.2815    93.2043 0.0000e+00
        604 170.535459    0.04185     2.5106    150.638     63.604  50286.307    31.7113     7.8002     63.000     7.7833    24.7212     6.5846     9.4100     97.211    286.971    294.066   -0.00115    6.77342    9.67989  295.20308   15.25026 4.8808e-02     0.4064     0.2808    93.2218 0.0000e+00
        609 170.535474    0.04221     2.5327    151.962     64.614  50297.222    31.7142     7.7743     64.000     7.7614    24.7271     6.5799     9.4034     97.088    286.768    293.859   -0.00140    6.77727    9.68540  295.36939   15.25818 4.8667e-02     0.3876     0.2731    93.4004 0.0000e+00
        614 170.535489    0.04257     2.5541    153.245     65.624  50288.750    31.7044     7.7529     65.000     7.7316    24.7223     6.5860     9.4120     97.124    287.033    294.129   -0.00091    6.78102    9.69075  295.53389   15.26608 4.7535e-02     0.4267     0.2804    93.2314 0.0000e+00
        619 170.535505    0.04295     2.5768    154.609     66.632  50305.538    31.7087     7.7109     66.000     7.6946    24.7316     6.5681     9.3865     96.771    286.253    293.332   -0.00275    6.78731    9.69974  295.80546   15.27902 4.6608e-02     0.4008     0.3056    92.6463 0.0000e+00
        625 170.535520    0.04331     2.5990    155.941     67.650  50319.505    31.7147     7.6906     67.000     7.6801    24.7392     6.5584     9.3726     96.586    285.826    292.898   -0.00298    6.79019    9.70385  295.92858   15.28488 4.5658e-02     0.4319     0.3471    91.6882 0.0000e+00
        629 170.535533    0.04361     2.6169    157.012     68.647  50318.861    31.7122     7.6809     68.000     7.6676    24.7385     6.5449     9.3532     96.363    285.235    292.292   -0.00354    6.79179    9.70615  295.99877   15.28824 4.3824e-02     0.3932     0.3652    91.2742 0.0000e+00
        635 170.535550    0.04403     2.6416    158.495     69.669  50298.116    31.6924     7.6516     69.000     7.6236    24.7271     6.5320     9.3349     96.099    284.680    291.720   -0.00387    6.79722    9.71390  296.23859   15.29976 4.4203e-02     0.3703     0.3995    90.4959 0.0000e+00
        640 170.535563    0.04436     2.6617    159.700     70.668  50283.448    31.6712     7.5885     70.000     7.5508    24.7192     6.5097     9.3031     95.620    283.712    290.726   -0.00552    6.80795    9.72924  296.70865   15.32229 4.3739e-02     0.5351     0.4368    89.6545 0.0000e+00
        645 170.535579    0.04473     2.6838    161.029     71.687  50279.026    31.6532     7.5024     71.000     7.4597    24.7169     6.4822     9.2636     95.017    282.511    289.494   -0.00743    6.82216    9.74954  297.32842   15.35193 4.3187e-02     0.3993     0.4526    89.3007 0.0000e+00
        650 170.535593    0.04506     2.7037    162.225     72.691  50309.090    31.6602     7.4220     72.000     7.3918    24.7333     6.4584     9.2298     94.499    281.473    288.435   -0.00830    6.83441    9.76706  297.85795   15.37718 4.2793e-02     0.4128     0.5043    88.1574 0.0000e+00
        655 170.535608    0.04542     2.7248    163.491     73.700  50313.082    31.6511     7.3552     73.000     7.3267    24.7352     6.4349     9.1961     94.005    280.445    287.383   -0.00879    6.84529    9.78260  298.33127   15.39980 4.2225e-02     0.4051     0.5109    88.0104 0.0000e+00
        660 170.535623    0.04579     2.7475    164.850     74.714  50362.575    31.6799     7.3241     74.000     7.3149    24.7621     6.4340     9.1948     93.942    280.397    287.341   -0.00641    6.84888    9.78773  298.47994   15.40678 4.1159e-02     0.4038     0.5171    87.8743 0.0000e+00
        665 170.535637    0.04613     2.7679    166.073     75.718  50364.525    31.6794     7.3161     75.000     7.3046    24.7627     6.4390     9.2019     93.998    280.615    287.564   -0.00409    6.85015    9.78955  298.53505   15.40940 4.1761e-02     0.3901     0.5171    87.8735 0.0000e+00
        671 170.535653    0.04650     2.7897    167.384     76.733  50378.902    31.6877     7.3090     76.000     7.3021    24.7703     6.4315     9.1913     93.879    280.290    287.233   -0.00349    6.85089    9.79061  298.56515   15.41081 4.1461e-02     0.3895     0.5331    87.5231 0.0000e+00
        676 170.535667    0.04685     2.8107    168.642     77.740  50384.361    31.6912     7.3100     77.000     7.3043    24.7730     6.4314     9.1911     93.881    280.284    287.227   -0.00252    6.85058    9.79016  298.55080   15.41011 4.1143e-02     0.7166     0.5306    87.5768 0.0000e+00
        681 170.535683    0.04721     2.8327    169.961     78.749  50388.860    31.6944     7.3131     78.000     7.3055    24.7750     6.4333     9.1939     93.918    280.367    287.314   -0.00144    6.84995    9.78926  298.52293   15.40877 4.1081e-02     0.5058     0.5187    87.8365 0.0000e+00
        686 170.535698    0.04759     2.8552    171.315     79.765  50387.103    31.6920     7.3091     79.000     7.2983    24.7738     6.4337     9.1943     93.913    280.381    287.328   -0.00119    6.85068    9.79031  298.55517   15.41032 3.9928e-02     0.3896     0.5200    87.8083 0.0000e+00
        691 170.535713    0.04794     2.8760    172.559     80.768  50390.759    31.6927     7.3005     80.000     7.2900    24.7754     6.4418     9.2059     94.013    280.734    287.690   -0.00026    6.85200    9.79219  298.61192   15.41302 4.0739e-02     0.4186     0.5510    87.1360 0.0000e+00
        697 170.535729    0.04833     2.9001    174.003     81.785  50392.214    31.6916     7.2909     81.000     7.2807    24.7758     6.4477     9.2144     94.078    280.992    287.954    0.00017    6.85355    9.79441  298.67958   15.41626 4.0725e-02     0.4660     0.6188    85.6677 0.0000e+00
        702 170.535743    0.04866     2.9199    175.192     82.786  50376.342    31.6778     7.2782     82.000     7.2558    24.7668     6.4368     9.1988     93.883    280.520    287.467   -0.00104    6.85618    9.79817  298.79679   15.42190 4.0688e-02     0.3775     0.8189    81.4996 0.0000e+00
        707 170.535759    0.04905     2.9428    176.567     83.805  50393.302    31.6821     7.2371     83.000     7.2221    24.7756     6.4286     9.1871     93.678    280.161    287.102   -0.00205    6.86245    9.80713  299.06757   15.43480 4.0653e-02     0.3558     0.8953    79.9483 0.0000e+00
        712 170.535773    0.04940     2.9637    177.824     84.810  50410.186    31.6921     7.2297     84.000     7.2227    24.7845     6.4170     9.1705     93.499    279.654    286.585   -0.00249    6.86317    9.80816  299.09637   15.43614 3.9946e-02     0.3664     0.8905    80.0439 0.0000e+00
        717 170.535788    0.04975     2.9852    179.112     85.818  50396.888    31.6819     7.2269     85.000     7.2126    24.7769     6.4166     9.1700     93.481    279.639    286.568   -0.00190    6.86408    9.80946  299.13828   15.43818 4.0670e-02     0.3604     0.8919    80.0137 0.0000e+00
        723 170.535804    0.05012     3.0072    180.432     86.833  50412.534    31.6905     7.2164     86.000     7.2093    24.7851     6.4152     9.1679     93.443    279.573    286.502   -0.00156    6.86534    9.81126  299.19054   15.44064 4.0764e-02     0.3435     0.8828    80.1964 0.0000e+00
        728 170.535818    0.05046     3.0276    181.654     87.836  50412.423    31.6904     7.2189     87.000     7.2114    24.7846     6.4154     9.1682     93.452    279.582    286.512   -0.00111    6.86495    9.81070  299.17369   15.43983 4.0916e-02     0.3547     0.7536    82.8479 0.0000e+00
        733 170.535834    0.05085     3.0512    183.069     88.855  50412.883    31.6902     7.2188     88.000     7.2111    24.7845     6.4187     9.1730     93.499    279.727    286.660   -0.00051    6.86499    9.81075  299.17526   15.43991 4.1145e-02     0.3741     0.6086    85.8814 0.0000e+00
        738 170.535848    0.05117     3.0701    184.209     89.855  50413.803    31.6906     7.2202     89.000     7.2122    24.7848     6.4146     9.1671     93.443    279.548    286.476   -0.00079    6.86474    9.81040  299.16451   15.43940 4.0382e-02     0.3403     0.6016    86.0370 0.0000e+00
        743 170.535863    0.05154     3.0925    185.548     90.872  50417.046    31.6926     7.2213     90.000     7.2148    24.7861     6.4251     9.1821     93.599    280.005    286.946    0.00027    6.86448    9.81004  299.15309   15.43884 4.1776e-02     0.3418     0.5874    86.3432 0.0000e+00
        749 170.535879    0.05191     3.1148    186.888     91.882  50405.302    31.6844     7.2234     91.000     7.2092    24.7794     6.4251     9.1822     93.600    280.009    286.947    0.00035    6.86451    9.81008  299.15636   15.43903 4.2120e-02     0.3407     0.5871    86.3485 0.0000e+00
        753 170.535892    0.05224     3.1345    188.070     92.884  50404.904    31.6799     7.2021     92.000     7.1875    24.7787     6.4186     9.1727     93.455    279.721    286.651   -0.00078    6.86809    9.81519  299.31232   15.44649 4.2509e-02     0.3560     0.5936    86.2091 0.0000e+00
        759 170.535909    0.05265     3.1591    189.544     93.904  50420.289    31.6883     7.1913     93.000     7.1829    24.7868     6.4106     9.1614     93.321    279.373    286.297   -0.00144    6.86941    9.81707  299.36742   15.44909 4.2742e-02     0.3542     0.5949    86.1811 0.0000e+00
        764 170.535923    0.05300     3.1797    190.781     94.907  50425.853    31.6919     7.1923     94.000     7.1846    24.7894     6.4103     9.1610     93.321    279.358    286.283   -0.00097    6.86909    9.81662  299.35271   15.44837 4.2210e-02     0.3770     0.5859    86.3757 0.0000e+00
        770 170.535939    0.05337     3.2021    192.126     95.920  50424.759    31.6908     7.1932     95.000     7.1838    24.7885     6.4088     9.1589     93.301    279.296    286.219   -0.00085    6.86900    9.81649  299.34916   15.44821 4.3985e-02     0.3473     0.5775    86.5574 0.0000e+00
        775 170.535954    0.05373     3.2237    193.419     96.928  50429.076    31.6930     7.1911     96.000     7.1823    24.7905     6.4113     9.1624     93.334    279.404    286.330   -0.00051    6.86923    9.81681  299.35847   15.44864 4.4649e-02     0.3195     0.5815    86.4697 0.0000e+00
        780 170.535969    0.05409     3.2454    194.725     97.939  50429.248    31.6926     7.1904     97.000     7.1801    24.7902     6.4146     9.1670     93.379    279.543    286.473   -0.00013    6.86936    9.81700  299.36416   15.44891 4.5165e-02     0.3416     0.5764    86.5812 0.0000e+00
        785 170.535985    0.05446     3.2677    196.063     98.948  50430.211    31.6917     7.1845     98.000     7.1733    24.7904     6.4193     9.1738     93.435    279.749    286.685    0.00020    6.87033    9.81838  299.40632   15.45093 4.6237e-02     0.3382     0.5681    86.7594 0.0000e+00
        791 170.536000    0.05483     3.2899    197.397     99.958  50436.825    31.6950     7.1796     99.000     7.1694    24.7937     6.4164     9.1697     93.384    279.623    286.556   -0.00027    6.87095    9.81928  299.43272   15.45218 4.6314e-02     0.3501     0.5663    86.7988 0.0000e+00
        796 170.536016    0.05521     3.3128    198.766    100.970  50434.898    31.6918     7.1718    100.000     7.1544    24.7922     6.4179     9.1718     93.387    279.688    286.621   -0.00021    6.87234    9.82126  299.49340   15.45508 4.7980e-02     0.3491     0.5768    86.5721 0.0000e+00
        801 170.536031    0.05558     3.3344    200.063    101.977  50442.758    31.6923     7.1458    101.000     7.1255    24.7961     6.4149     9.1674     93.287    279.555    286.486   -0.00077    6.87643    9.82710  299.67063   15.46354 4.9328e-02     0.3343     0.5643    86.8435 0.0000e+00
        807 170.536046    0.05594     3.3566    201.395    102.988  50474.476    31.7101     7.1244    102.000     7.1124    24.8130     6.4104     9.1611     93.188    279.356    286.288   -0.00123    6.87901    9.83079  299.77805   15.46859 5.0549e-02     0.3135     0.6059    85.9461 0.0000e+00
        812 170.536062    0.05632     3.3790    202.740    103.997  50481.515    31.7137     7.1190    103.000     7.1078    24.8164     6.3983     9.1437     93.002    278.827    285.746   -0.00185    6.87971    9.83179  299.80768   15.46999 5.0981e-02     0.2954     0.6406    85.2009 0.0000e+00
        818 170.536079    0.05673     3.4038    204.230    105.011  50486.389    31.7155     7.1133    104.000     7.1009    24.8187     6.3822     9.1209     92.758    278.129    285.031   -0.00274    6.88051    9.83294  299.84185   15.47161 5.4241e-02     0.3160     0.6584    84.8216 0.0000e+00
        823 170.536094    0.05708     3.4248    205.490    106.017  50487.809    31.7140     7.1012    105.000     7.0847    24.8191     6.3843     9.1238     92.762    278.218    285.123   -0.00191    6.88250    9.83578  299.92854   15.47575 5.7359e-02     0.3510     0.6838    84.2852 0.0000e+00
        828 170.536109    0.05745     3.4470    206.822    107.027  50497.553    31.7164     7.0795    106.000     7.0617    24.8239     6.3795     9.1169     92.646    278.006    284.908   -0.00201    6.88584    9.84056  300.07266   15.48262 5.8445e-02     0.3187     0.7063    83.8128 0.0000e+00
        834 170.536125    0.05783     3.4699    208.192    108.040  50510.486    31.7215     7.0600    107.000     7.0446    24.8305     6.3715     9.1055     92.492    277.657    284.551   -0.00230    6.88870    9.84465  300.19546   15.48845 5.9692e-02     0.2953     0.7204    83.5194 0.0000e+00
