CTD-processing/allCTD/CNV/2019_07-23_alongbay_kb03_cast003_4141.cnv
* Sea-Bird SBE19plus Data File:
* FileName = C:\Users\jwschloemer\Documents\CTD Data\2019_07-23_AlongBay\2019_07-23_AlongBay_KB01_Cast003.hex
* Software Version 1.59
* Temperature SN =  4141
* Conductivity SN =  4141
* System UpLoad Time = Aug 02 2019 11:31:56
** Cook Inlet LTM Along Bay
** Date: 2019_07-23
** Station:KB03
** Start Time (AKST):11:39
** Depth (m):108
** Comment:
** Comment:
# nquan = 27
# nvalues = 101                         
# units = specified
# name 0 = scan: Scan Count
# name 1 = timeJ: Julian Days
# name 2 = timeH: Time, Elapsed [hours]
# name 3 = timeM: Time, Elapsed [minutes]
# name 4 = timeS: Time, Elapsed [seconds]
# name 5 = prdM: Pressure, Strain Gauge [db]
# name 6 = specc: Specific Conductance [uS/cm]
# name 7 = sal00: Salinity, Practical [PSU]
# name 8 = tv290C: Temperature [ITS-90, deg C]
# name 9 = depSM: Depth [salt water, m], lat = 59.00
# name 10 = potemp090C: Potential Temperature [ITS-90, deg C]
# name 11 = sigma-é00: Density [sigma-theta, kg/m^3]
# name 12 = sbeox0ML/L: Oxygen, SBE 43 [ml/l]
# name 13 = sbeox0Mg/L: Oxygen, SBE 43 [mg/l]
# name 14 = sbeox0PS: Oxygen, SBE 43 [% saturation]
# name 15 = sbox0Mm/Kg: Oxygen, SBE 43 [umol/kg]
# name 16 = sbeox0Mm/L: Oxygen, SBE 43 [umol/l]
# name 17 = sbox0dV/dT: Oxygen, SBE 43 [dov/dt]
# name 18 = oxsolML/L: Oxygen Saturation, Garcia & Gordon [ml/l]
# name 19 = oxsolMg/L: Oxygen Saturation, Garcia & Gordon [mg/l]
# name 20 = oxsolMm/Kg: Oxygen Saturation, Garcia & Gordon [umol/kg]
# name 21 = n2satMg/L: Nitrogen Saturation [mg/l]
# name 22 = par: PAR/Irradiance, Biospherical/Licor
# name 23 = wetStar: Fluorescence, WET Labs WETstar [mg/m^3]
# name 24 = CStarAt0: Beam Attenuation, WET Labs C-Star [1/m]
# name 25 = CStarTr0: Beam Transmission, WET Labs C-Star [%]
# name 26 = flag: flag
# span 0 =        217,        960       
# span 1 = 204.485972, 204.488122       
# span 2 =    0.01499,    0.06659       
# span 3 =     0.8997,     3.9956       
# span 4 =     53.979,    239.736       
# span 5 =      1.014,    101.906       
# span 6 =  46506.642,  50305.055       
# span 7 =    29.7582,    31.8702       
# span 8 =     8.8312,    13.7184       
# span 9 =      1.000,    101.000       
# span 10 =     8.8224,    13.7215      
# span 11 =    22.1963,    24.6934      
# span 12 =     5.4871,     8.7637      
# span 13 =     7.8417,    12.5242      
# span 14 =     83.031,    141.732      
# span 15 =    239.149,    382.377      
# span 16 =    245.055,    391.386      
# span 17 =   -0.09952,    0.09087      
# span 18 =    6.03432,    6.61190      
# span 19 =    8.62364,    9.44907      
# span 20 =  263.64077,  288.17496      
# span 21 =   13.74715,   14.91400      
# span 22 = 5.3777e-02, 6.2550e+02      
# span 23 =     0.3339,     7.4717      
# span 24 =     0.2981,     2.3980      
# span 25 =    54.7725,    92.8182      
# span 26 = 0.0000e+00, 0.0000e+00      
# interval = meters: 1                  
# start_time = Jul 23 2019 11:38:54 [Instrument's time stamp, header]
# bad_flag = -9.990e-29
*END*
        217 204.485972    0.01499     0.8997     53.979      1.014  46506.642    29.7582    13.7184      1.000    13.7215    22.1963     6.7441     9.6380    111.777    294.651    301.190    0.00617    6.03432    8.62364  263.64077   13.74715 6.2550e+02     1.0439     1.8976    70.8603 0.0000e+00
        454 204.486657    0.03144     1.8859    113.156      2.023  46686.169    29.8794    13.6417      2.000    13.4744    22.3051     7.7287    11.0450    127.973    337.632    345.162    0.00367    6.03930    8.63076  263.83039   13.75578 5.4746e+02     1.0419     1.0793    75.6453 0.0000e+00
        443 204.486626    0.03070     1.8423    110.535      3.026  47927.736    30.7179    13.1083      3.000    12.9129    23.0569     7.6738    10.9666    126.327    334.988    342.712   -0.00353    6.07450    8.68107  265.17302   13.81695 4.0916e+02     1.1002     1.3891    70.7027 0.0000e+00
        448 204.486641    0.03105     1.8628    111.771      4.036  48445.391    31.0523    12.7268      4.000    12.5529    23.3891     8.1308    11.6198    133.066    354.822    363.122    0.03866    6.11006    8.73188  266.63856   13.88597 2.6509e+02     1.5023     1.7403    64.7729 0.0000e+00
        453 204.486655    0.03139     1.8833    112.995      5.047  48636.100    31.1310    12.1367      5.000    11.7649    23.5606     8.7637    12.5242    141.732    382.377    391.386    0.09087    6.18318    8.83638  269.78442   14.03655 2.0423e+02     3.0097     1.7200    65.0561 0.0000e+00
        458 204.486670    0.03176     1.9053    114.320      6.059  49063.359    31.3298    11.1437      6.000    10.8697    23.8941     8.3656    11.9552    132.651    364.889    373.606   -0.00105    6.30696    9.01327  275.09557   14.29030 1.4853e+02     3.9728     1.2504    73.1829 0.0000e+00
        463 204.486683    0.03207     1.9241    115.446      7.063  49472.151    31.5717    10.7298      7.000    10.6271    24.1539     7.7731    11.1086    122.350    338.961    347.147   -0.07329    6.35360    9.07993  277.05970   14.38341 1.1352e+02     5.4300     1.0231    77.4432 0.0000e+00
        468 204.486698    0.03241     1.9448    116.690      8.082  49606.468    31.6380    10.4911      8.000    10.4230    24.2463     7.4109    10.5909    116.089    323.134    330.969   -0.08966    6.38374    9.12300  278.34883   14.44486 8.5222e+01     6.7278     0.9331    79.1973 0.0000e+00
        473 204.486712    0.03275     1.9651    117.903      9.084  49670.603    31.6613    10.3149      9.000    10.2487    24.2941     7.0995    10.1459    110.806    309.544    317.064   -0.09370    6.40725    9.15661  279.36121   14.49323 6.6784e+01     7.4717     0.7774    82.3429 0.0000e+00
        478 204.486726    0.03310     1.9860    119.158     10.093  49764.501    31.7127    10.1971     10.000    10.1675    24.3537     6.7329     9.6220    104.849    293.541    300.689   -0.09952    6.42158    9.17708  279.96954   14.52214 5.3569e+01     6.4177     0.5766    86.5935 0.0000e+00
        483 204.486741    0.03345     2.0069    120.413     11.103  49786.110    31.7177    10.1195     11.000    10.0889    24.3706     6.4249     9.1818     99.887    280.110    286.937   -0.09845    6.43225    9.19233  280.42994   14.54415 4.5411e+01     3.8250     0.4647    89.0359 0.0000e+00
        488 204.486757    0.03383     2.0298    121.791     12.118  49837.955    31.7468    10.0635     12.000    10.0573    24.4025     6.3087     9.0159     97.979    275.038    281.749   -0.07425    6.43889    9.20182  280.71081   14.55747 3.8685e+01     2.4430     0.3892    90.7278 0.0000e+00
        493 204.486771    0.03417     2.0502    123.013     13.120  49839.323    31.7458    10.0512     13.000    10.0447    24.4038     6.2770     8.9704     97.458    273.651    280.329   -0.05291    6.44068    9.20437  280.78833   14.56119 3.3377e+01     1.8461     0.3705    91.1534 0.0000e+00
        498 204.486786    0.03453     2.0722    124.332     14.133  49839.525    31.7438    10.0382     14.000    10.0293    24.4044     6.2785     8.9726     97.453    273.717    280.397   -0.03385    6.44258    9.20710  280.87129   14.56516 2.8455e+01     2.3699     0.3532    91.5483 0.0000e+00
        503 204.486801    0.03489     2.0935    125.613     15.142  49832.402    31.7353    10.0141     15.000     9.9991    24.4017     6.2842     8.9807     97.486    273.967    280.653   -0.02172    6.44632    9.21244  281.03504   14.57304 2.4667e+01     1.7771     0.3420    91.8048 0.0000e+00
        509 204.486816    0.03525     2.1151    126.905     16.154  49848.761    31.7424     9.9827     16.000     9.9734    24.4124     6.2683     8.9580     97.176    273.270    279.941   -0.01617    6.45045    9.21834  281.21214   14.58148 2.1518e+01     1.2051     0.3357    91.9509 0.0000e+00
        513 204.486830    0.03559     2.1352    128.114     17.160  49862.192    31.7498     9.9701     17.000     9.9671    24.4203     6.2337     8.9085     96.617    271.760    278.396   -0.01429    6.45194    9.22045  281.27442   14.58443 1.8772e+01     1.1263     0.3184    92.3480 0.0000e+00
        518 204.486843    0.03591     2.1548    129.288     18.168  49862.412    31.7492     9.9678     18.000     9.9646    24.4203     6.2004     8.8609     96.095    270.305    276.906   -0.01331    6.45228    9.22095  281.28948   14.58515 1.6409e+01     1.3164     0.3203    92.3045 0.0000e+00
        524 204.486859    0.03629     2.1771    130.625     19.177  49860.876    31.7472     9.9638     19.000     9.9590    24.4193     6.1842     8.8378     95.836    269.602    276.186   -0.01031    6.45292    9.22187  281.31777   14.58652 1.4409e+01     1.2133     0.3251    92.1943 0.0000e+00
        529 204.486876    0.03670     2.2017    132.104     20.199  49853.926    31.7404     9.9530     20.000     9.9443    24.4159     6.1782     8.8293     95.717    269.344    275.920   -0.00706    6.45473    9.22444  281.39736   14.59035 1.2567e+01     1.0558     0.3233    92.2365 0.0000e+00
        534 204.486889    0.03700     2.2200    133.198     21.195  49861.925    31.7440     9.9402     21.000     9.9348    24.4208     6.1782     8.8293     95.691    269.340    275.918   -0.00525    6.45639    9.22683  281.46853   14.59374 1.1083e+01     1.0239     0.3116    92.5054 0.0000e+00
        539 204.486904    0.03736     2.2414    134.486     22.209  49866.275    31.7459     9.9345     22.000     9.9311    24.4232     6.1762     8.8265     95.650    269.255    275.830   -0.00368    6.45711    9.22786  281.49957   14.59522 9.7789e+00     0.9706     0.3169    92.3841 0.0000e+00
        544 204.486918    0.03770     2.2620    135.723     23.220  49867.058    31.7458     9.9325     23.000     9.9289    24.4235     6.1716     8.8199     95.574    269.054    275.625   -0.00299    6.45741    9.22828  281.51244   14.59583 8.6198e+00     0.9664     0.3163    92.3958 0.0000e+00
        549 204.486933    0.03806     2.2837    137.021     24.227  49865.024    31.7434     9.9285     24.000     9.9231    24.4222     6.1660     8.8118     95.477    268.808    275.373   -0.00267    6.45807    9.22922  281.54134   14.59723 7.6367e+00     0.8485     0.3107    92.5273 0.0000e+00
        555 204.486949    0.03844     2.3067    138.400     25.242  49862.060    31.7396     9.9186     25.000     9.9108    24.4210     6.1611     8.8047     95.378    268.594    275.153   -0.00225    6.45961    9.23144  281.60925   14.60049 6.6771e+00     0.9176     0.3131    92.4722 0.0000e+00
        559 204.486963    0.03878     2.3266    139.598     26.247  49866.363    31.7409     9.9088     26.000     9.9023    24.4236     6.1477     8.7856     95.151    268.010    274.556   -0.00308    6.46095    9.23333  281.66646   14.60323 5.9270e+00     0.8491     0.3071    92.6102 0.0000e+00
        564 204.486977    0.03911     2.3467    140.801     27.252  49873.032    31.7443     9.9018     27.000     9.8987    24.4274     6.1380     8.7719     94.990    267.589    274.125   -0.00327    6.46180    9.23455  281.70262   14.60494 5.2268e+00     0.7229     0.3053    92.6523 0.0000e+00
        570 204.486993    0.03950     2.3704    142.222     28.267  49872.437    31.7434     9.9013     28.000     9.8976    24.4267     6.1366     8.7698     94.966    267.527    274.062   -0.00226    6.46192    9.23473  281.70812   14.60521 4.6570e+00     0.6639     0.3037    92.6888 0.0000e+00
        576 204.487009    0.03989     2.3938    143.626     29.280  49872.348    31.7427     9.8995     29.000     9.8956    24.4265     6.1375     8.7711     94.976    267.564    274.100   -0.00139    6.46220    9.23513  281.72023   14.60579 4.0908e+00     0.7796     0.2981    92.8182 0.0000e+00
        580 204.487023    0.04023     2.4138    144.827     30.284  49873.102    31.7425     9.8979     30.000     9.8937    24.4267     6.1382     8.7722     94.983    267.596    274.133   -0.00100    6.46243    9.23545  281.73023   14.60627 3.6333e+00     0.6855     0.3035    92.6939 0.0000e+00
        585 204.487038    0.04058     2.4350    146.102     31.291  49873.010    31.7417     9.8953     31.000     9.8905    24.4265     6.1342     8.7665     94.916    267.423    273.956   -0.00115    6.46283    9.23603  281.74785   14.60712 3.2273e+00     0.7056     0.3064    92.6265 0.0000e+00
        591 204.487054    0.04096     2.4576    147.453     32.307  49872.746    31.7407     9.8922     32.000     9.8862    24.4262     6.1311     8.7620     94.860    267.286    273.815   -0.00117    6.46330    9.23670  281.76855   14.60811 2.8583e+00     0.7343     0.3069    92.6163 0.0000e+00
        596 204.487069    0.04133     2.4797    148.784     33.315  49854.055    31.7240     9.8690     33.000     9.8482    24.4170     6.1242     8.7521     94.695    266.988    273.507   -0.00184    6.46730    9.24242  281.94520   14.61663 2.5443e+00     0.6495     0.3146    92.4357 0.0000e+00
        601 204.487084    0.04169     2.5011    150.068     34.321  49846.154    31.7119     9.8223     34.000     9.7886    24.4151     6.1172     8.7420     94.482    266.681    273.192   -0.00264    6.47441    9.25258  282.25582   14.63154 2.2349e+00     0.6453     0.3166    92.3906 0.0000e+00
        606 204.487099    0.04203     2.5219    151.312     35.336  49853.710    31.7059     9.7402     35.000     9.7029    24.4238     6.1027     8.7214     94.086    266.049    272.547   -0.00429    6.48634    9.26964  282.77372   14.65634 1.9884e+00     0.6380     0.3282    92.1220 0.0000e+00
        611 204.487113    0.04237     2.5425    152.551     36.339  49897.698    31.7277     9.6739     36.000     9.6564    24.4515     6.0738     8.6802     93.518    264.784    271.259   -0.00658    6.49488    9.28184  283.13826   14.67369 1.7637e+00     0.5928     0.3435    91.7713 0.0000e+00
        617 204.487130    0.04278     2.5666    153.998     37.355  49920.843    31.7402     9.6486     37.000     9.6413    24.4653     6.0503     8.6465     93.111    263.755    270.207   -0.00676    6.49797    9.28624  283.26883   14.67988 1.5530e+00     0.5423     0.3391    91.8728 0.0000e+00
        622 204.487145    0.04314     2.5886    155.317     38.363  49924.323    31.7412     9.6409     38.000     9.6349    24.4674     6.0396     8.6311     92.930    263.284    269.726   -0.00562    6.49902    9.28775  283.31422   14.68205 1.3761e+00     0.6462     0.3368    91.9254 0.0000e+00
        627 204.487160    0.04350     2.6099    156.591     39.370  49923.865    31.7399     9.6366     39.000     9.6288    24.4671     6.0348     8.6243     92.847    263.078    269.514   -0.00428    6.49969    9.28870  283.34347   14.68346 1.2107e+00     0.5790     0.3358    91.9477 0.0000e+00
        632 204.487173    0.04383     2.6299    157.793     40.377  49884.133    31.7066     9.6010     40.000     9.5621    24.4468     6.0404     8.6323     92.840    263.325    269.762   -0.00301    6.50619    9.29799  283.63229   14.69740 1.0728e+00     0.5209     0.3503    91.6145 0.0000e+00
        639 204.487192    0.04427     2.6563    159.381     41.400  49954.849    31.7458     9.5249     41.000     9.5202    24.4895     6.0146     8.5954     92.312    262.190    268.611   -0.00497    6.51545    9.31123  284.02420   14.71599 9.5577e-01     0.5174     0.3643    91.2948 0.0000e+00
        643 204.487205    0.04458     2.6750    160.498     42.395  49934.802    31.7305     9.5195     42.000     9.5027    24.4784     5.9939     8.5659     91.975    261.292    267.688   -0.00585    6.51687    9.31325  284.08919   14.71916 8.3599e-01     0.5648     0.3785    90.9727 0.0000e+00
        649 204.487221    0.04498     2.6989    161.933     43.417  49959.162    31.7438     9.4943     43.000     9.4876    24.4928     5.9913     8.5622     91.892    261.177    267.574   -0.00426    6.51994    9.31765  284.21939   14.72533 7.3766e-01     0.5153     0.3824    90.8816 0.0000e+00
        653 204.487235    0.04530     2.7177    163.063     44.416  49962.350    31.7453     9.4919     44.000     9.4868    24.4944     5.9884     8.5581     91.843    261.047    267.442   -0.00335    6.52022    9.31804  284.23085   14.72587 6.4738e-01     0.5483     0.3857    90.8076 0.0000e+00
        658 204.487249    0.04564     2.7388    164.326     45.430  49962.673    31.7449     9.4909     45.000     9.4856    24.4943     5.9872     8.5563     91.824    260.997    267.390   -0.00241    6.52037    9.31827  284.23766   14.72620 5.7367e-01     0.6182     0.3848    90.8294 0.0000e+00
        663 204.487264    0.04600     2.7603    165.616     46.439  49961.427    31.7434     9.4895     46.000     9.4830    24.4934     5.9914     8.5623     91.883    261.178    267.575   -0.00127    6.52063    9.31863  284.24912   14.72675 5.0200e-01     0.5423     0.3898    90.7155 0.0000e+00
        668 204.487278    0.04635     2.7811    166.868     47.451  49964.481    31.7448     9.4866     47.000     9.4812    24.4949     5.9875     8.5567     91.819    261.007    267.401   -0.00130    6.52100    9.31916  284.26470   14.72750 4.4599e-01     0.5434     0.3889    90.7364 0.0000e+00
        673 204.487292    0.04668     2.8007    168.039     48.463  49965.352    31.7449     9.4864     48.000     9.4808    24.4951     5.9874     8.5566     91.817    261.004    267.397   -0.00097    6.52102    9.31919  284.26566   14.72754 3.9150e-01     0.5509     0.3924    90.6564 0.0000e+00
        677 204.487303    0.04694     2.8165    168.988     49.464  49965.178    31.7442     9.4855     49.000     9.4795    24.4947     5.9886     8.5584     91.834    261.058    267.452   -0.00069    6.52118    9.31942  284.27264   14.72788 3.4746e-01     0.5702     0.3857    90.8072 0.0000e+00
        681 204.487316    0.04724     2.8348    170.089     50.476  49962.059    31.7413     9.4838     50.000     9.4747    24.4927     5.9871     8.5561     91.805    260.991    267.384   -0.00066    6.52155    9.31994  284.28922   14.72868 3.0721e-01     0.5858     0.3889    90.7349 0.0000e+00
        686 204.487330    0.04760     2.8559    171.352     51.491  49942.102    31.7241     9.4637     51.000     9.4404    24.4824     5.9829     8.5501     91.690    260.811    267.196   -0.00130    6.52516    9.32510  284.44949   14.73642 2.7287e-01     0.4865     0.3909    90.6890 0.0000e+00
        691 204.487343    0.04791     2.8741    172.447     52.499  49943.291    31.7185     9.4202     52.000     9.3873    24.4850     5.9809     8.5473     91.568    260.723    267.107   -0.00169    6.53166    9.33439  284.73207   14.74995 2.4027e-01     0.5319     0.4102    90.2531 0.0000e+00
        695 204.487355    0.04819     2.8912    173.472     53.504  49944.399    31.7093     9.3505     53.000     9.3097    24.4887     5.9663     8.5264     91.199    260.086    266.456   -0.00359    6.54213    9.34935  285.18737   14.77176 2.1436e-01     0.4899     0.4167    90.1064 0.0000e+00
