CTD-processing/allCTD/CNV/2019_07-25_t3_s15_cast041_4141.cnv
* Sea-Bird SBE19plus Data File:
* FileName = C:\Users\jwschloemer\Documents\CTD Data\2019_07-25_T3\2019_07-25_T3_1_Cast041.hex
* Software Version 1.59
* Temperature SN =  4141
* Conductivity SN =  4141
* System UpLoad Time = Aug 02 2019 13:51:57
** Cook Inlet LTM Transect 3
** Date: 2019_07-25
** Station:3-15
** Start Time (AKST):14:06
** Depth (m):20.7
** Comment:
** Comment:
# nquan = 27
# nvalues = 20                          
# units = specified
# name 0 = scan: Scan Count
# name 1 = timeJ: Julian Days
# name 2 = timeH: Time, Elapsed [hours]
# name 3 = timeM: Time, Elapsed [minutes]
# name 4 = timeS: Time, Elapsed [seconds]
# name 5 = prdM: Pressure, Strain Gauge [db]
# name 6 = specc: Specific Conductance [uS/cm]
# name 7 = sal00: Salinity, Practical [PSU]
# name 8 = tv290C: Temperature [ITS-90, deg C]
# name 9 = depSM: Depth [salt water, m], lat = 59.00
# name 10 = potemp090C: Potential Temperature [ITS-90, deg C]
# name 11 = sigma-é00: Density [sigma-theta, kg/m^3]
# name 12 = sbeox0ML/L: Oxygen, SBE 43 [ml/l]
# name 13 = sbeox0Mg/L: Oxygen, SBE 43 [mg/l]
# name 14 = sbeox0PS: Oxygen, SBE 43 [% saturation]
# name 15 = sbox0Mm/Kg: Oxygen, SBE 43 [umol/kg]
# name 16 = sbeox0Mm/L: Oxygen, SBE 43 [umol/l]
# name 17 = sbox0dV/dT: Oxygen, SBE 43 [dov/dt]
# name 18 = oxsolML/L: Oxygen Saturation, Garcia & Gordon [ml/l]
# name 19 = oxsolMg/L: Oxygen Saturation, Garcia & Gordon [mg/l]
# name 20 = oxsolMm/Kg: Oxygen Saturation, Garcia & Gordon [umol/kg]
# name 21 = n2satMg/L: Nitrogen Saturation [mg/l]
# name 22 = par: PAR/Irradiance, Biospherical/Licor
# name 23 = wetStar: Fluorescence, WET Labs WETstar [mg/m^3]
# name 24 = CStarAt0: Beam Attenuation, WET Labs C-Star [1/m]
# name 25 = CStarTr0: Beam Transmission, WET Labs C-Star [%]
# name 26 = flag: flag
# span 0 =        177,        375       
# span 1 = 206.587755, 206.588327       
# span 2 =    0.01223,    0.02596       
# span 3 =     0.7335,     1.5578       
# span 4 =     44.013,     93.471       
# span 5 =      1.006,     20.186       
# span 6 =  47136.855,  48305.115       
# span 7 =    30.1043,    30.8273       
# span 8 =    11.5187,    12.4892       
# span 9 =      1.000,     20.000       
# span 10 =    11.5158,    12.4783      
# span 11 =    22.7001,    23.4378      
# span 12 =     6.0139,     6.6099      
# span 13 =     8.5945,     9.4463      
# span 14 =     97.354,    106.880      
# span 15 =    262.619,    288.622      
# span 16 =    268.582,    295.199      
# span 17 =   -0.01674,    0.01892      
# span 18 =    6.17720,    6.27656      
# span 19 =    8.82783,    8.96983      
# span 20 =  269.75190,  273.89172      
# span 21 =   14.03906,   14.23464      
# span 22 = 2.7665e+01, 7.9796e+02      
# span 23 =     0.3281,     1.2162      
# span 24 =     0.4410,     3.0317      
# span 25 =    62.7590,    89.5023      
# span 26 = 0.0000e+00, 0.0000e+00      
# interval = meters: 1                  
# start_time = Jul 25 2019 14:05:38 [Instrument's time stamp, header]
# bad_flag = -9.990e-29
*END*
        177 206.587755    0.01223     0.7335     44.013      1.006  47136.855    30.1043    12.4892      1.000    12.4783    22.7001     6.0139     8.5945     97.354    262.619    268.582    0.01892    6.17720    8.82783  269.75190   14.03906 7.7981e+02     0.3700     3.0317    62.7590 0.0000e+00
        287 206.588072    0.01984     1.1906     71.437      2.018  47286.448    30.1998    12.4035      2.000    12.2669    22.7898     6.6099     9.4463    106.880    288.622    295.199    0.01720    6.18450    8.83827  270.04536   14.05275 7.9796e+02     0.3281     0.4410    88.9166 0.0000e+00
        289 206.588080    0.02002     1.2014     72.082      3.028  47734.427    30.4803    12.0182      3.000    11.8699    23.0781     6.5303     9.3324    104.923    285.065    291.643   -0.00074    6.22397    8.89468  271.69249   14.13061 6.0787e+02     0.3514     0.4803    88.6865 0.0000e+00
        294 206.588094    0.02036     1.2217     73.302      4.037  48080.252    30.7008    11.7730      4.000    11.7496    23.2936     6.4285     9.1871    102.895    280.564    287.099   -0.01548    6.24768    8.92856  272.67006   14.17660 4.4997e+02     0.3887     0.4654    89.0164 0.0000e+00
        299 206.588108    0.02069     1.2414     74.485      5.046  48128.284    30.7297    11.7279      5.000    11.7000    23.3243     6.3748     9.1102    101.955    278.209    284.698   -0.01674    6.25254    8.93551  272.87392   14.18625 3.6332e+02     0.4815     0.4692    88.9316 0.0000e+00
        304 206.588122    0.02103     1.2620     75.718      6.058  48186.555    30.7645    11.6679      6.000    11.6603    23.3620     6.3315     9.0484    101.157    276.312    282.767   -0.01658    6.25914    8.94493  273.15175   14.19943 2.8395e+02     0.5364     0.4737    88.8315 0.0000e+00
        309 206.588136    0.02136     1.2818     76.906      7.065  48193.787    30.7682    11.6578      7.000    11.6505    23.3667     6.3348     9.0531    101.190    276.453    282.912   -0.01108    6.26033    8.94664  273.20270   14.20185 2.2944e+02     0.6209     0.4701    88.9123 0.0000e+00
        314 206.588150    0.02171     1.3021     78.128      8.078  48202.953    30.7722    11.6378      8.000    11.6259    23.3734     6.3520     9.0776    101.424    277.201    283.681   -0.00550    6.26283    8.95022  273.30994   14.20698 1.8728e+02     0.6110     0.4644    89.0399 0.0000e+00
        318 206.588163    0.02202     1.3217     79.299      9.082  48223.622    30.7839    11.6135      9.000    11.6074    23.3869     6.3628     9.0930    101.550    277.666    284.160   -0.00285    6.26563    8.95420  273.42811   14.21259 1.5472e+02     0.7666     0.4703    88.9085 0.0000e+00
        324 206.588178    0.02240     1.3438     80.627     10.102  48231.013    30.7882    11.6074     10.000    11.6057    23.3913     6.3677     9.1001    101.620    277.884    284.384   -0.00137    6.26625    8.95510  273.45429   14.21383 1.3253e+02     0.9434     0.4637    89.0560 0.0000e+00
        328 206.588191    0.02270     1.3618     81.710     11.096  48230.063    30.7863    11.6002     11.000    11.5883    23.3912     6.3749     9.1104    101.717    278.197    284.704   -0.00045    6.26729    8.95659  273.49971   14.21601 1.1404e+02     0.9030     0.4656    89.0109 0.0000e+00
        334 206.588209    0.02312     1.3871     83.225     12.123  48255.862    30.8013    11.5716     12.000    11.5669    23.4079     6.3887     9.1301    101.885    278.793    285.320    0.00084    6.27052    8.96120  273.63616   14.22250 9.9205e+01     0.9433     0.4553    89.2418 0.0000e+00
        339 206.588222    0.02344     1.4063     84.380     13.118  48261.043    30.8042    11.5683     13.000    11.5668    23.4108     6.3877     9.1287    101.863    278.748    285.274    0.00024    6.27084    8.96166  273.64947   14.22312 8.4335e+01     1.0514     0.4594    89.1509 0.0000e+00
        344 206.588237    0.02380     1.4280     85.679     14.135  48258.891    30.8026    11.5717     14.000    11.5699    23.4090     6.3980     9.1434    102.034    279.198    285.734    0.00115    6.27046    8.96111  273.63307   14.22234 7.2844e+01     1.1478     0.4570    89.2030 0.0000e+00
        349 206.588252    0.02416     1.4492     86.951     15.140  48261.323    30.8032    11.5642     15.000    11.5572    23.4107     6.4013     9.1480    102.070    279.340    285.880    0.00105    6.27144    8.96252  273.67557   14.22437 5.9211e+01     1.1781     0.4585    89.1706 0.0000e+00
        355 206.588268    0.02455     1.4731     88.386     16.153  48274.944    30.8107    11.5481     16.000    11.5388    23.4195     6.4009     9.1475    102.034    279.321    285.862    0.00025    6.27329    8.96515  273.75374   14.22809 5.1486e+01     1.2162     0.4465    89.4375 0.0000e+00
        360 206.588284    0.02493     1.4957     89.741     17.163  48291.312    30.8203    11.5328     17.000    11.5302    23.4297     6.3996     9.1457    101.987    279.264    285.807   -0.00040    6.27495    8.96753  273.82385   14.23141 4.4420e+01     1.1826     0.4474    89.4170 0.0000e+00
        365 206.588298    0.02527     1.5160     90.960     18.173  48291.168    30.8197    11.5321     18.000    11.5271    23.4295     6.4090     9.1590    102.134    279.673    286.225    0.00074    6.27507    8.96769  273.82874   14.23165 3.7385e+01     1.1747     0.4471    89.4232 0.0000e+00
        369 206.588310    0.02556     1.5339     92.032     19.175  48297.120    30.8228    11.5247     19.000    11.5187    23.4331     6.4117     9.1629    102.162    279.787    286.343    0.00061    6.27594    8.96894  273.86589   14.23342 3.1988e+01     1.1058     0.4495    89.3705 0.0000e+00
        375 206.588327    0.02596     1.5578     93.471     20.186  48305.115    30.8273    11.5187     20.000    11.5158    23.4378     6.4138     9.1659    102.186    279.879    286.439    0.00043    6.27656    8.96983  273.89172   14.23464 2.7665e+01     1.1221     0.4436    89.5023 0.0000e+00
