CTD-processing/allCTD/CNV/2019_05-14_alongbay_skb04_cast195_4141.cnv
* Sea-Bird SBE19plus Data File:
* FileName = C:\Users\jwschloemer\Documents\CTD Data\2019_05-14_AlongBay_T4_T9_T3\2019_15-14_AlongBay_SKB01_Cast195.hex
* Software Version 1.59
* Temperature SN =  4141
* Conductivity SN =  4141
* System UpLoad Time = May 15 2019 17:09:10
** Cook Inlet LTM Transect Along Bay
** Date: 2019_05_14
** Station:04
** Start Time (AKST):14:49
** Depth (m):155
** Comment:
# nquan = 27
# nvalues = 150                         
# units = specified
# name 0 = scan: Scan Count
# name 1 = timeJ: Julian Days
# name 2 = timeH: Time, Elapsed [hours]
# name 3 = timeM: Time, Elapsed [minutes]
# name 4 = timeS: Time, Elapsed [seconds]
# name 5 = prdM: Pressure, Strain Gauge [db]
# name 6 = specc: Specific Conductance [uS/cm]
# name 7 = sal00: Salinity, Practical [PSU]
# name 8 = tv290C: Temperature [ITS-90, deg C]
# name 9 = depSM: Depth [salt water, m], lat = 59.00
# name 10 = potemp090C: Potential Temperature [ITS-90, deg C]
# name 11 = sigma-é00: Density [sigma-theta, kg/m^3]
# name 12 = sbeox0ML/L: Oxygen, SBE 43 [ml/l]
# name 13 = sbeox0Mg/L: Oxygen, SBE 43 [mg/l]
# name 14 = sbeox0PS: Oxygen, SBE 43 [% saturation]
# name 15 = sbox0Mm/Kg: Oxygen, SBE 43 [umol/kg]
# name 16 = sbeox0Mm/L: Oxygen, SBE 43 [umol/l]
# name 17 = sbox0dV/dT: Oxygen, SBE 43 [dov/dt]
# name 18 = oxsolML/L: Oxygen Saturation, Garcia & Gordon [ml/l]
# name 19 = oxsolMg/L: Oxygen Saturation, Garcia & Gordon [mg/l]
# name 20 = oxsolMm/Kg: Oxygen Saturation, Garcia & Gordon [umol/kg]
# name 21 = n2satMg/L: Nitrogen Saturation [mg/l]
# name 22 = par: PAR/Irradiance, Biospherical/Licor
# name 23 = wetStar: Fluorescence, WET Labs WETstar [mg/m^3]
# name 24 = CStarAt0: Beam Attenuation, WET Labs C-Star [1/m]
# name 25 = CStarTr0: Beam Transmission, WET Labs C-Star [%]
# name 26 = flag: flag
# span 0 =        275,       1024       
# span 1 = 134.618282, 134.620448       
# span 2 =    0.01906,    0.07101       
# span 3 =     1.1432,     4.2610       
# span 4 =     68.594,    255.659       
# span 5 =      1.017,    151.460       
# span 6 =  48733.208,  51055.098       
# span 7 =    30.6881,    31.9394       
# span 8 =     6.3032,     8.0078       
# span 9 =      1.000,    150.000       
# span 10 =     6.2908,     7.8386      
# span 11 =    23.8884,    25.0994      
# span 12 =     6.5269,     9.5089      
# span 13 =     9.3276,    13.5892      
# span 14 =     93.233,    137.816      
# span 15 =    284.353,    414.507      
# span 16 =    291.490,    424.668      
# span 17 =   -0.06705,    0.01899      
# span 18 =    6.78664,    7.00066      
# span 19 =    9.69878,   10.00465      
# span 20 =  296.01985,  304.99476      
# span 21 =   15.29343,   15.71642      
# span 22 = 4.1169e-02, 6.9655e+02      
# span 23 =     0.3036,    20.7920      
# span 24 =     0.3190,     2.6709      
# span 25 =    51.3114,    92.3341      
# span 26 = 0.0000e+00, 0.0000e+00      
# interval = meters: 1                  
# start_time = May 14 2019 14:49:11 [Instrument's time stamp, header]
# bad_flag = -9.990e-29
*END*
[from data line 54]
        539 134.619044    0.03734     2.2405    134.429     55.540  50816.386    31.8638     6.5385     55.000     6.5346    25.0093     6.9005     9.8616     99.063    300.660    308.180    0.00391    6.96584    9.95488  303.50404   15.64565 4.4464e-02     0.6970     0.3190    92.3341 0.0000e+00
        543 134.619056    0.03762     2.2573    135.440     56.529  50817.534    31.8643     6.5396     56.000     6.5352    25.0096     6.9273     9.8998     99.449    301.825    309.373    0.00509    6.96564    9.95460  303.49533   15.64523 4.4172e-02     0.8339     0.3230    92.2407 0.0000e+00
        548 134.619072    0.03800     2.2800    136.799     57.550  50818.330    31.8646     6.5406     57.000     6.5358    25.0097     6.9671     9.9567    100.024    303.560    311.152    0.00660    6.96547    9.95434  303.48748   15.64486 4.3667e-02     0.7317     0.3289    92.1078 0.0000e+00
        553 134.619086    0.03832     2.2996    137.976     58.555  50820.660    31.8658     6.5408     58.000     6.5365    25.0106     6.9831     9.9796    100.254    304.256    311.865    0.00603    6.96537    9.95421  303.48317   15.64465 4.3470e-02     0.7348     0.3242    92.2151 0.0000e+00
        558 134.619099    0.03865     2.3188    139.128     59.561  50820.882    31.8658     6.5425     59.000     6.5379    25.0104     6.9821     9.9781    100.244    304.211    311.819    0.00423    6.96509    9.95382  303.47123   15.64408 4.3104e-02     0.8735     0.3423    91.7992 0.0000e+00
        563 134.619116    0.03905     2.3431    140.586     60.586  50820.762    31.8654     6.5434     60.000     6.5381    25.0100     6.9835     9.9801    100.266    304.273    311.883    0.00274    6.96497    9.95364  303.46598   15.64383 4.2746e-02     1.0541     0.3430    91.7819 0.0000e+00
        567 134.619127    0.03933     2.3596    141.578     61.576  50822.483    31.8660     6.5427     61.000     6.5365    25.0106     6.9859     9.9836    100.300    304.380    311.992    0.00221    6.96505    9.95375  303.46913   15.64397 4.2746e-02     1.0149     0.3599    91.3945 0.0000e+00
        573 134.619143    0.03971     2.3826    142.956     62.599  50825.186    31.8666     6.5389     62.000     6.5311    25.0116     6.9879     9.9863    100.319    304.461    312.077    0.00149    6.96563    9.95459  303.49422   15.64517 4.2381e-02     1.0983     0.3798    90.9417 0.0000e+00
        577 134.619156    0.04003     2.4020    144.121     63.602  50828.022    31.8668     6.5314     63.000     6.5221    25.0126     6.9766     9.9702    100.139    303.969    311.573    0.00002    6.96685    9.95632  303.54703   15.64769 4.2342e-02     1.1011     0.3793    90.9527 0.0000e+00
        582 134.619170    0.04036     2.4216    145.294     64.613  50835.693    31.8703     6.5242     64.000     6.5174    25.0163     6.9690     9.9594    100.016    303.640    311.236   -0.00086    6.96786    9.95777  303.58986   15.64972 4.2005e-02     0.9805     0.3926    90.6509 0.0000e+00
        587 134.619185    0.04071     2.4425    146.549     65.624  50835.521    31.8687     6.5194     65.000     6.5113    25.0157     6.9532     9.9367     99.777    302.949    310.528   -0.00195    6.96870    9.95897  303.62676   15.65148 4.1912e-02     1.2286     0.4003    90.4765 0.0000e+00
        592 134.619199    0.04104     2.4628    147.768     66.636  50840.157    31.8707     6.5155     66.000     6.5084    25.0178     6.9351     9.9110     99.511    302.162    309.722   -0.00304    6.96924    9.95974  303.64970   15.65257 4.1772e-02     1.0413     0.4076    90.3110 0.0000e+00
        597 134.619212    0.04137     2.4819    148.915     67.636  50834.284    31.8646     6.5070     67.000     6.4950    25.0141     6.9252     9.8969     99.345    301.735    309.282   -0.00319    6.97091    9.96213  303.72342   15.65611 4.1780e-02     1.0802     0.4124    90.2042 0.0000e+00
        602 134.619229    0.04177     2.5058    150.350     68.665  50847.054    31.8703     6.4923     68.000     6.4840    25.0204     6.9131     9.8796     99.141    301.205    308.741   -0.00333    6.97303    9.96515  303.81375   15.66039 4.1448e-02     1.0958     0.4299    89.8089 0.0000e+00
        606 134.619240    0.04204     2.5227    151.363     69.654  50852.075    31.8723     6.4873     69.000     6.4795    25.0226     6.9008     9.8620     98.954    300.667    308.190   -0.00357    6.97374    9.96617  303.84415   15.66183 4.1564e-02     1.0346     0.4345    89.7079 0.0000e+00
        612 134.619255    0.04240     2.5442    152.654     70.679  50856.443    31.8741     6.4832     70.000     6.4752    25.0246     6.8841     9.8382     98.707    299.942    307.448   -0.00403    6.97433    9.96702  303.86942   15.66303 4.1375e-02     0.7558     0.4327    89.7477 0.0000e+00
        617 134.619270    0.04275     2.5651    153.904     71.681  50857.812    31.8729     6.4746     71.000     6.4646    25.0247     6.8759     9.8264     98.568    299.582    307.079   -0.00364    6.97579    9.96910  303.93283   15.66606 4.1343e-02     0.8054     0.4318    89.7679 0.0000e+00
        622 134.619284    0.04310     2.5860    155.158     72.692  50862.767    31.8743     6.4659     72.000     6.4570    25.0269     6.8642     9.8096     98.382    299.071    306.555   -0.00360    6.97713    9.97101  303.99060   15.66881 4.1370e-02     0.8595     0.4546    89.2574 0.0000e+00
        626 134.619298    0.04343     2.6059    156.357     73.702  50868.269    31.8767     6.4610     73.000     6.4541    25.0294     6.8480     9.7864     98.139    298.362    305.830   -0.00405    6.97782    9.97200  304.02002   15.67020 4.1341e-02     0.7587     0.4587    89.1648 0.0000e+00
        632 134.619313    0.04380     2.6277    157.663     74.712  50873.161    31.8796     6.4611     74.000     6.4557    25.0317     6.8450     9.7821     98.098    298.231    305.696   -0.00305    6.97766    9.97177  304.01246   15.66982 4.1302e-02     0.9311     0.4783    88.7292 0.0000e+00
        637 134.619328    0.04414     2.6482    158.889     75.721  50871.878    31.8786     6.4627     75.000     6.4562    25.0307     6.8421     9.7781     98.060    298.106    305.567   -0.00245    6.97746    9.97148  304.00363   15.66942 4.1221e-02     0.9784     0.4818    88.6514 0.0000e+00
        641 134.619341    0.04446     2.6678    160.066     76.730  50871.239    31.8774     6.4616     76.000     6.4544    25.0300     6.8431     9.7796     98.072    298.153    305.616   -0.00173    6.97768    9.97180  304.01365   15.66989 4.1259e-02     0.8659     0.4762    88.7764 0.0000e+00
        646 134.619356    0.04482     2.6892    161.353     77.743  50873.936    31.8785     6.4599     77.000     6.4529    25.0311     6.8427     9.7789     98.062    298.132    305.594   -0.00129    6.97791    9.97214  304.02364   15.67037 4.1174e-02     0.9241     0.4743    88.8193 0.0000e+00
        652 134.619371    0.04518     2.7108    162.650     78.750  50874.607    31.8782     6.4583     78.000     6.4508    25.0310     6.8362     9.7696     97.965    297.849    305.304   -0.00151    6.97818    9.97252  304.03512   15.67091 4.1216e-02     0.8936     0.4667    88.9882 0.0000e+00
        656 134.619385    0.04552     2.7312    163.874     79.762  50877.429    31.8793     6.4564     79.000     6.4494    25.0321     6.8378     9.7719     97.984    297.917    305.375   -0.00106    6.97844    9.97288  304.04609   15.67143 4.1262e-02     0.9950     0.4900    88.4715 0.0000e+00
        661 134.619399    0.04586     2.7518    165.106     80.772  50878.522    31.8795     6.4560     80.000     6.4491    25.0324     6.8257     9.7546     97.811    297.393    304.837   -0.00169    6.97850    9.97298  304.04898   15.67157 4.1219e-02     1.0297     0.4841    88.6019 0.0000e+00
        667 134.619414    0.04622     2.7730    166.378     81.777  50879.315    31.8796     6.4560     81.000     6.4492    25.0325     6.8288     9.7590     97.855    297.527    304.974   -0.00112    6.97849    9.97297  304.04860   15.67155 4.1260e-02     0.8856     0.4841    88.6008 0.0000e+00
        672 134.619429    0.04658     2.7949    167.695     82.797  50878.878    31.8788     6.4557     82.000     6.4476    25.0318     6.8317     9.7632     97.896    297.654    305.105   -0.00032    6.97858    9.97309  304.05243   15.67174 4.1238e-02     0.9377     0.4810    88.6697 0.0000e+00
        677 134.619443    0.04691     2.8146    168.876     83.795  50880.663    31.8790     6.4526     83.000     6.4437    25.0324     6.8270     9.7564     97.820    297.447    304.892   -0.00092    6.97907    9.97379  304.07370   15.67275 4.1332e-02     1.1406     0.4918    88.4303 0.0000e+00
        682 134.619459    0.04729     2.8375    170.252     84.812  50875.027    31.8729     6.4441     84.000     6.4276    25.0287     6.8258     9.7547     97.781    297.397    304.840   -0.00096    6.98073    9.97617  304.14727   15.67628 4.1277e-02     1.1335     0.5023    88.1979 0.0000e+00
        687 134.619474    0.04766     2.8594    171.562     85.823  50886.686    31.8753     6.4160     85.000     6.4004    25.0340     6.8136     9.7373     97.543    296.863    304.295   -0.00188    6.98521    9.98257  304.34050   15.68548 4.1169e-02     0.8620     0.4999    88.2519 0.0000e+00
        692 134.619488    0.04799     2.8793    172.760     86.826  50897.321    31.8788     6.3987     86.000     6.3840    25.0391     6.7949     9.7107     97.240    296.050    303.464   -0.00319    6.98785    9.98634  304.45432   15.69090 4.1347e-02     0.8696     0.4893    88.4872 0.0000e+00
        697 134.619503    0.04834     2.9007    174.044     87.842  50912.820    31.8852     6.3778     87.000     6.3651    25.0466     6.7729     9.6792     96.881    295.087    302.477   -0.00428    6.99096    9.99078  304.58729   15.69721 4.1305e-02     0.6562     0.4937    88.3899 0.0000e+00
        702 134.619518    0.04870     2.9223    175.339     88.848  50924.149    31.8912     6.3710     88.000     6.3629    25.0523     6.7406     9.6330     96.407    293.678    301.035   -0.00570    6.99179    9.99198  304.62221   15.69885 4.1366e-02     0.7432     0.4967    88.3224 0.0000e+00
        708 134.619533    0.04908     2.9449    176.694     89.864  50925.564    31.8915     6.3696     89.000     6.3620    25.0527     6.7251     9.6108     96.182    293.001    300.341   -0.00516    6.99201    9.99228  304.63143   15.69929 4.1287e-02     0.6408     0.5023    88.2008 0.0000e+00
        712 134.619547    0.04939     2.9633    177.796     90.864  50926.516    31.8916     6.3694     90.000     6.3617    25.0528     6.7182     9.6010     96.083    292.701    300.034   -0.00442    6.99204    9.99233  304.63263   15.69934 4.1462e-02     0.7247     0.5009    88.2302 0.0000e+00
        718 134.619562    0.04977     2.9862    179.173     91.881  50928.353    31.8924     6.3695     91.000     6.3619    25.0535     6.7225     9.6071     96.145    292.888    300.227   -0.00274    6.99200    9.99227  304.63058   15.69924 4.1298e-02     0.5635     0.4932    88.3989 0.0000e+00
        723 134.619577    0.05013     3.0075    180.452     92.896  50930.858    31.8938     6.3699     92.000     6.3633    25.0545     6.7306     9.6186     96.262    293.238    300.585   -0.00117    6.99186    9.99206  304.62413   15.69893 4.1337e-02     0.7625     0.4939    88.3847 0.0000e+00
        727 134.619589    0.05042     3.0249    181.494     93.892  50931.224    31.8940     6.3722     93.000     6.3650    25.0544     6.7271     9.6137     96.218    293.089    300.432   -0.00121    6.99147    9.99151  304.60729   15.69813 4.1492e-02     0.8353     0.4962    88.3322 0.0000e+00
        733 134.619607    0.05083     3.0502    183.015     94.918  50930.291    31.8931     6.3734     94.000     6.3651    25.0535     6.7265     9.6129     96.212    293.064    300.406   -0.00086    6.99132    9.99130  304.60111   15.69784 4.1397e-02     0.5149     0.5001    88.2479 0.0000e+00
        737 134.619619    0.05114     3.0686    184.115     95.915  50932.985    31.8944     6.3729     95.000     6.3654    25.0546     6.7289     9.6163     96.247    293.169    300.514   -0.00054    6.99135    9.99133  304.60178   15.69786 4.1504e-02     0.5712     0.4994    88.2628 0.0000e+00
        743 134.619635    0.05151     3.0905    185.431     96.928  50936.790    31.8970     6.3750     96.000     6.3676    25.0563     6.7253     9.6111     96.201    293.009    300.350   -0.00063    6.99089    9.99069  304.58160   15.69689 4.1455e-02     0.6364     0.4999    88.2527 0.0000e+00
        748 134.619650    0.05189     3.1132    186.791     97.944  50939.681    31.8984     6.3749     97.000     6.3645    25.0576     6.7198     9.6032     96.122    292.768    300.104   -0.00100    6.99084    9.99061  304.57883   15.69675 4.1426e-02     0.6286     0.5034    88.1745 0.0000e+00
        753 134.619663    0.05219     3.1314    187.886     98.941  50945.990    31.9012     6.3690     98.000     6.3572    25.0605     6.7239     9.6092     96.170    292.949    300.290   -0.00053    6.99167    9.99179  304.61418   15.69843 4.1616e-02     0.5344     0.4929    88.4057 0.0000e+00
        759 134.619681    0.05261     3.1563    189.378     99.965  50957.253    31.9068     6.3600     99.000     6.3505    25.0661     6.7131     9.5937     95.999    292.475    299.806   -0.00129    6.99287    9.99351  304.66484   15.70082 4.1488e-02     0.5510     0.4896    88.4788 0.0000e+00
        763 134.619693    0.05293     3.1754    190.522    100.968  50960.484    31.9082     6.3581    100.000     6.3491    25.0674     6.7077     9.5859     95.918    292.239    299.566   -0.00153    6.99313    9.99388  304.67566   15.70133 4.1551e-02     0.4953     0.4803    88.6867 0.0000e+00
        768 134.619708    0.05327     3.1964    191.787    101.976  50962.028    31.9086     6.3568    101.000     6.3478    25.0679     6.7060     9.5835     95.892    292.166    299.490   -0.00125    6.99332    9.99415  304.68377   15.70171 4.1540e-02     0.4921     0.4797    88.6994 0.0000e+00
        774 134.619724    0.05367     3.2202    193.213    102.998  50963.877    31.9092     6.3558    102.000     6.3470    25.0685     6.6991     9.5737     95.791    291.867    299.183   -0.00151    6.99346    9.99434  304.68956   15.70198 4.1602e-02     0.3859     0.4913    88.4412 0.0000e+00
        778 134.619737    0.05397     3.2382    194.292    103.991  50963.408    31.9082     6.3545    103.000     6.3448    25.0678     6.6986     9.5730     95.780    291.843    299.159   -0.00123    6.99371    9.99470  304.70075   15.70252 4.1660e-02     0.3616     0.4998    88.2528 0.0000e+00
        784 134.619755    0.05439     3.2634    195.802    105.014  50963.547    31.9070     6.3506    104.000     6.3390    25.0675     6.6955     9.5685     95.726    291.707    299.019   -0.00109    6.99439    9.99568  304.73066   15.70396 4.1622e-02     0.4675     0.5086    88.0609 0.0000e+00
        789 134.619768    0.05472     3.2831    196.985    106.018  50967.477    31.9077     6.3425    105.000     6.3298    25.0690     6.6942     9.5666     95.690    291.650    298.961   -0.00111    6.99569    9.99755  304.78701   15.70664 4.1615e-02     0.4054     0.5416    87.3368 0.0000e+00
        794 134.619782    0.05506     3.3033    198.198    107.023  50977.198    31.9125     6.3346    106.000     6.3238    25.0737     6.6849     9.5534     95.542    291.244    298.547   -0.00156    6.99676    9.99908  304.83231   15.70878 4.1740e-02     0.3740     0.5960    86.1589 0.0000e+00
        800 134.619799    0.05546     3.3274    199.644    108.045  50982.695    31.9148     6.3299    107.000     6.3179    25.0762     6.6638     9.5232     95.232    290.325    297.605   -0.00289    6.99743   10.00003  304.86042   15.71011 4.1625e-02     0.3996     0.6237    85.5624 0.0000e+00
