CTD-processing/allCTD/CNV/2019_12-12_t9_10_cast021_4141.cnv
* Sea-Bird SBE19plus Data File:
* FileName = C:\Users\Chris\Desktop\EVOSTC GWA LTM\CTD Data\2019_12-12_T9\2019_12-12_T9_0_Cast021.hex
* Software Version 1.59
* Temperature SN =  4141
* Conductivity SN =  4141
* System UpLoad Time = Dec 13 2019 14:05:17
** Cook Inlet LTM T9
** Date: 2019_12-12
** Station:10
** Start Time: (AKST):15:33
** Depth (m):67
** Comment:
** Comment:
# nquan = 27
# nvalues = 62                          
# units = specified
# name 0 = scan: Scan Count
# name 1 = timeJ: Julian Days
# name 2 = timeH: Time, Elapsed [hours]
# name 3 = timeM: Time, Elapsed [minutes]
# name 4 = timeS: Time, Elapsed [seconds]
# name 5 = prdM: Pressure, Strain Gauge [db]
# name 6 = specc: Specific Conductance [uS/cm]
# name 7 = sal00: Salinity, Practical [PSU]
# name 8 = tv290C: Temperature [ITS-90, deg C]
# name 9 = depSM: Depth [salt water, m], lat = 59.00
# name 10 = potemp090C: Potential Temperature [ITS-90, deg C]
# name 11 = sigma-é00: Density [sigma-theta, kg/m^3]
# name 12 = sbeox0ML/L: Oxygen, SBE 43 [ml/l]
# name 13 = sbeox0Mg/L: Oxygen, SBE 43 [mg/l]
# name 14 = sbeox0PS: Oxygen, SBE 43 [% saturation]
# name 15 = sbox0Mm/Kg: Oxygen, SBE 43 [umol/kg]
# name 16 = sbeox0Mm/L: Oxygen, SBE 43 [umol/l]
# name 17 = sbox0dV/dT: Oxygen, SBE 43 [dov/dt]
# name 18 = oxsolML/L: Oxygen Saturation, Garcia & Gordon [ml/l]
# name 19 = oxsolMg/L: Oxygen Saturation, Garcia & Gordon [mg/l]
# name 20 = oxsolMm/Kg: Oxygen Saturation, Garcia & Gordon [umol/kg]
# name 21 = n2satMg/L: Nitrogen Saturation [mg/l]
# name 22 = par: PAR/Irradiance, Biospherical/Licor
# name 23 = wetStar: Fluorescence, WET Labs WETstar [mg/m^3]
# name 24 = CStarAt0: Beam Attenuation, WET Labs C-Star [1/m]
# name 25 = CStarTr0: Beam Transmission, WET Labs C-Star [%]
# name 26 = flag: flag
# span 0 =        253,        523       
# span 1 = 346.648495, 346.649276       
# span 2 =    0.01749,    0.03623       
# span 3 =     1.0495,     2.1740       
# span 4 =     62.971,    130.439       
# span 5 =      1.024,     62.591       
# span 6 =  47957.319,  49829.594       
# span 7 =    29.9495,    31.3371       
# span 8 =     6.7601,     7.5012       
# span 9 =      1.000,     62.000       
# span 10 =     6.7602,     7.4978      
# span 11 =    23.4728,    24.4740      
# span 12 =     5.9501,     6.5622      
# span 13 =     8.5033,     9.3780      
# span 14 =     86.956,     93.519      
# span 15 =    259.385,    286.339      
# span 16 =    265.733,    293.066      
# span 17 =   -0.00755,    0.08596      
# span 18 =    6.83831,    7.01760      
# span 19 =    9.77262,   10.02885      
# span 20 =  298.11410,  306.21831      
# span 21 =   15.39088,   15.78290      
# span 22 = 3.8577e-02, 6.3949e+00      
# span 23 =     0.2651,     0.3546      
# span 24 =     1.1199,     1.9904      
# span 25 =    60.7998,    75.5827      
# span 26 = 0.0000e+00, 0.0000e+00      
# interval = meters: 1                  
# start_time = Dec 12 2019 15:32:47 [Instrument's time stamp, header]
# bad_flag = -9.990e-29
*END*
[from data line 54]
        493 346.649189    0.03414     2.0479    122.876     55.518  49813.726    31.3305     7.4685     55.000     7.4631    24.4677     5.9575     8.5139     87.074    259.708    266.062   -0.00065    6.84189    9.77775  298.26113   15.39776 3.8749e-02     0.2664     1.2481    73.1971 0.0000e+00
        497 346.649202    0.03447     2.0681    124.084     56.541  49817.082    31.3322     7.4676     56.000     7.4622    24.4692     5.9594     8.5165     87.100    259.789    266.146   -0.00029    6.84197    9.77786  298.26407   15.39789 3.8729e-02     0.2670     1.2037    74.0142 0.0000e+00
        502 346.649215    0.03477     2.0863    125.179     57.546  49816.421    31.3313     7.4673     57.000     7.4619    24.4686     5.9548     8.5100     87.032    259.587    265.939   -0.00071    6.84204    9.77797  298.26754   15.39806 3.8718e-02     0.2662     1.1867    74.3285 0.0000e+00
        506 346.649227    0.03507     2.1041    126.249     58.561  49819.344    31.3328     7.4668     58.000     7.4608    24.4698     5.9534     8.5080     87.012    259.529    265.880   -0.00067    6.84206    9.77799  298.26790   15.39807 3.8684e-02     0.2691     1.1986    74.1087 0.0000e+00
        510 346.649239    0.03534     2.1205    127.231     59.559  49822.351    31.3343     7.4658     59.000     7.4603    24.4711     5.9548     8.5101     87.032    259.592    265.944   -0.00051    6.84214    9.77810  298.27102   15.39821 3.8753e-02     0.2711     1.2398    73.3481 0.0000e+00
        515 346.649253    0.03568     2.1410    128.461     60.587  49821.939    31.3335     7.4656     60.000     7.4592    24.4705     5.9550     8.5102     87.033    259.595    265.948   -0.00032    6.84221    9.77820  298.27415   15.39837 3.8674e-02     0.2709     1.1789    74.4732 0.0000e+00
        518 346.649263    0.03592     2.1553    129.319     61.577  49825.124    31.3348     7.4635     61.000     7.4566    24.4719     5.9517     8.5056     86.982    259.455    265.804   -0.00067    6.84248    9.77859  298.28554   15.39891 3.8755e-02     0.2666     1.2704    72.7916 0.0000e+00
        523 346.649276    0.03623     2.1740    130.439     62.591  49829.594    31.3371     7.4612     62.000     7.4555    24.4740     5.9501     8.5033     86.956    259.385    265.733   -0.00073    6.84273    9.77895  298.29583   15.39939 3.8700e-02     0.2702     1.2858    72.5105 0.0000e+00
