CTD-processing/allCTD/CNV/2019_04-24_alongbay_s07_cast126_4141.cnv
* Sea-Bird SBE19plus Data File:
* FileName = C:\Users\kbnerr\Documents\SeaBird Files\04_24_2019_AlongBay\04_24_2019_AlongBay_STATION_cast126.hex
* Software Version 1.59
* Temperature SN =  4141
* Conductivity SN =  4141
* System UpLoad Time = Apr 29 2019 11:41:57
** Kachemak Bay - Along Bay
** 04_24_2019
** Station07
** N'
** W'
** Start Time
** Depth145
# nquan = 27
# nvalues = 140                         
# units = specified
# name 0 = scan: Scan Count
# name 1 = timeJ: Julian Days
# name 2 = timeH: Time, Elapsed [hours]
# name 3 = timeM: Time, Elapsed [minutes]
# name 4 = timeS: Time, Elapsed [seconds]
# name 5 = prdM: Pressure, Strain Gauge [db]
# name 6 = specc: Specific Conductance [uS/cm]
# name 7 = sal00: Salinity, Practical [PSU]
# name 8 = tv290C: Temperature [ITS-90, deg C]
# name 9 = depSM: Depth [salt water, m], lat = 59.00
# name 10 = potemp090C: Potential Temperature [ITS-90, deg C]
# name 11 = sigma-é00: Density [sigma-theta, kg/m^3]
# name 12 = sbeox0ML/L: Oxygen, SBE 43 [ml/l]
# name 13 = sbeox0Mg/L: Oxygen, SBE 43 [mg/l]
# name 14 = sbeox0PS: Oxygen, SBE 43 [% saturation]
# name 15 = sbox0Mm/Kg: Oxygen, SBE 43 [umol/kg]
# name 16 = sbeox0Mm/L: Oxygen, SBE 43 [umol/l]
# name 17 = sbox0dV/dT: Oxygen, SBE 43 [dov/dt]
# name 18 = oxsolML/L: Oxygen Saturation, Garcia & Gordon [ml/l]
# name 19 = oxsolMg/L: Oxygen Saturation, Garcia & Gordon [mg/l]
# name 20 = oxsolMm/Kg: Oxygen Saturation, Garcia & Gordon [umol/kg]
# name 21 = n2satMg/L: Nitrogen Saturation [mg/l]
# name 22 = par: PAR/Irradiance, Biospherical/Licor
# name 23 = wetStar: Fluorescence, WET Labs WETstar [mg/m^3]
# name 24 = CStarAt0: Beam Attenuation, WET Labs C-Star [1/m]
# name 25 = CStarTr0: Beam Transmission, WET Labs C-Star [%]
# name 26 = flag: flag
# span 0 =        267,        929       
# span 1 = 114.473155, 114.475070       
# span 2 =    0.01848,    0.06446       
# span 3 =     1.1091,     3.8671       
# span 4 =     66.545,    232.023       
# span 5 =      1.022,    141.365       
# span 6 =  50261.687,  50861.037       
# span 7 =    31.3749,    31.7976       
# span 8 =     5.8476,     6.2410       
# span 9 =      1.000,    140.000       
# span 10 =     5.8479,     6.2301      
# span 11 =    24.7063,    24.9951      
# span 12 =     6.5935,     7.3685      
# span 13 =     9.4226,    10.5304      
# span 14 =     93.958,    103.766      
# span 15 =    287.280,    321.143      
# span 16 =    294.460,    329.076      
# span 17 =   -0.01101,    0.03461      
# span 18 =    7.01741,    7.10101      
# span 19 =   10.02860,   10.14805      
# span 20 =  305.75568,  309.48489      
# span 21 =   15.75327,   15.93267      
# span 22 = 3.6159e-02, 9.8303e+01      
# span 23 =     0.6303,     2.3374      
# span 24 =     0.8765,     1.9630      
# span 25 =    61.2186,    80.3227      
# span 26 = 0.0000e+00, 0.0000e+00      
# interval = meters: 1                  
# start_time = Apr 24 2019 11:20:14 [Instrument's time stamp, header]
# bad_flag = -9.990e-29
*END*
[from data line 54]
        501 114.473831    0.03471     2.0828    124.968     55.529  50632.483    31.6447     6.0580     55.000     6.0538    24.8958     6.7186     9.6016     95.236    292.765    300.053   -0.00316    7.05470   10.08187  307.40986   15.83271 3.6170e-02     0.9752     1.1943    74.1880 0.0000e+00
        505 114.473843    0.03500     2.1002    126.009     56.537  50633.587    31.6450     6.0580     56.000     6.0537    24.8960     6.7223     9.6068     95.288    292.923    300.216   -0.00213    7.05468   10.08184  307.40868   15.83265 3.6170e-02     0.9692     1.2052    73.9861 0.0000e+00
        509 114.473855    0.03530     2.1178    127.071     57.543  50643.347    31.6514     6.0588     57.000     6.0581    24.9009     6.7262     9.6123     95.348    293.091    300.389   -0.00127    7.05427   10.08126  307.38926   15.83170 3.6170e-02     0.9686     1.2081    73.9321 0.0000e+00
        513 114.473867    0.03559     2.1352    128.111     58.555  50672.074    31.6732     6.0712     58.000     6.0746    24.9167     6.7235     9.6086     95.353    292.973    300.272   -0.00102    7.05119   10.07686  307.25051   15.82500 3.6170e-02     0.9667     1.1906    74.2565 0.0000e+00
        518 114.473880    0.03590     2.1539    129.233     59.565  50672.909    31.6763     6.0864     59.000     6.0858    24.9173     6.7329     9.6220     95.523    293.382    300.692    0.00023    7.04853   10.07305  307.13436   15.81946 3.6170e-02     0.8766     1.1514    74.9873 0.0000e+00
        522 114.473893    0.03620     2.1720    130.321     60.576  50672.547    31.6770     6.0939     60.000     6.0910    24.9170     6.7221     9.6066     95.386    292.911    300.210   -0.00062    7.04726   10.07123  307.07893   15.81681 3.6170e-02     0.8931     1.1501    75.0119 0.0000e+00
        527 114.473905    0.03651     2.1904    131.422     61.582  50672.990    31.6775     6.0974     61.000     6.0934    24.9169     6.7160     9.5978     95.308    292.645    299.937   -0.00103    7.04664   10.07036  307.05222   15.81553 3.6170e-02     0.8795     1.1360    75.2787 0.0000e+00
        532 114.473920    0.03686     2.2114    132.685     62.600  50675.102    31.6789     6.0993     62.000     6.0949    24.9177     6.7169     9.5993     95.327    292.687    299.980   -0.00068    7.04628   10.06984  307.03624   15.81477 3.6170e-02     0.8428     1.1191    75.5944 0.0000e+00
        536 114.473932    0.03714     2.2286    133.718     63.599  50675.203    31.6787     6.1006     63.000     6.0959    24.9175     6.7132     9.5939     95.276    292.525    299.813   -0.00084    7.04607   10.06955  307.02739   15.81435 3.6170e-02     0.8077     1.1388    75.2235 0.0000e+00
        541 114.473947    0.03750     2.2500    135.001     64.626  50677.714    31.6802     6.1018     64.000     6.0973    24.9186     6.7096     9.5887     95.229    292.365    299.651   -0.00094    7.04581   10.06916  307.01520   15.81376 3.6170e-02     0.9324     1.1159    75.6565 0.0000e+00
        545 114.473957    0.03775     2.2647    135.882     65.619  50686.855    31.6864     6.1039     65.000     6.1012    24.9233     6.7089     9.5878     95.228    292.336    299.621   -0.00079    7.04516   10.06824  306.98581   15.81234 3.6170e-02     0.8255     1.1548    74.9240 0.0000e+00
        549 114.473970    0.03806     2.2833    137.000     66.631  50692.600    31.6910     6.1096     66.000     6.1072    24.9262     6.7110     9.5906     95.272    292.423    299.712   -0.00040    7.04401   10.06659  306.93459   15.80988 3.6170e-02     0.7946     1.1327    75.3385 0.0000e+00
        554 114.473983    0.03838     2.3029    138.173     67.648  50702.921    31.6993     6.1181     67.000     6.1169    24.9317     6.7089     9.5877     95.267    292.330    299.619   -0.00037    7.04222   10.06404  306.85510   15.80606 3.6170e-02     0.8645     1.1304    75.3836 0.0000e+00
        558 114.473995    0.03867     2.3200    139.201     68.649  50712.060    31.7071     6.1281     68.000     6.1274    24.9367     6.7095     9.5885     95.303    292.354    299.645   -0.00015    7.04019   10.06114  306.76537   15.80175 3.6170e-02     0.8762     1.1203    75.5733 0.0000e+00
        563 114.474010    0.03902     2.3410    140.461     69.672  50712.200    31.7087     6.1379     69.000     6.1344    24.9367     6.7087     9.5875     95.315    292.324    299.614   -0.00002    7.03851   10.05873  306.69193   15.79824 3.6170e-02     0.8095     1.0898    76.1507 0.0000e+00
        566 114.474020    0.03927     2.3561    141.367     70.665  50725.247    31.7182     6.1430     70.000     6.1416    24.9436     6.7022     9.5781     95.240    292.035    299.320   -0.00055    7.03722   10.05689  306.63361   15.79542 3.6170e-02     0.8168     1.1218    75.5450 0.0000e+00
        571 114.474034    0.03959     2.3759    142.553     71.686  50728.688    31.7218     6.1517     71.000     6.1482    24.9454     6.6969     9.5705     95.185    291.804    299.082   -0.00070    7.03563   10.05462  306.56392   15.79209 3.6170e-02     0.8124     1.0942    76.0674 0.0000e+00
        576 114.474047    0.03990     2.3942    143.650     72.689  50734.833    31.7266     6.1571     72.000     6.1528    24.9486     6.6837     9.5517     95.013    291.227    298.493   -0.00161    7.03451   10.05302  306.51422   15.78970 3.6170e-02     0.8719     1.1041    75.8791 0.0000e+00
        580 114.474060    0.04022     2.4131    144.783     73.702  50732.714    31.7250     6.1593     73.000     6.1535    24.9471     6.6709     9.5334     94.835    290.671    297.922   -0.00221    7.03421   10.05258  306.50137   15.78909 3.6170e-02     0.7354     1.0842    76.2580 0.0000e+00
        585 114.474073    0.04054     2.4324    145.943     74.714  50735.370    31.7265     6.1597     74.000     6.1538    24.9482     6.6664     9.5269     94.772    290.473    297.720   -0.00205    7.03409   10.05242  306.49587   15.78883 3.6170e-02     0.7628     1.0815    76.3085 0.0000e+00
        589 114.474086    0.04084     2.4505    147.033     75.719  50739.181    31.7288     6.1605     75.000     6.1553    24.9500     6.6694     9.5312     94.819    290.606    297.856   -0.00139    7.03384   10.05207  306.48477   15.78828 3.6170e-02     0.7512     1.0800    76.3378 0.0000e+00
        594 114.474099    0.04116     2.4696    148.174     76.732  50741.606    31.7305     6.1628     76.000     6.1573    24.9510     6.6661     9.5265     94.778    290.459    297.707   -0.00117    7.03339   10.05142  306.46466   15.78732 3.6170e-02     0.7664     1.0623    76.6772 0.0000e+00
        598 114.474112    0.04147     2.4883    149.296     77.737  50742.672    31.7310     6.1641     77.000     6.1584    24.9513     6.6665     9.5271     94.787    290.478    297.726   -0.00097    7.03315   10.05107  306.45402   15.78681 3.6170e-02     0.6594     1.0552    76.8137 0.0000e+00
        603 114.474126    0.04182     2.5088    150.527     78.763  50744.597    31.7322     6.1660     78.000     6.1604    24.9520     6.6761     9.5408     94.928    290.897    298.156    0.00013    7.03279   10.05056  306.43830   15.78606 3.6170e-02     0.6595     1.0393    77.1174 0.0000e+00
        607 114.474139    0.04210     2.5264    151.583     79.758  50744.437    31.7318     6.1670     79.000     6.1607    24.9515     6.6708     9.5332     94.854    290.663    297.915   -0.00036    7.03264   10.05033  306.43143   15.78573 3.6170e-02     0.7550     1.0462    76.9859 0.0000e+00
        612 114.474152    0.04244     2.5464    152.781     80.775  50745.682    31.7323     6.1676     80.000     6.1612    24.9519     6.6731     9.5365     94.889    290.763    298.018   -0.00010    7.03251   10.05017  306.42623   15.78549 3.6170e-02     0.7372     1.0449    77.0106 0.0000e+00
        616 114.474165    0.04274     2.5642    153.853     81.780  50746.385    31.7324     6.1677     81.000     6.1612    24.9519     6.6705     9.5329     94.853    290.654    297.907   -0.00036    7.03249   10.05012  306.42497   15.78542 3.6170e-02     0.7059     1.0381    77.1420 0.0000e+00
        621 114.474178    0.04306     2.5835    155.007     82.792  50748.683    31.7336     6.1682     82.000     6.1621    24.9528     6.6751     9.5394     94.919    290.852    298.110    0.00001    7.03234   10.04993  306.41860   15.78511 3.6170e-02     0.6895     1.0510    76.8925 0.0000e+00
        626 114.474192    0.04339     2.6035    156.212     83.801  50748.585    31.7333     6.1695     83.000     6.1628    24.9525     6.6724     9.5356     94.885    290.738    297.992   -0.00014    7.03215   10.04964  306.41001   15.78471 3.6170e-02     0.7831     1.0303    77.2938 0.0000e+00
        630 114.474205    0.04370     2.6223    157.336     84.804  50750.496    31.7341     6.1696     84.000     6.1636    24.9531     6.6683     9.5297     94.826    290.555    297.806   -0.00055    7.03210   10.04958  306.40784   15.78460 3.6170e-02     0.8063     1.0366    77.1708 0.0000e+00
        636 114.474220    0.04407     2.6438    158.630     85.824  50751.154    31.7345     6.1717     85.000     6.1648    24.9531     6.6754     9.5398     94.933    290.866    298.124    0.00011    7.03173   10.04905  306.39167   15.78383 3.6170e-02     0.7227     1.0111    77.6645 0.0000e+00
        640 114.474233    0.04438     2.6627    159.760     86.828  50751.928    31.7345     6.1716     86.000     6.1648    24.9532     6.6771     9.5422     94.956    290.938    298.198    0.00020    7.03175   10.04907  306.39244   15.78386 3.6170e-02     0.7214     1.0338    77.2265 0.0000e+00
        645 114.474247    0.04470     2.6823    160.940     87.837  50755.775    31.7371     6.1733     87.000     6.1671    24.9550     6.6750     9.5392     94.932    290.848    298.106   -0.00012    7.03136   10.04852  306.37485   15.78302 3.6170e-02     0.7491     1.0087    77.7113 0.0000e+00
        650 114.474261    0.04505     2.7028    162.170     88.857  50755.579    31.7368     6.1751     88.000     6.1682    24.9546     6.6760     9.5406     94.949    290.889    298.148   -0.00003    7.03108   10.04811  306.36265   15.78244 3.6170e-02     0.7279     1.0145    77.6005 0.0000e+00
        654 114.474274    0.04534     2.7204    163.222     89.854  50754.707    31.7358     6.1756     89.000     6.1679    24.9537     6.6797     9.5459     95.003    291.051    298.314    0.00017    7.03104   10.04806  306.36134   15.78238 3.6170e-02     0.7535     1.0040    77.8024 0.0000e+00
        659 114.474288    0.04570     2.7422    164.531     90.875  50757.055    31.7369     6.1751     90.000     6.1686    24.9547     6.6796     9.5458     95.001    291.047    298.310    0.00017    7.03107   10.04810  306.36244   15.78243 3.6170e-02     0.7079     0.9890    78.0946 0.0000e+00
        664 114.474301    0.04601     2.7605    165.628     91.876  50766.041    31.7437     6.1805     91.000     6.1760    24.9594     6.6787     9.5446     95.005    291.009    298.273   -0.00004    7.02987   10.04638  306.30857   15.77983 3.6170e-02     0.7024     0.9856    78.1622 0.0000e+00
        669 114.474316    0.04638     2.7824    166.946     92.893  50764.122    31.7429     6.1858     92.000     6.1797    24.9581     6.6826     9.5501     95.071    291.178    298.445    0.00035    7.02904   10.04520  306.27274   15.77813 3.6170e-02     0.8088     0.9439    78.9791 0.0000e+00
        673 114.474330    0.04669     2.8011    168.068     93.892  50766.559    31.7448     6.1896     93.000     6.1833    24.9592     6.6827     9.5503     95.083    291.184    298.451    0.00021    7.02831   10.04416  306.24072   15.77660 3.6170e-02     0.7916     0.9350    79.1571 0.0000e+00
        679 114.474345    0.04705     2.8233    169.399     94.914  50776.310    31.7521     6.1951     94.000     6.1905    24.9643     6.6928     9.5647     95.243    291.620    298.901    0.00091    7.02706   10.04237  306.18482   15.77390 3.6170e-02     0.8064     0.8988    79.8745 0.0000e+00
        683 114.474359    0.04738     2.8427    170.564     95.916  50772.603    31.7500     6.2002     95.000     6.1928    24.9621     6.6952     9.5683     95.289    291.729    299.011    0.00098    7.02633   10.04133  306.15366   15.77243 3.6170e-02     0.8397     0.8961    79.9305 0.0000e+00
        688 114.474373    0.04773     2.8639    171.836     96.933  50781.252    31.7559     6.2018     96.000     6.1969    24.9665     6.6970     9.5708     95.321    291.804    299.090    0.00072    7.02579   10.04055  306.12875   15.77121 3.6170e-02     0.7256     0.8864    80.1252 0.0000e+00
        693 114.474387    0.04806     2.8834    173.006     97.935  50786.309    31.7606     6.2103     97.000     6.2041    24.9691     6.6957     9.5689     95.324    291.746    299.031    0.00040    7.02418   10.03825  306.05774   15.76781 3.6170e-02     0.7806     0.8826    80.1997 0.0000e+00
        698 114.474402    0.04841     2.9049    174.296     98.954  50786.618    31.7609     6.2135     98.000     6.2061    24.9690     6.7065     9.5843     95.485    292.216    299.513    0.00121    7.02364   10.03747  306.03420   15.76669 3.6170e-02     0.9927     0.8765    80.3227 0.0000e+00
        703 114.474416    0.04875     2.9250    175.503     99.956  50788.813    31.7622     6.2151     99.000     6.2073    24.9699     6.7018     9.5775     95.422    292.010    299.301    0.00047    7.02331   10.03701  306.01979   15.76599 3.6170e-02     0.8860     0.8908    80.0358 0.0000e+00
        708 114.474431    0.04912     2.9473    176.839    100.972  50791.588    31.7640     6.2161    100.000     6.2085    24.9710     6.6924     9.5641     95.292    291.602    298.884   -0.00047    7.02305   10.03664  306.00811   15.76543 3.6170e-02     0.8124     0.8939    79.9725 0.0000e+00
        713 114.474445    0.04947     2.9682    178.089    101.977  50795.560    31.7665     6.2177    101.000     6.2096    24.9730     6.6890     9.5593     95.249    291.454    298.733   -0.00071    7.02269   10.03613  305.99172   15.76464 3.6170e-02     0.8412     0.9051    79.7492 0.0000e+00
        719 114.474461    0.04984     2.9907    179.440    102.990  50795.330    31.7659     6.2180    102.000     6.2096    24.9725     6.6915     9.5628     95.284    291.560    298.842   -0.00032    7.02266   10.03608  305.99068   15.76459 3.6170e-02     0.7912     0.9351    79.1549 0.0000e+00
        724 114.474475    0.05019     3.0111    180.668    103.993  50798.574    31.7678     6.2185    103.000     6.2103    24.9739     6.6838     9.5518     95.177    291.225    298.498   -0.00082    7.02248   10.03584  305.98271   15.76420 3.6170e-02     0.8068     0.9402    79.0540 0.0000e+00
        730 114.474492    0.05060     3.0356    182.138    105.010  50799.369    31.7680     6.2193    104.000     6.2110    24.9740     6.6792     9.5453     95.114    291.025    298.293   -0.00101    7.02233   10.03562  305.97607   15.76389 3.6170e-02     0.7043     0.9257    79.3400 0.0000e+00
        735 114.474508    0.05097     3.0585    183.512    106.019  50800.927    31.7687     6.2199    105.000     6.2113    24.9745     6.6768     9.5418     95.081    290.919    298.185   -0.00092    7.02222   10.03545  305.97079   15.76363 3.6170e-02     0.7250     0.9276    79.3036 0.0000e+00
        741 114.474525    0.05137     3.0823    184.940    107.029  50802.821    31.7697     6.2205    106.000     6.2121    24.9752     6.6746     9.5386     95.051    290.822    298.085   -0.00084    7.02207   10.03524  305.96401   15.76331 3.6170e-02     0.8666     0.9350    79.1574 0.0000e+00
        746 114.474540    0.05175     3.1048    186.287    108.037  50805.757    31.7714     6.2216    107.000     6.2134    24.9765     6.6779     9.5434     95.103    290.968    298.236   -0.00038    7.02180   10.03485  305.95199   15.76273 3.6170e-02     0.7729     0.9504    78.8534 0.0000e+00
