CTD-processing/allCTD/CNV/2019_04-24_alongbay_s06_cast127_4141.cnv
* Sea-Bird SBE19plus Data File:
* FileName = C:\Users\kbnerr\Documents\SeaBird Files\04_24_2019_AlongBay\04_24_2019_AlongBay_STATION_cast127.hex
* Software Version 1.59
* Temperature SN =  4141
* Conductivity SN =  4141
* System UpLoad Time = Apr 29 2019 11:43:46
** Kachemak Bay - Along Bay
** 04_24_2019
** Station06
** N'
** W'
** Start Time
** Depth99
# nquan = 27
# nvalues = 80                          
# units = specified
# name 0 = scan: Scan Count
# name 1 = timeJ: Julian Days
# name 2 = timeH: Time, Elapsed [hours]
# name 3 = timeM: Time, Elapsed [minutes]
# name 4 = timeS: Time, Elapsed [seconds]
# name 5 = prdM: Pressure, Strain Gauge [db]
# name 6 = specc: Specific Conductance [uS/cm]
# name 7 = sal00: Salinity, Practical [PSU]
# name 8 = tv290C: Temperature [ITS-90, deg C]
# name 9 = depSM: Depth [salt water, m], lat = 59.00
# name 10 = potemp090C: Potential Temperature [ITS-90, deg C]
# name 11 = sigma-é00: Density [sigma-theta, kg/m^3]
# name 12 = sbeox0ML/L: Oxygen, SBE 43 [ml/l]
# name 13 = sbeox0Mg/L: Oxygen, SBE 43 [mg/l]
# name 14 = sbeox0PS: Oxygen, SBE 43 [% saturation]
# name 15 = sbox0Mm/Kg: Oxygen, SBE 43 [umol/kg]
# name 16 = sbeox0Mm/L: Oxygen, SBE 43 [umol/l]
# name 17 = sbox0dV/dT: Oxygen, SBE 43 [dov/dt]
# name 18 = oxsolML/L: Oxygen Saturation, Garcia & Gordon [ml/l]
# name 19 = oxsolMg/L: Oxygen Saturation, Garcia & Gordon [mg/l]
# name 20 = oxsolMm/Kg: Oxygen Saturation, Garcia & Gordon [umol/kg]
# name 21 = n2satMg/L: Nitrogen Saturation [mg/l]
# name 22 = par: PAR/Irradiance, Biospherical/Licor
# name 23 = wetStar: Fluorescence, WET Labs WETstar [mg/m^3]
# name 24 = CStarAt0: Beam Attenuation, WET Labs C-Star [1/m]
# name 25 = CStarTr0: Beam Transmission, WET Labs C-Star [%]
# name 26 = flag: flag
# span 0 =        149,        611       
# span 1 = 114.483958, 114.485294       
# span 2 =    0.01027,    0.04234       
# span 3 =     0.6163,     2.5408       
# span 4 =     36.980,    152.445       
# span 5 =      1.014,     80.644       
# span 6 =  50341.114,  50809.905       
# span 7 =    31.4409,    31.7853       
# span 8 =     5.6141,     6.2140       
# span 9 =      1.000,     80.000       
# span 10 =     5.7678,     6.2063      
# span 11 =    24.7517,    24.9887      
# span 12 =     6.6370,     7.2433      
# span 13 =     9.4849,    10.3513      
# span 14 =     93.764,    102.178      
# span 15 =    289.180,    315.669      
# span 16 =    296.406,    323.482      
# span 17 =   -0.00729,    0.00636      
# span 18 =    7.02240,    7.13225      
# span 19 =   10.03572,   10.19269      
# span 20 =  305.97490,  310.78778      
# span 21 =   15.76376,   15.99387      
# span 22 = 3.6154e-02, 1.9164e+02      
# span 23 =     0.6465,     2.6882      
# span 24 =     0.8198,     2.8618      
# span 25 =    61.4543,    78.7087      
# span 26 = 0.0000e+00, 0.0000e+00      
# interval = meters: 1                  
# start_time = Apr 24 2019 11:36:17 [Instrument's time stamp, header]
# bad_flag = -9.990e-29
*END*
        149 114.483958    0.01027     0.6163     36.980      1.014  50634.636    31.5819     5.6141      1.000     5.7678    24.8974     6.6859     9.5548     93.764    291.338    298.590    0.00482    7.13225   10.19269  310.78778   15.99387 1.9164e+02     0.8355     2.8618    61.4543 0.0000e+00
        297 114.484386    0.02054     1.2320     73.918      2.035  50341.114    31.4409     5.9134      2.000     5.8917    24.7517     7.2433    10.3513    102.178    315.669    323.482    0.00636    7.08824   10.12980  308.91477   15.90525 1.4052e+02     1.1221     0.8198    78.7087 0.0000e+00
        283 114.484346    0.01958     1.1750     70.499      3.017  50379.843    31.4597     5.8774      3.000     5.8772    24.7708     7.1735    10.2516    101.128    312.624    320.368    0.00414    7.09343   10.13722  309.13513   15.91566 1.0206e+02     1.2039     1.1100    75.7679 0.0000e+00
        287 114.484358    0.01985     1.1912     71.475      4.044  50391.919    31.4675     5.8769      4.000     5.8763    24.7769     7.1711    10.2482    101.099    312.517    320.260    0.00296    7.09315   10.13682  309.12100   15.91496 7.4583e+01     1.2610     1.1218    75.5443 0.0000e+00
        290 114.484367    0.02010     1.2059     72.356      5.038  50402.773    31.4745     5.8767      5.000     5.8771    24.7825     7.1654    10.2401    101.023    312.270    320.010    0.00177    7.09286   10.13641  309.10666   15.91425 5.7939e+01     1.5792     1.1254    75.4759 0.0000e+00
        294 114.484379    0.02038     1.2228     73.368      6.059  50415.083    31.4829     5.8788      6.000     5.8789    24.7889     7.1514    10.2201    100.836    311.657    319.382    0.00017    7.09211   10.13534  309.07198   15.91256 4.4442e+01     2.0904     1.1040    75.8814 0.0000e+00
        298 114.484390    0.02065     1.2390     74.340      7.074  50408.408    31.4779     5.8789      7.000     5.8775    24.7849     7.1406    10.2047    100.681    311.187    318.900   -0.00090    7.09233   10.13565  309.08302   15.91311 3.4287e+01     2.2239     1.1031    75.8984 0.0000e+00
        302 114.484401    0.02089     1.2535     75.210      8.066  50420.931    31.4860     5.8788      8.000     5.8800    24.7914     7.1236    10.1803    100.446    310.443    318.139   -0.00209    7.09197   10.13514  309.06536   15.91223 2.6011e+01     2.3007     1.1080    75.8062 0.0000e+00
        306 114.484414    0.02121     1.2726     76.358      9.092  50430.442    31.4931     5.8843      9.000     5.8850    24.7964     7.1132    10.1655    100.318    309.990    317.677   -0.00248    7.09072   10.13335  309.00925   15.90953 1.9579e+01     2.3650     1.0872    76.2005 0.0000e+00
        310 114.484425    0.02147     1.2881     77.287     10.094  50431.631    31.4939     5.8864     10.000     5.8868    24.7968     7.1132    10.1654    100.323    309.988    317.674   -0.00184    7.09033   10.13279  308.99217   15.90871 1.4638e+01     2.4434     1.1103    75.7605 0.0000e+00
        314 114.484436    0.02175     1.3046     78.277     11.096  50445.720    31.5038     5.8895     11.000     5.8921    24.8042     7.1010    10.1480    100.164    309.452    317.128   -0.00235    7.08934   10.13138  308.94682   15.90651 1.0872e+01     2.6882     1.1006    75.9460 0.0000e+00
        319 114.484451    0.02210     1.3266     79.593     12.135  50468.907    31.5213     5.8993     12.000     5.9030    24.8168     7.0867    10.1277     99.998    308.829    316.494   -0.00260    7.08688   10.12787  308.83578   15.90115 8.0980e+00     1.9066     1.0768    76.3989 0.0000e+00
        322 114.484460    0.02231     1.3387     80.319     13.112  50480.169    31.5299     5.9066     13.000     5.9081    24.8229     7.0773    10.1142     99.888    308.418    316.074   -0.00286    7.08526   10.12554  308.76319   15.89766 5.9909e+00     2.1976     1.1222    75.5375 0.0000e+00
        327 114.484474    0.02266     1.3595     81.568     14.140  50475.623    31.5269     5.9097     14.000     5.9086    24.8201     7.0464    10.0700     99.457    307.072    314.693   -0.00432    7.08489   10.12501  308.74792   15.89694 4.5766e+00     2.0528     1.1087    75.7933 0.0000e+00
        331 114.484486    0.02293     1.3758     82.544     15.138  50476.567    31.5271     5.9098     15.000     5.9083    24.8202     7.0026    10.0073     98.838    305.160    312.734   -0.00696    7.08486   10.12498  308.74671   15.89689 3.2860e+00     1.8046     1.1618    74.7941 0.0000e+00
        336 114.484498    0.02324     1.3941     83.649     16.148  50477.312    31.5270     5.9091     16.000     5.9076    24.8203     6.9789     9.9736     98.503    304.129    311.677   -0.00729    7.08498   10.12514  308.75185   15.89713 2.5037e+00     2.0504     1.1434    75.1416 0.0000e+00
        340 114.484512    0.02356     1.4138     84.829     17.156  50480.532    31.5287     5.9088     17.000     5.9076    24.8216     6.9732     9.9653     98.422    303.878    311.421   -0.00570    7.08494   10.12509  308.74976   15.89702 1.8501e+00     1.9801     1.1600    74.8266 0.0000e+00
        345 114.484524    0.02386     1.4316     85.894     18.169  50482.581    31.5297     5.9091     18.000     5.9079    24.8224     6.9756     9.9688     98.458    303.985    311.530   -0.00409    7.08484   10.12494  308.74505   15.89679 1.3822e+00     1.7340     1.1580    74.8654 0.0000e+00
        349 114.484537    0.02418     1.4503     87.020     19.187  50483.748    31.5302     5.9096     19.000     5.9084    24.8227     6.9783     9.9726     98.497    304.101    311.650   -0.00270    7.08475   10.12481  308.74092   15.89659 1.0140e+00     1.9671     1.1456    75.0959 0.0000e+00
        353 114.484548    0.02442     1.4651     87.905     20.185  50487.874    31.5326     5.9102     20.000     5.9095    24.8246     6.9733     9.9655     98.430    303.884    311.428   -0.00254    7.08452   10.12448  308.73038   15.89608 7.5583e-01     2.0279     1.1773    74.5037 0.0000e+00
        356 114.484558    0.02468     1.4807     88.844     21.202  50494.490    31.5371     5.9122     21.000     5.9122    24.8279     6.9671     9.9566     98.350    303.611    311.150   -0.00247    7.08397   10.12371  308.70586   15.89490 5.6846e-01     1.8727     1.1846    74.3680 0.0000e+00
        360 114.484568    0.02491     1.4949     89.692     22.208  50503.200    31.5433     5.9156     22.000     5.9175    24.8324     6.9632     9.9510     98.306    303.439    310.974   -0.00230    7.08312   10.12248  308.66728   15.89304 4.2570e-01     2.0323     1.1930    74.2116 0.0000e+00
        363 114.484578    0.02515     1.5090     90.540     23.222  50505.419    31.5455     5.9215     23.000     5.9225    24.8334     6.9594     9.9457     98.269    303.275    310.806   -0.00208    7.08203   10.12092  308.61941   15.89074 3.1595e-01     2.0574     1.1859    74.3429 0.0000e+00
        367 114.484588    0.02540     1.5237     91.423     24.224  50506.798    31.5470     5.9264     24.000     5.9257    24.8340     6.9486     9.9302     98.128    302.805    310.325   -0.00245    7.08114   10.11967  308.58075   15.88889 2.4298e-01     1.7882     1.1698    74.6426 0.0000e+00
        371 114.484601    0.02569     1.5414     92.484     25.240  50506.675    31.5466     5.9279     25.000     5.9271    24.8336     6.9359     9.9122     97.953    302.253    309.759   -0.00287    7.08092   10.11934  308.57097   15.88843 1.8441e-01     1.6591     1.1626    74.7775 0.0000e+00
        375 114.484611    0.02595     1.5572     93.431     26.244  50516.429    31.5536     5.9316     26.000     5.9329    24.8387     6.9210     9.8909     97.755    301.601    309.093   -0.00342    7.07998   10.11800  308.52822   15.88637 1.4248e-01     1.5987     1.1766    74.5151 0.0000e+00
        379 114.484624    0.02625     1.5752     94.512     27.255  50512.601    31.5514     5.9361     27.000     5.9346    24.8364     6.9222     9.8924     97.780    301.652    309.144   -0.00256    7.07933   10.11707  308.50076   15.88507 1.1167e-01     1.5702     1.1687    74.6640 0.0000e+00
        383 114.484637    0.02656     1.5936     95.616     28.269  50514.773    31.5527     5.9376     28.000     5.9369    24.8373     6.9171     9.8853     97.714    301.433    308.920   -0.00220    7.07902   10.11662  308.48700   15.88441 8.8931e-02     1.6387     1.1772    74.5072 0.0000e+00
        388 114.484649    0.02685     1.6111     96.663     29.270  50517.510    31.5547     5.9405     29.000     5.9400    24.8385     6.9109     9.8763     97.632    301.159    308.639   -0.00228    7.07844   10.11579  308.46120   15.88317 7.2529e-02     1.6114     1.1608    74.8146 0.0000e+00
        393 114.484664    0.02721     1.6325     97.952     30.288  50522.407    31.5587     5.9461     30.000     5.9459    24.8410     6.9180     9.8865     97.748    301.468    308.957   -0.00095    7.07733   10.11421  308.41206   15.88082 6.0662e-02     1.5677     1.1348    75.2990 0.0000e+00
        397 114.484677    0.02752     1.6510     99.061     31.299  50520.596    31.5578     5.9500     31.000     5.9480    24.8398     6.9087     9.8732     97.626    301.063    308.542   -0.00135    7.07672   10.11334  308.38598   15.87957 5.2560e-02     1.5687     1.1584    74.8565 0.0000e+00
        401 114.484689    0.02781     1.6684    100.106     32.295  50521.696    31.5582     5.9509     32.000     5.9480    24.8400     6.9018     9.8633     97.529    300.761    308.232   -0.00172    7.07655   10.11310  308.37868   15.87923 4.6992e-02     1.4465     1.1688    74.6634 0.0000e+00
        407 114.484705    0.02818     1.6911    101.465     33.324  50524.020    31.5591     5.9495     33.000     5.9470    24.8410     6.8979     9.8577     97.472    300.591    308.058   -0.00153    7.07674   10.11337  308.38641   15.87959 4.2802e-02     1.3570     1.1483    75.0450 0.0000e+00
        411 114.484716    0.02846     1.7074    102.445     34.313  50526.663    31.5606     5.9507     34.000     5.9487    24.8420     6.8973     9.8569     97.468    300.565    308.033   -0.00121    7.07647   10.11298  308.37434   15.87900 4.0125e-02     1.3746     1.1921    74.2297 0.0000e+00
        416 114.484731    0.02881     1.7287    103.724     35.340  50525.650    31.5598     5.9524     35.000     5.9490    24.8412     6.8902     9.8469     97.372    300.260    307.719   -0.00154    7.07622   10.11263  308.36411   15.87852 3.8008e-02     1.4065     1.1671    74.6953 0.0000e+00
        420 114.484743    0.02910     1.7461    104.768     36.343  50524.344    31.5580     5.9503     36.000     5.9463    24.8400     6.9000     9.8607     97.503    300.683    308.152   -0.00044    7.07665   10.11324  308.38315   15.87944 3.6594e-02     1.6128     1.1940    74.1928 0.0000e+00
        424 114.484753    0.02935     1.7609    105.652     37.341  50527.480    31.5594     5.9490     37.000     5.9456    24.8413     6.8916     9.8488     97.382    300.316    307.777   -0.00074    7.07681   10.11346  308.38938   15.87973 3.6154e-02     1.6161     1.2066    73.9582 0.0000e+00
        429 114.484768    0.02969     1.7816    106.899     38.377  50527.993    31.5590     5.9475     38.000     5.9441    24.8411     6.8791     9.8309     97.203    299.772    307.220   -0.00214    7.07707   10.11384  308.40083   15.88028 3.6170e-02     1.4209     1.1879    74.3067 0.0000e+00
        432 114.484778    0.02994     1.7967    107.800     39.375  50529.168    31.5593     5.9472     39.000     5.9439    24.8414     6.8803     9.8327     97.219    299.827    307.275   -0.00118    7.07711   10.11389  308.40239   15.88035 3.6170e-02     1.4261     1.2096    73.9033 0.0000e+00
        435 114.484787    0.03017     1.8101    108.603     40.363  50529.578    31.5590     5.9471     40.000     5.9437    24.8412     6.8734     9.8227     97.121    299.525    306.965   -0.00189    7.07714   10.11395  308.40400   15.88043 3.6170e-02     1.3923     1.2260    73.6022 0.0000e+00
        440 114.484799    0.03047     1.8279    109.675     41.404  50531.372    31.5598     5.9469     41.000     5.9436    24.8419     6.8901     9.8467     97.357    300.254    307.713   -0.00015    7.07714   10.11395  308.40401   15.88042 3.6170e-02     1.6587     1.2137    73.8278 0.0000e+00
        443 114.484810    0.03071     1.8432    110.590     42.405  50532.080    31.5598     5.9470     42.000     5.9437    24.8419     6.8983     9.8584     97.474    300.613    308.081    0.00086    7.07712   10.11391  308.40285   15.88037 3.6170e-02     1.3477     1.2139    73.8242 0.0000e+00
        448 114.484823    0.03103     1.8621    111.723     43.413  50533.395    31.5602     5.9472     43.000     5.9438    24.8423     6.8842     9.8382     97.275    299.996    307.449   -0.00073    7.07707   10.11384  308.40043   15.88025 3.6170e-02     1.4931     1.1844    74.3719 0.0000e+00
        452 114.484834    0.03130     1.8777    112.664     44.414  50533.939    31.5602     5.9474     44.000     5.9440    24.8422     6.8848     9.8391     97.284    300.021    307.474   -0.00050    7.07703   10.11379  308.39881   15.88018 3.6170e-02     1.3729     1.2431    73.2902 0.0000e+00
        456 114.484846    0.03159     1.8952    113.712     45.428  50536.641    31.5617     5.9478     45.000     5.9444    24.8433     6.8849     9.8392     97.287    300.026    307.480   -0.00054    7.07688   10.11357  308.39214   15.87985 3.6170e-02     1.5226     1.2168    73.7726 0.0000e+00
        460 114.484859    0.03189     1.9135    114.808     46.441  50539.052    31.5629     5.9482     46.000     5.9448    24.8443     6.8852     9.8396     97.293    300.038    307.492   -0.00018    7.07677   10.11340  308.38662   15.87958 3.6170e-02     1.7949     1.2353    73.4327 0.0000e+00
        465 114.484872    0.03221     1.9329    115.973     47.455  50538.946    31.5625     5.9488     47.000     5.9451    24.8439     6.8825     9.8358     97.256    299.921    307.372   -0.00058    7.07669   10.11329  308.38338   15.87943 3.6170e-02     1.5147     1.2225    73.6683 0.0000e+00
        468 114.484882    0.03246     1.9479    116.873     48.466  50540.493    31.5631     5.9489     48.000     5.9452    24.8443     6.8765     9.8273     97.172    299.661    307.105   -0.00087    7.07666   10.11324  308.38175   15.87936 3.6170e-02     1.3976     1.2585    73.0061 0.0000e+00
        472 114.484892    0.03268     1.9609    117.652     49.449  50541.602    31.5635     5.9493     49.000     5.9457    24.8446     6.8711     9.8195     97.097    299.425    306.864   -0.00131    7.07656   10.11311  308.37752   15.87915 3.6170e-02     1.5164     1.2592    72.9947 0.0000e+00
        477 114.484908    0.03308     1.9843    119.061     50.502  50545.495    31.5658     5.9499     50.000     5.9474    24.8464     6.8700     9.8179     97.084    299.377    306.815   -0.00099    7.07635   10.11281  308.36783   15.87868 3.6170e-02     1.4173     1.1946    74.1823 0.0000e+00
        480 114.484917    0.03327     1.9966    119.797     51.487  50551.725    31.5703     5.9529     51.000     5.9504    24.8495     6.8690     9.8164     97.079    299.328    306.766   -0.00096    7.07563   10.11179  308.33573   15.87713 3.6170e-02     1.4106     1.2378    73.3854 0.0000e+00
        484 114.484927    0.03353     2.0119    120.716     52.487  50549.204    31.5684     5.9548     52.000     5.9510    24.8478     6.8651     9.8109     97.028    299.163    306.597   -0.00103    7.07541   10.11147  308.32670   15.87671 3.6170e-02     1.4245     1.2195    73.7238 0.0000e+00
        489 114.484942    0.03389     2.0335    122.012     53.519  50550.290    31.5688     5.9554     53.000     5.9514    24.8481     6.8556     9.7974     96.896    298.750    306.174   -0.00153    7.07529   10.11130  308.32153   15.87646 3.6170e-02     1.3056     1.1684    74.6687 0.0000e+00
