CTD-processing/allCTD/CNV/2019_04-24_alongbay_s11_cast122_4141.cnv
* Sea-Bird SBE19plus Data File:
* FileName = C:\Users\kbnerr\Documents\SeaBird Files\04_24_2019_AlongBay\04_24_2019_AlongBay_STATION_cast122.hex
* Software Version 1.59
* Temperature SN =  4141
* Conductivity SN =  4141
* System UpLoad Time = Apr 29 2019 11:37:28
** Kachemak Bay - Along Bay
** 04_24_2019
** Station11
** N'
** W'
** Start Time
** Depth54
# nquan = 27
# nvalues = 51                          
# units = specified
# name 0 = scan: Scan Count
# name 1 = timeJ: Julian Days
# name 2 = timeH: Time, Elapsed [hours]
# name 3 = timeM: Time, Elapsed [minutes]
# name 4 = timeS: Time, Elapsed [seconds]
# name 5 = prdM: Pressure, Strain Gauge [db]
# name 6 = specc: Specific Conductance [uS/cm]
# name 7 = sal00: Salinity, Practical [PSU]
# name 8 = tv290C: Temperature [ITS-90, deg C]
# name 9 = depSM: Depth [salt water, m], lat = 59.00
# name 10 = potemp090C: Potential Temperature [ITS-90, deg C]
# name 11 = sigma-é00: Density [sigma-theta, kg/m^3]
# name 12 = sbeox0ML/L: Oxygen, SBE 43 [ml/l]
# name 13 = sbeox0Mg/L: Oxygen, SBE 43 [mg/l]
# name 14 = sbeox0PS: Oxygen, SBE 43 [% saturation]
# name 15 = sbox0Mm/Kg: Oxygen, SBE 43 [umol/kg]
# name 16 = sbeox0Mm/L: Oxygen, SBE 43 [umol/l]
# name 17 = sbox0dV/dT: Oxygen, SBE 43 [dov/dt]
# name 18 = oxsolML/L: Oxygen Saturation, Garcia & Gordon [ml/l]
# name 19 = oxsolMg/L: Oxygen Saturation, Garcia & Gordon [mg/l]
# name 20 = oxsolMm/Kg: Oxygen Saturation, Garcia & Gordon [umol/kg]
# name 21 = n2satMg/L: Nitrogen Saturation [mg/l]
# name 22 = par: PAR/Irradiance, Biospherical/Licor
# name 23 = wetStar: Fluorescence, WET Labs WETstar [mg/m^3]
# name 24 = CStarAt0: Beam Attenuation, WET Labs C-Star [1/m]
# name 25 = CStarTr0: Beam Transmission, WET Labs C-Star [%]
# name 26 = flag: flag
# span 0 =        263,        506       
# span 1 = 114.431558, 114.432260       
# span 2 =    0.01821,    0.03508       
# span 3 =     1.0927,     2.1048       
# span 4 =     65.562,    126.287       
# span 5 =      1.017,     51.469       
# span 6 =  49641.076,  50592.858       
# span 7 =    30.8821,    31.5858       
# span 8 =     5.5254,     5.8878       
# span 9 =      1.000,     51.000       
# span 10 =     5.5248,     5.8842      
# span 11 =    24.3547,    24.8695      
# span 12 =     6.5554,     7.1873      
# span 13 =     9.3684,    10.2714      
# span 14 =     92.448,    100.775      
# span 15 =    285.664,    313.300      
# span 16 =    292.767,    320.985      
# span 17 =   -0.01556,    0.02220      
# span 18 =    7.08575,    7.18025      
# span 19 =   10.12625,   10.26129      
# span 20 =  308.77069,  313.04579      
# span 21 =   15.89779,   16.10428      
# span 22 = 4.7029e-02, 2.5415e+02      
# span 23 =     0.4825,     1.6106      
# span 24 =     1.0453,     1.8173      
# span 25 =    63.4886,    77.0046      
# span 26 = 0.0000e+00, 0.0000e+00      
# interval = meters: 1                  
# start_time = Apr 24 2019 10:20:21 [Instrument's time stamp, header]
# bad_flag = -9.990e-29
*END*
        263 114.431558    0.01821     1.0927     65.562      1.017  49641.076    30.8821     5.5256      1.000     5.5258    24.3547     6.9941     9.9953     97.408    304.930    312.357    0.02220    7.18025   10.26129  313.04579   16.10428 2.5415e+02     0.5169     1.4691    69.2622 0.0000e+00
        275 114.431593    0.01906     1.1437     68.623      2.019  49644.690    30.8843     5.5269      2.000     5.5260    24.3564     7.0484    10.0728     98.168    307.296    314.781    0.00699    7.17992   10.26082  313.03084   16.10356 1.2029e+02     0.4825     1.5004    68.7226 0.0000e+00
        280 114.431606    0.01937     1.1619     69.713      3.032  49660.422    30.8944     5.5254      3.000     5.5248    24.3645     7.0440    10.0665     98.109    307.100    314.582    0.00473    7.17971   10.26053  313.01933   16.10297 1.1001e+02     0.4927     1.5003    68.7238 0.0000e+00
        284 114.431617    0.01965     1.1790     70.737      4.030  49679.313    30.9069     5.5254      4.000     5.5281    24.3744     7.0358    10.0548     98.003    306.741    314.217    0.00278    7.17910   10.25965  312.98966   16.10151 8.1051e+01     0.5944     1.5072    68.6063 0.0000e+00
        289 114.431631    0.01997     1.1980     71.879      5.050  49724.396    30.9397     5.5367      5.000     5.5480    24.3991     7.0351    10.0539     98.042    306.706    314.189    0.00206    7.17561   10.25466  312.82991   16.09376 5.7722e+01     0.7366     1.4737    69.1818 0.0000e+00
        293 114.431643    0.02027     1.2159     72.957      6.054  49858.744    31.0391     5.5745      6.000     5.6119    24.4734     7.0355    10.0544     98.200    306.698    314.204    0.00242    7.16443   10.23869  312.32006   16.06908 4.1911e+01     0.9475     1.4302    69.9389 0.0000e+00
        297 114.431656    0.02059     1.2351     74.106      7.068  49921.405    31.0987     5.6596      7.000     5.6814    24.5108     7.0565    10.0844     98.731    307.601    315.140    0.00457    7.14715   10.21399  311.55523   16.03241 3.0385e+01     1.1368     1.3206    71.8844 0.0000e+00
        302 114.431669    0.02090     1.2540     75.238      8.074  49892.782    31.0846     5.6903      8.000     5.6928    24.4962     7.0985    10.1445     99.383    309.441    317.021    0.00697    7.14264   10.20755  311.36327   16.02333 2.2378e+01     1.4516     1.2603    72.9729 0.0000e+00
        307 114.431683    0.02124     1.2742     76.451      9.091  49904.953    31.0937     5.6967      9.000     5.6994    24.5027     7.1413    10.2056    100.002    311.300    318.928    0.00853    7.14112   10.20537  311.29476   16.02003 1.6336e+01     1.4297     1.1856    74.3502 0.0000e+00
        311 114.431696    0.02155     1.2930     77.579     10.091  49926.242    31.1102     5.7086     10.000     5.7153    24.5144     7.1591    10.2310    100.290    312.073    319.724    0.00780    7.13833   10.20139  311.16972   16.01401 1.2231e+01     1.4529     1.1266    75.4563 0.0000e+00
        316 114.431711    0.02190     1.3143     78.860     11.109  49931.514    31.1166     5.7249     11.000     5.7279    24.5175     7.1808    10.2621    100.638    313.019    320.693    0.00733    7.13527   10.19702  311.03543   16.00759 9.1141e+00     1.5233     1.0729    76.4744 0.0000e+00
        321 114.431725    0.02223     1.3337     80.019     12.110  49956.447    31.1360     5.7387     12.000     5.7417    24.5313     7.1873    10.2714    100.775    313.300    320.985    0.00597    7.13202   10.19237  310.88950   16.00055 6.8773e+00     1.5155     1.0760    76.4146 0.0000e+00
        326 114.431740    0.02260     1.3557     81.345     13.124  49978.317    31.1513     5.7417     13.000     5.7410    24.5430     7.1817    10.2635    100.715    313.054    320.737    0.00384    7.13079   10.19061  310.83238   15.99777 5.1763e+00     1.6106     1.1047    75.8691 0.0000e+00
        332 114.431755    0.02296     1.3771     82.626     14.132  49998.756    31.1657     5.7463     14.000     5.7465    24.5539     7.1333    10.1941    100.055    310.937    318.572   -0.00100    7.12934   10.18854  310.76575   15.99454 3.8752e+00     1.4544     1.1602    74.8211 0.0000e+00
        337 114.431771    0.02334     1.4006     84.033     15.147  50026.334    31.1844     5.7468     15.000     5.7454    24.5686     7.0758    10.1121     99.264    308.431    316.009   -0.00519    7.12837   10.18715  310.71908   15.99224 2.8518e+00     1.5330     1.1664    74.7073 0.0000e+00
        342 114.431785    0.02368     1.4206     85.234     16.144  50076.490    31.2198     5.7535     16.000     5.7583    24.5958     7.0423    10.0642     98.832    306.960    314.510   -0.00626    7.12556   10.18314  310.58844   15.98588 2.1016e+00     1.4416     1.1235    75.5171 0.0000e+00
        348 114.431803    0.02409     1.4452     86.715     17.176  50076.386    31.2216     5.7657     17.000     5.7649    24.5958     7.0117    10.0204     98.432    305.626    313.143   -0.00630    7.12341   10.18007  310.49484   15.98140 1.5785e+00     1.4699     1.0539    76.8348 0.0000e+00
        352 114.431814    0.02437     1.4622     87.729     18.164  50080.030    31.2239     5.7668     18.000     5.7662    24.5975     6.9984    10.0014     98.249    305.044    312.547   -0.00590    7.12312   10.17966  310.48169   15.98077 1.2107e+00     1.3022     1.0795    76.3484 0.0000e+00
        358 114.431831    0.02477     1.4861     89.167     19.212  50087.803    31.2292     5.7689     19.000     5.7711    24.6015     6.9833     9.9798     98.045    304.384    311.872   -0.00513    7.12253   10.17880  310.45432   15.97944 9.0491e-01     1.2529     1.0477    76.9576 0.0000e+00
        361 114.431841    0.02502     1.5010     90.063     20.180  50118.318    31.2519     5.7796     20.000     5.7820    24.6181     6.9850     9.9823     98.108    304.454    311.949   -0.00373    7.11965   10.17470  310.32417   15.97315 7.0679e-01     1.3177     1.0453    77.0046 0.0000e+00
        367 114.431858    0.02542     1.5248     91.490     21.214  50118.218    31.2526     5.7865     21.000     5.7850    24.6180     6.9839     9.9807     98.110    304.409    311.903   -0.00238    7.11845   10.17298  310.27179   15.97066 5.3652e-01     1.1754     1.0519    76.8790 0.0000e+00
        371 114.431869    0.02570     1.5422     92.531     22.203  50126.210    31.2578     5.7868     22.000     5.7854    24.6219     6.9663     9.9556     97.866    303.639    311.115   -0.00326    7.11816   10.17256  310.25784   15.96997 4.1752e-01     1.2200     1.0624    76.6773 0.0000e+00
        377 114.431886    0.02609     1.5652     93.914     23.228  50151.436    31.2750     5.7887     23.000     5.7896    24.6354     6.9608     9.9476     97.804    303.393    310.867   -0.00252    7.11702   10.17093  310.20399   15.96734 3.1766e-01     1.2719     1.1054    75.8572 0.0000e+00
        381 114.431899    0.02641     1.5848     95.087     24.226  50193.150    31.3053     5.7989     24.000     5.8016    24.6581     6.9475     9.9287     97.661    302.808    310.275   -0.00267    7.11387   10.16644  310.06003   15.96036 2.4658e-01     1.1637     1.0965    76.0267 0.0000e+00
        387 114.431915    0.02679     1.6070     96.417     25.234  50301.835    31.3831     5.8154     25.000     5.8286    24.7177     6.9215     9.8914     97.383    301.656    309.112   -0.00333    7.10743   10.15723  309.76154   15.94581 1.9033e-01     1.1645     1.0945    76.0629 0.0000e+00
        392 114.431929    0.02713     1.6282     97.694     26.250  50361.887    31.4299     5.8449     26.000     5.8486    24.7512     6.8966     9.8559     97.131    300.562    308.000   -0.00383    7.10028   10.14701  309.43943   15.93028 1.5174e-01     1.1526     1.0562    76.7944 0.0000e+00
        397 114.431944    0.02748     1.6490     98.937     27.258  50443.309    31.4882     5.8581     27.000     5.8591    24.7957     6.8336     9.7658     96.311    297.803    305.187   -0.00705    7.09534   10.13995  309.21063   15.91914 1.2365e-01     1.1038     1.1327    75.3403 0.0000e+00
        401 114.431956    0.02779     1.6672    100.033     28.261  50487.116    31.5189     5.8629     28.000     5.8603    24.8194     6.7698     9.6747     95.443    295.018    302.341   -0.01028    7.09307   10.13671  309.10488   15.91399 1.0228e-01     1.1806     1.2818    72.5963 0.0000e+00
        406 114.431971    0.02813     1.6877    101.260     29.283  50516.539    31.5384     5.8611     29.000     5.8579    24.8350     6.6902     9.5610     94.329    291.545    298.785   -0.01356    7.09246   10.13582  309.07309   15.91239 8.5358e-02     0.9659     1.4640    69.3538 0.0000e+00
        410 114.431982    0.02840     1.7044    102.266     30.279  50528.192    31.5457     5.8595     30.000     5.8570    24.8410     6.6261     9.4693     93.426    288.749    295.922   -0.01556    7.09237   10.13571  309.06766   15.91210 7.2876e-02     0.9699     1.6371    66.4146 0.0000e+00
        415 114.431996    0.02873     1.7240    103.438     31.298  50534.324    31.5494     5.8596     31.000     5.8573    24.8440     6.5811     9.4051     92.793    286.786    293.911   -0.01495    7.09219   10.13544  309.05868   15.91165 6.4272e-02     0.8538     1.6812    65.6858 0.0000e+00
        419 114.432008    0.02903     1.7414    104.487     32.302  50541.491    31.5540     5.8602     32.000     5.8582    24.8475     6.5603     9.3753     92.505    285.880    292.984   -0.01274    7.09188   10.13501  309.04432   15.91095 5.8997e-02     0.8814     1.7741    64.1792 0.0000e+00
        423 114.432021    0.02933     1.7601    105.606     33.315  50546.354    31.5571     5.8613     33.000     5.8593    24.8498     6.5560     9.3692     92.448    285.691    292.790   -0.00981    7.09154   10.13452  309.02893   15.91021 5.4614e-02     0.8690     1.7932    63.8733 0.0000e+00
        428 114.432033    0.02963     1.7779    106.676     34.318  50551.113    31.5602     5.8628     34.000     5.8609    24.8521     6.5593     9.3740     92.501    285.837    292.940   -0.00686    7.09114   10.13395  309.01082   15.90933 5.2251e-02     0.9336     1.8173    63.4886 0.0000e+00
        432 114.432047    0.02994     1.7966    107.795     35.334  50557.294    31.5644     5.8648     35.000     5.8631    24.8551     6.5611     9.3765     92.533    285.914    293.021   -0.00488    7.09062   10.13320  308.98717   15.90819 4.9329e-02     0.8432     1.7241    64.9935 0.0000e+00
        437 114.432059    0.03026     1.8153    108.918     36.341  50563.768    31.5689     5.8672     36.000     5.8653    24.8585     6.5567     9.3702     92.478    285.719    292.822   -0.00385    7.09000   10.13232  308.95914   15.90683 4.8388e-02     0.8650     1.6714    65.8468 0.0000e+00
        441 114.432073    0.03057     1.8344    110.064     37.355  50570.187    31.5734     5.8696     37.000     5.8674    24.8616     6.5631     9.3793     92.575    285.996    293.107   -0.00234    7.08938   10.13144  308.93131   15.90549 4.7822e-02     0.9151     1.5824    67.3310 0.0000e+00
        446 114.432085    0.03088     1.8528    111.171     38.357  50571.634    31.5741     5.8710     38.000     5.8686    24.8622     6.5642     9.3809     92.595    286.044    293.156   -0.00157    7.08912   10.13106  308.91985   15.90494 4.7432e-02     0.8259     1.5679    67.5742 0.0000e+00
        450 114.432099    0.03121     1.8728    112.370     39.376  50572.182    31.5742     5.8722     39.000     5.8693    24.8621     6.5587     9.3731     92.521    285.807    292.912   -0.00169    7.08891   10.13077  308.91064   15.90451 4.7065e-02     0.8198     1.4920    68.8676 0.0000e+00
        455 114.432112    0.03153     1.8917    113.505     40.380  50578.904    31.5786     5.8735     40.000     5.8711    24.8654     6.5571     9.3708     92.504    285.737    292.842   -0.00135    7.08848   10.13016  308.89116   15.90356 4.7029e-02     0.8893     1.4475    69.6367 0.0000e+00
        460 114.432126    0.03185     1.9111    114.668     41.391  50580.194    31.5794     5.8749     41.000     5.8721    24.8658     6.5606     9.3757     92.556    285.887    292.996   -0.00074    7.08822   10.12978  308.87934   15.90299 4.7240e-02     0.8313     1.4488    69.6151 0.0000e+00
        464 114.432139    0.03218     1.9308    115.851     42.402  50582.532    31.5807     5.8763     42.000     5.8734    24.8668     6.5592     9.3738     92.541    285.828    292.936   -0.00064    7.08794   10.12937  308.86669   15.90238 4.7375e-02     0.8851     1.4434    69.7094 0.0000e+00
        469 114.432153    0.03249     1.9496    116.973     43.408  50581.007    31.5794     5.8770     43.000     5.8737    24.8656     6.5554     9.3684     92.489    285.664    292.767   -0.00083    7.08786   10.12926  308.86375   15.90225 4.7840e-02     0.8515     1.4755    69.1521 0.0000e+00
        474 114.432166    0.03283     1.9695    118.171     44.427  50583.441    31.5806     5.8773     44.000     5.8742    24.8666     6.5561     9.3694     92.500    285.694    292.798   -0.00065    7.08776   10.12911  308.85880   15.90201 4.7192e-02     0.9678     1.4418    69.7374 0.0000e+00
        478 114.432178    0.03311     1.9866    119.196     45.422  50585.275    31.5816     5.8785     45.000     5.8755    24.8672     6.5622     9.3779     92.587    285.954    293.065   -0.00000    7.08753   10.12878  308.84862   15.90152 4.7777e-02     0.9012     1.5008    68.7172 0.0000e+00
        483 114.432192    0.03345     2.0072    120.430     46.446  50586.574    31.5824     5.8802     46.000     5.8772    24.8677     6.5596     9.3743     92.556    285.842    292.951   -0.00032    7.08720   10.12832  308.83445   15.90084 4.7471e-02     0.9267     1.4753    69.1581 0.0000e+00
        487 114.432205    0.03375     2.0253    121.516     47.447  50586.181    31.5820     5.8820     47.000     5.8788    24.8672     6.5612     9.3766     92.582    285.914    293.023   -0.00009    7.08691   10.12790  308.82185   15.90025 4.7643e-02     0.9068     1.5239    68.3207 0.0000e+00
        492 114.432219    0.03408     2.0449    122.695     48.460  50586.721    31.5820     5.8828     48.000     5.8791    24.8671     6.5628     9.3789     92.606    285.982    293.094   -0.00005    7.08678   10.12772  308.81628   15.89997 4.7618e-02     0.9237     1.5211    68.3675 0.0000e+00
        496 114.432232    0.03440     2.0639    123.836     49.467  50587.980    31.5825     5.8834     49.000     5.8798    24.8675     6.5652     9.3823     92.642    286.087    293.202    0.00012    7.08666   10.12754  308.81088   15.89972 4.7683e-02     0.8640     1.5428    67.9983 0.0000e+00
        501 114.432245    0.03473     2.0837    125.020     50.476  50591.788    31.5849     5.8845     50.000     5.8819    24.8692     6.5630     9.3792     92.615    285.991    293.103   -0.00008    7.08636   10.12711  308.79720   15.89906 4.7705e-02     0.9267     1.5380    68.0796 0.0000e+00
        506 114.432260    0.03508     2.1048    126.287     51.469  50592.858    31.5858     5.8878     51.000     5.8842    24.8695     6.5586     9.3730     92.561    285.801    292.909   -0.00046    7.08575   10.12625  308.77069   15.89779 4.8097e-02     0.8772     1.6399    66.3756 0.0000e+00
