CTD-processing/allCTD/CNV/2019_06-19_alongbay_skb06_cast220_4141.cnv
* Sea-Bird SBE19plus Data File:
* FileName = C:\Users\jwschloemer\Documents\CTD Data\2019_06-19_AlongBay_T9\2019_06-19_AlongBay_SKB01_Cast220.hex
* Software Version 1.59
* Temperature SN =  4141
* Conductivity SN =  4141
* System UpLoad Time = Jun 20 2019 15:38:11
** Cook Inlet LTM Along Bay
** Date: 2019_06_19
** Station:06
** Start Time (AKST):13:19
** Depth (m):101
** Comment:
# nquan = 27
# nvalues = 97                          
# units = specified
# name 0 = scan: Scan Count
# name 1 = timeJ: Julian Days
# name 2 = timeH: Time, Elapsed [hours]
# name 3 = timeM: Time, Elapsed [minutes]
# name 4 = timeS: Time, Elapsed [seconds]
# name 5 = prdM: Pressure, Strain Gauge [db]
# name 6 = specc: Specific Conductance [uS/cm]
# name 7 = sal00: Salinity, Practical [PSU]
# name 8 = tv290C: Temperature [ITS-90, deg C]
# name 9 = depSM: Depth [salt water, m], lat = 59.00
# name 10 = potemp090C: Potential Temperature [ITS-90, deg C]
# name 11 = sigma-é00: Density [sigma-theta, kg/m^3]
# name 12 = sbeox0ML/L: Oxygen, SBE 43 [ml/l]
# name 13 = sbeox0Mg/L: Oxygen, SBE 43 [mg/l]
# name 14 = sbeox0PS: Oxygen, SBE 43 [% saturation]
# name 15 = sbox0Mm/Kg: Oxygen, SBE 43 [umol/kg]
# name 16 = sbeox0Mm/L: Oxygen, SBE 43 [umol/l]
# name 17 = sbox0dV/dT: Oxygen, SBE 43 [dov/dt]
# name 18 = oxsolML/L: Oxygen Saturation, Garcia & Gordon [ml/l]
# name 19 = oxsolMg/L: Oxygen Saturation, Garcia & Gordon [mg/l]
# name 20 = oxsolMm/Kg: Oxygen Saturation, Garcia & Gordon [umol/kg]
# name 21 = n2satMg/L: Nitrogen Saturation [mg/l]
# name 22 = par: PAR/Irradiance, Biospherical/Licor
# name 23 = wetStar: Fluorescence, WET Labs WETstar [mg/m^3]
# name 24 = CStarAt0: Beam Attenuation, WET Labs C-Star [1/m]
# name 25 = CStarTr0: Beam Transmission, WET Labs C-Star [%]
# name 26 = flag: flag
# span 0 =        124,        726       
# span 1 = 170.555367, 170.557111       
# span 2 =    0.00854,    0.05037       
# span 3 =     0.5125,     3.0217       
# span 4 =     30.748,    181.305       
# span 5 =      1.024,     97.930       
# span 6 =  45125.970,  50442.396       
# span 7 =    28.5891,    31.6860       
# span 8 =     7.1011,    11.6046       
# span 9 =      1.000,     97.000       
# span 10 =     7.0924,    11.5689      
# span 11 =    21.7081,    24.7972      
# span 12 =     6.1477,     7.3380      
# span 13 =     8.7858,    10.4867      
# span 14 =     91.934,    112.995      
# span 15 =    268.725,    320.092      
# span 16 =    274.560,    327.714      
# span 17 =   -0.02741,    0.00440      
# span 18 =    6.35119,    6.88382      
# span 19 =    9.07650,    9.83766      
# span 20 =  277.60755,  299.99249      
# span 21 =   14.42134,   15.47892      
# span 22 = 3.6170e-02, 6.9363e+02      
# span 23 =     0.3590,     4.2052      
# span 24 =     0.4111,     7.6976      
# span 25 =    38.2426,    90.2329      
# span 26 = 0.0000e+00, 0.0000e+00      
# interval = meters: 1                  
# start_time = Jun 19 2019 13:19:13 [Instrument's time stamp, header]
# bad_flag = -9.990e-29
*END*
        124 170.555367    0.00854     0.5125     30.748      1.024  45125.970    28.5891    11.4718      1.000    11.5689    21.7081     6.1477     8.7858     96.520    268.725    274.560    0.00025    6.37257    9.10704  278.55231   14.46690 4.6762e+02     0.5314     7.6976    38.2426 0.0000e+00
        301 170.555881    0.02086     1.2516     75.095      2.017  45220.283    28.6676    11.6046      2.000    11.5653    21.7462     7.1513    10.2200    112.596    312.582    319.379   -0.00082    6.35119    9.07650  277.60755   14.42134 6.9363e+02     0.6836     0.7775    79.6483 0.0000e+00
        302 170.555882    0.02089     1.2538     75.230      3.030  45354.505    28.7524    11.5115      3.000    11.4850    21.8282     7.1205    10.1759    111.950    311.208    318.001   -0.00219    6.36047    9.08974  277.99047   14.43933 5.5615e+02     0.6939     0.9410    79.0369 0.0000e+00
        307 170.555896    0.02123     1.2740     76.441      4.035  45491.653    28.8420    11.4453      4.000    11.4136    21.9092     7.1450    10.2110    112.240    312.257    319.098    0.00024    6.36588    9.09748  278.20495   14.44924 4.5568e+02     0.7858     0.9413    79.0320 0.0000e+00
        312 170.555911    0.02158     1.2947     77.682      5.049  45619.691    28.9263    11.3928      5.000    11.3782    21.9838     7.1695    10.2460    112.558    313.305    320.192    0.00202    6.36966    9.10288  278.34973   14.45583 3.5613e+02     0.9115     0.9319    79.2186 0.0000e+00
        316 170.555924    0.02190     1.3141     78.846      6.060  45807.826    29.0541    11.3523      6.000    11.3178    22.0900     7.1978    10.2864    112.995    314.508    321.455    0.00440    6.37005    9.10343  278.33786   14.45474 2.7608e+02     1.0932     0.9185    79.4832 0.0000e+00
        320 170.555936    0.02218     1.3310     79.858      7.061  45864.495    29.0828    11.2459      7.000    11.1088    22.1306     7.2123    10.3072    112.984    315.129    322.102    0.00302    6.38347    9.12263  278.91354   14.48220 2.1873e+02     1.2733     0.9235    79.3836 0.0000e+00
        325 170.555950    0.02252     1.3511     81.066      8.080  46423.616    29.4309    10.8212      8.000    10.5959    22.4730     7.1902    10.2754    111.856    314.054    321.112   -0.00529    6.42807    9.18634  280.76753   14.56954 1.7704e+02     1.5962     0.9293    79.2687 0.0000e+00
        329 170.555962    0.02281     1.3682     82.091      9.082  47042.091    29.8185    10.4023      9.000    10.2722    22.8441     7.1509    10.2194    110.511    312.227    319.359   -0.01422    6.47083    9.24746  282.53287   14.65245 1.4011e+02     2.0195     0.9211    79.4304 0.0000e+00
        334 170.555975    0.02312     1.3871     83.227     10.095  47564.110    30.1474    10.0840     10.000     9.8650    23.1522     7.2178    10.3148    111.002    315.049    322.343   -0.00758    6.50231    9.29245  283.82186   14.71277 1.1315e+02     2.4740     0.9411    79.0465 0.0000e+00
        339 170.555988    0.02344     1.4064     84.385     11.102  48175.511    30.5062     9.5215     11.000     9.2794    23.5215     7.2869    10.4137    110.944    317.953    325.432   -0.00513    6.56816    9.38656  286.59286   14.84383 8.8910e+01     3.2403     1.0894    76.3034 0.0000e+00
        343 170.556001    0.02376     1.4257     85.540     12.113  48664.219    30.7890     9.0730     12.000     8.9577    23.8118     7.3380    10.4867    110.816    320.092    327.714   -0.00592    6.62172    9.46310  288.84811   14.95048 7.2051e+01     4.2052     0.7198    83.5162 0.0000e+00
        348 170.556016    0.02410     1.4456     86.734     13.120  48903.769    30.9216     8.8223     13.000     8.7525    23.9532     7.3346    10.4819    110.244    319.902    327.565   -0.00674    6.65318    9.50805  290.18001   15.01358 6.0408e+01     3.8111     0.6345    85.3332 0.0000e+00
        353 170.556031    0.02446     1.4677     88.061     14.138  49028.695    30.9886     8.6815     14.000     8.6424    24.0267     7.2039    10.2952    107.984    314.179    321.727   -0.01893    6.67127    9.53391  290.94833   15.05001 5.0550e+01     2.9302     0.5834    86.4278 0.0000e+00
        358 170.556044    0.02477     1.4864     89.182     15.139  49081.053    31.0121     8.5942     15.000     8.5484    24.0581     7.1287    10.1876    106.664    310.888    318.368   -0.02173    6.68335    9.55118  291.46625   15.07466 4.2588e+01     2.6975     0.6023    86.0212 0.0000e+00
        363 170.556058    0.02511     1.5068     90.405     16.156  49163.975    31.0527     8.4782     16.000     8.4226    24.1069     7.0612    10.0911    105.406    307.928    315.351   -0.02249    6.69903    9.57358  292.13617   15.10649 3.5805e+01     2.4692     0.5827    86.4436 0.0000e+00
        367 170.556070    0.02541     1.5243     91.460     17.158  49263.187    31.1041     8.3599     17.000     8.2969    24.1644     6.9951     9.9967    104.177    305.030    312.401   -0.02404    6.71464    9.59589  292.80043   15.13801 3.0038e+01     2.3335     0.5829    86.4402 0.0000e+00
        372 170.556085    0.02575     1.5452     92.710     18.173  49418.948    31.1883     8.1997     18.000     8.1186    24.2536     6.9130     9.8793    102.638    301.422    308.733   -0.02566    6.73529    9.62540  293.67533   15.17944 2.5397e+01     2.0847     0.5890    86.3108 0.0000e+00
        377 170.556098    0.02608     1.5647     93.884     19.178  49629.144    31.3062     8.0143     19.000     7.9688    24.3724     6.8316     9.7631    101.084    297.843    305.102   -0.02741    6.75843    9.65847  294.64998   15.22550 2.1374e+01     1.8203     0.5571    86.9997 0.0000e+00
        381 170.556112    0.02641     1.5844     95.063     20.189  49716.733    31.3554     7.9409     20.000     7.9252    24.4214     6.7512     9.6481     99.759    294.320    301.508   -0.02741    6.76750    9.67143  295.03147   15.24351 1.8153e+01     1.6600     0.5552    87.0415 0.0000e+00
        386 170.556126    0.02674     1.6044     96.263     21.201  49743.079    31.3692     7.9149     21.000     7.9047    24.4360     6.7022     9.5780     98.985    292.179    299.318   -0.02390    6.77090    9.67628  295.17527   15.25032 1.5445e+01     1.3245     0.5593    86.9509 0.0000e+00
        391 170.556139    0.02705     1.6231     97.386     22.209  49799.885    31.4051     7.8938     22.000     7.8804    24.4672     6.6945     9.5670     98.847    291.835    298.975   -0.01790    6.77255    9.67866  295.23858   15.25319 1.3005e+01     1.2043     0.5530    87.0894 0.0000e+00
        395 170.556151    0.02735     1.6409     98.452     23.220  49873.445    31.4528     7.8733     23.000     7.8711    24.5074     6.6946     9.5673     98.834    291.830    298.982   -0.01291    6.77360    9.68015  295.27243   15.25462 1.1006e+01     1.0931     0.5395    87.3839 0.0000e+00
        399 170.556163    0.02763     1.6580     99.482     24.227  49938.503    31.4995     7.8838     24.000     7.8991    24.5426     6.6994     9.5742     98.959    292.029    299.196   -0.00884    6.76993    9.67490  295.10224   15.24630 9.4062e+00     0.9969     0.5111    88.0065 0.0000e+00
        403 170.556176    0.02793     1.6758    100.549     25.239  49953.927    31.5162     7.9236     25.000     7.9330    24.5501     6.7110     9.5907     99.230    292.532    299.714   -0.00476    6.76308    9.66511  294.80163   15.23189 8.0471e+00     0.9415     0.4645    89.0366 0.0000e+00
        407 170.556186    0.02820     1.6922    101.530     26.243  49952.272    31.5179     7.9446     26.000     7.9493    24.5485     6.7288     9.6161     99.542    293.307    300.507   -0.00165    6.75978    9.66039  294.65812   15.22502 6.9299e+00     0.9271     0.4502    89.3546 0.0000e+00
        411 170.556199    0.02850     1.7102    102.614     27.260  49943.043    31.5130     7.9572     27.000     7.9559    24.5429     6.7529     9.6505     99.922    294.356    301.581    0.00122    6.75805    9.65794  294.58470   15.22154 5.9894e+00     0.8279     0.4387    89.6121 0.0000e+00
        415 170.556211    0.02878     1.7270    103.621     28.265  49951.917    31.5189     7.9584     28.000     7.9554    24.5475     6.7618     9.6633    100.063    294.748    301.983    0.00180    6.75759    9.65728  294.56363   15.22050 5.1483e+00     0.8032     0.4393    89.5984 0.0000e+00
        420 170.556223    0.02907     1.7443    104.658     29.275  49977.732    31.5362     7.9560     29.000     7.9413    24.5613     6.7652     9.6681    100.117    294.891    302.134    0.00159    6.75722    9.65674  294.54310   15.21946 4.4526e+00     0.7475     0.4363    89.6660 0.0000e+00
        424 170.556236    0.02938     1.7626    105.753     30.286  50001.675    31.5466     7.9192     30.000     7.8947    24.5747     6.7555     9.6543     99.898    294.465    301.702   -0.00011    6.76239    9.66414  294.76476   15.23000 3.8270e+00     0.7774     0.4111    90.2329 0.0000e+00
        428 170.556248    0.02966     1.7800    106.799     31.293  50008.175    31.5433     7.8733     31.000     7.8448    24.5786     6.7366     9.6272     99.512    293.637    300.854   -0.00270    6.76960    9.67443  295.07775   15.24495 3.3154e+00     0.7374     0.4246    89.9291 0.0000e+00
        433 170.556261    0.02997     1.7984    107.905     32.307  50003.118    31.5289     7.8086     32.000     7.7554    24.5764     6.7213     9.6055     99.132    292.975    300.176   -0.00419    6.78020    9.68958  295.54026   15.26709 2.8704e+00     0.6601     0.4489    89.3844 0.0000e+00
        437 170.556272    0.03027     1.8158    108.947     33.313  50073.026    31.5597     7.7004     33.000     7.6613    24.6156     6.6782     9.5439     98.274    291.085    298.251   -0.00827    6.79555    9.71153  296.19834   15.29838 2.4896e+00     0.6186     0.4852    88.5759 0.0000e+00
        441 170.556286    0.03058     1.8345    110.072     34.322  50150.336    31.6037     7.6423     34.000     7.6327    24.6583     6.6170     9.4563     97.272    288.403    295.515   -0.01223    6.80259    9.72159  296.49276   15.31225 2.1305e+00     0.6161     0.4996    88.2578 0.0000e+00
        446 170.556299    0.03089     1.8539    111.232     35.336  50163.866    31.6109     7.6317     35.000     7.6257    24.6655     6.5714     9.3913     96.583    286.416    293.481   -0.01296    6.80392    9.72347  296.54835   15.31488 1.8167e+00     0.5651     0.5008    88.2332 0.0000e+00
        450 170.556311    0.03119     1.8714    112.284     36.342  50178.619    31.6200     7.6270     36.000     7.6241    24.6732     6.5564     9.3698     96.358    285.759    292.810   -0.01106    6.80426    9.72396  296.56105   15.31545 1.5526e+00     0.5302     0.5026    88.1915 0.0000e+00
        455 170.556324    0.03150     1.8899    113.396     37.356  50178.826    31.6199     7.6280     37.000     7.6233    24.6729     6.5629     9.3790     96.455    286.041    293.099   -0.00734    6.80411    9.72374  296.55426   15.31512 1.3274e+00     0.5046     0.4969    88.3197 0.0000e+00
        459 170.556336    0.03178     1.9068    114.410     38.357  50181.805    31.6211     7.6253     38.000     7.6203    24.6742     6.5750     9.3964     96.628    286.570    293.640   -0.00441    6.80447    9.72427  296.57022   15.31588 1.1358e+00     0.4833     0.5050    88.1393 0.0000e+00
        463 170.556348    0.03208     1.9254    115.523     39.379  50189.588    31.6256     7.6231     39.000     7.6195    24.6782     6.5636     9.3800     96.458    286.071    293.130   -0.00392    6.80461    9.72446  296.57487   15.31608 9.6973e-01     0.4791     0.4991    88.2687 0.0000e+00
        467 170.556360    0.03237     1.9422    116.532     40.378  50190.431    31.6258     7.6234     40.000     7.6201    24.6783     6.5691     9.3879     96.540    286.311    293.377   -0.00285    6.80454    9.72437  296.57200   15.31595 8.3055e-01     0.4937     0.5070    88.0951 0.0000e+00
        472 170.556374    0.03269     1.9616    117.694     41.394  50198.531    31.6314     7.6255     41.000     7.6249    24.6824     6.5705     9.3899     96.568    286.369    293.437   -0.00175    6.80398    9.72357  296.54622   15.31469 7.1017e-01     0.4706     0.5033    88.1769 0.0000e+00
        476 170.556385    0.03298     1.9784    118.705     42.400  50189.635    31.6257     7.6321     42.000     7.6227    24.6772     6.5703     9.3896     96.576    286.361    293.428   -0.00130    6.80320    9.72245  296.51385   15.31318 6.0570e-01     0.4598     0.5113    88.0017 0.0000e+00
        480 170.556397    0.03325     1.9954    119.721     43.407  50188.797    31.6225     7.6186     43.000     7.6069    24.6764     6.5683     9.3868     96.516    286.278    293.342   -0.00137    6.80544    9.72566  296.61167   15.31785 5.2090e-01     0.4917     0.5076    88.0831 0.0000e+00
        485 170.556411    0.03359     2.0153    120.919     44.423  50186.920    31.6172     7.5975     44.000     7.5835    24.6752     6.5653     9.3824     96.420    286.142    293.203   -0.00157    6.80896    9.73068  296.76539   15.32521 4.4643e-01     0.4562     0.5188    87.8374 0.0000e+00
        489 170.556423    0.03388     2.0325    121.951     45.431  50201.159    31.6241     7.5820     45.000     7.5733    24.6828     6.5554     9.3683     96.246    285.713    292.765   -0.00233    6.81106    9.73368  296.85471   15.32944 3.7811e-01     0.4524     0.5154    87.9098 0.0000e+00
        493 170.556435    0.03416     2.0495    122.969     46.436  50204.917    31.6250     7.5740     46.000     7.5665    24.6845     6.5489     9.3591     96.135    285.430    292.475   -0.00249    6.81226    9.73540  296.90653   15.33191 3.2134e-01     0.4791     0.5267    87.6632 0.0000e+00
        498 170.556449    0.03448     2.0688    124.129     47.449  50197.671    31.6176     7.5631     47.000     7.5497    24.6803     6.5457     9.3545     96.059    285.290    292.331   -0.00224    6.81428    9.73829  296.99585   15.33621 2.6916e-01     0.4591     0.5319    87.5493 0.0000e+00
        502 170.556461    0.03479     2.0874    125.243     48.463  50208.426    31.6216     7.5450     48.000     7.5329    24.6860     6.5421     9.3493     95.968    285.130    292.168   -0.00231    6.81691    9.74205  297.10886   15.34158 2.2148e-01     0.4965     0.5366    87.4444 0.0000e+00
        506 170.556473    0.03507     2.1040    126.243     49.466  50197.392    31.6089     7.5172     49.000     7.4958    24.6797     6.5359     9.3404     95.808    284.862    291.892   -0.00263    6.82183    9.74908  297.32505   15.35195 1.7572e-01     0.4658     0.5572    86.9971 0.0000e+00
        510 170.556485    0.03537     2.1221    127.326     50.475  50230.267    31.6270     7.4911     50.000     7.4835    24.6975     6.5221     9.3207     95.560    284.255    291.275   -0.00365    6.82510    9.75373  297.46199   15.35842 1.4626e-01     0.4511     0.5847    86.4006 0.0000e+00
        515 170.556499    0.03570     2.1420    128.521     51.490  50236.711    31.6303     7.4868     51.000     7.4816    24.7007     6.5126     9.3071     95.415    283.841    290.852   -0.00341    6.82561    9.75447  297.48355   15.35943 1.1951e-01     0.4623     0.6065    85.9318 0.0000e+00
        519 170.556511    0.03600     2.1600    129.597     52.499  50236.775    31.6297     7.4855     52.000     7.4800    24.7005     6.5088     9.3018     95.355    283.677    290.684   -0.00302    6.82586    9.75483  297.49440   15.35995 9.8757e-02     0.4355     0.6006    86.0595 0.0000e+00
        524 170.556524    0.03631     2.1784    130.702     53.505  50238.892    31.6305     7.4845     53.000     7.4797    24.7013     6.5125     9.3070     95.408    283.838    290.849   -0.00185    6.82597    9.75499  297.49924   15.36018 8.4031e-02     0.4376     0.6030    86.0058 0.0000e+00
