CTD-processing/allCTD/CNV/2019_07-25_t6_s01_cast032_4141.cnv
* Sea-Bird SBE19plus Data File:
* FileName = C:\Users\jwschloemer\Documents\CTD Data\2019_07-25_T6\2019_07-25_T6_0_Cast032.hex
* Software Version 1.59
* Temperature SN =  4141
* Conductivity SN =  4141
* System UpLoad Time = Aug 02 2019 13:32:53
** Cook Inlet LTM Transect 6
** Date: 2019_07-25
** Station:6-1
** Start Time (AKST):10:44
** Depth (m):34.3
** Comment:
** Comment:
# nquan = 27
# nvalues = 34                          
# units = specified
# name 0 = scan: Scan Count
# name 1 = timeJ: Julian Days
# name 2 = timeH: Time, Elapsed [hours]
# name 3 = timeM: Time, Elapsed [minutes]
# name 4 = timeS: Time, Elapsed [seconds]
# name 5 = prdM: Pressure, Strain Gauge [db]
# name 6 = specc: Specific Conductance [uS/cm]
# name 7 = sal00: Salinity, Practical [PSU]
# name 8 = tv290C: Temperature [ITS-90, deg C]
# name 9 = depSM: Depth [salt water, m], lat = 59.00
# name 10 = potemp090C: Potential Temperature [ITS-90, deg C]
# name 11 = sigma-é00: Density [sigma-theta, kg/m^3]
# name 12 = sbeox0ML/L: Oxygen, SBE 43 [ml/l]
# name 13 = sbeox0Mg/L: Oxygen, SBE 43 [mg/l]
# name 14 = sbeox0PS: Oxygen, SBE 43 [% saturation]
# name 15 = sbox0Mm/Kg: Oxygen, SBE 43 [umol/kg]
# name 16 = sbeox0Mm/L: Oxygen, SBE 43 [umol/l]
# name 17 = sbox0dV/dT: Oxygen, SBE 43 [dov/dt]
# name 18 = oxsolML/L: Oxygen Saturation, Garcia & Gordon [ml/l]
# name 19 = oxsolMg/L: Oxygen Saturation, Garcia & Gordon [mg/l]
# name 20 = oxsolMm/Kg: Oxygen Saturation, Garcia & Gordon [umol/kg]
# name 21 = n2satMg/L: Nitrogen Saturation [mg/l]
# name 22 = par: PAR/Irradiance, Biospherical/Licor
# name 23 = wetStar: Fluorescence, WET Labs WETstar [mg/m^3]
# name 24 = CStarAt0: Beam Attenuation, WET Labs C-Star [1/m]
# name 25 = CStarTr0: Beam Transmission, WET Labs C-Star [%]
# name 26 = flag: flag
# span 0 =        194,        456       
# span 1 = 206.447712, 206.448469       
# span 2 =    0.01341,    0.03161       
# span 3 =     0.8049,     1.8962       
# span 4 =     48.293,    113.769       
# span 5 =      1.011,     34.313       
# span 6 =  49377.199,  49741.880       
# span 7 =    31.4948,    31.6872       
# span 8 =    10.2033,    10.6070       
# span 9 =      1.000,     34.000       
# span 10 =    10.1987,    10.5683      
# span 11 =    24.1151,    24.3333      
# span 12 =     5.8417,     6.1674      
# span 13 =     8.3484,     8.8138      
# span 14 =     91.647,     96.662      
# span 15 =    254.747,    268.930      
# span 16 =    260.891,    275.434      
# span 17 =   -0.00723,    0.00276      
# span 18 =    6.37369,    6.42176      
# span 19 =    9.10864,    9.17733      
# span 20 =  277.94786,  279.98272      
# span 21 =   14.42624,   14.52288      
# span 22 = 1.7129e+00, 4.3780e+02      
# span 23 =     0.9461,     2.8906      
# span 24 =     0.4200,     4.2841      
# span 25 =    57.3592,    90.0335      
# span 26 = 0.0000e+00, 0.0000e+00      
# interval = meters: 1                  
# start_time = Jul 25 2019 10:43:54 [Instrument's time stamp, header]
# bad_flag = -9.990e-29
*END*
        194 206.447712    0.01341     0.8049     48.293      1.011  49377.199    31.4948    10.6070      1.000    10.5683    24.1151     5.8417     8.3484     91.647    254.747    260.891    0.00159    6.37369    9.10864  277.94786   14.42624 4.3780e+02     0.9461     4.2841    57.3592 0.0000e+00
        305 206.448033    0.02112     1.2676     76.055      2.019  49499.318    31.5700    10.5355      2.000    10.5230    24.1856     6.1674     8.8138     96.662    268.930    275.434    0.00276    6.38037    9.11818  278.21827   14.43888 3.7641e+02     1.2567     0.4641    87.4875 0.0000e+00
        307 206.448037    0.02123     1.2740     76.438      3.027  49505.104    31.5707    10.5103      3.000    10.4983    24.1905     6.1506     8.7898     96.347    268.198    274.685    0.00053    6.38383    9.12313  278.36797   14.44604 2.8338e+02     1.2049     0.5804    86.4949 0.0000e+00
        311 206.448051    0.02156     1.2935     77.613      4.040  49516.134    31.5751    10.4858      4.000    10.4743    24.1981     6.1443     8.7808     96.200    267.921    274.405   -0.00075    6.38704    9.12773  278.50607   14.45263 2.4297e+02     1.2747     0.5879    86.3324 0.0000e+00
        316 206.448064    0.02186     1.3118     78.707      5.045  49521.010    31.5742    10.4537      5.000    10.4408    24.2029     6.1454     8.7824     96.149    267.968    274.454   -0.00089    6.39152    9.13412  278.69984   14.46192 2.0414e+02     1.5410     0.5943    86.1950 0.0000e+00
        321 206.448078    0.02220     1.3321     79.926      6.057  49541.075    31.5854    10.4325      6.000    10.4272    24.2152     6.1336     8.7656     95.928    267.452    273.929   -0.00234    6.39401    9.13767  278.80496   14.46690 1.5641e+02     1.8885     0.6171    85.7031 0.0000e+00
        325 206.448091    0.02253     1.3515     81.092      7.067  49548.011    31.5888    10.4233      7.000    10.4191    24.2193     6.1469     8.7846     96.119    268.030    274.522   -0.00030    6.39514    9.13930  278.85339   14.46921 1.2249e+02     2.1520     0.6121    85.8110 0.0000e+00
        330 206.448105    0.02284     1.3705     82.230      8.075  49572.237    31.6045    10.4150      8.000    10.4115    24.2330     6.1373     8.7708     95.961    267.606    274.091   -0.00125    6.39565    9.14002  278.87179   14.47003 9.9145e+01     2.2637     0.6125    85.8027 0.0000e+00
        335 206.448118    0.02316     1.3898     83.388      9.082  49600.758    31.6239    10.4125      9.000    10.4141    24.2486     6.1307     8.7613     95.864    267.313    273.795   -0.00153    6.39521    9.13938  278.84813   14.46882 8.0829e+01     2.3055     0.5915    86.2551 0.0000e+00
        340 206.448133    0.02352     1.4116     84.696     10.096  49617.534    31.6364    10.4205     10.000    10.4242    24.2570     6.1361     8.7691     95.974    267.551    274.041   -0.00051    6.39359    9.13708  278.77554   14.46529 6.6963e+01     2.6609     0.5704    86.7107 0.0000e+00
        345 206.448148    0.02388     1.4329     85.974     11.107  49635.646    31.6506    10.4357     11.000    10.4417    24.2655     6.1410     8.7761     96.090    267.760    274.257    0.00035    6.39090    9.13324  278.65593   14.45951 5.5013e+01     2.6702     0.5320    87.5469 0.0000e+00
        349 206.448160    0.02417     1.4502     87.014     12.114  49649.576    31.6621    10.4520     12.000    10.4561    24.2717     6.1540     8.7947     96.334    268.324    274.837    0.00171    6.38819    9.12935  278.53576   14.45371 4.6603e+01     2.8906     0.5286    87.6208 0.0000e+00
        353 206.448171    0.02445     1.4670     88.020     13.118  49629.280    31.6480    10.4582     13.000    10.4458    24.2597     6.1601     8.8035     96.435    268.596    275.113    0.00197    6.38789    9.12894  278.52646   14.45333 3.9558e+01     2.7389     0.5386    87.4030 0.0000e+00
        358 206.448186    0.02479     1.4876     89.254     14.134  49634.320    31.6469    10.4231     14.000    10.4088    24.2648     6.1506     8.7899     96.212    268.179    274.687    0.00011    6.39280    9.13596  278.73904   14.46350 3.3448e+01     2.6318     0.5303    87.5853 0.0000e+00
        363 206.448200    0.02514     1.5081     90.487     15.138  49653.216    31.6571    10.4007     15.000    10.3945    24.2765     6.1223     8.7494     95.728    266.941    273.422   -0.00344    6.39550    9.13980  278.85316   14.46892 2.8202e+01     2.4883     0.5001    88.2485 0.0000e+00
        368 206.448216    0.02552     1.5311     91.868     16.157  49657.324    31.6582    10.3891     16.000    10.3812    24.2793     6.1069     8.7274     95.464    266.270    272.735   -0.00384    6.39705    9.14203  278.92044   14.47215 2.3873e+01     2.4647     0.5180    87.8536 0.0000e+00
        373 206.448229    0.02582     1.5497     92.979     17.161  49647.364    31.6484    10.3705     17.000    10.3503    24.2749     6.1040     8.7232     95.373    266.143    272.604   -0.00351    6.40005    9.14631  279.05217   14.47849 2.0496e+01     2.4860     0.5192    87.8289 0.0000e+00
        378 206.448243    0.02615     1.5691     94.143     18.169  49653.364    31.6454    10.3155     18.000    10.2903    24.2817     6.0946     8.7098     95.112    265.733    272.185   -0.00395    6.40781    9.15741  279.38885   14.49461 1.7744e+01     2.4491     0.5207    87.7930 0.0000e+00
        382 206.448256    0.02649     1.5892     95.351     19.187  49689.454    31.6646    10.2678     19.000    10.2586    24.3047     6.0657     8.6684     94.574    264.465    270.892   -0.00637    6.41367    9.16578  279.63810   14.50646 1.5228e+01     2.3688     0.5043    88.1420 0.0000e+00
        386 206.448268    0.02676     1.6055     96.331     20.183  49701.904    31.6721    10.2602     20.000    10.2571    24.3118     6.0425     8.6353     94.201    263.452    269.857   -0.00723    6.41443    9.16686  279.66901   14.50792 1.3014e+01     2.3369     0.6877    84.3923 0.0000e+00
        391 206.448282    0.02711     1.6269     97.614     21.198  49695.674    31.6664    10.2545     21.000    10.2476    24.3084     6.0368     8.6273     94.099    263.207    269.606   -0.00561    6.41545    9.16832  279.71463   14.51012 1.1126e+01     2.1754     0.5008    88.2428 0.0000e+00
        397 206.448300    0.02753     1.6519     99.112     22.210  49702.999    31.6698    10.2431     22.000    10.2394    24.3129     6.0402     8.6321     94.130    263.353    269.756   -0.00325    6.41691    9.17040  279.77705   14.51310 9.5549e+00     2.1797     0.4676    88.9670 0.0000e+00
        403 206.448315    0.02790     1.6738    100.426     23.227  49705.183    31.6705    10.2399     23.000    10.2356    24.3140     6.0373     8.6278     94.078    263.224    269.624   -0.00243    6.41733    9.17100  279.79483   14.51395 8.2808e+00     2.5947     0.4599    89.1390 0.0000e+00
        406 206.448326    0.02814     1.6886    101.315     24.223  49708.751    31.6722    10.2367     24.000    10.2324    24.3159     6.0323     8.6207     93.994    263.006    269.401   -0.00247    6.41771    9.17154  279.81087   14.51471 7.1905e+00     2.1970     0.4534    89.2835 0.0000e+00
        411 206.448338    0.02845     1.7069    102.412     25.234  49712.193    31.6740    10.2347     25.000    10.2319    24.3176     6.0286     8.6154     93.933    262.843    269.235   -0.00221    6.41790    9.17182  279.81880   14.51508 6.2394e+00     2.1601     0.4533    89.2866 0.0000e+00
        416 206.448354    0.02882     1.7293    103.759     26.248  49712.717    31.6739    10.2348     26.000    10.2318    24.3176     6.0289     8.6159     93.939    262.860    269.252   -0.00147    6.41790    9.17182  279.81884   14.51508 5.3749e+00     2.1683     0.4476    89.4124 0.0000e+00
        421 206.448369    0.02919     1.7512    105.071     27.255  49713.159    31.6738    10.2348     27.000    10.2317    24.3175     6.0318     8.6201     93.984    262.986    269.381   -0.00075    6.41790    9.17182  279.81880   14.51508 4.6061e+00     2.3694     0.4491    89.3802 0.0000e+00
        427 206.448385    0.02957     1.7744    106.464     28.268  49714.028    31.6740    10.2347     28.000    10.2317    24.3177     6.0278     8.6143     93.921    262.810    269.201   -0.00086    6.41791    9.17183  279.81926   14.51510 3.9655e+00     2.1940     0.4487    89.3881 0.0000e+00
        432 206.448399    0.02991     1.7948    107.688     29.281  49713.762    31.6734    10.2351     29.000    10.2319    24.3172     6.0253     8.6108     93.883    262.702    269.090   -0.00099    6.41787    9.17178  279.81780   14.51504 3.4423e+00     2.2111     0.4472    89.4219 0.0000e+00
        436 206.448411    0.03020     1.8119    108.712     30.281  49713.103    31.6719    10.2297     30.000    10.2174    24.3169     6.0290     8.6161     93.929    262.864    269.256   -0.00045    6.41871    9.17296  279.85382   14.51677 3.0195e+00     2.1075     0.4405    89.5719 0.0000e+00
        441 206.448425    0.03053     1.8317    109.903     31.300  49733.646    31.6836    10.2108     31.000    10.2059    24.3292     6.0175     8.5996     93.718    262.359    268.742   -0.00170    6.42085    9.17604  279.94438   14.52105 2.6320e+00     2.1609     0.4281    89.8494 0.0000e+00
        445 206.448438    0.03083     1.8499    110.995     32.300  49736.771    31.6852    10.2094     32.000    10.2053    24.3307     6.0132     8.5933     93.649    262.168    268.547   -0.00183    6.42099    9.17623  279.94987   14.52131 2.2853e+00     2.2285     0.4258    89.9029 0.0000e+00
        450 206.448453    0.03120     1.8719    112.314     33.314  49737.727    31.6852    10.2074     33.000    10.2023    24.3311     6.0077     8.5856     93.560    261.931    268.304   -0.00179    6.42127    9.17663  279.96200   14.52189 1.9798e+00     2.1402     0.4200    90.0335 0.0000e+00
        456 206.448469    0.03161     1.8962    113.769     34.313  49741.880    31.6872    10.2033     34.000    10.1987    24.3333     6.0025     8.5782     93.471    261.704    268.072   -0.00173    6.42176    9.17733  279.98272   14.52288 1.7129e+00     2.0691     0.4275    89.8643 0.0000e+00
