CTD-processing/allCTD/CNV/2019_03-19_alongbay_skb12_cast092_4141.cnv
* Sea-Bird SBE19plus Data File:
* FileName = C:\Users\Kim.Powell\Desktop\Not Processed\2019\2019_03-19_AlongBay, T9_4141\2019_03-19_TRANSECT_STATION_cast092.hex
* Software Version 1.59
* Temperature SN =  4141
* Conductivity SN =  4141
* System UpLoad Time = Mar 20 2019 08:24:59
** 2018_03-19
** Station: KB12
** Start Time: 10:26
** Depth (m): 78.3
** Comment: **CTD time was 1 hour behind**
** Comment:
# nquan = 27
# nvalues = 75                          
# units = specified
# name 0 = scan: Scan Count
# name 1 = timeJ: Julian Days
# name 2 = timeH: Time, Elapsed [hours]
# name 3 = timeM: Time, Elapsed [minutes]
# name 4 = timeS: Time, Elapsed [seconds]
# name 5 = prdM: Pressure, Strain Gauge [db]
# name 6 = specc: Specific Conductance [uS/cm]
# name 7 = sal00: Salinity, Practical [PSU]
# name 8 = tv290C: Temperature [ITS-90, deg C]
# name 9 = depSM: Depth [salt water, m], lat = 59.00
# name 10 = potemp090C: Potential Temperature [ITS-90, deg C]
# name 11 = sigma-é00: Density [sigma-theta, kg/m^3]
# name 12 = sbeox0ML/L: Oxygen, SBE 43 [ml/l]
# name 13 = sbeox0Mg/L: Oxygen, SBE 43 [mg/l]
# name 14 = sbeox0PS: Oxygen, SBE 43 [% saturation]
# name 15 = sbox0Mm/Kg: Oxygen, SBE 43 [umol/kg]
# name 16 = sbeox0Mm/L: Oxygen, SBE 43 [umol/l]
# name 17 = sbox0dV/dT: Oxygen, SBE 43 [dov/dt]
# name 18 = oxsolML/L: Oxygen Saturation, Garcia & Gordon [ml/l]
# name 19 = oxsolMg/L: Oxygen Saturation, Garcia & Gordon [mg/l]
# name 20 = oxsolMm/Kg: Oxygen Saturation, Garcia & Gordon [umol/kg]
# name 21 = n2satMg/L: Nitrogen Saturation [mg/l]
# name 22 = par: PAR/Irradiance, Biospherical/Licor
# name 23 = wetStar: Fluorescence, WET Labs WETstar [mg/m^3]
# name 24 = CStarAt0: Beam Attenuation, WET Labs C-Star [1/m]
# name 25 = CStarTr0: Beam Transmission, WET Labs C-Star [%]
# name 26 = flag: flag
# span 0 =        264,        668       
# span 1 =  78.393968,  78.395135       
# span 2 =    0.01828,    0.04631       
# span 3 =     1.0970,     2.7784       
# span 4 =     65.821,    166.707       
# span 5 =      1.017,     75.648       
# span 6 =  49065.547,  50845.415       
# span 7 =    30.3143,    31.6332       
# span 8 =     4.6342,     5.3273       
# span 9 =      1.000,     75.000       
# span 10 =     4.6385,     5.3220      
# span 11 =    23.9952,    24.9736      
# span 12 =     6.5375,     6.9850      
# span 13 =     9.3427,     9.9823      
# span 14 =     91.071,     94.969      
# span 15 =    284.852,    304.641      
# span 16 =    291.964,    311.951      
# span 17 =   -0.00221,    0.04019      
# span 18 =    7.17837,    7.36191      
# span 19 =   10.25862,   10.52091      
# span 20 =  312.77688,  321.07060      
# span 21 =   16.08843,   16.48839      
# span 22 = 3.6170e-02, 1.3102e+02      
# span 23 =     0.3646,     0.8738      
# span 24 =     0.6502,     3.0398      
# span 25 =    46.7715,    84.9976      
# span 26 = 0.0000e+00, 0.0000e+00      
# interval = meters: 1                  
# start_time = Mar 19 2019 09:26:13 [Instrument's time stamp, header]
# bad_flag = -9.990e-29
*END*
[from data line 54]
        565  78.394837    0.03915     2.3486    140.914     55.526  50811.924    31.6022     5.2388     55.000     5.2362    24.9568     6.5727     9.3931     91.354    286.391    293.538   -0.00048    7.19478   10.28206  313.49518   16.12273 3.6170e-02     0.3851     1.2065    73.9625 0.0000e+00
        570  78.394852    0.03949     2.3695    142.172     56.540  50813.407    31.6037     5.2433     56.000     5.2408    24.9575     6.5673     9.3853     91.288    286.152    293.294   -0.00071    7.19393   10.28084  313.45765   16.12094 3.6170e-02     0.3842     1.2291    73.5453 0.0000e+00
        574  78.394865    0.03981     2.3886    143.318     57.541  50813.946    31.6043     5.2467     57.000     5.2435    24.9576     6.5617     9.3772     91.218    285.906    293.041   -0.00099    7.19333   10.27999  313.43162   16.11969 3.6170e-02     0.3694     1.2503    73.1550 0.0000e+00
        580  78.394880    0.04019     2.4113    144.676     58.556  50814.612    31.6049     5.2497     58.000     5.2463    24.9578     6.5647     9.3815     91.268    286.039    293.178   -0.00048    7.19278   10.27921  313.40761   16.11856 3.6170e-02     0.4094     1.2494    73.1729 0.0000e+00
        585  78.394896    0.04056     2.4336    146.018     59.566  50815.831    31.6056     5.2514     59.000     5.2482    24.9581     6.5616     9.3770     91.228    285.903    293.038   -0.00064    7.19246   10.27874  313.39325   16.11787 3.6170e-02     0.3787     1.2499    73.1621 0.0000e+00
        590  78.394911    0.04091     2.4546    147.277     60.576  50819.517    31.6086     5.2558     60.000     5.2532    24.9600     6.5658     9.3832     91.298    286.088    293.228   -0.00010    7.19155   10.27745  313.35340   16.11596 3.6170e-02     0.3712     1.2688    72.8184 0.0000e+00
        595  78.394925    0.04125     2.4750    148.498     61.583  50818.331    31.6081     5.2595     61.000     5.2559    24.9591     6.5611     9.3765     91.241    285.884    293.020   -0.00040    7.19095   10.27659  313.32743   16.11472 3.6170e-02     0.3734     1.2895    72.4427 0.0000e+00
        600  78.394940    0.04161     2.4967    149.800     62.594  50817.747    31.6075     5.2613     62.000     5.2570    24.9586     6.5563     9.3695     91.177    285.672    292.803   -0.00076    7.19067   10.27619  313.31545   16.11415 3.6170e-02     0.3770     1.2909    72.4181 0.0000e+00
        605  78.394955    0.04196     2.5179    151.075     63.605  50820.600    31.6093     5.2626     63.000     5.2591    24.9598     6.5583     9.3726     91.211    285.763    292.896   -0.00037    7.19035   10.27573  313.30121   16.11347 3.6170e-02     0.3825     1.2972    72.3034 0.0000e+00
        610  78.394969    0.04231     2.5385    152.312     64.611  50822.528    31.6108     5.2658     64.000     5.2623    24.9606     6.5593     9.3738     91.231    285.802    292.936   -0.00021    7.18973   10.27484  313.27383   16.11216 3.6170e-02     0.3787     1.3125    72.0266 0.0000e+00
        616  78.394985    0.04270     2.5620    153.718     65.632  50826.910    31.6142     5.2699     65.000     5.2682    24.9629     6.5499     9.3605     91.112    285.394    292.518   -0.00084    7.18887   10.27361  313.23566   16.11033 3.6170e-02     0.3985     1.3345    71.6331 0.0000e+00
        621  78.395000    0.04306     2.5837    155.024     66.633  50831.175    31.6189     5.2806     66.000     5.2792    24.9655     6.5521     9.3636     91.169    285.491    292.618   -0.00039    7.18681   10.27068  313.14528   16.10601 3.6170e-02     0.3797     1.4229    70.0669 0.0000e+00
        627  78.395016    0.04344     2.6064    156.386     67.644  50830.722    31.6197     5.2884     67.000     5.2860    24.9652     6.5511     9.3622     91.173    285.448    292.574   -0.00029    7.18546   10.26874  313.08612   16.10319 3.6170e-02     0.3646     1.4892    68.9187 0.0000e+00
        632  78.395031    0.04379     2.6274    157.645     68.654  50835.432    31.6238     5.2947     68.000     5.2939    24.9677     6.5450     9.3535     91.103    285.180    292.300   -0.00061    7.18416   10.26689  313.02900   16.10045 3.6170e-02     0.3739     1.5765    67.4259 0.0000e+00
        636  78.395044    0.04413     2.6474    158.843     69.655  50845.415    31.6332     5.3090     69.000     5.3102    24.9736     6.5496     9.3601     91.204    285.379    292.506    0.00000    7.18126   10.26274  312.90095   16.09432 3.6170e-02     0.3840     1.7705    64.2438 0.0000e+00
        642  78.395062    0.04453     2.6718    160.306     70.681  50832.059    31.6259     5.3204     70.000     5.3156    24.9666     6.5490     9.3592     91.217    285.357    292.482    0.00011    7.17967   10.26047  312.83384   16.09115 3.6170e-02     0.3912     1.8276    63.3236 0.0000e+00
        647  78.395074    0.04484     2.6905    161.431     71.674  50837.765    31.6300     5.3235     71.000     5.3201    24.9695     6.5423     9.3496     91.132    285.062    292.180   -0.00045    7.17896   10.25944  312.80169   16.08960 3.6170e-02     0.3996     1.9782    60.9939 0.0000e+00
        652  78.395091    0.04524     2.7141    162.849     72.702  50834.851    31.6283     5.3273     72.000     5.3220    24.9677     6.5427     9.3503     91.146    285.083    292.201   -0.00033    7.17837   10.25862  312.77688   16.08843 3.6170e-02     0.3805     2.0083    60.5270 0.0000e+00
        657  78.395105    0.04557     2.7344    164.062     73.697  50835.572    31.6283     5.3272     73.000     5.3216    24.9678     6.5382     9.3437     91.081    284.882    291.994   -0.00059    7.17840   10.25866  312.77829   16.08850 3.6170e-02     0.3835     2.0811    59.4369 0.0000e+00
        663  78.395121    0.04597     2.7581    165.488     74.716  50836.514    31.6284     5.3271     74.000     5.3216    24.9679     6.5375     9.3427     91.071    284.852    291.964   -0.00056    7.17841   10.25866  312.77826   16.08850 3.6170e-02     0.3961     2.1130    58.9733 0.0000e+00
        668  78.395135    0.04631     2.7784    166.707     75.648  50836.456    31.6278     5.3273     75.000 -9.990e-29    24.9675     6.5425     9.3500     91.141    285.071    292.189   -0.00004    7.17840   10.25866  312.77824   16.08849 3.6170e-02     0.3972     2.2912    56.3753 0.0000e+00
