CTD-processing/allCTD/CNV/2019_05-14_alongbay_skb06_cast197_4141.cnv
* Sea-Bird SBE19plus Data File:
* FileName = C:\Users\jwschloemer\Documents\CTD Data\2019_05-14_AlongBay_T4_T9_T3\2019_15-14_AlongBay_SKB01_Cast197.hex
* Software Version 1.59
* Temperature SN =  4141
* Conductivity SN =  4141
* System UpLoad Time = May 15 2019 17:13:50
** Cook Inlet LTM Transect Along Bay
** Date: 2019_05_14
** Station:06
** Start Time (AKST):15:19
** Depth (m):100
** Comment:
# nquan = 27
# nvalues = 98                          
# units = specified
# name 0 = scan: Scan Count
# name 1 = timeJ: Julian Days
# name 2 = timeH: Time, Elapsed [hours]
# name 3 = timeM: Time, Elapsed [minutes]
# name 4 = timeS: Time, Elapsed [seconds]
# name 5 = prdM: Pressure, Strain Gauge [db]
# name 6 = specc: Specific Conductance [uS/cm]
# name 7 = sal00: Salinity, Practical [PSU]
# name 8 = tv290C: Temperature [ITS-90, deg C]
# name 9 = depSM: Depth [salt water, m], lat = 59.00
# name 10 = potemp090C: Potential Temperature [ITS-90, deg C]
# name 11 = sigma-é00: Density [sigma-theta, kg/m^3]
# name 12 = sbeox0ML/L: Oxygen, SBE 43 [ml/l]
# name 13 = sbeox0Mg/L: Oxygen, SBE 43 [mg/l]
# name 14 = sbeox0PS: Oxygen, SBE 43 [% saturation]
# name 15 = sbox0Mm/Kg: Oxygen, SBE 43 [umol/kg]
# name 16 = sbeox0Mm/L: Oxygen, SBE 43 [umol/l]
# name 17 = sbox0dV/dT: Oxygen, SBE 43 [dov/dt]
# name 18 = oxsolML/L: Oxygen Saturation, Garcia & Gordon [ml/l]
# name 19 = oxsolMg/L: Oxygen Saturation, Garcia & Gordon [mg/l]
# name 20 = oxsolMm/Kg: Oxygen Saturation, Garcia & Gordon [umol/kg]
# name 21 = n2satMg/L: Nitrogen Saturation [mg/l]
# name 22 = par: PAR/Irradiance, Biospherical/Licor
# name 23 = wetStar: Fluorescence, WET Labs WETstar [mg/m^3]
# name 24 = CStarAt0: Beam Attenuation, WET Labs C-Star [1/m]
# name 25 = CStarTr0: Beam Transmission, WET Labs C-Star [%]
# name 26 = flag: flag
# span 0 =        261,        708       
# span 1 = 134.639386, 134.640678       
# span 2 =    0.01805,    0.04907       
# span 3 =     1.0835,     2.9440       
# span 4 =     65.011,    176.641       
# span 5 =      1.035,     98.879       
# span 6 =  48047.198,  50944.379       
# span 7 =    30.2549,    31.8977       
# span 8 =     6.3561,     8.3118       
# span 9 =      1.000,     98.000       
# span 10 =     6.3484,     8.3374      
# span 11 =    23.5058,    25.0592      
# span 12 =     6.6191,     8.9962      
# span 13 =     9.4595,    12.8564      
# span 14 =     94.641,    131.971      
# span 15 =    288.383,    392.188      
# span 16 =    295.610,    401.770      
# span 17 =   -0.09244,    0.09411      
# span 18 =    6.75914,    6.99393      
# span 19 =    9.65951,    9.99502      
# span 20 =  294.93101,  304.71295      
# span 21 =   15.24323,   15.70314      
# span 22 = 4.0237e-02, 6.1369e+02      
# span 23 =     0.3094,     9.8108      
# span 24 =     0.5152,     1.6833      
# span 25 =    65.6492,    87.9141      
# span 26 = 0.0000e+00, 0.0000e+00      
# interval = meters: 1                  
# start_time = May 14 2019 15:19:38 [Instrument's time stamp, header]
# bad_flag = -9.990e-29
*END*
        261 134.639386    0.01805     1.0835     65.011      1.035  48047.198    30.2549     8.3118      1.000     8.3374    23.5058     8.9201    12.7478    131.971    389.222    398.371    0.09411    6.75914    9.65951  294.93101   15.24323 6.1369e+02     1.4877     1.3400    71.5318 0.0000e+00
        265 134.639398    0.01832     1.0996     65.975      2.022  48086.470    30.2801     8.2998      2.000     8.2510    23.5273     8.8247    12.6113    130.545    385.050    394.109    0.06180    6.75986    9.66052  294.95586   15.24431 4.0812e+02     1.3338     1.3793    70.8353 0.0000e+00
        269 134.639409    0.01859     1.1152     66.914      3.024  48445.691    30.5036     8.1217      3.000     7.8626    23.7276     8.7448    12.4972    129.031    381.491    390.543    0.03583    6.77735    9.68551  295.66112   15.27706 2.6414e+02     1.4040     1.4910    68.8907 0.0000e+00
        273 134.639421    0.01888     1.1329     67.971      4.039  49141.505    30.9052     7.5878      4.000     7.4131    24.1169     8.7407    12.4913    127.744    381.167    390.360    0.01453    6.84224    9.77825  298.37867   15.40511 1.6492e+02     1.8518     1.6510    66.1823 0.0000e+00
        277 134.639433    0.01916     1.1495     68.970      5.047  49494.706    31.0956     7.2546      5.000     7.1265    24.3112     8.9952    12.8550    130.627    392.188    401.723    0.02614    6.88614    9.84098  300.23589   15.49293 9.9092e+01     4.2492     1.6135    66.8380 0.0000e+00
        281 134.639444    0.01944     1.1661     69.967      6.059  49800.476    31.2696     7.0308      6.000     6.9481    24.4775     8.9962    12.8564    130.120    392.171    401.770    0.02039    6.91384    9.88057  301.39478   15.54749 6.6934e+01     8.6349     1.3420    71.4910 0.0000e+00
        285 134.639455    0.01970     1.1819     70.914      7.063  49972.136    31.3662     6.9034      7.000     6.8665    24.5701     8.4867    12.1285    122.468    369.931    379.020   -0.02943    6.92983    9.90342  302.06433   15.57903 4.6231e+01     9.8108     1.2058    73.9743 0.0000e+00
        289 134.639467    0.02000     1.1997     71.984      8.077  50073.506    31.4224     6.8257      8.000     6.7878    24.6244     7.8653    11.2403    113.338    342.822    351.263   -0.07708    6.93974    9.91758  302.48034   15.59863 3.3169e+01     9.6546     1.0998    75.9678 0.0000e+00
        293 134.639479    0.02029     1.2173     73.037      9.086  50168.269    31.4749     6.7539      9.000     6.7291    24.6750     7.4735    10.6803    107.550    325.728    333.765   -0.09244    6.94890    9.93067  302.86453   15.61673 2.4243e+01     8.0531     0.9879    78.1228 0.0000e+00
        297 134.639491    0.02057     1.2339     74.036     10.092  50224.676    31.5066     6.7146     10.000     6.7033    24.7049     7.2670    10.3852    104.504    316.719    324.544   -0.08764    6.95378    9.93765  303.06853   15.62634 1.8204e+01     6.8791     0.9044    79.7652 0.0000e+00
        302 134.639504    0.02087     1.2523     75.139     11.105  50266.834    31.5310     6.6903     11.000     6.6755    24.7273     7.1275    10.1859    102.457    310.631    318.312   -0.07542    6.95658    9.94165  303.18395   15.63174 1.3748e+01     5.2945     0.8597    80.6612 0.0000e+00
        306 134.639517    0.02117     1.2705     76.229     12.114  50309.210    31.5553     6.6650     12.000     6.6605    24.7497     7.0631    10.0939    101.488    307.821    315.440   -0.06054    6.95954    9.94588  303.30640   15.63748 1.0505e+01     5.0231     0.8297    81.2674 0.0000e+00
        310 134.639529    0.02148     1.2887     77.320     13.121  50315.136    31.5581     6.6603     13.000     6.6582    24.7525     7.0514    10.0772    101.311    307.308    314.916   -0.04498    6.96018    9.94679  303.33329   15.63875 8.1852e+00     4.4760     0.8185    81.4952 0.0000e+00
        315 134.639542    0.02179     1.3075     78.453     14.134  50319.372    31.5601     6.6578     14.000     6.6526    24.7544     7.0501    10.0752    101.286    307.249    314.854   -0.03224    6.96049    9.94723  303.34621   15.63936 6.3166e+00     5.0094     0.8143    81.5806 0.0000e+00
        319 134.639555    0.02209     1.3259     79.553     15.139  50355.211    31.5812     6.6396     15.000     6.6202    24.7734     7.0587    10.0876    101.383    307.621    315.242   -0.02280    6.96245    9.95003  303.42608   15.64308 4.8913e+00     4.1080     0.7928    82.0230 0.0000e+00
        324 134.639569    0.02244     1.3463     80.778     16.155  50471.047    31.6512     6.5854     16.000     6.5609    24.8354     7.0531    10.0795    101.221    307.356    314.989   -0.01663    6.96803    9.95800  303.65063   15.65350 3.8682e+00     3.9562     0.6891    84.1776 0.0000e+00
        329 134.639582    0.02275     1.3651     81.909     17.158  50547.524    31.6969     6.5478     17.000     6.5384    24.8762     7.0024    10.0071    100.436    305.135    312.726   -0.01641    6.97201    9.96369  303.81219   15.66101 3.2274e+00     3.5478     0.5853    86.3924 0.0000e+00
        334 134.639597    0.02310     1.3860     83.158     18.175  50582.524    31.7177     6.5313     18.000     6.5274    24.8947     6.9136     9.8802     99.138    301.260    308.760   -0.01898    6.97373    9.96616  303.88187   15.66425 2.7111e+00     1.7517     0.5400    87.3712 0.0000e+00
        338 134.639610    0.02341     1.4049     84.296     19.178  50585.676    31.7187     6.5276     19.000     6.5242    24.8959     6.8610     9.8051     98.376    298.971    306.414   -0.01834    6.97429    9.96695  303.90558   15.66538 2.3066e+00     1.5043     0.5357    87.4666 0.0000e+00
        343 134.639623    0.02373     1.4240     85.437     20.192  50585.665    31.7171     6.5210     20.000     6.5141    24.8955     6.8538     9.7947     98.256    298.655    306.090   -0.01403    6.97542    9.96857  303.95508   15.66774 1.9357e+00     1.3058     0.5415    87.3401 0.0000e+00
        347 134.639636    0.02404     1.4422     86.530     21.199  50597.553    31.7229     6.5108     21.000     6.5060    24.9014     6.8550     9.7964     98.254    298.705    306.144   -0.01011    6.97682    9.97056  304.01406   15.67054 1.6315e+00     1.2220     0.5689    86.7424 0.0000e+00
        352 134.639649    0.02434     1.4604     87.625     22.211  50607.885    31.7284     6.5047     22.000     6.5013    24.9065     6.8509     9.7906     98.185    298.526    305.962   -0.00785    6.97755    9.97161  304.04444   15.67196 1.3562e+00     1.2938     0.5922    86.2388 0.0000e+00
        355 134.639660    0.02461     1.4765     88.589     23.214  50623.164    31.7383     6.5029     23.000     6.5006    24.9145     6.8518     9.7918     98.199    298.561    305.999   -0.00593    6.97737    9.97137  304.03485   15.67146 1.1345e+00     1.4151     0.5878    86.3334 0.0000e+00
        360 134.639672    0.02491     1.4948     89.690     24.232  50633.935    31.7450     6.5018     24.000     6.4991    24.9200     6.8543     9.7955     98.237    298.669    306.112   -0.00409    6.97726    9.97121  304.02815   15.67112 9.4955e-01     1.4285     0.5615    86.9029 0.0000e+00
        364 134.639684    0.02519     1.5113     90.680     25.235  50641.100    31.7491     6.4996     25.000     6.4930    24.9235     6.8516     9.7916     98.195    298.549    305.990   -0.00327    6.97743    9.97144  304.03421   15.67139 8.0142e-01     1.2357     0.5478    87.2018 0.0000e+00
        368 134.639695    0.02548     1.5285     91.708     26.247  50651.039    31.7533     6.4878     26.000     6.4738    24.9283     6.8413     9.7769     98.025    298.102    305.533   -0.00352    6.97915    9.97391  304.10821   15.67490 6.7818e-01     0.9955     0.5486    87.1839 0.0000e+00
        372 134.639708    0.02577     1.5465     92.792     27.257  50688.541    31.7743     6.4632     27.000     6.4575    24.9479     6.8269     9.7564     97.777    297.470    304.891   -0.00407    6.98218    9.97824  304.23411   15.68081 5.7445e-01     0.9602     0.5736    86.6419 0.0000e+00
        376 134.639720    0.02607     1.5643     93.857     28.266  50724.181    31.7989     6.4649     28.000     6.4683    24.9671     6.8091     9.7309     97.541    296.687    304.094   -0.00443    6.98077    9.97622  304.16712   15.67752 4.8670e-01     0.8717     0.5594    86.9503 0.0000e+00
        381 134.639734    0.02638     1.5827     94.961     29.274  50717.315    31.7949     6.4716     29.000     6.4677    24.9631     6.7955     9.7115     97.359    296.096    303.487   -0.00441    6.97987    9.97493  304.12877   15.67571 4.1646e-01     0.7799     0.5213    87.7821 0.0000e+00
        385 134.639746    0.02670     1.6019     96.117     30.287  50715.751    31.7924     6.4665     30.000     6.4581    24.9618     6.8029     9.7220     97.452    296.418    303.817   -0.00276    6.98081    9.97626  304.17000   15.67768 3.5674e-01     0.6275     0.5152    87.9141 0.0000e+00
        390 134.639760    0.02701     1.6205     97.228     31.291  50724.084    31.7951     6.4527     31.000     6.4458    24.9657     6.8082     9.7295     97.497    296.646    304.052   -0.00168    6.98292    9.97930  304.26131   15.68202 3.0567e-01     0.6951     0.5273    87.6481 0.0000e+00
        395 134.639774    0.02735     1.6413     98.481     32.307  50733.381    31.7996     6.4450     32.000     6.4409    24.9702     6.7931     9.7080     97.267    295.989    303.381   -0.00246    6.98399    9.98082  304.30633   15.68415 2.6127e-01     0.6785     0.5341    87.5001 0.0000e+00
        400 134.639788    0.02768     1.6609     99.655     33.315  50734.917    31.7997     6.4422     33.000     6.4385    24.9707     6.7756     9.6831     97.010    295.228    302.600   -0.00342    6.98443    9.98145  304.32545   15.68507 2.2452e-01     0.6007     0.5403    87.3654 0.0000e+00
        404 134.639801    0.02800     1.6799    100.797     34.324  50741.568    31.8034     6.4397     34.000     6.4351    24.9739     6.7728     9.6790     96.967    295.102    302.472   -0.00284    6.98466    9.98177  304.33446   15.68548 1.9366e-01     0.8301     0.5444    87.2762 0.0000e+00
        409 134.639815    0.02832     1.6995    101.970     35.334  50750.520    31.8085     6.4363     35.000     6.4325    24.9783     6.7653     9.6683     96.855    294.775    302.138   -0.00265    6.98498    9.98223  304.34717   15.68607 1.6777e-01     0.6357     0.5541    87.0638 0.0000e+00
        414 134.639828    0.02865     1.7192    103.153     36.339  50754.486    31.8105     6.4347     36.000     6.4311    24.9801     6.7733     9.6796     96.966    295.121    302.493   -0.00126    6.98515    9.98248  304.35406   15.68639 1.4588e-01     0.6335     0.5589    86.9607 0.0000e+00
        419 134.639844    0.02902     1.7410    104.462     37.359  50760.708    31.8140     6.4331     37.000     6.4292    24.9831     6.7580     9.6578     96.747    294.455    301.812   -0.00226    6.98525    9.98261  304.35734   15.68653 1.2677e-01     0.4739     0.5516    87.1184 0.0000e+00
        424 134.639857    0.02935     1.7608    105.646     38.359  50770.492    31.8198     6.4308     38.000     6.4267    24.9880     6.7627     9.6646     96.813    294.660    302.023   -0.00139    6.98536    9.98277  304.36057   15.68666 1.1220e-01     0.4844     0.5532    87.0848 0.0000e+00
        429 134.639872    0.02970     1.7819    106.912     39.377  50776.020    31.8228     6.4288     39.000     6.4247    24.9906     6.7668     9.6704     96.869    294.838    302.206   -0.00061    6.98554    9.98304  304.36804   15.68700 9.9235e-02     0.5318     0.5594    86.9495 0.0000e+00
        433 134.639883    0.02998     1.7987    107.919     40.378  50782.888    31.8267     6.4268     40.000     6.4218    24.9940     6.7649     9.6677     96.839    294.752    302.119   -0.00072    6.98567    9.98323  304.37265   15.68721 8.8754e-02     0.4309     0.5739    86.6352 0.0000e+00
        437 134.639897    0.03030     1.8181    109.084     41.393  50793.136    31.8326     6.4229     41.000     6.4181    24.9991     6.7584     9.6584     96.741    294.468    301.829   -0.00114    6.98604    9.98375  304.38716   15.68788 8.0094e-02     0.4305     0.5864    86.3629 0.0000e+00
        442 134.639909    0.03059     1.8355    110.128     42.398  50798.979    31.8358     6.4204     42.000     6.4159    25.0019     6.7548     9.6534     96.687    294.314    301.672   -0.00124    6.98632    9.98415  304.39841   15.68840 7.3238e-02     0.4443     0.6065    85.9307 0.0000e+00
        446 134.639922    0.03090     1.8541    111.246     43.413  50802.973    31.8377     6.4188     43.000     6.4147    25.0037     6.7514     9.6484     96.635    294.163    301.518   -0.00128    6.98649    9.98439  304.40541   15.68872 6.7201e-02     0.4471     0.6202    85.6373 0.0000e+00
        450 134.639934    0.03120     1.8718    112.310     44.415  50806.791    31.8396     6.4171     44.000     6.4117    25.0053     6.7512     9.6482     96.630    294.155    301.511   -0.00106    6.98668    9.98465  304.41295   15.68908 6.2249e-02     0.3861     0.6285    85.4609 0.0000e+00
        455 134.639949    0.03154     1.8925    113.548     45.434  50813.800    31.8434     6.4136     45.000     6.4092    25.0088     6.7431     9.6367     96.509    293.801    301.148   -0.00142    6.98706    9.98521  304.42888   15.68982 5.8203e-02     0.3571     0.6439    85.1323 0.0000e+00
        459 134.639961    0.03184     1.9101    114.605     46.434  50817.817    31.8454     6.4122     46.000     6.4074    25.0105     6.7304     9.6184     96.325    293.245    300.579   -0.00222    6.98720    9.98541  304.43429   15.69007 5.5021e-02     0.3680     0.6588    84.8154 0.0000e+00
        464 134.639975    0.03218     1.9310    115.862     47.453  50821.157    31.8468     6.4102     47.000     6.4051    25.0120     6.7323     9.6212     96.349    293.329    300.666   -0.00157    6.98746    9.98578  304.44511   15.69059 5.2344e-02     0.3533     0.6640    84.7049 0.0000e+00
        469 134.639988    0.03249     1.9496    116.974     48.451  50827.848    31.8502     6.4058     48.000     6.3985    25.0151     6.7359     9.6263     96.393    293.486    300.828   -0.00093    6.98802    9.98658  304.46865   15.69169 5.0329e-02     0.3544     0.6948    84.0561 0.0000e+00
        474 134.640004    0.03287     1.9719    118.316     49.476  50838.496    31.8558     6.3993     49.000     6.3955    25.0205     6.7311     9.6194     96.312    293.272    300.610   -0.00106    6.98882    9.98772  304.50177   15.69325 4.8256e-02     0.4382     0.7436    83.0345 0.0000e+00
        479 134.640016    0.03317     1.9905    119.430     50.472  50838.464    31.8552     6.3988     50.000     6.3933    25.0201     6.7189     9.6020     96.136    292.741    300.065   -0.00190    6.98893    9.98788  304.50675   15.69349 4.6809e-02     0.3706     0.7641    82.6124 0.0000e+00
        484 134.640032    0.03354     2.0122    120.734     51.494  50841.591    31.8565     6.3967     51.000     6.3921    25.0213     6.7148     9.5960     96.073    292.560    299.880   -0.00178    6.98921    9.98828  304.51861   15.69404 4.5420e-02     0.3631     0.7807    82.2693 0.0000e+00
        488 134.640044    0.03383     2.0295    121.773     52.493  50843.077    31.8570     6.3962     52.000     6.3919    25.0218     6.7144     9.5956     96.068    292.547    299.867   -0.00137    6.98928    9.98837  304.52129   15.69417 4.4598e-02     0.3330     0.7960    81.9559 0.0000e+00
        493 134.640057    0.03415     2.0489    122.937     53.512  50843.103    31.8566     6.3968     53.000     6.3924    25.0214     6.7159     9.5977     96.090    292.611    299.933   -0.00095    6.98920    9.98826  304.51797   15.69402 4.3630e-02     0.3310     0.7903    82.0721 0.0000e+00
