CTD-processing/allCTD/CNV/2019_06-19_t9_s06_cast232_4141.cnv
* Sea-Bird SBE19plus Data File:
* FileName = C:\Users\jwschloemer\Documents\CTD Data\2019_06-19_AlongBay_T9\2019_06-19_T9_S01_Cast232.hex
* Software Version 1.59
* Temperature SN =  4141
* Conductivity SN =  4141
* System UpLoad Time = Jun 20 2019 16:02:29
** Cook Inlet LTM Transect 9
** Date: 2019_06_19
** Station:06
** Start Time (AKST):16:51
** Depth (m):103
** Comment:
# nquan = 27
# nvalues = 99                          
# units = specified
# name 0 = scan: Scan Count
# name 1 = timeJ: Julian Days
# name 2 = timeH: Time, Elapsed [hours]
# name 3 = timeM: Time, Elapsed [minutes]
# name 4 = timeS: Time, Elapsed [seconds]
# name 5 = prdM: Pressure, Strain Gauge [db]
# name 6 = specc: Specific Conductance [uS/cm]
# name 7 = sal00: Salinity, Practical [PSU]
# name 8 = tv290C: Temperature [ITS-90, deg C]
# name 9 = depSM: Depth [salt water, m], lat = 59.00
# name 10 = potemp090C: Potential Temperature [ITS-90, deg C]
# name 11 = sigma-é00: Density [sigma-theta, kg/m^3]
# name 12 = sbeox0ML/L: Oxygen, SBE 43 [ml/l]
# name 13 = sbeox0Mg/L: Oxygen, SBE 43 [mg/l]
# name 14 = sbeox0PS: Oxygen, SBE 43 [% saturation]
# name 15 = sbox0Mm/Kg: Oxygen, SBE 43 [umol/kg]
# name 16 = sbeox0Mm/L: Oxygen, SBE 43 [umol/l]
# name 17 = sbox0dV/dT: Oxygen, SBE 43 [dov/dt]
# name 18 = oxsolML/L: Oxygen Saturation, Garcia & Gordon [ml/l]
# name 19 = oxsolMg/L: Oxygen Saturation, Garcia & Gordon [mg/l]
# name 20 = oxsolMm/Kg: Oxygen Saturation, Garcia & Gordon [umol/kg]
# name 21 = n2satMg/L: Nitrogen Saturation [mg/l]
# name 22 = par: PAR/Irradiance, Biospherical/Licor
# name 23 = wetStar: Fluorescence, WET Labs WETstar [mg/m^3]
# name 24 = CStarAt0: Beam Attenuation, WET Labs C-Star [1/m]
# name 25 = CStarTr0: Beam Transmission, WET Labs C-Star [%]
# name 26 = flag: flag
# span 0 =        267,        825       
# span 1 = 170.703431, 170.705045       
# span 2 =    0.01845,    0.05720       
# span 3 =     1.1072,     3.4317       
# span 4 =     66.431,    205.903       
# span 5 =      1.043,     99.955       
# span 6 =  45591.640,  50556.842       
# span 7 =    28.9123,    31.7398       
# span 8 =     6.9561,    11.4299       
# span 9 =      1.000,     99.000       
# span 10 =     6.9463,    11.3535      
# span 11 =    21.9666,    24.8583      
# span 12 =     6.2942,     7.4303      
# span 13 =     8.9950,    10.6185      
# span 14 =     91.162,    116.731      
# span 15 =    274.282,    324.701      
# span 16 =    281.099,    331.834      
# span 17 =   -0.04889,    0.03058      
# span 18 =    6.36504,    6.90442      
# span 19 =    9.09629,    9.86712      
# span 20 =  278.15282,  300.87263      
# span 21 =   14.44647,   15.52068      
# span 22 = 3.7567e-02, 8.1010e+02      
# span 23 =     0.2921,     1.6830      
# span 24 =     0.3130,     1.8999      
# span 25 =    62.1951,    92.4745      
# span 26 = 0.0000e+00, 0.0000e+00      
# interval = meters: 1                  
# start_time = Jun 19 2019 16:51:50 [Instrument's time stamp, header]
# bad_flag = -9.990e-29
*END*
        267 170.703431    0.01845     1.1072     66.431      1.043  45591.640    28.9123    11.4299      1.000    11.3535    21.9666     7.4303    10.6185    116.731    324.701    331.834    0.03058    6.36504    9.09629  278.15282   14.44647 8.1010e+02     0.6505     1.1038    75.8856 0.0000e+00
        270 170.703441    0.01870     1.1220     67.320      2.013  46302.279    29.3645    10.9809      2.000    10.5905    22.3943     7.3748    10.5393    115.079    322.145    329.358    0.01265    6.40870    9.15867  279.94310   14.53034 4.8159e+02     0.6641     1.1146    75.6795 0.0000e+00
        275 170.703455    0.01902     1.1412     68.474      3.033  47214.325    29.9198    10.2134      3.000     9.9809    22.9537     7.2626    10.3791    111.849    317.072    324.350   -0.01514    6.49343    9.27975  283.48905   14.69778 3.4686e+02     0.7043     1.0595    76.7318 0.0000e+00
        279 170.703467    0.01931     1.1587     69.520      4.034  47668.448    30.1763     9.7032      4.000     9.3712    23.2352     7.3032    10.4369    111.401    318.753    326.159   -0.01427    6.55582    9.36893  286.13446   14.82325 2.6624e+02     1.0139     0.9754    78.3633 0.0000e+00
        284 170.703480    0.01963     1.1780     70.681      5.050  48548.478    30.6898     8.9204      5.000     8.7095    23.7572     7.1951    10.2825    108.223    313.878    321.334   -0.02845    6.64856    9.50146  290.03427   15.00756 2.1663e+02     1.1672     0.7945    81.9860 0.0000e+00
        288 170.703493    0.01994     1.1964     71.786      6.055  48942.809    30.9265     8.6442      6.000     8.6262    23.9836     6.9432     9.9226    103.947    302.822    310.085   -0.04889    6.67955    9.54574  291.32167   15.06810 1.7731e+02     1.1068     0.7191    83.5478 0.0000e+00
        293 170.703507    0.02028     1.2166     72.994      7.067  48982.160    30.9489     8.6113      7.000     8.6030    24.0059     6.8610     9.8050    102.656    299.228    306.412   -0.04220    6.68350    9.55139  291.48776   15.07594 1.4407e+02     0.9620     0.6784    84.4017 0.0000e+00
        298 170.703520    0.02060     1.2361     74.168      8.079  49001.891    30.9606     8.5997      8.000     8.5937    24.0168     6.8756     9.8259    102.855    299.863    307.064   -0.02784    6.68475    9.55318  291.53935   15.07836 1.2156e+02     1.0310     0.6732    84.5083 0.0000e+00
        302 170.703533    0.02090     1.2540     75.239      9.079  49052.930    30.9933     8.5818      9.000     8.5715    24.0450     6.9012     9.8624    103.218    300.969    308.206   -0.01765    6.68603    9.55500  291.58669   15.08049 9.7618e+01     1.2894     0.6595    84.8008 0.0000e+00
        307 170.703548    0.02127     1.2760     76.560     10.103  49089.543    31.0158     8.5633     10.000     8.5576    24.0654     6.9217     9.8918    103.496    301.857    309.122   -0.00970    6.68783    9.55758  291.65945   15.08387 8.1896e+01     1.3843     0.6443    85.1242 0.0000e+00
        311 170.703560    0.02155     1.2926     77.554     11.100  49113.594    31.0307     8.5536     11.000     8.5441    24.0785     6.9180     9.8865    103.430    301.694    308.959   -0.00751    6.68862    9.55871  291.69033   15.08528 6.7211e+01     1.5689     0.6496    85.0110 0.0000e+00
        316 170.703573    0.02187     1.3120     78.722     12.115  49159.486    31.0589     8.5294     12.000     8.5139    24.1042     6.9064     9.8700    103.219    301.181    308.441   -0.00665    6.69104    9.56215  291.78827   15.08985 5.4831e+01     1.6450     0.6465    85.0751 0.0000e+00
        321 170.703587    0.02220     1.3320     79.919     13.121  49222.584    31.0962     8.4862     13.000     8.4631    24.1398     6.9038     9.8662    103.105    301.057    308.325   -0.00531    6.69592    9.56915  291.99130   15.09939 4.5048e+01     1.6830     0.6019    86.0325 0.0000e+00
        325 170.703601    0.02253     1.3517     81.102     14.140  49300.629    31.1431     8.4367     14.000     8.4155    24.1837     6.8974     9.8571    102.926    300.765    308.039   -0.00505    6.70134    9.57688  292.21476   15.10988 3.7362e+01     1.5931     0.5544    87.0585 0.0000e+00
        329 170.703613    0.02281     1.3687     82.120     15.133  49403.463    31.2080     8.3926     15.000     8.3609    24.2411     6.9114     9.8770    103.075    301.356    308.661   -0.00292    6.70517    9.58237  292.36589   15.11683 3.1424e+01     1.5857     0.5072    88.0964 0.0000e+00
        336 170.703630    0.02323     1.3938     83.627     16.165  49595.238    31.3292     8.3086     16.000     8.3009    24.3482     6.9313     9.9055    103.259    302.194    309.552   -0.00087    6.71258    9.59295  292.65819   15.13029 2.6690e+01     1.6376     0.4151    90.1410 0.0000e+00
        339 170.703641    0.02350     1.4100     84.600     17.154  49622.540    31.3464     8.2990     17.000     8.2775    24.3631     6.9514     9.9342    103.546    303.064    310.447    0.00102    6.71329    9.59396  292.68482   15.13149 2.2982e+01     1.5343     0.4196    90.0417 0.0000e+00
        345 170.703657    0.02387     1.4323     85.939     18.174  49684.226    31.3828     8.2573     18.000     8.2528    24.3977     6.9771     9.9709    103.856    304.174    311.595    0.00245    6.71801    9.60071  292.88081   15.14071 1.9595e+01     1.3742     0.4002    90.4809 0.0000e+00
        350 170.703671    0.02422     1.4527     87.165     19.178  49755.315    31.4331     8.2638     19.000     8.2835    24.4362     6.9673     9.9569    103.759    303.735    311.156    0.00118    6.71483    9.59617  292.73105   15.13335 1.7045e+01     1.2587     0.3927    90.6502 0.0000e+00
        355 170.703685    0.02455     1.4732     88.390     20.192  49800.004    31.4737     8.3275     20.000     8.3464    24.4588     6.9552     9.9397    103.757    303.205    310.621    0.00046    6.70343    9.57986  292.22743   15.10914 1.4585e+01     1.1722     0.3991    90.5057 0.0000e+00
        359 170.703698    0.02487     1.4923     89.539     21.195  49774.006    31.4585     8.3503     21.000     8.3393    24.4435     7.0030    10.0080    104.512    305.291    312.753    0.00468    6.70063    9.57588  292.11013   15.10359 1.2685e+01     1.1502     0.3900    90.7106 0.0000e+00
        364 170.703713    0.02524     1.5143     90.859     22.215  49800.650    31.4723     8.3216     22.000     8.3119    24.4586     7.0596    10.0889    105.299    307.756    315.284    0.00807    6.70437    9.58122  292.26890   15.11113 1.0839e+01     1.2278     0.3893    90.7277 0.0000e+00
        369 170.703726    0.02554     1.5325     91.947     23.213  49841.398    31.4962     8.2941     23.000     8.2731    24.4813     7.0470    10.0709    105.062    307.200    314.721    0.00449    6.70750    9.58568  292.39848   15.11722 9.4090e+00     1.2117     0.3752    91.0468 0.0000e+00
        374 170.703742    0.02592     1.5551     93.309     24.232  49888.831    31.5236     8.2586     24.000     8.2545    24.5079     7.0034    10.0085    104.346    305.289    312.771   -0.00162    6.71168    9.59166  292.57321   15.12545 8.1173e+00     1.1285     0.3602    91.3879 0.0000e+00
        379 170.703756    0.02625     1.5750     94.499     25.236  49891.914    31.5253     8.2592     25.000     8.2607    24.5093     6.9586     9.9446    103.683    303.339    310.773   -0.00527    6.71150    9.59140  292.56510   15.12505 7.0443e+00     0.9268     0.3626    91.3337 0.0000e+00
        384 170.703770    0.02659     1.5952     95.714     26.245  49881.330    31.5193     8.2708     26.000     8.2755    24.5029     6.9488     9.9306    103.559    302.912    310.335   -0.00471    6.71002    9.58928  292.50219   15.12207 6.1105e+00     1.0571     0.3669    91.2369 0.0000e+00
        389 170.703786    0.02697     1.6185     97.109     27.258  49859.669    31.5059     8.2857     27.000     8.2817    24.4902     6.9695     9.9601    103.893    303.816    311.257   -0.00111    6.70833    9.58687  292.43220   15.11878 5.2919e+00     0.9816     0.3642    91.2972 0.0000e+00
        394 170.703800    0.02732     1.6391     98.349     28.266  49867.193    31.5098     8.2793     28.000     8.2747    24.4942     6.9890     9.9880    104.172    304.667    312.129    0.00097    6.70914    9.58802  292.46624   15.12040 4.6164e+00     1.0332     0.3627    91.3323 0.0000e+00
        400 170.703815    0.02767     1.6604     99.625     29.274  49872.735    31.5126     8.2755     29.000     8.2714    24.4970     6.9873     9.9856    104.139    304.592    312.054    0.00041    6.70959    9.58869  292.48562   15.12131 4.0072e+00     1.1123     0.3576    91.4477 0.0000e+00
        405 170.703831    0.02806     1.6832    100.994     30.286  49875.063    31.5134     8.2730     30.000     8.2700    24.4980     6.9801     9.9753    104.026    304.278    311.731   -0.00048    6.70995    9.58919  292.50050   15.12201 3.4980e+00     0.9452     0.3538    91.5334 0.0000e+00
        410 170.703845    0.02840     1.7041    102.249     31.295  49875.947    31.5134     8.2713     31.000     8.2652    24.4982     6.9722     9.9641    103.906    303.937    311.383   -0.00114    6.71019    9.58953  292.51110   15.12252 3.0456e+00     1.0494     0.3489    91.6450 0.0000e+00
        415 170.703860    0.02875     1.7251    103.508     32.303  49886.462    31.5189     8.2624     32.000     8.2560    24.5039     6.9773     9.9712    103.962    304.150    311.603   -0.00052    6.71130    9.59111  292.55765   15.12472 2.6622e+00     0.9084     0.3453    91.7285 0.0000e+00
        420 170.703875    0.02912     1.7469    104.816     33.319  49910.364    31.5342     8.2560     33.000     8.2565    24.5168     6.9723     9.9642    103.885    303.934    311.386   -0.00087    6.71160    9.59154  292.56719   15.12511 2.3232e+00     0.9195     0.3464    91.7049 0.0000e+00
        424 170.703887    0.02941     1.7645    105.870     34.320  49985.372    31.5892     8.2750     34.000     8.2829    24.5572     6.9645     9.9531    103.851    303.582    311.037   -0.00101    6.70632    9.58401  292.32581   15.11337 2.0340e+00     1.0510     0.3538    91.5342 0.0000e+00
        430 170.703902    0.02976     1.7859    107.157     35.336  49948.850    31.5648     8.2852     35.000     8.2787    24.5365     6.9585     9.9444    103.767    303.323    310.765   -0.00107    6.70586    9.58334  292.31129   15.11278 1.7647e+00     0.9728     0.3553    91.5012 0.0000e+00
        434 170.703916    0.03009     1.8053    108.318     36.343  49973.322    31.5811     8.2833     36.000     8.2880    24.5497     6.9374     9.9142    103.459    302.401    309.825   -0.00290    6.70542    9.58272  292.28868   15.11163 1.5419e+00     0.9866     0.3578    91.4441 0.0000e+00
        439 170.703928    0.03039     1.8233    109.395     37.348  49963.423    31.5763     8.2993     37.000     8.2989    24.5435     6.9362     9.9124    103.475    302.349    309.769   -0.00202    6.70322    9.57957  292.19423   15.10714 1.3401e+00     1.0138     0.3580    91.4397 0.0000e+00
        444 170.703943    0.03074     1.8445    110.669     38.365  49958.022    31.5727     8.3037     38.000     8.2991    24.5401     6.9413     9.9198    103.560    302.574    309.999   -0.00103    6.70270    9.57884  292.17292   15.10613 1.1679e+00     0.9992     0.3636    91.3114 0.0000e+00
        448 170.703956    0.03106     1.8637    111.825     39.372  49960.479    31.5732     8.2992     39.000     8.2876    24.5412     6.9545     9.9388    103.747    303.149    310.590    0.00046    6.70336    9.57977  292.20120   15.10748 1.0174e+00     0.9995     0.3699    91.1688 0.0000e+00
        453 170.703970    0.03139     1.8831    112.984     40.377  50006.175    31.6017     8.2790     40.000     8.2655    24.5665     6.9482     9.9296    103.624    302.865    310.305   -0.00040    6.70517    9.58236  292.27283   15.11079 8.8809e-01     1.0896     0.3565    91.4743 0.0000e+00
        458 170.703984    0.03175     1.9046    114.277     41.401  50068.587    31.6410     8.2530     41.000     8.2382    24.6010     6.9121     9.8780    103.052    301.281    308.694   -0.00364    6.70740    9.58555  292.36007   15.11480 7.7675e-01     0.9156     0.3319    92.0382 0.0000e+00
        462 170.703996    0.03202     1.9213    115.279     42.393  50076.078    31.6425     8.2317     42.000     8.2119    24.6053     6.8420     9.7779    101.958    298.225    305.563   -0.00926    6.71057    9.59007  292.49696   15.12133 6.8701e-01     0.7847     0.3291    92.1029 0.0000e+00
        467 170.704012    0.03239     1.9435    116.610     43.417  50096.076    31.6493     8.1886     43.000     8.1700    24.6169     6.7562     9.6553    100.587    294.483    301.732   -0.01480    6.71678    9.59894  292.76426   15.13406 6.0806e-01     0.7068     0.3226    92.2531 0.0000e+00
        472 170.704025    0.03270     1.9620    117.722     44.419  50097.864    31.6440     8.1496     44.000     8.1260    24.6184     6.7199     9.6034     99.954    292.898    300.109   -0.01438    6.72293    9.60774  293.03200   15.14687 5.3673e-01     0.6176     0.3250    92.1972 0.0000e+00
        476 170.704038    0.03302     1.9811    118.864     45.425  50127.354    31.6583     8.1121     45.000     8.0985    24.6351     6.6835     9.5514     99.339    291.310    298.486   -0.01417    6.72800    9.61499  293.24838   15.15714 4.7528e-01     0.5591     0.3186    92.3451 0.0000e+00
        482 170.704053    0.03338     2.0030    120.181     46.445  50152.421    31.6729     8.0960     46.000     8.0905    24.6488     6.6694     9.5313     99.102    290.690    297.855   -0.01088    6.72983    9.61760  293.32413   15.16070 4.1962e-01     0.5568     0.3155    92.4154 0.0000e+00
        486 170.704065    0.03369     2.0213    121.277     47.442  50157.272    31.6756     8.0950     47.000     8.0913    24.6511     6.6561     9.5122     98.904    290.110    297.262   -0.00912    6.72986    9.61764  293.32478   15.16072 3.7172e-01     0.5472     0.3172    92.3742 0.0000e+00
        491 170.704081    0.03405     2.0431    122.584     48.463  50167.833    31.6831     8.0987     48.000     8.0937    24.6565     6.6525     9.5071     98.864    289.951    297.100   -0.00639    6.72895    9.61635  293.28364   15.15873 3.2830e-01     0.5471     0.3130    92.4745 0.0000e+00
        496 170.704094    0.03437     2.0624    123.744     49.466  50159.370    31.6756     8.0909     49.000     8.0768    24.6517     6.6586     9.5158     98.932    290.219    297.373   -0.00403    6.73047    9.61852  293.35135   15.16199 2.8830e-01     0.6052     0.3248    92.2021 0.0000e+00
        501 170.704108    0.03471     2.0825    124.950     50.481  50166.649    31.6763     8.0661     50.000     8.0531    24.6558     6.6444     9.4955     98.667    289.600    296.740   -0.00436    6.73422    9.62387  293.51342   15.16973 2.5232e-01     0.5345     0.3271    92.1486 0.0000e+00
        505 170.704121    0.03502     2.1011    126.067     51.486  50153.946    31.6638     8.0465     51.000     8.0226    24.6489     6.6288     9.4732     98.383    288.922    296.043   -0.00502    6.73776    9.62893  293.66980   15.17724 2.1603e-01     0.5708     0.3262    92.1696 0.0000e+00
        510 170.704135    0.03534     2.1202    127.212     52.498  50138.018    31.6431     7.9892     52.000     7.9548    24.6408     6.6171     9.4565     98.069    288.414    295.520   -0.00544    6.74742    9.64274  294.09305   15.19754 1.9178e-01     0.5670     0.3394    91.8653 0.0000e+00
        514 170.704147    0.03564     2.1386    128.318     53.506  50166.802    31.6533     7.9292     53.000     7.9067    24.6572     6.5964     9.4269     97.636    287.507    294.596   -0.00666    6.75616    9.65522  294.46908   15.21545 1.6669e-01     0.5350     0.3504    91.6119 0.0000e+00
