CTD-processing/allCTD/CNV/2019_05_12_t6_s04_cast167_4141.cnv
* Sea-Bird SBE19plus Data File:
* FileName = C:\Users\jwschloemer\Documents\CTD Data\2019_05-12_T6_T7_ptGrm_pogi\2019_05_12_T6_S27_Cast167.hex
* Software Version 1.59
* Temperature SN =  4141
* Conductivity SN =  4141
* System UpLoad Time = May 13 2019 14:59:10
** Date: 2019_05_12
** Station:04
** Start Time (AKST):14:08
** Depth (m):105
** Comment:
# nquan = 27
# nvalues = 99                          
# units = specified
# name 0 = scan: Scan Count
# name 1 = timeJ: Julian Days
# name 2 = timeH: Time, Elapsed [hours]
# name 3 = timeM: Time, Elapsed [minutes]
# name 4 = timeS: Time, Elapsed [seconds]
# name 5 = prdM: Pressure, Strain Gauge [db]
# name 6 = specc: Specific Conductance [uS/cm]
# name 7 = sal00: Salinity, Practical [PSU]
# name 8 = tv290C: Temperature [ITS-90, deg C]
# name 9 = depSM: Depth [salt water, m], lat = 59.00
# name 10 = potemp090C: Potential Temperature [ITS-90, deg C]
# name 11 = sigma-é00: Density [sigma-theta, kg/m^3]
# name 12 = sbeox0ML/L: Oxygen, SBE 43 [ml/l]
# name 13 = sbeox0Mg/L: Oxygen, SBE 43 [mg/l]
# name 14 = sbeox0PS: Oxygen, SBE 43 [% saturation]
# name 15 = sbox0Mm/Kg: Oxygen, SBE 43 [umol/kg]
# name 16 = sbeox0Mm/L: Oxygen, SBE 43 [umol/l]
# name 17 = sbox0dV/dT: Oxygen, SBE 43 [dov/dt]
# name 18 = oxsolML/L: Oxygen Saturation, Garcia & Gordon [ml/l]
# name 19 = oxsolMg/L: Oxygen Saturation, Garcia & Gordon [mg/l]
# name 20 = oxsolMm/Kg: Oxygen Saturation, Garcia & Gordon [umol/kg]
# name 21 = n2satMg/L: Nitrogen Saturation [mg/l]
# name 22 = par: PAR/Irradiance, Biospherical/Licor
# name 23 = wetStar: Fluorescence, WET Labs WETstar [mg/m^3]
# name 24 = CStarAt0: Beam Attenuation, WET Labs C-Star [1/m]
# name 25 = CStarTr0: Beam Transmission, WET Labs C-Star [%]
# name 26 = flag: flag
# span 0 =         14,        878       
# span 1 = 132.589087, 132.591589       
# span 2 =    0.00087,    0.06091       
# span 3 =     0.0525,     3.6547       
# span 4 =      3.147,    219.284       
# span 5 =      1.000,     99.943       
# span 6 =  50624.228,  50846.776       
# span 7 =    31.7635,    31.8618       
# span 8 =     6.5258,     6.5712       
# span 9 =      1.000,     99.000       
# span 10 =     6.5175,     6.5708      
# span 11 =    24.9280,    25.0098      
# span 12 =     6.6409,     6.7523      
# span 13 =     9.4905,     9.6497      
# span 14 =     95.306,     96.901      
# span 15 =    289.347,    294.228      
# span 16 =    296.583,    301.559      
# span 17 =   -0.00146,    0.00058      
# span 18 =    6.96142,    6.96831      
# span 19 =    9.94857,    9.95841      
# span 20 =  303.31739,  303.63917      
# span 21 =   15.63682,   15.65250      
# span 22 = 3.6170e-02, 2.1094e+02      
# span 23 =     0.4428,     1.4577      
# span 24 =    -0.1600,     5.3017      
# span 25 =    43.0240,    93.8800      
# span 26 = 0.0000e+00, 0.0000e+00      
# interval = meters: 1                  
# start_time = May 12 2019 14:08:14 [Instrument's time stamp, header]
# bad_flag = -9.990e-29
*END*
[from data line 54]
        591 132.590757    0.04095     2.4569    147.415     55.538  50795.142    31.8508     6.5479     55.000     6.5422    24.9979     6.6725     9.5356     95.802    290.726    297.994   -0.00089    6.96492    9.95357  303.46731   15.64395 5.8308e-01     1.2970     0.3527    91.5597 0.0000e+00
        595 132.590770    0.04126     2.4756    148.534     56.539  50797.876    31.8518     6.5453     56.000     6.5402    24.9990     6.6727     9.5360     95.800    290.735    298.003   -0.00065    6.96528    9.95408  303.48262   15.64468 5.1625e-01     1.2368     0.3587    91.4228 0.0000e+00
        599 132.590780    0.04151     2.4904    149.425     57.540  50799.241    31.8521     6.5445     57.000     6.5390    24.9993     6.6743     9.5383     95.821    290.805    298.075   -0.00056    6.96540    9.95425  303.48772   15.64492 4.5357e-01     1.2720     0.3559    91.4877 0.0000e+00
        603 132.590794    0.04183     2.5100    150.598     58.552  50800.738    31.8525     6.5438     58.000     6.5388    24.9998     6.6737     9.5374     95.811    290.779    298.049   -0.00047    6.96550    9.95438  303.49168   15.64510 3.9138e-01     1.2033     0.3529    91.5557 0.0000e+00
        611 132.590816    0.04235     2.5411    152.468     59.564  50802.121    31.8528     6.5425     59.000     6.5373    25.0001     6.6689     9.5305     95.739    290.570    297.834   -0.00072    6.96570    9.95468  303.50067   15.64554 3.2336e-01     1.2090     0.3491    91.6434 0.0000e+00
        619 132.590840    0.04294     2.5764    154.584     60.578  50802.959    31.8533     6.5446     60.000     6.5406    25.0003     6.6673     9.5282     95.720    290.498    297.760   -0.00051    6.96533    9.95417  303.48473   15.64477 2.7633e-01     1.2402     0.3532    91.5477 0.0000e+00
        625 132.590856    0.04333     2.5999    155.995     61.584  50801.792    31.8522     6.5461     61.000     6.5411    24.9993     6.6709     9.5334     95.776    290.657    297.923   -0.00009    6.96513    9.95387  303.47610   15.64436 2.3121e-01     1.1970     0.3519    91.5770 0.0000e+00
        631 132.590874    0.04375     2.6250    157.501     62.600  50800.945    31.8514     6.5470     62.000     6.5411    24.9985     6.6722     9.5351     95.795    290.711    297.978   -0.00004    6.96504    9.95373  303.47213   15.64418 1.8689e-01     1.2449     0.3534    91.5456 0.0000e+00
        636 132.590887    0.04407     2.6441    158.649     63.602  50800.061    31.8496     6.5436     63.000     6.5336    24.9976     6.6728     9.5361     95.796    290.741    298.009   -0.00005    6.96567    9.95463  303.49985   15.64551 1.5758e-01     1.2480     0.3574    91.4532 0.0000e+00
        643 132.590908    0.04456     2.6736    160.418     64.609  50811.227    31.8549     6.5328     64.000     6.5254    25.0031     6.6700     9.5320     95.734    290.614    297.881   -0.00038    6.96718    9.95679  303.56399   15.64854 1.2610e-01     1.3133     0.3410    91.8286 0.0000e+00
        653 132.590938    0.04528     2.7169    163.015     65.626  50815.437    31.8568     6.5302     65.000     6.5248    25.0050     6.6564     9.5127     95.535    290.023    297.275   -0.00140    6.96749    9.95725  303.57725   15.64917 1.0993e-01     1.0925     0.3384    91.8870 0.0000e+00
        659 132.590956    0.04571     2.7425    164.548     66.633  50815.856    31.8567     6.5302     66.000     6.5245    25.0048     6.6503     9.5039     95.447    289.757    297.002   -0.00146    6.96750    9.95725  303.57775   15.64919 9.2770e-02     1.1335     0.3398    91.8571 0.0000e+00
        665 132.590973    0.04613     2.7678    166.068     67.646  50816.597    31.8567     6.5304     67.000     6.5249    25.0049     6.6623     9.5211     95.620    290.279    297.537   -0.00006    6.96748    9.95722  303.57656   15.64913 7.4660e-02     1.1615     0.3378    91.9028 0.0000e+00
        671 132.590990    0.04653     2.7919    167.513     68.649  50816.831    31.8565     6.5306     68.000     6.5246    25.0047     6.6623     9.5211     95.620    290.280    297.538   -0.00008    6.96746    9.95719  303.57567   15.64909 6.7131e-02     1.1397     0.3401    91.8482 0.0000e+00
        679 132.591012    0.04707     2.8243    169.461     69.664  50818.552    31.8571     6.5299     69.000     6.5239    25.0052     6.6586     9.5159     95.567    290.120    297.375   -0.00039    6.96754    9.95731  303.57913   15.64926 5.7160e-02     1.0980     0.3411    91.8268 0.0000e+00
        686 132.591034    0.04760     2.8559    171.351     70.670  50820.152    31.8575     6.5290     70.000     6.5229    25.0057     6.6569     9.5134     95.540    290.046    297.299   -0.00042    6.96767    9.95750  303.58484   15.64953 4.9772e-02     1.1244     0.3380    91.8968 0.0000e+00
        695 132.591060    0.04822     2.8935    173.609     71.686  50821.169    31.8577     6.5289     71.000     6.5229    25.0059     6.6548     9.5103     95.509    289.950    297.201   -0.00043    6.96767    9.95750  303.58475   15.64952 4.3200e-02     1.0801     0.3361    91.9406 0.0000e+00
        702 132.591079    0.04868     2.9206    175.238     72.691  50821.941    31.8578     6.5289     72.000     6.5227    25.0060     6.6566     9.5130     95.536    290.032    297.284   -0.00018    6.96767    9.95750  303.58488   15.64953 4.0583e-02     1.1271     0.3399    91.8543 0.0000e+00
        708 132.591098    0.04913     2.9477    176.860     73.701  50822.786    31.8579     6.5288     73.000     6.5226    25.0061     6.6563     9.5126     95.532    290.020    297.273   -0.00022    6.96768    9.95751  303.58498   15.64953 3.7432e-02     1.1814     0.3407    91.8357 0.0000e+00
        715 132.591118    0.04960     2.9763    178.576     74.714  50823.462    31.8579     6.5292     74.000     6.5232    25.0061     6.6558     9.5118     95.524    289.995    297.247   -0.00021    6.96761    9.95741  303.58217   15.64940 3.6242e-02     1.1546     0.3394    91.8640 0.0000e+00
        721 132.591134    0.05000     3.0001    180.004     75.725  50822.714    31.8570     6.5298     75.000     6.5234    25.0053     6.6524     9.5068     95.476    289.846    297.094   -0.00055    6.96754    9.95732  303.57948   15.64928 3.6170e-02     1.0849     0.3398    91.8568 0.0000e+00
        726 132.591148    0.05034     3.0200    181.201     76.731  50824.477    31.8578     6.5296     76.000     6.5227    25.0059     6.6591     9.5165     95.573    290.139    297.394    0.00014    6.96756    9.95734  303.57998   15.64930 3.6170e-02     1.0819     0.3391    91.8716 0.0000e+00
        731 132.591163    0.05070     3.0422    182.532     77.736  50826.677    31.8586     6.5284     77.000     6.5214    25.0067     6.6665     9.5271     95.677    290.463    297.726    0.00058    6.96772    9.95757  303.58662   15.64961 3.6170e-02     1.1115     0.3406    91.8382 0.0000e+00
        739 132.591185    0.05122     3.0731    184.387     78.757  50828.416    31.8592     6.5275     78.000     6.5209    25.0073     6.6549     9.5105     95.509    289.959    297.209   -0.00059    6.96783    9.95771  303.59099   15.64982 3.6170e-02     1.0907     0.3388    91.8786 0.0000e+00
        744 132.591200    0.05157     3.0943    185.655     79.761  50829.303    31.8594     6.5278     79.000     6.5211    25.0074     6.6497     9.5031     95.435    289.732    296.977   -0.00094    6.96779    9.95766  303.58931   15.64974 3.6170e-02     1.0907     0.3401    91.8488 0.0000e+00
        748 132.591213    0.05190     3.1138    186.830     80.771  50830.031    31.8593     6.5276     80.000     6.5205    25.0074     6.6531     9.5080     95.483    289.879    297.128   -0.00046    6.96782    9.95771  303.59069   15.64980 3.6170e-02     1.0989     0.3393    91.8672 0.0000e+00
        753 132.591227    0.05222     3.1336    188.013     81.780  50831.259    31.8597     6.5273     81.000     6.5203    25.0077     6.6494     9.5027     95.430    289.718    296.963   -0.00068    6.96785    9.95775  303.59180   15.64985 3.6170e-02     1.1157     0.3390    91.8737 0.0000e+00
        758 132.591243    0.05260     3.1560    189.358     82.787  50832.215    31.8599     6.5273     82.000     6.5204    25.0079     6.6540     9.5093     95.497    289.918    297.169   -0.00021    6.96782    9.95771  303.59071   15.64980 3.6170e-02     1.0479     0.3378    91.9018 0.0000e+00
        765 132.591261    0.05305     3.1828    190.965     83.806  50832.155    31.8595     6.5277     83.000     6.5207    25.0075     6.6601     9.5179     95.584    290.183    297.440    0.00036    6.96779    9.95767  303.58943   15.64974 3.6170e-02     1.0903     0.3390    91.8753 0.0000e+00
        770 132.591276    0.05340     3.2042    192.250     84.804  50832.892    31.8595     6.5278     84.000     6.5206    25.0075     6.6563     9.5125     95.529    290.017    297.270   -0.00017    6.96778    9.95765  303.58896   15.64972 3.6170e-02     1.1306     0.3408    91.8323 0.0000e+00
        777 132.591297    0.05390     3.2339    194.035     85.831  50833.546    31.8594     6.5277     85.000     6.5204    25.0075     6.6544     9.5098     95.503    289.935    297.186   -0.00032    6.96779    9.95767  303.58932   15.64973 3.6170e-02     1.0710     0.3376    91.9060 0.0000e+00
        781 132.591309    0.05418     3.2508    195.049     86.824  50834.638    31.8597     6.5278     86.000     6.5205    25.0078     6.6563     9.5126     95.531    290.021    297.273   -0.00017    6.96776    9.95762  303.58799   15.64967 3.6170e-02     1.0729     0.3399    91.8541 0.0000e+00
        788 132.591329    0.05466     3.2798    196.787     87.839  50834.992    31.8595     6.5279     87.000     6.5205    25.0076     6.6596     9.5173     95.578    290.163    297.419    0.00010    6.96775    9.95761  303.58782   15.64967 3.6170e-02     1.0883     0.3391    91.8706 0.0000e+00
        796 132.591351    0.05521     3.3124    198.742     88.860  50835.886    31.8597     6.5280     88.000     6.5204    25.0078     6.6491     9.5023     95.428    289.706    296.951   -0.00087    6.96773    9.95758  303.58693   15.64962 3.6170e-02     1.0636     0.3385    91.8854 0.0000e+00
        800 132.591362    0.05546     3.3274    199.642     89.858  50836.366    31.8595     6.5281     89.000     6.5203    25.0076     6.6502     9.5038     95.443    289.753    296.998   -0.00071    6.96773    9.95758  303.58682   15.64962 3.6170e-02     1.0948     0.3415    91.8156 0.0000e+00
        808 132.591387    0.05607     3.3641    201.848     90.863  50837.720    31.8599     6.5277     90.000     6.5198    25.0080     6.6498     9.5032     95.437    289.734    296.980   -0.00054    6.96777    9.95764  303.58844   15.64969 3.6170e-02     1.0533     0.3403    91.8430 0.0000e+00
        819 132.591418    0.05680     3.4082    204.492     91.879  50838.111    31.8598     6.5278     91.000     6.5200    25.0078     6.6439     9.4948     95.352    289.477    296.716   -0.00080    6.96775    9.95762  303.58767   15.64966 3.6170e-02     1.0790     0.3381    91.8937 0.0000e+00
        824 132.591433    0.05718     3.4309    205.852     92.901  50839.927    31.8604     6.5270     92.000     6.5186    25.0085     6.6518     9.5062     95.465    289.822    297.070    0.00007    6.96786    9.95777  303.59220   15.64987 3.6170e-02     1.0703     0.3403    91.8440 0.0000e+00
        828 132.591443    0.05741     3.4444    206.662     93.896  50841.840    31.8612     6.5264     93.000     6.5182    25.0092     6.6483     9.5010     95.412    289.667    296.911   -0.00025    6.96792    9.95785  303.59476   15.64999 3.6170e-02     1.0207     0.3400    91.8506 0.0000e+00
        836 132.591466    0.05797     3.4781    208.686     94.899  50843.454    31.8618     6.5260     94.000     6.5179    25.0097     6.6450     9.4963     95.364    289.522    296.763   -0.00062    6.96796    9.95791  303.59611   15.65005 3.6170e-02     1.0551     0.3384    91.8897 0.0000e+00
        846 132.591496    0.05868     3.5210    211.261     95.902  50843.792    31.8615     6.5261     95.000     6.5179    25.0095     6.6427     9.4931     95.332    289.424    296.663   -0.00056    6.96795    9.95790  303.59587   15.65004 3.6170e-02     1.0859     0.3415    91.8175 0.0000e+00
        858 132.591530    0.05949     3.5699    214.194     96.944  50844.764    31.8617     6.5258     96.000     6.5175    25.0096     6.6537     9.5088     95.490    289.905    297.156    0.00036    6.96799    9.95795  303.59751   15.65012 3.6170e-02     1.0550     0.3363    91.9371 0.0000e+00
        862 132.591543    0.05980     3.5882    215.293     97.930  50845.666    31.8618     6.5258     97.000     6.5175    25.0098     6.6435     9.4943     95.343    289.461    296.700   -0.00072    6.96800    9.95797  303.59790   15.65014 3.6170e-02     1.0223     0.3371    91.9183 0.0000e+00
        871 132.591568    0.06040     3.6243    217.456     98.952  50846.368    31.8618     6.5259     98.000     6.5176    25.0098     6.6457     9.4974     95.375    289.555    296.797   -0.00034    6.96797    9.95792  303.59654   15.65007 3.6170e-02     1.0440     0.3358    91.9474 0.0000e+00
        878 132.591589    0.06091     3.6547    219.284     99.943  50846.776    31.8617     6.5261     99.000     6.5177    25.0097     6.6409     9.4905     95.306    289.347    296.583   -0.00080    6.96795    9.95789  303.59570   15.65004 3.6170e-02     1.0628     0.3374    91.9108 0.0000e+00
