CTD-processing/allCTD/CNV/2019_11-15_alongbay_kb07_cast031_4141.cnv
* Sea-Bird SBE19plus Data File:
* FileName = C:\Users\Chris\Desktop\EVOSTC GWA LTM\CTD Data\2019_11-15_AlongBay\2019_11-15_AlongBay_KB_Cast031.hex
* Software Version 1.59
* Temperature SN =  4141
* Conductivity SN =  4141
* System UpLoad Time = Nov 20 2019 09:48:07
** Cook Inlet LTM AlongBay
** Date: 2019_11-15
** Station:07
** Start Time: (AKST):12:15
** Depth (m):147
** Comment:
** Comment:
# nquan = 27
# nvalues = 134                         
# units = specified
# name 0 = scan: Scan Count
# name 1 = timeJ: Julian Days
# name 2 = timeH: Time, Elapsed [hours]
# name 3 = timeM: Time, Elapsed [minutes]
# name 4 = timeS: Time, Elapsed [seconds]
# name 5 = prdM: Pressure, Strain Gauge [db]
# name 6 = specc: Specific Conductance [uS/cm]
# name 7 = sal00: Salinity, Practical [PSU]
# name 8 = tv290C: Temperature [ITS-90, deg C]
# name 9 = depSM: Depth [salt water, m], lat = 59.00
# name 10 = potemp090C: Potential Temperature [ITS-90, deg C]
# name 11 = sigma-é00: Density [sigma-theta, kg/m^3]
# name 12 = sbeox0ML/L: Oxygen, SBE 43 [ml/l]
# name 13 = sbeox0Mg/L: Oxygen, SBE 43 [mg/l]
# name 14 = sbeox0PS: Oxygen, SBE 43 [% saturation]
# name 15 = sbox0Mm/Kg: Oxygen, SBE 43 [umol/kg]
# name 16 = sbeox0Mm/L: Oxygen, SBE 43 [umol/l]
# name 17 = sbox0dV/dT: Oxygen, SBE 43 [dov/dt]
# name 18 = oxsolML/L: Oxygen Saturation, Garcia & Gordon [ml/l]
# name 19 = oxsolMg/L: Oxygen Saturation, Garcia & Gordon [mg/l]
# name 20 = oxsolMm/Kg: Oxygen Saturation, Garcia & Gordon [umol/kg]
# name 21 = n2satMg/L: Nitrogen Saturation [mg/l]
# name 22 = par: PAR/Irradiance, Biospherical/Licor
# name 23 = wetStar: Fluorescence, WET Labs WETstar [mg/m^3]
# name 24 = CStarAt0: Beam Attenuation, WET Labs C-Star [1/m]
# name 25 = CStarTr0: Beam Transmission, WET Labs C-Star [%]
# name 26 = flag: flag
# span 0 =        294,        971       
# span 1 = 319.553209, 319.555167       
# span 2 =    0.02035,    0.06735       
# span 3 =     1.2208,     4.0409       
# span 4 =     73.246,    242.452       
# span 5 =      1.021,    135.299       
# span 6 =  48152.881,  48807.588       
# span 7 =    30.1996,    30.7760       
# span 8 =     7.4642,     8.6399       
# span 9 =      1.000,    134.000       
# span 10 =     7.5264,     8.6264      
# span 11 =    23.5792,    23.8682      
# span 12 =     5.3953,     6.0294      
# span 13 =     7.7105,     8.6166      
# span 14 =     80.687,     88.123      
# span 15 =    235.339,    263.065      
# span 16 =    240.955,    269.274      
# span 17 =   -0.00823,    0.00564      
# span 18 =    6.68676,    6.89344      
# span 19 =    9.55605,    9.85141      
# span 20 =  291.66901,  300.76896      
# span 21 =   15.08533,   15.52204      
# span 22 = 3.6390e-02, 3.9231e+01      
# span 23 =     0.2616,     0.5762      
# span 24 =     0.7107,     1.8912      
# span 25 =    62.3261,    83.7223      
# span 26 = 0.0000e+00, 0.0000e+00      
# interval = meters: 1                  
# start_time = Nov 15 2019 13:15:24 [Instrument's time stamp, header]
# bad_flag = -9.990e-29
*END*
[from data line 108]
        839 319.554785    0.05817     3.4904    209.425    110.048  48762.637    30.7530     8.6260    109.000     8.6151    23.8519     5.4785     7.8294     81.894    238.971    244.671   -0.00046    6.68980    9.56040  291.80640   15.09199 3.7044e-02     0.2710     0.8235    81.3935 0.0000e+00
        845 319.554803    0.05860     3.5164    210.981    111.085  48765.159    30.7543     8.6258    110.000     8.6147    23.8529     5.4776     7.8281     81.881    238.931    244.630   -0.00045    6.68977    9.56034  291.80468   15.09190 3.6946e-02     0.2797     0.8198    81.4705 0.0000e+00
        849 319.554815    0.05889     3.5331    211.986    112.071  48766.865    30.7550     8.6258    111.000     8.6147    23.8536     5.4713     7.8190     81.786    238.654    244.347   -0.00089    6.68974    9.56031  291.80336   15.09183 3.7046e-02     0.2686     0.8763    80.3260 0.0000e+00
        854 319.554830    0.05925     3.5550    213.298    113.091  48768.259    30.7556     8.6260    112.000     8.6147    23.8540     5.4654     7.8107     81.700    238.401    244.088   -0.00126    6.68969    9.56024  291.80104   15.09172 3.7042e-02     0.2648     0.8930    79.9912 0.0000e+00
        859 319.554845    0.05960     3.5760    214.558    114.098  48769.381    30.7560     8.6259    113.000     8.6147    23.8543     5.4630     7.8072     81.664    238.295    243.979   -0.00104    6.68968    9.56022  291.80039   15.09169 3.7055e-02     0.2696     0.9282    79.2900 0.0000e+00
        864 319.554859    0.05996     3.5976    215.858    115.108  48769.505    30.7556     8.6260    114.000     8.6146    23.8541     5.4527     7.7924     81.509    237.843    243.516   -0.00174    6.68967    9.56021  291.80016   15.09168 3.7081e-02     0.2703     0.9400    79.0579 0.0000e+00
        869 319.554874    0.06031     3.6187    217.121    116.118  48770.451    30.7559     8.6262    115.000     8.6147    23.8542     5.4480     7.7858     81.440    237.640    243.309   -0.00164    6.68964    9.56017  291.79881   15.09161 3.7081e-02     0.2652     0.9356    79.1438 0.0000e+00
        875 319.554889    0.06066     3.6399    218.393    117.125  48769.642    30.7549     8.6263    116.000     8.6148    23.8535     5.4497     7.7882     81.465    237.715    243.386   -0.00101    6.68967    9.56020  291.80007   15.09168 3.7085e-02     0.2696     0.9464    78.9298 0.0000e+00
        880 319.554905    0.06105     3.6629    219.773    118.142  48771.618    30.7559     8.6266    117.000     8.6149    23.8542     5.4479     7.7857     81.439    237.637    243.306   -0.00090    6.68958    9.56008  291.79629   15.09149 3.7110e-02     0.2635     0.9411    79.0339 0.0000e+00
        885 319.554919    0.06138     3.6828    220.966    119.144  48772.927    30.7564     8.6267    118.000     8.6151    23.8546     5.4523     7.7918     81.504    237.825    243.498   -0.00025    6.68954    9.56002  291.79415   15.09139 3.7127e-02     0.2671     0.9562    78.7374 0.0000e+00
        891 319.554936    0.06180     3.7077    222.463    120.160  48772.394    30.7557     8.6276    119.000     8.6158    23.8539     5.4521     7.7915     81.503    237.816    243.489   -0.00025    6.68944    9.55989  291.79015   15.09120 3.7093e-02     0.2681     0.9452    78.9534 0.0000e+00
        896 319.554951    0.06216     3.7296    223.779    121.169  48773.673    30.7562     8.6279    120.000     8.6161    23.8543     5.4498     7.7884     81.471    237.720    243.390   -0.00041    6.68937    9.55979  291.78707   15.09105 3.7118e-02     0.2654     0.9750    78.3681 0.0000e+00
        902 319.554967    0.06254     3.7527    225.160    122.179  48777.080    30.7583     8.6287    121.000     8.6167    23.8558     5.4507     7.7895     81.485    237.754    243.426   -0.00023    6.68917    9.55949  291.77758   15.09059 3.7124e-02     0.2683     0.9889    78.0967 0.0000e+00
        907 319.554983    0.06293     3.7756    226.534    123.181  48776.900    30.7577     8.6290    122.000     8.6167    23.8553     5.4447     7.7811     81.397    237.497    243.162   -0.00076    6.68914    9.55945  291.77667   15.09055 3.7183e-02     0.2696     1.0182    77.5278 0.0000e+00
        913 319.555000    0.06333     3.7997    227.985    124.203  48779.416    30.7591     8.6290    123.000     8.6167    23.8565     5.4387     7.7724     81.307    237.233    242.892   -0.00107    6.68909    9.55937  291.77398   15.09041 3.7130e-02     0.2665     1.0006    77.8685 0.0000e+00
        918 319.555014    0.06368     3.8209    229.256    125.208  48779.359    30.7586     8.6292    124.000     8.6168    23.8561     5.4394     7.7736     81.319    237.267    242.926   -0.00078    6.68907    9.55935  291.77331   15.09039 3.7191e-02     0.2701     1.0076    77.7329 0.0000e+00
        923 319.555030    0.06406     3.8434    230.606    126.220  48783.335    30.7611     8.6299    125.000     8.6181    23.8579     5.4420     7.7771     81.358    237.374    243.037   -0.00029    6.68887    9.55905  291.76382   15.08992 3.7197e-02     0.2714     1.0109    77.6675 0.0000e+00
        929 319.555045    0.06441     3.8648    231.889    127.224  48790.499    30.7660     8.6320    126.000     8.6205    23.8614     5.4410     7.7757     81.350    237.331    242.993   -0.00031    6.68833    9.55830  291.73956   15.08874 3.7239e-02     0.2616     1.0906    76.1399 0.0000e+00
        934 319.555061    0.06479     3.8872    233.234    128.241  48794.669    30.7689     8.6347    127.000     8.6221    23.8633     5.4347     7.7667     81.263    237.057    242.714   -0.00071    6.68781    9.55755  291.71624   15.08762 3.7242e-02     0.2623     1.1270    75.4472 0.0000e+00
        939 319.555075    0.06515     3.9088    234.528    129.250  48791.300    30.7661     8.6348    128.000     8.6217    23.8611     5.4240     7.7514     81.102    236.591    242.236   -0.00154    6.68791    9.55768  291.72100   15.08786 3.7210e-02     0.2639     1.1350    75.2950 0.0000e+00
        944 319.555090    0.06548     3.9287    235.725    130.255  48791.828    30.7659     8.6341    129.000     8.6214    23.8611     5.4196     7.7452     81.034    236.399    242.040   -0.00158    6.68802    9.55784  291.72596   15.08810 3.7310e-02     0.2659     1.1337    75.3203 0.0000e+00
        949 319.555105    0.06585     3.9510    237.061    131.272  48798.488    30.7704     8.6355    130.000     8.6231    23.8644     5.4206     7.7466     81.055    236.442    242.084   -0.00092    6.68761    9.55727  291.70735   15.08719 3.7223e-02     0.2648     1.1484    75.0457 0.0000e+00
        955 319.555120    0.06622     3.9730    238.379    132.279  48803.004    30.7733     8.6373    131.000     8.6247    23.8665     5.4180     7.7429     81.021    236.328    241.968   -0.00091    6.68721    9.55670  291.68937   15.08632 3.7280e-02     0.2640     1.1996    74.0892 0.0000e+00
        959 319.555134    0.06656     3.9936    239.616    133.285  48806.599    30.7756     8.6385    132.000     8.6257    23.8681     5.4129     7.7356     80.947    236.105    241.741   -0.00106    6.68694    9.55631  291.67722   15.08573 3.7309e-02     0.2695     1.2367    73.4058 0.0000e+00
        965 319.555151    0.06696     4.0173    241.041    134.299  48807.588    30.7760     8.6396    133.000     8.6264    23.8682     5.4030     7.7214     80.801    235.672    241.297   -0.00158    6.68676    9.55605  291.66901   15.08533 3.7297e-02     0.2647     1.2679    72.8341 0.0000e+00
        971 319.555167    0.06735     4.0409    242.452    135.299  48805.790    30.7743     8.6399    134.000     8.6260    23.8669     5.3953     7.7105     80.687    235.339    240.955   -0.00179    6.68680    9.55609  291.67094   15.08544 3.7357e-02     0.2649     1.2846    72.5309 0.0000e+00
