CTD-processing/allCTD/CNV/2019_10-30_alongbay_kb07_cast007_4141.cnv
* Sea-Bird SBE19plus Data File:
* FileName = C:\Users\Chris\Desktop\EVOSTC GWA LTM\CTD Data\2019_10-30_AlongBay\2019_10-30_AlongBay_KB0_Cast007.hex
* Software Version 1.59
* Temperature SN =  4141
* Conductivity SN =  4141
* System UpLoad Time = Nov 01 2019 13:17:44
** Cook Inlet LTM AlongBay
** Date: 2019_10-30
** Station:7
** Start Time: (AKST):12:05
** Depth (m):144
** Comment:
** Comment:
# nquan = 27
# nvalues = 142                         
# units = specified
# name 0 = scan: Scan Count
# name 1 = timeJ: Julian Days
# name 2 = timeH: Time, Elapsed [hours]
# name 3 = timeM: Time, Elapsed [minutes]
# name 4 = timeS: Time, Elapsed [seconds]
# name 5 = prdM: Pressure, Strain Gauge [db]
# name 6 = specc: Specific Conductance [uS/cm]
# name 7 = sal00: Salinity, Practical [PSU]
# name 8 = tv290C: Temperature [ITS-90, deg C]
# name 9 = depSM: Depth [salt water, m], lat = 59.00
# name 10 = potemp090C: Potential Temperature [ITS-90, deg C]
# name 11 = sigma-é00: Density [sigma-theta, kg/m^3]
# name 12 = sbeox0ML/L: Oxygen, SBE 43 [ml/l]
# name 13 = sbeox0Mg/L: Oxygen, SBE 43 [mg/l]
# name 14 = sbeox0PS: Oxygen, SBE 43 [% saturation]
# name 15 = sbox0Mm/Kg: Oxygen, SBE 43 [umol/kg]
# name 16 = sbeox0Mm/L: Oxygen, SBE 43 [umol/l]
# name 17 = sbox0dV/dT: Oxygen, SBE 43 [dov/dt]
# name 18 = oxsolML/L: Oxygen Saturation, Garcia & Gordon [ml/l]
# name 19 = oxsolMg/L: Oxygen Saturation, Garcia & Gordon [mg/l]
# name 20 = oxsolMm/Kg: Oxygen Saturation, Garcia & Gordon [umol/kg]
# name 21 = n2satMg/L: Nitrogen Saturation [mg/l]
# name 22 = par: PAR/Irradiance, Biospherical/Licor
# name 23 = wetStar: Fluorescence, WET Labs WETstar [mg/m^3]
# name 24 = CStarAt0: Beam Attenuation, WET Labs C-Star [1/m]
# name 25 = CStarTr0: Beam Transmission, WET Labs C-Star [%]
# name 26 = flag: flag
# span 0 =        106,        959       
# span 1 = 303.504029, 303.506498       
# span 2 =    0.00727,    0.06652       
# span 3 =     0.4359,     3.9910       
# span 4 =     26.151,    239.462       
# span 5 =      1.008,    143.337       
# span 6 =  47346.112,  49114.778       
# span 7 =    29.7545,    30.9944       
# span 8 =     8.0197,     8.6862       
# span 9 =      1.000,    142.000       
# span 10 =     8.1521,     8.6719      
# span 11 =    23.1251,    24.0325      
# span 12 =     5.2892,     6.2620      
# span 13 =     7.5588,     8.9491      
# span 14 =     79.289,     91.733      
# span 15 =    230.675,    273.337      
# span 16 =    236.218,    279.662      
# span 17 =   -0.00890,    0.08694      
# span 18 =    6.67037,    6.82626      
# span 19 =    9.53262,    9.75541      
# span 20 =  290.90727,  297.96512      
# span 21 =   15.04805,   15.39003      
# span 22 = 3.7441e-02, 2.7219e+01      
# span 23 =     0.3955,     0.9853      
# span 24 =     1.3985,     9.6300      
# span 25 =     6.4194,    70.4957      
# span 26 = 0.0000e+00, 0.0000e+00      
# interval = meters: 1                  
# start_time = Oct 30 2019 12:05:22 [Instrument's time stamp, header]
# bad_flag = -9.990e-29
*END*
[from data line 54]
        511 303.505202    0.03540     2.1237    127.419     55.526  48809.435    30.8123     8.6478     55.000     8.6426    23.8943     5.4730     7.8214     81.882    238.719    244.423   -0.00051    6.68395    9.55203  291.53910   15.07896 3.7649e-02     0.4356     1.5885    67.2262 0.0000e+00
        515 303.505214    0.03570     2.1422    128.531     56.535  48809.918    30.8123     8.6485     56.000     8.6429    23.8942     5.4774     7.8277     81.950    238.911    244.620   -0.00017    6.68385    9.55189  291.53468   15.07875 3.7672e-02     0.4438     1.5801    67.3667 0.0000e+00
        520 303.505229    0.03604     2.1625    129.747     57.544  48810.386    30.8122     8.6485     57.000     8.6429    23.8941     5.4809     7.8328     82.003    239.067    244.779    0.00023    6.68385    9.55189  291.53464   15.07875 3.7645e-02     0.4471     1.5688    67.5560 0.0000e+00
        525 303.505244    0.03641     2.1845    131.067     58.560  48811.734    30.8128     8.6489     58.000     8.6431    23.8946     5.4755     7.8251     81.923    238.830    244.537   -0.00037    6.68377    9.55178  291.53129   15.07859 3.7633e-02     0.4388     1.5270    68.2670 0.0000e+00
        530 303.505257    0.03672     2.2028    132.166     59.563  48812.754    30.8131     8.6492     59.000     8.6434    23.8948     5.4720     7.8201     81.871    238.678    244.381   -0.00073    6.68371    9.55168  291.52834   15.07845 3.7652e-02     0.4293     1.5755    67.4431 0.0000e+00
        534 303.505270    0.03704     2.2226    133.359     60.573  48812.718    30.8127     8.6494     60.000     8.6434    23.8944     5.4776     7.8281     81.955    238.923    244.632   -0.00003    6.68371    9.55168  291.52830   15.07845 3.7667e-02     0.4302     1.5471    67.9286 0.0000e+00
        540 303.505287    0.03744     2.2465    134.787     61.589  48814.686    30.8136     8.6495     61.000     8.6434    23.8952     5.4740     7.8228     81.901    238.761    244.466   -0.00043    6.68365    9.55161  291.52573   15.07832 3.7638e-02     0.4280     1.7736    64.1888 0.0000e+00
        545 303.505300    0.03776     2.2655    135.929     62.596  48813.611    30.8124     8.6496     62.000     8.6432    23.8943     5.4805     7.8321     81.998    239.046    244.758    0.00027    6.68369    9.55166  291.52766   15.07842 3.7687e-02     0.4284     1.6539    66.1360 0.0000e+00
        549 303.505312    0.03805     2.2830    136.981     63.598  48814.111    30.8123     8.6493     63.000     8.6430    23.8942     5.4802     7.8318     81.994    239.037    244.748    0.00008    6.68373    9.55173  291.52978   15.07852 3.7712e-02     0.4420     1.6103    66.8640 0.0000e+00
        555 303.505329    0.03845     2.3070    138.421     64.618  48816.605    30.8137     8.6498     64.000     8.6436    23.8952     5.4797     7.8311     81.988    239.013    244.725   -0.00004    6.68360    9.55152  291.52325   15.07820 3.7688e-02     0.4414     1.5336    68.1544 0.0000e+00
        559 303.505343    0.03878     2.3269    139.615     65.623  48818.225    30.8144     8.6502     65.000     8.6439    23.8958     5.4819     7.8342     82.021    239.107    244.820    0.00010    6.68350    9.55139  291.51894   15.07799 3.7732e-02     0.4338     1.5777    67.4084 0.0000e+00
        564 303.505357    0.03913     2.3478    140.870     66.634  48819.175    30.8147     8.6506     66.000     8.6441    23.8960     5.4691     7.8159     81.831    238.552    244.253   -0.00102    6.68343    9.55128  291.51576   15.07784 3.7728e-02     0.4387     1.5602    67.7015 0.0000e+00
        569 303.505371    0.03946     2.3678    142.069     67.646  48820.956    30.8156     8.6510     67.000     8.6445    23.8966     5.4708     7.8183     81.857    238.623    244.325   -0.00080    6.68333    9.55116  291.51157   15.07764 3.7788e-02     0.4408     1.5831    67.3147 0.0000e+00
        574 303.505385    0.03978     2.3869    143.211     68.647  48822.807    30.8165     8.6516     68.000     8.6450    23.8973     5.4725     7.8207     81.884    238.697    244.401   -0.00040    6.68320    9.55096  291.50538   15.07734 3.7764e-02     0.4417     1.5770    67.4185 0.0000e+00
        580 303.505401    0.04019     2.4115    144.693     69.667  48820.112    30.8142     8.6516     69.000     8.6441    23.8955     5.4816     7.8337     82.019    239.094    244.807    0.00051    6.68331    9.55112  291.51075   15.07760 3.7746e-02     0.4379     1.5228    68.3380 0.0000e+00
        585 303.505416    0.04054     2.4319    145.913     70.678  48821.125    30.8144     8.6503     70.000     8.6435    23.8957     5.4747     7.8240     81.915    238.796    244.503   -0.00001    6.68349    9.55138  291.51878   15.07799 3.7780e-02     0.4310     1.5269    68.2676 0.0000e+00
        589 303.505428    0.04082     2.4493    146.960     71.677  48828.435    30.8192     8.6515     71.000     8.6448    23.8994     5.4664     7.8119     81.794    238.428    244.127   -0.00123    6.68311    9.55083  291.50099   15.07712 3.7783e-02     0.4299     1.5443    67.9720 0.0000e+00
        594 303.505443    0.04118     2.4710    148.262     72.691  48827.816    30.8184     8.6523     72.000     8.6452    23.8987     5.4801     7.8317     82.002    239.032    244.745    0.00052    6.68301    9.55069  291.49676   15.07692 3.7818e-02     0.4292     1.4915    68.8759 0.0000e+00
        599 303.505458    0.04156     2.4934    149.604     73.710  48827.288    30.8177     8.6526     73.000     8.6451    23.8980     5.4793     7.8304     81.988    238.992    244.703    0.00006    6.68301    9.55068  291.49695   15.07693 3.7831e-02     0.4272     1.4700    69.2481 0.0000e+00
        603 303.505470    0.04184     2.5103    150.616     74.704  48824.095    30.8149     8.6521     74.000     8.6444    23.8960     5.4705     7.8179     81.856    238.613    244.315   -0.00060    6.68320    9.55096  291.50592   15.07737 3.7882e-02     0.4337     1.5702    67.5333 0.0000e+00
        609 303.505486    0.04222     2.5331    151.988     75.723  48832.446    30.8203     8.6522     75.000     8.6454    23.9002     5.4747     7.8239     81.920    238.792    244.499   -0.00025    6.68295    9.55060  291.49368   15.07676 3.7831e-02     0.4612     1.4859    68.9732 0.0000e+00
        614 303.505501    0.04258     2.5548    153.288     76.732  48841.762    30.8267     8.6543     76.000     8.6471    23.9049     5.4723     7.8204     81.892    238.686    244.392   -0.00039    6.68235    9.54975  291.46620   15.07543 3.7883e-02     0.4588     1.5251    68.3023 0.0000e+00
        619 303.505514    0.04289     2.5733    154.398     77.740  48844.374    30.8282     8.6551     77.000     8.6477    23.9060     5.4742     7.8232     81.923    238.770    244.479   -0.00008    6.68217    9.54950  291.45836   15.07505 3.7859e-02     0.4331     1.6130    66.8198 0.0000e+00
        624 303.505529    0.04325     2.5954    155.725     78.751  48848.426    30.8307     8.6557     78.000     8.6480    23.9079     5.4662     7.8118     81.805    238.421    244.121   -0.00081    6.68197    9.54921  291.44902   15.07459 3.7848e-02     0.4307     1.7158    65.1211 0.0000e+00
        629 303.505545    0.04364     2.6185    157.109     79.765  48860.362    30.8387     8.6563     79.000     8.6493    23.9141     5.4666     7.8123     81.816    238.436    244.138   -0.00065    6.68154    9.54859  291.42851   15.07358 3.7891e-02     0.4471     1.7356    64.7985 0.0000e+00
        634 303.505558    0.04395     2.6367    158.203     80.766  48882.436    30.8542     8.6591     80.000     8.6522    23.9257     5.4746     7.8238     81.950    238.783    244.496    0.00034    6.68045    9.54703  291.37756   15.07108 3.7909e-02     0.4339     1.8067    63.6572 0.0000e+00
        639 303.505573    0.04431     2.6586    159.515     81.782  48908.859    30.8727     8.6628     81.000     8.6561    23.9398     5.4635     7.8079     81.800    238.296    244.001   -0.00045    6.67910    9.54510  291.31438   15.06799 3.7927e-02     0.4421     1.9487    61.4434 0.0000e+00
        644 303.505588    0.04468     2.6808    160.847     82.791  48899.015    30.8656     8.6647     82.000     8.6559    23.9340     5.4358     7.7683     81.385    237.088    242.762   -0.00303    6.67911    9.54512  291.31680   15.06813 3.7946e-02     0.4263     2.1232    58.8118 0.0000e+00
        650 303.505604    0.04504     2.7023    162.141     83.799  48900.898    30.8665     8.6642     83.000     8.6559    23.9347     5.4301     7.7601     81.299    236.840    242.509   -0.00264    6.67916    9.54519  291.31870   15.06822 3.7920e-02     0.4722     2.1130    58.9665 0.0000e+00
        655 303.505619    0.04542     2.7251    163.507     84.813  48901.651    30.8666     8.6642     84.000     8.6559    23.9348     5.4290     7.7586     81.283    236.791    242.458   -0.00187    6.67914    9.54516  291.31775   15.06817 3.7947e-02     0.4517     2.0930    59.2593 0.0000e+00
        660 303.505633    0.04575     2.7452    164.712     85.818  48917.451    30.8773     8.6652     85.000     8.6574    23.9431     5.4255     7.7536     81.239    236.638    242.304   -0.00164    6.67852    9.54427  291.28844   15.06673 3.7963e-02     0.4508     2.1921    57.8132 0.0000e+00
        665 303.505649    0.04614     2.7682    166.094     86.828  48917.316    30.8769     8.6662     86.000     8.6576    23.9426     5.4268     7.7555     81.259    236.694    242.362   -0.00093    6.67839    9.54409  291.28291   15.06647 3.7961e-02     0.4996     2.1892    57.8542 0.0000e+00
        671 303.505666    0.04654     2.7923    167.537     87.845  48917.078    30.8763     8.6660     87.000     8.6575    23.9422     5.4186     7.7437     81.135    236.335    241.994   -0.00143    6.67846    9.54419  291.28613   15.06663 3.7974e-02     0.5606     2.2090    57.5759 0.0000e+00
        676 303.505680    0.04687     2.8120    168.717     88.847  48925.815    30.8821     8.6668     88.000     8.6581    23.9466     5.4166     7.7408     81.109    236.246    241.903   -0.00123    6.67808    9.54365  291.26815   15.06574 3.8021e-02     0.4877     2.3494    55.5842 0.0000e+00
        681 303.505694    0.04722     2.8331    169.988     89.857  48913.686    30.8731     8.6666     89.000     8.6574    23.9397     5.4174     7.7420     81.117    236.285    241.941   -0.00077    6.67850    9.54425  291.28851   15.06675 3.8078e-02     0.4656     2.3730    55.2548 0.0000e+00
        687 303.505712    0.04763     2.8579    171.476     90.873  48922.645    30.8790     8.6669     90.000     8.6580    23.9442     5.4211     7.7473     81.175    236.443    242.104   -0.00028    6.67821    9.54383  291.27455   15.06606 3.7989e-02     0.4328     2.2941    56.3561 0.0000e+00
        692 303.505726    0.04799     2.8794    172.763     91.883  48918.449    30.8756     8.6670     91.000     8.6577    23.9416     5.4236     7.7508     81.211    236.554    242.216    0.00005    6.67834    9.54401  291.28069   15.06637 3.8045e-02     0.4417     2.4256    54.5339 0.0000e+00
        696 303.505739    0.04828     2.8971    173.829     92.880  48929.097    30.8827     8.6672     92.000     8.6584    23.9471     5.4243     7.7519     81.227    236.586    242.251    0.00004    6.67800    9.54353  291.26453   15.06557 3.8074e-02     0.4383     2.4929    53.6249 0.0000e+00
        703 303.505757    0.04873     2.9236    175.416     93.910  48939.464    30.8897     8.6685     93.000     8.6593    23.9524     5.4198     7.7454     81.165    236.386    242.048   -0.00042    6.67749    9.54281  291.24084   15.06441 3.8065e-02     0.4323     2.4043    54.8278 0.0000e+00
        707 303.505771    0.04905     2.9430    176.582     94.907  48935.126    30.8863     8.6687     94.000     8.6593    23.9497     5.4130     7.7357     81.062    236.090    241.745   -0.00096    6.67762    9.54299  291.24715   15.06472 3.8108e-02     0.4611     2.2749    56.6778 0.0000e+00
        713 303.505786    0.04941     2.9647    177.880     95.915  48937.220    30.8874     8.6688     95.000     8.6592    23.9505     5.4106     7.7322     81.026    235.983    241.635   -0.00092    6.67756    9.54289  291.24413   15.06457 3.8098e-02     0.4602     2.0636    59.7109 0.0000e+00
        719 303.505803    0.04983     2.9901    179.405     96.935  48932.255    30.8834     8.6686     96.000     8.6589    23.9475     5.4129     7.7355     81.058    236.085    241.738   -0.00046    6.67776    9.54319  291.25410   15.06507 3.8094e-02     0.4556     1.8813    62.4822 0.0000e+00
        723 303.505816    0.05015     3.0089    180.533     97.936  48937.349    30.8865     8.6687     97.000     8.6592    23.9500     5.4114     7.7335     81.038    236.022    241.675   -0.00048    6.67760    9.54296  291.24616   15.06467 3.8154e-02     0.4671     2.0473    59.9454 0.0000e+00
        728 303.505831    0.05049     3.0294    181.763     98.945  48941.308    30.8889     8.6690     98.000     8.6592    23.9518     5.4129     7.7355     81.062    236.085    241.740   -0.00028    6.67745    9.54275  291.23943   15.06434 3.8141e-02     0.4871     1.9590    61.2884 0.0000e+00
        734 303.505849    0.05092     3.0555    183.329     99.962  48942.566    30.8893     8.6691     99.000     8.6592    23.9521     5.4132     7.7360     81.067    236.097    241.752   -0.00015    6.67743    9.54271  291.23814   15.06428 3.8105e-02     0.5082     1.8394    63.1399 0.0000e+00
        739 303.505863    0.05126     3.0757    184.543    100.972  48939.231    30.8866     8.6692    100.000     8.6591    23.9500     5.4033     7.7219     80.919    235.669    241.314   -0.00105    6.67753    9.54286  291.24317   15.06453 3.8184e-02     0.5050     1.9618    61.2459 0.0000e+00
        743 303.505875    0.05155     3.0928    185.568    101.970  48942.091    30.8881     8.6693    101.000     8.6591    23.9512     5.4071     7.7272     80.975    235.831    241.480   -0.00069    6.67745    9.54275  291.23946   15.06435 3.8200e-02     0.5524     2.0557    59.8177 0.0000e+00
        749 303.505892    0.05197     3.1184    187.103    102.993  48943.911    30.8890     8.6693    102.000     8.6591    23.9519     5.4150     7.7385     81.094    236.176    241.832    0.00032    6.67741    9.54268  291.23732   15.06425 3.8181e-02     0.5804     1.9148    61.9557 0.0000e+00
        754 303.505907    0.05231     3.1389    188.332    104.005  48945.570    30.8898     8.6696    103.000     8.6594    23.9525     5.4108     7.7325     81.031    235.990    241.643   -0.00019    6.67733    9.54257  291.23387   15.06407 3.8273e-02     0.5923     2.0403    60.0582 0.0000e+00
        758 303.505918    0.05260     3.1559    189.354    105.002  48945.409    30.8893     8.6699    104.000     8.6594    23.9520     5.4076     7.7281     80.985    235.857    241.507   -0.00053    6.67732    9.54256  291.23342   15.06406 3.8260e-02     0.5940     2.3811    55.1545 0.0000e+00
        764 303.505935    0.05299     3.1792    190.752    106.022  48946.081    30.8894     8.6701    105.000     8.6595    23.9521     5.4090     7.7301     81.007    235.918    241.569   -0.00030    6.67728    9.54251  291.23182   15.06398 3.8262e-02     0.6399     2.2613    56.8197 0.0000e+00
        769 303.505950    0.05335     3.2013    192.079    107.027  48939.571    30.8843     8.6697    106.000     8.6588    23.9483     5.4086     7.7295     80.997    235.899    241.549   -0.00027    6.67755    9.54290  291.24483   15.06462 3.8224e-02     0.6136     2.3303    55.9070 0.0000e+00
        775 303.505966    0.05374     3.2245    193.470    108.044  48936.679    30.8818     8.6693    107.000     8.6583    23.9463     5.4049     7.7242     80.940    235.739    241.384   -0.00065    6.67772    9.54313  291.25255   15.06501 3.8279e-02     0.5865     2.2285    57.2807 0.0000e+00
