CTD-processing/allCTD/CNV/2019_11-15_alongbay_kb12_cast026_4141.cnv
* Sea-Bird SBE19plus Data File:
* FileName = C:\Users\Chris\Desktop\EVOSTC GWA LTM\CTD Data\2019_11-15_AlongBay\2019_11-15_AlongBay_KB_Cast026.hex
* Software Version 1.59
* Temperature SN =  4141
* Conductivity SN =  4141
* System UpLoad Time = Nov 20 2019 09:41:34
** Cook Inlet LTM AlongBay
** Date: 2019_11-15
** Station:12
** Start Time: (AKST):11:03
** Depth (m):77
** Comment:
** Comment:
# nquan = 27
# nvalues = 66                          
# units = specified
# name 0 = scan: Scan Count
# name 1 = timeJ: Julian Days
# name 2 = timeH: Time, Elapsed [hours]
# name 3 = timeM: Time, Elapsed [minutes]
# name 4 = timeS: Time, Elapsed [seconds]
# name 5 = prdM: Pressure, Strain Gauge [db]
# name 6 = specc: Specific Conductance [uS/cm]
# name 7 = sal00: Salinity, Practical [PSU]
# name 8 = tv290C: Temperature [ITS-90, deg C]
# name 9 = depSM: Depth [salt water, m], lat = 59.00
# name 10 = potemp090C: Potential Temperature [ITS-90, deg C]
# name 11 = sigma-é00: Density [sigma-theta, kg/m^3]
# name 12 = sbeox0ML/L: Oxygen, SBE 43 [ml/l]
# name 13 = sbeox0Mg/L: Oxygen, SBE 43 [mg/l]
# name 14 = sbeox0PS: Oxygen, SBE 43 [% saturation]
# name 15 = sbox0Mm/Kg: Oxygen, SBE 43 [umol/kg]
# name 16 = sbeox0Mm/L: Oxygen, SBE 43 [umol/l]
# name 17 = sbox0dV/dT: Oxygen, SBE 43 [dov/dt]
# name 18 = oxsolML/L: Oxygen Saturation, Garcia & Gordon [ml/l]
# name 19 = oxsolMg/L: Oxygen Saturation, Garcia & Gordon [mg/l]
# name 20 = oxsolMm/Kg: Oxygen Saturation, Garcia & Gordon [umol/kg]
# name 21 = n2satMg/L: Nitrogen Saturation [mg/l]
# name 22 = par: PAR/Irradiance, Biospherical/Licor
# name 23 = wetStar: Fluorescence, WET Labs WETstar [mg/m^3]
# name 24 = CStarAt0: Beam Attenuation, WET Labs C-Star [1/m]
# name 25 = CStarTr0: Beam Transmission, WET Labs C-Star [%]
# name 26 = flag: flag
# span 0 =        302,        641       
# span 1 = 319.502769, 319.503748       
# span 2 =    0.02090,    0.04441       
# span 3 =     1.2540,     2.6648       
# span 4 =     75.241,    159.887       
# span 5 =      1.013,     66.606       
# span 6 =  48524.660,  48738.075       
# span 7 =    30.5955,    30.7561       
# span 8 =     8.3577,     8.6371       
# span 9 =      1.000,     66.000       
# span 10 =     8.3619,     8.6307      
# span 11 =    23.7649,    23.8521      
# span 12 =     5.1907,     5.5993      
# span 13 =     7.4180,     8.0019      
# span 14 =     77.610,     83.146      
# span 15 =    226.414,    244.259      
# span 16 =    231.815,    250.064      
# span 17 =   -0.00489,    0.00059      
# span 18 =    6.68800,    6.73701      
# span 19 =    9.55781,    9.62787      
# span 20 =  291.72751,  293.88943      
# span 21 =   15.08820,   15.19207      
# span 22 = 3.6170e-02, 3.6029e+01      
# span 23 =     0.2366,     0.3553      
# span 24 =     0.7696,     1.2060      
# span 25 =    73.9709,    82.4984      
# span 26 = 0.0000e+00, 0.0000e+00      
# interval = meters: 1                  
# start_time = Nov 15 2019 12:02:44 [Instrument's time stamp, header]
# bad_flag = -9.990e-29
*END*
[from data line 54]
        583 319.503582    0.04041     2.4243    145.457     55.530  48712.151    30.7407     8.6233     55.000     8.6183    23.8419     5.2764     7.5406     78.862    230.158    235.646   -0.00489    6.69073    9.56172  291.84945   15.09408 3.6170e-02     0.2476     0.9448    78.9636 0.0000e+00
        588 319.503596    0.04075     2.4451    146.704     56.532  48713.283    30.7413     8.6244     56.000     8.6192    23.8422     5.2610     7.5184     78.633    229.484    234.956   -0.00476    6.69053    9.56145  291.84132   15.09369 3.6170e-02     0.2443     0.9760    78.3491 0.0000e+00
        593 319.503612    0.04114     2.4683    148.101     57.551  48714.458    30.7418     8.6253     57.000     8.6197    23.8424     5.2442     7.4945     78.384    228.752    234.205   -0.00464    6.69038    9.56122  291.83423   15.09335 3.6170e-02     0.2487     0.9788    78.2955 0.0000e+00
        598 319.503627    0.04149     2.4892    149.351     58.553  48716.803    30.7431     8.6258     58.000     8.6205    23.8434     5.2421     7.4915     78.355    228.661    234.114   -0.00343    6.69025    9.56105  291.82859   15.09308 3.6170e-02     0.2451     0.9953    77.9727 0.0000e+00
        604 319.503642    0.04186     2.5117    150.704     59.569  48722.743    30.7470     8.6278     59.000     8.6228    23.8463     5.2372     7.4845     78.286    228.445    233.893   -0.00269    6.68979    9.56038  291.80765   15.09206 3.6170e-02     0.2454     1.0049    77.7844 0.0000e+00
        609 319.503657    0.04221     2.5325    151.949     60.573  48727.747    30.7505     8.6304     60.000     8.6256    23.8486     5.2323     7.4774     78.219    228.228    233.672   -0.00220    6.68924    9.55959  291.78286   15.09086 3.6170e-02     0.2431     1.0413    77.0797 0.0000e+00
        614 319.503672    0.04257     2.5544    153.267     61.587  48732.289    30.7537     8.6333     61.000     8.6281    23.8506     5.2195     7.4592     78.035    227.672    233.103   -0.00259    6.68868    9.55879  291.75763   15.08964 3.6170e-02     0.2414     1.0773    76.3914 0.0000e+00
        619 319.503687    0.04294     2.5760    154.562     62.596  48733.152    30.7541     8.6350     62.000     8.6291    23.8507     5.2073     7.4417     77.855    227.139    232.557   -0.00292    6.68840    9.55839  291.74569   15.08907 3.6170e-02     0.2395     1.1265    75.4570 0.0000e+00
        624 319.503701    0.04327     2.5965    155.789     63.597  48735.303    30.7553     8.6359     63.000     8.6300    23.8515     5.1990     7.4299     77.734    226.779    232.188   -0.00276    6.68821    9.55812  291.73700   15.08865 3.6170e-02     0.2428     1.1767    74.5155 0.0000e+00
        630 319.503717    0.04366     2.6197    157.185     64.619  48735.932    30.7554     8.6367     64.000     8.6303    23.8515     5.1952     7.4245     77.679    226.615    232.021   -0.00222    6.68809    9.55794  291.73173   15.08840 3.6170e-02     0.2379     1.1936    74.1986 0.0000e+00
        635 319.503732    0.04401     2.6406    158.435     65.620  48736.814    30.7556     8.6368     65.000     8.6304    23.8517     5.1907     7.4180     77.610    226.414    231.815   -0.00194    6.68806    9.55791  291.73055   15.08835 3.6170e-02     0.2366     1.2060    73.9709 0.0000e+00
        641 319.503748    0.04441     2.6648    159.887     66.606  48738.075    30.7561     8.6371     66.000     8.6307    23.8521     5.1934     7.4220     77.654    226.538    231.942   -0.00109    6.68800    9.55781  291.72751   15.08820 3.6170e-02     0.2619     1.1969    74.1402 0.0000e+00
