CTD-processing/allCTD/CNV/2019_10-30_alongbay_kb03_cast011_4141.cnv
* Sea-Bird SBE19plus Data File:
* FileName = C:\Users\Chris\Desktop\EVOSTC GWA LTM\CTD Data\2019_10-30_AlongBay\2019_10-30_AlongBay_KB0_Cast011.hex
* Software Version 1.59
* Temperature SN =  4141
* Conductivity SN =  4141
* System UpLoad Time = Nov 01 2019 13:26:14
** Cook Inlet LTM AlongBay
** Date: 2019_10-30
** Station:3
** Start Time: (AKST):13:15
** Depth (m):108
** Comment:OA not collected
** Comment:
# nquan = 27
# nvalues = 106                         
# units = specified
# name 0 = scan: Scan Count
# name 1 = timeJ: Julian Days
# name 2 = timeH: Time, Elapsed [hours]
# name 3 = timeM: Time, Elapsed [minutes]
# name 4 = timeS: Time, Elapsed [seconds]
# name 5 = prdM: Pressure, Strain Gauge [db]
# name 6 = specc: Specific Conductance [uS/cm]
# name 7 = sal00: Salinity, Practical [PSU]
# name 8 = tv290C: Temperature [ITS-90, deg C]
# name 9 = depSM: Depth [salt water, m], lat = 59.00
# name 10 = potemp090C: Potential Temperature [ITS-90, deg C]
# name 11 = sigma-é00: Density [sigma-theta, kg/m^3]
# name 12 = sbeox0ML/L: Oxygen, SBE 43 [ml/l]
# name 13 = sbeox0Mg/L: Oxygen, SBE 43 [mg/l]
# name 14 = sbeox0PS: Oxygen, SBE 43 [% saturation]
# name 15 = sbox0Mm/Kg: Oxygen, SBE 43 [umol/kg]
# name 16 = sbeox0Mm/L: Oxygen, SBE 43 [umol/l]
# name 17 = sbox0dV/dT: Oxygen, SBE 43 [dov/dt]
# name 18 = oxsolML/L: Oxygen Saturation, Garcia & Gordon [ml/l]
# name 19 = oxsolMg/L: Oxygen Saturation, Garcia & Gordon [mg/l]
# name 20 = oxsolMm/Kg: Oxygen Saturation, Garcia & Gordon [umol/kg]
# name 21 = n2satMg/L: Nitrogen Saturation [mg/l]
# name 22 = par: PAR/Irradiance, Biospherical/Licor
# name 23 = wetStar: Fluorescence, WET Labs WETstar [mg/m^3]
# name 24 = CStarAt0: Beam Attenuation, WET Labs C-Star [1/m]
# name 25 = CStarTr0: Beam Transmission, WET Labs C-Star [%]
# name 26 = flag: flag
# span 0 =         71,        855       
# span 1 = 303.552309, 303.554579       
# span 2 =    0.00486,    0.05934       
# span 3 =     0.2913,     3.5603       
# span 4 =     17.477,    213.616       
# span 5 =      1.014,    107.014       
# span 6 =  48605.840,  49098.619       
# span 7 =    30.6969,    30.9986       
# span 8 =     8.5102,     8.7505       
# span 9 =      1.000,    106.000       
# span 10 =     8.5890,     8.7458      
# span 11 =    23.7995,    24.0350      
# span 12 =     5.5087,     5.9810      
# span 13 =     7.8725,     8.5473      
# span 14 =     82.591,     89.451      
# span 15 =    240.246,    260.897      
# span 16 =    246.020,    267.108      
# span 17 =   -0.00692,    0.00040      
# span 18 =    6.66992,    6.70562      
# span 19 =    9.53198,    9.58300      
# span 20 =  290.88694,  292.48201      
# span 21 =   15.04706,   15.12411      
# span 22 = 4.1516e-02, 8.4865e+01      
# span 23 =     0.3867,     0.7322      
# span 24 =     0.4139,     1.4988      
# span 25 =    69.9286,    90.1355      
# span 26 = 0.0000e+00, 0.0000e+00      
# interval = meters: 1                  
# start_time = Oct 30 2019 13:15:02 [Instrument's time stamp, header]
# bad_flag = -9.990e-29
*END*
         71 303.552309    0.00486     0.2913     17.477      1.014  48771.631    30.7842     8.5102      1.000     8.5890    23.8917     5.9624     8.5209     88.920    260.065    266.282   -0.00305    6.70562    9.58300  292.48201   15.12411 4.5818e+01     0.5413     1.4988    69.9286 0.0000e+00
        377 303.553194    0.02610     1.5658     93.950      2.028  48605.840    30.6969     8.6734      2.000     8.6690    23.7995     5.9696     8.5313     89.298    260.409    266.606   -0.00060    6.68512    9.55371  291.61743   15.08316 4.3361e+01     0.5324     0.9527    78.7189 0.0000e+00
        367 303.553164    0.02539     1.5233     91.401      3.023  48614.449    30.7011     8.6653      3.000     8.6647    23.8039     5.9766     8.5413     89.389    260.713    266.919   -0.00012    6.68615    9.55518  291.66098   15.08523 5.1488e+01     0.5500     0.8695    80.4655 0.0000e+00
        371 303.553178    0.02572     1.5433     92.595      4.045  48614.994    30.7009     8.6647      4.000     8.6641    23.8039     5.9810     8.5473     89.451    260.897    267.108    0.00040    6.68625    9.55532  291.66511   15.08543 7.4432e+01     0.5474     0.8483    80.8911 0.0000e+00
        375 303.553190    0.02599     1.5596     93.578      5.046  48615.570    30.7008     8.6639      5.000     8.6627    23.8039     5.9755     8.5396     89.369    260.663    266.868   -0.00035    6.68637    9.55550  291.67070   15.08569 8.4865e+01     0.5440     0.8400    81.0575 0.0000e+00
        379 303.553201    0.02628     1.5768     94.606      6.054  48617.361    30.7015     8.6632      6.000     8.6625    23.8046     5.9737     8.5369     89.340    260.580    266.784   -0.00051    6.68644    9.55560  291.67358   15.08583 7.8663e+01     0.6205     0.8350    81.1589 0.0000e+00
        384 303.553215    0.02660     1.5959     95.752      7.066  48614.951    30.6992     8.6615      7.000     8.6584    23.8030     5.9714     8.5337     89.301    260.481    266.681   -0.00066    6.68681    9.55612  291.68968   15.08661 7.0604e+01     0.6517     0.8402    81.0537 0.0000e+00
        388 303.553227    0.02690     1.6138     96.826      8.081  48617.597    30.6998     8.6565      8.000     8.6547    23.8043     5.9657     8.5255     89.206    260.232    266.426   -0.00115    6.68751    9.55713  291.72015   15.08806 5.8240e+01     0.6445     0.8420    81.0172 0.0000e+00
        392 303.553239    0.02718     1.6307     97.844      9.080  48619.981    30.7009     8.6552      9.000     8.6538    23.8053     5.9657     8.5257     89.205    260.237    266.431   -0.00099    6.68767    9.55736  291.72676   15.08838 5.2089e+01     0.6838     0.8177    81.5117 0.0000e+00
        397 303.553253    0.02752     1.6513     99.080     10.103  48620.614    30.7008     8.6545     10.000     8.6529    23.8054     5.9745     8.5383     89.336    260.621    266.825    0.00011    6.68778    9.55750  291.73152   15.08860 4.4178e+01     0.7000     0.8103    81.6619 0.0000e+00
        401 303.553264    0.02778     1.6669    100.016     11.097  48619.376    30.6992     8.6522     11.000     8.6492    23.8045     5.9723     8.5350     89.296    260.522    266.723   -0.00020    6.68819    9.55809  291.74952   15.08947 3.7580e+01     0.7211     0.8219    81.4262 0.0000e+00
        406 303.553277    0.02811     1.6864    101.182     12.115  48619.141    30.6978     8.6468     12.000     8.6430    23.8042     5.9772     8.5420     89.357    260.735    266.941    0.00014    6.68906    9.55934  291.78777   15.09130 3.3510e+01     0.7036     0.8359    81.1409 0.0000e+00
        410 303.553291    0.02843     1.7061    102.367     13.124  48623.821    30.7000     8.6420     13.000     8.6400    23.8066     5.9784     8.5437     89.368    260.788    266.996    0.00011    6.68969    9.56024  291.81464   15.09258 2.7664e+01     0.7322     0.8339    81.1810 0.0000e+00
        415 303.553304    0.02873     1.7241    103.443     14.137  48624.419    30.6997     8.6406     14.000     8.6382    23.8067     5.9759     8.5401     89.326    260.676    266.882   -0.00030    6.68992    9.56057  291.82467   15.09306 2.5111e+01     0.7242     0.7277    83.4287 0.0000e+00
        419 303.553316    0.02904     1.7422    104.530     15.140  48626.953    30.7009     8.6392     15.000     8.6377    23.8078     5.9788     8.5443     89.368    260.804    267.013   -0.00001    6.69007    9.56078  291.83065   15.09334 2.0843e+01     0.6960     0.4831    88.6398 0.0000e+00
        424 303.553331    0.02938     1.7628    105.768     16.163  48626.773    30.7003     8.6395     16.000     8.6378    23.8074     5.9767     8.5412     89.336    260.711    266.918   -0.00027    6.69005    9.56075  291.82990   15.09331 1.8391e+01     0.6956     0.4580    89.1805 0.0000e+00
        428 303.553342    0.02964     1.7786    106.714     17.153  48628.268    30.7009     8.6392     17.000     8.6373    23.8079     5.9745     8.5382     89.304    260.617    266.822   -0.00053    6.69008    9.56079  291.83103   15.09336 1.6135e+01     0.7197     0.4528    89.2971 0.0000e+00
        433 303.553356    0.02998     1.7988    107.925     18.179  48631.914    30.7030     8.6393     18.000     8.6383    23.8095     5.9803     8.5465     89.393    260.870    267.081    0.00018    6.68996    9.56061  291.82523   15.09307 1.3757e+01     0.6683     0.4549    89.2491 0.0000e+00
        437 303.553367    0.03026     1.8152    108.913     19.174  48632.640    30.7033     8.6407     19.000     8.6393    23.8095     5.9769     8.5416     89.345    260.722    266.930   -0.00025    6.68974    9.56030  291.81573   15.09262 1.2333e+01     0.6709     0.4522    89.3117 0.0000e+00
        441 303.553381    0.03059     1.8353    110.116     20.194  48633.295    30.7035     8.6422     20.000     8.6409    23.8095     5.9759     8.5401     89.332    260.678    266.884   -0.00027    6.68951    9.55998  291.80579   15.09214 1.0728e+01     0.6487     0.4505    89.3479 0.0000e+00
        446 303.553393    0.03088     1.8532    111.191     21.201  48638.575    30.7073     8.6455     21.000     8.6458    23.8119     5.9725     8.5352     89.290    260.527    266.731   -0.00062    6.68886    9.55904  291.77653   15.09073 9.3360e+00     0.6767     0.4474    89.4165 0.0000e+00
        450 303.553406    0.03118     1.8711    112.263     22.208  48636.562    30.7060     8.6495     22.000     8.6482    23.8104     5.9750     8.5389     89.335    260.640    266.846   -0.00013    6.68831    9.55827  291.75325   15.08962 8.2600e+00     0.6731     0.4496    89.3691 0.0000e+00
        454 303.553418    0.03148     1.8890    113.339     23.215  48641.588    30.7095     8.6525     23.000     8.6536    23.8127     5.9693     8.5307     89.258    260.389    266.589   -0.00066    6.68771    9.55740  291.72634   15.08832 7.2108e+00     0.6592     0.4643    89.0381 0.0000e+00
        460 303.553434    0.03186     1.9115    114.692     24.231  48648.596    30.7156     8.6634     24.000     8.6668    23.8158     5.9718     8.5342     89.320    260.495    266.699   -0.00015    6.68581    9.55468  291.64228   15.08428 6.3637e+00     0.6439     0.8341    81.1948 0.0000e+00
        464 303.553447    0.03218     1.9309    115.853     25.244  48646.865    30.7159     8.6772     25.000     8.6786    23.8140     5.9669     8.5274     89.276    260.285    266.483   -0.00029    6.68371    9.55169  291.55151   15.07995 5.4998e+00     0.6362     0.8589    80.6739 0.0000e+00
        469 303.553462    0.03252     1.9511    117.068     26.244  48643.075    30.7138     8.6845     26.000     8.6832    23.8114     5.9579     8.5144     89.154    259.891    266.080   -0.00108    6.68272    9.55027  291.50909   15.07793 4.9365e+00     0.6248     0.8884    80.0821 0.0000e+00
        475 303.553477    0.03290     1.9739    118.432     27.250  48659.200    30.7258     8.6924     27.000     8.6976    23.8196     5.9443     8.4950     88.973    259.296    265.473   -0.00188    6.68101    9.54783  291.43216   15.07420 4.3035e+00     0.6148     0.8973    79.9068 0.0000e+00
        480 303.553494    0.03329     1.9976    119.855     28.279  48662.807    30.7309     8.7134     28.000     8.7166    23.8205     5.9447     8.4956     89.024    259.313    265.490   -0.00096    6.67765    9.54303  291.28526   15.06716 3.8024e+00     0.6123     0.8724    80.4035 0.0000e+00
        485 303.553506    0.03359     2.0157    120.942     29.267  48693.756    30.7548     8.7324     29.000     8.7379    23.8364     5.9376     8.4855     88.969    259.001    265.174   -0.00102    6.67378    9.53749  291.11179   15.05878 3.3788e+00     0.5899     0.6798    84.4836 0.0000e+00
        491 303.553525    0.03404     2.0423    122.541     30.310  48688.785    30.7535     8.7505     30.000     8.7458    23.8327     5.9207     8.4612     88.750    258.261    264.417   -0.00186    6.67112    9.53370  290.99700   15.05330 2.9293e+00     0.5395     0.4139    90.1355 0.0000e+00
        495 303.553536    0.03431     2.0584    123.505     31.289  48695.929    30.7576     8.7473     31.000     8.7436    23.8364     5.9020     8.4345     88.467    257.446    263.584   -0.00325    6.67142    9.53413  291.00912   15.05387 2.6286e+00     0.5477     0.4503    89.3522 0.0000e+00
        500 303.553551    0.03468     2.0811    124.867     32.308  48700.994    30.7605     8.7464     32.000     8.7422    23.8389     5.8876     8.4139     88.250    256.816    262.938   -0.00354    6.67144    9.53415  291.00903   15.05385 2.3127e+00     0.5018     0.4570    89.2026 0.0000e+00
        505 303.553566    0.03502     2.1011    126.068     33.315  48711.547    30.7671     8.7432     33.000     8.7386    23.8445     5.8895     8.4166     88.276    256.897    263.021   -0.00227    6.67163    9.53444  291.01615   15.05417 2.0468e+00     0.5308     0.5084    88.0649 0.0000e+00
        510 303.553579    0.03534     2.1203    127.215     34.322  48716.924    30.7702     8.7414     34.000     8.7369    23.8472     5.8833     8.4079     88.182    256.629    262.749   -0.00240    6.67177    9.53463  291.02131   15.05440 1.8024e+00     0.5016     0.6672    84.6793 0.0000e+00
        515 303.553595    0.03572     2.1435    128.609     35.338  48728.195    30.7770     8.7372     35.000     8.7319    23.8532     5.8790     8.4016     88.113    256.438    262.555   -0.00191    6.67209    9.53509  291.03380   15.05497 1.6083e+00     0.5175     0.7823    82.2293 0.0000e+00
        520 303.553608    0.03604     2.1626    129.757     36.337  48741.382    30.7851     8.7325     36.000     8.7242    23.8602     5.8749     8.3959     88.048    256.260    262.374   -0.00185    6.67244    9.53559  291.04693   15.05556 1.4106e+00     0.4912     0.7922    82.0331 0.0000e+00
        525 303.553624    0.03642     2.1853    131.115     37.353  48757.395    30.7947     8.7239     37.000     8.7195    23.8690     5.8722     8.3920     87.996    256.141    262.254   -0.00157    6.67332    9.53684  291.08264   15.05723 1.2568e+00     0.5003     0.7785    82.3152 0.0000e+00
        531 303.553639    0.03679     2.2075    132.448     38.360  48760.317    30.7961     8.7229     38.000     8.7191    23.8703     5.8595     8.3739     87.805    255.587    261.687   -0.00218    6.67340    9.53696  291.08594   15.05738 1.1035e+00     0.4506     0.7812    82.2594 0.0000e+00
        535 303.553651    0.03706     2.2239    133.436     39.378  48764.358    30.7986     8.7234     39.000     8.7199    23.8721     5.8514     8.3622     87.685    255.229    261.322   -0.00258    6.67322    9.53670  291.07735   15.05696 9.6615e-01     0.4638     0.7740    82.4054 0.0000e+00
        539 303.553664    0.03737     2.2423    134.537     40.378  48765.750    30.7992     8.7240     40.000     8.7200    23.8726     5.8503     8.3607     87.670    255.184    261.276   -0.00197    6.67310    9.53653  291.07216   15.05671 8.6274e-01     0.4521     0.7955    81.9658 0.0000e+00
        544 303.553679    0.03773     2.2636    135.814     41.390  48767.995    30.8003     8.7240     41.000     8.7197    23.8735     5.8475     8.3566     87.628    255.059    261.148   -0.00163    6.67306    9.53648  291.07022   15.05662 7.5537e-01     0.4704     0.8041    81.7887 0.0000e+00
        549 303.553692    0.03805     2.2829    136.974     42.407  48769.995    30.8013     8.7236     42.000     8.7193    23.8742     5.8471     8.3561     87.623    255.045    261.133   -0.00127    6.67308    9.53649  291.07042   15.05662 6.6684e-01     0.4571     0.7980    81.9153 0.0000e+00
        553 303.553703    0.03831     2.2991    137.944     43.400  48772.460    30.8026     8.7235     43.000     8.7191    23.8752     5.8485     8.3581     87.643    255.103    261.193   -0.00084    6.67304    9.53644  291.06838   15.05651 5.8629e-01     0.4650     0.8064    81.7441 0.0000e+00
        558 303.553717    0.03865     2.3191    139.147     44.424  48773.881    30.8031     8.7234     44.000     8.7189    23.8758     5.8439     8.3515     87.576    254.906    260.991   -0.00102    6.67303    9.53643  291.06829   15.05651 5.1885e-01     0.4715     0.8055    81.7625 0.0000e+00
        562 303.553730    0.03897     2.3379    140.272     45.429  48776.267    30.8043     8.7232     45.000     8.7183    23.8767     5.8430     8.3502     87.562    254.863    260.949   -0.00089    6.67302    9.53641  291.06725   15.05646 4.5620e-01     0.4977     0.8023    81.8265 0.0000e+00
        566 303.553742    0.03927     2.3557    141.344     46.440  48779.065    30.8057     8.7227     46.000     8.7180    23.8779     5.8371     8.3419     87.474    254.608    260.687   -0.00125    6.67303    9.53642  291.06728   15.05645 4.0135e-01     0.5192     0.7985    81.9044 0.0000e+00
        571 303.553756    0.03958     2.3753    142.515     47.449  48779.849    30.8058     8.7227     47.000     8.7179    23.8780     5.8408     8.3470     87.528    254.764    260.848   -0.00069    6.67302    9.53641  291.06696   15.05643 3.5527e-01     0.4755     0.7988    81.8976 0.0000e+00
        576 303.553769    0.03991     2.3949    143.694     48.463  48781.412    30.8065     8.7226     48.000     8.7176    23.8786     5.8427     8.3499     87.558    254.853    260.938   -0.00022    6.67300    9.53638  291.06596   15.05638 3.1205e-01     0.4665     0.8020    81.8315 0.0000e+00
        580 303.553781    0.04018     2.4105    144.630     49.465  48783.739    30.8077     8.7224     49.000     8.7174    23.8795     5.8383     8.3435     87.491    254.658    260.738   -0.00071    6.67298    9.53635  291.06463   15.05632 2.7599e-01     0.4557     0.8139    81.5891 0.0000e+00
        584 303.553795    0.04052     2.4310    145.860     50.480  48785.265    30.8083     8.7223     50.000     8.7172    23.8801     5.8362     8.3406     87.461    254.568    260.647   -0.00072    6.67297    9.53635  291.06436   15.05630 2.4579e-01     0.4802     0.8097    81.6750 0.0000e+00
        589 303.553808    0.04083     2.4499    146.994     51.478  48786.880    30.8089     8.7222     51.000     8.7171    23.8806     5.8255     8.3253     87.301    254.100    260.168   -0.00153    6.67295    9.53632  291.06332   15.05625 2.1738e-01     0.4603     0.8158    81.5508 0.0000e+00
        594 303.553822    0.04118     2.4711    148.265     52.512  48788.466    30.8096     8.7220     52.000     8.7167    23.8812     5.8259     8.3258     87.307    254.117    260.185   -0.00122    6.67295    9.53631  291.06297   15.05623 1.9263e-01     0.4560     0.8387    81.0857 0.0000e+00
        598 303.553833    0.04143     2.4854    149.126     53.488  48790.977    30.8109     8.7218     53.000     8.7163    23.8822     5.8357     8.3398     87.453    254.542    260.621    0.00001    6.67294    9.53630  291.06217   15.05619 1.7166e-01     0.4647     0.8643    80.5691 0.0000e+00
