CTD-processing/allCTD/CNV/2019_05_12_t6_s05_cast166_4141.cnv
* Sea-Bird SBE19plus Data File:
* FileName = C:\Users\jwschloemer\Documents\CTD Data\2019_05-12_T6_T7_ptGrm_pogi\2019_05_12_T6_S27_Cast166.hex
* Software Version 1.59
* Temperature SN =  4141
* Conductivity SN =  4141
* System UpLoad Time = May 13 2019 14:57:27
** Date: 2019_05_12
** Station:05
** Start Time (AKST):13:23
** Depth (m):103
** Comment:
# nquan = 27
# nvalues = 89                          
# units = specified
# name 0 = scan: Scan Count
# name 1 = timeJ: Julian Days
# name 2 = timeH: Time, Elapsed [hours]
# name 3 = timeM: Time, Elapsed [minutes]
# name 4 = timeS: Time, Elapsed [seconds]
# name 5 = prdM: Pressure, Strain Gauge [db]
# name 6 = specc: Specific Conductance [uS/cm]
# name 7 = sal00: Salinity, Practical [PSU]
# name 8 = tv290C: Temperature [ITS-90, deg C]
# name 9 = depSM: Depth [salt water, m], lat = 59.00
# name 10 = potemp090C: Potential Temperature [ITS-90, deg C]
# name 11 = sigma-é00: Density [sigma-theta, kg/m^3]
# name 12 = sbeox0ML/L: Oxygen, SBE 43 [ml/l]
# name 13 = sbeox0Mg/L: Oxygen, SBE 43 [mg/l]
# name 14 = sbeox0PS: Oxygen, SBE 43 [% saturation]
# name 15 = sbox0Mm/Kg: Oxygen, SBE 43 [umol/kg]
# name 16 = sbeox0Mm/L: Oxygen, SBE 43 [umol/l]
# name 17 = sbox0dV/dT: Oxygen, SBE 43 [dov/dt]
# name 18 = oxsolML/L: Oxygen Saturation, Garcia & Gordon [ml/l]
# name 19 = oxsolMg/L: Oxygen Saturation, Garcia & Gordon [mg/l]
# name 20 = oxsolMm/Kg: Oxygen Saturation, Garcia & Gordon [umol/kg]
# name 21 = n2satMg/L: Nitrogen Saturation [mg/l]
# name 22 = par: PAR/Irradiance, Biospherical/Licor
# name 23 = wetStar: Fluorescence, WET Labs WETstar [mg/m^3]
# name 24 = CStarAt0: Beam Attenuation, WET Labs C-Star [1/m]
# name 25 = CStarTr0: Beam Transmission, WET Labs C-Star [%]
# name 26 = flag: flag
# span 0 =         45,        811       
# span 1 = 132.558264, 132.560480       
# span 2 =    0.00307,    0.05623       
# span 3 =     0.1840,     3.3740       
# span 4 =     11.039,    202.443       
# span 5 =      1.001,     89.843       
# span 6 =  50694.963,  50857.276       
# span 7 =    31.8176,    31.8715       
# span 8 =     6.5028,     6.6233       
# span 9 =      1.000,     89.000       
# span 10 =     6.4985,     6.6223      
# span 11 =    24.9654,    25.0195      
# span 12 =     6.1592,     6.7448      
# span 13 =     8.8022,     9.6390      
# span 14 =     88.505,     96.991      
# span 15 =    268.373,    293.883      
# span 16 =    275.072,    301.225      
# span 17 =   -0.00460,    0.00776      
# span 18 =    6.95321,    6.97132      
# span 19 =    9.93685,    9.96272      
# span 20 =  302.96303,  303.74000      
# span 21 =   15.61995,   15.65687      
# span 22 = 3.6128e-02, 1.7510e+02      
# span 23 =     0.6352,     1.6049      
# span 24 =    -0.0750,     4.2772      
# span 25 =    51.2490,    94.7399      
# span 26 = 0.0000e+00, 0.0000e+00      
# interval = meters: 1                  
# start_time = May 12 2019 13:23:43 [Instrument's time stamp, header]
# bad_flag = -9.990e-29
*END*
         45 132.558264    0.00307     0.1840     11.039      1.001  50694.963    31.8176     6.5935      1.000     6.6061    24.9654     6.1592     8.8022     88.505    268.373    275.072   -0.00124    6.95918    9.94537  303.22846   15.63269 1.4152e+02     0.6909     4.2772    51.2490 0.0000e+00
        334 132.559101    0.02313     1.3881     83.285      2.015  50700.853    31.8234     6.6189      2.000     6.6151    24.9667     6.3996     9.1457     92.021    278.844    285.807    0.00776    6.95467    9.93893  303.02988   15.62320 1.7510e+02     0.8678    -0.0750    94.7399 0.0000e+00
        399 132.559288    0.02764     1.6581     99.487      3.029  50724.034    31.8400     6.6223      3.000     6.6223    24.9793     6.7136     9.5944     96.551    292.521    299.828    0.00114    6.95337    9.93707  302.96977   15.62026 1.4177e+02     0.6695     0.4315    89.7744 0.0000e+00
        409 132.559317    0.02833     1.7003    102.016      4.042  50724.081    31.8397     6.6233      4.000     6.6217    24.9790     6.7264     9.6127     96.739    293.080    300.401   -0.00030    6.95321    9.93685  302.96303   15.61995 1.0672e+02     0.6517     0.4309    89.7879 0.0000e+00
        413 132.559328    0.02859     1.7156    102.936      5.049  50724.815    31.8392     6.6206      5.000     6.6191    24.9790     6.7247     9.6103     96.707    293.006    300.325   -0.00066    6.95369    9.93752  302.98352   15.62092 8.4394e+01     0.6352     0.4296    89.8167 0.0000e+00
        416 132.559338    0.02884     1.7307    103.839      6.052  50726.270    31.8395     6.6193      6.000     6.6177    24.9794     6.7257     9.6117     96.718    293.049    300.369   -0.00045    6.95389    9.93780  302.99196   15.62133 7.8242e+01     0.6965     0.4313    89.7785 0.0000e+00
        421 132.559351    0.02916     1.7493    104.955      7.064  50728.772    31.8405     6.6176      7.000     6.6169    24.9803     6.7352     9.6254     96.853    293.466    300.797    0.00035    6.95412    9.93813  303.00191   15.62180 7.3626e+01     0.8197     0.4265    89.8867 0.0000e+00
        426 132.559366    0.02950     1.7701    106.206      8.079  50730.219    31.8410     6.6178      8.000     6.6177    24.9808     6.7448     9.6390     96.991    293.883    301.225    0.00095    6.95405    9.93804  302.99885   15.62165 6.6923e+01     0.9667     0.4276    89.8600 0.0000e+00
        430 132.559378    0.02980     1.7881    107.285      9.087  50729.113    31.8401     6.6191      9.000     6.6183    24.9798     6.7442     9.6381     96.984    293.855    301.194    0.00067    6.95389    9.93781  302.99204   15.62132 5.8804e+01     1.0933     0.4263    89.8918 0.0000e+00
        434 132.559389    0.03007     1.8043    108.260     10.094  50731.702    31.8414     6.6193     10.000     6.6192    24.9809     6.7313     9.6196     96.800    293.290    300.617   -0.00057    6.95379    9.93766  302.98722   15.62109 5.3183e+01     1.3005     0.4251    89.9170 0.0000e+00
        438 132.559402    0.03037     1.8219    109.312     11.099  50728.589    31.8386     6.6182     11.000     6.6147    24.9788     6.7398     9.6318     96.918    293.663    300.998   -0.00004    6.95410    9.93811  303.00171   15.62179 5.0763e+01     1.2873     0.4256    89.9069 0.0000e+00
        444 132.559417    0.03074     1.8444    110.665     12.119  50734.843    31.8417     6.6144     12.000     6.6137    24.9818     6.7260     9.6122     96.714    293.064    300.385   -0.00120    6.95457    9.93877  303.02094   15.62269 4.9208e+01     1.4253     0.4243    89.9363 0.0000e+00
        448 132.559430    0.03103     1.8621    111.725     13.129  50734.001    31.8408     6.6150     13.000     6.6135    24.9810     6.7224     9.6070     96.662    292.907    300.223   -0.00122    6.95452    9.93871  303.01930   15.62263 4.5221e+01     1.4349     0.4213    90.0042 0.0000e+00
        451 132.559440    0.03126     1.8758    112.547     14.127  50734.282    31.8403     6.6141     14.000     6.6113    24.9808     6.7235     9.6085     96.675    292.953    300.271   -0.00093    6.95469    9.93895  303.02670   15.62298 4.1511e+01     1.4321     0.4230    89.9649 0.0000e+00
        457 132.559454    0.03163     1.8980    113.882     15.132  50737.545    31.8417     6.6114     15.000     6.6097    24.9821     6.7280     9.6152     96.737    293.153    300.477   -0.00046    6.95506    9.93948  303.04233   15.62372 3.8138e+01     1.4872     0.4200    90.0339 0.0000e+00
        468 132.559487    0.03242     1.9451    116.709     16.155  50738.874    31.8419     6.6103     16.000     6.6087    24.9825     6.7350     9.6249     96.833    293.452    300.783    0.00021    6.95522    9.93971  303.04934   15.62405 3.4999e+01     1.5852     0.4188    90.0594 0.0000e+00
        474 132.559504    0.03284     1.9702    118.212     17.170  50741.174    31.8430     6.6102     17.000     6.6090    24.9833     6.7319     9.6204     96.789    293.316    300.644   -0.00015    6.95519    9.93966  303.04770   15.62397 3.1861e+01     1.6049     0.4192    90.0504 0.0000e+00
        478 132.559516    0.03310     1.9856    119.137     18.173  50741.172    31.8425     6.6104     18.000     6.6088    24.9830     6.7287     9.6159     96.743    293.177    300.502   -0.00061    6.95518    9.93965  303.04738   15.62395 2.9017e+01     1.5775     0.4166    90.1085 0.0000e+00
        481 132.559525    0.03333     2.0001    120.007     19.179  50741.421    31.8423     6.6104     19.000     6.6088    24.9828     6.7342     9.6238     96.822    293.417    300.747   -0.00001    6.95520    9.93968  303.04823   15.62400 2.6211e+01     1.5206     0.4191    90.0534 0.0000e+00
        485 132.559536    0.03358     2.0150    120.900     20.187  50734.984    31.8371     6.6091     20.000     6.5983    24.9789     6.7431     9.6367     96.945    293.810    301.148    0.00065    6.95563    9.94030  303.06824   15.62498 2.3550e+01     1.5733     0.4180    90.0770 0.0000e+00
        488 132.559547    0.03385     2.0310    121.863     21.200  50743.236    31.8376     6.5842     21.000     6.5664    24.9825     6.7373     9.6283     96.806    293.556    300.890   -0.00031    6.95964    9.94603  303.24191   15.63325 2.1162e+01     1.5749     0.3991    90.5055 0.0000e+00
        492 132.559558    0.03412     2.0468    122.810     22.210  50770.924    31.8517     6.5587     22.000     6.5509    24.9969     6.7197     9.6031     96.504    292.783    300.101   -0.00205    6.96311    9.95098  303.38867   15.64020 1.8859e+01     1.5525     0.3840    90.8478 0.0000e+00
        496 132.559569    0.03437     2.0621    123.728     23.216  50782.834    31.8579     6.5501     23.000     6.5470    25.0029     6.6995     9.5742     96.199    291.900    299.199   -0.00365    6.96422    9.95256  303.43524   15.64239 1.6769e+01     1.4556     0.3755    91.0392 0.0000e+00
        500 132.559580    0.03464     2.0787    124.723     24.225  50783.214    31.8571     6.5469     24.000     6.5415    25.0026     6.6797     9.5461     95.908    291.041    298.318   -0.00446    6.96477    9.95336  303.45953   15.64355 1.4957e+01     1.3454     0.3661    91.2536 0.0000e+00
        504 132.559593    0.03496     2.0974    125.841     25.240  50789.676    31.8597     6.5394     25.000     6.5353    25.0057     6.6671     9.5280     95.711    290.490    297.753   -0.00460    6.96588    9.95493  303.50656   15.64578 1.3460e+01     1.3154     0.3613    91.3640 0.0000e+00
        508 132.559605    0.03524     2.1143    126.860     26.257  50791.956    31.8600     6.5353     26.000     6.5312    25.0064     6.6631     9.5222     95.645    290.314    297.573   -0.00370    6.96654    9.95588  303.53514   15.64714 1.2188e+01     1.2906     0.3546    91.5135 0.0000e+00
        511 132.559613    0.03545     2.1270    127.620     27.259  50797.574    31.8630     6.5326     27.000     6.5284    25.0091     6.6588     9.5161     95.579    290.127    297.383   -0.00358    6.96682    9.95628  303.54662   15.64768 1.0947e+01     1.2737     0.3565    91.4733 0.0000e+00
        514 132.559622    0.03565     2.1393    128.360     28.258  50797.050    31.8614     6.5286     28.000     6.5220    25.0083     6.6564     9.5127     95.534    290.022    297.275   -0.00320    6.96755    9.95733  303.57871   15.64922 9.8198e+00     1.2520     0.3566    91.4711 0.0000e+00
        518 132.559633    0.03592     2.1553    129.321     29.271  50805.240    31.8653     6.5217     29.000     6.5184    25.0123     6.6633     9.5225     95.621    290.322    297.584   -0.00210    6.96847    9.95866  303.61830   15.65108 8.8346e+00     1.2634     0.3489    91.6466 0.0000e+00
        523 132.559647    0.03625     2.1748    130.488     30.291  50805.249    31.8644     6.5194     30.000     6.5135    25.0120     6.6609     9.5192     95.581    290.218    297.477   -0.00149    6.96891    9.95927  303.63698   15.65198 7.9557e+00     1.2731     0.3452    91.7314 0.0000e+00
        527 132.559658    0.03652     2.1911    131.469     31.295  50811.369    31.8670     6.5129     31.000     6.5090    25.0148     6.6468     9.4990     95.366    289.603    296.847   -0.00267    6.96982    9.96058  303.67599   15.65383 7.0959e+00     1.1786     0.3409    91.8320 0.0000e+00
        531 132.559670    0.03680     2.2078    132.468     32.300  50814.212    31.8684     6.5122     32.000     6.5086    25.0159     6.6466     9.4987     95.361    289.592    296.837   -0.00210    6.96990    9.96068  303.67878   15.65396 6.3650e+00     1.1719     0.3403    91.8442 0.0000e+00
        536 132.559684    0.03713     2.2278    133.668     33.316  50817.036    31.8693     6.5091     33.000     6.5055    25.0171     6.6470     9.4993     95.361    289.611    296.856   -0.00152    6.97036    9.96134  303.69852   15.65490 5.7547e+00     1.1220     0.3356    91.9527 0.0000e+00
        540 132.559696    0.03743     2.2461    134.767     34.327  50821.034    31.8715     6.5084     34.000     6.5065    25.0189     6.6377     9.4860     95.228    289.206    296.441   -0.00195    6.97037    9.96134  303.69832   15.65488 5.1853e+00     1.1588     0.3346    91.9741 0.0000e+00
        544 132.559708    0.03771     2.2623    135.735     35.330  50818.544    31.8696     6.5107     35.000     6.5088    25.0172     6.6366     9.4844     95.216    289.159    296.393   -0.00170    6.97008    9.96094  303.68634   15.65431 4.6464e+00     1.0791     0.3390    91.8749 0.0000e+00
        549 132.559721    0.03803     2.2816    136.893     36.341  50817.028    31.8685     6.5128     36.000     6.5102    25.0161     6.6391     9.4879     95.256    289.266    296.502   -0.00102    6.96979    9.96052  303.67400   15.65373 4.1608e+00     1.1283     0.3357    91.9492 0.0000e+00
        554 132.559737    0.03840     2.3044    138.266     37.356  50816.452    31.8678     6.5136     37.000     6.5096    25.0154     6.6450     9.4964     95.341    289.524    296.766   -0.00029    6.96969    9.96039  303.67006   15.65354 3.7088e+00     1.1454     0.3350    91.9654 0.0000e+00
        559 132.559750    0.03873     2.3239    139.432     38.362  50817.403    31.8673     6.5101     38.000     6.5046    25.0154     6.6453     9.4968     95.338    289.537    296.780   -0.00026    6.97028    9.96124  303.69590   15.65478 3.3046e+00     1.1123     0.3377    91.9046 0.0000e+00
        563 132.559764    0.03906     2.3434    140.603     39.369  50822.924    31.8697     6.5053     39.000     6.5008    25.0180     6.6423     9.4925     95.286    289.405    296.645   -0.00056    6.97094    9.96217  303.72363   15.65609 2.9770e+00     1.1152     0.3294    92.0942 0.0000e+00
        569 132.559780    0.03945     2.3670    142.021     40.385  50825.357    31.8707     6.5039     40.000     6.5004    25.0190     6.6388     9.4876     95.234    289.255    296.491   -0.00069    6.97112    9.96242  303.73102   15.65644 2.7007e+00     1.1136     0.3287    92.1103 0.0000e+00
        574 132.559794    0.03978     2.3870    143.220     41.392  50825.952    31.8706     6.5032     41.000     6.4995    25.0189     6.6372     9.4852     95.208    289.181    296.415   -0.00078    6.97125    9.96261  303.73667   15.65671 2.4334e+00     1.0097     0.3298    92.0859 0.0000e+00
        578 132.559807    0.04010     2.4057    144.345     42.399  50827.150    31.8708     6.5028     42.000     6.4992    25.0192     6.6357     9.4831     95.186    289.117    296.350   -0.00066    6.97130    9.96268  303.73886   15.65681 2.1713e+00     1.0306     0.3289    92.1054 0.0000e+00
        583 132.559821    0.04042     2.4253    145.516     43.412  50828.341    31.8712     6.5029     43.000     6.4993    25.0195     6.6327     9.4788     95.143    288.986    296.215   -0.00084    6.97127    9.96265  303.73766   15.65676 1.9317e+00     1.0261     0.3266    92.1609 0.0000e+00
        588 132.559834    0.04074     2.4445    146.668     44.416  50828.533    31.8709     6.5032     44.000     6.4995    25.0192     6.6331     9.4793     95.148    289.001    296.232   -0.00073    6.97123    9.96258  303.73592   15.65668 1.7268e+00     1.0077     0.3291    92.1010 0.0000e+00
        593 132.559851    0.04114     2.4683    148.098     45.431  50829.463    31.8710     6.5032     45.000     6.4993    25.0194     6.6339     9.4806     95.162    289.040    296.271   -0.00036    6.97122    9.96257  303.73533   15.65665 1.5538e+00     1.0520     0.3261    92.1703 0.0000e+00
        599 132.559867    0.04152     2.4912    149.470     46.444  50829.625    31.8707     6.5032     46.000     6.4994    25.0191     6.6333     9.4797     95.153    289.012    296.243   -0.00040    6.97123    9.96259  303.73626   15.65669 1.4036e+00     1.0267     0.3268    92.1554 0.0000e+00
        603 132.559878    0.04181     2.5085    150.507     47.449  50830.026    31.8705     6.5033     47.000     6.4992    25.0189     6.6331     9.4794     95.149    289.003    296.234   -0.00036    6.97124    9.96260  303.73638   15.65670 1.2608e+00     1.0065     0.3295    92.0925 0.0000e+00
        607 132.559890    0.04209     2.5254    151.524     48.455  50830.516    31.8703     6.5030     48.000     6.4987    25.0188     6.6324     9.4782     95.137    288.969    296.199   -0.00042    6.97129    9.96268  303.73881   15.65682 1.1296e+00     1.0081     0.3290    92.1051 0.0000e+00
        612 132.559904    0.04241     2.5445    152.672     49.468  50832.177    31.8710     6.5028     49.000     6.4986    25.0194     6.6328     9.4789     95.144    288.989    296.219   -0.00037    6.97130    9.96268  303.73868   15.65681 1.0090e+00     1.0144     0.3289    92.1058 0.0000e+00
        616 132.559917    0.04274     2.5644    153.863     50.477  50831.890    31.8703     6.5028     50.000     6.4985    25.0189     6.6320     9.4777     95.131    288.953    296.182   -0.00038    6.97132    9.96272  303.74000   15.65687 8.9734e-01     1.0787     0.3260    92.1727 0.0000e+00
        621 132.559932    0.04309     2.5851    155.107     51.488  50833.009    31.8707     6.5031     51.000     6.4989    25.0191     6.6332     9.4796     95.151    289.009    296.240   -0.00020    6.97126    9.96262  303.73718   15.65673 8.0109e-01     0.9958     0.3258    92.1761 0.0000e+00
        626 132.559945    0.04341     2.6046    156.278     52.501  50833.761    31.8708     6.5035     52.000     6.4992    25.0191     6.6318     9.4775     95.132    288.947    296.176   -0.00037    6.97119    9.96253  303.73425   15.65660 7.2067e-01     0.9802     0.3266    92.1585 0.0000e+00
        630 132.559957    0.04368     2.6209    157.252     53.509  50834.193    31.8706     6.5036     53.000     6.4992    25.0190     6.6314     9.4770     95.127    288.931    296.160   -0.00029    6.97118    9.96250  303.73338   15.65656 6.4348e-01     0.9860     0.3278    92.1320 0.0000e+00
