CTD-processing/allCTD/CNV/2019_07-23_alongbay_kb08_cast009_4141.cnv
* Sea-Bird SBE19plus Data File:
* FileName = C:\Users\jwschloemer\Documents\CTD Data\2019_07-23_AlongBay\2019_07-23_AlongBay_KB01_Cast009.hex
* Software Version 1.59
* Temperature SN =  4141
* Conductivity SN =  4141
* System UpLoad Time = Aug 02 2019 11:43:13
** Cook Inlet LTM Along Bay
** Date: 2019_07-23
** Station:KB08
** Start Time (AKST):13:26
** Depth (m):78
** Comment:
** Comment:
# nquan = 27
# nvalues = 77                          
# units = specified
# name 0 = scan: Scan Count
# name 1 = timeJ: Julian Days
# name 2 = timeH: Time, Elapsed [hours]
# name 3 = timeM: Time, Elapsed [minutes]
# name 4 = timeS: Time, Elapsed [seconds]
# name 5 = prdM: Pressure, Strain Gauge [db]
# name 6 = specc: Specific Conductance [uS/cm]
# name 7 = sal00: Salinity, Practical [PSU]
# name 8 = tv290C: Temperature [ITS-90, deg C]
# name 9 = depSM: Depth [salt water, m], lat = 59.00
# name 10 = potemp090C: Potential Temperature [ITS-90, deg C]
# name 11 = sigma-é00: Density [sigma-theta, kg/m^3]
# name 12 = sbeox0ML/L: Oxygen, SBE 43 [ml/l]
# name 13 = sbeox0Mg/L: Oxygen, SBE 43 [mg/l]
# name 14 = sbeox0PS: Oxygen, SBE 43 [% saturation]
# name 15 = sbox0Mm/Kg: Oxygen, SBE 43 [umol/kg]
# name 16 = sbeox0Mm/L: Oxygen, SBE 43 [umol/l]
# name 17 = sbox0dV/dT: Oxygen, SBE 43 [dov/dt]
# name 18 = oxsolML/L: Oxygen Saturation, Garcia & Gordon [ml/l]
# name 19 = oxsolMg/L: Oxygen Saturation, Garcia & Gordon [mg/l]
# name 20 = oxsolMm/Kg: Oxygen Saturation, Garcia & Gordon [umol/kg]
# name 21 = n2satMg/L: Nitrogen Saturation [mg/l]
# name 22 = par: PAR/Irradiance, Biospherical/Licor
# name 23 = wetStar: Fluorescence, WET Labs WETstar [mg/m^3]
# name 24 = CStarAt0: Beam Attenuation, WET Labs C-Star [1/m]
# name 25 = CStarTr0: Beam Transmission, WET Labs C-Star [%]
# name 26 = flag: flag
# span 0 =        116,        649       
# span 1 = 204.560195, 204.561735       
# span 2 =    0.00801,    0.04497       
# span 3 =     0.4808,     2.6985       
# span 4 =     28.850,    161.909       
# span 5 =      1.001,     77.738       
# span 6 =  35191.656,  50072.874       
# span 7 =    21.8904,    31.6061       
# span 8 =     8.0996,    14.1007       
# span 9 =      1.000,     77.000       
# span 10 =     8.0933,    14.1766      
# span 11 =    16.0636,    24.5942      
# span 12 =     5.6741,     8.1647      
# span 13 =     8.1088,    11.6681      
# span 14 =     84.311,    126.920      
# span 15 =    247.322,    356.275      
# span 16 =    253.404,    364.633      
# span 17 =   -0.08331,    0.09631      
# span 18 =    6.21214,    6.73473      
# span 19 =    8.87777,    9.62460      
# span 20 =  272.49878,  293.56561      
# span 21 =   14.19324,   15.17274      
# span 22 = 5.2884e-02, 4.3664e+02      
# span 23 =     0.2973,    10.9841      
# span 24 =     0.4326,     3.6684      
# span 25 =    44.1232,    89.7484      
# span 26 = 0.0000e+00, 0.0000e+00      
# interval = meters: 1                  
# start_time = Jul 23 2019 13:26:12 [Instrument's time stamp, header]
# bad_flag = -9.990e-29
*END*
        116 204.560195    0.00801     0.4808     28.850      1.001  35191.656    21.8904    14.1007      1.000    14.1766    16.0636     5.8678     8.3858     93.367    257.919    262.058    0.00254    6.28598    8.98330  276.29321   14.38592 4.3664e+02     0.4540     3.6684    46.2671 0.0000e+00
        301 204.560728    0.02082     1.2489     74.936      2.016  39001.558    24.5061    13.8904      2.000    13.4640    18.1157     6.5972     9.4282    106.208    289.392    294.635   -0.00338    6.21214    8.87777  272.49878   14.19324 3.5802e+02     0.5442     1.3128    72.8650 0.0000e+00
        314 204.560768    0.02176     1.3053     78.317      3.031  42537.567    26.9085    13.0365      3.000    12.8107    20.1276     6.6303     9.4754    106.428    290.266    296.109   -0.01069    6.22997    8.90325  272.74095   14.19518 2.5531e+02     0.5381     1.3921    70.7299 0.0000e+00
        318 204.560779    0.02204     1.3227     79.360      4.036  44536.168    28.2581    12.4067      4.000    12.0279    21.2860     7.1590    10.2308    114.346    313.051    319.718    0.04417    6.26006    8.94625  273.74720   14.23799 1.9285e+02     0.5751     1.1210    75.5678 0.0000e+00
        323 204.560792    0.02235     1.3408     80.446      5.048  45610.392    28.9507    11.7112      5.000    11.4161    21.9472     7.8145    11.1677    123.546    341.502    348.996    0.09631    6.32539    9.03961  276.42490   14.36354 1.5241e+02     0.7940     0.9717    78.4315 0.0000e+00
        327 204.560805    0.02264     1.3586     81.516      6.057  46750.477    29.6813    11.0102      6.000    10.7453    22.6356     8.0698    11.5326    126.255    352.421    360.399    0.08661    6.39172    9.13441  279.13563   14.49040 1.2636e+02     1.1065     0.9086    79.6829 0.0000e+00
        331 204.560817    0.02295     1.3771     82.624      7.064  47528.426    30.1802    10.5685      7.000    10.5099    23.0982     8.0305    11.4764    124.841    350.545    358.642    0.04682    6.43258    9.19280  280.79312   14.56773 1.0678e+02     1.2497     0.7820    82.2454 0.0000e+00
        336 204.560831    0.02327     1.3965     83.788      8.077  47779.681    30.3483    10.4947      8.000    10.5002    23.2413     8.0919    11.5641    125.728    353.174    361.383    0.03591    6.43600    9.19769  280.90329   14.57232 9.0272e+01     1.2163     0.7491    82.9283 0.0000e+00
        341 204.560844    0.02358     1.4147     84.884      9.082  47910.959    30.4422    10.5106      9.000    10.4925    23.3118     8.1609    11.6627    126.920    356.161    364.464    0.03314    6.42992    9.18900  280.61834   14.55830 7.5187e+01     1.6015     1.1371    75.4095 0.0000e+00
        345 204.560857    0.02391     1.4348     86.087     10.095  48165.188    30.6107    10.4233     10.000    10.3679    23.4576     8.1647    11.6681    126.874    356.275    364.633    0.02207    6.43521    9.19655  280.80925   14.56676 6.2579e+01     2.1083     1.3112    72.0824 0.0000e+00
        350 204.560872    0.02426     1.4551     87.305     11.103  48367.946    30.7403    10.3140     11.000    10.2687    23.5767     8.1003    11.5761    125.680    353.427    361.759    0.00675    6.44519    9.21083  281.21233   14.58553 4.9968e+01     3.2766     1.0514    76.8833 0.0000e+00
        355 204.560886    0.02459     1.4756     88.537     12.114  48570.819    30.8653    10.1689     12.000    10.0852    23.6980     7.9692    11.3888    123.355    347.666    355.905   -0.01014    6.46047    9.23265  281.84522   14.61531 3.8046e+01     4.7247     1.2305    73.5277 0.0000e+00
        360 204.560900    0.02492     1.4955     89.731     13.125  48837.613    31.0278     9.9665     13.000     9.8789    23.8577     7.7271    11.0427    119.203    337.051    345.092   -0.03331    6.48237    9.26395  282.75672   14.65826 2.7269e+01     8.7114     1.3237    71.8297 0.0000e+00
        364 204.560913    0.02524     1.5145     90.872     14.131  49048.435    31.1517     9.7762     14.000     9.7039    23.9851     7.4363    10.6272    114.330    324.326    332.105   -0.05430    6.50430    9.29530  283.67818   14.70183 1.9251e+01    10.9841     1.2253    73.6191 0.0000e+00
        369 204.560926    0.02556     1.5337     92.024     15.144  49171.217    31.2171     9.6173     15.000     9.5387    24.0615     7.0902    10.1327    108.676    309.211    316.651   -0.07360    6.52435    9.32395  284.53112   14.74236 1.4075e+01    10.8141     1.1360    75.2783 0.0000e+00
        374 204.560939    0.02587     1.5521     93.126     16.152  49254.386    31.2527     9.4478     16.000     9.3706    24.1162     6.7972     9.7138    103.817    296.413    303.560   -0.08331    6.54730    9.35674  285.51670   14.78935 1.0452e+01     9.0722     1.0674    76.5805 0.0000e+00
        378 204.560952    0.02617     1.5704     94.226     17.161  49301.926    31.2641     9.2883     17.000     9.2218    24.1501     6.6115     9.4485    100.633    288.308    295.271   -0.07932    6.56996    9.38912  286.49532   14.83608 7.8229e+00     7.9106     1.1175    75.6293 0.0000e+00
        382 204.560965    0.02649     1.5890     95.340     18.173  49361.401    31.2837     9.1299     18.000     9.0355    24.1898     6.5375     9.3428     99.170    285.070    291.966   -0.06521    6.59226    9.42100  287.45673   14.88197 5.7515e+00     8.5487     1.1522    74.9723 0.0000e+00
        387 204.560977    0.02678     1.6068     96.408     19.178  49444.511    31.3100     8.9051     19.000     8.7700    24.2447     6.5318     9.3346     98.605    284.804    291.709   -0.04926    6.62422    9.46666  288.83477   14.94772 4.2767e+00     9.7664     1.0735    76.4837 0.0000e+00
        391 204.560989    0.02708     1.6248     97.485     20.191  49673.648    31.4386     8.6853     20.000     8.6414    24.3785     6.4281     9.1863     96.645    280.246    287.078   -0.04646    6.65130    9.50537  289.97770   15.00181 3.4392e+00     9.3364     0.7184    83.5695 0.0000e+00
        395 204.561001    0.02737     1.6423     98.536     21.197  49709.387    31.4513     8.6043     21.000     8.5660    24.4005     6.2697     8.9601     94.101    273.337    280.007   -0.04962    6.66283    9.52185  290.47414   15.02548 2.8723e+00     6.9512     0.5896    86.3013 0.0000e+00
        400 204.561015    0.02769     1.6612     99.674     22.210  49763.667    31.4783     8.5331     22.000     8.5162    24.4323     6.1715     8.8198     92.495    269.048    275.621   -0.04545    6.67229    9.53537  290.87765   15.04465 2.4471e+00     3.4119     0.4682    88.9543 0.0000e+00
        404 204.561027    0.02800     1.6798    100.789     23.220  49784.784    31.4874     8.4980     23.000     8.4796    24.4446     6.1787     8.8300     92.535    269.357    275.942   -0.03215    6.67717    9.54234  291.08687   15.05460 2.1154e+00     2.5211     0.4336    89.7277 0.0000e+00
        408 204.561040    0.02829     1.6974    101.846     24.226  49780.863    31.4779     8.4561     24.000     8.4093    24.4434     6.2093     8.8736     92.899    270.689    277.305   -0.02061    6.68387    9.55191  291.37913   15.06860 1.8251e+00     1.8412     0.4326    89.7484 0.0000e+00
        413 204.561052    0.02860     1.7159    102.955     25.236  49858.699    31.5190     8.3697     25.000     8.3527    24.4882     6.1841     8.8378     92.368    269.582    276.183   -0.01739    6.69509    9.56795  291.85566   15.09119 1.5713e+00     1.3623     0.4862    88.5551 0.0000e+00
        418 204.561067    0.02893     1.7354    104.126     26.248  49889.212    31.5368     8.3492     26.000     8.3462    24.5052     6.1086     8.7299     91.208    266.285    272.811   -0.01933    6.69741    9.57127  291.95188   15.09572 1.3477e+00     0.9886     0.5056    88.1270 0.0000e+00
        422 204.561079    0.02925     1.7546    105.279     27.256  49892.100    31.5385     8.3500     27.000     8.3482    24.5064     6.0618     8.6630     90.513    264.245    270.721   -0.01812    6.69722    9.57099  291.94312   15.09529 1.1552e+00     0.9345     0.5299    87.5940 0.0000e+00
        427 204.561093    0.02956     1.7739    106.433     28.265  49893.648    31.5394     8.3516     28.000     8.3491    24.5069     6.0581     8.6577     90.461    264.083    270.555   -0.01316    6.69694    9.57059  291.93083   15.09471 9.8058e-01     1.0094     0.5573    86.9930 0.0000e+00
        432 204.561107    0.02990     1.7940    107.637     29.277  49903.264    31.5460     8.3536     29.000     8.3528    24.5118     6.0568     8.6558     90.449    264.026    270.498   -0.00890    6.69634    9.56974  291.90347   15.09337 8.2600e-01     0.8533     0.6008    86.0557 0.0000e+00
        436 204.561121    0.03023     1.8134    108.806     30.287  49898.859    31.5430     8.3573     30.000     8.3547    24.5089     6.0458     8.6401     90.291    263.546    270.006   -0.00720    6.69591    9.56913  291.88567   15.09253 6.9224e-01     0.7211     0.6254    85.5256 0.0000e+00
        441 204.561133    0.03053     1.8316    109.894     31.294  49898.279    31.5421     8.3574     31.000     8.3538    24.5083     6.0344     8.6237     90.119    263.047    269.493   -0.00621    6.69592    9.56915  291.88645   15.09257 5.8216e-01     0.7647     0.6379    85.2590 0.0000e+00
        445 204.561146    0.03083     1.8502    111.013     32.305  49897.834    31.5412     8.3559     32.000     8.3525    24.5077     6.0250     8.6103     89.976    262.638    269.075   -0.00540    6.69620    9.56954  291.89842   15.09315 4.8917e-01     0.7221     0.6377    85.2633 0.0000e+00
        449 204.561158    0.03113     1.8680    112.079     33.313  49900.750    31.5429     8.3565     33.000     8.3543    24.5090     6.0239     8.6087     89.962    262.590    269.026   -0.00405    6.69604    9.56930  291.89099   15.09279 4.1131e-01     0.8034     0.6344    85.3336 0.0000e+00
        454 204.561172    0.03145     1.8869    113.212     34.326  49899.376    31.5417     8.3584     34.000     8.3538    24.5078     6.0270     8.6131     90.011    262.725    269.164   -0.00261    6.69580    9.56897  291.88103   15.09231 3.4648e-01     0.7161     0.6598    84.7944 0.0000e+00
        458 204.561183    0.03174     1.9044    114.263     35.331  49895.429    31.5376     8.3521     35.000     8.3421    24.5055     6.0219     8.6058     89.919    262.502    268.935   -0.00239    6.69694    9.57059  291.93108   15.09472 2.9031e-01     0.7611     0.7304    83.3126 0.0000e+00
        462 204.561196    0.03204     1.9224    115.344     36.343  49908.400    31.5442     8.3393     36.000     8.3336    24.5126     6.0029     8.5788     89.615    261.675    268.090   -0.00365    6.69858    9.57294  292.00087   15.09803 2.4260e-01     0.6846     0.7502    82.8981 0.0000e+00
        467 204.561209    0.03235     1.9409    116.454     37.353  49912.018    31.5456     8.3346     37.000     8.3281    24.5144     5.9859     8.5544     89.352    260.934    267.330   -0.00432    6.69923    9.57386  292.02842   15.09934 2.0335e-01     0.5386     0.7827    82.2267 0.0000e+00
        471 204.561221    0.03264     1.9586    117.514     38.361  49910.707    31.5433     8.3283     38.000     8.3192    24.5135     5.9682     8.5291     89.073    260.161    266.538   -0.00494    6.70028    9.57537  292.07478   15.10156 1.7164e-01     0.5369     0.7757    82.3719 0.0000e+00
        476 204.561234    0.03296     1.9772    118.633     39.374  49919.325    31.5471     8.3164     39.000     8.3107    24.5182     5.9642     8.5234     88.993    259.987    266.360   -0.00415    6.70190    9.57770  292.14420   15.10486 1.4649e-01     0.5827     0.7752    82.3829 0.0000e+00
        480 204.561246    0.03325     1.9950    119.697     40.380  49922.449    31.5484     8.3138     40.000     8.3091    24.5197     5.9617     8.5200     88.952    259.880    266.252   -0.00321    6.70224    9.57817  292.15855   15.10555 1.2618e-01     0.5711     0.7723    82.4440 0.0000e+00
        484 204.561260    0.03356     2.0137    120.824     41.393  49924.112    31.5488     8.3121     41.000     8.3073    24.5203     5.9675     8.5281     89.034    260.129    266.507   -0.00195    6.70247    9.57851  292.16840   15.10602 1.1072e-01     0.5408     0.7822    82.2382 0.0000e+00
        488 204.561271    0.03385     2.0312    121.873     42.398  49919.654    31.5448     8.3092     42.000     8.3007    24.5175     5.9665     8.5267     89.011    260.088    266.465   -0.00141    6.70310    9.57939  292.19640   15.10737 9.8195e-02     0.7125     0.8050    81.7729 0.0000e+00
        493 204.561285    0.03417     2.0500    123.002     43.411  49915.110    31.5395     8.2977     43.000     8.2834    24.5150     5.9577     8.5142     88.855    259.706    266.072   -0.00214    6.70506    9.58221  292.28280   15.11152 8.8607e-02     0.6498     0.8199    81.4672 0.0000e+00
        498 204.561298    0.03448     2.0688    124.129     44.419  49922.056    31.5398     8.2717     44.000     8.2585    24.5191     5.9578     8.5143     88.803    259.706    266.073   -0.00177    6.70899    9.58781  292.45269   15.11962 8.1207e-02     0.5027     0.8070    81.7310 0.0000e+00
        502 204.561311    0.03479     2.0876    125.253     45.429  49927.823    31.5405     8.2525     45.000     8.2407    24.5224     5.9562     8.5120     88.741    259.635    266.002   -0.00193    6.71186    9.59191  292.57676   15.12555 7.5484e-02     0.5441     0.7988    81.8983 0.0000e+00
        507 204.561324    0.03511     2.1068    126.406     46.439  49942.542    31.5484     8.2400     46.000     8.2326    24.5304     5.9606     8.5182     88.786    259.825    266.199   -0.00100    6.71340    9.59413  292.64207   15.12864 7.0998e-02     0.5069     0.8554    80.7515 0.0000e+00
        511 204.561338    0.03543     2.1258    127.545     47.448  49915.872    31.5262     8.2203     47.000     8.1996    24.5159     5.9499     8.5030     88.575    259.365    265.724   -0.00206    6.71736    9.59978  292.81856   15.13716 6.7479e-02     0.4828     0.9580    78.7162 0.0000e+00
        516 204.561351    0.03575     2.1454    128.722     48.459  49926.801    31.5282     8.1868     48.000     8.1702    24.5223     5.9535     8.5081     88.562    259.518    265.882   -0.00179    6.72235    9.60692  293.03455   15.14746 6.4723e-02     0.4623     1.0235    77.4278 0.0000e+00
        521 204.561365    0.03608     2.1651    129.906     49.468  49944.133    31.5365     8.1646     49.000     8.1549    24.5320     5.9539     8.5088     88.530    259.536    265.903   -0.00139    6.72537    9.61122  293.16301   15.15357 6.2529e-02     0.4140     0.9724    78.4372 0.0000e+00
        525 204.561378    0.03641     2.1843    131.056     50.480  49952.227    31.5402     8.1554     50.000     8.1491    24.5363     5.9530     8.5075     88.499    259.495    265.862   -0.00129    6.72659    9.61298  293.21532   15.15605 6.0695e-02     0.4493     0.8726    80.4063 0.0000e+00
        530 204.561391    0.03671     2.2025    132.150     51.487  49958.203    31.5438     8.1541     51.000     8.1495    24.5393     5.9507     8.5041     88.464    259.391    265.757   -0.00115    6.72664    9.61305  293.21650   15.15609 5.9277e-02     0.5676     0.9831    78.2180 0.0000e+00
        534 204.561404    0.03703     2.2219    133.314     52.500  49963.008    31.5469     8.1558     52.000     8.1526    24.5415     5.9503     8.5035     88.463    259.374    265.740   -0.00092    6.72625    9.61248  293.19878   15.15523 5.8030e-02     0.4511     0.9675    78.5170 0.0000e+00
        539 204.561417    0.03734     2.2403    134.420     53.504  49961.033    31.5456     8.1588     53.000     8.1538    24.5400     5.9443     8.4949     88.379    259.113    265.471   -0.00116    6.72585    9.61192  293.18186   15.15443 5.7074e-02     0.4765     1.0096    77.6926 0.0000e+00
