CTD-processing/allCTD/CNV/2019_03-19_t9_s09_cast112_4141.cnv
* Sea-Bird SBE19plus Data File:
* FileName = C:\Users\Kim.Powell\Desktop\Not Processed\2019\2019_03-19_AlongBay, T9_4141\2019_03-19_TRANSECT_STATION_cast112.hex
* Software Version 1.59
* Temperature SN =  4141
* Conductivity SN =  4141
* System UpLoad Time = Mar 20 2019 08:48:19
** 2018_03-19
** Station: 9-09
** Start Time: 15:41
** Depth (m): 86
** Comment:**CTD time was 1 hour behind**
** Comment:
# nquan = 27
# nvalues = 81                          
# units = specified
# name 0 = scan: Scan Count
# name 1 = timeJ: Julian Days
# name 2 = timeH: Time, Elapsed [hours]
# name 3 = timeM: Time, Elapsed [minutes]
# name 4 = timeS: Time, Elapsed [seconds]
# name 5 = prdM: Pressure, Strain Gauge [db]
# name 6 = specc: Specific Conductance [uS/cm]
# name 7 = sal00: Salinity, Practical [PSU]
# name 8 = tv290C: Temperature [ITS-90, deg C]
# name 9 = depSM: Depth [salt water, m], lat = 59.00
# name 10 = potemp090C: Potential Temperature [ITS-90, deg C]
# name 11 = sigma-é00: Density [sigma-theta, kg/m^3]
# name 12 = sbeox0ML/L: Oxygen, SBE 43 [ml/l]
# name 13 = sbeox0Mg/L: Oxygen, SBE 43 [mg/l]
# name 14 = sbeox0PS: Oxygen, SBE 43 [% saturation]
# name 15 = sbox0Mm/Kg: Oxygen, SBE 43 [umol/kg]
# name 16 = sbeox0Mm/L: Oxygen, SBE 43 [umol/l]
# name 17 = sbox0dV/dT: Oxygen, SBE 43 [dov/dt]
# name 18 = oxsolML/L: Oxygen Saturation, Garcia & Gordon [ml/l]
# name 19 = oxsolMg/L: Oxygen Saturation, Garcia & Gordon [mg/l]
# name 20 = oxsolMm/Kg: Oxygen Saturation, Garcia & Gordon [umol/kg]
# name 21 = n2satMg/L: Nitrogen Saturation [mg/l]
# name 22 = par: PAR/Irradiance, Biospherical/Licor
# name 23 = wetStar: Fluorescence, WET Labs WETstar [mg/m^3]
# name 24 = CStarAt0: Beam Attenuation, WET Labs C-Star [1/m]
# name 25 = CStarTr0: Beam Transmission, WET Labs C-Star [%]
# name 26 = flag: flag
# span 0 =        318,        648       
# span 1 =  78.613314,  78.614268       
# span 2 =    0.02203,    0.04494       
# span 3 =     1.3218,     2.6963       
# span 4 =     79.306,    161.780       
# span 5 =      1.037,     81.732       
# span 6 =  50100.886,  50901.016       
# span 7 =    31.1047,    31.7121       
# span 8 =     5.0504,     5.5254       
# span 9 =      1.000,     81.000       
# span 10 =     5.0462,     5.5195      
# span 11 =    24.5809,    25.0132      
# span 12 =     6.5797,     6.8386      
# span 13 =     9.4030,     9.7730      
# span 14 =     92.139,     94.550      
# span 15 =    286.679,    298.084      
# span 16 =    293.849,    305.411      
# span 17 =   -0.00538,    0.00131      
# span 18 =    7.14072,    7.24959      
# span 19 =   10.20481,   10.36040      
# span 20 =  311.12316,  315.99010      
# span 21 =   16.00934,   16.24338      
# span 22 = 3.5999e-02, 1.0275e+02      
# span 23 =     0.3601,     0.7311      
# span 24 =     0.5451,     1.0293      
# span 25 =    77.3120,    87.2604      
# span 26 = 0.0000e+00, 0.0000e+00      
# interval = meters: 1                  
# start_time = Mar 19 2019 14:41:51 [Instrument's time stamp, header]
# bad_flag = -9.990e-29
*END*
        318  78.613314    0.02203     1.3218     79.306      1.037  50100.886    31.1047     5.0702      1.000     5.0596    24.5809     6.8386     9.7730     94.353    298.084    305.411    0.00068    7.24788   10.35795  315.92452   16.24040 7.5972e+01     0.3640     0.8907    80.0391 0.0000e+00
        322  78.613325    0.02231     1.3384     80.304      2.023  50159.307    31.1401     5.0504      2.000     5.0462    24.6110     6.8370     9.7708     94.309    298.008    305.342 9.5039e-07    7.24959   10.36040  315.99010   16.24338 6.8011e+01     0.3601     0.9318    79.2204 0.0000e+00
        326  78.613336    0.02256     1.3536     81.216      3.027  50336.433    31.2621     5.0547      3.000     5.0962    24.7072     6.8330     9.7651     94.341    297.806    305.163    0.00017    7.24293   10.35088  315.67008   16.22765 8.1034e+01     0.3646     0.9149    79.5556 0.0000e+00
        330  78.613347    0.02282     1.3693     82.160      4.037  50347.759    31.2846     5.1269      4.000     5.1373    24.7172     6.8318     9.7633     94.501    297.749    305.108    0.00087    7.22935   10.33147  315.07497   16.19923 1.0275e+02     0.4333     0.8479    80.8989 0.0000e+00
        334  78.613358    0.02310     1.3856     83.135      5.049  50317.443    31.2639     5.1297      5.000     5.1153    24.7005     6.8358     9.7690     94.550    297.928    305.287    0.00131    7.22988   10.33222  315.10317   16.20066 9.8429e+01     0.5071     0.8402    81.0544 0.0000e+00
        337  78.613369    0.02335     1.4014     84.085      6.053  50371.172    31.2951     5.1050      6.000     5.1012    24.7279     6.7952     9.7110     93.952    296.151    303.474   -0.00251    7.23263   10.33615  315.21439   16.20583 8.7847e+01     0.5333     0.8353    81.1530 0.0000e+00
        342  78.613381    0.02365     1.4190     85.142      7.068  50471.685    31.3645     5.1091      7.000     5.1310    24.7824     6.7670     9.6708     93.615    294.908    302.216   -0.00409    7.22856   10.33033  315.02037   16.19631 7.3332e+01     0.5596     0.8199    81.4674 0.0000e+00
        346  78.613393    0.02393     1.4358     86.149      8.075  50648.616    31.4980     5.1680      8.000     5.2058    24.8817     6.7610     9.6622     93.747    294.616    301.946   -0.00252    7.21197   10.30663  314.26708   16.15990 6.0510e+01     0.6244     0.7827    82.2269 0.0000e+00
        350  78.613405    0.02422     1.4531     87.188      9.084  50667.141    31.5250     5.2376      9.000     5.2510    24.8954     6.7738     9.6804     94.097    295.168    302.516    0.00025    7.19869   10.28764  313.68411   16.13204 4.9318e+01     0.6857     0.7856    82.1686 0.0000e+00
        354  78.613418    0.02452     1.4716     88.296     10.093  50648.523    31.5159     5.2580     10.000     5.2610    24.8860     6.7437     9.6375     93.720    293.861    301.175   -0.00155    7.19562   10.28327  313.55341   16.12585 4.0099e+01     0.6830     0.7983    81.9071 0.0000e+00
        359  78.613432    0.02485     1.4910     89.460     11.104  50648.351    31.5164     5.2631     11.000     5.2613    24.8858     6.6925     9.5642     93.019    291.630    298.888   -0.00527    7.19474   10.28201  313.51500   16.12403 3.2336e+01     0.6962     0.8155    81.5571 0.0000e+00
        363  78.613444    0.02517     1.5100     90.598     12.112  50657.957    31.5221     5.2608     12.000     5.2607    24.8905     6.6753     9.5396     92.778    290.877    298.117   -0.00538    7.19487   10.28219  313.51910   16.12419 2.5723e+01     0.7084     0.8209    81.4461 0.0000e+00
        368  78.613458    0.02549     1.5294     91.764     13.125  50668.470    31.5296     5.2647     13.000     5.2645    24.8961     6.6746     9.5388     92.783    290.849    298.089   -0.00392    7.19385   10.28072  313.47275   16.12196 2.0729e+01     0.7130     0.8340    81.1812 0.0000e+00
        373  78.613471    0.02580     1.5481     92.885     14.134  50661.054    31.5239     5.2642     14.000     5.2617    24.8917     6.6756     9.5401     92.792    290.892    298.133   -0.00285    7.19419   10.28122  313.48934   16.12277 1.6549e+01     0.6784     0.8435    80.9878 0.0000e+00
        377  78.613483    0.02609     1.5656     93.937     15.143  50659.867    31.5221     5.2619     15.000     5.2598    24.8905     6.6749     9.5391     92.777    290.863    298.102   -0.00226    7.19468   10.28191  313.51072   16.12379 1.3197e+01     0.6639     0.8440    80.9769 0.0000e+00
        381  78.613495    0.02639     1.5836     95.015     16.147  50657.794    31.5198     5.2600     16.000     5.2581    24.8889     6.6735     9.5371     92.751    290.801    298.038   -0.00185    7.19511   10.28252  313.52998   16.12472 1.0634e+01     0.6789     0.8378    81.1040 0.0000e+00
        386  78.613511    0.02676     1.6051     96.306     17.172  50661.031    31.5212     5.2584     17.000     5.2573    24.8902     6.6734     9.5369     92.745    290.792    298.030   -0.00133    7.19531   10.28283  313.53864   16.12513 8.4613e+00     0.7311     0.8231    81.4024 0.0000e+00
        390  78.613521    0.02701     1.6208     97.249     18.163  50671.132    31.5280     5.2601     18.000     5.2612    24.8954     6.6695     9.5313     92.700    290.623    297.858   -0.00144    7.19469   10.28194  313.51018   16.12374 6.8283e+00     0.7018     0.8450    80.9562 0.0000e+00
        395  78.613536    0.02737     1.6423     98.541     19.185  50678.454    31.5342     5.2674     19.000     5.2686    24.8994     6.6783     9.5440     92.843    291.008    298.254   -0.00026    7.19314   10.27971  313.44091   16.12042 5.4834e+00     0.7030     0.8477    80.9032 0.0000e+00
        400  78.613549    0.02768     1.6610     99.660     20.189  50675.588    31.5327     5.2726     20.000     5.2715    24.8978     6.6807     9.5474     92.886    291.112    298.360    0.00002    7.19232   10.27854  313.40586   16.11876 4.3384e+00     0.6857     0.8685    80.4833 0.0000e+00
        404  78.613562    0.02798     1.6788    100.726     21.202  50694.189    31.5457     5.2758     21.000     5.2788    24.9077     6.6736     9.5372     92.802    290.798    298.040   -0.00044    7.19116   10.27690  313.35248   16.11617 3.4273e+00     0.6727     0.8808    80.2363 0.0000e+00
        408  78.613573    0.02825     1.6954    101.725     22.208  50683.199    31.5391     5.2822     22.000     5.2802    24.9017     6.6759     9.5405     92.846    290.902    298.147   -0.00030    7.19037   10.27576  313.31993   16.11464 2.7042e+00     0.6763     0.8986    79.8800 0.0000e+00
        412  78.613585    0.02854     1.7125    102.747     23.220  50692.755    31.5452     5.2827     23.000     5.2833    24.9065     6.6798     9.5461     92.904    291.071    298.320    0.00017    7.19000   10.27523  313.30199   16.11377 2.1367e+00     0.6808     0.8989    79.8736 0.0000e+00
        416  78.613596    0.02881     1.7284    103.707     24.228  50705.398    31.5545     5.2883     24.000     5.2908    24.9133     6.6717     9.5345     92.810    290.715    297.958   -0.00052    7.18859   10.27321  313.23846   16.11070 1.6880e+00     0.6705     0.9178    79.4957 0.0000e+00
        420  78.613607    0.02907     1.7442    104.650     25.237  50697.572    31.5500     5.2945     25.000     5.2926    24.9090     6.6669     9.5277     92.754    290.509    297.746   -0.00073    7.18774   10.27201  313.20313   16.10904 1.3262e+00     0.7134     0.9236    79.3810 0.0000e+00
        423  78.613618    0.02933     1.7601    105.605     26.248  50706.899    31.5560     5.2952     26.000     5.2960    24.9138     6.6682     9.5295     92.777    290.562    297.801   -0.00060    7.18733   10.27140  313.18331   16.10807 1.0446e+00     0.6750     0.9319    79.2180 0.0000e+00
        427  78.613629    0.02960     1.7759    106.553     27.258  50713.156    31.5611     5.3014     27.000     5.3019    24.9171     6.6699     9.5320     92.818    290.637    297.879   -0.00024    7.18602   10.26954  313.12528   16.10528 8.2107e-01     0.6721     0.9415    79.0277 0.0000e+00
        431  78.613640    0.02986     1.7915    107.488     28.264  50714.804    31.5626     5.3052     28.000     5.3072    24.9178     6.6693     9.5311     92.818    290.609    297.851   -0.00023    7.18531   10.26853  313.09423   16.10380 6.4366e-01     0.6467     0.9539    78.7839 0.0000e+00
        435  78.613652    0.03014     1.8081    108.485     29.277  50763.122    31.5984     5.3197     29.000     5.3297    24.9446     6.6626     9.5214     92.780    290.308    297.550   -0.00046    7.18111   10.26252  312.90288   16.09454 5.0323e-01     0.6817     0.9711    78.4438 0.0000e+00
        439  78.613662    0.03039     1.8235    109.409     30.287  50746.491    31.5899     5.3360     30.000     5.3360    24.9360     6.6584     9.5155     92.752    290.129    297.364   -0.00051    7.17872   10.25912  312.80180   16.08977 3.9198e-01     0.6635     0.9927    78.0239 0.0000e+00
        442  78.613673    0.03064     1.8382    110.295     31.289  50746.967    31.5904     5.3392     31.000     5.3380    24.9360     6.6510     9.5049     92.656    289.805    297.032   -0.00103    7.17817   10.25833  312.77771   16.08862 3.0489e-01     0.6234     1.0104    77.6783 0.0000e+00
        446  78.613684    0.03093     1.8558    111.348     32.308  50759.668    31.5994     5.3428     32.000     5.3447    24.9428     6.6426     9.4930     92.553    289.440    296.660   -0.00143    7.17712   10.25682  312.72978   16.08630 2.3704e-01     0.6264     0.9983    77.9129 0.0000e+00
        450  78.613696    0.03120     1.8722    112.331     33.309  50763.649    31.6034     5.3514     33.000     5.3514    24.9450     6.6407     9.4902     92.548    289.357    296.574   -0.00121    7.17546   10.25446  312.65705   16.08282 1.8628e-01     0.5956     1.0241    77.4129 0.0000e+00
        454  78.613708    0.03149     1.8895    113.373     34.330  50768.964    31.6076     5.3564     34.000     5.3566    24.9478     6.6366     9.4843     92.504    289.176    296.390   -0.00113    7.17440   10.25294  312.60995   16.08056 1.4632e-01     0.6172     1.0159    77.5709 0.0000e+00
        458  78.613718    0.03175     1.9046    114.274     35.331  50797.886    31.6287     5.3641     35.000     5.3721    24.9636     6.6323     9.4783     92.475    288.987    296.201   -0.00118    7.17209   10.24962  312.50404   16.07543 1.1770e-01     0.5996     1.0293    77.3120 0.0000e+00
        462  78.613730    0.03201     1.9210    115.262     36.346  50790.459    31.6275     5.3850     36.000     5.3855    24.9603     6.6332     9.4795     92.532    289.026    296.241   -0.00070    7.16859   10.24463  312.35277   16.06823 9.5302e-02     0.5670     0.9913    78.0493 0.0000e+00
        466  78.613741    0.03228     1.9372    116.229     37.351  50817.672    31.6479     5.3954     37.000     5.4008    24.9752     6.6373     9.4853     92.624    289.198    296.420    0.00007    7.16583   10.24070  312.22822   16.06222 7.9876e-02     0.5687     0.9715    78.4367 0.0000e+00
        470  78.613752    0.03256     1.9534    117.205     38.362  50794.533    31.6334     5.4046     38.000     5.4012    24.9627     6.6347     9.4817     92.599    289.090    296.307   -0.00014    7.16495   10.23943  312.19343   16.06062 6.8470e-02     0.5530     0.9602    78.6588 0.0000e+00
        474  78.613764    0.03283     1.9695    118.172     39.370  50817.754    31.6497     5.4089     39.000     5.4114    24.9752     6.6293     9.4740     92.544    288.850    296.065   -0.00045    7.16344   10.23728  312.12382   16.05724 6.0952e-02     0.5384     0.9338    79.1830 0.0000e+00
        478  78.613775    0.03311     1.9866    119.194     40.384  50802.840    31.6402     5.4148     40.000     5.4111    24.9671     6.6278     9.4718     92.530    288.789    295.999   -0.00053    7.16289   10.23648  312.10215   16.05625 5.4827e-02     0.5724     0.8801    80.2485 0.0000e+00
        482  78.613787    0.03337     2.0023    120.139     41.391  50812.720    31.6466     5.4151     41.000     5.4145    24.9721     6.6273     9.4711     92.528    288.765    295.977   -0.00049    7.16254   10.23598  312.08548   16.05542 5.0863e-02     0.5444     0.8904    80.0433 0.0000e+00
        485  78.613797    0.03363     2.0181    121.086     42.397  50816.450    31.6498     5.4210     42.000     5.4204    24.9740     6.6260     9.4693     92.525    288.708    295.918   -0.00044    7.16138   10.23433  312.03444   16.05298 4.7634e-02     0.5527     0.8540    80.7759 0.0000e+00
        490  78.613810    0.03394     2.0363    122.177     43.414  50827.454    31.6583     5.4274     43.000     5.4283    24.9800     6.6264     9.4699     92.550    288.725    295.937   -0.00026    7.15987   10.23217  311.96693   16.04974 4.4964e-02     0.5228     0.7966    81.9424 0.0000e+00
        494  78.613821    0.03422     2.0530    123.183     44.420  50819.698    31.6536     5.4329     44.000     5.4296    24.9756     6.6241     9.4663     92.525    288.620    295.828   -0.00033    7.15916   10.23116  311.93735   16.04834 4.3280e-02     0.5250     0.7755    82.3763 0.0000e+00
        498  78.613834    0.03451     2.0705    124.232     45.428  50813.508    31.6486     5.4319     45.000     5.4267    24.9718     6.6186     9.4587     92.444    288.385    295.587   -0.00079    7.15958   10.23176  311.95697   16.04930 4.2026e-02     0.5503     0.7733    82.4210 0.0000e+00
        502  78.613846    0.03482     2.0892    125.352     46.442  50826.923    31.6570     5.4298     46.000     5.4293    24.9786     6.6109     9.4477     92.337    288.048    295.244   -0.00126    7.15955   10.23171  311.95331   16.04909 4.0842e-02     0.5330     0.7834    82.2136 0.0000e+00
        507  78.613859    0.03512     2.1070    126.417     47.446  50828.593    31.6590     5.4362     47.000     5.4345    24.9795     6.6207     9.4617     92.490    288.476    295.682   -0.00025    7.15837   10.23003  311.90174   16.04663 3.9984e-02     0.5430     0.7692    82.5071 0.0000e+00
        512  78.613873    0.03546     2.1274    127.646     48.462  50826.969    31.6582     5.4404     48.000     5.4374    24.9784     6.6278     9.4717     92.596    288.782    295.995    0.00042    7.15767   10.22903  311.87158   16.04520 3.9217e-02     0.5546     0.7385    83.1421 0.0000e+00
        516  78.613886    0.03576     2.1456    128.737     49.468  50826.893    31.6579     5.4415     49.000     5.4378    24.9781     6.6239     9.4662     92.545    288.614    295.823    0.00005    7.15750   10.22879  311.86438   16.04485 3.8756e-02     0.5235     0.7201    83.5245 0.0000e+00
        520  78.613899    0.03606     2.1640    129.838     50.478  50829.518    31.6594     5.4423     50.000     5.4394    24.9792     6.6159     9.4547     92.435    288.263    295.464   -0.00065    7.15730   10.22849  311.85491   16.04440 3.8283e-02     0.5087     0.7117    83.7012 0.0000e+00
        525  78.613911    0.03638     2.1825    130.948     51.490  50832.184    31.6611     5.4443     51.000     5.4414    24.9803     6.6044     9.4384     92.281    287.766    294.954   -0.00147    7.15688   10.22789  311.83635   16.04351 3.7917e-02     0.5441     0.6965    84.0191 0.0000e+00
        529  78.613924    0.03666     2.1994    131.966     52.499  50832.007    31.6609     5.4462     52.000     5.4426    24.9800     6.6020     9.4349     92.251    287.659    294.846   -0.00139    7.15656   10.22744  311.82252   16.04285 3.7717e-02     0.5227     0.7026    83.8902 0.0000e+00
        533  78.613934    0.03692     2.2154    132.926     53.506  50826.198    31.6562     5.4454     53.000     5.4401    24.9764     6.6098     9.4460     92.355    288.000    295.193   -0.00053    7.15694   10.22798  311.83997   16.04370 3.7482e-02     0.5579     0.7082    83.7739 0.0000e+00
