CTD-processing/allCTD/CNV/2019_04-24_t9_s04_cast135_4141.cnv
* Sea-Bird SBE19plus Data File:
* FileName = C:\Users\kbnerr\Documents\SeaBird Files\04_29_2019_T9_S_cast135.hex
* Software Version 1.59
* Temperature SN =  4141
* Conductivity SN =  4141
* System UpLoad Time = Apr 29 2019 12:00:14
** Kachemak Bay - Transect 9
** 04_24_2019
** Station04
** N'
** W'
** Start Time
** Depth93
# nquan = 27
# nvalues = 90                          
# units = specified
# name 0 = scan: Scan Count
# name 1 = timeJ: Julian Days
# name 2 = timeH: Time, Elapsed [hours]
# name 3 = timeM: Time, Elapsed [minutes]
# name 4 = timeS: Time, Elapsed [seconds]
# name 5 = prdM: Pressure, Strain Gauge [db]
# name 6 = specc: Specific Conductance [uS/cm]
# name 7 = sal00: Salinity, Practical [PSU]
# name 8 = tv290C: Temperature [ITS-90, deg C]
# name 9 = depSM: Depth [salt water, m], lat = 59.00
# name 10 = potemp090C: Potential Temperature [ITS-90, deg C]
# name 11 = sigma-é00: Density [sigma-theta, kg/m^3]
# name 12 = sbeox0ML/L: Oxygen, SBE 43 [ml/l]
# name 13 = sbeox0Mg/L: Oxygen, SBE 43 [mg/l]
# name 14 = sbeox0PS: Oxygen, SBE 43 [% saturation]
# name 15 = sbox0Mm/Kg: Oxygen, SBE 43 [umol/kg]
# name 16 = sbeox0Mm/L: Oxygen, SBE 43 [umol/l]
# name 17 = sbox0dV/dT: Oxygen, SBE 43 [dov/dt]
# name 18 = oxsolML/L: Oxygen Saturation, Garcia & Gordon [ml/l]
# name 19 = oxsolMg/L: Oxygen Saturation, Garcia & Gordon [mg/l]
# name 20 = oxsolMm/Kg: Oxygen Saturation, Garcia & Gordon [umol/kg]
# name 21 = n2satMg/L: Nitrogen Saturation [mg/l]
# name 22 = par: PAR/Irradiance, Biospherical/Licor
# name 23 = wetStar: Fluorescence, WET Labs WETstar [mg/m^3]
# name 24 = CStarAt0: Beam Attenuation, WET Labs C-Star [1/m]
# name 25 = CStarTr0: Beam Transmission, WET Labs C-Star [%]
# name 26 = flag: flag
# span 0 =        119,        693       
# span 1 = 114.588513, 114.590174       
# span 2 =    0.00820,    0.04805       
# span 3 =     0.4922,     2.8829       
# span 4 =     29.531,    172.972       
# span 5 =      1.013,     90.872       
# span 6 =  50288.466,  50870.500       
# span 7 =    31.3988,    31.8351       
# span 8 =     5.8079,     6.2767       
# span 9 =      1.000,     90.000       
# span 10 =     5.8399,     6.2692      
# span 11 =    24.7216,    25.0197      
# span 12 =     6.2731,     7.0535      
# span 13 =     8.9648,    10.0802      
# span 14 =     88.267,     99.446      
# span 15 =    273.392,    307.402      
# span 16 =    280.156,    315.010      
# span 17 =   -0.00645,    0.00740      
# span 18 =    7.00982,    7.10735      
# span 19 =   10.01774,   10.15711      
# span 20 =  305.41724,  309.75051      
# span 21 =   15.73697,   15.94517      
# span 22 = 3.6159e-02, 2.0522e+02      
# span 23 =     0.6378,     2.5818      
# span 24 =     0.5936,     1.2181      
# span 25 =    73.7475,    86.2074      
# span 26 = 0.0000e+00, 0.0000e+00      
# interval = meters: 1                  
# start_time = Apr 24 2019 14:06:58 [Instrument's time stamp, header]
# bad_flag = -9.990e-29
*END*
[from data line 54]
        531 114.589706    0.03684     2.2103    132.615     55.526  50684.943    31.6905     6.1068     55.000     6.1084    24.9260     6.7347     9.6244     95.602    293.455    300.770   -0.00157    7.04449   10.06730  306.95608   15.81090 3.6170e-02     1.0720     1.0515    76.8840 0.0000e+00
        536 114.589720    0.03716     2.2299    133.795     56.537  50692.825    31.6983     6.1215     56.000     6.1216    24.9304     6.7122     9.5924     95.321    292.477    299.768   -0.00276    7.04170   10.06330  306.83304   15.80501 3.6170e-02     1.0124     1.0054    77.7766 0.0000e+00
        541 114.589733    0.03749     2.2492    134.949     57.547  50690.916    31.6981     6.1300     57.000     6.1273    24.9293     6.7021     9.5780     95.196    292.035    299.315   -0.00282    7.04030   10.06129  306.77208   15.80210 3.6170e-02     0.8200     0.9917    78.0427 0.0000e+00
        545 114.589746    0.03780     2.2679    136.076     58.556  50693.895    31.7006     6.1342     58.000     6.1307    24.9307     6.7046     9.5816     95.243    292.145    299.429   -0.00183    7.03949   10.06014  306.73652   15.80040 3.6170e-02     0.8540     0.9856    78.1616 0.0000e+00
        550 114.589759    0.03811     2.2865    137.192     59.563  50693.919    31.7004     6.1361     59.000     6.1321    24.9303     6.7048     9.5819     95.250    292.153    299.437   -0.00142    7.03919   10.05970  306.72354   15.79978 3.6170e-02     0.9183     0.9797    78.2766 0.0000e+00
        554 114.589773    0.03843     2.3062    138.371     60.577  50692.301    31.6992     6.1379     60.000     6.1331    24.9291     6.7089     9.5877     95.311    292.333    299.621   -0.00067    7.03896   10.05937  306.71359   15.79931 3.6170e-02     0.9942     0.9753    78.3631 0.0000e+00
        559 114.589786    0.03875     2.3252    139.515     61.583  50704.990    31.7080     6.1404     61.000     6.1387    24.9358     6.7126     9.5930     95.374    292.491    299.785   -0.00017    7.03812   10.05818  306.67545   15.79745 3.6170e-02     0.8415     0.9677    78.5122 0.0000e+00
        564 114.589799    0.03908     2.3447    140.682     62.598  50716.392    31.7170     6.1489     62.000     6.1490    24.9419     6.7176     9.6003     95.472    292.712    300.012    0.00024    7.03630   10.05558  306.59435   15.79355 3.6170e-02     0.9319     0.9439    78.9805 0.0000e+00
        568 114.589813    0.03939     2.3633    141.801     63.601  50733.469    31.7310     6.1622     63.000     6.1650    24.9513     6.7211     9.6050     95.559    292.856    300.162    0.00080    7.03346   10.05152  306.46773   15.78746 3.6170e-02     0.8780     0.9192    79.4698 0.0000e+00
        573 114.589827    0.03973     2.3838    143.030     64.616  50737.885    31.7370     6.1799     64.000     6.1788    24.9539     6.7134     9.5940     95.493    292.519    299.819    0.00012    7.03027   10.04696  306.32765   15.78076 3.6170e-02     0.9182     0.8711    80.4304 0.0000e+00
        578 114.589840    0.04005     2.4032    144.191     65.622  50740.197    31.7396     6.1879     65.000     6.1849    24.9550     6.7063     9.5840     95.412    292.212    299.504   -0.00046    7.02882   10.04489  306.26448   15.77774 3.6170e-02     0.9959     0.8570    80.7146 0.0000e+00
        583 114.589854    0.04040     2.4236    145.416     66.640  50741.228    31.7409     6.1930     66.000     6.1886    24.9554     6.7049     9.5820     95.404    292.151    299.442   -0.00047    7.02793   10.04361  306.22512   15.77586 3.6170e-02     0.9195     0.8458    80.9402 0.0000e+00
        587 114.589866    0.04066     2.4398    146.387     67.636  50741.423    31.7407     6.1945     67.000     6.1893    24.9552     6.7077     9.5859     95.447    292.271    299.564   -0.00015    7.02770   10.04329  306.21530   15.77539 3.6170e-02     0.8583     0.8600    80.6536 0.0000e+00
        592 114.589880    0.04102     2.4612    147.669     68.665  50744.213    31.7424     6.1953     68.000     6.1899    24.9563     6.7012     9.5767     95.358    291.990    299.277   -0.00064    7.02748   10.04297  306.20564   15.77493 3.6170e-02     1.0113     0.8310    81.2421 0.0000e+00
        595 114.589891    0.04127     2.4760    148.558     69.651  50745.887    31.7432     6.1957     69.000     6.1904    24.9569     6.6965     9.5700     95.291    291.785    299.067   -0.00090    7.02737   10.04282  306.20062   15.77468 3.6170e-02     0.9058     0.8495    80.8657 0.0000e+00
        600 114.589905    0.04162     2.4971    149.823     70.685  50747.672    31.7441     6.1967     70.000     6.1913    24.9575     6.6886     9.5586     95.181    291.438    298.712   -0.00139    7.02717   10.04253  306.19160   15.77426 3.6170e-02     0.8706     0.8326    81.2074 0.0000e+00
        604 114.589916    0.04189     2.5131    150.783     71.678  50748.751    31.7445     6.1973     71.000     6.1917    24.9578     6.6902     9.5611     95.207    291.511    298.786   -0.00099    7.02705   10.04236  306.18643   15.77400 3.6170e-02     0.7233     0.8541    80.7732 0.0000e+00
        609 114.589930    0.04220     2.5321    151.928     72.693  50749.164    31.7444     6.1980     72.000     6.1922    24.9577     6.6901     9.5608     95.206    291.503    298.779   -0.00076    7.02695   10.04222  306.18216   15.77380 3.6170e-02     0.8681     0.8484    80.8889 0.0000e+00
        613 114.589942    0.04251     2.5505    153.029     73.699  50750.349    31.7448     6.1982     73.000     6.1925    24.9579     6.6880     9.5579     95.177    291.414    298.687   -0.00076    7.02688   10.04212  306.17918   15.77365 3.6170e-02     0.9999     0.8484    80.8875 0.0000e+00
        618 114.589956    0.04283     2.5695    154.170     74.711  50751.872    31.7455     6.1990     74.000     6.1933    24.9584     6.6950     9.5679     95.279    291.720    299.001   -0.00013    7.02672   10.04189  306.17188   15.77331 3.6170e-02     0.8200     0.8352    81.1573 0.0000e+00
        622 114.589969    0.04314     2.5886    155.318     75.717  50760.497    31.7513     6.2002     75.000     6.1992    24.9628     6.6963     9.5696     95.304    291.774    299.057    0.00003    7.02626   10.04123  306.15028   15.77226 3.6170e-02     0.8232     0.8345    81.1688 0.0000e+00
        627 114.589983    0.04348     2.6088    156.530     76.735  50789.471    31.7751     6.2223     76.000     6.2283    24.9789     6.6945     9.5671     95.342    291.690    298.976    0.00017    7.02153   10.03447  305.93939   15.76211 3.6170e-02     0.8514     0.7503    82.8996 0.0000e+00
        632 114.589996    0.04379     2.6274    157.647     77.744  50780.403    31.7728     6.2451     77.000     6.2448    24.9743     6.6963     9.5696     95.417    291.769    299.055    0.00041    7.01788   10.02925  305.78167   15.75460 3.6170e-02     0.8310     0.6725    84.5258 0.0000e+00
        636 114.590009    0.04412     2.6469    158.813     78.752  50786.468    31.7790     6.2584     78.000     6.2563    24.9776     6.7424     9.6355     96.108    293.777    301.115    0.00392    7.01542   10.02574  305.67364   15.74942 3.6170e-02     0.9683     0.6201    85.6410 0.0000e+00
        641 114.590023    0.04443     2.6663    159.975     79.757  50786.578    31.7800     6.2660     79.000     6.2602    24.9775     6.7931     9.7080     96.849    295.988    303.381    0.00713    7.01412   10.02388  305.61723   15.74673 3.6170e-02     1.1066     0.6024    86.0201 0.0000e+00
        645 114.590036    0.04474     2.6845    161.071     80.768  50787.284    31.7803     6.2672     80.000     6.2604    24.9776     6.8199     9.7463     97.234    297.154    304.576    0.00740    7.01391   10.02358  305.60787   15.74628 3.6170e-02     1.2234     0.5959    86.1591 0.0000e+00
        650 114.590050    0.04509     2.7052    162.315     81.786  50791.669    31.7828     6.2665     81.000     6.2588    24.9796     6.8238     9.7518     97.289    297.322    304.749    0.00548    7.01391   10.02358  305.60728   15.74624 3.6170e-02     1.1990     0.5936    86.2074 0.0000e+00
        654 114.590062    0.04537     2.7222    163.333     82.791  50812.340    31.7964     6.2655     82.000     6.2598    24.9905     6.8109     9.7334     97.111    296.757    304.173    0.00307    7.01345   10.02293  305.58411   15.74508 3.6170e-02     1.1187     0.6345    85.3326 0.0000e+00
        659 114.590076    0.04571     2.7425    164.549     83.803  50823.779    31.8043     6.2680     83.000     6.2617    24.9964     6.7855     9.6971     96.760    295.648    303.039    0.00014    7.01267   10.02180  305.54811   15.74334 3.6170e-02     1.2900     0.6689    84.6019 0.0000e+00
        664 114.590089    0.04602     2.7613    165.680     84.811  50830.505    31.8087     6.2692     84.000     6.2628    24.9998     6.7532     9.6510     96.306    294.242    301.598   -0.00251    7.01227   10.02123  305.52974   15.74244 3.6170e-02     1.1507     0.7389    83.1359 0.0000e+00
        668 114.590102    0.04634     2.7801    166.808     85.819  50837.727    31.8135     6.2706     85.000     6.2640    25.0034     6.7190     9.6021     95.823    292.750    300.070   -0.00470    7.01182   10.02060  305.50921   15.74145 3.6170e-02     1.0138     0.7759    82.3675 0.0000e+00
        673 114.590116    0.04666     2.7996    167.978     86.824  50852.635    31.8237     6.2720     86.000     6.2660    25.0112     6.6951     9.5680     95.493    291.707    299.004   -0.00529    7.01111   10.01959  305.47602   15.73982 3.6170e-02     0.9431     0.8271    81.3204 0.0000e+00
        678 114.590129    0.04698     2.8191    169.148     87.840  50860.119    31.8288     6.2746     87.000     6.2679    25.0150     6.6659     9.5262     95.086    290.434    297.700   -0.00613    7.01046   10.01864  305.44611   15.73838 3.6170e-02     0.8239     0.8370    81.1200 0.0000e+00
        682 114.590143    0.04732     2.8392    170.355     88.849  50867.115    31.8335     6.2758     88.000     6.2688    25.0185     6.6441     9.4951     94.780    289.484    296.726   -0.00620    7.01004   10.01805  305.42719   15.73745 3.6170e-02     1.0664     0.8447    80.9639 0.0000e+00
        687 114.590157    0.04766     2.8597    171.581     89.856  50869.019    31.8344     6.2764     89.000     6.2691    25.0192     6.6183     9.4581     94.413    288.357    295.572   -0.00645    7.00989   10.01784  305.42041   15.73713 3.6170e-02     0.9842     0.9321    79.2176 0.0000e+00
        693 114.590174    0.04805     2.8829    172.972     90.872  50870.500    31.8351     6.2767     90.000     6.2692    25.0197     6.6046     9.4387     94.220    287.765    294.963   -0.00558    7.00982   10.01774  305.41724   15.73697 3.6170e-02     0.6378     1.0115    77.6522 0.0000e+00
