CTD-processing/allCTD/CNV/2019_05-14_t04_s02_cast186_4141.cnv
* Sea-Bird SBE19plus Data File:
* FileName = C:\Users\jwschloemer\Documents\CTD Data\2019_05-14_AlongBay_T4_T9_T3\2019_15-14_T04_S10_Cast186.hex
* Software Version 1.59
* Temperature SN =  4141
* Conductivity SN =  4141
* System UpLoad Time = May 15 2019 09:40:41
** Date:2019_05_14
** Station:02
** Start Time (AKST):11:06
** Depth (m):105
** Comment:
# nquan = 27
# nvalues = 101                         
# units = specified
# name 0 = scan: Scan Count
# name 1 = timeJ: Julian Days
# name 2 = timeH: Time, Elapsed [hours]
# name 3 = timeM: Time, Elapsed [minutes]
# name 4 = timeS: Time, Elapsed [seconds]
# name 5 = prdM: Pressure, Strain Gauge [db]
# name 6 = specc: Specific Conductance [uS/cm]
# name 7 = sal00: Salinity, Practical [PSU]
# name 8 = tv290C: Temperature [ITS-90, deg C]
# name 9 = depSM: Depth [salt water, m], lat = 59.00
# name 10 = potemp090C: Potential Temperature [ITS-90, deg C]
# name 11 = sigma-é00: Density [sigma-theta, kg/m^3]
# name 12 = sbeox0ML/L: Oxygen, SBE 43 [ml/l]
# name 13 = sbeox0Mg/L: Oxygen, SBE 43 [mg/l]
# name 14 = sbeox0PS: Oxygen, SBE 43 [% saturation]
# name 15 = sbox0Mm/Kg: Oxygen, SBE 43 [umol/kg]
# name 16 = sbeox0Mm/L: Oxygen, SBE 43 [umol/l]
# name 17 = sbox0dV/dT: Oxygen, SBE 43 [dov/dt]
# name 18 = oxsolML/L: Oxygen Saturation, Garcia & Gordon [ml/l]
# name 19 = oxsolMg/L: Oxygen Saturation, Garcia & Gordon [mg/l]
# name 20 = oxsolMm/Kg: Oxygen Saturation, Garcia & Gordon [umol/kg]
# name 21 = n2satMg/L: Nitrogen Saturation [mg/l]
# name 22 = par: PAR/Irradiance, Biospherical/Licor
# name 23 = wetStar: Fluorescence, WET Labs WETstar [mg/m^3]
# name 24 = CStarAt0: Beam Attenuation, WET Labs C-Star [1/m]
# name 25 = CStarTr0: Beam Transmission, WET Labs C-Star [%]
# name 26 = flag: flag
# span 0 =        289,        762       
# span 1 = 134.463761, 134.465129       
# span 2 =    0.01998,    0.05282       
# span 3 =     1.1988,     3.1689       
# span 4 =     71.929,    190.136       
# span 5 =      1.023,    101.973       
# span 6 =  50472.446,  50968.716       
# span 7 =    31.7033,    31.9148       
# span 8 =     6.3624,     6.8274       
# span 9 =      1.000,    101.000       
# span 10 =     6.3534,     6.8025      
# span 11 =    24.8452,    25.0720      
# span 12 =     6.5679,     6.9577      
# span 13 =     9.3862,     9.9433      
# span 14 =     93.933,    100.449      
# span 15 =    286.148,    303.198      
# span 16 =    293.322,    310.732      
# span 17 =   -0.00709,    0.00383      
# span 18 =    6.92665,    6.99214      
# span 19 =    9.89887,    9.99247      
# span 20 =  301.84456,  304.63133      
# span 21 =   15.56716,   15.69919      
# span 22 = 4.0219e-02, 1.6430e+02      
# span 23 =     0.3797,     2.2143      
# span 24 =     0.3111,     1.4476      
# span 25 =    69.6342,    92.5186      
# span 26 = 0.0000e+00, 0.0000e+00      
# interval = meters: 1                  
# start_time = May 14 2019 11:06:37 [Instrument's time stamp, header]
# bad_flag = -9.990e-29
*END*
        289 134.463761    0.01998     1.1988     71.929      1.023  50472.446    31.7033     6.8274      1.000     6.8025    24.8452     6.9577     9.9433    100.449    303.198    310.732    0.00383    6.92665    9.89887  301.84456   15.56716 7.0737e+01     0.5758     0.3830    90.8691 0.0000e+00
        294 134.463776    0.02036     1.2215     73.287      2.026  50517.212    31.7227     6.7652      2.000     6.7493    24.8687     6.9459     9.9265    100.147    302.679    310.207    0.00068    6.93573    9.91184  302.23345   15.58563 5.9322e+01     0.5574     0.3986    90.5158 0.0000e+00
        298 134.463788    0.02064     1.2382     74.290      3.021  50545.435    31.7368     6.7374      3.000     6.7242    24.8834     6.9367     9.9133     99.959    302.272    309.794   -0.00077    6.93956    9.91732  302.39594   15.59332 5.3628e+01     0.5915     0.4098    90.2612 0.0000e+00
        304 134.463804    0.02101     1.2604     75.626      4.043  50576.680    31.7539     6.7143      4.000     6.7106    24.8997     6.9399     9.9177     99.962    302.403    309.933   -0.00064    6.94249    9.92152  302.51903   15.59912 5.5724e+01     0.6683     0.4180    90.0773 0.0000e+00
        308 134.463816    0.02132     1.2789     76.733      5.044  50587.811    31.7593     6.7040      5.000     6.6960    24.9053     6.9336     9.9087     99.851    302.128    309.652   -0.00117    6.94391    9.92354  302.57898   15.60196 6.9864e+01     0.7424     0.4243    89.9349 0.0000e+00
        313 134.463830    0.02165     1.2991     77.945      6.054  50610.627    31.7715     6.6864      6.000     6.6796    24.9172     6.9284     9.9014     99.745    301.902    309.424   -0.00157    6.94618    9.92678  302.67444   15.60646 9.9666e+01     0.7870     0.4189    90.0586 0.0000e+00
        318 134.463845    0.02201     1.3207     79.239      7.071  50628.192    31.7809     6.6739      7.000     6.6719    24.9262     6.9126     9.8788     99.494    301.208    308.716   -0.00255    6.94776    9.92903  302.74055   15.60957 1.6430e+02     1.0007     0.4165    90.1116 0.0000e+00
        322 134.463858    0.02231     1.3388     80.326      8.071  50631.999    31.7826     6.6714      8.000     6.6687    24.9279     6.9017     9.8631     99.331    300.731    308.228   -0.00296    6.94808    9.92951  302.75437   15.61023 1.4408e+02     0.9768     0.4318    89.7675 0.0000e+00
        327 134.463873    0.02267     1.3600     81.597      9.091  50636.016    31.7842     6.6676      9.000     6.6660    24.9297     6.8950     9.8537     99.228    300.440    307.930   -0.00273    6.94862    9.93028  302.77733   15.61132 1.1853e+02     0.9953     0.4309    89.7880 0.0000e+00
        332 134.463886    0.02298     1.3789     82.732     10.090  50641.007    31.7869     6.6655     10.000     6.6640    24.9320     6.8980     9.8580     99.269    300.573    308.066   -0.00178    6.94885    9.93059  302.78626   15.61173 1.1348e+02     1.1618     0.4200    90.0332 0.0000e+00
        337 134.463900    0.02333     1.3999     83.991     11.116  50642.439    31.7871     6.6638     11.000     6.6613    24.9324     6.8952     9.8540     99.225    300.451    307.942   -0.00154    6.94910    9.93096  302.79749   15.61227 9.9217e+01     1.4360     0.4159    90.1265 0.0000e+00
        341 134.463911    0.02360     1.4159     84.952     12.104  50651.445    31.7926     6.6622     12.000     6.6617    24.9370     6.8901     9.8467     99.151    300.226    307.713   -0.00167    6.94911    9.93097  302.79629   15.61219 8.7598e+01     1.4117     0.4144    90.1574 0.0000e+00
        346 134.463928    0.02398     1.4387     86.322     13.139  50647.305    31.7894     6.6633     13.000     6.6587    24.9344     6.8863     9.8413     99.097    300.062    307.545   -0.00150    6.94908    9.93093  302.79598   15.61219 7.3990e+01     1.8781     0.4035    90.4064 0.0000e+00
        350 134.463938    0.02423     1.4537     87.225     14.128  50651.740    31.7904     6.6550     14.000     6.6516    24.9363     6.8838     9.8376     99.042    299.951    307.430   -0.00154    6.95037    9.93278  302.85175   15.61484 6.4548e+01     1.9277     0.4038    90.3970 0.0000e+00
        355 134.463951    0.02455     1.4732     88.392     15.142  50659.085    31.7948     6.6529     15.000     6.6518    24.9399     6.8783     9.8297     98.961    299.708    307.184   -0.00163    6.95051    9.93297  302.85659   15.61506 5.7611e+01     1.9138     0.3992    90.5018 0.0000e+00
        359 134.463964    0.02486     1.4919     89.513     16.155  50663.783    31.7976     6.6536     16.000     6.6529    24.9421     6.8656     9.8116     98.782    299.155    306.616   -0.00231    6.95026    9.93262  302.84524   15.61450 4.8317e+01     1.7596     0.3926    90.6515 0.0000e+00
        363 134.463976    0.02514     1.5084     90.501     17.156  50668.146    31.8006     6.6557     17.000     6.6563    24.9442     6.8674     9.8143     98.816    299.237    306.700   -0.00172    6.94978    9.93193  302.82356   15.61346 4.3250e+01     1.9835     0.3949    90.5988 0.0000e+00
        368 134.463990    0.02548     1.5288     91.726     18.175  50670.776    31.8031     6.6620     18.000     6.6628    24.9454     6.8726     9.8216     98.905    299.459    306.929   -0.00069    6.94867    9.93035  302.77487   15.61112 3.8095e+01     2.0861     0.3966    90.5610 0.0000e+00
        372 134.464002    0.02577     1.5465     92.791     19.185  50669.870    31.8028     6.6660     19.000     6.6660    24.9446     6.8706     9.8188     98.886    299.374    306.841   -0.00056    6.94803    9.92943  302.74710   15.60980 3.2721e+01     2.1380     0.3881    90.7548 0.0000e+00
        376 134.464014    0.02606     1.5635     93.811     20.183  50665.853    31.7994     6.6655     20.000     6.6602    24.9420     6.8705     9.8185     98.880    299.367    306.834   -0.00063    6.94826    9.92977  302.75813   15.61035 2.9109e+01     2.2143     0.3902    90.7050 0.0000e+00
        381 134.464029    0.02642     1.5851     95.106     21.212  50674.261    31.8029     6.6554     21.000     6.6510    24.9461     6.8771     9.8281     98.955    299.657    307.133   -0.00008    6.94973    9.93186  302.82076   15.61331 2.5749e+01     2.0128     0.3783    90.9749 0.0000e+00
        385 134.464039    0.02667     1.6000     96.001     22.201  50676.319    31.8030     6.6506     22.000     6.6462    24.9467     6.8723     9.8211     98.874    299.445    306.915   -0.00051    6.95050    9.93296  302.85431   15.61491 2.2327e+01     2.0379     0.3722    91.1145 0.0000e+00
        390 134.464054    0.02701     1.6206     97.234     23.223  50680.198    31.8040     6.6444     23.000     6.6387    24.9484     6.8591     9.8024     98.672    298.872    306.329   -0.00161    6.95146    9.93433  302.89531   15.61686 1.9972e+01     1.8841     0.3653    91.2710 0.0000e+00
        394 134.464066    0.02730     1.6383     98.301     24.224  50680.626    31.8020     6.6342     24.000     6.6259    24.9481     6.8455     9.7829     98.451    298.278    305.719   -0.00254    6.95320    9.93682  302.97140   15.62050 1.7709e+01     1.9219     0.3560    91.4842 0.0000e+00
        399 134.464080    0.02763     1.6577     99.459     25.239  50692.162    31.8074     6.6227     25.000     6.6182    24.9538     6.8299     9.7606     98.203    297.595    305.021   -0.00341    6.95480    9.93911  303.03947   15.62372 1.5305e+01     1.9006     0.3435    91.7700 0.0000e+00
        403 134.464092    0.02794     1.6759    100.555     26.246  50695.124    31.8081     6.6177     26.000     6.6131    24.9550     6.8250     9.7536     98.122    297.381    304.802   -0.00298    6.95559    9.94023  303.07330   15.62534 1.3470e+01     1.7045     0.3465    91.7019 0.0000e+00
        408 134.464105    0.02825     1.6949    101.695     27.257  50700.348    31.8104     6.6130     27.000     6.6089    24.9574     6.8128     9.7362     97.937    296.852    304.260   -0.00331    6.95624    9.94116  303.10111   15.62665 1.1983e+01     1.7526     0.3458    91.7188 0.0000e+00
        412 134.464118    0.02856     1.7139    102.835     28.267  50703.495    31.8112     6.6082     28.000     6.6027    24.9587     6.8088     9.7304     97.869    296.675    304.079   -0.00288    6.95698    9.94222  303.13302   15.62817 1.0301e+01     1.6042     0.3427    91.7891 0.0000e+00
        417 134.464132    0.02889     1.7332    103.990     29.275  50711.359    31.8151     6.6024     29.000     6.5986    24.9626     6.8045     9.7243     97.797    296.487    303.889   -0.00248    6.95773    9.94329  303.16448   15.62965 9.1920e+00     1.4977     0.3373    91.9130 0.0000e+00
        422 134.464146    0.02922     1.7529    105.177     30.286  50713.613    31.8156     6.5993     30.000     6.5955    24.9634     6.7952     9.7110     97.656    296.080    303.472   -0.00263    6.95822    9.94399  303.18551   15.63065 8.0751e+00     1.2929     0.3391    91.8716 0.0000e+00
        426 134.464159    0.02954     1.7726    106.353     31.293  50716.329    31.8167     6.5979     31.000     6.5953    24.9644     6.7892     9.7024     97.569    295.821    303.206   -0.00251    6.95837    9.94421  303.19197   15.63096 7.1207e+00     1.4341     0.3432    91.7767 0.0000e+00
        432 134.464174    0.02990     1.7942    107.655     32.307  50717.141    31.8168     6.5977     32.000     6.5946    24.9645     6.7803     9.6896     97.440    295.430    302.806   -0.00251    6.95841    9.94427  303.19361   15.63103 6.2513e+00     1.4867     0.3331    92.0088 0.0000e+00
        436 134.464187    0.03022     1.8131    108.783     33.311  50720.030    31.8183     6.5973     33.000     6.5944    24.9657     6.7881     9.7008     97.552    295.772    303.156   -0.00129    6.95841    9.94426  303.19290   15.63100 5.5041e+00     1.4679     0.3369    91.9224 0.0000e+00
        441 134.464202    0.03057     1.8345    110.067     34.325  50721.093    31.8184     6.5965     34.000     6.5926    24.9660     6.7969     9.7135     97.678    296.158    303.552   -0.00016    6.95853    9.94444  303.19832   15.63125 4.8564e+00     1.5019     0.3389    91.8769 0.0000e+00
        446 134.464216    0.03090     1.8543    111.259     35.336  50723.514    31.8192     6.5941     35.000     6.5903    24.9668     6.7902     9.7039     97.576    295.864    303.251   -0.00074    6.95889    9.94496  303.21396   15.63199 4.2664e+00     1.4612     0.3380    91.8976 0.0000e+00
        451 134.464229    0.03122     1.8731    112.386     36.338  50725.183    31.8196     6.5927     36.000     6.5889    24.9674     6.7773     9.6854     97.387    295.299    302.671   -0.00168    6.95910    9.94525  303.22261   15.63240 3.7778e+00     1.3829     0.3333    92.0039 0.0000e+00
        456 134.464245    0.03160     1.8956    113.735     37.365  50727.381    31.8203     6.5909     37.000     6.5873    24.9682     6.7738     9.6805     97.335    295.151    302.520   -0.00163    6.95935    9.94561  303.23346   15.63293 3.3068e+00     1.3214     0.3327    92.0201 0.0000e+00
        460 134.464255    0.03185     1.9109    114.653     38.352  50729.054    31.8208     6.5898     38.000     6.5855    24.9687     6.7814     9.6913     97.440    295.477    302.855   -0.00064    6.95951    9.94583  303.24010   15.63323 2.9217e+00     1.2735     0.3391    91.8721 0.0000e+00
        465 134.464271    0.03221     1.9327    115.962     39.377  50732.679    31.8224     6.5875     39.000     6.5838    24.9703     6.7806     9.6902     97.427    295.448    302.825   -0.00058    6.95980    9.94624  303.25219   15.63381 2.5948e+00     1.2249     0.3367    91.9277 0.0000e+00
        469 134.464283    0.03251     1.9508    117.048     40.380  50734.758    31.8233     6.5870     40.000     6.5832    24.9711     6.7738     9.6805     97.328    295.150    302.520   -0.00090    6.95985    9.94632  303.25424   15.63390 2.2786e+00     1.2474     0.3346    91.9743 0.0000e+00
        474 134.464296    0.03283     1.9697    118.183     41.391  50736.533    31.8238     6.5861     41.000     6.5820    24.9716     6.7583     9.6584     97.104    294.475    301.829   -0.00225    6.95997    9.94649  303.25934   15.63414 2.0281e+00     1.2125     0.3355    91.9548 0.0000e+00
        478 134.464309    0.03315     1.9889    119.333     42.401  50739.570    31.8253     6.5849     42.000     6.5808    24.9729     6.7838     9.6947     97.467    295.582    302.964    0.00061    6.96010    9.94669  303.26472   15.63439 1.7868e+00     1.2882     0.3362    91.9388 0.0000e+00
        483 134.464322    0.03345     2.0072    120.433     43.409  50741.747    31.8261     6.5839     43.000     6.5798    24.9737     6.7650     9.6680     97.196    294.767    302.128   -0.00121    6.96022    9.94686  303.26995   15.63464 1.5906e+00     1.1387     0.3313    92.0523 0.0000e+00
        487 134.464336    0.03378     2.0269    121.616     44.419  50743.715    31.8269     6.5829     44.000     6.5787    24.9744     6.7740     9.6807     97.322    295.155    302.527   -0.00030    6.96035    9.94704  303.27519   15.63489 1.4111e+00     1.2530     0.3267    92.1562 0.0000e+00
        492 134.464350    0.03413     2.0476    122.858     45.432  50745.517    31.8275     6.5820     45.000     6.5778    24.9750     6.7613     9.6626     97.139    294.602    301.960   -0.00103    6.96047    9.94721  303.28018   15.63512 1.2523e+00     1.2408     0.3243    92.2130 0.0000e+00
        497 134.464363    0.03443     2.0660    123.960     46.438  50746.689    31.8275     6.5804     46.000     6.5737    24.9753     6.7683     9.6726     97.236    294.908    302.274   -0.00058    6.96072    9.94756  303.29082   15.63563 1.1130e+00     1.1575     0.3236    92.2295 0.0000e+00
        502 134.464377    0.03476     2.0858    125.146     47.450  50756.058    31.8317     6.5705     47.000     6.5625    24.9798     6.7688     9.6733     97.223    294.928    302.295   -0.00055    6.96214    9.94960  303.35153   15.63851 9.8948e-01     1.0771     0.3298    92.0860 0.0000e+00
        506 134.464390    0.03508     2.1047    126.282     48.460  50765.646    31.8367     6.5644     48.000     6.5599    24.9846     6.7607     9.6616     97.096    294.571    301.930   -0.00104    6.96288    9.95065  303.38238   15.63996 8.7648e-01     1.1194     0.3294    92.0950 0.0000e+00
        511 134.464403    0.03539     2.1231    127.383     49.468  50765.026    31.8355     6.5627     49.000     6.5555    24.9839     6.7624     9.6642     97.116    294.647    302.008   -0.00087    6.96321    9.95113  303.39714   15.64066 7.8118e-01     1.2201     0.3331    92.0093 0.0000e+00
        515 134.464416    0.03570     2.1425    128.548     50.475  50771.542    31.8380     6.5542     50.000     6.5458    24.9869     6.7681     9.6723     97.181    294.896    302.265   -0.00020    6.96448    9.95294  303.45145   15.64324 6.9401e-01     1.0891     0.3367    91.9264 0.0000e+00
        520 134.464430    0.03604     2.1624    129.744     51.490  50781.206    31.8424     6.5445     51.000     6.5368    24.9916     6.7592     9.6595     97.033    294.504    301.865   -0.00114    6.96584    9.95489  303.50949   15.64600 6.1691e-01     0.9446     0.3438    91.7645 0.0000e+00
        525 134.464443    0.03637     2.1819    130.914     52.496  50788.489    31.8460     6.5391     52.000     6.5339    24.9952     6.7654     9.6683     97.112    294.772    302.140   -0.00051    6.96656    9.95590  303.53943   15.64741 5.4897e-01     0.9758     0.3434    91.7731 0.0000e+00
        530 134.464458    0.03671     2.2026    132.159     53.509  50790.410    31.8465     6.5373     53.000     6.5323    24.9958     6.7710     9.6764     97.189    295.018    302.393    0.00012    6.96684    9.95631  303.55147   15.64798 4.8788e-01     1.0117     0.3434    91.7740 0.0000e+00
