CTD-processing/allCTD/CNV/2019_07-25_t3_s13_cast039_4141.cnv
* Sea-Bird SBE19plus Data File:
* FileName = C:\Users\jwschloemer\Documents\CTD Data\2019_07-25_T3\2019_07-25_T3_1_Cast039.hex
* Software Version 1.59
* Temperature SN =  4141
* Conductivity SN =  4141
* System UpLoad Time = Aug 02 2019 13:49:38
** Cook Inlet LTM Transect 3
** Date: 2019_07-25
** Station:3-13
** Start Time (AKST):13:34
** Depth (m):32.9
** Comment:
** Comment:
# nquan = 27
# nvalues = 32                          
# units = specified
# name 0 = scan: Scan Count
# name 1 = timeJ: Julian Days
# name 2 = timeH: Time, Elapsed [hours]
# name 3 = timeM: Time, Elapsed [minutes]
# name 4 = timeS: Time, Elapsed [seconds]
# name 5 = prdM: Pressure, Strain Gauge [db]
# name 6 = specc: Specific Conductance [uS/cm]
# name 7 = sal00: Salinity, Practical [PSU]
# name 8 = tv290C: Temperature [ITS-90, deg C]
# name 9 = depSM: Depth [salt water, m], lat = 59.00
# name 10 = potemp090C: Potential Temperature [ITS-90, deg C]
# name 11 = sigma-é00: Density [sigma-theta, kg/m^3]
# name 12 = sbeox0ML/L: Oxygen, SBE 43 [ml/l]
# name 13 = sbeox0Mg/L: Oxygen, SBE 43 [mg/l]
# name 14 = sbeox0PS: Oxygen, SBE 43 [% saturation]
# name 15 = sbox0Mm/Kg: Oxygen, SBE 43 [umol/kg]
# name 16 = sbeox0Mm/L: Oxygen, SBE 43 [umol/l]
# name 17 = sbox0dV/dT: Oxygen, SBE 43 [dov/dt]
# name 18 = oxsolML/L: Oxygen Saturation, Garcia & Gordon [ml/l]
# name 19 = oxsolMg/L: Oxygen Saturation, Garcia & Gordon [mg/l]
# name 20 = oxsolMm/Kg: Oxygen Saturation, Garcia & Gordon [umol/kg]
# name 21 = n2satMg/L: Nitrogen Saturation [mg/l]
# name 22 = par: PAR/Irradiance, Biospherical/Licor
# name 23 = wetStar: Fluorescence, WET Labs WETstar [mg/m^3]
# name 24 = CStarAt0: Beam Attenuation, WET Labs C-Star [1/m]
# name 25 = CStarTr0: Beam Transmission, WET Labs C-Star [%]
# name 26 = flag: flag
# span 0 =        246,        407       
# span 1 = 206.565777, 206.566245       
# span 2 =    0.01698,    0.02822       
# span 3 =     1.0188,     1.6934       
# span 4 =     61.128,    101.602       
# span 5 =      1.023,     32.300       
# span 6 =  48310.817,  48861.115       
# span 7 =    30.8476,    31.1790       
# span 8 =    11.1715,    11.7379       
# span 9 =      1.000,     32.000       
# span 10 =    11.1675,    11.7363      
# span 11 =    23.4372,    23.7725      
# span 12 =     4.8552,     6.7660      
# span 13 =     6.9385,     9.6693      
# span 14 =     77.765,    108.020      
# span 15 =    211.859,    295.250      
# span 16 =    216.833,    302.169      
# span 17 =   -0.00478,    0.16875      
# span 18 =    6.24345,    6.30923      
# span 19 =    8.92252,    9.01652      
# span 20 =  272.43711,  275.22740      
# span 21 =   14.16453,   14.29723      
# span 22 = 6.4399e+00, 2.1695e+03      
# span 23 =     0.3470,     1.3872      
# span 24 =     0.3806,     0.4312      
# span 25 =    89.7854,    90.9237      
# span 26 = 0.0000e+00, 0.0000e+00      
# interval = meters: 1                  
# start_time = Jul 25 2019 13:33:42 [Instrument's time stamp, header]
# bad_flag = -9.990e-29
*END*
        246 206.565777    0.01698     1.0188     61.128      1.023  48401.687    30.9263    11.7379      1.000    11.7363    23.4748     4.8552     6.9385     77.765    211.859    216.833    0.01871    6.24345    8.92252  272.43711   14.16453 2.1695e+03     0.4148     0.3813    90.9065 0.0000e+00
        250 206.565791    0.01732     1.0393     62.355      2.017  48382.611    30.9112    11.7260      2.000    11.7055    23.4653     6.1284     8.7581     98.123    267.420    273.695    0.14113    6.24562    8.92561  272.53430   14.16924 9.2770e+02     0.3928     0.4003    90.4779 0.0000e+00
        255 206.565806    0.01767     1.0603     63.620      3.028  48310.817    30.8476    11.6082      3.000    11.5325    23.4372     6.7660     9.6693    108.020    295.250    302.169    0.16875    6.26382    8.95162  273.33566   14.20791 5.8220e+02     0.3470     0.3911    90.6850 0.0000e+00
        260 206.565820    0.01801     1.0808     64.847      4.039  48440.738    30.9258    11.4792      4.000    11.4603    23.5209     6.5692     9.3881    104.640    286.639    293.381    0.08517    6.27793    8.97179  273.92916   14.23604 4.8877e+02     0.3745     0.4001    90.4810 0.0000e+00
        265 206.565834    0.01836     1.1016     66.097      5.046  48484.783    30.9524    11.4396      5.000    11.4263    23.5486     6.4620     9.2349    102.863    281.956    288.595    0.04340    6.28218    8.97786  274.10720   14.24446 4.1582e+02     0.4133     0.4014    90.4538 0.0000e+00
        271 206.565850    0.01872     1.1230     67.382      6.057  48520.546    30.9742    11.4101      6.000    11.3975    23.5708     6.4058     9.1546    101.918    279.496    286.084    0.02039    6.28527    8.98227  274.23612   14.25055 3.2335e+02     0.4821     0.4075    90.3155 0.0000e+00
        276 206.565864    0.01908     1.1445     68.669      7.066  48564.706    31.0015    11.3767      7.000    11.3618    23.5980     6.3724     9.1068    101.331    278.030    284.590    0.00895    6.28867    8.98714  274.37739   14.25721 2.8726e+02     0.4981     0.4163    90.1159 0.0000e+00
        281 206.565879    0.01943     1.1657     69.943      8.076  48616.279    31.0340    11.3422      8.000    11.3299    23.6293     6.3479     9.0718    100.888    276.953    283.497    0.00263    6.29202    8.99191  274.51478   14.26366 2.2196e+02     0.5232     0.4131    90.1875 0.0000e+00
        286 206.565894    0.01979     1.1872     71.232      9.084  48660.453    31.0621    11.3172      9.000    11.3096    23.6556     6.3277     9.0428    100.531    276.063    282.593   -0.00088    6.29425    8.99510  274.60496   14.26787 1.6436e+02     0.6425     0.4081    90.2995 0.0000e+00
        291 206.565909    0.02016     1.2093     72.558     10.095  48705.567    31.0923    11.3038     10.000    11.2991    23.6814     6.3110     9.0190    100.256    275.329    281.849   -0.00258    6.29486    8.99597  274.62467   14.26869 1.5269e+02     0.7667     0.4212    90.0075 0.0000e+00
        296 206.565924    0.02052     1.2308     73.849     11.106  48733.649    31.1106    11.2931     11.000    11.2858    23.6975     6.2998     9.0030    100.067    274.834    281.348   -0.00287    6.29556    8.99698  274.65122   14.26989 1.2991e+02     0.9442     0.4087    90.2877 0.0000e+00
        301 206.565938    0.02086     1.2516     75.099     12.113  48750.930    31.1205    11.2753     12.000    11.2667    23.7084     6.2837     8.9801     99.781    274.132    280.631   -0.00402    6.29756    8.99985  274.73556   14.27390 1.0882e+02     1.1057     0.4095    90.2696 0.0000e+00
        306 206.565953    0.02119     1.2716     76.297     13.121  48759.326    31.1243    11.2596     13.000    11.2526    23.7142     6.2683     8.9581     99.504    273.458    279.943   -0.00446    6.29953    9.00266  274.82004   14.27793 9.1003e+01     0.9101     0.4040    90.3948 0.0000e+00
        312 206.565968    0.02157     1.2940     77.643     14.137  48763.289    31.1252    11.2457     14.000    11.2371    23.7173     6.2527     8.9358     99.228    272.778    279.248   -0.00478    6.30137    9.00529  274.89931   14.28172 8.1978e+01     1.0968     0.4009    90.4605 0.0000e+00
        316 206.565981    0.02188     1.3129     78.774     15.139  48774.309    31.1309    11.2300     15.000    11.2235    23.7245     6.2448     8.9244     99.072    272.429    278.892   -0.00445    6.30328    9.00801  274.98031   14.28558 7.0151e+01     1.1385     0.4017    90.4441 0.0000e+00
        321 206.565996    0.02224     1.3343     80.058     16.151  48781.605    31.1345    11.2200     16.000    11.2142    23.7292     6.2518     8.9345     99.165    272.736    279.207   -0.00235    6.30447    9.00971  275.03115   14.28800 6.2034e+01     1.2192     0.4312    89.7854 0.0000e+00
        327 206.566012    0.02262     1.3569     81.414     17.162  48793.836    31.1419    11.2115     17.000    11.2085    23.7363     6.2470     8.9276     99.076    272.524    278.992   -0.00206    6.30531    9.01092  275.06615   14.28965 5.2907e+01     1.2280     0.4169    90.1043 0.0000e+00
        332 206.566027    0.02298     1.3786     82.719     18.170  48798.683    31.1448    11.2103     18.000    11.2079    23.7388     6.2413     8.9194     98.984    272.273    278.737   -0.00205    6.30537    9.01100  275.06790   14.28972 4.5838e+01     1.1324     0.3942    90.6157 0.0000e+00
        337 206.566042    0.02334     1.4007     84.040     19.182  48800.311    31.1455    11.2102     19.000    11.2081    23.7394     6.2429     8.9217     99.009    272.341    278.805   -0.00121    6.30534    9.01096  275.06670   14.28966 3.9468e+01     1.1856     0.4060    90.3476 0.0000e+00
        342 206.566056    0.02369     1.4214     85.286     20.191  48803.229    31.1473    11.2107     20.000    11.2080    23.7406     6.2468     8.9273     99.074    272.514    278.984   -0.00044    6.30521    9.01077  275.06042   14.28935 3.4124e+01     1.0585     0.4101    90.2556 0.0000e+00
        347 206.566071    0.02403     1.4416     86.497     21.196  48807.980    31.1498    11.2074     21.000    11.2017    23.7433     6.2464     8.9267     99.061    272.494    278.963   -0.00043    6.30556    9.01127  275.07505   14.29004 2.9920e+01     0.9970     0.4002    90.4790 0.0000e+00
        352 206.566086    0.02441     1.4644     87.865     22.207  48815.667    31.1539    11.1990     22.000    11.1946    23.7479     6.2374     8.9139     98.904    272.100    278.562   -0.00132    6.30651    9.01264  275.11547   14.29196 2.5549e+01     1.0784     0.3841    90.8444 0.0000e+00
        359 206.566104    0.02483     1.4902     89.411     23.226  48821.421    31.1572    11.1957     23.000    11.1917    23.7511     6.2264     8.8982     98.725    271.620    278.071   -0.00202    6.30685    9.01311  275.12899   14.29260 2.2428e+01     1.1667     0.3829    90.8715 0.0000e+00
        363 206.566117    0.02515     1.5089     90.531     24.223  48827.525    31.1609    11.1930     24.000    11.1899    23.7544     6.2262     8.8979     98.718    271.610    278.062   -0.00158    6.30706    9.01342  275.13747   14.29299 1.9110e+01     1.1776     0.3915    90.6762 0.0000e+00
        368 206.566132    0.02551     1.5306     91.837     25.237  48829.634    31.1620    11.1931     25.000    11.1905    23.7553     6.2251     8.8963     98.702    271.563    278.013   -0.00113    6.30701    9.01334  275.13483   14.29286 1.6864e+01     1.3048     0.3916    90.6764 0.0000e+00
        374 206.566150    0.02592     1.5551     93.305     26.248  48829.124    31.1612    11.1936     26.000    11.1897    23.7547     6.2273     8.8995     98.738    271.659    278.112   -0.00053    6.30696    9.01327  275.13293   14.29277 1.4713e+01     1.2668     0.3806    90.9237 0.0000e+00
        380 206.566165    0.02630     1.5778     94.667     27.255  48835.477    31.1647    11.1882     27.000    11.1822    23.7583     6.2241     8.8948     98.677    271.517    277.967   -0.00079    6.30755    9.01412  275.15796   14.29396 1.2762e+01     1.3872     0.3884    90.7466 0.0000e+00
        385 206.566181    0.02668     1.6007     96.045     28.268  48838.980    31.1666    11.1860     28.000    11.1836    23.7602     6.2179     8.8861     98.576    271.248    277.693   -0.00126    6.30778    9.01445  275.16749   14.29441 1.1014e+01     1.2771     0.3989    90.5091 0.0000e+00
        390 206.566195    0.02702     1.6212     97.273     29.276  48840.933    31.1675    11.1854     29.000    11.1796    23.7610     6.2185     8.8868     98.584    271.273    277.718   -0.00088    6.30782    9.01451  275.16912   14.29448 9.6598e+00     1.0239     0.3832    90.8650 0.0000e+00
        396 206.566212    0.02743     1.6456     98.739     30.286  48851.572    31.1737    11.1774     30.000    11.1716    23.7673     6.2167     8.8844     98.544    271.195    277.641   -0.00085    6.30865    9.01569  275.20347   14.29610 8.4622e+00     1.0621     0.3891    90.7296 0.0000e+00
        402 206.566229    0.02784     1.6700    100.198     31.292  48858.161    31.1775    11.1731     31.000    11.1685    23.7710     6.2066     8.8698     98.375    270.749    277.185   -0.00167    6.30908    9.01631  275.22141   14.29695 7.3051e+00     1.0997     0.3865    90.7892 0.0000e+00
        407 206.566245    0.02822     1.6934    101.602     32.300  48861.115    31.1790    11.1715     32.000    11.1675    23.7725     6.1995     8.8598     98.262    270.443    276.872   -0.00186    6.30923    9.01652  275.22740   14.29723 6.4399e+00     1.0680     0.3891    90.7300 0.0000e+00
