CTD-processing/allCTD/CNV/2019_07-23_alongbay_kb11_cast013_4141.cnv
* Sea-Bird SBE19plus Data File:
* FileName = C:\Users\jwschloemer\Documents\CTD Data\2019_07-23_AlongBay\2019_07-23_AlongBay_KB01_Cast013.hex
* Software Version 1.59
* Temperature SN =  4141
* Conductivity SN =  4141
* System UpLoad Time = Aug 02 2019 11:47:59
** Cook Inlet LTM Along Bay
** Date: 2019_07-23
** Station:KB11
** Start Time (AKST):14:16
** Depth (m):53
** Comment:
** Comment:
# nquan = 27
# nvalues = 52                          
# units = specified
# name 0 = scan: Scan Count
# name 1 = timeJ: Julian Days
# name 2 = timeH: Time, Elapsed [hours]
# name 3 = timeM: Time, Elapsed [minutes]
# name 4 = timeS: Time, Elapsed [seconds]
# name 5 = prdM: Pressure, Strain Gauge [db]
# name 6 = specc: Specific Conductance [uS/cm]
# name 7 = sal00: Salinity, Practical [PSU]
# name 8 = tv290C: Temperature [ITS-90, deg C]
# name 9 = depSM: Depth [salt water, m], lat = 59.00
# name 10 = potemp090C: Potential Temperature [ITS-90, deg C]
# name 11 = sigma-é00: Density [sigma-theta, kg/m^3]
# name 12 = sbeox0ML/L: Oxygen, SBE 43 [ml/l]
# name 13 = sbeox0Mg/L: Oxygen, SBE 43 [mg/l]
# name 14 = sbeox0PS: Oxygen, SBE 43 [% saturation]
# name 15 = sbox0Mm/Kg: Oxygen, SBE 43 [umol/kg]
# name 16 = sbeox0Mm/L: Oxygen, SBE 43 [umol/l]
# name 17 = sbox0dV/dT: Oxygen, SBE 43 [dov/dt]
# name 18 = oxsolML/L: Oxygen Saturation, Garcia & Gordon [ml/l]
# name 19 = oxsolMg/L: Oxygen Saturation, Garcia & Gordon [mg/l]
# name 20 = oxsolMm/Kg: Oxygen Saturation, Garcia & Gordon [umol/kg]
# name 21 = n2satMg/L: Nitrogen Saturation [mg/l]
# name 22 = par: PAR/Irradiance, Biospherical/Licor
# name 23 = wetStar: Fluorescence, WET Labs WETstar [mg/m^3]
# name 24 = CStarAt0: Beam Attenuation, WET Labs C-Star [1/m]
# name 25 = CStarTr0: Beam Transmission, WET Labs C-Star [%]
# name 26 = flag: flag
# span 0 =        194,        508       
# span 1 = 204.595269, 204.596178       
# span 2 =    0.01340,    0.03522       
# span 3 =     0.8041,     2.1133       
# span 4 =     48.247,    126.799       
# span 5 =      1.008,     52.489       
# span 6 =  30635.195,  50011.165       
# span 7 =    18.7956,    31.5319       
# span 8 =     7.8189,    15.0028       
# span 9 =      1.000,     52.000       
# span 10 =     7.8135,    15.0704      
# span 11 =    13.7065,    24.5737      
# span 12 =     5.6296,     7.8755      
# span 13 =     8.0453,    11.2550      
# span 14 =     83.048,    121.339      
# span 15 =    245.387,    343.698      
# span 16 =    251.417,    351.723      
# span 17 =   -0.06197,    0.04232      
# span 18 =    6.08054,    6.77869      
# span 19 =    8.68970,    9.68742      
# span 20 =  266.63475,  295.47523      
# span 21 =   13.90901,   15.26400      
# span 22 = 5.3577e-02, 1.9922e+02      
# span 23 =     0.3775,     8.7594      
# span 24 =     0.4511,     6.4886      
# span 25 =    25.7074,    89.3347      
# span 26 = 0.0000e+00, 0.0000e+00      
# interval = meters: 1                  
# start_time = Jul 23 2019 14:16:23 [Instrument's time stamp, header]
# bad_flag = -9.990e-29
*END*
        194 204.595269    0.01340     0.8041     48.247      1.008  30635.195    18.7956    13.9888      1.000    14.3179    13.7065     6.7360     9.6265    104.976    296.742    300.831    0.03422    6.42243    9.17830  282.94852   14.71797 1.9922e+02     0.7778     6.4886    25.7074 0.0000e+00
        266 204.595478    0.01842     1.1055     66.329      2.019  36033.239    22.5062    14.8411      2.000    15.0704    16.3949     7.0018    10.0062    113.552    307.653    312.699    0.04232    6.16747    8.81394  270.99816   14.12921 9.6368e+01     0.9599     3.6773    40.7858 0.0000e+00
        274 204.595500    0.01895     1.1367     68.202      3.029  38142.370    23.9685    15.0028      3.000    14.9042    17.4861     6.9608     9.9476    114.266    305.524    310.866    0.03590    6.09163    8.70554  267.37700   13.94943 5.9146e+01     0.9431     1.9754    61.3809 0.0000e+00
        278 204.595513    0.01926     1.1552     69.309      4.035  39888.750    25.1670    14.7310      4.000    14.3323    18.4605     6.8499     9.7891    112.651    300.369    305.914    0.00735    6.08054    8.68970  266.63475   13.90901 4.4307e+01     0.9563     1.3801    70.9033 0.0000e+00
        283 204.595527    0.01957     1.1746     70.477      5.049  42495.129    26.9159    13.5850      5.000    12.9262    20.0295     6.9765     9.9701    113.270    305.450    311.570    0.00785    6.15904    8.80189  269.66088   14.04736 3.2941e+01     1.2150     1.2749    72.7163 0.0000e+00
        287 204.595539    0.01989     1.1934     71.606      6.053  44709.884    28.3469    12.0433      6.000    11.3968    21.4198     7.2330    10.3367    114.712    316.251    323.027    0.01198    6.30512    9.01064  275.68088   14.33030 2.5182e+01     1.5584     1.3343    71.6440 0.0000e+00
        292 204.595553    0.02022     1.2133     72.800      7.069  46947.929    29.7873    10.7065      7.000    10.4264    22.7694     7.5252    10.7542    117.043    328.592    336.073    0.02183    6.42943    9.18830  280.74597   14.56707 1.9699e+01     1.9894     1.1343    75.3263 0.0000e+00
        297 204.595566    0.02053     1.2313     73.879      8.072  47583.972    30.1870    10.2919      8.000    10.2460    23.1493     7.6411    10.9199    118.079    333.530    341.251    0.02055    6.47114    9.24791  282.46238   14.64758 1.6094e+01     2.6929     0.8217    81.4352 0.0000e+00
        301 204.595580    0.02085     1.2514     75.086      9.088  47812.305    30.3351    10.1904      9.000    10.1350    23.2813     7.8312    11.1916    120.864    341.785    349.743    0.03146    6.47938    9.25968  282.78534   14.66243 1.3394e+01     2.8718     0.7259    83.4045 0.0000e+00
        306 204.595592    0.02116     1.2699     76.194     10.092  47925.296    30.4023    10.0916     10.000    10.0697    23.3497     7.8755    11.2550    121.339    343.698    351.723    0.02588    6.49059    9.27571  283.25590   14.68467 1.1087e+01     2.7267     0.7118    83.6990 0.0000e+00
        311 204.595607    0.02150     1.2898     77.387     11.106  48228.802    30.6077    10.0281     11.000     9.9680    23.5201     7.8021    11.1500    120.198    340.435    348.442    0.00975    6.49108    9.27640  283.22999   14.68260 9.1473e+00     3.1103     0.7239    83.4456 0.0000e+00
        315 204.595620    0.02182     1.3091     78.547     12.112  48602.037    30.8521     9.8855     12.000     9.8211    23.7338     7.7151    11.0257    118.673    336.572    344.560   -0.00348    6.50121    9.29088  283.61295   14.69993 7.4597e+00     3.1655     0.7025    83.8944 0.0000e+00
        320 204.595634    0.02215     1.3291     79.748     13.123  48826.286    30.9929     9.7538     13.000     9.7270    23.8647     7.5385    10.7734    115.726    328.824    336.671   -0.02064    6.51416    9.30939  284.14143   14.72463 6.0914e+00     3.4097     0.6976    83.9971 0.0000e+00
        325 204.595648    0.02249     1.3494     80.965     14.134  48889.752    31.0314     9.7099     14.000     9.6861    23.9018     7.2960    10.4267    111.922    318.232    325.838   -0.03857    6.51882    9.31605  284.33445   14.73371 4.9088e+00     3.9399     0.7526    82.8508 0.0000e+00
        330 204.595662    0.02283     1.3696     82.173     15.139  48914.267    31.0218     9.5089     15.000     9.3286    23.9261     7.1890    10.2739    109.788    313.562    321.064   -0.03997    6.54825    9.35811  285.61136   14.79480 3.8753e+00     4.7935     0.8598    80.6644 0.0000e+00
        335 204.595677    0.02320     1.3918     83.508     16.154  49314.632    31.2556     9.1579     16.000     9.1269    24.1635     7.0027    10.0075    106.273    305.360    312.740   -0.04707    6.58935    9.41684  287.33726   14.87637 2.9679e+00     6.3442     0.9699    78.4675 0.0000e+00
        340 204.595692    0.02354     1.4126     84.753     17.157  49418.364    31.3209     9.1062     17.000     9.1021    24.2225     6.6857     9.5546    101.389    291.524    298.585   -0.06197    6.59415    9.42370  287.53001   14.88531 2.2489e+00     8.2916     0.9759    78.3528 0.0000e+00
        345 204.595707    0.02392     1.4349     86.094     18.176  49430.998    31.3290     9.1040     18.000     9.0675    24.2292     6.5152     9.3110     98.805    284.089    290.972   -0.05763    6.59413    9.42367  287.52734   14.88516 1.7301e+00     8.7594     0.9105    79.6424 0.0000e+00
        350 204.595720    0.02424     1.4542     87.250     19.175  49450.412    31.3236     8.9719     19.000     8.9154    24.2453     6.5018     9.2917     98.307    283.497    290.370   -0.04259    6.61377    9.45174  288.37919   14.92589 1.3957e+00     7.9596     0.7538    82.8288 0.0000e+00
        355 204.595736    0.02460     1.4764     88.582     20.197  49527.947    31.3621     8.8625     20.000     8.8182    24.2919     6.4370     9.1992     97.115    280.660    287.478   -0.03496    6.62827    9.47245  288.99803   14.95531 1.1521e+00     5.0727     0.6625    84.7377 0.0000e+00
        360 204.595748    0.02490     1.4943     89.661     21.195  49585.035    31.3874     8.7637     21.000     8.7320    24.3267     6.3817     9.1200     96.083    278.235    285.004   -0.03147    6.64183    9.49185  289.57981   14.98300 9.7190e-01     4.4249     0.5982    86.1097 0.0000e+00
        365 204.595763    0.02527     1.5158     90.948     22.218  49731.187    31.4816     8.7091     22.000     8.7488    24.4086     6.3496     9.0742     95.542    276.816    283.573   -0.02453    6.64589    9.49764  289.73327   14.98996 8.2198e-01     3.1862     0.5325    87.5367 0.0000e+00
        369 204.595775    0.02555     1.5327     91.962     23.214  49741.795    31.5073     8.8380     23.000     8.8481    24.4094     6.3497     9.0742     95.834    276.817    283.574   -0.01618    6.62568    9.46876  288.85205   14.94774 7.0367e-01     3.1436     0.5093    88.0461 0.0000e+00
        374 204.595789    0.02588     1.5529     93.172     24.229  49573.254    31.3739     8.7369     24.000     8.6532    24.3201     6.3159     9.0260     95.027    275.369    282.066   -0.01494    6.64642    9.49840  289.78155   14.99270 6.0594e-01     2.2079     0.4786    88.7233 0.0000e+00
        378 204.595803    0.02620     1.5722     94.334     25.238  49684.716    31.4294     8.5857     25.000     8.5528    24.3862     6.2175     8.8855     93.265    271.064    277.675   -0.02240    6.66656    9.52718  290.64083   15.03353 5.2453e-01     1.9124     0.4511    89.3347 0.0000e+00
        383 204.595815    0.02651     1.5908     95.446     26.245  49755.421    31.4726     8.5454     26.000     8.5456    24.4260     6.2065     8.8697     93.041    270.572    277.181   -0.01762    6.67071    9.53310  290.81032   15.04145 4.5563e-01     1.6086     0.4578    89.1867 0.0000e+00
        388 204.595829    0.02685     1.6111     96.666     27.260  49720.325    31.4472     8.5436     27.000     8.5205    24.4065     6.2196     8.8884     93.219    271.150    277.768   -0.01071    6.67207    9.53506  290.87556   15.04467 3.9530e-01     1.5052     0.4605    89.1272 0.0000e+00
        392 204.595842    0.02716     1.6296     97.777     28.264  49724.267    31.4431     8.4997     28.000     8.4741    24.4097     6.2199     8.8888     93.128    271.160    277.779   -0.00809    6.67883    9.54471  291.16918   15.05872 3.4336e-01     1.3687     0.4815    88.6581 0.0000e+00
        397 204.595856    0.02750     1.6497     98.983     29.276  49717.653    31.4279     8.4330     29.000     8.3954    24.4076     6.2068     8.8702     92.785    270.593    277.198   -0.00763    6.68951    9.55998  291.63543   15.08105 2.9949e-01     1.2988     0.4723    88.8642 0.0000e+00
        402 204.595870    0.02784     1.6700    100.198     30.286  49732.946    31.4242     8.3405     30.000     8.2935    24.4183     6.1844     8.8383     92.256    269.615    276.199   -0.00867    6.70362    9.58015  292.24750   15.11030 2.6022e-01     1.2911     0.4869    88.5382 0.0000e+00
        407 204.595884    0.02817     1.6901    101.406     31.294  49812.438    31.4668     8.2582     31.000     8.2390    24.4636     6.1660     8.8117     91.834    268.796    275.371   -0.00863    6.71423    9.59530  292.69677   15.13158 2.2853e-01     1.3209     0.4661    89.0019 0.0000e+00
        412 204.595899    0.02852     1.7113    102.680     32.304  49839.555    31.4803     8.2252     32.000     8.2103    24.4790     6.1331     8.7648     91.284    267.358    273.903   -0.00916    6.71862    9.60158  292.88434   15.14048 2.0240e-01     1.0643     0.4601    89.1353 0.0000e+00
        417 204.595913    0.02887     1.7319    103.914     33.315  49864.117    31.4932     8.2007     33.000     8.1929    24.4927     6.1023     8.7207     90.783    266.011    272.526   -0.00944    6.72178    9.60609  293.01776   15.14680 1.7916e-01     0.7930     0.4955    88.3491 0.0000e+00
        421 204.595927    0.02920     1.7516    105.098     34.324  49919.822    31.5319     8.2013     34.000     8.2157    24.5229     6.0687     8.6728     90.308    264.542    271.029   -0.00938    6.72000    9.60355  292.93163   15.14253 1.5799e-01     0.7755     0.5492    87.1736 0.0000e+00
        426 204.595940    0.02951     1.7710    106.257     35.333  49895.687    31.5196     8.2340     35.000     8.2288    24.5085     6.0356     8.6255     89.875    263.103    269.551   -0.00924    6.71558    9.59724  292.74308   15.13358 1.3860e-01     0.6992     0.6440    85.1306 0.0000e+00
        431 204.595954    0.02983     1.7901    107.409     36.343  49869.880    31.4987     8.2187     36.000     8.1936    24.4944     5.9873     8.5565     89.114    261.002    267.395   -0.01095    6.71880    9.60183  292.88734   15.14055 1.2128e-01     0.5702     0.7099    83.7380 0.0000e+00
        435 204.595967    0.03016     1.8094    108.561     37.352  49854.852    31.4778     8.1545     37.000     8.1107    24.4873     5.9366     8.4840     88.218    258.792    265.128   -0.01338    6.72947    9.61708  293.35453   15.16295 1.0734e-01     0.6009     0.7116    83.7029 0.0000e+00
        440 204.595981    0.03049     1.8293    109.755     38.362  49917.168    31.5076     8.0687     38.000     8.0503    24.5229     5.9010     8.4332     87.536    257.232    263.540   -0.01355    6.74124    9.63390  293.85748   15.18684 9.6390e-02     0.7670     0.7504    82.8950 0.0000e+00
        445 204.595994    0.03081     1.8488    110.925     39.373  49940.666    31.5202     8.0476     39.000     8.0400    24.5359     5.8815     8.4052     87.212    256.376    262.667   -0.01168    6.74390    9.63770  293.96959   15.19214 8.7335e-02     0.6188     0.7746    82.3948 0.0000e+00
        449 204.596007    0.03112     1.8673    112.038     40.380  49947.536    31.5236     8.0411     40.000     8.0365    24.5394     5.8659     8.3829     86.969    255.694    261.969   -0.00967    6.74475    9.63892  294.00575   15.19385 8.0063e-02     0.4582     0.7969    81.9354 0.0000e+00
        454 204.596021    0.03146     1.8873    113.239     41.392  49949.896    31.5246     8.0400     41.000     8.0356    24.5404     5.8508     8.3613     86.744    255.036    261.294   -0.00815    6.74488    9.63911  294.01130   15.19412 7.4325e-02     0.5256     0.7938    81.9991 0.0000e+00
        459 204.596035    0.03178     1.9068    114.409     42.400  49951.517    31.5251     8.0390     42.000     8.0353    24.5409     5.8547     8.3670     86.801    255.209    261.472   -0.00548    6.74500    9.63927  294.01607   15.19434 6.9695e-02     0.5282     0.8088    81.6923 0.0000e+00
        463 204.596049    0.03211     1.9267    115.605     43.411  49945.463    31.5200     8.0368     43.000     8.0268    24.5373     5.8546     8.3669     86.792    255.206    261.468   -0.00380    6.74556    9.64008  294.04170   15.19559 6.6275e-02     0.5298     0.8104    81.6596 0.0000e+00
        468 204.596063    0.03245     1.9469    116.812     44.420  49908.374    31.4891     8.0080     44.000     7.9671    24.5172     5.8429     8.3502     86.545    254.702    260.947   -0.00410    6.75134    9.64833  294.29915   15.20800 6.3434e-02     0.4666     0.8100    81.6678 0.0000e+00
        473 204.596076    0.03278     1.9665    117.993     45.428  49956.059    31.5094     7.9290     45.000     7.9073    24.5443     5.8215     8.3194     86.084    253.758    259.986   -0.00562    6.76253    9.66432  294.77911   15.23084 6.1227e-02     0.4516     0.8530    80.7964 0.0000e+00
        478 204.596091    0.03312     1.9872    119.234     46.441  49978.735    31.5196     7.8963     46.000     7.8831    24.5569     5.7568     8.2271     85.071    250.938    257.101   -0.00985    6.76710    9.67087  294.97523   15.24016 5.9333e-02     0.4032     0.8918    80.0166 0.0000e+00
        483 204.596104    0.03345     2.0069    120.413     47.448  49989.711    31.5238     7.8778     47.000     7.8689    24.5629     5.7034     8.1508     84.248    248.608    254.714   -0.01214    6.76977    9.67467  295.08955   15.24560 5.7850e-02     0.3802     0.9484    78.8932 0.0000e+00
        488 204.596119    0.03379     2.0275    121.651     48.458  49987.514    31.5201     7.8664     48.000     7.8534    24.5615     5.6852     8.1246     83.954    247.811    253.898   -0.01017    6.77169    9.67742  295.17363   15.24964 5.6688e-02     0.3889     0.9655    78.5546 0.0000e+00
        493 204.596133    0.03414     2.0482    122.894     49.470  49989.584    31.5171     7.8418     49.000     7.8273    24.5627     5.6772     8.1133     83.789    247.465    253.543   -0.00796    6.77560    9.68301  295.34397   15.25777 5.5699e-02     0.4165     1.0215    77.4633 0.0000e+00
        497 204.596147    0.03448     2.0687    124.120     50.477  50006.795    31.5262     7.8265     50.000     7.8198    24.5720     5.6540     8.0801     83.422    246.452    252.508   -0.00760    6.77757    9.68582  295.42677   15.26169 5.4933e-02     0.3886     1.1091    75.7854 0.0000e+00
        503 204.596162    0.03484     2.0904    125.423     51.487  50008.697    31.5264     7.8224     51.000     7.8161    24.5727     5.6340     8.0515     83.120    245.581    251.616   -0.00709    6.77818    9.68669  295.45333   15.26296 5.4330e-02     0.3775     1.1788    74.4785 0.0000e+00
        508 204.596178    0.03522     2.1133    126.799     52.489  50011.165    31.5271     7.8189     52.000     7.8135    24.5737     5.6296     8.0453     83.048    245.387    251.417   -0.00503    6.77869    9.68742  295.47523   15.26400 5.3577e-02     0.3908     1.2622    72.9386 0.0000e+00
