CTD-processing/allCTD/CNV/2019_03-19_alongbay_skb08_cast096_4141.cnv
* Sea-Bird SBE19plus Data File:
* FileName = C:\Users\Kim.Powell\Desktop\Not Processed\2019\2019_03-19_AlongBay, T9_4141\2019_03-19_TRANSECT_STATION_cast096.hex
* Software Version 1.59
* Temperature SN =  4141
* Conductivity SN =  4141
* System UpLoad Time = Mar 20 2019 08:28:38
** 2018_03-19
** Station: KB08
** Start Time: 11:20
** Depth (m): 82.7
** Comment: **CTD time was 1 hour behind**
** Comment: 6 otters resting
# nquan = 27
# nvalues = 80                          
# units = specified
# name 0 = scan: Scan Count
# name 1 = timeJ: Julian Days
# name 2 = timeH: Time, Elapsed [hours]
# name 3 = timeM: Time, Elapsed [minutes]
# name 4 = timeS: Time, Elapsed [seconds]
# name 5 = prdM: Pressure, Strain Gauge [db]
# name 6 = specc: Specific Conductance [uS/cm]
# name 7 = sal00: Salinity, Practical [PSU]
# name 8 = tv290C: Temperature [ITS-90, deg C]
# name 9 = depSM: Depth [salt water, m], lat = 59.00
# name 10 = potemp090C: Potential Temperature [ITS-90, deg C]
# name 11 = sigma-é00: Density [sigma-theta, kg/m^3]
# name 12 = sbeox0ML/L: Oxygen, SBE 43 [ml/l]
# name 13 = sbeox0Mg/L: Oxygen, SBE 43 [mg/l]
# name 14 = sbeox0PS: Oxygen, SBE 43 [% saturation]
# name 15 = sbox0Mm/Kg: Oxygen, SBE 43 [umol/kg]
# name 16 = sbeox0Mm/L: Oxygen, SBE 43 [umol/l]
# name 17 = sbox0dV/dT: Oxygen, SBE 43 [dov/dt]
# name 18 = oxsolML/L: Oxygen Saturation, Garcia & Gordon [ml/l]
# name 19 = oxsolMg/L: Oxygen Saturation, Garcia & Gordon [mg/l]
# name 20 = oxsolMm/Kg: Oxygen Saturation, Garcia & Gordon [umol/kg]
# name 21 = n2satMg/L: Nitrogen Saturation [mg/l]
# name 22 = par: PAR/Irradiance, Biospherical/Licor
# name 23 = wetStar: Fluorescence, WET Labs WETstar [mg/m^3]
# name 24 = CStarAt0: Beam Attenuation, WET Labs C-Star [1/m]
# name 25 = CStarTr0: Beam Transmission, WET Labs C-Star [%]
# name 26 = flag: flag
# span 0 =        322,        728       
# span 1 =  78.432328,  78.433505       
# span 2 =    0.02227,    0.05052       
# span 3 =     1.3360,     3.0309       
# span 4 =     80.163,    181.852       
# span 5 =      1.025,     80.764       
# span 6 =  50276.477,  50868.676       
# span 7 =    31.1679,    31.6867       
# span 8 =     4.8009,     5.5127       
# span 9 =      1.000,     80.000       
# span 10 =     4.8007,     5.5066      
# span 11 =    24.6592,    24.9941      
# span 12 =     6.5609,     6.8630      
# span 13 =     9.3762,     9.8078      
# span 14 =     91.735,     94.206      
# span 15 =    285.865,    299.124      
# span 16 =    293.010,    306.500      
# span 17 =   -0.00382,    0.00139      
# span 18 =    7.14408,    7.29160      
# span 19 =   10.20960,   10.42042      
# span 20 =  311.27493,  317.80577      
# span 21 =   16.01667,   16.32967      
# span 22 = 3.6149e-02, 7.5399e+01      
# span 23 =     0.3535,     0.9966      
# span 24 =     0.6158,     1.4058      
# span 25 =    70.3650,    85.7319      
# span 26 = 0.0000e+00, 0.0000e+00      
# interval = meters: 1                  
# start_time = Mar 19 2019 10:21:13 [Instrument's time stamp, header]
# bad_flag = -9.990e-29
*END*
        322  78.432328    0.02227     1.3360     80.163      1.025  50276.477    31.1679     4.8019      1.000     4.8011    24.6592     6.8630     9.8078     94.121    299.124    306.500    0.00066    7.29160   10.42042  317.80577   16.32967 6.5920e+01     0.3690     0.8774    80.3028 0.0000e+00
        326  78.432342    0.02259     1.3555     81.332      2.017  50290.272    31.1766     4.8009      2.000     4.8007    24.6663     6.8583     9.8012     94.060    298.918    306.291    0.00002    7.29135   10.42007  317.79310   16.32903 5.9087e+01     0.3661     0.8910    80.0312 0.0000e+00
        331  78.432356    0.02293     1.3757     82.544      3.031  50324.713    31.1999     4.8018      3.000     4.8061    24.6847     6.8556     9.7974     94.041    298.797    306.172   -0.00014    7.29006   10.41823  317.73107   16.32598 6.3020e+01     0.3830     0.8950    79.9502 0.0000e+00
        336  78.432369    0.02323     1.3940     83.642      4.034  50396.145    31.2519     4.8179      4.000     4.8284    24.7241     6.8625     9.8072     94.204    299.083    306.478    0.00067    7.28469   10.41055  317.48481   16.31406 6.9972e+01     0.4366     0.8845    80.1626 0.0000e+00
        341  78.432383    0.02359     1.4152     84.912      5.049  50395.059    31.2547     4.8369      5.000     4.8388    24.7244     6.8594     9.8028     94.206    298.949    306.341    0.00055    7.28124   10.40562  317.33432   16.30688 7.5399e+01     0.5472     0.8642    80.5705 0.0000e+00
        345  78.432397    0.02392     1.4353     86.118      6.053  50401.661    31.2599     4.8424      6.000     4.8445    24.7280     6.8540     9.7951     94.149    298.717    306.103    0.00001    7.28001   10.40386  317.27960   16.30426 6.3230e+01     0.6192     0.8489    80.8802 0.0000e+00
        350  78.432411    0.02427     1.4557     87.345      7.069  50418.887    31.2730     4.8507      7.000     4.8568    24.7375     6.8465     9.7844     94.072    298.385    305.767   -0.00048    7.27792   10.40088  317.18572   16.29974 5.2909e+01     0.7034     0.8392    81.0758 0.0000e+00
        355  78.432425    0.02458     1.4748     88.489      8.074  50442.819    31.2929     4.8693      8.000     4.8813    24.7514     6.8378     9.7719     94.007    297.999    305.375   -0.00081    7.27371   10.39485  316.99757   16.29070 4.3520e+01     0.7617     0.8262    81.3392 0.0000e+00
        360  78.432439    0.02493     1.4957     89.739      9.085  50438.243    31.2959     4.8999      9.000     4.9061    24.7505     6.8440     9.7809     94.165    298.275    305.658    0.00032    7.26822   10.38701  316.75874   16.27932 3.5571e+01     0.8492     0.8160    81.5463 0.0000e+00
        365  78.432454    0.02528     1.5168     91.009     10.097  50447.114    31.3053     4.9175     10.000     4.9257    24.7561     6.8411     9.7765     94.168    298.141    305.522    0.00020    7.26469   10.38196  316.60304   16.27188 2.8749e+01     0.9093     0.8076    81.7190 0.0000e+00
        370  78.432467    0.02559     1.5355     92.127     11.103  50446.637    31.3085     4.9364     11.000     4.9418    24.7566     6.8313     9.7626     94.078    297.713    305.084   -0.00040    7.26123   10.37703  316.45261   16.26470 2.3334e+01     0.9203     0.7997    81.8784 0.0000e+00
        374  78.432481    0.02593     1.5559     93.352     12.112  50442.023    31.3074     4.9482     12.000     4.9512    24.7546     6.8220     9.7494     93.978    297.313    304.673   -0.00086    7.25923   10.37417  316.36586   16.26058 1.9403e+01     0.9362     0.7972    81.9303 0.0000e+00
        380  78.432496    0.02630     1.5778     94.669     13.125  50450.995    31.3157     4.9602     13.000     4.9667    24.7598     6.8132     9.7367     93.887    296.924    304.275   -0.00121    7.25675   10.37061  316.25563   16.25530 1.5596e+01     0.9540     0.7918    82.0411 0.0000e+00
        385  78.432511    0.02665     1.5988     95.927     14.132  50450.234    31.3185     4.9780     14.000     4.9824    24.7601     6.8146     9.7387     93.949    296.986    304.340   -0.00056    7.25352   10.36601  316.11536   16.24862 1.2746e+01     0.9594     0.7904    82.0701 0.0000e+00
        390  78.432525    0.02699     1.6198     97.187     15.145  50453.947    31.3236     4.9922     15.000     4.9975    24.7626     6.8186     9.7445     94.040    297.161    304.519    0.00010    7.25080   10.36211  315.99553   16.24289 1.0386e+01     0.9736     0.7834    82.2138 0.0000e+00
        394  78.432538    0.02730     1.6382     98.290     16.147  50445.827    31.3197     5.0026     16.000     5.0039    24.7585     6.8112     9.7339     93.958    296.838    304.187   -0.00045    7.24918   10.35980  315.92654   16.23962 8.5352e+00     0.9565     0.7838    82.2037 0.0000e+00
        400  78.432554    0.02768     1.6606     99.638     17.162  50449.252    31.3232     5.0103     17.000     5.0129    24.7604     6.7994     9.7170     93.815    296.324    303.661   -0.00105    7.24768   10.35766  315.86046   16.23647 7.0300e+00     0.9575     0.7842    82.1969 0.0000e+00
        405  78.432568    0.02803     1.6815    100.893     18.173  50456.178    31.3297     5.0206     18.000     5.0266    24.7645     6.7902     9.7039     93.715    295.923    303.251   -0.00147    7.24558   10.35466  315.76787   16.23203 5.7025e+00     0.9966     0.7802    82.2803 0.0000e+00
        409  78.432582    0.02835     1.7015    102.087     19.177  50467.539    31.3419     5.0440     19.000     5.0527    24.7717     6.7942     9.7097     93.831    296.095    303.430   -0.00047    7.24093   10.34801  315.56299   16.22223 4.6913e+00     0.9722     0.7766    82.3532 0.0000e+00
        415  78.432598    0.02874     1.7244    103.466     20.199  50464.516    31.3444     5.0675     20.000     5.0739    24.7711     6.7975     9.7144     93.931    296.239    303.577    0.00024    7.23674   10.34203  315.38053   16.21353 3.8223e+00     0.9169     0.7697    82.4961 0.0000e+00
        419  78.432610    0.02904     1.7423    104.538     21.192  50510.219    31.3810     5.0949     21.000     5.1142    24.7972     6.7893     9.7026     93.903    295.875    303.212   -0.00002    7.23022   10.33270  315.08804   16.19946 3.1703e+00     0.9218     0.7633    82.6276 0.0000e+00
        425  78.432626    0.02941     1.7650    105.899     22.209  50533.253    31.4087     5.1531     22.000     5.1675    24.8128     6.7977     9.7146     94.166    296.235    303.586    0.00139    7.21883   10.31643  314.58720   16.17551 2.6245e+00     0.9062     0.7457    82.9928 0.0000e+00
        430  78.432643    0.02982     1.7893    107.357     23.223  50556.122    31.4315     5.1888     23.000     5.1989    24.8269     6.7772     9.6852     93.976    295.335    302.667 -2.869e-07    7.21157   10.30606  314.26660   16.16015 2.1791e+00     0.8656     0.7258    83.4059 0.0000e+00
        435  78.432657    0.03015     1.8092    108.553     24.226  50576.406    31.4507     5.2162     24.000     5.2201    24.8391     6.7542     9.6523     93.730    294.329    301.640   -0.00156    7.20594   10.29801  314.01754   16.14821 1.8045e+00     0.8430     0.7070    83.8003 0.0000e+00
        440  78.432672    0.03050     1.8302    109.814     25.234  50578.921    31.4539     5.2256     25.000     5.2248    24.8406     6.7381     9.6294     93.531    293.630    300.924   -0.00210    7.20417   10.29548  313.93981   16.14450 1.5192e+00     0.8199     0.6958    84.0342 0.0000e+00
        446  78.432688    0.03090     1.8543    111.261     26.253  50592.623    31.4634     5.2285     26.000     5.2281    24.8479     6.7076     9.5858     93.119    292.297    299.560   -0.00382    7.20323   10.29413  313.89631   16.14239 1.2652e+00     0.8812     0.6912    84.1305 0.0000e+00
        451  78.432702    0.03123     1.8738    112.429     27.255  50600.517    31.4691     5.2320     27.000     5.2312    24.8519     6.7097     9.5889     93.161    292.389    299.656   -0.00264    7.20235   10.29287  313.85698   16.14050 1.0614e+00     0.9126     0.6871    84.2152 0.0000e+00
        456  78.432716    0.03158     1.8944    113.664     28.269  50619.353    31.4823     5.2354     28.000     5.2358    24.8621     6.7204     9.6040     93.323    292.849    300.130   -0.00098    7.20113   10.29113  313.80070   16.13777 8.8946e-01     0.8904     0.6818    84.3282 0.0000e+00
        461  78.432730    0.03192     1.9150    114.902     29.272  50646.238    31.5016     5.2415     29.000     5.2408    24.8766     6.7199     9.6033     93.343    292.824    300.109   -0.00058    7.19915   10.28832  313.71021   16.13338 7.5168e-01     0.8260     0.6741    84.4904 0.0000e+00
        467  78.432748    0.03233     1.9399    116.395     30.293  50652.088    31.5055     5.2435     30.000     5.2407    24.8795     6.7138     9.5948     93.266    292.562    299.840   -0.00081    7.19861   10.28752  313.68536   16.13218 6.2737e-01     0.8156     0.6681    84.6176 0.0000e+00
        471  78.432760    0.03263     1.9580    117.478     31.289  50679.253    31.5235     5.2427     31.000     5.2403    24.8939     6.7060     9.5834     93.165    292.213    299.487   -0.00131    7.19789   10.28651  313.64980   16.13041 5.3021e-01     0.7617     0.6653    84.6780 0.0000e+00
        477  78.432777    0.03304     1.9823    118.938     32.310  50697.935    31.5360     5.2429     32.000     5.2424    24.9037     6.6999     9.5748     93.089    291.946    299.216   -0.00129    7.19727   10.28561  313.61960   16.12892 4.5214e-01     0.7436     0.6558    84.8793 0.0000e+00
        481  78.432790    0.03336     2.0020    120.119     33.311  50719.901    31.5522     5.2504     33.000     5.2563    24.9157     6.6917     9.5630     93.002    291.584    298.849   -0.00143    7.19519   10.28264  313.52540   16.12437 3.8007e-01     0.7187     0.6526    84.9466 0.0000e+00
        487  78.432805    0.03372     2.0231    121.388     34.324  50759.480    31.5867     5.2877     34.000     5.3093    24.9390     6.6812     9.5481     92.961    291.123    298.383   -0.00139    7.18715   10.27116  313.16810   16.10723 3.2280e-01     0.7058     0.6526    84.9468 0.0000e+00
        492  78.432820    0.03408     2.0449    122.694     35.332  50754.838    31.5959     5.3490     35.000     5.3626    24.9393     6.6834     9.5513     93.132    291.218    298.481    0.00007    7.17624   10.25557  312.69255   16.08454 2.7233e-01     0.6627     0.6789    84.3898 0.0000e+00
        497  78.432835    0.03443     2.0657    123.940     36.344  50730.994    31.5850     5.3780     36.000     5.3784    24.9275     6.6680     9.5292     92.975    290.549    297.792   -0.00074    7.17182   10.24924  312.50335   16.07558 2.2983e-01     0.6028     0.6964    84.0218 0.0000e+00
        501  78.432848    0.03475     2.0849    125.093     37.348  50730.840    31.5856     5.3837     37.000     5.3823    24.9273     6.6469     9.4990     92.693    289.630    296.849   -0.00226    7.17081   10.24780  312.45935   16.07348 1.9424e-01     0.5776     0.7022    83.8998 0.0000e+00
        507  78.432864    0.03512     2.1074    126.445     38.363  50735.580    31.5891     5.3873     38.000     5.3864    24.9297     6.6459     9.4978     92.691    289.590    296.809   -0.00166    7.17002   10.24668  312.42454   16.07181 1.6445e-01     0.5512     0.6999    83.9469 0.0000e+00
        512  78.432879    0.03550     2.1297    127.780     39.373  50735.705    31.5899     5.3928     39.000     5.3912    24.9297     6.6369     9.4848     92.577    289.195    296.403   -0.00182    7.16905   10.24529  312.38221   16.06979 1.3915e-01     0.5562     0.6980    83.9882 0.0000e+00
        517  78.432894    0.03584     2.1503    129.019     40.380  50742.650    31.5953     5.3980     40.000     5.3980    24.9334     6.6362     9.4838     92.582    289.162    296.371   -0.00134    7.16789   10.24363  312.33068   16.06731 1.1862e-01     0.5257     0.6982    83.9838 0.0000e+00
        522  78.432908    0.03619     2.1715    130.288     41.395  50746.338    31.5989     5.4056     41.000     5.4053    24.9354     6.6379     9.4861     92.624    289.234    296.447   -0.00076    7.16644   10.24156  312.26687   16.06426 1.0201e-01     0.5194     0.7054    83.8337 0.0000e+00
        527  78.432923    0.03654     2.1920    131.522     42.397  50756.212    31.6065     5.4121     42.000     5.4134    24.9407     6.6408     9.4905     92.685    289.363    296.581   -0.00024    7.16496   10.23944  312.20064   16.06107 8.8668e-02     0.5180     0.7080    83.7768 0.0000e+00
        533  78.432939    0.03693     2.2156    132.938     43.411  50760.676    31.6115     5.4235     43.000     5.4213    24.9434     6.6390     9.4877     92.687    289.281    296.497   -0.00023    7.16278   10.23633  312.10481   16.05649 7.7201e-02     0.4939     0.7113    83.7099 0.0000e+00
        538  78.432955    0.03731     2.2386    134.317     44.423  50768.547    31.6170     5.4264     44.000     5.4237    24.9474     6.6262     9.4694     92.518    288.722    295.924   -0.00108    7.16203   10.23525  312.07085   16.05485 6.7969e-02     0.5063     0.7283    83.3536 0.0000e+00
        543  78.432969    0.03764     2.2583    135.496     45.429  50772.499    31.6194     5.4270     45.000     5.4223    24.9492     6.6192     9.4595     92.423    288.417    295.613   -0.00140    7.16183   10.23497  312.06152   16.05440 6.0495e-02     0.4931     0.7310    83.2961 0.0000e+00
        548  78.432983    0.03799     2.2791    136.747     46.438  50775.990    31.6207     5.4241     46.000     5.4200    24.9506     6.6231     9.4651     92.472    288.588    295.788   -0.00083    7.16224   10.23556  312.07922   16.05523 5.4815e-02     0.4743     0.7222    83.4796 0.0000e+00
        554  78.432999    0.03837     2.3022    138.134     47.452  50778.333    31.6216     5.4230     47.000     5.4187    24.9514     6.6249     9.4677     92.495    288.666    295.869   -0.00042    7.16239   10.23577  312.08544   16.05552 5.0236e-02     0.4645     0.7004    83.9363 0.0000e+00
        558  78.433013    0.03871     2.3227    139.364     48.455  50779.442    31.6213     5.4202     48.000     5.4155    24.9516     6.6213     9.4625     92.438    288.508    295.707   -0.00074    7.16288   10.23647  312.10669   16.05654 4.6505e-02     0.4664     0.6959    84.0307 0.0000e+00
        564  78.433030    0.03911     2.3466    140.796     49.472  50782.959    31.6228     5.4182     49.000     5.4138    24.9530     6.6169     9.4562     92.374    288.316    295.510   -0.00085    7.16316   10.23687  312.11843   16.05710 4.3559e-02     0.4965     0.6808    84.3486 0.0000e+00
        569  78.433044    0.03943     2.3660    141.963     50.476  50782.407    31.6214     5.4157     50.000     5.4104    24.9521     6.6170     9.4563     92.368    288.318    295.512   -0.00073    7.16365   10.23757  312.13994   16.05812 4.1146e-02     0.4604     0.6771    84.4274 0.0000e+00
        574  78.433060    0.03982     2.3893    143.356     51.489  50784.619    31.6219     5.4129     51.000     5.4078    24.9529     6.6148     9.4532     92.332    288.224    295.415   -0.00081    7.16410   10.23821  312.15923   16.05904 3.9273e-02     0.4522     0.6581    84.8298 0.0000e+00
        580  78.433075    0.04018     2.4105    144.631     52.499  50782.296    31.6185     5.4068     52.000     5.3995    24.9509     6.6202     9.4608     92.392    288.459    295.657   -0.00022    7.16529   10.23992  312.21198   16.06157 3.7748e-02     0.4594     0.6519    84.9616 0.0000e+00
        585  78.433089    0.04054     2.4321    145.926     53.506  50805.293    31.6338     5.4066     53.000     5.4079    24.9630     6.6191     9.4594     92.386    288.409    295.609   -0.00029    7.16460   10.23894  312.17817   16.05989 3.6491e-02     0.4650     0.6252    85.5293 0.0000e+00
