CTD-processing/allCTD/CNV/2019_05_12_t7_s23_cast171_4141.cnv
* Sea-Bird SBE19plus Data File:
* FileName = C:\Users\jwschloemer\Documents\CTD Data\2019_05-12_T6_T7_ptGrm_pogi\2019_05_12_T7_S23_Cast171.hex
* Software Version 1.59
* Temperature SN =  4141
* Conductivity SN =  4141
* System UpLoad Time = May 13 2019 15:13:33
** Date: 2019_05_12
** Station:23
** Start Time (AKST):15:30
** Depth (m):46
** Comment:
# nquan = 27
# nvalues = 43                          
# units = specified
# name 0 = scan: Scan Count
# name 1 = timeJ: Julian Days
# name 2 = timeH: Time, Elapsed [hours]
# name 3 = timeM: Time, Elapsed [minutes]
# name 4 = timeS: Time, Elapsed [seconds]
# name 5 = prdM: Pressure, Strain Gauge [db]
# name 6 = specc: Specific Conductance [uS/cm]
# name 7 = sal00: Salinity, Practical [PSU]
# name 8 = tv290C: Temperature [ITS-90, deg C]
# name 9 = depSM: Depth [salt water, m], lat = 59.00
# name 10 = potemp090C: Potential Temperature [ITS-90, deg C]
# name 11 = sigma-é00: Density [sigma-theta, kg/m^3]
# name 12 = sbeox0ML/L: Oxygen, SBE 43 [ml/l]
# name 13 = sbeox0Mg/L: Oxygen, SBE 43 [mg/l]
# name 14 = sbeox0PS: Oxygen, SBE 43 [% saturation]
# name 15 = sbox0Mm/Kg: Oxygen, SBE 43 [umol/kg]
# name 16 = sbeox0Mm/L: Oxygen, SBE 43 [umol/l]
# name 17 = sbox0dV/dT: Oxygen, SBE 43 [dov/dt]
# name 18 = oxsolML/L: Oxygen Saturation, Garcia & Gordon [ml/l]
# name 19 = oxsolMg/L: Oxygen Saturation, Garcia & Gordon [mg/l]
# name 20 = oxsolMm/Kg: Oxygen Saturation, Garcia & Gordon [umol/kg]
# name 21 = n2satMg/L: Nitrogen Saturation [mg/l]
# name 22 = par: PAR/Irradiance, Biospherical/Licor
# name 23 = wetStar: Fluorescence, WET Labs WETstar [mg/m^3]
# name 24 = CStarAt0: Beam Attenuation, WET Labs C-Star [1/m]
# name 25 = CStarTr0: Beam Transmission, WET Labs C-Star [%]
# name 26 = flag: flag
# span 0 =        171,        520       
# span 1 = 132.646556, 132.647568       
# span 2 =    0.01180,    0.03607       
# span 3 =     0.7077,     2.1645       
# span 4 =     42.461,    129.869       
# span 5 =      1.011,     43.389       
# span 6 =  50394.538,  50721.591       
# span 7 =    31.6310,    31.8085       
# span 8 =     6.5617,     6.6877       
# span 9 =      1.000,     43.000       
# span 10 =     6.5583,     6.6513      
# span 11 =    24.8066,    24.9626      
# span 12 =     6.3734,     6.7596      
# span 13 =     9.1082,     9.6602      
# span 14 =     91.661,     97.114      
# span 15 =    277.754,    294.550      
# span 16 =    284.637,    301.885      
# span 17 =   -0.00163,    0.00271      
# span 18 =    6.95276,    6.96465      
# span 19 =    9.93618,    9.95318      
# span 20 =  302.99844,  303.46595      
# span 21 =   15.62249,   15.64406      
# span 22 = 1.8681e+00, 3.6441e+02      
# span 23 =     0.5504,     1.6617      
# span 24 =     0.2771,     3.8031      
# span 25 =    56.5145,    91.8777      
# span 26 = 0.0000e+00, 0.0000e+00      
# interval = meters: 1                  
# start_time = May 12 2019 15:30:20 [Instrument's time stamp, header]
# bad_flag = -9.990e-29
*END*
        171 132.646556    0.01180     0.7077     42.461      1.011  50394.538    31.6310     6.6877      1.000     6.6513    24.8066     6.3734     9.1082     91.661    277.754    284.637   -0.00081    6.95276    9.93618  302.99844   15.62249 2.8617e+02     0.5504     3.8031    56.5145 0.0000e+00
        319 132.646985    0.02209     1.3256     79.534      2.023  50580.776    31.7388     6.6124      2.000     6.6101    24.9008     6.7281     9.6151     96.674    293.176    300.477    0.00257    6.95960    9.94596  303.26409   15.63471 3.6441e+02     0.6808     0.2771    91.8777 0.0000e+00
        319 132.646984    0.02205     1.3233     79.398      3.026  50584.309    31.7406     6.6098      3.000     6.6104    24.9026     6.7227     9.6074     96.591    292.939    300.234    0.00204    6.95995    9.94648  303.27916   15.63542 2.7204e+02     0.6813     0.3748    91.0550 0.0000e+00
        323 132.646996    0.02236     1.3414     80.487      4.037  50583.271    31.7396     6.6110      4.000     6.6087    24.9017     6.7376     9.6287     96.807    293.588    300.899    0.00271    6.95982    9.94627  303.27343   15.63515 2.2704e+02     0.6330     0.3713    91.1367 0.0000e+00
        327 132.647009    0.02267     1.3603     81.617      5.046  50593.762    31.7455     6.6058      5.000     6.6040    24.9070     6.7404     9.6327     96.839    293.709    301.024    0.00211    6.96038    9.94709  303.29662   15.63623 1.8632e+02     0.6971     0.3723    91.1131 0.0000e+00
        333 132.647024    0.02303     1.3818     82.910      6.054  50591.108    31.7430     6.6050      6.000     6.6052    24.9051     6.7383     9.6297     96.806    293.619    300.932    0.00117    6.96063    9.94743  303.30752   15.63676 1.5176e+02     0.7425     0.3700    91.1631 0.0000e+00
        339 132.647042    0.02345     1.4074     84.446      7.070  50587.684    31.7405     6.6069      7.000     6.6068    24.9029     6.7280     9.6151     96.661    293.173    300.474   -0.00014    6.96042    9.94714  303.29953   15.63639 1.2778e+02     0.9032     0.3728    91.1019 0.0000e+00
        343 132.647055    0.02378     1.4265     85.593      8.078  50590.678    31.7421     6.6068      8.000     6.6049    24.9042     6.7339     9.6235     96.747    293.430    300.738    0.00026    6.96037    9.94706  303.29682   15.63626 1.1109e+02     0.9651     0.3693    91.1809 0.0000e+00
        347 132.647067    0.02406     1.4435     86.611      9.081  50592.449    31.7425     6.6050      9.000     6.6045    24.9048     6.7409     9.6335     96.844    293.735    301.051    0.00076    6.96065    9.94745  303.30853   15.63682 9.7184e+01     1.0171     0.3678    91.2153 0.0000e+00
        352 132.647082    0.02440     1.4641     87.846     10.094  50588.718    31.7397     6.6066     10.000     6.6063    24.9024     6.7443     9.6384     96.895    293.885    301.204    0.00068    6.96051    9.94727  303.30342   15.63658 8.9621e+01     1.1619     0.3731    91.0931 0.0000e+00
        358 132.647097    0.02478     1.4867     89.205     11.102  50593.613    31.7425     6.6058     11.000     6.6035    24.9047     6.7596     9.6602     97.114    294.550    301.885    0.00164    6.96051    9.94727  303.30276   15.63654 8.1619e+01     1.2054     0.3689    91.1905 0.0000e+00
        364 132.647114    0.02519     1.5116     90.696     12.116  50599.474    31.7456     6.6035     12.000     6.6025    24.9075     6.7445     9.6385     96.893    293.888    301.208   -0.00008    6.96074    9.94760  303.31226   15.63698 7.3433e+01     1.3874     0.3702    91.1619 0.0000e+00
        369 132.647130    0.02555     1.5332     91.991     13.129  50609.337    31.7519     6.6026     13.000     6.5992    24.9125     6.7469     9.6419     96.928    293.989    301.312   -0.00035    6.96059    9.94739  303.30411   15.63657 6.5155e+01     1.3543     0.3679    91.2109 0.0000e+00
        373 132.647141    0.02582     1.5497     92.980     14.129  50619.703    31.7580     6.5991     14.000     6.5972    24.9177     6.7503     9.6468     96.974    294.138    301.468    0.00029    6.96089    9.94782  303.31562   15.63709 5.9806e+01     1.3197     0.3708    91.1474 0.0000e+00
        378 132.647156    0.02617     1.5705     94.231     15.141  50621.887    31.7589     6.5983     15.000     6.5970    24.9186     6.7293     9.6167     96.671    293.221    300.527   -0.00163    6.96098    9.94794  303.31916   15.63725 5.3052e+01     1.3801     0.3718    91.1245 0.0000e+00
        383 132.647171    0.02656     1.5937     95.620     16.152  50620.957    31.7577     6.5985     16.000     6.5974    24.9177     6.7407     9.6332     96.835    293.721    301.041   -0.00029    6.96099    9.94796  303.31997   15.63730 4.8071e+01     1.4971     0.3688    91.1908 0.0000e+00
        389 132.647187    0.02694     1.6164     96.985     17.162  50619.040    31.7562     6.5996     17.000     6.5984    24.9163     6.7302     9.6182     96.686    293.264    300.571   -0.00120    6.96090    9.94781  303.31608   15.63712 4.2694e+01     1.4912     0.3734    91.0876 0.0000e+00
        394 132.647202    0.02729     1.6377     98.259     18.174  50619.171    31.7559     6.6000     18.000     6.5985    24.9160     6.7484     9.6441     96.948    294.056    301.383    0.00066    6.96085    9.94775  303.31409   15.63703 3.7852e+01     1.6231     0.3691    91.1843 0.0000e+00
        398 132.647215    0.02759     1.6556     99.333     19.176  50622.571    31.7577     6.5998     19.000     6.5971    24.9175     6.7383     9.6297     96.804    293.616    300.933   -0.00032    6.96079    9.94767  303.31121   15.63688 3.3506e+01     1.6446     0.3709    91.1457 0.0000e+00
        404 132.647230    0.02797     1.6778    100.665     20.188  50632.462    31.7635     6.5963     20.000     6.5935    24.9225     6.7386     9.6301     96.804    293.627    300.945   -0.00041    6.96110    9.94810  303.32297   15.63742 3.0134e+01     1.4023     0.3673    91.2251 0.0000e+00
        410 132.647247    0.02837     1.7024    102.147     21.204  50633.088    31.7632     6.5953     21.000     6.5942    24.9225     6.7374     9.6283     96.783    293.574    300.891   -0.00043    6.96127    9.94835  303.33059   15.63779 2.6759e+01     1.5295     0.3728    91.1008 0.0000e+00
        414 132.647260    0.02868     1.7211    103.268     22.209  50627.887    31.7595     6.5973     22.000     6.5962    24.9193     6.7400     9.6321     96.824    293.690    301.009   -0.00021    6.96112    9.94813  303.32492   15.63753 2.3738e+01     1.6617     0.3674    91.2235 0.0000e+00
        419 132.647273    0.02900     1.7397    104.383     23.214  50629.177    31.7600     6.5981     23.000     6.5959    24.9197     6.7415     9.6343     96.847    293.755    301.075   -0.00001    6.96097    9.94791  303.31808   15.63720 2.1144e+01     1.5136     0.3715    91.1312 0.0000e+00
        424 132.647289    0.02939     1.7633    105.799     24.229  50633.314    31.7622     6.5967     24.000     6.5938    24.9215     6.7457     9.6403     96.906    293.939    301.265    0.00027    6.96108    9.94809  303.32274   15.63741 1.8684e+01     1.4395     0.3694    91.1784 0.0000e+00
        430 132.647305    0.02977     1.7861    107.168     25.238  50638.780    31.7651     6.5944     25.000     6.5923    24.9241     6.7465     9.6414     96.914    293.971    301.297    0.00019    6.96131    9.94842  303.33210   15.63785 1.6433e+01     1.4252     0.3673    91.2259 0.0000e+00
        436 132.647323    0.03019     1.8113    108.678     26.250  50640.703    31.7660     6.5950     26.000     6.5928    24.9248     6.7385     9.6299     96.800    293.621    300.940   -0.00056    6.96118    9.94823  303.32600   15.63755 1.4588e+01     1.5401     0.3699    91.1662 0.0000e+00
        442 132.647341    0.03061     1.8369    110.212     27.261  50648.455    31.7706     6.5930     27.000     6.5888    24.9287     6.7390     9.6307     96.807    293.643    300.964   -0.00038    6.96129    9.94838  303.32962   15.63771 1.2887e+01     1.5025     0.3746    91.0602 0.0000e+00
        445 132.647351    0.03086     1.8515    111.092     28.264  50655.889    31.7748     6.5900     28.000     6.5852    24.9323     6.7379     9.6291     96.786    293.593    300.912   -0.00048    6.96159    9.94881  303.34178   15.63827 1.1381e+01     1.5001     0.3720    91.1195 0.0000e+00
        449 132.647362    0.03114     1.8683    112.101     29.269  50666.709    31.7806     6.5838     29.000     6.5782    24.9378     6.7378     9.6290     96.775    293.589    300.910   -0.00052    6.96233    9.94987  303.37253   15.63971 1.0101e+01     1.6596     0.3727    91.1030 0.0000e+00
        455 132.647379    0.03155     1.8927    113.562     30.285  50675.145    31.7851     6.5789     30.000     6.5764    24.9419     6.7242     9.6096     96.572    292.995    300.303   -0.00152    6.96291    9.95070  303.39625   15.64082 8.9338e+00     1.6179     0.3696    91.1743 0.0000e+00
        461 132.647396    0.03195     1.9172    115.035     31.298  50682.712    31.7897     6.5775     31.000     6.5719    24.9456     6.7228     9.6075     96.551    292.930    300.237   -0.00119    6.96292    9.95072  303.39577   15.64078 7.8556e+00     1.4784     0.3678    91.2145 0.0000e+00
        466 132.647410    0.03228     1.9370    116.219     32.304  50696.621    31.7976     6.5709     32.000     6.5669    24.9528     6.7243     9.6096     96.563    292.994    300.306   -0.00086    6.96363    9.95172  303.42448   15.64212 6.9575e+00     1.6428     0.3606    91.3785 0.0000e+00
        471 132.647424    0.03262     1.9572    117.434     33.316  50700.900    31.7996     6.5685     33.000     6.5652    24.9547     6.7213     9.6054     96.516    292.864    300.172   -0.00089    6.96394    9.95216  303.43704   15.64271 6.1684e+00     1.5792     0.3568    91.4660 0.0000e+00
        475 132.647437    0.03294     1.9762    118.575     34.324  50703.537    31.8009     6.5679     34.000     6.5648    24.9558     6.7155     9.5972     96.432    292.612    299.915   -0.00118    6.96397    9.95222  303.43857   15.64278 5.4580e+00     1.4880     0.3567    91.4678 0.0000e+00
        480 132.647451    0.03326     1.9959    119.755     35.329  50703.838    31.8007     6.5681     35.000     6.5654    24.9556     6.7125     9.5929     96.390    292.483    299.782   -0.00122    6.96395    9.95217  303.43731   15.64272 4.8504e+00     1.3005     0.3551    91.5045 0.0000e+00
        486 132.647469    0.03370     2.0219    121.317     36.346  50706.986    31.8022     6.5672     36.000     6.5623    24.9570     6.7136     9.5944     96.404    292.528    299.828   -0.00076    6.96402    9.95228  303.44028   15.64286 4.3117e+00     1.4633     0.3547    91.5131 0.0000e+00
        491 132.647484    0.03406     2.0434    122.602     37.357  50716.841    31.8077     6.5623     37.000     6.5586    24.9619     6.7131     9.5937     96.389    292.505    299.806   -0.00067    6.96457    9.95307  303.46267   15.64390 3.8063e+00     1.3573     0.3515    91.5864 0.0000e+00
        495 132.647495    0.03434     2.0601    123.607     38.361  50718.645    31.8083     6.5617     38.000     6.5583    24.9625     6.7076     9.5859     96.309    292.266    299.563   -0.00101    6.96464    9.95316  303.46543   15.64403 3.3665e+00     1.4129     0.3509    91.5996 0.0000e+00
        500 132.647508    0.03463     2.0781    124.689     39.367  50718.596    31.8078     6.5618     39.000     6.5586    24.9621     6.7074     9.5856     96.306    292.258    299.553   -0.00085    6.96465    9.95318  303.46595   15.64406 2.9846e+00     1.3259     0.3481    91.6635 0.0000e+00
        506 132.647527    0.03509     2.1052    126.313     40.381  50719.724    31.8082     6.5620     40.000     6.5586    24.9623     6.7059     9.5835     96.286    292.194    299.487   -0.00073    6.96459    9.95310  303.46359   15.64394 2.6568e+00     1.4525     0.3447    91.7439 0.0000e+00
        513 132.647546    0.03554     2.1325    127.952     41.399  50720.330    31.8081     6.5619     41.000     6.5584    24.9623     6.7014     9.5770     96.221    291.996    299.285   -0.00084    6.96460    9.95311  303.46393   15.64397 2.3580e+00     1.4790     0.3485    91.6549 0.0000e+00
        517 132.647557    0.03582     2.1492    128.954     42.403  50721.476    31.8085     6.5619     42.000     6.5583    24.9626     6.7032     9.5795     96.246    292.074    299.364   -0.00068    6.96460    9.95310  303.46349   15.64394 2.0938e+00     1.4314     0.3508    91.6035 0.0000e+00
        520 132.647568    0.03607     2.1645    129.869     43.389  50721.591    31.8080     6.5620     43.000     6.5583    24.9623     6.7089     9.5876     96.329    292.322    299.618    0.00003    6.96459    9.95310  303.46352   15.64394 1.8681e+00     1.3014     0.3506    91.6080 0.0000e+00
