CTD-processing/allCTD/CNV/2019_04-24_alongbay_s02_cast131_4141.cnv
* Sea-Bird SBE19plus Data File:
* FileName = C:\Users\kbnerr\Documents\SeaBird Files\04_24_2019_AlongBay\04_24_2019_AlongBay_STATION_cast131.hex
* Software Version 1.59
* Temperature SN =  4141
* Conductivity SN =  4141
* System UpLoad Time = Apr 29 2019 11:51:16
** Kachemak Bay - Along Bay
** 04_24_2019
** Station02
** N'
** W'
** Start Time
** Depth120
# nquan = 27
# nvalues = 117                         
# units = specified
# name 0 = scan: Scan Count
# name 1 = timeJ: Julian Days
# name 2 = timeH: Time, Elapsed [hours]
# name 3 = timeM: Time, Elapsed [minutes]
# name 4 = timeS: Time, Elapsed [seconds]
# name 5 = prdM: Pressure, Strain Gauge [db]
# name 6 = specc: Specific Conductance [uS/cm]
# name 7 = sal00: Salinity, Practical [PSU]
# name 8 = tv290C: Temperature [ITS-90, deg C]
# name 9 = depSM: Depth [salt water, m], lat = 59.00
# name 10 = potemp090C: Potential Temperature [ITS-90, deg C]
# name 11 = sigma-é00: Density [sigma-theta, kg/m^3]
# name 12 = sbeox0ML/L: Oxygen, SBE 43 [ml/l]
# name 13 = sbeox0Mg/L: Oxygen, SBE 43 [mg/l]
# name 14 = sbeox0PS: Oxygen, SBE 43 [% saturation]
# name 15 = sbox0Mm/Kg: Oxygen, SBE 43 [umol/kg]
# name 16 = sbeox0Mm/L: Oxygen, SBE 43 [umol/l]
# name 17 = sbox0dV/dT: Oxygen, SBE 43 [dov/dt]
# name 18 = oxsolML/L: Oxygen Saturation, Garcia & Gordon [ml/l]
# name 19 = oxsolMg/L: Oxygen Saturation, Garcia & Gordon [mg/l]
# name 20 = oxsolMm/Kg: Oxygen Saturation, Garcia & Gordon [umol/kg]
# name 21 = n2satMg/L: Nitrogen Saturation [mg/l]
# name 22 = par: PAR/Irradiance, Biospherical/Licor
# name 23 = wetStar: Fluorescence, WET Labs WETstar [mg/m^3]
# name 24 = CStarAt0: Beam Attenuation, WET Labs C-Star [1/m]
# name 25 = CStarTr0: Beam Transmission, WET Labs C-Star [%]
# name 26 = flag: flag
# span 0 =        278,        882       
# span 1 = 114.541532, 114.543278       
# span 2 =    0.01926,    0.06117       
# span 3 =     1.1553,     3.6702       
# span 4 =     69.318,    220.213       
# span 5 =      1.031,    118.132       
# span 6 =  50539.874,  50917.046       
# span 7 =    31.5794,    31.8325       
# span 8 =     5.9185,     6.1853       
# span 9 =      1.000,    117.000       
# span 10 =     5.9172,     6.1835      
# span 11 =    24.8598,    25.0317      
# span 12 =     6.8112,     7.8173      
# span 13 =     9.7339,    11.1717      
# span 14 =     96.936,    110.404      
# span 15 =    296.768,    340.651      
# span 16 =    304.188,    349.120      
# span 17 =   -0.02711,    0.01281      
# span 18 =    7.02648,    7.08089      
# span 19 =   10.04154,   10.11931      
# span 20 =  306.14816,  308.56136      
# span 21 =   15.77195,   15.88783      
# span 22 = 3.6166e-02, 1.7747e+02      
# span 23 =     0.9369,     6.5498      
# span 24 =     0.4639,     0.8801      
# span 25 =    80.2510,    89.0496      
# span 26 = 0.0000e+00, 0.0000e+00      
# interval = meters: 1                  
# start_time = Apr 24 2019 12:58:39 [Instrument's time stamp, header]
# bad_flag = -9.990e-29
*END*
[from data line 54]
        544 114.542301    0.03773     2.2636    135.815     55.526  50841.313    31.8118     6.1744     55.000     6.1699    25.0136     6.9193     9.8884     98.457    301.475    309.017   -0.00015    7.02769   10.04326  306.19745   15.77425 3.6170e-02     1.2396     0.5236    87.7309 0.0000e+00
        550 114.542317    0.03810     2.2859    137.154     56.534  50842.229    31.8120     6.1745     56.000     6.1698    25.0137     6.9167     9.8846     98.421    301.361    308.899   -0.00034    7.02767   10.04324  306.19671   15.77422 3.6170e-02     1.2052     0.5172    87.8707 0.0000e+00
        555 114.542333    0.03850     2.3099    138.596     57.554  50843.280    31.8122     6.1745     57.000     6.1698    25.0139     6.9098     9.8748     98.323    301.062    308.592   -0.00080    7.02766   10.04323  306.19611   15.77419 3.6170e-02     1.4116     0.5210    87.7869 0.0000e+00
        560 114.542347    0.03881     2.3289    139.732     58.551  50844.322    31.8125     6.1745     58.000     6.1696    25.0141     6.9071     9.8710     98.285    300.945    308.473   -0.00098    7.02765   10.04321  306.19550   15.77415 3.6170e-02     1.2579     0.5286    87.6195 0.0000e+00
        566 114.542363    0.03921     2.3526    141.154     59.566  50845.579    31.8129     6.1744     59.000     6.1696    25.0144     6.9147     9.8818     98.393    301.274    308.811   -0.00005    7.02764   10.04319  306.19483   15.77412 3.6170e-02     1.1548     0.5211    87.7850 0.0000e+00
        571 114.542377    0.03956     2.3737    142.420     60.574  50845.830    31.8126     6.1746     60.000     6.1695    25.0142     6.9101     9.8752     98.328    301.074    308.605   -0.00053    7.02763   10.04320  306.19491   15.77413 3.6170e-02     1.1384     0.5164    87.8900 0.0000e+00
        576 114.542393    0.03993     2.3960    143.759     61.585  50846.823    31.8128     6.1746     61.000     6.1696    25.0144     6.9129     9.8792     98.368    301.195    308.730   -0.00020    7.02762   10.04316  306.19401   15.77408 3.6170e-02     1.2345     0.5216    87.7745 0.0000e+00
        581 114.542408    0.04029     2.4174    145.045     62.592  50847.940    31.8131     6.1746     62.000     6.1695    25.0146     6.9190     9.8879     98.455    301.461    309.001    0.00029    7.02759   10.04313  306.19293   15.77403 3.6170e-02     1.3976     0.5187    87.8386 0.0000e+00
        586 114.542423    0.04066     2.4393    146.360     63.609  50848.816    31.8132     6.1747     63.000     6.1695    25.0147     6.9176     9.8860     98.435    301.401    308.942    0.00004    7.02759   10.04312  306.19251   15.77401 3.6170e-02     1.1947     0.5198    87.8135 0.0000e+00
        592 114.542439    0.04103     2.4618    147.709     64.612  50849.332    31.8131     6.1748     64.000     6.1695    25.0146     6.9142     9.8811     98.387    301.253    308.789   -0.00030    7.02757   10.04310  306.19187   15.77398 3.6170e-02     1.3780     0.5125    87.9740 0.0000e+00
        598 114.542456    0.04144     2.4863    149.175     65.630  50850.339    31.8134     6.1748     65.000     6.1695    25.0148     6.9093     9.8741     98.318    301.040    308.571   -0.00065    7.02755   10.04307  306.19113   15.77394 3.6170e-02     1.1460     0.5125    87.9736 0.0000e+00
        602 114.542469    0.04177     2.5058    150.349     66.629  50850.705    31.8132     6.1749     66.000     6.1695    25.0146     6.9100     9.8751     98.328    301.070    308.601   -0.00052    7.02754   10.04306  306.19078   15.77393 3.6170e-02     1.1637     0.5127    87.9703 0.0000e+00
        608 114.542487    0.04217     2.5306    151.836     67.646  50851.286    31.8131     6.1749     67.000     6.1694    25.0146     6.9087     9.8732     98.309    301.011    308.541   -0.00048    7.02755   10.04306  306.19088   15.77394 3.6170e-02     0.9871     0.5135    87.9517 0.0000e+00
        613 114.542501    0.04253     2.5519    153.113     68.652  50852.622    31.8136     6.1750     68.000     6.1694    25.0150     6.9107     9.8762     98.338    301.102    308.634   -0.00029    7.02751   10.04301  306.18923   15.77385 3.6170e-02     1.2419     0.5149    87.9213 0.0000e+00
        619 114.542517    0.04291     2.5743    154.456     69.666  50853.628    31.8138     6.1750     69.000     6.1694    25.0152     6.9175     9.8858     98.434    301.394    308.934    0.00032    7.02749   10.04298  306.18837   15.77381 3.6170e-02     1.1818     0.5115    87.9980 0.0000e+00
        624 114.542532    0.04326     2.5957    155.744     70.673  50853.816    31.8135     6.1751     70.000     6.1693    25.0149     6.9163     9.8842     98.419    301.348    308.886    0.00005    7.02750   10.04300  306.18887   15.77384 3.6170e-02     1.3620     0.5096    88.0379 0.0000e+00
        629 114.542546    0.04361     2.6167    157.000     71.678  50854.899    31.8137     6.1751     71.000     6.1693    25.0151     6.9154     9.8827     98.404    301.301    308.839   -0.00007    7.02748   10.04297  306.18794   15.77379 3.6170e-02     1.2852     0.5160    87.8982 0.0000e+00
        634 114.542562    0.04398     2.6388    158.328     72.697  50855.931    31.8140     6.1752     72.000     6.1693    25.0153     6.9082     9.8725     98.302    300.990    308.519   -0.00077    7.02746   10.04294  306.18692   15.77374 3.6170e-02     1.2414     0.4994    88.2630 0.0000e+00
        639 114.542576    0.04433     2.6598    159.588     73.702  50856.444    31.8138     6.1753     73.000     6.1693    25.0152     6.9111     9.8767     98.345    301.119    308.651   -0.00037    7.02745   10.04293  306.18663   15.77373 3.6170e-02     1.0531     0.4900    88.4703 0.0000e+00
        644 114.542591    0.04468     2.6809    160.855     74.712  50857.498    31.8141     6.1754     74.000     6.1693    25.0154     6.9160     9.8837     98.415    301.332    308.870    0.00008    7.02743   10.04289  306.18537   15.77367 3.6170e-02     1.2006     0.4905    88.4595 0.0000e+00
        650 114.542606    0.04506     2.7033    162.200     75.721  50858.629    31.8144     6.1754     75.000     6.1692    25.0157     6.9156     9.8831     98.409    301.313    308.851   -0.00002    7.02741   10.04287  306.18459   15.77363 3.6170e-02     1.4525     0.4872    88.5334 0.0000e+00
        655 114.542622    0.04543     2.7258    163.551     76.733  50859.858    31.8148     6.1755     76.000     6.1692    25.0160     6.9162     9.8839     98.418    301.339    308.878    0.00000    7.02737   10.04282  306.18309   15.77356 3.6170e-02     1.1031     0.4878    88.5194 0.0000e+00
        660 114.542637    0.04578     2.7471    164.826     77.740  50860.641    31.8148     6.1753     77.000     6.1688    25.0160     6.9150     9.8822     98.400    301.286    308.823   -0.00021    7.02741   10.04286  306.18437   15.77362 3.6170e-02     0.9958     0.4774    88.7495 0.0000e+00
        666 114.542652    0.04616     2.7696    166.177     78.754  50861.864    31.8151     6.1750     78.000     6.1686    25.0163     6.9126     9.8788     98.366    301.184    308.718   -0.00035    7.02744   10.04291  306.18569   15.77368 3.6170e-02     1.1311     0.4747    88.8090 0.0000e+00
        671 114.542667    0.04650     2.7896    167.376     79.760  50862.068    31.8149     6.1752     79.000     6.1688    25.0161     6.9111     9.8766     98.344    301.116    308.649   -0.00049    7.02742   10.04289  306.18511   15.77365 3.6170e-02     1.2578     0.4822    88.6425 0.0000e+00
        676 114.542681    0.04686     2.8114    168.682     80.773  50862.880    31.8150     6.1756     80.000     6.1690    25.0162     6.9087     9.8731     98.311    301.010    308.540   -0.00058    7.02735   10.04278  306.18179   15.77349 3.6170e-02     1.4680     0.4861    88.5579 0.0000e+00
        681 114.542696    0.04719     2.8314    169.886     81.778  50863.010    31.8146     6.1755     81.000     6.1688    25.0159     6.9126     9.8787     98.366    301.181    308.716   -0.00017    7.02739   10.04283  306.18351   15.77358 3.6170e-02     1.2352     0.4820    88.6474 0.0000e+00
        686 114.542711    0.04757     2.8539    171.234     82.790  50864.206    31.8150     6.1757     82.000     6.1690    25.0162     6.9115     9.8772     98.352    301.135    308.668   -0.00032    7.02733   10.04276  306.18122   15.77347 3.6170e-02     1.1839     0.4754    88.7953 0.0000e+00
        691 114.542726    0.04793     2.8757    172.544     83.801  50864.734    31.8149     6.1759     83.000     6.1691    25.0161     6.9152     9.8825     98.404    301.293    308.830    0.00002    7.02729   10.04270  306.17939   15.77338 3.6170e-02     1.1965     0.4852    88.5765 0.0000e+00
        697 114.542742    0.04831     2.8985    173.907     84.812  50865.259    31.8148     6.1759     84.000     6.1690    25.0160     6.9186     9.8874     98.453    301.444    308.984    0.00024    7.02730   10.04272  306.17989   15.77340 3.6170e-02     1.0869     0.4802    88.6866 0.0000e+00
        702 114.542756    0.04865     2.9192    175.149     85.817  50865.991    31.8149     6.1760     85.000     6.1691    25.0160     6.9147     9.8818     98.398    301.275    308.811   -0.00024    7.02728   10.04269  306.17910   15.77337 3.6170e-02     1.0504     0.4842    88.5997 0.0000e+00
        707 114.542772    0.04903     2.9416    176.496     86.831  50866.458    31.8148     6.1762     86.000     6.1690    25.0159     6.9168     9.8847     98.427    301.362    308.901   -0.00006    7.02727   10.04267  306.17842   15.77334 3.6170e-02     1.2359     0.4815    88.6606 0.0000e+00
        712 114.542787    0.04939     2.9633    177.800     87.841  50867.409    31.8149     6.1761     87.000     6.1690    25.0161     6.9139     9.8806     98.386    301.237    308.772   -0.00033    7.02726   10.04266  306.17804   15.77332 3.6170e-02     1.2272     0.4811    88.6684 0.0000e+00
        717 114.542802    0.04975     2.9849    179.097     88.850  50868.223    31.8150     6.1762     88.000     6.1690    25.0162     6.9104     9.8757     98.338    301.086    308.618   -0.00057    7.02724   10.04263  306.17717   15.77328 3.6170e-02     1.4052     0.4729    88.8497 0.0000e+00
        723 114.542817    0.05011     3.0068    180.409     89.858  50869.497    31.8154     6.1763     89.000     6.1690    25.0165     6.9112     9.8768     98.349    301.121    308.654   -0.00042    7.02721   10.04258  306.17549   15.77319 3.6170e-02     1.0852     0.4782    88.7320 0.0000e+00
        728 114.542833    0.05049     3.0295    181.768     90.869  50869.564    31.8150     6.1762     90.000     6.1686    25.0162     6.9170     9.8852     98.432    301.376    308.916    0.00010    7.02725   10.04264  306.17760   15.77330 3.6170e-02     1.2117     0.4822    88.6430 0.0000e+00
        733 114.542848    0.05085     3.0514    183.083     91.879  50870.203    31.8149     6.1760     91.000     6.1685    25.0161     6.9146     9.8817     98.396    301.270    308.807   -0.00012    7.02729   10.04270  306.17932   15.77338 3.6170e-02     1.0586     0.4814    88.6601 0.0000e+00
        739 114.542864    0.05123     3.0737    184.425     92.888  50870.494    31.8146     6.1761     92.000     6.1685    25.0159     6.9084     9.8728     98.309    301.000    308.529   -0.00073    7.02728   10.04269  306.17926   15.77338 3.6170e-02     1.1797     0.4827    88.6304 0.0000e+00
        744 114.542880    0.05163     3.0975    185.852     93.902  50871.950    31.8151     6.1760     93.000     6.1683    25.0163     6.9190     9.8879     98.459    301.461    309.002    0.00030    7.02728   10.04268  306.17874   15.77335 3.6170e-02     1.2185     0.4792    88.7108 0.0000e+00
        750 114.542895    0.05198     3.1189    187.133     94.902  50872.530    31.8151     6.1761     94.000     6.1684    25.0163     6.9160     9.8837     98.417    301.330    308.868   -0.00006    7.02725   10.04265  306.17771   15.77330 3.6170e-02     1.2641     0.4855    88.5704 0.0000e+00
        756 114.542913    0.05240     3.1442    188.652     95.927  50873.401    31.8152     6.1761     95.000     6.1682    25.0164     6.9133     9.8797     98.378    301.211    308.747   -0.00037    7.02726   10.04265  306.17782   15.77331 3.6170e-02     0.9369     0.4712    88.8888 0.0000e+00
        760 114.542927    0.05274     3.1645    189.873     96.925  50874.843    31.8156     6.1758     96.000     6.1677    25.0168     6.9097     9.8747     98.327    301.056    308.588   -0.00060    7.02728   10.04269  306.17878   15.77335 3.6170e-02     1.2232     0.4675    88.9696 0.0000e+00
        766 114.542944    0.05315     3.1892    191.351     97.946  50876.515    31.8162     6.1753     97.000     6.1672    25.0174     6.9134     9.8799     98.379    301.216    308.752   -0.00018    7.02733   10.04276  306.18091   15.77345 3.6170e-02     1.2925     0.4639    89.0496 0.0000e+00
        771 114.542958    0.05349     3.2094    192.564     98.942  50878.212    31.8169     6.1751     98.000     6.1669    25.0179     6.9112     9.8767     98.347    301.119    308.652   -0.00032    7.02733   10.04276  306.18081   15.77344 3.6170e-02     1.2797     0.4663    88.9966 0.0000e+00
        777 114.542976    0.05392     3.2351    194.105     99.969  50881.009    31.8183     6.1744     99.000     6.1651    25.0191     6.9135     9.8801     98.379    301.220    308.756   -0.00014    7.02739   10.04284  306.18272   15.77353 3.6170e-02     1.1148     0.4680    88.9600 0.0000e+00
        783 114.542992    0.05430     3.2577    195.462    100.969  50889.442    31.8229     6.1709    100.000     6.1619    25.0232     6.9117     9.8776     98.349    301.143    308.678   -0.00033    7.02776   10.04337  306.19748   15.77422 3.6170e-02     1.1418     0.4936    88.3916 0.0000e+00
        788 114.543007    0.05467     3.2802    196.810    101.969  50892.543    31.8244     6.1699    101.000     6.1616    25.0245     6.9028     9.8648     98.220    300.751    308.278   -0.00081    7.02784   10.04349  306.20093   15.77437 3.6170e-02     1.2867     0.5171    87.8734 0.0000e+00
        794 114.543025    0.05509     3.3053    198.318    102.991  50893.688    31.8246     6.1696    102.000     6.1609    25.0248     6.8988     9.8591     98.163    300.579    308.101   -0.00109    7.02788   10.04355  306.20270   15.77445 3.6170e-02     1.1450     0.5041    88.1600 0.0000e+00
        800 114.543041    0.05550     3.3298    199.788    104.002  50896.860    31.8262     6.1688    103.000     6.1599    25.0260     6.8783     9.8297     97.870    299.681    307.181   -0.00257    7.02795   10.04365  306.20521   15.77457 3.6170e-02     1.3970     0.5179    87.8548 0.0000e+00
        805 114.543056    0.05585     3.3509    201.054    105.002  50898.598    31.8268     6.1682    104.000     6.1596    25.0266     6.8898     9.8463     98.034    300.187    307.700   -0.00071    7.02801   10.04373  306.20754   15.77468 3.6170e-02     1.3519     0.5425    87.3181 0.0000e+00
        811 114.543074    0.05628     3.3766    202.598    106.025  50898.810    31.8265     6.1683    105.000     6.1597    25.0263     6.8724     9.8213     97.786    299.427    306.920   -0.00213    7.02801   10.04373  306.20762   15.77468 3.6170e-02     1.2771     0.5261    87.6757 0.0000e+00
        817 114.543089    0.05665     3.3990    203.940    107.027  50899.095    31.8263     6.1686    106.000     6.1599    25.0262     6.8846     9.8387     97.960    299.958    307.465   -0.00051    7.02797   10.04367  306.20589   15.77460 3.6170e-02     1.1332     0.5215    87.7773 0.0000e+00
        823 114.543107    0.05706     3.4236    205.417    108.036  50900.997    31.8271     6.1683    107.000     6.1592    25.0269     6.8820     9.8350     97.923    299.846    307.350   -0.00058    7.02799   10.04370  306.20654   15.77463 3.6170e-02     1.0705     0.5336    87.5127 0.0000e+00
