CTD-processing/allCTD/CNV/2019_03-19_alongbay_skb03_cast101_4141.cnv
* Sea-Bird SBE19plus Data File:
* FileName = C:\Users\Kim.Powell\Desktop\Not Processed\2019\2019_03-19_AlongBay, T9_4141\2019_03-19_TRANSECT_STATION_cast101.hex
* Software Version 1.59
* Temperature SN =  4141
* Conductivity SN =  4141
* System UpLoad Time = Mar 20 2019 08:36:06
** 2018_03-19
** Station: KB03
** Start Time: 12:38
** Depth (m): 112.3
** Comment:**CTD time was 1 hour behind**
** Comment:
# nquan = 27
# nvalues = 105                         
# units = specified
# name 0 = scan: Scan Count
# name 1 = timeJ: Julian Days
# name 2 = timeH: Time, Elapsed [hours]
# name 3 = timeM: Time, Elapsed [minutes]
# name 4 = timeS: Time, Elapsed [seconds]
# name 5 = prdM: Pressure, Strain Gauge [db]
# name 6 = specc: Specific Conductance [uS/cm]
# name 7 = sal00: Salinity, Practical [PSU]
# name 8 = tv290C: Temperature [ITS-90, deg C]
# name 9 = depSM: Depth [salt water, m], lat = 59.00
# name 10 = potemp090C: Potential Temperature [ITS-90, deg C]
# name 11 = sigma-é00: Density [sigma-theta, kg/m^3]
# name 12 = sbeox0ML/L: Oxygen, SBE 43 [ml/l]
# name 13 = sbeox0Mg/L: Oxygen, SBE 43 [mg/l]
# name 14 = sbeox0PS: Oxygen, SBE 43 [% saturation]
# name 15 = sbox0Mm/Kg: Oxygen, SBE 43 [umol/kg]
# name 16 = sbeox0Mm/L: Oxygen, SBE 43 [umol/l]
# name 17 = sbox0dV/dT: Oxygen, SBE 43 [dov/dt]
# name 18 = oxsolML/L: Oxygen Saturation, Garcia & Gordon [ml/l]
# name 19 = oxsolMg/L: Oxygen Saturation, Garcia & Gordon [mg/l]
# name 20 = oxsolMm/Kg: Oxygen Saturation, Garcia & Gordon [umol/kg]
# name 21 = n2satMg/L: Nitrogen Saturation [mg/l]
# name 22 = par: PAR/Irradiance, Biospherical/Licor
# name 23 = wetStar: Fluorescence, WET Labs WETstar [mg/m^3]
# name 24 = CStarAt0: Beam Attenuation, WET Labs C-Star [1/m]
# name 25 = CStarTr0: Beam Transmission, WET Labs C-Star [%]
# name 26 = flag: flag
# span 0 =        347,        806       
# span 1 =  78.485990,  78.487316       
# span 2 =    0.02405,    0.05588       
# span 3 =     1.4428,     3.3524       
# span 4 =     86.572,    201.144       
# span 5 =      1.034,    106.008       
# span 6 =  50787.228,  50985.055       
# span 7 =    31.6845,    31.7839       
# span 8 =     5.5665,     5.6554       
# span 9 =      1.000,    105.000       
# span 10 =     5.5649,     5.6489      
# span 11 =    24.9818,    25.0537      
# span 12 =     6.5615,     6.6756      
# span 13 =     9.3769,     9.5400      
# span 14 =     92.213,     93.576      
# span 15 =    285.872,    290.862      
# span 16 =    293.034,    298.130      
# span 17 =   -0.00210,    0.00035      
# span 18 =    7.11541,    7.13468      
# span 19 =   10.16862,   10.19617      
# span 20 =  310.00731,  310.86592      
# span 21 =   15.95590,   15.99716      
# span 22 = 3.7425e-02, 1.2229e+02      
# span 23 =     0.4009,     1.0647      
# span 24 =     0.2203,     0.3937      
# span 25 =    90.6281,    94.6413      
# span 26 = 0.0000e+00, 0.0000e+00      
# interval = meters: 1                  
# start_time = Mar 19 2019 11:38:23 [Instrument's time stamp, header]
# bad_flag = -9.990e-29
*END*
[from data line 54]
        579  78.486660    0.04012     2.4074    144.444     55.522  50940.604    31.7761     5.6493     55.000     5.6451    25.0479     6.5884     9.4155     92.577    287.050    294.241   -0.00037    7.11674   10.17054  310.06719   15.95878 7.1421e-01     0.6977     0.2344    94.3092 0.0000e+00
        584  78.486674    0.04046     2.4275    145.648     56.542  50941.036    31.7759     5.6495     56.000     5.6452    25.0477     6.5884     9.4155     92.576    287.049    294.239   -0.00028    7.11672   10.17051  310.06645   15.95874 6.4351e-01     0.7020     0.2354    94.2841 0.0000e+00
        588  78.486686    0.04075     2.4449    146.696     57.543  50941.702    31.7760     5.6498     57.000     5.6454    25.0477     6.5911     9.4193     92.615    287.165    294.358   -0.00014    7.11668   10.17044  310.06442   15.95864 5.8024e-01     0.7141     0.2387    94.2071 0.0000e+00
        592  78.486699    0.04106     2.4634    147.805     58.557  50942.957    31.7764     5.6499     58.000     5.6456    25.0480     6.5854     9.4112     92.536    286.918    294.104   -0.00053    7.11663   10.17037  310.06208   15.95853 5.2660e-01     0.6963     0.2371    94.2461 0.0000e+00
        597  78.486712    0.04137     2.4821    148.925     59.566  50944.994    31.7774     5.6503     59.000     5.6460    25.0488     6.5877     9.4145     92.569    287.018    294.207   -0.00033    7.11650   10.17019  310.05645   15.95825 4.7548e-01     0.6851     0.2374    94.2397 0.0000e+00
        601  78.486725    0.04167     2.5000    150.000     60.571  50945.554    31.7774     5.6510     60.000     5.6465    25.0488     6.5875     9.4143     92.568    287.011    294.200   -0.00025    7.11640   10.17005  310.05217   15.95806 4.3038e-01     0.6832     0.2422    94.1249 0.0000e+00
        606  78.486740    0.04203     2.5221    151.323     61.591  50946.676    31.7779     5.6517     61.000     5.6472    25.0490     6.5838     9.4089     92.518    286.848    294.033   -0.00052    7.11626   10.16984  310.04575   15.95775 3.8983e-01     0.7031     0.2422    94.1242 0.0000e+00
        611  78.486752    0.04233     2.5397    152.380     62.591  50947.672    31.7781     5.6521     62.000     5.6473    25.0492     6.5818     9.4061     92.491    286.763    293.946   -0.00062    7.11619   10.16974  310.04268   15.95760 3.5137e-01     0.6825     0.2474    94.0034 0.0000e+00
        615  78.486766    0.04267     2.5600    153.603     63.604  50948.212    31.7781     5.6521     63.000     5.6472    25.0491     6.5832     9.4080     92.510    286.821    294.006   -0.00041    7.11618   10.16974  310.04238   15.95759 3.1894e-01     0.6705     0.2505    93.9294 0.0000e+00
        621  78.486781    0.04303     2.5816    154.893     64.614  50948.700    31.7779     5.6521     64.000     5.6471    25.0490     6.5746     9.3958     92.390    286.447    293.622   -0.00099    7.11618   10.16973  310.04249   15.95759 2.8823e-01     0.6849     0.2452    94.0550 0.0000e+00
        626  78.486796    0.04337     2.6024    156.143     65.626  50949.400    31.7779     5.6522     65.000     5.6471    25.0491     6.5786     9.4015     92.446    286.621    293.801   -0.00054    7.11617   10.16972  310.04204   15.95757 2.6181e-01     0.6714     0.2477    93.9956 0.0000e+00
        630  78.486809    0.04369     2.6214    157.282     66.637  50950.622    31.7783     5.6522     66.000     5.6472    25.0493     6.5826     9.4072     92.502    286.794    293.978   -0.00004    7.11615   10.16969  310.04119   15.95753 2.3640e-01     0.6937     0.2472    94.0077 0.0000e+00
        634  78.486820    0.04397     2.6382    158.290     67.642  50952.834    31.7795     5.6528     67.000     5.6478    25.0502     6.5820     9.4063     92.495    286.768    293.951   -0.00018    7.11601   10.16948  310.03434   15.95720 2.1474e-01     0.6532     0.2516    93.9026 0.0000e+00
        638  78.486833    0.04426     2.6556    159.333     68.654  50952.947    31.7791     5.6532     68.000     5.6479    25.0499     6.5798     9.4032     92.466    286.672    293.853   -0.00038    7.11596   10.16941  310.03240   15.95711 1.9557e-01     0.7059     0.2577    93.7599 0.0000e+00
        642  78.486844    0.04453     2.6717    160.302     69.661  50953.993    31.7794     5.6535     69.000     5.6483    25.0501     6.5782     9.4009     92.444    286.603    293.783   -0.00045    7.11589   10.16932  310.02951   15.95697 1.7804e-01     0.7024     0.2601    93.7057 0.0000e+00
        647  78.486857    0.04483     2.6900    161.398     70.676  50954.819    31.7795     5.6539     70.000     5.6484    25.0502     6.5770     9.3992     92.428    286.551    293.729   -0.00053    7.11582   10.16922  310.02624   15.95681 1.6216e-01     0.6362     0.2630    93.6359 0.0000e+00
        651  78.486868    0.04512     2.7071    162.423     71.679  50955.486    31.7796     5.6540     71.000     5.6487    25.0501     6.5826     9.4072     92.507    286.794    293.978   -0.00005    7.11578   10.16917  310.02498   15.95675 1.4825e-01     0.6545     0.2595    93.7181 0.0000e+00
        655  78.486880    0.04541     2.7242    163.452     72.698  50955.278    31.7790     5.6543     72.000     5.6485    25.0497     6.5850     9.4106     92.541    286.898    294.085    0.00017    7.11576   10.16913  310.02382   15.95670 1.3589e-01     0.7026     0.2613    93.6747 0.0000e+00
        659  78.486891    0.04566     2.7397    164.384     73.694  50955.830    31.7788     5.6540     73.000     5.6483    25.0496     6.5776     9.4000     92.436    286.576    293.754   -0.00048    7.11582   10.16922  310.02655   15.95683 1.2467e-01     0.6875     0.2651    93.5853 0.0000e+00
        664  78.486906    0.04602     2.7611    165.667     74.716  50957.068    31.7792     5.6540     74.000     5.6481    25.0499     6.5775     9.3999     92.435    286.573    293.751   -0.00051    7.11582   10.16922  310.02644   15.95683 1.1481e-01     0.6317     0.2635    93.6252 0.0000e+00
        668  78.486918    0.04632     2.7792    166.754     75.723  50958.027    31.7794     5.6540     75.000     5.6482    25.0501     6.5843     9.4096     92.530    286.868    294.055    0.00012    7.11580   10.16920  310.02579   15.95679 1.0554e-01     0.6423     0.2575    93.7659 0.0000e+00
        672  78.486930    0.04661     2.7963    167.778     76.726  50957.380    31.7785     5.6541     76.000     5.6482    25.0493     6.5766     9.3986     92.422    286.533    293.710   -0.00050    7.11582   10.16922  310.02675   15.95684 9.8093e-02     0.6509     0.2626    93.6462 0.0000e+00
        677  78.486945    0.04695     2.8172    169.032     77.747  50959.262    31.7793     5.6542     77.000     5.6483    25.0499     6.5759     9.3975     92.412    286.501    293.678   -0.00049    7.11577   10.16915  310.02427   15.95672 9.1084e-02     0.6501     0.2571    93.7748 0.0000e+00
        681  78.486957    0.04723     2.8342    170.051     78.750  50958.903    31.7786     5.6544     78.000     5.6484    25.0494     6.5720     9.3921     92.359    286.334    293.507   -0.00077    7.11577   10.16915  310.02435   15.95673 8.4711e-02     0.6585     0.2588    93.7354 0.0000e+00
        686  78.486969    0.04754     2.8526    171.156     79.759  50961.234    31.7798     5.6548     79.000     5.6488    25.0503     6.5761     9.3979     92.417    286.511    293.688   -0.00033    7.11565   10.16898  310.01902   15.95647 7.9366e-02     0.6802     0.2608    93.6891 0.0000e+00
        691  78.486984    0.04789     2.8730    172.377     80.779  50962.166    31.7801     5.6552     80.000     5.6489    25.0505     6.5769     9.3990     92.429    286.544    293.722   -0.00022    7.11557   10.16887  310.01557   15.95630 7.4406e-02     0.6702     0.2600    93.7057 0.0000e+00
        694  78.486994    0.04814     2.8880    173.282     81.782  50963.691    31.7806     5.6553     81.000     5.6489    25.0509     6.5800     9.4034     92.473    286.680    293.861    0.00001    7.11552   10.16880  310.01340   15.95620 7.0109e-02     0.6719     0.2744    93.3695 0.0000e+00
        698  78.487005    0.04839     2.9035    174.209     82.782  50964.733    31.7808     5.6551     82.000     5.6486    25.0511     6.5756     9.3971     92.412    286.489    293.666   -0.00035    7.11554   10.16883  310.01406   15.95623 6.6339e-02     0.6492     0.2950    92.8904 0.0000e+00
        703  78.487019    0.04872     2.9231    175.386     83.809  50965.814    31.7811     5.6549     83.000     5.6484    25.0513     6.5760     9.3978     92.418    286.508    293.685   -0.00032    7.11556   10.16885  310.01451   15.95625 6.2518e-02     0.6213     0.3047    92.6633 0.0000e+00
        706  78.487029    0.04899     2.9392    176.351     84.807  50967.487    31.7817     5.6548     84.000     5.6481    25.0519     6.5740     9.3949     92.391    286.423    293.599   -0.00045    7.11556   10.16884  310.01438   15.95624 5.9348e-02     0.6465     0.3165    92.3920 0.0000e+00
        711  78.487042    0.04930     2.9576    177.455     85.815  50968.503    31.7819     5.6548     85.000     5.6482    25.0520     6.5761     9.3979     92.418    286.509    293.687   -0.00025    7.11555   10.16884  310.01407   15.95623 5.6619e-02     0.6587     0.3251    92.1945 0.0000e+00
        716  78.487057    0.04965     2.9790    178.742     86.840  50968.807    31.7817     5.6549     86.000     5.6480    25.0519     6.5718     9.3918     92.359    286.324    293.498   -0.00051    7.11554   10.16882  310.01362   15.95620 5.3912e-02     0.6200     0.3243    92.2114 0.0000e+00
        720  78.487068    0.04991     2.9944    179.665     87.834  50971.262    31.7828     5.6545     87.000     5.6476    25.0528     6.5652     9.3823     92.265    286.035    293.201   -0.00108    7.11556   10.16885  310.01430   15.95623 5.1839e-02     0.6434     0.3444    91.7500 0.0000e+00
        724  78.487081    0.05022     3.0132    180.794     88.847  50972.105    31.7828     5.6545     88.000     5.6475    25.0529     6.5705     9.3899     92.340    286.267    293.439   -0.00051    7.11556   10.16885  310.01413   15.95623 4.9881e-02     0.6189     0.3482    91.6644 0.0000e+00
        729  78.487096    0.05057     3.0341    182.045     89.868  50972.658    31.7828     5.6545     89.000     5.6477    25.0528     6.5725     9.3928     92.368    286.353    293.527   -0.00011    7.11556   10.16885  310.01418   15.95623 4.8159e-02     0.6331     0.3499    91.6232 0.0000e+00
        733  78.487106    0.05082     3.0494    182.963     90.865  50973.406    31.7828     5.6547     90.000     5.6477    25.0528     6.5670     9.3848     92.291    286.111    293.280   -0.00064    7.11552   10.16879  310.01249   15.95615 4.6802e-02     0.6256     0.3547    91.5133 0.0000e+00
        737  78.487118    0.05111     3.0667    184.004     91.877  50973.733    31.7826     5.6547     91.000     5.6476    25.0527     6.5615     9.3769     92.213    285.872    293.034   -0.00103    7.11553   10.16881  310.01306   15.95618 4.5492e-02     0.6331     0.3555    91.4968 0.0000e+00
        742  78.487132    0.05144     3.0864    185.181     92.894  50974.756    31.7828     5.6548     92.000     5.6476    25.0528     6.5645     9.3813     92.255    286.003    293.168   -0.00059    7.11551   10.16877  310.01179   15.95611 4.4412e-02     0.6239     0.3532    91.5472 0.0000e+00
        746  78.487143    0.05171     3.1025    186.151     93.892  50974.969    31.7825     5.6549     93.000     5.6476    25.0525     6.5694     9.3883     92.325    286.217    293.388   -0.00014    7.11551   10.16877  310.01198   15.95613 4.3450e-02     0.6494     0.3574    91.4530 0.0000e+00
        751  78.487157    0.05205     3.1231    187.386     94.911  50975.729    31.7825     5.6549     94.000     5.6476    25.0526     6.5740     9.3948     92.389    286.417    293.592    0.00025    7.11551   10.16877  310.01190   15.95612 4.2507e-02     0.6193     0.3577    91.4465 0.0000e+00
        755  78.487170    0.05237     3.1421    188.529     95.923  50976.399    31.7825     5.6551     95.000     5.6476    25.0526     6.5724     9.3927     92.368    286.352    293.525   -0.00002    7.11547   10.16871  310.01024   15.95605 4.1769e-02     0.6354     0.3571    91.4603 0.0000e+00
        759  78.487183    0.05267     3.1600    189.599     96.920  50977.529    31.7829     5.6550     96.000     5.6475    25.0528     6.5688     9.3876     92.318    286.195    293.365   -0.00035    7.11547   10.16871  310.01006   15.95603 4.1124e-02     0.6324     0.3566    91.4707 0.0000e+00
        765  78.487200    0.05308     3.1850    191.098     97.950  50977.907    31.7826     5.6548     97.000     5.6471    25.0527     6.5715     9.3913     92.354    286.309    293.482   -0.00012    7.11552   10.16879  310.01231   15.95614 4.0330e-02     0.6398     0.3586    91.4237 0.0000e+00
        769  78.487212    0.05336     3.2017    192.104     98.947  50979.125    31.7829     5.6547     98.000     5.6470    25.0530     6.5698     9.3888     92.330    286.233    293.404   -0.00023    7.11552   10.16879  310.01252   15.95615 3.9857e-02     0.6341     0.3742    91.0682 0.0000e+00
        774  78.487224    0.05367     3.2200    193.200     99.955  50980.570    31.7834     5.6548     99.000     5.6471    25.0534     6.5700     9.3892     92.334    286.245    293.416   -0.00029    7.11547   10.16872  310.01025   15.95604 3.9394e-02     0.6397     0.3798    90.9429 0.0000e+00
        779  78.487239    0.05402     3.2411    194.468    100.975  50981.627    31.7837     5.6550    100.000     5.6474    25.0536     6.5750     9.3963     92.405    286.462    293.639    0.00014    7.11543   10.16865  310.00812   15.95594 3.8866e-02     0.6526     0.3778    90.9873 0.0000e+00
        783  78.487251    0.05430     3.2582    195.489    101.976  50981.313    31.7831     5.6554    101.000     5.6473    25.0530     6.5681     9.3866     92.309    286.165    293.334   -0.00043    7.11541   10.16862  310.00731   15.95590 3.8514e-02     0.6239     0.3676    91.2186 0.0000e+00
        787  78.487264    0.05461     3.2769    196.617    102.989  50982.593    31.7834     5.6550    102.000     5.6470    25.0533     6.5701     9.3893     92.336    286.248    293.420   -0.00025    7.11544   10.16867  310.00863   15.95596 3.8138e-02     0.6370     0.3742    91.0703 0.0000e+00
        792  78.487277    0.05492     3.2953    197.716    103.998  50983.993    31.7839     5.6550    103.000     5.6471    25.0537     6.5699     9.3891     92.334    286.242    293.413   -0.00030    7.11541   10.16864  310.00753   15.95591 3.7880e-02     0.6433     0.3883    90.7489 0.0000e+00
        796  78.487290    0.05524     3.3145    198.867    105.009  50983.725    31.7832     5.6552    104.000     5.6471    25.0533     6.5709     9.3905     92.347    286.284    293.457   -0.00019    7.11542   10.16865  310.00797   15.95593 3.7621e-02     0.6281     0.3798    90.9408 0.0000e+00
        806  78.487316    0.05588     3.3524    201.144    106.008  50985.055    31.7837     5.6551    105.000     5.6467    25.0535     6.5693     9.3882     92.325    286.215    293.386   -0.00011    7.11541   10.16863  310.00739   15.95590 3.7425e-02     0.6365     0.3937    90.6281 0.0000e+00
