CTD-processing/allCTD/CNV/2019_04-24_t9_s07_cast138_4141.cnv
* Sea-Bird SBE19plus Data File:
* FileName = C:\Users\kbnerr\Documents\SeaBird Files\04_29_2019_T9_S_cast138.hex
* Software Version 1.59
* Temperature SN =  4141
* Conductivity SN =  4141
* System UpLoad Time = Apr 29 2019 12:05:18
** Kachemak Bay - Transect 9
** 04_24_2019
** Station07
** N'
** W'
** Start Time
** Depth100
# nquan = 27
# nvalues = 97                          
# units = specified
# name 0 = scan: Scan Count
# name 1 = timeJ: Julian Days
# name 2 = timeH: Time, Elapsed [hours]
# name 3 = timeM: Time, Elapsed [minutes]
# name 4 = timeS: Time, Elapsed [seconds]
# name 5 = prdM: Pressure, Strain Gauge [db]
# name 6 = specc: Specific Conductance [uS/cm]
# name 7 = sal00: Salinity, Practical [PSU]
# name 8 = tv290C: Temperature [ITS-90, deg C]
# name 9 = depSM: Depth [salt water, m], lat = 59.00
# name 10 = potemp090C: Potential Temperature [ITS-90, deg C]
# name 11 = sigma-é00: Density [sigma-theta, kg/m^3]
# name 12 = sbeox0ML/L: Oxygen, SBE 43 [ml/l]
# name 13 = sbeox0Mg/L: Oxygen, SBE 43 [mg/l]
# name 14 = sbeox0PS: Oxygen, SBE 43 [% saturation]
# name 15 = sbox0Mm/Kg: Oxygen, SBE 43 [umol/kg]
# name 16 = sbeox0Mm/L: Oxygen, SBE 43 [umol/l]
# name 17 = sbox0dV/dT: Oxygen, SBE 43 [dov/dt]
# name 18 = oxsolML/L: Oxygen Saturation, Garcia & Gordon [ml/l]
# name 19 = oxsolMg/L: Oxygen Saturation, Garcia & Gordon [mg/l]
# name 20 = oxsolMm/Kg: Oxygen Saturation, Garcia & Gordon [umol/kg]
# name 21 = n2satMg/L: Nitrogen Saturation [mg/l]
# name 22 = par: PAR/Irradiance, Biospherical/Licor
# name 23 = wetStar: Fluorescence, WET Labs WETstar [mg/m^3]
# name 24 = CStarAt0: Beam Attenuation, WET Labs C-Star [1/m]
# name 25 = CStarTr0: Beam Transmission, WET Labs C-Star [%]
# name 26 = flag: flag
# span 0 =        255,        765       
# span 1 = 114.620585, 114.622060       
# span 2 =    0.01766,    0.05308       
# span 3 =     1.0597,     3.1846       
# span 4 =     63.584,    191.073       
# span 5 =      1.017,     97.864       
# span 6 =  50375.435,  50849.103       
# span 7 =    31.4324,    31.8111       
# span 8 =     5.7348,     6.2470       
# span 9 =      1.000,     97.000       
# span 10 =     5.7414,     6.2384      
# span 11 =    24.7638,    25.0046      
# span 12 =     6.6053,     7.1475      
# span 13 =     9.4397,    10.2145      
# span 14 =     93.227,    100.445      
# span 15 =    287.796,    311.493      
# span 16 =    294.992,    319.207      
# span 17 =   -0.00695,    0.00965      
# span 18 =    7.01579,    7.11812      
# span 19 =   10.02626,   10.17251      
# span 20 =  305.68179,  310.21027      
# span 21 =   15.74968,   15.96694      
# span 22 = 3.6170e-02, 3.6675e+02      
# span 23 =     0.7181,     2.4855      
# span 24 =     0.6721,     1.7305      
# span 25 =    64.8554,    84.5326      
# span 26 = 0.0000e+00, 0.0000e+00      
# interval = meters: 1                  
# start_time = Apr 24 2019 14:52:35 [Instrument's time stamp, header]
# bad_flag = -9.990e-29
*END*
[from data line 54]
        550 114.621438    0.03812     2.2874    137.243     55.529  50672.586    31.6776     6.0845     55.000     6.0858    24.9185     6.7072     9.5852     95.154    292.259    299.542   -0.00049    7.04878   10.07341  307.14479   15.81994 3.6170e-02     0.9570     1.1339    75.3174 0.0000e+00
        555 114.621454    0.03850     2.3099    138.591     56.533  50686.772    31.6909     6.1047     56.000     6.1069    24.9265     6.7094     9.5884     95.238    292.354    299.641    0.00005    7.04483   10.06777  306.97053   15.81158 3.6170e-02     0.8904     1.0782    76.3740 0.0000e+00
        561 114.621471    0.03891     2.3343    140.059     57.551  50702.242    31.7050     6.1250     57.000     6.1303    24.9353     6.7249     9.6106     95.513    293.029    300.336    0.00144    7.04081   10.06203  306.79282   15.80306 3.6170e-02     0.9540     0.9851    78.1705 0.0000e+00
        566 114.621484    0.03924     2.3543    141.258     58.552  50697.345    31.7051     6.1456     58.000     6.1451    24.9329     6.7435     9.6371     95.823    293.838    301.164    0.00283    7.03741   10.05716  306.64496   15.79601 3.6170e-02     0.8878     0.9158    79.5368 0.0000e+00
        572 114.621501    0.03962     2.3775    142.648     59.569  50709.312    31.7152     6.1574     59.000     6.1589    24.9394     6.7574     9.6569     96.054    294.441    301.785    0.00304    7.03500   10.05372  306.53813   15.79089 3.6170e-02     1.0320     0.8661    80.5303 0.0000e+00
        576 114.621514    0.03996     2.3974    143.846     60.573  50697.654    31.7086     6.1676     60.000     6.1632    24.9330     6.7763     9.6840     96.341    295.267    302.628    0.00375    7.03363   10.05176  306.48030   15.78816 3.6170e-02     0.9094     0.8277    81.3076 0.0000e+00
        582 114.621530    0.04033     2.4198    145.188     61.585  50724.930    31.7294     6.1799     61.000     6.1842    24.9479     6.7904     9.7041     96.583    295.877    303.258    0.00387    7.03062   10.04746  306.34480   15.78161 3.6170e-02     1.0360     0.8030    81.8120 0.0000e+00
        587 114.621544    0.04068     2.4408    146.448     62.592  50717.201    31.7270     6.1977     62.000     6.1948    24.9439     6.7998     9.7176     96.755    296.287    303.677    0.00356    7.02780   10.04343  306.22314   15.77582 3.6170e-02     1.1644     0.7479    82.9467 0.0000e+00
        592 114.621561    0.04107     2.4640    147.843     63.607  50726.155    31.7342     6.2052     63.000     6.2043    24.9486     6.8175     9.7429     97.029    297.057    304.469    0.00384    7.02623   10.04119  306.15353   15.77248 3.6170e-02     1.1112     0.7135    83.6625 0.0000e+00
        598 114.621576    0.04143     2.4859    149.157     64.610  50729.547    31.7382     6.2160     64.000     6.2140    24.9504     6.8290     9.7593     97.220    297.559    304.983    0.00364    7.02427   10.03838  306.06733   15.76835 3.6170e-02     1.1639     0.6892    84.1733 0.0000e+00
        604 114.621593    0.04185     2.5109    150.654     65.627  50742.396    31.7487     6.2274     65.000     6.2250    24.9574     6.8319     9.7635     97.294    297.684    305.114    0.00273    7.02191   10.03502  305.96266   15.76332 3.6170e-02     1.2698     0.6721    84.5326 0.0000e+00
        609 114.621608    0.04221     2.5325    151.948     66.631  50759.149    31.7611     6.2337     66.000     6.2306    24.9663     6.8335     9.7658     97.340    297.752    305.185    0.00211    7.02030   10.03271  305.88959   15.75979 3.6170e-02     1.3877     0.6867    84.2249 0.0000e+00
        614 114.621624    0.04260     2.5560    153.358     67.647  50766.617    31.7666     6.2378     67.000     6.2325    24.9702     6.8223     9.7498     97.193    297.262    304.685    0.00053    7.01937   10.03138  305.84771   15.75777 3.6170e-02     1.2723     0.7497    82.9100 0.0000e+00
        619 114.621639    0.04295     2.5770    154.619     68.651  50767.965    31.7671     6.2380     68.000     6.2324    24.9706     6.7902     9.7038     96.736    295.861    303.249   -0.00214    7.01932   10.03130  305.84549   15.75766 3.6170e-02     1.2414     0.7991    81.8934 0.0000e+00
        625 114.621654    0.04331     2.5990    155.939     69.664  50770.147    31.7680     6.2378     69.000     6.2318    24.9714     6.7594     9.6598     96.297    294.518    301.872   -0.00417    7.01930   10.03129  305.84476   15.75762 3.6170e-02     1.1577     0.8073    81.7239 0.0000e+00
        630 114.621669    0.04366     2.6197    157.180     70.672  50771.601    31.7684     6.2371     70.000     6.2312    24.9718     6.7542     9.6524     96.222    294.293    301.642   -0.00339    7.01941   10.03143  305.84913   15.75783 3.6170e-02     1.1283     0.8247    81.3696 0.0000e+00
        635 114.621683    0.04401     2.6407    158.442     71.683  50772.247    31.7683     6.2365     71.000     6.2301    24.9718     6.7483     9.6439     96.137    294.036    301.378   -0.00292    7.01950   10.03157  305.85323   15.75803 3.6170e-02     1.1532     0.8304    81.2521 0.0000e+00
        640 114.621698    0.04435     2.6613    159.677     72.691  50773.171    31.7682     6.2351     72.000     6.2287    24.9719     6.7477     9.6432     96.125    294.011    301.353   -0.00219    7.01974   10.03191  305.86353   15.75852 3.6170e-02     1.1076     0.8328    81.2059 0.0000e+00
        645 114.621713    0.04473     2.6840    161.037     73.704  50774.724    31.7687     6.2344     73.000     6.2280    24.9723     6.7497     9.6460     96.151    294.096    301.441   -0.00134    7.01985   10.03207  305.86824   15.75874 3.6170e-02     1.1898     0.8419    81.0192 0.0000e+00
        650 114.621728    0.04508     2.7050    162.299     74.708  50775.578    31.7685     6.2330     74.000     6.2260    24.9724     6.7403     9.6326     96.014    293.688    301.021   -0.00177    7.02007   10.03239  305.87798   15.75920 3.6170e-02     1.0890     0.8577    80.6998 0.0000e+00
        656 114.621744    0.04547     2.7279    163.674     75.724  50779.650    31.7707     6.2326     75.000     6.2267    24.9742     6.7425     9.6357     96.046    293.783    301.120   -0.00113    7.02003   10.03233  305.87570   15.75909 3.6170e-02     0.8489     0.8700    80.4541 0.0000e+00
        661 114.621758    0.04581     2.7487    164.924     76.730  50780.326    31.7708     6.2327     76.000     6.2271    24.9743     6.7377     9.6288     95.978    293.573    300.905   -0.00119    7.02002   10.03231  305.87503   15.75906 3.6170e-02     0.9983     0.8732    80.3883 0.0000e+00
        666 114.621775    0.04620     2.7719    166.312     77.748  50796.874    31.7830     6.2388     77.000     6.2364    24.9831     6.7291     9.6166     95.877    293.197    300.522   -0.00148    7.01845   10.03006  305.80386   15.75561 3.6170e-02     0.8562     0.8629    80.5951 0.0000e+00
        671 114.621787    0.04652     2.7908    167.451     78.742  50792.015    31.7802     6.2445     78.000     6.2384    24.9802     6.7361     9.6266     95.989    293.505    300.837   -0.00048    7.01764   10.02890  305.76938   15.75398 3.6170e-02     0.8991     0.8559    80.7380 0.0000e+00
        677 114.621805    0.04693     2.8157    168.941     79.774  50790.664    31.7788     6.2447     79.000     6.2373    24.9792     6.7372     9.6282     96.003    293.551    300.884   -0.00030    7.01767   10.02896  305.77137   15.75408 3.6170e-02     1.0074     0.8401    81.0568 0.0000e+00
        681 114.621818    0.04724     2.8345    170.070     80.765  50793.573    31.7794     6.2398     80.000     6.2298    24.9803     6.7355     9.6257     95.969    293.478    300.809   -0.00044    7.01844   10.03005  305.80434   15.75565 3.6170e-02     1.1335     0.9025    79.8039 0.0000e+00
        687 114.621834    0.04763     2.8577    171.464     81.785  50803.182    31.7840     6.2319     81.000     6.2243    24.9849     6.7211     9.6050     95.748    292.845    300.162   -0.00152    7.01952   10.03160  305.85024   15.75782 3.6170e-02     0.9757     0.9812    78.2489 0.0000e+00
        692 114.621848    0.04796     2.8775    172.652     82.788  50804.589    31.7841     6.2298     82.000     6.2225    24.9852     6.6869     9.5562     95.256    291.356    298.635   -0.00390    7.01987   10.03210  305.86532   15.75854 3.6170e-02     0.8893     1.0340    77.2212 0.0000e+00
        697 114.621863    0.04832     2.8994    173.965     83.805  50806.429    31.7850     6.2298     83.000     6.2230    24.9859     6.6562     9.5123     94.819    290.017    297.263   -0.00526    7.01983   10.03205  305.86361   15.75845 3.6170e-02     0.9529     1.0566    76.7868 0.0000e+00
        701 114.621876    0.04863     2.9177    175.061     84.805  50808.270    31.7858     6.2305     84.000     6.2241    24.9865     6.6537     9.5088     94.787    289.911    297.155   -0.00420    7.01968   10.03182  305.85645   15.75811 3.6170e-02     0.7583     1.0579    76.7620 0.0000e+00
        706 114.621890    0.04897     2.9384    176.302     85.822  50807.795    31.7851     6.2309     85.000     6.2236    24.9859     6.6539     9.5090     94.789    289.917    297.161   -0.00293    7.01965   10.03178  305.85555   15.75807 3.6170e-02     0.9409     1.0428    77.0509 0.0000e+00
        711 114.621904    0.04931     2.9585    177.512     86.830  50807.960    31.7847     6.2305     86.000     6.2228    24.9856     6.6575     9.5142     94.840    290.077    297.325   -0.00181    7.01973   10.03190  305.85915   15.75824 3.6170e-02     0.8521     1.0529    76.8576 0.0000e+00
        716 114.621918    0.04964     2.9787    178.725     87.840  50813.308    31.7878     6.2296     87.000     6.2236    24.9881     6.6648     9.5246     94.944    290.393    297.650   -0.00081    7.01974   10.03191  305.85848   15.75819 3.6170e-02     0.7926     1.0724    76.4837 0.0000e+00
        721 114.621932    0.04998     2.9989    179.935     88.848  50816.587    31.7904     6.2339     88.000     6.2282    24.9896     6.6596     9.5172     94.881    290.169    297.420   -0.00088    7.01892   10.03075  305.82267   15.75648 3.6170e-02     0.8266     1.0597    76.7250 0.0000e+00
        726 114.621946    0.05032     3.0190    181.139     89.859  50813.298    31.7880     6.2357     89.000     6.2280    24.9876     6.6568     9.5132     94.844    290.045    297.292   -0.00100    7.01872   10.03046  305.81474   15.75612 3.6170e-02     0.9526     1.0373    77.1579 0.0000e+00
        731 114.621961    0.05066     3.0398    182.389     90.871  50814.309    31.7880     6.2347     90.000     6.2270    24.9877     6.6615     9.5199     94.908    290.248    297.501   -0.00035    7.01888   10.03068  305.82145   15.75644 3.6170e-02     0.9118     1.0390    77.1252 0.0000e+00
        735 114.621974    0.05100     3.0601    183.607     91.878  50815.565    31.7883     6.2341     91.000     6.2264    24.9880     6.6616     9.5200     94.907    290.252    297.504   -0.00032    7.01897   10.03081  305.82542   15.75662 3.6170e-02     0.9583     1.0661    76.6039 0.0000e+00
        740 114.621989    0.05134     3.0804    184.823     92.890  50822.942    31.7930     6.2345     92.000     6.2276    24.9917     6.6543     9.5096     94.808    289.935    297.180   -0.00082    7.01869   10.03041  305.81208   15.75597 3.6170e-02     0.9082     1.0850    76.2441 0.0000e+00
        745 114.622003    0.05169     3.1011    186.065     93.900  50827.436    31.7960     6.2364     93.000     6.2293    24.9939     6.6483     9.5011     94.729    289.673    296.913   -0.00112    7.01824   10.02977  305.79172   15.75499 3.6170e-02     0.7899     1.1401    75.1989 0.0000e+00
        750 114.622017    0.05200     3.1204    187.221     94.904  50839.163    31.8041     6.2391     94.000     6.2328    25.0000     6.6415     9.4915     94.644    289.378    296.612   -0.00127    7.01741   10.02858  305.75358   15.75313 3.6170e-02     0.7797     1.2775    72.6760 0.0000e+00
        755 114.622031    0.05235     3.1413    188.480     95.924  50838.184    31.8034     6.2413     95.000     6.2335    24.9992     6.6306     9.4757     94.492    288.900    296.123   -0.00185    7.01709   10.02813  305.74011   15.75250 3.6170e-02     0.8811     1.3835    70.7606 0.0000e+00
        759 114.622044    0.05267     3.1603    189.615     96.925  50846.431    31.8090     6.2428     96.000     6.2363    25.0033     6.6151     9.4536     94.278    288.223    295.430   -0.00256    7.01659   10.02741  305.71691   15.75137 3.6170e-02     0.7181     1.5003    68.7315 0.0000e+00
        765 114.622060    0.05308     3.1846    191.073     97.864  50849.103    31.8111     6.2470     97.000 -9.990e-29    25.0046     6.6053     9.4397     94.149    287.796    294.992   -0.00277    7.01579   10.02626  305.68179   15.74968 3.6170e-02     1.0487     1.7305    64.8554 0.0000e+00
