CTD-processing/allCTD/CNV/2019_05_12_t6_s24_cast146_4141.cnv
* Sea-Bird SBE19plus Data File:
* FileName = C:\Users\jwschloemer\Documents\CTD Data\2019_05-12_T6_T7_ptGrm_pogi\2019_05_12_T6_S27_Cast146.hex
* Software Version 1.59
* Temperature SN =  4141
* Conductivity SN =  4141
* System UpLoad Time = May 13 2019 14:24:35
** Date: 2019_05_12
** Station:24
** Start Time (AKST):06:46
** Depth (m):168
** Comment:
# nquan = 27
# nvalues = 160                         
# units = specified
# name 0 = scan: Scan Count
# name 1 = timeJ: Julian Days
# name 2 = timeH: Time, Elapsed [hours]
# name 3 = timeM: Time, Elapsed [minutes]
# name 4 = timeS: Time, Elapsed [seconds]
# name 5 = prdM: Pressure, Strain Gauge [db]
# name 6 = specc: Specific Conductance [uS/cm]
# name 7 = sal00: Salinity, Practical [PSU]
# name 8 = tv290C: Temperature [ITS-90, deg C]
# name 9 = depSM: Depth [salt water, m], lat = 59.00
# name 10 = potemp090C: Potential Temperature [ITS-90, deg C]
# name 11 = sigma-é00: Density [sigma-theta, kg/m^3]
# name 12 = sbeox0ML/L: Oxygen, SBE 43 [ml/l]
# name 13 = sbeox0Mg/L: Oxygen, SBE 43 [mg/l]
# name 14 = sbeox0PS: Oxygen, SBE 43 [% saturation]
# name 15 = sbox0Mm/Kg: Oxygen, SBE 43 [umol/kg]
# name 16 = sbeox0Mm/L: Oxygen, SBE 43 [umol/l]
# name 17 = sbox0dV/dT: Oxygen, SBE 43 [dov/dt]
# name 18 = oxsolML/L: Oxygen Saturation, Garcia & Gordon [ml/l]
# name 19 = oxsolMg/L: Oxygen Saturation, Garcia & Gordon [mg/l]
# name 20 = oxsolMm/Kg: Oxygen Saturation, Garcia & Gordon [umol/kg]
# name 21 = n2satMg/L: Nitrogen Saturation [mg/l]
# name 22 = par: PAR/Irradiance, Biospherical/Licor
# name 23 = wetStar: Fluorescence, WET Labs WETstar [mg/m^3]
# name 24 = CStarAt0: Beam Attenuation, WET Labs C-Star [1/m]
# name 25 = CStarTr0: Beam Transmission, WET Labs C-Star [%]
# name 26 = flag: flag
# span 0 =        103,        796       
# span 1 = 132.282922, 132.284928       
# span 2 =    0.00706,    0.05520       
# span 3 =     0.4238,     3.3120       
# span 4 =     25.429,    198.717       
# span 5 =      0.998,    161.544       
# span 6 =  50870.922,  51410.103       
# span 7 =    31.9209,    32.1952       
# span 8 =     6.3629,     6.5741       
# span 9 =      1.000,    160.000       
# span 10 =     6.3505,     6.5731      
# span 11 =    25.0581,    25.2923      
# span 12 =     5.7951,     6.6160      
# span 13 =     8.2817,     9.4549      
# span 14 =     83.161,     95.103      
# span 15 =    252.481,    288.233      
# span 16 =    258.808,    295.469      
# span 17 =   -0.00729,    0.00192      
# span 18 =    6.95300,    6.97963      
# span 19 =    9.93653,    9.97459      
# span 20 =  302.88444,  304.02366      
# span 21 =   15.61506,   15.66914      
# span 22 = 3.6170e-02, 1.6633e+01      
# span 23 =     0.4515,     1.1729      
# span 24 =     0.2514,     2.5013      
# span 25 =    72.2013,    93.9079      
# span 26 = 0.0000e+00, 0.0000e+00      
# interval = meters: 1                  
# start_time = May 12 2019 06:46:59 [Instrument's time stamp, header]
# bad_flag = -9.990e-29
*END*
[from data line 54]
        487 132.284033    0.03374     2.0244    121.462     55.532  51133.552    32.0761     6.4956     55.000     6.4918    25.1821     6.5824     9.4069     94.534    286.750    293.972    0.00125    6.96303    9.95087  303.33047   15.63651 3.6375e-02     1.1093     0.3076    92.5987 0.0000e+00
        490 132.284041    0.03393     2.0354    122.127     56.542  51131.416    32.0743     6.4969     56.000     6.4924    25.1806     6.5757     9.3972     94.439    286.457    293.671    0.00037    6.96289    9.95067  303.32496   15.63625 3.6176e-02     1.1038     0.3073    92.6033 0.0000e+00
        492 132.284048    0.03409     2.0453    122.716     57.549  51134.964    32.0764     6.4974     57.000     6.4933    25.1821     6.5748     9.3961     94.428    286.418    293.632    0.00003    6.96273    9.95044  303.31728   15.63588 3.6172e-02     1.1068     0.3088    92.5707 0.0000e+00
        494 132.284054    0.03425     2.0546    123.275     58.556  51138.201    32.0784     6.4985     58.000     6.4943    25.1835     6.5737     9.3944     94.416    286.369    293.580   -0.00008    6.96246    9.95005  303.30515   15.63529 3.6171e-02     1.1132     0.3106    92.5295 0.0000e+00
        496 132.284061    0.03440     2.0640    123.839     59.561  51137.536    32.0776     6.4993     59.000     6.4949    25.1829     6.5763     9.3981     94.455    286.481    293.696    0.00009    6.96235    9.94989  303.30037   15.63507 3.6170e-02     1.1014     0.3087    92.5741 0.0000e+00
        499 132.284068    0.03457     2.0743    124.458     60.572  51146.782    32.0838     6.5005     60.000     6.4974    25.1876     6.5791     9.4021     94.501    286.601    293.820    0.00025    6.96187    9.94921  303.27825   15.63399 3.6170e-02     1.1087     0.3093    92.5606 0.0000e+00
        501 132.284075    0.03475     2.0851    125.106     61.587  51151.456    32.0871     6.5032     61.000     6.4985    25.1898     6.5805     9.4041     94.529    286.663    293.885    0.00038    6.96129    9.94838  303.25231   15.63274 3.6170e-02     1.1081     0.3085    92.5764 0.0000e+00
        504 132.284083    0.03492     2.0955    125.732     62.598  51152.810    32.0877     6.5037     62.000     6.4982    25.1902     6.5794     9.4026     94.515    286.614    293.835    0.00015    6.96118    9.94822  303.24744   15.63250 3.6170e-02     1.1057     0.3046    92.6681 0.0000e+00
        506 132.284089    0.03509     2.1054    126.326     63.610  51154.806    32.0886     6.5035     63.000     6.4982    25.1909     6.5814     9.4055     94.544    286.701    293.924    0.00018    6.96118    9.94822  303.24689   15.63248 3.6170e-02     1.1024     0.3027    92.7092 0.0000e+00
        509 132.284096    0.03525     2.1146    126.877     64.607  51157.449    32.0899     6.5037     64.000     6.4988    25.1921     6.5801     9.4038     94.528    286.650    293.870    0.00011    6.96107    9.94807  303.24242   15.63226 3.6170e-02     1.1002     0.3039    92.6830 0.0000e+00
        511 132.284103    0.03541     2.1245    127.469     65.614  51157.590    32.0897     6.5045     65.000     6.4993    25.1917     6.5720     9.3921     94.412    286.295    293.507   -0.00063    6.96097    9.94792  303.23761   15.63202 3.6170e-02     1.1162     0.3013    92.7439 0.0000e+00
        514 132.284111    0.03560     2.1363    128.179     66.633  51158.210    32.0897     6.5049     66.000     6.4995    25.1917     6.5694     9.3884     94.376    286.182    293.390   -0.00102    6.96089    9.94780  303.23420   15.63186 3.6170e-02     1.1087     0.2995    92.7850 0.0000e+00
        517 132.284119    0.03580     2.1485    128.908     67.651  51162.744    32.0925     6.5056     67.000     6.5017    25.1939     6.5712     9.3910     94.405    286.259    293.471   -0.00064    6.96065    9.94746  303.22308   15.63132 3.6170e-02     1.1068     0.3016    92.7353 0.0000e+00
        519 132.284126    0.03598     2.1590    129.540     68.658  51165.289    32.0943     6.5081     68.000     6.5042    25.1949     6.5651     9.3821     94.323    285.990    293.196   -0.00097    6.96017    9.94677  303.20189   15.63030 3.6170e-02     1.0961     0.3047    92.6634 0.0000e+00
        521 132.284133    0.03614     2.1683    130.101     69.668  51165.955    32.0946     6.5103     69.000     6.5060    25.1951     6.5654     9.3827     94.333    286.005    293.212   -0.00110    6.95980    9.94624  303.18559   15.62953 3.6170e-02     1.1020     0.3046    92.6669 0.0000e+00
        524 132.284140    0.03629     2.1772    130.629     70.668  51170.499    32.0977     6.5120     70.000     6.5094    25.1972     6.5659     9.3834     94.346    286.026    293.233   -0.00087    6.95937    9.94563  303.16634   15.62860 3.6170e-02     1.1195     0.3076    92.5984 0.0000e+00
        526 132.284146    0.03644     2.1864    131.183     71.678  51174.335    32.1006     6.5157     71.000     6.5131    25.1990     6.5714     9.3911     94.435    286.265    293.478   -0.00036    6.95863    9.94458  303.13387   15.62704 3.6170e-02     1.1296     0.3083    92.5822 0.0000e+00
        528 132.284152    0.03661     2.1965    131.790     72.688  51175.862    32.1020     6.5199     72.000     6.5164    25.1995     6.5742     9.3952     94.486    286.388    293.605    0.00007    6.95790    9.94353  303.10171   15.62550 3.6170e-02     1.1385     0.3067    92.6203 0.0000e+00
        531 132.284160    0.03679     2.2072    132.433     73.703  51174.041    32.1008     6.5230     73.000     6.5184    25.1983     6.5747     9.3959     94.499    286.410    293.626    0.00009    6.95745    9.94290  303.08263   15.62460 3.6170e-02     1.1541     0.3081    92.5854 0.0000e+00
        533 132.284168    0.03696     2.2176    133.055     74.713  51180.615    32.1053     6.5252     74.000     6.5218    25.2015     6.5727     9.3930     94.476    286.319    293.534   -0.00015    6.95689    9.94210  303.05732   15.62337 3.6170e-02     1.1502     0.3055    92.6453 0.0000e+00
        536 132.284174    0.03712     2.2276    133.657     75.721  51185.072    32.1086     6.5288     75.000     6.5259    25.2037     6.5729     9.3934     94.491    286.329    293.547   -0.00014    6.95616    9.94105  303.02484   15.62181 3.6170e-02     1.1729     0.3053    92.6493 0.0000e+00
        538 132.284181    0.03730     2.2378    134.270     76.729  51194.955    32.1158     6.5333     76.000     6.5307    25.2088     6.5780     9.4006     94.577    286.546    293.769    0.00027    6.95510    9.93953  302.97679   15.61949 3.6170e-02     1.1629     0.2999    92.7775 0.0000e+00
        541 132.284189    0.03747     2.2483    134.901     77.743  51195.204    32.1164     6.5380     77.000     6.5332    25.2087     6.5804     9.4041     94.624    286.656    293.882    0.00056    6.95430    9.93839  302.94234   15.61784 3.6170e-02     1.1681     0.2984    92.8108 0.0000e+00
        543 132.284196    0.03764     2.2585    135.512     78.753  51195.549    32.1165     6.5400     78.000     6.5341    25.2086     6.5757     9.3975     94.562    286.453    293.674    0.00008    6.95397    9.93792  302.92802   15.61716 3.6170e-02     1.1590     0.2977    92.8273 0.0000e+00
        545 132.284202    0.03781     2.2684    136.107     79.763  51200.194    32.1195     6.5410     79.000     6.5354    25.2108     6.5747     9.3960     94.550    286.408    293.629   -0.00017    6.95367    9.93750  302.91444   15.61650 3.6170e-02     1.1328     0.3000    92.7734 0.0000e+00
        548 132.284209    0.03797     2.2782    136.691     80.770  51200.859    32.1198     6.5425     80.000     6.5365    25.2109     6.5801     9.4035     94.630    286.640    293.866    0.00015    6.95343    9.93716  302.90393   15.61599 3.6170e-02     1.1385     0.2973    92.8372 0.0000e+00
        550 132.284216    0.03813     2.2881    137.284     81.781  51202.347    32.1205     6.5437     81.000     6.5373    25.2113     6.5734     9.3941     94.537    286.349    293.569   -0.00015    6.95321    9.93684  302.89409   15.61553 3.6170e-02     1.1359     0.2963    92.8605 0.0000e+00
        553 132.284224    0.03830     2.2980    137.883     82.783  51201.518    32.1196     6.5444     82.000     6.5375    25.2104     6.5672     9.3851     94.449    286.078    293.290   -0.00096    6.95314    9.93672  302.89078   15.61537 3.6170e-02     1.1397     0.2943    92.9062 0.0000e+00
        555 132.284230    0.03848     2.3091    138.548     83.798  51205.313    32.1218     6.5446     83.000     6.5376    25.2122     6.5602     9.3753     94.352    285.776    292.981   -0.00150    6.95300    9.93653  302.88444   15.61506 3.6170e-02     1.1391     0.2948    92.8951 0.0000e+00
        558 132.284239    0.03868     2.3211    139.267     84.809  51202.944    32.1197     6.5446     84.000     6.5361    25.2105     6.5644     9.3812     94.410    285.958    293.166   -0.00093    6.95309    9.93666  302.88882   15.61528 3.6170e-02     1.0991     0.2945    92.9028 0.0000e+00
        561 132.284248    0.03889     2.3335    140.008     85.826  51204.424    32.1199     6.5428     85.000     6.5348    25.2109     6.5610     9.3764     94.357    285.811    293.016   -0.00108    6.95338    9.93707  302.90122   15.61587 3.6170e-02     1.0957     0.2915    92.9724 0.0000e+00
        564 132.284255    0.03908     2.3444    140.665     86.833  51206.897    32.1209     6.5418     86.000     6.5337    25.2119     6.5616     9.3771     94.363    285.831    293.038   -0.00101    6.95348    9.93722  302.90570   15.61608 3.6170e-02     1.1003     0.2926    92.9473 0.0000e+00
        566 132.284262    0.03924     2.3543    141.258     87.847  51207.028    32.1204     6.5410     87.000     6.5328    25.2116     6.5593     9.3739     94.330    285.736    292.939   -0.00105    6.95364    9.93744  302.91253   15.61640 3.6170e-02     1.0795     0.2914    92.9744 0.0000e+00
        568 132.284269    0.03939     2.3634    141.800     88.847  51208.738    32.1210     6.5403     88.000     6.5320    25.2122     6.5567     9.3701     94.290    285.620    292.821   -0.00123    6.95373    9.93758  302.91659   15.61659 3.6170e-02     1.0460     0.2891    93.0290 0.0000e+00
        570 132.284275    0.03954     2.3725    142.351     89.855  51212.333    32.1229     6.5395     89.000     6.5318    25.2138     6.5510     9.3620     94.207    285.370    292.565   -0.00163    6.95377    9.93763  302.91759   15.61664 3.6170e-02     1.0624     0.2868    93.0791 0.0000e+00
        573 132.284282    0.03971     2.3826    142.953     90.858  51214.501    32.1239     6.5395     90.000     6.5321    25.2146     6.5506     9.3614     94.202    285.352    292.547   -0.00158    6.95372    9.93756  302.91514   15.61652 3.6170e-02     1.0574     0.2883    93.0468 0.0000e+00
        576 132.284290    0.03991     2.3948    143.687     91.875  51215.518    32.1242     6.5401     91.000     6.5325    25.2148     6.5518     9.3630     94.220    285.404    292.601   -0.00120    6.95363    9.93742  302.91091   15.61631 3.6170e-02     1.0517     0.2869    93.0790 0.0000e+00
        579 132.284300    0.04014     2.4081    144.484     92.895  51214.444    32.1231     6.5405     92.000     6.5327    25.2138     6.5524     9.3639     94.229    285.429    292.627   -0.00096    6.95360    9.93739  302.91032   15.61629 3.6170e-02     1.0606     0.2870    93.0769 0.0000e+00
        582 132.284308    0.04033     2.4198    145.185     93.905  51215.170    32.1231     6.5406     93.000     6.5326    25.2138     6.5516     9.3630     94.220    285.400    292.596   -0.00091    6.95358    9.93736  302.90933   15.61625 3.6170e-02     1.0068     0.2871    93.0734 0.0000e+00
        584 132.284315    0.04051     2.4301    145.807     94.915  51216.499    32.1236     6.5406     94.000     6.5325    25.2142     6.5478     9.3574     94.164    285.230    292.422   -0.00107    6.95355    9.93731  302.90769   15.61616 3.6170e-02     1.0036     0.2879    93.0579 0.0000e+00
        586 132.284321    0.04066     2.4396    146.373     95.916  51217.860    32.1240     6.5407     95.000     6.5324    25.2146     6.5478     9.3574     94.165    285.232    292.424   -0.00114    6.95352    9.93728  302.90676   15.61612 3.6170e-02     1.0017     0.2883    93.0437 0.0000e+00
        589 132.284328    0.04082     2.4492    146.953     96.921  51218.156    32.1238     6.5406     96.000     6.5324    25.2144     6.5493     9.3596     94.186    285.298    292.491   -0.00093    6.95354    9.93731  302.90762   15.61616 3.6170e-02     0.9954     0.2904    92.9972 0.0000e+00
        591 132.284335    0.04100     2.4601    147.606     97.933  51218.685    32.1237     6.5407     97.000     6.5322    25.2143     6.5519     9.3634     94.224    285.414    292.610   -0.00053    6.95355    9.93731  302.90764   15.61616 3.6170e-02     1.0106     0.2895    93.0184 0.0000e+00
        594 132.284344    0.04121     2.4725    148.349     98.949  51219.746    32.1239     6.5405     98.000     6.5323    25.2145     6.5526     9.3642     94.233    285.439    292.636   -0.00050    6.95355    9.93731  302.90773   15.61616 3.6170e-02     1.0135     0.2861    93.0983 0.0000e+00
        597 132.284353    0.04142     2.4848    149.090     99.966  51220.223    32.1238     6.5408     99.000     6.5321    25.2145     6.5510     9.3620     94.211    285.370    292.566   -0.00047    6.95352    9.93728  302.90641   15.61610 3.6170e-02     1.0035     0.2853    93.1137 0.0000e+00
        600 132.284360    0.04159     2.4954    149.726    100.973  51221.426    32.1241     6.5406    100.000     6.5318    25.2148     6.5476     9.3572     94.163    285.226    292.418   -0.00079    6.95354    9.93730  302.90722   15.61615 3.6170e-02     0.9971     0.2868    93.0818 0.0000e+00
        602 132.284367    0.04176     2.5051    150.307    101.981  51221.536    32.1237     6.5405    101.000     6.5312    25.2144     6.5434     9.3511     94.100    285.040    292.227   -0.00121    6.95358    9.93736  302.90906   15.61623 3.6170e-02     0.9957     0.2868    93.0799 0.0000e+00
        604 132.284373    0.04191     2.5145    150.869    102.979  51221.020    32.1227     6.5399    102.000     6.5287    25.2137     6.5418     9.3489     94.076    284.971    292.156   -0.00121    6.95372    9.93756  302.91553   15.61655 3.6170e-02     0.9729     0.2872    93.0707 0.0000e+00
        607 132.284381    0.04209     2.5257    151.541    103.986  51223.511    32.1235     6.5368    103.000     6.5263    25.2146     6.5445     9.3528     94.110    285.090    292.279   -0.00099    6.95417    9.93821  302.93503   15.61747 3.6170e-02     0.9904     0.2856    93.1082 0.0000e+00
        611 132.284391    0.04233     2.5398    152.388    105.014  51226.196    32.1244     6.5347    104.000     6.5254    25.2157     6.5452     9.3537     94.115    285.118    292.307   -0.00067    6.95447    9.93864  302.94772   15.61807 3.6170e-02     0.9717     0.2822    93.1880 0.0000e+00
        613 132.284399    0.04253     2.5519    153.113    106.028  51227.048    32.1244     6.5343    105.000     6.5246    25.2158     6.5385     9.3442     94.018    284.827    292.010   -0.00119    6.95454    9.93874  302.95084   15.61822 3.6170e-02     0.9508     0.2787    93.2684 0.0000e+00
        616 132.284407    0.04270     2.5619    153.717    107.035  51225.491    32.1228     6.5334    106.000     6.5211    25.2145     6.5326     9.3358     93.931    284.575    291.749   -0.00167    6.95475    9.93903  302.95997   15.61866 3.6170e-02     0.9300     0.2792    93.2571 0.0000e+00
        618 132.284413    0.04285     2.5710    154.260    108.038  51223.694    32.1202     6.5294    107.000     6.5155    25.2132     6.5364     9.3412     93.974    284.737    291.916   -0.00138    6.95551    9.94013  302.99390   15.62029 3.6170e-02     0.9174     0.2780    93.2846 0.0000e+00
