CTD-processing/allCTD/CNV/2019_10-30_t9_05_cast017_4141.cnv
* Sea-Bird SBE19plus Data File:
* FileName = C:\Users\Chris\Desktop\EVOSTC GWA LTM\CTD Data\2019_10-30_T9_01_Cast017.hex
* Software Version 1.59
* Temperature SN =  4141
* Conductivity SN =  4141
* System UpLoad Time = Nov 01 2019 13:38:27
** Cook Inlet LTM T9
** Date: 2019_10-30
** Station:5
** Start Time: (AKST):15:06
** Depth (m):100
** Comment:
** Comment:
# nquan = 27
# nvalues = 99                          
# units = specified
# name 0 = scan: Scan Count
# name 1 = timeJ: Julian Days
# name 2 = timeH: Time, Elapsed [hours]
# name 3 = timeM: Time, Elapsed [minutes]
# name 4 = timeS: Time, Elapsed [seconds]
# name 5 = prdM: Pressure, Strain Gauge [db]
# name 6 = specc: Specific Conductance [uS/cm]
# name 7 = sal00: Salinity, Practical [PSU]
# name 8 = tv290C: Temperature [ITS-90, deg C]
# name 9 = depSM: Depth [salt water, m], lat = 59.00
# name 10 = potemp090C: Potential Temperature [ITS-90, deg C]
# name 11 = sigma-é00: Density [sigma-theta, kg/m^3]
# name 12 = sbeox0ML/L: Oxygen, SBE 43 [ml/l]
# name 13 = sbeox0Mg/L: Oxygen, SBE 43 [mg/l]
# name 14 = sbeox0PS: Oxygen, SBE 43 [% saturation]
# name 15 = sbox0Mm/Kg: Oxygen, SBE 43 [umol/kg]
# name 16 = sbeox0Mm/L: Oxygen, SBE 43 [umol/l]
# name 17 = sbox0dV/dT: Oxygen, SBE 43 [dov/dt]
# name 18 = oxsolML/L: Oxygen Saturation, Garcia & Gordon [ml/l]
# name 19 = oxsolMg/L: Oxygen Saturation, Garcia & Gordon [mg/l]
# name 20 = oxsolMm/Kg: Oxygen Saturation, Garcia & Gordon [umol/kg]
# name 21 = n2satMg/L: Nitrogen Saturation [mg/l]
# name 22 = par: PAR/Irradiance, Biospherical/Licor
# name 23 = wetStar: Fluorescence, WET Labs WETstar [mg/m^3]
# name 24 = CStarAt0: Beam Attenuation, WET Labs C-Star [1/m]
# name 25 = CStarTr0: Beam Transmission, WET Labs C-Star [%]
# name 26 = flag: flag
# span 0 =        139,        710       
# span 1 = 303.629612, 303.631264       
# span 2 =    0.00958,    0.04924       
# span 3 =     0.5744,     2.9539       
# span 4 =     34.465,    177.236       
# span 5 =      1.013,     99.955       
# span 6 =  47083.055,  49241.848       
# span 7 =    29.5794,    31.1054       
# span 8 =     8.2294,     8.7093       
# span 9 =      1.000,     99.000       
# span 10 =     8.2414,     8.7049      
# span 11 =    22.9884,    24.1167      
# span 12 =     5.1694,     6.0483      
# span 13 =     7.3875,     8.6437      
# span 14 =     77.576,     89.237      
# span 15 =    225.427,    264.005      
# span 16 =    230.863,    270.118      
# span 17 =   -0.00850,    0.01138      
# span 18 =    6.66354,    6.80194      
# span 19 =    9.52285,    9.72065      
# span 20 =  290.58541,  296.95242      
# span 21 =   15.03222,   15.34252      
# span 22 = 4.4201e-02, 2.8087e+01      
# span 23 =     0.3494,     0.7872      
# span 24 =     0.8467,     7.3438      
# span 25 =    27.9770,    80.9249      
# span 26 = 0.0000e+00, 0.0000e+00      
# interval = meters: 1                  
# start_time = Oct 30 2019 15:06:04 [Instrument's time stamp, header]
# bad_flag = -9.990e-29
*END*
[from data line 54]
        509 303.630684    0.03530     2.1176    127.055     55.525  48865.899    30.8576     8.6881     55.000     8.6824    23.9239     5.5794     7.9735     83.574    243.352    249.174   -0.00581    6.67596    9.54063  291.18237   15.06174 4.4251e-02     0.4112     0.9777    78.3147 0.0000e+00
        514 303.630696    0.03560     2.1363    128.177     56.533  48868.004    30.8586     8.6880     56.000     8.6823    23.9247     5.5633     7.9505     83.334    242.652    248.457   -0.00575    6.67593    9.54057  291.18051   15.06164 4.4289e-02     0.4079     1.0181    77.5285 0.0000e+00
        519 303.630711    0.03594     2.1565    129.391     57.553  48869.256    30.8591     8.6879     57.000     8.6821    23.9250     5.5481     7.9288     83.107    241.989    247.778   -0.00531    6.67591    9.54055  291.17981   15.06162 4.4293e-02     0.4081     1.0453    77.0032 0.0000e+00
        523 303.630723    0.03624     2.1744    130.466     58.549  48869.589    30.8587     8.6868     58.000     8.6802    23.9249     5.5341     7.9088     82.895    241.379    247.154   -0.00519    6.67610    9.54082  291.18809   15.06201 4.4322e-02     0.4054     1.1076    75.8136 0.0000e+00
        528 303.630738    0.03659     2.1955    131.729     59.570  48871.959    30.8598     8.6860     59.000     8.6796    23.9259     5.5259     7.8970     82.770    241.019    246.785   -0.00433    6.67618    9.54092  291.19096   15.06214 4.4298e-02     0.4049     1.1295    75.4007 0.0000e+00
        533 303.630751    0.03692     2.2151    132.906     60.572  48872.104    30.8592     8.6836     60.000     8.6758    23.9258     5.5165     7.8836     82.624    240.607    246.364   -0.00395    6.67656    9.54148  291.20797   15.06295 4.4260e-02     0.4048     1.1514    74.9865 0.0000e+00
        538 303.630767    0.03729     2.2377    134.263     61.594  48876.125    30.8608     8.6789     61.000     8.6714    23.9278     5.5050     7.8671     82.444    240.105    245.850   -0.00360    6.67720    9.54238  291.23505   15.06424 4.4267e-02     0.4163     1.1959    74.1585 0.0000e+00
        542 303.630780    0.03760     2.2561    135.367     62.591  48877.500    30.8609     8.6761     62.000     8.6693    23.9283     5.4933     7.8506     82.265    239.600    245.334   -0.00379    6.67762    9.54298  291.25296   15.06510 4.4267e-02     0.4175     1.2506    73.1515 0.0000e+00
        548 303.630796    0.03798     2.2788    136.728     63.605  48885.761    30.8663     8.6762     63.000     8.6691    23.9325     5.4818     7.8340     82.094    239.092    244.814   -0.00351    6.67736    9.54262  291.24105   15.06451 4.4279e-02     0.4126     1.2517    73.1289 0.0000e+00
        553 303.630809    0.03831     2.2986    137.916     64.623  48895.874    30.8723     8.6720     64.000     8.6637    23.9379     5.4718     7.8197     81.941    238.658    244.371   -0.00351    6.67773    9.54315  291.25554   15.06517 4.4245e-02     0.4150     1.3095    72.0827 0.0000e+00
        556 303.630820    0.03856     2.3134    138.804     65.614  48903.023    30.8767     8.6705     65.000     8.6646    23.9415     5.4698     7.8169     81.911    238.570    244.282   -0.00285    6.67777    9.54320  291.25602   15.06518 4.4356e-02     0.4104     1.3713    70.9773 0.0000e+00
        561 303.630834    0.03891     2.3344    140.064     66.641  48912.612    30.8833     8.6724     66.000     8.6661    23.9464     5.4569     7.7984     81.725    238.006    243.706   -0.00308    6.67720    9.54238  291.22972   15.06390 4.4277e-02     0.4037     1.3135    72.0095 0.0000e+00
        565 303.630846    0.03920     2.3520    141.117     67.647  48919.623    30.8878     8.6730     67.000     8.6661    23.9499     5.4406     7.7751     81.484    237.292    242.976   -0.00367    6.67691    9.54196  291.21605   15.06322 4.4338e-02     0.4091     1.3432    71.4780 0.0000e+00
        569 303.630858    0.03947     2.3684    142.104     68.651  48922.761    30.8896     8.6729     68.000     8.6661    23.9512     5.4495     7.7879     81.618    237.682    243.375   -0.00232    6.67684    9.54187  291.21290   15.06307 4.4303e-02     0.3964     1.1944    74.1877 0.0000e+00
        574 303.630870    0.03977     2.3864    143.182     69.667  48931.419    30.8952     8.6729     69.000     8.6659    23.9557     5.4492     7.7874     81.617    237.668    243.361   -0.00124    6.67661    9.54155  291.20158   15.06251 4.4348e-02     0.4040     1.1923    74.2252 0.0000e+00
        578 303.630881    0.04004     2.4022    144.130     70.665  48939.829    30.9006     8.6732     70.000     8.6665    23.9600     5.4491     7.7874     81.619    237.664    243.359   -0.00136    6.67633    9.54114  291.18795   15.06183 4.4321e-02     0.3927     1.1957    74.1621 0.0000e+00
        583 303.630896    0.04040     2.4240    145.438     71.693  48947.233    30.9055     8.6741     71.000     8.6669    23.9636     5.4442     7.7802     81.548    237.444    243.135   -0.00115    6.67599    9.54065  291.17189   15.06105 4.4232e-02     0.3882     1.1711    74.6183 0.0000e+00
        587 303.630908    0.04067     2.4401    146.409     72.687  48971.676    30.9222     8.6742     72.000     8.6675    23.9767     5.4347     7.7667     81.416    237.031    242.714   -0.00192    6.67523    9.53958  291.13550   15.05924 4.4300e-02     0.4021     1.2459    73.2389 0.0000e+00
        591 303.630920    0.04097     2.4584    147.503     73.703  49032.040    30.9644     8.6768     73.000     8.6710    24.0094     5.4270     7.7557     81.327    236.686    242.368   -0.00187    6.67303    9.53643  291.03014   15.05403 4.4301e-02     0.3906     1.3140    72.0024 0.0000e+00
        595 303.630933    0.04127     2.4762    148.574     74.709  49041.104    30.9707     8.6794     74.000     8.6724    24.0140     5.3995     7.7164     80.923    235.486    241.140   -0.00370    6.67236    9.53547  290.99964   15.05255 4.4308e-02     0.3846     1.3934    70.5864 0.0000e+00
        600 303.630946    0.04161     2.4963    149.779     75.723  49044.428    30.9727     8.6803     75.000     8.6730    24.0153     5.3604     7.6605     80.339    233.780    239.394   -0.00633    6.67214    9.53515  290.98952   15.05206 4.4275e-02     0.3979     1.3722    70.9621 0.0000e+00
        605 303.630961    0.04194     2.5166    150.996     76.730  49048.067    30.9750     8.6812     76.000     8.6739    24.0170     5.3413     7.6332     80.056    232.947    238.541   -0.00618    6.67191    9.53483  290.97914   15.05155 4.4296e-02     0.3823     1.3533    71.2968 0.0000e+00
        610 303.630974    0.04227     2.5362    152.172     77.747  49053.878    30.9788     8.6820     77.000     8.6745    24.0198     5.3363     7.6261     79.985    232.728    238.317   -0.00479    6.67162    9.53441  290.96571   15.05090 4.4322e-02     0.3729     1.3425    71.4899 0.0000e+00
        614 303.630986    0.04256     2.5536    153.216     78.743  49059.375    30.9822     8.6826     78.000     8.6752    24.0225     5.3424     7.6348     80.079    232.992    238.590   -0.00300    6.67139    9.53408  290.95485   15.05036 4.4321e-02     0.3801     1.3770    70.8758 0.0000e+00
        620 303.631004    0.04298     2.5786    154.716     79.772  49072.930    30.9915     8.6842     79.000     8.6765    24.0295     5.3436     7.6365     80.105    233.045    238.645   -0.00166    6.67075    9.53317  290.92509   15.04891 4.4247e-02     0.3858     1.3512    71.3381 0.0000e+00
        624 303.631015    0.04324     2.5949    155.693     80.759  49078.432    30.9950     8.6848     80.000     8.6770    24.0322     5.3378     7.6282     80.021    232.792    238.386   -0.00177    6.67051    9.53282  290.91359   15.04834 4.4366e-02     0.3794     1.4784    69.1044 0.0000e+00
        629 303.631031    0.04364     2.6182    157.092     81.793  49089.561    31.0024     8.6857     81.000     8.6781    24.0379     5.3280     7.6143     79.880    232.365    237.950   -0.00211    6.67004    9.53216  290.89170   15.04727 4.4266e-02     0.3873     1.4385    69.7945 0.0000e+00
        633 303.631042    0.04390     2.6340    158.040     82.774  49111.154    31.0173     8.6870     82.000     8.6795    24.0495     5.3211     7.6043     79.786    232.060    237.640   -0.00217    6.66920    9.53096  290.85190   15.04531 4.4353e-02     0.3902     1.6416    66.3472 0.0000e+00
        639 303.631060    0.04434     2.6603    159.618     83.813  49128.873    31.0295     8.6890     83.000     8.6811    24.0587     5.3031     7.5787     79.526    231.274    236.838   -0.00283    6.66839    9.52980  290.81360   15.04342 4.4277e-02     0.3735     1.6658    65.9404 0.0000e+00
        644 303.631073    0.04464     2.6787    160.721     84.812  49168.188    31.0569     8.6909     84.000     8.6839    24.0799     5.2804     7.5461     79.202    230.275    235.820   -0.00415    6.66692    9.52770  290.74347   15.03996 4.4289e-02     0.3718     1.9051    62.1096 0.0000e+00
        648 303.631084    0.04490     2.6942    161.652     85.813  49182.211    31.0667     8.6933     85.000     8.6855    24.0872     5.2769     7.5412     79.160    230.123    235.665   -0.00350    6.66614    9.52658  290.70750   15.03821 4.4363e-02     0.3710     2.0216    60.3262 0.0000e+00
        653 303.631100    0.04528     2.7165    162.992     86.837  49195.977    31.0761     8.6951     86.000     8.6869    24.0943     5.2479     7.4998     78.732    228.856    234.370   -0.00464    6.66547    9.52562  290.67622   15.03667 4.4297e-02     0.3760     1.9967    60.7045 0.0000e+00
        657 303.631111    0.04556     2.7333    163.998     87.836  49212.128    31.0872     8.6963     87.000     8.6882    24.1028     5.2195     7.4592     78.314    227.617    233.104   -0.00626    6.66481    9.52468  290.64483   15.03513 4.4329e-02     0.3818     2.1516    58.4015 0.0000e+00
        661 303.631123    0.04583     2.7502    165.013     88.847  49221.834    31.0937     8.6975     88.000     8.6891    24.1077     5.2130     7.4499     78.222    227.332    232.812   -0.00528    6.66435    9.52402  290.62348   15.03408 4.4360e-02     0.3601     2.1817    57.9611 0.0000e+00
        666 303.631136    0.04616     2.7693    166.161     89.859  49229.442    31.0988     8.6985     89.000     8.6897    24.1115     5.2050     7.4384     78.107    226.982    232.455   -0.00444    6.66398    9.52349  290.60630   15.03324 4.4338e-02     0.3616     2.2607    56.8326 0.0000e+00
        670 303.631149    0.04646     2.7877    167.265     90.873  49232.984    31.1008     8.6989     90.000     8.6898    24.1131     5.1934     7.4220     77.935    226.478    231.939   -0.00415    6.66383    9.52328  290.59942   15.03290 4.4361e-02     0.3618     2.3963    54.9338 0.0000e+00
        674 303.631160    0.04673     2.8038    168.227     91.873  49239.481    31.1050     8.6991     91.000     8.6900    24.1164     5.1826     7.4064     77.774    226.003    231.453   -0.00423    6.66361    9.52298  290.58917   15.03240 4.4395e-02     0.3494     2.5590    52.7478 0.0000e+00
        679 303.631174    0.04705     2.8233    169.399     92.891  49238.511    31.1039     8.6993     92.000     8.6901    24.1155     5.1765     7.3977     77.683    225.738    231.182   -0.00356    6.66363    9.52300  290.59031   15.03246 4.4329e-02     0.3570     2.6047    52.1450 0.0000e+00
        683 303.631186    0.04737     2.8421    170.524     93.898  49238.927    31.1038     8.6994     93.000     8.6901    24.1154     5.1726     7.3922     77.625    225.568    231.008   -0.00291    6.66362    9.52297  290.58930   15.03241 4.4310e-02     0.3587     2.6650    51.3647 0.0000e+00
        687 303.631199    0.04766     2.8597    171.583     94.907  49241.848    31.1054     8.6995     94.000     8.6900    24.1167     5.1723     7.3917     77.622    225.556    230.996   -0.00224    6.66354    9.52285  290.58541   15.03222 4.4343e-02     0.3564     2.7150    50.7253 0.0000e+00
        692 303.631212    0.04799     2.8789    172.734     95.920  49240.763    31.1042     8.6994     95.000     8.6898    24.1158     5.1744     7.3946     77.651    225.645    231.086   -0.00136    6.66361    9.52295  290.58868   15.03237 4.4333e-02     0.3500     2.7759    49.9601 0.0000e+00
        696 303.631225    0.04829     2.8977    173.864     96.927  49241.175    31.1040     8.6995     96.000     8.6898    24.1157     5.1694     7.3875     77.576    225.427    230.863   -0.00146    6.66360    9.52295  290.58878   15.03238 4.4371e-02     0.3599     2.8795    48.6835 0.0000e+00
        701 303.631238    0.04860     2.9163    174.977     97.943  49241.622    31.1039     8.6994     97.000     8.6896    24.1156     5.1697     7.3880     77.580    225.440    230.877   -0.00114    6.66361    9.52297  290.58907   15.03240 4.4339e-02     0.3571     2.9485    47.8529 0.0000e+00
        705 303.631250    0.04889     2.9336    176.016     98.945  49241.833    31.1036     8.6995     98.000     8.6895    24.1154     5.1711     7.3900     77.602    225.503    230.941   -0.00072    6.66362    9.52299  290.58977   15.03243 4.4389e-02     0.3622     3.1899    45.0481 0.0000e+00
        710 303.631264    0.04924     2.9539    177.236     99.955  49240.887    31.1025     8.6995     99.000     8.6896    24.1145     5.1727     7.3923     77.626    225.574    231.012   -0.00042    6.66366    9.52304  290.59170   15.03253 4.4299e-02     0.3549     3.2264    44.6386 0.0000e+00
