CTD-processing/allCTD/CNV/2019_06-19_t9_s01_cast227_4141.cnv
* Sea-Bird SBE19plus Data File:
* FileName = C:\Users\jwschloemer\Documents\CTD Data\2019_06-19_AlongBay_T9\2019_06-19_T9_S01_Cast227.hex
* Software Version 1.59
* Temperature SN =  4141
* Conductivity SN =  4141
* System UpLoad Time = Jun 20 2019 15:55:55
** Cook Inlet LTM Transect 9
** Date: 2019_06_19
** Station:01
** Start Time (AKST):15:57
** Depth (m):59
** Comment:
# nquan = 27
# nvalues = 53                          
# units = specified
# name 0 = scan: Scan Count
# name 1 = timeJ: Julian Days
# name 2 = timeH: Time, Elapsed [hours]
# name 3 = timeM: Time, Elapsed [minutes]
# name 4 = timeS: Time, Elapsed [seconds]
# name 5 = prdM: Pressure, Strain Gauge [db]
# name 6 = specc: Specific Conductance [uS/cm]
# name 7 = sal00: Salinity, Practical [PSU]
# name 8 = tv290C: Temperature [ITS-90, deg C]
# name 9 = depSM: Depth [salt water, m], lat = 59.00
# name 10 = potemp090C: Potential Temperature [ITS-90, deg C]
# name 11 = sigma-é00: Density [sigma-theta, kg/m^3]
# name 12 = sbeox0ML/L: Oxygen, SBE 43 [ml/l]
# name 13 = sbeox0Mg/L: Oxygen, SBE 43 [mg/l]
# name 14 = sbeox0PS: Oxygen, SBE 43 [% saturation]
# name 15 = sbox0Mm/Kg: Oxygen, SBE 43 [umol/kg]
# name 16 = sbeox0Mm/L: Oxygen, SBE 43 [umol/l]
# name 17 = sbox0dV/dT: Oxygen, SBE 43 [dov/dt]
# name 18 = oxsolML/L: Oxygen Saturation, Garcia & Gordon [ml/l]
# name 19 = oxsolMg/L: Oxygen Saturation, Garcia & Gordon [mg/l]
# name 20 = oxsolMm/Kg: Oxygen Saturation, Garcia & Gordon [umol/kg]
# name 21 = n2satMg/L: Nitrogen Saturation [mg/l]
# name 22 = par: PAR/Irradiance, Biospherical/Licor
# name 23 = wetStar: Fluorescence, WET Labs WETstar [mg/m^3]
# name 24 = CStarAt0: Beam Attenuation, WET Labs C-Star [1/m]
# name 25 = CStarTr0: Beam Transmission, WET Labs C-Star [%]
# name 26 = flag: flag
# span 0 =        264,        682       
# span 1 = 170.665518, 170.666727       
# span 2 =    0.01827,    0.04728       
# span 3 =     1.0964,     2.8368       
# span 4 =     65.787,    170.207       
# span 5 =      1.015,     53.508       
# span 6 =  35984.080,  50231.155       
# span 7 =    22.3188,    31.6453       
# span 8 =     7.6051,    11.8830       
# span 9 =      1.000,     53.000       
# span 10 =     7.5982,    11.8891      
# span 11 =    16.7886,    24.6963      
# span 12 =     6.5455,     7.2674      
# span 13 =     9.3542,    10.3859      
# span 14 =     96.166,    114.905      
# span 15 =    285.278,    317.635      
# span 16 =    292.324,    324.563      
# span 17 =   -0.05602,    0.03321      
# span 18 =    6.31105,    6.80671      
# span 19 =    9.01912,    9.72748      
# span 20 =  275.84228,  296.66322      
# span 21 =   14.33632,   15.32025      
# span 22 = 3.6852e-02, 4.2535e+02      
# span 23 =     0.4268,     1.9617      
# span 24 =     0.5827,    13.3960      
# span 25 =     0.4741,    86.4456      
# span 26 = 0.0000e+00, 0.0000e+00      
# interval = meters: 1                  
# start_time = Jun 19 2019 15:57:15 [Instrument's time stamp, header]
# bad_flag = -9.990e-29
*END*
        264 170.665518    0.01827     1.0964     65.787      1.015  35984.080    22.3188    11.8515      1.000    11.8719    16.7886     6.8980     9.8580    104.934    302.973    308.066    0.00205    6.57656    9.39855  288.87011   14.98686 4.2535e+02     0.4611    13.3960     0.4741 0.0000e+00
        414 170.665951    0.02866     1.7194    103.165      2.017  44753.282    28.3676    11.8830      2.000    11.8891    21.4649     6.8957     9.8547    109.017    301.492    307.964    0.00476    6.32563    9.03995  276.56710   14.37271 7.8846e+01     0.4998     3.4172    45.1556 0.0000e+00
        422 170.665974    0.02921     1.7524    105.146      3.029  45342.068    28.7775    11.8692      3.000    11.8538    21.7849     7.0890    10.1309    112.327    309.847    316.597    0.02346    6.31105    9.01912  275.84228   14.33632 6.1092e+01     1.0067     1.1586    74.8194 0.0000e+00
        427 170.665989    0.02957     1.7744    106.464      4.039  45367.167    28.7850    11.7654      4.000    11.5580    21.8092     7.2674    10.3859    114.905    317.635    324.563    0.03321    6.32473    9.03868  276.43382   14.36463 5.5569e+01     1.4876     0.9552    78.7649 0.0000e+00
        432 170.666004    0.02994     1.7962    107.773      5.046  46338.197    29.3644    10.7687      5.000     9.8899    22.4291     7.2002    10.2898    111.847    314.508    321.561    0.00221    6.43862    9.20143  281.23974   14.59238 4.9260e+01     1.6465     0.9922    78.0369 0.0000e+00
        437 170.666019    0.03030     1.8177    109.062      6.056  48858.055    30.8833     8.7798      6.000     8.4654    23.9284     6.8549     9.7964    102.927    298.990    306.142   -0.05602    6.66182    9.52040  290.56290   15.03200 4.0298e+01     1.9617     1.0012    77.9139 0.0000e+00
        443 170.666035    0.03067     1.8400    110.402      7.066  49517.576    31.2749     8.2839      7.000     8.2317    24.3090     6.7156     9.5973     99.956    292.803    299.920   -0.05589    6.71875    9.60176  292.93797   15.14387 3.3373e+01     1.7166     0.7126    83.7046 0.0000e+00
        448 170.666050    0.03103     1.8621    111.728      8.086  49631.494    31.3409     8.1955      8.000     8.1836    24.3736     6.6724     9.5355     99.155    290.898    297.988   -0.04225    6.72924    9.61675  293.37711   15.16458 2.8256e+01     1.2035     0.6414    85.1845 0.0000e+00
        452 170.666063    0.03134     1.8803    112.815      9.075  49666.061    31.3602     8.1667      9.000     8.1545    24.3929     6.7195     9.6029     99.803    292.948    300.094   -0.02644    6.73277    9.62181  293.52567   15.17159 2.3292e+01     1.0153     0.6252    85.5304 0.0000e+00
        458 170.666080    0.03176     1.9053    114.317     10.116  49703.355    31.3817     8.1395     10.000     8.1288    24.4137     6.7731     9.6793    100.551    295.276    302.485   -0.01124    6.73599    9.62640  293.65985   15.17791 1.8975e+01     0.9870     0.6083    85.8932 0.0000e+00
        462 170.666092    0.03204     1.9222    115.335     11.099  49767.058    31.4215     8.1121     11.000     8.1008    24.4488     6.7754     9.6827    100.549    295.366    302.588   -0.00845    6.73839    9.62984  293.75478   15.18229 1.6054e+01     0.9628     0.5884    86.3221 0.0000e+00
        468 170.666107    0.03240     1.9443    116.655     12.115  49786.109    31.4319     8.0957     12.000     8.0969    24.4593     6.7857     9.6975    100.671    295.816    303.051   -0.00494    6.74046    9.63279  293.84164   15.18639 1.3325e+01     1.1463     0.6029    86.0082 0.0000e+00
        472 170.666121    0.03274     1.9643    117.857     13.124  49772.944    31.4230     8.1011     13.000     8.1011    24.4516     6.7774     9.6856    100.555    295.455    302.679   -0.00396    6.74000    9.63214  293.82403   15.18558 1.0990e+01     0.8783     0.5919    86.2451 0.0000e+00
        478 170.666136    0.03312     1.9868    119.209     14.132  49771.768    31.4220     8.1026     14.000     8.1023    24.4506     6.7875     9.7001    100.708    295.896    303.131   -0.00190    6.73982    9.63188  293.81639   15.18522 9.2312e+00     0.8688     0.5827    86.4456 0.0000e+00
        483 170.666151    0.03345     2.0074    120.444     15.141  49775.000    31.4239     8.1038     15.000     8.0918    24.4520     6.7912     9.7053    100.766    296.055    303.294   -0.00092    6.73957    9.63152  293.80495   15.18467 7.5278e+00     0.8574     0.5867    86.3591 0.0000e+00
        488 170.666167    0.03385     2.0310    121.862     16.156  49828.404    31.4571     8.0797     16.000     8.0772    24.4815     6.7815     9.6914    100.589    295.624    302.862   -0.00169    6.74177    9.63467  293.89271   15.18872 6.2772e+00     0.9622     0.6017    86.0349 0.0000e+00
        493 170.666181    0.03419     2.0511    123.068     17.154  49825.834    31.4552     8.0817     17.000     8.0811    24.4797     6.7758     9.6833    100.508    295.376    302.607   -0.00181    6.74156    9.63436  293.88394   15.18831 5.1568e+00     0.8621     0.6065    85.9312 0.0000e+00
        499 170.666199    0.03460     2.0759    124.553     18.177  49824.718    31.4536     8.0796     18.000     8.0764    24.4788     6.7756     9.6831    100.500    295.370    302.600   -0.00119    6.74194    9.63490  293.90059   15.18911 4.2221e+00     0.8399     0.6058    85.9471 0.0000e+00
        504 170.666212    0.03492     2.0954    125.723     19.170  49824.665    31.4530     8.0791     19.000     8.0782    24.4784     6.7756     9.6829    100.497    295.366    302.595   -0.00098    6.74204    9.63505  293.90521   15.18934 3.4836e+00     0.9014     0.6092    85.8741 0.0000e+00
        510 170.666231    0.03537     2.1221    127.323     20.204  49814.187    31.4461     8.0844     20.000     8.0804    24.4722     6.7738     9.6804    100.479    295.292    302.518   -0.00074    6.74154    9.63433  293.88510   15.18841 2.8530e+00     0.8694     0.6271    85.4889 0.0000e+00
        514 170.666242    0.03565     2.1389    128.336     21.187  49817.403    31.4459     8.0720     21.000     8.0623    24.4739     6.7720     9.6778    100.423    295.212    302.436   -0.00094    6.74345    9.63706  293.96782   15.19236 2.3340e+00     0.8552     0.7007    83.9340 0.0000e+00
        521 170.666261    0.03609     2.1656    129.938     22.225  49832.250    31.4519     8.0465     22.000     8.0294    24.4822     6.7656     9.6687    100.274    294.930    302.150   -0.00150    6.74708    9.64225  294.12373   15.19978 1.8433e+00     0.8223     0.7806    82.2737 0.0000e+00
        525 170.666273    0.03638     2.1828    130.970     23.214  49863.594    31.4653     7.9956     23.000     7.9691    24.5000     6.7482     9.6437     99.909    294.164    301.371   -0.00337    6.75428    9.65253  294.43240   15.21446 1.4600e+00     0.8162     0.8817    80.2191 0.0000e+00
        530 170.666288    0.03674     2.2040    132.241     24.225  49916.392    31.4953     7.9545     24.000     7.9458    24.5294     6.7140     9.5949     99.330    292.665    299.845   -0.00583    6.75925    9.65964  294.64071   15.22428 1.1278e+00     0.8219     0.9013    79.8258 0.0000e+00
        535 170.666303    0.03710     2.2265    133.591     25.246  49932.320    31.5038     7.9411     25.000     7.9362    24.5380     6.6877     9.5573     98.916    291.518    298.670   -0.00661    6.76092    9.66203  294.71109   15.22761 8.7173e-01     0.7324     0.9080    79.6933 0.0000e+00
        540 170.666316    0.03741     2.2446    134.675     26.237  49938.815    31.5065     7.9319     26.000     7.9202    24.5413     6.6860     9.5549     98.873    291.443    298.595   -0.00506    6.76221    9.66387  294.76631   15.23024 6.8352e-01     0.7374     0.8965    79.9215 0.0000e+00
        545 170.666332    0.03781     2.2687    136.124     27.268  49961.843    31.5179     7.9054     27.000     7.8962    24.5541     6.6857     9.5546     98.817    291.429    298.584   -0.00364    6.76578    9.66897  294.91832   15.23744 5.2114e-01     0.7094     0.8520    80.8155 0.0000e+00
        550 170.666346    0.03814     2.2882    137.295     28.267  49973.550    31.5244     7.8981     28.000     7.8968    24.5602     6.6724     9.5355     98.607    290.845    297.989   -0.00383    6.76662    9.67017  294.95311   15.23908 4.1224e-01     0.6409     0.8697    80.4602 0.0000e+00
        555 170.666360    0.03847     2.3086    138.515     29.265  49968.262    31.5208     7.9014     29.000     7.8984    24.5570     6.6692     9.5310     98.567    290.710    297.850   -0.00294    6.76628    9.66968  294.93894   15.23842 3.1454e-01     0.7065     0.8918    80.0161 0.0000e+00
        561 170.666377    0.03888     2.3325    139.949     30.301  49966.774    31.5191     7.8996     30.000     7.8934    24.5558     6.6726     9.5358     98.610    290.855    297.997   -0.00176    6.76662    9.67018  294.95432   15.23916 2.3003e-01     0.6276     0.8758    80.3371 0.0000e+00
        565 170.666390    0.03919     2.3513    141.081     31.290  49984.675    31.5296     7.8902     31.000     7.8841    24.5655     6.6762     9.5410     98.649    291.010    298.159   -0.00105    6.76761    9.67159  294.99483   15.24105 1.6953e-01     0.6638     0.8866    80.1197 0.0000e+00
        571 170.666406    0.03958     2.3752    142.514     32.303  49995.382    31.5329     7.8671     32.000     7.8439    24.5713     6.6672     9.5281     98.467    290.616    297.758   -0.00177    6.77101    9.67645  295.14145   15.24804 1.2029e-01     0.6462     0.8709    80.4357 0.0000e+00
        576 170.666422    0.03996     2.3979    143.874     33.332  50053.235    31.5640     7.8123     33.000     7.8022    24.6034     6.6536     9.5086     98.163    290.013    297.149   -0.00323    6.77808    9.68655  295.44004   15.26216 9.4731e-02     0.6620     0.8634    80.5858 0.0000e+00
        582 170.666437    0.04033     2.4197    145.182     34.321  50059.301    31.5666     7.8044     34.000     7.7995    24.6066     6.6413     9.4911     97.966    289.476    296.599   -0.00337    6.77916    9.68810  295.48657   15.26437 7.7200e-02     0.6521     0.8799    80.2552 0.0000e+00
        587 170.666453    0.04070     2.4423    146.536     35.320  50093.413    31.5901     7.8057     35.000     7.8050    24.6249     6.6224     9.4641     97.706    288.649    295.757   -0.00382    6.77793    9.68634  295.42751   15.26146 6.4914e-02     0.6192     0.9069    79.7160 0.0000e+00
        593 170.666471    0.04114     2.4685    148.113     36.354  50094.530    31.5914     7.8114     36.000     7.8060    24.6251     6.6198     9.4604     97.680    288.535    295.640   -0.00264    6.77700    9.68501  295.38681   15.25951 5.5635e-02     0.5501     0.9011    79.8308 0.0000e+00
        599 170.666487    0.04152     2.4910    149.458     37.354  50108.404    31.5993     7.8028     37.000     7.7968    24.6325     6.6345     9.4813     97.883    289.173    296.296   -0.00065    6.77798    9.68641  295.42739   15.26142 4.9059e-02     0.5067     0.9080    79.6958 0.0000e+00
        604 170.666502    0.04187     2.5122    150.734     38.353  50116.493    31.6036     7.7973     38.000     7.7913    24.6366     6.6309     9.4762     97.821    289.016    296.136   -0.00075    6.77864    9.68735  295.45490   15.26271 4.6158e-02     0.5128     0.9255    79.3448 0.0000e+00
        610 170.666519    0.04230     2.5380    152.279     39.384  50122.313    31.6061     7.7904     39.000     7.7823    24.6396     6.6243     9.4668     97.709    288.726    295.840   -0.00134    6.77958    9.68871  295.49542   15.26464 4.3211e-02     0.4801     0.8576    80.7015 0.0000e+00
        615 170.666532    0.04261     2.5566    153.393     40.370  50133.384    31.6121     7.7824     40.000     7.7784    24.6454     6.6206     9.4615     97.641    288.565    295.677   -0.00138    6.78056    9.69010  295.53620   15.26656 4.1608e-02     0.5083     0.8698    80.4578 0.0000e+00
        620 170.666549    0.04301     2.5805    154.828     41.400  50131.983    31.6102     7.7798     41.000     7.7737    24.6443     6.6200     9.4607     97.626    288.541    295.651   -0.00114    6.78104    9.69078  295.55748   15.26758 4.0091e-02     0.4963     0.8400    81.0595 0.0000e+00
        625 170.666562    0.04331     2.5988    155.928     42.396  50134.590    31.6106     7.7740     42.000     7.7675    24.6455     6.6214     9.4626     97.633    288.598    295.711   -0.00076    6.78192    9.69204  295.59549   15.26940 3.8633e-02     0.5460     0.8653    80.5489 0.0000e+00
        630 170.666578    0.04370     2.6220    157.320     43.417  50139.253    31.6125     7.7687     43.000     7.7628    24.6478     6.6126     9.4500     97.493    288.214    295.318   -0.00143    6.78265    9.69308  295.62651   15.27087 3.8211e-02     0.5008     0.8363    81.1332 0.0000e+00
        635 170.666590    0.04400     2.6398    158.387     44.412  50142.866    31.6138     7.7638     44.000     7.7569    24.6495     6.6159     9.4548     97.531    288.358    295.465   -0.00090    6.78333    9.69406  295.65601   15.27227 3.7693e-02     0.4863     0.8659    80.5375 0.0000e+00
        640 170.666606    0.04437     2.6624    159.746     45.436  50150.208    31.6176     7.7588     45.000     7.7547    24.6532     6.6078     9.4432     97.403    288.004    295.105   -0.00139    6.78395    9.69495  295.68172   15.27348 3.7417e-02     0.4883     0.8267    81.3288 0.0000e+00
        645 170.666619    0.04470     2.6819    160.912     46.438  50148.112    31.6151     7.7548     46.000     7.7454    24.6517     6.6052     9.4394     97.354    287.889    294.986   -0.00140    6.78468    9.69599  295.71393   15.27503 3.7208e-02     0.5025     0.8448    80.9613 0.0000e+00
        650 170.666635    0.04508     2.7046    162.277     47.451  50157.035    31.6187     7.7413     47.000     7.7316    24.6565     6.6060     9.4407     97.340    287.927    295.026   -0.00109    6.78661    9.69874  295.79660   15.27896 3.7072e-02     0.5014     0.8117    81.6351 0.0000e+00
        655 170.666649    0.04541     2.7246    163.474     48.458  50154.091    31.6130     7.7221     48.000     7.7007    24.6546     6.6032     9.4366     97.251    287.803    294.899   -0.00125    6.78983    9.70335  295.93755   15.28572 3.6852e-02     0.5481     0.7933    82.0105 0.0000e+00
        660 170.666665    0.04578     2.7472    164.833     49.470  50180.938    31.6237     7.6755     49.000     7.6591    24.6695     6.5906     9.4187     96.970    287.253    294.338   -0.00262    6.79656    9.71297  296.22671   15.29947 3.7096e-02     0.4556     0.7580    82.7380 0.0000e+00
        665 170.666679    0.04613     2.7679    166.075     50.473  50192.623    31.6276     7.6525     50.000     7.6380    24.6758     6.5803     9.4039     96.770    286.800    293.877   -0.00287    6.79996    9.71782  296.37288   15.30644 3.7322e-02     0.4817     0.7871    82.1378 0.0000e+00
        671 170.666695    0.04652     2.7909    167.456     51.490  50203.576    31.6302     7.6247     51.000     7.6103    24.6817     6.5510     9.3620     96.280    285.522    292.569   -0.00508    6.80415    9.72381  296.55395   15.31506 3.7204e-02     0.4360     0.7885    82.1087 0.0000e+00
        676 170.666709    0.04687     2.8118    168.707     52.492  50218.631    31.6371     7.6062     52.000     7.5982    24.6897     6.5544     9.3669     96.294    285.668    292.721   -0.00333    6.80671    9.72748  296.66322   15.32025 3.7481e-02     0.4268     0.8379    81.1011 0.0000e+00
        682 170.666727    0.04728     2.8368    170.207     53.508  50231.155    31.6453     7.6051     53.000     7.6044    24.6963     6.5455     9.3542     96.166    285.278    292.324   -0.00297    6.80653    9.72721  296.65356   15.31976 3.7100e-02     0.4464     0.8240    81.3833 0.0000e+00
