CTD-processing/allCTD/CNV/2019_09-19_t7_23_cast048_4141.cnv
* Sea-Bird SBE19plus Data File:
* FileName = C:\Users\Chris\Desktop\EVOSTC GWA LTM\CTD Data\2019_09-19_T7\2019_09-19_T7_2_Cast048.hex
* Software Version 1.59
* Temperature SN =  4141
* Conductivity SN =  4141
* System UpLoad Time = Sep 23 2019 18:53:26
** Cook Inlet LTM T7
** Date: 2019_09-19
** Station:23
** Start Time: (AKST):15:43
** Depth (m):46
** Comment:
** Comment:
# nquan = 27
# nvalues = 41                          
# units = specified
# name 0 = scan: Scan Count
# name 1 = timeJ: Julian Days
# name 2 = timeH: Time, Elapsed [hours]
# name 3 = timeM: Time, Elapsed [minutes]
# name 4 = timeS: Time, Elapsed [seconds]
# name 5 = prdM: Pressure, Strain Gauge [db]
# name 6 = specc: Specific Conductance [uS/cm]
# name 7 = sal00: Salinity, Practical [PSU]
# name 8 = tv290C: Temperature [ITS-90, deg C]
# name 9 = depSM: Depth [salt water, m], lat = 59.00
# name 10 = potemp090C: Potential Temperature [ITS-90, deg C]
# name 11 = sigma-é00: Density [sigma-theta, kg/m^3]
# name 12 = sbeox0ML/L: Oxygen, SBE 43 [ml/l]
# name 13 = sbeox0Mg/L: Oxygen, SBE 43 [mg/l]
# name 14 = sbeox0PS: Oxygen, SBE 43 [% saturation]
# name 15 = sbox0Mm/Kg: Oxygen, SBE 43 [umol/kg]
# name 16 = sbeox0Mm/L: Oxygen, SBE 43 [umol/l]
# name 17 = sbox0dV/dT: Oxygen, SBE 43 [dov/dt]
# name 18 = oxsolML/L: Oxygen Saturation, Garcia & Gordon [ml/l]
# name 19 = oxsolMg/L: Oxygen Saturation, Garcia & Gordon [mg/l]
# name 20 = oxsolMm/Kg: Oxygen Saturation, Garcia & Gordon [umol/kg]
# name 21 = n2satMg/L: Nitrogen Saturation [mg/l]
# name 22 = par: PAR/Irradiance, Biospherical/Licor
# name 23 = wetStar: Fluorescence, WET Labs WETstar [mg/m^3]
# name 24 = CStarAt0: Beam Attenuation, WET Labs C-Star [1/m]
# name 25 = CStarTr0: Beam Transmission, WET Labs C-Star [%]
# name 26 = flag: flag
# span 0 =        283,        567       
# span 1 = 262.655469, 262.656291       
# span 2 =    0.01960,    0.03931       
# span 3 =     1.1763,     2.3585       
# span 4 =     70.577,    141.509       
# span 5 =      1.015,     41.350       
# span 6 =  46987.660,  49347.761       
# span 7 =    29.8603,    31.2953       
# span 8 =     9.3535,    11.0007       
# span 9 =      1.000,     41.000       
# span 10 =     9.3442,    11.0094      
# span 11 =    22.7767,    24.1646      
# span 12 =     5.2648,     5.7555      
# span 13 =     7.5240,     8.2252      
# span 14 =     80.268,     90.229      
# span 15 =    229.580,    251.279      
# span 16 =    235.127,    257.041      
# span 17 =   -0.01304,    0.00040      
# span 18 =    6.37876,    6.55916      
# span 19 =    9.11589,    9.37370      
# span 20 =  278.48957,  286.02055      
# span 21 =   14.45795,   14.81327      
# span 22 = 8.9384e-01, 1.0448e+02      
# span 23 =     0.5524,     1.3480      
# span 24 =     0.3588,     4.0583      
# span 25 =    63.0738,    91.4198      
# span 26 = 0.0000e+00, 0.0000e+00      
# interval = meters: 1                  
# start_time = Sep 19 2019 15:42:42 [Instrument's time stamp, header]
# bad_flag = -9.990e-29
*END*
        283 262.655469    0.01960     1.1763     70.577      1.015  46987.660    29.8603    11.0007      1.000    11.0094    22.7767     5.6335     8.0508     88.222    245.993    251.593   -0.00060    6.38629    9.12665  278.86746   14.47686 1.0448e+02     1.0959     4.0583    63.0738 0.0000e+00
        375 262.655734    0.02595     1.5571     93.424      2.017  47284.265    30.0575    10.9930      2.000    10.9650    22.9310     5.7555     8.2252     90.229    251.279    257.041   -0.00033    6.37876    9.11589  278.48957   14.45795 1.0001e+02     1.3480     0.7252    84.3893 0.0000e+00
        381 262.655751    0.02636     1.5813     94.881      3.025  47360.865    30.1048    10.9370      3.000    10.9124    22.9774     5.7552     8.2247     90.142    251.251    257.025   -0.00110    6.38453    9.12414  278.72879   14.46921 8.1970e+01     1.3472     0.5874    86.3414 0.0000e+00
        385 262.655764    0.02667     1.6002     96.013      4.046  47451.804    30.1598    10.8583      4.000    10.7857    23.0336     5.7428     8.2071     89.827    250.701    256.475   -0.00291    6.39317    9.13648  279.09044   14.48631 6.5689e+01     1.3084     0.5499    87.1575 0.0000e+00
        389 262.655775    0.02694     1.6162     96.973      5.042  47620.429    30.2629    10.7198      5.000    10.6572    23.1371     5.7118     8.1628     89.134    249.322    255.090   -0.00670    6.40813    9.15787  279.71558   14.51582 5.7640e+01     1.3441     0.5047    88.1468 0.0000e+00
        394 262.655789    0.02726     1.6357     98.143      6.059  47787.423    30.3654    10.5893      6.000    10.5574    23.2389     5.6610     8.0902     88.149    247.079    252.821   -0.01133    6.42208    9.17780  280.29655   14.54321 5.1484e+01     1.2640     0.4579    89.1832 0.0000e+00
        398 262.655802    0.02757     1.6541     99.244      7.066  47840.476    30.3965    10.5376      7.000    10.5238    23.2717     5.6177     8.0282     87.394    245.180    250.886   -0.01304    6.42802    9.18628  280.54654   14.55505 4.6554e+01     1.1784     0.3987    90.5120 0.0000e+00
        402 262.655814    0.02787     1.6719    100.314      8.077  47868.096    30.4128    10.5144      8.000    10.5085    23.2883     5.5969     7.9986     87.036    244.270    249.959   -0.01181    6.43059    9.18996  280.65440   14.56015 4.1636e+01     1.0935     0.3857    90.8084 0.0000e+00
        406 262.655826    0.02815     1.6891    101.348      9.083  47883.610    30.4226    10.5074      9.000    10.5049    23.2971     5.5876     7.9852     86.884    243.861    249.542   -0.00942    6.43117    9.19079  280.67722   14.56121 3.7339e+01     1.1489     0.3809    90.9156 0.0000e+00
        411 262.655839    0.02846     1.7077    102.464     10.094  47932.404    30.4553    10.4965     10.000    10.4832    23.3244     5.5921     7.9917     86.951    244.051    249.743   -0.00615    6.43136    9.19105  280.67785   14.56110 3.3740e+01     1.1378     0.3792    90.9563 0.0000e+00
        415 262.655852    0.02878     1.7269    103.613     11.106  47970.084    30.4787    10.4734     11.000    10.4740    23.3465     5.5982     8.0003     87.014    244.310    250.013   -0.00382    6.43361    9.19428  280.77023   14.56542 3.0242e+01     1.1409     0.3802    90.9321 0.0000e+00
        420 262.655865    0.02909     1.7452    104.710     12.110  47982.032    30.4868    10.4740     12.000    10.4664    23.3528     5.6072     8.0132     87.160    244.703    250.418   -0.00180    6.43321    9.19370  280.75070   14.56446 2.6963e+01     1.0666     0.3779    90.9864 0.0000e+00
        425 262.655880    0.02944     1.7668    106.005     13.121  48016.092    30.5087    10.4597     13.000    10.4574    23.3722     5.6143     8.0234     87.255    245.007    250.734   -0.00046    6.43431    9.19527  280.79352   14.56642 2.4013e+01     1.0592     0.3872    90.7730 0.0000e+00
        431 262.655897    0.02986     1.7915    107.489     14.135  48024.192    30.5142    10.4612     14.000    10.4604    23.3762     5.6121     8.0203     87.227    244.912    250.637   -0.00061    6.43387    9.19465  280.77325   14.56543 2.1363e+01     1.0364     0.3787    90.9669 0.0000e+00
        436 262.655911    0.03021     1.8122    108.733     15.142  48021.977    30.5123    10.4621     15.000    10.4606    23.3746     5.6170     8.0272     87.304    245.125    250.855 4.8047e-07    6.43383    9.19458  280.77170   14.56536 1.9019e+01     1.0843     0.3793    90.9539 0.0000e+00
        441 262.655926    0.03055     1.8331    109.983     16.153  48021.421    30.5115    10.4621     16.000    10.4597    23.3740     5.6211     8.0331     87.367    245.303    251.037    0.00040    6.43385    9.19462  280.77296   14.56543 1.7061e+01     1.0935     0.3921    90.6643 0.0000e+00
        445 262.655938    0.03086     1.8517    111.103     17.163  48033.577    30.5197    10.4618     17.000    10.4607    23.3804     5.6184     8.0292     87.329    245.183    250.916   -0.00004    6.43356    9.19420  280.75853   14.56470 1.5330e+01     1.1208     0.3798    90.9408 0.0000e+00
        450 262.655951    0.03116     1.8698    112.188     18.169  48030.164    30.5169    10.4629     18.000    10.4608    23.3781     5.6178     8.0285     87.322    245.162    250.892   -0.00021    6.43351    9.19414  280.75718   14.56465 1.3672e+01     1.1022     0.3794    90.9509 0.0000e+00
        454 262.655964    0.03148     1.8888    113.330     19.181  48027.930    30.5149    10.4626     19.000    10.4594    23.3767     5.6210     8.0330     87.369    245.299    251.033    0.00011    6.43365    9.19434  280.76371   14.56497 1.2123e+01     1.0761     0.3771    91.0030 0.0000e+00
        459 262.655978    0.03182     1.9089    114.535     20.189  48042.608    30.5243    10.4582     20.000    10.4546    23.3847     5.6205     8.0323     87.359    245.277    251.013   -0.00006    6.43388    9.19466  280.77118   14.56529 1.0773e+01     1.1148     0.3753    91.0454 0.0000e+00
        464 262.655993    0.03217     1.9301    115.806     21.197  48041.147    30.5228    10.4576     21.000    10.4556    23.3837     5.6243     8.0378     87.416    245.444    251.183    0.00029    6.43401    9.19485  280.77751   14.56560 9.5841e+00     1.1062     0.3727    91.1019 0.0000e+00
        469 262.656007    0.03250     1.9500    117.000     22.220  48054.940    30.5321    10.4570     22.000    10.4519    23.3910     5.6210     8.0331     87.369    245.299    251.036   -0.00008    6.43372    9.19444  280.76270   14.56485 8.4801e+00     1.1647     0.3714    91.1340 0.0000e+00
        472 262.656017    0.03274     1.9642    117.850     23.215  48078.611    30.5475    10.4495     23.000    10.4264    23.4042     5.6197     8.0312     87.342    245.238    250.978   -0.00051    6.43414    9.19502  280.77709   14.56548 7.5753e+00     1.0633     0.3713    91.1352 0.0000e+00
        476 262.656029    0.03302     1.9812    118.870     24.221  48174.143    30.6047    10.3675     24.000    10.3035    23.4624     5.6179     8.0285     87.190    245.142    250.894   -0.00125    6.44328    9.20808  281.16000   14.58358 6.7841e+00     1.2217     0.3648    91.2832 0.0000e+00
        482 262.656045    0.03341     2.0050    120.300     25.241  48359.967    30.7166    10.2127     25.000    10.1807    23.5752     5.5813     7.9763     86.392    243.520    249.261   -0.00592    6.46042    9.23259  281.87713   14.61744 6.1017e+00     1.1549     0.3589    91.4183 0.0000e+00
        487 262.656059    0.03375     2.0252    121.510     26.258  48429.573    30.7579    10.1518     26.000    10.1132    23.6173     5.5375     7.9136     85.622    241.598    247.304   -0.00932    6.46731    9.24243  282.16623   14.63110 5.4103e+00     1.0302     0.3588    91.4198 0.0000e+00
        490 262.656069    0.03399     2.0392    122.353     27.248  48519.997    30.8112    10.0708     27.000    10.0447    23.6721     5.5199     7.8885     85.229    240.819    246.519   -0.00973    6.47657    9.25566  282.55494   14.64948 4.8462e+00     0.9289     0.3606    91.3796 0.0000e+00
        495 262.656083    0.03433     2.0595    123.568     28.264  48562.078    30.8365    10.0391     28.000    10.0286    23.6970     5.4982     7.8575     84.848    239.864    245.549   -0.00920    6.48001    9.26058  282.69801   14.65623 4.3344e+00     0.8989     0.3619    91.3491 0.0000e+00
        501 262.656100    0.03474     2.0843    125.059     29.275  48584.496    30.8492    10.0181     29.000     9.9996    23.7104     5.4835     7.8365     84.590    239.221    244.893   -0.00731    6.48246    9.26408  282.80120   14.66111 3.8688e+00     0.8996     0.3808    90.9207 0.0000e+00
        507 262.656117    0.03514     2.1081    126.486     30.289  48630.855    30.8742     9.9599     30.000     9.8673    23.7393     5.4813     7.8333     84.462    239.119    244.795   -0.00538    6.48968    9.27441  283.10850   14.67571 3.4391e+00     0.8713     0.3933    90.6360 0.0000e+00
        512 262.656130    0.03546     2.1271    127.627     31.293  48909.179    31.0405     9.7300     31.000     9.6922    23.9060     5.4574     7.7992     83.760    238.039    243.729   -0.00789    6.51558    9.31141  284.19173   14.72685 3.0549e+00     0.8482     0.3844    90.8364 0.0000e+00
        517 262.656145    0.03580     2.1483    128.899     32.303  48963.789    31.0734     9.6904     32.000     9.6835    23.9380     5.3909     7.7041     82.684    235.129    240.757   -0.01232    6.51987    9.31755  284.37028   14.73526 2.7207e+00     0.7675     0.3656    91.2665 0.0000e+00
        522 262.656160    0.03619     2.1712    130.270     33.316  48987.749    31.0869     9.6686     33.000     9.6640    23.9521     5.3610     7.6615     82.194    233.824    239.425   -0.01128    6.52243    9.32121  284.47788   14.74034 2.3945e+00     0.6818     0.3647    91.2852 0.0000e+00
        527 262.656176    0.03655     2.1926    131.554     34.322  48968.871    31.0757     9.6877     34.000     9.6929    23.9403     5.3704     7.6749     82.367    234.236    239.844   -0.00645    6.52016    9.31796  284.38231   14.73582 2.1222e+00     0.7034     0.3608    91.3759 0.0000e+00
        532 262.656190    0.03691     2.2145    132.872     35.335  48943.532    31.0599     9.7070     35.000     9.7021    23.9249     5.3838     7.6940     82.598    234.823    240.441   -0.00276    6.51805    9.31496  284.29464   14.73169 1.8820e+00     0.6787     0.3624    91.3378 0.0000e+00
        537 262.656205    0.03725     2.2354    134.123     36.339  48959.435    31.0685     9.6901     36.000     9.6712    23.9343     5.3905     7.7035     82.674    235.111    240.738   -0.00122    6.52012    9.31790  284.38188   14.73583 1.6701e+00     0.7017     0.3604    91.3841 0.0000e+00
        543 262.656222    0.03766     2.2598    135.585     37.355  49005.769    31.0939     9.6380     37.000     9.5717    23.9625     5.3828     7.6925     82.475    234.770    240.396   -0.00214    6.52653    9.32707  284.65392   14.74874 1.4830e+00     0.7120     0.3596    91.4011 0.0000e+00
        549 262.656239    0.03806     2.2835    137.013     38.360  49247.350    31.2363     9.4334     38.000     9.3930    24.1060     5.3425     7.6349     81.563    232.978    238.595   -0.00676    6.55007    9.36071  285.64068   14.79535 1.3102e+00     0.6925     0.3631    91.3226 0.0000e+00
        555 262.656257    0.03848     2.3092    138.552     39.373  49320.327    31.2799     9.3793     39.000     9.3727    24.1485     5.2767     7.5409     80.486    230.101    235.658   -0.01082    6.55607    9.36928  285.89031   14.80711 1.1529e+00     0.5852     0.3648    91.2827 0.0000e+00
        561 262.656273    0.03889     2.3332    139.990     40.381  49347.761    31.2953     9.3535     40.000     9.3442    24.1646     5.2649     7.5241     80.268    229.584    235.132   -0.00844    6.55916    9.37370  286.02055   14.81327 1.0170e+00     0.5810     0.3663    91.2491 0.0000e+00
        567 262.656291    0.03931     2.3585    141.509     41.350  49346.113    31.2942     9.3572     41.000     9.3575    24.1632     5.2648     7.5240     80.273    229.580    235.127   -0.00485    6.55868    9.37301  285.99996   14.81229 8.9384e-01     0.5524     0.3625    91.3364 0.0000e+00
