CTD-processing/allCTD/CNV/2019_10-30_alongbay_kb06_cast008_4141.cnv
* Sea-Bird SBE19plus Data File:
* FileName = C:\Users\Chris\Desktop\EVOSTC GWA LTM\CTD Data\2019_10-30_AlongBay\2019_10-30_AlongBay_KB0_Cast008.hex
* Software Version 1.59
* Temperature SN =  4141
* Conductivity SN =  4141
* System UpLoad Time = Nov 01 2019 13:19:33
** Cook Inlet LTM AlongBay
** Date: 2019_10-30
** Station:6
** Start Time: (AKST):12:19
** Depth (m):99
** Comment:
** Comment:
# nquan = 27
# nvalues = 98                          
# units = specified
# name 0 = scan: Scan Count
# name 1 = timeJ: Julian Days
# name 2 = timeH: Time, Elapsed [hours]
# name 3 = timeM: Time, Elapsed [minutes]
# name 4 = timeS: Time, Elapsed [seconds]
# name 5 = prdM: Pressure, Strain Gauge [db]
# name 6 = specc: Specific Conductance [uS/cm]
# name 7 = sal00: Salinity, Practical [PSU]
# name 8 = tv290C: Temperature [ITS-90, deg C]
# name 9 = depSM: Depth [salt water, m], lat = 59.00
# name 10 = potemp090C: Potential Temperature [ITS-90, deg C]
# name 11 = sigma-é00: Density [sigma-theta, kg/m^3]
# name 12 = sbeox0ML/L: Oxygen, SBE 43 [ml/l]
# name 13 = sbeox0Mg/L: Oxygen, SBE 43 [mg/l]
# name 14 = sbeox0PS: Oxygen, SBE 43 [% saturation]
# name 15 = sbox0Mm/Kg: Oxygen, SBE 43 [umol/kg]
# name 16 = sbeox0Mm/L: Oxygen, SBE 43 [umol/l]
# name 17 = sbox0dV/dT: Oxygen, SBE 43 [dov/dt]
# name 18 = oxsolML/L: Oxygen Saturation, Garcia & Gordon [ml/l]
# name 19 = oxsolMg/L: Oxygen Saturation, Garcia & Gordon [mg/l]
# name 20 = oxsolMm/Kg: Oxygen Saturation, Garcia & Gordon [umol/kg]
# name 21 = n2satMg/L: Nitrogen Saturation [mg/l]
# name 22 = par: PAR/Irradiance, Biospherical/Licor
# name 23 = wetStar: Fluorescence, WET Labs WETstar [mg/m^3]
# name 24 = CStarAt0: Beam Attenuation, WET Labs C-Star [1/m]
# name 25 = CStarTr0: Beam Transmission, WET Labs C-Star [%]
# name 26 = flag: flag
# span 0 =        103,        741       
# span 1 = 303.513572, 303.515418       
# span 2 =    0.00712,    0.05142       
# span 3 =     0.4268,     3.0852       
# span 4 =     25.606,    185.110       
# span 5 =      1.009,     98.928       
# span 6 =  47569.877,  49121.260       
# span 7 =    29.9044,    31.0179       
# span 8 =     8.1390,     8.6874       
# span 9 =      1.000,     98.000       
# span 10 =     8.2112,     8.6775      
# span 11 =    23.2554,    24.0500      
# span 12 =     5.2718,     6.0698      
# span 13 =     7.5339,     8.6743      
# span 14 =     79.047,     89.554      
# span 15 =    229.909,    264.913      
# span 16 =    235.439,    271.077      
# span 17 =   -0.00845,    0.00854      
# span 18 =    6.66915,    6.80156      
# span 19 =    9.53089,    9.72011      
# span 20 =  290.84954,  296.85820      
# span 21 =   15.04519,   15.33667      
# span 22 = 4.3663e-02, 3.2503e+01      
# span 23 =     0.4111,     0.9898      
# span 24 =     1.0110,     3.5516      
# span 25 =    43.5989,    77.6652      
# span 26 = 0.0000e+00, 0.0000e+00      
# interval = meters: 1                  
# start_time = Oct 30 2019 12:19:07 [Instrument's time stamp, header]
# bad_flag = -9.990e-29
*END*
        103 303.513572    0.00712     0.4268     25.606      1.009  47569.877    29.9044     8.1390      1.000     8.2112    23.2554     6.0572     8.6563     89.057    264.370    270.514    0.00407    6.80156    9.72011  296.85820   15.33667 3.2503e+01     0.6054     3.5516    43.5989 0.0000e+00
        285 303.514097    0.01972     1.1829     70.975      2.015  47602.193    29.9400     8.2807      2.000     8.2869    23.2635     6.0698     8.6743     89.554    264.913    271.077    0.00854    6.77776    9.68609  295.81282   15.28662 2.6029e+01     0.8407     2.4105    54.6165 0.0000e+00
        285 303.514098    0.01975     1.1854     71.123      3.031  47621.064    29.9543     8.2910      3.000     8.2900    23.2733     6.0605     8.6611     89.446    264.506    270.662    0.00485    6.77554    9.68293  295.71365   15.28183 1.9369e+01     0.8608     2.3852    55.0845 0.0000e+00
        290 303.514112    0.02008     1.2046     72.274      4.039  47674.890    29.9917     8.2935      4.000     8.3011    23.3023     6.0423     8.6350     89.205    263.706    269.851    0.00180    6.77353    9.68005  295.61716   15.27707 1.6209e+01     0.9898     2.3356    55.7731 0.0000e+00
        295 303.514125    0.02040     1.2239     73.434      5.044  47753.830    30.0498     8.3182      5.000     8.3319    23.3443     6.0371     8.6277     89.212    263.470    269.620    0.00117    6.76717    9.67097  295.32785   15.26302 1.3277e+01     0.9197     2.2506    56.9712 0.0000e+00
        301 303.514144    0.02084     1.2506     75.039      6.062  47804.194    30.0906     8.3608      6.000     8.3700    23.3701     6.0255     8.6110     89.150    262.955    269.100    0.00038    6.75888    9.65911  294.95815   15.24520 9.7333e+00     0.8066     2.1401    58.5637 0.0000e+00
        306 303.514158    0.02117     1.2705     76.230      7.068  47888.183    30.1525     8.3875      7.000     8.4094    23.4149     5.9927     8.5643     88.754    261.513    267.636   -0.00213    6.75208    9.64940  294.64865   15.23016 6.9227e+00     0.7436     2.1027    59.1286 0.0000e+00
        310 303.514170    0.02146     1.2874     77.243      8.073  47981.155    30.2244     8.4402      8.000     8.4625    23.4636     5.9702     8.5320     88.567    260.518    266.630   -0.00291    6.74090    9.63342  294.14685   15.20591 5.2845e+00     0.7530     1.7667    64.2975 0.0000e+00
        315 303.514185    0.02182     1.3092     78.550      9.085  48028.856    30.2636     8.4845      9.000     8.4911    23.4879     5.9305     8.4753     88.089    258.780    264.858   -0.00465    6.73247    9.62137  293.77203   15.18785 3.8311e+00     0.6770     1.6987    65.3998 0.0000e+00
        320 303.514199    0.02218     1.3308     79.851     10.113  48049.018    30.2794     8.4997     10.000     8.5011    23.4981     5.8751     8.3962     87.305    256.359    262.382   -0.00802    6.72947    9.61709  293.63804   15.18139 2.5459e+00     0.6192     1.7143    65.1451 0.0000e+00
        323 303.514208    0.02239     1.3433     80.598     11.092  48089.475    30.3078     8.5042     11.000     8.5069    23.5197     5.8540     8.3659     87.015    255.431    261.439   -0.00845    6.72754    9.61432  293.54759   15.17695 1.8797e+00     0.6285     1.7112    65.1948 0.0000e+00
        328 303.514222    0.02271     1.3627     81.763     12.119  48106.633    30.3203     8.5102     12.000     8.5092    23.5286     5.8496     8.3596     86.968    255.235    261.241   -0.00643    6.72610    9.61227  293.48221   15.17378 1.4575e+00     0.5913     1.6028    66.9862 0.0000e+00
        332 303.514234    0.02300     1.3800     82.800     13.117  48133.617    30.3388     8.5110     13.000     8.5112    23.5430     5.8530     8.3646     87.032    255.386    261.398   -0.00414    6.72516    9.61093  293.43736   15.17156 1.0590e+00     0.5766     1.6122    66.8280 0.0000e+00
        337 303.514248    0.02334     1.4003     84.020     14.140  48152.274    30.3519     8.5147     14.000     8.5145    23.5527     5.8465     8.3553     86.950    255.098    261.106   -0.00337    6.72403    9.60932  293.38522   15.16902 7.6283e-01     0.5853     1.5648    67.6260 0.0000e+00
        341 303.514260    0.02362     1.4173     85.037     15.133  48163.135    30.3594     8.5168     15.000     8.5167    23.5583     5.8375     8.3424     86.824    254.703    260.703   -0.00334    6.72338    9.60838  293.35522   15.16755 5.6336e-01     0.5761     1.5688    67.5588 0.0000e+00
        346 303.514275    0.02398     1.4385     86.313     16.160  48183.747    30.3739     8.5209     16.000     8.5215    23.5691     5.8342     8.3376     86.791    254.557    260.557   -0.00250    6.72214    9.60660  293.29789   15.16476 4.2123e-01     0.5347     1.5054    68.6366 0.0000e+00
        350 303.514286    0.02426     1.4554     87.323     17.156  48210.451    30.3928     8.5259     17.000     8.5283    23.5831     5.8298     8.3314     86.746    254.360    260.359   -0.00210    6.72056    9.60436  293.22507   15.16120 3.1348e-01     0.5533     1.4877    68.9402 0.0000e+00
        355 303.514300    0.02458     1.4751     88.504     18.170  48246.437    30.4190     8.5361     18.000     8.5383    23.6022     5.8232     8.3220     86.682    254.068    260.064   -0.00201    6.71787    9.60051  293.10223   15.15523 2.4112e-01     0.5838     1.4014    70.4458 0.0000e+00
        361 303.514316    0.02497     1.4983     89.899     19.180  48337.006    30.4838     8.5501     19.000     8.5561    23.6509     5.8278     8.3285     86.815    254.256    260.269   -0.00051    6.71294    9.59346  292.87311   15.14402 1.8641e-01     0.5603     1.3380    71.5703 0.0000e+00
        366 303.514331    0.02533     1.5198     91.187     20.199  48415.905    30.5413     8.5701     20.000     8.5721    23.6930     5.8153     8.3107     86.700    253.701    259.712   -0.00097    6.70740    9.58555  292.61954   15.13168 1.4550e-01     0.5665     1.2627    72.9291 0.0000e+00
        370 303.514343    0.02562     1.5372     92.231     21.188  48447.474    30.5640     8.5780     21.000     8.5794    23.7097     5.7774     8.2565     86.163    252.044    258.020   -0.00388    6.70523    9.58245  292.52007   15.12683 1.2131e-01     0.5465     1.2348    73.4438 0.0000e+00
        377 303.514363    0.02610     1.5664     93.982     22.232  48465.436    30.5774     8.5867     22.000     8.5854    23.7190     5.7166     8.1697     85.281    249.391    255.307   -0.00761    6.70334    9.57974  292.43482   15.12271 1.0073e-01     0.5262     1.1382    75.2397 0.0000e+00
        380 303.514373    0.02634     1.5802     94.815     23.207  48492.926    30.5967     8.5900     23.000     8.5901    23.7335     5.7024     8.1492     85.084    248.762    254.666   -0.00719    6.70201    9.57784  292.37274   15.11966 8.5006e-02     0.5282     1.2205    73.7046 0.0000e+00
        385 303.514387    0.02668     1.6005     96.031     24.230  48508.895    30.6081     8.5949     24.000     8.5938    23.7418     5.6965     8.1409     85.013    248.506    254.406   -0.00551    6.70076    9.57606  292.31609   15.11690 7.4247e-02     0.5028     1.1664    74.7067 0.0000e+00
        390 303.514401    0.02702     1.6212     97.270     25.242  48516.991    30.6136     8.5971     25.000     8.5950    23.7458     5.6908     8.1328     84.935    248.258    254.153   -0.00412    6.70019    9.57524  292.29004   15.11564 6.7238e-02     0.5182     1.1485    75.0431 0.0000e+00
        394 303.514413    0.02731     1.6385     98.308     26.243  48522.258    30.6170     8.5981     26.000     8.5961    23.7483     5.6780     8.1144     84.748    247.697    253.580   -0.00428    6.69989    9.57481  292.27607   15.11496 6.1461e-02     0.4957     1.1873    74.3170 0.0000e+00
        399 303.514426    0.02761     1.6568     99.406     27.257  48528.713    30.6213     8.5994     27.000     8.5975    23.7514     5.6729     8.1072     84.677    247.475    253.353   -0.00353    6.69951    9.57427  292.25863   15.11411 5.6992e-02     0.5027     1.2330    73.4761 0.0000e+00
        404 303.514440    0.02796     1.6776    100.654     28.267  48536.175    30.6263     8.6011     28.000     8.5987    23.7552     5.6674     8.0993     84.601    247.233    253.106   -0.00294    6.69904    9.57359  292.23677   15.11304 5.3751e-02     0.4924     1.4355    69.8553 0.0000e+00
        408 303.514454    0.02827     1.6967    101.801     29.290  48540.062    30.6287     8.6019     29.000     8.5993    23.7569     5.6736     8.1082     84.696    247.505    253.384   -0.00152    6.69882    9.57328  292.22679   15.11256 5.1397e-02     0.5114     1.4646    69.3406 0.0000e+00
        412 303.514464    0.02851     1.7109    102.655     30.272  48562.852    30.6444     8.6036     30.000     8.6025    23.7690     5.6720     8.1058     84.683    247.428    253.309   -0.00127    6.69788    9.57193  292.18209   15.11036 4.9798e-02     0.5031     1.5450    67.9642 0.0000e+00
        417 303.514480    0.02892     1.7351    104.107     31.312  48590.971    30.6644     8.6090     31.000     8.6072    23.7839     5.6688     8.1012     84.656    247.284    253.166   -0.00095    6.69620    9.56953  292.10473   15.10658 4.8329e-02     0.4806     1.4348    69.8577 0.0000e+00
        421 303.514491    0.02917     1.7498    104.985     32.293  48598.571    30.6696     8.6110     32.000     8.6083    23.7876     5.6648     8.0955     84.603    247.111    252.989   -0.00120    6.69567    9.56878  292.08073   15.10542 4.7392e-02     0.4815     1.5130    68.5119 0.0000e+00
        426 303.514504    0.02948     1.7692    106.152     33.318  48601.357    30.6712     8.6121     33.000     8.6091    23.7888     5.6660     8.0972     84.624    247.163    253.042   -0.00076    6.69544    9.56845  292.07023   15.10490 4.6587e-02     0.5086     1.5380    68.0794 0.0000e+00
        431 303.514519    0.02983     1.7901    107.404     34.322  48608.670    30.6761     8.6131     34.000     8.6103    23.7925     5.6610     8.0902     84.555    246.946    252.822   -0.00095    6.69508    9.56793  292.05338   15.10408 4.5969e-02     0.4998     1.4957    68.8035 0.0000e+00
        436 303.514533    0.03018     1.8110    108.660     35.356  48644.728    30.7011     8.6150     35.000     8.6138    23.8118     5.6555     8.0823     84.489    246.699    252.573   -0.00109    6.69370    9.56596  291.98766   15.10084 4.5414e-02     0.5283     1.4729    69.2070 0.0000e+00
        439 303.514542    0.03041     1.8242    109.451     36.327  48654.981    30.7083     8.6181     36.000     8.6154    23.8170     5.6554     8.0822     84.499    246.696    252.571   -0.00094    6.69292    9.56485  291.95242   15.09913 4.5211e-02     0.5026     1.0919    76.1362 0.0000e+00
        444 303.514558    0.03077     1.8466    110.794     37.360  48662.427    30.7133     8.6196     37.000     8.6163    23.8207     5.6467     8.0697     84.374    246.315    252.182   -0.00129    6.69248    9.56422  291.93194   15.09813 4.4853e-02     0.5100     1.0110    77.6652 0.0000e+00
        449 303.514572    0.03110     1.8662    111.972     38.364  48674.680    30.7216     8.6208     38.000     8.6177    23.8270     5.6243     8.0378     84.046    245.336    251.182   -0.00305    6.69193    9.56344  291.90660   15.09689 4.4601e-02     0.5049     1.0324    77.2537 0.0000e+00
        453 303.514584    0.03142     1.8849    113.091     39.368  48683.212    30.7273     8.6223     39.000     8.6188    23.8313     5.6151     8.0246     83.915    244.934    250.771   -0.00300    6.69147    9.56278  291.88499   15.09583 4.4412e-02     0.5165     1.2184    73.8362 0.0000e+00
        458 303.514599    0.03176     1.9052    114.313     40.384  48692.328    30.7335     8.6235     40.000     8.6200    23.8360     5.6099     8.0173     83.843    244.709    250.542   -0.00264    6.69102    9.56214  291.86399   15.09480 4.4277e-02     0.5142     1.3675    71.0415 0.0000e+00
        463 303.514611    0.03205     1.9234    115.403     41.388  48707.422    30.7437     8.6248     41.000     8.6218    23.8438     5.6072     8.0132     83.810    244.585    250.417   -0.00202    6.69037    9.56121  291.83357   15.09331 4.4195e-02     0.4898     1.2175    73.8433 0.0000e+00
        468 303.514626    0.03241     1.9449    116.694     42.405  48712.781    30.7474     8.6270     42.000     8.6232    23.8464     5.5973     7.9991     83.668    244.154    249.975   -0.00230    6.68989    9.56052  291.81190   15.09226 4.4080e-02     0.4638     1.3892    70.6558 0.0000e+00
        472 303.514639    0.03273     1.9638    117.827     43.400  48725.105    30.7557     8.6280     43.000     8.6245    23.8527     5.5865     7.9836     83.513    243.680    249.492   -0.00260    6.68938    9.55980  291.78777   15.09107 4.4041e-02     0.4689     1.0868    76.2177 0.0000e+00
        477 303.514654    0.03307     1.9842    119.050     44.430  48740.110    30.7661     8.6301     44.000     8.6264    23.8606     5.5770     7.9702     83.381    243.268    249.072   -0.00267    6.68861    9.55870  291.75226   15.08933 4.3945e-02     0.4315     1.0381    77.1428 0.0000e+00
        482 303.514667    0.03340     2.0040    120.239     45.426  48745.366    30.7695     8.6314     45.000     8.6272    23.8631     5.5751     7.9673     83.356    243.178    248.982   -0.00212    6.68826    9.55820  291.73617   15.08855 4.3872e-02     0.4234     1.0237    77.4211 0.0000e+00
        488 303.514684    0.03379     2.0277    121.660     46.464  48747.630    30.7707     8.6321     46.000     8.6277    23.8639     5.5713     7.9618     83.301    243.013    248.812   -0.00150    6.68811    9.55798  291.72922   15.08821 4.3852e-02     0.4111     1.0327    77.2499 0.0000e+00
        491 303.514693    0.03403     2.0414    122.487     47.438  48748.722    30.7711     8.6325     47.000     8.6278    23.8642     5.5648     7.9527     83.206    242.733    248.525   -0.00199    6.68805    9.55789  291.72628   15.08807 4.3888e-02     0.4358     1.0956    76.0527 0.0000e+00
        497 303.514711    0.03444     2.0666    123.996     48.481  48751.239    30.7725     8.6328     48.000     8.6282    23.8653     5.5682     7.9575     83.258    242.879    248.676   -0.00090    6.68793    9.55772  291.72097   15.08781 4.3748e-02     0.4337     1.0171    77.5465 0.0000e+00
        500 303.514720    0.03467     2.0804    124.822     49.457  48754.525    30.7744     8.6332     49.000     8.6284    23.8668     5.5590     7.9444     83.122    242.478    248.265   -0.00155    6.68779    9.55753  291.71459   15.08750 4.3873e-02     0.4445     1.0797    76.3453 0.0000e+00
        505 303.514735    0.03501     2.1007    126.044     50.483  48756.231    30.7752     8.6335     50.000     8.6287    23.8673     5.5576     7.9424     83.102    242.419    248.204   -0.00139    6.68770    9.55739  291.71039   15.08730 4.3789e-02     0.4378     1.0478    76.9549 0.0000e+00
        510 303.514748    0.03535     2.1211    127.266     51.485  48769.321    30.7841     8.6344     51.000     8.6301    23.8741     5.5571     7.9416     83.100    242.390    248.177   -0.00091    6.68718    9.55665  291.68561   15.08608 4.3751e-02     0.4544     1.0381    77.1427 0.0000e+00
        515 303.514762    0.03568     2.1408    128.448     52.506  48775.170    30.7879     8.6358     52.000     8.6309    23.8770     5.5514     7.9335     83.021    242.146    247.927   -0.00119    6.68680    9.55611  291.66842   15.08524 4.3780e-02     0.5179     1.0465    76.9808 0.0000e+00
        519 303.514773    0.03595     2.1571    129.426     53.501  48781.979    30.7924     8.6366     53.000     8.6315    23.8803     5.5498     7.9312     83.000    242.071    247.852   -0.00114    6.68650    9.55568  291.65442   15.08455 4.3757e-02     0.5130     1.0733    76.4667 0.0000e+00
