CTD-processing/allCTD/CNV/2019_05-14_t04_s07_cast181_4141.cnv
* Sea-Bird SBE19plus Data File:
* FileName = C:\Users\jwschloemer\Documents\CTD Data\2019_05-14_AlongBay_T4_T9_T3\2019_15-14_T04_S10_Cast181.hex
* Software Version 1.59
* Temperature SN =  4141
* Conductivity SN =  4141
* System UpLoad Time = May 15 2019 09:32:31
** Date:2019_05_14
** Station:07
** Start Time (AKST):09:57
** Depth (m):37
** Comment:
# nquan = 27
# nvalues = 35                          
# units = specified
# name 0 = scan: Scan Count
# name 1 = timeJ: Julian Days
# name 2 = timeH: Time, Elapsed [hours]
# name 3 = timeM: Time, Elapsed [minutes]
# name 4 = timeS: Time, Elapsed [seconds]
# name 5 = prdM: Pressure, Strain Gauge [db]
# name 6 = specc: Specific Conductance [uS/cm]
# name 7 = sal00: Salinity, Practical [PSU]
# name 8 = tv290C: Temperature [ITS-90, deg C]
# name 9 = depSM: Depth [salt water, m], lat = 59.00
# name 10 = potemp090C: Potential Temperature [ITS-90, deg C]
# name 11 = sigma-é00: Density [sigma-theta, kg/m^3]
# name 12 = sbeox0ML/L: Oxygen, SBE 43 [ml/l]
# name 13 = sbeox0Mg/L: Oxygen, SBE 43 [mg/l]
# name 14 = sbeox0PS: Oxygen, SBE 43 [% saturation]
# name 15 = sbox0Mm/Kg: Oxygen, SBE 43 [umol/kg]
# name 16 = sbeox0Mm/L: Oxygen, SBE 43 [umol/l]
# name 17 = sbox0dV/dT: Oxygen, SBE 43 [dov/dt]
# name 18 = oxsolML/L: Oxygen Saturation, Garcia & Gordon [ml/l]
# name 19 = oxsolMg/L: Oxygen Saturation, Garcia & Gordon [mg/l]
# name 20 = oxsolMm/Kg: Oxygen Saturation, Garcia & Gordon [umol/kg]
# name 21 = n2satMg/L: Nitrogen Saturation [mg/l]
# name 22 = par: PAR/Irradiance, Biospherical/Licor
# name 23 = wetStar: Fluorescence, WET Labs WETstar [mg/m^3]
# name 24 = CStarAt0: Beam Attenuation, WET Labs C-Star [1/m]
# name 25 = CStarTr0: Beam Transmission, WET Labs C-Star [%]
# name 26 = flag: flag
# span 0 =        573,        752       
# span 1 = 134.416425, 134.416942       
# span 2 =    0.03975,    0.05216       
# span 3 =     2.3853,     3.1297       
# span 4 =    143.117,    187.782       
# span 5 =      1.015,     35.326       
# span 6 =  48909.611,  50682.935       
# span 7 =    30.7545,    31.7909       
# span 8 =     6.5887,     7.6460       
# span 9 =      1.000,     35.000       
# span 10 =     6.5859,     7.5715      
# span 11 =    23.9906,    24.9452      
# span 12 =     6.8957,     9.2650      
# span 13 =     9.8547,    13.2405      
# span 14 =     99.065,    134.138      
# span 15 =    300.468,    403.873      
# span 16 =    307.962,    413.772      
# span 17 =   -0.07986,    0.00596      
# span 18 =    6.83985,    6.96105      
# span 19 =    9.77483,    9.94805      
# span 20 =  298.31113,  303.31445      
# span 21 =   15.40250,   15.63690      
# span 22 = 9.9806e-02, 8.1896e+01      
# span 23 =     1.0024,    13.0170      
# span 24 =     0.3854,     1.7766      
# span 25 =    64.1346,    90.8157      
# span 26 = 0.0000e+00, 0.0000e+00      
# interval = meters: 1                  
# start_time = May 14 2019 09:57:16 [Instrument's time stamp, header]
# bad_flag = -9.990e-29
*END*
        573 134.416425    0.03975     2.3853    143.117      1.015  48909.611    30.7545     7.6460      1.000     7.5715    23.9906     9.1049    13.0118    133.114    397.098    406.624    0.00098    6.83985    9.77483  298.31113   15.40250 8.1896e+01     2.9068     1.3450    71.4228 0.0000e+00
        579 134.416441    0.04014     2.4086    144.516      2.022  49462.588    31.0829     7.3051      2.000     7.1722    24.2944     9.0915    12.9927    132.169    396.398    406.028   -0.00459    6.87876    9.83044  299.91911   15.47787 4.7330e+01     2.5650     1.5294    68.2636 0.0000e+00
        584 134.416456    0.04050     2.4296    145.778      3.030  49857.366    31.3157     7.0607      3.000     7.0121    24.5098     9.2650    13.2405    134.138    403.873    413.772    0.00596    6.90699    9.87079  301.08678   15.53261 3.1154e+01     4.6568     1.7766    64.1346 0.0000e+00
        589 134.416470    0.04084     2.4503    147.019      4.033  50017.500    31.4076     6.9522      4.000     6.9272    24.5964     9.0662    12.9565    131.013    395.176    404.896   -0.00892    6.92012    9.88955  301.63369   15.55832 2.6815e+01    10.3970     1.3450    71.4657 0.0000e+00
        595 134.416486    0.04122     2.4734    148.403      5.051  50087.020    31.4462     6.8992      5.000     6.8836    24.6336     8.2225    11.7507    118.704    358.387    367.215   -0.07986    6.92684    9.89915  301.91553   15.57160 2.7277e+01    12.7824     1.0970    76.0183 0.0000e+00
        600 134.416501    0.04158     2.4947    149.684      6.057  50155.640    31.4873     6.8646      6.000     6.8634    24.6705     7.9538    11.3668    114.765    346.664    355.217   -0.07927    6.93052    9.90441  302.06504   15.57856 2.4060e+01    12.1461     0.9501    78.8579 0.0000e+00
        605 134.416516    0.04193     2.5160    150.960      7.061  50206.678    31.5238     6.8734      7.000     6.8707    24.6981     7.9466    11.3565    114.712    346.341    354.895   -0.05451    6.92745    9.90002  301.92288   15.57163 1.8140e+01    12.0722     1.0381    77.1497 0.0000e+00
        611 134.416532    0.04233     2.5400    152.398      8.078  50236.215    31.5406     6.8547      8.000     6.8414    24.7137     7.8700    11.2470    113.569    342.997    351.474   -0.04135    6.92969    9.90322  302.01578   15.57600 1.2961e+01    13.0170     1.1469    75.0775 0.0000e+00
        616 134.416548    0.04271     2.5626    153.756      9.086  50302.400    31.5818     6.8300      9.000     6.8266    24.7493     7.7329    11.0511    111.557    337.010    345.351   -0.03921    6.93176    9.90617  302.09558   15.57964 9.6012e+00    11.3520     0.9797    78.2805 0.0000e+00
        621 134.416563    0.04306     2.5838    155.028     10.093  50319.207    31.5891     6.8087     10.000     6.7930    24.7579     7.6183    10.8873    109.855    332.013    340.233   -0.03676    6.93483    9.91058  302.22732   15.58589 7.2195e+00     8.3427     0.8582    80.6944 0.0000e+00
        626 134.416578    0.04343     2.6062    156.373     11.102  50369.384    31.6184     6.7798     11.000     6.7747    24.7847     7.5360    10.7697    108.617    328.418    336.558   -0.03198    6.93815    9.91531  302.36376   15.59227 5.7030e+00     7.7102     0.7155    83.6279 0.0000e+00
        633 134.416596    0.04386     2.6313    157.876     12.121  50371.155    31.6166     6.7658     12.000     6.7436    24.7851     7.4593    10.6601    107.475    325.076    333.133   -0.02669    6.94049    9.91865  302.46545   15.59713 4.5608e+00     5.1640     0.6576    84.8405 0.0000e+00
        637 134.416610    0.04419     2.6515    159.089     13.120  50445.013    31.6597     6.7230     13.000     6.7282    24.8245     7.3992    10.5741    106.533    322.442    330.446   -0.02430    6.94539    9.92566  302.66775   15.60660 3.6268e+00     5.6298     0.6411    85.1913 0.0000e+00
        643 134.416626    0.04459     2.6757    160.541     14.133  50464.479    31.6755     6.7381     14.000     6.7278    24.8351     7.3286    10.4732    105.564    319.361    327.292   -0.02122    6.94225    9.92117  302.52760   15.59985 2.9033e+00     5.2908     0.6280    85.4707 0.0000e+00
        649 134.416643    0.04499     2.6992    161.954     15.145  50497.996    31.6942     6.7152     15.000     6.6929    24.8527     7.2831    10.4083    104.867    317.376    325.263   -0.01790    6.94508    9.92521  302.64568   15.60541 2.3889e+00     5.6112     0.5536    87.0761 0.0000e+00
        654 134.416659    0.04536     2.7216    163.295     16.150  50565.175    31.7276     6.6454     16.000     6.6302    24.8880     7.1741    10.2526    103.154    312.617    320.398   -0.02174    6.95481    9.93912  303.05926   15.62499 2.0214e+00     3.8375     0.4395    89.6004 0.0000e+00
        660 134.416675    0.04575     2.7450    164.699     17.159  50597.804    31.7456     6.6224     17.000     6.6197    24.9051     7.0796    10.1175    101.752    308.493    316.176   -0.02258    6.95769    9.94323  303.17964   15.63066 1.7370e+00     2.1815     0.3893    90.7267 0.0000e+00
        666 134.416692    0.04616     2.7699    166.191     18.174  50601.709    31.7474     6.6199     18.000     6.6177    24.9068     7.0441    10.0667    101.237    306.946    314.590   -0.01755    6.95802    9.94369  303.19324   15.63130 1.4919e+00     2.0382     0.3854    90.8157 0.0000e+00
        671 134.416707    0.04653     2.7916    167.497     19.178  50610.140    31.7524     6.6183     19.000     6.6166    24.9111     7.0441    10.0668    101.238    306.945    314.592   -0.01197    6.95804    9.94373  303.19297   15.63126 1.2821e+00     2.1644     0.4103    90.2537 0.0000e+00
        677 134.416724    0.04693     2.8157    168.945     20.194  50615.398    31.7557     6.6189     20.000     6.6176    24.9136     7.0346    10.0532    101.104    306.529    314.166   -0.00848    6.95780    9.94339  303.18192   15.63073 1.0986e+00     1.9892     0.4069    90.3282 0.0000e+00
        681 134.416737    0.04725     2.8351    170.106     21.194  50616.620    31.7563     6.6201     21.000     6.6187    24.9139     7.0231    10.0368    100.942    306.029    313.653   -0.00712    6.95758    9.94308  303.17242   15.63027 9.4142e-01     1.9056     0.4301    89.8047 0.0000e+00
        687 134.416753    0.04764     2.8582    171.489     22.224  50620.978    31.7592     6.6215     22.000     6.6214    24.9159     7.0104    10.0186    100.765    305.473    313.085   -0.00573    6.95721    9.94255  303.15557   15.62945 8.0877e-01     1.5508     0.4221    89.9860 0.0000e+00
        691 134.416764    0.04790     2.8741    172.445     23.208  50626.304    31.7630     6.6248     23.000     6.6230    24.9186     6.9970     9.9995    100.583    304.891    312.489   -0.00544    6.95650    9.94153  303.12379   15.62793 6.9405e-01     2.0912     0.4635    89.0583 0.0000e+00
        696 134.416781    0.04829     2.8977    173.862     24.238  50629.327    31.7645     6.6239     24.000     6.6210    24.9199     6.9816     9.9773    100.359    304.215    311.795   -0.00496    6.95659    9.94167  303.12736   15.62809 5.9246e-01     1.6761     0.4629    89.0721 0.0000e+00
        701 134.416793    0.04859     2.9156    174.935     25.232  50632.872    31.7661     6.6222     25.000     6.6193    24.9214     6.9616     9.9487    100.069    303.343    310.903   -0.00527    6.95679    9.94194  303.13553   15.62847 5.0445e-01     1.7015     0.4834    88.6165 0.0000e+00
        706 134.416809    0.04897     2.9379    176.276     26.255  50635.745    31.7674     6.6205     26.000     6.6176    24.9226     6.9517     9.9348     99.925    302.916    310.465   -0.00460    6.95700    9.94225  303.14458   15.62890 4.3022e-01     1.1635     0.4805    88.6817 0.0000e+00
        711 134.416822    0.04928     2.9565    177.391     27.249  50640.824    31.7700     6.6182     27.000     6.6141    24.9249     6.9513     9.9341     99.914    302.895    310.445   -0.00340    6.95726    9.94262  303.15517   15.62939 3.6720e-01     1.2402     0.4760    88.7809 0.0000e+00
        716 134.416838    0.04966     2.9799    178.794     28.273  50648.457    31.7740     6.6139     28.000     6.6108    24.9287     6.9413     9.9199     99.764    302.461    310.001   -0.00310    6.95776    9.94334  303.17593   15.63037 3.1362e-01     1.4677     0.4726    88.8578 0.0000e+00
        721 134.416852    0.05001     3.0006    180.034     29.276  50650.647    31.7748     6.6124     29.000     6.6086    24.9295     6.9394     9.9171     99.733    302.374    309.912   -0.00251    6.95796    9.94363  303.18437   15.63077 2.7034e-01     1.0558     0.4894    88.4832 0.0000e+00
        726 134.416867    0.05037     3.0223    181.336     30.282  50658.124    31.7784     6.6067     30.000     6.6001    24.9331     6.9408     9.9192     99.742    302.436    309.976   -0.00163    6.95873    9.94472  303.21674   15.63229 2.3094e-01     1.0431     0.5162    87.8952 0.0000e+00
        732 134.416883    0.05074     3.0446    182.677     31.297  50668.702    31.7840     6.5993     31.000     6.5956    24.9384     6.9246     9.8959     99.496    301.728    309.252   -0.00256    6.95966    9.94605  303.25569   15.63413 1.9579e-01     1.0116     0.5685    86.7523 0.0000e+00
        737 134.416897    0.05109     3.0653    183.919     32.301  50674.143    31.7863     6.5942     32.000     6.5885    24.9409     6.9127     9.8790     99.316    301.210    308.723   -0.00289    6.96038    9.94707  303.28621   15.63558 1.6610e-01     1.1147     0.6433    85.1489 0.0000e+00
        742 134.416913    0.05147     3.0881    185.284     33.317  50682.935    31.7909     6.5887     33.000     6.5859    24.9452     6.9013     9.8627     99.142    300.712    308.213   -0.00302    6.96105    9.94805  303.31445   15.63690 1.3831e-01     1.0024     0.7053    83.8348 0.0000e+00
        747 134.416927    0.05182     3.1090    186.538     34.324  50682.575    31.7903     6.5896     34.000     6.5872    24.9447     6.8960     9.8551     99.067    300.482    307.978   -0.00263    6.96095    9.94789  303.30975   15.63668 1.1632e-01     1.2874     0.7510    82.8825 0.0000e+00
        752 134.416942    0.05216     3.1297    187.782     35.326  50681.734    31.7895     6.5908     35.000     6.5881    24.9439     6.8957     9.8547     99.065    300.468    307.962   -0.00185    6.96078    9.94764  303.30271   15.63635 9.9806e-02     1.1783     0.7490    82.9234 0.0000e+00
