CTD-processing/allCTD/CNV/2019_02-07_alongbay_skb05_cast056_4141.cnv
* Sea-Bird SBE19plus Data File:
* FileName = C:\Users\Kim.Powell\Desktop\Not Processed\2019\2019_02-08\2019_02-08_TRANSECT_STATION_cast056.hex
* Software Version 1.59
* Temperature SN =  4141
* Conductivity SN =  4141
* System UpLoad Time = Mar 19 2019 08:16:39
** 2018_02-07
** Station: KB05
** Start Time: 13:00
** Depth (m): 170
** Comment:
** Comment:
# nquan = 27
# nvalues = 165                         
# units = specified
# name 0 = scan: Scan Count
# name 1 = timeJ: Julian Days
# name 2 = timeH: Time, Elapsed [hours]
# name 3 = timeM: Time, Elapsed [minutes]
# name 4 = timeS: Time, Elapsed [seconds]
# name 5 = prdM: Pressure, Strain Gauge [db]
# name 6 = specc: Specific Conductance [uS/cm]
# name 7 = sal00: Salinity, Practical [PSU]
# name 8 = tv290C: Temperature [ITS-90, deg C]
# name 9 = depSM: Depth [salt water, m], lat = 59.00
# name 10 = potemp090C: Potential Temperature [ITS-90, deg C]
# name 11 = sigma-é00: Density [sigma-theta, kg/m^3]
# name 12 = sbeox0ML/L: Oxygen, SBE 43 [ml/l]
# name 13 = sbeox0Mg/L: Oxygen, SBE 43 [mg/l]
# name 14 = sbeox0PS: Oxygen, SBE 43 [% saturation]
# name 15 = sbox0Mm/Kg: Oxygen, SBE 43 [umol/kg]
# name 16 = sbeox0Mm/L: Oxygen, SBE 43 [umol/l]
# name 17 = sbox0dV/dT: Oxygen, SBE 43 [dov/dt]
# name 18 = oxsolML/L: Oxygen Saturation, Garcia & Gordon [ml/l]
# name 19 = oxsolMg/L: Oxygen Saturation, Garcia & Gordon [mg/l]
# name 20 = oxsolMm/Kg: Oxygen Saturation, Garcia & Gordon [umol/kg]
# name 21 = n2satMg/L: Nitrogen Saturation [mg/l]
# name 22 = par: PAR/Irradiance, Biospherical/Licor
# name 23 = wetStar: Fluorescence, WET Labs WETstar [mg/m^3]
# name 24 = CStarAt0: Beam Attenuation, WET Labs C-Star [1/m]
# name 25 = CStarTr0: Beam Transmission, WET Labs C-Star [%]
# name 26 = flag: flag
# span 0 =        104,       1106       
# span 1 =  38.542231,  38.545130       
# span 2 =    0.00714,    0.07673       
# span 3 =     0.4285,     4.6038       
# span 4 =     25.709,    276.226       
# span 5 =      1.051,    166.572       
# span 6 =  50286.715,  50596.639       
# span 7 =    31.3402,    31.5606       
# span 8 =     5.5945,     6.0188       
# span 9 =      1.000,    165.000       
# span 10 =     5.5887,     6.0064      
# span 11 =    24.7092,    24.8351      
# span 12 =     6.0763,     6.5720      
# span 13 =     8.6837,     9.3920      
# span 14 =     85.027,     92.320      
# span 15 =    264.827,    286.423      
# span 16 =    271.371,    293.504      
# span 17 =   -0.00097,    0.00250      
# span 18 =    7.06516,    7.14670      
# span 19 =   10.09682,   10.21335      
# span 20 =  307.88382,  311.47542      
# span 21 =   15.85565,   16.02762      
# span 22 = 3.6170e-02, 1.5870e+02      
# span 23 =     0.3029,     0.4874      
# span 24 =     0.3205,     1.7971      
# span 25 =    65.5808,    92.3006      
# span 26 = 0.0000e+00, 0.0000e+00      
# interval = meters: 1                  
# start_time = Feb 07 2019 13:00:23 [Instrument's time stamp, header]
# bad_flag = -9.990e-29
*END*
        104  38.542231    0.00714     0.4285     25.709      1.051  50286.715    31.3402     5.5945      1.000     5.5887    24.7092     6.0763     8.6837     85.027    264.827    271.371    0.00242    7.14670   10.21335  311.47542   16.02762 1.5870e+02     0.3945     1.7971    65.5808 0.0000e+00
        291  38.542773    0.02015     1.2092     72.554      2.019  50304.743    31.3548     5.6072      2.000     5.6020    24.7192     6.5720     9.3920     91.995    286.423    293.504    0.00250    7.14384   10.20927  311.34779   16.02149 1.2505e+02     0.3029     0.5729    86.5774 0.0000e+00
        294  38.542780    0.02032     1.2192     73.149      3.032  50320.414    31.3635     5.5997      3.000     5.5996    24.7270     6.5625     9.3784     91.851    286.008    293.080    0.00131    7.14470   10.21049  311.38292   16.02312 9.2319e+01     0.3036     0.5814    86.4731 0.0000e+00
        298  38.542792    0.02064     1.2381     74.284      4.034  50324.488    31.3659     5.5998      4.000     5.5989    24.7289     6.5646     9.3814     91.881    286.098    293.173    0.00109    7.14458   10.21032  311.37692   16.02283 7.6052e+01     0.3171     0.5767    86.5739 0.0000e+00
        303  38.542808    0.02100     1.2604     75.622      5.047  50324.595    31.3652     5.5982      5.000     5.5969    24.7285     6.5597     9.3744     91.810    285.885    292.955    0.00026    7.14488   10.21075  311.39009   16.02346 6.3178e+01     0.3393     0.5747    86.6175 0.0000e+00
        309  38.542824    0.02138     1.2826     76.959      6.058  50330.628    31.3686     5.5970      6.000     5.5977    24.7313     6.5607     9.3759     91.823    285.930    293.001    0.00018    7.14492   10.21081  311.39111   16.02349 5.3566e+01     0.3701     0.5738    86.6357 0.0000e+00
        314  38.542838    0.02172     1.3031     78.186      7.065  50330.838    31.3688     5.5994      7.000     5.5994    24.7311     6.5632     9.3794     91.864    286.038    293.112    0.00031    7.14450   10.21021  311.37277   16.02261 4.5465e+01     0.3984     0.5730    86.6524 0.0000e+00
        319  38.542853    0.02207     1.3243     79.458      8.080  50331.642    31.3691     5.6007      8.000     5.6003    24.7313     6.5604     9.3754     91.827    285.914    292.985   -0.00005    7.14427   10.20988  311.36274   16.02214 3.8911e+01     0.4200     0.5696    86.7278 0.0000e+00
        323  38.542865    0.02237     1.3424     80.545      9.085  50332.008    31.3689     5.6010      9.000     5.6002    24.7311     6.5585     9.3727     91.802    285.832    292.901   -0.00026    7.14422   10.20981  311.36067   16.02204 3.3081e+01     0.4494     0.5762    86.5843 0.0000e+00
        327  38.542877    0.02267     1.3604     81.625     10.092  50334.156    31.3699     5.6011     10.000     5.6007    24.7319     6.5620     9.3778     91.851    285.988    293.061   -0.00002    7.14416   10.20972  311.35766   16.02189 2.8332e+01     0.4554     0.5764    86.5805 0.0000e+00
        332  38.542891    0.02299     1.3792     82.756     11.110  50335.245    31.3703     5.6019     11.000     5.6016    24.7322     6.5631     9.3793     91.869    286.034    293.109    0.00010    7.14401   10.20950  311.35116   16.02159 2.3933e+01     0.4726     0.5743    86.6264 0.0000e+00
        336  38.542902    0.02326     1.3957     83.743     12.108  50338.137    31.3721     5.6033     12.000     5.6036    24.7335     6.5620     9.3777     91.857    285.986    293.059   -0.00009    7.14368   10.20903  311.33623   16.02086 2.0454e+01     0.4757     0.5754    86.6020 0.0000e+00
        341  38.542916    0.02360     1.4161     84.965     13.126  50341.317    31.3746     5.6070     13.000     5.6078    24.7350     6.5582     9.3723     91.814    285.819    292.888   -0.00036    7.14294   10.20797  311.30361   16.01930 1.7491e+01     0.4706     0.5676    86.7708 0.0000e+00
        345  38.542928    0.02390     1.4339     86.032     14.135  50353.573    31.3837     5.6124     14.000     5.6174    24.7415     6.5592     9.3738     91.846    285.864    292.937   -0.00018    7.14160   10.20606  311.24307   16.01638 1.4787e+01     0.4874     0.5699    86.7211 0.0000e+00
        349  38.542941    0.02418     1.4508     87.048     15.134  50355.883    31.3872     5.6244     15.000     5.6289    24.7430     6.5588     9.3731     91.867    285.842    292.915   -0.00001    7.13941   10.20292  311.14716   16.01180 1.2648e+01     0.4687     0.5677    86.7676 0.0000e+00
        355  38.542956    0.02456     1.4736     88.413     16.159  50382.874    31.4101     5.6483     16.000     5.6608    24.7583     6.5491     9.3592     91.797    285.414    292.480   -0.00053    7.13427   10.19558  310.91866   16.00082 1.0779e+01     0.4572     0.5480    87.1960 0.0000e+00
        359  38.542969    0.02487     1.4922     89.531     17.156  50390.135    31.4203     5.6769     17.000     5.6893    24.7631     6.5559     9.3690     91.961    285.711    292.786    0.00054    7.12897   10.18801  310.68620   15.98971 9.1619e+00     0.4559     0.5460    87.2413 0.0000e+00
        364  38.542984    0.02523     1.5134     90.806     18.173  50377.071    31.4168     5.7065     18.000     5.7099    24.7569     6.5495     9.3599     91.934    285.434    292.500    0.00024    7.12414   10.18110  310.47753   15.97978 7.8587e+00     0.4433     0.5308    87.5731 0.0000e+00
        369  38.542998    0.02557     1.5340     92.041     19.181  50380.090    31.4208     5.7188     19.000     5.7213    24.7586     6.5425     9.3499     91.865    285.129    292.189   -0.00028    7.12189   10.17790  310.37909   15.97509 6.7005e+00     0.4536     0.5326    87.5343 0.0000e+00
        374  38.543013    0.02592     1.5552     93.314     20.186  50384.329    31.4249     5.7271     20.000     5.7311    24.7610     6.5334     9.3368     91.757    284.730    291.780   -0.00086    7.12030   10.17562  310.30900   15.97172 5.7767e+00     0.4410     0.5268    87.6594 0.0000e+00
        380  38.543030    0.02632     1.5792     94.751     21.212  50404.498    31.4427     5.7487     21.000     5.7587    24.7724     6.5308     9.3332     91.778    284.615    291.666   -0.00046    7.11582   10.16922  310.11023   15.96219 4.8834e+00     0.4395     0.5225    87.7557 0.0000e+00
        384  38.543040    0.02659     1.5950     95.699     22.200  50380.316    31.4283     5.7628     22.000     5.7609    24.7595     6.5286     9.3301     91.771    284.526    291.571   -0.00048    7.11412   10.16680  310.04033   15.95891 4.2018e+00     0.4253     0.5350    87.4817 0.0000e+00
        389  38.543057    0.02697     1.6183     97.097     23.227  50390.908    31.4356     5.7655     23.000     5.7681    24.7650     6.5284     9.3297     91.776    284.511    291.557   -0.00029    7.11333   10.16566  310.00409   15.95716 3.5985e+00     0.4120     0.5187    87.8374 0.0000e+00
        394  38.543070    0.02728     1.6369     98.213     24.223  50383.169    31.4314     5.7731     24.000     5.7711    24.7607     6.5249     9.3247     91.742    284.361    291.402   -0.00049    7.11225   10.16412  309.95840   15.95500 3.0824e+00     0.4123     0.5241    87.7202 0.0000e+00
        399  38.543085    0.02766     1.6593     99.560     25.241  50378.482    31.4268     5.7694     25.000     5.7651    24.7576     6.5262     9.3265     91.749    284.415    291.457   -0.00036    7.11308   10.16531  309.99561   15.95678 2.6523e+00     0.4111     0.5170    87.8741 0.0000e+00
        404  38.543099    0.02799     1.6793    100.759     26.247  50386.702    31.4316     5.7667     26.000     5.7658    24.7617     6.5263     9.3267     91.748    284.422    291.465   -0.00039    7.11332   10.16564  310.00465   15.95720 2.2678e+00     0.4160     0.5224    87.7564 0.0000e+00
        409  38.543113    0.02831     1.6990    101.941     27.260  50388.469    31.4329     5.7700     27.000     5.7692    24.7624     6.5260     9.3263     91.751    284.408    291.450   -0.00025    7.11269   10.16474  309.97704   15.95588 1.9414e+00     0.4064     0.5246    87.7092 0.0000e+00
        413  38.543125    0.02861     1.7166    102.993     28.263  50384.804    31.4303     5.7719     28.000     5.7689    24.7601     6.5254     9.3254     91.745    284.382    291.424   -0.00031    7.11251   10.16449  309.96973   15.95554 1.6654e+00     0.4028     0.5256    87.6876 0.0000e+00
        418  38.543139    0.02894     1.7364    104.183     29.277  50387.816    31.4316     5.7706     29.000     5.7684    24.7613     6.5235     9.3227     91.716    284.298    291.338   -0.00043    7.11267   10.16471  309.97625   15.95585 1.4313e+00     0.3990     0.5226    87.7522 0.0000e+00
        422  38.543151    0.02925     1.7548    105.291     30.292  50387.299    31.4309     5.7712     30.000     5.7681    24.7607     6.5202     9.3181     91.671    284.157    291.193   -0.00069    7.11260   10.16462  309.97357   15.95572 1.2158e+00     0.4020     0.5288    87.6161 0.0000e+00
        426  38.543162    0.02950     1.7704    106.223     31.288  50387.395    31.4301     5.7690     31.000     5.7665    24.7603     6.5171     9.3136     91.622    284.021    291.053   -0.00083    7.11300   10.16520  309.99130   15.95657 1.0513e+00     0.4003     0.5369    87.4386 0.0000e+00
        431  38.543176    0.02984     1.7905    107.429     32.306  50398.816    31.4384     5.7735     32.000     5.7757    24.7663     6.5205     9.3185     91.685    284.168    291.206   -0.00039    7.11185   10.16355  309.93928   15.95406 9.0697e-01     0.3989     0.5258    87.6822 0.0000e+00
        435  38.543190    0.03016     1.8096    108.574     33.314  50398.193    31.4396     5.7843     33.000     5.7856    24.7660     6.5277     9.3289     91.811    284.484    291.530    0.00053    7.10998   10.16088  309.85785   15.95017 7.8188e-01     0.4018     0.5179    87.8567 0.0000e+00
        440  38.543202    0.03046     1.8276    109.659     34.327  50392.641    31.4366     5.7910     34.000     5.7889    24.7629     6.5176     9.3144     91.682    284.045    291.078   -0.00055    7.10899   10.15946  309.81564   15.94817 6.7165e-01     0.4013     0.5152    87.9148 0.0000e+00
        444  38.543214    0.03074     1.8445    110.669     35.329  50393.725    31.4369     5.7912     35.000     5.7898    24.7631     6.5248     9.3245     91.782    284.354    291.396    0.00013    7.10895   10.15940  309.81382   15.94809 5.7938e-01     0.3928     0.5144    87.9337 0.0000e+00
        449  38.543228    0.03109     1.8657    111.941     36.344  50423.956    31.4591     5.8003     36.000     5.8109    24.7796     6.5209     9.3190     91.762    284.183    291.225   -0.00001    7.10637   10.15572  309.69652   15.94241 5.0280e-01     0.3949     0.5056    88.1263 0.0000e+00
        454  38.543243    0.03143     1.8857    113.140     37.358  50452.610    31.4871     5.8442     37.000     5.8631    24.7965     6.5182     9.3152     91.835    284.061    291.104    0.00024    7.09771   10.14333  309.31365   15.92406 4.3358e-01     0.3966     0.4805    88.6814 0.0000e+00
        457  38.543253    0.03170     1.9016    114.094     38.355  50404.775    31.4599     5.8768     38.000     5.8707    24.7714     6.5313     9.3338     92.074    284.636    291.687    0.00164    7.09354   10.13738  309.13954   15.91588 3.7908e-01     0.4055     0.4639    89.0500 0.0000e+00
        462  38.543268    0.03203     1.9217    115.301     39.377  50441.315    31.4849     5.8775     39.000     5.8858    24.7909     6.5202     9.3180     91.934    284.146    291.191    0.00042    7.09224   10.13552  309.07709   15.91280 3.3235e-01     0.4046     0.4478    89.4093 0.0000e+00
        466  38.543279    0.03231     1.9389    116.334     40.376  50423.307    31.4758     5.8966     40.000     5.8957    24.7815     6.5169     9.3132     91.923    284.005    291.043    0.00004    7.08947   10.13157  308.95943   15.90723 2.9115e-01     0.4060     0.4346    89.7041 0.0000e+00
        471  38.543294    0.03266     1.9593    117.557     41.390  50418.878    31.4729     5.8999     41.000     5.8966    24.7788     6.5170     9.3135     91.931    284.013    291.050    0.00007    7.08905   10.13096  308.94181   15.90640 2.5623e-01     0.4088     0.4243    89.9346 0.0000e+00
        476  38.543308    0.03300     1.9799    118.795     42.410  50413.748    31.4686     5.8988     42.000     5.8914    24.7756     6.5110     9.3050     91.842    283.754    290.784   -0.00041    7.08946   10.13155  308.96056   15.90731 2.2401e-01     0.4055     0.4249    89.9221 0.0000e+00
        480  38.543319    0.03326     1.9959    119.755     43.402  50414.882    31.4667     5.8875     43.000     5.8846    24.7754     6.5075     9.2999     91.766    283.600    290.627   -0.00097    7.09141   10.13434  309.04582   15.91138 1.9738e-01     0.3988     0.4386    89.6150 0.0000e+00
        485  38.543334    0.03364     2.0184    121.105     44.425  50444.323    31.4894     5.9021     44.000     5.9062    24.7917     6.5098     9.3032     91.844    283.696    290.729   -0.00025    7.08791   10.12933  308.88833   15.90379 1.7458e-01     0.4038     0.4225    89.9753 0.0000e+00
        490  38.543349    0.03397     2.0384    122.303     45.428  50430.239    31.4813     5.9126     45.000     5.9094    24.7840     6.5080     9.3005     91.835    283.616    290.645   -0.00021    7.08653   10.12736  308.83048   15.90106 1.5513e-01     0.3952     0.4156    90.1298 0.0000e+00
        495  38.543362    0.03431     2.0584    123.506     46.436  50431.649    31.4818     5.9131     46.000     5.9093    24.7844     6.5057     9.2973     91.805    283.518    290.545   -0.00047    7.08644   10.12724  308.82652   15.90087 1.3830e-01     0.4087     0.4133    90.1838 0.0000e+00
        501  38.543379    0.03469     2.0815    124.890     47.455  50433.005    31.4822     5.9128     47.000     5.9091    24.7848     6.5086     9.3014     91.845    283.642    290.672   -0.00011    7.08646   10.12726  308.82723   15.90091 1.2342e-01     0.4112     0.4101    90.2562 0.0000e+00
        505  38.543392    0.03503     2.1016    126.095     48.454  50437.129    31.4846     5.9129     48.000     5.9093    24.7866     6.5060     9.2977     91.810    283.528    290.556   -0.00037    7.08634   10.12709  308.82120   15.90061 1.1101e-01     0.4009     0.4206    90.0200 0.0000e+00
        511  38.543409    0.03543     2.1258    127.548     49.478  50443.133    31.4887     5.9152     49.000     5.9131    24.7896     6.5112     9.3051     91.891    283.755    290.789    0.00023    7.08576   10.12626  308.79511   15.89935 9.9818e-02     0.4040     0.4198    90.0385 0.0000e+00
        515  38.543420    0.03570     2.1420    128.520     50.473  50440.486    31.4870     5.9180     50.000     5.9139    24.7879     6.5051     9.2965     91.811    283.492    290.519   -0.00045    7.08539   10.12573  308.77934   15.89861 9.0243e-02     0.4000     0.4268    89.8793 0.0000e+00
        520  38.543434    0.03602     2.1613    129.678     51.486  50440.676    31.4866     5.9179     51.000     5.9139    24.7876     6.5128     9.3073     91.918    283.824    290.859    0.00022    7.08541   10.12577  308.78061   15.89867 8.2135e-02     0.4003     0.4279    89.8543 0.0000e+00
        525  38.543448    0.03637     2.1820    130.920     52.501  50443.223    31.4880     5.9185     52.000     5.9154    24.7887     6.5111     9.3050     91.897    283.753    290.786    0.00001    7.08524   10.12552  308.77287   15.89829 7.5342e-02     0.4008     0.4216    89.9954 0.0000e+00
        529  38.543461    0.03667     2.2000    132.000     53.506  50446.169    31.4901     5.9213     53.000     5.9179    24.7900     6.5050     9.2962     91.817    283.484    290.511   -0.00051    7.08467   10.12470  308.74744   15.89707 6.9333e-02     0.4012     0.4245    89.9302 0.0000e+00
