CTD-processing/allCTD/CNV/2019_03-19_t9_s07_cast110_4141.cnv
* Sea-Bird SBE19plus Data File:
* FileName = C:\Users\Kim.Powell\Desktop\Not Processed\2019\2019_03-19_AlongBay, T9_4141\2019_03-19_TRANSECT_STATION_cast110.hex
* Software Version 1.59
* Temperature SN =  4141
* Conductivity SN =  4141
* System UpLoad Time = Mar 20 2019 08:46:09
** 2018_03-19
** Station: 9-07
** Start Time: 15:27
** Depth (m): 104
** Comment:**CTD time was 1 hour behind**
** Comment:
# nquan = 27
# nvalues = 101                         
# units = specified
# name 0 = scan: Scan Count
# name 1 = timeJ: Julian Days
# name 2 = timeH: Time, Elapsed [hours]
# name 3 = timeM: Time, Elapsed [minutes]
# name 4 = timeS: Time, Elapsed [seconds]
# name 5 = prdM: Pressure, Strain Gauge [db]
# name 6 = specc: Specific Conductance [uS/cm]
# name 7 = sal00: Salinity, Practical [PSU]
# name 8 = tv290C: Temperature [ITS-90, deg C]
# name 9 = depSM: Depth [salt water, m], lat = 59.00
# name 10 = potemp090C: Potential Temperature [ITS-90, deg C]
# name 11 = sigma-é00: Density [sigma-theta, kg/m^3]
# name 12 = sbeox0ML/L: Oxygen, SBE 43 [ml/l]
# name 13 = sbeox0Mg/L: Oxygen, SBE 43 [mg/l]
# name 14 = sbeox0PS: Oxygen, SBE 43 [% saturation]
# name 15 = sbox0Mm/Kg: Oxygen, SBE 43 [umol/kg]
# name 16 = sbeox0Mm/L: Oxygen, SBE 43 [umol/l]
# name 17 = sbox0dV/dT: Oxygen, SBE 43 [dov/dt]
# name 18 = oxsolML/L: Oxygen Saturation, Garcia & Gordon [ml/l]
# name 19 = oxsolMg/L: Oxygen Saturation, Garcia & Gordon [mg/l]
# name 20 = oxsolMm/Kg: Oxygen Saturation, Garcia & Gordon [umol/kg]
# name 21 = n2satMg/L: Nitrogen Saturation [mg/l]
# name 22 = par: PAR/Irradiance, Biospherical/Licor
# name 23 = wetStar: Fluorescence, WET Labs WETstar [mg/m^3]
# name 24 = CStarAt0: Beam Attenuation, WET Labs C-Star [1/m]
# name 25 = CStarTr0: Beam Transmission, WET Labs C-Star [%]
# name 26 = flag: flag
# span 0 =        197,        733       
# span 1 =  78.602858,  78.604409       
# span 2 =    0.01359,    0.05080       
# span 3 =     0.8155,     3.0485       
# span 4 =     48.926,    182.910       
# span 5 =      1.009,    101.964       
# span 6 =  49937.967,  50915.132       
# span 7 =    31.0913,    31.7130       
# span 8 =     5.3566,     5.5518       
# span 9 =      1.000,    101.000       
# span 10 =     5.3540,     5.5394      
# span 11 =    24.5172,    25.0117      
# span 12 =     6.4753,     6.7424      
# span 13 =     9.2538,     9.6355      
# span 14 =     90.356,     93.925      
# span 15 =    282.263,    293.855      
# span 16 =    289.186,    301.113      
# span 17 =   -0.00220,    0.00045      
# span 18 =    7.13765,    7.18286      
# span 19 =   10.20041,   10.26503      
# span 20 =  310.99061,  313.02234      
# span 21 =   16.00304,   16.10094      
# span 22 = 3.6321e-02, 1.7913e+02      
# span 23 =     0.2737,     0.8363      
# span 24 =     0.2623,     5.8222      
# span 25 =    56.4957,    93.6538      
# span 26 = 0.0000e+00, 0.0000e+00      
# interval = meters: 1                  
# start_time = Mar 19 2019 14:27:18 [Instrument's time stamp, header]
# bad_flag = -9.990e-29
*END*
        197  78.602858    0.01359     0.8155     48.926      1.009  49937.967    31.0913     5.5518      1.000     5.5170    24.5172     6.4753     9.2538     90.356    282.263    289.186    0.00010    7.16582   10.24066  312.36672   16.07109 1.4509e+02     0.3240     5.8222    56.4957 0.0000e+00
        302  78.603163    0.02091     1.2547     75.280      2.017  50203.394    31.2530     5.4493      2.000     5.4336    24.6566     6.7207     9.6045     93.660    292.923    300.145   -0.00026    7.17552   10.25453  312.74722   16.08854 1.4205e+02     0.2737     0.9866    84.5225 0.0000e+00
        315  78.603201    0.02182     1.3091     78.546      3.029  50252.646    31.2800     5.4178      3.000     5.4090    24.6815     6.7416     9.6344     93.899    293.827    301.078   -0.00070    7.17960   10.26038  312.91786   16.09656 1.7913e+02     0.2742     0.5597    86.9438 0.0000e+00
        319  78.603213    0.02210     1.3260     79.560      4.038  50290.838    31.3027     5.4024      4.000     5.3979    24.7011     6.7424     9.6355     93.890    293.855    301.113   -0.00058    7.18116   10.26259  312.97944   16.09939 1.7714e+02     0.2896     0.5604    86.9254 0.0000e+00
        323  78.603224    0.02238     1.3428     80.566      5.047  50360.515    31.3490     5.3971      5.000     5.3978    24.7385     6.7362     9.6267     93.821    293.575    300.838   -0.00100    7.17984   10.26070  312.91046   16.09592 1.6150e+02     0.3202     0.5641    86.8472 0.0000e+00
        327  78.603236    0.02266     1.3595     81.569      6.054  50424.316    31.3936     5.4026      6.000     5.4094    24.7731     6.7359     9.6262     93.857    293.552    300.825   -0.00058    7.17677   10.25632  312.76625   16.08887 1.3220e+02     0.3486     0.5661    86.8026 0.0000e+00
        332  78.603249    0.02297     1.3782     82.692      7.069  50436.730    31.4045     5.4163      7.000     5.4163    24.7801     6.7381     9.6295     93.925    293.648    300.925   -0.00011    7.17391   10.25223  312.63948   16.08279 1.2034e+02     0.4093     0.5869    86.3528 0.0000e+00
        336  78.603261    0.02326     1.3956     83.737      8.075  50437.916    31.4048     5.4162      8.000     5.4126    24.7804     6.7346     9.6244     93.876    293.493    300.766   -0.00030    7.17390   10.25223  312.63909   16.08277 9.6827e+01     0.4498     0.5947    86.1835 0.0000e+00
        340  78.603273    0.02356     1.4137     84.820      9.083  50441.402    31.4051     5.4084      9.000     5.4047    24.7816     6.7149     9.5963     93.585    292.635    299.887   -0.00195    7.17522   10.25411  312.69634   16.08550 8.4148e+01     0.4812     0.6055    85.9524 0.0000e+00
        345  78.603287    0.02390     1.4337     86.023     10.097  50456.398    31.4137     5.4024     10.000     5.3994    24.7890     6.7086     9.5872     93.488    292.358    299.605   -0.00209    7.17584   10.25500  312.72096   16.08663 7.0261e+01     0.5502     0.6133    85.7850 0.0000e+00
        349  78.603300    0.02420     1.4520     87.118     11.102  50463.431    31.4171     5.3975     11.000     5.3941    24.7922     6.7105     9.5900     93.506    292.440    299.691   -0.00150    7.17651   10.25594  312.74898   16.08796 6.0061e+01     0.6468     0.6201    85.6398 0.0000e+00
        354  78.603313    0.02452     1.4713     88.279     12.113  50457.693    31.4100     5.3851     12.000     5.3712    24.7881     6.7063     9.5840     93.417    292.260    299.504   -0.00161    7.17896   10.25945  312.85720   16.09314 4.9337e+01     0.6983     0.6243    85.5482 0.0000e+00
        359  78.603327    0.02486     1.4914     89.484     13.124  50489.630    31.4259     5.3579     13.000     5.3540    24.8037     6.6988     9.5732     93.261    291.928    299.169   -0.00209    7.18286   10.26503  313.02234   16.10094 4.1988e+01     0.7687     0.6447    85.1154 0.0000e+00
        364  78.603341    0.02518     1.5106     90.636     14.136  50534.050    31.4557     5.3566     14.000     5.3602    24.8274     6.6941     9.5665     93.210    291.713    298.955   -0.00199    7.18164   10.26328  312.96189   16.09793 3.4732e+01     0.8038     0.6495    85.0113 0.0000e+00
        368  78.603353    0.02546     1.5275     91.650     15.142  50573.462    31.4844     5.3661     15.000     5.3714    24.8490     6.6997     9.5745     93.328    291.952    299.207   -0.00084    7.17864   10.25899  312.82461   16.09129 2.8927e+01     0.8363     0.6401    85.2131 0.0000e+00
        372  78.603364    0.02573     1.5441     92.647     16.151  50615.541    31.5156     5.3795     16.000     5.3825    24.8723     6.6988     9.5733     93.365    291.908    299.169   -0.00042    7.17488   10.25362  312.65368   16.08301 2.4330e+01     0.8223     0.6246    85.5416 0.0000e+00
        376  78.603376    0.02603     1.5618     93.708     17.163  50635.608    31.5307     5.3878     17.000     5.3906    24.8832     6.6863     9.5555     93.219    291.363    298.613   -0.00113    7.17272   10.25053  312.55623   16.07831 2.0548e+01     0.7924     0.6052    85.9597 0.0000e+00
        380  78.603387    0.02631     1.5784     94.703     18.179  50648.047    31.5402     5.3948     18.000     5.3961    24.8900     6.6739     9.5376     93.067    290.817    298.055   -0.00184    7.17109   10.24821  312.48314   16.07479 1.7280e+01     0.7700     0.5982    86.1100 0.0000e+00
        383  78.603397    0.02654     1.5922     95.533     19.171  50659.619    31.5487     5.3999     19.000     5.4005    24.8962     6.6652     9.5253     92.963    290.440    297.670   -0.00215    7.16980   10.24636  312.42505   16.07199 1.4652e+01     0.7502     0.5873    86.3459 0.0000e+00
        387  78.603410    0.02684     1.6101     96.603     20.196  50695.996    31.5744     5.4053     20.000     5.4089    24.9159     6.6643     9.5239     92.977    290.392    297.627   -0.00162    7.16765   10.24329  312.32542   16.06715 1.2501e+01     0.7254     0.5764    86.5793 0.0000e+00
        391  78.603421    0.02709     1.6259     97.551     21.198  50701.810    31.5798     5.4145     21.000     5.4150    24.9192     6.6729     9.5363     93.122    290.768    298.014   -0.00048    7.16583   10.24069  312.24495   16.06329 1.0617e+01     0.7527     0.5595    86.9471 0.0000e+00
        395  78.603432    0.02736     1.6416     98.498     22.208  50706.649    31.5833     5.4177     22.000     5.4177    24.9216     6.6579     9.5148     92.921    290.112    297.342   -0.00132    7.16512   10.23967  312.21332   16.06177 9.0891e+00     0.7362     0.5540    87.0659 0.0000e+00
        399  78.603443    0.02763     1.6580     99.480     23.221  50733.385    31.6021     5.4218     23.000     5.4265    24.9360     6.6448     9.4960     92.758    289.534    296.755   -0.00220    7.16353   10.23741  312.13985   16.05820 7.7761e+00     0.7112     0.5473    87.2116 0.0000e+00
        403  78.603454    0.02789     1.6734    100.402     24.221  50749.532    31.6154     5.4346     24.000     5.4380    24.9450     6.6423     9.4925     92.760    289.422    296.642   -0.00170    7.16072   10.23339  312.01464   16.05218 6.6691e+00     0.6908     0.5279    87.6372 0.0000e+00
        407  78.603467    0.02820     1.6923    101.538     25.241  50753.623    31.6196     5.4441     25.000     5.4451    24.9474     6.6387     9.4874     92.734    289.269    296.486   -0.00144    7.15889   10.23077  311.93419   16.04833 5.7644e+00     0.6328     0.5141    87.9397 0.0000e+00
        411  78.603478    0.02848     1.7089    102.536     26.246  50762.017    31.6261     5.4495     26.000     5.4497    24.9518     6.6328     9.4790     92.667    289.012    296.223   -0.00152    7.15766   10.22901  311.87907   16.04568 4.9683e+00     0.6601     0.5058    88.1216 0.0000e+00
        415  78.603490    0.02876     1.7255    103.533     27.254  50771.385    31.6329     5.4535     27.000     5.4534    24.9568     6.6299     9.4748     92.639    288.881    296.091   -0.00142    7.15666   10.22759  311.83419   16.04352 4.2910e+00     0.6194     0.4967    88.3223 0.0000e+00
        419  78.603502    0.02906     1.7434    104.607     28.264  50780.009    31.6393     5.4581     28.000     5.4592    24.9613     6.6327     9.4788     92.693    289.004    296.217   -0.00076    7.15558   10.22603  311.78545   16.04117 3.7133e+00     0.6327     0.4756    88.7910 0.0000e+00
        424  78.603516    0.02937     1.7624    105.746     29.278  50785.072    31.6439     5.4658     29.000     5.4662    24.9641     6.6366     9.4843     92.767    289.172    296.391   -0.00023    7.15404   10.22385  311.71795   16.03794 3.2334e+00     0.5856     0.4526    89.3027 0.0000e+00
        428  78.603528    0.02966     1.7798    106.789     30.286  50781.490    31.6418     5.4698     30.000     5.4676    24.9620     6.6341     9.4808     92.740    289.065    296.280   -0.00029    7.15347   10.22302  311.69342   16.03678 2.8193e+00     0.5989     0.4393    89.5991 0.0000e+00
        432  78.603540    0.02994     1.7966    107.795     31.294  50783.475    31.6427     5.4699     31.000     5.4684    24.9627     6.6277     9.4716     92.651    288.785    295.993   -0.00086    7.15342   10.22295  311.69099   16.03666 2.4617e+00     0.5868     0.4355    89.6848 0.0000e+00
        436  78.603551    0.03023     1.8136    108.818     32.308  50787.298    31.6453     5.4726     32.000     5.4712    24.9645     6.6277     9.4717     92.659    288.786    295.996   -0.00070    7.15283   10.22212  311.66507   16.03541 2.1519e+00     0.5926     0.4295    89.8181 0.0000e+00
        440  78.603562    0.03048     1.8289    109.732     33.310  50792.387    31.6488     5.4746     33.000     5.4750    24.9670     6.6309     9.4762     92.710    288.923    296.136   -0.00030    7.15232   10.22138  311.64203   16.03430 1.8779e+00     0.6557     0.4251    89.9170 0.0000e+00
        444  78.603574    0.03076     1.8461    110.768     34.325  50793.646    31.6504     5.4806     34.000     5.4798    24.9676     6.6337     9.4802     92.762    289.042    296.259    0.00002    7.15121   10.21980  311.59361   16.03198 1.6571e+00     0.6474     0.4047    90.3767 0.0000e+00
        448  78.603585    0.03105     1.8631    111.789     35.340  50792.317    31.6495     5.4832     35.000     5.4810    24.9666     6.6310     9.4763     92.730    288.924    296.138   -0.00016    7.15082   10.21923  311.57653   16.03118 1.4523e+00     0.5859     0.3999    90.4861 0.0000e+00
        452  78.603596    0.03129     1.8773    112.639     36.332  50793.334    31.6499     5.4841     36.000     5.4819    24.9669     6.6255     9.4685     92.656    288.687    295.894   -0.00066    7.15066   10.21900  311.56940   16.03084 1.2816e+00     0.6015     0.4002    90.4799 0.0000e+00
        456  78.603608    0.03160     1.8959    113.753     37.359  50792.552    31.6490     5.4849     37.000     5.4819    24.9661     6.6280     9.4721     92.692    288.797    296.007   -0.00042    7.15057   10.21887  311.56576   16.03067 1.1307e+00     0.6235     0.3934    90.6341 0.0000e+00
        460  78.603619    0.03185     1.9111    114.668     38.358  50797.440    31.6521     5.4852     38.000     5.4833    24.9684     6.6294     9.4741     92.714    288.858    296.069   -0.00014    7.15038   10.21860  311.55669   16.03022 9.9353e-01     0.6584     0.3921    90.6622 0.0000e+00
        464  78.603631    0.03214     1.9284    115.702     39.370  50804.579    31.6569     5.4874     39.000     5.4855    24.9720     6.6218     9.4632     92.616    288.525    295.730   -0.00078    7.14978   10.21774  311.52955   16.02891 8.7943e-01     0.6305     0.3776    90.9913 0.0000e+00
        468  78.603643    0.03244     1.9464    116.781     40.383  50810.652    31.6611     5.4899     40.000     5.4884    24.9751     6.6219     9.4634     92.626    288.531    295.737   -0.00060    7.14913   10.21683  311.50061   16.02752 7.7718e-01     0.6259     0.3661    91.2541 0.0000e+00
        472  78.603655    0.03272     1.9629    117.776     41.389  50822.321    31.6695     5.4941     41.000     5.4945    24.9813     6.6246     9.4672     92.677    288.642    295.852   -0.00022    7.14802   10.21524  311.45021   16.02508 6.8937e-01     0.6281     0.3560    91.4828 0.0000e+00
        476  78.603667    0.03302     1.9807    118.841     42.401  50825.535    31.6727     5.5010     42.000     5.4999    24.9830     6.6217     9.4631     92.654    288.520    295.727   -0.00031    7.14671   10.21336  311.39247   16.02232 6.1373e-01     0.6253     0.3392    91.8705 0.0000e+00
        481  78.603680    0.03331     1.9990    119.941     43.410  50826.492    31.6737     5.5050     43.000     5.5029    24.9833     6.6236     9.4659     92.690    288.600    295.810   -0.00015    7.14598   10.21233  311.36095   16.02081 5.4802e-01     0.6351     0.3264    92.1637 0.0000e+00
        485  78.603693    0.03363     2.0176    121.059     44.419  50827.326    31.6743     5.5073     44.000     5.5044    24.9835     6.6243     9.4668     92.705    288.630    295.841   -0.00004    7.14557   10.21174  311.34273   16.01994 4.8927e-01     0.6454     0.3167    92.3890 0.0000e+00
        490  78.603706    0.03395     2.0366    122.197     45.430  50829.324    31.6753     5.5082     45.000     5.5054    24.9843     6.6234     9.4655     92.695    288.591    295.801   -0.00013    7.14536   10.21144  311.33350   16.01950 4.3942e-01     0.6363     0.3154    92.4170 0.0000e+00
        494  78.603719    0.03427     2.0557    123.340     46.435  50835.201    31.6793     5.5105     46.000     5.5085    24.9872     6.6241     9.4665     92.713    288.620    295.832   -0.00014    7.14478   10.21061  311.30720   16.01823 3.9391e-01     0.6240     0.3108    92.5228 0.0000e+00
        499  78.603734    0.03461     2.0767    124.599     47.454  50839.866    31.6828     5.5141     47.000     5.5121    24.9895     6.6237     9.4659     92.717    288.602    295.814   -0.00008    7.14400   10.20948  311.27225   16.01655 3.5358e-01     0.6192     0.3019    92.7301 0.0000e+00
        504  78.603746    0.03491     2.0949    125.692     48.458  50842.265    31.6846     5.5175     48.000     5.5148    24.9906     6.6239     9.4662     92.729    288.613    295.825   -0.00008    7.14334   10.20855  311.24353   16.01517 3.1838e-01     0.6108     0.2928    92.9422 0.0000e+00
        508  78.603759    0.03521     2.1127    126.762     49.469  50844.005    31.6858     5.5195     49.000     5.5162    24.9913     6.6199     9.4605     92.678    288.438    295.646   -0.00036    7.14295   10.20800  311.22662   16.01437 2.8761e-01     0.5985     0.2864    93.0904 0.0000e+00
        513  78.603772    0.03552     2.1313    127.880     50.477  50845.864    31.6869     5.5209     50.000     5.5178    24.9920     6.6206     9.4615     92.691    288.465    295.674   -0.00032    7.14265   10.20756  311.21283   16.01371 2.5947e-01     0.6362     0.2806    93.2256 0.0000e+00
        517  78.603786    0.03584     2.1508    129.045     51.496  50847.494    31.6878     5.5223     51.000     5.5189    24.9926     6.6225     9.4641     92.720    288.548    295.760   -0.00007    7.14239   10.20719  311.20134   16.01316 2.3380e-01     0.6525     0.2725    93.4138 0.0000e+00
        521  78.603796    0.03610     2.1662    129.971     52.492  50848.669    31.6882     5.5230     52.000     5.5193    24.9929     6.6164     9.4556     92.638    288.286    295.491   -0.00057    7.14224   10.20697  311.19460   16.01283 2.1198e-01     0.6138     0.2757    93.3400 0.0000e+00
        525  78.603809    0.03641     2.1846    131.076     53.511  50850.055    31.6889     5.5235     53.000     5.5196    24.9933     6.6114     9.4482     92.568    288.063    295.262   -0.00091    7.14212   10.20680  311.18932   16.01258 1.9235e-01     0.5969     0.2732    93.3975 0.0000e+00
