CTD-processing/allCTD/CNV/2019_05_12_t6_s01_cast170_4141.cnv
* Sea-Bird SBE19plus Data File:
* FileName = C:\Users\jwschloemer\Documents\CTD Data\2019_05-12_T6_T7_ptGrm_pogi\2019_05_12_T6_S27_Cast170.hex
* Software Version 1.59
* Temperature SN =  4141
* Conductivity SN =  4141
* System UpLoad Time = May 13 2019 15:02:45
** Date: 2019_05_12
** Station:01
** Start Time (AKST):14:43
** Depth (m):30
** Comment:
# nquan = 27
# nvalues = 28                          
# units = specified
# name 0 = scan: Scan Count
# name 1 = timeJ: Julian Days
# name 2 = timeH: Time, Elapsed [hours]
# name 3 = timeM: Time, Elapsed [minutes]
# name 4 = timeS: Time, Elapsed [seconds]
# name 5 = prdM: Pressure, Strain Gauge [db]
# name 6 = specc: Specific Conductance [uS/cm]
# name 7 = sal00: Salinity, Practical [PSU]
# name 8 = tv290C: Temperature [ITS-90, deg C]
# name 9 = depSM: Depth [salt water, m], lat = 59.00
# name 10 = potemp090C: Potential Temperature [ITS-90, deg C]
# name 11 = sigma-é00: Density [sigma-theta, kg/m^3]
# name 12 = sbeox0ML/L: Oxygen, SBE 43 [ml/l]
# name 13 = sbeox0Mg/L: Oxygen, SBE 43 [mg/l]
# name 14 = sbeox0PS: Oxygen, SBE 43 [% saturation]
# name 15 = sbox0Mm/Kg: Oxygen, SBE 43 [umol/kg]
# name 16 = sbeox0Mm/L: Oxygen, SBE 43 [umol/l]
# name 17 = sbox0dV/dT: Oxygen, SBE 43 [dov/dt]
# name 18 = oxsolML/L: Oxygen Saturation, Garcia & Gordon [ml/l]
# name 19 = oxsolMg/L: Oxygen Saturation, Garcia & Gordon [mg/l]
# name 20 = oxsolMm/Kg: Oxygen Saturation, Garcia & Gordon [umol/kg]
# name 21 = n2satMg/L: Nitrogen Saturation [mg/l]
# name 22 = par: PAR/Irradiance, Biospherical/Licor
# name 23 = wetStar: Fluorescence, WET Labs WETstar [mg/m^3]
# name 24 = CStarAt0: Beam Attenuation, WET Labs C-Star [1/m]
# name 25 = CStarTr0: Beam Transmission, WET Labs C-Star [%]
# name 26 = flag: flag
# span 0 =         42,        446       
# span 1 = 132.613845, 132.615015       
# span 2 =    0.00283,    0.03091       
# span 3 =     0.1696,     1.8546       
# span 4 =     10.177,    111.275       
# span 5 =      1.003,     28.262       
# span 6 =  50454.028,  50619.708       
# span 7 =    31.6638,    31.7498       
# span 8 =     6.5882,     6.6810       
# span 9 =      1.000,     28.000       
# span 10 =     6.5860,     6.6728      
# span 11 =    24.8347,    24.9128      
# span 12 =     5.9564,     6.8506      
# span 13 =     8.5122,     9.7902      
# span 14 =     85.651,     98.549      
# span 15 =    259.567,    298.533      
# span 16 =    266.012,    305.948      
# span 17 =   -0.00274,    0.00200      
# span 18 =    6.95151,    6.96306      
# span 19 =    9.93439,    9.95091      
# span 20 =  302.92895,  303.41151      
# span 21 =   15.61899,   15.64170      
# span 22 = 9.5613e+00, 1.9065e+02      
# span 23 =     0.6758,     1.5198      
# span 24 =     0.3652,     0.8438      
# span 25 =    80.5508,    91.2730      
# span 26 = 0.0000e+00, 0.0000e+00      
# interval = meters: 1                  
# start_time = May 12 2019 14:43:46 [Instrument's time stamp, header]
# bad_flag = -9.990e-29
*END*
         42 132.613845    0.00283     0.1696     10.177      1.003  50454.028    31.6638     6.6678      1.000     6.6728    24.8347     5.9564     8.5122     85.651    259.567    266.012   -0.00274    6.95420    9.93826  303.04989   15.62480 1.9065e+02     0.7361     0.8438    80.5508 0.0000e+00
        316 132.614639    0.02189     1.3134     78.804      2.019  50469.550    31.6743     6.6810      2.000     6.6723    24.8413     6.8506     9.7902     98.549    298.533    305.948    0.00200    6.95151    9.93439  302.92895   15.61899 1.8540e+02     0.6758     0.4700    88.9164 0.0000e+00
        312 132.614626    0.02159     1.2950     77.702      3.028  50492.805    31.6864     6.6611      3.000     6.6564    24.8534     6.8212     9.7481     98.088    297.247    304.636    0.00096    6.95416    9.93819  303.04123   15.62430 1.4881e+02     0.7130     0.4719    88.8716 0.0000e+00
        316 132.614638    0.02187     1.3123     78.739      4.036  50496.746    31.6882     6.6588      4.000     6.6572    24.8551     6.8139     9.7376     97.978    296.926    304.306    0.00005    6.95446    9.93862  303.05359   15.62488 1.2963e+02     0.7213     0.4635    89.0585 0.0000e+00
        320 132.614651    0.02218     1.3311     79.865      5.045  50503.549    31.6908     6.6495      5.000     6.6416    24.8584     6.8014     9.7199     97.780    296.383    303.751   -0.00129    6.95583    9.94058  303.11263   15.62769 1.1453e+02     0.8191     0.4497    89.3664 0.0000e+00
        326 132.614666    0.02254     1.3521     81.126      6.060  50521.742    31.7009     6.6385      6.000     6.6382    24.8677     6.7922     9.7068     97.630    295.981    303.341   -0.00184    6.95714    9.94245  303.16688   15.63023 9.8984e+01     0.9813     0.4447    89.4776 0.0000e+00
        330 132.614679    0.02284     1.3704     82.221      7.066  50521.206    31.7001     6.6383      7.000     6.6367    24.8671     6.7852     9.6968     97.528    295.676    303.028   -0.00204    6.95722    9.94256  303.17039   15.63040 8.6024e+01     1.0222     0.4489    89.3838 0.0000e+00
        334 132.614691    0.02315     1.3889     83.334      8.075  50524.435    31.7014     6.6365      8.000     6.6347    24.8684     6.7791     9.6880     97.437    295.410    302.756   -0.00204    6.95745    9.94289  303.17992   15.63085 7.7624e+01     1.1442     0.4456    89.4573 0.0000e+00
        339 132.614705    0.02347     1.4086     84.517      9.085  50530.847    31.7048     6.6330      9.000     6.6291    24.8715     6.7801     9.6894     97.446    295.451    302.798   -0.00156    6.95785    9.94347  303.19681   15.63164 7.1204e+01     1.1346     0.4354    89.6861 0.0000e+00
        344 132.614719    0.02382     1.4291     85.744     10.094  50551.252    31.7165     6.6216     10.000     6.6179    24.8822     6.7744     9.6814     97.346    295.201    302.546   -0.00159    6.95915    9.94532  303.25002   15.63413 6.4860e+01     1.2781     0.4168    90.1047 0.0000e+00
        349 132.614734    0.02417     1.4502     87.014     11.105  50554.010    31.7175     6.6198     11.000     6.6182    24.8833     6.7615     9.6628     97.156    294.636    301.967   -0.00235    6.95940    9.94568  303.26085   15.63464 5.9683e+01     1.2861     0.4181    90.0750 0.0000e+00
        354 132.614748    0.02451     1.4708     88.249     12.113  50561.696    31.7217     6.6160     12.000     6.6125    24.8870     6.7536     9.6515     97.036    294.289    301.613   -0.00240    6.95982    9.94628  303.27808   15.63545 5.3441e+01     1.3669     0.4140    90.1656 0.0000e+00
        359 132.614763    0.02486     1.4914     89.486     13.124  50576.661    31.7303     6.6085     13.000     6.6042    24.8947     6.7501     9.6466     96.975    294.136    301.458   -0.00207    6.96065    9.94747  303.31188   15.63703 5.0063e+01     1.4444     0.4045    90.3822 0.0000e+00
        364 132.614777    0.02520     1.5119     90.711     14.131  50583.615    31.7338     6.6042     14.000     6.6032    24.8981     6.7462     9.6411     96.912    293.968    301.287   -0.00193    6.96118    9.94822  303.33393   15.63806 4.6557e+01     1.5198     0.4008    90.4664 0.0000e+00
        369 132.614792    0.02555     1.5333     91.995     15.145  50582.501    31.7327     6.6050     15.000     6.6041    24.8972     6.7336     9.6230     96.732    293.418    300.723   -0.00240    6.96109    9.94809  303.33027   15.63789 4.2195e+01     1.4181     0.3972    90.5477 0.0000e+00
        373 132.614804    0.02586     1.5520     93.122     16.152  50586.082    31.7347     6.6048     16.000     6.6008    24.8987     6.7307     9.6187     96.690    293.287    300.590   -0.00187    6.96105    9.94804  303.32795   15.63777 3.8670e+01     1.4575     0.3972    90.5466 0.0000e+00
        378 132.614817    0.02617     1.5704     94.224     17.153  50596.049    31.7402     6.5997     17.000     6.5977    24.9037     6.7206     9.6044     96.537    292.848    300.141   -0.00260    6.96161    9.94885  303.35121   15.63886 3.4493e+01     1.4906     0.3894    90.7230 0.0000e+00
        386 132.614840    0.02673     1.6035     96.212     18.172  50596.278    31.7400     6.6002     18.000     6.5988    24.9035     6.7211     9.6050     96.545    292.868    300.162   -0.00142    6.96155    9.94875  303.34826   15.63872 3.1172e+01     1.4454     0.3895    90.7219 0.0000e+00
        393 132.614860    0.02720     1.6322     97.929     19.182  50596.598    31.7398     6.6004     19.000     6.5991    24.9033     6.7180     9.6007     96.502    292.736    300.026   -0.00115    6.96152    9.94870  303.34706   15.63866 2.7717e+01     1.4791     0.3886    90.7432 0.0000e+00
        398 132.614876    0.02757     1.6542     99.253     20.189  50594.640    31.7381     6.6016     20.000     6.6000    24.9019     6.7166     9.5988     96.485    292.678    299.966   -0.00092    6.96139    9.94853  303.34201   15.63843 2.4239e+01     1.3890     0.3910    90.6870 0.0000e+00
        403 132.614891    0.02795     1.6766    100.598     21.196  50596.589    31.7389     6.6008     21.000     6.5985    24.9026     6.7183     9.6011     96.506    292.748    300.038   -0.00058    6.96149    9.94866  303.34605   15.63862 2.1142e+01     1.4929     0.3902    90.7070 0.0000e+00
        410 132.614911    0.02842     1.7054    102.322     22.210  50598.359    31.7394     6.5998     22.000     6.5963    24.9032     6.7203     9.6041     96.534    292.839    300.132   -0.00026    6.96164    9.94887  303.35222   15.63891 1.8763e+01     1.4571     0.3874    90.7694 0.0000e+00
        417 132.614930    0.02887     1.7324    103.941     23.220  50610.972    31.7463     6.5920     23.000     6.5882    24.9096     6.7248     9.6105     96.585    293.031    300.331    0.00005    6.96258    9.95022  303.39148   15.64076 1.6711e+01     1.4676     0.3749    91.0541 0.0000e+00
        422 132.614946    0.02926     1.7555    105.331     24.227  50615.579    31.7485     6.5889     24.000     6.5864    24.9117     6.7155     9.5971     96.445    292.622    299.912   -0.00078    6.96298    9.95079  303.40801   15.64154 1.5031e+01     1.3590     0.3693    91.1798 0.0000e+00
        428 132.614963    0.02968     1.7810    106.857     25.240  50617.607    31.7492     6.5882     25.000     6.5860    24.9124     6.7033     9.5796     96.268    292.090    299.367   -0.00156    6.96306    9.95091  303.41151   15.64170 1.3425e+01     1.4837     0.3673    91.2269 0.0000e+00
        434 132.614980    0.03008     1.8045    108.269     26.247  50618.624    31.7495     6.5883     26.000     6.5861    24.9126     6.6949     9.5677     96.149    291.727    298.995   -0.00182    6.96303    9.95087  303.41048   15.64165 1.1966e+01     1.4262     0.3689    91.1901 0.0000e+00
        440 132.614996    0.03048     1.8285    109.710     27.256  50619.708    31.7498     6.5885     27.000     6.5863    24.9128     6.7006     9.5758     96.232    291.973    299.247   -0.00081    6.96298    9.95080  303.40805   15.64153 1.0703e+01     1.4277     0.3652    91.2730 0.0000e+00
        446 132.615015    0.03091     1.8546    111.275     28.262  50619.470    31.7492     6.5886     28.000     6.5860    24.9123     6.6934     9.5656     96.128    291.662    298.928   -0.00110    6.96300    9.95082  303.40907   15.64158 9.5613e+00     1.4824     0.3676    91.2188 0.0000e+00
