CTD-processing/allCTD/CNV/2019_05_12_t6_s26_cast144_4141.cnv
* Sea-Bird SBE19plus Data File:
* FileName = C:\Users\jwschloemer\Documents\CTD Data\2019_05-12_T6_T7_ptGrm_pogi\2019_05_12_T6_S27_Cast144.hex
* Software Version 1.59
* Temperature SN =  4141
* Conductivity SN =  4141
* System UpLoad Time = May 13 2019 14:21:37
** Date: 2019_05_12
** Station:26
** Start Time (AKST):05:56
** Depth (m):169
** Comment:
# nquan = 27
# nvalues = 168                         
# units = specified
# name 0 = scan: Scan Count
# name 1 = timeJ: Julian Days
# name 2 = timeH: Time, Elapsed [hours]
# name 3 = timeM: Time, Elapsed [minutes]
# name 4 = timeS: Time, Elapsed [seconds]
# name 5 = prdM: Pressure, Strain Gauge [db]
# name 6 = specc: Specific Conductance [uS/cm]
# name 7 = sal00: Salinity, Practical [PSU]
# name 8 = tv290C: Temperature [ITS-90, deg C]
# name 9 = depSM: Depth [salt water, m], lat = 59.00
# name 10 = potemp090C: Potential Temperature [ITS-90, deg C]
# name 11 = sigma-é00: Density [sigma-theta, kg/m^3]
# name 12 = sbeox0ML/L: Oxygen, SBE 43 [ml/l]
# name 13 = sbeox0Mg/L: Oxygen, SBE 43 [mg/l]
# name 14 = sbeox0PS: Oxygen, SBE 43 [% saturation]
# name 15 = sbox0Mm/Kg: Oxygen, SBE 43 [umol/kg]
# name 16 = sbeox0Mm/L: Oxygen, SBE 43 [umol/l]
# name 17 = sbox0dV/dT: Oxygen, SBE 43 [dov/dt]
# name 18 = oxsolML/L: Oxygen Saturation, Garcia & Gordon [ml/l]
# name 19 = oxsolMg/L: Oxygen Saturation, Garcia & Gordon [mg/l]
# name 20 = oxsolMm/Kg: Oxygen Saturation, Garcia & Gordon [umol/kg]
# name 21 = n2satMg/L: Nitrogen Saturation [mg/l]
# name 22 = par: PAR/Irradiance, Biospherical/Licor
# name 23 = wetStar: Fluorescence, WET Labs WETstar [mg/m^3]
# name 24 = CStarAt0: Beam Attenuation, WET Labs C-Star [1/m]
# name 25 = CStarTr0: Beam Transmission, WET Labs C-Star [%]
# name 26 = flag: flag
# span 0 =        193,        931       
# span 1 = 132.247835, 132.249972       
# span 2 =    0.01333,    0.06459       
# span 3 =     0.7997,     3.8759       
# span 4 =     47.982,    232.553       
# span 5 =      1.018,    169.611       
# span 6 =  48873.030,  51235.301       
# span 7 =    30.4807,    32.0759       
# span 8 =     6.1929,     6.5577       
# span 9 =      1.000,    168.000       
# span 10 =     6.1938,     6.5556      
# span 11 =    23.9607,    25.1944      
# span 12 =     6.4861,     6.8936      
# span 13 =     9.2693,     9.8517      
# span 14 =     92.061,     97.640      
# span 15 =    282.551,    300.663      
# span 16 =    289.669,    307.869      
# span 17 =   -0.00577,    0.00178      
# span 18 =    6.95795,    7.08685      
# span 19 =    9.94360,   10.12782      
# span 20 =  303.13666,  309.09277      
# span 21 =   15.62771,   15.91767      
# span 22 = 3.6167e-02, 1.8224e+00      
# span 23 =     0.5958,     1.3815      
# span 24 =     0.2538,     1.8311      
# span 25 =    63.2716,    93.8517      
# span 26 = 0.0000e+00, 0.0000e+00      
# interval = meters: 1                  
# start_time = May 12 2019 05:56:05 [Instrument's time stamp, header]
# bad_flag = -9.990e-29
*END*
        193 132.247835    0.01333     0.7997     47.982      1.018  48873.030    30.4807     6.1929      1.000     6.1938    23.9607     6.5242     9.3237     92.061    284.553    291.371    0.00115    7.08685   10.12782  309.09277   15.91767 1.8224e+00     0.7492     1.8311    63.2716 0.0000e+00
        444 132.248562    0.03077     1.8464    110.781      2.019  48882.091    30.4879     6.2007      2.000     6.2028    23.9655     6.8936     9.8517     97.296    300.663    307.869    0.00178    7.08521   10.12548  309.01980   15.91416 1.2837e+00     1.3706     1.7873    63.9659 0.0000e+00
        449 132.248576    0.03111     1.8667    112.005      3.033  48897.701    30.4995     6.2076      3.000     6.2132    23.9738     6.8801     9.8324     97.129    300.074    307.268    0.00070    7.08351   10.12305  308.94322   15.91047 7.5953e-01     1.3815     1.7864    63.9790 0.0000e+00
        453 132.248587    0.03137     1.8819    112.913      4.042  48957.870    30.5428     6.2203      4.000     6.2318    24.0065     6.8811     9.8338     97.199    300.106    307.310    0.00040    7.07937   10.11713  308.75255   15.90120 4.9049e-01     1.3541     1.7890    63.9380 0.0000e+00
        456 132.248597    0.03159     1.8954    113.722      5.046  49042.313    30.6046     6.2421      5.000     6.2549    24.0526     6.8840     9.8379     97.330    300.219    307.440    0.00141    7.07287   10.10784  308.45528   15.88679 3.2822e-01     1.3297     1.7334    64.8342 0.0000e+00
        459 132.248605    0.03182     1.9089    114.536      6.053  49078.387    30.6329     6.2633      6.000     6.2740    24.0723     6.8835     9.8372     97.389    300.189    307.415    0.00108    7.06803   10.10093  308.23826   15.87633 2.5332e-01     1.2908     1.6715    65.8448 0.0000e+00
        463 132.248617    0.03208     1.9248    115.491      7.062  49082.784    30.6384     6.2790      7.000     6.2806    24.0747     6.8885     9.8443     97.500    300.408    307.640    0.00161    7.06516   10.09682  308.11217   15.87030 1.7813e-01     1.3286     1.6115    66.8414 0.0000e+00
        468 132.248630    0.03241     1.9444    116.662      8.079  49088.438    30.6421     6.2805      8.000     6.2791    24.0775     6.8896     9.8460     97.521    300.457    307.691    0.00120    7.06474   10.09623  308.09341   15.86940 1.3397e-01     1.2945     1.5624    67.6655 0.0000e+00
        472 132.248643    0.03270     1.9620    117.722      9.091  49112.859    30.6584     6.2805      9.000     6.2808    24.0905     6.8880     9.8437     97.509    300.383    307.619    0.00070    7.06398   10.09515  308.05643   15.86756 1.0093e-01     1.2290     1.5584    67.7327 0.0000e+00
        475 132.248653    0.03294     1.9762    118.571     10.097  49123.368    30.6655     6.2819     10.000     6.2827    24.0959     6.8902     9.8469     97.549    300.479    307.720    0.00071    7.06342   10.09434  308.03027   15.86629 8.1904e-02     1.1610     1.5597    67.7125 0.0000e+00
        478 132.248661    0.03316     1.9893    119.355     11.105  49183.625    30.7074     6.2862     11.000     6.2937    24.1284     6.8873     9.8427     97.544    300.340    307.588    0.00052    7.06075   10.09051  307.90356   15.86008 6.8587e-02     1.2229     1.5518    67.8448 0.0000e+00
        481 132.248670    0.03336     2.0019    120.115     12.116  49303.473    30.7922     6.2999     12.000     6.3071    24.1936     6.8807     9.8331     97.534    300.031    307.290    0.00020    7.05453   10.08163  307.61308   15.84589 6.1049e-02     1.2597     1.4954    68.8082 0.0000e+00
        484 132.248679    0.03357     2.0145    120.869     13.119  49444.755    30.8912     6.3105     13.000     6.3138    24.2704     6.8796     9.8316     97.608    299.960    307.241    0.00056    7.04815   10.07252  307.31198   15.83113 5.4520e-02     1.2398     1.4065    70.3556 0.0000e+00
        488 132.248689    0.03382     2.0293    121.759     14.127  49678.094    31.0531     6.3161     14.000     6.3177    24.3974     6.8736     9.8230     97.640    299.662    306.973    0.00056    7.03969   10.06042  306.90491   15.81107 4.9841e-02     1.1693     1.2853    72.5280 0.0000e+00
        493 132.248703    0.03414     2.0480    122.880     15.144  49958.137    31.2484     6.3270     15.000     6.3394    24.5500     6.8607     9.8046     97.608    299.056    306.398    0.00024    7.02881   10.04487  306.38491   15.78548 4.5483e-02     1.1126     1.1606    74.8155 0.0000e+00
        497 132.248714    0.03443     2.0655    123.932     16.161  50286.461    31.4816     6.3610     16.000     6.3865    24.7297     6.8375     9.7715     97.506    297.994    305.363   -0.00050    7.01241   10.02142  305.61611   15.74789 4.2582e-02     1.0639     1.0016    77.8511 0.0000e+00
        500 132.248723    0.03463     2.0781    124.684     17.169  50496.939    31.6355     6.4064     17.000     6.4364    24.8455     6.8229     9.7505     97.499    297.321    304.709   -0.00052    6.99786   10.00064  304.94769   15.71540 4.1006e-02     1.0255     0.8401    81.0699 0.0000e+00
        502 132.248731    0.03481     2.0888    125.330     18.169  50542.923    31.6744     6.4464     18.000     6.4626    24.8712     6.8113     9.7341     97.451    296.812    304.195   -0.00065    6.98952    9.98872  304.57654   15.69754 3.8248e-02     1.0348     0.7272    83.3794 0.0000e+00
        505 132.248738    0.03499     2.0995    125.972     19.173  50534.240    31.6717     6.4671     19.000     6.4719    24.8665     6.7977     9.7146     97.301    296.219    303.585   -0.00136    6.98628    9.98409  304.43674   15.69089 3.6268e-02     1.0664     0.6811    84.3452 0.0000e+00
        508 132.248747    0.03520     2.1120    126.721     20.179  50528.005    31.6684     6.4751     20.000     6.4751    24.8629     6.7766     9.6844     97.014    295.299    302.641   -0.00294    6.98513    9.98245  304.38807   15.68859 3.6167e-02     1.0346     0.6664    84.6535 0.0000e+00
        512 132.248759    0.03549     2.1294    127.763     21.199  50535.651    31.6739     6.4783     21.000     6.4782    24.8668     6.7515     9.6486     96.667    294.208    301.524   -0.00432    6.98436    9.98134  304.35306   15.68689 3.6170e-02     1.0322     0.6521    84.9571 0.0000e+00
        516 132.248771    0.03578     2.1473    128.840     22.218  50545.397    31.6809     6.4820     22.000     6.4817    24.8719     6.7212     9.6052     96.244    292.884    300.168   -0.00577    6.98344    9.98003  304.31158   15.68489 3.6170e-02     1.0570     0.6457    85.0936 0.0000e+00
        519 132.248780    0.03600     2.1604    129.624     23.222  50556.626    31.6886     6.4846     23.000     6.4857    24.8777     6.7246     9.6101     96.303    293.029    300.319   -0.00459    6.98265    9.97890  304.27549   15.68314 3.6170e-02     1.0726     0.6416    85.1800 0.0000e+00
        522 132.248789    0.03620     2.1722    130.334     24.226  50640.916    31.7479     6.4909     24.000     6.5012    24.9236     6.7273     9.6140     96.395    293.135    300.441   -0.00305    6.97889    9.97354  304.09807   15.67444 3.6170e-02     1.0729     0.6393    85.2304 0.0000e+00
        525 132.248797    0.03641     2.1845    131.071     25.236  50709.398    31.7983     6.5094     25.000     6.5178    24.9611     6.7290     9.6164     96.492    293.199    300.517   -0.00206    6.97357    9.96593  303.85507   15.66264 3.6170e-02     1.0649     0.5937    86.2052 0.0000e+00
        528 132.248806    0.03663     2.1975    131.850     26.245  50794.483    31.8601     6.5259     26.000     6.5338    25.0076     6.7278     9.6147     96.552    293.134    300.464   -0.00121    6.96805    9.95803  303.60075   15.65027 3.6170e-02     1.0753     0.5436    87.2943 0.0000e+00
        532 132.248816    0.03686     2.2114    132.685     27.256  50818.075    31.8788     6.5412     27.000     6.5422    25.0205     6.7228     9.6074     96.526    292.910    300.238   -0.00108    6.96470    9.95326  303.45121   15.64306 3.6170e-02     1.1198     0.4971    88.3139 0.0000e+00
        535 132.248825    0.03709     2.2253    133.520     28.271  50863.912    31.9112     6.5466     28.000     6.5492    25.0454     6.7059     9.5834     96.317    292.168    299.485   -0.00202    6.96234    9.94988  303.34101   15.63768 3.6170e-02     1.1556     0.4744    88.8174 0.0000e+00
        538 132.248834    0.03729     2.2376    134.258     29.278  50929.377    31.9577     6.5544     29.000     6.5556    25.0810     6.6812     9.5482     96.010    291.084    298.384   -0.00361    6.95894    9.94503  303.18226   15.62992 3.6170e-02     1.1713     0.4238    89.9469 0.0000e+00
        541 132.248842    0.03749     2.2493    134.957     30.281  50943.715    31.9678     6.5577     30.000     6.5517    25.0886     6.6666     9.5271     95.812    290.441    297.727   -0.00438    6.95795    9.94360  303.13666   15.62771 3.6170e-02     1.1900     0.3780    90.9836 0.0000e+00
        544 132.248851    0.03770     2.2618    135.708     31.291  50949.147    31.9699     6.5518     31.000     6.5432    25.0910     6.6598     9.5174     95.702    290.145    297.424   -0.00430    6.95880    9.94482  303.17318   15.62944 3.6170e-02     1.1980     0.3519    91.5785 0.0000e+00
        547 132.248860    0.03793     2.2754    136.526     32.304  50950.837    31.9686     6.5408     32.000     6.5266    25.0914     6.6507     9.5045     95.547    289.750    297.021   -0.00428    6.96065    9.94747  303.25379   15.63329 3.6170e-02     1.1998     0.3420    91.8054 0.0000e+00
        550 132.248870    0.03815     2.2892    137.351     33.320  50966.372    31.9754     6.5223     33.000     6.5119    25.0991     6.6332     9.4794     95.258    288.983    296.236   -0.00523    6.96332    9.95129  303.36781   15.63869 3.6170e-02     1.1755     0.3319    92.0387 0.0000e+00
        553 132.248878    0.03835     2.3012    138.072     34.325  50975.508    31.9795     6.5124     34.000     6.5046    25.1036     6.6239     9.4662     95.106    288.579    295.822   -0.00539    6.96474    9.95331  303.42834   15.64157 3.6170e-02     1.1645     0.3212    92.2828 0.0000e+00
        556 132.248886    0.03855     2.3130    138.782     35.331  50980.107    31.9810     6.5058     35.000     6.4981    25.1056     6.6232     9.4652     95.082    288.547    295.791   -0.00467    6.96575    9.95476  303.47165   15.64363 3.6170e-02     1.1491     0.3201    92.3091 0.0000e+00
        559 132.248895    0.03876     2.3255    139.531     36.341  50979.234    31.9784     6.4981     36.000     6.4867    25.1046     6.6220     9.4634     95.046    288.494    295.737   -0.00395    6.96711    9.95669  303.53090   15.64646 3.6170e-02     1.1384     0.3142    92.4459 0.0000e+00
        562 132.248904    0.03898     2.3386    140.317     37.355  50992.846    31.9850     6.4856     37.000     6.4793    25.1114     6.6184     9.4583     94.971    288.335    295.575   -0.00368    6.96882    9.95915  303.60392   15.64991 3.6170e-02     1.1217     0.3093    92.5576 0.0000e+00
        565 132.248913    0.03919     2.3510    141.062     38.364  50998.272    31.9877     6.4823     38.000     6.4787    25.1139     6.6139     9.4518     94.900    288.136    295.373   -0.00350    6.96925    9.95976  303.62170   15.65075 3.6170e-02     1.0974     0.3076    92.5983 0.0000e+00
        568 132.248921    0.03938     2.3627    141.762     39.372  50998.771    31.9875     6.4815     39.000     6.4760    25.1138     6.6122     9.4495     94.874    288.065    295.299   -0.00311    6.96940    9.95996  303.62792   15.65105 3.6170e-02     1.0712     0.3045    92.6677 0.0000e+00
        571 132.248929    0.03957     2.3743    142.456     40.381  51002.094    31.9887     6.4785     40.000     6.4740    25.1151     6.6076     9.4430     94.803    287.866    295.096   -0.00297    6.96981    9.96056  303.64575   15.65189 3.6170e-02     1.0541     0.3006    92.7614 0.0000e+00
        574 132.248937    0.03976     2.3859    143.153     41.391  51003.634    31.9890     6.4771     41.000     6.4728    25.1156     6.6056     9.4400     94.771    287.777    295.005   -0.00281    6.97003    9.96087  303.65494   15.65233 3.6170e-02     1.0511     0.2999    92.7770 0.0000e+00
        576 132.248945    0.03996     2.3974    143.844     42.400  51005.778    31.9899     6.4759     42.000     6.4718    25.1164     6.6095     9.4456     94.825    287.946    295.178   -0.00214    6.97016    9.96106  303.66070   15.65260 3.6170e-02     1.0518     0.2999    92.7757 0.0000e+00
        579 132.248953    0.04015     2.4088    144.531     43.409  51006.363    31.9897     6.4754     43.000     6.4715    25.1164     6.6131     9.4509     94.876    288.106    295.343   -0.00135    6.97028    9.96123  303.66580   15.65284 3.6170e-02     1.0403     0.2999    92.7770 0.0000e+00
        582 132.248961    0.04035     2.4206    145.238     44.417  51007.695    31.9900     6.4750     44.000     6.4712    25.1167     6.6139     9.4519     94.887    288.141    295.378   -0.00112    6.97031    9.96127  303.66696   15.65290 3.6170e-02     1.0491     0.2978    92.8242 0.0000e+00
        585 132.248970    0.04056     2.4331    145.988     45.432  51007.926    31.9897     6.4749     45.000     6.4709    25.1165     6.6137     9.4516     94.883    288.131    295.368   -0.00098    6.97036    9.96134  303.66910   15.65300 3.6170e-02     1.0358     0.2981    92.8174 0.0000e+00
        588 132.248978    0.04074     2.4449    146.692     46.444  51008.978    31.9899     6.4747     46.000     6.4706    25.1167     6.6136     9.4515     94.882    288.127    295.364   -0.00092    6.97038    9.96136  303.66987   15.65304 3.6170e-02     1.0297     0.2969    92.8461 0.0000e+00
        590 132.248985    0.04093     2.4557    147.344     47.451  51009.832    31.9900     6.4746     47.000     6.4703    25.1167     6.6128     9.4503     94.869    288.090    295.326   -0.00083    6.97040    9.96140  303.67065   15.65308 3.6170e-02     1.0290     0.2985    92.8091 0.0000e+00
        593 132.248993    0.04111     2.4664    147.982     48.455  51010.288    31.9897     6.4743     48.000     6.4698    25.1166     6.6121     9.4494     94.860    288.061    295.296   -0.00089    6.97045    9.96146  303.67303   15.65319 3.6170e-02     1.0216     0.2972    92.8373 0.0000e+00
        596 132.249001    0.04130     2.4780    148.681     49.463  51011.215    31.9899     6.4737     49.000     6.4694    25.1168     6.6128     9.4503     94.867    288.091    295.327   -0.00078    6.97054    9.96159  303.67668   15.65337 3.6170e-02     1.0409     0.2953    92.8835 0.0000e+00
        599 132.249010    0.04152     2.4912    149.471     50.479  51012.737    31.9903     6.4737     50.000     6.4696    25.1172     6.6142     9.4522     94.888    288.149    295.388   -0.00049    6.97052    9.96157  303.67607   15.65334 3.6170e-02     1.0255     0.2959    92.8699 0.0000e+00
        602 132.249019    0.04174     2.5042    150.250     51.495  51013.696    31.9906     6.4739     51.000     6.4696    25.1173     6.6100     9.4463     94.828    287.968    295.201   -0.00081    6.97048    9.96151  303.67409   15.65324 3.6170e-02     1.0221     0.2950    92.8893 0.0000e+00
        605 132.249027    0.04193     2.5156    150.932     52.502  51014.375    31.9907     6.4740     52.000     6.4694    25.1174     6.6121     9.4494     94.859    288.061    295.296   -0.00074    6.97046    9.96148  303.67316   15.65320 3.6170e-02     1.0118     0.2967    92.8485 0.0000e+00
        607 132.249034    0.04210     2.5261    151.564     53.502  51015.090    31.9906     6.4739     53.000     6.4694    25.1174     6.6127     9.4502     94.868    288.088    295.324   -0.00048    6.97047    9.96151  303.67380   15.65323 3.6170e-02     1.0084     0.3011    92.7493 0.0000e+00
