CTD-processing/allCTD/CNV/2019_05_12_t6_s07_cast164_4141.cnv
* Sea-Bird SBE19plus Data File:
* FileName = C:\Users\jwschloemer\Documents\CTD Data\2019_05-12_T6_T7_ptGrm_pogi\2019_05_12_T6_S27_Cast164.hex
* Software Version 1.59
* Temperature SN =  4141
* Conductivity SN =  4141
* System UpLoad Time = May 13 2019 14:54:28
** Date: 2019_05_12
** Station:07
** Start Time (AKST):12:44
** Depth (m):128
** Comment:
# nquan = 27
# nvalues = 116                         
# units = specified
# name 0 = scan: Scan Count
# name 1 = timeJ: Julian Days
# name 2 = timeH: Time, Elapsed [hours]
# name 3 = timeM: Time, Elapsed [minutes]
# name 4 = timeS: Time, Elapsed [seconds]
# name 5 = prdM: Pressure, Strain Gauge [db]
# name 6 = specc: Specific Conductance [uS/cm]
# name 7 = sal00: Salinity, Practical [PSU]
# name 8 = tv290C: Temperature [ITS-90, deg C]
# name 9 = depSM: Depth [salt water, m], lat = 59.00
# name 10 = potemp090C: Potential Temperature [ITS-90, deg C]
# name 11 = sigma-é00: Density [sigma-theta, kg/m^3]
# name 12 = sbeox0ML/L: Oxygen, SBE 43 [ml/l]
# name 13 = sbeox0Mg/L: Oxygen, SBE 43 [mg/l]
# name 14 = sbeox0PS: Oxygen, SBE 43 [% saturation]
# name 15 = sbox0Mm/Kg: Oxygen, SBE 43 [umol/kg]
# name 16 = sbeox0Mm/L: Oxygen, SBE 43 [umol/l]
# name 17 = sbox0dV/dT: Oxygen, SBE 43 [dov/dt]
# name 18 = oxsolML/L: Oxygen Saturation, Garcia & Gordon [ml/l]
# name 19 = oxsolMg/L: Oxygen Saturation, Garcia & Gordon [mg/l]
# name 20 = oxsolMm/Kg: Oxygen Saturation, Garcia & Gordon [umol/kg]
# name 21 = n2satMg/L: Nitrogen Saturation [mg/l]
# name 22 = par: PAR/Irradiance, Biospherical/Licor
# name 23 = wetStar: Fluorescence, WET Labs WETstar [mg/m^3]
# name 24 = CStarAt0: Beam Attenuation, WET Labs C-Star [1/m]
# name 25 = CStarTr0: Beam Transmission, WET Labs C-Star [%]
# name 26 = flag: flag
# span 0 =         13,        828       
# span 1 = 132.531181, 132.533538       
# span 2 =    0.00086,    0.05742       
# span 3 =     0.0513,     3.4451       
# span 4 =      3.080,    206.707       
# span 5 =      0.989,    117.084       
# span 6 =  50580.350,  50923.383       
# span 7 =    31.7381,    31.9021       
# span 8 =     6.4961,     6.6124       
# span 9 =      1.000,    116.000       
# span 10 =     6.4875,     6.6111      
# span 11 =    24.9010,    25.0452      
# span 12 =     5.9612,     6.7532      
# span 13 =     8.5191,     9.6511      
# span 14 =     85.605,     97.048      
# span 15 =    259.745,    294.262      
# span 16 =    266.228,    301.598      
# span 17 =   -0.00797,    0.00158      
# span 18 =    6.95798,    6.97095      
# span 19 =    9.94364,    9.96218      
# span 20 =  303.18510,  303.71588      
# span 21 =   15.63080,   15.65560      
# span 22 = 3.4080e-02, 2.3020e+02      
# span 23 =     0.4103,     1.7077      
# span 24 =    -0.4512,     6.3319      
# span 25 =    23.8116,    97.7568      
# span 26 = 0.0000e+00, 0.0000e+00      
# interval = meters: 1                  
# start_time = May 12 2019 12:44:51 [Instrument's time stamp, header]
# bad_flag = -9.990e-29
*END*
[from data line 54]
        562 132.532768    0.03894     2.3360    140.162     55.546  50819.831    31.8640     6.5267     55.000     6.5216    25.0109     6.6548     9.5104     95.508    289.951    297.203    0.00005    6.96775    9.95761  303.58667   15.64959 4.1745e-01     1.1474     0.3521    91.5720 0.0000e+00
        564 132.532776    0.03912     2.3470    140.823     56.536  50822.184    31.8651     6.5263     56.000     6.5211    25.0119     6.6518     9.5061     95.466    289.819    297.069   -0.00005    6.96775    9.95761  303.58671   15.64959 3.5498e-01     1.1099     0.3545    91.5197 0.0000e+00
        567 132.532783    0.03931     2.3580    141.482     57.532  50824.899    31.8664     6.5257     57.000     6.5203    25.0130     6.6452     9.4966     95.370    289.532    296.774   -0.00082    6.96778    9.95766  303.58752   15.64962 2.9494e-01     1.1660     0.3554    91.4993 0.0000e+00
        571 132.532796    0.03959     2.3759    142.551     58.549  50827.876    31.8678     6.5246     58.000     6.5192    25.0142     6.6494     9.5026     95.429    289.716    296.963   -0.00042    6.96790    9.95783  303.59249   15.64985 2.4519e-01     1.1678     0.3484    91.6581 0.0000e+00
        577 132.532812    0.03999     2.3994    143.964     59.584  50830.712    31.8690     6.5233     59.000     6.5178    25.0154     6.6481     9.5007     95.408    289.656    296.902   -0.00045    6.96805    9.95805  303.59885   15.65015 2.0203e-01     1.1251     0.3476    91.6763 0.0000e+00
        580 132.532820    0.04020     2.4117    144.704     60.571  50832.858    31.8699     6.5229     60.000     6.5178    25.0162     6.6472     9.4995     95.395    289.618    296.863   -0.00055    6.96808    9.95809  303.59984   15.65019 1.6049e-01     1.1434     0.3512    91.5933 0.0000e+00
        583 132.532831    0.04045     2.4271    145.624     61.573  50833.798    31.8701     6.5229     61.000     6.5176    25.0163     6.6451     9.4965     95.364    289.526    296.769   -0.00064    6.96808    9.95808  303.59944   15.65017 1.1929e-01     1.1551     0.3505    91.6103 0.0000e+00
        589 132.532848    0.04084     2.4509    147.051     62.613  50835.364    31.8707     6.5226     62.000     6.5173    25.0168     6.6490     9.5021     95.420    289.697    296.944   -0.00016    6.96809    9.95811  303.59998   15.65020 1.0230e-01     1.1232     0.3471    91.6882 0.0000e+00
        592 132.532857    0.04107     2.4643    147.858     63.611  50835.909    31.8706     6.5226     63.000     6.5170    25.0167     6.6408     9.4904     95.303    289.341    296.580   -0.00077    6.96810    9.95812  303.60053   15.65022 8.3597e-02     1.0754     0.3535    91.5403 0.0000e+00
        595 132.532865    0.04125     2.4752    148.510     64.593  50837.553    31.8712     6.5224     64.000     6.5166    25.0173     6.6328     9.4789     95.188    288.990    296.220   -0.00166    6.96812    9.95813  303.60086   15.65023 6.8988e-02     1.1100     0.3525    91.5640 0.0000e+00
        601 132.532883    0.04169     2.5015    150.091     65.628  50839.182    31.8718     6.5220     65.000     6.5165    25.0178     6.6472     9.4995     95.394    289.619    296.865   -0.00011    6.96815    9.95818  303.60200   15.65029 5.8990e-02     1.1369     0.3468    91.6940 0.0000e+00
        606 132.532897    0.04204     2.5226    151.354     66.645  50839.594    31.8716     6.5220     66.000     6.5163    25.0176     6.6453     9.4967     95.366    289.534    296.777   -0.00042    6.96815    9.95818  303.60210   15.65030 5.1542e-02     1.0952     0.3520    91.5747 0.0000e+00
        609 132.532906    0.04224     2.5343    152.058     67.642  50841.409    31.8724     6.5218     67.000     6.5161    25.0183     6.6446     9.4957     95.356    289.502    296.745   -0.00034    6.96815    9.95818  303.60174   15.65027 4.4160e-02     1.1225     0.3510    91.5989 0.0000e+00
        612 132.532914    0.04243     2.5458    152.746     68.634  50841.652    31.8720     6.5218     68.000     6.5158    25.0180     6.6465     9.4986     95.385    289.591    296.835   -0.00032    6.96815    9.95820  303.60244   15.65031 3.7580e-02     1.0930     0.3528    91.5577 0.0000e+00
        617 132.532929    0.04281     2.5684    154.102     69.662  50844.600    31.8735     6.5214     69.000     6.5154    25.0193     6.6505     9.5043     95.442    289.763    297.012    0.00008    6.96817    9.95822  303.60263   15.65031 3.6352e-02     1.1100     0.3434    91.7736 0.0000e+00
        623 132.532946    0.04320     2.5919    155.518     70.682  50845.059    31.8733     6.5213     70.000     6.5149    25.0192     6.6410     9.4906     95.304    289.347    296.587   -0.00076    6.96819    9.95823  303.60349   15.65036 3.6143e-02     1.0641     0.3468    91.6963 0.0000e+00
        626 132.532955    0.04343     2.6059    156.352     71.677  50847.398    31.8744     6.5206     71.000     6.5144    25.0201     6.6369     9.4849     95.245    289.171    296.406   -0.00111    6.96825    9.95832  303.60564   15.65045 3.6170e-02     1.1205     0.3487    91.6526 0.0000e+00
        631 132.532969    0.04374     2.6245    157.467     72.688  50850.274    31.8758     6.5202     72.000     6.5138    25.0212     6.6407     9.4902     95.300    289.335    296.575   -0.00056    6.96825    9.95833  303.60552   15.65044 3.6170e-02     1.1094     0.3461    91.7108 0.0000e+00
        636 132.532984    0.04411     2.6467    158.800     73.709  50852.691    31.8770     6.5197     73.000     6.5134    25.0222     6.6469     9.4991     95.388    289.604    296.851    0.00011    6.96828    9.95837  303.60634   15.65048 3.6170e-02     1.0551     0.3447    91.7429 0.0000e+00
        640 132.532995    0.04438     2.6630    159.783     74.709  50854.956    31.8780     6.5195     74.000     6.5132    25.0231     6.6366     9.4844     95.240    289.155    296.391   -0.00087    6.96825    9.95833  303.60508   15.65041 3.6170e-02     1.0807     0.3465    91.7012 0.0000e+00
        645 132.533009    0.04471     2.6829    160.974     75.716  50857.623    31.8794     6.5194     75.000     6.5130    25.0242     6.6395     9.4885     95.283    289.281    296.520   -0.00048    6.96821    9.95827  303.60291   15.65030 3.6170e-02     1.0781     0.3450    91.7368 0.0000e+00
        652 132.533028    0.04518     2.7105    162.632     76.740  50861.261    31.8813     6.5191     76.000     6.5123    25.0258     6.6345     9.4813     95.211    289.062    296.296   -0.00075    6.96818    9.95822  303.60100   15.65020 3.6170e-02     1.1106     0.3407    91.8345 0.0000e+00
        656 132.533041    0.04548     2.7285    163.712     77.747  50864.327    31.8829     6.5184     77.000     6.5115    25.0271     6.6357     9.4831     95.229    289.116    296.351   -0.00058    6.96822    9.95827  303.60205   15.65025 3.6170e-02     1.0502     0.3440    91.7599 0.0000e+00
        659 132.533050    0.04570     2.7422    164.531     78.748  50868.188    31.8851     6.5181     78.000     6.5114    25.0289     6.6343     9.4812     95.210    289.057    296.292   -0.00045    6.96817    9.95821  303.59972   15.65013 3.6170e-02     1.0234     0.3464    91.7034 0.0000e+00
        663 132.533062    0.04598     2.7592    165.549     79.750  50870.463    31.8861     6.5180     79.000     6.5113    25.0297     6.6313     9.4768     95.166    288.922    296.154   -0.00079    6.96812    9.95815  303.59754   15.65002 3.6170e-02     1.0785     0.3431    91.7801 0.0000e+00
        671 132.533085    0.04655     2.7929    167.574     80.782  50873.304    31.8876     6.5179     80.000     6.5111    25.0309     6.6359     9.4833     95.232    289.122    296.359   -0.00012    6.96808    9.95808  303.59499   15.64989 3.6170e-02     1.0234     0.3397    91.8594 0.0000e+00
        676 132.533099    0.04687     2.8119    168.711     81.780  50877.558    31.8901     6.5179     81.000     6.5105    25.0328     6.6300     9.4749     95.149    288.864    296.095   -0.00067    6.96798    9.95793  303.59001   15.64965 3.6170e-02     1.0377     0.3447    91.7429 0.0000e+00
        680 132.533111    0.04717     2.8304    169.821     82.785  50880.365    31.8914     6.5172     82.000     6.5102    25.0340     6.6330     9.4793     95.193    288.996    296.231   -0.00032    6.96801    9.95798  303.59105   15.64969 3.6170e-02     1.0358     0.3435    91.7708 0.0000e+00
        686 132.533127    0.04756     2.8534    171.206     83.812  50882.050    31.8921     6.5172     83.000     6.5099    25.0346     6.6337     9.4802     95.202    289.024    296.259   -0.00026    6.96799    9.95796  303.59025   15.64965 3.6170e-02     1.0151     0.3409    91.8310 0.0000e+00
        689 132.533138    0.04781     2.8687    172.123     84.802  50884.237    31.8930     6.5168     84.000     6.5094    25.0354     6.6321     9.4779     95.179    288.953    296.187   -0.00035    6.96801    9.95798  303.59083   15.64967 3.6173e-02     1.0386     0.3441    91.7581 0.0000e+00
        696 132.533157    0.04827     2.8963    173.780     85.823  50886.909    31.8943     6.5162     85.000     6.5088    25.0365     6.6295     9.4741     95.140    288.839    296.071   -0.00055    6.96805    9.95804  303.59215   15.64973 3.6014e-02     1.0245     0.3406    91.8383 0.0000e+00
        702 132.533173    0.04867     2.9200    175.199     86.835  50888.333    31.8948     6.5158     86.000     6.5081    25.0369     6.6272     9.4709     95.108    288.741    295.971   -0.00058    6.96809    9.95810  303.59399   15.64981 3.8201e-02     1.0110     0.3463    91.7057 0.0000e+00
        706 132.533186    0.04895     2.9370    176.217     87.825  50889.763    31.8951     6.5148     87.000     6.5067    25.0373     6.6254     9.4684     95.080    288.664    295.892   -0.00067    6.96824    9.95832  303.60054   15.65013 4.5389e-02     1.0184     0.3470    91.6908 0.0000e+00
        715 132.533211    0.04955     2.9733    178.400     88.875  50892.858    31.8964     6.5127     88.000     6.5046    25.0386     6.6281     9.4723     95.116    288.783    296.013   -0.00019    6.96852    9.95872  303.61225   15.65068 3.4080e-02     0.9824     0.3391    91.8723 0.0000e+00
        717 132.533219    0.04975     2.9849    179.091     89.854  50892.387    31.8952     6.5103     89.000     6.4991    25.0379     6.6238     9.4661     95.048    288.596    295.822   -0.00067    6.96896    9.95934  303.63153   15.65160 3.6167e-02     0.9921     0.3426    91.7909 0.0000e+00
        722 132.533231    0.05004     3.0024    180.144     90.865  50900.159    31.8985     6.5022     90.000     6.4927    25.0416     6.6312     9.4767     95.137    288.915    296.149   -0.00010    6.97012    9.96100  303.68087   15.65394 3.6169e-02     0.9830     0.3388    91.8784 0.0000e+00
        727 132.533246    0.05040     3.0238    181.426     91.881  50904.024    31.9001     6.4987     91.000     6.4895    25.0432     6.6234     9.4655     95.018    288.574    295.801   -0.00075    6.97063    9.96172  303.70248   15.65497 3.6170e-02     0.9485     0.3357    91.9498 0.0000e+00
        732 132.533262    0.05078     3.0467    182.800     92.885  50907.094    31.9016     6.4980     92.000     6.4905    25.0446     6.6190     9.4593     94.956    288.384    295.607   -0.00098    6.97065    9.96176  303.70337   15.65501 3.6170e-02     0.9418     0.3341    91.9864 0.0000e+00
        739 132.533281    0.05125     3.0748    184.488     93.912  50906.643    31.9009     6.4985     93.000     6.4905    25.0440     6.6236     9.4658     95.022    288.583    295.811   -0.00019    6.97062    9.96170  303.70173   15.65493 3.6170e-02     0.9255     0.3364    91.9339 0.0000e+00
        743 132.533292    0.05150     3.0900    185.402     94.908  50907.322    31.9009     6.4985     94.000     6.4902    25.0440     6.6202     9.4610     94.973    288.434    295.658   -0.00059    6.97062    9.96172  303.70199   15.65494 3.6170e-02     0.9245     0.3341    91.9883 0.0000e+00
        746 132.533302    0.05175     3.1048    186.290     95.912  50907.770    31.9006     6.4978     95.000     6.4887    25.0439     6.6240     9.4664     95.026    288.601    295.828   -0.00024    6.97074    9.96189  303.70730   15.65519 3.6170e-02     0.9325     0.3387    91.8795 0.0000e+00
        750 132.533314    0.05204     3.1229    187.373     96.932  50911.052    31.9021     6.4961     96.000     6.4882    25.0452     6.6272     9.4709     95.068    288.738    295.970    0.00000    6.97095    9.96218  303.71588   15.65560 3.6170e-02     0.9175     0.3370    91.9219 0.0000e+00
        754 132.533326    0.05232     3.1394    188.367     97.944  50911.068    31.9017     6.4965     97.000     6.4880    25.0449     6.6231     9.4651     95.011    288.562    295.789   -0.00031    6.97091    9.96213  303.71431   15.65553 3.6170e-02     0.9221     0.3365    91.9316 0.0000e+00
        758 132.533335    0.05255     3.1533    189.196     98.941  50912.190    31.9019     6.4966     98.000     6.4888    25.0452     6.6178     9.4575     94.935    288.330    295.551   -0.00083    6.97088    9.96209  303.71304   15.65546 3.6170e-02     0.9193     0.3370    91.9216 0.0000e+00
        762 132.533349    0.05287     3.1722    190.335     99.954  50911.654    31.9014     6.4978     99.000     6.4894    25.0445     6.6252     9.4680     95.043    288.651    295.880   -0.00013    6.97071    9.96183  303.70563   15.65512 3.6170e-02     0.9100     0.3356    91.9511 0.0000e+00
        768 132.533365    0.05325     3.1955    191.730    100.981  50912.813    31.9016     6.4976    100.000     6.4893    25.0448     6.6260     9.4693     95.055    288.687    295.917   -0.00002    6.97072    9.96185  303.70606   15.65513 3.6170e-02     0.9459     0.3359    91.9458 0.0000e+00
        771 132.533375    0.05350     3.2099    192.592    101.980  50912.922    31.9014     6.4981    101.000     6.4897    25.0445     6.6199     9.4605     94.969    288.422    295.645   -0.00061    6.97066    9.96177  303.70360   15.65502 3.6170e-02     0.9207     0.3389    91.8780 0.0000e+00
        775 132.533384    0.05372     3.2229    193.376    102.984  50913.211    31.9011     6.4985    102.000     6.4897    25.0443     6.6200     9.4606     94.970    288.426    295.649   -0.00060    6.97059    9.96168  303.70084   15.65488 3.6170e-02     0.9224     0.3380    91.8976 0.0000e+00
        778 132.533394    0.05397     3.2380    194.280    104.000  50913.874    31.9011     6.4982    103.000     6.4893    25.0443     6.6225     9.4642     95.005    288.533    295.760   -0.00033    6.97066    9.96176  303.70331   15.65501 3.6170e-02     0.9503     0.3351    91.9644 0.0000e+00
        782 132.533405    0.05422     3.2530    195.178    105.008  50914.103    31.9007     6.4976    104.000     6.4879    25.0441     6.6233     9.4654     95.015    288.570    295.796   -0.00025    6.97077    9.96193  303.70855   15.65525 3.6170e-02     0.9304     0.3368    91.9243 0.0000e+00
        786 132.533416    0.05449     3.2697    196.183    106.010  50916.769    31.9019     6.4965    105.000     6.4877    25.0451     6.6187     9.4588     94.947    288.368    295.591   -0.00060    6.97088    9.96209  303.71311   15.65547 3.6170e-02     0.9473     0.3355    91.9542 0.0000e+00
        791 132.533432    0.05487     3.2925    197.553    107.043  50917.514    31.9021     6.4975    106.000     6.4893    25.0452     6.6191     9.4594     94.956    288.389    295.612   -0.00049    6.97071    9.96185  303.70567   15.65511 3.6170e-02     0.9362     0.3327    92.0172 0.0000e+00
        795 132.533442    0.05511     3.3064    198.385    108.046  50916.339    31.9010     6.4989    107.000     6.4886    25.0442     6.6198     9.4603     94.968    288.416    295.639   -0.00027    6.97055    9.96162  303.69905   15.65480 3.6170e-02     0.9068     0.3386    91.8818 0.0000e+00
