CTD-processing/allCTD/CNV/2019_06-19_alongbay_skb02_cast216_4141.cnv
* Sea-Bird SBE19plus Data File:
* FileName = C:\Users\jwschloemer\Documents\CTD Data\2019_06-19_AlongBay_T9\2019_06-19_AlongBay_SKB01_Cast216.hex
* Software Version 1.59
* Temperature SN =  4141
* Conductivity SN =  4141
* System UpLoad Time = Jun 20 2019 15:29:47
** Cook Inlet LTM Along Bay
** Date: 2019_06_19
** Station:02
** Start Time (AKST):11:43
** Depth (m):118
** Comment:
# nquan = 27
# nvalues = 113                         
# units = specified
# name 0 = scan: Scan Count
# name 1 = timeJ: Julian Days
# name 2 = timeH: Time, Elapsed [hours]
# name 3 = timeM: Time, Elapsed [minutes]
# name 4 = timeS: Time, Elapsed [seconds]
# name 5 = prdM: Pressure, Strain Gauge [db]
# name 6 = specc: Specific Conductance [uS/cm]
# name 7 = sal00: Salinity, Practical [PSU]
# name 8 = tv290C: Temperature [ITS-90, deg C]
# name 9 = depSM: Depth [salt water, m], lat = 59.00
# name 10 = potemp090C: Potential Temperature [ITS-90, deg C]
# name 11 = sigma-é00: Density [sigma-theta, kg/m^3]
# name 12 = sbeox0ML/L: Oxygen, SBE 43 [ml/l]
# name 13 = sbeox0Mg/L: Oxygen, SBE 43 [mg/l]
# name 14 = sbeox0PS: Oxygen, SBE 43 [% saturation]
# name 15 = sbox0Mm/Kg: Oxygen, SBE 43 [umol/kg]
# name 16 = sbeox0Mm/L: Oxygen, SBE 43 [umol/l]
# name 17 = sbox0dV/dT: Oxygen, SBE 43 [dov/dt]
# name 18 = oxsolML/L: Oxygen Saturation, Garcia & Gordon [ml/l]
# name 19 = oxsolMg/L: Oxygen Saturation, Garcia & Gordon [mg/l]
# name 20 = oxsolMm/Kg: Oxygen Saturation, Garcia & Gordon [umol/kg]
# name 21 = n2satMg/L: Nitrogen Saturation [mg/l]
# name 22 = par: PAR/Irradiance, Biospherical/Licor
# name 23 = wetStar: Fluorescence, WET Labs WETstar [mg/m^3]
# name 24 = CStarAt0: Beam Attenuation, WET Labs C-Star [1/m]
# name 25 = CStarTr0: Beam Transmission, WET Labs C-Star [%]
# name 26 = flag: flag
# span 0 =        281,        890       
# span 1 = 170.489157, 170.490916       
# span 2 =    0.01947,    0.06174       
# span 3 =     1.1684,     3.7039       
# span 4 =     70.101,    222.234       
# span 5 =      1.039,    114.016       
# span 6 =  48649.649,  50536.619       
# span 7 =    31.0509,    31.7630       
# span 8 =     7.1896,    11.2467       
# span 9 =      1.000,    113.000       
# span 10 =     7.1819,    11.2403      
# span 11 =    23.6595,    24.8436      
# span 12 =     6.2718,     8.5606      
# span 13 =     8.9631,    12.2338      
# span 14 =     91.341,    135.787      
# span 15 =    273.312,    373.473      
# span 16 =    280.102,    382.310      
# span 17 =   -0.05602,    0.00717      
# span 18 =    6.30393,    6.86646      
# span 19 =    9.00895,    9.81286      
# span 20 =  275.02697,  299.22255      
# span 21 =   14.28814,   15.44189      
# span 22 = 3.8567e-02, 1.0236e+03      
# span 23 =     0.3861,     8.2568      
# span 24 =     0.4275,     1.2922      
# span 25 =    72.3846,    89.8650      
# span 26 = 0.0000e+00, 0.0000e+00      
# interval = meters: 1                  
# start_time = Jun 19 2019 11:43:13 [Instrument's time stamp, header]
# bad_flag = -9.990e-29
*END*
[from data line 54]
        574 170.490002    0.03977     2.3864    143.185     55.522  50452.448    31.7552     7.3469     55.000     7.3407    24.8180     6.3640     9.0948     93.015    277.333    284.216   -0.00263    6.84191    9.77777  298.15995   15.39120 5.2591e-02     0.5184     0.7046    83.8487 0.0000e+00
        580 170.490019    0.04018     2.4105    144.630     56.540  50452.269    31.7539     7.3428     56.000     7.3351    24.8176     6.3621     9.0921     92.978    277.251    284.132   -0.00194    6.84262    9.77879  298.19090   15.39269 4.8466e-02     0.5204     0.7077    83.7853 0.0000e+00
        585 170.490034    0.04054     2.4320    145.922     57.544  50456.471    31.7555     7.3373     57.000     7.3308    24.8195     6.3590     9.0876     92.921    277.114    283.991   -0.00171    6.84341    9.77991  298.22470   15.39429 4.7821e-02     0.5000     0.7202    83.5224 0.0000e+00
        590 170.490050    0.04092     2.4555    147.330     58.554  50447.527    31.7473     7.3290     58.000     7.3162    24.8143     6.3598     9.0888     92.910    277.150    284.027   -0.00127    6.84508    9.78230  298.29900   15.39786 4.6271e-02     0.5757     0.7278    83.3657 0.0000e+00
        596 170.490066    0.04131     2.4787    148.720     59.570  50465.523    31.7567     7.3136     59.000     7.3087    24.8237     6.3498     9.0745     92.737    276.713    283.582   -0.00188    6.84707    9.78515  298.38335   15.40185 4.4887e-02     0.5077     0.7564    82.7708 0.0000e+00
        601 170.490082    0.04169     2.5014    150.082     60.573  50473.117    31.7630     7.3220     60.000     7.3220    24.8276     6.3415     9.0627     92.638    276.351    283.212   -0.00193    6.84547    9.78286  298.31235   15.39844 4.3754e-02     0.5035     0.7459    82.9888 0.0000e+00
        607 170.490098    0.04208     2.5253    151.518     61.585  50462.054    31.7564     7.3311     61.000     7.3262    24.8212     6.3469     9.0703     92.732    276.586    283.451   -0.00078    6.84433    9.78122  298.26419   15.39617 4.1879e-02     0.4858     0.7265    83.3920 0.0000e+00
        613 170.490115    0.04249     2.5493    152.956     62.596  50458.917    31.7539     7.3322     62.000     7.3248    24.8191     6.3493     9.0738     92.768    276.692    283.559   -0.00034    6.84427    9.78115  298.26260   15.39610 4.2498e-02     0.4939     0.7265    83.3911 0.0000e+00
        618 170.490131    0.04287     2.5718    154.310     63.601  50456.407    31.7501     7.3228     63.000     7.3120    24.8174     6.3546     9.0814     92.824    276.925    283.798    0.00002    6.84592    9.78351  298.33499   15.39957 4.1982e-02     0.5896     0.7406    83.0982 0.0000e+00
        624 170.490148    0.04328     2.5971    155.823     64.622  50463.944    31.7522     7.3070     64.000     7.2966    24.8211     6.3514     9.0768     92.743    276.782    283.653   -0.00052    6.84831    9.78691  298.43782   15.40446 4.1433e-02     0.5188     0.7603    82.6902 0.0000e+00
        629 170.490163    0.04363     2.6176    157.055     65.620  50471.260    31.7554     7.2989     65.000     7.2912    24.8248     6.3434     9.0654     92.613    276.435    283.297   -0.00116    6.84943    9.78852  298.48567   15.40674 4.1024e-02     0.4846     0.7957    81.9621 0.0000e+00
        635 170.490179    0.04403     2.6418    158.507     66.636  50470.626    31.7535     7.2931     66.000     7.2834    24.8241     6.3342     9.0522     92.464    276.032    282.883   -0.00171    6.85043    9.78994  298.52931   15.40883 3.9889e-02     0.4414     0.7943    81.9887 0.0000e+00
        640 170.490195    0.04440     2.6641    159.846     67.644  50473.803    31.7532     7.2809     67.000     7.2706    24.8255     6.3303     9.0468     92.382    275.865    282.714   -0.00166    6.85237    9.79272  298.61342   15.41284 4.0459e-02     0.4646     0.8279    81.3042 0.0000e+00
        646 170.490210    0.04476     2.6859    161.155     68.649  50482.824    31.7579     7.2746     68.000     7.2680    24.8300     6.3253     9.0395     92.298    275.645    282.489   -0.00172    6.85314    9.79382  298.64580   15.41437 4.0219e-02     0.4455     0.8531    80.7932 0.0000e+00
        652 170.490228    0.04520     2.7118    162.705     69.665  50481.390    31.7559     7.2714     69.000     7.2630    24.8289     6.3163     9.0267     92.158    275.253    282.087   -0.00188    6.85373    9.79467  298.67208   15.41563 3.9901e-02     0.4243     0.8544    80.7675 0.0000e+00
        657 170.490243    0.04556     2.7339    164.031     70.677  50484.428    31.7566     7.2660     70.000     7.2575    24.8302     6.3108     9.0189     92.067    275.013    281.841   -0.00189    6.85457    9.79585  298.70781   15.41733 3.9706e-02     0.4581     0.8674    80.5052 0.0000e+00
        662 170.490257    0.04589     2.7537    165.220     71.677  50487.360    31.7574     7.2616     71.000     7.2541    24.8315     6.3087     9.0158     92.029    274.922    281.748   -0.00167    6.85521    9.79678  298.73557   15.41866 3.9203e-02     0.4278     0.8841    80.1701 0.0000e+00
        669 170.490277    0.04636     2.7815    166.891     72.702  50491.081    31.7591     7.2589     72.000     7.2526    24.8332     6.3119     9.0203     92.070    275.059    281.890   -0.00079    6.85555    9.79727  298.75021   15.41935 3.9536e-02     0.4027     0.8809    80.2351 0.0000e+00
        673 170.490290    0.04670     2.8018    168.109     73.700  50489.891    31.7579     7.2594     73.000     7.2520    24.8321     6.3127     9.0214     92.081    275.092    281.923   -0.00056    6.85553    9.79724  298.74936   15.41931 3.9498e-02     0.4320     0.8880    80.0915 0.0000e+00
        679 170.490307    0.04708     2.8247    169.484     74.710  50491.462    31.7582     7.2572     74.000     7.2499    24.8326     6.3124     9.0211     92.073    275.081    281.912   -0.00047    6.85588    9.79774  298.76464   15.42004 3.9529e-02     0.3921     0.8917    80.0190 0.0000e+00
        685 170.490324    0.04749     2.8496    170.979     75.728  50493.269    31.7587     7.2557     75.000     7.2487    24.8333     6.3120     9.0205     92.065    275.066    281.897   -0.00044    6.85608    9.79802  298.77300   15.42044 3.9590e-02     0.4912     0.8986    79.8801 0.0000e+00
        690 170.490338    0.04783     2.8697    172.181     76.723  50494.365    31.7590     7.2558     76.000     7.2490    24.8335     6.3138     9.0231     92.091    275.141    281.974   -0.00023    6.85605    9.79798  298.77182   15.42038 3.9048e-02     0.4520     0.9050    79.7522 0.0000e+00
        696 170.490356    0.04826     2.8957    173.742     77.746  50493.794    31.7581     7.2554     77.000     7.2478    24.8329     6.3091     9.0163     92.021    274.937    281.765   -0.00055    6.85616    9.79814  298.77658   15.42061 3.9812e-02     0.4338     0.8977    79.8970 0.0000e+00
        702 170.490372    0.04865     2.9190    175.141     78.750  50493.688    31.7572     7.2531     78.000     7.2451    24.8324     6.3015     9.0054     91.905    274.604    281.423   -0.00115    6.85656    9.79871  298.79420   15.42145 3.9677e-02     0.4548     0.9040    79.7721 0.0000e+00
        708 170.490389    0.04907     2.9438    176.628     79.762  50497.079    31.7586     7.2509     79.000     7.2436    24.8340     6.3099     9.0175     92.024    274.972    281.800   -0.00008    6.85684    9.79911  298.80588   15.42201 3.9697e-02     0.4262     0.9132    79.5882 0.0000e+00
        713 170.490404    0.04943     2.9657    177.945     80.769  50496.940    31.7579     7.2499     80.000     7.2421    24.8335     6.3051     9.0107     91.951    274.765    281.588   -0.00059    6.85702    9.79936  298.81381   15.42239 3.9551e-02     0.4227     0.9306    79.2435 0.0000e+00
        718 170.490420    0.04981     2.9886    179.314     81.781  50499.005    31.7587     7.2493     81.000     7.2421    24.8343     6.3001     9.0035     91.878    274.546    281.364   -0.00088    6.85708    9.79946  298.81658   15.42252 3.8988e-02     0.4020     0.9229    79.3962 0.0000e+00
        724 170.490437    0.05022     3.0130    180.779     82.791  50500.028    31.7592     7.2501     82.000     7.2432    24.8345     6.2994     9.0024     91.868    274.511    281.328   -0.00068    6.85695    9.79928  298.81079   15.42224 3.9649e-02     0.4914     0.9261    79.3317 0.0000e+00
        730 170.490454    0.05062     3.0369    182.212     83.798  50500.819    31.7596     7.2523     83.000     7.2453    24.8346     6.3029     9.0076     91.925    274.669    281.490   -0.00020    6.85657    9.79873  298.79419   15.42145 3.9623e-02     0.4180     0.9181    79.4913 0.0000e+00
        736 170.490471    0.05103     3.0618    183.709     84.812  50498.604    31.7576     7.2520     84.000     7.2437    24.8330     6.3046     9.0099     91.947    274.740    281.562   -0.00005    6.85672    9.79893  298.80070   15.42177 3.9520e-02     0.4309     0.9212    79.4283 0.0000e+00
        741 170.490487    0.05140     3.0841    185.044     85.820  50501.225    31.7588     7.2512     85.000     7.2434    24.8341     6.2994     9.0025     91.871    274.515    281.332   -0.00054    6.85679    9.79903  298.80351   15.42189 3.8899e-02     0.4323     0.9291    79.2737 0.0000e+00
        746 170.490502    0.05176     3.1056    186.335     86.827  50501.690    31.7585     7.2505     86.000     7.2426    24.8340     6.3014     9.0054     91.899    274.602    281.421   -0.00028    6.85691    9.79921  298.80914   15.42216 3.9379e-02     0.4255     0.9335    79.1861 0.0000e+00
        752 170.490519    0.05217     3.1304    187.821     87.842  50502.703    31.7588     7.2508     87.000     7.2430    24.8342     6.2984     9.0010     91.855    274.470    281.286   -0.00049    6.85686    9.79913  298.80646   15.42203 3.9309e-02     0.4208     0.9219    79.4160 0.0000e+00
        758 170.490534    0.05255     3.1529    189.175     88.847  50503.487    31.7590     7.2510     88.000     7.2431    24.8343     6.3024     9.0068     91.915    274.646    281.466   -0.00008    6.85681    9.79907  298.80472   15.42195 3.9374e-02     0.4026     0.9249    79.3576 0.0000e+00
        763 170.490550    0.05293     3.1756    190.533     89.862  50503.761    31.7587     7.2513     89.000     7.2432    24.8341     6.3043     9.0094     91.942    274.725    281.548    0.00010    6.85677    9.79901  298.80288   15.42186 3.9320e-02     0.3966     0.9255    79.3448 0.0000e+00
        769 170.490566    0.05331     3.1989    191.933     90.870  50504.313    31.7586     7.2512     90.000     7.2433    24.8340     6.2996     9.0027     91.874    274.522    281.340   -0.00043    6.85679    9.79904  298.80390   15.42192 3.8738e-02     0.4590     0.9243    79.3686 0.0000e+00
        774 170.490582    0.05369     3.2216    193.294     91.879  50505.601    31.7593     7.2528     91.000     7.2451    24.8344     6.3047     9.0101     91.952    274.746    281.569    0.00012    6.85652    9.79866  298.79203   15.42134 3.9274e-02     0.4340     0.9229    79.3964 0.0000e+00
        780 170.490598    0.05407     3.2440    194.640     92.888  50505.325    31.7588     7.2534     92.000     7.2456    24.8339     6.3061     9.0121     91.973    274.806    281.630    0.00011    6.85644    9.79854  298.78868   15.42119 3.9216e-02     0.3979     0.9237    79.3796 0.0000e+00
        785 170.490614    0.05445     3.2670    196.018     93.900  50506.430    31.7597     7.2566     93.000     7.2488    24.8342     6.3023     9.0066     91.925    274.639    281.459   -0.00024    6.85591    9.79778  298.76526   15.42007 3.9260e-02     0.3996     0.9229    79.3954 0.0000e+00
        791 170.490630    0.05483     3.2896    197.376     94.910  50503.627    31.7572     7.2562     94.000     7.2468    24.8322     6.3010     9.0048     91.904    274.584    281.403   -0.00034    6.85607    9.79801  298.77287   15.42044 3.9305e-02     0.4583     0.9263    79.3291 0.0000e+00
        796 170.490645    0.05521     3.3126    198.756     95.915  50507.876    31.7595     7.2551     95.000     7.2474    24.8342     6.2994     9.0025     91.880    274.515    281.333   -0.00049    6.85615    9.79812  298.77569   15.42057 3.8567e-02     0.4773     0.9266    79.3231 0.0000e+00
        802 170.490662    0.05560     3.3357    200.144     96.933  50505.971    31.7578     7.2558     96.000     7.2469    24.8328     6.3051     9.0107     91.963    274.763    281.586    0.00009    6.85610    9.79806  298.77413   15.42050 3.9436e-02     0.4549     0.9250    79.3533 0.0000e+00
        807 170.490676    0.05594     3.3565    201.389     97.934  50498.674    31.7518     7.2528     97.000     7.2381    24.8284     6.3057     9.0115     91.962    274.791    281.613    0.00006    6.85684    9.79912  298.80774   15.42213 3.9439e-02     0.4423     0.9317    79.2221 0.0000e+00
        812 170.490692    0.05633     3.3797    202.781     98.953  50511.816    31.7579     7.2382     98.000     7.2287    24.8353     6.2954     8.9967     91.785    274.338    281.152   -0.00107    6.85886    9.80200  298.89372   15.42620 3.9341e-02     0.4140     0.9698    78.4700 0.0000e+00
        817 170.490706    0.05667     3.4002    204.012     99.957  50509.732    31.7560     7.2384     99.000     7.2264    24.8338     6.2904     8.9896     91.711    274.121    280.928   -0.00128    6.85893    9.80209  298.89688   15.42636 3.9246e-02     0.3861     0.9943    77.9917 0.0000e+00
        822 170.490721    0.05703     3.4218    205.305    100.966  50515.079    31.7575     7.2282    100.000     7.2180    24.8363     6.2935     8.9940     91.736    274.256    281.067   -0.00083    6.86046    9.80428  298.96299   15.42951 3.8735e-02     0.3993     1.0211    77.4699 0.0000e+00
        828 170.490737    0.05741     3.4446    206.674    101.985  50519.572    31.7601     7.2281    101.000     7.2198    24.8384     6.2926     8.9929     91.725    274.219    281.030   -0.00067    6.86036    9.80413  298.95796   15.42926 3.9356e-02     0.4237     1.0271    77.3534 0.0000e+00
        832 170.490751    0.05774     3.4644    207.863    102.983  50519.828    31.7597     7.2276    102.000     7.2191    24.8382     6.2896     8.9884     91.679    274.085    280.893   -0.00082    6.86047    9.80429  298.96265   15.42949 3.9356e-02     0.4303     1.0251    77.3926 0.0000e+00
        838 170.490768    0.05815     3.4889    209.336    104.004  50522.459    31.7623     7.2344    103.000     7.2282    24.8394     6.2950     8.9962     91.773    274.321    281.135    0.00006    6.85928    9.80260  298.91064   15.42699 3.9412e-02     0.4831     1.0022    77.8369 0.0000e+00
        843 170.490781    0.05847     3.5083    210.499    105.006  50507.304    31.7524     7.2406    104.000     7.2244    24.8307     6.2909     8.9902     91.720    274.141    280.948   -0.00046    6.85874    9.80183  298.88996   15.42605 3.9432e-02     0.4455     0.9721    78.4263 0.0000e+00
        848 170.490796    0.05882     3.5293    211.759    106.018  50510.631    31.7493     7.2123    105.000     7.1941    24.8321     6.2951     8.9962     91.720    274.324    281.136   -0.00029    6.86334    9.80840  299.08986   15.43560 3.9404e-02     0.4478     1.0038    77.8099 0.0000e+00
        854 170.490812    0.05921     3.5524    213.147    107.029  50529.004    31.7594     7.1992    106.000     7.1889    24.8418     6.2823     8.9780     91.512    273.765    280.565   -0.00148    6.86497    9.81072  299.15773   15.43879 3.8875e-02     0.4552     1.0980    75.9941 0.0000e+00
        859 170.490827    0.05956     3.5740    214.442    108.035  50529.856    31.7592     7.1974    107.000     7.1869    24.8419     6.2764     8.9696     91.424    273.512    280.306   -0.00154    6.86525    9.81112  299.17000   15.43938 3.9513e-02     0.4222     1.1284    75.4190 0.0000e+00
