CTD-processing/allCTD/CNV/2019_09-16_t9_07_cast007_4141.cnv
* Sea-Bird SBE19plus Data File:
* FileName = C:\Users\Chris\Desktop\EVOSTC GWA LTM\CTD Data\2019_09-16_T9\2019_06-16_T9_0_Cast007.hex
* Software Version 1.59
* Temperature SN =  4141
* Conductivity SN =  4141
* System UpLoad Time = Sep 23 2019 17:50:57
** Cook Inlet LTM T9
** Date: 2019_09-16
** Station:7
** Start Time: (AKST):10:28
** Depth (m):96
** Comment:
** Comment:
# nquan = 27
# nvalues = 90                          
# units = specified
# name 0 = scan: Scan Count
# name 1 = timeJ: Julian Days
# name 2 = timeH: Time, Elapsed [hours]
# name 3 = timeM: Time, Elapsed [minutes]
# name 4 = timeS: Time, Elapsed [seconds]
# name 5 = prdM: Pressure, Strain Gauge [db]
# name 6 = specc: Specific Conductance [uS/cm]
# name 7 = sal00: Salinity, Practical [PSU]
# name 8 = tv290C: Temperature [ITS-90, deg C]
# name 9 = depSM: Depth [salt water, m], lat = 59.00
# name 10 = potemp090C: Potential Temperature [ITS-90, deg C]
# name 11 = sigma-é00: Density [sigma-theta, kg/m^3]
# name 12 = sbeox0ML/L: Oxygen, SBE 43 [ml/l]
# name 13 = sbeox0Mg/L: Oxygen, SBE 43 [mg/l]
# name 14 = sbeox0PS: Oxygen, SBE 43 [% saturation]
# name 15 = sbox0Mm/Kg: Oxygen, SBE 43 [umol/kg]
# name 16 = sbeox0Mm/L: Oxygen, SBE 43 [umol/l]
# name 17 = sbox0dV/dT: Oxygen, SBE 43 [dov/dt]
# name 18 = oxsolML/L: Oxygen Saturation, Garcia & Gordon [ml/l]
# name 19 = oxsolMg/L: Oxygen Saturation, Garcia & Gordon [mg/l]
# name 20 = oxsolMm/Kg: Oxygen Saturation, Garcia & Gordon [umol/kg]
# name 21 = n2satMg/L: Nitrogen Saturation [mg/l]
# name 22 = par: PAR/Irradiance, Biospherical/Licor
# name 23 = wetStar: Fluorescence, WET Labs WETstar [mg/m^3]
# name 24 = CStarAt0: Beam Attenuation, WET Labs C-Star [1/m]
# name 25 = CStarTr0: Beam Transmission, WET Labs C-Star [%]
# name 26 = flag: flag
# span 0 =        146,        728       
# span 1 = 259.436381, 259.438063       
# span 2 =    0.01008,    0.05046       
# span 3 =     0.6049,     3.0274       
# span 4 =     36.293,    181.644       
# span 5 =      1.011,     90.838       
# span 6 =  44855.325,  48874.618       
# span 7 =    28.3758,    31.1139       
# span 8 =    10.7263,    11.4629       
# span 9 =      1.000,     90.000       
# span 10 =    10.7153,    11.4596      
# span 11 =    21.5779,    23.7999      
# span 12 =     5.4689,     6.0655      
# span 13 =     7.8156,     8.6682      
# span 14 =     85.946,     95.282      
# span 15 =    238.567,    265.041      
# span 16 =    244.239,    270.884      
# span 17 =   -0.02522,    0.00245      
# span 18 =    6.29293,    6.40918      
# span 19 =    8.99322,    9.15935      
# span 20 =  274.64241,  280.18676      
# span 21 =   14.27136,   14.54603      
# span 22 = 5.6647e-02, 4.0267e+01      
# span 23 =     0.4810,     1.8493      
# span 24 =     0.3797,     6.0516      
# span 25 =    39.4960,    90.9432      
# span 26 = 0.0000e+00, 0.0000e+00      
# interval = meters: 1                  
# start_time = Sep 16 2019 10:27:47 [Instrument's time stamp, header]
# bad_flag = -9.990e-29
*END*
[from data line 54]
        572 259.437614    0.03968     2.3807    142.842     55.528  48511.605    30.9182    11.1357     55.000    11.1237    23.5764     5.4769     7.8270     86.597    238.963    244.597   -0.00085    6.32454    9.03839  275.94789   14.33279 6.2049e-02     0.6119     0.4806    88.6799 0.0000e+00
        576 259.437624    0.03993     2.3960    143.759     56.533  48511.847    30.9165    11.1225     56.000    11.1061    23.5775     5.4771     7.8274     86.576    238.976    244.609   -0.00094    6.32639    9.04105  276.02876   14.33666 6.1294e-02     0.6100     0.4940    88.3835 0.0000e+00
        580 259.437637    0.04023     2.4137    144.825     57.545  48519.950    30.9194    11.1007     57.000    11.0857    23.5835     5.4777     7.8281     86.545    238.995    244.631   -0.00079    6.32924    9.04512  276.15133   14.34253 6.0589e-02     0.6225     0.5192    87.8274 0.0000e+00
        585 259.437650    0.04054     2.4324    145.943     58.559  48529.851    30.9242    11.0852     58.000    11.0702    23.5900     5.4889     7.8442     86.696    239.483    245.133   -0.00005    6.33117    9.04787  276.23340   14.34644 6.0019e-02     0.5855     0.5375    87.4263 0.0000e+00
        589 259.437663    0.04085     2.4513    147.079     59.560  48550.168    30.9364    11.0684     59.000    11.0577    23.6024     5.5082     7.8718     86.977    240.325    245.997    0.00189    6.33295    9.05042  276.30809   14.34997 5.9555e-02     0.6082     0.5533    87.0812 0.0000e+00
        595 259.437680    0.04126     2.4754    148.526     60.581  48563.416    30.9444    11.0605     60.000    11.0495    23.6101     5.5214     7.8906     87.175    240.898    246.586    0.00245    6.33370    9.05149  276.33886   14.35141 5.9074e-02     0.6070     0.5479    87.1974 0.0000e+00
        600 259.437693    0.04157     2.4941    149.646     61.589  48571.883    30.9488    11.0503     61.000    11.0396    23.6153     5.5151     7.8816     87.058    240.621    246.303    0.00077    6.33492    9.05324  276.39058   14.35387 5.8688e-02     0.6316     0.5580    86.9795 0.0000e+00
        603 259.437703    0.04183     2.5093    150.555     62.593  48579.044    30.9529    11.0452     62.000    11.0365    23.6193     5.5170     7.8844     87.082    240.705    246.390    0.00048    6.33544    9.05398  276.41198   14.35488 5.8437e-02     0.6238     0.5693    86.7338 0.0000e+00
        607 259.437714    0.04208     2.5251    151.503     63.601  48582.077    30.9543    11.0423     63.000    11.0332    23.6209     5.5196     7.8880     87.118    240.817    246.505    0.00069    6.33578    9.05446  276.42640   14.35556 5.8231e-02     0.6155     0.5638    86.8518 0.0000e+00
        611 259.437727    0.04239     2.5433    152.596     64.612  48591.621    30.9601    11.0379     64.000    11.0259    23.6263     5.5110     7.8758     86.978    240.442    246.122   -0.00057    6.33615    9.05498  276.44076   14.35623 5.8017e-02     0.5378     0.5593    86.9515 0.0000e+00
        617 259.437742    0.04275     2.5646    153.879     65.624  48611.207    30.9724    11.0273     65.000    11.0166    23.6377     5.5139     7.8800     87.010    240.565    246.252   -0.00031    6.33710    9.05635  276.47953   14.35804 5.7737e-02     0.5144     0.5348    87.4851 0.0000e+00
        621 259.437756    0.04308     2.5851    155.105     66.640  48623.377    30.9799    11.0204     66.000    11.0091    23.6447     5.5118     7.8769     86.968    240.471    246.156   -0.00046    6.33774    9.05727  276.50576   14.35926 5.7543e-02     0.5164     0.5326    87.5341 0.0000e+00
        625 259.437767    0.04334     2.6006    156.039     67.640  48634.890    30.9869    11.0142     67.000    11.0040    23.6512     5.5075     7.8708     86.893    240.283    245.966   -0.00103    6.33831    9.05807  276.52847   14.36032 5.7539e-02     0.5113     0.5409    87.3499 0.0000e+00
        629 259.437779    0.04363     2.6180    157.079     68.650  48640.595    30.9901    11.0109     68.000    11.0026    23.6544     5.5146     7.8810     87.000    240.591    246.282   -0.00018    6.33862    9.05852  276.54123   14.36092 5.7410e-02     0.5195     0.5340    87.5047 0.0000e+00
        634 259.437792    0.04396     2.6376    158.258     69.664  48651.108    30.9967    11.0070     69.000    10.9935    23.6602     5.5174     7.8848     87.040    240.708    246.404    0.00025    6.33889    9.05891  276.55148   14.36139 5.7251e-02     0.5003     0.5230    87.7435 0.0000e+00
        638 259.437805    0.04427     2.6562    159.374     70.672  48667.078    31.0065    10.9961     70.000    10.9855    23.6696     5.5139     7.8799     86.970    240.556    246.250   -0.00048    6.33999    9.06047  276.59670   14.36351 5.7156e-02     0.5007     0.5119    87.9874 0.0000e+00
        643 259.437818    0.04458     2.6748    160.490     71.684  48677.307    31.0126    10.9903     71.000    10.9764    23.6754     5.5102     7.8747     86.905    240.395    246.087   -0.00073    6.34054    9.06126  276.61921   14.36457 5.7118e-02     0.4969     0.5074    88.0874 0.0000e+00
        647 259.437831    0.04487     2.6925    161.551     72.690  48695.987    31.0234    10.9727     72.000    10.9507    23.6869     5.5031     7.8645     86.766    240.084    245.770   -0.00156    6.34249    9.06405  276.70132   14.36846 5.7028e-02     0.5540     0.4957    88.3449 0.0000e+00
        652 259.437844    0.04520     2.7119    162.715     73.704  48725.015    31.0404    10.9452     73.000    10.9265    23.7049     5.4924     7.8493     86.556    239.612    245.291   -0.00250    6.34555    9.06843  276.83016   14.37456 5.6978e-02     0.5121     0.4926    88.4119 0.0000e+00
        656 259.437857    0.04551     2.7303    163.819     74.711  48741.896    31.0491    10.9199     74.000    10.8964    23.7160     5.4935     7.8507     86.529    239.654    245.337   -0.00213    6.34866    9.07286  276.96257   14.38086 5.7021e-02     0.4810     0.5261    87.6776 0.0000e+00
        661 259.437870    0.04582     2.7496    164.978     75.722  48769.704    31.0639    10.8821     75.000    10.8572    23.7341     5.4905     7.8465     86.421    239.522    245.207   -0.00208    6.35324    9.07941  277.15749   14.39014 5.6927e-02     0.5072     0.6040    85.9878 0.0000e+00
        665 259.437883    0.04613     2.7678    166.070     76.735  48790.271    31.0746    10.8513     76.000    10.8271    23.7476     5.4831     7.8358     86.252    239.194    244.875   -0.00268    6.35703    9.08484  277.31942   14.39785 5.6892e-02     0.5618     0.6963    84.0262 0.0000e+00
        669 259.437894    0.04640     2.7840    167.041     77.738  48811.384    31.0857    10.8226     77.000    10.8018    23.7613     5.4714     7.8192     86.022    238.682    244.354   -0.00353    6.36051    9.08980  277.46720   14.40488 5.6826e-02     0.5955     0.8167    81.5375 0.0000e+00
        674 259.437907    0.04672     2.8028    168.171     78.750  48833.328    31.0982    10.7997     78.000    10.7871    23.7750     5.4689     7.8156     85.946    238.567    244.239   -0.00318    6.36314    9.09357  277.57849   14.41016 5.6853e-02     0.5878     0.8809    80.2350 0.0000e+00
        679 259.437921    0.04705     2.8233    169.401     79.762  48837.288    31.1000    10.7946     79.000    10.7838    23.7772     5.4713     7.8190     85.974    238.671    244.346   -0.00191    6.36378    9.09448  277.60576   14.41146 5.6784e-02     0.6221     0.8886    80.0799 0.0000e+00
        683 259.437935    0.04738     2.8431    170.585     80.770  48839.756    31.1011    10.7925     80.000    10.7826    23.7784     5.4746     7.8238     86.024    238.817    244.496   -0.00119    6.36402    9.09481  277.61570   14.41193 5.6759e-02     0.5895     0.9163    79.5272 0.0000e+00
        688 259.437949    0.04772     2.8630    171.782     81.785  48834.398    31.0964    10.7879     81.000    10.7746    23.7756     5.4810     7.8328     86.113    239.095    244.779   -0.00012    6.36483    9.09598  277.65207   14.41369 5.6768e-02     0.5529     0.9409    79.0402 0.0000e+00
        692 259.437961    0.04801     2.8802    172.812     82.789  48836.713    31.0966    10.7793     82.000    10.7667    23.7772     5.4868     7.8412     86.189    239.349    245.040    0.00022    6.36601    9.09766  277.70291   14.41613 5.6776e-02     0.5518     1.0116    77.6570 0.0000e+00
        696 259.437973    0.04829     2.8974    173.846     83.799  48843.186    31.1004    10.7763     83.000    10.7673    23.7807     5.4909     7.8470     86.249    239.527    245.223    0.00063    6.36628    9.09804  277.71365   14.41662 5.6749e-02     0.5382     1.0271    77.3543 0.0000e+00
        701 259.437986    0.04861     2.9168    175.011     84.806  48840.105    31.0977    10.7753     84.000    10.7618    23.7788     5.4913     7.8478     86.254    239.548    245.245    0.00028    6.36652    9.09839  277.72485   14.41717 5.6684e-02     0.5578     1.0120    77.6468 0.0000e+00
        706 259.438001    0.04898     2.9387    176.319     85.826  48848.347    31.1020    10.7659     85.000    10.7544    23.7838     5.4920     7.8486     86.249    239.575    245.274    0.00017    6.36763    9.09998  277.77190   14.41941 5.6722e-02     0.5647     1.0875    76.1977 0.0000e+00
        710 259.438013    0.04926     2.9553    177.319     86.827  48850.879    31.1033    10.7650     86.000    10.7538    23.7850     5.4921     7.8488     86.250    239.580    245.278   -0.00006    6.36771    9.10009  277.77498   14.41955 5.6766e-02     0.5591     1.1335    75.3244 0.0000e+00
        715 259.438026    0.04956     2.9737    178.423     87.839  48848.767    31.0999    10.7521     87.000    10.7326    23.7845     5.4917     7.8482     86.217    239.560    245.258   -0.00020    6.36962    9.10283  277.85856   14.42357 5.6686e-02     0.5740     1.2462    73.2478 0.0000e+00
        719 259.438039    0.04988     2.9931    179.586     88.853  48866.001    31.1099    10.7367     88.000    10.7247    23.7950     5.4841     7.8373     86.075    239.228    244.921   -0.00124    6.37133    9.10528  277.93055   14.42697 5.6647e-02     0.6156     1.3833    70.7677 0.0000e+00
        723 259.438051    0.05017     3.0099    180.596     89.859  48867.348    31.1100    10.7329     89.000    10.7189    23.7957     5.4869     7.8413     86.112    239.351    245.046   -0.00080    6.37185    9.10600  277.95247   14.42802 5.6690e-02     0.6125     1.4706    69.2370 0.0000e+00
        728 259.438063    0.05046     3.0274    181.644     90.838  48874.618    31.1139    10.7263     90.000    10.7153    23.7999     5.4923     7.8491     86.187    239.585    245.287   -0.00007    6.37260    9.10708  277.98434   14.42954 5.6710e-02     0.5846     1.5773    67.4139 0.0000e+00
