CTD-processing/allCTD/CNV/2019_05-14_alongbay_skb05_cast196_4141.cnv
* Sea-Bird SBE19plus Data File:
* FileName = C:\Users\jwschloemer\Documents\CTD Data\2019_05-14_AlongBay_T4_T9_T3\2019_15-14_AlongBay_SKB01_Cast196.hex
* Software Version 1.59
* Temperature SN =  4141
* Conductivity SN =  4141
* System UpLoad Time = May 15 2019 17:11:19
** Cook Inlet LTM Transect Along Bay
** Date: 2019_05_14
** Station:05
** Start Time (AKST):15:03
** Depth (m):174
** Comment:
# nquan = 27
# nvalues = 170                         
# units = specified
# name 0 = scan: Scan Count
# name 1 = timeJ: Julian Days
# name 2 = timeH: Time, Elapsed [hours]
# name 3 = timeM: Time, Elapsed [minutes]
# name 4 = timeS: Time, Elapsed [seconds]
# name 5 = prdM: Pressure, Strain Gauge [db]
# name 6 = specc: Specific Conductance [uS/cm]
# name 7 = sal00: Salinity, Practical [PSU]
# name 8 = tv290C: Temperature [ITS-90, deg C]
# name 9 = depSM: Depth [salt water, m], lat = 59.00
# name 10 = potemp090C: Potential Temperature [ITS-90, deg C]
# name 11 = sigma-é00: Density [sigma-theta, kg/m^3]
# name 12 = sbeox0ML/L: Oxygen, SBE 43 [ml/l]
# name 13 = sbeox0Mg/L: Oxygen, SBE 43 [mg/l]
# name 14 = sbeox0PS: Oxygen, SBE 43 [% saturation]
# name 15 = sbox0Mm/Kg: Oxygen, SBE 43 [umol/kg]
# name 16 = sbeox0Mm/L: Oxygen, SBE 43 [umol/l]
# name 17 = sbox0dV/dT: Oxygen, SBE 43 [dov/dt]
# name 18 = oxsolML/L: Oxygen Saturation, Garcia & Gordon [ml/l]
# name 19 = oxsolMg/L: Oxygen Saturation, Garcia & Gordon [mg/l]
# name 20 = oxsolMm/Kg: Oxygen Saturation, Garcia & Gordon [umol/kg]
# name 21 = n2satMg/L: Nitrogen Saturation [mg/l]
# name 22 = par: PAR/Irradiance, Biospherical/Licor
# name 23 = wetStar: Fluorescence, WET Labs WETstar [mg/m^3]
# name 24 = CStarAt0: Beam Attenuation, WET Labs C-Star [1/m]
# name 25 = CStarTr0: Beam Transmission, WET Labs C-Star [%]
# name 26 = flag: flag
# span 0 =        183,       1130       
# span 1 = 134.628073, 134.630811       
# span 2 =    0.01263,    0.07837       
# span 3 =     0.7579,     4.7026       
# span 4 =     45.475,    282.155       
# span 5 =      1.010,    171.609       
# span 6 =  47384.919,  51071.561       
# span 7 =    29.8514,    31.9425       
# span 8 =     6.3060,     8.7226       
# span 9 =      1.000,    170.000       
# span 10 =     6.2921,     8.6340      
# span 11 =    23.1306,    25.1017      
# span 12 =     6.5304,     9.3923      
# span 13 =     9.3326,    13.4225      
# span 14 =     93.292,    137.172      
# span 15 =    284.505,    409.590      
# span 16 =    291.647,    419.459      
# span 17 =   -0.13166,    0.07418      
# span 18 =    6.71441,    7.00035      
# span 19 =    9.59556,   10.00421      
# span 20 =  293.08630,  304.98276      
# span 21 =   15.15680,   15.71587      
# span 22 = 4.0821e-02, 7.0786e+02      
# span 23 =     0.3028,    18.9110      
# span 24 =     0.3325,     3.2906      
# span 25 =    50.0719,    92.0236      
# span 26 = 0.0000e+00, 0.0000e+00      
# interval = meters: 1                  
# start_time = May 14 2019 15:03:40 [Instrument's time stamp, header]
# bad_flag = -9.990e-29
*END*
[from data line 54]
        560 134.629163    0.03881     2.3283    139.698     55.524  50809.308    31.8473     6.4766     55.000     6.4687    25.0041     6.8396     9.7744     98.035    298.005    305.456   -0.00334    6.97665    9.97033  303.97648   15.66824 4.7585e-02     0.8552     0.3619    91.3508 0.0000e+00
        565 134.629177    0.03914     2.3479    140.875     56.539  50811.481    31.8468     6.4688     56.000     6.4582    25.0048     6.8316     9.7631     97.904    297.658    305.101   -0.00318    6.97794    9.97218  304.03267   15.67092 4.6677e-02     0.6542     0.3611    91.3697 0.0000e+00
        569 134.629189    0.03942     2.3654    141.922     57.543  50820.684    31.8504     6.4560     57.000     6.4473    25.0091     6.8198     9.7461     97.706    297.138    304.568   -0.00356    6.97984    9.97489  304.11383   15.67478 4.5893e-02     0.5740     0.3591    91.4154 0.0000e+00
        573 134.629202    0.03975     2.3849    143.093     58.554  50829.263    31.8547     6.4501     58.000     6.4441    25.0133     6.8046     9.7246     97.480    296.480    303.896   -0.00395    6.98060    9.97597  304.14588   15.67628 4.5158e-02     0.5246     0.3544    91.5215 0.0000e+00
        578 134.629217    0.04009     2.4051    144.305     59.567  50827.467    31.8522     6.4458     59.000     6.4381    25.0119     6.7938     9.7090     97.312    296.006    303.410   -0.00382    6.98143    9.97716  304.18221   15.67802 4.4524e-02     0.6206     0.3673    91.2266 0.0000e+00
        583 134.629229    0.04040     2.4238    145.428     60.579  50831.990    31.8538     6.4404     60.000     6.4327    25.0139     6.8041     9.7238     97.449    296.457    303.872   -0.00213    6.98222    9.97829  304.21625   15.67965 4.3984e-02     0.8009     0.3827    90.8762 0.0000e+00
        587 134.629242    0.04070     2.4418    146.510     61.579  50835.625    31.8545     6.4331     61.000     6.4246    25.0153     6.7938     9.7089     97.285    296.004    303.409   -0.00238    6.98337    9.97994  304.26617   15.68202 4.3629e-02     0.9254     0.3979    90.5313 0.0000e+00
        592 134.629257    0.04105     2.4631    147.783     62.600  50839.720    31.8557     6.4267     62.000     6.4182    25.0170     6.8005     9.7185     97.366    296.294    303.707   -0.00132    6.98436    9.98136  304.30886   15.68405 4.3145e-02     0.6272     0.4100    90.2588 0.0000e+00
        596 134.629269    0.04135     2.4808    148.845     63.601  50841.602    31.8548     6.4182     63.000     6.4085    25.0175     6.7771     9.6852     97.013    295.280    302.666   -0.00311    6.98579    9.98339  304.37081   15.68701 4.2891e-02     0.6894     0.4359    89.6748 0.0000e+00
        601 134.629282    0.04167     2.5001    150.006     64.613  50848.656    31.8575     6.4085     64.000     6.4008    25.0207     6.7668     9.6705     96.845    294.829    302.206   -0.00330    6.98724    9.98546  304.43285   15.68995 4.2495e-02     0.7457     0.4663    88.9986 0.0000e+00
        606 134.629298    0.04203     2.5218    151.308     65.626  50858.395    31.8630     6.4051     65.000     6.4006    25.0256     6.7659     9.6691     96.828    294.786    302.164   -0.00237    6.98754    9.98589  304.44445   15.69049 4.2239e-02     0.6348     0.4579    89.1834 0.0000e+00
        611 134.629311    0.04236     2.5419    152.514     66.634  50864.651    31.8674     6.4074     66.000     6.4029    25.0287     6.7573     9.6569     96.714    294.414    301.783   -0.00241    6.98696    9.98507  304.41844   15.68923 4.2083e-02     0.5942     0.4546    89.2572 0.0000e+00
        616 134.629325    0.04270     2.5616    153.697     67.644  50868.749    31.8704     6.4108     67.000     6.4060    25.0307     6.7634     9.6656     96.810    294.678    302.054   -0.00130    6.98627    9.98408  304.38783   15.68776 4.1868e-02     0.6538     0.4267    89.8813 0.0000e+00
        620 134.629338    0.04301     2.5808    154.847     68.649  50870.728    31.8715     6.4121     68.000     6.4065    25.0315     6.7770     9.6850     97.008    295.269    302.660    0.00017    6.98602    9.98372  304.37662   15.68722 4.1772e-02     0.8063     0.4157    90.1301 0.0000e+00
        625 134.629353    0.04336     2.6018    156.109     69.670  50875.987    31.8749     6.4128     69.000     6.4072    25.0339     6.7840     9.6949     97.111    295.572    302.970    0.00071    6.98575    9.98334  304.36429   15.68662 4.1535e-02     0.6618     0.4164    90.1123 0.0000e+00
        630 134.629366    0.04367     2.6200    157.200     70.668  50877.816    31.8757     6.4128     70.000     6.4063    25.0346     6.7842     9.6953     97.116    295.583    302.983    0.00040    6.98571    9.98328  304.36211   15.68651 4.1514e-02     0.7051     0.3933    90.6355 0.0000e+00
        635 134.629380    0.04401     2.6405    158.433     71.687  50882.015    31.8778     6.4115     71.000     6.4054    25.0365     6.7985     9.7158     97.319    296.208    303.624    0.00140    6.98582    9.98344  304.36653   15.68671 4.1325e-02     0.7585     0.3948    90.6018 0.0000e+00
        640 134.629394    0.04435     2.6608    159.649     72.692  50884.146    31.8788     6.4113     72.000     6.4052    25.0373     6.7965     9.7129     97.291    296.120    303.534    0.00083    6.98579    9.98340  304.36506   15.68664 4.1249e-02     0.6813     0.3799    90.9397 0.0000e+00
        644 134.629408    0.04468     2.6809    160.853     73.700  50889.165    31.8817     6.4110     73.000     6.4045    25.0397     6.7879     9.7006     97.169    295.743    303.148   -0.00015    6.98572    9.98329  304.36107   15.68644 4.1253e-02     0.7434     0.3722    91.1138 0.0000e+00
        650 134.629423    0.04505     2.7029    162.173     74.716  50890.996    31.8824     6.4100     74.000     6.4032    25.0403     6.7846     9.6958     97.119    295.597    302.999   -0.00053    6.98586    9.98348  304.36677   15.68671 4.1136e-02     0.6112     0.3697    91.1717 0.0000e+00
        654 134.629437    0.04538     2.7225    163.348     75.715  50892.062    31.8823     6.4083     75.000     6.4006    25.0404     6.7889     9.7020     97.176    295.785    303.191   -0.00016    6.98613    9.98388  304.37881   15.68728 4.1253e-02     0.4494     0.3711    91.1393 0.0000e+00
        660 134.629451    0.04573     2.7438    164.629     76.737  50895.593    31.8838     6.4058     76.000     6.3993    25.0420     6.7860     9.6980     97.131    295.660    303.064   -0.00032    6.98647    9.98436  304.39327   15.68797 4.0992e-02     0.4978     0.3625    91.3340 0.0000e+00
        664 134.629465    0.04603     2.7621    165.725     77.738  50896.183    31.8836     6.4051     77.000     6.3970    25.0419     6.7802     9.6897     97.046    295.409    302.806   -0.00085    6.98659    9.98455  304.39872   15.68823 4.1094e-02     0.5223     0.3672    91.2273 0.0000e+00
        669 134.629479    0.04638     2.7830    166.981     78.754  50901.782    31.8861     6.4006     78.000     6.3926    25.0445     6.7799     9.6892     97.033    295.394    302.792   -0.00076    6.98720    9.98541  304.42434   15.68944 4.0997e-02     0.4773     0.3886    90.7415 0.0000e+00
        674 134.629493    0.04671     2.8025    168.152     79.762  50907.403    31.8891     6.3980     79.000     6.3910    25.0471     6.7825     9.6928     97.066    295.505    302.906   -0.00035    6.98750    9.98583  304.43633   15.68999 4.0948e-02     0.4873     0.3814    90.9044 0.0000e+00
        678 134.629506    0.04704     2.8226    169.357     80.770  50909.091    31.8895     6.3968     80.000     6.3893    25.0476     6.7770     9.6849     96.984    295.264    302.659   -0.00082    6.98767    9.98607  304.44362   15.69034 4.1003e-02     0.5212     0.3814    90.9059 0.0000e+00
        683 134.629521    0.04738     2.8430    170.578     81.780  50909.660    31.8890     6.3944     81.000     6.3844    25.0475     6.7737     9.6803     96.932    295.122    302.514   -0.00092    6.98808    9.98667  304.46164   15.69120 4.0953e-02     0.5097     0.3955    90.5857 0.0000e+00
        688 134.629534    0.04772     2.8629    171.772     82.789  50917.967    31.8925     6.3851     82.000     6.3751    25.0515     6.7724     9.6784     96.894    295.063    302.455   -0.00096    6.98945    9.98862  304.52002   15.69397 4.0964e-02     0.4493     0.4066    90.3338 0.0000e+00
        693 134.629550    0.04808     2.8846    173.076     83.802  50925.368    31.8962     6.3803     83.000     6.3727    25.0550     6.7565     9.6557     96.658    294.370    301.745   -0.00194    6.99006    9.98949  304.54551   15.69517 4.0871e-02     0.3928     0.4599    89.1397 0.0000e+00
        698 134.629563    0.04840     2.9039    174.236     84.809  50926.327    31.8961     6.3787     84.000     6.3694    25.0552     6.7372     9.6281     96.379    293.527    300.881   -0.00315    6.99032    9.98987  304.55699   15.69572 4.0964e-02     0.3808     0.4768    88.7635 0.0000e+00
        703 134.629578    0.04876     2.9254    175.525     85.823  50933.874    31.8984     6.3659     85.000     6.3508    25.0586     6.7308     9.6190     96.261    293.251    300.600   -0.00291    6.99230    9.99270  304.64217   15.69977 4.0821e-02     0.5117     0.4940    88.3831 0.0000e+00
        708 134.629592    0.04909     2.9453    176.720     86.826  50952.706    31.9085     6.3528     86.000     6.3440    25.0681     6.7148     9.5961     96.008    292.548    299.881   -0.00350    6.99397    9.99508  304.71185   15.70305 4.0995e-02     0.3755     0.6221    85.6023 0.0000e+00
        713 134.629606    0.04944     2.9664    177.983     87.843  50956.544    31.9102     6.3502     87.000     6.3427    25.0698     6.6879     9.5577     95.619    291.378    298.683   -0.00465    6.99431    9.99557  304.72646   15.70374 4.0885e-02     0.3733     0.6488    85.0270 0.0000e+00
        718 134.629621    0.04978     2.9871    179.225     88.849  50957.825    31.9104     6.3493     88.000     6.3412    25.0701     6.6728     9.5362     95.402    290.721    298.010   -0.00468    6.99445    9.99576  304.73227   15.70402 4.0917e-02     0.4637     0.6529    84.9395 0.0000e+00
        723 134.629635    0.05013     3.0080    180.479     89.857  50960.142    31.9113     6.3478     89.000     6.3400    25.0710     6.6697     9.5317     95.355    290.585    297.871   -0.00352    6.99466    9.99607  304.74143   15.70445 4.0915e-02     0.3607     0.6577    84.8389 0.0000e+00
        728 134.629650    0.05049     3.0290    181.741     90.870  50961.187    31.9115     6.3474     90.000     6.3399    25.0712     6.6615     9.5200     95.237    290.228    297.504   -0.00322    6.99471    9.99614  304.74348   15.70455 4.0864e-02     0.3196     0.6574    84.8442 0.0000e+00
        733 134.629664    0.05083     3.0499    182.992     91.882  50961.827    31.9114     6.3473     91.000     6.3394    25.0712     6.6694     9.5312     95.349    290.571    297.856   -0.00167    6.99474    9.99618  304.74455   15.70460 4.0887e-02     0.3457     0.6646    84.6917 0.0000e+00
        738 134.629678    0.05116     3.0694    184.164     92.886  50963.365    31.9118     6.3465     92.000     6.3384    25.0717     6.6728     9.5361     95.396    290.719    298.008   -0.00101    6.99484    9.99633  304.74913   15.70481 4.0905e-02     0.3798     0.6750    84.4728 0.0000e+00
        743 134.629693    0.05153     3.0914    185.482     93.902  50965.169    31.9125     6.3457     93.000     6.3376    25.0722     6.6776     9.5429     95.463    290.927    298.221   -0.00034    6.99494    9.99648  304.75356   15.70503 4.0876e-02     0.3862     0.6739    84.4955 0.0000e+00
        748 134.629708    0.05186     3.1119    186.713     94.909  50966.287    31.9127     6.3454     94.000     6.3375    25.0725     6.6758     9.5403     95.436    290.849    298.141   -0.00044    6.99498    9.99653  304.75505   15.70509 4.0922e-02     0.3557     0.6774    84.4215 0.0000e+00
        753 134.629721    0.05219     3.1316    187.897     95.915  50966.572    31.9124     6.3454     95.000     6.3371    25.0723     6.6688     9.5304     95.337    290.546    297.831   -0.00095    6.99499    9.99654  304.75555   15.70512 4.0955e-02     0.3480     0.6786    84.3955 0.0000e+00
        758 134.629738    0.05259     3.1552    189.312     96.936  50968.361    31.9130     6.3443     96.000     6.3360    25.0729     6.6640     9.5235     95.266    290.335    297.614   -0.00108    6.99515    9.99676  304.76199   15.70542 4.0912e-02     0.3462     0.6817    84.3300 0.0000e+00
        763 134.629751    0.05292     3.1749    190.493     97.936  50969.707    31.9134     6.3440     97.000     6.3358    25.0732     6.6658     9.5261     95.291    290.412    297.693   -0.00076    6.99519    9.99682  304.76362   15.70551 4.0962e-02     0.3805     0.6788    84.3921 0.0000e+00
        768 134.629765    0.05325     3.1954    191.722     98.947  50970.920    31.9138     6.3440     98.000     6.3360    25.0735     6.6675     9.5285     95.316    290.486    297.770   -0.00043    6.99516    9.99678  304.76230   15.70543 4.1011e-02     0.3642     0.6764    84.4418 0.0000e+00
        773 134.629781    0.05363     3.2176    193.056     99.961  50970.829    31.9133     6.3444     99.000     6.3361    25.0731     6.6636     9.5229     95.259    290.314    297.593   -0.00066    6.99512    9.99673  304.76087   15.70537 4.0924e-02     0.4388     0.6807    84.3511 0.0000e+00
        778 134.629795    0.05397     3.2381    194.284    100.966  50971.378    31.9131     6.3444    100.000     6.3358    25.0731     6.6521     9.5065     95.096    289.816    297.083   -0.00141    6.99513    9.99674  304.76124   15.70539 4.1004e-02     0.4226     0.6813    84.3399 0.0000e+00
        783 134.629809    0.05432     3.2589    195.535    101.978  50972.977    31.9137     6.3436    101.000     6.3343    25.0735     6.6524     9.5070     95.099    289.831    297.098   -0.00114    6.99523    9.99690  304.76584   15.70560 4.0968e-02     0.4001     0.6803    84.3599 0.0000e+00
        789 134.629825    0.05469     3.2815    196.891    102.993  50976.935    31.9152     6.3401    102.000     6.3297    25.0752     6.6656     9.5258     95.280    290.402    297.685    0.00020    6.99573    9.99760  304.78660   15.70658 4.0917e-02     0.4500     0.6820    84.3246 0.0000e+00
        793 134.629839    0.05503     3.3018    198.106    103.994  50982.114    31.9177     6.3369    103.000     6.3277    25.0776     6.6560     9.5121     95.138    289.984    297.256   -0.00062    6.99614    9.99818  304.80384   15.70740 4.1007e-02     0.3843     0.6965    84.0186 0.0000e+00
        799 134.629855    0.05541     3.3246    199.476    105.013  50983.893    31.9182     6.3353    104.000     6.3260    25.0782     6.6518     9.5061     95.075    289.802    297.070   -0.00094    6.99637    9.99851  304.81369   15.70787 4.1103e-02     0.3150     0.6881    84.1968 0.0000e+00
        804 134.629869    0.05574     3.3446    200.676    106.017  50985.490    31.9186     6.3343    105.000     6.3254    25.0786     6.6521     9.5065     95.077    289.814    297.082   -0.00067    6.99652    9.99872  304.82001   15.70817 4.1017e-02     0.3387     0.6859    84.2412 0.0000e+00
        809 134.629883    0.05609     3.3657    201.945    107.025  50987.325    31.9194     6.3341    106.000     6.3249    25.0792     6.6470     9.4992     95.004    289.591    296.853   -0.00096    6.99653    9.99874  304.82037   15.70818 4.1049e-02     0.3417     0.6911    84.1333 0.0000e+00
        814 134.629899    0.05647     3.3879    203.275    108.042  50988.602    31.9196     6.3331    107.000     6.3235    25.0796     6.6474     9.4998     95.008    289.610    296.873   -0.00068    6.99668    9.99894  304.82642   15.70847 4.0987e-02     0.3764     0.6996    83.9543 0.0000e+00
