CTD-processing/allCTD/CNV/2019_12-12_t9_01_cast012_4141.cnv
* Sea-Bird SBE19plus Data File:
* FileName = C:\Users\Chris\Desktop\EVOSTC GWA LTM\CTD Data\2019_12-12_T9\2019_12-12_T9_0_Cast012.hex
* Software Version 1.59
* Temperature SN =  4141
* Conductivity SN =  4141
* System UpLoad Time = Dec 13 2019 13:53:03
** Cook Inlet LTM T9
** Date: 2019_12-12
** Station:01
** Start Time: (AKST):14:01
** Depth (m):57
** Comment:
** Comment:
# nquan = 27
# nvalues = 51                          
# units = specified
# name 0 = scan: Scan Count
# name 1 = timeJ: Julian Days
# name 2 = timeH: Time, Elapsed [hours]
# name 3 = timeM: Time, Elapsed [minutes]
# name 4 = timeS: Time, Elapsed [seconds]
# name 5 = prdM: Pressure, Strain Gauge [db]
# name 6 = specc: Specific Conductance [uS/cm]
# name 7 = sal00: Salinity, Practical [PSU]
# name 8 = tv290C: Temperature [ITS-90, deg C]
# name 9 = depSM: Depth [salt water, m], lat = 59.00
# name 10 = potemp090C: Potential Temperature [ITS-90, deg C]
# name 11 = sigma-é00: Density [sigma-theta, kg/m^3]
# name 12 = sbeox0ML/L: Oxygen, SBE 43 [ml/l]
# name 13 = sbeox0Mg/L: Oxygen, SBE 43 [mg/l]
# name 14 = sbeox0PS: Oxygen, SBE 43 [% saturation]
# name 15 = sbox0Mm/Kg: Oxygen, SBE 43 [umol/kg]
# name 16 = sbeox0Mm/L: Oxygen, SBE 43 [umol/l]
# name 17 = sbox0dV/dT: Oxygen, SBE 43 [dov/dt]
# name 18 = oxsolML/L: Oxygen Saturation, Garcia & Gordon [ml/l]
# name 19 = oxsolMg/L: Oxygen Saturation, Garcia & Gordon [mg/l]
# name 20 = oxsolMm/Kg: Oxygen Saturation, Garcia & Gordon [umol/kg]
# name 21 = n2satMg/L: Nitrogen Saturation [mg/l]
# name 22 = par: PAR/Irradiance, Biospherical/Licor
# name 23 = wetStar: Fluorescence, WET Labs WETstar [mg/m^3]
# name 24 = CStarAt0: Beam Attenuation, WET Labs C-Star [1/m]
# name 25 = CStarTr0: Beam Transmission, WET Labs C-Star [%]
# name 26 = flag: flag
# span 0 =        147,        506       
# span 1 = 346.584116, 346.585154       
# span 2 =    0.01017,    0.03506       
# span 3 =     0.6103,     2.1037       
# span 4 =     36.619,    126.221       
# span 5 =      1.007,     51.495       
# span 6 =  49107.698,  49566.744       
# span 7 =    30.8391,    31.1618       
# span 8 =     7.3191,     7.4774       
# span 9 =      1.000,     51.000       
# span 10 =     7.3174,     7.4734      
# span 11 =    24.1009,    24.3339      
# span 12 =     5.8608,     6.2929      
# span 13 =     8.3757,     8.9932      
# span 14 =     85.094,     91.458      
# span 15 =    255.584,    274.412      
# span 16 =    261.745,    281.042      
# span 17 =   -0.00160,    0.08335      
# span 18 =    6.84806,    6.88753      
# span 19 =    9.78655,    9.84297      
# span 20 =  298.56861,  300.35835      
# span 21 =   15.41312,   15.49983      
# span 22 = 3.6159e-02, 2.3463e+01      
# span 23 =     0.2512,     0.3254      
# span 24 =     0.5366,     0.8360      
# span 25 =    81.1403,    87.4455      
# span 26 = 0.0000e+00, 0.0000e+00      
# interval = meters: 1                  
# start_time = Dec 12 2019 14:00:31 [Instrument's time stamp, header]
# bad_flag = -9.990e-29
*END*
        147 346.584116    0.01017     0.6103     36.619      1.007  49107.698    30.8391     7.3191      1.000     7.3174    24.1009     5.8608     8.3757     85.094    255.584    261.745    0.02827    6.88753    9.84297  300.35835   15.49983 2.3463e+01     0.3254     0.8291    81.2912 0.0000e+00
        247 346.584405    0.01712     1.0269     61.613      2.010  49188.623    30.8974     7.3343      2.000     7.3359    24.1447     6.2729     8.9646     91.144    273.543    280.148    0.08335    6.88249    9.83577  300.12560   15.48848 1.5457e+01     0.2700     0.8360    81.1403 0.0000e+00
        261 346.584446    0.01809     1.0854     65.121      3.041  49217.799    30.9182     7.3400      3.000     7.3408    24.1603     6.2929     8.9932     91.458    274.412    281.042    0.05923    6.88065    9.83313  300.04058   15.48434 1.0936e+01     0.2707     0.7833    82.2146 0.0000e+00
        265 346.584457    0.01835     1.1010     66.059      4.028  49283.091    30.9634     7.3419      4.000     7.3503    24.1957     6.2238     8.8944     90.484    271.388    277.954    0.03867    6.87831    9.82978  299.92816   15.47879 8.7295e+00     0.2673     0.7926    82.0260 0.0000e+00
        270 346.584471    0.01871     1.1224     67.344      5.050  49351.204    31.0150     7.3704      5.000     7.3766    24.2325     6.1693     8.8165     89.780    269.001    275.519    0.02171    6.87150    9.82005  299.62039   15.46390 7.4300e+00     0.2688     0.6960    84.0349 0.0000e+00
        275 346.584485    0.01903     1.1419     68.514      6.055  49347.141    31.0133     7.3799      6.000     7.3810    24.2298     6.1421     8.7777     89.404    267.818    274.308    0.01286    6.87007    9.81802  299.55897   15.46098 6.2769e+00     0.2645     0.6953    84.0447 0.0000e+00
        280 346.584500    0.01938     1.1630     69.779      7.066  49359.392    31.0222     7.3845      7.000     7.3871    24.2362     6.1150     8.7390     89.024    266.634    273.096    0.00639    6.86893    9.81639  299.50761   15.45849 5.3419e+00     0.2657     0.6539    84.9207 0.0000e+00
        285 346.584514    0.01973     1.1836     71.018      8.076  49367.345    31.0286     7.3927      8.000     7.3935    24.2401     6.1003     8.7179     88.830    265.990    272.438    0.00297    6.86736    9.81414  299.43785   15.45513 4.5341e+00     0.2728     0.6691    84.5965 0.0000e+00
        290 346.584528    0.02007     1.2040     72.238      9.082  49370.256    31.0307     7.3959      9.000     7.3957    24.2414     6.0951     8.7105     88.763    265.766    272.208    0.00160    6.86675    9.81328  299.41108   15.45384 3.8522e+00     0.2759     0.6605    84.7796 0.0000e+00
        296 346.584545    0.02046     1.2273     73.636     10.102  49369.129    31.0296     7.3969     10.000     7.3959    24.2404     6.1004     8.7180     88.841    265.995    272.443    0.00159    6.86666    9.81315  299.40749   15.45368 3.2260e+00     0.2612     0.6512    84.9775 0.0000e+00
        301 346.584559    0.02080     1.2483     74.897     11.102  49371.133    31.0306     7.3972     11.000     7.3963    24.2412     6.0943     8.7094     88.754    265.731    272.172    0.00048    6.86655    9.81299  299.40232   15.45343 2.7123e+00     0.2637     0.6578    84.8355 0.0000e+00
        306 346.584575    0.02120     1.2718     76.306     12.118  49373.508    31.0318     7.3974     12.000     7.3966    24.2421     6.0759     8.6830     88.487    264.927    271.349   -0.00153    6.86646    9.81286  299.39800   15.45322 2.2540e+00     0.2617     0.6620    84.7480 0.0000e+00
        311 346.584589    0.02152     1.2910     77.463     13.120  49373.255    31.0313     7.3979     13.000     7.3968    24.2416     6.0792     8.6877     88.535    265.070    271.496   -0.00071    6.86642    9.81280  299.39627   15.45314 1.8992e+00     0.2657     0.6675    84.6317 0.0000e+00
        316 346.584605    0.02190     1.3138     78.830     14.135  49372.484    31.0303     7.3980     14.000     7.3966    24.2409     6.0986     8.7155     88.817    265.917    272.363    0.00083    6.86644    9.81283  299.39768   15.45321 1.5929e+00     0.2617     0.6578    84.8346 0.0000e+00
        321 346.584618    0.02222     1.3335     80.007     15.142  49375.777    31.0321     7.3975     15.000     7.3960    24.2423     6.0959     8.7116     88.778    265.799    272.242    0.00073    6.86644    9.81285  299.39755   15.45320 1.3258e+00     0.2617     0.6630    84.7273 0.0000e+00
        326 346.584634    0.02259     1.3556     81.337     16.149  49374.788    31.0309     7.3975     16.000     7.3961    24.2414     6.1062     8.7264     88.929    266.251    272.706    0.00102    6.86649    9.81291  299.39983   15.45332 1.1220e+00     0.2607     0.6407    85.2018 0.0000e+00
        332 346.584650    0.02298     1.3786     82.714     17.174  49375.005    31.0307     7.3979     17.000     7.3964    24.2412     6.0784     8.6866     88.523    265.037    271.462   -0.00159    6.86644    9.81284  299.39763   15.45320 9.2782e-01     0.2733     0.6634    84.7187 0.0000e+00
        335 346.584659    0.02321     1.3926     83.555     18.156  49379.682    31.0336     7.3982     18.000     7.3968    24.2434     6.0891     8.7020     88.682    265.503    271.940   -0.00072    6.86628    9.81259  299.38961   15.45281 7.8080e-01     0.2578     0.7093    83.7523 0.0000e+00
        342 346.584678    0.02366     1.4196     85.175     19.196  49381.172    31.0342     7.3991     19.000     7.3970    24.2439     6.1036     8.7227     88.894    266.134    272.587    0.00084    6.86610    9.81234  299.38175   15.45243 6.5993e-01     0.2688     0.6287    85.4546 0.0000e+00
        346 346.584689    0.02393     1.4356     86.138     20.184  49394.999    31.0435     7.3993     20.000     7.4015    24.2510     6.0853     8.6966     88.635    265.338    271.772   -0.00090    6.86564    9.81168  299.35958   15.45135 5.4508e-01     0.2678     0.6904    84.1477 0.0000e+00
        350 346.584702    0.02425     1.4546     87.278     21.198  49397.556    31.0464     7.4087     21.000     7.4086    24.2521     6.1014     8.7196     88.889    266.037    272.489    0.00067    6.86404    9.80941  299.28987   15.44801 4.6144e-01     0.2679     0.6737    84.4994 0.0000e+00
        355 346.584716    0.02457     1.4743     88.455     22.206  49400.973    31.0488     7.4120     22.000     7.4114    24.2536     6.0822     8.6921     88.618    265.199    271.632   -0.00137    6.86341    9.80850  299.26183   15.44666 3.8428e-01     0.2713     0.6903    84.1508 0.0000e+00
        360 346.584732    0.02496     1.4974     89.844     23.223  49423.373    31.0650     7.4185     23.000     7.4198    24.2655     6.0878     8.7001     88.721    265.441    271.881   -0.00018    6.86166    9.80600  299.18205   15.44278 3.2430e-01     0.2668     0.6583    84.8273 0.0000e+00
        365 346.584745    0.02527     1.5159     90.956     24.221  49426.346    31.0678     7.4255     24.000     7.4251    24.2668     6.0837     8.6942     88.678    265.262    271.699   -0.00058    6.86044    9.80425  299.12821   15.44020 2.7027e-01     0.2619     0.6898    84.1603 0.0000e+00
        369 346.584758    0.02558     1.5349     92.096     25.236  49434.958    31.0740     7.4296     25.000     7.4280    24.2710     6.0772     8.6850     88.596    264.980    271.411   -0.00082    6.85951    9.80292  299.08654   15.43819 2.2818e-01     0.2700     0.6782    84.4051 0.0000e+00
        375 346.584774    0.02596     1.5579     93.475     26.247  49441.412    31.0785     7.4324     26.000     7.4309    24.2742     6.0811     8.6904     88.659    265.143    271.579   -0.00038    6.85887    9.80202  299.05778   15.43680 1.9319e-01     0.2583     0.6623    84.7405 0.0000e+00
        380 346.584790    0.02634     1.5802     94.811     27.263  49441.839    31.0786     7.4335     27.000     7.4313    24.2741     6.0680     8.6717     88.471    264.573    270.995   -0.00119    6.85869    9.80176  299.05004   15.43643 1.6192e-01     0.2627     0.6704    84.5709 0.0000e+00
        385 346.584802    0.02664     1.5980     95.880     28.259  49435.267    31.0734     7.4329     28.000     7.4297    24.2702     6.0666     8.6698     88.448    264.516    270.936   -0.00139    6.85901    9.80221  299.06488   15.43716 1.3831e-01     0.2620     0.6869    84.2231 0.0000e+00
        390 346.584818    0.02703     1.6217     97.301     29.284  49461.863    31.0917     7.4344     29.000     7.4356    24.2844     6.0743     8.6808     88.573    264.846    271.277   -0.00013    6.85795    9.80070  299.01473   15.43469 1.1797e-01     0.2575     0.6575    84.8433 0.0000e+00
        395 346.584831    0.02733     1.6402     98.410     30.278  49464.570    31.0943     7.4415     30.000     7.4400    24.2855     6.0738     8.6800     88.581    264.822    271.254   -0.00013    6.85672    9.79894  298.96085   15.43211 1.0154e-01     0.2555     0.6778    84.4133 0.0000e+00
        400 346.584848    0.02773     1.6639     99.832     31.314  49469.100    31.0975     7.4448     31.000     7.4415    24.2876     6.0734     8.6796     88.584    264.808    271.240   -0.00007    6.85606    9.79799  298.93134   15.43069 8.6986e-02     0.2676     0.6451    85.1050 0.0000e+00
        404 346.584858    0.02799     1.6792    100.750     32.296  49455.634    31.0873     7.4420     32.000     7.4382    24.2799     6.0703     8.6750     88.527    264.672    271.098   -0.00048    6.85696    9.79928  298.97267   15.43270 7.7145e-02     0.2551     0.6918    84.1180 0.0000e+00
        409 346.584873    0.02833     1.7000    101.997     33.315  49476.786    31.1017     7.4431     33.000     7.4425    24.2911     6.0654     8.6681     88.467    264.457    270.880   -0.00079    6.85614    9.79811  298.93361   15.43078 6.8803e-02     0.2608     0.6595    84.8001 0.0000e+00
        414 346.584887    0.02868     1.7207    103.240     34.325  49486.221    31.1087     7.4483     34.000     7.4466    24.2959     6.0671     8.6706     88.506    264.531    270.959   -0.00036    6.85502    9.79651  298.88344   15.42836 6.2017e-02     0.2512     0.6539    84.9181 0.0000e+00
        419 346.584902    0.02905     1.7426    104.554     35.331  49507.490    31.1243     7.4559     35.000     7.4563    24.3071     6.0692     8.6735     88.561    264.618    271.050   -0.00000    6.85312    9.79380  298.79751   15.42420 5.6531e-02     0.2563     0.6506    84.9898 0.0000e+00
        425 346.584919    0.02943     1.7661    105.966     36.355  49514.017    31.1296     7.4637     36.000     7.4616    24.3103     6.0713     8.6765     88.610    264.707    271.143    0.00033    6.85166    9.79171  298.73273   15.42108 5.1822e-02     0.2632     0.6727    84.5232 0.0000e+00
        429 346.584930    0.02970     1.7819    106.916     37.342  49526.487    31.1383     7.4662     37.000     7.4639    24.3167     6.0617     8.6627     88.481    264.288    270.716   -0.00062    6.85087    9.79057  298.69621   15.41930 4.8373e-02     0.2583     0.6925    84.1055 0.0000e+00
        435 346.584949    0.03016     1.8098    108.589     38.375  49528.245    31.1395     7.4685     38.000     7.4652    24.3174     6.0502     8.6463     88.318    263.785    270.200   -0.00139    6.85045    9.78998  298.67810   15.41843 4.5333e-02     0.2664     0.6030    86.0023 0.0000e+00
        439 346.584960    0.03044     1.8265    109.589     39.365  49531.536    31.1414     7.4691     39.000     7.4656    24.3189     6.0591     8.6591     88.451    264.176    270.600   -0.00034    6.85029    9.78975  298.67047   15.41806 4.3380e-02     0.2663     0.6434    85.1413 0.0000e+00
        445 346.584976    0.03080     1.8482    110.892     40.382  49533.265    31.1422     7.4691     40.000     7.4654    24.3194     6.0628     8.6643     88.504    264.334    270.763    0.00006    6.85024    9.78968  298.66827   15.41796 4.1436e-02     0.2774     0.5899    86.2899 0.0000e+00
        450 346.584991    0.03117     1.8701    112.207     41.391  49534.420    31.1425     7.4690     41.000     7.4653    24.3197     6.0620     8.6633     88.493    264.302    270.729   -0.00004    6.85023    9.78967  298.66798   15.41794 4.0016e-02     0.2642     0.5991    86.0908 0.0000e+00
        455 346.585007    0.03156     1.8935    113.612     42.402  49538.152    31.1446     7.4691     42.000     7.4653    24.3215     6.0622     8.6635     88.498    264.310    270.738   -0.00012    6.85013    9.78952  298.66285   15.41769 3.8755e-02     0.2661     0.5670    86.7840 0.0000e+00
        461 346.585022    0.03191     1.9147    114.881     43.408  49539.732    31.1453     7.4692     43.000     7.4654    24.3219     6.0642     8.6663     88.527    264.394    270.826    0.00006    6.85009    9.78946  298.66078   15.41759 3.7842e-02     0.2625     0.6005    86.0605 0.0000e+00
        466 346.585037    0.03227     1.9363    116.177     44.419  49538.078    31.1437     7.4692     44.000     7.4652    24.3207     6.0649     8.6674     88.537    264.428    270.859    0.00003    6.85015    9.78956  298.66411   15.41775 3.6947e-02     0.2668     0.5759    86.5911 0.0000e+00
        472 346.585054    0.03268     1.9605    117.630     45.427  49543.430    31.1470     7.4693     45.000     7.4654    24.3233     6.0634     8.6652     88.517    264.362    270.792   -0.00020    6.85000    9.78933  298.65666   15.41739 3.6369e-02     0.2679     0.5906    86.2748 0.0000e+00
        477 346.585070    0.03308     1.9846    119.078     46.443  49552.121    31.1527     7.4707     46.000     7.4676    24.3277     6.0683     8.6722     88.595    264.575    271.011    0.00025    6.84952    9.78864  298.63440   15.41629 3.6159e-02     0.2582     0.5844    86.4069 0.0000e+00
        483 346.585087    0.03348     2.0088    120.526     47.447  49555.586    31.1553     7.4740     47.000     7.4703    24.3292     6.0637     8.6657     88.535    264.372    270.805   -0.00016    6.84888    9.78774  298.60630   15.41495 3.6170e-02     0.2546     0.5466    87.2302 0.0000e+00
        489 346.585103    0.03388     2.0325    121.949     48.461  49557.996    31.1567     7.4749     48.000     7.4707    24.3302     6.0478     8.6429     88.306    263.679    270.094   -0.00160    6.84869    9.78745  298.59728   15.41451 3.6170e-02     0.2604     0.5635    86.8599 0.0000e+00
        495 346.585120    0.03428     2.0564    123.381     49.468  49558.300    31.1565     7.4756     49.000     7.4713    24.3300     6.0567     8.6555     88.437    264.064    270.489   -0.00040    6.84857    9.78729  298.59226   15.41427 3.6170e-02     0.2611     0.5367    87.4448 0.0000e+00
        500 346.585136    0.03465     2.0789    124.736     50.470  49561.893    31.1587     7.4762     50.000     7.4721    24.3316     6.0527     8.6499     88.381    263.893    270.313   -0.00059    6.84839    9.78703  298.58390   15.41386 3.6170e-02     0.2598     0.5704    86.7103 0.0000e+00
        506 346.585154    0.03506     2.1037    126.221     51.495  49566.744    31.1618     7.4774     51.000     7.4734    24.3339     6.0458     8.6401     88.285    263.591    270.005   -0.00120    6.84806    9.78655  298.56861   15.41312 3.6170e-02     0.2552     0.5366    87.4455 0.0000e+00
