CTD-processing/allCTD/CNV/2019_05_12_t6_s17_cast153_4141.cnv
* Sea-Bird SBE19plus Data File:
* FileName = C:\Users\jwschloemer\Documents\CTD Data\2019_05-12_T6_T7_ptGrm_pogi\2019_05_12_T6_S27_Cast153.hex
* Software Version 1.59
* Temperature SN =  4141
* Conductivity SN =  4141
* System UpLoad Time = May 13 2019 14:36:03
** Date: 2019_05_12
** Station:17
** Start Time (AKST):09:04
** Depth (m):165
** Comment:
# nquan = 27
# nvalues = 159                         
# units = specified
# name 0 = scan: Scan Count
# name 1 = timeJ: Julian Days
# name 2 = timeH: Time, Elapsed [hours]
# name 3 = timeM: Time, Elapsed [minutes]
# name 4 = timeS: Time, Elapsed [seconds]
# name 5 = prdM: Pressure, Strain Gauge [db]
# name 6 = specc: Specific Conductance [uS/cm]
# name 7 = sal00: Salinity, Practical [PSU]
# name 8 = tv290C: Temperature [ITS-90, deg C]
# name 9 = depSM: Depth [salt water, m], lat = 59.00
# name 10 = potemp090C: Potential Temperature [ITS-90, deg C]
# name 11 = sigma-é00: Density [sigma-theta, kg/m^3]
# name 12 = sbeox0ML/L: Oxygen, SBE 43 [ml/l]
# name 13 = sbeox0Mg/L: Oxygen, SBE 43 [mg/l]
# name 14 = sbeox0PS: Oxygen, SBE 43 [% saturation]
# name 15 = sbox0Mm/Kg: Oxygen, SBE 43 [umol/kg]
# name 16 = sbeox0Mm/L: Oxygen, SBE 43 [umol/l]
# name 17 = sbox0dV/dT: Oxygen, SBE 43 [dov/dt]
# name 18 = oxsolML/L: Oxygen Saturation, Garcia & Gordon [ml/l]
# name 19 = oxsolMg/L: Oxygen Saturation, Garcia & Gordon [mg/l]
# name 20 = oxsolMm/Kg: Oxygen Saturation, Garcia & Gordon [umol/kg]
# name 21 = n2satMg/L: Nitrogen Saturation [mg/l]
# name 22 = par: PAR/Irradiance, Biospherical/Licor
# name 23 = wetStar: Fluorescence, WET Labs WETstar [mg/m^3]
# name 24 = CStarAt0: Beam Attenuation, WET Labs C-Star [1/m]
# name 25 = CStarTr0: Beam Transmission, WET Labs C-Star [%]
# name 26 = flag: flag
# span 0 =         25,       1021       
# span 1 = 132.377963, 132.380846       
# span 2 =    0.00165,    0.07086       
# span 3 =     0.0991,     4.2520       
# span 4 =      5.946,    255.121       
# span 5 =      1.003,    160.489       
# span 6 =  51054.934,  51547.738       
# span 7 =    32.0555,    32.3042       
# span 8 =     6.4437,     6.5950       
# span 9 =      1.000,    159.000       
# span 10 =     6.4299,     6.5902      
# span 11 =    25.1602,    25.3695      
# span 12 =     6.0245,     6.6175      
# span 13 =     8.6095,     9.4570      
# span 14 =     86.590,     95.175      
# span 15 =    262.449,    288.279      
# span 16 =    269.052,    295.537      
# span 17 =   -0.00483,    0.00832      
# span 18 =    6.94589,    6.96095      
# span 19 =    9.92638,    9.94789      
# span 20 =  302.58131,  303.18414      
# span 21 =   15.60068,   15.62862      
# span 22 = 3.6109e-02, 8.7821e+01      
# span 23 =     0.3959,     1.2513      
# span 24 =     0.0315,     1.5642      
# span 25 =    73.8337,    96.3614      
# span 26 = 0.0000e+00, 0.0000e+00      
# interval = meters: 1                  
# start_time = May 12 2019 09:04:10 [Instrument's time stamp, header]
# bad_flag = -9.990e-29
*END*
[from data line 54]
        547 132.379473    0.03790     2.2739    136.434     55.509  51128.610    32.0850     6.5611     55.000     6.5557    25.1808     6.6104     9.4468     95.086    287.967    295.220   -0.00007    6.95202    9.93514  302.85143   15.61363 3.2333e-01     1.1717     0.3333    92.0042 0.0000e+00
        555 132.379497    0.03847     2.3086    138.513     56.561  51132.935    32.0873     6.5601     56.000     6.5556    25.1828     6.6048     9.4389     95.004    287.722    294.968   -0.00059    6.95208    9.93521  302.85322   15.61371 2.9081e-01     1.1269     0.3325    92.0226 0.0000e+00
        557 132.379503    0.03863     2.3180    139.083     57.545  51131.946    32.0862     6.5605     57.000     6.5566    25.1818     6.6036     9.4373     94.988    287.673    294.918   -0.00082    6.95206    9.93519  302.85253   15.61368 2.5207e-01     1.1450     0.3346    91.9766 0.0000e+00
        560 132.379511    0.03882     2.3289    139.737     58.540  51144.619    32.0950     6.5629     58.000     6.5634    25.1885     6.6070     9.4420     95.048    287.818    295.068   -0.00042    6.95126    9.93404  302.81563   15.61188 2.1666e-01     1.1912     0.3359    91.9453 0.0000e+00
        564 132.379522    0.03909     2.3454    140.721     59.558  51148.525    32.0993     6.5737     59.000     6.5738    25.1905     6.6112     9.4480     95.134    288.000    295.255    0.00017    6.94932    9.93127  302.73083   15.60783 1.8618e-01     1.1653     0.3322    92.0320 0.0000e+00
        569 132.379538    0.03948     2.3687    142.123     60.578  51148.989    32.1015     6.5863     60.000     6.5845    25.1906     6.6120     9.4492     95.175    288.036    295.292    0.00034    6.94719    9.92824  302.63808   15.60339 1.6162e-01     1.1787     0.3298    92.0843 0.0000e+00
        574 132.379553    0.03981     2.3889    143.334     61.589  51150.186    32.1033     6.5939     61.000     6.5902    25.1911     6.6050     9.4391     95.091    287.729    294.977   -0.00036    6.94589    9.92638  302.58131   15.60068 1.2644e-01     1.2018     0.3269    92.1517 0.0000e+00
        578 132.379564    0.04009     2.4055    144.331     62.601  51143.286    32.0982     6.5950     62.000     6.5845    25.1870     6.6079     9.4433     95.132    287.856    295.106   -0.00011    6.94593    9.92643  302.58418   15.60083 1.1665e-01     1.1955     0.3235    92.2306 0.0000e+00
        582 132.379574    0.04032     2.4189    145.132     63.600  51154.547    32.1045     6.5896     63.000     6.5831    25.1926     6.6106     9.4473     95.165    287.977    295.232    0.00005    6.94653    9.92728  302.60827   15.60196 9.7150e-02     1.1830     0.3229    92.2439 0.0000e+00
        586 132.379585    0.04059     2.4354    146.125     64.606  51151.483    32.1006     6.5823     64.000     6.5717    25.1905     6.6086     9.4444     95.117    287.890    295.142   -0.00029    6.94787    9.92920  302.66756   15.60481 8.3746e-02     1.1833     0.3187    92.3414 0.0000e+00
        591 132.379602    0.04099     2.4595    147.567     65.632  51162.875    32.1059     6.5712     65.000     6.5645    25.1961     6.6034     9.4369     95.021    287.661    294.908   -0.00078    6.94943    9.93143  302.73403   15.60795 7.2856e-02     1.1550     0.3158    92.4087 0.0000e+00
        595 132.379613    0.04128     2.4767    148.600     66.638  51159.992    32.1030     6.5685     66.000     6.5585    25.1941     6.5929     9.4219     94.862    287.204    294.441   -0.00159    6.94999    9.93222  302.75870   15.60914 6.4018e-02     1.1245     0.3181    92.3546 0.0000e+00
        599 132.379624    0.04152     2.4911    149.469     67.637  51162.883    32.1028     6.5596     67.000     6.5495    25.1952     6.5888     9.4159     94.782    287.021    294.253   -0.00183    6.95145    9.93431  302.82198   15.61216 5.1995e-02     1.1228     0.3158    92.4084 0.0000e+00
        603 132.379636    0.04182     2.5090    150.539     68.653  51170.619    32.1062     6.5517     68.000     6.5439    25.1988     6.5853     9.4110     94.717    286.869    294.098   -0.00181    6.95256    9.93590  302.86934   15.61440 5.0283e-02     1.1513     0.3154    92.4177 0.0000e+00
        607 132.379648    0.04211     2.5268    151.611     69.665  51174.556    32.1077     6.5474     69.000     6.5377    25.2005     6.5873     9.4140     94.738    286.958    294.190   -0.00131    6.95319    9.93681  302.89652   15.61569 4.6483e-02     1.1489     0.3109    92.5211 0.0000e+00
        611 132.379660    0.04239     2.5434    152.603     70.669  51185.612    32.1136     6.5408     70.000     6.5338    25.2061     6.5785     9.4013     94.601    286.572    293.795   -0.00172    6.95398    9.93794  302.92916   15.61722 4.2966e-02     1.1030     0.3099    92.5436 0.0000e+00
        616 132.379673    0.04270     2.5620    153.721     71.684  51189.635    32.1156     6.5393     71.000     6.5329    25.2079     6.5710     9.3906     94.490    286.244    293.460   -0.00208    6.95414    9.93816  302.93555   15.61752 4.0237e-02     1.0863     0.3072    92.6074 0.0000e+00
        620 132.379685    0.04300     2.5802    154.812     72.688  51192.779    32.1173     6.5392     72.000     6.5333    25.2092     6.5721     9.3923     94.508    286.295    293.513   -0.00142    6.95408    9.93807  302.93238   15.61736 3.7300e-02     1.0863     0.3059    92.6381 0.0000e+00
        625 132.379700    0.04335     2.6013    156.077     73.708  51192.289    32.1166     6.5398     73.000     6.5334    25.2086     6.5678     9.3859     94.446    286.104    293.315   -0.00144    6.95401    9.93797  302.92958   15.61723 3.6109e-02     1.0588     0.3050    92.6577 0.0000e+00
        629 132.379712    0.04363     2.6177    157.061     74.717  51191.986    32.1159     6.5393     74.000     6.5313    25.2081     6.5678     9.3860     94.445    286.103    293.316   -0.00116    6.95412    9.93812  302.93422   15.61746 3.6170e-02     1.0534     0.3064    92.6255 0.0000e+00
        632 132.379720    0.04385     2.6311    157.866     75.715  51196.681    32.1180     6.5362     75.000     6.5275    25.2103     6.5684     9.3869     94.448    286.131    293.344   -0.00098    6.95452    9.93870  302.95149   15.61827 3.6170e-02     1.0606     0.3058    92.6406 0.0000e+00
        637 132.379733    0.04415     2.6486    158.918     76.726  51203.700    32.1215     6.5311     76.000     6.5222    25.2136     6.5688     9.3876     94.445    286.149    293.364   -0.00075    6.95519    9.93965  302.97932   15.61958 3.6170e-02     1.0688     0.3057    92.6420 0.0000e+00
        642 132.379748    0.04452     2.6713    160.279     77.743  51212.001    32.1258     6.5258     77.000     6.5185    25.2176     6.5599     9.3748     94.307    285.759    292.965   -0.00140    6.95585    9.94060  303.00696   15.62088 3.6170e-02     1.0365     0.2988    92.8007 0.0000e+00
        647 132.379763    0.04486     2.6916    161.496     78.757  51214.755    32.1270     6.5248     78.000     6.5179    25.2188     6.5582     9.3722     94.282    285.683    292.888   -0.00122    6.95595    9.94075  303.01101   15.62107 3.6170e-02     0.9880     0.2985    92.8089 0.0000e+00
        651 132.379773    0.04511     2.7068    162.407     79.763  51216.019    32.1274     6.5247     79.000     6.5176    25.2191     6.5503     9.3610     94.167    285.340    292.535   -0.00154    6.95598    9.94079  303.01204   15.62112 3.6170e-02     0.9808     0.2980    92.8195 0.0000e+00
        654 132.379783    0.04535     2.7211    163.264     80.761  51217.286    32.1277     6.5242     80.000     6.5171    25.2194     6.5462     9.3552     94.108    285.162    292.354   -0.00178    6.95603    9.94086  303.01427   15.62123 3.6170e-02     0.9990     0.3002    92.7709 0.0000e+00
        659 132.379798    0.04570     2.7419    164.512     81.782  51220.568    32.1294     6.5235     81.000     6.5160    25.2208     6.5472     9.3566     94.123    285.206    292.399   -0.00121    6.95607    9.94092  303.01562   15.62128 3.6170e-02     0.9775     0.2974    92.8335 0.0000e+00
        664 132.379812    0.04604     2.7623    165.736     82.801  51224.914    32.1317     6.5221     82.000     6.5134    25.2228     6.5412     9.3479     94.034    284.941    292.128   -0.00133    6.95619    9.94109  303.02026   15.62150 3.6170e-02     0.9539     0.2945    92.9019 0.0000e+00
        667 132.379821    0.04627     2.7761    166.563     83.792  51235.964    32.1382     6.5189     83.000     6.5104    25.2285     6.5405     9.3470     94.021    284.909    292.097   -0.00133    6.95639    9.94138  303.02756   15.62182 3.6170e-02     0.9468     0.2986    92.8076 0.0000e+00
        673 132.379837    0.04664     2.7984    167.904     84.808  51244.392    32.1431     6.5162     84.000     6.5084    25.2326     6.5347     9.3388     93.935    284.658    291.841   -0.00139    6.95662    9.94170  303.03597   15.62220 3.6170e-02     0.9236     0.2910    92.9830 0.0000e+00
        678 132.379854    0.04704     2.8227    169.359     85.833  51247.615    32.1446     6.5148     85.000     6.5071    25.2340     6.5234     9.3226     93.771    284.164    291.334   -0.00186    6.95677    9.94192  303.04233   15.62250 3.6170e-02     0.8932     0.2892    93.0252 0.0000e+00
        682 132.379863    0.04727     2.8360    170.161     86.830  51252.930    32.1477     6.5142     86.000     6.5064    25.2365     6.5186     9.3157     93.702    283.953    291.120   -0.00206    6.95672    9.94186  303.03965   15.62236 3.6170e-02     0.8976     0.2908    92.9892 0.0000e+00
        685 132.379873    0.04749     2.8494    170.963     87.830  51255.064    32.1486     6.5136     87.000     6.5059    25.2373     6.5213     9.3197     93.741    284.073    291.242   -0.00149    6.95678    9.94195  303.04208   15.62246 3.6170e-02     0.8644     0.2913    92.9782 0.0000e+00
        689 132.379885    0.04781     2.8687    172.121     88.845  51255.782    32.1486     6.5132     88.000     6.5055    25.2373     6.5128     9.3075     93.617    283.702    290.862   -0.00174    6.95684    9.94203  303.04474   15.62260 3.6170e-02     0.8835     0.2879    93.0563 0.0000e+00
        695 132.379902    0.04821     2.8924    173.547     89.870  51263.951    32.1535     6.5118     89.000     6.5026    25.2414     6.5053     9.2969     93.511    283.378    290.531   -0.00178    6.95683    9.94201  303.04297   15.62249 3.6170e-02     0.8611     0.2873    93.0689 0.0000e+00
        699 132.379913    0.04846     2.9077    174.461     90.868  51274.555    32.1597     6.5082     90.000     6.4974    25.2467     6.5021     9.2922     93.459    283.233    290.384   -0.00190    6.95714    9.94246  303.05499   15.62304 3.6170e-02     0.8559     0.2865    93.0872 0.0000e+00
        702 132.379923    0.04871     2.9228    175.366     91.873  51281.690    32.1632     6.5031     91.000     6.4938    25.2502     6.5115     9.3055     93.585    283.641    290.804   -0.00072    6.95780    9.94339  303.08240   15.62433 3.6170e-02     0.8421     0.2826    93.1793 0.0000e+00
        707 132.379936    0.04904     2.9421    176.525     92.887  51288.278    32.1668     6.5005     92.000     6.4919    25.2534     6.5049     9.2962     93.487    283.355    290.510   -0.00111    6.95806    9.94377  303.09287   15.62482 3.6170e-02     0.8182     0.2806    93.2236 0.0000e+00
        712 132.379952    0.04940     2.9638    177.828     93.903  51291.946    32.1687     6.4992     93.000     6.4910    25.2550     6.4916     9.2771     93.294    282.771    289.913   -0.00188    6.95819    9.94396  303.09824   15.62506 3.6170e-02     0.7850     0.2816    93.2005 0.0000e+00
        717 132.379964    0.04970     2.9821    178.926     94.909  51292.491    32.1684     6.4988     94.000     6.4905    25.2548     6.4851     9.2679     93.200    282.493    289.627   -0.00205    6.95826    9.94406  303.10142   15.62522 3.6170e-02     0.8018     0.2789    93.2666 0.0000e+00
        721 132.379977    0.05000     3.0002    180.010     95.919  51293.730    32.1687     6.4984     95.000     6.4902    25.2552     6.4841     9.2664     93.185    282.445    289.578   -0.00163    6.95830    9.94411  303.10283   15.62528 3.6170e-02     0.7974     0.2809    93.2184 0.0000e+00
        725 132.379989    0.05029     3.0175    181.048     96.934  51295.988    32.1698     6.4982     96.000     6.4899    25.2561     6.4781     9.2578     93.098    282.182    289.308   -0.00175    6.95829    9.94409  303.10206   15.62524 3.6170e-02     0.7603     0.2822    93.1867 0.0000e+00
        729 132.379999    0.05054     3.0321    181.927     97.936  51297.287    32.1703     6.4982     97.000     6.4897    25.2564     6.4791     9.2592     93.112    282.225    289.353   -0.00148    6.95827    9.94407  303.10128   15.62520 3.6170e-02     0.7848     0.2821    93.1903 0.0000e+00
        733 132.380013    0.05086     3.0517    183.104     98.940  51299.533    32.1712     6.4977     98.000     6.4891    25.2572     6.4830     9.2649     93.169    282.397    289.530   -0.00077    6.95831    9.94412  303.10253   15.62526 3.6170e-02     0.7774     0.2808    93.2213 0.0000e+00
        741 132.380036    0.05142     3.0850    185.098     99.987  51302.430    32.1726     6.4968     99.000     6.4881    25.2584     6.4843     9.2666     93.186    282.452    289.586   -0.00033    6.95838    9.94423  303.10563   15.62540 3.6170e-02     0.7620     0.2780    93.2862 0.0000e+00
        744 132.380043    0.05159     3.0952    185.714    100.979  51304.046    32.1731     6.4965    100.000     6.4876    25.2590     6.4771     9.2565     93.084    282.143    289.270   -0.00095    6.95841    9.94427  303.10660   15.62545 3.6170e-02     0.7625     0.2817    93.1997 0.0000e+00
        746 132.380049    0.05174     3.1043    186.261    101.961  51305.986    32.1740     6.4962    101.000     6.4875    25.2597     6.4764     9.2554     93.073    282.108    289.234   -0.00106    6.95842    9.94428  303.10663   15.62545 3.6170e-02     0.7706     0.2832    93.1648 0.0000e+00
        751 132.380065    0.05211     3.1270    187.618    102.982  51306.828    32.1741     6.4962    102.000     6.4874    25.2597     6.4799     9.2604     93.123    282.261    289.392   -0.00058    6.95841    9.94428  303.10659   15.62544 3.6170e-02     0.7620     0.2801    93.2384 0.0000e+00
        759 132.380086    0.05261     3.1568    189.409    104.013  51308.216    32.1746     6.4962    103.000     6.4874    25.2601     6.4751     9.2535     93.054    282.051    289.175   -0.00080    6.95839    9.94424  303.10544   15.62539 3.6170e-02     0.7585     0.2775    93.2975 0.0000e+00
        762 132.380094    0.05282     3.1688    190.125    105.000  51310.677    32.1758     6.4963    104.000     6.4874    25.2611     6.4705     9.2471     92.990    281.855    288.975   -0.00105    6.95833    9.94414  303.10217   15.62523 3.6170e-02     0.7634     0.2798    93.2440 0.0000e+00
        766 132.380106    0.05309     3.1856    191.138    106.009  51313.533    32.1773     6.4963    105.000     6.4874    25.2623     6.4738     9.2516     93.037    281.995    289.118   -0.00075    6.95825    9.94403  303.09831   15.62503 3.6170e-02     0.7615     0.2788    93.2690 0.0000e+00
        772 132.380124    0.05352     3.2116    192.693    107.041  51316.433    32.1788     6.4965    106.000     6.4874    25.2636     6.4816     9.2627     93.150    282.332    289.464    0.00028    6.95815    9.94388  303.09358   15.62481 3.6170e-02     0.7442     0.2760    93.3321 0.0000e+00
        775 132.380134    0.05378     3.2267    193.601    108.038  51318.462    32.1798     6.4965    107.000     6.4877    25.2643     6.4722     9.2494     93.016    281.924    289.047   -0.00073    6.95810    9.94383  303.09167   15.62472 3.6170e-02     0.7605     0.2786    93.2735 0.0000e+00
