CTD-processing/allCTD/CNV/2019_10-30_t9_04_cast016_4141.cnv
* Sea-Bird SBE19plus Data File:
* FileName = C:\Users\Chris\Desktop\EVOSTC GWA LTM\CTD Data\2019_10-30_T9_01_Cast016.hex
* Software Version 1.59
* Temperature SN =  4141
* Conductivity SN =  4141
* System UpLoad Time = Nov 01 2019 13:37:12
** Cook Inlet LTM T9
** Date: 2019_10-30
** Station:4
** Start Time: (AKST):14:59
** Depth (m):
** Comment:Depth not recorded.
** Comment:
# nquan = 27
# nvalues = 96                          
# units = specified
# name 0 = scan: Scan Count
# name 1 = timeJ: Julian Days
# name 2 = timeH: Time, Elapsed [hours]
# name 3 = timeM: Time, Elapsed [minutes]
# name 4 = timeS: Time, Elapsed [seconds]
# name 5 = prdM: Pressure, Strain Gauge [db]
# name 6 = specc: Specific Conductance [uS/cm]
# name 7 = sal00: Salinity, Practical [PSU]
# name 8 = tv290C: Temperature [ITS-90, deg C]
# name 9 = depSM: Depth [salt water, m], lat = 59.00
# name 10 = potemp090C: Potential Temperature [ITS-90, deg C]
# name 11 = sigma-é00: Density [sigma-theta, kg/m^3]
# name 12 = sbeox0ML/L: Oxygen, SBE 43 [ml/l]
# name 13 = sbeox0Mg/L: Oxygen, SBE 43 [mg/l]
# name 14 = sbeox0PS: Oxygen, SBE 43 [% saturation]
# name 15 = sbox0Mm/Kg: Oxygen, SBE 43 [umol/kg]
# name 16 = sbeox0Mm/L: Oxygen, SBE 43 [umol/l]
# name 17 = sbox0dV/dT: Oxygen, SBE 43 [dov/dt]
# name 18 = oxsolML/L: Oxygen Saturation, Garcia & Gordon [ml/l]
# name 19 = oxsolMg/L: Oxygen Saturation, Garcia & Gordon [mg/l]
# name 20 = oxsolMm/Kg: Oxygen Saturation, Garcia & Gordon [umol/kg]
# name 21 = n2satMg/L: Nitrogen Saturation [mg/l]
# name 22 = par: PAR/Irradiance, Biospherical/Licor
# name 23 = wetStar: Fluorescence, WET Labs WETstar [mg/m^3]
# name 24 = CStarAt0: Beam Attenuation, WET Labs C-Star [1/m]
# name 25 = CStarTr0: Beam Transmission, WET Labs C-Star [%]
# name 26 = flag: flag
# span 0 =         39,        684       
# span 1 = 303.624126, 303.625993       
# span 2 =    0.00263,    0.04744       
# span 3 =     0.1579,     2.8464       
# span 4 =      9.472,    170.784       
# span 5 =      1.016,     96.764       
# span 6 =  46594.569,  49254.016       
# span 7 =    29.2233,    31.1151       
# span 8 =     8.1580,     8.7081       
# span 9 =      1.000,     96.000       
# span 10 =     8.1836,     8.7036      
# span 11 =    22.7192,    24.1242      
# span 12 =     5.1487,     6.2848      
# span 13 =     7.3579,     8.9815      
# span 14 =     77.272,     92.275      
# span 15 =    224.525,    274.387      
# span 16 =    229.941,    280.677      
# span 17 =   -0.01123,    0.06464      
# span 18 =    6.66310,    6.82842      
# span 19 =    9.52223,    9.75850      
# span 20 =  290.56428,  298.18280      
# span 21 =   15.03117,   15.40271      
# span 22 = 4.3130e-02, 7.2916e+01      
# span 23 =     0.3671,     0.8390      
# span 24 =     0.8955,     6.3902      
# span 25 =    23.1751,    79.9406      
# span 26 = 0.0000e+00, 0.0000e+00      
# interval = meters: 1                  
# start_time = Oct 30 2019 14:58:35 [Instrument's time stamp, header]
# bad_flag = -9.990e-29
*END*
         39 303.624126    0.00263     0.1579      9.472      1.016  46594.569    29.2233     8.1580      1.000     8.1836    22.7192     5.6756     8.1110     83.115    247.843    253.473    0.00101    6.82842    9.75850  298.18280   15.40271 4.6175e+01     0.6393     6.3902    23.1751 0.0000e+00
        291 303.624856    0.02015     1.2089     72.535      2.032  46974.722    29.4917     8.1953      2.000     8.1916    22.9244     6.2848     8.9815     92.275    274.387    280.677    0.06464    6.81071    9.73318  297.34960   15.36183 7.2916e+01     0.7940     4.0054    35.8293 0.0000e+00
        266 303.624783    0.01839     1.1036     66.215      3.023  47086.453    29.5698     8.2013      3.000     8.2160    22.9847     6.1462     8.7836     90.301    268.322    274.489    0.03466    6.80635    9.72695  297.14162   15.35158 2.4231e+01     0.8301     4.5599    31.9891 0.0000e+00
        270 303.624796    0.01871     1.1225     67.351      4.046  47243.092    29.6834     8.2373      4.000     8.2640    23.0686     6.1065     8.7268     89.858    266.566    272.716    0.02126    6.79576    9.71182  296.65520   15.32790 9.8351e+00     0.8390     4.3620    33.6073 0.0000e+00
        274 303.624806    0.01895     1.1371     68.226      5.039  47854.461    30.1178     8.3033      5.000     8.3736    23.3996     6.0623     8.6637     89.593    264.553    270.743    0.01429    6.76648    9.66998  295.28172   15.26053 4.8495e+00     0.8128     3.9398    37.4410 0.0000e+00
        278 303.624818    0.01925     1.1550     69.299      6.059  47907.980    30.1713     8.4193      6.000     8.4340    23.4250     6.0153     8.5964     89.162    262.492    268.641    0.00780    6.74641    9.64130  294.39841   15.21814 2.6338e+00     0.7799     2.6190    51.9761 0.0000e+00
        282 303.624830    0.01954     1.1724     70.341      7.065  47900.309    30.1685     8.4404      7.000     8.4430    23.4198     5.9191     8.4590     87.777    258.297    264.347   -0.00251    6.74332    9.63688  294.26492   15.21178 1.6618e+00     0.6481     2.2669    56.7546 0.0000e+00
        287 303.624843    0.01983     1.1901     71.409      8.077  47891.755    30.1626     8.4438      8.000     8.4435    23.4147     5.8286     8.3296     86.439    254.351    260.306   -0.01123    6.74307    9.63651  294.25557   15.21136 1.1546e+00     0.6036     2.0997    59.1676 0.0000e+00
        291 303.624854    0.02011     1.2064     72.386      9.086  47892.073    30.1627     8.4456      9.000     8.4441    23.4145     5.8163     8.3120     86.258    253.810    259.753   -0.00982    6.74279    9.63612  294.24355   15.21078 7.9423e-01     0.6089     1.9564    61.3169 0.0000e+00
        294 303.624865    0.02038     1.2228     73.366     10.088  47918.749    30.1810     8.4465     10.000     8.4498    23.4287     5.8230     8.3216     86.371    254.102    260.055   -0.00649    6.74185    9.63478  294.19847   15.20855 5.3257e-01     0.5741     1.9409    61.5562 0.0000e+00
        299 303.624879    0.02072     1.2432     74.593     11.112  47926.887    30.1874     8.4548     11.000     8.4553    23.4326     5.8321     8.3347     86.526    254.499    260.463   -0.00351    6.74031    9.63258  294.13032   15.20528 3.6657e-01     0.5746     1.8534    62.9179 0.0000e+00
        303 303.624891    0.02098     1.2591     75.545     12.111  47965.516    30.2145     8.4589     12.000     8.4631    23.4532     5.8315     8.3338     86.540    254.465    260.434   -0.00242    6.73849    9.62998  294.04472   15.20108 2.5820e-01     0.5773     1.8857    62.4126 0.0000e+00
        308 303.624903    0.02129     1.2772     76.631     13.118  47974.551    30.2216     8.4679     13.000     8.4682    23.4575     5.8303     8.3321     86.544    254.414    260.382   -0.00183    6.73683    9.62760  293.97086   15.19752 1.8652e-01     0.5988     1.8100    63.6057 0.0000e+00
        313 303.624918    0.02166     1.2993     77.957     14.143  47999.977    30.2395     8.4718     14.000     8.4731    23.4709     5.8249     8.3244     86.482    254.175    260.141   -0.00151    6.73546    9.62564  293.90716   15.19440 1.3425e-01     0.5911     1.7596    64.4116 0.0000e+00
        317 303.624930    0.02192     1.3153     78.917     15.135  48011.512    30.2479     8.4768     15.000     8.4765    23.4768     5.8190     8.3159     86.408    253.915    259.877   -0.00176    6.73432    9.62402  293.85595   15.19192 1.0561e-01     0.5800     1.7976    63.8028 0.0000e+00
        322 303.624944    0.02227     1.3363     80.176     16.154  48012.420    30.2483     8.4786     16.000     8.4772    23.4769     5.8157     8.3112     86.364    253.773    259.732   -0.00150    6.73404    9.62361  293.84345   15.19133 8.3508e-02     0.5562     1.7506    64.5555 0.0000e+00
        327 303.624959    0.02264     1.3581     81.488     17.160  48017.455    30.2514     8.4793     17.000     8.4786    23.4793     5.8060     8.2973     86.222    253.347    259.295   -0.00186    6.73379    9.62326  293.83215   15.19077 6.8925e-02     0.5615     1.7362    64.7891 0.0000e+00
        332 303.624974    0.02299     1.3790     82.742     18.179  48087.831    30.3010     8.4855     18.000     8.4914    23.5172     5.7951     8.2817     86.099    252.861    258.808   -0.00223    6.73066    9.61880  293.68490   15.18354 6.0242e-02     0.5310     1.7494    64.5777 0.0000e+00
        336 303.624985    0.02326     1.3957     83.739     19.174  48107.844    30.3165     8.4992     19.000     8.5019    23.5274     5.7987     8.2869     86.188    253.018    258.970   -0.00106    6.72793    9.61488  293.56244   15.17763 5.4986e-02     0.5418     1.9451    61.4939 0.0000e+00
        341 303.625000    0.02362     1.4170     85.020     20.199  48121.930    30.3273     8.5090     20.000     8.5100    23.5344     5.7826     8.2639     85.974    252.314    258.251   -0.00189    6.72596    9.61207  293.47482   15.17340 5.0948e-02     0.5242     1.8865    62.3963 0.0000e+00
        345 303.625012    0.02389     1.4333     85.998     21.194  48176.773    30.3667     8.5199     21.000     8.5265    23.5637     5.7665     8.2409     85.778    251.603    257.532   -0.00288    6.72259    9.60725  293.31914   15.16580 4.8660e-02     0.5334     1.8654    62.7306 0.0000e+00
        350 303.625025    0.02422     1.4532     87.192     22.217  48210.543    30.3928     8.5408     22.000     8.5468    23.5811     5.7671     8.2417     85.842    251.625    257.559   -0.00165    6.71830    9.60113  293.12714   15.15653 4.7013e-02     0.5322     1.7723    64.2062 0.0000e+00
        354 303.625037    0.02448     1.4689     88.137     23.212  48309.104    30.4639     8.5600     23.000     8.5842    23.6340     5.7575     8.2281     85.776    251.195    257.132   -0.00157    6.71229    9.59254  292.84983   15.14299 4.5973e-02     0.5343     1.7698    64.2470 0.0000e+00
        358 303.625049    0.02480     1.4881     89.287     24.229  48354.415    30.5032     8.6163     24.000     8.6243    23.6565     5.7490     8.2159     85.780    250.820    256.753   -0.00116    6.70209    9.57797  292.39836   15.12127 4.5134e-02     0.5332     1.6719    65.8396 0.0000e+00
        363 303.625064    0.02514     1.5085     90.512     25.242  48395.829    30.5343     8.6348     25.000     8.6377    23.6782     5.7299     8.1887     85.548    249.981    255.900   -0.00210    6.69796    9.57206  292.21200   15.11224 4.4602e-02     0.5053     1.5776    67.4103 0.0000e+00
        367 303.625076    0.02543     1.5258     91.548     26.245  48466.928    30.5855     8.6482     26.000     8.6544    23.7163     5.7047     8.1525     85.224    248.868    254.770   -0.00363    6.69373    9.56602  292.01667   15.10270 4.4292e-02     0.5002     1.4925    68.8624 0.0000e+00
        372 303.625089    0.02575     1.5452     92.713     27.253  48537.956    30.6377     8.6684     27.000     8.6746    23.7541     5.6957     8.1396     85.157    248.466    254.368   -0.00317    6.68843    9.55843  291.77438   15.09091 4.3980e-02     0.4742     1.3760    70.8955 0.0000e+00
        377 303.625105    0.02614     1.5682     94.095     28.269  48579.758    30.6696     8.6908     28.000     8.6919    23.7758     5.6944     8.1379     85.198    248.404    254.310   -0.00173    6.68369    9.55166  291.56165   15.08062 4.3757e-02     0.4688     1.2196    73.7241 0.0000e+00
        382 303.625120    0.02648     1.5887     95.321     29.280  48579.566    30.6699     8.6968     29.000     8.6942    23.7752     5.6800     8.1175     84.997    247.783    253.675   -0.00238    6.68278    9.55036  291.52190   15.07872 4.3659e-02     0.4424     1.1220    75.5389 0.0000e+00
        387 303.625132    0.02678     1.6068     96.406     30.277  48579.214    30.6692     8.6972     30.000     8.6943    23.7747     5.6691     8.1018     84.832    247.303    253.183   -0.00289    6.68275    9.55031  291.52054   15.07866 4.3539e-02     0.4415     1.1060    75.8435 0.0000e+00
        393 303.625149    0.02719     1.6318     97.908     31.308  48585.489    30.6733     8.6975     31.000     8.6944    23.7778     5.6682     8.1004     84.821    247.261    253.141   -0.00187    6.68252    9.55000  291.51006   15.07814 4.3453e-02     0.4494     1.0771    76.3940 0.0000e+00
        397 303.625161    0.02747     1.6482     98.891     32.301  48589.285    30.6755     8.6978     32.000     8.6949    23.7795     5.6661     8.0975     84.793    247.174    253.051   -0.00161    6.68238    9.54979  291.50322   15.07781 4.3482e-02     0.4469     1.1222    75.5372 0.0000e+00
        401 303.625174    0.02778     1.6664     99.986     33.312  48598.606    30.6818     8.6989     33.000     8.6963    23.7842     5.6664     8.0979     84.802    247.182    253.062   -0.00122    6.68194    9.54916  291.48268   15.07680 4.3386e-02     0.4373     1.1219    75.5438 0.0000e+00
        406 303.625188    0.02812     1.6871    101.228     34.327  48601.478    30.6835     8.7001     34.000     8.6969    23.7855     5.6720     8.1058     84.888    247.424    253.309   -0.00030    6.68169    9.54881  291.47167   15.07626 4.3284e-02     0.4354     1.0954    76.0453 0.0000e+00
        410 303.625200    0.02841     1.7048    102.286     35.337  48606.507    30.6866     8.7007     35.000     8.6972    23.7878     5.6697     8.1025     84.856    247.324    253.207   -0.00046    6.68148    9.54849  291.46130   15.07576 4.3250e-02     0.4236     1.1104    75.7606 0.0000e+00
        414 303.625211    0.02867     1.7202    103.212     36.337  48616.422    30.6932     8.7008     36.000     8.6972    23.7930     5.6628     8.0926     84.757    247.021    252.898   -0.00102    6.68117    9.54805  291.44660   15.07503 4.3302e-02     0.4323     1.1071    75.8238 0.0000e+00
        418 303.625224    0.02899     1.7393    104.359     37.358  48638.259    30.7080     8.7010     37.000     8.6979    23.8046     5.6623     8.0920     84.759    246.998    252.877   -0.00083    6.68048    9.54708  291.41346   15.07339 4.3204e-02     0.4400     1.0591    76.7391 0.0000e+00
        422 303.625235    0.02926     1.7557    105.340     38.358  48647.850    30.7145     8.7022     38.000     8.6985    23.8095     5.6678     8.0999     84.848    247.239    253.126   -0.00017    6.68004    9.54644  291.39245   15.07236 4.3213e-02     0.4395     1.0293    77.3116 0.0000e+00
        427 303.625248    0.02955     1.7735    106.409     39.376  48655.874    30.7197     8.7024     39.000     8.6984    23.8136     5.6778     8.1142     85.000    247.674    253.573    0.00082    6.67978    9.54608  291.38039   15.07176 4.3265e-02     0.4184     0.9880    78.1133 0.0000e+00
        431 303.625259    0.02983     1.7899    107.397     40.377  48662.254    30.7237     8.7026     40.000     8.6988    23.8167     5.6774     8.1136     84.997    247.655    253.553    0.00061    6.67958    9.54579  291.37065   15.07127 4.3220e-02     0.4327     0.9810    78.2503 0.0000e+00
        435 303.625273    0.03015     1.8091    108.543     41.393  48677.448    30.7340     8.7034     41.000     8.6998    23.8246     5.6768     8.1128     84.995    247.629    253.529    0.00031    6.67900    9.54497  291.34312   15.06992 4.3163e-02     0.4655     0.9695    78.4764 0.0000e+00
        440 303.625285    0.03046     1.8275    109.648     42.402  48690.931    30.7432     8.7045     42.000     8.7010    23.8317     5.6685     8.1008     84.877    247.262    253.155   -0.00055    6.67845    9.54416  291.31680   15.06862 4.3241e-02     0.4454     0.9515    78.8303 0.0000e+00
        444 303.625297    0.03073     1.8443    110.660     43.413  48708.642    30.7554     8.7062     43.000     8.7028    23.8409     5.6608     8.0899     84.773    246.926    252.813   -0.00116    6.67766    9.54304  291.27994   15.06682 4.3165e-02     0.4278     0.9472    78.9161 0.0000e+00
        448 303.625309    0.03101     1.8609    111.654     44.413  48724.834    30.7665     8.7076     44.000     8.7036    23.8495     5.6589     8.0871     84.752    246.838    252.725   -0.00109    6.67697    9.54205  291.24710   15.06520 4.3181e-02     0.4236     0.9322    79.2120 0.0000e+00
        453 303.625323    0.03138     1.8825    112.950     45.436  48750.565    30.7841     8.7081     45.000     8.7031    23.8632     5.6535     8.0793     84.681    246.598    252.483   -0.00115    6.67613    9.54086  291.20694   15.06321 4.3141e-02     0.4165     0.8955    79.9406 0.0000e+00
        457 303.625336    0.03167     1.8998    113.986     46.443  48773.464    30.7995     8.7069     46.000     8.7010    23.8754     5.6468     8.0698     84.588    246.305    252.185   -0.00160    6.67566    9.54019  291.18287   15.06200 4.3155e-02     0.4208     0.9121    79.6095 0.0000e+00
        461 303.625346    0.03192     1.9153    114.917     47.442  48792.452    30.8121     8.7046     47.000     8.6989    23.8856     5.6436     8.0654     84.543    246.165    252.045   -0.00141    6.67545    9.53989  291.17088   15.06137 4.3185e-02     0.4215     0.9494    78.8719 0.0000e+00
        465 303.625360    0.03224     1.9344    116.066     48.463  48810.382    30.8238     8.7022     48.000     8.6954    23.8952     5.6286     8.0439     84.320    245.507    251.374   -0.00242    6.67530    9.53967  291.16151   15.06087 4.3168e-02     0.4107     0.9724    78.4200 0.0000e+00
        469 303.625371    0.03252     1.9512    117.074     49.469  48823.376    30.8317     8.6967     49.000     8.6884    23.9022     5.6064     8.0122     83.982    244.539    250.383   -0.00386    6.67579    9.54037  291.18096   15.06178 4.3195e-02     0.4175     1.0658    76.6125 0.0000e+00
        473 303.625383    0.03280     1.9676    118.058     50.473  48832.107    30.8366     8.6910     50.000     8.6844    23.9069     5.5775     7.9707     83.539    243.272    249.088   -0.00568    6.67642    9.54129  291.20747   15.06302 4.3238e-02     0.4036     1.1310    75.3712 0.0000e+00
        478 303.625396    0.03312     1.9872    119.234     51.490  48835.611    30.8383     8.6891     51.000     8.6839    23.9085     5.5504     7.9321     83.132    242.093    247.881   -0.00660    6.67663    9.54158  291.21586   15.06342 4.3162e-02     0.4140     1.1458    75.0928 0.0000e+00
        482 303.625409    0.03342     2.0054    120.323     52.497  48836.362    30.8383     8.6884     52.000     8.6827    23.9086     5.5334     7.9078     82.876    241.353    247.123   -0.00646    6.67675    9.54174  291.22095   15.06366 4.3204e-02     0.4174     1.1644    74.7445 0.0000e+00
        486 303.625421    0.03371     2.0227    121.361     53.508  48837.388    30.8383     8.6867     53.000     8.6776    23.9089     5.5299     7.9028     82.820    241.199    246.966   -0.00507    6.67700    9.54210  291.23190   15.06418 4.3244e-02     0.4070     1.1821    74.4141 0.0000e+00
