CTD-processing/allCTD/CNV/2019_02-07_t9_s08_cast072_4141.cnv
* Sea-Bird SBE19plus Data File:
* FileName = C:\Users\Kim.Powell\Desktop\Not Processed\2019\2019_02-08\2019_02-08_TRANSECT_STATION_cast072.hex
* Software Version 1.59
* Temperature SN =  4141
* Conductivity SN =  4141
* System UpLoad Time = Mar 19 2019 08:34:40
** 2018_02-07
** Station: 9-08
** Start Time: 16:24
** Depth (m): 97
** Comment:
** Comment:
# nquan = 27
# nvalues = 94                          
# units = specified
# name 0 = scan: Scan Count
# name 1 = timeJ: Julian Days
# name 2 = timeH: Time, Elapsed [hours]
# name 3 = timeM: Time, Elapsed [minutes]
# name 4 = timeS: Time, Elapsed [seconds]
# name 5 = prdM: Pressure, Strain Gauge [db]
# name 6 = specc: Specific Conductance [uS/cm]
# name 7 = sal00: Salinity, Practical [PSU]
# name 8 = tv290C: Temperature [ITS-90, deg C]
# name 9 = depSM: Depth [salt water, m], lat = 59.00
# name 10 = potemp090C: Potential Temperature [ITS-90, deg C]
# name 11 = sigma-é00: Density [sigma-theta, kg/m^3]
# name 12 = sbeox0ML/L: Oxygen, SBE 43 [ml/l]
# name 13 = sbeox0Mg/L: Oxygen, SBE 43 [mg/l]
# name 14 = sbeox0PS: Oxygen, SBE 43 [% saturation]
# name 15 = sbox0Mm/Kg: Oxygen, SBE 43 [umol/kg]
# name 16 = sbeox0Mm/L: Oxygen, SBE 43 [umol/l]
# name 17 = sbox0dV/dT: Oxygen, SBE 43 [dov/dt]
# name 18 = oxsolML/L: Oxygen Saturation, Garcia & Gordon [ml/l]
# name 19 = oxsolMg/L: Oxygen Saturation, Garcia & Gordon [mg/l]
# name 20 = oxsolMm/Kg: Oxygen Saturation, Garcia & Gordon [umol/kg]
# name 21 = n2satMg/L: Nitrogen Saturation [mg/l]
# name 22 = par: PAR/Irradiance, Biospherical/Licor
# name 23 = wetStar: Fluorescence, WET Labs WETstar [mg/m^3]
# name 24 = CStarAt0: Beam Attenuation, WET Labs C-Star [1/m]
# name 25 = CStarTr0: Beam Transmission, WET Labs C-Star [%]
# name 26 = flag: flag
# span 0 =        367,        781       
# span 1 =  38.684797,  38.685996       
# span 2 =    0.02543,    0.05419       
# span 3 =     1.5253,     3.2515       
# span 4 =     91.523,    195.087       
# span 5 =      1.041,     94.889       
# span 6 =  50280.664,  50535.683       
# span 7 =    31.1010,    31.5481       
# span 8 =     4.4820,     6.0003       
# span 9 =      1.000,     94.000       
# span 10 =     4.4818,     5.9927      
# span 11 =    24.6387,    24.8268      
# span 12 =     6.4819,     6.7583      
# span 13 =     9.2632,     9.6583      
# span 14 =     91.386,     92.400      
# span 15 =    282.476,    294.569      
# span 16 =    289.480,    301.827      
# span 17 =   -0.00227,    0.00299      
# span 18 =    7.06881,    7.35108      
# span 19 =   10.10203,   10.50543      
# span 20 =  308.04517,  320.40326      
# span 21 =   15.86339,   16.45349      
# span 22 = 3.6170e-02, 5.0052e+01      
# span 23 =     0.3684,     0.6451      
# span 24 =     0.5750,     1.1208      
# span 25 =    75.5630,    86.6106      
# span 26 = 0.0000e+00, 0.0000e+00      
# interval = meters: 1                  
# start_time = Feb 07 2019 16:24:35 [Instrument's time stamp, header]
# bad_flag = -9.990e-29
*END*
        367  38.684797    0.02543     1.5253     91.523      1.041  50280.664    31.1031     4.4941      1.000     4.4933    24.6395     6.7487     9.6446     91.828    294.147    301.396   -0.00000    7.34918   10.50270  320.32127   16.44962 5.0052e+01     0.5797     0.8159    81.5474 0.0000e+00
        372  38.684812    0.02576     1.5461     92.763      2.023  50284.825    31.1047     4.4910      2.000     4.4889    24.6411     6.7540     9.6521     91.895    294.378    301.632    0.00021    7.34963   10.50335  320.34064   16.45053 3.5628e+01     0.5906     0.8635    80.5843 0.0000e+00
        376  38.684824    0.02606     1.5636     93.815      3.027  50282.029    31.1010     4.4850      3.000     4.4818    24.6387     6.7583     9.6583     91.939    294.569    301.827    0.00037    7.35087   10.50513  320.39578   16.45316 2.4640e+01     0.6154     0.8873    80.1057 0.0000e+00
        380  38.684836    0.02635     1.5809     94.853      4.041  50293.071    31.1074     4.4820      4.000     4.4834    24.6441     6.7534     9.6513     91.870    294.355    301.609   -0.00015    7.35108   10.50543  320.40326   16.45349 1.8798e+01     0.6348     0.8870    80.1114 0.0000e+00
        384  38.684848    0.02662     1.5970     95.822      5.045  50302.888    31.1147     4.4867      5.000     4.4923    24.6493     6.7500     9.6465     91.838    294.205    301.457   -0.00042    7.34989   10.50373  320.34979   16.45092 1.4979e+01     0.6324     0.8943    79.9663 0.0000e+00
        388  38.684859    0.02690     1.6141     96.847      6.057  50303.794    31.1178     4.5006      6.000     4.5056    24.6505     6.7556     9.6545     91.947    294.448    301.707    0.00024    7.34727   10.49998  320.23503   16.44545 1.1898e+01     0.6451     0.8899    80.0528 0.0000e+00
        393  38.684872    0.02719     1.6313     97.880      7.067  50295.450    31.1136     4.5094      7.000     4.5100    24.6463     6.7571     9.6566     91.985    294.513    301.772    0.00038    7.34591   10.49804  320.17707   16.44271 9.6664e+00     0.6219     0.8845    80.1613 0.0000e+00
        397  38.684883    0.02747     1.6485     98.909      8.077  50292.926    31.1115     4.5100      8.000     4.5109    24.6445     6.7532     9.6510     91.931    294.343    301.598   -0.00003    7.34591   10.49804  320.17766   16.44275 7.8458e+00     0.6120     0.8841    80.1707 0.0000e+00
        401  38.684895    0.02775     1.6648     99.889      9.083  50336.075    31.1438     4.5247      9.000     4.5426    24.6687     6.7461     9.6409     91.888    294.028    301.282   -0.00044    7.34170   10.49204  319.98702   16.43354 6.2936e+00     0.6055     0.8814    80.2222 0.0000e+00
        405  38.684907    0.02805     1.6826    100.955     10.095  50294.637    31.1200     4.5473     10.000     4.5472    24.6475     6.7510     9.6478     91.990    294.247    301.499    0.00026    7.33887   10.48798  319.86987   16.42807 5.0430e+00     0.5994     0.8729    80.3942 0.0000e+00
        409  38.684919    0.02834     1.7003    102.016     11.100  50312.385    31.1327     4.5524     11.000     4.5597    24.6571     6.7466     9.6416     91.950    294.055    301.306   -0.00010    7.33732   10.48577  319.79953   16.42467 4.0617e+00     0.5955     0.8664    80.5265 0.0000e+00
        414  38.684933    0.02866     1.7197    103.182     12.118  50323.266    31.1448     4.5751     12.000     4.5871    24.6644     6.7430     9.6364     91.958    293.894    301.143   -0.00010    7.33272   10.47919  319.59647   16.41497 3.2925e+00     0.6026     0.8607    80.6411 0.0000e+00
        418  38.684944    0.02894     1.7365    104.191     13.126  50311.592    31.1410     4.5964     13.000     4.6028    24.6592     6.7417     9.6346     91.985    293.839    301.084    0.00009    7.32914   10.47407  319.44199   16.40763 2.6486e+00     0.5976     0.8512    80.8322 0.0000e+00
        422  38.684955    0.02921     1.7521    105.126     14.128  50314.341    31.1458     4.6122     14.000     4.6197    24.6615     6.7386     9.6302     91.981    293.703    300.947   -0.00005    7.32610   10.46973  319.30898   16.40129 2.1406e+00     0.5942     0.8519    80.8172 0.0000e+00
        426  38.684968    0.02950     1.7702    106.215     15.146  50338.106    31.1668     4.6357     15.000     4.6546    24.6757     6.7407     9.6332     92.076    293.793    301.042    0.00044    7.32092   10.46232  319.07874   16.39024 1.7286e+00     0.5829     0.8395    81.0687 0.0000e+00
        430  38.684980    0.02979     1.7877    107.264     16.149  50379.525    31.2048     4.6821     16.000     4.7227    24.7011     6.7346     9.6244     92.118    293.517    300.768    0.00057    7.31087   10.44797  318.63284   16.36888 1.4130e+00     0.5811     0.8244    81.3756 0.0000e+00
        434  38.684992    0.03010     1.8060    108.361     17.166  50339.942    31.1981     4.7775     17.000     4.7955    24.6859     6.7374     9.6284     92.363    293.642    300.890    0.00174    7.29441   10.42444  317.92034   16.33500 1.1553e+00     0.5858     0.7956    81.9637 0.0000e+00
        438  38.685004    0.03037     1.8218    109.310     18.169  50342.636    31.2061     4.8082     18.000     4.8252    24.6891     6.7337     9.6232     92.387    293.483    300.730    0.00172    7.28864   10.41619  317.66759   16.32294 9.5042e-01     0.5568     0.7741    82.4039 0.0000e+00
        442  38.685015    0.03063     1.8382    110.291     19.178  50282.968    31.1705     4.8346     19.000     4.8246    24.6581     6.7168     9.5990     92.191    292.753    299.972    0.00014    7.28575   10.41206  317.55123   16.31755 7.8132e-01     0.5422     0.7651    82.5900 0.0000e+00
        446  38.685027    0.03093     1.8562    111.374     20.189  50414.261    31.2599     4.8343     20.000     4.8902    24.7289     6.6874     9.5570     91.842    291.452    298.659   -0.00192    7.28144   10.40590  317.34149   16.30721 6.4428e-01     0.5499     0.7601    82.6935 0.0000e+00
        451  38.685041    0.03126     1.8757    112.542     21.201  50364.956    31.2548     4.9701     21.000     4.9945    24.7106     6.6961     9.5695     92.259    291.839    299.050    0.00065    7.25799   10.37239  316.32523   16.25886 5.3818e-01     0.5380     0.7302    83.3150 0.0000e+00
        456  38.685054    0.03157     1.8939    113.637     22.209  50312.083    31.2252     5.0036     22.000     5.0035    24.6836     6.7023     9.5782     92.400    292.113    299.323    0.00175    7.25359   10.36611  316.14212   16.25027 4.4958e-01     0.5320     0.7025    83.8931 0.0000e+00
        460  38.685066    0.03186     1.9112    114.672     23.217  50313.573    31.2260     5.0049     23.000     5.0061    24.6841     6.6668     9.5276     91.914    290.567    297.739   -0.00161    7.25333   10.36573  316.13023   16.24970 3.7426e-01     0.5065     0.6954    84.0427 0.0000e+00
        464  38.685079    0.03218     1.9310    115.863     24.227  50307.035    31.2219     5.0092     24.000     5.0052    24.6804     6.6543     9.5097     91.749    290.024    297.182   -0.00220    7.25278   10.36495  316.10748   16.24864 3.1580e-01     0.5118     0.6877    84.2054 0.0000e+00
        469  38.685094    0.03253     1.9520    117.122     25.238  50313.089    31.2246     5.0047     25.000     5.0028    24.6831     6.6469     9.4991     91.638    289.700    296.850   -0.00227    7.25344   10.36589  316.13528   16.24995 2.6486e-01     0.5006     0.6850    84.2627 0.0000e+00
        474  38.685107    0.03285     1.9711    118.266     26.250  50311.590    31.2227     5.0025     26.000     4.9995    24.6817     6.6416     9.4915     91.559    289.471    296.615   -0.00214    7.25392   10.36657  316.15653   16.25097 2.2246e-01     0.5075     0.6883    84.1911 0.0000e+00
        478  38.685119    0.03313     1.9881    119.284     27.254  50341.673    31.2428     5.0022     27.000     5.0166    24.6977     6.6455     9.4970     91.624    289.633    296.786   -0.00136    7.25299   10.36526  316.11160   16.24875 1.8682e-01     0.5190     0.6941    84.0706 0.0000e+00
        483  38.685132    0.03344     2.0067    120.404     28.266  50333.366    31.2455     5.0444     28.000     5.0499    24.6954     6.6538     9.5090     91.833    289.998    297.160    0.00011    7.24553   10.35458  315.78666   16.23327 1.5834e-01     0.5088     0.6854    84.2517 0.0000e+00
        487  38.685145    0.03375     2.0252    121.515     29.278  50340.026    31.2521     5.0561     29.000     5.0653    24.6993     6.6532     9.5080     91.854    289.969    297.131    0.00028    7.24319   10.35125  315.68382   16.22835 1.3527e-01     0.5006     0.6761    84.4493 0.0000e+00
        491  38.685156    0.03403     2.0420    122.518     30.283  50334.101    31.2523     5.0783     30.000     5.0841    24.6971     6.6441     9.4951     91.778    289.574    296.725   -0.00029    7.23931   10.34570  315.51528   16.22032 1.1599e-01     0.4989     0.6731    84.5117 0.0000e+00
        495  38.685169    0.03433     2.0594    123.566     31.299  50333.343    31.2546     5.0943     31.000     5.0991    24.6972     6.6412     9.4910     91.775    289.448    296.597   -0.00034    7.23643   10.34158  315.38967   16.21434 9.9950e-02     0.4982     0.6645    84.6946 0.0000e+00
        499  38.685180    0.03460     2.0759    124.555     32.299  50327.044    31.2525     5.1070     32.000     5.1075    24.6942     6.6370     9.4850     91.743    289.266    296.409   -0.00043    7.23435   10.33860  315.29976   16.21007 8.7844e-02     0.4938     0.6593    84.8025 0.0000e+00
        504  38.685194    0.03493     2.0956    125.738     33.318  50321.100    31.2487     5.1110     33.000     5.1083    24.6908     6.6329     9.4791     91.692    289.087    296.224   -0.00065    7.23384   10.33788  315.27860   16.20908 7.7574e-02     0.4890     0.6520    84.9593 0.0000e+00
        508  38.685206    0.03522     2.1130    126.779     34.320  50323.513    31.2499     5.1106     34.000     5.1083    24.6917     6.6276     9.4715     91.620    288.858    295.990   -0.00096    7.23384   10.33788  315.27847   16.20906 6.9523e-02     0.4933     0.6538    84.9220 0.0000e+00
        513  38.685219    0.03552     2.1313    127.877     35.336  50314.079    31.2424     5.1084     35.000     5.1017    24.6861     6.6235     9.4658     91.554    288.682    295.809   -0.00112    7.23458   10.33894  315.31256   16.21072 6.2824e-02     0.4822     0.6537    84.9229 0.0000e+00
        517  38.685231    0.03581     2.1488    128.926     36.340  50318.562    31.2432     5.1001     36.000     5.0952    24.6876     6.6166     9.4558     91.440    288.379    295.498   -0.00160    7.23598   10.34094  315.37324   16.21360 5.7276e-02     0.4883     0.6566    84.8629 0.0000e+00
        521  38.685244    0.03614     2.1684    130.106     37.354  50325.972    31.2473     5.0972     37.000     5.0959    24.6911     6.6204     9.4612     91.489    288.544    295.668   -0.00102    7.23628   10.34137  315.38503   16.21415 5.2863e-02     0.4796     0.6522    84.9552 0.0000e+00
        526  38.685257    0.03645     2.1871    131.223     38.362  50336.869    31.2558     5.1046     38.000     5.1078    24.6971     6.6284     9.4726     91.621    288.889    296.024   -0.00001    7.23459   10.33896  315.30981   16.21053 4.9563e-02     0.4775     0.6530    84.9391 0.0000e+00
        530  38.685270    0.03676     2.2055    132.333     39.372  50346.137    31.2647     5.1190     39.000     5.1251    24.7026     6.6226     9.4644     91.578    288.638    295.768   -0.00029    7.23168   10.33479  315.18104   16.20437 4.6858e-02     0.4693     0.6517    84.9669 0.0000e+00
        535  38.685283    0.03707     2.2244    133.463     40.381  50339.890    31.2639     5.1379     40.000     5.1405    24.7000     6.6271     9.4708     91.681    288.832    295.966    0.00024    7.22844   10.33017  315.04061   16.19769 4.4424e-02     0.4810     0.6456    85.0941 0.0000e+00
        539  38.685296    0.03739     2.2436    134.619     41.393  50337.688    31.2641     5.1482     41.000     5.1497    24.6989     6.6260     9.4692     91.689    288.786    295.918    0.00026    7.22667   10.32763  314.96349   16.19402 4.2626e-02     0.4758     0.6424    85.1623 0.0000e+00
        544  38.685309    0.03770     2.2617    135.701     42.399  50341.791    31.2686     5.1588     42.000     5.1604    24.7014     6.6236     9.4659     91.682    288.682    295.813    0.00006    7.22460   10.32468  314.87309   16.18969 4.1072e-02     0.4934     0.6434    85.1419 0.0000e+00
        548  38.685322    0.03802     2.2809    136.856     43.412  50332.632    31.2637     5.1675     43.000     5.1635    24.6966     6.6187     9.4588     91.630    288.467    295.591   -0.00028    7.22335   10.32289  314.81968   16.18717 3.9756e-02     0.4623     0.6409    85.1948 0.0000e+00
        553  38.685335    0.03831     2.2990    137.940     44.420  50332.815    31.2629     5.1653     44.000     5.1615    24.6962     6.6135     9.4514     91.552    288.242    295.360   -0.00069    7.22377   10.32349  314.83835   16.18806 3.8878e-02     0.4669     0.6413    85.1867 0.0000e+00
        557  38.685347    0.03861     2.3168    139.011     45.433  50339.296    31.2668     5.1651     45.000     5.1639    24.6993     6.6129     9.4505     91.546    288.213    295.332   -0.00074    7.22361   10.32327  314.83041   16.18766 3.7998e-02     0.4691     0.6408    85.1970 0.0000e+00
        561  38.685359    0.03890     2.3338    140.030     46.438  50336.329    31.2650     5.1689     46.000     5.1657    24.6975     6.6178     9.4575     91.621    288.428    295.551   -0.00013    7.22305   10.32246  314.80625   16.18653 3.7304e-02     0.4706     0.6442    85.1245 0.0000e+00
        565  38.685371    0.03919     2.3512    141.072     47.447  50337.549    31.2654     5.1689     47.000     5.1666    24.6978     6.6117     9.4488     91.536    288.163    295.280   -0.00056    7.22303   10.32243  314.80531   16.18648 3.6856e-02     0.4669     0.6450    85.1095 0.0000e+00
        570  38.685384    0.03950     2.3698    142.189     48.459  50348.491    31.2742     5.1771     48.000     5.1785    24.7039     6.6043     9.4383     91.458    287.840    294.951   -0.00103    7.22119   10.31980  314.72316   16.18253 3.6342e-02     0.4757     0.6417    85.1789 0.0000e+00
        574  38.685397    0.03981     2.3884    143.305     49.467  50334.832    31.2654     5.1824     49.000     5.1773    24.6963     6.6147     9.4530     91.607    288.291    295.410    0.00006    7.22070   10.31910  314.70443   16.18167 3.6179e-02     0.4754     0.6418    85.1767 0.0000e+00
        579  38.685410    0.04013     2.4076    144.456     50.478  50338.299    31.2669     5.1805     50.000     5.1764    24.6977     6.6155     9.4542     91.615    288.327    295.447    0.00004    7.22095   10.31946  314.71484   16.18217 3.6170e-02     0.4687     0.6396    85.2220 0.0000e+00
        583  38.685423    0.04044     2.4263    145.579     51.484  50338.126    31.2660     5.1793     51.000     5.1750    24.6971     6.6142     9.4523     91.594    288.269    295.388   -0.00012    7.22121   10.31982  314.72626   16.18271 3.6170e-02     0.4611     0.6437    85.1349 0.0000e+00
        588  38.685437    0.04077     2.4465    146.790     52.501  50337.935    31.2651     5.1777     52.000     5.1726    24.6966     6.6063     9.4411     91.480    287.926    295.036   -0.00075    7.22153   10.32029  314.74046   16.18340 3.6170e-02     0.4593     0.6377    85.2634 0.0000e+00
        593  38.685450    0.04109     2.4654    147.924     53.506  50345.362    31.2693     5.1755     53.000     5.1759    24.7002     6.6034     9.4369     91.438    287.799    294.908   -0.00094    7.22170   10.32053  314.74674   16.18368 3.6170e-02     0.4647     0.6422    85.1682 0.0000e+00
