CTD-processing/allCTD/CNV/2019_06-19_alongbay_skb12_cast226_4141.cnv
* Sea-Bird SBE19plus Data File:
* FileName = C:\Users\jwschloemer\Documents\CTD Data\2019_06-19_AlongBay_T9\2019_06-19_AlongBay_SKB01_Cast226.hex
* Software Version 1.59
* Temperature SN =  4141
* Conductivity SN =  4141
* System UpLoad Time = Jun 20 2019 15:47:03
** Cook Inlet LTM Along Bay
** Date: 2019_06_19
** Station:12
** Start Time (AKST):14:53
** Depth (m):27
** Comment:
# nquan = 27
# nvalues = 19                          
# units = specified
# name 0 = scan: Scan Count
# name 1 = timeJ: Julian Days
# name 2 = timeH: Time, Elapsed [hours]
# name 3 = timeM: Time, Elapsed [minutes]
# name 4 = timeS: Time, Elapsed [seconds]
# name 5 = prdM: Pressure, Strain Gauge [db]
# name 6 = specc: Specific Conductance [uS/cm]
# name 7 = sal00: Salinity, Practical [PSU]
# name 8 = tv290C: Temperature [ITS-90, deg C]
# name 9 = depSM: Depth [salt water, m], lat = 59.00
# name 10 = potemp090C: Potential Temperature [ITS-90, deg C]
# name 11 = sigma-é00: Density [sigma-theta, kg/m^3]
# name 12 = sbeox0ML/L: Oxygen, SBE 43 [ml/l]
# name 13 = sbeox0Mg/L: Oxygen, SBE 43 [mg/l]
# name 14 = sbeox0PS: Oxygen, SBE 43 [% saturation]
# name 15 = sbox0Mm/Kg: Oxygen, SBE 43 [umol/kg]
# name 16 = sbeox0Mm/L: Oxygen, SBE 43 [umol/l]
# name 17 = sbox0dV/dT: Oxygen, SBE 43 [dov/dt]
# name 18 = oxsolML/L: Oxygen Saturation, Garcia & Gordon [ml/l]
# name 19 = oxsolMg/L: Oxygen Saturation, Garcia & Gordon [mg/l]
# name 20 = oxsolMm/Kg: Oxygen Saturation, Garcia & Gordon [umol/kg]
# name 21 = n2satMg/L: Nitrogen Saturation [mg/l]
# name 22 = par: PAR/Irradiance, Biospherical/Licor
# name 23 = wetStar: Fluorescence, WET Labs WETstar [mg/m^3]
# name 24 = CStarAt0: Beam Attenuation, WET Labs C-Star [1/m]
# name 25 = CStarTr0: Beam Transmission, WET Labs C-Star [%]
# name 26 = flag: flag
# span 0 =        257,        352       
# span 1 = 170.621076, 170.621350       
# span 2 =    0.01778,    0.02437       
# span 3 =     1.0668,     1.4617       
# span 4 =     64.007,     87.700       
# span 5 =      1.028,     19.169       
# span 6 =  37635.132,  49963.312       
# span 7 =    23.4925,    31.4385       
# span 8 =     7.3925,    12.8079       
# span 9 =      1.000,     19.000       
# span 10 =     7.3881,    12.5490      
# span 11 =    17.5315,    24.5625      
# span 12 =     6.5618,     7.6171      
# span 13 =     9.3774,    10.8856      
# span 14 =     95.944,    116.262      
# span 15 =    286.034,    332.254      
# span 16 =    293.049,    340.182      
# span 17 =   -0.04995,    0.14937      
# span 18 =    6.39486,    6.84897      
# span 19 =    9.13890,    9.78785      
# span 20 =  280.67542,  298.54183      
# span 21 =   14.58949,   15.41070      
# span 22 = 4.9409e+00, 8.8103e+02      
# span 23 =     0.6875,     2.4708      
# span 24 =     0.6416,     2.5094      
# span 25 =    53.3218,    85.1834      
# span 26 = 0.0000e+00, 0.0000e+00      
# interval = meters: 1                  
# start_time = Jun 19 2019 14:53:17 [Instrument's time stamp, header]
# bad_flag = -9.990e-29
*END*
        257 170.621076    0.01778     1.0668     64.007      1.028  37635.132    23.4925    12.8079      1.000    12.5490    17.5315     7.4358    10.6265    116.262    326.350    332.084    0.14937    6.39486    9.13890  280.67542   14.58949 8.8103e+02     1.0258     2.5094    53.3218 0.0000e+00
        262 170.621091    0.01812     1.0873     65.236      2.017  44128.267    27.8672    11.2597      2.000    10.4335    21.1834     7.0469    10.0707    109.594    308.190    314.715    0.05368    6.43158    9.19138  281.27433   14.60014 4.7879e+02     1.0905     2.0701    59.6514 0.0000e+00
        267 170.621106    0.01848     1.1091     66.543      3.031  47550.920    30.0635     9.4559      3.000     9.1664    23.1861     6.7979     9.7149    103.050    296.714    303.594   -0.01727    6.59640    9.42692  287.91958   14.90907 3.1764e+02     1.4567     1.4019    70.5245 0.0000e+00
        272 170.621120    0.01882     1.1292     67.752      4.036  48373.071    30.5899     9.0835      4.000     9.0167    23.6543     7.0703    10.1042    106.662    308.464    315.760    0.00902    6.62868    9.47305  289.19623   14.96792 2.2777e+02     1.6241     0.9243    79.3783 0.0000e+00
        277 170.621135    0.01918     1.1508     69.046      5.048  48556.664    30.6878     8.8643      5.000     8.7932    23.7640     7.4903    10.7044    112.518    326.753    334.517    0.04266    6.65698    9.51349  290.39962   15.02503 1.7641e+02     2.0303     0.8102    81.6636 0.0000e+00
        282 170.621150    0.01953     1.1719     70.314      6.058  48723.286    30.7878     8.7484      6.000     8.6897    23.8594     7.6171    10.8856    114.202    332.254    340.182    0.04053    6.66994    9.53201  290.93799   15.05034 1.3865e+02     2.2608     0.7700    82.4887 0.0000e+00
        287 170.621163    0.01987     1.1924     71.545      7.063  48914.944    30.8923     8.5456      7.000     8.4766    23.9712     7.4889    10.7025    111.845    326.627    334.456    0.01279    6.69585    9.56904  292.03623   15.10237 1.0820e+02     2.3267     0.7152    83.6260 0.0000e+00
        293 170.621180    0.02025     1.2152     72.911      8.078  49112.426    31.0103     8.4114      8.000     8.3462    24.0833     7.3635    10.5232    109.724    321.120    328.854   -0.00535    6.71095    9.59061  292.66251   15.13180 8.5774e+01     2.4708     0.6416    85.1834 0.0000e+00
        298 170.621194    0.02060     1.2358     74.151      9.082  49222.321    31.0536     8.1914      9.000     8.0898    24.1490     7.3088    10.4450    108.400    318.713    326.410   -0.01199    6.74248    9.63568  294.01890   15.19640 6.9839e+01     2.4374     0.6520    84.9596 0.0000e+00
        303 170.621210    0.02098     1.2589     75.535     10.096  49404.353    31.1370     7.9111     10.000     7.8100    24.2542     7.2157    10.3120    106.400    314.622    322.253   -0.01935    6.78175    9.69180  295.70105   15.27636 5.7113e+01     2.1924     0.8631    80.6079 0.0000e+00
        309 170.621226    0.02136     1.2814     76.886     11.106  49648.309    31.2696     7.6777     11.000     7.6269    24.3908     6.9409     9.9192    101.891    302.598    309.979   -0.03958    6.81195    9.73496  296.97817   15.33678 4.5556e+01     1.6745     1.0883    76.1659 0.0000e+00
        314 170.621241    0.02173     1.3036     78.216     12.112  49783.958    31.3434     7.5534     12.000     7.5171    24.4658     6.6903     9.5611     97.982    291.651    298.786   -0.04995    6.82805    9.75796  297.65824   15.36893 3.4723e+01     1.2439     1.1713    74.6148 0.0000e+00
        319 170.621257    0.02209     1.3258     79.549     13.124  49860.737    31.3861     7.4899     13.000     7.4788    24.5080     6.5794     9.4027     96.246    286.809    293.838   -0.04393    6.83605    9.76940  297.99488   15.38482 2.5831e+01     1.0106     1.2148    73.8086 0.0000e+00
        324 170.621271    0.02246     1.3474     80.843     14.132  49888.275    31.4008     7.4657     14.000     7.4548    24.5228     6.5618     9.3774     95.944    286.034    293.049   -0.03173    6.83918    9.77387  298.12684   15.39106 1.9274e+01     0.8865     1.1607    74.8195 0.0000e+00
        330 170.621287    0.02283     1.3698     82.189     15.140  49915.519    31.4153     7.4419     15.000     7.4321    24.5375     6.5685     9.3870     95.999    286.324    293.349   -0.02077    6.84227    9.77828  298.25698   15.39720 1.4318e+01     0.8232     1.0372    77.1617 0.0000e+00
        335 170.621303    0.02321     1.3925     83.549     16.153  49940.948    31.4289     7.4195     16.000     7.4132    24.5512     6.5928     9.4218     96.313    287.380    294.435   -0.01175    6.84517    9.78243  298.37961   15.40300 1.0914e+01     0.7652     0.9794    78.2824 0.0000e+00
        341 170.621319    0.02359     1.4158     84.947     17.161  49949.279    31.4329     7.4117     17.000     7.4089    24.5554     6.6035     9.4371     96.454    287.844    294.912   -0.00688    6.84621    9.78392  298.42390   15.40510 8.4251e+00     0.7076     0.9926    78.0250 0.0000e+00
        346 170.621335    0.02397     1.4383     86.296     18.169  49950.103    31.4321     7.4063     18.000     7.4000    24.5555     6.5978     9.4289     96.359    287.595    294.657   -0.00503    6.84709    9.78518  298.46224   15.40694 6.4758e+00     0.7258     1.0101    77.6843 0.0000e+00
        352 170.621350    0.02437     1.4617     87.700     19.169  49963.312    31.4385     7.3925     19.000     7.3881    24.5625     6.5966     9.4272     96.316    287.542    294.605   -0.00384    6.84897    9.78785  298.54183   15.41070 4.9409e+00     0.6875     1.0799    76.3373 0.0000e+00
