CTD-processing/allCTD/CNV/2019_10-30_t9_01_cast013_4141.cnv
* Sea-Bird SBE19plus Data File:
* FileName = C:\Users\Chris\Desktop\EVOSTC GWA LTM\CTD Data\2019_10-30_T9_01_Cast013.hex
* Software Version 1.59
* Temperature SN =  4141
* Conductivity SN =  4141
* System UpLoad Time = Nov 01 2019 13:33:02
** Cook Inlet LTM T9
** Date: 2019_10-30
** Station:1
** Start Time: (AKST):14:21
** Depth (m):
** Comment:Depth not recorded
** Comment:
# nquan = 27
# nvalues = 58                          
# units = specified
# name 0 = scan: Scan Count
# name 1 = timeJ: Julian Days
# name 2 = timeH: Time, Elapsed [hours]
# name 3 = timeM: Time, Elapsed [minutes]
# name 4 = timeS: Time, Elapsed [seconds]
# name 5 = prdM: Pressure, Strain Gauge [db]
# name 6 = specc: Specific Conductance [uS/cm]
# name 7 = sal00: Salinity, Practical [PSU]
# name 8 = tv290C: Temperature [ITS-90, deg C]
# name 9 = depSM: Depth [salt water, m], lat = 59.00
# name 10 = potemp090C: Potential Temperature [ITS-90, deg C]
# name 11 = sigma-é00: Density [sigma-theta, kg/m^3]
# name 12 = sbeox0ML/L: Oxygen, SBE 43 [ml/l]
# name 13 = sbeox0Mg/L: Oxygen, SBE 43 [mg/l]
# name 14 = sbeox0PS: Oxygen, SBE 43 [% saturation]
# name 15 = sbox0Mm/Kg: Oxygen, SBE 43 [umol/kg]
# name 16 = sbeox0Mm/L: Oxygen, SBE 43 [umol/l]
# name 17 = sbox0dV/dT: Oxygen, SBE 43 [dov/dt]
# name 18 = oxsolML/L: Oxygen Saturation, Garcia & Gordon [ml/l]
# name 19 = oxsolMg/L: Oxygen Saturation, Garcia & Gordon [mg/l]
# name 20 = oxsolMm/Kg: Oxygen Saturation, Garcia & Gordon [umol/kg]
# name 21 = n2satMg/L: Nitrogen Saturation [mg/l]
# name 22 = par: PAR/Irradiance, Biospherical/Licor
# name 23 = wetStar: Fluorescence, WET Labs WETstar [mg/m^3]
# name 24 = CStarAt0: Beam Attenuation, WET Labs C-Star [1/m]
# name 25 = CStarTr0: Beam Transmission, WET Labs C-Star [%]
# name 26 = flag: flag
# span 0 =        268,        540       
# span 1 = 303.598887, 303.599674       
# span 2 =    0.01855,    0.03746       
# span 3 =     1.1129,     2.2478       
# span 4 =     66.772,    134.867       
# span 5 =      1.034,     58.506       
# span 6 =  47596.437,  48784.444       
# span 7 =    29.9511,    30.7984       
# span 8 =     8.3825,     8.6994       
# span 9 =      1.000,     58.000       
# span 10 =     8.3793,     8.6947      
# span 11 =    23.2578,    23.8784      
# span 12 =     5.5282,     5.8641      
# span 13 =     7.9003,     8.3805      
# span 14 =     82.763,     86.727      
# span 15 =    241.129,    255.941      
# span 16 =    246.886,    261.894      
# span 17 =   -0.00634,    0.01856      
# span 18 =    6.67916,    6.76167      
# span 19 =    9.54519,    9.66310      
# span 20 =  291.34643,  295.11237      
# span 21 =   15.06999,   15.25313      
# span 22 = 3.6170e-02, 9.5460e+01      
# span 23 =     0.4249,     0.6252      
# span 24 =     0.9467,     5.1210      
# span 25 =    27.0084,    78.9240      
# span 26 = 0.0000e+00, 0.0000e+00      
# interval = meters: 1                  
# start_time = Oct 30 2019 14:21:17 [Instrument's time stamp, header]
# bad_flag = -9.990e-29
*END*
        268 303.598887    0.01855     1.1129     66.772      1.034  47596.437    29.9511     8.3825      1.000     8.3793    23.2578     5.8641     8.3805     86.727    255.941    261.894    0.01856    6.76167    9.66310  295.11237   15.25313 9.5460e+01     0.6077     5.1210    27.0084 0.0000e+00
        273 303.598900    0.01887     1.1322     67.933      2.020  47818.218    30.1073     8.3969      2.000     8.4074    23.3780     5.8331     8.3360     86.382    254.553    260.505    0.01090    6.75264    9.65019  294.68371   15.23203 3.7454e+01     0.5970     3.8038    39.2922 0.0000e+00
        277 303.598913    0.01920     1.1515     69.092      3.031  47920.926    30.1821     8.4223      3.000     8.4343    23.4329     5.8249     8.3245     86.353    254.185    260.142    0.00716    6.74548    9.63997  294.35560   15.21605 1.7947e+01     0.6042     2.4881    53.8103 0.0000e+00
        282 303.598925    0.01948     1.1690     70.138      4.039  48037.990    30.2672     8.4499      4.000     8.4643    23.4957     5.8222     8.3204     86.414    254.049    260.018    0.00553    6.73756    9.62865  293.99181   15.19833 1.0857e+01     0.6252     2.1413    58.5506 0.0000e+00
        286 303.598937    0.01978     1.1866     71.198      5.043  48059.631    30.2855     8.4755      5.000     8.4806    23.5063     5.8074     8.2993     86.254    253.400    259.357    0.00308    6.73288    9.62195  293.78441   15.18835 6.7447e+00     0.5854     1.9930    60.7643 0.0000e+00
        291 303.598952    0.02013     1.2080     72.480      6.061  48066.485    30.2913     8.4858      6.000     8.4869    23.5094     5.7713     8.2477     85.740    251.823    257.743   -0.00113    6.73106    9.61936  293.70449   15.18451 3.9795e+00     0.5239     1.9163    61.9356 0.0000e+00
        295 303.598964    0.02043     1.2257     73.540      7.069  48069.284    30.2932     8.4887      7.000     8.4887    23.5104     5.7471     8.2132     85.388    250.769    256.665   -0.00330    6.73053    9.61860  293.68086   15.18337 2.7037e+00     0.5325     1.9894    60.8146 0.0000e+00
        299 303.598977    0.02072     1.2434     74.603      8.069  48078.518    30.2996     8.4906      8.000     8.4911    23.5152     5.7427     8.2069     85.331    250.577    256.470   -0.00286    6.72996    9.61779  293.65471   15.18210 1.7523e+00     0.5369     1.9323    61.6929 0.0000e+00
        305 303.598994    0.02112     1.2674     76.045      9.092  48085.185    30.3043     8.4941      9.000     8.4940    23.5184     5.7387     8.2012     85.280    250.401    256.290   -0.00222    6.72923    9.61674  293.62189   15.18052 1.0649e+00     0.5209     1.8355    63.2003 0.0000e+00
        310 303.599007    0.02143     1.2858     77.147     10.093  48091.630    30.3087     8.4963     10.000     8.4962    23.5215     5.7408     8.2041     85.318    250.491    256.383   -0.00133    6.72870    9.61598  293.59802   15.17935 7.3939e-01     0.5181     1.9367    61.6202 0.0000e+00
        314 303.599020    0.02175     1.3051     78.306     11.102  48092.567    30.3089     8.4966     11.000     8.4965    23.5217     5.7414     8.2050     85.327    250.516    256.409   -0.00097    6.72865    9.61591  293.59531   15.17923 4.9822e-01     0.5195     1.9003    62.1852 0.0000e+00
        320 303.599036    0.02214     1.3285     79.710     12.116  48115.820    30.3256     8.5031     12.000     8.5040    23.5339     5.7353     8.1964     85.259    250.251    256.140   -0.00101    6.72693    9.61346  293.51710   15.17542 3.1952e-01     0.5232     1.8450    63.0500 0.0000e+00
        325 303.599051    0.02249     1.3496     80.974     13.121  48115.614    30.3255     8.5060     13.000     8.5050    23.5333     5.7312     8.1905     85.203    250.070    255.955   -0.00116    6.72650    9.61285  293.49869   15.17454 2.2242e-01     0.5264     1.8894    62.3530 0.0000e+00
        330 303.599066    0.02287     1.3721     82.326     14.130  48130.645    30.3357     8.5072     14.000     8.5073    23.5412     5.7320     8.1916     85.223    250.104    255.992   -0.00071    6.72588    9.61195  293.46897   15.17308 1.5389e-01     0.5349     1.8263    63.3473 0.0000e+00
        336 303.599084    0.02329     1.3976     83.857     15.148  48151.435    30.3505     8.5127     15.000     8.5128    23.5520     5.7343     8.1949     85.276    250.200    256.093   -0.00008    6.72440    9.60984  293.40150   15.16980 1.0917e-01     0.5209     1.7482    64.5953 0.0000e+00
        341 303.599098    0.02363     1.4176     85.058     16.149  48160.813    30.3572     8.5165     16.000     8.5162    23.5567     5.7286     8.1867     85.202    249.951    255.839   -0.00064    6.72352    9.60858  293.36180   15.16788 8.3224e-02     0.5076     1.8182    63.4721 0.0000e+00
        346 303.599113    0.02399     1.4391     86.347     17.163  48164.100    30.3594     8.5187     17.000     8.5180    23.5581     5.7313     8.1906     85.247    250.068    255.958   -0.00021    6.72309    9.60797  293.34270   15.16696 6.4908e-02     0.4979     1.7899    63.9245 0.0000e+00
        351 303.599127    0.02433     1.4597     87.579     18.173  48175.594    30.3676     8.5233     18.000     8.5229    23.5639     5.7263     8.1833     85.186    249.846    255.733   -0.00052    6.72203    9.60646  293.29485   15.16464 5.3802e-02     0.4985     1.8289    63.3049 0.0000e+00
        356 303.599140    0.02463     1.4779     88.673     19.184  48167.301    30.3615     8.5235     19.000     8.5215    23.5590     5.7208     8.1756     85.102    249.612    255.492   -0.00104    6.72229    9.60682  293.30726   15.16525 4.7404e-02     0.5042     1.8810    62.4847 0.0000e+00
        360 303.599151    0.02490     1.4942     89.650     20.183  48164.937    30.3594     8.5238     20.000     8.5206    23.5574     5.7236     8.1796     85.143    249.732    255.615   -0.00059    6.72233    9.60687  293.30938   15.16537 4.3257e-02     0.5005     1.8892    62.3566 0.0000e+00
        365 303.599166    0.02526     1.5152     90.915     21.201  48174.690    30.3656     8.5227     21.000     8.5219    23.5625     5.7269     8.1842     85.193    249.874    255.762   -0.00012    6.72223    9.60674  293.30375   15.16507 4.0448e-02     0.5103     1.8323    63.2507 0.0000e+00
        369 303.599179    0.02558     1.5351     92.104     22.212  48212.306    30.3922     8.5277     22.000     8.5366    23.5825     5.7211     8.1762     85.133    249.622    255.508   -0.00049    6.72030    9.60399  293.21404   15.16068 3.8799e-02     0.5134     1.8754    62.5740 0.0000e+00
        374 303.599192    0.02587     1.5521     93.127     23.211  48426.598    30.5470     8.5668     23.000     8.5914    23.6980     5.7159     8.1686     85.215    249.363    255.272   -0.00006    6.70765    9.58590  292.62872   15.13209 3.7721e-02     0.4995     1.7638    64.3606 0.0000e+00
        379 303.599206    0.02623     1.5740     94.438     24.230  48402.811    30.5357     8.6069     24.000     8.6097    23.6833     5.7148     8.1670     85.268    249.317    255.222    0.00047    6.70210    9.57798  292.39113   15.12079 3.7087e-02     0.4937     1.5504    67.8630 0.0000e+00
        384 303.599221    0.02658     1.5947     95.684     25.239  48455.508    30.5745     8.6240     25.000     8.6266    23.7112     5.6862     8.1262     84.896    248.064    253.946   -0.00199    6.69785    9.57189  292.19753   15.11138 3.6697e-02     0.4999     1.5046    68.6515 0.0000e+00
        388 303.599234    0.02689     1.6132     96.795     26.243  48460.343    30.5787     8.6331     26.000     8.6315    23.7132     5.6693     8.1021     84.665    247.329    253.195   -0.00298    6.69628    9.56966  292.12874   15.10808 3.6439e-02     0.4696     1.4526    69.5485 0.0000e+00
        394 303.599250    0.02726     1.6359     98.154     27.257  48459.643    30.5780     8.6347     27.000     8.6321    23.7125     5.6644     8.0950     84.593    247.112    252.972   -0.00251    6.69608    9.56936  292.11997   15.10766 3.6255e-02     0.4589     1.4066    70.3547 0.0000e+00
        399 303.599266    0.02765     1.6591     99.544     28.269  48460.646    30.5783     8.6351     28.000     8.6322    23.7127     5.6615     8.0908     84.550    246.983    252.840   -0.00189    6.69601    9.56926  292.11680   15.10751 3.6189e-02     0.4611     1.3988    70.4896 0.0000e+00
        404 303.599280    0.02799     1.6794    100.761     29.274  48457.682    30.5758     8.6346     29.000     8.6312    23.7107     5.6620     8.0916     84.556    247.011    252.867   -0.00132    6.69620    9.56953  292.12564   15.10794 3.6171e-02     0.4572     1.4242    70.0444 0.0000e+00
        409 303.599295    0.02836     1.7015    102.093     30.285  48456.070    30.5741     8.6333     30.000     8.6305    23.7096     5.6614     8.0908     84.544    246.984    252.839   -0.00103    6.69646    9.56992  292.13754   15.10852 3.6170e-02     0.4693     1.4019    70.4363 0.0000e+00
        414 303.599310    0.02871     1.7227    103.364     31.302  48453.927    30.5722     8.6339     31.000     8.6302    23.7080     5.6615     8.0908     84.545    246.985    252.841   -0.00076    6.69645    9.56990  292.13743   15.10852 3.6170e-02     0.4726     1.4063    70.3579 0.0000e+00
        418 303.599321    0.02898     1.7389    104.332     32.302  48460.829    30.5764     8.6329     32.000     8.6306    23.7115     5.6616     8.0910     84.547    246.990    252.846   -0.00058    6.69642    9.56985  292.13513   15.10840 3.6172e-02     0.4792     1.4535    69.5330 0.0000e+00
        423 303.599334    0.02929     1.7572    105.429     33.310  48459.828    30.5755     8.6343     33.000     8.6309    23.7107     5.6646     8.0954     84.594    247.123    252.983   -0.00022    6.69625    9.56961  292.12787   15.10805 3.6170e-02     0.4782     1.4390    69.7850 0.0000e+00
        428 303.599348    0.02964     1.7784    106.707     34.332  48460.261    30.5753     8.6341     34.000     8.6306    23.7106     5.6665     8.0980     84.622    247.205    253.066   -0.00001    6.69629    9.56966  292.12961   15.10814 3.6170e-02     0.4757     1.4133    70.2356 0.0000e+00
        432 303.599360    0.02991     1.7948    107.690     35.328  48462.041    30.5762     8.6338     35.000     8.6310    23.7112     5.6678     8.0999     84.642    247.263    253.126    0.00004    6.69631    9.56969  292.13014   15.10816 3.6170e-02     0.4495     1.4553    69.5007 0.0000e+00
        436 303.599372    0.03022     1.8131    108.785     36.346  48465.365    30.5783     8.6355     36.000     8.6318    23.7126     5.6708     8.1040     84.688    247.387    253.253    0.00025    6.69596    9.56920  292.11468   15.10741 3.6170e-02     0.4477     1.4395    69.7775 0.0000e+00
        440 303.599385    0.03051     1.8306    109.839     37.348  48462.157    30.5755     8.6351     37.000     8.6311    23.7106     5.6669     8.0986     84.630    247.222    253.084   -0.00020    6.69613    9.56944  292.12273   15.10781 3.6170e-02     0.4543     1.4467    69.6503 0.0000e+00
        445 303.599399    0.03086     1.8519    111.115     38.362  48466.590    30.5782     8.6349     38.000     8.6317    23.7127     5.6640     8.0945     84.588    247.096    252.955   -0.00050    6.69604    9.56931  292.11828   15.10759 3.6170e-02     0.4613     1.4127    70.2451 0.0000e+00
        450 303.599414    0.03120     1.8723    112.336     39.379  48472.231    30.5819     8.6369     39.000     8.6334    23.7154     5.6615     8.0908     84.555    246.984    252.841   -0.00059    6.69559    9.56866  292.09776   15.10659 3.6170e-02     0.4546     1.4231    70.0629 0.0000e+00
        454 303.599425    0.03147     1.8881    113.289     40.372  48476.796    30.5848     8.6376     40.000     8.6346    23.7175     5.6633     8.0933     84.585    247.061    252.921   -0.00036    6.69534    9.56831  292.08654   15.10604 3.6176e-02     0.4618     1.4562    69.4860 0.0000e+00
        460 303.599441    0.03187     1.9122    114.732     41.393  48494.726    30.5975     8.6416     41.000     8.6396    23.7269     5.6632     8.0933     84.598    247.056    252.918   -0.00018    6.69420    9.56668  292.03386   15.10348 3.6170e-02     0.4622     1.4128    70.2442 0.0000e+00
        466 303.599458    0.03226     1.9355    116.132     42.403  48515.624    30.6125     8.6477     42.000     8.6471    23.7378     5.6584     8.0863     84.545    246.842    252.702   -0.00046    6.69264    9.56445  291.96256   15.10001 3.6170e-02     0.4594     1.3515    71.3306 0.0000e+00
        470 303.599470    0.03257     1.9541    117.248     43.407  48569.149    30.6513     8.6604     43.000     8.6631    23.7663     5.6532     8.0791     84.514    246.612    252.473   -0.00068    6.68905    9.55932  291.79817   15.09199 3.6170e-02     0.4457     1.3466    71.4168 0.0000e+00
        475 303.599486    0.03295     1.9770    118.622     44.420  48579.111    30.6597     8.6733     44.000     8.6697    23.7709     5.6544     8.0807     84.562    246.663    252.525   -0.00014    6.68674    9.55602  291.69598   15.08708 3.6170e-02     0.4415     1.2479    73.2003 0.0000e+00
        481 303.599501    0.03331     1.9987    119.921     45.433  48586.974    30.6649     8.6745     45.000     8.6703    23.7749     5.6395     8.0594     84.344    246.011    251.860   -0.00138    6.68634    9.55545  291.67730   15.08617 3.6170e-02     0.4513     1.2220    73.6761 0.0000e+00
        485 303.599514    0.03360     2.0160    120.963     46.438  48597.312    30.6719     8.6755     46.000     8.6716    23.7802     5.6328     8.0498     84.249    245.718    251.561   -0.00186    6.68588    9.55479  291.65598   15.08512 3.6170e-02     0.4359     1.2544    73.0821 0.0000e+00
        490 303.599527    0.03393     2.0354    122.126     47.449  48609.319    30.6801     8.6774     47.000     8.6737    23.7863     5.6392     8.0589     84.352    245.993    251.844   -0.00069    6.68525    9.55389  291.62662   15.08369 3.6174e-02     0.4404     1.2261    73.6000 0.0000e+00
        494 303.599541    0.03425     2.0550    123.299     48.458  48628.288    30.6933     8.6799     48.000     8.6778    23.7963     5.6348     8.0526     84.298    245.798    251.647   -0.00078    6.68430    9.55252  291.58210   15.08150 3.6170e-02     0.4431     1.1831    74.3962 0.0000e+00
        499 303.599554    0.03457     2.0744    124.462     49.472  48641.057    30.7028     8.6869     49.000     8.6831    23.8027     5.6290     8.0443     84.231    245.546    251.390   -0.00104    6.68283    9.55043  291.51625   15.07831 3.6177e-02     0.4302     1.1413    75.1792 0.0000e+00
        503 303.599566    0.03487     2.0920    125.520     50.475  48645.589    30.7057     8.6881     50.000     8.6829    23.8048     5.6246     8.0381     84.169    245.353    251.194   -0.00121    6.68251    9.55000  291.50226   15.07764 3.6181e-02     0.4287     1.1105    75.7586 0.0000e+00
        508 303.599580    0.03521     2.1122    126.733     51.489  48662.092    30.7168     8.6881     51.000     8.6854    23.8135     5.6275     8.0423     84.218    245.479    251.324   -0.00064    6.68205    9.54931  291.47914   15.07649 3.6174e-02     0.4357     1.0866    76.2123 0.0000e+00
        512 303.599593    0.03552     2.1308    127.849     52.498  48683.184    30.7321     8.6954     52.000     8.6927    23.8245     5.6221     8.0344     84.159    245.240    251.082   -0.00075    6.68029    9.54681  291.39955   15.07263 3.6179e-02     0.4464     1.0436    77.0363 0.0000e+00
        517 303.599605    0.03580     2.1482    128.889     53.504  48691.518    30.7381     8.6994     53.000     8.6947    23.8286     5.6180     8.0286     84.108    245.058    250.897   -0.00107    6.67944    9.54558  291.36089   15.07075 3.6197e-02     0.4476     1.0123    77.6420 0.0000e+00
