CTD-processing/allCTD/CNV/2019_09-16_t3_14_cast015_4141.cnv
* Sea-Bird SBE19plus Data File:
* FileName = C:\Users\Chris\Desktop\EVOSTC GWA LTM\CTD Data\2019_09-16_T3\2019_09-16_T3_1_Cast015.hex
* Software Version 1.59
* Temperature SN =  4141
* Conductivity SN =  4141
* System UpLoad Time = Sep 23 2019 18:03:53
** Cook Inlet LTM T3
** Date: 2019_09-16
** Station:14
** Start Time: (AKST):13:41
** Depth (m):28
** Comment:
** Comment:
# nquan = 27
# nvalues = 25                          
# units = specified
# name 0 = scan: Scan Count
# name 1 = timeJ: Julian Days
# name 2 = timeH: Time, Elapsed [hours]
# name 3 = timeM: Time, Elapsed [minutes]
# name 4 = timeS: Time, Elapsed [seconds]
# name 5 = prdM: Pressure, Strain Gauge [db]
# name 6 = specc: Specific Conductance [uS/cm]
# name 7 = sal00: Salinity, Practical [PSU]
# name 8 = tv290C: Temperature [ITS-90, deg C]
# name 9 = depSM: Depth [salt water, m], lat = 59.00
# name 10 = potemp090C: Potential Temperature [ITS-90, deg C]
# name 11 = sigma-é00: Density [sigma-theta, kg/m^3]
# name 12 = sbeox0ML/L: Oxygen, SBE 43 [ml/l]
# name 13 = sbeox0Mg/L: Oxygen, SBE 43 [mg/l]
# name 14 = sbeox0PS: Oxygen, SBE 43 [% saturation]
# name 15 = sbox0Mm/Kg: Oxygen, SBE 43 [umol/kg]
# name 16 = sbeox0Mm/L: Oxygen, SBE 43 [umol/l]
# name 17 = sbox0dV/dT: Oxygen, SBE 43 [dov/dt]
# name 18 = oxsolML/L: Oxygen Saturation, Garcia & Gordon [ml/l]
# name 19 = oxsolMg/L: Oxygen Saturation, Garcia & Gordon [mg/l]
# name 20 = oxsolMm/Kg: Oxygen Saturation, Garcia & Gordon [umol/kg]
# name 21 = n2satMg/L: Nitrogen Saturation [mg/l]
# name 22 = par: PAR/Irradiance, Biospherical/Licor
# name 23 = wetStar: Fluorescence, WET Labs WETstar [mg/m^3]
# name 24 = CStarAt0: Beam Attenuation, WET Labs C-Star [1/m]
# name 25 = CStarTr0: Beam Transmission, WET Labs C-Star [%]
# name 26 = flag: flag
# span 0 =        143,        388       
# span 1 = 259.570712, 259.571421       
# span 2 =    0.00988,    0.02687       
# span 3 =     0.5928,     1.6123       
# span 4 =     35.569,     96.739       
# span 5 =      1.016,     25.231       
# span 6 =  47714.105,  48331.346       
# span 7 =    30.4141,    30.8118       
# span 8 =    11.2177,    11.4870       
# span 9 =      1.000,     25.000       
# span 10 =    11.2142,    11.4564      
# span 11 =    23.1220,    23.4789      
# span 12 =     5.3002,     5.5991      
# span 13 =     7.5745,     8.0017      
# span 14 =     84.159,     88.792      
# span 15 =    231.355,    244.403      
# span 16 =    236.705,    250.058      
# span 17 =   -0.00149,    0.01818      
# span 18 =    6.29727,    6.31771      
# span 19 =    8.99943,    9.02863      
# span 20 =  274.88041,  275.67605      
# span 21 =   14.28365,   14.32019      
# span 22 = 2.1415e+00, 1.0044e+02      
# span 23 =     0.5647,     0.8885      
# span 24 =     0.5231,     2.6557      
# span 25 =    62.4836,    86.7879      
# span 26 = 0.0000e+00, 0.0000e+00      
# interval = meters: 1                  
# start_time = Sep 16 2019 13:41:14 [Instrument's time stamp, header]
# bad_flag = -9.990e-29
*END*
        143 259.570712    0.00988     0.5928     35.569      1.016  47714.105    30.4141    11.4870      1.000    11.4564    23.1220     5.3002     7.5745     84.159    231.355    236.705    0.01461    6.29727    8.99943  274.88041   14.28365 5.7130e+01     0.5647     2.6557    62.4836 0.0000e+00
        280 259.571107    0.01936     1.1613     69.678      2.019  47732.134    30.4188    11.4207      2.000    11.4229    23.1375     5.5991     8.0017     88.792    244.403    250.058    0.01818    6.30598    9.01188  275.25648   14.30165 6.0373e+01     0.6684     0.5231    86.6601 0.0000e+00
        278 259.571102    0.01923     1.1536     69.215      3.029  47741.547    30.4248    11.4183      3.000    11.4127    23.1426     5.5635     7.9507     88.224    242.845    248.465    0.00929    6.30606    9.01200  275.25865   14.30173 6.1725e+01     0.6413     0.6292    85.4454 0.0000e+00
        282 259.571115    0.01954     1.1727     70.359      4.037  47787.915    30.4555    11.4020      4.000    11.3935    23.1693     5.5505     7.9322     88.004    242.271    247.884    0.00452    6.30703    9.01338  275.29368   14.30329 7.8585e+01     0.6412     0.6401    85.2126 0.0000e+00
        287 259.571128    0.01986     1.1914     71.487      5.050  47784.705    30.4521    11.3945      5.000    11.3977    23.1680     5.5411     7.9187     87.840    241.861    247.465    0.00174    6.30819    9.01504  275.34463   14.30575 1.0044e+02     0.7032     0.6394    85.2273 0.0000e+00
        291 259.571140    0.02015     1.2088     72.530      6.055  47775.653    30.4459    11.4003      6.000    11.3991    23.1622     5.5532     7.9360     88.039    242.392    248.006    0.00220    6.30766    9.01428  275.32308   14.30474 1.0026e+02     0.7175     0.6472    85.0597 0.0000e+00
        296 259.571154    0.02047     1.2280     73.682      7.065  47795.007    30.4587    11.3959      7.000    11.3910    23.1729     5.5433     7.9219     87.880    241.955    247.562    0.00080    6.30774    9.01439  275.32363   14.30471 8.5726e+01     0.7259     0.6425    85.1610 0.0000e+00
        300 259.571167    0.02079     1.2479     74.875      8.075  47867.679    30.5079    11.3795      8.000    11.3591    23.2141     5.5291     7.9017     87.653    241.327    246.930   -0.00149    6.30798    9.01473  275.32293   14.30449 6.9520e+01     0.7504     0.6364    85.2910 0.0000e+00
        306 259.571183    0.02117     1.2701     76.205      9.086  47969.742    30.5752    11.3359      9.000    11.3278    23.2740     5.5375     7.9136     87.740    241.679    247.304   -0.00040    6.31118    9.01931  275.44666   14.31014 5.8570e+01     0.8023     0.6295    85.4386 0.0000e+00
        311 259.571198    0.02154     1.2924     77.543     10.103  48007.891    30.6000    11.3202     10.000    11.3151    23.2961     5.5575     7.9423     88.042    242.548    248.199    0.00132    6.31231    9.02092  275.48979   14.31210 4.9393e+01     0.8650     0.6268    85.4967 0.0000e+00
        315 259.571209    0.02179     1.3070     78.421     11.104  48013.412    30.6031    11.3157     11.000    11.3150    23.2992     5.5737     7.9653     88.292    243.253    248.920    0.00302    6.31279    9.02161  275.51006   14.31307 3.8135e+01     0.8543     0.6376    85.2662 0.0000e+00
        319 259.571220    0.02206     1.3238     79.426     12.105  48014.226    30.6033    11.3166     12.000    11.3141    23.2993     5.5694     7.9592     88.226    243.066    248.729    0.00162    6.31266    9.02142  275.50443   14.31279 3.0467e+01     0.8845     0.6280    85.4698 0.0000e+00
        326 259.571241    0.02257     1.3541     81.243     13.127  48026.360    30.6111    11.3125     13.000    11.3101    23.3061     5.5703     7.9606     88.238    243.106    248.772    0.00084    6.31290    9.02177  275.51305   14.31318 2.4573e+01     0.8586     0.6042    85.9797 0.0000e+00
        332 259.571259    0.02300     1.3795     82.768     14.138  48040.981    30.6209    11.3114     14.000    11.3020    23.3140     5.5659     7.9543     88.170    242.910    248.574    0.00007    6.31265    9.02142  275.50016   14.31252 2.0452e+01     0.8211     0.6176    85.6927 0.0000e+00
        336 259.571269    0.02325     1.3948     83.690     15.143  48119.032    30.6733    11.2888     15.000    11.2788    23.3586     5.5632     7.9503     88.114    242.779    248.450   -0.00061    6.31361    9.02279  275.53021   14.31375 1.6446e+01     0.8589     0.6260    85.5143 0.0000e+00
        340 259.571282    0.02354     1.4128     84.767     16.144  48174.783    30.7104    11.2710     16.000    11.2605    23.3906     5.5643     7.9520     88.119    242.822    248.503   -0.00040    6.31454    9.02411  275.56188   14.31512 1.3266e+01     0.8546     0.6099    85.8577 0.0000e+00
        347 259.571302    0.02403     1.4415     86.488     17.164  48223.417    30.7424    11.2517     17.000    11.2465    23.4188     5.5705     7.9607     88.198    243.083    248.776    0.00015    6.31587    9.02601  275.61220   14.31740 1.0731e+01     0.8709     0.5835    86.4262 0.0000e+00
        353 259.571319    0.02443     1.4660     87.963     18.175  48254.938    30.7632    11.2425     18.000    11.2363    23.4366     5.5800     7.9744     88.343    243.496    249.203    0.00102    6.31630    9.02662  275.62598   14.31798 8.7615e+00     0.8082     0.5860    86.3744 0.0000e+00
        357 259.571332    0.02474     1.4847     89.081     19.178  48271.255    30.7735    11.2346     19.000    11.2327    23.4461     5.5845     7.9808     88.405    243.691    249.405    0.00084    6.31694    9.02755  275.65171   14.31917 7.1629e+00     0.8334     0.5900    86.2862 0.0000e+00
        362 259.571345    0.02507     1.5043     90.257     20.189  48273.626    30.7749    11.2353     20.000    11.2314    23.4470     5.5950     7.9958     88.574    244.149    249.873    0.00178    6.31679    9.02732  275.64475   14.31883 5.7906e+00     0.8345     0.5819    86.4608 0.0000e+00
        367 259.571361    0.02545     1.5268     91.610     21.197  48295.011    30.7890    11.2293     21.000    11.2248    23.4590     5.5845     7.9808     88.404    243.688    249.405   -0.00003    6.31703    9.02767  275.65217   14.31913 4.7476e+00     0.8885     0.5689    86.7430 0.0000e+00
        374 259.571380    0.02589     1.5537     93.224     22.215  48316.497    30.8030    11.2230     22.000    11.2183    23.4711     5.5827     7.9782     88.371    243.604    249.322   -0.00037    6.31733    9.02810  275.66196   14.31954 3.9280e+00     0.8229     0.5668    86.7879 0.0000e+00
        378 259.571393    0.02620     1.5723     94.339     23.214  48322.329    30.8065    11.2200     23.000    11.2168    23.4743     5.5857     7.9826     88.415    243.737    249.458   -0.00001    6.31761    9.02849  275.67293   14.32005 3.2001e+00     0.8285     0.5908    86.2690 0.0000e+00
        383 259.571406    0.02653     1.5918     95.510     24.229  48327.682    30.8097    11.2184     24.000    11.2152    23.4771     5.5897     7.9882     88.477    243.908    249.635    0.00030    6.31767    9.02858  275.67523   14.32015 2.5970e+00     0.8216     0.5811    86.4777 0.0000e+00
        388 259.571421    0.02687     1.6123     96.739     25.231  48331.346    30.8118    11.2177     25.000    11.2142    23.4789     5.5895     7.9880     88.474    243.903    249.629    0.00017    6.31771    9.02863  275.67605   14.32019 2.1415e+00     0.7965     0.5704    86.7114 0.0000e+00
