CTD-processing/allCTD/CNV/2019_04-24_t9_s03_cast134_4141.cnv
* Sea-Bird SBE19plus Data File:
* FileName = C:\Users\kbnerr\Documents\SeaBird Files\04_29_2019_T9_S_cast134.hex
* Software Version 1.59
* Temperature SN =  4141
* Conductivity SN =  4141
* System UpLoad Time = Apr 29 2019 11:57:55
** Kachemak Bay - Transect 9
** 04_24_2019
** Station03
** N'
** W'
** Start Time
** Depth92
# nquan = 27
# nvalues = 88                          
# units = specified
# name 0 = scan: Scan Count
# name 1 = timeJ: Julian Days
# name 2 = timeH: Time, Elapsed [hours]
# name 3 = timeM: Time, Elapsed [minutes]
# name 4 = timeS: Time, Elapsed [seconds]
# name 5 = prdM: Pressure, Strain Gauge [db]
# name 6 = specc: Specific Conductance [uS/cm]
# name 7 = sal00: Salinity, Practical [PSU]
# name 8 = tv290C: Temperature [ITS-90, deg C]
# name 9 = depSM: Depth [salt water, m], lat = 59.00
# name 10 = potemp090C: Potential Temperature [ITS-90, deg C]
# name 11 = sigma-é00: Density [sigma-theta, kg/m^3]
# name 12 = sbeox0ML/L: Oxygen, SBE 43 [ml/l]
# name 13 = sbeox0Mg/L: Oxygen, SBE 43 [mg/l]
# name 14 = sbeox0PS: Oxygen, SBE 43 [% saturation]
# name 15 = sbox0Mm/Kg: Oxygen, SBE 43 [umol/kg]
# name 16 = sbeox0Mm/L: Oxygen, SBE 43 [umol/l]
# name 17 = sbox0dV/dT: Oxygen, SBE 43 [dov/dt]
# name 18 = oxsolML/L: Oxygen Saturation, Garcia & Gordon [ml/l]
# name 19 = oxsolMg/L: Oxygen Saturation, Garcia & Gordon [mg/l]
# name 20 = oxsolMm/Kg: Oxygen Saturation, Garcia & Gordon [umol/kg]
# name 21 = n2satMg/L: Nitrogen Saturation [mg/l]
# name 22 = par: PAR/Irradiance, Biospherical/Licor
# name 23 = wetStar: Fluorescence, WET Labs WETstar [mg/m^3]
# name 24 = CStarAt0: Beam Attenuation, WET Labs C-Star [1/m]
# name 25 = CStarTr0: Beam Transmission, WET Labs C-Star [%]
# name 26 = flag: flag
# span 0 =        138,        737       
# span 1 = 114.583337, 114.585071       
# span 2 =    0.00953,    0.05114       
# span 3 =     0.5721,     3.0684       
# span 4 =     34.327,    184.107       
# span 5 =      1.010,     88.754       
# span 6 =  50243.600,  50863.438       
# span 7 =    31.3621,    31.8308       
# span 8 =     5.8542,     6.2754       
# span 9 =      1.000,     88.000       
# span 10 =     5.8556,     6.2680      
# span 11 =    24.6963,    25.0165      
# span 12 =     6.0040,     6.9346      
# span 13 =     8.5804,     9.9103      
# span 14 =     84.622,     97.859      
# span 15 =    261.668,    302.201      
# span 16 =    268.139,    309.700      
# span 17 =   -0.00563,    0.05799      
# span 18 =    7.01022,    7.10192      
# span 19 =   10.01830,   10.14936      
# span 20 =  305.43505,  309.52780      
# span 21 =   15.73784,   15.93476      
# span 22 = 3.6170e-02, 2.5575e+02      
# span 23 =     0.4794,     2.3112      
# span 24 =     0.6282,     1.4056      
# span 25 =    70.3030,    85.4669      
# span 26 = 0.0000e+00, 0.0000e+00      
# interval = meters: 1                  
# start_time = Apr 24 2019 13:59:26 [Instrument's time stamp, header]
# bad_flag = -9.990e-29
*END*
[from data line 54]
        569 114.584582    0.03942     2.3653    141.917     55.534  50700.681    31.7082     6.1422     55.000     6.1409    24.9357     6.7008     9.5761     95.211    291.976    299.258   -0.00043    7.03782   10.05776  306.66244   15.79683 3.6170e-02     0.8779     0.9181    79.4917 0.0000e+00
        573 114.584596    0.03974     2.3847    143.083     56.523  50709.211    31.7155     6.1517     56.000     6.1503    24.9403     6.7037     9.5804     95.279    292.105    299.390    0.00001    7.03592   10.05504  306.57814   15.79279 3.6170e-02     0.9405     0.9275    79.3059 0.0000e+00
        580 114.584614    0.04018     2.4108    144.648     57.561  50716.825    31.7219     6.1600     57.000     6.1588    24.9443     6.7039     9.5805     95.303    292.107    299.394    0.00016    7.03426   10.05266  306.50434   15.78924 3.6170e-02     0.8184     0.8879    80.0926 0.0000e+00
        584 114.584628    0.04051     2.4306    145.835     58.554  50723.652    31.7279     6.1693     58.000     6.1676    24.9480     6.6918     9.5632     95.156    291.581    298.856   -0.00081    7.03243   10.05005  306.42370   15.78538 3.6170e-02     0.9200     0.8752    80.3490 0.0000e+00
        590 114.584643    0.04087     2.4523    147.139     59.559  50741.980    31.7420     6.1793     59.000     6.1807    24.9579     6.6910     9.5622     95.176    291.544    298.821   -0.00057    7.03014   10.04676  306.32065   15.78041 3.6170e-02     0.8917     0.8710    80.4333 0.0000e+00
        595 114.584660    0.04128     2.4767    148.601     60.581  50735.790    31.7398     6.1924     60.000     6.1883    24.9546     6.7040     9.5807     95.389    292.113    299.402    0.00082    7.02808   10.04383  306.23213   15.77620 3.6170e-02     0.9917     0.8117    81.6335 0.0000e+00
        600 114.584674    0.04163     2.4977    149.861     61.583  50736.119    31.7398     6.1936     61.000     6.1891    24.9545     6.7007     9.5761     95.345    291.970    299.256    0.00027    7.02788   10.04355  306.22364   15.77579 3.6170e-02     0.8936     0.8249    81.3635 0.0000e+00
        606 114.584691    0.04202     2.5212    151.274     62.597  50741.371    31.7433     6.1956     62.000     6.1915    24.9570     6.7047     9.5817     95.407    292.139    299.430    0.00046    7.02738   10.04284  306.20115   15.77471 3.6170e-02     0.9107     0.8087    81.6952 0.0000e+00
        611 114.584705    0.04235     2.5411    152.469     63.594  50740.518    31.7426     6.1972     63.000     6.1924    24.9562     6.6969     9.5706     95.301    291.803    299.085   -0.00030    7.02715   10.04250  306.19120   15.77424 3.6170e-02     0.8332     0.8256    81.3522 0.0000e+00
        617 114.584722    0.04279     2.5671    154.028     64.629  50741.467    31.7429     6.1979     64.000     6.1926    24.9564     6.6911     9.5622     95.219    291.546    298.823   -0.00075    7.02703   10.04233  306.18583   15.77398 3.6170e-02     0.9569     0.8015    81.8427 0.0000e+00
        621 114.584735    0.04307     2.5843    155.060     65.611  50745.415    31.7453     6.1986     65.000     6.1940    24.9582     6.6872     9.5567     95.167    291.378    298.651   -0.00097    7.02681   10.04202  306.17591   15.77350 3.6170e-02     0.8550     0.8223    81.4195 0.0000e+00
        627 114.584752    0.04350     2.6099    156.592     66.648  50745.469    31.7452     6.2003     66.000     6.1951    24.9579     6.6906     9.5616     95.220    291.528    298.804   -0.00038    7.02653   10.04162  306.16376   15.77292 3.6170e-02     0.8884     0.7988    81.8995 0.0000e+00
        631 114.584764    0.04377     2.6259    157.557     67.634  50748.234    31.7468     6.2010     67.000     6.1958    24.9591     6.6961     9.5694     95.300    291.766    299.048    0.00011    7.02633   10.04134  306.15488   15.77249 3.6170e-02     0.9886     0.8364    81.1303 0.0000e+00
        637 114.584780    0.04416     2.6497    158.979     68.663  50751.115    31.7485     6.2020     68.000     6.1973    24.9603     6.6928     9.5646     95.255    291.621    298.899   -0.00023    7.02610   10.04100  306.14416   15.77197 3.6170e-02     0.7919     0.8063    81.7451 0.0000e+00
        641 114.584792    0.04444     2.6666    159.996     69.653  50764.603    31.7579     6.2049     69.000     6.2023    24.9674     6.6995     9.5742     95.364    291.911    299.199    0.00037    7.02518   10.03969  306.10225   15.76993 3.6170e-02     0.8231     0.8413    81.0321 0.0000e+00
        647 114.584808    0.04484     2.6905    161.431     70.681  50765.891    31.7595     6.2111     70.000     6.2067    24.9679     6.7009     9.5763     95.399    291.974    299.265    0.00045    7.02409   10.03812  306.05420   15.76764 3.6170e-02     0.9174     0.8057    81.7572 0.0000e+00
        651 114.584820    0.04513     2.7077    162.462     71.666  50768.443    31.7614     6.2142     71.000     6.2094    24.9691     6.6942     9.5667     95.312    291.680    298.962   -0.00021    7.02348   10.03726  306.02774   15.76637 3.6170e-02     0.7795     0.8524    80.8072 0.0000e+00
        657 114.584839    0.04559     2.7351    164.108     72.712  50769.352    31.7620     6.2167     72.000     6.2110    24.9692     6.6809     9.5477     95.128    291.101    298.369   -0.00122    7.02305   10.03664  306.00859   15.76546 3.6170e-02     0.8852     0.7938    82.0020 0.0000e+00
        662 114.584851    0.04587     2.7526    165.156     73.694  50772.655    31.7640     6.2179     73.000     6.2124    24.9707     6.6780     9.5435     95.090    290.972    298.237   -0.00123    7.02277   10.03624  305.99596   15.76485 3.6170e-02     0.8225     0.8266    81.3326 0.0000e+00
        668 114.584869    0.04630     2.7782    166.694     74.732  50778.094    31.7677     6.2194     74.000     6.2147    24.9734     6.6817     9.5489     95.150    291.137    298.407   -0.00043    7.02234   10.03562  305.97640   15.76390 3.6170e-02     0.7553     0.8207    81.4529 0.0000e+00
        672 114.584881    0.04659     2.7955    167.731     75.716  50783.646    31.7718     6.2236     75.000     6.2191    24.9762     6.6778     9.5432     95.105    290.963    298.230   -0.00067    7.02148   10.03439  305.93799   15.76205 3.6170e-02     0.7904     0.8222    81.4231 0.0000e+00
        678 114.584898    0.04699     2.8196    169.179     76.745  50792.916    31.7786     6.2282     76.000     6.2250    24.9810     6.6735     9.5372     95.059    290.775    298.040   -0.00067    7.02038   10.03282  305.88882   15.75968 3.6170e-02     0.8066     0.8004    81.8660 0.0000e+00
        681 114.584908    0.04724     2.8343    170.056     77.720  50799.443    31.7838     6.2340     77.000     6.2305    24.9844     6.6647     9.5246     94.951    290.393    297.649   -0.00129    7.01919   10.03112  305.83603   15.75714 3.6170e-02     0.7893     0.7998    81.8776 0.0000e+00
        688 114.584929    0.04773     2.8637    171.819     78.780  50804.096    31.7878     6.2405     78.000     6.2378    24.9867     6.6807     9.5474     95.195    291.086    298.360    0.00055    7.01794   10.02934  305.78064   15.75449 3.6170e-02     0.8638     0.7558    82.7832 0.0000e+00
        692 114.584939    0.04797     2.8783    172.701     79.756  50810.731    31.7938     6.2502     79.000     6.2472    24.9902     6.6759     9.5405     95.152    290.876    298.145    0.00008    7.01607   10.02667  305.69844   15.75055 3.6170e-02     0.7998     0.7106    83.7305 0.0000e+00
        697 114.584955    0.04836     2.9019    174.117     80.776  50821.399    31.8025     6.2595     80.000     6.2578    24.9960     6.6870     9.5563     95.335    291.357    298.640    0.00100    7.01414   10.02391  305.61246   15.74641 3.6170e-02     0.9028     0.6576    84.8408 0.0000e+00
        702 114.584967    0.04867     2.9200    175.202     81.777  50821.264    31.8035     6.2677     81.000     6.2621    24.9958     6.7077     9.5861     95.651    292.263    299.569    0.00243    7.01275   10.02193  305.55208   15.74353 3.6170e-02     0.8068     0.6513    84.9749 0.0000e+00
        707 114.584984    0.04905     2.9431    176.587     82.795  50825.483    31.8064     6.2700     82.000     6.2635    24.9978     6.7318     9.6204     96.001    293.310    300.642    0.00360    7.01224   10.02119  305.52913   15.74242 3.6170e-02     1.0829     0.6282    85.4669 0.0000e+00
        712 114.584997    0.04939     2.9632    177.790     83.799  50834.805    31.8125     6.2708     83.000     6.2645    25.0026     6.7350     9.6250     96.051    293.446    300.783    0.00279    7.01181   10.02059  305.50914   15.74145 3.6170e-02     0.9330     0.6761    84.4479 0.0000e+00
        717 114.585012    0.04972     2.9832    178.993     84.806  50845.447    31.8197     6.2723     84.000     6.2660    25.0080     6.7214     9.6056     95.866    292.855    300.178    0.00097    7.01124   10.01977  305.48271   15.74016 3.6170e-02     1.0554     0.7023    83.8983 0.0000e+00
        723 114.585028    0.05012     3.0071    180.424     85.832  50848.624    31.8216     6.2737     85.000     6.2670    25.0094     6.6887     9.5588     95.405    291.430    298.718   -0.00198    7.01091   10.01929  305.46779   15.73943 3.6170e-02     0.8697     0.6978    83.9926 0.0000e+00
        727 114.585040    0.05041     3.0245    181.472     86.821  50855.215    31.8259     6.2744     86.000     6.2675    25.0127     6.6637     9.5232     95.052    290.341    297.603   -0.00355    7.01061   10.01886  305.45368   15.73875 3.6170e-02     0.8808     0.7847    82.1981 0.0000e+00
        733 114.585058    0.05083     3.0504    183.021     87.851  50861.098    31.8297     6.2751     87.000     6.2680    25.0156     6.6583     9.5154     94.979    290.104    297.361   -0.00276    7.01033   10.01846  305.44072   15.73812 3.6170e-02     0.9161     1.1960    74.1333 0.0000e+00
        737 114.585071    0.05114     3.0684    184.107     88.754  50863.438    31.8308     6.2754     88.000 -9.990e-29    25.0165     6.6326     9.4786     94.614    288.982    296.213   -0.00362    7.01022   10.01830  305.43505   15.73784 3.6170e-02     0.8792     1.4056    70.3030 0.0000e+00
