CTD-processing/allCTD/CNV/2019_02-08_t7_s21_cast083_4141.cnv
* Sea-Bird SBE19plus Data File:
* FileName = C:\Users\Kim.Powell\Desktop\Not Processed\2019\2019_02-08\2019_02-08_TRANSECT_STATION_cast083.hex
* Software Version 1.59
* Temperature SN =  4141
* Conductivity SN =  4141
* System UpLoad Time = Mar 19 2019 08:46:19
** 2018_02-08
** Station: 7-21
** Start Time: 13:43
** Depth (m): 76
** Comment:
** Comment:
# nquan = 27
# nvalues = 72                          
# units = specified
# name 0 = scan: Scan Count
# name 1 = timeJ: Julian Days
# name 2 = timeH: Time, Elapsed [hours]
# name 3 = timeM: Time, Elapsed [minutes]
# name 4 = timeS: Time, Elapsed [seconds]
# name 5 = prdM: Pressure, Strain Gauge [db]
# name 6 = specc: Specific Conductance [uS/cm]
# name 7 = sal00: Salinity, Practical [PSU]
# name 8 = tv290C: Temperature [ITS-90, deg C]
# name 9 = depSM: Depth [salt water, m], lat = 59.00
# name 10 = potemp090C: Potential Temperature [ITS-90, deg C]
# name 11 = sigma-é00: Density [sigma-theta, kg/m^3]
# name 12 = sbeox0ML/L: Oxygen, SBE 43 [ml/l]
# name 13 = sbeox0Mg/L: Oxygen, SBE 43 [mg/l]
# name 14 = sbeox0PS: Oxygen, SBE 43 [% saturation]
# name 15 = sbox0Mm/Kg: Oxygen, SBE 43 [umol/kg]
# name 16 = sbeox0Mm/L: Oxygen, SBE 43 [umol/l]
# name 17 = sbox0dV/dT: Oxygen, SBE 43 [dov/dt]
# name 18 = oxsolML/L: Oxygen Saturation, Garcia & Gordon [ml/l]
# name 19 = oxsolMg/L: Oxygen Saturation, Garcia & Gordon [mg/l]
# name 20 = oxsolMm/Kg: Oxygen Saturation, Garcia & Gordon [umol/kg]
# name 21 = n2satMg/L: Nitrogen Saturation [mg/l]
# name 22 = par: PAR/Irradiance, Biospherical/Licor
# name 23 = wetStar: Fluorescence, WET Labs WETstar [mg/m^3]
# name 24 = CStarAt0: Beam Attenuation, WET Labs C-Star [1/m]
# name 25 = CStarTr0: Beam Transmission, WET Labs C-Star [%]
# name 26 = flag: flag
# span 0 =        157,        635       
# span 1 =  39.572153,  39.573536       
# span 2 =    0.01084,    0.04404       
# span 3 =     0.6505,     2.6424       
# span 4 =     39.029,    158.547       
# span 5 =      1.038,     72.700       
# span 6 =  50452.709,  50510.450       
# span 7 =    31.5845,    31.5928       
# span 8 =     6.2198,     6.2676       
# span 9 =      1.000,     72.000       
# span 10 =     6.2349,     6.2630      
# span 11 =    24.8228,    24.8314      
# span 12 =     6.2670,     6.5314      
# span 13 =     8.9562,     9.3340      
# span 14 =     89.143,     92.995      
# span 15 =    273.104,    284.623      
# span 16 =    279.885,    291.690      
# span 17 =   -0.00108,    0.00725      
# span 18 =    7.02257,    7.03061      
# span 19 =   10.03595,   10.04745      
# span 20 =  306.02931,  306.37952      
# span 21 =   15.76713,   15.78383      
# span 22 = 7.5040e-02, 8.0642e+01      
# span 23 =     0.3504,     0.4872      
# span 24 =     0.2431,     0.4550      
# span 25 =    89.3525,    94.1039      
# span 26 = 0.0000e+00, 0.0000e+00      
# interval = meters: 1                  
# start_time = Feb 08 2019 13:43:15 [Instrument's time stamp, header]
# bad_flag = -9.990e-29
*END*
[from data line 54]
        549  39.573288    0.03808     2.2850    137.102     55.531  50499.240    31.5925     6.2659     55.000     6.2615    24.8293     6.5226     9.3214     92.877    284.241    291.298    0.00033    7.02284   10.03634  306.04114   15.76770 3.1523e-01     0.4311     0.2458    94.0395 0.0000e+00
        554  39.573302    0.03841     2.3049    138.292     56.530  50499.994    31.5926     6.2662     56.000     6.2616    24.8294     6.5178     9.3145     92.809    284.032    291.084   -0.00025    7.02281   10.03629  306.03967   15.76762 2.8690e-01     0.4373     0.2453    94.0524 0.0000e+00
        561  39.573323    0.03892     2.3349    140.094     57.558  50500.655    31.5926     6.2663     57.000     6.2616    24.8294     6.5170     9.3135     92.799    284.001    291.052   -0.00022    7.02278   10.03626  306.03889   15.76759 2.6132e-01     0.4209     0.2434    94.0956 0.0000e+00
        565  39.573334    0.03920     2.3515    141.093     58.560  50501.134    31.5924     6.2664     58.000     6.2617    24.8293     6.5107     9.3045     92.709    283.725    290.770   -0.00075    7.02277   10.03623  306.03806   15.76755 2.3574e-01     0.4271     0.2462    94.0312 0.0000e+00
        569  39.573344    0.03943     2.3656    141.935     59.563  50501.790    31.5924     6.2665     59.000     6.2616    24.8292     6.5155     9.3113     92.777    283.932    290.982   -0.00039    7.02276   10.03622  306.03759   15.76753 2.1424e-01     0.4247     0.2480    93.9892 0.0000e+00
        573  39.573356    0.03972     2.3834    143.004     60.568  50502.280    31.5923     6.2666     60.000     6.2616    24.8292     6.5160     9.3121     92.785    283.956    291.006   -0.00021    7.02274   10.03620  306.03704   15.76751 1.9592e-01     0.4262     0.2466    94.0215 0.0000e+00
        580  39.573376    0.04019     2.4114    144.684     61.586  50503.138    31.5925     6.2667     61.000     6.2616    24.8293     6.5146     9.3101     92.765    283.895    290.943   -0.00029    7.02273   10.03618  306.03632   15.76747 1.7783e-01     0.4340     0.2434    94.0980 0.0000e+00
        585  39.573392    0.04059     2.4350    146.101     62.610  50503.896    31.5925     6.2666     62.000     6.2616    24.8293     6.5090     9.3020     92.685    283.648    290.691   -0.00092    7.02273   10.03618  306.03637   15.76747 1.6186e-01     0.4165     0.2439    94.0861 0.0000e+00
        589  39.573402    0.04082     2.4492    146.954     63.593  50504.765    31.5926     6.2668     63.000     6.2615    24.8294     6.5148     9.3103     92.768    283.902    290.952   -0.00013    7.02270   10.03614  306.03510   15.76741 1.4875e-01     0.4286     0.2462    94.0287 0.0000e+00
        595  39.573418    0.04122     2.4730    148.377     64.629  50505.280    31.5926     6.2668     64.000     6.2616    24.8294     6.5109     9.3048     92.712    283.733    290.778   -0.00052    7.02269   10.03613  306.03487   15.76740 1.3696e-01     0.4264     0.2451    94.0567 0.0000e+00
        598  39.573430    0.04148     2.4890    149.339     65.615  50505.979    31.5926     6.2670     65.000     6.2616    24.8294     6.5162     9.3123     92.788    283.962    291.013    0.00001    7.02267   10.03610  306.03380   15.76734 1.2682e-01     0.4288     0.2478    93.9924 0.0000e+00
        603  39.573443    0.04182     2.5091    150.543     66.639  50506.911    31.5928     6.2670     66.000     6.2616    24.8295     6.5129     9.3077     92.742    283.822    290.868   -0.00038    7.02265   10.03608  306.03302   15.76731 1.1639e-01     0.4262     0.2452    94.0539 0.0000e+00
        607  39.573456    0.04210     2.5260    151.563     67.636  50507.120    31.5925     6.2671     67.000     6.2616    24.8293     6.5129     9.3075     92.740    283.816    290.862   -0.00029    7.02265   10.03606  306.03276   15.76730 1.0773e-01     0.4283     0.2459    94.0380 0.0000e+00
        613  39.573474    0.04253     2.5521    153.124     68.651  50508.052    31.5927     6.2672     68.000     6.2616    24.8294     6.5150     9.3105     92.771    283.909    290.958   -0.00012    7.02262   10.03603  306.03179   15.76725 9.8995e-02     0.4275     0.2440    94.0831 0.0000e+00
        621  39.573495    0.04306     2.5838    155.027     69.676  50508.641    31.5926     6.2672     69.000     6.2615    24.8294     6.5124     9.3070     92.735    283.801    290.848   -0.00030    7.02263   10.03604  306.03210   15.76727 9.1256e-02     0.4289     0.2441    94.0803 0.0000e+00
        625  39.573506    0.04330     2.5985    155.909     70.673  50509.504    31.5927     6.2674     70.000     6.2617    24.8295     6.5118     9.3061     92.727    283.772    290.818   -0.00046    7.02260   10.03599  306.03049   15.76719 8.5156e-02     0.4201     0.2460    94.0349 0.0000e+00
        628  39.573517    0.04356     2.6136    156.817     71.670  50510.203    31.5928     6.2675     71.000     6.2616    24.8295     6.5155     9.3113     92.779    283.931    290.980   -0.00005    7.02257   10.03595  306.02931   15.76713 7.9943e-02     0.4201     0.2471    94.0085 0.0000e+00
        635  39.573536    0.04404     2.6424    158.547     72.700  50510.450    31.5925     6.2676     72.000     6.2617    24.8293     6.5129     9.3075     92.742    283.818    290.865   -0.00028    7.02258   10.03597  306.02977   15.76716 7.5040e-02     0.4270     0.2431    94.1039 0.0000e+00
