CTD-processing/allCTD/CNV/2019_07-25_t3_s12_cast038_4141.cnv
* Sea-Bird SBE19plus Data File:
* FileName = C:\Users\jwschloemer\Documents\CTD Data\2019_07-25_T3\2019_07-25_T3_1_Cast038.hex
* Software Version 1.59
* Temperature SN =  4141
* Conductivity SN =  4141
* System UpLoad Time = Aug 02 2019 13:48:10
** Cook Inlet LTM Transect 3
** Date: 2019_07-25
** Station:3-12
** Start Time (AKST):13:25
** Depth (m):35.1
** Comment:
** Comment:
# nquan = 27
# nvalues = 35                          
# units = specified
# name 0 = scan: Scan Count
# name 1 = timeJ: Julian Days
# name 2 = timeH: Time, Elapsed [hours]
# name 3 = timeM: Time, Elapsed [minutes]
# name 4 = timeS: Time, Elapsed [seconds]
# name 5 = prdM: Pressure, Strain Gauge [db]
# name 6 = specc: Specific Conductance [uS/cm]
# name 7 = sal00: Salinity, Practical [PSU]
# name 8 = tv290C: Temperature [ITS-90, deg C]
# name 9 = depSM: Depth [salt water, m], lat = 59.00
# name 10 = potemp090C: Potential Temperature [ITS-90, deg C]
# name 11 = sigma-é00: Density [sigma-theta, kg/m^3]
# name 12 = sbeox0ML/L: Oxygen, SBE 43 [ml/l]
# name 13 = sbeox0Mg/L: Oxygen, SBE 43 [mg/l]
# name 14 = sbeox0PS: Oxygen, SBE 43 [% saturation]
# name 15 = sbox0Mm/Kg: Oxygen, SBE 43 [umol/kg]
# name 16 = sbeox0Mm/L: Oxygen, SBE 43 [umol/l]
# name 17 = sbox0dV/dT: Oxygen, SBE 43 [dov/dt]
# name 18 = oxsolML/L: Oxygen Saturation, Garcia & Gordon [ml/l]
# name 19 = oxsolMg/L: Oxygen Saturation, Garcia & Gordon [mg/l]
# name 20 = oxsolMm/Kg: Oxygen Saturation, Garcia & Gordon [umol/kg]
# name 21 = n2satMg/L: Nitrogen Saturation [mg/l]
# name 22 = par: PAR/Irradiance, Biospherical/Licor
# name 23 = wetStar: Fluorescence, WET Labs WETstar [mg/m^3]
# name 24 = CStarAt0: Beam Attenuation, WET Labs C-Star [1/m]
# name 25 = CStarTr0: Beam Transmission, WET Labs C-Star [%]
# name 26 = flag: flag
# span 0 =        159,        454       
# span 1 = 206.559810, 206.560663       
# span 2 =    0.01100,    0.03146       
# span 3 =     0.6600,     1.8872       
# span 4 =     39.601,    113.234       
# span 5 =      1.014,     35.317       
# span 6 =  48711.098,  48985.627       
# span 7 =    31.1285,    31.2622       
# span 8 =    11.1322,    11.6432       
# span 9 =      1.000,     35.000       
# span 10 =    11.1279,    11.4628      
# span 11 =    23.6481,    23.8438      
# span 12 =     6.1536,     6.2444      
# span 13 =     8.7941,     8.9239      
# span 14 =     97.504,     99.937      
# span 15 =    268.420,    272.431      
# span 16 =    274.819,    278.877      
# span 17 =   -0.00162,    0.03469      
# span 18 =    6.24815,    6.31131      
# span 19 =    8.92923,    9.01948      
# span 20 =  272.59314,  275.29904      
# span 21 =   14.17118,   14.30034      
# span 22 = 6.1520e+00, 8.2768e+02      
# span 23 =     0.4137,     1.3668      
# span 24 =     0.3795,     1.0512      
# span 25 =    79.1683,    90.9490      
# span 26 = 0.0000e+00, 0.0000e+00      
# interval = meters: 1                  
# start_time = Jul 25 2019 13:25:28 [Instrument's time stamp, header]
# bad_flag = -9.990e-29
*END*
        159 206.559810    0.01100     0.6600     39.601      1.014  48711.098    31.1285    11.6432      1.000    11.4628    23.6481     6.2444     8.9239     99.937    272.431    278.877    0.03374    6.24815    8.92923  272.59314   14.17118 8.2768e+02     0.4536     1.0512    79.1683 0.0000e+00
        279 206.560156    0.01929     1.1572     69.434      2.019  48851.843    31.1990    11.3051      2.000    11.2544    23.7638     6.2441     8.9234     99.264    272.390    278.863    0.03469    6.29045    8.98968  274.41035   14.25800 7.2244e+02     0.4351     0.4375    89.8195 0.0000e+00
        290 206.560189    0.02010     1.2061     72.365      3.027  48920.097    31.2365    11.2051      3.000    11.1922    23.8107     6.1925     8.8497     98.256    270.126    276.557    0.01562    6.30241    9.00677  274.91952   14.28224 6.3366e+02     0.4137     0.4087    90.2873 0.0000e+00
        296 206.560204    0.02046     1.2276     73.658      4.039  48939.078    31.2469    11.1816      4.000    11.1778    23.8229     6.1791     8.8305     98.000    269.536    275.957    0.00790    6.30515    9.01070  275.03601   14.28778 5.5500e+02     0.4585     0.4128    90.1956 0.0000e+00
        301 206.560219    0.02081     1.2488     74.927      5.044  48944.216    31.2493    11.1744      5.000    11.1713    23.8261     6.1831     8.8363     98.051    269.711    276.137    0.00521    6.30603    9.01194  275.07325   14.28956 4.8232e+02     0.4911     0.4144    90.1593 0.0000e+00
        306 206.560236    0.02121     1.2728     76.370      6.061  48950.566    31.2528    11.1685      6.000    11.1662    23.8298     6.1846     8.8383     98.064    269.775    276.204    0.00324    6.30669    9.01289  275.10108   14.29088 3.7783e+02     0.5710     0.4108    90.2393 0.0000e+00
        311 206.560250    0.02155     1.2929     77.573      7.068  48954.676    31.2548    11.1647      7.000    11.1642    23.8321     6.1739     8.8230     97.887    269.307    275.725    0.00075    6.30711    9.01348  275.11870   14.29171 3.1488e+02     0.5786     0.4147    90.1525 0.0000e+00
        316 206.560263    0.02187     1.3121     78.727      8.072  48953.931    31.2541    11.1669      8.000    11.1663    23.8312     6.1835     8.8368     98.044    269.727    276.155    0.00141    6.30686    9.01313  275.10796   14.29120 2.6083e+02     0.6485     0.4200    90.0327 0.0000e+00
        322 206.560279    0.02226     1.3356     80.137      9.090  48953.307    31.2533    11.1665      9.000    11.1643    23.8306     6.1875     8.8425     98.107    269.902    276.334    0.00125    6.30694    9.01325  275.11199   14.29140 2.3829e+02     0.6742     0.4102    90.2518 0.0000e+00
        326 206.560293    0.02260     1.3560     81.363     10.090  48953.325    31.2525    11.1635     10.000    11.1608    23.8306     6.1844     8.8381     98.050    269.767    276.196    0.00034    6.30738    9.01388  275.13108   14.29232 2.0150e+02     0.8012     0.4137    90.1748 0.0000e+00
        332 206.560309    0.02298     1.3784     82.707     11.108  48957.727    31.2549    11.1606     11.000    11.1598    23.8330     6.1848     8.8387     98.052    269.785    276.214    0.00019    6.30768    9.01430  275.14329   14.29289 1.6582e+02     0.9474     0.4166    90.1087 0.0000e+00
        337 206.560324    0.02334     1.4005     84.028     12.112  48955.648    31.2531    11.1615     12.000    11.1588    23.8314     6.1853     8.8394     98.061    269.806    276.236 -3.420e-08    6.30761    9.01420  275.14088   14.29278 1.5380e+02     0.9894     0.4124    90.2042 0.0000e+00
        342 206.560340    0.02371     1.4229     85.371     13.122  48958.872    31.2545    11.1567     13.000    11.1535    23.8333     6.1832     8.8365     98.018    269.714    276.142   -0.00026    6.30823    9.01508  275.16713   14.29404 1.2329e+02     0.9917     0.4107    90.2416 0.0000e+00
        348 206.560356    0.02410     1.4458     86.749     14.135  48961.209    31.2553    11.1534     14.000    11.1486    23.8346     6.1802     8.8322     97.965    269.583    276.008   -0.00066    6.30863    9.01566  275.18443   14.29486 1.0936e+02     1.0613     0.4128    90.1957 0.0000e+00
        353 206.560370    0.02445     1.4671     88.025     15.143  48968.569    31.2593    11.1461     15.000    11.1444    23.8390     6.1744     8.8239     97.860    269.330    275.750   -0.00109    6.30945    9.01684  275.21934   14.29652 9.3115e+01     1.1871     0.4115    90.2245 0.0000e+00
        358 206.560385    0.02479     1.4876     89.254     16.150  48963.890    31.2552    11.1431     16.000    11.1368    23.8364     6.1704     8.8182     97.788    269.156    275.571   -0.00142    6.31003    9.01766  275.24491   14.29776 8.3500e+01     1.1241     0.4067    90.3330 0.0000e+00
        363 206.560400    0.02515     1.5089     90.532     17.163  48973.585    31.2608    11.1352     17.000    11.1327    23.8422     6.1769     8.8273     97.877    269.436    275.860   -0.00040    6.31087    9.01886  275.28010   14.29943 7.2092e+01     1.0932     0.3983    90.5215 0.0000e+00
        368 206.560413    0.02547     1.5281     91.686     18.171  48974.736    31.2611    11.1346     18.000    11.1321    23.8425     6.1731     8.8219     97.815    269.268    275.688   -0.00061    6.31094    9.01896  275.28300   14.29956 6.0866e+01     1.1496     0.3892    90.7281 0.0000e+00
        373 206.560427    0.02581     1.5486     92.917     19.178  48974.494    31.2605    11.1336     19.000    11.1312    23.8422     6.1644     8.8095     97.675    268.888    275.299   -0.00152    6.31110    9.01920  275.29021   14.29991 5.2941e+01     1.1517     0.3862    90.7969 0.0000e+00
        378 206.560443    0.02619     1.5716     94.298     20.191  48974.745    31.2603    11.1338     20.000    11.1309    23.8420     6.1693     8.8166     97.754    269.106    275.522   -0.00048    6.31108    9.01917  275.28946   14.29988 4.7219e+01     1.1119     0.3799    90.9399 0.0000e+00
        383 206.560457    0.02653     1.5918     95.509     21.201  48975.317    31.2601    11.1322     21.000    11.1299    23.8421     6.1731     8.8220     97.810    269.269    275.689   -0.00009    6.31131    9.01948  275.29904   14.30034 3.9620e+01     1.1461     0.3819    90.8948 0.0000e+00
        387 206.560470    0.02684     1.6103     96.617     22.206  48974.676    31.2594    11.1340     22.000    11.1320    23.8413     6.1781     8.8291     97.892    269.488    275.913    0.00053    6.31109    9.01918  275.29013   14.29991 3.5128e+01     1.2552     0.3836    90.8562 0.0000e+00
        393 206.560485    0.02720     1.6325     97.948     23.218  48974.076    31.2587    11.1350     23.000    11.1322    23.8406     6.1674     8.8138     97.725    269.023    275.436   -0.00081    6.31099    9.01904  275.28583   14.29971 3.0693e+01     1.2550     0.3812    90.9109 0.0000e+00
        398 206.560501    0.02759     1.6553     99.317     24.226  48974.962    31.2590    11.1354     24.000    11.1327    23.8407     6.1663     8.8123     97.709    268.976    275.388   -0.00077    6.31091    9.01893  275.28251   14.29955 2.6857e+01     1.2662     0.3833    90.8629 0.0000e+00
        404 206.560517    0.02798     1.6784    100.705     25.244  48975.352    31.2588    11.1356     25.000    11.1325    23.8407     6.1685     8.8154     97.744    269.070    275.485   -0.00021    6.31090    9.01891  275.28182   14.29951 2.3114e+01     1.2507     0.3845    90.8350 0.0000e+00
        408 206.560530    0.02827     1.6966    101.795     26.240  48976.097    31.2589    11.1358     26.000    11.1326    23.8408     6.1670     8.8133     97.721    269.006    275.419   -0.00054    6.31087    9.01886  275.28055   14.29945 2.0480e+01     1.3668     0.3819    90.8932 0.0000e+00
        414 206.560546    0.02866     1.7199    103.193     27.257  48975.959    31.2584    11.1355     27.000    11.1322    23.8404     6.1706     8.8183     97.776    269.160    275.577    0.00006    6.31093    9.01894  275.28309   14.29958 1.7590e+01     1.1264     0.3935    90.6331 0.0000e+00
        420 206.560563    0.02907     1.7440    104.637     28.271  48976.576    31.2585    11.1357     28.000    11.1323    23.8405     6.1637     8.8085     97.667    268.860    275.270   -0.00081    6.31090    9.01890  275.28185   14.29952 1.5423e+01     1.1864     0.3820    90.8912 0.0000e+00
        424 206.560577    0.02940     1.7643    105.855     29.274  48978.901    31.2597    11.1358     29.000    11.1324    23.8414     6.1690     8.8162     97.753    269.095    275.510   -0.00010    6.31083    9.01881  275.27877   14.29937 1.3638e+01     1.1976     0.3829    90.8716 0.0000e+00
        430 206.560592    0.02977     1.7862    107.170     30.289  48980.520    31.2605    11.1361     30.000    11.1326    23.8420     6.1670     8.8132     97.722    269.004    275.418   -0.00026    6.31077    9.01871  275.27556   14.29921 1.1848e+01     1.1804     0.3795    90.9490 0.0000e+00
        434 206.560606    0.03008     1.8049    108.294     31.293  48982.269    31.2613    11.1361     31.000    11.1325    23.8427     6.1687     8.8156     97.749    269.077    275.492   -0.00020    6.31073    9.01866  275.27368   14.29911 1.0415e+01     1.1122     0.3808    90.9192 0.0000e+00
        439 206.560619    0.03043     1.8256    109.534     32.305  48983.648    31.2619    11.1368     32.000    11.1332    23.8430     6.1669     8.8131     97.722    268.999    275.413   -0.00024    6.31061    9.01850  275.26856   14.29887 9.1398e+00     1.0542     0.3847    90.8304 0.0000e+00
        444 206.560634    0.03077     1.8463    110.779     33.312  48981.695    31.2601    11.1365     33.000    11.1311    23.8417     6.1664     8.8124     97.713    268.977    275.390   -0.00042    6.31073    9.01866  275.27410   14.29914 7.9728e+00     1.0486     0.3868    90.7828 0.0000e+00
        449 206.560649    0.03114     1.8682    112.091     34.329  48985.627    31.2622    11.1335     34.000    11.1294    23.8438     6.1641     8.8092     97.672    268.879    275.290   -0.00049    6.31105    9.01912  275.28749   14.29978 7.0088e+00     1.2517     0.3815    90.9039 0.0000e+00
        454 206.560663    0.03146     1.8872    113.234     35.317  48984.402    31.2609    11.1332     35.000    11.1279    23.8429     6.1536     8.7941     97.504    268.420    274.819   -0.00162    6.31114    9.01925  275.29180   14.29999 6.1520e+00     1.3419     0.3844    90.8372 0.0000e+00
