CTD-processing/allCTD/CNV/2019_02-07_t4_s07_cast048_4141.cnv
* Sea-Bird SBE19plus Data File:
* FileName = C:\Users\Kim.Powell\Desktop\Not Processed\2019\2019_02-08\2019_02-08_TRANSECT_STATION_cast048.hex
* Software Version 1.59
* Temperature SN =  4141
* Conductivity SN =  4141
* System UpLoad Time = Mar 19 2019 08:08:05
** 2018_02-07
** Station: 4-07
** Start Time: 10:56
** Depth (m): 34.5
** Comment:
** Comment:
# nquan = 27
# nvalues = 32                          
# units = specified
# name 0 = scan: Scan Count
# name 1 = timeJ: Julian Days
# name 2 = timeH: Time, Elapsed [hours]
# name 3 = timeM: Time, Elapsed [minutes]
# name 4 = timeS: Time, Elapsed [seconds]
# name 5 = prdM: Pressure, Strain Gauge [db]
# name 6 = specc: Specific Conductance [uS/cm]
# name 7 = sal00: Salinity, Practical [PSU]
# name 8 = tv290C: Temperature [ITS-90, deg C]
# name 9 = depSM: Depth [salt water, m], lat = 59.00
# name 10 = potemp090C: Potential Temperature [ITS-90, deg C]
# name 11 = sigma-é00: Density [sigma-theta, kg/m^3]
# name 12 = sbeox0ML/L: Oxygen, SBE 43 [ml/l]
# name 13 = sbeox0Mg/L: Oxygen, SBE 43 [mg/l]
# name 14 = sbeox0PS: Oxygen, SBE 43 [% saturation]
# name 15 = sbox0Mm/Kg: Oxygen, SBE 43 [umol/kg]
# name 16 = sbeox0Mm/L: Oxygen, SBE 43 [umol/l]
# name 17 = sbox0dV/dT: Oxygen, SBE 43 [dov/dt]
# name 18 = oxsolML/L: Oxygen Saturation, Garcia & Gordon [ml/l]
# name 19 = oxsolMg/L: Oxygen Saturation, Garcia & Gordon [mg/l]
# name 20 = oxsolMm/Kg: Oxygen Saturation, Garcia & Gordon [umol/kg]
# name 21 = n2satMg/L: Nitrogen Saturation [mg/l]
# name 22 = par: PAR/Irradiance, Biospherical/Licor
# name 23 = wetStar: Fluorescence, WET Labs WETstar [mg/m^3]
# name 24 = CStarAt0: Beam Attenuation, WET Labs C-Star [1/m]
# name 25 = CStarTr0: Beam Transmission, WET Labs C-Star [%]
# name 26 = flag: flag
# span 0 =        100,        418       
# span 1 =  38.456121,  38.457041       
# span 2 =    0.00691,    0.02897       
# span 3 =     0.4142,     1.7383       
# span 4 =     24.853,    104.299       
# span 5 =      1.026,     32.241       
# span 6 =  50249.069,  50303.316       
# span 7 =    31.1350,    31.1618       
# span 8 =     4.7372,     4.7607       
# span 9 =      1.000,     32.000       
# span 10 =     4.7382,     4.7589      
# span 11 =    24.6399,    24.6595      
# span 12 =     6.2782,     6.8307      
# span 13 =     8.9721,     9.7616      
# span 14 =     85.951,     93.535      
# span 15 =    273.639,    297.716      
# span 16 =    280.382,    305.056      
# span 17 =   -0.00073,    0.04590      
# span 18 =    7.29914,    7.30458      
# span 19 =   10.43119,   10.43897      
# span 20 =  318.13450,  318.37763      
# span 21 =   16.34534,   16.35701      
# span 22 = 1.6730e-01, 9.5406e+01      
# span 23 =     0.4554,     0.5809      
# span 24 =     0.7307,     0.9041      
# span 25 =    79.7790,    83.3042      
# span 26 = 0.0000e+00, 0.0000e+00      
# interval = meters: 1                  
# start_time = Feb 07 2019 10:56:24 [Instrument's time stamp, header]
# bad_flag = -9.990e-29
*END*
        100  38.456121    0.00691     0.4142     24.853      1.026  50249.069    31.1350     4.7372      1.000     4.7429    24.6399     6.2782     8.9721     85.951    273.639    280.382    0.02562    7.30458   10.43897  318.37763   16.35701 9.5406e+01     0.4554     0.8291    81.2949 0.0000e+00
        242  38.456532    0.01675     1.0051     60.304      2.014  50268.397    31.1498     4.7464      2.000     4.7432    24.6507     6.8021     9.7209     93.152    296.474    303.782    0.04590    7.30223   10.43561  318.27190   16.35193 6.5752e+01     0.4695     0.9041    79.7790 0.0000e+00
        265  38.456597    0.01833     1.1002     66.010      3.033  50279.975    31.1561     4.7414      3.000     4.7412    24.6563     6.8307     9.7616     93.535    297.716    305.056    0.03124    7.30280   10.43643  318.29502   16.35300 4.9585e+01     0.4665     0.8110    81.6496 0.0000e+00
        270  38.456613    0.01870     1.1223     67.338      4.038  50281.276    31.1565     4.7415      4.000     4.7412    24.6566     6.7881     9.7009     92.952    295.862    303.157    0.01832    7.30278   10.43640  318.29394   16.35295 3.8927e+01     0.4936     0.7810    82.2623 0.0000e+00
        275  38.456627    0.01905     1.1430     68.579      5.048  50281.230    31.1559     4.7415      5.000     4.7411    24.6562     6.7643     9.6668     92.625    294.823    302.092    0.01100    7.30279   10.43642  318.29471   16.35299 3.1299e+01     0.5225     0.7774    82.3373 0.0000e+00
        281  38.456643    0.01943     1.1661     69.965      6.060  50282.636    31.1564     4.7413      6.000     4.7407    24.6566     6.7396     9.6316     92.288    293.748    300.991    0.00560    7.30280   10.43644  318.29510   16.35300 2.6369e+01     0.5310     0.7778    82.3283 0.0000e+00
        286  38.456657    0.01978     1.1866     71.197      7.053  50281.132    31.1547     4.7405      7.000     4.7392    24.6553     6.7311     9.6194     92.169    293.378    300.612    0.00321    7.30303   10.43676  318.30535   16.35350 2.1564e+01     0.5338     0.7813    82.2562 0.0000e+00
        292  38.456676    0.02022     1.2130     72.782      8.086  50284.369    31.1561     4.7387      8.000     4.7382    24.6565     6.7261     9.6123     92.097    293.159    300.386    0.00159    7.30329   10.43713  318.31625   16.35401 1.7896e+01     0.5422     0.7647    82.5983 0.0000e+00
        297  38.456689    0.02054     1.2320     73.919      9.079  50285.127    31.1561     4.7390      9.000     4.7388    24.6566     6.7206     9.6045     92.023    292.922    300.145    0.00074    7.30322   10.43704  318.31330   16.35387 1.4392e+01     0.5545     0.7712    82.4656 0.0000e+00
        303  38.456708    0.02098     1.2591     75.545     10.100  50285.934    31.1565     4.7405     10.000     4.7399    24.6567     6.7147     9.5959     91.945    292.661    299.877   -0.00005    7.30295   10.43665  318.30161   16.35331 1.2036e+01     0.5809     0.7501    82.9004 0.0000e+00
        308  38.456722    0.02133     1.2797     76.782     11.102  50286.437    31.1564     4.7405     11.000     4.7398    24.6566     6.7163     9.5983     91.967    292.732    299.949    0.00006    7.30295   10.43665  318.30145   16.35331 9.7516e+00     0.5571     0.7668    82.5562 0.0000e+00
        313  38.456736    0.02166     1.2996     77.976     12.113  50286.995    31.1563     4.7408     12.000     4.7401    24.6566     6.7125     9.5929     91.916    292.569    299.782   -0.00035    7.30291   10.43658  318.29952   16.35321 7.9970e+00     0.5633     0.7641    82.6118 0.0000e+00
        318  38.456751    0.02201     1.3210     79.260     13.117  50288.235    31.1568     4.7412     13.000     4.7404    24.6569     6.7222     9.6068     92.050    292.991    300.216    0.00043    7.30282   10.43646  318.29559   16.35303 6.6509e+00     0.5600     0.7548    82.8039 0.0000e+00
        324  38.456769    0.02246     1.3477     80.863     14.147  50289.613    31.1573     4.7417     14.000     4.7409    24.6573     6.7197     9.6031     92.017    292.879    300.101 9.9096e-09    7.30270   10.43629  318.29050   16.35278 5.4424e+00     0.5569     0.7412    83.0855 0.0000e+00
        329  38.456783    0.02279     1.3671     82.028     15.137  50289.344    31.1568     4.7422     15.000     4.7412    24.6568     6.7171     9.5993     91.982    292.766    299.984   -0.00024    7.30264   10.43620  318.28766   16.35265 4.4635e+00     0.5430     0.7519    82.8637 0.0000e+00
        335  38.456801    0.02321     1.3926     83.555     16.154  50289.494    31.1563     4.7421     16.000     4.7408    24.6564     6.7176     9.6000     91.987    292.786    300.005   -0.00016    7.30267   10.43625  318.28953   16.35274 3.6620e+00     0.5470     0.7433    83.0426 0.0000e+00
        341  38.456816    0.02358     1.4147     84.881     17.161  50291.259    31.1571     4.7420     17.000     4.7410    24.6571     6.7156     9.5973     91.961    292.702    299.919   -0.00032    7.30265   10.43621  318.28816   16.35267 3.0270e+00     0.5503     0.7444    83.0191 0.0000e+00
        346  38.456832    0.02397     1.4380     86.282     18.170  50291.588    31.1568     4.7422     18.000     4.7409    24.6569     6.7211     9.6051     92.036    292.941    300.163    0.00004    7.30264   10.43620  318.28783   16.35266 2.4950e+00     0.5466     0.7426    83.0559 0.0000e+00
        351  38.456847    0.02434     1.4603     87.621     19.176  50293.357    31.1576     4.7426     19.000     4.7419    24.6575     6.7198     9.6032     92.019    292.882    300.104   -0.00003    7.30252   10.43604  318.28275   16.35241 2.0530e+00     0.5512     0.7434    83.0413 0.0000e+00
        358  38.456867    0.02480     1.4880     89.281     20.204  50294.010    31.1581     4.7451     20.000     4.7443    24.6576     6.7147     9.5960     91.957    292.663    299.880   -0.00041    7.30206   10.43537  318.26226   16.35143 1.6834e+00     0.5498     0.7357    83.2002 0.0000e+00
        362  38.456877    0.02504     1.5026     90.158     21.185  50294.981    31.1586     4.7464     21.000     4.7451    24.6578     6.7120     9.5922     91.924    292.548    299.761   -0.00059    7.30181   10.43502  318.25153   16.35093 1.3796e+00     0.5457     0.7635    82.6245 0.0000e+00
        368  38.456895    0.02548     1.5286     91.714     22.218  50293.292    31.1567     4.7453     22.000     4.7434    24.6565     6.7197     9.6031     92.024    292.879    300.101    0.00004    7.30211   10.43544  318.26489   16.35156 1.1497e+00     0.5429     0.7357    83.1996 0.0000e+00
        372  38.456908    0.02577     1.5467     92.800     23.208  50299.100    31.1605     4.7467     23.000     4.7470    24.6593     6.7175     9.6001     92.000    292.786    300.006   -0.00010    7.30167   10.43481  318.24487   16.35060 9.2934e-01     0.5494     0.7579    82.7386 0.0000e+00
        378  38.456924    0.02618     1.5709     94.253     24.234  50296.405    31.1592     4.7515     24.000     4.7501    24.6578     6.7094     9.5884     91.898    292.431    299.641   -0.00073    7.30088   10.43369  318.21088   16.34899 7.6740e-01     0.5510     0.7307    83.3042 0.0000e+00
        383  38.456938    0.02650     1.5901     95.407     25.231  50298.440    31.1601     4.7518     25.000     4.7510    24.6585     6.7147     9.5960     91.972    292.662    299.879   -0.00015    7.30079   10.43355  318.20661   16.34878 6.2577e-01     0.5292     0.7554    82.7903 0.0000e+00
        388  38.456953    0.02687     1.6119     96.715     26.251  50294.941    31.1575     4.7531     26.000     4.7500    24.6564     6.7192     9.6024     92.035    292.859    300.080    0.00014    7.30069   10.43342  318.20320   16.34863 5.2253e-01     0.5369     0.7435    83.0381 0.0000e+00
        393  38.456967    0.02721     1.6326     97.955     27.251  50297.978    31.1584     4.7500     27.000     4.7483    24.6574     6.7181     9.6008     92.014    292.810    300.029   -0.00008    7.30119   10.43413  318.22450   16.34964 4.3089e-01     0.5359     0.7466    82.9733 0.0000e+00
        398  38.456982    0.02757     1.6543     99.261     28.274  50300.613    31.1603     4.7524     28.000     4.7512    24.6586     6.7159     9.5977     91.990    292.713    299.931   -0.00023    7.30067   10.43339  318.20136   16.34853 3.5583e-01     0.5319     0.7425    83.0592 0.0000e+00
        403  38.456997    0.02792     1.6752    100.510     29.271  50300.041    31.1596     4.7534     29.000     4.7519    24.6580     6.7182     9.6010     92.024    292.816    300.037   -0.00007    7.30052   10.43317  318.19523   16.34824 2.9520e-01     0.5261     0.7354    83.2067 0.0000e+00
        409  38.457014    0.02832     1.6995    101.970     30.291  50303.316    31.1617     4.7551     30.000     4.7546    24.6595     6.7230     9.6079     92.095    293.025    300.251    0.00031    7.30012   10.43261  318.17747   16.34739 2.4179e-01     0.5254     0.7416    83.0774 0.0000e+00
        414  38.457028    0.02867     1.7200    103.202     31.299  50302.819    31.1618     4.7590     31.000     4.7577    24.6591     6.7154     9.5970     91.999    292.693    299.910   -0.00036    7.29944   10.43163  318.14782   16.34597 2.0141e-01     0.5324     0.7409    83.0927 0.0000e+00
        418  38.457041    0.02897     1.7383    104.299     32.241  50303.091    31.1618     4.7607     32.000     4.7589    24.6590     6.7160     9.5978     92.011    292.718    299.936   -0.00024    7.29914   10.43119  318.13450   16.34534 1.6730e-01     0.5319     0.7676    82.5399 0.0000e+00
