CTD-processing/allCTD/CNV/2019_05-14_t04_s08_cast180_4141.cnv
* Sea-Bird SBE19plus Data File:
* FileName = C:\Users\jwschloemer\Documents\CTD Data\2019_05-14_AlongBay_T4_T9_T3\2019_15-14_T04_S10_Cast180.hex
* Software Version 1.59
* Temperature SN =  4141
* Conductivity SN =  4141
* System UpLoad Time = May 15 2019 09:31:32
** Date:2019_05_14
** Station:08
** Start Time (AKST):09:50
** Depth (m):30
** Comment:
# nquan = 27
# nvalues = 28                          
# units = specified
# name 0 = scan: Scan Count
# name 1 = timeJ: Julian Days
# name 2 = timeH: Time, Elapsed [hours]
# name 3 = timeM: Time, Elapsed [minutes]
# name 4 = timeS: Time, Elapsed [seconds]
# name 5 = prdM: Pressure, Strain Gauge [db]
# name 6 = specc: Specific Conductance [uS/cm]
# name 7 = sal00: Salinity, Practical [PSU]
# name 8 = tv290C: Temperature [ITS-90, deg C]
# name 9 = depSM: Depth [salt water, m], lat = 59.00
# name 10 = potemp090C: Potential Temperature [ITS-90, deg C]
# name 11 = sigma-é00: Density [sigma-theta, kg/m^3]
# name 12 = sbeox0ML/L: Oxygen, SBE 43 [ml/l]
# name 13 = sbeox0Mg/L: Oxygen, SBE 43 [mg/l]
# name 14 = sbeox0PS: Oxygen, SBE 43 [% saturation]
# name 15 = sbox0Mm/Kg: Oxygen, SBE 43 [umol/kg]
# name 16 = sbeox0Mm/L: Oxygen, SBE 43 [umol/l]
# name 17 = sbox0dV/dT: Oxygen, SBE 43 [dov/dt]
# name 18 = oxsolML/L: Oxygen Saturation, Garcia & Gordon [ml/l]
# name 19 = oxsolMg/L: Oxygen Saturation, Garcia & Gordon [mg/l]
# name 20 = oxsolMm/Kg: Oxygen Saturation, Garcia & Gordon [umol/kg]
# name 21 = n2satMg/L: Nitrogen Saturation [mg/l]
# name 22 = par: PAR/Irradiance, Biospherical/Licor
# name 23 = wetStar: Fluorescence, WET Labs WETstar [mg/m^3]
# name 24 = CStarAt0: Beam Attenuation, WET Labs C-Star [1/m]
# name 25 = CStarTr0: Beam Transmission, WET Labs C-Star [%]
# name 26 = flag: flag
# span 0 =        141,        424       
# span 1 = 134.410428, 134.411247       
# span 2 =    0.00972,    0.02938       
# span 3 =     0.5829,     1.7627       
# span 4 =     34.976,    105.764       
# span 5 =      1.025,     28.263       
# span 6 =  48607.729,  50613.154       
# span 7 =    30.5297,    31.7555       
# span 8 =     6.6465,     7.5544       
# span 9 =      1.000,     28.000       
# span 10 =     6.6439,     7.5449      
# span 11 =    23.8265,    24.9100      
# span 12 =     6.9926,     9.3204      
# span 13 =     9.9933,    13.3197      
# span 14 =    100.566,    135.404      
# span 15 =    304.704,    406.339      
# span 16 =    312.294,    416.247      
# span 17 =   -0.06874,    0.00324      
# span 18 =    6.86433,    6.95334      
# span 19 =    9.80981,    9.93702      
# span 20 =  299.42660,  302.98886      
# span 21 =   15.45665,   15.62153      
# span 22 = 1.0979e-01, 7.5212e+01      
# span 23 =     1.3668,    16.8940      
# span 24 =     0.4237,     3.8163      
# span 25 =    48.6674,    89.9500      
# span 26 = 0.0000e+00, 0.0000e+00      
# interval = meters: 1                  
# start_time = May 14 2019 09:50:26 [Instrument's time stamp, header]
# bad_flag = -9.990e-29
*END*
        141 134.410428    0.00972     0.5829     34.976      1.025  48607.729    30.5297     7.5544      1.000     7.5449    23.8265     7.3746    10.5390    107.427    321.684    329.349    0.00324    6.86433    9.80981  299.42660   15.45665 7.5212e+01     1.5326     3.8163    48.6674 0.0000e+00
        291 134.410861    0.02013     1.2075     72.448      2.021  49179.705    30.9017     7.3981      2.000     7.2911    24.1395     9.3053    13.2982    135.404    405.777    415.573    0.00239    6.87223    9.82110  299.67954   15.46718 5.4850e+01     3.0679     1.5672    67.6144 0.0000e+00
        296 134.410877    0.02049     1.2292     73.752      3.026  49628.530    31.1747     7.1665      3.000     7.1254    24.3850     9.3204    13.3197    135.145    406.339    416.247   -0.00131    6.89655    9.85586  300.66821   15.51322 3.6120e+01     4.2056     1.7197    65.0987 0.0000e+00
        301 134.410892    0.02084     1.2508     75.051      4.039  49756.439    31.2525     7.1045      4.000     7.0918    24.4545     9.2834    13.2669    134.486    404.701    414.598   -0.00348    6.90288    9.86490  300.92358   15.52509 3.2936e+01    10.5070     1.3352    71.6430 0.0000e+00
        307 134.410907    0.02122     1.2730     76.383      5.049  49897.460    31.3406     7.0489      5.000     7.0339    24.5310     8.8779    12.6873    128.521    386.992    396.485   -0.03599    6.90773    9.87185  301.11286   15.53376 2.9773e+01    11.6720     1.3727    70.9580 0.0000e+00
        312 134.410922    0.02158     1.2947     77.681      6.053  49981.422    31.3956     7.0321      6.000     7.0248    24.5765     8.4677    12.1013    122.580    369.098    378.169   -0.05988    6.90792    9.87210  301.10741   15.53327 2.1163e+01    15.4450     1.4770    69.1347 0.0000e+00
        317 134.410938    0.02194     1.3168     79.011      7.069  50042.863    31.4354     7.0178      7.000     7.0173    24.6097     8.1264    11.6134    117.631    354.208    362.925   -0.06874    6.90838    9.87277  301.11799   15.53361 1.3394e+01    16.8940     1.3619    71.1743 0.0000e+00
        322 134.410952    0.02229     1.3376     80.254      8.074  50036.456    31.4291     7.0099      8.000     6.9948    24.6058     7.8999    11.2897    114.326    344.335    352.808   -0.06770    6.90994    9.87500  301.18708   15.53693 9.4765e+00    15.8444     1.1006    75.9514 0.0000e+00
        327 134.410967    0.02265     1.3587     81.524      9.085  50030.271    31.4159     6.9622      9.000     6.9401    24.6017     7.8393    11.2032    113.316    341.699    350.105   -0.05243    6.91814    9.88672  301.54576   15.55409 6.6218e+00    12.3390     1.0605    76.7124 0.0000e+00
        332 134.410981    0.02300     1.3797     82.782     10.091  50068.047    31.4334     6.9147     10.000     6.8961    24.6216     7.8599    11.2327    113.502    342.591    351.026   -0.03540    6.92495    9.89644  301.83645   15.56788 4.7008e+00    13.0681     0.9965    77.9494 0.0000e+00
        338 134.410997    0.02338     1.4031     84.184     11.108  50154.724    31.4863     6.8758     11.000     6.8656    24.6683     8.0249    11.4684    115.820    349.763    358.392   -0.01010    6.92878    9.90192  301.98959   15.57497 3.3179e+00    12.8298     1.0813    76.3154 0.0000e+00
        343 134.411012    0.02374     1.4241     85.447     12.111  50203.935    31.5129     6.8359     12.000     6.8089    24.6944     8.0335    11.4807    115.858    350.131    358.778   -0.00564    6.93397    9.90933  302.20801   15.58528 2.3604e+00    13.6381     1.1196    75.5874 0.0000e+00
        348 134.411028    0.02413     1.4475     86.849     13.126  50288.142    31.5600     6.7743     13.000     6.7627    24.7394     7.7734    11.1089    111.981    338.776    347.157   -0.02563    6.94170    9.92038  302.53178   15.60052 1.6916e+00    12.3823     0.9594    78.6867 0.0000e+00
        353 134.411042    0.02445     1.4673     88.040     14.134  50336.418    31.5906     6.7606     14.000     6.7602    24.7652     7.5142    10.7385    108.234    327.473    335.583   -0.04078    6.94251    9.92155  302.55954   15.60172 1.2578e+00     8.3117     0.8647    80.5663 0.0000e+00
        358 134.411055    0.02477     1.4863     89.178     15.138  50350.094    31.5997     6.7614     15.000     6.7580    24.7724     7.4211    10.6055    106.902    323.414    331.426   -0.03736    6.94196    9.92076  302.53358   15.60045 1.0009e+00     7.6899     0.6961    84.0344 0.0000e+00
        363 134.411070    0.02512     1.5074     90.443     16.157  50367.659    31.6104     6.7558     16.000     6.7505    24.7816     7.3392    10.4885    105.716    319.842    327.768   -0.03251    6.94237    9.92134  302.54857   15.60112 8.0331e-01     5.2025     0.6400    85.2162 0.0000e+00
        367 134.411083    0.02544     1.5259     91.556     17.156  50416.765    31.6413     6.7404     17.000     6.7247    24.8079     7.2903    10.4186    104.996    317.703    325.585   -0.02785    6.94345    9.92288  302.58773   15.60286 6.4354e-01     4.6959     0.6479    85.0497 0.0000e+00
        373 134.411098    0.02579     1.5479     92.875     18.174  50466.333    31.6694     6.7080     18.000     6.7005    24.8342     7.2849    10.4110    104.859    317.462    325.346   -0.01962    6.94738    9.92850  302.75126   15.61054 5.1959e-01     5.0347     0.5840    86.4152 0.0000e+00
        377 134.411111    0.02612     1.5673     94.036     19.179  50479.250    31.6761     6.6983     19.000     6.6944    24.8408     7.2626    10.3789    104.517    316.483    324.344   -0.01580    6.94863    9.93029  302.80400   15.61303 4.2862e-01     4.7501     0.5423    87.3211 0.0000e+00
        382 134.411126    0.02646     1.5874     95.243     20.189  50492.481    31.6833     6.6897     20.000     6.6810    24.8474     7.2267    10.3277    103.986    314.921    322.746   -0.01424    6.94969    9.93180  302.84823   15.61511 3.5704e-01     3.8285     0.5120    87.9872 0.0000e+00
        387 134.411140    0.02681     1.6085     96.508     21.200  50525.801    31.7032     6.6745     21.000     6.6703    24.8651     7.2129    10.3080    103.765    314.314    322.129   -0.01126    6.95123    9.93400  302.90987   15.61797 2.9723e-01     3.9106     0.5121    87.9852 0.0000e+00
        392 134.411154    0.02714     1.6287     97.724     22.207  50546.893    31.7169     6.6720     22.000     6.6715    24.8763     7.1987    10.2877    103.563    313.690    321.495   -0.00897    6.95101    9.93369  302.89724   15.61731 2.5040e-01     3.3656     0.4887    88.5003 0.0000e+00
        397 134.411170    0.02752     1.6513     99.078     23.221  50566.891    31.7307     6.6738     23.000     6.6671    24.8869     7.1860    10.2695    103.394    313.134    320.927   -0.00707    6.95007    9.93235  302.85324   15.61516 2.1163e-01     3.1582     0.4892    88.4885 0.0000e+00
        402 134.411184    0.02787     1.6721    100.325     24.226  50592.488    31.7454     6.6595     24.000     6.6529    24.9003     7.1688    10.2449    103.123    312.381    320.159   -0.00646    6.95171    9.93470  302.92073   15.61831 1.8220e-01     2.6677     0.4404    89.5739 0.0000e+00
        407 134.411199    0.02823     1.6937    101.624     25.237  50605.592    31.7525     6.6512     25.000     6.6480    24.9070     7.0992    10.1454    102.106    309.345    317.050   -0.00994    6.95273    9.93615  302.96301   15.62030 1.5919e-01     1.9895     0.4237    89.9500 0.0000e+00
        413 134.411215    0.02862     1.7171    103.028     26.251  50608.236    31.7536     6.6496     26.000     6.6469    24.9080     7.0088    10.0164    100.804    305.407    313.015   -0.01429    6.95293    9.93644  302.97145   15.62070 1.3977e-01     1.7049     0.4446    89.4808 0.0000e+00
        418 134.411231    0.02899     1.7390    104.340     27.255  50611.224    31.7548     6.6477     27.000     6.6447    24.9093     6.9963     9.9984    100.620    304.862    312.456   -0.01107    6.95318    9.93679  302.98208   15.62120 1.2354e-01     1.3668     0.4300    89.8073 0.0000e+00
        424 134.411247    0.02938     1.7627    105.764     28.263  50613.154    31.7555     6.6465     28.000     6.6439    24.9100     6.9926     9.9933    100.566    304.704    312.294   -0.00740    6.95334    9.93702  302.98886   15.62153 1.0979e-01     1.5272     0.4511    89.3356 0.0000e+00
