CTD-processing/allCTD/CNV/2019_06-19_alongbay_skb10_cast224_4141.cnv
* Sea-Bird SBE19plus Data File:
* FileName = C:\Users\jwschloemer\Documents\CTD Data\2019_06-19_AlongBay_T9\2019_06-19_AlongBay_SKB01_Cast224.hex
* Software Version 1.59
* Temperature SN =  4141
* Conductivity SN =  4141
* System UpLoad Time = Jun 20 2019 15:44:10
** Cook Inlet LTM Along Bay
** Date: 2019_06_19
** Station:10
** Start Time (AKST):14:04
** Depth (m):62
** Comment:
# nquan = 27
# nvalues = 60                          
# units = specified
# name 0 = scan: Scan Count
# name 1 = timeJ: Julian Days
# name 2 = timeH: Time, Elapsed [hours]
# name 3 = timeM: Time, Elapsed [minutes]
# name 4 = timeS: Time, Elapsed [seconds]
# name 5 = prdM: Pressure, Strain Gauge [db]
# name 6 = specc: Specific Conductance [uS/cm]
# name 7 = sal00: Salinity, Practical [PSU]
# name 8 = tv290C: Temperature [ITS-90, deg C]
# name 9 = depSM: Depth [salt water, m], lat = 59.00
# name 10 = potemp090C: Potential Temperature [ITS-90, deg C]
# name 11 = sigma-é00: Density [sigma-theta, kg/m^3]
# name 12 = sbeox0ML/L: Oxygen, SBE 43 [ml/l]
# name 13 = sbeox0Mg/L: Oxygen, SBE 43 [mg/l]
# name 14 = sbeox0PS: Oxygen, SBE 43 [% saturation]
# name 15 = sbox0Mm/Kg: Oxygen, SBE 43 [umol/kg]
# name 16 = sbeox0Mm/L: Oxygen, SBE 43 [umol/l]
# name 17 = sbox0dV/dT: Oxygen, SBE 43 [dov/dt]
# name 18 = oxsolML/L: Oxygen Saturation, Garcia & Gordon [ml/l]
# name 19 = oxsolMg/L: Oxygen Saturation, Garcia & Gordon [mg/l]
# name 20 = oxsolMm/Kg: Oxygen Saturation, Garcia & Gordon [umol/kg]
# name 21 = n2satMg/L: Nitrogen Saturation [mg/l]
# name 22 = par: PAR/Irradiance, Biospherical/Licor
# name 23 = wetStar: Fluorescence, WET Labs WETstar [mg/m^3]
# name 24 = CStarAt0: Beam Attenuation, WET Labs C-Star [1/m]
# name 25 = CStarTr0: Beam Transmission, WET Labs C-Star [%]
# name 26 = flag: flag
# span 0 =        126,        531       
# span 1 = 170.587016, 170.588188       
# span 2 =    0.00867,    0.03679       
# span 3 =     0.5199,     2.2071       
# span 4 =     31.196,    132.424       
# span 5 =      1.017,     60.556       
# span 6 =  41160.047,  50307.907       
# span 7 =    25.9089,    31.6027       
# span 8 =     7.0572,    12.6993       
# span 9 =      1.000,     60.000       
# span 10 =     7.0514,    12.6458      
# span 11 =    19.4684,    24.7363      
# span 12 =     6.2669,     7.5238      
# span 13 =     8.9561,    10.7522      
# span 14 =     90.902,    113.311      
# span 15 =    273.126,    328.271      
# span 16 =    279.882,    336.012      
# span 17 =   -0.02594,    0.07195      
# span 18 =    6.28440,    6.89456      
# span 19 =    8.98104,    9.85300      
# span 20 =  275.16084,  300.47807      
# span 21 =   14.31225,   15.50242      
# span 22 = 3.6167e-02, 4.9968e+02      
# span 23 =     0.3048,     4.5631      
# span 24 =     0.4189,     4.7078      
# span 25 =    41.2663,    90.0559      
# span 26 = 0.0000e+00, 0.0000e+00      
# interval = meters: 1                  
# start_time = Jun 19 2019 14:04:47 [Instrument's time stamp, header]
# bad_flag = -9.990e-29
*END*
        126 170.587016    0.00867     0.5199     31.196      1.017  41160.047    25.9089    12.4060      1.000    12.5906    19.4684     6.3231     9.0363     99.663    276.983    282.389    0.05483    6.35386    9.08030  278.34915   14.46806 4.9968e+02     0.5894     4.7078    41.2663 0.0000e+00
        258 170.587399    0.01786     1.0719     64.317      2.016  42207.053    26.6522    12.6993      2.000    12.6458    19.9912     7.1202    10.1755    113.311    311.755    317.988    0.07195    6.28440    8.98104  275.16084   14.31225 4.1232e+02     0.7360     1.4881    70.0306 0.0000e+00
        268 170.587428    0.01855     1.1133     66.799      3.031  43297.793    27.3848    12.3384      3.000    11.9982    20.6227     7.0126    10.0217    111.251    306.854    313.182    0.02889    6.30351    9.00834  275.82618   14.34117 2.9056e+02     0.7740     1.2099    73.8990 0.0000e+00
        273 170.587441    0.01887     1.1322     67.932      4.037  45024.600    28.5060    11.3682      4.000    10.7397    21.6614     6.9140     9.8807    108.199    302.229    308.776   -0.00475    6.39023    9.13228  279.33651   14.50478 2.1974e+02     0.9287     1.2336    73.4645 0.0000e+00
        277 170.587455    0.01919     1.1510     69.061      5.049  46679.286    29.5298    10.0936      5.000     9.6449    22.6692     7.0236    10.0375    107.608    306.721    313.675   -0.01098    6.52675    9.32737  285.02311   14.77275 1.6447e+02     1.2645     1.2874    72.4920 0.0000e+00
        282 170.587467    0.01948     1.1688     70.130      6.055  47824.379    30.2307     9.2795      6.000     9.1089    23.3438     7.3465    10.4990    111.055    320.614    328.098    0.01318    6.61519    9.45376  288.69497   14.94544 1.2131e+02     2.1136     1.3386    71.5822 0.0000e+00
        286 170.587480    0.01978     1.1870     71.217      7.068  48235.754    30.4827     9.0116      7.000     8.9977    23.5814     7.5238    10.7522    113.244    328.271    336.012    0.02474    6.64391    9.49481  289.88112   15.00109 8.9694e+01     3.6731     1.1192    75.5833 0.0000e+00
        290 170.587492    0.02009     1.2051     72.304      8.075  48304.369    30.5281     8.9957      8.000     8.9896    23.6193     7.4868    10.6994    112.679    326.644    334.360    0.01439    6.64433    9.49541  289.88896   15.00128 6.9215e+01     4.1785     1.0401    77.1042 0.0000e+00
        295 170.587505    0.02040     1.2238     73.426      9.087  48412.774    30.6004     8.9729      9.000     8.9456    23.6794     7.4337    10.6235    111.875    324.308    331.988    0.00422    6.64462    9.49582  289.88426   15.00076 5.3891e+01     4.5631     0.9177    79.5012 0.0000e+00
        299 170.587517    0.02070     1.2419     74.512     10.093  48507.757    30.6574     8.9074     10.000     8.8761    23.7338     7.4044    10.5817    111.314    323.017    330.683   -0.00048    6.65187    9.50619  290.18529   15.01492 4.2730e+01     4.5343     0.8283    81.2983 0.0000e+00
        304 170.587531    0.02101     1.2608     75.646     11.104  48597.916    30.7117     8.8466     11.000     8.8200    23.7854     7.3503    10.5043    110.388    320.638    328.265   -0.00636    6.65860    9.51581  290.46421   15.02801 3.4127e+01     4.0359     0.7814    82.2549 0.0000e+00
        308 170.587544    0.02133     1.2799     76.795     12.115  48691.378    30.7668     8.7768     12.000     8.7113    23.8389     7.3023    10.4358    109.536    318.530    326.123   -0.01003    6.66663    9.52727  290.79923   15.04379 2.7709e+01     3.6132     0.7467    82.9718 0.0000e+00
        313 170.587557    0.02165     1.2990     77.940     13.123  48938.666    30.9166     8.6168     13.000     8.5722    23.9799     7.2498    10.3607    108.464    316.194    323.776   -0.01365    6.68408    9.55222  291.52026   15.07763 2.2723e+01     3.4612     0.6607    84.7764 0.0000e+00
        317 170.587570    0.02196     1.3180     79.079     14.132  49069.508    30.9959     8.5356     14.000     8.5129    24.0540     7.1810    10.2624    107.294    313.170    320.703   -0.01706    6.69284    9.56474  291.88131   15.09455 1.8795e+01     3.0942     0.6138    85.7741 0.0000e+00
        322 170.587584    0.02229     1.3375     80.252     15.143  49145.662    31.0424     8.4921     15.000     8.4686    24.0968     7.1232    10.1797    106.358    310.635    318.120   -0.01796    6.69738    9.57123  292.06705   15.10323 1.5753e+01     2.6738     0.5671    86.7821 0.0000e+00
        326 170.587597    0.02260     1.3560     81.363     16.150  49207.375    31.0755     8.4267     16.000     8.3468    24.1322     7.1036    10.1518    105.933    309.772    317.247   -0.01545    6.70580    9.58326  292.42395   15.12014 1.3251e+01     2.4638     0.5476    87.2084 0.0000e+00
        332 170.587612    0.02297     1.3783     82.697     17.164  49437.235    31.2010     8.1961     17.000     8.1271    24.2639     7.0531    10.0797    104.720    307.531    314.993   -0.01727    6.73529    9.62541  293.67246   15.17925 1.1360e+01     2.2276     0.4657    89.0117 0.0000e+00
        337 170.587627    0.02332     1.3993     83.960     18.164  49591.502    31.2846     8.0422     18.000     7.9888    24.3515     6.9541     9.9381    102.947    303.188    310.571   -0.02230    6.75511    9.65372  294.51142   15.21897 9.7461e+00     1.8450     0.4520    89.3142 0.0000e+00
        342 170.587641    0.02366     1.4199     85.194     19.183  49740.349    31.3746     7.9549     19.000     7.9398    24.4345     6.8518     9.7919    101.290    298.702    306.000   -0.02594    6.76451    9.66716  294.89744   15.23703 8.3706e+00     1.4389     0.4269    89.8762 0.0000e+00
        346 170.587654    0.02398     1.4389     86.334     20.188  49788.216    31.4035     7.9295     20.000     7.9191    24.4608     6.8112     9.7338    100.651    296.922    304.185   -0.02222    6.76713    9.67091  295.00410   15.24201 7.2656e+00     1.1194     0.4197    90.0405 0.0000e+00
        351 170.587667    0.02429     1.4573     87.440     21.200  49809.350    31.4137     7.9031     21.000     7.8874    24.4725     6.7884     9.7013    100.260    295.926    303.168   -0.01831    6.77075    9.67608  295.15844   15.24933 6.2966e+00     0.9309     0.4189    90.0559 0.0000e+00
        355 170.587680    0.02460     1.4761     88.568     22.209  49787.894    31.3916     7.8614     22.000     7.8130    24.4611     6.7794     9.6883    100.018    295.536    302.765   -0.01448    6.77814    9.68663  295.48372   15.26495 5.4729e+00     0.8339     0.4231    89.9628 0.0000e+00
        360 170.587693    0.02491     1.4946     89.678     23.219  49840.510    31.4098     7.7492     23.000     7.7071    24.4911     6.7605     9.6615     99.498    294.709    301.926   -0.01337    6.79466    9.71026  296.19564   15.29886 4.7349e+00     0.7821     0.4409    89.5630 0.0000e+00
        364 170.587706    0.02521     1.5127     90.762     24.226  49911.028    31.4466     7.6755     24.000     7.6468    24.5302     6.7272     9.6139     98.865    293.244    300.437   -0.01364    6.80444    9.72423  296.61042   15.31851 4.0964e+00     0.7756     0.4528    89.2979 0.0000e+00
        369 170.587719    0.02554     1.5325     91.950     25.240  49971.182    31.4782     7.6147     25.000     7.5957    24.5633     6.6880     9.5578     98.172    291.524    298.685   -0.01371    6.81248    9.73571  296.95107   15.33463 3.5353e+00     0.7253     0.4698    88.9198 0.0000e+00
        373 170.587731    0.02583     1.5501     93.009     26.244  50000.388    31.4939     7.5887     26.000     7.5760    24.5793     6.6513     9.5053     97.586    289.919    297.044   -0.01371    6.81582    9.74049  297.09231   15.34131 3.0462e+00     0.6477     0.4795    88.7029 0.0000e+00
        378 170.587745    0.02615     1.5693     94.157     27.258  50018.165    31.5016     7.5634     27.000     7.5524    24.5888     6.6336     9.4801     97.276    289.149    296.259   -0.01171    6.81942    9.74564  297.24649   15.34864 2.6176e+00     0.6015     0.4969    88.3190 0.0000e+00
        382 170.587758    0.02646     1.5875     95.252     28.265  50029.841    31.5067     7.5476     28.000     7.5381    24.5950     6.6293     9.4739     97.180    288.958    296.065   -0.00903    6.82165    9.74882  297.34181   15.35317 2.2467e+00     0.5756     0.4903    88.4659 0.0000e+00
        386 170.587770    0.02677     1.6060     96.362     29.275  50042.157    31.5123     7.5325     29.000     7.5237    24.6015     6.6225     9.4642     97.051    288.660    295.762   -0.00725    6.82375    9.75182  297.43122   15.35741 1.9322e+00     0.5715     0.5029    88.1862 0.0000e+00
        391 170.587784    0.02708     1.6250     97.497     30.289  50053.366    31.5176     7.5198     30.000     7.5140    24.6074     6.6191     9.4595     96.977    288.513    295.612   -0.00567    6.82551    9.75433  297.50630   15.36097 1.6500e+00     0.5553     0.5088    88.0569 0.0000e+00
        395 170.587795    0.02737     1.6422     98.533     31.290  50056.334    31.5182     7.5138     31.000     7.5066    24.6087     6.6134     9.4512     96.880    288.260    295.353   -0.00479    6.82641    9.75561  297.54503   15.36282 1.4135e+00     0.5454     0.5184    87.8442 0.0000e+00
        400 170.587810    0.02771     1.6627     99.763     32.310  50060.566    31.5186     7.5010     32.000     7.4910    24.6108     6.6028     9.4360     96.695    287.796    294.879   -0.00447    6.82839    9.75845  297.63104   15.36692 1.2059e+00     0.5243     0.5301    87.5880 0.0000e+00
        404 170.587822    0.02800     1.6799    100.796     33.309  50071.754    31.5233     7.4856     33.000     7.4765    24.6166     6.6005     9.4328     96.632    287.696    294.779   -0.00367    6.83059    9.76159  297.72506   15.37139 1.0282e+00     0.5160     0.5394    87.3839 0.0000e+00
        409 170.587836    0.02834     1.7006    102.038     34.328  50081.385    31.5275     7.4733     34.000     7.4648    24.6216     6.5897     9.4173     96.449    287.223    294.296   -0.00372    6.83233    9.76407  297.79924   15.37491 8.7301e-01     0.5014     0.5465    87.2287 0.0000e+00
        414 170.587849    0.02865     1.7190    103.138     35.331  50083.160    31.5257     7.4579     35.000     7.4436    24.6223     6.5814     9.4053     96.291    286.859    293.922   -0.00368    6.83482    9.76763  297.90744   15.38008 7.4225e-01     0.4871     0.5600    86.9366 0.0000e+00
        418 170.587862    0.02897     1.7383    104.300     36.342  50093.179    31.5270     7.4266     36.000     7.4047    24.6276     6.5725     9.3927     96.094    286.472    293.528   -0.00386    6.83965    9.77454  298.11670   15.39006 6.2977e-01     0.4939     0.5809    86.4837 0.0000e+00
        423 170.587876    0.02931     1.7585    105.512     37.355  50125.482    31.5413     7.3810     37.000     7.3624    24.6451     6.5577     9.3715     95.786    285.821    292.864   -0.00450    6.84616    9.78385  298.39563   15.40332 5.3104e-01     0.4789     0.6085    85.8896 0.0000e+00
        428 170.587890    0.02962     1.7774    106.643     38.359  50155.791    31.5571     7.3522     38.000     7.3416    24.6614     6.5320     9.3349     95.359    284.700    291.721   -0.00590    6.84997    9.78929  298.55683   15.41094 4.4621e-01     0.4603     0.6315    85.3967 0.0000e+00
        433 170.587904    0.02998     1.7987    107.920     39.376  50178.710    31.5707     7.3410     39.000     7.3377    24.6735     6.5116     9.3058     95.044    283.806    290.808   -0.00596    6.85112    9.79094  298.60349   15.41311 3.6916e-01     0.4559     0.6368    85.2828 0.0000e+00
        437 170.587918    0.03030     1.8180    109.082     40.379  50174.112    31.5661     7.3354     40.000     7.3248    24.6707     6.5059     9.2976     94.946    283.559    290.554   -0.00495    6.85220    9.79248  298.65141   15.41542 2.9243e-01     0.4208     0.5977    86.1203 0.0000e+00
        442 170.587931    0.03064     1.8382    110.293     41.392  50183.298    31.5697     7.3216     41.000     7.3130    24.6754     6.5076     9.3001     94.943    283.631    290.629   -0.00350    6.85422    9.79536  298.73781   15.41952 2.4933e-01     0.4115     0.5734    86.6443 0.0000e+00
        447 170.587946    0.03097     1.8584    111.502     42.404  50187.894    31.5702     7.3082     42.000     7.2978    24.6776     6.5041     9.2950     94.863    283.478    290.474   -0.00295    6.85630    9.79834  298.82811   15.42383 2.0031e-01     0.4012     0.5769    86.5698 0.0000e+00
        451 170.587958    0.03127     1.8764    112.582     43.405  50193.779    31.5713     7.2932     43.000     7.2821    24.6804     6.5006     9.2901     94.781    283.326    290.318   -0.00280    6.85861    9.80164  298.92807   15.42860 1.6245e-01     0.3900     0.5850    86.3944 0.0000e+00
        457 170.587974    0.03164     1.8984    113.905     44.428  50190.556    31.5637     7.2647     44.000     7.2405    24.6783     6.4959     9.2833     94.646    283.122    290.109   -0.00255    6.86345    9.80854  299.13897   15.43869 1.3135e-01     0.3851     0.6273    85.4865 0.0000e+00
        461 170.587985    0.03193     1.9156    114.937     45.423  50227.169    31.5824     7.2280     45.000     7.2156    24.6980     6.4737     9.2516     94.254    282.148    289.116   -0.00435    6.86839    9.81562  299.34906   15.44864 1.0665e-01     0.3711     0.7572    82.7546 0.0000e+00
        466 170.588000    0.03227     1.9366    116.196     46.443  50226.953    31.5773     7.2020     46.000     7.1811    24.6975     6.4429     9.2075     93.745    280.804    287.739   -0.00599    6.87273    9.82181  299.53805   15.45767 8.2310e-02     0.3718     0.8366    81.1261 0.0000e+00
        470 170.588013    0.03259     1.9554    117.322     47.448  50252.157    31.5881     7.1654     47.000     7.1524    24.7108     6.4108     9.1617     93.207    279.402    286.306   -0.00763    6.87803    9.82939  299.76524   15.46847 7.0940e-02     0.3544     0.9092    79.6696 0.0000e+00
        475 170.588026    0.03291     1.9741    118.448     48.457  50252.676    31.5846     7.1456     48.000     7.1268    24.7107     6.3911     9.1336     92.876    278.544    285.427   -0.00750    6.88133    9.83410  299.90899   15.47534 6.0553e-02     0.3514     0.9507    78.8468 0.0000e+00
        479 170.588039    0.03322     1.9936    119.613     49.470  50265.369    31.5860     7.1057     49.000     7.0872    24.7171     6.3623     9.0924     92.373    277.286    284.140   -0.00834    6.88759    9.84304  300.17984   15.48825 5.2751e-02     0.3304     1.0304    77.2918 0.0000e+00
        484 170.588052    0.03353     2.0117    120.701     50.476  50287.683    31.5970     7.0823     50.000     7.0724    24.7288     6.3343     9.0524     91.924    276.063    282.890   -0.00877    6.89080    9.84764  300.31644   15.49472 4.7126e-02     0.3329     1.1352    75.2931 0.0000e+00
        488 170.588065    0.03385     2.0310    121.860     51.488  50295.834    31.6005     7.0728     51.000     7.0659    24.7329     6.3070     9.0134     91.511    274.874    281.672   -0.00870    6.89215    9.84957  300.37426   15.49747 4.3445e-02     0.3217     1.1898    74.2701 0.0000e+00
        493 170.588079    0.03417     2.0501    123.008     52.498  50299.495    31.6019     7.0688     52.000     7.0629    24.7345     6.2869     8.9847     91.211    273.997    280.774   -0.00812    6.89273    9.85040  300.39907   15.49864 3.9594e-02     0.3114     1.2122    73.8556 0.0000e+00
        498 170.588092    0.03448     2.0688    124.128     53.506  50300.808    31.6018     7.0658     53.000     7.0602    24.7349     6.2785     8.9727     91.083    273.631    280.400   -0.00662    6.89319    9.85106  300.41907   15.49960 3.8812e-02     0.3173     1.2487    73.1848 0.0000e+00
