CTD-processing/allCTD/CNV/2019_12-12_alongbay_kb07_cast007_4141.cnv
* Sea-Bird SBE19plus Data File:
* FileName = C:\Users\Chris\Desktop\EVOSTC GWA LTM\CTD Data\2019_12-12_AlongBay\2019_12-12_AlongBay_KB0_Cast007.hex
* Software Version 1.59
* Temperature SN =  4141
* Conductivity SN =  4141
* System UpLoad Time = Dec 13 2019 13:43:37
** Cook Inlet LTM AlongBay
** Date: 2019_12-12
** Station:07
** Start Time: (AKST):12:23
** Depth (m):148
** Comment:
** Comment:
# nquan = 27
# nvalues = 144                         
# units = specified
# name 0 = scan: Scan Count
# name 1 = timeJ: Julian Days
# name 2 = timeH: Time, Elapsed [hours]
# name 3 = timeM: Time, Elapsed [minutes]
# name 4 = timeS: Time, Elapsed [seconds]
# name 5 = prdM: Pressure, Strain Gauge [db]
# name 6 = specc: Specific Conductance [uS/cm]
# name 7 = sal00: Salinity, Practical [PSU]
# name 8 = tv290C: Temperature [ITS-90, deg C]
# name 9 = depSM: Depth [salt water, m], lat = 59.00
# name 10 = potemp090C: Potential Temperature [ITS-90, deg C]
# name 11 = sigma-é00: Density [sigma-theta, kg/m^3]
# name 12 = sbeox0ML/L: Oxygen, SBE 43 [ml/l]
# name 13 = sbeox0Mg/L: Oxygen, SBE 43 [mg/l]
# name 14 = sbeox0PS: Oxygen, SBE 43 [% saturation]
# name 15 = sbox0Mm/Kg: Oxygen, SBE 43 [umol/kg]
# name 16 = sbeox0Mm/L: Oxygen, SBE 43 [umol/l]
# name 17 = sbox0dV/dT: Oxygen, SBE 43 [dov/dt]
# name 18 = oxsolML/L: Oxygen Saturation, Garcia & Gordon [ml/l]
# name 19 = oxsolMg/L: Oxygen Saturation, Garcia & Gordon [mg/l]
# name 20 = oxsolMm/Kg: Oxygen Saturation, Garcia & Gordon [umol/kg]
# name 21 = n2satMg/L: Nitrogen Saturation [mg/l]
# name 22 = par: PAR/Irradiance, Biospherical/Licor
# name 23 = wetStar: Fluorescence, WET Labs WETstar [mg/m^3]
# name 24 = CStarAt0: Beam Attenuation, WET Labs C-Star [1/m]
# name 25 = CStarTr0: Beam Transmission, WET Labs C-Star [%]
# name 26 = flag: flag
# span 0 =        256,        940       
# span 1 = 346.516686, 346.518666       
# span 2 =    0.01768,    0.06521       
# span 3 =     1.0605,     3.9127       
# span 4 =     63.630,    234.759       
# span 5 =      1.024,    145.396       
# span 6 =  48282.979,  49825.503       
# span 7 =    30.1878,    31.3085       
# span 8 =     6.8439,     7.5430       
# span 9 =      1.000,    144.000       
# span 10 =     6.8431,     7.5358      
# span 11 =    23.6501,    24.4439      
# span 12 =     5.9506,     6.5074      
# span 13 =     8.5040,     9.2997      
# span 14 =     87.071,     93.056      
# span 15 =    259.413,    283.907      
# span 16 =    265.753,    290.621      
# span 17 =   -0.00717,    0.08894      
# span 18 =    6.83259,    6.99342      
# span 19 =    9.76446,    9.99430      
# span 20 =  297.86905,  305.11033      
# span 21 =   15.37924,   15.72911      
# span 22 = 3.6169e-02, 2.5845e+01      
# span 23 =     0.2376,     0.3254      
# span 24 =     0.5953,     1.5395      
# span 25 =    68.0542,    86.1733      
# span 26 = 0.0000e+00, 0.0000e+00      
# interval = meters: 1                  
# start_time = Dec 12 2019 12:22:58 [Instrument's time stamp, header]
# bad_flag = -9.990e-29
*END*
[from data line 108]
        761 346.518147    0.05275     3.1647    189.881    110.055  49791.876    31.3007     7.5290    109.000     7.5182    24.4368     5.9624     8.5209     87.250    259.929    266.281   -0.00037    6.83376    9.76613  297.91562   15.38141 3.6183e-02     0.2491     1.0792    76.3545 0.0000e+00
        766 346.518162    0.05311     3.1868    191.206    111.068  49793.313    31.3010     7.5273    110.000     7.5166    24.4372     5.9678     8.5286     87.325    260.164    266.522    0.00013    6.83402    9.76649  297.92659   15.38192 3.6181e-02     0.2415     1.1148    75.6791 0.0000e+00
        772 346.518179    0.05351     3.2108    192.651    112.081  49795.163    31.3017     7.5265    111.000     7.5173    24.4379     5.9676     8.5282     87.320    260.153    266.511    0.00004    6.83410    9.76662  297.93020   15.38209 3.6174e-02     0.2443     1.1232    75.5189 0.0000e+00
        777 346.518194    0.05387     3.2320    193.919    113.100  49788.521    31.2972     7.5300    112.000     7.5201    24.4340     5.9653     8.5250     87.292    260.056    266.410   -0.00035    6.83376    9.76613  297.91641   15.38146 3.6217e-02     0.2535     1.0999    75.9598 0.0000e+00
        780 346.518204    0.05413     3.2474    194.846    114.090  49791.491    31.2988     7.5294    113.000     7.5186    24.4352     5.9678     8.5287     87.329    260.167    266.524   -0.00001    6.83377    9.76615  297.91683   15.38148 3.6199e-02     0.2509     1.1386    75.2285 0.0000e+00
        786 346.518220    0.05450     3.2699    196.196    115.110  49797.399    31.3021     7.5276    114.000     7.5156    24.4381     5.9653     8.5250     87.290    260.055    266.410   -0.00032    6.83391    9.76635  297.92198   15.38170 3.6194e-02     0.2449     1.1275    75.4378 0.0000e+00
        791 346.518234    0.05484     3.2906    197.436    116.117  49800.451    31.3035     7.5257    115.000     7.5152    24.4395     5.9596     8.5169     87.203    259.806    266.156   -0.00078    6.83416    9.76669  297.93210   15.38218 3.6196e-02     0.2469     1.1604    74.8199 0.0000e+00
        796 346.518249    0.05520     3.3117    198.703    117.131  49802.151    31.3041     7.5253    116.000     7.5144    24.4401     5.9620     8.5204     87.238    259.912    266.264   -0.00038    6.83419    9.76674  297.93337   15.38225 3.6216e-02     0.2398     1.1510    74.9954 0.0000e+00
        800 346.518262    0.05551     3.3303    199.820    118.134  49801.155    31.3032     7.5263    117.000     7.5158    24.4391     5.9622     8.5206     87.243    259.921    266.273   -0.00037    6.83407    9.76657  297.92844   15.38201 3.6196e-02     0.2471     1.1796    74.4618 0.0000e+00
        806 346.518278    0.05589     3.3535    201.207    119.149  49803.342    31.3041     7.5254    118.000     7.5137    24.4400     5.9593     8.5165     87.199    259.794    266.144   -0.00045    6.83417    9.76672  297.93261   15.38221 3.6207e-02     0.2527     1.1499    75.0164 0.0000e+00
        811 346.518293    0.05624     3.3747    202.480    120.165  49806.932    31.3059     7.5241    119.000     7.5128    24.4416     5.9603     8.5179     87.212    259.836    266.188   -0.00040    6.83430    9.76690  297.93777   15.38244 3.6201e-02     0.2503     1.1726    74.5917 0.0000e+00
        815 346.518304    0.05652     3.3913    203.481    121.158  49807.915    31.3061     7.5238    120.000     7.5128    24.4418     5.9593     8.5164     87.197    259.792    266.141   -0.00039    6.83433    9.76694  297.93898   15.38250 3.6259e-02     0.2419     1.2346    73.4453 0.0000e+00
        821 346.518320    0.05691     3.4146    204.875    122.186  49809.272    31.3065     7.5234    121.000     7.5117    24.4422     5.9555     8.5110     87.140    259.626    265.972   -0.00067    6.83439    9.76702  297.94123   15.38260 3.6210e-02     0.2447     1.1732    74.5821 0.0000e+00
        825 346.518334    0.05725     3.4348    206.091    123.184  49810.988    31.3071     7.5228    122.000     7.5115    24.4429     5.9549     8.5102     87.131    259.601    265.946   -0.00058    6.83444    9.76710  297.94357   15.38272 3.6227e-02     0.2421     1.2191    73.7301 0.0000e+00
        831 346.518351    0.05764     3.4582    207.491    124.209  49810.907    31.3066     7.5229    123.000     7.5122    24.4424     5.9556     8.5112     87.141    259.631    265.978   -0.00042    6.83444    9.76710  297.94373   15.38272 3.6209e-02     0.2529     1.2028    74.0301 0.0000e+00
        835 346.518363    0.05794     3.4763    208.577    125.201  49809.274    31.3053     7.5243    124.000     7.5130    24.4412     5.9596     8.5168     87.201    259.804    266.153   -0.00002    6.83430    9.76689  297.93766   15.38244 3.6258e-02     0.2451     1.1868    74.3265 0.0000e+00
        841 346.518381    0.05835     3.5012    210.073    126.225  49811.798    31.3066     7.5240    125.000     7.5120    24.4423     5.9578     8.5144     87.176    259.729    266.078   -0.00017    6.83427    9.76685  297.93629   15.38237 3.6224e-02     0.2457     1.1374    75.2498 0.0000e+00
        846 346.518394    0.05869     3.5215    211.287    127.228  49812.939    31.3068     7.5232    126.000     7.5116    24.4425     5.9581     8.5147     87.178    259.740    266.088   -0.00023    6.83440    9.76703  297.94160   15.38263 3.6255e-02     0.2495     1.1818    74.4209 0.0000e+00
        851 346.518409    0.05903     3.5418    212.507    128.238  49812.737    31.3062     7.5235    127.000     7.5118    24.4421     5.9580     8.5145     87.177    259.734    266.083   -0.00018    6.83438    9.76701  297.94095   15.38259 3.6249e-02     0.2476     1.1848    74.3637 0.0000e+00
        856 346.518423    0.05937     3.5625    213.750    129.246  49813.816    31.3065     7.5237    128.000     7.5118    24.4423     5.9609     8.5187     87.219    259.861    266.212   -0.00004    6.83433    9.76694  297.93878   15.38249 3.6247e-02     0.2489     1.1851    74.3588 0.0000e+00
        861 346.518438    0.05973     3.5840    215.041    130.260  49816.101    31.3077     7.5235    129.000     7.5116    24.4433     5.9593     8.5164     87.196    259.791    266.141   -0.00010    6.83430    9.76690  297.93747   15.38242 3.6265e-02     0.2526     1.1675    74.6883 0.0000e+00
        866 346.518453    0.06010     3.6059    216.352    131.270  49816.567    31.3075     7.5235    130.000     7.5114    24.4431     5.9531     8.5076     87.106    259.523    265.866   -0.00067    6.83431    9.76691  297.93766   15.38243 3.6249e-02     0.2466     1.1809    74.4377 0.0000e+00
        872 346.518468    0.06046     3.6275    217.650    132.273  49816.943    31.3073     7.5234    131.000     7.5116    24.4430     5.9565     8.5125     87.156    259.672    266.019   -0.00029    6.83433    9.76694  297.93872   15.38248 3.6257e-02     0.2475     1.1589    74.8485 0.0000e+00
        877 346.518484    0.06083     3.6500    218.999    133.299  49815.429    31.3059     7.5242    132.000     7.5122    24.4418     5.9574     8.5137     87.169    259.709    266.057   -0.00010    6.83428    9.76687  297.93685   15.38240 3.6250e-02     0.2442     1.1493    75.0278 0.0000e+00
        881 346.518496    0.06113     3.6677    220.062    134.290  49816.462    31.3063     7.5246    133.000     7.5123    24.4420     5.9551     8.5105     87.138    259.611    265.956   -0.00037    6.83420    9.76675  297.93332   15.38223 3.6306e-02     0.2444     1.1958    74.1620 0.0000e+00
        887 346.518514    0.06156     3.6937    221.624    135.321  49818.486    31.3072     7.5247    134.000     7.5123    24.4428     5.9523     8.5066     87.098    259.490    265.833   -0.00050    6.83414    9.76667  297.93063   15.38210 3.6243e-02     0.2485     1.1491    75.0314 0.0000e+00
        892 346.518526    0.06186     3.7115    222.691    136.312  49818.004    31.3064     7.5247    135.000     7.5123    24.4422     5.9506     8.5040     87.071    259.413    265.753   -0.00060    6.83417    9.76671  297.93175   15.38215 3.6308e-02     0.2464     1.1878    74.3087 0.0000e+00
        897 346.518542    0.06224     3.7343    224.058    137.332  49819.189    31.3069     7.5249    136.000     7.5127    24.4425     5.9584     8.5152     87.186    259.753    266.103    0.00018    6.83412    9.76665  297.92992   15.38207 3.6287e-02     0.2521     1.1509    74.9984 0.0000e+00
        902 346.518557    0.06259     3.7556    225.335    138.338  49818.521    31.3061     7.5258    137.000     7.5131    24.4418     5.9581     8.5147     87.183    259.740    266.088    0.00005    6.83403    9.76650  297.92577   15.38187 3.6314e-02     0.2500     1.1273    75.4416 0.0000e+00
        908 346.518572    0.06297     3.7778    226.668    139.349  49819.273    31.3061     7.5257    138.000     7.5129    24.4419     5.9568     8.5128     87.163    259.683    266.030   -0.00010    6.83403    9.76652  297.92605   15.38189 3.6322e-02     0.2564     1.1207    75.5652 0.0000e+00
        914 346.518589    0.06336     3.8021    228.126    140.363  49819.932    31.3061     7.5253    139.000     7.5122    24.4419     5.9597     8.5170     87.205    259.810    266.161    0.00007    6.83409    9.76659  297.92835   15.38200 3.6300e-02     0.2500     1.0954    76.0451 0.0000e+00
        918 346.518602    0.06368     3.8208    229.246    141.369  49821.853    31.3069     7.5249    140.000     7.5120    24.4426     5.9568     8.5128     87.162    259.683    266.030   -0.00019    6.83412    9.76664  297.92961   15.38206 3.6364e-02     0.2468     1.1789    74.4735 0.0000e+00
        924 346.518618    0.06407     3.8438    230.627    142.379  49823.134    31.3074     7.5251    141.000     7.5122    24.4429     5.9564     8.5123     87.158    259.667    266.014   -0.00025    6.83406    9.76656  297.92719   15.38194 3.6332e-02     0.2498     1.1606    74.8167 0.0000e+00
        929 346.518634    0.06445     3.8670    232.022    143.389  49825.397    31.3085     7.5254    142.000     7.5124    24.4439     5.9549     8.5101     87.136    259.600    265.945   -0.00032    6.83397    9.76643  297.92269   15.38172 3.6359e-02     0.2444     1.1637    74.7585 0.0000e+00
        934 346.518650    0.06481     3.8886    233.318    144.399  49824.501    31.3075     7.5255    143.000     7.5123    24.4430     5.9520     8.5060     87.094    259.474    265.816   -0.00057    6.83399    9.76647  297.92410   15.38179 3.6335e-02     0.2461     1.1656    74.7228 0.0000e+00
        940 346.518666    0.06521     3.9127    234.759    145.396  49825.503    31.3078     7.5257    144.000     7.5123    24.4432     5.9522     8.5062     87.097    259.482    265.824   -0.00045    6.83397    9.76642  297.92270   15.38172 3.6353e-02     0.2549     1.1261    75.4644 0.0000e+00
