CTD-processing/allCTD/CNV/2019_11-15_alongbay_kb09_cast029_4141.cnv
* Sea-Bird SBE19plus Data File:
* FileName = C:\Users\Chris\Desktop\EVOSTC GWA LTM\CTD Data\2019_11-15_AlongBay\2019_11-15_AlongBay_KB_Cast029.hex
* Software Version 1.59
* Temperature SN =  4141
* Conductivity SN =  4141
* System UpLoad Time = Nov 20 2019 09:45:13
** Cook Inlet LTM AlongBay
** Date: 2019_11-15
** Station:09
** Start Time: (AKST):11:55
** Depth (m):67
** Comment:
** Comment:
# nquan = 27
# nvalues = 61                          
# units = specified
# name 0 = scan: Scan Count
# name 1 = timeJ: Julian Days
# name 2 = timeH: Time, Elapsed [hours]
# name 3 = timeM: Time, Elapsed [minutes]
# name 4 = timeS: Time, Elapsed [seconds]
# name 5 = prdM: Pressure, Strain Gauge [db]
# name 6 = specc: Specific Conductance [uS/cm]
# name 7 = sal00: Salinity, Practical [PSU]
# name 8 = tv290C: Temperature [ITS-90, deg C]
# name 9 = depSM: Depth [salt water, m], lat = 59.00
# name 10 = potemp090C: Potential Temperature [ITS-90, deg C]
# name 11 = sigma-é00: Density [sigma-theta, kg/m^3]
# name 12 = sbeox0ML/L: Oxygen, SBE 43 [ml/l]
# name 13 = sbeox0Mg/L: Oxygen, SBE 43 [mg/l]
# name 14 = sbeox0PS: Oxygen, SBE 43 [% saturation]
# name 15 = sbox0Mm/Kg: Oxygen, SBE 43 [umol/kg]
# name 16 = sbeox0Mm/L: Oxygen, SBE 43 [umol/l]
# name 17 = sbox0dV/dT: Oxygen, SBE 43 [dov/dt]
# name 18 = oxsolML/L: Oxygen Saturation, Garcia & Gordon [ml/l]
# name 19 = oxsolMg/L: Oxygen Saturation, Garcia & Gordon [mg/l]
# name 20 = oxsolMm/Kg: Oxygen Saturation, Garcia & Gordon [umol/kg]
# name 21 = n2satMg/L: Nitrogen Saturation [mg/l]
# name 22 = par: PAR/Irradiance, Biospherical/Licor
# name 23 = wetStar: Fluorescence, WET Labs WETstar [mg/m^3]
# name 24 = CStarAt0: Beam Attenuation, WET Labs C-Star [1/m]
# name 25 = CStarTr0: Beam Transmission, WET Labs C-Star [%]
# name 26 = flag: flag
# span 0 =        229,        552       
# span 1 = 319.538519, 319.539452       
# span 2 =    0.01585,    0.03824       
# span 3 =     0.9509,     2.2949       
# span 4 =     57.051,    137.695       
# span 5 =      1.019,     61.576       
# span 6 =  48382.380,  48721.206       
# span 7 =    30.4431,    30.7467       
# span 8 =     7.9807,     8.6389       
# span 9 =      1.000,     61.000       
# span 10 =     7.9919,     8.6329      
# span 11 =    23.6957,    23.8444      
# span 12 =     5.3735,     6.0531      
# span 13 =     7.6793,     8.6504      
# span 14 =     80.343,     89.055      
# span 15 =    234.391,    264.072      
# span 16 =    239.979,    270.329      
# span 17 =   -0.00456,    0.10174      
# span 18 =    6.68812,    6.80161      
# span 19 =    9.55801,    9.72018      
# span 20 =  291.73568,  296.72663      
# span 21 =   15.08863,   15.32815      
# span 22 = 3.6170e-02, 5.7005e+01      
# span 23 =     0.2421,     0.5881      
# span 24 =     0.6210,     1.1159      
# span 25 =    75.6571,    85.6197      
# span 26 = 0.0000e+00, 0.0000e+00      
# interval = meters: 1                  
# start_time = Nov 15 2019 12:54:31 [Instrument's time stamp, header]
# bad_flag = -9.990e-29
*END*
        229 319.538519    0.01585     0.9509     57.051      1.019  48392.110    30.4460     7.9807      1.000     7.9919    23.7023     5.5366     7.9123     81.406    241.538    247.262    0.06538    6.80161    9.72018  296.72663   15.32815 5.7005e+01     0.5291     0.7931    82.0154 0.0000e+00
        253 319.538590    0.01753     1.0519     63.113      2.010  48382.970    30.4438     8.0108      2.000     8.0114    23.6964     6.0311     8.6190     88.731    263.112    269.347    0.10174    6.79705    9.71367  296.52945   15.31875 3.9740e+01     0.5256     0.7775    82.3356 0.0000e+00
        260 319.538609    0.01800     1.0800     64.800      3.036  48382.380    30.4431     8.0115      3.000     8.0110    23.6957     6.0531     8.6504     89.055    264.072    270.329    0.07157    6.79696    9.71354  296.52614   15.31860 2.9219e+01     0.5341     0.7669    82.5540 0.0000e+00
        265 319.538622    0.01830     1.0984     65.902      4.036  48388.922    30.4475     8.0136      4.000     8.0150    23.6989     5.9706     8.5326     87.849    260.474    266.647    0.04347    6.79645    9.71280  296.50255   15.31745 2.4482e+01     0.5476     0.7539    82.8227 0.0000e+00
        269 319.538635    0.01864     1.1183     67.098      5.046  48395.929    30.4526     8.0182      5.000     8.0216    23.7023     5.9104     8.4465     86.974    257.845    263.957    0.02387    6.79551    9.71147  296.46088   15.31544 2.0875e+01     0.5504     0.7505    82.8939 0.0000e+00
        274 319.538650    0.01898     1.1386     68.319      6.057  48403.840    30.4591     8.0280      6.000     8.0314    23.7061     5.8740     8.3946     86.463    256.260    262.335    0.01296    6.79372    9.70890  296.38147   15.31163 1.8013e+01     0.5723     0.7446    83.0151 0.0000e+00
        279 319.538663    0.01932     1.1588     69.530      7.065  48406.936    30.4623     8.0369      7.000     8.0386    23.7072     5.8491     8.3589     86.115    255.171    261.220    0.00660    6.79220    9.70674  296.31506   15.30844 1.5302e+01     0.5668     0.7439    83.0304 0.0000e+00
        284 319.538679    0.01967     1.1806     70.838      8.075  48410.709    30.4651     8.0414      8.000     8.0417    23.7088     5.8354     8.3393     85.923    254.571    260.607    0.00319    6.79138    9.70556  296.27850   15.30669 1.2853e+01     0.5881     0.7354    83.2052 0.0000e+00
        290 319.538694    0.02004     1.2026     72.155      9.086  48422.498    30.4734     8.0448      9.000     8.0486    23.7149     5.8325     8.3352     85.892    254.445    260.480    0.00174    6.79049    9.70430  296.23833   15.30473 1.0675e+01     0.5811     0.7304    83.3102 0.0000e+00
        294 319.538708    0.02038     1.2229     73.373     10.094  48440.601    30.4881     8.0617     10.000     8.0707    23.7241     5.8339     8.3372     85.954    254.503    260.541    0.00150    6.78723    9.69964  296.09340   15.29776 8.8266e+00     0.5792     0.7250    83.4225 0.0000e+00
        299 319.538722    0.02072     1.2434     74.604     11.104  48450.757    30.4986     8.0875     11.000     8.0956    23.7286     5.8343     8.3378     86.016    254.522    260.561    0.00148    6.78281    9.69331  295.89907   15.28844 7.2790e+00     0.5775     0.7167    83.5962 0.0000e+00
        304 319.538737    0.02106     1.2638     75.828     12.115  48499.220    30.5368     8.1199     12.000     8.1427    23.7541     5.8221     8.3203     85.920    253.980    260.013    0.00034    6.77614    9.68378  295.60061   15.27404 5.9808e+00     0.5473     0.7105    83.7248 0.0000e+00
        309 319.538751    0.02141     1.2847     77.080     13.122  48498.317    30.5435     8.1714     13.000     8.1854    23.7520     5.8069     8.2987     85.800    253.320    259.337   -0.00045    6.76794    9.67206  295.24344   15.25695 4.9506e+00     0.5427     0.6823    84.3176 0.0000e+00
        315 319.538766    0.02177     1.3063     78.377     14.136  48519.182    30.5638     8.2129     14.000     8.2311    23.7621     5.7822     8.2634     85.528    252.241    258.235   -0.00193    6.76069    9.66170  294.92427   15.24163 4.0524e+00     0.5231     0.6710    84.5561 0.0000e+00
        320 319.538781    0.02212     1.3274     79.642     15.140  48513.560    30.5660     8.2573     15.000     8.2662    23.7575     5.7568     8.2270     85.237    251.131    257.098   -0.00311    6.75379    9.65185  294.62499   15.22734 3.3710e+00     0.4827     0.6537    84.9239 0.0000e+00
        325 319.538796    0.02250     1.3499     80.991     16.158  48523.457    30.5761     8.2818     16.000     8.2927    23.7620     5.7255     8.1822     84.827    249.764    255.698   -0.00456    6.74961    9.64586  294.44088   15.21851 2.7599e+00     0.4615     0.6432    85.1463 0.0000e+00
        329 319.538809    0.02280     1.3679     82.073     17.158  48525.103    30.5807     8.3082     17.000     8.3169    23.7618     5.7100     8.1601     84.650    249.089    255.008   -0.00446    6.74540    9.63985  294.25742   15.20972 2.3079e+00     0.4525     0.6423    85.1661 0.0000e+00
        334 319.538823    0.02315     1.3892     83.351     18.177  48540.160    30.5950     8.3370     18.000     8.3500    23.7689     5.6915     8.1337     84.439    248.281    254.183   -0.00425    6.74037    9.63267  294.03618   15.19911 1.9011e+00     0.4184     0.6319    85.3881 0.0000e+00
        339 319.538836    0.02344     1.4066     84.397     19.173  48537.966    30.5972     8.3650     19.000     8.3733    23.7666     5.6863     8.1263     84.417    248.055    253.951   -0.00344    6.73602    9.62645  293.84706   15.19006 1.5853e+00     0.4082     0.6302    85.4238 0.0000e+00
        344 319.538851    0.02383     1.4298     85.791     20.200  48541.071    30.6026     8.3900     20.000     8.3956    23.7672     5.6725     8.1065     84.261    247.451    253.332   -0.00294    6.73199    9.62068  293.67077   15.18162 1.3148e+00     0.3837     0.6210    85.6197 0.0000e+00
        348 319.538864    0.02412     1.4469     86.813     21.189  48560.064    30.6178     8.4067     21.000     8.4180    23.7768     5.6527     8.0782     84.007    246.584    252.447   -0.00393    6.72878    9.61610  293.52803   15.17475 1.0937e+00     0.3821     0.6260    85.5125 0.0000e+00
        354 319.538880    0.02451     1.4704     88.224     22.216  48567.805    30.6283     8.4441     22.000     8.4498    23.7796     5.6375     8.0565     83.857    245.919    251.767   -0.00342    6.72266    9.60736  293.26041   15.16193 9.0815e-01     0.3745     0.6353    85.3138 0.0000e+00
        359 319.538894    0.02484     1.4902     89.415     23.215  48561.614    30.6253     8.4564     23.000     8.4570    23.7755     5.6138     8.0226     83.526    244.887    250.709   -0.00438    6.72093    9.60488  293.18604   15.15839 7.5414e-01     0.3528     0.6553    84.8885 0.0000e+00
        364 319.538909    0.02520     1.5119     90.716     24.229  48563.050    30.6268     8.4630     24.000     8.4622    23.7757     5.5989     8.0014     83.319    244.240    250.048   -0.00426    6.71987    9.60336  293.13969   15.15616 6.2038e-01     0.3420     0.6599    84.7910 0.0000e+00
        369 319.538923    0.02555     1.5328     91.968     25.237  48563.471    30.6271     8.4660     25.000     8.4642    23.7755     5.5891     7.9873     83.178    243.811    249.608   -0.00381    6.71940    9.60269  293.11920   15.15518 5.1503e-01     0.3379     0.6679    84.6213 0.0000e+00
        374 319.538938    0.02590     1.5541     93.245     26.249  48567.301    30.6297     8.4677     26.000     8.4667    23.7772     5.5851     7.9816     83.123    243.636    249.429   -0.00300    6.71902    9.60215  293.10221   15.15436 4.2424e-01     0.3392     0.6759    84.4518 0.0000e+00
        379 319.538952    0.02623     1.5737     94.422     27.254  48576.461    30.6363     8.4726     27.000     8.4735    23.7818     5.5868     7.9841     83.162    243.711    249.507   -0.00183    6.71800    9.60069  293.05641   15.15215 3.5128e-01     0.3355     0.6845    84.2725 0.0000e+00
        384 319.538966    0.02658     1.5947     95.680     28.269  48584.908    30.6431     8.4821     28.000     8.4830    23.7858     5.5791     7.9732     83.070    243.375    249.164   -0.00181    6.71626    9.59821  292.97956   15.14845 2.9012e-01     0.3364     0.6922    84.1101 0.0000e+00
        388 319.538980    0.02690     1.6140     96.839     29.274  48594.109    30.6505     8.4914     29.000     8.4923    23.7902     5.5703     7.9605     82.958    242.988    248.768   -0.00207    6.71453    9.59574  292.90278   15.14476 2.3903e-01     0.3396     0.7255    83.4112 0.0000e+00
        393 319.538994    0.02725     1.6353     98.118     30.286  48606.063    30.6600     8.5019     30.000     8.5047    23.7960     5.5583     7.9434     82.805    242.466    248.236   -0.00231    6.71253    9.59288  292.81387   15.14047 1.9707e-01     0.3218     0.7360    83.1932 0.0000e+00
        398 319.539008    0.02759     1.6555     99.332     31.295  48613.862    30.6671     8.5165     31.000     8.5181    23.7995     5.5449     7.9243     82.637    241.880    247.637   -0.00260    6.71001    9.58929  292.70323   15.13516 1.6280e-01     0.3197     0.7318    83.2814 0.0000e+00
        403 319.539022    0.02793     1.6756    100.538     32.303  48612.800    30.6671     8.5251     32.000     8.5239    23.7983     5.5326     7.9066     82.468    241.341    247.085   -0.00296    6.70871    9.58742  292.64664   15.13245 1.3636e-01     0.3255     0.7254    83.4151 0.0000e+00
        408 319.539037    0.02828     1.6972    101.830     33.315  48623.682    30.6752     8.5315     33.000     8.5319    23.8037     5.5284     7.9007     82.423    241.160    246.901   -0.00231    6.70740    9.58555  292.58796   15.12962 1.1460e-01     0.3133     0.7193    83.5431 0.0000e+00
        413 319.539052    0.02862     1.7175    103.052     34.323  48628.706    30.6795     8.5399     34.000     8.5401    23.8059     5.5230     7.8929     82.360    240.923    246.658   -0.00197    6.70595    9.58347  292.52401   15.12654 9.7368e-02     0.3021     0.7156    83.6198 0.0000e+00
        418 319.539066    0.02898     1.7385    104.308     35.337  48640.959    30.6892     8.5508     35.000     8.5513    23.8120     5.5165     7.8836     82.288    240.637    246.367   -0.00185    6.70389    9.58052  292.43205   15.12212 8.3766e-02     0.2950     0.7144    83.6432 0.0000e+00
        423 319.539080    0.02930     1.7579    105.475     36.340  48640.005    30.6891     8.5576     36.000     8.5554    23.8108     5.5064     7.8693     82.151    240.199    245.919   -0.00211    6.70285    9.57905  292.38766   15.12000 7.3130e-02     0.2903     0.7122    83.6894 0.0000e+00
        428 319.539094    0.02965     1.7792    106.754     37.355  48646.717    30.6940     8.5616     37.000     8.5597    23.8141     5.4915     7.8480     81.939    239.548    245.253   -0.00279    6.70206    9.57792  292.35193   15.11827 6.4629e-02     0.2972     0.7122    83.6897 0.0000e+00
        433 319.539109    0.03000     1.7999    107.995     38.362  48649.981    30.6963     8.5656     38.000     8.5634    23.8154     5.4870     7.8415     81.879    239.350    245.050   -0.00236    6.70135    9.57689  292.32024   15.11674 5.7958e-02     0.2871     0.7152    83.6279 0.0000e+00
        438 319.539123    0.03035     1.8209    109.254     39.370  48652.175    30.6980     8.5692     39.000     8.5660    23.8161     5.4887     7.8440     81.913    239.425    245.127   -0.00140    6.70072    9.57601  292.29305   15.11544 5.2751e-02     0.2835     0.7140    83.6532 0.0000e+00
        443 319.539138    0.03069     1.8416    110.498     40.383  48655.106    30.6998     8.5709     40.000     8.5679    23.8174     5.4807     7.8324     81.796    239.071    244.765   -0.00176    6.70039    9.57553  292.27827   15.11473 4.8611e-02     0.2819     0.7114    83.7071 0.0000e+00
        448 319.539152    0.03104     1.8623    111.739     41.390  48661.430    30.7043     8.5744     41.000     8.5724    23.8204     5.4841     7.8373     81.857    239.223    244.921   -0.00085    6.69967    9.57450  292.24593   15.11317 4.5469e-02     0.2861     0.7154    83.6235 0.0000e+00
        453 319.539167    0.03140     1.8837    113.021     42.401  48663.037    30.7058     8.5802     42.000     8.5775    23.8207     5.4782     7.8289     81.779    238.963    244.655   -0.00104    6.69874    9.57318  292.20522   15.11122 4.2957e-02     0.2931     0.7138    83.6564 0.0000e+00
        458 319.539182    0.03175     1.9050    114.298     43.412  48672.523    30.7129     8.5858     43.000     8.5848    23.8254     5.4724     7.8206     81.707    238.710    244.398   -0.00122    6.69757    9.57150  292.15297   15.10869 4.0937e-02     0.2838     0.7168    83.5957 0.0000e+00
        463 319.539196    0.03209     1.9259    115.551     44.418  48676.088    30.7158     8.5922     44.000     8.5908    23.8268     5.4704     7.8178     81.691    238.623    244.308   -0.00103    6.69648    9.56994  292.10493   15.10638 3.9323e-02     0.2815     0.7275    83.3708 0.0000e+00
        469 319.539212    0.03247     1.9482    116.890     45.432  48672.983    30.7139     8.5967     45.000     8.5931    23.8246     5.4680     7.8143     81.662    238.518    244.200   -0.00088    6.69589    9.56910  292.07998   15.10520 3.8049e-02     0.2848     0.7459    82.9884 0.0000e+00
        473 319.539226    0.03281     1.9686    118.117     46.436  48680.333    30.7193     8.6016     46.000     8.5988    23.8282     5.4635     7.8079     81.607    238.323    244.002   -0.00096    6.69491    9.56771  292.03630   15.10309 3.7046e-02     0.2844     0.7638    82.6173 0.0000e+00
        479 319.539241    0.03318     1.9907    119.445     47.452  48682.628    30.7211     8.6056     47.000     8.6022    23.8290     5.4553     7.7962     81.492    237.962    243.633   -0.00129    6.69425    9.56676  292.00696   15.10168 3.6284e-02     0.2767     0.7770    82.3442 0.0000e+00
        483 319.539254    0.03350     2.0100    120.602     48.456  48689.932    30.7263     8.6094     48.000     8.6071    23.8325     5.4407     7.7753     81.284    237.327    242.983   -0.00235    6.69345    9.56561  291.97120   15.09996 3.6171e-02     0.2745     0.7995    81.8840 0.0000e+00
        489 319.539270    0.03388     2.0326    121.957     49.471  48688.259    30.7253     8.6142     49.000     8.6098    23.8311     5.4500     7.7886     81.432    237.732    243.398   -0.00080    6.69276    9.56462  291.94139   15.09853 3.6170e-02     0.2755     0.8155    81.5557 0.0000e+00
        494 319.539284    0.03421     2.0526    123.156     50.474  48698.376    30.7323     8.6164     50.000     8.6144    23.8362     5.4338     7.7654     81.196    237.023    242.673   -0.00199    6.69214    9.56373  291.91275   15.09714 3.6170e-02     0.2674     0.8364    81.1318 0.0000e+00
        499 319.539300    0.03459     2.0755    124.527     51.495  48708.561    30.7403     8.6258     51.000     8.6235    23.8411     5.4313     7.7618     81.180    236.912    242.561   -0.00146    6.69037    9.56120  291.83412   15.09335 3.6170e-02     0.2705     0.8722    80.4104 0.0000e+00
        504 319.539313    0.03491     2.0947    125.680     52.491  48708.680    30.7406     8.6303     52.000     8.6263    23.8407     5.4162     7.7403     80.963    236.255    241.888   -0.00227    6.68969    9.56024  291.80475   15.09195 3.6170e-02     0.2641     0.9284    79.2873 0.0000e+00
        510 319.539331    0.03532     2.1192    127.151     53.518  48709.829    30.7414     8.6334     53.000     8.6286    23.8410     5.4000     7.7170     80.727    235.546    241.161   -0.00299    6.68918    9.55950  291.78227   15.09087 3.6170e-02     0.2729     0.9522    78.8168 0.0000e+00
