CTD-processing/allCTD/CNV/2019_12-12_t9_07_cast018_4141.cnv
* Sea-Bird SBE19plus Data File:
* FileName = C:\Users\Chris\Desktop\EVOSTC GWA LTM\CTD Data\2019_12-12_T9\2019_12-12_T9_0_Cast018.hex
* Software Version 1.59
* Temperature SN =  4141
* Conductivity SN =  4141
* System UpLoad Time = Dec 13 2019 14:01:14
** Cook Inlet LTM T9
** Date: 2019_12-12
** Station:07
** Start Time: (AKST):15:10
** Depth (m):103
** Comment:
** Comment:
# nquan = 27
# nvalues = 98                          
# units = specified
# name 0 = scan: Scan Count
# name 1 = timeJ: Julian Days
# name 2 = timeH: Time, Elapsed [hours]
# name 3 = timeM: Time, Elapsed [minutes]
# name 4 = timeS: Time, Elapsed [seconds]
# name 5 = prdM: Pressure, Strain Gauge [db]
# name 6 = specc: Specific Conductance [uS/cm]
# name 7 = sal00: Salinity, Practical [PSU]
# name 8 = tv290C: Temperature [ITS-90, deg C]
# name 9 = depSM: Depth [salt water, m], lat = 59.00
# name 10 = potemp090C: Potential Temperature [ITS-90, deg C]
# name 11 = sigma-é00: Density [sigma-theta, kg/m^3]
# name 12 = sbeox0ML/L: Oxygen, SBE 43 [ml/l]
# name 13 = sbeox0Mg/L: Oxygen, SBE 43 [mg/l]
# name 14 = sbeox0PS: Oxygen, SBE 43 [% saturation]
# name 15 = sbox0Mm/Kg: Oxygen, SBE 43 [umol/kg]
# name 16 = sbeox0Mm/L: Oxygen, SBE 43 [umol/l]
# name 17 = sbox0dV/dT: Oxygen, SBE 43 [dov/dt]
# name 18 = oxsolML/L: Oxygen Saturation, Garcia & Gordon [ml/l]
# name 19 = oxsolMg/L: Oxygen Saturation, Garcia & Gordon [mg/l]
# name 20 = oxsolMm/Kg: Oxygen Saturation, Garcia & Gordon [umol/kg]
# name 21 = n2satMg/L: Nitrogen Saturation [mg/l]
# name 22 = par: PAR/Irradiance, Biospherical/Licor
# name 23 = wetStar: Fluorescence, WET Labs WETstar [mg/m^3]
# name 24 = CStarAt0: Beam Attenuation, WET Labs C-Star [1/m]
# name 25 = CStarTr0: Beam Transmission, WET Labs C-Star [%]
# name 26 = flag: flag
# span 0 =        338,        787       
# span 1 = 346.633138, 346.634439       
# span 2 =    0.02337,    0.05457       
# span 3 =     1.4021,     3.2745       
# span 4 =     84.128,    196.471       
# span 5 =      1.021,     98.915       
# span 6 =  48276.694,  49865.916       
# span 7 =    30.2092,    31.3442       
# span 8 =     6.9818,     7.5064       
# span 9 =      1.000,     98.000       
# span 10 =     6.9913,     7.4998      
# span 11 =    23.6473,    24.4818      
# span 12 =     5.9466,     6.2547      
# span 13 =     8.4982,     8.9384      
# span 14 =     86.888,     89.815      
# span 15 =    259.229,    272.877      
# span 16 =    265.574,    279.330      
# span 17 =   -0.00402,    0.00381      
# span 18 =    6.83779,    6.97011      
# span 19 =    9.77188,    9.96099      
# span 20 =  298.09313,  304.09349      
# span 21 =   15.38991,   15.68054      
# span 22 = 3.6170e-02, 7.6081e+00      
# span 23 =     0.2618,     0.3395      
# span 24 =     0.3742,     1.4265      
# span 25 =    70.0031,    91.0694      
# span 26 = 0.0000e+00, 0.0000e+00      
# interval = meters: 1                  
# start_time = Dec 12 2019 15:10:19 [Instrument's time stamp, header]
# bad_flag = -9.990e-29
*END*
[from data line 54]
        586 346.633856    0.04061     2.4362    146.171     55.521  49686.891    31.2437     7.4775     55.000     7.4569    24.3983     6.0205     8.6040     87.963    262.473    268.877   -0.00194    6.84437    9.78130  298.38963   15.40425 3.6170e-02     0.2695     0.5799    86.5051 0.0000e+00
        590 346.633869    0.04091     2.4549    147.295     56.536  49745.334    31.2795     7.4512     56.000     7.4560    24.4300     6.0173     8.5993     87.884    262.325    268.734   -0.00200    6.84688    9.78488  298.48967   15.40887 3.6170e-02     0.2658     0.4869    88.5396 0.0000e+00
        595 346.633883    0.04124     2.4746    148.474     57.547  49764.648    31.2988     7.4890     57.000     7.4950    24.4401     6.0235     8.6083     88.062    262.592    269.010   -0.00055    6.84010    9.77518  298.19104   15.39455 3.6170e-02     0.2673     0.6196    85.6607 0.0000e+00
        599 346.633895    0.04154     2.4925    149.550     58.554  49746.704    31.2883     7.5039     58.000     7.4986    24.4298     6.0239     8.6087     88.090    262.609    269.024    0.00010    6.83824    9.77253  298.11309   15.39087 3.6170e-02     0.2632     0.7607    82.6898 0.0000e+00
        604 346.633910    0.04189     2.5135    150.812     59.571  49751.108    31.2909     7.5039     59.000     7.4996    24.4319     5.9912     8.5621     87.615    261.187    267.568   -0.00281    6.83812    9.77235  298.10703   15.39057 3.6170e-02     0.2756     0.8198    81.4688 0.0000e+00
        608 346.633922    0.04218     2.5307    151.845     60.570  49749.076    31.2895     7.5064     60.000     7.4975    24.4304     5.9755     8.5396     87.389    260.500    266.864   -0.00355    6.83779    9.77188  298.09313   15.38991 3.6170e-02     0.2759     0.8955    79.9447 0.0000e+00
        613 346.633936    0.04253     2.5517    153.101     61.584  49755.111    31.2916     7.4968     61.000     7.4875    24.4334     5.9739     8.5373     87.348    260.430    266.794   -0.00285    6.83920    9.77391  298.15392   15.39281 3.6170e-02     0.2672     0.8803    80.2474 0.0000e+00
        619 346.633952    0.04290     2.5736    154.416     62.589  49761.263    31.2940     7.4879     62.000     7.4783    24.4365     5.9753     8.5393     87.352    260.491    266.857   -0.00181    6.84049    9.77575  298.20916   15.39543 3.6170e-02     0.2696     0.8667    80.5191 0.0000e+00
        624 346.633966    0.04325     2.5950    155.702     63.609  49771.552    31.2995     7.4806     63.000     7.4740    24.4418     5.9751     8.5390     87.338    260.482    266.849   -0.00150    6.84139    9.77703  298.24677   15.39720 3.6170e-02     0.2735     0.7881    82.1165 0.0000e+00
        629 346.633980    0.04358     2.6149    156.894     64.610  49776.156    31.3022     7.4801     64.000     7.4744    24.4440     5.9752     8.5392     87.340    260.486    266.854   -0.00110    6.84135    9.77697  298.24443   15.39708 3.6170e-02     0.2676     0.7739    82.4093 0.0000e+00
        634 346.633996    0.04395     2.6372    158.231     65.625  49781.117    31.3053     7.4813     65.000     7.4771    24.4463     5.9802     8.5464     87.418    260.704    267.077   -0.00028    6.84102    9.77650  298.22929   15.39635 3.6170e-02     0.2668     0.7944    81.9883 0.0000e+00
        639 346.634010    0.04430     2.6582    159.491     66.639  49780.591    31.3052     7.4854     66.000     7.4795    24.4457     5.9778     8.5429     87.390    260.598    266.969   -0.00048    6.84038    9.77559  298.20167   15.39503 3.6170e-02     0.2656     0.8836    80.1817 0.0000e+00
        643 346.634022    0.04458     2.6750    160.497     67.640  49783.676    31.3069     7.4856     67.000     7.4793    24.4470     5.9810     8.5474     87.438    260.736    267.110   -0.00004    6.84027    9.77544  298.19671   15.39479 3.6170e-02     0.2677     0.9387    79.0835 0.0000e+00
        648 346.634036    0.04492     2.6951    161.708     68.654  49783.069    31.3058     7.4837     68.000     7.4755    24.4464     5.9762     8.5405     87.363    260.527    266.896   -0.00053    6.84061    9.77592  298.21171   15.39551 3.6170e-02     0.2749     0.9622    78.6210 0.0000e+00
        652 346.634049    0.04524     2.7140    162.840     69.661  49788.419    31.3082     7.4786     69.000     7.4692    24.4490     5.9713     8.5335     87.283    260.312    266.676   -0.00091    6.84131    9.77691  298.24110   15.39690 3.6170e-02     0.2776     0.9626    78.6125 0.0000e+00
        657 346.634062    0.04553     2.7317    163.902     70.674  49796.483    31.3123     7.4726     70.000     7.4640    24.4531     5.9703     8.5322     87.259    260.270    266.635   -0.00095    6.84206    9.77798  298.27249   15.39838 3.6170e-02     0.2647     0.9083    79.6881 0.0000e+00
        661 346.634074    0.04583     2.7502    165.010     71.676  49804.066    31.3163     7.4677     71.000     7.4599    24.4569     5.9728     8.5357     87.286    260.373    266.741   -0.00057    6.84264    9.77882  298.29698   15.39953 3.6170e-02     0.2725     0.7938    81.9989 0.0000e+00
        666 346.634089    0.04619     2.7717    166.303     72.709  49811.115    31.3204     7.4655     72.000     7.4591    24.4604     5.9812     8.5476     87.408    260.739    267.118    0.00015    6.84282    9.77906  298.30349   15.39983 3.6170e-02     0.2774     0.7741    82.4054 0.0000e+00
        670 346.634099    0.04644     2.7866    167.194     73.691  49812.085    31.3208     7.4660     73.000     7.4593    24.4606     5.9826     8.5498     87.431    260.806    267.185    0.00038    6.84273    9.77894  298.29958   15.39964 3.6170e-02     0.2668     0.8178    81.5104 0.0000e+00
        675 346.634115    0.04683     2.8096    168.573     74.722  49814.398    31.3219     7.4659     74.000     7.4590    24.4615     5.9747     8.5385     87.315    260.460    266.831   -0.00062    6.84268    9.77889  298.29761   15.39954 3.6170e-02     0.2677     0.7911    82.0564 0.0000e+00
        680 346.634128    0.04713     2.8279    169.676     75.717  49815.746    31.3223     7.4657     75.000     7.4587    24.4619     5.9780     8.5432     87.363    260.603    266.977   -0.00013    6.84270    9.77889  298.29777   15.39954 3.6170e-02     0.2668     0.8110    81.6482 0.0000e+00
        685 346.634143    0.04749     2.8494    170.964     76.735  49818.058    31.3235     7.4654     76.000     7.4579    24.4628     5.9748     8.5385     87.316    260.461    266.833   -0.00050    6.84270    9.77890  298.29754   15.39953 3.6170e-02     0.2618     0.8050    81.7706 0.0000e+00
        689 346.634156    0.04781     2.8682    172.090     77.736  49823.286    31.3263     7.4636     77.000     7.4555    24.4654     5.9747     8.5385     87.313    260.458    266.830   -0.00039    6.84285    9.77911  298.30346   15.39980 3.6170e-02     0.2639     0.8437    80.9844 0.0000e+00
        695 346.634172    0.04818     2.8905    173.431     78.754  49826.060    31.3274     7.4615     78.000     7.4540    24.4665     5.9686     8.5297     87.220    260.190    266.556   -0.00085    6.84312    9.77950  298.31481   15.40034 3.6170e-02     0.2715     0.8631    80.5910 0.0000e+00
        699 346.634185    0.04850     2.9098    174.589     79.764  49829.157    31.3291     7.4609     79.000     7.4533    24.4679     5.9605     8.5182     87.102    259.840    266.198   -0.00139    6.84314    9.77953  298.31547   15.40037 3.6170e-02     0.2655     0.9086    79.6816 0.0000e+00
        704 346.634197    0.04879     2.9275    175.649     80.767  49832.831    31.3309     7.4595     80.000     7.4514    24.4696     5.9612     8.5192     87.111    259.870    266.228   -0.00106    6.84328    9.77974  298.32132   15.40063 3.6170e-02     0.2661     0.9611    78.6428 0.0000e+00
        708 346.634211    0.04913     2.9477    176.861     81.786  49836.478    31.3327     7.4579     81.000     7.4496    24.4712     5.9639     8.5230     87.147    259.984    266.346   -0.00054    6.84346    9.77998  298.32828   15.40095 3.6170e-02     0.2684     0.9826    78.2208 0.0000e+00
        712 346.634223    0.04940     2.9640    177.839     82.787  49839.779    31.3344     7.4566     82.000     7.4491    24.4727     5.9586     8.5155     87.069    259.754    266.111   -0.00095    6.84358    9.78017  298.33346   15.40120 3.6170e-02     0.2669     1.0334    77.2321 0.0000e+00
        717 346.634237    0.04974     2.9846    179.075     83.802  49840.905    31.3347     7.4566     83.000     7.4488    24.4730     5.9587     8.5155     87.069    259.756    266.113   -0.00072    6.84356    9.78014  298.33242   15.40115 3.6170e-02     0.2647     1.0272    77.3534 0.0000e+00
        722 346.634251    0.05007     3.0043    180.255     84.815  49843.071    31.3356     7.4559     84.000     7.4478    24.4738     5.9522     8.5063     86.974    259.474    265.824   -0.00112    6.84363    9.78023  298.33518   15.40128 3.6170e-02     0.2619     1.0398    77.1086 0.0000e+00
        726 346.634262    0.05034     3.0205    181.230     85.812  49846.065    31.3371     7.4548     85.000     7.4461    24.4751     5.9520     8.5060     86.969    259.466    265.816   -0.00101    6.84374    9.78039  298.33972   15.40149 3.6170e-02     0.2681     1.0781    76.3750 0.0000e+00
        731 346.634277    0.05070     3.0422    182.530     86.841  49849.485    31.3387     7.4532     86.000     7.4452    24.4767     5.9529     8.5072     86.980    259.503    265.855   -0.00061    6.84392    9.78065  298.34705   15.40183 3.6170e-02     0.2640     1.0587    76.7458 0.0000e+00
        735 346.634287    0.05095     3.0571    183.425     87.823  49850.485    31.3389     7.4530     87.000     7.4447    24.4768     5.9466     8.4982     86.888    259.229    265.574   -0.00116    6.84394    9.78067  298.34764   15.40186 3.6170e-02     0.2688     1.1005    75.9486 0.0000e+00
        740 346.634303    0.05133     3.0800    184.803     88.860  49853.193    31.3402     7.4521     88.000     7.4434    24.4779     5.9522     8.5062     86.969    259.472    265.823   -0.00041    6.84403    9.78080  298.35109   15.40202 3.6170e-02     0.2743     1.0684    76.5598 0.0000e+00
        744 346.634315    0.05162     3.0969    185.814     89.856  49856.392    31.3417     7.4506     89.000     7.4418    24.4794     5.9504     8.5037     86.941    259.396    265.745   -0.00039    6.84420    9.78105  298.35849   15.40237 3.6170e-02     0.2673     1.1269    75.4483 0.0000e+00
        749 346.634328    0.05192     3.1152    186.909     90.865  49858.350    31.3424     7.4495     90.000     7.4409    24.4801     5.9491     8.5019     86.920    259.338    265.687   -0.00058    6.84433    9.78123  298.36375   15.40261 3.6170e-02     0.2689     1.1216    75.5477 0.0000e+00
        754 346.634342    0.05228     3.1367    188.204     91.881  49860.230    31.3431     7.4484     91.000     7.4395    24.4808     5.9522     8.5063     86.963    259.474    265.826   -0.00021    6.84449    9.78145  298.37036   15.40293 3.6170e-02     0.2698     1.1042    75.8790 0.0000e+00
        759 346.634357    0.05261     3.1563    189.376     92.890  49861.729    31.3436     7.4475     92.000     7.4390    24.4813     5.9523     8.5063     86.962    259.474    265.827   -0.00016    6.84460    9.78162  298.37520   15.40316 3.6170e-02     0.2646     1.1269    75.4480 0.0000e+00
        763 346.634369    0.05291     3.1746    190.473     93.898  49862.742    31.3438     7.4474     93.000     7.4389    24.4815     5.9496     8.5026     86.924    259.360    265.709   -0.00049    6.84459    9.78161  298.37502   15.40315 3.6170e-02     0.2672     1.1377    75.2442 0.0000e+00
        767 346.634382    0.05321     3.1927    191.561     94.907  49863.112    31.3436     7.4476     94.000     7.4389    24.4814     5.9546     8.5097     86.997    259.577    265.932    0.00009    6.84459    9.78159  298.37449   15.40312 3.6170e-02     0.2676     1.1422    75.1602 0.0000e+00
        772 346.634396    0.05357     3.2145    192.872     95.921  49864.330    31.3440     7.4475     95.000     7.4387    24.4816     5.9515     8.5054     86.953    259.444    265.796   -0.00028    6.84458    9.78160  298.37445   15.40312 3.6170e-02     0.2747     1.1077    75.8116 0.0000e+00
        777 346.634411    0.05391     3.2345    194.073     96.939  49865.046    31.3440     7.4474     96.000     7.4384    24.4817     5.9507     8.5041     86.939    259.405    265.756   -0.00037    6.84461    9.78162  298.37543   15.40317 3.6170e-02     0.2675     1.1447    75.1136 0.0000e+00
        781 346.634423    0.05420     3.2519    195.113     97.932  49865.916    31.3442     7.4475     97.000     7.4386    24.4818     5.9530     8.5075     86.975    259.510    265.863   -0.00012    6.84457    9.78158  298.37387   15.40309 3.6170e-02     0.2706     1.1551    74.9205 0.0000e+00
        787 346.634439    0.05457     3.2745    196.471     98.915  49865.621    31.3436     7.4476     98.000     7.4385    24.4813     5.9577     8.5141     87.042    259.712    266.070    0.00032    6.84459    9.78160  298.37459   15.40312 3.6170e-02     0.2721     1.1435    75.1358 0.0000e+00
