CTD-processing/allCTD/CNV/2019_11-15_alongbay_kb08_cast030_4141.cnv
* Sea-Bird SBE19plus Data File:
* FileName = C:\Users\Chris\Desktop\EVOSTC GWA LTM\CTD Data\2019_11-15_AlongBay\2019_11-15_AlongBay_KB_Cast030.hex
* Software Version 1.59
* Temperature SN =  4141
* Conductivity SN =  4141
* System UpLoad Time = Nov 20 2019 09:46:51
** Cook Inlet LTM AlongBay
** Date: 2019_11-15
** Station:08
** Start Time: (AKST):12:03
** Depth (m):82
** Comment:
** Comment:
# nquan = 27
# nvalues = 69                          
# units = specified
# name 0 = scan: Scan Count
# name 1 = timeJ: Julian Days
# name 2 = timeH: Time, Elapsed [hours]
# name 3 = timeM: Time, Elapsed [minutes]
# name 4 = timeS: Time, Elapsed [seconds]
# name 5 = prdM: Pressure, Strain Gauge [db]
# name 6 = specc: Specific Conductance [uS/cm]
# name 7 = sal00: Salinity, Practical [PSU]
# name 8 = tv290C: Temperature [ITS-90, deg C]
# name 9 = depSM: Depth [salt water, m], lat = 59.00
# name 10 = potemp090C: Potential Temperature [ITS-90, deg C]
# name 11 = sigma-é00: Density [sigma-theta, kg/m^3]
# name 12 = sbeox0ML/L: Oxygen, SBE 43 [ml/l]
# name 13 = sbeox0Mg/L: Oxygen, SBE 43 [mg/l]
# name 14 = sbeox0PS: Oxygen, SBE 43 [% saturation]
# name 15 = sbox0Mm/Kg: Oxygen, SBE 43 [umol/kg]
# name 16 = sbeox0Mm/L: Oxygen, SBE 43 [umol/l]
# name 17 = sbox0dV/dT: Oxygen, SBE 43 [dov/dt]
# name 18 = oxsolML/L: Oxygen Saturation, Garcia & Gordon [ml/l]
# name 19 = oxsolMg/L: Oxygen Saturation, Garcia & Gordon [mg/l]
# name 20 = oxsolMm/Kg: Oxygen Saturation, Garcia & Gordon [umol/kg]
# name 21 = n2satMg/L: Nitrogen Saturation [mg/l]
# name 22 = par: PAR/Irradiance, Biospherical/Licor
# name 23 = wetStar: Fluorescence, WET Labs WETstar [mg/m^3]
# name 24 = CStarAt0: Beam Attenuation, WET Labs C-Star [1/m]
# name 25 = CStarTr0: Beam Transmission, WET Labs C-Star [%]
# name 26 = flag: flag
# span 0 =        262,        600       
# span 1 = 319.545269, 319.546247       
# span 2 =    0.01813,    0.04160       
# span 3 =     1.0879,     2.4960       
# span 4 =     65.274,    149.761       
# span 5 =      1.017,     69.670       
# span 6 =  48445.136,  48714.582       
# span 7 =    30.4939,    30.7345       
# span 8 =     8.0526,     8.6108       
# span 9 =      1.000,     69.000       
# span 10 =     8.0534,     8.6043      
# span 11 =    23.7285,    23.8391      
# span 12 =     5.3923,     5.9533      
# span 13 =     7.7062,     8.5078      
# span 14 =     80.567,     87.698      
# span 15 =    235.215,    259.709      
# span 16 =    240.822,    265.871      
# span 17 =   -0.00424,    0.04198      
# span 18 =    6.69293,    6.78838      
# span 19 =    9.56487,    9.70126      
# span 20 =  291.94649,  296.14150      
# span 21 =   15.09874,   15.30003      
# span 22 = 3.6167e-02, 6.2513e+01      
# span 23 =     0.2650,     0.5475      
# span 24 =     0.6604,     1.1715      
# span 25 =    74.6116,    84.7825      
# span 26 = 0.0000e+00, 0.0000e+00      
# interval = meters: 1                  
# start_time = Nov 15 2019 13:04:06 [Instrument's time stamp, header]
# bad_flag = -9.990e-29
*END*
        262 319.545269    0.01813     1.0879     65.274      1.017  48445.227    30.4940     8.0526      1.000     8.0534    23.7297     5.9533     8.5078     87.698    259.709    265.871    0.04198    6.78838    9.70126  296.14150   15.30003 6.2513e+01     0.5111     0.6612    84.7644 0.0000e+00
        267 319.545284    0.01847     1.1083     66.495      2.023  48446.173    30.4946     8.0555      2.000     8.0564    23.7299     5.8980     8.4289     86.890    257.299    263.406    0.02334    6.78790    9.70059  296.12079   15.29904 4.2600e+01     0.5074     0.6672    84.6371 0.0000e+00
        272 319.545297    0.01879     1.1274     67.642      3.025  48447.019    30.4951     8.0580      3.000     8.0592    23.7300     5.8672     8.3849     86.441    255.955    262.030    0.01348    6.78751    9.70003  296.10374   15.29822 3.2642e+01     0.5150     0.6673    84.6347 0.0000e+00
        277 319.545312    0.01915     1.1490     68.939      4.040  48445.136    30.4939     8.0615      4.000     8.0611    23.7285     5.8461     8.3546     86.136    255.035    261.088    0.00688    6.78701    9.69932  296.08229   15.29721 2.5032e+01     0.5285     0.6625    84.7380 0.0000e+00
        282 319.545326    0.01948     1.1691     70.148      5.049  48466.948    30.5100     8.0707      5.000     8.0807    23.7399     5.8310     8.3331     85.941    254.374    260.413    0.00343    6.78489    9.69628  295.98624   15.29255 2.1164e+01     0.5464     0.6640    84.7045 0.0000e+00
        286 319.545339    0.01981     1.1884     71.306      6.050  48503.934    30.5399     8.1011      6.000     8.1242    23.7591     5.8256     8.3253     85.938    254.132    260.170    0.00227    6.77889    9.68770  295.71896   15.27966 1.7395e+01     0.5380     0.6694    84.5904 0.0000e+00
        291 319.545354    0.02017     1.2100     72.601      7.072  48519.693    30.5602     8.1659      7.000     8.1845    23.7658     5.8175     8.3138     85.954    253.776    259.808    0.00168    6.76804    9.67221  295.24400   15.25691 1.4656e+01     0.5475     0.6704    84.5692 0.0000e+00
        296 319.545369    0.02052     1.2308     73.847      8.078  48498.851    30.5500     8.1981      8.000     8.2032    23.7533     5.7815     8.2623     85.480    252.210    258.201   -0.00159    6.76356    9.66579  295.05191   15.24778 1.2182e+01     0.5173     0.6785    84.3997 0.0000e+00
        301 319.545382    0.02083     1.2500     75.001      9.082  48499.183    30.5514     8.2086      9.000     8.2115    23.7529     5.7538     8.2226     85.091    251.000    256.961   -0.00368    6.76188    9.66340  294.97894   15.24429 1.0057e+01     0.4918     0.6804    84.3566 0.0000e+00
        306 319.545396    0.02116     1.2696     76.173     10.095  48499.098    30.5521     8.2166     10.000     8.2188    23.7523     5.7357     8.1969     84.840    250.214    256.158   -0.00424    6.76063    9.66162  294.92462   15.24170 8.3773e+00     0.4842     0.6873    84.2118 0.0000e+00
        310 319.545409    0.02149     1.2893     77.356     11.106  48507.524    30.5588     8.2256     11.000     8.2296    23.7564     5.7368     8.1986     84.879    250.263    256.208   -0.00279    6.75896    9.65923  294.85060   15.23814 6.9371e+00     0.4774     0.6805    84.3556 0.0000e+00
        315 319.545422    0.02180     1.3077     78.462     12.113  48503.988    30.5573     8.2346     12.000     8.2351    23.7539     5.7374     8.1993     84.902    250.286    256.231   -0.00183    6.75766    9.65737  294.79451   15.23546 5.7473e+00     0.4750     0.6827    84.3101 0.0000e+00
        320 319.545436    0.02212     1.3274     79.647     13.120  48505.510    30.5584     8.2381     13.000     8.2387    23.7543     5.7337     8.1941     84.855    250.128    256.070   -0.00158    6.75708    9.65654  294.76899   15.23425 4.7321e+00     0.4579     0.6795    84.3767 0.0000e+00
        325 319.545450    0.02247     1.3483     80.897     14.137  48507.397    30.5601     8.2434     14.000     8.2438    23.7548     5.7220     8.1773     84.693    249.616    255.545   -0.00204    6.75618    9.65525  294.72968   15.23236 3.8953e+00     0.4609     0.6772    84.4256 0.0000e+00
        329 319.545463    0.02278     1.3669     82.015     15.139  48506.311    30.5594     8.2464     15.000     8.2455    23.7539     5.7135     8.1653     84.573    249.247    255.168   -0.00235    6.75575    9.65465  294.71148   15.23149 3.1975e+00     0.4683     0.6796    84.3738 0.0000e+00
        334 319.545477    0.02313     1.3876     83.257     16.154  48506.162    30.5589     8.2471     16.000     8.2455    23.7534     5.7208     8.1756     84.681    249.562    255.490   -0.00109    6.75568    9.65454  294.70822   15.23134 2.6427e+00     0.4635     0.6807    84.3522 0.0000e+00
        339 319.545491    0.02345     1.4071     84.424     17.160  48516.766    30.5662     8.2488     17.000     8.2514    23.7588     5.7201     8.1746     84.679    249.531    255.460   -0.00073    6.75508    9.65368  294.68059   15.22999 2.1681e+00     0.4459     0.6768    84.4339 0.0000e+00
        344 319.545506    0.02381     1.4288     85.728     18.170  48518.303    30.5685     8.2609     18.000     8.2617    23.7591     5.7184     8.1722     84.677    249.457    255.383   -0.00059    6.75314    9.65092  294.59621   15.22595 1.7877e+00     0.4609     0.6805    84.3548 0.0000e+00
        349 319.545522    0.02419     1.4513     87.081     19.180  48533.638    30.5799     8.2685     19.000     8.2750    23.7669     5.7166     8.1696     84.672    249.376    255.303   -0.00043    6.75148    9.64854  294.52117   15.22233 1.4631e+00     0.4364     0.6735    84.5045 0.0000e+00
        355 319.545537    0.02455     1.4731     88.387     20.190  48532.221    30.5817     8.2901     20.000     8.2930    23.7652     5.7178     8.1713     84.733    249.431    255.358    0.00001    6.74810    9.64371  294.37442   15.21531 1.2069e+00     0.4380     0.6727    84.5204 0.0000e+00
        360 319.545552    0.02491     1.4948     89.687     21.197  48528.750    30.5803     8.2994     21.000     8.2986    23.7627     5.7045     8.1524     84.552    248.851    254.765   -0.00105    6.74674    9.64178  294.31582   15.21252 9.9347e-01     0.4473     0.6754    84.4636 0.0000e+00
        365 319.545567    0.02529     1.5171     91.025     22.211  48528.010    30.5796     8.3013     22.000     8.2993    23.7619     5.6952     8.1390     84.417    248.443    254.347   -0.00170    6.74648    9.64140  294.30477   15.21199 8.1441e-01     0.4264     0.6729    84.5161 0.0000e+00
        370 319.545582    0.02564     1.5382     92.290     23.220  48528.298    30.5794     8.3019     23.000     8.2997    23.7617     5.6952     8.1389     84.418    248.443    254.347   -0.00115    6.74640    9.64129  294.30144   15.21183 6.7069e-01     0.4219     0.6749    84.4737 0.0000e+00
        375 319.545596    0.02596     1.5577     93.462     24.222  48529.285    30.5797     8.3020     24.000     8.2996    23.7620     5.6932     8.1361     84.388    248.355    254.256   -0.00107    6.74638    9.64125  294.29999   15.21176 5.5140e-01     0.4262     0.6775    84.4185 0.0000e+00
        380 319.545611    0.02634     1.5802     94.810     25.245  48529.079    30.5789     8.3006     25.000     8.2972    23.7616     5.6943     8.1377     84.402    248.406    254.308   -0.00066    6.74663    9.64161  294.31127   15.21231 4.5432e-01     0.4229     0.6770    84.4289 0.0000e+00
        385 319.545624    0.02664     1.5982     95.892     26.241  48534.948    30.5824     8.3001     26.000     8.2980    23.7644     5.6913     8.1334     84.358    248.271    254.171   -0.00086    6.74656    9.64150  294.30717   15.21210 3.7543e-01     0.4174     0.6823    84.3172 0.0000e+00
        390 319.545639    0.02699     1.6196     97.174     27.262  48540.965    30.5865     8.3013     27.000     8.3020    23.7674     5.6919     8.1344     84.373    248.300    254.202   -0.00048    6.74618    9.64097  294.29015   15.21127 3.0864e-01     0.4177     0.6785    84.3983 0.0000e+00
        394 319.545652    0.02731     1.6389     98.332     28.265  48578.559    30.6146     8.3178     28.000     8.3339    23.7871     5.6870     8.1272     84.346    248.080    253.980   -0.00055    6.74244    9.63561  294.12083   15.20307 2.5487e-01     0.4284     0.6820    84.3244 0.0000e+00
        399 319.545666    0.02765     1.6589     99.535     29.276  48591.690    30.6309     8.3687     29.000     8.3816    23.7925     5.6826     8.1210     84.386    247.885    253.783   -0.00022    6.73399    9.62355  293.75096   15.18534 2.1172e-01     0.4108     0.6799    84.3687 0.0000e+00
        404 319.545680    0.02799     1.6789    100.736     30.288  48582.004    30.6278     8.3973     30.000     8.4022    23.7861     5.6692     8.1018     84.240    247.302    253.185   -0.00088    6.72978    9.61752  293.56886   15.17666 1.7728e-01     0.3976     0.6723    84.5287 0.0000e+00
        409 319.545693    0.02830     1.6982    101.894     31.292  48592.927    30.6377     8.4154     31.000     8.4223    23.7912     5.6455     8.0680     83.929    246.270    252.129   -0.00263    6.72661    9.61300  293.42932   15.16995 1.4946e-01     0.3824     0.6674    84.6335 0.0000e+00
        414 319.545708    0.02865     1.7190    103.141     32.306  48596.812    30.6437     8.4406     32.000     8.4441    23.7922     5.6347     8.0526     83.819    245.798    251.646   -0.00256    6.72252    9.60716  293.25066   15.16140 1.2609e-01     0.3719     0.6631    84.7235 0.0000e+00
        419 319.545722    0.02901     1.7402    104.414     33.315  48603.918    30.6509     8.4586     33.000     8.4621    23.7952     5.6234     8.0364     83.688    245.304    251.141   -0.00252    6.71947    9.60279  293.11679   15.15497 1.0791e-01     0.3663     0.6628    84.7304 0.0000e+00
        424 319.545737    0.02934     1.7606    105.638     34.324  48608.884    30.6560     8.4733     34.000     8.4760    23.7972     5.6151     8.0246     83.595    244.942    250.770   -0.00228    6.71704    9.59932  293.00998   15.14985 9.2897e-02     0.3596     0.6604    84.7825 0.0000e+00
        428 319.545750    0.02967     1.7803    106.818     35.331  48613.180    30.6606     8.4878     35.000     8.4888    23.7988     5.6077     8.0140     83.515    244.620    250.442   -0.00218    6.71465    9.59590  292.90527   15.14483 8.1358e-02     0.3499     0.6662    84.6575 0.0000e+00
        434 319.545766    0.03004     1.8022    108.133     36.347  48606.502    30.6568     8.4960     36.000     8.4926    23.7945     5.5962     7.9975     83.356    244.116    249.924   -0.00231    6.71356    9.59434  292.85902   15.14264 7.1754e-02     0.3309     0.6661    84.6598 0.0000e+00
        438 319.545778    0.03034     1.8205    109.231     37.348  48608.176    30.6575     8.4960     37.000     8.4927    23.7951     5.5839     7.9800     83.174    243.581    249.377   -0.00295    6.71353    9.59430  292.85767   15.14257 6.4455e-02     0.3332     0.6675    84.6314 0.0000e+00
        443 319.545793    0.03069     1.8418    110.511     38.364  48623.645    30.6684     8.5001     38.000     8.5004    23.8031     5.5801     7.9745     83.131    243.414    249.209   -0.00234    6.71243    9.59274  292.80745   15.14013 5.8465e-02     0.3348     0.6727    84.5199 0.0000e+00
        448 319.545807    0.03105     1.8629    111.774     39.373  48623.719    30.6693     8.5085     39.000     8.5058    23.8026     5.5745     7.9665     83.064    243.170    248.958   -0.00196    6.71114    9.59088  292.75106   15.13743 5.3793e-02     0.3440     0.6807    84.3510 0.0000e+00
        453 319.545822    0.03138     1.8828    112.969     40.379  48619.446    30.6660     8.5096     40.000     8.5049    23.7998     5.5657     7.9540     82.933    242.787    248.565   -0.00221    6.71111    9.59085  292.75066   15.13743 5.0090e-02     0.3264     0.6865    84.2294 0.0000e+00
        458 319.545837    0.03175     1.9048    114.290     41.392  48621.163    30.6667     8.5085     41.000     8.5050    23.8005     5.5566     7.9410     82.795    242.388    248.157   -0.00241    6.71125    9.59104  292.75652   15.13771 4.7159e-02     0.3290     0.6841    84.2794 0.0000e+00
        463 319.545851    0.03209     1.9256    115.539     42.402  48626.225    30.6702     8.5112     42.000     8.5084    23.8029     5.5603     7.9462     82.858    242.550    248.323   -0.00124    6.71070    9.59026  292.73200   15.13652 4.4795e-02     0.3234     0.6846    84.2699 0.0000e+00
        468 319.545866    0.03245     1.9468    116.807     43.409  48626.599    30.6704     8.5139     43.000     8.5105    23.8026     5.5609     7.9471     82.872    242.577    248.351   -0.00083    6.71027    9.58965  292.71352   15.13564 4.2961e-02     0.3198     0.6899    84.1580 0.0000e+00
        474 319.545882    0.03282     1.9692    118.152     44.428  48631.786    30.6740     8.5169     44.000     8.5144    23.8050     5.5596     7.9454     82.860    242.521    248.294   -0.00059    6.70967    9.58879  292.68636   15.13433 4.1536e-02     0.3370     0.6888    84.1804 0.0000e+00
        478 319.545894    0.03312     1.9874    119.247     45.424  48633.168    30.6751     8.5209     45.000     8.5178    23.8054     5.5527     7.9354     82.765    242.218    247.984   -0.00108    6.70901    9.58785  292.65767   15.13295 4.0342e-02     0.3214     0.6952    84.0468 0.0000e+00
        484 319.545911    0.03352     2.0111    120.668     46.450  48634.497    30.6759     8.5234     46.000     8.5205    23.8057     5.5470     7.9273     82.685    241.970    247.730   -0.00121    6.70859    9.58724  292.63891   15.13205 3.9269e-02     0.3148     0.6892    84.1727 0.0000e+00
        488 319.545922    0.03380     2.0280    121.678     47.442  48656.531    30.6922     8.5325     47.000     8.5350    23.8171     5.5439     7.9227     82.664    241.829    247.589   -0.00115    6.70651    9.58427  292.54517   15.12751 3.8622e-02     0.3152     0.7043    83.8543 0.0000e+00
        493 319.545938    0.03419     2.0511    123.069     48.465  48657.861    30.6952     8.5495     48.000     8.5492    23.8169     5.5440     7.9229     82.699    241.835    247.595   -0.00046    6.70382    9.58043  292.42776   15.12189 3.7910e-02     0.3244     0.7022    83.9003 0.0000e+00
        498 319.545952    0.03450     2.0702    124.215     49.466  48658.676    30.6967     8.5586     49.000     8.5557    23.8168     5.5230     7.8929     82.403    240.918    246.656   -0.00216    6.70238    9.57838  292.36535   15.11890 3.7445e-02     0.3021     0.7123    83.6883 0.0000e+00
        503 319.545966    0.03486     2.0915    125.492     50.479  48657.565    30.6960     8.5623     50.000     8.5577    23.8157     5.5038     7.8655     82.123    240.082    245.800   -0.00320    6.70185    9.57762  292.34242   15.11781 3.6979e-02     0.2982     0.7167    83.5955 0.0000e+00
        508 319.545981    0.03521     2.1124    126.743     51.486  48663.876    30.7002     8.5639     51.000     8.5602    23.8188     5.4928     7.8497     81.964    239.600    245.308   -0.00325    6.70143    9.57701  292.32300   15.11686 3.6728e-02     0.2935     0.7226    83.4725 0.0000e+00
        513 319.545996    0.03556     2.1338    128.029     52.501  48664.278    30.7005     8.5670     52.000     8.5626    23.8186     5.4899     7.8456     81.927    239.474    245.178   -0.00251    6.70095    9.57633  292.30208   15.11587 3.6389e-02     0.2873     0.7338    83.2398 0.0000e+00
        518 319.546009    0.03588     2.1532    129.194     53.502  48669.210    30.7039     8.5694     53.000     8.5653    23.8208     5.4864     7.8407     81.882    239.324    245.025   -0.00206    6.70045    9.57561  292.27962   15.11478 3.6273e-02     0.2821     0.7448    83.0103 0.0000e+00
