CTD-processing/allCTD/CNV/2019_12-12_alongbay_kb04_cast004_4141.cnv
* Sea-Bird SBE19plus Data File:
* FileName = C:\Users\Chris\Desktop\EVOSTC GWA LTM\CTD Data\2019_12-12_AlongBay\2019_12-12_AlongBay_KB0_Cast004.hex
* Software Version 1.59
* Temperature SN =  4141
* Conductivity SN =  4141
* System UpLoad Time = Dec 13 2019 13:38:30
** Cook Inlet LTM AlongBay
** Date: 2019_12-12
** Station:04
** Start Time: (AKST):11:37
** Depth (m):156
** Comment:
** Comment:
# nquan = 27
# nvalues = 146                         
# units = specified
# name 0 = scan: Scan Count
# name 1 = timeJ: Julian Days
# name 2 = timeH: Time, Elapsed [hours]
# name 3 = timeM: Time, Elapsed [minutes]
# name 4 = timeS: Time, Elapsed [seconds]
# name 5 = prdM: Pressure, Strain Gauge [db]
# name 6 = specc: Specific Conductance [uS/cm]
# name 7 = sal00: Salinity, Practical [PSU]
# name 8 = tv290C: Temperature [ITS-90, deg C]
# name 9 = depSM: Depth [salt water, m], lat = 59.00
# name 10 = potemp090C: Potential Temperature [ITS-90, deg C]
# name 11 = sigma-é00: Density [sigma-theta, kg/m^3]
# name 12 = sbeox0ML/L: Oxygen, SBE 43 [ml/l]
# name 13 = sbeox0Mg/L: Oxygen, SBE 43 [mg/l]
# name 14 = sbeox0PS: Oxygen, SBE 43 [% saturation]
# name 15 = sbox0Mm/Kg: Oxygen, SBE 43 [umol/kg]
# name 16 = sbeox0Mm/L: Oxygen, SBE 43 [umol/l]
# name 17 = sbox0dV/dT: Oxygen, SBE 43 [dov/dt]
# name 18 = oxsolML/L: Oxygen Saturation, Garcia & Gordon [ml/l]
# name 19 = oxsolMg/L: Oxygen Saturation, Garcia & Gordon [mg/l]
# name 20 = oxsolMm/Kg: Oxygen Saturation, Garcia & Gordon [umol/kg]
# name 21 = n2satMg/L: Nitrogen Saturation [mg/l]
# name 22 = par: PAR/Irradiance, Biospherical/Licor
# name 23 = wetStar: Fluorescence, WET Labs WETstar [mg/m^3]
# name 24 = CStarAt0: Beam Attenuation, WET Labs C-Star [1/m]
# name 25 = CStarTr0: Beam Transmission, WET Labs C-Star [%]
# name 26 = flag: flag
# span 0 =        298,       1057       
# span 1 = 346.484541, 346.486735       
# span 2 =    0.02064,    0.07331       
# span 3 =     1.2384,     4.3989       
# span 4 =     74.302,    263.933       
# span 5 =      1.019,    147.403       
# span 6 =  48346.253,  49965.219       
# span 7 =    30.2787,    31.3908       
# span 8 =     7.1250,     7.4777       
# span 9 =      1.000,    146.000       
# span 10 =     7.1259,     7.4674      
# span 11 =    23.6859,    24.5196      
# span 12 =     5.9053,     6.2035      
# span 13 =     8.4393,     8.8654      
# span 14 =     86.295,     89.833      
# span 15 =    257.417,    270.637      
# span 16 =    263.730,    277.048      
# span 17 =   -0.00234,    0.00142      
# span 18 =    6.84048,    6.94388      
# span 19 =    9.77573,    9.92350      
# span 20 =  298.19839,  302.93833      
# span 21 =   15.39475,   15.62518      
# span 22 = 3.6168e-02, 3.0508e+01      
# span 23 =     0.2439,     0.3090      
# span 24 =     0.2570,     1.3676      
# span 25 =    71.0439,    93.7767      
# span 26 = 0.0000e+00, 0.0000e+00      
# interval = meters: 1                  
# start_time = Dec 12 2019 11:36:30 [Instrument's time stamp, header]
# bad_flag = -9.990e-29
*END*
[from data line 108]
        853 346.486146    0.05918     3.5506    213.038    110.071  49818.426    31.3106     7.4768    109.000     7.4668    24.4516     5.9875     8.5567     87.518    261.020    267.403   -0.00042    6.84150    9.77718  298.24835   15.39724 3.6170e-02     0.2544     0.4810    88.6695 0.0000e+00
        857 346.486158    0.05945     3.5670    214.020    111.062  49823.966    31.3141     7.4772    110.000     7.4674    24.4543     5.9838     8.5514     87.466    260.855    267.234   -0.00073    6.84126    9.77685  298.23765   15.39671 3.6170e-02     0.2439     0.5100    88.0312 0.0000e+00
        862 346.486172    0.05978     3.5872    215.229    112.078  49830.696    31.3183     7.4777    111.000     7.4672    24.4576     5.9821     8.5491     87.445    260.784    267.162   -0.00068    6.84098    9.77645  298.22464   15.39608 3.6170e-02     0.2493     0.5184    87.8450 0.0000e+00
        868 346.486189    0.06020     3.6121    216.724    113.087  49858.188    31.3367     7.4757    112.000     7.4642    24.4723     5.9794     8.5452     87.412    260.662    267.041   -0.00067    6.84048    9.77573  298.19839   15.39475 3.6170e-02     0.2488     0.5522    87.1068 0.0000e+00
        874 346.486207    0.06064     3.6387    218.324    114.104  49883.598    31.3530     7.4701    113.000     7.4568    24.4859     5.9650     8.5246     87.200    260.031    266.398   -0.00164    6.84063    9.77594  298.20068   15.39480 3.6170e-02     0.2457     0.6640    84.7073 0.0000e+00
        879 346.486220    0.06094     3.6564    219.383    115.103  49888.117    31.3548     7.4646    114.000     7.4523    24.4880     5.9556     8.5111     87.052    259.618    265.975   -0.00223    6.84142    9.77707  298.23441   15.39640 3.6170e-02     0.2522     0.7466    82.9736 0.0000e+00
        884 346.486236    0.06132     3.6794    220.761    116.118  49892.707    31.3570     7.4614    115.000     7.4505    24.4902     5.9466     8.4982     86.915    259.224    265.573   -0.00227    6.84182    9.77764  298.25124   15.39719 3.6170e-02     0.2496     0.7414    83.0805 0.0000e+00
        890 346.486253    0.06173     3.7039    222.236    117.132  49893.016    31.3565     7.4603    116.000     7.4487    24.4901     5.9383     8.4864     86.792    258.865    265.204   -0.00225    6.84200    9.77790  298.25926   15.39758 3.6170e-02     0.2471     0.7357    83.2012 0.0000e+00
        895 346.486266    0.06205     3.7231    223.384    118.131  49895.776    31.3575     7.4575    117.000     7.4454    24.4913     5.9397     8.4885     86.809    258.930    265.271   -0.00161    6.84240    9.77847  298.27654   15.39840 3.6170e-02     0.2468     0.7071    83.7966 0.0000e+00
        900 346.486282    0.06244     3.7462    224.772    119.151  49901.093    31.3604     7.4554    118.000     7.4444    24.4938     5.9470     8.4989     86.912    259.244    265.594   -0.00049    6.84261    9.77877  298.28473   15.39878 3.6170e-02     0.2457     0.6819    84.3261 0.0000e+00
        906 346.486298    0.06283     3.7698    226.186    120.158  49914.606    31.3691     7.4535    119.000     7.4417    24.5008     5.9505     8.5039     86.964    259.394    265.749   -0.00013    6.84251    9.77863  298.27838   15.39844 3.6170e-02     0.2441     0.7092    83.7543 0.0000e+00
        911 346.486314    0.06320     3.7921    227.527    121.167  49917.099    31.3702     7.4525    120.000     7.4415    24.5019     5.9531     8.5076     87.001    259.509    265.868    0.00018    6.84263    9.77880  298.28326   15.39867 3.6170e-02     0.2496     0.7268    83.3845 0.0000e+00
        917 346.486331    0.06361     3.8164    228.982    122.179  49920.064    31.3718     7.4525    121.000     7.4411    24.5032     5.9407     8.4899     86.820    258.967    265.313   -0.00099    6.84255    9.77869  298.27947   15.39848 3.6170e-02     0.2491     0.7194    83.5390 0.0000e+00
        923 346.486347    0.06400     3.8400    230.401    123.187  49927.466    31.3764     7.4516    122.000     7.4400    24.5069     5.9374     8.4851     86.772    258.822    265.165   -0.00100    6.84249    9.77859  298.27558   15.39827 3.6170e-02     0.2512     0.7406    83.0986 0.0000e+00
        928 346.486364    0.06441     3.8645    231.869    124.200  49934.510    31.3806     7.4502    123.000     7.4384    24.5104     5.9385     8.4867     86.788    258.870    265.214   -0.00060    6.84252    9.77864  298.27605   15.39828 3.6170e-02     0.2548     0.7610    82.6751 0.0000e+00
        934 346.486380    0.06479     3.8873    233.237    125.213  49937.968    31.3824     7.4493    124.000     7.4377    24.5119     5.9387     8.4868     86.788    258.871    265.216   -0.00040    6.84258    9.77874  298.27834   15.39838 3.6170e-02     0.2459     0.8010    81.8522 0.0000e+00
        939 346.486395    0.06516     3.9094    234.566    126.215  49941.183    31.3840     7.4483    125.000     7.4366    24.5134     5.9309     8.4758     86.676    258.537    264.874   -0.00100    6.84266    9.77883  298.28113   15.39851 3.6170e-02     0.2561     0.8051    81.7683 0.0000e+00
        945 346.486413    0.06558     3.9344    236.064    127.228  49943.572    31.3851     7.4478    126.000     7.4357    24.5143     5.9292     8.4733     86.649    258.460    264.797   -0.00084    6.84269    9.77890  298.28264   15.39858 3.6170e-02     0.2458     0.8200    81.4636 0.0000e+00
        950 346.486428    0.06593     3.9557    237.345    128.241  49945.657    31.3859     7.4467    127.000     7.4348    24.5151     5.9256     8.4683     86.596    258.304    264.637   -0.00090    6.84283    9.77909  298.28828   15.39884 3.6170e-02     0.2514     0.8295    81.2702 0.0000e+00
        956 346.486444    0.06631     3.9786    238.717    129.246  49946.289    31.3858     7.4464    128.000     7.4346    24.5151     5.9237     8.4656     86.568    258.223    264.554   -0.00087    6.84287    9.77915  298.29013   15.39893 3.6170e-02     0.2503     0.8414    81.0298 0.0000e+00
        962 346.486461    0.06674     4.0041    240.244    130.265  49947.339    31.3861     7.4464    129.000     7.4344    24.5154     5.9210     8.4617     86.528    258.105    264.432   -0.00079    6.84286    9.77914  298.28963   15.39891 3.6170e-02     0.2515     0.8465    80.9273 0.0000e+00
        967 346.486476    0.06708     4.0250    241.499    131.266  49949.699    31.3871     7.4456    130.000     7.4333    24.5163     5.9227     8.4642     86.552    258.181    264.510   -0.00052    6.84295    9.77926  298.29298   15.39906 3.6170e-02     0.2533     0.8784    80.2843 0.0000e+00
        973 346.486493    0.06749     4.0495    242.970    132.281  49951.570    31.3880     7.4453    131.000     7.4332    24.5170     5.9195     8.4595     86.504    258.036    264.362   -0.00060    6.84296    9.77928  298.29337   15.39908 3.6170e-02     0.2618     0.8970    79.9117 0.0000e+00
        979 346.486510    0.06790     4.0736    244.415    133.289  49951.267    31.3873     7.4454    132.000     7.4332    24.5165     5.9166     8.4554     86.462    257.912    264.235   -0.00076    6.84297    9.77929  298.29404   15.39911 3.6170e-02     0.2537     0.8941    79.9711 0.0000e+00
        985 346.486527    0.06830     4.0982    245.891    134.297  49951.804    31.3872     7.4455    133.000     7.4333    24.5164     5.9200     8.4603     86.512    258.060    264.387   -0.00028    6.84295    9.77926  298.29324   15.39907 3.6170e-02     0.2491     0.8926    79.9995 0.0000e+00
        990 346.486544    0.06871     4.1229    247.371    135.306  49952.563    31.3873     7.4455    134.000     7.4332    24.5165     5.9191     8.4590     86.499    258.021    264.347   -0.00028    6.84294    9.77924  298.29257   15.39904 3.6170e-02     0.2501     0.9052    79.7485 0.0000e+00
        996 346.486560    0.06912     4.1471    248.823    136.322  49953.192    31.3873     7.4454    135.000     7.4329    24.5165     5.9204     8.4608     86.518    258.076    264.403   -0.00019    6.84297    9.77928  298.29370   15.39909 3.6170e-02     0.2522     0.9096    79.6592 0.0000e+00
       1002 346.486577    0.06951     4.1709    250.255    137.327  49954.726    31.3879     7.4454    136.000     7.4329    24.5170     5.9199     8.4602     86.512    258.058    264.384   -0.00018    6.84293    9.77923  298.29209   15.39902 3.6170e-02     0.2459     0.9052    79.7485 0.0000e+00
       1008 346.486594    0.06993     4.1957    251.739    138.340  49955.476    31.3880     7.4454    137.000     7.4326    24.5170     5.9210     8.4616     86.526    258.102    264.430   -0.00012    6.84294    9.77925  298.29259   15.39904 3.6170e-02     0.2515     0.9216    79.4219 0.0000e+00
       1013 346.486610    0.07030     4.2177    253.063    139.348  49956.719    31.3883     7.4450    138.000     7.4323    24.5174     5.9216     8.4625     86.535    258.128    264.457   -0.00007    6.84298    9.77931  298.29420   15.39912 3.6170e-02     0.2512     0.9516    78.8302 0.0000e+00
       1019 346.486626    0.07069     4.2417    254.504    140.361  49957.267    31.3882     7.4451    139.000     7.4323    24.5173     5.9203     8.4607     86.517    258.074    264.402   -0.00022    6.84298    9.77930  298.29414   15.39911 3.6170e-02     0.2601     0.9388    79.0803 0.0000e+00
       1024 346.486642    0.07106     4.2639    255.836    141.368  49958.681    31.3888     7.4450    140.000     7.4319    24.5178     5.9195     8.4595     86.504    258.037    264.363   -0.00025    6.84296    9.77927  298.29303   15.39906 3.6170e-02     0.2550     0.9537    78.7864 0.0000e+00
       1029 346.486656    0.07142     4.2853    257.116    142.376  49959.898    31.3890     7.4445    141.000     7.4314    24.5181     5.9126     8.4497     86.403    257.738    264.058   -0.00083    6.84304    9.77938  298.29634   15.39922 3.6170e-02     0.2496     0.9798    78.2750 0.0000e+00
       1036 346.486674    0.07185     4.3108    258.649    143.395  49961.229    31.3895     7.4445    142.000     7.4314    24.5185     5.9164     8.4551     86.459    257.902    264.226   -0.00027    6.84301    9.77935  298.29533   15.39917 3.6170e-02     0.2474     0.9838    78.1963 0.0000e+00
       1041 346.486689    0.07221     4.3325    259.948    144.397  49961.922    31.3895     7.4442    143.000     7.4308    24.5185     5.9172     8.4563     86.471    257.938    264.262   -0.00022    6.84304    9.77940  298.29675   15.39923 3.6170e-02     0.2554     1.0116    77.6546 0.0000e+00
       1047 346.486708    0.07266     4.3593    261.558    145.411  49963.289    31.3900     7.4438    144.000     7.4305    24.5189     5.9188     8.4585     86.492    258.004    264.331   -0.00003    6.84310    9.77947  298.29883   15.39933 3.6170e-02     0.2507     0.9956    77.9659 0.0000e+00
       1053 346.486725    0.07306     4.3836    263.014    146.429  49965.134    31.3908     7.4437    145.000     7.4303    24.5196     5.9101     8.4462     86.366    257.629    263.946   -0.00072    6.84307    9.77943  298.29729   15.39926 3.6170e-02     0.2498     1.0208    77.4766 0.0000e+00
       1057 346.486735    0.07331     4.3989    263.933    147.403  49965.219    31.3903     7.4438    146.000     7.4301    24.5192     5.9053     8.4393     86.295    257.417    263.730   -0.00133    6.84310    9.77948  298.29884   15.39933 3.6170e-02     0.2728     1.0798    76.3391 0.0000e+00
