CTD-processing/allCTD/CNV/2019_05-14_alongbay_skb11_cast202_4141.cnv
* Sea-Bird SBE19plus Data File:
* FileName = C:\Users\jwschloemer\Documents\CTD Data\2019_05-14_AlongBay_T4_T9_T3\2019_15-14_AlongBay_SKB01_Cast202.hex
* Software Version 1.59
* Temperature SN =  4141
* Conductivity SN =  4141
* System UpLoad Time = May 15 2019 17:21:09
** Cook Inlet LTM Transect Along Bay
** Date: 2019_05_14
** Station:11
** Start Time (AKST):16:23
** Depth (m):54
** Comment:
# nquan = 27
# nvalues = 51                          
# units = specified
# name 0 = scan: Scan Count
# name 1 = timeJ: Julian Days
# name 2 = timeH: Time, Elapsed [hours]
# name 3 = timeM: Time, Elapsed [minutes]
# name 4 = timeS: Time, Elapsed [seconds]
# name 5 = prdM: Pressure, Strain Gauge [db]
# name 6 = specc: Specific Conductance [uS/cm]
# name 7 = sal00: Salinity, Practical [PSU]
# name 8 = tv290C: Temperature [ITS-90, deg C]
# name 9 = depSM: Depth [salt water, m], lat = 59.00
# name 10 = potemp090C: Potential Temperature [ITS-90, deg C]
# name 11 = sigma-é00: Density [sigma-theta, kg/m^3]
# name 12 = sbeox0ML/L: Oxygen, SBE 43 [ml/l]
# name 13 = sbeox0Mg/L: Oxygen, SBE 43 [mg/l]
# name 14 = sbeox0PS: Oxygen, SBE 43 [% saturation]
# name 15 = sbox0Mm/Kg: Oxygen, SBE 43 [umol/kg]
# name 16 = sbeox0Mm/L: Oxygen, SBE 43 [umol/l]
# name 17 = sbox0dV/dT: Oxygen, SBE 43 [dov/dt]
# name 18 = oxsolML/L: Oxygen Saturation, Garcia & Gordon [ml/l]
# name 19 = oxsolMg/L: Oxygen Saturation, Garcia & Gordon [mg/l]
# name 20 = oxsolMm/Kg: Oxygen Saturation, Garcia & Gordon [umol/kg]
# name 21 = n2satMg/L: Nitrogen Saturation [mg/l]
# name 22 = par: PAR/Irradiance, Biospherical/Licor
# name 23 = wetStar: Fluorescence, WET Labs WETstar [mg/m^3]
# name 24 = CStarAt0: Beam Attenuation, WET Labs C-Star [1/m]
# name 25 = CStarTr0: Beam Transmission, WET Labs C-Star [%]
# name 26 = flag: flag
# span 0 =        213,        530       
# span 1 = 134.683356, 134.684273       
# span 2 =    0.01471,    0.03671       
# span 3 =     0.8822,     2.2027       
# span 4 =     52.933,    132.160       
# span 5 =      1.016,     51.482       
# span 6 =  44365.068,  50774.501       
# span 7 =    27.7793,    31.7848       
# span 8 =     6.2016,     8.9939       
# span 9 =      1.000,     51.000       
# span 10 =     6.1986,     8.9478      
# span 11 =    21.4714,    24.9838      
# span 12 =     6.3254,     9.3256      
# span 13 =     9.0396,    13.3273      
# span 14 =     90.037,    135.908      
# span 15 =    275.611,    406.763      
# span 16 =    282.493,    416.483      
# span 17 =   -0.11166,    0.06405      
# span 18 =    6.76334,    7.02555      
# span 19 =    9.66548,   10.04021      
# span 20 =  295.69735,  306.11685      
# span 21 =   15.29010,   15.77061      
# span 22 = 4.1883e-02, 5.2308e+02      
# span 23 =     0.3250,    22.8051      
# span 24 =     0.7511,     6.7662      
# span 25 =    41.2821,    82.8814      
# span 26 = 0.0000e+00, 0.0000e+00      
# interval = meters: 1                  
# start_time = May 14 2019 16:23:09 [Instrument's time stamp, header]
# bad_flag = -9.990e-29
*END*
        213 134.683356    0.01471     0.8822     52.933      1.016  44365.068    27.7793     8.9939      1.000     8.9478    21.4714     7.6112    10.8773    112.513    332.766    339.917    0.00321    6.76334    9.66548  295.69735   15.29010 5.2308e+02     1.4422     6.7662    41.2821 0.0000e+00
        297 134.683601    0.02059     1.2349     74.096      2.017  44547.480    27.9024     8.8865      2.000     8.8399    21.5830     8.3627    11.9511    123.442    365.589    373.479    0.00107    6.77464    9.68163  296.16330   15.31184 3.6743e+02     1.8600     2.2792    55.4854 0.0000e+00
        300 134.683609    0.02079     1.2477     74.864      3.031  45511.058    28.5410     8.6690      3.000     8.4908    22.1133     8.3112    11.8776    122.587    363.149    371.179   -0.00322    6.77985    9.68908  296.23719   15.31269 1.6896e+02     2.1732     2.3625    55.3993 0.0000e+00
        305 134.683624    0.02113     1.2678     76.069      4.036  46807.753    29.4011     8.3796      4.000     8.3966    22.8275     8.3212    11.8919    122.619    363.332    371.626   -0.00430    6.78632    9.69834  296.31326   15.31274 8.3178e+01     4.2117     2.5035    53.4806 0.0000e+00
        310 134.683637    0.02146     1.2877     77.265      5.049  47742.174    30.0287     8.2325      5.000     7.9083    23.3397     8.8214    12.6067    130.074    384.977    393.964    0.04008    6.78136    9.69124  295.94788   15.29270 4.6803e+01     9.2710     2.4765    53.8490 0.0000e+00
        315 134.683651    0.02178     1.3070     78.419      6.056  48734.100    30.6141     7.5498      6.000     7.3711    23.8932     9.3256    13.3273    135.908    406.763    416.483    0.06405    6.86138    9.80560  299.27837   15.44923 2.6982e+01    10.7049     2.5825    52.5216 0.0000e+00
        320 134.683665    0.02212     1.3272     79.632      7.067  49348.270    30.9712     7.1266      7.000     6.9847    24.2303     9.1464    13.0711    132.327    398.817    408.480    0.02621    6.91213    9.87812  301.39272   15.54862 1.3157e+01    16.1861     2.4608    54.2619 0.0000e+00
        324 134.683679    0.02246     1.3478     80.868      8.076  49800.794    31.2318     6.8186      8.000     6.7434    24.4753     8.3911    11.9916    120.740    365.790    374.743   -0.05243    6.94958    9.93164  302.95334   15.62197 8.2079e+00    22.8051     1.4971    68.6272 0.0000e+00
        330 134.683694    0.02282     1.3688     82.131      9.085  49988.331    31.3370     6.6814      9.000     6.6466    24.5756     7.7282    11.0444    110.929    336.863    345.142   -0.09271    6.96691    9.95642  303.67935   15.65615 6.1064e+00    12.6844     1.1713    74.6238 0.0000e+00
        335 134.683708    0.02317     1.3901     83.407     10.095  50138.820    31.4258     6.5981     10.000     6.5709    24.6561     7.1644    10.2386    102.697    312.264    319.963   -0.11166    6.97632    9.96987  304.06549   15.67420 4.4214e+00     7.9008     1.0481    76.9604 0.0000e+00
        340 134.683723    0.02351     1.4105     84.629     11.106  50224.580    31.4751     6.5446     11.000     6.5317    24.7017     6.8737     9.8231     98.438    299.577    306.977   -0.10345    6.98275    9.97905  304.33197   15.68670 3.3213e+00     6.7888     0.9014    79.8268 0.0000e+00
        344 134.683736    0.02382     1.4290     85.743     12.113  50254.682    31.4918     6.5243     12.000     6.5193    24.7174     6.7616     9.6630     96.798    294.690    301.974   -0.08437    6.98529    9.98267  304.43806   15.69169 2.5829e+00     4.7147     0.8187    81.4913 0.0000e+00
        348 134.683748    0.02413     1.4474     86.846     13.123  50267.160    31.4983     6.5156     13.000     6.5056    24.7236     6.7248     9.6104     96.257    293.085    300.332   -0.06440    6.98639    9.98424  304.48395   15.69385 2.0087e+00     4.0099     0.7851    82.1787 0.0000e+00
        353 134.683761    0.02444     1.4665     87.989     14.132  50314.146    31.5253     6.4876     14.000     6.4716    24.7484     6.7317     9.6203     96.309    293.376    300.637   -0.04558    6.98970    9.98898  304.62110   15.70028 1.5732e+00     3.4089     0.7511    82.8814 0.0000e+00
        357 134.683774    0.02475     1.4850     89.098     15.143  50361.843    31.5528     6.4598     15.000     6.4499    24.7736     6.7366     9.6272     96.333    293.582    300.855   -0.03251    6.99297    9.99365  304.75609   15.70661 1.2385e+00     2.7927     0.7637    82.6214 0.0000e+00
        362 134.683787    0.02506     1.5036     90.215     16.149  50397.208    31.5730     6.4396     16.000     6.4305    24.7920     6.7205     9.6042     96.071    292.877    300.138   -0.02497    6.99532    9.99701  304.85285   15.71113 9.7265e-01     2.8378     0.7831    82.2199 0.0000e+00
        367 134.683801    0.02540     1.5239     91.434     17.168  50426.423    31.5898     6.4234     17.000     6.4148    24.8073     6.6989     9.5733     95.736    291.928    299.169   -0.01920    6.99719    9.99969  304.93015   15.71475 7.7620e-01     3.1501     0.7676    82.5399 0.0000e+00
        371 134.683814    0.02569     1.5418     92.508     18.165  50455.926    31.6067     6.4073     18.000     6.4004    24.8227     6.6747     9.5388     95.366    290.871    298.091   -0.01633    6.99903   10.00231  305.00556   15.71828 6.2846e-01     2.3994     0.7682    82.5269 0.0000e+00
        376 134.683828    0.02604     1.5626     93.755     19.183  50480.737    31.6207     6.3928     19.000     6.3797    24.8356     6.6526     9.5073     95.027    289.907    297.106   -0.01337    7.00075   10.00477  305.07682   15.72161 5.1133e-01     1.8128     0.7627    82.6419 0.0000e+00
        380 134.683841    0.02635     1.5807     94.840     20.187  50533.577    31.6521     6.3670     20.000     6.3585    24.8635     6.6416     9.4914     94.832    289.416    296.612   -0.01091    7.00352   10.00874  305.18931   15.72685 4.1245e-01     1.7533     0.7772    82.3412 0.0000e+00
        385 134.683854    0.02668     1.6007     96.040     21.204  50557.402    31.6657     6.3543     21.000     6.3485    24.8758     6.6165     9.4556     94.455    288.320    295.493   -0.00979    7.00496   10.01079  305.24837   15.72961 3.3479e-01     1.7701     0.7778    82.3287 0.0000e+00
        390 134.683868    0.02698     1.6191     97.146     22.207  50568.669    31.6713     6.3452     22.000     6.3408    24.8814     6.5893     9.4168     94.050    287.134    294.279   -0.00959    7.00618   10.01253  305.29963   15.73203 2.7240e-01     1.4635     0.8040    81.7920 0.0000e+00
        394 134.683881    0.02731     1.6384     98.307     23.220  50574.576    31.6739     6.3396     23.000     6.3346    24.8841     6.5732     9.3938     93.809    286.430    293.558   -0.00833    7.00699   10.01369  305.33419   15.73367 2.2086e-01     1.1614     0.7957    81.9599 0.0000e+00
        399 134.683894    0.02761     1.6567     99.403     24.227  50586.273    31.6799     6.3310     24.000     6.3243    24.8899     6.5672     9.3853     93.709    286.171    293.294   -0.00669    7.00812   10.01531  305.38190   15.73591 1.8251e-01     1.2378     0.8107    81.6555 0.0000e+00
        403 134.683907    0.02793     1.6758    100.550     25.239  50603.984    31.6900     6.3222     25.000     6.3179    24.8990     6.5624     9.3783     93.627    285.956    293.076   -0.00539    7.00910   10.01670  305.42152   15.73776 1.5170e-01     1.0893     0.7943    81.9899 0.0000e+00
        408 134.683920    0.02825     1.6949    101.693     26.247  50621.104    31.7005     6.3175     26.000     6.3120    24.9079     6.5569     9.3704     93.545    285.714    292.830   -0.00438    7.00936   10.01709  305.43061   15.73815 1.2868e-01     0.9051     0.7982    81.9089 0.0000e+00
        412 134.683933    0.02857     1.7143    102.856     27.256  50645.273    31.7145     6.3051     27.000     6.2955    24.9204     6.5556     9.3686     93.508    285.655    292.774   -0.00333    7.01074   10.01906  305.48709   15.74078 1.0974e-01     0.8157     0.7989    81.8956 0.0000e+00
        417 134.683947    0.02891     1.7342    104.055     28.266  50665.996    31.7260     6.2929     28.000     6.2873    24.9311     6.5530     9.3648     93.451    285.537    292.655   -0.00286    7.01222   10.02116  305.54794   15.74364 9.5439e-02     0.7196     0.7900    82.0785 0.0000e+00
        422 134.683961    0.02924     1.7542    105.250     29.275  50659.255    31.7188     6.2817     29.000     6.2662    24.9267     6.5596     9.3743     93.515    285.824    292.949   -0.00161    7.01439   10.02427  305.64398   15.74825 8.4026e-02     0.5516     0.7991    81.8922 0.0000e+00
        427 134.683975    0.02957     1.7745    106.470     30.283  50672.834    31.7202     6.2427     30.000     6.2244    24.9327     6.5424     9.3497     93.186    285.074    292.182   -0.00299    7.02073   10.03332  305.91845   15.76133 7.4822e-02     0.5357     0.8163    81.5408 0.0000e+00
        432 134.683991    0.02994     1.7967    107.803     31.298  50721.441    31.7484     6.2163     31.000     6.2130    24.9582     6.4927     9.2787     92.438    282.901    289.962   -0.00626    7.02375   10.03765  306.04266   15.76713 6.7313e-02     0.4774     0.8398    81.0617 0.0000e+00
        437 134.684006    0.03030     1.8179    109.074     32.304  50731.419    31.7540     6.2118     32.000     6.2064    24.9631     6.4397     9.2029     91.678    280.592    287.596   -0.00877    7.02424   10.03833  306.06207   15.76803 6.1790e-02     0.4198     0.9200    79.4559 0.0000e+00
        443 134.684021    0.03066     1.8397    110.380     33.316  50740.263    31.7583     6.2052     33.000     6.2004    24.9674     6.4041     9.1520     91.159    279.037    286.004   -0.00902    7.02512   10.03960  306.09941   15.76979 5.7114e-02     0.3692     1.0566    76.7905 0.0000e+00
        447 134.684034    0.03098     1.8592    111.551     34.323  50746.834    31.7618     6.2019     34.000     6.1989    24.9705     6.3700     9.1034     90.670    277.556    284.487   -0.00926    7.02550   10.04015  306.11504   15.77053 5.3091e-02     0.3719     1.1814    74.4263 0.0000e+00
        452 134.684048    0.03132     1.8791    112.746     35.334  50747.673    31.7618     6.2016     35.000     6.1986    24.9706     6.3431     9.0650     90.287    276.383    283.285   -0.00886    7.02555   10.04021  306.11685   15.77061 5.0185e-02     0.3648     1.2252    73.6170 0.0000e+00
        457 134.684061    0.03164     1.8980    113.881     36.342  50750.524    31.7633     6.2017     36.000     6.1990    24.9718     6.3287     9.0444     90.083    275.755    282.641   -0.00763    7.02547   10.04009  306.11300   15.77042 4.8099e-02     0.3459     1.2588    73.0006 0.0000e+00
        461 134.684075    0.03196     1.9176    115.056     37.354  50751.158    31.7634     6.2023     37.000     6.1995    24.9717     6.3254     9.0396     90.037    275.611    282.493   -0.00574    7.02535   10.03993  306.10807   15.77019 4.6339e-02     0.3250     1.2743    72.7180 0.0000e+00
        466 134.684088    0.03227     1.9365    116.187     38.360  50762.162    31.7711     6.2054     38.000     6.2081    24.9775     6.3264     9.0411     90.062    275.652    282.537   -0.00414    7.02448   10.03869  306.06853   15.76827 4.5211e-02     0.3367     1.2916    72.4039 0.0000e+00
        471 134.684102    0.03262     1.9569    117.412     39.376  50769.575    31.7793     6.2234     39.000     6.2264    24.9817     6.3342     9.0521     90.216    275.990    282.885   -0.00202    7.02114   10.03391  305.92183   15.76124 4.4278e-02     0.3250     1.3059    72.1460 0.0000e+00
        475 134.684115    0.03293     1.9755    118.529     40.377  50759.644    31.7736     6.2323     40.000     6.2301    24.9762     6.3475     9.0713     90.422    276.574    283.483   -0.00039    7.01994   10.03220  305.87112   15.75885 4.3618e-02     0.3774     1.3507    71.3434 0.0000e+00
        480 134.684129    0.03327     1.9964    119.784     41.393  50760.315    31.7741     6.2346     41.000     6.2324    24.9762     6.3758     9.1116     90.829    277.802    284.741    0.00196    7.01954   10.03162  305.85365   15.75802 4.3154e-02     0.3421     1.3598    71.1794 0.0000e+00
        485 134.684143    0.03360     2.0163    120.977     42.399  50774.501    31.7848     6.2420     42.000     6.2448    24.9838     6.3878     9.1288     91.022    278.325    285.279    0.00255    7.01784   10.02919  305.77712   15.75433 4.2856e-02     0.3420     1.3854    70.7282 0.0000e+00
        490 134.684158    0.03397     2.0380    122.279     43.411  50767.485    31.7821     6.2555     43.000     6.2536    24.9800     6.3990     9.1448     91.208    278.813    285.778    0.00268    7.01574   10.02620  305.68710   15.75005 4.2449e-02     0.3413     1.4406    69.7570 0.0000e+00
        495 134.684173    0.03432     2.0588    123.526     44.419  50766.857    31.7817     6.2583     44.000     6.2555    24.9794     6.4217     9.1772     91.538    279.804    286.793    0.00364    7.01532   10.02559  305.66867   15.74917 4.2311e-02     0.3455     1.5071    68.6080 0.0000e+00
        500 134.684188    0.03468     2.0809    124.855     45.432  50766.050    31.7809     6.2597     45.000     6.2561    24.9786     6.4324     9.1926     91.694    280.271    287.272    0.00337    7.01511   10.02530  305.66005   15.74876 4.2051e-02     0.3463     1.5507    67.8638 0.0000e+00
        505 134.684202    0.03501     2.1007    126.041     46.437  50766.192    31.7806     6.2598     46.000     6.2560    24.9783     6.4298     9.1888     91.656    280.156    287.154    0.00211    7.01511   10.02529  305.65996   15.74876 4.2099e-02     0.3586     1.5673    67.5837 0.0000e+00
        510 134.684216    0.03535     2.1210    127.260     47.451  50766.708    31.7805     6.2601     47.000     6.2564    24.9782     6.4251     9.1821     91.589    279.950    286.943    0.00101    7.01507   10.02524  305.65829   15.74868 4.2000e-02     0.3462     1.5757    67.4407 0.0000e+00
        515 134.684229    0.03566     2.1396    128.378     48.456  50768.828    31.7815     6.2604     48.000     6.2569    24.9791     6.4205     9.1756     91.526    279.752    286.740    0.00031    7.01497   10.02508  305.65330   15.74844 4.1884e-02     0.3690     1.5889    67.2190 0.0000e+00
        519 134.684243    0.03599     2.1597    129.584     49.473  50768.234    31.7810     6.2619     49.000     6.2580    24.9784     6.4208     9.1760     91.533    279.765    286.752    0.00008    7.01475   10.02478  305.64426   15.74801 4.1883e-02     0.3585     1.6052    66.9455 0.0000e+00
        524 134.684256    0.03630     2.1782    130.690     50.473  50768.855    31.7808     6.2616     50.000     6.2576    24.9784     6.4280     9.1863     91.635    280.079    287.075    0.00070    7.01481   10.02486  305.64674   15.74813 4.2012e-02     0.3642     1.6188    66.7184 0.0000e+00
        530 134.684273    0.03671     2.2027    132.160     51.482  50771.848    31.7827     6.2631     51.000     6.2596    24.9796     6.4193     9.1738     91.515    279.699    286.686   -0.00037    7.01447   10.02438  305.63177   15.74741 4.1940e-02     0.3597     1.5934    67.1421 0.0000e+00
