CTD-processing/allCTD/CNV/2019_05_12_t6_s03_cast168_4141.cnv
* Sea-Bird SBE19plus Data File:
* FileName = C:\Users\jwschloemer\Documents\CTD Data\2019_05-12_T6_T7_ptGrm_pogi\2019_05_12_T6_S27_Cast168.hex
* Software Version 1.59
* Temperature SN =  4141
* Conductivity SN =  4141
* System UpLoad Time = May 13 2019 15:00:29
** Date: 2019_05_12
** Station:03
** Start Time (AKST):14:20
** Depth (m):89
** Comment:
# nquan = 27
# nvalues = 97                          
# units = specified
# name 0 = scan: Scan Count
# name 1 = timeJ: Julian Days
# name 2 = timeH: Time, Elapsed [hours]
# name 3 = timeM: Time, Elapsed [minutes]
# name 4 = timeS: Time, Elapsed [seconds]
# name 5 = prdM: Pressure, Strain Gauge [db]
# name 6 = specc: Specific Conductance [uS/cm]
# name 7 = sal00: Salinity, Practical [PSU]
# name 8 = tv290C: Temperature [ITS-90, deg C]
# name 9 = depSM: Depth [salt water, m], lat = 59.00
# name 10 = potemp090C: Potential Temperature [ITS-90, deg C]
# name 11 = sigma-é00: Density [sigma-theta, kg/m^3]
# name 12 = sbeox0ML/L: Oxygen, SBE 43 [ml/l]
# name 13 = sbeox0Mg/L: Oxygen, SBE 43 [mg/l]
# name 14 = sbeox0PS: Oxygen, SBE 43 [% saturation]
# name 15 = sbox0Mm/Kg: Oxygen, SBE 43 [umol/kg]
# name 16 = sbeox0Mm/L: Oxygen, SBE 43 [umol/l]
# name 17 = sbox0dV/dT: Oxygen, SBE 43 [dov/dt]
# name 18 = oxsolML/L: Oxygen Saturation, Garcia & Gordon [ml/l]
# name 19 = oxsolMg/L: Oxygen Saturation, Garcia & Gordon [mg/l]
# name 20 = oxsolMm/Kg: Oxygen Saturation, Garcia & Gordon [umol/kg]
# name 21 = n2satMg/L: Nitrogen Saturation [mg/l]
# name 22 = par: PAR/Irradiance, Biospherical/Licor
# name 23 = wetStar: Fluorescence, WET Labs WETstar [mg/m^3]
# name 24 = CStarAt0: Beam Attenuation, WET Labs C-Star [1/m]
# name 25 = CStarTr0: Beam Transmission, WET Labs C-Star [%]
# name 26 = flag: flag
# span 0 =         57,        726       
# span 1 = 132.597765, 132.599702       
# span 2 =    0.00386,    0.05036       
# span 3 =     0.2314,     3.0215       
# span 4 =     13.883,    181.291       
# span 5 =      1.006,     97.920       
# span 6 =  50615.725,  50785.407       
# span 7 =    31.7593,    31.8311       
# span 8 =     6.5685,     6.5973       
# span 9 =      1.000,     97.000       
# span 10 =     6.5754,     6.5968      
# span 11 =    24.9192,    24.9780      
# span 12 =     6.1729,     6.7229      
# span 13 =     8.8217,     9.6077      
# span 14 =     88.674,     96.589      
# span 15 =    268.979,    292.941      
# span 16 =    275.682,    300.245      
# span 17 =   -0.00266,    0.00094      
# span 18 =    6.95983,    6.96453      
# span 19 =    9.94629,    9.95301      
# span 20 =  303.25250,  303.46724      
# span 21 =   15.63381,   15.64419      
# span 22 = 3.1443e-02, 2.2140e+02      
# span 23 =     0.4600,     1.5239      
# span 24 =    -0.5628,     4.3774      
# span 25 =    59.0659,    98.2288      
# span 26 = 0.0000e+00, 0.0000e+00      
# interval = meters: 1                  
# start_time = May 12 2019 14:20:33 [Instrument's time stamp, header]
# bad_flag = -9.990e-29
*END*
         57 132.597765    0.00386     0.2314     13.883      1.006  50659.555    31.7895     6.5685      1.000     6.5804    24.9463     6.2650     8.9532     89.955    272.985    279.793   -0.00214    6.96453    9.95301  303.46724   15.64419 2.2140e+02     0.4600     4.3774    59.0659 0.0000e+00
        232 132.598272    0.01603     0.9621     57.726      2.013  50615.725    31.7593     6.5948      2.000     6.5906    24.9192     6.1729     8.8217     88.674    268.979    275.682   -0.00266    6.96151    9.94869  303.34131   15.63831 2.0479e+02     0.6193    -0.5628    98.2288 0.0000e+00
        407 132.598778    0.02817     1.6905    101.430      3.027  50646.968    31.7815     6.5958      3.000     6.5960    24.9366     6.7229     9.6077     96.589    292.941    300.245    0.00022    6.96033    9.94702  303.28554   15.63555 1.7320e+02     0.5829     0.3932    90.6385 0.0000e+00
        398 132.598753    0.02757     1.6543     99.259      4.040  50646.701    31.7809     6.5964      4.000     6.5968    24.9362     6.6947     9.5674     96.185    291.712    298.986   -0.00012    6.96028    9.94693  303.28321   15.63545 1.2846e+02     0.5972     0.3969    90.5525 0.0000e+00
        401 132.598761    0.02776     1.6658     99.945      5.054  50645.382    31.7797     6.5973      5.000     6.5961    24.9351     6.7043     9.5811     96.323    292.129    299.413    0.00068    6.96019    9.94681  303.27977   15.63529 1.0305e+02     0.5960     0.3930    90.6412 0.0000e+00
        403 132.598768    0.02794     1.6761    100.568      6.057  50640.310    31.7756     6.5963      6.000     6.5924    24.9319     6.7069     9.5849     96.357    292.245    299.531    0.00094    6.96054    9.94730  303.29596   15.63608 8.8460e+01     0.5977     0.3894    90.7224 0.0000e+00
        406 132.598775    0.02811     1.6865    101.192      7.057  50642.419    31.7758     6.5924      7.000     6.5887    24.9326     6.7031     9.5795     96.294    292.081    299.364    0.00030    6.96115    9.94819  303.32244   15.63734 7.9076e+01     0.6039     0.3892    90.7293 0.0000e+00
        409 132.598785    0.02833     1.7001    102.005      8.063  50646.020    31.7771     6.5884      8.000     6.5856    24.9341     6.7001     9.5751     96.242    291.948    299.227   -0.00023    6.96175    9.94904  303.34802   15.63856 7.5001e+01     0.6556     0.3855    90.8122 0.0000e+00
        414 132.598800    0.02870     1.7222    103.334      9.092  50648.104    31.7769     6.5820      9.000     6.5798    24.9348     6.6908     9.5619     96.094    291.542    298.811   -0.00108    6.96279    9.95053  303.39320   15.64071 7.7216e+01     0.8757     0.3823    90.8858 0.0000e+00
        419 132.598813    0.02901     1.7405    104.432     10.117  50656.184    31.7818     6.5805     10.000     6.5821    24.9389     6.6943     9.5669     96.145    291.695    298.969   -0.00065    6.96280    9.95053  303.39232   15.64065 7.3414e+01     0.9334     0.3911    90.6869 0.0000e+00
        421 132.598819    0.02916     1.7497    104.979     11.112  50655.158    31.7813     6.5841     11.000     6.5840    24.9380     6.6945     9.5670     96.155    291.701    298.975   -0.00043    6.96225    9.94974  303.36841   15.63951 6.7688e+01     1.0811     0.3909    90.6893 0.0000e+00
        423 132.598825    0.02931     1.7587    105.521     12.108  50652.850    31.7793     6.5848     12.000     6.5826    24.9364     6.6945     9.5670     96.154    291.700    298.974   -0.00053    6.96223    9.94972  303.36804   15.63950 6.1690e+01     1.1751     0.3902    90.7056 0.0000e+00
        425 132.598832    0.02947     1.7684    106.104     13.108  50653.461    31.7790     6.5835     13.000     6.5824    24.9363     6.6976     9.5714     96.194    291.834    299.111   -0.00032    6.96245    9.95004  303.37792   15.63997 5.6127e+01     1.2606     0.3893    90.7253 0.0000e+00
        429 132.598842    0.02971     1.7828    106.965     14.122  50657.613    31.7817     6.5851     14.000     6.5858    24.9383     6.7044     9.5813     96.300    292.134    299.420    0.00032    6.96206    9.94947  303.36014   15.63912 5.3024e+01     1.0979     0.3869    90.7798 0.0000e+00
        434 132.598856    0.03004     1.8023    108.138     15.153  50649.662    31.7760     6.5871     15.000     6.5833    24.9336     6.7082     9.5867     96.355    292.303    299.590    0.00058    6.96201    9.94940  303.35951   15.63911 5.0092e+01     1.1464     0.3851    90.8209 0.0000e+00
        437 132.598866    0.03027     1.8163    108.979     16.158  50654.604    31.7784     6.5836     16.000     6.5824    24.9359     6.6981     9.5724     96.204    291.862    299.139   -0.00050    6.96245    9.95004  303.37815   15.63999 4.5576e+01     1.2352     0.3870    90.7791 0.0000e+00
        440 132.598873    0.03047     1.8278    109.671     17.161  50656.240    31.7791     6.5840     17.000     6.5825    24.9364     6.6942     9.5667     96.148    291.689    298.963   -0.00103    6.96237    9.94992  303.37429   15.63980 4.1341e+01     1.2633     0.3890    90.7332 0.0000e+00
        442 132.598881    0.03065     1.8393    110.358     18.167  50654.446    31.7774     6.5840     18.000     6.5815    24.9351     6.7007     9.5761     96.241    291.975    299.256   -0.00037    6.96246    9.95004  303.37830   15.64000 3.6981e+01     1.3705     0.3906    90.6974 0.0000e+00
        445 132.598890    0.03085     1.8514    111.084     19.178  50655.533    31.7775     6.5827     19.000     6.5802    24.9352     6.7035     9.5801     96.279    292.097    299.380    0.00002    6.96264    9.95032  303.38660   15.64040 3.3192e+01     1.3781     0.3895    90.7219 0.0000e+00
        448 132.598899    0.03107     1.8645    111.871     20.187  50657.952    31.7784     6.5818     20.000     6.5802    24.9362     6.7009     9.5762     96.240    291.981    299.261   -0.00032    6.96275    9.95047  303.39101   15.64060 2.9707e+01     1.3564     0.3865    90.7891 0.0000e+00
        452 132.598909    0.03132     1.8790    112.742     21.196  50658.651    31.7785     6.5822     21.000     6.5806    24.9363     6.7020     9.5778     96.256    292.028    299.310   -0.00029    6.96267    9.95035  303.38763   15.64044 2.6657e+01     1.4304     0.3863    90.7951 0.0000e+00
        456 132.598921    0.03159     1.8955    113.728     22.209  50659.139    31.7784     6.5823     22.000     6.5801    24.9361     6.7007     9.5760     96.239    291.975    299.255   -0.00026    6.96266    9.95035  303.38725   15.64043 2.3848e+01     1.3976     0.3859    90.8032 0.0000e+00
        460 132.598932    0.03186     1.9117    114.699     23.220  50660.603    31.7789     6.5814     23.000     6.5791    24.9365     6.6944     9.5669     96.145    291.698    298.971   -0.00092    6.96279    9.95052  303.39273   15.64069 2.1311e+01     1.4041     0.3861    90.7990 0.0000e+00
        463 132.598942    0.03210     1.9263    115.580     24.232  50662.351    31.7795     6.5813     24.000     6.5799    24.9371     6.6970     9.5708     96.184    291.813    299.090   -0.00057    6.96279    9.95052  303.39231   15.64066 1.9097e+01     1.4927     0.3856    90.8094 0.0000e+00
        466 132.598951    0.03232     1.9394    116.365     25.246  50662.521    31.7794     6.5822     25.000     6.5803    24.9368     6.6968     9.5703     96.181    291.801    299.078   -0.00050    6.96265    9.95032  303.38645   15.64038 1.7119e+01     1.3532     0.3851    90.8219 0.0000e+00
        469 132.598958    0.03251     1.9505    117.030     26.247  50661.293    31.7781     6.5827     26.000     6.5804    24.9359     6.7007     9.5759     96.237    291.972    299.252   -0.00023    6.96261    9.95027  303.38532   15.64034 1.5266e+01     1.4401     0.3853    90.8168 0.0000e+00
        472 132.598966    0.03270     1.9618    117.707     27.249  50662.407    31.7784     6.5825     27.000     6.5795    24.9361     6.7022     9.5781     96.260    292.037    299.320   -0.00000    6.96264    9.95030  303.38589   15.64036 1.3639e+01     1.5143     0.3869    90.7804 0.0000e+00
        475 132.598976    0.03293     1.9758    118.551     28.258  50665.141    31.7796     6.5816     28.000     6.5795    24.9372     6.7004     9.5754     96.231    291.955    299.235   -0.00030    6.96274    9.95044  303.38994   15.64055 1.2295e+01     1.4562     0.3860    90.8008 0.0000e+00
        480 132.598989    0.03323     1.9938    119.628     29.282  50664.120    31.7787     6.5831     29.000     6.5807    24.9363     6.7027     9.5788     96.269    292.061    299.344   -0.00007    6.96253    9.95015  303.38138   15.64014 1.1108e+01     1.4716     0.3829    90.8696 0.0000e+00
        483 132.598999    0.03348     2.0089    120.537     30.292  50662.995    31.7774     6.5826     30.000     6.5797    24.9354     6.7019     9.5776     96.254    292.024    299.305   -0.00017    6.96266    9.95034  303.38730   15.64044 9.9358e+00     1.3749     0.3856    90.8114 0.0000e+00
        486 132.599008    0.03368     2.0210    121.259     31.295  50665.201    31.7784     6.5823     31.000     6.5799    24.9362     6.6959     9.5691     96.169    291.764    299.040   -0.00072    6.96266    9.95035  303.38729   15.64043 8.8044e+00     1.3552     0.3849    90.8252 0.0000e+00
        489 132.599016    0.03388     2.0326    121.957     32.303  50664.860    31.7777     6.5827     32.000     6.5797    24.9356     6.6959     9.5690     96.168    291.761    299.037   -0.00074    6.96263    9.95030  303.38613   15.64037 7.7991e+00     1.3968     0.3848    90.8284 0.0000e+00
        492 132.599024    0.03409     2.0450    122.700     33.309  50666.864    31.7786     6.5823     33.000     6.5800    24.9363     6.6960     9.5692     96.170    291.766    299.042   -0.00062    6.96266    9.95034  303.38705   15.64042 6.9407e+00     1.3550     0.3863    90.7953 0.0000e+00
        495 132.599035    0.03433     2.0599    123.592     34.318  50667.388    31.7787     6.5836     34.000     6.5810    24.9363     6.6971     9.5707     96.188    291.814    299.090   -0.00051    6.96245    9.95004  303.37789   15.63998 6.2058e+00     1.3715     0.3843    90.8412 0.0000e+00
        500 132.599047    0.03463     2.0777    124.662     35.337  50667.203    31.7780     6.5834     35.000     6.5796    24.9358     6.6974     9.5712     96.192    291.828    299.105   -0.00035    6.96251    9.95013  303.38079   15.64012 5.5451e+00     1.3442     0.3835    90.8579 0.0000e+00
        503 132.599058    0.03489     2.0933    125.599     36.350  50668.962    31.7786     6.5822     36.000     6.5789    24.9364     6.6971     9.5708     96.185    291.816    299.094   -0.00043    6.96269    9.95037  303.38817   15.64047 5.0009e+00     1.3751     0.3834    90.8602 0.0000e+00
        506 132.599066    0.03510     2.1062    126.369     37.358  50669.520    31.7785     6.5821     37.000     6.5789    24.9364     6.6994     9.5741     96.218    291.916    299.196   -0.00018    6.96271    9.95041  303.38929   15.64052 4.4633e+00     1.3736     0.3831    90.8680 0.0000e+00
        509 132.599075    0.03530     2.1177    127.060     38.356  50670.569    31.7787     6.5820     38.000     6.5783    24.9366     6.6965     9.5699     96.176    291.788    299.064   -0.00039    6.96271    9.95040  303.38898   15.64051 3.9997e+00     1.3680     0.3866    90.7859 0.0000e+00
        512 132.599084    0.03551     2.1308    127.847     39.367  50670.511    31.7781     6.5815     39.000     6.5780    24.9361     6.6983     9.5725     96.201    291.868    299.146   -0.00040    6.96281    9.95056  303.39386   15.64074 3.5908e+00     1.4102     0.3861    90.7983 0.0000e+00
        516 132.599094    0.03576     2.1457    128.743     40.387  50672.734    31.7791     6.5812     40.000     6.5777    24.9370     6.7020     9.5779     96.255    292.031    299.314    0.00001    6.96281    9.95056  303.39354   15.64072 3.2085e+00     1.4509     0.3850    90.8237 0.0000e+00
        519 132.599103    0.03598     2.1588    129.529     41.401  50673.222    31.7790     6.5811     41.000     6.5775    24.9369     6.7015     9.5771     96.246    292.005    299.287   -0.00010    6.96283    9.95058  303.39454   15.64077 2.8462e+00     1.3788     0.3869    90.7809 0.0000e+00
        522 132.599111    0.03616     2.1695    130.169     42.398  50675.940    31.7803     6.5810     42.000     6.5773    24.9380     6.6996     9.5744     96.221    291.924    299.204   -0.00026    6.96279    9.95053  303.39224   15.64066 2.5375e+00     1.3259     0.3823    90.8848 0.0000e+00
        524 132.599119    0.03635     2.1812    130.872     43.397  50675.375    31.7795     6.5810     43.000     6.5773    24.9374     6.6970     9.5707     96.183    291.813    299.090   -0.00059    6.96283    9.95059  303.39439   15.64076 2.2516e+00     1.4208     0.3829    90.8712 0.0000e+00
        529 132.599131    0.03665     2.1989    131.932     44.420  50677.201    31.7803     6.5813     44.000     6.5779    24.9380     6.6994     9.5741     96.218    291.915    299.195   -0.00033    6.96274    9.95045  303.39004   15.64055 2.0066e+00     1.4293     0.3796    90.9470 0.0000e+00
        533 132.599144    0.03695     2.2174    133.046     45.438  50679.790    31.7819     6.5822     45.000     6.5783    24.9391     6.6980     9.5722     96.202    291.855    299.133   -0.00033    6.96253    9.95015  303.38051   15.64009 1.7856e+00     1.4118     0.3770    91.0060 0.0000e+00
        537 132.599154    0.03719     2.2313    133.877     46.439  50677.522    31.7798     6.5821     46.000     6.5780    24.9375     6.6933     9.5653     96.131    291.648    298.921   -0.00077    6.96263    9.95030  303.38547   15.64033 1.5929e+00     1.3678     0.3808    90.9203 0.0000e+00
        540 132.599164    0.03742     2.2452    134.709     47.452  50677.875    31.7795     6.5821     47.000     6.5785    24.9373     6.6936     9.5659     96.136    291.665    298.938   -0.00067    6.96267    9.95034  303.38680   15.64040 1.4194e+00     1.3656     0.3829    90.8695 0.0000e+00
        543 132.599172    0.03763     2.2578    135.471     48.465  50678.503    31.7796     6.5827     48.000     6.5789    24.9373     6.6960     9.5692     96.171    291.766    299.041   -0.00044    6.96254    9.95016  303.38132   15.64014 1.2587e+00     1.2984     0.3836    90.8552 0.0000e+00
        546 132.599180    0.03782     2.2691    136.145     49.463  50680.459    31.7806     6.5831     49.000     6.5791    24.9380     6.6957     9.5688     96.169    291.753    299.029   -0.00043    6.96244    9.95003  303.37707   15.63993 1.1176e+00     1.5228     0.3847    90.8293 0.0000e+00
        549 132.599190    0.03805     2.2830    136.981     50.465  50679.061    31.7792     6.5834     50.000     6.5791    24.9369     6.6944     9.5670     96.150    291.698    298.972   -0.00053    6.96246    9.95004  303.37777   15.63997 1.0030e+00     1.4641     0.3839    90.8487 0.0000e+00
        554 132.599204    0.03840     2.3043    138.256     51.503  50682.102    31.7807     6.5833     51.000     6.5790    24.9382     6.6925     9.5642     96.123    291.613    298.885   -0.00051    6.96240    9.94997  303.37521   15.63984 9.0711e-01     1.3469     0.3793    90.9540 0.0000e+00
        557 132.599214    0.03863     2.3180    139.080     52.511  50680.916    31.7795     6.5834     52.000     6.5786    24.9372     6.6926     9.5645     96.124    291.620    298.892   -0.00065    6.96243    9.95002  303.37717   15.63994 8.0761e-01     1.3432     0.3843    90.8388 0.0000e+00
        560 132.599221    0.03879     2.3277    139.660     53.504  50682.899    31.7804     6.5831     53.000     6.5787    24.9378     6.6922     9.5638     96.119    291.602    298.874   -0.00049    6.96245    9.95005  303.37759   15.63996 7.1213e-01     1.3348     0.3886    90.7427 0.0000e+00
