CTD-processing/allCTD/CNV/2019_02-08_t3_s13_cast086_4141.cnv
* Sea-Bird SBE19plus Data File:
* FileName = C:\Users\Kim.Powell\Desktop\Not Processed\2019\2019_02-08\2019_02-08_TRANSECT_STATION_cast086.hex
* Software Version 1.59
* Temperature SN =  4141
* Conductivity SN =  4141
* System UpLoad Time = Mar 19 2019 08:49:02
** 2018_02-08
** Station: 3-13
** Start Time: 15:15
** Depth (m): 36
** Comment:
** Comment:
# nquan = 27
# nvalues = 27                          
# units = specified
# name 0 = scan: Scan Count
# name 1 = timeJ: Julian Days
# name 2 = timeH: Time, Elapsed [hours]
# name 3 = timeM: Time, Elapsed [minutes]
# name 4 = timeS: Time, Elapsed [seconds]
# name 5 = prdM: Pressure, Strain Gauge [db]
# name 6 = specc: Specific Conductance [uS/cm]
# name 7 = sal00: Salinity, Practical [PSU]
# name 8 = tv290C: Temperature [ITS-90, deg C]
# name 9 = depSM: Depth [salt water, m], lat = 59.00
# name 10 = potemp090C: Potential Temperature [ITS-90, deg C]
# name 11 = sigma-é00: Density [sigma-theta, kg/m^3]
# name 12 = sbeox0ML/L: Oxygen, SBE 43 [ml/l]
# name 13 = sbeox0Mg/L: Oxygen, SBE 43 [mg/l]
# name 14 = sbeox0PS: Oxygen, SBE 43 [% saturation]
# name 15 = sbox0Mm/Kg: Oxygen, SBE 43 [umol/kg]
# name 16 = sbeox0Mm/L: Oxygen, SBE 43 [umol/l]
# name 17 = sbox0dV/dT: Oxygen, SBE 43 [dov/dt]
# name 18 = oxsolML/L: Oxygen Saturation, Garcia & Gordon [ml/l]
# name 19 = oxsolMg/L: Oxygen Saturation, Garcia & Gordon [mg/l]
# name 20 = oxsolMm/Kg: Oxygen Saturation, Garcia & Gordon [umol/kg]
# name 21 = n2satMg/L: Nitrogen Saturation [mg/l]
# name 22 = par: PAR/Irradiance, Biospherical/Licor
# name 23 = wetStar: Fluorescence, WET Labs WETstar [mg/m^3]
# name 24 = CStarAt0: Beam Attenuation, WET Labs C-Star [1/m]
# name 25 = CStarTr0: Beam Transmission, WET Labs C-Star [%]
# name 26 = flag: flag
# span 0 =        239,        463       
# span 1 =  39.636591,  39.637241       
# span 2 =    0.01651,    0.03212       
# span 3 =     0.9903,     1.9268       
# span 4 =     59.418,    115.607       
# span 5 =      1.029,     27.252       
# span 6 =  50366.520,  50451.109       
# span 7 =    31.3111,    31.3433       
# span 8 =     5.0646,     5.1912       
# span 9 =      1.000,     27.000       
# span 10 =     5.1352,     5.1899      
# span 11 =    24.7314,    24.7700      
# span 12 =     6.5189,     6.6319      
# span 13 =     9.3162,     9.4777      
# span 14 =     90.086,     91.893      
# span 15 =    284.097,    289.034      
# span 16 =    291.133,    296.183      
# span 17 =   -0.00079,    0.00062      
# span 18 =    7.21686,    7.23746      
# span 19 =   10.31362,   10.34304      
# span 20 =  314.52574,  315.41193      
# span 21 =   16.17297,   16.21502      
# span 22 = 5.5580e-01, 7.1616e+01      
# span 23 =     0.5434,     0.6536      
# span 24 =     0.5127,     4.2568      
# span 25 =    64.5541,    87.9711      
# span 26 = 0.0000e+00, 0.0000e+00      
# interval = meters: 1                  
# start_time = Feb 08 2019 15:15:42 [Instrument's time stamp, header]
# bad_flag = -9.990e-29
*END*
        239  39.636591    0.01651     0.9903     59.418      1.029  50451.109    31.3433     5.0646      1.000     5.1352    24.7700     6.5189     9.3162     90.086    284.097    291.133    0.00047    7.23746   10.34304  315.41193   16.21502 7.1616e+01     0.5434     4.2568    64.5541 0.0000e+00
        312  39.636802    0.02159     1.2952     77.710      2.016  50371.877    31.3139     5.1831      2.000     5.1866    24.7343     6.6166     9.4558     91.666    288.365    295.497    0.00062    7.21824   10.31559  314.58574   16.17583 4.9776e+01     0.5851     0.8929    82.5300 0.0000e+00
        321  39.636828    0.02220     1.3320     79.918      3.032  50366.520    31.3111     5.1896      3.000     5.1893    24.7314     6.6148     9.4532     91.653    288.288    295.418   -0.00006    7.21725   10.31417  314.54338   16.17382 3.9613e+01     0.6084     0.6512    84.9810 0.0000e+00
        325  39.636841    0.02253     1.3517     81.101      4.034  50367.440    31.3113     5.1895      4.000     5.1892    24.7315     6.6103     9.4467     91.590    288.090    295.215   -0.00050    7.21726   10.31418  314.54359   16.17383 3.1188e+01     0.6144     0.5954    86.1696 0.0000e+00
        331  39.636857    0.02289     1.3732     82.390      5.049  50368.726    31.3117     5.1895      5.000     5.1891    24.7319     6.6122     9.4495     91.617    288.173    295.300   -0.00032    7.21724   10.31416  314.54279   16.17379 2.6861e+01     0.6156     0.5740    86.6333 0.0000e+00
        335  39.636870    0.02321     1.3926     83.556      6.058  50368.968    31.3113     5.1894      6.000     5.1886    24.7316     6.6233     9.4653     91.769    288.655    295.794    0.00058    7.21728   10.31422  314.54474   16.17388 2.2690e+01     0.6085     0.5700    86.7188 0.0000e+00
        340  39.636883    0.02352     1.4113     84.676      7.064  50369.514    31.3111     5.1887      7.000     5.1880    24.7314     6.6260     9.4692     91.805    288.774    295.916    0.00059    7.21739   10.31438  314.54953   16.17411 1.9409e+01     0.6224     0.5665    86.7956 0.0000e+00
        345  39.636897    0.02387     1.4323     85.937      8.077  50371.682    31.3120     5.1886      8.000     5.1882    24.7322     6.6269     9.4704     91.818    288.812    295.955    0.00046    7.21739   10.31437  314.54919   16.17410 1.6590e+01     0.6179     0.5643    86.8431 0.0000e+00
        349  39.636911    0.02420     1.4518     87.107      9.085  50373.003    31.3126     5.1891      9.000     5.1887    24.7326     6.6239     9.4664     91.779    288.686    295.826    0.00003    7.21726   10.31419  314.54338   16.17381 1.4030e+01     0.6281     0.5548    87.0486 0.0000e+00
        354  39.636924    0.02452     1.4711     88.265     10.092  50374.104    31.3129     5.1897     10.000     5.1893    24.7329     6.6266     9.4700     91.817    288.798    295.941    0.00011    7.21715   10.31402  314.53838   16.17357 1.1917e+01     0.6321     0.5528    87.0909 0.0000e+00
        359  39.636940    0.02488     1.4928     89.571     11.103  50372.959    31.3117     5.1899     11.000     5.1888    24.7319     6.6289     9.4734     91.849    288.902    296.047    0.00021    7.21717   10.31406  314.53978   16.17365 1.0105e+01     0.6282     0.5444    87.2744 0.0000e+00
        365  39.636955    0.02526     1.5157     90.942     12.123  50375.109    31.3126     5.1893     12.000     5.1888    24.7327     6.6275     9.4714     91.829    288.841    295.985   -0.00001    7.21723   10.31414  314.54210   16.17375 8.4360e+00     0.6536     0.5328    87.5303 0.0000e+00
        369  39.636967    0.02554     1.5323     91.939     13.115  50376.036    31.3130     5.1903     13.000     5.1897    24.7328     6.6251     9.4679     91.798    288.734    295.875   -0.00027    7.21704   10.31386  314.53337   16.17334 7.1420e+00     0.6469     0.5321    87.5450 0.0000e+00
        374  39.636983    0.02593     1.5559     93.354     14.138  50376.206    31.3127     5.1909     14.000     5.1899    24.7326     6.6253     9.4682     91.802    288.745    295.887   -0.00021    7.21695   10.31374  314.52994   16.17317 6.0535e+00     0.6236     0.5194    87.8226 0.0000e+00
        379  39.636997    0.02626     1.5758     94.550     15.139  50376.968    31.3128     5.1910     15.000     5.1897    24.7326     6.6220     9.4635     91.757    288.601    295.739   -0.00046    7.21692   10.31371  314.52889   16.17313 5.0623e+00     0.6352     0.5237    87.7280 0.0000e+00
        384  39.637012    0.02663     1.5979     95.874     16.150  50377.788    31.3127     5.1905     16.000     5.1891    24.7327     6.6257     9.4688     91.807    288.762    295.904   -0.00015    7.21702   10.31384  314.53294   16.17332 4.2383e+00     0.6453     0.5260    87.6776 0.0000e+00
        390  39.637029    0.02704     1.6225     97.347     17.159  50379.161    31.3131     5.1902     17.000     5.1890    24.7330     6.6276     9.4715     91.832    288.844    295.988   -0.00003    7.21704   10.31388  314.53382   16.17336 3.5202e+00     0.6385     0.5217    87.7720 0.0000e+00
        396  39.637047    0.02746     1.6474     98.843     18.184  50379.248    31.3127     5.1904     18.000     5.1892    24.7327     6.6285     9.4728     91.846    288.885    296.030    0.00003    7.21703   10.31386  314.53356   16.17335 2.8989e+00     0.6437     0.5172    87.8706 0.0000e+00
        401  39.637061    0.02779     1.6672    100.034     19.177  50379.722    31.3125     5.1905     19.000     5.1890    24.7325     6.6267     9.4703     91.821    288.808    295.951   -0.00019    7.21703   10.31386  314.53335   16.17334 2.4626e+00     0.6359     0.5131    87.9601 0.0000e+00
        407  39.637078    0.02821     1.6924    101.546     20.194  50381.492    31.3133     5.1904     20.000     5.1890    24.7331     6.6313     9.4769     91.885    289.009    296.157    0.00016    7.21701   10.31382  314.53220   16.17328 2.0553e+00     0.6383     0.5154    87.9098 0.0000e+00
        412  39.637092    0.02855     1.7130    102.781     21.200  50381.299    31.3127     5.1905     21.000     5.1891    24.7327     6.6319     9.4777     91.893    289.034    296.183    0.00013    7.21701   10.31383  314.53244   16.17330 1.7216e+00     0.6238     0.5164    87.8886 0.0000e+00
        417  39.637106    0.02889     1.7334    104.006     22.202  50382.265    31.3129     5.1908     22.000     5.1891    24.7328     6.6272     9.4709     91.828    288.828    295.972   -0.00034    7.21696   10.31376  314.53030   16.17319 1.4255e+00     0.6368     0.5127    87.9711 0.0000e+00
        423  39.637123    0.02929     1.7571    105.424     23.224  50384.163    31.3137     5.1906     23.000     5.1890    24.7335     6.6208     9.4618     91.739    288.546    295.684   -0.00079    7.21694   10.31374  314.52929   16.17314 1.1786e+00     0.6378     0.5183    87.8468 0.0000e+00
        428  39.637137    0.02962     1.7772    106.635     24.226  50384.717    31.3137     5.1908     24.000     5.1892    24.7333     6.6256     9.4686     91.806    288.757    295.898   -0.00025    7.21692   10.31370  314.52839   16.17310 9.7215e-01     0.6425     0.5145    87.9294 0.0000e+00
        432  39.637151    0.02995     1.7971    107.823     25.251  50385.187    31.3136     5.1912     25.000     5.1893    24.7333     6.6225     9.4642     91.764    288.621    295.760   -0.00055    7.21686   10.31362  314.52574   16.17297 7.9864e-01     0.6478     0.5190    87.8313 0.0000e+00
        436  39.637161    0.03020     1.8119    108.714     26.236  50385.244    31.3130     5.1907     26.000     5.1883    24.7329     6.6296     9.4744     91.862    288.933    296.079    0.00009    7.21696   10.31376  314.53027   16.17319 6.7119e-01     0.6464     0.5233    87.7364 0.0000e+00
        463  39.637241    0.03212     1.9268    115.607     27.252  50388.047    31.3140     5.1886     27.000     5.1870    24.7340     6.6256     9.4686     91.801    288.755    295.897   -0.00019    7.21729   10.31422  314.54398   16.17384 5.5580e-01     0.6383     0.5160    87.8964 0.0000e+00
