CTD-processing/allCTD/CNV/2019_10-30_alongbay_kb12_cast002_4141.cnv
* Sea-Bird SBE19plus Data File:
* FileName = C:\Users\Chris\Desktop\EVOSTC GWA LTM\CTD Data\2019_10-30_AlongBay\2019_10-30_AlongBay_KB0_Cast002.hex
* Software Version 1.59
* Temperature SN =  4141
* Conductivity SN =  4141
* System UpLoad Time = Nov 01 2019 13:11:20
** Cook Inlet LTM AlongBay
** Date: 2019_10-30
** Station:12
** Start Time: (AKST):10:52
** Depth (m):72
** Comment:
** Comment:
# nquan = 27
# nvalues = 71                          
# units = specified
# name 0 = scan: Scan Count
# name 1 = timeJ: Julian Days
# name 2 = timeH: Time, Elapsed [hours]
# name 3 = timeM: Time, Elapsed [minutes]
# name 4 = timeS: Time, Elapsed [seconds]
# name 5 = prdM: Pressure, Strain Gauge [db]
# name 6 = specc: Specific Conductance [uS/cm]
# name 7 = sal00: Salinity, Practical [PSU]
# name 8 = tv290C: Temperature [ITS-90, deg C]
# name 9 = depSM: Depth [salt water, m], lat = 59.00
# name 10 = potemp090C: Potential Temperature [ITS-90, deg C]
# name 11 = sigma-é00: Density [sigma-theta, kg/m^3]
# name 12 = sbeox0ML/L: Oxygen, SBE 43 [ml/l]
# name 13 = sbeox0Mg/L: Oxygen, SBE 43 [mg/l]
# name 14 = sbeox0PS: Oxygen, SBE 43 [% saturation]
# name 15 = sbox0Mm/Kg: Oxygen, SBE 43 [umol/kg]
# name 16 = sbeox0Mm/L: Oxygen, SBE 43 [umol/l]
# name 17 = sbox0dV/dT: Oxygen, SBE 43 [dov/dt]
# name 18 = oxsolML/L: Oxygen Saturation, Garcia & Gordon [ml/l]
# name 19 = oxsolMg/L: Oxygen Saturation, Garcia & Gordon [mg/l]
# name 20 = oxsolMm/Kg: Oxygen Saturation, Garcia & Gordon [umol/kg]
# name 21 = n2satMg/L: Nitrogen Saturation [mg/l]
# name 22 = par: PAR/Irradiance, Biospherical/Licor
# name 23 = wetStar: Fluorescence, WET Labs WETstar [mg/m^3]
# name 24 = CStarAt0: Beam Attenuation, WET Labs C-Star [1/m]
# name 25 = CStarTr0: Beam Transmission, WET Labs C-Star [%]
# name 26 = flag: flag
# span 0 =        237,        673       
# span 1 = 303.453762, 303.455022       
# span 2 =    0.01640,    0.04665       
# span 3 =     0.9842,     2.7987       
# span 4 =     59.054,    167.923       
# span 5 =      1.020,     71.664       
# span 6 =  44259.421,  48844.090       
# span 7 =    27.5845,    30.8465       
# span 8 =     7.9611,     8.7644       
# span 9 =      1.000,     71.000       
# span 10 =     8.0116,     8.7571      
# span 11 =    21.4616,    23.9041      
# span 12 =     5.2670,     6.2018      
# span 13 =     7.5270,     8.8630      
# span 14 =     79.023,     89.443      
# span 15 =    229.729,    271.157      
# span 16 =    235.220,    276.974      
# span 17 =   -0.01207,    0.00676      
# span 18 =    6.66505,    6.93295      
# span 19 =    9.52502,    9.90789      
# span 20 =  290.71191,  303.12089      
# span 21 =   15.03931,   15.64515      
# span 22 = 3.6170e-02, 2.8003e+01      
# span 23 =     0.4005,     0.8282      
# span 24 =     1.1058,     4.1022      
# span 25 =    35.8385,    75.8466      
# span 26 = 0.0000e+00, 0.0000e+00      
# interval = meters: 1                  
# start_time = Oct 30 2019 10:52:26 [Instrument's time stamp, header]
# bad_flag = -9.990e-29
*END*
[from data line 54]
        587 303.454774    0.04069     2.4414    146.483     55.528  48800.879    30.8178     8.7276     55.000     8.7237    23.8868     5.4012     7.7189     80.956    235.589    241.217   -0.00219    6.67178    9.53464  291.01028   15.05368 3.6170e-02     0.4005     1.1885    74.2957 0.0000e+00
        592 303.454789    0.04104     2.4627    147.763     56.534  48808.386    30.8233     8.7324     56.000     8.7285    23.8904     5.3899     7.7026     80.798    235.095    240.712   -0.00251    6.67081    9.53325  290.96704   15.05159 3.6170e-02     0.4154     1.2648    72.8924 0.0000e+00
        598 303.454805    0.04144     2.4864    149.185     57.548  48822.131    30.8333     8.7385     57.000     8.7359    23.8974     5.3780     7.6857     80.637    234.576    240.182   -0.00260    6.66948    9.53135  290.90700   15.04868 3.6170e-02     0.5281     1.3119    72.0406 0.0000e+00
        603 303.454820    0.04180     2.5079    150.474     58.554  48829.205    30.8390     8.7468     58.000     8.7433    23.9006     5.3588     7.6582     80.366    233.737    239.324   -0.00337    6.66798    9.52921  290.84081   15.04550 3.6170e-02     0.5488     1.4030    70.4163 0.0000e+00
        608 303.454836    0.04218     2.5310    151.859     59.567  48831.365    30.8409     8.7523     59.000     8.7479    23.9013     5.3349     7.6241     80.018    232.695    238.256   -0.00430    6.66708    9.52792  290.80116   15.04359 3.6170e-02     0.5479     1.4109    70.2771 0.0000e+00
        614 303.454852    0.04255     2.5529    153.175     60.574  48831.727    30.8412     8.7555     60.000     8.7499    23.9010     5.3120     7.5914     79.681    231.697    237.235   -0.00499    6.66659    9.52722  290.77977   15.04257 3.6170e-02     0.5343     1.4536    69.5314 0.0000e+00
        619 303.454868    0.04294     2.5759    154.556     61.587  48833.871    30.8424     8.7567     61.000     8.7510    23.9019     5.2999     7.5741     79.503    231.169    236.695   -0.00436    6.66636    9.52689  290.76959   15.04208 3.6170e-02     0.5056     1.4529    69.5439 0.0000e+00
        624 303.454882    0.04328     2.5971    155.823     62.593  48834.302    30.8425     8.7579     62.000     8.7519    23.9017     5.3009     7.5755     79.520    231.212    236.738   -0.00291    6.66616    9.52662  290.76135   15.04169 3.6170e-02     0.5300     1.4763    69.1378 0.0000e+00
        630 303.454898    0.04367     2.6200    157.199     63.606  48834.702    30.8424     8.7587     63.000     8.7526    23.9016     5.2997     7.5737     79.502    231.156    236.681   -0.00200    6.66607    9.52647  290.75678   15.04147 3.6170e-02     0.5147     1.4702    69.2436 0.0000e+00
        635 303.454913    0.04403     2.6415    158.490     64.614  48836.922    30.8437     8.7594     64.000     8.7533    23.9024     5.2944     7.5662     79.425    230.929    236.449   -0.00185    6.66590    9.52625  290.74964   15.04112 3.6170e-02     0.5359     1.4936    68.8394 0.0000e+00
        640 303.454929    0.04440     2.6638    159.828     65.623  48837.060    30.8435     8.7605     65.000     8.7541    23.9022     5.2902     7.5602     79.364    230.746    236.261   -0.00167    6.66575    9.52602  290.74304   15.04081 3.6170e-02     0.5463     1.5045    68.6513 0.0000e+00
        646 303.454945    0.04479     2.6872    161.232     66.637  48837.742    30.8436     8.7610     66.000     8.7545    23.9022     5.2896     7.5593     79.355    230.716    236.231   -0.00116    6.66566    9.52590  290.73924   15.04063 3.6170e-02     0.5260     1.4935    68.8404 0.0000e+00
        651 303.454959    0.04514     2.7084    162.501     67.640  48840.275    30.8450     8.7617     67.000     8.7554    23.9032     5.2919     7.5627     79.393    230.820    236.338   -0.00062    6.66550    9.52566  290.73163   15.04026 3.6170e-02     0.5622     1.5421    68.0094 0.0000e+00
        657 303.454976    0.04554     2.7321    163.924     68.655  48841.761    30.8458     8.7631     68.000     8.7564    23.9037     5.2897     7.5596     79.363    230.725    236.240   -0.00059    6.66526    9.52532  290.72106   15.03975 3.6170e-02     0.5597     1.6147    66.7877 0.0000e+00
        662 303.454991    0.04589     2.7535    165.208     69.662  48843.249    30.8465     8.7636     69.000     8.7568    23.9041     5.2785     7.5436     79.196    230.237    235.741   -0.00144    6.66515    9.52516  290.71622   15.03952 3.6170e-02     0.5713     1.7375    64.7687 0.0000e+00
        667 303.455007    0.04627     2.7761    166.564     70.673  48843.442    30.8462     8.7641     70.000     8.7571    23.9039     5.2731     7.5358     79.115    230.000    235.497   -0.00156    6.66509    9.52508  290.71376   15.03940 3.6170e-02     0.5735     1.8018    63.7352 0.0000e+00
        673 303.455022    0.04665     2.7987    167.923     71.664  48844.090    30.8463     8.7644     71.000     8.7571    23.9039     5.2670     7.5270     79.023    229.729    235.220   -0.00142    6.66505    9.52502  290.71191   15.03931 3.6170e-02     0.5737     1.8161    63.5067 0.0000e+00
