CTD-processing/allCTD/CNV/2019_02-07_t4_s09_cast046_4141.cnv
* Sea-Bird SBE19plus Data File:
* FileName = C:\Users\Kim.Powell\Desktop\Not Processed\2019\2019_02-08\2019_02-08_TRANSECT_STATION_cast046.hex
* Software Version 1.59
* Temperature SN =  4141
* Conductivity SN =  4141
* System UpLoad Time = Mar 19 2019 08:06:55
** 2018_02-07
** Station: 4-09
** Start Time: 10:41
** Depth (m): 25
** Comment: 2 otters
** Comment:
# nquan = 27
# nvalues = 24                          
# units = specified
# name 0 = scan: Scan Count
# name 1 = timeJ: Julian Days
# name 2 = timeH: Time, Elapsed [hours]
# name 3 = timeM: Time, Elapsed [minutes]
# name 4 = timeS: Time, Elapsed [seconds]
# name 5 = prdM: Pressure, Strain Gauge [db]
# name 6 = specc: Specific Conductance [uS/cm]
# name 7 = sal00: Salinity, Practical [PSU]
# name 8 = tv290C: Temperature [ITS-90, deg C]
# name 9 = depSM: Depth [salt water, m], lat = 59.00
# name 10 = potemp090C: Potential Temperature [ITS-90, deg C]
# name 11 = sigma-é00: Density [sigma-theta, kg/m^3]
# name 12 = sbeox0ML/L: Oxygen, SBE 43 [ml/l]
# name 13 = sbeox0Mg/L: Oxygen, SBE 43 [mg/l]
# name 14 = sbeox0PS: Oxygen, SBE 43 [% saturation]
# name 15 = sbox0Mm/Kg: Oxygen, SBE 43 [umol/kg]
# name 16 = sbeox0Mm/L: Oxygen, SBE 43 [umol/l]
# name 17 = sbox0dV/dT: Oxygen, SBE 43 [dov/dt]
# name 18 = oxsolML/L: Oxygen Saturation, Garcia & Gordon [ml/l]
# name 19 = oxsolMg/L: Oxygen Saturation, Garcia & Gordon [mg/l]
# name 20 = oxsolMm/Kg: Oxygen Saturation, Garcia & Gordon [umol/kg]
# name 21 = n2satMg/L: Nitrogen Saturation [mg/l]
# name 22 = par: PAR/Irradiance, Biospherical/Licor
# name 23 = wetStar: Fluorescence, WET Labs WETstar [mg/m^3]
# name 24 = CStarAt0: Beam Attenuation, WET Labs C-Star [1/m]
# name 25 = CStarTr0: Beam Transmission, WET Labs C-Star [%]
# name 26 = flag: flag
# span 0 =        134,        407       
# span 1 =  38.445349,  38.446139       
# span 2 =    0.00922,    0.02819       
# span 3 =     0.5536,     1.6913       
# span 4 =     33.214,    101.480       
# span 5 =      1.023,     24.138       
# span 6 =  50244.876,  50308.024       
# span 7 =    31.0120,    31.0746       
# span 8 =     4.1989,     4.4372       
# span 9 =      1.000,     24.000       
# span 10 =     4.2012,     4.4352      
# span 11 =    24.5962,    24.6345      
# span 12 =     5.9917,     6.9140      
# span 13 =     8.5628,     9.8807      
# span 14 =     80.901,     93.374      
# span 15 =    261.167,    301.362      
# span 16 =    267.591,    308.777      
# span 17 =   -0.00114,    0.00460      
# span 18 =    7.36089,    7.40651      
# span 19 =   10.51943,   10.58465      
# span 20 =  320.83807,  322.83432      
# span 21 =   16.47434,   16.56951      
# span 22 = 1.3438e+00, 8.1284e+01      
# span 23 =     0.5412,     0.8458      
# span 24 =     0.5125,     2.1941      
# span 25 =    63.9328,    87.2036      
# span 26 = 0.0000e+00, 0.0000e+00      
# interval = meters: 1                  
# start_time = Feb 07 2019 10:40:45 [Instrument's time stamp, header]
# bad_flag = -9.990e-29
*END*
        134  38.445349    0.00922     0.5536     33.214      1.023  50244.876    31.0120     4.1989      1.000     4.2012    24.5962     5.9917     8.5628     80.901    261.167    267.591    0.00263    7.40651   10.58465  322.83432   16.56951 8.1284e+01     0.5412     2.1941    63.9328 0.0000e+00
        297  38.445822    0.02055     1.2332     73.990      2.017  50251.344    31.0181     4.2085      2.000     4.2078    24.6001     6.9140     9.8807     93.374    301.362    308.777    0.00460    7.40447   10.58174  322.74436   16.56520 7.7131e+01     0.6962     0.5125    87.2036 0.0000e+00
        293  38.445811    0.02031     1.2184     73.107      3.029  50268.394    31.0306     4.2143      3.000     4.2214    24.6094     6.8460     9.7836     92.478    298.398    305.742    0.00198    7.40282   10.57936  322.66897   16.56157 5.6851e+01     0.6651     0.5966    86.1438 0.0000e+00
        298  38.445825    0.02064     1.2386     74.318      4.034  50253.821    31.0228     4.2259      4.000     4.2254    24.6021     6.8519     9.7920     92.579    298.657    306.005    0.00188    7.40111   10.57693  322.59705   16.55817 4.5434e+01     0.7064     0.5949    86.1796 0.0000e+00
        304  38.445842    0.02104     1.2624     75.742      5.052  50260.875    31.0272     4.2261      5.000     4.2289    24.6055     6.8493     9.7883     92.547    298.544    305.890    0.00108    7.40087   10.57658  322.58536   16.55760 3.7585e+01     0.7516     0.5928    86.2261 0.0000e+00
        309  38.445857    0.02141     1.2843     77.058      6.055  50256.213    31.0245     4.2306      6.000     4.2316    24.6030     6.8397     9.7746     92.426    298.125    305.459    0.00002    7.40018   10.57560  322.55627   16.55623 3.0451e+01     0.7768     0.5903    86.2805 0.0000e+00
        315  38.445874    0.02180     1.3079     78.476      7.066  50258.338    31.0265     4.2354      7.000     4.2372    24.6042     6.8383     9.7727     92.420    298.067    305.400   -0.00006    7.39922   10.57423  322.51404   16.55422 2.5164e+01     0.8141     0.5916    86.2507 0.0000e+00
        320  38.445889    0.02218     1.3309     79.854      8.075  50253.741    31.0243     4.2416      8.000     4.2397    24.6019     6.8378     9.7719     92.425    298.043    305.375   -0.00008    7.39820   10.57277  322.47037   16.55215 2.1441e+01     0.8192     0.5882    86.3247 0.0000e+00
        326  38.445906    0.02258     1.3547     81.284      9.086  50251.893    31.0209     4.2341      9.000     4.2317    24.5998     6.8347     9.7675     92.365    297.910    305.238   -0.00042    7.39973   10.57495  322.53749   16.55535 1.7886e+01     0.8120     0.5883    86.3241 0.0000e+00
        331  38.445921    0.02294     1.3763     82.581     10.095  50270.900    31.0338     4.2363     10.000     4.2453    24.6099     6.8309     9.7620     92.325    297.739    305.066   -0.00060    7.39870   10.57348  322.48934   16.55301 1.5172e+01     0.8257     0.5873    86.3455 0.0000e+00
        337  38.445938    0.02335     1.4010     84.063     11.104  50308.024    31.0720     4.2952     11.000     4.3179    24.6345     6.8421     9.7781     92.633    298.222    305.568    0.00112    7.38622   10.55564  321.93763   16.52662 1.2890e+01     0.8458     0.5857    86.3787 0.0000e+00
        343  38.445955    0.02374     1.4244     85.464     12.111  50267.095    31.0528     4.3359     12.000     4.3401    24.6154     6.8489     9.7876     92.804    298.520    305.868    0.00190    7.37987   10.54657  321.66696   16.51382 1.0706e+01     0.8022     0.5880    86.3289 0.0000e+00
        349  38.445971    0.02415     1.4490     86.943     13.125  50275.417    31.0620     4.3534     13.000     4.3603    24.6208     6.8144     9.7385     92.383    297.020    304.333   -0.00107    7.37629   10.54146  321.50928   16.50629 9.0464e+00     0.7748     0.5901    86.2836 0.0000e+00
        355  38.445989    0.02456     1.4740     88.441     14.135  50270.636    31.0636     4.3770     14.000     4.3812    24.6198     6.8063     9.7268     92.326    296.663    303.968   -0.00114    7.37198   10.53530  321.32169   16.49736 7.6253e+00     0.7584     0.5931    86.2197 0.0000e+00
        360  38.446003    0.02490     1.4942     89.654     15.142  50264.917    31.0606     4.3835     15.000     4.3853    24.6168     6.8086     9.7302     92.371    296.769    304.074   -0.00048    7.37097   10.53385  321.27852   16.49532 6.3970e+00     0.7629     0.5986    86.1010 0.0000e+00
        364  38.446017    0.02524     1.5141     90.848     16.148  50280.717    31.0746     4.4001     16.000     4.4067    24.6263     6.8033     9.7226     92.345    296.535    303.837   -0.00062    7.36732   10.52863  321.11645   16.48755 5.4271e+00     0.7578     0.6022    86.0234 0.0000e+00
        370  38.446033    0.02563     1.5376     92.255     17.161  50270.702    31.0705     4.4142     17.000     4.4162    24.6216     6.8058     9.7262     92.407    296.644    303.949   -0.00007    7.36500   10.52532  321.01682   16.48283 4.5718e+00     0.7380     0.6019    86.0304 0.0000e+00
        375  38.446048    0.02599     1.5597     93.584     18.175  50273.355    31.0741     4.4244     18.000     4.4271    24.6235     6.7994     9.7170     92.346    296.363    303.660   -0.00048    7.36299   10.52244  320.92869   16.47863 3.8177e+00     0.7397     0.6081    85.8960 0.0000e+00
        380  38.446062    0.02631     1.5787     94.721     19.176  50268.242    31.0716     4.4313     19.000     4.4312    24.6208     6.8011     9.7195     92.383    296.439    303.738   -0.00020    7.36190   10.52089  320.88212   16.47642 3.1986e+00     0.7239     0.6145    85.7597 0.0000e+00
        385  38.446076    0.02667     1.6002     96.012     20.191  50268.418    31.0720     4.4348     20.000     4.4346    24.6209     6.7934     9.7084     92.286    296.102    303.393   -0.00068    7.36124   10.51994  320.85307   16.47503 2.7018e+00     0.7136     0.6150    85.7491 0.0000e+00
        391  38.446093    0.02706     1.6235     97.409     21.205  50266.460    31.0706     4.4365     21.000     4.4351    24.6195     6.7906     9.7044     92.250    295.979    303.266   -0.00074    7.36101   10.51962  320.84383   16.47460 2.2736e+00     0.7074     0.6138    85.7749 0.0000e+00
        395  38.446105    0.02736     1.6417     98.503     22.200  50268.125    31.0713     4.4366     22.000     4.4352    24.6201     6.7851     9.6965     92.177    295.741    303.021   -0.00101    7.36097   10.51956  320.84150   16.47449 1.9059e+00     0.6882     0.6201    85.6389 0.0000e+00
        401  38.446122    0.02776     1.6654     99.923     23.220  50268.818    31.0712     4.4367     23.000     4.4352    24.6200     6.7900     9.7035     92.243    295.953    303.240   -0.00047    7.36094   10.51953  320.84072   16.47445 1.6089e+00     0.7068     0.6152    85.7445 0.0000e+00
        407  38.446139    0.02819     1.6913    101.480     24.138  50268.626    31.0707     4.4372     24.000 -9.990e-29    24.6196     6.7988     9.7161     92.364    296.337    303.633    0.00063    7.36089   10.51943  320.83807   16.47434 1.3438e+00     0.6886     0.6133    85.7834 0.0000e+00
