CTD-processing/allCTD/CNV/2019_05-14_t09_s05_cast210_4141.cnv
* Sea-Bird SBE19plus Data File:
* FileName = C:\Users\jwschloemer\Documents\CTD Data\2019_05-14_AlongBay_T4_T9_T3\2019_15-14_T09_S10_Cast210.hex
* Software Version 1.59
* Temperature SN =  4141
* Conductivity SN =  4141
* System UpLoad Time = May 15 2019 17:34:50
** Cook Inlet LTM Transect 9
** Date: 2019_05_14
** Station:05
** Start Time (AKST):18:15
** Depth (m):95
** Comment:
# nquan = 27
# nvalues = 91                          
# units = specified
# name 0 = scan: Scan Count
# name 1 = timeJ: Julian Days
# name 2 = timeH: Time, Elapsed [hours]
# name 3 = timeM: Time, Elapsed [minutes]
# name 4 = timeS: Time, Elapsed [seconds]
# name 5 = prdM: Pressure, Strain Gauge [db]
# name 6 = specc: Specific Conductance [uS/cm]
# name 7 = sal00: Salinity, Practical [PSU]
# name 8 = tv290C: Temperature [ITS-90, deg C]
# name 9 = depSM: Depth [salt water, m], lat = 59.00
# name 10 = potemp090C: Potential Temperature [ITS-90, deg C]
# name 11 = sigma-é00: Density [sigma-theta, kg/m^3]
# name 12 = sbeox0ML/L: Oxygen, SBE 43 [ml/l]
# name 13 = sbeox0Mg/L: Oxygen, SBE 43 [mg/l]
# name 14 = sbeox0PS: Oxygen, SBE 43 [% saturation]
# name 15 = sbox0Mm/Kg: Oxygen, SBE 43 [umol/kg]
# name 16 = sbeox0Mm/L: Oxygen, SBE 43 [umol/l]
# name 17 = sbox0dV/dT: Oxygen, SBE 43 [dov/dt]
# name 18 = oxsolML/L: Oxygen Saturation, Garcia & Gordon [ml/l]
# name 19 = oxsolMg/L: Oxygen Saturation, Garcia & Gordon [mg/l]
# name 20 = oxsolMm/Kg: Oxygen Saturation, Garcia & Gordon [umol/kg]
# name 21 = n2satMg/L: Nitrogen Saturation [mg/l]
# name 22 = par: PAR/Irradiance, Biospherical/Licor
# name 23 = wetStar: Fluorescence, WET Labs WETstar [mg/m^3]
# name 24 = CStarAt0: Beam Attenuation, WET Labs C-Star [1/m]
# name 25 = CStarTr0: Beam Transmission, WET Labs C-Star [%]
# name 26 = flag: flag
# span 0 =        125,        677       
# span 1 = 134.761459, 134.763056       
# span 2 =    0.00864,    0.04696       
# span 3 =     0.5184,     2.8172       
# span 4 =     31.102,    169.033       
# span 5 =      1.014,     91.876       
# span 6 =  47048.674,  50892.525       
# span 7 =    29.6342,    31.8708       
# span 8 =     6.3844,     8.8744       
# span 9 =      1.000,     91.000       
# span 10 =     6.3760,     8.8637      
# span 11 =    22.9422,    25.0344      
# span 12 =     6.6702,     8.5987      
# span 13 =     9.5325,    12.2884      
# span 14 =     95.419,    126.957      
# span 15 =    290.618,    374.955      
# span 16 =    297.894,    384.020      
# span 17 =   -0.09770,    0.09606      
# span 18 =    6.69570,    6.99057      
# span 19 =    9.56883,    9.99022      
# span 20 =  292.29728,  304.57404      
# span 21 =   15.11950,   15.69664      
# span 22 = 3.9523e-02, 3.6359e+02      
# span 23 =     0.3206,     6.0422      
# span 24 =     0.4704,     1.4868      
# span 25 =    68.9579,    88.9063      
# span 26 = 0.0000e+00, 0.0000e+00      
# interval = meters: 1                  
# start_time = May 14 2019 18:15:59 [Instrument's time stamp, header]
# bad_flag = -9.990e-29
*END*
        125 134.761459    0.00864     0.5184     31.102      1.014  47048.674    29.6342     8.8482      1.000     8.8637    22.9422     6.6744     9.5385     99.560    291.394    298.082    0.01697    6.70494    9.58204  292.72711   15.14054 3.6359e+02     1.0997     1.4714    69.2127 0.0000e+00
        263 134.761858    0.01819     1.0912     65.470      2.018  47219.842    29.7564     8.8744      2.000     8.8534    23.0340     8.2798    11.8326    123.654    361.450    369.776    0.09606    6.69570    9.56883  292.29728   15.11950 2.4975e+02     1.6209     1.4868    68.9579 0.0000e+00
        258 134.761842    0.01782     1.0690     64.138      3.028  47342.093    29.8350     8.8278      3.000     8.8134    23.1023     8.4223    12.0364    125.720    367.648    376.142    0.08719    6.69929    9.57395  292.43422   15.12572 1.5023e+02     2.0079     1.4569    69.4758 0.0000e+00
        262 134.761856    0.01814     1.0886     65.318      4.040  47464.757    29.9160     8.7982      4.000     8.7725    23.1701     8.4454    12.0692    126.045    368.627    377.169    0.06102    6.70024    9.57531  292.45624   15.12644 9.8372e+01     3.1530     1.4726    69.2026 0.0000e+00
        267 134.761868    0.01844     1.1064     66.382      5.045  47906.665    30.2117     8.7091      5.000     8.6194    23.4146     8.4777    12.1154    126.516    369.948    378.610    0.04604    6.70080    9.57612  292.41111   15.12307 6.2983e+01     4.3955     1.4690    69.2641 0.0000e+00
        271 134.761881    0.01875     1.1248     67.487      6.054  48079.547    30.2874     8.3975      6.000     8.0341    23.5188     8.5630    12.2374    126.957    373.635    382.423    0.03402    6.74477    9.63895  294.29981   15.21295 4.4771e+01     6.0422     1.2991    72.2978 0.0000e+00
        276 134.761894    0.01908     1.1448     68.690      7.078  49251.961    30.9563     7.4382      7.000     7.1849    24.1774     8.5987    12.2884    125.286    374.955    384.020    0.01358    6.86341    9.80850  299.28399   15.44809 3.2880e+01     5.5638     0.9557    78.7315 0.0000e+00
        279 134.761905    0.01933     1.1598     69.585      8.067  49788.112    31.2665     7.0695      8.000     6.8764    24.4700     8.1967    11.7139    118.664    357.321    366.064   -0.02902    6.90785    9.87201  301.13580   15.53515 2.5933e+01     3.6435     0.9096    79.6611 0.0000e+00
        284 134.761919    0.01967     1.1801     70.805      9.093  50345.554    31.5854     6.6839      9.000     6.6364    24.7710     7.5051    10.7256    107.908    327.077    335.179   -0.08487    6.95510    9.93953  303.10646   15.62782 1.9961e+01     3.9914     0.8337    81.1862 0.0000e+00
        288 134.761931    0.01995     1.1970     71.822     10.090  50421.208    31.6272     6.6277     10.000     6.6171    24.8111     7.1195    10.1744    102.258    310.256    317.953   -0.09770    6.96227    9.94978  303.40709   15.64198 1.5537e+01     3.8396     0.8120    81.6288 0.0000e+00
        293 134.761944    0.02027     1.2162     72.970     11.103  50443.285    31.6385     6.6084     11.000     6.6015    24.8225     6.8834     9.8370     98.830    299.965    307.411   -0.09088    6.96488    9.95351  303.51739   15.64720 1.2488e+01     3.3842     0.7771    82.3421 0.0000e+00
        298 134.761959    0.02062     1.2370     74.221     12.120  50462.676    31.6489     6.5942     12.000     6.5878    24.8324     6.8482     9.7868     98.299    298.430    305.841   -0.06598    6.96670    9.95610  303.59345   15.65079 9.7579e+00     2.7453     0.7737    82.4131 0.0000e+00
        302 134.761971    0.02091     1.2546     75.277     13.117  50477.250    31.6567     6.5839     13.000     6.5786    24.8399     6.8894     9.8455     98.871    300.219    307.677   -0.04546    6.96801    9.95798  303.64866   15.65338 7.8798e+00     2.6492     0.7582    82.7338 0.0000e+00
        308 134.761988    0.02131     1.2786     76.714     14.142  50484.817    31.6598     6.5750     14.000     6.5722    24.8435     6.9178     9.8862     99.261    301.460    308.949   -0.02687    6.96930    9.95984  303.70410   15.65602 6.2894e+00     2.5780     0.7489    82.9241 0.0000e+00
        312 134.761999    0.02159     1.2955     77.731     15.138  50482.609    31.6569     6.5701     15.000     6.5667    24.8418     6.9240     9.8951     99.337    301.731    309.227   -0.01954    6.97024    9.96116  303.74512   15.65798 5.0183e+00     2.3241     0.7441    83.0260 0.0000e+00
        317 134.762013    0.02193     1.3159     78.952     16.154  50484.638    31.6571     6.5663     16.000     6.5638    24.8425     6.9290     9.9023     99.400    301.949    309.450   -0.01331    6.97084    9.96202  303.77118   15.65922 4.0279e+00     2.5583     0.7405    83.1005 0.0000e+00
        321 134.762026    0.02224     1.3348     80.085     17.163  50486.631    31.6577     6.5641     17.000     6.5624    24.8432     6.9251     9.8966     99.339    301.776    309.274   -0.00983    6.97116    9.96248  303.78494   15.65988 3.1869e+00     2.5152     0.7448    83.0109 0.0000e+00
        325 134.762038    0.02253     1.3520     81.118     18.165  50487.034    31.6573     6.5634     18.000     6.5616    24.8430     6.9170     9.8852     99.222    301.428    308.916   -0.00805    6.97130    9.96268  303.79098   15.66017 2.5528e+00     2.7196     0.7479    82.9477 0.0000e+00
        331 134.762053    0.02289     1.3730     82.381     19.189  50487.940    31.6574     6.5627     19.000     6.5608    24.8431     6.9249     9.8964     99.333    301.769    309.266   -0.00499    6.97141    9.96284  303.79590   15.66040 2.0410e+00     2.7140     0.7316    83.2854 0.0000e+00
        334 134.762064    0.02315     1.3890     83.338     20.183  50490.576    31.6587     6.5625     20.000     6.5608    24.8442     6.9241     9.8952     99.322    301.733    309.230   -0.00382    6.97138    9.96281  303.79466   15.66034 1.6295e+00     2.5036     0.7433    83.0419 0.0000e+00
        339 134.762079    0.02349     1.4098     84.589     21.204  50487.856    31.6563     6.5623     21.000     6.5597    24.8424     6.9244     9.8957     99.324    301.746    309.242   -0.00273    6.97154    9.96303  303.80173   15.66069 1.3161e+00     2.6627     0.7375    83.1624 0.0000e+00
        344 134.762091    0.02381     1.4283     85.698     22.207  50487.073    31.6550     6.5606     22.000     6.5585    24.8415     6.9194     9.8887     99.249    301.534    309.025   -0.00243    6.97186    9.96349  303.81600   15.66137 1.0450e+00     2.1782     0.7268    83.3848 0.0000e+00
        349 134.762105    0.02414     1.4481     86.884     23.216  50488.965    31.6557     6.5604     23.000     6.5582    24.8423     6.9168     9.8847     99.209    301.414    308.902   -0.00204    6.97187    9.96349  303.81605   15.66137 8.5294e-01     2.5509     0.7274    83.3728 0.0000e+00
        354 134.762121    0.02450     1.4703     88.216     24.239  50493.460    31.6582     6.5592     24.000     6.5559    24.8443     6.9053     9.8683     99.044    300.914    308.389   -0.00236    6.97194    9.96360  303.81865   15.66148 6.8359e-01     2.3228     0.7185    83.5591 0.0000e+00
        358 134.762132    0.02477     1.4864     89.184     25.227  50501.691    31.6627     6.5556     25.000     6.5501    24.8484     6.8995     9.8600     98.955    300.659    308.129   -0.00242    6.97233    9.96415  303.83433   15.66221 5.5664e-01     2.4074     0.7392    83.1281 0.0000e+00
        364 134.762149    0.02518     1.5109     90.651     26.263  50516.640    31.6707     6.5453     26.000     6.5377    24.8560     6.8989     9.8593     98.928    300.633    308.106   -0.00177    6.97363    9.96601  303.88876   15.66477 4.4633e-01     2.3289     0.7311    83.2956 0.0000e+00
        367 134.762159    0.02543     1.5254     91.526     27.243  50553.447    31.6920     6.5246     27.000     6.4987    24.8753     6.8916     9.8488     98.790    300.309    307.779   -0.00225    6.97600    9.96940  303.98624   15.66933 3.6203e-01     2.1921     0.7249    83.4253 0.0000e+00
        373 134.762175    0.02581     1.5487     92.921     28.286  50643.528    31.7444     6.4733     28.000     6.4688    24.9231     6.8732     9.8225     98.443    299.492    306.957   -0.00353    6.98191    9.97785  304.22989   15.68073 2.9956e-01     1.6488     0.6319    85.3874 0.0000e+00
        376 134.762185    0.02603     1.5619     93.717     29.260  50649.154    31.7478     6.4723     29.000     6.4688    24.9258     6.8388     9.7734     97.951    297.995    305.422   -0.00562    6.98192    9.97787  304.22962   15.68071 2.5303e-01     1.3116     0.6283    85.4653 0.0000e+00
        381 134.762200    0.02642     1.5853     95.116     30.298  50655.607    31.7515     6.4713     30.000     6.4692    24.9289     6.7817     9.6917     97.132    295.503    302.870   -0.00870    6.98193    9.97786  304.22857   15.68064 2.1965e-01     0.8102     0.5949    86.1800 0.0000e+00
        385 134.762212    0.02669     1.6012     96.075     31.282  50652.941    31.7492     6.4713     31.000     6.4677    24.9272     6.7746     9.6816     97.029    295.196    302.554   -0.00735    6.98203    9.97800  304.23343   15.68089 1.8474e-01     0.8648     0.6045    85.9740 0.0000e+00
        390 134.762226    0.02703     1.6217     97.299     32.308  50658.141    31.7520     6.4695     32.000     6.4662    24.9296     6.7811     9.6908     97.120    295.477    302.843   -0.00471    6.98219    9.97825  304.24003   15.68119 1.5903e-01     1.0093     0.6018    86.0327 0.0000e+00
        395 134.762240    0.02737     1.6422     98.534     33.318  50665.506    31.7563     6.4676     33.000     6.4638    24.9332     6.7886     9.7016     97.227    295.806    303.181   -0.00269    6.98230    9.97840  304.24345   15.68133 1.3659e-01     1.2093     0.6121    85.8117 0.0000e+00
        399 134.762252    0.02767     1.6602     99.614     34.316  50670.296    31.7588     6.4661     34.000     6.4628    24.9355     6.7895     9.7028     97.236    295.840    303.216   -0.00194    6.98243    9.97859  304.24865   15.68157 1.1888e-01     1.0778     0.5996    86.0793 0.0000e+00
        405 134.762269    0.02806     1.6831    100.986     35.345  50674.654    31.7613     6.4654     35.000     6.4623    24.9374     6.7814     9.6914     97.121    295.491    302.860   -0.00206    6.98243    9.97859  304.24793   15.68153 1.0330e-01     0.8172     0.5875    86.3395 0.0000e+00
        410 134.762282    0.02837     1.7025    102.152     36.343  50678.181    31.7631     6.4650     36.000     6.4619    24.9390     6.7953     9.7112     97.321    296.096    303.480   -0.00038    6.98240    9.97855  304.24637   15.68145 9.1619e-02     0.9958     0.5845    86.4041 0.0000e+00
        414 134.762295    0.02869     1.7216    103.295     37.344  50683.223    31.7662     6.4650     37.000     6.4621    24.9414     6.7856     9.6974     97.184    295.672    303.046   -0.00122    6.98228    9.97837  304.24012   15.68114 8.2057e-02     0.9379     0.5897    86.2942 0.0000e+00
        420 134.762311    0.02908     1.7447    104.684     38.371  50683.625    31.7661     6.4658     38.000     6.4627    24.9413     6.7932     9.7081     97.294    296.001    303.383   -0.00021    6.98213    9.97816  304.23374   15.68083 7.3855e-02     0.8596     0.5732    86.6491 0.0000e+00
        424 134.762323    0.02936     1.7620    105.719     39.365  50686.208    31.7675     6.4659     39.000     6.4623    24.9423     6.7825     9.6928     97.141    295.534    302.905   -0.00118    6.98206    9.97806  304.23071   15.68069 6.8126e-02     1.0542     0.5685    86.7501 0.0000e+00
        429 134.762337    0.02971     1.7825    106.947     40.386  50688.592    31.7685     6.4650     40.000     6.4610    24.9433     6.7914     9.7056     97.268    295.923    303.304   -0.00031    6.98216    9.97820  304.23453   15.68086 6.2852e-02     0.8992     0.5665    86.7956 0.0000e+00
        433 134.762350    0.03001     1.8003    108.019     41.387  50690.641    31.7692     6.4639     41.000     6.4599    24.9440     6.7826     9.6930     97.139    295.539    302.911   -0.00079    6.98231    9.97842  304.24110   15.68117 5.9064e-02     0.8771     0.5877    86.3354 0.0000e+00
        438 134.762364    0.03035     1.8210    109.259     42.402  50692.216    31.7695     6.4623     42.000     6.4580    24.9444     6.7775     9.6857     97.063    295.315    302.682   -0.00127    6.98255    9.97877  304.25146   15.68167 5.5773e-02     0.7062     0.5790    86.5238 0.0000e+00
        443 134.762378    0.03069     1.8413    110.477     43.417  50695.708    31.7711     6.4602     43.000     6.4554    24.9459     6.7877     9.7004     97.207    295.763    303.141    0.00020    6.98281    9.97914  304.26231   15.68218 5.3102e-02     0.7733     0.5716    86.6835 0.0000e+00
        447 134.762390    0.03097     1.8583    111.497     44.414  50712.048    31.7820     6.4603     44.000     6.4580    24.9545     6.7710     9.6765     96.975    295.032    302.395   -0.00149    6.98229    9.97839  304.23703   15.68093 5.0996e-02     0.6961     0.5617    86.8993 0.0000e+00
        452 134.762406    0.03135     1.8809    112.854     45.434  50712.673    31.7816     6.4587     45.000     6.4503    24.9544     6.7735     9.6801     97.006    295.141    302.506   -0.00087    6.98259    9.97881  304.24997   15.68155 4.8950e-02     0.8345     0.5388    87.3972 0.0000e+00
        457 134.762419    0.03167     1.8998    113.988     46.439  50729.216    31.7913     6.4516     46.000     6.4484    24.9630     6.7714     9.6769     96.966    295.044    302.409   -0.00092    6.98327    9.97979  304.27732   15.68281 4.7576e-02     0.6626     0.5300    87.5913 0.0000e+00
        462 134.762434    0.03202     1.9212    115.270     47.451  50742.128    31.8012     6.4593     47.000     6.4590    24.9699     6.7730     9.6793     97.013    295.115    302.484   -0.00047    6.98157    9.97737  304.20112   15.67914 4.6261e-02     0.6753     0.5032    88.1809 0.0000e+00
        467 134.762448    0.03236     1.9416    116.498     48.455  50735.357    31.7967     6.4630     48.000     6.4550    24.9659     6.7753     9.6826     97.051    295.215    302.586   -0.00015    6.98119    9.97682  304.18577   15.67842 4.5349e-02     0.5587     0.4704    88.9063 0.0000e+00
        472 134.762462    0.03272     1.9629    117.772     49.473  50743.957    31.8002     6.4523     49.000     6.4454    24.9700     6.7856     9.6973     97.177    295.662    303.045    0.00046    6.98276    9.97906  304.25285   15.68161 4.4286e-02     0.5105     0.4955    88.3502 0.0000e+00
        477 134.762476    0.03305     1.9826    118.955     50.475  50750.105    31.8032     6.4478     50.000     6.4423    24.9729     6.7896     9.7031     97.226    295.837    303.225    0.00069    6.98335    9.97991  304.27785   15.68278 4.3768e-02     0.5069     0.4956    88.3477 0.0000e+00
        482 134.762490    0.03338     2.0031    120.184     51.490  50754.727    31.8055     6.4456     51.000     6.4410    24.9750     6.7678     9.6718     96.909    294.884    302.248   -0.00148    6.98360    9.98028  304.28828   15.68327 4.3091e-02     0.4744     0.5011    88.2256 0.0000e+00
        486 134.762503    0.03369     2.0214    121.281     52.498  50756.136    31.8059     6.4449     52.000     6.4395    24.9754     6.7612     9.6624     96.814    294.598    301.956   -0.00179    6.98370    9.98040  304.29213   15.68346 4.2636e-02     0.5191     0.5043    88.1546 0.0000e+00
        491 134.762516    0.03400     2.0401    122.407     53.506  50759.127    31.8069     6.4421     53.000     6.4362    24.9766     6.7656     9.6688     96.872    294.791    302.154   -0.00100    6.98412    9.98101  304.31023   15.68431 4.2287e-02     0.5218     0.5126    87.9729 0.0000e+00
