CTD-processing/allCTD/CNV/2019_02-07_t4_s04_cast051_4141.cnv
* Sea-Bird SBE19plus Data File:
* FileName = C:\Users\Kim.Powell\Desktop\Not Processed\2019\2019_02-08\2019_02-08_TRANSECT_STATION_cast051.hex
* Software Version 1.59
* Temperature SN =  4141
* Conductivity SN =  4141
* System UpLoad Time = Mar 19 2019 08:10:31
** 2018_02-07
** Station: 4-04
** Start Time: 11:34
** Depth (m): 88.0
** Comment:
** Comment:
# nquan = 27
# nvalues = 85                          
# units = specified
# name 0 = scan: Scan Count
# name 1 = timeJ: Julian Days
# name 2 = timeH: Time, Elapsed [hours]
# name 3 = timeM: Time, Elapsed [minutes]
# name 4 = timeS: Time, Elapsed [seconds]
# name 5 = prdM: Pressure, Strain Gauge [db]
# name 6 = specc: Specific Conductance [uS/cm]
# name 7 = sal00: Salinity, Practical [PSU]
# name 8 = tv290C: Temperature [ITS-90, deg C]
# name 9 = depSM: Depth [salt water, m], lat = 59.00
# name 10 = potemp090C: Potential Temperature [ITS-90, deg C]
# name 11 = sigma-é00: Density [sigma-theta, kg/m^3]
# name 12 = sbeox0ML/L: Oxygen, SBE 43 [ml/l]
# name 13 = sbeox0Mg/L: Oxygen, SBE 43 [mg/l]
# name 14 = sbeox0PS: Oxygen, SBE 43 [% saturation]
# name 15 = sbox0Mm/Kg: Oxygen, SBE 43 [umol/kg]
# name 16 = sbeox0Mm/L: Oxygen, SBE 43 [umol/l]
# name 17 = sbox0dV/dT: Oxygen, SBE 43 [dov/dt]
# name 18 = oxsolML/L: Oxygen Saturation, Garcia & Gordon [ml/l]
# name 19 = oxsolMg/L: Oxygen Saturation, Garcia & Gordon [mg/l]
# name 20 = oxsolMm/Kg: Oxygen Saturation, Garcia & Gordon [umol/kg]
# name 21 = n2satMg/L: Nitrogen Saturation [mg/l]
# name 22 = par: PAR/Irradiance, Biospherical/Licor
# name 23 = wetStar: Fluorescence, WET Labs WETstar [mg/m^3]
# name 24 = CStarAt0: Beam Attenuation, WET Labs C-Star [1/m]
# name 25 = CStarTr0: Beam Transmission, WET Labs C-Star [%]
# name 26 = flag: flag
# span 0 =        -83,        745       
# span 1 =  38.482187,  38.484583       
# span 2 =   -0.00583,    0.05167       
# span 3 =    -0.3500,     3.0997       
# span 4 =    -21.000,    185.983       
# span 5 =      1.002,     85.821       
# span 6 =  50457.782,  50537.397       
# span 7 =    31.5205,    31.5535       
# span 8 =     5.7966,     5.9821       
# span 9 =      1.000,     85.000       
# span 10 =     5.8578,     5.9762      
# span 11 =    24.8149,    24.8543      
# span 12 =     6.3125,     6.5748      
# span 13 =     9.0213,     9.3960      
# span 14 =     88.878,     92.796      
# span 15 =    275.081,    286.520      
# span 16 =    281.918,    293.631      
# span 17 =   -0.00119,    0.00844      
# span 18 =    7.07218,    7.10253      
# span 19 =   10.10686,   10.15024      
# span 20 =  308.19350,  309.50668      
# span 21 =   15.87049,   15.93298      
# span 22 = 3.6170e-02, 6.4563e+01      
# span 23 =     0.3999,     0.5185      
# span 24 =     0.3065,     1.4716      
# span 25 =    70.0438,    92.2866      
# span 26 = 0.0000e+00, 0.0000e+00      
# interval = meters: 1                  
# start_time = Feb 07 2019 11:34:42 [Instrument's time stamp, header]
# bad_flag = -9.990e-29
*END*
        -83  38.482187   -0.00583    -0.3500    -21.000      1.002  50537.397    31.5535     5.7966      1.000     5.8578    24.8543     6.3125     9.0213     88.878    275.081    281.918    0.00844    7.10253   10.15024  309.50668   15.93298 6.4482e+01     0.4077     1.4716    70.0438 0.0000e+00
        359  38.483467    0.02486     1.4917     89.505      2.025  50457.782    31.5205     5.9098      2.000     5.9045    24.8149     6.5748     9.3960     92.796    286.520    293.631   -0.00023    7.08517   10.12542  308.76177   15.89762 6.4563e+01     0.4341     0.3065    92.2866 0.0000e+00
        331  38.483385    0.02292     1.3749     82.497      3.029  50464.873    31.5232     5.9013      3.000     5.9011    24.8180     6.5536     9.3658     92.481    285.597    292.685    0.00007    7.08646   10.12726  308.81714   15.90025 4.8459e+01     0.4234     0.3993    90.4985 0.0000e+00
        336  38.483400    0.02326     1.3959     83.755      4.038  50465.601    31.5232     5.9013      4.000     5.9013    24.8181     6.5602     9.3752     92.574    285.885    292.980    0.00045    7.08646   10.12726  308.81712   15.90025 4.1617e+01     0.4300     0.3928    90.6471 0.0000e+00
        342  38.483416    0.02365     1.4190     85.138      5.045  50466.030    31.5233     5.9027      5.000     5.9025    24.8180     6.5587     9.3730     92.556    285.817    292.911    0.00025    7.08622   10.12692  308.80682   15.89976 3.6656e+01     0.4374     0.3852    90.8193 0.0000e+00
        347  38.483432    0.02404     1.4422     86.532      6.060  50466.521    31.5232     5.9029      6.000     5.9024    24.8179     6.5506     9.3615     92.442    285.466    292.550   -0.00058    7.08618   10.12687  308.80509   15.89968 3.1922e+01     0.4652     0.3869    90.7813 0.0000e+00
        352  38.483445    0.02436     1.4613     87.675      7.066  50467.705    31.5235     5.9029      7.000     5.9030    24.8181     6.5498     9.3604     92.431    285.431    292.515   -0.00054    7.08619   10.12686  308.80493   15.89967 2.9002e+01     0.4734     0.3874    90.7678 0.0000e+00
        357  38.483461    0.02471     1.4829     88.976      8.078  50467.843    31.5234     5.9045      8.000     5.9038    24.8179     6.5562     9.3695     92.525    285.710    292.801    0.00003    7.08591   10.12647  308.79321   15.89911 2.6065e+01     0.4765     0.3862    90.7980 0.0000e+00
        362  38.483474    0.02504     1.5026     90.159      9.081  50468.316    31.5232     5.9040      9.000     5.9032    24.8178     6.5584     9.3726     92.554    285.803    292.897    0.00017    7.08601   10.12661  308.79732   15.89931 2.3234e+01     0.4897     0.3858    90.8049 0.0000e+00
        367  38.483489    0.02539     1.5233     91.400     10.101  50468.835    31.5230     5.9040     10.000     5.9032    24.8177     6.5524     9.3641     92.470    285.545    292.632   -0.00044    7.08602   10.12663  308.79787   15.89934 2.0670e+01     0.4925     0.3817    90.8987 0.0000e+00
        371  38.483501    0.02569     1.5413     92.476     11.102  50470.899    31.5241     5.9045     11.000     5.9043    24.8184     6.5538     9.3660     92.491    285.605    292.694   -0.00028    7.08587   10.12642  308.79134   15.89902 1.8449e+01     0.5067     0.3831    90.8668 0.0000e+00
        376  38.483515    0.02601     1.5606     93.636     12.113  50471.852    31.5246     5.9060     12.000     5.9059    24.8187     6.5495     9.3599     92.434    285.417    292.501   -0.00060    7.08561   10.12604  308.77993   15.89847 1.6403e+01     0.5054     0.3860    90.8018 0.0000e+00
        381  38.483530    0.02638     1.5830     94.981     13.127  50473.020    31.5258     5.9108     13.000     5.9115    24.8191     6.5512     9.3622     92.468    285.487    292.573   -0.00033    7.08475   10.12481  308.74208   15.89667 1.4652e+01     0.4968     0.3817    90.8976 0.0000e+00
        385  38.483543    0.02670     1.6019     96.115     14.129  50470.259    31.5240     5.9134     14.000     5.9122    24.8173     6.5516     9.3629     92.479    285.510    292.595   -0.00014    7.08439   10.12431  308.72722   15.89596 1.2843e+01     0.5185     0.3870    90.7797 0.0000e+00
        390  38.483557    0.02703     1.6217     97.301     15.140  50472.971    31.5251     5.9121     15.000     5.9124    24.8184     6.5455     9.3542     92.391    285.244    292.324   -0.00073    7.08456   10.12454  308.73407   15.89629 1.1431e+01     0.4929     0.3870    90.7786 0.0000e+00
        396  38.483572    0.02740     1.6443     98.656     16.153  50472.650    31.5257     5.9186     16.000     5.9182    24.8181     6.5456     9.3544     92.407    285.250    292.329   -0.00042    7.08346   10.12297  308.68617   15.89400 1.0141e+01     0.4916     0.3896    90.7203 0.0000e+00
        401  38.483587    0.02776     1.6653     99.920     17.166  50475.795    31.5276     5.9197     17.000     5.9200    24.8195     6.5434     9.3511     92.379    285.148    292.225   -0.00061    7.08319   10.12259  308.67421   15.89343 8.8781e+00     0.4974     0.3920    90.6658 0.0000e+00
        405  38.483600    0.02806     1.6836    101.013     18.164  50475.304    31.5275     5.9232     18.000     5.9239    24.8189     6.5423     9.3496     92.371    285.102    292.178   -0.00051    7.08261   10.12176  308.64894   15.89222 7.8541e+00     0.5001     0.3943    90.6122 0.0000e+00
        411  38.483616    0.02845     1.7071    102.427     19.186  50474.291    31.5273     5.9287     19.000     5.9279    24.8182     6.5456     9.3543     92.429    285.245    292.324   -0.00008    7.08170   10.12045  308.60944   15.89034 6.9324e+00     0.4876     0.3986    90.5157 0.0000e+00
        415  38.483629    0.02876     1.7255    103.532     20.192  50473.488    31.5265     5.9299     20.000     5.9283    24.8174     6.5445     9.3528     92.417    285.201    292.278   -0.00014    7.08152   10.12021  308.60233   15.89001 6.0224e+00     0.4776     0.4073    90.3197 0.0000e+00
        420  38.483642    0.02908     1.7447    104.683     21.196  50472.805    31.5254     5.9288     21.000     5.9263    24.8167     6.5391     9.3451     92.338    284.966    292.038   -0.00063    7.08176   10.12054  308.61271   15.89050 5.3321e+00     0.4691     0.4070    90.3246 0.0000e+00
        425  38.483658    0.02945     1.7674    106.043     22.214  50474.913    31.5259     5.9267     22.000     5.9245    24.8174     6.5363     9.3411     92.294    284.843    291.912   -0.00070    7.08210   10.12103  308.62730   15.89120 4.6656e+00     0.4592     0.4024    90.4285 0.0000e+00
        429  38.483670    0.02974     1.7846    107.075     23.212  50475.235    31.5255     5.9259     23.000     5.9237    24.8172     6.5327     9.3359     92.241    284.687    291.752   -0.00094    7.08225   10.12124  308.63372   15.89151 4.1022e+00     0.4663     0.4069    90.3293 0.0000e+00
        434  38.483684    0.03008     1.8046    108.276     24.236  50478.220    31.5271     5.9254     24.000     5.9243    24.8184     6.5392     9.3452     92.333    284.968    292.040   -0.00030    7.08226   10.12125  308.63375   15.89150 3.5981e+00     0.4550     0.4058    90.3516 0.0000e+00
        439  38.483698    0.03041     1.8247    109.482     25.234  50477.510    31.5263     5.9268     25.000     5.9249    24.8176     6.5374     9.3425     92.309    284.888    291.958   -0.00032    7.08207   10.12098  308.62567   15.89112 3.1949e+00     0.4639     0.4040    90.3927 0.0000e+00
        445  38.483715    0.03082     1.8496    110.977     26.269  50477.283    31.5258     5.9275     26.000     5.9249    24.8172     6.5387     9.3444     92.328    284.945    292.017   -0.00015    7.08198   10.12085  308.62202   15.89095 2.7629e+00     0.4492     0.4073    90.3174 0.0000e+00
        448  38.483724    0.03104     1.8625    111.749     27.242  50477.280    31.5251     5.9262     27.000     5.9232    24.8168     6.5374     9.3427     92.308    284.892    291.962   -0.00033    7.08222   10.12119  308.63253   15.89145 2.4476e+00     0.4471     0.4115    90.2235 0.0000e+00
        454  38.483741    0.03146     1.8875    113.252     28.273  50478.806    31.5251     5.9237     28.000     5.9210    24.8171     6.5428     9.3503     92.378    285.126    292.202    0.00014    7.08264   10.12179  308.65055   15.89231 2.1622e+00     0.4512     0.4015    90.4498 0.0000e+00
        459  38.483755    0.03178     1.9066    114.393     29.280  50483.277    31.5278     5.9240     29.000     5.9232    24.8193     6.5387     9.3445     92.323    284.948    292.020   -0.00033    7.08245   10.12153  308.64195   15.89189 1.8873e+00     0.4521     0.4021    90.4354 0.0000e+00
        463  38.483766    0.03206     1.9236    115.418     30.276  50485.079    31.5293     5.9275     30.000     5.9272    24.8200     6.5378     9.3432     92.319    284.908    291.980   -0.00029    7.08180   10.12060  308.61335   15.89052 1.6714e+00     0.4584     0.4066    90.3352 0.0000e+00
        469  38.483784    0.03248     1.9489    116.931     31.305  50479.461    31.5257     5.9316     31.000     5.9277    24.8167     6.5404     9.3469     92.363    285.023    292.096   -0.00010    7.08128   10.11986  308.59188   15.88951 1.4637e+00     0.4553     0.4063    90.3436 0.0000e+00
        473  38.483797    0.03280     1.9681    118.085     32.305  50479.438    31.5245     5.9279     32.000     5.9239    24.8162     6.5442     9.3523     92.407    285.186    292.263    0.00018    7.08195   10.12082  308.62120   15.89092 1.2857e+00     0.4513     0.4051    90.3674 0.0000e+00
        478  38.483812    0.03314     1.9886    119.313     33.310  50492.363    31.5329     5.9276     33.000     5.9304    24.8229     6.5405     9.3471     92.360    285.024    292.099   -0.00021    7.08161   10.12033  308.60418   15.89007 1.1372e+00     0.4523     0.4015    90.4492 0.0000e+00
        484  38.483827    0.03352     2.0113    120.675     34.332  50499.873    31.5417     5.9483     34.000     5.9537    24.8273     6.5423     9.3496     92.435    285.102    292.179    0.00018    7.07776   10.11482  308.43496   15.88197 9.9518e-01     0.4496     0.4146    90.1552 0.0000e+00
        488  38.483840    0.03384     2.0301    121.806     35.328  50486.684    31.5343     5.9593     35.000     5.9577    24.8202     6.5381     9.3435     92.394    284.918    291.990    0.00000    7.07626   10.11269  308.37216   15.87901 8.7074e-01     0.4425     0.4729    88.8521 0.0000e+00
        494  38.483857    0.03425     2.0545    123.271     36.347  50485.398    31.5332     5.9610     36.000     5.9582    24.8192     6.5244     9.3240     92.204    284.323    291.379   -0.00119    7.07603   10.11235  308.36222   15.87854 7.5519e-01     0.4306     0.4847    88.5871 0.0000e+00
        499  38.483871    0.03456     2.0740    124.441     37.350  50486.048    31.5332     5.9612     37.000     5.9582    24.8192     6.5220     9.3207     92.171    284.221    291.274   -0.00113    7.07600   10.11232  308.36103   15.87849 6.5539e-01     0.4271     0.4935    88.3931 0.0000e+00
        504  38.483885    0.03491     2.0944    125.662     38.363  50486.507    31.5330     5.9612     38.000     5.9583    24.8190     6.5240     9.3234     92.199    284.304    291.360   -0.00071    7.07601   10.11232  308.36136   15.87850 5.7097e-01     0.4332     0.4955    88.3499 0.0000e+00
        509  38.483899    0.03525     2.1151    126.909     39.374  50487.482    31.5333     5.9615     39.000     5.9583    24.8192     6.5258     9.3261     92.225    284.385    291.442   -0.00040    7.07595   10.11223  308.35862   15.87837 4.9690e-01     0.4318     0.4893    88.4874 0.0000e+00
        513  38.483912    0.03556     2.1335    128.008     40.377  50487.091    31.5324     5.9612     40.000     5.9577    24.8186     6.5247     9.3246     92.209    284.339    291.396   -0.00040    7.07605   10.11238  308.36300   15.87858 4.3087e-01     0.4256     0.4925    88.4156 0.0000e+00
        519  38.483928    0.03594     2.1563    129.378     41.397  50487.783    31.5323     5.9604     41.000     5.9574    24.8186     6.5239     9.3233     92.195    284.300    291.356   -0.00047    7.07618   10.11256  308.36876   15.87886 3.7633e-01     0.4244     0.4842    88.5988 0.0000e+00
        523  38.483941    0.03625     2.1750    130.500     42.396  50495.138    31.5374     5.9628     42.000     5.9617    24.8223     6.5232     9.3224     92.194    284.272    291.328   -0.00039    7.07554   10.11165  308.33991   15.87747 3.2617e-01     0.4215     0.4982    88.2894 0.0000e+00
        528  38.483956    0.03662     2.1970    131.820     43.415  50493.393    31.5368     5.9687     43.000     5.9667    24.8212     6.5251     9.3250     92.233    284.352    291.410   -0.00010    7.07459   10.11030  308.29891   15.87551 2.8389e-01     0.4256     0.5191    87.8290 0.0000e+00
        533  38.483970    0.03693     2.2160    132.963     44.413  50486.454    31.5319     5.9704     44.000     5.9644    24.8171     6.5207     9.3186     92.171    284.159    291.212   -0.00048    7.07454   10.11022  308.29786   15.87548 2.4408e-01     0.4204     0.5408    87.3546 0.0000e+00
        539  38.483987    0.03734     2.2408    134.445     45.438  50488.748    31.5318     5.9643     45.000     5.9594    24.8178     6.5187     9.3159     92.130    284.075    291.124   -0.00066    7.07555   10.11166  308.34161   15.87757 2.1341e-01     0.4220     0.4985    88.2825 0.0000e+00
        543  38.483999    0.03764     2.2583    135.497     46.427  50491.770    31.5330     5.9616     46.000     5.9576    24.8190     6.5133     9.3083     92.049    283.842    290.886   -0.00100    7.07595   10.11224  308.35861   15.87837 1.8453e-01     0.4409     0.5044    88.1514 0.0000e+00
        548  38.484014    0.03801     2.2807    136.844     47.450  50492.613    31.5329     5.9610     47.000     5.9572    24.8190     6.5191     9.3164     92.129    284.091    291.142   -0.00040    7.07605   10.11239  308.36342   15.87860 1.6251e-01     0.4309     0.4830    88.6253 0.0000e+00
        554  38.484030    0.03838     2.3030    138.179     48.457  50496.228    31.5350     5.9615     48.000     5.9597    24.8207     6.5234     9.3226     92.192    284.279    291.335    0.00012    7.07586   10.11210  308.35430   15.87816 1.4162e-01     0.4273     0.4850    88.5801 0.0000e+00
        559  38.484043    0.03872     2.3230    139.382     49.470  50500.692    31.5389     5.9680     49.000     5.9668    24.8229     6.5254     9.3254     92.236    284.364    291.423    0.00018    7.07461   10.11032  308.29910   15.87551 1.2406e-01     0.4294     0.5019    88.2080 0.0000e+00
        563  38.484058    0.03905     2.3428    140.567     50.475  50499.258    31.5385     5.9735     50.000     5.9709    24.8220     6.5268     9.3275     92.269    284.428    291.488    0.00033    7.07370   10.10902  308.25985   15.87365 1.0880e-01     0.4234     0.5450    87.2606 0.0000e+00
        568  38.484071    0.03938     2.3629    141.772     51.486  50495.283    31.5356     5.9752     51.000     5.9708    24.8195     6.5212     9.3194     92.192    284.184    291.237   -0.00030    7.07357   10.10884  308.25485   15.87342 9.5410e-02     0.4261     0.5648    86.8309 0.0000e+00
        574  38.484088    0.03978     2.3869    143.213     52.504  50496.205    31.5355     5.9740     52.000     5.9692    24.8196     6.5209     9.3190     92.184    284.169    291.223   -0.00029    7.07376   10.10911  308.26331   15.87382 8.4340e-02     0.4235     0.5550    87.0459 0.0000e+00
        578  38.484101    0.04009     2.4052    144.310     53.497  50496.943    31.5353     5.9725     53.000     5.9679    24.8196     6.5164     9.3126     92.118    283.976    291.024   -0.00067    7.07402   10.10948  308.27449   15.87436 7.5862e-02     0.4169     0.5653    86.8200 0.0000e+00
