CTD-processing/allCTD/CNV/2019_07-23_alongbay_kb09_cast010_4141.cnv
* Sea-Bird SBE19plus Data File:
* FileName = C:\Users\jwschloemer\Documents\CTD Data\2019_07-23_AlongBay\2019_07-23_AlongBay_KB01_Cast010.hex
* Software Version 1.59
* Temperature SN =  4141
* Conductivity SN =  4141
* System UpLoad Time = Aug 02 2019 11:44:27
** Cook Inlet LTM Along Bay
** Date: 2019_07-23
** Station:KB09
** Start Time (AKST):13:36
** Depth (m):65
** Comment:
** Comment:
# nquan = 27
# nvalues = 64                          
# units = specified
# name 0 = scan: Scan Count
# name 1 = timeJ: Julian Days
# name 2 = timeH: Time, Elapsed [hours]
# name 3 = timeM: Time, Elapsed [minutes]
# name 4 = timeS: Time, Elapsed [seconds]
# name 5 = prdM: Pressure, Strain Gauge [db]
# name 6 = specc: Specific Conductance [uS/cm]
# name 7 = sal00: Salinity, Practical [PSU]
# name 8 = tv290C: Temperature [ITS-90, deg C]
# name 9 = depSM: Depth [salt water, m], lat = 59.00
# name 10 = potemp090C: Potential Temperature [ITS-90, deg C]
# name 11 = sigma-é00: Density [sigma-theta, kg/m^3]
# name 12 = sbeox0ML/L: Oxygen, SBE 43 [ml/l]
# name 13 = sbeox0Mg/L: Oxygen, SBE 43 [mg/l]
# name 14 = sbeox0PS: Oxygen, SBE 43 [% saturation]
# name 15 = sbox0Mm/Kg: Oxygen, SBE 43 [umol/kg]
# name 16 = sbeox0Mm/L: Oxygen, SBE 43 [umol/l]
# name 17 = sbox0dV/dT: Oxygen, SBE 43 [dov/dt]
# name 18 = oxsolML/L: Oxygen Saturation, Garcia & Gordon [ml/l]
# name 19 = oxsolMg/L: Oxygen Saturation, Garcia & Gordon [mg/l]
# name 20 = oxsolMm/Kg: Oxygen Saturation, Garcia & Gordon [umol/kg]
# name 21 = n2satMg/L: Nitrogen Saturation [mg/l]
# name 22 = par: PAR/Irradiance, Biospherical/Licor
# name 23 = wetStar: Fluorescence, WET Labs WETstar [mg/m^3]
# name 24 = CStarAt0: Beam Attenuation, WET Labs C-Star [1/m]
# name 25 = CStarTr0: Beam Transmission, WET Labs C-Star [%]
# name 26 = flag: flag
# span 0 =        267,        563       
# span 1 = 204.567460, 204.568315       
# span 2 =    0.01849,    0.03902       
# span 3 =     1.1096,     2.3412       
# span 4 =     66.577,    140.476       
# span 5 =      1.029,     64.536       
# span 6 =  39372.213,  50041.204       
# span 7 =    24.7769,    31.5700       
# span 8 =     7.9899,    14.1878       
# span 9 =      1.000,     64.000       
# span 10 =     7.9881,    14.2860      
# span 11 =    18.2668,    24.5836      
# span 12 =     5.7360,     7.9394      
# span 13 =     8.1972,    11.3463      
# span 14 =     84.970,    122.819      
# span 15 =    250.020,    346.411      
# span 16 =    256.167,    354.576      
# span 17 =   -0.07042,    0.02389      
# span 18 =    6.15605,    6.75053      
# span 19 =    8.79761,    9.64717      
# span 20 =  269.58930,  294.24505      
# span 21 =   14.04498,   15.20509      
# span 22 = 5.3303e-02, 4.0917e+02      
# span 23 =     0.3509,    13.2267      
# span 24 =     0.4645,     2.0241      
# span 25 =    60.2183,    89.0376      
# span 26 = 0.0000e+00, 0.0000e+00      
# interval = meters: 1                  
# start_time = Jul 23 2019 13:36:02 [Instrument's time stamp, header]
# bad_flag = -9.990e-29
*END*
[from data line 54]
        517 204.568184    0.03585     2.1509    129.056     55.528  50003.029    31.5559     8.0429     55.000     8.0367    24.5647     5.8122     8.3063     86.196    253.350    259.574   -0.00422    6.74306    9.63651  293.92488   15.18986 5.5626e-02     0.3582     1.1766    74.5162 0.0000e+00
        522 204.568198    0.03620     2.1719    130.316     56.536  50004.540    31.5561     8.0401     56.000     8.0336    24.5652     5.8129     8.3072     86.200    253.379    259.604   -0.00293    6.74347    9.63709  293.94244   15.19070 5.4963e-02     0.3806     1.2054    73.9829 0.0000e+00
        528 204.568214    0.03657     2.1940    131.641     57.548  50006.011    31.5561     8.0369     57.000     8.0300    24.5658     5.8211     8.3189     86.315    253.736    259.969   -0.00133    6.74396    9.63780  293.96405   15.19174 5.4429e-02     0.3575     1.2160    73.7867 0.0000e+00
        532 204.568227    0.03690     2.2142    132.852     58.551  50009.058    31.5573     8.0336     58.000     8.0267    24.5672     5.8183     8.3149     86.268    253.614    259.844   -0.00124    6.74442    9.63845  293.98339   15.19265 5.4156e-02     0.3682     1.2432    73.2864 0.0000e+00
        538 204.568243    0.03728     2.2371    134.225     59.571  50012.197    31.5585     8.0306     59.000     8.0240    24.5686     5.8148     8.3099     86.211    253.460    259.687   -0.00118    6.74483    9.63903  294.00078   15.19348 5.3853e-02     0.3667     1.2626    72.9326 0.0000e+00
        543 204.568257    0.03762     2.2570    135.418     60.572  50012.050    31.5575     8.0281     60.000     8.0180    24.5682     5.8051     8.2961     86.062    253.040    259.256   -0.00177    6.74525    9.63963  294.01914   15.19436 5.3667e-02     0.3578     1.2874    72.4804 0.0000e+00
        548 204.568272    0.03798     2.2789    136.734     61.588  50019.126    31.5596     8.0128     61.000     8.0019    24.5721     5.8041     8.2946     86.018    252.993    259.209   -0.00158    6.74748    9.64283  294.11555   15.19896 5.3455e-02     0.3546     1.3633    71.1213 0.0000e+00
        553 204.568286    0.03831     2.2987    137.924     62.595  50030.298    31.5656     8.0040     62.000     7.9953    24.5780     5.7934     8.2794     85.846    252.527    258.734   -0.00205    6.74858    9.64439  294.16165   15.20113 5.3406e-02     0.3567     1.4839    69.0096 0.0000e+00
        558 204.568300    0.03865     2.3191    139.144     63.603  50034.734    31.5671     7.9970     63.000     7.9881    24.5802     5.7651     8.2389     85.414    251.292    257.469   -0.00404    6.74957    9.64581  294.20417   15.20316 5.3303e-02     0.3636     1.6142    66.8028 0.0000e+00
        563 204.568315    0.03902     2.3412    140.476     64.536  50041.204    31.5700     7.9899     64.000 -9.990e-29    24.5836     5.7360     8.1972     84.970    250.020    256.167   -0.00563    6.75053    9.64717  294.24505   15.20509 5.3471e-02     0.3847     2.0241    60.2183 0.0000e+00
