CTD-processing/allCTD/CNV/2019_09-19_t7_21_cast046_4141.cnv
* Sea-Bird SBE19plus Data File:
* FileName = C:\Users\Chris\Desktop\EVOSTC GWA LTM\CTD Data\2019_09-19_T7\2019_09-19_T7_2_Cast046.hex
* Software Version 1.59
* Temperature SN =  4141
* Conductivity SN =  4141
* System UpLoad Time = Sep 23 2019 18:50:56
** Cook Inlet LTM T7
** Date: 2019_09-19
** Station:21
** Start Time: (AKST):15:26
** Depth (m):75
** Comment:
** Comment:
# nquan = 27
# nvalues = 69                          
# units = specified
# name 0 = scan: Scan Count
# name 1 = timeJ: Julian Days
# name 2 = timeH: Time, Elapsed [hours]
# name 3 = timeM: Time, Elapsed [minutes]
# name 4 = timeS: Time, Elapsed [seconds]
# name 5 = prdM: Pressure, Strain Gauge [db]
# name 6 = specc: Specific Conductance [uS/cm]
# name 7 = sal00: Salinity, Practical [PSU]
# name 8 = tv290C: Temperature [ITS-90, deg C]
# name 9 = depSM: Depth [salt water, m], lat = 59.00
# name 10 = potemp090C: Potential Temperature [ITS-90, deg C]
# name 11 = sigma-é00: Density [sigma-theta, kg/m^3]
# name 12 = sbeox0ML/L: Oxygen, SBE 43 [ml/l]
# name 13 = sbeox0Mg/L: Oxygen, SBE 43 [mg/l]
# name 14 = sbeox0PS: Oxygen, SBE 43 [% saturation]
# name 15 = sbox0Mm/Kg: Oxygen, SBE 43 [umol/kg]
# name 16 = sbeox0Mm/L: Oxygen, SBE 43 [umol/l]
# name 17 = sbox0dV/dT: Oxygen, SBE 43 [dov/dt]
# name 18 = oxsolML/L: Oxygen Saturation, Garcia & Gordon [ml/l]
# name 19 = oxsolMg/L: Oxygen Saturation, Garcia & Gordon [mg/l]
# name 20 = oxsolMm/Kg: Oxygen Saturation, Garcia & Gordon [umol/kg]
# name 21 = n2satMg/L: Nitrogen Saturation [mg/l]
# name 22 = par: PAR/Irradiance, Biospherical/Licor
# name 23 = wetStar: Fluorescence, WET Labs WETstar [mg/m^3]
# name 24 = CStarAt0: Beam Attenuation, WET Labs C-Star [1/m]
# name 25 = CStarTr0: Beam Transmission, WET Labs C-Star [%]
# name 26 = flag: flag
# span 0 =        183,        644       
# span 1 = 262.643606, 262.644938       
# span 2 =    0.01266,    0.04463       
# span 3 =     0.7595,     2.6781       
# span 4 =     45.569,    160.689       
# span 5 =      1.008,     69.644       
# span 6 =  47666.193,  49881.116       
# span 7 =    30.3147,    31.6137       
# span 8 =     9.0049,    10.9811       
# span 9 =      1.000,     69.000       
# span 10 =     8.9989,    10.9679      
# span 11 =    23.1490,    24.4678      
# span 12 =     5.0205,     5.8320      
# span 13 =     7.1748,     8.3345      
# span 14 =     76.124,     91.388      
# span 15 =    218.862,    254.564      
# span 16 =    224.216,    260.457      
# span 17 =   -0.02231,    0.00018      
# span 18 =    6.36785,    6.59653      
# span 19 =    9.10029,    9.42710      
# span 20 =  277.94643,  287.56501      
# span 21 =   14.43070,   14.88581      
# span 22 = 7.1778e-02, 1.4461e+02      
# span 23 =     0.3465,     1.2440      
# span 24 =     0.3245,     1.9285      
# span 25 =    69.9370,    92.2077      
# span 26 = 0.0000e+00, 0.0000e+00      
# interval = meters: 1                  
# start_time = Sep 19 2019 15:26:02 [Instrument's time stamp, header]
# bad_flag = -9.990e-29
*END*
        183 262.643606    0.01266     0.7595     45.569      1.008  47724.988    30.3654    10.9811      1.000    10.9679    23.1724     5.5563     7.9405     87.252    242.524    248.145   -0.00009    6.36785    9.10029  277.94643   14.43070 1.4461e+02     0.8875     1.9285    69.9370 0.0000e+00
        320 262.644002    0.02214     1.3286     79.715      2.019  47686.424    30.3370    10.9566      2.000    10.9451    23.1545     5.8237     8.3225     91.388    254.199    260.085   -0.00057    6.37243    9.10684  278.15206   14.44066 1.1292e+02     1.1757     0.4444    89.6473 0.0000e+00
        326 262.644019    0.02257     1.3541     81.249      3.031  47666.193    30.3147    10.8877      3.000    10.8346    23.1490     5.8320     8.3345     91.371    254.564    260.457   -0.00082    6.38282    9.12169  278.60739   14.46256 9.2374e+01     1.1992     0.4060    90.3488 0.0000e+00
        330 262.644031    0.02286     1.3714     82.283      4.037  47755.358    30.3667    10.7938      4.000    10.7607    23.2054     5.8131     8.3074     90.919    253.723    259.611   -0.00358    6.39365    9.13716  279.06467   14.48424 7.9641e+01     1.2330     0.3868    90.7830 0.0000e+00
        334 262.644043    0.02316     1.3895     83.369      5.046  47821.448    30.4059    10.7311      5.000    10.7121    23.2465     5.7676     8.2425     90.108    251.728    257.580   -0.00802    6.40073    9.14728  279.36246   14.49834 6.9720e+01     1.2377     0.3719    91.1209 0.0000e+00
        339 262.644058    0.02349     1.4096     84.577      6.055  47861.768    30.4299    10.6953      6.000    10.6887    23.2712     5.7171     8.1702     89.263    249.516    255.323   -0.01121    6.40471    9.15298  279.52964   14.50624 6.3205e+01     1.2245     0.3653    91.2735 0.0000e+00
        344 262.644072    0.02384     1.4302     85.812      7.071  47874.107    30.4367    10.6822      7.000    10.6741    23.2787     5.6968     8.1413     88.926    248.631    254.419   -0.00990    6.40627    9.15519  279.59528   14.50936 5.6997e+01     1.2401     0.3641    91.2992 0.0000e+00
        348 262.644084    0.02412     1.4473     86.839      8.068  47888.536    30.4448    10.6676      8.000    10.6610    23.2875     5.6999     8.1457     88.950    248.763    254.556   -0.00695    6.40796    9.15761  279.66658   14.51274 5.1295e+01     1.2146     0.3610    91.3710 0.0000e+00
        353 262.644098    0.02446     1.4675     88.053      9.094  47901.959    30.4523    10.6544      9.000    10.6491    23.2957     5.6983     8.1435     88.904    248.693    254.487   -0.00481    6.40948    9.15979  279.73080   14.51578 4.6359e+01     1.2440     0.3571    91.4602 0.0000e+00
        357 262.644109    0.02472     1.4834     89.002     10.088  47910.527    30.4572    10.6477     10.000    10.6443    23.3006     5.6939     8.1372     88.826    248.501    254.290   -0.00419    6.41022    9.16084  279.76166   14.51724 4.2272e+01     1.2337     0.3549    91.5088 0.0000e+00
        362 262.644122    0.02504     1.5025     90.153     11.110  47913.250    30.4582    10.6425     11.000    10.6353    23.3022     5.6966     8.1411     88.859    248.618    254.411   -0.00268    6.41089    9.16181  279.79069   14.51863 3.8098e+01     1.1969     0.3531    91.5512 0.0000e+00
        366 262.644134    0.02533     1.5199     91.193     12.109  47927.489    30.4658    10.6250     12.000    10.6094    23.3111     5.6933     8.1363     88.777    248.471    254.263   -0.00237    6.41302    9.16485  279.88119   14.52293 3.4315e+01     1.1890     0.3536    91.5392 0.0000e+00
        371 262.644148    0.02567     1.5403     92.421     13.125  47958.209    30.4836    10.5952     13.000    10.5759    23.3300     5.6783     8.1149     88.496    247.811    253.593   -0.00344    6.41643    9.16972  280.02480   14.52973 3.0782e+01     1.1643     0.3613    91.3627 0.0000e+00
        375 262.644162    0.02599     1.5597     93.583     14.129  48011.183    30.5142    10.5409     14.000    10.5088    23.3630     5.6603     8.0891     88.129    247.018    252.789   -0.00493    6.42274    9.17874  280.29105   14.54235 2.7505e+01     1.0970     0.3515    91.5870 0.0000e+00
        380 262.644176    0.02633     1.5797     94.782     15.144  48098.953    30.5645    10.4449     15.000    10.3749    23.4181     5.6434     8.0649     87.710    246.265    252.032   -0.00597    6.43408    9.19495  280.77108   14.56512 2.4704e+01     1.0586     0.3392    91.8719 0.0000e+00
        385 262.644189    0.02665     1.5987     95.922     16.153  48275.901    30.6684    10.2728     16.000    10.1641    23.5276     5.5982     8.0004     86.741    244.269    250.017   -0.01038    6.45396    9.22334  281.60803   14.60475 2.2386e+01     1.0540     0.3322    92.0305 0.0000e+00
        389 262.644201    0.02694     1.6163     96.978     17.166  48550.905    30.8320    10.0294     17.000     9.9270    23.6949     5.5280     7.9000     85.287    241.164    246.878   -0.01689    6.48156    9.26280  282.76642   14.65952 2.0375e+01     0.8845     0.3312    92.0536 0.0000e+00
        393 262.644213    0.02721     1.6327     97.959     18.166  48750.834    30.9526     9.8711     18.000     9.8173    23.8145     5.4509     7.7899     83.873    237.776    243.438   -0.02191    6.49909    9.28784  283.49788   14.69402 1.8350e+01     0.8142     0.3349    91.9676 0.0000e+00
        397 262.644226    0.02753     1.6520     99.119     19.183  48875.822    31.0270     9.7677     19.000     9.7275    23.8892     5.3897     7.7024     82.781    235.087    240.703   -0.02231    6.51073    9.30449  283.98519   14.71702 1.6367e+01     0.7938     0.3321    92.0323 0.0000e+00
        403 262.644241    0.02790     1.6739    100.432     20.185  48999.069    31.1008     9.6712     20.000     9.6389    23.9622     5.3451     7.6387     81.962    233.126    238.712   -0.01985    6.52148    9.31985  284.43362   14.73817 1.4667e+01     0.6931     0.3287    92.1123 0.0000e+00
        410 262.644262    0.02841     1.7048    102.287     21.213  49114.595    31.1696     9.5788     21.000     9.5669    24.0307     5.3171     7.5988     81.402    231.889    237.462   -0.01367    6.53188    9.33471  284.86812   14.75867 1.2948e+01     0.7028     0.3245    92.2077 0.0000e+00
        414 262.644274    0.02867     1.7204    103.223     22.204  49132.328    31.1800     9.5664     22.000     9.5533    24.0408     5.3062     7.5831     81.218    231.411    236.974   -0.01171    6.53323    9.33664  284.92447   14.76132 1.1657e+01     0.5997     0.3251    92.1923 0.0000e+00
        419 262.644287    0.02901     1.7404    104.427     23.219  49183.106    31.2089     9.5184     23.000     9.4622    24.0709     5.3019     7.5770     81.082    231.218    236.784   -0.00872    6.53894    9.34480  285.16502   14.77271 1.0564e+01     0.5907     0.3254    92.1874 0.0000e+00
        423 262.644301    0.02933     1.7600    105.597     24.229  49343.078    31.3043     9.3933     24.000     9.3695    24.1652     5.2809     7.5469     80.587    230.278    235.843   -0.00916    6.55299    9.36488  285.75148   14.80036 9.5036e+00     0.5759     0.3302    92.0767 0.0000e+00
        428 262.644314    0.02964     1.7786    106.718     25.236  49385.299    31.3293     9.3618     25.000     9.3514    24.1897     5.2407     7.4894     79.930    228.521    234.048   -0.01057    6.55651    9.36991  285.89795   14.80726 8.5186e+00     0.5416     0.3319    92.0388 0.0000e+00
        433 262.644329    0.03000     1.8001    108.009     26.241  49417.029    31.3473     9.3329     26.000     9.3165    24.2082     5.2162     7.4545     79.517    227.452    232.958   -0.00976    6.55995    9.37482  286.04265   14.81411 7.5955e+00     0.5390     0.3351    91.9633 0.0000e+00
        440 262.644349    0.03048     1.8287    109.725     27.270  49462.866    31.3740     9.2956     27.000     9.2835    24.2349     5.1992     7.4302     79.204    226.702    232.196   -0.00747    6.56424    9.38096  286.22258   14.82261 6.6975e+00     0.4993     0.3348    91.9703 0.0000e+00
        444 262.644359    0.03073     1.8440    110.643     28.267  49489.714    31.3894     9.2730     28.000     9.2472    24.2504     5.1953     7.4246     79.113    226.529    232.022   -0.00619    6.56687    9.38472  286.33298   14.82782 5.9459e+00     0.5057     0.3454    91.7286 0.0000e+00
        447 262.644369    0.03098     1.8588    111.527     29.269  49553.857    31.4273     9.2244     29.000     9.1919    24.2877     5.1924     7.4203     79.003    226.392    231.890   -0.00542    6.57235    9.39254  286.56115   14.83858 5.3304e+00     0.4789     0.3424    91.7961 0.0000e+00
        452 262.644383    0.03129     1.8771    112.629     30.287  49620.641    31.4672     9.1766     30.000     9.1710    24.3263     5.1710     7.3900     78.616    225.454    230.939   -0.00624    6.57762    9.40008  286.78036   14.84889 4.7895e+00     0.4995     0.3440    91.7606 0.0000e+00
        456 262.644395    0.03160     1.8960    113.757     31.295  49630.990    31.4731     9.1695     31.000     9.1608    24.3320     5.1421     7.3486     78.166    224.191    229.646   -0.00733    6.57842    9.40122  286.81352   14.85045 4.2663e+00     0.4368     0.3438    91.7635 0.0000e+00
        461 262.644409    0.03191     1.9147    114.881     32.301  49647.323    31.4825     9.1583     32.000     9.1526    24.3411     5.1310     7.3327     77.983    223.707    229.151   -0.00643    6.57965    9.40297  286.86433   14.85285 3.7802e+00     0.4357     0.3436    91.7679 0.0000e+00
        466 262.644424    0.03228     1.9372    116.232     33.317  49655.776    31.4873     9.1531     33.000     9.1482    24.3458     5.1246     7.3235     77.878    223.422    228.862   -0.00484    6.58020    9.40377  286.88739   14.85393 3.3437e+00     0.4561     0.3426    91.7905 0.0000e+00
        471 262.644438    0.03262     1.9569    117.415     34.323  49660.526    31.4898     9.1504     34.000     9.1462    24.3482     5.1163     7.3116     77.748    223.059    228.490   -0.00428    6.58050    9.40419  286.89949   14.85450 2.9518e+00     0.4482     0.3408    91.8336 0.0000e+00
        475 262.644450    0.03292     1.9748    118.488     35.338  49662.714    31.4909     9.1497     35.000     9.1458    24.3490     5.1259     7.3254     77.894    223.479    228.921   -0.00211    6.58055    9.40427  286.90182   14.85460 2.6248e+00     0.4184     0.3439    91.7624 0.0000e+00
        479 262.644462    0.03318     1.9911    119.464     36.339  49664.834    31.4918     9.1491     36.000     9.1450    24.3499     5.1256     7.3250     77.889    223.468    228.909   -0.00160    6.58060    9.40434  286.90361   14.85469 2.3506e+00     0.4265     0.3487    91.6514 0.0000e+00
        483 262.644474    0.03349     2.0098    120.588     37.355  49666.244    31.4923     9.1487     37.000     9.1427    24.3504     5.1279     7.3283     77.924    223.567    229.011   -0.00099    6.58063    9.40438  286.90477   14.85474 2.0998e+00     0.4009     0.3394    91.8645 0.0000e+00
        488 262.644487    0.03380     2.0280    121.683     38.358  49684.999    31.5039     9.1402     38.000     9.1315    24.3607     5.1207     7.3180     77.806    223.252    228.690   -0.00140    6.58139    9.40547  286.93498   14.85614 1.8726e+00     0.4092     0.3432    91.7779 0.0000e+00
        493 262.644502    0.03417     2.0499    122.993     39.375  49704.120    31.5153     9.1292     39.000     9.1201    24.3714     5.1123     7.3061     77.666    222.885    228.318   -0.00189    6.58251    9.40707  286.98085   14.85828 1.6375e+00     0.4018     0.3451    91.7350 0.0000e+00
        498 262.644517    0.03450     2.0704    124.223     40.381  49721.887    31.5258     9.1178     40.000     9.1109    24.3814     5.1034     7.2932     77.515    222.493    227.918   -0.00221    6.58373    9.40879  287.03083   14.86063 1.4416e+00     0.4125     0.3443    91.7523 0.0000e+00
        503 262.644530    0.03484     2.0903    125.419     41.387  49734.753    31.5332     9.1090     41.000     9.0959    24.3885     5.0861     7.2686     77.242    221.738    227.146   -0.00331    6.58470    9.41019  287.07135   14.86254 1.2754e+00     0.4054     0.3412    91.8233 0.0000e+00
        509 262.644547    0.03525     2.1148    126.888     42.403  49774.445    31.5567     9.0808     42.000     9.0691    24.4113     5.0762     7.2545     77.055    221.303    226.705   -0.00330    6.58782    9.41466  287.20128   14.86865 1.1324e+00     0.4032     0.3406    91.8376 0.0000e+00
        514 262.644564    0.03565     2.1388    128.326     43.412  49796.399    31.5695     9.0652     43.000     9.0592    24.4237     5.0602     7.2316     76.791    220.601    225.988   -0.00366    6.58957    9.41714  287.27372   14.87207 1.0061e+00     0.3880     0.3422    91.8017 0.0000e+00
        519 262.644578    0.03597     2.1583    129.496     44.432  49801.814    31.5723     9.0616     44.000     9.0527    24.4265     5.0534     7.2218     76.683    220.301    225.683   -0.00342    6.58996    9.41772  287.29042   14.87285 8.9452e-01     0.3924     0.3462    91.7105 0.0000e+00
        522 262.644586    0.03619     2.1714    130.283     45.420  49812.785    31.5786     9.0543     45.000     9.0468    24.4325     5.0525     7.2207     76.661    220.267    225.648   -0.00273    6.59079    9.41889  287.32451   14.87445 7.9661e-01     0.3715     0.3653    91.2735 0.0000e+00
        527 262.644600    0.03651     2.1903    131.418     46.434  49818.093    31.5813     9.0504     46.000     9.0432    24.4353     5.0518     7.2195     76.644    220.230    225.611   -0.00218    6.59124    9.41954  287.34346   14.87535 7.1423e-01     0.3835     0.3723    91.1140 0.0000e+00
        533 262.644618    0.03694     2.2168    133.005     47.449  49831.219    31.5887     9.0408     47.000     9.0331    24.4426     5.0491     7.2158     76.591    220.115    225.495   -0.00162    6.59232    9.42109  287.38862   14.87748 6.3300e-01     0.3772     0.3755    91.0387 0.0000e+00
        539 262.644636    0.03737     2.2420    134.523     48.464  49842.391    31.5950     9.0328     48.000     9.0264    24.4487     5.0396     7.2020     76.435    219.695    225.067   -0.00208    6.59323    9.42239  287.42655   14.87927 5.5970e-01     0.3568     0.3525    91.5647 0.0000e+00
        544 262.644649    0.03769     2.2613    135.677     49.472  49845.820    31.5967     9.0310     49.000     9.0257    24.4504     5.0397     7.2022     76.434    219.700    225.072   -0.00144    6.59343    9.42267  287.43479   14.87965 4.9702e-01     0.3701     0.3559    91.4870 0.0000e+00
        548 262.644660    0.03796     2.2776    136.657     50.473  49846.581    31.5968     9.0306     50.000     9.0255    24.4505     5.0390     7.2013     76.424    219.672    225.044   -0.00120    6.59348    9.42275  287.43714   14.87977 4.4258e-01     0.3697     0.3624    91.3389 0.0000e+00
        553 262.644676    0.03832     2.2994    137.965     51.486  49852.298    31.5995     9.0249     51.000     9.0148    24.4535     5.0360     7.1970     76.370    219.542    224.910   -0.00116    6.59420    9.42377  287.46744   14.88120 3.9670e-01     0.3629     0.3801    90.9382 0.0000e+00
        559 262.644694    0.03876     2.3257    139.543     52.498  49867.427    31.6082     9.0145     52.000     9.0089    24.4619     5.0298     7.1881     76.263    219.268    224.632   -0.00138    6.59534    9.42540  287.51485   14.88344 3.5225e-01     0.3688     0.5041    88.1635 0.0000e+00
        565 262.644711    0.03916     2.3497    140.981     53.508  49870.111    31.6093     9.0121     53.000     9.0044    24.4631     5.0209     7.1753     76.124    218.879    224.234   -0.00179    6.59565    9.42585  287.52808   14.88406 3.1234e-01     0.3778     0.5451    87.2600 0.0000e+00
