CTD-processing/allCTD/CNV/2019_03-19_t9_s08_cast111_4141.cnv
* Sea-Bird SBE19plus Data File:
* FileName = C:\Users\Kim.Powell\Desktop\Not Processed\2019\2019_03-19_AlongBay, T9_4141\2019_03-19_TRANSECT_STATION_cast111.hex
* Software Version 1.59
* Temperature SN =  4141
* Conductivity SN =  4141
* System UpLoad Time = Mar 20 2019 08:47:15
** 2018_03-19
** Station: 9-08
** Start Time: 15:35
** Depth (m): 97.5
** Comment:**CTD time was 1 hour behind**
** Comment:
# nquan = 27
# nvalues = 93                          
# units = specified
# name 0 = scan: Scan Count
# name 1 = timeJ: Julian Days
# name 2 = timeH: Time, Elapsed [hours]
# name 3 = timeM: Time, Elapsed [minutes]
# name 4 = timeS: Time, Elapsed [seconds]
# name 5 = prdM: Pressure, Strain Gauge [db]
# name 6 = specc: Specific Conductance [uS/cm]
# name 7 = sal00: Salinity, Practical [PSU]
# name 8 = tv290C: Temperature [ITS-90, deg C]
# name 9 = depSM: Depth [salt water, m], lat = 59.00
# name 10 = potemp090C: Potential Temperature [ITS-90, deg C]
# name 11 = sigma-é00: Density [sigma-theta, kg/m^3]
# name 12 = sbeox0ML/L: Oxygen, SBE 43 [ml/l]
# name 13 = sbeox0Mg/L: Oxygen, SBE 43 [mg/l]
# name 14 = sbeox0PS: Oxygen, SBE 43 [% saturation]
# name 15 = sbox0Mm/Kg: Oxygen, SBE 43 [umol/kg]
# name 16 = sbeox0Mm/L: Oxygen, SBE 43 [umol/l]
# name 17 = sbox0dV/dT: Oxygen, SBE 43 [dov/dt]
# name 18 = oxsolML/L: Oxygen Saturation, Garcia & Gordon [ml/l]
# name 19 = oxsolMg/L: Oxygen Saturation, Garcia & Gordon [mg/l]
# name 20 = oxsolMm/Kg: Oxygen Saturation, Garcia & Gordon [umol/kg]
# name 21 = n2satMg/L: Nitrogen Saturation [mg/l]
# name 22 = par: PAR/Irradiance, Biospherical/Licor
# name 23 = wetStar: Fluorescence, WET Labs WETstar [mg/m^3]
# name 24 = CStarAt0: Beam Attenuation, WET Labs C-Star [1/m]
# name 25 = CStarTr0: Beam Transmission, WET Labs C-Star [%]
# name 26 = flag: flag
# span 0 =        282,        667       
# span 1 =  78.608358,  78.609474       
# span 2 =    0.01948,    0.04627       
# span 3 =     1.1692,     2.7761       
# span 4 =     70.151,    166.565       
# span 5 =      1.045,     93.882       
# span 6 =  50059.320,  50910.099       
# span 7 =    31.0827,    31.7132       
# span 8 =     5.0970,     5.5300       
# span 9 =      1.000,     93.000       
# span 10 =     5.0948,     5.5230      
# span 11 =    24.5602,    25.0124      
# span 12 =     6.5837,     6.8672      
# span 13 =     9.4087,     9.8140      
# span 14 =     92.198,     94.804      
# span 15 =    286.855,    299.339      
# span 16 =    294.029,    306.690      
# span 17 =   -0.00377,    0.01128      
# span 18 =    7.13989,    7.24355      
# span 19 =   10.20361,   10.35175      
# span 20 =  311.08654,  315.74214      
# span 21 =   16.00759,   16.23181      
# span 22 = 3.6878e-02, 1.6355e+02      
# span 23 =     0.3389,     0.9385      
# span 24 =     0.3160,     0.9182      
# span 25 =    79.4888,    92.4053      
# span 26 = 0.0000e+00, 0.0000e+00      
# interval = meters: 1                  
# start_time = Mar 19 2019 14:34:52 [Instrument's time stamp, header]
# bad_flag = -9.990e-29
*END*
[from data line 54]
        507  78.609012    0.03517     2.1102    126.609     55.530  50855.793    31.6871     5.5007     55.000     5.4970    24.9945     6.6236     9.4659     92.690    288.598    295.812    0.00011    7.14608   10.21246  311.36133   16.02078 6.4984e-02     0.5571     0.3541    91.5278 0.0000e+00
        512  78.609024    0.03547     2.1282    127.694     56.537  50856.219    31.6872     5.5021     56.000     5.4985    24.9945     6.6227     9.4646     92.680    288.559    295.771 1.4155e-07    7.14584   10.21211  311.35084   16.02027 6.1323e-02     0.5771     0.3520    91.5753 0.0000e+00
        516  78.609036    0.03576     2.1458    128.750     57.547  50867.228    31.6949     5.5048     57.000     5.5033    25.0002     6.6190     9.4592     92.638    288.394    295.604   -0.00033    7.14500   10.21092  311.31282   16.01843 5.8213e-02     0.5811     0.3412    91.8237 0.0000e+00
        520  78.609048    0.03605     2.1629    129.777     58.555  50875.124    31.7011     5.5111     58.000     5.5086    25.0045     6.6201     9.4608     92.671    288.442    295.655   -0.00007    7.14365   10.20899  311.25271   16.01555 5.5656e-02     0.5619     0.3287    92.1112 0.0000e+00
        524  78.609061    0.03635     2.1807    130.843     59.565  50874.615    31.7010     5.5143     59.000     5.5101    25.0040     6.6196     9.4601     92.672    288.421    295.633   -0.00019    7.14310   10.20821  311.22909   16.01442 5.3224e-02     0.5754     0.3160    92.4053 0.0000e+00
        529  78.609073    0.03665     2.1986    131.914     60.582  50876.119    31.7016     5.5149     60.000     5.5107    25.0045     6.6279     9.4719     92.789    288.782    296.003    0.00050    7.14297   10.20802  311.22311   16.01414 5.1135e-02     0.5647     0.3176    92.3673 0.0000e+00
        532  78.609083    0.03688     2.2128    132.766     61.580  50885.715    31.7080     5.5160     61.000     5.5128    25.0094     6.6225     9.4641     92.719    288.542    295.759    0.00004    7.14249   10.20732  311.20034   16.01303 4.9467e-02     0.5310     0.3495    91.6347 0.0000e+00
        536  78.609094    0.03715     2.2290    133.738     62.592  50885.115    31.7076     5.5183     62.000     5.5142    25.0088     6.6194     9.4598     92.682    288.411    295.624   -0.00037    7.14211   10.20679  311.18437   16.01227 4.7922e-02     0.5078     0.4368    89.6549 0.0000e+00
        540  78.609106    0.03744     2.2463    134.776     63.609  50887.479    31.7090     5.5196     63.000     5.5155    25.0098     6.6137     9.4516     92.604    288.158    295.365   -0.00067    7.14183   10.20638  311.17138   16.01164 4.6265e-02     0.4857     0.4828    88.6310 0.0000e+00
        544  78.609117    0.03770     2.2621    135.727     64.611  50888.757    31.7096     5.5206     64.000     5.5161    25.0101     6.6101     9.4465     92.557    288.004    295.207   -0.00095    7.14162   10.20608  311.16230   16.01121 4.4900e-02     0.5034     0.5194    87.8237 0.0000e+00
        548  78.609130    0.03801     2.2802    136.812     65.631  50889.942    31.7100     5.5213     65.000     5.5166    25.0104     6.6025     9.4357     92.454    287.676    294.870   -0.00127    7.14148   10.20590  311.15657   16.01093 4.3600e-02     0.4855     0.5438    87.2898 0.0000e+00
        552  78.609141    0.03825     2.2953    137.716     66.627  50892.354    31.7113     5.5219     66.000     5.5175    25.0114     6.5963     9.4268     92.368    287.405    294.593   -0.00167    7.14131   10.20565  311.14877   16.01056 4.2802e-02     0.4545     0.5740    86.6322 0.0000e+00
        556  78.609152    0.03855     2.3129    138.773     67.646  50892.990    31.7116     5.5232     67.000     5.5184    25.0114     6.6018     9.4346     92.448    287.641    294.835   -0.00083    7.14109   10.20533  311.13920   16.01010 4.1758e-02     0.4823     0.6111    85.8317 0.0000e+00
        560  78.609164    0.03883     2.3298    139.786     68.654  50893.512    31.7115     5.5238     68.000     5.5186    25.0114     6.5993     9.4310     92.414    287.532    294.723   -0.00087    7.14101   10.20521  311.13541   16.00992 4.1039e-02     0.4492     0.6216    85.6091 0.0000e+00
        564  78.609175    0.03911     2.3462    140.770     69.660  50893.921    31.7114     5.5239     69.000     5.5186    25.0112     6.5921     9.4207     92.313    287.217    294.400   -0.00127    7.14099   10.20520  311.13498   16.00990 4.0327e-02     0.4932     0.6324    85.3764 0.0000e+00
        568  78.609188    0.03940     2.3638    141.826     70.676  50895.446    31.7120     5.5242     70.000     5.5190    25.0116     6.5901     9.4179     92.287    287.131    294.313   -0.00116    7.14090   10.20506  311.13083   16.00970 3.9792e-02     0.4823     0.6336    85.3512 0.0000e+00
        572  78.609199    0.03966     2.3800    142.798     71.676  50895.070    31.7113     5.5245     71.000     5.5191    25.0111     6.5882     9.4151     92.259    287.045    294.225   -0.00113    7.14089   10.20505  311.13059   16.00969 3.9411e-02     0.4807     0.6390    85.2354 0.0000e+00
        577  78.609213    0.04000     2.3999    143.993     72.699  50895.871    31.7114     5.5247     72.000     5.5190    25.0111     6.5837     9.4087     92.198    286.855    294.029   -0.00117    7.14086   10.20500  311.12889   16.00961 3.8921e-02     0.4964     0.6317    85.3909 0.0000e+00
        581  78.609225    0.04029     2.4170    145.019     73.699  50896.523    31.7113     5.5245     73.000     5.5188    25.0111     6.5864     9.4126     92.235    286.969    294.147   -0.00079    7.14089   10.20504  311.13025   16.00968 3.8704e-02     0.4716     0.6393    85.2288 0.0000e+00
        586  78.609238    0.04060     2.4356    146.135     74.711  50897.207    31.7114     5.5244     74.000     5.5188    25.0112     6.5876     9.4144     92.252    287.024    294.203   -0.00065    7.14090   10.20505  311.13077   16.00971 3.8370e-02     0.4679     0.6419    85.1743 0.0000e+00
        590  78.609251    0.04090     2.4542    147.251     75.724  50897.910    31.7113     5.5246     75.000     5.5189    25.0112     6.5949     9.4249     92.355    287.344    294.530    0.00011    7.14087   10.20502  311.12967   16.00965 3.8161e-02     0.4808     0.6392    85.2325 0.0000e+00
        594  78.609263    0.04120     2.4719    148.312     76.727  50899.217    31.7119     5.5251     76.000     5.5195    25.0115     6.5968     9.4275     92.382    287.425    294.614    0.00022    7.14076   10.20485  311.12445   16.00940 3.7949e-02     0.4850     0.6552    84.8906 0.0000e+00
        599  78.609278    0.04156     2.4935    149.609     77.745  50899.389    31.7115     5.5254     77.000     5.5195    25.0112     6.5941     9.4236     92.345    287.305    294.492   -0.00015    7.14073   10.20481  311.12325   16.00934 3.7691e-02     0.4576     0.6462    85.0827 0.0000e+00
        604  78.609291    0.04188     2.5128    150.766     78.754  50900.534    31.7120     5.5260     78.000     5.5202    25.0115     6.5950     9.4249     92.358    287.345    294.531   -0.00006    7.14061   10.20464  311.11781   16.00908 3.7667e-02     0.4634     0.6509    84.9839 0.0000e+00
        608  78.609303    0.04216     2.5295    151.769     79.759  50900.416    31.7114     5.5260     79.000     5.5200    25.0111     6.5885     9.4157     92.268    287.063    294.243   -0.00064    7.14062   10.20466  311.11850   16.00912 3.7544e-02     0.4722     0.6644    84.6960 0.0000e+00
        612  78.609315    0.04246     2.5477    152.864     80.771  50900.960    31.7114     5.5262     80.000     5.5201    25.0110     6.5901     9.4178     92.290    287.130    294.312   -0.00045    7.14060   10.20462  311.11754   16.00908 3.7453e-02     0.4713     0.6648    84.6870 0.0000e+00
        617  78.609328    0.04277     2.5658    153.951     81.786  50901.577    31.7113     5.5264     81.000     5.5200    25.0110     6.5925     9.4213     92.324    287.237    294.421   -0.00015    7.14057   10.20459  311.11658   16.00902 3.7319e-02     0.4925     0.6718    84.5397 0.0000e+00
        621  78.609339    0.04303     2.5819    154.917     82.788  50903.502    31.7121     5.5262     82.000     5.5201    25.0116     6.5962     9.4265     92.376    287.394    294.582    0.00003    7.14055   10.20456  311.11551   16.00898 3.7238e-02     0.4940     0.6789    84.3888 0.0000e+00
        625  78.609351    0.04331     2.5987    155.922     83.800  50903.612    31.7118     5.5268     83.000     5.5203    25.0114     6.6043     9.4382     92.491    287.752    294.949    0.00068    7.14049   10.20447  311.11300   16.00886 3.7196e-02     0.4848     0.6856    84.2481 0.0000e+00
        629  78.609363    0.04360     2.6159    156.955     84.810  50903.608    31.7113     5.5267     84.000     5.5203    25.0110     6.5942     9.4237     92.349    287.310    294.496   -0.00032    7.14052   10.20452  311.11428   16.00892 3.7128e-02     0.4551     0.6861    84.2366 0.0000e+00
        633  78.609375    0.04389     2.6333    157.999     85.820  50905.264    31.7120     5.5270     85.000     5.5204    25.0115     6.5884     9.4154     92.268    287.056    294.236   -0.00079    7.14044   10.20440  311.11053   16.00874 3.7175e-02     0.4684     0.6840    84.2832 0.0000e+00
        637  78.609387    0.04418     2.6507    159.045     86.831  50905.939    31.7120     5.5268     86.000     5.5201    25.0115     6.5890     9.4163     92.276    287.083    294.263   -0.00059    7.14047   10.20445  311.11199   16.00880 3.7114e-02     0.4793     0.6829    84.3056 0.0000e+00
        641  78.609398    0.04445     2.6672    160.034     87.838  50908.319    31.7132     5.5271     87.000     5.5210    25.0124     6.5866     9.4129     92.245    286.981    294.158   -0.00075    7.14037   10.20430  311.10718   16.00857 3.7071e-02     0.4565     0.6897    84.1608 0.0000e+00
        646  78.609412    0.04476     2.6860    161.158     88.848  50907.377    31.7124     5.5286     88.000     5.5222    25.0116     6.5928     9.4217     92.334    287.249    294.433   -0.00012    7.14015   10.20398  311.09782   16.00813 3.6956e-02     0.4668     0.7122    83.6912 0.0000e+00
        650  78.609425    0.04509     2.7055    162.333     89.869  50908.495    31.7128     5.5293     89.000     5.5227    25.0119     6.5934     9.4225     92.344    287.274    294.459   -0.00005    7.14000   10.20377  311.09139   16.00783 3.6986e-02     0.4580     0.7319    83.2794 0.0000e+00
        654  78.609435    0.04533     2.7198    163.190     90.860  50908.057    31.7121     5.5297     90.000     5.5228    25.0113     6.5860     9.4121     92.242    286.955    294.132   -0.00068    7.13997   10.20373  311.09028   16.00777 3.7001e-02     0.4851     0.7861    82.1587 0.0000e+00
        658  78.609448    0.04564     2.7387    164.320     91.884  50908.853    31.7122     5.5299     91.000     5.5229    25.0113     6.5880     9.4150     92.270    287.043    294.222   -0.00049    7.13993   10.20367  311.08847   16.00768 3.6878e-02     0.4780     0.7870    82.1402 0.0000e+00
        662  78.609460    0.04593     2.7559    165.356     92.885  50910.099    31.7126     5.5300     92.000     5.5230    25.0117     6.5881     9.4151     92.273    287.047    294.227   -0.00034    7.13989   10.20361  311.08654   16.00759 3.6965e-02     0.4748     0.7873    82.1334 0.0000e+00
        667  78.609474    0.04627     2.7761    166.565     93.882  50909.330    31.7116     5.5300     93.000     5.5228    25.0109     6.5847     9.4102     92.223    286.896    294.071   -0.00062    7.13995   10.20369  311.08920   16.00772 3.6999e-02     0.4740     0.7831    82.2195 0.0000e+00
