CTD-processing/allCTD/CNV/2020_09-20_alongbay_skb09_cast022_4141.cnv
* Sea-Bird SBE19plus Data File:
* FileName = E:\2020_09-20_AlongBay\2020_09-20_AlongBay_SKB_cast022.hex
* Software Version 1.59
* Temperature SN =  4141
* Conductivity SN =  4141
* System UpLoad Time = Sep 22 2020 14:57:16
** Cook Inlet LTM Along Bay Extended
** Date: 2020_09-20
** Station:SKB09
** Start Time: (AKDT):14:51
** Depth (m):69
** Comment:
** Comment:
# nquan = 27
# nvalues = 63                          
# units = specified
# name 0 = scan: Scan Count
# name 1 = timeJ: Julian Days
# name 2 = timeH: Time, Elapsed [hours]
# name 3 = timeM: Time, Elapsed [minutes]
# name 4 = timeS: Time, Elapsed [seconds]
# name 5 = prdM: Pressure, Strain Gauge [db]
# name 6 = specc: Specific Conductance [uS/cm]
# name 7 = sal00: Salinity, Practical [PSU]
# name 8 = tv290C: Temperature [ITS-90, deg C]
# name 9 = depSM: Depth [salt water, m], lat = 59.00
# name 10 = potemp090C: Potential Temperature [ITS-90, deg C]
# name 11 = sigma-é00: Density [sigma-theta, kg/m^3]
# name 12 = sbeox0ML/L: Oxygen, SBE 43 [ml/l]
# name 13 = sbeox0Mg/L: Oxygen, SBE 43 [mg/l]
# name 14 = sbeox0PS: Oxygen, SBE 43 [% saturation]
# name 15 = sbox0Mm/Kg: Oxygen, SBE 43 [umol/kg]
# name 16 = sbeox0Mm/L: Oxygen, SBE 43 [umol/l]
# name 17 = sbox0dV/dT: Oxygen, SBE 43 [dov/dt]
# name 18 = oxsolML/L: Oxygen Saturation, Garcia & Gordon [ml/l]
# name 19 = oxsolMg/L: Oxygen Saturation, Garcia & Gordon [mg/l]
# name 20 = oxsolMm/Kg: Oxygen Saturation, Garcia & Gordon [umol/kg]
# name 21 = n2satMg/L: Nitrogen Saturation [mg/l]
# name 22 = par: PAR/Irradiance, Biospherical/Licor
# name 23 = wetStar: Fluorescence, WET Labs WETstar [mg/m^3]
# name 24 = CStarAt0: Beam Attenuation, WET Labs C-Star [1/m]
# name 25 = CStarTr0: Beam Transmission, WET Labs C-Star [%]
# name 26 = flag: flag
# span 0 =        319,        583       
# span 1 = 264.619439, 264.620202       
# span 2 =    0.02209,    0.04041       
# span 3 =     1.3254,     2.4241       
# span 4 =     79.527,    145.447       
# span 5 =      1.020,     63.599       
# span 6 =  44866.614,  48340.255       
# span 7 =    28.4201,    30.7876       
# span 8 =    11.0807,    11.8292       
# span 9 =      1.000,     63.000       
# span 10 =    11.0732,    11.8205      
# span 11 =    21.5537,    23.4847      
# span 12 =     3.3622,     3.5697      
# span 13 =     4.8049,     5.1016      
# span 14 =     53.054,     56.454      
# span 15 =    146.709,    155.858      
# span 16 =    150.154,    159.426      
# span 17 =   -0.00278,    0.00337      
# span 18 =    6.29212,    6.36070      
# span 19 =    8.99207,    9.09009      
# span 20 =  274.88550,  278.07547      
# span 21 =   14.28761,   14.44475      
# span 22 = 4.9833e-02, 8.0717e+01      
# span 23 =     0.5001,     3.3202      
# span 24 =     0.3798,     1.6863      
# span 25 =    66.3177,    90.9406      
# span 26 = 0.0000e+00, 0.0000e+00      
# interval = meters: 1                  
# start_time = Sep 20 2020 14:50:40 [Instrument's time stamp, header]
# bad_flag = -9.990e-29
*END*
        319 264.619439    0.02209     1.3254     79.527      1.020  44866.614    28.4201    11.6077      1.000    11.6272    21.5537     3.4966     4.9969     54.971    152.861    156.156    0.00337    6.36070    9.09009  278.07547   14.44475 8.0717e+01     1.0400     1.6863    66.3177 0.0000e+00
        323 264.619450    0.02236     1.3418     80.507      2.018  45454.423    28.8377    11.6644      2.000    11.6966    21.8676     3.4883     4.9851     55.053    152.453    155.787    0.00295    6.33627    9.05517  276.92243   14.38782 5.6129e+01     1.0684     0.9202    79.7001 0.0000e+00
        327 264.619463    0.02266     1.3593     81.560      3.029  45728.965    29.0367    11.7318      3.000    11.7577    22.0102     3.4905     4.9883     55.236    152.528    155.885    0.00328    6.31921    9.03079  276.13818   14.34945 4.3090e+01     1.0496     0.6706    84.5715 0.0000e+00
        331 264.619474    0.02295     1.3767     82.603      4.037  45964.107    29.2061    11.7770      4.000    11.7891    22.1336     3.4929     4.9917     55.387    152.615    155.992    0.00335    6.30638    9.01245  275.54419   14.32031 3.5911e+01     1.3358     0.5832    86.4339 0.0000e+00
        336 264.619487    0.02324     1.3945     83.669      5.046  46143.651    29.3348    11.8051      5.000    11.8205    22.2284     3.4918     4.9902     55.448    152.555    155.946    0.00274    6.29748    8.99972  275.12958   14.29993 2.9996e+01     1.7050     0.5580    86.9792 0.0000e+00
        340 264.619500    0.02355     1.4130     84.779      6.056  46217.415    29.3887    11.8292      6.000    11.8168    22.2660     3.4966     4.9970     55.572    152.758    156.160    0.00255    6.29212    8.99207  274.88550   14.28801 2.4617e+01     2.2786     0.5499    87.1541 0.0000e+00
        345 264.619513    0.02388     1.4325     85.947      7.067  46416.164    29.5240    11.7834      7.000    11.7540    22.3791     3.5083     5.0137     55.750    153.252    156.681    0.00286    6.29288    8.99315  274.88829   14.28761 1.9913e+01     3.1552     0.5139    87.9451 0.0000e+00
        349 264.619526    0.02418     1.4507     87.042      8.077  46520.051    29.5896    11.7087      8.000    11.6593    22.4432     3.5146     5.0226     55.784    153.515    156.960    0.00220    6.30029    9.00374  275.19467   14.30202 1.6323e+01     3.3202     0.4566    89.2139 0.0000e+00
        353 264.619537    0.02445     1.4670     88.021      9.086  46663.272    29.6812    11.6166      9.000    11.5758    22.5306     3.5260     5.0390     55.888    154.001    157.471    0.00198    6.30903    9.01624  275.55306   14.31882 1.3692e+01     3.0185     0.4288    89.8351 0.0000e+00
        357 264.619549    0.02472     1.4831     88.983     10.096  46806.806    29.7752    11.5480     10.000    11.5359    22.6156     3.5361     5.0535     56.001    154.432    157.924    0.00224    6.31451    9.02407  275.76941   14.32881 1.1516e+01     2.8741     0.4035    90.4045 0.0000e+00
        361 264.619559    0.02498     1.4985     89.911     11.104  46870.368    29.8180    11.5314     11.000    11.5258    22.6518     3.5431     5.0634     56.106    154.729    158.234    0.00221    6.31504    9.02482  275.78276   14.32928 9.7316e+00     2.4525     0.3926    90.6511 0.0000e+00
        364 264.619570    0.02524     1.5143     90.857     12.114  46927.100    29.8567    11.5223     12.000    11.5084    22.6834     3.5498     5.0731     56.215    155.019    158.536    0.00233    6.31472    9.02436  275.76021   14.32804 8.2300e+00     2.3655     0.3906    90.6966 0.0000e+00
        368 264.619581    0.02550     1.5301     91.806     13.123  47031.137    29.9264    11.4900     13.000    11.4669    22.7433     3.5567     5.0828     56.310    155.309    158.840    0.00228    6.31630    9.02662  275.81292   14.33029 6.9798e+00     2.2025     0.3798    90.9406 0.0000e+00
        372 264.619592    0.02577     1.5462     92.773     14.132  47093.111    29.9662    11.4547     14.000    11.4419    22.7804     3.5611     5.0891     56.350    155.494    159.036    0.00188    6.31947    9.03116  275.94178   14.33630 5.9228e+00     2.0106     0.3907    90.6956 0.0000e+00
        376 264.619604    0.02604     1.5626     93.758     15.141  47159.987    30.0107    11.4323     15.000    11.4165    22.8188     3.5626     5.0914     56.364    155.558    159.107    0.00134    6.32073    9.03295  275.98590   14.33824 5.0167e+00     1.9095     0.3946    90.6047 0.0000e+00
        380 264.619615    0.02632     1.5794     94.762     16.152  47245.239    30.0676    11.4041     16.000    11.3919    22.8680     3.5650     5.0947     56.388    155.653    159.212    0.00103    6.32226    9.03514  276.03971   14.34059 4.2416e+00     2.1018     0.3966    90.5607 0.0000e+00
        384 264.619627    0.02661     1.5962     95.769     17.160  47291.922    30.0984    11.3878     17.000    11.3804    22.8948     3.5697     5.1016     56.454    155.858    159.426    0.00106    6.32325    9.03655  276.07545   14.34217 3.5823e+00     1.8948     0.4075    90.3144 0.0000e+00
        388 264.619639    0.02690     1.6138     96.827     18.171  47329.321    30.1232    11.3762     18.000    11.3694    22.9161     3.5683     5.0994     56.425    155.787    159.357    0.00066    6.32382    9.03737  276.09469   14.34299 3.0239e+00     1.7833     0.4197    90.0381 0.0000e+00
        393 264.619652    0.02720     1.6324     97.945     19.179  47383.293    30.1601    11.3681     19.000    11.3639    22.9462     3.5656     5.0956     56.387    155.667    159.239    0.00004    6.32344    9.03683  276.07010   14.34167 2.5523e+00     1.6035     0.4340    89.7180 0.0000e+00
        397 264.619665    0.02753     1.6517     99.102     20.190  47423.285    30.1876    11.3646     20.000    11.3588    22.9681     3.5628     5.0916     56.348    155.542    159.114   -0.00027    6.32282    9.03593  276.03677   14.33997 2.1378e+00     1.6117     0.4440    89.4941 0.0000e+00
        402 264.619679    0.02784     1.6703    100.216     21.201  47539.959    30.2684    11.3535     21.000    11.3422    23.0329     3.5635     5.0926     56.375    155.562    159.146   -0.00015    6.32107    9.03345  275.94332   14.33516 1.7790e+00     1.7688     0.4661    89.0014 0.0000e+00
        406 264.619691    0.02813     1.6880    101.278     22.208  47583.185    30.2967    11.3361     22.000    11.3260    23.0579     3.5596     5.0870     56.302    155.390    158.972   -0.00048    6.32230    9.03520  275.99005   14.33729 1.4857e+00     1.4564     0.4976    88.3042 0.0000e+00
        410 264.619703    0.02843     1.7058    102.350     23.221  47655.455    30.3459    11.3218     23.000    11.3148    23.0987     3.5559     5.0817     56.244    155.221    158.806   -0.00092    6.32227    9.03515  275.97781   14.33651 1.2357e+00     1.4638     0.5197    87.8160 0.0000e+00
        414 264.619714    0.02870     1.7221    103.323     24.228  47771.899    30.4265    11.3101     24.000    11.2940    23.1634     3.5536     5.0785     56.223    155.113    158.706   -0.00078    6.32061    9.03279  275.88815   14.33189 1.0263e+00     1.3264     0.5530    87.0888 0.0000e+00
        418 264.619726    0.02898     1.7384    104.305     25.236  47903.473    30.5157    11.2782     25.000    11.2514    23.2383     3.5493     5.0722     56.147    154.910    158.510   -0.00118    6.32137    9.03387  275.90095   14.33215 8.4556e-01     1.3036     0.6317    85.3957 0.0000e+00
        422 264.619738    0.02926     1.7552    105.313     26.248  47975.221    30.5614    11.2350     26.000    11.2212    23.2813     3.5493     5.0723     56.112    154.906    158.512   -0.00114    6.32539    9.03962  276.06493   14.33981 6.8740e-01     1.3187     0.6948    84.0561 0.0000e+00
        426 264.619749    0.02952     1.7715    106.287     27.257  48014.991    30.5874    11.2189     27.000    11.2135    23.3043     3.5446     5.0656     56.028    154.697    158.302   -0.00142    6.32653    9.04124  276.10824   14.34179 5.5555e-01     1.0480     0.7367    83.1804 0.0000e+00
        430 264.619760    0.02980     1.7878    107.269     28.265  48028.184    30.5958    11.2143     28.000    11.2036    23.3117     3.5413     5.0609     55.973    154.552    158.154   -0.00152    6.32681    9.04164  276.11862   14.34225 4.4944e-01     1.0830     0.7689    82.5132 0.0000e+00
        434 264.619772    0.03009     1.8053    108.316     29.277  48038.010    30.6004    11.1969     29.000    11.1820    23.3184     3.5357     5.0530     55.866    154.308    157.906   -0.00169    6.32898    9.04476  276.21179   14.34669 3.6292e-01     0.9016     0.7670    82.5518 0.0000e+00
        438 264.619784    0.03037     1.8222    109.333     30.285  48063.183    30.6152    11.1725     30.000    11.1593    23.3341     3.5299     5.0445     55.749    154.050    157.644   -0.00220    6.33172    9.04866  276.32671   14.35214 2.9690e-01     0.8247     0.7423    83.0621 0.0000e+00
        442 264.619796    0.03066     1.8396    110.374     31.293  48106.031    30.6434    11.1568     31.000    11.1575    23.3587     3.5262     5.0393     55.682    153.885    157.480   -0.00200    6.33271    9.05008  276.36334   14.35378 2.4431e-01     0.8919     0.7290    83.3371 0.0000e+00
        447 264.619809    0.03097     1.8585    111.507     32.305  48142.384    30.6706    11.1744     32.000    11.1789    23.3768     3.5127     5.0200     55.500    153.295    156.879   -0.00249    6.32923    9.04510  276.20649   14.34616 2.0301e-01     0.9520     0.7174    83.5806 0.0000e+00
        451 264.619822    0.03128     1.8770    112.619     33.313  48147.747    30.6757    11.1904     33.000    11.1891    23.3781     3.5037     5.0071     55.379    152.901    156.476   -0.00278    6.32686    9.04171  276.10245   14.34116 1.6945e-01     0.8610     0.7124    83.6864 0.0000e+00
        456 264.619835    0.03160     1.8961    113.767     34.321  48148.851    30.6763    11.1928     34.000    11.1890    23.3781     3.4986     4.9998     55.300    152.676    156.246   -0.00227    6.32649    9.04119  276.08679   14.34041 1.4362e-01     0.8337     0.7153    83.6262 0.0000e+00
        461 264.619850    0.03196     1.9174    115.041     35.336  48164.805    30.6878    11.1983     35.000    11.1996    23.3861     3.4893     4.9866     55.165    152.273    155.834   -0.00245    6.32530    9.03948  276.03250   14.33776 1.2317e-01     0.8199     0.7165    83.5991 0.0000e+00
        466 264.619863    0.03227     1.9363    116.178     36.342  48162.510    30.6870    11.2097     36.000    11.2074    23.3835     3.4782     4.9707     55.002    151.787    155.336   -0.00273    6.32378    9.03732  275.96706   14.33463 1.0658e-01     0.8349     0.7211    83.5047 0.0000e+00
        470 264.619876    0.03258     1.9549    117.291     37.353  48167.881    30.6910    11.2150     37.000    11.2134    23.3857     3.4732     4.9635     54.931    151.568    155.112   -0.00248    6.32289    9.03605  275.92769   14.33272 9.3877e-02     0.8794     0.7328    83.2602 0.0000e+00
        475 264.619889    0.03289     1.9731    118.383     38.365  48168.481    30.6915    11.2198     38.000    11.2153    23.3853     3.4676     4.9555     54.848    151.324    154.862   -0.00226    6.32222    9.03508  275.89841   14.33132 8.3989e-02     0.9452     0.7338    83.2387 0.0000e+00
        478 264.619900    0.03316     1.9894    119.364     39.370  48164.152    30.6878    11.2173     39.000    11.2076    23.3829     3.4606     4.9456     54.733    151.019    154.551   -0.00243    6.32272    9.03580  275.92090   14.33242 7.6502e-02     0.8755     0.7294    83.3304 0.0000e+00
        483 264.619912    0.03344     2.0063    120.379     40.380  48178.933    30.6968    11.2083     40.000    11.2035    23.3915     3.4553     4.9379     54.641    150.785    154.312   -0.00242    6.32357    9.03701  275.95560   14.33404 7.0691e-02     0.8762     0.7125    83.6851 0.0000e+00
        487 264.619924    0.03373     2.0239    121.433     41.392  48188.726    30.7035    11.2098     41.000    11.2043    23.3965     3.4495     4.9297     54.554    150.534    154.056   -0.00229    6.32310    9.03635  275.93395   14.33297 6.6381e-02     0.9039     0.7000    83.9444 0.0000e+00
        491 264.619935    0.03400     2.0401    122.409     42.400  48199.355    30.7101    11.2042     42.000    11.1936    23.4025     3.4444     4.9225     54.470    150.311    153.829   -0.00229    6.32360    9.03704  275.95366   14.33389 6.3011e-02     0.8716     0.6973    84.0022 0.0000e+00
        495 264.619947    0.03429     2.0569    123.416     43.409  48213.541    30.7186    11.1944     43.000    11.1804    23.4109     3.4403     4.9164     54.394    150.126    153.641   -0.00218    6.32458    9.03847  275.99476   14.33583 6.0413e-02     0.7873     0.6723    84.5284 0.0000e+00
        499 264.619960    0.03458     2.0752    124.510     44.422  48226.764    30.7249    11.1704     44.000    11.1537    23.4200     3.4340     4.9075     54.270    149.853    153.362   -0.00237    6.32759    9.04276  276.12331   14.34196 5.8248e-02     0.7805     0.6996    83.9553 0.0000e+00
        503 264.619972    0.03487     2.0925    125.553     45.428  48245.229    30.7350    11.1465     45.000    11.1307    23.4320     3.4301     4.9018     54.183    149.677    153.184   -0.00227    6.33044    9.04683  276.24446   14.34772 5.6446e-02     0.7145     0.7772    82.3426 0.0000e+00
        508 264.619985    0.03518     2.1109    126.656     46.439  48266.099    30.7474    11.1290     46.000    11.1223    23.4448     3.4270     4.8976     54.120    149.546    153.051   -0.00212    6.33231    9.04950  276.32263   14.35142 5.4969e-02     0.7143     0.8214    81.4364 0.0000e+00
        512 264.619998    0.03551     2.1302    127.815     47.449  48270.086    30.7496    11.1271     47.000    11.1208    23.4468     3.4228     4.8916     54.051    149.360    152.862   -0.00188    6.33248    9.04976  276.32980   14.35175 5.3873e-02     0.6430     0.8339    81.1825 0.0000e+00
        517 264.620011    0.03583     2.1498    128.987     48.458  48283.551    30.7584    11.1243     48.000    11.1164    23.4542     3.4173     4.8837     53.965    149.120    152.618   -0.00190    6.33251    9.04979  276.32901   14.35168 5.2960e-02     0.6327     0.8565    80.7247 0.0000e+00
        522 264.620025    0.03617     2.1701    130.205     49.468  48294.381    30.7651    11.1193     49.000    11.1121    23.4603     3.4137     4.8784     53.903    148.960    152.454   -0.00168    6.33291    9.05036  276.34467   14.35240 5.2244e-02     0.5586     0.8689    80.4748 0.0000e+00
        527 264.620039    0.03650     2.1897    131.381     50.480  48298.819    30.7676    11.1169     50.000    11.1104    23.4626     3.4083     4.8707     53.816    148.723    152.213   -0.00171    6.33315    9.05070  276.35431   14.35286 5.1680e-02     0.5749     0.8911    80.0281 0.0000e+00
        531 264.620052    0.03680     2.2078    132.466     51.488  48301.215    30.7688    11.1159     51.000    11.1093    23.4637     3.4012     4.8607     53.704    148.416    151.899   -0.00205    6.33323    9.05083  276.35790   14.35302 5.1235e-02     0.5470     0.9069    79.7141 0.0000e+00
        535 264.620064    0.03709     2.2256    133.535     52.497  48302.911    30.7694    11.1147     52.000    11.1077    23.4645     3.4009     4.8603     53.699    148.402    151.885   -0.00147    6.33336    9.05100  276.36316   14.35327 5.0900e-02     0.5563     0.9157    79.5391 0.0000e+00
        539 264.620076    0.03739     2.2432    134.590     53.508  48303.625    30.7693    11.1125     53.000    11.1044    23.4647     3.3962     4.8535     53.621    148.197    151.675   -0.00153    6.33367    9.05146  276.37707   14.35394 5.0623e-02     0.5669     0.9199    79.4551 0.0000e+00
