CTD-processing/allCTD/CNV/2020_02-14_t4-01_cast028_4141.cnv
* Sea-Bird SBE19plus Data File:
* FileName = C:\Users\Chris\Desktop\EVOSTC GWA LTM\CTD Data\2020_02-14_T4\2020_02-14_T4-0_Cast028.hex
* Software Version 1.59
* Temperature SN =  4141
* Conductivity SN =  4141
* System UpLoad Time = Feb 17 2020 11:35:42
** Cook Inlet LTM T4
** Date: 2020_02-14
** Station:1
** Start Time: (AKST):12:53
** Depth (m):15
** Comment:
** Comment:
# nquan = 27
# nvalues = 10                          
# units = specified
# name 0 = scan: Scan Count
# name 1 = timeJ: Julian Days
# name 2 = timeH: Time, Elapsed [hours]
# name 3 = timeM: Time, Elapsed [minutes]
# name 4 = timeS: Time, Elapsed [seconds]
# name 5 = prdM: Pressure, Strain Gauge [db]
# name 6 = specc: Specific Conductance [uS/cm]
# name 7 = sal00: Salinity, Practical [PSU]
# name 8 = tv290C: Temperature [ITS-90, deg C]
# name 9 = depSM: Depth [salt water, m], lat = 59.00
# name 10 = potemp090C: Potential Temperature [ITS-90, deg C]
# name 11 = sigma-é00: Density [sigma-theta, kg/m^3]
# name 12 = sbeox0ML/L: Oxygen, SBE 43 [ml/l]
# name 13 = sbeox0Mg/L: Oxygen, SBE 43 [mg/l]
# name 14 = sbeox0PS: Oxygen, SBE 43 [% saturation]
# name 15 = sbox0Mm/Kg: Oxygen, SBE 43 [umol/kg]
# name 16 = sbeox0Mm/L: Oxygen, SBE 43 [umol/l]
# name 17 = sbox0dV/dT: Oxygen, SBE 43 [dov/dt]
# name 18 = oxsolML/L: Oxygen Saturation, Garcia & Gordon [ml/l]
# name 19 = oxsolMg/L: Oxygen Saturation, Garcia & Gordon [mg/l]
# name 20 = oxsolMm/Kg: Oxygen Saturation, Garcia & Gordon [umol/kg]
# name 21 = n2satMg/L: Nitrogen Saturation [mg/l]
# name 22 = par: PAR/Irradiance, Biospherical/Licor
# name 23 = wetStar: Fluorescence, WET Labs WETstar [mg/m^3]
# name 24 = CStarAt0: Beam Attenuation, WET Labs C-Star [1/m]
# name 25 = CStarTr0: Beam Transmission, WET Labs C-Star [%]
# name 26 = flag: flag
# span 0 =        140,        341       
# span 1 =  45.536953,  45.537536       
# span 2 =    0.00966,    0.02364       
# span 3 =     0.5796,     1.4183       
# span 4 =     34.779,     85.097       
# span 5 =      1.007,     10.074       
# span 6 =  51327.340,  51459.173       
# span 7 =    31.5510,    31.6698       
# span 8 =     3.0406,     3.7575       
# span 9 =      1.000,     10.000       
# span 10 =     3.1876,     3.7568      
# span 11 =    25.1285,    25.1626      
# span 12 =     6.8415,     7.0077      
# span 13 =     9.7772,    10.0147      
# span 14 =     90.109,     93.641      
# span 15 =    298.052,    305.289      
# span 16 =    305.542,    312.964      
# span 17 =   -0.00103,    0.01040      
# span 18 =    7.45445,    7.59319      
# span 19 =   10.65317,   10.85143      
# span 20 =  324.74957,  330.79967      
# span 21 =   16.65797,   16.94589      
# span 22 = 2.0847e+01, 1.2021e+02      
# span 23 =     0.3920,     0.6203      
# span 24 =     0.5605,     0.9917      
# span 25 =    78.1137,    86.9250      
# span 26 = 0.0000e+00, 0.0000e+00      
# interval = meters: 1                  
# start_time = Feb 14 2020 12:52:38 [Instrument's time stamp, header]
# bad_flag = -9.990e-29
*END*
        140  45.536953    0.00966     0.5796     34.779      1.007  51459.173    31.5510     3.0406      1.000     3.1876    25.1285     6.8415     9.7772     90.109    298.052    305.542    0.01040    7.59319   10.85143  330.79967   16.94589 1.2021e+02     0.4308     0.9917    78.1137 0.0000e+00
        302  45.537422    0.02090     1.2541     75.244      2.027  51350.989    31.6236     3.6072      2.000     3.6125    25.1379     7.0077    10.0147     93.641    305.289    312.964    0.00554    7.48336   10.69447  326.01173   16.71809 7.9335e+01     0.3920     0.7366    83.1751 0.0000e+00
        301  45.537419    0.02082     1.2494     74.964      3.023  51343.777    31.6157     3.5986      3.000     3.6035    25.1324     6.9768     9.9706     93.206    303.946    311.585    0.00247    7.48542   10.69741  326.10305   16.72246 6.1149e+01     0.4103     0.6857    84.2491 0.0000e+00
        308  45.537438    0.02129     1.2774     76.643      4.036  51370.016    31.6391     3.6229      4.000     3.6396    25.1488     6.9622     9.9496     93.080    303.301    310.929    0.00088    7.47977   10.68934  325.85192   16.71043 4.9477e+01     0.4496     0.6676    84.6299 0.0000e+00
        314  45.537458    0.02177     1.3061     78.367      5.056  51327.340    31.6220     3.6731      5.000     3.6702    25.1305     6.9581     9.9437     93.128    303.128    310.746    0.00089    7.47143   10.67742  325.49433   16.69349 4.2222e+01     0.4987     0.6396    85.2241 0.0000e+00
        319  45.537471    0.02208     1.3248     79.487      6.055  51383.363    31.6600     3.6750      6.000     3.6973    25.1606     6.9532     9.9368     93.092    302.908    310.529    0.00032    7.46916   10.67417  325.38566   16.68818 3.6096e+01     0.5416     0.6242    85.5510 0.0000e+00
        324  45.537485    0.02241     1.3444     80.664      7.059  51375.799    31.6698     3.7375      7.000     3.7524    25.1626     6.9504     9.9329     93.204    302.787    310.406    0.00079    7.45723   10.65714  324.86565   16.66342 3.1943e+01     0.5712     0.5923    86.2374 0.0000e+00
        331  45.537507    0.02295     1.3767     82.600      8.085  51337.214    31.6478     3.7569      8.000     3.7544    25.1433     6.9413     9.9199     93.112    302.396    310.000    0.00001    7.45479   10.65363  324.76505   16.65872 2.7867e+01     0.5942     0.5605    86.9250 0.0000e+00
        336  45.537521    0.02330     1.3979     83.874      9.086  51344.930    31.6521     3.7554      9.000     3.7559    25.1469     6.9298     9.9033     92.956    301.891    309.483   -0.00103    7.45486   10.65373  324.76694   16.65880 2.4461e+01     0.6203     0.5652    86.8235 0.0000e+00
        341  45.537536    0.02364     1.4183     85.097     10.074  51345.174    31.6523     3.7575     10.000     3.7568    25.1469     6.9345     9.9100     93.024    302.095    309.691   -0.00034    7.45445   10.65317  324.74957   16.65797 2.0847e+01     0.6144     0.5639    86.8518 0.0000e+00
