CTD-processing/allCTD/CNV/2020_12-28_alongbay_skb10_cast099_5028.cnv
* Sea-Bird SBE19plus Data File:
* FileName = C:\Users\steve\Desktop\GWA CTD\2020_12-28_AlongBay\2020_12-28_AlongBay_SKB1_cast099.hex
* Software Version 1.59
* Temperature SN =  5028
* Conductivity SN =  5028
* System UpLoad Time = Dec 29 2020 12:27:06
** Cook Inlet LTM AlongBay
** Date: 12-28-2020
** Station:SKB10
** Start Time (AKST):13:12
** Depth (m):67
** Comment:
** Comment:
# nquan = 27
# nvalues = 60                          
# units = specified
# name 0 = scan: Scan Count
# name 1 = timeJ: Julian Days
# name 2 = timeH: Time, Elapsed [hours]
# name 3 = timeM: Time, Elapsed [minutes]
# name 4 = timeS: Time, Elapsed [seconds]
# name 5 = prdM: Pressure, Strain Gauge [db]
# name 6 = specc: Specific Conductance [uS/cm]
# name 7 = sal00: Salinity, Practical [PSU]
# name 8 = tv290C: Temperature [ITS-90, deg C]
# name 9 = depSM: Depth [salt water, m], lat = 59.00
# name 10 = potemp090C: Potential Temperature [ITS-90, deg C]
# name 11 = sigma-é00: Density [sigma-theta, kg/m^3]
# name 12 = sbeox0ML/L: Oxygen, SBE 43 [ml/l]
# name 13 = sbeox0Mg/L: Oxygen, SBE 43 [mg/l]
# name 14 = sbeox0PS: Oxygen, SBE 43 [% saturation]
# name 15 = sbox0Mm/Kg: Oxygen, SBE 43 [umol/kg]
# name 16 = sbeox0Mm/L: Oxygen, SBE 43 [umol/l]
# name 17 = sbox0dV/dT: Oxygen, SBE 43 [dov/dt]
# name 18 = oxsolML/L: Oxygen Saturation, Garcia & Gordon [ml/l]
# name 19 = oxsolMg/L: Oxygen Saturation, Garcia & Gordon [mg/l]
# name 20 = oxsolMm/Kg: Oxygen Saturation, Garcia & Gordon [umol/kg]
# name 21 = potemp090C: Potential Temperature [ITS-90, deg C]
# name 22 = n2satMg/L: Nitrogen Saturation [mg/l]
# name 23 = par: PAR/Irradiance, Biospherical/Licor
# name 24 = flECO-AFL: Fluorescence, WET Labs ECO-AFL/FL [mg/m^3]
# name 25 = turbWETntu0: Turbidity, WET Labs ECO [NTU]
# name 26 = flag: flag
# span 0 =        269,        541       
# span 1 = 363.550567, 363.551353       
# span 2 =    0.01861,    0.03748       
# span 3 =     1.1166,     2.2485       
# span 4 =     66.995,    134.912       
# span 5 =      1.009,     60.575       
# span 6 =  49762.849,  50137.532       
# span 7 =    30.9204,    31.3249       
# span 8 =     5.1667,     6.1848       
# span 9 =      1.000,     60.000       
# span 10 =     5.1644,     6.1800      
# span 11 =    24.4103,    24.6287      
# span 12 =     6.3130,    10.9797      
# span 13 =     9.0219,    15.6911      
# span 14 =     87.573,    155.418      
# span 15 =    275.217,    478.588      
# span 16 =    281.937,    490.353      
# span 17 =   -0.02870,    0.05349      
# span 18 =    7.04870,    7.23917      
# span 19 =   10.07330,   10.34550      
# span 20 =  307.22864,  315.58858      
# span 21 =     5.1656,     6.1799      
# span 22 =   15.82539,   16.22510      
# span 23 = 3.7977e-02, 3.0085e+01      
# span 24 =     0.2376,     0.2857      
# span 25 =     0.5364,     1.1547      
# span 26 = 0.0000e+00, 0.0000e+00      
# interval = meters: 1                  
# start_time = Dec 28 2020 13:11:42 [Instrument's time stamp, header]
# bad_flag = -9.990e-29
*END*
        269 363.550567    0.01861     1.1166     66.995      1.009  49770.193    30.9344     5.3444      1.000     5.3432    24.4163     6.3130     9.0219     87.573    275.217    281.937    0.02403    7.20876   10.30204  314.26996     5.3443   16.16235 3.0085e+01     0.2599     0.7633 0.0000e+00
        274 363.550583    0.01899     1.1392     68.352      2.019  49771.963    30.9344     5.3410      2.000     5.3397    24.4167     6.4759     9.2547     89.826    282.320    289.214    0.02777    7.20934   10.30287  314.29512     5.3409   16.16354 2.8195e+01     0.2743     0.7743 0.0000e+00
        279 363.550597    0.01934     1.1604     69.624      3.028  49772.110    30.9334     5.3381      3.000     5.3356    24.4163     6.5560     9.3692     90.931    285.813    292.792    0.02450    7.20989   10.30365  314.31903     5.3379   16.16469 2.8248e+01     0.2827     0.7635 0.0000e+00
        284 363.550612    0.01967     1.1806     70.839      4.037  49762.849    30.9243     5.3268      4.000     5.3167    24.4103     6.6435     9.4941     92.113    289.626    296.696    0.02313    7.21227   10.30706  314.42497     5.3265   16.16977 2.5609e+01     0.2832     0.7621 0.0000e+00
        289 363.550626    0.02002     1.2009     72.055      5.047  49774.484    30.9275     5.3060      5.000     5.3012    24.4151     6.7222     9.6067     93.161    293.058    300.213    0.02117    7.21568   10.31194  314.57229     5.3057   16.17677 2.1034e+01     0.2574     0.7614 0.0000e+00
        294 363.550639    0.02033     1.2195     73.171      6.056  49779.325    30.9288     5.2979      6.000     5.2950    24.4170     6.8535     9.7943     94.963    298.781    306.077    0.02460    7.21702   10.31385  314.63009     5.2974   16.17951 1.7912e+01     0.2587     0.7644 0.0000e+00
        298 363.550651    0.02063     1.2377     74.262      7.066  49777.585    30.9258     5.2920      7.000     5.2867    24.4153     6.9759     9.9693     96.643    304.118    311.543    0.02636    7.21819   10.31552  314.68139     5.2914   16.18197 1.5016e+01     0.2533     0.7770 0.0000e+00
        302 363.550664    0.02092     1.2554     75.326      8.075  49777.409    30.9229     5.2804      8.000     5.2740    24.4143     7.1486    10.2160     99.006    311.647    319.255    0.03150    7.22032   10.31856  314.77456     5.2798   16.18641 1.2602e+01     0.2581     0.7702 0.0000e+00
        307 363.550676    0.02123     1.2736     76.413      9.085  49783.726    30.9244     5.2689      9.000     5.2645    24.4167     7.3399    10.4895    101.629    319.989    327.802    0.03649    7.22224   10.32131  314.85762     5.2682   16.19036 1.0554e+01     0.2785     0.7659 0.0000e+00
        311 363.550689    0.02152     1.2913     77.481     10.094  49788.405    30.9256     5.2614     10.000     5.2579    24.4184     7.5307    10.7622    104.254    328.306    336.323    0.04047    7.22347   10.32306  314.91072     5.2606   16.19289 8.8535e+00     0.2718     0.7731 0.0000e+00
        315 363.550700    0.02182     1.3089     78.535     11.104  49783.870    30.9204     5.2537     11.000     5.2430    24.4152     7.6827    10.9795    106.335    334.935    343.113    0.04065    7.22504   10.32530  314.97994     5.2529   16.19620 7.3830e+00     0.2615     0.7761 0.0000e+00
        319 363.550713    0.02211     1.3265     79.593     12.113  49796.552    30.9241     5.2319     12.000     5.2256    24.4206     7.8016    11.1494    107.927    340.116    348.422    0.03817    7.22861   10.33041  315.13421     5.2311   16.20353 6.1912e+00     0.2643     0.7790 0.0000e+00
        324 363.550725    0.02241     1.3447     80.681     13.122  49804.756    30.9277     5.2239     13.000     5.2178    24.4242     7.8819    11.2640    109.019    343.614    352.006    0.03326    7.22983   10.33215  315.18596     5.2230   16.20598 5.1590e+00     0.2679     0.7802 0.0000e+00
        328 363.550738    0.02271     1.3622     81.734     14.133  49806.145    30.9249     5.2084     14.000     5.1976    24.4238     7.9668    11.3854    110.151    347.316    355.799    0.03012    7.23266   10.33619  315.30937     5.2073   16.21186 4.3349e+00     0.2539     0.7720 0.0000e+00
        333 363.550751    0.02303     1.3816     82.898     15.142  49817.659    30.9273     5.1841     15.000     5.1723    24.4283     8.0545    11.5107    111.300    351.135    359.713    0.02716    7.23672   10.34200  315.48515     5.1831   16.22022 3.6215e+00     0.2497     0.7934 0.0000e+00
        337 363.550764    0.02333     1.3999     83.994     16.152  49840.652    30.9390     5.1667     16.000     5.1644    24.4394     8.1608    11.6627    112.732    355.768    364.463    0.02670    7.23917   10.34550  315.58858     5.1656   16.22510 3.0418e+00     0.2669     0.8158 0.0000e+00
        342 363.550778    0.02367     1.4204     85.221     17.161  49867.291    30.9581     5.1729     17.000     5.1842    24.4539     8.3089    11.8742    114.809    362.217    371.076    0.02914    7.23718   10.34265  315.49740     5.1717   16.22068 2.5444e+00     0.2857     0.8156 0.0000e+00
        346 363.550791    0.02399     1.4394     86.364     18.171  49882.592    30.9753     5.2077     18.000     5.2252    24.4637     8.4689    12.1029    117.131    369.188    378.220    0.03264    7.23032   10.33285  315.19544     5.2064   16.20624 2.1327e+00     0.2720     0.8062 0.0000e+00
        351 363.550806    0.02433     1.4599     87.596     19.180  49882.957    30.9848     5.2547     19.000     5.2709    24.4661     8.6687    12.3884    120.037    377.899    387.145    0.03770    7.22177   10.32062  314.82160     5.2533   16.18840 1.7855e+00     0.2676     0.8089 0.0000e+00
        356 363.550819    0.02464     1.4787     88.725     20.190  49870.913    30.9826     5.2869     20.000     5.2970    24.4609     8.8615    12.6639    122.799    386.304    395.753    0.04126    7.21633   10.31286  314.58643     5.2854   16.17722 1.4963e+00     0.2645     0.8239 0.0000e+00
        361 363.550832    0.02497     1.4984     89.902     21.200  49919.905    31.0239     5.3269     21.000     5.3671    24.4892     9.0694    12.9611    125.836    395.358    405.039    0.04484    7.20746   10.30019  314.19108     5.3254   16.15822 1.2537e+00     0.2449     0.8319 0.0000e+00
        365 363.550846    0.02529     1.5174     91.046     22.209  49916.242    31.0415     5.4282     22.000     5.4623    24.4919     9.2858    13.2704    129.166    404.792    414.706    0.04929    7.18928   10.27420  313.39742     5.4265   16.12037 1.0516e+00     0.2554     0.8269 0.0000e+00
        370 363.550858    0.02560     1.5359     92.156     23.218  49879.014    31.0283     5.4917     23.000     5.5042    24.4744     9.5015    13.5786    132.352    414.201    424.338    0.05253    7.17904   10.25956  312.95649     5.4900   16.09943 8.8608e-01     0.2626     0.8168 0.0000e+00
        374 363.550871    0.02590     1.5540     93.243     24.228  49901.539    31.0499     5.5242     24.000     5.5443    24.4878     9.6782    13.8311    134.937    421.897    432.228    0.05161    7.17248   10.25019  312.66643     5.5224   16.08553 7.4881e-01     0.2472     0.8168 0.0000e+00
        378 363.550884    0.02621     1.5725     94.349     25.238  49933.823    31.0827     5.5798     25.000     5.6071    24.5075     9.8657    14.0992    137.764    430.065    440.605    0.05185    7.16146   10.23445  312.18026     5.5779   16.06225 6.3123e-01     0.2396     0.8063 0.0000e+00
        383 363.550896    0.02650     1.5899     95.394     26.247  49936.686    31.0959     5.6384     26.000     5.6580    24.5112    10.0593    14.3759    140.675    438.502    449.251    0.05349    7.15088   10.21932  311.71773     5.6365   16.04017 5.3296e-01     0.2405     0.8118 0.0000e+00
        387 363.550909    0.02682     1.6089     96.533     27.257  49933.035    31.1012     5.6800     27.000     5.6921    24.5106    10.2473    14.6444    143.448    446.695    457.644    0.05282    7.14359   10.20892  311.40044     5.6779   16.02504 4.5210e-01     0.2669     0.8098 0.0000e+00
        391 363.550921    0.02711     1.6266     97.595     28.266  49970.127    31.1332     5.7155     28.000     5.7398    24.5319    10.3997    14.8622    145.736    453.329    464.450    0.05047    7.13607   10.19815  311.06570     5.7134   16.00896 3.8319e-01     0.2640     0.8107 0.0000e+00
        396 363.550934    0.02742     1.6452     98.709     29.276  49992.379    31.1602     5.7769     29.000     5.8011    24.5461    10.5587    15.0894    148.205    460.254    471.551    0.04923    7.12445   10.18156  310.55512     5.7746   15.98453 3.2704e-01     0.2542     0.7898 0.0000e+00
        400 363.550947    0.02773     1.6638     99.827     30.285  50014.819    31.1867     5.8358     30.000     5.8642    24.5602    10.6952    15.2846    150.357    466.199    477.650    0.04671    7.11330   10.16561  310.06465     5.8334   15.96106 2.8039e-01     0.2610     0.7424 0.0000e+00
        405 363.550960    0.02804     1.6825    100.951     31.295  50055.420    31.2291     5.9123     31.000     5.9517    24.5848    10.8087    15.4466    152.270    471.133    482.716    0.04345    7.09848   10.14444  309.41152     5.9098   15.92977 2.4341e-01     0.2534     0.6935 0.0000e+00
        410 363.550974    0.02838     1.7028    102.171     32.305  50086.755    31.2710     6.0197     32.000     6.0549    24.6051    10.9039    15.5828    154.043    475.277    486.971    0.03960    7.07860   10.11603  308.53883     6.0171   15.88803 2.1249e-01     0.2472     0.6499 0.0000e+00
        414 363.550988    0.02870     1.7221    103.327     33.314  50055.340    31.2623     6.0898     33.000     6.0978    24.5899    10.9601    15.6630    155.081    477.730    489.477    0.03362    7.06734   10.09994  308.05249     6.0871   15.86490 1.8738e-01     0.2443     0.5966 0.0000e+00
        419 363.551002    0.02906     1.7433    104.597     34.323  50042.070    31.2562     6.1080     34.000     6.1061    24.5829    10.9797    15.6911    155.418    478.588    490.353    0.02447    7.06460   10.09603  307.93518     6.1053   15.85933 1.6629e-01     0.2408     0.5558 0.0000e+00
        424 363.551017    0.02939     1.7636    105.814     35.334  50042.940    31.2565     6.1093     35.000     6.1067    24.5831    10.9751    15.6845    155.358    478.386    490.147    0.01638    7.06437   10.09569  307.92497     6.1065   15.85884 1.4802e-01     0.2415     0.5437 0.0000e+00
        430 363.551032    0.02977     1.7860    107.163     36.343  50045.958    31.2583     6.1100     36.000     6.1077    24.5844    10.9680    15.6743    155.262    478.076    489.830    0.01031    7.06417   10.09541  307.91591     6.1071   15.85840 1.3247e-01     0.2536     0.5364 0.0000e+00
        435 363.551046    0.03011     1.8064    108.384     37.353  50050.208    31.2611     6.1119     37.000     6.1098    24.5864    10.9531    15.6531    155.062    477.430    489.168    0.00594    7.06372   10.09476  307.89566     6.1090   15.85743 1.1905e-01     0.2667     0.5390 0.0000e+00
        440 363.551061    0.03048     1.8284    109.705     38.362  50052.627    31.2627     6.1141     38.000     6.1117    24.5874    10.9334    15.6248    154.792    476.566    488.284    0.00245    7.06328   10.09414  307.87650     6.1110   15.85651 1.0716e-01     0.2612     0.5444 0.0000e+00
        444 363.551074    0.03078     1.8469    110.813     39.372  50055.806    31.2647     6.1157     39.000     6.1136    24.5888    10.9194    15.6050    154.602    475.958    487.660    0.00053    7.06292   10.09361  307.85988     6.1126   15.85571 9.6910e-02     0.2690     0.5551 0.0000e+00
        449 363.551088    0.03112     1.8671    112.026     40.382  50060.314    31.2679     6.1186     40.000     6.1165    24.5910    10.8960    15.5715    154.285    474.938    486.617   -0.00131    7.06229   10.09273  307.83210     6.1154   15.85437 8.8150e-02     0.2695     0.5539 0.0000e+00
        454 363.551101    0.03143     1.8856    113.133     41.391  50060.296    31.2678     6.1205     41.000     6.1170    24.5907    10.8640    15.5257    153.838    473.541    485.185   -0.00347    7.06198   10.09228  307.81868     6.1172   15.85373 8.0688e-02     0.2486     0.5491 0.0000e+00
        458 363.551114    0.03174     1.9044    114.267     42.401  50060.536    31.2673     6.1193     42.000     6.1152    24.5904    10.8230    15.4672    153.252    471.755    483.356   -0.00560    7.06221   10.09260  307.82870     6.1159   15.85421 7.4305e-02     0.2420     0.5458 0.0000e+00
        463 363.551127    0.03205     1.9229    115.376     43.411  50063.112    31.2684     6.1182     43.000     6.1147    24.5914    10.7764    15.4005    152.590    469.722    481.273   -0.00769    7.06233   10.09278  307.83354     6.1148   15.85444 6.8733e-02     0.2414     0.5767 0.0000e+00
        467 363.551140    0.03236     1.9417    116.505     44.420  50065.168    31.2693     6.1185     44.000     6.1151    24.5922    10.7245    15.3264    151.857    467.462    478.958   -0.00941    7.06225   10.09266  307.82975     6.1149   15.85425 6.3944e-02     0.2447     0.5783 0.0000e+00
        471 363.551153    0.03267     1.9602    117.613     45.430  50066.734    31.2701     6.1189     45.000     6.1155    24.5927    10.6701    15.2486    151.089    465.089    476.527   -0.01093    7.06214   10.09250  307.82483     6.1153   15.85402 5.9866e-02     0.2376     0.5542 0.0000e+00
        476 363.551166    0.03299     1.9793    118.761     46.439  50072.130    31.2735     6.1201     46.000     6.1176    24.5953    10.5982    15.1459    150.078    461.954    473.316   -0.01305    7.06179   10.09200  307.80879     6.1164   15.85324 5.6405e-02     0.2487     0.5635 0.0000e+00
        481 363.551179    0.03330     1.9984    119.904     47.450  50081.475    31.2802     6.1238     47.000     6.1224    24.6002    10.5144    15.0261    148.910    458.296    469.571   -0.01551    7.06086   10.09067  307.76671     6.1200   15.85121 5.3444e-02     0.2546     0.5723 0.0000e+00
        485 363.551193    0.03362     2.0175    121.050     48.459  50092.571    31.2886     6.1300     48.000     6.1300    24.6060    10.4258    14.8994    147.685    454.432    465.614   -0.01755    7.05943   10.08864  307.70284     6.1262   15.84813 5.0879e-02     0.2558     0.5665 0.0000e+00
        490 363.551206    0.03395     2.0368    122.207     49.468  50108.641    31.3012     6.1403     49.000     6.1420    24.6147    10.3253    14.7559    146.310    450.052    461.129   -0.01962    7.05714   10.08536  307.60026     6.1364   15.84319 4.8673e-02     0.2522     0.5832 0.0000e+00
        494 363.551219    0.03427     2.0560    123.357     50.478  50116.315    31.3084     6.1529     50.000     6.1525    24.6189    10.2106    14.5920    144.734    445.049    456.006   -0.02230    7.05472   10.08190  307.49361     6.1489   15.83808 4.6699e-02     0.2519     0.5990 0.0000e+00
        499 363.551233    0.03457     2.0746    124.478     51.488  50115.401    31.3085     6.1591     51.000     6.1562    24.6182    10.1011    14.4355    143.203    440.277    451.116   -0.02411    7.05370   10.08043  307.44915     6.1549   15.83596 4.4896e-02     0.2512     0.6383 0.0000e+00
        503 363.551245    0.03489     2.0935    125.611     52.497  50118.115    31.3104     6.1619     52.000     6.1590    24.6194     9.9921    14.2797    141.669    435.524    446.246   -0.02536    7.05313   10.07963  307.42421     6.1577   15.83476 4.3262e-02     0.2658     0.6501 0.0000e+00
        508 363.551258    0.03520     2.1120    126.719     53.507  50119.294    31.3113     6.1646     53.000     6.1610    24.6198     9.8879    14.1307    140.200    430.980    441.591   -0.02598    7.05266   10.07896  307.40359     6.1602   15.83378 4.1806e-02     0.2605     0.6814 0.0000e+00
