CTD-processing/allCTD/CNV/2020_09-20_alongbay_skb12_cast025_4141.cnv
* Sea-Bird SBE19plus Data File:
* FileName = E:\2020_09-20_AlongBay\2020_09-20_AlongBay_SKB_cast025.hex
* Software Version 1.59
* Temperature SN =  4141
* Conductivity SN =  4141
* System UpLoad Time = Sep 22 2020 15:00:51
** Cook Inlet LTM Along Bay Extended
** Date: 2020_09-20
** Station:SKB12
** Start Time: (AKDT):15:34
** Depth (m):77
** Comment:Close on turbidity.
** Comment:
# nquan = 27
# nvalues = 71                          
# units = specified
# name 0 = scan: Scan Count
# name 1 = timeJ: Julian Days
# name 2 = timeH: Time, Elapsed [hours]
# name 3 = timeM: Time, Elapsed [minutes]
# name 4 = timeS: Time, Elapsed [seconds]
# name 5 = prdM: Pressure, Strain Gauge [db]
# name 6 = specc: Specific Conductance [uS/cm]
# name 7 = sal00: Salinity, Practical [PSU]
# name 8 = tv290C: Temperature [ITS-90, deg C]
# name 9 = depSM: Depth [salt water, m], lat = 59.00
# name 10 = potemp090C: Potential Temperature [ITS-90, deg C]
# name 11 = sigma-é00: Density [sigma-theta, kg/m^3]
# name 12 = sbeox0ML/L: Oxygen, SBE 43 [ml/l]
# name 13 = sbeox0Mg/L: Oxygen, SBE 43 [mg/l]
# name 14 = sbeox0PS: Oxygen, SBE 43 [% saturation]
# name 15 = sbox0Mm/Kg: Oxygen, SBE 43 [umol/kg]
# name 16 = sbeox0Mm/L: Oxygen, SBE 43 [umol/l]
# name 17 = sbox0dV/dT: Oxygen, SBE 43 [dov/dt]
# name 18 = oxsolML/L: Oxygen Saturation, Garcia & Gordon [ml/l]
# name 19 = oxsolMg/L: Oxygen Saturation, Garcia & Gordon [mg/l]
# name 20 = oxsolMm/Kg: Oxygen Saturation, Garcia & Gordon [umol/kg]
# name 21 = n2satMg/L: Nitrogen Saturation [mg/l]
# name 22 = par: PAR/Irradiance, Biospherical/Licor
# name 23 = wetStar: Fluorescence, WET Labs WETstar [mg/m^3]
# name 24 = CStarAt0: Beam Attenuation, WET Labs C-Star [1/m]
# name 25 = CStarTr0: Beam Transmission, WET Labs C-Star [%]
# name 26 = flag: flag
# span 0 =        285,        591       
# span 1 = 264.649572, 264.650458       
# span 2 =    0.01973,    0.04099       
# span 3 =     1.1837,     2.4595       
# span 4 =     71.021,    147.571       
# span 5 =      1.021,     71.660       
# span 6 =  42412.096,  48454.999       
# span 7 =    26.7102,    30.8674       
# span 8 =    11.0966,    11.6669       
# span 9 =      1.000,     71.000       
# span 10 =    11.0880,    11.6618      
# span 11 =    20.2208,    23.5441      
# span 12 =     3.2858,     3.4907      
# span 13 =     4.6957,     4.9886      
# span 14 =     51.893,     55.282      
# span 15 =    143.367,    152.368      
# span 16 =    146.741,    155.894      
# span 17 =   -0.00257,    0.00418      
# span 18 =    6.30140,    6.42392      
# span 19 =    9.00534,    9.18042      
# span 20 =  275.19697,  281.20619      
# span 21 =   14.30081,   14.60166      
# span 22 = 4.8362e-02, 1.1045e+02      
# span 23 =     0.4502,     1.6271      
# span 24 =     0.3117,     2.8460      
# span 25 =    49.1207,    92.5033      
# span 26 = 0.0000e+00, 0.0000e+00      
# interval = meters: 1                  
# start_time = Sep 20 2020 15:34:12 [Instrument's time stamp, header]
# bad_flag = -9.990e-29
*END*
[from data line 54]
        521 264.650254    0.03608     2.1646    129.878     55.527  48344.680    30.8009    11.1426     55.000    11.1338    23.4841     3.3446     4.7798     52.851    145.943    149.371   -0.00119    6.32832    9.04380  276.13778   14.34235 5.0200e-02     0.6249     0.7092    83.7523 0.0000e+00
        525 264.650265    0.03636     2.1817    130.905     56.536  48354.889    30.8072    11.1386     56.000    11.1303    23.4897     3.3430     4.7773     52.823    145.869    149.295   -0.00107    6.32860    9.04421  276.14884   14.34286 4.9908e-02     0.6219     0.7274    83.3725 0.0000e+00
        529 264.650278    0.03666     2.1995    131.969     57.546  48360.947    30.8108    11.1357     57.000    11.1285    23.4930     3.3414     4.7752     52.797    145.804    149.229   -0.00095    6.32884    9.04455  276.15838   14.34330 4.9558e-02     0.5842     0.7427    83.0546 0.0000e+00
        533 264.650289    0.03695     2.2170    133.020     58.555  48371.289    30.8174    11.1331     58.000    11.1228    23.4987     3.3403     4.7737     52.778    145.754    149.178   -0.00086    6.32894    9.04469  276.16115   14.34341 4.9333e-02     0.5565     0.7525    82.8513 0.0000e+00
        537 264.650302    0.03725     2.2350    134.101     59.564  48390.621    30.8298    11.1253     59.000    11.1152    23.5097     3.3369     4.7686     52.718    145.599    149.022   -0.00098    6.32950    9.04548  276.18237   14.34437 4.9128e-02     0.5770     0.7888    82.1019 0.0000e+00
        542 264.650315    0.03756     2.2537    135.224     60.575  48402.125    30.8369    11.1197     60.000    11.1111    23.5162     3.3342     4.7648     52.672    145.481    148.902   -0.00110    6.32998    9.04617  276.20162   14.34527 4.8973e-02     0.6027     0.8504    80.8493 0.0000e+00
        546 264.650328    0.03788     2.2728    136.370     61.584  48408.758    30.8409    11.1167     61.000    11.1084    23.5198     3.3326     4.7626     52.645    145.411    148.831   -0.00098    6.33022    9.04651  276.21111   14.34571 4.8800e-02     0.6689     0.8923    80.0069 0.0000e+00
        551 264.650342    0.03820     2.2924    137.546     62.594  48413.114    30.8433    11.1146     62.000    11.1067    23.5220     3.3296     4.7583     52.596    145.281    148.699   -0.00095    6.33041    9.04678  276.21877   14.34606 4.8695e-02     0.5412     0.9491    78.8770 0.0000e+00
        556 264.650356    0.03854     2.3128    138.767     63.603  48416.400    30.8451    11.1133     63.000    11.1052    23.5237     3.3262     4.7535     52.543    145.135    148.548   -0.00107    6.33052    9.04694  276.22322   14.34627 4.8555e-02     0.5302     0.9743    78.3819 0.0000e+00
        561 264.650370    0.03890     2.3336    140.018     64.615  48420.770    30.8476    11.1117     64.000    11.1033    23.5259     3.3214     4.7466     52.466    144.925    148.334   -0.00114    6.33064    9.04711  276.22776   14.34648 4.8571e-02     0.5210     0.9892    78.0910 0.0000e+00
        566 264.650384    0.03923     2.3533    141.197     65.625  48429.982    30.8534    11.1089     65.000    11.0982    23.5310     3.3160     4.7388     52.378    144.686    148.091   -0.00148    6.33079    9.04733  276.23291   14.34670 4.8513e-02     0.4701     1.0381    77.1436 0.0000e+00
        570 264.650397    0.03952     2.3716    142.296     66.635  48444.250    30.8623    11.1022     66.000    11.0923    23.5392     3.3136     4.7355     52.336    144.582    147.985   -0.00126    6.33133    9.04811  276.25464   14.34771 4.8456e-02     0.4505     1.1625    74.7866 0.0000e+00
        574 264.650409    0.03982     2.3890    143.342     67.644  48450.739    30.8661    11.0987     67.000    11.0898    23.5427     3.3122     4.7335     52.312    144.522    147.924   -0.00121    6.33166    9.04858  276.26800   14.34833 4.8464e-02     0.4502     1.3043    72.1795 0.0000e+00
        578 264.650421    0.04010     2.4062    144.371     68.651  48452.854    30.8670    11.0973     68.000    11.0890    23.5436     3.3145     4.7367     52.346    144.620    148.024   -0.00061    6.33181    9.04879  276.27423   14.34863 4.8362e-02     0.4510     1.3962    70.5379 0.0000e+00
        583 264.650433    0.04040     2.4240    145.438     69.664  48454.095    30.8674    11.0969     69.000    11.0886    23.5441     3.3014     4.7181     52.140    144.050    147.442   -0.00168    6.33185    9.04885  276.27567   14.34869 4.8427e-02     0.5233     1.5035    68.6730 0.0000e+00
        587 264.650446    0.04069     2.4416    146.496     70.672  48454.493    30.8673    11.0968     70.000    11.0883    23.5440     3.3041     4.7219     52.182    144.167    147.562   -0.00111    6.33187    9.04888  276.27674   14.34875 4.8407e-02     0.6613     1.4839    69.0065 0.0000e+00
        591 264.650458    0.04099     2.4595    147.571     71.660  48454.999    30.8673    11.0966     71.000    11.0880    23.5440     3.2858     4.6957     51.893    143.367    146.741   -0.00257    6.33190    9.04891  276.27788   14.34881 4.8537e-02     0.6984     1.5153    68.4672 0.0000e+00
