CTD-processing/allCTD/CNV/2020_08-14_alongbay_skb09_cast145_4141.cnv
* Sea-Bird SBE19plus Data File:
* FileName = E:\2020_08-14_AlongBay\2020_08-14_AlongBay_SKB0_cast145.hex
* Software Version 1.59
* Temperature SN =  4141
* Conductivity SN =  4141
* System UpLoad Time = Aug 18 2020 10:43:30
** Cook Inlet LTM AlongBay
** Date: 2020_08-14
** Station:SKB09
** Start Time: (AKDT):10:54
** Depth (m):68
** Comment:
** Comment:
# nquan = 27
# nvalues = 58                          
# units = specified
# name 0 = scan: Scan Count
# name 1 = timeJ: Julian Days
# name 2 = timeH: Time, Elapsed [hours]
# name 3 = timeM: Time, Elapsed [minutes]
# name 4 = timeS: Time, Elapsed [seconds]
# name 5 = prdM: Pressure, Strain Gauge [db]
# name 6 = specc: Specific Conductance [uS/cm]
# name 7 = sal00: Salinity, Practical [PSU]
# name 8 = tv290C: Temperature [ITS-90, deg C]
# name 9 = depSM: Depth [salt water, m], lat = 59.00
# name 10 = potemp090C: Potential Temperature [ITS-90, deg C]
# name 11 = sigma-é00: Density [sigma-theta, kg/m^3]
# name 12 = sbeox0ML/L: Oxygen, SBE 43 [ml/l]
# name 13 = sbeox0Mg/L: Oxygen, SBE 43 [mg/l]
# name 14 = sbeox0PS: Oxygen, SBE 43 [% saturation]
# name 15 = sbox0Mm/Kg: Oxygen, SBE 43 [umol/kg]
# name 16 = sbeox0Mm/L: Oxygen, SBE 43 [umol/l]
# name 17 = sbox0dV/dT: Oxygen, SBE 43 [dov/dt]
# name 18 = oxsolML/L: Oxygen Saturation, Garcia & Gordon [ml/l]
# name 19 = oxsolMg/L: Oxygen Saturation, Garcia & Gordon [mg/l]
# name 20 = oxsolMm/Kg: Oxygen Saturation, Garcia & Gordon [umol/kg]
# name 21 = n2satMg/L: Nitrogen Saturation [mg/l]
# name 22 = par: PAR/Irradiance, Biospherical/Licor
# name 23 = wetStar: Fluorescence, WET Labs WETstar [mg/m^3]
# name 24 = CStarAt0: Beam Attenuation, WET Labs C-Star [1/m]
# name 25 = CStarTr0: Beam Transmission, WET Labs C-Star [%]
# name 26 = flag: flag
# span 0 =        291,        548       
# span 1 = 227.455341, 227.456085       
# span 2 =    0.02013,    0.03801       
# span 3 =     1.2078,     2.2801       
# span 4 =     72.468,    136.809       
# span 5 =      1.012,     58.531       
# span 6 =  39150.302,  49378.001       
# span 7 =    24.5689,    31.4219       
# span 8 =    10.2204,    13.2801       
# span 9 =      1.000,     58.000       
# span 10 =    10.1809,    13.2524      
# span 11 =    18.2774,    24.1241      
# span 12 =     5.8649,     6.6660      
# span 13 =     8.3817,     9.5264      
# span 14 =     91.209,    105.848      
# span 15 =    255.758,    290.959      
# span 16 =    261.930,    297.705      
# span 17 =   -0.01651,    0.02116      
# span 18 =    6.20812,    6.43028      
# span 19 =    8.87203,    9.18951      
# span 20 =  271.40560,  280.41165      
# span 21 =   14.12409,   14.54448      
# span 22 = 6.1064e-02, 8.2103e+01      
# span 23 =     0.6780,     3.6158      
# span 24 =     0.6472,     2.1736      
# span 25 =    58.1204,    85.0620      
# span 26 = 0.0000e+00, 0.0000e+00      
# interval = meters: 1                  
# start_time = Aug 14 2020 10:54:29 [Instrument's time stamp, header]
# bad_flag = -9.990e-29
*END*
        291 227.455341    0.02013     1.2078     72.468      1.012  39150.302    24.5689    13.2801      1.000    13.2524    18.2774     6.3093     9.0166    100.317    276.716    281.774    0.00623    6.28934    8.98809  275.84051   14.35329 8.2103e+01     0.6850     1.7471    64.6143 0.0000e+00
        296 227.455356    0.02049     1.2293     73.758      2.020  40577.517    25.5444    13.0771      2.000    12.9777    19.0669     6.3428     9.0645    101.034    277.969    283.269    0.00834    6.27789    8.97173  275.12467   14.31500 8.0417e+01     0.6780     1.8855    62.4152 0.0000e+00
        301 227.455370    0.02082     1.2496     74.973      3.026  42666.990    27.0020    13.0769      3.000    13.1484    20.1919     6.3799     9.1176    102.556    279.288    284.928    0.01518    6.22117    8.89068  272.33919   14.17552 7.1397e+01     0.8366     1.9625    61.2282 0.0000e+00
        306 227.455385    0.02118     1.2706     76.239      4.039  45080.399    28.6637    12.6823      4.000    12.1528    21.5490     6.4097     9.1601    103.249    280.218    286.257    0.01558    6.20812    8.87203  271.40560   14.12409 6.6389e+01     1.2718     2.1736    58.1204 0.0000e+00
        311 227.455399    0.02152     1.2914     77.482      5.048  47146.449    30.0314    11.6941      5.000    11.5648    22.7884     6.5467     9.3560    104.168    285.863    292.377    0.01241    6.28472    8.98149  274.42173   14.26321 6.1084e+01     2.4874     2.0046    60.6583 0.0000e+00
        316 227.455413    0.02185     1.3111     78.666      6.059  47826.041    30.4879    11.4612      6.000    11.4084    23.1840     6.6660     9.5264    105.848    290.959    297.705    0.02116    6.29777    9.00015  274.88559   14.28361 5.1625e+01     3.6158     1.5998    67.0493 0.0000e+00
        320 227.455425    0.02216     1.3295     79.771      7.067  48061.086    30.6431    11.3601      7.000    11.3304    23.3225     6.5808     9.4046    104.371    287.198    293.895    0.00503    6.30519    9.01075  275.17216   14.29672 4.1813e+01     3.1907     1.3948    70.5627 0.0000e+00
        324 227.455438    0.02245     1.3473     80.839      8.075  48380.088    30.8608    11.2877      8.000    11.2443    23.5043     6.4934     9.2798    102.968    283.338    289.998   -0.00687    6.30627    9.01229  275.17035   14.29576 3.2944e+01     3.0709     1.3028    72.2106 0.0000e+00
        329 227.455450    0.02275     1.3649     81.896      9.085  48642.056    31.0397    11.2297      9.000    11.2339    23.6535     6.4408     9.2047    102.124    281.003    287.649   -0.01122    6.30694    9.01325  275.15942   14.29452 2.6754e+01     2.8350     1.0475    76.9619 0.0000e+00
        333 227.455462    0.02305     1.3826     82.956     10.096  48684.386    31.0699    11.2354     10.000    11.2149    23.6760     6.3872     9.1280    101.305    278.655    285.254   -0.01306    6.30497    9.01044  275.06761   14.29001 2.1826e+01     2.3538     0.9735    78.3968 0.0000e+00
        337 227.455475    0.02333     1.3999     83.994     11.103  48683.303    31.0601    11.1572     11.000    11.0987    23.6821     6.3346     9.0527    100.296    276.358    282.903   -0.01609    6.31593    9.02610  275.54406   14.31287 1.8064e+01     2.2316     0.9325    79.2078 0.0000e+00
        341 227.455487    0.02363     1.4177     85.060     12.115  48839.820    31.1587    11.0510     12.000    11.0441    23.7773     6.3000     9.0034     99.584    274.826    281.361   -0.01651    6.32638    9.04103  275.97428   14.33308 1.5078e+01     1.9777     0.8728    80.3983 0.0000e+00
        345 227.455499    0.02392     1.4349     86.094     13.121  48996.943    31.2722    11.0740     13.000    11.1216    23.8616     6.2733     8.9652     99.282    273.638    280.167   -0.01362    6.31871    9.03006  275.61686   14.31550 1.2753e+01     1.6914     0.8491    80.8745 0.0000e+00
        350 227.455511    0.02422     1.4528     87.167     14.135  48983.090    31.2734    11.1766     14.000    11.1980    23.8446     6.2176     8.8856     98.617    271.211    277.677   -0.01388    6.30477    9.01015  275.01359   14.28660 1.0594e+01     1.5419     0.8740    80.3747 0.0000e+00
        354 227.455524    0.02451     1.4709     88.252     15.143  48936.681    31.2429    11.2021     15.000    11.1765    23.8164     6.1923     8.8493     98.250    270.113    276.546   -0.01217    6.30255    9.00697  274.92413   14.28244 8.8997e+00     1.5589     0.8324    81.2138 0.0000e+00
        358 227.455536    0.02481     1.4885     89.308     16.147  48914.188    31.2180    11.1249     16.000    11.0793    23.8106     6.1919     8.8488     98.065    270.097    276.528   -0.01004    6.31399    9.02332  275.42464   14.30652 7.4450e+00     1.6018     0.8693    80.4682 0.0000e+00
        363 227.455550    0.02514     1.5086     90.518     17.167  48986.363    31.2585    11.0344     17.000    11.0144    23.8580     6.1798     8.8316     97.711    269.560    275.991   -0.00887    6.32463    9.03852  275.87598   14.32797 6.2914e+00     1.4467     0.8308    81.2460 0.0000e+00
        367 227.455562    0.02544     1.5264     91.584     18.164  49027.532    31.2846    11.0104     18.000    11.0003    23.8824     6.1533     8.7937     97.258    268.398    274.808   -0.00915    6.32684    9.04169  275.96613   14.33219 5.3335e+00     1.1826     0.8198    81.4682 0.0000e+00
        372 227.455577    0.02577     1.5465     92.792     19.187  49032.970    31.2850    10.9835     19.000    10.9719    23.8874     6.1096     8.7312     96.511    266.488    272.854   -0.01129    6.33048    9.04689  276.12339   14.33972 4.5616e+00     1.0682     0.7813    82.2560 0.0000e+00
        376 227.455588    0.02606     1.5639     93.835     20.184  49031.032    31.2812    10.9660     20.000    10.9478    23.8875     6.0963     8.7124     96.264    265.912    272.264   -0.00963    6.33302    9.05051  276.23388   14.34503 3.9124e+00     0.9906     0.7705    82.4788 0.0000e+00
        381 227.455602    0.02639     1.5832     94.994     21.209  49068.467    31.3037    10.9339     21.000    10.9297    23.9106     6.0742     8.6807     95.860    264.938    271.273   -0.00942    6.33649    9.05549  276.37941   14.35190 3.3482e+00     0.9480     0.7450    83.0059 0.0000e+00
        385 227.455613    0.02666     1.5995     95.969     22.203  49075.644    31.3080    10.9308     22.000    10.9238    23.9145     6.0614     8.6623     95.654    264.379    270.701   -0.00798    6.33673    9.05583  276.38905   14.35235 2.9174e+00     0.9262     0.7511    82.8811 0.0000e+00
        390 227.455627    0.02698     1.6188     97.131     23.226  49075.533    31.3058    10.9164     23.000    10.9013    23.9153     6.0466     8.6411     95.389    263.731    270.038   -0.00772    6.33879    9.05877  276.47834   14.35664 2.5180e+00     0.8613     0.7533    82.8354 0.0000e+00
        393 227.455638    0.02725     1.6351     98.107     24.221  49095.187    31.3168    10.8940     24.000    10.8851    23.9277     6.0388     8.6300     95.228    263.388    269.690   -0.00612    6.34140    9.06250  276.58889   14.36188 2.1929e+00     0.7998     0.7709    82.4704 0.0000e+00
        398 227.455651    0.02758     1.6545     99.270     25.247  49096.005    31.3153    10.8800     25.000    10.8625    23.9290     6.0182     8.6006     94.873    262.490    268.772   -0.00713    6.34338    9.06532  276.67486   14.36601 1.8902e+00     0.7580     0.7774    82.3372 0.0000e+00
        402 227.455663    0.02786     1.6712    100.273     26.240  49112.966    31.3233    10.8482     26.000    10.8331    23.9407     6.0125     8.5924     94.723    262.238    268.516   -0.00571    6.34741    9.07107  276.84704   14.37422 1.6479e+00     0.7466     0.7511    82.8812 0.0000e+00
        407 227.455677    0.02820     1.6921    101.528     27.268  49134.583    31.3352    10.8227     27.000    10.8135    23.9544     5.9856     8.5541     94.256    261.065    267.318   -0.00737    6.35041    9.07537  276.97454   14.38028 1.4236e+00     0.7501     0.7454    82.9996 0.0000e+00
        411 227.455690    0.02850     1.7099    102.593     28.263  49142.097    31.3387    10.8108     28.000    10.8032    23.9592     5.9796     8.5454     94.138    260.799    267.047   -0.00582    6.35189    9.07749  277.03790   14.38330 1.2471e+00     0.7332     0.7071    83.7969 0.0000e+00
        416 227.455704    0.02883     1.7299    103.797     29.274  49147.469    31.3411    10.8021     29.000    10.7956    23.9625     5.9800     8.5461     94.129    260.818    267.067   -0.00427    6.35298    9.07905  277.08464   14.38553 1.0850e+00     0.7260     0.6946    84.0588 0.0000e+00
        421 227.455718    0.02919     1.7512    105.069     30.288  49153.011    31.3438    10.7951     30.000    10.7893    23.9658     5.9558     8.5115     93.736    259.762    265.987   -0.00493    6.35383    9.08026  277.12073   14.38724 9.5387e-01     0.7196     0.6756    84.4607 0.0000e+00
        426 227.455732    0.02951     1.7711    106.268     31.289  49156.233    31.3449    10.7889     31.000    10.7832    23.9678     5.9527     8.5070     93.674    259.624    265.847   -0.00397    6.35464    9.08141  277.15517   14.38889 8.3602e-01     0.7130     0.6706    84.5645 0.0000e+00
        431 227.455748    0.02989     1.7932    107.592     32.315  49160.086    31.3469    10.7854     32.000    10.7816    23.9699     5.9355     8.4824     93.398    258.874    265.079   -0.00453    6.35504    9.08199  277.17237   14.38971 7.3374e-01     0.7358     0.6633    84.7205 0.0000e+00
        435 227.455760    0.03017     1.8104    108.624     33.310  49159.478    31.3459    10.7850     33.000    10.7799    23.9693     5.9357     8.4827     93.400    258.882    265.087   -0.00310    6.35513    9.08212  277.17662   14.38991 6.4904e-01     0.7602     0.6612    84.7651 0.0000e+00
        440 227.455773    0.03050     1.8297    109.780     34.334  49160.127    31.3456    10.7815     34.000    10.7746    23.9696     5.9276     8.4712     93.266    258.532    264.729   -0.00344    6.35564    9.08284  277.19834   14.39095 5.6770e-01     0.8355     0.6554    84.8881 0.0000e+00
        444 227.455784    0.03076     1.8458    110.746     35.328  49161.523    31.3451    10.7729     35.000    10.7629    23.9708     5.9281     8.4719     93.255    258.550    264.748   -0.00225    6.35683    9.08454  277.24996   14.39343 5.0395e-01     0.8759     0.6551    84.8931 0.0000e+00
        448 227.455797    0.03107     1.8644    111.865     36.347  49172.146    31.3510    10.7623     36.000    10.7555    23.9772     5.9228     8.4642     93.154    258.317    264.511   -0.00261    6.35804    9.08628  277.30132   14.39587 4.4588e-01     0.9232     0.6487    85.0296 0.0000e+00
        453 227.455809    0.03136     1.8814    112.882     37.349  49175.851    31.3526    10.7568     37.000    10.7504    23.9794     5.9134     8.4508     92.996    257.906    264.091   -0.00267    6.35873    9.08726  277.33075   14.39727 3.9761e-01     0.9829     0.6612    84.7644 0.0000e+00
        457 227.455822    0.03167     1.8998    113.988     38.365  49178.879    31.3539    10.7530     38.000    10.7461    23.9811     5.9128     8.4500     92.981    257.883    264.067   -0.00236    6.35921    9.08793  277.35080   14.39822 3.5273e-01     1.0505     0.6717    84.5417 0.0000e+00
        461 227.455834    0.03196     1.9176    115.056     39.369  49183.808    31.3559    10.7447     39.000    10.7353    23.9842     5.9008     8.4328     92.776    257.357    263.530   -0.00271    6.36026    9.08946  277.39636   14.40040 3.1688e-01     1.0278     0.6472    85.0620 0.0000e+00
        466 227.455848    0.03229     1.9374    116.245     40.386  49173.627    31.3471    10.7340     40.000    10.7109    23.9791     5.9032     8.4363     92.787    257.464    263.637   -0.00226    6.36209    9.09206  277.47735   14.40431 2.8128e-01     1.0287     0.6523    84.9532 0.0000e+00
        470 227.455860    0.03260     1.9560    117.358     41.389  49150.228    31.3216    10.6623     41.000    10.6223    23.9715     5.9008     8.4328     92.590    257.359    263.528   -0.00256    6.37298    9.10764  277.95464   14.42727 2.5307e-01     0.9898     0.6575    84.8424 0.0000e+00
        475 227.455875    0.03294     1.9762    118.570     42.399  49212.736    31.3578    10.5975     42.000    10.5867    24.0107     5.9000     8.4317     92.470    257.316    263.494   -0.00311    6.38044    9.11829  278.26918   14.44218 2.2586e-01     0.9656     0.6705    84.5682 0.0000e+00
        480 227.455889    0.03328     1.9970    119.821     43.414  49246.612    31.3789    10.5773     43.000    10.5585    24.0306     5.9079     8.4429     92.565    257.655    263.846   -0.00110    6.38238    9.12106  278.34829   14.44588 2.0255e-01     0.9262     0.6963    84.0229 0.0000e+00
        485 227.455903    0.03361     2.0164    120.984     44.418  49268.285    31.3901    10.5463     44.000    10.5315    24.0445     5.9033     8.4364     92.438    257.449    263.640   -0.00175    6.38621    9.12654  278.51168   14.45366 1.8170e-01     0.8768     0.7173    83.5829 0.0000e+00
        489 227.455915    0.03392     2.0352    122.114     45.434  49281.026    31.3965    10.5279     45.000    10.5145    24.0527     5.8943     8.4236     92.265    257.057    263.241   -0.00247    6.38849    9.12980  278.60887   14.45828 1.6364e-01     0.8123     0.7184    83.5606 0.0000e+00
        494 227.455928    0.03422     2.0528    123.168     46.438  49297.257    31.4054    10.5102     46.000    10.4995    24.0626     5.8939     8.4230     92.228    257.037    263.222   -0.00210    6.39058    9.13278  278.69711   14.46248 1.4856e-01     0.8534     0.7156    83.6191 0.0000e+00
        498 227.455940    0.03451     2.0709    124.256     47.450  49308.005    31.4116    10.5020     47.000    10.4954    24.0689     5.8925     8.4210     92.194    256.976    263.161   -0.00176    6.39146    9.13404  278.73402   14.46422 1.3535e-01     0.8543     0.7110    83.7142 0.0000e+00
        502 227.455953    0.03480     2.0882    125.291     48.456  49311.390    31.4134    10.5004     48.000    10.4944    24.0705     5.8891     8.4162     92.138    256.827    263.009   -0.00165    6.39162    9.13426  278.74030   14.46451 1.2415e-01     0.7771     0.6908    84.1401 0.0000e+00
        507 227.455965    0.03512     2.1069    126.416     49.472  49312.008    31.4133    10.4995     49.000    10.4933    24.0706     5.8800     8.4031     91.994    256.430    262.602   -0.00211    6.39175    9.13444  278.74592   14.46478 1.1414e-01     0.7510     0.6828    84.3075 0.0000e+00
        511 227.455977    0.03541     2.1242    127.454     50.474  49312.965    31.4134    10.4980     50.000    10.4911    24.0709     5.8807     8.4042     92.002    256.460    262.634   -0.00163    6.39195    9.13473  278.75459   14.46520 1.0584e-01     0.7362     0.6685    84.6096 0.0000e+00
        515 227.455991    0.03572     2.1437    128.624     51.494  49315.107    31.4141    10.4953     51.000    10.4882    24.0720     5.8768     8.3986     91.936    256.290    262.460   -0.00157    6.39229    9.13521  278.76890   14.46588 9.8269e-02     0.7352     0.6883    84.1916 0.0000e+00
        520 227.456003    0.03603     2.1617    129.704     52.494  49308.853    31.4083    10.4868     52.000    10.4722    24.0689     5.8786     8.4011     91.943    256.368    262.539   -0.00116    6.39371    9.13725  278.83188   14.46892 9.2063e-02     0.7211     0.6927    84.0990 0.0000e+00
        525 227.456018    0.03637     2.1819    130.915     53.509  49318.731    31.4125    10.4678     53.000    10.4550    24.0755     5.8754     8.3966     91.859    256.227    262.397   -0.00133    6.39616    9.14075  278.93681   14.47392 8.6230e-02     0.7121     0.6764    84.4428 0.0000e+00
