CTD-processing/allCTD/CNV/2020_03-18_alongbay_kb03_cast049_4141.cnv
* Sea-Bird SBE19plus Data File:
* FileName = C:\Users\Chris\Desktop\EVOSTC GWA LTM\CTD Data\2020_03-18_AlongBay\2020_03-18_AlongBay_KB13_Cast049.hex
* Software Version 1.59
* Temperature SN =  4141
* Conductivity SN =  4141
* System UpLoad Time = Mar 23 2020 14:09:25
** Cook Inlet LTM AlongBay
** Date: 2020_03_18
** Station:KB03
** Start Time: (AKDT):13:11
** Depth (m):110
** Comment:
** Comment:
# nquan = 27
# nvalues = 107                         
# units = specified
# name 0 = scan: Scan Count
# name 1 = timeJ: Julian Days
# name 2 = timeH: Time, Elapsed [hours]
# name 3 = timeM: Time, Elapsed [minutes]
# name 4 = timeS: Time, Elapsed [seconds]
# name 5 = prdM: Pressure, Strain Gauge [db]
# name 6 = specc: Specific Conductance [uS/cm]
# name 7 = sal00: Salinity, Practical [PSU]
# name 8 = tv290C: Temperature [ITS-90, deg C]
# name 9 = depSM: Depth [salt water, m], lat = 59.00
# name 10 = potemp090C: Potential Temperature [ITS-90, deg C]
# name 11 = sigma-é00: Density [sigma-theta, kg/m^3]
# name 12 = sbeox0ML/L: Oxygen, SBE 43 [ml/l]
# name 13 = sbeox0Mg/L: Oxygen, SBE 43 [mg/l]
# name 14 = sbeox0PS: Oxygen, SBE 43 [% saturation]
# name 15 = sbox0Mm/Kg: Oxygen, SBE 43 [umol/kg]
# name 16 = sbeox0Mm/L: Oxygen, SBE 43 [umol/l]
# name 17 = sbox0dV/dT: Oxygen, SBE 43 [dov/dt]
# name 18 = oxsolML/L: Oxygen Saturation, Garcia & Gordon [ml/l]
# name 19 = oxsolMg/L: Oxygen Saturation, Garcia & Gordon [mg/l]
# name 20 = oxsolMm/Kg: Oxygen Saturation, Garcia & Gordon [umol/kg]
# name 21 = n2satMg/L: Nitrogen Saturation [mg/l]
# name 22 = par: PAR/Irradiance, Biospherical/Licor
# name 23 = wetStar: Fluorescence, WET Labs WETstar [mg/m^3]
# name 24 = CStarAt0: Beam Attenuation, WET Labs C-Star [1/m]
# name 25 = CStarTr0: Beam Transmission, WET Labs C-Star [%]
# name 26 = flag: flag
# span 0 =        184,        752       
# span 1 =  78.550019,  78.551664       
# span 2 =    0.01269,    0.05216       
# span 3 =     0.7616,     3.1296       
# span 4 =     45.694,    187.779       
# span 5 =      1.011,    108.021       
# span 6 =  51808.479,  51928.304       
# span 7 =    31.8043,    31.8349       
# span 8 =     3.0305,     3.1831       
# span 9 =      1.000,    107.000       
# span 10 =     3.0879,     3.1828      
# span 11 =    25.3315,    25.3474      
# span 12 =     6.8527,     7.2520      
# span 13 =     9.7933,    10.3639      
# span 14 =     90.407,     96.013      
# span 15 =    298.494,    315.873      
# span 16 =    306.045,    323.875      
# span 17 =   -0.00150,    0.03542      
# span 18 =    7.55172,    7.58291      
# span 19 =   10.79216,   10.83673      
# span 20 =  328.92581,  330.29773      
# span 21 =   16.85578,   16.92099      
# span 22 = 3.6107e-02, 5.2315e+02      
# span 23 =     0.2952,     0.8184      
# span 24 =     0.3784,     2.2939      
# span 25 =    77.4761,    90.9738      
# span 26 = 0.0000e+00, 0.0000e+00      
# interval = meters: 1                  
# start_time = Mar 18 2020 13:11:16 [Instrument's time stamp, header]
# bad_flag = -9.990e-29
*END*
        184  78.550019    0.01269     0.7616     45.694      1.011  51814.177    31.8043     3.0305      1.000     3.1110    25.3315     6.8527     9.7933     90.407    298.494    306.045    0.02482    7.58291   10.83673  330.29773   16.92099 5.2315e+02     0.3811     2.2939    77.4761 0.0000e+00
        268  78.550263    0.01852     1.1112     66.672      2.026  51808.479    31.8245     3.1751      2.000     3.1787    25.3360     7.2520    10.3639     96.013    315.873    323.875    0.03542    7.55338   10.79454  328.99904   16.85926 3.5452e+02     0.3248     0.4891    89.9281 0.0000e+00
        276  78.550285    0.01907     1.1441     68.646      3.031  51809.621    31.8260     3.1823      3.000     3.1822    25.3366     7.2395    10.3459     95.863    315.326    323.315    0.02608    7.55188   10.79239  328.93288   16.85611 2.5431e+02     0.3066     0.3970    90.5504 0.0000e+00
        279  78.550295    0.01932     1.1590     69.537      4.027  51810.966    31.8265     3.1828      4.000     3.1828    25.3370     7.2107    10.3048     95.483    314.070    322.028    0.01822    7.55176   10.79221  328.92740   16.85585 2.2225e+02     0.2952     0.3974    90.5423 0.0000e+00
        284  78.550311    0.01967     1.1805     70.833      5.057  51810.962    31.8261     3.1831      5.000     3.1825    25.3366     7.1949    10.2822     95.275    313.384    321.325    0.01173    7.55172   10.79216  328.92581   16.85578 1.7148e+02     0.3192     0.3950    90.5963 0.0000e+00
        288  78.550322    0.01996     1.1975     71.847      6.050  51810.999    31.8252     3.1820      6.000     3.1807    25.3361     7.1761    10.2554     95.023    312.565    320.484    0.00752    7.55197   10.79252  328.93706   16.85631 1.5345e+02     0.3087     0.3961    90.5719 0.0000e+00
        294  78.550337    0.02032     1.2188     73.129      7.076  51813.659    31.8261     3.1801      7.000     3.1794    25.3368     7.1678    10.2436     94.909    312.205    320.115    0.00467    7.55229   10.79298  328.95088   16.85697 1.2054e+02     0.3319     0.3957    90.5823 0.0000e+00
        297  78.550348    0.02058     1.2346     74.074      8.069  51809.911    31.8228     3.1793      8.000     3.1752    25.3343     7.1664    10.2416     94.887    312.146    320.053    0.00342    7.55261   10.79343  328.96525   16.85766 1.0997e+02     0.3649     0.3999    90.4843 0.0000e+00
        302  78.550361    0.02088     1.2532     75.193      9.089  51817.468    31.8250     3.1703      9.000     3.1682    25.3369     7.1649    10.2393     94.846    312.075    319.982    0.00234    7.55417   10.79566  329.03268   16.86085 9.1254e+01     0.4111     0.3961    90.5726 0.0000e+00
        306  78.550373    0.02117     1.2701     76.206     10.093  51823.691    31.8285     3.1695     10.000     3.1699    25.3396     7.1553    10.2256     94.720    311.658    319.555    0.00094    7.55414   10.79562  329.03035   16.86073 7.9722e+01     0.4679     0.3984    90.5193 0.0000e+00
        310  78.550386    0.02149     1.2892     77.351     11.100  51822.461    31.8276     3.1714     11.000     3.1714    25.3389     7.1606    10.2332     94.794    311.890    319.793    0.00101    7.55384   10.79520  329.01765   16.86013 7.4772e+01     0.5090     0.3982    90.5251 0.0000e+00
        316  78.550402    0.02187     1.3122     78.730     12.131  51817.252    31.8236     3.1717     12.000     3.1682    25.3357     7.1516    10.2204     94.674    311.500    319.393    0.00002    7.55399   10.79541  329.02506   16.86050 6.4023e+01     0.5737     0.3951    90.5952 0.0000e+00
        319  78.550410    0.02206     1.3238     79.429     13.124  51823.255    31.8261     3.1677     13.000     3.1662    25.3380     7.1532    10.2227     94.687    311.569    319.463   -0.00006    7.55459   10.79627  329.05063   16.86170 5.5957e+01     0.5485     0.4010    90.4602 0.0000e+00
        322  78.550419    0.02227     1.3360     80.161     14.115  51824.937    31.8265     3.1668     14.000     3.1656    25.3384     7.1592    10.2312     94.765    311.830    319.732    0.00030    7.55475   10.79649  329.05721   16.86201 4.9871e+01     0.6095     0.4029    90.4198 0.0000e+00
        327  78.550435    0.02267     1.3599     81.593     15.147  51827.451    31.8276     3.1662     15.000     3.1655    25.3393     7.1581    10.2296     94.748    311.779    319.679    0.00012    7.55480   10.79657  329.05939   16.86212 4.6342e+01     0.7056     0.3953    90.5905 0.0000e+00
        332  78.550449    0.02300     1.3796     82.777     16.147  51825.008    31.8252     3.1656     16.000     3.1630    25.3375     7.1474    10.2143     94.604    311.314    319.202   -0.00079    7.55504   10.79691  329.07027   16.86264 4.4823e+01     0.7567     0.3974    90.5413 0.0000e+00
        337  78.550463    0.02332     1.3994     83.964     17.165  51828.249    31.8260     3.1623     17.000     3.1603    25.3384     7.1491    10.2168     94.619    311.389    319.279   -0.00057    7.55561   10.79771  329.09461   16.86379 4.2028e+01     0.7901     0.3951    90.5937 0.0000e+00
        341  78.550475    0.02361     1.4166     84.999     18.174  51829.941    31.8261     3.1599     18.000     3.1578    25.3386     7.1486    10.2161     94.607    311.365    319.255   -0.00049    7.55605   10.79834  329.11374   16.86471 3.9479e+01     0.7937     0.4013    90.4535 0.0000e+00
        345  78.550485    0.02386     1.4314     85.883     19.178  51833.013    31.8272     3.1586     19.000     3.1572    25.3397     7.1427    10.2076     94.527    311.109    318.993   -0.00096    7.55625   10.79864  329.12225   16.86511 3.6494e+01     0.7795     0.4041    90.3907 0.0000e+00
        348  78.550496    0.02413     1.4475     86.849     20.182  51834.390    31.8275     3.1581     20.000     3.1567    25.3400     7.1497    10.2177     94.619    311.416    319.307   -0.00037    7.55633   10.79875  329.12569   16.86527 3.2354e+01     0.7467     0.4037    90.4009 0.0000e+00
        355  78.550514    0.02456     1.4739     88.435     21.205  51834.977    31.8271     3.1573     21.000     3.1562    25.3398     7.1538    10.2236     94.672    311.595    319.492    0.00000    7.55648   10.79897  329.13235   16.86558 2.8744e+01     0.7904     0.3916    90.6747 0.0000e+00
        360  78.550528    0.02490     1.4940     89.640     22.209  51836.385    31.8278     3.1581     22.000     3.1568    25.3402     7.1485    10.2158     94.603    311.360    319.249   -0.00044    7.55630   10.79872  329.12456   16.86521 2.4667e+01     0.7722     0.3982    90.5254 0.0000e+00
        364  78.550540    0.02518     1.5108     90.647     23.213  51836.813    31.8275     3.1577     23.000     3.1564    25.3400     7.1476    10.2147     94.591    311.325    319.214   -0.00049    7.55639   10.79884  329.12824   16.86539 2.1065e+01     0.7757     0.4009    90.4630 0.0000e+00
        368  78.550554    0.02552     1.5312     91.872     24.230  51838.373    31.8282     3.1585     24.000     3.1574    25.3405     7.1499    10.2179     94.623    311.423    319.314   -0.00023    7.55622   10.79859  329.12064   16.86503 1.7830e+01     0.7769     0.3945    90.6091 0.0000e+00
        373  78.550568    0.02586     1.5520     93.119     25.235  51837.680    31.8272     3.1587     25.000     3.1571    25.3397     7.1507    10.2191     94.633    311.459    319.351   -0.00021    7.55622   10.79860  329.12091   16.86504 1.5475e+01     0.7898     0.3986    90.5160 0.0000e+00
        379  78.550585    0.02625     1.5753     94.515     26.266  51837.722    31.8265     3.1579     26.000     3.1557    25.3393     7.1506    10.2189     94.629    311.453    319.345   -0.00013    7.55642   10.79887  329.12957   16.86546 1.3372e+01     0.7756     0.3975    90.5392 0.0000e+00
        382  78.550593    0.02646     1.5872     95.235     27.256  51839.102    31.8267     3.1569     27.000     3.1543    25.3395     7.1484    10.2158     94.598    311.357    319.246   -0.00047    7.55660   10.79912  329.13732   16.86583 1.1680e+01     0.7662     0.4028    90.4190 0.0000e+00
        385  78.550603    0.02668     1.6008     96.046     28.250  51840.386    31.8267     3.1556     28.000     3.1535    25.3395     7.1513    10.2199     94.634    311.483    319.376   -0.00024    7.55683   10.79947  329.14776   16.86632 1.0326e+01     0.7962     0.4020    90.4393 0.0000e+00
        391  78.550618    0.02706     1.6238     97.430     29.278  51843.374    31.8280     3.1550     29.000     3.1535    25.3407     7.1534    10.2230     94.662    311.577    319.474   -0.00006    7.55689   10.79955  329.14983   16.86642 9.1694e+00     0.8030     0.3900    90.7093 0.0000e+00
        397  78.550635    0.02747     1.6481     98.885     30.294  51840.836    31.8255     3.1540     30.000     3.1507    25.3388     7.1439    10.2094     94.532    311.164    319.048   -0.00076    7.55718   10.79997  329.16316   16.86705 8.1623e+00     0.8143     0.3893    90.7268 0.0000e+00
        401  78.550646    0.02775     1.6647     99.883     31.307  51840.095    31.8236     3.1508     31.000     3.1464    25.3376     7.1382    10.2011     94.446    310.911    318.788   -0.00113    7.55789   10.80099  329.19458   16.86855 7.2911e+00     0.8184     0.3974    90.5431 0.0000e+00
        403  78.550655    0.02793     1.6757    100.542     32.294  51844.883    31.8256     3.1479     32.000     3.1453    25.3394     7.1428    10.2078     94.502    311.113    318.996   -0.00080    7.55835   10.80163  329.21354   16.86945 6.5762e+00     0.7325     0.4126    90.1985 0.0000e+00
        407  78.550666    0.02821     1.6929    101.576     33.307  51847.986    31.8270     3.1470     33.000     3.1453    25.3405     7.1466    10.2133     94.552    311.282    319.170   -0.00039    7.55843   10.80175  329.21689   16.86960 5.9568e+00     0.7072     0.4087    90.2875 0.0000e+00
        413  78.550683    0.02861     1.7166    102.999     34.328  51848.248    31.8269     3.1480     34.000     3.1461    25.3404     7.1441    10.2095     94.520    311.167    319.053   -0.00048    7.55823   10.80147  329.20832   16.86919 5.3554e+00     0.7264     0.4026    90.4254 0.0000e+00
        418  78.550696    0.02894     1.7361    104.165     35.334  51848.911    31.8267     3.1477     35.000     3.1457    25.3403     7.1405    10.2044     94.472    311.011    318.893   -0.00062    7.55830   10.80156  329.21127   16.86934 4.7783e+00     0.7127     0.4047    90.3766 0.0000e+00
        423  78.550711    0.02928     1.7569    105.416     36.345  51850.546    31.8274     3.1480     36.000     3.1463    25.3409     7.1422    10.2069     94.495    311.087    318.970   -0.00047    7.55822   10.80146  329.20778   16.86917 4.3096e+00     0.7083     0.3998    90.4887 0.0000e+00
        427  78.550723    0.02957     1.7746    106.476     37.358  51849.591    31.8264     3.1490     37.000     3.1464    25.3400     7.1431    10.2083     94.511    311.131    319.015   -0.00020    7.55810   10.80127  329.20261   16.86893 3.8361e+00     0.7263     0.4007    90.4667 0.0000e+00
        430  78.550733    0.02981     1.7886    107.316     38.350  51849.616    31.8258     3.1483     38.000     3.1453    25.3395     7.1365    10.1988     94.421    310.840    318.716   -0.00081    7.55824   10.80148  329.20892   16.86923 3.4356e+00     0.7260     0.4041    90.3910 0.0000e+00
        435  78.550747    0.03014     1.8084    108.501     39.377  51851.223    31.8257     3.1459     39.000     3.1433    25.3397     7.1427    10.2076     94.497    311.110    318.994   -0.00029    7.55870   10.80214  329.22893   16.87018 3.0605e+00     0.6937     0.4013    90.4543 0.0000e+00
        439  78.550759    0.03044     1.8260    109.561     40.376  51854.256    31.8274     3.1464     40.000     3.1444    25.3410     7.1449    10.2108     94.528    311.205    319.092   -0.00014    7.55851   10.80187  329.22049   16.86977 2.7197e+00     0.7219     0.4036    90.4026 0.0000e+00
        444  78.550773    0.03077     1.8463    110.776     41.393  51851.564    31.8249     3.1459     41.000     3.1425    25.3390     7.1447    10.2104     94.522    311.196    319.082   -0.00011    7.55873   10.80219  329.23081   16.87028 2.4161e+00     0.7545     0.4078    90.3074 0.0000e+00
        449  78.550787    0.03111     1.8666    111.995     42.405  51854.635    31.8258     3.1437     42.000     3.1408    25.3400     7.1378    10.2006     94.427    310.895    318.773   -0.00069    7.55910   10.80271  329.24632   16.87101 2.1619e+00     0.7932     0.4110    90.2338 0.0000e+00
        453  78.550799    0.03140     1.8838    113.031     43.414  51854.448    31.8249     3.1426     43.000     3.1393    25.3394     7.1420    10.2066     94.478    311.076    318.959   -0.00035    7.55937   10.80309  329.25809   16.87157 1.9087e+00     0.6503     0.4154    90.1369 0.0000e+00
        457  78.550810    0.03166     1.8993    113.958     44.414  51857.142    31.8259     3.1416     44.000     3.1390    25.3403     7.1404    10.2043     94.456    311.009    318.890   -0.00039    7.55950   10.80328  329.26351   16.87182 1.7028e+00     0.6866     0.4090    90.2804 0.0000e+00
        462  78.550824    0.03198     1.9189    115.135     45.430  51857.960    31.8260     3.1417     45.000     3.1392    25.3403     7.1431    10.2083     94.493    311.128    319.012   -0.00023    7.55948   10.80325  329.26258   16.87178 1.5102e+00     0.7193     0.4045    90.3810 0.0000e+00
        467  78.550838    0.03234     1.9403    116.418     46.437  51857.941    31.8256     3.1422     46.000     3.1392    25.3399     7.1435    10.2087     94.497    311.141    319.025   -0.00013    7.55940   10.80314  329.25933   16.87163 1.3429e+00     0.6595     0.4060    90.3483 0.0000e+00
        472  78.550854    0.03272     1.9634    117.802     47.464  51858.418    31.8247     3.1398     47.000     3.1360    25.3395     7.1349    10.1966     94.379    310.772    318.647   -0.00080    7.55989   10.80384  329.28101   16.87266 1.1756e+00     0.7282     0.4054    90.3627 0.0000e+00
        475  78.550863    0.03295     1.9767    118.601     48.451  51860.041    31.8249     3.1383     48.000     3.1353    25.3398     7.1354    10.1973     94.383    310.794    318.670   -0.00071    7.56015   10.80421  329.29210   16.87319 1.0340e+00     0.6884     0.4149    90.1460 0.0000e+00
        480  78.550878    0.03328     1.9970    119.818     49.466  51862.262    31.8260     3.1385     49.000     3.1357    25.3406     7.1380    10.2009     94.416    310.903    318.781   -0.00044    7.56008   10.80411  329.28870   16.87302 9.1424e-01     0.6906     0.4091    90.2787 0.0000e+00
        486  78.550895    0.03369     2.0215    121.292     50.475  51862.120    31.8252     3.1379     50.000     3.1347    25.3400     7.1390    10.2023     94.429    310.948    318.828   -0.00028    7.56021   10.80429  329.29453   16.87330 8.0556e-01     0.6726     0.4090    90.2809 0.0000e+00
        493  78.550914    0.03418     2.0503    123.019     51.504  51864.975    31.8265     3.1376     51.000     3.1357    25.3411     7.1380    10.2009     94.415    310.903    318.781   -0.00029    7.56020   10.80428  329.29384   16.87326 7.0343e-01     0.7022     0.4049    90.3732 0.0000e+00
        497  78.550925    0.03441     2.0646    123.878     52.499  51869.484    31.8297     3.1400     52.000     3.1397    25.3434     7.1377    10.2005     94.420    310.891    318.771   -0.00027    7.55961   10.80343  329.26710   16.87198 6.0541e-01     0.6906     0.4136    90.1773 0.0000e+00
        500  78.550934    0.03463     2.0779    124.677     53.490  51863.378    31.8258     3.1429     53.000     3.1394    25.3401     7.1360    10.1981     94.401    310.819    318.695   -0.00037    7.55926   10.80294  329.25324   16.87134 5.3282e-01     0.6864     0.4156    90.1305 0.0000e+00
