CTD-processing/allCTD/CNV/2020_10-15_alongbay_skb05_cast051_4141.cnv
* Sea-Bird SBE19plus Data File:
* FileName = C:\Users\steve\Desktop\GWA CTD\2020_10-15_AlongBay_SKB_cast051.hex
* Software Version 1.59
* Temperature SN =  4141
* Conductivity SN =  4141
* System UpLoad Time = Oct 21 2020 10:38:30
** Cook Inlet LTM Transect AlongBay
** Date: 10-15-2020
** Station:SKB05
** Start Time (AKDT):12:21
** Depth (m):175
** Comment:
** Comment:
# nquan = 27
# nvalues = 158                         
# units = specified
# name 0 = scan: Scan Count
# name 1 = timeJ: Julian Days
# name 2 = timeH: Time, Elapsed [hours]
# name 3 = timeM: Time, Elapsed [minutes]
# name 4 = timeS: Time, Elapsed [seconds]
# name 5 = prdM: Pressure, Strain Gauge [db]
# name 6 = specc: Specific Conductance [uS/cm]
# name 7 = sal00: Salinity, Practical [PSU]
# name 8 = tv290C: Temperature [ITS-90, deg C]
# name 9 = depSM: Depth [salt water, m], lat = 59.00
# name 10 = potemp090C: Potential Temperature [ITS-90, deg C]
# name 11 = sigma-é00: Density [sigma-theta, kg/m^3]
# name 12 = sbeox0ML/L: Oxygen, SBE 43 [ml/l]
# name 13 = sbeox0Mg/L: Oxygen, SBE 43 [mg/l]
# name 14 = sbeox0PS: Oxygen, SBE 43 [% saturation]
# name 15 = sbox0Mm/Kg: Oxygen, SBE 43 [umol/kg]
# name 16 = sbeox0Mm/L: Oxygen, SBE 43 [umol/l]
# name 17 = sbox0dV/dT: Oxygen, SBE 43 [dov/dt]
# name 18 = oxsolML/L: Oxygen Saturation, Garcia & Gordon [ml/l]
# name 19 = oxsolMg/L: Oxygen Saturation, Garcia & Gordon [mg/l]
# name 20 = oxsolMm/Kg: Oxygen Saturation, Garcia & Gordon [umol/kg]
# name 21 = n2satMg/L: Nitrogen Saturation [mg/l]
# name 22 = par: PAR/Irradiance, Biospherical/Licor
# name 23 = wetStar: Fluorescence, WET Labs WETstar [mg/m^3]
# name 24 = CStarAt0: Beam Attenuation, WET Labs C-Star [1/m]
# name 25 = CStarTr0: Beam Transmission, WET Labs C-Star [%]
# name 26 = flag: flag
# span 0 =         15,       1060       
# span 1 = 289.514276, 289.517300       
# span 2 =    0.00095,    0.07352       
# span 3 =     0.0573,     4.4115       
# span 4 =      3.438,    264.689       
# span 5 =      1.010,    159.533       
# span 6 =  46979.136,  48413.650       
# span 7 =    29.7653,    30.7174       
# span 8 =     9.7437,    10.7837       
# span 9 =      1.000,    158.000       
# span 10 =    10.1582,    10.7831      
# span 11 =    22.8183,    23.5538      
# span 12 =     3.3386,     4.0218      
# span 13 =     4.7713,     5.7475      
# span 14 =     51.847,     61.567      
# span 15 =    145.675,    175.517      
# span 16 =    149.105,    179.611      
# span 17 =   -0.00281,    0.00135      
# span 18 =    6.40538,    6.54446      
# span 19 =    9.15392,    9.35269      
# span 20 =  279.62716,  285.61218      
# span 21 =   14.51214,   14.79772      
# span 22 = 4.6523e-02, 3.2591e+02      
# span 23 =     0.2489,     1.6083      
# span 24 =     0.2881,     5.2821      
# span 25 =    31.1237,    93.0506      
# span 26 = 0.0000e+00, 0.0000e+00      
# interval = meters: 1                  
# start_time = Oct 15 2020 12:20:30 [Instrument's time stamp, header]
# bad_flag = -9.990e-29
*END*
         15 289.514276    0.00095     0.0573      3.438      1.010  47847.632    30.3137     9.7437      1.000    10.1582    23.3356     4.0218     5.7475     61.452    175.517    179.611   -0.00230    6.54446    9.35269  285.61218   14.79772 3.2591e+02     0.5071     5.2821    31.1237 0.0000e+00
         19 289.514288    0.00124     0.0746      4.479      2.025  46979.136    29.7653    10.3058      2.000    10.3522    22.8183     3.9936     5.7072     61.567    174.375    178.354   -0.00111    6.48665    9.27007  283.23064   14.68605 3.0881e+02     0.5050     0.8704    81.4938 0.0000e+00
        234 289.514911    0.01620     0.9721     58.327      3.015  47020.044    29.8054    10.3997      3.000    10.3901    22.8343     3.8920     5.5621     60.137    169.936    173.816    0.00106    6.47172    9.24873  282.57467   14.65450 1.5309e+02     0.9063     0.4279    89.8557 0.0000e+00
        365 289.515290    0.02529     1.5178     91.067      4.037  47115.017    29.8742    10.4238      4.000    10.4265    22.8840     3.8270     5.4692     59.191    167.090    170.914    0.00135    6.46545    9.23977  282.28720   14.64047 1.0899e+02     1.2640     0.3687    91.1948 0.0000e+00
        376 289.515321    0.02605     1.5630     93.782      5.048  47124.034    29.8811    10.4318      5.000    10.4353    22.8880     3.8257     5.4673     59.185    167.035    170.858    0.00131    6.46406    9.23778  282.22502   14.63747 7.4242e+01     1.2800     0.3576    91.4488 0.0000e+00
        380 289.515333    0.02632     1.5789     94.733      6.056  47214.572    29.9466    10.4511      6.000    10.4945    22.9358     3.8223     5.4625     59.182    166.877    170.704    0.00090    6.45865    9.23004  281.97565   14.62527 7.7345e+01     1.3714     0.3479    91.6712 0.0000e+00
        384 289.515344    0.02659     1.5955     95.730      7.065  47201.951    29.9474    10.5406      7.000    10.5604    22.9217     3.8204     5.4596     59.265    166.791    170.615    0.00118    6.44605    9.21204  281.42959   14.59914 6.3929e+01     1.4034     0.3170    92.3825 0.0000e+00
        388 289.515356    0.02687     1.6118     96.710      8.078  47179.532    29.9344    10.5684      8.000    10.5743    22.9069     3.8214     5.4611     59.314    166.842    170.664    0.00112    6.44268    9.20723  281.28665   14.59235 5.3896e+01     1.3799     0.3058    92.6399 0.0000e+00
        392 289.515367    0.02713     1.6280     97.681      9.082  47198.376    29.9488    10.5827      9.000    10.5940    22.9159     3.8223     5.4624     59.352    166.878    170.702    0.00114    6.44010    9.20354  281.17142   14.58677 5.3679e+01     1.5069     0.2977    92.8269 0.0000e+00
        396 289.515379    0.02743     1.6459     98.754     10.094  47217.171    29.9652    10.6143     10.000    10.6272    22.9233     3.8195     5.4584     59.355    166.755    170.578    0.00069    6.43500    9.19626  280.94695   14.57597 4.3933e+01     1.6083     0.2915    92.9711 0.0000e+00
        400 289.515391    0.02773     1.6635     99.808     11.104  47210.368    29.9627    10.6382     11.000    10.6432    22.9174     3.8187     5.4574     59.372    166.723    170.544    0.00066    6.43177    9.19164  280.80733   14.56929 4.0178e+01     1.5046     0.2881    93.0506 0.0000e+00
        405 289.515404    0.02803     1.6813    100.880     12.112  47217.656    29.9690    10.6518     12.000    10.6570    22.9200     3.8170     5.4549     59.367    166.650    170.469    0.00027    6.42961    9.18856  280.71237   14.56472 3.4057e+01     1.4600     0.2885    93.0420 0.0000e+00
        409 289.515417    0.02833     1.6999    101.992     13.125  47214.762    29.9679    10.6642     13.000    10.6653    22.9171     3.8206     5.4600     59.438    166.806    170.629    0.00071    6.42792    9.18615  280.63966   14.56125 3.0485e+01     1.4364     0.3810    90.9365 0.0000e+00
        413 289.515429    0.02862     1.7174    103.043     14.128  47211.350    29.9655    10.6678     14.000    10.6668    22.9147     3.8193     5.4582     59.421    166.749    170.571    0.00024    6.42752    9.18557  280.62276   14.56045 2.6212e+01     1.5131     0.5304    87.5900 0.0000e+00
        418 289.515444    0.02899     1.7395    104.371     15.150  47217.603    29.9698    10.6705     15.000    10.6703    22.9176     3.8222     5.4622     59.471    166.873    170.698    0.00050    6.42698    9.18479  280.59812   14.55925 2.3100e+01     1.3651     0.4924    88.4183 0.0000e+00
        423 289.515456    0.02929     1.7573    105.439     16.145  47239.738    29.9857    10.6770     16.000    10.6840    22.9288     3.8222     5.4623     59.486    166.873    170.699    0.00033    6.42541    9.18256  280.52688   14.55578 1.9295e+01     1.3811     0.4558    89.2299 0.0000e+00
        428 289.515471    0.02963     1.7777    106.664     17.164  47243.925    29.9903    10.6954     17.000    10.6990    22.9294     3.8228     5.4631     59.520    166.898    170.724    0.00045    6.42266    9.17863  280.40677   14.55001 1.7415e+01     1.3351     0.4597    89.1437 0.0000e+00
        432 289.515483    0.02994     1.7962    107.771     18.173  47243.037    29.9906    10.7075     18.000    10.7073    22.9276     3.8180     5.4563     59.462    166.691    170.512   -0.00014    6.42096    9.17620  280.33284   14.54647 1.4807e+01     1.2834     0.4320    89.7647 0.0000e+00
        436 289.515495    0.03021     1.8125    108.751     19.178  47242.553    29.9901    10.7097     19.000    10.7083    22.9269     3.8220     5.4620     59.526    166.864    170.690    0.00024    6.42068    9.17579  280.32047   14.54588 1.3062e+01     1.1774     0.4277    89.8591 0.0000e+00
        440 289.515506    0.03050     1.8299    109.793     20.194  47258.303    30.0011    10.7123     20.000    10.7121    22.9350     3.8240     5.4649     59.566    166.953    170.782    0.00035    6.41988    9.17465  280.28342   14.54406 1.1337e+01     1.1943     0.4283    89.8475 0.0000e+00
        444 289.515518    0.03075     1.8452    110.711     21.198  47256.056    29.9994    10.7153     21.000    10.7134    22.9332     3.8236     5.4643     59.562    166.934    170.762    0.00023    6.41952    9.17413  280.26831   14.54334 9.9405e+00     1.3339     0.4123    90.2078 0.0000e+00
        448 289.515529    0.03101     1.8610    111.658     22.206  47282.208    30.0177    10.7178     22.000    10.7211    22.9471     3.8229     5.4633     59.560    166.900    170.729    0.00012    6.41844    9.17259  280.21727   14.54083 8.8361e+00     1.2363     0.4051    90.3682 0.0000e+00
        452 289.515540    0.03130     1.8778    112.668     23.222  47325.560    30.0494    10.7319     23.000    10.7403    22.9693     3.8196     5.4585     59.540    166.752    170.582   -0.00006    6.41517    9.16791  280.06834   14.53358 7.7427e+00     1.2926     0.3997    90.4902 0.0000e+00
        455 289.515551    0.03156     1.8937    113.624     24.225  47363.805    30.0786    10.7560     24.000    10.7635    22.9880     3.8154     5.4526     59.516    166.566    170.395   -0.00030    6.41063    9.16143  279.86519   14.52373 6.8116e+00     1.2411     0.3780    90.9833 0.0000e+00
        460 289.515563    0.03185     1.9106    114.638     25.238  47381.023    30.0922    10.7730     25.000    10.7756    22.9958     3.8175     5.4555     59.577    166.656    170.489    0.00016    6.40772    9.15727  279.73592   14.51748 6.0660e+00     1.2000     0.3652    91.2755 0.0000e+00
        464 289.515575    0.03212     1.9274    115.642     26.247  47410.254    30.1135    10.7837     26.000    10.7831    23.0106     3.8140     5.4505     59.544    166.501    170.332   -0.00012    6.40538    9.15392  279.62965   14.51232 5.3569e+00     1.0248     0.3439    91.7624 0.0000e+00
        467 289.515585    0.03239     1.9434    116.602     27.252  47428.930    30.1258    10.7800     27.000    10.7656    23.0209     3.8142     5.4509     59.548    166.511    170.344   -0.00015    6.40538    9.15393  279.62716   14.51214 4.7458e+00     1.0912     0.3602    91.3899 0.0000e+00
        472 289.515598    0.03269     1.9613    117.679     28.270  47457.164    30.1430    10.7589     28.000    10.7488    23.0377     3.8153     5.4525     59.543    166.556    170.391   -0.00012    6.40760    9.15711  279.71939   14.51649 4.2145e+00     0.9422     0.4035    90.4039 0.0000e+00
        476 289.515611    0.03301     1.9803    118.819     29.273  47472.608    30.1519    10.7454     29.000    10.7391    23.0470     3.8112     5.4466     59.465    166.374    170.209   -0.00071    6.40911    9.15926  279.78263   14.51948 3.7158e+00     0.8653     0.4285    89.8422 0.0000e+00
        481 289.515625    0.03334     2.0007    120.040     30.287  47476.708    30.1538    10.7392     30.000    10.7343    23.0495     3.8095     5.4441     59.431    166.297    170.131   -0.00070    6.40989    9.16036  279.81586   14.52107 3.2677e+00     0.9285     0.4657    89.0101 0.0000e+00
        486 289.515639    0.03366     2.0197    121.181     31.293  47484.559    30.1586    10.7367     31.000    10.7328    23.0537     3.8039     5.4361     59.343    166.053    169.881   -0.00117    6.41003    9.16058  279.82121   14.52130 2.8724e+00     0.9730     0.4873    88.5303 0.0000e+00
        491 289.515653    0.03401     2.0403    122.418     32.307  47484.263    30.1578    10.7346     32.000    10.7295    23.0534     3.8037     5.4359     59.337    166.046    169.874   -0.00081    6.41037    9.16106  279.83585   14.52201 2.5175e+00     0.9096     0.5029    88.1872 0.0000e+00
        495 289.515666    0.03433     2.0597    123.579     33.314  47491.089    30.1619    10.7326     33.000    10.7295    23.0570     3.8002     5.4308     59.281    165.890    169.715   -0.00099    6.41048    9.16121  279.83961   14.52217 2.1998e+00     0.8947     0.5585    86.9685 0.0000e+00
        500 289.515679    0.03462     2.0773    124.640     34.324  47492.175    30.1625    10.7340     34.000    10.7309    23.0572     3.7966     5.4258     59.228    165.737    169.558   -0.00106    6.41026    9.16090  279.82998   14.52171 1.9194e+00     0.8107     0.5525    87.0989 0.0000e+00
        504 289.515690    0.03490     2.0941    125.644     35.334  47495.344    30.1646    10.7372     35.000    10.7354    23.0584     3.7921     5.4193     59.162    165.537    169.354   -0.00129    6.40974    9.16015  279.80677   14.52059 1.6865e+00     0.8144     0.4917    88.4339 0.0000e+00
        508 289.515702    0.03518     2.1108    126.645     36.345  47488.639    30.1597    10.7383     36.000    10.7304    23.0543     3.7872     5.4121     59.083    165.321    169.132   -0.00145    6.40978    9.16022  279.81010   14.52077 1.4884e+00     0.8443     0.3572    91.4646 0.0000e+00
        511 289.515713    0.03544     2.1261    127.568     37.351  47492.524    30.1611    10.7304     37.000    10.7165    23.0568     3.7873     5.4124     59.077    165.328    169.140   -0.00123    6.41082    9.16171  279.85474   14.52290 1.3058e+00     0.8533     0.3434    91.7761 0.0000e+00
        515 289.515724    0.03570     2.1425    128.548     38.360  47510.106    30.1709    10.7111     38.000    10.7018    23.0677     3.7847     5.4087     59.015    165.214    169.025   -0.00127    6.41310    9.16496  279.95120   14.52748 1.1453e+00     0.8816     0.4760    88.7864 0.0000e+00
        520 289.515737    0.03601     2.1608    129.649     39.373  47524.938    30.1801    10.7038     39.000    10.6986    23.0761     3.7810     5.4034     58.951    165.049    168.858   -0.00146    6.41374    9.16588  279.97717   14.52868 9.9637e-01     0.9223     0.4989    88.2741 0.0000e+00
        524 289.515748    0.03630     2.1777    130.662     40.383  47532.601    30.1849    10.7020     40.000    10.6961    23.0802     3.7803     5.4024     58.941    165.020    168.829   -0.00111    6.41379    9.16595  279.97794   14.52870 8.6062e-01     0.8266     0.5158    87.9015 0.0000e+00
        528 289.515760    0.03657     2.1938    131.627     41.386  47538.552    30.1884    10.7000     41.000    10.6953    23.0833     3.7779     5.3989     58.901    164.912    168.719   -0.00112    6.41392    9.16613  279.98270   14.52892 7.4622e-01     0.8427     0.5390    87.3930 0.0000e+00
        532 289.515773    0.03688     2.2128    132.769     42.402  47603.790    30.2338    10.6983     42.000    10.6901    23.1189     3.7751     5.3950     58.872    164.786    168.596   -0.00096    6.41232    9.16384  279.90295   14.52491 6.5100e-01     0.8069     0.5559    87.0258 0.0000e+00
        536 289.515785    0.03718     2.2309    133.853     43.411  47683.023    30.2883    10.6908     43.000    10.6837    23.1626     3.7706     5.3885     58.813    164.581    168.393   -0.00121    6.41112    9.16213  279.83865   14.52162 5.5572e-01     0.8167     0.6286    85.4592 0.0000e+00
        541 289.515798    0.03747     2.2480    134.881     44.420  47700.652    30.3000    10.6880     44.000    10.6832    23.1721     3.7694     5.3869     58.796    164.530    168.343   -0.00100    6.41104    9.16202  279.83273   14.52129 4.7096e-01     0.7759     0.7111    83.7149 0.0000e+00
        544 289.515808    0.03774     2.2643    135.859     45.432  47711.149    30.3072    10.6893     45.000    10.6857    23.1775     3.7661     5.3822     58.749    164.385    168.195   -0.00101    6.41057    9.16134  279.81061   14.52020 3.9882e-01     0.7043     0.7438    83.0327 0.0000e+00
        548 289.515820    0.03800     2.2801    136.806     46.435  47722.009    30.3148    10.6928     46.000    10.6893    23.1829     3.7633     5.3781     58.712    164.262    168.070   -0.00107    6.40976    9.16019  279.77395   14.51841 3.3930e-01     0.7063     0.6124    85.8378 0.0000e+00
        553 289.515832    0.03831     2.2986    137.912     47.451  47722.908    30.3154    10.6959     47.000    10.6909    23.1828     3.7615     5.3756     58.688    164.182    167.988   -0.00096    6.40931    9.15954  279.75427   14.51747 2.9248e-01     0.7168     0.4623    89.0828 0.0000e+00
        557 289.515844    0.03859     2.3156    138.937     48.463  47726.560    30.3176    10.6967     48.000    10.6917    23.1845     3.7571     5.3692     58.621    163.989    167.792   -0.00108    6.40911    9.15925  279.74486   14.51701 2.5188e-01     0.6406     0.4436    89.5031 0.0000e+00
        560 289.515855    0.03885     2.3307    139.841     49.463  47728.907    30.3190    10.6978     49.000    10.6924    23.1854     3.7528     5.3630     58.555    163.800    167.598   -0.00137    6.40890    9.15896  279.73566   14.51656 2.2038e-01     0.6455     0.4374    89.6420 0.0000e+00
        565 289.515868    0.03916     2.3494    140.962     50.476  47730.978    30.3201    10.6980     50.000    10.6923    23.1862     3.7473     5.3553     58.471    163.563    167.356   -0.00151    6.40881    9.15883  279.73171   14.51637 1.9500e-01     0.6514     0.4255    89.9076 0.0000e+00
        570 289.515882    0.03949     2.3692    142.154     51.495  47734.434    30.3221    10.6979     51.000    10.6920    23.1878     3.7470     5.3548     58.466    163.547    167.339   -0.00116    6.40875    9.15874  279.72819   14.51619 1.7081e-01     0.6358     0.4214    90.0002 0.0000e+00
        573 289.515892    0.03974     2.3846    143.074     52.495  47736.134    30.3229    10.6978     52.000    10.6913    23.1884     3.7428     5.3489     58.402    163.366    167.155   -0.00116    6.40873    9.15873  279.72768   14.51617 1.5165e-01     0.6801     0.4231    89.9633 0.0000e+00
        577 289.515904    0.04003     2.4017    144.101     53.507  47743.035    30.3272    10.6961     53.000    10.6865    23.1921     3.7378     5.3417     58.324    163.149    166.932   -0.00157    6.40880    9.15883  279.72973   14.51625 1.3729e-01     0.6882     0.4182    90.0734 0.0000e+00
