CTD-processing/allCTD/CNV/2020_12-28_t9_s10_cast086_5028.cnv
* Sea-Bird SBE19plus Data File:
* FileName = C:\Users\steve\Desktop\GWA CTD\2020_12-28_T9_S0_cast086.hex
* Software Version 1.59
* Temperature SN =  5028
* Conductivity SN =  5028
* System UpLoad Time = Dec 29 2020 12:08:35
** Cook Inlet LTM Transect 9
** Date: 12-28-2020
** Station:S10
** Start Time (AKST):10:51
** Depth (m):67
** Comment:
** Comment:
# nquan = 27
# nvalues = 61                          
# units = specified
# name 0 = scan: Scan Count
# name 1 = timeJ: Julian Days
# name 2 = timeH: Time, Elapsed [hours]
# name 3 = timeM: Time, Elapsed [minutes]
# name 4 = timeS: Time, Elapsed [seconds]
# name 5 = prdM: Pressure, Strain Gauge [db]
# name 6 = specc: Specific Conductance [uS/cm]
# name 7 = sal00: Salinity, Practical [PSU]
# name 8 = tv290C: Temperature [ITS-90, deg C]
# name 9 = depSM: Depth [salt water, m], lat = 59.00
# name 10 = potemp090C: Potential Temperature [ITS-90, deg C]
# name 11 = sigma-é00: Density [sigma-theta, kg/m^3]
# name 12 = sbeox0ML/L: Oxygen, SBE 43 [ml/l]
# name 13 = sbeox0Mg/L: Oxygen, SBE 43 [mg/l]
# name 14 = sbeox0PS: Oxygen, SBE 43 [% saturation]
# name 15 = sbox0Mm/Kg: Oxygen, SBE 43 [umol/kg]
# name 16 = sbeox0Mm/L: Oxygen, SBE 43 [umol/l]
# name 17 = sbox0dV/dT: Oxygen, SBE 43 [dov/dt]
# name 18 = oxsolML/L: Oxygen Saturation, Garcia & Gordon [ml/l]
# name 19 = oxsolMg/L: Oxygen Saturation, Garcia & Gordon [mg/l]
# name 20 = oxsolMm/Kg: Oxygen Saturation, Garcia & Gordon [umol/kg]
# name 21 = potemp090C: Potential Temperature [ITS-90, deg C]
# name 22 = n2satMg/L: Nitrogen Saturation [mg/l]
# name 23 = par: PAR/Irradiance, Biospherical/Licor
# name 24 = flECO-AFL: Fluorescence, WET Labs ECO-AFL/FL [mg/m^3]
# name 25 = turbWETntu0: Turbidity, WET Labs ECO [NTU]
# name 26 = flag: flag
# span 0 =        197,        588       
# span 1 = 363.452372, 363.453503       
# span 2 =    0.01359,    0.04073       
# span 3 =     0.8156,     2.4441       
# span 4 =     48.937,    146.645       
# span 5 =      1.009,     61.585       
# span 6 =  48713.016,  50214.751       
# span 7 =    30.1410,    31.3779       
# span 8 =     4.7273,     6.1913       
# span 9 =      1.000,     61.000       
# span 10 =     4.7275,     6.1869      
# span 11 =    23.8415,    24.6699      
# span 12 =     6.7314,    10.5915      
# span 13 =     9.6198,    15.1363      
# span 14 =     91.801,    146.977      
# span 15 =    293.528,    461.735      
# span 16 =    300.622,    473.017      
# span 17 =   -0.02531,    0.04850      
# span 18 =    7.04512,    7.33495      
# span 19 =   10.06819,   10.48238      
# span 20 =  307.06031,  319.85145      
# span 21 =     4.7269,     6.1863      
# span 22 =   15.81715,   16.43133      
# span 23 = 4.2888e-02, 3.1152e+00      
# span 24 =     0.2372,     0.2896      
# span 25 =     1.0224,     2.8317      
# span 26 = 0.0000e+00, 0.0000e+00      
# interval = meters: 1                  
# start_time = Dec 28 2020 10:50:36 [Instrument's time stamp, header]
# bad_flag = -9.990e-29
*END*
        197 363.452372    0.01359     0.8156     48.937      1.009  48713.016    30.1410     4.8608      1.000     4.8065    23.8415     6.7873     9.6998     92.570    296.082    303.122    0.00577    7.33231   10.47861  319.85145     4.8608   16.43133 3.1152e+00     0.2896     2.8317 0.0000e+00
        293 363.452651    0.02030     1.2181     73.087      2.019  49379.256    30.5424     4.7438      2.000     4.7409    24.1697     6.7314     9.6198     91.801    293.528    300.622    0.01255    7.33253   10.47892  319.74328     4.7437   16.42442 2.2952e+00     0.2847     1.8394 0.0000e+00
        303 363.452679    0.02096     1.2578     75.466      3.029  49403.180    30.5557     4.7368      3.000     4.7356    24.1809     6.8486     9.7873     93.393    298.636    305.857    0.01644    7.33310   10.47973  319.76391     4.7366   16.42535 1.7556e+00     0.2717     1.6793 0.0000e+00
        308 363.452695    0.02134     1.2805     76.829      4.038  49401.825    30.5536     4.7338      4.000     4.7323    24.1795     6.9898     9.9892     95.311    304.798    312.168    0.02058    7.33373   10.48063  319.79182     4.7335   16.42668 1.4161e+00     0.2683     1.6638 0.0000e+00
        314 363.452712    0.02177     1.3062     78.372      5.047  49400.462    30.5515     4.7303      5.000     4.7289    24.1782     7.1229    10.1793     97.115    310.597    318.107    0.02160    7.33445   10.48166  319.82384     4.7300   16.42821 1.0846e+00     0.2829     1.6749 0.0000e+00
        320 363.452728    0.02215     1.3290     79.738      6.057  49402.953    30.5521     4.7273      6.000     4.7275    24.1790     7.2954    10.4259     99.461    318.122    325.814    0.02627    7.33495   10.48238  319.84529     4.7269   16.42923 8.6440e-01     0.2796     1.7072 0.0000e+00
        326 363.452745    0.02254     1.3524     81.142      7.066  49453.475    30.5882     4.7372      7.000     4.7546    24.2066     7.4714    10.6775    101.911    325.788    333.674    0.02942    7.33143   10.47735  319.68320     4.7367   16.42137 6.6539e-01     0.2616     1.7378 0.0000e+00
        330 363.452758    0.02287     1.3719     82.314      8.075  49527.164    30.6503     4.7950      8.000     4.8166    24.2499     7.6578    10.9438    104.643    333.900    341.998    0.03474    7.31818   10.45840  319.09172     4.7945   16.39298 5.1374e-01     0.2552     1.7645 0.0000e+00
        336 363.452774    0.02323     1.3939     83.636      9.086  49530.330    30.6620     4.8422      9.000     4.8513    24.2543     7.8252    11.1830    107.059    341.198    349.474    0.03614    7.30928   10.44568  318.70214     4.8416   16.37439 3.8361e-01     0.2472     1.8426 0.0000e+00
        340 363.452786    0.02354     1.4123     84.736     10.095  49586.357    30.7063     4.8728     10.000     4.8956    24.2863     7.9395    11.3463    108.735    346.170    354.577    0.03464    7.30174   10.43492  318.36393     4.8721   16.35812 2.9040e-01     0.2590     1.8357 0.0000e+00
        345 363.452801    0.02390     1.4337     86.019     11.104  49629.755    30.7482     4.9330     11.000     4.9556    24.3132     8.0660    11.5271    110.659    351.677    360.228    0.03365    7.28914   10.41691  317.80607     4.9322   16.33141 2.1980e-01     0.2628     1.7238 0.0000e+00
        350 363.452815    0.02423     1.4534     87.205     12.113  49651.146    30.7734     4.9858     12.000     4.9999    24.3276     8.1806    11.6909    112.392    356.668    365.345    0.03267    7.27866   10.40194  317.34490     4.9850   16.30936 1.7129e-01     0.2690     1.6318 0.0000e+00
        355 363.452830    0.02457     1.4746     88.477     13.123  49645.577    30.7752     5.0146     13.000     5.0180    24.3260     8.2768    11.8284    113.794    360.865    369.643    0.02963    7.27355   10.39464  317.12255     5.0137   16.29877 1.3509e-01     0.2736     1.5885 0.0000e+00
        360 363.452843    0.02491     1.4946     89.677     14.132  49641.591    30.7732     5.0203     14.000     5.0214    24.3238     8.3859    11.9843    115.308    365.623    374.515    0.02838    7.27266   10.39337  317.08444     5.0193   16.29697 1.0954e-01     0.2707     1.5895 0.0000e+00
        365 363.452859    0.02527     1.5161     90.964     15.142  49680.776    30.8027     5.0356     15.000     5.0481    24.3455     8.5150    12.1688    117.149    371.241    380.279    0.02861    7.26856   10.38750  316.89891     5.0345   16.28802 9.1031e-02     0.2635     1.5775 0.0000e+00
        370 363.452873    0.02562     1.5370     92.221     16.152  49708.400    30.8285     5.0712     16.000     5.0857    24.3622     8.6661    12.3847    119.350    377.822    387.026    0.03087    7.26111   10.37685  316.56883     5.0700   16.27221 7.8015e-02     0.2565     1.5586 0.0000e+00
        375 363.452888    0.02598     1.5590     93.541     17.161  49739.664    30.8586     5.1151     17.000     5.1303    24.3814     8.8422    12.6365    121.930    385.496    394.895    0.03395    7.25202   10.36386  316.16673     5.1139   16.25294 6.9054e-02     0.2546     1.4372 0.0000e+00
        380 363.452903    0.02633     1.5800     94.800     18.171  49759.402    30.8800     5.1554     18.000     5.1686    24.3940     9.0136    12.8813    124.429    392.959    402.545    0.03601    7.24400   10.35240  315.81306     5.1541   16.23602 6.2520e-02     0.2537     1.3737 0.0000e+00
        385 363.452917    0.02669     1.6011     96.065     19.180  49757.327    30.8841     5.1843     19.000     5.1902    24.3941     9.2288    13.1889    127.492    402.345    412.160    0.04038    7.23880   10.34496  315.58620     5.1829   16.22521 5.7991e-02     0.2643     1.3050 0.0000e+00
        390 363.452932    0.02704     1.6226     97.354     20.190  49767.160    30.8941     5.2025     20.000     5.2084    24.4000     9.4309    13.4777    130.349    411.152    421.184    0.04211    7.23516   10.33976  315.42567     5.2011   16.21753 5.4620e-02     0.2517     1.2403 0.0000e+00
        395 363.452945    0.02736     1.6414     98.483     21.199  49786.599    30.9109     5.2218     21.000     5.2321    24.4113     9.6303    13.7627    133.181    419.840    430.089    0.04465    7.23102   10.33385  315.24175     5.2202   16.20871 5.2185e-02     0.2624     1.1881 0.0000e+00
        399 363.452958    0.02766     1.6598     99.587     22.209  49797.258    30.9233     5.2488     22.000     5.2578    24.4181     9.8319    14.0508    136.069    428.627    439.093    0.04736    7.22574   10.32631  315.00972     5.2472   16.19761 5.0313e-02     0.2772     1.1199 0.0000e+00
        403 363.452970    0.02795     1.6766    100.594     23.218  49791.661    30.9227     5.2671     23.000     5.2695    24.4157    10.0101    14.3055    138.594    436.397    447.051    0.04850    7.22262   10.32185  314.87447     5.2655   16.19117 4.8851e-02     0.2743     1.0973 0.0000e+00
        408 363.452983    0.02826     1.6957    101.742     24.228  49791.723    30.9238     5.2746     24.000     5.2758    24.4158    10.1744    14.5401    140.894    443.556    454.386    0.04669    7.22127   10.31992  314.81540     5.2729   16.18836 4.7683e-02     0.2631     1.0868 0.0000e+00
        412 363.452995    0.02853     1.7122    102.729     25.237  49794.903    30.9268     5.2806     25.000     5.2817    24.4175    10.2914    14.7074    142.538    448.657    459.613    0.04327    7.22010   10.31825  314.76400     5.2788   16.18590 4.6770e-02     0.2592     1.1094 0.0000e+00
        416 363.453007    0.02883     1.7297    103.780     26.247  49810.263    30.9385     5.2890     26.000     5.2960    24.4258    10.4159    14.8853    144.302    454.080    465.171    0.04107    7.21808   10.31537  314.67343     5.2871   16.18154 4.6064e-02     0.2657     1.1307 0.0000e+00
        420 363.453019    0.02913     1.7475    104.848     27.257  49830.647    30.9569     5.3127     27.000     5.3225    24.4377    10.4970    15.0013    145.527    457.613    468.797    0.03640    7.21314   10.30829  314.45423     5.3107   16.17103 4.5502e-02     0.2649     1.1013 0.0000e+00
        425 363.453032    0.02942     1.7654    105.923     28.267  49827.138    30.9583     5.3336     28.000     5.3379    24.4365    10.5612    15.0931    146.492    460.415    471.666    0.03158    7.20947   10.30305  314.29471     5.3316   16.16343 4.5027e-02     0.2676     1.0601 0.0000e+00
        429 363.453045    0.02974     1.7844    107.061     29.276  49827.872    30.9609     5.3466     29.000     5.3478    24.4373    10.5901    15.1344    146.941    461.674    472.956    0.02490    7.20711   10.29967  314.19146     5.3445   16.15850 4.4654e-02     0.2507     1.0491 0.0000e+00
        434 363.453058    0.03005     1.8031    108.184     30.285  49825.362    30.9598     5.3520     30.000     5.3504    24.4358    10.5915    15.1363    146.977    461.735    473.017    0.01793    7.20624   10.29844  314.15398     5.3498   16.15672 4.4323e-02     0.2574     1.0226 0.0000e+00
        439 363.453072    0.03040     1.8237    109.421     31.295  49825.399    30.9596     5.3530     31.000     5.3508    24.4355    10.5709    15.1069    146.695    460.836    472.097    0.01093    7.20607   10.29820  314.14679     5.3507   16.15638 4.4077e-02     0.2605     1.0224 0.0000e+00
        443 363.453085    0.03071     1.8429    110.574     32.305  49824.648    30.9585     5.3530     32.000     5.3500    24.4347    10.5392    15.0616    146.253    459.453    470.680    0.00522    7.20613   10.29828  314.14950     5.3506   16.15652 4.3857e-02     0.2674     1.0781 0.0000e+00
        448 363.453100    0.03106     1.8635    111.813     33.314  49826.508    30.9591     5.3517     33.000     5.3498    24.4353    10.4944    14.9975    145.627    457.497    468.676    0.00034    7.20632   10.29855  314.15761     5.3492   16.15690 4.3698e-02     0.2648     1.2283 0.0000e+00
        453 363.453114    0.03142     1.8849    113.092     34.324  49842.135    30.9706     5.3578     34.000     5.3614    24.4437    10.4224    14.8947    144.661    454.359    465.466   -0.00489    7.20472   10.29627  314.08538     5.3553   16.15342 4.3548e-02     0.2637     1.1829 0.0000e+00
        459 363.453130    0.03179     1.9072    114.430     35.334  49839.098    30.9708     5.3711     35.000     5.3704    24.4423    10.3502    14.7915    143.704    451.211    462.240   -0.00814    7.20243   10.29299  313.98573     5.3686   16.14867 4.3408e-02     0.2718     1.1836 0.0000e+00
        464 363.453146    0.03216     1.9299    115.797     36.342  49836.168    30.9688     5.3737     36.000     5.3707    24.4406    10.2517    14.6507    142.344    446.919    457.842   -0.01243    7.20208   10.29249  313.97116     5.3711   16.14798 4.3331e-02     0.2716     1.1430 0.0000e+00
        470 363.453161    0.03254     1.9522    117.133     37.353  49838.617    30.9699     5.3733     37.000     5.3711    24.4415    10.1683    14.5316    141.186    443.284    454.118   -0.01433    7.20209   10.29251  313.97140     5.3706   16.14799 4.3233e-02     0.2617     1.1670 0.0000e+00
        475 363.453178    0.03293     1.9758    118.549     38.363  49842.377    30.9725     5.3756     38.000     5.3744    24.4433    10.0757    14.3993    139.911    439.246    449.983   -0.01593    7.20157   10.29176  313.94819     5.3728   16.14688 4.3158e-02     0.2777     1.2194 0.0000e+00
        481 363.453194    0.03332     1.9993    119.955     39.372  49848.106    30.9771     5.3814     39.000     5.3821    24.4463     9.9892    14.2755    138.732    435.470    446.116   -0.01643    7.20036   10.29003  313.89461     5.3785   16.14431 4.3104e-02     0.2636     1.1726 0.0000e+00
        486 363.453208    0.03365     2.0192    121.153     40.381  49884.560    31.0047     5.3967     40.000     5.4138    24.4665     9.9070    14.1581    137.665    431.879    442.444   -0.01730    7.19642   10.28440  313.71656     5.3937   16.13572 4.3045e-02     0.2455     1.1719 0.0000e+00
        491 363.453222    0.03400     2.0400    122.400     41.391  49956.800    31.0669     5.4607     41.000     5.5052    24.5085     9.8529    14.0808    137.179    429.504    440.031   -0.01447    7.18251   10.26451  313.09706     5.4577   16.10596 4.3008e-02     0.2372     1.1865 0.0000e+00
        495 363.453235    0.03432     2.0589    123.531     42.400  50082.809    31.1821     5.6053     42.000     5.6817    24.5832     9.7983    14.0028    136.992    427.094    437.593   -0.01144    7.15245   10.22156  311.76430     5.6021   16.04203 4.2977e-02     0.2607     1.3354 0.0000e+00
        500 363.453249    0.03463     2.0779    124.675     43.410  50122.854    31.2431     5.7759     43.000     5.8393    24.6117     9.7461    13.9281    136.868    424.804    435.259   -0.00848    7.12074   10.17625  310.37348     5.7726   15.97554 4.2945e-02     0.2767     1.3112 0.0000e+00
        505 363.453263    0.03497     2.0981    125.888     44.420  50118.001    31.2683     5.9238     44.000     5.9513    24.6144     9.6462    13.7855    135.963    420.452    430.801   -0.01030    7.09471   10.13905  309.23791     5.9203   15.92135 4.2930e-02     0.2696     1.2272 0.0000e+00
        509 363.453275    0.03526     2.1155    126.933     45.430  50085.582    31.2540     5.9678     45.000     5.9709    24.5980     9.5202    13.6054    134.314    414.968    425.175   -0.01609    7.08803   10.12951  308.95190     5.9642   15.90778 4.2901e-02     0.2696     1.1918 0.0000e+00
        514 363.453290    0.03562     2.1374    128.245     46.439  50080.104    31.2517     5.9774     46.000     5.9745    24.5950     9.3491    13.3608    131.928    407.509    417.532   -0.02336    7.08653   10.12737  308.88759     5.9738   15.90473 4.2888e-02     0.2636     1.2217 0.0000e+00
        518 363.453303    0.03592     2.1556    129.334     47.449  50088.685    31.2576     5.9803     47.000     5.9795    24.5995     9.2407    13.2058    130.412    402.781    412.689   -0.02531    7.08577   10.12628  308.85299     5.9766   15.90306 4.2901e-02     0.2573     1.2462 0.0000e+00
        524 363.453318    0.03629     2.1777    130.659     48.459  50099.140    31.2662     5.9895     48.000     5.9904    24.6051     9.1349    13.0546    128.953    398.166    407.963   -0.02440    7.08384   10.12351  308.76686     5.9857   15.89892 4.2955e-02     0.2512     1.1854 0.0000e+00
        528 363.453332    0.03663     2.1977    131.860     49.468  50108.096    31.2743     6.0020     49.000     6.0034    24.6100     9.0359    12.9132    127.600    393.849    403.541   -0.02423    7.08137   10.11999  308.65801     5.9981   15.89370 4.3792e-02     0.2519     1.1714 0.0000e+00
        534 363.453348    0.03701     2.2207    133.243     50.478  50121.527    31.2861     6.0174     50.000     6.0214    24.6175     8.9284    12.7595    126.137    389.160    398.740   -0.02337    7.07825   10.11553  308.51979     6.0134   15.88706 5.5912e-02     0.2657     1.2114 0.0000e+00
        539 363.453363    0.03738     2.2428    134.570     51.488  50140.867    31.3038     6.0428     51.000     6.0490    24.6285     8.8223    12.6080    124.729    384.534    394.005   -0.02298    7.07320   10.10831  308.29613     6.0387   15.87633 1.2290e-01     0.2755     1.2700 0.0000e+00
        544 363.453378    0.03774     2.2641    135.845     52.498  50156.268    31.3190     6.0688     52.000     6.0754    24.6374     8.7240    12.4674    123.426    380.244    389.612   -0.02248    7.06816   10.10111  308.07397     6.0647   15.86569 8.1394e-02     0.2642     1.3895 0.0000e+00
        549 363.453391    0.03804     2.2826    136.957     53.508  50160.769    31.3260     6.0914     53.000     6.0944    24.6402     8.6523    12.3649    122.482    377.118    386.410   -0.02112    7.06409   10.09529  307.89556     6.0871   15.85716 6.3271e-02     0.2543     1.2792 0.0000e+00
