CTD-processing/allCTD/CNV/2020_06-04_t9_s02_cast070_4141.cnv
* Sea-Bird SBE19plus Data File:
* FileName = E:\2020_06-04_T9\2020_06-04_AlongBay_T9-0_Cast070.hex
* Software Version 1.59
* Temperature SN =  4141
* Conductivity SN =  4141
* System UpLoad Time = Jul 16 2020 15:31:32
** Cook Inlet LTM T9
** Date: 2020_06_04
** Station:02
** Start Time: (AKDT):11:35
** Depth (m):75
** Comment:
** Comment:
# nquan = 27
# nvalues = 72                          
# units = specified
# name 0 = scan: Scan Count
# name 1 = timeJ: Julian Days
# name 2 = timeH: Time, Elapsed [hours]
# name 3 = timeM: Time, Elapsed [minutes]
# name 4 = timeS: Time, Elapsed [seconds]
# name 5 = prdM: Pressure, Strain Gauge [db]
# name 6 = specc: Specific Conductance [uS/cm]
# name 7 = sal00: Salinity, Practical [PSU]
# name 8 = tv290C: Temperature [ITS-90, deg C]
# name 9 = depSM: Depth [salt water, m], lat = 59.00
# name 10 = potemp090C: Potential Temperature [ITS-90, deg C]
# name 11 = sigma-é00: Density [sigma-theta, kg/m^3]
# name 12 = sbeox0ML/L: Oxygen, SBE 43 [ml/l]
# name 13 = sbeox0Mg/L: Oxygen, SBE 43 [mg/l]
# name 14 = sbeox0PS: Oxygen, SBE 43 [% saturation]
# name 15 = sbox0Mm/Kg: Oxygen, SBE 43 [umol/kg]
# name 16 = sbeox0Mm/L: Oxygen, SBE 43 [umol/l]
# name 17 = sbox0dV/dT: Oxygen, SBE 43 [dov/dt]
# name 18 = oxsolML/L: Oxygen Saturation, Garcia & Gordon [ml/l]
# name 19 = oxsolMg/L: Oxygen Saturation, Garcia & Gordon [mg/l]
# name 20 = oxsolMm/Kg: Oxygen Saturation, Garcia & Gordon [umol/kg]
# name 21 = n2satMg/L: Nitrogen Saturation [mg/l]
# name 22 = par: PAR/Irradiance, Biospherical/Licor
# name 23 = wetStar: Fluorescence, WET Labs WETstar [mg/m^3]
# name 24 = CStarAt0: Beam Attenuation, WET Labs C-Star [1/m]
# name 25 = CStarTr0: Beam Transmission, WET Labs C-Star [%]
# name 26 = flag: flag
# span 0 =        321,        614       
# span 1 = 156.483566, 156.484414       
# span 2 =    0.02225,    0.04259       
# span 3 =     1.3350,     2.5552       
# span 4 =     80.101,    153.315       
# span 5 =      1.029,     72.681       
# span 6 =  46826.587,  51128.242       
# span 7 =    29.5842,    31.8220       
# span 8 =     5.2703,     9.6652       
# span 9 =      1.000,     72.000       
# span 10 =     5.2667,     9.3375      
# span 11 =    22.7797,    25.1244      
# span 12 =     6.9114,     8.0468      
# span 13 =     9.8772,    11.4996      
# span 14 =     96.272,    118.046      
# span 15 =    301.100,    350.669      
# span 16 =    308.665,    359.369      
# span 17 =   -0.03325,    0.00987      
# span 18 =    6.58607,    7.17901      
# span 19 =    9.41216,   10.25953      
# span 20 =  287.58325,  312.75705      
# span 21 =   14.89495,   16.08670      
# span 22 = 4.2036e-02, 3.0676e+02      
# span 23 =     0.7658,     8.5048      
# span 24 =     0.9473,     1.9496      
# span 25 =    61.6851,    78.9139      
# span 26 = 0.0000e+00, 0.0000e+00      
# interval = meters: 1                  
# start_time = Jun 04 2020 11:35:00 [Instrument's time stamp, header]
# bad_flag = -9.990e-29
*END*
        321 156.483566    0.02225     1.3350     80.101      1.029  46826.587    29.5842     9.6652      1.000     9.3375    22.7797     7.7749    11.1111    118.046    339.493    347.226   -0.00307    6.58607    9.41216  287.58325   14.89495 3.0676e+02     1.0804     1.9496    61.6851 0.0000e+00
        325 156.483576    0.02250     1.3499     80.995      2.018  47445.295    29.9373     9.0520      2.000     8.7637    23.1488     7.7123    11.0216    115.778    336.638    344.430   -0.01546    6.66141    9.51983  290.76782   15.04569 1.9058e+02     1.1727     1.3607    71.1803 0.0000e+00
        329 156.483587    0.02275     1.3651     81.908      3.024  47957.450    30.2383     8.6394      3.000     8.5552    23.4456     7.6324    10.9074    113.743    333.053    340.862   -0.02791    6.71012    9.58945  292.80921   15.14197 1.3459e+02     1.3671     1.2601    72.9757 0.0000e+00
        333 156.483599    0.02304     1.3823     82.941      4.045  48153.867    30.3538     8.4902      4.000     8.4498    23.5577     7.7642    11.0957    115.406    338.766    346.747   -0.01097    6.72766    9.61450  293.54224   15.17650 9.0949e+01     2.3311     1.2473    73.2115 0.0000e+00
        336 156.483608    0.02326     1.3960     83.763      5.047  48242.311    30.4066     8.4312      5.000     8.3646    23.6075     7.8657    11.2409    116.801    343.181    351.283    0.00157    6.73432    9.62401  293.81821   15.18947 6.4308e+01     3.7223     1.2641    72.9045 0.0000e+00
        339 156.483618    0.02350     1.4102     84.612      6.048  48383.614    30.4831     8.2835      6.000     8.1269    23.6887     7.8934    11.2805    116.879    344.362    352.519    0.00231    6.75346    9.65136  294.62996   15.22791 4.8604e+01     4.4770     1.2864    72.4981 0.0000e+00
        344 156.483631    0.02380     1.4282     85.692      7.073  48849.085    30.7453     7.8752      7.000     7.6152    23.9518     7.8583    11.2303    115.485    342.744    350.953   -0.00689    6.80467    9.72456  296.78801   15.32986 3.4876e+01     4.7442     1.2705    72.7905 0.0000e+00
        348 156.483642    0.02407     1.4438     86.629      8.074  49477.341    31.1078     7.4097      8.000     7.2054    24.3001     7.7766    11.1136    113.344    339.066    347.304   -0.01936    6.86115    9.80526  299.14929   15.44104 2.4618e+01     4.9539     1.1680    74.6774 0.0000e+00
        351 156.483653    0.02434     1.4600     87.599      9.083  50066.330    31.4601     7.0719      9.000     6.9933    24.6220     7.7502    11.0757    112.343    337.804    346.122   -0.02195    6.89866    9.85888  300.69074   15.51313 1.8102e+01     5.1928     1.1055    75.8553 0.0000e+00
        356 156.483665    0.02463     1.4777     88.663     10.098  50351.047    31.6381     6.9592     10.000     6.9659    24.7769     7.8196    11.1749    113.187    340.778    349.221   -0.01179    6.90851    9.87296  301.07461   15.53072 1.3584e+01     6.1189     1.0466    76.9786 0.0000e+00
        360 156.483677    0.02491     1.4947     89.681     11.104  50442.675    31.7049     6.9793     11.000     6.9814    24.8269     7.9070    11.2998    114.556    344.570    353.124    0.00002    6.90228    9.86405  300.78798   15.51677 1.0037e+01     6.4325     1.0353    77.1984 0.0000e+00
        364 156.483689    0.02522     1.5130     90.778     12.110  50449.453    31.7101     6.9842     12.000     6.9886    24.8303     7.9838    11.4097    115.687    347.920    356.558    0.00660    6.90128    9.86261  300.74352   15.51463 7.4914e+00     8.2516     1.0708    76.5144 0.0000e+00
        369 156.483704    0.02555     1.5330     91.980     13.127  50447.778    31.7106     6.9967     13.000     6.9963    24.8291     8.0377    11.4867    116.501    350.266    358.963    0.00987    6.89924    9.85971  300.65528   15.51042 5.5175e+00     8.5048     1.0819    76.3015 0.0000e+00
        373 156.483716    0.02585     1.5510     93.059     14.132  50413.449    31.6843     6.9858     14.000     6.9646    24.8098     8.0468    11.4996    116.583    350.669    359.369    0.00758    6.90217    9.86389  300.78834   15.51687 4.1455e+00     7.8438     1.0991    75.9758 0.0000e+00
        378 156.483729    0.02614     1.5688     94.125     15.144  50422.414    31.6815     6.9373     15.000     6.9207    24.8140     8.0365    11.4849    116.301    350.218    358.908    0.00386    6.91005    9.87515  301.13076   15.53321 3.1091e+00     7.9013     1.0521    76.8741 0.0000e+00
        381 156.483740    0.02642     1.5853     95.117     16.151  50456.288    31.7013     6.9188     16.000     6.9182    24.8321     7.9972    11.4288    115.699    348.502    357.156   -0.00086    6.91210    9.87808  301.21449   15.53713 2.3466e+00     7.5151     1.0449    77.0107 0.0000e+00
        385 156.483751    0.02670     1.6019     96.114     17.164  50464.909    31.7072     6.9204     17.000     6.9151    24.8364     7.9511    11.3629    115.040    346.490    355.095   -0.00478    6.91158    9.87733  301.19058   15.53596 1.7666e+00     7.6618     1.0577    76.7687 0.0000e+00
        389 156.483762    0.02695     1.6170     97.017     18.172  50501.443    31.7307     6.9127     18.000     6.9106    24.8559     7.9225    11.3220    114.624    345.237    353.818   -0.00645    6.91172    9.87754  301.19103   15.53589 1.3272e+00     7.8441     1.0477    76.9584 0.0000e+00
        393 156.483772    0.02719     1.6314     97.882     19.177  50533.324    31.7526     6.9138     19.000     6.9078    24.8731     7.9188    11.3167    114.590    345.070    353.653   -0.00559    6.91055    9.87587  301.13512   15.53314 1.0111e+00     7.1216     1.0948    76.0566 0.0000e+00
        396 156.483783    0.02746     1.6474     98.844     20.187  50514.249    31.7323     6.8773     20.000     6.8263    24.8619     7.9187    11.3166    114.476    345.070    353.648   -0.00458    6.91733    9.88555  301.43368   15.54745 7.7227e-01     6.9425     1.3361    71.6111 0.0000e+00
        401 156.483795    0.02775     1.6647     99.881     21.201  50609.904    31.7830     6.7918     21.000     6.7542    24.9129     7.8830    11.2657    113.774    343.498    352.056   -0.00776    6.92870    9.90180  301.91406   15.57016 5.8660e-01     7.2726     1.3068    72.1301 0.0000e+00
        404 156.483806    0.02802     1.6809    100.851     22.210  50481.668    31.6696     6.6614     22.000     6.5501    24.8402     7.8345    11.1964    112.649    341.410    349.891   -0.01213    6.95489    9.93924  303.07721   15.62609 4.4985e-01     7.2721     1.2697    72.8042 0.0000e+00
        408 156.483817    0.02826     1.6960    101.758     23.218  50698.902    31.7904     6.5004     23.000     6.4815    24.9558     7.7204    11.0331    110.679    336.395    344.790   -0.02146    6.97540    9.96854  303.93626   15.66655 3.5240e-01     7.1932     1.1816    74.4255 0.0000e+00
        412 156.483827    0.02851     1.7109    102.654     24.221  50704.350    31.7886     6.4730     24.000     6.4528    24.9579     7.5921    10.8498    108.770    330.804    339.061   -0.02829    6.97994    9.97503  304.13363   15.67597 2.8312e-01     5.6123     1.0858    76.2509 0.0000e+00
        416 156.483840    0.02882     1.7291    103.746     25.244  50715.097    31.7880     6.4333     25.000     6.4161    24.9626     7.4512    10.6485    106.653    324.666    332.770   -0.03325    6.98642    9.98429  304.41437   15.68935 2.2800e-01     4.4327     0.9597    78.6639 0.0000e+00
        420 156.483850    0.02909     1.7451    104.704     26.244  50733.201    31.7954     6.4081     26.000     6.3990    24.9715     7.3978    10.5723    105.832    322.338    330.388   -0.03078    6.99018    9.98967  304.57565   15.69701 1.8348e-01     4.4811     1.0415    77.0829 0.0000e+00
        424 156.483863    0.02936     1.7619    105.711     27.260  50743.090    31.7998     6.3976     27.000     6.3919    24.9763     7.3948    10.5678    105.765    322.201    330.249   -0.02347    6.99169    9.99183  304.64017   15.70007 1.4901e-01     4.0081     0.9473    78.9139 0.0000e+00
        428 156.483874    0.02964     1.7784    106.701     28.261  50645.567    31.7257     6.3658     28.000     6.2899    24.9218     7.4143    10.5957    105.913    323.068    331.120   -0.01679    7.00031   10.00415  305.03197   15.71904 1.2386e-01     4.5441     0.9568    78.7265 0.0000e+00
        433 156.483888    0.02997     1.7982    107.889     29.282  50763.023    31.7692     6.1700     29.000     6.1290    24.9803     7.3852    10.5542    105.047    321.785    329.824   -0.01635    7.03039   10.04713  306.32509   15.78050 1.0381e-01     3.9193     0.9559    78.7451 0.0000e+00
        437 156.483900    0.03026     1.8155    108.932     30.282  50829.269    31.8034     6.1117     30.000     6.0969    25.0143     7.3197    10.4607    103.998    318.922    326.900   -0.01904    7.03840   10.05858  306.66400   15.79652 8.9255e-02     3.3035     1.0062    77.7630 0.0000e+00
        441 156.483913    0.03057     1.8344    110.062     31.293  50844.659    31.8086     6.0865     31.000     6.0752    25.0214     7.2587    10.3735    103.073    316.263    324.176   -0.01876    7.04234   10.06421  306.83344   15.80457 7.8353e-02     3.1401     1.0225    77.4583 0.0000e+00
        446 156.483928    0.03092     1.8556    111.336     32.307  50811.977    31.7784     6.0501     32.000     6.0131    25.0021     7.2067    10.2991    102.226    314.001    321.852   -0.01813    7.04976   10.07481  307.16277   15.82039 6.9791e-02     2.7431     0.9479    78.8994 0.0000e+00
        451 156.483941    0.03125     1.8753    112.517     33.315  50824.230    31.7674     5.9535     33.000     5.9201    25.0049     7.1832    10.2654    101.654    312.974    320.800   -0.01618    7.06629   10.09844  307.88210   15.85471 6.3423e-02     2.6167     0.9640    78.5841 0.0000e+00
        455 156.483954    0.03156     1.8936    113.615     34.324  50913.260    31.8220     5.9206     34.000     5.9280    25.0521     7.1588    10.2306    101.268    311.899    319.713   -0.01434    7.06921   10.10260  307.99494   15.85986 5.8363e-02     2.3508     0.9918    78.0399 0.0000e+00
        460 156.483966    0.03186     1.9113    114.675     35.337  50872.936    31.7955     5.9303     35.000     5.9181    25.0299     7.1579    10.2293    101.259    311.863    319.669   -0.01056    7.06884   10.10207  307.98525   15.85951 5.4357e-02     2.0751     0.9978    77.9221 0.0000e+00
        464 156.483978    0.03212     1.9276    115.656     36.340  50889.532    31.8034     5.9146     36.000     5.9114    25.0381     7.1621    10.2354    101.287    312.047    319.859   -0.00800    7.07106   10.10525  308.07973   15.86398 5.1778e-02     1.9527     0.9958    77.9626 0.0000e+00
        468 156.483989    0.03241     1.9448    116.691     37.358  50858.944    31.7816     5.9136     37.000     5.8848    25.0210     7.1728    10.2507    101.422    312.520    320.340   -0.00511    7.07227   10.10698  308.13769   15.86683 4.9346e-02     2.2657     0.9824    78.2225 0.0000e+00
        471 156.484000    0.03267     1.9600    117.602     38.358  50821.450    31.7404     5.8390     38.000     5.7928    24.9972     7.1676    10.2432    101.143    312.299    320.106   -0.00542    7.08663   10.12750  308.77044   15.89714 4.7852e-02     2.3313     0.9841    78.1901 0.0000e+00
        476 156.484012    0.03296     1.9775    118.649     39.370  50900.554    31.7813     5.7726     39.000     5.7607    25.0373     7.1419    10.2065    100.650    311.167    318.958   -0.00724    7.09582   10.14063  309.15861   15.91547 4.6491e-02     1.9779     0.9813    78.2459 0.0000e+00
        480 156.484025    0.03327     1.9962    119.773     40.390  50914.756    31.7876     5.7577     40.000     5.7523    25.0441     7.1260    10.1838    100.395    310.474    318.249   -0.00673    7.09801   10.14376  309.25217   15.91990 4.5373e-02     1.8664     0.9853    78.1674 0.0000e+00
        484 156.484035    0.03351     2.0106    120.634     41.387  50914.920    31.7861     5.7525     41.000     5.7467    25.0436     7.1105    10.1616    100.162    309.796    317.554   -0.00678    7.09895   10.14511  309.29311   15.92186 4.4684e-02     1.6418     0.9918    78.0393 0.0000e+00
        487 156.484046    0.03378     2.0268    121.610     42.401  50917.766    31.7873     5.7511     42.000     5.7454    25.0447     7.1067    10.1562    100.107    309.631    317.386   -0.00557    7.09913   10.14537  309.30087   15.92222 4.4133e-02     1.7908     0.9603    78.6570 0.0000e+00
        492 156.484059    0.03407     2.0441    122.647     43.408  50909.298    31.7792     5.7419     43.000     5.7334    25.0393     7.1075    10.1574    100.092    309.670    317.425   -0.00432    7.10105   10.14811  309.38603   15.92631 4.3647e-02     1.8271     0.9526    78.8089 0.0000e+00
        496 156.484071    0.03437     2.0620    123.720     44.422  50924.272    31.7883     5.7386     44.000     5.7342    25.0470     7.1027    10.1505    100.022    309.456    317.207   -0.00363    7.10116   10.14828  309.38878   15.92641 4.3221e-02     2.0697     0.9637    78.5890 0.0000e+00
        500 156.484083    0.03465     2.0792    124.750     45.429  50917.125    31.7811     5.7299     45.000     5.7241    25.0424     7.1057    10.1548    100.038    309.588    317.341   -0.00266    7.10297   10.15086  309.46885   15.93025 4.3007e-02     2.2033     0.9610    78.6438 0.0000e+00
        504 156.484094    0.03493     2.0961    125.767     46.440  50903.389    31.7702     5.7255     46.000     5.7126    25.0343     7.1014    10.1486     99.960    309.405    317.150   -0.00262    7.10424   10.15267  309.52653   15.93305 4.2789e-02     1.7727     0.9556    78.7486 0.0000e+00
        508 156.484106    0.03522     2.1131    126.784     47.445  50928.861    31.7852     5.7144     47.000     5.7132    25.0473     7.1002    10.1469     99.927    309.347    317.095   -0.00218    7.10538   10.15431  309.57264   15.93518 4.2662e-02     1.6995     0.9679    78.5082 0.0000e+00
        513 156.484120    0.03555     2.1329    127.976     48.463  50908.355    31.7711     5.7174     48.000     5.7036    25.0358     7.0997    10.1462     99.917    309.327    317.072   -0.00163    7.10555   10.15455  309.58326   15.93574 4.2450e-02     1.9828     0.9532    78.7965 0.0000e+00
        517 156.484132    0.03582     2.1495    128.969     49.471  50873.893    31.7409     5.6884     49.000     5.6494    25.0155     7.0990    10.1452     99.820    309.305    317.043   -0.00197    7.11183   10.16353  309.86324   15.94920 4.2337e-02     1.9421     0.9652    78.5613 0.0000e+00
        520 156.484142    0.03607     2.1643    129.858     50.473  50921.435    31.7606     5.6261     50.000     5.6094    25.0382     7.0910    10.1338     99.574    308.951    316.687   -0.00288    7.12139   10.17719  310.27289   15.96863 4.2304e-02     1.9306     1.0008    77.8638 0.0000e+00
        524 156.484153    0.03635     2.1810    130.862     51.488  50915.058    31.7517     5.6064     51.000     5.5786    25.0335     7.0727    10.1076     99.264    308.153    315.867   -0.00419    7.12512   10.18252  310.43692   15.97648 4.2295e-02     1.9536     0.9944    77.9894 0.0000e+00
        529 156.484166    0.03664     2.1984    131.903     52.496  50911.469    31.7361     5.5451     52.000     5.5057    25.0282     7.0590    10.0880     98.918    307.557    315.255   -0.00511    7.13622   10.19837  310.92191   15.99965 4.2180e-02     1.9003     1.0181    77.5286 0.0000e+00
        533 156.484178    0.03694     2.2168    133.009     53.509  50983.684    31.7740     5.4899     53.000     5.4814    25.0645     7.0303    10.0470     98.412    306.296    313.973   -0.00676    7.14375   10.20914  311.23891   16.01459 4.2227e-02     1.5979     1.0326    77.2485 0.0000e+00
