CTD-processing/allCTD/CNV/2020_08-14_t9_s02_cast156_4141.cnv
* Sea-Bird SBE19plus Data File:
* FileName = E:\2020_08-14_T9\2020_08-14_T9_S01_cast156.hex
* Software Version 1.59
* Temperature SN =  4141
* Conductivity SN =  4141
* System UpLoad Time = Aug 18 2020 11:03:57
** Cook Inlet LTM T9
** Date: 2020_08-14
** Station:S02
** Start Time: (AKDT):14:05
** Depth (m):74
** Comment:
** Comment:
# nquan = 27
# nvalues = 65                          
# units = specified
# name 0 = scan: Scan Count
# name 1 = timeJ: Julian Days
# name 2 = timeH: Time, Elapsed [hours]
# name 3 = timeM: Time, Elapsed [minutes]
# name 4 = timeS: Time, Elapsed [seconds]
# name 5 = prdM: Pressure, Strain Gauge [db]
# name 6 = specc: Specific Conductance [uS/cm]
# name 7 = sal00: Salinity, Practical [PSU]
# name 8 = tv290C: Temperature [ITS-90, deg C]
# name 9 = depSM: Depth [salt water, m], lat = 59.00
# name 10 = potemp090C: Potential Temperature [ITS-90, deg C]
# name 11 = sigma-é00: Density [sigma-theta, kg/m^3]
# name 12 = sbeox0ML/L: Oxygen, SBE 43 [ml/l]
# name 13 = sbeox0Mg/L: Oxygen, SBE 43 [mg/l]
# name 14 = sbeox0PS: Oxygen, SBE 43 [% saturation]
# name 15 = sbox0Mm/Kg: Oxygen, SBE 43 [umol/kg]
# name 16 = sbeox0Mm/L: Oxygen, SBE 43 [umol/l]
# name 17 = sbox0dV/dT: Oxygen, SBE 43 [dov/dt]
# name 18 = oxsolML/L: Oxygen Saturation, Garcia & Gordon [ml/l]
# name 19 = oxsolMg/L: Oxygen Saturation, Garcia & Gordon [mg/l]
# name 20 = oxsolMm/Kg: Oxygen Saturation, Garcia & Gordon [umol/kg]
# name 21 = n2satMg/L: Nitrogen Saturation [mg/l]
# name 22 = par: PAR/Irradiance, Biospherical/Licor
# name 23 = wetStar: Fluorescence, WET Labs WETstar [mg/m^3]
# name 24 = CStarAt0: Beam Attenuation, WET Labs C-Star [1/m]
# name 25 = CStarTr0: Beam Transmission, WET Labs C-Star [%]
# name 26 = flag: flag
# span 0 =        288,        575       
# span 1 = 227.587370, 227.588200       
# span 2 =    0.01994,    0.03985       
# span 3 =     1.1963,     2.3910       
# span 4 =     71.778,    143.459       
# span 5 =      1.022,     65.601       
# span 6 =  43085.223,  49267.374       
# span 7 =    27.3202,    31.3863       
# span 8 =    10.5647,    13.4156       
# span 9 =      1.000,     65.000       
# span 10 =    10.5471,    13.2848      
# span 11 =    20.3741,    24.0347      
# span 12 =     5.8082,     6.6063      
# span 13 =     8.3004,     9.4411      
# span 14 =     91.031,    105.818      
# span 15 =    253.304,    288.225      
# span 16 =    259.392,    295.038      
# span 17 =   -0.01249,    0.03303      
# span 18 =    6.13427,    6.38434      
# span 19 =    8.76649,    9.12386      
# span 20 =  268.09548,  278.43422      
# span 21 =   13.96329,   14.45002      
# span 22 = 5.6826e-02, 7.0943e+02      
# span 23 =     0.6528,     6.2006      
# span 24 =     0.5017,     4.4388      
# span 25 =    33.1592,    88.2277      
# span 26 = 0.0000e+00, 0.0000e+00      
# interval = meters: 1                  
# start_time = Aug 14 2020 14:04:37 [Instrument's time stamp, header]
# bad_flag = -9.990e-29
*END*
[from data line 54]
        529 227.588068    0.03669     2.2010    132.061     55.528  49132.171    31.3255    10.8542     55.000    10.8386    23.9420     5.8524     8.3637     92.216    255.259    261.371   -0.00140    6.34649    9.06977  276.80718   14.37231 5.7177e-02     0.7544     0.6008    86.0554 0.0000e+00
        534 227.588082    0.03701     2.2208    133.248     56.532  49147.513    31.3340    10.8375     56.000    10.8276    23.9514     5.8473     8.3564     92.107    255.033    261.142   -0.00158    6.34844    9.07255  276.88923   14.37620 5.7064e-02     0.7427     0.5866    86.3599 0.0000e+00
        539 227.588097    0.03739     2.2436    134.614     57.550  49143.468    31.3297    10.8288     57.000    10.8100    23.9496     5.8394     8.3451     91.962    254.687    260.787   -0.00214    6.34979    9.07449  276.94887   14.37908 5.7069e-02     0.7242     0.5601    86.9339 0.0000e+00
        544 227.588111    0.03771     2.2628    135.767     58.556  49153.354    31.3319    10.7910     58.000    10.7616    23.9579     5.8365     8.3410     91.843    254.559    260.658   -0.00211    6.35489    9.08178  277.16900   14.38961 5.7001e-02     0.7177     0.5943    86.1957 0.0000e+00
        549 227.588124    0.03803     2.2816    136.898     59.565  49166.021    31.3326    10.7238     59.000    10.6813    23.9699     5.8375     8.3423     91.725    254.597    260.700   -0.00256    6.36407    9.09489  277.56627   14.40863 5.6996e-02     0.6779     0.6108    85.8404 0.0000e+00
        553 227.588137    0.03833     2.3002    138.009     60.576  49219.580    31.3631    10.6652     60.000    10.6427    24.0037     5.8343     8.3379     91.578    254.453    260.561   -0.00281    6.37089    9.10464  277.85461   14.42232 5.6944e-02     0.6528     0.5984    86.1053 0.0000e+00
        557 227.588149    0.03864     2.3184    139.103     61.586  49247.017    31.3787    10.6360     61.000    10.6243    24.0208     5.8268     8.3271     91.411    254.120    260.225   -0.00304    6.37429    9.10950  277.99834   14.42913 5.6881e-02     0.6843     0.6149    85.7505 0.0000e+00
        562 227.588162    0.03894     2.3362    140.173     62.596  49248.424    31.3779    10.6250     62.000    10.6083    24.0220     5.8143     8.3092     91.192    253.574    259.666   -0.00387    6.37584    9.11172  278.06539   14.43234 5.6971e-02     0.7442     0.6193    85.6557 0.0000e+00
        566 227.588173    0.03923     2.3535    141.210     63.603  49258.280    31.3822    10.6059     63.000    10.5909    24.0287     5.8161     8.3118     91.186    253.652    259.748   -0.00267    6.37830    9.11522  278.17071   14.43737 5.6826e-02     0.7479     0.6092    85.8731 0.0000e+00
        570 227.588187    0.03953     2.3722    142.329     64.615  49267.374    31.3863    10.5896     64.000    10.5754    24.0347     5.8082     8.3004     91.031    253.304    259.392   -0.00312    6.38038    9.11821  278.26010   14.44163 5.6842e-02     0.7183     0.6593    84.8065 0.0000e+00
        575 227.588200    0.03985     2.3910    143.459     65.601  49253.977    31.3734    10.5647     65.000    10.5471    24.0288     5.8119     8.3057     91.033    253.468    259.558   -0.00210    6.38434    9.12386  278.43422   14.45002 5.7002e-02     0.7167     0.7037    83.9060 0.0000e+00
