CTD-processing/allCTD/CNV/2020_03-18_alongbay_kb10_cast042_4141.cnv
* Sea-Bird SBE19plus Data File:
* FileName = C:\Users\Chris\Desktop\EVOSTC GWA LTM\CTD Data\2020_03-18_AlongBay\2020_03-18_AlongBay_KB13_Cast042.hex
* Software Version 1.59
* Temperature SN =  4141
* Conductivity SN =  4141
* System UpLoad Time = Mar 23 2020 13:56:00
** Cook Inlet LTM AlongBay
** Date: 2020_03_18
** Station:KB10
** Start Time: (AKDT):11:04
** Depth (m):64
** Comment:
** Comment:
# nquan = 27
# nvalues = 61                          
# units = specified
# name 0 = scan: Scan Count
# name 1 = timeJ: Julian Days
# name 2 = timeH: Time, Elapsed [hours]
# name 3 = timeM: Time, Elapsed [minutes]
# name 4 = timeS: Time, Elapsed [seconds]
# name 5 = prdM: Pressure, Strain Gauge [db]
# name 6 = specc: Specific Conductance [uS/cm]
# name 7 = sal00: Salinity, Practical [PSU]
# name 8 = tv290C: Temperature [ITS-90, deg C]
# name 9 = depSM: Depth [salt water, m], lat = 59.00
# name 10 = potemp090C: Potential Temperature [ITS-90, deg C]
# name 11 = sigma-é00: Density [sigma-theta, kg/m^3]
# name 12 = sbeox0ML/L: Oxygen, SBE 43 [ml/l]
# name 13 = sbeox0Mg/L: Oxygen, SBE 43 [mg/l]
# name 14 = sbeox0PS: Oxygen, SBE 43 [% saturation]
# name 15 = sbox0Mm/Kg: Oxygen, SBE 43 [umol/kg]
# name 16 = sbeox0Mm/L: Oxygen, SBE 43 [umol/l]
# name 17 = sbox0dV/dT: Oxygen, SBE 43 [dov/dt]
# name 18 = oxsolML/L: Oxygen Saturation, Garcia & Gordon [ml/l]
# name 19 = oxsolMg/L: Oxygen Saturation, Garcia & Gordon [mg/l]
# name 20 = oxsolMm/Kg: Oxygen Saturation, Garcia & Gordon [umol/kg]
# name 21 = n2satMg/L: Nitrogen Saturation [mg/l]
# name 22 = par: PAR/Irradiance, Biospherical/Licor
# name 23 = wetStar: Fluorescence, WET Labs WETstar [mg/m^3]
# name 24 = CStarAt0: Beam Attenuation, WET Labs C-Star [1/m]
# name 25 = CStarTr0: Beam Transmission, WET Labs C-Star [%]
# name 26 = flag: flag
# span 0 =        362,        742       
# span 1 =  78.462064,  78.463163       
# span 2 =    0.02509,    0.05147       
# span 3 =     1.5055,     3.0879       
# span 4 =     90.331,    185.273       
# span 5 =      1.016,     61.539       
# span 6 =  51755.970,  51885.098       
# span 7 =    31.4974,    31.6904       
# span 8 =     2.0442,     2.6594       
# span 9 =      1.000,     61.000       
# span 10 =     2.0851,     2.6559      
# span 11 =    25.1584,    25.2722      
# span 12 =     7.0952,     7.2972      
# span 13 =    10.1398,    10.4285      
# span 14 =     91.152,     94.049      
# span 15 =    309.062,    317.898      
# span 16 =    316.872,    325.895      
# span 17 =   -0.00453,    0.00148      
# span 18 =    7.65804,    7.78681      
# span 19 =   10.94409,   11.12813      
# span 20 =  333.57847,  339.21920      
# span 21 =   17.07736,   17.34587      
# span 22 = 3.6170e-02, 5.6521e+01      
# span 23 =     0.2569,     0.4748      
# span 24 =     0.9386,     3.1907      
# span 25 =    61.7818,    79.0200      
# span 26 = 0.0000e+00, 0.0000e+00      
# interval = meters: 1                  
# start_time = Mar 18 2020 11:03:52 [Instrument's time stamp, header]
# bad_flag = -9.990e-29
*END*
        362  78.462064    0.02509     1.5055     90.331      1.016  51806.965    31.5119     2.0442      1.000     2.0851    25.1748     7.0969    10.1423     91.152    309.167    316.950   -0.00153    7.78681   11.12813  339.21920   17.34587 5.6521e+01     0.3155     3.1907    61.7818 0.0000e+00
        481  78.462409    0.03336     2.0020    120.119      2.020  51755.970    31.4974     2.1136      2.000     2.1134    25.1584     7.2617    10.3777     93.411    316.349    324.308   -0.00200    7.77388   11.10965  338.66146   17.31945 4.7889e+01     0.2695     0.9386    78.7451 0.0000e+00
        484  78.462417    0.03357     2.0143    120.858      3.028  51758.546    31.4986     2.1138      3.000     2.1137    25.1593     7.2972    10.4285     93.870    317.898    325.895    0.00126    7.77376   11.10949  338.65619   17.31920 4.6560e+01     0.2569     0.9621    78.6211 0.0000e+00
        489  78.462430    0.03388     2.0326    121.957      4.040  51767.497    31.5043     2.1143      4.000     2.1178    25.1638     7.2919    10.4209     93.807    317.664    325.657    0.00052    7.77337   11.10892  338.63720   17.31827 5.1385e+01     0.2825     0.9567    78.7283 0.0000e+00
        493  78.462442    0.03417     2.0501    123.004      5.045  51819.406    31.5432     2.1304      5.000     2.1459    25.1938     7.2862    10.4127     93.796    317.405    325.401    0.00021    7.76813   11.10143  338.39901   17.30681 5.5718e+01     0.2800     0.9421    79.0154 0.0000e+00
        498  78.462456    0.03449     2.0697    124.180      6.055  51847.871    31.5733     2.1705      6.000     2.1844    25.2150     7.2969    10.4280     94.048    317.864    325.879    0.00148    7.75867   11.08792  337.98013   17.28681 5.4492e+01     0.3195     0.9418    79.0200 0.0000e+00
        503  78.462470    0.03484     2.0904    125.423      7.069  51830.226    31.5689     2.1984      7.000     2.2011    25.2094     7.2907    10.4192     94.032    317.598    325.605    0.00104    7.75345   11.08044  337.75413   17.27611 4.6994e+01     0.3274     0.9487    78.8869 0.0000e+00
        507  78.462483    0.03516     2.1093    126.557      8.075  51843.438    31.5795     2.2064      8.000     2.2147    25.2174     7.2830    10.4081     93.958    317.258    325.259    0.00028    7.75131   11.07739  337.65851   17.27152 3.8748e+01     0.3900     0.9571    78.7196 0.0000e+00
        512  78.462497    0.03548     2.1287    127.721      9.085  51852.747    31.5923     2.2314      9.000     2.2394    25.2258     7.2847    10.4106     94.049    317.332    325.337    0.00064    7.74574   11.06945  337.41349   17.25984 3.1752e+01     0.4312     0.9594    78.6739 0.0000e+00
        517  78.462510    0.03580     2.1481    128.884     10.095  51848.668    31.5933     2.2463     10.000     2.2498    25.2255     7.2784    10.4016     94.003    317.058    325.056    0.00023    7.74279   11.06522  337.28485   17.25373 2.5827e+01     0.4459     0.9776    78.3154 0.0000e+00
        521  78.462523    0.03612     2.1673    130.039     11.102  51854.986    31.6005     2.2584     11.000     2.2653    25.2303     7.2598    10.3750     93.795    316.243    324.222   -0.00085    7.74004   11.06130  337.16353   17.24794 2.0972e+01     0.4535     0.9963    77.9524 0.0000e+00
        526  78.462538    0.03648     2.1884    131.305     12.115  51858.061    31.6077     2.2784     12.000     2.2884    25.2346     7.2251    10.3254     93.399    314.733    322.674   -0.00264    7.73576   11.05519  336.97598   17.23901 1.6921e+01     0.4385     0.9973    77.9325 0.0000e+00
        531  78.462552    0.03681     2.2084    132.506     13.128  51874.783    31.6277     2.3113     13.000     2.3301    25.2482     7.2019    10.2923     93.189    313.717    321.638   -0.00312    7.72830   11.04451  336.64610   17.22327 1.3417e+01     0.4748     0.9986    77.9062 0.0000e+00
        535  78.462564    0.03707     2.2246    133.475     14.132  51885.098    31.6449     2.3496     14.000     2.3776    25.2591     7.1899    10.2751     93.134    313.190    321.101   -0.00273    7.71993   11.03257  336.27834   17.20574 1.0667e+01     0.4437     1.0033    77.8156 0.0000e+00
        539  78.462574    0.03734     2.2405    134.433     15.141  51879.039    31.6574     2.4099     15.000     2.4345    25.2645     7.1901    10.2754     93.286    313.198    321.110   -0.00148    7.70758   11.01490  335.73824   17.18004 8.6311e+00     0.4420     1.0219    77.4541 0.0000e+00
        543  78.462587    0.03763     2.2577    135.464     16.150  51825.859    31.6303     2.4432     16.000     2.4468    25.2403     7.1831    10.2653     93.255    312.897    320.796   -0.00103    7.70259   11.00776  335.52855   17.17019 6.9251e+00     0.4255     1.0536    76.8423 0.0000e+00
        547  78.462599    0.03794     2.2762    136.570     17.163  51818.658    31.6266     2.4494     17.000     2.4497    25.2370     7.1460    10.2123     92.786    311.285    319.141   -0.00322    7.70158   11.00633  335.48589   17.16818 5.4685e+00     0.3912     1.0541    76.8332 0.0000e+00
        551  78.462611    0.03822     2.2936    137.614     18.171  51817.226    31.6257     2.4514     18.000     2.4505    25.2361     7.1187    10.1733     92.436    310.094    317.919   -0.00453    7.70123   11.00583  335.47109   17.16748 4.2780e+00     0.3910     1.0583    76.7543 0.0000e+00
        555  78.462623    0.03850     2.3101    138.603     19.181  51825.803    31.6311     2.4522     19.000     2.4550    25.2404     7.1093    10.1598     92.319    309.682    317.498   -0.00415    7.70080   11.00521  335.45091   17.16650 3.3741e+00     0.3881     1.0705    76.5200 0.0000e+00
        559  78.462634    0.03877     2.3265    139.589     20.189  51835.497    31.6400     2.4627     20.000     2.4689    25.2467     7.1107    10.1619     92.367    309.743    317.563   -0.00317    7.69830   11.00165  335.34011   17.16121 2.6982e+00     0.4030     1.0470    76.9718 0.0000e+00
        564  78.462646    0.03907     2.3438    140.630     21.197  51828.935    31.6389     2.4763     21.000     2.4798    25.2447     7.1208    10.1763     92.530    310.185    318.016   -0.00156    7.69573   10.99797  335.22856   17.15592 2.1755e+00     0.3811     1.0133    77.6219 0.0000e+00
        568  78.462659    0.03938     2.3626    141.757     22.211  51828.937    31.6411     2.4858     22.000     2.4888    25.2457     7.1258    10.1835     92.618    310.403    318.238   -0.00070    7.69377   10.99517  335.14275   17.15183 1.7470e+00     0.3662     0.9925    78.0273 0.0000e+00
        572  78.462672    0.03967     2.3801    142.805     23.220  51828.065    31.6422     2.4941     23.000     2.4965    25.2460     7.1255    10.1831     92.634    310.389    318.226   -0.00062    7.69213   10.99282  335.07111   17.14843 1.3967e+00     0.3708     0.9910    78.0550 0.0000e+00
        576  78.462682    0.03994     2.3964    143.786     24.230  51830.866    31.6456     2.5016     24.000     2.5038    25.2482     7.1392    10.2026     92.832    310.985    318.837    0.00058    7.69050   10.99050  334.99964   17.14502 1.1165e+00     0.3934     0.9984    77.9119 0.0000e+00
        580  78.462694    0.04021     2.4126    144.756     25.235  51830.887    31.6466     2.5071     25.000     2.5095    25.2486     7.1353    10.1972     92.795    310.817    318.665    0.00027    7.68938   10.98890  334.95086   17.14270 9.0842e-01     0.3708     0.9975    77.9286 0.0000e+00
        584  78.462706    0.04051     2.4303    145.816     26.247  51836.164    31.6525     2.5171     26.000     2.5210    25.2525     7.1301    10.1896     92.754    310.588    318.431   -0.00009    7.68715   10.98570  334.85210   17.13799 7.3763e-01     0.3678     0.9966    77.9453 0.0000e+00
        589  78.462719    0.04080     2.4483    146.896     27.259  51828.237    31.6493     2.5268     27.000     2.5269    25.2492     7.1332    10.1940     92.814    310.721    318.567    0.00019    7.68546   10.98329  334.77954   17.13456 5.9315e-01     0.3606     1.0001    77.8790 0.0000e+00
        593  78.462731    0.04110     2.4659    147.953     28.262  51826.599    31.6482     2.5288     28.000     2.5279    25.2482     7.1335    10.1944     92.822    310.736    318.581    0.00014    7.68511   10.98279  334.76470   17.13385 4.7809e-01     0.3615     1.0045    77.7928 0.0000e+00
        598  78.462745    0.04143     2.4857    149.140     29.279  51827.097    31.6483     2.5299     29.000     2.5285    25.2482     7.1339    10.1950     92.830    310.754    318.599    0.00011    7.68490   10.98249  334.75567   17.13342 3.8338e-01     0.3677     0.9983    77.9141 0.0000e+00
        602  78.462758    0.04174     2.5042    150.255     30.286  51830.074    31.6499     2.5305     30.000     2.5300    25.2495     7.1332    10.1940     92.823    310.721    318.567   -0.00004    7.68470   10.98220  334.74627   17.13297 3.0894e-01     0.3707     1.0008    77.8662 0.0000e+00
        606  78.462770    0.04203     2.5219    151.316     31.293  51836.604    31.6549     2.5342     31.000     2.5361    25.2531     7.1348    10.1963     92.856    310.790    318.639    0.00005    7.68371   10.98080  334.70237   17.13087 2.5009e-01     0.3813     0.9995    77.8891 0.0000e+00
        611  78.462783    0.04233     2.5399    152.397     32.303  51841.653    31.6599     2.5420     32.000     2.5464    25.2565     7.1347    10.1961     92.876    310.784    318.634    0.00015    7.68196   10.97830  334.62523   17.12719 2.0349e-01     0.3738     1.0016    77.8490 0.0000e+00
        615  78.462796    0.04265     2.5592    153.552     33.315  51840.456    31.6625     2.5563     33.000     2.5599    25.2575     7.1346    10.1960     92.909    310.780    318.629    0.00021    7.67907   10.97415  334.49856   17.12115 1.6597e-01     0.3681     1.0101    77.6842 0.0000e+00
        620  78.462810    0.04299     2.5790    154.743     34.321  51843.471    31.6678     2.5699     34.000     2.5726    25.2606     7.1254    10.1828     92.824    310.378    318.218   -0.00029    7.67619   10.97004  334.37203   17.11513 1.3512e-01     0.3584     1.0210    77.4739 0.0000e+00
        625  78.462825    0.04335     2.6010    156.061     35.337  51836.752    31.6649     2.5778     35.000     2.5769    25.2577     7.1158    10.1692     92.716    309.964    317.792   -0.00083    7.67481   10.96808  334.31331   17.11236 1.0980e-01     0.3583     1.0046    77.7890 0.0000e+00
        630  78.462838    0.04367     2.6205    157.230     36.342  51839.886    31.6672     2.5807     36.000     2.5811    25.2594     7.1160    10.1695     92.727    309.972    317.801   -0.00062    7.67413   10.96711  334.28316   17.11091 9.0528e-02     0.3555     1.0087    77.7099 0.0000e+00
        635  78.462852    0.04401     2.6402    158.415     37.352  51849.002    31.6749     2.5881     37.000     2.5918    25.2649     7.1195    10.1745     92.795    310.122    317.958   -0.00019    7.67231   10.96450  334.20176   17.10702 7.5544e-02     0.3814     1.0068    77.7482 0.0000e+00
        640  78.462866    0.04435     2.6610    159.662     38.364  51850.174    31.6796     2.6042     38.000     2.6072    25.2675     7.1229    10.1794     92.880    310.271    318.111    0.00027    7.66897   10.95973  334.05556   17.10005 6.4421e-02     0.3520     0.9950    77.9767 0.0000e+00
        644  78.462880    0.04468     2.6811    160.865     39.371  51843.180    31.6767     2.6128     39.000     2.6126    25.2645     7.1251    10.1824     92.926    310.364    318.205    0.00044    7.66747   10.95759  333.99118   17.09701 5.5737e-02     0.3707     0.9928    78.0205 0.0000e+00
        649  78.462894    0.04500     2.7000    162.000     40.388  51857.007    31.6869     2.6176     40.000     2.6226    25.2722     7.1160    10.1693     92.824    309.964    317.797   -0.00026    7.66602   10.95551  333.92536   17.09384 4.8853e-02     0.3947     0.9954    77.9692 0.0000e+00
        653  78.462904    0.04526     2.7153    162.920     41.388  51853.462    31.6879     2.6319     41.000     2.6345    25.2719     7.1142    10.1669     92.835    309.888    317.719   -0.00027    7.66322   10.95151  333.80359   17.08806 4.3811e-02     0.3765     1.0125    77.6380 0.0000e+00
        657  78.462917    0.04555     2.7332    163.991     42.398  51848.571    31.6864     2.6405     42.000     2.6412    25.2700     7.1193    10.1742     92.921    310.112    317.949    0.00021    7.66164   10.94926  333.73545   17.08483 3.9746e-02     0.3591     1.0236    77.4229 0.0000e+00
        662  78.462931    0.04589     2.7538    165.231     43.414  51841.461    31.6825     2.6454     43.000     2.6427    25.2665     7.1104    10.1616     92.814    309.727    317.553   -0.00038    7.66091   10.94821  333.70479   17.08338 3.6785e-02     0.3651     1.0136    77.6155 0.0000e+00
        666  78.462943    0.04620     2.7718    166.306     44.422  51845.330    31.6844     2.6449     44.000     2.6433    25.2680     7.1018    10.1492     92.701    309.350    317.167   -0.00100    7.66092   10.94822  333.70464   17.08337 3.6206e-02     0.3759     1.0193    77.5048 0.0000e+00
        670  78.462955    0.04647     2.7881    167.288     45.428  51846.359    31.6849     2.6462     45.000     2.6447    25.2684     7.0965    10.1416     92.635    309.117    316.928   -0.00117    7.66063   10.94781  333.69214   17.08277 3.6170e-02     0.3665     1.0630    76.6646 0.0000e+00
        674  78.462967    0.04676     2.8054    168.326     46.439  51845.615    31.6844     2.6481     46.000     2.6462    25.2678     7.0992    10.1454     92.675    309.235    317.049   -0.00078    7.66029   10.94733  333.67733   17.08207 3.6170e-02     0.3687     1.0699    76.5312 0.0000e+00
        679  78.462979    0.04706     2.8236    169.413     47.447  51847.813    31.6857     2.6494     47.000     2.6476    25.2688     7.1027    10.1506     92.726    309.392    317.210   -0.00041    7.65999   10.94688  333.66366   17.08142 3.6170e-02     0.3588     1.0651    76.6231 0.0000e+00
        684  78.462994    0.04740     2.8439    170.635     48.455  51848.384    31.6861     2.6512     48.000     2.6492    25.2689     7.0966    10.1418     92.650    309.124    316.935   -0.00064    7.65963   10.94638  333.64829   17.08069 3.6170e-02     0.3442     1.0547    76.8224 0.0000e+00
        689  78.463009    0.04779     2.8672    172.035     49.472  51848.293    31.6859     2.6527     49.000     2.6504    25.2687     7.0953    10.1399     92.635    309.065    316.874   -0.00066    7.65935   10.94598  333.63607   17.08011 3.6170e-02     0.3609     1.0403    77.0996 0.0000e+00
        694  78.463024    0.04812     2.8873    173.237     50.480  51848.485    31.6856     2.6530     50.000     2.6503    25.2684     7.0952    10.1398     92.635    309.062    316.872   -0.00051    7.65928   10.94589  333.63339   17.07998 3.6170e-02     0.3481     1.0392    77.1199 0.0000e+00
        698  78.463036    0.04841     2.9049    174.295     51.489  51851.670    31.6873     2.6535     51.000     2.6517    25.2698     7.0978    10.1436     92.672    309.178    316.991   -0.00028    7.65911   10.94563  333.62498   17.07957 3.6170e-02     0.3477     1.0514    76.8859 0.0000e+00
        702  78.463047    0.04869     2.9214    175.284     52.495  51849.142    31.6855     2.6549     52.000     2.6518    25.2682     7.0988    10.1449     92.686    309.219    317.032   -0.00017    7.65894   10.94539  333.61832   17.07926 3.6170e-02     0.3347     1.0619    76.6850 0.0000e+00
        707  78.463060    0.04901     2.9405    176.431     53.505  51847.232    31.6830     2.6526     53.000     2.6481    25.2664     7.1019    10.1494     92.720    309.354    317.171   -0.00006    7.65952   10.94622  333.64418   17.08050 3.6170e-02     0.3581     1.0548    76.8201 0.0000e+00
