CTD-processing/allCTD/CNV/2020_08-14_alongbay_skb11_cast143_4141.cnv
* Sea-Bird SBE19plus Data File:
* FileName = E:\2020_08-14_AlongBay\2020_08-14_AlongBay_SKB0_cast143.hex
* Software Version 1.59
* Temperature SN =  4141
* Conductivity SN =  4141
* System UpLoad Time = Aug 18 2020 10:41:07
** Cook Inlet LTM AlongBay
** Date: 2020_08-14
** Station:SKB11
** Start Time: (AKDT):10:15
** Depth (m):55
** Comment:
** Comment:
# nquan = 27
# nvalues = 49                          
# units = specified
# name 0 = scan: Scan Count
# name 1 = timeJ: Julian Days
# name 2 = timeH: Time, Elapsed [hours]
# name 3 = timeM: Time, Elapsed [minutes]
# name 4 = timeS: Time, Elapsed [seconds]
# name 5 = prdM: Pressure, Strain Gauge [db]
# name 6 = specc: Specific Conductance [uS/cm]
# name 7 = sal00: Salinity, Practical [PSU]
# name 8 = tv290C: Temperature [ITS-90, deg C]
# name 9 = depSM: Depth [salt water, m], lat = 59.00
# name 10 = potemp090C: Potential Temperature [ITS-90, deg C]
# name 11 = sigma-é00: Density [sigma-theta, kg/m^3]
# name 12 = sbeox0ML/L: Oxygen, SBE 43 [ml/l]
# name 13 = sbeox0Mg/L: Oxygen, SBE 43 [mg/l]
# name 14 = sbeox0PS: Oxygen, SBE 43 [% saturation]
# name 15 = sbox0Mm/Kg: Oxygen, SBE 43 [umol/kg]
# name 16 = sbeox0Mm/L: Oxygen, SBE 43 [umol/l]
# name 17 = sbox0dV/dT: Oxygen, SBE 43 [dov/dt]
# name 18 = oxsolML/L: Oxygen Saturation, Garcia & Gordon [ml/l]
# name 19 = oxsolMg/L: Oxygen Saturation, Garcia & Gordon [mg/l]
# name 20 = oxsolMm/Kg: Oxygen Saturation, Garcia & Gordon [umol/kg]
# name 21 = n2satMg/L: Nitrogen Saturation [mg/l]
# name 22 = par: PAR/Irradiance, Biospherical/Licor
# name 23 = wetStar: Fluorescence, WET Labs WETstar [mg/m^3]
# name 24 = CStarAt0: Beam Attenuation, WET Labs C-Star [1/m]
# name 25 = CStarTr0: Beam Transmission, WET Labs C-Star [%]
# name 26 = flag: flag
# span 0 =        270,        483       
# span 1 = 227.427745, 227.428362       
# span 2 =    0.01866,    0.03346       
# span 3 =     1.1197,     2.0077       
# span 4 =     67.184,    120.459       
# span 5 =      1.017,     49.465       
# span 6 =  37555.417,  49337.225       
# span 7 =    23.4529,    31.3853       
# span 8 =    10.0997,    13.0548       
# span 9 =      1.000,     49.000       
# span 10 =    10.0442,    13.0526      
# span 11 =    17.4615,    24.1126      
# span 12 =     5.8946,     6.7304      
# span 13 =     8.4240,     9.6184      
# span 14 =     91.735,    105.558      
# span 15 =    257.067,    293.737      
# span 16 =    263.253,    300.580      
# span 17 =   -0.01509,    0.05127      
# span 18 =    6.21465,    6.44887      
# span 19 =    8.88135,    9.21608      
# span 20 =  271.78415,  281.22548      
# span 21 =   14.14399,   14.58358      
# span 22 = 9.2569e-02, 2.9411e+02      
# span 23 =     0.4225,     3.4458      
# span 24 =     0.3396,     2.5697      
# span 25 =    52.7455,    91.8630      
# span 26 = 0.0000e+00, 0.0000e+00      
# interval = meters: 1                  
# start_time = Aug 14 2020 10:14:50 [Instrument's time stamp, header]
# bad_flag = -9.990e-29
*END*
        270 227.427745    0.01866     1.1197     67.184      1.017  37555.417    23.4529    13.0331      1.000    13.0390    17.4615     6.2791     8.9734     98.631    275.611    280.424    0.05127    6.36628    9.09804  279.43854   14.53037 2.9411e+02     1.0201     2.4220    53.9064 0.0000e+00
        274 227.427759    0.01899     1.1392     68.351      2.018  38796.782    24.3116    13.0548      2.000    13.0526    18.1200     6.3683     9.1009    100.616    279.346    284.408    0.04766    6.32945    9.04542  277.64397   14.44082 1.3786e+02     0.9878     2.2910    56.3359 0.0000e+00
        279 227.427771    0.01929     1.1570     69.420      3.031  44449.928    28.2259    12.7617      3.000    12.1562    21.1958     6.3253     9.0395    101.779    276.624    282.488    0.04033    6.21465    8.88135  271.78415   14.14399 8.5443e+01     1.1240     2.5697    52.7455 0.0000e+00
        283 227.427783    0.01955     1.1735     70.411      4.035  46181.495    29.3509    11.6916      4.000    11.4013    22.2611     6.4979     9.2862    102.944    283.878    290.197    0.03330    6.31208    9.02058  275.75861   14.33000 6.2386e+01     1.8601     2.0147    60.5770 0.0000e+00
        287 227.427794    0.01985     1.1910     71.458      5.050  47463.641    30.1951    11.1090      5.000    10.9265    23.0181     6.6763     9.5411    105.019    291.454    298.163    0.03602    6.35728    9.08519  277.52780   14.41135 4.7114e+01     3.2744     1.5401    68.0112 0.0000e+00
        291 227.427806    0.02013     1.2079     72.472      6.056  47930.311    30.4992    10.8826      6.000    10.8536    23.2934     6.7304     9.6184    105.558    293.737    300.580    0.03000    6.37603    9.11198  278.27154   14.44573 3.8167e+01     3.4458     1.0472    77.0302 0.0000e+00
        295 227.427818    0.02042     1.2250     73.500      7.066  48024.976    30.5613    10.8436      7.000    10.8329    23.3484     6.6313     9.4769    103.957    289.398    296.155    0.01122    6.37889    9.11606  278.38125   14.45074 3.1993e+01     2.5372     0.8007    81.8849 0.0000e+00
        299 227.427830    0.02070     1.2423     74.539      8.075  48205.985    30.6864    10.8231      8.000    10.8432    23.4492     6.4818     9.2631    101.648    282.843    289.475   -0.00873    6.37663    9.11284  278.25530   14.44420 2.6848e+01     1.7995     0.6956    84.0417 0.0000e+00
        303 227.427842    0.02100     1.2599     75.594      9.085  48430.344    30.8553    10.9188      9.000    10.9873    23.5642     6.3906     9.1329    100.535    278.836    285.407   -0.01484    6.35666    9.08430  277.35268   14.40031 2.2709e+01     1.5503     0.7011    83.9260 0.0000e+00
        308 227.427855    0.02130     1.2777     76.665     10.093  48381.062    30.8321    11.0263     10.000    11.0331    23.5276     6.3343     9.0523     99.864    276.384    282.887   -0.01402    6.34290    9.06463  276.76223   14.37213 1.8616e+01     1.4617     0.7762    82.3615 0.0000e+00
        312 227.427868    0.02161     1.2964     77.781     11.103  48399.959    30.8464    11.0391     11.000    11.0370    23.5366     6.2867     8.9842     99.149    274.304    280.760   -0.01509    6.34056    9.06130  276.65794   14.36707 1.5466e+01     1.7117     0.7585    82.7273 0.0000e+00
        317 227.427881    0.02192     1.3155     78.929     12.115  48490.662    30.9105    11.0425     12.000    11.0705    23.5859     6.2650     8.9533     98.856    273.349    279.796   -0.01210    6.33752    9.05695  276.51186   14.35982 1.2928e+01     1.5981     0.7373    83.1658 0.0000e+00
        321 227.427894    0.02224     1.3344     80.066     13.119  48582.891    30.9856    11.1338     13.000    11.1637    23.6283     6.2383     8.9150     98.674    272.169    278.599   -0.00941    6.32209    9.03490  275.82740   14.32674 1.0770e+01     1.5770     0.7739    82.4104 0.0000e+00
        326 227.427909    0.02259     1.3554     81.325     14.135  48555.810    30.9706    11.1757     14.000    11.1652    23.6093     6.2108     8.8758     98.318    270.975    277.372   -0.00840    6.31702    9.02764  275.61083   14.31642 8.8127e+00     1.8852     0.8171    81.5253 0.0000e+00
        331 227.427923    0.02294     1.3761     82.566     15.142  48628.406    31.0192    11.1541     15.000    11.1469    23.6509     6.1883     8.8437     97.948    269.986    276.371   -0.00808    6.31799    9.02903  275.64218   14.31773 7.2264e+00     2.1999     0.8161    81.5425 0.0000e+00
        336 227.427938    0.02328     1.3971     83.824     16.152  48685.551    31.0577    11.1396     16.000    11.1284    23.6834     6.1765     8.8268     97.754    269.460    275.842   -0.00649    6.31843    9.02966  275.65243   14.31807 5.9694e+00     2.0580     0.8029    81.8156 0.0000e+00
        341 227.427951    0.02360     1.4161     84.969     17.163  48741.117    31.0930    11.1073     17.000    11.0767    23.7165     6.1564     8.7981     97.390    268.576    274.945   -0.00695    6.32138    9.03389  275.77246   14.32368 5.0326e+00     1.7367     0.7350    83.2161 0.0000e+00
        345 227.427963    0.02390     1.4340     86.037     18.169  48859.786    31.1694    11.0425     18.000    11.0082    23.7873     6.1458     8.7830     97.135    268.096    274.473   -0.00671    6.32710    9.04207  276.00320   14.33442 4.3062e+00     1.4247     0.6634    84.7183 0.0000e+00
        349 227.427976    0.02420     1.4519     87.117     19.182  48919.938    31.2035    10.9705     19.000    10.9416    23.8262     6.1239     8.7517     96.660    267.129    273.493   -0.00772    6.33553    9.05410  276.36008   14.35138 3.7323e+00     1.1274     0.6506    84.9882 0.0000e+00
        354 227.427988    0.02449     1.4694     88.165     20.190  48830.475    31.1306    10.8908     20.000    10.7976    23.7834     6.1205     8.7467     96.394    266.987    273.337   -0.00773    6.34936    9.07386  276.97470   14.38110 3.2418e+00     0.9628     0.6497    85.0084 0.0000e+00
        358 227.428000    0.02477     1.4865     89.187     21.197  48957.988    31.1996    10.7103     21.000    10.6550    23.8680     6.1251     8.7534     96.135    267.169    273.546   -0.00721    6.37132    9.10526  277.91018   14.42562 2.8209e+00     0.8851     0.6410    85.1918 0.0000e+00
        362 227.428012    0.02507     1.5042     90.255     22.211  49046.206    31.2519    10.6276     22.000    10.6066    23.9227     6.1188     8.7444     95.897    266.881    273.266   -0.00695    6.38060    9.11851  278.29981   14.44406 2.4500e+00     0.8153     0.6453    85.1020 0.0000e+00
        366 227.428024    0.02535     1.5207     91.243     23.219  49082.548    31.2739    10.6004     23.000    10.5976    23.9446     6.1198     8.7459     95.870    266.921    273.312   -0.00530    6.38346    9.12260  278.41875   14.44967 2.1275e+00     0.7601     0.6352    85.3175 0.0000e+00
        370 227.428035    0.02563     1.5376     92.256     24.224  49134.807    31.3114    10.6076     24.000    10.6166    23.9725     6.0954     8.7109     95.525    265.847    272.221   -0.00563    6.38094    9.11900  278.30129   14.44390 1.8592e+00     0.7697     0.6210    85.6198 0.0000e+00
        375 227.428049    0.02595     1.5571     93.426     25.235  49175.842    31.3436    10.6382     25.000    10.6508    23.9924     6.0689     8.6731     95.193    264.686    271.037   -0.00649    6.37540    9.11109  278.05412   14.43194 1.6245e+00     0.7167     0.5850    86.3956 0.0000e+00
        379 227.428062    0.02628     1.5767     94.600     26.263  49184.582    31.3539    10.6759     26.000    10.6815    23.9940     6.0470     8.6418     94.933    263.733    270.060   -0.00579    6.36981    9.10309  277.80968   14.42019 1.4237e+00     0.6833     0.5842    86.4125 0.0000e+00
        383 227.428074    0.02654     1.5925     95.550     27.247  49146.975    31.3267    10.6745     27.000    10.6544    23.9731     6.0326     8.6212     94.687    263.108    269.416   -0.00594    6.37110    9.10494  277.87179   14.42327 1.2657e+00     0.6239     0.6720    84.5343 0.0000e+00
        388 227.428087    0.02688     1.6127     96.763     28.271  49173.205    31.3401    10.6352     28.000    10.6235    23.9903     6.0113     8.5907     94.280    262.173    268.463   -0.00685    6.37597    9.11190  278.07958   14.43317 1.1236e+00     0.5663     0.6716    84.5442 0.0000e+00
        392 227.428100    0.02717     1.6303     97.820     29.280  49190.422    31.3504    10.6225     29.000    10.6137    24.0004     5.9981     8.5719     94.054    261.597    267.877   -0.00637    6.37729    9.11378  278.13453   14.43576 9.9412e-01     0.5435     0.6757    84.4576 0.0000e+00
        396 227.428111    0.02744     1.6465     98.793     30.276  49190.059    31.3481    10.6086     30.000    10.5940    24.0010     6.0035     8.5797     94.110    261.835    268.119   -0.00470    6.37931    9.11667  278.22248   14.43998 8.8311e-01     0.5331     0.7418    83.0737 0.0000e+00
        401 227.428125    0.02778     1.6669    100.012     31.296  49212.631    31.3606    10.5832     31.000    10.5737    24.0151     5.9793     8.5450     93.686    260.774    267.036   -0.00531    6.38231    9.12096  278.34953   14.44601 7.8655e-01     0.5234     0.7307    83.3026 0.0000e+00
        406 227.428140    0.02813     1.6877    101.264     32.303  49234.622    31.3743    10.5714     32.000    10.5652    24.0278     5.9707     8.5327     93.534    260.393    266.650   -0.00490    6.38338    9.12249  278.39254   14.44802 6.9833e-01     0.5171     0.7768    82.3553 0.0000e+00
        411 227.428153    0.02845     1.7074    102.445     33.318  49248.861    31.3838    10.5689     33.000    10.5656    24.0356     5.9710     8.5331     93.540    260.406    266.665   -0.00338    6.38333    9.12242  278.38842   14.44778 6.1666e-01     0.4938     0.8495    80.8656 0.0000e+00
        415 227.428166    0.02875     1.7251    103.506     34.324  49246.600    31.3816    10.5681     34.000    10.5613    24.0340     5.9597     8.5170     93.360    259.913    266.160   -0.00333    6.38354    9.12273  278.39809   14.44825 5.4081e-01     0.4785     0.8391    81.0765 0.0000e+00
        419 227.428178    0.02904     1.7424    104.544     35.331  49248.046    31.3812    10.5607     35.000    10.5522    24.0351     5.9453     8.4965     93.120    259.288    265.520   -0.00404    6.38458    9.12421  278.44296   14.45040 4.7675e-01     0.4580     0.9161    79.5330 0.0000e+00
        424 227.428191    0.02935     1.7611    105.667     36.348  49254.448    31.3843    10.5515     36.000    10.5438    24.0390     5.9334     8.4794     92.916    258.765    264.986   -0.00444    6.38573    9.12584  278.49181   14.45273 4.1956e-01     0.4681     0.8995    79.8636 0.0000e+00
        428 227.428203    0.02964     1.7785    106.711     37.349  49257.598    31.3853    10.5444     37.000    10.5370    24.0410     5.9298     8.4743     92.848    258.609    264.827   -0.00353    6.38667    9.12719  278.53233   14.45467 3.7149e-01     0.4702     0.8358    81.1462 0.0000e+00
        432 227.428216    0.02996     1.7977    107.862     38.363  49252.516    31.3801    10.5353     38.000    10.5229    24.0385     5.9235     8.4652     92.726    258.332    264.543   -0.00335    6.38813    9.12928  278.59690   14.45778 3.2974e-01     0.4579     0.8228    81.4092 0.0000e+00
        437 227.428229    0.03028     1.8168    109.011     39.372  49259.929    31.3828    10.5176     39.000    10.5082    24.0436     5.9139     8.4516     92.543    257.914    264.115   -0.00347    6.39048    9.13264  278.69797   14.46261 2.9219e-01     0.4611     0.8841    80.1692 0.0000e+00
        442 227.428243    0.03061     1.8368    110.209     40.379  49253.398    31.3762    10.5043     40.000    10.4919    24.0407     5.9170     8.4560     92.561    258.050    264.254   -0.00237    6.39259    9.13565  278.79061   14.46707 2.5730e-01     0.4545     0.9155    79.5427 0.0000e+00
        447 227.428257    0.03096     1.8575    111.451     41.391  49246.668    31.3684    10.4829     41.000    10.4658    24.0383     5.9073     8.4421     92.361    257.628    263.821   -0.00294    6.39587    9.14034  278.93457   14.47399 2.2659e-01     0.4225     0.9289    79.2784 0.0000e+00
        452 227.428272    0.03131     1.8785    112.713     42.402  49261.447    31.3747    10.4516     42.000    10.4390    24.0484     5.9044     8.4379     92.256    257.495    263.687   -0.00265    6.39996    9.14618  279.10994   14.48236 1.9897e-01     0.4533     0.9176    79.5637 0.0000e+00
        457 227.428286    0.03165     1.8986    113.918     43.413  49274.486    31.3819    10.4380     43.000    10.4202    24.0563     5.9019     8.4344     92.195    257.387    263.579   -0.00226    6.40154    9.14845  279.17697   14.48554 1.7441e-01     0.4614     0.5236    87.7654 0.0000e+00
        461 227.428299    0.03195     1.9173    115.037     44.418  49261.744    31.3672    10.3955     44.000    10.3679    24.0521     5.8991     8.4304     92.057    257.265    263.453   -0.00256    6.40806    9.15777  279.46241   14.49926 1.5435e-01     0.4804     0.4764    88.7728 0.0000e+00
        466 227.428312    0.03226     1.9356    116.136     45.431  49284.658    31.3779    10.3534     45.000    10.3296    24.0675     5.9006     8.4326     92.003    257.329    263.522   -0.00240    6.41350    9.16553  279.69513   14.51035 1.3573e-01     0.4798     0.5341    87.5016 0.0000e+00
        470 227.428324    0.03256     1.9537    117.225     46.440  49274.889    31.3633    10.2948     46.000    10.2551    24.0659     5.8946     8.4240     91.784    257.067    263.253   -0.00302    6.42227    9.17808  280.07840   14.52876 1.2026e-01     0.5101     0.4578    89.1960 0.0000e+00
        474 227.428337    0.03286     1.9716    118.298     47.447  49304.767    31.3755    10.2255     47.000    10.1914    24.0869     5.8999     8.4316     91.735    257.294    263.491   -0.00277    6.43147    9.19120  280.47336   14.54761 1.1011e-01     0.5404     0.3396    91.8630 0.0000e+00
        479 227.428350    0.03316     1.9898    119.388     48.459  49325.455    31.3819    10.1635     48.000    10.1274    24.1022     5.9204     8.4608     91.933    258.181    264.404   -0.00087    6.43989    9.20325  280.83665   14.56497 1.0140e-01     0.5422     0.4036    90.4096 0.0000e+00
        483 227.428362    0.03346     2.0077    120.459     49.465  49337.225    31.3818    10.0997     49.000    10.0442    24.1126     5.9341     8.4805     92.018    258.779    265.019    0.00008    6.44887    9.21608  281.22548   14.58358 9.2569e-02     0.5772     0.5420    87.3325 0.0000e+00
