CTD-processing/allCTD/CNV/2020_07-24_t6_s03_cast118_4141.cnv
* Sea-Bird SBE19plus Data File:
* FileName = E:\2020_07-24_T6\2020_07-24_T6_S0_cast118.hex
* Software Version 1.59
* Temperature SN =  4141
* Conductivity SN =  4141
* System UpLoad Time = Jul 28 2020 14:50:09
** Cook Inlet LTM T6
** Date: 2020_07-24
** Station:S03
** Start Time: (AKDT):09:38
** Depth (m):99
** Comment:
** Comment:
# nquan = 27
# nvalues = 96                          
# units = specified
# name 0 = scan: Scan Count
# name 1 = timeJ: Julian Days
# name 2 = timeH: Time, Elapsed [hours]
# name 3 = timeM: Time, Elapsed [minutes]
# name 4 = timeS: Time, Elapsed [seconds]
# name 5 = prdM: Pressure, Strain Gauge [db]
# name 6 = specc: Specific Conductance [uS/cm]
# name 7 = sal00: Salinity, Practical [PSU]
# name 8 = tv290C: Temperature [ITS-90, deg C]
# name 9 = depSM: Depth [salt water, m], lat = 59.00
# name 10 = potemp090C: Potential Temperature [ITS-90, deg C]
# name 11 = sigma-é00: Density [sigma-theta, kg/m^3]
# name 12 = sbeox0ML/L: Oxygen, SBE 43 [ml/l]
# name 13 = sbeox0Mg/L: Oxygen, SBE 43 [mg/l]
# name 14 = sbeox0PS: Oxygen, SBE 43 [% saturation]
# name 15 = sbox0Mm/Kg: Oxygen, SBE 43 [umol/kg]
# name 16 = sbeox0Mm/L: Oxygen, SBE 43 [umol/l]
# name 17 = sbox0dV/dT: Oxygen, SBE 43 [dov/dt]
# name 18 = oxsolML/L: Oxygen Saturation, Garcia & Gordon [ml/l]
# name 19 = oxsolMg/L: Oxygen Saturation, Garcia & Gordon [mg/l]
# name 20 = oxsolMm/Kg: Oxygen Saturation, Garcia & Gordon [umol/kg]
# name 21 = n2satMg/L: Nitrogen Saturation [mg/l]
# name 22 = par: PAR/Irradiance, Biospherical/Licor
# name 23 = wetStar: Fluorescence, WET Labs WETstar [mg/m^3]
# name 24 = CStarAt0: Beam Attenuation, WET Labs C-Star [1/m]
# name 25 = CStarTr0: Beam Transmission, WET Labs C-Star [%]
# name 26 = flag: flag
# span 0 =        273,        712       
# span 1 = 206.402094, 206.403364       
# span 2 =    0.01886,    0.04937       
# span 3 =     1.1316,     2.9622       
# span 4 =     67.898,    177.730       
# span 5 =      1.028,     96.849       
# span 6 =  49563.909,  50443.259       
# span 7 =    31.5140,    31.8801       
# span 8 =     8.2621,     9.9484       
# span 9 =      1.000,     96.000       
# span 10 =     8.2601,     9.9477      
# span 11 =    24.2670,    24.7881      
# span 12 =     5.7175,     6.0646      
# span 13 =     8.1710,     8.6668      
# span 14 =     85.393,     93.834      
# span 15 =    249.171,    264.424      
# span 16 =    255.346,    270.843      
# span 17 =   -0.00648,    0.01492      
# span 18 =    6.46286,    6.69560      
# span 19 =    9.23608,    9.56867      
# span 20 =  281.79093,  291.79212      
# span 21 =   14.60990,   15.08670      
# span 22 = 4.5793e-02, 7.2586e+01      
# span 23 =     0.9284,     2.4128      
# span 24 =     0.2866,     0.8242      
# span 25 =    81.3793,    93.0844      
# span 26 = 0.0000e+00, 0.0000e+00      
# interval = meters: 1                  
# start_time = Jul 24 2020 09:37:53 [Instrument's time stamp, header]
# bad_flag = -9.990e-29
*END*
[from data line 54]
        515 206.402796    0.03572     2.1433    128.598     55.521  49966.266    31.6753     9.0067     55.000     8.9997    24.5156     5.8856     8.4110     89.261    256.559    262.849   -0.00035    6.59364    9.42296  287.42539   14.87889 7.4308e-02     1.5214     0.3451    91.7337 0.0000e+00
        521 206.402813    0.03612     2.1672    130.033     56.553  49969.960    31.6771     9.0045     56.000     9.0004    24.5174     5.8795     8.4024     89.166    256.294    262.578   -0.00092    6.59388    9.42331  287.43549   14.87937 7.0306e-02     1.4795     0.3438    91.7633 0.0000e+00
        524 206.402822    0.03635     2.1810    130.863     57.534  49969.847    31.6776     9.0111     57.000     9.0090    24.5168     5.8840     8.4089     89.248    256.493    262.781   -0.00029    6.59288    9.42189  287.39206   14.87728 6.7223e-02     1.4885     0.3498    91.6259 0.0000e+00
        529 206.402837    0.03670     2.2020    132.118     58.564  49963.359    31.6737     9.0192     58.000     9.0159    24.5125     5.8850     8.4102     89.276    256.534    262.822   -0.00002    6.59188    9.42046  287.34969   14.87527 6.4486e-02     1.4704     0.3548    91.5122 0.0000e+00
        534 206.402850    0.03700     2.2205    133.228     59.560  49948.695    31.6629     9.0188     59.000     8.9981    24.5042     5.8906     8.4183     89.355    256.784    263.076    0.00037    6.59239    9.42118  287.37417   14.87649 6.2092e-02     1.4776     0.3532    91.5474 0.0000e+00
        539 206.402864    0.03734     2.2402    134.413     60.583  49974.427    31.6741     8.9738     60.000     8.9523    24.5198     5.8897     8.4171     89.259    256.741    263.037   -0.00032    6.59851    9.42994  287.63695   14.88901 5.9920e-02     1.5080     0.3467    91.6980 0.0000e+00
        543 206.402875    0.03761     2.2568    135.405     61.579  49997.508    31.6869     8.9527     61.000     8.9396    24.5330     5.8792     8.4020     89.064    256.278    262.565   -0.00163    6.60107    9.43359  287.74469   14.89410 5.8211e-02     1.4648     0.3415    91.8169 0.0000e+00
        548 206.402891    0.03800     2.2798    136.787     62.597  50012.421    31.6938     8.9314     62.000     8.9184    24.5418     5.8663     8.3834     88.829    255.710    261.985   -0.00238    6.60392    9.43765  287.86606   14.89988 5.6681e-02     1.4283     0.3399    91.8546 0.0000e+00
        553 206.402905    0.03833     2.2999    137.996     63.606  50014.362    31.6932     8.9210     63.000     8.9041    24.5429     5.8557     8.3684     88.650    255.253    261.518   -0.00329    6.60546    9.43986  287.93335   14.90309 5.5311e-02     1.4270     0.3362    91.9379 0.0000e+00
        558 206.402920    0.03868     2.3210    139.261     64.614  50037.586    31.7053     8.8948     64.000     8.8847    24.5563     5.8647     8.3813     88.742    255.643    261.921   -0.00150    6.60881    9.44465  288.07529   14.90983 5.4248e-02     1.4221     0.3353    91.9583 0.0000e+00
        563 206.402934    0.03903     2.3418    140.509     65.627  50045.255    31.7099     8.8925     65.000     8.8868    24.5603     5.8519     8.3629     88.544    255.078    261.342   -0.00249    6.60895    9.44486  288.08045   14.91006 5.3271e-02     1.3873     0.3342    91.9854 0.0000e+00
        567 206.402947    0.03934     2.3602    141.614     66.630  50040.264    31.7061     8.8931     66.000     8.8834    24.5572     5.8539     8.3658     88.574    255.168    261.434   -0.00164    6.60902    9.44494  288.08413   14.91025 5.2392e-02     1.3903     0.3365    91.9324 0.0000e+00
        572 206.402961    0.03968     2.3807    142.844     67.642  50050.163    31.7115     8.8854     67.000     8.8800    24.5627     5.8555     8.3681     88.586    255.238    261.507   -0.00105    6.60993    9.44625  288.12259   14.91206 5.1576e-02     1.3960     0.3337    91.9960 0.0000e+00
        578 206.402976    0.04004     2.4026    144.155     68.657  50041.127    31.7047     8.8857     68.000     8.8719    24.5573     5.8577     8.3714     88.618    255.338    261.609   -0.00061    6.61017    9.44659  288.13442   14.91266 5.0901e-02     1.3774     0.3341    91.9870 0.0000e+00
        582 206.402989    0.04035     2.4210    145.257     69.673  50052.157    31.7089     8.8642     69.000     8.8465    24.5639     5.8572     8.3706     88.569    255.312    261.583   -0.00070    6.61316    9.45086  288.26278   14.91877 5.0335e-02     1.3691     0.3322    92.0323 0.0000e+00
        585 206.402998    0.04056     2.4334    146.002     70.659  50057.301    31.7097     8.8484     70.000     8.8257    24.5669     5.8492     8.3591     88.416    254.960    261.224   -0.00167    6.61545    9.45414  288.36183   14.92351 5.0028e-02     1.3836     0.3359    91.9441 0.0000e+00
        590 206.403011    0.04089     2.4535    147.209     71.680  50088.522    31.7272     8.8213     71.000     8.8109    24.5848     5.8415     8.3481     88.257    254.622    260.881   -0.00227    6.61872    9.45880  288.49913   14.92999 4.9385e-02     1.3500     0.3302    92.0767 0.0000e+00
        596 206.403028    0.04129     2.4771    148.627     72.702  50091.872    31.7284     8.8164     72.000     8.8042    24.5865     5.8322     8.3348     88.108    254.217    260.467   -0.00238    6.61938    9.45976  288.52781   14.93136 4.9028e-02     1.3643     0.3267    92.1556 0.0000e+00
        599 206.403039    0.04154     2.4925    149.548     73.700  50078.648    31.7162     8.7998     73.000     8.7697    24.5795     5.8299     8.3316     88.035    254.120    260.366   -0.00237    6.62234    9.46399  288.65872   14.93767 4.8860e-02     1.3293     0.3218    92.2704 0.0000e+00
        604 206.403051    0.04184     2.5106    150.636     74.707  50118.224    31.7375     8.7580     74.000     8.7415    24.6024     5.8277     8.3283     87.930    254.015    260.264   -0.00243    6.62763    9.47155  288.88282   14.94829 4.8445e-02     1.3366     0.3211    92.2855 0.0000e+00
        609 206.403067    0.04222     2.5334    152.005     75.722  50138.799    31.7494     8.7438     75.000     8.7367    24.6139     5.8171     8.3133     87.750    253.551    259.792   -0.00267    6.62923    9.47383  288.94904   14.95141 4.8184e-02     1.3020     0.3202    92.3084 0.0000e+00
        614 206.403082    0.04257     2.5544    153.267     76.735  50140.108    31.7513     8.7537     76.000     8.7502    24.6139     5.8155     8.3109     87.746    253.480    259.719   -0.00209    6.62768    9.47161  288.88151   14.94818 4.7944e-02     1.2772     0.3215    92.2780 0.0000e+00
        619 206.403096    0.04291     2.5743    154.459     77.740  50131.651    31.7444     8.7503     77.000     8.7395    24.6090     5.8242     8.3233     87.866    253.860    260.107   -0.00061    6.62848    9.47275  288.91769   14.94993 4.7739e-02     1.2804     0.3204    92.3033 0.0000e+00
        624 206.403110    0.04325     2.5950    155.698     78.747  50127.083    31.7393     8.7403     78.000     8.7190    24.6066     5.8229     8.3215     87.824    253.805    260.051   -0.00077    6.63017    9.47518  288.99260   14.95353 4.7549e-02     1.2806     0.3211    92.2866 0.0000e+00
        629 206.403126    0.04364     2.6185    157.112     79.775  50162.488    31.7596     8.7128     79.000     8.7077    24.6267     5.8200     8.3173     87.738    253.674    259.921   -0.00108    6.63338    9.47978  289.12681   14.95986 4.7352e-02     1.2855     0.3173    92.3733 0.0000e+00
        633 206.403136    0.04388     2.6325    157.947     80.769  50150.549    31.7517     8.7191     80.000     8.7061    24.6195     5.8172     8.3133     87.704    253.556    259.798   -0.00114    6.63280    9.47893  289.10295   14.95875 4.7531e-02     1.2979     0.3211    92.2863 0.0000e+00
        637 206.403147    0.04414     2.6485    158.908     81.772  50157.302    31.7549     8.7112     81.000     8.6997    24.6232     5.8129     8.3072     87.626    253.366    259.605   -0.00140    6.63382    9.48039  289.14673   14.96083 4.7185e-02     1.2787     0.3222    92.2615 0.0000e+00
        642 206.403163    0.04451     2.6707    160.240     82.798  50162.844    31.7573     8.7039     82.000     8.6912    24.6261     5.8093     8.3020     87.558    253.208    259.443   -0.00137    6.63480    9.48179  289.18851   14.96283 4.7044e-02     1.2599     0.3190    92.3338 0.0000e+00
        647 206.403176    0.04484     2.6904    161.424     83.797  50166.848    31.7568     8.6852     83.000     8.6635    24.6286     5.8132     8.3076     87.579    253.374    259.614   -0.00098    6.63759    9.48578  289.30956   14.96861 4.6991e-02     1.2680     0.3190    92.3362 0.0000e+00
        652 206.403192    0.04521     2.7125    162.749     84.818  50127.022    31.7158     8.6013     84.000     8.5037    24.6090     5.8090     8.3017     87.330    253.202    259.433   -0.00189    6.65185    9.50616  289.93661   14.99873 4.6924e-02     1.2462     0.3116    92.5066 0.0000e+00
        656 206.403203    0.04549     2.7292    163.754     85.813  50291.980    31.8132     8.4829     85.000     8.4620    24.7030     5.7752     8.2533     86.645    251.702    257.919   -0.00602    6.66531    9.52540  290.49680   15.02510 4.6843e-02     1.2004     0.3022    92.7228 0.0000e+00
        662 206.403220    0.04589     2.7536    165.214     86.828  50316.612    31.8258     8.4550     86.000     8.4423    24.7169     5.7582     8.2290     86.343    250.957    257.160   -0.00569    6.66895    9.53059  290.65114   15.03242 4.6733e-02     1.0987     0.2983    92.8139 0.0000e+00
        668 206.403239    0.04634     2.7802    166.815     87.850  50325.508    31.8298     8.4436     87.000     8.4303    24.7218     5.7488     8.2155     86.182    250.545    256.739   -0.00442    6.67049    9.53280  290.71726   15.03557 4.6685e-02     1.0814     0.2963    92.8605 0.0000e+00
        672 206.403250    0.04661     2.7965    167.790     88.844  50332.552    31.8328     8.4343     88.000     8.4224    24.7256     5.7507     8.2183     86.194    250.627    256.824   -0.00335    6.67176    9.53461  290.77116   15.03813 4.6730e-02     1.0500     0.2957    92.8750 0.0000e+00
        677 206.403263    0.04692     2.8155    168.928     89.859  50328.450    31.8264     8.4141     89.000     8.3891    24.7236     5.7543     8.2234     86.206    250.786    256.986   -0.00226    6.67505    9.53932  290.91539   15.04505 4.6644e-02     1.0389     0.2961    92.8632 0.0000e+00
        682 206.403277    0.04727     2.8364    170.182     90.868  50353.460    31.8386     8.3822     90.000     8.3603    24.7378     5.7495     8.2166     86.079    250.572    256.772   -0.00244    6.67932    9.54541  291.09717   15.05368 4.6587e-02     1.0347     0.2930    92.9370 0.0000e+00
        687 206.403293    0.04764     2.8581    171.487     91.880  50373.306    31.8472     8.3511     91.000     8.3290    24.7492     5.7378     8.1999     85.849    250.061    256.250   -0.00300    6.68363    9.55157  291.28167   15.06246 4.6542e-02     1.0400     0.2902    93.0019 0.0000e+00
        692 206.403306    0.04797     2.8779    172.675     92.895  50389.152    31.8515     8.3095     92.000     8.2806    24.7585     5.7327     8.1926     85.694    249.836    256.022   -0.00316    6.68969    9.56025  291.54362   15.07495 4.6537e-02     1.0009     0.2901    93.0040 0.0000e+00
        696 206.403319    0.04826     2.8955    173.732     93.891  50427.221    31.8732     8.2812     93.000     8.2695    24.7798     5.7252     8.1819     85.541    249.506    255.689   -0.00333    6.69301    9.56498  291.68202   15.08148 4.6502e-02     0.9832     0.2866    93.0844 0.0000e+00
        702 206.403335    0.04865     2.9190    175.138     94.911  50431.160    31.8749     8.2770     94.000     8.2662    24.7817     5.7231     8.1790     85.502    249.414    255.595   -0.00244    6.69358    9.56580  291.70648   15.08263 4.6426e-02     0.9400     0.2877    93.0600 0.0000e+00
        706 206.403349    0.04899     2.9395    176.369     95.917  50431.369    31.8740     8.2731     95.000     8.2601    24.7816     5.7198     8.1741     85.444    249.267    255.445   -0.00205    6.69421    9.56670  291.73391   15.08395 4.6438e-02     0.9284     0.2871    93.0733 0.0000e+00
        712 206.403364    0.04937     2.9622    177.730     96.849  50443.259    31.8801     8.2621     96.000 -9.990e-29    24.7881     5.7175     8.1710     85.393    249.171    255.346   -0.00204    6.69560    9.56867  291.79212   15.08670 4.5793e-02     0.9794     0.3088    92.5683 0.0000e+00
