CTD-processing/allCTD/CNV/2020_02-06_alongbay_kb08_cast006_4141.cnv
* Sea-Bird SBE19plus Data File:
* FileName = C:\Users\Chris\Desktop\EVOSTC GWA LTM\CTD Data\2020_02-06_AlongBay\2019_02-06_AlongBay_KB_Cast006.hex
* Software Version 1.59
* Temperature SN =  4141
* Conductivity SN =  4141
* System UpLoad Time = Feb 12 2020 10:34:22
** Cook Inlet LTM Along Bay
** Date: 2019_02-06
** Station:KB08
** Start Time: (AKST):11:38
** Depth (m):84
** Comment:
** Comment:
# nquan = 27
# nvalues = 82                          
# units = specified
# name 0 = scan: Scan Count
# name 1 = timeJ: Julian Days
# name 2 = timeH: Time, Elapsed [hours]
# name 3 = timeM: Time, Elapsed [minutes]
# name 4 = timeS: Time, Elapsed [seconds]
# name 5 = prdM: Pressure, Strain Gauge [db]
# name 6 = specc: Specific Conductance [uS/cm]
# name 7 = sal00: Salinity, Practical [PSU]
# name 8 = tv290C: Temperature [ITS-90, deg C]
# name 9 = depSM: Depth [salt water, m], lat = 59.00
# name 10 = potemp090C: Potential Temperature [ITS-90, deg C]
# name 11 = sigma-é00: Density [sigma-theta, kg/m^3]
# name 12 = sbeox0ML/L: Oxygen, SBE 43 [ml/l]
# name 13 = sbeox0Mg/L: Oxygen, SBE 43 [mg/l]
# name 14 = sbeox0PS: Oxygen, SBE 43 [% saturation]
# name 15 = sbox0Mm/Kg: Oxygen, SBE 43 [umol/kg]
# name 16 = sbeox0Mm/L: Oxygen, SBE 43 [umol/l]
# name 17 = sbox0dV/dT: Oxygen, SBE 43 [dov/dt]
# name 18 = oxsolML/L: Oxygen Saturation, Garcia & Gordon [ml/l]
# name 19 = oxsolMg/L: Oxygen Saturation, Garcia & Gordon [mg/l]
# name 20 = oxsolMm/Kg: Oxygen Saturation, Garcia & Gordon [umol/kg]
# name 21 = n2satMg/L: Nitrogen Saturation [mg/l]
# name 22 = par: PAR/Irradiance, Biospherical/Licor
# name 23 = wetStar: Fluorescence, WET Labs WETstar [mg/m^3]
# name 24 = CStarAt0: Beam Attenuation, WET Labs C-Star [1/m]
# name 25 = CStarTr0: Beam Transmission, WET Labs C-Star [%]
# name 26 = flag: flag
# span 0 =         99,        666       
# span 1 =  37.484657,  37.486299       
# span 2 =    0.00677,    0.04620       
# span 3 =     0.4064,     2.7719       
# span 4 =     24.382,    166.316       
# span 5 =      1.013,     82.755       
# span 6 =  51560.772,  51842.935       
# span 7 =    31.4425,    31.6554       
# span 8 =     1.8587,     3.2685       
# span 9 =      1.000,     82.000       
# span 10 =     1.9098,     3.2646      
# span 11 =    25.1248,    25.2088      
# span 12 =     6.6366,     7.2861      
# span 13 =     9.4844,    10.4125      
# span 14 =     84.814,     93.331      
# span 15 =    289.116,    317.419      
# span 16 =    296.390,    325.395      
# span 17 =   -0.00310,    0.07591      
# span 18 =    7.54538,    7.82513      
# span 19 =   10.78313,   11.18290      
# span 20 =  328.70024,  340.89302      
# span 21 =   16.84580,   17.42542      
# span 22 = 3.6170e-02, 1.2289e+02      
# span 23 =     0.2898,     0.4670      
# span 24 =     0.6314,     2.1986      
# span 25 =    62.6965,    85.3984      
# span 26 = 0.0000e+00, 0.0000e+00      
# interval = meters: 1                  
# start_time = Feb 06 2020 11:37:30 [Instrument's time stamp, header]
# bad_flag = -9.990e-29
*END*
[from data line 54]
        525  37.485890    0.03636     2.1818    130.907     55.525  51629.349    31.5500     2.7074     55.000     2.7076    25.1559     6.8979     9.8578     90.098    300.501    308.060   -0.00055    7.65598   10.94116  333.52601   17.07542 3.6170e-02     0.3755     0.6977    83.9938 0.0000e+00
        531  37.485908    0.03679     2.2075    132.447     56.540  51632.421    31.5550     2.7200     56.000     2.7225    25.1589     6.9020     9.8637     90.183    300.679    308.244    0.00004    7.65331   10.93733  333.40829   17.06981 3.6170e-02     0.3878     0.6933    84.0870 0.0000e+00
        536  37.485923    0.03714     2.2288    133.730     57.547  51648.138    31.5689     2.7341     57.000     2.7451    25.1689     6.8976     9.8574     90.166    300.484    308.048   -0.00008    7.64989   10.93246  333.25658   17.06255 3.6170e-02     0.3864     0.6965    84.0192 0.0000e+00
        541  37.485937    0.03748     2.2487    134.924     58.553  51639.322    31.5734     2.7745     58.000     2.7844    25.1692     6.8870     9.8422     90.121    300.022    307.575   -0.00036    7.64195   10.92111  332.91038   17.04609 3.6170e-02     0.3818     0.6947    84.0567 0.0000e+00
        546  37.485952    0.03786     2.2712    136.274     59.566  51625.278    31.5711     2.8030     59.000     2.8088    25.1651     6.9051     9.8681     90.420    300.811    308.381    0.00116    7.63663   10.91351  332.67999   17.03516 3.6170e-02     0.3839     0.6855    84.2511 0.0000e+00
        551  37.485967    0.03821     2.2927    137.565     60.577  51613.479    31.5695     2.8286     60.000     2.8295    25.1618     6.8933     9.8512     90.323    300.298    307.855    0.00063    7.63184   10.90666  332.47249   17.02530 3.6170e-02     0.3817     0.6789    84.3896 0.0000e+00
        556  37.485981    0.03855     2.3129    138.775     61.583  51606.157    31.5648     2.8317     61.000     2.8297    25.1578     6.8769     9.8278     90.112    299.586    307.123   -0.00072    7.63148   10.90616  332.45817   17.02464 3.6170e-02     0.3940     0.6760    84.4520 0.0000e+00
        561  37.485996    0.03891     2.3343    140.059     62.594  51612.778    31.5711     2.8400     62.000     2.8412    25.1621     6.8677     9.8146     90.013    299.182    306.710   -0.00126    7.62960   10.90346  332.37463   17.02065 3.6170e-02     0.3816     0.6742    84.4892 0.0000e+00
        566  37.486011    0.03927     2.3557    141.341     63.605  51607.197    31.5691     2.8491     63.000     2.8472    25.1599     6.8862     9.8412     90.276    299.991    307.539    0.00042    7.62797   10.90113  332.30429   17.01732 3.6170e-02     0.3881     0.6744    84.4853 0.0000e+00
        572  37.486026    0.03963     2.3782    142.691     64.614  51603.414    31.5668     2.8515     64.000     2.8482    25.1578     6.8774     9.8285     90.164    299.608    307.146   -0.00028    7.62761   10.90063  332.28968   17.01663 3.6170e-02     0.3900     0.6724    84.5277 0.0000e+00
        577  37.486042    0.04001     2.4003    144.019     65.624  51605.126    31.5674     2.8516     65.000     2.8484    25.1583     6.8837     9.8375     90.248    299.882    307.427    0.00029    7.62758   10.90057  332.28788   17.01654 3.6170e-02     0.3859     0.6683    84.6138 0.0000e+00
        582  37.486057    0.04038     2.4224    145.345     66.632  51619.947    31.5774     2.8537     66.000     2.8581    25.1661     6.8774     9.8285     90.176    299.606    307.146   -0.00048    7.62667   10.89927  332.24566   17.01450 3.6170e-02     0.3857     0.6699    84.5797 0.0000e+00
        588  37.486074    0.04077     2.4466    146.795     67.646  51632.834    31.5966     2.8946     67.000     2.9063    25.1781     6.8807     9.8331     90.322    299.744    307.290    0.00063    7.61790   10.88674  331.85979   16.99610 3.6170e-02     0.3819     0.6611    84.7674 0.0000e+00
        593  37.486089    0.04114     2.4687    148.121     68.651  51604.327    31.5851     2.9255     68.000     2.9261    25.1664     6.8702     9.8181     90.247    299.290    306.822   -0.00014    7.61263   10.87921  331.63414   16.98542 3.6170e-02     0.3890     0.6536    84.9244 0.0000e+00
        599  37.486106    0.04155     2.4927    149.562     69.663  51594.163    31.5796     2.9330     69.000     2.9294    25.1614     6.8733     9.8226     90.301    299.427    306.961    0.00020    7.61151   10.87761  331.58678   16.98319 3.6170e-02     0.3851     0.6444    85.1204 0.0000e+00
        605  37.486124    0.04196     2.5178    151.071     70.677  51610.187    31.5909     2.9363     70.000     2.9404    25.1701     6.8506     9.7902     90.018    298.438    305.949   -0.00117    7.61030   10.87588  331.53136   16.98052 3.6170e-02     0.3809     0.6386    85.2433 0.0000e+00
        610  37.486136    0.04228     2.5367    152.203     71.684  51626.466    31.6083     2.9624     71.000     2.9732    25.1819     6.8644     9.8099     90.267    299.032    306.562   -0.00030    7.60446   10.86753  331.27316   16.96818 3.6170e-02     0.3760     0.6456    85.0941 0.0000e+00
        615  37.486151    0.04262     2.5571    153.426     72.686  51606.966    31.6016     2.9887     72.000     2.9925    25.1743     6.8723     9.8212     90.427    299.379    306.916    0.00099    7.59983   10.86092  331.07400   16.95875 3.6170e-02     0.3839     0.6482    85.0399 0.0000e+00
        622  37.486171    0.04311     2.5867    155.202     73.715  51635.676    31.6297     3.0238     73.000     3.0457    25.1939     6.8532     9.7939     90.271    298.542    306.063   -0.00019    7.59174   10.84936  330.71530   16.94159 3.6170e-02     0.3687     0.6314    85.3984 0.0000e+00
        626  37.486183    0.04339     2.6034    156.204     74.707  51648.474    31.6554     3.0902     74.000     3.1172    25.2088     6.8668     9.8134     90.617    299.132    306.674    0.00146    7.57791   10.82960  330.10810   16.91264 3.6170e-02     0.3819     0.6564    84.8660 0.0000e+00
        631  37.486198    0.04376     2.6254    157.523     75.719  51603.551    31.6414     3.1546     75.000     3.1675    25.1922     6.8525     9.7929     90.563    298.512    306.031    0.00105    7.56656   10.81336  329.61846   16.88943 3.6170e-02     0.3836     0.6678    84.6239 0.0000e+00
        637  37.486216    0.04418     2.6508    159.051     76.737  51581.029    31.6373     3.1994     76.000     3.2043    25.1851     6.8328     9.7648     90.400    297.658    305.154   -0.00016    7.55838   10.80167  329.26445   16.87263 3.6170e-02     0.3913     0.6910    84.1350 0.0000e+00
        641  37.486228    0.04447     2.6684    160.102     77.739  51584.980    31.6448     3.2200     77.000     3.2246    25.1893     6.8154     9.7399     90.221    296.897    304.376   -0.00094    7.55413   10.79561  329.07829   16.86375 3.6170e-02     0.3748     0.7573    82.7536 0.0000e+00
        646  37.486242    0.04480     2.6880    161.279     78.749  51569.296    31.6370     3.2329     78.000     3.2330    25.1820     6.7974     9.7142     90.006    296.115    303.573   -0.00200    7.55213   10.79274  328.99332   16.85975 3.6170e-02     0.3896     0.8012    81.8483 0.0000e+00
        651  37.486257    0.04517     2.7102    162.614     79.762  51568.697    31.6404     3.2495     79.000     3.2491    25.1833     6.7961     9.7123     90.028    296.060    303.515   -0.00136    7.54887   10.78808  328.85094   16.85297 3.6170e-02     0.3788     0.8212    81.4404 0.0000e+00
        657  37.486272    0.04553     2.7315    163.889     80.772  51568.364    31.6423     3.2596     80.000     3.2590    25.1839     6.7809     9.6906     89.850    295.395    302.834   -0.00186    7.54688   10.78524  328.76390   16.84882 3.6170e-02     0.3841     0.8762    80.3302 0.0000e+00
        661  37.486286    0.04585     2.7509    165.055     81.776  51560.772    31.6384     3.2664     81.000     3.2627    25.1802     6.7817     9.6917     89.873    295.431    302.869   -0.00127    7.54580   10.78370  328.71823   16.84667 3.6170e-02     0.3803     0.9623    78.6185 0.0000e+00
        666  37.486299    0.04620     2.7719    166.316     82.755  51561.239    31.6388     3.2685     82.000     3.2646    25.1802     6.7702     9.6752     89.725    294.928    302.354   -0.00168    7.54538   10.78313  328.70024   16.84580 3.6170e-02     0.3808     1.0163    77.5611 0.0000e+00
