CTD-processing/allCTD/CNV/2020_10-15_alongbay_skb09_cast055_4141.cnv
* Sea-Bird SBE19plus Data File:
* FileName = C:\Users\steve\Desktop\GWA CTD\2020_10-15_AlongBay_SKB_cast055.hex
* Software Version 1.59
* Temperature SN =  4141
* Conductivity SN =  4141
* System UpLoad Time = Oct 21 2020 10:45:28
** Cook Inlet LTM Transect AlongBay
** Date: 10-15-2020
** Station:SKB09
** Start Time (AKDT):13:09
** Depth (m):71
** Comment:
** Comment:
# nquan = 27
# nvalues = 64                          
# units = specified
# name 0 = scan: Scan Count
# name 1 = timeJ: Julian Days
# name 2 = timeH: Time, Elapsed [hours]
# name 3 = timeM: Time, Elapsed [minutes]
# name 4 = timeS: Time, Elapsed [seconds]
# name 5 = prdM: Pressure, Strain Gauge [db]
# name 6 = specc: Specific Conductance [uS/cm]
# name 7 = sal00: Salinity, Practical [PSU]
# name 8 = tv290C: Temperature [ITS-90, deg C]
# name 9 = depSM: Depth [salt water, m], lat = 59.00
# name 10 = potemp090C: Potential Temperature [ITS-90, deg C]
# name 11 = sigma-é00: Density [sigma-theta, kg/m^3]
# name 12 = sbeox0ML/L: Oxygen, SBE 43 [ml/l]
# name 13 = sbeox0Mg/L: Oxygen, SBE 43 [mg/l]
# name 14 = sbeox0PS: Oxygen, SBE 43 [% saturation]
# name 15 = sbox0Mm/Kg: Oxygen, SBE 43 [umol/kg]
# name 16 = sbeox0Mm/L: Oxygen, SBE 43 [umol/l]
# name 17 = sbox0dV/dT: Oxygen, SBE 43 [dov/dt]
# name 18 = oxsolML/L: Oxygen Saturation, Garcia & Gordon [ml/l]
# name 19 = oxsolMg/L: Oxygen Saturation, Garcia & Gordon [mg/l]
# name 20 = oxsolMm/Kg: Oxygen Saturation, Garcia & Gordon [umol/kg]
# name 21 = n2satMg/L: Nitrogen Saturation [mg/l]
# name 22 = par: PAR/Irradiance, Biospherical/Licor
# name 23 = wetStar: Fluorescence, WET Labs WETstar [mg/m^3]
# name 24 = CStarAt0: Beam Attenuation, WET Labs C-Star [1/m]
# name 25 = CStarTr0: Beam Transmission, WET Labs C-Star [%]
# name 26 = flag: flag
# span 0 =        323,        587       
# span 1 = 289.549010, 289.549773       
# span 2 =    0.02235,    0.04066       
# span 3 =     1.3414,     2.4398       
# span 4 =     80.482,    146.390       
# span 5 =      1.034,     64.608       
# span 6 =  44311.728,  47992.947       
# span 7 =    27.7754,    30.4972       
# span 8 =     9.1813,    10.7065       
# span 9 =      1.000,     64.000       
# span 10 =     9.1600,    10.7013      
# span 11 =    21.4410,    23.3269      
# span 12 =     3.5880,     4.0143      
# span 13 =     5.1276,     5.7369      
# span 14 =     56.029,     60.303      
# span 15 =    156.586,    175.517      
# span 16 =    160.239,    179.281      
# span 17 =   -0.00280,    0.00276      
# span 18 =    6.40378,    6.73545      
# span 19 =    9.15165,    9.62565      
# span 20 =  279.47363,  294.49133      
# span 21 =   14.50330,   15.23253      
# span 22 = 4.4971e-02, 2.8847e+02      
# span 23 =     0.3499,     2.1629      
# span 24 =     0.4116,     2.0767      
# span 25 =    59.5115,    90.2213      
# span 26 = 0.0000e+00, 0.0000e+00      
# interval = meters: 1                  
# start_time = Oct 15 2020 13:09:14 [Instrument's time stamp, header]
# bad_flag = -9.990e-29
*END*
        323 289.549010    0.02235     1.3414     80.482      1.034  44311.728    27.7754     9.1813      1.000     9.1600    21.4410     4.0143     5.7369     59.600    175.517    179.281    0.00151    6.73545    9.62565  294.49133   15.23253 2.8847e+02     2.0242     0.9156    79.5438 0.0000e+00
        327 289.549021    0.02261     1.3568     81.408      2.018  45631.656    28.7027     9.2754      2.000     9.5844    22.1509     3.9926     5.7058     59.758    174.447    178.311    0.00213    6.68140    9.54838  291.92535   15.10609 1.8269e+02     1.5603     1.0373    77.1556 0.0000e+00
        330 289.549032    0.02288     1.3728     82.365      3.027  46111.207    29.1077     9.8735      3.000    10.0394    22.3753     3.9365     5.6257     59.860    171.957    175.805    0.00276    6.57614    9.39796  287.26283   14.88159 1.5355e+02     1.3790     1.0334    77.2336 0.0000e+00
        334 289.549043    0.02315     1.3891     83.346      4.039  46236.013    29.2237    10.1233      4.000    10.1871    22.4261     3.9130     5.5921     59.875    170.921    174.754    0.00215    6.53522    9.33949  285.46130   14.79497 1.0752e+02     1.5861     0.9737    78.3971 0.0000e+00
        338 289.549054    0.02341     1.4048     84.291      5.045  46370.695    29.3298    10.2299      5.000    10.2650    22.4916     3.9090     5.5863     59.995    170.734    174.574    0.00250    6.51554    9.31136  284.58344   14.75254 8.0204e+01     1.9497     0.9019    79.8163 0.0000e+00
        342 289.549066    0.02370     1.4218     85.306      6.058  46410.754    29.3644    10.2915      6.000    10.3109    22.5087     3.9076     5.5843     60.067    170.669    174.510    0.00220    6.50532    9.29675  284.13194   14.73081 6.0879e+01     1.9487     0.8646    80.5614 0.0000e+00
        346 289.549078    0.02398     1.4385     86.311      7.066  46467.010    29.4073    10.3257      7.000    10.3308    22.5366     3.9137     5.5931     60.223    170.933    174.786    0.00257    6.49867    9.28725  283.83396   14.71638 4.5635e+01     2.0829     0.8720    80.4122 0.0000e+00
        350 289.549090    0.02427     1.4561     87.365      8.075  46503.793    29.4335    10.3337      8.000    10.3353    22.5557     3.9162     5.5966     60.282    171.039    174.896    0.00222    6.49644    9.28407  283.73140   14.71137 3.5625e+01     2.1151     0.8364    81.1321 0.0000e+00
        355 289.549102    0.02456     1.4739     88.433      9.087  46559.639    29.4733    10.3422      9.000    10.3487    22.5853     3.9158     5.5961     60.303    171.018    174.881    0.00164    6.49360    9.28000  283.59888   14.70486 2.7663e+01     1.9566     0.8035    81.8007 0.0000e+00
        359 289.549114    0.02486     1.4914     89.485     10.091  46612.486    29.5116    10.3574     10.000    10.3685    22.6127     3.9114     5.5899     60.270    170.821    174.684    0.00091    6.48985    9.27464  283.42758   14.69651 2.2107e+01     1.8951     0.7426    83.0572 0.0000e+00
        364 289.549128    0.02519     1.5115     90.687     11.106  46809.469    29.6550    10.4069     11.000    10.4394    22.7162     3.9016     5.5758     60.239    170.377    174.247    0.00038    6.47690    9.25614  282.83358   14.66751 1.7663e+01     1.7671     0.7163    83.6044 0.0000e+00
        368 289.549141    0.02550     1.5300     91.803     12.112  46923.727    29.7432    10.4807     12.000    10.5114    22.7727     3.8877     5.5559     60.154    169.758    173.624   -0.00022    6.46287    9.23609  282.20511   14.63707 1.4035e+01     1.8966     0.7434    83.0413 0.0000e+00
        373 289.549155    0.02583     1.5498     92.988     13.123  46979.921    29.7891    10.5421     13.000    10.5551    22.7984     3.8782     5.5423     60.105    169.339    173.200   -0.00059    6.45234    9.22104  281.73830   14.61455 1.0986e+01     1.9387     0.7704    82.4813 0.0000e+00
        378 289.549169    0.02617     1.5705     94.232     14.134  47034.132    29.8306    10.5754     14.000    10.5771    22.8251     3.8675     5.5270     59.999    168.868    172.722   -0.00100    6.44597    9.21194  281.45297   14.60073 8.6156e+00     2.1629     0.7746    82.3951 0.0000e+00
        383 289.549183    0.02650     1.5899     95.394     15.143  47057.099    29.8465    10.5776     15.000    10.5749    22.8372     3.8595     5.5157     59.884    168.519    172.367   -0.00155    6.44500    9.21056  281.40728   14.59847 6.7879e+00     2.0226     0.7441    83.0249 0.0000e+00
        387 289.549195    0.02679     1.6071     96.425     16.154  47084.063    29.8650    10.5769     16.000    10.5765    22.8517     3.8535     5.5071     59.796    168.253    172.098   -0.00171    6.44435    9.20961  281.37458   14.59684 5.4846e+00     1.7915     0.6951    84.0466 0.0000e+00
        390 289.549205    0.02704     1.6227     97.361     17.160  47117.366    29.8885    10.5810     17.000    10.5848    22.8693     3.8497     5.5016     59.752    168.083    171.927   -0.00162    6.44280    9.20740  281.30219   14.59328 4.4630e+00     1.5534     0.7828    82.2673 0.0000e+00
        394 289.549217    0.02731     1.6389     98.335     18.171  47150.082    29.9124    10.5935     18.000    10.5971    22.8859     3.8401     5.4880     59.629    167.663    171.500   -0.00198    6.44007    9.20350  281.17851   14.58726 3.6560e+00     1.5000     0.6845    84.2767 0.0000e+00
        398 289.549228    0.02759     1.6552     99.310     19.180  47176.260    29.9317    10.6038     19.000    10.6069    22.8991     3.8322     5.4767     59.527    167.317    171.148   -0.00223    6.43785    9.20033  281.07782   14.58237 2.9895e+00     1.4916     0.6817    84.3313 0.0000e+00
        402 289.549239    0.02786     1.6713    100.276     20.190  47211.711    29.9573    10.6143     20.000    10.6177    22.9174     3.8241     5.4650     59.423    166.956    170.782   -0.00228    6.43533    9.19672  280.96285   14.57676 2.4389e+00     1.4388     0.6827    84.3108 0.0000e+00
        406 289.549250    0.02812     1.6871    101.228     21.199  47316.519    30.0321    10.6269     21.000    10.6361    22.9735     3.8139     5.4505     59.310    166.505    170.330   -0.00249    6.43050    9.18982  280.73654   14.56563 1.9793e+00     1.3851     0.6823    84.3165 0.0000e+00
        410 289.549262    0.02839     1.7037    102.224     22.206  47366.851    30.0694    10.6475     22.000    10.6514    22.9991     3.8059     5.4390     59.225    166.149    169.971   -0.00243    6.42610    9.18354  280.53752   14.55595 1.6412e+00     1.4271     0.6574    84.8444 0.0000e+00
        414 289.549275    0.02870     1.7220    103.321     23.222  47382.330    30.0811    10.6585     23.000    10.6589    23.0064     3.7976     5.4272     59.115    165.785    169.600   -0.00246    6.42408    9.18066  280.44743   14.55159 1.3763e+00     1.2221     0.6347    85.3276 0.0000e+00
        418 289.549286    0.02898     1.7387    104.321     24.225  47405.475    30.0977    10.6643     24.000    10.6641    23.0183     3.7925     5.4198     59.049    165.562    169.373   -0.00221    6.42259    9.17853  280.37918   14.54826 1.1569e+00     1.1283     0.6260    85.5133 0.0000e+00
        423 289.549299    0.02928     1.7566    105.394     25.237  47425.874    30.1122    10.6695     25.000    10.6686    23.0288     3.7825     5.4055     58.905    165.122    168.926   -0.00249    6.42128    9.17666  280.31906   14.54532 9.7167e-01     1.0429     0.6241    85.5538 0.0000e+00
        427 289.549312    0.02959     1.7755    106.530     26.244  47507.432    30.1698    10.6750     26.000    10.6751    23.0727     3.7744     5.3940     58.808    164.763    168.564   -0.00250    6.41816    9.17218  280.17053   14.53798 8.2068e-01     0.9939     0.6200    85.6424 0.0000e+00
        432 289.549326    0.02992     1.7955    107.728     27.260  47561.463    30.2080    10.6797     27.000    10.6758    23.1016     3.7674     5.3839     58.719    164.452    168.251   -0.00221    6.41594    9.16902  280.06601   14.53282 6.9774e-01     0.9523     0.6146    85.7582 0.0000e+00
        436 289.549338    0.03023     1.8136    108.817     28.263  47576.993    30.2183    10.6776     28.000    10.6735    23.1100     3.7608     5.3745     58.617    164.163    167.956   -0.00229    6.41582    9.16885  280.05845   14.53242 5.9206e-01     0.8398     0.6185    85.6735 0.0000e+00
        441 289.549351    0.03055     1.8326    109.956     29.284  47600.348    30.2342    10.6772     29.000    10.6756    23.1225     3.7538     5.3645     58.514    163.856    167.644   -0.00227    6.41523    9.16800  280.02916   14.53095 4.9964e-01     0.7614     0.6093    85.8713 0.0000e+00
        445 289.549363    0.03082     1.8494    110.963     30.284  47605.827    30.2381    10.6806     30.000    10.6785    23.1249     3.7452     5.3522     58.385    163.478    167.258   -0.00250    6.41460    9.16710  280.00088   14.52958 4.2375e-01     0.7016     0.5776    86.5543 0.0000e+00
        449 289.549375    0.03110     1.8662    111.971     31.297  47613.555    30.2435    10.6839     31.000    10.6818    23.1286     3.7415     5.3470     58.335    163.319    167.098   -0.00225    6.41391    9.16612  279.96988   14.52808 3.6089e-01     0.6461     0.5602    86.9302 0.0000e+00
        453 289.549386    0.03137     1.8818    112.911     32.300  47612.579    30.2427    10.6862     32.000    10.6831    23.1276     3.7383     5.3424     58.287    163.179    166.953   -0.00194    6.41363    9.16571  279.95777   14.52750 3.0865e-01     0.7132     0.5617    86.8989 0.0000e+00
        457 289.549398    0.03168     1.9003    114.021     33.317  47611.691    30.2417    10.6870     33.000    10.6833    23.1268     3.7328     5.3346     58.202    162.939    166.707   -0.00198    6.41354    9.16559  279.95439   14.52734 2.6500e-01     0.6447     0.5641    86.8469 0.0000e+00
        461 289.549411    0.03196     1.9177    115.061     34.323  47612.566    30.2420    10.6871     34.000    10.6833    23.1269     3.7269     5.3262     58.111    162.684    166.446   -0.00198    6.41353    9.16558  279.95390   14.52732 2.2730e-01     0.6287     0.5699    86.7217 0.0000e+00
        465 289.549422    0.03224     1.9344    116.065     35.337  47623.981    30.2497    10.6878     35.000    10.6846    23.1329     3.7220     5.3192     58.038    162.468    166.226   -0.00206    6.41312    9.16498  279.93401   14.52634 1.9578e-01     0.6753     0.5836    86.4245 0.0000e+00
        469 289.549433    0.03250     1.9499    116.994     36.342  47633.637    30.2562    10.6894     36.000    10.6857    23.1378     3.7192     5.3151     57.998    162.342    166.098   -0.00174    6.41262    9.16429  279.91143   14.52523 1.6949e-01     0.6550     0.5818    86.4629 0.0000e+00
        473 289.549444    0.03276     1.9655    117.933     37.350  47641.761    30.2616    10.6901     37.000    10.6867    23.1418     3.7158     5.3103     57.949    162.195    165.949   -0.00171    6.41230    9.16381  279.89599   14.52447 1.4733e-01     0.6756     0.5169    87.8807 0.0000e+00
        477 289.549456    0.03305     1.9829    118.971     38.367  47649.510    30.2669    10.6922     38.000    10.6887    23.1456     3.7116     5.3044     57.888    162.013    165.763   -0.00159    6.41180    9.16310  279.87286   14.52334 1.2978e-01     0.6225     0.4687    88.9412 0.0000e+00
        481 289.549467    0.03330     1.9984    119.902     39.368  47653.385    30.2695    10.6940     39.000    10.6901    23.1473     3.7040     5.2933     57.771    161.678    165.420   -0.00198    6.41146    9.16261  279.85773   14.52260 1.1518e-01     0.6207     0.4644    89.0365 0.0000e+00
        485 289.549478    0.03359     2.0156    120.934     40.383  47662.553    30.2757    10.6953     40.000    10.6921    23.1519     3.6998     5.2873     57.710    161.494    165.233   -0.00192    6.41102    9.16199  279.83735   14.52160 1.0272e-01     0.5672     0.4603    89.1307 0.0000e+00
        489 289.549490    0.03387     2.0322    121.933     41.390  47692.467    30.2968    10.6993     41.000    10.6971    23.1677     3.6980     5.2848     57.695    161.414    165.153   -0.00154    6.40959    9.15995  279.77075   14.51833 9.2596e-02     0.5693     0.4455    89.4585 0.0000e+00
        493 289.549502    0.03416     2.0494    122.963     42.398  47717.032    30.3142    10.7038     42.000    10.7003    23.1805     3.6948     5.2802     57.657    161.271    165.009   -0.00135    6.40826    9.15805  279.70919   14.51532 8.5085e-02     0.6058     0.4296    89.8172 0.0000e+00
        497 289.549515    0.03447     2.0683    124.098     43.414  47727.735    30.3216    10.7061     43.000    10.7013    23.1859     3.6862     5.2680     57.530    160.898    164.628   -0.00175    6.40764    9.15715  279.68040   14.51391 7.8688e-02     0.5448     0.4209    90.0144 0.0000e+00
        501 289.549527    0.03475     2.0852    125.109     44.415  47736.763    30.3276    10.7063     44.000    10.7010    23.1905     3.6833     5.2639     57.486    160.769    164.498   -0.00171    6.40737    9.15676  279.66717   14.51325 7.3363e-02     0.5209     0.4203    90.0253 0.0000e+00
        506 289.549541    0.03508     2.1050    126.302     45.433  47757.199    30.3415    10.7058     45.000    10.7007    23.2014     3.6815     5.2612     57.461    160.686    164.415   -0.00129    6.40687    9.15606  279.64274   14.51202 6.8702e-02     0.5146     0.4212    90.0067 0.0000e+00
        511 289.549553    0.03539     2.1232    127.392     46.436  47764.560    30.3463    10.7063     46.000    10.7012    23.2051     3.6751     5.2522     57.365    160.410    164.132   -0.00154    6.40660    9.15567  279.62980   14.51138 6.5044e-02     0.5365     0.4146    90.1556 0.0000e+00
        515 289.549566    0.03569     2.1414    128.484     47.457  47766.590    30.3474    10.7065     47.000    10.7009    23.2059     3.6700     5.2447     57.284    160.183    163.900   -0.00172    6.40653    9.15557  279.62674   14.51123 6.1550e-02     0.4977     0.4128    90.1953 0.0000e+00
        518 289.549576    0.03593     2.1561    129.368     48.453  47771.770    30.3506    10.7062     48.000    10.7003    23.2085     3.6700     5.2448     57.286    160.184    163.902   -0.00130    6.40645    9.15545  279.62224   14.51101 5.9284e-02     0.4619     0.4155    90.1343 0.0000e+00
        523 289.549588    0.03623     2.1736    130.413     49.471  47779.934    30.3558    10.7048     49.000    10.6965    23.2128     3.6681     5.2421     57.257    160.100    163.817   -0.00119    6.40643    9.15543  279.62049   14.51090 5.6783e-02     0.4434     0.4116    90.2213 0.0000e+00
        527 289.549600    0.03650     2.1900    131.401     50.477  47791.654    30.3629    10.6986     50.000    10.6883    23.2195     3.6670     5.2405     57.234    160.052    163.769   -0.00097    6.40700    9.15624  279.64329   14.51196 5.5142e-02     0.4621     0.4370    89.6509 0.0000e+00
        531 289.549611    0.03678     2.2067    132.401     51.486  47811.047    30.3753    10.6901     51.000    10.6809    23.2305     3.6646     5.2370     57.191    159.945    163.660   -0.00112    6.40768    9.15721  279.66989   14.51319 5.3485e-02     0.4576     0.4987    88.2783 0.0000e+00
        535 289.549624    0.03707     2.2244    133.462     52.499  47822.491    30.3821    10.6833     52.000    10.6748    23.2370     3.6627     5.2344     57.155    159.862    163.576   -0.00101    6.40832    9.15813  279.69646   14.51444 5.2002e-02     0.4089     0.5731    86.6511 0.0000e+00
        539 289.549635    0.03736     2.2416    134.495     53.505  47835.239    30.3901    10.6785     53.000    10.6707    23.2440     3.6593     5.2295     57.099    159.712    163.424   -0.00114    6.40866    9.15862  279.70922   14.51501 5.0798e-02     0.3897     0.6298    85.4318 0.0000e+00
