CTD-processing/allCTD/CNV/2020_02-06_alongbay_kb09_cast005_4141.cnv
* Sea-Bird SBE19plus Data File:
* FileName = C:\Users\Chris\Desktop\EVOSTC GWA LTM\CTD Data\2020_02-06_AlongBay\2019_02-06_AlongBay_KB_Cast005.hex
* Software Version 1.59
* Temperature SN =  4141
* Conductivity SN =  4141
* System UpLoad Time = Feb 12 2020 10:32:36
** Cook Inlet LTM Along Bay
** Date: 2019_02-06
** Station:KB09
** Start Time: (AKST):11:27
** Depth (m):70
** Comment:
** Comment:
# nquan = 27
# nvalues = 68                          
# units = specified
# name 0 = scan: Scan Count
# name 1 = timeJ: Julian Days
# name 2 = timeH: Time, Elapsed [hours]
# name 3 = timeM: Time, Elapsed [minutes]
# name 4 = timeS: Time, Elapsed [seconds]
# name 5 = prdM: Pressure, Strain Gauge [db]
# name 6 = specc: Specific Conductance [uS/cm]
# name 7 = sal00: Salinity, Practical [PSU]
# name 8 = tv290C: Temperature [ITS-90, deg C]
# name 9 = depSM: Depth [salt water, m], lat = 59.00
# name 10 = potemp090C: Potential Temperature [ITS-90, deg C]
# name 11 = sigma-é00: Density [sigma-theta, kg/m^3]
# name 12 = sbeox0ML/L: Oxygen, SBE 43 [ml/l]
# name 13 = sbeox0Mg/L: Oxygen, SBE 43 [mg/l]
# name 14 = sbeox0PS: Oxygen, SBE 43 [% saturation]
# name 15 = sbox0Mm/Kg: Oxygen, SBE 43 [umol/kg]
# name 16 = sbeox0Mm/L: Oxygen, SBE 43 [umol/l]
# name 17 = sbox0dV/dT: Oxygen, SBE 43 [dov/dt]
# name 18 = oxsolML/L: Oxygen Saturation, Garcia & Gordon [ml/l]
# name 19 = oxsolMg/L: Oxygen Saturation, Garcia & Gordon [mg/l]
# name 20 = oxsolMm/Kg: Oxygen Saturation, Garcia & Gordon [umol/kg]
# name 21 = n2satMg/L: Nitrogen Saturation [mg/l]
# name 22 = par: PAR/Irradiance, Biospherical/Licor
# name 23 = wetStar: Fluorescence, WET Labs WETstar [mg/m^3]
# name 24 = CStarAt0: Beam Attenuation, WET Labs C-Star [1/m]
# name 25 = CStarTr0: Beam Transmission, WET Labs C-Star [%]
# name 26 = flag: flag
# span 0 =        124,        606       
# span 1 =  37.477718,  37.479111       
# span 2 =    0.00858,    0.04200       
# span 3 =     0.5144,     2.5196       
# span 4 =     30.866,    151.179       
# span 5 =      1.008,     68.627       
# span 6 =  51608.049,  51846.567       
# span 7 =    31.4847,    31.6011       
# span 8 =     2.1173,     2.8858       
# span 9 =      1.000,     68.000       
# span 10 =     2.2172,     2.8824      
# span 11 =    25.1340,    25.2148      
# span 12 =     6.6854,     7.1499      
# span 13 =     9.5541,    10.2180      
# span 14 =     86.055,     92.421      
# span 15 =    291.231,    311.486      
# span 16 =    298.571,    319.315      
# span 17 =   -0.00390,    0.06863      
# span 18 =    7.62051,    7.77001      
# span 19 =   10.89047,   11.10412      
# span 20 =  331.97774,  338.47618      
# span 21 =   17.00177,   17.31041      
# span 22 = 3.6170e-02, 5.9470e+01      
# span 23 =     0.3101,     0.4471      
# span 24 =     0.6818,     1.2794      
# span 25 =    73.6962,    84.2934      
# span 26 = 0.0000e+00, 0.0000e+00      
# interval = meters: 1                  
# start_time = Feb 06 2020 11:27:24 [Instrument's time stamp, header]
# bad_flag = -9.990e-29
*END*
[from data line 54]
        533  37.478899    0.03692     2.2152    132.910     55.527  51649.735    31.5676     2.7214     55.000     2.7301    25.1688     6.8990     9.8593     90.154    300.542    308.107   -0.00180    7.65239   10.93602  333.36520   17.06771 3.6170e-02     0.3531     0.8441    80.9760 0.0000e+00
        538  37.478916    0.03731     2.2386    134.318     56.536  51630.137    31.5598     2.7432     56.000     2.7438    25.1609     6.8806     9.8331     89.959    299.745    307.286   -0.00229    7.64862   10.93065  333.20386   17.06008 3.6170e-02     0.3562     0.8548    80.7580 0.0000e+00
        544  37.478932    0.03769     2.2615    135.690     57.545  51653.951    31.5799     2.7602     57.000     2.7730    25.1756     6.8425     9.7786     89.511    298.081    305.585   -0.00390    7.64433   10.92451  333.01204   17.05089 3.6170e-02     0.3637     0.8667    80.5186 0.0000e+00
        550  37.478949    0.03811     2.2864    137.185     58.556  51636.297    31.5806     2.8086     58.000     2.8164    25.1722     6.8665     9.8130     89.934    299.130    306.659   -0.00063    7.63508   10.91130  332.61053   17.03182 3.6170e-02     0.3544     0.8930    79.9923 0.0000e+00
        556  37.478966    0.03852     2.3111    138.668     59.566  51627.907    31.5822     2.8377     59.000     2.8423    25.1712     6.8569     9.7991     89.874    298.709    306.228   -0.00068    7.62946   10.90326  332.36579   17.02019 3.6170e-02     0.3547     0.9342    79.1720 0.0000e+00
        561  37.478982    0.03892     2.3349    140.092     60.575  51616.748    31.5785     2.8540     60.000     2.8549    25.1669     6.8424     9.7785     89.718    298.078    305.581   -0.00128    7.62654   10.89909  332.23990   17.01422 3.6170e-02     0.3558     0.9691    78.4857 0.0000e+00
        567  37.478999    0.03931     2.3585    141.510     61.587  51615.932    31.5802     2.8644     61.000     2.8648    25.1675     6.8290     9.7593     89.567    297.495    304.982   -0.00169    7.62449   10.89615  332.15022   17.00995 3.6170e-02     0.3584     1.0076    77.7331 0.0000e+00
        572  37.479013    0.03966     2.3796    142.774     62.595  51614.055    31.5809     2.8736     62.000     2.8733    25.1673     6.8222     9.7497     89.499    297.202    304.682   -0.00158    7.62269   10.89358  332.07194   17.00623 3.6170e-02     0.3629     1.0274    77.3496 0.0000e+00
        577  37.479028    0.04000     2.3998    143.986     63.600  51608.049    31.5777     2.8787     63.000     2.8756    25.1642     6.8172     9.7424     89.442    296.981    304.455   -0.00155    7.62190   10.89245  332.03820   17.00464 3.6170e-02     0.3651     1.0596    76.7279 0.0000e+00
        583  37.479045    0.04042     2.4252    145.512     64.616  51608.271    31.5778     2.8806     64.000     2.8773    25.1642     6.8135     9.7372     89.398    296.822    304.291   -0.00132    7.62152   10.89191  332.02198   17.00387 3.6170e-02     0.3546     1.0423    77.0599 0.0000e+00
        588  37.479061    0.04079     2.4473    146.838     65.627  51612.926    31.5807     2.8814     65.000     2.8798    25.1664     6.8132     9.7367     89.398    296.808    304.278   -0.00094    7.62122   10.89149  332.00840   17.00322 3.6170e-02     0.3619     1.0556    76.8057 0.0000e+00
        593  37.479074    0.04112     2.4672    148.033     66.628  51609.009    31.5787     2.8858     66.000     2.8824    25.1645     6.8145     9.7387     89.424    296.868    304.339   -0.00067    7.62051   10.89047  331.97774   17.00177 3.6170e-02     0.3576     1.0938    76.0761 0.0000e+00
        600  37.479094    0.04160     2.4956    149.734     67.649  51609.755    31.5786     2.8857     67.000     2.8819    25.1645     6.8144     9.7385     89.422    296.862    304.332   -0.00047    7.62052   10.89049  331.97847   17.00180 3.6170e-02     0.3571     1.0990    75.9755 0.0000e+00
        606  37.479111    0.04200     2.5196    151.179     68.627  51611.220    31.5791     2.8856     68.000     2.8819    25.1648     6.8087     9.7303     89.346    296.610    304.075   -0.00080    7.62052   10.89049  331.97812   17.00178 3.6170e-02     0.3577     1.1274    75.4381 0.0000e+00
