CTD-processing/allCTD/CNV/2020_06-04_alongbay_skb08_cast066_4141.cnv
* Sea-Bird SBE19plus Data File:
* FileName = E:\2020_06-04_AlongBay\2020_06-04_AlongBay_KB_Cast066.hex
* Software Version 1.59
* Temperature SN =  4141
* Conductivity SN =  4141
* System UpLoad Time = Jul 16 2020 15:22:44
** Cook Inlet LTM AlongBay
** Date: 2020_06_04
** Station:08
** Start Time: (AKDT):10:53
** Depth (m):82
** Comment:
** Comment:
# nquan = 27
# nvalues = 79                          
# units = specified
# name 0 = scan: Scan Count
# name 1 = timeJ: Julian Days
# name 2 = timeH: Time, Elapsed [hours]
# name 3 = timeM: Time, Elapsed [minutes]
# name 4 = timeS: Time, Elapsed [seconds]
# name 5 = prdM: Pressure, Strain Gauge [db]
# name 6 = specc: Specific Conductance [uS/cm]
# name 7 = sal00: Salinity, Practical [PSU]
# name 8 = tv290C: Temperature [ITS-90, deg C]
# name 9 = depSM: Depth [salt water, m], lat = 59.00
# name 10 = potemp090C: Potential Temperature [ITS-90, deg C]
# name 11 = sigma-é00: Density [sigma-theta, kg/m^3]
# name 12 = sbeox0ML/L: Oxygen, SBE 43 [ml/l]
# name 13 = sbeox0Mg/L: Oxygen, SBE 43 [mg/l]
# name 14 = sbeox0PS: Oxygen, SBE 43 [% saturation]
# name 15 = sbox0Mm/Kg: Oxygen, SBE 43 [umol/kg]
# name 16 = sbeox0Mm/L: Oxygen, SBE 43 [umol/l]
# name 17 = sbox0dV/dT: Oxygen, SBE 43 [dov/dt]
# name 18 = oxsolML/L: Oxygen Saturation, Garcia & Gordon [ml/l]
# name 19 = oxsolMg/L: Oxygen Saturation, Garcia & Gordon [mg/l]
# name 20 = oxsolMm/Kg: Oxygen Saturation, Garcia & Gordon [umol/kg]
# name 21 = n2satMg/L: Nitrogen Saturation [mg/l]
# name 22 = par: PAR/Irradiance, Biospherical/Licor
# name 23 = wetStar: Fluorescence, WET Labs WETstar [mg/m^3]
# name 24 = CStarAt0: Beam Attenuation, WET Labs C-Star [1/m]
# name 25 = CStarTr0: Beam Transmission, WET Labs C-Star [%]
# name 26 = flag: flag
# span 0 =        246,        679       
# span 1 = 156.454272, 156.455528       
# span 2 =    0.01698,    0.04709       
# span 3 =     1.0189,     2.8263       
# span 4 =     61.136,    169.572       
# span 5 =      1.010,     79.703       
# span 6 =  46289.149,  51151.104       
# span 7 =    29.2180,    31.7134       
# span 8 =     4.7309,     9.8017       
# span 9 =      1.000,     79.000       
# span 10 =     4.7254,     9.7978      
# span 11 =    22.4842,    25.0996      
# span 12 =     6.6409,     8.3704      
# span 13 =     9.4902,    11.9622      
# span 14 =     91.250,    123.393      
# span 15 =    289.314,    365.089      
# span 16 =    296.575,    373.823      
# span 17 =   -0.03313,    0.03131      
# span 18 =    6.56965,    7.27745      
# span 19 =    9.38867,   10.40021      
# span 20 =  286.88851,  317.05337      
# span 21 =   14.86205,   16.29166      
# span 22 = 4.1813e-02, 2.3441e+02      
# span 23 =     0.5002,     7.4186      
# span 24 =     0.6790,     3.7887      
# span 25 =    54.7684,    84.3877      
# span 26 = 0.0000e+00, 0.0000e+00      
# interval = meters: 1                  
# start_time = Jun 04 2020 10:53:08 [Instrument's time stamp, header]
# bad_flag = -9.990e-29
*END*
        246 156.454272    0.01698     1.0189     61.136      1.010  46289.149    29.2180     9.7248      1.000     9.7978    22.4842     7.0740    10.1094    107.368    308.976    315.924   -0.00216    6.59364    9.42297  288.00044   14.91639 2.3441e+02     0.9105     3.7887    59.7112 0.0000e+00
        328 156.454510    0.02268     1.3605     81.627      2.020  46694.679    29.5076     9.8017      2.000     9.7545    22.6984     7.6455    10.9261    116.379    333.869    341.447   -0.00092    6.56965    9.38867  286.88851   14.86205 1.6720e+02     1.0045     1.0632    77.7174 0.0000e+00
        334 156.454529    0.02314     1.3883     83.301      3.029  47049.742    29.7319     9.6090      3.000     9.3708    22.9034     7.7137    11.0236    117.083    336.778    344.492    0.00245    6.58817    9.41516  287.63993   14.89705 1.1555e+02     1.1182     0.9867    78.1417 0.0000e+00
        338 156.454541    0.02342     1.4056     84.335      4.038  47694.658    30.1107     9.0541      4.000     8.7465    23.2841     7.7635    11.0948    116.680    338.830    346.719   -0.00166    6.65370    9.50880  290.39254   15.02705 8.5829e+01     1.5657     1.0687    76.5598 0.0000e+00
        342 156.454553    0.02371     1.4225     85.352      5.047  48324.658    30.4724     8.4907      5.000     8.3390    23.6504     7.9333    11.3375    118.010    346.116    354.302    0.00435    6.72245    9.60705  293.28812   15.16388 6.4869e+01     2.7414     1.1255    75.4759 0.0000e+00
        346 156.454564    0.02399     1.4394     86.365      6.056  48585.470    30.6170     8.2366      6.000     8.1297    23.8003     8.2290    11.7600    121.824    358.962    367.506    0.02655    6.75473    9.65318  294.65348   15.22849 4.8440e+01     4.4791     1.1468    75.0745 0.0000e+00
        351 156.454576    0.02428     1.4564     87.384      7.064  48798.668    30.7319     8.0156      7.000     7.9180    23.9217     8.3704    11.9622    123.393    365.089    373.823    0.03131    6.78356    9.69438  295.87579   15.28637 3.5680e+01     6.0542     1.1761    74.5277 0.0000e+00
        355 156.454588    0.02456     1.4741     88.447      8.078  48997.707    30.8390     7.8134      8.000     7.7165    24.0339     8.2987    11.8597    121.860    361.923    370.622    0.01250    6.81006    9.73226  296.99939   15.33956 2.6095e+01     7.4186     1.1388    75.2254 0.0000e+00
        359 156.454601    0.02485     1.4913     89.480      9.084  49199.562    30.9477     7.6161      9.000     7.5027    24.1464     8.2126    11.7366    120.138    358.125    366.772   -0.00192    6.83595    9.76926  298.09563   15.39142 1.9544e+01     7.3107     1.0662    76.6057 0.0000e+00
        363 156.454613    0.02515     1.5092     90.550     10.092  49449.587    31.0766     7.3438     10.000     7.2134    24.2844     8.1273    11.6147    118.252    354.360    362.965   -0.01306    6.87294    9.82211  299.66786   15.46591 1.4733e+01     7.1056     0.9883    78.1112 0.0000e+00
        368 156.454626    0.02547     1.5282     91.693     11.105  49674.759    31.1868     7.0716     11.000     6.9385    24.4070     8.0276    11.4722    116.156    349.971    358.512   -0.02252    6.91113    9.87670  301.29735   15.54318 1.1260e+01     6.3567     0.9234    79.3881 0.0000e+00
        372 156.454639    0.02578     1.5471     92.825     12.111  49972.512    31.3421     6.7798     12.000     6.7140    24.5671     7.9403    11.3475    114.236    346.111    354.613   -0.02754    6.95081    9.93340  302.97981   15.62278 8.6978e+00     5.7579     0.8513    80.8311 0.0000e+00
        377 156.454653    0.02612     1.5671     94.024     13.124  50122.290    31.4268     6.6746     13.000     6.6639    24.6473     7.8176    11.1721    112.259    340.736    349.134   -0.03109    6.96390    9.95210  303.52647   15.64850 6.8637e+00     5.0085     0.8068    81.7357 0.0000e+00
        382 156.454667    0.02646     1.5872     95.232     14.134  50138.295    31.4341     6.6560     14.000     6.6480    24.6553     7.6889    10.9883    110.369    335.126    343.388   -0.03313    6.96657    9.95592  303.64053   15.65391 5.3910e+00     4.3769     0.8145    81.5780 0.0000e+00
        386 156.454680    0.02677     1.6062     96.372     15.143  50152.345    31.4406     6.6407     15.000     6.6331    24.6624     7.6444    10.9247    109.697    333.186    341.403   -0.02782    6.96874    9.95903  303.73328   15.65831 4.2178e+00     4.7373     0.7908    82.0622 0.0000e+00
        391 156.454693    0.02706     1.6240     97.442     16.153  50150.254    31.4354     6.6226     16.000     6.6078    24.6606     7.6588    10.9452    109.853    333.811    342.043   -0.01967    6.97190    9.96355  303.87167   15.66492 3.3044e+00     4.1361     0.7854    82.1726 0.0000e+00
        395 156.454705    0.02736     1.6414     98.483     17.160  50144.175    31.4226     6.5783     17.000     6.5409    24.6562     7.6727    10.9652    109.929    334.419    342.665   -0.01388    6.97970    9.97470  304.21284   15.68124 2.6154e+00     4.2972     0.7874    82.1327 0.0000e+00
        399 156.454717    0.02765     1.6590     99.537     18.170  50234.404    31.4724     6.5114     18.000     6.4924    24.7039     7.6547    10.9394    109.537    333.618    341.859   -0.01248    6.98827    9.98694  304.57208   15.69816 2.0706e+00     4.0817     0.7615    82.6660 0.0000e+00
        403 156.454729    0.02795     1.6765    100.591     19.181  50282.545    31.4978     6.4703     19.000     6.4415    24.7290     7.6211    10.8913    108.970    332.144    340.357   -0.01257    6.99379    9.99482  304.80514   15.70916 1.6452e+00     4.7108     0.7557    82.7846 0.0000e+00
        408 156.454741    0.02824     1.6943    101.656     20.188  50354.107    31.5361     6.4123     20.000     6.3888    24.7664     7.5771    10.8284    108.221    330.213    338.391   -0.01366    7.00148   10.00582  305.12921   15.72446 1.3116e+00     4.7955     0.7370    83.1735 0.0000e+00
        412 156.454754    0.02855     1.7130    102.781     21.200  50413.634    31.5691     6.3705     21.000     6.3572    24.7977     7.5431    10.7798    107.653    328.722    336.873   -0.01346    7.00681   10.01342  305.35186   15.73494 1.0529e+00     4.0121     0.7238    83.4483 0.0000e+00
        416 156.454767    0.02885     1.7310    103.859     22.207  50438.354    31.5820     6.3505     22.000     6.3431    24.8104     7.5204    10.7474    107.289    327.728    335.860   -0.01201    7.00946   10.01722  305.46367   15.74021 8.4865e-01     3.6827     0.6950    84.0499 0.0000e+00
        421 156.454780    0.02917     1.7501    105.007     23.218  50454.825    31.5915     6.3425     23.000     6.3397    24.8187     7.5053    10.7258    107.060    327.069    335.186   -0.01006    7.01034   10.01849  305.49999   15.74191 6.8600e-01     3.8164     0.6948    84.0559 0.0000e+00
        426 156.454794    0.02949     1.7694    106.165     24.230  50446.272    31.5839     6.3369     24.000     6.3223    24.8136     7.4986    10.7163    106.946    326.780    334.888   -0.00790    7.01161   10.02029  305.55643   15.74463 5.5434e-01     3.4597     0.6922    84.1087 0.0000e+00
        430 156.454806    0.02979     1.7874    107.246     25.237  50473.213    31.5970     6.3095     25.000     6.3019    24.8272     7.4951    10.7112    106.836    326.620    334.729   -0.00649    7.01549   10.02584  305.72170   15.75245 4.4726e-01     3.6624     0.6860    84.2393 0.0000e+00
        434 156.454819    0.03010     1.8058    108.351     26.247  50483.810    31.6026     6.3030     26.000     6.2937    24.8325     7.4914    10.7060    106.772    326.460    334.567   -0.00519    7.01628   10.02698  305.75471   15.75400 3.6248e-01     3.5317     0.6878    84.2028 0.0000e+00
        439 156.454831    0.03040     1.8239    109.433     27.259  50459.201    31.5783     6.2669     27.000     6.2223    24.8177     7.4894    10.7032    106.636    326.379    334.479   -0.00454    7.02335   10.03707  306.06681   15.76897 2.9370e-01     3.4623     0.6860    84.2416 0.0000e+00
        443 156.454844    0.03068     1.8411    110.469     28.263  50532.793    31.6125     6.1820     28.000     6.1489    24.8551     7.4663    10.6702    106.120    325.360    333.447   -0.00643    7.03573   10.05476  306.59519   15.79401 2.4148e-01     3.5184     0.6809    84.3469 0.0000e+00
        447 156.454856    0.03100     1.8599    111.593     29.279  50572.468    31.6282     6.1228     29.000     6.0932    24.8746     7.4242    10.6099    105.386    323.516    331.563   -0.00887    7.04476   10.06767  306.98305   15.81244 1.9878e-01     2.9944     0.6790    84.3877 0.0000e+00
        452 156.454869    0.03130     1.8777    112.665     30.283  50593.309    31.6297     6.0585     30.000     6.0307    24.8836     7.3754    10.5402    104.537    321.389    329.386   -0.01162    7.05533   10.08277  307.44074   15.83424 1.6615e-01     3.0554     0.6844    84.2737 0.0000e+00
        456 156.454882    0.03163     1.8978    113.866     31.298  50581.893    31.6095     5.9976     31.000     5.9482    24.8749     7.3314    10.4773    103.750    319.471    327.418   -0.01294    7.06638   10.09856  307.92474   15.85738 1.3880e-01     3.1551     0.7087    83.7635 0.0000e+00
        461 156.454896    0.03195     1.9170    115.021     32.303  50408.743    31.4605     5.8504     32.000     5.6813    24.7747     7.3013    10.4342    102.866    318.194    326.076   -0.01430    7.09794   10.14367  309.33056   15.92497 1.1678e-01     3.0829     0.7348    83.2191 0.0000e+00
        466 156.454910    0.03229     1.9378    116.267     33.316  50578.092    31.4815     5.3801     33.000     5.2622    24.8453     7.2040    10.2953    100.386    313.931    321.730   -0.02364    7.17642   10.25582  312.72897   16.08674 9.8754e-02     2.8627     0.8152    81.5650 0.0000e+00
        471 156.454924    0.03262     1.9573    117.436     34.323  50765.213    31.5700     5.1900     34.000     5.1412    24.9365     7.0583    10.0870     97.969    307.555    315.223   -0.03103    7.20472   10.29626  313.93420   16.14376 8.3992e-02     2.8648     0.8749    80.3563 0.0000e+00
        475 156.454937    0.03295     1.9765    118.591     35.337  50842.102    31.6036     5.1014     35.000     5.0733    24.9728     6.9411     9.9196     96.159    302.437    309.990   -0.03283    7.21835   10.31575  314.51714   16.17138 7.2684e-02     2.5851     0.9006    79.8394 0.0000e+00
        480 156.454950    0.03323     1.9941    119.644     36.341  50897.568    31.6313     5.0553     36.000     5.0452    24.9998     6.8805     9.8329     95.232    299.787    307.282   -0.03005    7.22495   10.32518  314.79665   16.18457 6.4603e-02     2.0966     0.8971    79.9100 0.0000e+00
        484 156.454962    0.03354     2.0123    120.737     37.354  50913.263    31.6393     5.0444     37.000     5.0387    25.0072     6.8650     9.8108     94.998    299.112    306.592   -0.02361    7.22646   10.32733  314.85986   16.18755 5.9010e-02     2.1396     0.8687    80.4784 0.0000e+00
        488 156.454975    0.03383     2.0298    121.791     38.360  50910.079    31.6342     5.0335     38.000     5.0207    25.0044     6.8698     9.8177     95.037    299.322    306.806   -0.01761    7.22858   10.33037  314.95334   16.19202 5.4883e-02     1.7894     0.8429    80.9982 0.0000e+00
        493 156.454987    0.03414     2.0481    122.887     39.373  50933.332    31.6457     5.0150     39.000     5.0082    25.0156     6.8761     9.8265     95.089    299.590    307.085   -0.01246    7.23124   10.33415  315.06522   16.19730 5.1830e-02     1.5857     0.8291    81.2790 0.0000e+00
        497 156.455000    0.03444     2.0665    123.989     40.381  50954.496    31.6573     5.0035     40.000     4.9943    25.0259     6.8778     9.8290     95.093    299.662    307.161   -0.00931    7.23267   10.33620  315.12455   16.20007 4.9521e-02     1.4793     0.8060    81.7499 0.0000e+00
        501 156.455013    0.03475     2.0852    125.113     41.390  50974.937    31.6683     4.9919     41.000     4.9837    25.0360     6.8790     9.8307     95.090    299.711    307.214   -0.00680    7.23415   10.33831  315.18586   16.20295 4.7845e-02     1.6729     0.7689    82.5119 0.0000e+00
        506 156.455026    0.03507     2.1043    126.261     42.401  50986.278    31.6731     4.9801     42.000     4.9725    25.0410     6.8779     9.8291     95.051    299.662    307.166   -0.00523    7.23595   10.34090  315.26312   16.20660 4.6551e-02     1.3575     0.7545    82.8096 0.0000e+00
        511 156.455040    0.03539     2.1234    127.403     43.410  50990.754    31.6729     4.9679     43.000     4.9585    25.0422     6.8787     9.8303     95.035    299.697    307.202   -0.00396    7.23807   10.34393  315.35525   16.21099 4.5608e-02     1.1704     0.7636    82.6220 0.0000e+00
        515 156.455052    0.03570     2.1419    128.516     44.421  50998.079    31.6745     4.9542     44.000     4.9436    25.0449     6.8662     9.8126     94.833    299.154    306.647   -0.00402    7.24036   10.34719  315.45375   16.21567 4.4744e-02     1.1772     0.7858    82.1657 0.0000e+00
        519 156.455065    0.03600     2.1601    129.606     45.428  51011.156    31.6795     4.9379     45.000     4.9296    25.0506     6.8550     9.7966     94.645    298.667    306.149   -0.00415    7.24297   10.35094  315.56610   16.22100 4.4097e-02     1.1757     0.8116    81.6369 0.0000e+00
        524 156.455078    0.03632     2.1790    130.738     46.441  51021.205    31.6839     4.9289     46.000     4.9231    25.0551     6.8483     9.7869     94.533    298.368    305.845   -0.00374    7.24433   10.35287  315.62365   16.22372 4.3652e-02     1.2047     0.8321    81.2200 0.0000e+00
        528 156.455090    0.03662     2.1968    131.808     47.448  51023.669    31.6839     4.9236     47.000     4.9169    25.0557     6.8429     9.7793     94.448    298.135    305.605   -0.00331    7.24523   10.35416  315.66271   16.22559 4.3266e-02     1.1650     0.8557    80.7409 0.0000e+00
        533 156.455103    0.03692     2.2153    132.917     48.458  51027.352    31.6843     4.9163     48.000     4.9089    25.0568     6.8317     9.7631     94.276    297.645    305.104   -0.00345    7.24647   10.35594  315.71669   16.22815 4.2896e-02     1.1672     0.8739    80.3752 0.0000e+00
        537 156.455117    0.03724     2.2346    134.073     49.468  51035.703    31.6876     4.9068     49.000     4.9005    25.0604     6.8239     9.7521     94.150    297.306    304.756   -0.00327    7.24798   10.35808  315.78098   16.23120 4.2715e-02     1.1078     0.8845    80.1623 0.0000e+00
        542 156.455130    0.03757     2.2544    135.265     50.476  51044.057    31.6917     4.9023     50.000     4.8982    25.0642     6.8210     9.7479     94.101    297.176    304.625   -0.00273    7.24855   10.35891  315.80494   16.23232 4.2476e-02     1.2325     0.9148    79.5570 0.0000e+00
        547 156.455145    0.03793     2.2756    136.538     51.488  51045.131    31.6915     4.9000     51.000     4.8935    25.0643     6.8160     9.7407     94.026    296.957    304.401   -0.00237    7.24896   10.35949  315.82283   16.23318 4.2336e-02     1.0469     0.9294    79.2659 0.0000e+00
        552 156.455159    0.03825     2.2952    137.714     52.497  51050.539    31.6931     4.8925     52.000     4.8864    25.0663     6.8084     9.7299     93.906    296.628    304.063   -0.00241    7.25019   10.36125  315.87586   16.23569 4.2205e-02     1.0233     0.9616    78.6318 0.0000e+00
        557 156.455173    0.03859     2.3152    138.913     53.509  51051.114    31.6918     4.8870     53.000     4.8770    25.0658     6.7974     9.7142     93.743    296.151    303.574   -0.00268    7.25121   10.36270  315.92025   16.23781 4.2045e-02     0.9250     1.0196    77.5037 0.0000e+00
