CTD-processing/allCTD/CNV/2020_02-06_alongbay_kb05_cast009_4141.cnv
* Sea-Bird SBE19plus Data File:
* FileName = C:\Users\Chris\Desktop\EVOSTC GWA LTM\CTD Data\2020_02-06_AlongBay\2019_02-06_AlongBay_KB_Cast009.hex
* Software Version 1.59
* Temperature SN =  4141
* Conductivity SN =  4141
* System UpLoad Time = Feb 12 2020 10:39:08
** Cook Inlet LTM Along Bay
** Date: 2019_02-06
** Station:KB05
** Start Time: (AKST):12:17
** Depth (m):175
** Comment:
** Comment:
# nquan = 27
# nvalues = 168                         
# units = specified
# name 0 = scan: Scan Count
# name 1 = timeJ: Julian Days
# name 2 = timeH: Time, Elapsed [hours]
# name 3 = timeM: Time, Elapsed [minutes]
# name 4 = timeS: Time, Elapsed [seconds]
# name 5 = prdM: Pressure, Strain Gauge [db]
# name 6 = specc: Specific Conductance [uS/cm]
# name 7 = sal00: Salinity, Practical [PSU]
# name 8 = tv290C: Temperature [ITS-90, deg C]
# name 9 = depSM: Depth [salt water, m], lat = 59.00
# name 10 = potemp090C: Potential Temperature [ITS-90, deg C]
# name 11 = sigma-é00: Density [sigma-theta, kg/m^3]
# name 12 = sbeox0ML/L: Oxygen, SBE 43 [ml/l]
# name 13 = sbeox0Mg/L: Oxygen, SBE 43 [mg/l]
# name 14 = sbeox0PS: Oxygen, SBE 43 [% saturation]
# name 15 = sbox0Mm/Kg: Oxygen, SBE 43 [umol/kg]
# name 16 = sbeox0Mm/L: Oxygen, SBE 43 [umol/l]
# name 17 = sbox0dV/dT: Oxygen, SBE 43 [dov/dt]
# name 18 = oxsolML/L: Oxygen Saturation, Garcia & Gordon [ml/l]
# name 19 = oxsolMg/L: Oxygen Saturation, Garcia & Gordon [mg/l]
# name 20 = oxsolMm/Kg: Oxygen Saturation, Garcia & Gordon [umol/kg]
# name 21 = n2satMg/L: Nitrogen Saturation [mg/l]
# name 22 = par: PAR/Irradiance, Biospherical/Licor
# name 23 = wetStar: Fluorescence, WET Labs WETstar [mg/m^3]
# name 24 = CStarAt0: Beam Attenuation, WET Labs C-Star [1/m]
# name 25 = CStarTr0: Beam Transmission, WET Labs C-Star [%]
# name 26 = flag: flag
# span 0 =        126,       1074       
# span 1 =  37.511842,  37.514586       
# span 2 =    0.00867,    0.07451       
# span 3 =     0.5198,     4.4708       
# span 4 =     31.186,    268.247       
# span 5 =      1.006,    169.632       
# span 6 =  51413.437,  51920.780       
# span 7 =    31.6609,    31.8979       
# span 8 =     3.1606,     4.3209       
# span 9 =      1.000,    168.000       
# span 10 =     3.4100,     4.3097      
# span 11 =    25.1691,    25.3949      
# span 12 =     5.6027,     6.9770      
# span 13 =     8.0069,     9.9708      
# span 14 =     74.759,     93.385      
# span 15 =    244.069,    303.935      
# span 16 =    250.218,    311.592      
# span 17 =   -0.01103,    0.06102      
# span 18 =    7.34409,    7.55322      
# span 19 =   10.49545,   10.79430      
# span 20 =  319.91496,  328.97610      
# span 21 =   16.42735,   16.85784      
# span 22 = 3.6170e-02, 8.4294e+01      
# span 23 =     0.3778,     0.5622      
# span 24 =     0.2538,     3.5985      
# span 25 =    55.8152,    93.8515      
# span 26 = 0.0000e+00, 0.0000e+00      
# interval = meters: 1                  
# start_time = Feb 06 2020 12:16:32 [Instrument's time stamp, header]
# bad_flag = -9.990e-29
*END*
        126  37.511842    0.00867     0.5198     31.186      1.006  51920.780    31.8979     3.1606      1.000     3.4100    25.3949     5.9824     8.5494     79.166    260.556    267.173   -0.00642    7.55322   10.79430  328.97610   16.85784 8.4294e+01     0.4432     3.5985    55.8152 0.0000e+00
        233  37.512153    0.01611     0.9666     57.996      2.016  51464.524    31.6823     3.5345      2.000     3.5663    25.1910     5.6027     8.0069     74.759    244.069    250.218   -0.01103    7.49394   10.70959  326.45598   16.73897 8.3224e+01     0.4101     0.5087    90.1998 0.0000e+00
        244  37.512184    0.01685     1.0106     60.636      3.029  51413.437    31.6609     3.5898      3.000     3.5982    25.1691     5.7669     8.2414     77.048    251.227    257.550    0.00307    7.48474   10.69645  326.06185   16.72032 7.0460e+01     0.4011     0.3094    92.5569 0.0000e+00
        248  37.512196    0.01715     1.0293     61.761      4.036  51446.504    31.6882     3.6112      4.000     3.6198    25.1889     6.3122     9.0207     84.394    274.976    281.902    0.04139    7.47944   10.68887  325.82470   16.70893 6.0151e+01     0.4144     0.3076    92.5988 0.0000e+00
        253  37.512210    0.01747     1.0483     62.896      5.054  51438.195    31.6857     3.6260      5.000     3.6288    25.1855     6.7139     9.5947     89.796    292.475    299.841    0.06069    7.47684   10.68516  325.71256   16.70361 5.0906e+01     0.4280     0.3051    92.6560 0.0000e+00
        256  37.512220    0.01773     1.0639     63.832      6.049  51445.335    31.6914     3.6313      6.000     3.6381    25.1896     6.8950     9.8536     92.233    300.363    307.929    0.06102    7.47558   10.68336  325.65648   16.70092 4.6680e+01     0.4498     0.3050    92.6583 0.0000e+00
        261  37.512234    0.01806     1.0837     65.019      7.069  51448.852    31.6987     3.6531      7.000     3.6594    25.1934     6.9770     9.9708     93.385    303.935    311.592    0.05116    7.47121   10.67711  325.46494   16.69179 4.3651e+01     0.4692     0.3022    92.7213 0.0000e+00
        266  37.512247    0.01839     1.1033     66.199      8.075  51450.056    31.7014     3.6628      8.000     3.6704    25.1947     6.9437     9.9231     92.962    302.482    310.103    0.03521    7.46929   10.67436  325.38074   16.68778 4.0341e+01     0.4903     0.3006    92.7596 0.0000e+00
        270  37.512261    0.01871     1.1227     67.364      9.088  51448.928    31.7061     3.6871      9.000     3.6925    25.1962     6.8991     9.8596     92.425    300.544    308.117    0.02254    7.46460   10.66767  325.17604   16.67803 3.6147e+01     0.5145     0.3025    92.7169 0.0000e+00
        275  37.512273    0.01900     1.1401     68.407     10.088  51434.924    31.6977     3.6936     10.000     3.6927    25.1889     6.8848     9.8391     92.243    299.923    307.477    0.01605    7.46385   10.66659  325.14567   16.67662 3.2707e+01     0.5278     0.3060    92.6367 0.0000e+00
        280  37.512290    0.01939     1.1636     69.818     11.108  51432.466    31.6950     3.6917     11.000     3.6888    25.1870     6.8573     9.7998     91.868    298.724    306.248    0.00902    7.46432   10.66727  325.16677   16.67763 2.9985e+01     0.5444     0.3041    92.6791 0.0000e+00
        285  37.512304    0.01973     1.1840     71.038     12.113  51436.028    31.6952     3.6847     12.000     3.6819    25.1877     6.8315     9.7628     91.505    297.597    305.093    0.00439    7.46561   10.66910  325.22236   16.68028 2.6725e+01     0.5496     0.3139    92.4526 0.0000e+00
        290  37.512317    0.02006     1.2037     72.223     13.118  51437.752    31.6949     3.6808     13.000     3.6782    25.1879     6.8281     9.7580     91.452    297.450    304.943    0.00273    7.46632   10.67012  325.25355   16.68176 2.3918e+01     0.5622     0.3209    92.2903 0.0000e+00
        296  37.512334    0.02047     1.2281     73.688     14.135  51440.544    31.6952     3.6767     14.000     3.6751    25.1885     6.8216     9.7488     91.356    297.168    304.654    0.00136    7.46706   10.67117  325.28543   16.68327 2.1477e+01     0.5340     0.3200    92.3105 0.0000e+00
        301  37.512349    0.02082     1.2496     74.974     15.142  51441.922    31.6949     3.6737     15.000     3.6722    25.1886     6.8172     9.7424     91.290    296.975    304.456    0.00045    7.46763   10.67199  325.31006   16.68445 1.9127e+01     0.5392     0.3198    92.3152 0.0000e+00
        306  37.512364    0.02117     1.2703     76.218     16.150  51449.491    31.6999     3.6751     16.000     3.6766    25.1924     6.8147     9.7389     91.263    296.866    304.345    0.00016    7.46712   10.67126  325.28678   16.68332 1.7065e+01     0.5459     0.3205    92.2991 0.0000e+00
        311  37.512379    0.02155     1.2931     77.588     17.166  51448.897    31.7006     3.6815     17.000     3.6822    25.1924     6.8183     9.7440     91.326    297.023    304.505    0.00040    7.46592   10.66954  325.23430   16.68082 1.5240e+01     0.5466     0.3218    92.2698 0.0000e+00
        316  37.512392    0.02186     1.3115     78.689     18.168  51447.195    31.7000     3.6860     18.000     3.6853    25.1915     6.8133     9.7368     91.268    296.804    304.281   -0.00006    7.46512   10.66839  325.19978   16.67918 1.3554e+01     0.5340     0.3277    92.1337 0.0000e+00
        320  37.512405    0.02216     1.3300     79.802     19.184  51443.503    31.6964     3.6837     19.000     3.6813    25.1889     6.8120     9.7349     91.243    296.747    304.221   -0.00029    7.46571   10.66924  325.22648   16.68047 1.2089e+01     0.5487     0.3288    92.1093 0.0000e+00
        324  37.512417    0.02245     1.3470     80.820     20.184  51451.566    31.7012     3.6831     20.000     3.6841    25.1928     6.8092     9.7311     91.208    296.628    304.101   -0.00042    7.46560   10.66909  325.22064   16.68017 1.0793e+01     0.5385     0.3283    92.1196 0.0000e+00
        329  37.512432    0.02281     1.3682     82.093     21.207  51449.264    31.7006     3.6889     21.000     3.6886    25.1917     6.8144     9.7385     91.290    296.853    304.332   -0.00001    7.46456   10.66760  325.17541   16.67802 9.6470e+00     0.5298     0.3265    92.1625 0.0000e+00
        333  37.512443    0.02309     1.3850     83.100     22.204  51451.899    31.7027     3.6922     22.000     3.6920    25.1931     6.8200     9.7465     91.373    297.095    304.580    0.00042    7.46385   10.66659  325.14400   16.67652 8.5679e+00     0.5415     0.3304    92.0722 0.0000e+00
        338  37.512457    0.02340     1.4044     84.267     23.220  51440.120    31.6941     3.6918     23.000     3.6868    25.1863     6.8175     9.7429     91.334    296.990    304.470    0.00013    7.46435   10.66730  325.16809   16.67770 7.6527e+00     0.5322     0.3289    92.1070 0.0000e+00
        343  37.512470    0.02373     1.4237     85.423     24.227  51445.496    31.6948     3.6821     24.000     3.6783    25.1878     6.8101     9.7324     91.214    296.668    304.141   -0.00069    7.46610   10.66980  325.24374   16.68129 6.7964e+00     0.5435     0.3252    92.1928 0.0000e+00
        347  37.512484    0.02406     1.4435     86.612     25.239  51464.753    31.7069     3.6801     25.000     3.6843    25.1976     6.8122     9.7352     91.244    296.753    304.230   -0.00047    7.46585   10.66944  325.22961   16.68057 6.0788e+00     0.5331     0.3217    92.2719 0.0000e+00
        352  37.512497    0.02438     1.4629     87.772     26.244  51473.509    31.7170     3.6991     26.000     3.7098    25.2039     6.8207     9.7475     91.408    297.127    304.616    0.00052    7.46186   10.66374  325.05405   16.67219 5.4210e+00     0.5344     0.3248    92.2010 0.0000e+00
        357  37.512512    0.02474     1.4844     89.063     27.259  51450.009    31.7070     3.7256     27.000     3.7250    25.1935     6.8213     9.7484     91.469    297.153    304.640    0.00068    7.45754   10.65756  324.86896   16.66342 4.8393e+00     0.5351     0.3250    92.1969 0.0000e+00
        362  37.512526    0.02507     1.5042     90.250     28.259  51442.328    31.7013     3.7255     28.000     3.7202    25.1890     6.8172     9.7425     91.410    296.975    304.456    0.00016    7.45783   10.65799  324.88329   16.66413 4.2988e+00     0.5282     0.3288    92.1081 0.0000e+00
        368  37.512545    0.02551     1.5308     91.846     29.288  51456.908    31.7089     3.7181     29.000     3.7199    25.1957     6.8093     9.7311     91.292    296.628    304.102   -0.00058    7.45879   10.65935  324.92268   16.66597 3.8371e+00     0.5148     0.3259    92.1762 0.0000e+00
        373  37.512557    0.02581     1.5487     92.923     30.277  51467.320    31.7191     3.7328     30.000     3.7401    25.2025     6.8080     9.7293     91.314    296.571    304.045   -0.00044    7.45560   10.65480  324.78193   16.65924 3.4019e+00     0.5175     0.3309    92.0608 0.0000e+00
        378  37.512573    0.02620     1.5721     94.328     31.303  51442.822    31.7065     3.7516     31.000     3.7483    25.1907     6.8189     9.7449     91.494    297.049    304.532    0.00070    7.45281   10.65081  324.66404   16.65369 3.0314e+00     0.5197     0.3283    92.1200 0.0000e+00
        382  37.512585    0.02649     1.5893     95.357     32.302  51452.484    31.7117     3.7479     32.000     3.7486    25.1951     6.8099     9.7319     91.368    296.654    304.128   -0.00022    7.45323   10.65140  324.68062   16.65445 2.6911e+00     0.5182     0.3301    92.0780 0.0000e+00
        387  37.512598    0.02680     1.6078     96.468     33.313  51457.634    31.7173     3.7584     33.000     3.7610    25.1986     6.7981     9.7152     91.237    296.140    303.603   -0.00090    7.45101   10.64824  324.58321   16.64980 2.4070e+00     0.5140     0.3355    91.9540 0.0000e+00
        392  37.512612    0.02713     1.6281     97.686     34.326  51431.131    31.6998     3.7631     34.000     3.7540    25.1843     6.7943     9.7098     91.187    295.982    303.436   -0.00101    7.45103   10.64826  324.58824   16.65011 2.1386e+00     0.5036     0.3321    92.0326 0.0000e+00
        396  37.512625    0.02744     1.6464     98.784     35.334  51444.518    31.7051     3.7493     35.000     3.7443    25.1898     6.7924     9.7070     91.133    295.894    303.348   -0.00109    7.45328   10.65149  324.68500   16.65469 1.9043e+00     0.5133     0.3308    92.0614 0.0000e+00
        400  37.512637    0.02774     1.6640     99.840     36.340  51480.321    31.7287     3.7487     36.000     3.7630    25.2087     6.7945     9.7100     91.174    295.980    303.441   -0.00075    7.45220   10.64995  324.63195   16.65208 1.6975e+00     0.5116     0.3336    91.9984 0.0000e+00
        405  37.512651    0.02806     1.6837    101.019     37.353  51468.835    31.7310     3.7915     37.000     3.8006    25.2065     6.8102     9.7324     91.481    296.663    304.140    0.00100    7.44428   10.63862  324.28754   16.63569 1.5148e+00     0.5032     0.3397    91.8580 0.0000e+00
        410  37.512664    0.02837     1.7021    102.127     38.366  51449.897    31.7218     3.8089     38.000     3.8116    25.1975     6.8186     9.7444     91.628    297.032    304.517    0.00172    7.44158   10.63476  324.17258   16.63026 1.3425e+00     0.4898     0.3437    91.7648 0.0000e+00
        414  37.512676    0.02866     1.7194    103.165     39.364  51452.622    31.7268     3.8239     39.000     3.8267    25.2001     6.8007     9.7189     91.424    296.252    303.718    0.00014    7.43861   10.63051  324.04235   16.62405 1.2007e+00     0.4901     0.3453    91.7286 0.0000e+00
        419  37.512691    0.02904     1.7423    104.541     40.392  51451.498    31.7280     3.8340     40.000     3.8373    25.2001     6.7847     9.6960     91.232    295.556    303.004   -0.00098    7.43670   10.62779  323.95940   16.62010 1.0652e+00     0.4702     0.3435    91.7705 0.0000e+00
        423  37.512703    0.02931     1.7586    105.517     41.383  51463.539    31.7400     3.8516     41.000     3.8608    25.2080     6.7791     9.6880     91.204    295.311    302.754   -0.00097    7.43290   10.62236  323.79120   16.61206 9.4777e-01     0.4602     0.3492    91.6399 0.0000e+00
        429  37.512719    0.02969     1.7814    106.882     42.408  51449.117    31.7368     3.8808     42.000     3.8845    25.2028     6.7825     9.6928     91.312    295.459    302.906   -0.00016    7.42776   10.61501  323.56891   16.60149 8.4610e-01     0.4525     0.3405    91.8389 0.0000e+00
        433  37.512733    0.03003     1.8016    108.097     43.408  51440.818    31.7336     3.8930     43.000     3.8934    25.1990     6.7810     9.6907     91.317    295.394    302.837   -0.00009    7.42571   10.61207  323.48062   16.59731 7.5322e-01     0.4512     0.3416    91.8141 0.0000e+00
        438  37.512747    0.03038     1.8227    109.363     44.421  51440.583    31.7343     3.8989     44.000     3.8993    25.1991     6.7767     9.6846     91.273    295.209    302.648   -0.00034    7.42460   10.61049  323.43217   16.59500 6.7073e-01     0.4429     0.3350    91.9665 0.0000e+00
        444  37.512762    0.03073     1.8439    110.637     45.428  51441.412    31.7367     3.9084     45.000     3.9086    25.2001     6.7681     9.6722     91.180    294.832    302.262   -0.00080    7.42276   10.60787  323.35221   16.59119 5.9940e-01     0.4403     0.3325    92.0250 0.0000e+00
        449  37.512778    0.03110     1.8661    111.965     46.448  51438.473    31.7359     3.9155     46.000     3.9147    25.1987     6.7694     9.6742     91.214    294.893    302.323   -0.00039    7.42151   10.60609  323.29805   16.58862 5.3195e-01     0.4302     0.3285    92.1168 0.0000e+00
        453  37.512788    0.03136     1.8816    112.894     47.442  51439.271    31.7370     3.9198     47.000     3.9183    25.1992     6.7689     9.6734     91.216    294.868    302.299   -0.00043    7.42068   10.60490  323.26169   16.58689 4.7578e-01     0.4439     0.3324    92.0265 0.0000e+00
        457  37.512802    0.03169     1.9009    114.056     48.462  51436.979    31.7356     3.9225     48.000     3.9203    25.1979     6.7748     9.6819     91.302    295.127    302.564    0.00012    7.42026   10.60428  323.24342   16.58602 4.2593e-01     0.4305     0.3307    92.0648 0.0000e+00
        462  37.512814    0.03198     1.9192    115.152     49.466  51439.016    31.7369     3.9246     49.000     3.9235    25.1988     6.7750     9.6821     91.309    295.133    302.570    0.00010    7.41981   10.60365  323.22386   16.58509 3.8113e-01     0.4265     0.3307    92.0641 0.0000e+00
        466  37.512828    0.03231     1.9384    116.306     50.481  51446.998    31.7435     3.9313     50.000     3.9349    25.2034     6.7717     9.6774     91.284    294.990    302.425   -0.00015    7.41826   10.60144  323.15500   16.58179 3.4125e-01     0.4301     0.3264    92.1640 0.0000e+00
        470  37.512840    0.03260     1.9561    117.366     51.485  51487.747    31.7770     3.9573     51.000     3.9792    25.2276     6.7730     9.6793     91.380    295.040    302.482    0.00032    7.41188   10.59232  322.86966   16.56809 3.0548e-01     0.4336     0.3238    92.2238 0.0000e+00
        475  37.512853    0.03292     1.9749    118.496     52.495  51436.070    31.7516     4.0002     52.000     4.0009    25.2032     6.7811     9.6908     91.569    295.397    302.842    0.00126    7.40542   10.58308  322.59537   16.55514 2.7500e-01     0.4304     0.3015    92.7396 0.0000e+00
        480  37.512868    0.03327     1.9964    119.782     53.511  51427.087    31.7462     4.0051     53.000     4.0016    25.1984     6.7786     9.6872     91.543    295.289    302.730    0.00074    7.40479   10.58218  322.56955   16.55394 2.4793e-01     0.4294     0.2912    92.9774 0.0000e+00
