CTD-processing/allCTD/CNV/2020_09-21_t4_s01_cast037_4141.cnv
* Sea-Bird SBE19plus Data File:
* FileName = E:\2020_09-21_T4\2020_09-21_T4_S0_cast037.hex
* Software Version 1.59
* Temperature SN =  4141
* Conductivity SN =  4141
* System UpLoad Time = Sep 22 2020 15:19:29
** Cook Inlet LTM T4
** Date: 2020_09-21
** Station:S01
** Start Time: (AKDT):11:51
** Depth (m):15
** Comment:
** Comment:
# nquan = 27
# nvalues = 13                          
# units = specified
# name 0 = scan: Scan Count
# name 1 = timeJ: Julian Days
# name 2 = timeH: Time, Elapsed [hours]
# name 3 = timeM: Time, Elapsed [minutes]
# name 4 = timeS: Time, Elapsed [seconds]
# name 5 = prdM: Pressure, Strain Gauge [db]
# name 6 = specc: Specific Conductance [uS/cm]
# name 7 = sal00: Salinity, Practical [PSU]
# name 8 = tv290C: Temperature [ITS-90, deg C]
# name 9 = depSM: Depth [salt water, m], lat = 59.00
# name 10 = potemp090C: Potential Temperature [ITS-90, deg C]
# name 11 = sigma-é00: Density [sigma-theta, kg/m^3]
# name 12 = sbeox0ML/L: Oxygen, SBE 43 [ml/l]
# name 13 = sbeox0Mg/L: Oxygen, SBE 43 [mg/l]
# name 14 = sbeox0PS: Oxygen, SBE 43 [% saturation]
# name 15 = sbox0Mm/Kg: Oxygen, SBE 43 [umol/kg]
# name 16 = sbeox0Mm/L: Oxygen, SBE 43 [umol/l]
# name 17 = sbox0dV/dT: Oxygen, SBE 43 [dov/dt]
# name 18 = oxsolML/L: Oxygen Saturation, Garcia & Gordon [ml/l]
# name 19 = oxsolMg/L: Oxygen Saturation, Garcia & Gordon [mg/l]
# name 20 = oxsolMm/Kg: Oxygen Saturation, Garcia & Gordon [umol/kg]
# name 21 = n2satMg/L: Nitrogen Saturation [mg/l]
# name 22 = par: PAR/Irradiance, Biospherical/Licor
# name 23 = wetStar: Fluorescence, WET Labs WETstar [mg/m^3]
# name 24 = CStarAt0: Beam Attenuation, WET Labs C-Star [1/m]
# name 25 = CStarTr0: Beam Transmission, WET Labs C-Star [%]
# name 26 = flag: flag
# span 0 =        290,        347       
# span 1 = 265.494747, 265.494914       
# span 2 =    0.02005,    0.02402       
# span 3 =     1.2030,     1.4413       
# span 4 =     72.182,     86.476       
# span 5 =      1.011,     13.013       
# span 6 =  47981.797,  48105.703       
# span 7 =    30.5468,    30.6295       
# span 8 =    10.9569,    10.9722       
# span 9 =      1.000,     13.000       
# span 10 =    10.9557,    10.9715      
# span 11 =    23.3161,    23.3821      
# span 12 =     3.4293,     3.4631      
# span 13 =     4.9008,     4.9492      
# span 14 =     53.896,     54.447      
# span 15 =    149.662,    151.129      
# span 16 =    153.151,    154.663      
# span 17 =    0.00016,    0.00170      
# span 18 =    6.35986,    6.36276      
# span 19 =    9.08889,    9.09301      
# span 20 =  277.54541,  277.68614      
# span 21 =   14.41050,   14.41751      
# span 22 = 8.1788e+00, 9.9430e+01      
# span 23 =     1.5044,     2.0202      
# span 24 =     0.4508,     0.5167      
# span 25 =    87.8831,    89.3417      
# span 26 = 0.0000e+00, 0.0000e+00      
# interval = meters: 1                  
# start_time = Sep 21 2020 11:51:14 [Instrument's time stamp, header]
# bad_flag = -9.990e-29
*END*
        290 265.494747    0.02005     1.2030     72.182      1.011  47981.797    30.5468    10.9652      1.000    10.9675    23.3161     3.4293     4.9008     53.896    149.662    153.151    0.00112    6.36276    9.09301  277.68614   14.41751 9.9430e+01     1.6769     0.4508    89.3417 0.0000e+00
        295 265.494763    0.02042     1.2249     73.493      2.022  48020.885    30.5746    10.9707      2.000    10.9713    23.3368     3.4342     4.9078     53.989    149.873    153.370    0.00115    6.36087    9.09032  277.59839   14.41320 6.9967e+01     1.5044     0.4667    88.9884 0.0000e+00
        299 265.494775    0.02071     1.2429     74.577      3.034  48040.934    30.5885    10.9722      3.000    10.9715    23.3474     3.4421     4.9191     54.121    150.217    153.725    0.00170    6.36011    9.08924  277.56233   14.41141 5.0499e+01     1.8244     0.4785    88.7249 0.0000e+00
        304 265.494788    0.02101     1.2605     75.632      4.034  48059.693    30.6011    10.9701      4.000    10.9678    23.3576     3.4430     4.9205     54.137    150.256    153.766    0.00133    6.35990    9.08894  277.55029   14.41079 4.1366e+01     1.8635     0.4983    88.2879 0.0000e+00
        308 265.494801    0.02134     1.2801     76.804      5.058  48081.717    30.6158    10.9659      5.000    10.9626    23.3698     3.4433     4.9208     54.141    150.266    153.778    0.00076    6.35986    9.08889  277.54541   14.41050 3.3597e+01     1.9179     0.5040    88.1623 0.0000e+00
        311 265.494810    0.02156     1.2937     77.623      6.045  48102.030    30.6292    10.9613      6.000    10.9585    23.3810     3.4470     4.9262     54.199    150.427    153.944    0.00095    6.35996    9.08903  277.54679   14.41051 2.7953e+01     1.9513     0.5127    87.9700 0.0000e+00
        317 265.494825    0.02191     1.3146     78.878      7.068  48103.387    30.6294    10.9579      7.000    10.9564    23.3818     3.4523     4.9337     54.278    150.658    154.180    0.00106    6.36042    9.08968  277.56651   14.41145 2.3462e+01     2.0202     0.5167    87.8831 0.0000e+00
        321 265.494839    0.02223     1.3342     80.050      8.083  48104.296    30.6295    10.9570      8.000    10.9560    23.3821     3.4569     4.9402     54.349    150.858    154.385    0.00128    6.36054    9.08984  277.57142   14.41169 1.9625e+01     1.7803     0.5071    88.0940 0.0000e+00
        325 265.494851    0.02252     1.3514     81.086      9.080  48104.238    30.6291    10.9569      9.000    10.9558    23.3817     3.4550     4.9375     54.318    150.774    154.299    0.00059    6.36057    9.08988  277.57278   14.41175 1.6351e+01     1.6670     0.5082    88.0691 0.0000e+00
        330 265.494865    0.02288     1.3726     82.356     10.096  48104.382    30.6288    10.9569     10.000    10.9557    23.3815     3.4605     4.9454     54.406    151.015    154.546    0.00089    6.36058    9.08991  277.57359   14.41180 1.3749e+01     1.7945     0.5087    88.0583 0.0000e+00
        335 265.494878    0.02320     1.3918     83.508     11.103  48105.703    30.6293    10.9570     11.000    10.9558    23.3819     3.4606     4.9455     54.407    151.018    154.549    0.00062    6.36054    9.08984  277.57152   14.41169 1.1420e+01     1.8233     0.5154    87.9094 0.0000e+00
        340 265.494894    0.02356     1.4140     84.839     12.107  48105.625    30.6289    10.9571     12.000    10.9558    23.3815     3.4617     4.9472     54.425    151.068    154.600    0.00047    6.36054    9.08985  277.57167   14.41170 9.5683e+00     1.8921     0.5080    88.0755 0.0000e+00
        347 265.494914    0.02402     1.4413     86.476     13.013  48105.422    30.6282    10.9574     13.000 -9.990e-29    23.3813     3.4631     4.9492     54.447    151.129    154.663    0.00016    6.36054    9.08985  277.57185   14.41172 8.1788e+00     1.6705     0.5053    88.1322 0.0000e+00
