CTD-processing/allCTD/CNV/2020_03-18_t9-09_cast059_4141.cnv
* Sea-Bird SBE19plus Data File:
* FileName = C:\Users\Chris\Desktop\EVOSTC GWA LTM\CTD Data\2020_03-18_T9\2020_03-18_T9-0_Cast059.hex
* Software Version 1.59
* Temperature SN =  4141
* Conductivity SN =  4141
* System UpLoad Time = Mar 23 2020 14:27:00
** Cook Inlet LTM T9
** Date: 2020_03_18
** Station:9-9
** Start Time: (AKDT):15:40
** Depth (m):78
** Comment:
** Comment:
# nquan = 27
# nvalues = 76                          
# units = specified
# name 0 = scan: Scan Count
# name 1 = timeJ: Julian Days
# name 2 = timeH: Time, Elapsed [hours]
# name 3 = timeM: Time, Elapsed [minutes]
# name 4 = timeS: Time, Elapsed [seconds]
# name 5 = prdM: Pressure, Strain Gauge [db]
# name 6 = specc: Specific Conductance [uS/cm]
# name 7 = sal00: Salinity, Practical [PSU]
# name 8 = tv290C: Temperature [ITS-90, deg C]
# name 9 = depSM: Depth [salt water, m], lat = 59.00
# name 10 = potemp090C: Potential Temperature [ITS-90, deg C]
# name 11 = sigma-é00: Density [sigma-theta, kg/m^3]
# name 12 = sbeox0ML/L: Oxygen, SBE 43 [ml/l]
# name 13 = sbeox0Mg/L: Oxygen, SBE 43 [mg/l]
# name 14 = sbeox0PS: Oxygen, SBE 43 [% saturation]
# name 15 = sbox0Mm/Kg: Oxygen, SBE 43 [umol/kg]
# name 16 = sbeox0Mm/L: Oxygen, SBE 43 [umol/l]
# name 17 = sbox0dV/dT: Oxygen, SBE 43 [dov/dt]
# name 18 = oxsolML/L: Oxygen Saturation, Garcia & Gordon [ml/l]
# name 19 = oxsolMg/L: Oxygen Saturation, Garcia & Gordon [mg/l]
# name 20 = oxsolMm/Kg: Oxygen Saturation, Garcia & Gordon [umol/kg]
# name 21 = n2satMg/L: Nitrogen Saturation [mg/l]
# name 22 = par: PAR/Irradiance, Biospherical/Licor
# name 23 = wetStar: Fluorescence, WET Labs WETstar [mg/m^3]
# name 24 = CStarAt0: Beam Attenuation, WET Labs C-Star [1/m]
# name 25 = CStarTr0: Beam Transmission, WET Labs C-Star [%]
# name 26 = flag: flag
# span 0 =        143,        598       
# span 1 =  78.653375,  78.654690       
# span 2 =    0.00990,    0.04148       
# span 3 =     0.5937,     2.4884       
# span 4 =     35.625,    149.306       
# span 5 =      1.005,     76.693       
# span 6 =  51381.140,  52041.934       
# span 7 =    31.0911,    31.8062       
# span 8 =     1.4166,     2.9716       
# span 9 =      1.000,     76.000       
# span 10 =     1.4162,     2.9674      
# span 11 =    24.8685,    25.3463      
# span 12 =     7.0720,     7.5532      
# span 13 =    10.1065,    10.7943      
# span 14 =     90.548,     95.475      
# span 15 =    308.036,    329.082      
# span 16 =    315.834,    337.328      
# span 17 =   -0.00495,    0.00360      
# span 18 =    7.59403,    7.92509      
# span 19 =   10.85264,   11.32574      
# span 20 =  330.77607,  345.29273      
# span 21 =   16.94390,   17.63497      
# span 22 = 3.6170e-02, 6.7196e+01      
# span 23 =     0.2210,     0.5299      
# span 24 =     0.5910,     5.2570      
# span 25 =    42.7132,    86.2635      
# span 26 = 0.0000e+00, 0.0000e+00      
# interval = meters: 1                  
# start_time = Mar 18 2020 15:40:16 [Instrument's time stamp, header]
# bad_flag = -9.990e-29
*END*
[from data line 54]
        506  78.654424    0.03507     2.1042    126.255     55.519  51867.663    31.7009     2.6715     55.000     2.6726    25.2792     7.1497    10.2177     93.400    311.434    319.307    0.00020    7.65496   10.93970  333.44118   17.07079 3.6179e-02     0.4392     0.7931    82.0147 0.0000e+00
        511  78.654440    0.03544     2.1265    127.591     56.538  51871.143    31.7052     2.6806     56.000     2.6840    25.2819     7.1476    10.2146     93.396    311.340    319.211    0.00011    7.65300   10.93690  333.35502   17.06668 3.6170e-02     0.4235     0.7804    82.2750 0.0000e+00
        516  78.654454    0.03579     2.1474    128.843     57.548  51874.100    31.7128     2.7027     57.000     2.7066    25.2862     7.1434    10.2085     93.397    311.155    319.023   -0.00005    7.64837   10.93029  333.15216   17.05702 3.6170e-02     0.4040     0.7715    82.4583 0.0000e+00
        521  78.654466    0.03608     2.1649    129.895     58.555  51859.682    31.7051     2.7124     58.000     2.7102    25.2794     7.1458    10.2120     93.446    311.261    319.130    0.00030    7.64692   10.92821  333.09109   17.05415 3.6170e-02     0.4028     0.6584    84.8224 0.0000e+00
        525  78.654478    0.03637     2.1822    130.934     59.574  51863.751    31.7078     2.7139     59.000     2.7146    25.2814     7.1400    10.2038     93.376    311.010    318.873   -0.00027    7.64648   10.92759  333.07129   17.05319 3.6170e-02     0.4076     0.6519    84.9608 0.0000e+00
        528  78.654488    0.03659     2.1955    131.731     60.565  51904.260    31.7378     2.7258     60.000     2.7410    25.3044     7.1356    10.1976     93.366    310.815    318.679   -0.00025    7.64267   10.92214  332.89778   17.04483 3.6170e-02     0.4179     0.6381    85.2556 0.0000e+00
        532  78.654501    0.03690     2.2142    132.851     61.580  51881.213    31.7311     2.7601     61.000     2.7660    25.2963     7.1424    10.2072     93.530    311.110    318.980    0.00050    7.63647   10.91327  332.63029   17.03216 3.6170e-02     0.4445     0.6160    85.7274 0.0000e+00
        538  78.654517    0.03730     2.2381    134.287     62.598  51865.203    31.7250     2.7792     62.000     2.7782    25.2899     7.1424    10.2073     93.571    311.112    318.981    0.00063    7.63314   10.90852  332.48740   17.02539 3.6170e-02     0.4440     0.5973    86.1292 0.0000e+00
        543  78.654531    0.03765     2.2587    135.523     63.613  51874.422    31.7325     2.7861     63.000     2.7880    25.2954     7.1336    10.1946     93.475    310.723    318.583   -0.00018    7.63144   10.90609  332.41163   17.02176 3.6170e-02     0.4320     0.5910    86.2635 0.0000e+00
        547  78.654542    0.03789     2.2734    136.406     64.619  51909.325    31.7601     2.8028     64.000     2.8193    25.3161     7.1296    10.1889     93.480    310.546    318.408   -0.00015    7.62683   10.89950  332.20408   17.01179 3.6170e-02     0.4511     0.5961    86.1557 0.0000e+00
        550  78.654551    0.03810     2.2860    137.159     65.623  51915.619    31.7722     2.8336     65.000     2.8535    25.3232     7.1354    10.1973     93.637    310.799    318.670    0.00055    7.62035   10.89024  331.91956   16.99823 3.6170e-02     0.4680     0.6246    85.5444 0.0000e+00
        553  78.654560    0.03833     2.2998    137.987     66.618  51947.193    31.8062     2.8824     66.000     2.9112    25.3463     7.1442    10.2098     93.888    311.174    319.060    0.00181    7.60933   10.87449  331.43199   16.97494 3.6170e-02     0.4757     0.6874    84.2142 0.0000e+00
        559  78.654578    0.03876     2.3254    139.524     67.647  51872.520    31.7714     2.9425     67.000     2.9421    25.3136     7.1380    10.2009     93.924    310.911    318.782    0.00154    7.59975   10.86080  331.02532   16.95575 3.6170e-02     0.4807     0.7424    83.0605 0.0000e+00
        565  78.654594    0.03914     2.3485    140.908     68.661  51885.683    31.7832     2.9555     68.000     2.9587    25.3220     7.1044    10.1529     93.520    309.446    317.282   -0.00106    7.59669   10.85643  330.88925   16.94924 3.6170e-02     0.5194     0.7554    82.7914 0.0000e+00
        568  78.654605    0.03940     2.3642    141.852     69.671  51870.620    31.7752     2.9655     69.000     2.9626    25.3148     7.0908    10.1335     93.360    308.858    316.677   -0.00183    7.59521   10.85431  330.82732   16.94634 3.6170e-02     0.4927     0.7947    81.9826 0.0000e+00
        571  78.654613    0.03961     2.3767    142.601     70.669  51870.732    31.7752     2.9670     70.000     2.9636    25.3147     7.0916    10.1345     93.372    308.889    316.709   -0.00146    7.59493   10.85391  330.81506   16.94575 3.6170e-02     0.4591     0.8192    81.4796 0.0000e+00
        575  78.654624    0.03985     2.3913    143.480     71.673  51870.886    31.7748     2.9674     71.000     2.9639    25.3143     7.0820    10.1210     93.247    308.476    316.285   -0.00185    7.59487   10.85383  330.81269   16.94564 3.6170e-02     0.5154     0.8015    81.8422 0.0000e+00
        580  78.654639    0.04022     2.4133    144.797     72.691  51871.188    31.7749     2.9690     72.000     2.9653    25.3142     7.0790    10.1165     93.211    308.342    316.147   -0.00162    7.59456   10.85339  330.79925   16.94499 3.6170e-02     0.4926     0.7795    82.2942 0.0000e+00
        586  78.654656    0.04062     2.4372    146.230     73.705  51871.572    31.7749     2.9698     73.000     2.9660    25.3142     7.0753    10.1113     93.165    308.182    315.984   -0.00137    7.59442   10.85319  330.79311   16.94471 3.6170e-02     0.5085     0.7738    82.4105 0.0000e+00
        591  78.654669    0.04094     2.4565    147.391     74.716  51873.287    31.7758     2.9708     74.000     2.9671    25.3148     7.0720    10.1065     93.123    308.036    315.834   -0.00134    7.59419   10.85287  330.78306   16.94423 3.6170e-02     0.5299     0.7840    82.2018 0.0000e+00
        594  78.654680    0.04121     2.4726    148.355     75.722  51873.507    31.7755     2.9714     75.000     2.9672    25.3146     7.0794    10.1171     93.221    308.357    316.164   -0.00060    7.59409   10.85272  330.77875   16.94402 3.6170e-02     0.5111     0.8017    81.8388 0.0000e+00
        598  78.654690    0.04148     2.4884    149.306     76.693  51874.560    31.7758     2.9716     76.000     2.9674    25.3149     7.0799    10.1180     93.230    308.384    316.189   -0.00037    7.59403   10.85264  330.77607   16.94390 3.6170e-02     0.5042     0.8101    81.6669 0.0000e+00
