CTD-processing/allCTD/CNV/2020_07-08_alongbay_skb06_cast092_4141.cnv
* Sea-Bird SBE19plus Data File:
* FileName = E:\2020_07-08_AlongBay\2020_07-08_AlongBay_KB_Cast092.hex
* Software Version 1.59
* Temperature SN =  4141
* Conductivity SN =  4141
* System UpLoad Time = Jul 16 2020 14:14:20
** Cook Inlet LTM AlongBay
** Date: 2020_07_08
** Station:06
** Start Time: (AKDT):16:54
** Depth (m):104
** Comment:
** Comment:
# nquan = 27
# nvalues = 101                         
# units = specified
# name 0 = scan: Scan Count
# name 1 = timeJ: Julian Days
# name 2 = timeH: Time, Elapsed [hours]
# name 3 = timeM: Time, Elapsed [minutes]
# name 4 = timeS: Time, Elapsed [seconds]
# name 5 = prdM: Pressure, Strain Gauge [db]
# name 6 = specc: Specific Conductance [uS/cm]
# name 7 = sal00: Salinity, Practical [PSU]
# name 8 = tv290C: Temperature [ITS-90, deg C]
# name 9 = depSM: Depth [salt water, m], lat = 59.00
# name 10 = potemp090C: Potential Temperature [ITS-90, deg C]
# name 11 = sigma-é00: Density [sigma-theta, kg/m^3]
# name 12 = sbeox0ML/L: Oxygen, SBE 43 [ml/l]
# name 13 = sbeox0Mg/L: Oxygen, SBE 43 [mg/l]
# name 14 = sbeox0PS: Oxygen, SBE 43 [% saturation]
# name 15 = sbox0Mm/Kg: Oxygen, SBE 43 [umol/kg]
# name 16 = sbeox0Mm/L: Oxygen, SBE 43 [umol/l]
# name 17 = sbox0dV/dT: Oxygen, SBE 43 [dov/dt]
# name 18 = oxsolML/L: Oxygen Saturation, Garcia & Gordon [ml/l]
# name 19 = oxsolMg/L: Oxygen Saturation, Garcia & Gordon [mg/l]
# name 20 = oxsolMm/Kg: Oxygen Saturation, Garcia & Gordon [umol/kg]
# name 21 = n2satMg/L: Nitrogen Saturation [mg/l]
# name 22 = par: PAR/Irradiance, Biospherical/Licor
# name 23 = wetStar: Fluorescence, WET Labs WETstar [mg/m^3]
# name 24 = CStarAt0: Beam Attenuation, WET Labs C-Star [1/m]
# name 25 = CStarTr0: Beam Transmission, WET Labs C-Star [%]
# name 26 = flag: flag
# span 0 =        219,        774       
# span 1 = 190.704496, 190.706102       
# span 2 =    0.01512,    0.05365       
# span 3 =     0.9071,     3.2189       
# span 4 =     54.428,    193.132       
# span 5 =      1.012,    101.955       
# span 6 =  46034.539,  50562.299       
# span 7 =    29.2312,    31.7736       
# span 8 =     7.0055,    11.5163       
# span 9 =      1.000,    101.000       
# span 10 =     6.9971,    11.5167      
# span 11 =    22.1989,    24.8615      
# span 12 =     6.2893,     7.0418      
# span 13 =     8.9881,    10.0634      
# span 14 =     93.513,    110.040      
# span 15 =    274.772,    307.461      
# span 16 =    280.883,    314.487      
# span 17 =   -0.04536,    0.00461      
# span 18 =    6.34059,    6.89605      
# span 19 =    9.06133,    9.85514      
# span 20 =  277.02112,  300.50656      
# span 21 =   14.39097,   15.50317      
# span 22 = 4.6156e-02, 5.6962e+02      
# span 23 =     0.3881,     3.6291      
# span 24 =     0.5467,     4.1522      
# span 25 =    47.3811,    87.2268      
# span 26 = 0.0000e+00, 0.0000e+00      
# interval = meters: 1                  
# start_time = Jul 08 2020 16:53:34 [Instrument's time stamp, header]
# bad_flag = -9.990e-29
*END*
        219 190.704496    0.01512     0.9071     54.428      1.012  46119.225    29.2871    11.4759      1.000    11.5167    22.2492     6.2893     8.9881     99.167    274.772    280.883   -0.00047    6.34385    9.06600  277.14989   14.39690 5.6962e+02     1.0174     4.1522    47.3811 0.0000e+00
        347 190.704866    0.02400     1.4397     86.385      2.018  46034.539    29.2312    11.5163      2.000    11.4667    22.1989     6.9573     9.9426    109.726    303.963    310.711   -0.00063    6.34059    9.06133  277.02112   14.39097 3.8249e+02     1.2676     1.5721    67.5851 0.0000e+00
        351 190.704879    0.02433     1.4594     87.564      3.031  46082.468    29.2548    11.4182      3.000    11.3350    22.2343     6.9702     9.9611    109.715    304.518    311.289   -0.00065    6.35297    9.07903  277.55252   14.41632 2.4403e+02     1.3089     1.5304    68.2096 0.0000e+00
        355 190.704891    0.02460     1.4760     88.562      4.038  46224.145    29.3330    11.2099      4.000    11.1025    22.3310     6.9623     9.9497    109.155    304.143    310.935   -0.00418    6.37831    9.11524  278.63311   14.46775 1.6048e+02     1.5672     1.5445    67.9681 0.0000e+00
        359 190.704903    0.02487     1.4924     89.544      5.052  46500.705    29.5056    11.0019      5.000    10.8767    22.5005     6.9472     9.9283    108.552    303.435    310.263   -0.00822    6.39992    9.14613  279.53091   14.51004 1.0572e+02     1.9179     1.5658    67.6075 0.0000e+00
        363 190.704913    0.02514     1.5084     90.502      6.049  47024.305    29.8586    10.8636      6.000    10.8798    22.7985     6.9669     9.9564    108.778    304.206    311.140   -0.00524    6.40468    9.15294  279.65754   14.51467 7.3336e+01     2.5758     1.5466    67.9327 0.0000e+00
        368 190.704928    0.02549     1.5289     91.733      7.080  47121.599    29.9310    10.9032      7.000    10.8969    22.8481     7.0308    10.0478    109.921    306.983    313.996    0.00461    6.39626    9.14090  279.27613   14.49612 5.1464e+01     3.3082     1.5414    68.0204 0.0000e+00
        371 190.704937    0.02571     1.5430     92.582      8.074  47138.256    29.9412    10.8930      8.000    10.8837    22.8577     7.0396    10.0603    110.040    307.360    314.386    0.00435    6.39726    9.14233  279.31722   14.49805 3.7923e+01     3.6291     1.5396    68.0521 0.0000e+00
        375 190.704948    0.02596     1.5580     93.479      9.082  47122.120    29.9271    10.8711      9.000    10.8002    22.8505     7.0418    10.0634    110.013    307.461    314.487    0.00302    6.40087    9.14748  279.47666   14.50574 2.7544e+01     3.6074     1.5388    68.0647 0.0000e+00
        379 190.704959    0.02625     1.5750     94.501     10.096  47353.682    30.0504    10.5231     10.000    10.1309    23.0046     7.0222    10.0354    108.970    306.559    313.611   -0.00394    6.44438    9.20967  281.33398   14.59413 2.0196e+01     3.5917     1.4751    69.1620 0.0000e+00
        383 190.704971    0.02653     1.5914     95.485     11.105  48416.025    30.6973     9.6961     11.000     9.3406    23.6431     6.8735     9.8229    105.185    299.880    306.969   -0.02753    6.53492    9.33905  285.10833   14.77207 1.4618e+01     3.5452     1.3428    71.4870 0.0000e+00
        387 190.704982    0.02679     1.6071     96.426     12.109  49124.975    31.1265     9.1748     12.000     9.0952    24.0600     6.7161     9.5980    101.877    292.895    299.941   -0.04536    6.59235    9.42112  287.49705   14.88453 1.1074e+01     2.9493     1.1976    74.1264 0.0000e+00
        392 190.704996    0.02712     1.6274     97.644     13.126  49331.943    31.2515     9.0324     13.000     8.9770    24.1796     6.7611     9.6623    102.318    294.823    301.951   -0.02906    6.60793    9.44340  288.14308   14.91490 8.9235e+00     2.0531     1.1177    75.6230 0.0000e+00
        396 190.705009    0.02742     1.6452     98.713     14.140  49528.646    31.3692     8.8910     14.000     8.8100    24.2932     6.8091     9.7308    102.797    296.881    304.093   -0.01677    6.62376    9.46602  288.80145   14.94589 7.1852e+00     1.9151     0.7600    82.7178 0.0000e+00
        399 190.705018    0.02765     1.6591     99.545     15.133  49668.041    31.4522     8.7901     15.000     8.7654    24.3733     6.8103     9.7327    102.640    296.913    304.150   -0.01425    6.63514    9.48227  289.27456   14.96816 5.9121e+00     1.7664     0.6688    84.6045 0.0000e+00
        404 190.705031    0.02797     1.6778    100.669     16.157  49717.689    31.4810     8.7517     16.000     8.7416    24.4017     6.8215     9.7486    102.740    297.392    304.649   -0.00930    6.63958    9.48863  289.46047   14.97692 4.7996e+00     1.4169     0.6381    85.2544 0.0000e+00
        408 190.705044    0.02828     1.6971    101.824     17.158  49739.297    31.4932     8.7346     17.000     8.7287    24.4139     6.8190     9.7450    102.671    297.280    304.538   -0.00695    6.64159    9.49150  289.54459   14.98089 3.8972e+00     1.3851     0.6307    85.4143 0.0000e+00
        413 190.705058    0.02862     1.7173    103.038     18.168  49754.585    31.5022     8.7259     18.000     8.7183    24.4222     6.8254     9.7542    102.753    297.558    304.824   -0.00433    6.64251    9.49281  289.58232   14.98266 3.1846e+00     1.3702     0.6207    85.6270 0.0000e+00
        419 190.705074    0.02900     1.7398    104.390     19.189  49799.719    31.5294     8.6980     19.000     8.6667    24.4477     6.8321     9.7637    102.808    297.841    305.122   -0.00247    6.64548    9.49706  289.70455   14.98839 2.6642e+00     1.3442     0.6005    86.0602 0.0000e+00
        422 190.705085    0.02927     1.7558    105.350     20.184  49883.845    31.5775     8.6268     20.000     8.5902    24.4960     6.8249     9.7535    102.569    297.514    304.802   -0.00334    6.65402    9.50927  290.06335   15.00534 2.2141e+00     1.2536     0.5734    86.6453 0.0000e+00
        427 190.705098    0.02957     1.7745    106.468     21.203  49950.626    31.6160     8.5731     21.000     8.5641    24.5341     6.8021     9.7208    102.127    296.504    303.779   -0.00523    6.66036    9.51832  290.32875   15.01786 1.8995e+00     1.1735     0.5574    86.9933 0.0000e+00
        431 190.705110    0.02985     1.7910    107.463     22.214  49948.739    31.6124     8.5613     22.000     8.5500    24.5331     6.7824     9.6928    101.803    295.651    302.904   -0.00617    6.66228    9.52106  290.41272   15.02189 1.5447e+00     0.9787     0.5591    86.9572 0.0000e+00
        434 190.705120    0.03009     1.8053    108.320     23.205  49947.425    31.6082     8.5426     23.000     8.5250    24.5326     6.7812     9.6910    101.739    295.594    302.846   -0.00530    6.66525    9.52531  290.54243   15.02810 1.2657e+00     0.9786     0.5678    86.7689 0.0000e+00
        440 190.705136    0.03049     1.8290    109.742     24.235  49989.179    31.6317     8.5069     24.000     8.4988    24.5563     6.7770     9.6850    101.610    295.405    302.659   -0.00417    6.66958    9.53150  290.72435   15.03670 1.0583e+00     0.8495     0.5588    86.9615 0.0000e+00
        444 190.705148    0.03078     1.8470    110.819     25.253  49995.980    31.6341     8.4942     25.000     8.4756    24.5601     6.7676     9.6717    101.444    294.998    302.243   -0.00410    6.67137    9.53406  290.80141   15.04037 8.7403e-01     0.8806     0.5577    86.9853 0.0000e+00
        447 190.705156    0.03097     1.8582    111.494     26.235  49973.634    31.6135     8.4645     26.000     8.4356    24.5484     6.7669     9.6706    101.351    294.969    302.210   -0.00406    6.67673    9.54170  291.03781   15.05175 7.3416e-01     0.9115     0.5700    86.7165 0.0000e+00
        451 190.705169    0.03127     1.8761    112.568     27.251  50081.818    31.6880     8.4583     27.000     8.4653    24.6077     6.7633     9.6655    101.332    294.796    302.051   -0.00322    6.67444    9.53843  290.92136   15.04588 6.2860e-01     0.8600     0.5590    86.9568 0.0000e+00
        457 190.705184    0.03166     1.8993    113.960     28.275  50041.286    31.6597     8.4626     28.000     8.4470    24.5849     6.7595     9.6600    101.266    294.637    301.881   -0.00223    6.67501    9.53926  290.95292   15.04751 5.2980e-01     0.8409     0.5467    87.2268 0.0000e+00
        461 190.705196    0.03192     1.9150    114.901     29.273  50054.475    31.6660     8.4458     29.000     8.4297    24.5923     6.7461     9.6408    101.031    294.050    301.281   -0.00351    6.67727    9.54248  291.04906   15.05207 4.4153e-01     0.8589     0.5606    86.9227 0.0000e+00
        465 190.705209    0.03224     1.9343    116.057     30.282  50042.877    31.6501     8.3976     30.000     8.3733    24.5869     6.7488     9.6447    100.952    294.169    301.402   -0.00302    6.68519    9.55380  291.39600   15.06870 3.7667e-01     0.8166     0.5613    86.9073 0.0000e+00
        470 190.705224    0.03260     1.9559    117.357     31.301  50069.982    31.6614     8.3502     31.000     8.3354    24.6028     6.7359     9.6263    100.659    293.603    300.826   -0.00386    6.69182    9.56328  291.68061   15.08225 3.1957e-01     0.7660     0.5716    86.6840 0.0000e+00
        475 190.705236    0.03290     1.9738    118.427     32.300  50079.047    31.6638     8.3272     32.000     8.3159    24.6080     6.7266     9.6130    100.469    293.196    300.411   -0.00412    6.69520    9.56811  291.82640   15.08921 2.7539e-01     0.6916     0.5712    86.6930 0.0000e+00
        480 190.705251    0.03325     1.9950    119.701     33.321  50089.694    31.6684     8.3112     33.000     8.3034    24.6139     6.7208     9.6048    100.349    292.943    300.152   -0.00365    6.69741    9.57128  291.92140   15.09373 2.3684e-01     0.6541     0.5715    86.6871 0.0000e+00
        484 190.705263    0.03354     2.0126    120.759     34.325  50107.500    31.6789     8.3018     34.000     8.2998    24.6236     6.7235     9.6086    100.376    293.057    300.273   -0.00253    6.69836    9.57263  291.95972   15.09552 1.9932e-01     0.7023     0.5724    86.6680 0.0000e+00
        488 190.705275    0.03382     2.0289    121.735     35.329  50158.972    31.7161     8.3115     35.000     8.3265    24.6514     6.7218     9.6060    100.396    292.973    300.195   -0.00191    6.69529    9.56823  291.81788   15.08858 1.6714e-01     0.6845     0.5886    86.3168 0.0000e+00
        492 190.705288    0.03413     2.0477    122.861     36.342  50174.188    31.7328     8.3534     36.000     8.3662    24.6583     6.7306     9.6186    100.633    293.355    300.588    0.00006    6.68826    9.55818  291.50927   15.07378 1.4424e-01     0.7163     0.5712    86.6930 0.0000e+00
        497 190.705302    0.03446     2.0674    124.045     37.358  50167.210    31.7326     8.3872     37.000     8.3892    24.6532     6.7349     9.6248    100.773    293.541    300.777    0.00088    6.68317    9.55092  291.28926   15.06327 1.2616e-01     0.7414     0.5629    86.8744 0.0000e+00
        501 190.705312    0.03471     2.0826    124.953     38.374  50161.447    31.7293     8.3953     38.000     8.3922    24.6494     6.7338     9.6232    100.773    293.495    300.729    0.00077    6.68209    9.54938  291.24324   15.06109 1.1023e-01     0.7575     0.5669    86.7850 0.0000e+00
        504 190.705320    0.03491     2.0944    125.663     39.361  50161.532    31.7290     8.3963     39.000     8.3927    24.6491     6.7253     9.6112    100.649    293.128    300.353   -0.00027    6.68196    9.54919  291.23749   15.06082 9.7396e-02     0.7759     0.5667    86.7903 0.0000e+00
        507 190.705331    0.03516     2.1093    126.560     40.377  50167.151    31.7328     8.3973     40.000     8.3952    24.6519     6.7151     9.5966    100.501    292.682    299.897   -0.00127    6.68164    9.54873  291.22286   15.06010 8.5941e-02     0.8621     0.5689    86.7430 0.0000e+00
        512 190.705346    0.03552     2.1311    127.866     41.387  50174.305    31.7379     8.4011     41.000     8.3988    24.6554     6.7098     9.5889    100.432    292.447    299.657   -0.00137    6.68085    9.54760  291.18737   15.05839 7.7497e-02     0.8069     0.5610    86.9130 0.0000e+00
        519 190.705363    0.03594     2.1566    129.394     42.418  50192.992    31.7519     8.4102     42.000     8.4054    24.6651     6.7108     9.5905    100.479    292.492    299.706   -0.00072    6.67887    9.54477  291.09830   15.05408 7.1018e-02     0.7908     0.5628    86.8749 0.0000e+00
        522 190.705372    0.03615     2.1693    130.156     43.415  50190.456    31.7490     8.4055     43.000     8.3946    24.6634     6.7156     9.5973    100.538    292.701    299.920   -0.00008    6.67971    9.54597  291.13546   15.05586 6.6256e-02     0.8045     0.5738    86.6349 0.0000e+00
        524 190.705380    0.03635     2.1808    130.847     44.402  50185.588    31.7433     8.3940     44.000     8.3769    24.6607     6.7083     9.5870    100.399    292.386    299.596   -0.00096    6.68168    9.54880  291.22235   15.06004 6.2783e-02     0.7897     0.5731    86.6507 0.0000e+00
        529 190.705395    0.03670     2.2016    132.096     45.426  50202.815    31.7504     8.3639     45.000     8.3511    24.6706     6.7008     9.5761    100.223    292.052    299.257   -0.00183    6.68590    9.55482  291.40317   15.06864 5.9905e-02     0.7676     0.5796    86.5099 0.0000e+00
        536 190.705413    0.03712     2.2277    133.660     46.445  50214.191    31.7545     8.3419     46.000     8.3285    24.6771     6.6753     9.5396     99.794    290.939    298.118   -0.00377    6.68904    9.55931  291.53831   15.07508 5.7314e-02     0.8166     0.5777    86.5507 0.0000e+00
        540 190.705425    0.03743     2.2457    134.741     47.453  50231.782    31.7632     8.3211     47.000     8.3118    24.6870     6.6718     9.5347     99.701    290.783    297.962   -0.00338    6.69178    9.56323  291.65501   15.08062 5.5332e-02     0.7976     0.5882    86.3259 0.0000e+00
        544 190.705436    0.03768     2.2607    135.642     48.459  50248.285    31.7736     8.3164     48.000     8.3135    24.6958     6.6673     9.5282     99.631    290.587    297.763   -0.00310    6.69204    9.56359  291.66351   15.08099 5.3608e-02     0.8278     0.5935    86.2103 0.0000e+00
        547 190.705446    0.03793     2.2757    136.543     49.462  50247.374    31.7729     8.3192     49.000     8.3117    24.6949     6.6694     9.5312     99.667    290.676    297.854   -0.00222    6.69165    9.56305  291.64726   15.08021 5.2299e-02     0.7417     0.5925    86.2329 0.0000e+00
        552 190.705459    0.03825     2.2950    137.697     50.485  50208.560    31.7418     8.2969     50.000     8.2637    24.6738     6.6673     9.5283     99.567    290.594    297.763   -0.00211    6.69638    9.56980  291.85914   15.09046 5.1080e-02     0.7434     0.5922    86.2386 0.0000e+00
        556 190.705471    0.03851     2.3105    138.630     51.486  50188.795    31.7178     8.2349     51.000     8.1840    24.6641     6.6534     9.5084     99.204    289.988    297.141   -0.00390    6.70678    9.58466  292.31510   15.11233 5.0143e-02     0.7409     0.6159    85.7311 0.0000e+00
        559 190.705481    0.03877     2.3262    139.574     52.489  50257.802    31.7542     8.1613     52.000     8.1393    24.7033     6.6295     9.4742     98.707    288.935    296.072   -0.00627    6.71633    9.59832  292.72042   15.13155 4.9326e-02     0.7220     0.6255    85.5228 0.0000e+00
        564 190.705496    0.03912     2.3473    140.838     53.512  50270.698    31.7580     8.1305     53.000     8.1123    24.7107     6.6179     9.4577     98.468    288.429    295.556   -0.00589    6.72085    9.60477  292.91511   15.14083 4.8633e-02     0.6428     0.6375    85.2675 0.0000e+00
