CTD-processing/allCTD/CNV/2020_10-15_t9_s02_cast061_4141.cnv
* Sea-Bird SBE19plus Data File:
* FileName = C:\Users\steve\Desktop\GWA CTD\2020_10-15_T9\2020_10-15_T9_S0_cast061.hex
* Software Version 1.59
* Temperature SN =  4141
* Conductivity SN =  4141
* System UpLoad Time = Oct 21 2020 10:54:46
** Cook Inlet LTM Transect 9
** Date: 10-15-2020
** Station:S02
** Start Time (AKDT):14:46
** Depth (m):77
** Comment:
** Comment:
# nquan = 27
# nvalues = 65                          
# units = specified
# name 0 = scan: Scan Count
# name 1 = timeJ: Julian Days
# name 2 = timeH: Time, Elapsed [hours]
# name 3 = timeM: Time, Elapsed [minutes]
# name 4 = timeS: Time, Elapsed [seconds]
# name 5 = prdM: Pressure, Strain Gauge [db]
# name 6 = specc: Specific Conductance [uS/cm]
# name 7 = sal00: Salinity, Practical [PSU]
# name 8 = tv290C: Temperature [ITS-90, deg C]
# name 9 = depSM: Depth [salt water, m], lat = 59.00
# name 10 = potemp090C: Potential Temperature [ITS-90, deg C]
# name 11 = sigma-é00: Density [sigma-theta, kg/m^3]
# name 12 = sbeox0ML/L: Oxygen, SBE 43 [ml/l]
# name 13 = sbeox0Mg/L: Oxygen, SBE 43 [mg/l]
# name 14 = sbeox0PS: Oxygen, SBE 43 [% saturation]
# name 15 = sbox0Mm/Kg: Oxygen, SBE 43 [umol/kg]
# name 16 = sbeox0Mm/L: Oxygen, SBE 43 [umol/l]
# name 17 = sbox0dV/dT: Oxygen, SBE 43 [dov/dt]
# name 18 = oxsolML/L: Oxygen Saturation, Garcia & Gordon [ml/l]
# name 19 = oxsolMg/L: Oxygen Saturation, Garcia & Gordon [mg/l]
# name 20 = oxsolMm/Kg: Oxygen Saturation, Garcia & Gordon [umol/kg]
# name 21 = n2satMg/L: Nitrogen Saturation [mg/l]
# name 22 = par: PAR/Irradiance, Biospherical/Licor
# name 23 = wetStar: Fluorescence, WET Labs WETstar [mg/m^3]
# name 24 = CStarAt0: Beam Attenuation, WET Labs C-Star [1/m]
# name 25 = CStarTr0: Beam Transmission, WET Labs C-Star [%]
# name 26 = flag: flag
# span 0 =          1,        585       
# span 1 = 289.615348, 289.617036       
# span 2 =    0.00001,    0.04054       
# span 3 =     0.0007,     2.4323       
# span 4 =      0.040,    145.935       
# span 5 =      1.019,     65.584       
# span 6 =  46927.991,  47540.010       
# span 7 =    29.7445,    30.1774       
# span 8 =    10.0437,    10.7560       
# span 9 =      1.000,     65.000       
# span 10 =    10.2640,    10.7517      
# span 11 =    22.7818,    23.0793      
# span 12 =     3.8072,     4.1303      
# span 13 =     5.4409,     5.9026      
# span 14 =     59.050,     63.365      
# span 15 =    166.227,    180.317      
# span 16 =    170.031,    184.460      
# span 17 =   -0.00153,    0.00263      
# span 18 =    6.41105,    6.51827      
# span 19 =    9.16203,    9.31526      
# span 20 =  279.88569,  284.56947      
# span 21 =   14.52475,   14.74953      
# span 22 = 4.3516e-02, 3.1239e+02      
# span 23 =     0.5135,     1.3402      
# span 24 =     0.3531,     6.9482      
# span 25 =    35.6577,    91.5422      
# span 26 = 0.0000e+00, 0.0000e+00      
# interval = meters: 1                  
# start_time = Oct 15 2020 14:46:06 [Instrument's time stamp, header]
# bad_flag = -9.990e-29
*END*
          1 289.615348    0.00001     0.0007      0.040      1.019  47219.073    29.9038    10.0437      1.000    10.2640    22.9686     4.1303     5.9026     63.365    180.317    184.460   -0.00011    6.51827    9.31526  284.56947   14.74953 3.1239e+02     0.5135     6.9482    35.6577 0.0000e+00
        152 289.615784    0.01049     0.6295     37.772      2.016  46927.991    29.7445    10.4299      2.000    10.4410    22.7818     3.9709     5.6748     61.366    173.392    177.341    0.00204    6.47002    9.24630  282.51488   14.65189 2.2479e+02     0.6555     1.3352    72.7298 0.0000e+00
        309 289.616237    0.02136     1.2815     76.893      3.029  47135.799    29.9028    10.5433      3.000    10.5467    22.8865     3.8072     5.4409     59.050    166.227    170.031    0.00263    6.44750    9.21412  281.50264   14.60281 2.1064e+02     0.7870     0.7925    82.0050 0.0000e+00
        309 289.616239    0.02139     1.2835     77.011      4.040  47130.808    29.8993    10.5466      4.000    10.5467    22.8832     3.8172     5.4551     59.207    166.662    170.476    0.00225    6.44718    9.21367  281.48968   14.60221 1.4459e+02     0.8259     0.7707    82.4758 0.0000e+00
        313 289.616250    0.02168     1.3004     78.026      5.047  47133.971    29.9012    10.5473      5.000    10.5468    22.8846     3.8228     5.4632     59.296    166.909    170.729    0.00224    6.44701    9.21342  281.48162   14.60181 1.1341e+02     0.8851     0.7589    82.7181 0.0000e+00
        317 289.616263    0.02197     1.3182     79.094      6.055  47138.203    29.9038    10.5474      6.000    10.5468    22.8866     3.8241     5.4650     59.317    166.964    170.785    0.00164    6.44688    9.21324  281.47580   14.60152 8.9645e+01     0.9503     0.7553    82.7937 0.0000e+00
        322 289.616276    0.02228     1.3371     80.227      7.067  47142.769    29.9066    10.5479      7.000    10.5478    22.8888     3.8312     5.4752     59.430    167.274    171.102    0.00175    6.44670    9.21298  281.46716   14.60110 7.4892e+01     1.0251     0.7645    82.6037 0.0000e+00
        326 289.616288    0.02258     1.3550     81.298      8.075  47152.854    29.9136    10.5503      8.000    10.5507    22.8938     3.8343     5.4796     59.484    167.410    171.242    0.00156    6.44608    9.21209  281.43867   14.59971 5.8344e+01     1.1626     0.7730    82.4270 0.0000e+00
        331 289.616301    0.02290     1.3738     82.426      9.084  47156.367    29.9159    10.5526      9.000    10.5521    22.8952     3.8353     5.4811     59.502    167.451    171.285    0.00115    6.44565    9.21148  281.41969   14.59879 4.7590e+01     1.2068     0.7812    82.2584 0.0000e+00
        336 289.616315    0.02323     1.3941     83.648     10.094  47160.512    29.9186    10.5542     10.000    10.5538    22.8971     3.8398     5.4874     59.574    167.644    171.483    0.00115    6.44532    9.21101  281.40471   14.59806 3.8868e+01     1.3134     0.8259    81.3494 0.0000e+00
        341 289.616330    0.02358     1.4150     84.898     11.106  47165.049    29.9216    10.5559     11.000    10.5556    22.8991     3.8460     5.4963     59.674    167.915    171.760    0.00138    6.44496    9.21049  281.38829   14.59726 3.2150e+01     1.3183     0.9009    79.8326 0.0000e+00
        345 289.616343    0.02391     1.4343     86.056     12.113  47176.739    29.9298    10.5596     12.000    10.5600    22.9050     3.8480     5.4991     59.713    168.001    171.849    0.00120    6.44410    9.20927  281.34942   14.59537 2.6350e+01     1.2937     0.8899    80.0558 0.0000e+00
        350 289.616357    0.02423     1.4535     87.213     13.124  47187.080    29.9372    10.5642     13.000    10.5663    22.9100     3.8418     5.4903     59.627    167.734    171.577    0.00013    6.44316    9.20792  281.30675   14.59330 2.1729e+01     1.2895     0.8020    81.8345 0.0000e+00
        354 289.616370    0.02454     1.4723     88.339     14.132  47189.330    29.9393    10.5725     14.000    10.5727    22.9102     3.8453     5.4954     59.692    167.886    171.733    0.00057    6.44191    9.20613  281.25219   14.59068 1.8029e+01     1.1640     0.7261    83.3991 0.0000e+00
        359 289.616382    0.02484     1.4905     89.430     15.145  47194.886    29.9433    10.5767     15.000    10.5795    22.9127     3.8401     5.4879     59.618    167.658    171.499   -0.00022    6.44117    9.20508  281.21925   14.58909 1.4964e+01     1.1583     0.6496    85.0310 0.0000e+00
        363 289.616394    0.02511     1.5066     90.398     16.149  47216.446    29.9596    10.5908     16.000    10.6003    22.9230     3.8474     5.4982     59.755    167.972    171.822    0.00063    6.43852    9.20128  281.10037   14.58333 1.2534e+01     1.3402     0.4503    89.3503 0.0000e+00
        367 289.616405    0.02540     1.5239     91.434     17.162  47204.717    29.9531    10.6096     17.000    10.6100    22.9148     3.8540     5.5077     59.880    168.261    172.116    0.00141    6.43615    9.19790  280.99945   14.57853 1.0463e+01     1.2526     0.4127    90.1990 0.0000e+00
        371 289.616418    0.02568     1.5412     92.471     18.168  47202.140    29.9512    10.6125     18.000    10.6110    22.9129     3.8554     5.5097     59.904    168.323    172.180    0.00109    6.43583    9.19745  280.98601   14.57789 8.8475e+00     1.1801     0.4102    90.2549 0.0000e+00
        375 289.616430    0.02599     1.5594     93.564     19.184  47206.910    29.9543    10.6143     19.000    10.6141    22.9151     3.8403     5.4882     59.675    167.667    171.509   -0.00089    6.43544    9.19690  280.96863   14.57705 7.4431e+00     1.1655     0.4012    90.4553 0.0000e+00
        379 289.616442    0.02626     1.5758     94.546     20.187  47209.188    29.9560    10.6180     20.000    10.6165    22.9158     3.8445     5.4942     59.745    167.850    171.697   -0.00030    6.43485    9.19606  280.94276   14.57581 6.3070e+00     1.1907     0.3939    90.6220 0.0000e+00
        383 289.616454    0.02656     1.5936     95.615     21.198  47210.777    29.9569    10.6198     21.000    10.6182    22.9161     3.8516     5.5044     59.859    168.161    172.014    0.00059    6.43458    9.19565  280.93042   14.57521 5.3636e+00     1.3143     0.3814    90.9069 0.0000e+00
        388 289.616467    0.02688     1.6125     96.752     22.208  47209.896    29.9559    10.6202     22.000    10.6177    22.9153     3.8478     5.4990     59.800    167.995    171.844   -0.00012    6.43456    9.19562  280.92971   14.57518 4.5826e+00     1.1682     0.3961    90.5769 0.0000e+00
        393 289.616480    0.02719     1.6315     97.892     23.220  47219.873    29.9631    10.6255     23.000    10.6273    22.9201     3.8506     5.5029     59.852    168.115    171.967    0.00046    6.43352    9.19415  280.88322   14.57293 3.8949e+00     1.2943     0.5717    86.7556 0.0000e+00
        397 289.616493    0.02749     1.6497     98.981     24.225  47220.111    29.9639    10.6349     24.000    10.6353    22.9192     3.8438     5.4932     59.760    167.820    171.667   -0.00038    6.43218    9.19223  280.82495   14.57013 3.3467e+00     1.2836     0.8232    81.4463 0.0000e+00
        402 289.616507    0.02783     1.6699    100.196     25.240  47214.177    29.9597    10.6383     25.000    10.6353    22.9154     3.8541     5.5080     59.922    168.269    172.125    0.00052    6.43188    9.19180  280.81282   14.56957 2.8787e+00     1.2208     0.9924    78.0225 0.0000e+00
        407 289.616521    0.02817     1.6901    101.408     26.245  47214.073    29.9593    10.6385     26.000    10.6355    22.9150     3.8508     5.5032     59.871    168.125    171.977    0.00009    6.43186    9.19177  280.81206   14.56954 2.4890e+00     1.2389     0.9646    78.5784 0.0000e+00
        412 289.616536    0.02852     1.7114    102.686     27.257  47216.011    29.9602    10.6385     27.000    10.6362    22.9157     3.8536     5.5071     59.914    168.244    172.099    0.00054    6.43182    9.19171  280.80998   14.56943 2.1389e+00     1.1835     0.9397    79.0706 0.0000e+00
        417 289.616550    0.02886     1.7315    103.889     28.269  47232.901    29.9722    10.6430     28.000    10.6442    22.9243     3.8504     5.5026     59.875    168.104    171.958   -0.00028    6.43071    9.19013  280.75936   14.56696 1.8416e+00     1.1928     0.9892    78.0940 0.0000e+00
        421 289.616562    0.02917     1.7500    104.998     29.274  47223.898    29.9662    10.6490     29.000    10.6458    22.9186     3.8529     5.5063     59.921    168.217    172.073    0.00027    6.43010    9.18926  280.73445   14.56579 1.5934e+00     1.2322     0.9553    78.7602 0.0000e+00
        425 289.616575    0.02947     1.7686    106.116     30.288  47265.813    29.9960    10.6554     30.000    10.6636    22.9408     3.8539     5.5076     59.954    168.255    172.115    0.00017    6.42801    9.18627  280.63696   14.56101 1.3811e+00     1.1408     0.8594    80.6695 0.0000e+00
        429 289.616587    0.02975     1.7854    107.121     31.294  47267.387    29.9990    10.6760     31.000    10.6793    22.9397     3.8543     5.5082     59.990    168.273    172.134    0.00049    6.42500    9.18197  280.50590   14.55472 1.2039e+00     1.2330     0.8334    81.2190 0.0000e+00
        434 289.616599    0.03004     1.8023    108.140     32.304  47286.307    30.0135    10.6909     32.000    10.6955    22.9486     3.8525     5.5056     59.986    168.194    172.053    0.00018    6.42235    9.17817  280.38734   14.54899 1.0568e+00     1.2345     0.6875    84.2086 0.0000e+00
        438 289.616611    0.03034     1.8203    109.220     33.313  47290.265    30.0176    10.7061     33.000    10.7050    22.9492     3.8509     5.5034     59.983    168.126    171.984    0.00015    6.42005    9.17490  280.28721   14.54418 9.3461e-01     1.2007     0.4629    89.1456 0.0000e+00
        442 289.616624    0.03065     1.8391    110.346     34.325  47321.793    30.0402    10.7128     34.000    10.7206    22.9656     3.8514     5.5041     60.008    168.144    172.006    0.00016    6.41821    9.17225  280.20194   14.54001 8.2583e-01     1.0606     0.5412    87.4511 0.0000e+00
        447 289.616637    0.03094     1.8565    111.391     35.334  47367.559    30.0752    10.7425     35.000    10.7496    22.9880     3.8517     5.5044     60.064    168.151    172.016    0.00050    6.41264    9.16430  279.95275   14.52794 7.3069e-01     1.1408     0.8492    80.8637 0.0000e+00
        451 289.616649    0.03124     1.8743    112.459     36.341  47356.033    30.0682    10.7560     36.000    10.7517    22.9802     3.8508     5.5031     60.065    168.112    171.975    0.00025    6.41105    9.16203  279.88569   14.52475 6.4987e-01     1.0747     0.8048    81.7749 0.0000e+00
        455 289.616662    0.03156     1.8933    113.601     37.352  47346.545    30.0605    10.7504     37.000    10.7377    22.9752     3.8512     5.5037     60.060    168.130    171.993    0.00015    6.41214    9.16360  279.93493   14.52714 5.7817e-01     1.0967     0.8555    80.7597 0.0000e+00
        460 289.616675    0.03187     1.9124    114.746     38.361  47352.882    30.0628    10.7340     38.000    10.7211    22.9797     3.8541     5.5079     60.086    168.257    172.124    0.00018    6.41432    9.16672  280.02883   14.53163 5.1541e-01     1.0601     0.7651    82.6067 0.0000e+00
        465 289.616689    0.03220     1.9322    115.934     39.375  47357.181    30.0623    10.7065     39.000    10.6911    22.9840     3.8582     5.5138     60.114    168.436    172.308    0.00023    6.41818    9.17222  280.19570   14.53962 4.5725e-01     1.0443     0.7100    83.7406 0.0000e+00
        469 289.616702    0.03251     1.9508    117.046     40.380  47400.933    30.0906    10.6879     40.000    10.6796    23.0092     3.8592     5.5153     60.116    168.478    172.354    0.00018    6.41960    9.17425  280.25113   14.54216 4.0528e-01     0.9861     0.3531    91.5422 0.0000e+00
        474 289.616716    0.03284     1.9702    118.210     41.390  47456.482    30.1291    10.6858     41.000    10.6828    23.0395     3.8584     5.5140     60.115    168.434    172.315 1.3378e-08    6.41832    9.17242  280.18687   14.53893 3.5790e-01     0.9881     0.3546    91.5188 0.0000e+00
        479 289.616729    0.03316     1.9898    119.389     42.402  47470.684    30.1391    10.6898     42.000    10.6857    23.0467     3.8563     5.5111     60.093    168.346    172.226   -0.00014    6.41735    9.17104  280.14270   14.53677 3.1418e-01     0.9151     0.4684    88.9645 0.0000e+00
        483 289.616742    0.03347     2.0083    120.498     43.410  47468.215    30.1371    10.6909     43.000    10.6861    23.0449     3.8561     5.5108     60.090    168.336    172.216   -0.00026    6.41728    9.17093  280.13992   14.53665 2.7552e-01     0.8928     0.8441    80.9936 0.0000e+00
        487 289.616755    0.03378     2.0270    121.621     44.419  47472.980    30.1401    10.6912     44.000    10.6863    23.0472     3.8551     5.5093     60.075    168.288    172.167   -0.00025    6.41712    9.17070  280.13213   14.53627 2.4209e-01     0.9267     0.8213    81.4423 0.0000e+00
        492 289.616769    0.03411     2.0466    122.795     45.428  47473.728    30.1403    10.6914     45.000    10.6863    23.0473     3.8545     5.5085     60.067    168.267    172.145   -0.00024    6.41708    9.17065  280.13044   14.53619 2.1261e-01     0.9747     0.7091    83.7568 0.0000e+00
        497 289.616783    0.03447     2.0680    124.078     46.440  47475.541    30.1411    10.6914     46.000    10.6862    23.0480     3.8483     5.4996     59.970    167.993    171.865   -0.00087    6.41707    9.17062  280.12947   14.53613 1.8673e-01     0.9040     0.6777    84.4143 0.0000e+00
        502 289.616797    0.03480     2.0880    125.280     47.447  47479.725    30.1438    10.6922     47.000    10.6870    23.0499     3.8392     5.4866     59.830    167.595    171.457   -0.00153    6.41684    9.17031  280.11931   14.53564 1.6467e-01     0.9356     0.6694    84.5912 0.0000e+00
        508 289.616813    0.03518     2.1109    126.657     48.462  47484.152    30.1466    10.6931     48.000    10.6879    23.0520     3.8436     5.4927     59.899    167.784    171.652   -0.00061    6.41659    9.16995  280.10786   14.53507 1.4609e-01     0.8192     0.6840    84.2825 0.0000e+00
        512 289.616827    0.03551     2.1305    127.832     49.469  47483.811    30.1459    10.6934     49.000    10.6876    23.0515     3.8400     5.4878     59.846    167.633    171.498   -0.00086    6.41657    9.16993  280.10746   14.53506 1.2945e-01     0.8318     0.7128    83.6795 0.0000e+00
        517 289.616839    0.03581     2.1490    128.938     50.474  47486.265    30.1472    10.6933     50.000    10.6875    23.0526     3.8381     5.4850     59.815    167.546    171.409   -0.00068    6.41653    9.16987  280.10529   14.53495 1.1561e-01     0.8427     0.7046    83.8502 0.0000e+00
        522 289.616855    0.03617     2.1702    130.212     51.491  47486.684    30.1472    10.6933     51.000    10.6872    23.0525     3.8331     5.4780     59.738    167.331    171.188   -0.00118    6.41654    9.16988  280.10545   14.53496 1.0359e-01     0.8679     0.6496    85.0118 0.0000e+00
        526 289.616867    0.03649     2.1890    131.339     52.494  47488.855    30.1482    10.6922     52.000    10.6860    23.0534     3.8368     5.4831     59.793    167.488    171.349   -0.00035    6.41665    9.17003  280.11003   14.53518 9.3200e-02     0.8940     0.5769    86.5692 0.0000e+00
        531 289.616881    0.03681     2.2084    132.506     53.513  47488.261    30.1474    10.6925     53.000    10.6867    23.0528     3.8298     5.4732     59.686    167.186    171.040   -0.00093    6.41665    9.17003  280.11009   14.53518 8.4255e-02     0.8203     0.5730    86.6555 0.0000e+00
