CTD-processing/allCTD/CNV/2020_09-20_t7_s21_cast009_4141.cnv
* Sea-Bird SBE19plus Data File:
* FileName = E:\2020_09-20_T7\2020_09-20_T7_S2_cast009.hex
* Software Version 1.59
* Temperature SN =  4141
* Conductivity SN =  4141
* System UpLoad Time = Sep 22 2020 14:35:48
** Cook Inlet LTM T7
** Date: 2020_09-20
** Station:S21
** Start Time: (AKDT):11:40
** Depth (m):71
** Comment:
** Comment:
# nquan = 27
# nvalues = 64                          
# units = specified
# name 0 = scan: Scan Count
# name 1 = timeJ: Julian Days
# name 2 = timeH: Time, Elapsed [hours]
# name 3 = timeM: Time, Elapsed [minutes]
# name 4 = timeS: Time, Elapsed [seconds]
# name 5 = prdM: Pressure, Strain Gauge [db]
# name 6 = specc: Specific Conductance [uS/cm]
# name 7 = sal00: Salinity, Practical [PSU]
# name 8 = tv290C: Temperature [ITS-90, deg C]
# name 9 = depSM: Depth [salt water, m], lat = 59.00
# name 10 = potemp090C: Potential Temperature [ITS-90, deg C]
# name 11 = sigma-é00: Density [sigma-theta, kg/m^3]
# name 12 = sbeox0ML/L: Oxygen, SBE 43 [ml/l]
# name 13 = sbeox0Mg/L: Oxygen, SBE 43 [mg/l]
# name 14 = sbeox0PS: Oxygen, SBE 43 [% saturation]
# name 15 = sbox0Mm/Kg: Oxygen, SBE 43 [umol/kg]
# name 16 = sbeox0Mm/L: Oxygen, SBE 43 [umol/l]
# name 17 = sbox0dV/dT: Oxygen, SBE 43 [dov/dt]
# name 18 = oxsolML/L: Oxygen Saturation, Garcia & Gordon [ml/l]
# name 19 = oxsolMg/L: Oxygen Saturation, Garcia & Gordon [mg/l]
# name 20 = oxsolMm/Kg: Oxygen Saturation, Garcia & Gordon [umol/kg]
# name 21 = n2satMg/L: Nitrogen Saturation [mg/l]
# name 22 = par: PAR/Irradiance, Biospherical/Licor
# name 23 = wetStar: Fluorescence, WET Labs WETstar [mg/m^3]
# name 24 = CStarAt0: Beam Attenuation, WET Labs C-Star [1/m]
# name 25 = CStarTr0: Beam Transmission, WET Labs C-Star [%]
# name 26 = flag: flag
# span 0 =        446,        740       
# span 1 = 264.487307, 264.488156       
# span 2 =    0.03093,    0.05130       
# span 3 =     1.8560,     3.0782       
# span 4 =    111.358,    184.691       
# span 5 =      1.010,     64.610       
# span 6 =  48314.405,  48609.646       
# span 7 =    30.7085,    30.8597       
# span 8 =    10.0779,    10.3401       
# span 9 =      1.000,     64.000       
# span 10 =    10.0703,    10.3395      
# span 11 =    23.5483,    23.7094      
# span 12 =     3.4747,     3.4920      
# span 13 =     4.9656,     4.9905      
# span 14 =     53.675,     54.136      
# span 15 =    151.586,    152.359      
# span 16 =    155.180,    155.954      
# span 17 =   -0.00078,    0.00019      
# span 18 =    6.44278,    6.47355      
# span 19 =    9.20738,    9.25134      
# span 20 =  281.11487,  282.41269      
# span 21 =   14.58098,   14.64249      
# span 22 = 6.4992e-02, 3.6166e+02      
# span 23 =     0.6177,     1.1689      
# span 24 =     0.6039,     0.9234      
# span 25 =    79.3855,    85.9866      
# span 26 = 0.0000e+00, 0.0000e+00      
# interval = meters: 1                  
# start_time = Sep 20 2020 11:39:52 [Instrument's time stamp, header]
# bad_flag = -9.990e-29
*END*
[from data line 54]
        695 264.488026    0.04817     2.8901    173.407     55.515  48600.735    30.8577    10.0816     55.000    10.0770    23.7071     3.4787     4.9714     53.740    151.760    155.358   -0.00033    6.47312    9.25073  282.39463   14.64164 1.1885e-01     0.9473     0.7283    83.3545 0.0000e+00
        699 264.488039    0.04849     2.9095    174.572     56.534  48596.617    30.8549    10.0861     56.000    10.0821    23.7042     3.4782     4.9708     53.738    151.741    155.338   -0.00033    6.47259    9.24997  282.37226   14.64057 1.0813e-01     0.9218     0.7499    82.9057 0.0000e+00
        704 264.488054    0.04885     2.9309    175.854     57.546  48592.045    30.8517    10.0897     57.000    10.0812    23.7012     3.4780     4.9704     53.738    151.732    155.328   -0.00022    6.47220    9.24942  282.35618   14.63982 9.9114e-02     0.9683     0.7552    82.7941 0.0000e+00
        709 264.488068    0.04918     2.9508    177.050     58.556  48598.296    30.8550    10.0848     58.000    10.0777    23.7046     3.4782     4.9706     53.735    151.738    155.334   -0.00025    6.47276    9.25023  282.38011   14.64095 9.0901e-02     0.9838     0.7683    82.5260 0.0000e+00
        714 264.488081    0.04950     2.9704    178.221     59.561  48600.092    30.8558    10.0836     59.000    10.0757    23.7053     3.4782     4.9707     53.734    151.738    155.334   -0.00021    6.47290    9.25043  282.38591   14.64123 8.4510e-02     0.9294     0.7858    82.1683 0.0000e+00
        720 264.488098    0.04990     2.9939    179.637     60.584  48604.574    30.8581    10.0805     60.000    10.0739    23.7077     3.4748     4.9660     53.680    151.593    155.187   -0.00048    6.47324    9.25092  282.40012   14.64190 7.8781e-02     0.8871     0.8520    80.8132 0.0000e+00
        724 264.488110    0.05021     3.0123    180.738     61.577  48605.087    30.8581    10.0807     61.000    10.0734    23.7076     3.4756     4.9670     53.692    151.626    155.221   -0.00034    6.47322    9.25088  282.39892   14.64184 7.4643e-02     0.9444     0.8589    80.6768 0.0000e+00
        730 264.488128    0.05063     3.0378    182.267     62.603  48607.971    30.8594    10.0786     62.000    10.0713    23.7091     3.4766     4.9685     53.706    151.669    155.266   -0.00019    6.47346    9.25122  282.40907   14.64232 7.0869e-02     0.9012     0.8510    80.8371 0.0000e+00
        734 264.488140    0.05092     3.0554    183.325     63.597  48608.755    30.8596    10.0784     63.000    10.0714    23.7092     3.4782     4.9706     53.729    151.736    155.335    0.00002    6.47347    9.25125  282.40975   14.64236 6.7980e-02     0.9932     0.8774    80.3047 0.0000e+00
        740 264.488156    0.05130     3.0782    184.691     64.610  48609.646    30.8597    10.0779     64.000    10.0703    23.7094     3.4747     4.9656     53.675    151.586    155.180   -0.00035    6.47355    9.25134  282.41269   14.64249 6.4992e-02     0.9312     0.8663    80.5263 0.0000e+00
