CTD-processing/allCTD/CNV/2020_12-28_t9_s02_cast094_5028.cnv
* Sea-Bird SBE19plus Data File:
* FileName = C:\Users\steve\Desktop\GWA CTD\2020_12-28_T9_S0_cast094.hex
* Software Version 1.59
* Temperature SN =  5028
* Conductivity SN =  5028
* System UpLoad Time = Dec 29 2020 12:19:02
** Cook Inlet LTM Transect 9
** Date: 12-28-2020
** Station:S02
** Start Time (AKST):11:49
** Depth (m):79
** Comment:
** Comment:
# nquan = 27
# nvalues = 67                          
# units = specified
# name 0 = scan: Scan Count
# name 1 = timeJ: Julian Days
# name 2 = timeH: Time, Elapsed [hours]
# name 3 = timeM: Time, Elapsed [minutes]
# name 4 = timeS: Time, Elapsed [seconds]
# name 5 = prdM: Pressure, Strain Gauge [db]
# name 6 = specc: Specific Conductance [uS/cm]
# name 7 = sal00: Salinity, Practical [PSU]
# name 8 = tv290C: Temperature [ITS-90, deg C]
# name 9 = depSM: Depth [salt water, m], lat = 59.00
# name 10 = potemp090C: Potential Temperature [ITS-90, deg C]
# name 11 = sigma-é00: Density [sigma-theta, kg/m^3]
# name 12 = sbeox0ML/L: Oxygen, SBE 43 [ml/l]
# name 13 = sbeox0Mg/L: Oxygen, SBE 43 [mg/l]
# name 14 = sbeox0PS: Oxygen, SBE 43 [% saturation]
# name 15 = sbox0Mm/Kg: Oxygen, SBE 43 [umol/kg]
# name 16 = sbeox0Mm/L: Oxygen, SBE 43 [umol/l]
# name 17 = sbox0dV/dT: Oxygen, SBE 43 [dov/dt]
# name 18 = oxsolML/L: Oxygen Saturation, Garcia & Gordon [ml/l]
# name 19 = oxsolMg/L: Oxygen Saturation, Garcia & Gordon [mg/l]
# name 20 = oxsolMm/Kg: Oxygen Saturation, Garcia & Gordon [umol/kg]
# name 21 = potemp090C: Potential Temperature [ITS-90, deg C]
# name 22 = n2satMg/L: Nitrogen Saturation [mg/l]
# name 23 = par: PAR/Irradiance, Biospherical/Licor
# name 24 = flECO-AFL: Fluorescence, WET Labs ECO-AFL/FL [mg/m^3]
# name 25 = turbWETntu0: Turbidity, WET Labs ECO [NTU]
# name 26 = flag: flag
# span 0 =         49,        593       
# span 1 = 363.492338, 363.493910       
# span 2 =    0.00333,    0.04108       
# span 3 =     0.1997,     2.4647       
# span 4 =     11.984,    147.883       
# span 5 =      1.009,     67.643       
# span 6 =  49243.310,  50183.251       
# span 7 =    30.5579,    31.3523       
# span 8 =     5.2554,     6.1828       
# span 9 =      1.000,     67.000       
# span 10 =     5.2754,     6.1773      
# span 11 =    24.1281,    24.6502      
# span 12 =     5.5258,     9.5619      
# span 13 =     7.8969,    13.6650      
# span 14 =     76.306,    135.619      
# span 15 =    240.966,    416.766      
# span 16 =    246.781,    427.036      
# span 17 =   -0.02569,    0.03454      
# span 18 =    7.04772,    7.24258      
# span 19 =   10.07189,   10.35037      
# span 20 =  307.17919,  315.83593      
# span 21 =     5.2553,     6.1774      
# span 22 =   15.82291,   16.23843      
# span 23 = 3.7976e-02, 1.1485e+01      
# span 24 =     0.2267,     0.3470      
# span 25 =     0.6266,     3.6266      
# span 26 = 0.0000e+00, 0.0000e+00      
# interval = meters: 1                  
# start_time = Dec 28 2020 11:48:46 [Instrument's time stamp, header]
# bad_flag = -9.990e-29
*END*
         49 363.492338    0.00333     0.1997     11.984      1.009  49243.310    30.5579     5.2554      1.000     5.2754    24.1281     5.5258     7.8969     76.306    240.966    246.781    0.01067    7.24258   10.35037  315.83593     5.2553   16.23843 1.1485e+01     0.3470     3.6266 0.0000e+00
        275 363.492992    0.01903     1.1419     68.514      2.019  49627.084    30.8306     5.3191      2.000     5.3214    24.3369     6.2521     8.9349     86.619    272.586    279.221    0.02373    7.21811   10.31541  314.70210     5.3190   16.18335 9.5840e+00     0.2796     1.9302 0.0000e+00
        285 363.493022    0.01975     1.1853     71.115      3.028  49665.417    30.8581     5.3279      3.000     5.3376    24.3578     6.3515     9.0770     88.029    276.914    283.660    0.02409    7.21527   10.31135  314.57182     5.3277   16.17703 6.4931e+00     0.2758     1.8829 0.0000e+00
        290 363.493034    0.02004     1.2021     72.125      4.038  49710.113    30.8934     5.3529      4.000     5.3692    24.3830     6.4049     9.1532     88.843    279.234    286.043    0.02229    7.20928   10.30278  314.30262     5.3526   16.16407 4.6554e+00     0.2717     1.8172 0.0000e+00
        294 363.493046    0.02032     1.2192     73.152      5.047  49748.804    30.9267     5.3887      5.000     5.4086    24.4054     6.4168     9.1703     89.104    279.748    286.576    0.01791    7.20154   10.29171  313.95832     5.3883   16.14754 3.5041e+00     0.2583     1.6828 0.0000e+00
        298 363.493058    0.02062     1.2370     74.221      6.057  49786.045    30.9608     5.4332      6.000     5.4576    24.4274     6.4417     9.2058     89.564    280.825    287.685    0.01520    7.19228   10.27849  313.54824     5.4327   16.12788 2.7578e+00     0.2564     1.5250 0.0000e+00
        302 363.493071    0.02091     1.2549     75.296      7.067  49868.644    31.0300     5.4971      7.000     5.5445    24.4749     6.4895     9.2741     90.408    282.895    289.819    0.01537    7.17807   10.25818  312.91411     5.4966   16.09740 2.1951e+00     0.2609     1.4017 0.0000e+00
        306 363.493083    0.02121     1.2727     76.361      8.076  49939.879    31.1007     5.6082      8.000     5.6588    24.5182     6.5700     9.3892     91.816    286.394    293.416    0.01850    7.15579   10.22635  311.92994     5.6076   16.05025 1.7848e+00     0.2496     1.2371 0.0000e+00
        310 363.493094    0.02149     1.2894     77.362      9.085  49941.314    31.1192     5.6990      9.000     5.7326    24.5225     6.6765     9.5413     93.516    291.033    298.170    0.02298    7.13953   10.20310  311.21949     5.6983   16.01634 1.5074e+00     0.2342     1.0152 0.0000e+00
        315 363.493107    0.02178     1.3068     78.409     10.095  49973.676    31.1550     5.7700     10.000     5.8013    24.5426     6.7822     9.6925     95.179    295.639    302.895    0.02580    7.12587   10.18357  310.61776     5.7692   15.98754 1.3314e+00     0.2441     0.8776 0.0000e+00
        319 363.493119    0.02209     1.3253     79.521     11.104  49976.132    31.1688     5.8341     11.000     5.8514    24.5461     6.9072     9.8710     97.087    301.083    308.473    0.02854    7.11444   10.16724  310.11866     5.8332   15.96371 1.1203e+00     0.2422     0.8404 0.0000e+00
        323 363.493132    0.02239     1.3432     80.592     12.114  49975.411    31.1741     5.8665     12.000     5.8774    24.5465     7.0300    10.0465     98.893    306.436    313.958    0.03043    7.10874   10.15911  309.87036     5.8655   15.95186 9.4040e-01     0.2495     0.8456 0.0000e+00
        328 363.493144    0.02269     1.3613     81.679     13.123  50006.696    31.2008     5.8954     13.000     5.9128    24.5643     7.1311    10.1911    100.402    310.841    318.477    0.03007    7.10262   10.15036  309.59804     5.8944   15.93878 8.0490e-01     0.2558     0.8565 0.0000e+00
        332 363.493157    0.02299     1.3792     82.753     14.133  50016.147    31.2142     5.9329     14.000     5.9437    24.5703     7.2046    10.2962    101.535    314.043    321.759    0.02791    7.09572   10.14050  309.29558     5.9318   15.92432 6.9583e-01     0.2532     0.8892 0.0000e+00
        337 363.493170    0.02330     1.3980     83.878     15.142  50017.239    31.2187     5.9549     15.000     5.9623    24.5713     7.2544    10.3672    102.292    316.209    323.980    0.02393    7.09184   10.13496  309.12622     5.9537   15.91623 5.7414e-01     0.2473     0.9517 0.0000e+00
        341 363.493183    0.02361     1.4165     84.990     16.152  50040.381    31.2389     5.9793     16.000     5.9916    24.5844     7.2985    10.4303    102.987    318.128    325.950    0.02060    7.08682   10.12777  308.90314     5.9780   15.90551 4.8143e-01     0.2527     1.0301 0.0000e+00
        345 363.493195    0.02391     1.4345     86.071     17.161  50045.414    31.2471     6.0064     17.000     6.0153    24.5877     7.3530    10.5082    103.828    320.504    328.384    0.01925    7.08191   10.12076  308.68832     6.0050   15.89525 4.0670e-01     0.2654     1.0232 0.0000e+00
        350 363.493209    0.02423     1.4536     87.215     18.171  50055.880    31.2582     6.0292     18.000     6.0372    24.5938     7.4228    10.6079    104.877    323.544    331.501    0.01909    7.07761   10.11461  308.49896     6.0277   15.88618 3.4608e-01     0.2589     1.0122 0.0000e+00
        355 363.493222    0.02456     1.4736     88.415     19.180  50075.842    31.2762     6.0535     19.000     6.0637    24.6051     7.4996    10.7176    106.036    326.888    334.931    0.01925    7.07272   10.10763  308.28237     6.0520   15.87579 2.9338e-01     0.2440     1.0168 0.0000e+00
        359 363.493236    0.02488     1.4930     89.581     20.190  50085.070    31.2873     6.0804     20.000     6.0868    24.6106     7.5965    10.8561    107.481    331.109    339.257    0.02105    7.06772   10.10047  308.06265     6.0789   15.86527 2.4981e-01     0.2405     0.9275 0.0000e+00
        364 363.493249    0.02521     1.5123     90.736     21.199  50081.536    31.2871     6.0944     21.000     6.0954    24.6088     7.7097    11.0180    109.120    336.047    344.317    0.02347    7.06541   10.09718  307.96267     6.0927   15.86051 2.1636e-01     0.2267     0.8125 0.0000e+00
        369 363.493263    0.02552     1.5313     91.880     22.209  50083.442    31.2889     6.0997     22.000     6.0996    24.6096     7.8344    11.1961    110.899    341.479    349.884    0.02591    7.06445   10.09580  307.92048     6.0979   15.85849 1.8898e-01     0.2437     0.7442 0.0000e+00
        373 363.493276    0.02584     1.5503     93.021     23.218  50091.820    31.2951     6.1045     23.000     6.1061    24.6139     7.9728    11.3940    112.876    347.513    356.066    0.02875    7.06336   10.09425  307.87186     6.1026   15.85615 1.6659e-01     0.2439     0.7235 0.0000e+00
        377 363.493288    0.02614     1.5685     94.112     24.228  50104.444    31.3051     6.1137     24.000     6.1176    24.6207     8.1103    11.5904    114.855    353.501    362.205    0.03118    7.06136   10.09139  307.78249     6.1118   15.85185 1.4768e-01     0.2360     0.7361 0.0000e+00
        382 363.493301    0.02645     1.5871     95.227     25.238  50106.550    31.3083     6.1253     25.000     6.1264    24.6219     8.2511    11.7916    116.883    359.638    368.493    0.03301    7.05930   10.08844  307.69219     6.1233   15.84753 1.3167e-01     0.2416     0.7331 0.0000e+00
        386 363.493314    0.02676     1.6056     96.338     26.247  50105.799    31.3083     6.1307     26.000     6.1297    24.6213     8.3888    11.9884    118.848    365.641    374.643    0.03399    7.05840   10.08716  307.65325     6.1286   15.84568 1.1752e-01     0.2385     0.7319 0.0000e+00
        391 363.493327    0.02707     1.6242     97.449     27.257  50107.177    31.3092     6.1329     27.000     6.1314    24.6217     8.5249    12.1829    120.784    371.572    380.721    0.03454    7.05799   10.08657  307.63539     6.1307   15.84483 1.0547e-01     0.2537     0.7305 0.0000e+00
        395 363.493339    0.02737     1.6422     98.534     28.266  50112.909    31.3131     6.1348     28.000     6.1342    24.6245     8.6488    12.3600    122.548    376.975    386.257    0.03423    7.05750   10.08587  307.61307     6.1325   15.84374 9.5474e-02     0.2681     0.7622 0.0000e+00
        400 363.493353    0.02769     1.6614     99.683     29.276  50125.807    31.3226     6.1404     29.000     6.1421    24.6313     8.7728    12.5372    124.330    382.376    391.794    0.03355    7.05612   10.08390  307.55091     6.1381   15.84074 8.6822e-02     0.2593     0.7999 0.0000e+00
        405 363.493367    0.02803     1.6816    100.896     30.286  50134.019    31.3297     6.1502     30.000     6.1510    24.6358     8.8917    12.7072    126.049    387.557    397.104    0.03221    7.05417   10.08112  307.46466     6.1478   15.83661 7.9224e-02     0.2488     0.8049 0.0000e+00
        409 363.493381    0.02835     1.7014    102.082     31.295  50134.878    31.3310     6.1567     31.000     6.1554    24.6361     8.9951    12.8548    127.535    392.062    401.721    0.03024    7.05303   10.07949  307.41491     6.1542   15.83423 7.2705e-02     0.2509     0.8036 0.0000e+00
        414 363.493393    0.02867     1.7200    103.198     32.305  50134.667    31.3307     6.1587     32.000     6.1563    24.6356     9.0839    12.9818    128.800    395.933    405.687    0.02821    7.05272   10.07905  307.40167     6.1561   15.83360 6.7385e-02     0.2503     0.7391 0.0000e+00
        418 363.493407    0.02899     1.7395    104.369     33.314  50135.523    31.3310     6.1593     33.000     6.1568    24.6358     9.1643    13.0967    129.942    399.437    409.278    0.02568    7.05261   10.07889  307.39655     6.1566   15.83336 6.2904e-02     0.2422     0.7321 0.0000e+00
        423 363.493421    0.02932     1.7594    105.563     34.324  50136.474    31.3313     6.1598     34.000     6.1572    24.6359     9.2399    13.2047    131.016    402.731    412.653    0.02341    7.05251   10.07874  307.39215     6.1571   15.83315 5.9159e-02     0.2605     0.7568 0.0000e+00
        428 363.493434    0.02964     1.7787    106.721     35.333  50137.616    31.3317     6.1603     35.000     6.1577    24.6362     9.3055    13.2984    131.947    405.589    415.581    0.02133    7.05241   10.07859  307.38761     6.1575   15.83293 5.5992e-02     0.2779     0.7899 0.0000e+00
        432 363.493447    0.02996     1.7979    107.872     36.343  50139.273    31.3325     6.1611     36.000     6.1585    24.6368     9.3627    13.3803    132.763    408.086    418.140    0.01926    7.05224   10.07835  307.38021     6.1582   15.83257 5.3303e-02     0.2685     0.7246 0.0000e+00
        437 363.493462    0.03030     1.8179    109.076     37.352  50140.598    31.3331     6.1618     37.000     6.1590    24.6371     9.4115    13.4499    133.456    410.209    420.315    0.01691    7.05209   10.07814  307.37341     6.1588   15.83225 5.1029e-02     0.2485     0.7047 0.0000e+00
        442 363.493476    0.03064     1.8386    110.319     38.362  50143.194    31.3345     6.1624     38.000     6.1599    24.6382     9.4546    13.5116    134.072    412.090    422.244    0.01468    7.05193   10.07791  307.36621     6.1593   15.83190 4.9024e-02     0.2435     0.7123 0.0000e+00
        447 363.493490    0.03097     1.8585    111.507     39.372  50146.556    31.3367     6.1641     39.000     6.1617    24.6397     9.4920    13.5650    134.608    413.717    423.910    0.01299    7.05154   10.07736  307.34894     6.1609   15.83106 4.7339e-02     0.2571     0.7739 0.0000e+00
        452 363.493504    0.03132     1.8791    112.746     40.381  50147.765    31.3373     6.1656     40.000     6.1628    24.6401     9.5214    13.6071    135.031    415.000    425.225    0.01107    7.05126   10.07696  307.33666     6.1624   15.83048 4.5888e-02     0.2420     0.8191 0.0000e+00
        457 363.493519    0.03167     1.9002    114.013     41.391  50149.035    31.3379     6.1665     41.000     6.1634    24.6404     9.5366    13.6288    135.250    415.664    425.906    0.00858    7.05109   10.07671  307.32896     6.1632   15.83011 4.4658e-02     0.2448     0.7215 0.0000e+00
        462 363.493533    0.03202     1.9214    115.286     42.401  50150.076    31.3383     6.1671     42.000     6.1639    24.6406     9.5468    13.6433    135.396    416.105    426.358    0.00645    7.05097   10.07655  307.32389     6.1637   15.82986 4.3632e-02     0.2447     0.7210 0.0000e+00
        467 363.493548    0.03237     1.9420    116.519     43.410  50151.690    31.3390     6.1677     43.000     6.1646    24.6412     9.5584    13.6598    135.563    416.609    426.875    0.00521    7.05084   10.07636  307.31784     6.1642   15.82958 4.2776e-02     0.2387     0.7251 0.0000e+00
        472 363.493563    0.03272     1.9632    117.793     44.420  50153.626    31.3401     6.1688     44.000     6.1656    24.6419     9.5619    13.6650    135.619    416.766    427.036    0.00375    7.05061   10.07603  307.30769     6.1652   15.82909 4.2037e-02     0.2522     0.7193 0.0000e+00
        477 363.493577    0.03307     1.9843    119.055     45.429  50155.536    31.3411     6.1698     45.000     6.1664    24.6426     9.5592    13.6611    135.584    416.648    426.916    0.00228    7.05040   10.07573  307.29836     6.1661   15.82864 4.1422e-02     0.2570     0.7352 0.0000e+00
        483 363.493593    0.03344     2.0067    120.402     46.439  50156.527    31.3414     6.1703     46.000     6.1667    24.6428     9.5475    13.6443    135.419    416.135    426.390    0.00062    7.05030   10.07559  307.29382     6.1666   15.82842 4.0865e-02     0.2531     0.7356 0.0000e+00
        488 363.493607    0.03380     2.0280    121.682     47.449  50157.458    31.3417     6.1706     47.000     6.1668    24.6430     9.5216    13.6073    135.054    415.008    425.235   -0.00157    7.05025   10.07550  307.29130     6.1668   15.82829 4.0368e-02     0.2584     0.7299 0.0000e+00
        493 363.493621    0.03414     2.0479    122.877     48.459  50158.585    31.3420     6.1709     48.000     6.1671    24.6432     9.4961    13.5708    134.693    413.896    424.095   -0.00305    7.05018   10.07541  307.28845     6.1670   15.82816 3.9939e-02     0.2486     0.7439 0.0000e+00
        497 363.493635    0.03447     2.0683    124.095     49.469  50160.577    31.3430     6.1712     49.000     6.1674    24.6440     9.4553    13.5126    134.117    412.117    422.274   -0.00523    7.05007   10.07527  307.28370     6.1672   15.82793 3.9563e-02     0.2475     0.7697 0.0000e+00
        502 363.493650    0.03482     2.0893    125.359     50.478  50162.027    31.3436     6.1718     50.000     6.1677    24.6444     9.4065    13.4429    133.427    409.992    420.097   -0.00730    7.04996   10.07510  307.27852     6.1677   15.82769 3.9247e-02     0.2462     0.7140 0.0000e+00
        507 363.493664    0.03516     2.1093    126.560     51.487  50163.106    31.3440     6.1720     51.000     6.1680    24.6447     9.3584    13.3742    132.747    407.898    417.951   -0.00872    7.04990   10.07501  307.27582     6.1679   15.82755 3.8994e-02     0.2506     0.7235 0.0000e+00
        512 363.493678    0.03549     2.1294    127.764     52.498  50163.654    31.3439     6.1722     52.000     6.1681    24.6446     9.3020    13.2936    131.947    405.439    415.431   -0.01028    7.04986   10.07496  307.27411     6.1681   15.82747 3.8769e-02     0.2450     0.7916 0.0000e+00
        517 363.493692    0.03583     2.1498    128.990     53.507  50164.151    31.3438     6.1723     53.000     6.1680    24.6445     9.2350    13.1977    130.995    402.513    412.433   -0.01217    7.04986   10.07495  307.27405     6.1680   15.82747 3.8582e-02     0.2483     0.7147 0.0000e+00
