CTD-processing/allCTD/CNV/2020_09-20_t6_s04_cast004_4141.cnv
* Sea-Bird SBE19plus Data File:
* FileName = E:\2020_09-20_T6\2020_00-20_T6_S0_cast004.hex
* Software Version 1.59
* Temperature SN =  4141
* Conductivity SN =  4141
* System UpLoad Time = Sep 22 2020 14:24:30
** Cook Inlet LTM T6
** Date: 2020_09-20
** Station:S04
** Start Time: (AKDT):10:19
** Depth (m):102
** Comment:
** Comment:
# nquan = 27
# nvalues = 91                          
# units = specified
# name 0 = scan: Scan Count
# name 1 = timeJ: Julian Days
# name 2 = timeH: Time, Elapsed [hours]
# name 3 = timeM: Time, Elapsed [minutes]
# name 4 = timeS: Time, Elapsed [seconds]
# name 5 = prdM: Pressure, Strain Gauge [db]
# name 6 = specc: Specific Conductance [uS/cm]
# name 7 = sal00: Salinity, Practical [PSU]
# name 8 = tv290C: Temperature [ITS-90, deg C]
# name 9 = depSM: Depth [salt water, m], lat = 59.00
# name 10 = potemp090C: Potential Temperature [ITS-90, deg C]
# name 11 = sigma-é00: Density [sigma-theta, kg/m^3]
# name 12 = sbeox0ML/L: Oxygen, SBE 43 [ml/l]
# name 13 = sbeox0Mg/L: Oxygen, SBE 43 [mg/l]
# name 14 = sbeox0PS: Oxygen, SBE 43 [% saturation]
# name 15 = sbox0Mm/Kg: Oxygen, SBE 43 [umol/kg]
# name 16 = sbeox0Mm/L: Oxygen, SBE 43 [umol/l]
# name 17 = sbox0dV/dT: Oxygen, SBE 43 [dov/dt]
# name 18 = oxsolML/L: Oxygen Saturation, Garcia & Gordon [ml/l]
# name 19 = oxsolMg/L: Oxygen Saturation, Garcia & Gordon [mg/l]
# name 20 = oxsolMm/Kg: Oxygen Saturation, Garcia & Gordon [umol/kg]
# name 21 = n2satMg/L: Nitrogen Saturation [mg/l]
# name 22 = par: PAR/Irradiance, Biospherical/Licor
# name 23 = wetStar: Fluorescence, WET Labs WETstar [mg/m^3]
# name 24 = CStarAt0: Beam Attenuation, WET Labs C-Star [1/m]
# name 25 = CStarTr0: Beam Transmission, WET Labs C-Star [%]
# name 26 = flag: flag
# span 0 =        253,        664       
# span 1 = 264.430787, 264.431977       
# span 2 =    0.01751,    0.04607       
# span 3 =     1.0505,     2.7641       
# span 4 =     63.029,    165.843       
# span 5 =      1.005,     91.874       
# span 6 =  47594.234,  48871.188       
# span 7 =    30.2687,    30.9979       
# span 8 =     9.7723,    10.9309       
# span 9 =      1.000,     91.000       
# span 10 =     9.7653,    10.9307      
# span 11 =    23.1070,    23.8667      
# span 12 =     3.4918,     3.5824      
# span 13 =     4.9900,     5.1196      
# span 14 =     53.798,     55.567      
# span 15 =    152.419,    156.293      
# span 16 =    155.941,    159.990      
# span 17 =   -0.00214,    0.00139      
# span 18 =    6.37854,    6.51130      
# span 19 =    9.11557,    9.30529      
# span 20 =  278.43098,  284.01580      
# span 21 =   14.45428,   14.71862      
# span 22 = 4.4177e-02, 3.7956e+01      
# span 23 =     0.7789,     1.6690      
# span 24 =     0.2368,     0.7372      
# span 25 =    83.1997,    94.2423      
# span 26 = 0.0000e+00, 0.0000e+00      
# interval = meters: 1                  
# start_time = Sep 20 2020 10:19:17 [Instrument's time stamp, header]
# bad_flag = -9.990e-29
*END*
[from data line 54]
        489 264.431471    0.03392     2.0352    122.114     55.523  48816.963    30.9750     9.8045     55.000     9.7928    23.8434     3.5475     5.0697     54.512    154.741    158.431   -0.00076    6.50764    9.30007  283.86302   14.71140 7.1801e-02     0.8573     0.5007    88.2344 0.0000e+00
        495 264.431486    0.03429     2.0572    123.430     56.541  48838.776    30.9875     9.7858     56.000     9.7739    23.8561     3.5445     5.0654     54.449    154.610    158.298   -0.00094    6.50980    9.30315  283.95361   14.71568 6.7610e-02     0.8292     0.4957    88.3437 0.0000e+00
        499 264.431499    0.03458     2.0749    124.495     57.542  48851.049    30.9947     9.7777     57.000     9.7709    23.8631     3.5464     5.0682     54.471    154.691    158.382   -0.00055    6.51065    9.30438  283.98915   14.71735 6.4073e-02     0.8137     0.5029    88.1861 0.0000e+00
        504 264.431513    0.03494     2.0961    125.768     58.560  48851.470    30.9945     9.7769     58.000     9.7702    23.8630     3.5405     5.0598     54.380    154.436    158.121   -0.00097    6.51077    9.30454  283.99398   14.71758 6.1067e-02     0.8359     0.3712    91.1446 0.0000e+00
        509 264.431527    0.03525     2.1150    126.899     59.565  48853.583    30.9954     9.7760     59.000     9.7718    23.8639     3.5418     5.0616     54.399    154.490    158.177   -0.00067    6.51087    9.30468  283.99790   14.71777 5.8594e-02     0.8240     0.3505    91.6119 0.0000e+00
        513 264.431538    0.03553     2.1320    127.917     60.573  48847.149    30.9912     9.7816     60.000     9.7762    23.8597     3.5389     5.0575     54.360    154.366    158.049   -0.00065    6.51024    9.30378  283.97187   14.71654 5.6547e-02     0.8049     0.3363    91.9370 0.0000e+00
        518 264.431554    0.03589     2.1539    129.231     61.586  48845.723    30.9899     9.7832     61.000     9.7772    23.8586     3.5373     5.0551     54.336    154.294    157.975   -0.00071    6.51006    9.30353  283.96434   14.71619 5.4688e-02     0.8090     0.3048    92.6636 0.0000e+00
        523 264.431568    0.03625     2.1747    130.482     62.595  48844.430    30.9887     9.7848     62.000     9.7779    23.8574     3.5386     5.0571     54.358    154.352    158.035   -0.00035    6.50989    9.30328  283.95709   14.71584 5.3207e-02     0.7789     0.3015    92.7389 0.0000e+00
        527 264.431580    0.03653     2.1915    131.491     63.605  48845.043    30.9888     9.7849     63.000     9.7776    23.8574     3.5310     5.0461     54.239    154.017    157.691   -0.00091    6.50987    9.30326  283.95635   14.71581 5.1889e-02     0.8851     0.3031    92.7023 0.0000e+00
        532 264.431594    0.03687     2.2124    132.745     64.616  48848.141    30.9904     9.7833     64.000     9.7764    23.8589     3.5318     5.0472     54.251    154.052    157.728   -0.00077    6.51004    9.30350  283.96332   14.71613 5.0680e-02     0.8407     0.2916    92.9687 0.0000e+00
        536 264.431607    0.03718     2.2310    133.861     65.615  48846.676    30.9891     9.7849     65.000     9.7794    23.8578     3.5314     5.0467     54.246    154.035    157.710   -0.00051    6.50985    9.30324  283.95556   14.71577 4.9900e-02     0.9167     0.2911    92.9820 0.0000e+00
        542 264.431623    0.03756     2.2538    135.227     66.642  48839.858    30.9846     9.7904     66.000     9.7822    23.8533     3.5283     5.0423     54.204    153.903    157.573   -0.00066    6.50926    9.30239  283.93115   14.71462 4.8971e-02     0.9463     0.2870    93.0752 0.0000e+00
        546 264.431636    0.03786     2.2715    136.292     67.633  48849.477    30.9899     9.7819     67.000     9.7695    23.8588     3.5302     5.0451     54.225    153.986    157.660   -0.00039    6.51025    9.30380  283.97250   14.71658 4.8374e-02     0.8966     0.2892    93.0233 0.0000e+00
        551 264.431650    0.03821     2.2931    137.584     68.672  48863.286    30.9979     9.7723     68.000     9.7653    23.8667     3.5263     5.0395     54.157    153.815    157.486   -0.00063    6.51130    9.30529  284.01580   14.71862 4.7705e-02     0.8461     0.2876    93.0624 0.0000e+00
        555 264.431662    0.03850     2.3104    138.623     69.656  48860.067    30.9957     9.7760     69.000     9.7709    23.8644     3.5216     5.0327     54.088    153.608    157.274   -0.00101    6.51086    9.30467  283.99763   14.71776 4.7167e-02     0.8302     0.2915    92.9720 0.0000e+00
        562 264.431681    0.03895     2.3370    140.217     70.688  48852.949    30.9911     9.7824     70.000     9.7740    23.8598     3.5282     5.0421     54.194    153.896    157.568    0.00013    6.51014    9.30363  283.96732   14.71633 4.6611e-02     0.8269     0.2916    92.9688 0.0000e+00
        565 264.431691    0.03920     2.3519    141.117     71.676  48851.701    30.9899     9.7832     71.000     9.7749    23.8587     3.5206     5.0312     54.078    153.563    157.227   -0.00065    6.51007    9.30355  283.96489   14.71622 4.6311e-02     0.8828     0.3003    92.7685 0.0000e+00
        570 264.431704    0.03952     2.3711    142.268     72.693  48856.940    30.9926     9.7793     72.000     9.7702    23.8615     3.5204     5.0310     54.072    153.557    157.220   -0.00063    6.51052    9.30418  283.98343   14.71709 4.5979e-02     0.8205     0.3094    92.5582 0.0000e+00
        575 264.431718    0.03983     2.3899    143.397     73.709  48858.998    30.9936     9.7786     73.000     9.7707    23.8624     3.5197     5.0301     54.062    153.529    157.192   -0.00052    6.51058    9.30426  283.98576   14.71720 4.5707e-02     0.8714     0.3016    92.7355 0.0000e+00
        578 264.431727    0.04007     2.4041    144.249     74.705  48861.075    30.9945     9.7776     74.000     9.7677    23.8633     3.5202     5.0307     54.067    153.547    157.211   -0.00042    6.51068    9.30441  283.98986   14.71739 4.5561e-02     0.8647     0.3209    92.2967 0.0000e+00
        583 264.431743    0.04044     2.4261    145.564     75.721  48864.348    30.9961     9.7753     75.000     9.7673    23.8648     3.5211     5.0320     54.080    153.588    157.253   -0.00024    6.51094    9.30479  284.00098   14.71792 4.5220e-02     0.8825     0.7225    83.4583 0.0000e+00
        589 264.431758    0.04080     2.4483    146.897     76.727  48863.851    30.9954     9.7762     76.000     9.7686    23.8643     3.5158     5.0245     54.000    153.358    157.017   -0.00063    6.51085    9.30466  283.99721   14.71774 4.5077e-02     0.8942     0.7149    83.6338 0.0000e+00
        594 264.431775    0.04119     2.4717    148.300     77.745  48861.181    30.9935     9.7787     77.000     9.7711    23.8623     3.5140     5.0219     53.975    153.280    156.938   -0.00068    6.51056    9.30425  283.98528   14.71718 4.4915e-02     0.8543     0.7016    83.9136 0.0000e+00
        599 264.431788    0.04153     2.4916    149.497     78.754  48860.628    30.9928     9.7797     78.000     9.7708    23.8616     3.5132     5.0206     53.961    153.240    156.896   -0.00051    6.51044    9.30407  283.98010   14.71693 4.4787e-02     0.8669     0.6874    84.2114 0.0000e+00
        603 264.431801    0.04183     2.5096    150.579     79.754  48862.812    30.9938     9.7788     79.000     9.7698    23.8626     3.5138     5.0215     53.970    153.267    156.925   -0.00041    6.51054    9.30421  283.98404   14.71712 4.4692e-02     0.9013     0.6963    84.0226 0.0000e+00
        608 264.431815    0.04218     2.5311    151.864     80.782  48864.402    30.9942     9.7772     80.000     9.7690    23.8632     3.5136     5.0213     53.966    153.260    156.918   -0.00031    6.51074    9.30450  283.99279   14.71754 4.4528e-02     0.8123     0.7372    83.1997 0.0000e+00
        613 264.431829    0.04250     2.5500    153.000     81.775  48859.642    30.9911     9.7825     81.000     9.7762    23.8600     3.5144     5.0224     53.984    153.295    156.953   -0.00016    6.51011    9.30360  283.96621   14.71628 4.4465e-02     0.8786     0.7181    83.5759 0.0000e+00
        619 264.431846    0.04293     2.5756    154.535     82.795  48854.287    30.9876     9.7874     82.000     9.7786    23.8564     3.5113     5.0180     53.940    153.160    156.814   -0.00039    6.50956    9.30281  283.94300   14.71518 4.4387e-02     0.8512     0.6888    84.1809 0.0000e+00
        624 264.431860    0.04325     2.5950    155.702     83.800  48855.690    30.9880     9.7863     83.000     9.7748    23.8570     3.5082     5.0135     53.892    153.024    156.675   -0.00061    6.50970    9.30301  283.94910   14.71547 4.4392e-02     0.8614     0.7026    83.8929 0.0000e+00
        628 264.431873    0.04357     2.6145    156.869     84.814  48863.409    30.9923     9.7803     84.000     9.7696    23.8613     3.5070     5.0119     53.868    152.974    156.623   -0.00071    6.51038    9.30399  283.97759   14.71682 4.4353e-02     0.8522     0.6860    84.2393 0.0000e+00
        633 264.431887    0.04389     2.6333    157.998     85.820  48866.751    30.9939     9.7781     85.000     9.7687    23.8629     3.5101     5.0162     53.913    153.106    156.760   -0.00011    6.51063    9.30434  283.98805   14.71731 4.4292e-02     0.8716     0.7154    83.6243 0.0000e+00
        638 264.431900    0.04421     2.6525    159.153     86.819  48867.516    30.9941     9.7785     86.000     9.7693    23.8630     3.5076     5.0127     53.875    152.999    156.650   -0.00045    6.51057    9.30426  283.98532   14.71718 4.4294e-02     0.8242     0.7155    83.6211 0.0000e+00
        645 264.431920    0.04469     2.6816    160.898     87.855  48866.722    30.9931     9.7788     87.000     9.7691    23.8622     3.5081     5.0134     53.882    153.019    156.670   -0.00022    6.51058    9.30426  283.98582   14.71720 4.4214e-02     0.8355     0.7241    83.4415 0.0000e+00
        650 264.431935    0.04504     2.7022    162.131     88.845  48868.589    30.9939     9.7781     88.000     9.7679    23.8630     3.5058     5.0102     53.848    152.920    156.570   -0.00040    6.51062    9.30434  283.98774   14.71730 4.4205e-02     0.8952     0.7266    83.3900 0.0000e+00
        655 264.431950    0.04542     2.7251    163.508     89.866  48870.973    30.9950     9.7772     89.000     9.7679    23.8640     3.5041     5.0077     53.820    152.846    156.493   -0.00048    6.51072    9.30447  283.99158   14.71747 4.4177e-02     0.8389     0.7244    83.4350 0.0000e+00
        659 264.431962    0.04569     2.7417    164.504     90.861  48870.661    30.9945     9.7779     90.000     9.7682    23.8636     3.5068     5.0116     53.863    152.965    156.615   -0.00014    6.51063    9.30434  283.98780   14.71730 4.4268e-02     0.8316     0.7216    83.4941 0.0000e+00
        664 264.431977    0.04607     2.7641    165.843     91.874  48871.188    30.9945     9.7780     91.000     9.7674    23.8634     3.5025     5.0055     53.798    152.778    156.423   -0.00043    6.51063    9.30433  283.98763   14.71729 4.4187e-02     0.8115     0.7211    83.5035 0.0000e+00
