CTD-processing/allCTD/CNV/2020_03-18_t9-04_cast054_4141.cnv
* Sea-Bird SBE19plus Data File:
* FileName = C:\Users\Chris\Desktop\EVOSTC GWA LTM\CTD Data\2020_03-18_T9\2020_03-18_T9-0_Cast054.hex
* Software Version 1.59
* Temperature SN =  4141
* Conductivity SN =  4141
* System UpLoad Time = Mar 23 2020 14:19:59
** Cook Inlet LTM T9
** Date: 2020_03_18
** Station:9-4
** Start Time: (AKDT):14:49
** Depth (m):94
** Comment:
** Comment:
# nquan = 27
# nvalues = 88                          
# units = specified
# name 0 = scan: Scan Count
# name 1 = timeJ: Julian Days
# name 2 = timeH: Time, Elapsed [hours]
# name 3 = timeM: Time, Elapsed [minutes]
# name 4 = timeS: Time, Elapsed [seconds]
# name 5 = prdM: Pressure, Strain Gauge [db]
# name 6 = specc: Specific Conductance [uS/cm]
# name 7 = sal00: Salinity, Practical [PSU]
# name 8 = tv290C: Temperature [ITS-90, deg C]
# name 9 = depSM: Depth [salt water, m], lat = 59.00
# name 10 = potemp090C: Potential Temperature [ITS-90, deg C]
# name 11 = sigma-é00: Density [sigma-theta, kg/m^3]
# name 12 = sbeox0ML/L: Oxygen, SBE 43 [ml/l]
# name 13 = sbeox0Mg/L: Oxygen, SBE 43 [mg/l]
# name 14 = sbeox0PS: Oxygen, SBE 43 [% saturation]
# name 15 = sbox0Mm/Kg: Oxygen, SBE 43 [umol/kg]
# name 16 = sbeox0Mm/L: Oxygen, SBE 43 [umol/l]
# name 17 = sbox0dV/dT: Oxygen, SBE 43 [dov/dt]
# name 18 = oxsolML/L: Oxygen Saturation, Garcia & Gordon [ml/l]
# name 19 = oxsolMg/L: Oxygen Saturation, Garcia & Gordon [mg/l]
# name 20 = oxsolMm/Kg: Oxygen Saturation, Garcia & Gordon [umol/kg]
# name 21 = n2satMg/L: Nitrogen Saturation [mg/l]
# name 22 = par: PAR/Irradiance, Biospherical/Licor
# name 23 = wetStar: Fluorescence, WET Labs WETstar [mg/m^3]
# name 24 = CStarAt0: Beam Attenuation, WET Labs C-Star [1/m]
# name 25 = CStarTr0: Beam Transmission, WET Labs C-Star [%]
# name 26 = flag: flag
# span 0 =        168,        649       
# span 1 =  78.617568,  78.618958       
# span 2 =    0.01163,    0.04500       
# span 3 =     0.6978,     2.7000       
# span 4 =     41.870,    162.002       
# span 5 =      1.015,     88.831       
# span 6 =  51645.131,  51899.818       
# span 7 =    31.5892,    31.8102       
# span 8 =     2.6671,     3.0978       
# span 9 =      1.000,     88.000       
# span 10 =     2.6663,     3.0929      
# span 11 =    25.1882,    25.3358      
# span 12 =     6.7532,     7.2444      
# span 13 =     9.6511,    10.3530      
# span 14 =     88.199,     94.626      
# span 15 =    294.192,    315.571      
# span 16 =    301.600,    323.536      
# span 17 =   -0.00138,    0.02288      
# span 18 =    7.56869,    7.65755      
# span 19 =   10.81641,   10.94339      
# span 20 =  329.66764,  333.56454      
# span 21 =   16.89111,   17.07709      
# span 22 = 3.6170e-02, 1.4059e+02      
# span 23 =     0.2204,     0.5007      
# span 24 =     0.5090,     2.3558      
# span 25 =    63.8820,    88.0510      
# span 26 = 0.0000e+00, 0.0000e+00      
# interval = meters: 1                  
# start_time = Mar 18 2020 14:48:36 [Instrument's time stamp, header]
# bad_flag = -9.990e-29
*END*
        168  78.617568    0.01163     0.6978     41.870      1.015  51645.131    31.5892     2.6927      1.000     2.6912    25.1882     6.7532     9.6511     88.199    294.192    301.600    0.01402    7.65703   10.94266  333.56454   17.07709 7.1777e+01     0.3178     2.3558    63.8820 0.0000e+00
        264  78.617845    0.01827     1.0961     65.764      2.020  51741.176    31.6487     2.6887      2.000     2.6837    25.2360     7.2228    10.3222     94.363    314.635    322.575    0.02288    7.65440   10.93891  333.43151   17.07054 7.7755e+01     0.2300     0.8537    81.7192 0.0000e+00
        274  78.617874    0.01899     1.1394     68.366      3.024  51755.703    31.6551     2.6792      3.000     2.6752    25.2419     7.2444    10.3530     94.626    315.571    323.536    0.01765    7.65588   10.94101  333.49349   17.07346 1.0987e+02     0.2225     0.7458    82.9908 0.0000e+00
        279  78.617887    0.01929     1.1568     69.411      4.039  51765.757    31.6599     2.6738      4.000     2.6727    25.2461     7.2292    10.3313     94.417    314.907    322.857    0.01234    7.65666   10.94213  333.52618   17.07499 1.2808e+02     0.2354     0.7463    82.9796 0.0000e+00
        283  78.617899    0.01958     1.1747     70.483      5.045  51771.901    31.6627     2.6707      5.000     2.6685    25.2486     7.2100    10.3039     94.161    314.069    321.999    0.00791    7.65710   10.94277  333.54482   17.07586 1.4059e+02     0.2204     0.7418    83.0726 0.0000e+00
        287  78.617912    0.01989     1.1934     71.602      6.064  51780.983    31.6673     2.6671      6.000     2.6663    25.2525     7.1993    10.2886     94.016    313.603    321.523    0.00507    7.65755   10.94339  333.56259   17.07669 1.2909e+02     0.2282     0.7386    83.1393 0.0000e+00
        291  78.617922    0.02013     1.2078     72.470      7.059  51793.442    31.6752     2.6671      7.000     2.6686    25.2588     7.1848    10.2678     93.831    312.967    320.872    0.00301    7.65714   10.94282  333.54304   17.07572 1.0565e+02     0.2464     0.7414    83.0827 0.0000e+00
        296  78.617936    0.02046     1.2272     73.634      8.075  51794.713    31.6766     2.6713      8.000     2.6723    25.2597     7.1753    10.2542     93.718    312.553    320.448    0.00151    7.65626   10.94156  333.50426   17.07388 9.0434e+01     0.2599     0.7210    83.5072 0.0000e+00
        300  78.617949    0.02078     1.2469     74.811      9.085  51793.077    31.6757     2.6737      9.000     2.6739    25.2587     7.1770    10.2565     93.744    312.625    320.522    0.00116    7.65585   10.94098  333.48698   17.07306 7.4209e+01     0.2912     0.7211    83.5052 0.0000e+00
        304  78.617961    0.02107     1.2643     75.857     10.095  51804.767    31.6841     2.6779     10.000     2.6831    25.2652     7.1693    10.2456     93.660    312.291    320.182    0.00050    7.65460   10.93920  333.43038   17.07034 6.1986e+01     0.3142     0.7205    83.5176 0.0000e+00
        309  78.617973    0.02136     1.2813     76.878     11.106  51808.331    31.6891     2.6890     11.000     2.6930    25.2682     7.1690    10.2452     93.685    312.276    320.167    0.00031    7.65223   10.93580  333.32607   17.06537 5.2351e+01     0.3429     0.7092    83.7523 0.0000e+00
        313  78.617985    0.02164     1.2980     77.881     12.112  51813.220    31.6944     2.6983     12.000     2.7011    25.2717     7.1753    10.2542     93.792    312.549    320.448    0.00081    7.65018   10.93287  333.23549   17.06105 4.3314e+01     0.3351     0.6961    84.0278 0.0000e+00
        317  78.617997    0.02192     1.3154     78.922     13.124  51805.457    31.6900     2.7034     13.000     2.7028    25.2678     7.1619    10.2351     93.627    311.968    319.850   -0.00019    7.64943   10.93181  333.20435   17.05958 3.6091e+01     0.3924     0.6868    84.2233 0.0000e+00
        321  78.618009    0.02223     1.3337     80.019     14.132  51809.593    31.6926     2.7047     14.000     2.7050    25.2698     7.1600    10.2324     93.607    311.885    319.767   -0.00046    7.64905   10.93125  333.18690   17.05874 3.0488e+01     0.4098     0.6785    84.3994 0.0000e+00
        326  78.618023    0.02254     1.3522     81.131     15.145  51812.808    31.6949     2.7068     15.000     2.7077    25.2714     7.1573    10.2285     93.578    311.768    319.646   -0.00043    7.64852   10.93051  333.16348   17.05762 2.5674e+01     0.4255     0.6781    84.4059 0.0000e+00
        329  78.618033    0.02280     1.3680     82.081     16.150  51815.903    31.6974     2.7105     16.000     2.7113    25.2732     7.1482    10.2155     93.469    311.368    319.238   -0.00108    7.64770   10.92932  333.12680   17.05587 2.1628e+01     0.4432     0.6729    84.5164 0.0000e+00
        333  78.618045    0.02308     1.3845     83.070     17.161  51819.635    31.7001     2.7135     17.000     2.7149    25.2752     7.1533    10.2227     93.544    311.590    319.466   -0.00053    7.64696   10.92827  333.09434   17.05432 1.8213e+01     0.4512     0.6629    84.7287 0.0000e+00
        337  78.618056    0.02335     1.4009     84.053     18.173  51834.713    31.7116     2.7199     18.000     2.7255    25.2838     7.1502    10.2184     93.527    311.455    319.330   -0.00043    7.64515   10.92568  333.01265   17.05039 1.5282e+01     0.4824     0.6496    85.0098 0.0000e+00
        341  78.618067    0.02361     1.4169     85.016     19.175  51841.974    31.7196     2.7334     19.000     2.7408    25.2891     7.1446    10.2103     93.489    311.206    319.077   -0.00067    7.64215   10.92141  332.88049   17.04408 1.2961e+01     0.5007     0.6319    85.3873 0.0000e+00
        346  78.618081    0.02396     1.4372     86.234     20.194  51849.724    31.7305     2.7560     20.000     2.7637    25.2960     7.1418    10.2064     93.513    311.086    318.955   -0.00036    7.63727   10.91443  332.66547   17.03383 1.1220e+01     0.4638     0.5916    86.2532 0.0000e+00
        350  78.618093    0.02425     1.4547     87.284     21.211  51841.532    31.7291     2.7732     21.000     2.7763    25.2934     7.1354    10.1972     93.468    310.805    318.667   -0.00058    7.63409   10.90987  332.52747   17.02728 9.5529e+00     0.4662     0.5814    86.4726 0.0000e+00
        353  78.618102    0.02444     1.4666     87.995     22.199  51834.911    31.7254     2.7782     22.000     2.7785    25.2902     7.1348    10.1963     93.468    310.779    318.638   -0.00052    7.63331   10.90875  332.49442   17.02572 8.1655e+00     0.4473     0.5844    86.4085 0.0000e+00
        357  78.618113    0.02472     1.4831     88.985     23.214  51838.698    31.7283     2.7809     23.000     2.7831    25.2922     7.1301    10.1896     93.416    310.575    318.430   -0.00073    7.63265   10.90782  332.46529   17.02432 6.9819e+00     0.4365     0.5750    86.6104 0.0000e+00
        362  78.618128    0.02506     1.5035     90.210     24.226  51843.034    31.7339     2.7929     24.000     2.7956    25.2957     7.1329    10.1937     93.485    310.697    318.557   -0.00028    7.63007   10.90413  332.35167   17.01891 5.9906e+00     0.4527     0.5669    86.7848 0.0000e+00
        367  78.618142    0.02541     1.5246     91.475     25.246  51833.558    31.7287     2.7996     25.000     2.7982    25.2911     7.1245    10.1816     93.386    310.331    318.179   -0.00061    7.62908   10.90272  332.31019   17.01696 5.1680e+00     0.4565     0.5609    86.9162 0.0000e+00
        371  78.618153    0.02566     1.5400     92.399     26.250  51837.455    31.7309     2.7999     26.000     2.7997    25.2928     7.1141    10.1668     93.253    309.878    317.716   -0.00138    7.62888   10.90244  332.30112   17.01652 4.4504e+00     0.4599     0.5686    86.7495 0.0000e+00
        374  78.618163    0.02589     1.5536     93.218     27.252  51838.451    31.7317     2.8023     27.000     2.8021    25.2932     7.1148    10.1679     93.268    309.911    317.750   -0.00109    7.62840   10.90175  332.28004   17.01552 3.8054e+00     0.4481     0.5691    86.7392 0.0000e+00
        378  78.618174    0.02618     1.5706     94.236     28.262  51837.264    31.7309     2.8043     28.000     2.8033    25.2924     7.1204    10.1758     93.346    310.154    317.999   -0.00053    7.62805   10.90124  332.26474   17.01479 3.2666e+00     0.4411     0.5624    86.8829 0.0000e+00
        383  78.618188    0.02652     1.5908     95.450     29.278  51839.239    31.7321     2.8058     29.000     2.8050    25.2933     7.1210    10.1765     93.356    310.176    318.022   -0.00037    7.62770   10.90076  332.24970   17.01407 2.7953e+00     0.4367     0.5562    87.0188 0.0000e+00
        387  78.618200    0.02681     1.6087     96.519     30.286  51840.287    31.7328     2.8074     30.000     2.8066    25.2937     7.1220    10.1781     93.374    310.222    318.069   -0.00019    7.62737   10.90028  332.23505   17.01337 2.4101e+00     0.4468     0.5573    86.9956 0.0000e+00
        391  78.618212    0.02709     1.6255     97.532     31.298  51842.783    31.7345     2.8097     31.000     2.8096    25.2949     7.1159    10.1693     93.301    309.956    317.796   -0.00067    7.62685   10.89953  332.21156   17.01225 2.0849e+00     0.4535     0.5563    87.0160 0.0000e+00
        395  78.618223    0.02735     1.6410     98.462     32.305  51844.500    31.7360     2.8129     32.000     2.8131    25.2958     7.1219    10.1779     93.388    310.216    318.064   -0.00012    7.62615   10.89853  332.18100   17.01079 1.7971e+00     0.4478     0.5560    87.0228 0.0000e+00
        399  78.618234    0.02761     1.6567     99.400     33.306  51841.920    31.7345     2.8157     33.000     2.8141    25.2944     7.1146    10.1675     93.297    309.900    317.739   -0.00050    7.62571   10.89791  332.16256   17.00992 1.5482e+00     0.4471     0.5544    87.0580 0.0000e+00
        404  78.618249    0.02797     1.6782    100.690     34.332  51844.737    31.7360     2.8161     34.000     2.8157    25.2956     7.1136    10.1660     93.286    309.856    317.693   -0.00064    7.62555   10.89767  332.15480   17.00955 1.3310e+00     0.4462     0.5433    87.2987 0.0000e+00
        408  78.618260    0.02823     1.6940    101.642     35.331  51844.249    31.7361     2.8197     35.000     2.8185    25.2954     7.1153    10.1685     93.317    309.928    317.768   -0.00030    7.62485   10.89667  332.12447   17.00810 1.1372e+00     0.4233     0.5541    87.0639 0.0000e+00
        412  78.618271    0.02851     1.7107    102.644     36.336  51843.377    31.7353     2.8207     36.000     2.8186    25.2946     7.1155    10.1688     93.322    309.938    317.778   -0.00028    7.62473   10.89650  332.11948   17.00787 9.8959e-01     0.4444     0.5529    87.0894 0.0000e+00
        417  78.618287    0.02890     1.7340    104.042     37.360  51845.040    31.7357     2.8203     37.000     2.8190    25.2951     7.1164    10.1701     93.333    309.978    317.820   -0.00024    7.62476   10.89654  332.12069   17.00793 8.6068e-01     0.4223     0.5423    87.3223 0.0000e+00
        421  78.618300    0.02919     1.7513    105.081     38.362  51849.957    31.7394     2.8232     38.000     2.8234    25.2977     7.1169    10.1709     93.349    310.002    317.844   -0.00010    7.62402   10.89549  332.08769   17.00635 7.3781e-01     0.4243     0.5493    87.1691 0.0000e+00
        425  78.618311    0.02946     1.7679    106.071     39.371  51848.876    31.7390     2.8267     39.000     2.8259    25.2972     7.1144    10.1671     93.322    309.887    317.726   -0.00029    7.62338   10.89457  332.05998   17.00504 6.3724e-01     0.4583     0.5630    86.8714 0.0000e+00
        429  78.618323    0.02974     1.7846    107.074     40.379  51853.272    31.7423     2.8300     40.000     2.8311    25.2995     7.1116    10.1632     93.296    309.766    317.603   -0.00042    7.62260   10.89345  332.02495   17.00335 5.4875e-01     0.4352     0.5812    86.4774 0.0000e+00
        435  78.618338    0.03012     1.8073    108.436     41.391  51859.292    31.7495     2.8434     41.000     2.8465    25.3042     7.1157    10.1690     93.385    309.944    317.787    0.00006    7.61967   10.88927  331.89623   16.99721 4.8054e-01     0.4409     0.5402    87.3696 0.0000e+00
        440  78.618354    0.03050     1.8298    109.785     42.404  51855.305    31.7498     2.8565     42.000     2.8575    25.3034     7.1167    10.1705     93.430    309.988    317.832    0.00025    7.61717   10.88569  331.78732   16.99204 4.1547e-01     0.4425     0.5257    87.6861 0.0000e+00
        444  78.618365    0.03075     1.8453    110.716     43.418  51855.779    31.7513     2.8627     43.000     2.8634    25.3040     7.1181    10.1725     93.463    310.047    317.893    0.00029    7.61593   10.88392  331.73310   16.98946 3.5914e-01     0.4230     0.5277    87.6429 0.0000e+00
        447  78.618374    0.03097     1.8584    111.502     44.406  51854.948    31.7514     2.8673     44.000     2.8677    25.3038     7.1079    10.1580     93.342    309.607    317.441   -0.00032    7.61502   10.88263  331.69387   16.98759 3.1376e-01     0.4215     0.5302    87.5865 0.0000e+00
        452  78.618389    0.03134     1.8802    112.814     45.432  51853.749    31.7517     2.8734     45.000     2.8725    25.3035     7.1048    10.1535     93.315    309.471    317.302   -0.00053    7.61385   10.88095  331.64279   16.98516 2.7434e-01     0.4033     0.5136    87.9498 0.0000e+00
        457  78.618404    0.03168     1.9008    114.048     46.436  51854.294    31.7525     2.8769     46.000     2.8760    25.3039     7.1023    10.1499     93.290    309.360    317.188   -0.00056    7.61315   10.87995  331.61205   16.98370 2.3937e-01     0.4206     0.5159    87.8993 0.0000e+00
        462  78.618416    0.03200     1.9202    115.213     47.457  51853.791    31.7526     2.8804     47.000     2.8789    25.3037     7.1037    10.1519     93.316    309.420    317.249   -0.00041    7.61247   10.87898  331.58288   16.98232 2.0868e-01     0.4194     0.5127    87.9701 0.0000e+00
        465  78.618427    0.03225     1.9352    116.113     48.462  51855.117    31.7535     2.8822     48.000     2.8807    25.3042     7.1098    10.1607     93.402    309.689    317.525    0.00013    7.61209   10.87844  331.56584   16.98150 1.8225e-01     0.4201     0.5177    87.8582 0.0000e+00
        469  78.618437    0.03250     1.9498    116.990     49.459  51854.697    31.7531     2.8840     49.000     2.8821    25.3037     7.1032    10.1511     93.319    309.401    317.229   -0.00036    7.61177   10.87798  331.55206   16.98085 1.6091e-01     0.4145     0.5187    87.8392 0.0000e+00
        474  78.618452    0.03284     1.9703    118.218     50.482  51858.729    31.7560     2.8867     50.000     2.8861    25.3059     7.1051    10.1539     93.351    309.481    317.313   -0.00015    7.61113   10.87705  331.52323   16.97947 1.4171e-01     0.4433     0.5090    88.0510 0.0000e+00
        478  78.618464    0.03314     1.9885    119.312     51.486  51856.412    31.7552     2.8916     51.000     2.8899    25.3048     7.1039    10.1520     93.346    309.428    317.257   -0.00024    7.61022   10.87576  331.48393   16.97761 1.2515e-01     0.3980     0.5117    87.9922 0.0000e+00
        483  78.618477    0.03345     2.0069    120.416     52.501  51866.212    31.7624     2.8955     52.000     2.8978    25.3103     7.0975    10.1430     93.276    309.150    316.975   -0.00053    7.60911   10.87418  331.43421   16.97521 1.1065e-01     0.4233     0.5116    87.9942 0.0000e+00
        487  78.618489    0.03372     2.0234    121.405     53.507  51871.141    31.7682     2.9066     53.000     2.9105    25.3140     7.0973    10.1427     93.303    309.139    316.964   -0.00043    7.60671   10.87076  331.32866   16.97017 9.8638e-02     0.4027     0.5162    87.8929 0.0000e+00
