CTD-processing/allCTD/CNV/2020_08-14_t9_s03_cast157_4141.cnv
* Sea-Bird SBE19plus Data File:
* FileName = E:\2020_08-14_T9\2020_08-14_T9_S01_cast157.hex
* Software Version 1.59
* Temperature SN =  4141
* Conductivity SN =  4141
* System UpLoad Time = Aug 18 2020 11:05:06
** Cook Inlet LTM T9
** Date: 2020_08-14
** Station:S03
** Start Time: (AKDT):14:11
** Depth (m):92
** Comment:
** Comment:
# nquan = 27
# nvalues = 85                          
# units = specified
# name 0 = scan: Scan Count
# name 1 = timeJ: Julian Days
# name 2 = timeH: Time, Elapsed [hours]
# name 3 = timeM: Time, Elapsed [minutes]
# name 4 = timeS: Time, Elapsed [seconds]
# name 5 = prdM: Pressure, Strain Gauge [db]
# name 6 = specc: Specific Conductance [uS/cm]
# name 7 = sal00: Salinity, Practical [PSU]
# name 8 = tv290C: Temperature [ITS-90, deg C]
# name 9 = depSM: Depth [salt water, m], lat = 59.00
# name 10 = potemp090C: Potential Temperature [ITS-90, deg C]
# name 11 = sigma-é00: Density [sigma-theta, kg/m^3]
# name 12 = sbeox0ML/L: Oxygen, SBE 43 [ml/l]
# name 13 = sbeox0Mg/L: Oxygen, SBE 43 [mg/l]
# name 14 = sbeox0PS: Oxygen, SBE 43 [% saturation]
# name 15 = sbox0Mm/Kg: Oxygen, SBE 43 [umol/kg]
# name 16 = sbeox0Mm/L: Oxygen, SBE 43 [umol/l]
# name 17 = sbox0dV/dT: Oxygen, SBE 43 [dov/dt]
# name 18 = oxsolML/L: Oxygen Saturation, Garcia & Gordon [ml/l]
# name 19 = oxsolMg/L: Oxygen Saturation, Garcia & Gordon [mg/l]
# name 20 = oxsolMm/Kg: Oxygen Saturation, Garcia & Gordon [umol/kg]
# name 21 = n2satMg/L: Nitrogen Saturation [mg/l]
# name 22 = par: PAR/Irradiance, Biospherical/Licor
# name 23 = wetStar: Fluorescence, WET Labs WETstar [mg/m^3]
# name 24 = CStarAt0: Beam Attenuation, WET Labs C-Star [1/m]
# name 25 = CStarTr0: Beam Transmission, WET Labs C-Star [%]
# name 26 = flag: flag
# span 0 =        288,        662       
# span 1 = 227.591571, 227.592653       
# span 2 =    0.01993,    0.04589       
# span 3 =     1.1957,     2.7537       
# span 4 =     71.740,    165.221       
# span 5 =      1.013,     85.802       
# span 6 =  42771.370,  49664.386       
# span 7 =    27.1234,    31.5389       
# span 8 =     9.5705,    13.7442       
# span 9 =      1.000,     85.000       
# span 10 =     9.5224,    13.4306      
# span 11 =    20.1594,    24.3130      
# span 12 =     5.8014,     6.7677      
# span 13 =     8.2908,     9.6718      
# span 14 =     89.007,    108.295      
# span 15 =    252.943,    295.265      
# span 16 =    259.093,    302.247      
# span 17 =   -0.01599,    0.02921      
# span 18 =    6.13062,    6.51801      
# span 19 =    8.76127,    9.31487      
# span 20 =  268.10095,  284.18436      
# span 21 =   13.96229,   14.72454      
# span 22 = 6.0819e-02, 6.1311e+02      
# span 23 =     0.1661,     5.1642      
# span 24 =     0.4815,     3.6388      
# span 25 =    40.8492,    88.6594      
# span 26 = 0.0000e+00, 0.0000e+00      
# interval = meters: 1                  
# start_time = Aug 14 2020 14:10:40 [Instrument's time stamp, header]
# bad_flag = -9.990e-29
*END*
        288 227.591571    0.01993     1.1957     71.740      1.013  42771.370    27.1234    13.7442      1.000    13.4306    20.1594     6.2558     8.9402    102.043    273.863    279.385    0.02137    6.13062    8.76127  268.38324   13.98522 6.1311e+02     0.8472     2.2749    56.8083 0.0000e+00
        292 227.591584    0.02024     1.2143     72.858      2.019  46214.143    29.4923    12.9913      2.000    12.6212    22.1322     6.3391     9.0593    103.310    276.976    283.106    0.02449    6.13602    8.76898  268.10095   13.96229 4.5077e+02     0.7699     3.6388    40.8492 0.0000e+00
        296 227.591595    0.02052     1.2311     73.865      3.031  47904.018    30.6286    12.3092      3.000    12.1210    23.1395     6.4198     9.1745    103.877    280.223    286.707    0.01812    6.18014    8.83204  269.76289   14.03750 2.0767e+02     0.9293     3.5917    40.9721 0.0000e+00
        300 227.591607    0.02078     1.2468     74.806      4.037  48301.053    30.8808    12.0072      4.000    11.8868    23.3906     6.5420     9.3492    105.349    285.487    292.165    0.02283    6.20973    8.87433  270.98796   14.09525 1.1536e+02     2.1617     2.7046    51.0384 0.0000e+00
        304 227.591618    0.02105     1.2629     75.777      5.047  48523.185    31.0155    11.7837      5.000    11.6933    23.5359     6.6881     9.5579    107.284    291.820    298.689    0.02921    6.23389    8.90885  272.00364   14.14340 7.0275e+01     3.7720     2.1288    58.8079 0.0000e+00
        308 227.591629    0.02132     1.2792     76.750      6.058  48697.815    31.1237    11.6349      6.000    11.6053    23.6468     6.7677     9.6718    108.295    295.265    302.247    0.02901    6.24933    8.93092  272.64778   14.17385 4.4662e+01     4.8876     1.6967    65.4395 0.0000e+00
        312 227.591641    0.02159     1.2955     77.730      7.064  48721.523    31.1334    11.5702      7.000    11.5197    23.6659     6.7098     9.5889    107.227    292.730    299.657    0.01385    6.25755    8.94266  273.00118   14.19075 3.0835e+01     5.1642     1.5048    68.6532 0.0000e+00
        316 227.591653    0.02189     1.3134     78.806      8.077  48808.327    31.1833    11.4652      8.000    11.4385    23.7235     6.6241     9.4664    105.654    288.975    295.830   -0.00222    6.26958    8.95986  273.51099   14.21497 2.1670e+01     4.9058     1.3043    72.1907 0.0000e+00
        320 227.591665    0.02218     1.3308     79.847      9.084  48849.538    31.2076    11.4226      9.000    11.4087    23.7500     6.5638     9.3803    104.614    286.339    293.139   -0.00858    6.27432    8.96663  273.71043   14.22443 1.6144e+01     4.3575     1.0229    77.4516 0.0000e+00
        325 227.591677    0.02248     1.3491     80.945     10.094  48869.025    31.2181    11.3952     10.000    11.3855    23.7630     6.4819     9.2633    103.255    282.763    289.482   -0.01550    6.27757    8.97128  273.84890   14.23103 1.2607e+01     4.0193     0.8785    80.2845 0.0000e+00
        329 227.591691    0.02280     1.3679     82.071     11.103  48873.896    31.2192    11.3771     11.000    11.3645    23.7671     6.4358     9.1974    102.482    280.750    287.423   -0.01599    6.27996    8.97468  273.95188   14.23596 9.8959e+00     3.8754     0.8250    81.3650 0.0000e+00
        334 227.591704    0.02314     1.3882     83.292     12.113  48879.224    31.2190    11.3442     12.000    11.3270    23.7728     6.4214     9.1768    102.180    280.120    286.779   -0.01272    6.28436    8.98098  274.14246   14.24509 7.7405e+00     3.7479     0.8768    80.3179 0.0000e+00
        339 227.591719    0.02348     1.4087     84.522     13.130  48900.351    31.2300    11.3117     13.000    11.3016    23.7871     6.3680     9.1005    101.267    277.786    284.394   -0.01418    6.28830    8.98660  274.31031   14.25309 5.9883e+00     3.4444     0.9619    78.6242 0.0000e+00
        343 227.591730    0.02375     1.4253     85.516     14.132  48907.209    31.2324    11.2925     14.000    11.2822    23.7924     6.3257     9.0401    100.556    275.942    282.507   -0.01503    6.29078    8.99016  274.41724   14.25820 4.6727e+00     3.1783     1.0131    77.6249 0.0000e+00
        347 227.591743    0.02405     1.4426     86.557     15.141  48919.458    31.2390    11.2777     15.000    11.2703    23.8001     6.2953     8.9965    100.044    274.610    281.146   -0.01426    6.29252    8.99264  274.49089   14.26171 3.6070e+00     2.9834     0.9472    78.9187 0.0000e+00
        352 227.591755    0.02434     1.4605     87.630     16.150  48921.813    31.2388    11.2642     16.000    11.2509    23.8023     6.2734     8.9653     99.668    273.656    280.170   -0.01252    6.29434    8.99523  274.56949   14.26547 2.8342e+00     2.8068     0.8357    81.1460 0.0000e+00
        356 227.591768    0.02466     1.4795     88.773     17.162  48927.193    31.2386    11.2308     17.000    11.2083    23.8081     6.2422     8.9207     99.100    272.292    278.774   -0.01230    6.29884    9.00167  274.76458   14.27481 2.2599e+00     2.7277     0.8077    81.7159 0.0000e+00
        361 227.591781    0.02497     1.4982     89.894     18.168  48960.012    31.2570    11.1904     18.000    11.1827    23.8294     6.2238     8.8942     98.733    271.481    277.950   -0.01081    6.30356    9.00842  274.96477   14.28433 1.7966e+00     2.5399     0.9386    79.0864 0.0000e+00
        365 227.591795    0.02531     1.5182     91.092     19.179  48968.730    31.2618    11.1822     19.000    11.1787    23.8347     6.1879     8.8431     98.150    269.917    276.350   -0.01129    6.30448    9.00974  275.00352   14.28617 1.3934e+00     2.2106     1.0089    77.7068 0.0000e+00
        370 227.591810    0.02565     1.5392     92.352     20.191  48970.340    31.2622    11.1794     20.000    11.1765    23.8356     6.1480     8.7861     97.512    268.177    274.569   -0.01140    6.30484    9.01025  275.01890   14.28690 1.0716e+00     2.0316     1.0145    77.5987 0.0000e+00
        375 227.591824    0.02599     1.5597     93.579     21.203  48969.734    31.2613    11.1789     21.000    11.1741    23.8350     6.1197     8.7457     97.062    266.943    273.305   -0.01057    6.30494    9.01039  275.02342   14.28712 8.3435e-01     1.9809     0.9775    78.3205 0.0000e+00
        380 227.591836    0.02629     1.5773     94.641     22.209  48972.099    31.2618    11.1719     22.000    11.1668    23.8366     6.1137     8.7371     96.953    266.682    273.039   -0.00852    6.30587    9.01171  275.06333   14.28904 6.5355e-01     1.9733     0.9995    77.8910 0.0000e+00
        384 227.591848    0.02657     1.5942     95.654     23.218  48976.263    31.2639    11.1682     23.000    11.1644    23.8389     6.1075     8.7282     96.848    266.411    272.761   -0.00643    6.30629    9.01231  275.08115   14.28988 5.1236e-01     1.9770     0.9931    78.0141 0.0000e+00
        388 227.591860    0.02686     1.6113     96.677     24.230  48975.031    31.2622    11.1644     24.000    11.1578    23.8382     6.0838     8.6943     96.462    265.373    271.699   -0.00732    6.30686    9.01313  275.10627   14.29109 4.0205e-01     1.8839     0.9791    78.2875 0.0000e+00
        392 227.591871    0.02713     1.6279     97.673     25.237  48978.950    31.2638    11.1577     25.000    11.1525    23.8407     6.0807     8.6900     96.401    265.242    271.566   -0.00574    6.30772    9.01435  275.14290   14.29284 3.1981e-01     1.8718     0.9685    78.4963 0.0000e+00
        396 227.591883    0.02741     1.6447     98.684     26.249  48981.239    31.2646    11.1537     26.000    11.1490    23.8420     6.0671     8.6704     96.177    264.646    270.955   -0.00567    6.30821    9.01507  275.16425   14.29386 2.5727e-01     1.8329     0.9632    78.5993 0.0000e+00
        400 227.591894    0.02768     1.6610     99.659     27.255  48984.090    31.2659    11.1515     27.000    11.1474    23.8435     6.0586     8.6584     96.040    264.276    270.579   -0.00492    6.30847    9.01543  275.17513   14.29438 2.0990e-01     1.8266     0.9240    79.3756 0.0000e+00
        404 227.591906    0.02797     1.6780    100.680     28.265  48983.993    31.2653    11.1498     28.000    11.1454    23.8433     6.0354     8.6251     95.667    263.262    269.539   -0.00608    6.30872    9.01579  275.18590   14.29490 1.7397e-01     1.8048     0.8808    80.2359 0.0000e+00
        408 227.591918    0.02826     1.6960    101.758     29.276  48985.915    31.2659    11.1471     29.000    11.1428    23.8443     6.0397     8.6313     95.731    263.451    269.733   -0.00432    6.30905    9.01627  275.20038   14.29559 1.4735e-01     1.7970     0.7834    82.2217 0.0000e+00
        412 227.591931    0.02856     1.7138    102.826     30.290  48983.846    31.2639    11.1458     30.000    11.1393    23.8430     6.0318     8.6201     95.603    263.109    269.382   -0.00348    6.30930    9.01663  275.21169   14.29614 1.2705e-01     1.8118     0.7003    83.9407 0.0000e+00
        416 227.591942    0.02883     1.7295    103.772     31.289  48985.880    31.2641    11.1384     31.000    11.1318    23.8444     6.0341     8.6233     95.623    263.207    269.483   -0.00271    6.31030    9.01805  275.25482   14.29820 1.1215e-01     1.8047     0.6343    85.3402 0.0000e+00
        421 227.591955    0.02915     1.7487    104.923     32.304  48993.601    31.2689    11.1358     32.000    11.1328    23.8486     6.0315     8.6195     95.578    263.090    269.364   -0.00233    6.31046    9.01828  275.26064   14.29846 1.0136e-01     1.7764     0.6270    85.4947 0.0000e+00
        426 227.591969    0.02948     1.7691    106.145     33.314  48990.582    31.2665    11.1369     33.000    11.1315    23.8466     6.0147     8.5956     95.313    262.358    268.615   -0.00308    6.31040    9.01820  275.25862   14.29838 9.2410e-02     1.7514     0.6939    84.0768 0.0000e+00
        431 227.591984    0.02983     1.7897    107.384     34.322  48980.013    31.2579    11.1308     34.000    11.1167    23.8410     6.0063     8.5836     95.163    261.994    268.240   -0.00328    6.31158    9.01988  275.31155   14.30095 8.5253e-02     1.7450     0.6677    84.6297 0.0000e+00
        436 227.591998    0.03019     1.8111    108.668     35.338  48995.078    31.2646    11.0989     35.000    11.0869    23.8517     6.0043     8.5808     95.071    261.907    268.154   -0.00266    6.31564    9.02568  275.48577   14.30926 8.0327e-02     1.7036     0.5181    87.8595 0.0000e+00
        440 227.592011    0.03049     1.8290    109.741     36.343  49006.596    31.2709    11.0865     36.000    11.0773    23.8589     6.0051     8.5819     95.061    261.937    268.187   -0.00213    6.31706    9.02772  275.54589   14.31212 7.7070e-02     1.6458     0.5206    87.7977 0.0000e+00
        444 227.592023    0.03077     1.8466    110.795     37.352  49012.777    31.2739    11.0772     37.000    11.0694    23.8628     6.0045     8.5811     95.035    261.913    268.164   -0.00161    6.31821    9.02936  275.59488   14.31446 7.4506e-02     1.5708     0.5125    87.9751 0.0000e+00
        448 227.592035    0.03107     1.8645    111.869     38.362  49017.395    31.2759    11.0704     38.000    11.0637    23.8656     5.9905     8.5610     94.801    261.299    267.535   -0.00264    6.31903    9.03053  275.62995   14.31612 7.2286e-02     1.5441     0.4913    88.4411 0.0000e+00
        453 227.592048    0.03136     1.8817    112.902     39.373  49001.754    31.2637    11.0636     39.000    11.0397    23.8573     5.9897     8.5599     94.768    261.269    267.502   -0.00258    6.32046    9.03257  275.69436   14.31926 7.0551e-02     1.5157     0.5013    88.2206 0.0000e+00
        457 227.592059    0.03164     1.8982    113.892     40.382  49004.585    31.2588    11.0062     40.000    10.9642    23.8635     5.9871     8.5561     94.605    261.150    267.382   -0.00258    6.32845    9.04398  276.04113   14.33588 6.9077e-02     1.4831     0.4815    88.6594 0.0000e+00
        461 227.592071    0.03191     1.9148    114.889     41.389  49068.338    31.2971    10.9495     41.000    10.9367    23.9031     5.9746     8.5382     94.316    260.593    266.822   -0.00414    6.33462    9.05280  276.29963   14.34812 6.7746e-02     1.3825     0.5129    87.9657 0.0000e+00
        465 227.592083    0.03221     1.9328    115.967     42.402  49088.772    31.3097    10.9366     42.000    10.9303    23.9151     5.9556     8.5112     93.999    259.766    265.978   -0.00503    6.33588    9.05460  276.35122   14.35053 6.6761e-02     1.1567     0.5691    86.7397 0.0000e+00
        469 227.592095    0.03251     1.9507    117.040     43.409  49094.596    31.3131    10.9345     43.000    10.9286    23.9183     5.9308     8.4757     93.605    258.685    264.872   -0.00614    6.33602    9.05481  276.35674   14.35079 6.5910e-02     1.0270     0.6099    85.8581 0.0000e+00
        474 227.592108    0.03282     1.9689    118.135     44.420  49095.912    31.3134    10.9321     44.000    10.9213    23.9189     5.9152     8.4535     93.354    258.004    264.175   -0.00619    6.33636    9.05529  276.37125   14.35148 6.5078e-02     1.0224     0.5855    86.3843 0.0000e+00
        478 227.592121    0.03313     1.9879    119.273     45.429  49082.999    31.3017    10.9135     45.000    10.8919    23.9130     5.9116     8.4482     93.251    257.846    264.011   -0.00494    6.33935    9.05956  276.50330   14.35785 6.4462e-02     0.9627     0.5732    86.6544 0.0000e+00
        483 227.592135    0.03346     2.0075    120.452     46.436  49090.798    31.3018    10.8705     46.000    10.8539    23.9206     5.9200     8.4602     93.298    258.210    264.386   -0.00315    6.34522    9.06795  276.75744   14.37002 6.3930e-02     0.8843     0.5126    87.9741 0.0000e+00
        488 227.592150    0.03381     2.0288    121.727     47.452  49141.263    31.3365    10.8649     47.000    10.8707    23.9485     5.9038     8.4371     93.053    257.498    263.664   -0.00365    6.34458    9.06705  276.72201   14.36819 6.3450e-02     0.8365     0.6026    86.0212 0.0000e+00
        493 227.592163    0.03415     2.0489    122.935     48.458  49120.682    31.3240    10.8867     48.000    10.8782    23.9351     5.8834     8.4080     92.768    256.613    262.756   -0.00427    6.34211    9.06351  276.61779   14.36325 6.3144e-02     0.7921     0.7078    83.7864 0.0000e+00
        498 227.592178    0.03448     2.0690    124.143     49.473  49098.051    31.3051    10.8656     49.000    10.8426    23.9240     5.8770     8.3987     92.612    256.332    262.465   -0.00409    6.34576    9.06873  276.77997   14.37109 6.2776e-02     0.8150     0.7177    83.5865 0.0000e+00
        502 227.592190    0.03479     2.0872    125.233     50.475  49143.976    31.3345    10.8411     50.000    10.8373    23.9510     5.8770     8.3988     92.582    256.328    262.466   -0.00303    6.34792    9.07181  276.86690   14.37514 6.2475e-02     0.7959     0.6501    85.0042 0.0000e+00
        507 227.592204    0.03511     2.1066    126.393     51.491  49187.500    31.3664    10.8546     51.000    10.8628    23.9736     5.8681     8.3860     92.485    255.929    262.065   -0.00298    6.34479    9.06734  276.72423   14.36818 6.2181e-02     0.7333     0.5748    86.6147 0.0000e+00
        511 227.592215    0.03539     2.1230    127.382     52.496  49160.566    31.3488    10.8705     52.000    10.8510    23.9571     5.8725     8.3924     92.577    256.129    262.266   -0.00155    6.34331    9.06523  276.66423   14.36537 6.2183e-02     0.7114     0.6403    85.2138 0.0000e+00
        515 227.592227    0.03567     2.1402    128.414     53.509  49165.733    31.3487    10.8427     53.000    10.8239    23.9620     5.8931     8.4219     92.847    257.028    263.187    0.00054    6.34713    9.07068  276.82947   14.37329 6.1988e-02     0.7333     0.7080    83.7819 0.0000e+00
