CTD-processing/allCTD/CNV/2020_12-28_t9_s06_cast090_5028.cnv
* Sea-Bird SBE19plus Data File:
* FileName = C:\Users\steve\Desktop\GWA CTD\2020_12-28_T9_S0_cast090.hex
* Software Version 1.59
* Temperature SN =  5028
* Conductivity SN =  5028
* System UpLoad Time = Dec 29 2020 12:13:46
** Cook Inlet LTM Transect 9
** Date: 12-28-2020
** Station:S06
** Start Time (AKST):11:20
** Depth (m):104
** Comment:
** Comment:
# nquan = 27
# nvalues = 91                          
# units = specified
# name 0 = scan: Scan Count
# name 1 = timeJ: Julian Days
# name 2 = timeH: Time, Elapsed [hours]
# name 3 = timeM: Time, Elapsed [minutes]
# name 4 = timeS: Time, Elapsed [seconds]
# name 5 = prdM: Pressure, Strain Gauge [db]
# name 6 = specc: Specific Conductance [uS/cm]
# name 7 = sal00: Salinity, Practical [PSU]
# name 8 = tv290C: Temperature [ITS-90, deg C]
# name 9 = depSM: Depth [salt water, m], lat = 59.00
# name 10 = potemp090C: Potential Temperature [ITS-90, deg C]
# name 11 = sigma-é00: Density [sigma-theta, kg/m^3]
# name 12 = sbeox0ML/L: Oxygen, SBE 43 [ml/l]
# name 13 = sbeox0Mg/L: Oxygen, SBE 43 [mg/l]
# name 14 = sbeox0PS: Oxygen, SBE 43 [% saturation]
# name 15 = sbox0Mm/Kg: Oxygen, SBE 43 [umol/kg]
# name 16 = sbeox0Mm/L: Oxygen, SBE 43 [umol/l]
# name 17 = sbox0dV/dT: Oxygen, SBE 43 [dov/dt]
# name 18 = oxsolML/L: Oxygen Saturation, Garcia & Gordon [ml/l]
# name 19 = oxsolMg/L: Oxygen Saturation, Garcia & Gordon [mg/l]
# name 20 = oxsolMm/Kg: Oxygen Saturation, Garcia & Gordon [umol/kg]
# name 21 = potemp090C: Potential Temperature [ITS-90, deg C]
# name 22 = n2satMg/L: Nitrogen Saturation [mg/l]
# name 23 = par: PAR/Irradiance, Biospherical/Licor
# name 24 = flECO-AFL: Fluorescence, WET Labs ECO-AFL/FL [mg/m^3]
# name 25 = turbWETntu0: Turbidity, WET Labs ECO [NTU]
# name 26 = flag: flag
# span 0 =        299,        719       
# span 1 = 363.472946, 363.474162       
# span 2 =    0.02070,    0.04988       
# span 3 =     1.2422,     2.9929       
# span 4 =     74.535,    179.575       
# span 5 =      1.009,     91.880       
# span 6 =  48921.918,  50233.048       
# span 7 =    30.1238,    31.3785       
# span 8 =     4.2514,     6.1953       
# span 9 =      1.000,     91.000       
# span 10 =     4.2514,     6.1878      
# span 11 =    23.8860,    24.6696      
# span 12 =     6.3634,     9.5893      
# span 13 =     9.0940,    13.7040      
# span 14 =     85.513,    135.399      
# span 15 =    277.560,    417.977      
# span 16 =    284.190,    428.256      
# span 17 =   -0.02625,    0.03218      
# span 18 =    7.04450,    7.44145      
# span 19 =   10.06729,   10.63458      
# span 20 =  307.03305,  324.58250      
# span 21 =     4.2514,     6.1880      
# span 22 =   15.81585,   16.65627      
# span 23 = 3.7976e-02, 9.2504e+00      
# span 24 =     0.2331,     0.3387      
# span 25 =     0.4147,     8.3651      
# span 26 = 0.0000e+00, 0.0000e+00      
# interval = meters: 1                  
# start_time = Dec 28 2020 11:19:48 [Instrument's time stamp, header]
# bad_flag = -9.990e-29
*END*
        299 363.472946    0.02070     1.2422     74.535      1.009  48921.918    30.1238     4.2514      1.000     4.2514    23.8860     6.3634     9.0940     85.513    277.560    284.190    0.00954    7.44145   10.63458  324.58250     4.2514   16.65627 9.2504e+00     0.3249     7.8656 0.0000e+00
        304 363.472959    0.02102     1.2615     75.690      2.019  48934.329    30.1319     4.2519      2.000     4.2522    23.8924     6.5666     9.3843     88.249    286.420    293.264    0.02168    7.44097   10.63389  324.55916     4.2517   16.65512 2.8155e+00     0.3250     8.3651 0.0000e+00
        308 363.472971    0.02130     1.2778     76.669      3.029  48947.253    30.1404     4.2527      3.000     4.2532    23.8990     6.6337     9.4802     89.158    289.346    296.261    0.02128    7.44039   10.63307  324.53210     4.2525   16.65380 9.8814e-01     0.3293     8.1812 0.0000e+00
        312 363.472982    0.02159     1.2950     77.702      4.038  48970.917    30.1566     4.2554      4.000     4.2608    23.9116     6.6651     9.5251     89.596    290.713    297.663    0.01801    7.43910   10.63122  324.47160     4.2552   16.65086 3.2448e-01     0.3387     7.9870 0.0000e+00
        316 363.472994    0.02185     1.3113     78.678      5.047  49045.371    30.2106     4.2734      5.000     4.2921    23.9528     6.7011     9.5766     90.152    292.271    299.272    0.01639    7.43313   10.62269  324.19832     4.2731   16.63764 1.2795e-01     0.3377     8.0560 0.0000e+00
        320 363.473006    0.02215     1.3293     79.757      6.057  49154.011    30.2950     4.3233      6.000     4.3621    24.0150     6.7203     9.6040     90.573    293.091    300.130    0.01417    7.41993   10.60382  323.60286     4.3229   16.60899 6.6344e-02     0.3158     7.5934 0.0000e+00
        324 363.473019    0.02244     1.3467     80.799      7.066  49427.267    30.5050     4.4349      7.000     4.5338    24.1707     6.7679     9.6720     91.594    295.121    302.254    0.01548    7.38947   10.56029  322.22548     4.4344   16.54263 4.6795e-02     0.3016     6.5592 0.0000e+00
        328 363.473031    0.02274     1.3643     81.859      8.075  49695.302    30.7371     4.6651      8.000     4.7738    24.3318     6.8649     9.8107     93.573    299.303    306.586    0.02166    7.33699   10.48529  319.88666     4.6645   16.43043 4.0769e-02     0.2875     4.5999 0.0000e+00
        333 363.473043    0.02304     1.3822     82.932      9.085  49681.359    30.7697     4.8633      9.000     4.8981    24.3374     6.9830     9.9794     95.655    304.450    311.859    0.02743    7.30032   10.43288  318.28605     4.8627   16.35416 4.1246e-02     0.2690     2.4789 0.0000e+00
        337 363.473056    0.02335     1.4011     84.063     10.095  49641.260    30.7523     4.9127     10.000     4.9151    24.3185     7.0483    10.0728     96.652    307.305    314.778    0.02517    7.29249   10.42170  317.95041     4.9120   16.33826 5.8107e-02     0.2621     1.6287 0.0000e+00
        342 363.473070    0.02368     1.4208     85.246     11.104  49654.103    30.7618     4.9184     11.000     4.9205    24.3255     7.1223    10.1785     97.686    310.529    318.083    0.02269    7.29104   10.41962  317.88495     4.9176   16.33511 5.2641e-02     0.2869     1.4981 0.0000e+00
        347 363.473083    0.02401     1.4402     86.415     12.114  49689.977    30.7881     4.9293     12.000     4.9381    24.3452     7.2540    10.3667     99.537    316.265    323.965    0.02549    7.28784   10.41505  317.73945     4.9284   16.32808 4.5174e-02     0.2997     1.4975 0.0000e+00
        351 363.473097    0.02434     1.4602     87.612     13.123  49748.976    30.8348     4.9612     13.000     4.9917    24.3788     7.3720    10.5354    101.266    321.399    329.234    0.02696    7.27998   10.40381  317.38616     4.9604   16.31107 4.2737e-02     0.2797     1.4498 0.0000e+00
        356 363.473111    0.02467     1.4802     88.810     14.132  49791.917    30.8818     5.0474     14.000     5.0842    24.4069     7.4593    10.6600    102.709    325.195    333.132    0.02642    7.26267   10.37908  316.62293     5.0464   16.27456 4.1942e-02     0.2699     1.4097 0.0000e+00
        361 363.473124    0.02499     1.4992     89.952     15.142  49803.288    30.9064     5.1303     15.000     5.1662    24.4175     7.5246    10.7534    103.830    328.039    336.049    0.02490    7.24708   10.35681  315.94024     5.1292   16.24197 4.1579e-02     0.2841     1.3734 0.0000e+00
        365 363.473137    0.02530     1.5176     91.056     16.152  49803.943    30.9228     5.2102     16.000     5.2388    24.4219     7.5670    10.8140    104.626    329.886    337.942    0.02218    7.23245   10.33591  315.30133     5.2090   16.21149 4.0673e-02     0.2745     1.3267 0.0000e+00
        369 363.473149    0.02558     1.5349     92.095     17.161  49797.165    30.9294     5.2673     17.000     5.2880    24.4209     7.6079    10.8723    105.339    331.666    339.765    0.02005    7.22228   10.32136  314.85777     5.2660   16.19035 4.0228e-02     0.2719     1.2223 0.0000e+00
        374 363.473162    0.02587     1.5524     93.143     18.170  49779.694    30.9250     5.3069     18.000     5.3153    24.4131     7.6579    10.9439    106.129    333.850    342.000    0.01880    7.21566   10.31189  314.57160     5.3056   16.17675 3.9883e-02     0.2688     1.1599 0.0000e+00
        378 363.473173    0.02616     1.5694     94.166     19.180  49776.431    30.9259     5.3243     19.000     5.3295    24.4119     7.7167    11.0279    106.989    336.415    344.628    0.01828    7.21262   10.30755  314.43946     5.3229   16.17045 3.9715e-02     0.2715     1.1406 0.0000e+00
        382 363.473186    0.02645     1.5870     95.219     20.190  49782.298    30.9325     5.3390     20.000     5.3463    24.4155     7.7977    11.1437    108.155    339.946    348.246    0.01938    7.20978   10.30349  314.31443     5.3376   16.16447 3.9576e-02     0.2749     1.1608 0.0000e+00
        386 363.473198    0.02676     1.6056     96.334     21.199  49801.406    30.9499     5.3630     21.000     5.3786    24.4267     7.8931    11.2801    109.554    344.101    352.506    0.02113    7.20482   10.29641  314.09495     5.3615   16.15395 4.0044e-02     0.2751     1.1495 0.0000e+00
        391 363.473211    0.02705     1.6232     97.389     22.209  49802.911    30.9578     5.3991     22.000     5.4124    24.4290     8.0129    11.4511    111.317    349.320    357.854    0.02455    7.19825   10.28702  313.80783     5.3975   16.14026 3.9882e-02     0.2729     1.1657 0.0000e+00
        395 363.473224    0.02738     1.6427     98.563     23.219  49796.924    30.9596     5.4305     23.000     5.4368    24.4269     8.1556    11.6551    113.386    355.543    364.228    0.02825    7.19279   10.27921  313.57029     5.4288   16.12894 3.9495e-02     0.2859     1.1094 0.0000e+00
        400 363.473238    0.02770     1.6619     99.716     24.228  49790.813    30.9575     5.4436     24.000     5.4446    24.4238     8.2830    11.8372    115.191    361.099    369.919    0.02938    7.19065   10.27616  313.47823     5.4417   16.12456 3.9311e-02     0.2728     1.1047 0.0000e+00
        405 363.473251    0.02803     1.6815    100.891     25.237  49798.047    30.9634     5.4503     25.000     5.4521    24.4277     8.4109    12.0201    116.994    366.675    375.632    0.03002    7.18922   10.27412  313.41468     5.4484   16.12151 3.9079e-02     0.2550     1.0856 0.0000e+00
        410 363.473266    0.02837     1.7026    102.156     26.247  49811.264    30.9743     5.4616     26.000     5.4654    24.4350     8.5571    12.2290    119.068    373.046    382.161    0.03112    7.18676   10.27061  313.30522     5.4597   16.11626 3.8917e-02     0.2528     1.1033 0.0000e+00
        415 363.473281    0.02874     1.7244    103.465     27.257  49817.482    30.9809     5.4757     27.000     5.4775    24.4387     8.7026    12.4369    121.138    379.387    388.658    0.03163    7.18404   10.26671  313.18520     5.4737   16.11052 3.8797e-02     0.2608     1.0314 0.0000e+00
        420 363.473295    0.02908     1.7449    104.691     28.267  49838.173    30.9970     5.4875     28.000     5.4978    24.4501     8.8237    12.6100    122.872    384.662    394.067    0.03083    7.18126   10.26275  313.06094     5.4854   16.10453 3.8678e-02     0.2698     1.0416 0.0000e+00
        425 363.473311    0.02945     1.7674    106.046     29.276  49930.116    31.0711     5.5440     29.000     5.5884    24.5023     8.9493    12.7894    124.850    390.115    399.674    0.03058    7.16811   10.24395  312.47167     5.5418   16.07617 3.8550e-02     0.2776     1.1233 0.0000e+00
        430 363.473326    0.02981     1.7888    107.329     30.285  49998.573    31.1446     5.6792     30.000     5.7299    24.5451     9.0729    12.9660    127.043    395.487    405.194    0.03218    7.14168   10.20617  311.30619     5.6770   16.02037 3.8443e-02     0.2798     0.9785 0.0000e+00
        435 363.473339    0.03015     1.8089    108.533     31.295  50001.084    31.1680     5.7915     31.000     5.8251    24.5507     9.1694    13.1040    128.756    399.693    409.506    0.03179    7.12163   10.17752  310.43074     5.7891   15.97858 3.8372e-02     0.2600     0.8785 0.0000e+00
        439 363.473352    0.03045     1.8269    109.614     32.304  50022.478    31.1971     5.8669     32.000     5.8973    24.5648     9.2214    13.1783    129.741    401.954    411.828    0.02824    7.10760   10.15746  309.81477     5.8644   15.94912 3.8302e-02     0.2628     0.8972 0.0000e+00
        444 363.473365    0.03075     1.8453    110.719     33.314  50043.054    31.2247     5.9387     33.000     5.9623    24.5782     9.2705    13.2485    130.677    404.090    414.022    0.02522    7.09427   10.13841  309.22959     5.9361   15.92113 3.8260e-02     0.2737     0.9166 0.0000e+00
        448 363.473378    0.03107     1.8640    111.842     34.324  50024.637    31.2206     5.9855     34.000     5.9905    24.5695     9.3247    13.3260    131.583    406.458    416.445    0.02284    7.08664   10.12752  308.90003     5.9828   15.90544 3.8215e-02     0.2782     0.8988 0.0000e+00
        453 363.473390    0.03136     1.8817    112.901     35.333  50023.233    31.2217     5.9986     35.000     5.9995    24.5688     9.3579    13.3733    132.091    407.901    417.923    0.01922    7.08441   10.12433  308.80281     5.9958   15.90081 3.8167e-02     0.2703     0.8814 0.0000e+00
        457 363.473403    0.03168     1.9003    114.019     36.343  50026.742    31.2251     6.0060     36.000     6.0055    24.5706     9.3920    13.4222    132.600    409.390    419.449    0.01628    7.08301   10.12233  308.74119     6.0032   15.89786 3.8138e-02     0.2510     0.8277 0.0000e+00
        461 363.473415    0.03197     1.9185    115.109     37.352  50035.892    31.2320     6.0117     37.000     6.0126    24.5754     9.4214    13.4640    133.037    410.666    420.758    0.01393    7.08173   10.12051  308.68431     6.0087   15.89512 3.8126e-02     0.2524     0.8577 0.0000e+00
        466 363.473428    0.03228     1.9367    116.201     38.362  50040.339    31.2361     6.0198     38.000     6.0194    24.5777     9.4534    13.5099    133.520    412.064    422.191    0.01246    7.08020   10.11831  308.61636     6.0168   15.89187 3.8118e-02     0.2464     0.8607 0.0000e+00
        471 363.473442    0.03262     1.9573    117.439     39.372  50045.475    31.2403     6.0253     39.000     6.0242    24.5803     9.4864    13.5571    134.007    413.501    423.665    0.01103    7.07909   10.11673  308.56756     6.0222   15.88952 3.8067e-02     0.2509     0.7900 0.0000e+00
        475 363.473456    0.03294     1.9759    118.556     40.381  50053.141    31.2460     6.0299     40.000     6.0284    24.5843     9.5184    13.6028    134.479    414.894    425.094    0.01021    7.07805   10.11524  308.52080     6.0267   15.88727 3.8059e-02     0.2585     0.7270 0.0000e+00
        480 363.473469    0.03326     1.9955    119.731     41.391  50056.223    31.2481     6.0326     41.000     6.0277    24.5857     9.5490    13.6465    134.920    416.225    426.458    0.00946    7.07751   10.11447  308.49693     6.0293   15.88613 3.8041e-02     0.2628     0.7271 0.0000e+00
        485 363.473484    0.03360     2.0162    120.970     42.401  50059.923    31.2489     6.0254     42.000     6.0189    24.5871     9.5640    13.6678    135.110    416.876    427.126    0.00746    7.07866   10.11611  308.54672     6.0221   15.88850 3.8022e-02     0.2601     0.6814 0.0000e+00
        490 363.473497    0.03394     2.0365    122.189     43.410  50067.698    31.2526     6.0197     43.000     6.0138    24.5908     9.5710    13.6778    135.194    417.180    427.439    0.00539    7.07943   10.11722  308.57932     6.0163   15.89004 3.8015e-02     0.2537     0.7051 0.0000e+00
        495 363.473512    0.03429     2.0574    123.441     44.420  50067.991    31.2507     6.0109     44.000     6.0014    24.5903     9.5876    13.7016    135.399    417.906    428.183    0.00472    7.08099   10.11945  308.64750     6.0074   15.89329 3.8009e-02     0.2572     0.6537 0.0000e+00
        500 363.473526    0.03463     2.0782    124.690     45.430  50075.916    31.2524     5.9941     45.000     5.9832    24.5936     9.5893    13.7040    135.371    417.977    428.256    0.00298    7.08371   10.12334  308.76506     5.9905   15.89888 3.7995e-02     0.2585     0.6066 0.0000e+00
        505 363.473541    0.03499     2.0995    125.971     46.439  50088.326    31.2571     5.9766     46.000     5.9673    24.5995     9.5854    13.6985    135.265    417.807    428.085    0.00134    7.08641   10.12719  308.88087     5.9729   15.90438 3.7990e-02     0.2656     0.5871 0.0000e+00
        510 363.473555    0.03533     2.1196    127.177     47.449  50105.579    31.2667     5.9666     47.000     5.9632    24.6082     9.5799    13.6907    135.164    417.564    427.839    0.00031    7.08762   10.12892  308.93103     5.9629   15.90674 3.7981e-02     0.2677     0.5753 0.0000e+00
        514 363.473568    0.03564     2.1382    128.295     48.459  50127.782    31.2826     5.9724     48.000     5.9788    24.6201     9.5714    13.6785    135.077    417.188    427.459   -0.00043    7.08591   10.12647  308.85253     5.9686   15.90293 3.7978e-02     0.2730     0.5154 0.0000e+00
        519 363.473581    0.03595     2.1570    129.419     49.468  50139.337    31.2953     5.9988     49.000     6.0068    24.6269     9.5697    13.6762    135.149    417.114    427.386    0.00006    7.08092   10.11934  308.63307     5.9949   15.89242 3.7980e-02     0.2661     0.4826 0.0000e+00
        523 363.473594    0.03626     2.1753    130.518     50.478  50138.732    31.2990     6.0228     50.000     6.0275    24.6270     9.5453    13.6411    134.882    416.046    426.292   -0.00128    7.07674   10.11337  308.45101     6.0188   15.88373 3.7977e-02     0.2648     0.4750 0.0000e+00
        528 363.473608    0.03659     2.1952    131.709     51.488  50142.080    31.3045     6.0421     51.000     6.0451    24.6292     9.4870    13.5578    134.123    413.502    423.687   -0.00485    7.07328   10.10842  308.29950     6.0380   15.87649 3.7978e-02     0.2646     0.4791 0.0000e+00
        532 363.473621    0.03690     2.2142    132.854     52.497  50148.762    31.3119     6.0587     52.000     6.0622    24.6330     9.4231    13.4665    133.280    410.719    420.836   -0.00814    7.07018   10.10399  308.16313     6.0545   15.86996 3.7977e-02     0.2637     0.4639 0.0000e+00
        537 363.473635    0.03724     2.2347    134.083     53.507  50161.825    31.3244     6.0793     53.000     6.0870    24.6403     9.3629    13.3806    132.503    408.093    418.149   -0.00969    7.06617   10.09827  307.98625     6.0751   15.86149 3.7978e-02     0.2613     0.4220 0.0000e+00
