CTD-processing/allCTD/CNV/2020_09-20_alongbay_skb10_cast023_4141.cnv
* Sea-Bird SBE19plus Data File:
* FileName = E:\2020_09-20_AlongBay\2020_09-20_AlongBay_SKB_cast023.hex
* Software Version 1.59
* Temperature SN =  4141
* Conductivity SN =  4141
* System UpLoad Time = Sep 22 2020 14:58:25
** Cook Inlet LTM Along Bay Extended
** Date: 2020_09-20
** Station:SKB10
** Start Time: (AKDT):15:00
** Depth (m):65
** Comment:
** Comment:
# nquan = 27
# nvalues = 61                          
# units = specified
# name 0 = scan: Scan Count
# name 1 = timeJ: Julian Days
# name 2 = timeH: Time, Elapsed [hours]
# name 3 = timeM: Time, Elapsed [minutes]
# name 4 = timeS: Time, Elapsed [seconds]
# name 5 = prdM: Pressure, Strain Gauge [db]
# name 6 = specc: Specific Conductance [uS/cm]
# name 7 = sal00: Salinity, Practical [PSU]
# name 8 = tv290C: Temperature [ITS-90, deg C]
# name 9 = depSM: Depth [salt water, m], lat = 59.00
# name 10 = potemp090C: Potential Temperature [ITS-90, deg C]
# name 11 = sigma-é00: Density [sigma-theta, kg/m^3]
# name 12 = sbeox0ML/L: Oxygen, SBE 43 [ml/l]
# name 13 = sbeox0Mg/L: Oxygen, SBE 43 [mg/l]
# name 14 = sbeox0PS: Oxygen, SBE 43 [% saturation]
# name 15 = sbox0Mm/Kg: Oxygen, SBE 43 [umol/kg]
# name 16 = sbeox0Mm/L: Oxygen, SBE 43 [umol/l]
# name 17 = sbox0dV/dT: Oxygen, SBE 43 [dov/dt]
# name 18 = oxsolML/L: Oxygen Saturation, Garcia & Gordon [ml/l]
# name 19 = oxsolMg/L: Oxygen Saturation, Garcia & Gordon [mg/l]
# name 20 = oxsolMm/Kg: Oxygen Saturation, Garcia & Gordon [umol/kg]
# name 21 = n2satMg/L: Nitrogen Saturation [mg/l]
# name 22 = par: PAR/Irradiance, Biospherical/Licor
# name 23 = wetStar: Fluorescence, WET Labs WETstar [mg/m^3]
# name 24 = CStarAt0: Beam Attenuation, WET Labs C-Star [1/m]
# name 25 = CStarTr0: Beam Transmission, WET Labs C-Star [%]
# name 26 = flag: flag
# span 0 =        268,        519       
# span 1 = 264.625934, 264.626661       
# span 2 =    0.01852,    0.03597       
# span 3 =     1.1114,     2.1586       
# span 4 =     66.683,    129.513       
# span 5 =      1.011,     61.562       
# span 6 =  44828.025,  48332.893       
# span 7 =    28.4005,    30.7862       
# span 8 =    11.0999,    11.7421       
# span 9 =      1.000,     61.000       
# span 10 =    11.0947,    11.7371      
# span 11 =    21.5251,    23.4789      
# span 12 =     3.3397,     3.4897      
# span 13 =     4.7729,     4.9871      
# span 14 =     52.587,     55.149      
# span 15 =    146.012,    152.302      
# span 16 =    149.154,    155.849      
# span 17 =   -0.00210,    0.00379      
# span 18 =    6.30643,    6.35102      
# span 19 =    9.01252,    9.07625      
# span 20 =  275.42402,  277.66023      
# span 21 =   14.31235,   14.42494      
# span 22 = 4.8871e-02, 1.7358e+02      
# span 23 =     0.4941,     2.4097      
# span 24 =     0.3275,     3.3636      
# span 25 =    42.5570,    92.1382      
# span 26 = 0.0000e+00, 0.0000e+00      
# interval = meters: 1                  
# start_time = Sep 20 2020 15:00:14 [Instrument's time stamp, header]
# bad_flag = -9.990e-29
*END*
        268 264.625934    0.01852     1.1114     66.683      1.011  44828.025    28.4005    11.6848      1.000    11.6769    21.5251     3.3397     4.7729     52.587    146.012    149.154    0.00046    6.35102    9.07625  277.66023   14.42494 1.7358e+02     0.7262     3.3636    42.5570 0.0000e+00
        272 264.625947    0.01884     1.1305     67.831      2.019  45272.383    28.7084    11.6499      2.000    11.6385    21.7700     3.3477     4.7842     52.773    146.320    149.506    0.00149    6.34341    9.06537  277.26083   14.40456 1.4944e+02     0.7546     1.4345    70.3747 0.0000e+00
        277 264.625961    0.01918     1.1504     69.023      3.029  45500.872    28.8693    11.6577      3.000    11.6888    21.8934     3.3601     4.8018     53.032    146.845    150.060    0.00270    6.33592    9.05467  276.90006   14.38663 1.2562e+02     0.7715     0.9890    78.1306 0.0000e+00
        282 264.625975    0.01950     1.1702     70.210      4.038  45701.974    29.0166    11.7246      4.000    11.7370    21.9959     3.3675     4.8126     53.275    147.157    150.394    0.00338    6.32098    9.03331  276.21924   14.35341 1.0706e+02     1.0645     0.9388    79.1053 0.0000e+00
        286 264.625988    0.01982     1.1890     71.340      5.049  45778.169    29.0715    11.7421      5.000    11.7371    22.0354     3.3785     4.8282     53.487    147.630    150.883    0.00379    6.31644    9.02682  276.01009   14.34317 8.7230e+01     1.2890     0.8915    80.0249 0.0000e+00
        291 264.626000    0.02011     1.2065     72.388      6.057  45922.969    29.1716    11.7275      6.000    11.7123    22.1157     3.3867     4.8400     53.635    147.979    151.252    0.00353    6.31441    9.02392  275.89986   14.33748 7.2865e+01     1.4008     0.6637    84.7992 0.0000e+00
        295 264.626012    0.02040     1.2238     73.425      7.068  46094.030    29.2885    11.6943      7.000    11.6765    22.2122     3.3994     4.8581     53.838    148.519    151.819    0.00375    6.31422    9.02366  275.86571   14.33538 5.8863e+01     1.5499     0.5451    87.2521 0.0000e+00
        299 264.626023    0.02067     1.2400     74.400      8.077  46184.075    29.3488    11.6666      8.000    11.6589    22.2639     3.4074     4.8695     53.953    148.860    152.174    0.00355    6.31554    9.02554  275.90941   14.33723 4.8402e+01     1.5248     0.5768    86.5721 0.0000e+00
        302 264.626034    0.02092     1.2554     75.322      9.085  46309.284    29.4361    11.6615      9.000    11.6662    22.3325     3.4155     4.8811     54.105    149.203    152.535    0.00341    6.31274    9.02155  275.76873   14.33014 3.9004e+01     1.4993     0.5580    86.9801 0.0000e+00
        306 264.626045    0.02119     1.2711     76.269     10.095  46419.584    29.5145    11.6710     10.000    11.6544    22.3915     3.4219     4.8903     54.244    149.476    152.823    0.00358    6.30834    9.01526  275.56053   14.31985 3.0701e+01     1.4883     0.5727    86.6616 0.0000e+00
        310 264.626056    0.02145     1.2872     77.229     11.103  46768.038    29.7541    11.6143     11.000    11.5407    22.5876     3.4233     4.8923     54.283    149.509    152.886    0.00269    6.30643    9.01252  275.42402   14.31235 2.4707e+01     2.0919     0.4723    88.8635 0.0000e+00
        314 264.626068    0.02173     1.3035     78.209     12.113  47076.140    29.9580    11.4841     12.000    11.4542    22.7688     3.4323     4.9052     54.345    149.875    153.288    0.00215    6.31585    9.02597  275.78637   14.32889 2.0535e+01     2.4097     0.3737    91.0788 0.0000e+00
        318 264.626078    0.02200     1.3201     79.203     13.122  47112.709    29.9796    11.4473     13.000    11.4412    22.7921     3.4407     4.9171     54.442    150.238    153.663    0.00214    6.31995    9.03184  275.95932   14.33709 1.7436e+01     1.9407     0.3465    91.7043 0.0000e+00
        322 264.626091    0.02229     1.3372     80.232     14.131  47144.633    30.0010    11.4394     14.000    11.4329    22.8100     3.4500     4.9304     54.587    150.641    154.077    0.00240    6.32017    9.03216  275.96409   14.33723 1.4780e+01     1.5124     0.3380    91.8979 0.0000e+00
        326 264.626103    0.02259     1.3551     81.305     15.143  47201.623    30.0391    11.4232     15.000    11.4092    22.8425     3.4528     4.9343     54.625    150.756    154.200    0.00193    6.32083    9.03310  275.98408   14.33803 1.2449e+01     1.5746     0.3377    91.9050 0.0000e+00
        330 264.626115    0.02288     1.3725     82.352     16.151  47231.049    30.0575    11.4039     16.000    11.3998    22.8602     3.4583     4.9422     54.696    150.995    154.446    0.00166    6.32269    9.03576  276.06066   14.34163 1.0571e+01     1.7069     0.3367    91.9268 0.0000e+00
        335 264.626128    0.02318     1.3910     83.462     17.161  47249.316    30.0694    11.3978     17.000    11.3922    22.8706     3.4685     4.9567     54.854    151.437    154.900    0.00213    6.32305    9.03626  276.07330   14.34219 8.9478e+00     1.6629     0.3284    92.1175 0.0000e+00
        339 264.626141    0.02350     1.4099     84.596     18.170  47260.046    30.0759    11.3914     18.000    11.3874    22.8768     3.4735     4.9640     54.929    151.658    155.127    0.00201    6.32366    9.03713  276.09819   14.34335 7.6030e+00     1.7511     0.3275    92.1382 0.0000e+00
        344 264.626155    0.02383     1.4296     85.775     19.180  47331.850    30.1255    11.3841     19.000    11.3730    22.9165     3.4718     4.9615     54.909    151.574    155.048    0.00115    6.32266    9.03571  276.04396   14.34056 6.4607e+00     1.7472     0.3441    91.7581 0.0000e+00
        349 264.626169    0.02416     1.4496     86.975     20.191  47455.252    30.2098    11.3620     20.000    11.3550    22.9859     3.4766     4.9684     54.990    151.777    155.266    0.00115    6.32227    9.03516  276.00840   14.33852 5.5064e+00     1.6442     0.3541    91.5285 0.0000e+00
        353 264.626182    0.02447     1.4685     88.109     21.203  47511.712    30.2485    11.3541     21.000    11.3459    23.0173     3.4801     4.9733     55.048    151.920    155.417    0.00114    6.32179    9.03447  275.97885   14.33695 4.6722e+00     1.6998     0.3569    91.4652 0.0000e+00
        357 264.626193    0.02475     1.4850     89.102     22.209  47549.282    30.2733    11.3407     22.000    11.3289    23.0389     3.4855     4.9811     55.128    152.156    155.661    0.00128    6.32261    9.03564  276.00880   14.33828 3.9533e+00     1.8399     0.3738    91.0784 0.0000e+00
        361 264.626204    0.02502     1.5010     90.061     23.218  47592.543    30.3014    11.3217     23.000    11.3083    23.0641     3.4859     4.9816     55.121    152.170    155.680    0.00089    6.32406    9.03771  276.06506   14.34087 3.3462e+00     1.9365     0.3871    90.7754 0.0000e+00
        365 264.626215    0.02529     1.5171     91.028     24.229  47630.095    30.3255    11.3027     24.000    11.2940    23.0862     3.4885     4.9854     55.149    152.282    155.797    0.00071    6.32567    9.04001  276.12949   14.34385 2.8444e+00     1.7164     0.3897    90.7176 0.0000e+00
        369 264.626227    0.02556     1.5335     92.007     25.237  47681.187    30.3600    11.2910     25.000    11.2715    23.1150     3.4873     4.9837     55.128    152.225    155.744    0.00039    6.32587    9.04030  276.13056   14.34377 2.4220e+00     1.6758     0.3829    90.8719 0.0000e+00
        373 264.626238    0.02583     1.5498     92.990     26.248  47819.869    30.4534    11.2519     26.000    11.2268    23.1944     3.4868     4.9829     55.106    152.191    155.720   -0.00006    6.32743    9.04253  276.17728   14.34563 2.0647e+00     1.8844     0.3955    90.5859 0.0000e+00
        377 264.626250    0.02610     1.5660     93.961     27.256  47930.606    30.5275    11.2171     27.000    11.2083    23.2582     3.4882     4.9850     55.114    152.244    155.785   -0.00002    6.32917    9.04502  276.23623   14.34816 1.7478e+00     1.5938     0.4513    89.3316 0.0000e+00
        381 264.626261    0.02638     1.5828     94.971     28.266  47978.706    30.5603    11.2092     28.000    11.2051    23.2850     3.4897     4.9871     55.137    152.302    155.849    0.00010    6.32895    9.04470  276.21908   14.34720 1.4756e+00     1.2558     0.4941    88.3801 0.0000e+00
        385 264.626273    0.02667     1.6000     95.997     29.276  48004.563    30.5782    11.2096     29.000    11.2061    23.2988     3.4875     4.9840     55.112    152.208    155.754   -0.00014    6.32816    9.04358  276.18097   14.34531 1.2452e+00     1.2569     0.5205    87.7982 0.0000e+00
        389 264.626285    0.02695     1.6170     97.022     30.286  48036.882    30.6004    11.2077     30.000    11.1995    23.3164     3.4855     4.9812     55.085    152.117    155.664   -0.00028    6.32752    9.04266  276.14816   14.34365 1.0449e+00     1.0728     0.6403    85.2486 0.0000e+00
        393 264.626296    0.02723     1.6338     98.028     31.294  48073.310    30.6242    11.1929     31.000    11.1810    23.3375     3.4812     4.9750     55.008    151.924    155.470   -0.00082    6.32859    9.04419  276.18916   14.34552 8.6976e-01     0.9769     0.9287    79.3102 0.0000e+00
        397 264.626308    0.02751     1.6504     99.023     32.305  48107.914    30.6470    11.1823     32.000    11.1748    23.3572     3.4795     4.9726     54.976    151.847    155.394   -0.00090    6.32910    9.04492  276.20613   14.34624 7.2243e-01     0.9043     0.8706    80.4454 0.0000e+00
        401 264.626319    0.02778     1.6667    100.000     33.314  48116.588    30.6518    11.1733     33.000    11.1583    23.3625     3.4790     4.9718     54.959    151.824    155.371   -0.00073    6.33013    9.04638  276.24947   14.34829 5.9564e-01     0.8105     0.8341    81.1802 0.0000e+00
        405 264.626331    0.02806     1.6830    100.983     34.324  48140.059    30.6657    11.1521     34.000    11.1417    23.3769     3.4731     4.9634     54.846    151.564    155.107   -0.00134    6.33245    9.04971  276.34718   14.35291 4.9341e-01     0.8309     0.8656    80.5453 0.0000e+00
        409 264.626342    0.02832     1.6996    101.977     35.333  48148.281    30.6701    11.1427     35.000    11.1331    23.3820     3.4701     4.9591     54.788    151.432    154.973   -0.00147    6.33357    9.05130  276.39454   14.35517 4.0833e-01     0.8312     1.1078    75.8959 0.0000e+00
        413 264.626354    0.02861     1.7166    102.999     36.342  48176.816    30.6886    11.1305     36.000    11.1230    23.3985     3.4648     4.9515     54.697    151.200    154.737   -0.00168    6.33448    9.05260  276.42982   14.35679 3.3935e-01     0.9442     1.0570    76.8955 0.0000e+00
        417 264.626366    0.02890     1.7338    104.030     37.353  48196.462    30.7017    11.1273     37.000    11.1231    23.4093     3.4617     4.9470     54.649    151.062    154.598   -0.00152    6.33439    9.05248  276.42310   14.35641 2.8121e-01     0.9312     0.8435    81.0111 0.0000e+00
        421 264.626378    0.02918     1.7508    105.049     38.363  48200.906    30.7045    11.1279     38.000    11.1234    23.4114     3.4535     4.9353     54.521    150.704    154.232   -0.00197    6.33418    9.05218  276.41331   14.35593 2.3283e-01     0.8223     0.8445    80.9685 0.0000e+00
        425 264.626390    0.02946     1.7675    106.053     39.373  48202.787    30.7054    11.1279     39.000    11.1231    23.4121     3.4509     4.9318     54.482    150.595    154.120   -0.00182    6.33416    9.05214  276.41188   14.35586 1.9387e-01     0.8341     0.8570    80.7170 0.0000e+00
        429 264.626401    0.02973     1.7839    107.034     40.381  48211.089    30.7108    11.1276     40.000    11.1231    23.4164     3.4465     4.9253     54.412    150.397    153.918   -0.00168    6.33398    9.05189  276.40292   14.35541 1.6281e-01     0.8554     1.0289    77.3469 0.0000e+00
        433 264.626412    0.03001     1.8004    108.024     41.390  48217.426    30.7150    11.1287     41.000    11.1239    23.4195     3.4429     4.9203     54.358    150.240    153.759   -0.00172    6.33366    9.05144  276.38846   14.35470 1.3805e-01     0.9607     1.1388    75.2385 0.0000e+00
        437 264.626424    0.03029     1.8173    109.037     42.401  48223.154    30.7185    11.1267     42.000    11.1179    23.4225     3.4366     4.9114     54.259    149.969    153.482   -0.00184    6.33379    9.05161  276.39317   14.35492 1.1805e-01     0.9065     0.8534    80.8162 0.0000e+00
        441 264.626436    0.03057     1.8342    110.053     43.410  48239.532    30.7287    11.1185     43.000    11.1086    23.4319     3.4305     4.9025     54.156    149.698    153.206   -0.00210    6.33448    9.05261  276.42100   14.35620 1.0254e-01     0.8294     1.0090    77.7207 0.0000e+00
        445 264.626448    0.03085     1.8514    111.086     44.420  48255.496    30.7386    11.1098     44.000    11.1025    23.4412     3.4301     4.9020     54.143    149.679    153.188   -0.00166    6.33527    9.05373  276.45276   14.35769 9.0088e-02     0.7689     1.2223    73.6809 0.0000e+00
        449 264.626459    0.03114     1.8686    112.116     45.429  48265.109    30.7446    11.1061     45.000    11.0992    23.4465     3.4249     4.8944     54.057    149.449    152.953   -0.00169    6.33554    9.05412  276.46304   14.35815 8.0079e-02     0.8091     1.1943    74.2106 0.0000e+00
        454 264.626472    0.03145     1.8867    113.200     46.440  48279.587    30.7540    11.1020     46.000    11.0948    23.4545     3.4174     4.8838     53.938    149.123    152.620   -0.00205    6.33572    9.05437  276.46860   14.35839 7.2080e-02     0.8788     1.3136    72.0160 0.0000e+00
        458 264.626485    0.03175     1.9050    114.301     47.448  48287.901    30.7593    11.0999     47.000    11.0950    23.4590     3.4139     4.8788     53.882    148.968    152.462   -0.00189    6.33579    9.05448  276.47073   14.35846 6.5773e-02     0.8626     1.3670    71.0733 0.0000e+00
        463 264.626498    0.03207     1.9241    115.446     48.458  48295.490    30.7642    11.1006     48.000    11.0947    23.4628     3.4089     4.8717     53.807    148.752    152.242   -0.00175    6.33550    9.05407  276.45710   14.35779 6.0986e-02     0.6893     1.4108    70.3006 0.0000e+00
        468 264.626512    0.03240     1.9441    116.645     49.468  48298.601    30.7661    11.1008     49.000    11.0953    23.4641     3.4045     4.8654     53.738    148.560    152.046   -0.00169    6.33539    9.05390  276.45178   14.35753 5.7420e-02     0.6546     1.2726    72.7486 0.0000e+00
        472 264.626526    0.03273     1.9636    117.816     50.479  48299.159    30.7661    11.1014     50.000    11.0953    23.4642     3.4010     4.8603     53.684    148.407    151.889   -0.00149    6.33533    9.05381  276.44897   14.35740 5.4917e-02     0.6443     1.2783    72.6457 0.0000e+00
        477 264.626539    0.03304     1.9824    118.943     51.488  48299.067    30.7657    11.1012     51.000    11.0952    23.4638     3.3959     4.8531     53.602    148.184    151.661   -0.00165    6.33536    9.05385  276.45028   14.35746 5.3289e-02     0.6910     1.4097    70.3073 0.0000e+00
        481 264.626551    0.03334     2.0006    120.039     52.498  48300.833    30.7665    11.1014     52.000    11.0952    23.4645     3.3942     4.8507     53.577    148.112    151.587   -0.00134    6.33529    9.05377  276.44754   14.35733 5.2029e-02     0.6521     1.3819    70.7935 0.0000e+00
        485 264.626563    0.03364     2.0182    121.091     53.507  48311.837    30.7739    11.1016     53.000    11.0957    23.4702     3.3900     4.8447     53.513    147.928    151.400   -0.00138    6.33496    9.05330  276.43168   14.35654 5.1130e-02     0.6398     1.5632    67.6976 0.0000e+00
