CTD-processing/allCTD/CNV/2020_02-06_alongbay_kb13_cast001_4141.cnv
* Sea-Bird SBE19plus Data File:
* FileName = C:\Users\Chris\Desktop\EVOSTC GWA LTM\CTD Data\2020_02-06_AlongBay\2019_02-06_AlongBay_KB_Cast001.hex
* Software Version 1.59
* Temperature SN =  4141
* Conductivity SN =  4141
* System UpLoad Time = Feb 12 2020 10:27:42
** Cook Inlet LTM Along Bay
** Date: 2019_02-06
** Station:KB13
** Start Time: (AKST):10:29
** Depth (m):30
** Comment:
** Comment:
# nquan = 27
# nvalues = 26                          
# units = specified
# name 0 = scan: Scan Count
# name 1 = timeJ: Julian Days
# name 2 = timeH: Time, Elapsed [hours]
# name 3 = timeM: Time, Elapsed [minutes]
# name 4 = timeS: Time, Elapsed [seconds]
# name 5 = prdM: Pressure, Strain Gauge [db]
# name 6 = specc: Specific Conductance [uS/cm]
# name 7 = sal00: Salinity, Practical [PSU]
# name 8 = tv290C: Temperature [ITS-90, deg C]
# name 9 = depSM: Depth [salt water, m], lat = 59.00
# name 10 = potemp090C: Potential Temperature [ITS-90, deg C]
# name 11 = sigma-é00: Density [sigma-theta, kg/m^3]
# name 12 = sbeox0ML/L: Oxygen, SBE 43 [ml/l]
# name 13 = sbeox0Mg/L: Oxygen, SBE 43 [mg/l]
# name 14 = sbeox0PS: Oxygen, SBE 43 [% saturation]
# name 15 = sbox0Mm/Kg: Oxygen, SBE 43 [umol/kg]
# name 16 = sbeox0Mm/L: Oxygen, SBE 43 [umol/l]
# name 17 = sbox0dV/dT: Oxygen, SBE 43 [dov/dt]
# name 18 = oxsolML/L: Oxygen Saturation, Garcia & Gordon [ml/l]
# name 19 = oxsolMg/L: Oxygen Saturation, Garcia & Gordon [mg/l]
# name 20 = oxsolMm/Kg: Oxygen Saturation, Garcia & Gordon [umol/kg]
# name 21 = n2satMg/L: Nitrogen Saturation [mg/l]
# name 22 = par: PAR/Irradiance, Biospherical/Licor
# name 23 = wetStar: Fluorescence, WET Labs WETstar [mg/m^3]
# name 24 = CStarAt0: Beam Attenuation, WET Labs C-Star [1/m]
# name 25 = CStarTr0: Beam Transmission, WET Labs C-Star [%]
# name 26 = flag: flag
# span 0 =        377,        514       
# span 1 =  37.437871,  37.438267       
# span 2 =    0.02612,    0.03564       
# span 3 =     1.5674,     2.1380       
# span 4 =     94.045,    128.276       
# span 5 =      1.030,     26.216       
# span 6 =  51656.029,  51690.421       
# span 7 =    31.4548,    31.4912       
# span 8 =     2.1901,     2.3197       
# span 9 =      1.000,     26.000       
# span 10 =     2.1902,     2.3186      
# span 11 =    25.1179,    25.1419      
# span 12 =     6.6459,     6.9060      
# span 13 =     9.4976,     9.8693      
# span 14 =     85.925,     89.213      
# span 15 =    289.527,    300.856      
# span 16 =    296.806,    308.418      
# span 17 =   -0.00905,    0.00552      
# span 18 =    7.73407,    7.76082      
# span 19 =   11.05276,   11.09099      
# span 20 =  336.93458,  338.10378      
# span 21 =   17.23752,   17.29313      
# span 22 = 1.0986e-01, 5.3596e+01      
# span 23 =     0.3569,     0.4697      
# span 24 =     0.8850,     1.1221      
# span 25 =    75.5411,    80.1497      
# span 26 = 0.0000e+00, 0.0000e+00      
# interval = meters: 1                  
# start_time = Feb 06 2020 10:28:58 [Instrument's time stamp, header]
# bad_flag = -9.990e-29
*END*
        377  37.437871    0.02612     1.5674     94.045      1.030  51662.688    31.4584     2.1941      1.000     2.1920    25.1214     6.7548     9.6533     87.044    294.277    301.669   -0.00097    7.76017   11.09005  338.07588   17.29181 5.3596e+01     0.3569     1.0332    77.2315 0.0000e+00
        382  37.437886    0.02647     1.5883     95.300      2.016  51677.183    31.4679     2.1954      2.000     2.2004    25.1288     6.7328     9.6218     86.770    293.316    300.686   -0.00259    7.75940   11.08896  338.04022   17.29008 3.6435e+01     0.3602     1.1221    75.5411 0.0000e+00
        388  37.437901    0.02685     1.6107     96.639      3.031  51666.742    31.4647     2.2106      3.000     2.2106    25.1252     6.8089     9.7306     87.783    296.635    304.087    0.00346    7.75660   11.08496  337.91935   17.28436 2.5367e+01     0.3763     1.0922    76.1057 0.0000e+00
        392  37.437915    0.02718     1.6310     97.863      4.036  51656.029    31.4548     2.2029      4.000     2.1969    25.1179     6.7892     9.7025     87.506    295.779    303.209    0.00106    7.75864   11.08786  338.01052   17.28873 1.8508e+01     0.3944     1.0823    76.2941 0.0000e+00
        398  37.437930    0.02754     1.6526     99.153      5.046  51671.365    31.4609     2.1901      5.000     2.1902    25.1236     6.7895     9.7029     87.485    295.789    303.220    0.00060    7.76082   11.09099  338.10378   17.29313 1.3964e+01     0.4126     1.0888    76.1711 0.0000e+00
        403  37.437946    0.02793     1.6754    100.521      6.057  51688.360    31.4745     2.1996      6.000     2.2081    25.1338     6.7827     9.6931     87.425    295.485    302.912    0.00005    7.75824   11.08730  337.98797   17.28758 1.0604e+01     0.4141     1.0823    76.2944 0.0000e+00
        408  37.437961    0.02828     1.6971    101.826      7.067  51678.540    31.4731     2.2195      7.000     2.2262    25.1312     6.7908     9.7047     87.574    295.842    303.277    0.00074    7.75441   11.08183  337.82199   17.27970 8.1570e+00     0.4085     1.0472    76.9670 0.0000e+00
        413  37.437976    0.02863     1.7181    103.088      8.073  51690.421    31.4891     2.2502      8.000     2.2631    25.1419     6.8024     9.7213     87.801    296.344    303.794    0.00154    7.74757   11.07205  337.52042   17.26532 6.4447e+00     0.4100     0.9878    78.1253 0.0000e+00
        419  37.437993    0.02905     1.7428    104.567      9.088  51657.940    31.4739     2.2751      9.000     2.2756    25.1279     6.8510     9.7907     88.474    298.465    305.964    0.00442    7.74352   11.06626  337.34852   17.25723 5.1510e+00     0.4058     0.8850    80.1497 0.0000e+00
        424  37.438007    0.02940     1.7638    105.830     10.095  51658.505    31.4745     2.2778     10.000     2.2787    25.1282     6.8818     9.8348     88.878    299.808    307.341    0.00520    7.74295   11.06545  337.32380   17.25605 4.0901e+00     0.4043     0.8863    80.1252 0.0000e+00
        429  37.438022    0.02973     1.7841    107.047     11.104  51672.685    31.4855     2.2852     11.000     2.2919    25.1365     6.9060     9.8693     89.213    300.856    308.418    0.00552    7.74092   11.06255  337.23259   17.25167 3.2920e+00     0.3989     0.8919    80.0135 0.0000e+00
        434  37.438036    0.03009     1.8052    108.315     12.112  51662.752    31.4830     2.3017     12.000     2.3040    25.1332     6.9032     9.8654     89.213    300.738    308.296    0.00399    7.73785   11.05815  337.09980   17.24538 2.6100e+00     0.4107     0.9051    79.7493 0.0000e+00
        440  37.438052    0.03047     1.8280    109.681     13.125  51659.848    31.4821     2.3071     13.000     2.3076    25.1320     6.8891     9.8452     89.043    300.124    307.667    0.00199    7.73683   11.05670  337.05588   17.24330 2.0765e+00     0.4088     0.9001    79.8485 0.0000e+00
        445  37.438066    0.03081     1.8490    110.942     14.131  51661.792    31.4837     2.3104     14.000     2.3111    25.1332     6.8681     9.8153     88.781    299.212    306.732    0.00006    7.73610   11.05566  337.02366   17.24177 1.6546e+00     0.3997     0.9050    79.7517 0.0000e+00
        450  37.438082    0.03118     1.8710    112.262     15.140  51659.356    31.4822     2.3127     15.000     2.3118    25.1318     6.8635     9.8086     88.724    299.009    306.524   -0.00039    7.73574   11.05515  337.00853   17.24105 1.3209e+00     0.3947     0.8931    79.9905 0.0000e+00
        456  37.438098    0.03158     1.8949    113.695     16.153  51660.284    31.4821     2.3119     16.000     2.3107    25.1317     6.8581     9.8008     88.652    298.771    306.280   -0.00063    7.73591   11.05539  337.01597   17.24141 1.0526e+00     0.4233     0.8917    80.0181 0.0000e+00
        461  37.438114    0.03196     1.9176    115.054     17.160  51661.642    31.4822     2.3111     17.000     2.3103    25.1319     6.8493     9.7884     88.538    298.393    305.892   -0.00111    7.73605   11.05559  337.02199   17.24169 8.4182e-01     0.4023     0.8989    79.8730 0.0000e+00
        467  37.438131    0.03237     1.9422    116.531     18.172  51663.726    31.4832     2.3116     18.000     2.3109    25.1327     6.8457     9.7832     88.493    298.234    305.729   -0.00095    7.73589   11.05536  337.01479   17.24134 6.7426e-01     0.4087     0.9038    79.7756 0.0000e+00
        473  37.438148    0.03277     1.9660    117.962     19.181  51668.317    31.4862     2.3131     19.000     2.3139    25.1350     6.8291     9.7594     88.282    297.507    304.984   -0.00186    7.73545   11.05473  336.99476   17.24038 5.3656e-01     0.4067     0.9061    79.7306 0.0000e+00
        479  37.438165    0.03319     1.9912    119.471     20.189  51668.043    31.4869     2.3181     20.000     2.3180    25.1352     6.8254     9.7542     88.247    297.349    304.823   -0.00148    7.73443   11.05327  336.95037   17.23827 4.3111e-01     0.4153     0.8920    80.0116 0.0000e+00
        485  37.438184    0.03362     2.0175    121.050     21.200  51667.906    31.4867     2.3195     21.000     2.3185    25.1348     6.8241     9.7523     88.233    297.292    304.764   -0.00110    7.73417   11.05291  336.93932   17.23775 3.4491e-01     0.3947     0.8910    80.0331 0.0000e+00
        491  37.438201    0.03406     2.0433    122.597     22.209  51670.263    31.4878     2.3197     22.000     2.3186    25.1357     6.8298     9.7605     88.308    297.540    305.019   -0.00040    7.73407   11.05276  336.93458   17.23752 2.7745e-01     0.4063     0.9073    79.7051 0.0000e+00
        498  37.438219    0.03449     2.0694    124.161     23.219  51671.264    31.4876     2.3186     23.000     2.3168    25.1357     6.8075     9.7286     88.017    296.568    304.022   -0.00175    7.73430   11.05309  336.94449   17.23798 2.2214e-01     0.4048     0.9397    79.0637 0.0000e+00
        503  37.438236    0.03489     2.0937    125.624     24.228  51676.301    31.4900     2.3171     24.000     2.3158    25.1377     6.7744     9.6813     87.587    295.127    302.546   -0.00328    7.73446   11.05332  336.95093   17.23828 1.7663e-01     0.3985     1.0063    77.7589 0.0000e+00
        509  37.438252    0.03528     2.1164    126.986     25.238  51677.912    31.4905     2.3168     25.000     2.3153    25.1381     6.7075     9.5857     86.722    292.210    299.557   -0.00664    7.73451   11.05338  336.95274   17.23837 1.4012e-01     0.4106     1.0403    77.0996 0.0000e+00
        514  37.438267    0.03564     2.1380    128.276     26.216  51680.071    31.4912     2.3163     26.000     2.3149    25.1388     6.6459     9.4976     85.925    289.527    296.806   -0.00905    7.73455   11.05346  336.95472   17.23845 1.0986e-01     0.4697     1.0692    76.5438 0.0000e+00
