CTD-processing/allCTD/CNV/2020_03-18_alongbay_kb06_cast046_4141.cnv
* Sea-Bird SBE19plus Data File:
* FileName = C:\Users\Chris\Desktop\EVOSTC GWA LTM\CTD Data\2020_03-18_AlongBay\2020_03-18_AlongBay_KB13_Cast046.hex
* Software Version 1.59
* Temperature SN =  4141
* Conductivity SN =  4141
* System UpLoad Time = Mar 23 2020 14:02:15
** Cook Inlet LTM AlongBay
** Date: 2020_03_18
** Station:KB06
** Start Time: (AKDT):12:14
** Depth (m):103
** Comment:
** Comment:
# nquan = 27
# nvalues = 98                          
# units = specified
# name 0 = scan: Scan Count
# name 1 = timeJ: Julian Days
# name 2 = timeH: Time, Elapsed [hours]
# name 3 = timeM: Time, Elapsed [minutes]
# name 4 = timeS: Time, Elapsed [seconds]
# name 5 = prdM: Pressure, Strain Gauge [db]
# name 6 = specc: Specific Conductance [uS/cm]
# name 7 = sal00: Salinity, Practical [PSU]
# name 8 = tv290C: Temperature [ITS-90, deg C]
# name 9 = depSM: Depth [salt water, m], lat = 59.00
# name 10 = potemp090C: Potential Temperature [ITS-90, deg C]
# name 11 = sigma-é00: Density [sigma-theta, kg/m^3]
# name 12 = sbeox0ML/L: Oxygen, SBE 43 [ml/l]
# name 13 = sbeox0Mg/L: Oxygen, SBE 43 [mg/l]
# name 14 = sbeox0PS: Oxygen, SBE 43 [% saturation]
# name 15 = sbox0Mm/Kg: Oxygen, SBE 43 [umol/kg]
# name 16 = sbeox0Mm/L: Oxygen, SBE 43 [umol/l]
# name 17 = sbox0dV/dT: Oxygen, SBE 43 [dov/dt]
# name 18 = oxsolML/L: Oxygen Saturation, Garcia & Gordon [ml/l]
# name 19 = oxsolMg/L: Oxygen Saturation, Garcia & Gordon [mg/l]
# name 20 = oxsolMm/Kg: Oxygen Saturation, Garcia & Gordon [umol/kg]
# name 21 = n2satMg/L: Nitrogen Saturation [mg/l]
# name 22 = par: PAR/Irradiance, Biospherical/Licor
# name 23 = wetStar: Fluorescence, WET Labs WETstar [mg/m^3]
# name 24 = CStarAt0: Beam Attenuation, WET Labs C-Star [1/m]
# name 25 = CStarTr0: Beam Transmission, WET Labs C-Star [%]
# name 26 = flag: flag
# span 0 =        461,        872       
# span 1 =  78.511075,  78.512265       
# span 2 =    0.03191,    0.06047       
# span 3 =     1.9146,     3.6280       
# span 4 =    114.879,    217.680       
# span 5 =      1.020,     98.925       
# span 6 =  51778.468,  51956.625       
# span 7 =    31.6046,    31.8446       
# span 8 =     2.4127,     3.1948       
# span 9 =      1.000,     98.000       
# span 10 =     2.4121,     3.1989      
# span 11 =    25.2200,    25.3574      
# span 12 =     7.0944,     7.2704      
# span 13 =    10.1385,    10.3901      
# span 14 =     93.350,     94.366      
# span 15 =    309.011,    316.708      
# span 16 =    316.833,    324.695      
# span 17 =   -0.00157,    0.00330      
# span 18 =    7.54945,    7.70901      
# span 19 =   10.78892,   11.01695      
# span 20 =  328.82682,  335.81041      
# span 21 =   16.85107,   17.18362      
# span 22 = 3.6139e-02, 7.4776e+01      
# span 23 =     0.2184,     0.4922      
# span 24 =     0.4603,     0.9119      
# span 25 =    79.6144,    89.1293      
# span 26 = 0.0000e+00, 0.0000e+00      
# interval = meters: 1                  
# start_time = Mar 18 2020 12:14:02 [Instrument's time stamp, header]
# bad_flag = -9.990e-29
*END*
[from data line 54]
        685  78.511724    0.04749     2.8493    170.959     55.519  51859.250    31.7553     2.8926     55.000     2.8905    25.3048     7.1140    10.1666     93.481    309.870    317.712   -0.00004    7.61003   10.87550  331.47615   16.97724 5.4304e-02     0.4115     0.5133    87.9570 0.0000e+00
        689  78.511736    0.04779     2.8672    172.034     56.534  51859.365    31.7553     2.8941     56.000     2.8915    25.3047     7.1104    10.1615     93.438    309.713    317.551   -0.00028    7.60973   10.87507  331.46315   16.97662 5.0532e-02     0.3971     0.5046    88.1482 0.0000e+00
        694  78.511751    0.04812     2.8873    173.240     57.550  51862.342    31.7571     2.8952     57.000     2.8938    25.3060     7.1059    10.1550     93.382    309.516    317.349   -0.00058    7.60944   10.87465  331.45008   16.97599 4.7460e-02     0.4199     0.4850    88.5816 0.0000e+00
        698  78.511762    0.04841     2.9048    174.287     58.549  51864.699    31.7593     2.8997     58.000     2.8986    25.3075     7.1065    10.1560     93.403    309.544    317.378   -0.00042    7.60847   10.87326  331.40710   16.97394 4.5011e-02     0.4009     0.4852    88.5762 0.0000e+00
        703  78.511777    0.04876     2.9255    175.531     59.574  51861.740    31.7579     2.9038     59.000     2.9010    25.3060     7.1053    10.1541     93.395    309.489    317.322   -0.00037    7.60778   10.87229  331.37784   16.97255 4.2715e-02     0.4055     0.4854    88.5711 0.0000e+00
        707  78.511787    0.04900     2.9400    176.403     60.577  51862.241    31.7579     2.9044     60.000     2.9012    25.3059     7.1085    10.1588     93.439    309.630    317.466   -0.00017    7.60767   10.87211  331.37277   16.97231 4.0980e-02     0.4080     0.4898    88.4748 0.0000e+00
        710  78.511797    0.04925     2.9547    177.280     61.573  51863.345    31.7582     2.9049     61.000     2.9020    25.3062     7.1098    10.1605     93.456    309.684    317.521   -0.00007    7.60756   10.87196  331.36801   16.97209 3.9496e-02     0.4012     0.4891    88.4906 0.0000e+00
        715  78.511812    0.04961     2.9767    178.601     62.602  51864.262    31.7587     2.9064     62.000     2.9035    25.3065     7.1062    10.1556     93.415    309.533    317.365   -0.00032    7.60723   10.87150  331.35367   16.97140 3.7916e-02     0.3931     0.4805    88.6810 0.0000e+00
        720  78.511826    0.04993     2.9961    179.765     63.601  51864.050    31.7584     2.9076     63.000     2.9043    25.3061     7.1014    10.1487     93.353    309.321    317.148   -0.00062    7.60703   10.87121  331.34510   16.97100 3.6825e-02     0.4013     0.4780    88.7354 0.0000e+00
        725  78.511839    0.05027     3.0158    180.948     64.624  51868.740    31.7614     2.9087     64.000     2.9068    25.3083     7.1108    10.1621     93.481    309.729    317.568    0.00013    7.60666   10.87068  331.32812   16.97018 3.6139e-02     0.4209     0.4769    88.7605 0.0000e+00
        728  78.511850    0.05051     3.0306    181.835     65.622  51866.859    31.7602     2.9110     65.000     2.9079    25.3072     7.1070    10.1567     93.436    309.565    317.400   -0.00013    7.60631   10.87017  331.31288   16.96946 3.6171e-02     0.3930     0.4792    88.7090 0.0000e+00
        732  78.511861    0.05077     3.0461    182.768     66.632  51868.073    31.7608     2.9124     66.000     2.9096    25.3076     7.1031    10.1511     93.389    309.396    317.227   -0.00044    7.60601   10.86974  331.29983   16.96884 3.6170e-02     0.4092     0.4918    88.4305 0.0000e+00
        736  78.511872    0.05105     3.0631    183.785     67.642  51869.544    31.7618     2.9143     67.000     2.9115    25.3083     7.1038    10.1520     93.403    309.425    317.256   -0.00037    7.60558   10.86914  331.28124   16.96795 3.6170e-02     0.4280     0.4991    88.2697 0.0000e+00
        741  78.511886    0.05137     3.0821    184.926     68.650  51869.245    31.7615     2.9158     68.000     2.9126    25.3079     7.1042    10.1526     93.411    309.442    317.274   -0.00026    7.60531   10.86875  331.26958   16.96740 3.6170e-02     0.4021     0.5006    88.2360 0.0000e+00
        746  78.511901    0.05174     3.1039    186.237     69.672  51867.810    31.7604     2.9172     69.000     2.9133    25.3069     7.0993    10.1457     93.350    309.230    317.056   -0.00050    7.60511   10.86846  331.26092   16.96699 3.6170e-02     0.3961     0.4984    88.2853 0.0000e+00
        750  78.511912    0.05198     3.1191    187.145     70.680  51873.069    31.7634     2.9175     70.000     2.9149    25.3094     7.1004    10.1470     93.365    309.272    317.099   -0.00060    7.60489   10.86815  331.25070   16.96649 3.6170e-02     0.4091     0.5017    88.2134 0.0000e+00
        753  78.511921    0.05221     3.1327    187.961     71.670  51876.326    31.7660     2.9207     71.000     2.9191    25.3111     7.1023    10.1499     93.400    309.358    317.188   -0.00018    7.60418   10.86713  331.21901   16.96498 3.6170e-02     0.4017     0.4900    88.4722 0.0000e+00
        758  78.511936    0.05257     3.1542    189.253     72.706  51873.958    31.7655     2.9266     72.000     2.9241    25.3102     7.0983    10.1442     93.362    309.186    317.012   -0.00055    7.60306   10.86554  331.17071   16.96268 3.6170e-02     0.3899     0.4791    88.7119 0.0000e+00
        762  78.511947    0.05284     3.1705    190.230     73.693  51878.841    31.7693     2.9305     73.000     2.9293    25.3129     7.1030    10.1509     93.435    309.391    317.221    0.00001    7.60214   10.86422  331.12975   16.96072 3.6170e-02     0.3990     0.4802    88.6874 0.0000e+00
        767  78.511962    0.05320     3.1921    191.529     74.725  51876.256    31.7688     2.9374     74.000     2.9347    25.3120     7.1008    10.1477     93.421    309.292    317.120   -0.00015    7.60084   10.86237  331.07370   16.95806 3.6170e-02     0.3977     0.4782    88.7333 0.0000e+00
        771  78.511972    0.05344     3.2063    192.380     75.711  51880.239    31.7717     2.9399     75.000     2.9385    25.3141     7.1006    10.1474     93.426    309.281    317.111   -0.00006    7.60023   10.86150  331.04634   16.95675 3.6170e-02     0.4111     0.4866    88.5444 0.0000e+00
        775  78.511985    0.05374     3.2245    193.469     76.737  51882.110    31.7743     2.9467     76.000     2.9456    25.3156     7.0961    10.1410     93.384    309.086    316.911   -0.00043    7.59881   10.85946  330.98391   16.95377 3.6170e-02     0.3882     0.4840    88.6043 0.0000e+00
        779  78.511996    0.05401     3.2407    194.441     77.731  51881.789    31.7750     2.9524     77.000     2.9505    25.3158     7.1032    10.1511     93.491    309.395    317.227    0.00025    7.59769   10.85787  330.93527   16.95146 3.6170e-02     0.4002     0.4845    88.5920 0.0000e+00
        784  78.512011    0.05438     3.2629    195.772     78.763  51876.470    31.7721     2.9568     78.000     2.9527    25.3131     7.0979    10.1437     93.430    309.167    316.993   -0.00020    7.59703   10.85691  330.90691   16.95013 3.6170e-02     0.4290     0.4739    88.8287 0.0000e+00
        788  78.512021    0.05462     3.2771    196.625     79.749  51880.247    31.7743     2.9576     79.000     2.9545    25.3147     7.0986    10.1446     93.442    309.195    317.023   -0.00005    7.59675   10.85652  330.89443   16.94953 3.6170e-02     0.4044     0.4796    88.6998 0.0000e+00
        792  78.512034    0.05492     3.2951    197.706     80.770  51882.853    31.7765     2.9611     80.000     2.9588    25.3162     7.0944    10.1385     93.396    309.011    316.833   -0.00046    7.59598   10.85542  330.86032   16.94789 3.6170e-02     0.3988     0.4753    88.7970 0.0000e+00
        796  78.512047    0.05524     3.3143    198.861     81.777  51883.122    31.7775     2.9662     81.000     2.9641    25.3166     7.0961    10.1410     93.431    309.083    316.909   -0.00014    7.59497   10.85397  330.81634   16.94580 3.6170e-02     0.4126     0.4686    88.9454 0.0000e+00
        801  78.512061    0.05558     3.3344    200.063     82.794  51885.008    31.7801     2.9727     82.000     2.9705    25.3180     7.0973    10.1427     93.463    309.137    316.964   -0.00007    7.59361   10.85202  330.75630   16.94294 3.6170e-02     0.4214     0.4671    88.9791 0.0000e+00
        805  78.512073    0.05586     3.3520    201.123     83.805  51882.490    31.7789     2.9769     83.000     2.9732    25.3169     7.1014    10.1487     93.528    309.319    317.150    0.00027    7.59286   10.85095  330.72430   16.94142 3.6170e-02     0.4117     0.4692    88.9316 0.0000e+00
        809  78.512084    0.05612     3.3673    202.036     84.807  51882.783    31.7791     2.9786     84.000     2.9748    25.3168     7.1015    10.1488     93.533    309.323    317.154    0.00018    7.59255   10.85051  330.71084   16.94078 3.6170e-02     0.4083     0.4708    88.8972 0.0000e+00
        813  78.512096    0.05641     3.3847    203.081     85.814  51885.614    31.7812     2.9814     85.000     2.9782    25.3183     7.0994    10.1457     93.513    309.229    317.058   -0.00000    7.59191   10.84959  330.68208   16.93941 3.6170e-02     0.4213     0.4683    88.9525 0.0000e+00
        819  78.512112    0.05681     3.4084    204.506     86.839  51880.498    31.7775     2.9827     86.000     2.9771    25.3153     7.1000    10.1466     93.521    309.257    317.086   -0.00004    7.59186   10.84953  330.68115   16.93938 3.6170e-02     0.4140     0.4603    89.1293 0.0000e+00
        823  78.512124    0.05708     3.4249    205.492     87.836  51888.675    31.7825     2.9823     87.000     2.9805    25.3192     7.0956    10.1404     93.466    309.067    316.892   -0.00042    7.59166   10.84924  330.67124   16.93889 3.6170e-02     0.4406     0.4682    88.9552 0.0000e+00
        827  78.512136    0.05736     3.4420    206.518     88.845  51887.798    31.7831     2.9889     88.000     2.9856    25.3192     7.1000    10.1466     93.539    309.254    317.084    0.00002    7.59040   10.84744  330.61630   16.93627 3.6170e-02     0.4320     0.4722    88.8671 0.0000e+00
        832  78.512150    0.05771     3.4623    207.737     89.869  51885.705    31.7819     2.9916     89.000     2.9870    25.3180     7.1046    10.1532     93.605    309.457    317.292    0.00022    7.58994   10.84679  330.59690   16.93536 3.6170e-02     0.4269     0.4645    89.0362 0.0000e+00
        836  78.512160    0.05796     3.4774    208.643     90.862  51886.192    31.7819     2.9926     90.000     2.9884    25.3179     7.1019    10.1492     93.572    309.337    317.169    0.00007    7.58975   10.84651  330.58836   16.93495 3.6170e-02     0.4322     0.4700    88.9152 0.0000e+00
        841  78.512175    0.05830     3.4982    209.891     91.885  51889.989    31.7848     2.9958     91.000     2.9925    25.3200     7.0993    10.1456     93.547    309.226    317.056   -0.00020    7.58901   10.84545  330.55549   16.93338 3.6170e-02     0.4356     0.4728    88.8529 0.0000e+00
        845  78.512186    0.05858     3.5151    210.905     92.881  51889.983    31.7854     2.9999     92.000     2.9963    25.3201     7.1033    10.1513     93.609    309.398    317.232    0.00015    7.58821   10.84432  330.52066   16.93172 3.6170e-02     0.4283     0.4867    88.5428 0.0000e+00
        850  78.512201    0.05894     3.5361    212.167     93.903  51888.380    31.7847     3.0031     93.000     2.9986    25.3193     7.0991    10.1453     93.561    309.215    317.044   -0.00019    7.58764   10.84350  330.49617   16.93056 3.6170e-02     0.4507     0.5858    86.3887 0.0000e+00
        854  78.512214    0.05925     3.5546    213.276     94.911  51895.731    31.7896     3.0053     94.000     3.0041    25.3231     7.0998    10.1464     93.580    309.248    317.079   -0.00010    7.58695   10.84251  330.46486   16.92905 3.6170e-02     0.4342     0.4890    88.4929 0.0000e+00
        858  78.512225    0.05951     3.5705    214.232     95.911  51956.625    31.8343     3.0201     95.000     3.0493    25.3574     7.0997    10.1461     93.640    309.228    317.070    0.00014    7.58186   10.83523  330.23189   16.91781 3.6170e-02     0.4472     0.5156    87.9069 0.0000e+00
        863  78.512240    0.05987     3.5922    215.533     96.932  51929.744    31.8446     3.1294     96.000     3.1521    25.3565     7.1135    10.1659     94.083    309.832    317.688    0.00230    7.56082   10.80516  329.31581   16.87423 3.6170e-02     0.4174     0.5815    86.4752 0.0000e+00
        867  78.512252    0.06017     3.6104    216.624     97.940  51884.404    31.8257     3.1760     97.000     3.1803    25.3373     7.1254    10.1829     94.338    310.357    318.220    0.00330    7.55308   10.79411  328.98499   16.85859 3.6170e-02     0.4786     0.7624    82.6466 0.0000e+00
        872  78.512265    0.06047     3.6280    217.680     98.925  51880.911    31.8277     3.1948     98.000     3.1989    25.3374     7.1100    10.1608     94.179    309.686    317.532    0.00163    7.54945   10.78892  328.82682   16.85107 3.6170e-02     0.4867     0.7590    82.7174 0.0000e+00
