CTD-processing/allCTD/CNV/2020_07-24_t9_s10_cast135_4141.cnv
* Sea-Bird SBE19plus Data File:
* FileName = E:\2020_07-24_T9\2020_07-24_T9_S0_cast135.hex
* Software Version 1.59
* Temperature SN =  4141
* Conductivity SN =  4141
* System UpLoad Time = Jul 28 2020 15:16:04
** Cook Inlet LTM T9
** Date: 2020_07-24
** Station:S10
** Start Time: (AKDT):14:45
** Depth (m):60
** Comment:
** Comment:
# nquan = 27
# nvalues = 56                          
# units = specified
# name 0 = scan: Scan Count
# name 1 = timeJ: Julian Days
# name 2 = timeH: Time, Elapsed [hours]
# name 3 = timeM: Time, Elapsed [minutes]
# name 4 = timeS: Time, Elapsed [seconds]
# name 5 = prdM: Pressure, Strain Gauge [db]
# name 6 = specc: Specific Conductance [uS/cm]
# name 7 = sal00: Salinity, Practical [PSU]
# name 8 = tv290C: Temperature [ITS-90, deg C]
# name 9 = depSM: Depth [salt water, m], lat = 59.00
# name 10 = potemp090C: Potential Temperature [ITS-90, deg C]
# name 11 = sigma-é00: Density [sigma-theta, kg/m^3]
# name 12 = sbeox0ML/L: Oxygen, SBE 43 [ml/l]
# name 13 = sbeox0Mg/L: Oxygen, SBE 43 [mg/l]
# name 14 = sbeox0PS: Oxygen, SBE 43 [% saturation]
# name 15 = sbox0Mm/Kg: Oxygen, SBE 43 [umol/kg]
# name 16 = sbeox0Mm/L: Oxygen, SBE 43 [umol/l]
# name 17 = sbox0dV/dT: Oxygen, SBE 43 [dov/dt]
# name 18 = oxsolML/L: Oxygen Saturation, Garcia & Gordon [ml/l]
# name 19 = oxsolMg/L: Oxygen Saturation, Garcia & Gordon [mg/l]
# name 20 = oxsolMm/Kg: Oxygen Saturation, Garcia & Gordon [umol/kg]
# name 21 = n2satMg/L: Nitrogen Saturation [mg/l]
# name 22 = par: PAR/Irradiance, Biospherical/Licor
# name 23 = wetStar: Fluorescence, WET Labs WETstar [mg/m^3]
# name 24 = CStarAt0: Beam Attenuation, WET Labs C-Star [1/m]
# name 25 = CStarTr0: Beam Transmission, WET Labs C-Star [%]
# name 26 = flag: flag
# span 0 =        283,        509       
# span 1 = 206.615595, 206.616249       
# span 2 =    0.01956,    0.03525       
# span 3 =     1.1736,     2.1150       
# span 4 =     70.417,    126.902       
# span 5 =      1.010,     56.503       
# span 6 =  39474.694,  49873.807       
# span 7 =    24.7913,    31.6470       
# span 8 =     9.0784,    13.2314       
# span 9 =      1.000,     56.000       
# span 10 =     9.0725,    12.9525      
# span 11 =    18.4580,    24.4627      
# span 12 =     6.1304,     6.5515      
# span 13 =     8.7610,     9.3627      
# span 14 =     94.421,    104.040      
# span 15 =    267.277,    286.831      
# span 16 =    273.785,    292.589      
# span 17 =   -0.02244,    0.02227      
# span 18 =    6.28704,    6.58551      
# span 19 =    8.98480,    9.41135      
# span 20 =  274.91273,  287.08654      
# span 21 =   14.29026,   14.86292      
# span 22 = 5.3739e-02, 1.1631e+02      
# span 23 =     0.7278,     3.6864      
# span 24 =     0.8273,     1.7109      
# span 25 =    65.2125,    81.3153      
# span 26 = 0.0000e+00, 0.0000e+00      
# interval = meters: 1                  
# start_time = Jul 24 2020 14:45:17 [Instrument's time stamp, header]
# bad_flag = -9.990e-29
*END*
        283 206.615595    0.01956     1.1736     70.417      1.010  39474.694    24.7913    13.2314      1.000    12.9525    18.4580     6.5411     9.3478    104.040    286.831    292.123    0.02227    6.28704    8.98480  275.69096   14.34522 1.1631e+02     1.9594     1.5493    66.6967 0.0000e+00
        287 206.615609    0.01989     1.1935     71.611      2.020  42625.033    26.9314    12.5482      2.000    12.3640    20.2343     6.3062     9.0122    100.205    276.050    281.637   -0.01291    6.29342    8.99393  275.48980   14.32689 1.1201e+02     1.6696     1.5945    67.0647 0.0000e+00
        292 206.615622    0.02021     1.2124     72.743      3.031  43844.779    27.7595    12.2390      3.000    12.1623    20.9306     6.2267     8.8987     98.807    272.385    278.087   -0.02244    6.30190    9.00604  275.67266   14.33230 7.3358e+01     2.0852     1.4276    70.0185 0.0000e+00
        296 206.615635    0.02051     1.2302     73.812      4.033  45873.626    29.1540    11.9035      4.000    11.6962    22.0706     6.2938     8.9945    100.035    275.010    281.080   -0.00615    6.29155    8.99125  274.91273   14.29026 5.5715e+01     2.3725     1.3198    71.9137 0.0000e+00
        301 206.615649    0.02085     1.2514     75.085      5.051  46395.729    29.4908    11.5814      5.000    11.5625    22.3890     6.3692     9.1022    100.756    278.219    284.448   -0.00060    6.32136    9.03386  276.12980   14.34722 3.8876e+01     2.8062     1.1543    74.9271 0.0000e+00
        305 206.615661    0.02114     1.2687     76.124      6.058  46531.951    29.5829    11.5464      6.000    11.5296    22.4665     6.4987     9.2874    102.789    283.856    290.234    0.01421    6.32242    9.03537  276.15502   14.34805 2.7605e+01     3.4197     1.1266    75.4525 0.0000e+00
        309 206.615672    0.02142     1.2849     77.092      7.066  46617.789    29.6405    11.5220      7.000    11.5080    22.5156     6.5360     9.3405    103.361    285.468    291.896    0.01465    6.32341    9.03678  276.18483   14.34925 2.0355e+01     3.4177     1.1328    75.3365 0.0000e+00
        313 206.615684    0.02169     1.3012     78.071      8.076  46748.904    29.7293    11.4892      8.000    11.4717    22.5903     6.5467     9.3559    103.518    285.919    292.378    0.01136    6.32429    9.03804  276.20327   14.34978 1.4961e+01     3.6185     1.1803    74.4480 0.0000e+00
        317 206.615695    0.02196     1.3176     79.054      9.085  46849.645    29.7972    11.4624      9.000    11.4444    22.6477     6.5515     9.3627    103.578    286.110    292.589    0.00839    6.32520    9.03934  276.22733   14.35066 1.0833e+01     3.6864     1.2967    72.3206 0.0000e+00
        321 206.615706    0.02223     1.3338     80.026     10.096  47140.461    29.9971    11.4147     10.000    11.3747    22.8112     6.5339     9.3375    103.324    285.294    291.802    0.00439    6.32366    9.03714  276.11601   14.34452 7.9009e+00     3.5000     1.3050    72.1632 0.0000e+00
        325 206.615717    0.02249     1.3494     80.965     11.102  47376.522    30.1561    11.3452     11.000    11.3151    22.9469     6.5010     9.2905    102.755    283.821    290.334   -0.00103    6.32670    9.04149  276.21215   14.34849 5.8354e+00     3.4417     1.2739    72.7272 0.0000e+00
        329 206.615728    0.02277     1.3658     81.951     12.111  47653.599    30.3446    11.2802     12.000    11.2414    23.1047     6.4746     9.2529    102.318    282.626    289.156   -0.00433    6.32795    9.04327  276.22417   14.34831 4.3938e+00     3.2091     1.2707    72.7838 0.0000e+00
        333 206.615741    0.02307     1.3840     83.039     13.124  47858.199    30.4812    11.2097     13.000    11.1628    23.2231     6.4658     9.2403    102.113    282.209    288.763   -0.00456    6.33204    9.04911  276.37047   14.35477 3.2784e+00     3.1990     1.2718    72.7633 0.0000e+00
        337 206.615753    0.02335     1.4013     84.078     14.126  48222.503    30.7255    11.0913     14.000    11.0397    23.4335     6.4502     9.2180    101.766    281.471    288.067   -0.00546    6.33833    9.05811  276.58844   14.36423 2.4491e+00     3.3233     1.2524    73.1177 0.0000e+00
        342 206.615767    0.02368     1.4211     85.266     15.148  48392.642    30.8363    11.0093     15.000    10.9964    23.5339     6.4148     9.1674    101.099    279.897    286.484   -0.00832    6.34503    9.06769  276.85372   14.37649 1.8301e+00     3.3674     1.2884    72.4800 0.0000e+00
        346 206.615778    0.02396     1.4377     86.263     16.146  48438.880    30.8662    10.9873     16.000    10.9680    23.5610     6.3975     9.1428    100.799    279.138    285.714   -0.00830    6.34684    9.07027  276.92527   14.37980 1.3997e+00     3.4816     1.4544    69.5260 0.0000e+00
        351 206.615793    0.02431     1.4587     87.520     17.163  48519.326    30.9164    10.9317     17.000    10.8946    23.6096     6.3943     9.1381    100.659    278.982    285.569   -0.00629    6.35241    9.07823  277.15497   14.39059 1.0597e+00     3.6288     1.3657    71.0916 0.0000e+00
        356 206.615807    0.02464     1.4786     88.719     18.170  48663.301    31.0051    10.8204     18.000    10.7404    23.6978     6.3769     9.1133    100.202    278.200    284.793   -0.00728    6.36407    9.09489  277.64000   14.41346 7.8240e-01     3.5437     1.3735    70.9397 0.0000e+00
        360 206.615820    0.02496     1.4974     89.844     19.181  48866.359    31.1304    10.6652     19.000    10.6130    23.8217     6.3402     9.0607     99.371    276.565    283.154   -0.01048    6.38036    9.11816  278.31656   14.44535 5.7283e-01     3.0923     1.4889    68.9194 0.0000e+00
        365 206.615833    0.02528     1.5169     91.014     20.191  49006.793    31.2137    10.5330     20.000    10.4463    23.9089     6.3004     9.0039     98.518    274.807    281.377   -0.01291    6.39525    9.13945  278.94254   14.47499 4.1602e-01     2.5091     1.5472    67.9254 0.0000e+00
        369 206.615846    0.02557     1.5345     92.067     21.199  49201.753    31.3282    10.3437     21.000    10.2679    24.0299     6.2632     8.9508     97.606    273.152    279.716   -0.01520    6.41688    9.17036  279.85301   14.51810 2.9350e-01     2.3482     1.6952    65.4694 0.0000e+00
        373 206.615857    0.02586     1.5515     93.090     22.211  49469.889    31.5013    10.2139     22.000    10.1575    24.1864     6.2266     8.8984     96.868    271.513    278.080   -0.01621    6.42793    9.18614  280.29177   14.53841 2.0322e-01     2.0891     1.7109    65.2125 0.0000e+00
        377 206.615869    0.02614     1.5683     94.099     23.217  49598.349    31.5782    10.1069     23.000    10.0631    24.2641     6.2024     8.8639     96.314    270.438    277.000   -0.01523    6.43976    9.20306  280.78664   14.56178 1.5124e-01     1.8657     1.5612    67.6886 0.0000e+00
        381 206.615881    0.02641     1.5846     95.077     24.238  49670.383    31.6196    10.0356     24.000    10.0052    24.3082     6.1657     8.8113     95.619    268.823    275.357   -0.01579    6.44806    9.21494  281.13666   14.57836 1.2079e-01     1.4974     1.4799    69.0731 0.0000e+00
        385 206.615890    0.02664     1.5985     95.907     25.228  49670.866    31.6111     9.9693     25.000     9.9111    24.3123     6.1452     8.7821     95.160    267.932    274.446   -0.01548    6.45779    9.22882  281.55941   14.59862 1.0266e-01     1.2475     1.3349    71.6371 0.0000e+00
        389 206.615902    0.02693     1.6157     96.944     26.253  49670.852    31.5968     9.8630     26.000     9.7862    24.3186     6.1338     8.7657     94.753    267.430    273.934   -0.01359    6.47342    9.25117  282.23938   14.63121 9.0335e-02     1.1491     1.2592    72.9931 0.0000e+00
        392 206.615912    0.02718     1.6308     97.846     27.258  49715.626    31.6097     9.7237     27.000     9.6707    24.3512     6.1304     8.7610     94.421    267.277    273.785   -0.01276    6.49270    9.27871  283.07062   14.67093 8.1115e-02     0.9710     1.3161    71.9629 0.0000e+00
        396 206.615923    0.02743     1.6456     98.733     28.259  49712.930    31.5959     9.6373     28.000     9.5891    24.3543     6.1549     8.7960     94.609    268.342    274.878   -0.00884    6.50560    9.29716  283.63270   14.69786 7.4832e-02     0.8295     1.4096    70.3061 0.0000e+00
        400 206.615935    0.02772     1.6630     99.782     29.280  49797.810    31.6470     9.5742     29.000     9.5683    24.4042     6.1833     8.8366     94.945    269.568    276.146   -0.00401    6.51251    9.30704  283.92008   14.71141 6.9463e-02     0.8004     1.4443    69.6918 0.0000e+00
        404 206.615946    0.02799     1.6792    100.749     30.283  49749.095    31.6110     9.5654     30.000     9.5376    24.3775     6.2111     8.8763     95.331    270.786    277.387   -0.00059    6.51528    9.31099  284.04802   14.71767 6.5816e-02     0.8568     1.4147    70.2120 0.0000e+00
        408 206.615957    0.02824     1.6947    101.685     31.296  49783.230    31.6295     9.5276     31.000     9.5159    24.3980     6.2239     8.8945     95.459    271.337    277.957    0.00079    6.51993    9.31764  284.24527   14.72702 6.2946e-02     0.7828     1.3479    71.3937 0.0000e+00
        412 206.615968    0.02851     1.7109    102.656     32.302  49782.130    31.6261     9.5119     32.000     9.5013    24.3980     6.2272     8.8993     95.474    271.481    278.104    0.00026    6.52235    9.32109  284.35050   14.73207 6.0720e-02     0.8365     1.0522    76.8670 0.0000e+00
        416 206.615981    0.02881     1.7288    103.729     33.314  49776.599    31.6197     9.4962     33.000     9.4809    24.3954     6.2347     8.9100     95.553    271.810    278.440    0.00079    6.52487    9.32470  284.46128   14.73739 5.9172e-02     0.8170     1.0431    77.0466 0.0000e+00
        420 206.615993    0.02911     1.7464    104.782     34.321  49770.364    31.6106     9.4646     34.000     9.4467    24.3934     6.2363     8.9124     95.506    271.884    278.515    0.00013    6.52979    9.33173  284.67626   14.74771 5.7955e-02     0.7904     1.0334    77.2320 0.0000e+00
        425 206.616006    0.02941     1.7650    105.901     35.338  49776.420    31.6110     9.4395     35.000     9.4189    24.3976     6.2373     8.9137     95.467    271.921    278.555   -0.00035    6.53340    9.33689  284.83253   14.75519 5.6825e-02     0.8644     1.0441    77.0310 0.0000e+00
        429 206.616018    0.02970     1.7822    106.929     36.339  49794.719    31.6186     9.4041     36.000     9.3918    24.4092     6.2382     8.9150     95.411    271.959    278.597   -0.00065    6.53819    9.34374  285.03812   14.76499 5.6403e-02     0.8533     1.0923    76.1046 0.0000e+00
        434 206.616032    0.03005     1.8028    108.170     37.363  49803.177    31.6217     9.3862     37.000     9.3760    24.4144     6.2459     8.9259     95.494    272.293    278.940   -0.00015    6.54065    9.34724  285.14376   14.77003 5.5625e-02     0.8564     1.0639    76.6469 0.0000e+00
        437 206.616043    0.03031     1.8186    109.115     38.359  49808.374    31.6234     9.3747     38.000     9.3657    24.4175     6.2542     8.9379     95.598    272.657    279.314    0.00056    6.54223    9.34951  285.21192   14.77328 5.5349e-02     0.7940     1.0628    76.6675 0.0000e+00
        441 206.616054    0.03058     1.8347    110.082     39.376  49813.138    31.6251     9.3670     39.000     9.3598    24.4202     6.2572     8.9422     95.628    272.786    279.448    0.00054    6.54327    9.35099  285.25664   14.77541 5.4979e-02     0.7811     1.0195    77.5050 0.0000e+00
        445 206.616065    0.03082     1.8495    110.968     40.378  49808.023    31.6203     9.3609     40.000     9.3497    24.4174     6.2603     8.9466     95.660    272.922    279.587    0.00051    6.54437    9.35256  285.30522   14.77775 5.4879e-02     0.7889     0.9792    78.2874 0.0000e+00
        449 206.616075    0.03109     1.8656    111.938     41.391  49808.965    31.6187     9.3480     41.000     9.3366    24.4182     6.2618     8.9488     95.655    272.989    279.654    0.00033    6.54630    9.35532  285.38912   14.78177 5.4455e-02     0.7947     0.9630    78.6056 0.0000e+00
        453 206.616087    0.03136     1.8815    112.892     42.401  49816.847    31.6222     9.3359     42.000     9.3276    24.4229     6.2614     8.9481     95.624    272.967    279.633   -0.00016    6.54791    9.35762  285.45802   14.78505 5.4331e-02     0.8316     0.9706    78.4551 0.0000e+00
        456 206.616098    0.03163     1.8974    113.844     43.411  49789.845    31.6008     9.3217     43.000     9.2936    24.4083     6.2658     8.9544     95.648    273.163    279.830    0.00002    6.55087    9.36184  285.59084   14.79149 5.4208e-02     0.9700     0.9718    78.4311 0.0000e+00
        460 206.616108    0.03189     1.9131    114.787     44.422  49791.465    31.5947     9.2729     44.000     9.2426    24.4112     6.2677     8.9572     95.571    273.248    279.919   -0.00056    6.55820    9.37232  285.90988   14.80677 5.4278e-02     0.7844     0.8283    81.2990 0.0000e+00
        464 206.616119    0.03214     1.9283    115.699     45.429  49817.297    31.6068     9.2323     45.000     9.2124    24.4270     6.2608     8.9473     95.387    272.941    279.607   -0.00175    6.56360    9.38004  286.14069   14.81775 5.4067e-02     0.8067     0.8273    81.3153 0.0000e+00
        468 206.616130    0.03240     1.9441    116.648     46.438  49824.484    31.6075     9.2040     46.000     9.1848    24.4320     6.2681     8.9578     95.439    273.259    279.935   -0.00129    6.56769    9.38588  286.31763   14.82621 5.4009e-02     0.8344     0.8600    80.6541 0.0000e+00
        472 206.616142    0.03268     1.9605    117.632     47.449  49835.893    31.6111     9.1756     47.000     9.1613    24.4392     6.2717     8.9628     95.435    273.410    280.092   -0.00083    6.57167    9.39157  286.48899   14.83439 5.3856e-02     0.7679     0.8722    80.4086 0.0000e+00
        475 206.616153    0.03295     1.9768    118.611     48.461  49842.780    31.6134     9.1610     48.000     9.1482    24.4434     6.2724     8.9639     95.417    273.442    280.126   -0.00103    6.57369    9.39447  286.57634   14.83855 5.3912e-02     0.7865     0.8831    80.1910 0.0000e+00
        479 206.616164    0.03321     1.9924    119.545     49.466  49848.496    31.6152     9.1481     49.000     9.1343    24.4467     6.2777     8.9714     95.471    273.671    280.361   -0.00041    6.57550    9.39705  286.65406   14.84226 5.3860e-02     0.7499     0.8861    80.1317 0.0000e+00
        483 206.616175    0.03348     2.0088    120.529     50.479  49830.935    31.5985     9.1207     50.000     9.0951    24.4380     6.2799     8.9745     95.435    273.766    280.457   -0.00061    6.58023    9.40380  286.86256   14.85229 5.3922e-02     0.7278     0.9200    79.4552 0.0000e+00
        487 206.616186    0.03375     2.0252    121.514     51.484  49859.789    31.6140     9.0900     51.000     9.0781    24.4548     6.2710     8.9619     95.245    273.377    280.062   -0.00168    6.58405    9.40927  287.02470   14.85998 5.3754e-02     0.7604     0.9639    78.5866 0.0000e+00
        491 206.616199    0.03406     2.0435    122.612     52.500  49873.807    31.6219     9.0795     52.000     9.0753    24.4627     6.2632     8.9508     95.110    273.036    279.716   -0.00235    6.58523    9.41096  287.07390   14.86230 5.3755e-02     0.7460     1.0018    77.8456 0.0000e+00
        496 206.616211    0.03434     2.0604    123.626     53.505  49873.316    31.6217     9.0832     53.000     9.0781    24.4619     6.2689     8.9588     95.203    273.282    279.967   -0.00110    6.58470    9.41020  287.05099   14.86120 5.3743e-02     0.7423     1.0086    77.7137 0.0000e+00
