CTD-processing/allCTD/CNV/2020_08-14_t9_s06_cast160_4141.cnv
* Sea-Bird SBE19plus Data File:
* FileName = E:\2020_08-14_T9\2020_08-14_T9_S01_cast160.hex
* Software Version 1.59
* Temperature SN =  4141
* Conductivity SN =  4141
* System UpLoad Time = Aug 18 2020 11:09:03
** Cook Inlet LTM T9
** Date: 2020_08-14
** Station:S06
** Start Time: (AKDT):14:31
** Depth (m):101
** Comment:
** Comment:
# nquan = 27
# nvalues = 92                          
# units = specified
# name 0 = scan: Scan Count
# name 1 = timeJ: Julian Days
# name 2 = timeH: Time, Elapsed [hours]
# name 3 = timeM: Time, Elapsed [minutes]
# name 4 = timeS: Time, Elapsed [seconds]
# name 5 = prdM: Pressure, Strain Gauge [db]
# name 6 = specc: Specific Conductance [uS/cm]
# name 7 = sal00: Salinity, Practical [PSU]
# name 8 = tv290C: Temperature [ITS-90, deg C]
# name 9 = depSM: Depth [salt water, m], lat = 59.00
# name 10 = potemp090C: Potential Temperature [ITS-90, deg C]
# name 11 = sigma-é00: Density [sigma-theta, kg/m^3]
# name 12 = sbeox0ML/L: Oxygen, SBE 43 [ml/l]
# name 13 = sbeox0Mg/L: Oxygen, SBE 43 [mg/l]
# name 14 = sbeox0PS: Oxygen, SBE 43 [% saturation]
# name 15 = sbox0Mm/Kg: Oxygen, SBE 43 [umol/kg]
# name 16 = sbeox0Mm/L: Oxygen, SBE 43 [umol/l]
# name 17 = sbox0dV/dT: Oxygen, SBE 43 [dov/dt]
# name 18 = oxsolML/L: Oxygen Saturation, Garcia & Gordon [ml/l]
# name 19 = oxsolMg/L: Oxygen Saturation, Garcia & Gordon [mg/l]
# name 20 = oxsolMm/Kg: Oxygen Saturation, Garcia & Gordon [umol/kg]
# name 21 = n2satMg/L: Nitrogen Saturation [mg/l]
# name 22 = par: PAR/Irradiance, Biospherical/Licor
# name 23 = wetStar: Fluorescence, WET Labs WETstar [mg/m^3]
# name 24 = CStarAt0: Beam Attenuation, WET Labs C-Star [1/m]
# name 25 = CStarTr0: Beam Transmission, WET Labs C-Star [%]
# name 26 = flag: flag
# span 0 =        263,        656       
# span 1 = 227.605423, 227.606561       
# span 2 =    0.01820,    0.04552       
# span 3 =     1.0919,     2.7311       
# span 4 =     65.515,    163.863       
# span 5 =      1.023,     92.809       
# span 6 =  39762.346,  49755.152       
# span 7 =    25.0572,    31.5780       
# span 8 =     9.4892,    14.3205       
# span 9 =      1.000,     92.000       
# span 10 =     9.4888,    14.2365      
# span 11 =    18.4568,    24.3649      
# span 12 =     5.7191,     7.0617      
# span 13 =     8.1732,    10.0918      
# span 14 =     87.643,    113.650      
# span 15 =    249.344,    308.102      
# span 16 =    255.416,    315.373      
# span 17 =   -0.02915,    0.06874      
# span 18 =    6.08972,    6.52763      
# span 19 =    8.70282,    9.32863      
# span 20 =  266.54527,  284.58988      
# span 21 =   13.89581,   14.74372      
# span 22 = 6.1587e-02, 5.1763e+02      
# span 23 =     0.0102,     9.2326      
# span 24 =     0.2317,     2.9371      
# span 25 =    48.0193,    94.3719      
# span 26 = 0.0000e+00, 0.0000e+00      
# interval = meters: 1                  
# start_time = Aug 14 2020 14:30:43 [Instrument's time stamp, header]
# bad_flag = -9.990e-29
*END*
[from data line 54]
        490 227.606080    0.03398     2.0386    122.317     55.523  49336.815    31.4042    10.3028     55.000    10.2866    24.0967     5.8479     8.3573     91.097    255.024    261.170   -0.00270    6.41946    9.17406  279.94755   14.52233 7.6757e-02     0.4632     0.8242    81.3815 0.0000e+00
        495 227.606093    0.03429     2.0574    123.443     56.538  49357.167    31.4158    10.2831     56.000    10.2717    24.1090     5.8398     8.3457     90.938    254.667    260.807   -0.00284    6.42175    9.17733  280.04394   14.52690 7.4567e-02     0.6474     0.7896    82.0886 0.0000e+00
        499 227.606106    0.03459     2.0757    124.540     57.541  49373.426    31.4257    10.2737     57.000    10.2648    24.1182     5.8403     8.3463     90.932    254.684    260.827   -0.00232    6.42267    9.17864  280.08129   14.52865 7.2714e-02     0.2864     0.7797    82.2900 0.0000e+00
        504 227.606121    0.03495     2.0969    125.812     58.560  49379.430    31.4292    10.2707     58.000    10.2645    24.1214     5.8346     8.3382     90.840    254.436    260.573   -0.00214    6.42292    9.17900  280.09151   14.52912 7.1155e-02     0.3388     0.7840    82.2000 0.0000e+00
        509 227.606133    0.03526     2.1155    126.930     59.562  49378.023    31.4277    10.2704     59.000    10.2633    24.1204     5.8362     8.3405     90.863    254.505    260.644   -0.00140    6.42304    9.17916  280.09683   14.52938 6.9806e-02     0.5141     0.8003    81.8672 0.0000e+00
        514 227.606148    0.03560     2.1359    128.153     60.578  49378.895    31.4279    10.2699     60.000    10.2625    24.1206     5.8337     8.3370     90.824    254.398    260.534   -0.00131    6.42310    9.17925  280.09959   14.52952 6.8784e-02     0.4851     0.7596    82.7054 0.0000e+00
        518 227.606161    0.03593     2.1558    129.347     61.584  49380.020    31.4279    10.2679     61.000    10.2600    24.1210     5.8354     8.3394     90.847    254.472    260.610   -0.00071    6.42337    9.17963  280.11097   14.53006 6.7799e-02     0.4612     0.7322    83.2735 0.0000e+00
        523 227.606175    0.03624     2.1747    130.480     62.597  49378.742    31.4261    10.2635     62.000    10.2494    24.1203     5.8355     8.3396     90.838    254.477    260.615   -0.00072    6.42407    9.18063  280.14160   14.53153 6.6932e-02     0.5028     0.7150    83.6307 0.0000e+00
        527 227.606187    0.03655     2.1926    131.556     63.603  49396.029    31.4358    10.2467     63.000    10.2345    24.1307     5.8344     8.3378     90.793    254.422    260.562   -0.00072    6.42601    9.18341  280.22366   14.53542 6.6329e-02     0.4385     0.6987    83.9732 0.0000e+00
        532 227.606200    0.03686     2.2116    132.694     64.620  49408.911    31.4433    10.2373     64.000    10.2283    24.1381     5.8251     8.3247     90.635    254.017    260.149   -0.00177    6.42702    9.18486  280.26570   14.53740 6.5658e-02     0.4446     0.7139    83.6556 0.0000e+00
        536 227.606211    0.03713     2.2277    133.665     65.619  49416.863    31.4480    10.2338     65.000    10.2218    24.1424     5.8392     8.3448     90.850    254.630    260.778   -0.00008    6.42731    9.18527  280.27715   14.53793 6.5208e-02     0.2920     0.7205    83.5155 0.0000e+00
        540 227.606224    0.03743     2.2459    134.755     66.637  49415.700    31.4449    10.2184     66.000    10.1991    24.1426     5.8377     8.3426     90.794    254.564    260.710   -0.00029    6.42961    9.18855  280.37721   14.54274 6.4709e-02     0.2140     0.7271    83.3791 0.0000e+00
        544 227.606236    0.03771     2.2625    135.752     67.640  49413.550    31.4388    10.1853     67.000    10.1542    24.1432     5.8378     8.3428     90.727    254.570    260.716   -0.00064    6.43449    9.19553  280.59001   14.55295 6.4236e-02     0.4644     0.7148    83.6363 0.0000e+00
        548 227.606248    0.03801     2.2803    136.820     68.655  49455.267    31.4627    10.1448     68.000    10.1302    24.1686     5.8293     8.3306     90.528    254.191    260.335   -0.00216    6.43919    9.20225  280.78803   14.56232 6.3939e-02     0.5317     0.7343    83.2297 0.0000e+00
        552 227.606260    0.03829     2.2975    137.847     69.658  49467.004    31.4693    10.1345     69.000    10.1254    24.1755     5.8283     8.3293     90.497    254.149    260.293   -0.00160    6.44036    9.20392  280.83704   14.56464 6.3724e-02     0.4780     0.7730    82.4284 0.0000e+00
        557 227.606273    0.03861     2.3168    139.006     70.676  49470.699    31.4712    10.1323     70.000    10.1243    24.1774     5.8206     8.3182     90.373    253.810    259.947   -0.00206    6.44060    9.20425  280.84685   14.56511 6.3371e-02     0.5664     0.7916    82.0458 0.0000e+00
        561 227.606286    0.03891     2.3345    140.069     71.679  49470.797    31.4709    10.1325     71.000    10.1242    24.1771     5.8231     8.3217     90.412    253.920    260.059   -0.00135    6.44058    9.20423  280.84613   14.56507 6.3169e-02     0.6235     0.7563    82.7740 0.0000e+00
        566 227.606299    0.03923     2.3536    141.218     72.697  49458.540    31.4611    10.1269     72.000    10.1066    24.1704     5.8214     8.3193     90.370    253.848    259.984   -0.00121    6.44177    9.20593  280.89991   14.56768 6.2950e-02     0.6812     0.7314    83.2895 0.0000e+00
        570 227.606310    0.03950     2.3701    142.204     73.697  49432.016    31.4380    10.0955     73.000    10.0471    24.1576     5.8292     8.3305     90.415    254.192    260.333   -0.00067    6.44714    9.21360  281.13743   14.57914 6.2766e-02     0.6655     0.7817    82.2490 0.0000e+00
        574 227.606323    0.03981     2.3889    143.331     74.715  49417.852    31.4132     9.9830     74.000     9.9086    24.1567     5.8227     8.3212     90.079    253.909    260.044   -0.00252    6.46404    9.23777  281.87503   14.61454 6.2548e-02     0.6804     0.9945    77.9893 0.0000e+00
        578 227.606335    0.04010     2.4060    144.359     75.716  49491.015    31.4474     9.8513     75.000     9.8021    24.2047     5.8328     8.3357     89.995    254.337    260.493   -0.00288    6.48129    9.26241  282.61367   14.64974 6.2520e-02     0.6642     0.9753    78.3766 0.0000e+00
        583 227.606348    0.04042     2.4251    145.503     76.735  49557.467    31.4852     9.7850     76.000     9.7625    24.2449     5.8135     8.3081     89.588    253.486    259.632   -0.00440    6.48915    9.27365  282.94553   14.66546 6.2211e-02     0.5684     1.0317    77.2673 0.0000e+00
        587 227.606361    0.04072     2.4431    146.587     77.737  49572.995    31.4920     9.7569     77.000     9.7386    24.2548     5.7965     8.2837     89.274    252.739    258.870   -0.00522    6.49287    9.27896  283.10503   14.67306 6.2144e-02     0.5810     1.1245    75.4962 0.0000e+00
        592 227.606375    0.04104     2.4627    147.764     78.754  49582.540    31.4951     9.7330     78.000     9.7149    24.2612     5.7782     8.2576     88.948    251.943    258.055   -0.00588    6.49615    9.28365  283.24640   14.67981 6.1997e-02     0.5821     1.2123    73.8560 0.0000e+00
        597 227.606388    0.04136     2.4817    148.899     79.759  49593.100    31.4996     9.7138     79.000     9.6974    24.2678     5.7604     8.2321     88.638    251.162    257.257   -0.00584    6.49871    9.28731  283.35598   14.68503 6.1920e-02     0.5722     1.2887    72.4599 0.0000e+00
        602 227.606402    0.04171     2.5024    150.143     80.772  49606.061    31.5059     9.6961     80.000     9.6816    24.2756     5.7483     8.2149     88.422    250.635    256.720   -0.00580    6.50097    9.29053  283.45224   14.68961 6.1835e-02     0.5753     1.3451    71.4421 0.0000e+00
        607 227.606417    0.04205     2.5232    151.393     81.780  49620.513    31.5141     9.6839     81.000     9.6732    24.2839     5.7438     8.2086     88.335    250.439    256.520   -0.00429    6.50237    9.29254  283.51125   14.69240 6.1788e-02     0.5725     1.3743    70.9226 0.0000e+00
        612 227.606431    0.04241     2.5446    152.673     82.792  49636.245    31.5247     9.6840     82.000     9.6765    24.2922     5.7364     8.1978     88.226    250.111    256.187   -0.00356    6.50191    9.29187  283.48860   14.69127 6.1665e-02     0.5514     1.3229    71.8422 0.0000e+00
        616 227.606445    0.04274     2.5646    153.874     83.801  49635.161    31.5239     9.6861     83.000     9.6754    24.2912     5.7286     8.1867     88.109    249.772    255.839   -0.00319    6.50165    9.29151  283.47767   14.69076 6.1671e-02     0.5804     1.2777    72.6574 0.0000e+00
        621 227.606458    0.04306     2.5837    155.021     84.811  49640.675    31.5260     9.6761     84.000     9.6587    24.2945     5.7272     8.1847     88.069    249.708    255.775   -0.00266    6.50298    9.29340  283.53468   14.69347 6.1637e-02     0.5899     1.2429    73.2943 0.0000e+00
        626 227.606472    0.04337     2.6025    156.150     85.821  49658.764    31.5361     9.6598     85.000     9.6471    24.3050     5.7258     8.1827     88.022    249.644    255.711   -0.00199    6.50490    9.29615  283.61544   14.69730 6.1645e-02     0.6070     1.1756    74.5351 0.0000e+00
        630 227.606484    0.04367     2.6204    157.225     86.827  49650.001    31.5280     9.6483     86.000     9.6195    24.3005     5.7255     8.1823     87.991    249.634    255.700   -0.00179    6.50688    9.29898  283.70308   14.70152 6.1734e-02     0.5856     1.1238    75.5067 0.0000e+00
        635 227.606498    0.04400     2.6396    158.379     87.845  49669.981    31.5339     9.5914     87.000     9.5567    24.3143     5.7276     8.1853     87.916    249.720    255.792   -0.00184    6.51478    9.31027  284.04382   14.71779 6.1587e-02     0.6149     1.1919    74.2333 0.0000e+00
        639 227.606510    0.04429     2.6574    159.444     88.847  49712.928    31.5581     9.5492     88.000     9.5311    24.3399     5.7239     8.1800     87.791    249.554    255.628   -0.00212    6.51982    9.31748  284.25652   14.72787 6.1640e-02     0.5111     1.3019    72.2215 0.0000e+00
        643 227.606523    0.04460     2.6761    160.569     89.862  49726.626    31.5656     9.5360     89.000     9.5235    24.3478     5.7218     8.1771     87.738    249.462    255.536   -0.00211    6.52141    9.31975  284.32360   14.73105 6.1599e-02     0.0102     1.3501    71.3544 0.0000e+00
        648 227.606535    0.04490     2.6942    161.650     90.867  49726.668    31.5641     9.5283     90.000     9.5114    24.3479     5.7192     8.1733     87.682    249.347    255.418   -0.00174    6.52259    9.32144  284.37493   14.73351 6.1592e-02     0.3232     1.4243    70.0464 0.0000e+00
        652 227.606548    0.04522     2.7131    162.784     91.881  49733.614    31.5658     9.5079     91.000     9.4888    24.3525     5.7191     8.1732     87.643    249.344    255.416   -0.00164    6.52545    9.32551  284.49803   14.73939 6.1638e-02     0.3665     1.5791    67.3991 0.0000e+00
        656 227.606561    0.04552     2.7311    163.863     92.809  49755.152    31.5780     9.4892     92.000 -9.990e-29    24.3649     5.7325     8.1924     87.820    249.926    256.016   -0.00015    6.52763    9.32863  284.58988   14.74372 6.2392e-02     0.5354     1.8289    63.2715 0.0000e+00
