CTD-processing/allCTD/CNV/2020_07-23_t4_s08_cast095_4141.cnv
* Sea-Bird SBE19plus Data File:
* FileName = E:\2020_07-23_T4\2020_07-23_T4_S0_cast095.hex
* Software Version 1.59
* Temperature SN =  4141
* Conductivity SN =  4141
* System UpLoad Time = Jul 28 2020 14:14:20
** Cook Inlet LTM T4
** Date: 2020_07-23
** Station:S08
** Start Time: (AKDT):09:53
** Depth (m):26
** Comment:
** Comment:
# nquan = 27
# nvalues = 21                          
# units = specified
# name 0 = scan: Scan Count
# name 1 = timeJ: Julian Days
# name 2 = timeH: Time, Elapsed [hours]
# name 3 = timeM: Time, Elapsed [minutes]
# name 4 = timeS: Time, Elapsed [seconds]
# name 5 = prdM: Pressure, Strain Gauge [db]
# name 6 = specc: Specific Conductance [uS/cm]
# name 7 = sal00: Salinity, Practical [PSU]
# name 8 = tv290C: Temperature [ITS-90, deg C]
# name 9 = depSM: Depth [salt water, m], lat = 59.00
# name 10 = potemp090C: Potential Temperature [ITS-90, deg C]
# name 11 = sigma-é00: Density [sigma-theta, kg/m^3]
# name 12 = sbeox0ML/L: Oxygen, SBE 43 [ml/l]
# name 13 = sbeox0Mg/L: Oxygen, SBE 43 [mg/l]
# name 14 = sbeox0PS: Oxygen, SBE 43 [% saturation]
# name 15 = sbox0Mm/Kg: Oxygen, SBE 43 [umol/kg]
# name 16 = sbeox0Mm/L: Oxygen, SBE 43 [umol/l]
# name 17 = sbox0dV/dT: Oxygen, SBE 43 [dov/dt]
# name 18 = oxsolML/L: Oxygen Saturation, Garcia & Gordon [ml/l]
# name 19 = oxsolMg/L: Oxygen Saturation, Garcia & Gordon [mg/l]
# name 20 = oxsolMm/Kg: Oxygen Saturation, Garcia & Gordon [umol/kg]
# name 21 = n2satMg/L: Nitrogen Saturation [mg/l]
# name 22 = par: PAR/Irradiance, Biospherical/Licor
# name 23 = wetStar: Fluorescence, WET Labs WETstar [mg/m^3]
# name 24 = CStarAt0: Beam Attenuation, WET Labs C-Star [1/m]
# name 25 = CStarTr0: Beam Transmission, WET Labs C-Star [%]
# name 26 = flag: flag
# span 0 =        273,        367       
# span 1 = 205.412348, 205.412622       
# span 2 =    0.01886,    0.02544       
# span 3 =     1.1315,     1.5259       
# span 4 =     67.887,     91.554       
# span 5 =      1.008,     21.184       
# span 6 =  47532.650,  49837.933       
# span 7 =    30.3437,    31.7324       
# span 8 =     9.9816,    12.0757       
# span 9 =      1.000,     21.000       
# span 10 =     9.9782,    12.0758      
# span 11 =    22.9617,    24.4050      
# span 12 =     6.3076,     7.4630      
# span 13 =     9.0142,    10.6653      
# span 14 =     97.941,    118.915      
# span 15 =    274.999,    325.487      
# span 16 =    281.697,    333.295      
# span 17 =   -0.06100,    0.02555      
# span 18 =    6.20393,    6.45101      
# span 19 =    8.86605,    9.21915      
# span 20 =  270.71751,  281.23887      
# span 21 =   14.08192,   14.58280      
# span 22 = 2.6253e+00, 7.9746e+01      
# span 23 =     1.2420,     9.4224      
# span 24 =     0.9274,     1.8997      
# span 25 =    62.1588,    79.3151      
# span 26 = 0.0000e+00, 0.0000e+00      
# interval = meters: 1                  
# start_time = Jul 23 2020 09:52:39 [Instrument's time stamp, header]
# bad_flag = -9.990e-29
*END*
        273 205.412348    0.01886     1.1315     67.887      1.008  47532.650    30.3437    12.0757      1.000    12.0758    22.9617     7.0733    10.1084    113.686    308.801    315.892    0.00509    6.22176    8.89151  271.62651   14.12799 3.4806e+01     1.4095     1.0732    76.1215 0.0000e+00
        278 205.412365    0.01926     1.1556     69.337      2.029  47888.962    30.5944    12.0601      2.000    12.0481    23.1590     7.0352    10.0540    113.216    307.080    314.192   -0.00032    6.21398    8.88041  271.23497   14.10823 4.6055e+01     1.3324     1.0862    76.2729 0.0000e+00
        282 205.412377    0.01953     1.1722     70.334      3.021  48424.726    30.9709    12.0245      3.000    11.9786    23.4574     7.0083    10.0156    112.966    305.819    312.992   -0.00289    6.20393    8.86605  270.71751   14.08192 5.1610e+01     1.3723     1.1006    75.9473 0.0000e+00
        287 205.412389    0.01984     1.1903     71.419      4.041  48832.042    31.2481    11.9071      4.000    11.8105    23.6938     7.0797    10.1176    114.033    308.862    316.180    0.00475    6.20849    8.87254  270.85329   14.08734 6.3953e+01     1.4956     1.0382    77.1393 0.0000e+00
        292 205.412405    0.02022     1.2132     72.790      5.046  49059.331    31.3815    11.6399      5.000    11.5675    23.8459     7.2718    10.3921    116.562    317.195    324.759    0.01873    6.23849    8.91543  272.12199   14.14762 7.9746e+01     2.0017     1.0930    76.0923 0.0000e+00
        298 205.412421    0.02060     1.2360     74.159      6.055  49183.031    31.4514    11.4765      6.000    11.4236    23.9297     7.4227    10.6078    118.622    323.750    331.497    0.02555    6.25745    8.94252  272.92657   14.18591 6.6683e+01     2.9033     1.1453    75.1227 0.0000e+00
        303 205.412435    0.02095     1.2571     75.423      7.073  49264.816    31.4928    11.3262      7.000    11.2366    23.9885     7.4630    10.6653    118.915    325.487    333.295    0.01849    6.27590    8.96889  273.71570   14.22355 5.1474e+01     3.9328     1.8997    62.1588 0.0000e+00
        307 205.412447    0.02123     1.2737     76.423      8.076  49277.071    31.4774    11.1140      8.000    10.9548    24.0140     7.4597    10.6607    118.313    325.339    333.152    0.00871    6.30508    9.01060  274.98157   14.28426 4.1840e+01     5.1934     1.8361    63.1926 0.0000e+00
        311 205.412459    0.02152     1.2908     77.450      9.075  49489.686    31.6000    10.8718      9.000    10.8139    24.1515     7.4195    10.6032    117.157    323.541    331.355   -0.00162    6.33303    9.05053  276.16333   14.34037 3.2552e+01     6.1208     1.8082    63.6328 0.0000e+00
        317 205.412478    0.02196     1.3179     79.076     10.117  49550.089    31.6299    10.7641     10.000    10.7148    24.1935     7.1827    10.2648    113.176    313.203    320.781   -0.02617    6.34651    9.06981  276.74014   14.36787 2.3850e+01     8.7932     1.8722    62.6233 0.0000e+00
        321 205.412487    0.02219     1.3318     79.908     11.096  49481.696    31.5650    10.6292     11.000    10.5309    24.1660     7.0818    10.1206    111.214    308.809    316.272   -0.03493    6.36767    9.10004  277.66997   14.41265 1.6187e+01     9.4224     1.7710    64.2345 0.0000e+00
        325 205.412500    0.02250     1.3501     81.006     12.119  49557.527    31.5963    10.4470     12.000    10.3651    24.2213     6.9829     9.9794    109.254    304.484    311.859   -0.03619    6.39156    9.13417  278.69653   14.46167 1.2198e+01     9.2133     1.5459    67.9672 0.0000e+00
        329 205.412511    0.02276     1.3656     81.937     13.120  49619.670    31.6205    10.2895     13.000    10.2301    24.2666     6.7870     9.6993    105.842    295.927    303.107   -0.04887    6.41247    9.16406  279.59603   14.50462 1.0227e+01     7.4604     1.2553    73.0887 0.0000e+00
        333 205.412523    0.02306     1.3835     83.010     14.128  49699.107    31.6638    10.1901     14.000    10.1646    24.3169     6.5481     9.3578    101.922    285.493    292.435   -0.06100    6.42456    9.18133  280.10929   14.52902 8.8204e+00     5.1729     0.9955    77.9722 0.0000e+00
        339 205.412539    0.02344     1.4064     84.386     15.139  49726.720    31.6760    10.1356     15.000    10.1145    24.3355     6.3576     9.0857     98.849    277.186    283.931   -0.05862    6.43169    9.19153  280.41534   14.54362 7.4451e+00     2.7537     1.0208    77.4776 0.0000e+00
        344 205.412556    0.02385     1.4312     85.872     16.171  49756.144    31.6884    10.0717     16.000    10.0480    24.3556     6.3076     9.0142     97.941    274.999    281.697   -0.04097    6.44017    9.20364  280.77924   14.56098 6.0196e+00     1.9204     0.9279    79.3013 0.0000e+00
        347 205.412565    0.02406     1.4437     86.623     17.152  49771.716    31.6947    10.0391     17.000    10.0132    24.3660     6.3270     9.0419     98.177    275.842    282.563   -0.03109    6.44448    9.20981  280.96461   14.56983 5.2815e+00     1.7479     0.9274    79.3151 0.0000e+00
        352 205.412579    0.02439     1.4633     87.799     18.169  49819.628    31.7228     9.9974     18.000     9.9899    24.3948     6.3500     9.0748     98.462    276.837    283.591   -0.01936    6.44919    9.21654  281.16200   14.57916 4.6263e+00     1.5121     0.9510    78.8417 0.0000e+00
        358 205.412595    0.02479     1.4876     89.259     19.182  49833.425    31.7313     9.9910     19.000     9.9884    24.4025     6.3627     9.0929     98.650    277.388    284.157   -0.01085    6.44973    9.21731  281.18356   14.58016 3.9884e+00     1.2861     0.9738    78.3911 0.0000e+00
        363 205.412610    0.02515     1.5087     90.520     20.191  49831.613    31.7292     9.9878     20.000     9.9822    24.4014     6.3759     9.1118     98.847    277.966    284.748   -0.00583    6.45028    9.21809  281.20751   14.58131 3.2255e+00     1.2420     1.0181    77.5295 0.0000e+00
        367 205.412622    0.02544     1.5259     91.554     21.184  49837.933    31.7324     9.9816     21.000     9.9782    24.4050     6.3914     9.1339     99.075    278.638    285.438   -0.00270    6.45101    9.21915  281.23887   14.58280 2.6253e+00     1.3972     1.0556    76.8049 0.0000e+00
