CTD-processing/allCTD/CNV/2020_09-21_t4_s03_cast039_4141.cnv
* Sea-Bird SBE19plus Data File:
* FileName = E:\2020_09-21_T4\2020_09-21_T4_S0_cast039.hex
* Software Version 1.59
* Temperature SN =  4141
* Conductivity SN =  4141
* System UpLoad Time = Sep 22 2020 15:21:40
** Cook Inlet LTM T4
** Date: 2020_09-21
** Station:S03
** Start Time: (AKDT):12:16
** Depth (m):105
** Comment:
** Comment:
# nquan = 27
# nvalues = 102                         
# units = specified
# name 0 = scan: Scan Count
# name 1 = timeJ: Julian Days
# name 2 = timeH: Time, Elapsed [hours]
# name 3 = timeM: Time, Elapsed [minutes]
# name 4 = timeS: Time, Elapsed [seconds]
# name 5 = prdM: Pressure, Strain Gauge [db]
# name 6 = specc: Specific Conductance [uS/cm]
# name 7 = sal00: Salinity, Practical [PSU]
# name 8 = tv290C: Temperature [ITS-90, deg C]
# name 9 = depSM: Depth [salt water, m], lat = 59.00
# name 10 = potemp090C: Potential Temperature [ITS-90, deg C]
# name 11 = sigma-é00: Density [sigma-theta, kg/m^3]
# name 12 = sbeox0ML/L: Oxygen, SBE 43 [ml/l]
# name 13 = sbeox0Mg/L: Oxygen, SBE 43 [mg/l]
# name 14 = sbeox0PS: Oxygen, SBE 43 [% saturation]
# name 15 = sbox0Mm/Kg: Oxygen, SBE 43 [umol/kg]
# name 16 = sbeox0Mm/L: Oxygen, SBE 43 [umol/l]
# name 17 = sbox0dV/dT: Oxygen, SBE 43 [dov/dt]
# name 18 = oxsolML/L: Oxygen Saturation, Garcia & Gordon [ml/l]
# name 19 = oxsolMg/L: Oxygen Saturation, Garcia & Gordon [mg/l]
# name 20 = oxsolMm/Kg: Oxygen Saturation, Garcia & Gordon [umol/kg]
# name 21 = n2satMg/L: Nitrogen Saturation [mg/l]
# name 22 = par: PAR/Irradiance, Biospherical/Licor
# name 23 = wetStar: Fluorescence, WET Labs WETstar [mg/m^3]
# name 24 = CStarAt0: Beam Attenuation, WET Labs C-Star [1/m]
# name 25 = CStarTr0: Beam Transmission, WET Labs C-Star [%]
# name 26 = flag: flag
# span 0 =        275,        731       
# span 1 = 265.511893, 265.513211       
# span 2 =    0.01904,    0.05068       
# span 3 =     1.1422,     3.0407       
# span 4 =     68.533,    182.445       
# span 5 =      1.015,    102.915       
# span 6 =  48030.709,  48580.031       
# span 7 =    30.5815,    30.8943       
# span 8 =    10.6699,    10.9773       
# span 9 =      1.000,    102.000       
# span 10 =    10.6593,    10.9764      
# span 11 =    23.3420,    23.6389      
# span 12 =     3.4005,     3.5436      
# span 13 =     4.8596,     5.0640      
# span 14 =     53.222,     55.690      
# span 15 =    148.358,    154.631      
# span 16 =    151.865,    158.254      
# span 17 =   -0.00151,    0.00182      
# span 18 =    6.35568,    6.38931      
# span 19 =    9.08291,    9.13097      
# span 20 =  277.33700,  278.75717      
# span 21 =   14.40004,   14.46742      
# span 22 = 4.4505e-02, 1.4320e+02      
# span 23 =     0.4923,     2.9481      
# span 24 =     0.3891,     1.6910      
# span 25 =    65.5020,    90.7306      
# span 26 = 0.0000e+00, 0.0000e+00      
# interval = meters: 1                  
# start_time = Sep 21 2020 12:15:59 [Instrument's time stamp, header]
# bad_flag = -9.990e-29
*END*
[from data line 54]
        511 265.512576    0.03545     2.1267    127.602     55.538  48288.080    30.7390    10.9453     55.000    10.9329    23.4700     3.5197     5.0300     55.362    153.586    157.191   -0.00072    6.35772    9.08582  277.42464   14.40423 4.9204e-02     2.1711     0.4908    88.4524 0.0000e+00
        515 265.512588    0.03571     2.1428    128.567     56.527  48314.938    30.7564    10.9358     56.000    10.9268    23.4853     3.5207     5.0314     55.371    153.625    157.233   -0.00054    6.35831    9.08667  277.44630   14.40520 4.8486e-02     2.0580     0.5001    88.2492 0.0000e+00
        520 265.512601    0.03603     2.1622    129.729     57.558  48330.524    30.7663    10.9296     57.000    10.9187    23.4941     3.5239     5.0360     55.419    153.765    157.378   -0.00012    6.35876    9.08731  277.46347   14.40598 4.7750e-02     2.1463     0.5049    88.1422 0.0000e+00
        524 265.512612    0.03630     2.1779    130.672     58.548  48332.928    30.7664    10.9188     58.000    10.9063    23.4960     3.5218     5.0330     55.373    153.673    157.284   -0.00036    6.36023    9.08940  277.52714   14.40903 4.7262e-02     1.9910     0.5221    87.7635 0.0000e+00
        529 265.512626    0.03665     2.1985    131.912     59.573  48342.099    30.7712    10.9076     59.000    10.8986    23.5017     3.5229     5.0346     55.378    153.721    157.335   -0.00033    6.36157    9.09133  277.58412   14.41174 4.6708e-02     1.6627     0.5176    87.8616 0.0000e+00
        533 265.512639    0.03693     2.2160    132.959     60.574  48351.321    30.7768    10.9026     60.000    10.8933    23.5069     3.5210     5.0318     55.344    153.635    157.246   -0.00046    6.36203    9.09198  277.60286   14.41261 4.6400e-02     1.4564     0.5497    87.1629 0.0000e+00
        537 265.512651    0.03722     2.2336    134.017     61.588  48371.914    30.7904    10.8983     61.000    10.8868    23.5183     3.5183     5.0279     55.301    153.516    157.125   -0.00061    6.36208    9.09205  277.60185   14.41251 4.6093e-02     1.5167     0.5397    87.3784 0.0000e+00
        542 265.512664    0.03755     2.2529    135.172     62.593  48387.564    30.7998    10.8875     62.000    10.8769    23.5275     3.5144     5.0224     55.230    153.344    156.952   -0.00097    6.36317    9.09361  277.64703   14.41464 4.5782e-02     1.1933     0.5798    86.5071 0.0000e+00
        547 265.512678    0.03789     2.2732    136.390     63.602  48398.002    30.8059    10.8800     63.000    10.8682    23.5335     3.5103     5.0167     55.160    153.169    156.773   -0.00106    6.36396    9.09473  277.67972   14.41618 4.5486e-02     1.2873     0.5999    86.0724 0.0000e+00
        552 265.512692    0.03823     2.2938    137.626     64.619  48410.482    30.8132    10.8695     64.000    10.8590    23.5410     3.5100     5.0161     55.145    153.151    156.756   -0.00095    6.36511    9.09639  277.72809   14.41847 4.5352e-02     1.2885     0.6036    85.9926 0.0000e+00
        556 265.512705    0.03853     2.3116    138.698     65.615  48415.899    30.8162    10.8662     65.000    10.8585    23.5440     3.5071     5.0120     55.096    153.023    156.626   -0.00101    6.36544    9.09686  277.74161   14.41910 4.5217e-02     1.2296     0.6142    85.7660 0.0000e+00
        562 265.512722    0.03894     2.3365    140.191     66.642  48415.971    30.8158    10.8661     66.000    10.8565    23.5436     3.5040     5.0076     55.048    152.891    156.491   -0.00094    6.36547    9.09689  277.74269   14.41915 4.4977e-02     1.1137     0.6115    85.8239 0.0000e+00
        566 265.512735    0.03926     2.3553    141.319     67.644  48421.148    30.8183    10.8591     67.000    10.8477    23.5468     3.5022     5.0049     55.010    152.808    156.406   -0.00094    6.36633    9.09812  277.77942   14.42090 4.4946e-02     1.1891     0.6387    85.2432 0.0000e+00
        570 265.512747    0.03953     2.3722    142.333     68.647  48429.034    30.8228    10.8532     68.000    10.8426    23.5513     3.4975     4.9984     54.933    152.606    156.200   -0.00124    6.36696    9.09902  277.80556   14.42214 4.4892e-02     1.1261     0.6333    85.3580 0.0000e+00
        575 265.512761    0.03987     2.3923    143.538     69.671  48435.309    30.8261    10.8472     69.000    10.8377    23.5550     3.4948     4.9944     54.884    152.487    156.079   -0.00115    6.36765    9.10000  277.83461   14.42352 4.4737e-02     1.0930     0.6331    85.3616 0.0000e+00
        579 265.512772    0.04015     2.4088    144.527     70.663  48438.160    30.8275    10.8451     70.000    10.8363    23.5564     3.4905     4.9883     54.814    152.298    155.886   -0.00137    6.36787    9.10032  277.84417   14.42397 4.4737e-02     1.1432     0.6444    85.1198 0.0000e+00
        584 265.512787    0.04050     2.4298    145.791     71.687  48439.980    30.8281    10.8421     71.000    10.8308    23.5573     3.4882     4.9850     54.775    152.199    155.785   -0.00122    6.36826    9.10088  277.86083   14.42476 4.4664e-02     1.2347     0.6420    85.1724 0.0000e+00
        588 265.512799    0.04079     2.4477    146.863     72.693  48444.212    30.8298    10.8349     72.000    10.8212    23.5600     3.4868     4.9830     54.745    152.136    155.720   -0.00106    6.36918    9.10220  277.90027   14.42664 4.4735e-02     1.2823     0.6495    85.0126 0.0000e+00
        593 265.512812    0.04110     2.4660    147.960     73.701  48453.205    30.8340    10.8204     73.000    10.8038    23.5658     3.4825     4.9769     54.662    151.949    155.531   -0.00130    6.37100    9.10481  277.97834   14.43037 4.4676e-02     1.2617     0.6641    84.7030 0.0000e+00
        597 265.512825    0.04142     2.4852    149.113     74.714  48467.197    30.8413    10.8011     74.000    10.7852    23.5748     3.4825     4.9769     54.641    151.947    155.529   -0.00118    6.37337    9.10819  278.07925   14.43517 4.4626e-02     1.1502     0.7050    83.8418 0.0000e+00
        601 265.512837    0.04170     2.5019    150.112     75.718  48479.093    30.8480    10.7897     75.000    10.7777    23.5819     3.4783     4.9709     54.565    151.763    155.341   -0.00126    6.37467    9.11004  278.13394   14.43776 4.4674e-02     1.1021     0.7336    83.2442 0.0000e+00
        606 265.512851    0.04203     2.5220    151.318     76.734  48476.921    30.8448    10.7787     76.000    10.7583    23.5813     3.4759     4.9675     54.514    151.661    155.237   -0.00131    6.37631    9.11239  278.20562   14.44120 4.4569e-02     1.1826     0.7397    83.1174 0.0000e+00
        611 265.512865    0.04238     2.5428    152.569     77.740  48497.129    30.8553    10.7499     77.000    10.7340    23.5944     3.4773     4.9694     54.505    151.717    155.297   -0.00096    6.37985    9.11744  278.35628   14.44838 4.4593e-02     1.1063     0.8110    81.6500 0.0000e+00
        617 265.512880    0.04275     2.5646    153.877     78.767  48512.293    30.8639    10.7348     78.000    10.7241    23.6036     3.4701     4.9591     54.376    151.400    154.974   -0.00143    6.38158    9.11990  278.42923   14.45183 4.4505e-02     1.0200     0.8497    80.8622 0.0000e+00
        620 265.512892    0.04302     2.5812    154.874     79.755  48515.271    30.8654    10.7331     79.000    10.7230    23.6052     3.4668     4.9544     54.323    151.256    154.827   -0.00150    6.38176    9.12018  278.43693   14.45219 4.4632e-02     0.9700     0.8795    80.2633 0.0000e+00
        626 265.512909    0.04343     2.6059    156.353     80.784  48517.409    30.8663    10.7312     80.000    10.7219    23.6061     3.4618     4.9472     54.243    151.038    154.603   -0.00151    6.38198    9.12049  278.44607   14.45263 4.4583e-02     0.8768     0.8759    80.3343 0.0000e+00
        630 265.512920    0.04369     2.6214    157.285     81.768  48517.880    30.8662    10.7308     81.000    10.7205    23.6062     3.4596     4.9441     54.209    150.943    154.506   -0.00131    6.38203    9.12057  278.44866   14.45275 4.4632e-02     0.8931     0.8921    80.0065 0.0000e+00
        636 265.512937    0.04411     2.6464    158.787     82.804  48519.417    30.8665    10.7280     82.000    10.7176    23.6070     3.4544     4.9367     54.124    150.715    154.273   -0.00138    6.38243    9.12113  278.46553   14.45357 4.4566e-02     0.8084     0.9931    78.0917 0.0000e+00
        640 265.512948    0.04436     2.6619    159.714     83.794  48519.033    30.8657    10.7264     83.000    10.7151    23.6066     3.4501     4.9306     54.055    150.531    154.084   -0.00141    6.38267    9.12147  278.47601   14.45407 4.4559e-02     0.8043     0.9094    79.6731 0.0000e+00
        644 265.512961    0.04468     2.6810    160.862     84.811  48520.208    30.8655    10.7212     84.000    10.7096    23.6073     3.4474     4.9267     54.005    150.409    153.960   -0.00145    6.38339    9.12250  278.50736   14.45557 4.4543e-02     0.8650     0.8922    80.0067 0.0000e+00
        649 265.512975    0.04500     2.7000    162.002     85.817  48524.459    30.8677    10.7184     85.000    10.7085    23.6096     3.4447     4.9228     53.960    150.291    153.839   -0.00132    6.38369    9.12293  278.52000   14.45616 4.4700e-02     0.8437     0.8939    79.9739 0.0000e+00
        654 265.512988    0.04533     2.7194    163.167     86.829  48525.614    30.8682    10.7186     86.000    10.7089    23.6099     3.4418     4.9187     53.916    150.165    153.710   -0.00121    6.38365    9.12287  278.51777   14.45606 4.4606e-02     0.9449     0.8932    79.9877 0.0000e+00
        658 265.513002    0.04565     2.7393    164.358     87.843  48524.837    30.8673    10.7194     87.000    10.7089    23.6091     3.4373     4.9122     53.845    149.968    153.508   -0.00128    6.38358    9.12277  278.51501   14.45593 4.4639e-02     0.9337     0.8933    79.9854 0.0000e+00
        662 265.513013    0.04593     2.7561    165.365     88.841  48524.699    30.8667    10.7182     88.000    10.7071    23.6088     3.4345     4.9083     53.801    149.849    153.387   -0.00131    6.38377    9.12304  278.52348   14.45634 4.4688e-02     0.9726     0.9015    79.8213 0.0000e+00
        668 265.513030    0.04634     2.7803    166.820     89.870  48526.494    30.8673    10.7166     89.000    10.7059    23.6096     3.4318     4.9044     53.757    149.729    153.264   -0.00107    6.38396    9.12332  278.53181   14.45673 4.4533e-02     0.8706     0.8919    80.0127 0.0000e+00
        672 265.513042    0.04661     2.7967    167.803     90.858  48528.262    30.8681    10.7163     90.000    10.7064    23.6103     3.4272     4.8978     53.684    149.528    153.059   -0.00128    6.38396    9.12332  278.53143   14.45671 4.4740e-02     0.8712     0.9294    79.2703 0.0000e+00
        678 265.513058    0.04700     2.8204    169.222     91.885  48528.565    30.8681    10.7176     91.000    10.7073    23.6101     3.4217     4.8899     53.600    149.289    152.815   -0.00140    6.38378    9.12306  278.52358   14.45634 4.4584e-02     0.8969     0.8993    79.8662 0.0000e+00
        683 265.513073    0.04735     2.8410    170.461     92.887  48527.493    30.8669    10.7174     92.000    10.7060    23.6092     3.4179     4.8845     53.539    149.121    152.642   -0.00134    6.38387    9.12318  278.52753   14.45653 4.4695e-02     0.9254     0.8992    79.8670 0.0000e+00
        688 265.513086    0.04769     2.8613    171.679     93.897  48529.169    30.8675    10.7163     93.000    10.7054    23.6099     3.4157     4.8814     53.504    149.028    152.546   -0.00118    6.38400    9.12337  278.53308   14.45679 4.4726e-02     0.9098     0.8991    79.8697 0.0000e+00
        693 265.513102    0.04806     2.8834    173.003     94.918  48528.785    30.8668    10.7160     94.000    10.7045    23.6094     3.4157     4.8814     53.504    149.028    152.547   -0.00085    6.38406    9.12346  278.53607   14.45694 4.4699e-02     0.8861     0.8954    79.9431 0.0000e+00
        697 265.513113    0.04832     2.8994    173.961     95.908  48528.427    30.8660    10.7148     95.000    10.7014    23.6090     3.4164     4.8823     53.512    149.055    152.575   -0.00046    6.38427    9.12375  278.54502   14.45738 4.4791e-02     0.9293     0.9142    79.5681 0.0000e+00
        703 265.513131    0.04876     2.9255    175.527     96.936  48537.100    30.8696    10.6966     96.000    10.6773    23.6150     3.4080     4.8705     53.362    148.692    152.203   -0.00130    6.38662    9.12713  278.64644   14.46222 4.4659e-02     0.9352     0.9420    79.0259 0.0000e+00
        708 265.513144    0.04907     2.9441    176.644     97.938  48555.863    30.8811    10.6849     97.000    10.6717    23.6259     3.4113     4.8752     53.404    148.834    152.350   -0.00071    6.38778    9.12877  278.69373   14.46443 4.4873e-02     0.9203     1.1380    75.2408 0.0000e+00
        712 265.513157    0.04937     2.9623    177.739     98.945  48561.364    30.8842    10.6818     98.000    10.6693    23.6288     3.4097     4.8727     53.375    148.761    152.276   -0.00069    6.38808    9.12921  278.70615   14.46502 4.4785e-02     0.8932     1.1896    74.2766 0.0000e+00
        717 265.513171    0.04973     2.9837    179.024     99.964  48565.110    30.8861    10.6794     99.000    10.6671    23.6308     3.4091     4.8719     53.365    148.736    152.251   -0.00053    6.38832    9.12956  278.71638   14.46550 4.4824e-02     0.9119     1.2277    73.5725 0.0000e+00
        721 265.513184    0.05003     3.0017    180.100    100.966  48569.755    30.8886    10.6765    100.000    10.6628    23.6333     3.4038     4.8643     53.278    148.502    152.012   -0.00093    6.38862    9.12998  278.72875   14.46608 4.4832e-02     0.8874     1.3032    72.1980 0.0000e+00
        726 265.513197    0.05036     3.0213    181.277    101.977  48576.131    30.8922    10.6721    101.000    10.6593    23.6368     3.4018     4.8616     53.244    148.418    151.926   -0.00098    6.38909    9.13065  278.74818   14.46700 4.4923e-02     0.9373     1.5045    68.6690 0.0000e+00
        731 265.513211    0.05068     3.0407    182.445    102.915  48580.031    30.8943    10.6699    102.000 -9.990e-29    23.6389     3.4005     4.8596     53.222    148.358    151.865   -0.00072    6.38931    9.13097  278.75717   14.46742 4.4991e-02     0.4923     1.6910    65.5020 0.0000e+00
