CTD-processing/allCTD/CNV/2020_02-14_t4-04_cast031_4141.cnv
* Sea-Bird SBE19plus Data File:
* FileName = C:\Users\Chris\Desktop\EVOSTC GWA LTM\CTD Data\2020_02-14_T4\2020_02-14_T4-0_Cast031.hex
* Software Version 1.59
* Temperature SN =  4141
* Conductivity SN =  4141
* System UpLoad Time = Feb 17 2020 11:48:11
** Cook Inlet LTM T4
** Date: 2020_02-14
** Station:4
** Start Time: (AKST):13:28
** Depth (m):87
** Comment:
** Comment:
# nquan = 27
# nvalues = 84                          
# units = specified
# name 0 = scan: Scan Count
# name 1 = timeJ: Julian Days
# name 2 = timeH: Time, Elapsed [hours]
# name 3 = timeM: Time, Elapsed [minutes]
# name 4 = timeS: Time, Elapsed [seconds]
# name 5 = prdM: Pressure, Strain Gauge [db]
# name 6 = specc: Specific Conductance [uS/cm]
# name 7 = sal00: Salinity, Practical [PSU]
# name 8 = tv290C: Temperature [ITS-90, deg C]
# name 9 = depSM: Depth [salt water, m], lat = 59.00
# name 10 = potemp090C: Potential Temperature [ITS-90, deg C]
# name 11 = sigma-é00: Density [sigma-theta, kg/m^3]
# name 12 = sbeox0ML/L: Oxygen, SBE 43 [ml/l]
# name 13 = sbeox0Mg/L: Oxygen, SBE 43 [mg/l]
# name 14 = sbeox0PS: Oxygen, SBE 43 [% saturation]
# name 15 = sbox0Mm/Kg: Oxygen, SBE 43 [umol/kg]
# name 16 = sbeox0Mm/L: Oxygen, SBE 43 [umol/l]
# name 17 = sbox0dV/dT: Oxygen, SBE 43 [dov/dt]
# name 18 = oxsolML/L: Oxygen Saturation, Garcia & Gordon [ml/l]
# name 19 = oxsolMg/L: Oxygen Saturation, Garcia & Gordon [mg/l]
# name 20 = oxsolMm/Kg: Oxygen Saturation, Garcia & Gordon [umol/kg]
# name 21 = n2satMg/L: Nitrogen Saturation [mg/l]
# name 22 = par: PAR/Irradiance, Biospherical/Licor
# name 23 = wetStar: Fluorescence, WET Labs WETstar [mg/m^3]
# name 24 = CStarAt0: Beam Attenuation, WET Labs C-Star [1/m]
# name 25 = CStarTr0: Beam Transmission, WET Labs C-Star [%]
# name 26 = flag: flag
# span 0 =        110,        667       
# span 1 =  45.561078,  45.562690       
# span 2 =    0.00754,    0.04623       
# span 3 =     0.4525,     2.7738       
# span 4 =     27.151,    166.430       
# span 5 =      1.015,     84.792       
# span 6 =  51169.799,  51509.561       
# span 7 =    31.5781,    31.7223       
# span 8 =     3.7395,     4.0512       
# span 9 =      1.000,     84.000       
# span 10 =     3.7342,     4.0484      
# span 11 =    25.0721,    25.2046      
# span 12 =     6.6171,     6.9352      
# span 13 =     9.4565,     9.9111      
# span 14 =     89.092,     93.677      
# span 15 =    288.292,    302.129      
# span 16 =    295.521,    309.727      
# span 17 =   -0.00214,    0.00417      
# span 18 =    7.39919,    7.45428      
# span 19 =   10.57418,   10.65291      
# span 20 =  322.34075,  324.72404      
# span 21 =   16.54328,   16.65649      
# span 22 = 3.6169e-02, 9.8203e+01      
# span 23 =     0.3624,     0.6117      
# span 24 =     0.4059,     0.7918      
# span 25 =    82.0418,    90.3495      
# span 26 = 0.0000e+00, 0.0000e+00      
# interval = meters: 1                  
# start_time = Feb 14 2020 13:27:30 [Instrument's time stamp, header]
# bad_flag = -9.990e-29
*END*
        110  45.561078    0.00754     0.4525     27.151      1.015  51169.799    31.5781     3.9249      1.000     3.9326    25.0721     6.6171     9.4565     89.092    288.292    295.521   -0.00009    7.42775   10.61499  323.60983   16.60408 9.8203e+01     0.3867     0.4266    89.8826 0.0000e+00
        259  45.561511    0.01794     1.0764     64.587      2.011  51277.060    31.6723     4.0150      2.000     4.0169    25.1384     6.8855     9.8400     92.965    299.964    307.505    0.00374    7.40669   10.58492  322.67175   16.55909 7.6731e+01     0.3628     0.4243    89.9360 0.0000e+00
        285  45.561586    0.01972     1.1833     70.996      3.033  51291.954    31.6855     4.0300      3.000     4.0310    25.1475     6.9352     9.9111     93.677    302.129    309.727    0.00417    7.40333   10.58010  322.52209   16.55192 5.7277e+01     0.3624     0.4207    90.0183 0.0000e+00
        289  45.561598    0.02002     1.2010     72.059      4.037  51287.981    31.6828     4.0321      4.000     4.0309    25.1451     6.9281     9.9008     93.583    301.817    309.407    0.00252    7.40309   10.57975  322.51235   16.55147 5.2375e+01     0.3822     0.4215    89.9994 0.0000e+00
        294  45.561611    0.02032     1.2189     73.136      5.049  51294.235    31.6862     4.0305      5.000     4.0323    25.1480     6.9258     9.8977     93.552    301.721    309.309    0.00162    7.40320   10.57992  322.51638   16.55164 5.0739e+01     0.3944     0.4301    89.8068 0.0000e+00
        298  45.561623    0.02064     1.2382     74.290      6.053  51293.298    31.6865     4.0367      6.000     4.0381    25.1477     6.9240     9.8950     93.541    301.638    309.224    0.00102    7.40208   10.57832  322.46771   16.54933 4.7006e+01     0.4260     0.4244    89.9338 0.0000e+00
        303  45.561638    0.02097     1.2584     75.506      7.068  51289.773    31.6841     4.0392      7.000     4.0389    25.1456     6.9247     9.8961     93.555    301.672    309.258    0.00083    7.40174   10.57783  322.45344   16.54866 4.2905e+01     0.4526     0.4245    89.9320 0.0000e+00
        308  45.561653    0.02134     1.2804     76.821      8.079  51289.969    31.6839     4.0395      8.000     4.0391    25.1453     6.9220     9.8922     93.519    301.554    309.137    0.00030    7.40171   10.57778  322.45211   16.54860 3.9412e+01     0.4956     0.4217    89.9934 0.0000e+00
        313  45.561667    0.02168     1.3003     78.020      9.087  51289.605    31.6833     4.0400      9.000     4.0394    25.1448     6.9175     9.8858     93.459    301.359    308.936   -0.00015    7.40163   10.57766  322.44876   16.54844 3.4845e+01     0.5176     0.4293    89.8228 0.0000e+00
        317  45.561678    0.02194     1.3169     79.011     10.089  51291.012    31.6836     4.0398     10.000     4.0390    25.1451     6.9156     9.8832     93.434    301.277    308.853   -0.00040    7.40166   10.57771  322.44991   16.54849 3.0216e+01     0.5392     0.4309    89.7875 0.0000e+00
        322  45.561693    0.02229     1.3373     80.235     11.109  51291.933    31.6837     4.0394     11.000     4.0384    25.1452     6.9218     9.8919     93.515    301.543    309.126    0.00012    7.40173   10.57781  322.45300   16.54864 2.6777e+01     0.5549     0.4239    89.9468 0.0000e+00
        326  45.561704    0.02258     1.3545     81.273     12.109  51293.889    31.6844     4.0391     12.000     4.0382    25.1458     6.9195     9.8886     93.484    301.442    309.022   -0.00016    7.40175   10.57785  322.45392   16.54868 2.3383e+01     0.5785     0.4265    89.8873 0.0000e+00
        331  45.561718    0.02289     1.3733     82.398     13.123  51294.384    31.6842     4.0390     13.000     4.0382    25.1457     6.9170     9.8851     93.451    301.337    308.914   -0.00033    7.40178   10.57788  322.45504   16.54874 2.0258e+01     0.5878     0.4261    89.8942 0.0000e+00
        335  45.561731    0.02322     1.3932     83.594     14.130  51295.300    31.6844     4.0394     14.000     4.0388    25.1458     6.9185     9.8872     93.472    301.401    308.980   -0.00023    7.40169   10.57776  322.45127   16.54856 1.7606e+01     0.5696     0.4300    89.8072 0.0000e+00
        341  45.561747    0.02359     1.4157     84.942     15.148  51294.643    31.6837     4.0404     15.000     4.0391    25.1452     6.9183     9.8869     93.471    301.392    308.970   -0.00021    7.40154   10.57753  322.44456   16.54824 1.5352e+01     0.5865     0.4254    89.9117 0.0000e+00
        345  45.561760    0.02391     1.4346     86.075     16.142  51297.491    31.6852     4.0407     16.000     4.0408    25.1463     6.9206     9.8902     93.504    301.492    309.073   -0.00006    7.40143   10.57738  322.43961   16.54800 1.3297e+01     0.5940     0.4280    89.8520 0.0000e+00
        351  45.561778    0.02434     1.4601     87.604     17.177  51295.163    31.6837     4.0433     17.000     4.0422    25.1449     6.9243     9.8955     93.559    301.654    309.239    0.00018    7.40101   10.57679  322.42212   16.54717 1.1518e+01     0.5776     0.4286    89.8398 0.0000e+00
        355  45.561788    0.02458     1.4752     88.511     18.166  51295.642    31.6834     4.0427     18.000     4.0412    25.1447     6.9233     9.8941     93.544    301.609    309.193    0.00002    7.40114   10.57696  322.42746   16.54743 9.9813e+00     0.5745     0.4345    89.7072 0.0000e+00
        360  45.561803    0.02492     1.4954     89.726     19.178  51296.943    31.6838     4.0425     19.000     4.0412    25.1450     6.9260     9.8980     93.580    301.729    309.315    0.00012    7.40115   10.57698  322.42791   16.54745 8.7006e+00     0.5724     0.4316    89.7726 0.0000e+00
        365  45.561818    0.02530     1.5178     91.070     20.197  51295.360    31.6817     4.0408     20.000     4.0377    25.1436     6.9231     9.8938     93.535    301.600    309.184   -0.00018    7.40157   10.57759  322.44673   16.54835 7.5423e+00     0.5755     0.4269    89.8760 0.0000e+00
        369  45.561830    0.02558     1.5347     92.082     21.192  51299.468    31.6834     4.0381     21.000     4.0364    25.1452     6.9194     9.8885     93.480    301.440    309.019   -0.00058    7.40197   10.57817  322.46395   16.54916 6.5479e+00     0.5888     0.4316    89.7716 0.0000e+00
        375  45.561845    0.02594     1.5567     93.400     22.210  51301.680    31.6842     4.0373     22.000     4.0361    25.1459     6.9206     9.8903     93.496    301.495    309.077   -0.00034    7.40208   10.57831  322.46824   16.54937 5.7114e+00     0.5846     0.4296    89.8168 0.0000e+00
        380  45.561859    0.02629     1.5774     94.645     23.227  51302.460    31.6846     4.0387     23.000     4.0375    25.1460     6.9254     9.8971     93.564    301.701    309.288   -0.00001    7.40181   10.57792  322.45631   16.54880 4.9574e+00     0.5671     0.4232    89.9612 0.0000e+00
        383  45.561870    0.02655     1.5930     95.577     24.218  51302.294    31.6839     4.0388     24.000     4.0372    25.1456     6.9204     9.8900     93.496    301.485    309.066   -0.00032    7.40182   10.57794  322.45685   16.54882 4.3105e+00     0.5779     0.4336    89.7267 0.0000e+00
        388  45.561884    0.02688     1.6124     96.743     25.246  51304.829    31.6852     4.0390     25.000     4.0379    25.1466     6.9234     9.8941     93.536    301.612    309.196   -0.00025    7.40173   10.57781  322.45259   16.54862 3.7521e+00     0.5639     0.4372    89.6468 0.0000e+00
        392  45.561895    0.02716     1.6296     97.774     26.246  51304.717    31.6849     4.0401     26.000     4.0388    25.1462     6.9242     9.8954     93.551    301.650    309.235   -0.00007    7.40153   10.57753  322.44395   16.54821 3.2701e+00     0.5648     0.4333    89.7334 0.0000e+00
        396  45.561908    0.02745     1.6470     98.819     27.260  51304.705    31.6845     4.0407     27.000     4.0390    25.1458     6.9204     9.8900     93.501    301.485    309.066   -0.00037    7.40145   10.57741  322.44065   16.54805 2.8429e+00     0.5525     0.4315    89.7738 0.0000e+00
        400  45.561919    0.02771     1.6627     99.764     28.265  51305.179    31.6843     4.0407     28.000     4.0389    25.1457     6.9260     9.8980     93.577    301.729    309.316    0.00000    7.40145   10.57741  322.44080   16.54806 2.4807e+00     0.6117     0.4375    89.6384 0.0000e+00
        404  45.561930    0.02799     1.6792    100.751     29.277  51307.033    31.6851     4.0407     29.000     4.0391    25.1463     6.9171     9.8851     93.456    301.338    308.916   -0.00055    7.40142   10.57737  322.43918   16.54798 2.1576e+00     0.5501     0.4405    89.5732 0.0000e+00
        408  45.561941    0.02825     1.6949    101.697     30.283  51307.311    31.6849     4.0412     30.000     4.0394    25.1461     6.9214     9.8914     93.516    301.528    309.111   -0.00054    7.40133   10.57725  322.43548   16.54780 1.8785e+00     0.5548     0.4365    89.6627 0.0000e+00
        412  45.561953    0.02854     1.7123    102.736     31.293  51307.481    31.6846     4.0415     31.000     4.0396    25.1458     6.9251     9.8968     93.567    301.692    309.278    0.00006    7.40130   10.57720  322.43414   16.54774 1.6442e+00     0.5554     0.4365    89.6615 0.0000e+00
        417  45.561966    0.02886     1.7313    103.878     32.306  51308.024    31.6844     4.0416     32.000     4.0393    25.1457     6.9175     9.8859     93.464    301.359    308.936   -0.00059    7.40129   10.57720  322.43421   16.54775 1.4341e+00     0.5477     0.4372    89.6462 0.0000e+00
        421  45.561979    0.02916     1.7495    104.969     33.317  51309.042    31.6846     4.0414     33.000     4.0393    25.1458     6.9171     9.8853     93.458    301.342    308.920   -0.00064    7.40133   10.57723  322.43524   16.54779 1.2473e+00     0.5488     0.4408    89.5647 0.0000e+00
        425  45.561991    0.02943     1.7662    105.971     34.321  51310.061    31.6848     4.0415     34.000     4.0393    25.1460     6.9205     9.8900     93.503    301.487    309.068   -0.00029    7.40130   10.57720  322.43411   16.54774 1.0915e+00     0.5800     0.4361    89.6723 0.0000e+00
        430  45.562004    0.02976     1.7860    107.158     35.335  51311.117    31.6851     4.0417     35.000     4.0394    25.1462     6.9254     9.8971     93.570    301.702    309.288    0.00009    7.40125   10.57713  322.43195   16.54764 9.5581e-01     0.5689     0.4322    89.7595 0.0000e+00
        434  45.562017    0.03007     1.8044    108.265     36.343  51312.673    31.6856     4.0419     36.000     4.0401    25.1467     6.9150     9.8822     93.430    301.246    308.822   -0.00072    7.40118   10.57703  322.42882   16.54749 8.3168e-01     0.5862     0.4339    89.7197 0.0000e+00
        438  45.562029    0.03038     1.8228    109.370     37.352  51313.149    31.6859     4.0439     37.000     4.0421    25.1468     6.9251     9.8966     93.572    301.687    309.274    0.00007    7.40079   10.57648  322.41192   16.54668 7.2715e-01     0.5518     0.4385    89.6163 0.0000e+00
        443  45.562043    0.03069     1.8417    110.500     38.364  51311.618    31.6844     4.0440     38.000     4.0410    25.1455     6.9225     9.8930     93.537    301.576    309.160   -0.00007    7.40087   10.57658  322.41541   16.54685 6.3106e-01     0.5455     0.4380    89.6281 0.0000e+00
        448  45.562056    0.03101     1.8606    111.633     39.373  51314.174    31.6856     4.0437     39.000     4.0417    25.1465     6.9210     9.8908     93.517    301.509    309.091   -0.00030    7.40084   10.57654  322.41393   16.54678 5.5474e-01     0.5410     0.4379    89.6292 0.0000e+00
        452  45.562069    0.03131     1.8787    112.720     40.383  51325.000    31.6929     4.0457     40.000     4.0454    25.1521     6.9216     9.8917     93.534    301.537    309.121   -0.00022    7.40013   10.57553  322.38135   16.54520 4.8247e-01     0.5571     0.4342    89.7138 0.0000e+00
        456  45.562081    0.03162     1.8972    113.835     41.384  51323.748    31.6925     4.0498     41.000     4.0480    25.1514     6.9211     9.8910     93.536    301.514    309.098   -0.00018    7.39941   10.57450  322.35017   16.54372 4.2553e-01     0.5488     0.4267    89.8822 0.0000e+00
        462  45.562099    0.03204     1.9228    115.369     42.399  51322.729    31.6917     4.0512     42.000     4.0484    25.1506     6.9153     9.8827     93.460    301.261    308.838   -0.00052    7.39919   10.57418  322.34075   16.54328 3.7286e-01     0.5187     0.4220    89.9863 0.0000e+00
        469  45.562117    0.03249     1.9493    116.956     43.422  51323.836    31.6918     4.0505     43.000     4.0470    25.1507     6.9035     9.8657     93.299    300.746    308.310   -0.00129    7.39933   10.57439  322.34671   16.54356 3.2612e-01     0.5070     0.4181    90.0765 0.0000e+00
        475  45.562134    0.03289     1.9729    118.377     44.416  51325.934    31.6921     4.0482     44.000     4.0445    25.1513     6.9068     9.8704     93.338    300.888    308.456   -0.00078    7.39972   10.57494  322.36347   16.54435 2.8815e-01     0.5166     0.4139    90.1696 0.0000e+00
        482  45.562156    0.03342     2.0051    120.307     45.429  51327.952    31.6920     4.0441     45.000     4.0395    25.1516     6.9112     9.8768     93.389    301.081    308.654   -0.00028    7.40046   10.57600  322.39596   16.54590 2.5294e-01     0.5291     0.4123    90.2070 0.0000e+00
        490  45.562178    0.03394     2.0361    122.164     46.445  51328.579    31.6899     4.0356     46.000     4.0286    25.1507     6.9116     9.8773     93.373    301.097    308.669   -0.00029    7.40210   10.57833  322.46742   16.54931 2.2126e-01     0.5022     0.4059    90.3495 0.0000e+00
        495  45.562192    0.03428     2.0566    123.398     47.448  51334.720    31.6913     4.0262     47.000     4.0205    25.1528     6.9115     9.8771     93.351    301.091    308.664   -0.00043    7.40372   10.58066  322.53752   16.55263 1.9486e-01     0.5081     0.4127    90.1982 0.0000e+00
        500  45.562207    0.03462     2.0776    124.656     48.459  51341.983    31.6946     4.0214     48.000     4.0174    25.1559     6.9098     9.8748     93.321    301.021    308.593   -0.00049    7.40443   10.58167  322.56735   16.55404 1.7172e-01     0.5128     0.4153    90.1390 0.0000e+00
        505  45.562221    0.03497     2.0984    125.901     49.470  51344.846    31.6956     4.0194     49.000     4.0152    25.1568     6.9084     9.8728     93.297    300.958    308.530   -0.00057    7.40474   10.58211  322.58066   16.55467 1.5226e-01     0.5109     0.4192    90.0512 0.0000e+00
        509  45.562235    0.03531     2.1182    127.092     50.477  51344.756    31.6940     4.0154     50.000     4.0079    25.1560     6.9082     9.8724     93.284    300.948    308.519   -0.00058    7.40554   10.58325  322.61560   16.55634 1.3464e-01     0.5230     0.4203    90.0269 0.0000e+00
        514  45.562249    0.03564     2.1384    128.305     51.489  51353.209    31.6971     4.0063     51.000     4.0001    25.1593     6.9150     9.8822     93.357    301.244    308.823   -0.00009    7.40703   10.58539  322.67966   16.55937 1.1974e-01     0.5275     0.4144    90.1593 0.0000e+00
        519  45.562262    0.03596     2.1576    129.457     52.496  51356.508    31.6969     3.9981     52.000     3.9908    25.1599     6.9102     9.8754     93.274    301.038    308.612   -0.00057    7.40852   10.58750  322.74393   16.56243 1.0653e-01     0.5053     0.4111    90.2333 0.0000e+00
        523  45.562275    0.03628     2.1765    130.591     53.509  51365.858    31.7010     3.9907     53.000     3.9858    25.1639     6.9115     9.8772     93.276    301.090    308.667   -0.00050    7.40965   10.58912  322.79210   16.56471 9.5134e-02     0.5014     0.4099    90.2597 0.0000e+00
