CTD-processing/allCTD/CNV/2020_09-20_alongbay_skb07_cast020_4141.cnv
* Sea-Bird SBE19plus Data File:
* FileName = E:\2020_09-20_AlongBay\2020_09-20_AlongBay_SKB_cast020.hex
* Software Version 1.59
* Temperature SN =  4141
* Conductivity SN =  4141
* System UpLoad Time = Sep 22 2020 14:54:25
** Cook Inlet LTM Along Bay Extended
** Date: 2020_09-20
** Station:SKB07
** Start Time: (AKDT):14:29
** Depth (m):145
** Comment:
** Comment:
# nquan = 27
# nvalues = 143                         
# units = specified
# name 0 = scan: Scan Count
# name 1 = timeJ: Julian Days
# name 2 = timeH: Time, Elapsed [hours]
# name 3 = timeM: Time, Elapsed [minutes]
# name 4 = timeS: Time, Elapsed [seconds]
# name 5 = prdM: Pressure, Strain Gauge [db]
# name 6 = specc: Specific Conductance [uS/cm]
# name 7 = sal00: Salinity, Practical [PSU]
# name 8 = tv290C: Temperature [ITS-90, deg C]
# name 9 = depSM: Depth [salt water, m], lat = 59.00
# name 10 = potemp090C: Potential Temperature [ITS-90, deg C]
# name 11 = sigma-é00: Density [sigma-theta, kg/m^3]
# name 12 = sbeox0ML/L: Oxygen, SBE 43 [ml/l]
# name 13 = sbeox0Mg/L: Oxygen, SBE 43 [mg/l]
# name 14 = sbeox0PS: Oxygen, SBE 43 [% saturation]
# name 15 = sbox0Mm/Kg: Oxygen, SBE 43 [umol/kg]
# name 16 = sbeox0Mm/L: Oxygen, SBE 43 [umol/l]
# name 17 = sbox0dV/dT: Oxygen, SBE 43 [dov/dt]
# name 18 = oxsolML/L: Oxygen Saturation, Garcia & Gordon [ml/l]
# name 19 = oxsolMg/L: Oxygen Saturation, Garcia & Gordon [mg/l]
# name 20 = oxsolMm/Kg: Oxygen Saturation, Garcia & Gordon [umol/kg]
# name 21 = n2satMg/L: Nitrogen Saturation [mg/l]
# name 22 = par: PAR/Irradiance, Biospherical/Licor
# name 23 = wetStar: Fluorescence, WET Labs WETstar [mg/m^3]
# name 24 = CStarAt0: Beam Attenuation, WET Labs C-Star [1/m]
# name 25 = CStarTr0: Beam Transmission, WET Labs C-Star [%]
# name 26 = flag: flag
# span 0 =        274,        891       
# span 1 = 264.604437, 264.606221       
# span 2 =    0.01897,    0.06181       
# span 3 =     1.1384,     3.7083       
# span 4 =     68.302,    222.499       
# span 5 =      1.016,    144.356       
# span 6 =  46600.894,  48421.934       
# span 7 =    29.6200,    30.7929       
# span 8 =    10.9034,    11.4123       
# span 9 =      1.000,    143.000       
# span 10 =    10.8866,    11.4106      
# span 11 =    22.5187,    23.5209      
# span 12 =     3.3630,     3.5691      
# span 13 =     4.8063,     5.1008      
# span 14 =     52.870,     56.231      
# span 15 =    146.747,    155.796      
# span 16 =    150.199,    159.400      
# span 17 =   -0.00201,    0.00207      
# span 18 =    6.33064,    6.36129      
# span 19 =    9.04712,    9.09092      
# span 20 =  276.41028,  277.56664      
# span 21 =   14.35847,   14.41084      
# span 22 = 5.1253e-02, 3.5865e+02      
# span 23 =     0.4362,     1.4666      
# span 24 =     0.5421,     1.9101      
# span 25 =    62.0358,    87.3207      
# span 26 = 0.0000e+00, 0.0000e+00      
# interval = meters: 1                  
# start_time = Sep 20 2020 14:29:15 [Instrument's time stamp, header]
# bad_flag = -9.990e-29
*END*
[from data line 54]
        496 264.605077    0.03435     2.0606    123.635     55.521  48209.658    30.6926    11.0262     55.000    11.0192    23.4200     3.4732     4.9635     54.708    151.562    155.112   -0.00072    6.34853    9.07269  277.03726   14.38586 5.2512e-02     0.8580     0.6631    84.7236 0.0000e+00
        500 264.605090    0.03466     2.0796    124.774     56.534  48210.664    30.6928    11.0258     56.000    11.0193    23.4203     3.4761     4.9677     54.754    151.690    155.243   -0.00024    6.34857    9.07275  277.03896   14.38595 5.2146e-02     0.7462     0.6615    84.7586 0.0000e+00
        505 264.605104    0.03500     2.1003    126.017     57.550  48211.199    30.6928    11.0261     57.000    11.0193    23.4203     3.4723     4.9623     54.695    151.524    155.073   -0.00055    6.34852    9.07268  277.03682   14.38584 5.1970e-02     0.8592     0.6537    84.9213 0.0000e+00
        509 264.605117    0.03531     2.1186    127.119     58.552  48212.974    30.6936    11.0260     58.000    11.0186    23.4210     3.4729     4.9631     54.704    151.550    155.099   -0.00039    6.34851    9.07266  277.03607   14.38581 5.1819e-02     0.9216     0.6601    84.7878 0.0000e+00
        514 264.605131    0.03564     2.1386    128.314     59.566  48218.511    30.6970    11.0246     59.000    11.0173    23.4238     3.4697     4.9586     54.653    151.411    154.957   -0.00059    6.34857    9.07274  277.03785   14.38588 5.1728e-02     0.8620     0.6725    84.5237 0.0000e+00
        519 264.605145    0.03598     2.1589    129.531     60.578  48219.416    30.6973    11.0246     60.000    11.0161    23.4240     3.4678     4.9558     54.624    151.328    154.873   -0.00068    6.34856    9.07272  277.03721   14.38585 5.1575e-02     0.8141     0.6733    84.5080 0.0000e+00
        524 264.605158    0.03629     2.1775    130.648     61.584  48228.940    30.7030    11.0200     61.000    11.0109    23.4294     3.4709     4.9601     54.668    151.458    155.007   -0.00022    6.34895    9.07329  277.05304   14.38658 5.1584e-02     0.7468     0.6949    84.0539 0.0000e+00
        528 264.605171    0.03660     2.1957    131.744     62.598  48238.666    30.7091    11.0157     62.000    11.0061    23.4348     3.4711     4.9606     54.669    151.469    155.019   -0.00013    6.34929    9.07378  277.06643   14.38720 5.1473e-02     0.7502     0.7149    83.6339 0.0000e+00
        532 264.605182    0.03686     2.2116    132.697     63.602  48246.373    30.7136    11.0112     63.000    11.0022    23.4391     3.4675     4.9554     54.609    151.311    154.857   -0.00061    6.34972    9.07438  277.08384   14.38801 5.1536e-02     0.7271     0.7535    82.8324 0.0000e+00
        536 264.605194    0.03716     2.2296    133.775     64.617  48245.661    30.7126    11.0112     64.000    11.0057    23.4385     3.4687     4.9571     54.627    151.364    154.911   -0.00032    6.34976    9.07444  277.08578   14.38811 5.1375e-02     0.7450     0.7727    82.4345 0.0000e+00
        540 264.605206    0.03744     2.2463    134.775     65.623  48240.689    30.7091    11.0150     65.000    11.0084    23.4351     3.4665     4.9539     54.595    151.267    154.813   -0.00048    6.34939    9.07392  277.07059   14.38740 5.1432e-02     0.7263     0.7481    82.9420 0.0000e+00
        544 264.605216    0.03770     2.2618    135.707     66.629  48242.182    30.7099    11.0155     66.000    11.0047    23.4356     3.4652     4.9521     54.575    151.211    154.755   -0.00056    6.34929    9.07377  277.06596   14.38718 5.1405e-02     0.7534     0.7499    82.9055 0.0000e+00
        548 264.605229    0.03800     2.2798    136.791     67.644  48252.283    30.7158    11.0079     67.000    10.9976    23.4415     3.4644     4.9509     54.556    151.174    154.718   -0.00054    6.35008    9.07490  277.09910   14.38874 5.1329e-02     0.8150     0.7661    82.5694 0.0000e+00
        552 264.605241    0.03829     2.2975    137.850     68.655  48256.436    30.7179    11.0046     68.000    10.9957    23.4437     3.4611     4.9462     54.501    151.031    154.572   -0.00081    6.35046    9.07544  277.11483   14.38949 5.1309e-02     0.6940     0.8131    81.6051 0.0000e+00
        556 264.605253    0.03857     2.3140    138.840     69.661  48260.188    30.7199    11.0029     69.000    10.9939    23.4457     3.4591     4.9435     54.470    150.946    154.486   -0.00083    6.35061    9.07566  277.12109   14.38978 5.1352e-02     0.6263     0.8499    80.8572 0.0000e+00
        561 264.605265    0.03887     2.3323    139.941     70.671  48264.265    30.7223    11.0021     70.000    10.9928    23.4477     3.4580     4.9419     54.452    150.899    154.437   -0.00074    6.35063    9.07569  277.12126   14.38977 5.1320e-02     0.5640     0.8611    80.6330 0.0000e+00
        566 264.605280    0.03921     2.3525    141.153     71.682  48272.818    30.7275    10.9981     71.000    10.9882    23.4524     3.4563     4.9394     54.422    150.822    154.360   -0.00074    6.35096    9.07616  277.13440   14.39038 5.1274e-02     0.5319     0.8937    79.9781 0.0000e+00
        570 264.605293    0.03953     2.3720    142.317     72.695  48277.386    30.7301    10.9956     72.000    10.9869    23.4549     3.4546     4.9369     54.392    150.746    154.281   -0.00075    6.35119    9.07649  277.14384   14.39082 5.1277e-02     0.5429     0.9295    79.2659 0.0000e+00
        575 264.605306    0.03984     2.3905    143.428     73.698  48282.009    30.7329    10.9954     73.000    10.9870    23.4571     3.4511     4.9320     54.339    150.593    154.126   -0.00089    6.35110    9.07636  277.13937   14.39060 5.1278e-02     0.5184     0.9512    78.8369 0.0000e+00
        580 264.605320    0.04019     2.4112    144.670     74.722  48289.072    30.7375    10.9959     74.000    10.9869    23.4607     3.4477     4.9271     54.287    150.444    153.973   -0.00101    6.35085    9.07600  277.12751   14.39002 5.1331e-02     0.4901     0.9664    78.5386 0.0000e+00
        583 264.605331    0.04045     2.4267    145.600     75.718  48291.715    30.7390    10.9954     75.000    10.9863    23.4618     3.4470     4.9261     54.276    150.413    153.943   -0.00077    6.35086    9.07601  277.12745   14.39001 5.1369e-02     0.5310     1.0002    77.8766 0.0000e+00
        587 264.605343    0.04072     2.4436    146.613     76.733  48291.883    30.7386    10.9951     76.000    10.9860    23.4617     3.4419     4.9188     54.195    150.190    153.714   -0.00118    6.35091    9.07608  277.12968   14.39011 5.1327e-02     0.5589     1.0006    77.8678 0.0000e+00
        592 264.605355    0.04102     2.4611    147.665     77.740  48294.978    30.7404    10.9947     77.000    10.9856    23.4631     3.4410     4.9175     54.181    150.151    153.674   -0.00097    6.35090    9.07608  277.12910   14.39007 5.1313e-02     0.5166     1.0025    77.8310 0.0000e+00
        596 264.605367    0.04132     2.4792    148.750     78.753  48300.119    30.7436    10.9949     78.000    10.9860    23.4656     3.4366     4.9112     54.114    149.960    153.478   -0.00113    6.35074    9.07584  277.12114   14.38968 5.1289e-02     0.5541     1.0107    77.6717 0.0000e+00
        600 264.605379    0.04160     2.4959    149.752     79.759  48306.170    30.7476    10.9956     79.000    10.9862    23.4686     3.4335     4.9067     54.066    149.822    153.338   -0.00124    6.35049    9.07548  277.10933   14.38910 5.1253e-02     0.5326     1.0259    77.3771 0.0000e+00
        604 264.605392    0.04190     2.5139    150.836     80.769  48311.458    30.7509    10.9955     80.000    10.9859    23.4712     3.4298     4.9015     54.010    149.661    153.174   -0.00118    6.35037    9.07531  277.10352   14.38881 5.1329e-02     0.6240     1.0325    77.2504 0.0000e+00
        609 264.605405    0.04222     2.5333    151.997     81.784  48318.006    30.7551    10.9956     81.000    10.9862    23.4745     3.4256     4.8955     53.944    149.477    152.986   -0.00134    6.35018    9.07505  277.09460   14.38837 5.1280e-02     0.5330     1.0377    77.1502 0.0000e+00
        613 264.605417    0.04251     2.5508    153.051     82.788  48317.652    30.7545    10.9955     82.000    10.9853    23.4740     3.4257     4.8957     53.946    149.484    152.993   -0.00095    6.35022    9.07510  277.09638   14.38845 5.1376e-02     0.4960     1.0526    76.8634 0.0000e+00
        617 264.605429    0.04281     2.5687    154.123     83.799  48317.829    30.7541    10.9944     83.000    10.9839    23.4739     3.4216     4.8898     53.880    149.303    152.808   -0.00112    6.35039    9.07533  277.10343   14.38879 5.1350e-02     0.5501     1.0569    76.7807 0.0000e+00
        622 264.605443    0.04312     2.5873    155.239     84.813  48318.306    30.7538    10.9929     84.000    10.9825    23.4740     3.4164     4.8822     53.795    149.074    152.573   -0.00140    6.35060    9.07564  277.11277   14.38925 5.1347e-02     0.5346     1.0538    76.8410 0.0000e+00
        626 264.605454    0.04339     2.6038    156.227     85.819  48322.093    30.7559    10.9914     85.000    10.9800    23.4759     3.4149     4.8804     53.773    149.016    152.514   -0.00120    6.35073    9.07583  277.11803   14.38949 5.1318e-02     0.5405     1.0729    76.4743 0.0000e+00
        630 264.605466    0.04368     2.6206    157.234     86.828  48331.180    30.7617    10.9898     86.000    10.9804    23.4808     3.4167     4.8827     53.800    149.088    152.589   -0.00076    6.35071    9.07580  277.11583   14.38936 5.1375e-02     0.5199     1.0959    76.0351 0.0000e+00
        634 264.605478    0.04398     2.6386    158.316     87.841  48342.992    30.7699    10.9922     87.000    10.9826    23.4867     3.4115     4.8754     53.723    148.860    152.356   -0.00103    6.35004    9.07484  277.08493   14.38785 5.1410e-02     0.4919     1.1128    75.7145 0.0000e+00
        639 264.605491    0.04428     2.6567    159.402     88.849  48348.181    30.7732    10.9919     88.000    10.9802    23.4894     3.4064     4.8680     53.644    148.637    152.128   -0.00130    6.34996    9.07473  277.08058   14.38763 5.1375e-02     0.4917     1.1651    74.7318 0.0000e+00
        643 264.605503    0.04458     2.6747    160.483     89.857  48352.048    30.7752    10.9901     89.000    10.9794    23.4913     3.4055     4.8668     53.628    148.597    152.088   -0.00109    6.35012    9.07496  277.08730   14.38794 5.1377e-02     0.4577     1.2232    73.6548 0.0000e+00
        648 264.605517    0.04492     2.6950    161.699     90.872  48353.255    30.7757    10.9898     90.000    10.9793    23.4917     3.4031     4.8633     53.591    148.493    151.981   -0.00096    6.35014    9.07498  277.08794   14.38797 5.1332e-02     0.4885     1.2487    73.1861 0.0000e+00
        652 264.605530    0.04523     2.7137    162.821     91.876  48355.340    30.7768    10.9901     91.000    10.9792    23.4925     3.4002     4.8593     53.547    148.370    151.856   -0.00105    6.35006    9.07488  277.08446   14.38780 5.1429e-02     0.4930     1.2704    72.7902 0.0000e+00
        657 264.605544    0.04557     2.7340    164.041     92.892  48356.710    30.7773    10.9896     92.000    10.9783    23.4930     3.3939     4.8502     53.446    148.091    151.570   -0.00127    6.35011    9.07494  277.08646   14.38789 5.1369e-02     0.4776     1.2803    72.6099 0.0000e+00
        662 264.605558    0.04588     2.7529    165.172     93.900  48359.698    30.7789    10.9888     93.000    10.9774    23.4944     3.3928     4.8486     53.428    148.043    151.521   -0.00127    6.35015    9.07500  277.08780   14.38795 5.1447e-02     0.4752     1.3224    71.8497 0.0000e+00
        666 264.605570    0.04617     2.7702    166.214     94.906  48363.294    30.7809    10.9876     94.000    10.9754    23.4962     3.3931     4.8490     53.432    148.056    151.535   -0.00076    6.35024    9.07513  277.09120   14.38810 5.1456e-02     0.5095     1.3687    71.0240 0.0000e+00
        670 264.605583    0.04649     2.7890    167.342     95.923  48366.702    30.7827    10.9857     95.000    10.9744    23.4979     3.3901     4.8448     53.384    147.928    151.403   -0.00090    6.35042    9.07540  277.09882   14.38846 5.1391e-02     0.4645     1.4257    70.0184 0.0000e+00
        674 264.605594    0.04676     2.8053    168.321     96.927  48367.012    30.7825    10.9854     96.000    10.9737    23.4978     3.3900     4.8447     53.382    147.922    151.399   -0.00071    6.35047    9.07546  277.10075   14.38855 5.1492e-02     0.4645     1.5041    68.6639 0.0000e+00
        678 264.605606    0.04704     2.8225    169.348     97.935  48367.839    30.7826    10.9846     97.000    10.9719    23.4981     3.3890     4.8431     53.364    147.875    151.350   -0.00064    6.35058    9.07562  277.10559   14.38879 5.1462e-02     0.5528     1.4621    69.3842 0.0000e+00
        683 264.605619    0.04737     2.8421    170.527     98.952  48370.465    30.7837    10.9816     98.000    10.9690    23.4995     3.3847     4.8371     53.294    147.690    151.160   -0.00091    6.35095    9.07613  277.12085   14.38952 5.1459e-02     0.4683     1.4315    69.9152 0.0000e+00
        687 264.605632    0.04766     2.8596    171.573     99.958  48372.387    30.7844    10.9799     99.000    10.9675    23.5004     3.3787     4.8284     53.197    147.426    150.891   -0.00139    6.35115    9.07641  277.12924   14.38991 5.1493e-02     0.4977     1.4875    68.9436 0.0000e+00
        691 264.605643    0.04795     2.8769    172.612    100.964  48374.546    30.7854    10.9781    100.000    10.9657    23.5014     3.3789     4.8289     53.201    147.440    150.905   -0.00099    6.35134    9.07670  277.13777   14.39032 5.1537e-02     0.5625     1.5177    68.4247 0.0000e+00
        696 264.605658    0.04830     2.8979    173.873    101.983  48374.479    30.7846    10.9758    101.000    10.9615    23.5013     3.3762     4.8250     53.154    147.319    150.782   -0.00098    6.35169    9.07720  277.15306   14.39106 5.1436e-02     0.5257     1.5281    68.2477 0.0000e+00
        701 264.605671    0.04861     2.9166    174.998    102.987  48364.021    30.7756    10.9645    102.000    10.9422    23.4962     3.3770     4.8261     53.151    147.356    150.818   -0.00071    6.35361    9.07995  277.23818   14.39517 5.1506e-02     0.5116     1.6169    66.7540 0.0000e+00
        706 264.605686    0.04895     2.9368    176.210    103.998  48385.847    30.7887    10.9477    103.000    10.9350    23.5094     3.3738     4.8215     53.086    147.215    150.675   -0.00099    6.35538    9.08247  277.31170   14.39863 5.1483e-02     0.4993     1.6725    65.8281 0.0000e+00
        711 264.605699    0.04929     2.9571    177.423    105.007  48380.674    30.7836    10.9387    104.000    10.9205    23.5069     3.3738     4.8215     53.073    147.212    150.672   -0.00078    6.35682    9.08453  277.37515   14.40169 5.1477e-02     0.4916     1.6456    66.2720 0.0000e+00
        716 264.605714    0.04963     2.9779    178.672    106.021  48387.773    30.7873    10.9307    105.000    10.9156    23.5112     3.3723     4.8192     53.041    147.144    150.604   -0.00078    6.35776    9.08587  277.41503   14.40359 5.1492e-02     0.5016     1.6404    66.3592 0.0000e+00
        720 264.605727    0.04994     2.9965    179.790    107.030  48390.198    30.7877    10.9222    106.000    10.9074    23.5130     3.3732     4.8207     53.048    147.189    150.651   -0.00052    6.35891    9.08752  277.46498   14.40598 5.1538e-02     0.4620     1.6230    66.6497 0.0000e+00
        724 264.605739    0.05023     3.0135    180.812    108.034  48396.503    30.7914    10.9192    107.000    10.9064    23.5164     3.3708     4.8172     53.007    147.082    150.540   -0.00063    6.35917    9.08789  277.47551   14.40647 5.1576e-02     0.5088     1.6227    66.6526 0.0000e+00
