CTD-processing/allCTD/CNV/2020_09-21_t9_s06_cast031_4141.cnv
* Sea-Bird SBE19plus Data File:
* FileName = E:\2020_09-21_T9\2020_09-21_T9_S0_cast031.hex
* Software Version 1.59
* Temperature SN =  4141
* Conductivity SN =  4141
* System UpLoad Time = Sep 22 2020 15:10:09
** Cook Inlet LTM T9
** Date: 2020_09-21
** Station:S06
** Start Time: (AKDT):10:14
** Depth (m):101
** Comment:
** Comment:
# nquan = 27
# nvalues = 88                          
# units = specified
# name 0 = scan: Scan Count
# name 1 = timeJ: Julian Days
# name 2 = timeH: Time, Elapsed [hours]
# name 3 = timeM: Time, Elapsed [minutes]
# name 4 = timeS: Time, Elapsed [seconds]
# name 5 = prdM: Pressure, Strain Gauge [db]
# name 6 = specc: Specific Conductance [uS/cm]
# name 7 = sal00: Salinity, Practical [PSU]
# name 8 = tv290C: Temperature [ITS-90, deg C]
# name 9 = depSM: Depth [salt water, m], lat = 59.00
# name 10 = potemp090C: Potential Temperature [ITS-90, deg C]
# name 11 = sigma-é00: Density [sigma-theta, kg/m^3]
# name 12 = sbeox0ML/L: Oxygen, SBE 43 [ml/l]
# name 13 = sbeox0Mg/L: Oxygen, SBE 43 [mg/l]
# name 14 = sbeox0PS: Oxygen, SBE 43 [% saturation]
# name 15 = sbox0Mm/Kg: Oxygen, SBE 43 [umol/kg]
# name 16 = sbeox0Mm/L: Oxygen, SBE 43 [umol/l]
# name 17 = sbox0dV/dT: Oxygen, SBE 43 [dov/dt]
# name 18 = oxsolML/L: Oxygen Saturation, Garcia & Gordon [ml/l]
# name 19 = oxsolMg/L: Oxygen Saturation, Garcia & Gordon [mg/l]
# name 20 = oxsolMm/Kg: Oxygen Saturation, Garcia & Gordon [umol/kg]
# name 21 = n2satMg/L: Nitrogen Saturation [mg/l]
# name 22 = par: PAR/Irradiance, Biospherical/Licor
# name 23 = wetStar: Fluorescence, WET Labs WETstar [mg/m^3]
# name 24 = CStarAt0: Beam Attenuation, WET Labs C-Star [1/m]
# name 25 = CStarTr0: Beam Transmission, WET Labs C-Star [%]
# name 26 = flag: flag
# span 0 =        273,        672       
# span 1 = 265.427430, 265.428584       
# span 2 =    0.01887,    0.04658       
# span 3 =     1.1321,     2.7944       
# span 4 =     67.924,    167.662       
# span 5 =      1.017,     88.802       
# span 6 =  45557.725,  48397.820       
# span 7 =    28.8861,    30.7965       
# span 8 =    10.8870,    11.4126       
# span 9 =      1.000,     88.000       
# span 10 =    10.8775,    11.4112      
# span 11 =    21.9495,    23.5254      
# span 12 =     3.4254,     3.5749      
# span 13 =     4.8955,     5.1089      
# span 14 =     53.831,     56.280      
# span 15 =    149.466,    156.099      
# span 16 =    152.981,    159.653      
# span 17 =   -0.00155,    0.00299      
# span 18 =    6.33984,    6.36897      
# span 19 =    9.06027,    9.10190      
# span 20 =  276.76474,  278.32921      
# span 21 =   14.37289,   14.45501      
# span 22 = 5.7006e-02, 8.9305e+01      
# span 23 =     0.8390,     2.2658      
# span 24 =     0.5506,     2.0173      
# span 25 =    60.4285,    87.1395      
# span 26 = 0.0000e+00, 0.0000e+00      
# interval = meters: 1                  
# start_time = Sep 21 2020 10:14:22 [Instrument's time stamp, header]
# bad_flag = -9.990e-29
*END*
        273 265.427430    0.01887     1.1321     67.924      1.017  45557.725    28.8861    11.4097      1.000    11.4097    21.9495     3.4796     4.9727     54.634    152.062    155.400    0.00051    6.36897    9.10190  278.32921   14.45501 8.9305e+01     1.8230     0.6822    84.3578 0.0000e+00
        277 265.427441    0.01915     1.1487     68.920      2.013  45582.787    28.9032    11.4099      2.000    11.4100    21.9628     3.4846     4.9798     54.718    152.276    155.621    0.00096    6.36825    9.10087  278.29406   14.45326 6.2482e+01     1.8508     0.6420    85.1747 0.0000e+00
        281 265.427454    0.01946     1.1676     70.057      3.032  45684.495    28.9744    11.4107      3.000    11.4112    22.0179     3.4982     4.9992     54.957    152.863    156.229    0.00211    6.36529    9.09663  278.14929   14.44603 5.0677e+01     1.9401     0.6496    85.0112 0.0000e+00
        285 265.427466    0.01974     1.1844     71.064      4.036  45777.610    29.0396    11.4126      4.000    11.4082    22.0682     3.5059     5.0103     55.103    153.191    156.572    0.00250    6.36239    9.09248  278.00886   14.43905 5.0080e+01     2.1065     0.6404    85.2064 0.0000e+00
        289 265.427478    0.02003     1.2018     72.110      5.048  45863.349    29.0984    11.4014      5.000    11.3950    22.1158     3.5151     5.0234     55.255    153.586    156.983    0.00274    6.36155    9.09129  277.95959   14.43645 4.8313e+01     2.0709     0.6347    85.3275 0.0000e+00
        294 265.427490    0.02032     1.2191     73.148      6.055  45976.682    29.1764    11.3886      6.000    11.3805    22.1786     3.5217     5.0329     55.372    153.868    157.280    0.00268    6.36016    9.08931  277.88185   14.43241 4.3624e+01     2.2100     0.6299    85.4319 0.0000e+00
        298 265.427503    0.02063     1.2377     74.262      7.069  46054.202    29.2291    11.3752      7.000    11.3710    22.2219     3.5269     5.0403     55.455    154.087    157.511    0.00229    6.35986    9.08887  277.85668   14.43099 3.6993e+01     2.2319     0.6714    84.5479 0.0000e+00
        302 265.427515    0.02090     1.2544     75.265      8.075  46099.936    29.2604    11.3695      8.000    11.3671    22.2472     3.5398     5.0588     55.663    154.647    158.088    0.00299    6.35939    9.08820  277.82931   14.42956 3.1169e+01     2.1903     0.6955    84.0393 0.0000e+00
        306 265.427526    0.02118     1.2711     76.265      9.080  46146.804    29.2929    11.3687      9.000    11.3688    22.2725     3.5458     5.0674     55.769    154.909    158.359    0.00292    6.35818    9.08647  277.76965   14.42657 2.5995e+01     2.1789     0.6828    84.3073 0.0000e+00
        311 265.427540    0.02151     1.2906     77.434     10.100  46162.879    29.3040    11.3709     10.000    11.3691    22.2808     3.5474     5.0696     55.800    154.974    158.427    0.00199    6.35744    9.08541  277.73501   14.42486 2.1753e+01     2.0525     0.6913    84.1297 0.0000e+00
        315 265.427551    0.02179     1.3075     78.447     11.103  46193.843    29.3251    11.3689     11.000    11.3656    22.2976     3.5557     5.0815     55.935    155.334    158.798    0.00231    6.35685    9.08458  277.70491   14.42334 1.7843e+01     2.2658     0.6221    85.5958 0.0000e+00
        319 265.427564    0.02208     1.3247     79.485     12.111  46258.770    29.3701    11.3651     12.000    11.3618    22.3332     3.5551     5.0806     55.937    155.304    158.772    0.00164    6.35557    9.08274  277.63914   14.42000 1.4828e+01     2.1579     0.6375    85.2737 0.0000e+00
        323 265.427576    0.02239     1.3434     80.607     13.127  46351.710    29.4346    11.3601     13.000    11.3527    22.3841     3.5596     5.0871     56.026    155.493    158.974    0.00156    6.35365    9.08000  277.54156   14.41508 1.2274e+01     1.9612     0.7862    82.1594 0.0000e+00
        327 265.427588    0.02267     1.3598     81.590     14.129  46508.659    29.5432    11.3466     14.000    11.3395    22.4708     3.5618     5.0901     56.080    155.571    159.067    0.00157    6.35111    9.07638  277.40726   14.40820 1.0158e+01     1.9960     0.7875    82.1326 0.0000e+00
        332 265.427600    0.02298     1.3783     82.701     15.140  46612.622    29.6151    11.3372     15.000    11.3308    22.5283     3.5623     5.0909     56.103    155.586    159.092    0.00106    6.34951    9.07408  277.32151   14.40381 8.4664e+00     1.9879     0.7734    82.4230 0.0000e+00
        337 265.427615    0.02330     1.3981     83.883     16.159  46733.402    29.6983    11.3222     16.000    11.3110    22.5955     3.5654     5.0954     56.165    155.713    159.232    0.00119    6.34821    9.07222  277.24649   14.39988 6.9736e+00     2.0059     0.7973    81.9342 0.0000e+00
        340 265.427625    0.02357     1.4140     84.843     17.153  46766.917    29.7200    11.3075     17.000    11.3001    22.6149     3.5658     5.0959     56.161    155.727    159.249    0.00064    6.34933    9.07383  277.29020   14.40188 5.7739e+00     1.9619     0.8596    80.6655 0.0000e+00
        345 265.427640    0.02392     1.4349     86.092     18.176  46814.783    29.7519    11.2943     18.000    11.2891    22.6421     3.5717     5.1043     56.248    155.978    159.511    0.00095    6.34984    9.07456  277.30533   14.40248 4.7815e+00     1.7045     0.7701    82.4900 0.0000e+00
        350 265.427652    0.02422     1.4529     87.177     19.179  46849.874    29.7759    11.2903     19.000    11.2873    22.6614     3.5727     5.1058     56.269    156.024    159.560    0.00087    6.34942    9.07397  277.28190   14.40127 3.9308e+00     1.7612     0.7588    82.7223 0.0000e+00
        354 265.427665    0.02452     1.4713     88.275     20.185  46902.385    29.8112    11.2784     20.000    11.2604    22.6909     3.5713     5.1037     56.244    155.955    159.493    0.00028    6.34963    9.07425  277.28255   14.40115 3.2638e+00     1.7939     0.7756    82.3784 0.0000e+00
        359 265.427680    0.02488     1.4929     89.573     21.206  46977.731    29.8600    11.2411     21.000    11.2315    22.7353     3.5733     5.1066     56.248    156.036    159.583    0.00012    6.35275    9.07871  277.40684   14.40690 2.6900e+00     1.5041     0.7606    82.6843 0.0000e+00
        364 265.427693    0.02519     1.5112     90.672     22.205  47040.969    29.9035    11.2342     22.000    11.2326    22.7703     3.5749     5.1089     56.280    156.099    159.653    0.00030    6.35194    9.07756  277.36212   14.40459 2.2342e+00     1.4482     0.7580    82.7375 0.0000e+00
        369 265.427707    0.02553     1.5319     91.914     23.219  47064.923    29.9202    11.2368     23.000    11.2331    22.7828     3.5713     5.1038     56.234    155.944    159.497   -0.00020    6.35090    9.07607  277.31325   14.40218 1.8469e+00     1.4327     0.7482    82.9405 0.0000e+00
        373 265.427721    0.02586     1.5517     93.105     24.229  47103.570    29.9465    11.2314     24.000    11.2284    22.8042     3.5727     5.1057     56.258    155.999    159.557   -0.00005    6.35059    9.07563  277.29398   14.40115 1.5285e+00     1.6012     0.7521    82.8594 0.0000e+00
        378 265.427735    0.02619     1.5713     94.277     25.236  47203.976    30.0179    11.2409     25.000    11.2492    22.8581     3.5678     5.0987     56.217    155.776    159.337   -0.00025    6.34642    9.06967  277.09723   14.39144 1.2687e+00     1.7005     0.7368    83.1783 0.0000e+00
        383 265.427748    0.02652     1.5910     95.459     26.249  47310.108    30.0950    11.2659     26.000    11.2620    22.9136     3.5620     5.0905     56.184    155.517    159.080   -0.00051    6.33992    9.06038  276.79823   14.37681 1.0486e+00     1.5939     0.7337    83.2405 0.0000e+00
        388 265.427762    0.02685     1.6108     96.648     27.256  47378.756    30.1417    11.2527     27.000    11.2382    22.9521     3.5642     5.0936     56.219    155.605    159.177   -0.00015    6.33984    9.06027  276.78453   14.37597 8.7900e-01     1.7379     0.7363    83.1867 0.0000e+00
        392 265.427776    0.02718     1.6309     97.854     28.263  47483.277    30.2117    11.2221     28.000    11.2086    23.0119     3.5612     5.0894     56.161    155.469    159.046   -0.00052    6.34119    9.06219  276.82700   14.37772 7.2848e-01     1.6005     0.7589    82.7189 0.0000e+00
        398 265.427791    0.02754     1.6524     99.144     29.281  47546.269    30.2539    11.2035     29.000    11.1979    23.0479     3.5600     5.0877     56.135    155.410    158.992   -0.00061    6.34202    9.06338  276.85366   14.37883 6.0747e-01     1.5755     0.7544    82.8121 0.0000e+00
        402 265.427804    0.02784     1.6703    100.216     30.278  47585.980    30.2810    11.1990     30.000    11.1942    23.0698     3.5572     5.0836     56.094    155.282    158.864   -0.00072    6.34153    9.06268  276.82648   14.37742 5.0745e-01     1.5539     0.7658    82.5761 0.0000e+00
        407 265.427818    0.02820     1.6918    101.510     31.311  47592.395    30.2849    11.1965     31.000    11.1914    23.0732     3.5582     5.0850     56.107    155.324    158.908   -0.00046    6.34174    9.06297  276.83423   14.37778 4.2142e-01     1.5227     0.7206    83.5149 0.0000e+00
        411 265.427829    0.02844     1.7066    102.397     32.292  47609.896    30.2965    11.1931     32.000    11.1862    23.0828     3.5561     5.0820     56.074    155.231    158.814   -0.00054    6.34172    9.06295  276.83126   14.37759 3.5448e-01     1.4606     0.7032    83.8815 0.0000e+00
        415 265.427843    0.02878     1.7270    103.621     33.322  47640.278    30.3168    11.1860     33.000    11.1801    23.0999     3.5538     5.0788     56.038    155.131    158.715   -0.00068    6.34187    9.06318  276.83339   14.37760 2.9643e-01     1.5004     0.6587    84.8158 0.0000e+00
        420 265.427855    0.02907     1.7442    104.654     34.321  47649.914    30.3228    11.1830     34.000    11.1780    23.1052     3.5498     5.0731     55.974    154.957    158.537   -0.00098    6.34205    9.06342  276.83934   14.37787 2.5044e-01     1.4308     0.6656    84.6708 0.0000e+00
        424 265.427867    0.02936     1.7619    105.716     35.334  47672.426    30.3380    11.1801     35.000    11.1734    23.1174     3.5495     5.0727     55.971    154.941    158.522   -0.00074    6.34182    9.06309  276.82599   14.37717 2.1302e-01     1.3251     0.6633    84.7197 0.0000e+00
        428 265.427880    0.02966     1.7798    106.791     36.340  47714.222    30.3664    11.1739     36.000    11.1666    23.1406     3.5453     5.0665     55.905    154.750    158.331   -0.00098    6.34153    9.06268  276.80711   14.37615 1.8233e-01     1.4457     0.6622    84.7418 0.0000e+00
        433 265.427894    0.03000     1.7999    107.993     37.354  47742.215    30.3850    11.1671     37.000    11.1595    23.1563     3.5416     5.0613     55.846    154.589    158.168   -0.00111    6.34170    9.06292  276.81040   14.37623 1.5758e-01     1.2850     0.6835    84.2943 0.0000e+00
        437 265.427906    0.03031     1.8187    109.120     38.363  47800.791    30.4249    11.1572     38.000    11.1450    23.1891     3.5413     5.0609     55.843    154.570    158.154   -0.00087    6.34144    9.06255  276.79010   14.37510 1.3713e-01     1.2992     0.6839    84.2834 0.0000e+00
        442 265.427919    0.03062     1.8370    110.219     39.373  47834.688    30.4470    11.1441     39.000    11.1370    23.2085     3.5381     5.0563     55.785    154.428    158.012   -0.00100    6.34234    9.06384  276.82416   14.37664 1.2119e-01     1.3751     0.6911    84.1347 0.0000e+00
        446 265.427932    0.03091     1.8548    111.289     40.381  47841.811    30.4513    11.1406     40.000    11.1353    23.2125     3.5436     5.0641     55.870    154.666    158.257   -0.00014    6.34265    9.06428  276.83673   14.37723 1.0817e-01     1.1969     0.6886    84.1853 0.0000e+00
        450 265.427944    0.03121     1.8726    112.354     41.392  47847.290    30.4547    11.1397     41.000    11.1331    23.2153     3.5294     5.0439     55.646    154.048    157.624   -0.00155    6.34263    9.06425  276.83519   14.37714 9.7949e-02     1.2736     0.6740    84.4946 0.0000e+00
        455 265.427956    0.03151     1.8907    113.444     42.401  47861.300    30.4637    11.1354     42.000    11.1290    23.2230     3.5326     5.0485     55.695    154.187    157.768   -0.00113    6.34286    9.06459  276.84306   14.37748 8.9606e-02     1.2970     0.6808    84.3505 0.0000e+00
        459 265.427969    0.03182     1.9089    114.532     43.413  47867.106    30.4672    11.1329     43.000    11.1261    23.2261     3.5261     5.0392     55.590    153.901    157.477   -0.00121    6.34305    9.06485  276.85045   14.37782 8.3255e-02     1.2350     0.6049    85.9671 0.0000e+00
        463 265.427980    0.03209     1.9254    115.525     44.416  47877.471    30.4737    11.1293     44.000    11.1222    23.2319     3.5257     5.0387     55.582    153.884    157.459   -0.00115    6.34329    9.06520  276.85934   14.37822 7.8160e-02     1.2896     0.6162    85.7249 0.0000e+00
        468 265.427994    0.03240     1.9439    116.631     45.433  47891.267    30.4825    11.1249     45.000    11.1175    23.2395     3.5246     5.0370     55.562    153.833    157.408   -0.00084    6.34352    9.06553  276.86760   14.37858 7.3869e-02     1.3408     0.6025    86.0178 0.0000e+00
        472 265.428005    0.03269     1.9615    117.687     46.436  47899.879    30.4879    11.1214     46.000    11.1152    23.2443     3.5195     5.0297     55.480    153.611    157.181   -0.00123    6.34379    9.06590  276.87777   14.37905 7.0633e-02     1.2370     0.6158    85.7314 0.0000e+00
        476 265.428019    0.03302     1.9809    118.852     47.451  47908.052    30.4930    11.1197     47.000    11.1134    23.2486     3.5201     5.0305     55.488    153.635    157.207   -0.00084    6.34380    9.06593  276.87731   14.37900 6.7928e-02     1.2127     0.6086    85.8866 0.0000e+00
        481 265.428032    0.03331     1.9991    119.945     48.457  47916.937    30.4987    11.1181     48.000    11.1118    23.2533     3.5170     5.0261     55.440    153.500    157.069   -0.00094    6.34379    9.06590  276.87525   14.37888 6.5810e-02     1.3404     0.6261    85.5114 0.0000e+00
        485 265.428045    0.03364     2.0183    121.096     49.468  47941.783    30.5155    11.1142     49.000    11.1048    23.2671     3.5125     5.0197     55.370    153.302    156.870   -0.00113    6.34365    9.06571  276.86574   14.37836 6.4120e-02     1.2539     0.6361    85.2995 0.0000e+00
        490 265.428059    0.03396     2.0376    122.256     50.481  47990.654    30.5485    11.1045     50.000    11.0908    23.2944     3.5109     5.0175     55.346    153.230    156.800   -0.00094    6.34364    9.06570  276.85781   14.37785 6.2814e-02     1.2776     0.6580    84.8351 0.0000e+00
        494 265.428071    0.03426     2.0551    123.308     51.485  48073.851    30.6060    11.0968     51.000    11.0912    23.3405     3.5087     5.0144     55.322    153.127    156.701   -0.00097    6.34239    9.06391  276.79079   14.37441 6.1736e-02     1.1819     0.5994    86.0865 0.0000e+00
        499 265.428084    0.03457     2.0745    124.472     52.502  48097.580    30.6217    11.0911     52.000    11.0800    23.3537     3.5084     5.0138     55.314    153.107    156.683   -0.00065    6.34252    9.06410  276.79297   14.37445 6.0873e-02     1.2163     0.5688    86.7435 0.0000e+00
        503 265.428097    0.03487     2.0925    125.553     53.504  48139.773    30.6501    11.0815     53.000    11.0727    23.3774     3.5056     5.0099     55.270    152.984    156.560   -0.00080    6.34269    9.06434  276.79388   14.37438 6.0299e-02     1.1578     0.5804    86.4932 0.0000e+00
