CTD-processing/allCTD/CNV/2020_07-08_alongbay_skb08_cast090_4141.cnv
* Sea-Bird SBE19plus Data File:
* FileName = E:\2020_07-08_AlongBay\2020_07-08_AlongBay_KB_Cast090.hex
* Software Version 1.59
* Temperature SN =  4141
* Conductivity SN =  4141
* System UpLoad Time = Jul 16 2020 14:10:58
** Cook Inlet LTM AlongBay
** Date: 2020_07_08
** Station:08
** Start Time: (AKDT):16:26
** Depth (m):84
** Comment:Lots of swell
** Comment:
# nquan = 27
# nvalues = 80                          
# units = specified
# name 0 = scan: Scan Count
# name 1 = timeJ: Julian Days
# name 2 = timeH: Time, Elapsed [hours]
# name 3 = timeM: Time, Elapsed [minutes]
# name 4 = timeS: Time, Elapsed [seconds]
# name 5 = prdM: Pressure, Strain Gauge [db]
# name 6 = specc: Specific Conductance [uS/cm]
# name 7 = sal00: Salinity, Practical [PSU]
# name 8 = tv290C: Temperature [ITS-90, deg C]
# name 9 = depSM: Depth [salt water, m], lat = 59.00
# name 10 = potemp090C: Potential Temperature [ITS-90, deg C]
# name 11 = sigma-é00: Density [sigma-theta, kg/m^3]
# name 12 = sbeox0ML/L: Oxygen, SBE 43 [ml/l]
# name 13 = sbeox0Mg/L: Oxygen, SBE 43 [mg/l]
# name 14 = sbeox0PS: Oxygen, SBE 43 [% saturation]
# name 15 = sbox0Mm/Kg: Oxygen, SBE 43 [umol/kg]
# name 16 = sbeox0Mm/L: Oxygen, SBE 43 [umol/l]
# name 17 = sbox0dV/dT: Oxygen, SBE 43 [dov/dt]
# name 18 = oxsolML/L: Oxygen Saturation, Garcia & Gordon [ml/l]
# name 19 = oxsolMg/L: Oxygen Saturation, Garcia & Gordon [mg/l]
# name 20 = oxsolMm/Kg: Oxygen Saturation, Garcia & Gordon [umol/kg]
# name 21 = n2satMg/L: Nitrogen Saturation [mg/l]
# name 22 = par: PAR/Irradiance, Biospherical/Licor
# name 23 = wetStar: Fluorescence, WET Labs WETstar [mg/m^3]
# name 24 = CStarAt0: Beam Attenuation, WET Labs C-Star [1/m]
# name 25 = CStarTr0: Beam Transmission, WET Labs C-Star [%]
# name 26 = flag: flag
# span 0 =        257,        616       
# span 1 = 190.685637, 190.686677       
# span 2 =    0.01780,    0.04274       
# span 3 =     1.0681,     2.5646       
# span 4 =     64.084,    153.873       
# span 5 =      1.027,     80.754       
# span 6 =  43631.642,  50362.596       
# span 7 =    27.6263,    31.7235       
# span 8 =     7.2966,    12.4222       
# span 9 =      1.000,     80.000       
# span 10 =     7.2891,    12.4053      
# span 11 =    20.7946,    24.7599      
# span 12 =     6.4551,     7.4821      
# span 13 =     9.2250,    10.6927      
# span 14 =     94.187,    115.031      
# span 15 =    281.319,    326.405      
# span 16 =    288.285,    334.152      
# span 17 =   -0.03785,    0.11737      
# span 18 =    6.28276,    6.85353      
# span 19 =    8.97870,    9.79438      
# span 20 =  274.87231,  298.68336      
# span 21 =   14.29448,   15.41652      
# span 22 = 4.8600e-02, 2.5644e+02      
# span 23 =     0.3439,     5.8809      
# span 24 =     0.6261,     2.3147      
# span 25 =    56.0671,    85.5140      
# span 26 = 0.0000e+00, 0.0000e+00      
# interval = meters: 1                  
# start_time = Jul 08 2020 16:26:15 [Instrument's time stamp, header]
# bad_flag = -9.990e-29
*END*
[from data line 54]
        500 190.686339    0.03464     2.0786    124.717     55.525  50302.090    31.6886     7.5735     55.000     7.5677    24.7347     6.5737     9.3944     96.537    286.494    293.581   -0.00126    6.80951    9.73146  296.77193   15.32523 4.8709e-02     0.3818     1.0611    76.7708 0.0000e+00
        504 190.686352    0.03496     2.0974    125.844     56.544  50298.865    31.6856     7.5719     56.000     7.5634    24.7326     6.5734     9.3940     96.528    286.484    293.569   -0.00093    6.80988    9.73201  296.78908   15.32606 4.8674e-02     0.4093     0.9237    79.3766 0.0000e+00
        508 190.686364    0.03524     2.1141    126.848     57.541  50301.439    31.6857     7.5641     57.000     7.5553    24.7337     6.5696     9.3886     96.454    286.316    293.398   -0.00126    6.81110    9.73374  296.84160   15.32857 4.8653e-02     0.3800     0.9386    79.0845 0.0000e+00
        513 190.686378    0.03557     2.1339    128.036     58.554  50295.763    31.6794     7.5533     58.000     7.5382    24.7303     6.5721     9.3921     96.462    286.424    293.508   -0.00089    6.81306    9.73654  296.92803   15.33272 4.8681e-02     0.3813     0.9417    79.0230 0.0000e+00
        518 190.686392    0.03590     2.1544    129.264     59.569  50309.923    31.6853     7.5319     59.000     7.5216    24.7379     6.5703     9.3895     96.392    286.343    293.427   -0.00110    6.81613    9.74093  297.05960   15.33897 4.8600e-02     0.3877     0.9648    78.5695 0.0000e+00
        522 190.686404    0.03621     2.1724    130.346     60.574  50313.860    31.6861     7.5227     60.000     7.5122    24.7397     6.5635     9.3800     96.275    286.051    293.127   -0.00159    6.81752    9.74292  297.11991   15.34185 4.8696e-02     0.3825     0.9692    78.4810 0.0000e+00
        527 190.686417    0.03651     2.1903    131.420     61.586  50307.993    31.6793     7.5100     61.000     7.4934    24.7362     6.5635     9.3799     96.241    286.048    293.124   -0.00146    6.81981    9.74620  297.22076   15.34669 4.8676e-02     0.3838     0.9749    78.3705 0.0000e+00
        531 190.686428    0.03678     2.2069    132.415     62.594  50298.303    31.6676     7.4832     62.000     7.4594    24.7307     6.5569     9.3704     96.078    285.762    292.829   -0.00210    6.82451    9.75291  297.42716   15.35659 4.8632e-02     0.3949     1.0154    77.5820 0.0000e+00
        535 190.686440    0.03706     2.2241    133.445     63.602  50331.068    31.6854     7.4559     63.000     7.4474    24.7484     6.5488     9.3589     95.911    285.404    292.468   -0.00267    6.82797    9.75786  297.57291   15.36347 4.8659e-02     0.3611     1.0500    76.9134 0.0000e+00
        540 190.686454    0.03741     2.2445    134.671     64.608  50331.313    31.6844     7.4515     64.000     7.4426    24.7482     6.5422     9.3495     95.804    285.117    292.174   -0.00256    6.82872    9.75891  297.60529   15.36502 4.8654e-02     0.3651     1.0643    76.6382 0.0000e+00
        546 190.686473    0.03784     2.2704    136.226     65.634  50328.258    31.6802     7.4422     65.000     7.4307    24.7462     6.5363     9.3411     95.696    284.865    291.914   -0.00233    6.83036    9.76127  297.67744   15.36848 4.8615e-02     0.3695     1.0830    76.2824 0.0000e+00
        550 190.686484    0.03813     2.2876    137.257     66.627  50329.440    31.6783     7.4289     66.000     7.4168    24.7466     6.5352     9.3395     95.648    284.814    291.862   -0.00206    6.83251    9.76434  297.77111   15.37296 4.8739e-02     0.3676     1.1095    75.7771 0.0000e+00
        555 190.686499    0.03847     2.3083    138.499     67.646  50339.132    31.6823     7.4151     67.000     7.4064    24.7515     6.5297     9.3316     95.540    284.573    291.617   -0.00208    6.83450    9.76717  297.85611   15.37700 4.8665e-02     0.3462     1.1155    75.6647 0.0000e+00
        560 190.686513    0.03882     2.3291    139.749     68.651  50320.384    31.6665     7.4021     68.000     7.3841    24.7410     6.5274     9.3283     95.469    284.474    291.513   -0.00200    6.83724    9.77110  297.97876   15.38292 4.8651e-02     0.3532     1.1422    75.1607 0.0000e+00
        565 190.686529    0.03920     2.3519    141.112     69.666  50332.839    31.6699     7.3736     69.000     7.3602    24.7475     6.5225     9.3212     95.335    284.258    291.292   -0.00212    6.84155    9.77725  298.16463   15.39177 4.8690e-02     0.3535     1.2023    74.0397 0.0000e+00
        570 190.686542    0.03951     2.3707    142.243     70.676  50342.508    31.6739     7.3599     70.000     7.3510    24.7525     6.5122     9.3066     95.158    283.809    290.834   -0.00263    6.84352    9.78008  298.24928   15.39579 4.8772e-02     0.3464     1.2611    72.9588 0.0000e+00
        574 190.686555    0.03980     2.3882    143.293     71.678  50343.892    31.6736     7.3556     71.000     7.3465    24.7529     6.5127     9.3073     95.156    283.831    290.857   -0.00216    6.84421    9.78106  298.27908   15.39721 4.8751e-02     0.3523     1.3115    72.0472 0.0000e+00
        579 190.686569    0.04015     2.4090    144.540     72.701  50339.704    31.6689     7.3475     72.000     7.3344    24.7502     6.5053     9.2968     95.027    283.511    290.528   -0.00211    6.84570    9.78318  298.34478   15.40037 4.8674e-02     0.3522     1.3580    71.2132 0.0000e+00
        583 190.686580    0.04042     2.4248    145.486     73.698  50345.976    31.6708     7.3362     73.000     7.3264    24.7533     6.4981     9.2864     94.899    283.194    290.204   -0.00259    6.84739    9.78560  298.41764   15.40384 4.8766e-02     0.3458     1.4669    69.3026 0.0000e+00
        587 190.686592    0.04072     2.4431    146.585     74.711  50353.412    31.6747     7.3312     74.000     7.3243    24.7570     6.4944     9.2811     94.836    283.033    290.040   -0.00219    6.84798    9.78646  298.44240   15.40500 4.8771e-02     0.3534     1.5567    67.7630 0.0000e+00
        592 190.686607    0.04106     2.4637    147.823     75.722  50347.027    31.6693     7.3285     75.000     7.3186    24.7532     6.4787     9.2587     94.598    282.350    289.339   -0.00306    6.84867    9.78743  298.47332   15.40651 4.8749e-02     0.3439     1.6005    67.0242 0.0000e+00
        597 190.686621    0.04141     2.4846    149.073     76.731  50357.548    31.6755     7.3250     76.000     7.3197    24.7586     6.4790     9.2591     94.599    282.362    289.352   -0.00219    6.84892    9.78779  298.48290   15.40694 4.8808e-02     0.3569     1.6185    66.7233 0.0000e+00
        602 190.686635    0.04175     2.5045    150.269     77.743  50345.860    31.6671     7.3260     77.000     7.3137    24.7519     6.4822     9.2637     94.642    282.500    289.493   -0.00133    6.84914    9.78811  298.49448   15.40752 4.8760e-02     0.3649     1.6494    66.2130 0.0000e+00
        607 190.686648    0.04205     2.5230    151.381     78.750  50352.904    31.6693     7.3126     78.000     7.3025    24.7553     6.4796     9.2600     94.577    282.388    289.378   -0.00143    6.85115    9.79098  298.58102   15.41164 4.8843e-02     0.3480     1.8534    62.9195 0.0000e+00
        611 190.686661    0.04237     2.5421    152.528     79.759  50352.245    31.6669     7.3040     79.000     7.2921    24.7546     6.4760     9.2549     94.504    282.231    289.218   -0.00146    6.85261    9.79307  298.64498   15.41470 4.8831e-02     0.3525     2.0429    60.0311 0.0000e+00
        616 190.686677    0.04274     2.5646    153.873     80.754  50362.596    31.6724     7.2966     80.000     7.2891    24.7599     6.4551     9.2250     94.187    281.319    288.285   -0.00284    6.85353    9.79438  298.68336   15.41652 4.8902e-02     0.3555     2.3147    56.0671 0.0000e+00
