CTD-processing/allCTD/CNV/2020_06-04_t9_s06_cast074_4141.cnv
* Sea-Bird SBE19plus Data File:
* FileName = E:\2020_06-04_T9\2020_06-04_AlongBay_T9-0_Cast074.hex
* Software Version 1.59
* Temperature SN =  4141
* Conductivity SN =  4141
* System UpLoad Time = Jul 16 2020 15:37:01
** Cook Inlet LTM T9
** Date: 2020_06_04
** Station:06
** Start Time: (AKDT):12:04
** Depth (m):102
** Comment:
** Comment:
# nquan = 27
# nvalues = 99                          
# units = specified
# name 0 = scan: Scan Count
# name 1 = timeJ: Julian Days
# name 2 = timeH: Time, Elapsed [hours]
# name 3 = timeM: Time, Elapsed [minutes]
# name 4 = timeS: Time, Elapsed [seconds]
# name 5 = prdM: Pressure, Strain Gauge [db]
# name 6 = specc: Specific Conductance [uS/cm]
# name 7 = sal00: Salinity, Practical [PSU]
# name 8 = tv290C: Temperature [ITS-90, deg C]
# name 9 = depSM: Depth [salt water, m], lat = 59.00
# name 10 = potemp090C: Potential Temperature [ITS-90, deg C]
# name 11 = sigma-é00: Density [sigma-theta, kg/m^3]
# name 12 = sbeox0ML/L: Oxygen, SBE 43 [ml/l]
# name 13 = sbeox0Mg/L: Oxygen, SBE 43 [mg/l]
# name 14 = sbeox0PS: Oxygen, SBE 43 [% saturation]
# name 15 = sbox0Mm/Kg: Oxygen, SBE 43 [umol/kg]
# name 16 = sbeox0Mm/L: Oxygen, SBE 43 [umol/l]
# name 17 = sbox0dV/dT: Oxygen, SBE 43 [dov/dt]
# name 18 = oxsolML/L: Oxygen Saturation, Garcia & Gordon [ml/l]
# name 19 = oxsolMg/L: Oxygen Saturation, Garcia & Gordon [mg/l]
# name 20 = oxsolMm/Kg: Oxygen Saturation, Garcia & Gordon [umol/kg]
# name 21 = n2satMg/L: Nitrogen Saturation [mg/l]
# name 22 = par: PAR/Irradiance, Biospherical/Licor
# name 23 = wetStar: Fluorescence, WET Labs WETstar [mg/m^3]
# name 24 = CStarAt0: Beam Attenuation, WET Labs C-Star [1/m]
# name 25 = CStarTr0: Beam Transmission, WET Labs C-Star [%]
# name 26 = flag: flag
# span 0 =        320,        723       
# span 1 = 156.503678, 156.504845       
# span 2 =    0.02214,    0.05016       
# span 3 =     1.3284,     3.0093       
# span 4 =     79.705,    180.560       
# span 5 =      1.022,     99.950       
# span 6 =  46678.353,  51164.877       
# span 7 =    29.4901,    31.8244       
# span 8 =     5.2432,     9.7481       
# span 9 =      1.000,     99.000       
# span 10 =     5.2358,     9.6762      
# span 11 =    22.6932,    25.1325      
# span 12 =     6.8851,     8.5383      
# span 13 =     9.8396,    12.2020      
# span 14 =     95.850,    124.599      
# span 15 =    299.953,    372.105      
# span 16 =    307.491,    381.320      
# span 17 =   -0.02733,    0.04076      
# span 18 =    6.57812,    7.18354      
# span 19 =    9.40078,   10.26600      
# span 20 =  287.25992,  312.95810      
# span 21 =   14.87988,   16.09636      
# span 22 = 4.4148e-02, 4.9711e+02      
# span 23 =     0.6110,     8.9493      
# span 24 =     0.7522,     2.1917      
# span 25 =    57.8171,    82.8569      
# span 26 = 0.0000e+00, 0.0000e+00      
# interval = meters: 1                  
# start_time = Jun 04 2020 12:03:58 [Instrument's time stamp, header]
# bad_flag = -9.990e-29
*END*
        320 156.503678    0.02214     1.3284     79.705      1.022  46678.353    29.4901     9.7481      1.000     9.6762    22.6932     7.6766    10.9705    116.698    335.228    342.836   -0.00473    6.57812    9.40078  287.25992   14.87988 4.9711e+02     0.6275     1.4622    69.3796 0.0000e+00
        324 156.503689    0.02244     1.3464     80.782      2.018  46937.464    29.6326     9.4401      2.000     9.1912    22.8519     7.6910    10.9912    116.229    335.805    343.479   -0.00641    6.61711    9.45651  288.91791   14.95854 3.0974e+02     0.6110     1.3734    70.9428 0.0000e+00
        328 156.503702    0.02274     1.3645     81.873      3.033  47505.575    29.9635     8.9353      3.000     8.7548    23.1868     7.6631    10.9514    114.758    334.479    342.235   -0.01482    6.67765    9.54303  291.46575   15.07893 1.9680e+02     0.7236     1.2794    72.6267 0.0000e+00
        332 156.503713    0.02301     1.3803     82.817      4.038  47801.611    30.1192     8.5702      4.000     8.3651    23.3623     7.7361    11.0557    115.020    337.607    345.495   -0.01082    6.72584    9.61191  293.51887   15.17635 1.3304e+02     1.1571     1.2558    73.0560 0.0000e+00
        336 156.503724    0.02326     1.3957     83.740      5.045  48184.814    30.3353     8.2176      5.000     8.0917    23.5822     7.8060    11.1556    115.302    340.584    348.615   -0.00569    6.77003    9.67506  295.38398   15.26452 9.0072e+01     1.6276     1.2364    73.4116 0.0000e+00
        340 156.503735    0.02353     1.4118     84.708      6.061  48395.356    30.4431     7.9610      6.000     7.7910    23.7028     7.7818    11.1209    114.358    339.486    347.534   -0.01012    6.80479    9.72473  296.86541   15.33479 6.2493e+01     2.2708     1.2407    73.3321 0.0000e+00
        343 156.503745    0.02376     1.4258     85.548      7.065  48843.220    30.7085     7.6652      7.000     7.5322    23.9518     7.7015    11.0063    112.612    335.904    343.950   -0.01871    6.83897    9.77357  298.28387   15.40139 4.4333e+01     2.9957     1.1931    74.2100 0.0000e+00
        347 156.503755    0.02401     1.4404     86.423      8.071  49249.673    30.9653     7.5062      8.000     7.5058    24.1751     7.6070    10.8711    111.012    331.708    339.727   -0.02577    6.85237    9.79271  298.80294   15.42510 3.2138e+01     3.3938     1.1831    74.3966 0.0000e+00
        351 156.503766    0.02429     1.4571     87.427      9.088  49356.190    31.0430     7.5307      9.000     7.5661    24.2329     7.6466    10.9277    111.710    333.416    341.496   -0.01611    6.84503    9.78223  298.46633   15.40872 2.3014e+01     4.5440     1.1743    74.5605 0.0000e+00
        354 156.503777    0.02453     1.4719     88.313     10.097  49413.544    31.0927     7.5933     10.000     7.6171    24.2633     7.7735    11.1090    113.764    338.940    347.164    0.00052    6.83303    9.76507  297.93383   15.38311 1.6188e+01     5.1643     1.2119    73.8619 0.0000e+00
        358 156.503787    0.02477     1.4864     89.183     11.097  49517.385    31.1700     7.6262     11.000     7.6202    24.3196     7.9278    11.3296    116.168    345.648    354.054    0.01536    6.82442    9.75278  297.54268   15.36413 1.1746e+01     5.5929     1.2366    73.4070 0.0000e+00
        362 156.503799    0.02507     1.5044     90.267     12.121  49797.896    31.3589     7.5883     12.000     7.5528    24.4731     8.0953    11.5689    118.665    352.897    361.534    0.02706    6.82191    9.74918  297.38822   15.35598 8.3351e+00     6.8836     1.2149    73.8064 0.0000e+00
        366 156.503810    0.02532     1.5193     91.157     13.121  49995.803    31.4873     7.5322     13.000     7.4978    24.5816     8.2203    11.7475    120.444    358.307    367.115    0.03086    6.82492    9.75349  297.48825   15.36023 6.0498e+00     7.3426     1.2002    74.0788 0.0000e+00
        369 156.503820    0.02558     1.5346     92.074     14.136  50083.002    31.5379     7.4735     14.000     7.4301    24.6294     8.3905    11.9909    122.814    365.712    374.719    0.03769    6.83183    9.76336  297.77553   15.37373 4.4192e+00     7.4913     1.2124    73.8532 0.0000e+00
        373 156.503830    0.02581     1.5487     92.922     15.135  50029.849    31.4840     7.3758     15.000     7.2467    24.6004     8.5345    12.1967    124.599    372.001    381.151    0.04076    6.84956    9.78871  298.55666   15.41122 3.2425e+00     8.7518     1.2221    73.6745 0.0000e+00
        377 156.503842    0.02610     1.5664     93.982     16.153  50328.778    31.6590     7.1837     16.000     7.1887    24.7638     8.5383    12.2020    124.249    372.105    381.320    0.02828    6.87194    9.82069  299.48444   15.45478 2.4313e+00     8.6615     1.2205    73.7031 0.0000e+00
        381 156.503854    0.02639     1.5834     95.006     17.167  50376.022    31.7001     7.2334     17.000     7.2313    24.7895     8.3809    11.9771    122.131    365.237    374.291    0.00787    6.86224    9.80682  299.05430   15.43409 1.7807e+00     7.3840     1.1798    74.4565 0.0000e+00
        384 156.503864    0.02663     1.5974     95.843     18.164  50290.144    31.6334     7.1963     18.000     7.1498    24.7419     8.2749    11.8256    120.430    360.632    369.554   -0.00516    6.87110    9.81948  299.45418   15.45344 1.3439e+00     8.8193     1.1604    74.8194 0.0000e+00
        389 156.503876    0.02692     1.6149     96.895     19.179  50317.155    31.6353     7.1015     19.000     7.0598    24.7561     8.2558    11.7983    119.893    359.798    368.705   -0.00827    6.88602    9.84081  300.10036   15.48425 1.0021e+00     8.9493     1.1614    74.8017 0.0000e+00
        393 156.503889    0.02723     1.6340     98.043     20.197  50358.796    31.6492     7.0180     20.000     6.9897    24.7780     8.2363    11.7705    119.389    358.937    367.831   -0.00793    6.89865    9.85886  300.64441   15.51015 7.4635e-01     8.6527     1.1640    74.7490 0.0000e+00
        397 156.503900    0.02748     1.6490     98.937     21.197  50335.999    31.6229     6.9616     21.000     6.9050    24.7648     8.1447    11.6395    117.887    354.949    363.739   -0.01542    6.90884    9.87343  301.09231   15.53162 5.6990e-01     8.2659     1.0984    75.9887 0.0000e+00
        401 156.503911    0.02776     1.6657     99.940     22.204  50419.967    31.6644     6.8691     22.000     6.8298    24.8094     8.0416    11.4922    116.180    350.443    359.138   -0.02182    6.92172    9.89183  301.64046   15.55760 4.4314e-01     7.6192     1.0527    76.8624 0.0000e+00
        406 156.503926    0.02812     1.6869    101.215     23.223  50467.453    31.6765     6.7555     23.000     6.7161    24.8336     7.9402    11.3473    114.422    346.015    354.608   -0.02522    6.93941    9.91711  302.40412   15.59397 3.4555e-01     7.0880     0.9869    78.1372 0.0000e+00
        410 156.503938    0.02841     1.7045    102.271     24.229  50500.228    31.6872     6.6916     24.000     6.6468    24.8503     7.8526    11.2222    113.000    342.193    350.697   -0.02732    6.94921    9.93111  302.82605   15.61404 2.7034e-01     6.2299     0.9760    78.3495 0.0000e+00
        414 156.503950    0.02870     1.7218    103.309     25.232  50547.118    31.7020     6.5973     25.000     6.5603    24.8740     7.7826    11.1222    111.759    339.137    347.572   -0.02733    6.96377    9.95193  303.45391   15.64391 2.1465e-01     6.1680     0.9669    78.5278 0.0000e+00
        419 156.503965    0.02904     1.7424    104.544     26.254  50601.914    31.7266     6.5275     26.000     6.5079    24.9023     7.7008    11.0052    110.423    335.561    343.918   -0.02706    6.97394    9.96645  303.88853   15.66454 1.7290e-01     5.5216     0.9162    79.5302 0.0000e+00
        423 156.503976    0.02930     1.7581    105.487     27.257  50606.471    31.7231     6.4944     27.000     6.4623    24.9037     7.6537    10.9380    109.661    333.511    341.817   -0.02510    6.97947    9.97436  304.12908   15.67601 1.4101e-01     5.0535     0.9503    78.8539 0.0000e+00
        427 156.503986    0.02955     1.7732    106.392     28.260  50591.272    31.6998     6.4283     28.000     6.3658    24.8936     7.6081    10.8728    108.823    331.528    339.780   -0.02432    6.99130    9.99127  304.64762   15.70084 1.1735e-01     5.6339     0.9011    79.8299 0.0000e+00
        431 156.503999    0.02986     1.7914    107.487     29.281  50682.410    31.7377     6.2967     29.000     6.2595    24.9398     7.5562    10.7986    107.775    329.248    337.460   -0.02382    7.01106   10.01950  305.49502   15.74107 9.9913e-02     5.5046     0.8917    80.0186 0.0000e+00
        435 156.504010    0.03012     1.8072    108.431     30.287  50721.568    31.7548     6.2464     30.000     6.2235    24.9595     7.4925    10.7075    106.753    326.465    334.614   -0.02426    7.01850   10.03014  305.81351   15.75618 8.7091e-02     4.3217     1.0432    77.0876 0.0000e+00
        438 156.504020    0.03037     1.8219    109.315     31.291  50740.400    31.7607     6.2122     31.000     6.1954    24.9684     7.4267    10.6135    105.736    323.596    331.676   -0.02487    7.02385   10.03779  306.04392   15.76714 7.7371e-02     4.1126     1.2533    73.1106 0.0000e+00
        442 156.504032    0.03065     1.8389    110.336     32.306  50742.445    31.7562     6.1834     32.000     6.1606    24.9683     7.3776    10.5434    104.963    321.458    329.485   -0.02345    7.02880   10.04485  306.25942   15.77743 6.9689e-02     4.6579     1.2809    72.6007 0.0000e+00
        446 156.504043    0.03092     1.8556    111.337     33.315  50699.064    31.7139     6.1226     33.000     6.0631    24.9423     7.3594    10.5174    104.527    320.676    328.674   -0.02008    7.04080   10.06199  306.78978   15.80288 6.4026e-02     4.4483     1.2643    72.9019 0.0000e+00
        450 156.504055    0.03120     1.8718    112.310     34.322  50788.308    31.7563     6.0259     34.000     5.9990    24.9876     7.3256    10.4690    103.839    319.186    327.162   -0.01919    7.05481   10.08203  307.38685   15.83116 5.9752e-02     4.1963     1.2876    72.4778 0.0000e+00
        454 156.504067    0.03149     1.8893    113.357     35.336  50827.786    31.7747     5.9828     35.000     5.9687    25.0072     7.2800    10.4038    103.100    317.193    325.125   -0.01865    7.06108   10.09099  307.65408   15.84382 5.6357e-02     3.3791     1.3415    71.5090 0.0000e+00
        458 156.504078    0.03177     1.9057    114.341     36.342  50868.340    31.7996     5.9690     36.000     5.9663    25.0285     7.2386    10.3447    102.498    315.384    323.277   -0.01767    7.06221   10.09261  307.69701   15.84576 5.3833e-02     3.3412     1.2633    72.9224 0.0000e+00
        462 156.504090    0.03203     1.9222    115.334     37.354  50870.367    31.8004     5.9687     37.000     5.9632    25.0292     7.2107    10.3049    102.103    314.169    322.032   -0.01573    7.06222   10.09261  307.69723   15.84577 5.1890e-02     3.0204     1.2115    73.8698 0.0000e+00
        466 156.504101    0.03231     1.9385    116.309     38.362  50815.663    31.7580     5.9480     38.000     5.9071    24.9982     7.1911    10.2769    101.748    313.324    321.157   -0.01395    7.06764   10.10036  307.94266   15.85763 5.0317e-02     2.7760     1.2382    73.3781 0.0000e+00
        470 156.504112    0.03258     1.9547    117.281     39.369  50836.766    31.7567     5.8704     39.000     5.8360    25.0064     7.1617    10.2348    101.145    312.039    319.842   -0.01406    7.08064   10.11894  308.50657   15.88451 4.9185e-02     2.4896     1.2526    73.1149 0.0000e+00
        474 156.504124    0.03287     1.9718    118.307     40.383  50897.435    31.7887     5.8228     40.000     5.8142    25.0373     7.1324    10.1930    100.641    310.755    318.535   -0.01375    7.08705   10.12811  308.77705   15.89726 4.8164e-02     2.5450     1.3111    72.0548 0.0000e+00
        478 156.504136    0.03314     1.9884    119.304     41.392  50903.533    31.7906     5.8139     41.000     5.8080    25.0399     7.1158    10.1691    100.385    310.026    317.789   -0.01179    7.08846   10.13011  308.83734   15.90013 4.7370e-02     2.0715     1.1358    75.3562 0.0000e+00
        482 156.504146    0.03340     2.0043    120.256     42.397  50904.244    31.7896     5.8086     42.000     5.8026    25.0398     7.1057    10.1548    100.231    309.589    317.341   -0.01011    7.08938   10.13144  308.87776   15.90206 4.6725e-02     2.2063     0.8968    79.9531 0.0000e+00
        486 156.504159    0.03370     2.0220    121.320     43.413  50904.343    31.7880     5.8029     43.000     5.7961    25.0392     7.1088    10.1592    100.259    309.724    317.479   -0.00735    7.09043   10.13293  308.92339   15.90424 4.6312e-02     2.0685     0.7788    82.3113 0.0000e+00
        490 156.504171    0.03398     2.0390    122.337     44.419  50904.428    31.7860     5.7953     44.000     5.7879    25.0385     7.1091    10.1596    100.244    309.735    317.491   -0.00558    7.09178   10.13486  308.98236   15.90705 4.5942e-02     2.0236     0.7852    82.1769 0.0000e+00
        495 156.504184    0.03430     2.0578    123.467     45.427  50912.836    31.7903     5.7897     45.000     5.7861    25.0425     7.1047    10.1534    100.173    309.547    317.299   -0.00455    7.09253   10.13593  309.01380   15.90853 4.5550e-02     1.9216     0.9618    78.6466 0.0000e+00
        500 156.504198    0.03464     2.0785    124.713     46.449  50913.879    31.7907     5.7911     46.000     5.7864    25.0428     7.1097    10.1605    100.245    309.761    317.517   -0.00287    7.09226   10.13554  309.00180   15.90797 4.5298e-02     1.7347     0.8645    80.5567 0.0000e+00
        503 156.504208    0.03489     2.0933    125.595     47.447  50888.821    31.7709     5.7810     47.000     5.7631    25.0283     7.1068    10.1564    100.168    309.641    317.391   -0.00259    7.09491   10.13933  309.12191   15.91377 4.5208e-02     2.0554     1.1742    74.6142 0.0000e+00
        507 156.504220    0.03516     2.1094    126.561     48.453  50895.945    31.7704     5.7567     48.000     5.7388    25.0308     7.0993    10.1455    100.003    309.310    317.052   -0.00310    7.09900   10.14518  309.29924   15.92222 4.4979e-02     1.8090     1.2872    72.4885 0.0000e+00
        512 156.504232    0.03548     2.1286    127.715     49.478  50891.209    31.7587     5.7170     49.000     5.6955    25.0261     7.1019    10.1494     99.940    309.427    317.170   -0.00267    7.10620   10.15546  309.61414   15.93727 4.4788e-02     1.6711     1.2562    73.0494 0.0000e+00
        515 156.504243    0.03571     2.1431    128.587     50.479  50923.780    31.7756     5.6921     50.000     5.6839    25.0425     7.0933    10.1370     99.771    309.048    316.787   -0.00311    7.10958   10.16030  309.75678   15.94399 4.4809e-02     1.5457     1.1682    74.7226 0.0000e+00
        519 156.504252    0.03594     2.1566    129.395     51.481  50929.431    31.7780     5.6868     51.000     5.6804    25.0449     7.0848    10.1250     99.642    308.679    316.410   -0.00344    7.11036   10.16141  309.78975   15.94556 4.4770e-02     1.4365     0.8202    81.4565 0.0000e+00
        523 156.504264    0.03622     2.1731    130.383     52.495  50931.088    31.7777     5.6820     52.000     5.6759    25.0452     7.0833    10.1226     99.607    308.609    316.338   -0.00286    7.11118   10.16259  309.82587   15.94727 4.4572e-02     1.6693     0.7898    82.0818 0.0000e+00
        527 156.504277    0.03653     2.1914    131.482     53.509  50923.765    31.7709     5.6762     53.000     5.6641    25.0406     7.0865    10.1274     99.635    308.752    316.484   -0.00202    7.11247   10.16442  309.88309   15.95003 4.4552e-02     1.9598     0.7812    82.2611 0.0000e+00
