CTD-processing/allCTD/CNV/2020_02-06_alongbay_kb10_cast004_4141.cnv
* Sea-Bird SBE19plus Data File:
* FileName = C:\Users\Chris\Desktop\EVOSTC GWA LTM\CTD Data\2020_02-06_AlongBay\2019_02-06_AlongBay_KB_Cast004.hex
* Software Version 1.59
* Temperature SN =  4141
* Conductivity SN =  4141
* System UpLoad Time = Feb 12 2020 10:31:09
** Cook Inlet LTM Along Bay
** Date: 2019_02-06
** Station:KB10
** Start Time: (AKST):11:01
** Depth (m):66
** Comment:
** Comment:
# nquan = 27
# nvalues = 64                          
# units = specified
# name 0 = scan: Scan Count
# name 1 = timeJ: Julian Days
# name 2 = timeH: Time, Elapsed [hours]
# name 3 = timeM: Time, Elapsed [minutes]
# name 4 = timeS: Time, Elapsed [seconds]
# name 5 = prdM: Pressure, Strain Gauge [db]
# name 6 = specc: Specific Conductance [uS/cm]
# name 7 = sal00: Salinity, Practical [PSU]
# name 8 = tv290C: Temperature [ITS-90, deg C]
# name 9 = depSM: Depth [salt water, m], lat = 59.00
# name 10 = potemp090C: Potential Temperature [ITS-90, deg C]
# name 11 = sigma-é00: Density [sigma-theta, kg/m^3]
# name 12 = sbeox0ML/L: Oxygen, SBE 43 [ml/l]
# name 13 = sbeox0Mg/L: Oxygen, SBE 43 [mg/l]
# name 14 = sbeox0PS: Oxygen, SBE 43 [% saturation]
# name 15 = sbox0Mm/Kg: Oxygen, SBE 43 [umol/kg]
# name 16 = sbeox0Mm/L: Oxygen, SBE 43 [umol/l]
# name 17 = sbox0dV/dT: Oxygen, SBE 43 [dov/dt]
# name 18 = oxsolML/L: Oxygen Saturation, Garcia & Gordon [ml/l]
# name 19 = oxsolMg/L: Oxygen Saturation, Garcia & Gordon [mg/l]
# name 20 = oxsolMm/Kg: Oxygen Saturation, Garcia & Gordon [umol/kg]
# name 21 = n2satMg/L: Nitrogen Saturation [mg/l]
# name 22 = par: PAR/Irradiance, Biospherical/Licor
# name 23 = wetStar: Fluorescence, WET Labs WETstar [mg/m^3]
# name 24 = CStarAt0: Beam Attenuation, WET Labs C-Star [1/m]
# name 25 = CStarTr0: Beam Transmission, WET Labs C-Star [%]
# name 26 = flag: flag
# span 0 =        110,        583       
# span 1 =  37.459298,  37.460667       
# span 2 =    0.00760,    0.04044       
# span 3 =     0.4559,     2.4262       
# span 4 =     27.356,    145.571       
# span 5 =      1.005,     64.581       
# span 6 =  51649.269,  51819.279       
# span 7 =    31.4579,    31.5095       
# span 8 =     1.8056,     2.4393       
# span 9 =      1.000,     64.000       
# span 10 =     1.9822,     2.4391      
# span 11 =    25.1222,    25.1486      
# span 12 =     6.6790,     7.2923      
# span 13 =     9.5449,    10.4213      
# span 14 =     85.232,     94.038      
# span 15 =    290.974,    317.686      
# span 16 =    298.283,    325.672      
# span 17 =   -0.00139,    0.09986      
# span 18 =    7.70970,    7.83822      
# span 19 =   11.01793,   11.20161      
# span 20 =  335.87004,  341.47697      
# span 21 =   17.18689,   17.45315      
# span 22 = 3.6170e-02, 4.2470e+01      
# span 23 =     0.3413,     0.4531      
# span 24 =     0.5842,     4.1171      
# span 25 =    50.6057,    85.3829      
# span 26 = 0.0000e+00, 0.0000e+00      
# interval = meters: 1                  
# start_time = Feb 06 2020 11:00:56 [Instrument's time stamp, header]
# bad_flag = -9.990e-29
*END*
        110  37.459298    0.00760     0.4559     27.356      1.005  51819.279    31.4597     1.8056      1.000     1.9822    25.1486     6.6790     9.5449     85.232    290.974    298.283    0.03845    7.83822   11.20161  341.47697   17.45315 4.2470e+01     0.4299     4.1171    50.6057 0.0000e+00
        262  37.459738    0.01815     1.0889     65.334      2.018  51682.895    31.4579     2.1475      2.000     2.1758    25.1244     7.2032    10.2941     92.712    313.811    321.695    0.09986    7.76928   11.10308  338.47196   17.31062 4.0809e+01     0.3476     0.5842    85.3829 0.0000e+00
        263  37.459741    0.01822     1.0934     65.605      3.030  51691.802    31.4831     2.2160      3.000     2.2366    25.1395     7.2923    10.4213     94.038    317.686    325.672    0.08053    7.75457   11.08205  337.82616   17.27986 3.1620e+01     0.3478     0.6528    84.9414 0.0000e+00
        268  37.459754    0.01854     1.1125     66.752      4.035  51657.060    31.4681     2.2475      4.000     2.2529    25.1253     7.2135    10.3088     93.087    314.258    322.154    0.05565    7.74921   11.07439  337.59727   17.26905 2.7563e+01     0.3748     0.6473    85.0588 0.0000e+00
        273  37.459768    0.01888     1.1329     67.975      5.050  51649.269    31.4653     2.2576      5.000     2.2581    25.1222     7.1254    10.1829     91.971    310.421    318.220    0.03502    7.74739   11.07179  337.51914   17.26536 2.4774e+01     0.4042     0.6465    85.0752 0.0000e+00
        278  37.459782    0.01921     1.1523     69.139      6.053  51653.874    31.4681     2.2586      6.000     2.2598    25.1244     7.0658    10.0978     91.207    307.826    315.560    0.02197    7.74703   11.07128  337.50273   17.26457 2.1911e+01     0.4246     0.6469    85.0675 0.0000e+00
        283  37.459797    0.01957     1.1742     70.454      7.069  51660.245    31.4733     2.2639      7.000     2.2653    25.1282     7.0296    10.0460     90.754    306.245    313.941    0.01329    7.74573   11.06943  337.44511   17.26181 1.9040e+01     0.4448     0.6468    85.0706 0.0000e+00
        288  37.459811    0.01991     1.1946     71.678      8.072  51660.243    31.4738     2.2674      8.000     2.2683    25.1284     7.0140    10.0238     90.563    305.570    313.248    0.00862    7.74502   11.06841  337.41396   17.26033 1.6460e+01     0.4496     0.6523    84.9533 0.0000e+00
        293  37.459827    0.02031     1.2182     73.091      9.091  51660.123    31.4741     2.2705      9.000     2.2702    25.1283     6.9900     9.9894     90.258    304.522    312.173    0.00446    7.74441   11.06754  337.38757   17.25908 1.4015e+01     0.4531     0.6498    85.0058 0.0000e+00
        298  37.459841    0.02062     1.2374     74.244     10.088  51662.288    31.4751     2.2710     10.000     2.2708    25.1291     6.9853     9.9827     90.200    304.316    311.964    0.00283    7.74425   11.06730  337.37996   17.25871 1.1874e+01     0.4450     0.6565    84.8646 0.0000e+00
        304  37.459858    0.02105     1.2629     75.772     11.109  51665.484    31.4768     2.2716     11.000     2.2718    25.1305     7.0002    10.0040     90.395    304.966    312.630    0.00289    7.74404   11.06701  337.37051   17.25826 1.0153e+01     0.4466     0.6479    85.0457 0.0000e+00
        309  37.459874    0.02141     1.2845     77.072     12.111  51669.764    31.4802     2.2752     12.000     2.2757    25.1329     6.9844     9.9814     90.202    304.277    311.924    0.00099    7.74315   11.06573  337.33083   17.25636 8.4696e+00     0.4426     0.6637    84.7114 0.0000e+00
        315  37.459890    0.02180     1.3078     78.470     13.123  51665.050    31.4769     2.2766     13.000     2.2758    25.1302     6.9990    10.0023     90.392    304.915    312.578    0.00153    7.74305   11.06559  337.32743   17.25621 7.1591e+00     0.4370     0.6638    84.7092 0.0000e+00
        321  37.459907    0.02222     1.3332     79.995     14.136  51667.293    31.4780     2.2771     14.000     2.2768    25.1310     6.9965     9.9987     90.360    304.804    312.464    0.00090    7.74289   11.06537  337.32058   17.25588 6.0260e+00     0.4272     0.6650    84.6839 0.0000e+00
        326  37.459921    0.02255     1.3530     81.183     15.141  51671.368    31.4806     2.2785     15.000     2.2792    25.1330     6.9911     9.9910     90.295    304.569    312.224    0.00025    7.74250   11.06480  337.30245   17.25501 5.0422e+00     0.4224     0.6742    84.4895 0.0000e+00
        331  37.459935    0.02289     1.3732     82.392     16.152  51669.446    31.4796     2.2815     16.000     2.2813    25.1320     6.9892     9.9883     90.277    304.488    312.141    0.00005    7.74196   11.06404  337.27968   17.25393 4.2386e+00     0.4199     0.6806    84.3545 0.0000e+00
        336  37.459950    0.02324     1.3942     83.654     17.160  51669.210    31.4793     2.2826     17.000     2.2817    25.1316     6.9922     9.9925     90.317    304.614    312.270    0.00016    7.74177   11.06376  337.27122   17.25354 3.5551e+00     0.4167     0.6794    84.3791 0.0000e+00
        341  37.459964    0.02359     1.4158     84.946     18.173  51668.462    31.4780     2.2819     18.000     2.2803    25.1307     6.9907     9.9905     90.296    304.553    312.207   -0.00003    7.74197   11.06405  337.28037   17.25397 2.9668e+00     0.4178     0.6792    84.3846 0.0000e+00
        345  37.459978    0.02391     1.4348     86.089     19.178  51671.402    31.4791     2.2808     19.000     2.2803    25.1317     6.9886     9.9874     90.268    304.460    312.112   -0.00023    7.74212   11.06427  337.28673   17.25427 2.4859e+00     0.4101     0.6810    84.3451 0.0000e+00
        350  37.459992    0.02426     1.4554     87.326     20.190  51671.960    31.4793     2.2820     20.000     2.2815    25.1318     6.9862     9.9841     90.240    304.357    312.007   -0.00043    7.74187   11.06391  337.27570   17.25374 2.0877e+00     0.4202     0.6789    84.3897 0.0000e+00
        355  37.460007    0.02461     1.4771     88.624     21.199  51673.160    31.4800     2.2835     21.000     2.2831    25.1322     6.9892     9.9883     90.282    304.486    312.139   -0.00010    7.74155   11.06345  337.26143   17.25306 1.7540e+00     0.4185     0.6774    84.4217 0.0000e+00
        361  37.460022    0.02498     1.4988     89.931     22.210  51676.894    31.4826     2.2855     22.000     2.2866    25.1341     6.9924     9.9928     90.329    304.623    312.279    0.00004    7.74103   11.06270  337.23796   17.25194 1.4649e+00     0.4124     0.6794    84.3788 0.0000e+00
        366  37.460037    0.02532     1.5188     91.126     23.218  51674.098    31.4819     2.2915     23.000     2.2916    25.1330     6.9927     9.9933     90.346    304.637    312.294    0.00011    7.73989   11.06108  337.18892   17.24962 1.2253e+00     0.4110     0.6891    84.1739 0.0000e+00
        370  37.460050    0.02565     1.5393     92.360     24.229  51679.863    31.4863     2.2954     24.000     2.2976    25.1363     6.9967     9.9989     90.409    304.810    312.471    0.00032    7.73889   11.05965  337.14430   17.24748 1.0258e+00     0.4008     0.6899    84.1585 0.0000e+00
        375  37.460065    0.02599     1.5598     93.586     25.236  51672.308    31.4825     2.3018     25.000     2.3008    25.1328     6.9972     9.9996     90.428    304.832    312.493    0.00038    7.73784   11.05815  337.09988   17.24539 8.5947e-01     0.4057     0.6999    83.9484 0.0000e+00
        380  37.460079    0.02635     1.5808     94.849     26.248  51674.055    31.4835     2.3030     26.000     2.3025    25.1335     6.9805     9.9758     90.216    304.105    311.749   -0.00091    7.73757   11.05776  337.08763   17.24480 7.1735e-01     0.4009     0.7043    83.8562 0.0000e+00
        386  37.460094    0.02672     1.6027     96.162     27.257  51669.718    31.4799     2.3026     27.000     2.2996    25.1307     6.9806     9.9759     90.213    304.110    311.753   -0.00075    7.73783   11.05814  337.10024   17.24542 6.0237e-01     0.3969     0.7047    83.8488 0.0000e+00
        391  37.460109    0.02706     1.6236     97.417     28.264  51674.438    31.4816     2.2991     28.000     2.2972    25.1323     6.9871     9.9852     90.291    304.392    312.043   -0.00024    7.73841   11.05896  337.12469   17.24657 5.0305e-01     0.3978     0.7059    83.8211 0.0000e+00
        396  37.460124    0.02743     1.6456     98.738     29.276  51674.205    31.4804     2.2976     29.000     2.2947    25.1315     6.9854     9.9829     90.265    304.320    311.969   -0.00030    7.73878   11.05949  337.14101   17.24735 4.2211e-01     0.4031     0.7062    83.8153 0.0000e+00
        402  37.460141    0.02782     1.6692    100.149     30.284  51677.905    31.4815     2.2943     30.000     2.2923    25.1326     6.9865     9.9844     90.272    304.367    312.016   -0.00026    7.73937   11.06032  337.16604   17.24853 3.5406e-01     0.4067     0.6928    84.0962 0.0000e+00
        407  37.460157    0.02821     1.6927    101.561     31.296  51678.849    31.4810     2.2925     31.000     2.2904    25.1324     6.9902     9.9898     90.316    304.531    312.185   -0.00005    7.73974   11.06086  337.18251   17.24932 2.9713e-01     0.4064     0.6868    84.2242 0.0000e+00
        413  37.460173    0.02860     1.7159    102.951     32.304  51680.350    31.4812     2.2913     32.000     2.2891    25.1326     6.9938     9.9949     90.360    304.687    312.344    0.00014    7.73996   11.06117  337.19203   17.24977 2.5082e-01     0.4045     0.6844    84.2742 0.0000e+00
        419  37.460190    0.02900     1.7398    104.390     33.315  51681.277    31.4806     2.2889     33.000     2.2866    25.1323     7.0000    10.0036     90.433    304.953    312.617    0.00039    7.74045   11.06188  337.21352   17.25079 2.1134e-01     0.4132     0.6842    84.2772 0.0000e+00
        424  37.460205    0.02935     1.7613    105.678     34.325  51687.015    31.4836     2.2879     34.000     2.2882    25.1348     6.9957     9.9976     90.378    304.769    312.429   -0.00006    7.74050   11.06195  337.21489   17.25085 1.7856e-01     0.4051     0.6840    84.2824 0.0000e+00
        429  37.460219    0.02970     1.7821    106.923     35.334  51703.408    31.4976     2.3004     35.000     2.3089    25.1451     6.9996    10.0030     90.465    304.931    312.599    0.00033    7.73732   11.05740  337.07283   17.24404 1.5157e-01     0.4161     0.6851    84.2584 0.0000e+00
        434  37.460233    0.03004     1.8022    108.130     36.340  51675.543    31.4838     2.3196     36.000     2.3178    25.1326     7.0058    10.0121     90.581    305.210    312.881    0.00085    7.73432   11.05312  336.94629   17.23809 1.2882e-01     0.4051     0.6938    84.0768 0.0000e+00
        439  37.460248    0.03040     1.8237    109.421     37.354  51680.394    31.4871     2.3217     37.000     2.3213    25.1351     6.9959     9.9978     90.459    304.775    312.435   -0.00003    7.73373   11.05228  336.91994   17.23683 1.1000e-01     0.4112     0.6943    84.0661 0.0000e+00
        444  37.460262    0.03074     1.8447    110.682     38.360  51678.087    31.4860     2.3251     38.000     2.3234    25.1340     6.9809     9.9764     90.272    304.122    311.766   -0.00102    7.73313   11.05142  336.89413   17.23561 9.4456e-02     0.4032     0.6943    84.0655 0.0000e+00
        449  37.460278    0.03112     1.8672    112.031     39.373  51670.640    31.4797     2.3225     39.000     2.3168    25.1291     6.9835     9.9801     90.297    304.238    311.883   -0.00066    7.73396   11.05261  336.93196   17.23743 8.1823e-02     0.3948     0.6960    84.0310 0.0000e+00
        454  37.460293    0.03148     1.8888    113.326     40.382  51687.980    31.4893     2.3171     40.000     2.3187    25.1372     6.9877     9.9862     90.345    304.421    312.072   -0.00037    7.73450   11.05337  336.95264   17.23837 7.1217e-02     0.4089     0.6934    84.0836 0.0000e+00
        460  37.460309    0.03185     1.9108    114.646     41.390  51682.605    31.4879     2.3267     41.000     2.3261    25.1353     6.9889     9.9879     90.382    304.473    312.126   -0.00007    7.73272   11.05082  336.87558   17.23472 6.3007e-02     0.3996     0.6957    84.0363 0.0000e+00
        465  37.460325    0.03225     1.9350    116.101     42.399  51683.573    31.4888     2.3295     42.000     2.3291    25.1359     6.9793     9.9742     90.264    304.054    311.697   -0.00068    7.73212   11.04997  336.84951   17.23348 5.6204e-02     0.3955     0.6951    84.0479 0.0000e+00
        471  37.460343    0.03267     1.9604    117.625     43.414  51683.589    31.4898     2.3348     43.000     2.3358    25.1363     6.9798     9.9749     90.283    304.077    311.720   -0.00044    7.73103   11.04842  336.80177   17.23121 5.0666e-02     0.3945     0.6950    84.0519 0.0000e+00
        477  37.460358    0.03303     1.9816    118.893     44.417  51693.366    31.5002     2.3506     44.000     2.3558    25.1435     6.9751     9.9682     90.265    303.869    311.510   -0.00043    7.72741   11.04325  336.64192   17.22358 4.6205e-02     0.3964     0.7202    83.5247 0.0000e+00
        482  37.460373    0.03341     2.0048    120.290     45.432  51692.566    31.5050     2.3713     45.000     2.3768    25.1457     6.9732     9.9655     90.290    303.787    311.426   -0.00018    7.72314   11.03714  336.45494   17.21468 4.2371e-02     0.3792     0.7479    82.9455 0.0000e+00
        487  37.460389    0.03376     2.0258    121.546     46.437  51676.548    31.4972     2.3840     46.000     2.3838    25.1386     6.9730     9.9652     90.311    303.779    311.415   -0.00008    7.72109   11.03421  336.36800   17.21058 3.9351e-02     0.3911     0.7837    82.2079 0.0000e+00
        492  37.460403    0.03412     2.0471    122.828     47.452  51673.986    31.4963     2.3886     47.000     2.3868    25.1375     6.9526     9.9360     90.057    302.891    310.505   -0.00139    7.72024   11.03299  336.33131   17.20885 3.6878e-02     0.3712     0.8034    81.8042 0.0000e+00
        497  37.460417    0.03444     2.0663    123.979     48.455  51675.435    31.4970     2.3898     48.000     2.3883    25.1380     6.9624     9.9500     90.187    303.318    310.943   -0.00041    7.71997   11.03262  336.31965   17.20829 3.6183e-02     0.3636     0.8195    81.4745 0.0000e+00
        503  37.460433    0.03483     2.0898    125.385     49.470  51678.747    31.5000     2.3941     49.000     2.3945    25.1400     6.9478     9.9291     90.009    302.679    310.288   -0.00130    7.71898   11.03120  336.27578   17.20619 3.6170e-02     0.3661     0.8267    81.3298 0.0000e+00
        508  37.460448    0.03519     2.1116    126.694     50.480  51670.835    31.4961     2.4013     50.000     2.3979    25.1364     6.9595     9.9458     90.174    303.188    310.809   -0.00011    7.71780   11.02950  336.22531   17.20381 3.6170e-02     0.3665     0.8510    80.8360 0.0000e+00
        512  37.460461    0.03552     2.1312    127.871     51.483  51676.568    31.4994     2.4010     51.000     2.4000    25.1390     6.9621     9.9496     90.210    303.304    310.929    0.00008    7.71767   11.02932  336.21896   17.20350 3.6170e-02     0.3651     0.8622    80.6106 0.0000e+00
        518  37.460478    0.03591     2.1549    129.294     52.499  51675.092    31.4991     2.4055     52.000     2.4040    25.1385     6.9497     9.9319     90.060    302.765    310.376   -0.00065    7.71681   11.02808  336.18139   17.20172 3.6170e-02     0.3673     0.8657    80.5401 0.0000e+00
        524  37.460494    0.03630     2.1777    130.662     53.509  51677.766    31.5016     2.4100     53.000     2.4098    25.1402     6.9455     9.9258     90.016    302.579    310.186   -0.00100    7.71581   11.02667  336.13764   17.19963 3.6170e-02     0.3533     0.8775    80.3021 0.0000e+00
