CTD-processing/allCTD/CNV/2020_07-24_t6_s02_cast117_4141.cnv
* Sea-Bird SBE19plus Data File:
* FileName = E:\2020_07-24_T6\2020_07-24_T6_S0_cast117.hex
* Software Version 1.59
* Temperature SN =  4141
* Conductivity SN =  4141
* System UpLoad Time = Jul 28 2020 14:49:05
** Cook Inlet LTM T6
** Date: 2020_07-24
** Station:S02
** Start Time: (AKDT):09:30
** Depth (m):50
** Comment:
** Comment:
# nquan = 27
# nvalues = 45                          
# units = specified
# name 0 = scan: Scan Count
# name 1 = timeJ: Julian Days
# name 2 = timeH: Time, Elapsed [hours]
# name 3 = timeM: Time, Elapsed [minutes]
# name 4 = timeS: Time, Elapsed [seconds]
# name 5 = prdM: Pressure, Strain Gauge [db]
# name 6 = specc: Specific Conductance [uS/cm]
# name 7 = sal00: Salinity, Practical [PSU]
# name 8 = tv290C: Temperature [ITS-90, deg C]
# name 9 = depSM: Depth [salt water, m], lat = 59.00
# name 10 = potemp090C: Potential Temperature [ITS-90, deg C]
# name 11 = sigma-é00: Density [sigma-theta, kg/m^3]
# name 12 = sbeox0ML/L: Oxygen, SBE 43 [ml/l]
# name 13 = sbeox0Mg/L: Oxygen, SBE 43 [mg/l]
# name 14 = sbeox0PS: Oxygen, SBE 43 [% saturation]
# name 15 = sbox0Mm/Kg: Oxygen, SBE 43 [umol/kg]
# name 16 = sbeox0Mm/L: Oxygen, SBE 43 [umol/l]
# name 17 = sbox0dV/dT: Oxygen, SBE 43 [dov/dt]
# name 18 = oxsolML/L: Oxygen Saturation, Garcia & Gordon [ml/l]
# name 19 = oxsolMg/L: Oxygen Saturation, Garcia & Gordon [mg/l]
# name 20 = oxsolMm/Kg: Oxygen Saturation, Garcia & Gordon [umol/kg]
# name 21 = n2satMg/L: Nitrogen Saturation [mg/l]
# name 22 = par: PAR/Irradiance, Biospherical/Licor
# name 23 = wetStar: Fluorescence, WET Labs WETstar [mg/m^3]
# name 24 = CStarAt0: Beam Attenuation, WET Labs C-Star [1/m]
# name 25 = CStarTr0: Beam Transmission, WET Labs C-Star [%]
# name 26 = flag: flag
# span 0 =        301,        501       
# span 1 = 206.397025, 206.397604       
# span 2 =    0.02082,    0.03472       
# span 3 =     1.2497,     2.0833       
# span 4 =     74.979,    125.000       
# span 5 =      1.021,     45.395       
# span 6 =  49874.513,  49960.714       
# span 7 =    31.6458,    31.6853       
# span 8 =     9.0317,     9.1224       
# span 9 =      1.000,     45.000       
# span 10 =     9.0276,     9.1170      
# span 11 =    24.4786,    24.5170      
# span 12 =     5.8791,     5.9152      
# span 13 =     8.4018,     8.4534      
# span 14 =     89.215,     89.888      
# span 15 =    256.276,    257.862      
# span 16 =    262.559,    264.173      
# span 17 =   -0.00190,    0.00256      
# span 18 =    6.57764,    6.58971      
# span 19 =    9.40010,    9.41735      
# span 20 =  286.73797,  287.25456      
# span 21 =   14.84611,   14.87070      
# span 22 = 1.6868e-01, 6.5762e+01      
# span 23 =     1.5051,     1.6547      
# span 24 =     0.3478,     0.6506      
# span 25 =    84.9884,    91.6716      
# span 26 = 0.0000e+00, 0.0000e+00      
# interval = meters: 1                  
# start_time = Jul 24 2020 09:30:28 [Instrument's time stamp, header]
# bad_flag = -9.990e-29
*END*
        301 206.397025    0.02082     1.2497     74.979      1.021  49899.008    31.6665     9.1099      1.000     9.1170    24.4920     5.8971     8.4275     89.636    257.067    263.363    0.00198    6.57891    9.40192  286.79013   14.84855 6.5762e+01     1.5051     0.6485    85.0331 0.0000e+00
        306 206.397039    0.02116     1.2698     76.190      2.018  49878.429    31.6534     9.1224      2.000     9.1141    24.4798     5.9124     8.4495     89.888    257.742    264.051    0.00256    6.57764    9.40010  286.73797   14.84611 4.5637e+01     1.5200     0.6499    85.0039 0.0000e+00
        310 206.397053    0.02149     1.2894     77.362      3.043  49874.513    31.6458     9.0920      3.000     9.0662    24.4786     5.9152     8.4534     89.864    257.862    264.173    0.00216    6.58239    9.40689  286.94541   14.85605 3.4231e+01     1.5358     0.6506    84.9884 0.0000e+00
        314 206.397064    0.02175     1.3049     78.295      4.029  49917.328    31.6716     9.0637      4.000     9.0594    24.5031     5.9035     8.4367     89.645    257.344    263.649   -0.00030    6.58545    9.41127  287.07194   14.86200 3.1249e+01     1.5582     0.6437    85.1345 0.0000e+00
        320 206.397079    0.02212     1.3277     79.661      5.065  49925.313    31.6762     9.0599      5.000     9.0598    24.5073     5.8947     8.4242     89.507    256.962    263.259   -0.00077    6.58580    9.41177  287.08614   14.86266 2.5560e+01     1.5337     0.5526    87.1274 0.0000e+00
        323 206.397089    0.02236     1.3420     80.518      6.046  49926.526    31.6767     9.0611      6.000     9.0621    24.5076     5.8873     8.4136     89.397    256.639    262.928   -0.00190    6.58561    9.41149  287.07766   14.86226 2.2901e+01     1.5283     0.4741    88.8317 0.0000e+00
        328 206.397103    0.02270     1.3621     81.724      7.078  49920.444    31.6724     9.0638      7.000     9.0599    24.5038     5.8946     8.4239     89.510    256.955    263.251   -0.00021    6.58538    9.41117  287.06886   14.86185 2.0473e+01     1.5713     0.4454    89.4612 0.0000e+00
        332 206.397115    0.02299     1.3791     82.745      8.068  49928.149    31.6771     9.0617      8.000     9.0627    24.5078     5.8862     8.4120     89.382    256.592    262.881   -0.00133    6.58550    9.41134  287.07290   14.86202 1.8493e+01     1.5708     0.4654    89.0208 0.0000e+00
        337 206.397130    0.02334     1.4005     84.030      9.095  49921.568    31.6719     9.0610      9.000     9.0552    24.5039     5.8886     8.4154     89.413    256.695    262.984   -0.00047    6.58582    9.41179  287.08795   14.86277 1.6118e+01     1.5891     0.4548    89.2521 0.0000e+00
        341 206.397141    0.02361     1.4168     85.009     10.091  49932.485    31.6784     9.0557     10.000     9.0561    24.5098     5.8867     8.4127     89.378    256.611    262.902   -0.00088    6.58632    9.41251  287.10808   14.86370 1.4418e+01     1.5683     0.3992    90.5047 0.0000e+00
        346 206.397155    0.02393     1.4358     86.147     11.106  49932.962    31.6790     9.0602     11.000     9.0625    24.5096     5.8923     8.4207     89.472    256.855    263.151    0.00002    6.58563    9.41153  287.07831   14.86227 1.2696e+01     1.5720     0.3648    91.2834 0.0000e+00
        350 206.397166    0.02423     1.4535     87.210     12.111  49932.676    31.6796     9.0694     12.000     9.0734    24.5087     5.8885     8.4151     89.432    256.688    262.979   -0.00031    6.58427    9.40957  287.01874   14.85942 1.1211e+01     1.5844     0.3682    91.2056 0.0000e+00
        355 206.397182    0.02457     1.4744     88.465     13.122  49923.815    31.6741     9.0776     13.000     9.0768    24.5031     5.8982     8.4291     89.593    257.114    263.414    0.00065    6.58331    9.40820  286.97860   14.85753 9.9258e+00     1.6276     0.3934    90.6327 0.0000e+00
        360 206.397196    0.02492     1.4954     89.725     14.138  49923.383    31.6737     9.0796     14.000     9.0790    24.5025     5.8929     8.4214     89.516    256.880    263.174   -0.00006    6.58302    9.40781  286.96666   14.85696 8.6601e+00     1.6459     0.3956    90.5822 0.0000e+00
        364 206.397207    0.02520     1.5118     90.706     15.139  49925.425    31.6749     9.0815     15.000     9.0818    24.5031     5.8961     8.4262     89.571    257.024    263.322    0.00016    6.58269    9.40732  286.95180   14.85624 7.6004e+00     1.6169     0.4440    89.4986 0.0000e+00
        368 206.397220    0.02551     1.5306     91.835     16.148  49923.282    31.6736     9.0863     16.000     9.0864    24.5015     5.8992     8.4307     89.627    257.160    263.462    0.00038    6.58205    9.40641  286.92438   14.85494 6.6914e+00     1.6508     0.5217    87.7765 0.0000e+00
        373 206.397234    0.02584     1.5505     93.032     17.170  49922.273    31.6733     9.0924     17.000     9.0935    24.5003     5.8994     8.4309     89.642    257.170    263.471    0.00040    6.58117    9.40515  286.88618   14.85311 5.8663e+00     1.6335     0.5384    87.4093 0.0000e+00
        377 206.397244    0.02608     1.5650     93.900     18.164  49914.752    31.6680     9.0953     18.000     9.0896    24.4957     5.8995     8.4310     89.645    257.173    263.473    0.00010    6.58098    9.40488  286.87941   14.85281 5.1406e+00     1.6266     0.3978    90.5425 0.0000e+00
        381 206.397256    0.02636     1.5817     94.904     19.180  49922.622    31.6719     9.0870     19.000     9.0816    24.5002     5.9041     8.4376     89.701    257.374    263.679    0.00050    6.58202    9.40636  286.92339   14.85490 4.5258e+00     1.6547     0.3613    91.3643 0.0000e+00
        385 206.397268    0.02667     1.5997     95.983     20.187  49929.448    31.6755     9.0812     20.000     9.0773    24.5037     5.8955     8.4252     89.560    256.994    263.291   -0.00064    6.58271    9.40736  286.95249   14.85627 3.9815e+00     1.6243     0.3621    91.3445 0.0000e+00
        390 206.397282    0.02699     1.6196     97.175     21.202  49928.152    31.6738     9.0785     21.000     9.0718    24.5028     5.8941     8.4233     89.533    256.936    263.232   -0.00068    6.58319    9.40804  286.97366   14.85729 3.4999e+00     1.5948     0.3569    91.4639 0.0000e+00
        394 206.397295    0.02730     1.6379     98.275     22.214  49930.504    31.6730     9.0648     22.000     9.0575    24.5044     5.8889     8.4159     89.427    256.710    263.000   -0.00117    6.58522    9.41093  287.06150   14.86149 3.0412e+00     1.5835     0.3547    91.5142 0.0000e+00
        398 206.397306    0.02756     1.6534     99.206     23.210  49948.881    31.6853     9.0633     23.000     9.0664    24.5142     5.8877     8.4141     89.411    256.651    262.943   -0.00121    6.58491    9.41049  287.04527   14.86067 2.6774e+00     1.5844     0.3548    91.5132 0.0000e+00
        403 206.397321    0.02794     1.6760    100.561     24.234  49936.399    31.6778     9.0752     24.000     9.0705    24.5065     5.8891     8.4161     89.452    256.715    263.006   -0.00050    6.58350    9.40847  286.98582   14.85786 2.3636e+00     1.5552     0.3561    91.4828 0.0000e+00
        408 206.397335    0.02826     1.6959    101.755     25.237  49937.317    31.6768     9.0669     25.000     9.0625    24.5070     5.8864     8.4122     89.395    256.598    262.887   -0.00079    6.58475    9.41027  287.04044   14.86047 2.0744e+00     1.5967     0.3536    91.5398 0.0000e+00
        412 206.397348    0.02856     1.7138    102.829     26.245  49929.029    31.6697     9.0609     26.000     9.0510    24.5024     5.8848     8.4099     89.353    256.529    262.814   -0.00092    6.58593    9.41196  287.09336   14.86303 1.8166e+00     1.5917     0.4022    90.4532 0.0000e+00
        417 206.397361    0.02889     1.7331    103.987     27.258  49948.102    31.6817     9.0539     27.000     9.0538    24.5129     5.8884     8.4151     89.402    256.683    262.975   -0.00048    6.58646    9.41271  287.11317   14.86393 1.6021e+00     1.5939     0.4144    90.1716 0.0000e+00
        422 206.397375    0.02922     1.7528    105.167     28.264  49943.710    31.6788     9.0588     28.000     9.0564    24.5100     5.8879     8.4144     89.402    256.663    262.953   -0.00028    6.58586    9.41185  287.08769   14.86273 1.4024e+00     1.5522     0.3597    91.3995 0.0000e+00
        426 206.397387    0.02952     1.7714    106.281     29.280  49942.045    31.6771     9.0585     29.000     9.0547    24.5087     5.8889     8.4158     89.415    256.705    262.996   -0.00023    6.58597    9.41202  287.09329   14.86300 1.2305e+00     1.5730     0.3598    91.3974 0.0000e+00
        430 206.397399    0.02979     1.7874    107.243     30.282  49937.587    31.6731     9.0553     30.000     9.0483    24.5061     5.8935     8.4224     89.477    256.907    263.202    0.00013    6.58661    9.41293  287.12198   14.86439 1.0831e+00     1.5727     0.3546    91.5172 0.0000e+00
        434 206.397411    0.03009     1.8051    108.308     31.294  49947.430    31.6789     9.0505     31.000     9.0486    24.5113     5.8908     8.4186     89.430    256.791    263.085   -0.00019    6.58707    9.41357  287.14002   14.86523 9.5187e-01     1.5568     0.3519    91.5787 0.0000e+00
        439 206.397425    0.03041     1.8244    109.464     32.305  49943.704    31.6761     9.0522     32.000     9.0476    24.5089     5.8817     8.4056     89.294    256.393    262.677   -0.00108    6.58694    9.41339  287.13522   14.86501 8.3788e-01     1.5844     0.3514    91.5896 0.0000e+00
        443 206.397437    0.03072     1.8436    110.614     33.310  49943.553    31.6752     9.0498     33.000     9.0433    24.5086     5.8823     8.4064     89.298    256.421    262.706   -0.00093    6.58733    9.41396  287.15248   14.86584 7.3368e-01     1.5916     0.3526    91.5627 0.0000e+00
        449 206.397453    0.03109     1.8654    111.924     34.328  49951.280    31.6792     9.0427     34.000     9.0405    24.5128     5.8847     8.4098     89.321    256.522    262.810   -0.00043    6.58820    9.41520  287.18923   14.86758 6.4501e-01     1.5822     0.3517    91.5837 0.0000e+00
        453 206.397465    0.03139     1.8834    113.001     35.326  49951.950    31.6799     9.0478     35.000     9.0462    24.5126     5.8826     8.4069     89.301    256.432    262.718   -0.00055    6.58742    9.41409  287.15526   14.86595 5.6729e-01     1.5848     0.3517    91.5828 0.0000e+00
        458 206.397481    0.03177     1.9057    114.341     36.350  49938.524    31.6701     9.0478     36.000     9.0357    24.5049     5.8913     8.4193     89.427    256.813    263.107    0.00033    6.58784    9.41468  287.17560   14.86697 5.0112e-01     1.5864     0.3480    91.6662 0.0000e+00
        463 206.397494    0.03209     1.9253    115.521     37.347  49953.691    31.6782     9.0330     37.000     9.0276    24.5135     5.8866     8.4125     89.330    256.603    262.893   -0.00035    6.58967    9.41729  287.25289   14.87063 4.4252e-01     1.5995     0.3484    91.6589 0.0000e+00
        469 206.397511    0.03248     1.9491    116.943     38.370  49960.454    31.6823     9.0317     38.000     9.0301    24.5170     5.8828     8.4071     89.273    256.439    262.726   -0.00069    6.58967    9.41729  287.25189   14.87057 3.8826e-01     1.5685     0.3504    91.6135 0.0000e+00
        474 206.397526    0.03284     1.9703    118.217     39.373  49955.083    31.6785     9.0347     39.000     9.0299    24.5136     5.8826     8.4069     89.274    256.432    262.718   -0.00050    6.58939    9.41690  287.24091   14.87005 3.4388e-01     1.5580     0.3478    91.6716 0.0000e+00
        479 206.397540    0.03317     1.9900    119.399     40.378  49957.179    31.6792     9.0323     40.000     9.0277    24.5145     5.8791     8.4018     89.215    256.276    262.559   -0.00079    6.58971    9.41735  287.25456   14.87070 3.0263e-01     1.5320     0.3517    91.5828 0.0000e+00
        483 206.397552    0.03347     2.0087    120.519     41.399  49960.139    31.6810     9.0331     41.000     9.0304    24.5158     5.8856     8.4112     89.319    256.564    262.855   -0.00010    6.58954    9.41710  287.24649   14.87031 2.6813e-01     1.5475     0.3499    91.6238 0.0000e+00
        487 206.397564    0.03376     2.0256    121.537     42.396  49957.910    31.6793     9.0353     42.000     9.0309    24.5141     5.8891     8.4161     89.374    256.714    263.007    0.00029    6.58928    9.41674  287.23589   14.86981 2.3834e-01     1.5702     0.3504    91.6116 0.0000e+00
        492 206.397577    0.03408     2.0444    122.664     43.410  49958.609    31.6793     9.0354     43.000     9.0306    24.5142     5.8893     8.4164     89.377    256.723    263.016    0.00024    6.58926    9.41671  287.23490   14.86977 2.1153e-01     1.5281     0.3486    91.6540 0.0000e+00
        497 206.397592    0.03442     2.0650    123.901     44.425  49958.971    31.6789     9.0340     44.000     9.0289    24.5141     5.8854     8.4109     89.316    256.556    262.845   -0.00033    6.58947    9.41703  287.24448   14.87022 1.8906e-01     1.5672     0.3490    91.6466 0.0000e+00
        501 206.397604    0.03472     2.0833    125.000     45.395  49960.714    31.6797     9.0335     45.000     9.0287    24.5147     5.8804     8.4037     89.239    256.336    262.619   -0.00081    6.58953    9.41709  287.24654   14.87032 1.6868e-01     1.5466     0.3491    91.6435 0.0000e+00
