CTD-processing/allCTD/CNV/2020_02-06_alongbay_kb03_cast011_4141.cnv
* Sea-Bird SBE19plus Data File:
* FileName = C:\Users\Chris\Desktop\EVOSTC GWA LTM\CTD Data\2020_02-06_AlongBay\2019_02-06_AlongBay_KB_Cast011.hex
* Software Version 1.59
* Temperature SN =  4141
* Conductivity SN =  4141
* System UpLoad Time = Feb 12 2020 10:45:37
** Cook Inlet LTM Along Bay
** Date: 2019_02-06
** Station:KB03
** Start Time: (AKST):12:51
** Depth (m):112
** Comment:
** Comment:
# nquan = 27
# nvalues = 108                         
# units = specified
# name 0 = scan: Scan Count
# name 1 = timeJ: Julian Days
# name 2 = timeH: Time, Elapsed [hours]
# name 3 = timeM: Time, Elapsed [minutes]
# name 4 = timeS: Time, Elapsed [seconds]
# name 5 = prdM: Pressure, Strain Gauge [db]
# name 6 = specc: Specific Conductance [uS/cm]
# name 7 = sal00: Salinity, Practical [PSU]
# name 8 = tv290C: Temperature [ITS-90, deg C]
# name 9 = depSM: Depth [salt water, m], lat = 59.00
# name 10 = potemp090C: Potential Temperature [ITS-90, deg C]
# name 11 = sigma-é00: Density [sigma-theta, kg/m^3]
# name 12 = sbeox0ML/L: Oxygen, SBE 43 [ml/l]
# name 13 = sbeox0Mg/L: Oxygen, SBE 43 [mg/l]
# name 14 = sbeox0PS: Oxygen, SBE 43 [% saturation]
# name 15 = sbox0Mm/Kg: Oxygen, SBE 43 [umol/kg]
# name 16 = sbeox0Mm/L: Oxygen, SBE 43 [umol/l]
# name 17 = sbox0dV/dT: Oxygen, SBE 43 [dov/dt]
# name 18 = oxsolML/L: Oxygen Saturation, Garcia & Gordon [ml/l]
# name 19 = oxsolMg/L: Oxygen Saturation, Garcia & Gordon [mg/l]
# name 20 = oxsolMm/Kg: Oxygen Saturation, Garcia & Gordon [umol/kg]
# name 21 = n2satMg/L: Nitrogen Saturation [mg/l]
# name 22 = par: PAR/Irradiance, Biospherical/Licor
# name 23 = wetStar: Fluorescence, WET Labs WETstar [mg/m^3]
# name 24 = CStarAt0: Beam Attenuation, WET Labs C-Star [1/m]
# name 25 = CStarTr0: Beam Transmission, WET Labs C-Star [%]
# name 26 = flag: flag
# span 0 =        150,       1054       
# span 1 =  37.535893,  37.538510       
# span 2 =    0.01032,    0.07311       
# span 3 =     0.6189,     4.3868       
# span 4 =     37.137,    263.208       
# span 5 =      1.003,    109.040       
# span 6 =  51444.430,  51795.563       
# span 7 =    31.6689,    31.8411       
# span 8 =     3.1442,     4.3961       
# span 9 =      1.000,    108.000       
# span 10 =     3.3114,     4.3891      
# span 11 =    25.1872,    25.3216      
# span 12 =     6.4303,     6.8294      
# span 13 =     9.1894,     9.7600      
# span 14 =     85.066,     91.342      
# span 15 =    280.082,    297.510      
# span 16 =    287.174,    305.004      
# span 17 =   -0.00115,    0.00299      
# span 18 =    7.33044,    7.56032      
# span 19 =   10.47593,   10.80445      
# span 20 =  319.32093,  329.30391      
# span 21 =   16.39906,   16.87382      
# span 22 = 3.6170e-02, 4.7059e+01      
# span 23 =     0.3819,     0.5186      
# span 24 =     0.1857,     5.5065      
# span 25 =    39.1875,    91.6131      
# span 26 = 0.0000e+00, 0.0000e+00      
# interval = meters: 1                  
# start_time = Feb 06 2020 12:51:04 [Instrument's time stamp, header]
# bad_flag = -9.990e-29
*END*
        150  37.535893    0.01032     0.6189     37.137      1.003  51795.563    31.8034     3.1442      1.000     3.3114    25.3216     6.4303     9.1894     85.066    280.082    287.174    0.00010    7.56032   10.80445  329.30391   16.87382 3.4423e+01     0.4671     5.5065    39.1875 0.0000e+00
        572  37.537115    0.03963     2.3780    142.680      2.013  51471.012    31.6695     3.4644      2.000     3.4554    25.1872     6.8294     9.7600     90.967    297.510    305.004   -0.00073    7.50740   10.72883  327.04351   16.76695 4.7059e+01     0.4071     0.1857    91.6131 0.0000e+00
        553  37.537060    0.03834     2.3006    138.035      3.026  51488.765    31.6764     3.4476      3.000     3.4481    25.1942     6.8163     9.7411     90.760    296.934    304.414    0.00019    7.51019   10.73282  327.16273   16.77259 3.7214e+01     0.4142     0.4793    88.7076 0.0000e+00
        558  37.537075    0.03868     2.3208    139.245      4.042  51488.952    31.6765     3.4497      4.000     3.4495    25.1941     6.8078     9.7290     90.652    296.564    304.036   -0.00051    7.50981   10.73227  327.14568   16.77177 3.0269e+01     0.4389     0.4775    88.7487 0.0000e+00
        562  37.537087    0.03899     2.3392    140.353      5.049  51488.071    31.6753     3.4492      5.000     3.4486    25.1932     6.8136     9.7374     90.728    296.820    304.298   -0.00012    7.50998   10.73250  327.15350   16.77215 2.6169e+01     0.4470     0.4750    88.8040 0.0000e+00
        567  37.537100    0.03929     2.3575    141.450      6.051  51489.483    31.6759     3.4496      6.000     3.4493    25.1936     6.8124     9.7356     90.713    296.766    304.243   -0.00023    7.50985   10.73233  327.14810   16.77190 2.3181e+01     0.4583     0.4787    88.7200 0.0000e+00
        572  37.537115    0.03966     2.3798    142.786      7.070  51488.288    31.6743     3.4489      7.000     3.4472    25.1924     6.8200     9.7465     90.812    297.098    304.582    0.00034    7.51006   10.73263  327.15746   16.77234 2.0667e+01     0.4652     0.4700    88.9131 0.0000e+00
        577  37.537130    0.04000     2.3999    143.996      8.075  51490.290    31.6743     3.4454      8.000     3.4444    25.1928     6.8132     9.7366     90.712    296.798    304.275   -0.00032    7.51071   10.73356  327.18556   16.77368 1.8115e+01     0.4810     0.4730    88.8466 0.0000e+00
        582  37.537145    0.04037     2.4217    145.304      9.087  51493.306    31.6756     3.4446      9.000     3.4441    25.1939     6.8149     9.7391     90.734    296.872    304.351   -0.00023    7.51079   10.73367  327.18871   16.77382 1.5935e+01     0.4903     0.4700    88.9147 0.0000e+00
        587  37.537159    0.04070     2.4422    146.531     10.091  51511.887    31.6889     3.4490     10.000     3.4580    25.2040     6.8164     9.7413     90.773    296.936    304.419   -0.00001    7.50929   10.73153  327.12035   16.77052 1.3998e+01     0.4748     0.4758    88.7851 0.0000e+00
        592  37.537174    0.04107     2.4643    147.856     11.113  51484.663    31.6745     3.4678     11.000     3.4646    25.1910     6.8246     9.7530     90.915    297.296    304.785    0.00072    7.50656   10.72762  327.00528   16.76511 1.2218e+01     0.4695     0.4765    88.7692 0.0000e+00
        596  37.537186    0.04134     2.4805    148.830     12.111  51494.099    31.6795     3.4638     12.000     3.4637    25.1952     6.8158     9.7405     90.792    296.913    304.395   -0.00010    7.50704   10.72831  327.02499   16.76602 1.0599e+01     0.4698     0.4852    88.5760 0.0000e+00
        600  37.537197    0.04162     2.4970    149.819     13.119  51488.116    31.6743     3.4615     13.000     3.4591    25.1913     6.8080     9.7293     90.679    296.573    304.044   -0.00080    7.50773   10.72930  327.05610   16.76752 9.2261e+00     0.4599     0.4872    88.5331 0.0000e+00
        605  37.537212    0.04196     2.5178    151.067     14.137  51504.088    31.6852     3.4638     14.000     3.4679    25.1998     6.8047     9.7246     90.648    296.428    303.898   -0.00089    7.50676   10.72791  327.01122   16.76535 8.0866e+00     0.4709     0.4781    88.7340 0.0000e+00
        609  37.537223    0.04225     2.5352    152.112     15.144  51495.786    31.6814     3.4730     15.000     3.4737    25.1959     6.8145     9.7386     90.796    296.856    304.335    0.00014    7.50526   10.72577  326.94707   16.76232 6.9928e+00     0.4887     0.4834    88.6183 0.0000e+00
        613  37.537235    0.04252     2.5509    153.057     16.148  51490.156    31.6775     3.4747     16.000     3.4727    25.1927     6.8125     9.7357     90.771    296.768    304.244   -0.00008    7.50514   10.72560  326.94298   16.76214 6.0521e+00     0.4683     0.4879    88.5158 0.0000e+00
        618  37.537248    0.04285     2.5709    154.252     17.160  51492.628    31.6778     3.4714     17.000     3.4700    25.1933     6.8090     9.7307     90.717    296.615    304.087   -0.00038    7.50572   10.72642  326.96804   16.76332 5.3005e+00     0.4671     0.4799    88.6936 0.0000e+00
        623  37.537263    0.04319     2.5918    155.511     18.182  51498.103    31.6811     3.4720     18.000     3.4720    25.1959     6.8002     9.7182     90.604    296.233    303.697   -0.00096    7.50544   10.72604  326.95541   16.76271 4.5756e+00     0.4628     0.4841    88.6014 0.0000e+00
        627  37.537273    0.04344     2.6065    156.391     19.170  51495.094    31.6789     3.4731     19.000     3.4723    25.1940     6.8030     9.7222     90.642    296.356    303.822   -0.00072    7.50536   10.72591  326.95192   16.76256 3.9826e+00     0.4592     0.4912    88.4445 0.0000e+00
        632  37.537287    0.04379     2.6271    157.627     20.194  51497.941    31.6808     3.4754     20.000     3.4757    25.1953     6.8121     9.7353     90.771    296.754    304.230    0.00019    7.50482   10.72515  326.92854   16.76144 3.4570e+00     0.4689     0.4795    88.7044 0.0000e+00
        636  37.537300    0.04409     2.6452    158.714     21.201  51489.041    31.6748     3.4775     21.000     3.4725    25.1904     6.8028     9.7218     90.646    296.346    303.811   -0.00059    7.50475   10.72504  326.92681   16.76138 2.9987e+00     0.4636     0.4879    88.5159 0.0000e+00
        640  37.537312    0.04438     2.6627    159.762     22.206  51491.998    31.6736     3.4671     22.000     3.4622    25.1904     6.8028     9.7219     90.623    296.349    303.814   -0.00065    7.50674   10.72788  327.01345   16.76550 2.6125e+00     0.4609     0.4855    88.5691 0.0000e+00
        644  37.537325    0.04468     2.6812    160.871     23.221  51488.852    31.6689     3.4587     23.000     3.4518    25.1873     6.8043     9.7240     90.622    296.414    303.880   -0.00060    7.50852   10.73043  327.09187   16.76925 2.2653e+00     0.4680     0.4777    88.7432 0.0000e+00
        649  37.537337    0.04498     2.6988    161.925     24.225  51516.790    31.6867     3.4560     24.000     3.4609    25.2017     6.8078     9.7290     90.672    296.562    304.036   -0.00029    7.50813   10.72986  327.07015   16.76814 1.9780e+00     0.4693     0.4758    88.7847 0.0000e+00
        653  37.537351    0.04531     2.7182    163.092     25.244  51499.535    31.6776     3.4685     25.000     3.4670    25.1934     6.8212     9.7482     90.874    297.149    304.635    0.00083    7.50627   10.72720  326.99173   16.76445 1.7113e+00     0.4666     0.4789    88.7164 0.0000e+00
        658  37.537363    0.04561     2.7365    164.192     26.244  51498.131    31.6758     3.4671     26.000     3.4637    25.1921     6.8184     9.7442     90.833    297.029    304.511    0.00043    7.50661   10.72770  327.00733   16.76521 1.4961e+00     0.4666     0.4796    88.7018 0.0000e+00
        663  37.537378    0.04597     2.7584    165.505     27.273  51517.430    31.6872     3.4629     27.000     3.4693    25.2016     6.8027     9.7218     90.621    296.342    303.811   -0.00090    7.50681   10.72799  327.01313   16.76543 1.2804e+00     0.5026     0.4766    88.7665 0.0000e+00
        667  37.537389    0.04623     2.7736    166.414     28.255  51509.761    31.6854     3.4781     28.000     3.4805    25.1988     6.8065     9.7272     90.704    296.507    303.979   -0.00046    7.50409   10.72410  326.89550   16.75985 1.1226e+00     0.4697     0.4888    88.4965 0.0000e+00
        672  37.537405    0.04660     2.7956    167.739     29.290  51507.348    31.6851     3.4856     29.000     3.4870    25.1979     6.8121     9.7352     90.795    296.752    304.229    0.00027    7.50274   10.72217  326.83670   16.75705 9.6864e-01     0.4744     0.4850    88.5800 0.0000e+00
        676  37.537417    0.04689     2.8132    168.790     30.283  51500.065    31.6808     3.4903     30.000     3.4886    25.1941     6.8029     9.7221     90.681    296.352    303.818   -0.00049    7.50207   10.72121  326.80875   16.75574 8.4920e-01     0.4604     0.4904    88.4619 0.0000e+00
        681  37.537431    0.04723     2.8338    170.028     31.300  51497.188    31.6780     3.4890     31.000     3.4846    25.1920     6.8023     9.7211     90.667    296.323    303.788   -0.00046    7.50248   10.72180  326.82727   16.75664 7.3134e-01     0.4522     0.4882    88.5096 0.0000e+00
        686  37.537444    0.04755     2.8532    171.191     32.301  51499.923    31.6779     3.4830     32.000     3.4799    25.1924     6.7962     9.7125     90.573    296.060    303.518   -0.00091    7.50358   10.72337  326.87522   16.75891 6.4037e-01     0.4508     0.4812    88.6659 0.0000e+00
        691  37.537460    0.04793     2.8755    172.531     33.311  51507.387    31.6822     3.4821     33.000     3.4814    25.1959     6.7984     9.7156     90.603    296.156    303.618   -0.00059    7.50353   10.72330  326.87197   16.75874 5.5537e-01     0.4463     0.4813    88.6634 0.0000e+00
        696  37.537475    0.04828     2.8969    173.815     34.326  51496.948    31.6752     3.4844     34.000     3.4793    25.1901     6.7965     9.7129     90.578    296.074    303.531   -0.00055    7.50345   10.72319  326.87053   16.75870 4.8193e-01     0.4541     0.4813    88.6628 0.0000e+00
        702  37.537491    0.04867     2.9200    175.201     35.340  51511.963    31.6838     3.4802     35.000     3.4803    25.1973     6.7982     9.7152     90.596    296.144    303.606   -0.00042    7.50379   10.72367  326.88270   16.75925 4.2165e-01     0.4522     0.4832    88.6225 0.0000e+00
        706  37.537503    0.04896     2.9377    176.265     36.329  51508.515    31.6820     3.4844     36.000     3.4830    25.1955     6.8032     9.7224     90.671    296.363    303.830    0.00010    7.50311   10.72270  326.85382   16.75788 3.6600e-01     0.5186     0.4886    88.5015 0.0000e+00
        712  37.537520    0.04936     2.9618    177.708     37.362  51519.760    31.6902     3.4888     37.000     3.4933    25.2017     6.8031     9.7223     90.686    296.358    303.827    0.00005    7.50188   10.72094  326.79824   16.75521 3.1847e-01     0.4451     0.4874    88.5284 0.0000e+00
        716  37.537533    0.04968     2.9810    178.863     38.361  51513.276    31.6898     3.5068     38.000     3.5098    25.1998     6.8053     9.7254     90.754    296.454    303.924    0.00036    7.49858   10.71622  326.65496   16.74839 2.7563e-01     0.4499     0.4971    88.3124 0.0000e+00
        721  37.537545    0.04998     2.9988    179.930     39.368  51497.117    31.6800     3.5134     39.000     3.5086    25.1914     6.7989     9.7162     90.677    296.177    303.637   -0.00010    7.49786   10.71520  326.62641   16.74707 2.3854e-01     0.4515     0.5015    88.2153 0.0000e+00
        726  37.537560    0.05032     3.0193    181.155     40.382  51513.920    31.6924     3.5192     40.000     3.5232    25.2007     6.7904     9.7042     90.586    295.807    303.262   -0.00068    7.49615   10.71274  326.54864   16.74334 2.0844e-01     0.4459     0.5013    88.2205 0.0000e+00
        731  37.537575    0.05069     3.0413    182.479     41.395  51501.588    31.6863     3.5305     41.000     3.5289    25.1949     6.7896     9.7030     90.595    295.771    303.223   -0.00042    7.49439   10.71023  326.47391   16.73980 1.8224e-01     0.4417     0.5036    88.1695 0.0000e+00
        735  37.537588    0.05099     3.0597    183.582     42.394  51503.019    31.6873     3.5325     42.000     3.5302    25.1954     6.7777     9.6860     90.443    295.255    302.694   -0.00115    7.49397   10.70963  326.45536   16.73892 1.5914e-01     0.4308     0.5109    88.0095 0.0000e+00
        741  37.537604    0.05138     3.0828    184.967     43.413  51501.182    31.6848     3.5298     43.000     3.5264    25.1938     6.7755     9.6830     90.406    295.159    302.596   -0.00114    7.49459   10.71051  326.48300   16.74024 1.3963e-01     0.4390     0.5045    88.1495 0.0000e+00
        746  37.537620    0.05176     3.1053    186.318     44.420  51508.133    31.6896     3.5319     44.000     3.5320    25.1973     6.7770     9.6850     90.433    295.222    302.661   -0.00073    7.49396   10.70962  326.45437   16.73886 1.2223e-01     0.4289     0.5061    88.1156 0.0000e+00
        751  37.537634    0.05211     3.1270    187.621     45.426  51503.519    31.6876     3.5385     45.000     3.5357    25.1952     6.7756     9.6830     90.428    295.163    302.600   -0.00052    7.49284   10.70802  326.40655   16.73660 1.0771e-01     0.4368     0.5047    88.1461 0.0000e+00
        757  37.537651    0.05251     3.1504    189.024     46.456  51513.105    31.6936     3.5387     46.000     3.5439    25.2000     6.7726     9.6787     90.391    295.027    302.462   -0.00070    7.49249   10.70753  326.38972   16.73578 9.4737e-02     0.4196     0.5035    88.1721 0.0000e+00
        760  37.537660    0.05274     3.1641    189.846     47.439  51547.207    31.7225     3.5634     47.000     3.5812    25.2207     6.7745     9.6815     90.490    295.108    302.551   -0.00006    7.48648   10.69893  326.12126   16.72290 8.4448e-02     0.4237     0.5250    87.7006 0.0000e+00
        765  37.537675    0.05308     3.1847    191.081     48.459  51515.662    31.7096     3.5999     48.000     3.6087    25.2072     6.7837     9.6945     90.686    295.509    302.958    0.00095    7.48043   10.69029  325.86195   16.71063 7.5372e-02     0.4202     0.5281    87.6327 0.0000e+00
        770  37.537688    0.05341     3.2046    192.276     49.473  51526.122    31.7254     3.6363     49.000     3.6489    25.2164     6.7701     9.6752     90.595    294.917    302.353    0.00024    7.47294   10.67958  325.53274   16.69491 6.7633e-02     0.4175     0.5326    87.5335 0.0000e+00
        774  37.537700    0.05368     3.2210    193.259     50.471  51493.484    31.7077     3.6566     50.000     3.6565    25.2005     6.7649     9.6678     90.559    294.694    302.121   -0.00005    7.47012   10.67555  325.41501   16.68939 6.1278e-02     0.4190     0.5392    87.3910 0.0000e+00
        779  37.537714    0.05402     3.2411    194.469     51.495  51492.335    31.7083     3.6643     51.000     3.6626    25.2003     6.7526     9.6502     90.413    294.159    301.572   -0.00085    7.46868   10.67349  325.35213   16.68639 5.5710e-02     0.4065     0.5340    87.5035 0.0000e+00
        783  37.537726    0.05430     3.2581    195.483     52.491  51500.282    31.7138     3.6667     52.000     3.6692    25.2045     6.7477     9.6431     90.355    293.944    301.352   -0.00105    7.46796   10.67246  325.31949   16.68482 5.1456e-02     0.4058     0.5331    87.5219 0.0000e+00
        788  37.537739    0.05462     3.2775    196.650     53.510  51502.939    31.7196     3.6850     53.000     3.6888    25.2074     6.7471     9.6423     90.391    293.917    301.326   -0.00066    7.46431   10.66725  325.15977   16.67720 4.7644e-02     0.3996     0.5260    87.6767 0.0000e+00
