CTD-processing/allCTD/CNV/2020_07-23_alongbay_skb09_cast111_4141.cnv
* Sea-Bird SBE19plus Data File:
* FileName = E:\2020_07-23_AlongBay\2020_07-23_AlongBay_SKB0_cast111.hex
* Software Version 1.59
* Temperature SN =  4141
* Conductivity SN =  4141
* System UpLoad Time = Jul 28 2020 14:40:35
** Cook Inlet LTM AlongBay
** Date: 2020_07-23
** Station:SKB09
** Start Time: (AKDT):14:01
** Depth (m):68
** Comment:
** Comment:
# nquan = 27
# nvalues = 63                          
# units = specified
# name 0 = scan: Scan Count
# name 1 = timeJ: Julian Days
# name 2 = timeH: Time, Elapsed [hours]
# name 3 = timeM: Time, Elapsed [minutes]
# name 4 = timeS: Time, Elapsed [seconds]
# name 5 = prdM: Pressure, Strain Gauge [db]
# name 6 = specc: Specific Conductance [uS/cm]
# name 7 = sal00: Salinity, Practical [PSU]
# name 8 = tv290C: Temperature [ITS-90, deg C]
# name 9 = depSM: Depth [salt water, m], lat = 59.00
# name 10 = potemp090C: Potential Temperature [ITS-90, deg C]
# name 11 = sigma-é00: Density [sigma-theta, kg/m^3]
# name 12 = sbeox0ML/L: Oxygen, SBE 43 [ml/l]
# name 13 = sbeox0Mg/L: Oxygen, SBE 43 [mg/l]
# name 14 = sbeox0PS: Oxygen, SBE 43 [% saturation]
# name 15 = sbox0Mm/Kg: Oxygen, SBE 43 [umol/kg]
# name 16 = sbeox0Mm/L: Oxygen, SBE 43 [umol/l]
# name 17 = sbox0dV/dT: Oxygen, SBE 43 [dov/dt]
# name 18 = oxsolML/L: Oxygen Saturation, Garcia & Gordon [ml/l]
# name 19 = oxsolMg/L: Oxygen Saturation, Garcia & Gordon [mg/l]
# name 20 = oxsolMm/Kg: Oxygen Saturation, Garcia & Gordon [umol/kg]
# name 21 = n2satMg/L: Nitrogen Saturation [mg/l]
# name 22 = par: PAR/Irradiance, Biospherical/Licor
# name 23 = wetStar: Fluorescence, WET Labs WETstar [mg/m^3]
# name 24 = CStarAt0: Beam Attenuation, WET Labs C-Star [1/m]
# name 25 = CStarTr0: Beam Transmission, WET Labs C-Star [%]
# name 26 = flag: flag
# span 0 =         67,        550       
# span 1 = 205.584044, 205.585442       
# span 2 =    0.00456,    0.03811       
# span 3 =     0.2734,     2.2862       
# span 4 =     16.406,    137.174       
# span 5 =      1.016,     63.583       
# span 6 =  38267.810,  50034.493       
# span 7 =    24.0019,    31.6769       
# span 8 =     8.3272,    14.0019       
# span 9 =      1.000,     63.000       
# span 10 =     8.3098,    14.1621      
# span 11 =    17.7060,    24.5731      
# span 12 =     5.6648,     7.3833      
# span 13 =     8.0956,    10.5516      
# span 14 =     91.134,    117.757      
# span 15 =    248.581,    322.594      
# span 16 =    252.991,    329.741      
# span 17 =   -0.04358,    0.06195      
# span 18 =    6.20155,    6.69715      
# span 19 =    8.86263,    9.57089      
# span 20 =  271.46545,  291.92121      
# span 21 =   14.13322,   15.09392      
# span 22 = 5.3648e-02, 4.1319e+02      
# span 23 =     0.6314,     6.1221      
# span 24 =     0.5103,     5.8723      
# span 25 =    28.9582,    88.0230      
# span 26 = 0.0000e+00, 0.0000e+00      
# interval = meters: 1                  
# start_time = Jul 23 2020 14:00:45 [Instrument's time stamp, header]
# bad_flag = -9.990e-29
*END*
         67 205.584044    0.00456     0.2734     16.406      1.016  38267.810    24.0019    14.0019      1.000    14.1621    17.7060     5.6648     8.0956     91.134    248.581    252.991    0.00276    6.21722    8.88503  272.83044   14.21118 4.1319e+02     0.6314     5.8723    28.9582 0.0000e+00
        286 205.584678    0.01979     1.1871     71.224      2.019  39654.938    24.9460    13.7247      2.000    13.6364    18.4853     6.6871     9.5564    107.570    293.223    298.645    0.00578    6.21656    8.88408  272.59241   14.19595 4.0918e+02     0.8007     2.0087    61.3957 0.0000e+00
        297 205.584712    0.02058     1.2345     74.070      3.029  40079.454    25.2286    13.5356      3.000    13.4163    18.7386     6.6598     9.5175    106.896    291.954    297.425   -0.00575    6.23014    8.90350  273.12018   14.22013 2.7837e+02     0.8018     1.7433    64.6777 0.0000e+00
        302 205.584724    0.02088     1.2528     75.168      4.038  42795.417    27.0998    13.1979      4.000    12.9597    20.2450     6.5304     9.3326    105.303    285.862    291.649   -0.01483    6.20155    8.86263  271.46545   14.13322 1.9054e+02     0.9615     1.7870    63.9709 0.0000e+00
        306 205.584737    0.02119     1.2712     76.269      5.044  44515.091    28.2723    12.7550      5.000    12.6487    21.2334     6.5639     9.3804    105.637    287.047    293.143   -0.01198    6.21364    8.87991  271.73144   14.14129 1.2744e+02     1.3280     1.7236    64.9946 0.0000e+00
        311 205.584751    0.02153     1.2914     77.487      6.059  45294.111    28.8034    12.5524      6.000    12.4772    21.6816     6.9871     9.9852    112.341    305.419    312.041    0.03732    6.21943    8.88819  271.86521   14.14558 8.7483e+01     2.4637     1.6541    66.1344 0.0000e+00
        315 205.584764    0.02184     1.3104     78.624      7.065  45647.733    29.0348    12.3517      7.000    12.2432    21.8975     7.3157    10.4549    117.300    319.719    326.720    0.06195    6.23673    8.91292  272.56411   14.17817 6.1333e+01     3.6143     1.6463    66.2914 0.0000e+00
        320 205.584777    0.02214     1.3286     79.719      8.083  46051.586    29.2893    12.0242      8.000    11.6759    22.1540     7.3833    10.5516    117.757    322.594    329.741    0.04623    6.27006    8.96054  273.95147   14.24365 4.1983e+01     3.7977     1.8620    62.7735 0.0000e+00
        323 205.584787    0.02239     1.3437     80.622      9.080  47537.839    30.2808    11.4413      9.000    11.2964    23.0268     7.2632    10.3799    115.131    317.076    324.377    0.01489    6.30874    9.01581  275.40640   14.30939 2.9400e+01     4.9866     1.8242    63.3887 0.0000e+00
        328 205.584799    0.02269     1.3611     81.664     10.099  48186.118    30.7184    11.2479     10.000    11.2336    23.4007     7.1589    10.2308    113.321    312.407    319.718   -0.00502    6.31734    9.02811  275.68120   14.32080 2.0514e+01     5.4681     1.7912    63.9059 0.0000e+00
        331 205.584810    0.02295     1.3768     82.610     11.103  48370.401    30.8438    11.2057     11.000    11.1800    23.5055     7.0410    10.0623    111.443    307.230    314.452   -0.01425    6.31803    9.02911  275.68342   14.32041 1.5024e+01     6.1221     1.7155    65.1291 0.0000e+00
        335 205.584821    0.02321     1.3928     83.570     12.114  48472.313    30.9118    11.1712     12.000    11.1602    23.5645     6.8014     9.7199    107.618    296.759    303.752   -0.03712    6.31999    9.03189  275.75269   14.32345 1.1332e+01     5.2639     1.6368    66.4192 0.0000e+00
        339 205.584832    0.02348     1.4088     84.527     13.124  48517.214    30.9406    11.1476     13.000    11.1183    23.5909     6.6663     9.5268    105.446    290.854    297.716   -0.04358    6.32203    9.03481  275.83458   14.32726 8.6501e+00     4.2612     1.6500    66.2078 0.0000e+00
        343 205.584843    0.02374     1.4242     85.451     14.133  48571.532    30.9718    11.0861     14.000    11.0299    23.6259     6.6401     9.4894    104.914    289.704    296.548   -0.03588    6.32912    9.04496  276.13468   14.34151 6.5556e+00     4.4727     1.8047    63.6939 0.0000e+00
        347 205.584854    0.02400     1.4400     86.398     15.138  48719.682    31.0636    10.9734     15.000    10.9099    23.7169     6.6436     9.4943    104.775    289.827    296.701   -0.02671    6.34078    9.06161  276.61880   14.36432 4.9265e+00     3.8298     1.7648    64.3296 0.0000e+00
        351 205.584866    0.02429     1.4573     87.439     16.154  48926.197    31.1983    10.8755     16.000    10.8661    23.8386     6.6320     9.4778    104.462    289.289    296.185   -0.02082    6.34870    9.07294  276.93164   14.37877 3.7337e+00     3.8652     1.6067    66.9220 0.0000e+00
        355 205.584878    0.02457     1.4746     88.475     17.161  48926.768    31.1965    10.8593     17.000    10.8375    23.8399     6.5929     9.4219    103.809    287.583    294.439   -0.01882    6.35101    9.07623  277.03153   14.38356 2.9423e+00     3.4004     1.4579    69.4583 0.0000e+00
        359 205.584890    0.02486     1.4919     89.515     18.169  49006.863    31.2475    10.8137     18.000    10.7828    23.8875     6.5577     9.3717    103.187    286.036    292.869   -0.01780    6.35518    9.08219  277.20077   14.39146 2.3402e+00     3.1336     1.4595    69.4319 0.0000e+00
        363 205.584903    0.02516     1.5095     90.567     19.181  49083.863    31.2878    10.6962     19.000    10.5861    23.9390     6.5428     9.3503    102.718    285.369    292.201   -0.01545    6.36970    9.10294  277.81998   14.42095 1.8670e+00     3.0020     1.3510    71.3419 0.0000e+00
        367 205.584914    0.02545     1.5265     91.593     20.190  49298.854    31.4190    10.5231     20.000    10.4980    24.0705     6.5058     9.2975    101.841    283.722    290.551   -0.01702    6.38824    9.12944  278.59291   14.45743 1.5000e+00     2.8439     1.3357    71.6154 0.0000e+00
        371 205.584926    0.02572     1.5437     92.621     21.200  49338.848    31.4414    10.4773     21.000    10.4371    24.0957     6.4840     9.2663    101.413    282.763    289.577   -0.01542    6.39367    9.13720  278.82303   14.46835 1.2036e+00     2.2018     1.2477    73.2032 0.0000e+00
        376 205.584938    0.02602     1.5611     93.664     22.208  49426.909    31.4947    10.4066     22.000    10.3946    24.1491     6.4820     9.2635    101.262    282.662    289.488   -0.01184    6.40130    9.14810  279.14100   14.48336 9.7552e-01     2.0173     1.1917    74.2354 0.0000e+00
        380 205.584950    0.02631     1.5784     94.702     23.226  49398.272    31.4703    10.3758     23.000    10.3279    24.1353     6.4735     9.2514    101.046    282.296    289.109   -0.00979    6.40658    9.15565  279.37530   14.49467 8.0147e-01     1.9370     1.2414    73.3199 0.0000e+00
        383 205.584960    0.02655     1.5927     95.562     24.225  49445.090    31.4933    10.2977     24.000    10.2601    24.1664     6.4601     9.2322    100.679    281.701    288.509   -0.00997    6.41653    9.16986  279.80040   14.51493 6.6598e-01     1.8357     1.1283    75.5179 0.0000e+00
        387 205.584971    0.02681     1.6081     96.487     25.239  49501.697    31.5257    10.2394     25.000    10.2255    24.2013     6.4554     9.2254    100.499    281.484    288.296   -0.00895    6.42333    9.17959  280.08755   14.52854 5.4578e-01     1.9472     0.7468    82.9695 0.0000e+00
        391 205.584982    0.02705     1.6234     97.406     26.244  49519.611    31.5358    10.2226     26.000    10.2122    24.2120     6.4591     9.2307    100.527    281.643    288.463   -0.00642    6.42528    9.18237  280.16968   14.53243 4.4677e-01     1.8612     0.7366    83.1874 0.0000e+00
        395 205.584993    0.02734     1.6406     98.434     27.258  49504.985    31.5222    10.1998     27.000    10.1619    24.2052     6.4670     9.2420    100.591    281.991    288.816   -0.00426    6.42902    9.18772  280.33462   14.54038 3.6653e-01     1.6388     0.7197    83.5643 0.0000e+00
        399 205.585006    0.02763     1.6578     99.469     28.267  49508.203    31.5118    10.1018     28.000    10.0283    24.2132     6.4638     9.2374    100.319    281.848    288.672   -0.00451    6.44322    9.20800  280.95137   14.56993 3.0267e-01     1.5046     0.9189    79.7377 0.0000e+00
        403 205.585017    0.02791     1.6741    100.448     29.273  49595.431    31.5565     9.9731     29.000     9.9266    24.2693     6.4384     9.2013     99.675    280.730    287.543   -0.00783    6.45950    9.23126  281.64574   14.60298 2.5246e-01     1.7081     0.5490    87.1269 0.0000e+00
        407 205.585029    0.02820     1.6918    101.510     30.289  49675.028    31.6034     9.9043     30.000     9.8883    24.3172     6.4204     9.1754     99.275    279.929    286.736   -0.00862    6.46729    9.24240  281.97252   14.61843 2.1184e-01     1.2030     0.5337    87.5091 0.0000e+00
        411 205.585041    0.02848     1.7089    102.536     31.291  49683.804    31.6062     9.8810     31.000     9.8727    24.3231     6.4189     9.1733     99.203    279.862    286.669   -0.00670    6.47047    9.24695  282.10934   14.62496 1.8016e-01     1.1376     0.5219    87.7674 0.0000e+00
        416 205.585054    0.02880     1.7282    103.692     32.307  49669.687    31.5943     9.8695     32.000     9.8531    24.3157     6.4204     9.1754     99.194    279.928    286.734   -0.00484    6.47260    9.24999  282.20425   14.62954 1.5379e-01     1.0929     0.5144    87.9332 0.0000e+00
        420 205.585067    0.02911     1.7466    104.796     33.312  49682.368    31.5991     9.8417     33.000     9.8309    24.3240     6.4340     9.1949     99.347    280.521    287.344   -0.00246    6.47633    9.25533  282.36484   14.63721 1.3318e-01     1.1647     0.5202    87.8046 0.0000e+00
        425 205.585081    0.02944     1.7667    106.004     34.325  49676.807    31.5925     9.8236     34.000     9.8084    24.3217     6.4545     9.2241     99.619    281.413    288.257   -0.00007    6.47919    9.25941  282.48987   14.64322 1.1659e-01     1.0727     0.5103    88.0230 0.0000e+00
        429 205.585094    0.02975     1.7852    107.113     35.336  49690.856    31.5987     9.7991     35.000     9.7856    24.3306     6.4555     9.2256     99.585    281.456    288.304   -0.00017    6.48240    9.26400  282.62753   14.64978 1.0339e-01     1.0459     0.5432    87.3042 0.0000e+00
        433 205.585105    0.03003     1.8017    108.102     36.344  49668.935    31.5786     9.7665     36.000     9.7347    24.3202     6.4586     9.2300     99.548    281.592    288.441   -0.00060    6.48789    9.27184  282.86973   14.66144 9.3244e-02     1.1258     0.7301    83.3293 0.0000e+00
        437 205.585117    0.03029     1.8175    109.052     37.350  49700.779    31.5949     9.7236     37.000     9.6995    24.3398     6.4612     9.2336     99.504    281.697    288.553   -0.00087    6.49332    9.27961  283.10120   14.67245 8.5647e-02     1.0763     0.8240    81.3848 0.0000e+00
        441 205.585128    0.03058     1.8346    110.077     38.364  49711.325    31.5957     9.6764     38.000     9.6488    24.3480     6.4851     9.2678     99.770    282.740    289.624    0.00077    6.50002    9.28919  283.39105   14.68631 7.9552e-02     1.1341     0.8226    81.4112 0.0000e+00
        445 205.585140    0.03085     1.8509    111.053     39.372  49738.067    31.6089     9.6377     39.000     9.6180    24.3646     6.5089     9.3019    100.060    283.775    290.690    0.00245    6.50502    9.29632  283.60419   14.69645 7.4555e-02     1.0087     0.6043    86.0111 0.0000e+00
        449 205.585151    0.03112     1.8673    112.041     40.381  49737.683    31.6035     9.6019     40.000     9.5734    24.3661     6.5324     9.3354    100.338    284.796    291.735    0.00339    6.51038    9.30398  283.83742   14.70763 7.0979e-02     1.0887     0.7773    82.3517 0.0000e+00
        453 205.585163    0.03140     1.8841    113.048     41.394  49755.698    31.6092     9.5537     41.000     9.5272    24.3783     6.5507     9.3616    100.515    285.591    292.552    0.00369    6.51704    9.31349  284.12441   14.72134 6.7841e-02     1.0514     0.8279    81.3050 0.0000e+00
        457 205.585174    0.03168     1.9004    114.021     42.397  49760.100    31.6059     9.5089     42.000     9.4782    24.3828     6.5606     9.3757    100.567    286.021    292.995    0.00281    6.52363    9.32292  284.41050   14.73503 6.5262e-02     0.9425     0.8458    80.9412 0.0000e+00
        461 205.585186    0.03197     1.9184    115.106     43.411  49789.471    31.6187     9.4541     43.000     9.4321    24.4015     6.5676     9.3857    100.561    286.322    293.308    0.00184    6.53097    9.33340  284.72537   14.75003 6.3049e-02     1.0118     0.8483    80.8893 0.0000e+00
        466 205.585199    0.03227     1.9361    116.163     44.419  49811.980    31.6296     9.4213     44.000     9.4057    24.4152     6.5689     9.3877    100.516    286.377    293.369    0.00093    6.53525    9.33953  284.90819   14.75873 6.1448e-02     0.9300     0.8016    81.8406 0.0000e+00
        470 205.585211    0.03257     1.9540    117.241     45.428  49825.329    31.6358     9.4009     45.000     9.3878    24.4233     6.5575     9.3713    100.299    285.877    292.859   -0.00080    6.53793    9.34336  285.02281   14.76419 6.0003e-02     0.9789     0.6900    84.1969 0.0000e+00
        475 205.585225    0.03290     1.9739    118.433     46.440  49833.721    31.6384     9.3798     46.000     9.3659    24.4286     6.5328     9.3360     99.877    284.798    291.754   -0.00317    6.54086    9.34755  285.14915   14.77022 5.8841e-02     0.9124     0.5519    87.1170 0.0000e+00
        480 205.585239    0.03324     1.9943    119.660     47.451  49831.754    31.6329     9.3531     47.000     9.3239    24.4286     6.5092     9.3024     99.455    283.771    290.703   -0.00508    6.54496    9.35340  285.32771   14.77878 5.7891e-02     0.8545     0.5989    86.1124 0.0000e+00
        484 205.585252    0.03355     2.0132    120.791     48.456  49869.334    31.6520     9.3032     48.000     9.2837    24.4514     6.4946     9.2814     99.133    283.127    290.049   -0.00555    6.55138    9.36258  285.60127   14.79178 5.7178e-02     0.8287     0.6130    85.7918 0.0000e+00
        489 205.585266    0.03389     2.0334    122.004     49.473  49870.146    31.6465     9.2625     49.000     9.2358    24.4534     6.4628     9.2361     98.556    281.742    288.632   -0.00739    6.55753    9.37137  285.86885   14.80459 5.6456e-02     0.8598     0.6699    84.5853 0.0000e+00
        493 205.585279    0.03419     2.0514    123.083     50.475  49892.201    31.6553     9.2175     50.000     9.1954    24.4673     6.4370     9.1991     98.070    280.611    287.476   -0.00860    6.56369    9.38018  286.13374   14.81722 5.5891e-02     0.7873     0.8278    81.3130 0.0000e+00
        498 205.585292    0.03451     2.0707    124.244     51.487  49906.758    31.6606     9.1854     51.000     9.1653    24.4765     6.4287     9.1872     97.877    280.245    287.104   -0.00735    6.56814    9.38652  286.32479   14.82633 5.5454e-02     0.7986     0.7677    82.5360 0.0000e+00
        503 205.585307    0.03486     2.0917    125.501     52.498  49922.761    31.6656     9.1442     52.000     9.1281    24.4868     6.4340     9.1948     97.871    280.473    287.342   -0.00508    6.57393    9.39481  286.57452   14.83825 5.5055e-02     0.7760     0.7130    83.6737 0.0000e+00
        508 205.585321    0.03520     2.1121    126.727     53.513  49929.790    31.6669     9.1215     53.000     9.1058    24.4913     6.4451     9.2108     97.994    280.960    287.841   -0.00270    6.57719    9.39947  286.71538   14.84498 5.4861e-02     0.8949     0.7300    83.3180 0.0000e+00
