CTD-processing/allCTD/CNV/2020_07-23_t4_s10_cast093_4141.cnv
* Sea-Bird SBE19plus Data File:
* FileName = E:\2020_07-23_T4\2020_07-23_T4_S0_cast093.hex
* Software Version 1.59
* Temperature SN =  4141
* Conductivity SN =  4141
* System UpLoad Time = Jul 28 2020 14:12:28
** Cook Inlet LTM T4
** Date: 2020_07-23
** Station:S10
** Start Time: (AKDT):09:39
** Depth (m):15
** Comment:
** Comment:
# nquan = 27
# nvalues = 15                          
# units = specified
# name 0 = scan: Scan Count
# name 1 = timeJ: Julian Days
# name 2 = timeH: Time, Elapsed [hours]
# name 3 = timeM: Time, Elapsed [minutes]
# name 4 = timeS: Time, Elapsed [seconds]
# name 5 = prdM: Pressure, Strain Gauge [db]
# name 6 = specc: Specific Conductance [uS/cm]
# name 7 = sal00: Salinity, Practical [PSU]
# name 8 = tv290C: Temperature [ITS-90, deg C]
# name 9 = depSM: Depth [salt water, m], lat = 59.00
# name 10 = potemp090C: Potential Temperature [ITS-90, deg C]
# name 11 = sigma-é00: Density [sigma-theta, kg/m^3]
# name 12 = sbeox0ML/L: Oxygen, SBE 43 [ml/l]
# name 13 = sbeox0Mg/L: Oxygen, SBE 43 [mg/l]
# name 14 = sbeox0PS: Oxygen, SBE 43 [% saturation]
# name 15 = sbox0Mm/Kg: Oxygen, SBE 43 [umol/kg]
# name 16 = sbeox0Mm/L: Oxygen, SBE 43 [umol/l]
# name 17 = sbox0dV/dT: Oxygen, SBE 43 [dov/dt]
# name 18 = oxsolML/L: Oxygen Saturation, Garcia & Gordon [ml/l]
# name 19 = oxsolMg/L: Oxygen Saturation, Garcia & Gordon [mg/l]
# name 20 = oxsolMm/Kg: Oxygen Saturation, Garcia & Gordon [umol/kg]
# name 21 = n2satMg/L: Nitrogen Saturation [mg/l]
# name 22 = par: PAR/Irradiance, Biospherical/Licor
# name 23 = wetStar: Fluorescence, WET Labs WETstar [mg/m^3]
# name 24 = CStarAt0: Beam Attenuation, WET Labs C-Star [1/m]
# name 25 = CStarTr0: Beam Transmission, WET Labs C-Star [%]
# name 26 = flag: flag
# span 0 =        448,        515       
# span 1 = 205.403575, 205.403766       
# span 2 =    0.03107,    0.03567       
# span 3 =     1.8644,     2.1402       
# span 4 =    111.865,    128.411       
# span 5 =      1.024,     15.121       
# span 6 =  46059.419,  49226.188       
# span 7 =    29.3028,    31.4240       
# span 8 =    10.9834,    12.3707       
# span 9 =      1.000,     15.000       
# span 10 =    10.8709,    12.3806      
# span 11 =    22.1544,    23.9954      
# span 12 =     6.6150,     7.0128      
# span 13 =     9.4534,    10.0220      
# span 14 =    104.585,    113.415      
# span 15 =    288.499,    306.121      
# span 16 =    295.422,    313.192      
# span 17 =   -0.02340,    0.01097      
# span 18 =    6.17583,    6.32483      
# span 19 =    8.82588,    9.03884      
# span 20 =  269.59726,  275.84836      
# span 21 =   14.02994,   14.32599      
# span 22 = 1.3922e+00, 3.0036e+02      
# span 23 =     1.2973,     4.2883      
# span 24 =     1.8003,     2.3060      
# span 25 =    56.1900,    63.7586      
# span 26 = 0.0000e+00, 0.0000e+00      
# interval = meters: 1                  
# start_time = Jul 23 2020 09:39:17 [Instrument's time stamp, header]
# bad_flag = -9.990e-29
*END*
        448 205.403575    0.03107     1.8644    111.865      1.024  46059.419    29.3028    12.0793      1.000    12.0868    22.1544     6.8862     9.8410    109.963    300.869    307.535   -0.01035    6.26218    8.94929  273.60777   14.22712 3.0036e+02     1.4049     1.8003    63.7586 0.0000e+00
        452 205.403586    0.03134     1.8803    112.818      2.010  46786.459    29.8199    12.1241      2.000    12.1719    22.5470     6.8320     9.7636    109.558    298.388    305.115   -0.01091    6.23593    8.91177  272.35600   14.16505 1.6941e+02     1.2973     1.8928    62.3048 0.0000e+00
        457 205.403601    0.03170     1.9019    114.112      3.027  47096.350    30.0483    12.2269      3.000    12.2432    22.7051     6.8844     9.8385    110.799    300.632    307.458    0.00095    6.21346    8.87966  271.33261   14.11508 1.0527e+02     1.4664     1.9416    61.5492 0.0000e+00
        463 205.403618    0.03209     1.9258    115.548      4.047  47215.658    30.1348    12.2521      4.000    12.2505    22.7676     6.9112     9.8767    111.349    301.782    308.653    0.00502    6.20679    8.87011  271.02437   14.09996 6.7228e+01     1.9748     2.0438    59.9926 0.0000e+00
        467 205.403629    0.03237     1.9422    116.531      5.036  47391.420    30.2588    12.2509      5.000    12.2606    22.8639     6.8964     9.8557    111.195    301.111    307.996    0.00186    6.20211    8.86343  270.79456   14.08844 4.9138e+01     2.9821     2.0914    59.2844 0.0000e+00
        474 205.403648    0.03282     1.9689    118.136      6.067  47771.178    30.5368    12.3474      6.000    12.3806    23.0614     6.9252     9.8967    112.081    302.306    309.277    0.00665    6.17871    8.82999  269.72105   14.03587 4.1254e+01     3.4501     1.9847    60.8969 0.0000e+00
        478 205.403659    0.03310     1.9857    119.141      7.059  47763.147    30.5330    12.3707      7.000    12.3357    23.0541     6.9818     9.9776    113.050    304.780    311.806    0.01097    6.17583    8.82588  269.59726   14.02994 2.9192e+01     4.2065     1.9046    62.1194 0.0000e+00
        483 205.403675    0.03347     2.0086    120.516      8.077  47832.209    30.5750    12.3005      8.000    12.2812    23.0997     7.0128    10.0220    113.415    306.121    313.192    0.01033    6.18333    8.83659  269.91252   14.04489 2.2756e+01     4.2430     1.9399    61.5716 0.0000e+00
        488 205.403690    0.03383     2.0298    121.788      9.083  47834.859    30.5716    12.2501      9.000    12.2221    23.1065     6.8581     9.8008    110.793    299.363    306.280   -0.01175    6.19001    8.84614  270.20220   14.05880 1.6324e+01     4.2883     2.0627    59.7135 0.0000e+00
        492 205.403702    0.03413     2.0475    122.847     10.103  47844.321    30.5719    12.1871     10.000    12.1477    23.1184     6.7785     9.6870    109.361    295.884    302.724   -0.01909    6.19823    8.85789  270.55811   14.07587 1.0842e+01     3.9470     2.1634    58.2268 0.0000e+00
        496 205.403711    0.03436     2.0616    123.693     11.097  47918.321    30.6177    12.1215     11.000    12.0647    23.1659     6.7342     9.6238    108.528    293.938    300.748   -0.02029    6.20501    8.86759  270.84185   14.08929 7.4768e+00     3.6138     2.2924    56.3818 0.0000e+00
        501 205.403726    0.03470     2.0820    124.923     12.112  48088.848    30.7242    11.9782     12.000    11.9098    23.2747     6.6942     9.5667    107.631    292.165    298.965   -0.01956    6.21967    8.88853  271.45248   14.11814 5.4468e+00     3.3660     2.2710    56.6816 0.0000e+00
        506 205.403741    0.03507     2.1040    126.239     13.120  48349.845    30.8859    11.7508     13.000    11.5546    23.4414     6.6698     9.5317    106.830    291.048    297.870   -0.01790    6.24336    8.92238  272.44189   14.16493 3.4750e+00     3.2639     2.3060    56.1900 0.0000e+00
        511 205.403755    0.03539     2.1235    127.410     14.139  48927.459    31.2450    11.2774     14.000    11.1168    23.8048     6.6357     9.4832    105.459    289.463    296.354   -0.02073    6.29233    8.99236  274.48137   14.26122 2.1486e+00     3.2059     2.1188    58.8929 0.0000e+00
        515 205.403766    0.03567     2.1402    128.411     15.121  49226.188    31.4240    10.9834     15.000    10.8709    23.9954     6.6150     9.4534    104.585    288.499    295.422   -0.02340    6.32483    9.03884  275.84836   14.32599 1.3922e+00     3.0407     1.9221    61.8546 0.0000e+00
