CTD-processing/allCTD/CNV/2020_09-21_t4_s07_cast043_4141.cnv
* Sea-Bird SBE19plus Data File:
* FileName = E:\2020_09-21_T4\2020_09-21_T4_S0_cast043.hex
* Software Version 1.59
* Temperature SN =  4141
* Conductivity SN =  4141
* System UpLoad Time = Sep 22 2020 15:26:34
** Cook Inlet LTM T4
** Date: 2020_09-21
** Station:S07
** Start Time: (AKDT):13:09
** Depth (m):34
** Comment:
** Comment:
# nquan = 27
# nvalues = 31                          
# units = specified
# name 0 = scan: Scan Count
# name 1 = timeJ: Julian Days
# name 2 = timeH: Time, Elapsed [hours]
# name 3 = timeM: Time, Elapsed [minutes]
# name 4 = timeS: Time, Elapsed [seconds]
# name 5 = prdM: Pressure, Strain Gauge [db]
# name 6 = specc: Specific Conductance [uS/cm]
# name 7 = sal00: Salinity, Practical [PSU]
# name 8 = tv290C: Temperature [ITS-90, deg C]
# name 9 = depSM: Depth [salt water, m], lat = 59.00
# name 10 = potemp090C: Potential Temperature [ITS-90, deg C]
# name 11 = sigma-é00: Density [sigma-theta, kg/m^3]
# name 12 = sbeox0ML/L: Oxygen, SBE 43 [ml/l]
# name 13 = sbeox0Mg/L: Oxygen, SBE 43 [mg/l]
# name 14 = sbeox0PS: Oxygen, SBE 43 [% saturation]
# name 15 = sbox0Mm/Kg: Oxygen, SBE 43 [umol/kg]
# name 16 = sbeox0Mm/L: Oxygen, SBE 43 [umol/l]
# name 17 = sbox0dV/dT: Oxygen, SBE 43 [dov/dt]
# name 18 = oxsolML/L: Oxygen Saturation, Garcia & Gordon [ml/l]
# name 19 = oxsolMg/L: Oxygen Saturation, Garcia & Gordon [mg/l]
# name 20 = oxsolMm/Kg: Oxygen Saturation, Garcia & Gordon [umol/kg]
# name 21 = n2satMg/L: Nitrogen Saturation [mg/l]
# name 22 = par: PAR/Irradiance, Biospherical/Licor
# name 23 = wetStar: Fluorescence, WET Labs WETstar [mg/m^3]
# name 24 = CStarAt0: Beam Attenuation, WET Labs C-Star [1/m]
# name 25 = CStarTr0: Beam Transmission, WET Labs C-Star [%]
# name 26 = flag: flag
# span 0 =        281,        409       
# span 1 = 265.548518, 265.548888       
# span 2 =    0.01942,    0.02830       
# span 3 =     1.1655,     1.6985       
# span 4 =     69.928,    101.912       
# span 5 =      1.012,     31.263       
# span 6 =  47908.904,  48083.724       
# span 7 =    30.5130,    30.6358       
# span 8 =    11.1285,    11.2403       
# span 9 =      1.000,     31.000       
# span 10 =    11.1277,    11.2372      
# span 11 =    23.2613,    23.3396      
# span 12 =     3.5716,     3.7177      
# span 13 =     5.1041,     5.3129      
# span 14 =     56.320,     58.794      
# span 15 =    155.881,    162.248      
# span 16 =    159.507,    166.030      
# span 17 =   -0.00092,    0.00340      
# span 18 =    6.32265,    6.34177      
# span 19 =    9.03569,    9.06302      
# span 20 =  275.93095,  276.78442      
# span 21 =   14.33311,   14.37446      
# span 22 = 2.3734e-01, 1.2992e+02      
# span 23 =     2.7363,     6.1661      
# span 24 =     0.5201,     0.6971      
# span 25 =    84.0066,    87.8076      
# span 26 = 0.0000e+00, 0.0000e+00      
# interval = meters: 1                  
# start_time = Sep 21 2020 13:08:42 [Instrument's time stamp, header]
# bad_flag = -9.990e-29
*END*
        281 265.548518    0.01942     1.1655     69.928      1.012  47910.443    30.5144    11.1300      1.000    11.1304    23.2625     3.5716     5.1041     56.320    155.881    159.507   -0.00092    6.34155    9.06270  276.77502   14.37401 1.2992e+02     3.7864     0.5382    87.4110 0.0000e+00
        285 265.548531    0.01974     1.1846     71.076      2.016  47908.904    30.5130    11.1304      2.000    11.1295    23.2613     3.5767     5.1114     56.400    156.101    159.733   -0.00026    6.34155    9.06271  276.77557   14.37404 1.0512e+02     3.9771     0.5509    87.1353 0.0000e+00
        290 265.548545    0.02009     1.2054     72.327      3.032  47910.920    30.5138    11.1291      3.000    11.1287    23.2622     3.5887     5.1286     56.588    156.627    160.270    0.00111    6.34169    9.06291  276.78124   14.37431 7.4546e+01     4.0614     0.5481    87.1954 0.0000e+00
        295 265.548559    0.02041     1.2245     73.470      4.034  47911.602    30.5138    11.1290      4.000    11.1282    23.2624     3.6000     5.1448     56.767    157.121    160.776    0.00176    6.34170    9.06293  276.78190   14.37434 6.2132e+01     4.2362     0.5397    87.3781 0.0000e+00
        300 265.548573    0.02076     1.2458     74.749      5.056  47912.979    30.5144    11.1285      5.000    11.1278    23.2629     3.6153     5.1667     57.009    157.790    161.461    0.00279    6.34175    9.06300  276.78392   14.37444 5.5111e+01     5.0193     0.5463    87.2355 0.0000e+00
        304 265.548584    0.02102     1.2614     75.681      6.055  47913.334    30.5142    11.1285      6.000    11.1277    23.2627     3.6244     5.1795     57.150    158.183    161.863    0.00290    6.34177    9.06302  276.78442   14.37446 4.6963e+01     5.4120     0.5331    87.5223 0.0000e+00
        308 265.548597    0.02131     1.2788     76.728      7.062  47918.570    30.5176    11.1291      7.000    11.1290    23.2653     3.6278     5.1845     57.207    158.334    162.018    0.00248    6.34155    9.06270  276.77416   14.37396 4.0771e+01     4.8791     0.5569    87.0038 0.0000e+00
        313 265.548610    0.02164     1.2982     77.892      8.086  47923.098    30.5206    11.1309      8.000    11.1318    23.2674     3.6393     5.2010     57.393    158.838    162.534    0.00265    6.34118    9.06218  276.75789   14.37316 3.4420e+01     5.2272     0.5570    87.0012 0.0000e+00
        316 265.548619    0.02186     1.3118     78.707      9.076  47931.288    30.5265    11.1353      9.000    11.1380    23.2711     3.6500     5.2163     57.568    159.302    163.009    0.00340    6.34034    9.06099  276.72024   14.37134 2.8310e+01     4.8340     0.5705    86.7082 0.0000e+00
        320 265.548630    0.02213     1.3282     79.690     10.098  47955.051    30.5441    11.1470     10.000    11.1587    23.2829     3.6548     5.2231     57.665    159.510    163.224    0.00296    6.33804    9.05769  276.61646   14.36629 2.2753e+01     4.8496     0.5650    86.8270 0.0000e+00
        324 265.548642    0.02241     1.3444     80.667     11.098  47943.799    30.5381    11.1695     11.000    11.1728    23.2743     3.6596     5.2300     57.767    159.722    163.439    0.00289    6.33523    9.05367  276.49577   14.36054 1.8300e+01     5.7849     0.5925    86.2330 0.0000e+00
        328 265.548655    0.02272     1.3633     81.796     12.118  47944.177    30.5390    11.1788     12.000    11.1808    23.2734     3.6676     5.2414     57.905    160.071    163.796    0.00275    6.33391    9.05179  276.43861   14.35780 1.4602e+01     6.1661     0.5819    86.4620 0.0000e+00
        332 265.548666    0.02300     1.3798     82.787     13.122  47938.229    30.5350    11.1837     13.000    11.1820    23.2694     3.6724     5.2482     57.985    160.280    164.009    0.00252    6.33341    9.05108  276.41816   14.35683 1.1564e+01     5.4261     0.6002    86.0666 0.0000e+00
        336 265.548678    0.02327     1.3965     83.792     14.133  47939.981    30.5358    11.1838     14.000    11.1823    23.2701     3.6781     5.2564     58.075    160.530    164.265    0.00230    6.33337    9.05101  276.41592   14.35673 9.1736e+00     5.2645     0.5979    86.1172 0.0000e+00
        340 265.548690    0.02356     1.4139     84.835     15.139  47939.947    30.5353    11.1836     15.000    11.1823    23.2698     3.6837     5.2644     58.163    160.772    164.513    0.00219    6.33342    9.05108  276.41807   14.35683 7.3209e+00     5.5103     0.6071    85.9194 0.0000e+00
        345 265.548704    0.02389     1.4331     85.985     16.154  47945.892    30.5394    11.1859     16.000    11.1862    23.2726     3.6873     5.2696     58.225    160.932    164.678    0.00186    6.33293    9.05039  276.39637   14.35577 5.7921e+00     5.3591     0.6098    85.8618 0.0000e+00
        349 265.548716    0.02419     1.4515     87.088     17.158  47949.818    30.5424    11.1915     17.000    11.1939    23.2740     3.6931     5.2778     58.324    161.184    164.935    0.00181    6.33204    9.04913  276.35721   14.35388 4.6318e+00     5.5928     0.5880    86.3296 0.0000e+00
        354 265.548731    0.02453     1.4718     88.306     18.174  47969.485    30.5576    11.2078     18.000    11.2140    23.2830     3.6991     5.2864     58.444    161.441    165.201    0.00196    6.32923    9.04510  276.23197   14.34783 3.6689e+00     5.6441     0.5929    86.2244 0.0000e+00
        358 265.548742    0.02482     1.4894     89.362     19.175  47965.367    30.5560    11.2229     19.000    11.2240    23.2790     3.7025     5.2913     58.518    161.593    165.355    0.00186    6.32724    9.04226  276.14611   14.34373 2.9458e+00     5.2605     0.5724    86.6668 0.0000e+00
        363 265.548757    0.02516     1.5094     90.564     20.195  47956.371    30.5496    11.2262     20.000    11.2232    23.2735     3.7072     5.2980     58.593    161.798    165.564    0.00165    6.32707    9.04201  276.13989   14.34345 2.3706e+00     4.5342     0.5640    86.8491 0.0000e+00
        367 265.548768    0.02544     1.5262     91.571     21.197  47959.919    30.5516    11.2261     21.000    11.2244    23.2751     3.7116     5.3042     58.663    161.990    165.760    0.00161    6.32699    9.04189  276.13599   14.34326 1.9077e+00     4.6817     0.5638    86.8549 0.0000e+00
        371 265.548780    0.02571     1.5429     92.572     22.214  47964.966    30.5551    11.2286     22.000    11.2282    23.2774     3.7139     5.3075     58.704    162.089    165.863    0.00135    6.32651    9.04122  276.11471   14.34223 1.5437e+00     4.8511     0.5738    86.6359 0.0000e+00
        375 265.548790    0.02595     1.5573     93.440     23.214  47976.390    30.5632    11.2335     23.000    11.2342    23.2830     3.7144     5.3083     58.721    162.112    165.886    0.00112    6.32552    9.03980  276.07014   14.34006 1.2543e+00     4.3403     0.5583    86.9740 0.0000e+00
        379 265.548802    0.02624     1.5745     94.468     24.223  47977.031    30.5639    11.2389     24.000    11.2368    23.2825     3.7168     5.3117     58.767    162.217    165.994    0.00101    6.32476    9.03872  276.03724   14.33848 1.0343e+00     4.2741     0.5201    87.8076 0.0000e+00
        384 265.548816    0.02658     1.5947     95.684     25.241  47984.528    30.5689    11.2403     25.000    11.2372    23.2862     3.7176     5.3127     58.781    162.247    166.025    0.00080    6.32437    9.03816  276.01894   14.33758 8.4491e-01     3.5449     0.5232    87.7393 0.0000e+00
        388 265.548827    0.02685     1.6111     96.665     26.253  47999.937    30.5794    11.2402     26.000    11.2366    23.2944     3.7164     5.3110     58.766    162.193    165.971    0.00029    6.32396    9.03758  275.99902   14.33659 6.8860e-01     2.7363     0.5425    87.3165 0.0000e+00
        391 265.548837    0.02708     1.6250     97.501     27.247  48032.076    30.6016    11.2393     27.000    11.2350    23.3119     3.7177     5.3129     58.794    162.248    166.030    0.00043    6.32319    9.03647  275.96051   14.33465 5.6313e-01     2.9528     0.5612    86.9109 0.0000e+00
        396 265.548850    0.02740     1.6441     98.646     28.272  48056.655    30.6184    11.2370     28.000    11.2330    23.3252     3.7151     5.3092     58.757    162.133    165.915   -0.00002    6.32282    9.03595  275.94088   14.33365 4.6158e-01     3.2566     0.5983    86.1055 0.0000e+00
        399 265.548861    0.02767     1.6602     99.611     29.269  48069.283    30.6268    11.2359     29.000    11.2313    23.3320     3.7152     5.3094     58.760    162.137    165.920   -0.00001    6.32265    9.03569  275.93152   14.33317 3.6943e-01     3.7555     0.6307    85.4131 0.0000e+00
        404 265.548874    0.02799     1.6792    100.751     30.288  48079.165    30.6331    11.2338     30.000    11.2297    23.3373     3.7110     5.3033     58.693    161.952    165.731   -0.00053    6.32267    9.03573  275.93095   14.33311 2.9844e-01     3.6429     0.6634    84.7184 0.0000e+00
        409 265.548888    0.02830     1.6985    101.912     31.263  48083.724    30.6358    11.2325     31.000    11.2288    23.3396     3.7099     5.3018     58.676    161.906    165.686   -0.00055    6.32274    9.03583  275.93328   14.33321 2.3734e-01     4.6067     0.6971    84.0066 0.0000e+00
