CTD-processing/allCTD/CNV/2020_08-14_alongbay_skb03_cast151_4141.cnv
* Sea-Bird SBE19plus Data File:
* FileName = E:\2020_08-14_AlongBay\2020_08-14_AlongBay_SKB0_cast151.hex
* Software Version 1.59
* Temperature SN =  4141
* Conductivity SN =  4141
* System UpLoad Time = Aug 18 2020 10:53:48
** Cook Inlet LTM AlongBay
** Date: 2020_08-14
** Station:SKB03
** Start Time: (AKDT):12:08
** Depth (m):109
** Comment:
** Comment:
# nquan = 27
# nvalues = 104                         
# units = specified
# name 0 = scan: Scan Count
# name 1 = timeJ: Julian Days
# name 2 = timeH: Time, Elapsed [hours]
# name 3 = timeM: Time, Elapsed [minutes]
# name 4 = timeS: Time, Elapsed [seconds]
# name 5 = prdM: Pressure, Strain Gauge [db]
# name 6 = specc: Specific Conductance [uS/cm]
# name 7 = sal00: Salinity, Practical [PSU]
# name 8 = tv290C: Temperature [ITS-90, deg C]
# name 9 = depSM: Depth [salt water, m], lat = 59.00
# name 10 = potemp090C: Potential Temperature [ITS-90, deg C]
# name 11 = sigma-é00: Density [sigma-theta, kg/m^3]
# name 12 = sbeox0ML/L: Oxygen, SBE 43 [ml/l]
# name 13 = sbeox0Mg/L: Oxygen, SBE 43 [mg/l]
# name 14 = sbeox0PS: Oxygen, SBE 43 [% saturation]
# name 15 = sbox0Mm/Kg: Oxygen, SBE 43 [umol/kg]
# name 16 = sbeox0Mm/L: Oxygen, SBE 43 [umol/l]
# name 17 = sbox0dV/dT: Oxygen, SBE 43 [dov/dt]
# name 18 = oxsolML/L: Oxygen Saturation, Garcia & Gordon [ml/l]
# name 19 = oxsolMg/L: Oxygen Saturation, Garcia & Gordon [mg/l]
# name 20 = oxsolMm/Kg: Oxygen Saturation, Garcia & Gordon [umol/kg]
# name 21 = n2satMg/L: Nitrogen Saturation [mg/l]
# name 22 = par: PAR/Irradiance, Biospherical/Licor
# name 23 = wetStar: Fluorescence, WET Labs WETstar [mg/m^3]
# name 24 = CStarAt0: Beam Attenuation, WET Labs C-Star [1/m]
# name 25 = CStarTr0: Beam Transmission, WET Labs C-Star [%]
# name 26 = flag: flag
# span 0 =        183,        872       
# span 1 = 227.506083, 227.508076       
# span 2 =    0.01265,    0.06049       
# span 3 =     0.7592,     3.6291       
# span 4 =     45.553,    217.744       
# span 5 =      1.013,    104.961       
# span 6 =  47897.217,  49821.624       
# span 7 =    30.6704,    31.6043       
# span 8 =     9.3776,    12.8879       
# span 9 =      1.000,    104.000       
# span 10 =     9.3631,    12.8684      
# span 11 =    23.0788,    24.4033      
# span 12 =     5.7601,     6.4554      
# span 13 =     8.2318,     9.2254      
# span 14 =     88.041,    104.538      
# span 15 =    251.121,    281.701      
# span 16 =    257.250,    288.296      
# span 17 =   -0.01686,    0.01107      
# span 18 =    6.10147,    6.54262      
# span 19 =    8.71961,    9.35006      
# span 20 =  266.33235,  285.23306      
# span 21 =   13.87253,   14.77439      
# span 22 = 5.3811e-02, 8.6964e+01      
# span 23 =     0.3688,     6.8859      
# span 24 =     0.1292,     4.0421      
# span 25 =    48.1073,    96.8220      
# span 26 = 0.0000e+00, 0.0000e+00      
# interval = meters: 1                  
# start_time = Aug 14 2020 12:08:00 [Instrument's time stamp, header]
# bad_flag = -9.990e-29
*END*
        183 227.506083    0.01265     0.7592     45.553      1.013  47983.931    30.7302    12.8879      1.000    12.8684    23.1089     5.8770     8.3988     96.314    256.533    262.465    0.01107    6.10147    8.71961  266.33235   13.87253 6.1999e+01     1.1844     4.0421    48.1073 0.0000e+00
        441 227.506830    0.03058     1.8348    110.085      2.018  47897.217    30.6704    12.8040      2.000    12.7151    23.0788     6.3922     9.1351    104.538    279.038    285.477   -0.00280    6.11481    8.73867  266.92712   13.90132 4.5921e+01     2.1179     0.7761    81.2255 0.0000e+00
        437 227.506816    0.03027     1.8159    108.953      3.030  48024.930    30.7370    12.5477      3.000    12.3947    23.1789     6.4109     9.1619    104.327    279.826    286.313   -0.00138    6.14508    8.78193  268.22191   13.96317 4.2088e+01     2.1412     0.9179    79.4955 0.0000e+00
        441 227.506829    0.03055     1.8331    109.984      4.036  48245.891    30.8716    12.3141      4.000    12.2525    23.3270     6.4303     9.1895    104.218    280.631    287.178   -0.00226    6.17004    8.81761  269.27282   14.01304 5.4886e+01     2.4980     0.9149    79.5544 0.0000e+00
        445 227.506841    0.03085     1.8514    111.084      5.048  48341.272    30.9283    12.2032      5.000    12.1681    23.3915     6.4524     9.2211    104.369    281.577    288.164   -0.00075    6.18225    8.83505  269.78824   14.03753 7.3076e+01     3.1426     0.9097    79.6579 0.0000e+00
        450 227.506854    0.03115     1.8693    112.159      6.053  48366.978    30.9387    12.1263      6.000    12.1023    23.4137     6.4554     9.2254    104.255    281.701    288.296   -0.00098    6.19186    8.84878  270.20200   14.05734 8.6964e+01     3.9770     0.9072    79.7126 0.0000e+00
        454 227.506867    0.03149     1.8891    113.343      7.069  48456.017    30.9989    12.0992      7.000    12.0970    23.4654     6.4385     9.2014    103.964    280.954    287.547   -0.00286    6.19306    8.85050  270.24080   14.05896 8.1233e+01     4.8767     0.8570    80.7149 0.0000e+00
        459 227.506881    0.03180     1.9076    114.458      8.076  48491.006    31.0221    12.0863      8.000    12.0735    23.4858     6.4184     9.1726    103.626    280.070    286.648   -0.00459    6.19384    8.85161  270.26928   14.06023 7.1584e+01     5.3154     0.8614    80.6266 0.0000e+00
        463 227.506892    0.03209     1.9255    115.531      9.088  48519.122    31.0389    12.0581      9.000    12.0373    23.5040     6.4177     9.1715    103.563    280.032    286.614   -0.00366    6.19688    8.85595  270.39704   14.06629 5.9337e+01     6.1980     0.8371    81.1176 0.0000e+00
        467 227.506904    0.03236     1.9417    116.504     10.094  48525.478    31.0384    12.0127     10.000    11.9668    23.5121     6.4163     9.1695    103.441    279.968    286.550   -0.00341    6.20283    8.86447  270.65486   14.07865 4.8564e+01     6.6177     0.8408    81.0437 0.0000e+00
        471 227.506916    0.03264     1.9585    117.511     11.104  48588.549    31.0734    11.9188     11.000    11.8727    23.5564     6.4149     9.1675    103.237    279.896    286.490   -0.00416    6.21379    8.88013  271.12136   14.10088 3.9627e+01     6.8859     0.7731    82.4280 0.0000e+00
        475 227.506927    0.03293     1.9754    118.523     12.118  48634.429    31.0967    11.8319     12.000    11.7829    23.5904     6.4156     9.1686    103.074    279.918    286.522   -0.00383    6.22431    8.89517  271.57142   14.12236 3.2169e+01     6.7398     0.7327    83.2625 0.0000e+00
        479 227.506938    0.03318     1.9908    119.447     13.119  48630.191    31.0829    11.7305     13.000    11.6615    23.5980     6.4026     9.1500    102.634    279.348    285.941   -0.00608    6.23827    8.91510  272.17801   14.15149 2.6008e+01     6.4336     0.7046    83.8500 0.0000e+00
        483 227.506949    0.03346     2.0076    120.457     14.134  48702.280    31.1217    11.6157     14.000    11.5837    23.6488     6.3898     9.1317    102.206    278.777    285.369   -0.00766    6.25196    8.93467  272.76202   14.17933 2.1693e+01     6.1399     0.5949    86.1827 0.0000e+00
        487 227.506961    0.03373     2.0239    121.431     15.141  48726.977    31.1326    11.5569     15.000    11.5220    23.6679     6.3611     9.0907    101.626    277.520    284.088   -0.00916    6.25935    8.94525  273.07949   14.19450 1.8291e+01     5.4649     0.5217    87.7718 0.0000e+00
        491 227.506972    0.03401     2.0406    122.437     16.152  48772.996    31.1573    11.4862     16.000    11.4535    23.6997     6.3097     9.0173    100.669    275.270    281.794   -0.01332    6.26781    8.95734  273.44019   14.21169 1.5353e+01     4.8729     0.4693    88.9307 0.0000e+00
        495 227.506984    0.03430     2.0575    123.451     17.160  48811.241    31.1783    11.4322     17.000    11.4103    23.7256     6.2614     8.9483     99.797    273.157    279.637   -0.01565    6.27420    8.96645  273.71161   14.22461 1.3072e+01     4.0904     0.4292    89.8270 0.0000e+00
        499 227.506996    0.03457     2.0744    124.462     18.173  48820.746    31.1806    11.3949     18.000    11.3625    23.7340     6.2132     8.8793     98.950    271.047    277.480   -0.01686    6.27911    8.97346  273.92330   14.23474 1.1154e+01     3.6393     0.4186    90.0631 0.0000e+00
        503 227.507008    0.03486     2.0914    125.484     19.178  48865.886    31.2048    11.3275     19.000    11.3048    23.7649     6.1905     8.8468     98.462    270.050    276.467   -0.01554    6.28718    8.98501  274.26761   14.25114 9.4635e+00     3.5520     0.4267    89.8823 0.0000e+00
        507 227.507021    0.03516     2.1096    126.573     20.191  48895.655    31.2218    11.2932     20.000    11.2781    23.7841     6.1754     8.8253     98.161    269.388    275.795   -0.01308    6.29112    8.99064  274.43433   14.25906 7.9797e+00     3.6594     0.4293    89.8246 0.0000e+00
        512 227.507033    0.03546     2.1273    127.637     21.196  48919.183    31.2353    11.2674     21.000    11.2578    23.7991     6.1707     8.8186     98.041    269.179    275.585   -0.00984    6.29405    8.99483  274.55792   14.26493 6.7359e+00     3.8001     0.4200    90.0321 0.0000e+00
        516 227.507047    0.03577     2.1466    128.795     22.209  48936.972    31.2462    11.2551     22.000    11.2495    23.8098     6.1635     8.8082     97.907    268.858    275.260   -0.00764    6.29528    8.99659  274.60898   14.26733 5.6897e+00     3.5899     0.4124    90.2035 0.0000e+00
        521 227.507059    0.03608     2.1650    129.898     23.216  48942.310    31.2487    11.2483     23.000    11.2295    23.8130     6.1450     8.7819     97.601    268.055    274.438   -0.00696    6.29608    8.99773  274.64289   14.26895 4.7897e+00     3.4063     0.4091    90.2797 0.0000e+00
        525 227.507073    0.03642     2.1853    131.116     24.229  48945.827    31.2439    11.1859     24.000    11.1466    23.8202     6.1568     8.7987     97.654    268.565    274.962   -0.00491    6.30469    9.01003  275.01645   14.28686 4.0681e+00     3.2988     0.3701    91.1627 0.0000e+00
        530 227.507086    0.03674     2.2039    132.232     25.241  48965.491    31.2492    11.1124     25.000    11.0805    23.8373     6.1589     8.8016     97.536    268.650    275.054   -0.00397    6.31442    9.02393  275.43627   14.30695 3.4493e+00     3.0315     0.3366    91.9292 0.0000e+00
        534 227.507098    0.03700     2.2205    133.231     26.246  48982.024    31.2540    11.0540     26.000    11.0284    23.8512     6.1627     8.8070     97.477    268.813    275.224   -0.00349    6.32215    9.03499  275.76983   14.32291 2.9621e+00     2.7146     0.3143    92.4427 0.0000e+00
        538 227.507109    0.03729     2.2378    134.267     27.256  49010.854    31.2699    11.0177     27.000    11.0056    23.8699     6.1481     8.7862     97.180    268.172    274.573   -0.00419    6.32645    9.04113  275.95217   14.33158 2.5535e+00     2.5246     0.2907    92.9895 0.0000e+00
        542 227.507121    0.03758     2.2547    135.281     28.267  49022.626    31.2761    11.0026     28.000    10.9946    23.8774     6.1170     8.7417     96.661    266.812    273.183   -0.00680    6.32824    9.04369  276.02851   14.33521 2.2053e+00     2.2507     0.2802    93.2362 0.0000e+00
        546 227.507133    0.03786     2.2715    136.292     29.274  49023.379    31.2750    10.9914     29.000    10.9813    23.8784     6.0967     8.7127     96.316    265.926    272.276   -0.00715    6.32982    9.04594  276.09684   14.33849 1.9112e+00     2.0816     0.2668    93.5478 0.0000e+00
        550 227.507145    0.03815     2.2892    137.351     30.287  49034.382    31.2811    10.9805     30.000    10.9754    23.8851     6.0688     8.6729     95.857    264.710    271.032   -0.00826    6.33104    9.04770  276.14861   14.34095 1.6579e+00     1.9305     0.2450    94.0599 0.0000e+00
        554 227.507157    0.03843     2.3058    138.350     31.291  49033.419    31.2797    10.9778     31.000    10.9700    23.8845     6.0408     8.6329     95.408    263.489    269.782   -0.00891    6.33146    9.04830  276.16735   14.34185 1.4478e+00     1.7273     0.2332    94.3378 0.0000e+00
        559 227.507170    0.03874     2.3245    139.469     32.307  49028.886    31.2744    10.9634     32.000    10.9476    23.8829     6.0263     8.6121     95.147    262.855    269.133   -0.00802    6.33364    9.05141  276.26262   14.34643 1.2738e+00     1.5804     0.2095    94.8972 0.0000e+00
        563 227.507182    0.03903     2.3419    140.514     33.312  49068.521    31.2997    10.9416     33.000    10.9409    23.9063     6.0115     8.5911     94.885    262.207    268.475   -0.00743    6.33561    9.05421  276.34171   14.35011 1.1244e+00     1.3800     0.1933    95.2829 0.0000e+00
        568 227.507195    0.03935     2.3610    141.661     34.323  49061.635    31.2950    10.9475     34.000    10.9359    23.9017     5.9863     8.5550     94.496    261.108    267.349   -0.00774    6.33499    9.05334  276.31626   14.34892 9.9903e-01     1.1450     0.1780    95.6483 0.0000e+00
        572 227.507209    0.03968     2.3810    142.859     35.335  49043.290    31.2781    10.9171     35.000    10.8956    23.8939     5.9686     8.5297     94.143    260.334    266.554   -0.00755    6.33981    9.06022  276.52858   14.35916 8.8594e-01     0.9706     0.1670    95.9111 0.0000e+00
        577 227.507222    0.04000     2.4000    144.003     36.342  49078.642    31.2996    10.8902     36.000    10.8808    23.9152     5.9714     8.5337     94.147    260.453    266.682   -0.00537    6.34261    9.06423  276.64508   14.36465 7.9036e-01     0.9088     0.1699    95.8405 0.0000e+00
        582 227.507236    0.04032     2.4192    145.151     37.353  49088.329    31.3045    10.8765     37.000    10.8661    23.9214     5.9569     8.5130     93.893    259.819    266.034   -0.00511    6.34430    9.06665  276.71700   14.36807 7.0117e-01     0.9018     0.1765    95.6837 0.0000e+00
        586 227.507248    0.04062     2.4370    146.220     38.363  49100.951    31.3119    10.8669     38.000    10.8617    23.9289     5.9544     8.5095     93.839    259.709    265.924   -0.00431    6.34529    9.06806  276.75835   14.37002 6.2335e-01     0.9467     0.1806    95.5866 0.0000e+00
        590 227.507260    0.04089     2.4537    147.222     39.370  49101.532    31.3118    10.8659     39.000    10.8598    23.9289     5.9565     8.5125     93.871    259.800    266.017   -0.00288    6.34545    9.06828  276.76499   14.37034 5.5477e-01     0.9664     0.1869    95.4337 0.0000e+00
        594 227.507271    0.04118     2.4710    148.258     40.383  49088.653    31.3013    10.8571     40.000    10.8421    23.9223     5.9433     8.4935     93.638    259.227    265.428   -0.00336    6.34706    9.07059  276.83728   14.37385 4.9512e-01     0.9824     0.1915    95.3248 0.0000e+00
        598 227.507283    0.04146     2.4875    149.248     41.392  49092.881    31.3013    10.8356     41.000    10.8223    23.9261     5.9436     8.4939     93.599    259.238    265.440   -0.00318    6.35000    9.07480  276.96459   14.37994 4.4067e-01     0.9374     0.1691    95.8598 0.0000e+00
        602 227.507294    0.04173     2.5038    150.226     42.399  49108.359    31.3104    10.8227     42.000    10.8149    23.9353     5.9373     8.4851     93.481    258.965    265.163   -0.00284    6.35142    9.07681  277.02358   14.38273 3.9530e-01     0.8676     0.1700    95.8408 0.0000e+00
        606 227.507306    0.04201     2.5211    151.264     43.416  49115.622    31.3146    10.8185     43.000    10.8124    23.9394     5.9260     8.4689     93.296    258.468    264.655   -0.00347    6.35181    9.07738  277.03998   14.38350 3.5400e-01     0.7933     0.1654    95.9492 0.0000e+00
        610 227.507317    0.04228     2.5367    152.199     44.416  49117.717    31.3151    10.8138     44.000    10.8014    23.9406     5.9158     8.4543     93.128    258.025    264.203   -0.00374    6.35243    9.07826  277.06649   14.38477 3.1768e-01     0.7331     0.1666    95.9199 0.0000e+00
        614 227.507329    0.04257     2.5540    153.243     45.431  49136.137    31.3256    10.7951     45.000    10.7787    23.9520     5.9010     8.4331     92.862    257.373    263.537   -0.00427    6.35457    9.08131  277.15642   14.38903 2.8556e-01     0.6940     0.1738    95.7477 0.0000e+00
        618 227.507341    0.04285     2.5709    154.254     46.438  49152.427    31.3341    10.7728     46.000    10.7579    23.9625     5.8986     8.4298     92.786    257.270    263.434   -0.00408    6.35729    9.08520  277.27247   14.39455 2.5739e-01     0.6635     0.1776    95.6579 0.0000e+00
        622 227.507353    0.04314     2.5884    155.303     47.449  49164.860    31.3404    10.7545     47.000    10.7347    23.9705     5.8909     8.4186     92.631    256.927    263.085   -0.00353    6.35954    9.08842  277.36839   14.39912 2.3244e-01     0.6253     0.1742    95.7398 0.0000e+00
        626 227.507365    0.04343     2.6060    156.358     48.458  49178.443    31.3453    10.7187     48.000    10.6966    23.9805     5.8783     8.4007     92.364    256.376    262.525   -0.00455    6.36425    9.09515  277.57124   14.40882 2.1046e-01     0.5889     0.1581    96.1255 0.0000e+00
        631 227.507378    0.04373     2.6238    157.426     49.467  49203.459    31.3590    10.6881     49.000    10.6731    23.9964     5.8758     8.3972     92.274    256.268    262.417   -0.00409    6.36791    9.10038  277.72644   14.41619 1.9194e-01     0.5440     0.1404    96.5505 0.0000e+00
        635 227.507391    0.04404     2.6425    158.548     50.476  49217.709    31.3665    10.6698     50.000    10.6582    24.0053     5.8640     8.3803     92.055    255.749    261.888   -0.00395    6.37013    9.10355  277.82087   14.42069 1.7566e-01     0.5099     0.1374    96.6245 0.0000e+00
        640 227.507405    0.04438     2.6628    159.766     51.489  49230.883    31.3741    10.6579     51.000    10.6483    24.0132     5.8580     8.3717     91.941    255.482    261.617   -0.00373    6.37145    9.10544  277.87637   14.42331 1.6141e-01     0.4935     0.1292    96.8220 0.0000e+00
        645 227.507418    0.04470     2.6824    160.944     52.496  49244.732    31.3823    10.6486     52.000    10.6383    24.0213     5.8523     8.3635     91.838    255.233    261.364   -0.00317    6.37241    9.10681  277.91577   14.42517 1.4889e-01     0.5379     0.1309    96.7808 0.0000e+00
        650 227.507433    0.04505     2.7029    162.177     53.512  49258.496    31.3905    10.6392     53.000    10.6294    24.0293     5.8488     8.3585     91.769    255.077    261.206   -0.00268    6.37338    9.10820  277.95606   14.42706 1.3788e-01     0.4992     0.1294    96.8180 0.0000e+00
