CTD-processing/allCTD/CNV/2020_10-15_t9_s09_cast068_4141.cnv
* Sea-Bird SBE19plus Data File:
* FileName = C:\Users\steve\Desktop\GWA CTD\2020_10-15_T9\2020_10-15_T9_S0_cast068.hex
* Software Version 1.59
* Temperature SN =  4141
* Conductivity SN =  4141
* System UpLoad Time = Oct 21 2020 11:04:24
** Cook Inlet LTM Transect 9
** Date: 10-15-2020
** Station:S09
** Start Time (AKDT):15:44
** Depth (m):83
** Comment:
** Comment:
# nquan = 27
# nvalues = 79                          
# units = specified
# name 0 = scan: Scan Count
# name 1 = timeJ: Julian Days
# name 2 = timeH: Time, Elapsed [hours]
# name 3 = timeM: Time, Elapsed [minutes]
# name 4 = timeS: Time, Elapsed [seconds]
# name 5 = prdM: Pressure, Strain Gauge [db]
# name 6 = specc: Specific Conductance [uS/cm]
# name 7 = sal00: Salinity, Practical [PSU]
# name 8 = tv290C: Temperature [ITS-90, deg C]
# name 9 = depSM: Depth [salt water, m], lat = 59.00
# name 10 = potemp090C: Potential Temperature [ITS-90, deg C]
# name 11 = sigma-é00: Density [sigma-theta, kg/m^3]
# name 12 = sbeox0ML/L: Oxygen, SBE 43 [ml/l]
# name 13 = sbeox0Mg/L: Oxygen, SBE 43 [mg/l]
# name 14 = sbeox0PS: Oxygen, SBE 43 [% saturation]
# name 15 = sbox0Mm/Kg: Oxygen, SBE 43 [umol/kg]
# name 16 = sbeox0Mm/L: Oxygen, SBE 43 [umol/l]
# name 17 = sbox0dV/dT: Oxygen, SBE 43 [dov/dt]
# name 18 = oxsolML/L: Oxygen Saturation, Garcia & Gordon [ml/l]
# name 19 = oxsolMg/L: Oxygen Saturation, Garcia & Gordon [mg/l]
# name 20 = oxsolMm/Kg: Oxygen Saturation, Garcia & Gordon [umol/kg]
# name 21 = n2satMg/L: Nitrogen Saturation [mg/l]
# name 22 = par: PAR/Irradiance, Biospherical/Licor
# name 23 = wetStar: Fluorescence, WET Labs WETstar [mg/m^3]
# name 24 = CStarAt0: Beam Attenuation, WET Labs C-Star [1/m]
# name 25 = CStarTr0: Beam Transmission, WET Labs C-Star [%]
# name 26 = flag: flag
# span 0 =        270,        598       
# span 1 = 289.656172, 289.657119       
# span 2 =    0.01867,    0.04143       
# span 3 =     1.1204,     2.4857       
# span 4 =     67.224,    149.139       
# span 5 =      1.030,     79.716       
# span 6 =  46201.263,  48146.056       
# span 7 =    29.1986,    30.5813       
# span 8 =    10.1044,    10.6665       
# span 9 =      1.000,     79.000       
# span 10 =    10.1007,    10.6626      
# span 11 =    22.4092,    23.4189      
# span 12 =     3.4822,     3.8139      
# span 13 =     4.9765,     5.4505      
# span 14 =     54.229,     58.677      
# span 15 =    151.963,    166.556      
# span 16 =    155.519,    170.328      
# span 17 =   -0.00310,    0.00362      
# span 18 =    6.41264,    6.53864      
# span 19 =    9.16430,    9.34438      
# span 20 =  279.89073,  285.61539      
# span 21 =   14.52386,   14.80243      
# span 22 = 4.9479e-02, 2.8805e+02      
# span 23 =     0.3604,     2.0929      
# span 24 =     0.8262,     2.8229      
# span 25 =    49.3776,    81.3389      
# span 26 = 0.0000e+00, 0.0000e+00      
# interval = meters: 1                  
# start_time = Oct 15 2020 15:43:46 [Instrument's time stamp, header]
# bad_flag = -9.990e-29
*END*
        270 289.656172    0.01867     1.1204     67.224      1.030  46201.263    29.1986    10.1066      1.000    10.1007    22.4092     3.6910     5.2748     56.449    161.227    164.840    0.00196    6.53864    9.34438  285.61539   14.80243 2.8805e+02     1.7626     1.0530    76.8647 0.0000e+00
        274 289.656183    0.01895     1.1370     68.217      2.018  46310.347    29.2742    10.1044      2.000    10.1113    22.4685     3.6970     5.2834     56.566    161.481    165.110    0.00216    6.53578    9.34030  285.47418   14.79538 1.7922e+02     1.5782     0.9241    79.3666 0.0000e+00
        278 289.656195    0.01924     1.1539     69.232      3.028  46308.146    29.2735    10.1147      3.000    10.1163    22.4663     3.7099     5.3019     56.776    162.045    165.685    0.00279    6.53435    9.33823  285.41168   14.79239 1.2895e+02     1.4175     0.8920    80.0117 0.0000e+00
        282 289.656207    0.01952     1.1711     70.265      4.038  46320.594    29.2823    10.1185      4.000    10.1202    22.4726     3.7224     5.3197     56.975    162.589    166.243    0.00331    6.53342    9.33692  285.36990   14.79035 9.1493e+01     1.5082     0.8634    80.5849 0.0000e+00
        286 289.656219    0.01981     1.1885     71.308      5.044  46350.106    29.3031    10.1239      5.000    10.1267    22.4880     3.7351     5.3378     57.183    163.140    166.810    0.00362    6.53179    9.33457  285.29389   14.78664 6.8420e+01     1.7441     0.8562    80.7311 0.0000e+00
        291 289.656232    0.02013     1.2079     72.474      6.057  46354.019    29.3062    10.1296      6.000    10.1297    22.4894     3.7456     5.3528     57.353    163.600    167.279    0.00358    6.53085    9.33324  285.25279   14.78466 5.1026e+01     1.8660     0.8370    81.1203 0.0000e+00
        296 289.656246    0.02046     1.2275     73.653      7.068  46359.439    29.3097    10.1310      7.000    10.1308    22.4920     3.7557     5.3674     57.512    164.044    167.734    0.00341    6.53051    9.33275  285.23677   14.78387 3.9658e+01     1.9408     0.8262    81.3389 0.0000e+00
        300 289.656259    0.02077     1.2466     74.794      8.076  46367.482    29.3151    10.1325      8.000    10.1322    22.4959     3.7688     5.3860     57.715    164.613    168.316    0.00356    6.53007    9.33211  285.21641   14.78288 3.0562e+01     1.8707     0.8498    80.8619 0.0000e+00
        304 289.656271    0.02107     1.2640     75.842      9.086  46368.373    29.3155    10.1336      9.000    10.1326    22.4961     3.7752     5.3951     57.814    164.891    168.601    0.00321    6.52989    9.33187  285.20889   14.78252 2.4131e+01     1.8741     0.8940    79.9714 0.0000e+00
        308 289.656283    0.02135     1.2807     76.841     10.096  46389.994    29.3303    10.1343     10.000    10.1350    22.5075     3.7786     5.4000     57.872    165.037    168.752    0.00257    6.52917    9.33085  285.17432   14.78081 1.8987e+01     1.8615     0.9508    78.8462 0.0000e+00
        312 289.656294    0.02161     1.2965     77.789     11.106  46401.259    29.3382    10.1378     11.000    10.1365    22.5132     3.7904     5.4169     58.062    165.554    169.281    0.00304    6.52834    9.32964  285.13607   14.77895 1.4784e+01     1.9745     0.9834    78.2032 0.0000e+00
        316 289.656304    0.02186     1.3117     78.701     12.111  46411.475    29.3448    10.1372     12.000    10.1366    22.5184     3.7963     5.4254     58.154    165.812    169.545    0.00299    6.52814    9.32937  285.12619   14.77845 1.1742e+01     2.0929     1.0093    77.7000 0.0000e+00
        320 289.656316    0.02213     1.3281     79.689     13.124  46476.014    29.3902    10.1425     13.000    10.1523    22.5530     3.7987     5.4287     58.214    165.909    169.650    0.00236    6.52549    9.32558  285.00069   14.77225 9.4243e+00     2.0401     1.0131    77.6241 0.0000e+00
        324 289.656327    0.02240     1.3443     80.659     14.134  46573.166    29.4610    10.1699     14.000    10.1815    22.6037     3.8013     5.4325     58.316    166.017    169.769    0.00244    6.51863    9.31577  284.68675   14.75696 7.6236e+00     2.0773     1.0274    77.3485 0.0000e+00
        327 289.656338    0.02266     1.3595     81.570     15.142  46574.729    29.4637    10.1870     15.000    10.1895    22.6030     3.8024     5.4340     58.353    166.060    169.814    0.00202    6.51608    9.31212  284.57550   14.75162 6.1088e+00     1.7680     1.0741    76.4517 0.0000e+00
        331 289.656348    0.02292     1.3749     82.493     16.151  46597.005    29.4797    10.1944     16.000    10.1963    22.6144     3.8086     5.4430     58.465    166.332    170.093    0.00209    6.51434    9.30965  284.49688   14.74779 4.8232e+00     1.7936     1.1082    75.8010 0.0000e+00
        335 289.656360    0.02319     1.3915     83.492     17.160  46621.471    29.4974    10.2028     17.000    10.2056    22.6268     3.8116     5.4471     58.528    166.458    170.224    0.00201    6.51241    9.30689  284.40904   14.74352 3.8415e+00     1.6437     1.0767    76.4047 0.0000e+00
        339 289.656372    0.02349     1.4094     84.564     18.170  46644.431    29.5143    10.2131     18.000    10.2172    22.6383     3.8121     5.4479     58.556    166.480    170.249    0.00147    6.51022    9.30377  284.31052   14.73874 3.0649e+00     1.4559     1.0081    77.7239 0.0000e+00
        344 289.656385    0.02379     1.4272     85.631     19.182  46666.454    29.5308    10.2258     19.000    10.2289    22.6491     3.8139     5.4505     58.605    166.556    170.328    0.00140    6.50774    9.30021  284.19886   14.73333 2.4294e+00     1.4127     0.9995    77.8887 0.0000e+00
        348 289.656397    0.02407     1.4443     86.660     20.187  46709.047    29.5617    10.2380     20.000    10.2424    22.6712     3.8117     5.4472     58.598    166.455    170.229    0.00085    6.50471    9.29588  284.06040   14.72658 1.9366e+00     1.4830     1.0110    77.6683 0.0000e+00
        352 289.656409    0.02439     1.4631     87.787     21.201  46731.876    29.5786    10.2501     21.000    10.2537    22.6825     3.8130     5.4492     58.641    166.513    170.290    0.00082    6.50230    9.29244  283.95186   14.72132 1.5497e+00     1.4163     1.0569    76.7811 0.0000e+00
        356 289.656422    0.02467     1.4804     88.826     22.211  46823.936    29.6447    10.2666     22.000    10.2824    22.7313     3.8103     5.4453     58.645    166.387    170.169    0.00062    6.49720    9.28514  283.71554   14.70974 1.2287e+00     1.3515     1.1271    75.4468 0.0000e+00
        360 289.656433    0.02494     1.4966     89.798     23.217  47172.058    29.8958    10.3290     23.000    10.3859    22.9166     3.8000     5.4306     58.661    165.908    169.710    0.00045    6.47796    9.25766  282.82447   14.66609 9.7182e-01     1.3134     1.0801    76.3388 0.0000e+00
        364 289.656445    0.02523     1.5135     90.812     24.228  47122.934    29.8716    10.4227     24.000    10.4320    22.8825     3.7940     5.4219     58.677    165.646    169.437    0.00053    6.46574    9.24019  282.30020   14.64110 7.6642e-01     1.2322     1.0970    76.0151 0.0000e+00
        368 289.656456    0.02550     1.5302     91.811     25.238  47419.050    30.0841    10.4640     25.000    10.5115    23.0411     3.7820     5.4050     58.626    165.102    168.907   -0.00002    6.45117    9.21937  281.62040   14.60771 6.0555e-01     1.0389     1.1168    75.6386 0.0000e+00
        372 289.656468    0.02577     1.5466     92.796     26.246  47632.808    30.2459    10.5675     26.000    10.6077    23.1498     3.7702     5.3880     58.635    164.569    168.379    0.00008    6.43004    9.18916  280.66807   14.56149 4.7385e-01     0.9400     1.2335    73.4773 0.0000e+00
        376 289.656479    0.02606     1.5635     93.813     27.256  47639.451    30.2580    10.6366     27.000    10.6444    23.1478     3.7610     5.3749     58.584    164.168    167.968   -0.00029    6.41990    9.17467  280.22596   14.54028 3.6120e-01     0.8313     1.3501    71.3568 0.0000e+00
        380 289.656491    0.02635     1.5811     94.864     28.268  47629.455    30.2523    10.6525     28.000    10.6505    23.1407     3.7561     5.3679     58.525    163.954    167.748   -0.00059    6.41791    9.17184  280.14115   14.53624 2.7561e-01     0.7068     1.3943    70.5711 0.0000e+00
        384 289.656503    0.02663     1.5979     95.872     29.275  47646.762    30.2643    10.6542     29.000    10.6525    23.1498     3.7512     5.3608     58.454    163.735    167.526   -0.00099    6.41718    9.17079  280.10681   14.53454 2.1250e-01     0.6985     1.3747    70.9170 0.0000e+00
        389 289.656516    0.02693     1.6160     96.963     30.284  47694.008    30.2978    10.6589     30.000    10.6558    23.1750     3.7458     5.3531     58.390    163.499    167.288   -0.00113    6.41517    9.16792  280.01219   14.52988 1.6476e-01     0.7378     1.5315    68.1964 0.0000e+00
        393 289.656529    0.02725     1.6350     98.098     31.298  47680.740    30.2877    10.6567     31.000    10.6529    23.1676     3.7373     5.3410     58.251    163.129    166.909   -0.00166    6.41588    9.16894  280.04530   14.53151 1.2573e-01     0.6614     1.5526    67.8321 0.0000e+00
        397 289.656540    0.02753     1.6517     99.102     32.302  47707.192    30.3062    10.6585     32.000    10.6571    23.1816     3.7278     5.3273     58.111    162.711    166.483   -0.00226    6.41488    9.16751  279.99783   14.52916 9.9244e-02     0.6625     1.5379    68.0812 0.0000e+00
        402 289.656553    0.02784     1.6700    100.199     33.310  47722.590    30.3173    10.6639     33.000    10.6616    23.1894     3.7221     5.3193     58.034    162.463    166.230   -0.00212    6.41367    9.16578  279.94296   14.52649 8.2415e-02     0.6233     1.5165    68.4465 0.0000e+00
        407 289.656568    0.02818     1.6910    101.463     34.324  47727.720    30.3207    10.6662     34.000    10.6626    23.1917     3.7126     5.3057     57.890    162.046    165.804   -0.00235    6.41321    9.16512  279.92196   14.52547 7.1337e-02     0.5843     1.5257    68.2905 0.0000e+00
        412 289.656583    0.02853     1.7120    102.717     35.339  47736.156    30.3262    10.6665     35.000    10.6617    23.1960     3.7026     5.2914     57.737    161.610    165.358   -0.00259    6.41294    9.16474  279.90933   14.52484 6.3967e-02     0.5471     1.5807    67.3565 0.0000e+00
        416 289.656594    0.02882     1.7290    103.739     36.342  47771.488    30.3502    10.6617     36.000    10.6520    23.2155     3.6941     5.2793     57.607    161.237    164.981   -0.00274    6.41264    9.16430  279.89073   14.52386 5.9268e-02     0.5615     1.7155    65.1333 0.0000e+00
        420 289.656607    0.02911     1.7466    104.794     37.357  47820.756    30.3831    10.6495     37.000    10.6408    23.2431     3.6876     5.2699     57.502    160.947    164.688   -0.00269    6.41299    9.16480  279.89839   14.52409 5.5920e-02     0.5728     1.9511    61.4137 0.0000e+00
        424 289.656617    0.02937     1.7625    105.748     38.358  47842.081    30.3970    10.6427     38.000    10.6348    23.2551     3.6817     5.2615     57.406    160.685    164.422   -0.00264    6.41337    9.16535  279.91183   14.52468 5.3580e-02     0.5419     1.9047    62.1358 0.0000e+00
        428 289.656630    0.02967     1.7802    106.811     39.375  47879.426    30.4217    10.6326     39.000    10.6207    23.2761     3.6740     5.2505     57.283    160.348    164.080   -0.00270    6.41376    9.16590  279.92286   14.52511 5.2064e-02     0.5141     1.8370    63.1789 0.0000e+00
        432 289.656642    0.02995     1.7973    107.837     40.379  47912.661    30.4432    10.6193     40.000    10.6116    23.2950     3.6685     5.2428     57.190    160.109    163.838   -0.00259    6.41473    9.16729  279.96031   14.52681 5.1037e-02     0.5003     1.9524    61.3821 0.0000e+00
        437 289.656654    0.03025     1.8149    108.892     41.393  47928.611    30.4533    10.6131     41.000    10.6064    23.3040     3.6636     5.2357     57.108    159.890    163.617   -0.00246    6.41518    9.16793  279.97729   14.52758 5.0468e-02     0.4864     2.0022    60.6219 0.0000e+00
        441 289.656666    0.03053     1.8317    109.904     42.400  47938.844    30.4597    10.6094     42.000    10.6036    23.3096     3.6540     5.2219     56.956    159.469    163.187   -0.00268    6.41542    9.16828  279.98643   14.52800 5.0157e-02     0.4790     2.0605    59.7430 0.0000e+00
        445 289.656677    0.03081     1.8489    110.935     43.410  47942.210    30.4616    10.6088     43.000    10.6005    23.3111     3.6497     5.2157     56.889    159.281    162.994   -0.00257    6.41543    9.16829  279.98636   14.52799 4.9831e-02     0.4707     2.1018    59.1304 0.0000e+00
        449 289.656690    0.03110     1.8661    111.969     44.424  47966.919    30.4776    10.5996     44.000    10.5943    23.3251     3.6403     5.2023     56.738    158.871    162.576   -0.00270    6.41606    9.16920  280.01017   14.52906 4.9637e-02     0.4772     2.2142    57.4888 0.0000e+00
        453 289.656700    0.03137     1.8819    112.916     45.424  47976.263    30.4838    10.6002     45.000    10.5907    23.3299     3.6337     5.1929     56.637    158.579    162.279   -0.00277    6.41572    9.16871  279.99394   14.52826 4.9650e-02     0.4369     2.2548    56.9111 0.0000e+00
        457 289.656713    0.03168     1.9004    114.026     46.444  47995.988    30.4962    10.5910     46.000    10.5841    23.3412     3.6227     5.1773     56.460    158.101    161.792   -0.00310    6.41650    9.16982  280.02479   14.52969 4.9551e-02     0.4425     2.2735    56.6488 0.0000e+00
        461 289.656725    0.03195     1.9172    115.031     47.445  48003.973    30.5011    10.5882     47.000    10.5818    23.3455     3.6182     5.1709     56.388    157.905    161.592   -0.00279    6.41668    9.17007  280.03132   14.52998 4.9585e-02     0.4442     2.3718    55.2721 0.0000e+00
        465 289.656737    0.03224     1.9346    116.078     48.465  47996.794    30.4956    10.5877     48.000    10.5845    23.3413     3.6115     5.1612     56.281    157.611    161.291   -0.00267    6.41698    9.17050  280.04547   14.53068 4.9544e-02     0.4501     2.4037    54.8350 0.0000e+00
        469 289.656748    0.03249     1.9494    116.967     49.463  47982.849    30.4859    10.5920     49.000    10.5880    23.3330     3.6041     5.1507     56.168    157.291    160.960   -0.00279    6.41678    9.17022  280.03906   14.53042 4.9536e-02     0.4142     2.4603    54.0618 0.0000e+00
        473 289.656758    0.03276     1.9657    117.942     50.476  47991.616    30.4918    10.5933     50.000    10.5860    23.3374     3.5983     5.1423     56.080    157.034    160.699   -0.00268    6.41636    9.16962  280.01962   14.52945 4.9564e-02     0.4053     2.4206    54.6009 0.0000e+00
        477 289.656772    0.03307     1.9841    119.045     51.487  47997.960    30.4956    10.5905     51.000    10.5846    23.3407     3.5889     5.1288     55.931    156.623    160.278   -0.00284    6.41659    9.16995  280.02876   14.52988 4.9544e-02     0.4300     2.3952    54.9493 0.0000e+00
        482 289.656784    0.03338     2.0030    120.182     52.498  47992.264    30.4912    10.5916     52.000    10.5867    23.3373     3.5837     5.1215     55.851    156.400    160.050   -0.00254    6.41661    9.16998  280.03058   14.52998 4.9543e-02     0.4313     2.3406    55.7023 0.0000e+00
        486 289.656797    0.03368     2.0209    121.252     53.508  47990.502    30.4897    10.5930     53.000    10.5872    23.3359     3.5752     5.1093     55.720    156.029    159.669   -0.00263    6.41648    9.16980  280.02546   14.52975 4.9523e-02     0.4287     2.3402    55.7091 0.0000e+00
