CTD-processing/allCTD/CNV/2020_03-18_t9-10_cast060_4141.cnv
* Sea-Bird SBE19plus Data File:
* FileName = C:\Users\Chris\Desktop\EVOSTC GWA LTM\CTD Data\2020_03-18_T9\2020_03-18_T9-0_Cast060.hex
* Software Version 1.59
* Temperature SN =  4141
* Conductivity SN =  4141
* System UpLoad Time = Mar 23 2020 14:28:09
** Cook Inlet LTM T9
** Date: 2020_03_18
** Station:9-10
** Start Time: (AKDT):15:47
** Depth (m):61
** Comment:
** Comment:
# nquan = 27
# nvalues = 55                          
# units = specified
# name 0 = scan: Scan Count
# name 1 = timeJ: Julian Days
# name 2 = timeH: Time, Elapsed [hours]
# name 3 = timeM: Time, Elapsed [minutes]
# name 4 = timeS: Time, Elapsed [seconds]
# name 5 = prdM: Pressure, Strain Gauge [db]
# name 6 = specc: Specific Conductance [uS/cm]
# name 7 = sal00: Salinity, Practical [PSU]
# name 8 = tv290C: Temperature [ITS-90, deg C]
# name 9 = depSM: Depth [salt water, m], lat = 59.00
# name 10 = potemp090C: Potential Temperature [ITS-90, deg C]
# name 11 = sigma-é00: Density [sigma-theta, kg/m^3]
# name 12 = sbeox0ML/L: Oxygen, SBE 43 [ml/l]
# name 13 = sbeox0Mg/L: Oxygen, SBE 43 [mg/l]
# name 14 = sbeox0PS: Oxygen, SBE 43 [% saturation]
# name 15 = sbox0Mm/Kg: Oxygen, SBE 43 [umol/kg]
# name 16 = sbeox0Mm/L: Oxygen, SBE 43 [umol/l]
# name 17 = sbox0dV/dT: Oxygen, SBE 43 [dov/dt]
# name 18 = oxsolML/L: Oxygen Saturation, Garcia & Gordon [ml/l]
# name 19 = oxsolMg/L: Oxygen Saturation, Garcia & Gordon [mg/l]
# name 20 = oxsolMm/Kg: Oxygen Saturation, Garcia & Gordon [umol/kg]
# name 21 = n2satMg/L: Nitrogen Saturation [mg/l]
# name 22 = par: PAR/Irradiance, Biospherical/Licor
# name 23 = wetStar: Fluorescence, WET Labs WETstar [mg/m^3]
# name 24 = CStarAt0: Beam Attenuation, WET Labs C-Star [1/m]
# name 25 = CStarTr0: Beam Transmission, WET Labs C-Star [%]
# name 26 = flag: flag
# span 0 =        389,        611       
# span 1 =  78.658532,  78.659173       
# span 2 =    0.02697,    0.04237       
# span 3 =     1.6186,     2.5424       
# span 4 =     97.114,    152.546       
# span 5 =      1.017,     55.478       
# span 6 =  51719.281,  52031.981       
# span 7 =    31.1917,    31.6670       
# span 8 =     1.1731,     2.5410       
# span 9 =      1.000,     55.000       
# span 10 =     1.1930,     2.5390      
# span 11 =    24.9741,    25.2684      
# span 12 =     7.1615,     7.6687      
# span 13 =    10.2345,    10.9594      
# span 14 =     93.218,     96.599      
# span 15 =    311.952,    334.108      
# span 16 =    319.833,    342.488      
# span 17 =   -0.00811,    0.00534      
# span 18 =    7.68186,    7.97941      
# span 19 =   10.97815,   11.40338      
# span 20 =  334.61920,  347.67784      
# span 21 =   17.12688,   17.74841      
# span 22 = 3.6170e-02, 9.5223e+01      
# span 23 =     0.2077,     0.5340      
# span 24 =     0.7201,     2.0183      
# span 25 =    66.0250,    83.5243      
# span 26 = 0.0000e+00, 0.0000e+00      
# interval = meters: 1                  
# start_time = Mar 18 2020 15:46:40 [Instrument's time stamp, header]
# bad_flag = -9.990e-29
*END*
        389  78.658532    0.02697     1.6186     97.114      1.017  51719.281    31.1917     1.1731      1.000     1.1930    24.9741     7.6180    10.8869     95.471    331.932    340.221    0.00012    7.97941   11.40338  347.67784   17.74841 9.5223e+01     0.2131     2.0183    66.0250 0.0000e+00
        397  78.658553    0.02751     1.6505     99.030      2.017  51855.892    31.3019     1.2373      2.000     1.2843    25.0588     7.6396    10.9178     95.973    332.844    341.185    0.00207    7.96016   11.37587  346.81003   17.70683 7.0589e+01     0.2077     1.3082    72.0013 0.0000e+00
        401  78.658566    0.02781     1.6684    100.104      3.037  51860.636    31.3344     1.3335      3.000     1.3743    25.0791     7.6687    10.9594     96.599    334.108    342.488    0.00534    7.93874   11.34524  345.86961   17.66210 7.1242e+01     0.2135     1.2785    72.6417 0.0000e+00
        405  78.658575    0.02804     1.6821    100.928      4.033  51982.626    31.4417     1.4202      4.000     1.4798    25.1600     7.6333    10.9088     96.439    332.537    340.903    0.00348    7.91524   11.31168  344.81918   17.61186 7.7287e+01     0.2272     1.2576    73.0239 0.0000e+00
        408  78.658586    0.02829     1.6975    101.850      5.046  52015.489    31.4934     1.5191      5.000     1.5884    25.1952     7.5948    10.8537     96.228    330.846    339.183    0.00209    7.89244   11.27908  343.81393   17.56397 7.0056e+01     0.2579     1.2123    73.8548 0.0000e+00
        412  78.658598    0.02857     1.7140    102.842      6.051  51952.207    31.4915     1.6543      6.000     1.6872    25.1850     7.5372    10.7714     95.828    328.342    336.611   -0.00050    7.86535   11.24037  342.63733   17.50815 6.2448e+01     0.2763     1.1201    75.5788 0.0000e+00
        417  78.658611    0.02890     1.7338    104.025      7.074  51882.292    31.4585     1.7015      7.000     1.7049    25.1554     7.4760    10.6840     95.143    325.685    333.878   -0.00343    7.85767   11.22940  342.31286   17.49289 5.2465e+01     0.3260     1.0580    76.7581 0.0000e+00
        421  78.658622    0.02915     1.7486    104.916      8.075  51886.583    31.4635     1.7107      8.000     1.7147    25.1589     7.4112    10.5914     94.344    322.863    330.986   -0.00714    7.85556   11.22638  342.21959   17.48845 4.2412e+01     0.3480     1.0512    76.8883 0.0000e+00
        424  78.658632    0.02939     1.7637    105.825      9.083  51874.234    31.4567     1.7174      9.000     1.7166    25.1530     7.3757    10.5406     93.903    321.318    329.400   -0.00811    7.85459   11.22500  342.17920   17.48656 3.3496e+01     0.4031     1.0467    76.9767 0.0000e+00
        428  78.658644    0.02967     1.7802    106.812     10.091  52031.981    31.5683     1.7397     10.000     1.8024    25.2409     7.3576    10.5148     93.798    320.502    328.591   -0.00710    7.84412   11.21002  341.69353   17.46307 2.6905e+01     0.4714     1.0390    77.1253 0.0000e+00
        433  78.658656    0.02998     1.7986    107.915     11.107  51984.816    31.5778     1.8798     11.000     1.9150    25.2391     7.3731    10.5370     94.338    321.178    329.284   -0.00266    7.81571   11.16942  340.45645   17.40433 2.1956e+01     0.4880     0.9843    78.1877 0.0000e+00
        437  78.658668    0.03025     1.8149    108.894     12.117  51918.957    31.5483     1.9311     12.000     1.9393    25.2119     7.3889    10.5594     94.642    321.871    329.986   -0.00011    7.80714   11.15719  340.09252   17.38718 1.8184e+01     0.4788     0.9473    78.9136 0.0000e+00
        440  78.658678    0.03049     1.8294    109.765     13.119  51909.080    31.5449     1.9440     13.000     1.9473    25.2083     7.3560    10.5125     94.250    320.441    328.519   -0.00207    7.80475   11.15376  339.98938   17.38229 1.4951e+01     0.5340     0.9320    79.2144 0.0000e+00
        444  78.658689    0.03077     1.8462    110.772     14.139  51901.309    31.5406     1.9492     14.000     1.9492    25.2046     7.3172    10.4570     93.762    318.750    326.783   -0.00422    7.80397   11.15264  339.95650   17.38075 1.1879e+01     0.4693     0.9207    79.4407 0.0000e+00
        448  78.658700    0.03101     1.8608    111.649     15.137  51901.572    31.5405     1.9499     15.000     1.9487    25.2044     7.2985    10.4302     93.524    317.935    325.949   -0.00484    7.80384   11.15247  339.95150   17.38052 9.4781e+00     0.4757     0.9236    79.3819 0.0000e+00
        452  78.658712    0.03131     1.8786    112.714     16.149  51906.050    31.5430     1.9499     16.000     1.9504    25.2064     7.2957    10.4263     93.490    317.814    325.824   -0.00400    7.80371   11.15228  339.94495   17.38019 7.7269e+00     0.4507     0.9178    79.4965 0.0000e+00
        457  78.658727    0.03166     1.8995    113.970     17.170  51905.981    31.5436     1.9541     17.000     1.9551    25.2066     7.3006    10.4333     93.563    318.029    326.045   -0.00246    7.80282   11.15101  339.90622   17.37835 6.3851e+00     0.4460     0.9112    79.6280 0.0000e+00
        461  78.658737    0.03191     1.9146    114.879     18.173  51910.121    31.5466     1.9567     18.000     1.9590    25.2088     7.2960    10.4267     93.513    317.828    325.840   -0.00239    7.80216   11.15006  339.87631   17.37692 5.2398e+00     0.4319     0.9154    79.5439 0.0000e+00
        464  78.658747    0.03214     1.9286    115.714     19.173  51917.261    31.5530     1.9640     19.000     1.9684    25.2135     7.2893    10.4172     93.449    317.537    325.543   -0.00223    7.80037   11.14751  339.79707   17.37313 4.2970e+00     0.5063     0.9193    79.4681 0.0000e+00
        468  78.658759    0.03242     1.9453    116.720     20.195  51922.054    31.5586     1.9740     20.000     1.9816    25.2172     7.2939    10.4237     93.535    317.734    325.747   -0.00147    7.79810   11.14427  339.69702   17.36837 3.4898e+00     0.4432     0.9142    79.5687 0.0000e+00
        472  78.658769    0.03268     1.9607    117.644     21.192  51934.250    31.5725     1.9956     21.000     2.0083    25.2269     7.2944    10.4244     93.601    317.751    325.767   -0.00078    7.79308   11.13709  339.47506   17.35777 2.8095e+00     0.4501     0.9051    79.7494 0.0000e+00
        476  78.658783    0.03300     1.9800    118.803     22.216  51903.420    31.5577     2.0176     22.000     2.0182    25.2135     7.2954    10.4259     93.656    317.801    325.814   -0.00036    7.78953   11.13203  339.32511   17.35072 2.2300e+00     0.4665     0.8934    79.9825 0.0000e+00
        480  78.658793    0.03326     1.9957    119.744     23.214  51904.475    31.5586     2.0201     23.000     2.0201    25.2140     7.2921    10.4210     93.620    317.654    325.663   -0.00041    7.78900   11.13126  339.30171   17.34960 1.7887e+00     0.4699     0.8936    79.9794 0.0000e+00
        485  78.658807    0.03360     2.0159    120.951     24.228  51903.473    31.5580     2.0220     24.000     2.0214    25.2134     7.2882    10.4155     93.574    317.485    325.489   -0.00066    7.78867   11.13078  339.28732   17.34892 1.5518e+00     0.4762     0.8894    80.0629 0.0000e+00
        490  78.658821    0.03393     2.0356    122.138     25.258  51919.271    31.5687     2.0244     25.000     2.0338    25.2218     7.2848    10.4107     93.544    317.337    325.340   -0.00063    7.78761   11.12927  339.23840   17.34656 1.2992e+00     0.4593     0.8883    80.0855 0.0000e+00
        492  78.658828    0.03411     2.0464    122.784     26.254  51977.307    31.6112     2.0386     26.000     2.0705    25.2548     7.2792    10.4026     93.532    317.079    325.087   -0.00078    7.78253   11.12201  339.00618   17.33536 1.0389e+00     0.4473     0.8976    79.8991 0.0000e+00
        494  78.658835    0.03426     2.0556    123.336     27.230  51951.138    31.6037     2.0749     27.000     2.0976    25.2462     7.2805    10.4044     93.629    317.138    325.146   -0.00029    7.77580   11.11240  338.71609   17.32163 8.4023e-01     0.4809     0.8905    80.0399 0.0000e+00
        499  78.658847    0.03455     2.0734    124.402     28.254  51904.933    31.5815     2.1073     28.000     2.1126    25.2262     7.2929    10.4223     93.853    317.688    325.703    0.00098    7.77062   11.10499  338.49679   17.31131 6.7904e-01     0.4575     0.8706    80.4422 0.0000e+00
        506  78.658869    0.03506     2.1038    126.230     29.284  51892.782    31.5767     2.1207     29.000     2.1214    25.2214     7.2707    10.3906     93.595    316.722    324.711   -0.00069    7.76825   11.10161  338.39532   17.30651 5.6015e-01     0.4373     0.8421    81.0142 0.0000e+00
        510  78.658881    0.03538     2.1223    127.341     30.303  51902.614    31.5846     2.1271     30.000     2.1331    25.2272     7.2584    10.3730     93.457    316.185    324.162   -0.00128    7.76655   11.09918  338.31956   17.30288 4.7890e-01     0.4416     0.8531    80.7937 0.0000e+00
        513  78.658889    0.03555     2.1328    127.967     31.298  51920.897    31.6000     2.1397     31.000     2.1530    25.2387     7.2558    10.3693     93.463    316.068    324.046   -0.00117    7.76328   11.09450  338.17291   17.29586 3.9758e-01     0.4387     0.8594    80.6652 0.0000e+00
        515  78.658896    0.03572     2.1431    128.588     32.288  51952.516    31.6259     2.1579     32.000     2.1849    25.2581     7.2592    10.3742     93.567    316.210    324.197   -0.00060    7.75833   11.08743  337.95097   17.28522 3.2885e-01     0.4273     0.8607    80.6407 0.0000e+00
        519  78.658907    0.03599     2.1596    129.575     33.304  51940.113    31.6341     2.2172     33.000     2.2429    25.2603     7.2663    10.3842     93.803    316.516    324.511    0.00078    7.74630   11.07023  337.42615   17.26027 2.6558e-01     0.4405     0.8311    81.2404 0.0000e+00
        526  78.658927    0.03647     2.1879    131.275     34.328  51888.156    31.6166     2.2803     34.000     2.2865    25.2417     7.2662    10.3841     93.940    316.518    324.507    0.00124    7.73491   11.05397  336.93641   17.23710 2.1414e-01     0.4480     0.7985    81.9037 0.0000e+00
        531  78.658942    0.03684     2.2102    132.610     35.334  51900.424    31.6313     2.3050     35.000     2.3166    25.2516     7.2367    10.3421     93.627    315.233    323.193   -0.00072    7.72933   11.04599  336.69017   17.22535 1.8503e-01     0.4718     0.7962    81.9524 0.0000e+00
        536  78.658954    0.03712     2.2272    133.632     36.358  51884.449    31.6274     2.3309     36.000     2.3356    25.2466     7.2312    10.3341     93.614    314.993    322.946   -0.00076    7.72451   11.03910  336.48164   17.21546 1.5978e-01     0.4385     0.7930    82.0160 0.0000e+00
        538  78.658962    0.03731     2.2385    134.309     37.364  51879.994    31.6260     2.3383     37.000     2.3419    25.2449     7.2299    10.3324     93.614    314.938    322.889   -0.00059    7.72314   11.03714  336.42253   17.21266 1.3484e-01     0.4464     0.7978    81.9178 0.0000e+00
        541  78.658969    0.03747     2.2479    134.877     38.343  51883.856    31.6299     2.3449     38.000     2.3504    25.2475     7.2224    10.3216     93.535    314.612    322.554   -0.00101    7.72165   11.03500  336.35641   17.20951 1.1317e-01     0.4525     0.8105    81.6586 0.0000e+00
        545  78.658980    0.03775     2.2650    135.902     39.358  51887.978    31.6374     2.3636     39.000     2.3710    25.2521     7.2186    10.3162     93.534    314.443    322.383   -0.00087    7.71762   11.02924  336.17938   17.20107 9.5121e-02     0.4338     0.8298    81.2664 0.0000e+00
        553  78.659005    0.03832     2.2996    137.979     40.403  51877.791    31.6393     2.3965     40.000     2.4017    25.2512     7.2146    10.3104     93.561    314.270    322.205   -0.00037    7.71114   11.02000  335.89786   17.18770 8.1132e-02     0.4617     0.8828    80.1957 0.0000e+00
        556  78.659013    0.03853     2.3121    138.724     41.392  51906.070    31.6623     2.4128     41.000     2.4303    25.2684     7.2060    10.2981     93.502    313.887    321.818   -0.00066    7.70676   11.01373  335.70113   17.17826 7.2504e-02     0.4217     0.9177    79.4987 0.0000e+00
        559  78.659022    0.03874     2.3246    139.475     42.400  51898.271    31.6649     2.4425     42.000     2.4569    25.2682     7.2047    10.2963     93.556    313.832    321.762   -0.00037    7.70088   11.00533  335.44545   17.16611 6.4592e-02     0.4588     0.9076    79.6997 0.0000e+00
        562  78.659031    0.03896     2.3373    140.237     43.411  51877.953    31.6571     2.4656     43.000     2.4718    25.2603     7.2044    10.2958     93.603    313.823    321.751    0.00001    7.69683   10.99954  335.27132   17.15788 5.7770e-02     0.4510     0.8393    81.0809 0.0000e+00
        565  78.659040    0.03919     2.3510    141.062     44.407  51870.343    31.6547     2.4770     44.000     2.4807    25.2575     7.2003    10.2900     93.574    313.645    321.567   -0.00020    7.69475   10.99657  335.18179   17.15364 5.2609e-02     0.4396     0.7542    82.8162 0.0000e+00
        570  78.659055    0.03954     2.3727    142.365     45.432  51877.267    31.6647     2.4980     45.000     2.5040    25.2638     7.1922    10.2784     93.525    313.290    321.205   -0.00041    7.69017   10.99002  334.98021   17.14402 4.7715e-02     0.4382     0.7369    83.1744 0.0000e+00
        576  78.659070    0.03991     2.3947    143.680     46.442  51862.254    31.6583     2.5132     46.000     2.5126    25.2575     7.1902    10.2756     93.530    313.205    321.116   -0.00031    7.68760   10.98634  334.86994   17.13881 4.4412e-02     0.4232     0.7256    83.4095 0.0000e+00
        580  78.659083    0.04022     2.4132    144.790     47.458  51858.782    31.6563     2.5163     47.000     2.5142    25.2556     7.1795    10.2602     93.396    312.738    320.637   -0.00092    7.68709   10.98563  334.84894   17.13782 4.1824e-02     0.4359     0.7247    83.4278 0.0000e+00
        583  78.659092    0.04045     2.4265    145.593     48.456  51865.541    31.6608     2.5181     48.000     2.5182    25.2592     7.1730    10.2510     93.320    312.454    320.346   -0.00131    7.68651   10.98479  334.82213   17.13653 3.9923e-02     0.4386     0.7300    83.3177 0.0000e+00
        587  78.659103    0.04068     2.4411    146.463     49.469  51857.340    31.6558     2.5216     49.000     2.5181    25.2548     7.1752    10.2540     93.352    312.549    320.442   -0.00097    7.68610   10.98421  334.80587   17.13578 3.8026e-02     0.4370     0.7274    83.3736 0.0000e+00
        591  78.659113    0.04094     2.4566    147.394     50.473  51863.729    31.6592     2.5204     50.000     2.5195    25.2577     7.1715    10.2488     93.304    312.389    320.279   -0.00097    7.68615   10.98428  334.80719   17.13583 3.6504e-02     0.4196     0.7273    83.3747 0.0000e+00
        595  78.659127    0.04126     2.4759    148.552     51.482  51869.935    31.6648     2.5275     51.000     2.5278    25.2616     7.1732    10.2512     93.346    312.463    320.356   -0.00066    7.68451   10.98193  334.73418   17.13234 3.6191e-02     0.4257     0.7262    83.3976 0.0000e+00
        601  78.659145    0.04170     2.5021    150.123     52.513  51862.361    31.6609     2.5337     52.000     2.5308    25.2580     7.1769    10.2565     93.406    312.623    320.519   -0.00013    7.68350   10.98049  334.69145   17.13032 3.6170e-02     0.4379     0.7201    83.5243 0.0000e+00
        605  78.659155    0.04194     2.5166    150.997     53.516  51869.175    31.6650     2.5339     53.000     2.5332    25.2613     7.1686    10.2446     93.301    312.261    320.150   -0.00072    7.68325   10.98013  334.67939   17.12974 3.6170e-02     0.4262     0.7323    83.2704 0.0000e+00
