CTD-processing/allCTD/CNV/2020_09-20_t6_s06_cast006_4141.cnv
* Sea-Bird SBE19plus Data File:
* FileName = E:\2020_09-20_T6\2020_00-20_T6_S0_cast006.hex
* Software Version 1.59
* Temperature SN =  4141
* Conductivity SN =  4141
* System UpLoad Time = Sep 22 2020 14:27:09
** Cook Inlet LTM T6
** Date: 2020_09-20
** Station:S06
** Start Time: (AKDT):10:44
** Depth (m):143
** Comment:
** Comment:
# nquan = 27
# nvalues = 137                         
# units = specified
# name 0 = scan: Scan Count
# name 1 = timeJ: Julian Days
# name 2 = timeH: Time, Elapsed [hours]
# name 3 = timeM: Time, Elapsed [minutes]
# name 4 = timeS: Time, Elapsed [seconds]
# name 5 = prdM: Pressure, Strain Gauge [db]
# name 6 = specc: Specific Conductance [uS/cm]
# name 7 = sal00: Salinity, Practical [PSU]
# name 8 = tv290C: Temperature [ITS-90, deg C]
# name 9 = depSM: Depth [salt water, m], lat = 59.00
# name 10 = potemp090C: Potential Temperature [ITS-90, deg C]
# name 11 = sigma-é00: Density [sigma-theta, kg/m^3]
# name 12 = sbeox0ML/L: Oxygen, SBE 43 [ml/l]
# name 13 = sbeox0Mg/L: Oxygen, SBE 43 [mg/l]
# name 14 = sbeox0PS: Oxygen, SBE 43 [% saturation]
# name 15 = sbox0Mm/Kg: Oxygen, SBE 43 [umol/kg]
# name 16 = sbeox0Mm/L: Oxygen, SBE 43 [umol/l]
# name 17 = sbox0dV/dT: Oxygen, SBE 43 [dov/dt]
# name 18 = oxsolML/L: Oxygen Saturation, Garcia & Gordon [ml/l]
# name 19 = oxsolMg/L: Oxygen Saturation, Garcia & Gordon [mg/l]
# name 20 = oxsolMm/Kg: Oxygen Saturation, Garcia & Gordon [umol/kg]
# name 21 = n2satMg/L: Nitrogen Saturation [mg/l]
# name 22 = par: PAR/Irradiance, Biospherical/Licor
# name 23 = wetStar: Fluorescence, WET Labs WETstar [mg/m^3]
# name 24 = CStarAt0: Beam Attenuation, WET Labs C-Star [1/m]
# name 25 = CStarTr0: Beam Transmission, WET Labs C-Star [%]
# name 26 = flag: flag
# span 0 =        262,        879       
# span 1 = 264.447758, 264.449542       
# span 2 =    0.01812,    0.06094       
# span 3 =     1.0874,     3.6563       
# span 4 =     65.241,    219.379       
# span 5 =      1.009,    138.327       
# span 6 =  47487.684,  50154.813       
# span 7 =    30.2542,    31.7301       
# span 8 =     8.7240,    11.5719       
# span 9 =      1.000,    137.000       
# span 10 =     8.7100,    11.5705      
# span 11 =    22.9962,    24.6028      
# span 12 =     3.4571,     3.7615      
# span 13 =     4.9405,     5.3755      
# span 14 =     52.120,     58.261      
# span 15 =    150.687,    164.035      
# span 16 =    154.395,    167.989      
# span 17 =   -0.00327,    0.00271      
# span 18 =    6.28862,    6.63300      
# span 19 =    8.98706,    9.47921      
# span 20 =  274.52098,  289.11657      
# span 21 =   14.26672,   14.95951      
# span 22 = 4.6210e-02, 3.2042e+02      
# span 23 =     0.3313,     3.5585      
# span 24 =     0.2148,     1.1308      
# span 25 =    75.3768,    94.7711      
# span 26 = 0.0000e+00, 0.0000e+00      
# interval = meters: 1                  
# start_time = Sep 20 2020 10:43:41 [Instrument's time stamp, header]
# bad_flag = -9.990e-29
*END*
        262 264.447758    0.01812     1.0874     65.241      1.009  47487.684    30.2545    11.4983      1.000    11.4969    22.9962     3.5275     5.0412     55.973    153.998    157.539    0.00009    6.30209    9.00632  275.12456   14.29599 1.9309e+02     1.5834     0.9546    78.7752 0.0000e+00
        266 264.447770    0.01843     1.1061     66.364      2.024  47488.224    30.2542    11.4958      2.000    11.4948    22.9964     3.5301     5.0449     56.012    154.112    157.656    0.00039    6.30244    9.00682  275.13978   14.29672 3.2042e+02     1.3429     0.8513    80.8263 0.0000e+00
        270 264.447782    0.01870     1.1221     67.326      3.019  47489.531    30.2546    11.4945      3.000    11.4935    22.9970     3.5414     5.0611     56.190    154.605    158.160    0.00128    6.30260    9.00705  275.14667   14.29705 1.4208e+02     1.4256     0.9798    78.2925 0.0000e+00
        275 264.447796    0.01906     1.1435     68.610      4.044  47492.851    30.2564    11.4938      4.000    11.4938    22.9985     3.5503     5.0738     56.331    154.994    158.558    0.00182    6.30262    9.00706  275.14676   14.29705 1.0333e+02     1.7569     1.1308    75.3768 0.0000e+00
        280 264.447809    0.01937     1.1619     69.715      5.041  47491.096    30.2549    11.4945      5.000    11.4928    22.9972     3.5605     5.0883     56.492    155.437    159.012    0.00227    6.30259    9.00703  275.14594   14.29702 9.3756e+01     2.2352     1.1042    75.8792 0.0000e+00
        285 264.447823    0.01969     1.1817     70.901      6.062  47494.425    30.2567    11.4930      6.000    11.4925    22.9989     3.5699     5.1017     56.640    155.847    159.432    0.00247    6.30273    9.00722  275.15145   14.29727 8.1326e+01     2.3105     1.1004    75.9506 0.0000e+00
        289 264.447835    0.01998     1.1990     71.942      7.067  47496.615    30.2580    11.4946      7.000    11.4941    22.9997     3.5786     5.1142     56.781    156.227    159.820    0.00262    6.30245    9.00684  275.13938   14.29669 9.6540e+01     2.5124     1.1196    75.5876 0.0000e+00
        292 264.447845    0.02024     1.2145     72.868      8.079  47507.293    30.2652    11.4950      8.000    11.4992    23.0052     3.5856     5.1241     56.895    156.530    160.131    0.00271    6.30211    9.00635  275.12288   14.29588 6.3625e+01     2.6175     1.0838    76.2645 0.0000e+00
        296 264.447855    0.02048     1.2284     73.705      9.083  47517.876    30.2734    11.5061      9.000    11.5104    23.0097     3.5906     5.1313     56.991    156.749    160.355    0.00260    6.30029    9.00375  275.04227   14.29198 5.0163e+01     2.4042     1.0828    76.2845 0.0000e+00
        300 264.447866    0.02073     1.2439     74.632     10.087  47520.838    30.2759    11.5137     10.000    11.5179    23.0103     3.5944     5.1368     57.062    156.917    160.528    0.00234    6.29917    9.00214  274.99319   14.28962 4.5873e+01     2.7635     1.0680    76.5678 0.0000e+00
        304 264.447880    0.02107     1.2646     75.873     11.111  47598.187    30.3328    11.5391     11.000    11.5561    23.0500     3.6001     5.1450     57.204    157.160    160.782    0.00248    6.29350    8.99403  274.73487   14.27701 3.7070e+01     2.3587     1.0076    77.7318 0.0000e+00
        308 264.447892    0.02135     1.2812     76.874     12.120  47610.408    30.3444    11.5719     12.000    11.5705    23.0532     3.6001     5.1450     57.248    157.157    160.781    0.00198    6.28862    8.98706  274.52098   14.26672 3.6237e+01     2.5024     1.0520    76.8733 0.0000e+00
        312 264.447902    0.02159     1.2951     77.708     13.114  47618.003    30.3487    11.5661     13.000    11.5583    23.0576     3.6050     5.1518     57.320    157.369    160.998    0.00195    6.28922    8.98793  274.54615   14.26791 2.5894e+01     2.9549     0.9774    78.3221 0.0000e+00
        316 264.447915    0.02190     1.3140     78.841     14.138  47648.576    30.3681    11.5480     14.000    11.5311    23.0759     3.6093     5.1581     57.374    157.556    161.192    0.00161    6.29088    8.99029  274.61378   14.27107 2.3835e+01     1.8124     0.9989    77.9014 0.0000e+00
        320 264.447926    0.02217     1.3302     79.811     15.145  47688.162    30.3925    11.5170     15.000    11.5041    23.1004     3.6152     5.1665     57.439    157.810    161.456    0.00154    6.29408    8.99487  274.74677   14.27735 1.7549e+01     2.6794     1.0189    77.5132 0.0000e+00
        324 264.447936    0.02241     1.3445     80.670     16.146  47690.340    30.3910    11.4909     16.000    11.4548    23.1038     3.6223     5.1767     57.519    158.119    161.773    0.00157    6.29764    8.99997  274.90149   14.28476 1.6240e+01     2.6998     0.9057    79.7399 0.0000e+00
        328 264.447949    0.02274     1.3640     81.842     17.162  47745.919    30.4213    11.4081     17.000    11.3804    23.1419     3.6271     5.1836     57.505    158.325    161.989    0.00094    6.30758    9.01416  275.32499   14.30493 1.3337e+01     3.0937     0.8099    81.6741 0.0000e+00
        333 264.447963    0.02306     1.3831     82.988     18.169  47787.313    30.4451    11.3602     18.000    11.3461    23.1689     3.6355     5.1955     57.587    158.686    162.362    0.00108    6.31310    9.02206  275.55880   14.31603 1.0891e+01     2.6572     0.7749    82.3887 0.0000e+00
        337 264.447975    0.02335     1.4012     84.073     19.183  47811.078    30.4593    11.3396     19.000    11.3312    23.1836     3.6427     5.2058     57.681    158.997    162.683    0.00129    6.31531    9.02521  275.65118   14.32041 9.3548e+00     3.2408     0.8169    81.5288 0.0000e+00
        342 264.447988    0.02366     1.4197     85.179     20.184  47828.182    30.4693    11.3233     20.000    11.3117    23.1941     3.6457     5.2101     57.712    159.128    162.819    0.00109    6.31711    9.02779  275.72700   14.32399 7.4566e+00     3.5585     0.8089    81.6924 0.0000e+00
        347 264.448003    0.02402     1.4409     86.454     21.201  47846.906    30.4798    11.3012     21.000    11.2926    23.2062     3.6451     5.2091     57.678    159.097    162.789    0.00035    6.31968    9.03146  275.83589   14.32917 6.5378e+00     3.0094     0.7876    82.1274 0.0000e+00
        352 264.448017    0.02436     1.4614     87.686     22.208  47856.751    30.4851    11.2896     22.000    11.2851    23.2124     3.6537     5.2216     57.803    159.474    163.176    0.00108    6.32105    9.03340  275.89367   14.33192 5.3563e+00     2.9298     0.7953    81.9724 0.0000e+00
        357 264.448032    0.02471     1.4829     88.972     23.226  47863.524    30.4891    11.2865     23.000    11.2845    23.2161     3.6537     5.2215     57.800    159.471    163.174    0.00050    6.32131    9.03379  275.90435   14.33242 4.5435e+00     3.3464     0.7727    82.4343 0.0000e+00
        361 264.448043    0.02497     1.4984     89.902     24.229  47862.029    30.4878    11.2879     24.000    11.2849    23.2148     3.6567     5.2258     57.848    159.603    163.308    0.00070    6.32118    9.03360  275.89890   14.33216 3.7958e+00     3.2411     0.7408    83.0952 0.0000e+00
        364 264.448054    0.02523     1.5139     90.836     25.231  47862.403    30.4877    11.2881     25.000    11.2847    23.2148     3.6594     5.2297     57.893    159.724    163.431    0.00075    6.32114    9.03355  275.89748   14.33209 3.1755e+00     3.0868     0.7128    83.6788 0.0000e+00
        369 264.448066    0.02554     1.5323     91.940     26.259  47862.533    30.4873    11.2874     26.000    11.2833    23.2146     3.6589     5.2289     57.883    159.698    163.406    0.00044    6.32126    9.03371  275.90249   14.33233 2.5814e+00     1.8769     0.6793    84.3810 0.0000e+00
        372 264.448077    0.02578     1.5468     92.808     27.247  47860.640    30.4852    11.2834     27.000    11.2766    23.2137     3.6616     5.2327     57.918    159.815    163.525    0.00048    6.32188    9.03459  275.92973   14.33365 2.2383e+00     2.2966     0.7067    83.8069 0.0000e+00
        377 264.448089    0.02609     1.5655     93.929     28.276  47869.336    30.4902    11.2770     28.000    11.2726    23.2187     3.6637     5.2359     57.947    159.909    163.622    0.00048    6.32255    9.03555  275.95765   14.33496 1.8736e+00     2.8320     0.7295    83.3283 0.0000e+00
        380 264.448100    0.02634     1.5804     94.826     29.269  47871.693    30.4914    11.2757     29.000    11.2718    23.2198     3.6633     5.2352     57.939    159.889    163.601    0.00024    6.32267    9.03574  275.96291   14.33521 1.5700e+00     3.0368     0.7431    83.0479 0.0000e+00
        385 264.448112    0.02664     1.5983     95.895     30.287  47873.396    30.4921    11.2751     30.000    11.2714    23.2205     3.6634     5.2353     57.939    159.893    163.606    0.00011    6.32273    9.03582  275.96518   14.33531 1.3291e+00     3.1912     0.7327    83.2609 0.0000e+00
        389 264.448125    0.02694     1.6163     96.980     31.295  47874.244    30.4923    11.2752     31.000    11.2715    23.2207     3.6646     5.2370     57.958    159.944    163.657    0.00014    6.32272    9.03580  275.96442   14.33528 1.1423e+00     2.7842     0.7520    82.8617 0.0000e+00
        393 264.448137    0.02723     1.6337     98.022     32.312  47876.694    30.4937    11.2754     32.000    11.2718    23.2217     3.6704     5.2454     58.051    160.199    163.919    0.00065    6.32262    9.03566  275.96015   14.33507 9.4704e-01     3.0164     0.7737    82.4139 0.0000e+00
        397 264.448148    0.02751     1.6505     99.027     33.307  47885.282    30.4993    11.2751     33.000    11.2708    23.2262     3.6702     5.2452     58.051    160.192    163.914    0.00050    6.32243    9.03539  275.95062   14.33459 8.0126e-01     3.2498     0.8398    81.0631 0.0000e+00
        402 264.448164    0.02788     1.6725    100.352     34.335  47890.103    30.5022    11.2740     34.000    11.2699    23.2287     3.6729     5.2488     58.092    160.306    164.029    0.00042    6.32247    9.03544  275.95152   14.33462 6.7265e-01     2.9768     0.7911    82.0601 0.0000e+00
        407 264.448177    0.02818     1.6910    101.459     35.331  47889.819    30.5017    11.2751     35.000    11.2710    23.2281     3.6739     5.2502     58.109    160.349    164.073    0.00044    6.32235    9.03527  275.94642   14.33438 5.8049e-01     2.8444     0.7591    82.7161 0.0000e+00
        412 264.448192    0.02856     1.7138    102.827     36.346  47891.137    30.5022    11.2745     36.000    11.2695    23.2286     3.6751     5.2519     58.127    160.400    164.126    0.00033    6.32241    9.03536  275.94898   14.33450 4.8763e-01     3.2995     0.7462    82.9826 0.0000e+00
        416 264.448204    0.02885     1.7308    103.850     37.350  47892.586    30.5026    11.2728     37.000    11.2653    23.2293     3.6751     5.2521     58.126    160.403    164.129    0.00020    6.32263    9.03566  275.95821   14.33494 4.1060e-01     2.6324     0.7942    81.9968 0.0000e+00
        421 264.448219    0.02919     1.7514    105.083     38.365  47902.007    30.5079    11.2633     38.000    11.2557    23.2350     3.6780     5.2562     58.162    160.528    164.258    0.00029    6.32369    9.03719  276.00320   14.33707 3.5236e-01     2.7695     0.8561    80.7325 0.0000e+00
        426 264.448232    0.02951     1.7709    106.254     39.373  47904.324    30.5085    11.2575     39.000    11.2456    23.2365     3.6781     5.2563     58.156    160.533    164.264    0.00013    6.32447    9.03829  276.03648   14.33867 2.9839e-01     2.8656     0.8701    80.4523 0.0000e+00
        430 264.448244    0.02980     1.7879    107.272     40.386  47916.976    30.5151    11.2404     40.000    11.2277    23.2447     3.6796     5.2586     58.162    160.599    164.332    0.00007    6.32650    9.04120  276.12324   14.34280 2.5590e-01     2.8285     0.8545    80.7655 0.0000e+00
        434 264.448255    0.03007     1.8040    108.243     41.385  47927.543    30.5209    11.2275     41.000    11.2157    23.2514     3.6830     5.2635     58.203    160.747    164.485    0.00017    6.32803    9.04338  276.18808   14.34588 2.2252e-01     3.0133     0.7900    82.0840 0.0000e+00
        439 264.448269    0.03040     1.8238    109.430     42.412  47944.179    30.5303    11.2098     42.000    11.1958    23.2619     3.6830     5.2635     58.183    160.745    164.484    0.00009    6.33005    9.04629  276.27365   14.34994 1.9503e-01     3.1288     0.7460    82.9846 0.0000e+00
        442 264.448278    0.03064     1.8382    110.295     43.412  47961.581    30.5403    11.1927     43.000    11.1710    23.2727     3.6856     5.2670     58.205    160.853    164.597   -0.00005    6.33197    9.04903  276.35448   14.35377 1.6920e-01     3.1626     0.7770    82.3464 0.0000e+00
        445 264.448288    0.03086     1.8521    111.125     44.410  48001.566    30.5644    11.1580     44.000    11.1306    23.2974     3.6913     5.2752     58.261    161.099    164.852    0.00036    6.33572    9.05438  276.51130   14.36118 1.4987e-01     3.1570     0.7873    82.1347 0.0000e+00
        450 264.448302    0.03118     1.8710    112.263     45.445  48051.806    30.5953    11.1189     45.000    11.1092    23.3283     3.6919     5.2760     58.234    161.121    164.880    0.00002    6.33979    9.06020  276.68072   14.36918 1.3173e-01     3.1263     0.7772    82.3452 0.0000e+00
        453 264.448311    0.03141     1.8847    113.082     46.426  48063.048    30.6022    11.1139     46.000    11.1055    23.3345     3.6926     5.2771     58.241    161.152    164.912   -0.00004    6.34021    9.06079  276.69719   14.36994 1.1734e-01     2.5569     0.3746    91.0908 0.0000e+00
        459 264.448327    0.03178     1.9068    114.410     47.453  48073.443    30.6086    11.1080     47.000    11.1015    23.3404     3.6932     5.2779     58.245    161.174    164.936   -0.00001    6.34075    9.06157  276.71936   14.37098 1.0513e-01     2.6032     0.3172    92.3767 0.0000e+00
        464 264.448342    0.03216     1.9297    115.785     48.458  48075.422    30.6094    11.1063     48.000    11.1004    23.3414     3.6906     5.2742     58.202    161.062    164.822   -0.00037    6.34095    9.06186  276.72780   14.37138 9.5075e-02     2.8331     0.3024    92.7199 0.0000e+00
        469 264.448356    0.03249     1.9493    116.957     49.471  48076.698    30.6098    11.1062     49.000    11.1004    23.3419     3.6911     5.2749     58.210    161.084    164.843   -0.00027    6.34094    9.06185  276.72732   14.37136 8.6929e-02     2.6867     0.3128    92.4781 0.0000e+00
        473 264.448369    0.03280     1.9679    118.073     50.481  48078.731    30.6109    11.1066     50.000    11.1008    23.3426     3.6911     5.2749     58.211    161.084    164.844   -0.00017    6.34085    9.06171  276.72301   14.37114 8.0752e-02     2.6566     0.3023    92.7220 0.0000e+00
        477 264.448381    0.03308     1.9848    119.089     51.491  48078.721    30.6105    11.1068     51.000    11.1001    23.3423     3.6900     5.2735     58.196    161.040    164.799   -0.00027    6.34084    9.06171  276.72285   14.37114 7.5146e-02     2.0833     0.3124    92.4861 0.0000e+00
        481 264.448392    0.03336     2.0018    120.110     52.489  48082.362    30.6125    11.1051     52.000    11.0985    23.3442     3.6883     5.2708     58.165    160.959    164.717   -0.00045    6.34100    9.06192  276.72896   14.37142 7.1093e-02     2.4558     0.3073    92.6051 0.0000e+00
        488 264.448411    0.03380     2.0279    121.673     53.514  48082.363    30.6122    11.1053     53.000    11.0986    23.3438     3.6859     5.2674     58.128    160.856    164.611   -0.00057    6.34098    9.06190  276.72846   14.37140 6.7236e-02     2.6449     0.3016    92.7378 0.0000e+00
