CTD-processing/allCTD/CNV/2020_07-24_t9_s04_cast129_4141.cnv
* Sea-Bird SBE19plus Data File:
* FileName = E:\2020_07-24_T9\2020_07-24_T9_S0_cast129.hex
* Software Version 1.59
* Temperature SN =  4141
* Conductivity SN =  4141
* System UpLoad Time = Jul 28 2020 15:08:03
** Cook Inlet LTM T9
** Date: 2020_07-24
** Station:S04
** Start Time: (AKDT):13:36
** Depth (m):92
** Comment:
** Comment:
# nquan = 27
# nvalues = 89                          
# units = specified
# name 0 = scan: Scan Count
# name 1 = timeJ: Julian Days
# name 2 = timeH: Time, Elapsed [hours]
# name 3 = timeM: Time, Elapsed [minutes]
# name 4 = timeS: Time, Elapsed [seconds]
# name 5 = prdM: Pressure, Strain Gauge [db]
# name 6 = specc: Specific Conductance [uS/cm]
# name 7 = sal00: Salinity, Practical [PSU]
# name 8 = tv290C: Temperature [ITS-90, deg C]
# name 9 = depSM: Depth [salt water, m], lat = 59.00
# name 10 = potemp090C: Potential Temperature [ITS-90, deg C]
# name 11 = sigma-é00: Density [sigma-theta, kg/m^3]
# name 12 = sbeox0ML/L: Oxygen, SBE 43 [ml/l]
# name 13 = sbeox0Mg/L: Oxygen, SBE 43 [mg/l]
# name 14 = sbeox0PS: Oxygen, SBE 43 [% saturation]
# name 15 = sbox0Mm/Kg: Oxygen, SBE 43 [umol/kg]
# name 16 = sbeox0Mm/L: Oxygen, SBE 43 [umol/l]
# name 17 = sbox0dV/dT: Oxygen, SBE 43 [dov/dt]
# name 18 = oxsolML/L: Oxygen Saturation, Garcia & Gordon [ml/l]
# name 19 = oxsolMg/L: Oxygen Saturation, Garcia & Gordon [mg/l]
# name 20 = oxsolMm/Kg: Oxygen Saturation, Garcia & Gordon [umol/kg]
# name 21 = n2satMg/L: Nitrogen Saturation [mg/l]
# name 22 = par: PAR/Irradiance, Biospherical/Licor
# name 23 = wetStar: Fluorescence, WET Labs WETstar [mg/m^3]
# name 24 = CStarAt0: Beam Attenuation, WET Labs C-Star [1/m]
# name 25 = CStarTr0: Beam Transmission, WET Labs C-Star [%]
# name 26 = flag: flag
# span 0 =        295,        676       
# span 1 = 206.567331, 206.568434       
# span 2 =    0.02039,    0.04686       
# span 3 =     1.2233,     2.8115       
# span 4 =     73.395,    168.689       
# span 5 =      1.005,     89.766       
# span 6 =  38616.190,  50164.543       
# span 7 =    24.2206,    31.7024       
# span 8 =     8.3315,    13.5867       
# span 9 =      1.000,     89.000       
# span 10 =     8.3290,    13.3492      
# span 11 =    17.9525,    24.6357      
# span 12 =     6.0949,     6.7288      
# span 13 =     8.7103,     9.6161      
# span 14 =     91.064,    107.440      
# span 15 =    265.654,    295.208      
# span 16 =    272.200,    300.507      
# span 17 =   -0.05329,    0.01544      
# span 18 =    6.25608,    6.69304      
# span 19 =    8.94056,    9.56502      
# span 20 =  273.58048,  291.72421      
# span 21 =   14.23011,   15.08421      
# span 22 = 5.4511e-02, 1.8403e+02      
# span 23 =     0.5450,     2.8871      
# span 24 =     0.5228,     2.1121      
# span 25 =    58.9811,    87.7483      
# span 26 = 0.0000e+00, 0.0000e+00      
# interval = meters: 1                  
# start_time = Jul 24 2020 13:35:44 [Instrument's time stamp, header]
# bad_flag = -9.990e-29
*END*
[from data line 54]
        526 206.568000    0.03643     2.1860    131.160     55.528  49869.152    31.6492     9.3058     55.000     9.2969    24.4488     6.2261     8.8976     95.038    271.419    278.056   -0.00406    6.55112    9.36221  285.59079   14.79129 5.5814e-02     0.7256     0.5883    86.3235 0.0000e+00
        529 206.568010    0.03670     2.2018    132.109     56.532  49862.034    31.6425     9.2970     56.000     9.2827    24.4450     6.2381     8.9149     95.199    271.945    278.593   -0.00187    6.55268    9.36443  285.65976   14.79462 5.5678e-02     0.6822     0.5996    86.0800 0.0000e+00
        534 206.568024    0.03700     2.2202    133.209     57.548  49876.376    31.6503     9.2835     57.000     9.2735    24.4532     6.2379     8.9146     95.173    271.935    278.585   -0.00154    6.55431    9.36676  285.72844   14.79787 5.5437e-02     0.6594     0.6108    85.8399 0.0000e+00
        538 206.568035    0.03729     2.2378    134.267     58.555  49812.947    31.6016     9.2578     58.000     9.1957    24.4192     6.2407     8.9186     95.131    272.066    278.709   -0.00141    6.56010    9.37504  285.99046   14.81059 5.5365e-02     0.7184     0.6347    85.3279 0.0000e+00
        542 206.568048    0.03760     2.2560    135.361     59.566  49826.228    31.5908     9.1173     59.000     9.0353    24.4325     6.2301     8.9033     94.667    271.597    278.233   -0.00381    6.58105    9.40497  286.89996   14.85412 5.5270e-02     0.6548     0.7384    83.1466 0.0000e+00
        547 206.568061    0.03792     2.2752    136.509     60.573  49890.313    31.6108     8.9449     60.000     8.8799    24.4747     6.1853     8.8395     93.640    269.638    276.237   -0.00924    6.60548    9.43988  287.95289   14.90436 5.5166e-02     0.7071     0.8604    80.6499 0.0000e+00
        552 206.568076    0.03825     2.2954    137.724     61.587  49972.994    31.6529     8.8372     61.000     8.8056    24.5240     6.1488     8.7872     92.888    268.031    274.604   -0.01136    6.61955    9.46000  288.55250   14.93284 5.5033e-02     0.6157     0.9767    78.3383 0.0000e+00
        556 206.568088    0.03856     2.3134    138.806     62.595  50010.003    31.6714     8.7890     62.000     8.7736    24.5457     6.1410     8.7760     92.681    267.684    274.255   -0.00957    6.62587    9.46904  288.82231   14.94567 5.5130e-02     0.5880     1.0450    77.0094 0.0000e+00
        560 206.568100    0.03885     2.3312    139.873     63.603  50027.950    31.6816     8.7761     63.000     8.7698    24.5558     6.1436     8.7799     92.701    267.799    274.375   -0.00678    6.62734    9.47114  288.88343   14.94855 5.4916e-02     0.6406     1.0705    76.5186 0.0000e+00
        565 206.568113    0.03916     2.3494    140.961     64.617  50021.496    31.6765     8.7754     64.000     8.7646    24.5519     6.1465     8.7840     92.740    267.926    274.503   -0.00459    6.62767    9.47161  288.89886   14.94930 5.4967e-02     0.5962     1.0805    76.3295 0.0000e+00
        569 206.568125    0.03944     2.3662    141.970     65.622  50023.290    31.6758     8.7649     65.000     8.7532    24.5529     6.1516     8.7911     92.794    268.144    274.728   -0.00306    6.62927    9.47389  288.96796   14.95261 5.4947e-02     0.5928     1.0895    76.1562 0.0000e+00
        573 206.568137    0.03972     2.3833    143.000     66.634  50002.225    31.6581     8.7481     66.000     8.7149    24.5417     6.1594     8.8023     92.866    268.489    275.078   -0.00190    6.63252    9.47853  289.11279   14.95960 5.4907e-02     0.5944     1.0957    76.0379 0.0000e+00
        577 206.568148    0.04000     2.4002    144.013     67.642  50001.623    31.6466     8.6766     67.000     8.6348    24.5434     6.1568     8.7987     92.673    268.376    274.963   -0.00239    6.64362    9.49440  289.59636   14.98276 5.4933e-02     0.5979     1.1766    74.5212 0.0000e+00
        581 206.568161    0.04031     2.4182    145.091     68.653  50036.342    31.6606     8.6098     68.000     8.5757    24.5643     6.1385     8.7726     92.267    267.575    274.147   -0.00463    6.65297    9.50776  289.99791   15.00188 5.4910e-02     0.6050     1.2566    73.0413 0.0000e+00
        586 206.568173    0.04060     2.4357    146.144     69.664  50071.695    31.6770     8.5567     69.000     8.5373    24.5851     6.1324     8.7638     92.076    267.303    273.874   -0.00457    6.66017    9.51805  290.30595   15.01654 5.4903e-02     0.5728     1.3230    71.8395 0.0000e+00
        590 206.568185    0.04087     2.4525    147.153     70.672  50061.815    31.6657     8.5311     70.000     8.4978    24.5801     6.1253     8.7536     91.908    266.991    273.553   -0.00458    6.66449    9.52421  290.49549   15.02563 5.4901e-02     0.5767     1.3993    70.4830 0.0000e+00
        594 206.568197    0.04117     2.4700    148.200     71.682  50102.316    31.6859     8.4793     71.000     8.4647    24.6035     6.1211     8.7477     91.752    266.805    273.370   -0.00433    6.67138    9.53407  290.78928   15.03959 5.4912e-02     0.5788     1.4608    69.4046 0.0000e+00
        598 206.568210    0.04148     2.4884    149.307     72.689  50101.888    31.6831     8.4657     72.000     8.4467    24.6034     6.1219     8.7487     91.733    266.837    273.402   -0.00336    6.67352    9.53714  290.88296   15.04407 5.4873e-02     0.5959     1.4623    69.3792 0.0000e+00
        603 206.568223    0.04181     2.5086    150.517     73.705  50120.634    31.6915     8.4379     73.000     8.4259    24.6141     6.1224     8.7495     91.689    266.856    273.425   -0.00261    6.67734    9.54258  291.04618   15.05184 5.4858e-02     0.5741     1.5242    68.3164 0.0000e+00
        607 206.568236    0.04211     2.5266    151.599     74.710  50127.561    31.6948     8.4306     74.000     8.4215    24.6178     6.1200     8.7461     91.640    266.752    273.319   -0.00230    6.67829    9.54394  291.08654   15.05375 5.4886e-02     0.5957     1.5590    67.7232 0.0000e+00
        612 206.568250    0.04244     2.5465    152.790     75.721  50128.455    31.6941     8.4250     75.000     8.4142    24.6180     6.1204     8.7467     91.634    266.771    273.338   -0.00168    6.67917    9.54520  291.12460   15.05558 5.4820e-02     0.5940     1.5868    67.2551 0.0000e+00
        617 206.568264    0.04278     2.5668    154.008     76.731  50129.007    31.6925     8.4146     76.000     8.4013    24.6183     6.1128     8.7357     91.497    266.436    272.995   -0.00202    6.68079    9.54752  291.19549   15.05897 5.4844e-02     0.5450     1.6290    66.5493 0.0000e+00
        622 206.568278    0.04313     2.5877    155.259     77.740  50137.996    31.6965     8.4030     77.000     8.3930    24.6232     6.1120     8.7346     91.464    266.399    272.959   -0.00165    6.68237    9.54977  291.26265   15.06215 5.4831e-02     0.6401     1.7410    64.7155 0.0000e+00
        627 206.568293    0.04347     2.6085    156.508     78.755  50139.205    31.6962     8.3984     78.000     8.3884    24.6237     6.1090     8.7305     91.411    266.275    272.831   -0.00155    6.68306    9.55076  291.29283   15.06360 5.4813e-02     0.5599     1.8701    62.6554 0.0000e+00
        631 206.568304    0.04375     2.6250    157.503     79.763  50142.091    31.6971     8.3940     79.000     8.3849    24.6250     6.1117     8.7342     91.442    266.389    272.948   -0.00102    6.68369    9.55166  291.31982   15.06488 5.4892e-02     0.5504     1.9340    61.6617 0.0000e+00
        635 206.568316    0.04402     2.6410    158.459     80.766  50140.526    31.6953     8.3923     80.000     8.3802    24.6239     6.1111     8.7334     91.429    266.364    272.923   -0.00089    6.68403    9.55214  291.33495   15.06561 5.4933e-02     0.5727     1.9503    61.4104 0.0000e+00
        639 206.568329    0.04433     2.6597    159.582     81.784  50142.309    31.6940     8.3788     81.000     8.3655    24.6249     6.1136     8.7369     91.437    266.470    273.032   -0.00070    6.68611    9.55511  291.42536   15.06994 5.4890e-02     0.5640     1.9378    61.6033 0.0000e+00
        643 206.568340    0.04461     2.6769    160.614     82.790  50149.020    31.6971     8.3710     82.000     8.3596    24.6284     6.1109     8.7332     91.383    266.355    272.915   -0.00080    6.68716    9.55661  291.46983   15.07205 5.4880e-02     0.5515     1.9676    61.1471 0.0000e+00
        648 206.568353    0.04491     2.6948    161.688     83.801  50146.042    31.6932     8.3622     83.000     8.3465    24.6267     6.1089     8.7302     91.333    266.265    272.823   -0.00108    6.68864    9.55873  291.53509   15.07519 5.4890e-02     0.5728     1.9850    60.8813 0.0000e+00
        652 206.568365    0.04522     2.7129    162.773     84.811  50159.942    31.7003     8.3480     84.000     8.3378    24.6343     6.1092     8.7307     91.313    266.280    272.839   -0.00093    6.69047    9.56135  291.61256   15.07886 5.4932e-02     0.5593     2.0178    60.3834 0.0000e+00
        656 206.568377    0.04550     2.7296    163.779     85.817  50162.868    31.7017     8.3464     85.000     8.3386    24.6356     6.1055     8.7255     91.255    266.119    272.676   -0.00111    6.69066    9.56162  291.62061   15.07924 5.4908e-02     0.5935     2.0357    60.1142 0.0000e+00
        661 206.568390    0.04580     2.7484    164.907     86.828  50163.804    31.7024     8.3497     86.000     8.3415    24.6357     6.1043     8.7236     91.243    266.062    272.617   -0.00096    6.69012    9.56086  291.59737   15.07812 5.4900e-02     0.5704     2.0150    60.4265 0.0000e+00
        666 206.568405    0.04615     2.7693    166.155     87.843  50155.722    31.6956     8.3454     87.000     8.3317    24.6311     6.1046     8.7240     91.235    266.076    272.631   -0.00073    6.69107    9.56221  291.63976   15.08018 5.4935e-02     0.5541     2.0199    60.3536 0.0000e+00
        670 206.568417    0.04646     2.7874    167.241     88.839  50164.291    31.7002     8.3389     88.000     8.3290    24.6357     6.1045     8.7239     91.223    266.072    272.627   -0.00068    6.69185    9.56332  291.67240   15.08172 5.4979e-02     0.5933     2.1121    58.9811 0.0000e+00
        676 206.568434    0.04686     2.8115    168.689     89.766  50164.543    31.6987     8.3315     89.000 -9.990e-29    24.6355     6.0949     8.7103     91.064    265.654    272.200   -0.00129    6.69304    9.56502  291.72421   15.08421 5.4511e-02     0.5568     1.8934    62.2357 0.0000e+00
