CTD-processing/allCTD/CNV/2020_12-28_alongbay_skb06_cast103_5028.cnv
* Sea-Bird SBE19plus Data File:
* FileName = C:\Users\steve\Desktop\GWA CTD\2020_12-28_AlongBay\2020_12-28_AlongBay_SKB1_cast103.hex
* Software Version 1.59
* Temperature SN =  5028
* Conductivity SN =  5028
* System UpLoad Time = Dec 29 2020 12:32:20
** Cook Inlet LTM AlongBay
** Date: 12-28-2020
** Station:SKB06
** Start Time (AKST):13:53
** Depth (m):105
** Comment:
** Comment:
# nquan = 27
# nvalues = 101                         
# units = specified
# name 0 = scan: Scan Count
# name 1 = timeJ: Julian Days
# name 2 = timeH: Time, Elapsed [hours]
# name 3 = timeM: Time, Elapsed [minutes]
# name 4 = timeS: Time, Elapsed [seconds]
# name 5 = prdM: Pressure, Strain Gauge [db]
# name 6 = specc: Specific Conductance [uS/cm]
# name 7 = sal00: Salinity, Practical [PSU]
# name 8 = tv290C: Temperature [ITS-90, deg C]
# name 9 = depSM: Depth [salt water, m], lat = 59.00
# name 10 = potemp090C: Potential Temperature [ITS-90, deg C]
# name 11 = sigma-é00: Density [sigma-theta, kg/m^3]
# name 12 = sbeox0ML/L: Oxygen, SBE 43 [ml/l]
# name 13 = sbeox0Mg/L: Oxygen, SBE 43 [mg/l]
# name 14 = sbeox0PS: Oxygen, SBE 43 [% saturation]
# name 15 = sbox0Mm/Kg: Oxygen, SBE 43 [umol/kg]
# name 16 = sbeox0Mm/L: Oxygen, SBE 43 [umol/l]
# name 17 = sbox0dV/dT: Oxygen, SBE 43 [dov/dt]
# name 18 = oxsolML/L: Oxygen Saturation, Garcia & Gordon [ml/l]
# name 19 = oxsolMg/L: Oxygen Saturation, Garcia & Gordon [mg/l]
# name 20 = oxsolMm/Kg: Oxygen Saturation, Garcia & Gordon [umol/kg]
# name 21 = potemp090C: Potential Temperature [ITS-90, deg C]
# name 22 = n2satMg/L: Nitrogen Saturation [mg/l]
# name 23 = par: PAR/Irradiance, Biospherical/Licor
# name 24 = flECO-AFL: Fluorescence, WET Labs ECO-AFL/FL [mg/m^3]
# name 25 = turbWETntu0: Turbidity, WET Labs ECO [NTU]
# name 26 = flag: flag
# span 0 =        286,        731       
# span 1 = 363.579541, 363.580827       
# span 2 =    0.01981,    0.05068       
# span 3 =     1.1885,     3.0408       
# span 4 =     71.313,    182.448       
# span 5 =      1.010,    101.979       
# span 6 =  49321.800,  50240.127       
# span 7 =    30.5544,    31.3796       
# span 8 =     4.9587,     6.2040       
# span 9 =      1.000,    101.000       
# span 10 =     4.9575,     6.1958      
# span 11 =    24.1536,    24.6693      
# span 12 =     6.2643,    10.4644      
# span 13 =     8.9522,    14.9547      
# span 14 =     85.948,    147.908      
# span 15 =    273.163,    456.104      
# span 16 =    279.761,    467.340      
# span 17 =   -0.03321,    0.04834      
# span 18 =    7.04295,    7.29184      
# span 19 =   10.06508,   10.42077      
# span 20 =  306.96544,  317.96105      
# span 21 =     4.9584,     6.1958      
# span 22 =   15.81262,   16.33939      
# span 23 = 3.7976e-02, 1.8792e+01      
# span 24 =     0.2385,     0.3074      
# span 25 =     0.4428,     2.8348      
# span 26 = 0.0000e+00, 0.0000e+00      
# interval = meters: 1                  
# start_time = Dec 28 2020 13:53:21 [Instrument's time stamp, header]
# bad_flag = -9.990e-29
*END*
        286 363.579541    0.01981     1.1885     71.313      1.010  49321.800    30.5544     4.9909      1.000     4.9906    24.1536     6.2643     8.9522     85.948    273.163    279.761    0.00776    7.28845   10.41593  317.82581     4.9908   16.33314 1.8792e+01     0.2912     2.5711 0.0000e+00
        291 363.579554    0.02012     1.2071     72.423      2.018  49322.667    30.5546     4.9908      2.000     4.9901    24.1537     6.4991     9.2879     89.170    283.405    290.250    0.02332    7.28846   10.41593  317.82578     4.9907   16.33314 1.2241e+01     0.2985     2.6930 0.0000e+00
        295 363.579565    0.02039     1.2233     73.397      3.028  49325.176    30.5551     4.9876      3.000     4.9814    24.1545     6.6001     9.4322     90.549    287.809    294.760    0.02537    7.28900   10.41671  317.84925     4.9874   16.33425 8.2934e+00     0.2984     2.7860 0.0000e+00
        299 363.579577    0.02067     1.2404     74.427      4.038  49349.087    30.5679     4.9725      4.000     4.9629    24.1662     6.6319     9.4777     90.960    289.193    296.182    0.02082    7.29101   10.41958  317.93334     4.9723   16.33821 5.4318e+00     0.3013     2.7770 0.0000e+00
        302 363.579587    0.02093     1.2557     75.341      5.047  49401.553    30.6004     4.9587      5.000     4.9575    24.1934     6.6941     9.5665     91.802    291.895    298.957    0.02000    7.29184   10.42077  317.96105     4.9584   16.33939 3.6486e+00     0.3074     2.8102 0.0000e+00
        306 363.579599    0.02121     1.2724     76.343      6.056  49440.643    30.6269     4.9601      6.000     4.9621    24.2143     6.7479     9.6435     92.561    294.238    301.363    0.01904    7.29031   10.41858  317.88762     4.9597   16.33579 2.3986e+00     0.2909     2.8348 0.0000e+00
        310 363.579609    0.02147     1.2880     77.279      7.066  49452.283    30.6353     4.9642      7.000     4.9665    24.2204     6.8316     9.7631     93.724    297.887    305.102    0.02012    7.28918   10.41697  317.83671     4.9637   16.33333 1.6218e+00     0.2906     2.7650 0.0000e+00
        314 363.579621    0.02175     1.3046     78.279      8.076  49495.883    30.6665     4.9732      8.000     4.9857    24.2442     6.9505     9.9330     95.396    303.063    310.410    0.02374    7.28609   10.41255  317.69439     4.9726   16.32643 1.1064e+00     0.3018     2.7536 0.0000e+00
        318 363.579633    0.02202     1.3211     79.265      9.085  49585.359    30.7343     5.0072      9.000     5.0319    24.2944     7.0972    10.1426     97.534    309.443    316.961    0.02878    7.27685   10.39934  317.27585     5.0066   16.30623 7.5738e-01     0.2946     2.6313 0.0000e+00
        322 363.579645    0.02231     1.3384     80.306     10.095  49701.994    30.8262     5.0671     10.000     5.1212    24.3607     7.2776    10.4004    100.219    317.286    325.016    0.03540    7.26198   10.37809  316.60706     5.0663   16.27403 5.2949e-01     0.2832     2.3738 0.0000e+00
        326 363.579657    0.02259     1.3554     81.325     11.104  49865.413    30.9664     5.2057     11.000     5.2880    24.4567     7.4453    10.6401    102.968    324.569    332.507    0.04090    7.23118   10.33407  315.23464     5.2049   16.20813 3.8821e-01     0.2835     2.1386 0.0000e+00
        331 363.579669    0.02289     1.3735     82.410     12.113  49821.120    30.9673     5.3606     12.000     5.3914    24.4405     7.6031    10.8656    105.537    331.455    339.556    0.04402    7.20441   10.29582  314.07283     5.3598   16.15283 3.0431e-01     0.2774     1.4662 0.0000e+00
        335 363.579681    0.02318     1.3910     83.462     13.123  49798.542    30.9614     5.4104     13.000     5.4239    24.4304     7.6600    10.9469    106.446    333.936    342.094    0.03756    7.19615   10.28402  313.71598     5.4094   16.13586 2.5370e-01     0.2703     1.1428 0.0000e+00
        339 363.579694    0.02350     1.4101     84.603     14.132  49808.598    30.9741     5.4414     14.000     5.4528    24.4370     7.6739    10.9667    106.726    334.539    342.714    0.02799    7.19024   10.27557  313.45615     5.4403   16.12344 2.1296e-01     0.2606     1.0322 0.0000e+00
        344 363.579708    0.02382     1.4294     85.764     15.143  49821.077    30.9875     5.4676     15.000     5.4740    24.4447     7.7079    11.0153    107.276    336.020    344.233    0.02237    7.18512   10.26826  313.23048     5.4664   16.11264 1.8114e-01     0.2737     0.9719 0.0000e+00
        349 363.579722    0.02418     1.4506     87.033     16.152  49828.446    30.9954     5.4839     16.000     5.4868    24.4491     7.7632    11.0944    108.093    338.431    346.705    0.01944    7.18196   10.26374  313.09144     5.4827   16.10599 1.5548e-01     0.2820     0.9346 0.0000e+00
        354 363.579737    0.02452     1.4713     88.275     17.162  49830.113    30.9977     5.4922     17.000     5.4929    24.4500     7.8357    11.1979    109.125    341.588    349.939    0.01854    7.18042   10.26154  313.02424     5.4910   16.10278 1.3559e-01     0.2580     0.9354 0.0000e+00
        359 363.579750    0.02484     1.4902     89.414     18.170  49835.439    31.0017     5.4965     18.000     5.4977    24.4528     7.9319    11.3355    110.480    345.784    354.239    0.02005    7.17950   10.26022  312.98288     5.4952   16.10080 1.1846e-01     0.2585     0.9764 0.0000e+00
        363 363.579763    0.02513     1.5080     90.480     19.180  49846.930    31.0106     5.5039     19.000     5.5079    24.4590     8.0602    11.5188    112.294    351.374    359.969    0.02394    7.17782   10.25782  312.90781     5.5024   16.09718 1.0502e-01     0.2604     0.9524 0.0000e+00
        367 363.579775    0.02544     1.5262     91.574     20.190  49856.665    31.0194     5.5169     20.000     5.5212    24.4645     8.2121    11.7358    114.452    357.992    366.751    0.02857    7.17518   10.25405  312.79112     5.5153   16.09159 9.3577e-02     0.2758     0.9751 0.0000e+00
        371 363.579787    0.02572     1.5436     92.614     21.199  49869.735    31.0305     5.5294     21.000     5.5359    24.4718     8.3677    11.9583    116.664    364.775    373.702    0.03264    7.17251   10.25023  312.67269     5.5278   16.08591 8.2704e-02     0.2832     0.9598 0.0000e+00
        376 363.579799    0.02602     1.5613     93.675     22.208  49903.322    31.0572     5.5500     22.000     5.5659    24.4906     8.5396    12.2039    119.140    372.260    381.377    0.03682    7.16774   10.24341  312.45884     5.5483   16.07561 7.4016e-02     0.2853     0.9721 0.0000e+00
        380 363.579812    0.02632     1.5790     94.739     23.218  49977.448    31.1174     5.5984     23.000     5.6359    24.5327     8.7166    12.4568    121.799    379.961    389.283    0.04091    7.15666   10.22758  311.96300     5.5966   16.05176 6.7006e-02     0.2923     1.0411 0.0000e+00
        384 363.579824    0.02661     1.5963     95.780     24.228  50009.866    31.1561     5.6835     24.000     5.7202    24.5537     8.9026    12.7228    124.683    388.063    397.591    0.04530    7.14039   10.20434  311.24764     5.6817   16.01753 6.1334e-02     0.2727     1.0630 0.0000e+00
        388 363.579836    0.02691     1.6146     96.874     25.237  50042.113    31.1945     5.7677     25.000     5.8093    24.5742     9.0834    12.9811    127.501    395.935    405.665    0.04787    7.12437   10.18144  310.54316     5.7658   15.98382 5.6602e-02     0.2562     0.9691 0.0000e+00
        393 363.579849    0.02721     1.6330     97.981     26.247  50055.486    31.2220     5.8635     26.000     5.8978    24.5848     9.2479    13.2162    130.127    403.102    413.012    0.04834    7.10699   10.15661  309.78231     5.8614   15.94746 5.2966e-02     0.2651     0.8853 0.0000e+00
        397 363.579862    0.02752     1.6514     99.082     27.257  50055.268    31.2354     5.9353     27.000     5.9576    24.5870     9.4082    13.4452    132.617    410.087    420.170    0.04810    7.09434   10.13852  309.22999     5.9332   15.92110 5.0173e-02     0.2737     0.8057 0.0000e+00
        402 363.579875    0.02783     1.6697    100.180     28.267  50051.606    31.2415     5.9825     28.000     5.9899    24.5863     9.5524    13.6513    134.804    416.372    426.609    0.04621    7.08616   10.12683  308.87392     5.9803   15.90411 4.8127e-02     0.2796     0.6837 0.0000e+00
        406 363.579888    0.02814     1.6884    101.303     29.276  50049.319    31.2423     5.9971     29.000     5.9968    24.5851     9.6864    13.8429    136.742    422.214    432.594    0.04321    7.08369   10.12330  308.76646     5.9948   15.89899 4.6475e-02     0.2797     0.6122 0.0000e+00
        411 363.579902    0.02847     1.7083    102.499     30.285  50052.979    31.2450     6.0005     30.000     5.9986    24.5869     9.8092    14.0184    138.490    427.567    438.079    0.03919    7.08298   10.12230  308.73529     5.9982   15.89749 4.5058e-02     0.2591     0.5921 0.0000e+00
        416 363.579915    0.02880     1.7280    103.678     31.295  50058.583    31.2487     6.0019     31.000     6.0002    24.5896     9.9258    14.1849    140.143    432.645    443.284    0.03603    7.08260   10.12174  308.71762     5.9994   15.89664 4.3839e-02     0.2709     0.5775 0.0000e+00
        421 363.579930    0.02914     1.7485    104.907     32.305  50064.073    31.2523     6.0037     32.000     6.0019    24.5923    10.0296    14.3333    141.618    437.171    447.921    0.03244    7.08212   10.12107  308.69616     6.0011   15.89561 4.2756e-02     0.2808     0.5770 0.0000e+00
        425 363.579942    0.02945     1.7674    106.044     33.313  50070.331    31.2567     6.0063     33.000     6.0037    24.5954    10.1139    14.4537    142.822    440.843    451.686    0.02923    7.08148   10.12014  308.66712     6.0037   15.89420 4.1863e-02     0.2898     0.5504 0.0000e+00
        430 363.579956    0.02977     1.7863    107.176     34.323  50063.215    31.2504     6.0017     34.000     5.9898    24.5910    10.1900    14.5625    143.874    444.162    455.085    0.02626    7.08255   10.12167  308.71492     5.9990   15.89651 4.1099e-02     0.2732     0.5541 0.0000e+00
        434 363.579968    0.03006     1.8037    108.220     35.333  50074.507    31.2537     5.9805     35.000     5.9684    24.5961    10.2454    14.6417    144.588    446.575    457.559    0.02282    7.08592   10.12649  308.86044     5.9778   15.90342 4.0477e-02     0.2693     0.5513 0.0000e+00
        438 363.579980    0.03035     1.8207    109.242     36.343  50100.827    31.2689     5.9678     36.000     5.9648    24.6096    10.2977    14.7164    145.297    448.849    459.895    0.02038    7.08733   10.12851  308.91782     5.9649   15.90609 3.9950e-02     0.2621     0.5284 0.0000e+00
        442 363.579991    0.03062     1.8374    110.247     37.352  50111.894    31.2766     5.9707     37.000     5.9709    24.6154    10.3544    14.7974    146.115    451.317    462.426    0.01932    7.08647   10.12728  308.87866     5.9678   15.90420 3.9488e-02     0.2696     0.5047 0.0000e+00
        446 363.580003    0.03091     1.8547    111.284     38.362  50114.531    31.2791     5.9772     38.000     5.9772    24.6167    10.4015    14.8648    146.805    453.370    464.531    0.01785    7.08529   10.12558  308.82650     5.9741   15.90170 3.9068e-02     0.2661     0.5070 0.0000e+00
        450 363.580014    0.03118     1.8709    112.253     39.372  50124.441    31.2869     5.9841     39.000     5.9883    24.6220    10.4284    14.9032    147.216    454.540    465.732    0.01541    7.08377   10.12342  308.75894     5.9809   15.89845 3.8709e-02     0.2591     0.4789 0.0000e+00
        454 363.580026    0.03147     1.8879    113.276     40.382  50143.427    31.3033     6.0038     40.000     6.0133    24.6326    10.4520    14.9370    147.633    455.565    466.787    0.01345    7.07972   10.11762  308.57911     6.0006   15.88982 3.8333e-02     0.2580     0.4647 0.0000e+00
        459 363.580039    0.03178     1.9066    114.395     41.391  50146.002    31.3098     6.0308     41.000     6.0366    24.6346    10.4644    14.9547    147.908    456.104    467.340    0.01109    7.07492   10.11076  308.36929     6.0275   15.87979 3.8055e-02     0.2604     0.4929 0.0000e+00
        463 363.580052    0.03208     1.9251    115.507     42.401  50150.118    31.3159     6.0497     42.000     6.0538    24.6371    10.4555    14.9419    147.854    455.715    466.942    0.00760    7.07149   10.10586  308.21903     6.0463   15.87261 3.7986e-02     0.2650     0.5196 0.0000e+00
        467 363.580065    0.03239     1.9432    116.593     43.410  50154.167    31.3211     6.0650     43.000     6.0679    24.6394    10.4423    14.9231    147.726    455.138    466.352    0.00466    7.06870   10.10188  308.09690     6.0616   15.86677 3.7977e-02     0.2418     0.4731 0.0000e+00
        472 363.580078    0.03270     1.9620    117.722     44.420  50166.101    31.3320     6.0811     44.000     6.0861    24.6460    10.4224    14.8947    147.511    454.270    465.466    0.00212    7.06551   10.09732  307.95583     6.0776   15.86000 3.7976e-02     0.2515     0.4500 0.0000e+00
        476 363.580091    0.03301     1.9804    118.822     45.430  50167.874    31.3362     6.0991     45.000     6.1014    24.6472    10.3985    14.8606    147.239    453.227    464.398   -0.00003    7.06233   10.09278  307.81686     6.0955   15.85336 3.7976e-02     0.2579     0.4428 0.0000e+00
        481 363.580105    0.03335     2.0010    120.059     46.439  50165.562    31.3364     6.1115     46.000     6.1109    24.6460    10.3546    14.7979    146.661    451.316    462.439   -0.00302    7.06026   10.08982  307.72708     6.1078   15.84909 3.7976e-02     0.2658     0.4703 0.0000e+00
        486 363.580119    0.03368     2.0211    121.263     47.449  50168.784    31.3396     6.1192     47.000     6.1184    24.6476    10.2920    14.7082    145.802    448.583    459.639   -0.00672    7.05884   10.08779  307.66461     6.1154   15.84610 3.7976e-02     0.2586     0.5216 0.0000e+00
        491 363.580134    0.03405     2.0426    122.554     48.459  50165.177    31.3377     6.1243     48.000     6.1199    24.6455    10.2210    14.6068    144.812    445.490    456.470   -0.00975    7.05809   10.08672  307.63265     6.1204   15.84458 3.7976e-02     0.2514     0.5149 0.0000e+00
        495 363.580146    0.03433     2.0598    123.585     49.468  50165.765    31.3373     6.1227     49.000     6.1179    24.6453    10.1624    14.5231    143.977    442.936    453.853   -0.01180    7.05837   10.08712  307.64474     6.1187   15.84516 3.7976e-02     0.2533     0.5386 0.0000e+00
        500 363.580158    0.03464     2.0783    124.701     50.478  50167.859    31.3380     6.1212     50.000     6.1169    24.6461    10.0985    14.4317    143.066    440.148    450.995   -0.01328    7.05857   10.08740  307.65334     6.1172   15.84556 3.7976e-02     0.2470     0.5021 0.0000e+00
        504 363.580171    0.03492     2.0952    125.710     51.488  50170.745    31.3395     6.1211     51.000     6.1174    24.6472    10.0335    14.3389    142.147    437.318    448.097   -0.01490    7.05854   10.08736  307.65164     6.1169   15.84548 3.7976e-02     0.2437     0.5045 0.0000e+00
        508 363.580182    0.03521     2.1125    126.751     52.497  50177.397    31.3440     6.1231     52.000     6.1210    24.6506     9.9677    14.2449    141.226    434.449    445.158   -0.01584    7.05798   10.08656  307.62626     6.1189   15.84425 3.7976e-02     0.2482     0.5167 0.0000e+00
        512 363.580195    0.03551     2.1304    127.824     53.507  50182.411    31.3480     6.1282     53.000     6.1265    24.6531     9.8868    14.1292    140.100    430.922    441.546   -0.01751    7.05696   10.08510  307.58093     6.1239   15.84208 3.7976e-02     0.2479     0.5036 0.0000e+00
