CTD-processing/allCTD/CNV/2020_09-21_t4_s04_cast040_4141.cnv
* Sea-Bird SBE19plus Data File:
* FileName = E:\2020_09-21_T4\2020_09-21_T4_S0_cast040.hex
* Software Version 1.59
* Temperature SN =  4141
* Conductivity SN =  4141
* System UpLoad Time = Sep 22 2020 15:23:07
** Cook Inlet LTM T4
** Date: 2020_09-21
** Station:S04
** Start Time: (AKDT):12:26
** Depth (m):85
** Comment:
** Comment:
# nquan = 27
# nvalues = 81                          
# units = specified
# name 0 = scan: Scan Count
# name 1 = timeJ: Julian Days
# name 2 = timeH: Time, Elapsed [hours]
# name 3 = timeM: Time, Elapsed [minutes]
# name 4 = timeS: Time, Elapsed [seconds]
# name 5 = prdM: Pressure, Strain Gauge [db]
# name 6 = specc: Specific Conductance [uS/cm]
# name 7 = sal00: Salinity, Practical [PSU]
# name 8 = tv290C: Temperature [ITS-90, deg C]
# name 9 = depSM: Depth [salt water, m], lat = 59.00
# name 10 = potemp090C: Potential Temperature [ITS-90, deg C]
# name 11 = sigma-é00: Density [sigma-theta, kg/m^3]
# name 12 = sbeox0ML/L: Oxygen, SBE 43 [ml/l]
# name 13 = sbeox0Mg/L: Oxygen, SBE 43 [mg/l]
# name 14 = sbeox0PS: Oxygen, SBE 43 [% saturation]
# name 15 = sbox0Mm/Kg: Oxygen, SBE 43 [umol/kg]
# name 16 = sbeox0Mm/L: Oxygen, SBE 43 [umol/l]
# name 17 = sbox0dV/dT: Oxygen, SBE 43 [dov/dt]
# name 18 = oxsolML/L: Oxygen Saturation, Garcia & Gordon [ml/l]
# name 19 = oxsolMg/L: Oxygen Saturation, Garcia & Gordon [mg/l]
# name 20 = oxsolMm/Kg: Oxygen Saturation, Garcia & Gordon [umol/kg]
# name 21 = n2satMg/L: Nitrogen Saturation [mg/l]
# name 22 = par: PAR/Irradiance, Biospherical/Licor
# name 23 = wetStar: Fluorescence, WET Labs WETstar [mg/m^3]
# name 24 = CStarAt0: Beam Attenuation, WET Labs C-Star [1/m]
# name 25 = CStarTr0: Beam Transmission, WET Labs C-Star [%]
# name 26 = flag: flag
# span 0 =        251,        603       
# span 1 = 265.518593, 265.519612       
# span 2 =    0.01734,    0.04182       
# span 3 =     1.0405,     2.5087       
# span 4 =     62.431,    150.520       
# span 5 =      1.015,     81.760       
# span 6 =  47966.271,  48481.872       
# span 7 =    30.5505,    30.8444       
# span 8 =    10.7623,    11.1042       
# span 9 =      1.000,     81.000       
# span 10 =    10.7494,    11.1038      
# span 11 =    23.2952,    23.5839      
# span 12 =     3.4669,     3.5966      
# span 13 =     4.9546,     5.1400      
# span 14 =     54.354,     56.606      
# span 15 =    151.267,    156.960      
# span 16 =    154.835,    160.626      
# span 17 =   -0.00234,    0.00199      
# span 18 =    6.34208,    6.37857      
# span 19 =    9.06347,    9.11564      
# span 20 =  276.78087,  278.30400      
# span 21 =   14.37399,   14.44592      
# span 22 = 4.7448e-02, 9.0098e+01      
# span 23 =     0.8291,     3.5029      
# span 24 =     0.3621,     1.2444      
# span 25 =    73.2555,    91.3469      
# span 26 = 0.0000e+00, 0.0000e+00      
# interval = meters: 1                  
# start_time = Sep 21 2020 12:25:44 [Instrument's time stamp, header]
# bad_flag = -9.990e-29
*END*
        251 265.518593    0.01734     1.0405     62.431      1.015  47970.583    30.5534    11.0980      1.000    11.1015    23.2984     3.5337     5.0501     55.699    154.223    157.817   -0.00008    6.34434    9.06670  276.88718   14.37922 9.0098e+01     2.9021     0.4356    89.6807 0.0000e+00
        255 265.518604    0.01761     1.0568     63.407      2.017  47966.271    30.5505    11.1031      2.000    11.1034    23.2952     3.5148     5.0229     55.404    153.395    156.968   -0.00234    6.34376    9.06587  276.86289   14.37807 8.6101e+01     2.8757     0.4053    90.3634 0.0000e+00
        259 265.518617    0.01791     1.0743     64.459      3.029  47966.872    30.5506    11.1042      3.000    11.1038    23.2952     3.5173     5.0266     55.446    153.507    157.083   -0.00153    6.34360    9.06565  276.85609   14.37774 6.6333e+01     2.9282     0.4167    90.1078 0.0000e+00
        263 265.518628    0.01819     1.0914     65.486      4.043  47970.200    30.5526    11.1041      4.000    11.1034    23.2967     3.5274     5.0410     55.606    153.946    157.532   -0.00016    6.34354    9.06556  276.85288   14.37759 5.4889e+01     3.0930     0.4186    90.0640 0.0000e+00
        266 265.518638    0.01843     1.1058     66.346      5.044  47971.562    30.5531    11.1039      5.000    11.1032    23.2972     3.5252     5.0378     55.571    153.849    157.433   -0.00013    6.34354    9.06555  276.85264   14.37758 4.5353e+01     3.3419     0.4424    89.5314 0.0000e+00
        270 265.518650    0.01870     1.1218     67.309      6.053  47977.076    30.5566    11.1036      6.000    11.1024    23.3000     3.5299     5.0445     55.647    154.056    157.645    0.00010    6.34343    9.06541  276.84738   14.37730 3.7219e+01     3.3472     0.4399    89.5865 0.0000e+00
        275 265.518662    0.01901     1.1404     68.426      7.068  47983.640    30.5607    11.1025      7.000    11.1015    23.3034     3.5394     5.0581     55.796    154.468    158.068    0.00132    6.34343    9.06540  276.84605   14.37722 3.1475e+01     3.4142     0.4263    89.8920 0.0000e+00
        279 265.518675    0.01930     1.1580     69.478      8.074  47990.449    30.5651    11.1022      8.000    11.1006    23.3069     3.5445     5.0655     55.879    154.694    158.299    0.00127    6.34330    9.06521  276.83950   14.37689 2.6742e+01     3.5029     0.4293    89.8235 0.0000e+00
        283 265.518686    0.01959     1.1754     70.526      9.086  48002.782    30.5732    11.1008      9.000    11.0994    23.3135     3.5511     5.0749     55.984    154.980    158.594    0.00157    6.34316    9.06500  276.83141   14.37648 2.2644e+01     2.8089     0.4373    89.6447 0.0000e+00
        287 265.518699    0.01988     1.1927     71.564     10.092  48003.849    30.5735    11.1005     10.000    11.0994    23.3138     3.5593     5.0866     56.112    155.336    158.957    0.00199    6.34319    9.06505  276.83253   14.37653 1.9251e+01     3.1567     0.4330    89.7409 0.0000e+00
        291 265.518711    0.02017     1.2104     72.621     11.111  48003.930    30.5732    11.1007     11.000    11.0995    23.3136     3.5631     5.0920     56.172    155.503    159.128    0.00169    6.34317    9.06503  276.83214   14.37651 1.6088e+01     3.0591     0.4216    89.9977 0.0000e+00
        296 265.518723    0.02046     1.2271     73.626     12.106  48013.113    30.5794    11.1011     12.000    11.1000    23.3182     3.5683     5.0994     56.256    155.728    159.360    0.00173    6.34288    9.06460  276.81799   14.37581 1.3577e+01     2.9118     0.4385    89.6174 0.0000e+00
        300 265.518737    0.02079     1.2477     74.859     13.134  48023.742    30.5866    11.1024     13.000    11.1017    23.3237     3.5746     5.1086     56.361    156.005    159.643    0.00174    6.34240    9.06393  276.79583   14.37472 1.1279e+01     2.8811     0.4302    89.8040 0.0000e+00
        304 265.518747    0.02105     1.2628     75.771     14.126  48030.358    30.5910    11.1034     14.000    11.0979    23.3269     3.5771     5.1120     56.402    156.109    159.750    0.00163    6.34208    9.06347  276.78087   14.37399 9.5522e+00     2.8856     0.4347    89.7040 0.0000e+00
        308 265.518760    0.02134     1.2806     76.838     15.153  48035.329    30.5928    11.0915     15.000    11.0806    23.3304     3.5814     5.1181     56.456    156.297    159.944    0.00128    6.34363    9.06568  276.84761   14.37717 7.9813e+00     2.5433     0.4908    88.4591 0.0000e+00
        312 265.518769    0.02157     1.2940     77.639     16.142  48044.519    30.5972    11.0765     16.000    11.0675    23.3365     3.5872     5.1264     56.530    156.548    160.202    0.00156    6.34550    9.06835  276.92753   14.38098 6.6995e+00     2.5723     0.4430    89.5176 0.0000e+00
        316 265.518782    0.02187     1.3121     78.727     17.161  48057.369    30.6046    11.0649     17.000    11.0613    23.3442     3.5865     5.1255     56.509    156.521    160.175    0.00088    6.34679    9.07020  276.98163   14.38354 5.7237e+00     2.9004     0.4208    90.0151 0.0000e+00
        321 265.518795    0.02220     1.3320     79.919     18.175  48056.750    30.6035    11.0616     18.000    11.0561    23.3439     3.5906     5.1314     56.570    156.700    160.359    0.00087    6.34729    9.07091  277.00342   14.38459 4.7850e+00     2.6970     0.4189    90.0573 0.0000e+00
        324 265.518806    0.02246     1.3478     80.867     19.175  48053.787    30.6000    11.0532     19.000    11.0441    23.3427     3.5932     5.1351     56.599    156.813    160.473    0.00086    6.34857    9.07274  277.05977   14.38731 4.0424e+00     2.9476     0.4035    90.4056 0.0000e+00
        329 265.518819    0.02278     1.3665     81.992     20.196  48061.290    30.6034    11.0392     20.000    11.0319    23.3478     3.5940     5.1362     56.595    156.846    160.508    0.00048    6.35035    9.07529  277.13624   14.39095 3.4367e+00     2.5459     0.3946    90.6067 0.0000e+00
        333 265.518830    0.02304     1.3819     82.915     21.198  48060.523    30.6013    11.0292     21.000    11.0197    23.3479     3.5942     5.1365     56.586    156.857    160.519    0.00023    6.35179    9.07735  277.19913   14.39397 2.8936e+00     2.4304     0.3930    90.6412 0.0000e+00
        337 265.518842    0.02331     1.3988     83.926     22.201  48069.999    30.6064    11.0184     22.000    11.0135    23.3538     3.5950     5.1377     56.587    156.890    160.554    0.00012    6.35306    9.07916  277.25276   14.39652 2.4814e+00     2.2609     0.3807    90.9213 0.0000e+00
        342 265.518856    0.02365     1.4190     85.142     23.234  48073.453    30.6080    11.0146     23.000    11.0110    23.3557     3.5939     5.1360     56.565    156.839    160.502   -0.00021    6.35353    9.07983  277.27266   14.39747 2.0942e+00     2.0621     0.3837    90.8525 0.0000e+00
        345 265.518866    0.02389     1.4331     85.984     24.214  48073.216    30.6073    11.0125     24.000    11.0079    23.3555     3.5966     5.1400     56.606    156.960    160.626    0.00016    6.35383    9.08026  277.28613   14.39812 1.7912e+00     2.4328     0.3938    90.6234 0.0000e+00
        350 265.518880    0.02425     1.4548     87.286     25.263  48075.106    30.6077    11.0082     25.000    11.0037    23.3566     3.5910     5.1319     56.511    156.712    160.372   -0.00058    6.35442    9.08110  277.31127   14.39932 1.5168e+00     1.8055     0.3862    90.7974 0.0000e+00
        353 265.518889    0.02445     1.4669     88.014     26.231  48076.387    30.6080    11.0062     26.000    11.0022    23.3571     3.5904     5.1311     56.501    156.690    160.350   -0.00065    6.35467    9.08145  277.32209   14.39984 1.2937e+00     2.0530     0.3950    90.5971 0.0000e+00
        357 265.518901    0.02474     1.4847     89.084     27.257  48078.618    30.6089    11.0047     27.000    11.0011    23.3582     3.5928     5.1345     56.537    156.792    160.455   -0.00025    6.35485    9.08171  277.32954   14.40019 1.1034e+00     2.1024     0.3848    90.8278 0.0000e+00
        362 265.518916    0.02510     1.5058     90.347     28.266  48079.212    30.6089    11.0042     28.000    11.0009    23.3583     3.5873     5.1267     56.450    156.554    160.211   -0.00073    6.35490    9.08179  277.33198   14.40031 9.4433e-01     2.3705     0.3882    90.7498 0.0000e+00
        367 265.518929    0.02540     1.5239     91.435     29.281  48079.902    30.6090    11.0039     29.000    11.0000    23.3584     3.5869     5.1260     56.442    156.534    160.190   -0.00063    6.35496    9.08187  277.33423   14.40042 8.0107e-01     2.1770     0.3814    90.9046 0.0000e+00
        371 265.518940    0.02567     1.5403     92.419     30.282  48080.569    30.6089    11.0024     30.000    10.9976    23.3586     3.5872     5.1265     56.446    156.548    160.206   -0.00048    6.35516    9.08216  277.34308   14.40084 6.8576e-01     2.5335     0.3826    90.8786 0.0000e+00
        375 265.518953    0.02599     1.5593     93.558     31.290  48083.830    30.6105    10.9998     31.000    10.9951    23.3603     3.5838     5.1217     56.390    156.400    160.054   -0.00074    6.35545    9.08257  277.35517   14.40141 5.8380e-01     2.5575     0.3819    90.8933 0.0000e+00
        381 265.518970    0.02640     1.5839     95.033     32.312  48087.042    30.6119    10.9959     32.000    10.9896    23.3621     3.5835     5.1212     56.380    156.385    160.039   -0.00056    6.35591    9.08323  277.37495   14.40235 4.9983e-01     2.2742     0.3794    90.9501 0.0000e+00
        386 265.518983    0.02671     1.6024     96.145     33.308  48077.099    30.6033    10.9853     33.000    10.9705    23.3573     3.5837     5.1214     56.367    156.393    160.047   -0.00054    6.35773    9.08582  277.45523   14.40623 4.2523e-01     2.3049     0.3923    90.6581 0.0000e+00
        390 265.518996    0.02702     1.6211     97.265     34.329  48094.835    30.6132    10.9654     34.000    10.9583    23.3684     3.5802     5.1164     56.292    156.240    159.891   -0.00091    6.36004    9.08914  277.55368   14.41091 3.6592e-01     2.4742     0.3649    91.2815 0.0000e+00
        394 265.519009    0.02732     1.6391     98.347     35.327  48117.782    30.6289    10.9645     35.000    10.9652    23.3808     3.5811     5.1177     56.311    156.278    159.932   -0.00054    6.35953    9.08840  277.52765   14.40960 3.1809e-01     2.0487     0.3664    91.2480 0.0000e+00
        400 265.519024    0.02768     1.6607     99.640     36.357  48106.084    30.6213    10.9742     36.000    10.9450    23.3732     3.5769     5.1118     56.254    156.096    159.744   -0.00080    6.35852    9.08696  277.48568   14.40762 2.7272e-01     1.8604     0.3711    91.1399 0.0000e+00
        403 265.519034    0.02793     1.6758    100.547     37.343  48132.646    30.6333    10.9168     37.000    10.8907    23.3924     3.5828     5.1202     56.282    156.351    160.009   -0.00046    6.36590    9.09751  277.80275   14.42275 2.3566e-01     2.3198     0.3774    90.9975 0.0000e+00
        408 265.519048    0.02826     1.6956    101.737     38.370  48173.476    30.6573    10.8776     38.000    10.8702    23.4179     3.5810     5.1176     56.213    156.266    159.925   -0.00089    6.37031    9.10381  277.98814   14.43153 2.0462e-01     2.3384     0.3630    91.3255 0.0000e+00
        412 265.519060    0.02854     1.7125    102.753     39.371  48178.884    30.6602    10.8730     39.000    10.8672    23.4209     3.5840     5.1219     56.257    156.398    160.061   -0.00038    6.37082    9.10454  278.00968   14.43256 1.8027e-01     2.0041     0.3662    91.2525 0.0000e+00
        416 265.519071    0.02883     1.7297    103.781     40.386  48182.650    30.6623    10.8720     40.000    10.8678    23.4228     3.5810     5.1176     56.208    156.266    159.926   -0.00058    6.37087    9.10461  278.01122   14.43262 1.5878e-01     1.9993     0.3758    91.0309 0.0000e+00
        420 265.519082    0.02908     1.7448    104.685     41.384  48186.740    30.6650    10.8734     41.000    10.8706    23.4246     3.5779     5.1130     56.161    156.129    159.786   -0.00086    6.37056    9.10418  277.99754   14.43195 1.4034e-01     1.6727     0.3723    91.1127 0.0000e+00
        425 265.519096    0.02941     1.7647    105.884     42.400  48187.289    30.6655    10.8779     42.000    10.8750    23.4242     3.5767     5.1114     56.149    156.079    159.735   -0.00070    6.36993    9.10327  277.97002   14.43064 1.2487e-01     1.6900     0.3706    91.1506 0.0000e+00
        429 265.519110    0.02975     1.7853    107.118     43.416  48188.679    30.6666    10.8833     43.000    10.8798    23.4242     3.5717     5.1043     56.078    155.862    159.513   -0.00095    6.36915    9.10215  277.93566   14.42899 1.1204e-01     1.9185     0.3658    91.2601 0.0000e+00
        433 265.519120    0.03001     1.8006    108.037     44.425  48186.926    30.6652    10.8854     44.000    10.8783    23.4228     3.5694     5.1010     56.044    155.761    159.409   -0.00095    6.36891    9.10181  277.92580   14.42852 1.0136e-01     1.5373     0.3707    91.1486 0.0000e+00
        437 265.519132    0.03028     1.8165    108.988     45.417  48192.011    30.6680    10.8816     45.000    10.8750    23.4256     3.5661     5.0964     55.989    155.618    159.263   -0.00113    6.36932    9.10240  277.94312   14.42934 9.3111e-02     1.8086     0.3650    91.2782 0.0000e+00
        444 265.519152    0.03076     1.8460    110.763     46.466  48198.540    30.6718    10.8785     46.000    10.8725    23.4291     3.5605     5.0883     55.898    155.373    159.013   -0.00119    6.36960    9.10279  277.95390   14.42984 8.5154e-02     1.5065     0.3621    91.3469 0.0000e+00
        447 265.519161    0.03097     1.8585    111.507     47.436  48195.455    30.6691    10.8763     47.000    10.8649    23.4274     3.5569     5.0832     55.838    155.216    158.852   -0.00134    6.37000    9.10337  277.97220   14.43073 7.9208e-02     1.6714     0.3763    91.0208 0.0000e+00
        452 265.519175    0.03131     1.8788    112.727     48.463  48203.928    30.6725    10.8578     48.000    10.8458    23.4332     3.5611     5.0892     55.882    155.395    159.037   -0.00080    6.37241    9.10682  278.07569   14.43567 7.3856e-02     2.0565     0.3756    91.0370 0.0000e+00
        456 265.519188    0.03162     1.8971    113.824     49.467  48250.310    30.7040    10.8505     49.000    10.8601    23.4591     3.5545     5.0797     55.782    155.105    158.743   -0.00101    6.37215    9.10643  278.05717   14.43466 6.9778e-02     1.7281     0.3783    90.9755 0.0000e+00
        461 265.519202    0.03195     1.9171    115.025     50.478  48241.779    30.7012    10.8823     50.000    10.8810    23.4514     3.5516     5.0756     55.773    154.978    158.613   -0.00096    6.36788    9.10034  277.87303   14.42585 6.6254e-02     1.6684     0.3816    90.9004 0.0000e+00
        466 265.519216    0.03229     1.9373    116.235     51.499  48231.277    30.6938    10.8865     51.000    10.8786    23.4450     3.5447     5.0658     55.669    154.683    158.310   -0.00133    6.36761    9.09995  277.86286   14.42539 6.2817e-02     1.8188     0.4064    90.3386 0.0000e+00
        469 265.519225    0.03250     1.9502    117.015     52.481  48229.682    30.6918    10.8819     52.000    10.8733    23.4442     3.5431     5.0635     55.637    154.611    158.236   -0.00142    6.36832    9.10097  277.89428   14.42691 6.0667e-02     1.8052     0.4007    90.4687 0.0000e+00
        475 265.519241    0.03289     1.9733    118.398     53.521  48239.865    30.6983    10.8796     53.000    10.8742    23.4497     3.5462     5.0679     55.684    154.743    158.372   -0.00053    6.36838    9.10104  277.89495   14.42692 5.8406e-02     2.0171     0.3942    90.6161 0.0000e+00
