CTD-processing/allCTD/CNV/2020_09-21_t4_s05_cast041_4141.cnv
* Sea-Bird SBE19plus Data File:
* FileName = E:\2020_09-21_T4\2020_09-21_T4_S0_cast041.hex
* Software Version 1.59
* Temperature SN =  4141
* Conductivity SN =  4141
* System UpLoad Time = Sep 22 2020 15:24:18
** Cook Inlet LTM T4
** Date: 2020_09-21
** Station:S05
** Start Time: (AKDT):12:52
** Depth (m):76
** Comment:
** Comment:
# nquan = 27
# nvalues = 71                          
# units = specified
# name 0 = scan: Scan Count
# name 1 = timeJ: Julian Days
# name 2 = timeH: Time, Elapsed [hours]
# name 3 = timeM: Time, Elapsed [minutes]
# name 4 = timeS: Time, Elapsed [seconds]
# name 5 = prdM: Pressure, Strain Gauge [db]
# name 6 = specc: Specific Conductance [uS/cm]
# name 7 = sal00: Salinity, Practical [PSU]
# name 8 = tv290C: Temperature [ITS-90, deg C]
# name 9 = depSM: Depth [salt water, m], lat = 59.00
# name 10 = potemp090C: Potential Temperature [ITS-90, deg C]
# name 11 = sigma-é00: Density [sigma-theta, kg/m^3]
# name 12 = sbeox0ML/L: Oxygen, SBE 43 [ml/l]
# name 13 = sbeox0Mg/L: Oxygen, SBE 43 [mg/l]
# name 14 = sbeox0PS: Oxygen, SBE 43 [% saturation]
# name 15 = sbox0Mm/Kg: Oxygen, SBE 43 [umol/kg]
# name 16 = sbeox0Mm/L: Oxygen, SBE 43 [umol/l]
# name 17 = sbox0dV/dT: Oxygen, SBE 43 [dov/dt]
# name 18 = oxsolML/L: Oxygen Saturation, Garcia & Gordon [ml/l]
# name 19 = oxsolMg/L: Oxygen Saturation, Garcia & Gordon [mg/l]
# name 20 = oxsolMm/Kg: Oxygen Saturation, Garcia & Gordon [umol/kg]
# name 21 = n2satMg/L: Nitrogen Saturation [mg/l]
# name 22 = par: PAR/Irradiance, Biospherical/Licor
# name 23 = wetStar: Fluorescence, WET Labs WETstar [mg/m^3]
# name 24 = CStarAt0: Beam Attenuation, WET Labs C-Star [1/m]
# name 25 = CStarTr0: Beam Transmission, WET Labs C-Star [%]
# name 26 = flag: flag
# span 0 =        274,        587       
# span 1 = 265.537016, 265.537922       
# span 2 =    0.01895,    0.04069       
# span 3 =     1.1367,     2.4408       
# span 4 =     68.202,    146.452       
# span 5 =      1.010,     71.625       
# span 6 =  47933.739,  48397.908       
# span 7 =    30.5241,    30.8070       
# span 8 =    10.9171,    11.1303       
# span 9 =      1.000,     71.000       
# span 10 =    10.9088,    11.1294      
# span 11 =    23.2741,    23.5280      
# span 12 =     3.5141,     3.6226      
# span 13 =     5.0218,     5.1771      
# span 14 =     55.261,     57.100      
# span 15 =    153.327,    158.104      
# span 16 =    156.932,    161.787      
# span 17 =   -0.00159,    0.00240      
# span 18 =    6.33975,    6.35884      
# span 19 =    9.06014,    9.08742      
# span 20 =  276.68749,  277.47996      
# span 21 =   14.36965,   14.40752      
# span 22 = 4.4817e-02, 1.1043e+02      
# span 23 =     0.7744,     3.9206      
# span 24 =     0.3104,     1.1553      
# span 25 =    74.9109,    92.5337      
# span 26 = 0.0000e+00, 0.0000e+00      
# interval = meters: 1                  
# start_time = Sep 21 2020 12:52:10 [Instrument's time stamp, header]
# bad_flag = -9.990e-29
*END*
        274 265.537016    0.01895     1.1367     68.202      1.010  47933.739    30.5308    11.1295      1.000    11.1294    23.2753     3.5228     5.0343     55.555    153.747    157.324   -0.00122    6.34096    9.06187  276.74604   14.37255 1.1043e+02     3.0164     0.4759    89.7484 0.0000e+00
        279 265.537030    0.01929     1.1573     69.437      2.020  47934.945    30.5312    11.1292      2.000    11.1287    23.2758     3.5337     5.0500     55.728    154.226    157.815    0.00036    6.34098    9.06190  276.74677   14.37259 9.7148e+01     2.7322     0.3933    90.6058 0.0000e+00
        283 265.537044    0.01960     1.1760     70.562      3.027  47935.709    30.5313    11.1291      3.000    11.1289    23.2759     3.5386     5.0570     55.804    154.438    158.033    0.00076    6.34098    9.06190  276.74696   14.37260 7.4047e+01     2.4948     0.4067    90.3350 0.0000e+00
        288 265.537056    0.01990     1.1942     71.653      4.040  47936.587    30.5316    11.1294      4.000    11.1285    23.2761     3.5458     5.0672     55.918    154.752    158.353    0.00113    6.34094    9.06185  276.74516   14.37251 6.1537e+01     3.3226     0.4161    90.1202 0.0000e+00
        292 265.537068    0.02018     1.2104     72.626      5.048  47939.067    30.5328    11.1288      5.000    11.1276    23.2772     3.5537     5.0785     56.042    155.095    158.705    0.00171    6.34097    9.06189  276.74598   14.37255 4.9288e+01     3.1004     0.4233    89.9601 0.0000e+00
        296 265.537079    0.02047     1.2278     73.667      6.052  47944.042    30.5358    11.1275      6.000    11.1263    23.2797     3.5609     5.0888     56.156    155.409    159.027    0.00187    6.34102    9.06196  276.74753   14.37261 4.3766e+01     3.1671     0.3972    90.5480 0.0000e+00
        301 265.537094    0.02080     1.2485     74.910      7.085  47946.761    30.5373    11.1266      7.000    11.1255    23.2810     3.5711     5.1035     56.317    155.856    159.485    0.00229    6.34109    9.06205  276.75005   14.37272 3.7644e+01     3.3348     0.3919    90.6685 0.0000e+00
        304 265.537103    0.02103     1.2622     75.731      8.062  47947.883    30.5376    11.1262      8.000    11.1250    23.2814     3.5768     5.1117     56.407    156.108    159.742    0.00228    6.34113    9.06210  276.75147   14.37279 3.2276e+01     3.3250     0.3915    90.6765 0.0000e+00
        310 265.537120    0.02144     1.2862     77.171      9.099  47954.439    30.5418    11.1259      9.000    11.1251    23.2847     3.5830     5.1205     56.506    156.375    160.016    0.00199    6.34101    9.06193  276.74536   14.37248 2.7841e+01     3.5902     0.4006    90.4707 0.0000e+00
        314 265.537131    0.02171     1.3024     78.142     10.089  47952.892    30.5403    11.1264     10.000    11.1251    23.2835     3.5930     5.1348     56.663    156.812    160.463    0.00240    6.34100    9.06192  276.74525   14.37248 2.3584e+01     3.3728     0.4049    90.3730 0.0000e+00
        318 265.537144    0.02202     1.3214     79.281     11.107  47956.687    30.5426    11.1261     11.000    11.1245    23.2853     3.5963     5.1395     56.715    156.955    160.610    0.00204    6.34096    9.06185  276.74296   14.37236 2.0051e+01     3.9206     0.3893    90.7252 0.0000e+00
        322 265.537157    0.02231     1.3389     80.336     12.113  47958.012    30.5431    11.1260     12.000    11.1246    23.2858     3.6011     5.1464     56.791    157.166    160.826    0.00179    6.34094    9.06185  276.74240   14.37233 1.6896e+01     3.3969     0.3891    90.7294 0.0000e+00
        326 265.537168    0.02259     1.3556     81.337     13.124  47964.856    30.5476    11.1265     13.000    11.1254    23.2892     3.6035     5.1499     56.832    157.272    160.935    0.00162    6.34069    9.06148  276.73037   14.37174 1.4241e+01     3.4774     0.3898    90.7142 0.0000e+00
        330 265.537180    0.02288     1.3727     82.362     14.125  47968.779    30.5501    11.1274     14.000    11.1264    23.2910     3.6052     5.1522     56.860    157.343    161.007    0.00119    6.34046    9.06116  276.71995   14.37123 1.2088e+01     2.9314     0.3900    90.7096 0.0000e+00
        335 265.537194    0.02322     1.3931     83.585     15.154  47972.633    30.5525    11.1290     15.000    11.1278    23.2926     3.6106     5.1599     56.948    157.578    161.248    0.00130    6.34014    9.06069  276.70548   14.37053 1.0181e+01     3.2016     0.3871    90.7748 0.0000e+00
        339 265.537204    0.02345     1.4069     84.415     16.144  47980.456    30.5578    11.1303     16.000    11.1287    23.2966     3.6122     5.1622     56.977    157.648    161.320    0.00124    6.33975    9.06014  276.68749   14.36965 8.5695e+00     2.7871     0.3853    90.8175 0.0000e+00
        343 265.537216    0.02374     1.4244     85.462     17.160  47972.576    30.5515    11.1277     17.000    11.1219    23.2921     3.6121     5.1621     56.970    157.646    161.318    0.00072    6.34036    9.06102  276.71545   14.37101 7.2702e+00     2.8354     0.3901    90.7096 0.0000e+00
        347 265.537229    0.02405     1.4430     86.579     18.167  47977.525    30.5539    11.1207     18.000    11.1175    23.2952     3.6175     5.1697     57.046    157.877    161.555    0.00087    6.34121    9.06223  276.75168   14.37274 6.1427e+00     2.9008     0.3796    90.9487 0.0000e+00
        352 265.537243    0.02438     1.4630     87.778     19.186  47979.544    30.5547    11.1190     19.000    11.1169    23.2961     3.6186     5.1714     57.063    157.928    161.607    0.00075    6.34142    9.06252  276.76021   14.37314 5.2107e+00     2.7777     0.3723    91.1138 0.0000e+00
        356 265.537254    0.02466     1.4795     88.771     20.183  47980.883    30.5554    11.1196     20.000    11.1178    23.2965     3.6198     5.1731     57.083    157.980    161.660    0.00054    6.34131    9.06237  276.75547   14.37291 4.3965e+00     2.8246     0.3845    90.8357 0.0000e+00
        361 265.537268    0.02497     1.4983     89.898     21.205  47983.368    30.5569    11.1214     21.000    11.1203    23.2974     3.6207     5.1744     57.100    158.021    161.702    0.00049    6.34100    9.06193  276.74194   14.37226 3.7279e+00     2.7407     0.3820    90.8916 0.0000e+00
        365 265.537281    0.02530     1.5177     91.062     22.205  47980.500    30.5547    11.1232     22.000    11.1203    23.2954     3.6195     5.1726     57.082    157.966    161.646    0.00016    6.34085    9.06171  276.73578   14.37197 3.1663e+00     2.5858     0.3760    91.0282 0.0000e+00
        371 265.537296    0.02566     1.5398     92.390     23.226  47979.850    30.5537    11.1220     23.000    11.1183    23.2949     3.6194     5.1724     57.078    157.962    161.641    0.00002    6.34106    9.06200  276.74487   14.37241 2.6633e+00     2.7916     0.3795    90.9491 0.0000e+00
        375 265.537309    0.02596     1.5578     93.465     24.224  47981.462    30.5542    11.1200     24.000    11.1170    23.2957     3.6178     5.1701     57.050    157.890    161.569   -0.00020    6.34131    9.06236  276.75552   14.37292 2.2671e+00     2.7331     0.3816    90.8999 0.0000e+00
        380 265.537324    0.02633     1.5796     94.774     25.236  47987.679    30.5584    11.1219     25.000    11.1215    23.2986     3.6181     5.1707     57.060    157.906    161.585   -0.00011    6.34087    9.06174  276.73585   14.37196 1.9229e+00     2.3730     0.3849    90.8262 0.0000e+00
        385 265.537338    0.02667     1.5998     95.990     26.259  47984.538    30.5563    11.1272     26.000    11.1241    23.2960     3.6139     5.1646     56.999    157.721    161.395   -0.00050    6.34024    9.06084  276.70894   14.37068 1.6116e+00     2.6626     0.3887    90.7408 0.0000e+00
        389 265.537349    0.02693     1.6155     96.933     27.247  47983.938    30.5554    11.1263     27.000    11.1226    23.2956     3.6166     5.1685     57.041    157.840    161.517   -0.00022    6.34040    9.06106  276.71571   14.37100 1.3756e+00     2.7831     0.3803    90.9298 0.0000e+00
        394 265.537364    0.02728     1.6371     98.225     28.281  47983.493    30.5546    11.1250     28.000    11.1202    23.2951     3.6158     5.1673     57.026    157.805    161.482   -0.00029    6.34061    9.06137  276.72524   14.37147 1.1605e+00     2.6640     0.3814    90.9062 0.0000e+00
        397 265.537374    0.02753     1.6520     99.118     29.266  47978.068    30.5498    11.1201     29.000    11.1140    23.2923     3.6166     5.1684     57.030    157.839    161.515   -0.00017    6.34148    9.06260  276.76394   14.37335 9.9145e-01     3.2150     0.3871    90.7756 0.0000e+00
        402 265.537387    0.02785     1.6708    100.245     30.299  47989.840    30.5575    11.1183     30.000    11.1166    23.2987     3.6156     5.1671     57.015    157.796    161.472   -0.00032    6.34140    9.06249  276.75897   14.37307 8.4495e-01     2.8540     0.3741    91.0725 0.0000e+00
        405 265.537397    0.02808     1.6849    101.096     31.284  47944.442    30.5241    11.1102     31.000    11.0839    23.2741     3.6171     5.1693     57.018    157.868    161.542   -0.00027    6.34385    9.06600  276.87236   14.37864 7.2544e-01     2.7886     0.3793    90.9537 0.0000e+00
        410 265.537411    0.02842     1.7053    102.318     32.309  47970.649    30.5371    11.0633     32.000    11.0526    23.2924     3.6183     5.1709     56.983    157.915    161.593   -0.00049    6.34973    9.07440  277.12419   14.39065 6.2688e-01     2.5537     0.3545    91.5183 0.0000e+00
        415 265.537424    0.02873     1.7238    103.427     33.316  47979.823    30.5419    11.0518     33.000    11.0432    23.2981     3.6226     5.1771     57.039    158.104    161.787    0.00000    6.35111    9.07638  277.18284   14.39344 5.4319e-01     2.2723     0.3415    91.8180 0.0000e+00
        419 265.537436    0.02902     1.7409    104.456     34.318  47972.084    30.5340    11.0330     34.000    11.0170    23.2952     3.6218     5.1760     57.001    158.070    161.752   -0.00024    6.35400    9.08050  277.30955   14.39954 4.7580e-01     2.0136     0.3376    91.9063 0.0000e+00
        424 265.537451    0.02937     1.7621    105.726     35.346  47998.351    30.5497    11.0108     35.000    11.0062    23.3112     3.6186     5.1714     56.929    157.928    161.609   -0.00077    6.35639    9.08392  277.40959   14.40426 4.1602e-01     1.8567     0.3111    92.5183 0.0000e+00
        428 265.537461    0.02963     1.7780    106.681     36.335  47999.965    30.5504    11.0106     36.000    11.0061    23.3118     3.6196     5.1728     56.944    157.969    161.651   -0.00050    6.35639    9.08391  277.40935   14.40425 3.6656e-01     1.6889     0.3188    92.3401 0.0000e+00
        433 265.537477    0.03000     1.8002    108.015     37.356  48006.063    30.5543    11.0108     37.000    11.0068    23.3149     3.6163     5.1681     56.895    157.826    161.506   -0.00069    6.35620    9.08366  277.40067   14.40382 3.2195e-01     1.7496     0.3104    92.5337 0.0000e+00
        438 265.537492    0.03037     1.8220    109.321     38.364  48012.379    30.5583    11.0101     38.000    11.0042    23.3181     3.6119     5.1618     56.826    157.634    161.310   -0.00089    6.35614    9.08356  277.39702   14.40363 2.8290e-01     1.8113     0.3140    92.4494 0.0000e+00
        443 265.537505    0.03067     1.8406    110.438     39.374  48014.378    30.5589    11.0064     39.000    10.9994    23.3192     3.6085     5.1569     56.767    157.482    161.154   -0.00117    6.35662    9.08425  277.41753   14.40461 2.4785e-01     1.7784     0.3248    92.2019 0.0000e+00
        447 265.537516    0.03095     1.8571    111.428     40.381  48020.890    30.5626    11.0022     40.000    10.9961    23.3229     3.6077     5.1557     56.751    157.447    161.120   -0.00087    6.35705    9.08486  277.43528   14.40544 2.1869e-01     1.8619     0.3284    92.1172 0.0000e+00
        451 265.537529    0.03125     1.8749    112.496     41.387  48025.930    30.5655    10.9998     41.000    10.9936    23.3256     3.6007     5.1457     56.639    157.141    160.806   -0.00140    6.35727    9.08517  277.44400   14.40585 1.9362e-01     1.7404     0.3215    92.2763 0.0000e+00
        456 265.537543    0.03160     1.8957    113.740     42.404  48032.604    30.5694    10.9963     42.000    10.9905    23.3292     3.5977     5.1415     56.589    157.010    160.672   -0.00135    6.35758    9.08561  277.45658   14.40644 1.7155e-01     1.6425     0.3225    92.2549 0.0000e+00
        460 265.537556    0.03190     1.9138    114.828     43.415  48035.663    30.5711    10.9949     43.000    10.9896    23.3307     3.5937     5.1357     56.525    156.836    160.495   -0.00135    6.35771    9.08580  277.46187   14.40668 1.5222e-01     1.7070     0.3259    92.1763 0.0000e+00
        464 265.537567    0.03215     1.9291    115.746     44.418  48036.668    30.5713    10.9946     44.000    10.9889    23.3310     3.5932     5.1351     56.517    156.815    160.473   -0.00118    6.35774    9.08585  277.46310   14.40674 1.3563e-01     1.5750     0.3351    91.9630 0.0000e+00
        468 265.537578    0.03242     1.9455    116.728     45.427  48039.471    30.5728    10.9933     45.000    10.9869    23.3324     3.5897     5.1300     56.460    156.659    160.314   -0.00117    6.35787    9.08603  277.46842   14.40699 1.2155e-01     1.8120     0.3396    91.8601 0.0000e+00
        473 265.537592    0.03276     1.9655    117.929     46.435  48045.940    30.5766    10.9907     46.000    10.9846    23.3358     3.5844     5.1225     56.376    156.429    160.080   -0.00141    6.35805    9.08629  277.47544   14.40731 1.1011e-01     1.7471     0.3319    92.0388 0.0000e+00
        478 265.537607    0.03314     1.9882    119.289     47.471  48049.227    30.5783    10.9894     47.000    10.9838    23.3375     3.5790     5.1147     56.289    156.191    159.837   -0.00154    6.35817    9.08645  277.47996   14.40752 9.9498e-02     1.7629     0.3265    92.1606 0.0000e+00
        481 265.537617    0.03334     2.0007    120.043     48.445  48051.068    30.5793    10.9893     48.000    10.9836    23.3382     3.5790     5.1147     56.290    156.191    159.837   -0.00121    6.35814    9.08642  277.47870   14.40746 9.1655e-02     1.7401     0.3324    92.0273 0.0000e+00
        486 265.537629    0.03366     2.0199    121.195     49.485  48054.477    30.5813    10.9893     49.000    10.9835    23.3398     3.5762     5.1109     56.248    156.073    159.716   -0.00115    6.35806    9.08632  277.47505   14.40728 8.3969e-02     1.6672     0.3363    91.9347 0.0000e+00
        490 265.537641    0.03393     2.0355    122.131     50.465  48059.570    30.5846    10.9902     50.000    10.9852    23.3422     3.5756     5.1099     56.240    156.043    159.686   -0.00097    6.35782    9.08596  277.46348   14.40671 7.8131e-02     1.7415     0.3341    91.9855 0.0000e+00
        496 265.537658    0.03435     2.0608    123.647     51.507  48065.042    30.5884    10.9938     51.000    10.9903    23.3446     3.5698     5.1016     56.154    155.790    159.426   -0.00112    6.35716    9.08502  277.43414   14.40529 7.2757e-02     1.5139     0.3319    92.0374 0.0000e+00
        499 265.537668    0.03458     2.0751    124.504     52.490  48064.999    30.5885    10.9980     52.000    10.9917    23.3439     3.5676     5.0985     56.124    155.694    159.329   -0.00113    6.35658    9.08420  277.40922   14.40409 6.8574e-02     1.7095     0.3396    91.8607 0.0000e+00
        503 265.537680    0.03488     2.0926    125.557     53.509  48068.759    30.5906    10.9968     53.000    10.9895    23.3458     3.5650     5.0947     56.082    155.580    159.212   -0.00107    6.35665    9.08429  277.41178   14.40421 6.4678e-02     1.7523     0.3421    91.8025 0.0000e+00
