CTD-processing/allCTD/CNV/2020_12-28_alongbay_skb13_cast096_5028.cnv
* Sea-Bird SBE19plus Data File:
* FileName = C:\Users\steve\Desktop\GWA CTD\2020_12-28_AlongBay\2020_12-28_AlongBay_SKB1_cast096.hex
* Software Version 1.59
* Temperature SN =  5028
* Conductivity SN =  5028
* System UpLoad Time = Dec 29 2020 12:23:30
** Cook Inlet LTM AlongBay
** Date: 12-28-2020
** Station:SKB13
** Start Time (AKST):12:42
** Depth (m):31
** Comment:
** Comment:
# nquan = 27
# nvalues = 25                          
# units = specified
# name 0 = scan: Scan Count
# name 1 = timeJ: Julian Days
# name 2 = timeH: Time, Elapsed [hours]
# name 3 = timeM: Time, Elapsed [minutes]
# name 4 = timeS: Time, Elapsed [seconds]
# name 5 = prdM: Pressure, Strain Gauge [db]
# name 6 = specc: Specific Conductance [uS/cm]
# name 7 = sal00: Salinity, Practical [PSU]
# name 8 = tv290C: Temperature [ITS-90, deg C]
# name 9 = depSM: Depth [salt water, m], lat = 59.00
# name 10 = potemp090C: Potential Temperature [ITS-90, deg C]
# name 11 = sigma-é00: Density [sigma-theta, kg/m^3]
# name 12 = sbeox0ML/L: Oxygen, SBE 43 [ml/l]
# name 13 = sbeox0Mg/L: Oxygen, SBE 43 [mg/l]
# name 14 = sbeox0PS: Oxygen, SBE 43 [% saturation]
# name 15 = sbox0Mm/Kg: Oxygen, SBE 43 [umol/kg]
# name 16 = sbeox0Mm/L: Oxygen, SBE 43 [umol/l]
# name 17 = sbox0dV/dT: Oxygen, SBE 43 [dov/dt]
# name 18 = oxsolML/L: Oxygen Saturation, Garcia & Gordon [ml/l]
# name 19 = oxsolMg/L: Oxygen Saturation, Garcia & Gordon [mg/l]
# name 20 = oxsolMm/Kg: Oxygen Saturation, Garcia & Gordon [umol/kg]
# name 21 = potemp090C: Potential Temperature [ITS-90, deg C]
# name 22 = n2satMg/L: Nitrogen Saturation [mg/l]
# name 23 = par: PAR/Irradiance, Biospherical/Licor
# name 24 = flECO-AFL: Fluorescence, WET Labs ECO-AFL/FL [mg/m^3]
# name 25 = turbWETntu0: Turbidity, WET Labs ECO [NTU]
# name 26 = flag: flag
# span 0 =        278,        394       
# span 1 = 363.530176, 363.530512       
# span 2 =    0.01923,    0.02729       
# span 3 =     1.1533,     1.6376       
# span 4 =     69.200,     98.258       
# span 5 =      1.010,     25.238       
# span 6 =  49589.088,  50039.294       
# span 7 =    30.7998,    31.2483       
# span 8 =     5.2938,     6.0622       
# span 9 =      1.000,     25.000       
# span 10 =     5.3057,     6.0609      
# span 11 =    24.3153,    24.5839      
# span 12 =     6.1282,    10.1715      
# span 13 =     8.7578,    14.5361      
# span 14 =     84.833,    143.816      
# span 15 =    267.188,    443.358      
# span 16 =    273.685,    454.257      
# span 17 =    0.01407,    0.04818      
# span 18 =    7.07256,    7.22395      
# span 19 =   10.10739,   10.32375      
# span 20 =  308.28224,  314.96330      
# span 21 =     5.2938,     6.0603      
# span 22 =   15.87590,   16.19590      
# span 23 = 2.1667e-01, 7.3589e+01      
# span 24 =     0.2368,     0.2702      
# span 25 =     1.0571,     1.5775      
# span 26 = 0.0000e+00, 0.0000e+00      
# interval = meters: 1                  
# start_time = Dec 28 2020 12:42:18 [Instrument's time stamp, header]
# bad_flag = -9.990e-29
*END*
        278 363.530176    0.01923     1.1533     69.200      1.010  49589.088    30.7998     5.2938      1.000     5.3057    24.3153     6.1282     8.7578     84.833    267.188    273.685    0.01407    7.22395   10.32375  314.96330     5.2938   16.19590 7.3589e+01     0.2595     1.4635 0.0000e+00
        283 363.530190    0.01957     1.1742     70.454      2.019  49721.590    30.8992     5.3380      2.000     5.3683    24.3891     6.3130     9.0219     87.543    275.226    281.938    0.02412    7.21157   10.30605  314.40067     5.3379   16.16871 4.5668e+01     0.2442     1.4453 0.0000e+00
        287 363.530204    0.01989     1.1933     71.597      3.028  49850.624    31.0027     5.4137      3.000     5.4528    24.4626     6.4482     9.2150     89.640    281.098    287.974    0.02802    7.19361   10.28038  313.59507     5.4135   16.12994 3.3099e+01     0.2460     1.3443 0.0000e+00
        292 363.530217    0.02020     1.2121     72.728      4.038  49897.622    31.0527     5.5039      4.000     5.5402    24.4921     6.6098     9.4460     92.114    288.136    295.192    0.03314    7.17582   10.25497  312.81092     5.5035   16.09240 2.4990e+01     0.2499     1.2466 0.0000e+00
        297 363.530230    0.02053     1.2314     73.883      5.047  49895.445    31.0659     5.5799      5.000     5.6019    24.4940     6.7693     9.6740     94.515    295.088    302.315    0.03626    7.16225   10.23558  312.21872     5.5795   16.06414 1.9405e+01     0.2452     1.2259 0.0000e+00
        301 363.530243    0.02083     1.2499     74.993      6.057  49911.428    31.0862     5.6286      6.000     5.6529    24.5044     6.9136     9.8802     96.654    301.376    308.760    0.03733    7.15301   10.22237  311.81264     5.6281   16.04472 1.5028e+01     0.2484     1.2270 0.0000e+00
        306 363.530256    0.02115     1.2692     76.154      7.066  49941.769    31.1199     5.6963      7.000     5.7283    24.5234     7.0847    10.1247     99.228    308.828    316.402    0.03978    7.13996   10.20372  311.23810     5.6957   16.01722 1.1820e+01     0.2487     1.2060 0.0000e+00
        310 363.530270    0.02149     1.2890     77.340      8.075  49931.084    31.1257     5.7653      8.000     5.7832    24.5200     7.2833    10.4086    102.180    317.488    325.273    0.04340    7.12804   10.18668  310.71937     5.7647   15.99249 9.3573e+00     0.2454     1.1322 0.0000e+00
        315 363.530284    0.02182     1.3090     78.542      9.085  49947.654    31.1453     5.8092      9.000     5.8253    24.5304     7.4813    10.6916    105.080    326.116    334.116    0.04567    7.11971   10.17478  310.35343     5.8085   15.97498 7.5240e+00     0.2468     1.0884 0.0000e+00
        320 363.530299    0.02217     1.3301     79.808     10.095  49939.316    31.1458     5.8436     10.000     5.8484    24.5268     7.6406    10.9192    107.404    333.061    341.230    0.04340    7.11392   10.16651  310.10203     5.8428   15.96301 6.0729e+00     0.2456     1.0783 0.0000e+00
        325 363.530313    0.02252     1.3511     81.065     11.105  49938.744    31.1469     5.8542     11.000     5.8558    24.5265     7.7652    11.0972    109.183    338.491    346.793    0.03891    7.11208   10.16388  310.02195     5.8533   15.95919 4.8959e+00     0.2368     1.0571 0.0000e+00
        331 363.530329    0.02290     1.3736     82.414     12.114  49942.931    31.1506     5.8608     12.000     5.8619    24.5286     7.8825    11.2648    110.852    343.602    352.030    0.03440    7.11080   10.16204  309.96521     5.8599   15.95647 3.9941e+00     0.2458     1.0692 0.0000e+00
        336 363.530344    0.02326     1.3958     83.746     13.123  49943.934    31.1517     5.8655     13.000     5.8654    24.5290     8.0004    11.4333    112.524    348.743    357.297    0.03145    7.10996   10.16084  309.92850     5.8645   15.95472 3.2451e+00     0.2521     1.1029 0.0000e+00
        342 363.530360    0.02365     1.4188     85.125     14.133  49951.799    31.1574     5.8692     14.000     5.8716    24.5330     8.1345    11.6250    114.425    354.589    363.288    0.03033    7.10906   10.15956  309.88823     5.8681   15.95277 2.6069e+00     0.2575     1.1253 0.0000e+00
        347 363.530375    0.02400     1.4399     86.392     15.142  49967.269    31.1698     5.8808     15.000     5.8874    24.5415     8.2777    11.8296    116.481    360.826    369.681    0.03117    7.10653   10.15594  309.77512     5.8797   15.94734 2.0987e+00     0.2545     1.1614 0.0000e+00
        351 363.530389    0.02434     1.4602     87.614     16.151  49989.117    31.1889     5.9040     16.000     5.9151    24.5539     8.4472    12.0719    118.946    368.210    377.252    0.03435    7.10175   10.14911  309.56319     5.9028   15.93717 1.6930e+00     0.2579     1.1568 0.0000e+00
        356 363.530402    0.02466     1.4797     88.785     17.161  49992.304    31.1957     5.9301     17.000     5.9374    24.5562     8.6286    12.3311    121.580    376.116    385.352    0.03793    7.09706   10.14240  309.35785     5.9288   15.92736 1.3628e+00     0.2627     1.1987 0.0000e+00
        361 363.530416    0.02498     1.4987     89.919     18.171  50007.925    31.2100     5.9506     18.000     5.9612    24.5650     8.8139    12.5959    124.263    384.189    393.626    0.04113    7.09296   10.13656  309.17689     5.9492   15.91868 1.0972e+00     0.2514     1.2163 0.0000e+00
        365 363.530429    0.02530     1.5177     91.065     19.181  50028.171    31.2294     5.9812     19.000     5.9944    24.5767     9.0011    12.8635    127.010    392.346    401.989    0.04359    7.08695   10.12796  308.91110     5.9797   15.90594 8.8715e-01     0.2407     1.2023 0.0000e+00
        370 363.530442    0.02561     1.5367     92.199     20.190  50032.741    31.2380     6.0117     20.000     6.0208    24.5799     9.1988    13.1461    129.901    400.964    410.820    0.04620    7.08146   10.12011  308.67088     6.0101   15.89446 7.1506e-01     0.2472     1.2748 0.0000e+00
        374 363.530455    0.02592     1.5556     93.337     21.199  50039.294    31.2466     6.0359     21.000     6.0442    24.5839     9.3920    13.4221    132.712    409.383    419.447    0.04771    7.07702   10.11377  308.47638     6.0342   15.88516 5.6909e-01     0.2580     1.3861 0.0000e+00
        379 363.530469    0.02626     1.5753     94.519     22.209  50027.808    31.2419     6.0550     22.000     6.0566    24.5779     9.5864    13.6999    135.515    417.858    428.128    0.04808    7.07407   10.10956  308.34953     6.0533   15.87913 4.4740e-01     0.2679     1.5246 0.0000e+00
        384 363.530482    0.02657     1.5942     95.653     23.219  50033.242    31.2462     6.0604     23.000     6.0591    24.5806     9.7738    13.9677    138.185    426.025    436.497    0.04818    7.07296   10.10797  308.30030     6.0586   15.87677 3.4991e-01     0.2535     1.5775 0.0000e+00
        388 363.530496    0.02690     1.6138     96.828     24.228  50034.711    31.2469     6.0612     24.000     6.0596    24.5811     9.9655    14.2417    140.899    434.382    445.060    0.04810    7.07279   10.10773  308.29278     6.0593   15.87640 2.7587e-01     0.2671     1.5600 0.0000e+00
        394 363.530512    0.02729     1.6376     98.258     25.238  50037.150    31.2483     6.0622     25.000     6.0609    24.5821    10.1715    14.5361    143.816    443.358    454.257    0.04676    7.07256   10.10739  308.28224     6.0603   15.87590 2.1667e-01     0.2702     1.5429 0.0000e+00
