CTD-processing/allCTD/CNV/2020_10-15_t9_s08_cast067_4141.cnv
* Sea-Bird SBE19plus Data File:
* FileName = C:\Users\steve\Desktop\GWA CTD\2020_10-15_T9\2020_10-15_T9_S0_cast067.hex
* Software Version 1.59
* Temperature SN =  4141
* Conductivity SN =  4141
* System UpLoad Time = Oct 21 2020 11:02:38
** Cook Inlet LTM Transect 9
** Date: 10-15-2020
** Station:S08
** Start Time (AKDT):15:37
** Depth (m):97
** Comment:
** Comment:
# nquan = 27
# nvalues = 95                          
# units = specified
# name 0 = scan: Scan Count
# name 1 = timeJ: Julian Days
# name 2 = timeH: Time, Elapsed [hours]
# name 3 = timeM: Time, Elapsed [minutes]
# name 4 = timeS: Time, Elapsed [seconds]
# name 5 = prdM: Pressure, Strain Gauge [db]
# name 6 = specc: Specific Conductance [uS/cm]
# name 7 = sal00: Salinity, Practical [PSU]
# name 8 = tv290C: Temperature [ITS-90, deg C]
# name 9 = depSM: Depth [salt water, m], lat = 59.00
# name 10 = potemp090C: Potential Temperature [ITS-90, deg C]
# name 11 = sigma-é00: Density [sigma-theta, kg/m^3]
# name 12 = sbeox0ML/L: Oxygen, SBE 43 [ml/l]
# name 13 = sbeox0Mg/L: Oxygen, SBE 43 [mg/l]
# name 14 = sbeox0PS: Oxygen, SBE 43 [% saturation]
# name 15 = sbox0Mm/Kg: Oxygen, SBE 43 [umol/kg]
# name 16 = sbeox0Mm/L: Oxygen, SBE 43 [umol/l]
# name 17 = sbox0dV/dT: Oxygen, SBE 43 [dov/dt]
# name 18 = oxsolML/L: Oxygen Saturation, Garcia & Gordon [ml/l]
# name 19 = oxsolMg/L: Oxygen Saturation, Garcia & Gordon [mg/l]
# name 20 = oxsolMm/Kg: Oxygen Saturation, Garcia & Gordon [umol/kg]
# name 21 = n2satMg/L: Nitrogen Saturation [mg/l]
# name 22 = par: PAR/Irradiance, Biospherical/Licor
# name 23 = wetStar: Fluorescence, WET Labs WETstar [mg/m^3]
# name 24 = CStarAt0: Beam Attenuation, WET Labs C-Star [1/m]
# name 25 = CStarTr0: Beam Transmission, WET Labs C-Star [%]
# name 26 = flag: flag
# span 0 =         14,        693       
# span 1 = 289.650525, 289.652487       
# span 2 =    0.00093,    0.04803       
# span 3 =     0.0561,     2.8817       
# span 4 =      3.363,    172.901       
# span 5 =      1.011,     95.898       
# span 6 =  46117.477,  48308.503       
# span 7 =    29.1270,    30.6775       
# span 8 =     9.9003,    10.7000       
# span 9 =      1.000,     95.000       
# span 10 =    10.0176,    10.6944      
# span 11 =    22.3861,    23.5101      
# span 12 =     3.5315,     4.0389      
# span 13 =     5.0469,     5.7720      
# span 14 =     54.911,     61.458      
# span 15 =    154.096,    176.433      
# span 16 =    157.718,    180.379      
# span 17 =   -0.00284,    0.00319      
# span 18 =    6.40540,    6.57186      
# span 19 =    9.15396,    9.39184      
# span 20 =  279.56574,  287.07811      
# span 21 =   14.50811,   14.87269      
# span 22 = 4.7160e-02, 1.6573e+02      
# span 23 =     0.3243,     2.0771      
# span 24 =     0.4216,     7.1058      
# span 25 =    21.3678,    89.9984      
# span 26 = 0.0000e+00, 0.0000e+00      
# interval = meters: 1                  
# start_time = Oct 15 2020 15:36:42 [Instrument's time stamp, header]
# bad_flag = -9.990e-29
*END*
[from data line 54]
        515 289.651974    0.03571     2.1427    128.564     55.526  47813.303    30.3752    10.6904     55.000    10.6847    23.2305     3.6136     5.1642     56.395    157.719    161.383   -0.00087    6.40763    9.15714  279.66776   14.51309 4.8324e-02     0.4580     0.5530    87.0903 0.0000e+00
        520 289.651987    0.03601     2.1609    129.655     56.535  47820.140    30.3798    10.6919     56.000    10.6861    23.2338     3.6087     5.1572     56.322    157.504    161.164   -0.00116    6.40723    9.15657  279.64946   14.51219 4.8091e-02     0.4902     0.5548    87.0492 0.0000e+00
        524 289.652000    0.03633     2.1796    130.775     57.546  47821.037    30.3801    10.6927     57.000    10.6861    23.2339     3.6093     5.1581     56.333    157.532    161.191   -0.00079    6.40710    9.15639  279.64393   14.51193 4.7898e-02     0.5127     0.5380    87.4146 0.0000e+00
        528 289.652012    0.03663     2.1979    131.872     58.556  47823.670    30.3816    10.6925     58.000    10.6858    23.2351     3.6062     5.1535     56.284    157.392    161.050   -0.00089    6.40708    9.15636  279.64281   14.51187 4.7779e-02     0.5208     0.5339    87.5062 0.0000e+00
        533 289.652026    0.03695     2.2172    133.031     59.565  47825.532    30.3824    10.6923     59.000    10.6854    23.2358     3.6046     5.1513     56.260    157.327    160.982   -0.00084    6.40707    9.15634  279.64200   14.51183 4.7632e-02     0.5042     0.5303    87.5830 0.0000e+00
        538 289.652040    0.03729     2.2374    134.245     60.576  47827.356    30.3833    10.6924     60.000    10.6855    23.2365     3.6051     5.1521     56.268    157.349    161.006   -0.00056    6.40702    9.15628  279.63975   14.51171 4.7502e-02     0.4780     0.5343    87.4955 0.0000e+00
        543 289.652053    0.03761     2.2566    135.393     61.589  47827.366    30.3829    10.6926     61.000    10.6857    23.2362     3.6039     5.1503     56.249    157.294    160.949   -0.00052    6.40701    9.15625  279.63910   14.51169 4.7450e-02     0.4905     0.5317    87.5522 0.0000e+00
        546 289.652064    0.03788     2.2728    136.365     62.594  47826.673    30.3820    10.6928     62.000    10.6859    23.2355     3.5965     5.1397     56.133    156.972    160.619   -0.00114    6.40701    9.15625  279.63944   14.51170 4.7388e-02     0.4913     0.5396    87.3787 0.0000e+00
        550 289.652076    0.03815     2.2892    137.350     63.602  47828.910    30.3833    10.6935     63.000    10.6865    23.2364     3.5984     5.1426     56.166    157.058    160.707   -0.00079    6.40686    9.15605  279.63278   14.51138 4.7413e-02     0.4733     0.5349    87.4817 0.0000e+00
        555 289.652088    0.03845     2.3070    138.420     64.616  47828.175    30.3824    10.6937     64.000    10.6862    23.2357     3.5977     5.1414     56.153    157.023    160.671   -0.00053    6.40687    9.15606  279.63347   14.51142 4.7342e-02     0.4711     0.5264    87.6705 0.0000e+00
        559 289.652100    0.03873     2.3237    139.422     65.624  47829.518    30.3829    10.6935     65.000    10.6858    23.2361     3.5946     5.1371     56.105    156.889    160.535   -0.00086    6.40689    9.15608  279.63391   14.51144 4.7295e-02     0.4718     0.5342    87.4967 0.0000e+00
        563 289.652112    0.03902     2.3409    140.457     66.633  47830.159    30.3829    10.6930     66.000    10.6854    23.2362     3.5954     5.1382     56.118    156.924    160.571   -0.00054    6.40695    9.15618  279.63679   14.51158 4.7282e-02     0.5010     0.5330    87.5249 0.0000e+00
        567 289.652125    0.03933     2.3595    141.568     67.645  47831.572    30.3835    10.6934     67.000    10.6861    23.2367     3.5919     5.1330     56.062    156.769    160.411   -0.00076    6.40688    9.15607  279.63346   14.51142 4.7242e-02     0.4743     0.5333    87.5176 0.0000e+00
        571 289.652137    0.03961     2.3770    142.622     68.651  47833.136    30.3843    10.6939     68.000    10.6856    23.2372     3.5911     5.1320     56.051    156.735    160.377   -0.00070    6.40677    9.15591  279.62836   14.51117 4.7229e-02     0.4743     0.5393    87.3859 0.0000e+00
        576 289.652150    0.03993     2.3958    143.747     69.662  47833.707    30.3842    10.6930     69.000    10.6847    23.2373     3.5929     5.1347     56.080    156.817    160.461   -0.00035    6.40690    9.15610  279.63416   14.51145 4.7244e-02     0.4742     0.5409    87.3520 0.0000e+00
        581 289.652164    0.04028     2.4164    144.983     70.675  47835.889    30.3854    10.6937     70.000    10.6860    23.2381     3.5877     5.1273     56.000    156.591    160.230   -0.00076    6.40675    9.15589  279.62743   14.51112 4.7195e-02     0.4651     0.5384    87.4081 0.0000e+00
        586 289.652178    0.04059     2.4355    146.132     71.683  47836.590    30.3855    10.6935     71.000    10.6860    23.2383     3.5879     5.1276     56.003    156.599    160.238   -0.00045    6.40677    9.15591  279.62832   14.51116 4.7182e-02     0.4541     0.5667    86.7930 0.0000e+00
        590 289.652190    0.04090     2.4540    147.240     72.692  47838.520    30.3868    10.6966     72.000    10.6903    23.2388     3.5820     5.1191     55.914    156.341    159.974   -0.00095    6.40629    9.15523  279.60731   14.51015 4.7241e-02     0.4840     0.5310    87.5690 0.0000e+00
        594 289.652203    0.04121     2.4725    148.349     73.707  47835.940    30.3849    10.6995     73.000    10.6915    23.2368     3.5857     5.1243     55.975    156.502    160.138   -0.00056    6.40596    9.15476  279.59330   14.50949 4.7187e-02     0.4628     0.5206    87.7949 0.0000e+00
        598 289.652215    0.04148     2.4890    149.339     74.708  47838.145    30.3861    10.7000     74.000    10.6906    23.2377     3.5876     5.1270     56.005    156.584    160.222    0.00010    6.40584    9.15460  279.58811   14.50924 4.7202e-02     0.4847     0.5267    87.6632 0.0000e+00
        603 289.652228    0.04180     2.5077    150.461     75.720  47843.365    30.3891    10.6977     75.000    10.6893    23.2405     3.5801     5.1162     55.885    156.254    159.885   -0.00090    6.40604    9.15488  279.59587   14.50960 4.7194e-02     0.4621     0.5299    87.5918 0.0000e+00
        608 289.652242    0.04214     2.5284    151.707     76.733  47839.349    30.3860    10.6991     76.000    10.6905    23.2378     3.5810     5.1177     55.901    156.298    159.930   -0.00049    6.40598    9.15478  279.59377   14.50951 4.7178e-02     0.4666     0.5238    87.7253 0.0000e+00
        612 289.652255    0.04246     2.5479    152.873     77.741  47847.435    30.3913    10.6995     77.000    10.6905    23.2419     3.5798     5.1159     55.885    156.242    159.874   -0.00053    6.40570    9.15439  279.58058   14.50886 4.7164e-02     0.4487     0.5226    87.7524 0.0000e+00
        617 289.652269    0.04279     2.5674    154.045     78.752  47850.826    30.3933    10.6992     78.000    10.6907    23.2435     3.5788     5.1145     55.869    156.199    159.829   -0.00046    6.40566    9.15433  279.57851   14.50875 4.7198e-02     0.4373     0.5291    87.6106 0.0000e+00
        622 289.652282    0.04310     2.5860    155.160     79.760  47860.977    30.4000    10.6991     79.000    10.6857    23.2488     3.5767     5.1115     55.839    156.108    159.737   -0.00061    6.40540    9.15396  279.56574   14.50811 4.7200e-02     0.4425     0.5322    87.5420 0.0000e+00
        626 289.652295    0.04341     2.6047    156.284     80.774  47895.786    30.4227    10.6859     80.000    10.6692    23.2686     3.5759     5.1103     55.818    156.067    159.699   -0.00059    6.40632    9.15527  279.60021   14.50967 4.7172e-02     0.4575     0.6234    85.5697 0.0000e+00
        630 289.652306    0.04369     2.6213    157.278     81.779  47915.116    30.4343    10.6723     81.000    10.6584    23.2800     3.5785     5.1140     55.847    156.180    159.815   -0.00031    6.40772    9.15727  279.65844   14.51241 4.7160e-02     0.4344     0.7126    83.6860 0.0000e+00
        634 289.652319    0.04398     2.6387    158.321     82.790  47940.784    30.4510    10.6629     82.000    10.6503    23.2945     3.5810     5.1176     55.880    156.287    159.928   -0.00001    6.40836    9.15818  279.68204   14.51347 4.7182e-02     0.4164     0.7837    82.2092 0.0000e+00
        639 289.652331    0.04427     2.6563    159.379     83.801  47948.340    30.4551    10.6567     83.000    10.6440    23.2989     3.5771     5.1121     55.813    156.116    159.753   -0.00045    6.40905    9.15917  279.71109   14.51485 4.7204e-02     0.4273     0.8593    80.6680 0.0000e+00
        643 289.652343    0.04455     2.6732    160.392     84.808  47963.537    30.4649    10.6516     84.000    10.6390    23.3073     3.5751     5.1092     55.780    156.028    159.665   -0.00071    6.40935    9.15960  279.72199   14.51533 4.7210e-02     0.4133     0.9480    78.9001 0.0000e+00
        647 289.652355    0.04486     2.6916    161.499     85.821  47989.164    30.4816    10.6441     85.000    10.6322    23.3216     3.5746     5.1084     55.768    156.003    159.641   -0.00053    6.40971    9.16012  279.73384   14.51583 4.7209e-02     0.4089     1.0275    77.3510 0.0000e+00
        651 289.652368    0.04517     2.7099    162.596     86.832  48007.114    30.4934    10.6406     86.000    10.6288    23.3315     3.5688     5.1003     55.678    155.751    159.384   -0.00102    6.40972    9.16013  279.73173   14.51568 4.7250e-02     0.4041     1.1030    75.9002 0.0000e+00
        655 289.652379    0.04545     2.7265    163.592     87.839  48020.119    30.5018    10.6373     87.000    10.6235    23.3385     3.5662     5.0965     55.638    155.637    159.270   -0.00110    6.40984    9.16029  279.73465   14.51579 4.7268e-02     0.3738     1.1914    74.2433 0.0000e+00
        660 289.652392    0.04573     2.7437    164.625     88.849  48050.084    30.5207    10.6219     88.000    10.5968    23.3559     3.5636     5.0927     55.583    155.516    159.148   -0.00113    6.41120    9.16226  279.78968   14.51834 4.7252e-02     0.3714     1.2901    72.4342 0.0000e+00
        664 289.652405    0.04604     2.7627    165.761     89.857  48094.974    30.5485    10.5918     89.000    10.5720    23.3825     3.5624     5.0911     55.540    155.464    159.099   -0.00113    6.41425    9.16661  279.91533   14.52425 4.7271e-02     0.3578     1.3440    71.4621 0.0000e+00
        669 289.652418    0.04637     2.7824    166.943     90.874  48130.423    30.5704    10.5688     90.000    10.5432    23.4035     3.5608     5.0888     55.495    155.392    159.029   -0.00110    6.41656    9.16991  280.01035   14.52870 4.7230e-02     0.3600     1.3642    71.1062 0.0000e+00
        673 289.652431    0.04667     2.7999    167.992     91.876  48181.660    30.6021    10.5347     91.000    10.5111    23.4339     3.5546     5.0799     55.367    155.112    158.747   -0.00165    6.42001    9.17484  280.15255   14.53538 4.7239e-02     0.3636     1.5613    67.6950 0.0000e+00
        678 289.652444    0.04699     2.8194    169.164     92.887  48220.040    30.6249    10.5026     92.000    10.4716    23.4571     3.5515     5.0755     55.289    154.975    158.610   -0.00169    6.42355    9.17990  280.30065   14.54238 4.7251e-02     0.3480     1.7944    63.8906 0.0000e+00
        683 289.652459    0.04735     2.8412    170.472     93.901  48279.208    30.6603    10.4525     93.000    10.4314    23.4929     3.5484     5.0710     55.193    154.833    158.471   -0.00181    6.42909    9.18781  280.53255   14.55334 4.7243e-02     0.3318     2.3674    55.3943 0.0000e+00
        688 289.652474    0.04771     2.8623    171.739     94.910  48304.381    30.6755    10.4339     94.000    10.4218    23.5078     3.5396     5.0585     55.039    154.448    158.079   -0.00212    6.43107    9.19064  280.61471   14.55721 4.7210e-02     0.3280     2.8351    49.2349 0.0000e+00
        693 289.652487    0.04803     2.8817    172.901     95.898  48308.503    30.6775    10.4305     95.000    10.4185    23.5101     3.5315     5.0469     54.911    154.096    157.718   -0.00229    6.43145    9.19119  280.63095   14.55798 4.7362e-02     0.3243     2.9449    47.8993 0.0000e+00
