CTD-processing/allCTD/CNV/2020_06-04_alongbay_skb01_cast083_4141.cnv
* Sea-Bird SBE19plus Data File:
* FileName = E:\2020_06-04_AlongBay\2020_06-04_AlongBay_KB0_Cast083.hex
* Software Version 1.59
* Temperature SN =  4141
* Conductivity SN =  4141
* System UpLoad Time = Jul 16 2020 15:53:52
** Cook Inlet LTM AlongBay
** Date: 2020_06_04
** Station:01
** Start Time: (AKDT):14:18
** Depth (m):75
** Comment:
** Comment:
# nquan = 27
# nvalues = 68                          
# units = specified
# name 0 = scan: Scan Count
# name 1 = timeJ: Julian Days
# name 2 = timeH: Time, Elapsed [hours]
# name 3 = timeM: Time, Elapsed [minutes]
# name 4 = timeS: Time, Elapsed [seconds]
# name 5 = prdM: Pressure, Strain Gauge [db]
# name 6 = specc: Specific Conductance [uS/cm]
# name 7 = sal00: Salinity, Practical [PSU]
# name 8 = tv290C: Temperature [ITS-90, deg C]
# name 9 = depSM: Depth [salt water, m], lat = 59.00
# name 10 = potemp090C: Potential Temperature [ITS-90, deg C]
# name 11 = sigma-é00: Density [sigma-theta, kg/m^3]
# name 12 = sbeox0ML/L: Oxygen, SBE 43 [ml/l]
# name 13 = sbeox0Mg/L: Oxygen, SBE 43 [mg/l]
# name 14 = sbeox0PS: Oxygen, SBE 43 [% saturation]
# name 15 = sbox0Mm/Kg: Oxygen, SBE 43 [umol/kg]
# name 16 = sbeox0Mm/L: Oxygen, SBE 43 [umol/l]
# name 17 = sbox0dV/dT: Oxygen, SBE 43 [dov/dt]
# name 18 = oxsolML/L: Oxygen Saturation, Garcia & Gordon [ml/l]
# name 19 = oxsolMg/L: Oxygen Saturation, Garcia & Gordon [mg/l]
# name 20 = oxsolMm/Kg: Oxygen Saturation, Garcia & Gordon [umol/kg]
# name 21 = n2satMg/L: Nitrogen Saturation [mg/l]
# name 22 = par: PAR/Irradiance, Biospherical/Licor
# name 23 = wetStar: Fluorescence, WET Labs WETstar [mg/m^3]
# name 24 = CStarAt0: Beam Attenuation, WET Labs C-Star [1/m]
# name 25 = CStarTr0: Beam Transmission, WET Labs C-Star [%]
# name 26 = flag: flag
# span 0 =        186,        656       
# span 1 = 156.596067, 156.597428       
# span 2 =    0.01282,    0.04550       
# span 3 =     0.7695,     2.7296       
# span 4 =     46.172,    163.779       
# span 5 =      1.004,     68.616       
# span 6 =  50332.382,  50858.431       
# span 7 =    31.7416,    31.9370       
# span 8 =     6.6122,     7.6082       
# span 9 =      1.000,     68.000       
# span 10 =     6.6079,     7.5123      
# span 11 =    24.7714,    25.0291      
# span 12 =     5.6127,     7.2971      
# span 13 =     8.0211,    10.4283      
# span 14 =     82.385,    106.056      
# span 15 =    244.605,    317.943      
# span 16 =    250.663,    325.890      
# span 17 =   -0.00921,    0.09116      
# span 18 =    6.80185,    6.95222      
# span 19 =    9.72052,    9.93542      
# span 20 =  296.42916,  302.90465      
# span 21 =   15.30866,   15.61693      
# span 22 = 4.6670e-02, 9.1039e+02      
# span 23 =     0.5392,     3.3327      
# span 24 =     0.4247,     1.8744      
# span 25 =    74.2302,    89.9273      
# span 26 = 0.0000e+00, 0.0000e+00      
# interval = meters: 1                  
# start_time = Jun 04 2020 14:17:34 [Instrument's time stamp, header]
# bad_flag = -9.990e-29
*END*
        186 156.596067    0.01282     0.7695     46.172      1.004  50332.382    31.7416     7.6082      1.000     7.5123    24.7714     5.6127     8.0211     82.521    244.605    250.663   -0.00756    6.80185    9.72052  296.42916   15.30866 9.1039e+02     0.5475     1.8744    74.2302 0.0000e+00
        335 156.596497    0.02316     1.3897     83.385      2.018  50619.209    31.9166     7.4662      2.000     7.4506    24.9280     5.6154     8.0249     82.385    244.683    250.783   -0.00359    6.81605    9.74081  297.00107   15.33523 6.2431e+02     0.5438     0.4916    89.1256 0.0000e+00
        346 156.596530    0.02395     1.4370     86.221      3.030  50630.346    31.9189     7.4368      3.000     7.4316    24.9338     6.4466     9.2128     94.517    280.900    287.904    0.06976    6.82052    9.74721  297.19439   15.34445 5.6849e+02     0.5410     0.4284    89.8423 0.0000e+00
        351 156.596544    0.02429     1.4575     87.447      4.034  50641.655    31.9236     7.4204      4.000     7.4106    24.9397     6.9082     9.8725    101.251    301.014    308.521    0.09116    6.82288    9.75057  297.29514   15.34924 3.9467e+02     0.5417     0.4355    89.6845 0.0000e+00
        356 156.596561    0.02468     1.4811     88.865      5.053  50643.548    31.9203     7.3963      5.000     7.3909    24.9404     6.9537     9.9376    101.859    302.997    310.553    0.06302    6.82679    9.75616  297.46539   15.35737 3.0474e+02     0.5479     0.4359    89.6763 0.0000e+00
        361 156.596573    0.02499     1.4992     89.953      6.058  50647.335    31.9211     7.3881      6.000     7.3861    24.9422     6.8211     9.7480     99.898    297.217    304.630    0.03279    6.82803    9.75793  297.51896   15.35993 2.3670e+02     0.5419     0.4357    89.6792 0.0000e+00
        365 156.596586    0.02529     1.5173     91.041      7.064  50652.891    31.9243     7.3871      7.000     7.3864    24.9449     6.8105     9.7329     99.743    296.753    304.156    0.02173    6.82804    9.75795  297.51848   15.35989 1.8760e+02     0.5423     0.4291    89.8271 0.0000e+00
        370 156.596599    0.02560     1.5363     92.175      8.080  50648.624    31.9206     7.3859      8.000     7.3842    24.9422     6.7898     9.7033     99.436    295.854    303.233    0.01424    6.82839    9.75845  297.53466   15.36068 1.6040e+02     0.5392     0.4261    89.8941 0.0000e+00
        373 156.596610    0.02586     1.5521     93.124      9.083  50651.255    31.9217     7.3841      9.000     7.3822    24.9433     6.7261     9.6122     98.498    293.075    300.385    0.00430    6.82863    9.75880  297.54483   15.36116 1.4226e+02     0.5395     0.4286    89.8392 0.0000e+00
        378 156.596622    0.02616     1.5694     94.162     10.095  50651.830    31.9214     7.3821     10.000     7.3803    24.9432     6.6865     9.5556     97.914    291.350    298.618   -0.00040    6.82895    9.75926  297.55892   15.36183 1.2278e+02     0.5409     0.4307    89.7919 0.0000e+00
        382 156.596634    0.02644     1.5865     95.189     11.103  50654.327    31.9223     7.3801     11.000     7.3774    24.9443     6.6248     9.4675     97.007    288.663    295.863   -0.00590    6.82923    9.75965  297.57077   15.36239 1.1234e+02     0.5411     0.4288    89.8351 0.0000e+00
        386 156.596647    0.02674     1.6044     96.267     12.115  50656.976    31.9230     7.3765     12.000     7.3742    24.9454     6.5882     9.4153     96.464    287.070    294.231   -0.00794    6.82976    9.76040  297.59327   15.36346 9.4686e+01     0.5419     0.4370    89.6496 0.0000e+00
        390 156.596659    0.02703     1.6218     97.310     13.123  50662.801    31.9263     7.3746     13.000     7.3722    24.9483     6.5577     9.3716     96.015    285.739    292.867   -0.00843    6.82990    9.76061  297.59895   15.36373 7.8477e+01     0.5447     0.4326    89.7490 0.0000e+00
        394 156.596671    0.02732     1.6393     98.360     14.131  50671.488    31.9314     7.3712     14.000     7.3662    24.9526     6.5263     9.3267     95.550    284.367    291.463   -0.00921    6.83020    9.76104  297.61075   15.36426 6.7784e+01     0.5441     0.4352    89.6906 0.0000e+00
        399 156.596683    0.02763     1.6576     99.456     15.145  50667.133    31.9260     7.3607     15.000     7.3525    24.9499     6.5152     9.3109     95.361    283.886    290.969   -0.00773    6.83210    9.76374  297.69402   15.36826 5.6066e+01     0.5850     0.4331    89.7382 0.0000e+00
        403 156.596695    0.02792     1.6748    100.488     16.148  50668.323    31.9244     7.3495     16.000     7.3448    24.9502     6.4788     9.2588     94.803    282.297    289.341   -0.00907    6.83392    9.76636  297.77341   15.37205 4.6246e+01     0.5783     0.4355    89.6850 0.0000e+00
        408 156.596709    0.02823     1.6941    101.647     17.164  50659.028    31.9165     7.3441     17.000     7.3399    24.9448     6.4740     9.2520     94.717    282.093    289.129   -0.00729    6.83511    9.76806  297.82698   15.37465 3.6310e+01     0.6047     0.4397    89.5900 0.0000e+00
        412 156.596721    0.02852     1.7112    102.674     18.167  50652.094    31.9100     7.3363     18.000     7.3305    24.9407     6.5310     9.3335     95.529    284.579    291.677   -0.00101    6.83665    9.77025  297.89495   15.37792 3.0686e+01     0.6615     0.4345    89.7072 0.0000e+00
        417 156.596734    0.02886     1.7313    103.879     19.186  50662.044    31.9153     7.3299     19.000     7.3277    24.9457     6.7666     9.6702     98.966    294.844    302.198    0.01861    6.83739    9.77132  297.92587   15.37937 2.3762e+01     0.6405     0.4401    89.5798 0.0000e+00
        421 156.596747    0.02915     1.7487    104.922     20.180  50659.536    31.9129     7.3287     20.000     7.3262    24.9440     6.9364     9.9128    101.444    302.241    309.780    0.03068    6.83770    9.77176  297.93992   15.38005 1.8788e+01     1.1879     0.4351    89.6934 0.0000e+00
        426 156.596761    0.02950     1.7700    106.203     21.204  50661.058    31.9133     7.3278     21.000     7.3252    24.9445     6.8908     9.8477    100.775    300.255    307.744    0.01688    6.83782    9.77193  297.94510   15.38030 1.4769e+01     1.2407     0.4268    89.8794 0.0000e+00
        431 156.596776    0.02984     1.7903    107.417     22.206  50660.752    31.9123     7.3259     22.000     7.3237    24.9440     6.8198     9.7461     99.731    297.158    304.571    0.00585    6.83817    9.77243  297.96035   15.38103 1.1442e+01     1.1133     0.4247    89.9273 0.0000e+00
        436 156.596790    0.03018     1.8104    108.625     23.224  50648.092    31.9024     7.3225     23.000     7.3018    24.9367     6.7888     9.7020     99.265    295.813    303.190    0.00015    6.83914    9.77381  298.00458   15.38318 8.8915e+00     1.5334     0.4402    89.5810 0.0000e+00
        440 156.596802    0.03047     1.8281    109.686     24.226  50634.794    31.8793     7.2450     24.000     7.1938    24.9289     6.8488     9.7876     99.948    298.428    305.867    0.00394    6.85236    9.79271  298.58297   15.41087 7.0926e+00     1.2801     0.4439    89.4969 0.0000e+00
        444 156.596815    0.03078     1.8470    110.823     25.239  50728.877    31.9310     7.1679     25.000     7.1747    24.9800     6.9404     9.9186    101.140    302.404    309.959    0.00972    6.86216    9.80672  298.99537   15.43034 5.6016e+00     1.5928     0.4474    89.4189 0.0000e+00
        449 156.596828    0.03108     1.8647    111.881     26.246  50731.595    31.9370     7.1939     26.000     7.2062    24.9812     6.9686     9.9589    101.616    303.632    311.217    0.01059    6.85780    9.80049  298.80507   15.42123 4.5311e+00     1.7229     0.4525    89.3032 0.0000e+00
        453 156.596839    0.03138     1.8825    112.948     27.264  50672.660    31.8989     7.2139     27.000     7.1869    24.9486     6.9034     9.8656    100.685    300.800    308.305    0.00247    6.85636    9.79843  298.75159   15.41883 3.6636e+00     3.1445     0.4568    89.2079 0.0000e+00
        456 156.596850    0.03162     1.8972    113.831     28.255  50676.829    31.8917     7.1585     28.000     7.1358    24.9503     6.8725     9.8214    100.103    299.453    306.925   -0.00270    6.86542    9.81138  299.14600   15.43768 3.0215e+00     1.8433     0.4716    88.8790 0.0000e+00
        461 156.596864    0.03197     1.9181    115.087     29.285  50733.793    31.9274     7.1388     29.000     7.1490    24.9811     7.0067    10.0132    102.035    305.290    312.916    0.00840    6.86692    9.81351  299.20220   15.44022 2.4498e+00     2.2219     0.4743    88.8176 0.0000e+00
        465 156.596876    0.03224     1.9346    116.073     30.283  50701.480    31.9074     7.1557     30.000     7.1522    24.9631     7.1365    10.1987    103.952    310.953    318.715    0.01859    6.86516    9.81100  299.13075   15.43689 1.9933e+00     2.3998     0.4793    88.7062 0.0000e+00
        469 156.596887    0.03252     1.9513    117.081     31.289  50699.301    31.9053     7.1547     31.000     7.1476    24.9616     7.2112    10.3055    105.037    314.209    322.052    0.02022    6.86540    9.81135  299.14183   15.43744 1.6382e+00     2.2103     0.4816    88.6576 0.0000e+00
        474 156.596902    0.03288     1.9728    118.365     32.312  50707.982    31.9084     7.1410     32.000     7.1380    24.9659     7.2545    10.3673    105.636    316.092    323.984    0.01770    6.86742    9.81423  299.22864   15.44156 1.3655e+00     1.9290     0.4589    89.1625 0.0000e+00
        478 156.596914    0.03315     1.9889    119.334     33.305  50686.022    31.8921     7.1382     33.000     7.1233    24.9535     7.2043    10.2956    104.886    313.907    321.741    0.00874    6.86861    9.81593  299.28389   15.44426 1.1666e+00     2.2255     0.4747    88.8101 0.0000e+00
        484 156.596929    0.03352     2.0110    120.662     34.330  50708.903    31.9040     7.1176     34.000     7.1130    24.9655     7.2300    10.3324    105.220    315.026    322.891    0.00701    6.87132    9.81981  299.39870   15.44969 1.0675e+00     2.3475     0.4610    89.1149 0.0000e+00
        488 156.596942    0.03383     2.0298    121.785     35.324  50719.324    31.9108     7.1172     35.000     7.1193    24.9709     7.2721    10.3926    105.836    316.860    324.772    0.00896    6.87109    9.81947  299.38686   15.44910 9.6837e-01     2.6898     0.4654    89.0166 0.0000e+00
        493 156.596957    0.03420     2.0520    123.123     36.347  50712.676    31.9082     7.1316     36.000     7.1310    24.9670     7.2779    10.4008    105.954    317.112    325.029    0.00649    6.86893    9.81639  299.29396   15.44467 8.8952e-01     2.3452     0.4644    89.0400 0.0000e+00
        499 156.596972    0.03456     2.0738    124.431     37.353  50703.713    31.9014     7.1312     37.000     7.1250    24.9617     7.2794    10.4030    105.970    317.180    325.098    0.00447    6.86929    9.81690  299.31107   15.44552 7.8441e-01     2.3382     0.5310    87.5695 0.0000e+00
        504 156.596988    0.03494     2.0962    125.773     38.363  50699.237    31.8956     7.1187     38.000     7.1066    24.9588     7.2694    10.3886    105.790    316.744    324.650    0.00191    6.87153    9.82010  299.40940   15.45023 6.6811e-01     2.2133     0.5019    88.2106 0.0000e+00
        509 156.597002    0.03528     2.1166    126.995     39.372  50683.160    31.8793     7.0924     39.000     7.0687    24.9495     7.2667    10.3849    105.676    316.634    324.534    0.00045    6.87642    9.82710  299.62555   15.46061 5.5159e-01     2.9414     0.4844    88.5942 0.0000e+00
        514 156.597017    0.03562     2.1371    128.226     40.382  50728.998    31.9052     7.0609     40.000     7.0593    24.9741     7.2657    10.3834    105.602    316.579    324.485   -0.00026    6.88025    9.83256  299.78495   15.46811 4.6060e-01     2.4276     0.4594    89.1500 0.0000e+00
        518 156.597029    0.03593     2.1560    129.360     41.390  50739.712    31.9145     7.0740     41.000     7.0780    24.9797     7.2685    10.3874    105.681    316.700    324.610    0.00013    6.87775    9.82900  299.67463   15.46281 3.7758e-01     2.1866     0.4607    89.1201 0.0000e+00
        523 156.597042    0.03623     2.1739    130.434     42.399  50721.260    31.9030     7.0843     42.000     7.0805    24.9693     7.2884    10.4159    105.988    317.570    325.500    0.00181    6.87663    9.82739  299.62876   15.46067 3.1114e-01     2.2355     0.4713    88.8854 0.0000e+00
        527 156.597056    0.03656     2.1936    131.615     43.406  50729.942    31.9091     7.0874     43.000     7.0880    24.9737     7.2923    10.4214    106.056    317.738    325.673    0.00173    6.87588    9.82632  299.59480   15.45903 2.5538e-01     2.2018     0.4559    89.2282 0.0000e+00
        533 156.597071    0.03692     2.2153    132.919     44.433  50704.975    31.8931     7.0978     44.000     7.0822    24.9597     7.2884    10.4159    106.014    317.573    325.500    0.00084    6.87495    9.82499  299.55809   15.45734 2.0813e-01     2.0471     0.4537    89.2735 0.0000e+00
        536 156.597081    0.03717     2.2305    133.827     45.421  50683.199    31.8704     7.0584     45.000     7.0264    24.9471     7.2848    10.4107    105.851    317.421    325.340   -0.00041    6.88221    9.83537  299.87850   15.47272 1.7540e-01     2.1087     0.8952    80.1328 0.0000e+00
        541 156.597096    0.03751     2.2508    135.049     46.440  50734.931    31.8966     7.0051     46.000     6.9953    24.9747     7.2817    10.4063    105.693    317.277    325.201   -0.00144    6.88949    9.84577  300.18746   15.48735 1.5094e-01     2.8206     0.9013    79.8185 0.0000e+00
        546 156.597110    0.03788     2.2725    136.347     47.448  50749.049    31.9057     7.0038     47.000     6.9981    24.9821     7.2673    10.3857    105.486    316.645    324.555   -0.00223    6.88928    9.84547  300.17632   15.48678 1.3269e-01     2.4425     0.8074    81.7550 0.0000e+00
        552 156.597126    0.03823     2.2943    137.657     48.464  50712.940    31.8748     6.9742     48.000     6.9473    24.9617     7.2746    10.3961    105.499    316.971    324.882   -0.00160    6.89539    9.85419  300.44814   15.49987 1.1922e-01     3.3327     0.5987    86.0775 0.0000e+00
        556 156.597138    0.03854     2.3124    138.742     49.464  50761.927    31.9027     6.9417     49.000     6.9364    24.9879     7.2812    10.4054    105.534    317.248    325.175   -0.00116    6.89930    9.85979  300.61108   15.50753 1.0748e-01     2.7739     0.6998    83.9590 0.0000e+00
        561 156.597153    0.03889     2.3334    140.006     50.478  50757.389    31.8986     6.9396     50.000     6.9319    24.9850     7.2948    10.4250    105.725    317.845    325.786    0.00031    6.89982    9.86053  300.63444   15.50866 9.7142e-02     2.9659     0.7336    83.2446 0.0000e+00
        566 156.597168    0.03926     2.3556    141.335     51.489  50746.549    31.8882     6.9265     51.000     6.9079    24.9786     7.2907    10.4191    105.626    317.669    325.603   -0.00040    6.90237    9.86419  300.74785   15.51412 8.7780e-02     2.5580     0.6938    84.0875 0.0000e+00
        572 156.597183    0.03962     2.3774    142.647     52.497  50781.743    31.9082     6.9037     52.000     6.9024    24.9973     7.2821    10.4069    105.460    317.288    325.219   -0.00135    6.90510    9.86808  300.86127   15.51944 7.9449e-02     2.8483     0.5289    87.6137 0.0000e+00
        577 156.597199    0.04000     2.3998    143.987     53.505  50762.386    31.8938     6.9010     53.000     6.8898    24.9863     7.2861    10.4126    105.501    317.466    325.398   -0.00079    6.90618    9.86962  300.91130   15.52189 7.2895e-02     2.5284     0.5244    87.7140 0.0000e+00
