CTD-processing/allCTD/CNV/2020_12-28_t9_s07_cast089_5028.cnv
* Sea-Bird SBE19plus Data File:
* FileName = C:\Users\steve\Desktop\GWA CTD\2020_12-28_T9_S0_cast089.hex
* Software Version 1.59
* Temperature SN =  5028
* Conductivity SN =  5028
* System UpLoad Time = Dec 29 2020 12:12:22
** Cook Inlet LTM Transect 9
** Date: 12-28-2020
** Station:S07
** Start Time (AKST):11:12
** Depth (m):104
** Comment:
** Comment:
# nquan = 27
# nvalues = 89                          
# units = specified
# name 0 = scan: Scan Count
# name 1 = timeJ: Julian Days
# name 2 = timeH: Time, Elapsed [hours]
# name 3 = timeM: Time, Elapsed [minutes]
# name 4 = timeS: Time, Elapsed [seconds]
# name 5 = prdM: Pressure, Strain Gauge [db]
# name 6 = specc: Specific Conductance [uS/cm]
# name 7 = sal00: Salinity, Practical [PSU]
# name 8 = tv290C: Temperature [ITS-90, deg C]
# name 9 = depSM: Depth [salt water, m], lat = 59.00
# name 10 = potemp090C: Potential Temperature [ITS-90, deg C]
# name 11 = sigma-é00: Density [sigma-theta, kg/m^3]
# name 12 = sbeox0ML/L: Oxygen, SBE 43 [ml/l]
# name 13 = sbeox0Mg/L: Oxygen, SBE 43 [mg/l]
# name 14 = sbeox0PS: Oxygen, SBE 43 [% saturation]
# name 15 = sbox0Mm/Kg: Oxygen, SBE 43 [umol/kg]
# name 16 = sbeox0Mm/L: Oxygen, SBE 43 [umol/l]
# name 17 = sbox0dV/dT: Oxygen, SBE 43 [dov/dt]
# name 18 = oxsolML/L: Oxygen Saturation, Garcia & Gordon [ml/l]
# name 19 = oxsolMg/L: Oxygen Saturation, Garcia & Gordon [mg/l]
# name 20 = oxsolMm/Kg: Oxygen Saturation, Garcia & Gordon [umol/kg]
# name 21 = potemp090C: Potential Temperature [ITS-90, deg C]
# name 22 = n2satMg/L: Nitrogen Saturation [mg/l]
# name 23 = par: PAR/Irradiance, Biospherical/Licor
# name 24 = flECO-AFL: Fluorescence, WET Labs ECO-AFL/FL [mg/m^3]
# name 25 = turbWETntu0: Turbidity, WET Labs ECO [NTU]
# name 26 = flag: flag
# span 0 =        456,        873       
# span 1 = 363.467948, 363.469156       
# span 2 =    0.03160,    0.06059       
# span 3 =     1.8956,     3.6353       
# span 4 =    113.735,    218.115       
# span 5 =      1.010,     89.860       
# span 6 =  49044.985,  50236.476       
# span 7 =    30.2172,    31.3817       
# span 8 =     4.2902,     6.1975       
# span 9 =      1.000,     89.000       
# span 10 =     4.2888,     6.1903      
# span 11 =    23.9559,    24.6720      
# span 12 =     6.5409,     9.9230      
# span 13 =     9.3476,    14.1809      
# span 14 =     88.048,    140.098      
# span 15 =    285.284,    432.532      
# span 16 =    292.118,    443.161      
# span 17 =   -0.02621,    0.03700      
# span 18 =    7.04394,    7.42977      
# span 19 =   10.06649,   10.61788      
# span 20 =  307.00795,  324.05038      
# span 21 =     4.2900,     6.1902      
# span 22 =   15.81464,   16.63059      
# span 23 = 3.8397e-02, 9.6322e+00      
# span 24 =     0.2353,     0.3396      
# span 25 =     0.4560,     5.8995      
# span 26 = 0.0000e+00, 0.0000e+00      
# interval = meters: 1                  
# start_time = Dec 28 2020 11:11:57 [Instrument's time stamp, header]
# bad_flag = -9.990e-29
*END*
        456 363.467948    0.03160     1.8956    113.735      1.010  49044.985    30.2172     4.2953      1.000     4.2932    23.9559     6.5409     9.3476     88.048    285.284    292.118    0.00528    7.42883   10.61654  324.00975     4.2953   16.62865 9.6322e+00     0.3092     5.8995 0.0000e+00
        460 363.467961    0.03191     1.9144    114.862      2.019  49047.526    30.2172     4.2902      2.000     4.2888    23.9565     6.7584     9.6584     90.964    294.768    301.830    0.01939    7.42977   10.61788  324.05038     4.2900   16.63059 3.8285e+00     0.3170     5.8837 0.0000e+00
        465 363.467974    0.03220     1.9320    115.918      3.028  49068.672    30.2311     4.2903      3.000     4.2972    23.9675     6.8243     9.7525     91.859    297.638    304.771    0.01953    7.42906   10.61686  324.01577     4.2901   16.62888 1.5252e+00     0.3323     5.7138 0.0000e+00
        469 363.467986    0.03249     1.9496    116.975      4.038  49146.668    30.2892     4.3155      4.000     4.3420    24.0112     6.8418     9.7776     92.187    298.389    305.553    0.01578    7.42160   10.60622  323.67703     4.3152   16.61253 6.0692e-01     0.3396     5.6706 0.0000e+00
        473 363.467998    0.03279     1.9671    118.028      5.047  49225.979    30.3564     4.3779      5.000     4.4138    24.0585     6.8706     9.8188     92.758    299.630    306.839    0.01454    7.40701   10.58535  323.02538     4.3776   16.58127 2.8879e-01     0.3181     5.5168 0.0000e+00
        478 363.468011    0.03309     1.9855    119.127      6.057  49311.749    30.4328     4.4628      6.000     4.5044    24.1108     6.9239     9.8950     93.721    301.943    309.224    0.01542    7.38795   10.55813  322.17813     4.4625   16.54067 1.5174e-01     0.2966     4.9556 0.0000e+00
        482 363.468024    0.03339     2.0036    120.214      7.066  49402.189    30.5146     4.5582      7.000     4.6066    24.1663     7.0040    10.0094     95.076    305.418    312.798    0.01825    7.36687   10.52799  321.24099     4.5577   16.49577 9.3720e-02     0.2942     4.0738 0.0000e+00
        486 363.468036    0.03369     2.0213    121.279      8.075  49513.568    30.6141     4.6692      8.000     4.7319    24.2340     7.0882    10.1298     96.544    309.071    316.561    0.02105    7.34223   10.49279  320.14573     4.6687   16.44327 7.1020e-02     0.2829     3.3094 0.0000e+00
        491 363.468050    0.03402     2.0410    122.461      9.085  49616.124    30.7162     4.8215      9.000     4.8805    24.2993     7.1969    10.2851     98.453    313.790    321.415    0.02474    7.31032   10.44718  318.73394     4.8209   16.37568 5.8868e-02     0.2757     2.4546 0.0000e+00
        496 363.468063    0.03435     2.0611    123.664     10.095  49687.820    30.7939     4.9594     10.000     5.0008    24.3466     7.3281    10.4726    100.631    319.495    327.273    0.02872    7.28230   10.40713  317.49733     4.9587   16.31653 5.1870e-02     0.2733     1.7946 0.0000e+00
        501 363.468077    0.03469     2.0814    124.884     11.104  49656.459    30.7858     5.0255     11.000     5.0295    24.3333     7.4606    10.6619    102.606    325.275    333.190    0.03048    7.27114   10.39118  317.01485     5.0247   16.29360 4.8276e-02     0.2631     1.4949 0.0000e+00
        505 363.468091    0.03503     2.1015    126.093     12.114  49655.439    30.7851     5.0278     12.000     5.0238    24.3325     7.5446    10.7821    103.767    328.941    336.946    0.02723    7.27078   10.39067  316.99959     5.0269   16.29288 4.5484e-02     0.2617     1.4089 0.0000e+00
        511 363.468107    0.03539     2.1233    127.398     13.123  49669.151    30.7927     5.0213     13.000     5.0196    24.3392     7.6124    10.8789    104.688    331.891    339.969    0.02320    7.27153   10.39174  317.03028     5.0204   16.29431 4.3286e-02     0.2560     1.3833 0.0000e+00
        516 363.468122    0.03575     2.1452    128.710     14.133  49699.165    30.8133     5.0237     14.000     5.0305    24.3552     7.6649    10.9539    105.430    334.175    342.314    0.01941    7.27012   10.38972  316.96376     5.0227   16.29106 4.1624e-02     0.2736     1.3482 0.0000e+00
        521 363.468136    0.03610     2.1663    129.980     15.142  49772.005    30.8704     5.0606     15.000     5.0900    24.3965     7.7176    11.0293    106.291    336.462    344.670    0.01754    7.26091   10.37657  316.54965     5.0596   16.27112 4.0508e-02     0.2843     1.2913 0.0000e+00
        526 363.468150    0.03644     2.1863    131.180     16.151  49809.095    30.9118     5.1397     16.000     5.1719    24.4208     7.7948    11.1396    107.588    339.818    348.116    0.01894    7.24517   10.35408  315.85615     5.1386   16.23794 4.0217e-02     0.2820     1.2040 0.0000e+00
        530 363.468164    0.03677     2.2061    132.368     17.161  49805.109    30.9236     5.2126     17.000     5.2329    24.4223     7.8770    11.2570    108.919    343.400    351.787    0.02036    7.23199   10.33523  315.28069     5.2114   16.21051 4.4796e-02     0.2708     1.1053 0.0000e+00
        535 363.468177    0.03708     2.2248    133.488     18.171  49805.157    30.9324     5.2574     18.000     5.2721    24.4244     7.9461    11.3558    110.000    346.414    354.874    0.02023    7.22384   10.32358  314.92469     5.2560   16.19352 8.4065e-02     0.2631     1.0611 0.0000e+00
        539 363.468189    0.03737     2.2425    134.551     19.181  49801.082    30.9354     5.2878     19.000     5.2969    24.4234     8.0251    11.4687    111.176    349.855    358.400    0.02082    7.21844   10.31587  314.68975     5.2865   16.18233 7.0329e-02     0.2561     1.0579 0.0000e+00
        543 363.468201    0.03766     2.2593    135.560     20.190  49819.048    30.9519     5.3108     20.000     5.3272    24.4340     8.1204    11.6049    112.570    354.006    362.656    0.02266    7.21370   10.30910  314.47984     5.3093   16.17227 5.0395e-02     0.2465     1.0627 0.0000e+00
        547 363.468213    0.03795     2.2769    136.616     21.200  49839.364    30.9741     5.3536     21.000     5.3722    24.4468     8.2449    11.7829    114.430    359.433    368.219    0.02626    7.20528   10.29706  314.10858     5.3521   16.15450 4.4830e-02     0.2437     1.0425 0.0000e+00
        552 363.468226    0.03827     2.2963    137.776     22.209  49818.454    30.9664     5.3886     22.000     5.3931    24.4369     8.3877    11.9869    116.502    365.660    374.595    0.02953    7.19964   10.28901  313.86623     5.3869   16.14300 4.3236e-02     0.2353     1.0084 0.0000e+00
        556 363.468239    0.03856     2.3135    138.809     23.218  49821.116    30.9702     5.4006     23.000     5.4046    24.4385     8.5167    12.1713    118.331    371.284    380.358    0.03121    7.19741   10.28581  313.76816     5.3988   16.13831 4.2483e-02     0.2483     0.9913 0.0000e+00
        561 363.468251    0.03886     2.3316    139.895     24.228  49826.996    30.9763     5.4135     24.000     5.4182    24.4420     8.6589    12.3744    120.348    377.479    386.706    0.03325    7.19489   10.28223  313.65770     5.4117   16.13303 4.1918e-02     0.2658     0.9805 0.0000e+00
        564 363.468262    0.03913     2.3478    140.865     25.238  49831.934    30.9819     5.4267     25.000     5.4316    24.4449     8.7909    12.5631    122.226    383.235    392.603    0.03476    7.19238   10.27863  313.54708     5.4248   16.12774 4.1545e-02     0.2608     0.9755 0.0000e+00
        569 363.468276    0.03946     2.3678    142.070     26.247  49836.540    30.9878     5.4423     26.000     5.4473    24.4478     8.9562    12.7992    124.575    390.435    399.981    0.03653    7.18942   10.27440  313.41723     5.4404   16.12153 4.1147e-02     0.2668     0.9692 0.0000e+00
        574 363.468290    0.03979     2.3875    143.247     27.257  49849.899    31.0003     5.4615     27.000     5.4694    24.4556     9.1015    13.0069    126.664    396.768    406.471    0.03648    7.18553   10.26885  313.24533     5.4595   16.11330 4.0821e-02     0.2651     1.0088 0.0000e+00
        578 363.468303    0.04010     2.4062    144.373     28.266  49877.631    31.0241     5.4871     28.000     5.5050    24.4715     9.2396    13.2043    128.685    402.782    412.639    0.03663    7.18003   10.26097  313.00032     5.4851   16.10153 4.0579e-02     0.2669     1.0051 0.0000e+00
        583 363.468315    0.04039     2.4231    145.386     29.276  49902.614    31.0498     5.5322     29.000     5.5542    24.4868     9.3622    13.3795    130.555    408.120    418.114    0.03700    7.17112   10.24825  312.60745     5.5300   16.08272 4.0396e-02     0.2712     1.0024 0.0000e+00
        587 363.468328    0.04071     2.4429    146.576     30.285  49907.845    31.0637     5.5860     30.000     5.6034    24.4918     9.4884    13.5598    132.496    413.621    423.751    0.03624    7.16131   10.23423  312.17850     5.5837   16.06224 4.0212e-02     0.2643     0.9756 0.0000e+00
        593 363.468344    0.04108     2.4648    147.885     31.295  49931.278    31.0902     5.6404     31.000     5.6610    24.5065     9.5844    13.6970    134.033    417.799    428.039    0.03237    7.15081   10.21923  311.71629     5.6381   16.04012 4.0036e-02     0.2619     0.9556 0.0000e+00
        597 363.468357    0.04140     2.4839    149.031     32.305  49940.805    31.1060     5.6897     32.000     5.7084    24.5134     9.6589    13.8036    135.247    421.046    431.368    0.02937    7.14172   10.20624  311.31791     5.6873   16.02109 3.9897e-02     0.2767     0.9630 0.0000e+00
        602 363.468371    0.04174     2.5040    150.237     33.314  49992.034    31.1531     5.7519     33.000     5.7827    24.5434     9.7238    13.8963    136.399    423.862    434.265    0.02648    7.12899   10.18804  310.75370     5.7494   15.99402 3.9759e-02     0.2557     0.9525 0.0000e+00
        607 363.468386    0.04209     2.5255    151.528     34.324  49986.628    31.1639     5.8286     34.000     5.8425    24.5431     9.7795    13.9757    137.437    426.287    436.749    0.02340    7.11558   10.16888  310.16927     5.8260   15.96614 3.9652e-02     0.2603     0.8963 0.0000e+00
        612 363.468400    0.04244     2.5462    152.772     35.333  49980.045    31.1651     5.8602     35.000     5.8673    24.5404     9.8064    14.0143    137.919    427.462    437.952    0.01866    7.11022   10.16121  309.93621     5.8575   15.95503 3.9578e-02     0.2390     0.8820 0.0000e+00
        617 363.468413    0.04275     2.5651    153.908     36.343  50004.822    31.1869     5.8867     36.000     5.9003    24.5544     9.8191    14.0326    138.206    428.014    438.524    0.01451    7.10474   10.15339  309.69343     5.8839   15.94338 3.9483e-02     0.2515     0.8599 0.0000e+00
        621 363.468426    0.04307     2.5839    155.033     37.353  50018.759    31.2032     5.9240     37.000     5.9362    24.5630     9.8508    14.0778    138.788    429.391    439.938    0.01328    7.09773   10.14336  309.38514     5.9211   15.92863 3.9414e-02     0.2700     0.8106 0.0000e+00
        625 363.468438    0.04336     2.6016    156.095     38.362  50017.378    31.2073     5.9523     38.000     5.9573    24.5629     9.8840    14.1252    139.353    430.838    441.420    0.01270    7.09282   10.13635  309.17129     5.9492   15.91842 3.9330e-02     0.2602     0.7464 0.0000e+00
        630 363.468453    0.04369     2.6217    157.301     39.371  50018.224    31.2105     5.9682     39.000     5.9699    24.5636     9.8924    14.1372    139.525    431.201    441.792    0.00976    7.09000   10.13232  309.04803     5.9651   15.91254 3.9273e-02     0.2555     0.7557 0.0000e+00
        635 363.468465    0.04400     2.6398    158.386     40.381  50034.166    31.2234     5.9805     40.000     5.9850    24.5723     9.8950    14.1410    139.615    431.312    441.910    0.00726    7.08735   10.12853  308.93001     5.9773   15.90686 3.9222e-02     0.2459     0.7497 0.0000e+00
        639 363.468478    0.04430     2.6579    159.475     41.390  50038.894    31.2292     5.9961     41.000     5.9964    24.5750     9.9118    14.1650    139.908    432.043    442.660    0.00670    7.08448   10.12442  308.80387     5.9928   15.90083 3.9183e-02     0.2466     0.6197 0.0000e+00
        643 363.468490    0.04459     2.6755    160.531     42.400  50040.424    31.2308     6.0015     42.000     5.9998    24.5757     9.9230    14.1809    140.086    432.532    443.161    0.00579    7.08350   10.12302  308.76102     5.9981   15.89878 3.9140e-02     0.2452     0.5785 0.0000e+00
        648 363.468504    0.04493     2.6961    161.766     43.411  50044.579    31.2340     6.0052     43.000     6.0007    24.5777     9.9227    14.1806    140.098    432.518    443.148    0.00400    7.08272   10.12192  308.72666     6.0018   15.89713 3.9112e-02     0.2583     0.5778 0.0000e+00
        653 363.468517    0.04525     2.7146    162.879     44.420  50045.198    31.2327     5.9991     44.000     5.9910    24.5775     9.9199    14.1765    140.036    432.396    443.023    0.00236    7.08381   10.12347  308.77393     5.9956   15.89939 3.9063e-02     0.2612     0.6127 0.0000e+00
        657 363.468531    0.04557     2.7342    164.054     45.430  50069.935    31.2479     5.9920     45.000     5.9909    24.5903     9.9141    14.1682    139.944    432.137    442.763    0.00111    7.08429   10.12416  308.79111     5.9883   15.90015 3.9011e-02     0.2577     0.6141 0.0000e+00
        662 363.468544    0.04589     2.7534    165.204     46.440  50113.847    31.2808     6.0076     46.000     6.0154    24.6144     9.9008    14.1492    139.839    431.548    442.170    0.00009    7.08014   10.11823  308.60315     6.0039   15.89106 3.8973e-02     0.2545     0.6297 0.0000e+00
        666 363.468557    0.04621     2.7727    166.364     47.450  50121.723    31.2905     6.0322     47.000     6.0363    24.6192     9.8884    14.1314    139.753    431.002    441.613   -0.00040    7.07558   10.11171  308.40266     6.0285   15.88146 3.8954e-02     0.2538     0.6551 0.0000e+00
        671 363.468571    0.04653     2.7916    167.495     48.459  50124.103    31.2946     6.0474     48.000     6.0470    24.6206     9.8645    14.0974    139.470    429.964    440.550   -0.00176    7.07287   10.10784  308.28418     6.0435   15.87580 3.8936e-02     0.2554     0.6556 0.0000e+00
        676 363.468584    0.04685     2.8109    168.651     49.468  50139.550    31.3064     6.0557     49.000     6.0591    24.6289     9.8153    14.0271    138.812    427.815    438.352   -0.00478    7.07093   10.10507  308.19725     6.0518   15.87161 3.8938e-02     0.2494     0.6105 0.0000e+00
        680 363.468597    0.04716     2.8297    169.782     50.478  50146.010    31.3138     6.0735     50.000     6.0760    24.6326     9.7650    13.9551    138.165    425.620    436.104   -0.00692    7.06763   10.10035  308.05218     6.0695   15.86467 3.8897e-02     0.2523     0.6041 0.0000e+00
        685 363.468610    0.04747     2.8483    170.897     51.487  50149.268    31.3181     6.0868     51.000     6.0889    24.6345     9.7017    13.8646    137.316    422.859    433.276   -0.00951    7.06523   10.09691  307.94679     6.0827   15.85963 3.8907e-02     0.2553     0.6561 0.0000e+00
        689 363.468623    0.04779     2.8672    172.031     52.497  50155.578    31.3248     6.1016     52.000     6.1036    24.6380     9.6349    13.7691    136.424    419.946    430.293   -0.01153    7.06244   10.09293  307.82451     6.0974   15.85377 3.8872e-02     0.2611     0.6830 0.0000e+00
        694 363.468637    0.04814     2.8881    173.284     53.507  50153.035    31.3249     6.1136     53.000     6.1102    24.6366     9.5466    13.6430    135.211    416.097    426.348   -0.01424    7.06045   10.09009  307.73821     6.1093   15.84966 3.8841e-02     0.2463     0.6238 0.0000e+00
