CTD-processing/allCTD/CNV/2020_08-14_alongbay_skb12_cast142_4141.cnv
* Sea-Bird SBE19plus Data File:
* FileName = E:\2020_08-14_AlongBay\2020_08-14_AlongBay_SKB0_cast142.hex
* Software Version 1.59
* Temperature SN =  4141
* Conductivity SN =  4141
* System UpLoad Time = Aug 18 2020 10:39:52
** Cook Inlet LTM AlongBay
** Date: 2020_08-14
** Station:SKB12
** Start Time: (AKDT):10:05
** Depth (m):77
** Comment:
** Comment:
# nquan = 27
# nvalues = 75                          
# units = specified
# name 0 = scan: Scan Count
# name 1 = timeJ: Julian Days
# name 2 = timeH: Time, Elapsed [hours]
# name 3 = timeM: Time, Elapsed [minutes]
# name 4 = timeS: Time, Elapsed [seconds]
# name 5 = prdM: Pressure, Strain Gauge [db]
# name 6 = specc: Specific Conductance [uS/cm]
# name 7 = sal00: Salinity, Practical [PSU]
# name 8 = tv290C: Temperature [ITS-90, deg C]
# name 9 = depSM: Depth [salt water, m], lat = 59.00
# name 10 = potemp090C: Potential Temperature [ITS-90, deg C]
# name 11 = sigma-é00: Density [sigma-theta, kg/m^3]
# name 12 = sbeox0ML/L: Oxygen, SBE 43 [ml/l]
# name 13 = sbeox0Mg/L: Oxygen, SBE 43 [mg/l]
# name 14 = sbeox0PS: Oxygen, SBE 43 [% saturation]
# name 15 = sbox0Mm/Kg: Oxygen, SBE 43 [umol/kg]
# name 16 = sbeox0Mm/L: Oxygen, SBE 43 [umol/l]
# name 17 = sbox0dV/dT: Oxygen, SBE 43 [dov/dt]
# name 18 = oxsolML/L: Oxygen Saturation, Garcia & Gordon [ml/l]
# name 19 = oxsolMg/L: Oxygen Saturation, Garcia & Gordon [mg/l]
# name 20 = oxsolMm/Kg: Oxygen Saturation, Garcia & Gordon [umol/kg]
# name 21 = n2satMg/L: Nitrogen Saturation [mg/l]
# name 22 = par: PAR/Irradiance, Biospherical/Licor
# name 23 = wetStar: Fluorescence, WET Labs WETstar [mg/m^3]
# name 24 = CStarAt0: Beam Attenuation, WET Labs C-Star [1/m]
# name 25 = CStarTr0: Beam Transmission, WET Labs C-Star [%]
# name 26 = flag: flag
# span 0 =        272,        617       
# span 1 = 227.421015, 227.422015       
# span 2 =    0.01880,    0.04281       
# span 3 =     1.1282,     2.5685       
# span 4 =     67.690,    154.110       
# span 5 =      1.011,     75.692       
# span 6 =  37176.811,  49836.724       
# span 7 =    23.2252,    31.5682       
# span 8 =     8.9291,    13.6236       
# span 9 =      1.000,     75.000       
# span 10 =     8.9177,    13.6056      
# span 11 =    17.1865,    24.4408      
# span 12 =     5.5223,     6.6707      
# span 13 =     7.8920,     9.5331      
# span 14 =     83.548,    104.536      
# span 15 =    240.744,    291.117      
# span 16 =    246.627,    297.914      
# span 17 =   -0.01264,    0.11163      
# span 18 =    6.21994,    6.60982      
# span 19 =    8.88891,    9.44609      
# span 20 =  272.46997,  288.15203      
# span 21 =   14.18517,   14.91408      
# span 22 = 5.2098e-02, 4.6190e+01      
# span 23 =     0.3135,     4.9625      
# span 24 =     0.1819,     2.2716      
# span 25 =    56.6978,    95.5554      
# span 26 = 0.0000e+00, 0.0000e+00      
# interval = meters: 1                  
# start_time = Aug 14 2020 10:05:08 [Instrument's time stamp, header]
# bad_flag = -9.990e-29
*END*
        272 227.421015    0.01880     1.1282     67.690      1.011  37176.811    23.2252    13.5828      1.000    13.6056    17.1865     5.9818     8.5485     94.920    262.632    267.147    0.11163    6.30197    9.00615  276.69071   14.39955 4.6190e+01     0.9848     1.9276    60.5684 0.0000e+00
        277 227.421030    0.01917     1.1500     69.001      2.020  38175.003    23.9156    13.6236      2.000    13.5841    17.7106     6.1708     8.8187     98.425    270.793    275.589    0.09351    6.26967    8.95998  275.13077   14.32191 3.6195e+01     1.0143     1.7966    63.9259 0.0000e+00
        282 227.421044    0.01950     1.1699     70.195      3.031  41441.281    26.1633    13.3355      3.000    12.9941    19.4966     6.1876     8.8426     99.479    271.052    276.337    0.06683    6.21994    8.88891  272.46997   14.18517 2.9309e+01     1.1663     1.8032    63.6999 0.0000e+00
        286 227.421056    0.01980     1.1881     71.283      4.038  44320.419    28.1257    12.6223      4.000    12.1215    21.1446     6.2767     8.9701    100.641    274.513    280.318    0.04995    6.23674    8.91292  272.76545   14.19146 2.5443e+01     1.6071     1.9690    61.1446 0.0000e+00
        290 227.421069    0.02010     1.2062     72.371      5.048  47172.581    30.0171    11.3771      5.000    11.0050    22.8330     6.5073     9.2996    102.828    284.129    290.618    0.04605    6.32812    9.04350  276.30439   14.35346 2.2371e+01     3.4887     1.8336    63.4184 0.0000e+00
        295 227.421081    0.02040     1.2240     73.437      6.057  48025.998    30.5606    10.8261      6.000    10.7818    23.3509     6.6707     9.5331    104.536    291.117    297.914    0.04263    6.38128    9.11949  278.48524   14.45572 2.1518e+01     4.9625     0.8896    79.9932 0.0000e+00
        299 227.421094    0.02070     1.2418     74.506      7.066  48395.886    30.8123    10.7461      7.000    10.7225    23.5601     6.5826     9.4071    103.141    287.211    293.978    0.02188    6.38213    9.12071  278.46536   14.45376 2.0657e+01     3.5184     0.4819    88.6765 0.0000e+00
        303 227.421106    0.02099     1.2596     75.578      8.075  48570.215    30.9317    10.7177      8.000    10.7212    23.6579     6.4520     9.2205    101.110    281.487    288.146    0.00069    6.38118    9.11934  278.39693   14.45000 1.9687e+01     1.9243     0.2833    93.1688 0.0000e+00
        308 227.421119    0.02130     1.2779     76.674      9.085  48699.272    31.0255    10.7433      9.000    10.7803    23.7266     6.3469     9.0704     99.578    276.885    283.454   -0.01036    6.37385    9.10887  278.05874   14.43343 1.8355e+01     1.0613     0.2278    94.4638 0.0000e+00
        312 227.421132    0.02161     1.2965     77.792     10.094  48802.520    31.1089    10.8376     10.000    10.8654    23.7754     6.2820     8.9777     98.813    274.041    280.557   -0.01264    6.35751    9.08552  277.33271   14.39833 1.6739e+01     0.8026     0.2337    94.3248 0.0000e+00
        317 227.421145    0.02192     1.3154     78.926     11.104  48731.424    31.0597    10.8513     11.000    10.8098    23.7348     6.2413     8.9196     98.172    272.278    278.740   -0.01245    6.35762    9.08568  277.34860   14.39929 1.4997e+01     0.7932     0.2424    94.1215 0.0000e+00
        321 227.421158    0.02224     1.3344     80.066     12.113  48784.642    31.0894    10.7851     12.000    10.7626    23.7693     6.2195     8.8882     97.706    271.313    277.762   -0.01238    6.36550    9.09694  277.68300   14.41518 1.3454e+01     0.8951     0.2278    94.4651 0.0000e+00
        326 227.421172    0.02257     1.3540     81.239     13.122  48729.362    31.0402    10.7015     13.000    10.6442    23.7452     6.2085     8.8725     97.327    270.839    277.270   -0.01057    6.37901    9.11624  278.27878   14.44391 1.2032e+01     0.8543     0.2195    94.6617 0.0000e+00
        331 227.421186    0.02290     1.3740     82.440     14.132  48918.478    31.1637    10.6178     14.000    10.6337    23.8556     6.2031     8.8649     97.143    270.576    277.031   -0.00874    6.38555    9.12558  278.53373   14.45562 1.0729e+01     0.8136     0.2183    94.6890 0.0000e+00
        336 227.421200    0.02324     1.3944     83.666     15.141  48929.215    31.1749    10.6513     15.000    10.6496    23.8586     6.1872     8.8422     96.971    269.882    276.321   -0.00678    6.38046    9.11832  278.31134   14.44492 9.5507e+00     0.7852     0.2172    94.7144 0.0000e+00
        341 227.421214    0.02359     1.4157     84.940     16.152  48930.464    31.1751    10.6495     16.000    10.6367    23.8591     6.1626     8.8070     96.583    268.810    275.223   -0.00671    6.38070    9.11866  278.32148   14.44541 8.4898e+00     0.8107     0.2186    94.6806 0.0000e+00
        346 227.421229    0.02394     1.4366     86.194     17.162  48913.545    31.1578    10.6076     17.000    10.5783    23.8528     6.1428     8.7787     96.174    267.946    274.338   -0.00751    6.38719    9.12793  278.60633   14.45912 7.5194e+00     0.8363     0.2208    94.6288 0.0000e+00
        350 227.421242    0.02427     1.4561     87.365     18.170  48931.553    31.1625    10.5431     18.000    10.5240    23.8674     6.1381     8.7720     95.969    267.738    274.128   -0.00631    6.39593    9.14042  278.98353   14.47715 6.6533e+00     0.8014     0.2266    94.4927 0.0000e+00
        355 227.421256    0.02459     1.4756     88.537     19.180  48964.984    31.1828    10.5189     19.000    10.5167    23.8873     6.1274     8.7566     95.763    267.264    273.648   -0.00584    6.39845    9.14403  279.08817   14.48209 5.8884e+00     0.7792     0.2249    94.5324 0.0000e+00
        360 227.421270    0.02492     1.4954     89.725     20.189  48966.286    31.1832    10.5178     20.000    10.5135    23.8878     6.1163     8.7409     95.589    266.783    273.157   -0.00491    6.39860    9.14423  279.09425   14.48237 5.2145e+00     0.7001     0.2314    94.3781 0.0000e+00
        365 227.421284    0.02526     1.5157     90.945     21.200  48988.267    31.1982    10.5166     21.000    10.5172    23.8997     6.1002     8.7177     95.342    266.074    272.433   -0.00513    6.39814    9.14358  279.07105   14.48120 4.6112e+00     0.6778     0.2246    94.5402 0.0000e+00
        370 227.421298    0.02559     1.5355     92.129     22.211  48997.812    31.2054    10.5235     22.000    10.5225    23.9041     6.0925     8.7068     95.241    265.737    272.090   -0.00416    6.39689    9.14179  279.01556   14.47852 4.0696e+00     0.6575     0.2301    94.4087 0.0000e+00
        374 227.421310    0.02589     1.5534     93.206     23.218  48998.663    31.2057    10.5250     23.000    10.5224    23.9042     6.0851     8.6962     95.129    265.416    271.761   -0.00363    6.39668    9.14149  279.00619   14.47806 3.5928e+00     0.6458     0.2304    94.4027 0.0000e+00
        378 227.421323    0.02619     1.5717     94.301     24.228  49019.872    31.2206    10.5271     24.000    10.5302    23.9154     6.0681     8.6720     94.878    264.673    271.003   -0.00423    6.39578    9.14021  278.96394   14.47599 3.1738e+00     0.6459     0.2304    94.4031 0.0000e+00
        383 227.421336    0.02650     1.5899     95.396     25.236  49041.732    31.2375    10.5431     25.000    10.5485    23.9259     6.0586     8.6584     94.771    264.256    270.579   -0.00397    6.39288    9.13606  278.83444   14.46972 2.8019e+00     0.6487     0.2410    94.1532 0.0000e+00
        387 227.421348    0.02681     1.6087     96.521     26.247  49076.028    31.2642    10.5677     26.000    10.5838    23.9426     6.0540     8.6517     94.765    264.048    270.370   -0.00263    6.38838    9.12964  278.63401   14.46001 2.4690e+00     0.6571     0.2418    94.1346 0.0000e+00
        392 227.421362    0.02712     1.6276     97.655     27.257  49067.792    31.2629    10.6088     27.000    10.6134    23.9346     6.0414     8.6338     94.652    263.503    269.810   -0.00261    6.38275    9.12160  278.39062   14.44837 2.1767e+00     0.6440     0.2375    94.2355 0.0000e+00
        396 227.421375    0.02744     1.6466     98.797     28.268  49161.369    31.3327    10.6432     28.000    10.6786    23.9831     6.0212     8.6049     94.448    262.609    268.907   -0.00311    6.37518    9.11076  278.04697   14.43164 1.9143e+00     0.6840     0.2408    94.1578 0.0000e+00
        401 227.421388    0.02775     1.6650     99.901     29.275  49174.746    31.3519    10.7294     29.000    10.7473    23.9834     6.0092     8.5878     94.447    262.086    268.372   -0.00210    6.36252    9.09268  277.49494   14.40513 1.6877e+00     0.6745     0.2208    94.6286 0.0000e+00
        405 227.421401    0.02806     1.6836    101.016     30.294  49141.244    31.3314    10.7603     30.000    10.7509    23.9623     5.9913     8.5621     94.216    261.310    267.572   -0.00283    6.35911    9.08781  277.35192   14.39836 1.4954e+00     0.6812     0.1923    95.3051 0.0000e+00
        409 227.421411    0.02831     1.6986    101.913     31.287  49141.095    31.3292    10.7454     31.000    10.7315    23.9630     5.9783     8.5436     93.980    260.743    266.991   -0.00391    6.36125    9.09086  277.44506   14.40284 1.3325e+00     0.6812     0.1819    95.5554 0.0000e+00
        413 227.421425    0.02863     1.7177    103.065     32.302  49147.024    31.3303    10.7228     32.000    10.7098    23.9678     5.9673     8.5278     93.761    260.260    266.498   -0.00437    6.36431    9.09523  277.57721   14.40916 1.1888e+00     0.6391     0.1834    95.5182 0.0000e+00
        418 227.421439    0.02899     1.7390    104.342     33.318  49148.391    31.3279    10.6978     33.000    10.6800    23.9702     5.9583     8.5149     93.568    259.867    266.096   -0.00395    6.36784    9.10029  277.73067   14.41651 1.0560e+00     0.5880     0.1947    95.2486 0.0000e+00
        423 227.421452    0.02929     1.7574    105.446     34.323  49176.098    31.3431    10.6637     34.000    10.6453    23.9878     5.9485     8.5010     93.355    259.437    265.660   -0.00447    6.37193    9.10611  277.90371   14.42474 9.3715e-01     0.5637     0.1934    95.2805 0.0000e+00
        427 227.421465    0.02959     1.7759    106.552     35.333  49194.822    31.3526    10.6356     35.000    10.6225    24.0000     5.9498     8.5029     93.324    259.490    265.718   -0.00331    6.37541    9.11109  278.05225   14.43181 8.3408e-01     0.5703     0.1889    95.3865 0.0000e+00
        432 227.421478    0.02991     1.7947    107.684     36.342  49208.148    31.3596    10.6188     36.000    10.6094    24.0084     5.9409     8.4901     93.155    259.099    265.319   -0.00346    6.37743    9.11399  278.13861   14.43592 7.4381e-01     0.5310     0.1902    95.3573 0.0000e+00
        436 227.421491    0.03023     1.8140    108.838     37.352  49202.806    31.3538    10.6060     37.000    10.5893    24.0061     5.9372     8.4849     93.069    258.941    265.157   -0.00299    6.37943    9.11684  278.22625   14.44014 6.6158e-01     0.4989     0.1950    95.2418 0.0000e+00
        441 227.421505    0.03056     1.8333    110.000     38.362  49193.265    31.3416    10.5640     38.000    10.5374    24.0037     5.9403     8.4894     93.025    259.077    265.296   -0.00242    6.38573    9.12585  278.50166   14.45337 5.8872e-01     0.4849     0.1998    95.1273 0.0000e+00
        446 227.421518    0.03089     1.8533    111.198     39.371  49222.211    31.3571    10.5251     39.000    10.5113    24.0223     5.9397     8.4884     92.946    259.044    265.267   -0.00239    6.39049    9.13265  278.70414   14.46300 5.2448e-01     0.4685     0.1999    95.1261 0.0000e+00
        451 227.421533    0.03123     1.8740    112.442     40.381  49203.343    31.3391    10.4899     40.000    10.4542    24.0142     5.9475     8.4996     92.987    259.388    265.617   -0.00128    6.39610    9.14066  278.95092   14.47489 4.6744e-01     0.4532     0.2078    94.9378 0.0000e+00
        456 227.421548    0.03159     1.8952    113.712     41.391  49245.439    31.3597    10.4177     41.000    10.4022    24.0424     5.9551     8.5104     92.971    259.708    265.953   -0.00111    6.40528    9.15379  279.34380   14.49361 4.1479e-01     0.4399     0.2394    94.1911 0.0000e+00
        461 227.421563    0.03195     1.9171    115.026     42.401  49242.121    31.3534    10.3890     42.000    10.3705    24.0424     5.9512     8.5049     92.850    259.541    265.781   -0.00149    6.40953    9.15986  279.52907   14.50250 3.6628e-01     0.4200     0.2815    93.2072 0.0000e+00
        466 227.421578    0.03231     1.9385    116.311     43.412  49236.647    31.3442    10.3486     43.000    10.3207    24.0420     5.9513     8.5050     92.763    259.544    265.784   -0.00171    6.41555    9.16845  279.79150   14.51511 3.1990e-01     0.3968     0.3086    92.5751 0.0000e+00
        471 227.421591    0.03263     1.9579    117.475     44.420  49245.855    31.3436    10.2946     44.000    10.2654    24.0506     5.9526     8.5069     92.675    259.600    265.844   -0.00180    6.42311    9.17926  280.11899   14.53078 2.8084e-01     0.3874     0.3023    92.7216 0.0000e+00
        476 227.421605    0.03296     1.9772    118.630     45.430  49242.214    31.3327    10.2302     45.000    10.1798    24.0527     5.9665     8.5268     92.756    260.208    266.467   -0.00102    6.43257    9.19278  280.53094   14.55054 2.4710e-01     0.3751     0.3509    91.6012 0.0000e+00
        480 227.421618    0.03327     1.9961    119.766     46.439  49279.577    31.3461    10.1302     46.000    10.0888    24.0798     5.9674     8.5280     92.574    260.237    266.504   -0.00175    6.44606    9.21206  281.11168   14.57827 2.1730e-01     0.3686     0.3104    92.5350 0.0000e+00
        485 227.421631    0.03358     2.0148    120.889     47.448  49305.092    31.3535    10.0485     47.000    10.0113    24.0989     5.9724     8.5352     92.491    260.451    266.728   -0.00216    6.45727    9.22808  281.59540   14.60139 1.9373e-01     0.3502     0.2718    93.4323 0.0000e+00
        489 227.421644    0.03389     2.0335    122.007     48.462  49374.359    31.3955     9.9981     48.000     9.9860    24.1399     5.9964     8.5693     92.785    261.484    267.797    0.00010    6.46264    9.23576  281.81832   14.61189 1.7311e-01     0.3319     0.2887    93.0362 0.0000e+00
        493 227.421655    0.03417     2.0501    123.009     49.468  49375.643    31.3939     9.9819     49.000     9.9613    24.1414     6.0197     8.6028     93.112    262.503    268.840    0.00210    6.46499    9.23912  281.92063   14.61678 1.5593e-01     0.3290     0.2760    93.3328 0.0000e+00
        497 227.421667    0.03445     2.0672    124.030     50.471  49383.310    31.3948     9.9497     50.000     9.9290    24.1474     6.0193     8.6022     93.041    262.483    268.821    0.00146    6.46950    9.24557  282.11575   14.62612 1.4080e-01     0.3181     0.2838    93.1512 0.0000e+00
        502 227.421680    0.03478     2.0866    125.199     51.490  49400.803    31.4030     9.9212     51.000     9.9027    24.1584     6.0078     8.5858     92.810    261.980    268.309   -0.00078    6.47322    9.25088  282.27468   14.63369 1.2753e-01     0.3143     0.3072    92.6080 0.0000e+00
        507 227.421694    0.03511     2.1065    126.389     52.496  49386.780    31.3877     9.8819     52.000     9.8486    24.1528     6.0184     8.6009     92.884    262.442    268.782   -0.00014    6.47942    9.25974  282.54670   14.64677 1.1606e-01     0.3203     0.3468    91.6970 0.0000e+00
        512 227.421708    0.03546     2.1271    127.627     53.507  49419.451    31.4014     9.8136     53.000     9.7849    24.1746     6.0020     8.5775     92.501    261.723    268.050   -0.00275    6.48857    9.27282  282.93957   14.66550 1.0495e-01     0.3231     0.4578    89.1828 0.0000e+00
