CTD-processing/allCTD/CNV/2020_07-08_alongbay_skb07_cast091_4141.cnv
* Sea-Bird SBE19plus Data File:
* FileName = E:\2020_07-08_AlongBay\2020_07-08_AlongBay_KB_Cast091.hex
* Software Version 1.59
* Temperature SN =  4141
* Conductivity SN =  4141
* System UpLoad Time = Jul 16 2020 14:12:26
** Cook Inlet LTM AlongBay
** Date: 2020_07_08
** Station:07
** Start Time: (AKDT):16:39
** Depth (m):149
** Comment:More swell + wind waves.
** Comment:
# nquan = 27
# nvalues = 144                         
# units = specified
# name 0 = scan: Scan Count
# name 1 = timeJ: Julian Days
# name 2 = timeH: Time, Elapsed [hours]
# name 3 = timeM: Time, Elapsed [minutes]
# name 4 = timeS: Time, Elapsed [seconds]
# name 5 = prdM: Pressure, Strain Gauge [db]
# name 6 = specc: Specific Conductance [uS/cm]
# name 7 = sal00: Salinity, Practical [PSU]
# name 8 = tv290C: Temperature [ITS-90, deg C]
# name 9 = depSM: Depth [salt water, m], lat = 59.00
# name 10 = potemp090C: Potential Temperature [ITS-90, deg C]
# name 11 = sigma-é00: Density [sigma-theta, kg/m^3]
# name 12 = sbeox0ML/L: Oxygen, SBE 43 [ml/l]
# name 13 = sbeox0Mg/L: Oxygen, SBE 43 [mg/l]
# name 14 = sbeox0PS: Oxygen, SBE 43 [% saturation]
# name 15 = sbox0Mm/Kg: Oxygen, SBE 43 [umol/kg]
# name 16 = sbeox0Mm/L: Oxygen, SBE 43 [umol/l]
# name 17 = sbox0dV/dT: Oxygen, SBE 43 [dov/dt]
# name 18 = oxsolML/L: Oxygen Saturation, Garcia & Gordon [ml/l]
# name 19 = oxsolMg/L: Oxygen Saturation, Garcia & Gordon [mg/l]
# name 20 = oxsolMm/Kg: Oxygen Saturation, Garcia & Gordon [umol/kg]
# name 21 = n2satMg/L: Nitrogen Saturation [mg/l]
# name 22 = par: PAR/Irradiance, Biospherical/Licor
# name 23 = wetStar: Fluorescence, WET Labs WETstar [mg/m^3]
# name 24 = CStarAt0: Beam Attenuation, WET Labs C-Star [1/m]
# name 25 = CStarTr0: Beam Transmission, WET Labs C-Star [%]
# name 26 = flag: flag
# span 0 =        170,        927       
# span 1 = 190.694529, 190.696719       
# span 2 =    0.01175,    0.06432       
# span 3 =     0.7049,     3.8588       
# span 4 =     42.291,    231.526       
# span 5 =      1.025,    145.387       
# span 6 =  46411.261,  50525.071       
# span 7 =    29.4885,    31.7432       
# span 8 =     7.2218,    11.4378       
# span 9 =      1.000,    144.000       
# span 10 =     7.2087,    11.4332      
# span 11 =    22.4123,    24.8263      
# span 12 =     6.3162,     7.0661      
# span 13 =     9.0265,    10.0982      
# span 14 =     94.264,    111.282      
# span 15 =    275.890,    308.648      
# span 16 =    282.081,    315.573      
# span 17 =   -0.03198,    0.00615      
# span 18 =    6.34092,    6.86225      
# span 19 =    9.06180,    9.80684      
# span 20 =  276.97752,  299.04418      
# span 21 =   14.38784,   15.43346      
# span 22 = 4.7150e-02, 1.9399e+02      
# span 23 =     0.3564,     3.0279      
# span 24 =     0.6252,    13.6608      
# span 25 =    45.1568,    85.5320      
# span 26 = 0.0000e+00, 0.0000e+00      
# interval = meters: 1                  
# start_time = Jul 08 2020 16:39:25 [Instrument's time stamp, header]
# bad_flag = -9.990e-29
*END*
[from data line 108]
        760 190.696236    0.05271     3.1625    189.748    110.056  50450.305    31.7255     7.3279    109.000     7.3168    24.7979     6.5007     9.2902     94.954    283.298    290.323   -0.00101    6.84623    9.78395  298.35426   15.40060 4.7804e-02     0.4077     1.2734    72.7851 0.0000e+00
        764 190.696247    0.05298     3.1788    190.730    111.059  50449.514    31.7238     7.3244    110.000     7.3125    24.7971     6.5058     9.2975     95.019    283.519    290.550   -0.00063    6.84684    9.78482  298.38105   15.40188 4.7811e-02     0.3747     1.4398    69.7829 0.0000e+00
        773 190.696274    0.05363     3.2176    193.058    112.088  50455.984    31.7276     7.3229    111.000     7.3124    24.8003     6.5098     9.3032     95.076    283.692    290.727   -0.00009    6.84692    9.78493  298.38347   15.40199 4.7731e-02     0.3812     1.1545    74.9098 0.0000e+00
        778 190.696288    0.05395     3.2371    194.226    113.095  50458.002    31.7285     7.3225    112.000     7.3121    24.8010     6.5068     9.2988     95.032    283.560    290.592   -0.00040    6.84695    9.78497  298.38447   15.40203 4.7744e-02     0.3808     1.1965    74.1464 0.0000e+00
        781 190.696296    0.05417     3.2497    194.985    114.103  50459.617    31.7291     7.3223    113.000     7.3120    24.8015     6.5076     9.3000     95.044    283.596    290.630   -0.00026    6.84694    9.78496  298.38378   15.40199 4.7998e-02     0.3564     1.2216    73.6839 0.0000e+00
        784 190.696305    0.05437     3.2623    195.740    115.088  50460.455    31.7293     7.3228    114.000     7.3129    24.8016     6.5091     9.3023     95.068    283.664    290.699   -0.00020    6.84686    9.78485  298.38024   15.40182 4.7947e-02     0.3823     1.2357    73.4238 0.0000e+00
        791 190.696324    0.05484     3.2904    197.422    116.119  50460.961    31.7295     7.3241    115.000     7.3141    24.8016     6.5142     9.3094     95.144    283.883    290.924    0.00023    6.84664    9.78453  298.37076   15.40137 4.7745e-02     0.3805     1.1803    74.4478 0.0000e+00
        798 190.696347    0.05538     3.3229    199.372    117.153  50459.479    31.7283     7.3262    116.000     7.3149    24.8004     6.5059     9.2975     95.026    283.519    290.551   -0.00061    6.84636    9.78413  298.35901   15.40081 4.7771e-02     0.4148     1.1420    75.1642 0.0000e+00
        801 190.696354    0.05556     3.3336    200.016    118.136  50467.844    31.7335     7.3251    117.000     7.3160    24.8047     6.5124     9.3068     95.123    283.802    290.842   -0.00006    6.84631    9.78405  298.35536   15.40062 4.8003e-02     0.3835     1.1794    74.4647 0.0000e+00
        804 190.696363    0.05576     3.3458    200.745    119.137  50467.104    31.7329     7.3271    118.000     7.3166    24.8039     6.5148     9.3103     95.162    283.909    290.951    0.00020    6.84603    9.78366  298.34364   15.40007 4.7874e-02     0.3809     1.1704    74.6323 0.0000e+00
        808 190.696374    0.05603     3.3618    201.706    120.160  50459.603    31.7271     7.3266    119.000     7.3107    24.7995     6.5171     9.3135     95.190    284.009    291.051    0.00027    6.84637    9.78415  298.35971   15.40085 4.7812e-02     0.3980     1.1349    75.2973 0.0000e+00
        813 190.696388    0.05637     3.3824    202.944    121.161  50465.528    31.7276     7.3086    120.000     7.2925    24.8023     6.5086     9.3015     95.028    283.641    290.676   -0.00077    6.84916    9.78813  298.48040   15.40661 4.7863e-02     0.3982     1.1709    74.6229 0.0000e+00
        820 190.696410    0.05690     3.4141    204.848    122.188  50479.973    31.7356     7.2992    121.000     7.2899    24.8098     6.4968     9.2845     94.840    283.123    290.148   -0.00155    6.85028    9.78974  298.52735   15.40882 4.7821e-02     0.4223     1.1966    74.1460 0.0000e+00
        824 190.696422    0.05717     3.4303    205.821    123.199  50476.784    31.7338     7.3041    122.000     7.2929    24.8078     6.4974     9.2855     94.859    283.151    290.175   -0.00108    6.84960    9.78875  298.49787   15.40741 4.7867e-02     0.4672     1.2388    73.3665 0.0000e+00
        827 190.696430    0.05737     3.4421    206.529    124.185  50475.199    31.7320     7.3026    123.000     7.2897    24.8066     6.4969     9.2846     94.845    283.125    290.148   -0.00109    6.84991    9.78921  298.51192   15.40810 4.8177e-02     0.4146     1.2703    72.7908 0.0000e+00
        832 190.696443    0.05768     3.4607    207.639    125.206  50478.430    31.7332     7.2996    124.000     7.2874    24.8080     6.5032     9.2937     94.933    283.403    290.434   -0.00035    6.85033    9.78980  298.52956   15.40893 4.7924e-02     0.4000     1.2620    72.9430 0.0000e+00
        837 190.696457    0.05803     3.4814    208.883    126.217  50480.545    31.7341     7.2986    125.000     7.2871    24.8088     6.4969     9.2847     94.839    283.126    290.150   -0.00085    6.85044    9.78997  298.53439   15.40916 4.7910e-02     0.4168     1.2521    73.1237 0.0000e+00
        841 190.696471    0.05835     3.5012    210.075    127.233  50480.977    31.7339     7.2982    126.000     7.2866    24.8087     6.5009     9.2905     94.897    283.303    290.332   -0.00039    6.85050    9.79006  298.53736   15.40930 4.7973e-02     0.3859     1.2684    72.8265 0.0000e+00
        846 190.696483    0.05865     3.5189    211.136    128.233  50480.573    31.7326     7.2952    127.000     7.2817    24.8081     6.5066     9.2986     94.973    283.552    290.586    0.00016    6.85104    9.79083  298.56085   15.41043 4.7992e-02     0.3987     1.2932    72.3752 0.0000e+00
        851 190.696500    0.05905     3.5427    212.562    129.251  50484.312    31.7342     7.2920    128.000     7.2797    24.8098     6.4976     9.2856     94.834    283.156    290.180   -0.00076    6.85147    9.79143  298.57893   15.41129 4.7903e-02     0.3998     1.2653    72.8825 0.0000e+00
        856 190.696514    0.05939     3.5635    213.810    130.268  50487.352    31.7359     7.2922    129.000     7.2806    24.8111     6.4951     9.2821     94.800    283.047    290.070   -0.00086    6.85137    9.79129  298.57410   15.41105 4.7955e-02     0.3965     1.2833    72.5563 0.0000e+00
        860 190.696524    0.05963     3.5777    214.662    131.263  50480.476    31.7303     7.2905    130.000     7.2742    24.8070     6.5040     9.2948     94.922    283.433    290.465   -0.00003    6.85188    9.79203  298.59793   15.41221 4.8107e-02     0.3934     1.3197    71.8982 0.0000e+00
        864 190.696537    0.05995     3.5969    215.813    132.274  50489.567    31.7347     7.2821    131.000     7.2688    24.8116     6.5023     9.2924     94.882    283.361    290.392   -0.00023    6.85301    9.79364  298.64546   15.41446 4.8010e-02     0.3942     1.3314    71.6891 0.0000e+00
        870 190.696553    0.06034     3.6200    217.199    133.288  50479.390    31.7256     7.2727    132.000     7.2504    24.8056     6.4988     9.2874     94.805    283.209    290.234   -0.00065    6.85489    9.79632  298.72915   15.41849 4.8045e-02     0.4055     1.3587    71.2068 0.0000e+00
        876 190.696570    0.06073     3.6439    218.631    134.302  50502.266    31.7388     7.2598    133.000     7.2477    24.8178     6.4915     9.2770     94.679    282.890    289.910   -0.00125    6.85633    9.79838  298.78852   15.42127 4.7977e-02     0.4016     1.4432    69.7134 0.0000e+00
        880 190.696584    0.06107     3.6641    219.845    135.310  50490.811    31.7284     7.2488    134.000     7.2278    24.8112     6.4932     9.2794     94.672    282.963    289.984   -0.00094    6.85854    9.80154  298.88659   15.42599 4.8022e-02     0.3949     1.5276    68.2674 0.0000e+00
        885 190.696596    0.06136     3.6813    220.879    136.320  50511.047    31.7398     7.2361    135.000     7.2235    24.8218     6.4896     9.2742     94.600    282.805    289.824   -0.00123    6.86003    9.80366  298.94817   15.42888 4.8075e-02     0.3912     1.6269    66.5822 0.0000e+00
        889 190.696608    0.06164     3.6980    221.882    137.329  50509.721    31.7384     7.2355    136.000     7.2218    24.8208     6.4821     9.2636     94.489    282.480    289.491   -0.00160    6.86017    9.80386  298.95477   15.42920 4.8060e-02     0.4104     1.6092    66.8784 0.0000e+00
        893 190.696620    0.06193     3.7157    222.940    138.339  50514.276    31.7408     7.2339    137.000     7.2223    24.8229     6.4799     9.2604     94.454    282.381    289.390   -0.00150    6.86033    9.80409  298.96107   15.42950 4.8060e-02     0.4222     1.6338    66.4691 0.0000e+00
        897 190.696633    0.06224     3.7343    224.057    139.342  50513.340    31.7401     7.2362    138.000     7.2241    24.8220     6.4767     9.2559     94.412    282.244    289.250   -0.00137    6.86000    9.80363  298.94715   15.42884 4.8159e-02     0.4082     1.6097    66.8697 0.0000e+00
        905 190.696654    0.06275     3.7650    225.900    140.363  50509.503    31.7365     7.2336    139.000     7.2176    24.8196     6.4827     9.2644     94.493    282.506    289.518   -0.00045    6.86055    9.80442  298.97207   15.43004 4.8007e-02     0.4122     1.5723    67.5026 0.0000e+00
        910 190.696671    0.06316     3.7894    227.367    141.383  50518.803    31.7405     7.2218    140.000     7.2087    24.8243     6.4819     9.2632     94.457    282.468    289.480   -0.00057    6.86225    9.80684  299.04418   15.43346 4.8119e-02     0.3958     1.6890    65.5561 0.0000e+00
        913 190.696679    0.06336     3.8020    228.122    142.382  50520.188    31.7410     7.2220    141.000     7.2096    24.8247     6.4806     9.2614     94.439    282.413    289.424   -0.00068    6.86217    9.80673  299.04105   15.43331 4.8117e-02     0.4187     1.7598    64.4064 0.0000e+00
        917 190.696689    0.06359     3.8157    228.945    143.377  50520.114    31.7406     7.2227    142.000     7.2097    24.8243     6.4811     9.2622     94.449    282.436    289.448   -0.00055    6.86210    9.80663  299.03804   15.43317 4.8128e-02     0.4337     1.7706    64.2338 0.0000e+00
        922 190.696704    0.06395     3.8371    230.224    144.401  50521.783    31.7412     7.2224    143.000     7.2098    24.8248     6.4770     9.2563     94.387    282.255    289.262   -0.00075    6.86211    9.80664  299.03813   15.43317 4.8123e-02     0.4465     1.7169    65.1021 0.0000e+00
        927 190.696719    0.06432     3.8588    231.526    145.387  50525.071    31.7432     7.2237    144.000     7.2116    24.8263     6.4682     9.2438     94.264    281.873    288.870   -0.00141    6.86178    9.80620  299.02435   15.43251 4.8166e-02     0.4370     1.7949    63.8400 0.0000e+00
