CTD-processing/allCTD/CNV/2020_09-20_t7_s19_cast007_4141.cnv
* Sea-Bird SBE19plus Data File:
* FileName = E:\2020_09-20_T7\2020_09-20_T7_S_cast007.hex
* Software Version 1.59
* Temperature SN =  4141
* Conductivity SN =  4141
* System UpLoad Time = Sep 22 2020 14:31:24
** Cook Inlet LTM T7
** Date: 2020_09-20
** Station:S19
** Start Time: (AKDT):11:20
** Depth (m):79
** Comment:
** Comment:
# nquan = 27
# nvalues = 73                          
# units = specified
# name 0 = scan: Scan Count
# name 1 = timeJ: Julian Days
# name 2 = timeH: Time, Elapsed [hours]
# name 3 = timeM: Time, Elapsed [minutes]
# name 4 = timeS: Time, Elapsed [seconds]
# name 5 = prdM: Pressure, Strain Gauge [db]
# name 6 = specc: Specific Conductance [uS/cm]
# name 7 = sal00: Salinity, Practical [PSU]
# name 8 = tv290C: Temperature [ITS-90, deg C]
# name 9 = depSM: Depth [salt water, m], lat = 59.00
# name 10 = potemp090C: Potential Temperature [ITS-90, deg C]
# name 11 = sigma-é00: Density [sigma-theta, kg/m^3]
# name 12 = sbeox0ML/L: Oxygen, SBE 43 [ml/l]
# name 13 = sbeox0Mg/L: Oxygen, SBE 43 [mg/l]
# name 14 = sbeox0PS: Oxygen, SBE 43 [% saturation]
# name 15 = sbox0Mm/Kg: Oxygen, SBE 43 [umol/kg]
# name 16 = sbeox0Mm/L: Oxygen, SBE 43 [umol/l]
# name 17 = sbox0dV/dT: Oxygen, SBE 43 [dov/dt]
# name 18 = oxsolML/L: Oxygen Saturation, Garcia & Gordon [ml/l]
# name 19 = oxsolMg/L: Oxygen Saturation, Garcia & Gordon [mg/l]
# name 20 = oxsolMm/Kg: Oxygen Saturation, Garcia & Gordon [umol/kg]
# name 21 = n2satMg/L: Nitrogen Saturation [mg/l]
# name 22 = par: PAR/Irradiance, Biospherical/Licor
# name 23 = wetStar: Fluorescence, WET Labs WETstar [mg/m^3]
# name 24 = CStarAt0: Beam Attenuation, WET Labs C-Star [1/m]
# name 25 = CStarTr0: Beam Transmission, WET Labs C-Star [%]
# name 26 = flag: flag
# span 0 =        283,        613       
# span 1 = 264.472875, 264.473831       
# span 2 =    0.01956,    0.04251       
# span 3 =     1.1740,     2.5505       
# span 4 =     70.438,    153.032       
# span 5 =      1.019,     73.689       
# span 6 =  48211.193,  48513.677       
# span 7 =    30.6491,    30.8052       
# span 8 =    10.2126,    10.4479       
# span 9 =      1.000,     73.000       
# span 10 =    10.2041,    10.4479      
# span 11 =    23.4837,    23.6449      
# span 12 =     3.4527,     3.5178      
# span 13 =     4.9343,     5.0273      
# span 14 =     53.696,     54.620      
# span 15 =    150.660,    153.490      
# span 16 =    154.198,    157.104      
# span 17 =   -0.00114,    0.00137      
# span 18 =    6.43009,    6.45680      
# span 19 =    9.18924,    9.22741      
# span 20 =  280.57837,  281.69990      
# span 21 =   14.55554,   14.60861      
# span 22 = 4.8132e-02, 4.7324e+02      
# span 23 =     0.7760,     1.3483      
# span 24 =     0.3193,     1.1638      
# span 25 =    74.7603,    92.3265      
# span 26 = 0.0000e+00, 0.0000e+00      
# interval = meters: 1                  
# start_time = Sep 20 2020 11:19:46 [Instrument's time stamp, header]
# bad_flag = -9.990e-29
*END*
        283 264.472875    0.01956     1.1740     70.438      1.019  48213.617    30.6515    10.4479      1.000    10.4479    23.4851     3.4527     4.9343     53.696    150.660    154.198   -0.00114    6.43009    9.18924  280.57837   14.55554 4.7324e+02     0.7815     0.9616    78.8284 0.0000e+00
        287 264.472888    0.01986     1.1915     71.491      2.019  48211.193    30.6491    10.4452      2.000    10.4421    23.4837     3.4574     4.9410     53.765    150.866    154.408   -0.00053    6.43057    9.18992  280.59959   14.55657 2.5965e+02     0.7760     0.9196    79.4381 0.0000e+00
        291 264.472899    0.02014     1.2082     72.489      3.023  48216.638    30.6517    10.4386      3.000    10.4341    23.4869     3.4623     4.9479     53.834    151.077    154.626    0.00016    6.43138    9.19109  280.63426   14.55822 2.3249e+02     0.7886     0.8747    80.3630 0.0000e+00
        296 264.472913    0.02047     1.2281     73.688      4.045  48225.926    30.6570    10.4307      4.000    10.4286    23.4922     3.4634     4.9495     53.843    151.123    154.674    0.00007    6.43227    9.19236  280.67160   14.55998 1.5167e+02     0.8670     0.8636    80.5794 0.0000e+00
        300 264.472924    0.02074     1.2447     74.684      5.041  48232.260    30.6604    10.4261      5.000    10.4225    23.4958     3.4676     4.9556     53.906    151.308    154.863    0.00043    6.43278    9.19308  280.69274   14.56098 1.3192e+02     0.8995     0.8761    80.3303 0.0000e+00
        305 264.472939    0.02109     1.2656     75.935      6.062  48237.904    30.6635    10.4222      6.000    10.4217    23.4989     3.4720     4.9619     53.970    151.500    155.061    0.00066    6.43319    9.19367  280.70983   14.56178 9.9894e+01     0.8848     0.8772    80.3091 0.0000e+00
        309 264.472951    0.02139     1.2835     77.012      7.062  48238.141    30.6633    10.4228      7.000    10.4224    23.4986     3.4769     4.9687     54.046    151.711    155.276    0.00083    6.43311    9.19355  280.70648   14.56163 9.0496e+01     1.0375     0.8578    80.7004 0.0000e+00
        313 264.472964    0.02168     1.3007     78.043      8.073  48238.330    30.6631    10.4229      8.000    10.4215    23.4984     3.4805     4.9738     54.101    151.865    155.434    0.00104    6.43311    9.19357  280.70668   14.56164 7.3077e+01     1.0751     0.8079    81.7104 0.0000e+00
        318 264.472977    0.02201     1.3207     79.242      9.084  48240.523    30.6640    10.4215      9.000    10.4202    23.4994     3.4818     4.9758     54.121    151.926    155.496    0.00070    6.43326    9.19378  280.71307   14.56195 6.6001e+01     1.0468     0.8124    81.6191 0.0000e+00
        323 264.472991    0.02234     1.3404     80.425     10.102  48240.744    30.6638    10.4213     10.000    10.4199    23.4993     3.4908     4.9888     54.262    152.322    155.901    0.00137    6.43331    9.19385  280.71504   14.56204 5.1338e+01     1.1454     0.8227    81.4106 0.0000e+00
        327 264.473003    0.02263     1.3579     81.472     11.098  48246.232    30.6666    10.4162     11.000    10.4089    23.5024     3.4910     4.9890     54.259    152.327    155.907    0.00097    6.43390    9.19469  280.74016   14.56323 4.5017e+01     1.3483     0.8688    80.4787 0.0000e+00
        333 264.473020    0.02303     1.3817     82.904     12.120  48268.097    30.6796    10.3990     12.000    10.3963    23.5153     3.4934     4.9925     54.281    152.432    156.016    0.00061    6.43578    9.19737  280.81827   14.56692 3.9261e+01     1.2723     0.8662    80.5305 0.0000e+00
        337 264.473033    0.02333     1.4001     84.009     13.126  48269.771    30.6803    10.3985     13.000    10.3986    23.5159     3.5002     5.0021     54.386    152.725    156.317    0.00109    6.43581    9.19742  280.81978   14.56699 3.2102e+01     1.1514     0.9565    78.7316 0.0000e+00
        341 264.473044    0.02361     1.4169     85.012     14.126  48266.499    30.6779    10.4017     14.000    10.4009    23.5136     3.5023     5.0051     54.422    152.820    156.413    0.00097    6.43547    9.19693  280.80549   14.56631 2.7039e+01     1.2621     0.9810    78.2532 0.0000e+00
        346 264.473059    0.02398     1.4390     86.337     15.146  48263.730    30.6760    10.4049     15.000    10.4044    23.5116     3.5021     5.0049     54.422    152.812    156.405    0.00060    6.43510    9.19640  280.78987   14.56557 2.2798e+01     1.2010     0.9997    77.8866 0.0000e+00
        351 264.473073    0.02432     1.4588     87.529     16.148  48261.628    30.6744    10.4070     16.000    10.4053    23.5100     3.5040     5.0075     54.453    152.892    156.486    0.00059    6.43487    9.19607  280.78014   14.56511 1.9177e+01     1.2397     1.0364    77.1758 0.0000e+00
        356 264.473088    0.02467     1.4802     88.813     17.161  48263.821    30.6752    10.4052     17.000    10.4021    23.5110     3.5044     5.0081     54.457    152.910    156.505    0.00033    6.43509    9.19640  280.78969   14.56556 1.6391e+01     1.2443     1.0388    77.1282 0.0000e+00
        361 264.473103    0.02503     1.5018     90.107     18.175  48265.927    30.6762    10.4042     18.000    10.4031    23.5119     3.5070     5.0118     54.497    153.023    156.621    0.00050    6.43518    9.19651  280.79307   14.56572 1.4178e+01     1.1191     1.0416    77.0740 0.0000e+00
        366 264.473115    0.02533     1.5194     91.162     19.176  48265.781    30.6758    10.4051     19.000    10.4028    23.5115     3.5096     5.0156     54.539    153.139    156.740    0.00049    6.43508    9.19636  280.78876   14.56552 1.1979e+01     1.1786     1.0515    76.8842 0.0000e+00
        371 264.473130    0.02566     1.5397     92.381     20.193  48266.587    30.6759    10.4048     20.000    10.4014    23.5116     3.5108     5.0174     54.558    153.193    156.795    0.00044    6.43513    9.19643  280.79071   14.56561 1.0187e+01     1.1474     1.0586    76.7481 0.0000e+00
        375 264.473142    0.02596     1.5580     93.478     21.204  48271.078    30.6782    10.4013     21.000    10.3970    23.5140     3.5072     5.0122     54.497    153.033    156.632   -0.00010    6.43552    9.19699  280.80710   14.56639 8.6980e+00     1.2753     1.0165    77.5595 0.0000e+00
        379 264.473154    0.02625     1.5748     94.489     22.200  48276.181    30.6809    10.3973     22.000    10.3927    23.5168     3.5117     5.0185     54.563    153.228    156.831    0.00020    6.43596    9.19763  280.82575   14.56727 7.4314e+00     1.2284     1.0097    77.6928 0.0000e+00
        385 264.473170    0.02664     1.5982     95.892     23.232  48281.523    30.6840    10.3941     23.000    10.3931    23.5196     3.5122     5.0193     54.569    153.250    156.854    0.00022    6.43629    9.19809  280.83922   14.56790 6.4531e+00     1.2772     0.9649    78.5654 0.0000e+00
        388 264.473181    0.02691     1.6143     96.857     24.219  48278.242    30.6815    10.3964     24.000    10.3907    23.5175     3.5104     5.0167     54.543    153.172    156.774   -0.00014    6.43606    9.19778  280.83029   14.56749 5.5495e+00     1.2979     0.9905    78.0673 0.0000e+00
        393 264.473195    0.02722     1.6336     98.017     25.251  48287.070    30.6865    10.3898     25.000    10.3863    23.5225     3.5123     5.0196     54.568    153.258    156.863    0.00004    6.43678    9.19879  280.85991   14.56888 4.7774e+00     1.2327     0.9928    78.0216 0.0000e+00
        396 264.473204    0.02746     1.6477     98.861     26.240  48289.017    30.6873    10.3885     26.000    10.3845    23.5233     3.5138     5.0215     54.586    153.317    156.923    0.00011    6.43693    9.19902  280.86648   14.56920 4.1046e+00     1.2523     1.0592    76.7431 0.0000e+00
        401 264.473217    0.02776     1.6655     99.933     27.257  48291.997    30.6887    10.3865     27.000    10.3822    23.5248     3.5134     5.0209     54.580    153.300    156.907   -0.00001    6.43714    9.19932  280.87531   14.56961 3.5316e+00     1.1665     1.1109    75.7538 0.0000e+00
        405 264.473230    0.02807     1.6842    101.049     28.268  48298.307    30.6919    10.3792     28.000    10.3651    23.5284     3.5153     5.0237     54.602    153.385    156.993    0.00004    6.43803    9.20060  280.91312   14.57141 3.0556e+00     1.2180     1.1255    75.4777 0.0000e+00
        409 264.473242    0.02836     1.7015    102.089     29.269  48325.676    30.7082    10.3574     29.000    10.3480    23.5448     3.5178     5.0273     54.620    153.490    157.104    0.00021    6.44043    9.20402  281.01317   14.57613 2.6193e+00     1.1951     1.1572    74.8802 0.0000e+00
        415 264.473257    0.02873     1.7239    103.431     30.289  48336.877    30.7148    10.3499     30.000    10.3479    23.5512     3.5137     5.0214     54.550    153.311    156.922   -0.00046    6.44122    9.20514  281.04573   14.57767 2.2471e+00     1.3326     1.1087    75.7952 0.0000e+00
        419 264.473271    0.02906     1.7433    104.599     31.300  48334.113    30.7127    10.3527     31.000    10.3504    23.5492     3.5156     5.0240     54.582    153.391    157.004   -0.00006    6.44090    9.20468  281.03218   14.57702 1.9065e+00     1.2466     1.1638    74.7603 0.0000e+00
        423 264.473282    0.02932     1.7592    105.552     32.293  48332.578    30.7113    10.3532     32.000    10.3452    23.5480     3.5137     5.0214     54.552    153.310    156.920   -0.00029    6.44089    9.20467  281.03236   14.57704 1.6199e+00     1.1925     1.1222    75.5487 0.0000e+00
        429 264.473299    0.02971     1.7827    106.960     33.335  48348.880    30.7210    10.3412     33.000    10.3373    23.5575     3.5133     5.0209     54.536    153.292    156.903   -0.00041    6.44218    9.20652  281.08623   14.57958 1.3947e+00     1.1621     0.9215    79.4970 0.0000e+00
        432 264.473307    0.02993     1.7958    107.751     34.306  48347.477    30.7197    10.3423     34.000    10.3375    23.5564     3.5166     5.0254     54.587    153.433    157.049    0.00003    6.44208    9.20638  281.08209   14.57938 1.1827e+00     1.2169     0.6210    85.6619 0.0000e+00
        437 264.473321    0.03026     1.8154    108.925     35.344  48348.811    30.7202    10.3423     35.000    10.3395    23.5568     3.5121     5.0192     54.518    153.242    156.851   -0.00043    6.44207    9.20635  281.08108   14.57934 1.0251e+00     1.2019     0.5515    87.1138 0.0000e+00
        441 264.473332    0.03052     1.8313    109.879     36.332  48351.242    30.7211    10.3389     36.000    10.3290    23.5581     3.5148     5.0229     54.555    153.355    156.967   -0.00015    6.44250    9.20698  281.10001   14.58023 8.6965e-01     1.1459     0.6043    85.9829 0.0000e+00
        445 264.473346    0.03085     1.8513    111.080     37.360  48360.955    30.7268    10.3332     37.000    10.3321    23.5635     3.5106     5.0169     54.486    153.172    156.782   -0.00059    6.44306    9.20778  281.12277   14.58131 7.5826e-01     1.1495     0.5086    88.0685 0.0000e+00
        450 264.473358    0.03116     1.8696    112.175     38.358  48352.876    30.7216    10.3406     38.000    10.3385    23.5582     3.5123     5.0194     54.520    153.249    156.860   -0.00025    6.44224    9.20660  281.08835   14.57968 6.5221e-01     1.2040     0.4684    88.9511 0.0000e+00
        454 264.473372    0.03149     1.8896    113.373     39.391  48347.423    30.7178    10.3442     39.000    10.3368    23.5546     3.5128     5.0202     54.531    153.274    156.883   -0.00005    6.44189    9.20610  281.07417   14.57901 5.5933e-01     1.0190     0.4578    89.1849 0.0000e+00
        458 264.473383    0.03175     1.9047    114.283     40.373  48354.997    30.7221    10.3391     40.000    10.3335    23.5589     3.5126     5.0198     54.522    153.259    156.869   -0.00021    6.44243    9.20687  281.09633   14.58005 4.8830e-01     1.1681     0.5949    86.2139 0.0000e+00
        464 264.473399    0.03212     1.9276    115.657     41.419  48357.975    30.7235    10.3371     41.000    10.3295    23.5604     3.5089     5.0146     54.464    153.100    156.708   -0.00053    6.44264    9.20718  281.10557   14.58049 4.1505e-01     1.1603     0.5194    87.8160 0.0000e+00
        467 264.473408    0.03235     1.9408    116.450     42.387  48367.862    30.7286    10.3243     42.000    10.3026    23.5664     3.5110     5.0175     54.482    153.189    156.800   -0.00035    6.44424    9.20946  281.17341   14.58372 3.6090e-01     1.0986     0.6700    84.6127 0.0000e+00
        472 264.473424    0.03272     1.9633    117.800     43.420  48420.121    30.7601    10.2839     43.000    10.2823    23.5977     3.5133     5.0208     54.481    153.285    156.903   -0.00038    6.44861    9.21571  281.35553   14.59231 3.1028e-01     1.1273     0.6679    84.6207 0.0000e+00
        477 264.473436    0.03303     1.9816    118.897     44.415  48409.417    30.7530    10.2905     44.000    10.2789    23.5910     3.5141     5.0219     54.498    153.321    156.938   -0.00010    6.44798    9.21482  281.33009   14.59112 2.6943e-01     1.0640     0.7810    82.2766 0.0000e+00
        482 264.473451    0.03339     2.0035    120.208     45.439  48427.802    30.7641    10.2788     45.000    10.2799    23.6016     3.5111     5.0178     54.444    153.191    156.807   -0.00053    6.44917    9.21650  281.37868   14.59340 2.3222e-01     1.1051     0.6413    85.2029 0.0000e+00
        486 264.473465    0.03371     2.0227    121.363     46.437  48414.827    30.7556    10.2878     46.000    10.2792    23.5936     3.5122     5.0193     54.468    153.239    156.855   -0.00024    6.44825    9.21519  281.34077   14.59162 2.0459e-01     1.1184     0.5132    87.9621 0.0000e+00
        491 264.473479    0.03406     2.0435    122.611     47.446  48425.785    30.7617    10.2772     47.000    10.2656    23.6000     3.5110     5.0175     54.437    153.184    156.798   -0.00044    6.44950    9.21697  281.39352   14.59412 1.7784e-01     1.0430     0.4614    89.1124 0.0000e+00
        497 264.473495    0.03444     2.0664    123.982     48.467  48450.077    30.7758    10.2560     48.000    10.2465    23.6146     3.5121     5.0191     54.434    153.230    156.849   -0.00033    6.45189    9.22039  281.49389   14.59886 1.5709e-01     1.0142     0.3402    91.8421 0.0000e+00
        501 264.473507    0.03473     2.0839    125.034     49.454  48456.207    30.7792    10.2521     49.000    10.2457    23.6179     3.5119     5.0188     54.428    153.222    156.840   -0.00028    6.45229    9.22097  281.51077   14.59966 1.3820e-01     1.0862     0.3410    91.8294 0.0000e+00
        507 264.473524    0.03514     2.1082    126.492     50.491  48457.758    30.7798    10.2512     50.000    10.2454    23.6186     3.5087     5.0143     54.379    153.083    156.699   -0.00058    6.45239    9.22111  281.51485   14.59985 1.2272e-01     1.0217     0.3193    92.3265 0.0000e+00
        511 264.473536    0.03541     2.1244    127.463     51.484  48459.179    30.7802    10.2501     51.000    10.2445    23.6191     3.5104     5.0167     54.403    153.157    156.774   -0.00022    6.45253    9.22130  281.52054   14.60012 1.0987e-01     1.0136     0.3302    92.0768 0.0000e+00
        515 264.473548    0.03571     2.1430    128.579     52.493  48458.462    30.7796    10.2524     52.000    10.2477    23.6182     3.5108     5.0172     54.412    153.173    156.791   -0.00023    6.45224    9.22089  281.50819   14.59954 9.9653e-02     0.9816     0.3302    92.0753 0.0000e+00
        520 264.473563    0.03607     2.1643    129.861     53.517  48457.215    30.7785    10.2535     53.000    10.2473    23.6171     3.5080     5.0132     54.369    153.050    156.665   -0.00039    6.45213    9.22073  281.50358   14.59932 9.0478e-02     1.0328     0.3253    92.1901 0.0000e+00
