CTD-processing/allCTD/CNV/2020_07-23_alongbay_skb11_cast113_4141.cnv
* Sea-Bird SBE19plus Data File:
* FileName = E:\2020_07-23_AlongBay\2020_07-23_AlongBay_SKB0_cast113.hex
* Software Version 1.59
* Temperature SN =  4141
* Conductivity SN =  4141
* System UpLoad Time = Jul 28 2020 14:42:42
** Cook Inlet LTM AlongBay
** Date: 2020_07-23
** Station:SKB11
** Start Time: (AKDT):14:41
** Depth (m):58
** Comment:
** Comment:
# nquan = 27
# nvalues = 46                          
# units = specified
# name 0 = scan: Scan Count
# name 1 = timeJ: Julian Days
# name 2 = timeH: Time, Elapsed [hours]
# name 3 = timeM: Time, Elapsed [minutes]
# name 4 = timeS: Time, Elapsed [seconds]
# name 5 = prdM: Pressure, Strain Gauge [db]
# name 6 = specc: Specific Conductance [uS/cm]
# name 7 = sal00: Salinity, Practical [PSU]
# name 8 = tv290C: Temperature [ITS-90, deg C]
# name 9 = depSM: Depth [salt water, m], lat = 59.00
# name 10 = potemp090C: Potential Temperature [ITS-90, deg C]
# name 11 = sigma-é00: Density [sigma-theta, kg/m^3]
# name 12 = sbeox0ML/L: Oxygen, SBE 43 [ml/l]
# name 13 = sbeox0Mg/L: Oxygen, SBE 43 [mg/l]
# name 14 = sbeox0PS: Oxygen, SBE 43 [% saturation]
# name 15 = sbox0Mm/Kg: Oxygen, SBE 43 [umol/kg]
# name 16 = sbeox0Mm/L: Oxygen, SBE 43 [umol/l]
# name 17 = sbox0dV/dT: Oxygen, SBE 43 [dov/dt]
# name 18 = oxsolML/L: Oxygen Saturation, Garcia & Gordon [ml/l]
# name 19 = oxsolMg/L: Oxygen Saturation, Garcia & Gordon [mg/l]
# name 20 = oxsolMm/Kg: Oxygen Saturation, Garcia & Gordon [umol/kg]
# name 21 = n2satMg/L: Nitrogen Saturation [mg/l]
# name 22 = par: PAR/Irradiance, Biospherical/Licor
# name 23 = wetStar: Fluorescence, WET Labs WETstar [mg/m^3]
# name 24 = CStarAt0: Beam Attenuation, WET Labs C-Star [1/m]
# name 25 = CStarTr0: Beam Transmission, WET Labs C-Star [%]
# name 26 = flag: flag
# span 0 =        322,        523       
# span 1 = 205.612689, 205.613271       
# span 2 =    0.02231,    0.03627       
# span 3 =     1.3389,     2.1761       
# span 4 =     80.335,    130.564       
# span 5 =      1.014,     46.427       
# span 6 =  33632.272,  49952.611       
# span 7 =    20.8461,    31.5948       
# span 8 =     8.4168,    14.2490       
# span 9 =      1.000,     46.000       
# span 10 =     8.3126,    14.2381      
# span 11 =    15.2341,    24.5295      
# span 12 =     6.4122,     7.2681      
# span 13 =     9.1637,    10.3869      
# span 14 =     95.877,    113.378      
# span 15 =    279.527,    317.085      
# span 16 =    286.370,    324.596      
# span 17 =   -0.02624,    0.03742      
# span 18 =    6.16938,    6.68801      
# span 19 =    8.81667,    9.55784      
# span 20 =  270.63414,  291.54910      
# span 21 =   14.09619,   15.07655      
# span 22 = 5.9126e-02, 3.9288e+02      
# span 23 =     0.8047,     4.0702      
# span 24 =     0.4842,     3.9340      
# span 25 =    37.6272,    88.5996      
# span 26 = 0.0000e+00, 0.0000e+00      
# interval = meters: 1                  
# start_time = Jul 23 2020 14:40:56 [Instrument's time stamp, header]
# bad_flag = -9.990e-29
*END*
        322 205.612689    0.02231     1.3389     80.335      1.014  33632.272    20.8461    14.2490      1.000    14.2381    15.2341     6.7883     9.7011    107.609    298.626    303.165   -0.00899    6.30764    9.01424  277.47802   14.44708 3.9288e+02     1.1040     3.9340    37.6272 0.0000e+00
        327 205.612703    0.02264     1.3583     81.498      2.017  39017.007    24.5350    14.2153      2.000    13.9662    18.0758     6.4706     9.2471    104.880    283.850    288.978   -0.02609    6.16938    8.81667  270.63414   14.10361 2.8007e+02     0.8047     2.5548    53.3313 0.0000e+00
        332 205.612717    0.02299     1.3790     82.738      3.033  43525.222    27.6080    13.1583      3.000    12.6352    20.6443     6.4131     9.1649    103.650    280.612    286.406   -0.02624    6.18733    8.84231  270.73622   14.09619 1.8803e+02     1.0071     1.6693    65.9230 0.0000e+00
        336 205.612730    0.02329     1.3975     83.852      4.032  44819.356    28.4384    12.1907      4.000    11.8260    21.4646     6.6427     9.4931    105.743    290.428    296.663   -0.00800    6.28160    8.97704  274.64104   14.28011 1.2004e+02     1.7549     1.3483    71.3970 0.0000e+00
        342 205.612745    0.02365     1.4192     85.155      5.053  46109.600    29.2416    11.1057      5.000    10.7417    22.2780     7.1390    10.2024    111.621    311.882    318.829    0.03742    6.39627    9.14091  279.43219   14.50639 7.7605e+01     2.8969     1.3319    71.6787 0.0000e+00
        346 205.612759    0.02399     1.4392     86.352      6.055  47540.686    30.2031    10.6910      6.000    10.6424    23.0955     7.0801    10.1182    110.375    309.060    316.198    0.01593    6.41458    9.16708  280.00819   14.53006 5.2570e+01     4.0702     1.0851    76.2700 0.0000e+00
        351 205.612773    0.02434     1.4603     87.617      7.067  48054.780    30.5502    10.5607      7.000    10.5658    23.3875     7.1408    10.2049    111.253    311.620    318.908    0.01492    6.41851    9.17270  280.09997   14.53306 3.6419e+01     4.0365     0.9228    79.4001 0.0000e+00
        356 205.612787    0.02466     1.4799     88.796      8.078  48249.840    30.6910    10.5924      8.000    10.5613    23.4918     7.2634    10.3801    113.343    316.939    324.384    0.02387    6.40834    9.15815  279.62735   14.50987 2.6605e+01     3.6779     0.7716    82.4560 0.0000e+00
        361 205.612800    0.02497     1.4980     89.878      9.089  48594.393    30.9239    10.5079      9.000    10.5080    23.6874     7.2681    10.3869    113.378    317.085    324.596    0.01796    6.41056    9.16133  279.67098   14.51102 1.9993e+01     3.8806     0.7392    83.1272 0.0000e+00
        364 205.612811    0.02524     1.5145     90.870     10.089  48538.196    30.8829    10.4998     10.000    10.4380    23.6568     7.2223    10.3215    112.614    315.095    322.549    0.00709    6.41337    9.16535  279.80190   14.51745 1.5275e+01     3.5299     0.7479    82.9477 0.0000e+00
        369 205.612824    0.02555     1.5329     91.975     11.112  48537.036    30.8620    10.3349     11.000    10.2428    23.6680     7.1478    10.2150    111.039    311.843    319.223   -0.00502    6.43725    9.19948  280.84082   14.56725 1.1412e+01     3.2825     0.7823    82.2375 0.0000e+00
        373 205.612835    0.02580     1.5483     92.898     12.105  48549.809    30.8484    10.1520     12.000    10.0699    23.6876     7.0814    10.1200    109.560    308.938    316.256   -0.01490    6.46354    9.23705  281.98238   14.62194 8.6394e+00     3.3846     0.8167    81.5327 0.0000e+00
        377 205.612848    0.02613     1.5677     94.064     13.132  48807.469    31.0183    10.0599     13.000    10.0893    23.8351     7.0657    10.0976    109.215    308.208    315.554   -0.01316    6.46951    9.24558  282.20216   14.63176 6.5049e+00     3.1359     0.8296    81.2728 0.0000e+00
        381 205.612859    0.02639     1.5834     95.002     14.123  48916.543    31.1044    10.1376     14.000    10.1933    23.8895     7.0852    10.1255    109.763    309.043    316.426   -0.00632    6.45500    9.22483  281.55387   14.60040 5.0506e+00     3.0458     0.7791    82.3031 0.0000e+00
        386 205.612872    0.02672     1.6029     96.173     15.153  48989.919    31.1725    10.2736     15.000    10.3298    23.9202     7.1069    10.1564    110.474    309.979    317.393    0.00099    6.43308    9.19351  280.58948   14.55398 3.8860e+00     2.8932     0.7264    83.3922 0.0000e+00
        389 205.612883    0.02696     1.6176     97.059     16.143  49007.252    31.1949    10.3599     16.000    10.3650    23.9233     7.0910    10.1337    110.450    309.283    316.682    0.00096    6.42009    9.17495  280.02209   14.52673 2.9905e+00     3.0738     0.7371    83.1721 0.0000e+00
        394 205.612896    0.02728     1.6368     98.209     17.163  49030.904    31.2085    10.3384     17.000    10.3127    23.9375     6.9930     9.9937    108.883    305.008    312.308   -0.00858    6.42252    9.17843  280.12443   14.53158 2.3308e+00     3.0962     0.6692    84.5943 0.0000e+00
        398 205.612909    0.02759     1.6555     99.330     18.172  48994.900    31.1740    10.2671     18.000    10.1570    23.9224     6.8540     9.7950    106.529    298.946    306.098   -0.02232    6.43393    9.19473  280.62616   14.55573 1.8414e+00     3.1964     0.6502    84.9964 0.0000e+00
        403 205.612921    0.02789     1.6735    100.408     19.178  49064.981    31.1898    10.0011     19.000     9.8899    23.9785     6.7966     9.7130    105.037    296.428    303.536   -0.02569    6.47077    9.24738  282.21742   14.63180 1.4875e+00     2.9531     0.6511    84.9846 0.0000e+00
        407 205.612935    0.02821     1.6924    101.544     20.192  49138.949    31.2132     9.7779     20.000     9.6783    24.0329     6.7978     9.7147    104.557    296.466    303.591   -0.02195    6.50152    9.29132  283.54371   14.69516 1.1889e+00     2.6242     0.6077    85.9057 0.0000e+00
        412 205.612948    0.02852     1.7116    102.694     21.197  49255.545    31.2679     9.5723     21.000     9.5156    24.1085     6.8849     9.8391    105.454    300.239    307.477   -0.00952    6.52869    9.33015  284.70743   14.75059 9.6086e-01     2.7212     0.5951    86.1758 0.0000e+00
        417 205.612963    0.02889     1.7332    103.993     22.211  49305.729    31.2850     9.4384     22.000     9.3730    24.1430     6.9620     9.9494    106.333    303.592    310.921   -0.00063    6.54729    9.35674  285.50909   14.78885 7.7090e-01     2.2935     0.5814    86.4736 0.0000e+00
        422 205.612977    0.02922     1.7529    105.174     23.213  49451.895    31.3711     9.3181     23.000     9.3008    24.2291     6.9750     9.9679    106.307    304.131    311.499   -0.00061    6.56110    9.37647  286.08727   14.81615 6.3237e-01     2.1780     0.5397    87.3782 0.0000e+00
        427 205.612993    0.02960     1.7764    106.584     24.240  49386.821    31.3116     9.2218     24.000     9.1236    24.1976     6.9821     9.9781    106.149    304.453    311.819   -0.00137    6.57765    9.40013  286.81781   14.85131 5.2031e-01     1.7481     0.5016    88.2145 0.0000e+00
        431 205.613004    0.02987     1.7922    107.533     25.224  49521.326    31.3836     9.0630     25.000     9.0239    24.2784     6.9327     9.9075    105.076    302.275    309.614   -0.00772    6.59782    9.42894  287.67442   14.89197 4.3238e-01     1.6622     0.4921    88.4229 0.0000e+00
        436 205.613019    0.03023     1.8139    108.834     26.263  49594.686    31.4253     8.9962     26.000     8.9861    24.3213     6.8973     9.8568    104.411    300.717    308.031   -0.01030    6.60584    9.44041  288.01207   14.90794 3.5991e-01     1.5579     0.4842    88.5996 0.0000e+00
        440 205.613029    0.03047     1.8277    109.663     27.242  49598.054    31.4252     8.9818     27.000     8.9689    24.3234     6.9082     9.8725    104.544    301.194    308.520   -0.00677    6.60796    9.44343  288.10366   14.91231 3.0007e-01     1.6051     0.4936    88.3915 0.0000e+00
        444 205.613042    0.03078     1.8474    110.841     28.275  49612.257    31.4311     8.9561     28.000     8.9426    24.3319     6.8989     9.8591    104.346    300.784    308.102   -0.00589    6.61150    9.44849  288.25575   14.91956 2.5209e-01     1.4367     0.5028    88.1881 0.0000e+00
        448 205.613053    0.03105     1.8631    111.787     29.270  49630.462    31.4410     8.9390     29.000     8.9307    24.3423     6.8830     9.8365    104.074    300.092    307.397   -0.00628    6.61358    9.45147  288.34382   14.92373 2.1049e-01     1.8498     0.5013    88.2221 0.0000e+00
        452 205.613065    0.03135     1.8807    112.845     30.284  49646.141    31.4497     8.9258     30.000     8.9148    24.3511     6.8860     9.8408    104.095    300.219    307.529   -0.00463    6.61516    9.45374  288.41037   14.92687 1.8105e-01     1.6386     0.4966    88.3256 0.0000e+00
        457 205.613078    0.03165     1.8989    113.932     31.296  49690.131    31.4782     8.9117     31.000     8.9118    24.3755     6.8780     9.8293    103.959    299.860    307.170   -0.00391    6.61604    9.45498  288.44131   14.92824 1.5428e-01     1.5915     0.5005    88.2384 0.0000e+00
        461 205.613089    0.03192     1.9151    114.909     32.302  49684.493    31.4734     8.9092     32.000     8.8716    24.3722     6.8576     9.8002    103.643    298.974    306.260   -0.00509    6.61661    9.45578  288.46678   14.92948 1.3442e-01     2.1479     0.4943    88.3756 0.0000e+00
        465 205.613103    0.03225     1.9353    116.120     33.318  49785.440    31.5324     8.8296     33.000     8.8230    24.4304     6.8135     9.7372    102.832    297.034    304.291   -0.00827    6.62585    9.46900  288.85353   14.94772 1.1816e-01     1.8592     0.5019    88.2083 0.0000e+00
        470 205.613115    0.03254     1.9524    117.142     34.316  49854.168    31.5826     8.8452     34.000     8.8521    24.4673     6.7521     9.6494    101.974    294.347    301.549   -0.01169    6.62137    9.46261  288.64823   14.93770 1.0553e-01     2.2281     0.5296    87.5980 0.0000e+00
        475 205.613130    0.03289     1.9730    118.377     35.338  49851.390    31.5825     8.8617     35.000     8.8592    24.4648     6.6891     9.5594    101.060    291.601    298.734   -0.01353    6.61895    9.45913  288.54283   14.93266 9.5469e-02     2.3004     0.5434    87.2979 0.0000e+00
        479 205.613142    0.03318     1.9911    119.465     36.339  49851.549    31.5821     8.8618     36.000     8.8537    24.4646     6.6367     9.4845    100.268    289.315    296.393   -0.01470    6.61894    9.45912  288.54258   14.93266 8.7023e-02     1.5409     0.5683    86.7566 0.0000e+00
        484 205.613157    0.03355     2.0132    120.794     37.357  49860.136    31.5861     8.8502     37.000     8.8432    24.4694     6.6062     9.4410     99.785    287.987    295.034   -0.01286    6.62048    9.46133  288.60866   14.93579 8.0696e-02     1.6331     0.5770    86.5674 0.0000e+00
        489 205.613171    0.03387     2.0324    121.942     38.357  49863.923    31.5875     8.8445     38.000     8.8374    24.4714     6.5991     9.4307     99.664    287.674    294.713   -0.00972    6.62127    9.46247  288.64267   14.93742 7.5478e-02     1.6269     0.5833    86.4315 0.0000e+00
        494 205.613186    0.03423     2.0537    123.225     39.378  49871.725    31.5912     8.8354     39.000     8.8283    24.4756     6.6006     9.4328     99.669    287.738    294.780   -0.00658    6.62245    9.46413  288.69249   14.93978 7.1454e-02     1.5274     0.6070    85.9200 0.0000e+00
        498 205.613197    0.03451     2.0707    124.243     40.378  49873.146    31.5908     8.8288     40.000     8.8182    24.4763     6.5925     9.4215     99.534    287.391    294.426   -0.00558    6.62345    9.46556  288.73596   14.94186 6.8284e-02     1.7600     0.6431    85.1489 0.0000e+00
        502 205.613209    0.03480     2.0880    125.278     41.390  49848.373    31.5691     8.8026     41.000     8.7638    24.4634     6.5841     9.4094     99.334    287.026    294.048   -0.00537    6.62826    9.47244  288.94914   14.95214 6.5870e-02     1.6547     0.6824    84.3157 0.0000e+00
        507 205.613222    0.03512     2.1070    126.418     42.399  49840.851    31.5486     8.7018     42.000     8.6421    24.4625     6.5693     9.3883     98.875    286.381    293.387   -0.00654    6.64409    9.49507  289.63988   14.98522 6.3809e-02     1.4605     0.7696    82.4995 0.0000e+00
        511 205.613235    0.03542     2.1248    127.485     43.417  49921.541    31.5901     8.6024     43.000     8.5769    24.5098     6.5185     9.3156     97.918    284.151    291.115   -0.01074    6.65711    9.51368  290.19414   15.01154 6.2062e-02     1.7638     0.8681    80.4873 0.0000e+00
        515 205.613246    0.03568     2.1410    128.458     44.415  49919.437    31.5815     8.5585     44.000     8.5232    24.5097     6.4742     9.2522     97.150    282.217    289.134   -0.01299    6.66404    9.52358  290.49585   15.02599 6.0880e-02     1.4322     0.9351    79.1569 0.0000e+00
        519 205.613259    0.03599     2.1594    129.563     45.436  49952.611    31.5948     8.4947     45.000     8.4665    24.5295     6.4363     9.1981     96.452    280.562    287.444   -0.01370    6.67301    9.53641  290.88166   15.04437 5.9956e-02     1.4804     1.0190    77.5136 0.0000e+00
        523 205.613271    0.03627     2.1761    130.564     46.427  49861.904    31.5190     8.4168     46.000     8.3126    24.4816     6.4122     9.1637     95.877    279.527    286.370   -0.01365    6.68801    9.55784  291.54910   15.07655 5.9126e-02     1.3597     1.0772    76.3934 0.0000e+00
