CTD-processing/allCTD/CNV/2020_07-29_t3_s14_cast138_4141.cnv
* Sea-Bird SBE19plus Data File:
* FileName = E:\2020_07-29_T3\2020_07-29_T3_S1_cast138.hex
* Software Version 1.59
* Temperature SN =  4141
* Conductivity SN =  4141
* System UpLoad Time = Jul 29 2020 12:32:16
** Cook Inlet LTM T3
** Date: 2020_07-29
** Station:S14
** Start Time: (AKDT):10:34
** Depth (m):30
** Comment:
** Comment:
# nquan = 27
# nvalues = 26                          
# units = specified
# name 0 = scan: Scan Count
# name 1 = timeJ: Julian Days
# name 2 = timeH: Time, Elapsed [hours]
# name 3 = timeM: Time, Elapsed [minutes]
# name 4 = timeS: Time, Elapsed [seconds]
# name 5 = prdM: Pressure, Strain Gauge [db]
# name 6 = specc: Specific Conductance [uS/cm]
# name 7 = sal00: Salinity, Practical [PSU]
# name 8 = tv290C: Temperature [ITS-90, deg C]
# name 9 = depSM: Depth [salt water, m], lat = 59.00
# name 10 = potemp090C: Potential Temperature [ITS-90, deg C]
# name 11 = sigma-é00: Density [sigma-theta, kg/m^3]
# name 12 = sbeox0ML/L: Oxygen, SBE 43 [ml/l]
# name 13 = sbeox0Mg/L: Oxygen, SBE 43 [mg/l]
# name 14 = sbeox0PS: Oxygen, SBE 43 [% saturation]
# name 15 = sbox0Mm/Kg: Oxygen, SBE 43 [umol/kg]
# name 16 = sbeox0Mm/L: Oxygen, SBE 43 [umol/l]
# name 17 = sbox0dV/dT: Oxygen, SBE 43 [dov/dt]
# name 18 = oxsolML/L: Oxygen Saturation, Garcia & Gordon [ml/l]
# name 19 = oxsolMg/L: Oxygen Saturation, Garcia & Gordon [mg/l]
# name 20 = oxsolMm/Kg: Oxygen Saturation, Garcia & Gordon [umol/kg]
# name 21 = n2satMg/L: Nitrogen Saturation [mg/l]
# name 22 = par: PAR/Irradiance, Biospherical/Licor
# name 23 = wetStar: Fluorescence, WET Labs WETstar [mg/m^3]
# name 24 = CStarAt0: Beam Attenuation, WET Labs C-Star [1/m]
# name 25 = CStarTr0: Beam Transmission, WET Labs C-Star [%]
# name 26 = flag: flag
# span 0 =        280,        391       
# span 1 = 211.441396, 211.441718       
# span 2 =    0.01934,    0.02706       
# span 3 =     1.1605,     1.6239       
# span 4 =     69.631,     97.432       
# span 5 =      1.010,     26.215       
# span 6 =  48796.629,  48837.298       
# span 7 =    31.1393,    31.1586       
# span 8 =    11.0865,    11.1151       
# span 9 =      1.000,     26.000       
# span 10 =    11.0841,    11.1149      
# span 11 =    23.7510,    23.7710      
# span 12 =     6.0627,     6.1100      
# span 13 =     8.6643,     8.7319      
# span 14 =     95.951,     96.676      
# span 15 =    264.481,    266.543      
# span 16 =    270.763,    272.876      
# span 17 =   -0.00080,    0.01014      
# span 18 =    6.31836,    6.32166      
# span 19 =    9.02955,    9.03427      
# span 20 =  275.63048,  275.77006      
# span 21 =   14.31668,   14.32330      
# span 22 = 2.3304e+00, 9.7016e+01      
# span 23 =     1.3658,     1.7250      
# span 24 =     0.4689,     1.2435      
# span 25 =    74.2458,    88.9372      
# span 26 = 0.0000e+00, 0.0000e+00      
# interval = meters: 1                  
# start_time = Jul 29 2020 10:34:27 [Instrument's time stamp, header]
# bad_flag = -9.990e-29
*END*
        280 211.441396    0.01934     1.1605     69.631      1.010  48799.770    31.1420    11.1151      1.000    11.1149    23.7529     6.1004     8.7181     96.551    266.123    272.445    0.01014    6.31836    9.02955  275.63048   14.31668 9.7016e+01     1.3930     1.2435    74.2458 0.0000e+00
        285 211.441412    0.01971     1.1828     70.968      2.024  48796.629    31.1393    11.1144      2.000    11.1129    23.7510     6.0700     8.6746     96.067    264.799    271.089    0.00291    6.31855    9.02985  275.63993   14.31714 9.2045e+01     1.3756     0.9712    78.4197 0.0000e+00
        289 211.441424    0.02000     1.2003     72.017      3.025  48799.693    31.1410    11.1137      3.000    11.1113    23.7524     6.0627     8.6643     95.951    264.481    270.763    0.00086    6.31859    9.02990  275.64115   14.31719 7.1240e+01     1.3782     0.9711    78.4514 0.0000e+00
        294 211.441437    0.02034     1.2200     73.198      4.037  48809.585    31.1467    11.1063      4.000    11.1009    23.7582     6.0772     8.6849     96.167    265.109    271.407    0.00200    6.31935    9.03099  275.67291   14.31869 7.0621e+01     1.3932     0.9550    78.7602 0.0000e+00
        299 211.441452    0.02068     1.2409     74.452      5.054  48823.859    31.1551    11.0939      5.000    11.0920    23.7668     6.0784     8.6867     96.167    265.161    271.463    0.00111    6.32070    9.03292  275.72933   14.32136 7.6869e+01     1.3658     0.9576    78.7115 0.0000e+00
        303 211.441464    0.02096     1.2577     75.464      6.051  48825.030    31.1554    11.0933      6.000    11.0925    23.7673     6.0827     8.6928     96.234    265.349    271.655    0.00115    6.32077    9.03302  275.73252   14.32151 6.9860e+01     1.3690     0.9475    78.9092 0.0000e+00
        308 211.441478    0.02130     1.2780     76.683      7.065  48824.784    31.1548    11.0935      7.000    11.0927    23.7668     6.0947     8.7101     96.425    265.875    272.194    0.00213    6.32077    9.03301  275.73217   14.32150 6.6565e+01     1.5039     0.9341    79.1736 0.0000e+00
        313 211.441493    0.02168     1.3004     78.022      8.078  48825.624    31.1549    11.0927      8.000    11.0907    23.7671     6.0938     8.7087     96.407    265.831    272.149    0.00103    6.32088    9.03317  275.73700   14.32173 6.0392e+01     1.5683     0.9242    79.3708 0.0000e+00
        318 211.441508    0.02202     1.3212     79.274      9.085  48826.831    31.1551    11.0902      9.000    11.0877    23.7677     6.0886     8.7013     96.321    265.605    271.917   -0.00003    6.32120    9.03362  275.75087   14.32239 5.1321e+01     1.5715     0.9199    79.4567 0.0000e+00
        323 211.441521    0.02234     1.3403     80.419     10.100  48832.167    31.1582    11.0876     10.000    11.0870    23.7705     6.0928     8.7071     96.382    265.784    272.102    0.00024    6.32143    9.03396  275.76017   14.32282 4.3321e+01     1.7040     0.9078    79.7015 0.0000e+00
        327 211.441532    0.02261     1.3565     81.391     11.099  48833.081    31.1586    11.0895     11.000    11.0885    23.7706     6.0922     8.7063     96.377    265.759    272.076    0.00023    6.32116    9.03357  275.74825   14.32225 3.6744e+01     1.7250     0.4949    88.3612 0.0000e+00
        331 211.441545    0.02292     1.3752     82.512     12.116  48830.632    31.1564    11.0888     12.000    11.0864    23.7690     6.0951     8.7105     96.421    265.886    272.207    0.00027    6.32134    9.03383  275.75653   14.32266 3.0833e+01     1.6682     0.4888    88.4982 0.0000e+00
        335 211.441558    0.02321     1.3925     83.552     13.123  48831.781    31.1567    11.0873     13.000    11.0854    23.7694     6.0928     8.7072     96.381    265.786    272.105   -0.00016    6.32154    9.03412  275.76531   14.32308 2.5593e+01     1.6482     0.4918    88.4321 0.0000e+00
        339 211.441569    0.02349     1.4094     84.564     14.131  48834.021    31.1578    11.0868     14.000    11.0852    23.7704     6.0904     8.7038     96.343    265.681    271.997   -0.00040    6.32155    9.03413  275.76545   14.32308 2.1268e+01     1.6886     0.4838    88.6086 0.0000e+00
        344 211.441582    0.02380     1.4278     85.667     15.143  48834.414    31.1576    11.0871     15.000    11.0856    23.7703     6.0931     8.7076     96.386    265.797    272.116   -0.00026    6.32153    9.03409  275.76431   14.32304 1.7634e+01     1.6811     0.4850    88.5808 0.0000e+00
        348 211.441593    0.02408     1.4449     86.691     16.156  48833.835    31.1570    11.0880     16.000    11.0855    23.7696     6.0953     8.7108     96.422    265.894    272.215    0.00018    6.32143    9.03395  275.76033   14.32283 1.4589e+01     1.6694     0.4782    88.7312 0.0000e+00
        351 211.441604    0.02433     1.4596     87.577     17.152  48834.241    31.1567    11.0865     17.000    11.0841    23.7696     6.1003     8.7179     96.498    266.113    272.438    0.00042    6.32166    9.03427  275.77006   14.32330 1.2170e+01     1.6492     0.4813    88.6642 0.0000e+00
        356 211.441618    0.02468     1.4807     88.845     18.177  48837.298    31.1584    11.0867     18.000    11.0849    23.7710     6.1035     8.7225     96.552    266.254    272.584    0.00063    6.32154    9.03412  275.76500   14.32306 1.0192e+01     1.6080     0.4817    88.6538 0.0000e+00
        361 211.441632    0.02499     1.4993     89.958     19.178  48837.123    31.1580    11.0874     19.000    11.0866    23.7706     6.0999     8.7174     96.495    266.098    272.424   -0.00000    6.32148    9.03402  275.76218   14.32293 8.4011e+00     1.6356     0.4811    88.6676 0.0000e+00
        365 211.441644    0.02529     1.5174     91.043     20.192  48827.794    31.1516    11.0931     20.000    11.0937    23.7646     6.0996     8.7170     96.499    266.086    272.409   -0.00010    6.32095    9.03327  275.74093   14.32193 7.0047e+00     1.6215     0.4792    88.7111 0.0000e+00
        369 211.441656    0.02557     1.5345     92.067     21.195  48819.069    31.1457    11.0991     21.000    11.0987    23.7590     6.1057     8.7257     96.604    266.355    272.684    0.00049    6.32038    9.03246  275.71747   14.32083 5.8251e+00     1.6071     0.4731    88.8465 0.0000e+00
        374 211.441670    0.02591     1.5548     93.287     22.210  48816.609    31.1438    11.1013     22.000    11.0982    23.7571     6.1100     8.7319     96.676    266.543    272.876    0.00088    6.32015    9.03213  275.70790   14.32038 4.8463e+00     1.5926     0.4706    88.9019 0.0000e+00
        379 211.441684    0.02625     1.5749     94.491     23.221  48818.795    31.1448    11.1003     23.000    11.0965    23.7581     6.1018     8.7201     96.544    266.181    272.506   -0.00042    6.32024    9.03226  275.71163   14.32056 3.9944e+00     1.4793     0.4689    88.9372 0.0000e+00
        383 211.441696    0.02653     1.5914     95.486     24.226  48820.728    31.1457    11.0998     24.000    11.0992    23.7590     6.0985     8.7153     96.490    266.036    272.357   -0.00080    6.32029    9.03232  275.71352   14.32065 3.3109e+00     1.4501     0.5404    87.3688 0.0000e+00
        387 211.441706    0.02680     1.6077     96.461     25.240  48816.940    31.1430    11.1033     25.000    11.0999    23.7562     6.1012     8.7192     96.540    266.156    272.479   -0.00040    6.31991    9.03179  275.69773   14.31990 2.7517e+00     1.5477     0.8231    81.4099 0.0000e+00
        391 211.441718    0.02706     1.6239     97.432     26.215  48819.540    31.1443    11.1021     26.000    11.0988    23.7575     6.1063     8.7264     96.617    266.376    272.704    0.00017    6.32002    9.03195  275.70237   14.32012 2.3304e+00     1.5548     0.6573    84.9443 0.0000e+00
