CTD-processing/allCTD/CNV/2020_08-14_t9_s08_cast162_4141.cnv
* Sea-Bird SBE19plus Data File:
* FileName = E:\2020_08-14_T9\2020_08-14_T9_S01_cast162.hex
* Software Version 1.59
* Temperature SN =  4141
* Conductivity SN =  4141
* System UpLoad Time = Aug 18 2020 11:11:50
** Cook Inlet LTM T9
** Date: 2020_08-14
** Station:S08
** Start Time: (AKDT):15:02
** Depth (m):94
** Comment:
** Comment:
# nquan = 27
# nvalues = 86                          
# units = specified
# name 0 = scan: Scan Count
# name 1 = timeJ: Julian Days
# name 2 = timeH: Time, Elapsed [hours]
# name 3 = timeM: Time, Elapsed [minutes]
# name 4 = timeS: Time, Elapsed [seconds]
# name 5 = prdM: Pressure, Strain Gauge [db]
# name 6 = specc: Specific Conductance [uS/cm]
# name 7 = sal00: Salinity, Practical [PSU]
# name 8 = tv290C: Temperature [ITS-90, deg C]
# name 9 = depSM: Depth [salt water, m], lat = 59.00
# name 10 = potemp090C: Potential Temperature [ITS-90, deg C]
# name 11 = sigma-é00: Density [sigma-theta, kg/m^3]
# name 12 = sbeox0ML/L: Oxygen, SBE 43 [ml/l]
# name 13 = sbeox0Mg/L: Oxygen, SBE 43 [mg/l]
# name 14 = sbeox0PS: Oxygen, SBE 43 [% saturation]
# name 15 = sbox0Mm/Kg: Oxygen, SBE 43 [umol/kg]
# name 16 = sbeox0Mm/L: Oxygen, SBE 43 [umol/l]
# name 17 = sbox0dV/dT: Oxygen, SBE 43 [dov/dt]
# name 18 = oxsolML/L: Oxygen Saturation, Garcia & Gordon [ml/l]
# name 19 = oxsolMg/L: Oxygen Saturation, Garcia & Gordon [mg/l]
# name 20 = oxsolMm/Kg: Oxygen Saturation, Garcia & Gordon [umol/kg]
# name 21 = n2satMg/L: Nitrogen Saturation [mg/l]
# name 22 = par: PAR/Irradiance, Biospherical/Licor
# name 23 = wetStar: Fluorescence, WET Labs WETstar [mg/m^3]
# name 24 = CStarAt0: Beam Attenuation, WET Labs C-Star [1/m]
# name 25 = CStarTr0: Beam Transmission, WET Labs C-Star [%]
# name 26 = flag: flag
# span 0 =        281,        650       
# span 1 = 227.627499, 227.628568       
# span 2 =    0.01942,    0.04507       
# span 3 =     1.1649,     2.7041       
# span 4 =     69.896,    162.247       
# span 5 =      1.016,     86.799       
# span 6 =  39487.842,  49718.810       
# span 7 =    24.8296,    31.5616       
# span 8 =     9.5379,    13.7140       
# span 9 =      1.000,     86.000       
# span 10 =     9.5237,    13.6749      
# span 11 =    18.3977,    24.3444      
# span 12 =     5.7703,     6.8785      
# span 13 =     8.2463,     9.8300      
# span 14 =     88.571,    110.508      
# span 15 =    251.586,    300.123      
# span 16 =    257.702,    307.192      
# span 17 =   -0.02135,    0.03989      
# span 18 =    6.18806,    6.52131      
# span 19 =    8.84335,    9.31961      
# span 20 =  270.05090,  284.32028      
# span 21 =   14.05034,   14.73090      
# span 22 = 6.0740e-02, 7.3975e+02      
# span 23 =     0.3684,    11.0027      
# span 24 =     0.4020,     2.3102      
# span 25 =    56.1245,    90.4392      
# span 26 = 0.0000e+00, 0.0000e+00      
# interval = meters: 1                  
# start_time = Aug 14 2020 15:02:26 [Instrument's time stamp, header]
# bad_flag = -9.990e-29
*END*
[from data line 54]
        517 227.628183    0.03584     2.1506    129.038     55.535  49334.208    31.4185    10.4340     55.000    10.4166    24.0857     5.8642     8.3805     91.618    255.733    261.892   -0.00185    6.40062    9.14713  279.12876   14.48309 6.6160e-02     0.5981     0.5526    87.0966 0.0000e+00
        521 227.628194    0.03610     2.1663    129.980     56.534  49308.668    31.3953    10.3951     56.000    10.3554    24.0743     5.8669     8.3844     91.570    255.857    262.016   -0.00158    6.40698    9.15621  279.40904   14.49660 6.5587e-02     0.5958     0.5746    86.6203 0.0000e+00
        525 227.628206    0.03640     2.1837    131.019     57.547  49313.219    31.3896    10.3259     57.000    10.2848    24.0814     5.8683     8.3865     91.452    255.917    262.081   -0.00213    6.41684    9.17031  279.83726   14.51711 6.4957e-02     0.5855     0.6480    85.0481 0.0000e+00
        529 227.628218    0.03668     2.2007    132.043     58.553  49308.589    31.3766    10.2504     58.000    10.2067    24.0838     5.8756     8.3968     91.406    256.231    262.402   -0.00194    6.42792    9.18615  280.32011   14.54027 6.4277e-02     0.5998     0.8352    81.1738 0.0000e+00
        534 227.628231    0.03699     2.2195    133.171     59.569  49357.870    31.4020    10.1784     59.000    10.1563    24.1156     5.8724     8.3922     91.229    256.085    262.260   -0.00262    6.43697    9.19908  280.70576   14.55863 6.3612e-02     0.5899     1.0517    76.8793 0.0000e+00
        538 227.628243    0.03727     2.2366    134.194     60.573  49388.133    31.4198    10.1532     60.000    10.1422    24.1336     5.8672     8.3849     91.110    255.857    262.032   -0.00269    6.43977    9.20308  280.82289   14.56417 6.3171e-02     0.6054     1.1031    75.8984 0.0000e+00
        542 227.628256    0.03759     2.2555    135.331     61.587  49398.145    31.4255    10.1463     61.000    10.1381    24.1393     5.8597     8.3741     90.982    255.526    261.695   -0.00293    6.44051    9.20414  280.85381   14.56562 6.2649e-02     0.6103     1.0962    76.0280 0.0000e+00
        546 227.628268    0.03788     2.2726    136.353     62.594  49397.678    31.4244    10.1431     62.000    10.1343    24.1389     5.8603     8.3749     90.984    255.552    261.721   -0.00204    6.44101    9.20484  280.87535   14.56665 6.2264e-02     0.6288     1.1104    75.7602 0.0000e+00
        550 227.628279    0.03815     2.2894    137.364     63.606  49400.685    31.4257    10.1400     63.000    10.1313    24.1405     5.8590     8.3731     90.959    255.495    261.663   -0.00178    6.44139    9.20539  280.89159   14.56742 6.1930e-02     0.6075     1.1184    75.6088 0.0000e+00
        554 227.628291    0.03843     2.3062    138.371     64.612  49401.335    31.4253    10.1363     64.000    10.1266    24.1408     5.8564     8.3694     90.910    255.381    261.546   -0.00159    6.44192    9.20615  280.91477   14.56854 6.1733e-02     0.6010     1.1288    75.4122 0.0000e+00
        559 227.628304    0.03873     2.3237    139.424     65.624  49405.804    31.4273    10.1307     65.000    10.1210    24.1433     5.8542     8.3663     90.866    255.285    261.448   -0.00158    6.44264    9.20718  280.94522   14.56999 6.1491e-02     0.6129     1.1271    75.4444 0.0000e+00
        563 227.628315    0.03902     2.3408    140.448     66.637  49409.103    31.4287    10.1265     66.000    10.1167    24.1451     5.8534     8.3650     90.845    255.247    261.410   -0.00131    6.44317    9.20794  280.96815   14.57108 6.1339e-02     0.6332     1.1206    75.5676 0.0000e+00
        567 227.628327    0.03930     2.3577    141.460     67.640  49409.392    31.4276    10.1198     67.000    10.1066    24.1454     5.8562     8.3690     90.876    255.369    261.536   -0.00077    6.44415    9.20933  281.01053   14.57311 6.1277e-02     0.6308     1.1201    75.5751 0.0000e+00
        571 227.628340    0.03961     2.3766    142.595     68.655  49414.419    31.4290    10.1060     68.000    10.0920    24.1488     5.8512     8.3619     90.772    255.151    261.313   -0.00143    6.44604    9.21203  281.09189   14.57700 6.1151e-02     0.6056     1.0349    77.2532 0.0000e+00
        576 227.628353    0.03990     2.3942    143.649     69.660  49393.169    31.4109    10.0850     69.000    10.0544    24.1381     5.8478     8.3571     90.667    255.007    261.163   -0.00160    6.44974    9.21731  281.25618   14.58494 6.1041e-02     0.5823     0.8123    81.6162 0.0000e+00
        580 227.628365    0.04022     2.4132    144.794     70.670  49424.638    31.4267    10.0385     70.000    10.0203    24.1582     5.8488     8.3586     90.600    255.046    261.208   -0.00186    6.45564    9.22575  281.50820   14.59693 6.0932e-02     0.5809     0.9369    79.1182 0.0000e+00
        585 227.628380    0.04056     2.4336    146.016     71.684  49439.829    31.4347    10.0200     71.000    10.0046    24.1673     5.8444     8.3522     90.499    254.850    261.009   -0.00174    6.45792    9.22901  281.60488   14.60152 6.0930e-02     0.5734     0.9723    78.4199 0.0000e+00
        590 227.628393    0.04087     2.4524    147.145     72.691  49413.667    31.4113     9.9850     72.000     9.9363    24.1549     5.8394     8.3451     90.340    254.639    260.790   -0.00255    6.46383    9.23746  281.86625   14.61412 6.0853e-02     0.5804     1.0212    77.4710 0.0000e+00
        594 227.628407    0.04120     2.4719    148.312     73.704  49485.254    31.4513     9.9065     73.000     9.8818    24.1989     5.8391     8.3446     90.202    254.610    260.771   -0.00262    6.47329    9.25099  282.26674   14.63312 6.0893e-02     0.5854     1.1154    75.6647 0.0000e+00
        599 227.628419    0.04150     2.4898    149.391     74.711  49494.910    31.4531     9.8705     74.000     9.8452    24.2061     5.8401     8.3460     90.148    254.654    260.819   -0.00243    6.47832    9.25816  282.48377   14.64349 6.0740e-02     0.4148     1.1614    74.8028 0.0000e+00
        603 227.628431    0.04180     2.5076    150.457     75.723  49515.338    31.4628     9.8380     75.000     9.8171    24.2189     5.8391     8.3447     90.074    254.608    260.775   -0.00209    6.48254    9.26419  282.66425   14.65209 6.0804e-02     0.5024     1.2421    73.3076 0.0000e+00
        607 227.628443    0.04208     2.5248    151.486     76.730  49513.195    31.4573     9.8104     76.000     9.7774    24.2191     5.8296     8.3310     89.869    254.190    260.347   -0.00313    6.48670    9.27014  282.84565   14.66079 6.0836e-02     0.3751     1.2778    72.6550 0.0000e+00
        611 227.628455    0.04237     2.5422    152.533     77.740  49538.614    31.4665     9.7476     77.000     9.7045    24.2364     5.8325     8.3352     89.796    254.315    260.479   -0.00268    6.49527    9.28239  283.21455   14.67840 6.0854e-02     0.3684     1.4419    69.7439 0.0000e+00
        616 227.628468    0.04268     2.5604    153.626     78.753  49606.930    31.5057     9.6834     78.000     9.6613    24.2774     5.8193     8.3163     89.488    253.728    259.888   -0.00411    6.50280    9.29315  283.53157   14.69340 6.0806e-02     0.5238     1.5540    67.8084 0.0000e+00
        620 227.628480    0.04296     2.5771    154.627     79.760  49629.155    31.5181     9.6622     79.000     9.6480    24.2905     5.8029     8.2929     89.202    253.011    259.157   -0.00474    6.50531    9.29674  283.63743   14.69842 6.0800e-02     0.5729     1.5491    67.8903 0.0000e+00
        624 227.628492    0.04324     2.5949    155.692     80.769  49642.851    31.5259     9.6510     80.000     9.6384    24.2983     5.7874     8.2707     88.946    252.332    258.464   -0.00514    6.50658    9.29856  283.69074   14.70094 6.0853e-02     0.5718     1.5054    68.6389 0.0000e+00
        628 227.628505    0.04355     2.6134    156.802     81.784  49655.416    31.5334     9.6442     81.000     9.6332    24.3053     5.7732     8.2503     88.718    251.709    257.828   -0.00519    6.50725    9.29952  283.71800   14.70221 6.0884e-02     0.5833     1.4185    70.1480 0.0000e+00
        632 227.628517    0.04384     2.6302    157.814     82.787  49659.472    31.5353     9.6405     82.000     9.6305    24.3074     5.7703     8.2463     88.669    251.586    257.702   -0.00428    6.50769    9.30014  283.73652   14.70309 6.0820e-02     0.5717     1.3578    71.2182 0.0000e+00
        637 227.628529    0.04415     2.6488    158.929     83.803  49662.099    31.5365     9.6387     83.000     9.6294    24.3087     5.7808     8.2614     88.827    252.044    258.171   -0.00182    6.50790    9.30044  283.74529   14.70351 6.0770e-02     0.4786     1.3489    71.3754 0.0000e+00
        641 227.628542    0.04444     2.6663    159.976     84.809  49668.002    31.5403     9.6388     84.000     9.6241    24.3116     5.7761     8.2546     88.757    251.837    257.960   -0.00201    6.50772    9.30019  283.73683   14.70308 6.0756e-02     0.5189     1.2932    72.3812 0.0000e+00
        645 227.628554    0.04474     2.6846    161.077     85.820  49652.578    31.5244     9.6048     85.000     9.5613    24.3046     5.7823     8.2635     88.778    252.111    258.238   -0.00109    6.51327    9.30811  283.98045   14.71480 6.0813e-02     0.5153     1.2931    72.3839 0.0000e+00
        650 227.628568    0.04507     2.7041    162.247     86.799  49718.810    31.5616     9.5379     86.000     9.5237    24.3444     5.7760     8.2545     88.571    251.825    257.955   -0.00239    6.52131    9.31961  284.32028   14.73090 6.0744e-02     0.5259     1.6260    66.6894 0.0000e+00
