CTD-processing/allCTD/CNV/2020_03-18_alongbay_kb13_cast038_4141.cnv
* Sea-Bird SBE19plus Data File:
* FileName = C:\Users\Chris\Desktop\EVOSTC GWA LTM\CTD Data\2020_03-18_AlongBay\2020_03-18_AlongBay_KB13_Cast038.hex
* Software Version 1.59
* Temperature SN =  4141
* Conductivity SN =  4141
* System UpLoad Time = Mar 23 2020 13:50:46
** Cook Inlet LTM AlongBay
** Date: 2020_03_18
** Station:KB13
** Start Time: (AKDT):10:28
** Depth (m):32
** Comment:
** Comment:
# nquan = 27
# nvalues = 24                          
# units = specified
# name 0 = scan: Scan Count
# name 1 = timeJ: Julian Days
# name 2 = timeH: Time, Elapsed [hours]
# name 3 = timeM: Time, Elapsed [minutes]
# name 4 = timeS: Time, Elapsed [seconds]
# name 5 = prdM: Pressure, Strain Gauge [db]
# name 6 = specc: Specific Conductance [uS/cm]
# name 7 = sal00: Salinity, Practical [PSU]
# name 8 = tv290C: Temperature [ITS-90, deg C]
# name 9 = depSM: Depth [salt water, m], lat = 59.00
# name 10 = potemp090C: Potential Temperature [ITS-90, deg C]
# name 11 = sigma-é00: Density [sigma-theta, kg/m^3]
# name 12 = sbeox0ML/L: Oxygen, SBE 43 [ml/l]
# name 13 = sbeox0Mg/L: Oxygen, SBE 43 [mg/l]
# name 14 = sbeox0PS: Oxygen, SBE 43 [% saturation]
# name 15 = sbox0Mm/Kg: Oxygen, SBE 43 [umol/kg]
# name 16 = sbeox0Mm/L: Oxygen, SBE 43 [umol/l]
# name 17 = sbox0dV/dT: Oxygen, SBE 43 [dov/dt]
# name 18 = oxsolML/L: Oxygen Saturation, Garcia & Gordon [ml/l]
# name 19 = oxsolMg/L: Oxygen Saturation, Garcia & Gordon [mg/l]
# name 20 = oxsolMm/Kg: Oxygen Saturation, Garcia & Gordon [umol/kg]
# name 21 = n2satMg/L: Nitrogen Saturation [mg/l]
# name 22 = par: PAR/Irradiance, Biospherical/Licor
# name 23 = wetStar: Fluorescence, WET Labs WETstar [mg/m^3]
# name 24 = CStarAt0: Beam Attenuation, WET Labs C-Star [1/m]
# name 25 = CStarTr0: Beam Transmission, WET Labs C-Star [%]
# name 26 = flag: flag
# span 0 =         91,        382       
# span 1 =  78.436058,  78.436900       
# span 2 =    0.00623,    0.02645       
# span 3 =     0.3737,     1.5871       
# span 4 =     22.423,     95.223       
# span 5 =      1.009,     24.205       
# span 6 =  51894.245,  51976.941       
# span 7 =    31.4515,    31.5445       
# span 8 =     1.5751,     1.9048       
# span 9 =      1.000,     24.000       
# span 10 =     1.6028,     1.9111      
# span 11 =    25.1579,    25.2107      
# span 12 =     7.1656,     7.3982      
# span 13 =    10.2403,    10.5728      
# span 14 =     91.087,     93.839      
# span 15 =    312.149,    322.299      
# span 16 =    320.014,    330.403      
# span 17 =   -0.00058,    0.02989      
# span 18 =    7.81252,    7.88379      
# span 19 =   11.16487,   11.26673      
# span 20 =  340.32749,  343.45430      
# span 21 =   17.39834,   17.54706      
# span 22 = 5.4521e-01, 1.7695e+02      
# span 23 =     0.2546,     0.5066      
# span 24 =     0.9642,     5.1169      
# span 25 =    41.6262,    77.6196      
# span 26 = 0.0000e+00, 0.0000e+00      
# interval = meters: 1                  
# start_time = Mar 18 2020 10:27:33 [Instrument's time stamp, header]
# bad_flag = -9.990e-29
*END*
         91  78.436058    0.00623     0.3737     22.423      1.009  51913.188    31.4515     1.5751      1.000     1.6028    25.1579     7.3982    10.5728     93.839    322.299    330.403    0.01226    7.88379   11.26673  343.45430   17.54706 1.7695e+02     0.4343     5.1169    41.6262 0.0000e+00
        283  78.436613    0.01956     1.1734     70.407      2.022  51976.941    31.5067     1.6431      2.000     1.6722    25.1980     7.1656    10.2403     91.087    312.149    320.014    0.02989    7.86675   11.24237  342.69385   17.51078 1.7232e+02     0.2546     0.9642    77.6196 0.0000e+00
        283  78.436615    0.01960     1.1762     70.575      3.027  51949.193    31.5072     1.7078      3.000     1.7286    25.1941     7.1721    10.2498     91.321    312.437    320.309    0.02277    7.85378   11.22383  342.13006   17.48403 1.0995e+02     0.2726     1.0492    76.9289 0.0000e+00
        288  78.436629    0.01994     1.1964     71.784      4.038  51933.421    31.5112     1.7582      4.000     1.7752    25.1939     7.1700    10.2466     91.413    312.342    320.212    0.01723    7.84349   11.20913  341.68184   17.46274 7.4050e+01     0.2761     1.0486    76.9400 0.0000e+00
        293  78.436643    0.02027     1.2162     72.973      5.046  51905.508    31.5015     1.7901      5.000     1.7958    25.1840     7.1968    10.2849     91.823    313.513    321.409    0.01482    7.83764   11.20078  341.43065   17.45086 5.6232e+01     0.2915     1.0526    76.8628 0.0000e+00
        298  78.436657    0.02061     1.2365     74.188      6.058  51902.347    31.5022     1.8014      6.000     1.8061    25.1838     7.2240    10.3237     92.196    314.696    322.621    0.01277    7.83538   11.19753  341.33178   17.44616 4.2583e+01     0.3532     1.0498    76.9161 0.0000e+00
        302  78.436670    0.02092     1.2553     75.321      7.065  51895.168    31.4999     1.8119      7.000     1.8135    25.1813     7.2553    10.3686     92.621    316.064    324.024    0.01167    7.83341   11.19472  341.24693   17.44215 3.2846e+01     0.3984     1.0550    76.8166 0.0000e+00
        307  78.436684    0.02124     1.2745     76.469      8.076  51894.245    31.4998     1.8153      8.000     1.8155    25.1810     7.2573    10.3714     92.654    316.151    324.112    0.00898    7.83272   11.19375  341.21720   17.44074 2.5893e+01     0.4300     1.0546    76.8238 0.0000e+00
        312  78.436697    0.02157     1.2939     77.632      9.085  51897.736    31.5019     1.8164      9.000     1.8175    25.1826     7.2531    10.3653     92.603    315.963    323.920    0.00637    7.83240   11.19328  341.20270   17.44004 2.0352e+01     0.4301     1.0563    76.7925 0.0000e+00
        316  78.436711    0.02189     1.3137     78.824     10.093  51909.302    31.5111     1.8230     10.000     1.8256    25.1894     7.2522    10.3641     92.613    315.925    323.882    0.00464    7.83059   11.19070  341.12133   17.43615 1.5873e+01     0.5066     1.0636    76.6514 0.0000e+00
        321  78.436725    0.02223     1.3338     80.027     11.108  51910.374    31.5131     1.8294     11.000     1.8324    25.1907     7.2565    10.3703     92.685    316.112    324.075    0.00380    7.82920   11.18870  341.06034   17.43324 1.2442e+01     0.4542     1.0749    76.4352 0.0000e+00
        325  78.436737    0.02252     1.3513     81.078     12.112  51920.387    31.5219     1.8384     12.000     1.8436    25.1971     7.2542    10.3670     92.682    316.011    323.974    0.00284    7.82694   11.18549  340.96004   17.42845 9.8391e+00     0.4489     1.0822    76.2953 0.0000e+00
        330  78.436751    0.02285     1.3711     82.265     13.119  51914.616    31.5205     1.8486     13.000     1.8509    25.1954     7.2502    10.3613     92.654    315.837    323.794    0.00188    7.82500   11.18270  340.87585   17.42446 7.7345e+00     0.4193     1.0702    76.5262 0.0000e+00
        336  78.436767    0.02325     1.3949     83.693     14.137  51914.447    31.5226     1.8578     14.000     1.8590    25.1964     7.2462    10.3555     92.626    315.661    323.614    0.00121    7.82306   11.17994  340.79108   17.42043 6.0575e+00     0.4366     1.0644    76.6354 0.0000e+00
        341  78.436781    0.02358     1.4146     84.875     15.142  51912.461    31.5214     1.8600     15.000     1.8598    25.1953     7.2490    10.3596     92.666    315.783    323.739    0.00084    7.82268   11.17939  340.77484   17.41966 4.7397e+00     0.4778     1.0719    76.4920 0.0000e+00
        345  78.436793    0.02388     1.4325     85.950     16.152  51914.579    31.5229     1.8619     16.000     1.8623    25.1963     7.2492    10.3598     92.675    315.793    323.749    0.00091    7.82222   11.17873  340.75449   17.41869 3.7620e+00     0.4001     1.0889    76.1677 0.0000e+00
        349  78.436805    0.02416     1.4496     86.976     17.159  51916.719    31.5243     1.8640     17.000     1.8646    25.1974     7.2398    10.3464     92.560    315.382    323.329   -0.00006    7.82173   11.17803  340.73277   17.41765 3.0016e+00     0.4229     1.0960    76.0338 0.0000e+00
        354  78.436820    0.02450     1.4703     88.217     18.169  51921.267    31.5282     1.8685     18.000     1.8704    25.2001     7.2646    10.3818     92.890    316.461    324.436    0.00143    7.82062   11.17645  340.68370   17.41531 2.3650e+00     0.4442     1.0988    75.9793 0.0000e+00
        360  78.436836    0.02490     1.4940     89.638     19.184  51923.216    31.5314     1.8771     19.000     1.8799    25.2022     7.2520    10.3638     92.752    315.913    323.874    0.00055    7.81873   11.17375  340.60064   17.41136 1.8185e+00     0.4166     1.0927    76.0959 0.0000e+00
        364  78.436850    0.02523     1.5138     90.830     20.192  51916.927    31.5287     1.8841     20.000     1.8836    25.1996     7.2400    10.3468     92.614    315.395    323.342   -0.00058    7.81750   11.17198  340.54761   17.40885 1.4294e+00     0.3859     1.0959    76.0360 0.0000e+00
        369  78.436862    0.02553     1.5313     91.877     21.211  51916.209    31.5278     1.8842     21.000     1.8833    25.1987     7.2491    10.3597     92.728    315.785    323.743    0.00021    7.81753   11.17203  340.54938   17.40894 1.1289e+00     0.3988     1.1075    75.8133 0.0000e+00
        372  78.436871    0.02574     1.5445     92.671     22.198  51918.661    31.5290     1.8848     22.000     1.8846    25.1997     7.2434    10.3516     92.658    315.538    323.490   -0.00027    7.81735   11.17177  340.54109   17.40854 9.0020e-01     0.4137     1.1299    75.3911 0.0000e+00
        377  78.436885    0.02608     1.5646     93.876     23.217  51928.122    31.5360     1.8888     23.000     1.8928    25.2051     7.2480    10.3580     92.730    315.735    323.693    0.00006    7.81619   11.17012  340.48898   17.40604 7.1651e-01     0.4015     1.1350    75.2948 0.0000e+00
        382  78.436900    0.02645     1.5871     95.223     24.205  51934.510    31.5445     1.9048     24.000     1.9111    25.2107     7.2417    10.3492     92.693    315.462    323.416   -0.00002    7.81252   11.16487  340.32749   17.39834 5.4521e-01     0.4279     1.1569    74.8832 0.0000e+00
