CTD-processing/allCTD/CNV/2021_09-17_t9_s01_cast167_4141.cnv
* Sea-Bird SBE19plus Data File:
* FileName = C:\Users\steve\Desktop\GWA\CTD\2021_09-17_T9\2021_09-17_T9_S0_cast167.hex
* Software Version 1.59
* Temperature SN =  4141
* Conductivity SN =  4141
* System UpLoad Time = Sep 18 2021 12:44:26
** Cook Inlet LTM T9
** Date: 09-17-2021
** Station:S01
** Start Time (AKDT):13:14
** Depth (m):61
** Comment:
** Comment:
# nquan = 27
# nvalues = 53                          
# units = specified
# name 0 = scan: Scan Count
# name 1 = timeJ: Julian Days
# name 2 = timeH: Time, Elapsed [hours]
# name 3 = timeM: Time, Elapsed [minutes]
# name 4 = timeS: Time, Elapsed [seconds]
# name 5 = prdM: Pressure, Strain Gauge [db]
# name 6 = specc: Specific Conductance [uS/cm]
# name 7 = sal00: Salinity, Practical [PSU]
# name 8 = tv290C: Temperature [ITS-90, deg C]
# name 9 = depSM: Depth [salt water, m], lat = 59.00
# name 10 = potemp090C: Potential Temperature [ITS-90, deg C]
# name 11 = sigma-é00: Density [sigma-theta, kg/m^3]
# name 12 = sbeox0ML/L: Oxygen, SBE 43 [ml/l]
# name 13 = sbeox0Mg/L: Oxygen, SBE 43 [mg/l]
# name 14 = sbeox0PS: Oxygen, SBE 43 [% saturation]
# name 15 = sbox0Mm/Kg: Oxygen, SBE 43 [umol/kg]
# name 16 = sbeox0Mm/L: Oxygen, SBE 43 [umol/l]
# name 17 = sbox0dV/dT: Oxygen, SBE 43 [dov/dt]
# name 18 = oxsolML/L: Oxygen Saturation, Garcia & Gordon [ml/l]
# name 19 = oxsolMg/L: Oxygen Saturation, Garcia & Gordon [mg/l]
# name 20 = oxsolMm/Kg: Oxygen Saturation, Garcia & Gordon [umol/kg]
# name 21 = n2satMg/L: Nitrogen Saturation [mg/l]
# name 22 = par: PAR/Irradiance, Biospherical/Licor
# name 23 = wetStar: Fluorescence, WET Labs WETstar [mg/m^3]
# name 24 = CStarAt0: Beam Attenuation, WET Labs C-Star [1/m]
# name 25 = CStarTr0: Beam Transmission, WET Labs C-Star [%]
# name 26 = flag: flag
# span 0 =          4,        566       
# span 1 = 260.551155, 260.552782       
# span 2 =    0.00023,    0.03925       
# span 3 =     0.0137,     2.3550       
# span 4 =      0.823,    141.303       
# span 5 =      1.005,     53.488       
# span 6 =  42677.816,  47975.448       
# span 7 =    26.7735,    30.4430       
# span 8 =    10.2858,    10.3595       
# span 9 =      1.000,     53.000       
# span 10 =    10.2782,    10.3585      
# span 11 =    20.4818,    23.3506      
# span 12 =     5.7827,     6.7882      
# span 13 =     8.2641,     9.7010      
# span 14 =     89.545,    102.927      
# span 15 =    252.370,    296.998      
# span 16 =    258.257,    303.159      
# span 17 =   -0.00951,    0.01825      
# span 18 =    6.45655,    6.60419      
# span 19 =    9.22706,    9.43805      
# span 20 =  281.78393,  289.02339      
# span 21 =   14.61430,   14.97543      
# span 22 = 9.5504e-02, 2.2016e+02      
# span 23 =     0.3193,     1.1053      
# span 24 =     0.2298,     2.8619      
# span 25 =    48.7970,    94.4178      
# span 26 = 0.0000e+00, 0.0000e+00      
# interval = meters: 1                  
# start_time = Sep 17 2021 13:13:39 [Instrument's time stamp, header]
# bad_flag = -9.990e-29
*END*
          4 260.551155    0.00023     0.0137      0.823      1.005  42677.816    26.7735    10.3583      1.000    10.3564    20.4818     6.6539     9.5091    100.753    291.200    297.165    0.00504    6.60419    9.43805  289.02339   14.97543 2.2016e+02     0.3193     2.8619    48.7970 0.0000e+00
         10 260.551170    0.00059     0.0355      2.129      2.021  43164.107    27.1068    10.3244      2.000    10.2925    20.7464     6.7882     9.7010    102.927    296.998    303.159    0.01825    6.59507    9.42501  288.54944   14.95138 1.7103e+02     0.3289     2.1986    57.6225 0.0000e+00
        296 260.551999    0.02049     1.2290     73.742      3.021  44957.543    28.3512    10.3023      3.000    10.3297    21.7182     6.1603     8.8037     94.106    269.273    275.121    0.00136    6.54603    9.35494  286.13182   14.83062 1.1195e+02     0.5278     1.9738    61.1041 0.0000e+00
        339 260.552124    0.02348     1.4087     84.524      4.040  46408.739    29.3697    10.3425      4.000    10.3336    22.5045     6.0596     8.6597     93.256    264.665    270.622    0.00082    6.49785    9.28608  283.80718   14.71525 6.9885e+01     0.7949     1.5033    68.6929 0.0000e+00
        340 260.552128    0.02357     1.4141     84.849      5.045  47433.001    30.0878    10.3397      5.000    10.3486    23.0640     5.9967     8.5699     92.707    261.776    267.813   -0.00319    6.46850    9.24413  282.37074   14.64360 4.9856e+01     1.1053     0.9235    79.4448 0.0000e+00
        345 260.552141    0.02388     1.4329     85.976      6.057  47632.239    30.2293    10.3569      6.000    10.3585    23.1715     5.9368     8.4843     91.897    259.132    265.137   -0.00686    6.46023    9.23232  281.98006   14.62433 3.9277e+01     0.9548     0.5817    86.4812 0.0000e+00
        349 260.552154    0.02420     1.4516     87.096      7.068  47646.871    30.2395    10.3595      7.000    10.3569    23.1791     5.8873     8.4136     91.143    256.971    262.927   -0.00951    6.45944    9.23119  281.94355   14.62254 3.1852e+01     0.8412     0.4663    88.9976 0.0000e+00
        354 260.552166    0.02449     1.4694     88.164      8.076  47689.286    30.2683    10.3533      8.000    10.3460    23.2024     5.8746     8.3955     90.950    256.412    262.361   -0.00822    6.45914    9.23076  281.92399   14.62149 2.6501e+01     0.7492     0.4452    89.4675 0.0000e+00
        358 260.552179    0.02479     1.4872     89.232      9.082  47735.920    30.2992    10.3406      9.000    10.3348    23.2286     5.8732     8.3933     90.920    256.340    262.295   -0.00602    6.45964    9.23148  281.93858   14.62206 2.2431e+01     0.8168     0.4059    90.3516 0.0000e+00
        363 260.552192    0.02512     1.5071     90.426     10.098  47783.287    30.3309    10.3299     10.000    10.3269    23.2551     5.8696     8.3882     90.862    256.178    262.135   -0.00451    6.45984    9.23175  281.93977   14.62199 1.9036e+01     0.8006     0.3438    91.7646 0.0000e+00
        367 260.552205    0.02542     1.5252     91.512     11.102  47789.463    30.3345    10.3281     11.000    10.3270    23.2582     5.8671     8.3848     90.823    256.071    262.027   -0.00345    6.45996    9.23192  281.94396   14.62218 1.6559e+01     0.7749     0.3124    92.4861 0.0000e+00
        372 260.552219    0.02575     1.5455     92.728     12.114  47795.890    30.3388    10.3290     12.000    10.3281    23.2614     5.8659     8.3830     90.809    256.017    261.972   -0.00255    6.45965    9.23148  281.92971   14.62148 1.4331e+01     0.7182     0.3071    92.6101 0.0000e+00
        377 260.552234    0.02610     1.5661     93.968     13.122  47794.092    30.3372    10.3299     13.000    10.3285    23.2601     5.8682     8.3863     90.845    256.116    262.074   -0.00154    6.45958    9.23138  281.92711   14.62136 1.2473e+01     0.6717     0.3012    92.7468 0.0000e+00
        382 260.552248    0.02645     1.5870     95.219     14.132  47793.304    30.3362    10.3299     14.000    10.3280    23.2593     5.8648     8.3814     90.792    255.970    261.923   -0.00137    6.45963    9.23145  281.92943   14.62148 1.0896e+01     0.6642     0.3072    92.6079 0.0000e+00
        387 260.552263    0.02681     1.6085     96.510     15.142  47801.188    30.3411    10.3283     15.000    10.3246    23.2635     5.8593     8.3735     90.706    255.726    261.675   -0.00146    6.45964    9.23148  281.92900   14.62144 9.4858e+00     0.7194     0.3054    92.6501 0.0000e+00
        392 260.552278    0.02717     1.6305     97.833     16.154  47821.258    30.3542    10.3221     16.000    10.3184    23.2747     5.8551     8.3675     90.637    255.542    261.490   -0.00145    6.45998    9.23195  281.94047   14.62193 8.3043e+00     0.6408     0.2531    93.8685 0.0000e+00
        397 260.552292    0.02751     1.6504     99.023     17.160  47827.996    30.3582    10.3195     17.000    10.3172    23.2782     5.8503     8.3607     90.560    255.330    261.274   -0.00147    6.46018    9.23224  281.94838   14.62229 7.3914e+00     0.6312     0.2298    94.4178 0.0000e+00
        402 260.552305    0.02784     1.6702    100.211     18.173  47835.609    30.3631    10.3188     18.000    10.3170    23.2821     5.8509     8.3615     90.570    255.355    261.300   -0.00109    6.46008    9.23210  281.94286   14.62201 6.5899e+00     0.5853     0.2347    94.3015 0.0000e+00
        406 260.552318    0.02814     1.6883    101.300     19.177  47845.117    30.3696    10.3208     19.000    10.3214    23.2869     5.8504     8.3609     90.571    255.334    261.280   -0.00077    6.45952    9.23130  281.91728   14.62076 5.8750e+00     0.5666     0.2549    93.8257 0.0000e+00
        411 260.552332    0.02847     1.7084    102.501     20.192  47843.369    30.3685    10.3262     20.000    10.3243    23.2853     5.8438     8.3514     90.478    255.046    260.985   -0.00105    6.45881    9.23029  281.88677   14.61931 5.1757e+00     0.5569     0.2844    93.1356 0.0000e+00
        415 260.552345    0.02877     1.7263    103.578     21.198  47842.237    30.3674    10.3264     21.000    10.3238    23.2843     5.8370     8.3417     90.373    254.750    260.682   -0.00155    6.45882    9.23031  281.88765   14.61935 4.5671e+00     0.5918     0.2966    92.8536 0.0000e+00
        420 260.552357    0.02908     1.7444    104.663     22.208  47852.161    30.3740    10.3273     22.000    10.3279    23.2894     5.8369     8.3415     90.377    254.744    260.676   -0.00106    6.45844    9.22975  281.86935   14.61845 4.0299e+00     0.5778     0.3087    92.5729 0.0000e+00
        424 260.552371    0.02939     1.7634    105.802     23.218  47850.265    30.3730    10.3331     23.000    10.3303    23.2877     5.8341     8.3375     90.343    254.618    260.549   -0.00103    6.45765    9.22862  281.83528   14.61683 3.5424e+00     0.5820     0.3215    92.2771 0.0000e+00
        429 260.552384    0.02971     1.7829    106.973     24.228  47845.721    30.3692    10.3316     24.000    10.3286    23.2849     5.8292     8.3305     90.262    254.406    260.331   -0.00126    6.45803    9.22916  281.85246   14.61766 3.1083e+00     0.5768     0.3159    92.4078 0.0000e+00
        434 260.552398    0.03004     1.8022    108.135     25.237  47847.381    30.3699    10.3314     25.000    10.3285    23.2855     5.8330     8.3359     90.321    254.572    260.500   -0.00058    6.45801    9.22914  281.85155   14.61762 2.7359e+00     0.5642     0.3262    92.1705 0.0000e+00
        438 260.552411    0.03037     1.8219    109.313     26.246  47849.193    30.3708    10.3316     26.000    10.3290    23.2862     5.8285     8.3296     90.253    254.379    260.303   -0.00080    6.45796    9.22907  281.84919   14.61750 2.4103e+00     0.5806     0.3190    92.3347 0.0000e+00
        443 260.552425    0.03070     1.8419    110.515     27.256  47849.437    30.3707    10.3324     27.000    10.3296    23.2860     5.8271     8.3275     90.233    254.318    260.239   -0.00079    6.45785    9.22891  281.84438   14.61727 2.1217e+00     0.5737     0.3194    92.3262 0.0000e+00
        448 260.552439    0.03105     1.8632    111.791     28.267  47849.274    30.3702    10.3331     28.000    10.3299    23.2855     5.8252     8.3248     90.204    254.232    260.152   -0.00073    6.45777    9.22880  281.84098   14.61711 1.8677e+00     0.5576     0.3273    92.1434 0.0000e+00
        453 260.552454    0.03139     1.8832    112.993     29.275  47849.544    30.3699    10.3324     29.000    10.3289    23.2854     5.8288     8.3299     90.259    254.389    260.313   -0.00024    6.45788    9.22895  281.84573   14.61734 1.6357e+00     0.5629     0.3240    92.2191 0.0000e+00
        458 260.552468    0.03173     1.9038    114.230     30.285  47851.389    30.3708    10.3324     30.000    10.3291    23.2861     5.8305     8.3323     90.285    254.464    260.390   -0.00017    6.45785    9.22890  281.84425   14.61726 1.4409e+00     0.5464     0.3208    92.2936 0.0000e+00
        463 260.552482    0.03207     1.9241    115.449     31.295  47853.608    30.3720    10.3330     31.000    10.3302    23.2871     5.8328     8.3357     90.324    254.567    260.495    0.00016    6.45771    9.22871  281.83809   14.61697 1.2630e+00     0.5787     0.3223    92.2584 0.0000e+00
        468 260.552496    0.03240     1.9439    116.632     32.306  47854.653    30.3726    10.3346     32.000    10.3309    23.2872     5.8264     8.3265     90.227    254.285    260.207   -0.00057    6.45747    9.22837  281.82751   14.61646 1.1078e+00     0.5482     0.3357    91.9522 0.0000e+00
        472 260.552509    0.03270     1.9622    117.730     33.313  47855.449    30.3727    10.3343     33.000    10.3307    23.2873     5.8245     8.3237     90.197    254.200    260.120   -0.00064    6.45750    9.22841  281.82875   14.61652 9.7444e-01     0.6109     0.3376    91.9064 0.0000e+00
        476 260.552521    0.03302     1.9809    118.855     34.322  47867.131    30.3806    10.3356     34.000    10.3328    23.2933     5.8306     8.3326     90.300    254.470    260.397   -0.00003    6.45699    9.22768  281.80497   14.61534 8.5633e-01     0.5554     0.3476    91.6760 0.0000e+00
        481 260.552535    0.03334     2.0005    120.030     35.335  47867.915    30.3809    10.3371     35.000    10.3330    23.2934     5.8307     8.3327     90.305    254.474    260.402    0.00012    6.45676    9.22736  281.79494   14.61486 7.4568e-01     0.5469     0.3735    91.0858 0.0000e+00
        486 260.552548    0.03365     2.0190    121.143     36.341  47882.031    30.3903    10.3358     36.000    10.3299    23.3009     5.8202     8.3176     90.144    254.010    259.929   -0.00093    6.45655    9.22706  281.78393   14.61430 6.5007e-01     0.5628     0.3826    90.8783 0.0000e+00
        490 260.552562    0.03398     2.0390    122.338     37.352  47887.752    30.3935    10.3326     37.000    10.3285    23.3040     5.8110     8.3045     89.998    253.609    259.519   -0.00154    6.45688    9.22752  281.79710   14.61492 5.6774e-01     0.5541     0.3998    90.4966 0.0000e+00
        495 260.552575    0.03432     2.0588    123.528     38.362  47904.472    30.4047    10.3306     38.000    10.3241    23.3130     5.8033     8.2935     89.880    253.271    259.175   -0.00189    6.45669    9.22726  281.78668   14.61438 4.9503e-01     0.5319     0.4304    89.8086 0.0000e+00
        500 260.552590    0.03465     2.0791    124.746     39.371  47912.316    30.4093    10.3269     39.000    10.3215    23.3172     5.8027     8.2926     89.866    253.242    259.147   -0.00137    6.45703    9.22774  281.80005   14.61500 4.3625e-01     0.5312     0.3781    90.9790 0.0000e+00
        505 260.552604    0.03499     2.0994    125.966     40.382  47918.825    30.4132    10.3243     40.000    10.3190    23.3207     5.8039     8.2944     89.882    253.295    259.203   -0.00099    6.45724    9.22804  281.80832   14.61537 3.8420e-01     0.4961     0.3875    90.7671 0.0000e+00
        509 260.552617    0.03531     2.1187    127.122     41.391  47920.944    30.4141    10.3226     41.000    10.3173    23.3217     5.8050     8.2960     89.897    253.344    259.252   -0.00052    6.45743    9.22831  281.81637   14.61576 3.3862e-01     0.4750     0.3920    90.6650 0.0000e+00
        514 260.552630    0.03563     2.1381    128.283     42.401  47922.763    30.4148    10.3218     42.000    10.3175    23.3225     5.8003     8.2892     89.823    253.139    259.043   -0.00092    6.45752    9.22844  281.82020   14.61594 2.9809e-01     0.4661     0.3949    90.5973 0.0000e+00
        519 260.552644    0.03595     2.1572    129.433     43.410  47922.045    30.4140    10.3230     43.000    10.3173    23.3216     5.7971     8.2847     89.776    253.001    258.901   -0.00099    6.45738    9.22825  281.81447   14.61566 2.6416e-01     0.4698     0.3968    90.5561 0.0000e+00
        523 260.552657    0.03627     2.1763    130.578     44.419  47925.394    30.4158    10.3208     44.000    10.3145    23.3234     5.7894     8.2738     89.654    252.666    258.558   -0.00135    6.45762    9.22858  281.82418   14.61613 2.3371e-01     0.4750     0.3923    90.6578 0.0000e+00
        528 260.552671    0.03661     2.1963    131.775     45.431  47929.453    30.4179    10.3178     45.000    10.3120    23.3255     5.7827     8.2641     89.545    252.370    258.257   -0.00175    6.45795    9.22906  281.83824   14.61679 2.0711e-01     0.4530     0.3901    90.7088 0.0000e+00
        533 260.552684    0.03692     2.2153    132.920     46.436  47934.158    30.4204    10.3151     46.000    10.3060    23.3279     5.7904     8.2750     89.659    252.703    258.598   -0.00062    6.45823    9.22945  281.84960   14.61732 1.8587e-01     0.4748     0.3797    90.9447 0.0000e+00
        538 260.552699    0.03727     2.2363    134.179     47.452  47950.128    30.4298    10.3030     47.000    10.2937    23.3373     5.7911     8.2761     89.652    252.734    258.632   -0.00048    6.45955    9.23134  281.90448   14.61992 1.6543e-01     0.4762     0.3799    90.9389 0.0000e+00
        542 260.552712    0.03759     2.2555    135.328     48.457  47959.733    30.4353    10.2958     48.000    10.2884    23.3428     5.7885     8.2722     89.600    252.616    258.512   -0.00073    6.46033    9.23247  281.93750   14.62147 1.4952e-01     0.4473     0.3756    91.0376 0.0000e+00
        547 260.552727    0.03794     2.2763    136.577     49.471  47964.892    30.4381    10.2924     49.000    10.2878    23.3455     5.7963     8.2835     89.716    252.957    258.862    0.00005    6.46070    9.23299  281.95257   14.62218 1.3578e-01     0.4602     0.3753    91.0444 0.0000e+00
        552 260.552740    0.03825     2.2954    137.724     50.477  47963.057    30.4367    10.2949     50.000    10.2901    23.3441     5.7994     8.2880     89.769    253.095    259.003    0.00029    6.46039    9.23254  281.93948   14.62155 1.2396e-01     0.4695     0.3795    90.9487 0.0000e+00
        557 260.552754    0.03858     2.3150    138.903     51.488  47962.255    30.4358    10.2950     51.000    10.2877    23.3433     5.8023     8.2921     89.813    253.220    259.131    0.00047    6.46043    9.23260  281.94136   14.62165 1.1284e-01     0.4491     0.3792    90.9571 0.0000e+00
        561 260.552767    0.03892     2.3350    140.099     52.497  47967.546    30.4387    10.2912     52.000    10.2829    23.3462     5.7967     8.2841     89.721    252.977    258.883   -0.00038    6.46085    9.23320  281.95882   14.62248 1.0306e-01     0.4334     0.3678    91.2143 0.0000e+00
        566 260.552782    0.03925     2.3550    141.303     53.488  47975.448    30.4430    10.2858     53.000    10.2782    23.3506     5.8049     8.2957     89.838    253.328    259.243    0.00030    6.46143    9.23401  281.98256   14.62360 9.5504e-02     0.4080     0.3462    91.7094 0.0000e+00
