CTD-processing/allCTD/CNV/2021_12-18_ab_s06_cast027_4141.cnv
* Sea-Bird SBE19plus Data File:
* FileName = C:\Users\steve\Desktop\GWA\CTD\2021_12-18_AB\2021_12-18_AB_S0_cast027.hex
* Software Version 1.59
* Temperature SN =  4141
* Conductivity SN =  4141
* System UpLoad Time = Dec 22 2021 14:19:01
** Cook Inlet LTM AB
** Date: 12-18-2021
** Station:S06
** Start Time (AKST):12:14
** Depth (m):103
** Comment:
** Comment:
# nquan = 27
# nvalues = 101                         
# units = specified
# name 0 = scan: Scan Count
# name 1 = timeJ: Julian Days
# name 2 = timeH: Time, Elapsed [hours]
# name 3 = timeM: Time, Elapsed [minutes]
# name 4 = timeS: Time, Elapsed [seconds]
# name 5 = prdM: Pressure, Strain Gauge [db]
# name 6 = specc: Specific Conductance [uS/cm]
# name 7 = sal00: Salinity, Practical [PSU]
# name 8 = tv290C: Temperature [ITS-90, deg C]
# name 9 = depSM: Depth [salt water, m], lat = 59.00
# name 10 = potemp090C: Potential Temperature [ITS-90, deg C]
# name 11 = sigma-é00: Density [sigma-theta, kg/m^3]
# name 12 = sbeox0ML/L: Oxygen, SBE 43 [ml/l]
# name 13 = sbeox0Mg/L: Oxygen, SBE 43 [mg/l]
# name 14 = sbeox0PS: Oxygen, SBE 43 [% saturation]
# name 15 = sbox0Mm/Kg: Oxygen, SBE 43 [umol/kg]
# name 16 = sbeox0Mm/L: Oxygen, SBE 43 [umol/l]
# name 17 = sbox0dV/dT: Oxygen, SBE 43 [dov/dt]
# name 18 = oxsolML/L: Oxygen Saturation, Garcia & Gordon [ml/l]
# name 19 = oxsolMg/L: Oxygen Saturation, Garcia & Gordon [mg/l]
# name 20 = oxsolMm/Kg: Oxygen Saturation, Garcia & Gordon [umol/kg]
# name 21 = n2satMg/L: Nitrogen Saturation [mg/l]
# name 22 = par: PAR/Irradiance, Biospherical/Licor
# name 23 = wetStar: Fluorescence, WET Labs WETstar [mg/m^3]
# name 24 = CStarAt0: Beam Attenuation, WET Labs C-Star [1/m]
# name 25 = CStarTr0: Beam Transmission, WET Labs C-Star [%]
# name 26 = flag: flag
# span 0 =        381,        843       
# span 1 = 352.510556, 352.511893       
# span 2 =    0.02640,    0.05849       
# span 3 =     1.5839,     3.5095       
# span 4 =     95.035,    210.568       
# span 5 =      1.025,    101.943       
# span 6 =  50456.057,  50992.640       
# span 7 =    31.0492,    31.2886       
# span 8 =     2.7946,     4.2598       
# span 9 =      1.000,    101.000       
# span 10 =     2.7891,     4.2587      
# span 11 =    24.6570,    24.8595      
# span 12 =     7.0165,     7.2785      
# span 13 =    10.0272,    10.4014      
# span 14 =     93.708,     95.273      
# span 15 =    305.774,    317.183      
# span 16 =    313.356,    325.053      
# span 17 =   -0.00628,    0.00170      
# span 18 =    7.38245,    7.66176      
# span 19 =   10.55025,   10.94942      
# span 20 =  321.72144,  333.89147      
# span 21 =   16.51550,   17.09450      
# span 22 = 3.6906e-02, 2.5553e+01      
# span 23 =     0.1667,     0.2184      
# span 24 =     0.4963,     1.2083      
# span 25 =    73.9256,    88.3313      
# span 26 = 0.0000e+00, 0.0000e+00      
# interval = meters: 1                  
# start_time = Dec 18 2021 12:13:37 [Instrument's time stamp, header]
# bad_flag = -9.990e-29
*END*
[from data line 54]
        626 352.511264    0.04339     2.6037    156.220     55.527  50637.033    31.2155     4.0413     55.000     4.0153    24.7732     7.0650    10.0966     95.154    307.895    315.523   -0.00002    7.42480   10.61079  323.57577   16.60394 3.8731e-02     0.1667     0.5517    87.1163 0.0000e+00
        631 352.511278    0.04374     2.6242    157.449     56.537  50687.754    31.2405     4.0033     56.000     3.9964    24.7967     7.0543    10.0814     94.938    307.423    315.047   -0.00120    7.43045   10.61886  323.81453   16.61518 3.7131e-02     0.1732     0.5600    86.9347 0.0000e+00
        635 352.511292    0.04406     2.6433    158.597     57.545  50696.493    31.2451     3.9998     57.000     3.9967    24.8007     7.0565    10.0844     94.962    307.516    315.143   -0.00085    7.43084   10.61942  323.83044   16.61592 3.6906e-02     0.1786     0.5675    86.7724 0.0000e+00
        640 352.511305    0.04437     2.6621    159.724     58.556  50702.449    31.2500     4.0054     58.000     4.0044    24.8041     7.0615    10.0915     95.045    307.733    315.366   -0.00032    7.42959   10.61762  323.77435   16.61323 3.6907e-02     0.1799     0.5701    86.7164 0.0000e+00
        645 352.511318    0.04469     2.6813    160.876     59.565  50705.322    31.2526     4.0100     59.000     4.0096    24.8057     7.0660    10.0980     95.118    307.927    315.566    0.00011    7.42862   10.61624  323.73171   16.61120 3.6908e-02     0.1767     0.5675    86.7726 0.0000e+00
        649 352.511331    0.04501     2.7007    162.039     60.574  50644.499    31.2049     3.9856     60.000     3.9528    24.7701     7.0668    10.0992     95.042    307.975    315.604   -0.00030    7.43546   10.62601  324.04096   16.62609 3.6908e-02     0.1785     0.5799    86.5049 0.0000e+00
        654 352.511345    0.04534     2.7202    163.212     61.586  50456.057    31.0492     3.8716     61.000     3.7278    24.6570     7.0688    10.1021     94.705    308.098    315.695   -0.00185    7.46409   10.66693  325.32490   16.68777 3.6908e-02     0.1703     0.5961    86.1563 0.0000e+00
        658 352.511358    0.04565     2.7390    164.339     62.592  50687.107    31.1309     3.5636     62.000     3.5042    24.7499     7.0436    10.0660     93.708    306.970    314.567   -0.00628    7.51657   10.74192  327.58221   16.79472 3.6908e-02     0.2184     0.6802    84.3635 0.0000e+00
        663 352.511373    0.04600     2.7600    165.598     63.607  50811.243    31.1926     3.4748     63.000     3.4741    24.8070     7.0617    10.0918     93.782    307.739    315.373   -0.00495    7.52985   10.76091  328.14286   16.82112 3.6908e-02     0.1760     0.7195    83.5374 0.0000e+00
        668 352.511386    0.04633     2.7799    166.792     64.615  50807.744    31.1913     3.4807     64.000     3.4775    24.8053     7.1211    10.1768     94.585    310.331    318.029    0.00017    7.52882   10.75945  328.09867   16.81903 3.6908e-02     0.1823     0.7277    83.3654 0.0000e+00
        673 352.511400    0.04667     2.7999    167.993     65.625  50820.710    31.1970     3.4706     65.000     3.4765    24.8108     7.1324    10.1930     94.716    310.825    318.537    0.00074    7.53040   10.76169  328.16545   16.82218 3.6908e-02     0.1769     0.7267    83.3864 0.0000e+00
        678 352.511414    0.04700     2.8201    169.204     66.630  50801.089    31.1934     3.5116     66.000     3.5067    24.8043     7.1401    10.2039     94.911    311.160    318.877    0.00132    7.52298   10.75109  327.84435   16.80693 3.6908e-02     0.1773     0.7197    83.5334 0.0000e+00
        683 352.511429    0.04736     2.8416    170.494     67.647  50761.596    31.1599     3.4864     67.000     3.4620    24.7799     7.1420    10.2066     94.855    311.248    318.961    0.00083    7.52936   10.76021  328.13028   16.82066 3.6908e-02     0.1801     0.7245    83.4324 0.0000e+00
        688 352.511443    0.04768     2.8604    171.625     68.651  50785.477    31.1642     3.4406     68.000     3.4231    24.7872     7.1298    10.1892     94.589    310.715    318.417   -0.00086    7.53765   10.77207  328.48929   16.83770 3.6908e-02     0.1886     0.7396    83.1193 0.0000e+00
        693 352.511457    0.04803     2.8817    172.905     69.667  50823.507    31.1857     3.4259     69.000     3.4220    24.8057     7.1376    10.2003     94.672    311.049    318.765   -0.00032    7.53929   10.77439  328.55448   16.84071 3.6908e-02     0.1690     0.7438    83.0319 0.0000e+00
        697 352.511470    0.04833     2.9001    174.005     70.669  50800.795    31.1664     3.4121     70.000     3.3975    24.7915     7.1438    10.2091     94.709    311.323    319.040   -0.00012    7.54285   10.77949  328.71446   16.84840 3.6908e-02     0.1765     0.7565    82.7696 0.0000e+00
        702 352.511483    0.04866     2.9195    175.171     71.685  50823.604    31.1756     3.3892     71.000     3.3833    24.8008     7.1452    10.2112     94.680    311.380    319.102   -0.00033    7.54663   10.78489  328.87602   16.85603 3.6908e-02     0.1778     0.7616    82.6618 0.0000e+00
        706 352.511496    0.04897     2.9379    176.273     72.690  50888.267    31.2227     3.4047     72.000     3.4346    24.8371     7.1475    10.2145     94.778    311.473    319.209    0.00013    7.54135   10.77734  328.63428   16.84435 3.6908e-02     0.1713     0.7627    82.6396 0.0000e+00
        711 352.511510    0.04930     2.9580    177.477     73.706  50789.820    31.1740     3.4784     73.000     3.4643    24.7918     7.1637    10.2376     95.134    312.191    319.931    0.00170    7.53014   10.76132  328.16011   16.82201 3.6908e-02     0.1772     0.7333    83.2512 0.0000e+00
        715 352.511522    0.04959     2.9755    178.528     74.706  50699.777    31.0981     3.4209     74.000     3.3463    24.7364     7.1659    10.2407     94.979    312.302    320.027    0.00073    7.54472   10.78215  328.81330   16.85336 3.6908e-02     0.1735     0.7546    82.8073 0.0000e+00
        720 352.511537    0.04994     2.9962    179.770     75.726  50786.175    31.1129     3.2494     75.000     3.2149    24.7629     7.1416    10.2061     94.266    311.237    318.945   -0.00298    7.57600   10.82686  330.16827   16.91768 3.6908e-02     0.1706     0.7855    82.1716 0.0000e+00
        724 352.511549    0.05024     3.0141    180.846     76.727  50965.782    31.2342     3.2509     76.000     3.3001    24.8595     7.1357    10.1976     94.269    310.950    318.680   -0.00265    7.56947   10.81753  329.85256   16.90219 3.6908e-02     0.1774     0.8060    81.7494 0.0000e+00
        729 352.511563    0.05057     3.0342    182.049     77.742  50806.296    31.1414     3.3121     77.000     3.2904    24.7802     7.1815    10.2631     94.958    312.971    320.726    0.00134    7.56279   10.80799  329.58701   16.88995 3.6908e-02     0.1730     0.7824    82.2345 0.0000e+00
        734 352.511576    0.05089     3.0533    183.200     78.752  50845.116    31.1616     3.2902     78.000     3.2763    24.7982     7.1750    10.2539     94.835    312.685    320.440    0.00036    7.56586   10.81237  329.71492   16.89594 3.6908e-02     0.1703     0.7946    81.9837 0.0000e+00
        738 352.511589    0.05120     3.0718    184.306     79.758  50718.247    31.0529     3.2022     79.000     3.1226    24.7191     7.1761    10.2554     94.572    312.753    320.485   -0.00088    7.58797   10.84397  330.70396   16.94338 3.6908e-02     0.1742     0.8237    81.3898 0.0000e+00
        743 352.511603    0.05154     3.0921    185.527     80.772  50888.534    31.1357     3.0785     80.000     3.0673    24.7954     7.1584    10.2302     94.103    311.962    319.697   -0.00312    7.60700   10.87116  331.50881   16.98128 3.6908e-02     0.1753     0.8575    80.7041 0.0000e+00
        748 352.511617    0.05186     3.1117    186.702     81.780  50906.760    31.1462     3.0735     81.000     3.0697    24.8042     7.1786    10.2590     94.364    312.838    320.597   -0.00127    7.60740   10.87174  331.52346   16.98193 3.6908e-02     0.1819     0.8729    80.3944 0.0000e+00
        753 352.511631    0.05219     3.1314    187.883     82.792  50899.297    31.1408     3.0742     82.000     3.0677    24.7998     7.1977    10.2862     94.612    313.671    321.450    0.00025    7.60755   10.87194  331.53109   16.98231 3.6908e-02     0.1767     0.8757    80.3382 0.0000e+00
        757 352.511644    0.05252     3.1513    189.076     83.798  50901.854    31.1406     3.0685     83.000     3.0624    24.8001     7.2011    10.2911     94.644    313.819    321.601    0.00023    7.60862   10.87349  331.57806   16.98455 3.6908e-02     0.1774     0.8743    80.3665 0.0000e+00
        762 352.511659    0.05287     3.1723    190.338     84.813  50935.393    31.1641     3.0740     84.000     3.0875    24.8184     7.2017    10.2919     94.680    313.838    321.626    0.00024    7.60638   10.87027  331.47406   16.97950 3.6908e-02     0.1774     0.8707    80.4386 0.0000e+00
        767 352.511673    0.05320     3.1920    191.520     85.821  50899.758    31.1498     3.1139     85.000     3.1078    24.8038     7.2112    10.3056     94.890    314.259    322.054    0.00113    7.59958   10.86056  331.18274   16.96573 3.6908e-02     0.1798     0.8616    80.6223 0.0000e+00
        772 352.511687    0.05354     3.2123    192.738     86.828  50879.838    31.1295     3.0891     86.000     3.0761    24.7896     7.2084    10.3015     94.781    314.139    321.927    0.00038    7.60531   10.86874  331.43684   16.97788 3.6908e-02     0.1773     0.8599    80.6556 0.0000e+00
        777 352.511701    0.05388     3.2327    193.961     87.839  50915.364    31.1521     3.0859     87.000     3.0884    24.8079     7.1990    10.2882     94.665    313.727    321.509   -0.00041    7.60476   10.86796  331.40692   16.97637 3.6908e-02     0.1826     0.8655    80.5427 0.0000e+00
        782 352.511716    0.05423     3.2535    195.213     88.850  50895.610    31.1430     3.1040     88.000     3.0952    24.7991     7.2087    10.3019     94.828    314.149    321.939    0.00041    7.60181   10.86373  331.28109   16.97043 3.6908e-02     0.1833     0.8627    80.6000 0.0000e+00
        787 352.511729    0.05456     3.2739    196.434     89.862  50836.452    31.0962     3.0797     89.000     3.0279    24.7638     7.2052    10.2970     94.696    314.009    321.785   -0.00028    7.60881   10.87375  331.59763   16.98565 3.6908e-02     0.1785     0.8748    80.3560 0.0000e+00
        791 352.511743    0.05489     3.2932    197.595     90.868  50834.480    31.0526     2.9196     90.000     2.8604    24.7421     7.1974    10.2857     94.188    313.672    321.433   -0.00260    7.64148   10.92044  333.02846   17.05378 3.6908e-02     0.1801     0.9233    79.3906 0.0000e+00
        796 352.511756    0.05522     3.3129    198.775     91.882  50943.627    31.1042     2.8379     91.000     2.8175    24.7898     7.1916    10.2775     93.955    313.407    321.177   -0.00339    7.65435   10.93883  333.57391   17.07948 3.6908e-02     0.1721     0.9926    78.0279 0.0000e+00
        801 352.511770    0.05553     3.3316    199.896     92.887  50978.370    31.1208     2.8142     92.000     2.8071    24.8050     7.2226    10.3218     94.314    314.752    322.560   -0.00100    7.65800   10.94404  333.72807   17.08674 3.6908e-02     0.1904     1.0512    76.8895 0.0000e+00
        805 352.511784    0.05586     3.3519    201.112     93.903  50984.212    31.1234     2.8115     93.000     2.8059    24.8073     7.2434    10.3515     94.581    315.659    323.490    0.00041    7.65839   10.94461  333.74449   17.08750 3.6908e-02     0.1873     1.0510    76.8937 0.0000e+00
        810 352.511797    0.05617     3.3703    202.218     94.907  50976.384    31.1158     2.8047     94.000     2.7952    24.8018     7.2514    10.3630     94.665    316.010    323.848    0.00070    7.66008   10.94703  333.82017   17.09113 3.6908e-02     0.1787     1.0727    76.4773 0.0000e+00
        815 352.511810    0.05651     3.3904    203.423     95.919  50985.241    31.1197     2.7985     95.000     2.7918    24.8053     7.2529    10.3650     94.672    316.073    323.912    0.00049    7.66108   10.94845  333.86213   17.09311 3.6908e-02     0.1781     1.0874    76.1965 0.0000e+00
        819 352.511824    0.05684     3.4103    204.620     96.928  50988.937    31.1206     2.7946     96.000     2.7891    24.8064     7.2560    10.3696     94.704    316.209    324.052    0.00041    7.66176   10.94942  333.89147   17.09450 3.6908e-02     0.1831     1.1085    75.7957 0.0000e+00
        824 352.511837    0.05715     3.4290    205.741     97.936  50991.553    31.1220     2.7953     97.000     2.7907    24.8075     7.2624    10.3787     94.789    316.486    324.337    0.00067    7.66156   10.94914  333.88265   17.09408 3.6908e-02     0.1919     1.1608    74.8136 0.0000e+00
        829 352.511852    0.05750     3.4502    207.010     98.953  50990.018    31.1207     2.7964     98.000     2.7912    24.8064     7.2621    10.3782     94.787    316.473    324.323    0.00043    7.66141   10.94892  333.87632   17.09378 3.6908e-02     0.1780     1.1809    74.4372 0.0000e+00
        834 352.511865    0.05783     3.4696    208.173     99.954  50990.160    31.1204     2.7965     99.000     2.7910    24.8061     7.2652    10.3827     94.828    316.610    324.464    0.00045    7.66141   10.94892  333.87636   17.09378 3.6908e-02     0.1807     1.1975    74.1287 0.0000e+00
        839 352.511880    0.05818     3.4906    209.436    100.973  50990.689    31.1201     2.7959    100.000     2.7904    24.8059     7.2600    10.3753     94.759    316.382    324.230    0.00003    7.66155   10.94911  333.88225   17.09406 3.6908e-02     0.1822     1.1970    74.1381 0.0000e+00
        843 352.511893    0.05849     3.5095    210.568    101.943  50992.640    31.1207     2.7956    101.000     2.7902    24.8065     7.2785    10.4014     94.999    317.183    325.053    0.00031    7.66155   10.94912  333.88235   17.09407 3.6908e-02     0.1812     1.2083    73.9256 0.0000e+00
