CTD-processing/allCTD/CNV/2021_06-21_ab_s12_cast074_4141.cnv
* Sea-Bird SBE19plus Data File:
* FileName = C:\Users\steve\Desktop\GWA\CTD\2021_06-21_AB\2021_06-21_AB_S0_cast074.hex
* Software Version 1.59
* Temperature SN =  4141
* Conductivity SN =  4141
* System UpLoad Time = Jun 23 2021 10:19:16
** Cook Inlet LTM AlongBay
** Date: 06-21-2021
** Station:S12
** Start Time (AKDT):13:16
** Depth (m):82
** Comment:
** Comment:
# nquan = 27
# nvalues = 76                          
# units = specified
# name 0 = scan: Scan Count
# name 1 = timeJ: Julian Days
# name 2 = timeH: Time, Elapsed [hours]
# name 3 = timeM: Time, Elapsed [minutes]
# name 4 = timeS: Time, Elapsed [seconds]
# name 5 = prdM: Pressure, Strain Gauge [db]
# name 6 = specc: Specific Conductance [uS/cm]
# name 7 = sal00: Salinity, Practical [PSU]
# name 8 = tv290C: Temperature [ITS-90, deg C]
# name 9 = depSM: Depth [salt water, m], lat = 59.00
# name 10 = potemp090C: Potential Temperature [ITS-90, deg C]
# name 11 = sigma-é00: Density [sigma-theta, kg/m^3]
# name 12 = sbeox0ML/L: Oxygen, SBE 43 [ml/l]
# name 13 = sbeox0Mg/L: Oxygen, SBE 43 [mg/l]
# name 14 = sbeox0PS: Oxygen, SBE 43 [% saturation]
# name 15 = sbox0Mm/Kg: Oxygen, SBE 43 [umol/kg]
# name 16 = sbeox0Mm/L: Oxygen, SBE 43 [umol/l]
# name 17 = sbox0dV/dT: Oxygen, SBE 43 [dov/dt]
# name 18 = oxsolML/L: Oxygen Saturation, Garcia & Gordon [ml/l]
# name 19 = oxsolMg/L: Oxygen Saturation, Garcia & Gordon [mg/l]
# name 20 = oxsolMm/Kg: Oxygen Saturation, Garcia & Gordon [umol/kg]
# name 21 = n2satMg/L: Nitrogen Saturation [mg/l]
# name 22 = par: PAR/Irradiance, Biospherical/Licor
# name 23 = wetStar: Fluorescence, WET Labs WETstar [mg/m^3]
# name 24 = CStarAt0: Beam Attenuation, WET Labs C-Star [1/m]
# name 25 = CStarTr0: Beam Transmission, WET Labs C-Star [%]
# name 26 = flag: flag
# span 0 =        486,        831       
# span 1 = 172.554321, 172.555319       
# span 2 =    0.03371,    0.05766       
# span 3 =     2.0225,     3.4597       
# span 4 =    121.350,    207.584       
# span 5 =      1.022,     76.706       
# span 6 =  38260.816,  50820.467       
# span 7 =    23.9279,    31.5337       
# span 8 =     4.9150,    12.8302       
# span 9 =      1.000,     76.000       
# span 10 =     4.8987,    12.6340      
# span 11 =    17.8642,    24.9354      
# span 12 =     6.6506,     7.7564      
# span 13 =     9.5043,    11.0847      
# span 14 =     91.667,    113.344      
# span 15 =    289.792,    338.212      
# span 16 =    297.013,    346.402      
# span 17 =   -0.02010,    0.00816      
# span 18 =    6.31640,    7.25511      
# span 19 =    9.02676,   10.36828      
# span 20 =  276.44760,  316.13534      
# span 21 =   14.37208,   16.24878      
# span 22 = 5.7693e-02, 9.3056e+02      
# span 23 =     0.1288,     3.2435      
# span 24 =     0.4472,     2.2391      
# span 25 =    57.1662,    89.4211      
# span 26 = 0.0000e+00, 0.0000e+00      
# interval = meters: 1                  
# start_time = Jun 21 2021 13:16:12 [Instrument's time stamp, header]
# bad_flag = -9.990e-29
*END*
[from data line 54]
        731 172.555030    0.05072     3.0433    182.601     55.522  50693.251    31.5178     5.2254     55.000     5.2134    24.8914     6.8823     9.8356     95.574    299.901    307.366   -0.00170    7.20113   10.29114  313.79190   16.13721 6.6574e-02     0.1485     0.5544    87.0580 0.0000e+00
        736 172.555044    0.05105     3.0631    183.785     56.536  50702.892    31.5204     5.2087     56.000     5.1985    24.8954     6.8654     9.8113     95.301    299.159    306.606   -0.00264    7.20388   10.29507  313.91058   16.14284 6.5525e-02     0.1406     0.5509    87.1330 0.0000e+00
        741 172.555057    0.05138     3.0826    184.958     57.547  50701.988    31.5161     5.1937     57.000     5.1799    24.8936     6.8469     9.7848     95.007    298.354    305.781   -0.00343    7.20666   10.29904  314.03206   16.14865 6.5292e-02     0.1415     0.5412    87.3438 0.0000e+00
        746 172.555071    0.05171     3.1026    186.155     58.556  50710.649    31.5161     5.1675     58.000     5.1528    24.8964     6.8418     9.7776     94.878    298.133    305.556   -0.00331    7.21118   10.30550  314.22807   16.15798 6.3068e-02     0.1384     0.5412    87.3441 0.0000e+00
        751 172.555086    0.05205     3.1230    187.377     59.562  50725.328    31.5206     5.1439     59.000     5.1332    24.9026     6.8407     9.7761     94.813    298.086    305.509   -0.00270    7.21502   10.31099  314.39352   16.16583 6.2637e-02     0.1426     0.5509    87.1352 0.0000e+00
        756 172.555100    0.05241     3.1447    188.684     60.578  50738.940    31.5276     5.1353     60.000     5.1298    24.9091     6.8318     9.7633     94.674    297.693    305.109   -0.00269    7.21617   10.31263  314.44160   16.16810 6.1887e-02     0.1380     0.5632    86.8671 0.0000e+00
        761 172.555115    0.05277     3.1659    189.952     61.585  50733.185    31.5216     5.1277     61.000     5.1167    24.9052     6.8293     9.7597     94.617    297.584    304.996   -0.00224    7.21777   10.31491  314.51252   16.17150 6.1348e-02     0.1344     0.5668    86.7891 0.0000e+00
        765 172.555128    0.05308     3.1848    191.086     62.589  50730.214    31.5151     5.1092     62.000     5.0916    24.9020     6.8181     9.7437     94.417    297.097    304.495   -0.00266    7.22128   10.31992  314.66630   16.17884 6.1097e-02     0.1338     0.6096    85.8660 0.0000e+00
        771 172.555144    0.05343     3.2063    192.376     63.615  50756.679    31.5268     5.0813     63.000     5.0733    24.9144     6.8074     9.7284     94.212    296.626    304.016   -0.00302    7.22552   10.32599  314.84750   16.18742 6.0935e-02     0.1341     0.6812    84.3428 0.0000e+00
        774 172.555154    0.05371     3.2227    193.361     64.603  50757.076    31.5253     5.0756     64.000     5.0662    24.9139     6.7935     9.7086     94.008    296.023    303.398   -0.00332    7.22657   10.32750  314.89344   16.18961 6.0145e-02     0.1288     0.7235    83.4556 0.0000e+00
        780 172.555170    0.05407     3.2439    194.635     65.633  50762.567    31.5258     5.0622     65.000     5.0525    24.9156     6.7706     9.6759     93.661    295.027    302.378   -0.00413    7.22887   10.33078  314.99312   16.19436 6.0399e-02     0.1346     0.7614    82.6681 0.0000e+00
        784 172.555181    0.05436     3.2614    195.683     66.628  50771.831    31.5300     5.0547     66.000     5.0483    24.9198     6.7464     9.6413     93.312    293.967    301.294   -0.00492    7.22997   10.33235  315.03968   16.19656 5.9601e-02     0.1331     0.7791    82.3027 0.0000e+00
        789 172.555196    0.05469     3.2817    196.899     67.648  50773.736    31.5301     5.0513     67.000     5.0445    24.9203     6.7240     9.6093     92.995    292.993    300.294   -0.00517    7.23054   10.33316  315.06449   16.19774 5.9567e-02     0.1345     0.7805    82.2728 0.0000e+00
        793 172.555208    0.05500     3.2998    197.988     68.650  50774.437    31.5291     5.0464     68.000     5.0388    24.9200     6.7117     9.5918     92.813    292.458    299.746   -0.00490    7.23144   10.33445  315.10361   16.19961 5.9244e-02     0.1375     0.8107    81.6549 0.0000e+00
        798 172.555223    0.05534     3.3202    199.211     69.667  50770.863    31.5238     5.0359     69.000     5.0232    24.9170     6.7094     9.5885     92.755    292.359    299.644   -0.00386    7.23351   10.33741  315.19489   16.20397 5.9870e-02     0.1353     0.8466    80.9251 0.0000e+00
        802 172.555235    0.05564     3.3384    200.306     70.664  50782.220    31.5278     5.0202     70.000     5.0107    24.9218     6.6968     9.5705     92.548    291.809    299.081   -0.00394    7.23603   10.34101  315.30338   16.20912 5.9083e-02     0.1386     0.8723    80.4073 0.0000e+00
        808 172.555251    0.05602     3.3612    201.674     71.692  50787.348    31.5285     5.0094     71.000     4.9993    24.9235     6.6836     9.5515     92.342    291.232    298.490   -0.00389    7.23789   10.34367  315.38374   16.21294 5.9220e-02     0.1410     0.8599    80.6563 0.0000e+00
        812 172.555264    0.05635     3.3809    202.853     72.689  50787.405    31.5253     4.9969     72.000     4.9829    24.9224     6.6726     9.5358     92.160    290.750    297.997   -0.00370    7.24021   10.34698  315.48491   16.21777 5.8775e-02     0.1421     0.8439    80.9803 0.0000e+00
        817 172.555279    0.05670     3.4018    204.109     73.708  50789.472    31.5196     4.9667     73.000     4.9481    24.9212     6.6762     9.5410     92.140    290.910    298.160   -0.00289    7.24572   10.35486  315.72560   16.22925 5.9129e-02     0.1406     0.8254    81.3560 0.0000e+00
        822 172.555292    0.05700     3.4201    205.206     74.708  50814.765    31.5320     4.9458     74.000     4.9366    24.9332     6.6755     9.5399     92.091    290.872    298.125   -0.00245    7.24874   10.35917  315.85331   16.23528 5.8340e-02     0.1327     0.8388    81.0819 0.0000e+00
        827 172.555306    0.05734     3.4406    206.435     75.724  50820.467    31.5337     4.9379     75.000     4.9290    24.9354     6.6674     9.5284     91.965    290.524    297.768   -0.00241    7.25003   10.36102  315.90900   16.23792 5.8732e-02     0.1314     0.8485    80.8868 0.0000e+00
        831 172.555319    0.05766     3.4597    207.584     76.706  50795.171    31.5109     4.9150     76.000     4.8987    24.9198     6.6506     9.5043     91.667    289.792    297.013   -0.00327    7.25511   10.36828  316.13534   16.24878 5.7693e-02     0.1313     0.9374    79.1181 0.0000e+00
