CTD-processing/allCTD/CNV/2021_03-23_t9_s01_cast181_5028.cnv
* Sea-Bird SBE19plus Data File:
* FileName = C:\Users\steve\Desktop\GWA CTD\2021_03-23_T9\2021_03-23_T9_S0_cast181.hex
* Software Version 1.59
* Temperature SN =  5028
* Conductivity SN =  5028
* System UpLoad Time = Mar 24 2021 11:14:17
** Cook Inlet LTM T9
** Date: 03-23-2021
** Station:S01
** Start Time (AKDT):15:08
** Depth (m):43
** Comment:
** Comment:
# nquan = 27
# nvalues = 39                          
# units = specified
# name 0 = scan: Scan Count
# name 1 = timeJ: Julian Days
# name 2 = timeH: Time, Elapsed [hours]
# name 3 = timeM: Time, Elapsed [minutes]
# name 4 = timeS: Time, Elapsed [seconds]
# name 5 = prdM: Pressure, Strain Gauge [db]
# name 6 = specc: Specific Conductance [uS/cm]
# name 7 = sal00: Salinity, Practical [PSU]
# name 8 = tv290C: Temperature [ITS-90, deg C]
# name 9 = depSM: Depth [salt water, m], lat = 59.00
# name 10 = potemp090C: Potential Temperature [ITS-90, deg C]
# name 11 = sigma-é00: Density [sigma-theta, kg/m^3]
# name 12 = sbeox0ML/L: Oxygen, SBE 43 [ml/l]
# name 13 = sbeox0Mg/L: Oxygen, SBE 43 [mg/l]
# name 14 = sbeox0PS: Oxygen, SBE 43 [% saturation]
# name 15 = sbox0Mm/Kg: Oxygen, SBE 43 [umol/kg]
# name 16 = sbeox0Mm/L: Oxygen, SBE 43 [umol/l]
# name 17 = sbox0dV/dT: Oxygen, SBE 43 [dov/dt]
# name 18 = oxsolML/L: Oxygen Saturation, Garcia & Gordon [ml/l]
# name 19 = oxsolMg/L: Oxygen Saturation, Garcia & Gordon [mg/l]
# name 20 = oxsolMm/Kg: Oxygen Saturation, Garcia & Gordon [umol/kg]
# name 21 = potemp090C: Potential Temperature [ITS-90, deg C]
# name 22 = n2satMg/L: Nitrogen Saturation [mg/l]
# name 23 = par: PAR/Irradiance, Biospherical/Licor
# name 24 = flECO-AFL: Fluorescence, WET Labs ECO-AFL/FL [mg/m^3]
# name 25 = turbWETntu0: Turbidity, WET Labs ECO [NTU]
# name 26 = flag: flag
# span 0 =        312,        496       
# span 1 =  82.631711,  82.632241       
# span 2 =    0.02161,    0.03434       
# span 3 =     1.2964,     2.0606       
# span 4 =     77.786,    123.637       
# span 5 =      1.010,     39.372       
# span 6 =  51312.680,  51469.716       
# span 7 =    31.4205,    31.6543       
# span 8 =     2.9142,     3.5431       
# span 9 =      1.000,     39.000       
# span 10 =     2.9026,     3.5424      
# span 11 =    25.0356,    25.1730      
# span 12 =     7.1116,    10.4967      
# span 13 =    10.1632,    15.0008      
# span 14 =     93.290,    139.551      
# span 15 =    309.849,    457.284      
# span 16 =    317.605,    468.781      
# span 17 =   -0.02897,    0.04736      
# span 18 =    7.49375,    7.62312      
# span 19 =   10.70932,   10.89421      
# span 20 =  326.45507,  332.13365      
# span 21 =     2.9141,     3.5407      
# span 22 =   16.73904,   17.00980      
# span 23 = 7.4599e-01, 3.0124e+02      
# span 24 =     0.2678,     0.3513      
# span 25 =     0.6887,     0.9174      
# span 26 = 0.0000e+00, 0.0000e+00      
# interval = meters: 1                  
# start_time = Mar 23 2021 15:08:22 [Instrument's time stamp, header]
# bad_flag = -9.990e-29
*END*
        312  82.631711    0.02161     1.2964     77.786      1.010  51312.680    31.4205     2.9153      1.000     2.9026    25.0356     7.1116    10.1632     93.290    309.849    317.605    0.00440    7.62312   10.89421  332.13365     2.9152   17.00980 3.0124e+02     0.2678     0.8960 0.0000e+00
        318  82.631727    0.02200     1.3202     79.212      2.019  51378.157    31.4640     2.9142      2.000     2.9341    25.0704     7.3382    10.4871     96.290    319.710    327.726    0.01677    7.62108   10.89128  332.03321     2.9141   17.00486 2.2388e+02     0.2746     0.9174 0.0000e+00
        323  82.631741    0.02234     1.3404     80.425      3.028  51367.632    31.4702     2.9667      3.000     2.9807    25.0710     7.5028    10.7223     98.583    326.882    335.077    0.02317    7.61080   10.87659  331.58500     2.9666   16.98354 1.7467e+02     0.2789     0.8929 0.0000e+00
        327  82.631754    0.02266     1.3597     81.581      4.037  51345.652    31.4611     2.9907      4.000     2.9953    25.0618     7.6287    10.9021    100.289    332.366    340.696    0.02536    7.60673   10.87077  331.41059     2.9905   16.97529 1.3966e+02     0.2915     0.8781 0.0000e+00
        332  82.631767    0.02297     1.3781     82.688      5.047  51351.142    31.4682     3.0054      5.000     3.0139    25.0662     7.7455    11.0690    101.867    337.454    345.913    0.02624    7.60358   10.86628  331.27237     3.0052   16.96870 1.1734e+02     0.2928     0.8731 0.0000e+00
        336  82.631781    0.02329     1.3977     83.859      6.057  51335.031    31.4613     3.0228      6.000     3.0221    25.0593     7.8953    11.2831    103.876    343.983    352.603    0.02860    7.60065   10.86209  331.14659     3.0225   16.96276 9.9909e+01     0.2952     0.8702 0.0000e+00
        341  82.631793    0.02359     1.4156     84.937      7.066  51328.950    31.4551     3.0168      7.000     3.0135    25.0549     8.0985    11.5735    106.528    352.836    361.677    0.03390    7.60211   10.86418  331.21185     3.0164   16.96588 8.4163e+01     0.2936     0.8554 0.0000e+00
        345  82.631806    0.02390     1.4338     86.027      8.075  51360.446    31.4773     3.0227      8.000     3.0374    25.0721     8.3732    11.9661    110.177    364.800    373.947    0.04278    7.59986   10.86096  331.10811     3.0221   16.96086 7.1358e+01     0.2985     0.8352 0.0000e+00
        350  82.631820    0.02423     1.4535     87.211      9.085  51386.248    31.5069     3.0709      9.000     3.0926    25.0917     8.6113    12.3064    113.469    375.166    384.580    0.04736    7.58923   10.84577  330.63873     3.0704   16.93844 6.0868e+01     0.3074     0.8221 0.0000e+00
        354  82.631832    0.02452     1.4715     88.290     10.094  51368.090    31.5043     3.1097     10.000     3.1178    25.0863     8.7583    12.5165    115.515    381.575    391.148    0.04524    7.58205   10.83551  330.32762     3.1092   16.92367 5.1806e+01     0.3045     0.8056 0.0000e+00
        359  82.631845    0.02484     1.4907     89.440     11.104  51367.549    31.5077     3.1265     11.000     3.1301    25.0877     8.8841    12.6962    117.224    387.052    396.762    0.04154    7.57872   10.83076  330.18236     3.1259   16.91676 4.4360e+01     0.3252     0.7957 0.0000e+00
        363  82.631859    0.02517     1.5104     90.621     12.113  51372.277    31.5128     3.1358     12.000     3.1399    25.0910     8.9422    12.7793    118.023    389.585    399.360    0.03375    7.57671   10.82787  330.09331     3.1352   16.91250 3.7811e+01     0.3455     0.8140 0.0000e+00
        368  82.631872    0.02550     1.5297     91.780     13.123  51375.632    31.5176     3.1476     13.000     3.1526    25.0938     9.0110    12.8776    118.969    392.579    402.430    0.02881    7.57426   10.82437  329.98566     3.1468   16.90737 3.2235e+01     0.3513     0.8065 0.0000e+00
        373  82.631886    0.02582     1.5496     92.978     14.133  51395.245    31.5351     3.1659     14.000     3.1805    25.1062     9.1013    13.0067    120.231    396.511    406.465    0.02676    7.56992   10.81817  329.79276     3.1651   16.89813 2.7519e+01     0.3481     0.8030 0.0000e+00
        378  82.631900    0.02616     1.5697     94.182     15.142  51412.096    31.5573     3.2095     15.000     3.2276    25.1202     9.2018    13.1503    121.708    400.882    410.953    0.02622    7.56060   10.80486  329.38252     3.2087   16.87855 2.3490e+01     0.3388     0.8106 0.0000e+00
        383  82.631915    0.02651     1.5904     95.425     16.151  51405.877    31.5634     3.2514     16.000     3.2617    25.1214     9.3240    13.3249    123.457    406.205    416.409    0.02713    7.55246   10.79322  329.02715     3.2505   16.86165 2.0060e+01     0.3374     0.8344 0.0000e+00
        388  82.631929    0.02686     1.6114     96.683     17.161  51402.140    31.5662     3.2744     17.000     3.2787    25.1217     9.4245    13.4685    124.860    410.581    420.896    0.02584    7.54802   10.78688  328.83393     3.2734   16.85245 1.7129e+01     0.3278     0.8108 0.0000e+00
        393  82.631943    0.02719     1.6317     97.901     18.171  51414.114    31.5774     3.2884     18.000     3.2964    25.1294     9.5459    13.6421    126.523    415.871    426.322    0.02636    7.54484   10.78232  328.69260     3.2873   16.84569 1.4733e+01     0.3214     0.7717 0.0000e+00
        398  82.631958    0.02754     1.6525     99.150     19.180  51432.810    31.5965     3.3157     19.000     3.3286    25.1423     9.6862    13.8426    128.486    421.978    432.587    0.02802    7.53877   10.77365  328.42409     3.3145   16.83285 1.2687e+01     0.3257     0.7303 0.0000e+00
        402  82.631970    0.02784     1.6703    100.219     20.189  51422.253    31.5953     3.3409     20.000     3.3470    25.1391     9.8266    14.0432    130.428    428.093    438.855    0.03040    7.53412   10.76701  328.22259     3.3398   16.82328 1.1004e+01     0.3270     0.7377 0.0000e+00
        406  82.631984    0.02816     1.6895    101.372     21.199  51419.435    31.5965     3.3550     21.000     3.3590    25.1388     9.9708    14.2493    132.389    434.377    445.296    0.03168    7.53145   10.76319  328.10617     3.3538   16.81774 9.5724e+00     0.3250     0.7100 0.0000e+00
        411  82.631998    0.02850     1.7100    102.597     22.208  51417.687    31.5978     3.3671     22.000     3.3688    25.1389    10.0970    14.4297    134.106    439.875    450.933    0.03086    7.52914   10.75989  328.00573     3.3658   16.81296 8.2880e+00     0.3141     0.7100 0.0000e+00
        416  82.632010    0.02880     1.7279    103.672     23.218  51416.368    31.5978     3.3726     23.000     3.3733    25.1384    10.2149    14.5981    135.690    445.011    456.198    0.03054    7.52812   10.75843  327.96116     3.3712   16.81084 7.1701e+00     0.3088     0.7251 0.0000e+00
        421  82.632024    0.02915     1.7486    104.914     24.228  51421.853    31.6027     3.3791     24.000     3.3819    25.1417    10.3349    14.7697    137.312    450.239    461.559    0.02957    7.52665   10.75633  327.89633     3.3777   16.80775 6.2020e+00     0.3034     0.7130 0.0000e+00
        426  82.632040    0.02950     1.7703    106.220     25.237  51423.732    31.6064     3.3909     25.000     3.3937    25.1436    10.4172    14.8872    138.447    453.820    465.231    0.02597    7.52427   10.75294  327.79223     3.3894   16.80279 5.3647e+00     0.2932     0.7354 0.0000e+00
        431  82.632054    0.02984     1.7905    107.429     26.247  51421.956    31.6070     3.4001     26.000     3.4008    25.1433    10.4724    14.9661    139.213    456.225    467.696    0.02224    7.52254   10.75046  327.71676     3.3985   16.79920 4.6336e+00     0.2991     0.7243 0.0000e+00
        436  82.632070    0.03024     1.8140    108.842     27.256  51420.694    31.6068     3.4045     27.000     3.4036    25.1427    10.4967    15.0008    139.551    457.284    468.781    0.01664    7.52174   10.74932  327.68201     3.4029   16.79755 4.0251e+00     0.3049     0.6992 0.0000e+00
        442  82.632085    0.03060     1.8361    110.167     28.266  51422.177    31.6078     3.4066     28.000     3.4058    25.1434    10.4892    14.9901    139.460    456.958    468.448    0.01097    7.52128   10.74866  327.66173     3.4050   16.79658 3.4863e+00     0.3136     0.6988 0.0000e+00
        447  82.632102    0.03100     1.8604    111.621     29.276  51422.590    31.6081     3.4085     29.000     3.4071    25.1434    10.4332    14.9101    138.722    454.518    465.947    0.00388    7.52093   10.74816  327.64642     3.4068   16.79585 3.0270e+00     0.2845     0.6887 0.0000e+00
        453  82.632118    0.03140     1.8837    113.023     30.286  51424.026    31.6087     3.4092     30.000     3.4077    25.1438    10.3248    14.7552    137.284    449.795    461.105   -0.00440    7.52075   10.74791  327.63877     3.4074   16.79548 2.6238e+00     0.2864     0.7110 0.0000e+00
        458  82.632134    0.03177     1.9061    114.365     31.295  51427.190    31.6106     3.4102     31.000     3.4094    25.1452    10.2152    14.5984    135.831    445.018    456.208   -0.01015    7.52049   10.74753  327.62666     3.4084   16.79490 2.2827e+00     0.2992     0.7276 0.0000e+00
        463  82.632146    0.03207     1.9243    115.459     32.305  51438.204    31.6185     3.4142     32.000     3.4184    25.1512    10.1240    14.4682    134.639    441.044    452.137   -0.01354    7.51934   10.74589  327.57478     3.4123   16.79241 1.9829e+00     0.2970     0.7191 0.0000e+00
        467  82.632159    0.03238     1.9429    116.574     33.314  51469.716    31.6455     3.4383     33.000     3.4561    25.1706    10.0336    14.3389    133.540    437.097    448.099   -0.01533    7.51350   10.73753  327.31388     3.4363   16.77990 1.7393e+00     0.3118     0.6924 0.0000e+00
        472  82.632173    0.03271     1.9627    117.762     34.324  51465.402    31.6537     3.4841     34.000     3.4970    25.1730     9.9066    14.1575    132.006    431.565    442.428   -0.01846    7.50460   10.72483  326.92574     3.4821   16.76142 1.5157e+00     0.3119     0.6925 0.0000e+00
        476  82.632186    0.03301     1.9806    118.839     35.334  51449.223    31.6489     3.5109     35.000     3.5147    25.1668     9.7900    13.9909    130.535    426.490    437.223   -0.02099    7.49991   10.71812  326.72321     3.5088   16.75181 1.3213e+00     0.3216     0.7359 0.0000e+00
        481  82.632200    0.03336     2.0016    120.099     36.343  51441.690    31.6461     3.5222     36.000     3.5213    25.1636     9.6171    13.7438    128.263    418.958    429.500   -0.02568    7.49796   10.71533  326.63951     3.5200   16.74784 1.1475e+00     0.3114     0.7549 0.0000e+00
        486  82.632213    0.03366     2.0196    121.178     37.353  51444.468    31.6481     3.5246     37.000     3.5248    25.1650     9.4718    13.5361    126.334    412.625    423.009   -0.02897    7.49742   10.71456  326.61535     3.5224   16.74668 9.9328e-01     0.2940     0.7395 0.0000e+00
        490  82.632226    0.03398     2.0388    122.329     38.362  51451.172    31.6543     3.5330     38.000     3.5358    25.1691     9.3562    13.3709    124.823    407.588    417.847   -0.02848    7.49554   10.71187  326.53209     3.5308   16.74270 8.6326e-01     0.3138     0.7476 0.0000e+00
        496  82.632241    0.03434     2.0606    123.637     39.372  51446.273    31.6529     3.5431     39.000     3.5424    25.1672     9.2197    13.1760    123.033    401.647    411.756   -0.02889    7.49375   10.70932  326.45507     3.5407   16.73904 7.4599e-01     0.3073     0.8027 0.0000e+00
