CTD-processing/allCTD/CNV/2021_04-16_t4_s02_cast014_5028.cnv
* Sea-Bird SBE19plus Data File:
* FileName = C:\Users\steve\Desktop\GWA\CTD\2021_04-16_T4\2021_04-16_T4_S0_cast014.hex
* Software Version 1.59
* Temperature SN =  5028
* Conductivity SN =  5028
* System UpLoad Time = Apr 17 2021 12:47:45
** Cook Inlet LTM T4
** Date: 04-16-2021
** Station:S02
** Start Time (AKDT):13:38
** Depth (m):101
** Comment:
** Comment:
# nquan = 27
# nvalues = 95                          
# units = specified
# name 0 = scan: Scan Count
# name 1 = timeJ: Julian Days
# name 2 = timeH: Time, Elapsed [hours]
# name 3 = timeM: Time, Elapsed [minutes]
# name 4 = timeS: Time, Elapsed [seconds]
# name 5 = prdM: Pressure, Strain Gauge [db]
# name 6 = specc: Specific Conductance [uS/cm]
# name 7 = sal00: Salinity, Practical [PSU]
# name 8 = tv290C: Temperature [ITS-90, deg C]
# name 9 = depSM: Depth [salt water, m], lat = 59.00
# name 10 = potemp090C: Potential Temperature [ITS-90, deg C]
# name 11 = sigma-é00: Density [sigma-theta, kg/m^3]
# name 12 = sbeox0ML/L: Oxygen, SBE 43 [ml/l]
# name 13 = sbeox0Mg/L: Oxygen, SBE 43 [mg/l]
# name 14 = sbeox0PS: Oxygen, SBE 43 [% saturation]
# name 15 = sbox0Mm/Kg: Oxygen, SBE 43 [umol/kg]
# name 16 = sbeox0Mm/L: Oxygen, SBE 43 [umol/l]
# name 17 = sbox0dV/dT: Oxygen, SBE 43 [dov/dt]
# name 18 = oxsolML/L: Oxygen Saturation, Garcia & Gordon [ml/l]
# name 19 = oxsolMg/L: Oxygen Saturation, Garcia & Gordon [mg/l]
# name 20 = oxsolMm/Kg: Oxygen Saturation, Garcia & Gordon [umol/kg]
# name 21 = potemp090C: Potential Temperature [ITS-90, deg C]
# name 22 = n2satMg/L: Nitrogen Saturation [mg/l]
# name 23 = par: PAR/Irradiance, Biospherical/Licor
# name 24 = flECO-AFL: Fluorescence, WET Labs ECO-AFL/FL [mg/m^3]
# name 25 = turbWETntu0: Turbidity, WET Labs ECO [NTU]
# name 26 = flag: flag
# span 0 =         74,        704       
# span 1 = 106.568128, 106.569952       
# span 2 =    0.00508,    0.04885       
# span 3 =     0.3048,     2.9310       
# span 4 =     18.289,    175.862       
# span 5 =      1.010,     95.919       
# span 6 =  47843.573,  51694.153       
# span 7 =    29.5368,    31.8342       
# span 8 =     3.7098,     4.1311       
# span 9 =      1.000,     95.000       
# span 10 =     3.7039,     4.1183      
# span 11 =    23.4315,    25.2966      
# span 12 =     6.8824,     8.0311      
# span 13 =     9.8357,    11.4773      
# span 14 =     91.763,    108.264      
# span 15 =    300.423,    349.834      
# span 16 =    307.371,    358.671      
# span 17 =   -0.00497,    0.03138      
# span 18 =    7.40719,    7.50338      
# span 19 =   10.58562,   10.72309      
# span 20 =  322.65140,  327.54769      
# span 21 =     3.7038,     4.1310      
# span 22 =   16.55751,   16.79953      
# span 23 = 3.7976e-02, 5.7543e+02      
# span 24 =     0.4299,     1.5422      
# span 25 =     0.3664,     4.2055      
# span 26 = 0.0000e+00, 0.0000e+00      
# interval = meters: 1                  
# start_time = Apr 16 2021 13:37:48 [Instrument's time stamp, header]
# bad_flag = -9.990e-29
*END*
         74 106.568128    0.00508     0.3048     18.289      1.010  47843.573    29.5368     4.1311      1.000     4.1183    23.4315     6.8824     9.8357     91.763    300.423    307.371    0.01023    7.50338   10.72309  327.54769     4.1310   16.79953 5.7543e+02     1.5422     4.2055 0.0000e+00
        289 106.568751    0.02002     1.2013     72.076      2.019  51520.860    31.8240     3.9690      2.000     3.9644    25.2634     7.3624    10.5217     99.394    320.705    328.809    0.03121    7.40719   10.58562  322.65140     3.9689   16.55751 3.8730e+01     0.4299     0.4227 0.0000e+00
        289 106.568751    0.02002     1.2010     72.062      3.028  51465.010    31.7876     3.9633      3.000     3.9598    25.2351     7.4774    10.6860    100.906    325.721    333.941    0.03138    7.41026   10.59001  322.79671     3.9631   16.56457 5.1956e+01     0.4528     0.4836 0.0000e+00
        293 106.568763    0.02031     1.2182     73.092      4.038  51475.028    31.7923     3.9564      4.000     3.9529    25.2394     7.5488    10.7881    101.856    328.832    337.132    0.02848    7.41127   10.59144  322.83893     3.9562   16.56655 5.7920e+01     0.4483     0.4439 0.0000e+00
        298 106.568775    0.02060     1.2360     74.161      5.048  51483.693    31.7961     3.9500      5.000     3.9479    25.2431     7.5569    10.7996    101.952    329.184    337.493    0.02148    7.41224   10.59283  322.88007     3.9497   16.56850 6.9462e+01     0.4617     0.4137 0.0000e+00
        302 106.568788    0.02090     1.2542     75.254      6.057  51488.683    31.7983     3.9470      6.000     3.9457    25.2451     7.5842    10.8386    102.314    330.371    338.711    0.01717    7.41268   10.59346  322.89871     3.9466   16.56938 8.6078e+01     0.4685     0.3911 0.0000e+00
        306 106.568800    0.02121     1.2726     76.358      7.066  51492.425    31.7998     3.9446      7.000     3.9422    25.2465     7.6527    10.9365    103.233    333.355    341.770    0.01696    7.41304   10.59398  322.91400     3.9441   16.57010 1.0615e+02     0.4953     0.3860 0.0000e+00
        311 106.568814    0.02153     1.2915     77.491      8.075  51498.727    31.8023     3.9394      8.000     3.9362    25.2491     7.7534    11.0803    104.579    337.737    346.265    0.01889    7.41385   10.59513  322.94836     3.9389   16.57172 1.1622e+02     0.4882     0.3761 0.0000e+00
        315 106.568826    0.02184     1.3103     78.620      9.084  51505.331    31.8049     3.9335      9.000     3.9307    25.2517     7.8608    11.2339    106.015    342.418    351.065    0.02086    7.41479   10.59648  322.98855     3.9330   16.57362 1.1210e+02     0.4913     0.3845 0.0000e+00
        320 106.568839    0.02213     1.3282     79.695     10.095  51509.677    31.8062     3.9288     10.000     3.9255    25.2531     7.9519    11.3641    107.232    346.385    355.132    0.02161    7.41559   10.59762  323.02299     3.9281   16.57525 1.0360e+02     0.5073     0.3962 0.0000e+00
        324 106.568851    0.02243     1.3456     80.735     11.104  51513.958    31.8071     3.9227     11.000     3.9184    25.2544     8.0062    11.4417    107.949    348.750    357.558    0.01980    7.41663   10.59911  323.06787     3.9220   16.57738 9.4390e+01     0.5167     0.3874 0.0000e+00
        328 106.568863    0.02271     1.3626     81.757     12.113  51521.130    31.8099     3.9164     12.000     3.9138    25.2573     8.0278    11.4726    108.226    349.692    358.524    0.01629    7.41764   10.60054  323.11079     3.9156   16.57941 8.5481e+01     0.5339     0.3730 0.0000e+00
        332 106.568875    0.02300     1.3795     82.771     13.123  51524.946    31.8114     3.9136     13.000     3.9119    25.2587     8.0311    11.4773    108.264    349.834    358.671    0.01237    7.41806   10.60116  323.12892     3.9128   16.58027 7.6454e+01     0.5461     0.3746 0.0000e+00
        336 106.568886    0.02327     1.3965     83.788     14.133  51526.653    31.8115     3.9117     14.000     3.9096    25.2591     8.0242    11.4673    108.166    349.531    358.360    0.00872    7.41840   10.60164  323.14345     3.9109   16.58096 6.8267e+01     0.5657     0.3782 0.0000e+00
        340 106.568898    0.02356     1.4136     84.816     15.142  51529.589    31.8124     3.9094     15.000     3.9076    25.2600     8.0054    11.4405    107.908    348.714    357.522    0.00509    7.41878   10.60217  323.15957     3.9084   16.58172 6.0126e+01     0.6069     0.3724 0.0000e+00
        344 106.568910    0.02384     1.4306     85.835     16.152  51531.867    31.8131     3.9079     16.000     3.9065    25.2607     7.9880    11.4157    107.670    347.955    356.745    0.00248    7.41901   10.60251  323.16950     3.9069   16.58219 5.3847e+01     0.6408     0.3669 0.0000e+00
        349 106.568923    0.02414     1.4483     86.896     17.161  51533.448    31.8135     3.9072     17.000     3.9059    25.2611     7.9630    11.3799    107.330    346.864    355.626    0.00009    7.41912   10.60267  323.17428     3.9061   16.58242 4.7841e+01     0.6489     0.3664 0.0000e+00
        353 106.568935    0.02444     1.4663     87.976     18.171  51534.249    31.8134     3.9066     18.000     3.9047    25.2611     7.9330    11.3370    106.924    345.558    354.287   -0.00208    7.41924   10.60284  323.17942     3.9054   16.58266 4.2562e+01     0.6620     0.3721 0.0000e+00
        357 106.568948    0.02474     1.4847     89.082     19.180  51535.286    31.8131     3.9047     19.000     3.9019    25.2611     7.9034    11.2948    106.521    344.270    352.967   -0.00364    7.41960   10.60335  323.19519     3.9034   16.58342 3.7842e+01     0.6957     0.3793 0.0000e+00
        362 106.568961    0.02506     1.5035     90.209     20.190  51537.923    31.8135     3.9010     20.000     3.8978    25.2617     7.8805    11.2620    106.203    343.270    351.941   -0.00435    7.42025   10.60429  323.22334     3.8997   16.58475 3.3598e+01     0.7067     0.3895 0.0000e+00
        367 106.568975    0.02539     1.5231     91.388     21.199  51540.284    31.8134     3.8960     21.000     3.8920    25.2621     7.8546    11.2250    105.840    342.141    350.785   -0.00497    7.42116   10.60558  323.26265     3.8946   16.58662 2.9798e+01     0.6868     0.4038 0.0000e+00
        371 106.568987    0.02570     1.5422     92.533     22.208  51545.628    31.8153     3.8910     22.000     3.8883    25.2641     7.8380    11.2014    105.606    341.423    350.048   -0.00492    7.42198   10.60675  323.29764     3.8896   16.58828 2.6461e+01     0.6876     0.3772 0.0000e+00
        375 106.569000    0.02599     1.5596     93.576     23.218  51548.059    31.8159     3.8885     23.000     3.8861    25.2648     7.8319    11.1926    105.518    341.155    349.774   -0.00420    7.42239   10.60733  323.31525     3.8871   16.58911 2.3489e+01     0.6940     0.3751 0.0000e+00
        379 106.569011    0.02628     1.5767     94.601     24.228  51550.167    31.8164     3.8869     24.000     3.8849    25.2654     7.8276    11.1863    105.455    340.964    349.579   -0.00350    7.42266   10.60772  323.32687     3.8854   16.58966 2.0905e+01     0.6821     0.3991 0.0000e+00
        384 106.569024    0.02657     1.5942     95.649     25.237  51551.457    31.8165     3.8859     25.000     3.8839    25.2656     7.8193    11.1745    105.341    340.605    349.210   -0.00324    7.42282   10.60796  323.33418     3.8843   16.59001 1.8526e+01     0.6819     0.3916 0.0000e+00
        388 106.569036    0.02686     1.6116     96.693     26.247  51552.530    31.8166     3.8853     26.000     3.8832    25.2657     7.8130    11.1655    105.254    340.328    348.928   -0.00292    7.42295   10.60813  323.33941     3.8836   16.59026 1.6429e+01     0.6614     0.3805 0.0000e+00
        392 106.569048    0.02715     1.6289     97.733     27.257  51553.236    31.8163     3.8843     27.000     3.8818    25.2655     7.8001    11.1470    105.077    339.766    348.350   -0.00309    7.42314   10.60842  323.34804     3.8826   16.59067 1.4597e+01     0.6589     0.3906 0.0000e+00
        396 106.569061    0.02745     1.6470     98.822     28.266  51554.433    31.8162     3.8825     28.000     3.8794    25.2656     7.7873    11.1288    104.901    339.209    347.780   -0.00326    7.42347   10.60889  323.36237     3.8807   16.59135 1.2955e+01     0.6484     0.3869 0.0000e+00
        401 106.569073    0.02776     1.6653     99.919     29.276  51556.066    31.8160     3.8793     29.000     3.8754    25.2658     7.7745    11.1105    104.719    338.650    347.207   -0.00334    7.42405   10.60971  323.38740     3.8775   16.59254 1.1480e+01     0.6374     0.3850 0.0000e+00
        405 106.569086    0.02807     1.6839    101.031     30.285  51560.555    31.8175     3.8750     30.000     3.8718    25.2673     7.7639    11.0954    104.568    338.191    346.736   -0.00331    7.42475   10.61071  323.41731     3.8731   16.59396 1.0203e+01     0.6330     0.3968 0.0000e+00
        410 106.569099    0.02839     1.7033    102.200     31.295  51563.648    31.8184     3.8723     31.000     3.8694    25.2684     7.7478    11.0724    104.344    337.489    346.017   -0.00350    7.42520   10.61136  323.43679     3.8704   16.59489 9.0401e+00     0.6182     0.4057 0.0000e+00
        414 106.569113    0.02871     1.7224    103.341     32.305  51566.028    31.8190     3.8701     32.000     3.8673    25.2691     7.7417    11.0637    104.258    337.224    345.745   -0.00313    7.42557   10.61188  323.45247     3.8681   16.59563 8.0394e+00     0.6079     0.3982 0.0000e+00
        419 106.569126    0.02902     1.7414    104.482     33.314  51568.357    31.8197     3.8687     33.000     3.8660    25.2698     7.7342    11.0530    104.153    336.897    345.411   -0.00281    7.42579   10.61221  323.46236     3.8665   16.59610 7.1206e+00     0.6028     0.3837 0.0000e+00
        423 106.569138    0.02931     1.7589    105.532     34.323  51569.959    31.8200     3.8674     34.000     3.8644    25.2701     7.7342    11.0529    104.149    336.893    345.406   -0.00223    7.42602   10.61253  323.47196     3.8652   16.59655 6.3284e+00     0.6015     0.3866 0.0000e+00
        427 106.569150    0.02961     1.7770    106.622     35.333  51570.855    31.8195     3.8653     35.000     3.8615    25.2700     7.7278    11.0438    104.059    336.619    345.125   -0.00210    7.42642   10.61309  323.48928     3.8630   16.59738 5.6125e+00     0.5972     0.4038 0.0000e+00
        432 106.569163    0.02991     1.7948    107.686     36.343  51574.532    31.8208     3.8622     36.000     3.8594    25.2713     7.7184    11.0305    103.925    336.210    344.707   -0.00233    7.42690   10.61379  323.51006     3.8600   16.59836 4.9657e+00     0.5951     0.4164 0.0000e+00
        436 106.569175    0.03021     1.8126    108.755     37.353  51576.308    31.8213     3.8615     37.000     3.8591    25.2718     7.7116    11.0207    103.832    335.912    344.401   -0.00227    7.42700   10.61394  323.51436     3.8592   16.59856 4.3967e+00     0.5850     0.4158 0.0000e+00
        440 106.569187    0.03050     1.8297    109.784     38.362  51577.221    31.8213     3.8613     38.000     3.8588    25.2718     7.7085    11.0163    103.791    335.778    344.264   -0.00198    7.42703   10.61397  323.51549     3.8590   16.59862 3.8990e+00     0.5961     0.4201 0.0000e+00
        444 106.569200    0.03079     1.8478    110.870     39.371  51577.641    31.8210     3.8608     39.000     3.8575    25.2716     7.7021    11.0071    103.702    335.497    343.976   -0.00192    7.42716   10.61415  323.52098     3.8583   16.59888 3.4562e+00     0.5945     0.4205 0.0000e+00
        449 106.569213    0.03110     1.8661    111.966     40.381  51579.371    31.8212     3.8587     40.000     3.8553    25.2719     7.6930    10.9940    103.574    335.099    343.568   -0.00215    7.42753   10.61468  323.53697     3.8562   16.59964 3.0668e+00     0.6005     0.4334 0.0000e+00
        453 106.569225    0.03139     1.8835    113.011     41.391  51581.596    31.8218     3.8572     41.000     3.8543    25.2726     7.6883    10.9874    103.507    334.895    343.359   -0.00201    7.42776   10.61502  323.54714     3.8546   16.60012 2.7170e+00     0.5922     0.4657 0.0000e+00
        457 106.569237    0.03169     1.9014    114.084     42.401  51583.072    31.8222     3.8566     42.000     3.8538    25.2729     7.6813    10.9773    103.412    334.591    343.047   -0.00200    7.42785   10.61515  323.55091     3.8540   16.60029 2.4074e+00     0.5676     0.4532 0.0000e+00
        462 106.569250    0.03200     1.9201    115.208     43.410  51583.911    31.8221     3.8563     43.000     3.8534    25.2729     7.6704    10.9617    103.264    334.115    342.558   -0.00228    7.42791   10.61522  323.55327     3.8536   16.60041 2.1300e+00     0.5547     0.4090 0.0000e+00
        466 106.569262    0.03230     1.9382    116.293     44.420  51584.952    31.8223     3.8561     44.000     3.8532    25.2730     7.6669    10.9568    103.217    333.966    342.406   -0.00202    7.42795   10.61529  323.55515     3.8533   16.60050 1.8899e+00     0.5733     0.4045 0.0000e+00
        471 106.569276    0.03261     1.9566    117.398     45.430  51585.620    31.8222     3.8559     45.000     3.8528    25.2730     7.6666    10.9563    103.211    333.949    342.388   -0.00156    7.42800   10.61535  323.55702     3.8530   16.60058 1.6763e+00     0.5862     0.4226 0.0000e+00
        475 106.569288    0.03293     1.9754    118.522     46.440  51586.176    31.8219     3.8552     46.000     3.8517    25.2728     7.6585    10.9448    103.101    333.598    342.029   -0.00170    7.42812   10.61553  323.56264     3.8523   16.60085 1.4876e+00     0.5704     0.4315 0.0000e+00
        480 106.569302    0.03325     1.9951    119.706     47.449  51587.682    31.8220     3.8536     47.000     3.8500    25.2731     7.6484    10.9304    102.962    333.159    341.579   -0.00201    7.42841   10.61594  323.57503     3.8507   16.60144 1.3201e+00     0.5812     0.4531 0.0000e+00
        485 106.569316    0.03358     2.0149    120.897     48.459  51588.799    31.8219     3.8522     48.000     3.8483    25.2732     7.6464    10.9275    102.931    333.071    341.488   -0.00166    7.42868   10.61632  323.58667     3.8492   16.60200 1.1685e+00     0.5835     0.5206 0.0000e+00
        489 106.569329    0.03390     2.0342    122.049     49.468  51590.819    31.8223     3.8502     49.000     3.8465    25.2736     7.6450    10.9255    102.907    333.009    341.426   -0.00137    7.42902   10.61681  323.60131     3.8471   16.60269 1.0350e+00     0.5627     0.4615 0.0000e+00
        494 106.569342    0.03422     2.0529    123.177     50.478  51592.611    31.8227     3.8493     50.000     3.8460    25.2741     7.6404    10.9190    102.844    332.811    341.222   -0.00138    7.42916   10.61701  323.60725     3.8461   16.60297 9.1580e-01     0.5570     0.4343 0.0000e+00
        498 106.569355    0.03451     2.0710    124.260     51.488  51593.559    31.8228     3.8489     51.000     3.8454    25.2742     7.6374    10.9147    102.802    332.679    341.088   -0.00129    7.42922   10.61710  323.61028     3.8457   16.60312 8.1116e-01     0.5583     0.4540 0.0000e+00
        502 106.569367    0.03481     2.0884    125.306     52.497  51594.617    31.8228     3.8484     52.000     3.8448    25.2743     7.6350    10.9111    102.767    332.571    340.976   -0.00122    7.42932   10.61725  323.61448     3.8451   16.60331 7.1833e-01     0.5661     0.4678 0.0000e+00
        507 106.569380    0.03511     2.1066    126.394     53.507  51594.995    31.8224     3.8476     53.000     3.8431    25.2740     7.6357    10.9122    102.776    332.605    341.012   -0.00092    7.42948   10.61746  323.62127     3.8443   16.60364 6.3640e-01     0.5629     0.4564 0.0000e+00
