CTD-processing/allCTD/CNV/2021_05-23_ab_s12_cast052_4141.cnv
* Sea-Bird SBE19plus Data File:
* FileName = C:\Users\steve\Desktop\GWA\CTD\2021_05-23_AB\2021_05-23_AB_S0_cast052.hex
* Software Version 1.59
* Temperature SN =  4141
* Conductivity SN =  4141
* System UpLoad Time = May 24 2021 14:27:49
** Cook Inlet LTM AB
** Date: 05-23-2021
** Station:S12
** Start Time (AKDT):13:31
** Depth (m):79
** Comment:
** Comment:
# nquan = 27
# nvalues = 68                          
# units = specified
# name 0 = scan: Scan Count
# name 1 = timeJ: Julian Days
# name 2 = timeH: Time, Elapsed [hours]
# name 3 = timeM: Time, Elapsed [minutes]
# name 4 = timeS: Time, Elapsed [seconds]
# name 5 = prdM: Pressure, Strain Gauge [db]
# name 6 = specc: Specific Conductance [uS/cm]
# name 7 = sal00: Salinity, Practical [PSU]
# name 8 = tv290C: Temperature [ITS-90, deg C]
# name 9 = depSM: Depth [salt water, m], lat = 59.00
# name 10 = potemp090C: Potential Temperature [ITS-90, deg C]
# name 11 = sigma-é00: Density [sigma-theta, kg/m^3]
# name 12 = sbeox0ML/L: Oxygen, SBE 43 [ml/l]
# name 13 = sbeox0Mg/L: Oxygen, SBE 43 [mg/l]
# name 14 = sbeox0PS: Oxygen, SBE 43 [% saturation]
# name 15 = sbox0Mm/Kg: Oxygen, SBE 43 [umol/kg]
# name 16 = sbeox0Mm/L: Oxygen, SBE 43 [umol/l]
# name 17 = sbox0dV/dT: Oxygen, SBE 43 [dov/dt]
# name 18 = oxsolML/L: Oxygen Saturation, Garcia & Gordon [ml/l]
# name 19 = oxsolMg/L: Oxygen Saturation, Garcia & Gordon [mg/l]
# name 20 = oxsolMm/Kg: Oxygen Saturation, Garcia & Gordon [umol/kg]
# name 21 = n2satMg/L: Nitrogen Saturation [mg/l]
# name 22 = par: PAR/Irradiance, Biospherical/Licor
# name 23 = wetStar: Fluorescence, WET Labs WETstar [mg/m^3]
# name 24 = CStarAt0: Beam Attenuation, WET Labs C-Star [1/m]
# name 25 = CStarTr0: Beam Transmission, WET Labs C-Star [%]
# name 26 = flag: flag
# span 0 =        299,        608       
# span 1 = 126.563895, 126.564789       
# span 2 =    0.02069,    0.04216       
# span 3 =     1.2415,     2.5298       
# span 4 =     74.491,    151.790       
# span 5 =      1.021,     68.651       
# span 6 =  46329.391,  51260.937       
# span 7 =    29.0813,    31.6193       
# span 8 =     3.9686,     8.4598       
# span 9 =      1.000,     68.000       
# span 10 =     3.9579,     8.3329      
# span 11 =    22.5658,    25.0999      
# span 12 =     7.0455,     8.6282      
# span 13 =    10.0688,    12.3305      
# span 14 =     94.989,    127.106      
# span 15 =    306.949,    376.829      
# span 16 =    314.653,    385.332      
# span 17 =   -0.07379,    0.02228      
# span 18 =    6.78812,    7.41804      
# span 19 =    9.70090,   10.60113      
# span 20 =  296.46728,  323.17941      
# span 21 =   15.32142,   16.58347      
# span 22 = 4.2433e-02, 8.2711e+02      
# span 23 =     0.0979,     2.0630      
# span 24 =     0.6314,     1.7880      
# span 25 =    63.9567,    85.3965      
# span 26 = 0.0000e+00, 0.0000e+00      
# interval = meters: 1                  
# start_time = May 06 2021 13:30:46 [Instrument's time stamp, header]
# bad_flag = -9.990e-29
*END*
        299 126.563895    0.02069     1.2415     74.491      1.021  46329.391    29.0813     8.4598      1.000     8.3329    22.5658     8.6282    12.3305    127.106    376.829    385.332    0.02228    6.78812    9.70090  296.46728   15.32142 8.2711e+02     0.4558     1.7880    63.9567 0.0000e+00
        303 126.563907    0.02099     1.2595     75.568      2.017  47052.302    29.5238     8.0455      2.000     7.8915    22.9702     8.5012    12.1490    124.424    371.139    379.663    0.00237    6.83256    9.76441  298.29028   15.40659 5.6782e+02     0.4455     1.6539    66.1407 0.0000e+00
        308 126.563920    0.02131     1.2784     76.704      3.032  47523.485    29.8089     7.7655      3.000     7.7182    23.2322     8.3753    11.9692    122.026    365.549    374.043   -0.01477    6.86351    9.80865  299.56507   15.46624 3.6204e+02     0.4507     1.5582    67.7348 0.0000e+00
        312 126.563933    0.02161     1.2966     77.796      4.036  47697.678    29.9149     7.6711      4.000     7.6228    23.3280     8.5141    12.1675    123.866    371.571    380.238   -0.00089    6.87361    9.82308  299.97745   15.48546 2.2094e+02     0.6483     1.5330    68.1669 0.0000e+00
        317 126.563946    0.02193     1.3158     78.951      5.046  47751.820    29.9338     7.5537      5.000     7.4627    23.3587     8.5067    12.1569    123.442    371.237    379.909   -0.00195    6.89126    9.84830  300.73880   15.52171 1.3744e+02     1.3422     1.3869    70.7044 0.0000e+00
        322 126.563960    0.02226     1.3357     80.142      6.059  47783.003    29.9010     7.2141      6.000     6.8661    23.3774     8.4901    12.1332    122.215    370.508    379.169   -0.00912    6.94689    9.92780  303.16088   15.63736 8.8759e+01     2.0630     1.2436    73.2851 0.0000e+00
        326 126.563973    0.02257     1.3543     81.258      7.065  48718.646    30.3931     6.3192      7.000     5.8594    23.8761     8.4848    12.1256    120.017    370.095    378.931   -0.01674    7.07027   10.10413  308.39473   15.88477 6.0299e+01     2.0376     1.0222    77.4562 0.0000e+00
        331 126.563986    0.02289     1.3734     82.402      8.076  49828.100    30.9707     5.3445      8.000     5.0727    24.4450     8.0811    11.5488    112.134    352.292    360.904   -0.05163    7.20700   10.29952  314.18437   16.15812 4.4051e+01     1.7731     0.8955    79.9426 0.0000e+00
        335 126.563999    0.02319     1.3917     83.500      9.085  50425.407    31.2757     4.8481      9.000     4.7291    24.7399     7.6636    10.9521    105.298    333.996    342.258   -0.07379    7.27828   10.40139  317.20054   16.30043 3.4338e+01     1.3124     0.7671    82.5523 0.0000e+00
        339 126.564011    0.02349     1.4096     84.573     10.095  50675.930    31.4081     4.6706     10.000     4.6432    24.8634     7.4955    10.7118    102.638    326.627    334.749   -0.06947    7.30292   10.43660  318.23587   16.34916 2.7525e+01     0.8678     0.7292    83.3353 0.0000e+00
        344 126.564024    0.02379     1.4275     85.648     11.103  50729.345    31.4314     4.6129     11.000     4.5774    24.8879     7.4556    10.6548    101.965    324.882    332.968   -0.05585    7.31192   10.44947  318.62075   16.36738 2.2377e+01     0.4876     0.7094    83.7483 0.0000e+00
        348 126.564036    0.02409     1.4455     86.731     12.113  50813.659    31.4719     4.5383     12.000     4.5138    24.9276     7.4432    10.6371    101.640    324.329    332.414   -0.04337    7.32313   10.46548  319.09643   16.38984 1.7982e+01     0.3671     0.6916    84.1212 0.0000e+00
        352 126.564049    0.02439     1.4633     87.797     13.125  50862.982    31.4977     4.5053     13.000     4.4995    24.9515     7.4448    10.6393    101.597    324.388    332.482   -0.03341    7.32769   10.47200  319.28778   16.39884 1.4826e+01     0.3197     0.6639    84.7060 0.0000e+00
        356 126.564061    0.02468     1.4807     88.841     14.129  50870.616    31.5003     4.4958     14.000     4.4917    24.9545     7.4750    10.6825    101.988    325.704    333.833   -0.02360    7.32925   10.47422  319.35481   16.40201 1.2161e+01     0.2681     0.6575    84.8421 0.0000e+00
        361 126.564074    0.02500     1.4997     89.983     15.143  50875.560    31.5021     4.4907     15.000     4.4877    24.9564     7.5178    10.7437    102.561    327.568    335.744   -0.01486    7.33006   10.47539  319.38956   16.40366 9.9998e+00     0.2338     0.6560    84.8753 0.0000e+00
        365 126.564087    0.02530     1.5180     91.082     16.152  50878.908    31.5025     4.4849     16.000     4.4802    24.9573     7.5391    10.7741    102.838    328.498    336.695   -0.00966    7.33107   10.47683  319.43332   16.40575 8.2654e+00     0.2334     0.6483    85.0368 0.0000e+00
        370 126.564099    0.02561     1.5367     92.201     17.159  50889.088    31.5071     4.4765     17.000     4.4709    24.9618     7.5394    10.7745    102.823    328.508    336.708   -0.00736    7.33234   10.47865  319.48742   16.40830 6.8206e+00     0.2192     0.6426    85.1582 0.0000e+00
        374 126.564113    0.02593     1.5562     93.371     18.172  50902.614    31.5136     4.4667     18.000     4.4614    24.9680     7.5451    10.7826    102.881    328.754    336.962   -0.00512    7.33375   10.48066  319.54682   16.41110 5.6434e+00     0.1998     0.6333    85.3584 0.0000e+00
        379 126.564126    0.02626     1.5754     94.525     19.180  50917.146    31.5201     4.4540     19.000     4.4467    24.9745     7.5462    10.7843    102.871    328.804    337.016   -0.00397    7.33568   10.48341  319.62874   16.41497 4.6941e+00     0.2075     0.6314    85.3965 0.0000e+00
        384 126.564140    0.02659     1.5954     95.722     20.188  50937.281    31.5313     4.4446     20.000     4.4407    24.9843     7.5423    10.7787    102.801    328.628    336.838   -0.00326    7.33679   10.48501  319.67416   16.41709 3.9066e+00     0.1873     0.6316    85.3935 0.0000e+00
        389 126.564155    0.02694     1.6162     96.972     21.201  50942.101    31.5319     4.4350     21.000     4.4273    24.9857     7.5233    10.7515    102.518    327.799    335.990   -0.00372    7.33847   10.48741  319.74707   16.42055 3.2487e+00     0.1823     0.6361    85.2964 0.0000e+00
        394 126.564169    0.02728     1.6369     98.212     22.210  50973.546    31.5499     4.4220     22.000     4.4174    25.0014     7.4926    10.7076    102.081    326.457    334.619   -0.00486    7.33988   10.48942  319.80340   16.42315 2.7006e+00     0.1688     0.6424    85.1632 0.0000e+00
        398 126.564182    0.02760     1.6562     99.370     23.216  50986.627    31.5557     4.4101     23.000     4.3950    25.0071     7.4680    10.6725    101.719    325.383    333.519   -0.00542    7.34171   10.49205  319.88176   16.42687 2.2344e+00     0.1683     0.6504    84.9919 0.0000e+00
        403 126.564196    0.02793     1.6758    100.547     24.231  51009.998    31.5630     4.3746     24.000     4.3591    25.0165     7.4382    10.6300    101.232    324.084    332.191   -0.00637    7.34767   10.50056  320.13846   16.43904 1.8577e+00     0.1829     0.6824    84.3178 0.0000e+00
        408 126.564209    0.02823     1.6938    101.628     25.233  51037.774    31.5760     4.3510     25.000     4.3457    25.0292     7.4084    10.5873    100.777    322.780    330.858   -0.00721    7.35122   10.50563  320.28902   16.44615 1.5302e+00     0.1862     0.7052    83.8368 0.0000e+00
        412 126.564222    0.02855     1.7130    102.777     26.250  51043.661    31.5778     4.3434     26.000     4.3359    25.0314     7.3978    10.5723    100.617    322.320    330.388   -0.00623    7.35249   10.50745  320.34365   16.44874 1.2597e+00     0.1722     0.7134    83.6654 0.0000e+00
        416 126.564234    0.02885     1.7310    103.857     27.257  51057.259    31.5834     4.3296     27.000     4.3222    25.0372     7.3889    10.5596    100.466    321.931    329.991   -0.00551    7.35467   10.51056  320.43683   16.45316 1.0415e+00     0.1784     0.7305    83.3077 0.0000e+00
        421 126.564247    0.02915     1.7489    104.934     28.265  51064.528    31.5849     4.3167     28.000     4.3086    25.0397     7.3815    10.5489    100.334    321.605    329.658   -0.00484    7.35691   10.51375  320.53332   16.45774 8.5403e-01     0.1521     0.7612    82.6720 0.0000e+00
        425 126.564259    0.02945     1.7673    106.039     29.277  51065.711    31.5810     4.2987     29.000     4.2843    25.0384     7.3735    10.5376    100.180    321.260    329.303   -0.00446    7.36031   10.51862  320.68200   16.46482 7.0005e-01     0.1646     0.8251    81.3643 0.0000e+00
        429 126.564272    0.02975     1.7853    107.119     30.284  51094.294    31.5950     4.2769     30.000     4.2733    25.0516     7.3596    10.5176     99.947    320.647    328.680   -0.00460    7.36350   10.52318  320.81695   16.47119 5.6539e-01     0.1467     0.9043    79.7648 0.0000e+00
        434 126.564285    0.03007     1.8040    108.241     31.296  51098.082    31.5965     4.2745     31.000     4.2715    25.0531     7.3350    10.4824     99.607    319.573    327.579   -0.00507    7.36386   10.52369  320.83216   16.47191 4.5347e-01     0.1534     0.8985    79.8805 0.0000e+00
        438 126.564298    0.03037     1.8221    109.324     32.301  51098.403    31.5957     4.2722     32.000     4.2689    25.0527     7.3091    10.4456     99.251    318.450    326.428   -0.00571    7.36431   10.52434  320.85195   16.47285 3.6498e-01     0.1613     0.9140    79.5732 0.0000e+00
        443 126.564311    0.03068     1.8412    110.470     33.318  51102.457    31.5974     4.2702     33.000     4.2672    25.0543     7.3019    10.4352     99.149    318.132    326.103   -0.00478    7.36459   10.52474  320.86366   16.47341 2.9371e-01     0.1479     0.9001    79.8506 0.0000e+00
        447 126.564324    0.03099     1.8595    111.569     34.322  51103.887    31.5975     4.2683     34.000     4.2657    25.0545     7.2946    10.4248     99.046    317.817    325.779   -0.00421    7.36492   10.52520  320.87773   16.47407 2.3963e-01     0.1471     0.8998    79.8570 0.0000e+00
        452 126.564337    0.03132     1.8790    112.739     35.332  51091.363    31.5867     4.2608     35.000     4.2479    25.0467     7.2950    10.4253     99.025    317.835    325.795   -0.00324    7.36679   10.52788  320.96178   16.47811 1.9610e-01     0.1468     0.9186    79.4835 0.0000e+00
        457 126.564351    0.03165     1.8988    113.927     36.344  51101.258    31.5866     4.2333     36.000     4.2207    25.0493     7.2886    10.4162     98.873    317.556    325.510   -0.00315    7.37172   10.53493  321.17588   16.48830 1.5983e-01     0.1437     0.9924    78.0300 0.0000e+00
        461 126.564365    0.03197     1.9185    115.110     37.352  51123.376    31.5968     4.2145     37.000     4.2099    25.0592     7.2700    10.3896     98.582    316.741    324.678   -0.00379    7.37458   10.53901  321.29724   16.49402 1.3017e-01     0.1539     1.0278    77.3395 0.0000e+00
        466 126.564379    0.03231     1.9390    116.340     38.361  51128.715    31.5990     4.2107     38.000     4.2071    25.0614     7.2424    10.3501     98.200    315.537    323.445   -0.00464    7.37516   10.53984  321.32179   16.49519 1.0726e-01     0.1348     1.0398    77.1102 0.0000e+00
        471 126.564393    0.03266     1.9598    117.586     39.372  51129.636    31.5985     4.2081     39.000     4.2041    25.0613     7.2244    10.3244     97.949    314.754    322.643   -0.00466    7.37565   10.54053  321.34300   16.49620 9.0632e-02     0.1414     1.0478    76.9551 0.0000e+00
        476 126.564408    0.03302     1.9809    118.857     40.384  51130.948    31.5978     4.2032     40.000     4.1979    25.0612     7.2179    10.3151     97.850    314.473    322.353   -0.00390    7.37655   10.54183  321.38257   16.49808 7.8235e-02     0.1360     1.0665    76.5953 0.0000e+00
        481 126.564422    0.03336     2.0018    120.110     41.390  51128.306    31.5924     4.1901     41.000     4.1769    25.0582     7.2159    10.3122     97.787    314.382    322.259   -0.00320    7.37918   10.54558  321.49799   16.50359 6.9101e-02     0.1488     1.1193    75.5926 0.0000e+00
        487 126.564438    0.03372     2.0230    121.378     42.402  51143.168    31.5954     4.1622     42.000     4.1508    25.0633     7.2073    10.2998     97.605    314.004    321.874   -0.00319    7.38404   10.55253  321.70818   16.51358 6.2045e-02     0.1456     1.1693    74.6531 0.0000e+00
        491 126.564451    0.03405     2.0430    122.577     43.409  51163.871    31.6055     4.1468     43.000     4.1413    25.0728     7.1900    10.2753     97.344    313.253    321.108   -0.00368    7.38629   10.55574  321.80310   16.51806 5.6779e-02     0.1334     1.2015    74.0554 0.0000e+00
        496 126.564465    0.03438     2.0629    123.775     44.420  51168.426    31.6065     4.1403     44.000     4.1338    25.0743     7.1735    10.2516     97.104    312.530    320.367   -0.00392    7.38742   10.55736  321.85190   16.52037 5.3129e-02     0.1383     1.2156    73.7942 0.0000e+00
        501 126.564478    0.03470     2.0820    124.922     45.430  51175.467    31.6084     4.1301     45.000     4.1231    25.0768     7.1617    10.2348     96.923    312.020    319.844   -0.00384    7.38916   10.55985  321.92684   16.52392 5.0226e-02     0.1344     1.2037    74.0130 0.0000e+00
        505 126.564491    0.03501     2.1007    126.041     46.440  51187.439    31.6148     4.1250     46.000     4.1219    25.0825     7.1509    10.2194     96.768    311.546    319.360   -0.00371    7.38975   10.56069  321.95076   16.52504 4.8374e-02     0.1397     1.1876    74.3126 0.0000e+00
        510 126.564504    0.03533     2.1194    127.161     47.450  51187.120    31.6140     4.1245     47.000     4.1203    25.0819     7.1405    10.2046     96.626    311.093    318.896   -0.00352    7.38988   10.56088  321.95696   16.52534 4.6822e-02     0.1243     1.1774    74.5017 0.0000e+00
        514 126.564517    0.03563     2.1380    128.279     48.458  51188.662    31.6140     4.1222     48.000     4.1172    25.0821     7.1444    10.2102     96.673    311.265    319.072   -0.00256    7.39028   10.56146  321.97428   16.52616 4.5748e-02     0.1281     1.1583    74.8580 0.0000e+00
        519 126.564530    0.03594     2.1568    129.408     49.467  51190.761    31.6137     4.1167     49.000     4.1110    25.0823     7.1504    10.2187     96.741    311.525    319.338   -0.00156    7.39130   10.56290  322.01832   16.52825 4.5074e-02     0.1282     1.1489    75.0332 0.0000e+00
        523 126.564544    0.03627     2.1760    130.562     50.479  51192.958    31.6133     4.1114     50.000     4.1053    25.0827     7.1485    10.2159     96.702    311.440    319.252   -0.00146    7.39227   10.56429  322.06060   16.53027 4.4503e-02     0.1204     1.1362    75.2721 0.0000e+00
        528 126.564557    0.03659     2.1953    131.717     51.488  51201.936    31.6179     4.1069     51.000     4.1041    25.0867     7.1501    10.2182     96.716    311.509    319.323   -0.00107    7.39285   10.56513  322.08494   16.53141 4.4108e-02     0.1274     1.1311    75.3695 0.0000e+00
        532 126.564570    0.03691     2.2145    132.868     52.498  51201.576    31.6175     4.1081     52.000     4.1027    25.0862     7.1327    10.1933     96.483    310.750    318.545   -0.00194    7.39265   10.56484  322.07619   16.53099 4.3710e-02     0.1160     1.1289    75.4114 0.0000e+00
        537 126.564584    0.03723     2.2340    134.039     53.508  51197.226    31.6121     4.1002     53.000     4.0890    25.0827     7.1415    10.2060     96.581    311.136    318.941   -0.00106    7.39435   10.56726  322.15120   16.53459 4.3394e-02     0.1201     1.1216    75.5478 0.0000e+00
