CTD-processing/allCTD/CNV/2021_10-04_ab_s11_cast179_4141.cnv
* Sea-Bird SBE19plus Data File:
* FileName = C:\Users\steve\Desktop\GWA\CTD\2021_10-04_AB\2021_10-04_AB_S0_cast179.hex
* Software Version 1.59
* Temperature SN =  4141
* Conductivity SN =  4141
* System UpLoad Time = Oct 07 2021 15:30:52
** Cook Inlet LTM AB
** Date: 10-05-2021
** Station:S11
** Start Time (AKDT):11:51
** Depth (m):57
** Comment:
** Comment:
# nquan = 27
# nvalues = 49                          
# units = specified
# name 0 = scan: Scan Count
# name 1 = timeJ: Julian Days
# name 2 = timeH: Time, Elapsed [hours]
# name 3 = timeM: Time, Elapsed [minutes]
# name 4 = timeS: Time, Elapsed [seconds]
# name 5 = prdM: Pressure, Strain Gauge [db]
# name 6 = specc: Specific Conductance [uS/cm]
# name 7 = sal00: Salinity, Practical [PSU]
# name 8 = tv290C: Temperature [ITS-90, deg C]
# name 9 = depSM: Depth [salt water, m], lat = 59.00
# name 10 = potemp090C: Potential Temperature [ITS-90, deg C]
# name 11 = sigma-é00: Density [sigma-theta, kg/m^3]
# name 12 = sbeox0ML/L: Oxygen, SBE 43 [ml/l]
# name 13 = sbeox0Mg/L: Oxygen, SBE 43 [mg/l]
# name 14 = sbeox0PS: Oxygen, SBE 43 [% saturation]
# name 15 = sbox0Mm/Kg: Oxygen, SBE 43 [umol/kg]
# name 16 = sbeox0Mm/L: Oxygen, SBE 43 [umol/l]
# name 17 = sbox0dV/dT: Oxygen, SBE 43 [dov/dt]
# name 18 = oxsolML/L: Oxygen Saturation, Garcia & Gordon [ml/l]
# name 19 = oxsolMg/L: Oxygen Saturation, Garcia & Gordon [mg/l]
# name 20 = oxsolMm/Kg: Oxygen Saturation, Garcia & Gordon [umol/kg]
# name 21 = n2satMg/L: Nitrogen Saturation [mg/l]
# name 22 = par: PAR/Irradiance, Biospherical/Licor
# name 23 = wetStar: Fluorescence, WET Labs WETstar [mg/m^3]
# name 24 = CStarAt0: Beam Attenuation, WET Labs C-Star [1/m]
# name 25 = CStarTr0: Beam Transmission, WET Labs C-Star [%]
# name 26 = flag: flag
# span 0 =        312,        544       
# span 1 = 277.494905, 277.495576       
# span 2 =    0.02162,    0.03770       
# span 3 =     1.2968,     2.2621       
# span 4 =     77.808,    135.727       
# span 5 =      1.019,     49.460       
# span 6 =  47734.116,  48786.994       
# span 7 =    30.0806,    30.8546       
# span 8 =     8.6201,     9.4664       
# span 9 =      1.000,     49.000       
# span 10 =     8.6617,     9.4644      
# span 11 =    23.3249,    23.8686      
# span 12 =     5.5783,     6.4945      
# span 13 =     7.9719,     9.2813      
# span 14 =     84.685,     97.363      
# span 15 =    243.357,    283.390      
# span 16 =    249.124,    290.044      
# span 17 =   -0.01574,    0.00739      
# span 18 =    6.56845,    6.71991      
# span 19 =    9.38697,    9.60343      
# span 20 =  286.56339,  293.27081      
# span 21 =   14.84169,   15.16467      
# span 22 = 5.7101e-02, 6.4852e+01      
# span 23 =     0.1181,     3.4377      
# span 24 =     0.5351,     0.8671      
# span 25 =    80.5119,    87.4786      
# span 26 = 0.0000e+00, 0.0000e+00      
# interval = meters: 1                  
# start_time = Oct 04 2021 11:51:22 [Instrument's time stamp, header]
# bad_flag = -9.990e-29
*END*
        312 277.494905    0.02162     1.2968     77.808      1.019  47734.116    30.0806     8.6201      1.000     8.6617    23.3249     6.4422     9.2064     95.866    281.148    287.706    0.00137    6.71991    9.60343  293.27081   15.16467 4.5730e+01     1.9490     0.8429    81.0003 0.0000e+00
        317 277.494919    0.02193     1.3160     78.961      2.020  47946.933    30.2408     8.7060      2.000     8.7589    23.4376     6.4803     9.2609     96.720    282.781    289.408    0.00557    6.70001    9.57498  292.36995   15.12098 3.8552e+01     1.3454     0.7954    81.9686 0.0000e+00
        321 277.494932    0.02224     1.3348     80.086      3.026  48040.360    30.3268     8.8595      3.000     8.9192    23.4823     6.4945     9.2813     97.321    283.390    290.044    0.00739    6.67328    9.53678  291.19078   15.06430 4.5494e+01     1.2758     0.7396    83.1196 0.0000e+00
        326 277.494945    0.02257     1.3544     81.263      4.039  48002.843    30.3166     8.9797      4.000     9.0076    23.4563     6.4803     9.2610     97.363    282.776    289.409    0.00599    6.65579    9.51180  290.43507   15.02824 6.4852e+01     2.0052     0.6991    83.9658 0.0000e+00
        331 277.494959    0.02290     1.3739     82.432      5.046  47975.728    30.3032     9.0244      5.000     9.0340    23.4393     6.4042     9.1522     96.307    279.460    286.010   -0.00156    6.64972    9.50312  290.17526   15.01588 6.4095e+01     2.5319     0.6798    84.3705 0.0000e+00
        336 277.494973    0.02323     1.3939     83.635      6.058  47985.601    30.3128     9.0469      6.000     9.0556    23.4433     6.3217     9.0344     95.122    275.863    282.330   -0.00801    6.64597    9.49776  290.01036   15.00797 5.5020e+01     3.1982     0.6734    84.5071 0.0000e+00
        340 277.494987    0.02356     1.4138     84.829      7.067  47994.224    30.3215     9.0700      7.000     9.0784    23.4467     6.2844     8.9811     94.613    274.233    280.663   -0.00877    6.64218    9.49234  289.84378   14.99997 4.2443e+01     3.4377     0.6682    84.6153 0.0000e+00
        345 277.495000    0.02389     1.4331     85.988      8.075  48005.965    30.3323     9.0917      8.000     9.0985    23.4518     6.2740     8.9661     94.509    273.775    280.196   -0.00669    6.63851    9.48710  289.68237   14.99221 3.4375e+01     2.9713     0.6726    84.5230 0.0000e+00
        350 277.495013    0.02421     1.4521     87.125      9.086  48004.750    30.3327     9.1045      9.000     9.1080    23.4502     6.2419     8.9202     94.051    272.373    278.760   -0.00736    6.63660    9.48436  289.59940   14.98825 2.7029e+01     3.0183     0.6756    84.4601 0.0000e+00
        354 277.495026    0.02452     1.4714     88.283     10.094  48005.653    30.3341     9.1137     10.000     9.1145    23.4499     6.2257     8.8972     93.829    271.669    278.039   -0.00655    6.63518    9.48234  289.53766   14.98529 2.1464e+01     3.0443     0.6765    84.4396 0.0000e+00
        359 277.495040    0.02485     1.4911     89.467     11.105  48008.936    30.3366     9.1181     11.000     9.1192    23.4512     6.2175     8.8855     93.716    271.312    277.674   -0.00524    6.63443    9.48126  289.50440   14.98369 1.6887e+01     3.1376     0.6757    84.4577 0.0000e+00
        363 277.495053    0.02517     1.5103     90.616     12.114  48012.241    30.3392     9.1237     12.000     9.1243    23.4524     6.2040     8.8661     93.526    270.721    277.070   -0.00480    6.63348    9.47991  289.46282   14.98170 1.3361e+01     2.9640     0.6689    84.6016 0.0000e+00
        368 277.495067    0.02549     1.5293     91.758     13.122  48008.530    30.3364     9.1253     13.000     9.1235    23.4500     6.2066     8.8698     93.567    270.836    277.187   -0.00335    6.63337    9.47974  289.45822   14.98149 1.0689e+01     3.0555     0.6711    84.5536 0.0000e+00
        373 277.495080    0.02581     1.5491     92.944     14.131  48004.322    30.3328     9.1236     14.000     9.1181    23.4474     6.2094     8.8739     93.603    270.959    277.312   -0.00211    6.63377    9.48032  289.47667   14.98238 8.4799e+00     3.1425     0.6742    84.4892 0.0000e+00
        378 277.495095    0.02616     1.5696     94.174     15.145  48009.362    30.3345     9.1136     15.000     9.1113    23.4504     6.2016     8.8627     93.466    270.618    276.964   -0.00230    6.63518    9.48234  289.53737   14.98528 6.7527e+00     2.9102     0.6741    84.4906 0.0000e+00
        382 277.495108    0.02647     1.5884     95.302     16.149  48007.781    30.3329     9.1127     16.000     9.1076    23.4493     6.2047     8.8672     93.510    270.755    277.104   -0.00149    6.63538    9.48262  289.54618   14.98570 5.3631e+00     3.0114     0.6764    84.4429 0.0000e+00
        387 277.495122    0.02681     1.6082     96.494     17.163  48002.486    30.3273     9.1013     17.000     9.0918    23.4466     6.2174     8.8853     93.675    271.310    277.672   -0.00018    6.63730    9.48537  289.63110   14.98978 4.2918e+00     3.0412     0.6913    84.1305 0.0000e+00
        392 277.495135    0.02712     1.6276     97.655     18.170  48054.321    30.3615     9.0897     18.000     9.1066    23.4751     6.2202     8.8893     93.712    271.422    277.793    0.00002    6.63756    9.48574  289.63419   14.98979 3.4197e+00     2.7564     0.7074    83.7901 0.0000e+00
        396 277.495148    0.02745     1.6471     98.827     19.181  48124.370    30.4192     9.1570     19.000     9.1885    23.5100     6.2263     8.8979     93.979    271.676    278.063    0.00137    6.62515    9.46800  289.08277   14.96321 2.7368e+00     2.7647     0.6693    84.5920 0.0000e+00
        401 277.495162    0.02779     1.6672    100.032     20.189  48057.080    30.3781     9.2056     20.000     9.1954    23.4706     6.2098     8.8745     93.808    270.972    277.332    0.00050    6.61975    9.46028  288.85821   14.95264 2.2269e+00     3.0012     0.6612    84.7648 0.0000e+00
        406 277.495177    0.02812     1.6874    101.243     21.198  48052.517    30.3709     9.1785     21.000     9.1654    23.4690     6.1318     8.7630     92.569    267.567    273.846   -0.00662    6.62404    9.46641  289.04597   14.96164 1.7936e+00     2.4407     0.6893    84.1713 0.0000e+00
        411 277.495191    0.02847     1.7082    102.494     22.212  48083.122    30.3896     9.1613     22.000     9.1616    23.4863     6.0743     8.6807     91.676    265.051    271.276   -0.00975    6.62577    9.46890  289.11703   14.96496 1.4496e+00     2.2780     0.7046    83.8484 0.0000e+00
        416 277.495205    0.02880     1.7280    103.681     23.215  48110.678    30.4111     9.1813     23.000     9.1935    23.5001     6.0529     8.6502     91.407    264.116    270.322   -0.00848    6.62191    9.46338  288.94437   14.95663 1.1724e+00     2.1377     0.6991    83.9643 0.0000e+00
        421 277.495221    0.02918     1.7508    105.048     24.229  48067.515    30.3827     9.1976     24.000     9.1865    23.4753     6.0469     8.6417     91.333    263.861    270.056   -0.00591    6.62073    9.46169  288.89988   14.95462 9.4776e-01     2.2900     0.7008    83.9293 0.0000e+00
        427 277.495236    0.02955     1.7734    106.406     25.237  48162.993    30.4518     9.2176     25.000     9.2504    23.5263     6.0333     8.6223     91.210    263.257    269.450   -0.00475    6.61483    9.45326  288.62803   14.94134 7.6594e-01     2.0069     0.6949    84.0525 0.0000e+00
        432 277.495252    0.02993     1.7960    107.762     26.249  48149.211    30.4535     9.3063     26.000     9.3159    23.5140     6.0391     8.6306     91.478    263.514    269.710   -0.00158    6.60174    9.43455  288.06035   14.91420 6.2202e-01     1.9896     0.6601    84.7875 0.0000e+00
        437 277.495267    0.03030     1.8179    109.077     27.257  48232.808    30.5114     9.3047     27.000     9.2880    23.5595     6.0105     8.5896     91.075    262.249    268.428   -0.00306    6.59951    9.43136  287.95017   14.90870 5.1735e-01     2.0749     0.6989    83.9736 0.0000e+00
        442 277.495282    0.03065     1.8392    110.353     28.265  48329.121    30.5752     9.2799     28.000     9.2779    23.6132     5.9410     8.4903     90.009    259.205    265.325   -0.00797    6.60043    9.43267  287.97518   14.90964 4.2322e-01     1.8192     0.7857    82.1678 0.0000e+00
        447 277.495296    0.03099     1.8597    111.584     29.275  48360.731    30.5970     9.2805     29.000     9.2778    23.6302     5.8419     8.3487     88.522    254.878    260.900   -0.01377    6.59941    9.43122  287.92614   14.90720 3.4969e-01     1.0641     0.8059    81.7536 0.0000e+00
        452 277.495311    0.03135     1.8807    112.840     30.284  48399.920    30.6254     9.2906     30.000     9.2994    23.6509     5.7668     8.2414     87.420    251.597    257.548   -0.01574    6.59673    9.42738  287.80311   14.90120 2.8988e-01     1.0263     0.8054    81.7619 0.0000e+00
        458 277.495326    0.03171     1.9021    114.127     31.298  48429.576    30.6507     9.3275     31.000     9.3389    23.6649     5.7336     8.1939     87.001    250.143    256.062   -0.01304    6.59025    9.41813  287.51669   14.88742 2.4104e-01     0.7539     0.7757    82.3730 0.0000e+00
        462 277.495339    0.03202     1.9211    115.265     32.302  48430.596    30.6548     9.3564     32.000     9.3614    23.6637     5.7136     8.1653     86.756    249.270    255.169   -0.01049    6.58585    9.41184  287.32512   14.87824 2.0456e-01     0.6700     0.7420    83.0686 0.0000e+00
        467 277.495353    0.03236     1.9418    116.510     33.316  48434.067    30.6594     9.3755     33.000     9.3791    23.6643     5.6834     8.1222     86.336    247.953    253.821   -0.00954    6.58287    9.40758  287.19478   14.87199 1.7560e-01     0.4918     0.7151    83.6299 0.0000e+00
        472 277.495367    0.03270     1.9619    117.712     34.323  48468.366    30.6865     9.4022     34.000     9.4157    23.6814     5.6650     8.0958     86.122    247.145    252.998   -0.00791    6.57783    9.40039  286.97031   14.86115 1.5249e-01     0.5369     0.6933    84.0861 0.0000e+00
        477 277.495381    0.03304     1.9824    118.942     35.337  48457.592    30.6832     9.4374     35.000     9.4412    23.6733     5.6532     8.0791     86.008    246.634    252.472   -0.00595    6.57286    9.39326  286.75514   14.85087 1.3340e-01     0.4782     0.6722    84.5321 0.0000e+00
        481 277.495394    0.03334     2.0008    120.049     36.339  48455.954    30.6836     9.4521     36.000     9.4537    23.6713     5.6227     8.0353     85.571    245.301    251.107   -0.00671    6.57070    9.39020  286.66209   14.84642 1.1907e-01     0.4070     0.6530    84.9376 0.0000e+00
        486 277.495409    0.03369     2.0217    121.301     37.357  48459.932    30.6878     9.4664     37.000     9.4644    23.6725     5.6039     8.0086     85.315    244.482    250.270   -0.00614    6.56845    9.38697  286.56339   14.84169 1.0690e-01     0.3841     0.6361    85.2988 0.0000e+00
        491 277.495422    0.03401     2.0406    122.437     38.360  48456.743    30.6850     9.4651     38.000     9.4552    23.6704     5.5943     7.9949     85.166    244.067    249.844   -0.00517    6.56875    9.38741  286.57719   14.84236 9.7350e-02     0.3649     0.6240    85.5563 0.0000e+00
        496 277.495436    0.03435     2.0611    123.665     39.374  48449.743    30.6764     9.4403     39.000     9.4038    23.6676     5.5813     7.9762     84.917    243.500    249.262   -0.00503    6.57272    9.39308  286.75112   14.85071 8.9461e-02     0.3940     0.6042    85.9804 0.0000e+00
        501 277.495450    0.03469     2.0813    124.880     40.382  48495.949    30.6947     9.3367     40.000     9.2897    23.6980     5.5783     7.9719     84.685    243.357    249.124   -0.00483    6.58705    9.41355  287.36758   14.88010 8.3418e-02     0.3356     0.5992    86.0876 0.0000e+00
        505 277.495464    0.03502     2.1012    126.072     41.386  48575.712    30.7391     9.2542     41.000     9.2328    23.7455     5.5903     7.9891     84.737    243.872    249.663   -0.00339    6.59722    9.42809  287.79802   14.90050 7.8768e-02     0.2351     0.5914    86.2564 0.0000e+00
        510 277.495479    0.03538     2.1227    127.360     42.406  48610.421    30.7584     9.2201     42.000     9.2086    23.7658     5.6329     8.0501     85.330    245.727    251.567    0.00096    6.60139    9.43406  287.97450   14.90886 7.4580e-02     0.1855     0.5843    86.4106 0.0000e+00
        515 277.495492    0.03569     2.1413    128.478     43.406  48628.452    30.7680     9.2007     43.000     9.1856    23.7763     5.6595     8.0880     85.701    246.885    252.754    0.00277    6.60383    9.43753  288.07758   14.91375 7.1275e-02     0.1735     0.5619    86.8944 0.0000e+00
        520 277.495506    0.03604     2.1622    129.734     44.423  48650.729    30.7799     9.1762     44.000     9.1619    23.7894     5.6794     8.1165     85.962    247.751    253.645    0.00326    6.60692    9.44195  288.20877   14.91997 6.8404e-02     0.1708     0.5351    87.4786 0.0000e+00
        525 277.495520    0.03636     2.1818    130.909     45.427  48674.656    30.7919     9.1440     45.000     9.1180    23.8037     5.6889     8.1301     86.051    248.160    254.067    0.00275    6.61114    9.44799  288.38905   14.92854 6.5327e-02     0.1398     0.5636    86.8603 0.0000e+00
        530 277.495534    0.03671     2.2023    132.137     46.444  48726.649    30.8214     9.0965     46.000     9.0834    23.8340     5.6935     8.1366     86.045    248.353    254.272    0.00172    6.61687    9.45616  288.63018   14.93993 6.3976e-02     0.1253     0.6585    84.8220 0.0000e+00
        534 277.495547    0.03700     2.2203    133.219     47.446  48743.739    30.8302     9.0766     47.000     9.0584    23.8440     5.6853     8.1249     85.888    247.993    253.906    0.00044    6.61943    9.45984  288.73931   14.94512 6.1852e-02     0.1181     0.7282    83.3561 0.0000e+00
        539 277.495560    0.03734     2.2405    134.432     48.458  48775.775    30.8484     9.0488     48.000     9.0387    23.8624     5.6673     8.0992     85.574    247.206    253.104   -0.00156    6.62276    9.46458  288.87901   14.95172 5.9849e-02     0.1190     0.8120    81.6312 0.0000e+00
        544 277.495576    0.03770     2.2621    135.727     49.460  48786.994    30.8546     9.0401     49.000     9.0344    23.8686     5.6566     8.0839     85.399    246.734    252.623   -0.00212    6.62377    9.46603  288.92137   14.95372 5.7101e-02     0.1238     0.8671    80.5119 0.0000e+00
