CTD-processing/allCTD/CNV/2021_08-17_ab_s11_cast144_4141.cnv
* Sea-Bird SBE19plus Data File:
* FileName = C:\Users\steve\Desktop\GWA\CTD\2021_08-17_AB\2021_08-17_AB_S0_cast144.hex
* Software Version 1.59
* Temperature SN =  4141
* Conductivity SN =  4141
* System UpLoad Time = Aug 18 2021 09:48:19
** Cook Inlet LTM AlongBay
** Date: 08-17-2021
** Station:S11
** Start Time (AKDT):13:45
** Depth (m):57
** Comment:
** Comment:
# nquan = 27
# nvalues = 49                          
# units = specified
# name 0 = scan: Scan Count
# name 1 = timeJ: Julian Days
# name 2 = timeH: Time, Elapsed [hours]
# name 3 = timeM: Time, Elapsed [minutes]
# name 4 = timeS: Time, Elapsed [seconds]
# name 5 = prdM: Pressure, Strain Gauge [db]
# name 6 = specc: Specific Conductance [uS/cm]
# name 7 = sal00: Salinity, Practical [PSU]
# name 8 = tv290C: Temperature [ITS-90, deg C]
# name 9 = depSM: Depth [salt water, m], lat = 59.00
# name 10 = potemp090C: Potential Temperature [ITS-90, deg C]
# name 11 = sigma-é00: Density [sigma-theta, kg/m^3]
# name 12 = sbeox0ML/L: Oxygen, SBE 43 [ml/l]
# name 13 = sbeox0Mg/L: Oxygen, SBE 43 [mg/l]
# name 14 = sbeox0PS: Oxygen, SBE 43 [% saturation]
# name 15 = sbox0Mm/Kg: Oxygen, SBE 43 [umol/kg]
# name 16 = sbeox0Mm/L: Oxygen, SBE 43 [umol/l]
# name 17 = sbox0dV/dT: Oxygen, SBE 43 [dov/dt]
# name 18 = oxsolML/L: Oxygen Saturation, Garcia & Gordon [ml/l]
# name 19 = oxsolMg/L: Oxygen Saturation, Garcia & Gordon [mg/l]
# name 20 = oxsolMm/Kg: Oxygen Saturation, Garcia & Gordon [umol/kg]
# name 21 = n2satMg/L: Nitrogen Saturation [mg/l]
# name 22 = par: PAR/Irradiance, Biospherical/Licor
# name 23 = wetStar: Fluorescence, WET Labs WETstar [mg/m^3]
# name 24 = CStarAt0: Beam Attenuation, WET Labs C-Star [1/m]
# name 25 = CStarTr0: Beam Transmission, WET Labs C-Star [%]
# name 26 = flag: flag
# span 0 =        280,        505       
# span 1 = 229.573827, 229.574480       
# span 2 =    0.01936,    0.03503       
# span 3 =     1.1616,     2.1015       
# span 4 =     69.698,    126.092       
# span 5 =      1.010,     49.448       
# span 6 =  37765.650,  49226.426       
# span 7 =    23.5415,    31.1904       
# span 8 =     9.2247,    12.4404       
# span 9 =      1.000,     49.000       
# span 10 =     9.2148,    12.4177      
# span 11 =    17.6768,    24.1013      
# span 12 =     5.8474,     7.0441      
# span 13 =     8.3565,    10.0667      
# span 14 =     88.833,    110.041      
# span 15 =    254.998,    307.510      
# span 16 =    261.145,    314.589      
# span 17 =   -0.02617,    0.02014      
# span 18 =    6.33583,    6.58244      
# span 19 =    9.05454,    9.40697      
# span 20 =  277.11780,  287.05336      
# span 21 =   14.40106,   14.86308      
# span 22 = 6.2653e-02, 8.1924e+01      
# span 23 =     0.2121,     5.9611      
# span 24 =     0.3493,     3.1534      
# span 25 =    45.4643,    91.6401      
# span 26 = 0.0000e+00, 0.0000e+00      
# interval = meters: 1                  
# start_time = Aug 17 2021 13:45:09 [Instrument's time stamp, header]
# bad_flag = -9.990e-29
*END*
        280 229.573827    0.01936     1.1616     69.698      1.010  37765.650    23.5415    12.1889      1.000    12.2554    17.6768     6.8311     9.7623    105.449    299.779    305.078    0.01874    6.47814    9.25791  284.28847   14.76236 8.1924e+01     0.9592     3.1534    45.4643 0.0000e+00
        285 229.573841    0.01969     1.1815     70.891      2.020  38992.411    24.3973    12.3654      2.000    12.4177    18.3079     6.7889     9.7019    105.759    297.738    303.189    0.01413    6.41913    9.17357  281.52399   14.62641 4.7886e+01     1.0397     2.1627    58.2660 0.0000e+00
        289 229.573854    0.02001     1.2006     72.037      3.029  41542.001    26.1697    12.4404      3.000    12.3226    19.6649     6.7519     9.6492    106.530    295.725    301.541    0.01421    6.33807    9.05774  277.60012   14.43113 3.1376e+01     1.1294     1.7058    65.3104 0.0000e+00
        294 229.573868    0.02032     1.2191     73.144      4.038  44053.714    27.8803    11.9510      4.000    11.6289    21.0753     6.7317     9.6203    106.249    294.433    300.638    0.00881    6.33583    9.05454  277.11780   14.40106 2.4770e+01     1.3769     1.3591    71.2064 0.0000e+00
        298 229.573880    0.02062     1.2374     74.242      5.047  45567.976    28.8904    11.3976      5.000    11.2083    21.9551     6.7762     9.6839    106.367    296.122    302.623    0.00406    6.37047    9.10404  278.39301   14.45805 2.0543e+01     2.0550     1.1283    75.4261 0.0000e+00
        302 229.573893    0.02092     1.2556     75.338      6.056  46748.005    29.6801    11.0119      6.000    10.9239    22.6346     6.9821     9.9782    109.241    304.919    311.822    0.02014    6.39146    9.13404  279.12479   14.48989 1.6560e+01     2.8456     1.0433    77.0508 0.0000e+00
        307 229.573906    0.02124     1.2743     76.459      7.066  47418.914    30.1299    10.8078      7.000    10.6987    23.0189     7.0441    10.0667    110.041    307.510    314.589    0.01987    6.40137    9.14819  279.45236   14.50376 1.3049e+01     4.3608     0.8825    80.2088 0.0000e+00
        311 229.573919    0.02156     1.2934     77.602      8.075  47848.842    30.4068    10.5798      8.000    10.5152    23.2727     6.9272     9.8997    107.872    302.332    309.368    0.00122    6.42172    9.17729  280.27158   14.54185 1.0661e+01     5.9611     0.7271    83.3816 0.0000e+00
        316 229.573932    0.02188     1.3129     78.771      9.085  48071.429    30.5466    10.4365      9.000    10.3757    23.4055     6.7414     9.6342    104.746    294.188    301.073   -0.01780    6.43599    9.19767  280.85781   14.56934 8.9363e+00     4.7228     0.6375    85.2694 0.0000e+00
        321 229.573947    0.02222     1.3331     79.986     10.095  48263.248    30.6662    10.3079     10.000    10.2705    23.5199     6.6044     9.4384    102.409    288.176    294.954   -0.02617    6.44910    9.21642  281.39856   14.59474 7.5903e+00     3.5722     0.5536    87.0770 0.0000e+00
        326 229.573961    0.02257     1.3539     81.236     11.105  48415.601    30.7623    10.2180     11.000    10.1884    23.6097     6.5415     9.3484    101.297    285.405    292.144   -0.02420    6.45779    9.22883  281.75278   14.61130 6.5428e+00     2.6654     0.4946    88.3685 0.0000e+00
        331 229.573975    0.02291     1.3744     82.461     12.114  48504.745    30.8182    10.1641     12.000    10.1493    23.6620     6.5061     9.2979    100.665    283.846    290.562   -0.02037    6.46309    9.23640  281.96974   14.62145 5.7110e+00     2.0526     0.4616    89.1008 0.0000e+00
        336 229.573989    0.02323     1.3941     83.645     13.123  48508.830    30.8168    10.1330     13.000    10.0986    23.6661     6.5187     9.3160    100.792    284.398    291.127   -0.01323    6.46753    9.24275  282.16224   14.63067 5.0095e+00     1.4812     0.4432    89.5113 0.0000e+00
        340 229.574003    0.02356     1.4137     84.820     14.133  48594.158    30.8649    10.0387     14.000    10.0053    23.7190     6.5259     9.3262    100.726    284.694    291.447   -0.00930    6.47889    9.25898  282.64306   14.65348 4.3959e+00     1.2502     0.4410    89.5606 0.0000e+00
        345 229.574016    0.02388     1.4330     85.980     15.142  48680.081    30.9193     9.9926     15.000     9.9847    23.7689     6.4891     9.2736    100.091    283.076    289.804   -0.01003    6.48318    9.26511  282.81649   14.66155 3.8674e+00     1.0925     0.4366    89.6600 0.0000e+00
        350 229.574030    0.02421     1.4523     87.141     16.152  48692.111    30.9246     9.9705     16.000     9.9421    23.7766     6.4424     9.2069     99.327    281.037    287.719   -0.01158    6.48608    9.26927  282.94123   14.66750 3.4127e+00     0.9162     0.4202    90.0273 0.0000e+00
        354 229.574042    0.02452     1.4716     88.293     17.161  48746.197    30.9549     9.9121     17.000     9.8925    23.8097     6.4331     9.1935     99.075    280.618    287.300   -0.00976    6.49314    9.27935  283.23975   14.68166 3.0185e+00     0.7510     0.4255    89.9073 0.0000e+00
        359 229.574056    0.02484     1.4904     89.422     18.171  48786.597    30.9788     9.8795     18.000     9.8665    23.8337     6.4238     9.1803     98.878    280.212    286.890   -0.00789    6.49678    9.28455  283.39180   14.68883 2.6606e+00     0.6956     0.4416    89.5503 0.0000e+00
        363 229.574069    0.02516     1.5093     90.556     19.181  48805.729    30.9878     9.8470     19.000     9.8280    23.8459     6.4018     9.1489     98.474    279.248    285.906   -0.00789    6.50105    9.29065  283.57480   14.69755 2.3273e+00     0.5012     0.4313    89.7802 0.0000e+00
        368 229.574082    0.02547     1.5280     91.680     20.190  48861.101    31.0229     9.8204     20.000     9.8154    23.8776     6.3764     9.1126     98.049    278.131    284.772   -0.00809    6.50337    9.29396  283.66721   14.70183 1.9922e+00     0.3963     0.4336    89.7274 0.0000e+00
        372 229.574095    0.02577     1.5465     92.791     21.199  48859.096    31.0182     9.7974     21.000     9.7754    23.8776     6.3532     9.0793     97.638    277.117    283.733   -0.00818    6.50686    9.29895  283.81943   14.70913 1.7863e+00     0.3932     0.4438    89.5265 0.0000e+00
        377 229.574108    0.02609     1.5654     93.928     22.209  48896.694    31.0394     9.7603     22.000     9.7493    23.9002     6.3525     9.0784     97.562    277.080    283.703   -0.00642    6.51127    9.30525  284.00554   14.71795 1.6051e+00     0.3822     0.3584    91.4263 0.0000e+00
        381 229.574121    0.02641     1.5844     95.065     23.218  48915.553    31.0500     9.7423     23.000     9.7349    23.9112     6.3544     9.0811     97.558    277.161    283.788   -0.00447    6.51342    9.30833  284.09611   14.72223 1.4332e+00     0.2784     0.3613    91.3626 0.0000e+00
        386 229.574135    0.02673     1.6036     96.218     24.228  48922.421    31.0535     9.7356     24.000     9.7298    23.9151     6.3417     9.0630     97.352    276.608    283.223   -0.00434    6.51422    9.30947  284.13012   14.72385 1.2788e+00     0.3362     0.3739    91.0767 0.0000e+00
        390 229.574148    0.02704     1.6228     97.368     25.238  48930.401    31.0572     9.7240     25.000     9.7129    23.9199     6.3290     9.0449     97.135    276.053    282.656   -0.00434    6.51573    9.31163  284.19458   14.72692 1.1386e+00     0.2991     0.3495    91.6332 0.0000e+00
        395 229.574161    0.02737     1.6420     98.519     26.247  48938.812    31.0600     9.7037     26.000     9.6841    23.9254     6.3196     9.0313     96.948    275.637    282.232   -0.00419    6.51852    9.31562  284.31495   14.73266 1.0214e+00     0.2747     0.3493    91.6401 0.0000e+00
        400 229.574174    0.02769     1.6613     99.678     27.256  48959.465    31.0667     9.6461     27.000     9.6168    23.9397     6.3074     9.0138     96.642    275.100    281.686   -0.00461    6.52652    9.32704  284.65938   14.74911 9.1259e-01     0.3162     0.3857    90.8089 0.0000e+00
        404 229.574188    0.02802     1.6807    100.842     28.266  49002.371    31.0900     9.5971     28.000     9.5806    23.9657     6.2736     8.9655     96.035    273.619    280.177   -0.00671    6.53259    9.33573  284.91723   14.76134 8.0886e-01     0.2727     0.4435    89.5051 0.0000e+00
        409 229.574201    0.02834     1.7004    102.024     29.275  49022.781    31.0999     9.5665     29.000     9.5527    23.9783     6.2312     8.9050     95.329    271.770    278.286   -0.00873    6.53658    9.34143  285.08774   14.76946 7.1608e-01     0.2818     0.4495    89.3710 0.0000e+00
        414 229.574216    0.02868     1.7206    103.233     30.286  49035.174    31.1049     9.5414     30.000     9.5234    23.9862     6.2000     8.8605     94.802    270.407    276.894   -0.00917    6.53999    9.34630  285.23439   14.77645 6.3432e-01     0.2754     0.4378    89.6320 0.0000e+00
        419 229.574229    0.02900     1.7399    104.392     31.294  49024.406    31.0898     9.4879     31.000     9.4284    23.9829     6.1776     8.8284     94.338    269.428    275.890   -0.00893    6.54836    9.35826  285.60031   14.79401 5.5862e-01     0.2707     0.5069    88.1018 0.0000e+00
        423 229.574243    0.02932     1.7593    105.560     32.304  49124.562    31.1439     9.3693     32.000     9.3377    24.0438     6.1335     8.7655     93.453    267.492    273.923   -0.01115    6.56327    9.37957  286.23353   14.82407 4.8556e-01     0.3329     0.7027    83.8926 0.0000e+00
        428 229.574256    0.02965     1.7789    106.736     33.314  49168.776    31.1671     9.3144     33.000     9.2958    24.0704     6.0561     8.6547     92.173    264.105    270.462   -0.01487    6.57026    9.38957  286.53117   14.83820 4.1060e-01     0.2527     0.8252    81.3608 0.0000e+00
        433 229.574270    0.02997     1.7983    107.896     34.324  49194.047    31.1807     9.2873     34.000     9.2785    24.0853     5.9759     8.5402     90.908    260.609    266.885   -0.01782    6.57363    9.39438  286.67401   14.84497 3.4443e-01     0.2312     0.9150    79.5551 0.0000e+00
        437 229.574283    0.03029     1.8171    109.028     35.332  49201.603    31.1842     9.2768     35.000     9.2698    24.0897     5.9400     8.4888     90.342    259.040    265.280   -0.01603    6.57502    9.39636  286.73311   14.84778 2.8667e-01     0.2193     0.9102    79.6474 0.0000e+00
        442 229.574296    0.03060     1.8363    110.176     36.343  49206.592    31.1865     9.2705     36.000     9.2649    24.0924     5.9221     8.4633     90.058    258.260    264.482   -0.01291    6.57584    9.39754  286.76821   14.84945 2.3989e-01     0.2280     0.8880    80.0918 0.0000e+00
        446 229.574309    0.03092     1.8553    111.318     37.352  49208.456    31.1868     9.2668     37.000     9.2612    24.0933     5.9141     8.4519     89.930    257.910    264.123   -0.00992    6.57636    9.39828  286.79040   14.85051 2.0182e-01     0.2253     0.8877    80.0975 0.0000e+00
        451 229.574323    0.03124     1.8746    112.475     38.362  49211.567    31.1881     9.2631     38.000     9.2577    24.0948     5.9048     8.4386     89.782    257.506    263.710   -0.00783    6.57686    9.39899  286.81186   14.85153 1.7084e-01     0.2337     0.8994    79.8628 0.0000e+00
        456 229.574336    0.03158     1.8944    113.661     39.371  49212.644    31.1879     9.2598     39.000     9.2541    24.0953     5.8984     8.4294     89.678    257.224    263.422   -0.00610    6.57734    9.39967  286.83260   14.85253 1.4586e-01     0.2174     0.9228    79.3990 0.0000e+00
        461 229.574351    0.03191     1.9146    114.878     40.382  49215.647    31.1891     9.2562     40.000     9.2510    24.0968     5.8932     8.4219     89.591    256.995    263.188   -0.00471    6.57781    9.40034  286.85270   14.85348 1.2564e-01     0.2121     0.9439    78.9795 0.0000e+00
        465 229.574365    0.03225     1.9353    116.117     41.391  49217.484    31.1897     9.2543     41.000     9.2492    24.0976     5.8879     8.4144     89.508    256.766    262.954   -0.00374    6.57807    9.40072  286.86376   14.85401 1.0990e-01     0.2351     0.9493    78.8721 0.0000e+00
        471 229.574380    0.03261     1.9567    117.405     42.400  49218.870    31.1900     9.2523     42.000     9.2474    24.0981     5.8831     8.4075     89.431    256.554    262.736   -0.00299    6.57834    9.40110  286.87547   14.85457 9.8341e-02     0.2404     0.9607    78.6497 0.0000e+00
        476 229.574395    0.03299     1.9794    118.767     43.411  49219.680    31.1899     9.2510     43.000     9.2455    24.0983     5.8706     8.3898     89.239    256.013    262.182   -0.00305    6.57854    9.40139  286.88424   14.85498 8.7643e-02     0.2305     0.9693    78.4808 0.0000e+00
        481 229.574411    0.03335     2.0010    120.060     44.420  49221.061    31.1901     9.2484     44.000     9.2430    24.0989     5.8652     8.3819     89.151    255.774    261.938   -0.00266    6.57890    9.40191  286.89982   14.85573 8.2060e-02     0.2331     0.9849    78.1755 0.0000e+00
        486 229.574425    0.03369     2.0217    121.300     45.431  49222.324    31.1904     9.2468     45.000     9.2416    24.0993     5.8633     8.3793     89.121    255.695    261.857   -0.00204    6.57913    9.40223  286.90948   14.85619 7.5710e-02     0.2237     1.0019    77.8425 0.0000e+00
        491 229.574439    0.03403     2.0418    122.506     46.439  49222.657    31.1900     9.2454     46.000     9.2394    24.0992     5.8624     8.3779     89.102    255.652    261.813   -0.00154    6.57935    9.40255  286.91917   14.85666 7.0655e-02     0.2154     1.0140    77.6074 0.0000e+00
        496 229.574452    0.03436     2.0616    123.697     47.448  49222.898    31.1893     9.2421     47.000     9.2351    24.0992     5.8546     8.3669     88.978    255.316    261.469   -0.00184    6.57986    9.40328  286.94137   14.85772 6.7803e-02     0.2214     1.0359    77.1847 0.0000e+00
        501 229.574467    0.03469     2.0816    124.897     48.459  49221.671    31.1871     9.2358     48.000     9.2260    24.0985     5.8547     8.3670     88.966    255.320    261.473   -0.00141    6.58087    9.40473  286.98593   14.85986 6.4919e-02     0.2357     1.0552    76.8127 0.0000e+00
        505 229.574480    0.03503     2.1015    126.092     49.448  49226.426    31.1885     9.2247     49.000     9.2148    24.1013     5.8474     8.3565     88.833    254.998    261.145   -0.00165    6.58244    9.40697  287.05336   14.86308 6.2653e-02     0.2284     1.0957    76.0382 0.0000e+00
