CTD-processing/allCTD/CNV/2021_05-23_t9_s03_cast056_4141.cnv
* Sea-Bird SBE19plus Data File:
* FileName = C:\Users\steve\Desktop\GWA\CTD\2021_05-23_T9\2021_05-23_T9_S0_cast056.hex
* Software Version 1.59
* Temperature SN =  4141
* Conductivity SN =  4141
* System UpLoad Time = May 24 2021 14:34:22
** Cook Inlet LTM T9
** Date: 05-23-2021
** Station:S03
** Start Time (AKDT):15:05
** Depth (m):95
** Comment:
** Comment:
# nquan = 27
# nvalues = 89                          
# units = specified
# name 0 = scan: Scan Count
# name 1 = timeJ: Julian Days
# name 2 = timeH: Time, Elapsed [hours]
# name 3 = timeM: Time, Elapsed [minutes]
# name 4 = timeS: Time, Elapsed [seconds]
# name 5 = prdM: Pressure, Strain Gauge [db]
# name 6 = specc: Specific Conductance [uS/cm]
# name 7 = sal00: Salinity, Practical [PSU]
# name 8 = tv290C: Temperature [ITS-90, deg C]
# name 9 = depSM: Depth [salt water, m], lat = 59.00
# name 10 = potemp090C: Potential Temperature [ITS-90, deg C]
# name 11 = sigma-é00: Density [sigma-theta, kg/m^3]
# name 12 = sbeox0ML/L: Oxygen, SBE 43 [ml/l]
# name 13 = sbeox0Mg/L: Oxygen, SBE 43 [mg/l]
# name 14 = sbeox0PS: Oxygen, SBE 43 [% saturation]
# name 15 = sbox0Mm/Kg: Oxygen, SBE 43 [umol/kg]
# name 16 = sbeox0Mm/L: Oxygen, SBE 43 [umol/l]
# name 17 = sbox0dV/dT: Oxygen, SBE 43 [dov/dt]
# name 18 = oxsolML/L: Oxygen Saturation, Garcia & Gordon [ml/l]
# name 19 = oxsolMg/L: Oxygen Saturation, Garcia & Gordon [mg/l]
# name 20 = oxsolMm/Kg: Oxygen Saturation, Garcia & Gordon [umol/kg]
# name 21 = n2satMg/L: Nitrogen Saturation [mg/l]
# name 22 = par: PAR/Irradiance, Biospherical/Licor
# name 23 = wetStar: Fluorescence, WET Labs WETstar [mg/m^3]
# name 24 = CStarAt0: Beam Attenuation, WET Labs C-Star [1/m]
# name 25 = CStarTr0: Beam Transmission, WET Labs C-Star [%]
# name 26 = flag: flag
# span 0 =        261,        664       
# span 1 = 126.629051, 126.630218       
# span 2 =    0.01805,    0.04605       
# span 3 =     1.0830,     2.7634       
# span 4 =     64.978,    165.802       
# span 5 =      1.022,     89.853       
# span 6 =  48695.339,  51320.547       
# span 7 =    30.4997,    31.7772       
# span 8 =     4.5090,     7.1877       
# span 9 =      1.000,     89.000       
# span 10 =     4.4988,     7.1884      
# span 11 =    23.8754,    25.1723      
# span 12 =     7.3020,     8.0732      
# span 13 =    10.4353,    11.5374      
# span 14 =     99.865,    116.639      
# span 15 =    318.102,    352.137      
# span 16 =    326.109,    360.550      
# span 17 =   -0.01861,    0.06948      
# span 18 =    6.92124,    7.31350      
# span 19 =    9.89113,   10.45172      
# span 20 =  301.88454,  318.60180      
# span 21 =   15.57372,   16.36509      
# span 22 = 4.4673e-02, 6.9781e+02      
# span 23 =     0.1862,     2.1784      
# span 24 =     0.6839,     1.1897      
# span 25 =    74.2736,    84.2842      
# span 26 = 0.0000e+00, 0.0000e+00      
# interval = meters: 1                  
# start_time = May 06 2021 15:04:45 [Instrument's time stamp, header]
# bad_flag = -9.990e-29
*END*
[from data line 54]
        506 126.629760    0.03508     2.1048    126.286     55.527  51238.650    31.7542     4.5950     55.000     4.6164    25.1460     7.3633    10.5230    100.878    320.779    328.846   -0.00099    7.29925   10.43136  317.98841   16.33598 4.6631e-02     0.3399     0.8421    81.0170 0.0000e+00
        510 126.629773    0.03538     2.1226    127.358     56.535  51188.991    31.7298     4.6398     56.000     4.6386    25.1220     7.3756    10.5405    101.139    321.321    329.394    0.00048    7.29257   10.42181  317.70481   16.32258 4.6276e-02     0.2780     0.8401    81.0574 0.0000e+00
        515 126.629785    0.03568     2.1408    128.447     57.549  51186.134    31.7277     4.6413     57.000     4.6392    25.1202     7.3770    10.5424    101.159    321.382    329.455    0.00053    7.29240   10.42157  317.69798   16.32227 4.6064e-02     0.3282     0.8472    80.9133 0.0000e+00
        519 126.629797    0.03596     2.1578    129.465     58.551  51188.378    31.7299     4.6466     58.000     4.6463    25.1214     7.3831    10.5512    101.258    321.649    329.729    0.00069    7.29138   10.42011  317.65312   16.32012 4.5871e-02     0.3731     0.8403    81.0522 0.0000e+00
        524 126.629811    0.03630     2.1777    130.664     59.569  51178.533    31.7245     4.6549     59.000     4.6490    25.1164     7.3894    10.5602    101.362    321.927    330.012    0.00104    7.29017   10.41838  317.60207   16.31772 4.5710e-02     0.2696     0.8309    81.2436 0.0000e+00
        528 126.629823    0.03660     2.1955    131.733     60.574  51183.459    31.7270     4.6533     60.000     4.6505    25.1185     7.3883    10.5586    101.344    321.878    329.962    0.00063    7.29032   10.41860  317.60796   16.31798 4.5530e-02     0.4767     0.8417    81.0245 0.0000e+00
        532 126.629836    0.03690     2.2140    132.841     61.584  51185.148    31.7286     4.6573     61.000     4.6538    25.1193     7.3890    10.5596    101.365    321.907    329.993    0.00049    7.28957   10.41752  317.57459   16.31639 4.5377e-02     0.4381     0.8398    81.0627 0.0000e+00
        537 126.629850    0.03722     2.2332    133.991     62.596  51175.865    31.7208     4.6531     62.000     4.6447    25.1135     7.3906    10.5620    101.370    321.979    330.065    0.00037    7.29068   10.41911  317.62491   16.31882 4.5295e-02     0.4952     0.8389    81.0818 0.0000e+00
        541 126.629862    0.03753     2.2516    135.094     63.603  51184.554    31.7250     4.6475     63.000     4.6425    25.1175     7.3855    10.5546    101.290    321.753    329.835   -0.00022    7.29145   10.42021  317.65735   16.32035 4.5177e-02     0.3666     0.8401    81.0570 0.0000e+00
        546 126.629875    0.03785     2.2706    136.233     64.617  51198.532    31.7340     4.6471     64.000     4.6468    25.1247     7.3885    10.5589    101.336    321.884    329.971   -0.00001    7.29109   10.41970  317.63947   16.31946 4.5181e-02     0.3313     0.8379    81.1016 0.0000e+00
        550 126.629887    0.03813     2.2881    137.287     65.622  51201.101    31.7374     4.6568     65.000     4.6523    25.1264     7.3880    10.5582    101.355    321.862    329.949   -0.00000    7.28921   10.41701  317.55713   16.31553 4.4949e-02     0.3322     0.8195    81.4757 0.0000e+00
        555 126.629901    0.03844     2.3066    138.394     66.633  51190.128    31.7283     4.6522     66.000     4.6371    25.1197     7.3880    10.5581    101.337    321.862    329.946   -0.00007    7.29046   10.41879  317.61344   16.31824 4.5052e-02     0.3240     0.8211    81.4421 0.0000e+00
        559 126.629913    0.03876     2.3255    139.529     67.642  51215.800    31.7412     4.6334     67.000     4.6278    25.1319     7.3861    10.5555    101.275    321.776    329.863   -0.00046    7.29311   10.42259  317.72547   16.32352 4.4922e-02     0.3328     0.8441    80.9757 0.0000e+00
        564 126.629927    0.03909     2.3451    140.705     68.654  51201.228    31.7287     4.6246     68.000     4.6073    25.1229     7.3794    10.5459    101.153    321.487    329.563   -0.00099    7.29529   10.42570  317.82292   16.32821 4.4980e-02     0.4504     0.8526    80.8050 0.0000e+00
        568 126.629940    0.03941     2.3643    141.860     69.663  51217.493    31.7321     4.5928     69.000     4.5764    25.1289     7.3791    10.5455    101.075    321.475    329.553   -0.00123    7.30072   10.43346  318.05784   16.33938 4.4987e-02     0.3256     0.9036    79.7818 0.0000e+00
        573 126.629955    0.03974     2.3844    143.063     70.670  51243.559    31.7450     4.5729     70.000     4.5651    25.1411     7.3712    10.5341    100.925    321.123    329.196   -0.00160    7.30358   10.43755  318.17866   16.34507 4.4838e-02     0.3005     0.9402    79.0525 0.0000e+00
        578 126.629969    0.04009     2.4052    144.313     71.682  51249.474    31.7467     4.5648     71.000     4.5563    25.1433     7.3531    10.5083    100.659    320.334    328.388   -0.00258    7.30494   10.43950  318.23736   16.34786 4.4845e-02     0.3248     0.9492    78.8746 0.0000e+00
        583 126.629984    0.04045     2.4268    145.607     72.694  51255.574    31.7484     4.5562     72.000     4.5464    25.1456     7.3450    10.4968    100.529    319.982    328.029   -0.00248    7.30637   10.44153  318.29857   16.35077 4.4816e-02     0.2497     0.9522    78.8171 0.0000e+00
        588 126.629998    0.04078     2.4473    146.836     73.700  51269.303    31.7548     4.5451     73.000     4.5389    25.1517     7.3351    10.4825    100.370    319.546    327.584   -0.00266    7.30802   10.44389  318.36856   16.35407 4.4842e-02     0.2799     0.9725    78.4191 0.0000e+00
        593 126.630012    0.04112     2.4675    148.051     74.714  51265.108    31.7491     4.5349     74.000     4.5200    25.1483     7.3336    10.4805    100.322    319.486    327.520   -0.00225    7.31009   10.44685  318.45976   16.35843 4.4879e-02     0.2938     0.9819    78.2342 0.0000e+00
        598 126.630026    0.04146     2.4875    149.249     75.723  51291.904    31.7628     4.5169     75.000     4.5104    25.1610     7.3285    10.4733    100.219    319.261    327.294   -0.00218    7.31259   10.45041  318.56454   16.36336 4.4806e-02     0.1862     0.9990    77.8991 0.0000e+00
        602 126.630039    0.04177     2.5062    150.373     76.727  51313.188    31.7772     4.5185     76.000     4.5171    25.1723     7.3194    10.4602    100.107    318.859    326.886   -0.00227    7.31160   10.44899  318.51797   16.36108 4.4755e-02     0.2899     0.9775    78.3199 0.0000e+00
        607 126.630053    0.04210     2.5260    151.560     77.744  51305.628    31.7727     4.5235     77.000     4.5186    25.1682     7.3186    10.4589    100.104    318.821    326.846   -0.00176    7.31095   10.44807  318.49097   16.35982 4.4798e-02     0.2059     0.9458    78.9426 0.0000e+00
        612 126.630066    0.04241     2.5448    152.688     78.747  51307.525    31.7739     4.5253     78.000     4.5202    25.1690     7.3166    10.4561    100.082    318.736    326.758   -0.00145    7.31057   10.44754  318.47442   16.35903 4.4723e-02     0.1972     0.9381    79.0951 0.0000e+00
        617 126.630081    0.04277     2.5663    153.977     79.770  51306.828    31.7730     4.5253     79.000     4.5192    25.1682     7.3119    10.4494    100.018    318.531    326.548   -0.00141    7.31060   10.44757  318.47574   16.35909 4.4813e-02     0.2198     0.9290    79.2743 0.0000e+00
        621 126.630093    0.04308     2.5846    155.075     80.767  51308.957    31.7735     4.5235     80.000     4.5177    25.1689     7.3120    10.4496    100.016    318.539    326.556   -0.00116    7.31088   10.44798  318.48811   16.35968 4.4698e-02     0.2327     0.9429    79.0004 0.0000e+00
        627 126.630109    0.04344     2.6063    156.379     81.781  51310.183    31.7737     4.5231     81.000     4.5170    25.1691     7.3171    10.4569    100.084    318.759    326.782   -0.00055    7.31096   10.44810  318.49160   16.35984 4.4759e-02     0.2062     0.9310    79.2342 0.0000e+00
        632 126.630123    0.04379     2.6272    157.632     82.793  51312.589    31.7748     4.5228     82.000     4.5175    25.1700     7.3167    10.4563    100.078    318.741    326.764   -0.00046    7.31095   10.44808  318.49063   16.35980 4.4773e-02     0.2647     0.9303    79.2481 0.0000e+00
        636 126.630136    0.04410     2.6459    158.753     83.798  51312.680    31.7744     4.5231     83.000     4.5175    25.1697     7.3115    10.4488    100.007    318.513    326.530   -0.00075    7.31092   10.44803  318.48922   16.35973 4.4771e-02     0.2231     0.9437    78.9836 0.0000e+00
        641 126.630150    0.04442     2.6655    159.933     84.809  51312.734    31.7741     4.5235     84.000     4.5172    25.1693     7.3130    10.4510    100.029    318.580    326.598   -0.00055    7.31088   10.44798  318.48773   16.35966 4.4736e-02     0.3802     0.9412    79.0349 0.0000e+00
        646 126.630165    0.04478     2.6869    161.213     85.823  51314.740    31.7742     4.5204     85.000     4.5128    25.1698     7.3119    10.4494    100.006    318.531    326.549   -0.00055    7.31141   10.44875  318.51090   16.36076 4.4779e-02     0.3017     0.9833    78.2066 0.0000e+00
        650 126.630178    0.04509     2.7056    162.338     86.829  51320.177    31.7768     4.5176     86.000     4.5116    25.1721     7.3116    10.4489     99.997    318.515    326.533   -0.00053    7.31178   10.44926  318.52604   16.36147 4.4709e-02     0.2021     1.0390    77.1263 0.0000e+00
        655 126.630191    0.04542     2.7249    163.497     87.841  51320.547    31.7765     4.5176     87.000     4.5117    25.1719     7.3073    10.4429     99.939    318.331    326.345   -0.00068    7.31178   10.44927  318.52643   16.36149 4.4781e-02     0.2316     1.0499    76.9148 0.0000e+00
        660 126.630204    0.04573     2.7440    164.640     88.849  51318.947    31.7749     4.5175     88.000     4.5092    25.1707     7.3020    10.4353     99.865    318.102    326.109   -0.00098    7.31189   10.44942  318.53149   16.36174 4.4731e-02     0.3127     1.0719    76.4930 0.0000e+00
        664 126.630218    0.04605     2.7634    165.802     89.853  51319.167    31.7726     4.5090     89.000     4.4988    25.1697     7.3069    10.4422     99.909    318.312    326.325   -0.00062    7.31350   10.45172  318.60180   16.36509 4.4673e-02     0.3714     1.1472    75.0774 0.0000e+00
