CTD-processing/allCTD/CNV/2021_10-21_t9_s10_cast218_4141.cnv
* Sea-Bird SBE19plus Data File:
* FileName = C:\Users\steve\Desktop\GWA\CTD\2021_10-21_T9\2021_10-21_T9_S0_cast218.hex
* Software Version 1.59
* Temperature SN =  4141
* Conductivity SN =  4141
* System UpLoad Time = Oct 22 2021 15:54:59
** Cook Inlet LTM T9
** Date: 10-21-2021
** Station:S10
** Start Time (AKDT):16:40
** Depth (m):63
** Comment:
** Comment:
# nquan = 27
# nvalues = 59                          
# units = specified
# name 0 = scan: Scan Count
# name 1 = timeJ: Julian Days
# name 2 = timeH: Time, Elapsed [hours]
# name 3 = timeM: Time, Elapsed [minutes]
# name 4 = timeS: Time, Elapsed [seconds]
# name 5 = prdM: Pressure, Strain Gauge [db]
# name 6 = specc: Specific Conductance [uS/cm]
# name 7 = sal00: Salinity, Practical [PSU]
# name 8 = tv290C: Temperature [ITS-90, deg C]
# name 9 = depSM: Depth [salt water, m], lat = 59.00
# name 10 = potemp090C: Potential Temperature [ITS-90, deg C]
# name 11 = sigma-é00: Density [sigma-theta, kg/m^3]
# name 12 = sbeox0ML/L: Oxygen, SBE 43 [ml/l]
# name 13 = sbeox0Mg/L: Oxygen, SBE 43 [mg/l]
# name 14 = sbeox0PS: Oxygen, SBE 43 [% saturation]
# name 15 = sbox0Mm/Kg: Oxygen, SBE 43 [umol/kg]
# name 16 = sbeox0Mm/L: Oxygen, SBE 43 [umol/l]
# name 17 = sbox0dV/dT: Oxygen, SBE 43 [dov/dt]
# name 18 = oxsolML/L: Oxygen Saturation, Garcia & Gordon [ml/l]
# name 19 = oxsolMg/L: Oxygen Saturation, Garcia & Gordon [mg/l]
# name 20 = oxsolMm/Kg: Oxygen Saturation, Garcia & Gordon [umol/kg]
# name 21 = n2satMg/L: Nitrogen Saturation [mg/l]
# name 22 = par: PAR/Irradiance, Biospherical/Licor
# name 23 = wetStar: Fluorescence, WET Labs WETstar [mg/m^3]
# name 24 = CStarAt0: Beam Attenuation, WET Labs C-Star [1/m]
# name 25 = CStarTr0: Beam Transmission, WET Labs C-Star [%]
# name 26 = flag: flag
# span 0 =        337,        605       
# span 1 = 294.695336, 294.696109       
# span 2 =    0.02333,    0.04191       
# span 3 =     1.3998,     2.5147       
# span 4 =     83.991,    150.881       
# span 5 =      1.004,     59.527       
# span 6 =  48338.007,  49080.672       
# span 7 =    30.4310,    30.9702       
# span 8 =     8.1284,     8.4300       
# span 9 =      1.000,     59.000       
# span 10 =     8.1348,     8.4250      
# span 11 =    23.6686,    24.0499      
# span 12 =     5.8751,     6.1383      
# span 13 =     8.3960,     8.7722      
# span 14 =     87.556,     90.562      
# span 15 =    256.217,    267.798      
# span 16 =    262.380,    274.136      
# span 17 =   -0.00305,    0.00116      
# span 18 =    6.70990,    6.77916      
# span 19 =    9.58912,    9.68810      
# span 20 =  292.62657,  295.75506      
# span 21 =   15.13026,   15.28181      
# span 22 = 4.2950e-02, 2.7823e+01      
# span 23 =     0.1923,     0.6616      
# span 24 =     0.8474,     1.2142      
# span 25 =    73.8208,    80.9090      
# span 26 = 0.0000e+00, 0.0000e+00      
# interval = meters: 1                  
# start_time = Oct 21 2021 16:39:53 [Instrument's time stamp, header]
# bad_flag = -9.990e-29
*END*
        337 294.695336    0.02333     1.3998     83.991      1.004  48349.571    30.4387     8.1284      1.000     8.1348    23.6758     6.1143     8.7379     90.192    266.747    273.063   -0.00147    6.77916    9.68810  295.75506   15.28181 2.7823e+01     0.5453     0.8567    80.7195 0.0000e+00
        342 294.695349    0.02365     1.4191     85.148      2.023  48338.747    30.4321     8.1387      2.000     8.1390    23.6693     6.1381     8.7721     90.562    267.792    274.130    0.00116    6.77786    9.68624  295.70024   15.27922 2.7001e+01     0.4947     0.8474    80.9090 0.0000e+00
        346 294.695361    0.02395     1.4368     86.209      3.024  48338.007    30.4311     8.1380      3.000     8.1367    23.6686     6.1383     8.7722     90.562    267.798    274.136    0.00081    6.77801    9.68645  295.70678   15.27954 2.0676e+01     0.5153     0.8713    80.4260 0.0000e+00
        351 294.695375    0.02428     1.4568     87.407      4.045  48338.906    30.4310     8.1358      4.000     8.1349    23.6688     6.1343     8.7666     90.499    267.625    273.959    0.00019    6.77836    9.68696  295.72237   15.28028 1.6179e+01     0.5566     0.8880    80.0924 0.0000e+00
        355 294.695387    0.02456     1.4736     88.417      5.042  48345.375    30.4350     8.1356      5.000     8.1360    23.6720     6.1321     8.7633     90.468    267.526    273.859   -0.00015    6.77821    9.68674  295.71476   15.27990 1.2974e+01     0.5104     0.8980    79.8917 0.0000e+00
        359 294.695400    0.02487     1.4925     89.549      6.058  48363.199    30.4474     8.1379      6.000     8.1385    23.6814     6.1349     8.7673     90.520    267.644    273.981    0.00011    6.77731    9.68545  295.67271   15.27784 1.0234e+01     0.5589     0.9025    79.8027 0.0000e+00
        364 294.695413    0.02518     1.5108     90.648      7.064  48360.007    30.4448     8.1388      7.000     8.1355    23.6792     6.1281     8.7577     90.422    267.352    273.683   -0.00044    6.77728    9.68542  295.67213   15.27783 8.0814e+00     0.6616     0.9327    79.2000 0.0000e+00
        368 294.695426    0.02550     1.5296     91.778      8.077  48379.736    30.4577     8.1357      8.000     8.1378    23.6898     6.1212     8.7478     90.321    267.045    273.371   -0.00103    6.77718    9.68527  295.66468   15.27741 6.2601e+00     0.5685     0.9566    78.7302 0.0000e+00
        372 294.695438    0.02579     1.5475     92.847      9.083  48398.922    30.4719     8.1436      9.000     8.1464    23.6998     6.1184     8.7438     90.303    266.921    273.247   -0.00087    6.77535    9.68266  295.58213   15.27342 4.8803e+00     0.5005     0.9703    78.4601 0.0000e+00
        377 294.695451    0.02610     1.5658     93.951     10.096  48416.279    30.4847     8.1521     10.000     8.1554    23.7087     6.1074     8.7280     90.166    266.438    272.755   -0.00138    6.77347    9.67997  295.49760   15.26933 3.7560e+00     0.4846     0.9780    78.3088 0.0000e+00
        381 294.695464    0.02640     1.5841     95.049     11.102  48442.714    30.5043     8.1628     11.000     8.1678    23.7225     6.1015     8.7197     90.113    266.181    272.495   -0.00143    6.77098    9.67641  295.38489   15.26387 2.8890e+00     0.5017     0.9786    78.2984 0.0000e+00
        386 294.695477    0.02674     1.6039     96.233     12.115  48459.902    30.5179     8.1767     12.000     8.1813    23.7312     6.0911     8.7047     89.995    265.722    272.028   -0.00164    6.76825    9.67251  295.26313   15.25800 2.2486e+00     0.5061     0.9731    78.4050 0.0000e+00
        390 294.695490    0.02703     1.6222     97.334     13.124  48505.512    30.5517     8.1924     13.000     8.2009    23.7555     6.0824     8.6923     89.918    265.335    271.638   -0.00171    6.76436    9.66694  295.08625   15.24942 1.7477e+00     0.4894     0.9620    78.6225 0.0000e+00
        394 294.695502    0.02732     1.6394     98.362     14.129  48518.782    30.5632     8.2106     14.000     8.2153    23.7619     6.0761     8.6834     89.869    265.061    271.359   -0.00155    6.76107    9.66225  294.94096   15.24243 1.3660e+00     0.4657     0.9589    78.6857 0.0000e+00
        399 294.695516    0.02766     1.6594     99.561     15.146  48542.032    30.5809     8.2240     15.000     8.2269    23.7740     6.0706     8.6755     89.825    264.817    271.113   -0.00143    6.75823    9.65819  294.81369   15.23628 1.0775e+00     0.4431     0.9396    79.0654 0.0000e+00
        404 294.695528    0.02796     1.6772    100.634     16.150  48539.987    30.5802     8.2311     16.000     8.2305    23.7723     6.0678     8.6715     89.798    264.696    270.988   -0.00119    6.75718    9.65669  294.76849   15.23413 8.4700e-01     0.4516     0.9317    79.2221 0.0000e+00
        408 294.695541    0.02827     1.6965    101.792     17.164  48571.456    30.6023     8.2355     17.000     8.2384    23.7891     6.0595     8.6597     89.697    264.330    270.618   -0.00144    6.75553    9.65433  294.69162   15.23037 6.7574e-01     0.4537     0.9197    79.4583 0.0000e+00
        412 294.695554    0.02857     1.7143    102.859     18.168  48581.790    30.6105     8.2450     18.000     8.2446    23.7942     6.0522     8.6492     89.613    264.011    270.293   -0.00165    6.75372    9.65174  294.61115   15.22650 5.2942e-01     0.4432     0.9430    78.9987 0.0000e+00
        417 294.695567    0.02888     1.7329    103.973     19.180  48588.135    30.6146     8.2460     19.000     8.2476    23.7973     6.0505     8.6468     89.592    263.935    270.216   -0.00130    6.75340    9.65128  294.59619   15.22576 4.2164e-01     0.4324     0.9494    78.8705 0.0000e+00
        422 294.695581    0.02922     1.7534    105.202     20.190  48688.344    30.6873     8.2676     20.000     8.2809    23.8512     6.0359     8.6260     89.462    263.285    269.565   -0.00168    6.74691    9.64200  294.29740   15.21120 3.3782e-01     0.4548     0.9365    79.1257 0.0000e+00
        426 294.695594    0.02953     1.7719    106.316     21.203  48743.221    30.7300     8.2999     21.000     8.3097    23.8800     6.0318     8.6201     89.490    263.097    269.380   -0.00111    6.74011    9.63229  293.99291   15.19648 2.6800e-01     0.4416     0.9407    79.0439 0.0000e+00
        430 294.695606    0.02981     1.7884    107.305     22.203  48740.594    30.7304     8.3181     22.000     8.3191    23.8777     6.0236     8.6083     89.406    262.738    269.012   -0.00124    6.73733    9.62832  293.87204   15.19071 2.1682e-01     0.3973     0.9706    78.4548 0.0000e+00
        435 294.695620    0.03017     1.8100    108.598     23.220  48748.619    30.7364     8.3240     23.000     8.3230    23.8816     6.0049     8.5816     89.145    261.925    268.180   -0.00232    6.73616    9.62664  293.81999   15.18820 1.7955e-01     0.3468     0.9498    78.8643 0.0000e+00
        440 294.695634    0.03050     1.8300    109.801     24.232  48748.849    30.7366     8.3270     24.000     8.3238    23.8814     5.9941     8.5661     88.990    261.451    267.695   -0.00257    6.73570    9.62598  293.79986   15.18724 1.4770e-01     0.3944     0.9476    78.9081 0.0000e+00
        445 294.695647    0.03080     1.8481    110.887     25.236  48709.951    30.7081     8.3208     25.000     8.3139    23.8599     5.9904     8.5608     88.905    261.294    267.529   -0.00236    6.73790    9.62912  293.90187   15.19223 1.2494e-01     0.3377     0.9443    78.9713 0.0000e+00
        449 294.695660    0.03111     1.8667    112.004     26.245  48710.565    30.7068     8.3123     26.000     8.3108    23.8602     5.9863     8.5550     88.828    261.117    267.348   -0.00227    6.73923    9.63104  293.96035   15.19502 1.0772e-01     0.3499     0.9507    78.8464 0.0000e+00
        454 294.695674    0.03146     1.8875    113.251     27.260  48815.054    30.7815     8.3269     27.000     8.3346    23.9166     5.9914     8.5623     88.976    261.326    267.576   -0.00085    6.73374    9.62319  293.70447   15.18250 9.4209e-02     0.3547     0.9620    78.6230 0.0000e+00
        458 294.695687    0.03176     1.9056    114.337     28.264  48815.657    30.7840     8.3435     28.000     8.3444    23.9161     5.9936     8.5655     89.043    261.422    267.674   -0.00012    6.73111    9.61942  293.58979   15.17702 8.3962e-02     0.3476     0.9885    78.1056 0.0000e+00
        463 294.695699    0.03206     1.9240    115.438     29.276  48821.008    30.7882     8.3496     29.000     8.3475    23.9185     5.9803     8.5465     88.861    260.843    267.082   -0.00115    6.73000    9.61784  293.54070   15.17465 7.6674e-02     0.3267     0.9979    77.9212 0.0000e+00
        467 294.695713    0.03239     1.9432    116.593     30.281  48882.088    30.8311     8.3542     30.000     8.3608    23.9515     5.9698     8.5315     88.738    260.375    266.611   -0.00163    6.72743    9.61416  293.41901   15.16867 7.0867e-02     0.3143     0.9886    78.1014 0.0000e+00
        472 294.695727    0.03274     1.9642    117.854     31.303  48855.042    30.8139     8.3691     31.000     8.3635    23.9360     5.9629     8.5215     88.655    260.075    266.300   -0.00154    6.72592    9.61201  293.35790   15.16582 6.6554e-02     0.3227     0.9983    77.9130 0.0000e+00
        477 294.695740    0.03303     1.9816    118.894     32.298  48909.505    30.8520     8.3717     32.000     8.3741    23.9653     5.9514     8.5053     88.513    259.571    265.792   -0.00205    6.72387    9.60908  293.25997   15.16099 6.3555e-02     0.3027     1.0163    77.5631 0.0000e+00
        482 294.695754    0.03337     2.0024    120.144     33.321  48970.714    30.8962     8.3849     33.000     8.3905    23.9982     5.9537     8.5084     88.597    259.659    265.891   -0.00097    6.71994    9.60347  293.07912   15.15217 6.0957e-02     0.3132     1.0189    77.5138 0.0000e+00
        486 294.695767    0.03369     2.0214    121.286     34.321  48919.502    30.8615     8.3952     34.000     8.3882    23.9695     5.9418     8.4915     88.422    259.151    265.363   -0.00157    6.71988    9.60338  293.08483   15.15258 5.9224e-02     0.2605     1.0694    76.5413 0.0000e+00
        491 294.695780    0.03401     2.0407    122.444     35.335  49023.356    30.9342     8.3984     35.000     8.4051    24.0259     5.9196     8.4596     88.138    258.166    264.368   -0.00284    6.71623    9.59817  292.90950   15.14392 5.5649e-02     0.2561     1.0815    76.3099 0.0000e+00
        496 294.695795    0.03435     2.0607    123.639     36.341  49033.297    30.9433     8.4159     36.000     8.4166    24.0305     5.9255     8.4681     88.267    258.423    264.633   -0.00142    6.71318    9.59381  292.77541   15.13747 5.2648e-02     0.2636     1.0981    75.9945 0.0000e+00
        501 294.695809    0.03471     2.0826    124.956     37.352  49037.051    30.9465     8.4231     37.000     8.4206    24.0321     5.9114     8.4481     88.074    257.810    264.006   -0.00187    6.71195    9.59205  292.72111   15.13487 5.0386e-02     0.2453     1.1147    75.6813 0.0000e+00
        506 294.695824    0.03505     2.1031    126.185     38.363  49047.230    30.9536     8.4260     38.000     8.4230    24.0372     5.8919     8.4201     87.791    256.954    263.131   -0.00305    6.71121    9.59099  292.68737   15.13323 4.7468e-02     0.2242     1.1353    75.2893 0.0000e+00
        510 294.695837    0.03538     2.1229    127.374     39.373  49048.660    30.9544     8.4272     39.000     8.4232    24.0376     5.9003     8.4321     87.920    257.322    263.508   -0.00159    6.71100    9.59068  292.67787   15.13277 4.2950e-02     0.2347     1.1416    75.1709 0.0000e+00
        515 294.695851    0.03570     2.1421    128.528     40.380  49049.261    30.9544     8.4274     40.000     8.4236    24.0376     5.8907     8.4184     87.778    256.904    263.080   -0.00163    6.71096    9.59063  292.67627   15.13269 4.7127e-02     0.2102     1.1180    75.6239 0.0000e+00
        520 294.695864    0.03602     2.1614    129.685     41.392  49051.298    30.9555     8.4280     41.000     8.4243    24.0384     5.8831     8.4075     87.665    256.570    262.737   -0.00223    6.71083    9.59045  292.67042   15.13241 4.8725e-02     0.2401     1.1037    75.8924 0.0000e+00
        524 294.695878    0.03635     2.1808    130.849     42.402  49051.329    30.9551     8.4283     42.000     8.4240    24.0381     5.8949     8.4244     87.842    257.085    263.265   -0.00045    6.71081    9.59041  292.66931   15.13236 4.9180e-02     0.2088     1.1541    74.9366 0.0000e+00
        529 294.695891    0.03667     2.2001    132.009     43.406  49057.003    30.9586     8.4285     43.000     8.4244    24.0409     5.8892     8.4162     87.759    256.837    263.011   -0.00089    6.71061    9.59014  292.66020   15.13191 4.8921e-02     0.2287     1.1328    75.3394 0.0000e+00
        534 294.695906    0.03700     2.2205    133.229     44.428  49057.439    30.9586     8.4289     44.000     8.4244    24.0407     5.8848     8.4099     87.694    256.643    262.813   -0.00096    6.71057    9.59008  292.65815   15.13181 4.9100e-02     0.2238     1.1792    74.4688 0.0000e+00
        538 294.695918    0.03731     2.2390    134.338     45.428  49056.709    30.9575     8.4285     45.000     8.4239    24.0400     5.8848     8.4099     87.693    256.645    262.814   -0.00083    6.71066    9.59021  292.66247   15.13202 4.9183e-02     0.2062     1.2142    73.8208 0.0000e+00
        543 294.695932    0.03764     2.2586    135.515     46.438  49057.758    30.9578     8.4282     46.000     8.4234    24.0403     5.8851     8.4104     87.697    256.659    262.829   -0.00059    6.71069    9.59024  292.66365   15.13208 4.9748e-02     0.2229     1.1871    74.3223 0.0000e+00
        548 294.695946    0.03798     2.2787    136.723     47.453  49057.288    30.9570     8.4278     47.000     8.4232    24.0398     5.8814     8.4052     87.641    256.499    262.664   -0.00079    6.71079    9.59039  292.66816   15.13230 4.9078e-02     0.2328     1.1555    74.9125 0.0000e+00
        552 294.695959    0.03829     2.2976    137.855     48.452  49067.665    30.9638     8.4282     48.000     8.4241    24.0450     5.8857     8.4113     87.710    256.686    262.857   -0.00032    6.71044    9.58988  292.65127   15.13147 4.9364e-02     0.2206     1.1754    74.5378 0.0000e+00
        558 294.695974    0.03865     2.3192    139.152     49.474  49068.813    30.9644     8.4295     49.000     8.4248    24.0453     5.8909     8.4188     87.791    256.912    263.089    0.00024    6.71021    9.58956  292.64123   15.13098 4.9317e-02     0.3051     1.1425    75.1558 0.0000e+00
        562 294.695987    0.03896     2.3377    140.262     50.472  49070.347    30.9650     8.4297     50.000     8.4250    24.0458     5.8843     8.4093     87.693    256.622    262.793   -0.00042    6.71015    9.58947  292.63836   15.13084 4.9191e-02     0.2321     1.1975    74.1288 0.0000e+00
        567 294.696001    0.03930     2.3580    141.478     51.490  49070.917    30.9650     8.4300     51.000     8.4249    24.0458     5.8806     8.4039     87.638    256.459    262.625   -0.00071    6.71010    9.58941  292.63649   15.13075 4.9500e-02     0.2120     1.1763    74.5223 0.0000e+00
        571 294.696014    0.03961     2.3769    142.614     52.495  49078.934    30.9702     8.4299     52.000     8.4246    24.0499     5.8806     8.4040     87.641    256.459    262.627   -0.00056    6.70990    9.58912  292.62657   15.13026 4.9467e-02     0.2212     1.1845    74.3691 0.0000e+00
        576 294.696028    0.03994     2.3966    143.797     53.506  49079.270    30.9700     8.4297     53.000     8.4244    24.0497     5.8816     8.4053     87.655    256.503    262.672   -0.00030    6.70995    9.58918  292.62843   15.13035 4.9136e-02     0.2254     1.1639    74.7539 0.0000e+00
