CTD-processing/allCTD/CNV/2021_02-16_t7_s21_cast135_5028.cnv
* Sea-Bird SBE19plus Data File:
* FileName = C:\Users\steve\Desktop\GWA CTD\2021_02-16_T7\2021_02-16_T7_S_cast135.hex
* Software Version 1.59
* Temperature SN =  5028
* Conductivity SN =  5028
* System UpLoad Time = Feb 18 2021 14:38:01
** Cook Inlet LTM T7
** Date: 02-16-2021
** Station:S21
** Start Time (AKST):13:19
** Depth (m):74
** Comment:
** Comment:
# nquan = 27
# nvalues = 66                          
# units = specified
# name 0 = scan: Scan Count
# name 1 = timeJ: Julian Days
# name 2 = timeH: Time, Elapsed [hours]
# name 3 = timeM: Time, Elapsed [minutes]
# name 4 = timeS: Time, Elapsed [seconds]
# name 5 = prdM: Pressure, Strain Gauge [db]
# name 6 = specc: Specific Conductance [uS/cm]
# name 7 = sal00: Salinity, Practical [PSU]
# name 8 = tv290C: Temperature [ITS-90, deg C]
# name 9 = depSM: Depth [salt water, m], lat = 59.00
# name 10 = potemp090C: Potential Temperature [ITS-90, deg C]
# name 11 = sigma-é00: Density [sigma-theta, kg/m^3]
# name 12 = sbeox0ML/L: Oxygen, SBE 43 [ml/l]
# name 13 = sbeox0Mg/L: Oxygen, SBE 43 [mg/l]
# name 14 = sbeox0PS: Oxygen, SBE 43 [% saturation]
# name 15 = sbox0Mm/Kg: Oxygen, SBE 43 [umol/kg]
# name 16 = sbeox0Mm/L: Oxygen, SBE 43 [umol/l]
# name 17 = sbox0dV/dT: Oxygen, SBE 43 [dov/dt]
# name 18 = oxsolML/L: Oxygen Saturation, Garcia & Gordon [ml/l]
# name 19 = oxsolMg/L: Oxygen Saturation, Garcia & Gordon [mg/l]
# name 20 = oxsolMm/Kg: Oxygen Saturation, Garcia & Gordon [umol/kg]
# name 21 = potemp090C: Potential Temperature [ITS-90, deg C]
# name 22 = n2satMg/L: Nitrogen Saturation [mg/l]
# name 23 = par: PAR/Irradiance, Biospherical/Licor
# name 24 = flECO-AFL: Fluorescence, WET Labs ECO-AFL/FL [mg/m^3]
# name 25 = turbWETntu0: Turbidity, WET Labs ECO [NTU]
# name 26 = flag: flag
# span 0 =        287,        607       
# span 1 =  47.555606,  47.556533       
# span 2 =    0.01983,    0.04207       
# span 3 =     1.1897,     2.5242       
# span 4 =     71.385,    151.453       
# span 5 =      1.010,     66.634       
# span 6 =  50688.098,  50757.324       
# span 7 =    31.5014,    31.5132       
# span 8 =     5.0214,     5.0397       
# span 9 =      1.000,     66.000       
# span 10 =     5.0175,     5.0387      
# span 11 =    24.8982,    24.9101      
# span 12 =     6.7917,    11.6634      
# span 13 =     9.7060,    16.6682      
# span 14 =     93.886,    161.180      
# span 15 =    295.949,    508.230      
# span 16 =    303.318,    520.889      
# span 17 =   -0.04192,    0.05096      
# span 18 =    7.23395,    7.23654      
# span 19 =   10.33804,   10.34174      
# span 20 =  315.21961,  315.32925      
# span 21 =     5.0175,     5.0396      
# span 22 =   16.20523,   16.21041      
# span 23 = 6.0049e-02, 1.4379e+02      
# span 24 =     0.2829,     0.3582      
# span 25 =     0.5902,     0.7497      
# span 26 = 0.0000e+00, 0.0000e+00      
# interval = meters: 1                  
# start_time = Feb 16 2021 13:18:53 [Instrument's time stamp, header]
# bad_flag = -9.990e-29
*END*
        287  47.555606    0.01983     1.1897     71.385      1.010  50688.098    31.5014     5.0397      1.000     5.0387    24.8982     6.7917     9.7060     93.886    295.949    303.318    0.01279    7.23395   10.33804  315.21961     5.0396   16.20523 1.4379e+02     0.2914     0.7497 0.0000e+00
        292  47.555621    0.02019     1.2112     72.671      2.019  50692.614    31.5034     5.0371      2.000     5.0364    24.9002     6.9800     9.9752     96.486    304.156    311.729    0.02230    7.23429   10.33853  315.23413     5.0370   16.20591 1.1536e+02     0.2829     0.6645 0.0000e+00
        296  47.555634    0.02051     1.2301     73.807      3.028  50693.840    31.5035     5.0360      3.000     5.0349    24.9004     7.1097    10.1604     98.275    309.804    317.518    0.02513    7.23448   10.33880  315.24239     5.0358   16.20631 1.1622e+02     0.2903     0.6092 0.0000e+00
        301  47.555648    0.02083     1.2500     75.002      4.038  50695.005    31.5033     5.0337      4.000     5.0325    24.9005     7.2263    10.3272     99.882    314.888    322.729    0.02610    7.23488   10.33938  315.25981     5.0334   16.20714 1.1601e+02     0.2879     0.5944 0.0000e+00
        305  47.555661    0.02112     1.2674     76.045      5.047  50697.022    31.5040     5.0324      5.000     5.0316    24.9011     7.3477    10.5006    101.556    320.174    328.147    0.02745    7.23509   10.33967  315.26867     5.0320   16.20756 1.0687e+02     0.2874     0.6059 0.0000e+00
        309  47.555672    0.02141     1.2843     77.060      6.057  50698.440    31.5043     5.0318      6.000     5.0313    24.9015     7.5034    10.7231    103.708    326.962    335.104    0.03185    7.23517   10.33979  315.27212     5.0314   16.20772 1.0442e+02     0.2935     0.6182 0.0000e+00
        314  47.555686    0.02175     1.3048     78.286      7.066  50699.773    31.5046     5.0316      7.000     5.0308    24.9018     7.6900    10.9897    106.285    335.088    343.432    0.03506    7.23518   10.33981  315.27267     5.0311   16.20774 9.3095e+01     0.2997     0.6205 0.0000e+00
        319  47.555699    0.02206     1.3238     79.429      8.076  50701.638    31.5053     5.0308      8.000     5.0302    24.9024     7.9247    11.3252    109.528    345.318    353.918    0.04169    7.23530   10.33996  315.27722     5.0302   16.20796 8.1325e+01     0.3072     0.6146 0.0000e+00
        324  47.555714    0.02240     1.3442     80.649      9.085  50702.414    31.5055     5.0313      9.000     5.0312    24.9025     8.1462    11.6417    112.591    354.969    363.809    0.04508    7.23520   10.33983  315.27305     5.0307   16.20776 7.3520e+01     0.3106     0.6185 0.0000e+00
        328  47.555726    0.02271     1.3628     81.766     10.095  50702.025    31.5049     5.0321     10.000     5.0314    24.9019     8.3171    11.8859    114.954    362.416    371.440    0.04466    7.23510   10.33968  315.26874     5.0313   16.20756 6.4224e+01     0.3195     0.6053 0.0000e+00
        333  47.555740    0.02303     1.3818     82.908     11.104  50702.666    31.5049     5.0323     11.000     5.0314    24.9019     8.4482    12.0734    116.768    368.131    377.298    0.04149    7.23506   10.33962  315.26695     5.0315   16.20747 5.5722e+01     0.3285     0.5902 0.0000e+00
        338  47.555755    0.02339     1.4035     84.208     12.114  50703.526    31.5048     5.0319     12.000     5.0302    24.9020     8.5422    12.2077    118.066    372.226    381.495    0.03481    7.23514   10.33974  315.27049     5.0310   16.20764 4.7372e+01     0.3248     0.5936 0.0000e+00
        343  47.555768    0.02372     1.4230     85.378     13.123  50706.318    31.5057     5.0290     13.000     5.0263    24.9029     8.6323    12.3364    119.303    376.152    385.519    0.03072    7.23559   10.34038  315.28987     5.0281   16.20856 4.1487e+01     0.3408     0.6165 0.0000e+00
        349  47.555787    0.02417     1.4500     86.997     14.133  50712.166    31.5083     5.0250     14.000     5.0238    24.9054     8.7594    12.5181    121.051    381.689    391.195    0.02750    7.23615   10.34119  315.31364     5.0240   16.20968 3.7352e+01     0.3385     0.6238 0.0000e+00
        353  47.555799    0.02444     1.4662     87.971     15.142  50713.247    31.5086     5.0251     15.000     5.0244    24.9057     8.8579    12.6588    122.412    385.981    395.594    0.02707    7.23613   10.34115  315.31232     5.0240   16.20962 3.2037e+01     0.3532     0.6271 0.0000e+00
        357  47.555809    0.02471     1.4825     88.948     16.152  50713.117    31.5082     5.0260     16.000     5.0252    24.9053     9.0403    12.9196    124.936    393.931    403.742    0.03348    7.23599   10.34095  315.30659     5.0249   16.20935 2.8046e+01     0.3582     0.6310 0.0000e+00
        362  47.555825    0.02508     1.5048     90.291     17.161  50712.993    31.5077     5.0267     17.000     5.0255    24.9048     9.2383    13.2024    127.673    402.555    412.581    0.03658    7.23588   10.34080  315.30186     5.0256   16.20912 2.4040e+01     0.3454     0.6301 0.0000e+00
        367  47.555838    0.02539     1.5233     91.397     18.171  50714.155    31.5079     5.0259     18.000     5.0236    24.9050     9.4063    13.4426    129.993    409.878    420.086    0.03805    7.23603   10.34101  315.30826     5.0246   16.20943 2.0574e+01     0.3514     0.6508 0.0000e+00
        372  47.555853    0.02575     1.5450     92.701     19.180  50717.566    31.5094     5.0240     19.000     5.0224    24.9064     9.6243    13.7540    133.000    419.375    429.820    0.04118    7.23628   10.34137  315.31895     5.0226   16.20993 1.7681e+01     0.3403     0.6494 0.0000e+00
        377  47.555869    0.02614     1.5682     94.094     20.190  50718.389    31.5094     5.0239     20.000     5.0225    24.9065     9.8460    14.0709    136.064    429.037    439.723    0.04248    7.23630   10.34139  315.31954     5.0225   16.20996 1.5411e+01     0.3376     0.6272 0.0000e+00
        382  47.555884    0.02648     1.5890     95.339     21.200  50718.735    31.5092     5.0242     21.000     5.0227    24.9063    10.0603    14.3771    139.026    438.374    449.293    0.04435    7.23625   10.34133  315.31765     5.0227   16.20987 1.3523e+01     0.3369     0.6263 0.0000e+00
        387  47.555897    0.02680     1.6077     96.465     22.209  50719.328    31.5091     5.0243     22.000     5.0226    24.9062    10.2752    14.6844    141.997    447.741    458.892    0.04715    7.23624   10.34131  315.31704     5.0227   16.20984 1.1890e+01     0.3291     0.6164 0.0000e+00
        391  47.555908    0.02707     1.6247     97.481     23.219  50720.261    31.5092     5.0242     23.000     5.0227    24.9063    10.4730    14.9670    144.730    456.359    467.725    0.04919    7.23624   10.34132  315.31733     5.0226   16.20985 1.0453e+01     0.3375     0.6248 0.0000e+00
        395  47.555921    0.02739     1.6437     98.625     24.228  50720.318    31.5089     5.0247     24.000     5.0231    24.9060    10.6952    15.2846    147.803    466.043    477.651    0.05096    7.23617   10.34122  315.31432     5.0230   16.20971 9.2986e+00     0.3324     0.6318 0.0000e+00
        401  47.555936    0.02775     1.6646     99.878     25.238  50721.158    31.5090     5.0246     25.000     5.0225    24.9061    10.9027    15.5810    150.668    475.080    486.912    0.04974    7.23618   10.34123  315.31457     5.0229   16.20972 8.1866e+00     0.3205     0.6272 0.0000e+00
        405  47.555948    0.02804     1.6822    100.930     26.247  50722.701    31.5094     5.0242     26.000     5.0222    24.9065    11.0752    15.8276    153.052    482.600    494.620    0.04876    7.23624   10.34132  315.31725     5.0223   16.20985 7.1489e+00     0.3128     0.6313 0.0000e+00
        410  47.555962    0.02837     1.7022    102.130     27.256  50723.958    31.5098     5.0238     27.000     5.0216    24.9068    11.2513    16.0793    155.485    490.274    502.485    0.04683    7.23629   10.34139  315.31925     5.0219   16.20994 6.2360e+00     0.3214     0.6240 0.0000e+00
        415  47.555977    0.02872     1.7231    103.387     28.266  50725.646    31.5103     5.0232     28.000     5.0210    24.9073    11.3903    16.2779    157.404    496.330    508.692    0.04195    7.23637   10.34150  315.32247     5.0212   16.21009 5.4317e+00     0.3227     0.6362 0.0000e+00
        420  47.555992    0.02908     1.7445    104.671     29.276  50726.443    31.5103     5.0232     29.000     5.0214    24.9074    11.5058    16.4430    159.000    501.363    513.851    0.03684    7.23636   10.34148  315.32208     5.0212   16.21007 4.8220e+00     0.3268     0.6387 0.0000e+00
        426  47.556009    0.02948     1.7690    106.141     30.286  50726.517    31.5100     5.0238     30.000     5.0217    24.9070    11.5684    16.5324    159.867    504.090    516.645    0.02799    7.23628   10.34137  315.31869     5.0217   16.20992 4.2936e+00     0.3222     0.6246 0.0000e+00
        430  47.556021    0.02977     1.7863    107.178     31.294  50727.102    31.5099     5.0239     31.000     5.0216    24.9070    11.6098    16.5916    160.439    505.893    518.493    0.02332    7.23627   10.34135  315.31802     5.0217   16.20988 3.7814e+00     0.3104     0.6296 0.0000e+00
        434  47.556033    0.03007     1.8044    108.263     32.305  50728.104    31.5101     5.0238     32.000     5.0214    24.9072    11.6540    16.6547    161.049    507.817    520.466    0.02023    7.23628   10.34136  315.31847     5.0215   16.20990 3.3086e+00     0.3251     0.6255 0.0000e+00
        438  47.556045    0.03037     1.8219    109.316     33.314  50728.966    31.5102     5.0237     33.000     5.0212    24.9072    11.6634    16.6682    161.180    508.230    520.889    0.01549    7.23629   10.34138  315.31889     5.0213   16.20992 2.8771e+00     0.3235     0.6231 0.0000e+00
        444  47.556062    0.03075     1.8455    110.728     34.324  50730.348    31.5106     5.0233     34.000     5.0207    24.9076    11.6194    16.6053    160.571    506.313    518.924    0.00721    7.23634   10.34145  315.32108     5.0208   16.21003 2.4895e+00     0.3287     0.6174 0.0000e+00
        449  47.556077    0.03113     1.8677    112.063     35.333  50731.685    31.5109     5.0230     35.000     5.0204    24.9079    11.5406    16.4927    159.480    502.877    515.403   -0.00063    7.23638   10.34151  315.32272     5.0205   16.21010 2.1805e+00     0.3307     0.6368 0.0000e+00
        455  47.556095    0.03155     1.8926    113.556     36.343  50732.266    31.5109     5.0231     36.000     5.0208    24.9079    11.4329    16.3387    157.992    498.183    510.592   -0.00779    7.23635   10.34147  315.32159     5.0205   16.21005 1.9391e+00     0.3272     0.6606 0.0000e+00
        461  47.556111    0.03195     1.9173    115.037     37.353  50731.800    31.5102     5.0240     37.000     5.0214    24.9072    11.3018    16.1514    156.184    492.474    504.740   -0.01416    7.23624   10.34131  315.31670     5.0213   16.20982 1.7318e+00     0.3261     0.6623 0.0000e+00
        465  47.556124    0.03225     1.9354    116.124     38.362  50732.703    31.5103     5.0240     38.000     5.0211    24.9074    11.2136    16.0254    154.965    488.630    500.800   -0.01689    7.23624   10.34130  315.31649     5.0212   16.20981 1.5302e+00     0.3332     0.6633 0.0000e+00
        470  47.556137    0.03257     1.9541    117.248     39.372  50733.878    31.5106     5.0237     39.000     5.0208    24.9076    11.1298    15.9056    153.805    484.976    497.055   -0.01812    7.23627   10.34135  315.31796     5.0209   16.20988 1.3443e+00     0.3252     0.6604 0.0000e+00
        474  47.556149    0.03285     1.9710    118.262     40.382  50734.732    31.5107     5.0236     40.000     5.0204    24.9077    11.0444    15.7835    152.625    481.256    493.243   -0.01975    7.23629   10.34138  315.31876     5.0207   16.20991 1.1752e+00     0.3195     0.6463 0.0000e+00
        480  47.556165    0.03324     1.9942    119.652     41.392  50736.317    31.5112     5.0231     41.000     5.0200    24.9081    10.8938    15.5684    150.543    474.693    486.516   -0.02337    7.23635   10.34147  315.32133     5.0201   16.21004 1.0261e+00     0.3039     0.6312 0.0000e+00
        485  47.556182    0.03363     2.0181    121.087     42.401  50737.512    31.5114     5.0229     42.000     5.0198    24.9084    10.6999    15.2912    147.862    466.243    477.856   -0.02874    7.23637   10.34149  315.32200     5.0199   16.21007 9.0024e-01     0.3101     0.6235 0.0000e+00
        490  47.556196    0.03399     2.0390    122.341     43.410  50738.029    31.5114     5.0231     43.000     5.0201    24.9083    10.5451    15.0700    145.724    459.498    470.943   -0.03085    7.23634   10.34145  315.32065     5.0199   16.21000 7.9404e-01     0.3187     0.6267 0.0000e+00
        495  47.556210    0.03432     2.0593    123.555     44.420  50738.261    31.5111     5.0234     44.000     5.0202    24.9081    10.3948    14.8552    143.648    452.949    464.231   -0.03222    7.23630   10.34140  315.31924     5.0202   16.20994 7.0534e-01     0.3330     0.6570 0.0000e+00
        500  47.556224    0.03466     2.0795    124.772     45.430  50738.770    31.5110     5.0236     45.000     5.0205    24.9079    10.2262    14.6142    141.318    445.602    456.701   -0.03446    7.23627   10.34135  315.31779     5.0204   16.20987 6.2333e-01     0.3197     0.6690 0.0000e+00
        504  47.556236    0.03494     2.0966    125.798     46.439  50739.160    31.5108     5.0239     46.000     5.0206    24.9078    10.0920    14.4225    139.465    439.757    450.710   -0.03531    7.23623   10.34130  315.31633     5.0206   16.20980 5.5001e-01     0.3103     0.6486 0.0000e+00
        509  47.556249    0.03527     2.1158    126.949     47.449  50739.864    31.5108     5.0239     47.000     5.0205    24.9078     9.9308    14.1922    137.238    432.733    443.511   -0.03656    7.23623   10.34129  315.31603     5.0205   16.20979 4.8537e-01     0.3178     0.6310 0.0000e+00
        514  47.556264    0.03562     2.1371    128.227     48.459  50740.671    31.5109     5.0239     48.000     5.0204    24.9079     9.7286    13.9032    134.443    423.921    434.480   -0.03930    7.23622   10.34128  315.31561     5.0205   16.20976 4.2711e-01     0.3194     0.6295 0.0000e+00
        520  47.556281    0.03601     2.1609    129.652     49.468  50741.765    31.5111     5.0236     49.000     5.0198    24.9081     9.4991    13.5752    131.271    413.919    424.229   -0.04164    7.23625   10.34133  315.31726     5.0201   16.20984 3.7488e-01     0.3108     0.6346 0.0000e+00
        524  47.556294    0.03633     2.1800    130.799     50.478  50743.815    31.5118     5.0226     50.000     5.0185    24.9087     9.3311    13.3351    128.946    406.598    416.725   -0.04192    7.23640   10.34154  315.32324     5.0190   16.21013 3.2799e-01     0.3219     0.6394 0.0000e+00
        529  47.556309    0.03669     2.2013    132.076     51.488  50746.012    31.5126     5.0217     51.000     5.0179    24.9095     9.1615    13.0928    126.601    399.210    409.154   -0.04059    7.23652   10.34171  315.32824     5.0180   16.21036 2.8844e-01     0.3168     0.6505 0.0000e+00
        535  47.556325    0.03708     2.2252    133.515     52.497  50747.162    31.5128     5.0215     52.000     5.0177    24.9097     8.9500    12.7905    123.678    389.994    399.708   -0.04115    7.23654   10.34174  315.32925     5.0177   16.21041 2.5343e-01     0.3150     0.6494 0.0000e+00
        540  47.556341    0.03746     2.2477    134.865     53.507  50748.205    31.5130     5.0215     53.000     5.0176    24.9099     8.7847    12.5543    121.394    382.792    392.327   -0.03924    7.23654   10.34174  315.32924     5.0176   16.21041 2.2457e-01     0.3264     0.6530 0.0000e+00
