CTD-processing/allCTD/CNV/2021_10-21_ab_s12_cast199_4141.cnv
* Sea-Bird SBE19plus Data File:
* FileName = C:\Users\steve\Desktop\GWA\CTD\2021_10-21_AB\2021_10-21_AB_S0_cast199.hex
* Software Version 1.59
* Temperature SN =  4141
* Conductivity SN =  4141
* System UpLoad Time = Oct 22 2021 15:19:35
** Cook Inlet LTM AB
** Date: 10-21-2021
** Station:S12
** Start Time (AKDT):10:59
** Depth (m):78
** Comment:
** Comment:
# nquan = 27
# nvalues = 73                          
# units = specified
# name 0 = scan: Scan Count
# name 1 = timeJ: Julian Days
# name 2 = timeH: Time, Elapsed [hours]
# name 3 = timeM: Time, Elapsed [minutes]
# name 4 = timeS: Time, Elapsed [seconds]
# name 5 = prdM: Pressure, Strain Gauge [db]
# name 6 = specc: Specific Conductance [uS/cm]
# name 7 = sal00: Salinity, Practical [PSU]
# name 8 = tv290C: Temperature [ITS-90, deg C]
# name 9 = depSM: Depth [salt water, m], lat = 59.00
# name 10 = potemp090C: Potential Temperature [ITS-90, deg C]
# name 11 = sigma-é00: Density [sigma-theta, kg/m^3]
# name 12 = sbeox0ML/L: Oxygen, SBE 43 [ml/l]
# name 13 = sbeox0Mg/L: Oxygen, SBE 43 [mg/l]
# name 14 = sbeox0PS: Oxygen, SBE 43 [% saturation]
# name 15 = sbox0Mm/Kg: Oxygen, SBE 43 [umol/kg]
# name 16 = sbeox0Mm/L: Oxygen, SBE 43 [umol/l]
# name 17 = sbox0dV/dT: Oxygen, SBE 43 [dov/dt]
# name 18 = oxsolML/L: Oxygen Saturation, Garcia & Gordon [ml/l]
# name 19 = oxsolMg/L: Oxygen Saturation, Garcia & Gordon [mg/l]
# name 20 = oxsolMm/Kg: Oxygen Saturation, Garcia & Gordon [umol/kg]
# name 21 = n2satMg/L: Nitrogen Saturation [mg/l]
# name 22 = par: PAR/Irradiance, Biospherical/Licor
# name 23 = wetStar: Fluorescence, WET Labs WETstar [mg/m^3]
# name 24 = CStarAt0: Beam Attenuation, WET Labs C-Star [1/m]
# name 25 = CStarTr0: Beam Transmission, WET Labs C-Star [%]
# name 26 = flag: flag
# span 0 =        315,        695       
# span 1 = 294.458697, 294.459798       
# span 2 =    0.02178,    0.04822       
# span 3 =     1.3070,     2.8930       
# span 4 =     78.418,    173.581       
# span 5 =      1.011,     73.696       
# span 6 =  48588.457,  49112.000       
# span 7 =    30.6405,    30.9999       
# span 8 =     8.3659,     8.6086       
# span 9 =      1.000,     73.000       
# span 10 =     8.3806,     8.6057      
# span 11 =    23.8001,    24.0578      
# span 12 =     5.6326,     5.8737      
# span 13 =     8.0495,     8.3940      
# span 14 =     84.163,     87.528      
# span 15 =    245.642,    256.206      
# span 16 =    251.551,    262.317      
# span 17 =   -0.00486,    0.00373      
# span 18 =    6.68917,    6.73399      
# span 19 =    9.55950,    9.62355      
# span 20 =  291.76190,  293.74868      
# span 21 =   15.08953,   15.18519      
# span 22 = 4.6563e-02, 1.2515e+02      
# span 23 =     0.1134,     0.2975      
# span 24 =     0.6764,     1.7758      
# span 25 =    64.1506,    84.4426      
# span 26 = 0.0000e+00, 0.0000e+00      
# interval = meters: 1                  
# start_time = Oct 21 2021 10:59:13 [Instrument's time stamp, header]
# bad_flag = -9.990e-29
*END*
[from data line 54]
        597 294.459514    0.04138     2.4830    148.978     55.528  49056.361    30.9714     8.5543     55.000     8.5488    24.0327     5.6882     8.1290     85.012    248.074    254.035    0.00010    6.69109    9.56224  291.81113   15.09131 5.0478e-02     0.1235     0.8534    80.7870 0.0000e+00
        602 294.459527    0.04172     2.5028    150.170     56.533  49057.918    30.9721     8.5539     56.000     8.5481    24.0332     5.6831     8.1216     84.934    247.848    253.805   -0.00037    6.69112    9.56228  291.81234   15.09136 5.0229e-02     0.1340     0.8646    80.5628 0.0000e+00
        608 294.459545    0.04212     2.5277    151.659     57.550  49060.019    30.9730     8.5535     57.000     8.5476    24.0341     5.6800     8.1172     84.888    247.713    253.667   -0.00053    6.69114    9.56231  291.81309   15.09139 5.1149e-02     0.1202     0.8652    80.5484 0.0000e+00
        612 294.459557    0.04244     2.5465    152.791     58.560  49064.346    30.9755     8.5526     58.000     8.5458    24.0361     5.6733     8.1078     84.788    247.423    253.370   -0.00103    6.69118    9.56235  291.81377   15.09142 5.2110e-02     0.1371     0.8866    80.1204 0.0000e+00
        621 294.459583    0.04305     2.5830    154.979     59.564  49069.093    30.9781     8.5510     59.000     8.5449    24.0384     5.6755     8.1108     84.819    247.517    253.467   -0.00064    6.69130    9.56253  291.81852   15.09163 5.0299e-02     0.1288     0.9189    79.4752 0.0000e+00
        630 294.459608    0.04365     2.6189    157.134     60.580  49072.594    30.9799     8.5499     60.000     8.5433    24.0400     5.6769     8.1129     84.839    247.579    253.531   -0.00012    6.69138    9.56265  291.82156   15.09177 4.9347e-02     0.1271     0.9346    79.1624 0.0000e+00
        633 294.459619    0.04392     2.6353    158.115     61.576  49075.709    30.9815     8.5486     61.000     8.5416    24.0415     5.6750     8.1101     84.809    247.494    253.444   -0.00032    6.69151    9.56283  291.82665   15.09201 4.9344e-02     0.1169     0.9512    78.8346 0.0000e+00
        639 294.459636    0.04431     2.6585    159.511     62.600  49080.999    30.9843     8.5457     62.000     8.5386    24.0442     5.6721     8.1061     84.762    247.370    253.318   -0.00051    6.69182    9.56329  291.83991   15.09262 4.9103e-02     0.1236     0.9689    78.4887 0.0000e+00
        644 294.459650    0.04465     2.6791    160.746     63.600  49084.733    30.9863     8.5441     63.000     8.5375    24.0459     5.6677     8.0996     84.693    247.173    253.117   -0.00080    6.69198    9.56351  291.84619   15.09292 4.9644e-02     0.1186     1.0017    77.8481 0.0000e+00
        650 294.459666    0.04504     2.7021    162.127     64.613  49086.866    30.9872     8.5433     64.000     8.5368    24.0468     5.6706     8.1038     84.736    247.300    253.247   -0.00038    6.69206    9.56362  291.84936   15.09307 4.9918e-02     0.1219     1.0160    77.5693 0.0000e+00
        655 294.459682    0.04543     2.7256    163.534     65.630  49090.680    30.9894     8.5424     65.000     8.5353    24.0486     5.6696     8.1024     84.720    247.258    253.205   -0.00037    6.69211    9.56369  291.85083   15.09313 4.9632e-02     0.1196     1.0341    77.2198 0.0000e+00
        660 294.459695    0.04574     2.7446    164.675     66.630  49093.893    30.9910     8.5415     66.000     8.5346    24.0500     5.6647     8.0955     84.646    247.044    252.986   -0.00070    6.69218    9.56379  291.85349   15.09325 4.9064e-02     0.1202     1.0803    76.3325 0.0000e+00
        665 294.459711    0.04612     2.7671    166.027     67.642  49096.363    30.9922     8.5408     67.000     8.5339    24.0511     5.6599     8.0885     84.574    246.833    252.770   -0.00095    6.69222    9.56385  291.85505   15.09333 4.9334e-02     0.1219     1.0906    76.1350 0.0000e+00
        671 294.459727    0.04651     2.7906    167.433     68.655  49098.970    30.9935     8.5401     68.000     8.5330    24.0522     5.6564     8.0836     84.522    246.682    252.615   -0.00097    6.69227    9.56392  291.85677   15.09340 4.8599e-02     0.1184     1.1140    75.6920 0.0000e+00
        675 294.459741    0.04684     2.8103    168.615     69.660  49101.703    30.9948     8.5394     69.000     8.5323    24.0533     5.6562     8.0833     84.518    246.673    252.607   -0.00070    6.69232    9.56399  291.85865   15.09349 4.8147e-02     0.1134     1.1552    74.9165 0.0000e+00
        681 294.459756    0.04721     2.8325    169.950     70.675  49106.288    30.9974     8.5384     70.000     8.5308    24.0556     5.6517     8.0769     84.451    246.477    252.407   -0.00092    6.69236    9.56405  291.86004   15.09354 4.7399e-02     0.1235     1.2105    73.8932 0.0000e+00
        686 294.459771    0.04755     2.8532    171.192     71.686  49109.194    30.9989     8.5370     71.000     8.5296    24.0569     5.6479     8.0715     84.393    246.312    252.238   -0.00092    6.69251    9.56426  291.86598   15.09382 4.7612e-02     0.1158     1.4946    68.8331 0.0000e+00
        690 294.459783    0.04784     2.8705    172.230     72.688  49110.640    30.9993     8.5367     72.000     8.5294    24.0574     5.6407     8.0611     84.283    245.994    251.912   -0.00141    6.69253    9.56429  291.86663   15.09385 4.8951e-02     0.1149     1.7166    65.1110 0.0000e+00
        695 294.459798    0.04822     2.8930    173.581     73.696  49112.000    30.9999     8.5367     73.000     8.5295    24.0578     5.6326     8.0495     84.163    245.642    251.551   -0.00161    6.69250    9.56426  291.86572   15.09380 4.9028e-02     0.1421     1.7758    64.1506 0.0000e+00
