CTD-processing/allCTD/CNV/2021_10-21_ab_s04_cast207_4141.cnv
* Sea-Bird SBE19plus Data File:
* FileName = C:\Users\steve\Desktop\GWA\CTD\2021_10-21_AB\2021_10-21_AB_S0_cast207.hex
* Software Version 1.59
* Temperature SN =  4141
* Conductivity SN =  4141
* System UpLoad Time = Oct 22 2021 15:34:20
** Cook Inlet LTM AB
** Date: 10-21-2021
** Station:S04
** Start Time (AKDT):13:35
** Depth (m):157
** Comment:
** Comment:
# nquan = 27
# nvalues = 153                         
# units = specified
# name 0 = scan: Scan Count
# name 1 = timeJ: Julian Days
# name 2 = timeH: Time, Elapsed [hours]
# name 3 = timeM: Time, Elapsed [minutes]
# name 4 = timeS: Time, Elapsed [seconds]
# name 5 = prdM: Pressure, Strain Gauge [db]
# name 6 = specc: Specific Conductance [uS/cm]
# name 7 = sal00: Salinity, Practical [PSU]
# name 8 = tv290C: Temperature [ITS-90, deg C]
# name 9 = depSM: Depth [salt water, m], lat = 59.00
# name 10 = potemp090C: Potential Temperature [ITS-90, deg C]
# name 11 = sigma-é00: Density [sigma-theta, kg/m^3]
# name 12 = sbeox0ML/L: Oxygen, SBE 43 [ml/l]
# name 13 = sbeox0Mg/L: Oxygen, SBE 43 [mg/l]
# name 14 = sbeox0PS: Oxygen, SBE 43 [% saturation]
# name 15 = sbox0Mm/Kg: Oxygen, SBE 43 [umol/kg]
# name 16 = sbeox0Mm/L: Oxygen, SBE 43 [umol/l]
# name 17 = sbox0dV/dT: Oxygen, SBE 43 [dov/dt]
# name 18 = oxsolML/L: Oxygen Saturation, Garcia & Gordon [ml/l]
# name 19 = oxsolMg/L: Oxygen Saturation, Garcia & Gordon [mg/l]
# name 20 = oxsolMm/Kg: Oxygen Saturation, Garcia & Gordon [umol/kg]
# name 21 = n2satMg/L: Nitrogen Saturation [mg/l]
# name 22 = par: PAR/Irradiance, Biospherical/Licor
# name 23 = wetStar: Fluorescence, WET Labs WETstar [mg/m^3]
# name 24 = CStarAt0: Beam Attenuation, WET Labs C-Star [1/m]
# name 25 = CStarTr0: Beam Transmission, WET Labs C-Star [%]
# name 26 = flag: flag
# span 0 =        303,       1015       
# span 1 = 294.566603, 294.568663       
# span 2 =    0.02097,    0.07044       
# span 3 =     1.2582,     4.2263       
# span 4 =     75.494,    253.577       
# span 5 =      1.012,    154.454       
# span 6 =  48765.813,  49278.136       
# span 7 =    30.7965,    31.0595       
# span 8 =     8.3863,     8.6039       
# span 9 =      1.000,    153.000       
# span 10 =     8.3717,     8.6031      
# span 11 =    23.8902,    24.1275      
# span 12 =     5.7897,     6.0923      
# span 13 =     8.2741,     8.7065      
# span 14 =     86.313,     91.014      
# span 15 =    252.480,    265.733      
# span 16 =    258.569,    272.083      
# span 17 =   -0.00316,    0.00312      
# span 18 =    6.69028,    6.71261      
# span 19 =    9.56108,    9.59298      
# span 20 =  291.81224,  292.72216      
# span 21 =   15.09197,   15.13448      
# span 22 = 4.3874e-02, 5.4184e+01      
# span 23 =     0.1580,     0.7470      
# span 24 =     0.2512,     1.4515      
# span 25 =    69.5661,    93.9126      
# span 26 = 0.0000e+00, 0.0000e+00      
# interval = meters: 1                  
# start_time = Oct 21 2021 13:34:39 [Instrument's time stamp, header]
# bad_flag = -9.990e-29
*END*
[from data line 54]
        551 294.567322    0.03822     2.2937    137.624     55.534  48967.315    30.9098     8.5584     55.000     8.5533    23.9838     5.9870     8.5560     89.450    261.115    267.379   -0.00031    6.69317    9.56520  291.91529   15.09654 2.7239e-01     0.4263     0.2806    93.2263 0.0000e+00
        555 294.567333    0.03850     2.3103    138.620     56.533  48974.023    30.9142     8.5595     56.000     8.5557    23.9871     5.9887     8.5585     89.480    261.191    267.456   -0.00010    6.69280    9.56468  291.89869   15.09573 2.4875e-01     0.4006     0.2798    93.2451 0.0000e+00
        560 294.567346    0.03880     2.3280    139.683     57.548  48975.629    30.9154     8.5634     57.000     8.5583    23.9875     5.9845     8.5524     89.425    261.006    267.267   -0.00039    6.69215    9.56375  291.87021   15.09436 2.2809e-01     0.3440     0.2665    93.5538 0.0000e+00
        564 294.567358    0.03910     2.3461    140.764     58.552  48976.860    30.9158     8.5634     58.000     8.5568    23.9878     5.9811     8.5476     89.375    260.858    267.116   -0.00071    6.69215    9.56375  291.86990   15.09434 2.0920e-01     0.4602     0.2591    93.7292 0.0000e+00
        569 294.567373    0.03946     2.3674    142.044     59.568  48979.430    30.9169     8.5613     59.000     8.5545    23.9890     5.9852     8.5534     89.432    261.036    267.298   -0.00015    6.69241    9.56412  291.88088   15.09486 1.9277e-01     0.3952     0.2561    93.7978 0.0000e+00
        574 294.567386    0.03978     2.3867    143.201     60.579  48982.384    30.9182     8.5591     60.000     8.5524    23.9904     5.9847     8.5528     89.422    261.015    267.277   -0.00030    6.69268    9.56451  291.89237   15.09541 1.7874e-01     0.3596     0.2522    93.8904 0.0000e+00
        578 294.567398    0.04006     2.4033    144.198     61.582  48984.807    30.9193     8.5580     61.000     8.5513    23.9914     5.9865     8.5554     89.447    261.095    267.360   -0.00012    6.69280    9.56468  291.89744   15.09564 1.6485e-01     0.3670     0.2512    93.9126 0.0000e+00
        583 294.567412    0.04039     2.4231    145.385     62.590  48984.701    30.9183     8.5547     62.000     8.5457    23.9911     5.9856     8.5540     89.426    261.054    267.316   -0.00024    6.69333    9.56544  291.92076   15.09676 1.5256e-01     0.4229     0.2527    93.8783 0.0000e+00
        589 294.567430    0.04082     2.4492    146.950     63.615  48992.463    30.9221     8.5463     63.000     8.5387    23.9953     5.9816     8.5483     89.352    260.880    267.140   -0.00064    6.69444    9.56703  291.96794   15.09900 1.4142e-01     0.3846     0.2527    93.8777 0.0000e+00
        593 294.567441    0.04108     2.4651    147.904     64.609  48996.139    30.9240     8.5447     64.000     8.5379    23.9971     5.9896     8.5598     89.469    261.228    267.497    0.00012    6.69459    9.56724  291.97397   15.09928 1.3236e-01     0.3904     0.2557    93.8077 0.0000e+00
        597 294.567454    0.04139     2.4836    149.018     65.619  48997.701    30.9244     8.5427     65.000     8.5350    23.9977     5.9910     8.5617     89.486    261.288    267.558    0.00015    6.69488    9.56766  291.98648   15.09988 1.2244e-01     0.3840     0.2622    93.6540 0.0000e+00
        603 294.567470    0.04179     2.5072    150.429     66.637  49001.620    30.9262     8.5400     66.000     8.5330    23.9995     5.9902     8.5607     89.471    261.256    267.526   -0.00005    6.69521    9.56812  292.00014   15.10052 1.1476e-01     0.3861     0.2583    93.7461 0.0000e+00
        607 294.567483    0.04209     2.5258    151.550     67.649  49002.986    30.9266     8.5387     67.000     8.5313    24.0000     5.9930     8.5647     89.511    261.378    267.652    0.00011    6.69538    9.56837  292.00759   15.10087 1.0836e-01     0.4565     0.2590    93.7303 0.0000e+00
        611 294.567494    0.04235     2.5411    152.468     68.646  49002.598    30.9257     8.5374     68.000     8.5286    23.9995     5.9905     8.5610     89.468    261.264    267.534   -0.00014    6.69563    9.56873  292.01845   15.10140 1.0124e-01     0.4166     0.2628    93.6417 0.0000e+00
        616 294.567508    0.04269     2.5611    153.668     69.663  49007.259    30.9277     8.5321     69.000     8.5230    24.0019     5.9932     8.5649     89.499    261.383    267.656   -0.00009    6.69634    9.56974  292.04893   15.10285 9.6046e-02     0.3541     0.2660    93.5653 0.0000e+00
        620 294.567521    0.04302     2.5811    154.864     70.673  49011.244    30.9294     8.5276     70.000     8.5186    24.0039     5.9937     8.5657     89.499    261.405    267.679   -0.00011    6.69694    9.57060  292.07460   15.10407 9.1612e-02     0.3654     0.2704    93.4630 0.0000e+00
        625 294.567535    0.04333     2.5997    155.983     71.681  49015.544    30.9312     8.5226     71.000     8.5131    24.0061     5.9900     8.5602     89.434    261.238    267.510   -0.00044    6.69762    9.57156  292.10321   15.10543 8.6143e-02     0.3703     0.2788    93.2682 0.0000e+00
        630 294.567548    0.04366     2.6196    157.178     72.694  49021.222    30.9339     8.5172     72.000     8.5085    24.0090     5.9795     8.5453     89.269    260.785    267.045   -0.00130    6.69831    9.57255  292.13258   15.10682 8.2205e-02     0.3928     0.2847    93.1304 0.0000e+00
        634 294.567561    0.04396     2.6377    158.262     73.699  49023.950    30.9350     8.5144     73.000     8.5059    24.0103     5.9787     8.5441     89.251    260.746    267.007   -0.00112    6.69869    9.57309  292.14868   15.10758 7.8066e-02     0.4156     0.2936    92.9231 0.0000e+00
        639 294.567576    0.04432     2.6592    159.551     74.713  49026.896    30.9362     8.5111     74.000     8.5024    24.0117     5.9734     8.5366     89.167    260.516    266.772   -0.00129    6.69913    9.57372  292.16750   15.10848 7.4141e-02     0.3852     0.2996    92.7830 0.0000e+00
        645 294.567591    0.04469     2.6813    160.878     75.723  49029.676    30.9372     8.5077     75.000     8.4990    24.0129     5.9651     8.5247     89.037    260.153    266.400   -0.00160    6.69959    9.57438  292.18738   15.10942 7.1053e-02     0.3584     0.3028    92.7086 0.0000e+00
        649 294.567604    0.04501     2.7005    162.033     76.733  49033.189    30.9387     8.5046     76.000     8.4957    24.0146     5.9668     8.5271     89.056    260.227    266.477   -0.00113    6.70000    9.57497  292.20488   15.11025 6.8051e-02     0.3490     0.3082    92.5834 0.0000e+00
        654 294.567618    0.04533     2.7194    163.164     77.738  49037.205    30.9407     8.5019     77.000     8.4934    24.0166     5.9664     8.5266     89.047    260.211    266.461   -0.00090    6.70032    9.57542  292.21794   15.11087 6.5238e-02     0.3426     0.3086    92.5744 0.0000e+00
        659 294.567632    0.04567     2.7406    164.436     78.753  49039.559    30.9416     8.4999     78.000     8.4912    24.0176     5.9682     8.5292     89.071    260.290    266.541   -0.00055    6.70058    9.57581  292.22947   15.11142 6.3466e-02     0.3989     0.3075    92.6021 0.0000e+00
        664 294.567647    0.04602     2.7611    165.664     79.765  49041.541    30.9420     8.4959     79.000     8.4852    24.0185     5.9700     8.5318     89.090    260.370    266.623   -0.00032    6.70117    9.57665  292.25489   15.11263 6.1334e-02     0.3610     0.3167    92.3890 0.0000e+00
        668 294.567658    0.04630     2.7782    166.693     80.769  49049.001    30.9457     8.4888     80.000     8.4715    24.0225     5.9665     8.5267     89.024    260.211    266.462   -0.00066    6.70208    9.57795  292.29336   15.11445 5.9887e-02     0.3437     0.3463    91.7071 0.0000e+00
        672 294.567671    0.04659     2.7953    167.715     81.777  49069.498    30.9570     8.4711     81.000     8.4580    24.0339     5.9663     8.5264     88.993    260.200    266.454   -0.00074    6.70426    9.58106  292.38500   15.11878 5.7453e-02     0.3807     0.3884    90.7476 0.0000e+00
        677 294.567684    0.04692     2.8154    168.927     82.790  49081.183    30.9636     8.4633     82.000     8.4537    24.0402     5.9509     8.5044     88.750    259.527    265.766   -0.00182    6.70516    9.58234  292.42230   15.12053 5.5725e-02     0.3359     0.4030    90.4170 0.0000e+00
        681 294.567698    0.04724     2.8344    170.061     83.804  49084.161    30.9648     8.4605     83.000     8.4516    24.0416     5.9422     8.4919     88.616    259.146    265.376   -0.00222    6.70553    9.58286  292.43797   15.12128 5.4778e-02     0.3080     0.4101    90.2557 0.0000e+00
        685 294.567709    0.04752     2.8512    171.074     84.810  49085.739    30.9653     8.4596     84.000     8.4510    24.0422     5.9359     8.4830     88.522    258.875    265.098   -0.00209    6.70562    9.58299  292.44185   15.12146 5.3200e-02     0.3356     0.4107    90.2420 0.0000e+00
        690 294.567723    0.04786     2.8713    172.277     85.819  49087.597    30.9661     8.4591     85.000     8.4505    24.0429     5.9271     8.4705     88.390    258.491    264.706   -0.00230    6.70567    9.58308  292.44419   15.12157 5.1958e-02     0.3532     0.4093    90.2722 0.0000e+00
        695 294.567738    0.04821     2.8928    173.565     86.839  49087.614    30.9656     8.4586     86.000     8.4500    24.0426     5.9308     8.4757     88.444    258.654    264.871   -0.00132    6.70575    9.58320  292.44781   15.12174 5.1245e-02     0.3772     0.4106    90.2431 0.0000e+00
        699 294.567749    0.04846     2.9078    174.466     87.834  49088.994    30.9661     8.4585     87.000     8.4497    24.0430     5.9283     8.4721     88.405    258.539    264.755   -0.00122    6.70576    9.58321  292.44812   15.12176 5.0419e-02     0.3020     0.4174    90.0910 0.0000e+00
        703 294.567761    0.04878     2.9266    175.595     88.847  49092.198    30.9678     8.4579     88.000     8.4482    24.0444     5.9259     8.4688     88.370    258.438    264.652   -0.00115    6.70578    9.58323  292.44843   15.12177 4.9706e-02     0.3051     0.4154    90.1367 0.0000e+00
        708 294.567776    0.04912     2.9470    176.817     89.863  49097.057    30.9703     8.4545     89.000     8.4440    24.0468     5.9313     8.4764     88.445    258.670    264.891   -0.00051    6.70618    9.58380  292.46519   15.12256 4.9113e-02     0.3228     0.4164    90.1132 0.0000e+00
        713 294.567788    0.04941     2.9647    177.881     90.867  49105.797    30.9755     8.4512     90.000     8.4354    24.0514     5.9260     8.4689     88.363    258.441    264.657   -0.00080    6.70645    9.58419  292.47577   15.12304 4.8680e-02     0.3119     0.4171    90.0968 0.0000e+00
        717 294.567801    0.04972     2.9831    178.988     91.880  49150.737    31.0034     8.4307     91.000     8.4140    24.0763     5.9229     8.4645     88.292    258.300    264.519   -0.00104    6.70834    9.58688  292.55072   15.12651 4.8532e-02     0.2927     0.4390    89.6069 0.0000e+00
        721 294.567814    0.05003     3.0018    180.110     92.887  49170.162    31.0147     8.4185     92.000     8.4074    24.0869     5.9114     8.4481     88.103    257.796    264.005   -0.00179    6.70968    9.58881  292.60629   15.12912 4.8028e-02     0.2793     0.4372    89.6471 0.0000e+00
        726 294.567828    0.05037     3.0219    181.316     93.903  49180.306    31.0208     8.4147     93.000     8.4052    24.0922     5.8928     8.4215     87.822    256.984    263.175   -0.00281    6.70999    9.58925  292.61848   15.12967 4.7606e-02     0.2294     0.4145    90.1566 0.0000e+00
        730 294.567840    0.05066     3.0395    182.368     94.904  49197.208    31.0321     8.4146     94.000     8.4046    24.1012     5.8809     8.4044     87.650    256.461    262.642   -0.00316    6.70951    9.58857  292.59509   15.12851 4.7260e-02     0.1960     0.4463    89.4432 0.0000e+00
        735 294.567854    0.05100     3.0604    183.625     95.919  49201.898    31.0347     8.4125     95.000     8.4026    24.1035     5.8764     8.3979     87.580    256.263    262.439   -0.00260    6.70971    9.58886  292.60322   15.12889 4.6582e-02     0.1902     0.4878    88.5183 0.0000e+00
        740 294.567869    0.05135     3.0810    184.860     96.934  49212.011    31.0413     8.4120     96.000     8.4027    24.1087     5.8695     8.3881     87.481    255.961    262.133   -0.00239    6.70951    9.58855  292.59231   15.12834 4.6591e-02     0.1925     0.4985    88.2840 0.0000e+00
        744 294.567880    0.05163     3.0979    185.871     97.933  49215.495    31.0432     8.4122     97.000     8.4027    24.1103     5.8654     8.3822     87.420    255.780    261.946   -0.00219    6.70938    9.58838  292.58649   15.12805 4.6217e-02     0.1964     0.5811    86.4790 0.0000e+00
        750 294.567896    0.05199     3.1196    187.175     98.951  49218.325    31.0448     8.4124     98.000     8.4033    24.1115     5.8578     8.3714     87.309    255.451    261.610   -0.00210    6.70928    9.58824  292.58201   15.12784 4.5917e-02     0.1873     0.6196    85.6493 0.0000e+00
        755 294.567910    0.05234     3.1402    188.414     99.959  49220.598    31.0462     8.4144     99.000     8.4051    24.1123     5.8516     8.3624     87.220    255.177    261.330   -0.00201    6.70892    9.58773  292.56619   15.12708 4.5639e-02     0.1688     0.6992    83.9656 0.0000e+00
        759 294.567923    0.05264     3.1586    189.516    100.974  49223.110    31.0478     8.4157    100.000     8.4069    24.1134     5.8442     8.3520     87.114    254.857    261.003   -0.00202    6.70867    9.58737  292.55484   15.12653 4.5828e-02     0.1921     0.7602    82.6925 0.0000e+00
        763 294.567935    0.05294     3.1764    190.584    101.975  49225.478    31.0495     8.4188    101.000     8.4103    24.1142     5.8422     8.3491     87.092    254.770    260.914   -0.00172    6.70812    9.58658  292.53064   15.12536 4.5283e-02     0.1814     0.8255    81.3543 0.0000e+00
        768 294.567949    0.05329     3.1973    191.839    102.993  49226.956    31.0506     8.4225    102.000     8.4135    24.1146     5.8371     8.3419     87.024    254.550    260.689   -0.00163    6.70752    9.58572  292.50422   15.12410 4.5228e-02     0.1708     0.9087    79.6803 0.0000e+00
        773 294.567962    0.05359     3.2153    192.921    103.996  49224.978    31.0490     8.4241    103.000     8.4139    24.1131     5.8275     8.3282     86.883    254.130    260.258   -0.00188    6.70735    9.58547  292.49708   15.12376 4.4939e-02     0.1738     0.9718    78.4315 0.0000e+00
        777 294.567976    0.05392     3.2352    194.112    105.013  49227.099    31.0500     8.4239    104.000     8.4138    24.1140     5.8121     8.3060     86.653    253.455    259.567   -0.00276    6.70733    9.58545  292.49616   15.12371 4.4910e-02     0.1787     1.0038    77.8073 0.0000e+00
        782 294.567988    0.05421     3.2522    195.130    106.012  49231.558    31.0528     8.4249    105.000     8.4156    24.1161     5.8120     8.3060     86.656    253.454    259.566   -0.00210    6.70706    9.58506  292.48353   15.12310 4.4710e-02     0.1847     1.0537    76.8417 0.0000e+00
        787 294.568004    0.05459     3.2756    196.534    107.034  49232.060    31.0531     8.4269    106.000     8.4165    24.1160     5.8124     8.3066     86.665    253.471    259.584   -0.00132    6.70673    9.58459  292.46962   15.12243 4.4561e-02     0.1779     1.0642    76.6395 0.0000e+00
        792 294.568017    0.05490     3.2939    197.633    108.043  49231.250    31.0521     8.4271    107.000     8.4165    24.1152     5.7962     8.2834     86.423    252.763    258.859   -0.00228    6.70675    9.58462  292.47078   15.12249 4.4830e-02     0.1784     1.0785    76.3677 0.0000e+00
