CTD-processing/allCTD/CNV/2021_05-23_ab_s02_cast042_4141.cnv
* Sea-Bird SBE19plus Data File:
* FileName = C:\Users\steve\Desktop\GWA\CTD\2021_05-23_AB\2021_05-23_AB_S0_cast042.hex
* Software Version 1.59
* Temperature SN =  4141
* Conductivity SN =  4141
* System UpLoad Time = May 24 2021 14:12:23
** Cook Inlet LTM AB
** Date: 05-23-2021
** Station:S02
** Start Time (AKDT):10:37
** Depth (m):125
** Comment:
** Comment:
# nquan = 27
# nvalues = 116                         
# units = specified
# name 0 = scan: Scan Count
# name 1 = timeJ: Julian Days
# name 2 = timeH: Time, Elapsed [hours]
# name 3 = timeM: Time, Elapsed [minutes]
# name 4 = timeS: Time, Elapsed [seconds]
# name 5 = prdM: Pressure, Strain Gauge [db]
# name 6 = specc: Specific Conductance [uS/cm]
# name 7 = sal00: Salinity, Practical [PSU]
# name 8 = tv290C: Temperature [ITS-90, deg C]
# name 9 = depSM: Depth [salt water, m], lat = 59.00
# name 10 = potemp090C: Potential Temperature [ITS-90, deg C]
# name 11 = sigma-é00: Density [sigma-theta, kg/m^3]
# name 12 = sbeox0ML/L: Oxygen, SBE 43 [ml/l]
# name 13 = sbeox0Mg/L: Oxygen, SBE 43 [mg/l]
# name 14 = sbeox0PS: Oxygen, SBE 43 [% saturation]
# name 15 = sbox0Mm/Kg: Oxygen, SBE 43 [umol/kg]
# name 16 = sbeox0Mm/L: Oxygen, SBE 43 [umol/l]
# name 17 = sbox0dV/dT: Oxygen, SBE 43 [dov/dt]
# name 18 = oxsolML/L: Oxygen Saturation, Garcia & Gordon [ml/l]
# name 19 = oxsolMg/L: Oxygen Saturation, Garcia & Gordon [mg/l]
# name 20 = oxsolMm/Kg: Oxygen Saturation, Garcia & Gordon [umol/kg]
# name 21 = n2satMg/L: Nitrogen Saturation [mg/l]
# name 22 = par: PAR/Irradiance, Biospherical/Licor
# name 23 = wetStar: Fluorescence, WET Labs WETstar [mg/m^3]
# name 24 = CStarAt0: Beam Attenuation, WET Labs C-Star [1/m]
# name 25 = CStarTr0: Beam Transmission, WET Labs C-Star [%]
# name 26 = flag: flag
# span 0 =        391,        963       
# span 1 = 126.443189, 126.444844       
# span 2 =    0.02707,    0.06682       
# span 3 =     1.6247,     4.0089       
# span 4 =     97.480,    240.534       
# span 5 =      1.011,    117.061       
# span 6 =  50504.250,  51329.722       
# span 7 =    31.6169,    31.8261       
# span 8 =     4.6652,     6.2780       
# span 9 =      1.000,    116.000       
# span 10 =     4.6582,     6.2766      
# span 11 =    24.8512,    25.1782      
# span 12 =     7.2644,     7.9118      
# span 13 =    10.3816,    11.3068      
# span 14 =     99.732,    112.723      
# span 15 =    316.464,    344.723      
# span 16 =    324.430,    353.342      
# span 17 =   -0.00969,    0.00839      
# span 18 =    7.01125,    7.28451      
# span 19 =   10.01979,   10.41028      
# span 20 =  305.48797,  317.33592      
# span 21 =   15.74048,   16.30474      
# span 22 = 3.9622e-02, 4.2909e+02      
# span 23 =     0.2337,     4.7942      
# span 24 =     0.3416,     0.9959      
# span 25 =    77.9607,    91.8150      
# span 26 = 0.0000e+00, 0.0000e+00      
# interval = meters: 1                  
# start_time = May 06 2021 10:36:34 [Instrument's time stamp, header]
# bad_flag = -9.990e-29
*END*
[from data line 54]
        662 126.443973    0.04589     2.7538    165.230     55.523  50988.394    31.8101     5.6542     55.000     5.6437    25.0741     7.6423    10.9216    107.421    332.954    341.303    0.00040    7.11430   10.16706  309.95315   15.95320 2.2627e-01     1.3129     0.4501    89.3591 0.0000e+00
        667 126.443987    0.04625     2.7750    166.503     56.541  51003.755    31.8180     5.6433     56.000     5.6382    25.0817     7.6637    10.9522    107.700    333.886    342.261    0.00144    7.11577   10.16914  310.01446   15.95609 1.9731e-01     1.6799     0.4703    88.9075 0.0000e+00
        671 126.444000    0.04655     2.7929    167.575     57.541  50993.482    31.8094     5.6384     57.000     5.6281    25.0755     7.7038    11.0095    108.245    335.635    344.051    0.00374    7.11700   10.17090  310.06994   15.95877 1.7294e-01     1.8396     0.4868    88.5422 0.0000e+00
        676 126.444014    0.04689     2.8134    168.805     58.561  50977.398    31.7946     5.6225     58.000     5.5990    25.0656     7.7355    11.0548    108.638    337.020    345.468    0.00466    7.12040   10.17577  310.22139   15.96604 1.5168e-01     2.1570     0.4991    88.2720 0.0000e+00
        681 126.444027    0.04719     2.8317    169.902     59.560  50977.982    31.7833     5.5680     59.000     5.5419    25.0629     7.7491    11.0742    108.681    337.612    346.074    0.00368    7.13012   10.18965  310.64536   15.98629 1.3138e-01     2.0313     0.5764    86.5815 0.0000e+00
        686 126.444042    0.04756     2.8537    171.220     60.585  51029.924    31.8095     5.5237     60.000     5.5164    25.0888     7.7439    11.0668    108.513    337.378    345.842    0.00155    7.13636   10.19857  310.90948   15.99876 1.1588e-01     2.5445     0.5805    86.4964 0.0000e+00
        690 126.444054    0.04784     2.8702    172.210     61.578  51025.538    31.8049     5.5186     61.000     5.5083    25.0857     7.7396    11.0607    108.437    337.192    345.651    0.00071    7.13743   10.20010  310.95682   16.00104 1.0163e-01     2.3666     0.5677    86.7692 0.0000e+00
        695 126.444069    0.04822     2.8929    173.576     62.600  51033.768    31.8071     5.5041     62.000     5.4949    25.0891     7.7311    11.0485    108.282    336.821    345.272   -0.00030    7.13978   10.20347  311.05864   16.00588 9.0712e-02     3.1916     0.5721    86.6753 0.0000e+00
        700 126.444082    0.04852     2.9114    174.682     63.598  51025.176    31.7984     5.4931     63.000     5.4794    25.0835     7.7266    11.0421    108.184    336.626    345.070   -0.00079    7.14206   10.20672  311.15954   16.01071 8.2150e-02     3.7052     0.5968    86.1398 0.0000e+00
        705 126.444097    0.04888     2.9330    175.977     64.617  51047.843    31.8103     5.4772     64.000     5.4709    25.0947     7.7173    11.0288    108.022    336.217    344.654   -0.00145    7.14418   10.20975  311.24834   16.01490 7.3635e-02     3.6028     0.6016    86.0363 0.0000e+00
        710 126.444111    0.04921     2.9523    177.137     65.618  50997.619    31.7727     5.4653     65.000     5.4324    25.0663     7.7136    11.0233    107.911    336.061    344.485   -0.00162    7.14800   10.21521  311.42326   16.02338 6.8701e-02     3.5653     0.6153    85.7427 0.0000e+00
        715 126.444126    0.04958     2.9750    178.501     66.639  51037.185    31.7844     5.3930     66.000     5.3700    25.0837     7.6909    10.9911    107.419    335.071    343.476   -0.00359    7.15971   10.23195  311.92846   16.04739 6.2476e-02     3.3248     0.6058    85.9461 0.0000e+00
        720 126.444140    0.04991     2.9945    179.668     67.636  51033.553    31.7716     5.3466     67.000     5.3164    25.0789     7.6736    10.9663    107.050    334.316    342.701   -0.00451    7.16823   10.24412  312.30109   16.06519 5.8666e-02     3.0086     0.6326    85.3718 0.0000e+00
        725 126.444155    0.05027     3.0162    180.974     68.656  51081.406    31.7942     5.2998     68.000     5.2836    25.1020     7.6324    10.9074    106.373    332.515    340.863   -0.00654    7.17513   10.25397  312.59455   16.07907 5.5467e-02     3.3402     0.5736    86.6421 0.0000e+00
        730 126.444169    0.05060     3.0362    182.170     69.664  51084.837    31.7895     5.2688     69.000     5.2503    25.1018     7.5877    10.8436    105.669    330.568    338.866   -0.00824    7.18066   10.26189  312.83552   16.09056 5.3257e-02     2.4331     0.5642    86.8468 0.0000e+00
        734 126.444182    0.05093     3.0560    183.358     70.671  51098.977    31.7923     5.2384     70.000     5.2224    25.1074     7.5508    10.7908    105.080    328.959    337.219   -0.00901    7.18573   10.26912  313.05431   16.10097 5.1135e-02     2.9181     0.5781    86.5435 0.0000e+00
        740 126.444197    0.05130     3.0778    184.670     71.682  51105.292    31.7904     5.2116     71.000     5.1943    25.1089     7.5074    10.7288    104.408    327.067    335.279   -0.00969    7.19041   10.27581  313.25815   16.11068 4.9560e-02     2.1409     0.5646    86.8374 0.0000e+00
        745 126.444212    0.05165     3.0986    185.917     72.694  51108.452    31.7848     5.1779     72.000     5.1574    25.1082     7.4884    10.7016    104.056    326.238    334.430   -0.00874    7.19646   10.28446  313.52182   16.12326 4.8121e-02     1.9933     0.5605    86.9256 0.0000e+00
        750 126.444226    0.05198     3.1193    187.158     73.700  51134.501    31.7955     5.1463     73.000     5.1333    25.1201     7.4752    10.6828    103.802    325.662    333.842   -0.00769    7.20137   10.29147  313.73208   16.13323 4.7076e-02     3.1318     0.5707    86.7037 0.0000e+00
        755 126.444242    0.05235     3.1412    188.473     74.711  51124.496    31.7839     5.1267     74.000     5.1038    25.1131     7.4646    10.6677    103.600    325.205    333.372   -0.00644    7.20530   10.29708  313.90520   16.14151 4.5613e-02     3.3188     0.5841    86.4155 0.0000e+00
        760 126.444257    0.05273     3.1638    189.828     75.726  51131.008    31.7746     5.0649     75.000     5.0375    25.1124     7.4578    10.6579    103.345    324.905    333.064   -0.00580    7.21638   10.31293  314.38857   16.16457 4.5110e-02     2.3152     0.5777    86.5518 0.0000e+00
        765 126.444272    0.05307     3.1845    191.070     76.729  51152.956    31.7782     5.0144     76.000     4.9902    25.1208     7.4547    10.6536    103.181    324.772    332.930   -0.00508    7.22494   10.32516  314.75881   16.18218 4.4425e-02     2.2916     0.5871    86.3500 0.0000e+00
        771 126.444287    0.05345     3.2071    192.428     77.746  51183.589    31.7894     4.9718     77.000     4.9553    25.1343     7.4501    10.6470    103.020    324.568    332.726   -0.00443    7.23176   10.33492  315.05196   16.19609 4.3974e-02     1.5677     0.6259    85.5174 0.0000e+00
        775 126.444301    0.05378     3.2265    193.590     78.746  51185.216    31.7836     4.9427     78.000     4.9218    25.1329     7.4526    10.6506    102.979    324.675    332.836   -0.00355    7.23708   10.34250  315.28379   16.20715 4.3408e-02     1.4361     0.6205    85.6322 0.0000e+00
        781 126.444317    0.05418     3.2507    195.042     79.767  51211.733    31.7928     4.9038     79.000     4.8885    25.1444     7.4402    10.6328    102.717    324.130    332.280   -0.00376    7.24339   10.35152  315.55534   16.22004 4.3048e-02     1.4534     0.6237    85.5633 0.0000e+00
        786 126.444331    0.05450     3.2699    196.193     80.767  51213.613    31.7872     4.8750     80.000     4.8572    25.1430     7.4323    10.6216    102.534    323.788    331.929   -0.00368    7.24865   10.35906  315.78520   16.23100 4.2589e-02     1.3255     0.6812    84.3415 0.0000e+00
        791 126.444346    0.05485     3.2910    197.461     81.785  51240.039    31.8000     4.8531     81.000     4.8442    25.1555     7.4159    10.5980    102.262    323.067    331.194   -0.00406    7.25185   10.36361  315.92033   16.23738 4.2433e-02     1.3231     0.7135    83.6631 0.0000e+00
        795 126.444359    0.05516     3.3097    198.584     82.786  51240.466    31.7983     4.8467     82.000     4.8366    25.1549     7.3999    10.5751    102.024    322.368    330.477   -0.00416    7.25305   10.36533  315.97279   16.23988 4.2004e-02     1.2725     0.7229    83.4674 0.0000e+00
        800 126.444373    0.05550     3.3300    199.803     83.803  51244.650    31.7984     4.8359     83.000     4.8260    25.1560     7.3801    10.5469    101.726    321.509    329.596   -0.00465    7.25492   10.36801  316.05416   16.24375 4.1921e-02     1.5069     0.7202    83.5239 0.0000e+00
        805 126.444386    0.05582     3.3494    200.965     84.811  51250.337    31.8000     4.8278     84.000     4.8191    25.1582     7.3801    10.5469    101.707    321.507    329.595   -0.00358    7.25624   10.36989  316.11086   16.24644 4.1463e-02     1.3593     0.7293    83.3321 0.0000e+00
        809 126.444399    0.05613     3.3681    202.086     85.819  51257.174    31.8030     4.8228     85.000     4.8160    25.1611     7.3726    10.5362    101.593    321.178    329.259   -0.00326    7.25698   10.37094  316.14198   16.24792 4.1455e-02     1.5046     0.8007    81.8597 0.0000e+00
        814 126.444413    0.05647     3.3881    203.286     86.827  51258.818    31.8034     4.8217     86.000     4.8151    25.1616     7.3635    10.5232    101.466    320.783    328.854   -0.00308    7.25715   10.37119  316.14951   16.24828 4.1238e-02     1.5574     0.8296    81.2684 0.0000e+00
        820 126.444429    0.05685     3.4107    204.641     87.838  51258.239    31.8019     4.8189     87.000     4.8112    25.1607     7.3493    10.5029    101.262    320.164    328.219   -0.00317    7.25771   10.37200  316.17422   16.24946 4.1207e-02     1.8389     0.8791    80.2719 0.0000e+00
        825 126.444444    0.05722     3.4331    205.989     88.858  51262.893    31.8040     4.8161     88.000     4.8099    25.1627     7.3417    10.4921    101.152    319.833    327.881   -0.00281    7.25809   10.37253  316.19025   16.25022 4.1206e-02     1.3249     0.9034    79.7867 0.0000e+00
        829 126.444457    0.05751     3.4508    207.049     89.853  51261.559    31.8025     4.8158     89.000     4.8085    25.1615     7.3348    10.4822    101.055    319.534    327.573   -0.00266    7.25823   10.37274  316.19672   16.25053 4.1118e-02     1.3261     0.9473    78.9138 0.0000e+00
        835 126.444473    0.05792     3.4748    208.487     90.887  51263.862    31.8029     4.8129     90.000     4.8061    25.1622     7.3191    10.4598    100.833    318.849    326.872   -0.00297    7.25870   10.37340  316.21665   16.25147 4.1387e-02     1.3596     0.9134    79.5842 0.0000e+00
        839 126.444484    0.05817     3.4905    209.428     91.869  51263.870    31.8022     4.8119     91.000     4.8044    25.1617     7.3179    10.4579    100.812    318.794    326.815   -0.00247    7.25890   10.37369  316.22556   16.25190 4.0862e-02     1.2678     0.9410    79.0381 0.0000e+00
        844 126.444501    0.05857     3.5142    210.853     92.910  51262.012    31.7996     4.8079     92.000     4.7987    25.1600     7.3217    10.4634    100.853    318.959    326.985   -0.00170    7.25974   10.37489  316.26283   16.25368 4.1332e-02     1.4130     0.9177    79.5014 0.0000e+00
        848 126.444511    0.05882     3.5294    211.767     93.889  51267.948    31.8027     4.8059     93.000     4.7983    25.1627     7.3264    10.4702    100.915    319.166    327.196   -0.00097    7.25994   10.37517  316.27056   16.25404 4.0897e-02     1.2282     0.8986    79.8806 0.0000e+00
        853 126.444526    0.05918     3.5504    213.025     94.912  51260.922    31.7955     4.7975     94.000     4.7858    25.1579     7.3278    10.4722    100.909    319.229    327.260   -0.00082    7.26176   10.37777  316.35111   16.25790 4.1140e-02     1.2763     0.8529    80.7998 0.0000e+00
        858 126.444540    0.05951     3.5706    214.236     95.916  51272.561    31.8013     4.7902     95.000     4.7820    25.1633     7.3318    10.4779    100.951    319.401    327.437   -0.00053    7.26275   10.37919  316.39296   16.25987 4.0928e-02     1.2014     0.8228    81.4082 0.0000e+00
        863 126.444555    0.05987     3.5925    215.549     96.937  51241.134    31.7771     4.7805     96.000     4.7534    25.1452     7.3395    10.4889    101.016    319.741    327.781    0.00002    7.26562   10.38331  316.52377   16.26619 4.1137e-02     0.9229     0.8159    81.5481 0.0000e+00
        867 126.444567    0.06017     3.6104    216.624     97.933  51266.707    31.7834     4.7324     97.000     4.7123    25.1552     7.3324    10.4788    100.808    319.432    327.467   -0.00108    7.27370   10.39485  316.87257   16.28276 4.0859e-02     1.2680     0.8975    79.9014 0.0000e+00
        873 126.444583    0.06056     3.6333    217.998     98.948  51300.090    31.8009     4.7110     98.000     4.7031    25.1714     7.3167    10.4562    100.550    318.738    326.761   -0.00208    7.27660   10.39899  316.99396   16.28847 4.0843e-02     1.0975     0.9165    79.5235 0.0000e+00
        879 126.444600    0.06094     3.6568    219.409     99.967  51304.381    31.8036     4.7119     99.000     4.7060    25.1734     7.2991    10.4311    100.313    317.973    325.978   -0.00258    7.27631   10.39858  316.98055   16.28782 4.1027e-02     0.9560     0.9218    79.4173 0.0000e+00
        883 126.444611    0.06123     3.6739    220.435    100.958  51307.033    31.8052     4.7132    100.000     4.7088    25.1746     7.2928    10.4221    100.230    317.698    325.696   -0.00249    7.27601   10.39814  316.96691   16.28717 4.0779e-02     0.7932     0.9324    79.2073 0.0000e+00
        888 126.444628    0.06162     3.6970    221.822    101.987  51302.526    31.8033     4.7203    101.000     4.7139    25.1722     7.2942    10.4242    100.266    317.762    325.761   -0.00162    7.27487   10.39651  316.91809   16.28485 4.0822e-02     0.9258     0.9067    79.7176 0.0000e+00
        892 126.444639    0.06190     3.7140    222.841    102.977  51305.498    31.8053     4.7228    102.000     4.7173    25.1737     7.2929    10.4223    100.256    317.704    325.702   -0.00133    7.27432   10.39573  316.89380   16.28369 4.0705e-02     1.0584     0.9253    79.3473 0.0000e+00
        898 126.444655    0.06226     3.7357    224.144    104.004  51286.922    31.7910     4.7179    103.000     4.7025    25.1628     7.2982    10.4298    100.306    317.937    325.937   -0.00082    7.27589   10.39797  316.96538   16.28715 4.0752e-02     0.9765     0.9141    79.5702 0.0000e+00
        902 126.444667    0.06257     3.7542    225.252    105.001  51305.055    31.7989     4.6999    104.000     4.6912    25.1709     7.2986    10.4303    100.273    317.949    325.952   -0.00080    7.27865   10.40191  317.08295   16.29272 4.0698e-02     0.9326     0.9554    78.7548 0.0000e+00
        907 126.444682    0.06292     3.7747    226.482    106.022  51310.055    31.8019     4.7003    105.000     4.6932    25.1733     7.2919    10.4209    100.185    317.659    325.656   -0.00108    7.27843   10.40160  317.07296   16.29223 4.0765e-02     1.0403     0.9604    78.6559 0.0000e+00
        912 126.444695    0.06325     3.7948    227.689    107.023  51312.704    31.8030     4.6993    106.000     4.6932    25.1743     7.2854    10.4115    100.094    317.374    325.364   -0.00130    7.27855   10.40177  317.07765   16.29245 4.0690e-02     1.0348     0.9428    79.0012 0.0000e+00
        917 126.444711    0.06363     3.8176    229.057    108.044  51303.741    31.7974     4.7043    107.000     4.6938    25.1694     7.2861    10.4126    100.113    317.410    325.399   -0.00086    7.27795   10.40091  317.05303   16.29130 4.0822e-02     1.1360     0.9592    78.6791 0.0000e+00
