CTD-processing/allCTD/CNV/2021_04-16_ab_s04_cast018_5028.cnv
* Sea-Bird SBE19plus Data File:
* FileName = C:\Users\steve\Desktop\GWA\CTD\2021_04-16_AB\2021_04-16_AB_S0_cast018.hex
* Software Version 1.59
* Temperature SN =  5028
* Conductivity SN =  5028
* System UpLoad Time = Apr 17 2021 12:54:31
** Cook Inlet LTM AB
** Date: 04-16-2021
** Station:S04
** Start Time (AKDT):14:33
** Depth (m):155
** Comment:
** Comment:
# nquan = 27
# nvalues = 151                         
# units = specified
# name 0 = scan: Scan Count
# name 1 = timeJ: Julian Days
# name 2 = timeH: Time, Elapsed [hours]
# name 3 = timeM: Time, Elapsed [minutes]
# name 4 = timeS: Time, Elapsed [seconds]
# name 5 = prdM: Pressure, Strain Gauge [db]
# name 6 = specc: Specific Conductance [uS/cm]
# name 7 = sal00: Salinity, Practical [PSU]
# name 8 = tv290C: Temperature [ITS-90, deg C]
# name 9 = depSM: Depth [salt water, m], lat = 59.00
# name 10 = potemp090C: Potential Temperature [ITS-90, deg C]
# name 11 = sigma-é00: Density [sigma-theta, kg/m^3]
# name 12 = sbeox0ML/L: Oxygen, SBE 43 [ml/l]
# name 13 = sbeox0Mg/L: Oxygen, SBE 43 [mg/l]
# name 14 = sbeox0PS: Oxygen, SBE 43 [% saturation]
# name 15 = sbox0Mm/Kg: Oxygen, SBE 43 [umol/kg]
# name 16 = sbeox0Mm/L: Oxygen, SBE 43 [umol/l]
# name 17 = sbox0dV/dT: Oxygen, SBE 43 [dov/dt]
# name 18 = oxsolML/L: Oxygen Saturation, Garcia & Gordon [ml/l]
# name 19 = oxsolMg/L: Oxygen Saturation, Garcia & Gordon [mg/l]
# name 20 = oxsolMm/Kg: Oxygen Saturation, Garcia & Gordon [umol/kg]
# name 21 = potemp090C: Potential Temperature [ITS-90, deg C]
# name 22 = n2satMg/L: Nitrogen Saturation [mg/l]
# name 23 = par: PAR/Irradiance, Biospherical/Licor
# name 24 = flECO-AFL: Fluorescence, WET Labs ECO-AFL/FL [mg/m^3]
# name 25 = turbWETntu0: Turbidity, WET Labs ECO [NTU]
# name 26 = flag: flag
# span 0 =        264,        978       
# span 1 = 106.606930, 106.608997       
# span 2 =    0.01825,    0.06787       
# span 3 =     1.0952,     4.0719       
# span 4 =     65.709,    244.315       
# span 5 =      1.009,    152.482       
# span 6 =  51107.781,  51774.021       
# span 7 =    31.6356,    31.8577       
# span 8 =     3.7002,     4.3963       
# span 9 =      1.000,    151.000       
# span 10 =     3.6909,     4.3038      
# span 11 =    25.0802,    25.3162      
# span 12 =     7.3190,     7.6977      
# span 13 =    10.4596,    11.0009      
# span 14 =     99.715,    103.280      
# span 15 =    318.869,    335.319      
# span 16 =    326.866,    343.782      
# span 17 =   -0.00402,    0.05676      
# span 18 =    7.33977,    7.45647      
# span 19 =   10.48927,   10.65605      
# span 20 =  319.77419,  324.81192      
# span 21 =     3.6909,     4.3963      
# span 22 =   16.42137,   16.66055      
# span 23 = 3.7976e-02, 8.3667e+02      
# span 24 =     0.3977,     1.1828      
# span 25 =     0.3986,     1.1528      
# span 26 = 0.0000e+00, 0.0000e+00      
# interval = meters: 1                  
# start_time = Apr 16 2021 14:32:53 [Instrument's time stamp, header]
# bad_flag = -9.990e-29
*END*
        264 106.606930    0.01825     1.0952     65.709      1.009  51107.781    31.6462     4.3963      1.000     4.3038    25.0802     7.3190    10.4596     99.715    318.869    326.866    0.05676    7.33977   10.48927  319.77419     4.3963   16.42137 8.3667e+02     0.7091     0.5194 0.0000e+00
        269 106.606943    0.01858     1.1150     66.899      2.018  51184.882    31.6356     4.1272      2.000     4.0266    25.0983     7.4273    10.6144    100.527    323.582    331.704    0.04455    7.38842   10.55879  321.88797     4.1270   16.52196 7.2066e+02     0.5249     0.4340 0.0000e+00
        273 106.606955    0.01888     1.1325     67.952      3.028  51380.048    31.7304     3.9667      3.000     3.9466    25.1892     7.4154    10.5973    100.038    323.033    331.170    0.02926    7.41253   10.59324  322.90951     3.9665   16.57016 3.8360e+02     0.3977     0.5010 0.0000e+00
        277 106.606968    0.01917     1.1501     69.004      4.038  51411.014    31.7437     3.9363      4.000     3.9250    25.2028     7.4597    10.6606    100.570    324.957    333.147    0.02422    7.41735   10.60014  323.11546     3.9361   16.57990 2.8639e+02     0.4423     0.5136 0.0000e+00
        281 106.606980    0.01946     1.1676     70.056      5.047  51411.164    31.7371     3.9104      5.000     3.8917    25.1999     7.4783    10.6873    100.754    325.771    333.981    0.01884    7.42238   10.60732  323.33528     3.9101   16.59038 2.1537e+02     0.4813     0.5233 0.0000e+00
        286 106.606993    0.01976     1.1854     71.126      6.057  51420.447    31.7326     3.8681      6.000     3.8472    25.2004     7.4977    10.7149    100.907    326.615    334.846    0.01442    7.43028   10.61861  323.67935     3.8677   16.60676 1.9386e+02     0.5454     0.5311 0.0000e+00
        290 106.607005    0.02007     1.2040     72.239      7.066  51439.771    31.7352     3.8269      7.000     3.8094    25.2063     7.5258    10.7551    101.185    327.838    336.101    0.01172    7.43764   10.62913  323.99813     3.8264   16.62191 1.8205e+02     0.6106     0.5411 0.0000e+00
        294 106.607018    0.02038     1.2225     73.348      8.076  51453.263    31.7343     3.7878      8.000     3.7720    25.2094     7.5667    10.8136    101.638    329.620    337.930    0.01060    7.44480   10.63936  324.30891     3.7873   16.63669 1.5576e+02     0.6707     0.5413 0.0000e+00
        299 106.607031    0.02070     1.2420     74.519      9.085  51477.627    31.7435     3.7595      9.000     3.7529    25.2193     7.6239    10.8953    102.341    332.108    340.484    0.01099    7.44950   10.64608  324.51062     3.7589   16.64624 1.3570e+02     0.7977     0.5479 0.0000e+00
        304 106.607045    0.02102     1.2614     75.683     10.095  51483.785    31.7439     3.7463     10.000     3.7402    25.2208     7.6680    10.9584    102.901    334.031    342.456    0.01066    7.45189   10.64949  324.61410     3.7457   16.65116 1.1178e+02     0.9302     0.5546 0.0000e+00
        308 106.607058    0.02135     1.2811     76.869     11.104  51490.282    31.7448     3.7340     11.000     3.7274    25.2226     7.6937    10.9951    103.215    335.150    343.603    0.00920    7.45409   10.65263  324.70959     3.7333   16.65570 9.3299e+01     1.0626     0.5624 0.0000e+00
        313 106.607073    0.02169     1.3013     78.075     12.114  51502.868    31.7493     3.7196     12.000     3.7160    25.2275     7.6951    10.9970    103.200    335.205    343.661    0.00636    7.45647   10.65605  324.81192     3.7189   16.66055 7.7082e+01     1.0959     0.5898 0.0000e+00
        318 106.607085    0.02200     1.3200     79.201     13.123  51518.512    31.7595     3.7195     13.000     3.7218    25.2357     7.6977    11.0009    103.242    335.319    343.782    0.00475    7.45599   10.65535  324.78822     3.7187   16.65938 6.5251e+01     1.1274     0.5935 0.0000e+00
        322 106.607099    0.02231     1.3388     80.329     14.133  51520.266    31.7619     3.7267     14.000     3.7293    25.2370     7.6973    11.0003    103.256    335.300    343.762    0.00349    7.45455   10.65330  324.72529     3.7258   16.65637 5.5171e+01     1.1711     0.6031 0.0000e+00
        327 106.607111    0.02261     1.3566     81.398     15.142  51518.014    31.7616     3.7337     15.000     3.7345    25.2361     7.6910    10.9912    103.189    335.025    343.479    0.00217    7.45329   10.65150  324.67057     3.7328   16.65377 4.6282e+01     1.1828     0.5768 0.0000e+00
        331 106.607124    0.02292     1.3748     82.489     16.151  51515.667    31.7601     3.7366     16.000     3.7359    25.2347     7.6830    10.9797    103.088    334.677    343.122    0.00100    7.45283   10.65084  324.65082     3.7356   16.65284 3.9051e+01     1.1366     0.5602 0.0000e+00
        335 106.607135    0.02320     1.3917     83.504     17.161  51516.615    31.7604     3.7370     17.000     3.7362    25.2348     7.6830    10.9798    103.090    334.679    343.125    0.00065    7.45274   10.65071  324.64694     3.7360   16.65266 3.2853e+01     1.1326     0.5800 0.0000e+00
        339 106.607148    0.02349     1.4098     84.587     18.170  51518.195    31.7612     3.7378     18.000     3.7370    25.2354     7.6814    10.9774    103.070    334.606    343.050    0.00036    7.45257   10.65047  324.63943     3.7366   16.65230 2.7611e+01     1.1280     0.5512 0.0000e+00
        344 106.607161    0.02380     1.4279     85.673     19.180  51520.207    31.7622     3.7387     19.000     3.7382    25.2361     7.6771    10.9714    103.016    334.422    342.862   -0.00013    7.45235   10.65015  324.62938     3.7375   16.65181 2.3154e+01     1.1101     0.5410 0.0000e+00
        348 106.607173    0.02409     1.4455     86.727     20.190  51523.821    31.7648     3.7411     20.000     3.7420    25.2379     7.6806    10.9763    103.070    334.570    343.013    0.00011    7.45177   10.64933  324.60384     3.7399   16.65059 1.9515e+01     1.0919     0.5483 0.0000e+00
        352 106.607185    0.02440     1.4637     87.825     21.199  51526.878    31.7677     3.7465     21.000     3.7488    25.2397     7.6763    10.9703    103.030    334.387    342.827   -0.00015    7.45064   10.64770  324.55364     3.7452   16.64819 1.6424e+01     1.0990     0.5421 0.0000e+00
        357 106.607198    0.02470     1.4819     88.916     22.208  51529.467    31.7710     3.7549     22.000     3.7578    25.2416     7.6698    10.9610    102.966    334.102    342.535   -0.00052    7.44893   10.64527  324.47885     3.7536   16.64462 1.3849e+01     1.0979     0.5291 0.0000e+00
        361 106.607212    0.02502     1.5012     90.074     23.219  51525.128    31.7695     3.7632     23.000     3.7633    25.2397     7.6684    10.9589    102.966    334.039    342.470   -0.00045    7.44751   10.64324  324.41753     3.7618   16.64171 1.1677e+01     1.1032     0.5263 0.0000e+00
        366 106.607225    0.02534     1.5204     91.222     24.228  51527.394    31.7715     3.7668     24.000     3.7679    25.2409     7.6710    10.9626    103.011    334.151    342.585   -0.00016    7.44676   10.64217  324.38455     3.7653   16.64013 9.8988e+00     1.0292     0.5316 0.0000e+00
        371 106.607238    0.02566     1.5397     92.382     25.237  51528.697    31.7735     3.7737     25.000     3.7747    25.2419     7.6734    10.9659    103.062    334.255    342.692    0.00006    7.44539   10.64020  324.32430     3.7722   16.63726 8.3672e+00     1.0096     0.5227 0.0000e+00
        376 106.607253    0.02601     1.5607     93.639     26.247  51531.335    31.7763     3.7798     26.000     3.7828    25.2436     7.6793    10.9744    103.159    334.513    342.957    0.00046    7.44413   10.63841  324.26920     3.7782   16.63463 7.1072e+00     1.0159     0.5127 0.0000e+00
        380 106.607266    0.02634     1.5801     94.806     27.256  51551.223    31.7935     3.7967     27.000     3.8096    25.2557     7.6811    10.9771    103.238    334.589    343.039    0.00068    7.44019   10.63277  324.09369     3.7950   16.62621 6.0335e+00     1.0182     0.5000 0.0000e+00
        385 106.607281    0.02669     1.6012     96.071     28.266  51542.751    31.7956     3.8311     28.000     3.8382    25.2542     7.6777    10.9721    103.280    334.438    342.884    0.00069    7.43383   10.62367  323.81673     3.8294   16.61304 5.1408e+00     1.0128     0.4761 0.0000e+00
        390 106.607294    0.02700     1.6201     97.205     29.276  51547.470    31.8030     3.8502     29.000     3.8559    25.2583     7.6636    10.9519    103.143    333.822    342.254   -0.00020    7.42999   10.61820  323.64859     3.8484   16.60502 4.4004e+00     0.9592     0.4650 0.0000e+00
        394 106.607307    0.02732     1.6395     98.371     30.285  51541.921    31.8020     3.8637     30.000     3.8622    25.2561     7.6512    10.9343    103.010    333.284    341.702   -0.00086    7.42759   10.61477  323.54456     3.8618   16.60007 3.7979e+00     0.8953     0.4363 0.0000e+00
        399 106.607320    0.02762     1.6570     99.423     31.295  51543.179    31.8021     3.8629     31.000     3.8591    25.2563     7.6352    10.9115    102.794    332.591    340.990   -0.00174    7.42773   10.61497  323.55082     3.8609   16.60037 3.2890e+00     0.8603     0.4218 0.0000e+00
        403 106.607332    0.02793     1.6755    100.528     32.304  51548.386    31.8044     3.8594     32.000     3.8561    25.2584     7.6131    10.8799    102.489    331.626    340.002   -0.00290    7.42824   10.61570  323.57251     3.8574   16.60139 2.8689e+00     0.8222     0.4216 0.0000e+00
        407 106.607345    0.02822     1.6933    101.597     33.314  51550.113    31.8042     3.8561     33.000     3.8519    25.2586     7.5996    10.8605    102.298    331.034    339.395   -0.00321    7.42885   10.61657  323.59884     3.8540   16.60265 2.5056e+00     0.8021     0.4008 0.0000e+00
        412 106.607357    0.02853     1.7117    102.703     34.324  51553.354    31.8047     3.8512     34.000     3.8458    25.2595     7.5889    10.8453    102.143    330.572    338.922   -0.00319    7.42972   10.61782  323.63659     3.8490   16.60444 2.1950e+00     0.8077     0.4006 0.0000e+00
        416 106.607371    0.02885     1.7310    103.863     35.333  51559.147    31.8057     3.8412     35.000     3.8311    25.2612     7.5768    10.8281    101.955    330.043    338.380   -0.00332    7.43149   10.62034  323.71287     3.8390   16.60806 1.9186e+00     0.7739     0.3986 0.0000e+00
        421 106.607384    0.02918     1.7505    105.032     36.343  51576.073    31.8123     3.8230     36.000     3.8148    25.2682     7.5730    10.8225    101.863    329.873    338.208   -0.00294    7.43446   10.62459  323.84011     3.8208   16.61409 1.6863e+00     0.6956     0.4192 0.0000e+00
        426 106.607399    0.02951     1.7710    106.261     37.352  51586.022    31.8153     3.8099     37.000     3.8038    25.2718     7.5557    10.7979    101.601    329.121    337.438   -0.00336    7.43669   10.62777  323.93591     3.8076   16.61863 1.4829e+00     0.6369     0.4448 0.0000e+00
        431 106.607413    0.02985     1.7910    107.458     38.363  51593.634    31.8183     3.8031     38.000     3.7996    25.2748     7.5346    10.7677    101.301    328.199    336.493   -0.00402    7.43777   10.62931  323.98217     3.8008   16.62082 1.3048e+00     0.6367     0.4490 0.0000e+00
        435 106.607426    0.03017     1.8099    108.594     39.371  51595.981    31.8189     3.8011     39.000     3.7982    25.2755     7.5303    10.7616    101.240    328.013    336.304   -0.00333    7.43811   10.62981  323.99687     3.7987   16.62151 1.1434e+00     0.6204     0.4709 0.0000e+00
        440 106.607438    0.03048     1.8284    109.705     40.382  51596.831    31.8186     3.7999     40.000     3.7969    25.2754     7.5329    10.7652    101.271    328.123    336.417   -0.00235    7.43834   10.63013  324.00682     3.7974   16.62199 1.0050e+00     0.6185     0.4864 0.0000e+00
        444 106.607452    0.03079     1.8474    110.843     41.391  51598.840    31.8193     3.7990     41.000     3.7964    25.2760     7.5349    10.7680    101.296    328.211    336.507   -0.00162    7.43847   10.63031  324.01219     3.7965   16.62224 8.8009e-01     0.6112     0.4819 0.0000e+00
        449 106.607464    0.03108     1.8647    111.883     42.401  51599.338    31.8190     3.7987     42.000     3.7957    25.2758     7.5340    10.7669    101.284    328.175    336.470   -0.00132    7.43855   10.63043  324.01565     3.7961   16.62241 7.7227e-01     0.6081     0.4658 0.0000e+00
        453 106.607478    0.03140     1.8841    113.045     43.411  51599.169    31.8181     3.7973     43.000     3.7933    25.2752     7.5317    10.7636    101.248    328.073    336.365   -0.00120    7.43884   10.63085  324.02865     3.7947   16.62303 6.7759e-01     0.6072     0.4597 0.0000e+00
        457 106.607490    0.03170     1.9019    114.112     44.420  51599.757    31.8171     3.7937     44.000     3.7885    25.2748     7.5300    10.7611    101.216    327.999    336.289   -0.00111    7.43955   10.63187  324.05988     3.7909   16.62452 5.9501e-01     0.6064     0.4684 0.0000e+00
        462 106.607503    0.03201     1.9209    115.254     45.429  51603.626    31.8179     3.7885     45.000     3.7839    25.2759     7.5275    10.7575    101.169    327.889    336.176   -0.00112    7.44046   10.63316  324.09903     3.7856   16.62637 5.2201e-01     0.5833     0.4948 0.0000e+00
        466 106.607515    0.03231     1.9388    116.326     46.439  51607.292    31.8191     3.7854     46.000     3.7816    25.2772     7.5290    10.7597    101.184    327.957    336.247   -0.00083    7.44096   10.63387  324.12018     3.7826   16.62737 4.5836e-01     0.5855     0.5161 0.0000e+00
        471 106.607529    0.03265     1.9587    117.520     47.449  51609.080    31.8191     3.7827     47.000     3.7778    25.2775     7.5278    10.7581    101.161    327.906    336.194   -0.00074    7.44145   10.63458  324.14190     3.7798   16.62841 4.0192e-01     0.5891     0.5197 0.0000e+00
        476 106.607542    0.03296     1.9775    118.653     48.459  51616.091    31.8223     3.7781     48.000     3.7740    25.2804     7.5235    10.7518    101.093    327.714    335.999   -0.00095    7.44212   10.63554  324.17019     3.7751   16.62974 3.5312e-01     0.5747     0.5218 0.0000e+00
        481 106.607557    0.03330     1.9980    119.880     49.469  51622.664    31.8259     3.7768     49.000     3.7743    25.2835     7.5196    10.7463    101.041    327.545    335.826   -0.00100    7.44219   10.63563  324.17184     3.7737   16.62980 3.0985e-01     0.5655     0.5146 0.0000e+00
        485 106.607570    0.03362     2.0174    121.045     50.478  51627.588    31.8293     3.7790     50.000     3.7775    25.2859     7.5168    10.7422    101.010    327.419    335.698   -0.00095    7.44162   10.63481  324.14622     3.7758   16.62857 2.7262e-01     0.5845     0.5015 0.0000e+00
        490 106.607583    0.03394     2.0363    122.180     51.488  51627.674    31.8297     3.7824     51.000     3.7798    25.2859     7.5161    10.7412    101.009    327.389    335.667   -0.00074    7.44099   10.63392  324.11887     3.7792   16.62728 2.4111e-01     0.5781     0.4868 0.0000e+00
        494 106.607596    0.03427     2.0559    123.352     52.498  51627.691    31.8294     3.7835     52.000     3.7799    25.2857     7.5105    10.7332    100.936    327.145    335.417   -0.00095    7.44079   10.63364  324.11050     3.7802   16.62687 2.1357e-01     0.5515     0.4672 0.0000e+00
        499 106.607610    0.03457     2.0744    124.463     53.507  51630.003    31.8301     3.7821     53.000     3.7779    25.2864     7.5050    10.7255    100.861    326.909    335.175   -0.00115    7.44101   10.63394  324.11959     3.7788   16.62731 1.8982e-01     0.5568     0.4758 0.0000e+00
