CTD-processing/allCTD/CNV/2021_10-05_t7_s22_cast194_4141.cnv
* Sea-Bird SBE19plus Data File:
* FileName = C:\Users\steve\Desktop\GWA\CTD\2021_10-05_T7\2021_10-05_T7_S2_cast194.hex
* Software Version 1.59
* Temperature SN =  4141
* Conductivity SN =  4141
* System UpLoad Time = Oct 07 2021 15:54:29
** Cook Inlet LTM T7
** Date: 10-05-2021
** Station:S22
** Start Time (AKDT):12:17
** Depth (m):77
** Comment:
** Comment:
# nquan = 27
# nvalues = 67                          
# units = specified
# name 0 = scan: Scan Count
# name 1 = timeJ: Julian Days
# name 2 = timeH: Time, Elapsed [hours]
# name 3 = timeM: Time, Elapsed [minutes]
# name 4 = timeS: Time, Elapsed [seconds]
# name 5 = prdM: Pressure, Strain Gauge [db]
# name 6 = specc: Specific Conductance [uS/cm]
# name 7 = sal00: Salinity, Practical [PSU]
# name 8 = tv290C: Temperature [ITS-90, deg C]
# name 9 = depSM: Depth [salt water, m], lat = 59.00
# name 10 = potemp090C: Potential Temperature [ITS-90, deg C]
# name 11 = sigma-é00: Density [sigma-theta, kg/m^3]
# name 12 = sbeox0ML/L: Oxygen, SBE 43 [ml/l]
# name 13 = sbeox0Mg/L: Oxygen, SBE 43 [mg/l]
# name 14 = sbeox0PS: Oxygen, SBE 43 [% saturation]
# name 15 = sbox0Mm/Kg: Oxygen, SBE 43 [umol/kg]
# name 16 = sbeox0Mm/L: Oxygen, SBE 43 [umol/l]
# name 17 = sbox0dV/dT: Oxygen, SBE 43 [dov/dt]
# name 18 = oxsolML/L: Oxygen Saturation, Garcia & Gordon [ml/l]
# name 19 = oxsolMg/L: Oxygen Saturation, Garcia & Gordon [mg/l]
# name 20 = oxsolMm/Kg: Oxygen Saturation, Garcia & Gordon [umol/kg]
# name 21 = n2satMg/L: Nitrogen Saturation [mg/l]
# name 22 = par: PAR/Irradiance, Biospherical/Licor
# name 23 = wetStar: Fluorescence, WET Labs WETstar [mg/m^3]
# name 24 = CStarAt0: Beam Attenuation, WET Labs C-Star [1/m]
# name 25 = CStarTr0: Beam Transmission, WET Labs C-Star [%]
# name 26 = flag: flag
# span 0 =        271,        598       
# span 1 = 278.512273, 278.513222       
# span 2 =    0.01873,    0.04148       
# span 3 =     1.1236,     2.4889       
# span 4 =     67.414,    149.333       
# span 5 =      1.015,     67.632       
# span 6 =  48010.951,  49298.487       
# span 7 =    30.3995,    31.2206       
# span 8 =     9.1469,     9.6584       
# span 9 =      1.000,     67.000       
# span 10 =     9.1386,     9.6557      
# span 11 =    23.4195,    24.1387      
# span 12 =     5.8215,     6.1174      
# span 13 =     8.3195,     8.7425      
# span 14 =     88.306,     93.271      
# span 15 =    253.860,    266.949      
# span 16 =    259.988,    273.204      
# span 17 =   -0.00550,    0.02783      
# span 18 =    6.54950,    6.59248      
# span 19 =    9.35989,    9.42132      
# span 20 =  285.76008,  287.48105      
# span 21 =   14.80359,   14.88340      
# span 22 = 8.4101e-02, 4.6573e+01      
# span 23 =     0.3632,     0.9327      
# span 24 =     0.2253,     0.2694      
# span 25 =    93.4867,    94.5253      
# span 26 = 0.0000e+00, 0.0000e+00      
# interval = meters: 1                  
# start_time = Oct 05 2021 12:16:33 [Instrument's time stamp, header]
# bad_flag = -9.990e-29
*END*
        271 278.512273    0.01873     1.1236     67.414      1.015  48012.544    30.4082     9.6146      1.000     9.6146    23.4303     6.1174     8.7425     93.271    266.949    273.204    0.02783    6.55875    9.37311  286.20769   14.82581 4.6573e+01     0.7301     0.2694    93.4867 0.0000e+00
        275 278.512287    0.01905     1.1431     68.586      2.018  48010.951    30.4063     9.6121      2.000     9.6104    23.4293     6.0974     8.7138     92.959    266.075    272.309    0.01739    6.55919    9.37374  286.22721   14.82676 4.2597e+01     0.7389     0.2547    93.8314 0.0000e+00
        280 278.512300    0.01939     1.1630     69.783      3.031  48017.383    30.4101     9.6100      3.000     9.6112    23.4326     6.1002     8.7178     93.000    266.197    272.436    0.01173    6.55933    9.37394  286.23252   14.82699 3.4975e+01     0.7042     0.2514    93.9092 0.0000e+00
        285 278.512314    0.01969     1.1813     70.881      4.035  48017.882    30.4105     9.6132      4.000     9.6142    23.4324     6.0996     8.7169     92.998    266.171    272.408    0.00852    6.55885    9.37326  286.21180   14.82600 3.1756e+01     0.7429     0.2492    93.9604 0.0000e+00
        290 278.512328    0.02004     1.2027     72.160      5.047  48017.249    30.4100     9.6167      5.000     9.6163    23.4315     6.0948     8.7101     92.932    265.963    272.195    0.00525    6.55837    9.37257  286.19105   14.82501 2.8403e+01     0.7410     0.2502    93.9356 0.0000e+00
        294 278.512342    0.02038     1.2226     73.358      6.062  48015.756    30.4085     9.6162      6.000     9.6145    23.4304     6.0955     8.7110     92.939    265.990    272.223    0.00354    6.55851    9.37276  286.19729   14.82532 2.5349e+01     0.8048     0.2532    93.8650 0.0000e+00
        299 278.512354    0.02066     1.2398     74.389      7.060  48018.790    30.4101     9.6150      7.000     9.6149    23.4318     6.0938     8.7086     92.912    265.917    272.148    0.00234    6.55861    9.37292  286.20144   14.82551 2.3331e+01     0.7789     0.2511    93.9142 0.0000e+00
        304 278.512369    0.02102     1.2611     75.664      8.078  48017.835    30.4092     9.6165      8.000     9.6158    23.4309     6.0901     8.7034     92.859    265.757    271.983    0.00121    6.55844    9.37266  286.19402   14.82516 2.1222e+01     0.7889     0.2475    94.0009 0.0000e+00
        309 278.512383    0.02137     1.2819     76.913      9.081  48016.188    30.4076     9.6169      9.000     9.6160    23.4297     6.0842     8.6949     92.768    265.498    271.719    0.00017    6.55844    9.37266  286.19435   14.82518 1.9299e+01     0.7704     0.2479    93.9909 0.0000e+00
        314 278.512400    0.02176     1.3052     78.313     10.096  48013.856    30.4055     9.6166     10.000     9.6153    23.4281     6.0956     8.7113     92.942    266.001    272.232    0.00102    6.55858    9.37287  286.20089   14.82550 1.7539e+01     0.8698     0.2488    93.9698 0.0000e+00
        319 278.512413    0.02209     1.3255     79.528     11.114  48015.215    30.4061     9.6167     11.000     9.6157    23.4285     6.0964     8.7123     92.953    266.030    272.263    0.00071    6.55853    9.37281  286.19895   14.82541 1.5659e+01     0.9327     0.2470    94.0104 0.0000e+00
        323 278.512426    0.02238     1.3428     80.568     12.105  48016.932    30.4069     9.6170     12.000     9.6178    23.4291     6.1053     8.7250     93.090    266.419    272.661    0.00122    6.55846    9.37270  286.19550   14.82524 1.4271e+01     0.8499     0.2469    94.0134 0.0000e+00
        329 278.512443    0.02281     1.3685     82.109     13.130  48022.012    30.4114     9.6276     13.000     9.6296    23.4310     6.1029     8.7217     93.078    266.317    272.557    0.00064    6.55673    9.37023  286.11953   14.82159 1.2914e+01     0.8155     0.2463    94.0275 0.0000e+00
        334 278.512457    0.02313     1.3879     83.276     14.131  48012.800    30.4049     9.6299     14.000     9.6256    23.4255     6.1006     8.7183     93.044    266.215    272.452    0.00017    6.55667    9.37015  286.11870   14.82157 1.1644e+01     0.8040     0.2469    94.0148 0.0000e+00
        339 278.512472    0.02348     1.4091     84.545     15.147  48017.957    30.4073     9.6239     15.000     9.6215    23.4283     6.0956     8.7112     92.957    265.997    272.229   -0.00042    6.55745    9.37125  286.15167   14.82314 1.0405e+01     0.7696     0.2447    94.0667 0.0000e+00
        344 278.512484    0.02379     1.4272     85.632     16.144  48014.492    30.4043     9.6228     16.000     9.6186    23.4262     6.0976     8.7141     92.984    266.086    272.320   -0.00032    6.55775    9.37167  286.16508   14.82380 9.4013e+00     0.8033     0.2476    93.9969 0.0000e+00
        349 278.512500    0.02418     1.4505     87.029     17.169  48022.272    30.4084     9.6155     17.000     9.6155    23.4306     6.1058     8.7258     93.095    266.440    272.684    0.00045    6.55861    9.37292  286.20181   14.82553 8.4745e+00     0.7792     0.2495    93.9535 0.0000e+00
        353 278.512513    0.02448     1.4687     88.124     18.165  48022.478    30.4092     9.6235     18.000     9.6245    23.4299     6.1033     8.7222     93.074    266.332    272.572    0.00009    6.55743    9.37122  286.15027   14.82307 7.6173e+00     0.7724     0.2438    94.0861 0.0000e+00
        359 278.512529    0.02486     1.4918     89.509     19.187  48017.191    30.4056     9.6285     19.000     9.6271    23.4264     6.1093     8.7309     93.175    266.599    272.845    0.00060    6.55686    9.37040  286.12631   14.82194 6.8391e+00     0.7920     0.2436    94.0913 0.0000e+00
        364 278.512542    0.02518     1.5109     90.654     20.184  48023.447    30.4102     9.6335     20.000     9.6333    23.4293     6.1042     8.7235     93.109    266.372    272.613   -0.00005    6.55595    9.36910  286.08564   14.81998 6.1260e+00     0.8074     0.2456    94.0438 0.0000e+00
        369 278.512559    0.02558     1.5350     92.102     21.203  48021.896    30.4090     9.6354     21.000     9.6345    23.4280     6.1034     8.7224     93.101    266.340    272.579   -0.00009    6.55571    9.36877  286.07578   14.81951 5.5070e+00     0.7919     0.2448    94.0644 0.0000e+00
        375 278.512574    0.02594     1.5565     93.387     22.208  48030.661    30.4157     9.6430     22.000     9.6440    23.4321     6.1015     8.7197     93.091    266.255    272.494   -0.00022    6.55433    9.36679  286.01442   14.81655 4.9417e+00     0.7690     0.2454    94.0477 0.0000e+00
        380 278.512589    0.02630     1.5782     94.692     23.218  48026.276    30.4129     9.6486     23.000     9.6461    23.4290     6.0989     8.7158     93.060    266.138    272.374   -0.00033    6.55364    9.36581  285.98522   14.81517 4.4394e+00     0.7983     0.2439    94.0847 0.0000e+00
        385 278.512605    0.02668     1.6008     96.051     24.226  48030.417    30.4153     9.6481     24.000     9.6462    23.4310     6.0883     8.7009     92.901    265.681    271.906   -0.00118    6.55361    9.36576  285.98323   14.81506 3.9891e+00     0.7496     0.2450    94.0580 0.0000e+00
        391 278.512621    0.02707     1.6243     97.456     25.243  48040.498    30.4226     9.6530     25.000     9.6525    23.4359     6.0887     8.7014     92.921    265.695    271.923   -0.00072    6.55259    9.36431  285.93755   14.81284 3.5815e+00     0.7200     0.2453    94.0516 0.0000e+00
        395 278.512634    0.02738     1.6431     98.584     26.243  48030.666    30.4156     9.6555     26.000     9.6511    23.4301     6.0860     8.6975     92.881    265.580    271.803   -0.00076    6.55253    9.36421  285.93630   14.81281 3.2161e+00     0.7654     0.2445    94.0704 0.0000e+00
        400 278.512648    0.02772     1.6628     99.769     27.258  48040.724    30.4219     9.6528     27.000     9.6515    23.4354     6.0805     8.6897     92.795    265.338    271.556   -0.00109    6.55266    9.36440  285.94040   14.81298 2.8928e+00     0.7317     0.2456    94.0452 0.0000e+00
        405 278.512662    0.02806     1.6832    100.989     28.264  48040.599    30.4220     9.6579     28.000     9.6557    23.4348     6.0822     8.6921     92.831    265.412    271.631   -0.00060    6.55191    9.36333  285.90800   14.81144 2.6118e+00     0.7855     0.2432    94.1012 0.0000e+00
        410 278.512677    0.02841     1.7049    102.294     29.277  48028.208    30.4130     9.6584     29.000     9.6520    23.4276     6.0769     8.6844     92.745    265.179    271.393   -0.00095    6.55220    9.36375  285.92298   14.81219 2.3357e+00     0.7044     0.2442    94.0777 0.0000e+00
        415 278.512691    0.02875     1.7248    103.489     30.287  48022.202    30.4070     9.6478     30.000     9.6421    23.4246     6.0734     8.6795     92.667    265.031    271.239   -0.00118    6.55400    9.36632  286.00204   14.81599 2.1044e+00     0.7094     0.2471    94.0089 0.0000e+00
        420 278.512705    0.02908     1.7445    104.672     31.291  48038.532    30.4180     9.6471     31.000     9.6456    23.4333     6.0822     8.6921     92.807    265.412    271.631   -0.00018    6.55364    9.36580  285.98380   14.81508 1.8918e+00     0.7393     0.2460    94.0343 0.0000e+00
        425 278.512721    0.02946     1.7679    106.075     32.308  48013.469    30.3995     9.6436     32.000     9.6353    23.4195     6.0986     8.7155     93.038    266.130    272.363    0.00116    6.55492    9.36765  286.04402   14.81803 1.7072e+00     0.7755     0.2455    94.0476 0.0000e+00
        430 278.512734    0.02979     1.7877    107.264     33.315  48066.989    30.4369     9.6457     33.000     9.6494    23.4484     6.0900     8.7032     92.933    265.747    271.979    0.00021    6.55304    9.36495  285.95356   14.81355 1.5345e+00     0.7723     0.2444    94.0716 0.0000e+00
        435 278.512749    0.03015     1.8088    108.526     34.321  48141.126    30.4888     9.6482     34.000     9.6396    23.4885     6.0892     8.7021     92.958    265.702    271.943    0.00020    6.55050    9.36132  285.83147   14.80751 1.3912e+00     0.8051     0.2409    94.1560 0.0000e+00
        441 278.512766    0.03055     1.8332    109.991     35.339  48191.526    30.5224     9.6366     35.000     9.6322    23.5165     6.0660     8.6689     92.600    264.684    270.907   -0.00180    6.55076    9.36170  285.83522   14.80754 1.2481e+00     0.7502     0.2421    94.1263 0.0000e+00
        446 278.512780    0.03087     1.8525    111.147     36.337  48213.641    30.5374     9.6361     36.000     9.6290    23.5283     6.0439     8.6374     92.271    263.716    269.921   -0.00332    6.55020    9.36089  285.80743   14.80616 1.1241e+00     0.6865     0.2392    94.1955 0.0000e+00
        452 278.512797    0.03130     1.8782    112.690     37.359  48322.790    30.6114     9.6194     37.000     9.6067    23.5888     6.0291     8.6162     92.055    263.055    269.261   -0.00323    6.54950    9.35989  285.76008   14.80359 1.0188e+00     0.6959     0.2402    94.1716 0.0000e+00
        457 278.512812    0.03164     1.8985    113.907     38.357  48423.830    30.6780     9.5889     38.000     9.5690    23.6456     6.0097     8.5884     91.736    262.193    268.393   -0.00402    6.55110    9.36218  285.81402   14.80590 9.2120e-01     0.6615     0.2377    94.2308 0.0000e+00
        463 278.512828    0.03205     1.9229    115.376     39.376  48520.177    30.7399     9.5478     39.000     9.5303    23.7004     5.9808     8.5471     91.247    260.917    267.101   -0.00536    6.55444    9.36694  285.94417   14.81187 8.2422e-01     0.5986     0.2386    94.2097 0.0000e+00
        468 278.512843    0.03240     1.9439    116.634     40.379  48588.308    30.7832     9.5157     40.000     9.5030    23.7392     5.9619     8.5201     90.921    260.085    266.259   -0.00550    6.55727    9.37098  286.05660   14.81707 7.4340e-01     0.5951     0.2377    94.2304 0.0000e+00
        473 278.512860    0.03280     1.9680    118.080     41.391  48645.625    30.8197     9.4912     41.000     9.4670    23.7717     5.9439     8.4945     90.619    259.292    265.456   -0.00523    6.55927    9.37386  286.13513   14.82068 6.6877e-01     0.5560     0.2355    94.2827 0.0000e+00
        479 278.512875    0.03318     1.9908    119.448     42.410  48798.041    30.9173     9.4224     42.000     9.3916    23.8586     5.9297     8.4740     90.319    258.647    264.817   -0.00514    6.56514    9.38224  286.36683   14.83136 6.0491e-01     0.5673     0.2343    94.3111 0.0000e+00
        483 278.512887    0.03345     2.0072    120.434     43.401  48857.591    30.9538     9.3856     43.000     9.3715    23.8928     5.9195     8.4596     90.113    258.195    264.364   -0.00506    6.56894    9.38767  286.52311   14.83868 5.5137e-01     0.5352     0.2360    94.2699 0.0000e+00
        488 278.512903    0.03385     2.0311    121.869     44.428  48885.245    30.9704     9.3677     44.000     9.3652    23.9086     5.9021     8.4346     89.822    257.431    263.586   -0.00492    6.57084    9.39038  286.60135   14.84236 5.0156e-01     0.4841     0.2371    94.2460 0.0000e+00
        493 278.512917    0.03418     2.0506    123.038     45.428  48869.603    30.9598     9.3744     45.000     9.3761    23.8994     5.8917     8.4199     89.671    256.982    263.124   -0.00436    6.57031    9.38964  286.58109   14.84143 4.5570e-01     0.4574     0.2338    94.3223 0.0000e+00
        498 278.512931    0.03452     2.0714    124.286     46.443  48847.870    30.9460     9.3884     46.000     9.3818    23.8864     5.8921     8.4203     89.697    257.001    263.141   -0.00291    6.56886    9.38755  286.52122   14.83862 4.1264e-01     0.4897     0.2308    94.3936 0.0000e+00
        502 278.512944    0.03482     2.0891    125.346     47.444  48863.332    30.9556     9.3817     47.000     9.3742    23.8949     5.8930     8.4217     89.704    257.041    263.183   -0.00214    6.56941    9.38835  286.54320   14.83964 3.7573e-01     0.5065     0.2317    94.3728 0.0000e+00
        508 278.512959    0.03518     2.1107    126.642     48.461  48871.873    30.9607     9.3787     48.000     9.3682    23.8994     5.8932     8.4219     89.703    257.045    263.189   -0.00151    6.56965    9.38869  286.55226   14.84005 3.4259e-01     0.4984     0.2318    94.3697 0.0000e+00
        512 278.512973    0.03551     2.1305    127.828     49.464  48934.444    31.0005     9.3510     49.000     9.3244    23.9349     5.8930     8.4216     89.668    257.026    263.178   -0.00119    6.57199    9.39203  286.64435   14.84429 3.1148e-01     0.4905     0.2319    94.3681 0.0000e+00
        518 278.512988    0.03587     2.1524    129.146     50.489  48978.994    31.0271     9.3186     50.000     9.3212    23.9606     5.8749     8.3958     89.343    256.231    262.371   -0.00276    6.57558    9.39716  286.79361   14.85132 2.8399e-01     0.4719     0.2326    94.3521 0.0000e+00
        521 278.512999    0.03613     2.1679    130.074     51.480  48991.468    31.0356     9.3205     51.000     9.2976    23.9671     5.8800     8.4031     89.430    256.454    262.600   -0.00169    6.57495    9.39626  286.76435   14.84989 2.6008e-01     0.4512     0.2307    94.3965 0.0000e+00
        526 278.513011    0.03644     2.1864    131.183     52.497  49046.930    31.0696     9.2874     52.000     9.2737    23.9988     5.8724     8.3922     89.268    256.114    262.261   -0.00206    6.57834    9.40110  286.90311   14.85638 2.3802e-01     0.4786     0.2312    94.3832 0.0000e+00
        531 278.513026    0.03677     2.2064    132.381     53.509  49067.683    31.0821     9.2744     53.000     9.2666    24.0105     5.8607     8.3755     89.072    255.600    261.737   -0.00265    6.57970    9.40304  286.95925   14.85901 2.1813e-01     0.4634     0.2309    94.3892 0.0000e+00
