CTD-processing/allCTD/CNV/2021_11-14_t9_s10_cast022_4141.cnv
* Sea-Bird SBE19plus Data File:
* FileName = C:\Users\steve\Desktop\GWA\CTD\2021_11-14_T9\2021_11-14_T9_S0_cast022.hex
* Software Version 1.59
* Temperature SN =  4141
* Conductivity SN =  4141
* System UpLoad Time = Nov 24 2021 12:02:02
** Cook Inlet LTM AB
** Date: 11-14-2021
** Station:S10
** Start Time (AKST):16:07
** Depth (m):59
** Comment:
** Comment:
# nquan = 27
# nvalues = 55                          
# units = specified
# name 0 = scan: Scan Count
# name 1 = timeJ: Julian Days
# name 2 = timeH: Time, Elapsed [hours]
# name 3 = timeM: Time, Elapsed [minutes]
# name 4 = timeS: Time, Elapsed [seconds]
# name 5 = prdM: Pressure, Strain Gauge [db]
# name 6 = specc: Specific Conductance [uS/cm]
# name 7 = sal00: Salinity, Practical [PSU]
# name 8 = tv290C: Temperature [ITS-90, deg C]
# name 9 = depSM: Depth [salt water, m], lat = 59.00
# name 10 = potemp090C: Potential Temperature [ITS-90, deg C]
# name 11 = sigma-é00: Density [sigma-theta, kg/m^3]
# name 12 = sbeox0ML/L: Oxygen, SBE 43 [ml/l]
# name 13 = sbeox0Mg/L: Oxygen, SBE 43 [mg/l]
# name 14 = sbeox0PS: Oxygen, SBE 43 [% saturation]
# name 15 = sbox0Mm/Kg: Oxygen, SBE 43 [umol/kg]
# name 16 = sbeox0Mm/L: Oxygen, SBE 43 [umol/l]
# name 17 = sbox0dV/dT: Oxygen, SBE 43 [dov/dt]
# name 18 = oxsolML/L: Oxygen Saturation, Garcia & Gordon [ml/l]
# name 19 = oxsolMg/L: Oxygen Saturation, Garcia & Gordon [mg/l]
# name 20 = oxsolMm/Kg: Oxygen Saturation, Garcia & Gordon [umol/kg]
# name 21 = n2satMg/L: Nitrogen Saturation [mg/l]
# name 22 = par: PAR/Irradiance, Biospherical/Licor
# name 23 = wetStar: Fluorescence, WET Labs WETstar [mg/m^3]
# name 24 = CStarAt0: Beam Attenuation, WET Labs C-Star [1/m]
# name 25 = CStarTr0: Beam Transmission, WET Labs C-Star [%]
# name 26 = flag: flag
# span 0 =        348,        605       
# span 1 = 318.672312, 318.673057       
# span 2 =    0.02411,    0.04198       
# span 3 =     1.4462,     2.5184       
# span 4 =     86.771,    151.107       
# span 5 =      1.000,     55.403       
# span 6 =  48518.605,  49718.399       
# span 7 =    30.1260,    31.2916       
# span 8 =     3.6840,     7.6667       
# span 9 =      1.000,     55.000       
# span 10 =     4.1900,     7.6637      
# span 11 =    23.7657,    24.4144      
# span 12 =     6.0463,     6.9140      
# span 13 =     8.6407,     9.8808      
# span 14 =     85.894,     95.630      
# span 15 =    263.591,    301.612      
# span 16 =    270.025,    308.780      
# span 17 =   -0.02597,    0.02813      
# span 18 =    6.81663,    7.54345      
# span 19 =    9.74164,   10.78034      
# span 20 =  297.18071,  329.00713      
# span 21 =   15.34646,   16.86644      
# span 22 = 3.6906e-02, 5.5191e+00      
# span 23 =     0.2061,     0.4456      
# span 24 =     0.5828,     2.2123      
# span 25 =    57.0963,    86.4432      
# span 26 = 0.0000e+00, 0.0000e+00      
# interval = meters: 1                  
# start_time = Nov 14 2021 16:06:41 [Instrument's time stamp, header]
# bad_flag = -9.990e-29
*END*
        348 318.672312    0.02411     1.4462     86.771      1.000  49157.302    30.1583     3.6840      1.000     4.1900    23.9662     6.4811     9.2621     85.894    282.674    289.444   -0.02597    7.54345   10.78034  329.00713   16.86644 5.5191e+00     0.4162     2.2123    57.0963 0.0000e+00
        354 318.672328    0.02448     1.4691     88.146      2.029  48887.266    30.3126     5.2620      2.000     5.5071    23.9346     6.6773     9.5425     92.067    291.238    298.207    0.00619    7.25225   10.36419  316.31405   16.26225 5.4693e+00     0.4308     1.0854    75.9626 0.0000e+00
        357 318.672339    0.02475     1.4849     89.094      3.022  48563.030    30.1260     5.4476      3.000     5.5684    23.7657     6.9140     9.8808     95.630    301.612    308.780    0.02813    7.22996   10.33233  315.39428   16.21920 5.0902e+00     0.4456     1.0920    76.1140 0.0000e+00
        363 318.672354    0.02511     1.5066     90.397      4.044  48884.400    30.4432     5.9585      4.000     6.1739    23.9585     6.7147     9.5960     94.204    292.862    299.879    0.01218    7.12796   10.18657  310.88630   16.00325 4.2184e+00     0.4333     0.9743    78.3916 0.0000e+00
        367 318.672367    0.02542     1.5250     91.499      5.037  48738.126    30.4121     6.3390      5.000     6.4741    23.8890     6.6757     9.5403     94.478    291.182    298.138    0.01140    7.06590   10.09788  308.20061   15.87545 3.6123e+00     0.4301     0.8844    80.1672 0.0000e+00
        372 318.672382    0.02577     1.5464     92.783      6.062  48595.627    30.3664     6.6380      6.000     6.6835    23.8166     6.5537     9.3658     93.374    285.879    292.687    0.00238    7.01874   10.03048  306.16519   15.77865 2.9392e+00     0.3897     0.7643    82.6097 0.0000e+00
        377 318.672395    0.02609     1.5653     93.918      7.067  48518.605    30.3235     6.6996      7.000     6.7106    23.7751     6.4600     9.2320     92.145    281.803    288.503   -0.00466    7.01066   10.01892  305.82481   15.76260 2.6174e+00     0.3707     0.7150    83.6314 0.0000e+00
        381 318.672406    0.02637     1.5819     94.916      8.073  48587.029    30.3771     6.7387      8.000     6.7739    23.8125     6.3973     9.1424     91.367    279.058    285.703   -0.00810    7.00180   10.00629  305.42784   15.74346 2.1633e+00     0.3562     0.6886    84.1848 0.0000e+00
        385 318.672420    0.02669     1.6011     96.069      9.090  48685.315    30.4640     6.8519      9.000     6.9166    23.8667     6.3701     9.1034     91.270    277.855    284.487   -0.00654    6.97942    9.97430  304.43529   15.69579 1.8419e+00     0.3620     0.6349    85.3227 0.0000e+00
        389 318.672431    0.02696     1.6178     97.068     10.091  48635.788    30.4471     6.9569     10.000     6.9776    23.8400     6.3659     9.0975     91.421    277.680    284.301   -0.00400    6.96324    9.95117  303.73726   15.66258 1.5856e+00     0.3522     0.6247    85.5408 0.0000e+00
        394 318.672445    0.02729     1.6372     98.232     11.103  48609.410    30.4341     6.9905     11.000     6.9914    23.8255     6.3300     9.0462     90.969    276.119    282.698   -0.00512    6.95842    9.94428  303.53116   15.65280 1.3589e+00     0.3443     0.6186    85.6718 0.0000e+00
        399 318.672458    0.02761     1.6564     99.385     12.124  48619.329    30.4410     6.9932     12.000     6.9940    23.8305     6.2925     8.9926     90.440    274.481    281.022   -0.00662    6.95766    9.94319  303.49645   15.65112 1.1684e+00     0.3178     0.6204    85.6324 0.0000e+00
        402 318.672468    0.02785     1.6706    100.237     13.109  48654.445    30.4660     7.0001     13.000     7.0081    23.8494     6.2715     8.9627     90.168    273.562    280.087   -0.00679    6.95541    9.93998  303.39293   15.64608 9.8588e-01     0.3142     0.6268    85.4953 0.0000e+00
        407 318.672484    0.02822     1.6930    101.580     14.146  48670.810    30.4810     7.0247     14.000     7.0301    23.8580     6.2577     8.9429     90.029    272.957    279.469   -0.00543    6.95075    9.93331  303.18696   15.63620 8.4085e-01     0.3316     0.6245    85.5452 0.0000e+00
        411 318.672494    0.02848     1.7089    102.533     15.134  48675.008    30.4853     7.0356     15.000     7.0401    23.8600     6.2475     8.9283     89.908    272.512    279.014   -0.00477    6.94881    9.93054  303.10184   15.63212 7.0905e-01     0.3118     0.6326    85.3726 0.0000e+00
        416 318.672510    0.02885     1.7309    103.851     16.157  48678.628    30.4898     7.0505     16.000     7.0540    23.8617     6.2361     8.9120     89.776    272.012    278.503   -0.00405    6.94621    9.92683  302.98794   15.62667 6.0743e-01     0.2791     0.6318    85.3899 0.0000e+00
        421 318.672522    0.02915     1.7491    104.945     17.160  48706.638    30.5109     7.0629     17.000     7.0745    23.8767     6.2252     8.8964     89.658    271.534    278.017   -0.00359    6.94325    9.92260  302.85455   15.62023 5.1699e-01     0.2800     0.6359    85.3017 0.0000e+00
        425 318.672536    0.02946     1.7678    106.069     18.169  48718.019    30.5229     7.0905     18.000     7.1019    23.8825     6.2214     8.8910     89.668    271.367    277.847   -0.00271    6.93829    9.91551  302.63630   15.60977 4.3842e-01     0.2649     0.6373    85.2726 0.0000e+00
        430 318.672549    0.02979     1.7877    107.263     19.181  48740.935    30.5440     7.1244     19.000     7.1354    23.8948     6.2137     8.8801     89.640    271.030    277.506   -0.00200    6.93189    9.90636  302.35347   15.59620 3.6744e-01     0.2807     0.6365    85.2889 0.0000e+00
        435 318.672565    0.03017     1.8102    108.615     20.189  48747.516    30.5529     7.1534     20.000     7.1635    23.8981     6.2029     8.8646     89.548    270.555    277.021   -0.00193    6.92686    9.89917  302.13311   15.58565 3.2300e-01     0.2617     0.6319    85.3874 0.0000e+00
        441 318.672580    0.03055     1.8326    109.957     21.196  48796.932    30.5939     7.1965     21.000     7.2162    23.9247     6.1940     8.8519     89.533    270.160    276.624   -0.00147    6.91810    9.88666  301.74329   15.56689 2.7469e-01     0.2545     0.6340    85.3435 0.0000e+00
        445 318.672594    0.03086     1.8517    111.099     22.209  48815.580    30.6143     7.2438     22.000     7.2602    23.9345     6.1924     8.8496     89.620    270.090    276.555   -0.00055    6.90965    9.87459  301.37194   15.54910 2.3541e-01     0.2504     0.6307    85.4137 0.0000e+00
        450 318.672607    0.03118     1.8711    112.264     23.218  49065.844    30.8004     7.3215     23.000     7.4069    24.0705     6.1695     8.8168     89.557    269.052    275.528   -0.00084    6.88890    9.84493  300.42707   15.50326 2.0314e-01     0.2401     0.6295    85.4375 0.0000e+00
        455 318.672623    0.03155     1.8930    113.582     24.229  49170.680    30.9082     7.5376     24.000     7.5739    24.1262     6.1711     8.8191     90.089    269.109    275.601    0.00225    6.85001    9.78935  298.71458   15.42112 1.7591e-01     0.2707     0.6325    85.3750 0.0000e+00
        460 318.672637    0.03190     1.9141    114.846     25.234  49127.999    30.8880     7.5990     25.000     7.6031    24.1020     6.1499     8.7888     89.893    268.190    274.654    0.00075    6.84128    9.77688  298.34117   15.40339 1.5245e-01     0.2488     0.6451    85.1070 0.0000e+00
        466 318.672652    0.03227     1.9362    116.175     26.253  49145.502    30.9020     7.6131     26.000     7.6138    24.1111     6.1135     8.7368     89.400    266.602    273.029   -0.00225    6.83843    9.77281  298.21433   15.39728 1.3443e-01     0.2256     0.6374    85.2704 0.0000e+00
        470 318.672665    0.03257     1.9540    117.239     27.257  49155.959    30.9097     7.6187     27.000     7.6192    24.1164     6.1056     8.7255     89.299    266.254    272.674   -0.00241    6.83721    9.77106  298.15931   15.39463 1.1800e-01     0.2193     0.6454    85.1016 0.0000e+00
        474 318.672677    0.03285     1.9709    118.252     28.259  49194.932    30.9378     7.6277     28.000     7.6308    24.1373     6.1000     8.7175     89.252    266.005    272.426   -0.00198    6.83456    9.76726  298.03744   15.38869 1.0585e-01     0.2301     0.6392    85.2311 0.0000e+00
        479 318.672692    0.03321     1.9926    119.559     29.280  49231.511    30.9652     7.6420     29.000     7.6484    24.1568     6.0858     8.6972     89.089    265.380    271.791   -0.00227    6.83111    9.76233  297.88129   15.38113 9.5880e-02     0.2179     0.6207    85.6262 0.0000e+00
        484 318.672704    0.03351     2.0109    120.655     30.286  49251.718    30.9821     7.6631     30.000     7.6637    24.1673     6.0835     8.6940     89.109    265.277    271.688   -0.00175    6.82706    9.75656  297.70208   15.37251 8.7208e-02     0.2192     0.6050    85.9629 0.0000e+00
        488 318.672717    0.03381     2.0286    121.715     31.298  49276.850    30.9998     7.6667     31.000     7.6635    24.1806     6.0879     8.7002     89.190    265.466    271.885   -0.00073    6.82570    9.75461  297.63876   15.36941 7.8061e-02     0.2163     0.6012    86.0452 0.0000e+00
        492 318.672729    0.03410     2.0460    122.761     32.297  49376.603    31.0688     7.6663     32.000     7.6622    24.2349     6.0813     8.6908     89.134    265.165    271.591   -0.00096    6.82269    9.75031  297.49176   15.36211 7.2951e-02     0.2100     0.6004    86.0625 0.0000e+00
        498 318.672745    0.03449     2.0693    124.159     33.323  49477.686    31.1380     7.6615     33.000     7.6550    24.2899     6.0704     8.6752     89.003    264.673    271.102   -0.00133    6.82036    9.74699  297.37440   15.35623 7.0551e-02     0.2129     0.6052    85.9603 0.0000e+00
        503 318.672760    0.03484     2.0904    125.422     34.324  49587.406    31.2129     7.6542     34.000     7.6492    24.3497     6.0722     8.6778     89.059    264.738    271.184   -0.00078    6.81816    9.74383  297.26081   15.35051 6.5638e-02     0.2185     0.5919    86.2461 0.0000e+00
        508 318.672774    0.03520     2.1117    126.705     35.350  49640.444    31.2487     7.6501     35.000     7.6459    24.3784     6.0764     8.6836     89.132    264.910    271.368   -0.00014    6.81719    9.74244  297.21015   15.34794 6.1668e-02     0.2175     0.5828    86.4432 0.0000e+00
        512 318.672786    0.03546     2.1277    127.665     36.332  49647.367    31.2529     7.6486     36.000     7.6449    24.3819     6.0748     8.6815     89.110    264.844    271.302   -0.00027    6.81724    9.74251  297.21128   15.34798 5.9747e-02     0.2169     0.5916    86.2533 0.0000e+00
        519 318.672806    0.03596     2.1575    129.451     37.382  49654.253    31.2569     7.6471     37.000     7.6444    24.3854     6.0781     8.6861     89.155    264.982    271.444    0.00000    6.81730    9.74261  297.21322   15.34806 5.7196e-02     0.2230     0.5840    86.4145 0.0000e+00
        522 318.672817    0.03621     2.1725    130.349     38.357  49656.878    31.2585     7.6480     38.000     7.6445    24.3864     6.0715     8.6767     89.063    264.697    271.152   -0.00051    6.81708    9.74229  297.20318   15.34757 5.4973e-02     0.2061     0.6380    85.2584 0.0000e+00
        528 318.672834    0.03663     2.1974    131.841     39.391  49659.733    31.2600     7.6482     39.000     7.6450    24.3877     6.0704     8.6752     89.048    264.650    271.104   -0.00041    6.81698    9.74215  297.19865   15.34734 5.3488e-02     0.2107     0.6809    84.3467 0.0000e+00
        532 318.672843    0.03685     2.2107    132.644     40.367  49659.795    31.2598     7.6488     40.000     7.6453    24.3873     6.0685     8.6724     89.020    264.565    271.017   -0.00055    6.81690    9.74203  297.19491   15.34717 5.2753e-02     0.2145     0.7232    83.4598 0.0000e+00
        537 318.672859    0.03722     2.2332    133.991     41.400  49659.425    31.2591     7.6491     41.000     7.6454    24.3867     6.0609     8.6616     88.911    264.237    270.682   -0.00099    6.81689    9.74201  297.19474   15.34716 5.1721e-02     0.2159     0.7019    83.9066 0.0000e+00
        541 318.672870    0.03750     2.2499    134.994     42.397  49660.112    31.2591     7.6493     42.000     7.6454    24.3868     6.0579     8.6573     88.865    264.102    270.543   -0.00107    6.81685    9.74196  297.19292   15.34708 5.0878e-02     0.2078     0.7360    83.1961 0.0000e+00
        546 318.672885    0.03785     2.2709    136.254     43.411  49661.419    31.2596     7.6493     43.000     7.6453    24.3872     6.0591     8.6590     88.884    264.155    270.598   -0.00074    6.81684    9.74194  297.19234   15.34705 4.9838e-02     0.2095     0.7315    83.2872 0.0000e+00
        551 318.672899    0.03818     2.2912    137.470     44.417  49662.776    31.2601     7.6495     44.000     7.6453    24.3876     6.0652     8.6678     88.975    264.424    270.873   -0.00008    6.81678    9.74186  297.18958   15.34691 4.9438e-02     0.2267     0.7553    82.7937 0.0000e+00
        555 318.672912    0.03850     2.3103    138.617     45.427  49665.641    31.2616     7.6491     45.000     7.6446    24.3888     6.0662     8.6692     88.989    264.466    270.916 -4.377e-07    6.81678    9.74186  297.18943   15.34690 4.8688e-02     0.2342     0.7639    82.6148 0.0000e+00
        561 318.672927    0.03887     2.3320    139.918     46.442  49666.234    31.2615     7.6488     46.000     7.6449    24.3888     6.0636     8.6656     88.951    264.355    270.802   -0.00031    6.81682    9.74191  297.19088   15.34697 4.8348e-02     0.2163     0.7789    82.3056 0.0000e+00
        565 318.672940    0.03918     2.3505    141.029     47.445  49666.233    31.2612     7.6495     47.000     7.6453    24.3884     6.0598     8.6601     88.897    264.189    270.632   -0.00049    6.81673    9.74178  297.18704   15.34679 4.8312e-02     0.2228     0.7652    82.5879 0.0000e+00
        570 318.672955    0.03954     2.3723    142.335     48.463  49668.665    31.2624     7.6496     48.000     7.6449    24.3894     6.0560     8.6546     88.840    264.020    270.459   -0.00077    6.81667    9.74170  297.18420   15.34664 4.8077e-02     0.2299     0.7498    82.9067 0.0000e+00
        575 318.672970    0.03989     2.3932    143.591     49.467  49679.448    31.2692     7.6479     49.000     7.6416    24.3950     6.0624     8.6637     88.935    264.297    270.745   -0.00011    6.81663    9.74164  297.18071   15.34646 4.7752e-02     0.2407     0.7570    82.7583 0.0000e+00
        581 318.672986    0.04027     2.4160    144.962     50.476  49694.998    31.2789     7.6433     50.000     7.6374    24.4032     6.0597     8.6598     88.891    264.176    270.623   -0.00030    6.81692    9.74205  297.19098   15.34690 4.6982e-02     0.2173     0.8033    81.8051 0.0000e+00
        586 318.673002    0.04065     2.4390    146.340     51.490  49702.693    31.2834     7.6409     51.000     7.6357    24.4071     6.0539     8.6516     88.804    263.924    270.366   -0.00075    6.81708    9.74229  297.19707   15.34718 3.7258e-02     0.2151     0.8179    81.5085 0.0000e+00
        591 318.673015    0.04098     2.4588    147.526     52.504  49707.571    31.2861     7.6398     52.000     7.6343    24.4095     6.0463     8.6407     88.692    263.591    270.025   -0.00117    6.81713    9.74236  297.19865   15.34724 3.6919e-02     0.2099     0.8399    81.0611 0.0000e+00
        595 318.673027    0.04126     2.4753    148.518     53.501  49712.560    31.2889     7.6384     53.000     7.6328    24.4118     6.0478     8.6429     88.712    263.656    270.092   -0.00094    6.81723    9.74250  297.20203   15.34739 3.6906e-02     0.2070     0.8564    80.7277 0.0000e+00
