CTD-processing/allCTD/CNV/2021_03-23_ab_s09_cast178_5028.cnv
* Sea-Bird SBE19plus Data File:
* FileName = C:\Users\steve\Desktop\GWA CTD\2021_03-23_AB\2021_03-23_AB_S0_cast178.hex
* Software Version 1.59
* Temperature SN =  5028
* Conductivity SN =  5028
* System UpLoad Time = Mar 24 2021 11:06:58
** Cook Inlet LTM AB
** Date: 03-23-2021
** Station:S09
** Start Time (AKDT):14:09
** Depth (m):68
** Comment:
** Comment:
# nquan = 27
# nvalues = 65                          
# units = specified
# name 0 = scan: Scan Count
# name 1 = timeJ: Julian Days
# name 2 = timeH: Time, Elapsed [hours]
# name 3 = timeM: Time, Elapsed [minutes]
# name 4 = timeS: Time, Elapsed [seconds]
# name 5 = prdM: Pressure, Strain Gauge [db]
# name 6 = specc: Specific Conductance [uS/cm]
# name 7 = sal00: Salinity, Practical [PSU]
# name 8 = tv290C: Temperature [ITS-90, deg C]
# name 9 = depSM: Depth [salt water, m], lat = 59.00
# name 10 = potemp090C: Potential Temperature [ITS-90, deg C]
# name 11 = sigma-é00: Density [sigma-theta, kg/m^3]
# name 12 = sbeox0ML/L: Oxygen, SBE 43 [ml/l]
# name 13 = sbeox0Mg/L: Oxygen, SBE 43 [mg/l]
# name 14 = sbeox0PS: Oxygen, SBE 43 [% saturation]
# name 15 = sbox0Mm/Kg: Oxygen, SBE 43 [umol/kg]
# name 16 = sbeox0Mm/L: Oxygen, SBE 43 [umol/l]
# name 17 = sbox0dV/dT: Oxygen, SBE 43 [dov/dt]
# name 18 = oxsolML/L: Oxygen Saturation, Garcia & Gordon [ml/l]
# name 19 = oxsolMg/L: Oxygen Saturation, Garcia & Gordon [mg/l]
# name 20 = oxsolMm/Kg: Oxygen Saturation, Garcia & Gordon [umol/kg]
# name 21 = potemp090C: Potential Temperature [ITS-90, deg C]
# name 22 = n2satMg/L: Nitrogen Saturation [mg/l]
# name 23 = par: PAR/Irradiance, Biospherical/Licor
# name 24 = flECO-AFL: Fluorescence, WET Labs ECO-AFL/FL [mg/m^3]
# name 25 = turbWETntu0: Turbidity, WET Labs ECO [NTU]
# name 26 = flag: flag
# span 0 =        223,        575       
# span 1 =  82.590422,  82.591442       
# span 2 =    0.01541,    0.03988       
# span 3 =     0.9246,     2.3927       
# span 4 =     55.474,    143.560       
# span 5 =      1.010,     65.625       
# span 6 =  50371.920,  51565.398       
# span 7 =    30.7463,    31.6600       
# span 8 =     2.5295,     3.5878       
# span 9 =      1.000,     65.000       
# span 10 =     2.5958,     3.5840      
# span 11 =    24.5241,    25.1943      
# span 12 =     6.9056,     9.7557      
# span 13 =     9.8688,    13.9419      
# span 14 =     89.271,    128.057      
# span 15 =    301.058,    425.038      
# span 16 =    308.405,    435.692      
# span 17 =   -0.02257,    0.04367      
# span 18 =    7.48691,    7.73847      
# span 19 =   10.69955,   11.05904      
# span 20 =  326.16532,  337.37659      
# span 21 =     2.5295,     3.5837      
# span 22 =   16.72538,   17.26116      
# span 23 = 3.7976e-02, 3.6618e+02      
# span 24 =     0.1402,     7.0557      
# span 25 =     0.7959,     1.2464      
# span 26 = 0.0000e+00, 0.0000e+00      
# interval = meters: 1                  
# start_time = Mar 23 2021 14:09:17 [Instrument's time stamp, header]
# bad_flag = -9.990e-29
*END*
        223  82.590422    0.01541     0.9246     55.474      1.010  50371.920    30.7463     2.5295      1.000     2.5958    24.5241     6.9056     9.8688     89.271    301.058    308.405    0.00650    7.73847   11.05904  337.37659     2.5295   17.26116 3.6618e+02     7.0557     0.9746 0.0000e+00
        309  82.590673    0.02142     1.2850     77.101      2.019  51408.405    31.4035     2.6183      2.000     2.6304    25.0457     7.1625    10.2359     93.254    312.061    319.877    0.01728    7.68061   10.97636  334.63375     2.6183   17.12861 2.9510e+02     0.1402     0.8989 0.0000e+00
        312  82.590679    0.02157     1.2942     77.650      3.028  51490.334    31.4740     2.6717      3.000     2.7400    25.0978     7.3476    10.5004     95.840    320.109    328.143    0.02637    7.66683   10.95667  334.01754     2.6716   17.09906 2.2585e+02     0.3136     0.9275 0.0000e+00
        316  82.590690    0.02184     1.3104     78.625      4.037  51444.533    31.4786     2.8054      4.000     2.8475    25.0908     7.4958    10.7122     98.102    326.567    334.761    0.03157    7.64102   10.91979  332.89544     2.8052   17.04575 1.7963e+02     0.3421     0.9277 0.0000e+00
        320  82.590702    0.02212     1.3271     79.628      5.048  51349.224    31.4289     2.8618      5.000     2.8576    25.0466     7.6111    10.8770     99.716    331.608    339.914    0.03272    7.63286   10.90812  332.55435     2.8615   17.02975 1.4223e+02     0.3546     0.9188 0.0000e+00
        324  82.590714    0.02240     1.3441     80.644      6.057  51355.148    31.4295     2.8510      6.000     2.8509    25.0480     7.6500    10.9326    100.198    333.300    341.649    0.02695    7.63489   10.91102  332.64202     2.8506   17.03391 1.1466e+02     0.3587     0.9272 0.0000e+00
        328  82.590725    0.02269     1.3612     81.669      7.066  51383.920    31.4511     2.8612      7.000     2.8745    25.0644     7.7563    11.0844    101.631    337.923    346.393    0.02669    7.63180   10.90661  332.50244     2.8608   17.02720 9.2182e+01     0.3621     0.9365 0.0000e+00
        332  82.590737    0.02297     1.3779     82.673      8.076  51367.070    31.4456     2.8852      8.000     2.8898    25.0581     7.9549    11.3683    104.292    346.581    355.265    0.03321    7.62753   10.90050  332.31800     2.8848   17.01846 7.5221e+01     0.3733     0.9363 0.0000e+00
        336  82.590748    0.02324     1.3944     83.664      9.085  51351.581    31.4360     2.8906      9.000     2.8867    25.0501     8.1800    11.6901    107.250    356.392    365.320    0.03992    7.62702   10.89977  332.29845     2.8900   17.01757 6.1438e+01     0.3930     0.9439 0.0000e+00
        340  82.590760    0.02351     1.4107     84.642     10.095  51353.433    31.4348     2.8833     10.000     2.8800    25.0497     8.3812    11.9775    109.866    365.154    374.301    0.04367    7.62846   10.90183  332.36153     2.8827   17.02057 5.0242e+01     0.3914     0.9455 0.0000e+00
        343  82.590771    0.02378     1.4266     85.597     11.104  51358.772    31.4368     2.8793     11.000     2.8779    25.0516     8.5344    12.1964    111.866    371.829    381.144    0.04362    7.62910   10.90275  332.38873     2.8787   17.02186 4.1111e+01     0.3916     0.9464 0.0000e+00
        347  82.590782    0.02405     1.4431     86.585     12.114  51359.792    31.4367     2.8780     12.000     2.8762    25.0516     8.6425    12.3511    113.280    376.544    385.977    0.04050    7.62937   10.90314  332.40065     2.8773   17.02242 3.3513e+01     0.4017     0.9408 0.0000e+00
        351  82.590794    0.02433     1.4595     87.568     13.123  51361.112    31.4365     2.8759     13.000     2.8747    25.0516     8.7070    12.4433    114.120    379.354    388.857    0.03504    7.62976   10.90370  332.41778     2.8752   17.02323 2.7373e+01     0.4091     0.9439 0.0000e+00
        355  82.590805    0.02461     1.4766     88.595     14.133  51368.844    31.4412     2.8760     14.000     2.8792    25.0554     8.7609    12.5202    114.829    381.698    391.262    0.02982    7.62950   10.90332  332.40493     2.8753   17.02260 2.2406e+01     0.4226     0.9510 0.0000e+00
        360  82.590818    0.02490     1.4939     89.635     15.142  51386.036    31.4559     2.8894     15.000     2.9011    25.0660     8.8201    12.6048    115.655    384.272    393.905    0.02625    7.62620   10.89860  332.25774     2.8886   17.01555 1.8454e+01     0.4026     0.9458 0.0000e+00
        364  82.590830    0.02519     1.5113     90.676     16.151  51383.456    31.4605     2.9156     16.000     2.9256    25.0676     8.8966    12.7142    116.739    387.607    397.325    0.02495    7.62099   10.89116  332.03046     2.9147   17.00474 1.5276e+01     0.3869     0.9143 0.0000e+00
        368  82.590842    0.02549     1.5292     91.751     17.161  51369.543    31.4555     2.9340     17.000     2.9363    25.0620     8.9832    12.8379    117.924    391.380    401.189    0.02437    7.61776   10.88654  331.89134     2.9330   16.99815 1.2714e+01     0.3587     0.9020 0.0000e+00
        372  82.590855    0.02579     1.5474     92.844     18.171  51362.020    31.4509     2.9379     18.000     2.9350    25.0581     9.0646    12.9543    119.001    394.930    404.826    0.02323    7.61725   10.88581  331.87021     2.9369   16.99717 1.0561e+01     0.3404     0.9080 0.0000e+00
        377  82.590867    0.02609     1.5653     93.916     19.180  51361.769    31.4487     2.9321     19.000     2.9271    25.0568     9.1507    13.0774    120.113    398.684    408.673    0.02261    7.61846   10.88755  331.92366     2.9311   16.99972 8.7498e+00     0.3425     0.9154 0.0000e+00
        381  82.590880    0.02638     1.5827     94.959     20.189  51367.254    31.4498     2.9242     20.000     2.9202    25.0583     9.2439    13.2104    121.313    402.740    412.832    0.02271    7.61990   10.88960  331.98591     2.9231   17.00267 7.2523e+00     0.3494     0.9264 0.0000e+00
        385  82.590890    0.02666     1.5993     95.956     21.199  51369.887    31.4496     2.9187     21.000     2.9144    25.0586     9.3465    13.3572    122.642    407.213    417.417    0.02369    7.62097   10.89112  332.03214     2.9175   17.00486 6.0331e+00     0.3401     0.9319 0.0000e+00
        389  82.590902    0.02693     1.6159     96.957     22.209  51375.660    31.4515     2.9129     22.000     2.9107    25.0606     9.4490    13.5036    123.970    411.676    421.993    0.02453    7.62196   10.89254  332.07480     2.9117   17.00688 5.0335e+00     0.3443     0.9304 0.0000e+00
        393  82.590914    0.02721     1.6327     97.964     23.218  51380.585    31.4540     2.9123     23.000     2.9118    25.0627     9.5409    13.6350    125.177    415.681    426.099    0.02449    7.62196   10.89254  332.07406     2.9110   17.00684 4.2025e+00     0.3483     0.9313 0.0000e+00
        397  82.590925    0.02749     1.6492     98.950     24.227  51382.669    31.4554     2.9143     24.000     2.9148    25.0637     9.6240    13.7536    126.274    419.297    429.806    0.02407    7.62149   10.89187  332.05323     2.9130   17.00584 3.5080e+00     0.3472     0.9369 0.0000e+00
        401  82.590937    0.02778     1.6665     99.992     25.237  51383.242    31.4564     2.9185     25.000     2.9191    25.0641     9.6907    13.8489    127.163    422.202    432.784    0.02251    7.62064   10.89066  332.01608     2.9172   17.00407 2.9308e+00     0.3500     0.9311 0.0000e+00
        405  82.590950    0.02807     1.6844    101.061     26.247  51384.550    31.4580     2.9229     26.000     2.9243    25.0650     9.7312    13.9069    127.711    423.971    434.597    0.01948    7.61974   10.88937  331.97654     2.9214   17.00219 2.4450e+00     0.3431     0.9298 0.0000e+00
        409  82.590962    0.02836     1.7018    102.110     27.256  51387.669    31.4614     2.9296     27.000     2.9334    25.0671     9.7557    13.9419    128.057    425.038    435.692    0.01623    7.61827   10.88728  331.91213     2.9282   16.99912 2.0388e+00     0.3282     0.9289 0.0000e+00
        414  82.590975    0.02867     1.7202    103.210     28.266  51397.421    31.4719     2.9465     28.000     2.9561    25.0742     9.7502    13.9340    128.047    424.792    435.443    0.01207    7.61453   10.88193  331.74682     2.9450   16.99123 1.7024e+00     0.3171     0.9256 0.0000e+00
        418  82.590987    0.02897     1.7382    104.292     29.276  51384.383    31.4682     2.9681     29.000     2.9717    25.0695     9.7140    13.8823    127.637    423.218    433.827    0.00699    7.61064   10.87637  331.57870     2.9665   16.98325 1.4177e+00     0.3211     0.9429 0.0000e+00
        422  82.590999    0.02927     1.7562    105.374     30.285  51376.488    31.4647     2.9769     30.000     2.9766    25.0659     9.6568    13.8005    126.910    420.726    431.272    0.00160    7.60915   10.87424  331.51498     2.9753   16.98024 1.1775e+00     0.3215     0.9384 0.0000e+00
        427  82.591012    0.02955     1.7735    106.408     31.295  51375.832    31.4644     2.9793     31.000     2.9783    25.0655     9.5821    13.6938    125.937    417.475    427.939   -0.00366    7.60872   10.87363  331.49644     2.9776   16.97936 9.8036e-01     0.3203     0.9380 0.0000e+00
        431  82.591023    0.02984     1.7907    107.441     32.304  51376.233    31.4645     2.9806     32.000     2.9794    25.0654     9.4993    13.5754    124.851    413.864    424.238   -0.00819    7.60846   10.87325  331.48502     2.9789   16.97882 8.1918e-01     0.3029     0.9464 0.0000e+00
        435  82.591035    0.03013     1.8075    108.448     33.314  51378.757    31.4660     2.9820     33.000     2.9818    25.0665     9.4194    13.4612    123.807    410.383    420.670   -0.01150    7.60814   10.87278  331.47055     2.9801   16.97813 6.8694e-01     0.3170     0.9513 0.0000e+00
        439  82.591047    0.03041     1.8243    109.457     34.324  51386.869    31.4723     2.9872     34.000     2.9916    25.0712     9.3217    13.3217    122.544    406.127    416.309   -0.01483    7.60682   10.87090  331.41156     2.9853   16.97530 5.7783e-01     0.3307     0.9499 0.0000e+00
        443  82.591059    0.03069     1.8415    110.492     35.334  51394.354    31.4812     3.0038     35.000     3.0119    25.0769     9.2122    13.1653    121.162    401.355    411.419   -0.01811    7.60321   10.86575  331.25256     3.0019   16.96771 4.8777e-01     0.3364     0.9371 0.0000e+00
        447  82.591071    0.03099     1.8596    111.576     36.343  51391.008    31.4841     3.0254     36.000     3.0315    25.0775     9.1105    13.0198    119.891    396.922    406.875   -0.01968    7.59898   10.85971  331.06824     3.0234   16.95894 4.1227e-01     0.3161     0.9442 0.0000e+00
        452  82.591084    0.03129     1.8774    112.642     37.353  51383.348    31.4824     3.0405     37.000     3.0426    25.0748     9.0089    12.8747    118.597    392.497    402.339   -0.02110    7.59621   10.85575  330.94840     3.0385   16.95326 3.4951e-01     0.3083     0.9459 0.0000e+00
        456  82.591097    0.03160     1.8957    113.739     38.363  51378.997    31.4808     3.0477     38.000     3.0472    25.0730     8.9090    12.7319    117.302    388.144    397.876   -0.02199    7.59493   10.85392  330.89322     3.0456   16.95064 2.9778e-01     0.3072     0.9211 0.0000e+00
        461  82.591110    0.03191     1.9147    114.881     39.372  51379.849    31.4817     3.0510     39.000     3.0502    25.0735     8.8078    12.5873    115.980    383.738    393.359   -0.02257    7.59428   10.85298  330.86456     3.0488   16.94928 2.5293e-01     0.2956     0.9223 0.0000e+00
        465  82.591123    0.03222     1.9336    116.016     40.381  51382.133    31.4837     3.0546     40.000     3.0544    25.0747     8.7263    12.4707    114.918    380.183    389.716   -0.02184    7.59350   10.85187  330.83023     3.0523   16.94763 2.1408e-01     0.3048     0.9345 0.0000e+00
        470  82.591136    0.03255     1.9530    117.181     41.391  51383.860    31.4858     3.0602     41.000     3.0605    25.0759     8.6569    12.3716    114.022    377.160    386.618   -0.02025    7.59232   10.85019  330.77852     3.0580   16.94517 1.8120e-01     0.3068     0.9406 0.0000e+00
        474  82.591149    0.03286     1.9713    118.276     42.401  51381.752    31.4852     3.0651     42.000     3.0640    25.0750     8.6031    12.2948    113.327    374.818    384.217   -0.01852    7.59143   10.84892  330.74004     3.0628   16.94334 1.5401e-01     0.3065     0.9371 0.0000e+00
        478  82.591161    0.03315     1.9888    119.327     43.411  51382.443    31.4856     3.0673     43.000     3.0661    25.0752     8.5688    12.2457    112.881    373.322    382.683   -0.01613    7.59099   10.84829  330.72077     3.0650   16.94243 1.3186e-01     0.3022     0.9184 0.0000e+00
        483  82.591174    0.03344     2.0065    120.389     44.420  51387.557    31.4894     3.0705     44.000     3.0709    25.0780     8.5337    12.1956    112.431    371.793    381.117   -0.01423    7.59019   10.84714  330.68508     3.0681   16.94071 1.1374e-01     0.3091     0.9002 0.0000e+00
        487  82.591185    0.03373     2.0237    121.422     45.429  51391.375    31.4932     3.0773     45.000     3.0783    25.0804     8.4957    12.1412    111.952    370.135    379.418   -0.01315    7.58873   10.84506  330.62053     3.0747   16.93763 9.8952e-02     0.3121     0.9076 0.0000e+00
        491  82.591197    0.03402     2.0409    122.455     46.439  51391.346    31.4945     3.0842     46.000     3.0844    25.0808     8.4642    12.0962    111.557    368.763    378.011   -0.01190    7.58736   10.84310  330.56090     3.0816   16.93480 8.6721e-02     0.2974     0.8963 0.0000e+00
        495  82.591209    0.03431     2.0585    123.508     47.449  51392.035    31.4960     3.0898     47.000     3.0896    25.0816     8.4300    12.0473    111.123    367.272    376.484   -0.01107    7.58622   10.84146  330.51080     3.0873   16.93241 7.6679e-02     0.2935     0.8766 0.0000e+00
        499  82.591222    0.03460     2.0761    124.566     48.458  51391.267    31.4961     3.0942     48.000     3.0927    25.0813     8.3898    11.9899    110.605    365.521    374.689   -0.01086    7.58540   10.84030  330.47521     3.0915   16.93072 6.8333e-02     0.3024     0.8736 0.0000e+00
        504  82.591234    0.03490     2.0940    125.639     49.469  51392.854    31.4973     3.0967     49.000     3.0955    25.0820     8.3476    11.9294    110.055    363.679    372.801   -0.01084    7.58486   10.83952  330.45133     3.0940   16.92958 6.1359e-02     0.2989     0.8703 0.0000e+00
        508  82.591247    0.03520     2.1119    126.716     50.478  51395.546    31.4996     3.1009     50.000     3.1003    25.0836     8.3137    11.8811    109.622    362.203    371.288   -0.01028    7.58396   10.83824  330.41169     3.0980   16.92769 5.5718e-02     0.3003     0.8696 0.0000e+00
        512  82.591260    0.03552     2.1311    127.864     51.488  51396.094    31.5008     3.1060     51.000     3.1052    25.0841     8.2746    11.8252    109.122    360.500    369.543   -0.00994    7.58291   10.83674  330.36603     3.1032   16.92551 5.1067e-02     0.3056     0.8761 0.0000e+00
        517  82.591273    0.03583     2.1502    129.012     52.497  51394.494    31.5002     3.1098     52.000     3.1073    25.0833     8.2364    11.7707    108.628    358.838    367.839   -0.00973    7.58224   10.83579  330.33710     3.1068   16.92414 4.7408e-02     0.2913     0.8606 0.0000e+00
        522  82.591287    0.03617     2.1701    130.205     53.507  51394.995    31.5002     3.1103     53.000     3.1075    25.0832     8.2016    11.7209    108.170    357.320    366.283   -0.00925    7.58215   10.83565  330.33287     3.1073   16.92394 4.4404e-02     0.2901     0.8500 0.0000e+00
