CTD-processing/allCTD/CNV/2021_10-21_t9_s05_cast214_4141.cnv
* Sea-Bird SBE19plus Data File:
* FileName = C:\Users\steve\Desktop\GWA\CTD\2021_10-21_T9\2021_10-21_T9_S0_cast214.hex
* Software Version 1.59
* Temperature SN =  4141
* Conductivity SN =  4141
* System UpLoad Time = Oct 22 2021 15:48:14
** Cook Inlet LTM T9
** Date: 10-21-2021
** Station:S05
** Start Time (AKDT):15:51
** Depth (m):101
** Comment:
** Comment:
# nquan = 27
# nvalues = 97                          
# units = specified
# name 0 = scan: Scan Count
# name 1 = timeJ: Julian Days
# name 2 = timeH: Time, Elapsed [hours]
# name 3 = timeM: Time, Elapsed [minutes]
# name 4 = timeS: Time, Elapsed [seconds]
# name 5 = prdM: Pressure, Strain Gauge [db]
# name 6 = specc: Specific Conductance [uS/cm]
# name 7 = sal00: Salinity, Practical [PSU]
# name 8 = tv290C: Temperature [ITS-90, deg C]
# name 9 = depSM: Depth [salt water, m], lat = 59.00
# name 10 = potemp090C: Potential Temperature [ITS-90, deg C]
# name 11 = sigma-é00: Density [sigma-theta, kg/m^3]
# name 12 = sbeox0ML/L: Oxygen, SBE 43 [ml/l]
# name 13 = sbeox0Mg/L: Oxygen, SBE 43 [mg/l]
# name 14 = sbeox0PS: Oxygen, SBE 43 [% saturation]
# name 15 = sbox0Mm/Kg: Oxygen, SBE 43 [umol/kg]
# name 16 = sbeox0Mm/L: Oxygen, SBE 43 [umol/l]
# name 17 = sbox0dV/dT: Oxygen, SBE 43 [dov/dt]
# name 18 = oxsolML/L: Oxygen Saturation, Garcia & Gordon [ml/l]
# name 19 = oxsolMg/L: Oxygen Saturation, Garcia & Gordon [mg/l]
# name 20 = oxsolMm/Kg: Oxygen Saturation, Garcia & Gordon [umol/kg]
# name 21 = n2satMg/L: Nitrogen Saturation [mg/l]
# name 22 = par: PAR/Irradiance, Biospherical/Licor
# name 23 = wetStar: Fluorescence, WET Labs WETstar [mg/m^3]
# name 24 = CStarAt0: Beam Attenuation, WET Labs C-Star [1/m]
# name 25 = CStarTr0: Beam Transmission, WET Labs C-Star [%]
# name 26 = flag: flag
# span 0 =        367,        822       
# span 1 = 294.661521, 294.662839       
# span 2 =    0.02540,    0.05701       
# span 3 =     1.5239,     3.4214       
# span 4 =     91.434,    205.280       
# span 5 =      1.009,     97.882       
# span 6 =  48678.686,  49166.539       
# span 7 =    30.7007,    31.0121       
# span 8 =     8.3469,     8.5356       
# span 9 =      1.000,     97.000       
# span 10 =     8.3515,     8.5313      
# span 11 =    23.8500,    24.0833      
# span 12 =     5.8773,     6.0796      
# span 13 =     8.3991,     8.6884      
# span 14 =     87.615,     90.600      
# span 15 =    256.304,    265.166      
# span 16 =    262.477,    271.517      
# span 17 =   -0.00277,    0.00134      
# span 18 =    6.69747,    6.73425      
# span 19 =    9.57135,    9.62391      
# span 20 =  292.10679,  293.74564      
# span 21 =   15.10576,   15.18480      
# span 22 = 4.4982e-02, 5.1922e+01      
# span 23 =     0.2276,     0.7744      
# span 24 =     0.2643,     1.3609      
# span 25 =    71.1513,    93.6063      
# span 26 = 0.0000e+00, 0.0000e+00      
# interval = meters: 1                  
# start_time = Oct 21 2021 15:51:04 [Instrument's time stamp, header]
# bad_flag = -9.990e-29
*END*
        367 294.661521    0.02540     1.5239     91.434      1.009  48678.686    30.7007     8.3469      1.000     8.3515    23.8500     6.0387     8.6299     89.671    263.407    269.689    0.00058    6.73425    9.62391  293.74564   15.18480 4.2760e+01     0.5254     0.5958    86.1608 0.0000e+00
        371 294.661534    0.02571     1.5429     92.573      2.020  48689.946    30.7094     8.3559      2.000     8.3572    23.8556     6.0430     8.6360     89.758    263.590    269.879    0.00083    6.73249    9.62142  293.66776   15.18104 5.1922e+01     0.4519     0.5881    86.3272 0.0000e+00
        376 294.661547    0.02602     1.5612     93.671      3.029  48715.264    30.7272     8.3593      3.000     8.3609    23.8690     6.0416     8.6341     89.756    263.528    269.818    0.00057    6.73120    9.61955  293.60704   15.17807 4.4077e+01     0.4793     0.5811    86.4783 0.0000e+00
        380 294.661561    0.02634     1.5802     94.814      4.037  48720.119    30.7306     8.3628      4.000     8.3629    23.8712     6.0357     8.6257     89.677    263.270    269.555   -0.00011    6.73051    9.61858  293.57682   15.17661 3.7478e+01     0.5045     0.5752    86.6066 0.0000e+00
        385 294.661573    0.02665     1.5987     95.924      5.049  48731.531    30.7383     8.3638      5.000     8.3639    23.8771     6.0382     8.6292     89.721    263.379    269.667    0.00003    6.73003    9.61789  293.55394   15.17549 3.2320e+01     0.5545     0.5736    86.6401 0.0000e+00
        389 294.661586    0.02694     1.6163     96.978      6.054  48755.964    30.7553     8.3661      6.000     8.3670    23.8901     6.0389     8.6302     89.745    263.405    269.697    0.00017    6.72894    9.61634  293.50286   15.17298 2.7289e+01     0.5397     0.5619    86.8948 0.0000e+00
        394 294.661599    0.02727     1.6360     98.162      7.068  48764.717    30.7614     8.3692      7.000     8.3693    23.8945     6.0304     8.6180     89.628    263.033    269.317   -0.00058    6.72820    9.61526  293.46897   15.17133 2.3349e+01     0.6010     0.5458    87.2439 0.0000e+00
        398 294.661612    0.02758     1.6546     99.276      8.075  48769.225    30.7644     8.3708      8.000     8.3704    23.8965     6.0274     8.6138     89.589    262.901    269.184   -0.00076    6.72784    9.61475  293.45268   15.17055 2.0237e+01     0.6019     0.5356    87.4665 0.0000e+00
        402 294.661624    0.02788     1.6724    100.345      9.088  48771.106    30.7654     8.3718      9.000     8.3713    23.8972     6.0332     8.6220     89.677    263.152    269.441   -0.00017    6.72763    9.61446  293.44362   15.17011 1.7094e+01     0.6332     0.5352    87.4763 0.0000e+00
        407 294.661638    0.02819     1.6917    101.500     10.094  48773.134    30.7665     8.3729     10.000     8.3722    23.8980     6.0332     8.6220     89.680    263.153    269.441   -0.00006    6.72742    9.61415  293.43409   15.16965 1.4720e+01     0.6380     0.5304    87.5810 0.0000e+00
        412 294.661652    0.02854     1.7122    102.733     11.109  48779.893    30.7709     8.3738     11.000     8.3740    23.9013     6.0309     8.6187     89.650    263.050    269.337   -0.00042    6.72710    9.61369  293.41917   15.16892 1.2486e+01     0.6661     0.5290    87.6109 0.0000e+00
        416 294.661664    0.02881     1.7286    103.719     12.109  48779.491    30.7706     8.3760     12.000     8.3753    23.9007     6.0372     8.6278     89.749    263.328    269.622    0.00025    6.72677    9.61324  293.40522   15.16825 1.0705e+01     0.6304     0.5269    87.6573 0.0000e+00
        421 294.661677    0.02915     1.7488    104.927     13.123  48784.956    30.7742     8.3774     13.000     8.3779    23.9033     6.0349     8.6245     89.720    263.226    269.518   -0.00006    6.72640    9.61270  293.38819   15.16743 9.1229e+00     0.6578     0.5211    87.7856 0.0000e+00
        426 294.661691    0.02948     1.7688    106.127     14.134  48795.352    30.7817     8.3826     14.000     8.3850    23.9085     6.0358     8.6258     89.748    263.266    269.560    0.00008    6.72528    9.61110  293.33771   15.16498 7.8679e+00     0.7210     0.5099    88.0318 0.0000e+00
        430 294.661704    0.02979     1.7877    107.260     15.149  48801.674    30.7871     8.3923     15.000     8.3927    23.9114     6.0358     8.6257     89.771    263.262    269.557    0.00006    6.72357    9.60865  293.26231   15.16136 6.6971e+00     0.6403     0.4847    88.5890 0.0000e+00
        434 294.661716    0.03007     1.8041    108.246     16.141  48796.268    30.7832     8.3940     16.000     8.3927    23.9080     6.0416     8.6340     89.858    263.516    269.816    0.00048    6.72349    9.60855  293.26005   15.16127 5.7962e+00     0.6287     0.4799    88.6934 0.0000e+00
        440 294.661733    0.03049     1.8292    109.752     17.176  48826.899    30.8051     8.4002     17.000     8.4054    23.9243     6.0529     8.6502     90.051    264.006    270.322    0.00124    6.72161    9.60584  293.17275   15.15701 4.9946e+00     0.7300     0.4760    88.7822 0.0000e+00
        444 294.661745    0.03075     1.8455    110.731     18.166  48824.007    30.8043     8.4116     18.000     8.4119    23.9220     6.0563     8.6551     90.125    264.156    270.476    0.00134    6.71990    9.60341  293.09914   15.15350 4.3209e+00     0.6971     0.4415    89.5510 0.0000e+00
        448 294.661757    0.03107     1.8644    111.867     19.182  48825.308    30.8053     8.4150     19.000     8.4146    23.9223     6.0589     8.6588     90.171    264.271    270.593    0.00111    6.71935    9.60262  293.07498   15.15235 3.7434e+00     0.7210     0.4374    89.6430 0.0000e+00
        453 294.661772    0.03142     1.8851    113.104     20.189  48829.783    30.8086     8.4196     20.000     8.4187    23.9243     6.0653     8.6679     90.277    264.547    270.876    0.00130    6.71851    9.60142  293.03786   15.15056 3.2679e+00     0.6767     0.4226    89.9717 0.0000e+00
        458 294.661786    0.03176     1.9055    114.327     21.207  48831.009    30.8093     8.4209     21.000     8.4206    23.9246     6.0640     8.6661     90.262    264.490    270.818    0.00073    6.71827    9.60108  293.02749   15.15006 2.8331e+00     0.6975     0.4218    89.9922 0.0000e+00
        462 294.661797    0.03202     1.9213    115.279     22.197  48843.398    30.8182     8.4259     22.000     8.4273    23.9309     6.0679     8.6717     90.335    264.662    270.995    0.00085    6.71713    9.59946  292.97621   15.14757 2.4686e+00     0.6387     0.4154    90.1351 0.0000e+00
        467 294.661813    0.03239     1.9436    116.619     23.228  48850.178    30.8238     8.4352     23.000     8.4360    23.9340     6.0721     8.6777     90.420    264.843    271.182    0.00106    6.71549    9.59710  292.90331   15.14407 2.1500e+00     0.7680     0.4053    90.3641 0.0000e+00
        472 294.661826    0.03270     1.9620    117.719     24.224  48862.974    30.8336     8.4436     24.000     8.4451    23.9404     6.0692     8.6736     90.400    264.715    271.053    0.00055    6.71378    9.59467  292.82722   15.14039 1.8872e+00     0.6957     0.3966    90.5621 0.0000e+00
        477 294.661839    0.03304     1.9824    118.942     25.249  48869.932    30.8392     8.4519     25.000     8.4520    23.9436     6.0737     8.6800     90.487    264.910    271.253    0.00083    6.71228    9.59252  292.76083   15.13720 1.6524e+00     0.7131     0.3785    90.9726 0.0000e+00
        480 294.661850    0.03328     1.9969    119.811     26.232  48868.866    30.8386     8.4558     26.000     8.4542    23.9426     6.0712     8.6763     90.456    264.798    271.138    0.00043    6.71172    9.59172  292.73653   15.13605 1.4601e+00     0.7744     0.3656    91.2660 0.0000e+00
        486 294.661866    0.03368     2.0209    121.253     27.275  48871.678    30.8405     8.4581     27.000     8.4564    23.9437     6.0782     8.6863     90.566    265.105    271.452    0.00072    6.71129    9.59110  292.71724   15.13511 1.2929e+00     0.6584     0.3588    91.4195 0.0000e+00
        490 294.661878    0.03395     2.0372    122.232     28.258  48884.101    30.8492     8.4617     28.000     8.4628    23.9501     6.0796     8.6884     90.600    265.166    271.517    0.00073    6.71036    9.58978  292.67529   15.13307 1.1395e+00     0.7334     0.3575    91.4519 0.0000e+00
        495 294.661892    0.03431     2.0586    123.516     29.285  48886.819    30.8521     8.4714     29.000     8.4702    23.9510     6.0772     8.6850     90.587    265.061    271.409    0.00034    6.70877    9.58750  292.60533   15.12972 1.0087e+00     0.6553     0.3457    91.7212 0.0000e+00
        499 294.661904    0.03457     2.0745    124.470     30.279  48885.557    30.8511     8.4738     30.000     8.4711    23.9500     6.0741     8.6804     90.544    264.923    271.268    0.00006    6.70846    9.58706  292.59241   15.12911 8.9037e-01     0.6523     0.3444    91.7489 0.0000e+00
        504 294.661918    0.03493     2.0958    125.750     31.297  48887.746    30.8524     8.4748     31.000     8.4722    23.9507     6.0706     8.6755     90.494    264.771    271.112   -0.00040    6.70825    9.58676  292.58289   15.12865 7.9377e-01     0.6555     0.3418    91.8104 0.0000e+00
        509 294.661933    0.03527     2.1160    126.961     32.302  48892.991    30.8559     8.4763     32.000     8.4753    23.9532     6.0691     8.6734     90.478    264.706    271.047   -0.00039    6.70787    9.58621  292.56544   15.12780 6.9576e-01     0.6882     0.3424    91.7970 0.0000e+00
        513 294.661946    0.03558     2.1351    128.106     33.320  48922.261    30.8774     8.4869     33.000     8.4960    23.9686     6.0637     8.6657     90.432    264.467    270.807   -0.00062    6.70534    9.58259  292.45056   15.12223 6.1993e-01     0.5988     0.3408    91.8340 0.0000e+00
        517 294.661957    0.03585     2.1514    129.087     34.315  48914.681    30.8749     8.5090     34.000     8.5111    23.9635     6.0711     8.6763     90.586    264.792    271.137    0.00029    6.70210    9.57797  292.31113   15.11558 5.4619e-01     0.6093     0.3179    92.3598 0.0000e+00
        523 294.661972    0.03623     2.1738    130.427     35.339  48907.432    30.8707     8.5176     35.000     8.5143    23.9589     6.0630     8.6646     90.479    264.437    270.773   -0.00029    6.70100    9.57640  292.26435   15.11336 4.9002e-01     0.5395     0.3004    92.7662 0.0000e+00
        527 294.661985    0.03654     2.1923    131.537     36.339  48924.625    30.8826     8.5204     36.000     8.5217    23.9679     6.0531     8.6506     90.344    264.004    270.332   -0.00108    6.70005    9.57504  292.22020   15.11121 4.3109e-01     0.5336     0.2969    92.8473 0.0000e+00
        532 294.661999    0.03687     2.2120    132.721     37.356  48924.599    30.8836     8.5300     37.000     8.5288    23.9672     6.0537     8.6514     90.374    264.033    270.360   -0.00071    6.69857    9.57293  292.15589   15.10813 3.9440e-01     0.5445     0.2830    93.1698 0.0000e+00
        536 294.662012    0.03717     2.2304    133.821     38.355  48925.614    30.8846     8.5345     38.000     8.5311    23.9673     6.0541     8.6519     90.389    264.048    270.377   -0.00040    6.69785    9.57190  292.12462   15.10664 3.5790e-01     0.5738     0.2727    93.4078 0.0000e+00
        542 294.662027    0.03755     2.2529    135.171     39.380  48926.379    30.8847     8.5349     39.000     8.5308    23.9673     6.0472     8.6421     90.287    263.747    270.068   -0.00089    6.69778    9.57179  292.12132   15.10648 3.2573e-01     0.3778     0.2665    93.5551 0.0000e+00
        546 294.662040    0.03785     2.2711    136.264     40.376  48932.604    30.8886     8.5349     40.000     8.5313    23.9704     6.0425     8.6354     90.219    263.542    269.859   -0.00114    6.69761    9.57155  292.11316   15.10607 2.9629e-01     0.4406     0.2692    93.4908 0.0000e+00
        551 294.662055    0.03821     2.2926    137.558     41.397  48934.416    30.8896     8.5356     41.000     8.5312    23.9711     6.0425     8.6352     90.220    263.539    269.856   -0.00078    6.69747    9.57135  292.10679   15.10576 2.6985e-01     0.4195     0.2676    93.5299 0.0000e+00
        556 294.662068    0.03851     2.3106    138.634     42.395  48938.121    30.8916     8.5345     42.000     8.5296    23.9728     6.0409     8.6330     90.196    263.469    269.786   -0.00079    6.69754    9.57145  292.10936   15.10587 2.4691e-01     0.4982     0.2675    93.5325 0.0000e+00
        561 294.662084    0.03891     2.3348    140.085     43.417  48944.005    30.8950     8.5330     43.000     8.5286    23.9758     6.0447     8.6385     90.252    263.636    269.957   -0.00029    6.69761    9.57156  292.11176   15.10598 2.2520e-01     0.4471     0.2643    93.6063 0.0000e+00
        566 294.662098    0.03925     2.3548    141.288     44.421  48941.449    30.8926     8.5316     44.000     8.5232    23.9741     6.0411     8.6333     90.193    263.478    269.794   -0.00052    6.69793    9.57201  292.12607   15.10667 2.0535e-01     0.4568     0.2686    93.5054 0.0000e+00
        571 294.662111    0.03955     2.3732    142.392     45.426  48946.663    30.8940     8.5195     45.000     8.5109    23.9770     6.0388     8.6301     90.136    263.378    269.694   -0.00075    6.69969    9.57453  292.20209   15.11029 1.8786e-01     0.4534     0.2792    93.2588 0.0000e+00
        576 294.662126    0.03990     2.3941    143.645     46.437  48963.222    30.9043     8.5136     46.000     8.5085    23.9859     6.0336     8.6226     90.052    263.149    269.461   -0.00106    6.70013    9.57515  292.21848   15.11103 1.7231e-01     0.4342     0.2871    93.0747 0.0000e+00
        581 294.662142    0.04029     2.4175    145.053     47.455  48964.962    30.9048     8.5122     47.000     8.5063    23.9866     6.0272     8.6135     89.953    262.869    269.175   -0.00128    6.70033    9.57543  292.22694   15.11144 1.5853e-01     0.3918     0.2844    93.1353 0.0000e+00
        586 294.662155    0.04060     2.4361    146.165     48.457  48968.403    30.9063     8.5089     48.000     8.5035    23.9882     6.0326     8.6212     90.029    263.105    269.416   -0.00063    6.70076    9.57607  292.24572   15.11233 1.4597e-01     0.4443     0.2911    92.9807 0.0000e+00
        591 294.662169    0.04094     2.4568    147.406     49.469  48972.584    30.9088     8.5087     49.000     8.5039    23.9903     6.0265     8.6125     89.939    262.838    269.143   -0.00081    6.70068    9.57595  292.24175   15.11213 1.3434e-01     0.3830     0.2921    92.9581 0.0000e+00
        596 294.662184    0.04129     2.4776    148.653     50.480  48973.102    30.9085     8.5072     50.000     8.5008    23.9902     6.0222     8.6063     89.871    262.649    268.950   -0.00116    6.70092    9.57628  292.25200   15.11262 1.2481e-01     0.4308     0.2875    93.0647 0.0000e+00
        600 294.662197    0.04161     2.4966    149.798     51.493  48976.528    30.9100     8.5041     51.000     8.4975    23.9919     6.0281     8.6147     89.953    262.906    269.214   -0.00033    6.70131    9.57685  292.26864   15.11341 1.1612e-01     0.4713     0.2894    93.0207 0.0000e+00
        605 294.662210    0.04193     2.5159    150.955     52.495  48980.931    30.9123     8.5017     52.000     8.4960    23.9940     6.0268     8.6129     89.931    262.850    269.157   -0.00042    6.70158    9.57723  292.27977   15.11393 1.0853e-01     0.4378     0.2918    92.9648 0.0000e+00
        610 294.662225    0.04230     2.5380    152.279     53.523  48983.926    30.9138     8.5004     53.000     8.4945    23.9953     6.0238     8.6086     89.884    262.718    269.022   -0.00062    6.70171    9.57742  292.28503   15.11418 1.0167e-01     0.3837     0.2924    92.9514 0.0000e+00
