CTD-processing/allCTD/CNV/2021_02-16_ab_s03_cast142_5028.cnv
* Sea-Bird SBE19plus Data File:
* FileName = C:\Users\steve\Desktop\GWA CTD\2021_02-16_AlongBay\2021_02-16_AB_S0_cast142.hex
* Software Version 1.59
* Temperature SN =  5028
* Conductivity SN =  5028
* System UpLoad Time = Feb 18 2021 14:51:27
** Cook Inlet LTM AB
** Date: 02-16-2021
** Station:S03
** Start Time (AKST):14:57
** Depth (m):110
** Comment:
** Comment:
# nquan = 27
# nvalues = 105                         
# units = specified
# name 0 = scan: Scan Count
# name 1 = timeJ: Julian Days
# name 2 = timeH: Time, Elapsed [hours]
# name 3 = timeM: Time, Elapsed [minutes]
# name 4 = timeS: Time, Elapsed [seconds]
# name 5 = prdM: Pressure, Strain Gauge [db]
# name 6 = specc: Specific Conductance [uS/cm]
# name 7 = sal00: Salinity, Practical [PSU]
# name 8 = tv290C: Temperature [ITS-90, deg C]
# name 9 = depSM: Depth [salt water, m], lat = 59.00
# name 10 = potemp090C: Potential Temperature [ITS-90, deg C]
# name 11 = sigma-é00: Density [sigma-theta, kg/m^3]
# name 12 = sbeox0ML/L: Oxygen, SBE 43 [ml/l]
# name 13 = sbeox0Mg/L: Oxygen, SBE 43 [mg/l]
# name 14 = sbeox0PS: Oxygen, SBE 43 [% saturation]
# name 15 = sbox0Mm/Kg: Oxygen, SBE 43 [umol/kg]
# name 16 = sbeox0Mm/L: Oxygen, SBE 43 [umol/l]
# name 17 = sbox0dV/dT: Oxygen, SBE 43 [dov/dt]
# name 18 = oxsolML/L: Oxygen Saturation, Garcia & Gordon [ml/l]
# name 19 = oxsolMg/L: Oxygen Saturation, Garcia & Gordon [mg/l]
# name 20 = oxsolMm/Kg: Oxygen Saturation, Garcia & Gordon [umol/kg]
# name 21 = potemp090C: Potential Temperature [ITS-90, deg C]
# name 22 = n2satMg/L: Nitrogen Saturation [mg/l]
# name 23 = par: PAR/Irradiance, Biospherical/Licor
# name 24 = flECO-AFL: Fluorescence, WET Labs ECO-AFL/FL [mg/m^3]
# name 25 = turbWETntu0: Turbidity, WET Labs ECO [NTU]
# name 26 = flag: flag
# span 0 =        339,        810       
# span 1 =  47.623595,  47.624956       
# span 2 =    0.02350,    0.05616       
# span 3 =     1.4102,     3.3698       
# span 4 =     84.609,    202.187       
# span 5 =      1.010,    106.018       
# span 6 =  50705.994,  50993.886       
# span 7 =    31.4704,    31.6045       
# span 8 =     4.5949,     4.8633       
# span 9 =      1.000,    105.000       
# span 10 =     4.5918,     4.8628      
# span 11 =    24.8952,    25.0088      
# span 12 =     6.7012,    11.2220      
# span 13 =     9.5766,    16.0374      
# span 14 =     92.228,    153.559      
# span 15 =    292.004,    488.966      
# span 16 =    299.274,    501.176      
# span 17 =   -0.04244,    0.04754      
# span 18 =    7.26585,    7.30949      
# span 19 =   10.38363,   10.44599      
# span 20 =  316.61033,  318.48604      
# span 21 =     4.5919,     4.8632      
# span 22 =   16.27153,   16.36050      
# span 23 = 3.7976e-02, 1.3809e+02      
# span 24 =     0.2788,     0.3880      
# span 25 =     0.5126,     1.0635      
# span 26 = 0.0000e+00, 0.0000e+00      
# interval = meters: 1                  
# start_time = Feb 16 2021 14:56:34 [Instrument's time stamp, header]
# bad_flag = -9.990e-29
*END*
        339  47.623595    0.02350     1.4102     84.609      1.010  50706.209    31.4757     4.8633      1.000     4.8628    24.8968     6.7012     9.5766     92.228    292.004    299.274    0.00669    7.26585   10.38363  316.61033     4.8632   16.27153 1.3809e+02     0.2872     0.5262 0.0000e+00
        344  47.623608    0.02383     1.4297     85.783      2.019  50705.994    31.4748     4.8619      2.000     4.8605    24.8962     6.9325     9.9073     95.409    302.086    309.607    0.02218    7.26613   10.38402  316.62267     4.8618   16.27212 1.3039e+02     0.2788     0.5304 0.0000e+00
        348  47.623620    0.02409     1.4453     86.720      3.028  50708.438    31.4756     4.8600      3.000     4.8590    24.8970     7.0474    10.0714     96.985    307.089    314.735    0.02533    7.26643   10.38446  316.63568     4.8598   16.27273 1.1488e+02     0.2838     0.5265 0.0000e+00
        352  47.623631    0.02438     1.4628     87.767      4.038  50708.615    31.4748     4.8582      4.000     4.8556    24.8966     7.1318    10.1920     98.142    310.767    318.505    0.02480    7.26678   10.38495  316.65081     4.8579   16.27346 9.5669e+01     0.3025     0.5225 0.0000e+00
        356  47.623643    0.02465     1.4793     88.761      5.047  50707.369    31.4721     4.8520      5.000     4.8456    24.8952     7.2158    10.3122     99.283    314.432    322.260    0.02416    7.26799   10.38669  316.70409     4.8517   16.27601 8.1799e+01     0.3137     0.5191 0.0000e+00
        360  47.623655    0.02493     1.4961     89.765      6.057  50710.653    31.4704     4.8361      6.000     4.8242    24.8955     7.3429    10.4938    100.991    319.970    327.935    0.02674    7.27086   10.39078  316.82887     4.8357   16.28195 6.8667e+01     0.3177     0.5227 0.0000e+00
        364  47.623667    0.02523     1.5136     90.818      7.066  50729.814    31.4780     4.8131      7.000     4.8059    24.9039     7.5045    10.7248    103.162    327.011    335.155    0.03064    7.27450   10.39599  316.98514     4.8126   16.28936 5.8821e+01     0.3254     0.5372 0.0000e+00
        368  47.623679    0.02552     1.5310     91.858      8.076  50744.640    31.4853     4.8023      8.000     4.8002    24.9108     7.7134    11.0231    106.010    336.107    344.479    0.03720    7.27603   10.39818  317.04959     4.8018   16.29240 4.9706e+01     0.3335     0.5542 0.0000e+00
        373  47.623691    0.02581     1.5485     92.912      9.085  50749.462    31.4875     4.7997      9.000     4.7979    24.9129     7.9314    11.3347    109.001    345.605    354.215    0.04317    7.27638   10.39868  317.06430     4.7990   16.29309 4.1880e+01     0.3501     0.5681 0.0000e+00
        377  47.623704    0.02610     1.5663     93.978     10.095  50755.383    31.4905     4.7970     10.000     4.7944    24.9156     8.1103    11.5904    111.455    353.399    362.203    0.04443    7.27671   10.39914  317.07757     4.7963   16.29370 3.5670e+01     0.3656     0.5675 0.0000e+00
        381  47.623716    0.02642     1.5852     95.111     11.105  50762.772    31.4939     4.7917     11.000     4.7874    24.9188     8.2474    11.7864    113.328    359.374    368.329    0.04179    7.27746   10.40022  317.10929     4.7910   16.29520 3.0765e+01     0.3816     0.5553 0.0000e+00
        386  47.623730    0.02674     1.6041     96.247     12.114  50771.233    31.4971     4.7822     12.000     4.7758    24.9224     8.3260    11.8986    114.383    362.796    371.837    0.03536    7.27898   10.40239  317.17436     4.7813   16.29829 2.6409e+01     0.3859     0.5534 0.0000e+00
        391  47.623743    0.02705     1.6235     97.410     13.123  50781.710    31.5010     4.7692     13.000     4.7624    24.9268     8.3929    11.9944    115.271    365.714    374.830    0.02951    7.28107   10.40537  317.26386     4.7683   16.30252 2.2820e+01     0.3838     0.5709 0.0000e+00
        395  47.623756    0.02736     1.6419     98.516     14.132  50782.495    31.4971     4.7518     14.000     4.7367    24.9256     8.4650    12.0972    116.208    368.851    378.045    0.02596    7.28429   10.40998  317.40493     4.7509   16.30925 1.9722e+01     0.3733     0.5710 0.0000e+00
        400  47.623769    0.02768     1.6605     99.631     15.142  50796.755    31.4986     4.7164     15.000     4.6989    24.9305     8.5498    12.2185    117.275    372.548    381.836    0.02409    7.29044   10.41877  317.67147     4.7153   16.32193 1.7081e+01     0.3635     0.5940 0.0000e+00
        404  47.623781    0.02797     1.6777    100.663     16.152  50829.083    31.5141     4.6887     16.000     4.6842    24.9457     8.6394    12.3466    118.437    376.446    385.836    0.02349    7.29455   10.42464  317.84562     4.6875   16.33016 1.4781e+01     0.3587     0.6063 0.0000e+00
        408  47.623793    0.02825     1.6950    101.702     17.161  50832.870    31.5150     4.6831     17.000     4.6781    24.9469     8.7686    12.5312    120.192    382.074    391.606    0.02622    7.29548   10.42596  317.88562     4.6819   16.33206 1.2775e+01     0.3564     0.5825 0.0000e+00
        412  47.623805    0.02854     1.7123    102.735     18.171  50833.354    31.5124     4.6722     18.000     4.6620    24.9460     8.9143    12.7394    122.154    388.420    398.110    0.02948    7.29753   10.42889  317.97516     4.6710   16.33633 1.1097e+01     0.3682     0.5799 0.0000e+00
        416  47.623817    0.02884     1.7302    103.814     19.180  50844.572    31.5149     4.6516     19.000     4.6415    24.9502     9.0690    12.9606    124.215    395.163    405.024    0.03202    7.30103   10.43390  318.12659     4.6502   16.34352 9.6266e+00     0.3687     0.5804 0.0000e+00
        420  47.623829    0.02912     1.7469    104.813     20.190  50855.322    31.5180     4.6344     20.000     4.6252    24.9544     9.2307    13.1915    126.380    402.204    412.241    0.03493    7.30389   10.43798  318.24988     4.6331   16.34938 8.3389e+00     0.3632     0.5912 0.0000e+00
        424  47.623841    0.02939     1.7637    105.820     21.199  50869.396    31.5242     4.6212     21.000     4.6169    24.9606     9.4155    13.4557    128.875    410.256    420.497    0.03893    7.30591   10.44088  318.33622     4.6198   16.35346 7.2571e+00     0.3668     0.5961 0.0000e+00
        429  47.623853    0.02969     1.7816    106.894     22.208  50875.124    31.5265     4.6166     22.000     4.6143    24.9630     9.6070    13.7292    131.482    418.595    429.044    0.04194    7.30661   10.44187  318.36567     4.6152   16.35485 6.3147e+00     0.3760     0.6006 0.0000e+00
        433  47.623865    0.02999     1.7991    107.947     23.218  50875.860    31.5262     4.6147     23.000     4.6113    24.9629     9.7963    13.9999    134.069    426.849    437.504    0.04408    7.30696   10.44238  318.38105     4.6132   16.35559 5.5148e+00     0.3759     0.6061 0.0000e+00
        437  47.623877    0.03028     1.8168    109.008     24.228  50879.313    31.5270     4.6102     24.000     4.6074    24.9640     9.9960    14.2853    136.787    435.548    446.421    0.04631    7.30772   10.44347  318.41408     4.6085   16.35716 4.8323e+00     0.3750     0.6191 0.0000e+00
        442  47.623891    0.03059     1.8357    110.140     25.237  50882.861    31.5289     4.6100     25.000     4.6091    24.9655    10.1994    14.5759    139.571    444.409    455.504    0.04753    7.30765   10.44336  318.41037     4.6083   16.35697 4.2430e+00     0.3880     0.6253 0.0000e+00
        446  47.623903    0.03090     1.8541    111.248     26.247  50882.295    31.5283     4.6113     26.000     4.6103    24.9650    10.3867    14.8436    142.138    452.571    463.870    0.04754    7.30746   10.44309  318.40226     4.6095   16.35659 3.7318e+00     0.3829     0.6139 0.0000e+00
        451  47.623917    0.03122     1.8730    112.382     27.257  50881.639    31.5276     4.6126     27.000     4.6103    24.9643    10.5715    15.1077    144.671    460.623    472.123    0.04705    7.30726   10.44281  318.39381     4.6107   16.35619 3.2870e+00     0.3765     0.5990 0.0000e+00
        455  47.623930    0.03154     1.8924    113.546     28.266  50886.860    31.5305     4.6116     28.000     4.6084    24.9667    10.7376    15.3451    146.944    467.861    479.542    0.04516    7.30730   10.44285  318.39444     4.6097   16.35620 2.9022e+00     0.3765     0.5954 0.0000e+00
        460  47.623944    0.03189     1.9130    114.783     29.276  50894.772    31.5345     4.6077     29.000     4.6045    24.9703    10.8772    15.5446    148.843    473.940    485.775    0.04107    7.30779   10.44356  318.41493     4.6057   16.35716 2.5625e+00     0.3733     0.6128 0.0000e+00
        465  47.623958    0.03220     1.9324    115.941     30.286  50900.265    31.5374     4.6059     30.000     4.6035    24.9728    10.9857    15.6997    150.325    478.669    490.623    0.03680    7.30797   10.44382  318.42219     4.6038   16.35750 2.2571e+00     0.3822     0.6127 0.0000e+00
        469  47.623971    0.03252     1.9515    117.089     31.295  50901.090    31.5373     4.6053     31.000     4.6032    24.9728    11.0794    15.8335    151.604    482.748    494.804    0.03282    7.30807   10.44396  318.42634     4.6032   16.35770 1.9833e+00     0.3818     0.5950 0.0000e+00
        474  47.623984    0.03283     1.9699    118.192     32.304  50898.016    31.5348     4.6058     32.000     4.6036    24.9708    11.1475    15.9309    152.536    485.719    497.848    0.02848    7.30812   10.44403  318.42909     4.6035   16.35784 1.7388e+00     0.3615     0.5929 0.0000e+00
        478  47.623996    0.03313     1.9875    119.250     33.314  50900.194    31.5357     4.6055     33.000     4.6031    24.9715    11.1885    15.9895    153.097    487.505    499.679    0.02387    7.30812   10.44404  318.42912     4.6032   16.35783 1.5252e+00     0.3523     0.6130 0.0000e+00
        482  47.624008    0.03340     2.0042    120.253     34.324  50903.731    31.5378     4.6061     34.000     4.6042    24.9731    11.2124    16.0237    153.429    488.547    500.748    0.01950    7.30792   10.44374  318.41944     4.6037   16.35737 1.3360e+00     0.3603     0.6265 0.0000e+00
        486  47.624020    0.03370     2.0220    121.317     35.333  50900.556    31.5352     4.6064     35.000     4.6029    24.9710    11.2220    16.0374    153.559    488.966    501.176    0.01499    7.30798   10.44383  318.42309     4.6040   16.35755 1.1696e+00     0.3750     0.6256 0.0000e+00
        491  47.624032    0.03400     2.0398    122.390     36.344  50900.812    31.5344     4.6042     36.000     4.6010    24.9706    11.1958    15.9999    153.190    487.821    500.002    0.00900    7.30842   10.44446  318.44210     4.6017   16.35846 1.0232e+00     0.3773     0.6367 0.0000e+00
        495  47.624044    0.03429     2.0572    123.434     37.353  50904.069    31.5359     4.6032     37.000     4.6005    24.9719    11.1683    15.9606    152.813    486.625    498.777    0.00444    7.30851   10.44459  318.44576     4.6006   16.35862 8.9590e-01     0.3735     0.6312 0.0000e+00
        499  47.624057    0.03458     2.0751    124.505     38.362  50904.367    31.5356     4.6030     38.000     4.6000    24.9717    11.1319    15.9086    152.313    485.037    497.150    0.00073    7.30857   10.44469  318.44881     4.6003   16.35877 7.8581e-01     0.3767     0.5998 0.0000e+00
        504  47.624070    0.03490     2.0941    125.645     39.372  50906.439    31.5363     4.6024     39.000     4.5998    24.9723    11.0634    15.8107    151.374    482.053    494.092   -0.00426    7.30863   10.44476  318.45092     4.5997   16.35887 6.8958e-01     0.3761     0.6014 0.0000e+00
        508  47.624083    0.03520     2.1120    126.720     40.381  50910.130    31.5384     4.6026     40.000     4.5992    24.9740    10.9755    15.6851    150.175    478.225    490.168   -0.00945    7.30850   10.44457  318.44463     4.5999   16.35856 6.0494e-01     0.3719     0.6122 0.0000e+00
        512  47.624095    0.03550     2.1302    127.810     41.391  50913.148    31.5395     4.6002     41.000     4.5960    24.9751    10.8880    15.5601    148.970    474.411    486.259   -0.01313    7.30886   10.44510  318.46030     4.5974   16.35930 5.3363e-01     0.3803     0.6054 0.0000e+00
        517  47.624110    0.03584     2.1507    129.043     42.401  50918.000    31.5417     4.5977     42.000     4.5942    24.9771    10.7611    15.3786    147.226    468.878    480.590   -0.01794    7.30920   10.44557  318.47415     4.5948   16.35995 4.7111e-01     0.3756     0.6023 0.0000e+00
        522  47.624122    0.03615     2.1690    130.141     43.410  50921.117    31.5430     4.5964     43.000     4.5926    24.9783    10.6380    15.2027    145.539    463.515    475.092   -0.02185    7.30937   10.44582  318.48116     4.5934   16.36028 4.1618e-01     0.3715     0.5983 0.0000e+00
        526  47.624134    0.03645     2.1868    131.206     44.420  50926.046    31.5456     4.5949     44.000     4.5918    24.9805    10.5161    15.0286    143.870    458.204    469.650   -0.02462    7.30949   10.44599  318.48604     4.5919   16.36050 3.6884e-01     0.3731     0.5918 0.0000e+00
        530  47.624147    0.03676     2.2054    132.322     45.430  50931.912    31.5492     4.5955     45.000     4.5937    24.9833    10.3736    14.8249    141.924    451.991    463.284   -0.02779    7.30921   10.44559  318.47297     4.5924   16.35987 3.2723e-01     0.3782     0.5914 0.0000e+00
        535  47.624160    0.03706     2.2238    133.429     46.439  50941.691    31.5564     4.5997     46.000     4.6004    24.9886    10.2234    14.6103    139.891    445.447    456.578   -0.03068    7.30813   10.44405  318.42403     4.5965   16.35751 2.9060e-01     0.3643     0.5892 0.0000e+00
        539  47.624172    0.03736     2.2416    134.495     47.449  50941.931    31.5578     4.6072     47.000     4.6051    24.9889    10.0696    14.3904    137.812    438.743    449.707   -0.03319    7.30673   10.44205  318.36302     4.6040   16.35460 2.5876e-01     0.3531     0.6164 0.0000e+00
        543  47.624184    0.03765     2.2587    135.520     48.459  50951.934    31.5647     4.6099     48.000     4.6134    24.9941     9.9151    14.1696    135.712    432.009    442.807   -0.03555    7.30593   10.44091  318.32670     4.6066   16.35285 2.3042e-01     0.3599     0.6086 0.0000e+00
        547  47.624197    0.03795     2.2767    136.602     49.468  50959.342    31.5734     4.6283     49.000     4.6339    24.9991     9.7488    13.9319    133.503    424.760    435.379   -0.03745    7.30226   10.43566  318.16506     4.6249   16.34512 2.0573e-01     0.3585     0.6024 0.0000e+00
        552  47.624210    0.03826     2.2959    137.754     50.478  50953.857    31.5730     4.6456     50.000     4.6493    24.9971     9.5661    13.6710    131.057    416.806    427.225   -0.03917    7.29922   10.43132  318.03342     4.6421   16.33886 1.8441e-01     0.3632     0.5767 0.0000e+00
        556  47.624223    0.03857     2.3144    138.865     51.488  50956.685    31.5786     4.6641     51.000     4.6691    24.9996     9.3816    13.4072    128.591    408.763    418.982   -0.04118    7.29570   10.42628  317.87912     4.6606   16.33149 1.6570e-01     0.3480     0.5412 0.0000e+00
        561  47.624237    0.03892     2.3351    140.103     52.498  50947.930    31.5760     4.6820     52.000     4.6827    24.9958     9.1904    13.1340    126.022    400.435    410.443   -0.04163    7.29268   10.42197  317.74866     4.6784   16.32529 1.4972e-01     0.3457     0.5250 0.0000e+00
        566  47.624251    0.03925     2.3546    141.275     53.507  50946.398    31.5767     4.6917     53.000     4.6913    24.9953     9.0058    12.8701    123.519    392.390    402.197   -0.04244    7.29095   10.41950  317.67340     4.6880   16.32171 1.3541e-01     0.3584     0.5251 0.0000e+00
