CTD-processing/allCTD/CNV/2021_07-21_ab_s08_cast128_4141.cnv
* Sea-Bird SBE19plus Data File:
* FileName = C:\Users\steve\Desktop\GWA\CTD\2021_07-21_AlongBay\2021_07-21_AB_S_cast128.hex
* Software Version 1.59
* Temperature SN =  4141
* Conductivity SN =  4141
* System UpLoad Time = Jul 22 2021 10:43:20
** Cook Inlet LTM AlongBay
** Date: 07-21-2021
** Station:S08
** Start Time (AKDT):15:34
** Depth (m):83
** Comment:
** Comment:
# nquan = 27
# nvalues = 80                          
# units = specified
# name 0 = scan: Scan Count
# name 1 = timeJ: Julian Days
# name 2 = timeH: Time, Elapsed [hours]
# name 3 = timeM: Time, Elapsed [minutes]
# name 4 = timeS: Time, Elapsed [seconds]
# name 5 = prdM: Pressure, Strain Gauge [db]
# name 6 = specc: Specific Conductance [uS/cm]
# name 7 = sal00: Salinity, Practical [PSU]
# name 8 = tv290C: Temperature [ITS-90, deg C]
# name 9 = depSM: Depth [salt water, m], lat = 59.00
# name 10 = potemp090C: Potential Temperature [ITS-90, deg C]
# name 11 = sigma-é00: Density [sigma-theta, kg/m^3]
# name 12 = sbeox0ML/L: Oxygen, SBE 43 [ml/l]
# name 13 = sbeox0Mg/L: Oxygen, SBE 43 [mg/l]
# name 14 = sbeox0PS: Oxygen, SBE 43 [% saturation]
# name 15 = sbox0Mm/Kg: Oxygen, SBE 43 [umol/kg]
# name 16 = sbeox0Mm/L: Oxygen, SBE 43 [umol/l]
# name 17 = sbox0dV/dT: Oxygen, SBE 43 [dov/dt]
# name 18 = oxsolML/L: Oxygen Saturation, Garcia & Gordon [ml/l]
# name 19 = oxsolMg/L: Oxygen Saturation, Garcia & Gordon [mg/l]
# name 20 = oxsolMm/Kg: Oxygen Saturation, Garcia & Gordon [umol/kg]
# name 21 = n2satMg/L: Nitrogen Saturation [mg/l]
# name 22 = par: PAR/Irradiance, Biospherical/Licor
# name 23 = wetStar: Fluorescence, WET Labs WETstar [mg/m^3]
# name 24 = CStarAt0: Beam Attenuation, WET Labs C-Star [1/m]
# name 25 = CStarTr0: Beam Transmission, WET Labs C-Star [%]
# name 26 = flag: flag
# span 0 =        275,        608       
# span 1 = 202.649461, 202.650425       
# span 2 =    0.01901,    0.04213       
# span 3 =     1.1403,     2.5281       
# span 4 =     68.419,    151.690       
# span 5 =      1.020,     80.726       
# span 6 =  38293.175,  50011.686       
# span 7 =    24.0327,    31.4838       
# span 8 =     7.6184,    14.2080       
# span 9 =      1.000,     80.000       
# span 10 =     7.6116,    14.0608      
# span 11 =    17.6908,    24.5678      
# span 12 =     6.3667,     7.8030      
# span 13 =     9.0987,    11.1513      
# span 14 =     93.470,    118.992      
# span 15 =    277.520,    340.379      
# span 16 =    284.338,    348.482      
# span 17 =   -0.03339,    0.05309      
# span 18 =    6.13946,    6.81168      
# span 19 =    8.77391,    9.73457      
# span 20 =  268.79071,  296.91626      
# span 21 =   14.00522,   15.33298      
# span 22 = 5.9712e-02, 1.2849e+02      
# span 23 =     0.5383,     6.8854      
# span 24 =     0.3123,     1.8399      
# span 25 =    63.4698,    92.4886      
# span 26 = 0.0000e+00, 0.0000e+00      
# interval = meters: 1                  
# start_time = Jul 21 2021 15:34:05 [Instrument's time stamp, header]
# bad_flag = -9.990e-29
*END*
[from data line 54]
        499 202.650109    0.03456     2.0739    124.436     55.531  49826.028    31.4555     8.1930     55.000     8.1866    24.4645     6.5505     9.3613     97.411    285.557    292.544   -0.00051    6.72459    9.61011  293.14838   15.15320 6.2863e-02     0.8288     0.6833    84.2967 0.0000e+00
        503 202.650123    0.03489     2.0932    125.592     56.536  49819.432    31.4495     8.1871     56.000     8.1760    24.4607     6.5525     9.3642     97.425    285.650    292.637   -0.00028    6.72575    9.61177  293.20010   15.15569 6.2472e-02     0.8557     0.6843    84.2762 0.0000e+00
        508 202.650137    0.03523     2.1135    126.808     57.546  49836.630    31.4595     8.1762     57.000     8.1730    24.4700     6.5465     9.3557     97.318    285.386    292.369   -0.00084    6.72697    9.61352  293.25096   15.15808 6.2205e-02     0.8553     0.6917    84.1193 0.0000e+00
        513 202.650150    0.03555     2.1329    127.973     58.557  49817.557    31.4447     8.1704     58.000     8.1556    24.4594     6.5423     9.3497     97.234    285.206    292.182   -0.00112    6.72851    9.61571  293.32063   15.16147 6.2003e-02     0.9187     0.7069    83.8022 0.0000e+00
        517 202.650163    0.03586     2.1516    129.099     59.565  49853.498    31.4682     8.1624     59.000     8.1629    24.4790     6.5380     9.3434     97.166    285.009    291.985   -0.00134    6.72869    9.61597  293.32296   15.16148 6.1708e-02     0.9148     0.7296    83.3282 0.0000e+00
        522 202.650176    0.03617     2.1703    130.216     60.577  49803.116    31.4302     8.1478     60.000     8.1182    24.4512     6.5423     9.3496     97.174    285.207    292.180   -0.00086    6.73256    9.62151  293.50001   15.17009 6.1446e-02     0.7754     0.7468    82.9712 0.0000e+00
        526 202.650188    0.03646     2.1875    131.248     61.587  49822.650    31.4362     8.1015     61.000     8.0761    24.4626     6.5371     9.3421     96.998    284.976    291.947   -0.00178    6.73937    9.63123  293.79331   15.18407 6.1312e-02     0.7924     0.7763    82.3622 0.0000e+00
        530 202.650200    0.03674     2.2042    132.251     62.593  49850.334    31.4501     8.0694     62.000     8.0545    24.4781     6.5333     9.3368     96.881    284.806    291.777   -0.00203    6.74366    9.63736  293.97580   15.19273 6.1113e-02     0.7148     0.8146    81.5756 0.0000e+00
        534 202.650211    0.03702     2.2212    133.273     63.610  49866.763    31.4589     8.0553     63.000     8.0468    24.4870     6.5272     9.3280     96.765    284.538    291.506   -0.00227    6.74542    9.63987  294.04977   15.19622 6.1010e-02     0.6873     0.8178    81.5089 0.0000e+00
        538 202.650223    0.03728     2.2369    134.211     64.609  49864.761    31.4559     8.0478     64.000     8.0359    24.4857     6.5172     9.3138     96.599    284.103    291.060   -0.00263    6.74670    9.64171  294.10634   15.19894 6.1066e-02     0.7422     0.8366    81.1268 0.0000e+00
        542 202.650235    0.03758     2.2549    135.292     65.628  49865.748    31.4543     8.0365     65.000     8.0220    24.4861     6.5088     9.3018     96.448    283.737    290.685   -0.00287    6.74850    9.64428  294.18456   15.20268 6.0736e-02     0.8107     0.8422    81.0127 0.0000e+00
        546 202.650246    0.03785     2.2709    136.253     66.630  49863.633    31.4492     8.0163     66.000     7.9963    24.4850     6.5074     9.2997     96.380    283.675    290.620   -0.00259    6.75182    9.64901  294.32921   15.20961 6.0887e-02     0.7843     0.8681    80.4916 0.0000e+00
        550 202.650259    0.03815     2.2890    137.339     67.647  49853.715    31.4368     7.9846     67.000     7.9446    24.4798     6.4993     9.2882     96.184    283.325    290.262   -0.00301    6.75721    9.65673  294.56595   15.22096 6.0556e-02     0.7395     0.8882    80.0878 0.0000e+00
        554 202.650270    0.03843     2.3059    138.356     68.648  49793.123    31.3765     7.8751     68.000     7.7824    24.4479     6.4929     9.2790     95.813    283.053    289.974   -0.00417    6.77670    9.68458  295.42500   15.26222 6.0344e-02     0.6957     0.9719    78.4388 0.0000e+00
        559 202.650284    0.03876     2.3253    139.518     69.673  49912.306    31.4305     7.6967     69.000     7.6463    24.5152     6.4737     9.2515     95.174    282.197    289.115   -0.00671    6.80186    9.72054  296.50242   15.31343 6.0265e-02     0.7198     1.2160    73.8174 0.0000e+00
        563 202.650295    0.03902     2.3413    140.476     70.668  49985.498    31.4720     7.6414     70.000     7.6242    24.5555     6.4416     9.2057     94.610    280.786    287.681   -0.00809    6.80860    9.73017  296.78432   15.32671 6.0226e-02     0.5853     1.8399    63.4698 0.0000e+00
        567 202.650308    0.03933     2.3594    141.565     71.688  50005.036    31.4827     7.6263     71.000     7.6186    24.5659     6.4052     9.1537     94.050    279.198    286.056   -0.00910    6.81046    9.73284  296.86272   15.33041 6.0169e-02     0.5745     1.7282    64.9731 0.0000e+00
        571 202.650318    0.03959     2.3755    142.533     72.688  50006.458    31.4829     7.6245     72.000     7.6171    24.5664     6.3863     9.1266     93.768    278.372    285.211   -0.00852    6.81074    9.73323  296.87449   15.33097 6.0089e-02     0.5993     1.6831    65.6621 0.0000e+00
        575 202.650331    0.03989     2.3933    143.599     73.704  50008.472    31.4838     7.6236     73.000     7.6167    24.5672     6.3741     9.1093     93.588    277.844    284.670   -0.00735    6.81085    9.73337  296.87869   15.33116 6.0074e-02     0.6208     1.6665    65.9276 0.0000e+00
        579 202.650343    0.04017     2.4103    144.618     74.709  50007.079    31.4822     7.6228     74.000     7.6148    24.5661     6.3787     9.1158     93.652    278.043    284.873   -0.00524    6.81103    9.73365  296.88748   15.33159 5.9980e-02     0.6381     1.6606    66.0250 0.0000e+00
        584 202.650356    0.04048     2.4285    145.712     75.723  50006.826    31.4811     7.6201     75.000     7.6116    24.5656     6.3801     9.1178     93.666    278.103    284.935   -0.00370    6.81151    9.73433  296.90837   15.33259 5.9913e-02     0.6886     1.6618    66.0045 0.0000e+00
        588 202.650368    0.04079     2.4473    146.838     76.732  50011.525    31.4836     7.6184     76.000     7.6118    24.5678     6.3744     9.1098     93.582    277.858    284.685   -0.00320    6.81165    9.73453  296.91370   15.33284 6.0272e-02     0.6896     1.7020    65.3435 0.0000e+00
        593 202.650381    0.04109     2.4658    147.946     77.736  50011.574    31.4834     7.6193     77.000     7.6126    24.5675     6.3747     9.1101     93.588    277.869    284.696   -0.00237    6.81153    9.73435  296.90847   15.33259 5.9851e-02     0.6734     1.6965    65.4351 0.0000e+00
        598 202.650395    0.04143     2.4860    149.159     78.757  50010.284    31.4822     7.6205     78.000     7.6127    24.5664     6.3719     9.1060     93.547    277.743    284.566   -0.00189    6.81140    9.73417  296.90308   15.33234 5.9712e-02     0.6769     1.6709    65.8548 0.0000e+00
        602 202.650409    0.04176     2.5055    150.328     79.759  50011.686    31.4826     7.6194     79.000     7.6120    24.5668     6.3667     9.0987     93.470    277.520    284.338   -0.00191    6.81155    9.73438  296.90950   15.33264 5.9712e-02     0.5924     1.6917    65.5126 0.0000e+00
        608 202.650425    0.04213     2.5281    151.690     80.726  50007.324    31.4791     7.6194     80.000     7.6119    24.5642     6.3755     9.1112     93.596    277.903    284.729   -0.00044    6.81168    9.73457  296.91626   15.33298 5.9979e-02     0.5383     1.7466    64.6191 0.0000e+00
