CTD-processing/allCTD/CNV/2021_12-18_t9_s10_cast042_4141.cnv
* Sea-Bird SBE19plus Data File:
* FileName = C:\Users\steve\Desktop\GWA\CTD\2021_12-18_T9\2021_12-18_T9_S0_cast042.hex
* Software Version 1.59
* Temperature SN =  4141
* Conductivity SN =  4141
* System UpLoad Time = Dec 22 2021 14:39:21
** Cook Inlet LTM T9
** Date: 12-18-2021
** Station:S10
** Start Time (AKST):15:11
** Depth (m):65
** Comment:
** Comment:
# nquan = 27
# nvalues = 57                          
# units = specified
# name 0 = scan: Scan Count
# name 1 = timeJ: Julian Days
# name 2 = timeH: Time, Elapsed [hours]
# name 3 = timeM: Time, Elapsed [minutes]
# name 4 = timeS: Time, Elapsed [seconds]
# name 5 = prdM: Pressure, Strain Gauge [db]
# name 6 = specc: Specific Conductance [uS/cm]
# name 7 = sal00: Salinity, Practical [PSU]
# name 8 = tv290C: Temperature [ITS-90, deg C]
# name 9 = depSM: Depth [salt water, m], lat = 59.00
# name 10 = potemp090C: Potential Temperature [ITS-90, deg C]
# name 11 = sigma-é00: Density [sigma-theta, kg/m^3]
# name 12 = sbeox0ML/L: Oxygen, SBE 43 [ml/l]
# name 13 = sbeox0Mg/L: Oxygen, SBE 43 [mg/l]
# name 14 = sbeox0PS: Oxygen, SBE 43 [% saturation]
# name 15 = sbox0Mm/Kg: Oxygen, SBE 43 [umol/kg]
# name 16 = sbeox0Mm/L: Oxygen, SBE 43 [umol/l]
# name 17 = sbox0dV/dT: Oxygen, SBE 43 [dov/dt]
# name 18 = oxsolML/L: Oxygen Saturation, Garcia & Gordon [ml/l]
# name 19 = oxsolMg/L: Oxygen Saturation, Garcia & Gordon [mg/l]
# name 20 = oxsolMm/Kg: Oxygen Saturation, Garcia & Gordon [umol/kg]
# name 21 = n2satMg/L: Nitrogen Saturation [mg/l]
# name 22 = par: PAR/Irradiance, Biospherical/Licor
# name 23 = wetStar: Fluorescence, WET Labs WETstar [mg/m^3]
# name 24 = CStarAt0: Beam Attenuation, WET Labs C-Star [1/m]
# name 25 = CStarTr0: Beam Transmission, WET Labs C-Star [%]
# name 26 = flag: flag
# span 0 =        260,        507       
# span 1 = 352.633528, 352.634241       
# span 2 =    0.01801,    0.03512       
# span 3 =     1.0802,     2.1074       
# span 4 =     64.813,    126.445       
# span 5 =      1.012,     57.540       
# span 6 =  50912.076,  51216.185       
# span 7 =    31.0026,    31.1739       
# span 8 =     2.1129,     2.8464       
# span 9 =      1.000,     57.000       
# span 10 =     2.0906,     2.8451      
# span 11 =    24.7625,    24.8850      
# span 12 =     7.1435,     7.3333      
# span 13 =    10.2088,    10.4801      
# span 14 =     91.741,     95.265      
# span 15 =    311.313,    319.566      
# span 16 =    319.029,    327.508      
# span 17 =   -0.00113,    0.05383      
# span 18 =    7.65105,    7.80048      
# span 19 =   10.93411,   11.14766      
# span 20 =  333.42167,  339.95129      
# span 21 =   17.07211,   17.38264      
# span 22 = 3.6903e-02, 5.9726e+00      
# span 23 =     0.1795,     0.2099      
# span 24 =     1.0123,     1.1417      
# span 25 =    75.1681,    77.6424      
# span 26 = 0.0000e+00, 0.0000e+00      
# interval = meters: 1                  
# start_time = Dec 18 2021 15:11:12 [Instrument's time stamp, header]
# bad_flag = -9.990e-29
*END*
        260 352.633528    0.01801     1.0802     64.813      1.012  51037.905    31.0338     2.1746      1.000     2.1596    24.7831     7.1435    10.2088     91.741    311.313    319.029    0.05383    7.78667   11.12792  339.34234   17.35361 4.6626e+00     0.2082     1.0129    77.6290 0.0000e+00
        264 352.633540    0.01829     1.0977     65.862      2.020  51046.314    31.0291     2.1396      2.000     2.1283    24.7818     7.2350    10.3395     92.829    315.300    323.114    0.04708    7.79381   11.13814  339.65433   17.36844 5.9726e+00     0.1900     1.0123    77.6424 0.0000e+00
        268 352.633551    0.01857     1.1145     66.871      3.029  51119.458    31.0771     2.1381      3.000     2.1553    24.8204     7.2690    10.3882     93.294    316.772    324.634    0.03894    7.79152   11.13487  339.54176   17.36290 4.9513e+00     0.1906     1.0221    77.4509 0.0000e+00
        273 352.633564    0.01886     1.1317     67.900      4.037  51072.705    31.0526     2.1642      4.000     2.1619    24.7989     7.2997    10.4321     93.735    318.117    326.006    0.03242    7.78769   11.12940  339.38207   17.35542 4.0829e+00     0.2027     1.0272    77.3514 0.0000e+00
        277 352.633575    0.01915     1.1487     68.919      5.048  51046.515    31.0293     2.1455      5.000     2.1313    24.7816     7.3077    10.4435     93.778    318.472    326.364    0.02564    7.79262   11.13644  339.60267   17.36599 3.3046e+00     0.1943     1.0282    77.3330 0.0000e+00
        281 352.633587    0.01942     1.1651     69.904      6.054  51021.271    31.0026     2.1129      6.000     2.0906    24.7625     7.3119    10.4493     93.736    318.655    326.545    0.01980    7.80048   11.14766  339.95129   17.38264 2.6833e+00     0.1907     1.0243    77.4073 0.0000e+00
        285 352.633600    0.01971     1.1831     70.984      7.070  51216.185    31.1327     2.1129      7.000     2.1703    24.8665     7.3045    10.4388     93.725    318.302    326.217    0.01509    7.79352   11.13772  339.61370   17.36610 2.1497e+00     0.1924     1.0175    77.5388 0.0000e+00
        289 352.633610    0.01999     1.1993     71.958      8.073  51137.443    31.1070     2.2109      8.000     2.2444    24.8392     7.3214    10.4629     94.157    319.045    326.970    0.01390    7.77561   11.11213  338.84238   17.32959 1.7366e+00     0.1975     1.0311    77.2768 0.0000e+00
        293 352.633623    0.02029     1.2175     73.051      9.086  51194.434    31.1739     2.3153      9.000     2.3926    24.8850     7.3276    10.4718     94.530    319.302    327.248    0.01251    7.75161   11.07783  337.78125   17.27896 1.3859e+00     0.2012     1.0182    77.5259 0.0000e+00
        297 352.633635    0.02059     1.2352     74.114     10.095  51090.535    31.1450     2.4652     10.000     2.5062    24.8508     7.3333    10.4801     94.943    319.566    327.508    0.01172    7.72397   11.03832  336.58785   17.22243 1.0900e+00     0.1935     1.0369    77.1654 0.0000e+00
        302 352.633648    0.02087     1.2525     75.152     11.102  51018.977    31.1156     2.5356     11.000     2.5600    24.8221     7.3275    10.4717     95.016    319.318    327.244    0.00964    7.71186   11.02102  336.06989   17.19795 8.5946e-01     0.2086     1.0448    77.0124 0.0000e+00
        306 352.633660    0.02118     1.2708     76.250     12.114  51048.503    31.1600     2.6286     12.000     2.6604    24.8505     7.3037    10.4377     94.957    318.273    326.182    0.00705    7.69157   10.99203  335.17642   17.15535 6.7650e-01     0.2040     1.0302    77.2947 0.0000e+00
        310 352.633673    0.02148     1.2889     77.337     13.123  50954.016    31.1032     2.6556     13.000     2.6500    24.8030     7.2924    10.4215     94.838    317.796    325.678    0.00504    7.68935   10.98886  335.09518   17.15172 5.3334e-01     0.1995     1.0261    77.3741 0.0000e+00
        315 352.633686    0.02179     1.3075     78.451     14.135  50960.996    31.1062     2.6512     14.000     2.6442    24.8058     7.2711    10.3911     94.552    316.866    324.726    0.00226    7.69003   10.98982  335.12372   17.15306 4.1552e-01     0.1959     1.0328    77.2441 0.0000e+00
        319 352.633698    0.02208     1.3249     79.497     15.141  51031.893    31.1510     2.6424     15.000     2.6737    24.8422     7.2607    10.3763     94.425    316.403    324.263    0.00115    7.68938   10.98890  335.08372   17.15098 3.2794e-01     0.2040     1.0373    77.1564 0.0000e+00
        323 352.633710    0.02237     1.3425     80.549     16.152  51010.293    31.1591     2.7288     16.000     2.7553    24.8420     7.2639    10.3807     94.675    316.540    324.403    0.00185    7.67237   10.96458  334.34208   17.11574 2.5764e-01     0.1948     1.0471    76.9687 0.0000e+00
        327 352.633722    0.02266     1.3596     81.577     17.162  50954.181    31.1328     2.7739     17.000     2.7768    24.8174     7.2768    10.3992     94.934    317.110    324.979    0.00289    7.66508   10.95417  334.03277   17.10116 2.0254e-01     0.1934     1.0548    76.8193 0.0000e+00
        331 352.633734    0.02295     1.3769     82.613     18.171  50945.535    31.1271     2.7762     18.000     2.7749    24.8127     7.2627    10.3791     94.752    316.500    324.353    0.00132    7.66494   10.95397  334.02805   17.10095 1.5947e-01     0.1870     1.0654    76.6174 0.0000e+00
        336 352.633746    0.02323     1.3941     83.648     19.180  50912.076    31.1026     2.7709     19.000     2.7510    24.7935     7.2572    10.3712     94.652    316.264    324.105    0.00047    7.66724   10.95725  334.13474   17.10611 1.2728e-01     0.1978     1.0597    76.7270 0.0000e+00
        340 352.633758    0.02353     1.4119     84.714     20.190  51004.707    31.1593     2.7514     20.000     2.7747    24.8403     7.2536    10.3660     94.595    316.091    323.943 1.9123e-07    7.66802   10.95837  334.15346   17.10678 1.0268e-01     0.1889     1.0617    76.6875 0.0000e+00
        344 352.633771    0.02384     1.4306     85.834     21.200  50918.760    31.1129     2.7966     21.000     2.7862    24.7997     7.2597    10.3748     94.752    316.373    324.218    0.00067    7.66178   10.94946  333.89478   17.09468 8.3745e-02     0.1882     1.0571    76.7769 0.0000e+00
        349 352.633784    0.02415     1.4489     86.931     22.208  50945.689    31.1262     2.7802     22.000     2.7763    24.8117     7.2569    10.3709     94.686    316.249    324.096    0.00027    7.66422   10.95293  333.99705   17.09948 6.9907e-02     0.1836     1.0444    77.0199 0.0000e+00
        353 352.633797    0.02446     1.4675     88.051     23.219  50937.365    31.1169     2.7685     23.000     2.7587    24.8052     7.2545    10.3674     94.621    316.145    323.987   -0.00025    7.66694   10.95683  334.11777   17.10526 6.1847e-02     0.1919     1.0318    77.2627 0.0000e+00
        358 352.633810    0.02476     1.4858     89.150     24.227  50964.364    31.1304     2.7528     24.000     2.7557    24.8172     7.2564    10.3701     94.616    316.222    324.069   -0.00023    7.66926   10.96015  334.21498   17.10982 5.2704e-02     0.1898     1.0319    77.2620 0.0000e+00
        362 352.633822    0.02506     1.5039     90.232     25.238  50954.317    31.1263     2.7646     25.000     2.7619    24.8130     7.2543    10.3670     94.614    316.130    323.974   -0.00031    7.66721   10.95721  334.12679   17.10565 5.4576e-02     0.1991     1.0332    77.2364 0.0000e+00
        366 352.633835    0.02537     1.5221     91.327     26.248  50966.860    31.1327     2.7589     26.000     2.7622    24.8185     7.2615    10.3775     94.700    316.446    324.300    0.00013    7.66796   10.95829  334.15806   17.10710 4.7855e-02     0.1985     1.0249    77.3970 0.0000e+00
        371 352.633847    0.02567     1.5401     92.407     27.256  50970.099    31.1380     2.7727     27.000     2.7780    24.8217     7.2672    10.3855     94.810    316.692    324.553    0.00051    7.66504   10.95410  334.02930   17.10097 4.1234e-02     0.1931     1.0395    77.1152 0.0000e+00
        375 352.633860    0.02596     1.5578     93.468     28.265  50959.905    31.1346     2.7878     28.000     2.7914    24.8178     7.2690    10.3881     94.867    316.771    324.632    0.00068    7.66233   10.95023  333.91249   17.09544 4.0359e-02     0.2041     1.0387    77.1312 0.0000e+00
        379 352.633872    0.02627     1.5760     94.561     29.277  50963.858    31.1396     2.7986     29.000     2.8036    24.8210     7.2692    10.3884     94.897    316.778    324.641    0.00058    7.66000   10.94691  333.81018   17.09056 3.8029e-02     0.1931     1.0381    77.1417 0.0000e+00
        384 352.633885    0.02657     1.5939     95.632     30.283  50931.662    31.1189     2.8042     30.000     2.7919    24.8040     7.2712    10.3913     94.924    316.871    324.731    0.00058    7.66002   10.94694  333.81659   17.09094 3.7006e-02     0.1935     1.0414    77.0774 0.0000e+00
        388 352.633898    0.02689     1.6132     96.792     31.299  50983.582    31.1524     2.8004     31.000     2.8162    24.8310     7.2588    10.3734     94.773    316.319    324.174   -0.00036    7.65900   10.94548  333.76323   17.08828 3.6903e-02     0.1842     1.0252    77.3903 0.0000e+00
        392 352.633910    0.02718     1.6309     97.856     32.303  50932.206    31.1244     2.8274     32.000     2.8184    24.8065     7.2661    10.3840     94.917    316.651    324.505    0.00036    7.65529   10.94018  333.60957   17.08110 3.6908e-02     0.1800     1.0321    77.2578 0.0000e+00
        397 352.633924    0.02750     1.6498     98.990     33.314  50957.750    31.1379     2.8154     33.000     2.8177    24.8183     7.2649    10.3822     94.881    316.592    324.450    0.00006    7.65689   10.94245  333.67521   17.08416 3.6908e-02     0.1858     1.0302    77.2935 0.0000e+00
        402 352.633937    0.02783     1.6696    100.179     34.327  50964.096    31.1448     2.8275     34.000     2.8331    24.8229     7.2684    10.3873     94.959    316.743    324.606    0.00032    7.65422   10.93864  333.55739   17.07853 3.6908e-02     0.1919     1.0357    77.1883 0.0000e+00
        406 352.633950    0.02813     1.6880    101.281     35.329  50936.352    31.1288     2.8394     35.000     2.8322    24.8091     7.2699    10.3895     94.997    316.815    324.674    0.00041    7.65277   10.93657  333.49873   17.07581 3.6908e-02     0.1834     1.0539    76.8390 0.0000e+00
        411 352.633965    0.02848     1.7092    102.549     36.347  50954.032    31.1367     2.8261     36.000     2.8271    24.8165     7.2680    10.3867     94.945    316.727    324.587    0.00005    7.65489   10.93961  333.58905   17.08007 3.6908e-02     0.1823     1.0301    77.2957 0.0000e+00
        416 352.633978    0.02881     1.7285    103.713     37.351  50956.820    31.1406     2.8359     37.000     2.8388    24.8188     7.2612    10.3769     94.883    316.431    324.285   -0.00035    7.65282   10.93665  333.49814   17.07573 3.6908e-02     0.1933     1.0604    76.7131 0.0000e+00
        421 352.633993    0.02916     1.7493    104.959     38.363  50949.429    31.1378     2.8460     38.000     2.8451    24.8158     7.2685    10.3874     95.000    316.751    324.611    0.00020    7.65105   10.93411  333.42167   17.07211 3.6908e-02     0.1873     1.0516    76.8825 0.0000e+00
        426 352.634007    0.02949     1.7695    106.167     39.371  50947.561    31.1361     2.8464     39.000     2.8445    24.8144     7.2691    10.3883     95.008    316.777    324.638    0.00016    7.65106   10.93413  333.42275   17.07217 3.6908e-02     0.1849     1.0525    76.8645 0.0000e+00
        431 352.634021    0.02983     1.7898    107.389     40.381  50927.665    31.1214     2.8437     40.000     2.8300    24.8029     7.2697    10.3891     94.999    316.805    324.663    0.00004    7.65232   10.93594  333.48147   17.07502 3.6908e-02     0.1874     1.0640    76.6450 0.0000e+00
        435 352.634034    0.03016     1.8096    108.577     41.393  50942.726    31.1224     2.8112     41.000     2.8026    24.8063     7.2617    10.3776     94.818    316.456    324.305   -0.00084    7.65850   10.94477  333.74974   17.08776 3.6908e-02     0.1815     1.1036    75.8900 0.0000e+00
        440 352.634047    0.03047     1.8280    109.681     42.399  50958.513    31.1307     2.8042     42.000     2.7993    24.8135     7.2623    10.3785     94.815    316.482    324.335   -0.00084    7.65940   10.94605  333.78648   17.08947 3.6908e-02     0.1795     1.1193    75.5928 0.0000e+00
        444 352.634061    0.03079     1.8477    110.861     43.412  50942.770    31.1162     2.7913     43.000     2.7772    24.8029     7.2690    10.3882     94.864    316.777    324.634   -0.00033    7.66262   10.95065  333.93015   17.09635 3.6908e-02     0.1854     1.1096    75.7755 0.0000e+00
        449 352.634073    0.03110     1.8658    111.949     44.419  50972.847    31.1299     2.7688     44.000     2.7676    24.8157     7.2608    10.3764     94.712    316.415    324.268   -0.00113    7.66623   10.95581  334.08321   17.10357 3.6908e-02     0.1883     1.1353    75.2905 0.0000e+00
        453 352.634087    0.03141     1.8846    113.076     45.430  50990.064    31.1438     2.7791     45.000     2.7858    24.8258     7.2661    10.3840     94.814    316.643    324.504   -0.00051    7.66351   10.95193  333.96166   17.09774 3.6908e-02     0.1881     1.1305    75.3796 0.0000e+00
        458 352.634099    0.03171     1.9027    114.160     46.438  50965.924    31.1300     2.7901     46.000     2.7897    24.8139     7.2802    10.4041     95.016    317.261    325.134    0.00054    7.66213   10.94995  333.90497   17.09510 3.6908e-02     0.1859     1.1417    75.1681 0.0000e+00
        462 352.634112    0.03202     1.9210    115.262     47.448  50936.018    31.1096     2.7914     47.000     2.7703    24.7976     7.2796    10.4033     94.997    317.240    325.107    0.00030    7.66295   10.95112  333.94630   17.09714 3.6908e-02     0.1895     1.1279    75.4303 0.0000e+00
        467 352.634125    0.03233     1.9401    116.404     48.459  50942.668    31.0996     2.7391     48.000     2.7190    24.7938     7.2757    10.3977     94.815    317.070    324.931   -0.00060    7.67349   10.96619  334.40703   17.11906 3.6908e-02     0.1949     1.1207    75.5644 0.0000e+00
        471 352.634138    0.03264     1.9586    117.515     49.467  50981.404    31.1194     2.7175     49.000     2.7110    24.8113     7.2741    10.3954     94.757    316.997    324.862   -0.00098    7.67660   10.97063  334.53689   17.12515 3.6908e-02     0.1958     1.1214    75.5524 0.0000e+00
        476 352.634151    0.03296     1.9776    118.659     50.480  50962.705    31.1027     2.7040     50.000     2.6855    24.7990     7.2804    10.4045     94.797    317.276    325.145   -0.00051    7.68007   10.97558  334.69175   17.13257 3.6908e-02     0.1943     1.1119    75.7318 0.0000e+00
        480 352.634164    0.03326     1.9959    119.754     51.487  50977.687    31.1026     2.6683     51.000     2.6545    24.8018     7.2836    10.4089     94.753    317.412    325.284   -0.00074    7.68695   10.98541  334.99073   17.14677 3.6908e-02     0.1910     1.0825    76.2906 0.0000e+00
        485 352.634177    0.03358     2.0149    120.896     52.498  51027.900    31.1314     2.6516     52.000     2.6595    24.8260     7.2883    10.4157     94.793    317.610    325.496   -0.00046    7.68864   10.98784  335.05669   17.14979 3.6908e-02     0.1904     1.0542    76.8312 0.0000e+00
        489 352.634190    0.03389     2.0333    121.999     53.506  51027.322    31.1381     2.6797     53.000     2.6917    24.8292     7.2977    10.4292     94.987    318.021    325.917    0.00047    7.68288   10.97960  334.80450   17.13778 3.6908e-02     0.1851     1.0478    76.9549 0.0000e+00
