CTD-processing/allCTD/CNV/2021_12-18_t9_s04_cast036_4141.cnv
* Sea-Bird SBE19plus Data File:
* FileName = C:\Users\steve\Desktop\GWA\CTD\2021_12-18_T9\2021_12-18_T9_S0_cast036.hex
* Software Version 1.59
* Temperature SN =  4141
* Conductivity SN =  4141
* System UpLoad Time = Dec 22 2021 14:31:37
** Cook Inlet LTM T9
** Date: 12-18-2021
** Station:S04
** Start Time (AKST):14:21
** Depth (m):99
** Comment:
** Comment:
# nquan = 27
# nvalues = 93                          
# units = specified
# name 0 = scan: Scan Count
# name 1 = timeJ: Julian Days
# name 2 = timeH: Time, Elapsed [hours]
# name 3 = timeM: Time, Elapsed [minutes]
# name 4 = timeS: Time, Elapsed [seconds]
# name 5 = prdM: Pressure, Strain Gauge [db]
# name 6 = specc: Specific Conductance [uS/cm]
# name 7 = sal00: Salinity, Practical [PSU]
# name 8 = tv290C: Temperature [ITS-90, deg C]
# name 9 = depSM: Depth [salt water, m], lat = 59.00
# name 10 = potemp090C: Potential Temperature [ITS-90, deg C]
# name 11 = sigma-é00: Density [sigma-theta, kg/m^3]
# name 12 = sbeox0ML/L: Oxygen, SBE 43 [ml/l]
# name 13 = sbeox0Mg/L: Oxygen, SBE 43 [mg/l]
# name 14 = sbeox0PS: Oxygen, SBE 43 [% saturation]
# name 15 = sbox0Mm/Kg: Oxygen, SBE 43 [umol/kg]
# name 16 = sbeox0Mm/L: Oxygen, SBE 43 [umol/l]
# name 17 = sbox0dV/dT: Oxygen, SBE 43 [dov/dt]
# name 18 = oxsolML/L: Oxygen Saturation, Garcia & Gordon [ml/l]
# name 19 = oxsolMg/L: Oxygen Saturation, Garcia & Gordon [mg/l]
# name 20 = oxsolMm/Kg: Oxygen Saturation, Garcia & Gordon [umol/kg]
# name 21 = n2satMg/L: Nitrogen Saturation [mg/l]
# name 22 = par: PAR/Irradiance, Biospherical/Licor
# name 23 = wetStar: Fluorescence, WET Labs WETstar [mg/m^3]
# name 24 = CStarAt0: Beam Attenuation, WET Labs C-Star [1/m]
# name 25 = CStarTr0: Beam Transmission, WET Labs C-Star [%]
# name 26 = flag: flag
# span 0 =        266,        700       
# span 1 = 352.598451, 352.599708       
# span 2 =    0.01837,    0.04854       
# span 3 =     1.1023,     2.9124       
# span 4 =     66.136,    174.746       
# span 5 =      1.019,     93.891       
# span 6 =  50610.892,  50874.801       
# span 7 =    31.1095,    31.2746       
# span 8 =     3.2617,     3.6751       
# span 9 =      1.000,     93.000       
# span 10 =     3.2577,     3.6748      
# span 11 =    24.7376,    24.8673      
# span 12 =     6.4016,     7.1795      
# span 13 =     9.1484,    10.2603      
# span 14 =     85.418,     94.931      
# span 15 =    278.974,    312.879      
# span 16 =    285.893,    320.639      
# span 17 =   -0.00261,    0.07570      
# span 18 =    7.49208,    7.57132      
# span 19 =   10.70692,   10.82017      
# span 20 =  326.49879,  329.95271      
# span 21 =   16.74292,   16.90725      
# span 22 = 3.6908e-02, 1.4171e+01      
# span 23 =     0.1643,     0.1942      
# span 24 =     0.6389,     0.8061      
# span 25 =    81.7491,    85.2381      
# span 26 = 0.0000e+00, 0.0000e+00      
# interval = meters: 1                  
# start_time = Dec 18 2021 14:20:40 [Instrument's time stamp, header]
# bad_flag = -9.990e-29
*END*
        266 352.598451    0.01837     1.1023     66.136      1.019  50710.594    31.2027     3.6642      1.000     3.6633    24.7977     6.4016     9.1484     85.418    278.974    285.893    0.06426    7.49432   10.71013  326.59746   16.74763 1.4171e+01     0.1799     0.6389    85.2381 0.0000e+00
        270 352.598464    0.01869     1.1214     67.286      2.020  50711.069    31.2023     3.6636      2.000     3.6624    24.7975     6.8168     9.7419     90.958    297.072    304.439    0.07570    7.49445   10.71032  326.60311   16.74790 1.1213e+01     0.1834     0.6494    85.0141 0.0000e+00
        275 352.598477    0.01900     1.1401     68.406      3.028  50714.590    31.2033     3.6599      3.000     3.6587    24.7986     6.9470     9.9280     92.688    302.744    310.252    0.06555    7.49508   10.71122  326.63027   16.74919 9.5355e+00     0.1865     0.6455    85.0974 0.0000e+00
        279 352.598490    0.01932     1.1591     69.543      4.040  50719.487    31.2059     3.6588      4.000     3.6610    24.8007     6.9856     9.9832     93.201    304.428    311.978    0.05161    7.49516   10.71133  326.63313   16.74931 8.2749e+00     0.1942     0.6460    85.0879 0.0000e+00
        283 352.598502    0.01961     1.1768     70.606      5.044  50723.203    31.2101     3.6681      5.000     3.6711    24.8033     7.0062    10.0125     93.501    305.323    312.896    0.04069    7.49322   10.70856  326.54775   16.74523 7.4447e+00     0.1894     0.6472    85.0592 0.0000e+00
        288 352.598516    0.01993     1.1959     71.751      6.059  50712.949    31.2030     3.6696      6.000     3.6680    24.7975     7.0171    10.0281     93.644    305.799    313.382    0.03124    7.49331   10.70870  326.55381   16.74555 6.7056e+00     0.1940     0.6459    85.0881 0.0000e+00
        292 352.598528    0.02023     1.2135     72.810      7.063  50721.907    31.2087     3.6701      7.000     3.6725    24.8020     7.0171    10.0282     93.650    305.800    313.384    0.02373    7.49293   10.70815  326.53552   16.74466 5.9240e+00     0.1917     0.6477    85.0495 0.0000e+00
        297 352.598541    0.02054     1.2322     73.935      8.078  50718.623    31.2072     3.6751      8.000     3.6748    24.8004     7.0265    10.0416     93.786    306.211    313.804    0.01838    7.49208   10.70692  326.49879   16.74292 5.1692e+00     0.1926     0.6453    85.1021 0.0000e+00
        301 352.598553    0.02083     1.2501     75.009      9.084  50610.892    31.1237     3.6349      9.000     3.5772    24.7376     7.0345    10.0530     93.747    306.578    314.163    0.01383    7.50374   10.72360  327.02724   16.76838 4.4660e+00     0.1913     0.6502    84.9970 0.0000e+00
        306 352.598567    0.02115     1.2691     76.146     10.096  50736.764    31.1822     3.5269     10.000     3.5208    24.7937     7.0246    10.0389     93.403    306.130    313.719    0.00847    7.52071   10.74785  327.74881   16.80244 3.7956e+00     0.1766     0.6841    84.2812 0.0000e+00
        310 352.598579    0.02146     1.2874     77.242     11.103  50735.538    31.1793     3.5205     11.000     3.5114    24.7920     7.0429    10.0649     93.630    306.925    314.534    0.00722    7.52205   10.74977  327.80796   16.80525 3.2069e+00     0.1769     0.6926    84.1012 0.0000e+00
        315 352.598593    0.02178     1.3066     78.399     12.114  50874.801    31.2746     3.5258     12.000     3.5906    24.8673     7.0581    10.0867     93.905    307.566    315.215    0.00675    7.51621   10.74141  327.52915   16.79162 2.7197e+00     0.1694     0.6702    84.5737 0.0000e+00
        319 352.598606    0.02209     1.3258     79.546     13.123  50745.763    31.2157     3.6446     13.000     3.6547    24.8099     7.0795    10.1174     94.428    308.517    316.171    0.00743    7.49727   10.71435  326.72204   16.75350 2.3160e+00     0.1740     0.6544    84.9077 0.0000e+00
        324 352.598619    0.02241     1.3449     80.693     14.133  50729.708    31.2089     3.6639     14.000     3.6673    24.8028     7.0816    10.1203     94.496    308.609    316.263    0.00607    7.49406   10.70977  326.58464   16.74700 1.9655e+00     0.1877     0.6475    85.0544 0.0000e+00
        328 352.598632    0.02273     1.3640     81.839     15.140  50720.657    31.2038     3.6702     15.000     3.6695    24.7981     7.0645    10.0959     94.280    307.868    315.502    0.00338    7.49315   10.70846  326.54648   16.74520 1.6669e+00     0.1823     0.6466    85.0732 0.0000e+00
        333 352.598646    0.02307     1.3840     83.037     16.154  50721.191    31.2036     3.6700     16.000     3.6687    24.7980     7.0702    10.1040     94.355    308.115    315.756    0.00276    7.49321   10.70855  326.54893   16.74532 1.4110e+00     0.1825     0.6456    85.0941 0.0000e+00
        338 352.598659    0.02337     1.4024     84.146     17.160  50724.454    31.2054     3.6702     17.000     3.6701    24.7994     7.0699    10.1036     94.353    308.103    315.744    0.00200    7.49307   10.70835  326.54253   16.74501 1.1944e+00     0.1791     0.6507    84.9876 0.0000e+00
        342 352.598672    0.02368     1.4210     85.262     18.171  50721.628    31.2031     3.6708     18.000     3.6693    24.7975     7.0705    10.1045     94.361    308.128    315.769    0.00149    7.49308   10.70837  326.54368   16.74507 1.0104e+00     0.1793     0.6468    85.0700 0.0000e+00
        346 352.598684    0.02399     1.4392     86.350     19.179  50726.874    31.2062     3.6711     19.000     3.6711    24.8000     7.0753    10.1112     94.426    308.333    315.980    0.00136    7.49287   10.70805  326.53334   16.74457 8.5354e-01     0.1853     0.6450    85.1072 0.0000e+00
        351 352.598698    0.02431     1.4583     87.500     20.191  50724.988    31.2050     3.6735     20.000     3.6719    24.7988     7.0756    10.1117     94.436    308.349    315.996    0.00105    7.49249   10.70751  326.51718   16.74381 7.1860e-01     0.1826     0.6439    85.1314 0.0000e+00
        356 352.598711    0.02462     1.4774     88.646     21.199  50692.126    31.1809     3.6683     21.000     3.6527    24.7801     7.0830    10.1224     94.508    308.680    316.330    0.00102    7.49468   10.71065  326.61874   16.74873 6.0450e-01     0.1918     0.6437    85.1358 0.0000e+00
        360 352.598724    0.02493     1.4961     89.767     22.209  50731.910    31.2032     3.6512     22.000     3.6489    24.7994     7.0861    10.1267     94.523    308.806    316.464    0.00079    7.49668   10.71350  326.69957   16.75248 5.0964e-01     0.1771     0.6597    84.7962 0.0000e+00
        365 352.598737    0.02525     1.5151     90.904     23.220  50746.527    31.2106     3.6429     23.000     3.6508    24.8061     7.0898    10.1321     94.559    308.968    316.632    0.00073    7.49783   10.71515  326.74776   16.75474 4.2820e-01     0.1816     0.6522    84.9536 0.0000e+00
        369 352.598750    0.02556     1.5337     92.021     24.226  50730.158    31.2040     3.6634     24.000     3.6616    24.7989     7.0898    10.1320     94.601    308.967    316.629    0.00065    7.49439   10.71024  326.60031   16.74776 3.6072e-01     0.1817     0.6510    84.9793 0.0000e+00
        374 352.598763    0.02587     1.5526     93.154     25.237  50651.961    31.1466     3.6475     25.000     3.5938    24.7547     7.0974    10.1429     94.629    309.314    316.971    0.00059    7.50024   10.71859  326.86912   16.76078 2.9893e-01     0.1812     0.6634    84.7169 0.0000e+00
        378 352.598776    0.02619     1.5714     94.282     26.246  50652.958    31.1095     3.4959     26.000     3.4414    24.7387     7.0956    10.1403     94.229    309.238    316.888   -0.00142    7.53018   10.76139  328.17927   16.82318 2.5013e-01     0.1756     0.7058    83.8254 0.0000e+00
        383 352.598790    0.02652     1.5911     95.466     27.260  50826.750    31.2104     3.4299     27.000     3.4491    24.8248     7.0842    10.1241     93.989    308.717    316.382   -0.00261    7.53728   10.77152  328.46077   16.83615 2.0774e-01     0.1738     0.7291    83.3366 0.0000e+00
        387 352.598803    0.02682     1.6094     96.561     28.263  50769.198    31.1844     3.4840     28.000     3.4813    24.7993     7.1192    10.1740     94.563    310.249    317.943    0.00067    7.52855   10.75905  328.08882   16.81859 1.7392e-01     0.1852     0.7287    83.3456 0.0000e+00
        392 352.598817    0.02715     1.6291     97.749     29.277  50709.674    31.1349     3.4491     29.000     3.4130    24.7630     7.1362    10.1983     94.675    310.999    318.700    0.00126    7.53756   10.77193  328.49322   16.83800 1.4595e-01     0.1709     0.7354    83.2070 0.0000e+00
        396 352.598829    0.02746     1.6478     98.867     30.283  50767.807    31.1566     3.3801     30.000     3.3647    24.7862     7.1164    10.1700     94.265    310.130    317.816   -0.00120    7.54931   10.78872  328.99771   16.86189 1.2310e-01     0.1770     0.7518    82.8669 0.0000e+00
        401 352.598843    0.02780     1.6676    100.056     31.297  50805.706    31.1768     3.3608     31.000     3.3624    24.8041     7.1210    10.1766     94.294    310.325    318.023   -0.00093    7.55188   10.79239  329.10373   16.86684 1.0513e-01     0.1692     0.7570    82.7582 0.0000e+00
        406 352.598856    0.02810     1.6860    101.156     32.304  50796.454    31.1723     3.3696     32.000     3.3669    24.7997     7.1352    10.1970     94.501    310.949    318.661    0.00020    7.55046   10.79037  329.04354   16.86400 9.0703e-02     0.1690     0.7627    82.6410 0.0000e+00
        410 352.598869    0.02841     1.7046    102.278     33.313  50789.046    31.1650     3.3629     33.000     3.3575    24.7945     7.1441    10.2096     94.598    311.336    319.056    0.00062    7.55209   10.79269  329.11612   16.86748 8.1040e-02     0.1780     0.7765    82.3581 0.0000e+00
        415 352.598883    0.02874     1.7246    103.474     34.324  50805.005    31.1755     3.3633     34.000     3.3638    24.8028     7.1423    10.2071     94.582    311.257    318.978    0.00030    7.55148   10.79182  329.08678   16.86604 6.9697e-02     0.1708     0.7662    82.5674 0.0000e+00
        420 352.598897    0.02908     1.7445    104.669     35.333  50806.070    31.1772     3.3692     35.000     3.3714    24.8037     7.1484    10.2158     94.677    311.520    319.247    0.00061    7.55028   10.79010  329.03398   16.86352 6.1370e-02     0.1700     0.7567    82.7631 0.0000e+00
        425 352.598911    0.02941     1.7647    105.882     36.342  50820.276    31.1910     3.3884     36.000     3.3983    24.8130     7.1514    10.2201     94.771    311.649    319.383    0.00083    7.54600   10.78399  328.84493   16.85448 5.4898e-02     0.1699     0.7563    82.7717 0.0000e+00
        430 352.598925    0.02976     1.7858    107.146     37.354  50777.427    31.1656     3.4048     37.000     3.3955    24.7914     7.1549    10.2251     94.839    311.807    319.538    0.00090    7.54425   10.78149  328.77559   16.85130 4.7949e-02     0.1698     0.7474    82.9574 0.0000e+00
        434 352.598939    0.03009     1.8051    108.308     38.361  50811.467    31.1849     3.3916     38.000     3.3982    24.8079     7.1465    10.2130     94.708    311.435    319.160    0.00006    7.54572   10.78359  328.83425   16.85401 4.4827e-02     0.1729     0.7522    82.8572 0.0000e+00
        439 352.598952    0.03042     1.8247    109.482     39.373  50792.093    31.1755     3.4088     39.000     3.4072    24.7989     7.1463    10.2127     94.740    311.429    319.152    0.00006    7.54299   10.77968  328.71804   16.84852 4.2368e-02     0.1748     0.7452    83.0029 0.0000e+00
        444 352.598966    0.03073     1.8439    110.632     40.381  50814.863    31.1925     3.4168     40.000     3.4248    24.8117     7.1457    10.2119     94.762    311.399    319.126    0.00010    7.54064   10.77633  328.61148   16.84339 3.9037e-02     0.1643     0.7475    82.9537 0.0000e+00
        448 352.598979    0.03105     1.8633    111.796     41.391  50764.952    31.1595     3.4224     41.000     3.4066    24.7850     7.1480    10.2153     94.786    311.511    319.231    0.00016    7.54128   10.77725  328.64824   16.84527 3.7160e-02     0.1700     0.7398    83.1135 0.0000e+00
        453 352.598993    0.03138     1.8828    112.968     42.400  50820.926    31.1912     3.3993     42.000     3.4104    24.8122     7.1378    10.2007     94.617    311.058    318.776   -0.00072    7.54396   10.78107  328.75593   16.85026 3.6917e-02     0.1767     0.7417    83.0751 0.0000e+00
        458 352.599007    0.03171     1.9026    114.159     43.410  50780.427    31.1727     3.4373     43.000     3.4299    24.7942     7.1454    10.2115     94.794    311.393    319.114    0.00016    7.53783   10.77232  328.49493   16.83793 3.6908e-02     0.1811     0.7339    83.2380 0.0000e+00
        462 352.599020    0.03203     1.9220    115.319     44.420  50802.648    31.1842     3.4250     44.000     3.4262    24.8044     7.1472    10.2141     94.796    311.469    319.195    0.00022    7.53953   10.77475  328.56565   16.84125 3.6908e-02     0.1652     0.7354    83.2062 0.0000e+00
        467 352.599033    0.03235     1.9410    116.459     45.429  50771.729    31.1626     3.4244     45.000     3.4090    24.7873     7.1422    10.2069     94.715    311.255    318.971   -0.00036    7.54074   10.77647  328.62370   16.84409 3.6908e-02     0.1715     0.7282    83.3559 0.0000e+00
        472 352.599047    0.03268     1.9609    117.656     46.441  50771.274    31.1502     3.3783     46.000     3.3617    24.7815     7.1392    10.2026     94.560    311.126    318.837   -0.00099    7.54997   10.78966  329.02799   16.86335 3.6908e-02     0.1687     0.7484    82.9377 0.0000e+00
        476 352.599060    0.03300     1.9800    118.803     47.449  50773.805    31.1462     3.3575     47.000     3.3326    24.7801     7.1384    10.2014     94.497    311.090    318.799   -0.00125    7.55406   10.79550  329.20654   16.87185 3.6908e-02     0.1712     0.7633    82.6270 0.0000e+00
        481 352.599074    0.03333     2.0000    120.000     48.459  50791.719    31.1413     3.2917     48.000     3.2736    24.7817     7.1481    10.2153     94.469    311.513    319.232   -0.00109    7.56660   10.81343  329.75261   16.89782 3.6908e-02     0.1729     0.7895    82.0882 0.0000e+00
        486 352.599088    0.03367     2.0200    121.202     49.469  50838.809    31.1686     3.2762     49.000     3.2769    24.8049     7.1486    10.2161     94.457    311.530    319.257   -0.00102    7.56810   10.81558  329.81067   16.90046 3.6908e-02     0.1736     0.7972    81.9307 0.0000e+00
        490 352.599101    0.03399     2.0394    122.364     50.478  50853.677    31.1815     3.2895     50.000     3.2993    24.8141     7.1649    10.2394     94.712    312.237    319.985    0.00037    7.56496   10.81109  329.67076   16.89377 3.6908e-02     0.1795     0.7916    82.0461 0.0000e+00
        495 352.599116    0.03434     2.0601    123.605     51.489  50830.101    31.1721     3.3173     51.000     3.3166    24.8042     7.1713    10.2485     94.856    312.519    320.271    0.00098    7.56024   10.80434  329.46806   16.88417 3.6908e-02     0.1754     0.7817    82.2468 0.0000e+00
        500 352.599129    0.03465     2.0792    124.750     52.497  50799.230    31.1474     3.3039     52.000     3.2888    24.7856     7.1714    10.2487     94.810    312.530    320.277    0.00047    7.56401   10.80972  329.63838   16.89236 3.6908e-02     0.1748     0.7854    82.1720 0.0000e+00
        505 352.599143    0.03498     2.0987    125.923     53.507  50835.850    31.1680     3.2895     53.000     3.2896    24.8032     7.1664    10.2415     94.723    312.306    320.052   -0.00015    7.56565   10.81207  329.70431   16.89541 3.6908e-02     0.1767     0.7918    82.0409 0.0000e+00
