CTD-processing/allCTD/CNV/2021_04-16_t4_s03_cast013_5028.cnv
* Sea-Bird SBE19plus Data File:
* FileName = C:\Users\steve\Desktop\GWA\CTD\2021_04-16_T4\2021_04-16_T4_S0_cast013.hex
* Software Version 1.59
* Temperature SN =  5028
* Conductivity SN =  5028
* System UpLoad Time = Apr 17 2021 12:46:22
** Cook Inlet LTM T4
** Date: 04-16-2021
** Station:S03
** Start Time (AKDT):13:29
** Depth (m):108
** Comment:
** Comment:
# nquan = 27
# nvalues = 103                         
# units = specified
# name 0 = scan: Scan Count
# name 1 = timeJ: Julian Days
# name 2 = timeH: Time, Elapsed [hours]
# name 3 = timeM: Time, Elapsed [minutes]
# name 4 = timeS: Time, Elapsed [seconds]
# name 5 = prdM: Pressure, Strain Gauge [db]
# name 6 = specc: Specific Conductance [uS/cm]
# name 7 = sal00: Salinity, Practical [PSU]
# name 8 = tv290C: Temperature [ITS-90, deg C]
# name 9 = depSM: Depth [salt water, m], lat = 59.00
# name 10 = potemp090C: Potential Temperature [ITS-90, deg C]
# name 11 = sigma-é00: Density [sigma-theta, kg/m^3]
# name 12 = sbeox0ML/L: Oxygen, SBE 43 [ml/l]
# name 13 = sbeox0Mg/L: Oxygen, SBE 43 [mg/l]
# name 14 = sbeox0PS: Oxygen, SBE 43 [% saturation]
# name 15 = sbox0Mm/Kg: Oxygen, SBE 43 [umol/kg]
# name 16 = sbeox0Mm/L: Oxygen, SBE 43 [umol/l]
# name 17 = sbox0dV/dT: Oxygen, SBE 43 [dov/dt]
# name 18 = oxsolML/L: Oxygen Saturation, Garcia & Gordon [ml/l]
# name 19 = oxsolMg/L: Oxygen Saturation, Garcia & Gordon [mg/l]
# name 20 = oxsolMm/Kg: Oxygen Saturation, Garcia & Gordon [umol/kg]
# name 21 = potemp090C: Potential Temperature [ITS-90, deg C]
# name 22 = n2satMg/L: Nitrogen Saturation [mg/l]
# name 23 = par: PAR/Irradiance, Biospherical/Licor
# name 24 = flECO-AFL: Fluorescence, WET Labs ECO-AFL/FL [mg/m^3]
# name 25 = turbWETntu0: Turbidity, WET Labs ECO [NTU]
# name 26 = flag: flag
# span 0 =        124,        757       
# span 1 = 106.562047, 106.563878       
# span 2 =    0.00857,    0.05253       
# span 3 =     0.5143,     3.1515       
# span 4 =     30.855,    189.092       
# span 5 =      1.009,    103.998       
# span 6 =  49083.911,  51719.253       
# span 7 =    30.3142,    31.8520       
# span 8 =     3.5953,     4.4165       
# span 9 =      1.000,    103.000       
# span 10 =     3.5940,     4.2542      
# span 11 =    24.0260,    25.3089      
# span 12 =     6.9702,     8.7175      
# span 13 =     9.9611,    12.4581      
# span 14 =     94.154,    116.803      
# span 15 =    303.994,    379.732      
# span 16 =    311.289,    389.323      
# span 17 =   -0.01237,    0.03724      
# span 18 =    7.40427,    7.47649      
# span 19 =   10.58144,   10.68465      
# span 20 =  322.95242,  325.66629      
# span 21 =     3.5940,     4.4164      
# span 22 =   16.57819,   16.70094      
# span 23 = 3.7976e-02, 1.8406e+02      
# span 24 =     0.4164,     1.1367      
# span 25 =     0.4648,     0.9651      
# span 26 = 0.0000e+00, 0.0000e+00      
# interval = meters: 1                  
# start_time = Apr 16 2021 13:28:50 [Instrument's time stamp, header]
# bad_flag = -9.990e-29
*END*
[from data line 54]
        524 106.563203    0.03631     2.1788    130.728     55.526  51661.775    31.8290     3.6942     55.000     3.6907    25.2936     7.7670    11.0998    104.155    338.317    346.873   -0.00151    7.45711   10.65696  324.81868     3.6908   16.66055 1.6144e-01     0.5043     0.4814 0.0000e+00
        529 106.563217    0.03664     2.1984    131.907     56.536  51662.472    31.8289     3.6942     56.000     3.6908    25.2935     7.7608    11.0910    104.073    338.049    346.599   -0.00154    7.45710   10.65694  324.81829     3.6907   16.66053 1.4417e-01     0.5203     0.4860 0.0000e+00
        534 106.563231    0.03698     2.2189    133.136     57.546  51663.246    31.8290     3.6944     57.000     3.6910    25.2936     7.7519    11.0782    103.953    337.658    346.198   -0.00175    7.45707   10.65690  324.81687     3.6909   16.66046 1.2887e-01     0.5323     0.5048 0.0000e+00
        539 106.563245    0.03733     2.2398    134.387     58.556  51664.037    31.8291     3.6948     58.000     3.6914    25.2936     7.7455    11.0690    103.869    337.379    345.913   -0.00172    7.45699   10.65679  324.81365     3.6912   16.66031 1.1571e-01     0.5257     0.4866 0.0000e+00
        543 106.563259    0.03767     2.2599    135.591     59.565  51664.783    31.8292     3.6954     59.000     3.6920    25.2937     7.7412    11.0630    103.814    337.196    345.724   -0.00156    7.45687   10.65662  324.80821     3.6917   16.66005 1.0419e-01     0.5455     0.4857 0.0000e+00
        548 106.563273    0.03800     2.2797    136.783     60.575  51665.068    31.8291     3.6958     60.000     3.6922    25.2935     7.7361    11.0557    103.746    336.972    345.495   -0.00151    7.45681   10.65653  324.80559     3.6921   16.65992 9.4279e-02     0.5359     0.4999 0.0000e+00
        553 106.563287    0.03832     2.2995    137.972     61.585  51667.094    31.8301     3.6965     61.000     3.6933    25.2943     7.7336    11.0522    103.715    336.863    345.384   -0.00132    7.45663   10.65627  324.79750     3.6927   16.65954 8.5835e-02     0.5345     0.4973 0.0000e+00
        558 106.563301    0.03866     2.3199    139.194     62.595  51668.288    31.8308     3.6982     62.000     3.6949    25.2947     7.7306    11.0478    103.679    336.732    345.249   -0.00114    7.45629   10.65578  324.78238     3.6944   16.65881 7.8476e-02     0.5363     0.5061 0.0000e+00
        563 106.563315    0.03902     2.3409    140.456     63.604  51668.689    31.8308     3.6995     63.000     3.6958    25.2946     7.7207    11.0336    103.549    336.298    344.805   -0.00149    7.45605   10.65544  324.77232     3.6955   16.65833 7.2008e-02     0.5469     0.5286 0.0000e+00
        568 106.563330    0.03937     2.3621    141.724     64.614  51669.244    31.8309     3.7001     64.000     3.6962    25.2946     7.7134    11.0231    103.452    335.980    344.478   -0.00159    7.45593   10.65527  324.76703     3.6961   16.65808 6.6515e-02     0.5348     0.5127 0.0000e+00
        573 106.563344    0.03970     2.3822    142.934     65.624  51669.811    31.8308     3.7003     65.000     3.6963    25.2945     7.7106    11.0192    103.416    335.859    344.354   -0.00139    7.45590   10.65522  324.76559     3.6963   16.65802 6.1782e-02     0.5399     0.5098 0.0000e+00
        578 106.563358    0.04004     2.4027    144.160     66.634  51670.541    31.8308     3.7004     66.000     3.6963    25.2945     7.7068    11.0137    103.365    335.693    344.185   -0.00128    7.45588   10.65520  324.76475     3.6963   16.65798 5.7688e-02     0.5409     0.4977 0.0000e+00
        582 106.563372    0.04038     2.4225    145.349     67.643  51671.267    31.8308     3.7005     67.000     3.6963    25.2945     7.7003    11.0046    103.279    335.413    343.898   -0.00139    7.45586   10.65518  324.76415     3.6963   16.65795 5.4264e-02     0.5305     0.4962 0.0000e+00
        588 106.563387    0.04073     2.4439    146.634     68.653  51671.961    31.8308     3.7005     68.000     3.6964    25.2945     7.6900    10.9897    103.140    334.961    343.434   -0.00171    7.45585   10.65516  324.76374     3.6963   16.65793 5.1271e-02     0.5316     0.5281 0.0000e+00
        592 106.563401    0.04106     2.4640    147.838     69.663  51672.477    31.8307     3.7006     69.000     3.6964    25.2944     7.6862    10.9844    103.090    334.798    343.266   -0.00157    7.45584   10.65514  324.76309     3.6964   16.65790 4.8719e-02     0.5377     0.5242 0.0000e+00
        597 106.563415    0.04142     2.4849    149.091     70.672  51672.961    31.8305     3.7007     70.000     3.6964    25.2943     7.6915    10.9919    103.160    335.027    343.501   -0.00084    7.45583   10.65513  324.76287     3.6964   16.65789 4.6466e-02     0.5434     0.5013 0.0000e+00
        603 106.563431    0.04178     2.5064    150.382     71.682  51673.849    31.8306     3.7008     71.000     3.6964    25.2943     7.6890    10.9882    103.127    334.917    343.388   -0.00075    7.45582   10.65511  324.76222     3.6964   16.65786 4.4555e-02     0.5499     0.5278 0.0000e+00
        607 106.563444    0.04210     2.5263    151.575     72.692  51674.669    31.8306     3.7009     72.000     3.6964    25.2943     7.6792    10.9744    102.997    334.492    342.953   -0.00126    7.45580   10.65508  324.76139     3.6964   16.65782 4.2945e-02     0.5364     0.5056 0.0000e+00
        612 106.563459    0.04245     2.5473    152.839     73.702  51675.577    31.8307     3.7009     73.000     3.6964    25.2945     7.6746    10.9677    102.934    334.290    342.746   -0.00124    7.45579   10.65506  324.76079     3.6964   16.65779 4.1554e-02     0.5422     0.4848 0.0000e+00
        618 106.563474    0.04282     2.5689    154.132     74.712  51676.465    31.8309     3.7011     74.000     3.6965    25.2946     7.6668    10.9566    102.831    333.953    342.400   -0.00143    7.45575   10.65502  324.75928     3.6965   16.65772 4.0391e-02     0.5534     0.4648 0.0000e+00
        623 106.563488    0.04316     2.5899    155.396     75.722  51678.081    31.8315     3.7015     75.000     3.6973    25.2951     7.6604    10.9476    102.747    333.677    342.117   -0.00148    7.45564   10.65486  324.75419     3.6968   16.65747 3.9308e-02     0.5561     0.4708 0.0000e+00
        628 106.563503    0.04351     2.6107    156.643     76.732  51680.194    31.8329     3.7030     76.000     3.6995    25.2960     7.6600    10.9469    102.745    333.654    342.094   -0.00114    7.45529   10.65436  324.73879     3.6984   16.65674 3.8451e-02     0.5282     0.4796 0.0000e+00
        633 106.563518    0.04386     2.6318    157.907     77.741  51681.882    31.8344     3.7066     77.000     3.7031    25.2968     7.6613    10.9487    102.773    333.711    342.153   -0.00070    7.45456   10.65331  324.70668     3.7018   16.65520 3.8046e-02     0.5206     0.4723 0.0000e+00
        638 106.563533    0.04423     2.6539    159.233     78.751  51680.253    31.8334     3.7091     78.000     3.7043    25.2958     7.6551    10.9399    102.696    333.443    341.878   -0.00090    7.45416   10.65274  324.68957     3.7042   16.65439 3.7980e-02     0.5169     0.4772 0.0000e+00
        643 106.563548    0.04459     2.6753    160.521     79.761  51680.753    31.8332     3.7090     79.000     3.7040    25.2957     7.6521    10.9356    102.655    333.311    341.742   -0.00093    7.45417   10.65276  324.69010     3.7041   16.65442 3.7976e-02     0.5201     0.5003 0.0000e+00
        648 106.563563    0.04495     2.6967    161.804     80.771  51683.165    31.8344     3.7094     80.000     3.7051    25.2966     7.6505    10.9334    102.636    333.243    341.673   -0.00076    7.45406   10.65260  324.68486     3.7043   16.65416 3.7976e-02     0.5494     0.5076 0.0000e+00
        653 106.563577    0.04530     2.7176    163.056     81.781  51684.144    31.8350     3.7115     81.000     3.7070    25.2970     7.6429    10.9225    102.539    332.910    341.331   -0.00108    7.45364   10.65200  324.66650     3.7064   16.65329 3.7976e-02     0.5295     0.5215 0.0000e+00
        659 106.563593    0.04566     2.7398    164.389     82.790  51685.037    31.8355     3.7130     82.000     3.7084    25.2972     7.6365    10.9133    102.457    332.630    341.045   -0.00119    7.45334   10.65157  324.65346     3.7078   16.65267 3.7976e-02     0.5168     0.5280 0.0000e+00
        664 106.563607    0.04603     2.7617    165.702     83.800  51685.644    31.8358     3.7143     83.000     3.7093    25.2973     7.6298    10.9038    102.371    332.340    340.747   -0.00130    7.45308   10.65121  324.64227     3.7091   16.65214 3.7976e-02     0.5249     0.5424 0.0000e+00
        669 106.563623    0.04639     2.7831    166.988     84.810  51685.972    31.8356     3.7147     84.000     3.7095    25.2971     7.6227    10.8937    102.277    332.032    340.432   -0.00143    7.45303   10.65112  324.63978     3.7095   16.65202 3.7976e-02     0.5322     0.5329 0.0000e+00
        674 106.563636    0.04673     2.8034    168.204     85.820  51687.294    31.8360     3.7151     85.000     3.7101    25.2975     7.6242    10.8957    102.299    332.096    340.497   -0.00101    7.45292   10.65097  324.63506     3.7098   16.65179 3.7976e-02     0.5323     0.5338 0.0000e+00
        678 106.563650    0.04704     2.8226    169.354     86.830  51687.409    31.8357     3.7156     86.000     3.7102    25.2972     7.6275    10.9005    102.343    332.240    340.645   -0.00055    7.45285   10.65087  324.63199     3.7102   16.65165 3.7976e-02     0.5275     0.5368 0.0000e+00
        683 106.563663    0.04736     2.8416    170.495     87.840  51687.979    31.8356     3.7155     87.000     3.7099    25.2970     7.6246    10.8963    102.303    332.111    340.513   -0.00064    7.45289   10.65092  324.63376     3.7100   16.65173 3.7976e-02     0.5363     0.5615 0.0000e+00
        687 106.563676    0.04767     2.8603    171.617     88.849  51688.677    31.8355     3.7152     88.000     3.7095    25.2970     7.6200    10.8897    102.241    331.913    340.309   -0.00085    7.45295   10.65100  324.63628     3.7097   16.65185 3.7976e-02     0.5293     0.5585 0.0000e+00
        692 106.563688    0.04798     2.8783    172.700     89.859  51689.503    31.8354     3.7149     89.000     3.7094    25.2970     7.6191    10.8883    102.228    331.871    340.266   -0.00077    7.45298   10.65106  324.63786     3.7094   16.65193 3.7976e-02     0.5253     0.5376 0.0000e+00
        696 106.563702    0.04828     2.8971    173.826     90.869  51690.953    31.8360     3.7152     90.000     3.7099    25.2975     7.6208    10.8909    102.253    331.948    340.346   -0.00051    7.45291   10.65095  324.63453     3.7095   16.65177 3.7976e-02     0.5304     0.5473 0.0000e+00
        701 106.563715    0.04860     2.9160    174.963     91.879  51692.417    31.8368     3.7163     91.000     3.7111    25.2979     7.6206    10.8905    102.253    331.937    340.335   -0.00043    7.45267   10.65062  324.62420     3.7106   16.65127 3.7976e-02     0.5235     0.5357 0.0000e+00
        706 106.563729    0.04893     2.9360    176.159     92.890  51692.913    31.8369     3.7176     92.000     3.7122    25.2979     7.6164    10.8846    102.200    331.754    340.147   -0.00061    7.45243   10.65027  324.61358     3.7118   16.65076 3.7976e-02     0.5288     0.5339 0.0000e+00
        710 106.563742    0.04926     2.9552    177.312     93.899  51693.777    31.8372     3.7184     93.000     3.7129    25.2981     7.6094    10.8747    102.109    331.453    339.838   -0.00094    7.45227   10.65004  324.60641     3.7126   16.65042 3.7976e-02     0.5400     0.5387 0.0000e+00
        715 106.563756    0.04959     2.9756    178.537     94.909  51695.186    31.8379     3.7193     94.000     3.7139    25.2985     7.6026    10.8649    102.020    331.154    339.532   -0.00120    7.45207   10.64976  324.59762     3.7134   16.65001 3.7976e-02     0.5382     0.5535 0.0000e+00
        720 106.563770    0.04992     2.9954    179.722     95.919  51696.768    31.8388     3.7207     95.000     3.7154    25.2991     7.6027    10.8650    102.025    331.157    339.535   -0.00091    7.45177   10.64933  324.58450     3.7147   16.64938 3.7976e-02     0.5394     0.5630 0.0000e+00
        725 106.563784    0.05027     3.0159    180.955     96.929  51698.526    31.8398     3.7224     96.000     3.7173    25.2999     7.6011    10.8627    102.009    331.087    339.464   -0.00076    7.45140   10.64880  324.56799     3.7165   16.64859 3.7976e-02     0.5356     0.5908 0.0000e+00
        729 106.563797    0.05059     3.0351    182.104     97.938  51699.763    31.8407     3.7244     97.000     3.7192    25.3004     7.5959    10.8553    101.945    330.863    339.234   -0.00094    7.45099   10.64820  324.54977     3.7184   16.64772 3.7976e-02     0.5240     0.6205 0.0000e+00
        734 106.563811    0.05090     3.0541    183.247     98.948  51701.446    31.8417     3.7260     98.000     3.7205    25.3010     7.5936    10.8520    101.919    330.762    339.131   -0.00087    7.45065   10.64772  324.53482     3.7199   16.64700 3.7976e-02     0.5122     0.6638 0.0000e+00
        738 106.563823    0.05121     3.0727    184.362     99.958  51703.757    31.8431     3.7274     99.000     3.7216    25.3020     7.5884    10.8445    101.853    330.534    338.897   -0.00103    7.45033   10.64727  324.52073     3.7212   16.64633 3.7976e-02     0.5229     0.7588 0.0000e+00
        743 106.563837    0.05154     3.0922    185.531    100.968  51705.169    31.8437     3.7281    100.000     3.7219    25.3024     7.5882    10.8444    101.854    330.529    338.892   -0.00082    7.45016   10.64703  324.51329     3.7218   16.64597 3.7976e-02     0.5250     0.7863 0.0000e+00
        748 106.563850    0.05184     3.1106    186.634    101.979  51709.394    31.8462     3.7286    101.000     3.7224    25.3043     7.5860    10.8411    101.826    330.429    338.791   -0.00078    7.44996   10.64674  324.50378     3.7222   16.64551 3.7976e-02     0.5111     0.7813 0.0000e+00
        752 106.563864    0.05217     3.1306    187.839    102.988  51714.424    31.8492     3.7288    102.000     3.7225    25.3067     7.5824    10.8360    101.780    330.270    338.628   -0.00084    7.44975   10.64644  324.49398     3.7225   16.64503 3.7976e-02     0.5039     0.8865 0.0000e+00
        757 106.563878    0.05253     3.1515    189.092    103.998  51719.253    31.8520     3.7288    103.000     3.7223    25.3089     7.5698    10.8181    101.614    329.725    338.070   -0.00147    7.44962   10.64625  324.48768     3.7224   16.64472 3.7976e-02     0.5031     0.9651 0.0000e+00
