CTD-processing/allCTD/CNV/2021_10-04_ab_s09_cast181_4141.cnv
* Sea-Bird SBE19plus Data File:
* FileName = C:\Users\steve\Desktop\GWA\CTD\2021_10-04_AB\2021_10-04_AB_S0_cast181.hex
* Software Version 1.59
* Temperature SN =  4141
* Conductivity SN =  4141
* System UpLoad Time = Oct 07 2021 15:33:21
** Cook Inlet LTM AB
** Date: 10-05-2021
** Station:S09
** Start Time (AKDT):12:38
** Depth (m):70
** Comment:
** Comment:
# nquan = 27
# nvalues = 61                          
# units = specified
# name 0 = scan: Scan Count
# name 1 = timeJ: Julian Days
# name 2 = timeH: Time, Elapsed [hours]
# name 3 = timeM: Time, Elapsed [minutes]
# name 4 = timeS: Time, Elapsed [seconds]
# name 5 = prdM: Pressure, Strain Gauge [db]
# name 6 = specc: Specific Conductance [uS/cm]
# name 7 = sal00: Salinity, Practical [PSU]
# name 8 = tv290C: Temperature [ITS-90, deg C]
# name 9 = depSM: Depth [salt water, m], lat = 59.00
# name 10 = potemp090C: Potential Temperature [ITS-90, deg C]
# name 11 = sigma-é00: Density [sigma-theta, kg/m^3]
# name 12 = sbeox0ML/L: Oxygen, SBE 43 [ml/l]
# name 13 = sbeox0Mg/L: Oxygen, SBE 43 [mg/l]
# name 14 = sbeox0PS: Oxygen, SBE 43 [% saturation]
# name 15 = sbox0Mm/Kg: Oxygen, SBE 43 [umol/kg]
# name 16 = sbeox0Mm/L: Oxygen, SBE 43 [umol/l]
# name 17 = sbox0dV/dT: Oxygen, SBE 43 [dov/dt]
# name 18 = oxsolML/L: Oxygen Saturation, Garcia & Gordon [ml/l]
# name 19 = oxsolMg/L: Oxygen Saturation, Garcia & Gordon [mg/l]
# name 20 = oxsolMm/Kg: Oxygen Saturation, Garcia & Gordon [umol/kg]
# name 21 = n2satMg/L: Nitrogen Saturation [mg/l]
# name 22 = par: PAR/Irradiance, Biospherical/Licor
# name 23 = wetStar: Fluorescence, WET Labs WETstar [mg/m^3]
# name 24 = CStarAt0: Beam Attenuation, WET Labs C-Star [1/m]
# name 25 = CStarTr0: Beam Transmission, WET Labs C-Star [%]
# name 26 = flag: flag
# span 0 =        332,        638       
# span 1 = 277.527578, 277.528462       
# span 2 =    0.02300,    0.04421       
# span 3 =     1.3796,     2.6522       
# span 4 =     82.773,    159.130       
# span 5 =      1.018,     61.572       
# span 6 =  47845.743,  48785.257       
# span 7 =    30.2064,    30.8488       
# span 8 =     8.9729,     9.4687       
# span 9 =      1.000,     61.000       
# span 10 =     8.9728,     9.4627      
# span 11 =    23.3711,    23.8636      
# span 12 =     5.5609,     6.3172      
# span 13 =     7.9471,     9.0279      
# span 14 =     83.960,     94.832      
# span 15 =    242.563,    275.683      
# span 16 =    248.351,    282.125      
# span 17 =   -0.00756,    0.00306      
# span 18 =    6.57585,    6.66144      
# span 19 =    9.39755,    9.51987      
# span 20 =  286.92653,  290.70576      
# span 21 =   14.85980,   15.04162      
# span 22 = 4.8054e-02, 5.4299e+01      
# span 23 =     0.2491,     2.1936      
# span 24 =     0.4067,     2.0917      
# span 25 =    59.2764,    90.3321      
# span 26 = 0.0000e+00, 0.0000e+00      
# interval = meters: 1                  
# start_time = Oct 04 2021 12:38:20 [Instrument's time stamp, header]
# bad_flag = -9.990e-29
*END*
        332 277.527578    0.02300     1.3796     82.773      1.018  47845.793    30.2072     8.9734      1.000     8.9736    23.3718     6.3092     9.0165     94.712    275.333    281.769    0.00080    6.66144    9.51987  290.70576   15.04162 4.6833e+01     1.2756     0.7228    83.4698 0.0000e+00
        337 277.527593    0.02334     1.4003     84.018      2.022  47846.657    30.2075     8.9742      2.000     8.9742    23.3719     6.3166     9.0270     94.824    275.655    282.098    0.00114    6.66131    9.51968  290.70000   15.04134 4.0253e+01     1.2315     0.7333    83.2510 0.0000e+00
        342 277.527607    0.02368     1.4209     85.255      3.027  47845.743    30.2064     8.9737      3.000     8.9728    23.3711     6.3172     9.0279     94.832    275.683    282.125    0.00078    6.66144    9.51986  290.70554   15.04161 4.3523e+01     1.1074     0.7237    83.4490 0.0000e+00
        347 277.527622    0.02405     1.4428     86.566      4.038  47851.551    30.2099     8.9729      4.000     8.9735    23.3740     6.3157     9.0258     94.811    275.617    282.059    0.00034    6.66140    9.51981  290.70313   15.04148 5.3780e+01     1.1783     0.7290    83.3389 0.0000e+00
        352 277.527637    0.02439     1.4632     87.794      5.048  47856.760    30.2136     8.9765      5.000     8.9771    23.3763     6.3102     9.0179     94.738    275.377    281.814   -0.00023    6.66071    9.51882  290.67247   15.04000 5.4299e+01     1.4273     0.7190    83.5477 0.0000e+00
        357 277.527650    0.02472     1.4833     88.996      6.058  47856.110    30.2129     8.9783      6.000     8.9777    23.3756     6.3020     9.0061     94.618    275.018    281.446   -0.00081    6.66047    9.51848  290.66219   15.03951 5.3280e+01     1.5247     0.7148    83.6344 0.0000e+00
        362 277.527666    0.02509     1.5054     90.321      7.067  47877.335    30.2286     8.9875      7.000     8.9925    23.3865     6.2843     8.9809     94.381    274.244    280.658   -0.00194    6.65843    9.51557  290.57013   15.03506 4.6251e+01     1.7844     0.6705    84.5688 0.0000e+00
        367 277.527680    0.02543     1.5256     91.535      8.063  47877.538    30.2297     8.9975      8.000     8.9974    23.3858     6.2667     8.9557     94.138    273.475    279.871   -0.00255    6.65689    9.51336  290.50301   15.03184 3.7861e+01     1.8114     0.6422    85.1681 0.0000e+00
        373 277.527697    0.02582     1.5496     92.974      9.096  47884.392    30.2342     8.9984      9.000     8.9972    23.3892     6.2131     8.8791     93.337    271.134    277.476   -0.00609    6.65657    9.51290  290.48800   15.03111 3.1803e+01     1.6986     0.6573    84.8466 0.0000e+00
        377 277.527709    0.02613     1.5681     94.084     10.086  47892.161    30.2393     8.9989     10.000     9.0002    23.3931     6.1940     8.8518     93.054    270.299    276.622   -0.00613    6.65627    9.51247  290.47373   15.03041 2.5870e+01     1.6923     0.6771    84.4277 0.0000e+00
        383 277.527726    0.02653     1.5915     95.490     11.109  47906.753    30.2501     9.0068     11.000     9.0094    23.4004     6.1929     8.8503     93.062    270.252    276.576   -0.00401    6.65463    9.51013  290.40027   15.02685 2.0754e+01     1.8054     0.7163    83.6041 0.0000e+00
        388 277.527740    0.02688     1.6127     96.761     12.113  47913.863    30.2557     9.0142     12.000     9.0114    23.4037     6.1984     8.8582     93.164    270.493    276.823   -0.00216    6.65328    9.50821  290.34056   15.02398 1.6507e+01     1.8661     0.7353    83.2077 0.0000e+00
        393 277.527756    0.02724     1.6346     98.074     13.125  47917.345    30.2569     9.0088     13.000     9.0066    23.4055     6.1899     8.8460     93.025    270.120    276.441   -0.00226    6.65403    9.50928  290.37295   15.02552 1.2968e+01     2.1936     0.7267    83.3872 0.0000e+00
        398 277.527769    0.02757     1.6539     99.237     14.133  47925.741    30.2624     9.0090     14.000     9.0086    23.4097     6.1807     8.8329     92.890    269.716    276.030   -0.00235    6.65378    9.50892  290.36055   15.02491 1.0474e+01     1.9859     0.7189    83.5494 0.0000e+00
        403 277.527783    0.02789     1.6734    100.406     15.140  47926.446    30.2628     9.0115     15.000     9.0107    23.4097     6.1699     8.8173     92.733    269.242    275.545   -0.00263    6.65339    9.50835  290.34341   15.02408 8.3843e+00     2.1738     0.7316    83.2849 0.0000e+00
        408 277.527797    0.02825     1.6948    101.690     16.152  47935.842    30.2695     9.0155     16.000     9.0177    23.4144     6.1677     8.8143     92.712    269.147    275.449   -0.00197    6.65251    9.50710  290.30364   15.02216 6.7118e+00     2.0663     0.7296    83.3263 0.0000e+00
        413 277.527811    0.02858     1.7148    102.889     17.163  47934.048    30.2689     9.0236     17.000     9.0234    23.4127     6.1662     8.8122     92.707    269.084    275.384   -0.00143    6.65132    9.50541  290.25262   15.01972 5.2907e+00     1.9822     0.7377    83.1592 0.0000e+00
        417 277.527824    0.02889     1.7335    104.011     18.166  47962.529    30.2893     9.0305     18.000     9.0370    23.4276     6.1627     8.8071     92.680    268.923    275.224   -0.00126    6.64943    9.50271  290.16575   15.01549 4.2462e+00     2.1473     0.7446    83.0135 0.0000e+00
        422 277.527840    0.02926     1.7557    105.340     19.183  48000.909    30.3196     9.0589     19.000     9.0699    23.4470     6.1582     8.8006     92.689    268.724    275.024   -0.00078    6.64392    9.49483  289.91977   15.00361 3.4302e+00     1.8132     0.7427    83.0535 0.0000e+00
        427 277.527854    0.02961     1.7768    106.607     20.192  48067.943    30.3716     9.1001     20.000     9.1252    23.4815     6.1320     8.7633     92.411    267.573    273.856   -0.00201    6.63559    9.48292  289.54634   14.98555 2.7542e+00     1.9316     0.7277    83.3668 0.0000e+00
        432 277.527868    0.02994     1.7962    107.772     21.195  48091.537    30.3966     9.1662     21.000     9.1841    23.4910     6.1010     8.7189     92.093    266.215    272.469   -0.00320    6.62477    9.46746  289.07159   14.96277 2.2100e+00     1.6178     0.7036    83.8704 0.0000e+00
        438 277.527884    0.03032     1.8191    109.149     22.211  48058.955    30.3775     9.1975     22.000     9.1970    23.4713     6.0563     8.6550     91.471    264.271    270.474   -0.00542    6.62097    9.46203  288.91132   14.95518 1.8031e+00     1.8347     0.6857    84.2463 0.0000e+00
        443 277.527899    0.03069     1.8418    110.511     23.216  48068.253    30.3844     9.2039     23.000     9.2046    23.4757     6.0088     8.5871     90.770    262.196    268.351   -0.00756    6.61972    9.46024  288.85567   14.95249 1.4512e+00     1.7374     0.6813    84.3398 0.0000e+00
        448 277.527915    0.03106     1.8639    111.836     24.229  48081.601    30.3946     9.2131     24.000     9.2199    23.4823     5.9953     8.5678     90.591    261.605    267.748   -0.00621    6.61794    9.45770  288.77616   14.94865 1.1741e+00     1.5664     0.6782    84.4031 0.0000e+00
        454 277.527930    0.03144     1.8860    113.161     25.237  48113.226    30.4210     9.2484     25.000     9.2672    23.4975     5.9924     8.5637     90.634    261.477    267.621   -0.00391    6.61163    9.44868  288.49641   14.93517 9.6329e-01     1.5214     0.6628    84.7301 0.0000e+00
        460 277.527947    0.03185     1.9108    114.651     26.247  48153.911    30.4601     9.3318     26.000     9.3570    23.5153     5.9832     8.5505     90.685    261.070    267.209   -0.00224    6.59773    9.42881  287.88487   14.90579 7.8505e-01     1.7687     0.6510    84.9796 0.0000e+00
        465 277.527963    0.03223     1.9339    116.034     27.257  48125.712    30.4472     9.3873     27.000     9.3913    23.4967     5.9469     8.4987     90.239    259.492    265.589   -0.00367    6.59016    9.41799  287.55975   14.89030 6.3506e-01     1.9695     0.6484    85.0361 0.0000e+00
        470 277.527978    0.03257     1.9543    117.261     28.266  48119.601    30.4440     9.3985     28.000     9.3970    23.4924     5.9003     8.4321     89.552    257.456    263.505   -0.00653    6.58865    9.41585  287.49544   14.88724 5.2119e-01     1.7754     0.6584    84.8245 0.0000e+00
        475 277.527993    0.03294     1.9760    118.562     29.273  48122.452    30.4459     9.4008     29.000     9.3991    23.4935     5.8752     8.3963     89.177    256.364    262.387   -0.00659    6.58824    9.41525  287.47685   14.88634 4.2992e-01     1.6482     0.6497    85.0074 0.0000e+00
        481 277.528008    0.03331     1.9989    119.934     30.291  48127.912    30.4499     9.4058     30.000     9.4043    23.4960     5.8676     8.3853     89.073    256.030    262.046   -0.00494    6.58735    9.41399  287.43751   14.88445 3.5088e-01     1.6205     0.6526    84.9451 0.0000e+00
        486 277.528024    0.03367     2.0202    121.209     31.293  48131.522    30.4525     9.4093     31.000     9.4060    23.4974     5.8678     8.3856     89.085    256.038    262.055   -0.00330    6.58672    9.41308  287.40950   14.88310 2.9200e-01     1.7775     0.6543    84.9099 0.0000e+00
        491 277.528039    0.03406     2.0437    122.619     32.302  48139.173    30.4569     9.4049     32.000     9.3993    23.5016     5.8590     8.3731     88.945    255.654    261.662   -0.00295    6.58718    9.41374  287.42831   14.88398 2.4406e-01     1.8173     0.6495    85.0135 0.0000e+00
        497 277.528056    0.03446     2.0678    124.066     33.319  48155.334    30.4674     9.4015     33.000     9.3985    23.5103     5.8542     8.3663     88.873    255.446    261.452   -0.00235    6.58723    9.41382  287.42829   14.88393 2.0464e-01     1.6334     0.6390    85.2370 0.0000e+00
        502 277.528070    0.03480     2.0881    125.284     34.322  48161.576    30.4714     9.4024     34.000     9.3992    23.5133     5.8536     8.3654     88.867    255.417    261.423   -0.00170    6.58693    9.41339  287.41434   14.88325 1.7426e-01     1.5490     0.6376    85.2657 0.0000e+00
        507 277.528086    0.03517     2.1102    126.611     35.334  48175.148    30.4808     9.4050     35.000     9.4020    23.5203     5.8507     8.3612     88.833    255.287    261.291   -0.00136    6.58614    9.41225  287.37791   14.88147 1.4924e-01     1.8699     0.6230    85.5765 0.0000e+00
        513 277.528101    0.03553     2.1315    127.888     36.345  48183.812    30.4867     9.4067     36.000     9.4049    23.5246     5.8447     8.3528     88.750    255.028    261.027   -0.00143    6.58566    9.41156  287.35549   14.88038 1.2946e-01     1.6531     0.6152    85.7443 0.0000e+00
        517 277.528113    0.03583     2.1502    129.011     37.353  48233.062    30.5220     9.4163     37.000     9.4294    23.5508     5.8384     8.3437     88.693    254.745    260.744   -0.00138    6.58275    9.40740  287.22128   14.87382 1.1408e-01     1.4807     0.6155    85.7389 0.0000e+00
        522 277.528127    0.03615     2.1691    130.145     38.358  48247.204    30.5363     9.4526     38.000     9.4627    23.5563     5.8306     8.3325     88.652    254.400    260.392   -0.00125    6.57685    9.39899  286.96254   14.86139 1.0213e-01     1.4305     0.6109    85.8359 0.0000e+00
        527 277.528142    0.03653     2.1914    131.483     39.374  48199.847    30.5048     9.4687     39.000     9.4416    23.5292     5.8019     8.2915     88.231    253.157    259.113   -0.00299    6.57585    9.39755  286.92653   14.85980 9.2234e-02     1.1990     0.5848    86.3994 0.0000e+00
        532 277.528157    0.03687     2.2124    132.742     40.385  48209.483    30.5028     9.4058     40.000     9.3797    23.5375     5.7569     8.2271     87.423    251.191    257.103   -0.00675    6.58510    9.41077  287.32754   14.87897 8.5206e-02     1.1542     0.5354    87.4725 0.0000e+00
        536 277.528170    0.03718     2.2310    133.862     41.388  48228.430    30.5096     9.3590     41.000     9.3363    23.5500     5.7652     8.2391     87.464    251.553    257.476   -0.00505    6.59164    9.42011  287.60927   14.89241 7.9053e-02     1.0634     0.4848    88.5857 0.0000e+00
        541 277.528184    0.03753     2.2517    135.099     42.401  48270.620    30.5341     9.3233     42.000     9.3114    23.5746     5.8158     8.3113     88.173    253.751    259.733    0.00048    6.59582    9.42609  287.78505   14.90072 7.4441e-02     1.0559     0.4474    89.4182 0.0000e+00
        547 277.528199    0.03789     2.2733    136.401     43.407  48300.412    30.5529     9.3116     43.000     9.3067    23.5912     5.8479     8.3573     88.649    255.150    261.169    0.00283    6.59672    9.42738  287.81972   14.90229 7.0358e-02     1.0024     0.4236    89.9507 0.0000e+00
        552 277.528215    0.03826     2.2956    137.736     44.431  48323.773    30.5686     9.3100     44.000     9.3031    23.6037     5.8599     8.3743     88.835    255.667    261.701    0.00306    6.59631    9.42678  287.79785   14.90118 6.6562e-02     0.9147     0.4154    90.1357 0.0000e+00
        556 277.528226    0.03854     2.3122    138.733     45.421  48393.881    30.6179     9.3137     45.000     9.3210    23.6416     5.8507     8.3612     88.732    255.256    261.291    0.00155    6.59367    9.42302  287.67233   14.89499 6.4688e-02     0.8651     0.4067    90.3321 0.0000e+00
        561 277.528242    0.03891     2.3347    140.084     46.444  48416.211    30.6378     9.3493     46.000     9.3527    23.6517     5.8366     8.3411     88.600    254.640    260.663    0.00035    6.58762    9.41437  287.40552   14.88215 6.2717e-02     0.8834     0.4289    89.8323 0.0000e+00
        567 277.528257    0.03928     2.3568    141.408     47.447  48400.943    30.6282     9.3605     47.000     9.3557    23.6425     5.7920     8.2774     87.939    252.697    258.671   -0.00325    6.58640    9.41262  287.35477   14.87976 6.1045e-02     0.6649     0.4585    89.1696 0.0000e+00
        572 277.528273    0.03967     2.3801    142.806     48.462  48398.334    30.6258     9.3599     48.000     9.3540    23.6408     5.7383     8.2006     87.121    250.353    256.272   -0.00689    6.58657    9.41288  287.36294   14.88017 5.9431e-02     0.5511     0.4614    89.1060 0.0000e+00
        577 277.528287    0.03999     2.3995    143.970     49.468  48431.443    30.6483     9.3570     49.000     9.3496    23.6588     5.7349     8.1958     87.077    250.204    256.123   -0.00507    6.58604    9.41212  287.33478   14.87873 5.7279e-02     0.5149     0.5041    88.1704 0.0000e+00
        582 277.528302    0.04036     2.4213    145.276     50.477  48463.775    30.6706     9.3572     50.000     9.3552    23.6762     5.7224     8.1778     86.899    249.650    255.561   -0.00447    6.58507    9.41072  287.28721   14.87636 5.6111e-02     0.5663     0.5626    86.8820 0.0000e+00
        588 277.528318    0.04073     2.4440    146.639     51.489  48465.353    30.6718     9.3617     51.000     9.3520    23.6765     5.6929     8.1357     86.460    248.363    254.243   -0.00526    6.58435    9.40970  287.25607   14.87487 5.5434e-02     0.5112     0.5907    86.2712 0.0000e+00
        592 277.528331    0.04106     2.4638    147.827     52.498  48480.650    30.6799     9.3448     52.000     9.3258    23.6854     5.6659     8.0972     86.023    247.184    253.039   -0.00628    6.58648    9.41274  287.34639   14.87915 5.4676e-02     0.4285     0.6529    84.9426 0.0000e+00
        597 277.528345    0.04139     2.4833    148.997     53.504  48518.833    30.7009     9.3048     53.000     9.2738    23.7080     5.6522     8.0776     85.752    246.584    252.430   -0.00597    6.59144    9.41983  287.55638   14.88911 5.3947e-02     0.4355     0.7936    82.0130 0.0000e+00
