CTD-processing/allCTD/CNV/2021_10-21_ab_s09_cast202_4141.cnv
* Sea-Bird SBE19plus Data File:
* FileName = C:\Users\steve\Desktop\GWA\CTD\2021_10-21_AB\2021_10-21_AB_S0_cast202.hex
* Software Version 1.59
* Temperature SN =  4141
* Conductivity SN =  4141
* System UpLoad Time = Oct 22 2021 15:25:31
** Cook Inlet LTM AB
** Date: 10-21-2021
** Station:S09
** Start Time (AKDT):12:06
** Depth (m):72
** Comment:
** Comment:
# nquan = 27
# nvalues = 62                          
# units = specified
# name 0 = scan: Scan Count
# name 1 = timeJ: Julian Days
# name 2 = timeH: Time, Elapsed [hours]
# name 3 = timeM: Time, Elapsed [minutes]
# name 4 = timeS: Time, Elapsed [seconds]
# name 5 = prdM: Pressure, Strain Gauge [db]
# name 6 = specc: Specific Conductance [uS/cm]
# name 7 = sal00: Salinity, Practical [PSU]
# name 8 = tv290C: Temperature [ITS-90, deg C]
# name 9 = depSM: Depth [salt water, m], lat = 59.00
# name 10 = potemp090C: Potential Temperature [ITS-90, deg C]
# name 11 = sigma-é00: Density [sigma-theta, kg/m^3]
# name 12 = sbeox0ML/L: Oxygen, SBE 43 [ml/l]
# name 13 = sbeox0Mg/L: Oxygen, SBE 43 [mg/l]
# name 14 = sbeox0PS: Oxygen, SBE 43 [% saturation]
# name 15 = sbox0Mm/Kg: Oxygen, SBE 43 [umol/kg]
# name 16 = sbeox0Mm/L: Oxygen, SBE 43 [umol/l]
# name 17 = sbox0dV/dT: Oxygen, SBE 43 [dov/dt]
# name 18 = oxsolML/L: Oxygen Saturation, Garcia & Gordon [ml/l]
# name 19 = oxsolMg/L: Oxygen Saturation, Garcia & Gordon [mg/l]
# name 20 = oxsolMm/Kg: Oxygen Saturation, Garcia & Gordon [umol/kg]
# name 21 = n2satMg/L: Nitrogen Saturation [mg/l]
# name 22 = par: PAR/Irradiance, Biospherical/Licor
# name 23 = wetStar: Fluorescence, WET Labs WETstar [mg/m^3]
# name 24 = CStarAt0: Beam Attenuation, WET Labs C-Star [1/m]
# name 25 = CStarTr0: Beam Transmission, WET Labs C-Star [%]
# name 26 = flag: flag
# span 0 =        398,        731       
# span 1 = 294.505490, 294.506453       
# span 2 =    0.02759,    0.05070       
# span 3 =     1.6553,     3.0423       
# span 4 =     99.319,    182.537       
# span 5 =      1.014,     62.582       
# span 6 =  48382.391,  49101.441       
# span 7 =    30.5004,    30.9901       
# span 8 =     8.3914,     8.5446       
# span 9 =      1.000,     62.000       
# span 10 =     8.3918,     8.5433      
# span 11 =    23.6866,    24.0572      
# span 12 =     5.7082,     6.0170      
# span 13 =     8.1575,     8.5988      
# span 14 =     85.192,     89.340      
# span 15 =    248.938,    262.498      
# span 16 =    254.927,    268.717      
# span 17 =   -0.00593,    0.00148      
# span 18 =    6.69978,    6.73625      
# span 19 =    9.57465,    9.62677      
# span 20 =  292.19167,  293.87998      
# span 21 =   15.10955,   15.19203      
# span 22 = 4.6107e-02, 6.6384e+01      
# span 23 =     0.1451,     0.3867      
# span 24 =     0.5419,     0.9192      
# span 25 =    79.4687,    87.3306      
# span 26 = 0.0000e+00, 0.0000e+00      
# interval = meters: 1                  
# start_time = Oct 21 2021 12:06:15 [Instrument's time stamp, header]
# bad_flag = -9.990e-29
*END*
[from data line 54]
        693 294.506344    0.04809     2.8852    173.113     55.528  49080.160    30.9784     8.4881     55.000     8.4828    24.0478     5.7222     8.1776     85.396    249.550    255.551   -0.00102    6.70075    9.57604  292.22795   15.11119 5.1429e-02     0.1489     0.8455    80.9475 0.0000e+00
        699 294.506360    0.04846     2.9077    174.463     56.535  49085.453    30.9817     8.4886     56.000     8.4831    24.0504     5.7230     8.1788     85.411    249.588    255.590   -0.00069    6.70054    9.57574  292.21814   15.11071 5.0145e-02     0.1578     0.8603    80.6476 0.0000e+00
        705 294.506376    0.04886     2.9315    175.888     57.546  49087.678    30.9828     8.4886     57.000     8.4830    24.0512     5.7259     8.1828     85.454    249.712    255.717   -0.00025    6.70049    9.57566  292.21554   15.11058 4.8730e-02     0.1488     0.8850    80.1507 0.0000e+00
        710 294.506392    0.04925     2.9545    177.270     58.557  49088.760    30.9831     8.4885     58.000     8.4825    24.0515     5.7247     8.1812     85.437    249.661    255.665   -0.00033    6.70050    9.57568  292.21603   15.11060 4.8076e-02     0.1690     0.8844    80.1628 0.0000e+00
        715 294.506406    0.04959     2.9756    178.536     59.565  49091.678    30.9846     8.4880     59.000     8.4821    24.0528     5.7218     8.1771     85.395    249.537    255.539   -0.00048    6.70049    9.57567  292.21537   15.11056 4.7398e-02     0.1499     0.8926    79.9998 0.0000e+00
        720 294.506422    0.04996     2.9976    179.855     60.575  49094.471    30.9861     8.4881     60.000     8.4821    24.0540     5.7185     8.1724     85.346    249.391    255.390   -0.00065    6.70042    9.57558  292.21207   15.11040 4.6970e-02     0.1588     0.9033    79.7856 0.0000e+00
        726 294.506438    0.05034     3.0202    181.213     61.585  49096.934    30.9874     8.4880     61.000     8.4817    24.0550     5.7148     8.1669     85.290    249.225    255.220   -0.00078    6.70038    9.57552  292.21008   15.11030 4.6471e-02     0.1547     0.9134    79.5853 0.0000e+00
        731 294.506453    0.05070     3.0423    182.537     62.582  49101.441    30.9901     8.4872     62.000     8.4807    24.0572     5.7082     8.1575     85.192    248.938    254.927   -0.00113    6.70039    9.57552  292.20943   15.11026 4.6107e-02     0.1559     0.9192    79.4687 0.0000e+00
