CTD-processing/allCTD/CNV/2021_03-23_ab_s02_cast171_5028.cnv
* Sea-Bird SBE19plus Data File:
* FileName = C:\Users\steve\Desktop\GWA CTD\2021_03-23_AB\2021_03-23_AB_S0_cast171.hex
* Software Version 1.59
* Temperature SN =  5028
* Conductivity SN =  5028
* System UpLoad Time = Mar 24 2021 10:53:26
** Cook Inlet LTM AB
** Date: 03-23-2021
** Station:S02
** Start Time (AKDT):11:58
** Depth (m):126
** Comment:
** Comment:
# nquan = 27
# nvalues = 121                         
# units = specified
# name 0 = scan: Scan Count
# name 1 = timeJ: Julian Days
# name 2 = timeH: Time, Elapsed [hours]
# name 3 = timeM: Time, Elapsed [minutes]
# name 4 = timeS: Time, Elapsed [seconds]
# name 5 = prdM: Pressure, Strain Gauge [db]
# name 6 = specc: Specific Conductance [uS/cm]
# name 7 = sal00: Salinity, Practical [PSU]
# name 8 = tv290C: Temperature [ITS-90, deg C]
# name 9 = depSM: Depth [salt water, m], lat = 59.00
# name 10 = potemp090C: Potential Temperature [ITS-90, deg C]
# name 11 = sigma-é00: Density [sigma-theta, kg/m^3]
# name 12 = sbeox0ML/L: Oxygen, SBE 43 [ml/l]
# name 13 = sbeox0Mg/L: Oxygen, SBE 43 [mg/l]
# name 14 = sbeox0PS: Oxygen, SBE 43 [% saturation]
# name 15 = sbox0Mm/Kg: Oxygen, SBE 43 [umol/kg]
# name 16 = sbeox0Mm/L: Oxygen, SBE 43 [umol/l]
# name 17 = sbox0dV/dT: Oxygen, SBE 43 [dov/dt]
# name 18 = oxsolML/L: Oxygen Saturation, Garcia & Gordon [ml/l]
# name 19 = oxsolMg/L: Oxygen Saturation, Garcia & Gordon [mg/l]
# name 20 = oxsolMm/Kg: Oxygen Saturation, Garcia & Gordon [umol/kg]
# name 21 = potemp090C: Potential Temperature [ITS-90, deg C]
# name 22 = n2satMg/L: Nitrogen Saturation [mg/l]
# name 23 = par: PAR/Irradiance, Biospherical/Licor
# name 24 = flECO-AFL: Fluorescence, WET Labs ECO-AFL/FL [mg/m^3]
# name 25 = turbWETntu0: Turbidity, WET Labs ECO [NTU]
# name 26 = flag: flag
# span 0 =        253,        933       
# span 1 =  82.499051,  82.501019       
# span 2 =    0.01751,    0.06473       
# span 3 =     1.0506,     3.8837       
# span 4 =     63.037,    233.023       
# span 5 =      1.009,    122.178       
# span 6 =  50839.615,  51551.624       
# span 7 =    31.1933,    31.7850       
# span 8 =     3.0999,     3.9580       
# span 9 =      1.000,    121.000       
# span 10 =     3.1713,     3.9503      
# span 11 =    24.8343,    25.2366      
# span 12 =     7.2884,    11.2892      
# span 13 =    10.4159,    16.1334      
# span 14 =     95.808,    149.537      
# span 15 =    317.653,    491.811      
# span 16 =    325.501,    504.173      
# span 17 =   -0.03656,    0.04641      
# span 18 =    7.41137,    7.60547      
# span 19 =   10.59160,   10.86897      
# span 20 =  322.84547,  331.46546      
# span 21 =     3.0998,     3.9501      
# span 22 =   16.56691,   16.97862      
# span 23 = 3.7976e-02, 1.8898e+02      
# span 24 =     0.2328,     0.3955      
# span 25 =     0.3127,     0.7999      
# span 26 = 0.0000e+00, 0.0000e+00      
# interval = meters: 1                  
# start_time = Mar 23 2021 11:57:35 [Instrument's time stamp, header]
# bad_flag = -9.990e-29
*END*
[from data line 54]
        580  82.499997    0.04021     2.4123    144.738     55.527  51488.385    31.6582     3.4834     55.000     3.4816    25.1769     8.4267    12.0425    112.287    367.091    376.334   -0.01095    7.50449   10.72467  326.91978     3.4801   16.76111 2.9787e-01     0.3558     0.4032 0.0000e+00
        586  82.500013    0.04060     2.4360    146.159     56.536  51489.216    31.6592     3.4871     56.000     3.4846    25.1773     8.3775    11.9723    111.644    364.951    374.139   -0.01033    7.50377   10.72363  326.88810     3.4837   16.75961 2.6521e-01     0.3706     0.3975 0.0000e+00
        591  82.500029    0.04096     2.4577    147.463     57.546  51491.411    31.6607     3.4891     57.000     3.4865    25.1783     8.3268    11.8998    110.974    362.740    371.873   -0.01060    7.50332   10.72300  326.86843     3.4857   16.75867 2.3597e-01     0.3628     0.4032 0.0000e+00
        596  82.500044    0.04134     2.4805    148.829     58.556  51497.150    31.6649     3.4923     58.000     3.4914    25.1813     8.3003    11.8620    110.633    361.586    370.691   -0.00883    7.50253   10.72186  326.83271     3.4888   16.75695 2.1031e-01     0.3589     0.3954 0.0000e+00
        601  82.500058    0.04167     2.5003    150.017     59.565  51510.136    31.6757     3.5024     59.000     3.5074    25.1891     8.2750    11.8258    110.331    360.481    369.561   -0.00797    7.50013   10.71843  326.72567     3.4988   16.75182 1.8819e-01     0.3736     0.4128 0.0000e+00
        606  82.500073    0.04202     2.5214    151.283     60.575  51514.248    31.6842     3.5269     60.000     3.5327    25.1936     8.2477    11.7868    110.040    359.290    368.342   -0.00691    7.49515   10.71133  326.50770     3.5233   16.74142 1.6928e-01     0.3577     0.3945 0.0000e+00
        611  82.500088    0.04237     2.5425    152.553     61.585  51516.170    31.6908     3.5499     61.000     3.5566    25.1968     8.2032    11.7231    109.513    357.349    366.353   -0.00751    7.49059   10.70480  326.30778     3.5462   16.73190 1.5244e-01     0.3734     0.3907 0.0000e+00
        617  82.500103    0.04275     2.5647    153.883     62.595  51515.030    31.6965     3.5781     62.000     3.5827    25.1988     8.1745    11.6822    109.210    356.100    365.073   -0.00662    7.48510   10.69695  326.06788     3.5743   16.72047 1.3795e-01     0.3657     0.3976 0.0000e+00
        622  82.500118    0.04311     2.5865    155.187     63.605  51519.722    31.7046     3.5995     63.000     3.6059    25.2033     8.1284    11.6163    108.657    354.089    363.013   -0.00736    7.48076   10.69076  325.87761     3.5956   16.71139 1.2482e-01     0.3638     0.4031 0.0000e+00
        627  82.500134    0.04350     2.6099    156.592     64.614  51531.938    31.7208     3.6331     64.000     3.6448    25.2131     8.0967    11.5710    108.334    352.705    361.597   -0.00651    7.47378   10.68077  325.57021     3.6291   16.69671 1.1328e-01     0.3644     0.3704 0.0000e+00
        633  82.500150    0.04387     2.6323    157.938     65.624  51542.768    31.7395     3.6806     65.000     3.6961    25.2237     8.0642    11.5245    108.039    351.286    360.147   -0.00598    7.46413   10.66699  325.14664     3.6765   16.67650 1.0283e-01     0.3853     0.3680 0.0000e+00
        638  82.500164    0.04422     2.6529    159.174     66.634  51529.383    31.7405     3.7239     66.000     3.7317    25.2205     8.0526    11.5080    107.999    350.782    359.629   -0.00438    7.45614   10.65557  324.79962     3.7198   16.66000 9.3847e-02     0.3955     0.3583 0.0000e+00
        644  82.500181    0.04462     2.6773    160.637     67.643  51520.112    31.7409     3.7527     67.000     3.7557    25.2181     8.0048    11.4396    107.434    348.700    357.493   -0.00552    7.45086   10.64804  324.57081     3.7485   16.64912 8.5981e-02     0.3907     0.3636 0.0000e+00
        648  82.500195    0.04496     2.6977    161.859     68.653  51517.484    31.7429     3.7705     68.000     3.7716    25.2181     7.9774    11.4005    107.115    347.507    356.271   -0.00566    7.44752   10.64325  324.42497     3.7662   16.64218 7.9213e-02     0.3801     0.3486 0.0000e+00
        654  82.500210    0.04533     2.7194    163.166     69.663  51518.139    31.7461     3.7835     69.000     3.7855    25.2194     7.9567    11.3709    106.873    346.604    355.345   -0.00502    7.44498   10.63963  324.31393     3.7792   16.63688 7.3225e-02     0.3742     0.3360 0.0000e+00
        658  82.500224    0.04564     2.7385    164.307     70.673  51524.545    31.7542     3.8008     70.000     3.8054    25.2243     7.9384    11.3448    106.679    345.808    354.530   -0.00477    7.44142   10.63453  324.15712     3.7964   16.62940 6.8029e-02     0.3627     0.3353 0.0000e+00
        663  82.500238    0.04599     2.7594    165.563     71.682  51519.218    31.7550     3.8210     71.000     3.8228    25.2231     7.9202    11.3188    106.487    345.014    353.717   -0.00422    7.43771   10.62923  323.99583     3.8165   16.62172 6.3553e-02     0.3774     0.3259 0.0000e+00
        668  82.500253    0.04635     2.7807    166.842     72.692  51523.274    31.7620     3.8402     72.000     3.8444    25.2268     7.8905    11.2762    106.142    343.717    352.388   -0.00468    7.43386   10.62373  323.82704     3.8357   16.61367 5.9534e-02     0.3707     0.3252 0.0000e+00
        673  82.500267    0.04670     2.8019    168.112     73.702  51516.806    31.7619     3.8598     73.000     3.8598    25.2249     7.8643    11.2389    105.841    342.580    351.221   -0.00482    7.43030   10.61865  323.67273     3.8552   16.60633 5.5836e-02     0.3774     0.3329 0.0000e+00
        678  82.500282    0.04703     2.8219    169.313     74.712  51516.145    31.7634     3.8702     74.000     3.8688    25.2251     7.8518    11.2210    105.701    342.033    350.661   -0.00418    7.42835   10.61586  323.58761     3.8655   16.60228 5.2481e-02     0.3811     0.3330 0.0000e+00
        684  82.500297    0.04742     2.8451    170.703     75.722  51513.155    31.7627     3.8774     75.000     3.8740    25.2238     7.8220    11.1785    105.318    340.739    349.334   -0.00464    7.42707   10.61402  323.53204     3.8727   16.59964 4.9493e-02     0.3883     0.3323 0.0000e+00
        689  82.500313    0.04779     2.8674    172.042     76.731  51515.020    31.7645     3.8817     76.000     3.8790    25.2248     7.7996    11.1465    105.029    339.761    348.332   -0.00474    7.42621   10.61279  323.49426     3.8768   16.59784 4.6746e-02     0.3904     0.3289 0.0000e+00
        694  82.500328    0.04815     2.8892    173.350     77.741  51512.965    31.7637     3.8862     77.000     3.8820    25.2238     7.7900    11.1327    104.910    339.342    347.902   -0.00384    7.42543   10.61168  323.46084     3.8813   16.59625 4.4209e-02     0.3753     0.3208 0.0000e+00
        700  82.500344    0.04854     2.9124    174.744     78.752  51512.820    31.7634     3.8876     78.000     3.8828    25.2234     7.7618    11.0924    104.534    338.114    346.643   -0.00453    7.42520   10.61136  323.45098     3.8826   16.59578 4.1917e-02     0.3694     0.3164 0.0000e+00
        705  82.500359    0.04889     2.9335    176.010     79.761  51513.679    31.7636     3.8882     79.000     3.8835    25.2236     7.7576    11.0864    104.479    337.931    346.456   -0.00349    7.42506   10.61116  323.44496     3.8832   16.59549 3.9848e-02     0.3695     0.3168 0.0000e+00
        710  82.500374    0.04925     2.9550    177.298     80.771  51514.281    31.7636     3.8887     80.000     3.8836    25.2236     7.7447    11.0680    104.306    337.369    345.878   -0.00330    7.42498   10.61103  323.44097     3.8836   16.59531 3.8363e-02     0.3722     0.3237 0.0000e+00
        715  82.500388    0.04958     2.9750    178.502     81.780  51515.165    31.7638     3.8888     81.000     3.8836    25.2236     7.7340    11.0527    104.162    336.902    345.400   -0.00314    7.42495   10.61100  323.44007     3.8837   16.59526 3.8013e-02     0.3650     0.3465 0.0000e+00
        720  82.500402    0.04993     2.9960    179.758     82.790  51515.981    31.7638     3.8888     82.000     3.8836    25.2237     7.7208    11.0339    103.985    336.330    344.813   -0.00310    7.42495   10.61099  323.43994     3.8836   16.59526 3.7979e-02     0.3645     0.3276 0.0000e+00
        725  82.500418    0.05030     3.0179    181.074     83.800  51517.066    31.7640     3.8888     83.000     3.8836    25.2239     7.7049    11.0112    103.772    335.637    344.104   -0.00326    7.42493   10.61097  323.43895     3.8836   16.59521 3.7976e-02     0.3585     0.3176 0.0000e+00
        730  82.500432    0.05066     3.0393    182.358     84.810  51517.979    31.7641     3.8889     84.000     3.8836    25.2240     7.6948    10.9966    103.635    335.194    343.649   -0.00300    7.42490   10.61093  323.43784     3.8836   16.59516 3.7976e-02     0.3574     0.3324 0.0000e+00
        736  82.500448    0.05103     3.0621    183.724     85.820  51518.862    31.7643     3.8890     85.000     3.8837    25.2241     7.6790    10.9740    103.422    334.505    342.943   -0.00309    7.42488   10.61090  323.43700     3.8836   16.59512 3.7976e-02     0.3574     0.3306 0.0000e+00
        741  82.500464    0.05142     3.0853    185.121     86.830  51520.407    31.7649     3.8895     86.000     3.8843    25.2245     7.6558    10.9409    103.111    333.495    341.907   -0.00365    7.42477   10.61074  323.43183     3.8840   16.59486 3.7976e-02     0.3740     0.3461 0.0000e+00
        747  82.500480    0.05180     3.1080    186.480     87.839  51521.255    31.7652     3.8903     87.000     3.8848    25.2247     7.6490    10.9312    103.022    333.201    341.606   -0.00301    7.42462   10.61053  323.42549     3.8847   16.59456 3.7976e-02     0.3616     0.3416 0.0000e+00
        753  82.500496    0.05219     3.1313    187.881     88.849  51522.431    31.7656     3.8908     88.000     3.8854    25.2250     7.6414    10.9203    102.922    332.869    341.266   -0.00254    7.42451   10.61036  323.42010     3.8852   16.59431 3.7976e-02     0.3736     0.3278 0.0000e+00
        758  82.500512    0.05257     3.1544    189.266     89.860  51523.732    31.7661     3.8914     89.000     3.8863    25.2253     7.6313    10.9060    102.787    332.430    340.816   -0.00242    7.42437   10.61016  323.41398     3.8857   16.59401 3.7976e-02     0.3721     0.3127 0.0000e+00
        764  82.500529    0.05297     3.1779    190.677     90.869  51527.503    31.7690     3.8948     90.000     3.8908    25.2273     7.6214    10.8917    102.664    331.995    340.371   -0.00228    7.42361   10.60908  323.38036     3.8890   16.59240 3.7976e-02     0.3764     0.3170 0.0000e+00
        769  82.500544    0.05334     3.2005    192.031     91.879  51526.755    31.7689     3.8988     91.000     3.8939    25.2269     7.6113    10.8773    102.538    331.556    339.920   -0.00221    7.42288   10.60804  323.34871     3.8930   16.59090 3.7976e-02     0.3801     0.3332 0.0000e+00
        775  82.500561    0.05373     3.2240    193.440     92.889  51526.183    31.7686     3.9010     92.000     3.8953    25.2264     7.5994    10.8602    102.382    331.036    339.388   -0.00228    7.42250   10.60749  323.33231     3.8951   16.59012 3.7976e-02     0.3668     0.3469 0.0000e+00
        780  82.500576    0.05411     3.2464    194.784     93.899  51525.586    31.7676     3.9007     93.000     3.8943    25.2257     7.5895    10.8462    102.249    330.609    338.949   -0.00227    7.42260   10.60765  323.33709     3.8947   16.59035 3.7976e-02     0.3624     0.3434 0.0000e+00
        786  82.500593    0.05450     3.2704    196.223     94.909  51526.932    31.7677     3.8996     94.000     3.8934    25.2259     7.5760    10.8268    102.064    330.019    338.343   -0.00247    7.42281   10.60793  323.34594     3.8935   16.59077 3.7976e-02     0.3625     0.3396 0.0000e+00
        792  82.500610    0.05491     3.2946    197.674     95.919  51528.959    31.7687     3.9000     95.000     3.8945    25.2266     7.5707    10.8191    101.994    329.786    338.105   -0.00203    7.42267   10.60773  323.33954     3.8939   16.59046 3.7976e-02     0.3517     0.3413 0.0000e+00
        797  82.500626    0.05530     3.3177    199.065     96.929  51530.599    31.7699     3.9026     96.000     3.8973    25.2274     7.5647    10.8106    101.920    329.525    337.837   -0.00181    7.42214   10.60698  323.31638     3.8965   16.58936 3.7976e-02     0.3713     0.3383 0.0000e+00
        803  82.500643    0.05571     3.3429    200.573     97.939  51531.549    31.7704     3.9041     97.000     3.8989    25.2277     7.5575    10.8004    101.828    329.214    337.519   -0.00164    7.42185   10.60657  323.30357     3.8979   16.58875 3.7976e-02     0.3736     0.3259 0.0000e+00
        809  82.500660    0.05611     3.3666    201.996     98.948  51540.463    31.7777     3.9112     98.000     3.9103    25.2328     7.5479    10.7867    101.721    328.793    337.089   -0.00167    7.42020   10.60420  323.23000     3.9049   16.58522 3.7977e-02     0.3580     0.3266 0.0000e+00
        815  82.500677    0.05654     3.3920    203.521     99.959  51544.941    31.7849     3.9304     99.000     3.9303    25.2366     7.5345    10.7676    101.593    328.209    336.492   -0.00173    7.41636   10.59872  323.06153     3.9240   16.57718 3.8000e-02     0.3457     0.3448 0.0000e+00
        821  82.500693    0.05692     3.4150    204.901    100.968  51538.065    31.7828     3.9430    100.000     3.9386    25.2338     7.5254    10.7546    101.500    327.813    336.085   -0.00164    7.41418   10.59561  322.96763     3.9365   16.57273 3.8416e-02     0.3498     0.3424 0.0000e+00
        827  82.500712    0.05735     3.4410    206.463    101.978  51534.728    31.7811     3.9472    101.000     3.9405    25.2320     7.5075    10.7290    101.268    327.034    335.286   -0.00222    7.41351   10.59464  322.93889     3.9407   16.57136 4.1957e-02     0.3526     0.3313 0.0000e+00
        832  82.500727    0.05773     3.4639    207.832    102.988  51534.850    31.7805     3.9465    102.000     3.9394    25.2316     7.5005    10.7190    101.172    326.729    334.973   -0.00206    7.41366   10.59486  322.94560     3.9400   16.57168 4.3728e-02     0.3419     0.3504 0.0000e+00
        839  82.500745    0.05816     3.4897    209.381    103.998  51536.776    31.7810     3.9452    103.000     3.9388    25.2321     7.4958    10.7122    101.105    326.523    334.762   -0.00169    7.41387   10.59517  322.95481     3.9386   16.57212 4.3732e-02     0.3495     0.3323 0.0000e+00
        843  82.500759    0.05849     3.5098    210.585    105.008  51538.377    31.7818     3.9464    104.000     3.9403    25.2327     7.4994    10.7174    101.157    326.680    334.923   -0.00106    7.41361   10.59478  322.94288     3.9397   16.57155 4.4063e-02     0.3388     0.3372 0.0000e+00
        849  82.500775    0.05887     3.5324    211.942    106.018  51537.222    31.7807     3.9469    105.000     3.9398    25.2317     7.4971    10.7141    101.127    326.580    334.820   -0.00084    7.41357   10.59473  322.94166     3.9402   16.57150 4.3438e-02     0.3584     0.3498 0.0000e+00
        854  82.500791    0.05925     3.5549    213.294    107.028  51539.333    31.7814     3.9463    106.000     3.9398    25.2324     7.4841    10.6955    100.950    326.013    334.239   -0.00151    7.41366   10.59485  322.94512     3.9395   16.57166 4.2488e-02     0.3671     0.3458 0.0000e+00
        859  82.500805    0.05960     3.5760    214.559    108.038  51540.823    31.7823     3.9477    107.000     3.9414    25.2330     7.4804    10.6902    100.905    325.853    334.075   -0.00136    7.41335   10.59443  322.93201     3.9408   16.57103 4.1801e-02     0.3504     0.3799 0.0000e+00
