CTD-processing/allCTD/CNV/2021_10-21_t9_s02_cast211_4141.cnv
* Sea-Bird SBE19plus Data File:
* FileName = C:\Users\steve\Desktop\GWA\CTD\2021_10-21_T9\2021_10-21_T9_S0_cast211.hex
* Software Version 1.59
* Temperature SN =  4141
* Conductivity SN =  4141
* System UpLoad Time = Oct 22 2021 15:43:58
** Cook Inlet LTM T9
** Date: 10-21-2021
** Station:S02
** Start Time (AKDT):15:26
** Depth (m):81
** Comment:
** Comment:
# nquan = 27
# nvalues = 69                          
# units = specified
# name 0 = scan: Scan Count
# name 1 = timeJ: Julian Days
# name 2 = timeH: Time, Elapsed [hours]
# name 3 = timeM: Time, Elapsed [minutes]
# name 4 = timeS: Time, Elapsed [seconds]
# name 5 = prdM: Pressure, Strain Gauge [db]
# name 6 = specc: Specific Conductance [uS/cm]
# name 7 = sal00: Salinity, Practical [PSU]
# name 8 = tv290C: Temperature [ITS-90, deg C]
# name 9 = depSM: Depth [salt water, m], lat = 59.00
# name 10 = potemp090C: Potential Temperature [ITS-90, deg C]
# name 11 = sigma-é00: Density [sigma-theta, kg/m^3]
# name 12 = sbeox0ML/L: Oxygen, SBE 43 [ml/l]
# name 13 = sbeox0Mg/L: Oxygen, SBE 43 [mg/l]
# name 14 = sbeox0PS: Oxygen, SBE 43 [% saturation]
# name 15 = sbox0Mm/Kg: Oxygen, SBE 43 [umol/kg]
# name 16 = sbeox0Mm/L: Oxygen, SBE 43 [umol/l]
# name 17 = sbox0dV/dT: Oxygen, SBE 43 [dov/dt]
# name 18 = oxsolML/L: Oxygen Saturation, Garcia & Gordon [ml/l]
# name 19 = oxsolMg/L: Oxygen Saturation, Garcia & Gordon [mg/l]
# name 20 = oxsolMm/Kg: Oxygen Saturation, Garcia & Gordon [umol/kg]
# name 21 = n2satMg/L: Nitrogen Saturation [mg/l]
# name 22 = par: PAR/Irradiance, Biospherical/Licor
# name 23 = wetStar: Fluorescence, WET Labs WETstar [mg/m^3]
# name 24 = CStarAt0: Beam Attenuation, WET Labs C-Star [1/m]
# name 25 = CStarTr0: Beam Transmission, WET Labs C-Star [%]
# name 26 = flag: flag
# span 0 =        293,        643       
# span 1 = 294.643865, 294.644880       
# span 2 =    0.02026,    0.04462       
# span 3 =     1.2157,     2.6771       
# span 4 =     72.943,    160.624       
# span 5 =      1.009,     69.652       
# span 6 =  48682.840,  48980.912       
# span 7 =    30.6960,    30.9012       
# span 8 =     8.2954,     8.5067       
# span 9 =      1.000,     69.000       
# span 10 =     8.2995,     8.5022      
# span 11 =    23.8537,    23.9897      
# span 12 =     5.9677,     6.0132      
# span 13 =     8.5285,     8.5934      
# span 14 =     88.870,     89.617      
# span 15 =    260.276,    262.265      
# span 16 =    266.520,    268.546      
# span 17 =   -0.00115,    0.00590      
# span 18 =    6.70218,    6.74229      
# span 19 =    9.57808,    9.63541      
# span 20 =  292.31273,  294.09530      
# span 21 =   15.11563,   15.20151      
# span 22 = 4.4063e-02, 3.6562e+01      
# span 23 =     0.4293,     0.7086      
# span 24 =     0.3088,     0.7140      
# span 25 =    83.6537,    92.5711      
# span 26 = 0.0000e+00, 0.0000e+00      
# interval = meters: 1                  
# start_time = Oct 21 2021 15:25:57 [Instrument's time stamp, header]
# bad_flag = -9.990e-29
*END*
        293 294.643865    0.02026     1.2157     72.943      1.009  48682.840    30.6960     8.2954      1.000     8.2995    23.8537     5.9919     8.5630     88.870    261.363    267.598    0.00590    6.74229    9.63541  294.09530   15.20151 3.0541e+01     0.4672     0.7140    83.6537 0.0000e+00
        298 294.643880    0.02063     1.2377     74.265      2.020  48721.633    30.7248     8.3100      2.000     8.3186    23.8742     5.9966     8.5698     88.987    261.566    267.811    0.00454    6.73881    9.63043  293.93759   15.19386 3.6562e+01     0.5039     0.6570    84.8547 0.0000e+00
        303 294.643894    0.02096     1.2579     75.471      3.026  48755.799    30.7516     8.3330      3.000     8.3384    23.8919     5.9963     8.5693     89.043    261.544    267.793    0.00342    6.73413    9.62375  293.72872   15.18378 3.0305e+01     0.4873     0.6003    86.0659 0.0000e+00
        308 294.643910    0.02133     1.2800     76.802      4.038  48748.859    30.7477     8.3425      4.000     8.3419    23.8875     5.9919     8.5631     88.995    261.356    267.599    0.00201    6.73286    9.62194  293.67454   15.18121 2.6286e+01     0.5660     0.5840    86.4171 0.0000e+00
        313 294.643925    0.02169     1.3014     78.085      5.048  48740.174    30.7410     8.3413      5.000     8.3401    23.8825     5.9889     8.5588     88.944    261.227    267.466    0.00098    6.73334    9.62261  293.69661   15.18229 2.2928e+01     0.6144     0.5841    86.4139 0.0000e+00
        318 294.643939    0.02204     1.3226     79.356      6.055  48741.356    30.7413     8.3404      6.000     8.3401    23.8828     5.9898     8.5601     88.956    261.265    267.505    0.00070    6.73346    9.62278  293.70184   15.18254 1.9818e+01     0.6604     0.5805    86.4907 0.0000e+00
        324 294.643955    0.02241     1.3449     80.693      7.075  48745.395    30.7438     8.3415      7.000     8.3413    23.8847     5.9912     8.5621     88.981    261.326    267.568    0.00046    6.73319    9.62240  293.68934   15.18193 1.7060e+01     0.6252     0.5729    86.6570 0.0000e+00
        328 294.643967    0.02272     1.3630     81.783      8.069  48747.677    30.7452     8.3427      8.000     8.3424    23.8855     5.9903     8.5608     88.970    261.286    267.527    0.00032    6.73293    9.62204  293.67825   15.18139 1.4508e+01     0.5626     0.5769    86.5687 0.0000e+00
        333 294.643983    0.02309     1.3852     83.113      9.087  48749.553    30.7462     8.3440      9.000     8.3433    23.8862     5.9891     8.5590     88.955    261.232    267.472    0.00002    6.73270    9.62170  293.66777   15.18089 1.2297e+01     0.5607     0.5738    86.6379 0.0000e+00
        338 294.643997    0.02343     1.4061     84.366     10.095  48750.858    30.7467     8.3443     10.000     8.3434    23.8866     5.9861     8.5547     88.911    261.102    267.339   -0.00026    6.73263    9.62160  293.66434   15.18072 1.0471e+01     0.5519     0.5714    86.6884 0.0000e+00
        343 294.644011    0.02377     1.4261     85.569     11.105  48756.067    30.7500     8.3447     11.000     8.3439    23.8891     5.9856     8.5541     88.907    261.080    267.317   -0.00030    6.73243    9.62131  293.65508   15.18027 8.8487e+00     0.5196     0.5737    86.6387 0.0000e+00
        348 294.644026    0.02412     1.4472     86.831     12.113  48772.630    30.7614     8.3467     12.000     8.3465    23.8977     5.9950     8.5675     89.058    261.490    267.739    0.00052    6.73162    9.62016  293.61740   15.17843 7.4902e+00     0.5467     0.5674    86.7751 0.0000e+00
        354 294.644041    0.02448     1.4690     88.140     13.122  48772.973    30.7615     8.3484     13.000     8.3473    23.8976     5.9968     8.5701     89.089    261.569    267.820    0.00046    6.73135    9.61978  293.60580   15.17787 6.3206e+00     0.5834     0.5620    86.8926 0.0000e+00
        359 294.644057    0.02486     1.4916     89.496     14.133  48780.824    30.7666     8.3490     14.000     8.3480    23.9015     5.9975     8.5710     89.102    261.596    267.848    0.00032    6.73104    9.61933  293.59078   15.17713 5.3545e+00     0.6567     0.5612    86.9099 0.0000e+00
        364 294.644071    0.02520     1.5121     90.725     15.145  48788.698    30.7718     8.3501     15.000     8.3491    23.9055     5.9986     8.5725     89.123    261.640    267.895    0.00026    6.73064    9.61875  293.57237   15.17623 4.4845e+00     0.6811     0.5639    86.8513 0.0000e+00
        369 294.644086    0.02556     1.5338     92.026     16.150  48789.116    30.7717     8.3506     16.000     8.3490    23.9054     5.9982     8.5720     89.118    261.624    267.879    0.00011    6.73057    9.61865  293.56925   15.17608 3.8384e+00     0.6195     0.5603    86.9283 0.0000e+00
        375 294.644103    0.02596     1.5577     93.464     17.162  48792.551    30.7738     8.3508     17.000     8.3500    23.9069     5.9960     8.5689     89.088    261.530    267.783   -0.00013    6.73046    9.61850  293.56400   15.17582 3.2191e+00     0.5803     0.5559    87.0243 0.0000e+00
        380 294.644117    0.02631     1.5784     94.707     18.168  48811.957    30.7873     8.3539     18.000     8.3532    23.9171     5.9969     8.5701     89.114    261.564    267.820   -0.00006    6.72940    9.61699  293.51503   15.17343 2.7330e+00     0.6745     0.5498    87.1567 0.0000e+00
        386 294.644134    0.02671     1.6027     96.159     19.180  48844.060    30.8102     8.3597     19.000     8.3648    23.9342     5.9951     8.5677     89.114    261.485    267.743   -0.00006    6.72752    9.61430  293.42806   15.16918 2.3148e+00     0.5971     0.5358    87.4641 0.0000e+00
        391 294.644149    0.02708     1.6250     97.501     20.189  48848.723    30.8159     8.3792     20.000     8.3777    23.9358     6.0009     8.5758     89.241    261.734    267.998    0.00056    6.72431    9.60971  293.28757   15.16245 1.9707e+00     0.7086     0.5013    88.2218 0.0000e+00
        397 294.644166    0.02748     1.6488     98.926     21.202  48850.397    30.8165     8.3782     21.000     8.3771    23.9365     5.9922     8.5635     89.111    261.356    267.612   -0.00032    6.72443    9.60989  293.29273   15.16270 1.6883e+00     0.6597     0.4948    88.3659 0.0000e+00
        402 294.644181    0.02785     1.6709    100.255     22.208  48854.257    30.8190     8.3802     22.000     8.3810    23.9382     5.9926     8.5641     89.123    261.375    267.632   -0.00028    6.72402    9.60929  293.27417   15.16180 1.4451e+00     0.5973     0.4943    88.3765 0.0000e+00
        408 294.644197    0.02823     1.6940    101.640     23.218  48870.529    30.8319     8.3933     23.000     8.3957    23.9464     5.9902     8.5605     89.120    261.264    267.521   -0.00022    6.72145    9.60563  293.16004   15.15630 1.2443e+00     0.6390     0.4812    88.6670 0.0000e+00
        413 294.644214    0.02863     1.7177    103.063     24.229  48870.818    30.8332     8.4043     24.000     8.4043    23.9459     5.9945     8.5667     89.207    261.453    267.714    0.00028    6.71975    9.60319  293.08577   15.15274 1.0743e+00     0.7061     0.4580    89.1798 0.0000e+00
        419 294.644229    0.02900     1.7399    104.394     25.236  48869.856    30.8328     8.4088     25.000     8.4075    23.9449     5.9942     8.5663     89.211    261.439    267.699    0.00016    6.71909    9.60225  293.05712   15.15138 9.3112e-01     0.6640     0.4448    89.4763 0.0000e+00
        424 294.644246    0.02940     1.7642    105.854     26.248  48875.814    30.8372     8.4135     26.000     8.4136    23.9477     5.9938     8.5657     89.217    261.422    267.682    0.00003    6.71817    9.60094  293.01649   15.14942 8.0896e-01     0.5829     0.4335    89.7282 0.0000e+00
        430 294.644261    0.02976     1.7859    107.154     27.262  48880.687    30.8414     8.4216     27.000     8.4209    23.9498     6.0024     8.5780     89.364    261.797    268.068    0.00084    6.71677    9.59894  292.95490   15.14646 6.9975e-01     0.6394     0.4268    89.8798 0.0000e+00
        434 294.644274    0.03008     1.8050    108.299     28.260  48881.157    30.8418     8.4251     28.000     8.4237    23.9496     6.0049     8.5817     89.410    261.909    268.182    0.00074    6.71623    9.59816  292.93111   15.14533 6.1301e-01     0.6230     0.4233    89.9567 0.0000e+00
        440 294.644292    0.03050     1.8301    109.805     29.282  48882.720    30.8430     8.4290     29.000     8.4267    23.9500     6.0132     8.5934     89.540    262.265    268.546    0.00113    6.71558    9.59724  292.90290   15.14397 5.3129e-01     0.5929     0.4157    90.1297 0.0000e+00
        445 294.644305    0.03082     1.8496    110.974     30.284  48886.895    30.8456     8.4297     30.000     8.4273    23.9519     6.0087     8.5871     89.478    262.074    268.351    0.00042    6.71536    9.59692  292.89250   15.14346 4.6725e-01     0.6049     0.4257    89.9040 0.0000e+00
        450 294.644320    0.03118     1.8706    112.234     31.294  48891.033    30.8486     8.4333     31.000     8.4317    23.9538     6.0024     8.5779     89.391    261.793    268.064   -0.00024    6.71469    9.59597  292.86307   15.14204 4.1001e-01     0.6533     0.4188    90.0588 0.0000e+00
        456 294.644336    0.03157     1.8938    113.628     32.308  48889.706    30.8474     8.4344     32.000     8.4314    23.9527     6.0024     8.5780     89.394    261.797    268.068   -0.00023    6.71456    9.59579  292.85780   15.14180 3.5980e-01     0.6147     0.4157    90.1303 0.0000e+00
        460 294.644350    0.03191     1.9145    114.869     33.307  48893.650    30.8500     8.4366     33.000     8.4346    23.9545     5.9985     8.5725     89.342    261.628    267.895   -0.00045    6.71412    9.59515  292.83789   15.14084 2.9778e-01     0.5658     0.4165    90.1120 0.0000e+00
        467 294.644369    0.03235     1.9413    116.480     34.336  48890.227    30.8474     8.4379     34.000     8.4340    23.9522     5.9954     8.5680     89.296    261.490    267.754   -0.00063    6.71405    9.59504  292.83518   15.14072 2.7335e-01     0.6240     0.4088    90.2842 0.0000e+00
        471 294.644381    0.03264     1.9582    117.493     35.325  48901.687    30.8551     8.4389     35.000     8.4403    23.9581     5.9971     8.5706     89.329    261.567    267.834   -0.00034    6.71355    9.59434  292.81201   15.13958 2.3676e-01     0.5846     0.4229    89.9662 0.0000e+00
        477 294.644398    0.03305     1.9827    118.963     36.344  48907.515    30.8610     8.4545     36.000     8.4547    23.9605     6.0009     8.5759     89.420    261.729    268.000    0.00021    6.71094    9.59061  292.69745   15.13409 2.1132e-01     0.5941     0.4087    90.2881 0.0000e+00
        483 294.644414    0.03344     2.0065    120.392     37.356  48903.001    30.8586     8.4621     37.000     8.4586    23.9575     6.0025     8.5782     89.458    261.800    268.072    0.00021    6.70988    9.58909  292.65213   15.13193 1.8965e-01     0.6319     0.3841    90.8447 0.0000e+00
        487 294.644427    0.03376     2.0256    121.535     38.359  48902.784    30.8578     8.4613     38.000     8.4577    23.9571     6.0054     8.5824     89.500    261.928    268.205    0.00037    6.71004    9.58933  292.65950   15.13229 1.6985e-01     0.5501     0.3830    90.8692 0.0000e+00
        493 294.644445    0.03418     2.0505    123.030     39.376  48907.665    30.8611     8.4633     39.000     8.4608    23.9594     6.0083     8.5865     89.548    262.052    268.330    0.00043    6.70959    9.58868  292.63911   15.13130 1.5287e-01     0.5348     0.3780    90.9829 0.0000e+00
        498 294.644459    0.03451     2.0709    124.255     40.382  48912.769    30.8649     8.4677     40.000     8.4660    23.9617     6.0068     8.5844     89.537    261.987    268.265    0.00017    6.70878    9.58752  292.60280   15.12955 1.3772e-01     0.5417     0.3703    91.1591 0.0000e+00
        502 294.644471    0.03482     2.0891    125.344     41.388  48911.975    30.8644     8.4715     41.000     8.4690    23.9608     6.0051     8.5818     89.517    261.909    268.185   -0.00002    6.70823    9.58673  292.57901   15.12842 1.2516e-01     0.5803     0.3694    91.1780 0.0000e+00
        508 294.644487    0.03518     2.1108    126.647     42.404  48918.156    30.8690     8.4762     42.000     8.4760    23.9637     6.0002     8.5748     89.457    261.695    267.967   -0.00041    6.70731    9.58542  292.53832   15.12646 1.1405e-01     0.5760     0.3542    91.5264 0.0000e+00
        512 294.644500    0.03550     2.1300    127.802     43.408  48935.397    30.8826     8.4892     43.000     8.4917    23.9724     5.9976     8.5711     89.453    261.581    267.852   -0.00043    6.70476    9.58177  292.42450   15.12096 1.0527e-01     0.5894     0.3431    91.7796 0.0000e+00
        517 294.644515    0.03585     2.1512    129.073     44.421  48934.244    30.8835     8.5038     44.000     8.5019    23.9710     6.0031     8.5790     89.565    261.823    268.099    0.00031    6.70252    9.57856  292.32695   15.11630 9.7017e-02     0.4814     0.3258    92.1773 0.0000e+00
        522 294.644529    0.03620     2.1721    130.324     45.429  48929.191    30.8799     8.5067     45.000     8.5018    23.9678     6.0064     8.5837     89.617    261.965    268.243    0.00039    6.70224    9.57816  292.31553   15.11578 8.9969e-02     0.4717     0.3122    92.4910 0.0000e+00
        527 294.644544    0.03656     2.1932    131.595     46.441  48932.488    30.8817     8.5063     46.000     8.5022    23.9694     6.0042     8.5805     89.584    261.868    268.145    0.00010    6.70222    9.57814  292.31464   15.11573 8.4351e-02     0.4868     0.3108    92.5249 0.0000e+00
        532 294.644558    0.03689     2.2135    132.808     47.443  48932.707    30.8815     8.5066     47.000     8.5008    23.9691     6.0019     8.5773     89.551    261.769    268.043   -0.00020    6.70218    9.57808  292.31273   15.11563 7.9491e-02     0.4763     0.3088    92.5711 0.0000e+00
        538 294.644576    0.03732     2.2395    134.370     48.469  48935.793    30.8826     8.5027     48.000     8.4972    23.9706     5.9968     8.5701     89.468    261.548    267.817   -0.00060    6.70272    9.57885  292.33591   15.11673 7.5082e-02     0.4871     0.3127    92.4813 0.0000e+00
        543 294.644588    0.03762     2.2573    135.440     49.466  48938.445    30.8839     8.5012     49.000     8.4966    23.9717     5.9948     8.5671     89.436    261.459    267.726   -0.00070    6.70289    9.57911  292.34322   15.11708 7.1000e-02     0.5130     0.3255    92.1854 0.0000e+00
        548 294.644604    0.03800     2.2797    136.779     50.475  48939.212    30.8840     8.5018     50.000     8.4970    23.9718     5.9953     8.5678     89.444    261.480    267.747   -0.00051    6.70280    9.57897  292.33921   15.11689 6.7337e-02     0.5098     0.3233    92.2360 0.0000e+00
        554 294.644621    0.03841     2.3045    138.270     51.493  48941.117    30.8851     8.5027     51.000     8.4979    23.9725     6.0009     8.5758     89.530    261.724    267.998    0.00008    6.70261    9.57870  292.33067   15.11647 6.3781e-02     0.4864     0.3203    92.3055 0.0000e+00
        558 294.644634    0.03871     2.3228    139.368     52.495  48941.493    30.8849     8.5030     52.000     8.4979    23.9724     5.9984     8.5724     89.495    261.619    267.891   -0.00016    6.70258    9.57865  292.32917   15.11640 6.1345e-02     0.4950     0.3198    92.3163 0.0000e+00
        563 294.644648    0.03905     2.3431    140.587     53.509  48942.389    30.8851     8.5033     53.000     8.4980    23.9725     5.9967     8.5698     89.468    261.539    267.809   -0.00033    6.70253    9.57858  292.32697   15.11630 5.9264e-02     0.4311     0.3219    92.2681 0.0000e+00
