CTD-processing/allCTD/CNV/2021_07-21_t7_s21_cast116_4141.cnv
* Sea-Bird SBE19plus Data File:
* FileName = C:\Users\steve\Desktop\GWA\CTD\2021_07-21_T7\2021_07-21_T7_S2_cast116.hex
* Software Version 1.59
* Temperature SN =  4141
* Conductivity SN =  4141
* System UpLoad Time = Jul 22 2021 10:23:17
** Cook Inlet LTM T7
** Date: 07-21-2021
** Station:S21
** Start Time (AKDT):12:33
** Depth (m):75
** Comment:
** Comment:
# nquan = 27
# nvalues = 72                          
# units = specified
# name 0 = scan: Scan Count
# name 1 = timeJ: Julian Days
# name 2 = timeH: Time, Elapsed [hours]
# name 3 = timeM: Time, Elapsed [minutes]
# name 4 = timeS: Time, Elapsed [seconds]
# name 5 = prdM: Pressure, Strain Gauge [db]
# name 6 = specc: Specific Conductance [uS/cm]
# name 7 = sal00: Salinity, Practical [PSU]
# name 8 = tv290C: Temperature [ITS-90, deg C]
# name 9 = depSM: Depth [salt water, m], lat = 59.00
# name 10 = potemp090C: Potential Temperature [ITS-90, deg C]
# name 11 = sigma-é00: Density [sigma-theta, kg/m^3]
# name 12 = sbeox0ML/L: Oxygen, SBE 43 [ml/l]
# name 13 = sbeox0Mg/L: Oxygen, SBE 43 [mg/l]
# name 14 = sbeox0PS: Oxygen, SBE 43 [% saturation]
# name 15 = sbox0Mm/Kg: Oxygen, SBE 43 [umol/kg]
# name 16 = sbeox0Mm/L: Oxygen, SBE 43 [umol/l]
# name 17 = sbox0dV/dT: Oxygen, SBE 43 [dov/dt]
# name 18 = oxsolML/L: Oxygen Saturation, Garcia & Gordon [ml/l]
# name 19 = oxsolMg/L: Oxygen Saturation, Garcia & Gordon [mg/l]
# name 20 = oxsolMm/Kg: Oxygen Saturation, Garcia & Gordon [umol/kg]
# name 21 = n2satMg/L: Nitrogen Saturation [mg/l]
# name 22 = par: PAR/Irradiance, Biospherical/Licor
# name 23 = wetStar: Fluorescence, WET Labs WETstar [mg/m^3]
# name 24 = CStarAt0: Beam Attenuation, WET Labs C-Star [1/m]
# name 25 = CStarTr0: Beam Transmission, WET Labs C-Star [%]
# name 26 = flag: flag
# span 0 =        309,        639       
# span 1 = 202.524144, 202.525097       
# span 2 =    0.02139,    0.04428       
# span 3 =     1.2834,     2.6565       
# span 4 =     77.006,    159.393       
# span 5 =      1.017,     72.661       
# span 6 =  48867.292,  49487.789       
# span 7 =    31.0938,    31.3667       
# span 8 =     9.2247,    10.2951       
# span 9 =      1.000,     72.000       
# span 10 =     9.2192,    10.2903      
# span 11 =    23.8555,    24.2403      
# span 12 =     6.3719,     6.5791      
# span 13 =     9.1061,     9.4022      
# span 14 =     96.930,    102.227      
# span 15 =    277.835,    286.969      
# span 16 =    284.569,    293.822      
# span 17 =   -0.00653,    0.00124      
# span 18 =    6.43327,    6.57493      
# span 19 =    9.19378,    9.39624      
# span 20 =  280.61563,  286.68733      
# span 21 =   14.55554,   14.84487      
# span 22 = 5.6198e-02, 9.3665e+01      
# span 23 =     1.4883,     2.6340      
# span 24 =     0.4113,     0.6566      
# span 25 =    84.8609,    90.2273      
# span 26 = 0.0000e+00, 0.0000e+00      
# interval = meters: 1                  
# start_time = Jul 21 2021 12:33:29 [Instrument's time stamp, header]
# bad_flag = -9.990e-29
*END*
        309 202.524144    0.02139     1.2834     77.006      1.017  48867.292    31.0945    10.2951      1.000    10.2903    23.8555     6.5699     9.3891    102.124    286.577    293.413    0.00124    6.43327    9.19378  280.61563   14.55554 9.3665e+01     1.9316     0.6566    84.8609 0.0000e+00
        314 202.524158    0.02173     1.3039     78.232      2.023  48887.127    31.1065    10.2826      2.000    10.2792    23.8670     6.5756     9.3973    102.193    286.823    293.668    0.00117    6.43452    9.19558  280.66718   14.55796 7.6891e+01     1.9143     0.6560    84.8728 0.0000e+00
        318 202.524170    0.02201     1.3211     79.268      3.026  48906.491    31.1183    10.2706      3.000    10.2564    23.8782     6.5791     9.4022    102.227    286.969    293.822    0.00099    6.43572    9.19729  280.71621   14.56025 6.3915e+01     2.0429     0.6414    85.1842 0.0000e+00
        323 202.524183    0.02233     1.3396     80.377      4.034  48879.053    31.0938    10.2315      4.000    10.1968    23.8656     6.5719     9.3918    102.012    286.657    293.499   -0.00057    6.44222    9.20657  281.00310   14.57409 5.4739e+01     2.2170     0.5950    86.1806 0.0000e+00
        327 202.524197    0.02267     1.3599     81.593      5.055  48896.848    31.0949    10.1422      5.000    10.1162    23.8812     6.5538     9.3661    101.536    285.868    292.695   -0.00316    6.45474    9.22446  281.54479   14.60000 4.9473e+01     2.2623     0.5681    86.7584 0.0000e+00
        331 202.524207    0.02293     1.3753     82.518      6.049  48965.535    31.1399    10.1171      6.000    10.1175    23.9203     6.5255     9.3255    101.070    284.620    291.429   -0.00527    6.45641    9.22685  281.60703   14.60280 4.2491e+01     2.2430     0.5592    86.9531 0.0000e+00
        336 202.524222    0.02326     1.3955     83.732      7.070  48976.330    31.1475    10.1210      7.000    10.1230    23.9257     6.5074     9.2996    100.803    283.829    290.619   -0.00534    6.45556    9.22563  281.56837   14.60092 3.7306e+01     2.2589     0.5568    87.0058 0.0000e+00
        340 202.524234    0.02356     1.4139     84.836      8.075  49010.560    31.1725    10.1310      8.000    10.1449    23.9435     6.5038     9.2946    100.786    283.669    290.461   -0.00399    6.45310    9.22213  281.45637   14.59546 3.1978e+01     2.3491     0.5622    86.8902 0.0000e+00
        345 202.524247    0.02387     1.4322     85.932      9.082  49024.050    31.1860    10.1662      9.000    10.1772    23.9483     6.5098     9.3032    100.965    283.931    290.731   -0.00185    6.44759    9.21425  281.21471   14.58384 2.7554e+01     2.4068     0.5672    86.7805 0.0000e+00
        350 202.524261    0.02421     1.4524     87.143     10.103  49027.737    31.1912    10.1911     10.000    10.1999    23.9483     6.5124     9.3068    101.063    284.040    290.843   -0.00073    6.44388    9.20895  281.05316   14.57609 2.3270e+01     2.4741     0.5750    86.6095 0.0000e+00
        354 202.524273    0.02448     1.4688     88.127     11.093  49039.766    31.2020    10.2131     11.000    10.2217    23.9531     6.5168     9.3131    101.186    284.231    291.039    0.00010    6.44034    9.20389  280.89716   14.56858 2.0005e+01     2.5387     0.5784    86.5361 0.0000e+00
        360 202.524289    0.02490     1.4939     89.633     12.129  49024.928    31.1936    10.2337     12.000    10.2325    23.9432     6.5226     9.3214    101.317    284.486    291.297    0.00080    6.43780    9.20025  280.78898   14.56344 1.6927e+01     2.5895     0.5846    86.4029 0.0000e+00
        364 202.524302    0.02518     1.5107     90.642     13.117  49026.754    31.1945    10.2336     13.000    10.2323    23.9439     6.5253     9.3254    101.360    284.607    291.422    0.00072    6.43778    9.20024  280.78822   14.56340 1.4327e+01     2.6266     0.5842    86.4122 0.0000e+00
        369 202.524316    0.02554     1.5322     91.932     14.137  49026.213    31.1937    10.2341     14.000    10.2325    23.9432     6.5290     9.3306    101.418    284.768    291.587    0.00080    6.43773    9.20016  280.78612   14.56330 1.2136e+01     2.6340     0.5850    86.3939 0.0000e+00
        373 202.524330    0.02585     1.5512     93.071     15.141  49027.714    31.1943    10.2340     15.000    10.2322    23.9438     6.5276     9.3287    101.397    284.708    291.526    0.00030    6.43772    9.20015  280.78560   14.56327 1.0259e+01     2.6297     0.5816    86.4668 0.0000e+00
        378 202.524344    0.02621     1.5725     94.351     16.149  49031.142    31.1963    10.2332     16.000    10.2307    23.9454     6.5251     9.3251    101.357    284.597    291.412   -0.00007    6.43776    9.20020  280.78680   14.56333 8.7332e+00     2.6149     0.5819    86.4620 0.0000e+00
        384 202.524361    0.02661     1.5965     95.791     17.172  49026.857    31.1922    10.2281     17.000    10.2146    23.9431     6.5224     9.3213    101.301    284.482    291.294   -0.00044    6.43865    9.20149  280.82659   14.56525 7.2788e+00     2.6036     0.5784    86.5380 0.0000e+00
        388 202.524372    0.02688     1.6125     96.749     18.163  49045.224    31.2017    10.2036     18.000    10.1943    23.9546     6.5194     9.3168    101.206    284.343    291.154   -0.00098    6.44170    9.20583  280.95608   14.57140 6.1548e+00     2.5933     0.5776    86.5537 0.0000e+00
        393 202.524387    0.02723     1.6341     98.046     19.187  49058.245    31.2088    10.1900     19.000    10.1830    23.9623     6.5192     9.3167    101.178    284.336    291.149   -0.00081    6.44331    9.20813  281.02407   14.57463 5.2048e+00     2.5778     0.5718    86.6804 0.0000e+00
        398 202.524400    0.02754     1.6521     99.126     20.185  49047.573    31.1988    10.1731     20.000    10.1402    23.9573     6.5172     9.3138    101.103    284.250    291.060   -0.00122    6.44610    9.21212  281.14711   14.58056 4.4003e+00     2.5944     0.5703    86.7127 0.0000e+00
        402 202.524414    0.02788     1.6723    100.340     21.200  49086.566    31.2154    10.0891     21.000    10.0563    23.9842     6.5149     9.3105    100.893    284.140    290.955   -0.00198    6.45724    9.22803  281.62556   14.60338 3.7322e+00     2.5602     0.5614    86.9071 0.0000e+00
        407 202.524427    0.02819     1.6911    101.469     22.217  49122.726    31.2328    10.0279     22.000    10.0009    24.0078     6.5096     9.3028    100.687    283.902    290.718   -0.00276    6.46516    9.23936  281.96473   14.61954 3.1777e+00     2.4829     0.5535    87.0754 0.0000e+00
        410 202.524437    0.02842     1.7054    102.325     23.213  49155.498    31.2508     9.9911     23.000     9.9771    24.0278     6.5010     9.2905    100.485    283.522    290.334   -0.00335    6.46963    9.24575  282.15410   14.62853 2.7069e+00     2.4276     0.5456    87.2487 0.0000e+00
        415 202.524449    0.02872     1.7232    103.389     24.224  49167.834    31.2564     9.9692     24.000     9.9572    24.0357     6.4959     9.2833    100.362    283.299    290.108   -0.00332    6.47250    9.24985  282.27712   14.63439 2.3149e+00     2.4011     0.5440    87.2829 0.0000e+00
        420 202.524464    0.02908     1.7448    104.688     25.242  49175.756    31.2581     9.9429     25.000     9.9300    24.0414     6.4898     9.2745    100.210    283.029    289.834   -0.00301    6.47615    9.25506  282.43467   14.64193 1.9582e+00     2.3449     0.5384    87.4074 0.0000e+00
        424 202.524476    0.02938     1.7626    105.757     26.246  49183.666    31.2609     9.9236     26.000     9.9128    24.0467     6.4914     9.2769    100.195    283.099    289.906   -0.00251    6.47877    9.25881  282.54754   14.64731 1.6582e+00     2.3149     0.5340    87.5017 0.0000e+00
        428 202.524489    0.02967     1.7806    106.834     27.258  49201.975    31.2718     9.9119     27.000     9.9150    24.0572     6.4910     9.2762    100.170    283.077    289.887   -0.00189    6.47997    9.26053  282.59714   14.64964 1.4192e+00     2.2865     0.5363    87.4528 0.0000e+00
        432 202.524501    0.02996     1.7977    107.859     28.267  49193.441    31.2672     9.9259     28.000     9.9246    24.0513     6.4882     9.2723    100.154    282.957    289.762   -0.00167    6.47819    9.25797  282.52078   14.64600 1.2120e+00     2.2465     0.5339    87.5046 0.0000e+00
        437 202.524513    0.03026     1.8153    108.915     29.269  49166.387    31.2458     9.9113     29.000     9.8856    24.0370     6.4909     9.2762    100.151    283.081    289.885   -0.00118    6.48115    9.26222  282.65411   14.65247 1.0426e+00     2.2570     0.5300    87.5913 0.0000e+00
        442 202.524528    0.03062     1.8374    110.241     30.292  49147.098    31.2203     9.8215     30.000     9.7623    24.0316     6.4887     9.2730     99.903    282.985    289.785   -0.00220    6.49498    9.28198  283.25888   14.68150 8.8680e-01     2.2442     0.5117    87.9911 0.0000e+00
        446 202.524541    0.03092     1.8552    111.309     31.288  49180.313    31.2269     9.6956     31.000     9.6334    24.0569     6.4740     9.2519     99.406    282.336    289.128   -0.00454    6.51270    9.30730  284.02457   14.71810 7.6312e-01     2.2318     0.4965    88.3268 0.0000e+00
        451 202.524555    0.03128     1.8765    112.589     32.311  49289.916    31.2903     9.5943     32.000     9.5757    24.1227     6.4480     9.2149     98.827    281.186    287.969   -0.00649    6.52458    9.32427  284.52419   14.74174 6.5638e-01     2.0701     0.4793    88.7080 0.0000e+00
        456 202.524568    0.03158     1.8947    113.684     33.307  49272.335    31.2695     9.5337     33.000     9.4830    24.1160     6.4405     9.2042     98.567    280.861    287.634   -0.00623    6.53418    9.33800  284.94477   14.76194 5.6791e-01     1.9675     0.4690    88.9352 0.0000e+00
        462 202.524586    0.03201     1.9204    115.226     34.329  49361.687    31.3126     9.3899     34.000     9.3617    24.1723     6.4278     9.1859     98.087    280.289    287.064   -0.00653    6.55314    9.36510  285.75593   14.80054 4.8947e-01     1.8496     0.4476    89.4144 0.0000e+00
        467 202.524601    0.03235     1.9411    116.468     35.337  49393.790    31.3294     9.3503     35.000     9.3278    24.1917     6.4146     9.1671     97.810    279.708    286.475   -0.00612    6.55817    9.37228  285.96978   14.81070 4.2274e-01     1.7250     0.4408    89.5656 0.0000e+00
        471 202.524612    0.03263     1.9580    117.480     36.340  49415.518    31.3385     9.3083     36.000     9.2897    24.2054     6.4066     9.1557     97.604    279.358    286.121   -0.00573    6.56391    9.38047  286.21593   14.82243 3.6950e-01     1.6645     0.4341    89.7171 0.0000e+00
        475 202.524625    0.03295     1.9767    118.603     37.353  49447.035    31.3572     9.2860     37.000     9.2841    24.2235     6.3965     9.1412     97.413    278.911    285.667   -0.00530    6.56635    9.38397  286.31738   14.82720 3.2469e-01     1.6308     0.4360    89.6741 0.0000e+00
        480 202.524639    0.03327     1.9965    119.790     38.361  49440.620    31.3527     9.2889     38.000     9.2810    24.2194     6.3963     9.1410     97.414    278.906    285.660   -0.00374    6.56612    9.38364  286.30872   14.82681 2.8488e-01     1.6153     0.4372    89.6465 0.0000e+00
        485 202.524653    0.03361     2.0166    120.997     39.377  49440.670    31.3506     9.2766     39.000     9.2658    24.2198     6.3931     9.1363     97.337    278.763    285.515   -0.00306    6.56800    9.38633  286.39049   14.83073 2.4955e-01     1.5940     0.4331    89.7370 0.0000e+00
        489 202.524665    0.03390     2.0341    122.043     40.378  49454.970    31.3592     9.2697     40.000     9.2665    24.2277     6.3926     9.1357     97.320    278.740    285.493   -0.00239    6.56864    9.38724  286.41642   14.83193 2.1991e-01     1.5991     0.4300    89.8082 0.0000e+00
        494 202.524679    0.03423     2.0537    123.221     41.398  49450.950    31.3561     9.2705     41.000     9.2658    24.2250     6.3900     9.1321     97.281    278.631    285.381   -0.00195    6.56866    9.38727  286.41788   14.83202 1.9448e-01     1.5820     0.4291    89.8281 0.0000e+00
        498 202.524690    0.03450     2.0700    124.202     42.396  49456.954    31.3605     9.2750     42.000     9.2738    24.2279     6.3881     9.1292     97.264    278.543    285.292   -0.00164    6.56780    9.38606  286.38008   14.83019 1.7350e-01     1.5706     0.4340    89.7179 0.0000e+00
        502 202.524703    0.03482     2.0894    125.361     43.411  49448.711    31.3541     9.2741     43.000     9.2672    24.2230     6.3968     9.1417     97.391    278.927    285.683   -0.00054    6.56821    9.38663  286.39888   14.83112 1.5492e-01     1.5613     0.4375    89.6397 0.0000e+00
        507 202.524716    0.03514     2.1082    126.492     44.419  49452.208    31.3559     9.2720     44.000     9.2658    24.2247     6.3975     9.1427     97.398    278.956    285.713   -0.00036    6.56845    9.38697  286.40878   14.83158 1.3992e-01     1.5873     0.4327    89.7460 0.0000e+00
        512 202.524730    0.03546     2.1275    127.648     45.432  49453.726    31.3558     9.2672     45.000     9.2598    24.2254     6.3930     9.1363     97.318    278.760    285.513   -0.00074    6.56915    9.38798  286.43925   14.83304 1.2674e-01     1.5614     0.4286    89.8398 0.0000e+00
        516 202.524742    0.03575     2.1452    128.715     46.443  49460.778    31.3597     9.2626     46.000     9.2585    24.2292     6.3908     9.1331     97.277    278.661    285.413   -0.00091    6.56964    9.38868  286.45954   14.83400 1.1599e-01     1.5478     0.4371    89.6478 0.0000e+00
        520 202.524753    0.03603     2.1618    129.707     47.444  49457.285    31.3567     9.2616     47.000     9.2537    24.2270     6.3902     9.1322     97.265    278.636    285.387   -0.00078    6.56992    9.38908  286.47225   14.83462 1.0681e-01     1.5410     0.4298    89.8122 0.0000e+00
        525 202.524768    0.03636     2.1818    130.910     48.464  49456.897    31.3548     9.2531     48.000     9.2433    24.2269     6.3943     9.1381     97.308    278.815    285.570   -0.00046    6.57124    9.39096  286.52988   14.83738 9.8822e-02     1.5364     0.4233    89.9585 0.0000e+00
        529 202.524780    0.03668     2.2004    132.026     49.464  49461.338    31.3563     9.2439     49.000     9.2311    24.2295     6.3931     9.1363     97.270    278.761    285.516   -0.00050    6.57251    9.39278  286.58461   14.83999 9.2236e-02     1.5308     0.4220    89.9874 0.0000e+00
        534 202.524795    0.03702     2.2213    133.275     50.482  49477.022    31.3644     9.2263     50.000     9.2201    24.2386     6.3876     9.1285     97.154    278.519    285.271   -0.00104    6.57473    9.39595  286.67887   14.84446 8.6747e-02     1.5267     0.4196    90.0401 0.0000e+00
        538 202.524807    0.03732     2.2395    134.368     51.487  49478.773    31.3651     9.2255     51.000     9.2197    24.2393     6.3810     9.1191     97.051    278.229    284.973   -0.00145    6.57483    9.39609  286.68299   14.84466 8.2236e-02     1.5092     0.4210    90.0103 0.0000e+00
        543 202.524820    0.03763     2.2579    135.473     52.500  49479.883    31.3653     9.2247     52.000     9.2192    24.2396     6.3838     9.1232     97.094    278.356    285.103   -0.00089    6.57493    9.39624  286.68733   14.84487 7.7903e-02     1.5043     0.4181    90.0766 0.0000e+00
        547 202.524832    0.03793     2.2757    136.544     53.503  49480.971    31.3657     9.2253     53.000     9.2208    24.2398     6.3872     9.1279     97.145    278.499    285.250   -0.00043    6.57483    9.39609  286.68289   14.84465 7.4622e-02     1.5024     0.4189    90.0572 0.0000e+00
