CTD-processing/allCTD/CNV/2021_07-16_t4_s06_cast101_4141.cnv
* Sea-Bird SBE19plus Data File:
* FileName = C:\Users\steve\Desktop\GWA\CTD\2021_07-16_T4\2021_07-16_T4_S0_cast101.hex
* Software Version 1.59
* Temperature SN =  4141
* Conductivity SN =  4141
* System UpLoad Time = Jul 20 2021 14:52:48
** Cook Inlet LTM T4
** Date: 07-16-2021
** Station:S06
** Start Time (AKDT):13:37
** Depth (m):62
** Comment:
** Comment:
# nquan = 27
# nvalues = 61                          
# units = specified
# name 0 = scan: Scan Count
# name 1 = timeJ: Julian Days
# name 2 = timeH: Time, Elapsed [hours]
# name 3 = timeM: Time, Elapsed [minutes]
# name 4 = timeS: Time, Elapsed [seconds]
# name 5 = prdM: Pressure, Strain Gauge [db]
# name 6 = specc: Specific Conductance [uS/cm]
# name 7 = sal00: Salinity, Practical [PSU]
# name 8 = tv290C: Temperature [ITS-90, deg C]
# name 9 = depSM: Depth [salt water, m], lat = 59.00
# name 10 = potemp090C: Potential Temperature [ITS-90, deg C]
# name 11 = sigma-é00: Density [sigma-theta, kg/m^3]
# name 12 = sbeox0ML/L: Oxygen, SBE 43 [ml/l]
# name 13 = sbeox0Mg/L: Oxygen, SBE 43 [mg/l]
# name 14 = sbeox0PS: Oxygen, SBE 43 [% saturation]
# name 15 = sbox0Mm/Kg: Oxygen, SBE 43 [umol/kg]
# name 16 = sbeox0Mm/L: Oxygen, SBE 43 [umol/l]
# name 17 = sbox0dV/dT: Oxygen, SBE 43 [dov/dt]
# name 18 = oxsolML/L: Oxygen Saturation, Garcia & Gordon [ml/l]
# name 19 = oxsolMg/L: Oxygen Saturation, Garcia & Gordon [mg/l]
# name 20 = oxsolMm/Kg: Oxygen Saturation, Garcia & Gordon [umol/kg]
# name 21 = n2satMg/L: Nitrogen Saturation [mg/l]
# name 22 = par: PAR/Irradiance, Biospherical/Licor
# name 23 = wetStar: Fluorescence, WET Labs WETstar [mg/m^3]
# name 24 = CStarAt0: Beam Attenuation, WET Labs C-Star [1/m]
# name 25 = CStarTr0: Beam Transmission, WET Labs C-Star [%]
# name 26 = flag: flag
# span 0 =        312,        588       
# span 1 = 197.568366, 197.569162       
# span 2 =    0.02163,    0.04074       
# span 3 =     1.2974,     2.4440       
# span 4 =     77.841,    146.645       
# span 5 =      1.014,     61.473       
# span 6 =  49323.328,  50044.633       
# span 7 =    31.3591,    31.5800       
# span 8 =     8.0296,     9.8736       
# span 9 =      1.000,     61.000       
# span 10 =     8.0298,     9.8657      
# span 11 =    24.1362,    24.5857      
# span 12 =     6.4820,     6.9534      
# span 13 =     9.2634,     9.9371      
# span 14 =     96.885,    106.289      
# span 15 =    282.657,    303.197      
# span 16 =    289.484,    310.540      
# span 17 =   -0.01266,    0.02813      
# span 18 =    6.48055,    6.74404      
# span 19 =    9.26135,    9.63792      
# span 20 =  282.59545,  293.96147      
# span 21 =   14.64908,   15.19151      
# span 22 = 6.7894e-02, 8.9322e+02      
# span 23 =     0.2622,     3.7690      
# span 24 =     0.3349,     1.2169      
# span 25 =    73.7648,    91.9677      
# span 26 = 0.0000e+00, 0.0000e+00      
# interval = meters: 1                  
# start_time = Jul 16 2021 13:37:09 [Instrument's time stamp, header]
# bad_flag = -9.990e-29
*END*
        312 197.568366    0.02163     1.2974     77.841      1.014  49359.088    31.3889     9.8736      1.000     9.8657    24.1542     6.4820     9.2634    100.022    282.657    289.484    0.00311    6.48055    9.26135  282.59545   14.64908 8.9322e+02     0.5953     0.9237    79.3832 0.0000e+00
        317 197.568380    0.02194     1.3164     78.987      2.023  49323.328    31.3591     9.8413      2.000     9.8038    24.1362     6.5877     9.4146    101.562    287.275    294.209    0.00889    6.48638    9.26968  282.85460   14.66159 6.3465e+02     1.0552     0.8990    79.8713 0.0000e+00
        321 197.568391    0.02222     1.3332     79.994      3.028  49364.100    31.3779     9.7677      3.000     9.7310    24.1628     6.8176     9.7429    104.948    297.288    304.472    0.02640    6.49608    9.28355  283.27036   14.68141 4.6843e+02     0.9852     0.9399    79.0580 0.0000e+00
        325 197.568403    0.02251     1.3504     81.025      4.037  49355.607    31.3598     9.6790      4.000     9.6209    24.1629     6.9189     9.8879    106.289    301.710    309.001    0.02813    6.50953    9.30276  283.85651   14.70951 3.5264e+02     1.0838     0.9335    79.1869 0.0000e+00
        329 197.568415    0.02281     1.3685     82.112      5.046  49392.494    31.3695     9.5584      5.000     9.5107    24.1897     6.8650     9.8107    105.187    299.346    306.587    0.01370    6.52642    9.32691  284.58605   14.74437 2.7238e+02     1.1434     0.8938    79.9750 0.0000e+00
        334 197.568429    0.02312     1.3874     83.246      6.061  49410.781    31.3672     9.4482      6.000     9.4028    24.2053     6.8896     9.8460    105.307    300.418    307.689    0.00884    6.54241    9.34976  285.27867   14.77750 2.1267e+02     1.1433     0.8531    80.7946 0.0000e+00
        338 197.568440    0.02340     1.4039     84.233      7.062  49428.168    31.3679     9.3661      7.000     9.3201    24.2188     6.9534     9.9371    106.090    303.197    310.540    0.01151    6.55427    9.36670  285.79182   14.80204 1.7240e+02     1.1853     0.8185    81.4957 0.0000e+00
        342 197.568453    0.02371     1.4228     85.370      8.073  49490.584    31.4001     9.2834      8.000     9.2645    24.2569     6.9350     9.9108    105.638    302.383    309.718    0.00589    6.56492    9.38193  286.24577   14.82361 1.3740e+02     1.9859     0.7740    82.4069 0.0000e+00
        348 197.568468    0.02407     1.4440     86.643      9.089  49503.734    31.4041     9.2484      9.000     9.2322    24.2655     6.8644     9.8099    104.483    299.299    306.561   -0.00273    6.56983    9.38894  286.45760   14.83371 1.1422e+02     2.6526     0.7587    82.7228 0.0000e+00
        352 197.568481    0.02437     1.4622     87.732     10.093  49492.564    31.3888     9.1975     10.000     9.1622    24.2614     6.8129     9.7363    103.573    297.058    304.265   -0.00709    6.57791    9.40049  286.81080   14.85066 9.0274e+01     3.2027     0.7065    83.8124 0.0000e+00
        357 197.568494    0.02470     1.4821     88.927     11.101  49531.309    31.4052     9.1231     11.000     9.0972    24.2858     6.7701     9.6751    102.762    295.181    302.350   -0.00989    6.58807    9.41501  287.24732   14.87146 7.7722e+01     3.3509     0.6369    85.2829 0.0000e+00
        362 197.568511    0.02509     1.5053     90.316     12.119  49569.617    31.4231     9.0616     12.000     9.0478    24.3093     6.7208     9.6047    101.887    293.027    300.150   -0.01106    6.59634    9.42682  287.60090   14.88829 6.3767e+01     3.2809     0.6034    85.9962 0.0000e+00
        367 197.568523    0.02539     1.5233     91.398     13.122  49591.544    31.4354     9.0423     13.000     9.0389    24.3218     6.6706     9.5329    101.090    290.835    297.908   -0.01266    6.59863    9.43010  287.69751   14.89286 5.4577e+01     2.7267     0.6000    86.0713 0.0000e+00
        371 197.568537    0.02571     1.5427     92.564     14.131  49593.430    31.4355     9.0370     14.000     9.0336    24.3228     6.6538     9.5089    100.823    290.101    297.157   -0.01068    6.59941    9.43122  287.73141   14.89448 4.5986e+01     2.4867     0.5826    86.4455 0.0000e+00
        376 197.568550    0.02604     1.5625     93.751     15.144  49599.029    31.4388     9.0352     15.000     9.0346    24.3256     6.6646     9.5244    100.986    290.574    297.643   -0.00669    6.59953    9.43139  287.73555   14.89467 3.8945e+01     2.4443     0.5828    86.4421 0.0000e+00
        380 197.568563    0.02634     1.5806     94.834     16.153  49597.638    31.4376     9.0373     16.000     9.0367    24.3244     6.6774     9.5426    101.183    291.129    298.211   -0.00363    6.59927    9.43101  287.72445   14.89414 3.2564e+01     2.6100     0.5872    86.3478 0.0000e+00
        385 197.568575    0.02664     1.5980     95.880     17.160  49597.992    31.4378     9.0394     17.000     9.0385    24.3242     6.6806     9.5473    101.237    291.270    298.355   -0.00242    6.59896    9.43058  287.71134   14.89351 2.7456e+01     2.6246     0.5846    86.4017 0.0000e+00
        389 197.568588    0.02694     1.6164     96.984     18.171  49598.450    31.4380     9.0420     18.000     9.0414    24.3240     6.6938     9.5660    101.443    291.844    298.943   -0.00070    6.59857    9.43002  287.69446   14.89270 2.3303e+01     2.6368     0.5891    86.3052 0.0000e+00
        393 197.568601    0.02725     1.6349     98.093     19.186  49598.356    31.4379     9.0449     19.000     9.0438    24.3235     6.7054     9.5827    101.626    292.353    299.464    0.00051    6.59815    9.42941  287.67592   14.89182 1.9614e+01     2.6966     0.5952    86.1738 0.0000e+00
        397 197.568611    0.02750     1.6501     99.004     20.185  49598.657    31.4379     9.0459     20.000     9.0446    24.3233     6.7139     9.5948    101.756    292.722    299.842    0.00106    6.59802    9.42923  287.67042   14.89156 1.6537e+01     2.7069     0.5931    86.2197 0.0000e+00
        401 197.568624    0.02780     1.6680    100.078     21.197  49601.063    31.4393     9.0479     21.000     9.0468    24.3242     6.7243     9.6097    101.920    293.176    300.307    0.00163    6.59765    9.42870  287.65408   14.89077 1.3832e+01     2.8012     0.5980    86.1148 0.0000e+00
        406 197.568638    0.02815     1.6892    101.349     22.212  49605.572    31.4423     9.0497     22.000     9.0448    24.3262     6.7343     9.6239    102.076    293.609    300.751    0.00190    6.59726    9.42814  287.63623   14.88990 1.1629e+01     2.7620     0.6063    85.9351 0.0000e+00
        411 197.568652    0.02846     1.7077    102.465     23.223  49585.118    31.4252     9.0336     23.000     9.0075    24.3154     6.7469     9.6419    102.220    294.162    301.315    0.00204    6.60036    9.43257  287.77461   14.89658 9.6220e+00     3.1474     0.6251    85.5335 0.0000e+00
        415 197.568662    0.02872     1.7231    103.388     24.222  49614.080    31.4394     8.9931     24.000     8.9770    24.3327     6.7712     9.6767    102.505    295.217    302.400    0.00294    6.60569    9.44020  288.00240   14.90741 7.9981e+00     3.5243     0.5868    86.3556 0.0000e+00
        419 197.568676    0.02906     1.7436    104.614     25.239  49631.656    31.4466     8.9600     25.000     8.9466    24.3434     6.7872     9.6996    102.677    295.914    303.118    0.00315    6.61027    9.44673  288.19881   14.91677 6.7627e+00     3.7690     0.5613    86.9090 0.0000e+00
        424 197.568690    0.02939     1.7637    105.820     26.247  49643.877    31.4513     8.9357     26.000     8.9231    24.3508     6.7569     9.6562    102.166    294.590    301.763   -0.00069    6.61364    9.45156  288.34384   14.92368 5.6767e+00     3.1869     0.5168    87.8794 0.0000e+00
        429 197.568703    0.02971     1.7828    106.970     27.259  49656.367    31.4568     8.9160     27.000     8.9058    24.3581     6.7231     9.6079    101.613    293.111    300.250   -0.00375    6.61632    9.45538  288.45824   14.92913 4.8294e+00     2.9219     0.4928    88.4101 0.0000e+00
        433 197.568715    0.03000     1.8002    108.015     28.264  49654.566    31.4524     8.8976     28.000     8.8788    24.3575     6.7033     9.5796    101.270    292.249    299.368   -0.00468    6.61920    9.45951  288.58454   14.93518 4.1182e+00     2.6535     0.4772    88.7545 0.0000e+00
        438 197.568729    0.03032     1.8192    109.153     29.277  49659.519    31.4489     8.8514     29.000     8.8257    24.3617     6.6755     9.5400    100.745    291.040    298.131   -0.00632    6.62620    9.46949  288.88797   14.94970 3.5327e+00     2.5409     0.4504    89.3514 0.0000e+00
        442 197.568742    0.03063     1.8381    110.285     30.285  49685.224    31.4601     8.8075     30.000     8.7878    24.3772     6.6495     9.5029    100.262    289.903    296.970   -0.00730    6.63221    9.47809  289.14594   14.96198 3.0192e+00     2.3621     0.4289    89.8334 0.0000e+00
        447 197.568755    0.03095     1.8573    111.436     31.295  49700.863    31.4651     8.7691     31.000     8.7513    24.3869     6.6187     9.4588     99.714    288.554    295.591   -0.00821    6.63768    9.48591  289.38171   14.97323 2.6089e+00     1.9378     0.4110    90.2358 0.0000e+00
        451 197.568768    0.03127     1.8765    112.589     32.306  49712.503    31.4677     8.7345     32.000     8.7168    24.3942     6.5806     9.4043     99.064    286.888    293.887   -0.00945    6.64271    9.49310  289.59898   14.98360 2.2542e+00     1.6495     0.3929    90.6452 0.0000e+00
        456 197.568781    0.03157     1.8938    113.629     33.312  49737.142    31.4811     8.7102     33.000     8.7015    24.4082     6.5505     9.3612     98.566    285.572    292.542   -0.00993    6.64575    9.49744  289.72754   14.98969 1.9704e+00     1.4785     0.3825    90.8811 0.0000e+00
        460 197.568793    0.03187     1.9121    114.724     34.325  49748.862    31.4872     8.6991     34.000     8.6915    24.4147     6.5255     9.3256     98.170    284.484    291.430   -0.00936    6.64713    9.49941  289.78583   14.99245 1.7283e+00     1.2804     0.3753    91.0454 0.0000e+00
        464 197.568805    0.03215     1.9294    115.763     35.330  49781.836    31.5091     8.6934     35.000     8.6926    24.4327     6.5066     9.2986     97.888    283.656    290.586   -0.00859    6.64704    9.49928  289.77659   14.99192 1.5132e+00     1.1290     0.3700    91.1650 0.0000e+00
        469 197.568818    0.03247     1.9484    116.903     36.348  49795.881    31.5192     8.6986     36.000     8.6897    24.4399     6.5011     9.2907     97.822    283.410    290.337   -0.00659    6.64583    9.49756  289.72204   14.98927 1.3224e+00     1.0402     0.3576    91.4480 0.0000e+00
        473 197.568831    0.03277     1.9663    117.981     37.346  49802.402    31.5207     8.6803     37.000     8.6647    24.4438     6.5201     9.3178     98.068    284.238    291.186   -0.00358    6.64848    9.50136  289.83676   14.99475 1.1634e+00     0.8979     0.3349    91.9677 0.0000e+00
        478 197.568847    0.03316     1.9895    119.368     38.370  49819.356    31.5279     8.6514     38.000     8.6405    24.4537     6.5557     9.3688     98.545    285.789    292.778    0.00017    6.65249    9.50707  290.00822   15.00290 1.0256e+00     0.7436     0.3355    91.9550 0.0000e+00
        483 197.568859    0.03345     2.0072    120.430     39.366  49818.654    31.5245     8.6346     39.000     8.6221    24.4536     6.5727     9.3930     98.760    286.528    293.535    0.00136    6.65514    9.51085  290.12384   15.00845 8.9905e-01     0.7062     0.3532    91.5490 0.0000e+00
        487 197.568873    0.03378     2.0270    121.623     40.383  49827.063    31.5274     8.6179     40.000     8.6088    24.4584     6.5727     9.3930     98.726    286.528    293.535    0.00074    6.65750    9.51424  290.22567   15.01330 7.9255e-01     0.5942     0.3660    91.2553 0.0000e+00
        492 197.568887    0.03413     2.0478    122.870     41.388  49825.825    31.5236     8.6013     41.000     8.5889    24.4579     6.5676     9.3857     98.610    286.305    293.308   -0.00015    6.66013    9.51800  290.34052   15.01880 6.9771e-01     0.5724     0.3843    90.8399 0.0000e+00
        498 197.568903    0.03451     2.0707    124.240     42.404  49834.393    31.5261     8.5803     42.000     8.5687    24.4629     6.5548     9.3675     98.374    285.747    292.737   -0.00151    6.66318    9.52235  290.47176   15.02506 6.1013e-01     0.6701     0.4160    90.1244 0.0000e+00
        503 197.568917    0.03484     2.0905    125.431     43.412  49828.782    31.5185     8.5589     43.000     8.5381    24.4602     6.5533     9.3653     98.300    285.684    292.673   -0.00151    6.66669    9.52738  290.62594   15.03246 5.3205e-01     0.6121     0.4304    89.7970 0.0000e+00
        507 197.568930    0.03515     2.1089    126.535     44.416  49841.612    31.5210     8.5187     44.000     8.4881    24.4682     6.5386     9.3443     97.991    285.040    292.014   -0.00277    6.67261    9.53583  290.88152   15.04466 4.6144e-01     0.6280     0.5066    88.1085 0.0000e+00
        513 197.568946    0.03553     2.1320    127.921     45.431  49882.751    31.5387     8.4476     45.000     8.4270    24.4925     6.5117     9.3060     97.445    283.862    290.814   -0.00482    6.68252    9.54999  291.30650   15.06489 3.9509e-01     0.6214     0.6614    84.7626 0.0000e+00
        518 197.568961    0.03589     2.1539    129.233     46.447  49903.850    31.5478     8.4128     46.000     8.3980    24.5048     6.4933     9.2796     97.098    283.053    289.990   -0.00534    6.68736    9.55691  291.51386   15.07476 3.2747e-01     0.5475     0.7757    82.3705 0.0000e+00
        522 197.568973    0.03618     2.1709    130.252     47.443  49916.627    31.5536     8.3946     47.000     8.3831    24.5120     6.4978     9.2860     97.129    283.248    290.191   -0.00391    6.68984    9.56045  291.62003   15.07980 2.7001e-01     0.4968     0.8363    81.1324 0.0000e+00
        527 197.568987    0.03653     2.1919    131.516     48.463  49926.620    31.5577     8.3786     48.000     8.3703    24.5175     6.5004     9.2897     97.136    283.360    290.307   -0.00267    6.69207    9.56364  291.71582   15.08437 2.2463e-01     0.4464     0.8551    80.7520 0.0000e+00
        532 197.569001    0.03684     2.2105    132.630     49.469  49931.968    31.5602     8.3735     49.000     8.3668    24.5202     6.5014     9.2912     97.142    283.404    290.353   -0.00201    6.69273    9.56459  291.74378   15.08569 1.8736e-01     0.4502     0.8525    80.8060 0.0000e+00
        536 197.569012    0.03712     2.2274    133.644     50.479  49931.845    31.5588     8.3681     50.000     8.3602    24.5200     6.5150     9.3106     97.332    283.996    290.960   -0.00055    6.69360    9.56582  291.78138   15.08749 1.5984e-01     0.4579     0.8418    81.0221 0.0000e+00
        540 197.569024    0.03741     2.2449    134.693     51.483  49930.863    31.5567     8.3622     51.000     8.3505    24.5193     6.5162     9.3123     97.335    284.048    291.014   -0.00033    6.69458    9.56723  291.82479   15.08957 1.3835e-01     0.4590     0.8330    81.1997 0.0000e+00
        545 197.569039    0.03777     2.2663    135.981     52.502  49939.029    31.5592     8.3435     52.000     8.3311    24.5239     6.5120     9.3063     97.232    283.863    290.824   -0.00085    6.69730    9.57111  291.94160   15.09514 1.2179e-01     0.4258     0.8100    81.6698 0.0000e+00
        549 197.569052    0.03808     2.2848    137.085     53.506  49936.616    31.5539     8.3229     53.000     8.3029    24.5227     6.5136     9.3087     97.210    283.937    290.900   -0.00094    6.70063    9.57587  292.08728   15.10212 1.0885e-01     0.4103     0.7985    81.9045 0.0000e+00
