CTD-processing/allCTD/CNV/2021_02-16_ab_s04_cast143_5028.cnv
* Sea-Bird SBE19plus Data File:
* FileName = C:\Users\steve\Desktop\GWA CTD\2021_02-16_AlongBay\2021_02-16_AB_S0_cast143.hex
* Software Version 1.59
* Temperature SN =  5028
* Conductivity SN =  5028
* System UpLoad Time = Feb 18 2021 14:53:10
** Cook Inlet LTM AB
** Date: 02-16-2021
** Station:S04
** Start Time (AKST):15:16
** Depth (m):157
** Comment:
** Comment:
# nquan = 27
# nvalues = 141                         
# units = specified
# name 0 = scan: Scan Count
# name 1 = timeJ: Julian Days
# name 2 = timeH: Time, Elapsed [hours]
# name 3 = timeM: Time, Elapsed [minutes]
# name 4 = timeS: Time, Elapsed [seconds]
# name 5 = prdM: Pressure, Strain Gauge [db]
# name 6 = specc: Specific Conductance [uS/cm]
# name 7 = sal00: Salinity, Practical [PSU]
# name 8 = tv290C: Temperature [ITS-90, deg C]
# name 9 = depSM: Depth [salt water, m], lat = 59.00
# name 10 = potemp090C: Potential Temperature [ITS-90, deg C]
# name 11 = sigma-é00: Density [sigma-theta, kg/m^3]
# name 12 = sbeox0ML/L: Oxygen, SBE 43 [ml/l]
# name 13 = sbeox0Mg/L: Oxygen, SBE 43 [mg/l]
# name 14 = sbeox0PS: Oxygen, SBE 43 [% saturation]
# name 15 = sbox0Mm/Kg: Oxygen, SBE 43 [umol/kg]
# name 16 = sbeox0Mm/L: Oxygen, SBE 43 [umol/l]
# name 17 = sbox0dV/dT: Oxygen, SBE 43 [dov/dt]
# name 18 = oxsolML/L: Oxygen Saturation, Garcia & Gordon [ml/l]
# name 19 = oxsolMg/L: Oxygen Saturation, Garcia & Gordon [mg/l]
# name 20 = oxsolMm/Kg: Oxygen Saturation, Garcia & Gordon [umol/kg]
# name 21 = potemp090C: Potential Temperature [ITS-90, deg C]
# name 22 = n2satMg/L: Nitrogen Saturation [mg/l]
# name 23 = par: PAR/Irradiance, Biospherical/Licor
# name 24 = flECO-AFL: Fluorescence, WET Labs ECO-AFL/FL [mg/m^3]
# name 25 = turbWETntu0: Turbidity, WET Labs ECO [NTU]
# name 26 = flag: flag
# span 0 =        269,        927       
# span 1 =  47.636666,  47.638570       
# span 2 =    0.01859,    0.06430       
# span 3 =     1.1153,     3.8580       
# span 4 =     66.916,    231.477       
# span 5 =      1.009,    142.379       
# span 6 =  50764.163,  51004.453       
# span 7 =    31.4980,    31.5875       
# span 8 =     4.7299,     4.7983       
# span 9 =      1.000,    141.000       
# span 10 =     4.7224,     4.7982      
# span 11 =    24.9214,    24.9976      
# span 12 =     6.7286,    11.7324      
# span 13 =     9.6158,    16.7667      
# span 14 =     92.447,    161.173      
# span 15 =    293.190,    511.217      
# span 16 =    300.497,    523.969      
# span 17 =   -0.04517,    0.06998      
# span 18 =    7.27596,    7.28548      
# span 19 =   10.39808,   10.41167      
# span 20 =  317.04279,  317.44232      
# span 21 =     4.7224,     4.7977      
# span 22 =   16.29201,   16.31083      
# span 23 = 3.7976e-02, 1.2409e+02      
# span 24 =     0.3042,     0.4020      
# span 25 =     0.4981,     1.2180      
# span 26 = 0.0000e+00, 0.0000e+00      
# interval = meters: 1                  
# start_time = Feb 16 2021 15:15:41 [Instrument's time stamp, header]
# bad_flag = -9.990e-29
*END*
[from data line 108]
        770  47.638117    0.05342     3.2052    192.310    110.058  50942.200    31.5550     4.7319    109.000     4.7247    24.9742     7.2482    10.3584     99.495    315.817    323.705   -0.00185    7.28496   10.41094  317.41900     4.7242   16.30970 3.7976e-02     0.3445     0.7349 0.0000e+00
        776  47.638132    0.05379     3.2272    193.630    111.068  50945.957    31.5575     4.7336    110.000     4.7270    24.9760     7.2390    10.3453     99.375    315.417    323.295   -0.00191    7.28454   10.41033  317.40000     4.7259   16.30878 3.7976e-02     0.3520     0.7477 0.0000e+00
        781  47.638147    0.05414     3.2482    194.894    112.078  50954.844    31.5639     4.7375    111.000     4.7323    24.9807     7.2356    10.3403     99.341    315.264    323.139   -0.00159    7.28354   10.40890  317.35509     4.7297   16.30662 3.7976e-02     0.3359     0.7500 0.0000e+00
        786  47.638163    0.05451     3.2706    196.235    113.088  50967.062    31.5735     4.7452    112.000     4.7402    24.9875     7.2314    10.3343     99.308    315.079    322.952   -0.00126    7.28172   10.40631  317.27387     4.7373   16.30272 3.7976e-02     0.3223     0.7695 0.0000e+00
        791  47.638177    0.05486     3.2916    197.494    114.098  50972.561    31.5782     4.7516    113.000     4.7450    24.9906     7.2270    10.3282     99.268    314.892    322.761   -0.00114    7.28037   10.40437  317.21388     4.7436   16.29985 3.7976e-02     0.3361     0.7746 0.0000e+00
        796  47.638191    0.05518     3.3110    198.658    115.108  50974.856    31.5798     4.7542    114.000     4.7466    24.9916     7.2228    10.3220     99.216    314.702    322.567   -0.00114    7.27983   10.40360  317.18992     4.7462   16.29870 3.7976e-02     0.3341     0.8186 0.0000e+00
        800  47.638204    0.05551     3.3305    199.831    116.118  50975.907    31.5802     4.7550    115.000     4.7469    24.9919     7.2206    10.3189     99.188    314.608    322.471   -0.00101    7.27967   10.40339  317.18340     4.7469   16.29839 3.7976e-02     0.3330     0.8278 0.0000e+00
        805  47.638218    0.05583     3.3501    201.009    117.128  50977.551    31.5809     4.7551    116.000     4.7470    24.9924     7.2134    10.3086     99.090    314.294    322.149   -0.00126    7.27962   10.40331  317.18081     4.7469   16.29826 3.7976e-02     0.3309     0.8290 0.0000e+00
        810  47.638231    0.05615     3.3693    202.159    118.138  50979.954    31.5821     4.7554    117.000     4.7473    24.9934     7.2107    10.3049     99.055    314.179    322.032   -0.00119    7.27952   10.40316  317.17606     4.7471   16.29803 3.7976e-02     0.3321     0.8419 0.0000e+00
        815  47.638245    0.05650     3.3899    203.394    119.148  50981.835    31.5830     4.7559    118.000     4.7476    24.9940     7.2082    10.3012     99.022    314.069    321.919   -0.00101    7.27939   10.40298  317.17031     4.7475   16.29775 3.7976e-02     0.3325     0.8455 0.0000e+00
        819  47.638259    0.05684     3.4101    204.606    120.158  50983.202    31.5835     4.7562    119.000     4.7479    24.9944     7.2021    10.2926     98.940    313.805    321.648   -0.00123    7.27930   10.40285  317.16625     4.7478   16.29756 3.7976e-02     0.3371     0.8904 0.0000e+00
        824  47.638273    0.05717     3.4304    205.824    121.168  50984.529    31.5839     4.7564    120.000     4.7479    24.9947     7.2020    10.2924     98.938    313.796    321.640   -0.00093    7.27926   10.40279  317.16420     4.7479   16.29746 3.7976e-02     0.3412     0.9148 0.0000e+00
        830  47.638289    0.05754     3.4523    207.135    122.178  50985.775    31.5843     4.7564    121.000     4.7478    24.9951     7.1924    10.2788     98.808    313.383    321.216   -0.00129    7.27923   10.40275  317.16301     4.7478   16.29740 3.7976e-02     0.3328     0.8882 0.0000e+00
        835  47.638303    0.05789     3.4734    208.404    123.187  50986.670    31.5845     4.7565    122.000     4.7478    24.9952     7.1840    10.2667     98.692    313.014    320.837   -0.00158    7.27922   10.40273  317.16245     4.7478   16.29737 3.7976e-02     0.3374     0.9314 0.0000e+00
        839  47.638317    0.05822     3.4932    209.593    124.198  50987.361    31.5844     4.7565    123.000     4.7478    24.9951     7.1870    10.2709     98.733    313.142    320.969   -0.00102    7.27920   10.40271  317.16184     4.7478   16.29735 3.7976e-02     0.3427     0.9777 0.0000e+00
        844  47.638331    0.05856     3.5136    210.816    125.208  50988.166    31.5845     4.7566    124.000     4.7479    24.9952     7.1912    10.2769     98.791    313.326    321.157   -0.00045    7.27918   10.40267  317.16069     4.7479   16.29729 3.7976e-02     0.3326     0.9385 0.0000e+00
        849  47.638345    0.05889     3.5333    211.999    126.218  50988.939    31.5845     4.7567    125.000     4.7479    24.9952     7.1894    10.2744     98.767    313.250    321.079   -0.00050    7.27916   10.40265  317.15995     4.7479   16.29726 3.7976e-02     0.3156     0.9494 0.0000e+00
        854  47.638358    0.05922     3.5528    213.167    127.228  50989.700    31.5846     4.7568    126.000     4.7477    24.9953     7.1834    10.2658     98.685    312.989    320.812   -0.00079    7.27915   10.40263  317.15945     4.7478   16.29723 3.7976e-02     0.3210     0.9920 0.0000e+00
        858  47.638372    0.05953     3.5723    214.336    128.238  50990.796    31.5848     4.7565    127.000     4.7474    24.9954     7.1716    10.2490     98.522    312.474    320.284   -0.00145    7.27919   10.40269  317.16095     4.7475   16.29730 3.7976e-02     0.3149     0.9714 0.0000e+00
        863  47.638386    0.05987     3.5922    215.534    129.249  50991.834    31.5850     4.7564    128.000     4.7472    24.9957     7.1692    10.2455     98.488    312.367    320.175   -0.00133    7.27921   10.40271  317.16175     4.7473   16.29734 3.7976e-02     0.3265     1.0454 0.0000e+00
        868  47.638399    0.06019     3.6114    216.687    130.259  50992.585    31.5850     4.7564    129.000     4.7473    24.9957     7.1735    10.2517     98.548    312.557    320.369   -0.00069    7.27920   10.40270  317.16140     4.7472   16.29732 3.7976e-02     0.3113     1.1029 0.0000e+00
        872  47.638413    0.06052     3.6310    217.857    131.269  50993.447    31.5851     4.7565    130.000     4.7473    24.9958     7.1692    10.2456     98.490    312.370    320.178   -0.00082    7.27917   10.40267  317.16029     4.7473   16.29727 3.7976e-02     0.3042     1.0320 0.0000e+00
        877  47.638427    0.06085     3.6515    219.090    132.279  50994.760    31.5856     4.7567    131.000     4.7474    24.9961     7.1595    10.2316     98.357    311.945    319.742   -0.00129    7.27912   10.40258  317.15757     4.7474   16.29714 3.7976e-02     0.3204     1.0142 0.0000e+00
        882  47.638441    0.06120     3.6718    220.306    133.288  50995.860    31.5859     4.7569    132.000     4.7475    24.9963     7.1552    10.2255     98.298    311.758    319.551   -0.00131    7.27907   10.40252  317.15567     4.7475   16.29705 3.7976e-02     0.3287     0.9874 0.0000e+00
        887  47.638455    0.06154     3.6921    221.525    134.299  50996.704    31.5860     4.7569    133.000     4.7475    24.9964     7.1543    10.2243     98.287    311.722    319.514   -0.00101    7.27906   10.40250  317.15501     4.7475   16.29701 3.7976e-02     0.3045     1.0059 0.0000e+00
        892  47.638469    0.06188     3.7129    222.774    135.308  50998.020    31.5864     4.7570    134.000     4.7476    24.9967     7.1508    10.2191     98.238    311.564    319.352   -0.00103    7.27902   10.40244  317.15307     4.7475   16.29692 3.7976e-02     0.3081     1.0022 0.0000e+00
        897  47.638484    0.06221     3.7328    223.967    136.319  50999.015    31.5867     4.7572    135.000     4.7476    24.9969     7.1512    10.2198     98.245    311.586    319.375   -0.00077    7.27898   10.40239  317.15145     4.7476   16.29684 3.7976e-02     0.3238     1.0291 0.0000e+00
        902  47.638497    0.06254     3.7526    225.155    137.329  50999.871    31.5868     4.7573    136.000     4.7477    24.9970     7.1513    10.2200     98.247    311.590    319.379   -0.00058    7.27895   10.40235  317.15027     4.7476   16.29678 3.7976e-02     0.3215     1.0179 0.0000e+00
        907  47.638512    0.06289     3.7733    226.398    138.339  51000.700    31.5868     4.7574    137.000     4.7476    24.9971     7.1454    10.2115     98.166    311.333    319.115   -0.00086    7.27893   10.40232  317.14933     4.7477   16.29674 3.7976e-02     0.3163     1.0546 0.0000e+00
        912  47.638526    0.06323     3.7942    227.649    139.349  51001.492    31.5869     4.7574    138.000     4.7476    24.9971     7.1425    10.2073     98.126    311.205    318.984   -0.00088    7.27892   10.40231  317.14907     4.7476   16.29673 3.7976e-02     0.3094     1.0897 0.0000e+00
        917  47.638541    0.06359     3.8153    228.916    140.360  51002.334    31.5870     4.7575    139.000     4.7477    24.9972     7.1410    10.2052     98.105    311.139    318.917   -0.00077    7.27890   10.40228  317.14798     4.7477   16.29667 3.7976e-02     0.3089     1.1064 0.0000e+00
        922  47.638555    0.06394     3.8362    230.174    141.370  51003.398    31.5873     4.7576    140.000     4.7477    24.9974     7.1374    10.2001     98.057    310.984    318.758   -0.00082    7.27888   10.40225  317.14694     4.7476   16.29662 3.7976e-02     0.3191     1.2180 0.0000e+00
        927  47.638570    0.06430     3.8580    231.477    142.379  51004.453    31.5875     4.7577    141.000     4.7477    24.9976     7.1313    10.1913     97.973    310.716    318.484   -0.00117    7.27885   10.40220  317.14548     4.7477   16.29655 3.7976e-02     0.3275     1.1088 0.0000e+00
