CTD-processing/allCTD/CNV/2021_02-17_t9_s08_cast168_5028.cnv
* Sea-Bird SBE19plus Data File:
* FileName = C:\Users\steve\Desktop\GWA CTD\2021_02-17_T9\2021_02-17_T9_S0_cast168.hex
* Software Version 1.59
* Temperature SN =  5028
* Conductivity SN =  5028
* System UpLoad Time = Feb 18 2021 15:36:10
** Cook Inlet LTM T4
** Date: 02-17-2021
** Station:S08
** Start Time (AKST):14:36
** Depth (m):94
** Comment:
** Comment:
# nquan = 27
# nvalues = 87                          
# units = specified
# name 0 = scan: Scan Count
# name 1 = timeJ: Julian Days
# name 2 = timeH: Time, Elapsed [hours]
# name 3 = timeM: Time, Elapsed [minutes]
# name 4 = timeS: Time, Elapsed [seconds]
# name 5 = prdM: Pressure, Strain Gauge [db]
# name 6 = specc: Specific Conductance [uS/cm]
# name 7 = sal00: Salinity, Practical [PSU]
# name 8 = tv290C: Temperature [ITS-90, deg C]
# name 9 = depSM: Depth [salt water, m], lat = 59.00
# name 10 = potemp090C: Potential Temperature [ITS-90, deg C]
# name 11 = sigma-é00: Density [sigma-theta, kg/m^3]
# name 12 = sbeox0ML/L: Oxygen, SBE 43 [ml/l]
# name 13 = sbeox0Mg/L: Oxygen, SBE 43 [mg/l]
# name 14 = sbeox0PS: Oxygen, SBE 43 [% saturation]
# name 15 = sbox0Mm/Kg: Oxygen, SBE 43 [umol/kg]
# name 16 = sbeox0Mm/L: Oxygen, SBE 43 [umol/l]
# name 17 = sbox0dV/dT: Oxygen, SBE 43 [dov/dt]
# name 18 = oxsolML/L: Oxygen Saturation, Garcia & Gordon [ml/l]
# name 19 = oxsolMg/L: Oxygen Saturation, Garcia & Gordon [mg/l]
# name 20 = oxsolMm/Kg: Oxygen Saturation, Garcia & Gordon [umol/kg]
# name 21 = potemp090C: Potential Temperature [ITS-90, deg C]
# name 22 = n2satMg/L: Nitrogen Saturation [mg/l]
# name 23 = par: PAR/Irradiance, Biospherical/Licor
# name 24 = flECO-AFL: Fluorescence, WET Labs ECO-AFL/FL [mg/m^3]
# name 25 = turbWETntu0: Turbidity, WET Labs ECO [NTU]
# name 26 = flag: flag
# span 0 =        267,        629       
# span 1 =  48.609310,  48.610357       
# span 2 =    0.01844,    0.04358       
# span 3 =     1.1066,     2.6147       
# span 4 =     66.397,    156.881       
# span 5 =      1.009,     87.840       
# span 6 =  50704.635,  50931.478       
# span 7 =    31.0791,    31.5158       
# span 8 =     3.1836,     4.5522       
# span 9 =      1.000,     87.000       
# span 10 =     3.2395,     4.5462      
# span 11 =    24.7411,    24.9618      
# span 12 =     6.5681,    10.3800      
# span 13 =     9.3864,    14.8341      
# span 14 =     86.540,    140.421      
# span 15 =    286.247,    452.309      
# span 16 =    293.330,    463.571      
# span 17 =   -0.03435,    0.04833      
# span 18 =    7.31851,    7.59016      
# span 19 =   10.45888,   10.84710      
# span 20 =  318.88500,  330.79256      
# span 21 =     3.1836,     4.5462      
# span 22 =   16.37961,   16.94747      
# span 23 = 3.7976e-02, 4.8308e+01      
# span 24 =     0.3186,     0.4333      
# span 25 =     0.6561,     3.1072      
# span 26 = 0.0000e+00, 0.0000e+00      
# interval = meters: 1                  
# start_time = Feb 17 2021 14:36:18 [Instrument's time stamp, header]
# bad_flag = -9.990e-29
*END*
        267  48.609310    0.01844     1.1066     66.397      1.009  50704.635    31.0791     3.1836      1.000     3.2395    24.7411     6.5681     9.3864     86.540    286.247    293.330    0.03062    7.59016   10.84710  330.79256     3.1836   16.94747 4.2150e+01     0.3620     3.1072 0.0000e+00
        271  48.609323    0.01875     1.1248     67.490      2.019  50911.497    31.2658     3.3716      2.000     3.4936    24.8736     6.8028     9.7220     90.171    296.442    303.815    0.04081    7.54544   10.78320  328.80124     3.3715   16.85210 4.3030e+01     0.3612     2.1939 0.0000e+00
        275  48.609334    0.01902     1.1412     68.471      3.028  50854.942    31.2833     3.5983      3.000     3.6662    24.8677     6.9897     9.9890     93.172    304.586    312.160    0.04715    7.50243   10.72173  326.92867     3.5982   16.76304 4.6652e+01     0.3783     1.4781 0.0000e+00
        279  48.609345    0.01929     1.1568     69.411      4.038  50775.583    31.2548     3.7036      4.000     3.7251    24.8356     7.0907    10.1334     94.741    308.998    316.672    0.04519    7.48445   10.69603  326.15521     3.7034   16.72640 4.8308e+01     0.4028     1.2060 0.0000e+00
        283  48.609358    0.01957     1.1745     70.468      5.047  50748.001    31.2441     3.7386      5.000     3.7436    24.8239     7.0787    10.1162     94.654    308.478    316.136    0.03341    7.47855   10.68760  325.90201     3.7383   16.71440 4.4935e+01     0.4238     1.1326 0.0000e+00
        287  48.609368    0.01985     1.1909     71.454      6.057  50749.019    31.2465     3.7481      6.000     3.7519    24.8250     7.0973    10.1427     94.926    309.285    316.963    0.02566    7.47668   10.68493  325.82013     3.7478   16.71050 3.7959e+01     0.4333     1.1302 0.0000e+00
        291  48.609380    0.02012     1.2072     72.430      7.066  50748.833    31.2477     3.7553      7.000     3.7582    24.8252     7.2190    10.3166     96.571    314.589    322.398    0.02769    7.47530   10.68295  325.75983     3.7549   16.70763 3.1244e+01     0.4267     1.1215 0.0000e+00
        295  48.609392    0.02041     1.2246     73.473      8.075  50764.451    31.2601     3.7651      8.000     3.7742    24.8343     7.3521    10.5069     98.384    320.388    328.344    0.02977    7.47288   10.67949  325.65141     3.7646   16.70243 2.5867e+01     0.4260     1.1301 0.0000e+00
        299  48.609404    0.02068     1.2410     74.461      9.085  50768.194    31.2669     3.7850      9.000     3.7937    24.8378     7.5313    10.7631    100.837    328.199    336.351    0.03435    7.46890   10.67380  325.47689     3.7844   16.69410 2.0827e+01     0.4215     1.1279 0.0000e+00
        302  48.609414    0.02092     1.2555     75.331     10.095  50779.538    31.2784     3.8024     10.000     3.8165    24.8453     7.7647    11.0966    104.015    338.366    346.773    0.04306    7.46513   10.66842  325.31041     3.8018   16.68615 1.6781e+01     0.4038     1.1274 0.0000e+00
        306  48.609425    0.02119     1.2715     76.288     11.104  50805.252    31.3035     3.8363     11.000     3.8585    24.8622     7.9737    11.3952    106.921    347.467    356.105    0.04833    7.45768   10.65776  324.98004     3.8356   16.67034 1.3651e+01     0.4011     1.1442 0.0000e+00
        310  48.609437    0.02147     1.2883     77.296     12.114  50770.378    31.2884     3.8744     12.000     3.8745    24.8466     8.1026    11.5795    108.739    353.090    361.863    0.04596    7.45149   10.64893  324.71547     3.8736   16.65782 1.1080e+01     0.3900     1.1532 0.0000e+00
        314  48.609446    0.02173     1.3034     78.202     13.123  50753.905    31.2758     3.8709     13.000     3.8655    24.8369     8.1769    11.6857    109.717    356.331    365.182    0.04064    7.45275   10.65072  324.77341     3.8701   16.66063 8.9503e+00     0.3836     1.1484 0.0000e+00
        318  48.609458    0.02198     1.3190     79.139     14.133  50772.015    31.2865     3.8664     14.000     3.8678    24.8459     8.2158    11.7412    110.234    358.022    366.917    0.03383    7.45304   10.65114  324.78314     3.8655   16.66105 7.2883e+00     0.3652     1.1096 0.0000e+00
        322  48.609470    0.02227     1.3366     80.194     15.142  50771.107    31.2866     3.8711     15.000     3.8710    24.8455     8.2385    11.7737    110.552    359.013    367.932    0.02649    7.45217   10.64991  324.74581     3.8701   16.65927 5.9379e+00     0.3634     1.0928 0.0000e+00
        326  48.609481    0.02255     1.3530     81.181     16.152  50781.628    31.2938     3.8735     16.000     3.8799    24.8510     8.2705    11.8195    110.994    360.406    369.363    0.02202    7.45137   10.64875  324.70875     3.8725   16.65748 4.8162e+00     0.3829     1.1201 0.0000e+00
        330  48.609493    0.02283     1.3696     82.178     17.161  50827.870    31.3307     3.8983     17.000     3.9248    24.8780     8.3276    11.9010    111.856    362.883    371.911    0.02074    7.44500   10.63966  324.42281     3.8972   16.64374 3.9234e+00     0.3800     1.1087 0.0000e+00
        334  48.609506    0.02315     1.3887     83.324     18.171  50843.707    31.3573     3.9668     18.000     3.9928    24.8928     8.4203    12.0334    113.310    366.915    376.048    0.02222    7.43121   10.61995  323.81719     3.9657   16.61483 3.2376e+00     0.3677     1.0431 0.0000e+00
        339  48.609520    0.02346     1.4077     84.464     19.181  50827.788    31.3587     4.0209     19.000     4.0350    24.8888     8.5240    12.1816    114.858    371.436    380.680    0.02388    7.42134   10.60584  323.38824     4.0197   16.59443 2.6884e+00     0.3456     0.9981 0.0000e+00
        343  48.609531    0.02374     1.4245     85.471     20.189  50814.658    31.3553     4.0465     20.000     4.0512    24.8837     8.6291    12.3318    116.343    376.016    385.372    0.02540    7.41687   10.59946  323.19521     4.0452   16.58527 2.2387e+00     0.3450     0.9705 0.0000e+00
        347  48.609542    0.02401     1.4406     86.439     21.199  50807.728    31.3521     4.0550     21.000     4.0546    24.8803     8.7454    12.4981    117.935    381.090    390.572    0.02736    7.41550   10.59749  323.13651     4.0536   16.58249 1.8752e+00     0.3372     0.9614 0.0000e+00
        351  48.609554    0.02430     1.4580     87.482     22.209  50807.684    31.3519     4.0564     22.000     4.0552    24.8800     8.8715    12.6783    119.639    386.585    396.203    0.02896    7.41526   10.59715  323.12610     4.0549   16.58200 1.5693e+00     0.3301     0.9579 0.0000e+00
        355  48.609565    0.02455     1.4735     88.412     23.218  50808.796    31.3523     4.0570     23.000     4.0557    24.8803     8.9950    12.8547    121.305    391.962    401.714    0.03055    7.41511   10.59694  323.11968     4.0556   16.58169 1.3062e+00     0.3375     0.9546 0.0000e+00
        358  48.609576    0.02481     1.4886     89.318     24.228  50810.519    31.3530     4.0572     24.000     4.0561    24.8808     9.1417    13.0644    123.286    398.356    408.267    0.03365    7.41505   10.59684  323.11647     4.0557   16.58153 1.0950e+00     0.3453     0.9637 0.0000e+00
        362  48.609587    0.02510     1.5062     90.374     25.237  50817.891    31.3580     4.0592     25.000     4.0612    24.8845     9.3047    13.2973    125.494    405.456    415.547    0.03622    7.41444   10.59597  323.08862     4.0576   16.58019 9.1704e-01     0.3482     0.9755 0.0000e+00
        366  48.609599    0.02538     1.5228     91.368     26.247  50828.877    31.3673     4.0689     26.000     4.0741    24.8910     9.4462    13.4995    127.441    411.619    421.865    0.03708    7.41222   10.59280  322.99016     4.0673   16.57547 7.6870e-01     0.3440     0.9813 0.0000e+00
        370  48.609610    0.02564     1.5387     92.320     27.257  50826.730    31.3680     4.0806     27.000     4.0830    24.8905     9.5985    13.7173    129.534    418.260    428.670    0.03891    7.41008   10.58974  322.89693     4.0789   16.57103 6.4702e-01     0.3349     0.9424 0.0000e+00
        374  48.609622    0.02593     1.5558     93.350     28.267  50837.412    31.3770     4.0902     28.000     4.0980    24.8968     9.7536    13.9389    131.666    425.015    435.596    0.03999    7.40788   10.58660  322.79927     4.0884   16.56635 5.4518e-01     0.3417     0.9205 0.0000e+00
        379  48.609634    0.02622     1.5734     94.401     29.276  50851.372    31.3919     4.1151     29.000     4.1280    24.9062     9.8840    14.1253    133.520    430.693    441.420    0.03903    7.40266   10.57914  322.56871     4.1132   16.55533 4.5985e-01     0.3390     0.8985 0.0000e+00
        383  48.609646    0.02651     1.5906     95.437     30.286  50842.467    31.3919     4.1432     30.000     4.1502    24.9035    10.0081    14.3027    135.290    436.103    446.963    0.03806    7.39759   10.57190  322.34896     4.1412   16.54488 3.8874e-01     0.3367     0.8752 0.0000e+00
        387  48.609658    0.02680     1.6076     96.457     31.295  50834.939    31.3899     4.1587     31.000     4.1608    24.9004    10.1117    14.4506    136.739    440.618    451.589    0.03592    7.39490   10.56805  322.23261     4.1567   16.53935 3.2878e-01     0.3333     0.9042 0.0000e+00
        391  48.609669    0.02705     1.6233     97.399     32.305  50833.373    31.3899     4.1654     32.000     4.1655    24.8997    10.1912    14.5642    137.837    444.082    455.139    0.03304    7.39370   10.56633  322.18021     4.1633   16.53686 2.7874e-01     0.3228     0.9150 0.0000e+00
        395  48.609681    0.02733     1.6397     98.384     33.314  50832.567    31.3897     4.1689     33.000     4.1676    24.8992    10.2643    14.6687    138.837    447.268    458.404    0.03008    7.39307   10.56544  322.15307     4.1668   16.53557 2.3734e-01     0.3351     0.8993 0.0000e+00
        399  48.609692    0.02762     1.6571     99.424     34.323  50834.154    31.3906     4.1706     34.000     4.1694    24.8998    10.3134    14.7390    139.508    449.408    460.598    0.02577    7.39271   10.56492  322.13733     4.1684   16.53482 2.0220e-01     0.3372     0.8889 0.0000e+00
        402  48.609703    0.02788     1.6725    100.350     35.333  50835.454    31.3915     4.1725     35.000     4.1711    24.9002    10.3463    14.7859    139.959    450.839    462.065    0.02196    7.39233   10.56439  322.12084     4.1703   16.53403 1.7285e-01     0.3242     0.8903 0.0000e+00
        407  48.609715    0.02817     1.6901    101.406     36.343  50836.027    31.3917     4.1741     36.000     4.1725    24.9004    10.3800    14.8341    140.421    452.309    463.571    0.01859    7.39203   10.56395  322.10742     4.1718   16.53339 1.4846e-01     0.3247     0.9006 0.0000e+00
        411  48.609728    0.02847     1.7083    102.500     37.353  50838.310    31.3932     4.1760     37.000     4.1747    24.9014    10.3736    14.8249    140.343    452.028    463.284    0.01321    7.39162   10.56337  322.08938     4.1736   16.53253 1.2770e-01     0.3394     0.8947 0.0000e+00
        415  48.609740    0.02876     1.7256    103.536     38.362  50838.365    31.3932     4.1781     38.000     4.1762    24.9012    10.3496    14.7905    140.025    450.981    462.211    0.00816    7.39125   10.56283  322.07299     4.1756   16.53175 1.1090e-01     0.3353     0.8905 0.0000e+00
        420  48.609753    0.02907     1.7443    104.660     39.372  50839.860    31.3941     4.1794     39.000     4.1779    24.9017    10.3039    14.7254    139.412    448.993    460.174    0.00281    7.39097   10.56243  322.06076     4.1769   16.53116 9.6763e-02     0.3204     0.8881 0.0000e+00
        424  48.609765    0.02936     1.7617    105.705     40.382  50842.483    31.3960     4.1825     40.000     4.1818    24.9030    10.2476    14.6448    138.662    446.537    457.657   -0.00177    7.39031   10.56149  322.03170     4.1799   16.52978 8.5354e-02     0.3256     0.8986 0.0000e+00
        428  48.609777    0.02966     1.7796    106.778     41.391  50841.188    31.3954     4.1859     41.000     4.1840    24.9023    10.1741    14.5397    137.678    443.333    454.374   -0.00628    7.38973   10.56067  322.00671     4.1832   16.52859 7.5954e-02     0.3301     0.9077 0.0000e+00
        432  48.609789    0.02992     1.7955    107.730     42.401  50841.836    31.3958     4.1874     42.000     4.1853    24.9023    10.1001    14.4341    136.683    440.111    451.072   -0.01015    7.38945   10.56026  321.99428     4.1847   16.52800 6.8110e-02     0.3263     0.9213 0.0000e+00
        436  48.609799    0.03019     1.8114    108.681     43.411  50842.774    31.3962     4.1888     43.000     4.1868    24.9025    10.0229    14.3237    135.643    436.744    447.621   -0.01309    7.38917   10.55987  321.98244     4.1860   16.52743 6.1729e-02     0.3235     0.9341 0.0000e+00
        440  48.609812    0.03048     1.8287    109.723     44.420  50845.536    31.3981     4.1910     44.000     4.1897    24.9038     9.9113    14.1643    134.142    431.885    442.640   -0.01729    7.38868   10.55916  321.96030     4.1881   16.52637 5.6578e-02     0.3225     0.8997 0.0000e+00
        444  48.609823    0.03076     1.8460    110.757     45.429  50846.566    31.3990     4.1943     45.000     4.1929    24.9043     9.7842    13.9825    132.432    426.342    436.960   -0.02166    7.38804   10.55824  321.93222     4.1914   16.52503 5.2337e-02     0.3335     0.9125 0.0000e+00
        448  48.609835    0.03105     1.8629    111.776     46.440  50847.815    31.4002     4.1977     46.000     4.1966    24.9048     9.6476    13.7875    130.596    420.395    430.865   -0.02560    7.38736   10.55728  321.90252     4.1948   16.52361 4.8940e-02     0.3373     0.9090 0.0000e+00
        452  48.609848    0.03134     1.8804    112.825     47.450  50847.733    31.4005     4.2012     47.000     4.1993    24.9048     9.5020    13.5793    128.637    414.049    424.361   -0.02900    7.38672   10.55637  321.87499     4.1982   16.52230 4.6147e-02     0.3454     0.9115 0.0000e+00
        456  48.609859    0.03162     1.8972    113.829     48.459  50848.865    31.4013     4.2036     48.000     4.2017    24.9052     9.3648    13.3832    126.786    408.069    418.232   -0.03133    7.38627   10.55572  321.85494     4.2004   16.52135 4.3843e-02     0.3597     0.8966 0.0000e+00
        461  48.609872    0.03193     1.9155    114.932     49.469  50851.027    31.4030     4.2066     49.000     4.2050    24.9062     9.2100    13.1620    124.701    401.322    411.317   -0.03344    7.38565   10.55483  321.82756     4.2034   16.52004 4.1918e-02     0.3621     0.9032 0.0000e+00
        465  48.609883    0.03219     1.9314    115.883     50.478  50853.132    31.4046     4.2098     50.000     4.2084    24.9073     9.0855    12.9841    123.027    395.898    405.758   -0.03432    7.38498   10.55388  321.79820     4.2065   16.51864 4.0374e-02     0.3510     0.8927 0.0000e+00
        469  48.609895    0.03248     1.9486    116.914     51.488  50855.549    31.4068     4.2140     51.000     4.2133    24.9085     8.9604    12.8053    121.346    390.445    400.171   -0.03411    7.38413   10.55266  321.76064     4.2106   16.51684 3.9097e-02     0.3444     0.8938 0.0000e+00
        473  48.609907    0.03278     1.9664    117.983     52.498  50857.535    31.4091     4.2206     52.000     4.2204    24.9098     8.8259    12.6131    119.546    384.585    394.165   -0.03435    7.38283   10.55080  321.70354     4.2172   16.51411 3.8283e-02     0.3363     0.8931 0.0000e+00
        477  48.609920    0.03308     1.9845    119.070     53.507  50857.351    31.4101     4.2273     53.000     4.2267    24.9099     8.7039    12.4388    117.914    379.272    388.720   -0.03354    7.38158   10.54902  321.64926     4.2238   16.51153 3.8019e-02     0.3457     0.8849 0.0000e+00
