CTD-processing/allCTD/CNV/2021_03-23_ab_s05_cast174_5028.cnv
* Sea-Bird SBE19plus Data File:
* FileName = C:\Users\steve\Desktop\GWA CTD\2021_03-23_AB\2021_03-23_AB_S0_cast174.hex
* Software Version 1.59
* Temperature SN =  5028
* Conductivity SN =  5028
* System UpLoad Time = Mar 24 2021 10:59:18
** Cook Inlet LTM AB
** Date: 03-23-2021
** Station:S05
** Start Time (AKDT):13:14
** Depth (m):177
** Comment:
** Comment:
# nquan = 27
# nvalues = 170                         
# units = specified
# name 0 = scan: Scan Count
# name 1 = timeJ: Julian Days
# name 2 = timeH: Time, Elapsed [hours]
# name 3 = timeM: Time, Elapsed [minutes]
# name 4 = timeS: Time, Elapsed [seconds]
# name 5 = prdM: Pressure, Strain Gauge [db]
# name 6 = specc: Specific Conductance [uS/cm]
# name 7 = sal00: Salinity, Practical [PSU]
# name 8 = tv290C: Temperature [ITS-90, deg C]
# name 9 = depSM: Depth [salt water, m], lat = 59.00
# name 10 = potemp090C: Potential Temperature [ITS-90, deg C]
# name 11 = sigma-é00: Density [sigma-theta, kg/m^3]
# name 12 = sbeox0ML/L: Oxygen, SBE 43 [ml/l]
# name 13 = sbeox0Mg/L: Oxygen, SBE 43 [mg/l]
# name 14 = sbeox0PS: Oxygen, SBE 43 [% saturation]
# name 15 = sbox0Mm/Kg: Oxygen, SBE 43 [umol/kg]
# name 16 = sbeox0Mm/L: Oxygen, SBE 43 [umol/l]
# name 17 = sbox0dV/dT: Oxygen, SBE 43 [dov/dt]
# name 18 = oxsolML/L: Oxygen Saturation, Garcia & Gordon [ml/l]
# name 19 = oxsolMg/L: Oxygen Saturation, Garcia & Gordon [mg/l]
# name 20 = oxsolMm/Kg: Oxygen Saturation, Garcia & Gordon [umol/kg]
# name 21 = potemp090C: Potential Temperature [ITS-90, deg C]
# name 22 = n2satMg/L: Nitrogen Saturation [mg/l]
# name 23 = par: PAR/Irradiance, Biospherical/Licor
# name 24 = flECO-AFL: Fluorescence, WET Labs ECO-AFL/FL [mg/m^3]
# name 25 = turbWETntu0: Turbidity, WET Labs ECO [NTU]
# name 26 = flag: flag
# span 0 =        198,       1131       
# span 1 =  82.551855,  82.554554       
# span 2 =    0.01370,    0.07845       
# span 3 =     0.8219,     4.7072       
# span 4 =     49.316,    282.432       
# span 5 =      1.010,    171.676       
# span 6 =  49982.353,  51606.651       
# span 7 =    30.5360,    31.7529       
# span 8 =     2.6378,     3.7866       
# span 9 =      1.000,    170.000       
# span 10 =     2.6972,     3.7764      
# span 11 =    24.3484,    25.2351      
# span 12 =     6.9858,     9.9405      
# span 13 =     9.9834,    14.2060      
# span 14 =     90.440,    131.880      
# span 15 =    304.608,    433.054      
# span 16 =    311.986,    443.942      
# span 17 =   -0.02231,    0.05382      
# span 18 =    7.44504,    7.72939      
# span 19 =   10.63971,   11.04606      
# span 20 =  324.31939,  337.05217      
# span 21 =     2.6377,     3.7762      
# span 22 =   16.63720,   17.24663      
# span 23 = 3.7971e-02, 4.2963e+02      
# span 24 =     0.0446,     2.6743      
# span 25 =     0.3337,     1.7287      
# span 26 = 0.0000e+00, 0.0000e+00      
# interval = meters: 1                  
# start_time = Mar 23 2021 13:13:51 [Instrument's time stamp, header]
# bad_flag = -9.990e-29
*END*
[from data line 162]
       1092  82.554441    0.07575     4.5450    272.700    164.604  51569.898    31.7340     3.7866    163.000     3.7764    25.2100     7.3520    10.5068     98.750    320.267    328.341   -0.00017    7.44504   10.63971  324.31939     3.7762   16.63720 3.7976e-02     0.3941     0.4604 0.0000e+00
       1097  82.554455    0.07609     4.5656    273.936    165.614  51565.139    31.7294     3.7835    164.000     3.7702    25.2068     7.3524    10.5073     98.745    320.284    328.358   -0.00021    7.44582   10.64083  324.35454     3.7731   16.63889 3.7976e-02     0.3780     0.4795 0.0000e+00
       1102  82.554471    0.07648     4.5888    275.325    166.624  51569.638    31.7303     3.7764    165.000     3.7645    25.2081     7.3483    10.5015     98.674    320.107    328.176   -0.00052    7.44708   10.64262  324.40895     3.7659   16.64147 3.7976e-02     0.3879     0.5027 0.0000e+00
       1107  82.554486    0.07684     4.6104    276.621    167.634  51572.893    31.7314     3.7743    166.000     3.7636    25.2092     7.3447    10.4963     98.621    319.948    328.014   -0.00072    7.44741   10.64310  324.42304     3.7637   16.64214 3.7976e-02     0.3812     0.5225 0.0000e+00
       1113  82.554502    0.07721     4.6329    277.972    168.645  51574.160    31.7318     3.7744    167.000     3.7639    25.2095     7.3490    10.5025     98.680    320.137    328.207   -0.00024    7.44737   10.64304  324.42115     3.7638   16.64205 3.7976e-02     0.3756     0.5412 0.0000e+00
       1118  82.554518    0.07760     4.6560    279.358    169.655  51575.091    31.7321     3.7750    168.000     3.7646    25.2097     7.3449    10.4966     98.626    319.958    328.024   -0.00050    7.44724   10.64285  324.41529     3.7643   16.64177 3.7976e-02     0.3848     0.5433 0.0000e+00
       1124  82.554534    0.07798     4.6784    280.706    170.665  51575.253    31.7319     3.7757    169.000     3.7650    25.2094     7.3462    10.4986     98.645    320.017    328.084   -0.00031    7.44713   10.64270  324.41072     3.7650   16.64155 3.7976e-02     0.3894     0.5977 0.0000e+00
       1131  82.554554    0.07845     4.7072    282.432    171.676  51574.258    31.7307     3.7757    170.000     3.7650    25.2085     7.3370    10.4854     98.521    319.616    327.673   -0.00077    7.44717   10.64275  324.41262     3.7650   16.64165 3.7976e-02     0.3851     0.6010 0.0000e+00
