CTD-processing/allCTD/CNV/2021_10-21_t9_s01_cast210_4141.cnv
* Sea-Bird SBE19plus Data File:
* FileName = C:\Users\steve\Desktop\GWA\CTD\2021_10-21_T9\2021_10-21_T9_S0_cast210.hex
* Software Version 1.59
* Temperature SN =  4141
* Conductivity SN =  4141
* System UpLoad Time = Oct 22 2021 15:42:38
** Cook Inlet LTM T9
** Date: 10-21-2021
** Station:S01
** Start Time (AKDT):15:08
** Depth (m):63
** Comment:
** Comment:
# nquan = 27
# nvalues = 48                          
# units = specified
# name 0 = scan: Scan Count
# name 1 = timeJ: Julian Days
# name 2 = timeH: Time, Elapsed [hours]
# name 3 = timeM: Time, Elapsed [minutes]
# name 4 = timeS: Time, Elapsed [seconds]
# name 5 = prdM: Pressure, Strain Gauge [db]
# name 6 = specc: Specific Conductance [uS/cm]
# name 7 = sal00: Salinity, Practical [PSU]
# name 8 = tv290C: Temperature [ITS-90, deg C]
# name 9 = depSM: Depth [salt water, m], lat = 59.00
# name 10 = potemp090C: Potential Temperature [ITS-90, deg C]
# name 11 = sigma-é00: Density [sigma-theta, kg/m^3]
# name 12 = sbeox0ML/L: Oxygen, SBE 43 [ml/l]
# name 13 = sbeox0Mg/L: Oxygen, SBE 43 [mg/l]
# name 14 = sbeox0PS: Oxygen, SBE 43 [% saturation]
# name 15 = sbox0Mm/Kg: Oxygen, SBE 43 [umol/kg]
# name 16 = sbeox0Mm/L: Oxygen, SBE 43 [umol/l]
# name 17 = sbox0dV/dT: Oxygen, SBE 43 [dov/dt]
# name 18 = oxsolML/L: Oxygen Saturation, Garcia & Gordon [ml/l]
# name 19 = oxsolMg/L: Oxygen Saturation, Garcia & Gordon [mg/l]
# name 20 = oxsolMm/Kg: Oxygen Saturation, Garcia & Gordon [umol/kg]
# name 21 = n2satMg/L: Nitrogen Saturation [mg/l]
# name 22 = par: PAR/Irradiance, Biospherical/Licor
# name 23 = wetStar: Fluorescence, WET Labs WETstar [mg/m^3]
# name 24 = CStarAt0: Beam Attenuation, WET Labs C-Star [1/m]
# name 25 = CStarTr0: Beam Transmission, WET Labs C-Star [%]
# name 26 = flag: flag
# span 0 =        312,        558       
# span 1 = 294.631294, 294.632003       
# span 2 =    0.02163,    0.03865       
# span 3 =     1.2974,     2.3188       
# span 4 =     77.844,    139.130       
# span 5 =      1.009,     48.449       
# span 6 =  48656.709,  48975.649       
# span 7 =    30.6745,    30.8976       
# span 8 =     8.2734,     8.4161       
# span 9 =      1.000,     48.000       
# span 10 =     8.2759,     8.4114      
# span 11 =    23.8398,    23.9950      
# span 12 =     5.9309,     6.0159      
# span 13 =     8.4759,     8.5973      
# span 14 =     87.910,     89.262      
# span 15 =    258.707,    262.405      
# span 16 =    264.875,    268.669      
# span 17 =   -0.00901,    0.00083      
# span 18 =    6.71522,    6.74658      
# span 19 =    9.59673,    9.64155      
# span 20 =  292.87431,  294.28675      
# span 21 =   15.14239,   15.21074      
# span 22 = 5.0860e-02, 6.1769e+01      
# span 23 =     0.4049,     0.7773      
# span 24 =     0.5625,     0.7106      
# span 25 =    83.6450,    86.8821      
# span 26 = 0.0000e+00, 0.0000e+00      
# interval = meters: 1                  
# start_time = Oct 21 2021 15:07:46 [Instrument's time stamp, header]
# bad_flag = -9.990e-29
*END*
        312 294.631294    0.02163     1.2974     77.844      1.009  48656.709    30.6745     8.2734      1.000     8.2759    23.8400     5.9309     8.4759     87.910    258.707    264.875   -0.00901    6.74658    9.64155  294.28675   15.21074 6.1769e+01     0.4881     0.7106    83.6450 0.0000e+00
        318 294.631311    0.02201     1.3211     79.264      2.019  48657.233    30.6753     8.2797      2.000     8.2806    23.8398     6.0058     8.5828     89.033    261.972    268.218    0.00037    6.74558    9.64011  294.24308   15.20865 4.7311e+01     0.4711     0.6992    83.9528 0.0000e+00
        324 294.631328    0.02243     1.3458     80.748      3.030  48688.405    30.6973     8.2842      3.000     8.2897    23.8564     5.9984     8.5723     88.945    261.646    267.888   -0.00034    6.74394    9.63776  294.16657   15.20491 3.9779e+01     0.5612     0.6846    84.2695 0.0000e+00
        330 294.631344    0.02282     1.3688     82.126      4.036  48706.730    30.7121     8.3007      4.000     8.3017    23.8656     6.0100     8.5889     89.159    262.150    268.406    0.00083    6.74077    9.63323  294.02567   15.19812 3.3634e+01     0.6031     0.6515    84.9690 0.0000e+00
        335 294.631361    0.02321     1.3929     83.572      5.049  48695.129    30.7032     8.2983      5.000     8.2966    23.8590     6.0095     8.5882     89.142    262.131    268.385    0.00043    6.74152    9.63432  294.06053   15.19982 2.8343e+01     0.5487     0.6650    84.6834 0.0000e+00
        341 294.631377    0.02360     1.4158     84.946      6.056  48701.624    30.7072     8.2981      6.000     8.2981    23.8622     6.0072     8.5849     89.110    262.030    268.282    0.00001    6.74138    9.63410  294.05294   15.19944 2.4303e+01     0.5285     0.6694    84.5901 0.0000e+00
        346 294.631393    0.02397     1.4382     86.293      7.070  48708.595    30.7119     8.2995      7.000     8.3008    23.8657     6.0110     8.5903     89.172    262.195    268.453    0.00030    6.74096    9.63350  294.03386   15.19851 2.0744e+01     0.5359     0.6671    84.6408 0.0000e+00
        351 294.631405    0.02429     1.4572     87.433      8.075  48717.410    30.7184     8.3046      8.000     8.3054    23.8700     6.0074     8.5851     89.132    262.034    268.289   -0.00005    6.73989    9.63198  293.98606   15.19620 1.7630e+01     0.5330     0.6592    84.8073 0.0000e+00
        356 294.631420    0.02462     1.4774     88.644      9.083  48718.783    30.7193     8.3074      9.000     8.3069    23.8704     6.0079     8.5858     89.145    262.056    268.311   -0.00006    6.73942    9.63132  293.96585   15.19523 1.4880e+01     0.5061     0.6540    84.9171 0.0000e+00
        361 294.631435    0.02500     1.4998     89.991     10.097  48714.996    30.7162     8.3069     10.000     8.3056    23.8680     6.0106     8.5898     89.183    262.177    268.435    0.00014    6.73965    9.63163  293.97612   15.19574 1.2537e+01     0.5262     0.6515    84.9707 0.0000e+00
        366 294.631449    0.02533     1.5196     91.176     11.104  48718.062    30.7178     8.3068     11.000     8.3061    23.8694     6.0159     8.5973     89.262    262.405    268.669    0.00038    6.73960    9.63155  293.97322   15.19559 1.0518e+01     0.5302     0.6551    84.8944 0.0000e+00
        370 294.631462    0.02565     1.5392     92.352     12.112  48750.014    30.7406     8.3131     12.000     8.3168    23.8863     6.0087     8.5872     89.182    262.092    268.352   -0.00010    6.73764    9.62877  293.88333   15.19121 8.8581e+00     0.5705     0.6444    85.1190 0.0000e+00
        376 294.631478    0.02603     1.5621     93.725     13.125  48754.556    30.7451     8.3245     13.000     8.3242    23.8882     6.0045     8.5810     89.144    261.904    268.160   -0.00038    6.73570    9.62600  293.79825   15.18713 7.4521e+00     0.6069     0.6184    85.6771 0.0000e+00
        381 294.631493    0.02638     1.5829     94.976     14.132  48761.276    30.7497     8.3266     14.000     8.3272    23.8914     6.0055     8.5824     89.165    261.946    268.204   -0.00018    6.73519    9.62526  293.77482   15.18599 6.2742e+00     0.5535     0.6118    85.8175 0.0000e+00
        386 294.631507    0.02674     1.6039     96.234     15.142  48767.654    30.7543     8.3311     15.000     8.3309    23.8944     6.0074     8.5853     89.207    262.032    268.294    0.00003    6.73430    9.62398  293.73509   15.18407 5.2637e+00     0.5520     0.6016    86.0366 0.0000e+00
        391 294.631523    0.02711     1.6269     97.616     16.151  48769.397    30.7555     8.3341     16.000     8.3325    23.8950     6.0049     8.5816     89.175    261.918    268.177   -0.00019    6.73379    9.62327  293.71295   15.18301 4.4531e+00     0.5851     0.5979    86.1159 0.0000e+00
        397 294.631539    0.02750     1.6499     98.996     17.164  48768.523    30.7544     8.3332     17.000     8.3320    23.8943     6.0038     8.5801     89.158    261.876    268.133   -0.00026    6.73397    9.62352  293.72111   15.18341 3.7396e+00     0.5859     0.5946    86.1871 0.0000e+00
        402 294.631554    0.02786     1.6715    100.290     18.169  48780.491    30.7626     8.3354     18.000     8.3348    23.9004     6.0015     8.5767     89.131    261.769    268.025   -0.00042    6.73329    9.62254  293.68929   15.18185 3.1747e+00     0.5597     0.5908    86.2694 0.0000e+00
        408 294.631571    0.02825     1.6952    101.713     19.179  48788.931    30.7686     8.3385     19.000     8.3378    23.9046     6.0038     8.5800     89.176    261.871    268.131   -0.00005    6.73256    9.62150  293.65647   15.18026 2.6621e+00     0.5973     0.5890    86.3074 0.0000e+00
        414 294.631588    0.02867     1.7204    103.224     20.192  48801.415    30.7775     8.3431     20.000     8.3419    23.9110     6.0079     8.5858     89.251    262.045    268.311    0.00027    6.73145    9.61992  293.60634   15.17783 2.2568e+00     0.6307     0.5822    86.4551 0.0000e+00
        419 294.631604    0.02906     1.7432    104.593     21.195  48804.317    30.7792     8.3441     21.000     8.3431    23.9122     6.0080     8.5860     89.255    262.052    268.318    0.00017    6.73124    9.61961  293.59667   15.17736 1.9085e+00     0.6137     0.5762    86.5840 0.0000e+00
        426 294.631622    0.02950     1.7699    106.197     22.214  48827.261    30.7956     8.3495     22.000     8.3489    23.9242     6.0034     8.5794     89.207    261.846    268.111   -0.00022    6.72969    9.61741  293.52585   15.17391 1.6181e+00     0.6202     0.5680    86.7627 0.0000e+00
        431 294.631638    0.02987     1.7922    107.535     23.216  48822.399    30.7921     8.3511     23.000     8.3486    23.9213     6.0030     8.5789     89.203    261.831    268.094   -0.00016    6.72960    9.61727  293.52262   15.17377 1.3694e+00     0.6529     0.5625    86.8821 0.0000e+00
        436 294.631653    0.03023     1.8138    108.831     24.230  48842.329    30.8056     8.3518     24.000     8.3505    23.9318     6.0000     8.5746     89.167    261.696    267.960   -0.00047    6.72891    9.61629  293.48955   15.17214 1.1601e+00     0.7373     0.5700    86.7180 0.0000e+00
        441 294.631668    0.03058     1.8346    110.077     25.238  48849.268    30.8102     8.3534     25.000     8.3513    23.9352     6.0001     8.5747     89.175    261.700    267.964   -0.00027    6.72846    9.61564  293.46867   15.17112 9.8722e-01     0.6922     0.5869    86.3529 0.0000e+00
        446 294.631682    0.03092     1.8551    111.305     26.246  48851.727    30.8117     8.3543     26.000     8.3520    23.9362     5.9946     8.5668     89.095    261.458    267.716   -0.00077    6.72827    9.61537  293.46030   15.17072 8.2965e-01     0.7648     0.5978    86.1175 0.0000e+00
        451 294.631696    0.03126     1.8755    112.531     27.257  48851.787    30.8113     8.3546     27.000     8.3519    23.9360     5.9926     8.5640     89.067    261.374    267.629   -0.00067    6.72823    9.61531  293.45848   15.17063 7.0058e-01     0.7374     0.6059    85.9438 0.0000e+00
        456 294.631710    0.03160     1.8960    113.761     28.265  48854.715    30.8129     8.3543     28.000     8.3514    23.9372     5.9896     8.5598     89.023    261.243    267.497   -0.00086    6.72821    9.61529  293.45751   15.17059 5.9119e-01     0.7773     0.6066    85.9287 0.0000e+00
        461 294.631724    0.03194     1.9163    114.981     29.274  48860.075    30.8162     8.3547     29.000     8.3520    23.9398     5.9942     8.5662     89.092    261.438    267.697   -0.00018    6.72801    9.61499  293.44776   15.17010 5.0027e-01     0.7142     0.6176    85.6946 0.0000e+00
        466 294.631740    0.03230     1.9382    116.294     30.288  48862.647    30.8177     8.3553     30.000     8.3534    23.9409     5.9903     8.5606     89.036    261.269    267.524   -0.00055    6.72785    9.61478  293.44072   15.16976 4.1989e-01     0.7180     0.6302    85.4234 0.0000e+00
        471 294.631753    0.03264     1.9582    117.491     31.294  48866.471    30.8203     8.3580     31.000     8.3559    23.9425     5.9893     8.5593     89.030    261.229    267.483   -0.00047    6.72733    9.61403  293.41724   15.16863 3.5585e-01     0.7413     0.6342    85.3395 0.0000e+00
        476 294.631768    0.03299     1.9790    118.740     32.306  48867.156    30.8206     8.3598     32.000     8.3571    23.9425     5.9872     8.5562     89.001    261.134    267.386   -0.00052    6.72705    9.61363  293.40521   15.16805 3.0081e-01     0.6486     0.6266    85.5012 0.0000e+00
        481 294.631782    0.03332     1.9996    119.974     33.314  48876.516    30.8271     8.3627     33.000     8.3633    23.9472     5.9841     8.5518     88.965    260.999    267.249   -0.00065    6.72632    9.61258  293.37184   15.16643 2.5296e-01     0.6392     0.6287    85.4556 0.0000e+00
        486 294.631797    0.03369     2.0214    121.284     34.326  48882.690    30.8327     8.3743     34.000     8.3739    23.9500     5.9879     8.5573     89.049    261.165    267.421   -0.00002    6.72431    9.60972  293.28372   15.16220 1.9067e-01     0.6282     0.6135    85.7796 0.0000e+00
        491 294.631811    0.03402     2.0410    122.461     35.334  48877.951    30.8295     8.3780     35.000     8.3744    23.9470     5.9764     8.5410     88.884    260.667    266.909   -0.00089    6.72390    9.60913  293.26655   15.16139 1.7816e-01     0.5996     0.6093    85.8705 0.0000e+00
        495 294.631824    0.03434     2.0604    123.621     36.340  48888.769    30.8366     8.3775     36.000     8.3737    23.9525     5.9769     8.5415     88.894    260.685    266.929   -0.00074    6.72365    9.60877  293.25426   15.16078 1.5498e-01     0.5765     0.6248    85.5397 0.0000e+00
        501 294.631840    0.03473     2.0837    125.021     37.356  48902.693    30.8458     8.3775     37.000     8.3749    23.9598     5.9802     8.5463     88.948    260.828    267.077   -0.00021    6.72325    9.60820  293.23454   15.15980 1.3460e-01     0.5955     0.6450    85.1076 0.0000e+00
        506 294.631854    0.03506     2.1034    126.204     38.361  48933.299    30.8678     8.3840     38.000     8.3864    23.9761     5.9732     8.5363     88.870    260.518    266.764   -0.00061    6.72131    9.60542  293.14526   15.15545 1.1644e-01     0.5829     0.6835    84.2936 0.0000e+00
        511 294.631868    0.03541     2.1242    127.453     39.373  48938.856    30.8731     8.3967     39.000     8.3951    23.9784     5.9698     8.5314     88.847    260.367    266.610   -0.00065    6.71914    9.60233  293.05011   15.15088 1.0204e-01     0.5470     0.6820    84.3251 0.0000e+00
        516 294.631884    0.03576     2.1457    128.742     40.378  48944.876    30.8776     8.4015     40.000     8.3992    23.9812     5.9675     8.5282     88.826    260.266    266.508   -0.00059    6.71824    9.60104  293.00989   15.14894 9.0598e-02     0.6042     0.6682    84.6172 0.0000e+00
        522 294.631900    0.03616     2.1696    130.178     41.395  48946.921    30.8791     8.4052     41.000     8.4020    23.9819     5.9631     8.5219     88.768    260.075    266.312   -0.00072    6.71761    9.60013  292.98209   15.14761 8.1287e-02     0.4990     0.6572    84.8489 0.0000e+00
        526 294.631914    0.03649     2.1895    131.371     42.399  48951.188    30.8821     8.4079     42.000     8.4043    23.9839     5.9489     8.5016     88.565    259.457    265.680   -0.00164    6.71706    9.59936  292.95794   15.14644 7.3691e-02     0.5026     0.6506    84.9877 0.0000e+00
        532 294.631929    0.03685     2.2111    132.668     43.411  48956.534    30.8856     8.4095     43.000     8.4065    23.9864     5.9478     8.4999     88.552    259.406    265.627   -0.00137    6.71668    9.59881  292.94039   15.14559 6.7928e-02     0.4526     0.6481    85.0429 0.0000e+00
        537 294.631944    0.03720     2.2322    133.935     44.420  48961.245    30.8889     8.4126     44.000     8.4091    23.9886     5.9514     8.5052     88.615    259.565    265.792   -0.00060    6.71606    9.59793  292.91276   15.14426 6.2858e-02     0.4543     0.6302    85.4247 0.0000e+00
        542 294.631959    0.03756     2.2535    135.210     45.430  48964.808    30.8913     8.4149     45.000     8.4110    23.9901     5.9489     8.5015     88.583    259.451    265.676   -0.00065    6.71560    9.59726  292.89213   15.14326 5.8521e-02     0.5199     0.6162    85.7244 0.0000e+00
        547 294.631973    0.03792     2.2748    136.491     46.437  48965.270    30.8913     8.4158     46.000     8.4114    23.9900     5.9505     8.5039     88.609    259.523    265.749   -0.00038    6.71546    9.59707  292.88634   15.14298 5.5979e-02     0.4748     0.6069    85.9224 0.0000e+00
        553 294.631990    0.03830     2.2979    137.876     47.451  48967.986    30.8928     8.4161     47.000     8.4113    23.9911     5.9464     8.4980     88.549    259.344    265.566   -0.00063    6.71536    9.59692  292.88146   15.14275 5.2717e-02     0.4859     0.6033    86.0000 0.0000e+00
        558 294.632003    0.03865     2.3188    139.130     48.449  48975.649    30.8976     8.4156     48.000     8.4110    23.9950     5.9497     8.5028     88.601    259.491    265.716   -0.00014    6.71522    9.59673  292.87431   15.14239 5.0860e-02     0.4049     0.6202    85.6371 0.0000e+00
