CTD-processing/allCTD/CNV/2021_01-13_t9_s04_cast120_5028.cnv
* Sea-Bird SBE19plus Data File:
* FileName = C:\Users\steve\Desktop\GWA CTD\2021_01-13_T9\2020_12-28_T9_S0_cast120.hex
* Software Version 1.59
* Temperature SN =  5028
* Conductivity SN =  5028
* System UpLoad Time = Jan 14 2021 15:13:14
** Cook Inlet LTM T9
** Date: 01-13-2020
** Station:S04
** Start Time (AKST):14:36
** Depth (m):99
** Comment:
** Comment:
# nquan = 27
# nvalues = 91                          
# units = specified
# name 0 = scan: Scan Count
# name 1 = timeJ: Julian Days
# name 2 = timeH: Time, Elapsed [hours]
# name 3 = timeM: Time, Elapsed [minutes]
# name 4 = timeS: Time, Elapsed [seconds]
# name 5 = prdM: Pressure, Strain Gauge [db]
# name 6 = specc: Specific Conductance [uS/cm]
# name 7 = sal00: Salinity, Practical [PSU]
# name 8 = tv290C: Temperature [ITS-90, deg C]
# name 9 = depSM: Depth [salt water, m], lat = 59.00
# name 10 = potemp090C: Potential Temperature [ITS-90, deg C]
# name 11 = sigma-é00: Density [sigma-theta, kg/m^3]
# name 12 = sbeox0ML/L: Oxygen, SBE 43 [ml/l]
# name 13 = sbeox0Mg/L: Oxygen, SBE 43 [mg/l]
# name 14 = sbeox0PS: Oxygen, SBE 43 [% saturation]
# name 15 = sbox0Mm/Kg: Oxygen, SBE 43 [umol/kg]
# name 16 = sbeox0Mm/L: Oxygen, SBE 43 [umol/l]
# name 17 = sbox0dV/dT: Oxygen, SBE 43 [dov/dt]
# name 18 = oxsolML/L: Oxygen Saturation, Garcia & Gordon [ml/l]
# name 19 = oxsolMg/L: Oxygen Saturation, Garcia & Gordon [mg/l]
# name 20 = oxsolMm/Kg: Oxygen Saturation, Garcia & Gordon [umol/kg]
# name 21 = potemp090C: Potential Temperature [ITS-90, deg C]
# name 22 = n2satMg/L: Nitrogen Saturation [mg/l]
# name 23 = par: PAR/Irradiance, Biospherical/Licor
# name 24 = flECO-AFL: Fluorescence, WET Labs ECO-AFL/FL [mg/m^3]
# name 25 = turbWETntu0: Turbidity, WET Labs ECO [NTU]
# name 26 = flag: flag
# span 0 =        284,        674       
# span 1 =  13.609035,  13.610166       
# span 2 =    0.01962,    0.04676       
# span 3 =     1.1771,     2.8054       
# span 4 =     70.629,    168.322       
# span 5 =      1.009,     91.879       
# span 6 =  50076.145,  50236.246       
# span 7 =    31.1263,    31.3052       
# span 8 =     5.2555,     5.8097       
# span 9 =      1.000,     91.000       
# span 10 =     5.2584,     5.8025      
# span 11 =    24.5779,    24.6574      
# span 12 =     5.9953,     9.9179      
# span 13 =     8.5679,    14.1736      
# span 14 =     83.098,    138.566      
# span 15 =    261.328,    432.293      
# span 16 =    267.750,    442.933      
# span 17 =   -0.03289,    0.06641      
# span 18 =    7.11208,    7.21481      
# span 19 =   10.16388,   10.31067      
# span 20 =  309.98257,  314.48387      
# span 21 =     5.2555,     5.8025      
# span 22 =   15.95668,   16.17174      
# span 23 = 3.7976e-02, 2.4315e+01      
# span 24 =     0.2395,     0.2799      
# span 25 =     0.6233,     1.0770      
# span 26 = 0.0000e+00, 0.0000e+00      
# interval = meters: 1                  
# start_time = Jan 13 2021 14:35:50 [Instrument's time stamp, header]
# bad_flag = -9.990e-29
*END*
[from data line 54]
        517  13.609710    0.03580     2.1482    128.892     55.526  50167.531    31.2489     5.6782     55.000     5.6752    24.6278     9.1179    13.0304    127.757    397.418    407.206   -0.02613    7.13688   10.19932  311.07211     5.6739   16.00880 3.7976e-02     0.2512     0.8385 0.0000e+00
        521  13.609723    0.03614     2.1684    130.104     56.536  50169.514    31.2504     5.6813     56.000     5.6785    24.6287     8.9685    12.8168    125.674    390.905    400.532   -0.02907    7.13627   10.19845  311.04538     5.6770   16.00752 3.7976e-02     0.2533     0.7944 0.0000e+00
        526  13.609737    0.03647     2.1879    131.273     57.546  50170.615    31.2513     5.6849     57.000     5.6818    24.6290     8.8215    12.6068    123.626    384.498    393.968   -0.03127    7.13564   10.19754  311.01760     5.6804   16.00619 3.7976e-02     0.2589     0.7909 0.0000e+00
        531  13.609750    0.03678     2.2068    132.407     58.556  50175.600    31.2551     5.6885     58.000     5.6871    24.6315     8.6806    12.4055    121.665    378.356    387.676   -0.03260    7.13484   10.19639  310.98194     5.6841   16.00447 3.7976e-02     0.2686     0.7655 0.0000e+00
        535  13.609762    0.03705     2.2233    133.395     59.566  50180.155    31.2590     5.6953     59.000     5.6945    24.6339     8.5663    12.2420    120.085    373.373    382.570   -0.03289    7.13351   10.19450  310.92318     5.6907   16.00166 3.7976e-02     0.2688     0.7736 0.0000e+00
        539  13.609773    0.03733     2.2398    134.390     60.575  50181.553    31.2610     5.7024     60.000     5.7009    24.6346     8.4585    12.0880    118.595    368.674    377.756   -0.03238    7.13222   10.19265  310.86662     5.6978   15.99896 3.7976e-02     0.2585     0.7887 0.0000e+00
        543  13.609785    0.03762     2.2573    135.437     61.585  50189.873    31.2677     5.7098     61.000     5.7108    24.6391     8.3390    11.9172    116.946    363.464    372.419   -0.03245    7.13065   10.19042  310.79715     5.7051   15.99562 3.7976e-02     0.2515     0.7848 0.0000e+00
        547  13.609797    0.03792     2.2747    136.483     62.595  50195.834    31.2739     5.7228     62.000     5.7238    24.6425     8.2196    11.7466    115.311    358.258    367.087   -0.03246    7.12817   10.18687  310.68786     5.7180   15.99039 3.7976e-02     0.2489     0.8097 0.0000e+00
        551  13.609809    0.03820     2.2920    137.521     63.604  50199.779    31.2784     5.7345     63.000     5.7345    24.6448     8.1072    11.5860    113.770    353.361    362.069   -0.03207    7.12599   10.18375  310.59223     5.7295   15.98582 3.7976e-02     0.2584     0.8295 0.0000e+00
        555  13.609822    0.03849     2.3098    138.588     64.614  50200.419    31.2803     5.7439     64.000     5.7418    24.6451     7.9974    11.4291    112.255    348.574    357.165   -0.03132    7.12431   10.18135  310.51905     5.7390   15.98233 3.7976e-02     0.2515     0.8314 0.0000e+00
        560  13.609834    0.03880     2.3278    139.671     65.624  50202.930    31.2827     5.7498     65.000     5.7474    24.6464     7.8861    11.2700    110.710    343.721    352.192   -0.03085    7.12321   10.17977  310.47039     5.7447   15.97999 3.7976e-02     0.2416     0.8199 0.0000e+00
        564  13.609848    0.03912     2.3470    140.817     66.634  50206.737    31.2862     5.7568     66.000     5.7552    24.6484     7.7839    11.1239    109.296    339.266    347.628   -0.02944    7.12185   10.17784  310.41082     5.7516   15.97715 3.7976e-02     0.2432     0.7971 0.0000e+00
        569  13.609861    0.03944     2.3661    141.968     67.643  50205.768    31.2866     5.7641     67.000     5.7611    24.6478     7.6950    10.9968    108.065    335.388    343.655   -0.02736    7.12061   10.17607  310.35714     5.7588   15.97459 3.7976e-02     0.2607     0.7686 0.0000e+00
        573  13.609874    0.03974     2.3845    143.072     68.653  50206.937    31.2879     5.7691     68.000     5.7660    24.6482     7.6228    10.8937    107.065    332.243    340.432   -0.02502    7.11972   10.17479  310.31786     5.7638   15.97271 3.7976e-02     0.2583     0.7503 0.0000e+00
        578  13.609886    0.04004     2.4025    144.152     69.663  50210.759    31.2911     5.7747     69.000     5.7728    24.6502     7.5642    10.8100    106.259    329.690    337.816   -0.02238    7.11862   10.17322  310.26920     5.7693   15.97038 3.7976e-02     0.2545     0.7536 0.0000e+00
        582  13.609898    0.04034     2.4200    145.199     70.673  50214.768    31.2951     5.7828     70.000     5.7823    24.6523     7.5146    10.7391    105.586    327.527    335.602   -0.02000    7.11707   10.17101  310.20109     5.7773   15.96712 3.7976e-02     0.2407     0.7132 0.0000e+00
        586  13.609910    0.04062     2.4371    146.225     71.682  50212.478    31.2949     5.7925     71.000     5.7894    24.6511     7.4738    10.6808    105.036    325.749    333.779   -0.01767    7.11545   10.16869  310.13098     5.7869   15.96378 3.7976e-02     0.2533     0.7022 0.0000e+00
        590  13.609922    0.04090     2.4541    147.248     72.692  50210.589    31.2938     5.7961     72.000     5.7914    24.6499     7.4347    10.6250    104.495    324.047    332.035   -0.01594    7.11489   10.16790  310.10703     5.7904   15.96264 3.7976e-02     0.2620     0.6387 0.0000e+00
        594  13.609934    0.04120     2.4719    148.312     73.702  50211.137    31.2940     5.7980     73.000     5.7929    24.6499     7.3917    10.5634    103.895    322.170    330.111   -0.01478    7.11456   10.16742  310.09249     5.7923   15.96195 3.7976e-02     0.2593     0.6233 0.0000e+00
        598  13.609946    0.04149     2.4896    149.374     74.712  50213.933    31.2958     5.7995     74.000     5.7946    24.6511     7.3487    10.5019    103.296    320.297    328.192   -0.01403    7.11423   10.16694  310.07756     5.7937   15.96123 3.7976e-02     0.2681     0.6660 0.0000e+00
        603  13.609958    0.04179     2.5070    150.418     75.722  50215.511    31.2968     5.8016     75.000     5.7963    24.6516     7.3239    10.4666    102.953    319.218    327.087   -0.01219    7.11384   10.16638  310.06044     5.7956   15.96041 3.7976e-02     0.2612     0.7149 0.0000e+00
        607  13.609971    0.04209     2.5255    151.527     76.731  50217.330    31.2979     5.8029     76.000     5.7976    24.6523     7.2937    10.4234    102.532    317.898    325.735   -0.01090    7.11355   10.16597  310.04770     5.7970   15.95980 3.7976e-02     0.2548     0.7514 0.0000e+00
        612  13.609985    0.04241     2.5446    152.677     77.741  50218.978    31.2988     5.8044     77.000     5.7989    24.6528     7.2517    10.3634    101.946    316.068    323.860   -0.01086    7.11325   10.16554  310.03436     5.7984   15.95917 3.7976e-02     0.2606     0.7072 0.0000e+00
        616  13.609998    0.04272     2.5633    153.801     78.751  50219.417    31.2989     5.8052     78.000     5.7994    24.6528     7.2222    10.3212    101.533    314.783    322.544   -0.01004    7.11312   10.16535  310.02859     5.7991   15.95889 3.7976e-02     0.2612     0.6926 0.0000e+00
        621  13.610011    0.04304     2.5825    154.952     79.761  50221.623    31.3001     5.8061     79.000     5.8004    24.6537     7.1964    10.2844    101.174    313.659    321.391   -0.00902    7.11291   10.16506  310.01939     5.8000   15.95845 3.7976e-02     0.2510     0.7295 0.0000e+00
        626  13.610025    0.04338     2.6031    156.184     80.771  50222.007    31.3000     5.8070     80.000     5.8009    24.6535     7.1624    10.2358    100.698    312.175    319.871   -0.00874    7.11276   10.16484  310.01281     5.8008   15.95813 3.7976e-02     0.2555     0.7664 0.0000e+00
        631  13.610039    0.04372     2.6230    157.382     81.781  50222.451    31.2999     5.8073     81.000     5.8010    24.6534     7.1338    10.1949    100.296    310.930    318.595   -0.00830    7.11272   10.16479  310.01128     5.8010   15.95806 3.7976e-02     0.2706     0.7452 0.0000e+00
        635  13.610052    0.04403     2.6419    158.516     82.791  50222.775    31.2997     5.8073     82.000     5.8009    24.6532     7.1166    10.1703    100.054    310.181    317.828   -0.00724    7.11272   10.16479  310.01137     5.8009   15.95807 3.7976e-02     0.2667     0.7520 0.0000e+00
        639  13.610065    0.04433     2.6597    159.580     83.800  50223.302    31.2996     5.8074     83.000     5.8009    24.6532     7.1035    10.1516     99.870    309.609    317.241   -0.00634    7.11271   10.16478  310.01109     5.8009   15.95805 3.7976e-02     0.2521     0.7186 0.0000e+00
        643  13.610076    0.04461     2.6768    160.608     84.810  50225.372    31.3005     5.8076     84.000     5.8012    24.6539     7.0999    10.1464     99.820    309.449    317.078   -0.00501    7.11264   10.16468  310.00775     5.8010   15.95789 3.7976e-02     0.2556     0.7071 0.0000e+00
        648  13.610089    0.04491     2.6945    161.671     85.820  50229.583    31.3031     5.8081     85.000     5.8018    24.6559     7.0925    10.1359     99.720    309.131    316.753   -0.00414    7.11243   10.16437  309.99781     5.8015   15.95741 3.7976e-02     0.2698     0.7687 0.0000e+00
        652  13.610101    0.04521     2.7125    162.748     86.830  50231.192    31.3038     5.8087     86.000     5.8021    24.6564     7.0752    10.1112     99.478    308.376    315.978   -0.00431    7.11230   10.16419  309.99202     5.8020   15.95713 3.7976e-02     0.2546     0.8926 0.0000e+00
        656  13.610114    0.04550     2.7302    163.811     87.841  50233.341    31.3049     5.8090     87.000     5.8024    24.6572     7.0564    10.0842     99.215    307.554    315.138   -0.00459    7.11219   10.16403  309.98696     5.8022   15.95688 3.7976e-02     0.2486     0.9376 0.0000e+00
        660  13.610126    0.04579     2.7478    164.870     88.850  50234.295    31.3051     5.8094     88.000     5.8025    24.6574     7.0391    10.0596     98.973    306.803    314.368   -0.00471    7.11213   10.16394  309.98410     5.8025   15.95675 3.7976e-02     0.2547     0.9681 0.0000e+00
        665  13.610138    0.04610     2.7659    165.956     89.860  50235.035    31.3052     5.8094     89.000     5.8025    24.6574     7.0241    10.0381     98.762    306.146    313.695   -0.00458    7.11211   10.16392  309.98359     5.8024   15.95672 3.7976e-02     0.2726     0.9770 0.0000e+00
        669  13.610151    0.04642     2.7848    167.090     90.869  50235.702    31.3052     5.8096     90.000     5.8025    24.6574     7.0071    10.0138     98.523    305.405    312.936   -0.00458    7.11209   10.16389  309.98268     5.8025   15.95668 3.7976e-02     0.2683     0.9809 0.0000e+00
        674  13.610166    0.04676     2.8054    168.322     91.879  50236.246    31.3051     5.8097     91.000     5.8024    24.6573     6.9958     9.9977     98.365    304.913    312.431   -0.00416    7.11208   10.16388  309.98257     5.8025   15.95668 3.7976e-02     0.2790     0.9762 0.0000e+00
