CTD-processing/allCTD/CNV/2021_02-16_t7_s23_cast137_5028.cnv
* Sea-Bird SBE19plus Data File:
* FileName = C:\Users\steve\Desktop\GWA CTD\2021_02-16_T7\2021_02-16_T7_S_cast137.hex
* Software Version 1.59
* Temperature SN =  5028
* Conductivity SN =  5028
* System UpLoad Time = Feb 18 2021 14:40:19
** Cook Inlet LTM T7
** Date: 02-16-2021
** Station:S23
** Start Time (AKST):13:36
** Depth (m):55
** Comment:
** Comment:
# nquan = 27
# nvalues = 49                          
# units = specified
# name 0 = scan: Scan Count
# name 1 = timeJ: Julian Days
# name 2 = timeH: Time, Elapsed [hours]
# name 3 = timeM: Time, Elapsed [minutes]
# name 4 = timeS: Time, Elapsed [seconds]
# name 5 = prdM: Pressure, Strain Gauge [db]
# name 6 = specc: Specific Conductance [uS/cm]
# name 7 = sal00: Salinity, Practical [PSU]
# name 8 = tv290C: Temperature [ITS-90, deg C]
# name 9 = depSM: Depth [salt water, m], lat = 59.00
# name 10 = potemp090C: Potential Temperature [ITS-90, deg C]
# name 11 = sigma-é00: Density [sigma-theta, kg/m^3]
# name 12 = sbeox0ML/L: Oxygen, SBE 43 [ml/l]
# name 13 = sbeox0Mg/L: Oxygen, SBE 43 [mg/l]
# name 14 = sbeox0PS: Oxygen, SBE 43 [% saturation]
# name 15 = sbox0Mm/Kg: Oxygen, SBE 43 [umol/kg]
# name 16 = sbeox0Mm/L: Oxygen, SBE 43 [umol/l]
# name 17 = sbox0dV/dT: Oxygen, SBE 43 [dov/dt]
# name 18 = oxsolML/L: Oxygen Saturation, Garcia & Gordon [ml/l]
# name 19 = oxsolMg/L: Oxygen Saturation, Garcia & Gordon [mg/l]
# name 20 = oxsolMm/Kg: Oxygen Saturation, Garcia & Gordon [umol/kg]
# name 21 = potemp090C: Potential Temperature [ITS-90, deg C]
# name 22 = n2satMg/L: Nitrogen Saturation [mg/l]
# name 23 = par: PAR/Irradiance, Biospherical/Licor
# name 24 = flECO-AFL: Fluorescence, WET Labs ECO-AFL/FL [mg/m^3]
# name 25 = turbWETntu0: Turbidity, WET Labs ECO [NTU]
# name 26 = flag: flag
# span 0 =        276,        497       
# span 1 =  47.567267,  47.567904       
# span 2 =    0.01912,    0.03441       
# span 3 =     1.1470,     2.0648       
# span 4 =     68.822,    123.887       
# span 5 =      1.009,     49.468       
# span 6 =  50619.618,  50671.946       
# span 7 =    31.4367,    31.4482       
# span 8 =     4.9371,     4.9595       
# span 9 =      1.000,     49.000       
# span 10 =     4.9355,     4.9575      
# span 11 =    24.8560,    24.8659      
# span 12 =     6.6080,    10.7548      
# span 13 =     9.4435,    15.3697      
# span 14 =     91.132,    148.279      
# span 15 =    287.956,    468.658      
# span 16 =    295.113,    480.309      
# span 17 =   -0.03398,    0.04154      
# span 18 =    7.25050,    7.25481      
# span 19 =   10.36169,   10.36785      
# span 20 =  315.95129,  316.14062      
# span 21 =     4.9355,     4.9594      
# span 22 =   16.24029,   16.24933      
# span 23 = 8.0972e-02, 6.6113e+01      
# span 24 =     0.2938,     0.3705      
# span 25 =     0.7778,     0.9592      
# span 26 = 0.0000e+00, 0.0000e+00      
# interval = meters: 1                  
# start_time = Feb 16 2021 13:35:43 [Instrument's time stamp, header]
# bad_flag = -9.990e-29
*END*
        276  47.567267    0.01912     1.1470     68.822      1.009  50619.618    31.4371     4.9595      1.000     4.9575    24.8560     6.6080     9.4435     91.132    287.956    295.113    0.01752    7.25098   10.36237  315.97478     4.9594   16.24144 5.6250e+01     0.3109     0.8093 0.0000e+00
        281  47.567280    0.01946     1.1674     70.043      2.019  50621.231    31.4367     4.9545      2.000     4.9514    24.8561     6.8302     9.7610     94.185    297.637    305.035    0.02831    7.25187   10.36365  316.01375     4.9543   16.24330 4.5530e+01     0.3001     0.8152 0.0000e+00
        286  47.567294    0.01978     1.1867     71.199      3.029  50624.383    31.4368     4.9474      3.000     4.9448    24.8570     6.9405     9.9187     95.691    302.446    309.964    0.02818    7.25309   10.36539  316.06640     4.9472   16.24580 5.0187e+01     0.3096     0.7960 0.0000e+00
        290  47.567307    0.02008     1.2049     72.293      4.038  50627.804    31.4377     4.9430      4.000     4.9416    24.8582     7.0332    10.0512     96.959    306.485    314.103    0.02676    7.25381   10.36642  316.09736     4.9427   16.24727 5.8023e+01     0.3071     0.7778 0.0000e+00
        295  47.567320    0.02041     1.2246     73.478      5.048  50630.848    31.4389     4.9412      5.000     4.9409    24.8594     7.1370    10.1994     98.386    311.007    318.738    0.02628    7.25407   10.36679  316.10836     4.9409   16.24779 6.6108e+01     0.2938     0.7883 0.0000e+00
        300  47.567334    0.02074     1.2444     74.662      6.057  50631.538    31.4390     4.9415      6.000     4.9411    24.8594     7.2419    10.3494     99.833    315.578    323.423    0.02565    7.25401   10.36670  316.10590     4.9411   16.24767 6.6113e+01     0.3159     0.8240 0.0000e+00
        304  47.567348    0.02107     1.2642     75.854      7.066  50633.189    31.4397     4.9418      7.000     4.9418    24.8599     7.4039    10.5809    102.067    322.636    330.657    0.02930    7.25391   10.36657  316.10140     4.9414   16.24745 5.7267e+01     0.3208     0.8266 0.0000e+00
        310  47.567363    0.02143     1.2856     77.134      8.076  50633.373    31.4395     4.9428      8.000     4.9424    24.8597     7.6140    10.8811    104.966    331.793    340.041    0.03461    7.25376   10.36635  316.09490     4.9422   16.24715 4.8571e+01     0.3274     0.8282 0.0000e+00
        315  47.567377    0.02178     1.3065     78.387      9.085  50634.009    31.4396     4.9434      9.000     4.9429    24.8597     7.8255    11.1834    107.883    341.008    349.486    0.03897    7.25365   10.36619  316.09017     4.9428   16.24692 4.0841e+01     0.3562     0.8242 0.0000e+00
        320  47.567392    0.02213     1.3279     79.675     10.094  50633.695    31.4388     4.9432     10.000     4.9420    24.8592     7.9784    11.4020    109.991    347.674    356.317    0.03752    7.25370   10.36627  316.09278     4.9426   16.24705 3.4101e+01     0.3609     0.8245 0.0000e+00
        325  47.567407    0.02248     1.3488     80.927     11.104  50635.247    31.4392     4.9421     11.000     4.9410    24.8596     8.0736    11.5379    111.300    351.819    360.565    0.03257    7.25389   10.36654  316.10078     4.9413   16.24743 2.8820e+01     0.3501     0.8259 0.0000e+00
        330  47.567422    0.02284     1.3703     82.216     12.113  50636.221    31.4392     4.9414     12.000     4.9403    24.8596     8.1444    11.6391    112.274    354.906    363.728    0.02716    7.25402   10.36673  316.10639     4.9405   16.24769 2.4166e+01     0.3581     0.8355 0.0000e+00
        335  47.567435    0.02317     1.3902     83.415     13.123  50637.904    31.4398     4.9412     13.000     4.9405    24.8602     8.2085    11.7307    113.158    357.698    366.590    0.02328    7.25401   10.36671  316.10579     4.9403   16.24766 2.0218e+01     0.3705     0.8640 0.0000e+00
        339  47.567448    0.02348     1.4089     84.534     14.132  50637.055    31.4387     4.9413     14.000     4.9397    24.8593     8.3010    11.8630    114.433    361.732    370.724    0.02318    7.25406   10.36678  316.10815     4.9403   16.24778 1.7179e+01     0.3646     0.8749 0.0000e+00
        344  47.567461    0.02379     1.4271     85.629     15.142  50638.253    31.4388     4.9399     15.000     4.9386    24.8595     8.3961    11.9989    115.740    365.874    374.970    0.02354    7.25428   10.36709  316.11772     4.9389   16.24824 1.4612e+01     0.3551     0.8840 0.0000e+00
        348  47.567473    0.02407     1.4443     86.655     16.152  50639.148    31.4388     4.9395     16.000     4.9381    24.8596     8.4949    12.1401    117.101    370.180    379.383    0.02433    7.25436   10.36720  316.12105     4.9384   16.24839 1.2343e+01     0.3439     0.8429 0.0000e+00
        352  47.567485    0.02437     1.4618     87.708     17.161  50639.906    31.4387     4.9391     17.000     4.9377    24.8596     8.6101    12.3047    118.688    375.202    384.530    0.02606    7.25445   10.36733  316.12488     4.9378   16.24858 1.0393e+01     0.3351     0.8367 0.0000e+00
        356  47.567497    0.02465     1.4790     88.741     18.171  50640.428    31.4386     4.9388     18.000     4.9373    24.8595     8.7360    12.4846    120.421    380.686    390.149    0.02813    7.25450   10.36741  316.12732     4.9375   16.24869 8.7459e+00     0.3427     0.8484 0.0000e+00
        360  47.567510    0.02495     1.4969     89.815     19.180  50640.602    31.4380     4.9381     19.000     4.9364    24.8591     8.8774    12.6867    122.368    386.848    396.465    0.03054    7.25464   10.36761  316.13359     4.9368   16.24900 7.3533e+00     0.3379     0.8282 0.0000e+00
        365  47.567523    0.02527     1.5160     90.961     20.190  50641.729    31.4381     4.9375     20.000     4.9360    24.8593     9.0368    12.9145    124.565    393.797    403.586    0.03303    7.25474   10.36775  316.13765     4.9361   16.24919 6.2129e+00     0.3367     0.8412 0.0000e+00
        369  47.567536    0.02557     1.5344     92.062     21.199  50642.567    31.4382     4.9375     21.000     4.9359    24.8593     9.1968    13.1432    126.770    400.767    410.730    0.03520    7.25475   10.36777  316.13833     4.9359   16.24922 5.2851e+00     0.3404     0.8792 0.0000e+00
        374  47.567548    0.02587     1.5524     93.143     22.208  50642.862    31.4379     4.9373     22.000     4.9355    24.8591     9.3628    13.3803    129.056    407.998    418.141    0.03745    7.25480   10.36783  316.14038     4.9357   16.24932 4.5034e+00     0.3492     0.8816 0.0000e+00
        378  47.567560    0.02617     1.5700     94.202     23.218  50644.224    31.4383     4.9371     23.000     4.9356    24.8595     9.5281    13.6165    131.334    415.201    425.523    0.03924    7.25481   10.36785  316.14062     4.9355   16.24933 3.8375e+00     0.3460     0.8486 0.0000e+00
        382  47.567573    0.02647     1.5882     95.291     24.228  50645.027    31.4384     4.9374     24.000     4.9357    24.8596     9.7027    13.8661    133.742    422.812    433.322    0.04087    7.25476   10.36777  316.13828     4.9357   16.24922 3.2556e+00     0.3431     0.8567 0.0000e+00
        387  47.567587    0.02681     1.6083     96.500     25.238  50646.010    31.4386     4.9375     25.000     4.9357    24.8597     9.8857    14.1276    136.266    430.785    441.494    0.04154    7.25472   10.36772  316.13666     4.9357   16.24914 2.7541e+00     0.3402     0.8804 0.0000e+00
        392  47.567601    0.02715     1.6291     97.744     26.248  50646.866    31.4387     4.9377     26.000     4.9359    24.8598    10.0535    14.3676    138.580    438.100    448.992    0.04052    7.25470   10.36768  316.13550     4.9358   16.24908 2.3352e+00     0.3355     0.8473 0.0000e+00
        397  47.567616    0.02749     1.6494     98.965     27.257  50647.595    31.4389     4.9382     27.000     4.9364    24.8598    10.2014    14.5789    140.621    444.545    455.597    0.03868    7.25459   10.36753  316.13085     4.9363   16.24886 1.9924e+00     0.3310     0.8475 0.0000e+00
        402  47.567629    0.02782     1.6692    100.153     28.266  50648.031    31.4387     4.9383     28.000     4.9365    24.8597    10.3269    14.7581    142.349    450.010    461.197    0.03605    7.25457   10.36751  316.13026     4.9364   16.24883 1.7008e+00     0.3330     0.8677 0.0000e+00
        406  47.567642    0.02812     1.6872    101.234     29.275  50648.909    31.4389     4.9386     29.000     4.9366    24.8598    10.4355    14.9134    143.849    454.746    466.050    0.03381    7.25451   10.36743  316.12782     4.9366   16.24872 1.4458e+00     0.3305     0.8497 0.0000e+00
        410  47.567653    0.02840     1.7043    102.260     30.285  50649.405    31.4388     4.9388     30.000     4.9366    24.8597    10.5394    15.0620    145.282    459.275    470.693    0.03251    7.25449   10.36739  316.12679     4.9367   16.24867 1.2320e+00     0.3405     0.8518 0.0000e+00
        414  47.567666    0.02871     1.7227    103.359     31.295  50650.460    31.4389     4.9388     31.000     4.9367    24.8599    10.6214    15.1792    146.412    462.848    474.354    0.02944    7.25448   10.36739  316.12645     4.9366   16.24865 1.0491e+00     0.3530     0.8588 0.0000e+00
        419  47.567679    0.02903     1.7416    104.495     32.305  50654.501    31.4416     4.9401     32.000     4.9394    24.8618    10.6751    15.2558    147.160    465.186    476.751    0.02491    7.25412   10.36686  316.10998     4.9379   16.24786 8.9515e-01     0.3524     0.9036 0.0000e+00
        423  47.567691    0.02931     1.7585    105.509     33.314  50655.721    31.4427     4.9435     33.000     4.9424    24.8623    10.7113    15.3075    147.671    466.760    478.365    0.02109    7.25348   10.36595  316.08181     4.9411   16.24651 7.6483e-01     0.3429     0.8682 0.0000e+00
        427  47.567703    0.02959     1.7758    106.546     34.324  50654.920    31.4420     4.9456     34.000     4.9433    24.8616    10.7431    15.3528    148.116    468.146    479.785    0.01780    7.25316   10.36548  316.06793     4.9431   16.24586 6.5446e-01     0.3327     0.8672 0.0000e+00
        431  47.567715    0.02989     1.7937    107.620     35.333  50655.275    31.4419     4.9459     35.000     4.9434    24.8614    10.7548    15.3697    148.279    468.658    480.309    0.01380    7.25311   10.36541  316.06578     4.9434   16.24575 5.6043e-01     0.3452     0.8811 0.0000e+00
        436  47.567728    0.03019     1.8111    108.668     36.343  50655.798    31.4417     4.9459     36.000     4.9432    24.8613    10.7508    15.3640    148.223    468.484    480.131    0.00972    7.25312   10.36543  316.06627     4.9433   16.24578 4.8099e-01     0.3439     0.8765 0.0000e+00
        440  47.567740    0.03049     1.8292    109.754     37.352  50656.487    31.4417     4.9458     37.000     4.9431    24.8614    10.7317    15.3367    147.959    467.651    479.278    0.00569    7.25314   10.36546  316.06722     4.9431   16.24582 4.1292e-01     0.3361     0.8661 0.0000e+00
        444  47.567753    0.03078     1.8469    110.812     38.362  50656.743    31.4413     4.9456     38.000     4.9427    24.8611    10.7045    15.2978    147.583    466.465    478.062    0.00210    7.25318   10.36552  316.06916     4.9429   16.24592 3.5479e-01     0.3260     0.8966 0.0000e+00
        449  47.567765    0.03108     1.8651    111.904     39.371  50657.367    31.4412     4.9452     39.000     4.9422    24.8610    10.6694    15.2476    147.098    464.937    476.495   -0.00107    7.25326   10.36564  316.07278     4.9424   16.24609 3.0479e-01     0.3328     0.9154 0.0000e+00
        453  47.567778    0.03140     1.8840    113.041     40.381  50657.784    31.4408     4.9447     40.000     4.9416    24.8608    10.6114    15.1647    146.296    462.409    473.904   -0.00491    7.25336   10.36577  316.07713     4.9419   16.24630 2.6247e-01     0.3398     0.8566 0.0000e+00
        458  47.567791    0.03171     1.9026    114.157     41.391  50658.627    31.4408     4.9443     41.000     4.9412    24.8609    10.5421    15.0657    145.339    459.389    470.810   -0.00860    7.25344   10.36589  316.08054     4.9414   16.24646 2.2647e-01     0.3358     0.8584 0.0000e+00
        462  47.567805    0.03202     1.9216    115.293     42.401  50658.593    31.4402     4.9438     42.000     4.9405    24.8605    10.4614    14.9504    144.225    455.874    467.207   -0.01193    7.25354   10.36604  316.08521     4.9408   16.24668 1.9618e-01     0.3363     0.8707 0.0000e+00
        467  47.567819    0.03237     1.9422    116.531     43.410  50660.246    31.4408     4.9435     43.000     4.9406    24.8609    10.3539    14.7968    142.742    451.190    462.407   -0.01582    7.25357   10.36608  316.08637     4.9405   16.24674 1.7053e-01     0.3337     0.9157 0.0000e+00
        472  47.567834    0.03273     1.9636    117.813     44.420  50660.577    31.4406     4.9437     44.000     4.9405    24.8608    10.2135    14.5961    140.806    445.069    456.134   -0.02068    7.25355   10.36604  316.08527     4.9406   16.24669 1.4839e-01     0.3162     0.9592 0.0000e+00
        477  47.567848    0.03308     1.9846    119.076     45.430  50661.708    31.4409     4.9438     45.000     4.9408    24.8610    10.0680    14.3882    138.802    438.730    449.638   -0.02455    7.25352   10.36600  316.08388     4.9406   16.24662 1.3001e-01     0.3437     0.9118 0.0000e+00
        482  47.567863    0.03342     2.0052    120.310     46.440  50662.610    31.4412     4.9446     46.000     4.9416    24.8612     9.9222    14.1798    136.794    432.374    443.123   -0.02735    7.25337   10.36579  316.07757     4.9413   16.24632 1.1444e-01     0.3526     0.9378 0.0000e+00
        487  47.567876    0.03374     2.0246    121.474     47.449  50667.296    31.4443     4.9465     47.000     4.9451    24.8635     9.7802    13.9769    134.845    426.186    436.782   -0.02945    7.25288   10.36509  316.05537     4.9431   16.24525 1.0152e-01     0.3422     0.9454 0.0000e+00
        492  47.567890    0.03407     2.0439    122.635     48.459  50671.946    31.4482     4.9517     48.000     4.9517    24.8659     9.6268    13.7577    132.750    419.500    429.931   -0.03178    7.25178   10.36352  316.00677     4.9483   16.24292 9.0468e-02     0.3377     0.9438 0.0000e+00
        497  47.567904    0.03441     2.0648    123.887     49.468  50670.101    31.4480     4.9592     49.000     4.9565    24.8650     9.4661    13.5280    130.558    412.500    422.757   -0.03398    7.25050   10.36169  315.95129     4.9557   16.24029 8.0972e-02     0.3351     0.9341 0.0000e+00
