CTD-processing/allCTD/CNV/2021_05-23_ab_s07_cast047_4141.cnv
* Sea-Bird SBE19plus Data File:
* FileName = C:\Users\steve\Desktop\GWA\CTD\2021_05-23_AB\2021_05-23_AB_S0_cast047.hex
* Software Version 1.59
* Temperature SN =  4141
* Conductivity SN =  4141
* System UpLoad Time = May 24 2021 14:21:43
** Cook Inlet LTM AB
** Date: 05-23-2021
** Station:S07
** Start Time (AKDT):12:23
** Depth (m):145
** Comment:
** Comment:
# nquan = 27
# nvalues = 138                         
# units = specified
# name 0 = scan: Scan Count
# name 1 = timeJ: Julian Days
# name 2 = timeH: Time, Elapsed [hours]
# name 3 = timeM: Time, Elapsed [minutes]
# name 4 = timeS: Time, Elapsed [seconds]
# name 5 = prdM: Pressure, Strain Gauge [db]
# name 6 = specc: Specific Conductance [uS/cm]
# name 7 = sal00: Salinity, Practical [PSU]
# name 8 = tv290C: Temperature [ITS-90, deg C]
# name 9 = depSM: Depth [salt water, m], lat = 59.00
# name 10 = potemp090C: Potential Temperature [ITS-90, deg C]
# name 11 = sigma-é00: Density [sigma-theta, kg/m^3]
# name 12 = sbeox0ML/L: Oxygen, SBE 43 [ml/l]
# name 13 = sbeox0Mg/L: Oxygen, SBE 43 [mg/l]
# name 14 = sbeox0PS: Oxygen, SBE 43 [% saturation]
# name 15 = sbox0Mm/Kg: Oxygen, SBE 43 [umol/kg]
# name 16 = sbeox0Mm/L: Oxygen, SBE 43 [umol/l]
# name 17 = sbox0dV/dT: Oxygen, SBE 43 [dov/dt]
# name 18 = oxsolML/L: Oxygen Saturation, Garcia & Gordon [ml/l]
# name 19 = oxsolMg/L: Oxygen Saturation, Garcia & Gordon [mg/l]
# name 20 = oxsolMm/Kg: Oxygen Saturation, Garcia & Gordon [umol/kg]
# name 21 = n2satMg/L: Nitrogen Saturation [mg/l]
# name 22 = par: PAR/Irradiance, Biospherical/Licor
# name 23 = wetStar: Fluorescence, WET Labs WETstar [mg/m^3]
# name 24 = CStarAt0: Beam Attenuation, WET Labs C-Star [1/m]
# name 25 = CStarTr0: Beam Transmission, WET Labs C-Star [%]
# name 26 = flag: flag
# span 0 =        307,        934       
# span 1 = 126.517007, 126.518823       
# span 2 =    0.02122,    0.06481       
# span 3 =     1.2733,     3.8886       
# span 4 =     76.395,    233.315       
# span 5 =      1.020,    139.347       
# span 6 =  48180.216,  51345.867       
# span 7 =    30.1517,    31.7612       
# span 8 =     4.4855,     7.0511       
# span 9 =      1.000,    138.000       
# span 10 =     4.4769,     6.9959      
# span 11 =    23.5955,    25.1633      
# span 12 =     7.2946,     7.9645      
# span 13 =    10.4247,    11.3820      
# span 14 =     99.678,    114.406      
# span 15 =    317.781,    347.494      
# span 16 =    325.777,    355.693      
# span 17 =   -0.02437,    0.00739      
# span 18 =    6.96157,    7.32031      
# span 19 =    9.94878,   10.46146      
# span 20 =  303.73680,  318.92338      
# span 21 =   15.66377,   16.38080      
# span 22 = 3.6802e-02, 7.7450e+02      
# span 23 =     0.1428,     1.9664      
# span 24 =     0.6839,     1.3063      
# span 25 =    72.1388,    84.2830      
# span 26 = 0.0000e+00, 0.0000e+00      
# interval = meters: 1                  
# start_time = May 06 2021 12:23:13 [Instrument's time stamp, header]
# bad_flag = -9.990e-29
*END*
[from data line 54]
        544 126.517695    0.03774     2.2643    135.861     55.529  51214.278    31.7236     4.5339     55.000     4.5299    25.1280     7.3722    10.5356    100.830    321.172    329.243   -0.00059    7.31152   10.44889  318.52858   16.36180 4.0643e-02     0.1652     0.8334    81.1932 0.0000e+00
        549 126.517708    0.03805     2.2829    136.974     56.533  51215.011    31.7235     4.5334     56.000     4.5293    25.1280     7.3700    10.5324    100.798    321.074    329.142   -0.00063    7.31161   10.44903  318.53257   16.36200 3.9731e-02     0.1672     0.8418    81.0220 0.0000e+00
        554 126.517722    0.03838     2.3028    138.170     57.549  51216.060    31.7235     4.5325     57.000     4.5279    25.1281     7.3748    10.5393    100.861    321.284    329.357   -0.00016    7.31177   10.44924  318.53916   16.36231 4.0003e-02     0.1596     0.8422    81.0120 0.0000e+00
        558 126.517735    0.03871     2.3226    139.355     58.555  51218.918    31.7246     4.5311     58.000     4.5269    25.1292     7.3689    10.5308    100.778    321.026    329.093   -0.00058    7.31196   10.44953  318.54744   16.36270 3.9175e-02     0.1993     0.8694    80.4652 0.0000e+00
        563 126.517749    0.03904     2.3421    140.529     59.566  51222.204    31.7263     4.5308     59.000     4.5269    25.1305     7.3703    10.5327    100.797    321.085    329.154   -0.00046    7.31194   10.44950  318.54613   16.36263 3.8968e-02     0.1538     0.8723    80.4075 0.0000e+00
        568 126.517762    0.03936     2.3613    141.678     60.576  51233.969    31.7343     4.5325     60.000     4.5296    25.1367     7.3735    10.5374    100.851    321.223    329.297   -0.00013    7.31124   10.44849  318.51368   16.36105 3.8756e-02     0.1626     0.8749    80.3556 0.0000e+00
        572 126.517776    0.03968     2.3807    142.845     61.585  51235.567    31.7354     4.5349     61.000     4.5310    25.1373     7.3712    10.5342    100.827    321.126    329.198   -0.00023    7.31076   10.44781  318.49265   16.36005 3.8659e-02     0.2070     0.8456    80.9439 0.0000e+00
        577 126.517789    0.04000     2.3999    143.994     62.600  51237.354    31.7363     4.5356     62.000     4.5317    25.1380     7.3674    10.5288    100.777    320.961    329.030   -0.00051    7.31059   10.44757  318.48489   16.35968 3.9179e-02     0.1559     0.8574    80.7064 0.0000e+00
        581 126.517801    0.04027     2.4161    144.965     63.600  51238.290    31.7364     4.5354     63.000     4.5299    25.1381     7.3665    10.5275    100.765    320.922    328.988   -0.00051    7.31063   10.44762  318.48664   16.35976 3.9001e-02     0.1926     0.8383    81.0924 0.0000e+00
        585 126.517814    0.04059     2.4350    146.101     64.614  51242.219    31.7380     4.5331     64.000     4.5280    25.1396     7.3652    10.5255    100.741    320.861    328.928   -0.00055    7.31095   10.44808  318.49998   16.36039 3.8443e-02     0.1828     0.8097    81.6737 0.0000e+00
        590 126.517827    0.04090     2.4540    147.240     65.624  51244.752    31.7390     4.5317     65.000     4.5270    25.1405     7.3693    10.5314    100.795    321.039    329.110   -0.00024    7.31115   10.44837  318.50863   16.36080 3.8288e-02     0.1959     0.8189    81.4878 0.0000e+00
        594 126.517839    0.04120     2.4721    148.327     66.634  51245.010    31.7383     4.5306     66.000     4.5257    25.1402     7.3648    10.5252    100.732    320.849    328.916   -0.00051    7.31136   10.44867  318.51808   16.36125 3.7691e-02     0.1702     0.8275    81.3136 0.0000e+00
        599 126.517852    0.04151     2.4907    149.445     67.645  51247.452    31.7396     4.5310     67.000     4.5269    25.1411     7.3633    10.5228    100.711    320.778    328.843   -0.00060    7.31125   10.44851  318.51261   16.36098 3.7961e-02     0.2304     0.8204    81.4574 0.0000e+00
        603 126.517865    0.04181     2.5085    150.511     68.651  51239.720    31.7330     4.5273     68.000     4.5175    25.1363     7.3653    10.5258    100.727    320.870    328.936   -0.00041    7.31221   10.44989  318.55626   16.36309 3.7581e-02     0.3036     0.8455    80.9488 0.0000e+00
        608 126.517878    0.04212     2.5275    151.653     69.665  51252.623    31.7391     4.5177     69.000     4.5122    25.1421     7.3558    10.5123    100.578    320.455    328.512   -0.00108    7.31361   10.45188  318.61512   16.36586 3.8664e-02     0.1550     0.8899    80.0521 0.0000e+00
        612 126.517891    0.04243     2.5459    152.755     70.672  51255.919    31.7408     4.5172     70.000     4.5126    25.1435     7.3528    10.5079    100.536    320.324    328.378   -0.00112    7.31361   10.45188  318.61492   16.36585 3.8138e-02     0.2078     0.9123    79.6061 0.0000e+00
        617 126.517904    0.04275     2.5650    153.900     71.683  51256.303    31.7406     4.5175     71.000     4.5123    25.1433     7.3528    10.5078    100.535    320.319    328.373   -0.00087    7.31358   10.45184  318.61361   16.36579 3.8539e-02     0.1716     0.8960    79.9306 0.0000e+00
        621 126.517917    0.04306     2.5833    155.000     72.691  51258.214    31.7413     4.5170     72.000     4.5124    25.1439     7.3486    10.5020    100.479    320.141    328.190   -0.00100    7.31364   10.45192  318.61581   16.36589 3.8306e-02     0.2114     0.9026    79.8003 0.0000e+00
        625 126.517929    0.04336     2.6015    156.093     73.704  51261.477    31.7436     4.5195     73.000     4.5167    25.1455     7.3435    10.4946    100.416    319.915    327.959   -0.00113    7.31309   10.45113  318.59119   16.36470 3.8422e-02     0.1837     0.9052    79.7481 0.0000e+00
        630 126.517943    0.04370     2.6217    157.305     74.713  51256.540    31.7404     4.5224     74.000     4.5169    25.1427     7.3458    10.4979    100.452    320.016    328.062   -0.00074    7.31271   10.45060  318.57590   16.36399 3.8181e-02     0.1464     0.8641    80.5731 0.0000e+00
        635 126.517957    0.04402     2.6412    158.475     75.724  51253.407    31.7372     4.5200     75.000     4.5120    25.1403     7.3529    10.5080    100.541    320.326    328.379   -0.00011    7.31331   10.45145  318.60254   16.36527 3.8136e-02     0.1743     0.9218    79.4186 0.0000e+00
        639 126.517969    0.04430     2.6580    159.480     76.727  51260.182    31.7404     4.5162     76.000     4.5104    25.1434     7.3545    10.5103    100.556    320.395    328.451   -0.00012    7.31382   10.45218  318.62377   16.36626 3.7922e-02     0.2233     0.9189    79.4765 0.0000e+00
        644 126.517982    0.04464     2.6783    160.701     77.740  51259.994    31.7395     4.5154     77.000     4.5103    25.1428     7.3518    10.5065    100.517    320.281    328.334   -0.00031    7.31400   10.45244  318.63210   16.36667 3.8456e-02     0.2305     0.9216    79.4228 0.0000e+00
        649 126.517997    0.04498     2.6986    161.913     78.756  51260.194    31.7394     4.5162     78.000     4.5119    25.1426     7.3459    10.4981    100.438    320.021    328.067   -0.00065    7.31386   10.45224  318.62594   16.36638 3.7883e-02     0.1692     0.9117    79.6167 0.0000e+00
        653 126.518009    0.04527     2.7161    162.967     79.757  51258.659    31.7388     4.5203     79.000     4.5166    25.1417     7.3424    10.4930    100.400    319.870    327.911   -0.00080    7.31317   10.45125  318.59615   16.36496 3.8115e-02     0.1837     0.8992    79.8668 0.0000e+00
        658 126.518023    0.04561     2.7367    164.204     80.774  51254.159    31.7355     4.5219     80.000     4.5153    25.1390     7.3452    10.4970    100.440    319.993    328.038   -0.00043    7.31305   10.45109  318.59203   16.36478 3.8022e-02     0.1766     0.8717    80.4189 0.0000e+00
        662 126.518036    0.04593     2.7559    165.352     81.782  51258.747    31.7378     4.5201     81.000     4.5143    25.1409     7.3481    10.5012    100.476    320.117    328.166   -0.00019    7.31326   10.45138  318.60046   16.36517 3.8242e-02     0.1823     0.8926    79.9990 0.0000e+00
        667 126.518050    0.04624     2.7745    166.467     82.787  51257.663    31.7358     4.5165     82.000     4.5078    25.1396     7.3423    10.4929    100.387    319.865    327.906   -0.00064    7.31399   10.45243  318.63260   16.36671 3.8465e-02     0.1705     0.9294    79.2654 0.0000e+00
        672 126.518064    0.04660     2.7958    167.751     83.808  51267.596    31.7406     4.5105     83.000     4.5045    25.1442     7.3414    10.4916    100.364    319.827    327.868   -0.00066    7.31481   10.45360  318.66688   16.36831 3.7992e-02     0.1585     0.9450    78.9570 0.0000e+00
        676 126.518077    0.04691     2.8144    168.864     84.808  51267.817    31.7404     4.5108     84.000     4.5049    25.1439     7.3420    10.4925    100.372    319.851    327.893   -0.00048    7.31476   10.45353  318.66483   16.36822 3.8397e-02     0.2639     0.9650    78.5643 0.0000e+00
        681 126.518091    0.04723     2.8341    170.047     85.819  51269.127    31.7407     4.5103     85.000     4.5042    25.1442     7.3308    10.4765    100.218    319.364    327.394   -0.00115    7.31486   10.45366  318.66881   16.36841 3.8036e-02     0.1950     0.9754    78.3615 0.0000e+00
        686 126.518105    0.04758     2.8546    171.277     86.830  51270.799    31.7411     4.5094     86.000     4.5035    25.1447     7.3293    10.4744    100.197    319.300    327.329   -0.00103    7.31498   10.45384  318.67404   16.36866 3.7430e-02     0.1820     0.9605    78.6527 0.0000e+00
        691 126.518119    0.04791     2.8747    172.480     87.847  51270.950    31.7410     4.5105     87.000     4.5047    25.1445     7.3367    10.4848    100.299    319.620    327.656   -0.00042    7.31481   10.45359  318.66662   16.36831 3.7635e-02     0.2223     0.9695    78.4775 0.0000e+00
        695 126.518131    0.04821     2.8926    173.553     88.845  51272.137    31.7410     4.5095     88.000     4.5028    25.1446     7.3338    10.4807    100.257    319.493    327.527   -0.00047    7.31497   10.45383  318.67366   16.36864 3.7370e-02     0.1640     0.9805    78.2625 0.0000e+00
        701 126.518147    0.04858     2.9147    174.884     89.862  51274.752    31.7421     4.5086     89.000     4.5028    25.1456     7.3307    10.4763    100.214    319.358    327.389   -0.00061    7.31506   10.45395  318.67726   16.36880 3.7141e-02     0.2323     0.9662    78.5405 0.0000e+00
        705 126.518160    0.04890     2.9339    176.036     90.868  51274.396    31.7413     4.5087     90.000     4.5021    25.1450     7.3316    10.4777    100.227    319.402    327.432   -0.00047    7.31510   10.45401  318.67935   16.36891 3.7198e-02     0.1675     0.9847    78.1788 0.0000e+00
        710 126.518174    0.04925     2.9545    177.270     91.881  51276.224    31.7420     4.5081     91.000     4.5009    25.1456     7.3285    10.4731    100.181    319.260    327.288   -0.00061    7.31518   10.45411  318.68217   16.36904 3.7271e-02     0.1917     0.9852    78.1693 0.0000e+00
        715 126.518188    0.04956     2.9737    178.423     92.884  51281.249    31.7441     4.5044     92.000     4.4962    25.1476     7.3252    10.4686    100.130    319.122    327.146   -0.00075    7.31573   10.45491  318.70572   16.37015 3.6949e-02     0.2011     0.9999    77.8821 0.0000e+00
        720 126.518203    0.04993     2.9959    179.755     93.904  51286.337    31.7463     4.5012     93.000     4.4946    25.1497     7.3273    10.4715    100.152    319.211    327.239   -0.00052    7.31617   10.45554  318.72448   16.37104 3.7316e-02     0.1974     0.9975    77.9297 0.0000e+00
        725 126.518217    0.05026     3.0157    180.942     94.906  51287.858    31.7468     4.5009     94.000     4.4941    25.1501     7.3276    10.4719    100.157    319.224    327.253   -0.00038    7.31620   10.45558  318.72561   16.37109 3.7417e-02     0.1712     1.0168    77.5545 0.0000e+00
        730 126.518231    0.05061     3.0368    182.206     95.922  51290.530    31.7479     4.4999     95.000     4.4931    25.1510     7.3228    10.4650    100.089    319.014    327.038   -0.00063    7.31633   10.45577  318.73093   16.37134 3.7002e-02     0.1614     1.0178    77.5353 0.0000e+00
        734 126.518245    0.05093     3.0560    183.361     96.926  51292.257    31.7485     4.4994     96.000     4.4927    25.1516     7.3200    10.4610    100.050    318.892    326.912   -0.00081    7.31639   10.45586  318.73347   16.37146 3.7555e-02     0.1827     1.0302    77.2957 0.0000e+00
        739 126.518259    0.05128     3.0770    184.619     97.941  51291.017    31.7472     4.4996     97.000     4.4932    25.1506     7.3261    10.4697    100.133    319.158    327.185   -0.00020    7.31640   10.45587  318.73426   16.37150 3.7421e-02     0.2637     1.0335    77.2315 0.0000e+00
        744 126.518273    0.05160     3.0961    185.765     98.949  51291.260    31.7470     4.5001     98.000     4.4933    25.1503     7.3154    10.4544     99.986    318.689    326.704   -0.00090    7.31635   10.45579  318.73192   16.37139 3.7334e-02     0.2716     1.0399    77.1068 0.0000e+00
        748 126.518285    0.05190     3.1142    186.851     99.958  51292.665    31.7474     4.5002     99.000     4.4935    25.1507     7.3156    10.4547     99.990    318.698    326.713   -0.00078    7.31630   10.45572  318.72935   16.37126 3.7189e-02     0.1837     1.0535    76.8448 0.0000e+00
        753 126.518299    0.05222     3.1334    188.001    100.969  51292.317    31.7468     4.5005    100.000     4.4938    25.1502     7.3254    10.4688    100.125    319.129    327.155    0.00000    7.31627   10.45569  318.72869   16.37123 3.7391e-02     0.2128     1.0316    77.2679 0.0000e+00
        757 126.518311    0.05253     3.1520    189.119    101.978  51293.196    31.7469     4.5007    101.000     4.4937    25.1503     7.3197    10.4606    100.046    318.877    326.896   -0.00037    7.31624   10.45563  318.72707   16.37116 3.7493e-02     0.2382     1.0368    77.1660 0.0000e+00
        762 126.518324    0.05284     3.1702    190.213    102.986  51294.296    31.7472     4.5008    102.000     4.4938    25.1505     7.3255    10.4690    100.128    319.133    327.160   -0.00006    7.31621   10.45559  318.72567   16.37110 3.7222e-02     0.2804     1.0391    77.1216 0.0000e+00
        767 126.518338    0.05318     3.1907    191.444    104.001  51294.606    31.7469     4.5006    103.000     4.4929    25.1502     7.3225    10.4646    100.086    319.002    327.026   -0.00018    7.31625   10.45566  318.72787   16.37120 3.7152e-02     0.1710     1.0174    77.5429 0.0000e+00
        771 126.518351    0.05348     3.2087    192.519    105.008  51297.881    31.7482     4.4990    104.000     4.4911    25.1515     7.3170    10.4567    100.007    318.758    326.776   -0.00060    7.31648   10.45598  318.73719   16.37164 3.7067e-02     0.1603     1.0385    77.1351 0.0000e+00
        776 126.518364    0.05379     3.2272    193.635    106.017  51300.597    31.7492     4.4976    105.000     4.4897    25.1524     7.3168    10.4565    100.002    318.753    326.771   -0.00063    7.31668   10.45627  318.74571   16.37203 3.7064e-02     0.1553     1.0520    76.8734 0.0000e+00
        780 126.518377    0.05411     3.2463    194.776    107.027  51305.317    31.7518     4.4965    106.000     4.4891    25.1546     7.3223    10.4643    100.076    318.990    327.013   -0.00011    7.31675   10.45637  318.74807   16.37214 3.6999e-02     0.1637     1.0636    76.6519 0.0000e+00
        785 126.518390    0.05442     3.2654    195.923    108.036  51306.348    31.7519     4.4965    107.000     4.4894    25.1547     7.3193    10.4600    100.035    318.859    326.880   -0.00034    7.31672   10.45633  318.74683   16.37208 3.6987e-02     0.1451     1.0647    76.6310 0.0000e+00
