CTD-processing/allCTD/CNV/2021_02-17_t4_s04_cast157_5028.cnv
* Sea-Bird SBE19plus Data File:
* FileName = C:\Users\steve\Desktop\GWA CTD\2021_02-17_T4\2021_02-17_T7_S0_cast157.hex
* Software Version 1.59
* Temperature SN =  5028
* Conductivity SN =  5028
* System UpLoad Time = Feb 18 2021 15:17:38
** Cook Inlet LTM T4
** Date: 02-17-2021
** Station:S04
** Start Time (AKST):12:23
** Depth (m):87
** Comment:
** Comment:
# nquan = 27
# nvalues = 83                          
# units = specified
# name 0 = scan: Scan Count
# name 1 = timeJ: Julian Days
# name 2 = timeH: Time, Elapsed [hours]
# name 3 = timeM: Time, Elapsed [minutes]
# name 4 = timeS: Time, Elapsed [seconds]
# name 5 = prdM: Pressure, Strain Gauge [db]
# name 6 = specc: Specific Conductance [uS/cm]
# name 7 = sal00: Salinity, Practical [PSU]
# name 8 = tv290C: Temperature [ITS-90, deg C]
# name 9 = depSM: Depth [salt water, m], lat = 59.00
# name 10 = potemp090C: Potential Temperature [ITS-90, deg C]
# name 11 = sigma-é00: Density [sigma-theta, kg/m^3]
# name 12 = sbeox0ML/L: Oxygen, SBE 43 [ml/l]
# name 13 = sbeox0Mg/L: Oxygen, SBE 43 [mg/l]
# name 14 = sbeox0PS: Oxygen, SBE 43 [% saturation]
# name 15 = sbox0Mm/Kg: Oxygen, SBE 43 [umol/kg]
# name 16 = sbeox0Mm/L: Oxygen, SBE 43 [umol/l]
# name 17 = sbox0dV/dT: Oxygen, SBE 43 [dov/dt]
# name 18 = oxsolML/L: Oxygen Saturation, Garcia & Gordon [ml/l]
# name 19 = oxsolMg/L: Oxygen Saturation, Garcia & Gordon [mg/l]
# name 20 = oxsolMm/Kg: Oxygen Saturation, Garcia & Gordon [umol/kg]
# name 21 = potemp090C: Potential Temperature [ITS-90, deg C]
# name 22 = n2satMg/L: Nitrogen Saturation [mg/l]
# name 23 = par: PAR/Irradiance, Biospherical/Licor
# name 24 = flECO-AFL: Fluorescence, WET Labs ECO-AFL/FL [mg/m^3]
# name 25 = turbWETntu0: Turbidity, WET Labs ECO [NTU]
# name 26 = flag: flag
# span 0 =        322,        713       
# span 1 =  48.517236,  48.518367       
# span 2 =    0.02228,    0.04942       
# span 3 =     1.3370,     2.9651       
# span 4 =     80.218,    177.904       
# span 5 =      1.009,     83.800       
# span 6 =  50834.342,  50972.685       
# span 7 =    31.5329,    31.5951       
# span 8 =     4.6995,     4.7618       
# span 9 =      1.000,     83.000       
# span 10 =     4.6989,     4.7574      
# span 11 =    24.9568,    25.0028      
# span 12 =     6.7550,    10.4997      
# span 13 =     9.6536,    15.0051      
# span 14 =     92.692,    144.181      
# span 15 =    294.332,    457.484      
# span 16 =    301.678,    468.916      
# span 17 =   -0.03386,    0.04238      
# span 18 =    7.27800,    7.29101      
# span 19 =   10.40099,   10.41958      
# span 20 =  317.10795,  317.68340      
# span 21 =     4.6985,     4.7574      
# span 22 =   16.29475,   16.32230      
# span 23 = 3.7976e-02, 3.1528e+02      
# span 24 =     0.2903,     0.4060      
# span 25 =     0.5132,     1.0745      
# span 26 = 0.0000e+00, 0.0000e+00      
# interval = meters: 1                  
# start_time = Feb 17 2021 12:23:29 [Instrument's time stamp, header]
# bad_flag = -9.990e-29
*END*
[from data line 54]
        580  48.517982    0.04019     2.4115    144.688     55.526  50941.655    31.5877     4.7601     55.000     4.7564    24.9968     8.1667    11.6711    112.204    355.831    364.726   -0.02594    7.27842   10.40158  317.12689     4.7563   16.29566 1.0134e-01     0.2903     0.8594 0.0000e+00
        584  48.517995    0.04049     2.4293    145.756     56.536  50942.744    31.5881     4.7606     56.000     4.7569    24.9970     8.1052    11.5832    111.362    353.153    361.981   -0.02375    7.27832   10.40145  317.12267     4.7566   16.29546 9.0037e-02     0.2961     0.8365 0.0000e+00
        589  48.518010    0.04085     2.4514    147.081     57.546  50943.268    31.5880     4.7610     57.000     4.7571    24.9970     8.0528    11.5083    110.643    350.868    359.639   -0.01965    7.27823   10.40133  317.11910     4.7571   16.29529 8.0945e-02     0.3003     0.8902 0.0000e+00
        595  48.518026    0.04123     2.4735    148.412     58.555  50944.000    31.5880     4.7612     58.000     4.7571    24.9970     7.9685    11.3878    109.485    347.195    355.873   -0.01923    7.27821   10.40130  317.11806     4.7571   16.29524 7.3369e-02     0.3010     0.9707 0.0000e+00
        599  48.518038    0.04154     2.4923    149.539     59.565  50945.022    31.5882     4.7612     59.000     4.7571    24.9972     7.9335    11.3378    109.004    345.671    354.312   -0.01653    7.27819   10.40126  317.11708     4.7571   16.29519 6.7207e-02     0.3002     0.8532 0.0000e+00
        604  48.518053    0.04188     2.5125    150.749     60.575  50946.458    31.5888     4.7615     60.000     4.7574    24.9976     7.9039    11.2955    108.598    344.379    352.988   -0.01364    7.27812   10.40116  317.11365     4.7573   16.29503 6.2022e-02     0.3016     0.8435 0.0000e+00
        609  48.518068    0.04225     2.5354    152.121     61.585  50948.740    31.5899     4.7617     61.000     4.7574    24.9984     7.8427    11.2080    107.758    341.713    350.255   -0.01328    7.27803   10.40104  317.10971     4.7574   16.29483 5.7736e-02     0.3075     0.8522 0.0000e+00
        615  48.518085    0.04265     2.5587    153.520     62.595  50950.173    31.5904     4.7618     62.000     4.7573    24.9989     7.7743    11.1103    106.819    338.733    347.201   -0.01359    7.27800   10.40099  317.10795     4.7574   16.29475 5.4019e-02     0.3112     0.8630 0.0000e+00
        620  48.518098    0.04297     2.5783    154.701     63.604  50951.562    31.5908     4.7615     63.000     4.7569    24.9992     7.7493    11.0745    106.475    337.642    346.083   -0.01161    7.27802   10.40102  317.10896     4.7571   16.29480 5.0818e-02     0.3169     0.9104 0.0000e+00
        625  48.518114    0.04335     2.6009    156.053     64.614  50953.005    31.5912     4.7611     64.000     4.7564    24.9995     7.7272    11.0429    106.170    336.678    345.095   -0.00929    7.27807   10.40110  317.11107     4.7566   16.29489 4.8187e-02     0.3203     0.9074 0.0000e+00
        631  48.518130    0.04372     2.6232    157.392     65.624  50954.427    31.5916     4.7607     65.000     4.7559    24.9999     7.6838    10.9810    105.574    334.790    343.160   -0.00935    7.27812   10.40117  317.11317     4.7561   16.29499 4.5930e-02     0.3187     0.9241 0.0000e+00
        636  48.518144    0.04408     2.6447    158.681     66.633  50955.763    31.5920     4.7605     66.000     4.7558    25.0003     7.6581    10.9442    105.220    333.669    342.010   -0.00828    7.27814   10.40119  317.11373     4.7558   16.29502 4.4011e-02     0.3195     0.9741 0.0000e+00
        640  48.518157    0.04437     2.6622    159.732     67.643  50956.416    31.5919     4.7606     67.000     4.7558    25.0002     7.6476    10.9292    105.077    333.213    341.543   -0.00698    7.27813   10.40118  317.11340     4.7559   16.29500 4.2326e-02     0.3191     0.9889 0.0000e+00
        644  48.518168    0.04465     2.6793    160.759     68.653  50957.157    31.5919     4.7606     68.000     4.7557    25.0002     7.6475    10.9290    105.075    333.207    341.538   -0.00521    7.27813   10.40118  317.11345     4.7558   16.29500 4.0900e-02     0.3219     0.9710 0.0000e+00
        649  48.518183    0.04499     2.6997    161.981     69.663  50958.385    31.5922     4.7603     69.000     4.7552    25.0005     7.6191    10.8885    104.685    331.971    340.270   -0.00555    7.27816   10.40123  317.11481     4.7554   16.29507 3.9694e-02     0.3086     0.9834 0.0000e+00
        653  48.518195    0.04530     2.7177    163.062     70.673  50959.953    31.5927     4.7599     70.000     4.7548    25.0009     7.5924    10.8503    104.316    330.806    339.076   -0.00613    7.27821   10.40129  317.11667     4.7550   16.29516 3.8703e-02     0.3118     1.0233 0.0000e+00
        658  48.518208    0.04560     2.7359    164.153     71.682  50961.064    31.5929     4.7597     71.000     4.7546    25.0011     7.5818    10.8352    104.172    330.347    338.606   -0.00528    7.27823   10.40132  317.11752     4.7547   16.29519 3.8133e-02     0.3109     1.0149 0.0000e+00
        663  48.518222    0.04594     2.7567    165.403     72.692  50962.026    31.5931     4.7596     72.000     4.7546    25.0013     7.5508    10.7909    103.746    328.996    337.221   -0.00575    7.27824   10.40133  317.11769     4.7546   16.29520 3.7984e-02     0.3176     1.0339 0.0000e+00
        667  48.518235    0.04626     2.7753    166.519     73.702  50962.999    31.5933     4.7597     73.000     4.7545    25.0014     7.5223    10.7501    103.352    327.749    335.944   -0.00638    7.27822   10.40131  317.11701     4.7546   16.29517 3.7977e-02     0.3136     1.0488 0.0000e+00
        672  48.518249    0.04658     2.7947    167.683     74.712  50963.924    31.5934     4.7597     74.000     4.7544    25.0016     7.5119    10.7352    103.210    327.296    335.479   -0.00532    7.27822   10.40130  317.11683     4.7544   16.29516 3.7976e-02     0.3076     1.0268 0.0000e+00
        676  48.518262    0.04689     2.8135    168.813     75.721  50965.104    31.5937     4.7597     75.000     4.7543    25.0018     7.4968    10.7136    103.003    326.638    334.805   -0.00496    7.27820   10.40128  317.11614     4.7544   16.29512 3.7976e-02     0.3027     0.9972 0.0000e+00
        681  48.518275    0.04720     2.8324    169.944     76.731  50966.615    31.5942     4.7595     76.000     4.7541    25.0022     7.4829    10.6939    102.813    326.037    334.188   -0.00456    7.27820   10.40128  317.11593     4.7542   16.29511 3.7976e-02     0.3123     1.0006 0.0000e+00
        685  48.518287    0.04751     2.8505    171.032     77.741  50967.771    31.5945     4.7595     77.000     4.7540    25.0025     7.4628    10.6650    102.536    325.156    333.286   -0.00484    7.27820   10.40127  317.11565     4.7540   16.29510 3.7976e-02     0.3118     1.0503 0.0000e+00
        689  48.518299    0.04779     2.8671    172.023     78.751  50968.478    31.5945     4.7595     78.000     4.7540    25.0025     7.4565    10.6561    102.450    324.883    333.007   -0.00422    7.27819   10.40125  317.11505     4.7540   16.29507 3.7976e-02     0.3174     1.0695 0.0000e+00
        693  48.518311    0.04808     2.8845    173.069     79.761  50969.147    31.5945     4.7596     79.000     4.7541    25.0025     7.4512    10.6485    102.377    324.653    332.771   -0.00347    7.27817   10.40123  317.11439     4.7540   16.29504 3.7976e-02     0.3207     1.0443 0.0000e+00
        698  48.518325    0.04839     2.9038    174.229     80.771  50969.858    31.5945     4.7597     80.000     4.7541    25.0024     7.4296    10.6176    102.080    323.710    331.803   -0.00400    7.27815   10.40120  317.11366     4.7541   16.29501 3.7976e-02     0.3269     1.0449 0.0000e+00
        703  48.518338    0.04873     2.9237    175.422     81.781  50970.613    31.5945     4.7598     81.000     4.7541    25.0025     7.4070    10.5854    101.771    322.727    330.797   -0.00448    7.27813   10.40118  317.11288     4.7541   16.29497 3.7976e-02     0.3159     1.0414 0.0000e+00
        707  48.518352    0.04906     2.9436    176.614     82.790  50971.471    31.5947     4.7599     82.000     4.7542    25.0025     7.3867    10.5563    101.493    321.844    329.891   -0.00465    7.27810   10.40114  317.11149     4.7541   16.29490 3.7976e-02     0.3029     1.0588 0.0000e+00
        713  48.518367    0.04942     2.9651    177.904     83.800  50972.685    31.5951     4.7602     83.000     4.7545    25.0028     7.3719    10.5352    101.289    321.197    329.228   -0.00431    7.27804   10.40104  317.10841     4.7544   16.29476 3.7976e-02     0.3001     1.0745 0.0000e+00
