CTD-processing/allCTD/CNV/2021_05-23_ab_s09_cast049_4141.cnv
* Sea-Bird SBE19plus Data File:
* FileName = C:\Users\steve\Desktop\GWA\CTD\2021_05-23_AB\2021_05-23_AB_S0_cast049.hex
* Software Version 1.59
* Temperature SN =  4141
* Conductivity SN =  4141
* System UpLoad Time = May 24 2021 14:24:35
** Cook Inlet LTM AB
** Date: 05-23-2021
** Station:S09
** Start Time (AKDT):12:46
** Depth (m):77
** Comment:
** Comment:
# nquan = 27
# nvalues = 63                          
# units = specified
# name 0 = scan: Scan Count
# name 1 = timeJ: Julian Days
# name 2 = timeH: Time, Elapsed [hours]
# name 3 = timeM: Time, Elapsed [minutes]
# name 4 = timeS: Time, Elapsed [seconds]
# name 5 = prdM: Pressure, Strain Gauge [db]
# name 6 = specc: Specific Conductance [uS/cm]
# name 7 = sal00: Salinity, Practical [PSU]
# name 8 = tv290C: Temperature [ITS-90, deg C]
# name 9 = depSM: Depth [salt water, m], lat = 59.00
# name 10 = potemp090C: Potential Temperature [ITS-90, deg C]
# name 11 = sigma-é00: Density [sigma-theta, kg/m^3]
# name 12 = sbeox0ML/L: Oxygen, SBE 43 [ml/l]
# name 13 = sbeox0Mg/L: Oxygen, SBE 43 [mg/l]
# name 14 = sbeox0PS: Oxygen, SBE 43 [% saturation]
# name 15 = sbox0Mm/Kg: Oxygen, SBE 43 [umol/kg]
# name 16 = sbeox0Mm/L: Oxygen, SBE 43 [umol/l]
# name 17 = sbox0dV/dT: Oxygen, SBE 43 [dov/dt]
# name 18 = oxsolML/L: Oxygen Saturation, Garcia & Gordon [ml/l]
# name 19 = oxsolMg/L: Oxygen Saturation, Garcia & Gordon [mg/l]
# name 20 = oxsolMm/Kg: Oxygen Saturation, Garcia & Gordon [umol/kg]
# name 21 = n2satMg/L: Nitrogen Saturation [mg/l]
# name 22 = par: PAR/Irradiance, Biospherical/Licor
# name 23 = wetStar: Fluorescence, WET Labs WETstar [mg/m^3]
# name 24 = CStarAt0: Beam Attenuation, WET Labs C-Star [1/m]
# name 25 = CStarTr0: Beam Transmission, WET Labs C-Star [%]
# name 26 = flag: flag
# span 0 =        287,        565       
# span 1 = 126.532692, 126.533496       
# span 2 =    0.01989,    0.03919       
# span 3 =     1.1935,     2.3511       
# span 4 =     71.611,    141.067       
# span 5 =      1.013,     63.512       
# span 6 =  46416.012,  51246.512       
# span 7 =    29.1643,    31.6821       
# span 8 =     4.2140,     9.1489       
# span 9 =      1.000,     63.000       
# span 10 =     4.2125,     9.0258      
# span 11 =    22.5839,    25.1214      
# span 12 =     7.1290,     8.7447      
# span 13 =    10.1880,    12.4971      
# span 14 =     96.715,    130.962      
# span 15 =    310.581,    381.914      
# span 16 =    318.381,    390.539      
# span 17 =   -0.04691,    0.02153      
# span 18 =    6.67726,    7.37114      
# span 19 =    9.54247,   10.53411      
# span 20 =  291.62052,  321.12996      
# span 21 =   15.08934,   16.48579      
# span 22 = 3.9468e-02, 7.6182e+02      
# span 23 =     0.1275,     2.7206      
# span 24 =     0.5775,     1.8757      
# span 25 =    62.5668,    86.5561      
# span 26 = 0.0000e+00, 0.0000e+00      
# interval = meters: 1                  
# start_time = May 06 2021 12:45:53 [Instrument's time stamp, header]
# bad_flag = -9.990e-29
*END*
        287 126.532692    0.01989     1.1935     71.611      1.013  46416.012    29.2326     9.1489      1.000     9.0258    22.5839     8.7447    12.4971    130.962    381.914    390.539    0.02153    6.67726    9.54247  291.62052   15.08934 7.6182e+02     0.5258     1.8757    62.5668 0.0000e+00
        292 126.532705    0.02021     1.2125     72.749      2.019  46450.841    29.1643     8.4630      2.000     8.0439    22.6297     8.7431    12.4946    128.883    381.823    390.463    0.00543    6.78430    9.69544  296.28167   15.31220 5.1849e+02     0.5135     1.7846    64.0129 0.0000e+00
        296 126.532718    0.02051     1.2306     73.839      3.028  47366.671    29.6949     7.7332      3.000     7.5263    23.1469     8.5351    12.1976    124.174    372.558    381.181   -0.02437    6.87379    9.82334  300.03833   15.48929 3.0855e+02     0.5216     1.6872    65.5906 0.0000e+00
        301 126.532731    0.02081     1.2487     74.924      4.042  48112.211    30.1534     7.3593      4.000     7.2697    23.5569     8.4724    12.1079    122.572    369.668    378.377   -0.02699    6.91215    9.87815  301.59216   15.56150 1.9490e+02     0.6563     1.5908    67.2025 0.0000e+00
        305 126.532743    0.02110     1.2662     75.969      5.045  48272.658    30.2107     7.0350      5.000     6.7240    23.6437     8.4076    12.0153    120.776    366.811    375.483   -0.02915    6.96159    9.94881  303.72325   15.66288 1.1492e+02     0.9438     1.5211    68.4807 0.0000e+00
        309 126.532756    0.02142     1.2848     77.090      6.058  49098.867    30.6661     6.3698      6.000     6.2246    24.0855     8.2510    11.7916    117.057    359.824    368.491   -0.04042    7.04892   10.07362  307.40091   15.83629 7.3636e+01     2.7206     0.9996    77.9209 0.0000e+00
        314 126.532769    0.02173     1.3036     78.218      7.067  49413.436    30.8294     6.0794      7.000     5.9378    24.2493     8.0806    11.5480    113.983    352.335    360.879   -0.04595    7.08942   10.13148  309.11738   15.91740 5.5000e+01     2.6949     0.7912    82.0602 0.0000e+00
        318 126.532782    0.02203     1.3222     79.329      8.073  49733.348    30.9819     5.7276      8.000     5.5680    24.4107     7.9554    11.3690    111.402    346.820    355.286   -0.04691    7.14126   10.20558  311.32894   16.02212 4.2962e+01     1.5310     0.6887    84.1855 0.0000e+00
        323 126.532794    0.02235     1.3409     80.452      9.084  50089.583    31.1736     5.4609      9.000     5.4129    24.5926     7.8653    11.2403    109.585    342.833    351.264   -0.04428    7.17736   10.25716  312.84712   16.09362 3.4657e+01     1.1754     0.6200    85.6431 0.0000e+00
        328 126.532809    0.02268     1.3607     81.644     10.098  50179.476    31.2150     5.3627     10.000     5.3143    24.6363     7.8117    11.1637    108.615    340.482    348.870   -0.03661    7.19214   10.27827  313.47777   16.12348 2.8097e+01     0.8858     0.5914    86.2553 0.0000e+00
        332 126.532822    0.02301     1.3805     82.832     11.104  50301.531    31.2734     5.2417     11.000     5.1989    24.6959     7.7397    11.0607    107.345    337.321    345.651   -0.03305    7.21010   10.30396  314.24270   16.15966 2.3142e+01     0.7193     0.5949    86.1803 0.0000e+00
        337 126.532836    0.02334     1.4006     84.035     12.112  50379.652    31.3099     5.1618     12.000     5.1409    24.7335     7.7007    11.0051    106.628    335.614    343.916   -0.02778    7.22210   10.32110  314.75390   16.18384 1.9047e+01     0.6035     0.5902    86.2822 0.0000e+00
        342 126.532850    0.02368     1.4211     85.268     13.126  50440.732    31.3430     5.1217     13.000     5.1108    24.7640     7.6748    10.9680    106.189    334.472    342.755   -0.02211    7.22743   10.32872  314.97676   16.19432 1.5812e+01     0.5877     0.5775    86.5561 0.0000e+00
        347 126.532863    0.02400     1.4397     86.380     14.131  50472.704    31.3595     5.0985     14.000     5.0849    24.7797     7.6644    10.9531    105.998    334.014    342.291   -0.01757    7.23064   10.33331  315.11203   16.20069 1.3146e+01     0.4959     0.5798    86.5062 0.0000e+00
        351 126.532876    0.02432     1.4589     87.536     15.143  50507.725    31.3769     5.0697     15.000     5.0538    24.7966     7.6640    10.9527    105.934    333.996    342.278   -0.01327    7.23478   10.33922  315.28720   16.20896 1.0860e+01     0.4796     0.5962    86.1521 0.0000e+00
        355 126.532889    0.02461     1.4770     88.621     16.153  50546.901    31.3939     5.0253     16.000     4.9927    24.8148     7.6587    10.9451    105.760    333.758    342.040   -0.01083    7.24164   10.34903  315.58077   16.22287 8.9905e+00     0.4629     0.5991    86.0890 0.0000e+00
        360 126.532901    0.02491     1.4945     89.672     17.164  50624.157    31.4340     4.9670     17.000     4.9488    24.8528     7.6475    10.9291    105.485    333.255    341.537   -0.00962    7.24980   10.36070  315.92481   16.23907 7.4915e+00     0.4588     0.6078    85.9042 0.0000e+00
        364 126.532913    0.02519     1.5113     90.677     18.166  50662.555    31.4536     4.9384     18.000     4.9254    24.8714     7.6347    10.9108    105.251    332.693    340.968   -0.00870    7.25383   10.36646  316.09455   16.24707 6.1617e+00     0.4155     0.6218    85.6012 0.0000e+00
        368 126.532925    0.02548     1.5288     91.729     19.182  50685.237    31.4622     4.9081     19.000     4.8819    24.8814     7.6246    10.8962    105.040    332.245    340.512   -0.00761    7.25870   10.37341  316.30351   16.25698 5.0512e+00     0.4319     0.6270    85.4924 0.0000e+00
        372 126.532937    0.02577     1.5463     92.779     20.189  50747.376    31.4936     4.8588     20.000     4.8470    24.9116     7.6105    10.8762    104.745    331.624    339.886   -0.00741    7.26576   10.38349  316.60154   16.27104 4.1943e+00     0.4647     0.6232    85.5739 0.0000e+00
        376 126.532950    0.02607     1.5642     93.854     21.201  50810.931    31.5341     4.8472     21.000     4.8517    24.9449     7.6013    10.8631    104.618    331.214    339.476   -0.00633    7.26580   10.38356  316.59333   16.27049 3.4664e+00     0.4227     0.6333    85.3576 0.0000e+00
        380 126.532961    0.02635     1.5807     94.842     22.205  50901.653    31.5999     4.8655     22.000     4.8802    24.9951     7.5969    10.8568    104.650    331.005    339.278   -0.00483    7.25942   10.37443  316.29974   16.25624 2.8530e+00     0.4253     0.6314    85.3989 0.0000e+00
        385 126.532975    0.02667     1.5999     95.993     23.221  50904.950    31.6094     4.9007     23.000     4.9015    24.9989     7.6107    10.8765    104.934    331.603    339.893   -0.00221    7.25284   10.36503  316.01166   16.24249 2.3646e+00     0.4348     0.6143    85.7644 0.0000e+00
        389 126.532987    0.02696     1.6179     97.075     24.223  50846.317    31.5647     4.8827     24.000     4.8450    24.9654     7.6156    10.8835    104.926    331.831    340.115   -0.00167    7.25813   10.37260  316.25295   16.25416 1.9538e+00     0.4522     0.6167    85.7101 0.0000e+00
        394 126.533000    0.02728     1.6371     98.227     25.243  50871.149    31.5619     4.7944     25.000     4.7532    24.9725     7.6551    10.9398    105.243    333.543    341.872   -0.00003    7.27368   10.39481  316.92789   16.28629 1.6142e+00     0.4605     0.6286    85.4585 0.0000e+00
        398 126.533013    0.02759     1.6556     99.337     26.243  50905.621    31.5662     4.7094     26.000     4.6734    24.9848     7.6266    10.8992    104.642    332.303    340.606   -0.00253    7.28834   10.41577  317.56309   16.31651 1.3433e+00     0.4956     0.6660    84.6626 0.0000e+00
        403 126.533028    0.02794     1.6763    100.575     27.259  50951.455    31.5817     4.6403     27.000     4.6145    25.0043     7.5799    10.8324    103.838    330.260    338.518   -0.00608    7.29973   10.43205  318.05333   16.33977 1.1045e+00     0.4892     0.7130    83.6741 0.0000e+00
        408 126.533041    0.02826     1.6955    101.731     28.262  50870.955    31.5023     4.5351     28.000     4.4488    24.9522     7.5472    10.7857    103.074    328.854    337.060   -0.00810    7.32221   10.46417  319.04893   16.38746 9.0642e-01     0.3946     0.7982    81.9166 0.0000e+00
        413 126.533056    0.02862     1.7171    103.029     29.277  51068.902    31.5958     4.3533     29.000     4.3344    25.0447     7.4695    10.6747    101.628    325.439    333.589   -0.01288    7.34984   10.50366  320.22405   16.44298 7.1851e-01     0.3740     0.9578    78.7067 0.0000e+00
        418 126.533070    0.02897     1.7379    104.277     30.290  51126.880    31.6319     4.3404     30.000     4.3446    25.0748     7.4028    10.5794    100.714    322.523    330.610   -0.01382    7.35034   10.50437  320.23627   16.44342 5.6878e-01     0.3270     0.9923    78.0305 0.0000e+00
        423 126.533083    0.02928     1.7564    105.384     31.290  51163.590    31.6610     4.3593     31.000     4.3794    25.0959     7.3406    10.4905     99.933    319.805    327.831   -0.01428    7.34554   10.49751  320.02061   16.43304 4.4946e-01     0.2408     0.9892    78.0909 0.0000e+00
        427 126.533096    0.02959     1.7756    106.534     32.307  51151.015    31.6636     4.4105     32.000     4.4201    25.0928     7.3228    10.4650     99.815    319.030    327.036   -0.01140    7.33632   10.48433  319.61960   16.41395 3.5861e-01     0.1971     0.9310    79.2349 0.0000e+00
        431 126.533109    0.02989     1.7935    107.609     33.316  51129.741    31.6523     4.4267     33.000     4.4260    25.0822     7.3333    10.4800     99.990    319.493    327.506   -0.00788    7.33401   10.48104  319.52268   16.40939 2.9164e-01     0.1836     0.8978    79.8967 0.0000e+00
        436 126.533121    0.03018     1.8110    108.658     34.323  51125.922    31.6495     4.4279     34.000     4.4224    25.0799     7.3596    10.5175    100.349    320.635    328.677   -0.00428    7.33393   10.48092  319.51981   16.40926 2.3735e-01     0.1641     0.8667    80.5188 0.0000e+00
        440 126.533133    0.03047     1.8280    109.683     35.331  51150.863    31.6648     4.4227     35.000     4.4256    25.0926     7.3826    10.5505    100.661    321.636    329.707   -0.00176    7.33410   10.48115  319.52309   16.40935 1.9545e-01     0.1783     0.8314    81.2337 0.0000e+00
        444 126.533145    0.03077     1.8465    110.787     36.346  51158.625    31.6728     4.4364     36.000     4.4394    25.0975     7.3948    10.5679    100.866    322.166    330.251   -0.00037    7.33127   10.47711  319.39819   16.40338 1.6368e-01     0.1646     0.7995    81.8831 0.0000e+00
        448 126.533158    0.03106     1.8636    111.814     37.351  51154.467    31.6718     4.4469     37.000     4.4435    25.0957     7.4087    10.5878    101.081    322.772    330.872    0.00069    7.32946   10.47453  319.32014   16.39967 1.3789e-01     0.1802     0.7901    82.0749 0.0000e+00
        453 126.533171    0.03138     1.8827    112.961     38.365  51115.810    31.6400     4.4258     38.000     4.3962    25.0726     7.4137    10.5950    101.076    322.999    331.097    0.00057    7.33478   10.48213  319.55901   16.41117 1.1732e-01     0.1730     0.7900    82.0786 0.0000e+00
        457 126.533184    0.03168     1.9007    114.043     39.369  51097.755    31.6102     4.3522     39.000     4.3079    25.0563     7.4035    10.5804    100.737    322.560    330.642   -0.00125    7.34934   10.50294  320.19833   16.44170 1.0070e-01     0.1636     0.8331    81.1983 0.0000e+00
        462 126.533196    0.03198     1.9192    115.151     40.385  51173.285    31.6441     4.2779     40.000     4.2627    25.0907     7.3730    10.5368    100.165    321.219    329.279   -0.00392    7.36089   10.51945  320.69127   16.46502 8.7030e-02     0.1584     0.8703    80.4464 0.0000e+00
        466 126.533209    0.03228     1.9369    116.212     41.389  51205.101    31.6616     4.2615     41.000     4.2600    25.1061     7.3445    10.4959     99.749    319.971    328.004   -0.00506    7.36295   10.52239  320.77595   16.46897 7.6396e-02     0.1443     0.8917    80.0177 0.0000e+00
        470 126.533221    0.03259     1.9551    117.308     42.401  51232.373    31.6821     4.2721     42.000     4.2828    25.1214     7.3150    10.4538     99.387    318.680    326.686   -0.00565    7.36004   10.51824  320.64439   16.46263 6.8207e-02     0.1399     0.8909    80.0326 0.0000e+00
        474 126.533233    0.03288     1.9729    118.373     43.410  51191.231    31.6578     4.2907     43.000     4.2802    25.1003     7.3050    10.4395     99.280    318.253    326.242   -0.00498    7.35793   10.51521  320.55884   16.45866 6.1926e-02     0.1407     0.8949    79.9535 0.0000e+00
        479 126.533246    0.03318     1.9907    119.440     44.418  51207.824    31.6655     4.2767     44.000     4.2724    25.1077     7.3024    10.4359     99.217    318.138    326.126   -0.00405    7.36006   10.51825  320.64931   16.46293 5.7056e-02     0.1720     0.9302    79.2498 0.0000e+00
        483 126.533258    0.03348     2.0087    120.521     45.429  51204.114    31.6618     4.2741     45.000     4.2653    25.1051     7.2919    10.4208     99.065    317.680    325.656   -0.00389    7.36069   10.51917  320.67792   16.46431 5.3250e-02     0.1330     0.9441    78.9758 0.0000e+00
        487 126.533271    0.03378     2.0270    121.621     46.440  51205.930    31.6580     4.2548     46.000     4.2427    25.1040     7.2833    10.4086     98.900    317.307    325.273   -0.00377    7.36433   10.52437  320.83664   16.47188 5.0252e-02     0.1288     1.0423    77.0704 0.0000e+00
        492 126.533284    0.03410     2.0459    122.756     47.450  51227.222    31.6690     4.2418     47.000     4.2369    25.1140     7.2665    10.3845     98.647    316.570    324.520   -0.00410    7.36611   10.52691  320.91099   16.47536 4.7719e-02     0.1275     1.1773    74.5028 0.0000e+00
        497 126.533298    0.03442     2.0652    123.915     48.458  51228.736    31.6687     4.2380     48.000     4.2340    25.1141     7.2321    10.3353     98.171    315.071    322.984   -0.00524    7.36680   10.52790  320.94129   16.47681 4.5657e-02     0.1366     1.2125    73.8508 0.0000e+00
        501 126.533311    0.03474     2.0843    125.058     49.467  51231.916    31.6697     4.2354     49.000     4.2308    25.1153     7.2000    10.2895     97.731    313.675    321.554   -0.00621    7.36721   10.52848  320.95881   16.47763 4.4261e-02     0.1411     1.2676    72.8440 0.0000e+00
        506 126.533325    0.03507     2.1042    126.255     50.478  51234.795    31.6706     4.2332     50.000     4.2297    25.1162     7.1801    10.2611     97.456    312.808    320.665   -0.00594    7.36756   10.52898  320.97350   16.47833 4.3673e-02     0.1698     1.3224    71.8494 0.0000e+00
        511 126.533338    0.03540     2.1240    127.441     51.487  51238.312    31.6724     4.2328     51.000     4.2294    25.1177     7.1663    10.2414     97.269    312.208    320.050   -0.00533    7.36754   10.52895  320.97220   16.47826 4.2282e-02     0.1591     1.3736    70.9358 0.0000e+00
        516 126.533352    0.03573     2.1438    128.630     52.499  51237.425    31.6713     4.2326     52.000     4.2289    25.1168     7.1571    10.2281     97.142    311.803    319.634   -0.00463    7.36763   10.52908  320.97656   16.47848 4.1892e-02     0.1467     1.4121    70.2556 0.0000e+00
        520 126.533365    0.03604     2.1625    129.752     53.509  51234.761    31.6685     4.2308     53.000     4.2256    25.1148     7.1536    10.2232     97.088    311.652    319.479   -0.00378    7.36810   10.52976  320.99768   16.47949 4.1379e-02     0.1481     1.4384    69.7948 0.0000e+00
