CTD-processing/allCTD/CNV/2021_07-21_ab_s07_cast127_4141.cnv
* Sea-Bird SBE19plus Data File:
* FileName = C:\Users\steve\Desktop\GWA\CTD\2021_07-21_AlongBay\2021_07-21_AB_S_cast127.hex
* Software Version 1.59
* Temperature SN =  4141
* Conductivity SN =  4141
* System UpLoad Time = Jul 22 2021 10:41:28
** Cook Inlet LTM AlongBay
** Date: 07-21-2021
** Station:S07
** Start Time (AKDT):15:21
** Depth (m):147
** Comment:
** Comment:
# nquan = 27
# nvalues = 144                         
# units = specified
# name 0 = scan: Scan Count
# name 1 = timeJ: Julian Days
# name 2 = timeH: Time, Elapsed [hours]
# name 3 = timeM: Time, Elapsed [minutes]
# name 4 = timeS: Time, Elapsed [seconds]
# name 5 = prdM: Pressure, Strain Gauge [db]
# name 6 = specc: Specific Conductance [uS/cm]
# name 7 = sal00: Salinity, Practical [PSU]
# name 8 = tv290C: Temperature [ITS-90, deg C]
# name 9 = depSM: Depth [salt water, m], lat = 59.00
# name 10 = potemp090C: Potential Temperature [ITS-90, deg C]
# name 11 = sigma-é00: Density [sigma-theta, kg/m^3]
# name 12 = sbeox0ML/L: Oxygen, SBE 43 [ml/l]
# name 13 = sbeox0Mg/L: Oxygen, SBE 43 [mg/l]
# name 14 = sbeox0PS: Oxygen, SBE 43 [% saturation]
# name 15 = sbox0Mm/Kg: Oxygen, SBE 43 [umol/kg]
# name 16 = sbeox0Mm/L: Oxygen, SBE 43 [umol/l]
# name 17 = sbox0dV/dT: Oxygen, SBE 43 [dov/dt]
# name 18 = oxsolML/L: Oxygen Saturation, Garcia & Gordon [ml/l]
# name 19 = oxsolMg/L: Oxygen Saturation, Garcia & Gordon [mg/l]
# name 20 = oxsolMm/Kg: Oxygen Saturation, Garcia & Gordon [umol/kg]
# name 21 = n2satMg/L: Nitrogen Saturation [mg/l]
# name 22 = par: PAR/Irradiance, Biospherical/Licor
# name 23 = wetStar: Fluorescence, WET Labs WETstar [mg/m^3]
# name 24 = CStarAt0: Beam Attenuation, WET Labs C-Star [1/m]
# name 25 = CStarTr0: Beam Transmission, WET Labs C-Star [%]
# name 26 = flag: flag
# span 0 =        333,        967       
# span 1 = 202.640486, 202.642322       
# span 2 =    0.02306,    0.06711       
# span 3 =     1.3837,     4.0271       
# span 4 =     83.023,    241.624       
# span 5 =      1.012,    145.401       
# span 6 =  42585.942,  50255.526       
# span 7 =    26.9806,    31.5465       
# span 8 =     7.1712,    13.5529       
# span 9 =      1.000,    144.000       
# span 10 =     7.1578,    13.1225      
# span 11 =    20.0864,    24.6786      
# span 12 =     6.3731,     7.3270      
# span 13 =     9.1078,    10.4710      
# span 14 =     92.649,    112.313      
# span 15 =    277.767,    319.602      
# span 16 =    284.622,    327.222      
# span 17 =   -0.02249,    0.00991      
# span 18 =    6.16012,    6.87898      
# span 19 =    8.80343,    9.83076      
# span 20 =  269.69449,  299.81633      
# span 21 =   14.04874,   15.47109      
# span 22 = 5.6934e-02, 1.5368e+02      
# span 23 =     0.2449,     5.1005      
# span 24 =     0.4937,     2.1185      
# span 25 =    58.8845,    88.3882      
# span 26 = 0.0000e+00, 0.0000e+00      
# interval = meters: 1                  
# start_time = Jul 21 2021 15:20:55 [Instrument's time stamp, header]
# bad_flag = -9.990e-29
*END*
[from data line 54]
        563 202.641153    0.03905     2.3429    140.577     55.533  49833.881    31.4400     8.0585     55.000     8.0302    24.4716     6.5331     9.3365     96.847    284.800    291.769   -0.00131    6.74576    9.64037  294.06938   15.19724 6.4352e-02     0.6401     0.6018    86.0318 0.0000e+00
        568 202.641165    0.03935     2.3612    141.672     56.531  49845.785    31.4397     8.0068     56.000     7.9788    24.4788     6.5209     9.3191     96.554    284.267    291.226   -0.00265    6.75370    9.65170  294.41300   15.21365 6.3807e-02     0.6233     0.6109    85.8364 0.0000e+00
        573 202.641180    0.03970     2.3820    142.923     57.554  49884.429    31.4590     7.9608     57.000     7.9471    24.5004     6.5141     9.3092     96.364    283.960    290.918   -0.00303    6.75987    9.66054  294.67652   15.22615 6.3425e-02     0.5725     0.6366    85.2860 0.0000e+00
        577 202.641192    0.03999     2.3993    143.959     58.551  49895.242    31.4635     7.9443     58.000     7.9316    24.5063     6.5164     9.3126     96.365    284.061    291.022   -0.00230    6.76222    9.66388  294.77668   15.23091 6.2791e-02     0.5268     0.6431    85.1491 0.0000e+00
        581 202.641205    0.04031     2.4186    145.116     59.574  49904.415    31.4673     7.9308     59.000     7.9177    24.5112     6.5135     9.3084     96.295    283.932    290.892   -0.00210    6.76412    9.66660  294.85830   15.23480 6.2620e-02     0.4816     0.6583    84.8259 0.0000e+00
        585 202.641216    0.04057     2.4340    146.038     60.565  49875.661    31.4421     7.9017     60.000     7.8663    24.4956     6.5129     9.3076     96.207    283.911    290.866   -0.00209    6.76969    9.67457  295.10592   15.24672 6.2345e-02     0.5228     0.7100    83.7381 0.0000e+00
        590 202.641230    0.04091     2.4546    147.274     61.601  49943.138    31.4794     7.8428     61.000     7.8354    24.5331     6.5002     9.2895     95.915    283.349    290.300   -0.00325    6.77711    9.68518  295.41865   15.26150 6.1970e-02     0.5016     0.7591    82.7150 0.0000e+00
        594 202.641240    0.04116     2.4695    148.168     62.586  49937.821    31.4747     7.8399     62.000     7.8290    24.5298     6.5031     9.2937     95.948    283.476    290.430   -0.00233    6.77778    9.68613  295.44859   15.26294 6.1862e-02     0.4720     0.7764    82.3581 0.0000e+00
        598 202.641253    0.04147     2.4880    149.282     63.607  49940.776    31.4746     7.8293     63.000     7.8174    24.5312     6.4899     9.2747     95.730    282.899    289.839   -0.00281    6.77940    9.68845  295.51869   15.26629 6.1455e-02     0.4493     0.7641    82.6114 0.0000e+00
        602 202.641265    0.04176     2.5055    150.329     64.613  49946.003    31.4757     7.8160     64.000     7.8048    24.5339     6.4833     9.2653     95.604    282.610    289.544   -0.00297    6.78142    9.69133  295.60577   15.27044 6.1519e-02     0.4945     0.7805    82.2732 0.0000e+00
        607 202.641278    0.04205     2.5231    151.387     65.626  49945.080    31.4728     7.8049     65.000     7.7910    24.5333     6.4868     9.2704     95.630    282.766    289.703   -0.00214    6.78325    9.69395  295.68595   15.27428 6.1345e-02     0.4750     0.7947    81.9811 0.0000e+00
        611 202.641290    0.04236     2.5415    152.490     66.633  49954.848    31.4763     7.7879     66.000     7.7753    24.5385     6.4868     9.2704     95.595    282.763    289.702   -0.00175    6.78572    9.69748  295.79219   15.27934 6.1064e-02     0.4680     0.8212    81.4412 0.0000e+00
        615 202.641303    0.04266     2.5593    153.555     67.642  49960.522    31.4777     7.7749     67.000     7.7630    24.5414     6.4800     9.2606     95.467    282.464    289.396   -0.00206    6.78767    9.70027  295.87621   15.28334 6.1185e-02     0.4721     0.8456    80.9456 0.0000e+00
        620 202.641315    0.04296     2.5774    154.642     68.654  49969.438    31.4819     7.7647     68.000     7.7546    24.5460     6.4762     9.2552     95.392    282.300    289.229   -0.00198    6.78905    9.70223  295.93481   15.28613 6.0818e-02     0.4262     0.8636    80.5816 0.0000e+00
        624 202.641328    0.04325     2.5954    155.724     69.660  49976.155    31.4846     7.7555     69.000     7.7456    24.5495     6.4722     9.2494     95.315    282.123    289.049   -0.00193    6.79037    9.70411  295.99133   15.28881 6.0879e-02     0.5395     0.8802    80.2494 0.0000e+00
        629 202.641342    0.04359     2.6156    156.935     70.675  49987.077    31.4916     7.7540     70.000     7.7497    24.5552     6.4662     9.2408     95.227    281.858    288.779   -0.00191    6.79028    9.70399  295.98584   15.28852 6.0713e-02     0.5459     0.8867    80.1169 0.0000e+00
        633 202.641355    0.04392     2.6349    158.093     71.679  49986.523    31.4914     7.7582     71.000     7.7515    24.5545     6.4678     9.2432     95.260    281.931    288.854   -0.00122    6.78964    9.70307  295.95806   15.28719 6.0605e-02     0.4717     0.8811    80.2287 0.0000e+00
        638 202.641369    0.04425     2.6550    159.297     72.691  49988.950    31.4925     7.7573     72.000     7.7493    24.5555     6.4720     9.2492     95.321    282.114    289.042   -0.00065    6.78973    9.70321  295.96209   15.28739 6.0474e-02     0.4663     0.9055    79.7446 0.0000e+00
        643 202.641384    0.04461     2.6765    160.592     73.704  49984.969    31.4882     7.7505     73.000     7.7376    24.5530     6.4668     9.2417     95.227    281.885    288.807   -0.00095    6.79096    9.70496  296.01626   15.28999 6.0422e-02     0.4499     0.9278    79.2989 0.0000e+00
        649 202.641399    0.04497     2.6979    161.875     74.710  49995.960    31.4929     7.7351     74.000     7.7247    24.5588     6.4621     9.2350     95.127    281.680    288.597   -0.00127    6.79315    9.70809  296.10997   15.29444 6.0270e-02     0.4282     0.9515    78.8304 0.0000e+00
        654 202.641414    0.04533     2.7196    163.178     75.723  50001.168    31.4949     7.7278     75.000     7.7185    24.5615     6.4639     9.2375     95.139    281.756    288.677   -0.00089    6.79419    9.70957  296.15452   15.29656 6.0306e-02     0.4420     0.9606    78.6507 0.0000e+00
        659 202.641428    0.04566     2.7400    164.401     76.732  49994.837    31.4884     7.7182     76.000     7.7015    24.5578     6.4643     9.2381     95.119    281.775    288.694   -0.00073    6.79596    9.71210  296.23258   15.30031 6.0186e-02     0.4617     0.9833    78.2073 0.0000e+00
        664 202.641443    0.04601     2.7605    165.631     77.744  50008.696    31.4937     7.6939     77.000     7.6796    24.5653     6.4539     9.2233     94.918    281.321    288.231   -0.00169    6.79949    9.71715  296.38448   15.30754 6.0126e-02     0.4063     1.0179    77.5327 0.0000e+00
        668 202.641455    0.04632     2.7791    166.748     78.752  50020.246    31.4990     7.6801     78.000     7.6697    24.5714     6.4573     9.2282     94.942    281.470    288.387   -0.00129    6.80140    9.71988  296.46591   15.31141 6.0112e-02     0.4402     1.0393    77.1183 0.0000e+00
        672 202.641468    0.04663     2.7976    167.854     79.760  50028.880    31.5040     7.6766     79.000     7.6706    24.5758     6.4569     9.2275     94.930    281.446    288.363   -0.00095    6.80171    9.72033  296.47834   15.31197 5.9941e-02     0.4640     1.0570    76.7784 0.0000e+00
        677 202.641481    0.04694     2.8162    168.972     80.772  50027.266    31.5031     7.6811     80.000     7.6738    24.5745     6.4551     9.2249     94.912    281.369    288.283   -0.00090    6.80105    9.71938  296.44978   15.31062 5.9938e-02     0.4272     1.0625    76.6748 0.0000e+00
        681 202.641493    0.04723     2.8338    170.027     81.780  50019.908    31.4967     7.6756     81.000     7.6628    24.5702     6.4559     9.2262     94.910    281.409    288.324   -0.00071    6.80219    9.72101  296.50080   15.31308 5.9851e-02     0.4378     1.0589    76.7419 0.0000e+00
        686 202.641506    0.04754     2.8522    171.131     82.791  50027.057    31.4995     7.6651     82.000     7.6537    24.5739     6.4526     9.2213     94.839    281.258    288.170   -0.00097    6.80371    9.72318  296.56573   15.31617 5.9755e-02     0.4023     1.0821    76.2992 0.0000e+00
        690 202.641519    0.04785     2.8709    172.253     83.798  50033.087    31.5021     7.6585     83.000     7.6486    24.5769     6.4483     9.2153     94.765    281.075    287.983   -0.00116    6.80461    9.72447  296.60428   15.31800 5.9710e-02     0.4298     1.1012    75.9346 0.0000e+00
        694 202.641532    0.04816     2.8894    173.362     84.812  50034.506    31.5019     7.6537     84.000     7.6433    24.5773     6.4456     9.2112     94.713    280.952    287.857   -0.00123    6.80537    9.72555  296.63724   15.31957 5.9769e-02     0.4288     1.1145    75.6840 0.0000e+00
        699 202.641545    0.04846     2.9077    174.462     85.817  50038.450    31.5033     7.6487     85.000     7.6394    24.5793     6.4461     9.2121     94.710    280.976    287.882   -0.00091    6.80608    9.72657  296.66777   15.32102 5.9639e-02     0.4358     1.1641    74.7503 0.0000e+00
        704 202.641559    0.04879     2.9276    175.656     86.834  50042.201    31.5053     7.6472     86.000     7.6391    24.5810     6.4443     9.2095     94.683    280.898    287.802   -0.00094    6.80622    9.72677  296.67339   15.32128 5.9551e-02     0.4918     1.1466    75.0778 0.0000e+00
        708 202.641571    0.04910     2.9460    176.757     87.836  50037.301    31.5009     7.6440     87.000     7.6318    24.5780     6.4421     9.2064     94.640    280.801    287.703   -0.00091    6.80691    9.72776  296.70422   15.32277 5.9433e-02     0.4108     1.1646    74.7414 0.0000e+00
        713 202.641586    0.04945     2.9670    178.019     88.850  50009.660    31.4768     7.6175     88.000     7.5818    24.5626     6.4413     9.2053     94.557    280.772    287.669   -0.00115    6.81211    9.73518  296.93529   15.33390 5.9511e-02     0.4750     1.1886    74.2941 0.0000e+00
        718 202.641600    0.04979     2.9878    179.265     89.860  50064.953    31.5055     7.5614     89.000     7.5476    24.5930     6.4362     9.1979     94.378    280.539    287.438   -0.00181    6.81955    9.74582  297.25084   15.34884 5.9364e-02     0.4293     1.2293    73.5412 0.0000e+00
        723 202.641615    0.05014     3.0083    180.500     90.867  50073.912    31.5099     7.5529     90.000     7.5424    24.5976     6.4330     9.1934     94.316    280.400    287.297   -0.00170    6.82067    9.74742  297.29843   15.35109 5.9344e-02     0.3809     1.2535    73.0974 0.0000e+00
        728 202.641630    0.05051     3.0303    181.816     91.884  50077.814    31.5113     7.5477     91.000     7.5383    24.5995     6.4259     9.1832     94.202    280.091    286.981   -0.00183    6.82143    9.74850  297.33093   15.35264 5.9256e-02     0.3949     1.2463    73.2300 0.0000e+00
        733 202.641643    0.05081     3.0490    182.937     92.887  50077.287    31.5104     7.5472     92.000     7.5355    24.5988     6.4307     9.1901     94.271    280.302    287.197   -0.00104    6.82156    9.74868  297.33652   15.35291 5.9323e-02     0.3557     1.2954    72.3359 0.0000e+00
        738 202.641657    0.05115     3.0689    184.136     93.901  50073.783    31.5050     7.5323     93.000     7.5169    24.5966     6.4292     9.1879     94.213    280.235    287.128   -0.00105    6.82411    9.75234  297.44870   15.35829 5.9147e-02     0.3216     1.2798    72.6189 0.0000e+00
        742 202.641670    0.05146     3.0873    185.241     94.907  50081.772    31.5079     7.5192     94.000     7.5058    24.6008     6.4256     9.1828     94.134    280.077    286.968   -0.00131    6.82602    9.75507  297.53078   15.36219 5.9462e-02     0.3313     1.3054    72.1549 0.0000e+00
        746 202.641682    0.05177     3.1060    186.362     95.919  50094.467    31.5154     7.5136     95.000     7.5064    24.6074     6.4297     9.1886     94.186    280.253    287.149   -0.00076    6.82655    9.75584  297.55206   15.36318 5.9174e-02     0.4286     1.3222    71.8521 0.0000e+00
        751 202.641695    0.05206     3.1236    187.416     96.928  50091.799    31.5136     7.5167     96.000     7.5079    24.6055     6.4304     9.1897     94.202    280.285    287.182   -0.00051    6.82616    9.75525  297.53502   15.36237 5.9249e-02     0.3640     1.3438    71.4676 0.0000e+00
        755 202.641707    0.05235     3.1412    188.474     97.939  50089.959    31.5117     7.5155     97.000     7.5051    24.6042     6.4262     9.1837     94.137    280.103    286.995   -0.00076    6.82643    9.75565  297.54748   15.36297 5.9220e-02     0.3829     1.3399    71.5361 0.0000e+00
        759 202.641719    0.05265     3.1590    189.538     98.951  50091.773    31.5119     7.5120     98.000     7.5016    24.6048     6.4232     9.1793     94.085    279.971    286.859   -0.00093    6.82698    9.75644  297.57111   15.36410 5.9119e-02     0.3299     1.3359    71.6071 0.0000e+00
        763 202.641731    0.05294     3.1761    190.565     99.955  50093.628    31.5123     7.5094     99.000     7.4995    24.6055     6.4229     9.1790     94.076    279.958    286.846   -0.00079    6.82736    9.75699  297.58776   15.36489 5.9071e-02     0.3481     1.3261    71.7837 0.0000e+00
        768 202.641744    0.05324     3.1948    191.686    100.970  50094.612    31.5124     7.5083    100.000     7.4983    24.6057     6.4166     9.1699     93.981    279.682    286.563   -0.00111    6.82752    9.75722  297.59471   15.36522 5.9288e-02     0.3757     1.3291    71.7305 0.0000e+00
        772 202.641757    0.05355     3.2133    192.800    101.976  50093.556    31.5107     7.5053    101.000     7.4936    24.6048     6.4164     9.1697     93.970    279.673    286.554   -0.00103    6.82807    9.75799  297.61868   15.36637 5.8654e-02     0.4090     1.3272    71.7634 0.0000e+00
        777 202.641771    0.05388     3.2329    193.976    102.988  50096.934    31.5116     7.4999    102.000     7.4896    24.6063     6.4169     9.1704     93.967    279.697    286.579   -0.00068    6.82886    9.75912  297.65285   15.36800 5.8800e-02     0.3712     1.3268    71.7704 0.0000e+00
        782 202.641784    0.05422     3.2530    195.183    104.001  50100.095    31.5133     7.4996    103.000     7.4903    24.6078     6.4257     9.1831     94.098    280.084    286.975   -0.00003    6.82885    9.75911  297.65168   15.36794 5.8805e-02     0.3491     1.3235    71.8298 0.0000e+00
        786 202.641798    0.05452     3.2716    196.296    105.002  50100.512    31.5132     7.4999    104.000     7.4897    24.6076     6.4237     9.1802     94.068    279.994    286.884   -0.00010    6.82881    9.75904  297.64992   15.36786 5.8844e-02     0.3576     1.3389    71.5543 0.0000e+00
        791 202.641811    0.05486     3.2918    197.511    106.022  50097.630    31.5100     7.4958    105.000     7.4833    24.6057     6.4162     9.1694     93.947    279.667    286.548   -0.00082    6.82959    9.76016  297.68453   15.36952 5.8741e-02     0.3333     1.3226    71.8470 0.0000e+00
        795 202.641824    0.05516     3.3096    198.576    107.027  50103.021    31.5126     7.4918    106.000     7.4809    24.6084     6.4147     9.1672     93.917    279.599    286.479   -0.00086    6.83010    9.76090  297.70623   15.37055 5.8738e-02     0.3089     1.3382    71.5649 0.0000e+00
        800 202.641837    0.05548     3.3283    199.697    108.038  50102.780    31.5117     7.4897    107.000     7.4775    24.6079     6.4143     9.1667     93.907    279.583    286.463   -0.00073    6.83047    9.76143  297.72258   15.37133 5.8649e-02     0.3275     1.3396    71.5409 0.0000e+00
