CTD-processing/allCTD/CNV/2021_06-21_ab_s10_cast072_4141.cnv
* Sea-Bird SBE19plus Data File:
* FileName = C:\Users\steve\Desktop\GWA\CTD\2021_06-21_AB\2021_06-21_AB_S0_cast072.hex
* Software Version 1.59
* Temperature SN =  4141
* Conductivity SN =  4141
* System UpLoad Time = Jun 23 2021 10:16:16
** Cook Inlet LTM AlongBay
** Date: 06-21-2021
** Station:S10
** Start Time (AKDT):12:44
** Depth (m):65
** Comment:
** Comment:
# nquan = 27
# nvalues = 57                          
# units = specified
# name 0 = scan: Scan Count
# name 1 = timeJ: Julian Days
# name 2 = timeH: Time, Elapsed [hours]
# name 3 = timeM: Time, Elapsed [minutes]
# name 4 = timeS: Time, Elapsed [seconds]
# name 5 = prdM: Pressure, Strain Gauge [db]
# name 6 = specc: Specific Conductance [uS/cm]
# name 7 = sal00: Salinity, Practical [PSU]
# name 8 = tv290C: Temperature [ITS-90, deg C]
# name 9 = depSM: Depth [salt water, m], lat = 59.00
# name 10 = potemp090C: Potential Temperature [ITS-90, deg C]
# name 11 = sigma-é00: Density [sigma-theta, kg/m^3]
# name 12 = sbeox0ML/L: Oxygen, SBE 43 [ml/l]
# name 13 = sbeox0Mg/L: Oxygen, SBE 43 [mg/l]
# name 14 = sbeox0PS: Oxygen, SBE 43 [% saturation]
# name 15 = sbox0Mm/Kg: Oxygen, SBE 43 [umol/kg]
# name 16 = sbeox0Mm/L: Oxygen, SBE 43 [umol/l]
# name 17 = sbox0dV/dT: Oxygen, SBE 43 [dov/dt]
# name 18 = oxsolML/L: Oxygen Saturation, Garcia & Gordon [ml/l]
# name 19 = oxsolMg/L: Oxygen Saturation, Garcia & Gordon [mg/l]
# name 20 = oxsolMm/Kg: Oxygen Saturation, Garcia & Gordon [umol/kg]
# name 21 = n2satMg/L: Nitrogen Saturation [mg/l]
# name 22 = par: PAR/Irradiance, Biospherical/Licor
# name 23 = wetStar: Fluorescence, WET Labs WETstar [mg/m^3]
# name 24 = CStarAt0: Beam Attenuation, WET Labs C-Star [1/m]
# name 25 = CStarTr0: Beam Transmission, WET Labs C-Star [%]
# name 26 = flag: flag
# span 0 =        655,        901       
# span 1 = 172.532402, 172.533115       
# span 2 =    0.04542,    0.06253       
# span 3 =     2.7247,     3.7520       
# span 4 =    163.481,    225.120       
# span 5 =      1.023,     57.539       
# span 6 =  41664.531,  50660.146       
# span 7 =    26.2442,    31.6311       
# span 8 =     5.4988,    12.3121       
# span 9 =      1.000,     57.000       
# span 10 =     5.4858,    12.2327      
# span 11 =    19.7452,    24.8878      
# span 12 =     6.8512,     7.8203      
# span 13 =     9.7911,    11.1761      
# span 14 =     95.786,    114.579      
# span 15 =    298.546,    340.975      
# span 16 =    305.976,    349.255      
# span 17 =   -0.01822,    0.01837      
# span 18 =    6.32395,    7.15318      
# span 19 =    9.03756,   10.22261      
# span 20 =  276.69155,  311.70515      
# span 21 =   14.38225,   16.03773      
# span 22 = 5.4967e-02, 8.5177e+02      
# span 23 =     0.1751,     3.9210      
# span 24 =     0.4180,     1.3072      
# span 25 =    72.1267,    90.0781      
# span 26 = 0.0000e+00, 0.0000e+00      
# interval = meters: 1                  
# start_time = Jun 21 2021 12:43:56 [Instrument's time stamp, header]
# bad_flag = -9.990e-29
*END*
        655 172.532402    0.04542     2.7247    163.481      1.023  41664.531    26.2442    12.3121      1.000    12.2327    19.7452     7.0130    10.0223    110.401    307.137    313.201    0.00147    6.35232    9.07811  278.20179   14.45966 8.5177e+02     0.4289     1.2327    73.4795 0.0000e+00
        659 172.532414    0.04570     2.7424    164.543      2.019  42775.891    27.0104    12.2109      2.000    12.2255    20.3558     6.9780     9.9723    110.143    305.423    311.640   -0.00094    6.33544    9.05398  277.29616   14.41314 5.4639e+02     0.4369     1.1302    75.3885 0.0000e+00
        664 172.532427    0.04601     2.7605    165.631      3.028  43458.322    27.4820    12.1568      3.000    11.8735    20.7305     7.0322    10.0497    111.199    307.680    314.058    0.00496    6.32395    9.03756  276.69155   14.38225 3.9002e+02     0.4257     1.0579    76.7613 0.0000e+00
        668 172.532439    0.04633     2.7797    166.782      4.038  44320.977    27.9961    11.1912      4.000    10.5398    21.2954     7.1074    10.1572    110.446    310.798    317.416    0.00054    6.43554    9.19703  281.41756   14.60649 2.7237e+02     0.4697     1.0939    76.0756 0.0000e+00
        673 172.532453    0.04665     2.7989    167.931      5.046  46330.955    29.2279     9.6305      5.000     9.0046    22.5056     7.1882    10.2728    108.797    313.961    321.028   -0.01166    6.60716    9.44229  288.57965   14.94400 1.9603e+02     0.6552     1.2227    73.6707 0.0000e+00
        678 172.532467    0.04698     2.8190    169.143      6.056  48129.630    30.3208     8.3978      6.000     8.1390    23.5446     7.4474    10.6432    110.434    324.950    332.603   -0.00043    6.74348    9.63711  294.23546   15.20973 1.4174e+02     1.1587     1.3072    72.1267 0.0000e+00
        682 172.532481    0.04732     2.8393    170.361      7.067  49007.459    30.8639     7.9267      7.000     7.8727    24.0376     7.6798    10.9752    113.080    334.927    342.979    0.01385    6.79142    9.70562  296.18526   15.30060 9.6089e+01     2.1331     1.2188    73.7406 0.0000e+00
        687 172.532494    0.04765     2.8589    171.536      8.075  49246.415    31.0113     7.8071      8.000     7.7377    24.1700     7.7953    11.1402    114.579    339.921    348.137    0.01837    6.80338    9.72271  296.66845   15.32306 7.0261e+01     3.4475     1.0493    76.9302 0.0000e+00
        692 172.532508    0.04797     2.8778    172.670      9.088  49450.265    31.1246     7.6294      9.000     7.5367    24.2834     7.8203    11.1761    114.567    340.975    349.255    0.01321    6.82597    9.75500  297.62060   15.36803 5.3293e+01     3.9210     0.8928    79.9973 0.0000e+00
        696 172.532519    0.04825     2.8950    173.700     10.093  49778.577    31.3232     7.4484     10.000     7.4040    24.4642     7.7543    11.0817    113.279    338.039    346.309    0.00291    6.84536    9.78271  298.41346   15.40505 4.1895e+01     3.6557     0.7059    83.8204 0.0000e+00
        700 172.532532    0.04854     2.9126    174.755     11.107  49947.643    31.4324     7.3990     11.000     7.4037    24.5567     7.6452    10.9258    111.637    333.252    341.435   -0.00733    6.84822    9.78679  298.51102   15.40926 3.3724e+01     3.2564     0.6417    85.1763 0.0000e+00
        704 172.532543    0.04881     2.9288    175.726     12.111  49921.336    31.4146     7.4052     12.000     7.4033    24.5419     7.5760    10.8268    110.629    330.238    338.343   -0.01106    6.84805    9.78655  298.50792   15.40919 2.7884e+01     2.7176     0.6345    85.3309 0.0000e+00
        708 172.532555    0.04910     2.9461    176.766     13.127  49932.815    31.4220     7.4041     13.000     7.4032    24.5478     7.5348    10.7680    110.031    328.441    336.503   -0.01179    6.84789    9.78633  298.49937   15.40875 2.2800e+01     2.6380     0.6193    85.6574 0.0000e+00
        712 172.532566    0.04937     2.9623    177.737     14.129  49955.466    31.4375     7.4050     14.000     7.4043    24.5599     7.5218    10.7495    109.855    327.872    335.925   -0.00999    6.84705    9.78513  298.45932   15.40677 1.8766e+01     2.4660     0.6199    85.6437 0.0000e+00
        716 172.532579    0.04967     2.9801    178.804     15.145  49959.872    31.4402     7.4057     15.000     7.4034    24.5619     7.5229    10.7510    109.875    327.920    335.974   -0.00735    6.84683    9.78481  298.44899   15.40627 1.5332e+01     2.1414     0.6106    85.8438 0.0000e+00
        720 172.532591    0.04995     2.9970    179.821     16.149  49967.403    31.4446     7.4032     16.000     7.3976    24.5657     7.5264    10.7559    109.922    328.069    336.128   -0.00523    6.84700    9.78506  298.45555   15.40656 1.2534e+01     2.2890     0.6016    86.0368 0.0000e+00
        725 172.532603    0.05026     3.0153    180.919     17.162  50013.760    31.4753     7.3963     17.000     7.4034    24.5908     7.5256    10.7549    109.916    328.028    336.094   -0.00389    6.84672    9.78464  298.43580   15.40550 1.0290e+01     2.4629     0.5842    86.4117 0.0000e+00
        729 172.532616    0.05056     3.0334    182.004     18.171  50002.590    31.4691     7.4088     18.000     7.3919    24.5843     7.5237    10.7522    109.916    327.948    336.011   -0.00291    6.84503    9.78223  298.36388   15.40209 8.5289e+00     2.1229     0.5484    87.1879 0.0000e+00
        733 172.532628    0.05085     3.0514    183.087     19.179  49994.170    31.4554     7.3651     19.000     7.3374    24.5794     7.5181    10.7441    109.713    327.703    335.758   -0.00321    6.85251    9.79292  298.69139   15.41777 7.0839e+00     1.9108     0.5355    87.4708 0.0000e+00
        738 172.532642    0.05117     3.0705    184.232     20.190  49945.047    31.4020     7.2543     20.000     7.1724    24.5523     7.4955    10.7119    109.068    326.730    334.752   -0.00558    6.87239    9.82133  299.56598   15.45972 5.7613e+00     1.5172     0.5195    87.8207 0.0000e+00
        742 172.532654    0.05149     3.0894    185.362     21.196  50098.219    31.4826     7.1053     21.000     7.0672    24.6355     7.4406    10.6334    107.955    324.308    332.298   -0.01039    6.89233    9.84982  300.41039   15.49967 4.6076e+00     1.6840     0.4724    88.8629 0.0000e+00
        747 172.532669    0.05183     3.1096    186.576     22.211  49986.237    31.3724     6.9240     22.000     6.7979    24.5725     7.4078    10.5865    106.953    322.899    330.834   -0.01234    6.92626    9.89832  301.90826   15.57155 3.6200e+00     1.4010     0.4583    89.1738 0.0000e+00
        752 172.532682    0.05215     3.1292    187.755     23.217  50226.934    31.5021     6.7150     23.000     6.6891    24.7015     7.3179    10.4580    105.234    318.938    326.817   -0.01822    6.95392    9.93785  303.07577   15.62670 2.8163e+00     1.1693     0.4510    89.3375 0.0000e+00
        757 172.532697    0.05249     3.1496    188.975     24.228  50409.763    31.6311     6.7288     24.000     6.7818    24.8013     7.2664    10.3844    104.615    316.663    324.517   -0.01635    6.94579    9.92623  302.69173   15.60786 2.1972e+00     0.7768     0.4411    89.5585 0.0000e+00
        762 172.532710    0.05283     3.1697    190.182     25.240  50322.134    31.5877     6.8288     25.000     6.8216    24.7544     7.2542    10.3669    104.652    316.146    323.972   -0.01150    6.93170    9.90609  302.09149   15.57941 1.7859e+00     0.6275     0.4225    89.9761 0.0000e+00
        766 172.532724    0.05314     3.1885    191.312     26.245  50328.345    31.5879     6.8086     26.000     6.7952    24.7572     7.2409    10.3480    104.413    315.568    323.381   -0.00955    6.93492    9.91070  302.23127   15.58608 1.5128e+00     0.6316     0.4180    90.0781 0.0000e+00
        771 172.532736    0.05345     3.2073    192.439     27.257  50211.367    31.4963     6.7535     27.000     6.6699    24.6921     7.2362    10.3412    104.149    315.381    323.168   -0.00838    6.94798    9.92936  302.81969   15.61452 1.3347e+00     0.6015     0.4222    89.9821 0.0000e+00
        775 172.532749    0.05376     3.2257    193.542     28.270  50238.597    31.4772     6.5474     28.000     6.4717    24.7032     7.2122    10.3069    103.294    314.330    322.095   -0.01055    6.98220    9.97827  304.30775   15.68554 1.1842e+00     0.5353     0.4501    89.3589 0.0000e+00
        779 172.532761    0.05404     3.2424    194.543     29.274  50252.650    31.4610     6.4097     29.000     6.3275    24.7076     7.1822    10.2640    102.523    313.021    320.754   -0.01247    7.00539   10.01141  305.31731   15.73373 1.0384e+00     0.5220     0.4753    88.7968 0.0000e+00
        783 172.532773    0.05433     3.2597    195.583     30.287  50369.406    31.5116     6.2509     30.000     6.2132    24.7671     7.1559    10.2265    101.804    311.857    319.581   -0.01297    7.02907   10.04525  306.33161   15.78187 9.0080e-01     0.4612     0.4932    88.3996 0.0000e+00
        787 172.532784    0.05460     3.2763    196.579     31.294  50445.339    31.5547     6.2034     31.000     6.1930    24.8069     7.1230    10.1796    101.253    310.415    318.115   -0.01317    7.03488   10.05355  306.57276   15.79319 7.6363e-01     0.3918     0.4888    88.4966 0.0000e+00
        791 172.532796    0.05489     3.2934    197.603     32.304  50448.710    31.5533     6.1864     32.000     6.1759    24.8079     7.1152    10.1683    101.101    310.075    317.766   -0.01070    7.03776   10.05767  306.69801   15.79916 6.3704e-01     0.3223     0.4829    88.6268 0.0000e+00
        796 172.532809    0.05518     3.3109    198.655     33.315  50462.037    31.5595     6.1732     33.000     6.1683    24.8144     7.1000    10.1466    100.857    309.408    317.085   -0.00934    7.03965   10.06036  306.77825   15.80296 5.2255e-01     0.3481     0.4844    88.5947 0.0000e+00
        800 172.532820    0.05547     3.3278    199.669     34.322  50459.313    31.5564     6.1693     34.000     6.1622    24.8124     7.0982    10.1441    100.821    309.331    317.006   -0.00744    7.04043   10.06146  306.81245   15.80460 4.3040e-01     0.3029     0.4845    88.5924 0.0000e+00
        804 172.532833    0.05577     3.3462    200.774     35.334  50432.251    31.5336     6.1502     35.000     6.1198    24.7967     7.1064    10.1557    100.876    309.689    317.369   -0.00519    7.04464   10.06749  307.00099   15.81368 3.5303e-01     0.2727     0.4954    88.3500 0.0000e+00
        808 172.532845    0.05607     3.3641    201.846     36.342  50438.243    31.5227     6.0747     36.000     6.0410    24.7973     7.0987    10.1447    100.582    309.357    317.029   -0.00534    7.05764   10.08607  307.56728   15.84071 3.0012e-01     0.2821     0.5331    87.5240 0.0000e+00
        813 172.532859    0.05638     3.3827    202.962     37.354  50477.883    31.5396     6.0234     37.000     5.9990    24.8168     7.0739    10.1093    100.121    308.270    315.921   -0.00645    7.06537   10.09712  307.89830   15.85641 2.4750e-01     0.2980     0.5645    86.8370 0.0000e+00
        817 172.532871    0.05669     3.4013    204.079     38.361  50481.640    31.5303     5.9646     38.000     5.9365    24.8164     7.0568    10.0848     99.734    307.524    315.155   -0.00676    7.07558   10.11170  308.34324   15.87765 2.0459e-01     0.2588     0.5981    86.1121 0.0000e+00
        822 172.532885    0.05700     3.4204    205.226     39.374  50535.531    31.5589     5.9226     39.000     5.9156    24.8440     7.0274    10.0429     99.241    306.238    313.846   -0.00759    7.08123   10.11978  308.58109   15.88887 1.7477e-01     0.2581     0.6167    85.7129 0.0000e+00
        827 172.532898    0.05733     3.4397    206.384     40.380  50535.075    31.5556     5.9104     40.000     5.9016    24.8429     7.0141    10.0238     99.021    305.656    313.249   -0.00680    7.08343   10.12292  308.67735   15.89347 1.5280e-01     0.2349     0.6255    85.5251 0.0000e+00
        831 172.532912    0.05767     3.4599    207.591     41.390  50539.101    31.5558     5.8993     41.000     5.8911    24.8443     7.0053    10.0112     98.871    305.271    312.856   -0.00566    7.08526   10.12554  308.75676   15.89725 1.3355e-01     0.2194     0.6339    85.3448 0.0000e+00
        836 172.532926    0.05800     3.4799    208.795     42.401  50543.325    31.5559     5.8876     42.000     5.8789    24.8459     7.0025    10.0074     98.806    305.153    312.735   -0.00450    7.08721   10.12834  308.84154   15.90128 1.2079e-01     0.2311     0.6467    85.0707 0.0000e+00
        841 172.532940    0.05833     3.4999    209.992     43.412  50552.118    31.5587     5.8734     43.000     5.8646    24.8498     6.9893     9.9884     98.588    304.575    312.143   -0.00439    7.08945   10.13153  308.93773   15.90586 1.0837e-01     0.2390     0.6827    84.3112 0.0000e+00
        845 172.532952    0.05864     3.5186    211.115     44.418  50549.157    31.5530     5.8575     44.000     5.8444    24.8471     6.9753     9.9684     98.349    303.964    311.516   -0.00446    7.09238   10.13571  309.06609   15.91199 9.7527e-02     0.2485     0.7158    83.6149 0.0000e+00
        850 172.532966    0.05896     3.5376    212.253     45.432  50572.793    31.5662     5.8440     45.000     5.8385    24.8591     6.9635     9.9516     98.161    303.449    310.993   -0.00436    7.09400   10.13803  309.13330   15.91514 8.9080e-02     0.2504     0.7090    83.7568 0.0000e+00
        854 172.532978    0.05925     3.5548    213.287     46.439  50566.584    31.5603     5.8381     46.000     5.8271    24.8552     6.9589     9.9450     98.079    303.249    310.786   -0.00379    7.09526   10.13983  309.18945   15.91785 8.1935e-02     0.2359     0.6968    84.0132 0.0000e+00
        858 172.532990    0.05953     3.5722    214.329     47.448  50543.744    31.5392     5.8140     47.000     5.7845    24.8414     6.9649     9.9534     98.093    303.511    311.050   -0.00289    7.10030   10.14705  309.41344   15.92860 7.6042e-02     0.2019     0.6754    84.4635 0.0000e+00
        863 172.533002    0.05983     3.5899    215.394     48.460  50578.866    31.5526     5.7620     48.000     5.7448    24.8581     6.9673     9.9570     98.016    303.613    311.161   -0.00259    7.10839   10.15860  309.76067   15.94509 7.1665e-02     0.2173     0.7132    83.6703 0.0000e+00
        867 172.533014    0.06011     3.6067    216.403     49.465  50586.285    31.5521     5.7363     49.000     5.7156    24.8607     6.9639     9.9521     97.908    303.465    311.009   -0.00261    7.11271   10.16478  309.94826   15.95402 6.6905e-02     0.2088     0.8022    81.8289 0.0000e+00
        871 172.533027    0.06042     3.6251    217.506     50.481  50570.724    31.5323     5.6935     50.000     5.6598    24.8499     6.9542     9.9382     97.660    303.042    310.573   -0.00318    7.12085   10.17642  310.30629   15.97116 6.3990e-02     0.2028     0.8355    81.1505 0.0000e+00
        875 172.533038    0.06070     3.6422    218.535     51.484  50591.905    31.5328     5.6261     51.000     5.5979    24.8581     6.9259     9.8978     97.108    301.808    309.312   -0.00522    7.13220   10.19263  310.79825   15.99459 6.1115e-02     0.1905     0.8516    80.8236 0.0000e+00
        880 172.533052    0.06102     3.6613    219.679     52.501  50628.756    31.5483     5.5798     52.000     5.5670    24.8758     6.8934     9.8515     96.557    300.391    307.863   -0.00686    7.13928   10.20274  311.10118   16.00895 6.0354e-02     0.1854     0.8580    80.6953 0.0000e+00
        884 172.533064    0.06131     3.6788    220.727     53.505  50647.723    31.5585     5.5678     53.000     5.5613    24.8851     6.8808     9.8333     96.358    299.835    307.297   -0.00626    7.14083   10.20495  311.16581   16.01199 5.7829e-02     0.1802     0.8614    80.6252 0.0000e+00
