CTD-processing/allCTD/CNV/2021_02-17_t9_s03_cast163_5028.cnv
* Sea-Bird SBE19plus Data File:
* FileName = C:\Users\steve\Desktop\GWA CTD\2021_02-17_T9\2021_02-17_T9_S0_cast163.hex
* Software Version 1.59
* Temperature SN =  5028
* Conductivity SN =  5028
* System UpLoad Time = Feb 18 2021 15:29:45
** Cook Inlet LTM T4
** Date: 02-17-2021
** Station:S03
** Start Time (AKST):13:55
** Depth (m):93
** Comment:
** Comment:
# nquan = 27
# nvalues = 88                          
# units = specified
# name 0 = scan: Scan Count
# name 1 = timeJ: Julian Days
# name 2 = timeH: Time, Elapsed [hours]
# name 3 = timeM: Time, Elapsed [minutes]
# name 4 = timeS: Time, Elapsed [seconds]
# name 5 = prdM: Pressure, Strain Gauge [db]
# name 6 = specc: Specific Conductance [uS/cm]
# name 7 = sal00: Salinity, Practical [PSU]
# name 8 = tv290C: Temperature [ITS-90, deg C]
# name 9 = depSM: Depth [salt water, m], lat = 59.00
# name 10 = potemp090C: Potential Temperature [ITS-90, deg C]
# name 11 = sigma-é00: Density [sigma-theta, kg/m^3]
# name 12 = sbeox0ML/L: Oxygen, SBE 43 [ml/l]
# name 13 = sbeox0Mg/L: Oxygen, SBE 43 [mg/l]
# name 14 = sbeox0PS: Oxygen, SBE 43 [% saturation]
# name 15 = sbox0Mm/Kg: Oxygen, SBE 43 [umol/kg]
# name 16 = sbeox0Mm/L: Oxygen, SBE 43 [umol/l]
# name 17 = sbox0dV/dT: Oxygen, SBE 43 [dov/dt]
# name 18 = oxsolML/L: Oxygen Saturation, Garcia & Gordon [ml/l]
# name 19 = oxsolMg/L: Oxygen Saturation, Garcia & Gordon [mg/l]
# name 20 = oxsolMm/Kg: Oxygen Saturation, Garcia & Gordon [umol/kg]
# name 21 = potemp090C: Potential Temperature [ITS-90, deg C]
# name 22 = n2satMg/L: Nitrogen Saturation [mg/l]
# name 23 = par: PAR/Irradiance, Biospherical/Licor
# name 24 = flECO-AFL: Fluorescence, WET Labs ECO-AFL/FL [mg/m^3]
# name 25 = turbWETntu0: Turbidity, WET Labs ECO [NTU]
# name 26 = flag: flag
# span 0 =        348,        747       
# span 1 =  48.581132,  48.582286       
# span 2 =    0.02411,    0.05182       
# span 3 =     1.4467,     3.1088       
# span 4 =     86.804,    186.531       
# span 5 =      1.010,     88.848       
# span 6 =  50594.410,  50936.739       
# span 7 =    30.9741,    31.5142       
# span 8 =     3.0639,     4.5209       
# span 9 =      1.000,     88.000       
# span 10 =     3.1097,     4.5152      
# span 11 =    24.6673,    24.9634      
# span 12 =     6.7717,    10.4240      
# span 13 =     9.6774,    14.8968      
# span 14 =     88.896,    141.243      
# span 15 =    295.143,    454.221      
# span 16 =    302.424,    465.533      
# span 17 =   -0.03451,    0.04393      
# span 18 =    7.32411,    7.61821      
# span 19 =   10.46687,   10.88719      
# span 20 =  319.12803,  332.03883      
# span 21 =     3.0638,     4.5148      
# span 22 =   16.39118,   17.00709      
# span 23 = 3.7976e-02, 4.3875e+01      
# span 24 =     0.2784,     0.4459      
# span 25 =     0.7460,     1.4121      
# span 26 = 0.0000e+00, 0.0000e+00      
# interval = meters: 1                  
# start_time = Feb 17 2021 13:55:23 [Instrument's time stamp, header]
# bad_flag = -9.990e-29
*END*
        348  48.581132    0.02411     1.4467     86.804      1.010  50594.410    30.9741     3.0639      1.000     3.1097    24.6673     6.7717     9.6774     88.896    295.143    302.424    0.00086    7.61821   10.88719  332.03883     3.0638   17.00709 4.3875e+01     0.2784     1.3950 0.0000e+00
        353  48.581145    0.02442     1.4653     87.916      2.018  50875.682    31.2048     3.2261      2.000     3.3564    24.8375     7.0469    10.0708     93.031    307.087    314.716    0.02159    7.57578   10.82656  330.13486     3.2260   16.91571 3.4109e+01     0.2803     1.4121 0.0000e+00
        357  48.581157    0.02470     1.4825     88.947      3.028  50827.946    31.2340     3.4729      3.000     3.5422    24.8396     7.2524    10.3644     96.342    316.041    323.892    0.03381    7.52815   10.75848  328.05829     3.4727   16.81693 3.6331e+01     0.2990     1.2793 0.0000e+00
        361  48.581169    0.02501     1.5003     90.020      4.037  50740.398    31.2006     3.5792      4.000     3.5993    24.8036     7.3348    10.4822     97.667    319.644    327.572    0.03264    7.51013   10.73272  327.28421     3.5789   16.78028 4.0558e+01     0.3342     1.1846 0.0000e+00
        365  48.581182    0.02531     1.5182     91.091      5.047  50737.723    31.2074     3.6165      5.000     3.6306    24.8058     7.3320    10.4781     97.722    319.519    327.444    0.02431    7.50288   10.72236  326.96786     3.6162   16.76522 4.0715e+01     0.3616     1.1661 0.0000e+00
        370  48.581195    0.02562     1.5371     92.227      6.057  50735.248    31.2122     3.6452      6.000     3.6557    24.8070     7.3714    10.5345     98.321    321.239    329.207    0.02032    7.49734   10.71445  326.72614     3.6449   16.75371 3.6582e+01     0.4001     1.1524 0.0000e+00
        375  48.581208    0.02594     1.5565     93.392      7.066  50769.309    31.2427     3.6773      7.000     3.7019    24.8283     7.4921    10.7070    100.031    326.492    334.599    0.02269    7.48987   10.70378  326.39403     3.6769   16.73780 3.0650e+01     0.4332     1.1410 0.0000e+00
        379  48.581221    0.02624     1.5746     94.475      8.076  50767.780    31.2540     3.7300      8.000     3.7484    24.8325     7.6957    10.9979    102.890    335.361    343.689    0.03079    7.47963   10.68914  325.94628     3.7295   16.71647 2.5241e+01     0.4459     1.1000 0.0000e+00
        383  48.581233    0.02654     1.5921     95.527      9.084  50760.657    31.2570     3.7651      9.000     3.7776    24.8318     7.9300    11.3328    106.117    345.575    354.156    0.03917    7.47305   10.67974  325.65982     3.7645   16.70283 2.0692e+01     0.4380     1.0796 0.0000e+00
        387  48.581245    0.02683     1.6098     96.585     10.095  50766.663    31.2673     3.7931     10.000     3.8066    24.8374     8.1377    11.6296    108.978    354.621    363.430    0.04393    7.46739   10.67165  325.41125     3.7925   16.69099 1.6881e+01     0.4352     1.0600 0.0000e+00
        392  48.581258    0.02713     1.6280     97.683     11.104  50770.677    31.2770     3.8242     11.000     3.8379    24.8423     8.2603    11.8048    110.710    359.961    368.904    0.04129    7.46122   10.66283  325.14085     3.8235   16.67809 1.3677e+01     0.4290     1.0459 0.0000e+00
        396  48.581270    0.02742     1.6454     98.726     12.114  50785.135    31.2947     3.8588     12.000     3.8781    24.8531     8.3232    11.8947    111.662    362.702    371.716    0.03557    7.45401   10.65253  324.82341     3.8580   16.66293 1.1251e+01     0.4141     1.0277 0.0000e+00
        400  48.581282    0.02771     1.6624     99.743     13.123  50779.375    31.2998     3.8987     13.000     3.9128    24.8534     8.3824    11.9794    112.570    365.284    374.363    0.03125    7.44649   10.64179  324.49546     3.8978   16.64731 9.1268e+00     0.4036     1.0208 0.0000e+00
        404  48.581293    0.02797     1.6779    100.673     14.132  50775.703    31.3031     3.9254     14.000     3.9366    24.8536     8.4309    12.0487    113.297    367.396    376.527    0.02770    7.44145   10.63458  324.27571     3.9245   16.63686 7.4542e+00     0.4062     1.0176 0.0000e+00
        408  48.581306    0.02829     1.6975    101.849     15.142  50776.552    31.3096     3.9524     15.000     3.9644    24.8562     8.4682    12.1019    113.878    369.017    378.189    0.02285    7.43621   10.62708  324.04638     3.9515   16.62593 6.0994e+00     0.4054     1.0114 0.0000e+00
        413  48.581319    0.02859     1.7156    102.936     16.151  50786.768    31.3237     3.9848     16.000     3.9994    24.8644     8.4896    12.1325    114.267    369.949    379.147    0.01842    7.42963   10.61768  323.75718     3.9838   16.61212 4.9854e+00     0.4031     1.0127 0.0000e+00
        417  48.581331    0.02888     1.7329    103.975     17.161  50774.373    31.3211     4.0113     17.000     4.0188    24.8598     8.5676    12.2439    115.390    373.348    382.630    0.01925    7.42496   10.61102  323.55539     4.0102   16.60253 4.1261e+00     0.3843     1.0069 0.0000e+00
        421  48.581343    0.02919     1.7511    105.065     18.171  50785.737    31.3330     4.0314     18.000     4.0446    24.8674     8.6507    12.3627    116.576    376.967    386.341    0.02008    7.42073   10.60496  323.36840     4.0302   16.59359 3.4045e+00     0.3838     0.9903 0.0000e+00
        426  48.581356    0.02950     1.7701    106.204     19.180  50797.322    31.3492     4.0686     19.000     4.0864    24.8767     8.7498    12.5044    118.031    381.282    390.767    0.02168    7.41319   10.59418  323.03688     4.0674   16.57776 2.8133e+00     0.3731     0.9837 0.0000e+00
        430  48.581369    0.02980     1.7883    107.298     20.190  50815.690    31.3719     4.1139     20.000     4.1381    24.8903     8.8688    12.6743    119.787    386.459    396.078    0.02465    7.40387   10.58087  322.62656     4.1126   16.55816 2.3231e+00     0.3668     0.9825 0.0000e+00
        434  48.581381    0.03009     1.8055    108.333     21.199  50795.959    31.3691     4.1616     21.000     4.1705    24.8835     9.0032    12.8664    121.741    392.320    402.082    0.02831    7.39542   10.56879  322.26048     4.1602   16.54076 1.9208e+00     0.3799     0.9829 0.0000e+00
        438  48.581393    0.03038     1.8229    109.373     22.208  50766.763    31.3511     4.1723     22.000     4.1611    24.8682     9.1434    13.0669    123.654    398.439    408.347    0.03089    7.39439   10.56732  322.22030     4.1709   16.53893 1.5943e+00     0.3725     0.9712 0.0000e+00
        443  48.581406    0.03068     1.8410    110.461     23.218  50773.671    31.3491     4.1456     23.000     4.1329    24.8692     9.2746    13.2543    125.344    404.152    414.203    0.03113    7.39929   10.57433  322.43363     4.1441   16.54908 1.3332e+00     0.3638     0.9464 0.0000e+00
        447  48.581419    0.03098     1.8591    111.545     24.228  50801.800    31.3637     4.1282     24.000     4.1260    24.8825     9.4075    13.4444    127.100    409.941    420.142    0.03142    7.40170   10.57777  322.53445     4.1266   16.55381 1.1144e+00     0.3601     0.9145 0.0000e+00
        451  48.581430    0.03127     1.8764    112.584     25.238  50815.285    31.3727     4.1295     25.000     4.1325    24.8895     9.5666    13.6717    129.261    416.869    427.245    0.03417    7.40100   10.57676  322.50177     4.1280   16.55222 9.3576e-01     0.3510     0.9027 0.0000e+00
        456  48.581443    0.03158     1.8946    113.676     26.247  50825.952    31.3824     4.1419     26.000     4.1483    24.8960     9.7336    13.9103    131.566    424.143    434.702    0.03678    7.39830   10.57291  322.38210     4.1402   16.54649 7.8525e-01     0.3433     0.8811 0.0000e+00
        460  48.581455    0.03188     1.9125    114.748     27.256  50824.388    31.3846     4.1581     27.000     4.1631    24.8962     9.8771    14.1154    133.560    430.396    441.111    0.03719    7.39527   10.56859  322.25006     4.1564   16.54020 6.5971e-01     0.3481     0.8741 0.0000e+00
        465  48.581469    0.03220     1.9321    115.924     28.266  50822.262    31.3863     4.1736     28.000     4.1771    24.8960    10.0132    14.3098    135.452    436.324    447.187    0.03611    7.39239   10.56447  322.12461     4.1718   16.53423 5.5515e-01     0.3529     0.8949 0.0000e+00
        470  48.581483    0.03254     1.9525    117.150     29.275  50818.615    31.3858     4.1848     29.000     4.1860    24.8946    10.1278    14.4737    137.041    441.322    452.309    0.03325    7.39041   10.56163  322.03860     4.1829   16.53014 4.6587e-01     0.3485     0.9023 0.0000e+00
        474  48.581496    0.03286     1.9714    118.285     30.285  50822.284    31.3896     4.1923     30.000     4.1948    24.8968    10.2263    14.6144    138.401    445.611    456.705    0.03079    7.38887   10.55942  321.97061     4.1904   16.52689 3.9359e-01     0.3389     0.8880 0.0000e+00
        479  48.581510    0.03319     1.9913    119.478     31.295  50830.169    31.3975     4.2054     31.000     4.2107    24.9019    10.3131    14.7384    139.628    449.392    460.583    0.02805    7.38612   10.55551  321.84959     4.2034   16.52111 3.3320e-01     0.3394     0.8679 0.0000e+00
        484  48.581524    0.03351     2.0104    120.626     32.304  50825.648    31.3975     4.2207     32.000     4.2222    24.9003    10.3782    14.8315    140.562    452.229    463.490    0.02483    7.38337   10.55158  321.73022     4.2187   16.51543 2.8205e-01     0.3495     0.8841 0.0000e+00
        488  48.581537    0.03383     2.0299    121.795     33.314  50823.275    31.3969     4.2270     33.000     4.2265    24.8993    10.4098    14.8765    141.010    453.604    464.898    0.02009    7.38227   10.55000  321.68260     4.2249   16.51317 2.3849e-01     0.3398     0.8862 0.0000e+00
        493  48.581550    0.03414     2.0484    122.901     34.324  50826.296    31.3993     4.2311     34.000     4.2310    24.9008    10.4229    14.8953    141.204    454.177    465.486    0.01556    7.38143   10.54880  321.64548     4.2288   16.51139 2.0311e-01     0.3266     0.8971 0.0000e+00
        497  48.581563    0.03445     2.0672    124.034     35.333  50832.898    31.4047     4.2369     35.000     4.2388    24.9045    10.4240    14.8968    141.243    454.221    465.533    0.01138    7.38012   10.54693  321.58719     4.2346   16.50860 1.7281e-01     0.3308     0.9039 0.0000e+00
        501  48.581575    0.03474     2.0843    125.059     36.343  50835.331    31.4079     4.2459     36.000     4.2468    24.9062    10.4205    14.8919    141.231    454.070    465.379    0.00824    7.37836   10.54441  321.50985     4.2435   16.50491 1.4806e-01     0.3272     0.9127 0.0000e+00
        506  48.581588    0.03506     2.1034    126.207     37.352  50831.903    31.4064     4.2518     37.000     4.2501    24.9045    10.4037    14.8679    141.022    453.340    464.630    0.00494    7.37737   10.54299  321.46718     4.2494   16.50289 1.2732e-01     0.3293     0.9018 0.0000e+00
        510  48.581600    0.03535     2.1208    127.249     38.362  50833.796    31.4076     4.2533     38.000     4.2521    24.9052    10.3609    14.8067    140.448    451.473    462.717    0.00068    7.37704   10.54252  321.45259     4.2508   16.50218 1.1037e-01     0.3348     0.9265 0.0000e+00
        514  48.581613    0.03565     2.1388    128.330     39.372  50836.656    31.4099     4.2569     39.000     4.2564    24.9067    10.3134    14.7389    139.819    449.405    460.598   -0.00274    7.37628   10.54144  321.41900     4.2544   16.50058 9.6130e-02     0.3262     0.9406 0.0000e+00
        519  48.581626    0.03597     2.1582    129.493     40.381  50837.890    31.4114     4.2618     40.000     4.2610    24.9074    10.2424    14.6374    138.874    446.309    457.426   -0.00674    7.37534   10.54009  321.37779     4.2591   16.49861 8.4296e-02     0.3203     0.9043 0.0000e+00
        523  48.581639    0.03628     2.1767    130.604     41.391  50844.803    31.4166     4.2663     41.000     4.2681    24.9111    10.1613    14.5215    137.794    442.773    453.803   -0.01044    7.37426   10.53855  321.32969     4.2636   16.49630 7.4684e-02     0.3187     0.9060 0.0000e+00
        528  48.581652    0.03661     2.1962    131.772     42.400  50848.149    31.4210     4.2778     42.000     4.2785    24.9136    10.0577    14.3734    136.430    438.255    449.174   -0.01432    7.37198   10.53530  321.22966     4.2750   16.49153 6.6980e-02     0.3243     0.9131 0.0000e+00
        532  48.581665    0.03690     2.2142    132.851     43.411  50845.197    31.4198     4.2834     43.000     4.2818    24.9120     9.9555    14.2274    135.062    433.805    444.612   -0.01756    7.37105   10.53397  321.18967     4.2805   16.48963 6.0725e-02     0.3321     0.9284 0.0000e+00
        537  48.581677    0.03720     2.2322    133.929     44.420  50847.175    31.4213     4.2864     44.000     4.2849    24.9129     9.8440    14.0681    133.561    428.948    439.634   -0.02053    7.37044   10.53309  321.16256     4.2834   16.48833 5.5551e-02     0.3326     0.9248 0.0000e+00
        541  48.581691    0.03751     2.2507    135.043     45.430  50847.139    31.4215     4.2893     45.000     4.2871    24.9128     9.7142    13.8825    131.808    423.288    433.833   -0.02383    7.36992   10.53234  321.13988     4.2863   16.48726 5.1339e-02     0.3417     0.9302 0.0000e+00
        546  48.581703    0.03784     2.2700    136.202     46.439  50849.981    31.4234     4.2916     46.000     4.2904    24.9141     9.5701    13.6767    129.863    417.013    427.403   -0.02689    7.36940   10.53161  321.11692     4.2885   16.48615 4.7919e-02     0.3360     0.9011 0.0000e+00
        550  48.581717    0.03815     2.2893    137.360     47.449  50852.178    31.4256     4.2964     47.000     4.2952    24.9153     9.4228    13.4661    127.880    410.592    420.823   -0.02933    7.36843   10.53022  321.07438     4.2933   16.48412 4.5101e-02     0.3252     0.9033 0.0000e+00
        555  48.581731    0.03849     2.3096    138.578     48.460  50851.744    31.4256     4.2999     48.000     4.2974    24.9150     9.2561    13.2279    125.628    403.327    413.376   -0.03197    7.36780   10.52933  321.04727     4.2967   16.48283 4.2795e-02     0.3113     0.9147 0.0000e+00
        560  48.581744    0.03881     2.3283    139.700     49.469  50854.702    31.4275     4.3019     49.000     4.2999    24.9164     9.1141    13.0249    123.710    397.140    407.036   -0.03297    7.36734   10.52866  321.02656     4.2987   16.48184 4.0972e-02     0.3264     0.9390 0.0000e+00
        565  48.581758    0.03915     2.3489    140.932     50.478  50855.893    31.4285     4.3046     50.000     4.3020    24.9169     8.9513    12.7923    121.509    390.048    399.767   -0.03410    7.36682   10.52792  321.00375     4.3013   16.48075 3.9450e-02     0.3286     0.9346 0.0000e+00
        570  48.581773    0.03948     2.3689    142.137     51.488  50860.302    31.4314     4.3066     51.000     4.3042    24.9191     8.8008    12.5773    119.475    383.490    393.046   -0.03451    7.36631   10.52720  320.98087     4.3032   16.47965 3.8321e-02     0.3180     0.9532 0.0000e+00
        574  48.581786    0.03981     2.3886    143.316     52.498  50862.580    31.4329     4.3082     52.000     4.3046    24.9200     8.6784    12.4023    117.818    378.153    387.577   -0.03298    7.36595   10.52668  320.96488     4.3048   16.47889 3.8001e-02     0.3195     0.8816 0.0000e+00
        579  48.581800    0.04013     2.4078    144.469     53.507  50866.497    31.4350     4.3079     53.000     4.3048    24.9217     8.5707    12.2484    116.356    373.461    382.768   -0.03115    7.36590   10.52660  320.96207     4.3044   16.47874 3.7980e-02     0.3122     0.8601 0.0000e+00
