CTD-processing/allCTD/CNV/2021-01-13_alongbay_skb03_cast108_5028.cnv
* Sea-Bird SBE19plus Data File:
* FileName = C:\Users\steve\Desktop\GWA CTD\2021_01-13_AlongBay\2021-01-13_AlongBay_SKB_cast108.hex
* Software Version 1.59
* Temperature SN =  5028
* Conductivity SN =  5028
* System UpLoad Time = Jan 14 2021 14:53:33
** Cook Inlet LTM AlongBay
** Date: 01-13-2020
** Station:SKB03
** Start Time (AKST):11:35
** Depth (m):111
** Comment:
** Comment:
# nquan = 27
# nvalues = 105                         
# units = specified
# name 0 = scan: Scan Count
# name 1 = timeJ: Julian Days
# name 2 = timeH: Time, Elapsed [hours]
# name 3 = timeM: Time, Elapsed [minutes]
# name 4 = timeS: Time, Elapsed [seconds]
# name 5 = prdM: Pressure, Strain Gauge [db]
# name 6 = specc: Specific Conductance [uS/cm]
# name 7 = sal00: Salinity, Practical [PSU]
# name 8 = tv290C: Temperature [ITS-90, deg C]
# name 9 = depSM: Depth [salt water, m], lat = 59.00
# name 10 = potemp090C: Potential Temperature [ITS-90, deg C]
# name 11 = sigma-é00: Density [sigma-theta, kg/m^3]
# name 12 = sbeox0ML/L: Oxygen, SBE 43 [ml/l]
# name 13 = sbeox0Mg/L: Oxygen, SBE 43 [mg/l]
# name 14 = sbeox0PS: Oxygen, SBE 43 [% saturation]
# name 15 = sbox0Mm/Kg: Oxygen, SBE 43 [umol/kg]
# name 16 = sbeox0Mm/L: Oxygen, SBE 43 [umol/l]
# name 17 = sbox0dV/dT: Oxygen, SBE 43 [dov/dt]
# name 18 = oxsolML/L: Oxygen Saturation, Garcia & Gordon [ml/l]
# name 19 = oxsolMg/L: Oxygen Saturation, Garcia & Gordon [mg/l]
# name 20 = oxsolMm/Kg: Oxygen Saturation, Garcia & Gordon [umol/kg]
# name 21 = potemp090C: Potential Temperature [ITS-90, deg C]
# name 22 = n2satMg/L: Nitrogen Saturation [mg/l]
# name 23 = par: PAR/Irradiance, Biospherical/Licor
# name 24 = flECO-AFL: Fluorescence, WET Labs ECO-AFL/FL [mg/m^3]
# name 25 = turbWETntu0: Turbidity, WET Labs ECO [NTU]
# name 26 = flag: flag
# span 0 =        443,       1089       
# span 1 =  13.483849,  13.485717       
# span 2 =    0.03071,    0.07552       
# span 3 =     1.8426,     4.5314       
# span 4 =    110.559,    271.883       
# span 5 =      1.009,    106.018       
# span 6 =  50176.017,  50266.453       
# span 7 =    31.2987,    31.3133       
# span 8 =     5.7555,     5.7911       
# span 9 =      1.000,    105.000       
# span 10 =     5.7519,     5.7909      
# span 11 =    24.6547,    24.6686      
# span 12 =     6.5698,    10.9978      
# span 13 =     9.3889,    15.7170      
# span 14 =     92.330,    154.505      
# span 15 =    286.347,    479.341      
# span 16 =    293.408,    491.161      
# span 17 =   -0.03414,    0.04922      
# span 18 =    7.11533,    7.12089      
# span 19 =   10.16851,   10.17646      
# span 20 =  310.12395,  310.36282      
# span 21 =     5.7519,     5.7908      
# span 22 =   15.96341,   15.97476      
# span 23 = 3.7976e-02, 1.6812e+01      
# span 24 =     0.2408,     0.2868      
# span 25 =     0.5964,     0.8576      
# span 26 = 0.0000e+00, 0.0000e+00      
# interval = meters: 1                  
# start_time = Jan 13 2021 11:34:54 [Instrument's time stamp, header]
# bad_flag = -9.990e-29
*END*
[from data line 54]
        698  13.484585    0.04837     2.9023    174.140     55.526  50235.492    31.3113     5.7568     55.000     5.7526    24.6681     9.3323    13.3367    131.059    406.745    416.779   -0.03302    7.12068   10.17616  310.35360     5.7525   15.97432 4.4315e-02     0.2717     0.6412 0.0000e+00
        702  13.484598    0.04868     2.9208    175.249     56.536  50235.962    31.3112     5.7571     56.000     5.7528    24.6680     9.2146    13.1685    129.407    401.615    411.523   -0.03251    7.12062   10.17608  310.35114     5.7527   15.97420 4.2933e-02     0.2702     0.6348 0.0000e+00
        707  13.484612    0.04903     2.9415    176.492     57.546  50236.457    31.3111     5.7573     57.000     5.7528    24.6679     9.0738    12.9673    127.430    395.479    405.234   -0.03255    7.12060   10.17605  310.35033     5.7528   15.97416 4.1734e-02     0.2752     0.6439 0.0000e+00
        713  13.484629    0.04942     2.9653    177.917     58.556  50237.422    31.3113     5.7573     58.000     5.7530    24.6681     8.8941    12.7106    124.907    387.647    397.210   -0.03401    7.12058   10.17603  310.34962     5.7527   15.97413 4.0674e-02     0.2744     0.6871 0.0000e+00
        717  13.484641    0.04973     2.9839    179.032     59.565  50238.682    31.3119     5.7581     59.000     5.7540    24.6684     8.7668    12.5287    123.123    382.102    391.527   -0.03391    7.12041   10.17578  310.34211     5.7536   15.97377 3.9775e-02     0.2710     0.6973 0.0000e+00
        721  13.484653    0.05000     3.0000    179.998     60.575  50238.140    31.3111     5.7588     60.000     5.7539    24.6677     8.6747    12.3971    121.830    378.087    387.414   -0.03242    7.12035   10.17569  310.33922     5.7541   15.97364 3.8980e-02     0.2723     0.6612 0.0000e+00
        726  13.484667    0.05034     3.0204    181.223     61.585  50238.755    31.3110     5.7582     61.000     5.7533    24.6677     8.5370    12.2001    119.893    372.081    381.259   -0.03229    7.12045   10.17583  310.34362     5.7535   15.97385 3.8304e-02     0.2534     0.6188 0.0000e+00
        731  13.484682    0.05069     3.0414    182.487     62.595  50239.873    31.3113     5.7581     62.000     5.7533    24.6680     8.3730    11.9659    117.591    364.938    373.940   -0.03414    7.12046   10.17585  310.34419     5.7532   15.97387 3.8024e-02     0.2460     0.6336 0.0000e+00
        735  13.484694    0.05099     3.0596    183.578     63.604  50240.491    31.3112     5.7582     63.000     5.7532    24.6679     8.2588    11.8026    115.987    359.958    368.837   -0.03321    7.12044   10.17583  310.34348     5.7532   15.97384 3.7982e-02     0.2412     0.6376 0.0000e+00
        740  13.484708    0.05132     3.0789    184.733     64.614  50241.211    31.3113     5.7582     64.000     5.7533    24.6679     8.1411    11.6345    114.334    354.828    363.581   -0.03210    7.12043   10.17581  310.34289     5.7532   15.97381 3.7976e-02     0.2585     0.6305 0.0000e+00
        745  13.484721    0.05165     3.0990    185.941     65.624  50241.954    31.3113     5.7583     65.000     5.7533    24.6680     8.0122    11.4502    112.524    349.210    357.824   -0.03182    7.12041   10.17578  310.34204     5.7533   15.97377 3.7976e-02     0.2722     0.6239 0.0000e+00
        750  13.484736    0.05199     3.1196    187.175     66.634  50242.683    31.3114     5.7585     66.000     5.7535    24.6680     7.8945    11.2821    110.872    344.081    352.569   -0.03062    7.12038   10.17573  310.34052     5.7534   15.97369 3.7976e-02     0.2746     0.6143 0.0000e+00
        755  13.484750    0.05234     3.1407    188.443     67.643  50243.757    31.3117     5.7591     67.000     5.7544    24.6682     7.7910    11.1342    109.420    339.571    347.947   -0.02846    7.12027   10.17556  310.33549     5.7539   15.97346 3.7976e-02     0.2726     0.6107 0.0000e+00
        760  13.484765    0.05268     3.1609    189.652     68.653  50244.665    31.3122     5.7607     68.000     5.7562    24.6684     7.6975    11.0005    108.112    335.496    343.772   -0.02663    7.11998   10.17515  310.32298     5.7554   15.97286 3.7976e-02     0.2715     0.6250 0.0000e+00
        764  13.484777    0.05299     3.1790    190.740     69.663  50244.503    31.3119     5.7625     69.000     5.7576    24.6680     7.6281    10.9013    107.141    332.469    340.670   -0.02447    7.11968   10.17474  310.31031     5.7571   15.97226 3.7976e-02     0.2604     0.6433 0.0000e+00
        768  13.484790    0.05329     3.1974    191.841     70.673  50244.532    31.3117     5.7633     70.000     5.7579    24.6677     7.5675    10.8147    106.292    329.828    337.963   -0.02210    7.11957   10.17457  310.30530     5.7578   15.97202 3.7976e-02     0.2615     0.6475 0.0000e+00
        773  13.484804    0.05364     3.2184    193.102     71.682  50244.801    31.3114     5.7633     71.000     5.7577    24.6675     7.4926    10.7077    105.241    326.566    334.621   -0.02056    7.11957   10.17457  310.30528     5.7578   15.97202 3.7976e-02     0.2717     0.6304 0.0000e+00
        778  13.484819    0.05399     3.2394    194.363     72.692  50245.449    31.3113     5.7630     72.000     5.7572    24.6675     7.4244    10.6103    104.281    323.594    331.576   -0.01915    7.11964   10.17467  310.30845     5.7574   15.97217 3.7976e-02     0.2823     0.6363 0.0000e+00
        783  13.484831    0.05428     3.2567    195.400     73.702  50246.569    31.3116     5.7628     73.000     5.7572    24.6677     7.3923    10.5644    103.830    322.194    330.142   -0.01658    7.11965   10.17469  310.30877     5.7571   15.97219 3.7976e-02     0.2657     0.6491 0.0000e+00
        787  13.484843    0.05456     3.2740    196.439     74.712  50246.933    31.3114     5.7631     74.000     5.7573    24.6676     7.3712    10.5342    103.533    321.272    329.197   -0.01377    7.11961   10.17464  310.30740     5.7573   15.97212 3.7976e-02     0.2621     0.6654 0.0000e+00
        792  13.484859    0.05495     3.2970    197.819     75.722  50247.781    31.3115     5.7633     75.000     5.7576    24.6676     7.3195    10.4603    102.808    319.021    326.890   -0.01271    7.11957   10.17458  310.30535     5.7574   15.97202 3.7976e-02     0.2715     0.6594 0.0000e+00
        798  13.484875    0.05534     3.3202    199.209     76.731  50248.276    31.3115     5.7638     76.000     5.7579    24.6676     7.2615    10.3775    101.996    316.495    324.302   -0.01263    7.11949   10.17446  310.30196     5.7579   15.97186 3.7976e-02     0.2656     0.6399 0.0000e+00
        802  13.484888    0.05565     3.3390    200.340     77.741  50249.110    31.3115     5.7639     77.000     5.7581    24.6677     7.2400    10.3466    101.692    315.552    323.337   -0.01076    7.11946   10.17442  310.30075     5.7579   15.97180 3.7976e-02     0.2495     0.6827 0.0000e+00
        806  13.484900    0.05593     3.3561    201.368     78.751  50250.768    31.3124     5.7648     78.000     5.7594    24.6683     7.2403    10.3472    101.700    315.568    323.353   -0.00796    7.11928   10.17417  310.29288     5.7586   15.97143 3.7976e-02     0.2478     0.6907 0.0000e+00
        813  13.484920    0.05641     3.3845    203.069     79.761  50249.810    31.3116     5.7664     79.000     5.7600    24.6674     7.1803    10.2613    100.860    312.950    320.669   -0.00875    7.11904   10.17382  310.28258     5.7602   15.97093 3.7976e-02     0.2489     0.6747 0.0000e+00
        818  13.484934    0.05676     3.4056    204.337     80.771  50251.511    31.3122     5.7659     80.000     5.7600    24.6680     7.1341    10.1953    100.211    310.938    318.608   -0.00983    7.11910   10.17391  310.28506     5.7596   15.97105 3.7976e-02     0.2539     0.7053 0.0000e+00
        821  13.484943    0.05698     3.4187    205.121     81.780  50251.188    31.3117     5.7664     81.000     5.7599    24.6674     7.1640    10.2380    100.631    312.240    319.942   -0.00578    7.11904   10.17381  310.28212     5.7601   15.97092 3.7976e-02     0.2612     0.7326 0.0000e+00
        826  13.484956    0.05729     3.4373    206.241     82.790  50251.981    31.3116     5.7660     82.000     5.7595    24.6675     7.1811    10.2626    100.871    312.989    320.710   -0.00266    7.11912   10.17393  310.28578     5.7595   15.97109 3.7976e-02     0.2669     0.7861 0.0000e+00
        832  13.484975    0.05773     3.4634    207.806     83.800  50253.816    31.3124     5.7661     83.000     5.7603    24.6681     7.1163    10.1698     99.961    310.162    317.813   -0.00628    7.11904   10.17382  310.28236     5.7597   15.97092 3.7976e-02     0.2826     0.7405 0.0000e+00
        837  13.484987    0.05803     3.4813    208.876     84.810  50254.208    31.3125     5.7677     84.000     5.7616    24.6680     7.0962    10.1412     99.683    309.287    316.917   -0.00644    7.11878   10.17345  310.27120     5.7611   15.97039 3.7976e-02     0.2673     0.7357 0.0000e+00
        840  13.484998    0.05829     3.4979    209.873     85.819  50253.756    31.3118     5.7683     85.000     5.7615    24.6674     7.1105    10.1616     99.884    309.910    317.555   -0.00371    7.11871   10.17336  310.26823     5.7616   15.97025 3.7976e-02     0.2769     0.6990 0.0000e+00
        846  13.485013    0.05866     3.5195    211.168     86.830  50254.557    31.3118     5.7680     86.000     5.7611    24.6675     7.0928    10.1363     99.636    309.140    316.765   -0.00364    7.11877   10.17344  310.27070     5.7612   15.97037 3.7976e-02     0.2718     0.6682 0.0000e+00
        851  13.485028    0.05902     3.5408    212.451     87.840  50254.821    31.3114     5.7676     87.000     5.7604    24.6672     7.0635    10.0944     99.222    307.860    315.455   -0.00476    7.11886   10.17356  310.27455     5.7607   15.97056 3.7976e-02     0.2710     0.6786 0.0000e+00
        855  13.485041    0.05932     3.5594    213.564     88.849  50255.780    31.3115     5.7669     88.000     5.7597    24.6674     7.0590    10.0880     99.158    307.665    315.255   -0.00388    7.11897   10.17373  310.27968     5.7599   15.97080 3.7976e-02     0.2487     0.6936 0.0000e+00
        861  13.485057    0.05969     3.5816    214.895     89.860  50257.653    31.3122     5.7664     89.000     5.7601    24.6680     7.0507    10.0761     99.040    307.303    314.883   -0.00310    7.11901   10.17378  310.28110     5.7594   15.97086 3.7976e-02     0.2408     0.6817 0.0000e+00
        865  13.485069    0.05999     3.5993    215.960     90.870  50259.326    31.3133     5.7687     90.000     5.7628    24.6686     7.0370    10.0566     98.854    306.706    314.272   -0.00349    7.11858   10.17316  310.26187     5.7617   15.96995 3.7976e-02     0.2595     0.6981 0.0000e+00
        870  13.485084    0.06034     3.6202    217.211     91.880  50257.904    31.3122     5.7703     91.000     5.7634    24.6676     7.0398    10.0606     98.897    306.830    314.399   -0.00216    7.11836   10.17285  310.25271     5.7632   15.96951 3.7976e-02     0.2503     0.7073 0.0000e+00
        876  13.485100    0.06075     3.6450    218.698     92.889  50258.489    31.3123     5.7710     92.000     5.7640    24.6675     6.9949     9.9964     98.267    304.872    312.392   -0.00467    7.11824   10.17268  310.24743     5.7638   15.96926 3.7976e-02     0.2625     0.7286 0.0000e+00
        881  13.485115    0.06108     3.6648    219.889     93.899  50259.592    31.3127     5.7716     93.000     5.7648    24.6678     6.9871     9.9853     98.160    304.533    312.045   -0.00402    7.11813   10.17252  310.24269     5.7643   15.96903 3.7976e-02     0.2631     0.7290 0.0000e+00
        885  13.485127    0.06139     3.6835    221.009     94.909  50260.053    31.3128     5.7729     94.000     5.7659    24.6677     6.9946     9.9960     98.268    304.859    312.379   -0.00236    7.11789   10.17218  310.23226     5.7655   15.96854 3.7976e-02     0.2564     0.7437 0.0000e+00
        891  13.485144    0.06180     3.7077    222.463     95.919  50259.902    31.3123     5.7736     95.000     5.7660    24.6673     6.9799     9.9750     98.063    304.219    311.723   -0.00248    7.11780   10.17205  310.22849     5.7661   15.96836 3.7976e-02     0.2527     0.7419 0.0000e+00
        896  13.485159    0.06215     3.7292    223.753     96.929  50260.498    31.3122     5.7733     96.000     5.7657    24.6673     6.9585     9.9444     97.761    303.285    310.767   -0.00339    7.11786   10.17213  310.23087     5.7657   15.96847 3.7976e-02     0.2530     0.7597 0.0000e+00
        900  13.485172    0.06245     3.7472    224.834     97.939  50261.602    31.3125     5.7733     97.000     5.7660    24.6675     6.9619     9.9493     97.809    303.434    310.919   -0.00233    7.11783   10.17209  310.22980     5.7657   15.96842 3.7976e-02     0.2576     0.7730 0.0000e+00
        905  13.485185    0.06277     3.7661    225.966     98.949  50262.647    31.3129     5.7741     98.000     5.7670    24.6677     6.9719     9.9635     97.952    303.868    311.364   -0.00093    7.11768   10.17188  310.22317     5.7665   15.96810 3.7976e-02     0.2496     0.7481 0.0000e+00
        911  13.485202    0.06317     3.7900    227.400     99.958  50262.224    31.3124     5.7752     99.000     5.7673    24.6672     6.9503     9.9328     97.651    302.929    310.402   -0.00207    7.11752   10.17165  310.21614     5.7675   15.96777 3.7976e-02     0.2538     0.7720 0.0000e+00
        915  13.485215    0.06349     3.8098    228.589    100.968  50262.868    31.3122     5.7746    100.000     5.7667    24.6671     6.9403     9.9184     97.508    302.490    309.952   -0.00242    7.11763   10.17180  310.22102     5.7668   15.96801 3.7976e-02     0.2526     0.7869 0.0000e+00
        921  13.485231    0.06388     3.8325    229.949    101.978  50263.954    31.3125     5.7746    101.000     5.7667    24.6673     6.9339     9.9093     97.419    302.214    309.669   -0.00203    7.11763   10.17180  310.22087     5.7666   15.96799 3.7976e-02     0.2486     0.7696 0.0000e+00
        926  13.485246    0.06423     3.8538    231.229    102.989  50265.012    31.3128     5.7749    102.000     5.7672    24.6675     6.9198     9.8891     97.222    301.599    309.038   -0.00253    7.11755   10.17170  310.21772     5.7669   15.96785 3.7976e-02     0.2724     0.7828 0.0000e+00
        931  13.485259    0.06456     3.8737    232.419    103.998  50266.154    31.3133     5.7762    103.000     5.7689    24.6679     6.9273     9.8998     97.330    301.925    309.373   -0.00129    7.11731   10.17136  310.20717     5.7681   15.96734 3.7976e-02     0.2665     0.7725 0.0000e+00
        937  13.485277    0.06498     3.8987    233.922    105.008  50265.833    31.3131     5.7782    104.000     5.7704    24.6674     6.9117     9.8775     97.115    301.243    308.674   -0.00187    7.11698   10.17088  310.19289     5.7701   15.96666 3.7976e-02     0.2581     0.8574 0.0000e+00
       1089  13.485717    0.07552     4.5314    271.883    106.018  50266.453    31.3127     5.7771    105.000     5.7692    24.6673     6.6829     9.5505     93.898    291.274    298.458    0.00007    7.11719   10.17117  310.20177     5.7689   15.96709 3.7976e-02     0.2706     0.8576 0.0000e+00
