CTD-processing/allCTD/CNV/2021_07-16_t4_s07_cast102_4141.cnv
* Sea-Bird SBE19plus Data File:
* FileName = C:\Users\steve\Desktop\GWA\CTD\2021_07-16_T4\2021_07-16_T4_S0_cast102.hex
* Software Version 1.59
* Temperature SN =  4141
* Conductivity SN =  4141
* System UpLoad Time = Jul 20 2021 14:53:58
** Cook Inlet LTM T4
** Date: 07-16-2021
** Station:S07
** Start Time (AKDT):13:45
** Depth (m):34
** Comment:
** Comment:
# nquan = 27
# nvalues = 32                          
# units = specified
# name 0 = scan: Scan Count
# name 1 = timeJ: Julian Days
# name 2 = timeH: Time, Elapsed [hours]
# name 3 = timeM: Time, Elapsed [minutes]
# name 4 = timeS: Time, Elapsed [seconds]
# name 5 = prdM: Pressure, Strain Gauge [db]
# name 6 = specc: Specific Conductance [uS/cm]
# name 7 = sal00: Salinity, Practical [PSU]
# name 8 = tv290C: Temperature [ITS-90, deg C]
# name 9 = depSM: Depth [salt water, m], lat = 59.00
# name 10 = potemp090C: Potential Temperature [ITS-90, deg C]
# name 11 = sigma-é00: Density [sigma-theta, kg/m^3]
# name 12 = sbeox0ML/L: Oxygen, SBE 43 [ml/l]
# name 13 = sbeox0Mg/L: Oxygen, SBE 43 [mg/l]
# name 14 = sbeox0PS: Oxygen, SBE 43 [% saturation]
# name 15 = sbox0Mm/Kg: Oxygen, SBE 43 [umol/kg]
# name 16 = sbeox0Mm/L: Oxygen, SBE 43 [umol/l]
# name 17 = sbox0dV/dT: Oxygen, SBE 43 [dov/dt]
# name 18 = oxsolML/L: Oxygen Saturation, Garcia & Gordon [ml/l]
# name 19 = oxsolMg/L: Oxygen Saturation, Garcia & Gordon [mg/l]
# name 20 = oxsolMm/Kg: Oxygen Saturation, Garcia & Gordon [umol/kg]
# name 21 = n2satMg/L: Nitrogen Saturation [mg/l]
# name 22 = par: PAR/Irradiance, Biospherical/Licor
# name 23 = wetStar: Fluorescence, WET Labs WETstar [mg/m^3]
# name 24 = CStarAt0: Beam Attenuation, WET Labs C-Star [1/m]
# name 25 = CStarTr0: Beam Transmission, WET Labs C-Star [%]
# name 26 = flag: flag
# span 0 =        407,        545       
# span 1 = 197.574334, 197.574733       
# span 2 =    0.02819,    0.03775       
# span 3 =     1.6913,     2.2648       
# span 4 =    101.480,    135.887       
# span 5 =      1.018,     32.297       
# span 6 =  47793.947,  49897.392       
# span 7 =    30.5600,    31.5641       
# span 8 =     8.5086,    12.7148       
# span 9 =      1.000,     32.000       
# span 10 =     8.5043,    12.4666      
# span 11 =    23.0329,    24.5032      
# span 12 =     6.5078,     8.6580      
# span 13 =     9.3002,    12.3732      
# span 14 =     97.534,    133.549      
# span 15 =    283.684,    377.553      
# span 16 =    290.636,    386.668      
# span 17 =   -0.05509,    0.01974      
# span 18 =    6.12932,    6.67227      
# span 19 =    8.75941,    9.53533      
# span 20 =  267.57259,  290.85640      
# span 21 =   13.93261,   15.04328      
# span 22 = 1.0906e-01, 1.0178e+03      
# span 23 =     0.6120,    20.9434      
# span 24 =     0.6623,     1.9331      
# span 25 =    61.6775,    84.7408      
# span 26 = 0.0000e+00, 0.0000e+00      
# interval = meters: 1                  
# start_time = Jul 16 2021 13:45:21 [Instrument's time stamp, header]
# bad_flag = -9.990e-29
*END*
        407 197.574334    0.02819     1.6913    101.480      1.018  47793.947    30.5891    12.7148      1.000    12.4666    23.0329     7.8303    11.1902    127.752    341.825    349.698   -0.02274    6.12932    8.75941  267.57259   13.93261 1.0178e+03     0.6120     1.7344    64.8196 0.0000e+00
        412 197.574348    0.02852     1.7112    102.674      2.022  47865.826    30.5600    11.8795      2.000    11.5422    23.1650     8.0050    11.4399    128.299    349.406    357.501   -0.01401    6.23917    8.91640  272.33251   14.16097 6.8966e+02     0.8361     1.8957    62.2659 0.0000e+00
        416 197.574360    0.02880     1.7282    103.694      3.025  48369.966    30.8605    11.3319      3.000    11.1617    23.4962     8.1404    11.6334    129.208    355.203    363.549   -0.00223    6.30030    9.00375  274.91177   14.28337 4.4448e+02     0.8412     1.8308    63.2749 0.0000e+00
        420 197.574373    0.02913     1.7476    104.853      4.040  48627.664    30.9965    10.9158      4.000    10.7149    23.6745     8.1977    11.7153    129.068    357.641    366.108   -0.00445    6.35136    9.07673  277.09182   14.38725 2.8106e+02     0.8322     1.8841    62.4362 0.0000e+00
        425 197.574386    0.02942     1.7651    105.908      5.047  48819.941    31.0841    10.5015      5.000    10.2974    23.8131     8.4236    12.0382    131.518    367.449    376.199    0.01105    6.40491    9.15326  279.39028   14.49694 1.9734e+02     0.8925     1.7898    63.9350 0.0000e+00
        428 197.574396    0.02968     1.7812    106.874      6.059  48885.926    31.0731    10.0343      6.000     9.7267    23.8817     8.6420    12.3504    133.549    376.952    385.955    0.01974    6.47096    9.24765  282.25248   14.63394 1.4410e+02     1.1569     1.6550    66.1206 0.0000e+00
        432 197.574408    0.02995     1.7968    107.805      7.059  49300.811    31.3006     9.5350      7.000     9.3665    24.1396     8.6580    12.3732    132.535    377.553    386.668    0.01108    6.53276    9.33597  284.87624   14.75852 9.7732e+01     2.2163     1.6582    66.0645 0.0000e+00
        437 197.574421    0.03027     1.8160    108.963      8.077  49549.342    31.4315     9.2120      8.000     9.1365    24.2926     8.4741    12.1103    128.905    369.478    378.453   -0.01442    6.57400    9.39490  286.63169   14.84193 6.4098e+01     4.6215     1.6618    66.0049 0.0000e+00
        441 197.574434    0.03058     1.8351    110.104      9.090  49646.675    31.4805     9.0753      9.000     9.0424    24.3521     8.3855    11.9837    127.210    365.593    374.495   -0.01947    6.59187    9.42044  287.39431   14.87818 4.0215e+01     8.5541     1.6779    65.7399 0.0000e+00
        445 197.574445    0.03085     1.8513    111.078     10.092  49673.569    31.4912     9.0198     10.000     8.9990    24.3689     8.1465    11.6422    123.441    355.169    363.824   -0.03484    6.59956    9.43144  287.72496   14.89394 2.6152e+01    13.7816     1.7618    64.3807 0.0000e+00
        450 197.574459    0.03117     1.8702    112.211     11.102  49694.479    31.5000     8.9814     11.000     8.9685    24.3817     7.8405    11.2048    118.709    341.821    350.155   -0.05213    6.60483    9.43897  287.95108   14.90471 1.6489e+01    17.8567     1.8991    62.2044 0.0000e+00
        455 197.574473    0.03151     1.8908    113.446     12.117  49707.574    31.5049     8.9545     12.000     8.9445    24.3896     7.6172    10.8858    115.263    332.087    340.186   -0.05509    6.60859    9.44433  288.11242   14.91241 1.0286e+01    18.0735     1.9331    61.6775 0.0000e+00
        459 197.574485    0.03181     1.9081    114.485     13.122  49721.949    31.5123     8.9380     13.000     8.9303    24.3979     7.4802    10.6900    113.153    326.110    334.067   -0.05257    6.61069    9.44734  288.20220   14.91667 6.5472e+00    20.2734     1.7366    64.7883 0.0000e+00
        463 197.574498    0.03211     1.9265    115.592     14.129  49732.072    31.5170     8.9248     14.000     8.9165    24.4036     7.4016    10.5777    111.935    322.682    330.556   -0.04473    6.61244    9.44984  288.27646   14.92020 4.5308e+00    20.9434     1.4838    69.0244 0.0000e+00
        469 197.574513    0.03248     1.9486    116.918     15.150  49739.939    31.5192     8.9048     15.000     8.8952    24.4084     7.3279    10.4722    110.771    319.463    327.260   -0.03597    6.61529    9.45392  288.39950   14.92607 3.2193e+00    16.3904     1.2256    73.6178 0.0000e+00
        473 197.574524    0.03275     1.9649    117.897     16.151  49746.721    31.5215     8.8906     16.000     8.8839    24.4124     7.2798    10.4036    110.012    317.368    325.115   -0.03129    6.61728    9.45676  288.48537   14.93016 2.4588e+00    13.4043     1.1107    75.7543 0.0000e+00
        477 197.574536    0.03302     1.9813    118.875     17.160  49746.553    31.5196     8.8810     17.000     8.8727    24.4124     7.2465    10.3560    109.485    315.918    323.630   -0.02632    6.61879    9.45891  288.55093   14.93331 1.8674e+00    11.5271     1.0850    76.2421 0.0000e+00
        481 197.574548    0.03331     1.9990    119.938     18.167  49750.619    31.5200     8.8670     18.000     8.8599    24.4148     7.2109    10.3051    108.912    314.364    322.039   -0.02239    6.62083    9.46184  288.63941   14.93753 1.4136e+00    10.3014     1.0764    76.4063 0.0000e+00
        486 197.574562    0.03365     2.0191    121.148     19.186  49749.927    31.5172     8.8544     19.000     8.8444    24.4146     7.1795    10.2602    108.406    312.997    320.638   -0.01832    6.62282    9.46467  288.72617   14.94169 1.0561e+00     9.8591     1.1150    75.6750 0.0000e+00
        490 197.574574    0.03394     2.0362    122.169     20.188  49737.448    31.5049     8.8327     20.000     8.8047    24.4082     7.1589    10.2308    108.032    312.097    319.715   -0.01559    6.62656    9.47001  288.89050   14.94960 8.0317e-01     9.7177     1.0545    76.8257 0.0000e+00
        494 197.574585    0.03423     2.0533    123.199     21.198  49719.898    31.4816     8.7602     21.000     8.6958    24.4010     7.1289    10.1880    107.391    310.792    318.377   -0.01487    6.63830    9.48679  289.40459   14.97425 6.2210e-01     9.8868     0.9548    78.7709 0.0000e+00
        498 197.574599    0.03454     2.0726    124.358     22.206  49814.963    31.5294     8.6348     22.000     8.6060    24.4572     7.0242    10.0383    105.551    306.213    313.702   -0.02010    6.65488    9.51049  290.11185   15.00785 5.0908e-01     8.8842     0.7647    82.6058 0.0000e+00
        503 197.574613    0.03489     2.0936    125.616     23.222  49859.342    31.5535     8.5895     23.000     8.5784    24.4827     6.8161     9.7409    102.334    297.133    304.408   -0.03138    6.66061    9.51868  290.35407   15.01932 4.2282e-01     5.1836     0.6862    84.2373 0.0000e+00
        508 197.574626    0.03520     2.1117    126.702     24.226  49862.957    31.5526     8.5697     24.000     8.5583    24.4850     6.6662     9.5266    100.039    290.597    297.711   -0.03597    6.66361    9.52297  290.48432   15.02555 3.5543e-01     2.8365     0.6678    84.6250 0.0000e+00
        513 197.574640    0.03554     2.1325    127.949     25.235  49879.005    31.5607     8.5521     25.000     8.5468    24.4940     6.6037     9.4374     99.067    287.871    294.922   -0.03032    6.66590    9.52623  290.58135   15.03015 2.9681e-01     2.0538     0.6642    84.7010 0.0000e+00
        518 197.574656    0.03590     2.1544    129.262     26.251  49876.145    31.5571     8.5438     26.000     8.5348    24.4924     6.5668     9.3846     98.492    286.261    293.272   -0.02354    6.66729    9.52824  290.64290   15.03311 2.4768e-01     1.4361     0.6623    84.7408 0.0000e+00
        522 197.574668    0.03620     2.1723    130.338     27.254  49887.378    31.5625     8.5309     27.000     8.5257    24.4986     6.5494     9.3597     98.207    285.502    292.496   -0.01883    6.66898    9.53063  290.71443   15.03651 2.1000e-01     1.3158     0.6703    84.5724 0.0000e+00
        527 197.574682    0.03653     2.1919    131.517     28.270  49888.278    31.5618     8.5245     28.000     8.5190    24.4990     6.5425     9.3499     98.089    285.200    292.187   -0.01382    6.66997    9.53206  290.75764   15.03857 1.8046e-01     1.1351     0.6732    84.5110 0.0000e+00
        531 197.574694    0.03683     2.2097    132.583     29.272  49892.035    31.5632     8.5197     29.000     8.5155    24.5009     6.5349     9.3391     97.966    284.871    291.851   -0.01082    6.67064    9.53300  290.78612   15.03993 1.5487e-01     0.9936     0.6778    84.4129 0.0000e+00
        536 197.574708    0.03714     2.2288    133.729     30.293  49894.317    31.5641     8.5175     30.000     8.5138    24.5018     6.5261     9.3264     97.828    284.483    291.453   -0.00842    6.67093    9.53342  290.79848   15.04052 1.3632e-01     0.9574     0.6777    84.4135 0.0000e+00
        540 197.574719    0.03742     2.2450    134.702     31.290  49892.280    31.5618     8.5146     31.000     8.5087    24.5005     6.5120     9.3063     97.609    283.870    290.824   -0.00760    6.67146    9.53419  290.82230   15.04166 1.2092e-01     1.0326     0.6796    84.3754 0.0000e+00
        545 197.574733    0.03775     2.2648    135.887     32.297  49897.392    31.5640     8.5086     32.000     8.5043    24.5032     6.5078     9.3002     97.534    283.684    290.636   -0.00583    6.67227    9.53533  290.85640   15.04328 1.0906e-01     1.0011     0.6896    84.1660 0.0000e+00
