CTD-processing/allCTD/CNV/2021_12-18_t9_s09_cast041_4141.cnv
* Sea-Bird SBE19plus Data File:
* FileName = C:\Users\steve\Desktop\GWA\CTD\2021_12-18_T9\2021_12-18_T9_S0_cast041.hex
* Software Version 1.59
* Temperature SN =  4141
* Conductivity SN =  4141
* System UpLoad Time = Dec 22 2021 14:38:10
** Cook Inlet LTM T9
** Date: 12-18-2021
** Station:S09
** Start Time (AKST):15:05
** Depth (m):83
** Comment:
** Comment:
# nquan = 27
# nvalues = 77                          
# units = specified
# name 0 = scan: Scan Count
# name 1 = timeJ: Julian Days
# name 2 = timeH: Time, Elapsed [hours]
# name 3 = timeM: Time, Elapsed [minutes]
# name 4 = timeS: Time, Elapsed [seconds]
# name 5 = prdM: Pressure, Strain Gauge [db]
# name 6 = specc: Specific Conductance [uS/cm]
# name 7 = sal00: Salinity, Practical [PSU]
# name 8 = tv290C: Temperature [ITS-90, deg C]
# name 9 = depSM: Depth [salt water, m], lat = 59.00
# name 10 = potemp090C: Potential Temperature [ITS-90, deg C]
# name 11 = sigma-é00: Density [sigma-theta, kg/m^3]
# name 12 = sbeox0ML/L: Oxygen, SBE 43 [ml/l]
# name 13 = sbeox0Mg/L: Oxygen, SBE 43 [mg/l]
# name 14 = sbeox0PS: Oxygen, SBE 43 [% saturation]
# name 15 = sbox0Mm/Kg: Oxygen, SBE 43 [umol/kg]
# name 16 = sbeox0Mm/L: Oxygen, SBE 43 [umol/l]
# name 17 = sbox0dV/dT: Oxygen, SBE 43 [dov/dt]
# name 18 = oxsolML/L: Oxygen Saturation, Garcia & Gordon [ml/l]
# name 19 = oxsolMg/L: Oxygen Saturation, Garcia & Gordon [mg/l]
# name 20 = oxsolMm/Kg: Oxygen Saturation, Garcia & Gordon [umol/kg]
# name 21 = n2satMg/L: Nitrogen Saturation [mg/l]
# name 22 = par: PAR/Irradiance, Biospherical/Licor
# name 23 = wetStar: Fluorescence, WET Labs WETstar [mg/m^3]
# name 24 = CStarAt0: Beam Attenuation, WET Labs C-Star [1/m]
# name 25 = CStarTr0: Beam Transmission, WET Labs C-Star [%]
# name 26 = flag: flag
# span 0 =        261,        593       
# span 1 = 352.628900, 352.629860       
# span 2 =    0.01804,    0.04109       
# span 3 =     1.0823,     2.4656       
# span 4 =     64.939,    147.934       
# span 5 =      1.016,     77.737       
# span 6 =  50885.838,  51081.484       
# span 7 =    31.0753,    31.1985       
# span 8 =     2.3597,     2.9831       
# span 9 =      1.000,     77.000       
# span 10 =     2.3594,     2.9791      
# span 11 =    24.7829,    24.8619      
# span 12 =     6.8855,     7.2875      
# span 13 =     9.8401,    10.4146      
# span 14 =     88.866,     95.464      
# span 15 =    300.063,    317.584      
# span 16 =    307.505,    325.461      
# span 17 =   -0.00177,    0.06058      
# span 18 =    7.62462,    7.74818      
# span 19 =   10.89634,   11.07292      
# span 20 =  332.27193,  337.65870      
# span 21 =   17.01748,   17.27354      
# span 22 = 3.6800e-02, 6.8115e+00      
# span 23 =     0.1732,     0.2087      
# span 24 =     0.9134,     1.1260      
# span 25 =    75.4651,    79.5847      
# span 26 = 0.0000e+00, 0.0000e+00      
# interval = meters: 1                  
# start_time = Dec 18 2021 15:04:32 [Instrument's time stamp, header]
# bad_flag = -9.990e-29
*END*
        261 352.628900    0.01804     1.0823     64.939      1.016  51022.941    31.0753     2.3597      1.000     2.3594    24.8030     6.8855     9.8401     88.866    300.063    307.505    0.05860    7.74818   11.07292  337.65870   17.27354 6.1721e+00     0.1841     0.9703    78.4613 0.0000e+00
        265 352.628912    0.01832     1.0997     65.983      2.019  51049.025    31.0943     2.3667      2.000     2.3751    24.8176     7.1224    10.1787     91.952    310.385    318.088    0.06058    7.74582   11.06953  337.55051   17.26832 6.8115e+00     0.1908     0.9930    78.0168 0.0000e+00
        269 352.628924    0.01861     1.1165     66.992      3.029  51034.133    31.0853     2.3722      3.000     2.3798    24.8100     7.1943    10.2813     92.887    313.517    321.296    0.05180    7.74520   11.06866  337.52667   17.26723 5.4011e+00     0.1886     0.9794    78.2812 0.0000e+00
        273 352.628935    0.01889     1.1335     68.009      4.037  51081.484    31.1263     2.4079      4.000     2.4390    24.8402     7.2277    10.3291     93.428    314.965    322.788    0.04320    7.73609   11.05565  337.11976   17.24775 4.3405e+00     0.1896     0.9852    78.1687 0.0000e+00
        277 352.628948    0.01919     1.1511     69.064      5.047  51043.149    31.1189     2.4765      5.000     2.4929    24.8291     7.2477    10.3577     93.844    315.841    323.683    0.03549    7.72314   11.03715  336.55918   17.22116 3.4760e+00     0.1869     0.9839    78.1947 0.0000e+00
        281 352.628959    0.01947     1.1682     70.093      6.057  50999.105    31.0935     2.4939      6.000     2.4957    24.8075     7.2585    10.3731     94.008    316.316    324.163    0.02844    7.72111   11.03424  336.47763   17.21740 2.8202e+00     0.1839     0.9916    78.0444 0.0000e+00
        285 352.628971    0.01975     1.1852     71.109      7.065  51028.021    31.1171     2.5111      7.000     2.5257    24.8251     7.2473    10.3570     93.919    315.822    323.663    0.02171    7.71652   11.02768  336.27184   17.20753 2.2821e+00     0.1819     0.9920    78.0357 0.0000e+00
        290 352.628983    0.02005     1.2031     72.186      8.075  51024.844    31.1233     2.5438      8.000     2.5599    24.8276     7.2495    10.3603     94.030    315.921    323.764    0.01712    7.70987   11.01818  335.98125   17.19371 1.8041e+00     0.1856     1.0099    77.6864 0.0000e+00
        294 352.628996    0.02036     1.2213     73.276      9.085  50996.200    31.1104     2.5689      9.000     2.5763    24.8153     7.2490    10.3596     94.073    315.903    323.742    0.01330    7.70570   11.01221  335.80346   17.18532 1.4196e+00     0.1992     1.0166    77.5581 0.0000e+00
        298 352.629009    0.02066     1.2395     74.368     10.095  51012.998    31.1286     2.5967     10.000     2.6118    24.8278     7.2450    10.3538     94.099    315.723    323.562    0.01030    7.69937   11.00317  335.52360   17.17196 1.1072e+00     0.1903     1.0315    77.2692 0.0000e+00
        303 352.629022    0.02097     1.2584     75.501     11.105  50993.657    31.1218     2.6217     11.000     2.6322    24.8205     7.2545    10.3674     94.277    316.141    323.987    0.00862    7.69489   10.99677  335.33098   17.16285 8.5616e-01     0.2032     1.0404    77.0983 0.0000e+00
        307 352.629035    0.02128     1.2770     76.622     12.111  50979.565    31.1208     2.6549     12.000     2.6562    24.8171     7.2493    10.3601     94.287    315.916    323.757    0.00653    7.68856   10.98773  335.05625   17.14980 6.6712e-01     0.2051     1.0455    76.9996 0.0000e+00
        312 352.629048    0.02160     1.2960     77.760     13.125  50956.689    31.1010     2.6406     13.000     2.6343    24.8024     7.2472    10.3569     94.212    315.825    323.658    0.00463    7.69236   10.99314  335.22621   17.15795 5.1815e-01     0.2011     1.0424    77.0604 0.0000e+00
        316 352.629060    0.02189     1.3136     78.818     14.134  51047.753    31.1654     2.6539     14.000     2.6917    24.8527     7.2402    10.3470     94.195    315.507    323.348    0.00330    7.68642   10.98466  334.95107   17.14463 4.0413e-01     0.1968     1.0579    76.7627 0.0000e+00
        321 352.629073    0.02219     1.3313     79.879     15.142  51007.935    31.1592     2.7331     15.000     2.7595    24.8417     7.2504    10.3616     94.511    315.955    323.803    0.00399    7.67153   10.96339  334.30590   17.11402 3.1203e-01     0.1922     1.0801    76.3350 0.0000e+00
        325 352.629085    0.02247     1.3482     80.891     16.148  50933.024    31.1190     2.7737     16.000     2.7647    24.8065     7.2708    10.3907     94.846    316.852    324.713    0.00478    7.66585   10.95527  334.06988   17.10297 2.4056e-01     0.1979     1.1063    75.8365 0.0000e+00
        329 352.629097    0.02277     1.3662     81.970     17.167  50936.734    31.1145     2.7491     17.000     2.7401    24.8048     7.2531    10.3656     94.556    316.087    323.927    0.00240    7.67079   10.96233  334.28548   17.11323 1.8477e-01     0.1962     1.0961    76.0312 0.0000e+00
        333 352.629109    0.02305     1.3831     82.988     18.170  50989.718    31.1502     2.7510     18.000     2.7677    24.8331     7.2394    10.3458     94.403    315.476    323.311    0.00092    7.66857   10.95915  334.17970   17.10806 1.4477e-01     0.2030     1.0994    75.9691 0.0000e+00
        337 352.629120    0.02334     1.4004     84.022     19.179  50931.466    31.1177     2.7784     19.000     2.7694    24.8050     7.2476    10.3575     94.554    315.843    323.678    0.00140    7.66502   10.95409  334.03430   17.10129 1.1443e-01     0.1994     1.1076    75.8116 0.0000e+00
        341 352.629133    0.02363     1.4177     85.061     20.191  50952.265    31.1278     2.7659     20.000     2.7662    24.8141     7.2446    10.3532     94.492    315.707    323.541    0.00077    7.66687   10.95673  334.11182   17.10493 9.2081e-02     0.2087     1.1184    75.6082 0.0000e+00
        345 352.629145    0.02392     1.4349     86.095     21.200  50954.104    31.1298     2.7706     21.000     2.7717    24.8153     7.2443    10.3529     94.501    315.698    323.531    0.00053    7.66588   10.95531  334.06806   17.10284 7.4975e-02     0.1935     1.1169    75.6372 0.0000e+00
        350 352.629157    0.02421     1.4525     87.153     22.207  50952.575    31.1289     2.7733     22.000     2.7723    24.8145     7.2473    10.3571     94.545    315.826    323.664    0.00063    7.66541   10.95464  334.04800   17.10190 6.4788e-02     0.1801     1.1178    75.6207 0.0000e+00
        354 352.629170    0.02451     1.4709     88.252     23.220  50954.815    31.1300     2.7732     23.000     2.7727    24.8152     7.2492    10.3598     94.571    315.910    323.749    0.00049    7.66537   10.95459  334.04608   17.10180 5.5935e-02     0.1868     1.1158    75.6583 0.0000e+00
        358 352.629182    0.02480     1.4883     89.297     24.227  50946.311    31.1235     2.7725     24.000     2.7678    24.8101     7.2555    10.3689     94.647    316.186    324.030    0.00068    7.66585   10.95526  334.06852   17.10289 5.0434e-02     0.1874     1.1260    75.4651 0.0000e+00
        362 352.629194    0.02510     1.5059     90.356     25.239  50976.570    31.1432     2.7721     25.000     2.7838    24.8260     7.2533    10.3656     94.630    316.085    323.932    0.00041    7.66489   10.95390  334.02163   17.10058 4.4936e-02     0.1857     1.1060    75.8440 0.0000e+00
        367 352.629206    0.02539     1.5230     91.381     26.247  50973.575    31.1491     2.8039     26.000     2.8155    24.8281     7.2569    10.3708     94.756    316.239    324.090    0.00080    7.65849   10.94474  333.74172   17.08726 3.9642e-02     0.1805     1.0699    76.5308 0.0000e+00
        371 352.629218    0.02567     1.5403     92.418     27.255  50959.171    31.1444     2.8245     27.000     2.8316    24.8227     7.2602    10.3755     94.844    316.386    324.240    0.00109    7.65480   10.93947  333.58272   17.07973 3.6800e-02     0.1902     1.0448    77.0143 0.0000e+00
        375 352.629230    0.02596     1.5580     93.480     28.265  50885.838    31.0945     2.8249     28.000     2.7930    24.7829     7.2636    10.3805     94.859    316.550    324.395    0.00086    7.65735   10.94311  333.70676   17.08583 3.7067e-02     0.1831     1.0481    76.9499 0.0000e+00
        379 352.629243    0.02628     1.5767     94.602     29.277  50915.889    31.0942     2.7493     29.000     2.7234    24.7886     7.2515    10.3631     94.522    316.020    323.854   -0.00095    7.67180   10.96378  334.33518   17.11567 3.6921e-02     0.1911     1.0796    76.3463 0.0000e+00
        384 352.629256    0.02659     1.5954     95.726     30.288  50966.799    31.1153     2.7018     30.000     2.6975    24.8092     7.2464    10.3559     94.357    315.791    323.626   -0.00177    7.67982   10.97523  334.67777   17.13185 3.8086e-02     0.1767     1.0953    76.0469 0.0000e+00
        388 352.629268    0.02689     1.6131     96.789     31.293  50982.148    31.1259     2.7048     31.000     2.7046    24.8174     7.2586    10.3732     94.529    316.318    324.168   -0.00063    7.67869   10.97362  334.62585   17.12935 3.7015e-02     0.1849     1.0953    76.0459 0.0000e+00
        393 352.629281    0.02719     1.6317     97.904     32.305  50976.429    31.1211     2.7031     32.000     2.6989    24.8137     7.2682    10.3869     94.646    316.736    324.595    0.00001    7.67927   10.97446  334.65246   17.13063 3.6907e-02     0.1856     1.0997    75.9623 0.0000e+00
        397 352.629294    0.02749     1.6495     98.971     33.315  50938.989    31.0912     2.6876     33.000     2.6672    24.7910     7.2746    10.3960     94.673    317.021    324.880    0.00013    7.68383   10.98096  334.85835   17.14053 3.6908e-02     0.1937     1.0823    76.2946 0.0000e+00
        401 352.629306    0.02780     1.6676    100.058     34.324  51009.928    31.1353     2.6759     34.000     2.6857    24.8271     7.2715    10.3917     94.634    316.876    324.744   -0.00023    7.68376   10.98086  334.84337   17.13964 3.6908e-02     0.1835     1.0802    76.3337 0.0000e+00
        405 352.629318    0.02809     1.6852    101.114     35.332  51000.171    31.1329     2.6934     35.000     2.7053    24.8239     7.2831    10.4083     94.825    317.385    325.264    0.00069    7.68055   10.97626  334.70428   17.13304 3.6908e-02     0.1957     1.0899    76.1491 0.0000e+00
        410 352.629331    0.02837     1.7026    102.159     36.343  50980.975    31.1283     2.7265     36.000     2.7240    24.8177     7.2859    10.4123     94.938    317.509    325.389    0.00101    7.67440   10.96749  334.43861   17.12045 3.6908e-02     0.1856     1.0751    76.4313 0.0000e+00
        414 352.629343    0.02867     1.7202    103.214     37.352  50970.789    31.1177     2.7144     37.000     2.7069    24.8102     7.2866    10.4132     94.911    317.540    325.418    0.00070    7.67729   10.97161  334.56712   17.12659 3.6908e-02     0.1810     1.0759    76.4157 0.0000e+00
        418 352.629356    0.02898     1.7387    104.321     38.364  50969.257    31.1128     2.7019     38.000     2.6957    24.8071     7.2777    10.4004     94.761    317.150    325.017   -0.00030    7.67996   10.97542  334.68421   17.13217 3.6908e-02     0.1937     1.0785    76.3652 0.0000e+00
        422 352.629367    0.02927     1.7562    105.372     39.369  51052.291    31.1706     2.7109     39.000     2.7460    24.8526     7.2754    10.3973     94.791    317.040    324.919   -0.00015    7.67518   10.96861  334.46148   17.12137 3.6908e-02     0.1869     1.0941    76.0701 0.0000e+00
        427 352.629381    0.02958     1.7750    106.498     40.382  50943.751    31.1128     2.7701     40.000     2.7541    24.8018     7.2875    10.4146     95.052    317.584    325.461    0.00101    7.66687   10.95672  334.11556   17.10517 3.6908e-02     0.1834     1.0869    76.2066 0.0000e+00
        431 352.629393    0.02989     1.7932    107.590     41.391  50940.712    31.0980     2.7246     41.000     2.7096    24.7936     7.2846    10.4104     94.896    317.458    325.330    0.00018    7.67638   10.97030  334.53267   17.12504 3.6908e-02     0.1837     1.0960    76.0333 0.0000e+00
        436 352.629406    0.03019     1.8115    108.691     42.399  51002.403    31.1399     2.7273     42.000     2.7340    24.8268     7.2687    10.3877     94.723    316.757    324.620   -0.00093    7.67365   10.96641  334.40283   17.11870 3.6908e-02     0.1917     1.0984    75.9879 0.0000e+00
        440 352.629419    0.03051     1.8305    109.833     43.411  50957.005    31.1095     2.7301     43.000     2.7181    24.8024     7.2837    10.4092     94.905    317.418    325.291    0.00021    7.67470   10.96791  334.45661   17.12138 3.6908e-02     0.1911     1.0977    76.0017 0.0000e+00
        445 352.629432    0.03082     1.8491    110.947     44.419  51012.749    31.1425     2.7152     44.000     2.7289    24.8299     7.2790    10.4024     94.829    317.203    325.079   -0.00031    7.67584   10.96954  334.49749   17.12318 3.6908e-02     0.1817     1.0995    75.9680 0.0000e+00
        449 352.629446    0.03114     1.8685    112.111     45.430  51052.216    31.1860     2.7806     45.000     2.8167    24.8595     7.2800    10.4039     95.026    317.239    325.125    0.00061    7.66102   10.94836  333.84209   17.09188 3.6908e-02     0.1937     1.0686    76.5563 0.0000e+00
        454 352.629460    0.03148     1.8888    113.331     46.438  51034.207    31.1985     2.8756     46.000     2.9213    24.8619     7.2865    10.4131     95.345    317.520    325.414    0.00198    7.64224   10.92152  333.02268   17.05292 3.6908e-02     0.1900     1.0067    77.7495 0.0000e+00
        459 352.629474    0.03183     1.9096    114.577     47.450  50915.154    31.1416     2.9660     47.000     2.9616    24.8091     7.2820    10.4067     95.464    317.341    325.213    0.00207    7.62799   10.90116  332.41911   17.02449 3.6908e-02     0.1808     0.9472    78.9149 0.0000e+00
        464 352.629488    0.03215     1.9291    115.744     48.459  50940.552    31.1582     2.9664     48.000     2.9736    24.8224     7.2624    10.3787     95.218    316.482    324.338    0.00045    7.62706   10.89983  332.37397   17.02227 3.6908e-02     0.1769     0.9270    79.3145 0.0000e+00
        469 352.629501    0.03247     1.9483    116.897     49.467  50914.334    31.1444     2.9831     49.000     2.9791    24.8100     7.2494    10.3601     95.079    315.919    323.757   -0.00042    7.62462   10.89634  332.27193   17.01748 3.6908e-02     0.1757     0.9199    79.4550 0.0000e+00
        473 352.629514    0.03279     1.9672    118.035     50.479  50918.103    31.1453     2.9793     50.000     2.9756    24.8112     7.2439    10.3522     94.998    315.679    323.511   -0.00073    7.62528   10.89728  332.30002   17.01881 3.6908e-02     0.1829     0.9134    79.5847 0.0000e+00
        478 352.629527    0.03310     1.9858    119.149     51.489  50915.198    31.1431     2.9803     51.000     2.9737    24.8093     7.2449    10.3538     95.013    315.725    323.558   -0.00055    7.62520   10.89718  332.29760   17.01871 3.6908e-02     0.1763     0.9223    79.4079 0.0000e+00
        482 352.629540    0.03341     2.0045    120.270     52.499  50906.627    31.1317     2.9607     52.000     2.9485    24.8017     7.2368    10.3422     94.854    315.377    323.198   -0.00117    7.62952   10.90334  332.48796   17.02779 3.6908e-02     0.1781     0.9306    79.2433 0.0000e+00
        486 352.629553    0.03371     2.0228    121.365     53.506  50929.026    31.1427     2.9466     53.000     2.9435    24.8116     7.2352    10.3399     94.806    315.303    323.125   -0.00127    7.63163   10.90636  332.57676   17.03197 3.6908e-02     0.1779     0.9408    79.0420 0.0000e+00
