CTD-processing/allCTD/CNV/2021_12-18_ab_s11_cast032_4141.cnv
* Sea-Bird SBE19plus Data File:
* FileName = C:\Users\steve\Desktop\GWA\CTD\2021_12-18_AB\2021_12-18_AB_S0_cast032.hex
* Software Version 1.59
* Temperature SN =  4141
* Conductivity SN =  4141
* System UpLoad Time = Dec 22 2021 14:26:02
** Cook Inlet LTM AB
** Date: 12-18-2021
** Station:S11
** Start Time (AKST):13:31
** Depth (m):58
** Comment:
** Comment:
# nquan = 27
# nvalues = 54                          
# units = specified
# name 0 = scan: Scan Count
# name 1 = timeJ: Julian Days
# name 2 = timeH: Time, Elapsed [hours]
# name 3 = timeM: Time, Elapsed [minutes]
# name 4 = timeS: Time, Elapsed [seconds]
# name 5 = prdM: Pressure, Strain Gauge [db]
# name 6 = specc: Specific Conductance [uS/cm]
# name 7 = sal00: Salinity, Practical [PSU]
# name 8 = tv290C: Temperature [ITS-90, deg C]
# name 9 = depSM: Depth [salt water, m], lat = 59.00
# name 10 = potemp090C: Potential Temperature [ITS-90, deg C]
# name 11 = sigma-é00: Density [sigma-theta, kg/m^3]
# name 12 = sbeox0ML/L: Oxygen, SBE 43 [ml/l]
# name 13 = sbeox0Mg/L: Oxygen, SBE 43 [mg/l]
# name 14 = sbeox0PS: Oxygen, SBE 43 [% saturation]
# name 15 = sbox0Mm/Kg: Oxygen, SBE 43 [umol/kg]
# name 16 = sbeox0Mm/L: Oxygen, SBE 43 [umol/l]
# name 17 = sbox0dV/dT: Oxygen, SBE 43 [dov/dt]
# name 18 = oxsolML/L: Oxygen Saturation, Garcia & Gordon [ml/l]
# name 19 = oxsolMg/L: Oxygen Saturation, Garcia & Gordon [mg/l]
# name 20 = oxsolMm/Kg: Oxygen Saturation, Garcia & Gordon [umol/kg]
# name 21 = n2satMg/L: Nitrogen Saturation [mg/l]
# name 22 = par: PAR/Irradiance, Biospherical/Licor
# name 23 = wetStar: Fluorescence, WET Labs WETstar [mg/m^3]
# name 24 = CStarAt0: Beam Attenuation, WET Labs C-Star [1/m]
# name 25 = CStarTr0: Beam Transmission, WET Labs C-Star [%]
# name 26 = flag: flag
# span 0 =        307,        554       
# span 1 = 352.563952, 352.564667       
# span 2 =    0.02125,    0.03841       
# span 3 =     1.2747,     2.3051       
# span 4 =     76.483,    138.310       
# span 5 =      1.018,     54.510       
# span 6 =  50848.080,  50965.688       
# span 7 =    31.0842,    31.1374       
# span 8 =     2.7278,     2.9870       
# span 9 =      1.000,     54.000       
# span 10 =     2.7216,     2.9855      
# span 11 =    24.7743,    24.8104      
# span 12 =     7.1978,     7.2522      
# span 13 =    10.2864,    10.3641      
# span 14 =     94.082,     95.090      
# span 15 =    313.677,    316.046      
# span 16 =    321.453,    323.881      
# span 17 =   -0.00178,    0.01243      
# span 18 =    7.62554,    7.67517      
# span 19 =   10.89766,   10.96858      
# span 20 =  332.32062,  334.47717      
# span 21 =   17.01993,   17.12236      
# span 22 = 3.6908e-02, 7.2967e+01      
# span 23 =     0.1336,     0.2141      
# span 24 =     0.7317,     1.0660      
# span 25 =    76.6011,    83.2836      
# span 26 = 0.0000e+00, 0.0000e+00      
# interval = meters: 1                  
# start_time = Dec 18 2021 13:30:49 [Instrument's time stamp, header]
# bad_flag = -9.990e-29
*END*
        307 352.563952    0.02125     1.2747     76.483      1.018  50865.953    31.1039     2.8581      1.000     2.8607    24.7876     7.1978    10.2864     94.082    313.677    321.453    0.01243    7.65051   10.93335  333.40743   17.07158 7.2967e+01     0.1411     0.7317    83.2836 0.0000e+00
        312 352.563966    0.02157     1.2939     77.632      2.018  50864.097    31.1040     2.8648      2.000     2.8667    24.7871     7.2024    10.2929     94.158    313.878    321.658    0.00966    7.64922   10.93151  333.35141   17.06891 4.8267e+01     0.1336     0.7371    83.1714 0.0000e+00
        316 352.563979    0.02188     1.3127     78.764      3.028  50861.160    31.1021     2.8675      3.000     2.8690    24.7855     7.2081    10.3010     94.238    314.126    321.912    0.00761    7.64880   10.93090  333.33341   17.06806 3.7699e+01     0.1414     0.7395    83.1214 0.0000e+00
        321 352.563992    0.02219     1.3316     79.893      4.037  50861.699    31.1036     2.8734      4.000     2.8750    24.7861     7.2080    10.3009     94.252    314.123    321.909    0.00577    7.64760   10.92918  333.28084   17.06556 2.9935e+01     0.1634     0.7469    82.9672 0.0000e+00
        325 352.564005    0.02251     1.3509     81.052      5.049  50859.204    31.1013     2.8732      5.000     2.8739    24.7844     7.2179    10.3151     94.379    314.555    322.351    0.00484    7.64776   10.92942  333.28876   17.06595 2.4614e+01     0.1824     0.7477    82.9514 0.0000e+00
        330 352.564018    0.02283     1.3698     82.188      6.056  50865.596    31.1077     2.8832      6.000     2.8872    24.7887     7.2181    10.3154     94.409    314.562    322.360    0.00375    7.64551   10.92620  333.18914   17.06119 2.0203e+01     0.2067     0.7451    83.0046 0.0000e+00
        334 352.564032    0.02315     1.3892     83.352      7.065  50850.456    31.0980     2.8874      7.000     2.8843    24.7806     7.2244    10.3245     94.497    314.843    322.645    0.00317    7.64522   10.92577  333.17888   17.06075 1.6581e+01     0.2014     0.7434    83.0392 0.0000e+00
        339 352.564045    0.02348     1.4089     84.533      8.075  50854.893    31.0993     2.8825      8.000     2.8804    24.7820     7.2258    10.3263     94.502    314.897    322.701    0.00239    7.64609   10.92702  333.21655   17.06252 1.3726e+01     0.2040     0.7419    83.0714 0.0000e+00
        344 352.564059    0.02381     1.4288     85.725      9.085  50862.420    31.1033     2.8804      9.000     2.8818    24.7854     7.2213    10.3200     94.442    314.705    322.506    0.00139    7.64629   10.92731  333.22409   17.06287 1.1344e+01     0.2053     0.7390    83.1301 0.0000e+00
        349 352.564073    0.02415     1.4490     86.939     10.094  50866.906    31.1078     2.8882     10.000     2.8919    24.7884     7.2291    10.3312     94.566    315.043    322.853    0.00155    7.64457   10.92485  333.14821   17.05925 9.3822e+00     0.2043     0.7374    83.1636 0.0000e+00
        354 352.564088    0.02450     1.4702     88.209     11.106  50858.471    31.1037     2.8961     11.000     2.8959    24.7844     7.2305    10.3331     94.599    315.103    322.912    0.00126    7.64326   10.92298  333.09261   17.05662 7.7782e+00     0.2092     0.7370    83.1715 0.0000e+00
        359 352.564103    0.02485     1.4910     89.459     12.113  50855.181    31.1005     2.8947     12.000     2.8922    24.7820     7.2346    10.3389     94.647    315.283    323.096    0.00106    7.64371   10.92363  333.11291   17.05760 6.4462e+00     0.2141     0.7363    83.1872 0.0000e+00
        364 352.564117    0.02520     1.5119     90.717     13.125  50856.663    31.1002     2.8916     13.000     2.8892    24.7820     7.2362    10.3412     94.661    315.353    323.168    0.00083    7.64430   10.92447  333.13861   17.05882 5.3333e+00     0.2023     0.7378    83.1572 0.0000e+00
        369 352.564131    0.02552     1.5314     91.882     14.132  50860.812    31.1010     2.8858     14.000     2.8849    24.7831     7.2336    10.3375     94.614    315.239    323.051    0.00025    7.64537   10.92601  333.18512   17.06102 4.4304e+00     0.1988     0.7375    83.1626 0.0000e+00
        373 352.564144    0.02585     1.5509     93.055     15.142  50874.610    31.1119     2.8939     15.000     2.8982    24.7912     7.2392    10.3456     94.714    315.484    323.305    0.00062    7.64327   10.92299  333.09053   17.05649 3.6823e+00     0.2032     0.7363    83.1889 0.0000e+00
        378 352.564157    0.02617     1.5700     94.200     16.152  50860.896    31.1036     2.8994     16.000     2.8984    24.7841     7.2479    10.3581     94.836    315.866    323.694    0.00101    7.64265   10.92211  333.06595   17.05536 3.0558e+00     0.1991     0.7371    83.1714 0.0000e+00
        382 352.564171    0.02648     1.5889     95.332     17.160  50863.468    31.1048     2.8996     17.000     2.8982    24.7851     7.2402    10.3469     94.735    315.525    323.346    0.00022    7.64253   10.92195  333.06073   17.05511 2.5462e+00     0.1977     0.7399    83.1127 0.0000e+00
        387 352.564183    0.02679     1.6074     96.444     18.170  50859.422    31.1008     2.8967     18.000     2.8941    24.7822     7.2446    10.3532     94.784    315.718    323.543    0.00030    7.64330   10.92303  333.09478   17.05674 2.1079e+00     0.2009     0.7381    83.1494 0.0000e+00
        391 352.564196    0.02710     1.6261     97.568     19.181  50866.943    31.1048     2.8945     19.000     2.8949    24.7855     7.2412    10.3484     94.736    315.569    323.391    0.00001    7.64353   10.92337  333.10401   17.05716 1.7590e+00     0.2082     0.7367    83.1807 0.0000e+00
        396 352.564209    0.02741     1.6447     98.681     20.189  50867.588    31.1061     2.8997     20.000     2.8994    24.7861     7.2418    10.3493     94.758    315.598    323.421   -0.00001    7.64244   10.92182  333.05640   17.05489 1.4656e+00     0.2122     0.7382    83.1491 0.0000e+00
        400 352.564223    0.02773     1.6635     99.810     21.198  50862.946    31.1022     2.8990     21.000     2.8967    24.7831     7.2451    10.3540     94.796    315.741    323.566    0.00016    7.64279   10.92231  333.07233   17.05566 1.2220e+00     0.1938     0.7376    83.1591 0.0000e+00
        405 352.564236    0.02805     1.6829    100.976     22.210  50871.581    31.1076     2.8993     22.000     2.9007    24.7874     7.2455    10.3546     94.806    315.757    323.584    0.00007    7.64246   10.92183  333.05640   17.05489 1.0205e+00     0.1970     0.7361    83.1905 0.0000e+00
        409 352.564249    0.02836     1.7016    102.095     23.217  50856.804    31.0976     2.9010     23.000     2.8948    24.7792     7.2485    10.3590     94.844    315.894    323.722    0.00019    7.64264   10.92211  333.06751   17.05546 8.5012e-01     0.1998     0.7379    83.1542 0.0000e+00
        414 352.564262    0.02868     1.7210    103.258     24.229  50913.432    31.1374     2.9093     24.000     2.9328    24.8104     7.2445    10.3531     94.836    315.708    323.541    0.00004    7.63898   10.91688  332.89787   17.04724 7.0948e-01     0.2004     0.7381    83.1499 0.0000e+00
        419 352.564276    0.02900     1.7397    104.383     25.238  50881.772    31.1296     2.9631     25.000     2.9739    24.7998     7.2492    10.3599     95.020    315.915    323.750    0.00084    7.62918   10.90286  332.47383   17.02713 5.9015e-01     0.2023     0.7474    82.9566 0.0000e+00
        423 352.564288    0.02931     1.7584    105.502     26.247  50859.918    31.1196     2.9832     26.000     2.9855    24.7901     7.2514    10.3630     95.090    316.015    323.849    0.00100    7.62588   10.89815  332.33325   17.02049 4.9284e-01     0.1897     0.7576    82.7451 0.0000e+00
        428 352.564302    0.02962     1.7773    106.639     27.255  50848.080    31.1121     2.9870     27.000     2.9821    24.7838     7.2421    10.3497     94.972    315.611    323.433    0.00014    7.62554   10.89766  332.32062   17.01993 4.0960e-01     0.1849     0.7658    82.5757 0.0000e+00
        432 352.564314    0.02994     1.7964    107.786     28.267  50852.761    31.1128     2.9796     28.000     2.9759    24.7850     7.2306    10.3332     94.802    315.106    322.916   -0.00070    7.62691   10.89962  332.37985   17.02273 3.4130e-01     0.1821     0.7665    82.5619 0.0000e+00
        437 352.564328    0.03025     1.8149    108.893     29.272  50858.812    31.1154     2.9762     29.000     2.9745    24.7875     7.2264    10.3272     94.742    314.924    322.730   -0.00091    7.62744   10.90037  332.40180   17.02377 2.8181e-01     0.1763     0.7724    82.4398 0.0000e+00
        441 352.564341    0.03058     1.8347    110.083     30.286  50861.338    31.1167     2.9764     30.000     2.9751    24.7884     7.2292    10.3312     94.781    315.047    322.856   -0.00059    7.62731   10.90019  332.39607   17.02349 2.3410e-01     0.1827     0.7647    82.5999 0.0000e+00
        446 352.564355    0.03090     1.8542    111.251     31.295  50853.922    31.1112     2.9765     31.000     2.9711    24.7840     7.2324    10.3358     94.819    315.187    322.999   -0.00031    7.62759   10.90059  332.40982   17.02416 1.9592e-01     0.1787     0.7658    82.5754 0.0000e+00
        451 352.564368    0.03122     1.8735    112.408     32.304  50857.983    31.1105     2.9652     32.000     2.9597    24.7844     7.2310    10.3337     94.773    315.124    322.934   -0.00049    7.62976   10.90369  332.50420   17.02865 1.6496e-01     0.1782     0.7655    82.5837 0.0000e+00
        455 352.564382    0.03155     1.8930    113.580     33.313  50867.018    31.1143     2.9586     33.000     2.9555    24.7880     7.2313    10.3343     94.765    315.139    322.951   -0.00051    7.63081   10.90519  332.54876   17.03075 1.3868e-01     0.1800     0.7696    82.4971 0.0000e+00
        460 352.564396    0.03189     1.9136    114.815     34.325  50871.759    31.1164     2.9561     34.000     2.9543    24.7898     7.2334    10.3373     94.788    315.230    323.045   -0.00028    7.63118   10.90572  332.56420   17.03148 1.1713e-01     0.1891     0.7682    82.5269 0.0000e+00
        465 352.564410    0.03222     1.9335    116.012     35.332  50869.965    31.1145     2.9557     35.000     2.9515    24.7884     7.2314    10.3343     94.758    315.139    322.952   -0.00045    7.63136   10.90598  332.57275   17.03189 9.9333e-02     0.1782     0.7755    82.3754 0.0000e+00
        470 352.564425    0.03258     1.9550    117.300     36.344  50867.604    31.1097     2.9455     36.000     2.9386    24.7854     7.2315    10.3346     94.733    315.149    322.961   -0.00046    7.63356   10.90912  332.66942   17.03650 8.4479e-02     0.1803     0.7763    82.3602 0.0000e+00
        475 352.564439    0.03294     1.9759    118.555     37.353  50880.667    31.1159     2.9373     37.000     2.9341    24.7910     7.2347    10.3392     94.760    315.286    323.103   -0.00036    7.63479   10.91088  332.72134   17.03894 7.2843e-02     0.1817     0.7800    82.2832 0.0000e+00
        480 352.564453    0.03326     1.9957    119.743     38.362  50882.271    31.1157     2.9345     38.000     2.9313    24.7911     7.2412    10.3485     94.839    315.572    323.395    0.00010    7.63531   10.91163  332.74417   17.04003 6.3042e-02     0.1879     0.7898    82.0828 0.0000e+00
        485 352.564467    0.03359     2.0156    120.938     39.372  50885.018    31.1165     2.9322     39.000     2.9297    24.7918     7.2390    10.3452     94.804    315.471    323.292   -0.00018    7.63572   10.91221  332.76148   17.04085 5.5202e-02     0.1819     0.7894    82.0910 0.0000e+00
        490 352.564481    0.03393     2.0357    122.144     40.383  50886.657    31.1169     2.9315     40.000     2.9290    24.7922     7.2430    10.3510     94.856    315.649    323.475    0.00008    7.63585   10.91239  332.76693   17.04110 4.8673e-02     0.1866     0.7893    82.0917 0.0000e+00
        494 352.564494    0.03424     2.0544    123.267     41.390  50886.993    31.1163     2.9303     41.000     2.9272    24.7919     7.2429    10.3508     94.850    315.641    323.467   -0.00005    7.63610   10.91276  332.77813   17.04163 4.3454e-02     0.1964     0.7952    81.9721 0.0000e+00
        499 352.564507    0.03456     2.0737    124.420     42.401  50887.478    31.1155     2.9280     42.000     2.9242    24.7914     7.2440    10.3523     94.858    315.688    323.515   -0.00003    7.63658   10.91344  332.79925   17.04265 3.9492e-02     0.1795     0.7962    81.9512 0.0000e+00
        503 352.564521    0.03489     2.0932    125.591     43.412  50878.912    31.1074     2.9213     43.000     2.9119    24.7855     7.2462    10.3555     94.867    315.788    323.614   -0.00006    7.63827   10.91586  332.87469   17.04626 3.6979e-02     0.1764     0.7972    81.9309 0.0000e+00
        508 352.564533    0.03520     2.1117    126.700     44.419  50896.297    31.1152     2.9082     44.000     2.9036    24.7928     7.2434    10.3515     94.805    315.663    323.489   -0.00039    7.64037   10.91885  332.96371   17.05046 3.6909e-02     0.1795     0.8035    81.8018 0.0000e+00
        512 352.564547    0.03551     2.1307    127.843     45.429  50894.265    31.1115     2.9012     45.000     2.8946    24.7904     7.2475    10.3574     94.839    315.842    323.672   -0.00024    7.64189   10.92101  333.03050   17.05364 3.6908e-02     0.1811     0.8155    81.5560 0.0000e+00
        517 352.564560    0.03583     2.1501    129.009     46.441  50899.041    31.1115     2.8910     46.000     2.8842    24.7912     7.2501    10.3611     94.849    315.956    323.789   -0.00017    7.64383   10.92380  333.11535   17.05767 3.6908e-02     0.1792     0.8229    81.4048 0.0000e+00
        522 352.564574    0.03615     2.1691    130.148     47.447  50908.521    31.1154     2.8835     47.000     2.8796    24.7950     7.2497    10.3605     94.828    315.937    323.771   -0.00029    7.64507   10.92556  333.16758   17.06014 3.6908e-02     0.1760     0.8393    81.0721 0.0000e+00
        526 352.564587    0.03648     2.1889    131.335     48.459  50909.774    31.1148     2.8800     48.000     2.8756    24.7947     7.2494    10.3601     94.816    315.925    323.758   -0.00036    7.64575   10.92654  333.19762   17.06157 3.6908e-02     0.1807     0.8462    80.9338 0.0000e+00
        531 352.564601    0.03681     2.2083    132.498     49.468  50905.994    31.1100     2.8734     49.000     2.8656    24.7914     7.2456    10.3547     94.748    315.762    323.590   -0.00060    7.64725   10.92869  333.26436   17.06476 3.6908e-02     0.1790     0.8571    80.7136 0.0000e+00
        536 352.564614    0.03712     2.2277    133.660     50.479  50921.290    31.1172     2.8638     50.000     2.8618    24.7980     7.2467    10.3563     94.744    315.807    323.639   -0.00059    7.64873   10.93080  333.32638   17.06768 3.6908e-02     0.1825     0.8720    80.4118 0.0000e+00
        540 352.564628    0.03744     2.2467    134.804     51.487  50912.956    31.1112     2.8643     51.000     2.8549    24.7932     7.2522    10.3641     94.812    316.046    323.881   -0.00015    7.64894   10.93110  333.33719   17.06821 3.6908e-02     0.1791     0.8737    80.3781 0.0000e+00
        545 352.564641    0.03777     2.2663    135.981     52.499  50887.021    31.0842     2.8300     52.000     2.8018    24.7743     7.2437    10.3519     94.603    315.680    323.502   -0.00109    7.65690   10.94247  333.69007   17.08508 3.6908e-02     0.1761     0.9020    79.8120 0.0000e+00
        549 352.564654    0.03809     2.2853    137.115     53.505  50916.297    31.0885     2.7737     53.000     2.7506    24.7822     7.2407    10.3477     94.435    315.549    323.369   -0.00178    7.66743   10.95753  334.14674   17.10675 3.6908e-02     0.1725     0.9764    78.3429 0.0000e+00
