CTD-processing/allCTD/CNV/2021_03-23_t9_s08_cast188_5028.cnv
* Sea-Bird SBE19plus Data File:
* FileName = C:\Users\steve\Desktop\GWA CTD\2021_03-23_T9\2021_03-23_T9_S0_cast188.hex
* Software Version 1.59
* Temperature SN =  5028
* Conductivity SN =  5028
* System UpLoad Time = Mar 24 2021 11:24:40
** Cook Inlet LTM T9
** Date: 03-23-2021
** Station:S08
** Start Time (AKDT):16:16
** Depth (m):94
** Comment:
** Comment:
# nquan = 27
# nvalues = 91                          
# units = specified
# name 0 = scan: Scan Count
# name 1 = timeJ: Julian Days
# name 2 = timeH: Time, Elapsed [hours]
# name 3 = timeM: Time, Elapsed [minutes]
# name 4 = timeS: Time, Elapsed [seconds]
# name 5 = prdM: Pressure, Strain Gauge [db]
# name 6 = specc: Specific Conductance [uS/cm]
# name 7 = sal00: Salinity, Practical [PSU]
# name 8 = tv290C: Temperature [ITS-90, deg C]
# name 9 = depSM: Depth [salt water, m], lat = 59.00
# name 10 = potemp090C: Potential Temperature [ITS-90, deg C]
# name 11 = sigma-é00: Density [sigma-theta, kg/m^3]
# name 12 = sbeox0ML/L: Oxygen, SBE 43 [ml/l]
# name 13 = sbeox0Mg/L: Oxygen, SBE 43 [mg/l]
# name 14 = sbeox0PS: Oxygen, SBE 43 [% saturation]
# name 15 = sbox0Mm/Kg: Oxygen, SBE 43 [umol/kg]
# name 16 = sbeox0Mm/L: Oxygen, SBE 43 [umol/l]
# name 17 = sbox0dV/dT: Oxygen, SBE 43 [dov/dt]
# name 18 = oxsolML/L: Oxygen Saturation, Garcia & Gordon [ml/l]
# name 19 = oxsolMg/L: Oxygen Saturation, Garcia & Gordon [mg/l]
# name 20 = oxsolMm/Kg: Oxygen Saturation, Garcia & Gordon [umol/kg]
# name 21 = potemp090C: Potential Temperature [ITS-90, deg C]
# name 22 = n2satMg/L: Nitrogen Saturation [mg/l]
# name 23 = par: PAR/Irradiance, Biospherical/Licor
# name 24 = flECO-AFL: Fluorescence, WET Labs ECO-AFL/FL [mg/m^3]
# name 25 = turbWETntu0: Turbidity, WET Labs ECO [NTU]
# name 26 = flag: flag
# span 0 =        218,        668       
# span 1 =  82.678567,  82.679871       
# span 2 =    0.01507,    0.04634       
# span 3 =     0.9040,     2.7804       
# span 4 =     54.238,    166.822       
# span 5 =      1.010,     91.879       
# span 6 =  49671.258,  51552.601       
# span 7 =    29.9086,    31.6895       
# span 8 =     1.2212,     3.6733       
# span 9 =      1.000,     91.000       
# span 10 =     1.2387,     3.6676      
# span 11 =    23.9409,    25.1901      
# span 12 =     7.2669,     9.7174      
# span 13 =    10.3852,    13.8872      
# span 14 =     90.367,    125.968      
# span 15 =    316.980,    423.380      
# span 16 =    324.541,    433.981      
# span 17 =   -0.02187,    0.04336      
# span 18 =    7.46800,    8.04473      
# span 19 =   10.67252,   11.49672      
# span 20 =  325.32788,  350.92283      
# span 21 =     1.2212,     3.6677      
# span 22 =   16.68532,   17.90717      
# span 23 = 3.7976e-02, 2.6973e+02      
# span 24 =    -0.1236,     4.4098      
# span 25 =     0.9543,     3.2685      
# span 26 = 0.0000e+00, 0.0000e+00      
# interval = meters: 1                  
# start_time = Mar 23 2021 16:16:14 [Instrument's time stamp, header]
# bad_flag = -9.990e-29
*END*
[from data line 54]
        506  82.679401    0.03507     2.1040    126.238     55.526  51451.725    31.4779     2.8845     55.000     2.8866    25.0842     8.2130    11.7372    107.698    357.816    366.792   -0.00711    7.62598   10.89828  332.24215     2.8815   17.01473 3.7976e-02     0.3143     1.0026 0.0000e+00
        511  82.679414    0.03539     2.1233    127.396     56.536  51448.241    31.4778     2.8950     56.000     2.8951    25.0832     8.1849    11.6970    107.357    356.592    365.536   -0.00672    7.62399   10.89544  332.15576     2.8920   17.01063 3.7976e-02     0.3152     0.9909 0.0000e+00
        515  82.679427    0.03569     2.1417    128.504     57.546  51449.534    31.4800     2.9018     57.000     2.9025    25.0844     8.1446    11.6394    106.848    354.835    363.736   -0.00757    7.62259   10.89345  332.09461     2.8987   17.00772 3.7976e-02     0.3244     0.9543 0.0000e+00
        519  82.679439    0.03598     2.1588    129.530     58.556  51459.773    31.4891     2.9120     58.000     2.9180    25.0909     8.1305    11.6193    106.697    354.219    363.107   -0.00659    7.62018   10.89000  331.98749     2.9088   17.00259 3.7976e-02     0.3244     0.9623 0.0000e+00
        523  82.679451    0.03627     2.1763    130.576     59.565  51468.969    31.5006     2.9340     59.000     2.9442    25.0983     8.1173    11.6005    106.591    353.644    362.520   -0.00546    7.61542   10.88319  331.77754     2.9307   16.99257 3.7976e-02     0.3229     0.9944 0.0000e+00
        528  82.679464    0.03657     2.1938    131.628     60.576  51477.259    31.5138     2.9645     60.000     2.9794    25.1062     8.0966    11.5709    106.409    352.740    361.596   -0.00498    7.60895   10.87395  331.49322     2.9612   16.97901 3.7976e-02     0.3273     1.0266 0.0000e+00
        531  82.679474    0.03684     2.2103    132.620     61.584  51491.901    31.5336     3.0043     61.000     3.0281    25.1188     8.0742    11.5390    106.235    351.761    360.596   -0.00470    7.60040   10.86173  331.11668     3.0009   16.96104 3.7976e-02     0.3209     1.0657 0.0000e+00
        536  82.679488    0.03716     2.2297    133.782     62.594  51504.721    31.5601     3.0739     62.000     3.1044    25.1341     8.0447    11.4967    106.048    350.468    359.277   -0.00426    7.58592   10.84103  330.48066     3.0704   16.93072 3.7976e-02     0.3272     1.0729 0.0000e+00
        541  82.679503    0.03752     2.2510    135.063     63.604  51485.304    31.5683     3.1572     63.000     3.1763    25.1336     7.9968    11.4281    105.639    348.378    357.133   -0.00490    7.56983   10.81805  329.78018     3.1537   16.89741 3.7976e-02     0.3288     1.0676 0.0000e+00
        545  82.679514    0.03778     2.2668    136.009     64.614  51463.331    31.5621     3.1929     64.000     3.2026    25.1257     7.9773    11.4003    105.471    347.534    356.266   -0.00473    7.56347   10.80896  329.50555     3.1891   16.88439 3.7976e-02     0.3279     1.0797 0.0000e+00
        549  82.679525    0.03805     2.2827    136.960     65.623  51492.078    31.5891     3.2238     65.000     3.2492    25.1445     7.9633    11.3803    105.386    346.917    355.640   -0.00405    7.55631   10.79871  329.18731     3.2200   16.86915 3.7976e-02     0.3176     1.1054 0.0000e+00
        553  82.679538    0.03834     2.3007    138.045     66.633  51523.694    31.6295     3.2994     66.000     3.3391    25.1701     7.9392    11.3460    105.293    345.862    354.567   -0.00349    7.54013   10.77561  328.47466     3.2955   16.83513 3.7976e-02     0.3355     1.1141 0.0000e+00
        558  82.679552    0.03870     2.3218    139.306     67.643  51536.749    31.6672     3.4141     67.000     3.4561    25.1901     7.9084    11.3019    105.208    344.510    353.189   -0.00273    7.51690   10.74240  327.45608     3.4101   16.78657 3.7976e-02     0.3235     1.1133 0.0000e+00
        563  82.679565    0.03902     2.3410    140.458     68.653  51513.575    31.6763     3.5141     68.000     3.5398    25.1885     7.8722    11.2502    104.992    342.935    351.573   -0.00306    7.49792   10.71528  326.63003     3.5100   16.74727 3.7976e-02     0.3312     1.1717 0.0000e+00
        567  82.679578    0.03932     2.3590    141.538     69.663  51476.913    31.6630     3.5622     69.000     3.5682    25.1737     7.8518    11.2210    104.834    342.049    350.660   -0.00292    7.48972   10.70356  326.27733     3.5581   16.73056 3.7976e-02     0.3423     1.3179 0.0000e+00
        572  82.679591    0.03962     2.3775    142.651     70.672  51466.798    31.6601     3.5800     70.000     3.5796    25.1697     7.8094    11.1605    104.312    340.206    348.769   -0.00476    7.48659   10.69908  326.14210     3.5758   16.72414 3.7976e-02     0.3375     1.4025 0.0000e+00
        575  82.679602    0.03989     2.3937    143.620     71.682  51464.190    31.6594     3.5862     71.000     3.5835    25.1686     7.7917    11.1351    104.091    339.434    347.977   -0.00495    7.48549   10.69752  326.09473     3.5819   16.72189 3.7976e-02     0.3234     1.4437 0.0000e+00
        580  82.679614    0.04020     2.4117    144.703     72.692  51464.937    31.6601     3.5890     72.000     3.5860    25.1689     7.7775    11.1148    103.909    338.816    347.344   -0.00455    7.48494   10.69672  326.07041     3.5846   16.72073 3.7976e-02     0.3189     1.4784 0.0000e+00
        585  82.679628    0.04053     2.4314    145.884     73.703  51470.101    31.6643     3.5937     73.000     3.5926    25.1718     7.7546    11.0822    103.618    337.820    346.323   -0.00474    7.48387   10.69519  326.02284     3.5893   16.71846 3.7976e-02     0.3279     1.4642 0.0000e+00
        590  82.679644    0.04089     2.4537    147.225     74.712  51481.303    31.6742     3.6051     74.000     3.6091    25.1787     7.7279    11.0439    103.296    336.651    345.127   -0.00488    7.48128   10.69150  325.90802     3.6006   16.71296 3.7976e-02     0.3372     1.4327 0.0000e+00
        594  82.679656    0.04117     2.4703    148.217     75.721  51486.980    31.6822     3.6239     75.000     3.6281    25.1834     7.7248    11.0395    103.308    336.514    344.988   -0.00383    7.47741   10.68596  325.73780     3.6193   16.70483 3.7976e-02     0.3141     1.5673 0.0000e+00
        598  82.679667    0.04146     2.4874    149.242     76.731  51478.248    31.6792     3.6377     76.000     3.6367    25.1797     7.7258    11.0410    103.355    336.561    345.035   -0.00258    7.47503   10.68256  325.63540     3.6330   16.69998 3.7976e-02     0.3257     1.7676 0.0000e+00
        602  82.679680    0.04176     2.5054    150.321     77.741  51479.074    31.6812     3.6454     77.000     3.6438    25.1806     7.7052    11.0115    103.100    335.663    344.114   -0.00321    7.47351   10.68039  325.56905     3.6407   16.69682 3.7976e-02     0.3585     1.8706 0.0000e+00
        607  82.679693    0.04207     2.5242    151.453     78.751  51475.851    31.6798     3.6508     78.000     3.6469    25.1790     7.6858    10.9839    102.854    334.820    343.250   -0.00360    7.47258   10.67907  325.52895     3.6460   16.69492 3.7976e-02     0.3557     1.9745 0.0000e+00
        611  82.679706    0.04239     2.5437    152.622     79.761  51476.005    31.6798     3.6523     79.000     3.6478    25.1789     7.6660    10.9555    102.592    333.955    342.363   -0.00398    7.47231   10.67868  325.51723     3.6475   16.69436 3.7976e-02     0.3394     1.9903 0.0000e+00
        616  82.679720    0.04273     2.5639    153.833     80.771  51477.402    31.6804     3.6532     80.000     3.6488    25.1793     7.6525    10.9362    102.414    333.367    341.760   -0.00374    7.47213   10.67841  325.50904     3.6483   16.69397 3.7976e-02     0.3278     2.0063 0.0000e+00
        621  82.679734    0.04306     2.5833    154.999     81.780  51481.414    31.6832     3.6552     81.000     3.6519    25.1813     7.6326    10.9078    102.155    332.502    340.875   -0.00405    7.47161   10.67768  325.48599     3.6502   16.69286 3.7976e-02     0.3377     2.0519 0.0000e+00
        625  82.679744    0.04331     2.5988    155.928     82.790  51482.499    31.6842     3.6585     82.000     3.6547    25.1818     7.6303    10.9044    102.132    332.398    340.768   -0.00339    7.47096   10.67675  325.45757     3.6534   16.69151 3.7976e-02     0.3235     2.0578 0.0000e+00
        629  82.679758    0.04364     2.6184    157.102     83.800  51482.231    31.6841     3.6609     83.000     3.6563    25.1815     7.6252    10.8971    102.070    332.176    340.540   -0.00271    7.47052   10.67613  325.43863     3.6558   16.69061 3.7976e-02     0.3283     2.0342 0.0000e+00
        634  82.679770    0.04394     2.6361    158.163     84.811  51483.360    31.6847     3.6622     84.000     3.6576    25.1819     7.6125    10.8791    101.905    331.627    339.977   -0.00295    7.47025   10.67574  325.42652     3.6570   16.69003 3.7976e-02     0.3322     2.0408 0.0000e+00
        639  82.679785    0.04429     2.6575    159.452     85.820  51483.591    31.6846     3.6634     85.000     3.6582    25.1817     7.6009    10.8625    101.752    331.119    339.457   -0.00281    7.47004   10.67544  325.41750     3.6581   16.68960 3.7976e-02     0.3265     1.9611 0.0000e+00
        644  82.679800    0.04465     2.6790    160.740     86.830  51484.179    31.6845     3.6634     86.000     3.6581    25.1816     7.5832    10.8372    101.515    330.349    338.668   -0.00321    7.47004   10.67543  325.41754     3.6581   16.68960 3.7976e-02     0.3280     1.9348 0.0000e+00
        648  82.679811    0.04492     2.6950    161.698     87.840  51486.605    31.6857     3.6637     87.000     3.6591    25.1826     7.5812    10.8342    101.489    330.258    338.575   -0.00270    7.46993   10.67528  325.41234     3.6583   16.68935 3.7976e-02     0.3150     1.9022 0.0000e+00
        652  82.679823    0.04520     2.7121    162.725     88.849  51489.735    31.6880     3.6661     88.000     3.6622    25.1842     7.5790    10.8311    101.467    330.162    338.476   -0.00214    7.46937   10.67448  325.38751     3.6607   16.68816 3.7976e-02     0.3193     1.8830 0.0000e+00
        657  82.679838    0.04556     2.7338    164.029     89.860  51491.314    31.6895     3.6700     89.000     3.6658    25.1850     7.5586    10.8019    101.204    329.271    337.564   -0.00280    7.46859   10.67337  325.35336     3.6645   16.68653 3.7976e-02     0.3262     1.7840 0.0000e+00
        662  82.679853    0.04591     2.7550    165.298     90.869  51490.578    31.6891     3.6727     90.000     3.6676    25.1844     7.5530    10.7939    101.137    329.029    337.315   -0.00239    7.46810   10.67266  325.33196     3.6672   16.68552 3.7976e-02     0.3297     1.7455 0.0000e+00
        668  82.679871    0.04634     2.7804    166.822     91.879  51490.636    31.6888     3.6733     91.000     3.6676    25.1842     7.5371    10.7713    100.926    328.341    336.610   -0.00269    7.46800   10.67252  325.32788     3.6677   16.68532 3.7976e-02     0.3331     1.7636 0.0000e+00
