CTD-processing/allCTD/CNV/2021_08-17_ab_s08_cast141_4141.cnv
* Sea-Bird SBE19plus Data File:
* FileName = C:\Users\steve\Desktop\GWA\CTD\2021_08-17_AB\2021_08-17_AB_S0_cast141.hex
* Software Version 1.59
* Temperature SN =  4141
* Conductivity SN =  4141
* System UpLoad Time = Aug 18 2021 09:44:15
** Cook Inlet LTM AlongBay
** Date: 08-17-2021
** Station:S08
** Start Time (AKDT):12:59
** Depth (m):85
** Comment:
** Comment:
# nquan = 27
# nvalues = 78                          
# units = specified
# name 0 = scan: Scan Count
# name 1 = timeJ: Julian Days
# name 2 = timeH: Time, Elapsed [hours]
# name 3 = timeM: Time, Elapsed [minutes]
# name 4 = timeS: Time, Elapsed [seconds]
# name 5 = prdM: Pressure, Strain Gauge [db]
# name 6 = specc: Specific Conductance [uS/cm]
# name 7 = sal00: Salinity, Practical [PSU]
# name 8 = tv290C: Temperature [ITS-90, deg C]
# name 9 = depSM: Depth [salt water, m], lat = 59.00
# name 10 = potemp090C: Potential Temperature [ITS-90, deg C]
# name 11 = sigma-é00: Density [sigma-theta, kg/m^3]
# name 12 = sbeox0ML/L: Oxygen, SBE 43 [ml/l]
# name 13 = sbeox0Mg/L: Oxygen, SBE 43 [mg/l]
# name 14 = sbeox0PS: Oxygen, SBE 43 [% saturation]
# name 15 = sbox0Mm/Kg: Oxygen, SBE 43 [umol/kg]
# name 16 = sbeox0Mm/L: Oxygen, SBE 43 [umol/l]
# name 17 = sbox0dV/dT: Oxygen, SBE 43 [dov/dt]
# name 18 = oxsolML/L: Oxygen Saturation, Garcia & Gordon [ml/l]
# name 19 = oxsolMg/L: Oxygen Saturation, Garcia & Gordon [mg/l]
# name 20 = oxsolMm/Kg: Oxygen Saturation, Garcia & Gordon [umol/kg]
# name 21 = n2satMg/L: Nitrogen Saturation [mg/l]
# name 22 = par: PAR/Irradiance, Biospherical/Licor
# name 23 = wetStar: Fluorescence, WET Labs WETstar [mg/m^3]
# name 24 = CStarAt0: Beam Attenuation, WET Labs C-Star [1/m]
# name 25 = CStarTr0: Beam Transmission, WET Labs C-Star [%]
# name 26 = flag: flag
# span 0 =        367,        709       
# span 1 = 229.542250, 229.543241       
# span 2 =    0.02540,    0.04917       
# span 3 =     1.5237,     2.9498       
# span 4 =     91.420,    176.987       
# span 5 =      1.011,     78.730       
# span 6 =  43018.577,  49373.356       
# span 7 =    27.1918,    31.2602       
# span 8 =     9.0695,    12.3532       
# span 9 =      1.000,     78.000       
# span 10 =     9.0580,    12.3234      
# span 11 =    20.4708,    24.1802      
# span 12 =     5.7668,     7.1049      
# span 13 =     8.2414,    10.1536      
# span 14 =     87.353,    111.302      
# span 15 =    251.466,    310.200      
# span 16 =    257.546,    317.306      
# span 17 =   -0.04736,    0.00830      
# span 18 =    6.30555,    6.60231      
# span 19 =    9.01126,    9.43537      
# span 20 =  275.88016,  287.89859      
# span 21 =   14.34122,   14.90322      
# span 22 = 5.5000e-02, 1.2898e+02      
# span 23 =     0.1488,     4.9840      
# span 24 =     0.5198,     1.5652      
# span 25 =    67.6208,    87.8133      
# span 26 = 0.0000e+00, 0.0000e+00      
# interval = meters: 1                  
# start_time = Aug 17 2021 12:59:19 [Instrument's time stamp, header]
# bad_flag = -9.990e-29
*END*
[from data line 54]
        603 229.542935    0.04183     2.5094    150.565     55.526  49319.545    31.2398     9.1413     55.000     9.1353    24.1543     5.8412     8.3477     88.604    254.715    260.868   -0.00453    6.59246    9.42128  287.47540   14.88305 5.7382e-02     0.1511     1.1978    74.1223 0.0000e+00
        608 229.542949    0.04216     2.5298    151.786     56.535  49320.460    31.2398     9.1399     56.000     9.1330    24.1546     5.8288     8.3300     88.414    254.175    260.315   -0.00431    6.59266    9.42157  287.48413   14.88346 5.7250e-02     0.1560     1.2371    73.3973 0.0000e+00
        613 229.542964    0.04253     2.5515    153.091     57.546  49323.615    31.2413     9.1382     57.000     9.1319    24.1561     5.8223     8.3207     88.313    253.894    260.027   -0.00350    6.59284    9.42183  287.49170   14.88382 5.6743e-02     0.1488     1.2621    72.9409 0.0000e+00
        619 229.542979    0.04289     2.5732    154.395     58.555  49324.694    31.2414     9.1364     58.000     9.1293    24.1564     5.8205     8.3181     88.281    253.811    259.942   -0.00257    6.59311    9.42221  287.50319   14.88437 5.6582e-02     0.1499     1.2773    72.6636 0.0000e+00
        624 229.542994    0.04323     2.5941    155.647     59.570  49327.703    31.2428     9.1343     59.000     9.1278    24.1578     5.8168     8.3126     88.220    253.647    259.774   -0.00224    6.59334    9.42255  287.51315   14.88484 5.6531e-02     0.1540     1.3064    72.1371 0.0000e+00
        628 229.543006    0.04353     2.6122    156.729     60.573  49328.264    31.2427     9.1337     60.000     9.1272    24.1579     5.8174     8.3137     88.230    253.678    259.806   -0.00156    6.59344    9.42269  287.51735   14.88504 5.6426e-02     0.1638     1.3216    71.8633 0.0000e+00
        633 229.543020    0.04386     2.6314    157.884     61.586  49329.276    31.2429     9.1332     61.000     9.1267    24.1581     5.8216     8.3197     88.294    253.860    259.993   -0.00085    6.59350    9.42278  287.51989   14.88516 5.6444e-02     0.1857     1.3287    71.7361 0.0000e+00
        637 229.543033    0.04417     2.6502    159.012     62.595  49329.708    31.2426     9.1326     62.000     9.1255    24.1580     5.8132     8.3077     88.165    253.494    259.619   -0.00121    6.59361    9.42292  287.52461   14.88539 5.6433e-02     0.1816     1.3163    71.9585 0.0000e+00
        642 229.543046    0.04448     2.6689    160.137     63.604  49330.584    31.2426     9.1310     63.000     9.1234    24.1583     5.8117     8.3055     88.138    253.429    259.551   -0.00138    6.59384    9.42326  287.53469   14.88587 5.6448e-02     0.1889     1.3125    72.0263 0.0000e+00
        646 229.543058    0.04479     2.6874    161.246     64.615  49333.570    31.2440     9.1294     64.000     9.1225    24.1597     5.8245     8.3238     88.330    253.985    260.121    0.00017    6.59402    9.42351  287.54182   14.88620 5.6438e-02     0.1706     1.3226    71.8452 0.0000e+00
        650 229.543071    0.04509     2.7055    162.333     65.624  49334.275    31.2440     9.1290     65.000     9.1217    24.1597     5.8227     8.3213     88.302    253.908    260.043   -0.00006    6.59408    9.42360  287.54450   14.88633 5.6437e-02     0.1607     1.3356    71.6122 0.0000e+00
        655 229.543083    0.04539     2.7234    163.406     66.633  49334.794    31.2437     9.1274     66.000     9.1189    24.1598     5.8075     8.2995     88.068    253.244    259.363   -0.00129    6.59431    9.42394  287.55478   14.88682 5.6476e-02     0.1681     1.3354    71.6167 0.0000e+00
        659 229.543096    0.04569     2.7418    164.507     67.644  49334.005    31.2420     9.1221     67.000     9.1080    24.1593     5.8038     8.2942     88.001    253.083    259.196   -0.00162    6.59518    9.42517  287.59259   14.88864 5.6539e-02     0.1603     1.3164    71.9578 0.0000e+00
        663 229.543109    0.04599     2.7597    165.583     68.650  49348.482    31.2495     9.1059     68.000     9.0957    24.1676     5.8093     8.3021     88.057    253.321    259.443   -0.00073    6.59723    9.42810  287.67983   14.89278 5.6534e-02     0.1586     1.3411    71.5149 0.0000e+00
        668 229.543122    0.04631     2.7787    166.722     69.665  49354.535    31.2526     9.1011     69.000     9.0928    24.1708     5.8018     8.2914     87.937    252.996    259.112   -0.00131    6.59780    9.42891  287.70366   14.89390 5.6631e-02     0.1722     1.3653    71.0831 0.0000e+00
        672 229.543135    0.04662     2.7969    167.812     70.670  49355.384    31.2524     9.0985     70.000     9.0882    24.1711     5.7968     8.2841     87.854    252.773    258.883   -0.00146    6.59819    9.42948  287.72065   14.89472 5.6612e-02     0.1673     1.3872    70.6940 0.0000e+00
        677 229.543148    0.04694     2.8164    168.984     71.684  49361.157    31.2548     9.0895     71.000     9.0788    24.1743     5.7852     8.2677     87.662    252.269    258.368   -0.00209    6.59941    9.43122  287.77317   14.89722 5.7043e-02     0.1726     1.4116    70.2664 0.0000e+00
        682 229.543162    0.04726     2.8357    170.144     72.692  49366.840    31.2575     9.0836     72.000     9.0740    24.1774     5.7770     8.2559     87.529    251.911    258.002   -0.00234    6.60015    9.43229  287.80477   14.89872 5.6859e-02     0.1734     1.4515    69.5670 0.0000e+00
        686 229.543175    0.04760     2.8557    171.340     73.703  49371.518    31.2598     9.0793     73.000     9.0711    24.1798     5.7740     8.2516     87.476    251.779    257.867   -0.00196    6.60069    9.43304  287.82719   14.89979 5.6959e-02     0.1729     1.4660    69.3152 0.0000e+00
        691 229.543188    0.04791     2.8745    172.472     74.713  49372.847    31.2602     9.0788     74.000     9.0715    24.1802     5.7689     8.2444     87.398    251.557    257.640   -0.00190    6.60075    9.43313  287.82971   14.89990 5.6860e-02     0.1799     1.4789    69.0928 0.0000e+00
        695 229.543201    0.04821     2.8924    173.543     75.720  49372.181    31.2594     9.0796     75.000     9.0715    24.1795     5.7668     8.2414     87.367    251.466    257.546   -0.00165    6.60066    9.43301  287.82610   14.89974 5.6955e-02     0.1779     1.4864    68.9625 0.0000e+00
        700 229.543214    0.04852     2.9110    174.661     76.732  49373.315    31.2596     9.0785     76.000     9.0701    24.1798     5.7673     8.2420     87.371    251.483    257.564   -0.00118    6.60082    9.43323  287.83295   14.90006 5.7059e-02     0.1750     1.4995    68.7379 0.0000e+00
        704 229.543226    0.04883     2.9295    175.769     77.740  49373.356    31.2590     9.0775     77.000     9.0681    24.1796     5.7713     8.2478     87.431    251.660    257.745   -0.00057    6.60098    9.43346  287.83996   14.90040 5.6878e-02     0.1732     1.5482    67.9065 0.0000e+00
        709 229.543241    0.04917     2.9498    176.987     78.730  49370.268    31.2553     9.0695     78.000     9.0580    24.1779     5.7673     8.2421     87.353    251.489    257.569   -0.00087    6.60231    9.43537  287.89859   14.90322 5.6926e-02     0.1640     1.5652    67.6208 0.0000e+00
