CTD-processing/allCTD/CNV/2021_03-23_t9_s02_cast182_5028.cnv
* Sea-Bird SBE19plus Data File:
* FileName = C:\Users\steve\Desktop\GWA CTD\2021_03-23_T9\2021_03-23_T9_S0_cast182.hex
* Software Version 1.59
* Temperature SN =  5028
* Conductivity SN =  5028
* System UpLoad Time = Mar 24 2021 11:15:14
** Cook Inlet LTM T9
** Date: 03-23-2021
** Station:S02
** Start Time (AKDT):15:21
** Depth (m):73
** Comment:
** Comment:
# nquan = 27
# nvalues = 71                          
# units = specified
# name 0 = scan: Scan Count
# name 1 = timeJ: Julian Days
# name 2 = timeH: Time, Elapsed [hours]
# name 3 = timeM: Time, Elapsed [minutes]
# name 4 = timeS: Time, Elapsed [seconds]
# name 5 = prdM: Pressure, Strain Gauge [db]
# name 6 = specc: Specific Conductance [uS/cm]
# name 7 = sal00: Salinity, Practical [PSU]
# name 8 = tv290C: Temperature [ITS-90, deg C]
# name 9 = depSM: Depth [salt water, m], lat = 59.00
# name 10 = potemp090C: Potential Temperature [ITS-90, deg C]
# name 11 = sigma-é00: Density [sigma-theta, kg/m^3]
# name 12 = sbeox0ML/L: Oxygen, SBE 43 [ml/l]
# name 13 = sbeox0Mg/L: Oxygen, SBE 43 [mg/l]
# name 14 = sbeox0PS: Oxygen, SBE 43 [% saturation]
# name 15 = sbox0Mm/Kg: Oxygen, SBE 43 [umol/kg]
# name 16 = sbeox0Mm/L: Oxygen, SBE 43 [umol/l]
# name 17 = sbox0dV/dT: Oxygen, SBE 43 [dov/dt]
# name 18 = oxsolML/L: Oxygen Saturation, Garcia & Gordon [ml/l]
# name 19 = oxsolMg/L: Oxygen Saturation, Garcia & Gordon [mg/l]
# name 20 = oxsolMm/Kg: Oxygen Saturation, Garcia & Gordon [umol/kg]
# name 21 = potemp090C: Potential Temperature [ITS-90, deg C]
# name 22 = n2satMg/L: Nitrogen Saturation [mg/l]
# name 23 = par: PAR/Irradiance, Biospherical/Licor
# name 24 = flECO-AFL: Fluorescence, WET Labs ECO-AFL/FL [mg/m^3]
# name 25 = turbWETntu0: Turbidity, WET Labs ECO [NTU]
# name 26 = flag: flag
# span 0 =        274,        603       
# span 1 =  82.640095,  82.641048       
# span 2 =    0.01894,    0.04181       
# span 3 =     1.1363,     2.5083       
# span 4 =     68.177,    150.495       
# span 5 =      1.009,     71.682       
# span 6 =  51365.542,  51481.867       
# span 7 =    31.4273,    31.6711       
# span 8 =     2.8052,     3.5890       
# span 9 =      1.000,     71.000       
# span 10 =     2.8052,     3.5854      
# span 11 =    25.0498,    25.1785      
# span 12 =     7.0740,    10.3458      
# span 13 =    10.1094,    14.7853      
# span 14 =     92.549,    137.103      
# span 15 =    308.203,    450.721      
# span 16 =    315.923,    462.047      
# span 17 =   -0.02999,    0.04786      
# span 18 =    7.48438,    7.64346      
# span 19 =   10.69593,   10.92327      
# span 20 =  326.04359,  333.01501      
# span 21 =     2.8051,     3.5847      
# span 22 =   16.71942,   17.05164      
# span 23 = 3.7869e-02, 3.8275e+02      
# span 24 =     0.2164,     0.3370      
# span 25 =     0.5838,     1.0278      
# span 26 = 0.0000e+00, 0.0000e+00      
# interval = meters: 1                  
# start_time = Mar 23 2021 15:20:36 [Instrument's time stamp, header]
# bad_flag = -9.990e-29
*END*
[from data line 54]
        524  82.640819    0.03631     2.1787    130.724     55.526  51470.220    31.6659     3.5629     55.000     3.5620    25.1758     8.1870    11.6999    109.313    356.650    365.629   -0.00903    7.48945   10.70317  326.26480     3.5596   16.72995 1.3821e-01     0.3193     0.6322 0.0000e+00
        529  82.640833    0.03666     2.1991    131.946     56.536  51468.296    31.6653     3.5676     56.000     3.5650    25.1749     8.1243    11.6105    108.490    353.923    362.834   -0.01058    7.48861   10.70196  326.22839     3.5642   16.72822 1.2314e-01     0.3177     0.6279 0.0000e+00
        533  82.640845    0.03694     2.2167    133.001     57.546  51466.192    31.6635     3.5683     57.000     3.5641    25.1734     8.1160    11.5987    108.380    353.563    362.463   -0.00870    7.48858   10.70193  326.22779     3.5648   16.72820 1.1040e-01     0.3269     0.6327 0.0000e+00
        539  82.640861    0.03734     2.2406    134.438     58.556  51467.942    31.6637     3.5664     58.000     3.5627    25.1737     8.0776    11.5438    107.861    351.889    360.748   -0.00812    7.48891   10.70241  326.24221     3.5629   16.72889 9.9305e-02     0.3314     0.6033 0.0000e+00
        543  82.640874    0.03765     2.2586    135.518     59.565  51468.923    31.6638     3.5663     59.000     3.5625    25.1739     8.0470    11.5000    107.452    350.554    359.378   -0.00836    7.48894   10.70244  326.24318     3.5627   16.72893 8.9375e-02     0.3336     0.6054 0.0000e+00
        548  82.640887    0.03797     2.2780    136.678     60.575  51470.161    31.6640     3.5660     60.000     3.5624    25.1741     8.0439    11.4956    107.411    350.421    359.243   -0.00617    7.48898   10.70250  326.24494     3.5623   16.72902 8.0886e-02     0.3318     0.6031 0.0000e+00
        553  82.640902    0.03831     2.2987    137.919     61.585  51470.599    31.6638     3.5663     61.000     3.5623    25.1739     8.0003    11.4332    106.828    348.519    357.292   -0.00722    7.48894   10.70244  326.24298     3.5626   16.72892 7.3477e-02     0.3325     0.6333 0.0000e+00
        557  82.640914    0.03860     2.3162    138.970     62.595  51471.330    31.6637     3.5656     62.000     3.5617    25.1739     7.9888    11.4168    106.672    348.018    356.779   -0.00643    7.48906   10.70262  326.24859     3.5619   16.72919 6.7046e-02     0.3254     0.6441 0.0000e+00
        562  82.640929    0.03896     2.3376    140.257     63.604  51473.530    31.6647     3.5659     63.000     3.5627    25.1747     7.9677    11.3867    106.393    347.100    355.839   -0.00571    7.48895   10.70247  326.24369     3.5621   16.72895 6.1376e-02     0.3360     0.6122 0.0000e+00
        567  82.640942    0.03929     2.3572    141.432     64.614  51473.602    31.6647     3.5673     64.000     3.5635    25.1744     7.9361    11.3415    105.975    345.724    354.428   -0.00637    7.48869   10.70209  326.23228     3.5635   16.72841 5.6401e-02     0.3271     0.5838 0.0000e+00
        572  82.640957    0.03962     2.3776    142.654     65.624  51473.085    31.6636     3.5667     65.000     3.5623    25.1737     7.9233    11.3232    105.800    345.164    353.853   -0.00540    7.48887   10.70235  326.24017     3.5628   16.72879 5.2278e-02     0.3240     0.6126 0.0000e+00
        577  82.640972    0.04000     2.4001    144.005     66.634  51475.898    31.6650     3.5665     66.000     3.5632    25.1748     7.8875    11.2720    105.323    343.606    352.256   -0.00605    7.48883   10.70229  326.23831     3.5625   16.72870 4.8611e-02     0.3212     0.6032 0.0000e+00
        582  82.640986    0.04032     2.4192    145.151     67.643  51480.642    31.6684     3.5692     67.000     3.5682    25.1772     7.8747    11.2537    105.162    343.046    351.684   -0.00532    7.48817   10.70134  326.20849     3.5652   16.72727 4.5499e-02     0.3330     0.5920 0.0000e+00
        587  82.641001    0.04070     2.4419    146.514     68.653  51481.867    31.6711     3.5787     68.000     3.5776    25.1785     7.8535    11.2234    104.905    342.122    350.736   -0.00482    7.48629   10.69866  326.12638     3.5745   16.72335 4.2704e-02     0.3370     0.6629 0.0000e+00
        592  82.641015    0.04101     2.4605    147.629     69.663  51479.312    31.6703     3.5846     69.000     3.5818    25.1774     7.8328    11.1938    104.643    341.219    349.810   -0.00501    7.48523   10.69714  326.08059     3.5804   16.72118 4.0112e-02     0.3319     0.7832 0.0000e+00
        596  82.641028    0.04135     2.4812    148.872     70.673  51478.437    31.6698     3.5870     70.000     3.5833    25.1768     7.8321    11.1928    104.640    341.191    349.781   -0.00357    7.48482   10.69655  326.06270     3.5827   16.72033 3.8311e-02     0.3243     0.8489 0.0000e+00
        603  82.641048    0.04181     2.5083    150.495     71.682  51480.291    31.6711     3.5890     71.000     3.5854    25.1776     7.7839    11.1240    104.001    339.093    347.629   -0.00551    7.48438   10.69593  326.04359     3.5847   16.71942 3.7869e-02     0.3144     0.8945 0.0000e+00
