CTD-processing/allCTD/CNV/2021_04-16_t4_s10_cast006_5028.cnv
* Sea-Bird SBE19plus Data File:
* FileName = C:\Users\steve\Desktop\GWA\CTD\2021_04-16_T4\2021_04-16_T4_S0_cast006.hex
* Software Version 1.59
* Temperature SN =  5028
* Conductivity SN =  5028
* System UpLoad Time = Apr 17 2021 12:38:54
** Cook Inlet LTM T4
** Date: 04-16-2021
** Station:S10
** Start Time (AKDT):12:17
** Depth (m):15
** Comment:
** Comment:
# nquan = 27
# nvalues = 11                          
# units = specified
# name 0 = scan: Scan Count
# name 1 = timeJ: Julian Days
# name 2 = timeH: Time, Elapsed [hours]
# name 3 = timeM: Time, Elapsed [minutes]
# name 4 = timeS: Time, Elapsed [seconds]
# name 5 = prdM: Pressure, Strain Gauge [db]
# name 6 = specc: Specific Conductance [uS/cm]
# name 7 = sal00: Salinity, Practical [PSU]
# name 8 = tv290C: Temperature [ITS-90, deg C]
# name 9 = depSM: Depth [salt water, m], lat = 59.00
# name 10 = potemp090C: Potential Temperature [ITS-90, deg C]
# name 11 = sigma-é00: Density [sigma-theta, kg/m^3]
# name 12 = sbeox0ML/L: Oxygen, SBE 43 [ml/l]
# name 13 = sbeox0Mg/L: Oxygen, SBE 43 [mg/l]
# name 14 = sbeox0PS: Oxygen, SBE 43 [% saturation]
# name 15 = sbox0Mm/Kg: Oxygen, SBE 43 [umol/kg]
# name 16 = sbeox0Mm/L: Oxygen, SBE 43 [umol/l]
# name 17 = sbox0dV/dT: Oxygen, SBE 43 [dov/dt]
# name 18 = oxsolML/L: Oxygen Saturation, Garcia & Gordon [ml/l]
# name 19 = oxsolMg/L: Oxygen Saturation, Garcia & Gordon [mg/l]
# name 20 = oxsolMm/Kg: Oxygen Saturation, Garcia & Gordon [umol/kg]
# name 21 = potemp090C: Potential Temperature [ITS-90, deg C]
# name 22 = n2satMg/L: Nitrogen Saturation [mg/l]
# name 23 = par: PAR/Irradiance, Biospherical/Licor
# name 24 = flECO-AFL: Fluorescence, WET Labs ECO-AFL/FL [mg/m^3]
# name 25 = turbWETntu0: Turbidity, WET Labs ECO [NTU]
# name 26 = flag: flag
# span 0 =        148,        324       
# span 1 = 106.512150, 106.512659       
# span 2 =    0.01022,    0.02243       
# span 3 =     0.6133,     1.3458       
# span 4 =     36.798,     80.748       
# span 5 =      1.009,     11.104       
# span 6 =  48497.172,  51117.452       
# span 7 =    29.7907,    31.3700       
# span 8 =     3.2493,     3.5722       
# span 9 =      1.000,     11.000       
# span 10 =     3.2482,     3.5663      
# span 11 =    23.6815,    24.9675      
# span 12 =     7.4672,     8.7253      
# span 13 =    10.6714,    12.4694      
# span 14 =     98.414,    115.373      
# span 15 =    325.829,    380.182      
# span 16 =    333.486,    389.674      
# span 17 =    0.02193,    0.07701      
# span 18 =    7.52938,    7.59036      
# span 19 =   10.76024,   10.84738      
# span 20 =  328.12259,  331.21863      
# span 21 =     3.2487,     3.5722      
# span 22 =   16.82012,   16.97284      
# span 23 = 4.6599e+01, 5.6346e+02      
# span 24 =     0.4046,    12.4336      
# span 25 =     0.8565,     1.2889      
# span 26 = 0.0000e+00, 0.0000e+00      
# interval = meters: 1                  
# start_time = Apr 16 2021 12:16:53 [Instrument's time stamp, header]
# bad_flag = -9.990e-29
*END*
        148 106.512150    0.01022     0.6133     36.798      1.009  48497.172    29.7907     3.5722      1.000     3.5663    23.6815     7.4672    10.6714     98.414    325.829    333.486    0.05175    7.59036   10.84738  331.21863     3.5722   16.97284 5.6346e+02    12.4336     1.2889 0.0000e+00
        271 106.512507    0.01878     1.1266     67.595      2.019  50772.629    31.2007     3.4761      2.000     3.4375    24.8129     7.7077    11.0151    102.369    335.892    344.225    0.07701    7.52938   10.76024  328.12259     3.4760   16.82012 4.4217e+02     0.6913     0.8565 0.0000e+00
        280 106.512532    0.01937     1.1620     69.719      3.028  50914.748    31.2736     3.3948      3.000     3.3827    24.8781     7.7413    11.0631    102.662    337.333    345.725    0.05360    7.54057   10.77623  328.58720     3.3947   16.84190 3.3742e+02     0.4195     0.8811 0.0000e+00
        285 106.512547    0.01975     1.1849     71.093      4.038  50934.836    31.2774     3.3575      4.000     3.3383    24.8843     7.8320    11.1927    103.771    341.285    349.778    0.04140    7.54733   10.78589  328.87988     3.3573   16.85579 2.5667e+02     0.4046     0.9683 0.0000e+00
        291 106.512563    0.02012     1.2069     72.416      5.047  50980.175    31.2958     3.3111      5.000     3.3019    24.9031     7.9320    11.3356    104.989    345.634    354.242    0.03432    7.55503   10.79690  329.20940     3.3108   16.87138 1.9588e+02     0.4362     0.9999 0.0000e+00
        296 106.512578    0.02050     1.2297     73.784      6.057  51006.118    31.3085     3.2938      6.000     3.2908    24.9147     8.0474    11.5005    106.480    350.659    359.396    0.03014    7.55763   10.80060  329.31873     3.2934   16.87652 1.4840e+02     0.4934     1.0186 0.0000e+00
        302 106.512594    0.02087     1.2522     75.131      7.066  51018.142    31.3144     3.2870      7.000     3.2845    24.9200     8.2246    11.7537    108.811    358.378    367.310    0.03164    7.55860   10.80199  329.35940     3.2866   16.87843 1.1355e+02     0.5687     1.0273 0.0000e+00
        307 106.512610    0.02125     1.2747     76.483      8.076  51031.178    31.3216     3.2827      8.000     3.2814    24.9261     8.4214    12.0350    111.409    366.954    376.100    0.03421    7.55902   10.80259  329.37561     3.2823   16.87917 8.8676e+01     0.6317     0.9767 0.0000e+00
        312 106.512626    0.02163     1.2977     77.859      9.085  51050.050    31.3327     3.2778      9.000     3.2720    24.9353     8.5746    12.2540    113.430    373.627    382.943    0.03295    7.55938   10.80311  329.38847     3.2773   16.87974 7.1092e+01     0.6489     0.9429 0.0000e+00
        318 106.512641    0.02200     1.3199     79.196     10.095  51092.488    31.3567     3.2613     10.000     3.2558    24.9558     8.6815    12.4068    114.816    378.275    387.715    0.02946    7.56122   10.80573  329.46194     3.2607   16.88313 5.7373e+01     0.6397     0.9046 0.0000e+00
        324 106.512659    0.02243     1.3458     80.748     11.104  51117.452    31.3700     3.2493     11.000     3.2482    24.9675     8.7253    12.4694    115.373    380.182    389.674    0.02193    7.56278   10.80797  329.52648     3.2487   16.88615 4.6599e+01     0.6238     0.8586 0.0000e+00
