CTD-processing/allCTD/CNV/2021_05-23_t9_s02_cast055_4141.cnv
* Sea-Bird SBE19plus Data File:
* FileName = C:\Users\steve\Desktop\GWA\CTD\2021_05-23_T9\2021_05-23_T9_S0_cast055.hex
* Software Version 1.59
* Temperature SN =  4141
* Conductivity SN =  4141
* System UpLoad Time = May 24 2021 14:33:15
** Cook Inlet LTM T9
** Date: 05-23-2021
** Station:S02
** Start Time (AKDT):14:58
** Depth (m):78
** Comment:
** Comment:
# nquan = 27
# nvalues = 69                          
# units = specified
# name 0 = scan: Scan Count
# name 1 = timeJ: Julian Days
# name 2 = timeH: Time, Elapsed [hours]
# name 3 = timeM: Time, Elapsed [minutes]
# name 4 = timeS: Time, Elapsed [seconds]
# name 5 = prdM: Pressure, Strain Gauge [db]
# name 6 = specc: Specific Conductance [uS/cm]
# name 7 = sal00: Salinity, Practical [PSU]
# name 8 = tv290C: Temperature [ITS-90, deg C]
# name 9 = depSM: Depth [salt water, m], lat = 59.00
# name 10 = potemp090C: Potential Temperature [ITS-90, deg C]
# name 11 = sigma-é00: Density [sigma-theta, kg/m^3]
# name 12 = sbeox0ML/L: Oxygen, SBE 43 [ml/l]
# name 13 = sbeox0Mg/L: Oxygen, SBE 43 [mg/l]
# name 14 = sbeox0PS: Oxygen, SBE 43 [% saturation]
# name 15 = sbox0Mm/Kg: Oxygen, SBE 43 [umol/kg]
# name 16 = sbeox0Mm/L: Oxygen, SBE 43 [umol/l]
# name 17 = sbox0dV/dT: Oxygen, SBE 43 [dov/dt]
# name 18 = oxsolML/L: Oxygen Saturation, Garcia & Gordon [ml/l]
# name 19 = oxsolMg/L: Oxygen Saturation, Garcia & Gordon [mg/l]
# name 20 = oxsolMm/Kg: Oxygen Saturation, Garcia & Gordon [umol/kg]
# name 21 = n2satMg/L: Nitrogen Saturation [mg/l]
# name 22 = par: PAR/Irradiance, Biospherical/Licor
# name 23 = wetStar: Fluorescence, WET Labs WETstar [mg/m^3]
# name 24 = CStarAt0: Beam Attenuation, WET Labs C-Star [1/m]
# name 25 = CStarTr0: Beam Transmission, WET Labs C-Star [%]
# name 26 = flag: flag
# span 0 =        115,        610       
# span 1 = 126.623745, 126.625176       
# span 2 =    0.00793,    0.04226       
# span 3 =     0.4759,     2.5358       
# span 4 =     28.552,    152.145       
# span 5 =      1.005,     69.646       
# span 6 =  48389.078,  51240.521       
# span 7 =    30.3318,    31.7607       
# span 8 =     4.6386,     7.2964       
# span 9 =      1.000,     69.000       
# span 10 =     4.6329,     7.1693      
# span 11 =    23.7049,    25.1450      
# span 12 =     7.2769,     8.2227      
# span 13 =    10.3994,    11.7511      
# span 14 =    101.169,    117.209      
# span 15 =    317.458,    358.589      
# span 16 =    324.987,    367.227      
# span 17 =   -0.02903,    0.00663      
# span 18 =    6.91408,    7.29138      
# span 19 =    9.88091,   10.42011      
# span 20 =  301.63023,  317.64572      
# span 21 =   15.56257,   16.31966      
# span 22 = 4.4129e-02, 6.5368e+02      
# span 23 =     0.3090,     2.7561      
# span 24 =     0.6740,     3.4005      
# span 25 =    52.0397,    84.4946      
# span 26 = 0.0000e+00, 0.0000e+00      
# interval = meters: 1                  
# start_time = May 06 2021 14:57:43 [Instrument's time stamp, header]
# bad_flag = -9.990e-29
*END*
        115 126.623745    0.00793     0.4759     28.552      1.005  48389.078    30.3318     7.2964      1.000     7.1693    23.7049     7.2769    10.3994    105.220    317.458    324.987    0.00309    6.91408    9.88091  301.63023   15.56257 5.7543e+02     0.3815     3.4005    52.0397 0.0000e+00
        304 126.624292    0.02106     1.2636     75.814      2.020  48551.053    30.4119     7.0739      2.000     7.0743    23.7972     8.1411    11.6345    117.209    355.132    363.584    0.00663    6.94600    9.92653  302.99813   15.62748 6.5368e+02     0.5455     1.1382    74.6910 0.0000e+00
        304 126.624291    0.02105     1.2631     75.785      3.030  48553.607    30.4130     7.0733      3.000     7.0710    23.7981     8.1217    11.6067    116.925    354.282    362.713    0.00461    6.94606    9.92661  303.00019   15.62757 4.1336e+02     0.4798     1.1996    74.0887 0.0000e+00
        309 126.624306    0.02139     1.2833     76.998      4.038  48564.434    30.4195     7.0705      4.000     7.0699    23.8036     8.1273    11.6147    117.003    354.526    362.966    0.00359    6.94620    9.92682  303.00468   15.62776 2.9150e+02     0.5060     1.2103    73.8910 0.0000e+00
        314 126.624319    0.02171     1.3025     78.151      5.046  48536.022    30.3979     7.0612      5.000     7.0233    23.7878     8.1348    11.6256    117.071    354.862    363.303    0.00290    6.94869    9.93037  303.11794   15.63325 1.9235e+02     0.5947     1.1978    74.1237 0.0000e+00
        318 126.624333    0.02204     1.3228     79.365      6.059  48600.674    30.4237     6.9512      6.000     6.9066    23.8223     8.1227    11.6081    116.618    354.320    362.760   -0.00030    6.96521    9.95399  303.82841   15.66702 1.3830e+02     0.6552     1.2022    74.0408 0.0000e+00
        323 126.624346    0.02235     1.3412     80.475      7.066  48713.500    30.4840     6.8497      7.000     6.8072    23.8827     8.1184    11.6019    116.327    354.108    362.566   -0.00228    6.97887    9.97349  304.40600   15.69431 9.4164e+01     0.8861     1.2272    73.5791 0.0000e+00
        327 126.624359    0.02266     1.3595     81.571      8.075  48842.627    30.5630     6.7915      8.000     6.7721    23.9522     8.1431    11.6373    116.585    355.162    363.670   -0.00054    6.98466    9.98177  304.63803   15.70504 6.6359e+01     1.1186     1.2339    73.4577 0.0000e+00
        332 126.624371    0.02297     1.3777     82.665      9.086  48924.911    30.6084     6.7277      9.000     6.6833    23.9960     8.1794    11.6891    116.966    356.730    365.290    0.00162    6.99294    9.99361  304.98629   15.72146 4.4982e+01     1.5465     1.2562    73.0489 0.0000e+00
        336 126.624384    0.02327     1.3960     83.762     10.096  49034.935    30.6677     6.6347     10.000     6.5755    24.0544     8.1888    11.7026    116.893    357.119    365.709    0.00071    7.00535   10.01135  305.51020   15.74618 3.0514e+01     1.9908     1.2859    72.5080 0.0000e+00
        340 126.624396    0.02356     1.4136     84.816     11.102  49104.888    30.6765     6.4166     11.000     6.1224    24.0881     8.2227    11.7511    116.789    358.589    367.227   -0.00011    7.04073   10.06191  307.04297   15.81919 2.0183e+01     2.5091     1.2392    73.3641 0.0000e+00
        345 126.624409    0.02386     1.4315     85.890     12.113  49878.983    31.0937     5.7958     12.000     5.6446    24.4913     8.1881    11.7017    114.932    356.940    365.682   -0.00937    7.12442   10.18151  310.57036   15.98553 1.4601e+01     2.7561     0.9952    77.9811 0.0000e+00
        349 126.624421    0.02417     1.4501     87.008     13.123  50190.368    31.2639     5.5739     13.000     5.5459    24.6512     8.0528    11.5083    112.567    350.987    359.639   -0.01954    7.15382   10.22353  311.80331   16.04355 1.1531e+01     2.1584     0.8534    80.7899 0.0000e+00
        354 126.624435    0.02448     1.4691     88.147     14.130  50235.388    31.2861     5.5324     14.000     5.5195    24.6735     7.8872    11.2715    110.159    343.760    352.242   -0.02645    7.15981   10.23208  312.05743   16.05556 9.2215e+00     1.7187     0.7912    82.0557 0.0000e+00
        358 126.624448    0.02482     1.4892     89.354     15.147  50222.239    31.2690     5.4951     15.000     5.3844    24.6642     7.7723    11.1074    108.446    338.755    347.110   -0.02812    7.16696   10.24230  312.37203   16.07061 7.2806e+00     1.4260     0.7658    82.5772 0.0000e+00
        363 126.624462    0.02513     1.5077     90.462     16.150  50554.265    31.4275     5.1610     16.000     5.0328    24.8266     7.7159    11.0267    106.920    336.242    344.590   -0.02818    7.21660   10.31326  314.48588   16.17060 5.8796e+00     1.4658     0.7447    83.0143 0.0000e+00
        368 126.624475    0.02546     1.5275     91.653     17.159  50886.585    31.6101     4.9484     17.000     4.9340    24.9944     7.6304    10.9046    105.326    332.464    340.773   -0.02903    7.24452   10.35314  315.65058   16.22530 4.7697e+00     1.0852     0.7284    83.3535 0.0000e+00
        373 126.624490    0.02580     1.5483     92.896     18.173  50924.142    31.6322     4.9339     18.000     4.9315    25.0135     7.6062    10.8700    104.972    331.402    339.692   -0.02257    7.24594   10.35517  315.70684   16.22789 3.9108e+00     0.7929     0.7177    83.5745 0.0000e+00
        378 126.624504    0.02615     1.5689     94.134     19.179  50936.291    31.6401     4.9339     19.000     4.9384    25.0197     7.5809    10.8339    104.628    330.300    338.563   -0.01811    7.24556   10.35463  315.68857   16.22699 3.2232e+00     0.9995     0.7184    83.5603 0.0000e+00
        383 126.624519    0.02650     1.5901     95.404     20.189  50907.813    31.6201     4.9345     20.000     4.9211    25.0038     7.5724    10.8217    104.499    329.934    338.184   -0.01365    7.24643   10.35587  315.73117   16.22910 2.6547e+00     0.8818     0.7202    83.5224 0.0000e+00
        388 126.624533    0.02684     1.6105     96.632     21.202  50924.951    31.6258     4.9085     21.000     4.9025    25.0111     7.5677    10.8151    104.373    329.730    337.977   -0.01050    7.25066   10.36193  315.91335   16.23775 2.1627e+00     0.9950     0.7209    83.5077 0.0000e+00
        393 126.624548    0.02720     1.6323     97.937     22.212  50935.634    31.6319     4.9052     22.000     4.9008    25.0162     7.5676    10.8149    104.367    329.721    337.969   -0.00754    7.25094   10.36233  315.92400   16.23823 1.7837e+00     0.7325     0.7111    83.7134 0.0000e+00
        397 126.624561    0.02753     1.6516     99.096     23.210  50915.125    31.6126     4.8835     23.000     4.8658    25.0033     7.5737    10.8236    104.383    329.991    338.241   -0.00548    7.25567   10.36907  316.13378   16.24829 1.4644e+00     0.9044     0.7286    83.3463 0.0000e+00
        402 126.624576    0.02788     1.6724    100.343     24.232  50944.354    31.6264     4.8573     24.000     4.8503    25.0170     7.5516    10.7921    104.024    329.026    337.257   -0.00578    7.25955   10.37462  316.29852   16.25608 1.2131e+00     0.7379     0.7238    83.4482 0.0000e+00
        407 126.624589    0.02819     1.6914    101.483     25.238  50977.918    31.6483     4.8545     25.000     4.8646    25.0347     7.5433    10.7802    103.917    328.656    336.883   -0.00490    7.25896   10.37378  316.26766   16.25452 1.0006e+00     0.8324     0.7353    83.2093 0.0000e+00
        412 126.624602    0.02851     1.7108    102.650     26.247  50978.454    31.6547     4.8843     26.000     4.8922    25.0366     7.5440    10.7811    104.005    328.685    336.914   -0.00326    7.25348   10.36595  316.02806   16.24309 8.2534e-01     0.7201     0.7260    83.4021 0.0000e+00
        416 126.624616    0.02883     1.7300    103.802     27.263  50948.109    31.6371     4.9014     27.000     4.8982    25.0209     7.5453    10.7830    104.053    328.747    336.973   -0.00214    7.25137   10.36293  315.94112   16.23902 6.7333e-01     0.4645     0.7180    83.5688 0.0000e+00
        420 126.624628    0.02912     1.7469    104.815     28.260  50960.526    31.6456     4.9034     28.000     4.9057    25.0274     7.5436    10.7805    104.041    328.671    336.896   -0.00180    7.25059   10.36183  315.90526   16.23728 5.6308e-01     0.8356     0.7287    83.3461 0.0000e+00
        425 126.624641    0.02944     1.7668    106.006     29.283  50959.881    31.6467     4.9124     29.000     4.9179    25.0272     7.5480    10.7869    104.125    328.864    337.095   -0.00096    7.24899   10.35953  315.83536   16.23395 4.6408e-01     0.5717     0.7134    83.6660 0.0000e+00
        429 126.624653    0.02972     1.7835    107.012     30.280  50993.853    31.6766     4.9448     30.000     4.9615    25.0474     7.5496    10.7892    104.249    328.928    337.167   -0.00021    7.24191   10.34941  315.52062   16.21885 3.8652e-01     0.8842     0.7305    83.3084 0.0000e+00
        434 126.624667    0.03006     1.8037    108.222     31.303  50971.333    31.6674     4.9765     31.000     4.9766    25.0369     7.5593    10.8030    104.456    329.353    337.599    0.00092    7.23685   10.34218  315.30333   16.20854 3.2044e-01     1.1623     0.7211    83.5031 0.0000e+00
        438 126.624679    0.03035     1.8208    109.250     32.299  50976.317    31.6709     4.9788     32.000     4.9770    25.0393     7.5541    10.7954    104.391    329.122    337.363    0.00031    7.23629   10.34138  315.27846   16.20734 2.6824e-01     1.5269     0.7299    83.3206 0.0000e+00
        443 126.624693    0.03070     1.8418    110.511     33.320  50985.727    31.6769     4.9792     33.000     4.9746    25.0441     7.5558    10.7980    104.420    329.197    337.441    0.00032    7.23593   10.34087  315.26125   16.20650 2.2501e-01     0.8568     0.7249    83.4250 0.0000e+00
        447 126.624706    0.03099     1.8595    111.568     34.320  50987.096    31.6758     4.9722     34.000     4.9641    25.0440     7.5465    10.7847    104.275    328.794    337.028   -0.00051    7.23718   10.34266  315.31578   16.20910 1.8914e-01     0.8352     0.7235    83.4525 0.0000e+00
        452 126.624720    0.03133     1.8800    112.799     35.334  50988.861    31.6732     4.9570     35.000     4.9440    25.0436     7.5367    10.7707    104.099    328.366    336.589   -0.00138    7.23995   10.34661  315.43642   16.21485 1.6028e-01     1.1077     0.7159    83.6125 0.0000e+00
        457 126.624734    0.03166     1.8995    113.973     36.340  50997.605    31.6723     4.9272     36.000     4.9139    25.0460     7.5363    10.7700    104.018    328.346    336.570   -0.00139    7.24517   10.35406  315.66305   16.22565 1.3696e-01     0.8031     0.7010    83.9251 0.0000e+00
        462 126.624748    0.03201     1.9210    115.257     37.361  51015.227    31.6787     4.9033     37.000     4.8941    25.0536     7.5284    10.7588    103.853    327.998    336.216   -0.00200    7.24901   10.35956  315.82813   16.23348 1.1947e-01     1.1783     0.6899    84.1576 0.0000e+00
        466 126.624760    0.03230     1.9380    116.280     38.353  51031.226    31.6873     4.8951     38.000     4.8930    25.0614     7.5277    10.7579    103.830    327.969    336.188   -0.00163    7.25001   10.36099  315.86941   16.23540 1.0458e-01     1.2195     0.6853    84.2539 0.0000e+00
        471 126.624774    0.03265     1.9587    117.521     39.382  51021.927    31.6809     4.8972     39.000     4.8881    25.0561     7.5299    10.7609    103.861    328.064    336.285   -0.00118    7.24997   10.36094  315.86939   16.23543 9.2690e-02     0.9613     0.6859    84.2426 0.0000e+00
        475 126.624786    0.03291     1.9745    118.473     40.371  51027.283    31.6799     4.8783     40.000     4.8673    25.0573     7.5299    10.7610    103.813    328.064    336.285   -0.00114    7.25330   10.36569  316.01389   16.24231 8.3346e-02     0.8278     0.6936    84.0809 0.0000e+00
        480 126.624800    0.03325     1.9954    119.723     41.398  51045.409    31.6888     4.8641     41.000     4.8597    25.0658     7.5271    10.7571    103.746    327.942    336.162   -0.00129    7.25534   10.36861  316.10014   16.24638 7.5815e-02     0.9652     0.6816    84.3325 0.0000e+00
        484 126.624812    0.03354     2.0127    120.765     42.398  51050.376    31.6911     4.8614     42.000     4.8585    25.0680     7.5225    10.7504    103.677    327.738    335.954   -0.00134    7.25571   10.36913  316.11541   16.24710 6.9749e-02     0.6615     0.6902    84.1525 0.0000e+00
        488 126.624825    0.03385     2.0310    121.861     43.409  51052.127    31.6921     4.8629     43.000     4.8604    25.0686     7.5111    10.7341    103.525    327.242    335.446   -0.00183    7.25539   10.36868  316.10165   16.24644 6.4899e-02     1.1730     0.6947    84.0566 0.0000e+00
        493 126.624838    0.03418     2.0506    123.037     44.423  51052.143    31.6916     4.8630     44.000     4.8610    25.0683     7.5064    10.7274    103.460    327.038    335.236   -0.00172    7.25538   10.36867  316.10123   16.24642 6.1210e-02     0.9999     0.6740    84.4946 0.0000e+00
        498 126.624851    0.03448     2.0691    124.146     45.426  51046.609    31.6872     4.8623     45.000     4.8553    25.0649     7.5008    10.7194    103.377    326.794    334.985   -0.00180    7.25572   10.36916  316.11734   16.24721 5.8040e-02     0.7756     0.6750    84.4721 0.0000e+00
        502 126.624865    0.03482     2.0895    125.372     46.446  51041.934    31.6804     4.8484     46.000     4.8289    25.0610     7.5089    10.7309    103.450    327.148    335.347   -0.00103    7.25847   10.37309  316.23841   16.25300 5.5566e-02     1.2861     0.6845    84.2725 0.0000e+00
        507 126.624878    0.03513     2.1076    126.456     47.442  51080.516    31.7002     4.8203     47.000     4.8132    25.0796     7.5057    10.7265    103.350    327.006    335.207   -0.00126    7.26241   10.37872  316.40415   16.26081 5.3408e-02     0.9972     0.6946    84.0597 0.0000e+00
        512 126.624893    0.03550     2.1299    127.795     48.471  51086.793    31.7025     4.8131     48.000     4.8053    25.0821     7.4955    10.7118    103.193    326.558    334.749   -0.00178    7.26355   10.38034  316.45294   16.26312 5.1946e-02     0.6321     0.7002    83.9413 0.0000e+00
        517 126.624906    0.03580     2.1481    128.884     49.464  51092.617    31.7033     4.8010     49.000     4.7909    25.0841     7.4860    10.6982    103.032    326.142    334.324   -0.00212    7.26564   10.38332  316.54302   16.26740 5.0453e-02     0.6586     0.7120    83.6933 0.0000e+00
        522 126.624921    0.03616     2.1699    130.193     50.480  51098.546    31.7020     4.7791     50.000     4.7641    25.0854     7.4747    10.6820    102.822    325.648    333.817   -0.00264    7.26952   10.38887  316.71187   16.27544 4.9376e-02     0.6470     0.7266    83.3914 0.0000e+00
        527 126.624935    0.03650     2.1900    131.400     51.487  51122.714    31.7135     4.7586     51.000     4.7502    25.0967     7.4646    10.6677    102.641    325.208    333.369   -0.00284    7.27254   10.39319  316.84015   16.28150 4.8439e-02     0.5117     0.7408    83.0951 0.0000e+00
        532 126.624950    0.03685     2.2108    132.651     52.498  51133.451    31.7182     4.7490     52.000     4.7434    25.1015     7.4543    10.6529    102.479    324.757    332.909   -0.00295    7.27399   10.39527  316.90184   16.28442 4.7756e-02     0.4614     0.7430    83.0477 0.0000e+00
        536 126.624963    0.03718     2.2308    133.846     53.506  51136.060    31.7184     4.7440     53.000     4.7361    25.1021     7.4489    10.6452    102.392    324.522    332.668   -0.00257    7.27486   10.39651  316.93953   16.28621 4.7105e-02     0.5258     0.7575    82.7476 0.0000e+00
