CTD-processing/allCTD/CNV/2021-01-13_alongbay_skb07_cast112_5028.cnv
* Sea-Bird SBE19plus Data File:
* FileName = C:\Users\steve\Desktop\GWA CTD\2021_01-13_AlongBay\2021-01-13_AlongBay_SKB_cast112.hex
* Software Version 1.59
* Temperature SN =  5028
* Conductivity SN =  5028
* System UpLoad Time = Jan 14 2021 15:01:15
** Cook Inlet LTM AlongBay
** Date: 01-13-2020
** Station:SKB07
** Start Time (AKST):12:57
** Depth (m):151
** Comment:
** Comment:
# nquan = 27
# nvalues = 140                         
# units = specified
# name 0 = scan: Scan Count
# name 1 = timeJ: Julian Days
# name 2 = timeH: Time, Elapsed [hours]
# name 3 = timeM: Time, Elapsed [minutes]
# name 4 = timeS: Time, Elapsed [seconds]
# name 5 = prdM: Pressure, Strain Gauge [db]
# name 6 = specc: Specific Conductance [uS/cm]
# name 7 = sal00: Salinity, Practical [PSU]
# name 8 = tv290C: Temperature [ITS-90, deg C]
# name 9 = depSM: Depth [salt water, m], lat = 59.00
# name 10 = potemp090C: Potential Temperature [ITS-90, deg C]
# name 11 = sigma-é00: Density [sigma-theta, kg/m^3]
# name 12 = sbeox0ML/L: Oxygen, SBE 43 [ml/l]
# name 13 = sbeox0Mg/L: Oxygen, SBE 43 [mg/l]
# name 14 = sbeox0PS: Oxygen, SBE 43 [% saturation]
# name 15 = sbox0Mm/Kg: Oxygen, SBE 43 [umol/kg]
# name 16 = sbeox0Mm/L: Oxygen, SBE 43 [umol/l]
# name 17 = sbox0dV/dT: Oxygen, SBE 43 [dov/dt]
# name 18 = oxsolML/L: Oxygen Saturation, Garcia & Gordon [ml/l]
# name 19 = oxsolMg/L: Oxygen Saturation, Garcia & Gordon [mg/l]
# name 20 = oxsolMm/Kg: Oxygen Saturation, Garcia & Gordon [umol/kg]
# name 21 = potemp090C: Potential Temperature [ITS-90, deg C]
# name 22 = n2satMg/L: Nitrogen Saturation [mg/l]
# name 23 = par: PAR/Irradiance, Biospherical/Licor
# name 24 = flECO-AFL: Fluorescence, WET Labs ECO-AFL/FL [mg/m^3]
# name 25 = turbWETntu0: Turbidity, WET Labs ECO [NTU]
# name 26 = flag: flag
# span 0 =        265,        885       
# span 1 =  13.540499,  13.542292       
# span 2 =    0.01836,    0.06140       
# span 3 =     1.1018,     3.6837       
# span 4 =     66.110,    221.021       
# span 5 =      1.010,    141.370       
# span 6 =  50021.098,  50267.881       
# span 7 =    30.9626,    31.2995       
# span 8 =     4.6616,     5.7892       
# span 9 =      1.000,    140.000       
# span 10 =     4.6857,     5.7787      
# span 11 =    24.5110,    24.6564      
# span 12 =     6.5194,    11.5142      
# span 13 =     9.3169,    16.4549      
# span 14 =     88.987,    160.139      
# span 15 =    284.192,    501.881      
# span 16 =    291.158,    514.225      
# span 17 =   -0.04078,    0.05833      
# span 18 =    7.11579,    7.32639      
# span 19 =   10.16918,   10.47014      
# span 20 =  310.14447,  319.36852      
# span 21 =     4.6615,     5.7781      
# span 22 =   15.96441,   16.40487      
# span 23 = 3.7976e-02, 7.4546e+01      
# span 24 =     0.2408,     0.2980      
# span 25 =     0.7924,     1.5610      
# span 26 = 0.0000e+00, 0.0000e+00      
# interval = meters: 1                  
# start_time = Jan 13 2021 12:57:13 [Instrument's time stamp, header]
# bad_flag = -9.990e-29
*END*
[from data line 54]
        496  13.541165    0.03435     2.0606    123.635     55.526  50140.275    31.1866     5.4623     55.000     5.4592    24.6031     9.8348    14.0550    137.043    428.677    439.224   -0.03595    7.17649   10.25592  312.80588     5.4582   16.09161 3.7976e-02     0.2579     1.0902 0.0000e+00
        500  13.541177    0.03464     2.0785    124.711     56.536  50142.414    31.1881     5.4648     56.000     5.4620    24.6040     9.6913    13.8498    135.052    422.420    432.812   -0.03649    7.17598   10.25520  312.78367     5.4606   16.09055 3.7976e-02     0.2551     1.0872 0.0000e+00
        504  13.541190    0.03496     2.0974    125.843     57.546  50149.508    31.1934     5.4691     57.000     5.4690    24.6077     9.5220    13.6078    132.710    415.039    425.252   -0.03836    7.17500   10.25379  312.73964     5.4648   16.08843 3.7976e-02     0.2634     1.0854 0.0000e+00
        508  13.541202    0.03522     2.1133    126.801     58.556  50164.212    31.2052     5.4798     58.000     5.4850    24.6158     9.3885    13.4171    130.893    409.216    419.289   -0.03871    7.17262   10.25039  312.63338     5.4755   16.08332 3.7976e-02     0.2786     1.1039 0.0000e+00
        512  13.541213    0.03550     2.1299    127.793     59.566  50166.660    31.2103     5.4989     59.000     5.5030    24.6177     9.2535    13.2242    129.074    403.332    413.262   -0.03848    7.16911   10.24538  312.47992     5.4945   16.07600 3.7976e-02     0.2812     1.1370 0.0000e+00
        517  13.541226    0.03580     2.1485    128.909     60.575  50174.619    31.2193     5.5188     60.000     5.5239    24.6227     9.0865    12.9856    126.812    396.053    405.804   -0.03938    7.16531   10.23995  312.31273     5.5142   16.06800 3.7976e-02     0.2694     1.0754 0.0000e+00
        521  13.541239    0.03612     2.1672    130.032     61.585  50167.833    31.2178     5.5369     61.000     5.5361    24.6194     8.9193    12.7465    124.531    388.763    398.334   -0.04023    7.16230   10.23564  312.18242     5.5323   16.06180 3.7976e-02     0.2688     1.0578 0.0000e+00
        525  13.541251    0.03640     2.1841    131.049     62.595  50170.966    31.2209     5.5441     62.000     5.5438    24.6211     8.7730    12.5376    122.513    382.390    391.804   -0.04045    7.16092   10.23367  312.12191     5.5394   16.05890 3.7976e-02     0.2651     1.0353 0.0000e+00
        529  13.541262    0.03667     2.2003    132.018     63.604  50172.028    31.2228     5.5524     63.000     5.5511    24.6217     8.6373    12.3436    120.642    376.473    385.742   -0.04038    7.15943   10.23154  312.05686     5.5475   16.05580 3.7976e-02     0.2654     0.9953 0.0000e+00
        534  13.541275    0.03698     2.2191    133.146     64.614  50173.237    31.2248     5.5602     64.000     5.5583    24.6223     8.4768    12.1142    118.425    369.478    378.576   -0.04040    7.15801   10.22951  311.99456     5.5553   16.05283 3.7976e-02     0.2647     0.9975 0.0000e+00
        538  13.541289    0.03732     2.2390    134.340     65.624  50177.428    31.2287     5.5677     65.000     5.5666    24.6246     8.3039    11.8672    116.032    361.941    370.854   -0.04078    7.15654   10.22741  311.92988     5.5628   16.04973 3.7976e-02     0.2591     0.9792 0.0000e+00
        543  13.541302    0.03763     2.2579    135.475     66.634  50176.261    31.2290     5.5752     66.000     5.5724    24.6239     8.1566    11.6565    113.994    355.518    364.272   -0.03980    7.15526   10.22558  311.87418     5.5702   16.04707 3.7976e-02     0.2574     0.9609 0.0000e+00
        548  13.541316    0.03796     2.2775    136.650     67.643  50179.233    31.2316     5.5806     67.000     5.5785    24.6254     8.0148    11.4539    112.029    349.338    357.941   -0.03829    7.15422   10.22409  311.82848     5.5755   16.04489 3.7976e-02     0.2621     0.9606 0.0000e+00
        552  13.541328    0.03827     2.2962    137.771     68.654  50182.677    31.2350     5.5882     68.000     5.5867    24.6273     7.8920    11.2784    110.334    343.984    352.455   -0.03636    7.15278   10.22203  311.76505     5.5830   16.04185 3.7976e-02     0.2860     1.0055 0.0000e+00
        557  13.541342    0.03859     2.3157    138.942     69.664  50187.287    31.2395     5.5972     69.000     5.5970    24.6298     7.7815    11.1205    108.816    339.167    347.520   -0.03365    7.15102   10.21953  311.68789     5.5919   16.03816 3.7976e-02     0.2980     0.9631 0.0000e+00
        561  13.541355    0.03890     2.3342    140.052     70.673  50193.907    31.2462     5.6101     70.000     5.6110    24.6336     7.6907    10.9908    107.584    335.209    343.467   -0.03072    7.14852   10.21596  311.57781     5.6047   16.03289 3.7976e-02     0.2895     0.9331 0.0000e+00
        565  13.541367    0.03919     2.3509    141.056     71.682  50191.122    31.2460     5.6212     71.000     5.6188    24.6322     7.6330    10.9082    106.804    332.692    340.887   -0.02704    7.14665   10.21327  311.49648     5.6158   16.02902 3.7976e-02     0.2877     0.8900 0.0000e+00
        569  13.541378    0.03947     2.3685    142.111     72.692  50189.584    31.2456     5.6265     72.000     5.6223    24.6312     7.5779    10.8295    106.047    330.292    338.427   -0.02364    7.14577   10.21202  311.45840     5.6210   16.02721 3.7976e-02     0.2910     0.8580 0.0000e+00
        574  13.541392    0.03978     2.3871    143.224     73.702  50190.509    31.2462     5.6291     73.000     5.6244    24.6315     7.5110    10.7339    105.118    327.376    335.440   -0.02186    7.14529   10.21134  311.43771     5.6236   16.02622 3.7976e-02     0.2833     0.8744 0.0000e+00
        579  13.541405    0.04011     2.4064    144.382     74.712  50193.303    31.2481     5.6312     74.000     5.6273    24.6328     7.4437    10.6378    104.183    324.443    332.435   -0.02039    7.14486   10.21072  311.41830     5.6255   16.02529 3.7976e-02     0.2807     0.8797 0.0000e+00
        583  13.541418    0.04041     2.4246    145.474     75.722  50204.585    31.2566     5.6371     75.000     5.6373    24.6388     7.3970    10.5711    103.550    322.407    330.351   -0.01822    7.14346   10.20872  311.35553     5.6313   16.02227 3.7976e-02     0.2810     0.8944 0.0000e+00
        587  13.541430    0.04071     2.4426    146.557     76.732  50209.691    31.2624     5.6506     76.000     5.6506    24.6418     7.3735    10.5374    103.257    321.381    329.300   -0.01479    7.14090   10.20506  311.24308     5.6448   16.01689 3.7976e-02     0.2627     0.8902 0.0000e+00
        592  13.541445    0.04107     2.4644    147.863     77.741  50209.653    31.2647     5.6647     77.000     5.6625    24.6420     7.3179    10.4579    102.513    318.955    326.814   -0.01365    7.13841   10.20150  311.13431     5.6588   16.01169 3.7976e-02     0.2567     0.8573 0.0000e+00
        597  13.541459    0.04141     2.4843    149.055     78.751  50210.630    31.2665     5.6729     78.000     5.6704    24.6426     7.2667    10.3848    101.818    316.726    324.531   -0.01338    7.13694   10.19940  311.07008     5.6669   16.00863 3.7976e-02     0.2672     0.8765 0.0000e+00
        602  13.541473    0.04174     2.5040    150.243     79.761  50209.001    31.2663     5.6800     79.000     5.6758    24.6416     7.2389    10.3451    101.446    315.513    323.288   -0.01136    7.13574   10.19768  311.01815     5.6739   16.00616 3.7976e-02     0.2735     0.8629 0.0000e+00
        606  13.541485    0.04203     2.5223    151.336     80.770  50212.571    31.2692     5.6849     80.000     5.6817    24.6434     7.2185    10.3160    101.174    314.626    322.379   -0.00976    7.13477   10.19630  310.97542     5.6788   16.00411 3.7976e-02     0.2780     0.8422 0.0000e+00
        611  13.541498    0.04233     2.5401    152.407     81.781  50209.578    31.2678     5.6902     81.000     5.6843    24.6416     7.2126    10.3076    101.103    314.369    322.115   -0.00748    7.13396   10.19514  310.94048     5.6839   16.00245 3.7976e-02     0.2874     0.8185 0.0000e+00
        615  13.541511    0.04266     2.5593    153.556     82.790  50209.278    31.2671     5.6904     82.000     5.6841    24.6411     7.1934    10.2802    100.834    313.534    321.260   -0.00665    7.13396   10.19513  310.94041     5.6841   16.00245 3.7976e-02     0.2852     0.8277 0.0000e+00
        619  13.541523    0.04295     2.5769    154.614     83.801  50211.986    31.2687     5.6914     83.000     5.6861    24.6423     7.1739    10.2522    100.563    312.680    320.385   -0.00644    7.13371   10.19479  310.92961     5.6849   16.00193 3.7976e-02     0.2738     0.8275 0.0000e+00
        624  13.541535    0.04324     2.5944    155.665     84.810  50210.532    31.2677     5.6937     84.000     5.6870    24.6411     7.1657    10.2406    100.453    312.326    320.022   -0.00532    7.13337   10.19431  310.91520     5.6872   16.00125 3.7976e-02     0.2647     0.8196 0.0000e+00
        628  13.541548    0.04354     2.6123    156.738     85.820  50209.730    31.2664     5.6925     85.000     5.6852    24.6403     7.1537    10.2233    100.280    311.799    319.483   -0.00480    7.13364   10.19468  310.92696     5.6859   16.00181 3.7976e-02     0.2500     0.8131 0.0000e+00
        632  13.541561    0.04385     2.6307    157.841     86.829  50211.551    31.2670     5.6916     86.000     5.6848    24.6409     7.1347    10.1962    100.013    310.974    318.636   -0.00489    7.13376   10.19485  310.93183     5.6849   16.00204 3.7976e-02     0.2476     0.8087 0.0000e+00
        637  13.541575    0.04419     2.6515    159.088     87.840  50210.903    31.2659     5.6906     87.000     5.6832    24.6401     7.1063    10.1556     99.611    309.734    317.366   -0.00547    7.13398   10.19517  310.94188     5.6839   16.00253 3.7976e-02     0.2530     0.8000 0.0000e+00
        642  13.541589    0.04451     2.6708    160.245     88.849  50212.915    31.2667     5.6897     88.000     5.6829    24.6408     7.0858    10.1263     99.323    308.842    316.452   -0.00552    7.13408   10.19532  310.94610     5.6830   16.00273 3.7976e-02     0.2593     0.7924 0.0000e+00
        646  13.541601    0.04482     2.6894    161.365     89.859  50215.863    31.2683     5.6903     89.000     5.6849    24.6421     7.0779    10.1150     99.215    308.497    316.099   -0.00457    7.13392   10.19509  310.93881     5.6833   16.00237 3.7976e-02     0.2555     0.8092 0.0000e+00
        651  13.541615    0.04516     2.7096    162.575     90.869  50219.481    31.2714     5.6958     90.000     5.6916    24.6438     7.0658    10.0977     99.060    307.968    315.557   -0.00399    7.13284   10.19355  310.89135     5.6888   16.00010 3.7976e-02     0.2664     0.8228 0.0000e+00
        656  13.541630    0.04552     2.7309    163.855     91.879  50216.171    31.2697     5.7013     91.000     5.6948    24.6420     7.0395    10.0601     98.703    306.822    314.383   -0.00457    7.13199   10.19232  310.85437     5.6943   15.99835 3.7976e-02     0.2753     0.8187 0.0000e+00
        661  13.541643    0.04581     2.7489    164.936     92.889  50216.240    31.2695     5.7022     92.000     5.6954    24.6417     7.0296    10.0460     98.567    306.393    313.944   -0.00425    7.13185   10.19212  310.84852     5.6951   15.99807 3.7976e-02     0.2850     0.8348 0.0000e+00
        665  13.541654    0.04609     2.7654    165.927     93.899  50217.906    31.2703     5.7030     93.000     5.6964    24.6422     7.0380    10.0580     98.687    306.759    314.318   -0.00257    7.13167   10.19186  310.84042     5.6958   15.99768 3.7976e-02     0.2804     0.8476 0.0000e+00
        669  13.541667    0.04640     2.7841    167.047     94.908  50218.406    31.2704     5.7041     94.000     5.6975    24.6422     7.0331    10.0510     98.620    306.544    314.098   -0.00212    7.13149   10.19161  310.83255     5.6968   15.99730 3.7976e-02     0.2757     0.8194 0.0000e+00
        674  13.541680    0.04673     2.8034    168.208     95.918  50230.822    31.2794     5.7087     95.000     5.7081    24.6487     7.0130    10.0223     98.355    305.666    313.201   -0.00298    7.13029   10.18990  310.77854     5.7013   15.99469 3.7976e-02     0.2771     0.8071 0.0000e+00
        678  13.541693    0.04702     2.8215    169.290     96.929  50235.564    31.2854     5.7246     96.000     5.7242    24.6517     7.0088    10.0162     98.337    305.481    313.012   -0.00240    7.12732   10.18566  310.64820     5.7172   15.98846 3.7976e-02     0.2697     0.8765 0.0000e+00
        683  13.541706    0.04733     2.8401    170.405     97.939  50237.777    31.2895     5.7402     97.000     5.7379    24.6531     7.0007    10.0046     98.262    305.127    312.649   -0.00203    7.12450   10.18162  310.52454     5.7326   15.98255 3.7976e-02     0.2627     1.0089 0.0000e+00
        687  13.541719    0.04764     2.8585    171.509     98.948  50232.280    31.2869     5.7486     98.000     5.7424    24.6501     6.9852     9.9825     98.062    304.453    311.957   -0.00260    7.12320   10.17977  310.46909     5.7410   15.97992 3.7976e-02     0.2540     1.1921 0.0000e+00
        691  13.541731    0.04795     2.8768    172.607     99.959  50231.625    31.2865     5.7509     99.000     5.7436    24.6495     6.9731     9.9653     97.898    303.927    311.419   -0.00279    7.12284   10.17925  310.45354     5.7432   15.97919 3.7976e-02     0.2711     1.2461 0.0000e+00
        696  13.541745    0.04826     2.8956    173.733    100.968  50232.822    31.2870     5.7519    100.000     5.7446    24.6499     6.9604     9.9472     97.723    303.375    310.853   -0.00297    7.12264   10.17896  310.44465     5.7441   15.97876 3.7976e-02     0.2648     1.2653 0.0000e+00
        700  13.541757    0.04857     2.9145    174.870    101.978  50232.338    31.2863     5.7527    101.000     5.7446    24.6492     6.9488     9.9305     97.560    302.867    310.332   -0.00302    7.12253   10.17881  310.44015     5.7448   15.97855 3.7976e-02     0.2638     1.2387 0.0000e+00
        705  13.541771    0.04888     2.9328    175.965    102.989  50233.074    31.2863     5.7524    102.000     5.7442    24.6492     6.9379     9.9150     97.407    302.393    309.846   -0.00307    7.12259   10.17890  310.44290     5.7444   15.97868 3.7976e-02     0.2725     1.2387 0.0000e+00
        709  13.541783    0.04918     2.9506    177.039    103.999  50233.046    31.2857     5.7518    103.000     5.7433    24.6488     6.9378     9.9149     97.404    302.391    309.844   -0.00236    7.12273   10.17909  310.44883     5.7438   15.97897 3.7976e-02     0.2838     1.2309 0.0000e+00
        714  13.541796    0.04949     2.9696    178.178    105.008  50235.326    31.2866     5.7511    104.000     5.7434    24.6497     6.9334     9.9085     97.341    302.197    309.646   -0.00199    7.12279   10.17918  310.45129     5.7430   15.97908 3.7976e-02     0.2898     1.2100 0.0000e+00
        718  13.541809    0.04981     2.9884    179.306    106.018  50233.419    31.2849     5.7514    105.000     5.7421    24.6483     6.9246     9.8960     97.217    301.814    309.253   -0.00218    7.12283   10.17924  310.45349     5.7432   15.97919 3.7976e-02     0.2775     1.2274 0.0000e+00
        723  13.541822    0.05012     3.0072    180.432    107.028  50234.149    31.2845     5.7491    106.000     5.7403    24.6482     6.9196     9.8889     97.142    301.597    309.031   -0.00196    7.12325   10.17983  310.47143     5.7408   15.98005 3.7976e-02     0.2706     1.2120 0.0000e+00
        727  13.541835    0.05045     3.0265    181.593    108.038  50237.194    31.2860     5.7487    107.000     5.7410    24.6495     6.9086     9.8730     96.987    301.116    308.539   -0.00232    7.12323   10.17981  310.47037     5.7403   15.97999 3.7976e-02     0.2740     1.1899 0.0000e+00
