CTD-processing/allCTD/CNV/2021_05-23_t9_s05_cast058_4141.cnv
* Sea-Bird SBE19plus Data File:
* FileName = C:\Users\steve\Desktop\GWA\CTD\2021_05-23_T9\2021_05-23_T9_S0_cast058.hex
* Software Version 1.59
* Temperature SN =  4141
* Conductivity SN =  4141
* System UpLoad Time = May 24 2021 14:36:50
** Cook Inlet LTM T9
** Date: 05-23-2021
** Station:S05
** Start Time (AKDT):15:18
** Depth (m):99
** Comment:
** Comment:
# nquan = 27
# nvalues = 96                          
# units = specified
# name 0 = scan: Scan Count
# name 1 = timeJ: Julian Days
# name 2 = timeH: Time, Elapsed [hours]
# name 3 = timeM: Time, Elapsed [minutes]
# name 4 = timeS: Time, Elapsed [seconds]
# name 5 = prdM: Pressure, Strain Gauge [db]
# name 6 = specc: Specific Conductance [uS/cm]
# name 7 = sal00: Salinity, Practical [PSU]
# name 8 = tv290C: Temperature [ITS-90, deg C]
# name 9 = depSM: Depth [salt water, m], lat = 59.00
# name 10 = potemp090C: Potential Temperature [ITS-90, deg C]
# name 11 = sigma-é00: Density [sigma-theta, kg/m^3]
# name 12 = sbeox0ML/L: Oxygen, SBE 43 [ml/l]
# name 13 = sbeox0Mg/L: Oxygen, SBE 43 [mg/l]
# name 14 = sbeox0PS: Oxygen, SBE 43 [% saturation]
# name 15 = sbox0Mm/Kg: Oxygen, SBE 43 [umol/kg]
# name 16 = sbeox0Mm/L: Oxygen, SBE 43 [umol/l]
# name 17 = sbox0dV/dT: Oxygen, SBE 43 [dov/dt]
# name 18 = oxsolML/L: Oxygen Saturation, Garcia & Gordon [ml/l]
# name 19 = oxsolMg/L: Oxygen Saturation, Garcia & Gordon [mg/l]
# name 20 = oxsolMm/Kg: Oxygen Saturation, Garcia & Gordon [umol/kg]
# name 21 = n2satMg/L: Nitrogen Saturation [mg/l]
# name 22 = par: PAR/Irradiance, Biospherical/Licor
# name 23 = wetStar: Fluorescence, WET Labs WETstar [mg/m^3]
# name 24 = CStarAt0: Beam Attenuation, WET Labs C-Star [1/m]
# name 25 = CStarTr0: Beam Transmission, WET Labs C-Star [%]
# name 26 = flag: flag
# span 0 =        335,        756       
# span 1 = 126.638698, 126.639916       
# span 2 =    0.02319,    0.05244       
# span 3 =     1.3914,     3.1465       
# span 4 =     83.486,    188.790       
# span 5 =      1.019,     96.912       
# span 6 =  48504.555,  51347.436       
# span 7 =    30.4233,    31.7817       
# span 8 =     4.4796,     7.4890       
# span 9 =      1.000,     96.000       
# span 10 =     4.4730,     7.4910      
# span 11 =    23.7707,    25.1799      
# span 12 =     7.2748,     8.0960      
# span 13 =    10.3964,    11.5700      
# span 14 =     99.406,    117.499      
# span 15 =    316.913,    353.010      
# span 16 =    324.892,    361.568      
# span 17 =   -0.02868,    0.00142      
# span 18 =    6.87473,    7.31826      
# span 19 =    9.82467,   10.45853      
# span 20 =  299.87817,  318.80618      
# span 21 =   15.47820,   16.37478      
# span 22 = 4.2839e-02, 6.9204e+02      
# span 23 =     0.1579,     3.0485      
# span 24 =     0.5793,     1.6667      
# span 25 =    65.9165,    86.5172      
# span 26 = 0.0000e+00, 0.0000e+00      
# interval = meters: 1                  
# start_time = May 06 2021 15:18:20 [Instrument's time stamp, header]
# bad_flag = -9.990e-29
*END*
        335 126.638698    0.02319     1.3914     83.486      1.019  48619.781    30.5277     7.4890      1.000     7.4910    23.8336     8.0741    11.5387    117.446    352.195    360.588    0.00142    6.87473    9.82467  299.87817   15.47820 6.9204e+02     0.5533     1.2224    73.6679 0.0000e+00
        339 126.638710    0.02348     1.4090     84.540      2.013  48598.945    30.5125     7.4874      2.000     7.4738    23.8219     8.0788    11.5454    117.499    352.404    360.799    0.00128    6.87566    9.82601  299.92237   15.48037 5.4969e+02     0.6142     1.2175    73.7584 0.0000e+00
        344 126.638725    0.02383     1.4300     85.798      3.034  48504.555    30.4333     7.4054      3.000     7.3236    23.7707     8.0865    11.5564    117.328    352.757    361.141    0.00001    6.89219    9.84963  300.65850   15.51581 3.6714e+02     0.5790     1.2256    73.6098 0.0000e+00
        349 126.638738    0.02415     1.4487     86.922      4.033  48540.834    30.4233     7.1925      4.000     7.0874    23.7908     8.0662    11.5274    116.454    351.864    360.235   -0.00467    6.92654    9.89872  302.15098   15.58703 2.5837e+02     0.6643     1.2470    73.2169 0.0000e+00
        354 126.638752    0.02450     1.4701     88.204      5.050  48739.168    30.5180     6.9399      5.000     6.8474    23.8979     8.0508    11.5053    115.626    351.153    359.545   -0.00809    6.96274    9.95045  303.69808   15.66042 1.6736e+02     0.9472     1.2965    72.3177 0.0000e+00
        358 126.638765    0.02481     1.4888     89.328      6.056  48907.001    30.5983     6.7332      6.000     6.5639    23.9872     8.0726    11.5366    115.446    352.077    360.522   -0.00707    6.99253    9.99302  304.97094   15.72077 1.0308e+02     1.5493     1.3652    71.0853 0.0000e+00
        363 126.638779    0.02513     1.5080     90.478      7.068  49393.611    30.8553     6.2933      7.000     6.1649    24.2440     8.0960    11.5700    114.794    353.010    361.568   -0.00853    7.05271   10.07903  307.51864   15.84112 6.6763e+01     2.6292     1.2116    73.8839 0.0000e+00
        367 126.638791    0.02543     1.5257     91.545      8.073  49661.997    31.0057     6.1069      8.000     6.0727    24.3851     8.0870    11.5570    114.279    352.566    361.163   -0.00960    7.07654   10.11308  308.51496   15.88798 4.6660e+01     3.0485     1.0542    76.8411 0.0000e+00
        372 126.638804    0.02573     1.5442     92.652      9.089  49745.451    31.0510     6.0442      9.000     6.0173    24.4284     8.0529    11.5084    113.665    351.068    359.644   -0.00995    7.08483   10.12493  308.86349   15.90439 3.5065e+01     3.0232     0.9702    78.4649 0.0000e+00
        376 126.638815    0.02601     1.5607     93.642     10.095  49692.425    30.9868     5.9027     10.000     5.6698    24.3943     7.9925    11.4222    112.389    348.446    356.946   -0.01400    7.11155   10.16311  310.03835   15.96062 2.6413e+01     2.6766     0.9106    79.6422 0.0000e+00
        379 126.638826    0.02628     1.5769     94.615     11.100  50168.313    31.2301     5.4774     11.000     5.3272    24.6354     7.8903    11.2759    110.018    343.906    352.378   -0.02298    7.17187   10.24932  312.59467   16.08137 2.0987e+01     2.0894     0.7925    82.0314 0.0000e+00
        384 126.638840    0.02659     1.5954     95.723     12.122  50544.795    31.4255     5.1713     12.000     5.1033    24.8239     7.7803    11.1189    107.837    339.054    347.471   -0.02868    7.21487   10.31078  314.41134   16.16706 1.6803e+01     1.6828     0.7109    83.7160 0.0000e+00
        387 126.638849    0.02684     1.6102     96.613     13.116  50675.129    31.4972     5.0895     13.000     5.0744    24.8896     7.7098    11.0181    106.702    335.958    344.320   -0.02865    7.22555   10.32603  314.85625   16.18795 1.3637e+01     0.9617     0.6754    84.4648 0.0000e+00
        392 126.638862    0.02714     1.6284     97.703     14.137  50812.325    31.5956     5.1111     14.000     5.1476    24.9652     7.6493    10.9316    105.989    333.295    341.617   -0.02536    7.21708   10.31392  314.46384   16.16887 1.1258e+01     0.9622     0.6491    85.0207 0.0000e+00
        396 126.638873    0.02741     1.6445     98.671     15.140  50702.095    31.5312     5.1670     15.000     5.1375    24.9081     7.6488    10.9309    106.078    333.294    341.595   -0.01918    7.21054   10.30458  314.19650   16.15641 9.1553e+00     0.7508     0.6198    85.6450 0.0000e+00
        400 126.638885    0.02769     1.6612     99.671     16.148  50690.261    31.5030     5.0751     16.000     5.0359    24.8958     7.6560    10.9411    105.925    333.610    341.916   -0.01540    7.22776   10.32919  314.95071   16.19243 7.6277e+00     0.8636     0.6218    85.6031 0.0000e+00
        404 126.638898    0.02800     1.6799    100.794     17.168  50922.634    31.6543     5.0380     17.000     5.0884    25.0196     7.6494    10.9318    105.847    333.284    341.622   -0.01219    7.22685   10.32789  314.87307   16.18811 6.1689e+00     0.9847     0.6301    85.4238 0.0000e+00
        408 126.638910    0.02828     1.6970    101.819     18.164  50984.684    31.7276     5.1839     18.000     5.2554    25.0618     7.6625    10.9504    106.451    333.840    342.207   -0.00622    7.19818   10.28693  313.61121   16.12774 5.0983e+00     0.8825     0.5931    86.2185 0.0000e+00
        413 126.638924    0.02862     1.7171    103.028     19.182  50714.152    31.5541     5.2457     19.000     5.1730    24.9176     7.6949    10.9968    106.934    335.299    343.654   -0.00190    7.19590   10.28367  313.55611   16.12583 4.2558e+00     1.0601     0.5793    86.5172 0.0000e+00
        417 126.638936    0.02892     1.7354    104.121     20.189  50687.481    31.4914     5.0391     20.000     4.9373    24.8905     7.7033    11.0087    106.479    335.672    344.027   -0.00369    7.23454   10.33888  315.24791   16.20662 3.5356e+00     1.7250     0.6156    85.7352 0.0000e+00
        422 126.638950    0.02925     1.7551    105.308     21.197  50937.415    31.6283     4.8810     21.000     4.8700    25.0160     7.6672    10.9572    105.677    334.062    342.419   -0.00701    7.25534   10.36861  316.11561   16.24736 2.9221e+00     0.9912     0.6474    85.0582 0.0000e+00
        427 126.638964    0.02959     1.7756    106.537     22.214  50953.237    31.6352     4.8650     22.000     4.8558    25.0231     7.6247    10.8964    105.055    332.205    340.518   -0.00801    7.25779   10.37211  316.22028   16.25232 2.3941e+00     0.9034     0.6636    84.7138 0.0000e+00
        431 126.638976    0.02987     1.7923    107.540     23.214  50954.122    31.6304     4.8428     23.000     4.8261    25.0217     7.5770    10.8283    104.339    330.127    338.387   -0.00986    7.26188   10.37796  316.39886   16.26083 1.9802e+00     0.5493     0.6795    84.3783 0.0000e+00
        436 126.638989    0.03018     1.8110    108.660     24.234  50962.351    31.6286     4.8111     24.000     4.7863    25.0236     7.5339    10.7666    103.665    328.248    336.462   -0.01069    7.26751   10.38600  316.64338   16.27249 1.6251e+00     0.6081     0.6925    84.1022 0.0000e+00
        439 126.639000    0.03044     1.8264    109.587     25.235  50945.115    31.6022     4.7476     25.000     4.6961    25.0094     7.5331    10.7655    103.477    328.217    336.425   -0.00978    7.27992   10.40373  317.18834   16.29853 1.3354e+00     0.5004     0.7264    83.3943 0.0000e+00
        443 126.639012    0.03072     1.8436    110.615     26.245  51042.549    31.6491     4.6604     26.000     4.6407    25.0557     7.5219    10.7495    103.139    327.714    335.925   -0.00891    7.29289   10.42227  317.73940   16.32456 1.0958e+00     0.5225     0.7602    82.6921 0.0000e+00
        448 126.639024    0.03102     1.8613    111.680     27.261  51080.130    31.6681     4.6325     27.000     4.6259    25.0736     7.4832    10.6942    102.552    326.023    334.197   -0.00986    7.29688   10.42797  317.90757   16.33248 8.8821e-01     0.3921     0.7842    82.1964 0.0000e+00
        452 126.639036    0.03130     1.8781    112.686     28.262  51090.961    31.6730     4.6235     28.000     4.6178    25.0785     7.4582    10.6585    102.193    324.936    333.085   -0.00944    7.29823   10.42990  317.96495   16.33519 7.2548e-01     0.2963     0.7983    81.9081 0.0000e+00
        456 126.639049    0.03162     1.8972    113.832     29.287  51098.528    31.6759     4.6155     29.000     4.6098    25.0816     7.4394    10.6316    101.917    324.115    332.244   -0.00845    7.29948   10.43169  318.01842   16.33773 5.8678e-01     0.2410     0.8031    81.8099 0.0000e+00
        460 126.639060    0.03188     1.9125    114.751     30.277  51105.596    31.6788     4.6095     30.000     4.6053    25.0846     7.4300    10.6183    101.776    323.704    331.824   -0.00741    7.30040   10.43300  318.05741   16.33957 4.8153e-01     0.2632     0.8136    81.5958 0.0000e+00
        465 126.639073    0.03220     1.9323    115.940     31.303  51109.550    31.6803     4.6059     31.000     4.6029    25.0861     7.4232    10.6084    101.674    323.406    331.519   -0.00602    7.30095   10.43379  318.08109   16.34069 3.9259e-01     0.2742     0.8041    81.7907 0.0000e+00
        469 126.639085    0.03247     1.9484    116.901     32.298  51111.172    31.6805     4.6039     32.000     4.6008    25.0864     7.4272    10.6143    101.725    323.583    331.701   -0.00453    7.30129   10.43427  318.09567   16.34138 3.2142e-01     0.4662     0.8094    81.6813 0.0000e+00
        473 126.639098    0.03280     1.9681    118.086     33.315  51114.497    31.6817     4.6018     33.000     4.5981    25.0877     7.4290    10.6168    101.745    323.659    331.779   -0.00326    7.30160   10.43472  318.10896   16.34201 2.6451e-01     0.3884     0.8045    81.7804 0.0000e+00
        478 126.639112    0.03314     1.9881    119.285     34.323  51119.562    31.6837     4.5974     34.000     4.5925    25.0897     7.4244    10.6101    101.671    323.456    331.571   -0.00273    7.30228   10.43569  318.13794   16.34338 2.1801e-01     0.2596     0.8092    81.6850 0.0000e+00
        483 126.639126    0.03346     2.0077    120.463     35.335  51125.465    31.6857     4.5909     35.000     4.5855    25.0920     7.4163    10.5986    101.546    323.102    331.210   -0.00271    7.30333   10.43720  318.18305   16.34552 1.8122e-01     0.2368     0.8182    81.5022 0.0000e+00
        487 126.639139    0.03377     2.0260    121.559     36.341  51131.966    31.6884     4.5850     36.000     4.5809    25.0947     7.4071    10.5855    101.408    322.702    330.800   -0.00278    7.30424   10.43849  318.22180   16.34735 1.5115e-01     0.2520     0.8243    81.3778 0.0000e+00
        492 126.639151    0.03408     2.0449    122.696     37.355  51135.489    31.6896     4.5823     37.000     4.5788    25.0960     7.4053    10.5829    101.378    322.622    330.718   -0.00232    7.30464   10.43906  318.23870   16.34815 1.2745e-01     0.2414     0.8235    81.3932 0.0000e+00
        496 126.639164    0.03437     2.0619    123.716     38.358  51137.830    31.6903     4.5803     38.000     4.5766    25.0968     7.4037    10.5807    101.353    322.556    330.652   -0.00196    7.30497   10.43952  318.25259   16.34881 1.0819e-01     0.2462     0.8284    81.2936 0.0000e+00
        500 126.639176    0.03468     2.0809    124.855     39.372  51139.434    31.6900     4.5762     39.000     4.5703    25.0969     7.3996    10.5748    101.286    322.378    330.469   -0.00182    7.30571   10.44059  318.28513   16.35036 9.4041e-02     0.2527     0.8285    81.2909 0.0000e+00
        505 126.639189    0.03499     2.0991    125.947     40.385  51146.627    31.6929     4.5693     40.000     4.5634    25.0999     7.4005    10.5760    101.282    322.412    330.505   -0.00146    7.30679   10.44214  318.33117   16.35254 8.2807e-02     0.2241     0.8353    81.1542 0.0000e+00
        509 126.639200    0.03525     2.1149    126.897     41.386  51155.556    31.6972     4.5637     41.000     4.5590    25.1039     7.3948    10.5680    101.195    322.166    330.254   -0.00164    7.30756   10.44323  318.36326   16.35405 7.4122e-02     0.2069     0.8393    81.0727 0.0000e+00
        513 126.639213    0.03556     2.1335    128.008     42.407  51162.476    31.7008     4.5605     42.000     4.5572    25.1071     7.3977    10.5721    101.228    322.290    330.382   -0.00121    7.30794   10.44378  318.37916   16.35479 6.7351e-02     0.2425     0.8439    80.9789 0.0000e+00
        517 126.639225    0.03583     2.1503    129.015     43.403  51166.966    31.7031     4.5595     43.000     4.5559    25.1090     7.3959    10.5694    101.202    322.208    330.299   -0.00104    7.30801   10.44387  318.38147   16.35489 6.2110e-02     0.2097     0.8524    80.8084 0.0000e+00
        522 126.639239    0.03618     2.1706    130.234     44.433  51176.580    31.7087     4.5578     44.000     4.5535    25.1137     7.3884    10.5586    101.098    321.879    329.962   -0.00130    7.30803   10.44391  318.38086   16.35484 5.8025e-02     0.2173     0.8641    80.5721 0.0000e+00
        525 126.639249    0.03641     2.1846    131.073     45.419  51185.821    31.7141     4.5558     45.000     4.5519    25.1182     7.3777    10.5435    100.952    321.414    329.488   -0.00183    7.30812   10.44404  318.38355   16.35494 5.4737e-02     0.2539     0.9046    79.7606 0.0000e+00
        530 126.639262    0.03674     2.2046    132.273     46.449  51195.584    31.7199     4.5541     46.000     4.5506    25.1230     7.3726    10.5363    100.883    321.192    329.262   -0.00179    7.30813   10.44404  318.38211   16.35486 5.2357e-02     0.2033     0.9072    79.7090 0.0000e+00
        534 126.639274    0.03701     2.2207    133.243     47.437  51197.713    31.7208     4.5538     47.000     4.5507    25.1237     7.3698    10.5322    100.843    321.068    329.135   -0.00164    7.30816   10.44409  318.38323   16.35490 5.0326e-02     0.1873     0.9329    79.1981 0.0000e+00
        539 126.639289    0.03739     2.2432    134.594     48.472  51200.259    31.7222     4.5546     48.000     4.5521    25.1248     7.3586    10.5161    100.692    320.578    328.632   -0.00188    7.30794   10.44378  318.37352   16.35443 4.8727e-02     0.2429     0.9136    79.5798 0.0000e+00
        543 126.639301    0.03767     2.2603    135.618     49.460  51203.540    31.7246     4.5576     49.000     4.5549    25.1264     7.3614    10.5201    100.740    320.701    328.759   -0.00145    7.30730   10.44286  318.34515   16.35307 4.7550e-02     0.2075     0.9307    79.2413 0.0000e+00
        549 126.639317    0.03805     2.2832    136.990     50.494  51200.986    31.7224     4.5576     50.000     4.5542    25.1246     7.3651    10.5254    100.789    320.864    328.925   -0.00045    7.30741   10.44302  318.35043   16.35334 4.6832e-02     0.3015     0.9110    79.6319 0.0000e+00
        553 126.639328    0.03832     2.2994    137.963     51.480  51208.306    31.7276     4.5607     51.000     4.5588    25.1285     7.3525    10.5074    100.628    320.313    328.362   -0.00152    7.30660   10.44186  318.31389   16.35157 4.5909e-02     0.3109     0.9260    79.3347 0.0000e+00
        558 126.639343    0.03868     2.3207    139.240     52.504  51204.970    31.7253     4.5630     52.000     4.5593    25.1265     7.3618    10.5208    100.760    320.721    328.780   -0.00052    7.30631   10.44145  318.30204   16.35102 4.5260e-02     0.2675     0.9052    79.7475 0.0000e+00
        562 126.639355    0.03896     2.3376    140.258     53.504  51208.998    31.7276     4.5631     53.000     4.5604    25.1282     7.3640    10.5238    100.791    320.813    328.874   -0.00016    7.30618   10.44126  318.29568   16.35071 4.4899e-02     0.2417     0.9258    79.3377 0.0000e+00
