CTD-processing/allCTD/CNV/2021_07-16_t3_s14_cast108_4141.cnv
* Sea-Bird SBE19plus Data File:
* FileName = C:\Users\steve\Desktop\GWA\CTD\2021_07-16_T3\2021_07-16_T3_S1_cast108.hex
* Software Version 1.59
* Temperature SN =  4141
* Conductivity SN =  4141
* System UpLoad Time = Jul 20 2021 15:00:52
** Cook Inlet LTM T3
** Date: 07-16-2021
** Station:S14
** Start Time (AKDT):15:39
** Depth (m):27
** Comment:
** Comment:
# nquan = 27
# nvalues = 26                          
# units = specified
# name 0 = scan: Scan Count
# name 1 = timeJ: Julian Days
# name 2 = timeH: Time, Elapsed [hours]
# name 3 = timeM: Time, Elapsed [minutes]
# name 4 = timeS: Time, Elapsed [seconds]
# name 5 = prdM: Pressure, Strain Gauge [db]
# name 6 = specc: Specific Conductance [uS/cm]
# name 7 = sal00: Salinity, Practical [PSU]
# name 8 = tv290C: Temperature [ITS-90, deg C]
# name 9 = depSM: Depth [salt water, m], lat = 59.00
# name 10 = potemp090C: Potential Temperature [ITS-90, deg C]
# name 11 = sigma-é00: Density [sigma-theta, kg/m^3]
# name 12 = sbeox0ML/L: Oxygen, SBE 43 [ml/l]
# name 13 = sbeox0Mg/L: Oxygen, SBE 43 [mg/l]
# name 14 = sbeox0PS: Oxygen, SBE 43 [% saturation]
# name 15 = sbox0Mm/Kg: Oxygen, SBE 43 [umol/kg]
# name 16 = sbeox0Mm/L: Oxygen, SBE 43 [umol/l]
# name 17 = sbox0dV/dT: Oxygen, SBE 43 [dov/dt]
# name 18 = oxsolML/L: Oxygen Saturation, Garcia & Gordon [ml/l]
# name 19 = oxsolMg/L: Oxygen Saturation, Garcia & Gordon [mg/l]
# name 20 = oxsolMm/Kg: Oxygen Saturation, Garcia & Gordon [umol/kg]
# name 21 = n2satMg/L: Nitrogen Saturation [mg/l]
# name 22 = par: PAR/Irradiance, Biospherical/Licor
# name 23 = wetStar: Fluorescence, WET Labs WETstar [mg/m^3]
# name 24 = CStarAt0: Beam Attenuation, WET Labs C-Star [1/m]
# name 25 = CStarTr0: Beam Transmission, WET Labs C-Star [%]
# name 26 = flag: flag
# span 0 =        349,        467       
# span 1 = 197.653068, 197.653408       
# span 2 =    0.02419,    0.03234       
# span 3 =     1.4513,     1.9407       
# span 4 =     87.080,    116.444       
# span 5 =      1.018,     26.236       
# span 6 =  48299.625,  48400.752       
# span 7 =    30.6778,    30.7245       
# span 8 =    10.0451,    10.1940       
# span 9 =      1.000,     26.000       
# span 10 =    10.0419,    10.1837      
# span 11 =    23.5526,    23.6087      
# span 12 =     6.5440,     6.6255      
# span 13 =     9.3520,     9.4686      
# span 14 =    101.166,    102.202      
# span 15 =    285.531,    289.072      
# span 16 =    292.255,    295.895      
# span 17 =   -0.00057,    0.00182      
# span 18 =    6.46439,    6.48381      
# span 19 =    9.23826,    9.26601      
# span 20 =  282.05625,  282.88818      
# span 21 =   14.62613,   14.66578      
# span 22 = 3.0107e+00, 8.1866e+02      
# span 23 =     0.6091,     1.7702      
# span 24 =     0.5659,     0.6653      
# span 25 =    84.6765,    86.8072      
# span 26 = 0.0000e+00, 0.0000e+00      
# interval = meters: 1                  
# start_time = Jul 16 2021 15:38:58 [Instrument's time stamp, header]
# bad_flag = -9.990e-29
*END*
        349 197.653068    0.02419     1.4513     87.080      1.018  48303.650    30.6847    10.1940      1.000    10.1837    23.5529     6.5440     9.3520    101.232    285.531    292.255    0.00030    6.46439    9.23826  282.05625   14.62613 5.2105e+02     0.6124     0.5659    86.8072 0.0000e+00
        354 197.653082    0.02451     1.4706     88.236      2.021  48299.625    30.6778    10.1631      2.000    10.1469    23.5526     6.5506     9.3615    101.262    285.818    292.550    0.00021    6.46903    9.24489  282.25886   14.63586 8.1866e+02     0.6091     0.5897    86.2935 0.0000e+00
        358 197.653094    0.02481     1.4887     89.321      3.027  48325.411    30.6922    10.1363      3.000    10.1313    23.5683     6.5477     9.3574    101.166    285.687    292.422   -0.00040    6.47222    9.24946  282.39403   14.64226 4.3983e+02     0.6594     0.5943    86.1944 0.0000e+00
        363 197.653108    0.02514     1.5082     90.490      4.037  48332.416    30.6960    10.1303      4.000    10.1283    23.5722     6.5609     9.3762    101.360    286.264    293.011    0.00059    6.47292    9.25044  282.42304   14.64364 3.6855e+02     0.6310     0.6005    86.0585 0.0000e+00
        367 197.653120    0.02545     1.5270     91.621      5.049  48331.801    30.6945    10.1247      5.000    10.1201    23.5720     6.5773     9.3995    101.598    286.975    293.739    0.00179    6.47377    9.25166  282.46044   14.64543 2.7185e+02     0.6685     0.6019    86.0293 0.0000e+00
        372 197.653134    0.02576     1.5459     92.755      6.052  48335.596    30.6956    10.1153      6.000    10.1097    23.5744     6.5850     9.4106    101.697    287.311    294.085    0.00182    6.47506    9.25350  282.51613   14.64809 2.2366e+02     0.7892     0.6076    85.9083 0.0000e+00
        377 197.653148    0.02612     1.5674     94.042      7.069  48346.218    30.7014    10.1052      7.000    10.1039    23.5806     6.5859     9.4118    101.693    287.348    294.124    0.00109    6.47623    9.25519  282.56570   14.65043 1.8053e+02     0.9374     0.6055    85.9533 0.0000e+00
        382 197.653162    0.02645     1.5867     95.204      8.078  48342.574    30.6978    10.1002      8.000    10.0911    23.5786     6.5850     9.4105    101.665    287.309    294.084    0.00053    6.47711    9.25643  282.60416   14.65229 1.4376e+02     1.1315     0.6173    85.6983 0.0000e+00
        386 197.653175    0.02675     1.6049     96.296      9.080  48357.600    30.7058    10.0824      9.000    10.0769    23.5877     6.5884     9.4155    101.685    287.460    294.239    0.00037    6.47930    9.25957  282.69748   14.65672 1.1631e+02     1.2132     0.6359    85.3017 0.0000e+00
        391 197.653190    0.02710     1.6264     97.584     10.099  48367.281    30.7114    10.0758     10.000    10.0752    23.5932     6.6005     9.4327    101.859    287.984    294.778    0.00111    6.48000    9.26057  282.72632   14.65808 9.2431e+01     1.4861     0.6369    85.2815 0.0000e+00
        396 197.653202    0.02742     1.6449     98.697     11.106  48366.260    30.7103    10.0761     11.000    10.0746    23.5923     6.6025     9.4357    101.891    288.073    294.870    0.00098    6.48001    9.26058  282.72694   14.65812 7.3793e+01     1.6188     0.6504    84.9931 0.0000e+00
        400 197.653215    0.02770     1.6622     99.730     12.110  48365.929    30.7096    10.0753     12.000    10.0707    23.5919     6.6100     9.4464    102.005    288.400    295.204    0.00123    6.48014    9.26077  282.73308   14.65841 5.9579e+01     1.5464     0.6546    84.9046 0.0000e+00
        405 197.653228    0.02803     1.6815    100.891     13.127  48374.201    30.7137    10.0657     13.000    10.0614    23.5967     6.6053     9.4397    101.913    288.194    294.994    0.00037    6.48134    9.26248  282.78389   14.66083 4.7888e+01     1.5896     0.6451    85.1042 0.0000e+00
        409 197.653240    0.02831     1.6990    101.942     14.130  48379.513    30.7166    10.0618     14.000    10.0596    23.5996     6.6034     9.4368    101.876    288.107    294.906   -0.00017    6.48176    9.26310  282.80167   14.66167 3.8626e+01     1.7136     0.6593    84.8049 0.0000e+00
        413 197.653253    0.02864     1.7184    103.104     15.141  48380.911    30.7170    10.0605     15.000    10.0581    23.6001     6.6088     9.4447    101.957    288.346    295.151    0.00033    6.48194    9.26333  282.80890   14.66201 3.1121e+01     1.5405     0.6653    84.6765 0.0000e+00
        419 197.653269    0.02901     1.7403    104.418     16.156  48382.935    30.7179    10.0598     16.000    10.0577    23.6010     6.6118     9.4488    102.002    288.473    295.281    0.00035    6.48200    9.26343  282.81146   14.66213 2.5002e+01     1.6391     0.6606    84.7766 0.0000e+00
        423 197.653281    0.02930     1.7581    105.488     17.161  48383.359    30.7177    10.0587     17.000    10.0551    23.6010     6.6175     9.4570    102.087    288.722    295.536    0.00073    6.48217    9.26367  282.81881   14.66249 2.0255e+01     1.7702     0.6614    84.7604 0.0000e+00
        427 197.653293    0.02958     1.7748    106.488     18.162  48387.510    30.7200    10.0569     18.000    10.0568    23.6031     6.6173     9.4567    102.081    288.711    295.525    0.00043    6.48232    9.26389  282.82496   14.66277 1.6520e+01     1.6019     0.6576    84.8402 0.0000e+00
        433 197.653309    0.02998     1.7988    107.926     19.185  48381.789    30.7163    10.0636     19.000    10.0629    23.5992     6.6240     9.4663    102.198    289.006    295.827    0.00081    6.48151    9.26273  282.79070   14.66114 1.3313e+01     1.6676     0.6560    84.8745 0.0000e+00
        438 197.653323    0.03032     1.8188    109.129     20.188  48379.566    30.7145    10.0648     20.000    10.0609    23.5976     6.6238     9.4661    102.196    288.999    295.819    0.00056    6.48143    9.26261  282.78756   14.66100 1.0851e+01     1.5409     0.6429    85.1527 0.0000e+00
        443 197.653338    0.03067     1.8404    110.422     21.199  48384.612    30.7169    10.0590     21.000    10.0542    23.6005     6.6233     9.4653    102.177    288.975    295.795    0.00010    6.48215    9.26365  282.81844   14.66247 8.7458e+00     1.5332     0.6462    85.0823 0.0000e+00
        448 197.653352    0.03101     1.8606    111.638     22.213  48390.072    30.7197    10.0538     22.000    10.0500    23.6035     6.6255     9.4686    102.202    289.072    295.895    0.00019    6.48276    9.26452  282.84432   14.66370 7.0146e+00     1.5596     0.6454    85.0997 0.0000e+00
        453 197.653367    0.03136     1.8813    112.879     23.219  48393.517    30.7212    10.0496     23.000    10.0451    23.6053     6.6252     9.4681    102.189    289.059    295.882   -0.00002    6.48330    9.26529  282.86707   14.66478 5.7585e+00     1.6257     0.6448    85.1123 0.0000e+00
        457 197.653381    0.03169     1.9013    114.077     24.225  48398.869    30.7242    10.0461     24.000    10.0431    23.6082     6.6201     9.4608    102.104    288.836    295.655   -0.00057    6.48368    9.26583  282.88283   14.66552 4.5891e+00     1.5661     0.6599    84.7912 0.0000e+00
        462 197.653394    0.03201     1.9207    115.242     25.239  48400.098    30.7245    10.0456     25.000    10.0426    23.6086     6.6211     9.4622    102.119    288.878    295.698   -0.00045    6.48374    9.26592  282.88545   14.66564 3.7509e+00     1.5848     0.6601    84.7871 0.0000e+00
        467 197.653408    0.03234     1.9407    116.444     26.236  48400.752    30.7245    10.0451     26.000    10.0419    23.6087     6.6230     9.4650    102.147    288.961    295.783   -0.00021    6.48381    9.26601  282.88818   14.66578 3.0107e+00     1.5268     0.6592    84.8076 0.0000e+00
