CTD-processing/allCTD/CNV/2021_05-01_t6_s17_cast011_4141.cnv
* Sea-Bird SBE19plus Data File:
* FileName = C:\Users\steve\Desktop\GWA\CTD\2021_05-01_T6\2021_05-01_T6_S_cast011.hex
* Software Version 1.59
* Temperature SN =  4141
* Conductivity SN =  4141
* System UpLoad Time = May 02 2021 12:16:06
** Cook Inlet LTM T6
** Date: 05-01-2021
** Station:S17
** Start Time (AKDT):10:53
** Depth (m):166
** Comment:
** Comment:
# nquan = 27
# nvalues = 157                         
# units = specified
# name 0 = scan: Scan Count
# name 1 = timeJ: Julian Days
# name 2 = timeH: Time, Elapsed [hours]
# name 3 = timeM: Time, Elapsed [minutes]
# name 4 = timeS: Time, Elapsed [seconds]
# name 5 = prdM: Pressure, Strain Gauge [db]
# name 6 = specc: Specific Conductance [uS/cm]
# name 7 = sal00: Salinity, Practical [PSU]
# name 8 = tv290C: Temperature [ITS-90, deg C]
# name 9 = depSM: Depth [salt water, m], lat = 59.00
# name 10 = potemp090C: Potential Temperature [ITS-90, deg C]
# name 11 = sigma-é00: Density [sigma-theta, kg/m^3]
# name 12 = sbeox0ML/L: Oxygen, SBE 43 [ml/l]
# name 13 = sbeox0Mg/L: Oxygen, SBE 43 [mg/l]
# name 14 = sbeox0PS: Oxygen, SBE 43 [% saturation]
# name 15 = sbox0Mm/Kg: Oxygen, SBE 43 [umol/kg]
# name 16 = sbeox0Mm/L: Oxygen, SBE 43 [umol/l]
# name 17 = sbox0dV/dT: Oxygen, SBE 43 [dov/dt]
# name 18 = oxsolML/L: Oxygen Saturation, Garcia & Gordon [ml/l]
# name 19 = oxsolMg/L: Oxygen Saturation, Garcia & Gordon [mg/l]
# name 20 = oxsolMm/Kg: Oxygen Saturation, Garcia & Gordon [umol/kg]
# name 21 = n2satMg/L: Nitrogen Saturation [mg/l]
# name 22 = par: PAR/Irradiance, Biospherical/Licor
# name 23 = wetStar: Fluorescence, WET Labs WETstar [mg/m^3]
# name 24 = CStarAt0: Beam Attenuation, WET Labs C-Star [1/m]
# name 25 = CStarTr0: Beam Transmission, WET Labs C-Star [%]
# name 26 = flag: flag
# span 0 =        101,       1035       
# span 1 = 104.453647, 104.456349       
# span 2 =    0.00696,    0.07182       
# span 3 =     0.4179,     4.3090       
# span 4 =     25.073,    258.539       
# span 5 =      1.006,    158.544       
# span 6 =  51360.529,  51907.278       
# span 7 =    31.9655,    32.2280       
# span 8 =     4.8668,     5.0478       
# span 9 =      1.000,    157.000       
# span 10 =     4.8567,     5.0485      
# span 11 =    25.2650,    25.4923      
# span 12 =     6.4260,     7.0384      
# span 13 =     9.1833,    10.0585      
# span 14 =     88.926,     97.610      
# span 15 =    279.850,    306.583      
# span 16 =    286.984,    314.333      
# span 17 =   -0.00589,    0.00615      
# span 18 =    7.20745,    7.23060      
# span 19 =   10.30017,   10.33325      
# span 20 =  313.91492,  314.90042      
# span 21 =   16.14063,   16.18726      
# span 22 = 4.2009e-02, 1.1766e+03      
# span 23 =     0.1600,     0.6887      
# span 24 =     0.3030,     1.5570      
# span 25 =    74.1995,    92.7038      
# span 26 = 0.0000e+00, 0.0000e+00      
# interval = meters: 1                  
# start_time = Apr 14 2021 10:52:50 [Instrument's time stamp, header]
# bad_flag = -9.990e-29
*END*
[from data line 108]
        793 104.455647    0.05497     3.2984    197.902    110.056  51686.190    32.1223     4.9870    109.000     4.9770    25.3967     6.8592     9.8025     95.095    298.746    306.333   -0.00037    7.21304   10.30815  314.15569   16.15207 8.4671e+02     0.5006     0.3077    92.5950 0.0000e+00
        799 104.455664    0.05539     3.3230    199.378    111.070  51692.189    32.1250     4.9829    110.000     4.9744    25.3993     6.8527     9.7931     94.996    298.458    306.039   -0.00077    7.21362   10.30898  314.18016   16.15323 8.1191e+02     0.4979     0.3042    92.6774 0.0000e+00
        804 104.455680    0.05576     3.3455    200.728    112.078  51694.344    32.1257     4.9820    111.000     4.9731    25.4000     6.8441     9.7809     94.876    298.087    305.658   -0.00113    7.21375   10.30916  314.18557   16.15348 8.1411e+02     0.4645     0.3063    92.6263 0.0000e+00
        809 104.455693    0.05608     3.3650    201.901    113.087  51696.320    32.1261     4.9796    112.000     4.9704    25.4005     6.8426     9.7788     94.850    298.020    305.590   -0.00110    7.21412   10.30969  314.20161   16.15425 8.4264e+02     0.4631     0.3060    92.6343 0.0000e+00
        814 104.455708    0.05643     3.3859    203.156    114.102  51699.070    32.1269     4.9773    113.000     4.9680    25.4015     6.8412     9.7767     94.826    297.958    305.527   -0.00091    7.21449   10.31023  314.21752   16.15499 8.5897e+02     0.4651     0.3030    92.7038 0.0000e+00
        818 104.455720    0.05674     3.4043    204.259    115.105  51702.268    32.1283     4.9759    114.000     4.9673    25.4027     6.8326     9.7645     94.705    297.585    305.144   -0.00133    7.21467   10.31048  314.22491   16.15535 8.4855e+02     0.4570     0.3061    92.6321 0.0000e+00
        823 104.455736    0.05709     3.4258    205.549    116.114  51703.697    32.1288     4.9754    115.000     4.9668    25.4031     6.8334     9.7657     94.716    297.622    305.182   -0.00098    7.21473   10.31056  314.22706   16.15545 8.4908e+02     0.4376     0.3061    92.6334 0.0000e+00
        829 104.455752    0.05749     3.4494    206.966    117.135  51703.775    32.1280     4.9740    116.000     4.9628    25.4027     6.8298     9.7604     94.661    297.461    305.018   -0.00098    7.21500   10.31095  314.23920   16.15603 7.1822e+02     0.4345     0.3046    92.6673 0.0000e+00
        833 104.455764    0.05779     3.4673    208.039    118.138  51712.480    32.1318     4.9665    117.000     4.9543    25.4065     6.8282     9.7581     94.624    297.390    304.946   -0.00099    7.21610   10.31253  314.28623   16.15825 2.1913e+02     0.4273     0.3089    92.5683 0.0000e+00
        838 104.455778    0.05812     3.4873    209.240    119.143  51722.186    32.1366     4.9603    118.000     4.9497    25.4110     6.8230     9.7507     94.540    297.162    304.713   -0.00118    7.21696   10.31376  314.32222   16.15994 1.5886e+02     0.4147     0.3082    92.5847 0.0000e+00
        844 104.455797    0.05856     3.5136    210.816    120.164  51730.123    32.1400     4.9533    119.000     4.9419    25.4144     6.8063     9.7269     94.296    296.436    303.970   -0.00191    7.21801   10.31526  314.36676   16.16205 1.4879e+02     0.4092     0.3084    92.5790 0.0000e+00
        849 104.455809    0.05888     3.5326    211.955    121.165  51734.562    32.1416     4.9490    120.000     4.9373    25.4162     6.7926     9.7073     94.098    295.839    303.358   -0.00249    7.21867   10.31620  314.39485   16.16338 1.4035e+02     0.4003     0.3130    92.4726 0.0000e+00
        854 104.455824    0.05922     3.5530    213.178    122.180  51740.244    32.1424     4.9375    121.000     4.9232    25.4181     6.7866     9.6987     93.988    295.575    303.087   -0.00236    7.22061   10.31898  314.47898   16.16738 1.3290e+02     0.4067     0.3108    92.5234 0.0000e+00
        858 104.455837    0.05954     3.5727    214.361    123.186  51752.382    32.1480     4.9276    122.000     4.9162    25.4236     6.7717     9.6774     93.764    294.924    302.423   -0.00289    7.22205   10.32104  314.54003   16.17027 1.2641e+02     0.3904     0.3124    92.4863 0.0000e+00
        864 104.455853    0.05991     3.5945    215.672    124.197  51758.891    32.1510     4.9231    123.000     4.9138    25.4265     6.7614     9.6628     93.614    294.478    301.965   -0.00279    7.22267   10.32192  314.56617   16.17150 1.2198e+02     0.3708     0.3150    92.4279 0.0000e+00
        869 104.455869    0.06030     3.6179    217.073    125.212  51759.563    32.1507     4.9218    124.000     4.9119    25.4264     6.7397     9.6318     93.311    293.533    300.996   -0.00344    7.22291   10.32226  314.57655   16.17199 1.1751e+02     0.3835     0.3109    92.5217 0.0000e+00
        875 104.455884    0.06066     3.6399    218.393    126.216  51762.984    32.1521     4.9198    125.000     4.9102    25.4278     6.7342     9.6239     93.231    293.293    300.750   -0.00291    7.22319   10.32267  314.58870   16.17257 1.1526e+02     0.3716     0.3123    92.4895 0.0000e+00
        880 104.455900    0.06104     3.6626    219.756    127.233  51764.335    32.1522     4.9186    126.000     4.9085    25.4280     6.7328     9.6219     93.208    293.230    300.687   -0.00217    7.22340   10.32296  314.59750   16.17298 1.1330e+02     0.3623     0.3133    92.4656 0.0000e+00
        885 104.455913    0.06136     3.6818    220.910    128.237  51768.768    32.1541     4.9155    127.000     4.9037    25.4298     6.7383     9.6297     93.278    293.469    300.932   -0.00140    7.22384   10.32359  314.61616   16.17387 1.1087e+02     0.3596     0.3153    92.4187 0.0000e+00
        890 104.455928    0.06171     3.7024    222.143    129.253  51779.416    32.1595     4.9093    128.000     4.8985    25.4348     6.7365     9.6271     93.243    293.387    300.850   -0.00112    7.22465   10.32476  314.65012   16.17546 1.0743e+02     0.3634     0.3157    92.4110 0.0000e+00
        894 104.455940    0.06199     3.7198    223.185    130.258  51785.945    32.1628     4.9062    129.000     4.8948    25.4377     6.7260     9.6121     93.092    292.930    300.381   -0.00166    7.22504   10.32530  314.66579   16.17620 1.0306e+02     0.3497     0.3212    92.2839 0.0000e+00
        898 104.455952    0.06228     3.7372    224.229    131.263  51791.649    32.1651     4.9010    130.000     4.8845    25.4401     6.7105     9.5900     92.868    292.256    299.692   -0.00240    7.22582   10.32643  314.69950   16.17779 1.0706e+02     0.3559     0.3230    92.2412 0.0000e+00
        903 104.455967    0.06266     3.7598    225.589    132.284  51818.530    32.1776     4.8768    131.000     4.8603    25.4526     6.6897     9.5602     92.534    291.345    298.760   -0.00329    7.22941   10.33155  314.85170   16.18499 1.0516e+02     0.3467     0.3289    92.1055 0.0000e+00
        908 104.455981    0.06298     3.7787    226.723    133.288  51838.821    32.1888     4.8668    132.000     4.8567    25.4625     6.6595     9.5170     92.101    290.028    297.412   -0.00457    7.23060   10.33325  314.90042   16.18726 1.0385e+02     0.3264     0.3308    92.0615 0.0000e+00
        913 104.455996    0.06334     3.8006    228.036    134.295  51846.559    32.1937     4.8673    133.000     4.8580    25.4664     6.6222     9.4637     91.589    288.402    295.746   -0.00566    7.23027   10.33278  314.88482   16.18650 1.0203e+02     0.3214     0.3368    91.9249 0.0000e+00
        920 104.456016    0.06382     3.8290    229.741    135.314  51848.759    32.1949     4.8681    134.000     4.8579    25.4673     6.5862     9.4123     91.094    286.832    294.138   -0.00589    7.23009   10.33252  314.87675   16.18611 1.0151e+02     0.3151     0.3441    91.7582 0.0000e+00
        925 104.456030    0.06416     3.8495    230.972    136.317  51852.996    32.1972     4.8677    135.000     4.8585    25.4692     6.5739     9.3948     90.925    286.299    293.590   -0.00519    7.23004   10.33245  314.87383   16.18596 1.0025e+02     0.3115     0.3455    91.7246 0.0000e+00
        930 104.456046    0.06454     3.8727    232.364    137.331  51871.743    32.2105     4.8713    136.000     4.8627    25.4793     6.5642     9.3809     90.807    285.874    293.158   -0.00420    7.22877   10.33063  314.81546   16.18313 9.5532e+01     0.3155     0.3491    91.6421 0.0000e+00
        935 104.456060    0.06489     3.8935    233.613    138.341  51873.692    32.2118     4.8737    137.000     4.8641    25.4802     6.5536     9.3658     90.666    285.412    292.685   -0.00372    7.22830   10.32996  314.79472   16.18214 9.3057e+01     0.3091     0.3627    91.3309 0.0000e+00
        940 104.456073    0.06520     3.9118    234.706    139.349  51874.626    32.2119     4.8736    138.000     4.8628    25.4802     6.5352     9.3396     90.412    284.614    291.866   -0.00404    7.22830   10.32996  314.79480   16.18214 1.0265e+02     0.2969     0.3737    91.0794 0.0000e+00
        945 104.456087    0.06553     3.9318    235.908    140.360  51882.491    32.2166     4.8729    139.000     4.8639    25.4841     6.5159     9.3119     90.146    283.769    291.001   -0.00429    7.22819   10.32981  314.78905   16.18185 1.0848e+02     0.3041     0.3772    91.0010 0.0000e+00
        949 104.456101    0.06586     3.9520    237.120    141.372  51888.034    32.2207     4.8763    140.000     4.8671    25.4870     6.5039     9.2948     89.990    283.247    290.466   -0.00397    7.22740   10.32868  314.75355   16.18014 5.3999e+02     0.2890     0.4067    90.3338 0.0000e+00
        954 104.456114    0.06617     3.9702    238.215    142.378  51893.010    32.2241     4.8784    141.000     4.8689    25.4894     6.4955     9.2828     89.881    282.880    290.090   -0.00350    7.22688   10.32793  314.73018   16.17901 1.1766e+03     0.2879     0.4370    89.6504 0.0000e+00
        958 104.456127    0.06648     3.9889    239.336    143.388  51896.153    32.2262     4.8799    142.000     4.8698    25.4909     6.4844     9.2668     89.731    282.394    289.592   -0.00347    7.22651   10.32741  314.71370   16.17822 1.0760e+03     0.2965     0.4685    88.9486 0.0000e+00
        963 104.456140    0.06682     4.0090    240.542    144.399  51895.735    32.2254     4.8804    143.000     4.8699    25.4902     6.4632     9.2366     89.438    281.474    288.648   -0.00389    7.22647   10.32735  314.71221   16.17816 1.0437e+03     0.2910     0.4843    88.5958 0.0000e+00
        968 104.456155    0.06716     4.0295    241.769    145.414  51897.270    32.2261     4.8804    144.000     4.8700    25.4907     6.4684     9.2440     89.510    281.698    288.878   -0.00264    7.22644   10.32729  314.71026   16.17806 1.0319e+03     0.2944     0.4853    88.5746 0.0000e+00
        972 104.456167    0.06745     4.0470    242.818    146.416  51899.544    32.2271     4.8806    145.000     4.8701    25.4916     6.4504     9.2182     89.262    280.912    288.072   -0.00304    7.22635   10.32718  314.70645   16.17788 1.0234e+03     0.2920     0.5027    88.1910 0.0000e+00
        977 104.456182    0.06781     4.0685    244.110    147.431  51900.537    32.2273     4.8808    146.000     4.8701    25.4917     6.4430     9.2077     89.160    280.591    287.744   -0.00290    7.22631   10.32712  314.70461   16.17778 1.0175e+03     0.2862     0.5115    87.9963 0.0000e+00
        982 104.456196    0.06815     4.0888    245.327    148.442  51901.022    32.2271     4.8807    147.000     4.8700    25.4916     6.4430     9.2076     89.159    280.590    287.742   -0.00213    7.22633   10.32716  314.70571   16.17784 1.0163e+03     0.2842     0.5264    87.6694 0.0000e+00
        987 104.456208    0.06844     4.1065    246.388    149.447  51902.164    32.2275     4.8808    148.000     4.8700    25.4919     6.4443     9.2095     89.178    280.646    287.801   -0.00161    7.22630   10.32711  314.70424   16.17777 1.0104e+03     0.2845     0.5378    87.4188 0.0000e+00
        992 104.456224    0.06883     4.1298    247.788    150.463  51903.672    32.2280     4.8809    149.000     4.8699    25.4923     6.4384     9.2011     89.097    280.389    287.536   -0.00152    7.22625   10.32704  314.70206   16.17766 1.0060e+03     0.2956     0.5620    86.8936 0.0000e+00
        997 104.456239    0.06919     4.1511    249.065    151.470  51904.376    32.2280     4.8807    150.000     4.8698    25.4922     6.4393     9.2024     89.109    280.430    287.579   -0.00110    7.22630   10.32710  314.70396   16.17775 1.0063e+03     0.2928     0.5561    87.0219 0.0000e+00
       1003 104.456256    0.06958     4.1750    250.502    152.481  51904.180    32.2274     4.8811    151.000     4.8702    25.4918     6.4325     9.1928     89.016    280.136    287.277   -0.00120    7.22625   10.32703  314.70191   16.17766 1.0071e+03     0.2886     0.5958    86.1622 0.0000e+00
       1009 104.456272    0.06997     4.1981    251.885    153.491  51903.970    32.2268     4.8814    152.000     4.8703    25.4913     6.4260     9.1833     88.926    279.850    286.984   -0.00135    7.22622   10.32699  314.70079   16.17760 1.0131e+03     0.2876     0.6453    85.0998 0.0000e+00
       1013 104.456286    0.07030     4.2178    253.071    154.503  51905.245    32.2272     4.8815    153.000     4.8704    25.4916     6.4322     9.1922     89.012    280.121    287.261   -0.00062    7.22618   10.32693  314.69909   16.17752 1.0356e+03     0.3003     0.6375    85.2680 0.0000e+00
       1018 104.456299    0.07062     4.2373    254.236    155.510  51904.866    32.2265     4.8817    154.000     4.8704    25.4910     6.4293     9.1882     88.973    279.998    287.136   -0.00071    7.22618   10.32694  314.69927   16.17754 1.0343e+03     0.3002     0.6528    84.9411 0.0000e+00
       1023 104.456314    0.07099     4.2593    255.556    156.524  51905.332    32.2263     4.8815    155.000     4.8700    25.4909     6.4336     9.1942     89.030    280.181    287.323   -0.00030    7.22624   10.32703  314.70192   16.17766 1.0402e+03     0.2985     0.6630    84.7256 0.0000e+00
       1029 104.456330    0.07137     4.2821    256.928    157.528  51907.151    32.2270     4.8815    156.000     4.8701    25.4915     6.4342     9.1952     89.040    280.210    287.353   -0.00020    7.22621   10.32697  314.70021   16.17758 1.0457e+03     0.3061     0.6855    84.2509 0.0000e+00
       1035 104.456349    0.07182     4.3090    258.539    158.544  51907.278    32.2266     4.8814    157.000     4.8700    25.4912     6.4328     9.1932     89.020    280.147    287.289   -0.00030    7.22622   10.32699  314.70107   16.17762 1.0503e+03     0.3023     0.6838    84.2863 0.0000e+00
