CTD-processing/allCTD/CNV/2021_11-14_ab_s10_cast004_4141.cnv
* Sea-Bird SBE19plus Data File:
* FileName = C:\Users\steve\Desktop\GWA\CTD\2021_11-14_AB\2021_11-14_AB_S0_cast004.hex
* Software Version 1.59
* Temperature SN =  4141
* Conductivity SN =  4141
* System UpLoad Time = Nov 24 2021 11:25:22
** Cook Inlet LTM AB
** Date: 11-14-2021
** Station:S10
** Start Time (AKST):11:08
** Depth (m):66
** Comment:
** Comment:
# nquan = 27
# nvalues = 59                          
# units = specified
# name 0 = scan: Scan Count
# name 1 = timeJ: Julian Days
# name 2 = timeH: Time, Elapsed [hours]
# name 3 = timeM: Time, Elapsed [minutes]
# name 4 = timeS: Time, Elapsed [seconds]
# name 5 = prdM: Pressure, Strain Gauge [db]
# name 6 = specc: Specific Conductance [uS/cm]
# name 7 = sal00: Salinity, Practical [PSU]
# name 8 = tv290C: Temperature [ITS-90, deg C]
# name 9 = depSM: Depth [salt water, m], lat = 59.00
# name 10 = potemp090C: Potential Temperature [ITS-90, deg C]
# name 11 = sigma-é00: Density [sigma-theta, kg/m^3]
# name 12 = sbeox0ML/L: Oxygen, SBE 43 [ml/l]
# name 13 = sbeox0Mg/L: Oxygen, SBE 43 [mg/l]
# name 14 = sbeox0PS: Oxygen, SBE 43 [% saturation]
# name 15 = sbox0Mm/Kg: Oxygen, SBE 43 [umol/kg]
# name 16 = sbeox0Mm/L: Oxygen, SBE 43 [umol/l]
# name 17 = sbox0dV/dT: Oxygen, SBE 43 [dov/dt]
# name 18 = oxsolML/L: Oxygen Saturation, Garcia & Gordon [ml/l]
# name 19 = oxsolMg/L: Oxygen Saturation, Garcia & Gordon [mg/l]
# name 20 = oxsolMm/Kg: Oxygen Saturation, Garcia & Gordon [umol/kg]
# name 21 = n2satMg/L: Nitrogen Saturation [mg/l]
# name 22 = par: PAR/Irradiance, Biospherical/Licor
# name 23 = wetStar: Fluorescence, WET Labs WETstar [mg/m^3]
# name 24 = CStarAt0: Beam Attenuation, WET Labs C-Star [1/m]
# name 25 = CStarTr0: Beam Transmission, WET Labs C-Star [%]
# name 26 = flag: flag
# span 0 =        789,       1116       
# span 1 = 318.465835, 318.466779       
# span 2 =    0.05475,    0.07740       
# span 3 =     3.2854,     4.6440       
# span 4 =    197.122,    278.640       
# span 5 =      1.015,     59.570       
# span 6 =  48715.954,  49641.492       
# span 7 =    30.5295,    31.2516       
# span 8 =     7.0042,     7.8937       
# span 9 =      1.000,     59.000       
# span 10 =     7.0173,     7.8898      
# span 11 =    23.8856,    24.3703      
# span 12 =     5.3040,     6.0488      
# span 13 =     7.5800,     8.6444      
# span 14 =     76.297,     88.929      
# span 15 =    231.349,    263.729      
# span 16 =    236.878,    270.140      
# span 17 =   -0.00173,    0.03406      
# span 18 =    6.79157,    6.95185      
# span 19 =    9.70583,    9.93488      
# span 20 =  296.16494,  303.22285      
# span 21 =   15.29917,   15.63771      
# span 22 = 3.7953e-02, 2.9551e+01      
# span 23 =     0.1860,     0.4116      
# span 24 =     0.4273,     1.0389      
# span 25 =    77.1276,    89.8684      
# span 26 = 0.0000e+00, 0.0000e+00      
# interval = meters: 1                  
# start_time = Nov 14 2021 11:07:31 [Instrument's time stamp, header]
# bad_flag = -9.990e-29
*END*
        789 318.465835    0.05475     3.2854    197.122      1.015  48737.325    30.5295     7.0042      1.000     7.0173    23.8987     5.3040     7.5800     76.297    231.349    236.878    0.02511    6.95185    9.93488  303.22285   15.63771 2.9551e+01     0.3393     0.6960    84.0311 0.0000e+00
        795 318.465851    0.05515     3.3090    198.539      2.023  48732.377    30.5335     7.0508      2.000     7.0710    23.8958     5.5327     7.9069     79.675    241.326    247.093    0.03406    6.94418    9.92392  302.88906   15.62177 2.5544e+01     0.3778     0.7021    83.9020 0.0000e+00
        800 318.465866    0.05551     3.3306    199.834      3.031  48725.838    30.5373     7.1037      3.000     7.1232    23.8920     5.6328     8.0499     81.217    245.692    251.562    0.03215    6.93551    9.91155  302.51245   15.60381 2.8792e+01     0.3959     0.7008    83.9306 0.0000e+00
        805 318.465880    0.05584     3.3507    201.044      4.029  48725.960    30.5441     7.1466      4.000     7.1534    23.8918     5.6554     8.0823     81.628    246.680    252.573    0.02477    6.92834    9.90129  302.19960   15.58885 2.8445e+01     0.4116     0.6980    83.9875 0.0000e+00
        811 318.465897    0.05624     3.3747    202.480      5.056  48717.316    30.5398     7.1591      5.000     7.1573    23.8868     5.7253     8.1820     82.658    249.726    255.692    0.02119    6.92654    9.89871  302.12248   15.58520 2.6413e+01     0.3484     0.6987    83.9721 0.0000e+00
        815 318.465910    0.05656     3.3933    203.599      6.049  48715.954    30.5375     7.1536      6.000     7.1513    23.8856     5.7918     8.2772     83.606    252.630    258.665    0.02090    6.92753    9.90013  302.16584   15.58727 2.2270e+01     0.2421     0.7086    83.7648 0.0000e+00
        821 318.465926    0.05695     3.4169    205.014      7.077  48727.278    30.5443     7.1504      7.000     7.1501    23.8915     5.8071     8.2990     83.825    253.295    259.347    0.01447    6.92771    9.90039  302.17230   15.58756 1.9218e+01     0.1994     0.7104    83.7276 0.0000e+00
        826 318.465940    0.05729     3.4372    206.233      8.074  48726.282    30.5430     7.1492      8.000     7.1486    23.8906     5.7538     8.2228     83.052    250.971    256.967    0.00670    6.92797    9.90076  302.18369   15.58810 1.5912e+01     0.1923     0.7023    83.8989 0.0000e+00
        831 318.465956    0.05765     3.4591    207.546      9.084  48728.772    30.5445     7.1507      9.000     7.1496    23.8916     5.7517     8.2198     83.025    250.878    256.872    0.00407    6.92766    9.90032  302.16996   15.58744 1.3328e+01     0.2086     0.6994    83.9589 0.0000e+00
        836 318.465970    0.05802     3.4808    208.848     10.093  48817.079    30.6128     7.1957     10.000     7.2431    23.9394     5.7940     8.2802     83.760    252.709    258.759    0.00644    6.91739    9.88564  301.70779   15.56512 1.0964e+01     0.2083     0.7008    83.9287 0.0000e+00
        842 318.465987    0.05840     3.5041    210.247     11.105  48834.520    30.6468     7.3315     11.000     7.3840    23.9483     5.9093     8.4449     85.713    257.736    263.908    0.01441    6.89426    9.85259  300.69660   15.51675 9.1222e+00     0.2440     0.6946    84.0594 0.0000e+00
        847 318.466002    0.05877     3.5264    211.585     12.112  48849.074    30.6816     7.4860     12.000     7.5313    23.9550     5.9664     8.5266     86.869    260.226    266.460    0.01617    6.86827    9.81545  299.56096   15.46243 7.5643e+00     0.2542     0.6916    84.1217 0.0000e+00
        853 318.466018    0.05917     3.5497    212.985     13.122  48983.553    30.7967     7.6229     13.000     7.6924    24.0269     5.9724     8.5351     87.294    260.467    266.725    0.01313    6.84164    9.77738  298.37843   15.40554 6.3095e+00     0.2267     0.6862    84.2361 0.0000e+00
        859 318.466035    0.05957     3.5742    214.454     14.136  48925.980    30.7814     7.7825     14.000     7.7971    23.9931     5.9644     8.5237     87.488    260.128    266.369    0.00955    6.81743    9.74278  297.33226   15.35568 5.3046e+00     0.2150     0.6693    84.5919 0.0000e+00
        864 318.466051    0.05994     3.5966    215.796     15.139  48927.016    30.7861     7.8105     15.000     7.8146    23.9929     5.9483     8.5008     87.310    259.429    265.653    0.00564    6.81286    9.73627  297.13347   15.34617 4.4787e+00     0.2070     0.6482    85.0408 0.0000e+00
        870 318.466067    0.06034     3.6203    217.216     16.148  48945.788    30.8006     7.8225     16.000     7.8252    24.0026     5.9326     8.4783     87.111    258.740    264.950    0.00253    6.81037    9.73269  297.02157   15.34077 3.7367e+00     0.2039     0.6401    85.2113 0.0000e+00
        877 318.466087    0.06080     3.6484    218.906     17.168  48946.933    30.8026     7.8330     17.000     7.8322    24.0028     5.9373     8.4851     87.203    258.946    265.162    0.00190    6.80864    9.73023  296.94635   15.33718 3.1636e+00     0.2352     0.6297    85.4341 0.0000e+00
        882 318.466102    0.06118     3.6709    220.255     18.169  48969.111    30.8182     7.8368     18.000     7.8373    24.0145     5.9419     8.4915     87.286    259.142    265.365    0.00166    6.80737    9.72841  296.88728   15.33429 2.6561e+00     0.2119     0.6295    85.4380 0.0000e+00
        888 318.466119    0.06157     3.6939    221.636     19.181  48972.700    30.8210     7.8416     19.000     7.8401    24.0160     5.9441     8.4948     87.330    259.239    265.465    0.00135    6.80650    9.72717  296.84911   15.33246 2.2197e+00     0.2020     0.6264    85.5047 0.0000e+00
        893 318.466135    0.06196     3.7175    223.047     20.194  49018.948    30.8535     7.8456     20.000     7.8477    24.0409     5.9471     8.4989     87.400    259.360    265.596    0.00112    6.80443    9.72421  296.75171   15.32768 1.9087e+00     0.2104     0.6242    85.5524 0.0000e+00
        898 318.466149    0.06229     3.7374    224.242     21.186  49051.303    30.8773     7.8568     21.000     7.8581    24.0581     5.9533     8.5078     87.527    259.628    265.874    0.00140    6.80164    9.72023  296.62524   15.32154 1.6098e+00     0.2182     0.6179    85.6884 0.0000e+00
        904 318.466166    0.06272     3.7630    225.781     22.220  49079.331    30.8979     7.8663     22.000     7.8694    24.0729     5.9589     8.5158     87.640    259.868    266.123    0.00148    6.79926    9.71682  296.51676   15.31628 1.3803e+00     0.1919     0.6304    85.4196 0.0000e+00
        909 318.466180    0.06305     3.7829    226.973     23.215  49157.137    30.9545     7.8841     23.000     7.8881    24.1148     5.9583     8.5150     87.700    259.833    266.099    0.00127    6.79399    9.70928  296.27473   15.30450 1.1752e+00     0.1870     0.5797    86.5097 0.0000e+00
        915 318.466197    0.06344     3.8063    228.379     24.226  49185.756    30.9755     7.8937     24.000     7.8898    24.1300     5.9597     8.5170     87.751    259.889    266.160    0.00112    6.79157    9.70583  296.16494   15.29917 1.0096e+00     0.1917     0.5441    87.2837 0.0000e+00
        920 318.466213    0.06383     3.8299    229.797     25.240  49196.077    30.9816     7.8894     25.000     7.8864    24.1354     5.9647     8.5241     87.820    260.105    266.383    0.00091    6.79196    9.70640  296.18077   15.29990 8.7656e-01     0.1938     0.5330    87.5238 0.0000e+00
        926 318.466230    0.06423     3.8536    231.217     26.248  49200.109    30.9835     7.8871     26.000     7.8834    24.1374     5.9769     8.5416     87.996    260.636    266.927    0.00154    6.79224    9.70678  296.19199   15.30043 7.6207e-01     0.2036     0.5286    87.6190 0.0000e+00
        931 318.466245    0.06459     3.8757    232.544     27.252  49206.289    30.9869     7.8838     27.000     7.8801    24.1404     5.9734     8.5365     87.940    260.483    266.772    0.00070    6.79259    9.70729  296.20658   15.30112 6.6139e-01     0.1937     0.5256    87.6857 0.0000e+00
        938 318.466263    0.06504     3.9021    234.128     28.272  49230.417    31.0015     7.8726     28.000     7.8569    24.1534     5.9827     8.5499     88.062    260.886    267.187    0.00097    6.79368    9.70885  296.25037   15.30314 5.7404e-01     0.1963     0.5207    87.7948 0.0000e+00
        943 318.466278    0.06540     3.9240    235.440     29.272  49290.777    31.0375     7.8370     29.000     7.8277    24.1867     5.9928     8.5643     88.161    261.319    267.640    0.00109    6.79759    9.71444  296.41119   15.31067 5.0049e-01     0.2010     0.5175    87.8659 0.0000e+00
        949 318.466296    0.06582     3.9492    236.953     30.284  49315.704    31.0528     7.8263     30.000     7.8243    24.2002     6.0080     8.5861     88.371    261.978    268.318    0.00170    6.79856    9.71583  296.44958   15.31244 4.3806e-01     0.2069     0.5020    88.2047 0.0000e+00
        956 318.466315    0.06629     3.9773    238.637     31.302  49333.068    31.0651     7.8302     31.000     7.8305    24.2093     6.0187     8.6014     88.545    262.443    268.797    0.00195    6.79741    9.71418  296.39676   15.30987 3.8284e-01     0.2110     0.5001    88.2489 0.0000e+00
        961 318.466331    0.06666     3.9997    239.982     32.303  49358.259    31.0832     7.8364     32.000     7.8309    24.2226     6.0113     8.5908     88.458    262.115    268.465    0.00080    6.79565    9.71166  296.31618   15.30595 3.3343e-01     0.1935     0.5133    87.9564 0.0000e+00
        967 318.466348    0.06707     4.0244    241.466     33.314  49369.711    31.0884     7.8216     33.000     7.8117    24.2288     6.0082     8.5863     88.385    261.977    268.324    0.00011    6.79771    9.71461  296.40419   15.31013 2.9237e-01     0.1918     0.5009    88.2298 0.0000e+00
        972 318.466364    0.06746     4.0479    242.874     34.321  49383.945    31.0941     7.7975     34.000     7.7846    24.2366     6.0121     8.5919     88.398    262.148    268.501    0.00001    6.80119    9.71958  296.55386   15.31725 2.5821e-01     0.1912     0.4688    88.9407 0.0000e+00
        979 318.466382    0.06790     4.0740    244.439     35.336  49412.587    31.1103     7.7773     35.000     7.7717    24.2522     6.0205     8.6039     88.490    262.509    268.876    0.00037    6.80359    9.72302  296.65418   15.32197 2.2973e-01     0.2238     0.4337    89.7248 0.0000e+00
        985 318.466400    0.06831     4.0989    245.936     36.341  49432.990    31.1227     7.7684     36.000     7.7619    24.2631     6.0384     8.6294     88.742    263.285    269.674    0.00144    6.80443    9.72421  296.68743   15.32351 2.0542e-01     0.2105     0.4273    89.8684 0.0000e+00
        991 318.466418    0.06876     4.1253    247.519     37.356  49487.378    31.1590     7.7610     37.000     7.7579    24.2926     6.0466     8.6413     88.869    263.638    270.043    0.00153    6.80397    9.72355  296.65853   15.32198 1.8293e-01     0.2036     0.4332    89.7345 0.0000e+00
        997 318.466435    0.06917     4.1497    248.982     38.362  49521.200    31.1832     7.7677     38.000     7.7683    24.3107     6.0488     8.6444     88.929    263.729    270.140    0.00125    6.80184    9.72052  296.56075   15.31722 1.6416e-01     0.1961     0.4883    88.5103 0.0000e+00
       1003 318.466453    0.06958     4.1751    250.506     39.373  49528.744    31.1898     7.7794     39.000     7.7781    24.3144     6.0391     8.6305     88.813    263.304    269.706    0.00018    6.79973    9.71750  296.46768   15.31275 1.4591e-01     0.2085     0.5505    87.1435 0.0000e+00
       1009 318.466470    0.07000     4.2000    251.997     40.385  49533.035    31.1934     7.7855     40.000     7.7829    24.3163     6.0264     8.6123     88.641    262.750    269.139   -0.00083    6.79865    9.71595  296.41981   15.31045 1.2939e-01     0.2160     0.5947    86.1851 0.0000e+00
       1014 318.466484    0.07034     4.2204    253.225     41.391  49532.112    31.1926     7.7874     41.000     7.7834    24.3155     6.0160     8.5975     88.492    262.299    268.677   -0.00142    6.79838    9.71557  296.40850   15.30991 1.1419e-01     0.2021     0.6224    85.5909 0.0000e+00
       1020 318.466501    0.07073     4.2438    254.627     42.404  49532.548    31.1924     7.7873     42.000     7.7835    24.3153     6.0072     8.5848     88.361    261.911    268.280   -0.00173    6.79840    9.71559  296.40924   15.30995 1.0246e-01     0.1967     0.6108    85.8381 0.0000e+00
       1025 318.466516    0.07111     4.2665    255.990     43.400  49532.693    31.1921     7.7875     43.000     7.7834    24.3151     6.0085     8.5868     88.382    261.971    268.341   -0.00112    6.79839    9.71559  296.40917   15.30995 9.2478e-02     0.1922     0.6198    85.6466 0.0000e+00
       1031 318.466535    0.07156     4.2936    257.618     44.425  49535.164    31.1933     7.7871     44.000     7.7828    24.3161     6.0045     8.5809     88.322    261.792    268.158   -0.00108    6.79840    9.71559  296.40908   15.30994 8.3511e-02     0.1987     0.6172    85.7007 0.0000e+00
       1036 318.466549    0.07191     4.3145    258.868     45.429  49539.277    31.1956     7.7863     45.000     7.7815    24.3180     6.0103     8.5894     88.408    262.049    268.421   -0.00037    6.79843    9.71563  296.40955   15.30995 7.5943e-02     0.1927     0.6259    85.5142 0.0000e+00
       1042 318.466565    0.07229     4.3372    260.234     46.435  49543.365    31.1978     7.7852     46.000     7.7807    24.3199     6.0189     8.6016     88.534    262.424    268.805    0.00036    6.79848    9.71571  296.41157   15.31004 6.9579e-02     0.2019     0.6457    85.0934 0.0000e+00
       1048 318.466582    0.07268     4.3610    261.659     47.448  49546.379    31.1994     7.7846     47.000     7.7789    24.3213     6.0133     8.5937     88.451    262.179    268.556   -0.00023    6.79851    9.71575  296.41250   15.31008 6.4343e-02     0.1995     0.6667    84.6469 0.0000e+00
       1054 318.466600    0.07312     4.3871    263.225     48.468  49565.346    31.2108     7.7762     48.000     7.7646    24.3314     6.0142     8.5948     88.452    262.212    268.592   -0.00026    6.79932    9.71691  296.44464   15.31156 5.9375e-02     0.1941     0.7577    82.7431 0.0000e+00
       1059 318.466614    0.07346     4.4079    264.474     49.467  49597.067    31.2297     7.7587     49.000     7.7493    24.3486     6.0050     8.5817     88.293    261.807    268.182   -0.00099    6.80118    9.71957  296.52091   15.31513 5.4832e-02     0.1902     0.8842    80.1736 0.0000e+00
       1064 318.466630    0.07384     4.4306    265.838     50.469  49613.863    31.2393     7.7486     50.000     7.7420    24.3576     5.9937     8.5656     88.113    261.314    267.679   -0.00167    6.80231    9.72118  296.56742   15.31731 5.0985e-02     0.2077     0.9674    78.5199 0.0000e+00
       1071 318.466648    0.07428     4.4569    267.417     51.501  49619.581    31.2422     7.7444     51.000     7.7390    24.3605     5.9961     8.5690     88.141    261.417    267.785   -0.00103    6.80285    9.72195  296.59023   15.31838 4.7668e-02     0.1918     0.9740    78.3873 0.0000e+00
       1076 318.466663    0.07462     4.4776    268.658     52.495  49623.366    31.2440     7.7424     52.000     7.7368    24.3623     5.9948     8.5671     88.118    261.359    267.726   -0.00077    6.80306    9.72226  296.59910   15.31880 4.5396e-02     0.2010     0.9887    78.0999 0.0000e+00
       1081 318.466678    0.07500     4.4999    269.994     53.503  49625.087    31.2445     7.7402     53.000     7.7337    24.3628     5.9957     8.5685     88.128    261.400    267.768   -0.00063    6.80338    9.72272  296.61295   15.31946 4.3473e-02     0.1860     0.9930    78.0156 0.0000e+00
