CTD-processing/allCTD/CNV/2021_11-14_t9_s06_cast018_4141.cnv
* Sea-Bird SBE19plus Data File:
* FileName = C:\Users\steve\Desktop\GWA\CTD\2021_11-14_T9\2021_11-14_T9_S0_cast018.hex
* Software Version 1.59
* Temperature SN =  4141
* Conductivity SN =  4141
* System UpLoad Time = Nov 24 2021 11:56:20
** Cook Inlet LTM AB
** Date: 11-14-2021
** Station:S06
** Start Time (AKST):15:22
** Depth (m):100
** Comment:
** Comment:
# nquan = 27
# nvalues = 95                          
# units = specified
# name 0 = scan: Scan Count
# name 1 = timeJ: Julian Days
# name 2 = timeH: Time, Elapsed [hours]
# name 3 = timeM: Time, Elapsed [minutes]
# name 4 = timeS: Time, Elapsed [seconds]
# name 5 = prdM: Pressure, Strain Gauge [db]
# name 6 = specc: Specific Conductance [uS/cm]
# name 7 = sal00: Salinity, Practical [PSU]
# name 8 = tv290C: Temperature [ITS-90, deg C]
# name 9 = depSM: Depth [salt water, m], lat = 59.00
# name 10 = potemp090C: Potential Temperature [ITS-90, deg C]
# name 11 = sigma-é00: Density [sigma-theta, kg/m^3]
# name 12 = sbeox0ML/L: Oxygen, SBE 43 [ml/l]
# name 13 = sbeox0Mg/L: Oxygen, SBE 43 [mg/l]
# name 14 = sbeox0PS: Oxygen, SBE 43 [% saturation]
# name 15 = sbox0Mm/Kg: Oxygen, SBE 43 [umol/kg]
# name 16 = sbeox0Mm/L: Oxygen, SBE 43 [umol/l]
# name 17 = sbox0dV/dT: Oxygen, SBE 43 [dov/dt]
# name 18 = oxsolML/L: Oxygen Saturation, Garcia & Gordon [ml/l]
# name 19 = oxsolMg/L: Oxygen Saturation, Garcia & Gordon [mg/l]
# name 20 = oxsolMm/Kg: Oxygen Saturation, Garcia & Gordon [umol/kg]
# name 21 = n2satMg/L: Nitrogen Saturation [mg/l]
# name 22 = par: PAR/Irradiance, Biospherical/Licor
# name 23 = wetStar: Fluorescence, WET Labs WETstar [mg/m^3]
# name 24 = CStarAt0: Beam Attenuation, WET Labs C-Star [1/m]
# name 25 = CStarTr0: Beam Transmission, WET Labs C-Star [%]
# name 26 = flag: flag
# span 0 =        312,        753       
# span 1 = 318.641202, 318.642477       
# span 2 =    0.02162,    0.05222       
# span 3 =     1.2970,     3.1336       
# span 4 =     77.820,    188.016       
# span 5 =      1.008,     95.895       
# span 6 =  48797.810,  49838.716       
# span 7 =    30.5880,    31.3433       
# span 8 =     7.0538,     7.8562       
# span 9 =      1.000,     95.000       
# span 10 =     7.0592,     7.8542      
# span 11 =    23.9313,    24.4673      
# span 12 =     5.9878,     6.1466      
# span 13 =     8.5571,     8.7840      
# span 14 =     87.616,     89.288      
# span 15 =    261.127,    268.087      
# span 16 =    267.414,    274.505      
# span 17 =   -0.00519,    0.00316      
# span 18 =    6.80064,    6.94100      
# span 19 =    9.71880,    9.91938      
# span 20 =  296.57591,  302.73667      
# span 21 =   15.31909,   15.61427      
# span 22 = 3.8792e-02, 1.9666e+01      
# span 23 =     0.1966,     0.2735      
# span 24 =     0.3401,     1.2662      
# span 25 =    72.8658,    91.8503      
# span 26 = 0.0000e+00, 0.0000e+00      
# interval = meters: 1                  
# start_time = Nov 14 2021 15:22:02 [Instrument's time stamp, header]
# bad_flag = -9.990e-29
*END*
        312 318.641202    0.02162     1.2970     77.820      1.008  48816.360    30.5926     7.0538      1.000     7.0592    23.9420     6.1466     8.7840     88.554    268.087    274.505    0.00306    6.94100    9.91938  302.73667   15.61427 1.9542e+01     0.2543     0.6535    84.9269 0.0000e+00
        317 318.641215    0.02195     1.3169     79.015      2.023  48845.040    30.6184     7.0916      2.000     7.1071    23.9573     6.0751     8.6819     87.616    264.965    271.313   -0.00519    6.93376    9.90904  302.41660   15.59890 1.8792e+01     0.2535     0.6512    84.9758 0.0000e+00
        321 318.641228    0.02224     1.3345     80.072      3.026  48797.810    30.5880     7.1083      3.000     7.1035    23.9313     6.1259     8.7546     88.366    267.191    273.585    0.00069    6.93248    9.90720  302.36841   15.59672 1.9666e+01     0.2591     0.6509    84.9823 0.0000e+00
        326 318.641240    0.02255     1.3531     81.185      4.034  48857.808    30.6311     7.1196      4.000     7.1445    23.9637     6.1231     8.7504     88.372    267.054    273.454    0.00039    6.92870    9.90180  302.19406   15.58823 1.7375e+01     0.2735     0.6461    85.0847 0.0000e+00
        331 318.641256    0.02292     1.3752     82.510      5.048  48929.598    30.6950     7.2068      5.000     7.2652    24.0025     6.1318     8.7629     88.714    267.427    273.846    0.00205    6.91188    9.87777  301.44910   15.55244 1.8329e+01     0.2612     0.6397    85.2206 0.0000e+00
        336 318.641270    0.02327     1.3961     83.767      6.063  48899.862    30.6981     7.3539      6.000     7.3860    23.9856     6.1331     8.7648     89.035    267.487    273.902    0.00316    6.88839    9.84419  300.42938   15.50379 1.5025e+01     0.2651     0.6244    85.5469 0.0000e+00
        340 318.641282    0.02355     1.4129     84.776      7.059  48861.450    30.6785     7.4001      7.000     7.4114    23.9640     6.1243     8.7522     88.990    267.110    273.511    0.00234    6.88197    9.83502  300.15563   15.49081 1.2734e+01     0.2632     0.6212    85.6158 0.0000e+00
        345 318.641297    0.02391     1.4346     86.077      8.080  48850.615    30.6741     7.4220      8.000     7.4273    23.9577     6.0984     8.7153     88.657    265.983    272.356   -0.00033    6.87870    9.83035  300.01501   15.48412 1.0853e+01     0.2703     0.6135    85.7814 0.0000e+00
        350 318.641311    0.02425     1.4547     87.281      9.084  48866.917    30.6887     7.4450      9.000     7.4562    23.9661     6.0814     8.6910     88.464    265.238    271.595   -0.00130    6.87442    9.82424  299.82607   15.47505 9.2663e+00     0.2595     0.6126    85.8012 0.0000e+00
        355 318.641324    0.02456     1.4738     88.426     10.103  48851.610    30.6810     7.4660     10.000     7.4681    23.9572     6.0753     8.6823     88.414    264.977    271.325   -0.00129    6.87144    9.81998  299.69869   15.46900 7.8142e+00     0.2609     0.6120    85.8137 0.0000e+00
        358 318.641335    0.02482     1.4893     89.359     11.094  48861.031    30.6880     7.4717     11.000     7.4766    23.9620     6.0716     8.6769     88.375    264.812    271.157   -0.00125    6.87023    9.81826  299.64474   15.46641 6.5188e+00     0.2555     0.6113    85.8276 0.0000e+00
        363 318.641349    0.02517     1.5099     90.591     12.123  48869.998    30.6968     7.4900     12.000     7.4941    23.9664     6.0722     8.6778     88.426    264.837    271.184   -0.00070    6.86695    9.81356  299.50015   15.45947 5.3903e+00     0.2613     0.6081    85.8983 0.0000e+00
        367 318.641361    0.02544     1.5259     91.557     13.113  48874.537    30.7008     7.4979     13.000     7.5028    23.9685     6.0706     8.6755     88.422    264.768    271.114   -0.00051    6.86554    9.81154  299.43793   15.45649 4.6962e+00     0.2593     0.6089    85.8779 0.0000e+00
        372 318.641376    0.02579     1.5477     92.859     14.142  48865.215    30.6957     7.5092     14.000     7.5080    23.9630     6.0600     8.6603     88.287    264.305    270.639   -0.00116    6.86399    9.80933  299.37194   15.45336 4.1195e+00     0.2497     0.5994    86.0833 0.0000e+00
        376 318.641387    0.02606     1.5638     93.826     15.140  48872.115    30.7001     7.5101     15.000     7.5113    23.9664     6.0685     8.6724     88.414    264.672    271.016   -0.00039    6.86364    9.80883  299.35561   15.45256 3.3612e+00     0.2505     0.6074    85.9109 0.0000e+00
        380 318.641398    0.02633     1.5798     94.791     16.149  48903.037    30.7224     7.5170     16.000     7.5319    23.9829     6.0665     8.6696     88.413    264.584    270.930   -0.00014    6.86156    9.80585  299.26000   15.44791 2.7954e+00     0.2708     0.6039    85.9879 0.0000e+00
        386 318.641414    0.02671     1.6025     96.147     17.160  48938.045    30.7561     7.5783     17.000     7.5961    24.0011     6.0592     8.6591     88.449    264.259    270.602   -0.00002    6.85043    9.78995  298.76955   15.42437 2.3670e+00     0.2725     0.5867    86.3566 0.0000e+00
        391 318.641430    0.02709     1.6254     97.523     18.170  48966.224    30.7834     7.6296     18.000     7.6491    24.0156     6.0552     8.6535     88.511    264.084    270.426    0.00034    6.84117    9.77671  298.36125   15.40478 2.0506e+00     0.2449     0.5841    86.4132 0.0000e+00
        396 318.641444    0.02743     1.6458     98.747     19.181  48950.073    30.7782     7.6699     19.000     7.6740    24.0060     6.0489     8.6444     88.496    263.808    270.140    0.00011    6.83511    9.76806  298.09997   15.39233 1.8028e+00     0.2399     0.5708    86.7013 0.0000e+00
        401 318.641457    0.02775     1.6650     99.899     20.197  48957.319    30.7844     7.6803     20.000     7.6849    24.0095     6.0419     8.6345     88.420    263.504    269.831   -0.00035    6.83320    9.76532  298.01524   15.38826 1.5004e+00     0.2303     0.5683    86.7556 0.0000e+00
        404 318.641468    0.02802     1.6809    100.855     21.193  48981.597    30.8032     7.6951     21.000     7.6990    24.0223     6.0343     8.6236     88.349    263.168    269.490   -0.00075    6.83006    9.76083  297.87468   15.38148 1.2726e+00     0.2463     0.5617    86.8997 0.0000e+00
        409 318.641483    0.02836     1.7020    102.122     22.208  49018.299    30.8307     7.7102     22.000     7.7288    24.0418     6.0321     8.6205     88.362    263.067    269.392   -0.00048    6.82647    9.75571  297.71264   15.37363 1.0785e+00     0.2314     0.5471    87.2170 0.0000e+00
        415 318.641499    0.02876     1.7253    103.520     23.221  49027.058    30.8464     7.7736     23.000     7.7843    24.0454     6.0349     8.6245     88.541    263.191    269.519    0.00055    6.81591    9.74062  297.25099   15.35153 9.4220e-01     0.2340     0.5465    87.2292 0.0000e+00
        420 318.641513    0.02909     1.7451    104.707     24.233  49017.327    30.8421     7.7922     24.000     7.7969    24.0395     6.0266     8.6126     88.454    262.828    269.146   -0.00001    6.81321    9.73676  297.13509   15.34602 7.9900e-01     0.2184     0.5540    87.0659 0.0000e+00
        424 318.641524    0.02934     1.7607    105.639     25.235  49044.684    30.8636     7.8105     25.000     7.8202    24.0539     6.0119     8.5916     88.288    262.185    268.491   -0.00110    6.80942    9.73134  296.96541   15.33784 6.8860e-01     0.2168     0.5579    86.9808 0.0000e+00
        428 318.641535    0.02962     1.7777    106.661     26.245  49039.416    30.8627     7.8310     26.000     7.8358    24.0503     6.0076     8.5856     88.266    262.002    268.303   -0.00100    6.80628    9.72685  296.82957   15.33135 5.8909e-01     0.2195     0.5549    87.0466 0.0000e+00
        432 318.641548    0.02993     1.7959    107.755     27.259  49049.449    30.8716     7.8459     27.000     7.8489    24.0552     6.0026     8.5783     88.226    261.777    268.074   -0.00101    6.80358    9.72299  296.71020   15.32563 4.8083e-01     0.2160     0.5511    87.1303 0.0000e+00
        436 318.641560    0.03022     1.8133    108.801     28.260  49069.436    30.8863     7.8535     28.000     7.8487    24.0657     5.9996     8.5741     88.207    261.646    267.943   -0.00086    6.80175    9.72039  296.62794   15.32164 4.1184e-01     0.2168     0.5503    87.1476 0.0000e+00
        441 318.641575    0.03057     1.8343    110.059     29.278  49085.002    30.8961     7.8499     29.000     7.8484    24.0740     5.9921     8.5633     88.095    261.316    267.607   -0.00130    6.80188    9.72057  296.63084   15.32173 3.7953e-01     0.2182     0.5437    87.2906 0.0000e+00
        446 318.641588    0.03089     1.8535    111.213     30.288  49090.587    30.9001     7.8536     30.000     7.8522    24.0766     5.9878     8.5571     88.041    261.127    267.414   -0.00120    6.80113    9.71949  296.59747   15.32013 3.2441e-01     0.2046     0.5468    87.2236 0.0000e+00
        450 318.641600    0.03118     1.8707    112.244     31.291  49092.790    30.9016     7.8562     31.000     7.8542    24.0774     5.9928     8.5643     88.121    261.346    267.639   -0.00070    6.80064    9.71880  296.57591   15.31909 2.8037e-01     0.2184     0.5502    87.1487 0.0000e+00
        455 318.641614    0.03151     1.8905    113.432     32.307  49106.364    30.9102     7.8532     32.000     7.8325    24.0846     5.9932     8.5650     88.127    261.364    267.659   -0.00012    6.80074    9.71893  296.57805   15.31916 2.4434e-01     0.2038     0.5483    87.1898 0.0000e+00
        459 318.641627    0.03183     1.9097    114.580     33.315  49232.324    30.9908     7.8106     33.000     7.7966    24.1538     5.9901     8.5605     88.042    261.210    267.519   -0.00104    6.80376    9.72325  296.68969   15.32416 2.1667e-01     0.2010     0.5392    87.3895 0.0000e+00
        464 318.641640    0.03214     1.9285    115.710     34.321  49272.016    31.0156     7.7949     34.000     7.7884    24.1754     6.0026     8.5782     88.207    261.746    268.074    0.00015    6.80507    9.72513  296.74088   15.32650 1.9175e-01     0.2204     0.4960    88.3397 0.0000e+00
        469 318.641654    0.03248     1.9491    116.946     35.340  49343.414    31.0636     7.7871     35.000     7.7817    24.2142     6.0144     8.5952     88.393    262.253    268.604    0.00095    6.80415    9.72381  296.68923   15.32383 1.6642e-01     0.1966     0.4544    89.2619 0.0000e+00
        473 318.641668    0.03281     1.9683    118.101     36.337  49364.956    31.0773     7.7813     36.000     7.7746    24.2257     6.0375     8.6283     88.729    263.260    269.637    0.00246    6.80445    9.72425  296.69921   15.32426 1.4890e-01     0.2122     0.4010    90.4610 0.0000e+00
        479 318.641685    0.03323     1.9937    119.622     37.356  49383.046    31.0877     7.7705     37.000     7.7614    24.2354     6.0568     8.6558     88.997    264.098    270.498    0.00286    6.80566    9.72597  296.74892   15.32659 1.3674e-01     0.2120     0.3805    90.9253 0.0000e+00
        485 318.641700    0.03358     2.0147    120.885     38.366  49408.156    31.1022     7.7542     38.000     7.7457    24.2491     6.0614     8.6623     89.039    264.291    270.701    0.00221    6.80754    9.72866  296.82704   15.33026 1.2644e-01     0.2036     0.3775    90.9934 0.0000e+00
        489 318.641712    0.03386     2.0317    121.900     39.382  49424.200    31.1116     7.7463     39.000     7.7363    24.2575     6.0618     8.6630     89.035    264.311    270.722    0.00146    6.80835    9.72980  296.85947   15.33176 1.1458e-01     0.2070     0.3770    91.0058 0.0000e+00
        492 318.641721    0.03407     2.0440    122.642     40.372  49441.622    31.1215     7.7344     40.000     7.7204    24.2669     6.0645     8.6667     89.055    264.423    270.839    0.00128    6.80976    9.73183  296.91859   15.33455 1.0465e-01     0.2263     0.3728    91.1006 0.0000e+00
        496 318.641732    0.03436     2.0614    123.684     41.385  49470.548    31.1380     7.7147     41.000     7.7041    24.2826     6.0686     8.6727     89.086    264.599    271.024    0.00098    6.81209    9.73516  297.01576   15.33912 9.5978e-02     0.2199     0.3615    91.3600 0.0000e+00
        502 318.641751    0.03480     2.0880    125.279     42.403  49491.714    31.1495     7.6976     42.000     7.6902    24.2941     6.0731     8.6791     89.124    264.791    271.224    0.00076    6.81422    9.73820  297.10508   15.34334 8.9731e-02     0.2104     0.3458    91.7176 0.0000e+00
        508 318.641767    0.03519     2.1114    126.683     43.427  49506.449    31.1582     7.6897     43.000     7.6850    24.3020     6.0731     8.6792     89.114    264.794    271.229    0.00043    6.81507    9.73941  297.13994   15.34496 8.4861e-02     0.2087     0.3414    91.8206 0.0000e+00
        511 318.641776    0.03539     2.1232    127.391     44.406  49509.597    31.1594     7.6874     44.000     7.6796    24.3033     6.0740     8.6804     89.122    264.830    271.267    0.00022    6.81538    9.73986  297.15293   15.34557 7.9478e-02     0.2070     0.3571    91.4598 0.0000e+00
        515 318.641788    0.03570     2.1421    128.529     45.445  49515.855    31.1621     7.6794     45.000     7.6725    24.3065     6.0824     8.6924     89.231    265.193    271.640    0.00074    6.81650    9.74146  297.20091   15.34786 7.4159e-02     0.2226     0.3403    91.8458 0.0000e+00
        518 318.641798    0.03592     2.1553    129.319     46.439  49531.338    31.1718     7.6755     46.000     7.6686    24.3147     6.0853     8.6964     89.270    265.316    271.767    0.00069    6.81668    9.74171  297.20618   15.34807 7.0235e-02     0.2005     0.3434    91.7725 0.0000e+00
        523 318.641812    0.03626     2.1754    130.522     47.439  49546.353    31.1811     7.6711     47.000     7.6655    24.3226     6.0853     8.6965     89.267    265.316    271.769    0.00045    6.81695    9.74209  297.21574   15.34849 6.6691e-02     0.2322     0.3401    91.8503 0.0000e+00
        530 318.641830    0.03670     2.2022    132.130     48.454  49567.590    31.1950     7.6685     48.000     7.6633    24.3339     6.0775     8.6853     89.155    264.973    271.420   -0.00040    6.81673    9.74179  297.20313   15.34783 6.4139e-02     0.2236     0.3417    91.8120 0.0000e+00
        535 318.641846    0.03707     2.2244    133.464     49.490  49593.639    31.2126     7.6681     49.000     7.6675    24.3478     6.0857     8.6971     89.286    265.329    271.789    0.00036    6.81602    9.74076  297.16771   15.34607 6.1457e-02     0.2240     0.3494    91.6369 0.0000e+00
        538 318.641854    0.03727     2.2366    134.196     50.491  49625.607    31.2357     7.6757     50.000     7.6739    24.3649     6.0839     8.6946     89.288    265.245    271.707    0.00039    6.81379    9.73760  297.06610   15.34111 5.8631e-02     0.2461     0.3898    90.7145 0.0000e+00
        541 318.641864    0.03750     2.2503    135.016     51.468  49621.042    31.2324     7.6779     51.000     7.6735    24.3620     6.0809     8.6903     89.248    265.117    271.575   -0.00002    6.81359    9.73730  297.05811   15.34075 5.6600e-02     0.2158     0.4153    90.1371 0.0000e+00
        548 318.641883    0.03797     2.2779    136.677     52.500  49621.164    31.2321     7.6782     52.000     7.6734    24.3617     6.0720     8.6775     89.116    264.727    271.176   -0.00068    6.81358    9.73728  297.05736   15.34072 5.4948e-02     0.2144     0.4179    90.0796 0.0000e+00
        554 318.641901    0.03839     2.3037    138.224     53.517  49623.479    31.2333     7.6784     53.000     7.6735    24.3627     6.0602     8.6605     88.943    264.209    270.646   -0.00146    6.81348    9.73714  297.05304   15.34051 5.3253e-02     0.2091     0.4147    90.1532 0.0000e+00
