CTD-processing/allCTD/CNV/2021_08-17_ab_s13_cast146_4141.cnv
* Sea-Bird SBE19plus Data File:
* FileName = C:\Users\steve\Desktop\GWA\CTD\2021_08-17_AB\2021_08-17_AB_S0_cast146.hex
* Software Version 1.59
* Temperature SN =  4141
* Conductivity SN =  4141
* System UpLoad Time = Aug 18 2021 09:50:25
** Cook Inlet LTM AlongBay
** Date: 08-17-2021
** Station:S13
** Start Time (AKDT):14:07
** Depth (m):28
** Comment:
** Comment:
# nquan = 27
# nvalues = 23                          
# units = specified
# name 0 = scan: Scan Count
# name 1 = timeJ: Julian Days
# name 2 = timeH: Time, Elapsed [hours]
# name 3 = timeM: Time, Elapsed [minutes]
# name 4 = timeS: Time, Elapsed [seconds]
# name 5 = prdM: Pressure, Strain Gauge [db]
# name 6 = specc: Specific Conductance [uS/cm]
# name 7 = sal00: Salinity, Practical [PSU]
# name 8 = tv290C: Temperature [ITS-90, deg C]
# name 9 = depSM: Depth [salt water, m], lat = 59.00
# name 10 = potemp090C: Potential Temperature [ITS-90, deg C]
# name 11 = sigma-é00: Density [sigma-theta, kg/m^3]
# name 12 = sbeox0ML/L: Oxygen, SBE 43 [ml/l]
# name 13 = sbeox0Mg/L: Oxygen, SBE 43 [mg/l]
# name 14 = sbeox0PS: Oxygen, SBE 43 [% saturation]
# name 15 = sbox0Mm/Kg: Oxygen, SBE 43 [umol/kg]
# name 16 = sbeox0Mm/L: Oxygen, SBE 43 [umol/l]
# name 17 = sbox0dV/dT: Oxygen, SBE 43 [dov/dt]
# name 18 = oxsolML/L: Oxygen Saturation, Garcia & Gordon [ml/l]
# name 19 = oxsolMg/L: Oxygen Saturation, Garcia & Gordon [mg/l]
# name 20 = oxsolMm/Kg: Oxygen Saturation, Garcia & Gordon [umol/kg]
# name 21 = n2satMg/L: Nitrogen Saturation [mg/l]
# name 22 = par: PAR/Irradiance, Biospherical/Licor
# name 23 = wetStar: Fluorescence, WET Labs WETstar [mg/m^3]
# name 24 = CStarAt0: Beam Attenuation, WET Labs C-Star [1/m]
# name 25 = CStarTr0: Beam Transmission, WET Labs C-Star [%]
# name 26 = flag: flag
# span 0 =        265,        369       
# span 1 = 229.588633, 229.588935       
# span 2 =    0.01831,    0.02557       
# span 3 =     1.0985,     1.5340       
# span 4 =     65.911,     92.041       
# span 5 =      1.014,     23.192       
# span 6 =  40944.639,  48922.959       
# span 7 =    25.7214,    31.0285       
# span 8 =     9.5381,    12.0167       
# span 9 =      1.000,     23.000       
# span 10 =     9.5231,    11.9526      
# span 11 =    19.3923,    23.9271      
# span 12 =     6.1891,     7.0690      
# span 13 =     8.8448,    10.1023      
# span 14 =     94.580,    110.772      
# span 15 =    269.945,    308.971      
# span 16 =    276.403,    315.702      
# span 17 =   -0.02643,    0.06332      
# span 18 =    6.37497,    6.54372      
# span 19 =    9.11047,    9.35161      
# span 20 =  278.71000,  285.41277      
# span 21 =   14.47543,   14.78530      
# span 22 = 3.3733e-01, 1.3001e+02      
# span 23 =     0.2884,     2.7809      
# span 24 =     0.8596,     2.3796      
# span 25 =    55.1772,    80.6628      
# span 26 = 0.0000e+00, 0.0000e+00      
# interval = meters: 1                  
# start_time = Aug 17 2021 14:06:32 [Instrument's time stamp, header]
# bad_flag = -9.990e-29
*END*
        265 229.588633    0.01831     1.0985     65.911      1.014  40944.639    25.7214    12.0167      1.000    11.9526    19.3923     7.0135    10.0230    109.355    307.265    313.224    0.06332    6.41353    9.16558  280.97974   14.59488 1.3001e+02     0.9936     2.3796    55.1772 0.0000e+00
        269 229.588646    0.01862     1.1173     67.040      2.018  42713.827    26.9389    11.8633      2.000    11.7348    20.3615     6.9310     9.9051    108.544    303.365    309.541    0.03747    6.38547    9.12548  279.48517   14.51830 6.7976e+01     0.9746     2.0458    59.9675 0.0000e+00
        274 229.588660    0.01896     1.1372     68.232      3.029  44778.709    28.3499    11.5240      3.000    11.4574    21.5138     6.8758     9.8263    107.857    300.607    307.074    0.02042    6.37497    9.11047  278.71000   14.47543 4.4762e+01     1.2056     1.4729    69.3036 0.0000e+00
        279 229.588674    0.01929     1.1574     69.441      4.036  44971.622    28.4763    11.4363      4.000    11.4269    21.6271     6.9571     9.9424    109.014    304.127    310.705    0.01916    6.38186    9.12032  278.98056   14.48787 3.4316e+01     1.7955     1.1966    74.1582 0.0000e+00
        284 229.588689    0.01964     1.1786     70.717      5.048  45253.421    28.6683    11.3820      5.000    11.2835    21.7854     7.0690    10.1023    110.772    308.971    315.702    0.02358    6.38155    9.11988  278.92384   14.48437 2.6562e+01     2.4158     1.1470    75.0716 0.0000e+00
        289 229.588704    0.02000     1.1997     71.985      6.058  46429.792    29.4592    11.0401      6.000    10.8838    22.4581     7.0394    10.0601    110.051    307.476    314.381    0.01171    6.39655    9.14131  279.39512   14.50373 2.0859e+01     2.6643     1.0956    76.0413 0.0000e+00
        294 229.588717    0.02033     1.2198     73.187      7.066  47251.939    30.0016    10.7112      7.000    10.6152    22.9354     6.9332     9.9082    107.994    302.695    309.637   -0.00467    6.42003    9.17486  280.28982   14.54436 1.6497e+01     2.6149     0.9850    78.1765 0.0000e+00
        299 229.588732    0.02067     1.2399     74.395      8.076  47612.445    30.2349    10.5323      8.000    10.4837    23.1469     6.8621     9.8065    106.630    299.527    306.461   -0.01180    6.43540    9.19683  280.90301   14.57277 1.3103e+01     2.7762     0.9472    78.9150 0.0000e+00
        303 229.588745    0.02099     1.2594     75.562      9.085  47921.524    30.4345    10.3806      9.000    10.2886    23.3274     6.8123     9.7355    105.643    297.303    304.238   -0.01377    6.44844    9.21548  281.42268   14.59683 1.0436e+01     2.7809     0.8975    79.9010 0.0000e+00
        308 229.588758    0.02131     1.2786     76.716     10.094  48208.965    30.6103    10.1617     10.000    10.0683    23.5004     6.7652     9.6682    104.531    295.199    302.136   -0.01612    6.47204    9.24919  282.40477   14.64311 8.4344e+00     2.6304     0.8957    79.9385 0.0000e+00
        313 229.588772    0.02164     1.2981     77.886     11.105  48450.155    30.7561     9.9687     11.000     9.9146    23.6454     6.6796     9.5458    102.869    291.421    298.311   -0.02049    6.49336    9.27966  283.29465   14.68509 6.8408e+00     2.0529     0.8596    80.6628 0.0000e+00
        317 229.588785    0.02195     1.3171     79.026     12.114  48573.489    30.8287     9.8587     12.000     9.8185    23.7198     6.5775     9.3999    101.099    286.944    293.751   -0.02478    6.50602    9.29775  283.82653   14.71024 5.5662e+00     1.3483     0.9341    79.1767 0.0000e+00
        322 229.588798    0.02226     1.3357     80.144     13.122  48662.100    30.8812     9.7847     13.000     9.7669    23.7726     6.4856     9.2686     99.558    282.921    289.647   -0.02643    6.51439    9.30972  284.17709   14.72679 4.4266e+00     0.8685     0.9955    77.9685 0.0000e+00
        326 229.588812    0.02258     1.3549     81.296     14.133  48706.310    30.9069     9.7454     14.000     9.7227    23.7990     6.4049     9.1533     98.250    279.393    286.042   -0.02609    6.51895    9.31623  284.36862   14.73585 3.4517e+00     0.7005     0.9858    78.1567 0.0000e+00
        331 229.588824    0.02290     1.3737     82.424     15.142  48762.034    30.9397     9.6989     15.000     9.6844    23.8321     6.3577     9.0857     97.446    277.323    283.932   -0.02317    6.52426    9.32382  284.59107   14.74636 2.7601e+00     0.5703     0.9410    79.0371 0.0000e+00
        335 229.588838    0.02321     1.3928     83.565     16.151  48787.381    30.9546     9.6788     16.000     9.6730    23.8468     6.3427     9.0644     97.183    276.666    283.264   -0.01795    6.52651    9.32703  284.68513   14.75079 2.2370e+00     0.5203     0.9396    79.0675 0.0000e+00
        340 229.588851    0.02354     1.4123     84.735     17.161  48802.497    30.9631     9.6661     17.000     9.6535    23.8555     6.3385     9.0584     97.097    276.483    283.078   -0.01299    6.52799    9.32916  284.74732   14.75373 1.7796e+00     0.4327     1.2308    73.5377 0.0000e+00
        345 229.588865    0.02386     1.4317     85.904     18.171  48831.172    30.9792     9.6379     18.000     9.6259    23.8726     6.3214     9.0340     96.786    275.734    282.317   -0.01066    6.53137    9.33399  284.89001   14.76049 1.3426e+00     0.4430     1.1485    75.0451 0.0000e+00
        349 229.588878    0.02419     1.4510     87.059     19.178  48850.555    30.9898     9.6182     19.000     9.6088    23.8840     6.2989     9.0017     96.405    274.744    281.307   -0.00980    6.53376    9.33740  284.99111   14.76528 1.0436e+00     0.3699     1.1598    74.8317 0.0000e+00
        354 229.588892    0.02452     1.4713     88.278     20.190  48866.057    30.9980     9.6006     20.000     9.5918    23.8932     6.2790     8.9733     96.068    273.875    280.419   -0.00863    6.53595    9.34053  285.08402   14.76969 8.0847e-01     0.3590     1.4876    69.0283 0.0000e+00
        359 229.588906    0.02486     1.4915     89.489     21.199  48880.557    31.0058     9.5851     21.000     9.5747    23.9018     6.2566     8.9413     95.698    272.896    279.419   -0.00800    6.53785    9.34324  285.16448   14.77351 5.8286e-01     0.3883     1.7231    65.0245 0.0000e+00
        364 229.588921    0.02521     1.5123     90.735     22.207  48903.966    31.0188     9.5623     22.000     9.5501    23.9155     6.2187     8.8872     95.078    271.240    277.727   -0.00897    6.54061    9.34718  285.28074   14.77901 4.2946e-01     0.3432     1.2683    72.8608 0.0000e+00
        369 229.588935    0.02557     1.5340     92.041     23.192  48922.959    31.0285     9.5381     23.000     9.5231    23.9271     6.1891     8.8448     94.580    269.945    276.403   -0.00906    6.54372    9.35161  285.41277   14.78530 3.3733e-01     0.2884     1.0222    77.3738 0.0000e+00
