CTD-processing/allCTD/CNV/2021_01-13_t9_s10_cast127_5028.cnv
* Sea-Bird SBE19plus Data File:
* FileName = C:\Users\steve\Desktop\GWA CTD\2021_01-13_T9\2020_12-28_T9_S0_cast127.hex
* Software Version 1.59
* Temperature SN =  5028
* Conductivity SN =  5028
* System UpLoad Time = Jan 14 2021 15:23:21
** Cook Inlet LTM T9
** Date: 01-13-2020
** Station:S10
** Start Time (AKST):15:25
** Depth (m):66
** Comment:
** Comment:
# nquan = 27
# nvalues = 58                          
# units = specified
# name 0 = scan: Scan Count
# name 1 = timeJ: Julian Days
# name 2 = timeH: Time, Elapsed [hours]
# name 3 = timeM: Time, Elapsed [minutes]
# name 4 = timeS: Time, Elapsed [seconds]
# name 5 = prdM: Pressure, Strain Gauge [db]
# name 6 = specc: Specific Conductance [uS/cm]
# name 7 = sal00: Salinity, Practical [PSU]
# name 8 = tv290C: Temperature [ITS-90, deg C]
# name 9 = depSM: Depth [salt water, m], lat = 59.00
# name 10 = potemp090C: Potential Temperature [ITS-90, deg C]
# name 11 = sigma-é00: Density [sigma-theta, kg/m^3]
# name 12 = sbeox0ML/L: Oxygen, SBE 43 [ml/l]
# name 13 = sbeox0Mg/L: Oxygen, SBE 43 [mg/l]
# name 14 = sbeox0PS: Oxygen, SBE 43 [% saturation]
# name 15 = sbox0Mm/Kg: Oxygen, SBE 43 [umol/kg]
# name 16 = sbeox0Mm/L: Oxygen, SBE 43 [umol/l]
# name 17 = sbox0dV/dT: Oxygen, SBE 43 [dov/dt]
# name 18 = oxsolML/L: Oxygen Saturation, Garcia & Gordon [ml/l]
# name 19 = oxsolMg/L: Oxygen Saturation, Garcia & Gordon [mg/l]
# name 20 = oxsolMm/Kg: Oxygen Saturation, Garcia & Gordon [umol/kg]
# name 21 = potemp090C: Potential Temperature [ITS-90, deg C]
# name 22 = n2satMg/L: Nitrogen Saturation [mg/l]
# name 23 = par: PAR/Irradiance, Biospherical/Licor
# name 24 = flECO-AFL: Fluorescence, WET Labs ECO-AFL/FL [mg/m^3]
# name 25 = turbWETntu0: Turbidity, WET Labs ECO [NTU]
# name 26 = flag: flag
# span 0 =        251,        497       
# span 1 =  13.642854,  13.643565       
# span 2 =    0.01739,    0.03444       
# span 3 =     1.0435,     2.0664       
# span 4 =     62.609,    123.986       
# span 5 =      1.010,     58.556       
# span 6 =  49776.247,  50134.156       
# span 7 =    30.7094,    31.1253       
# span 8 =     4.2480,     5.2577       
# span 9 =      1.000,     58.000       
# span 10 =     4.2475,     5.2537      
# span 11 =    24.3500,    24.5823      
# span 12 =     5.1021,    10.0219      
# span 13 =     7.2914,    14.3222      
# span 14 =     68.897,    138.420      
# span 15 =    222.443,    436.843      
# span 16 =    227.860,    447.575      
# span 17 =   -0.03187,    0.07947      
# span 18 =    7.21458,    7.41239      
# span 19 =   10.31036,   10.59304      
# span 20 =  314.47469,  323.16576      
# span 21 =     4.2477,     5.2534      
# span 22 =   16.17132,   16.58647      
# span 23 = 3.7976e-02, 1.8397e+01      
# span 24 =     0.2581,     0.3093      
# span 25 =     1.8808,     3.4070      
# span 26 = 0.0000e+00, 0.0000e+00      
# interval = meters: 1                  
# start_time = Jan 13 2021 15:24:40 [Instrument's time stamp, header]
# bad_flag = -9.990e-29
*END*
        251  13.642854    0.01739     1.0435     62.609      1.010  49776.247    30.7134     4.2898      1.000     4.2751    24.3503     5.1021     7.2914     68.897    222.443    227.860    0.03461    7.40504   10.58254  322.84770     4.2898   16.57136 1.8397e+01     0.2979     2.3924 0.0000e+00
        256  13.642867    0.01769     1.0614     63.684      2.019  49780.743    30.7094     4.2606      2.000     4.2523    24.3500     5.6468     8.0699     76.199    246.195    252.190    0.06385    7.41052   10.59037  323.08644     4.2604   16.58273 1.0880e+01     0.2941     2.4188 0.0000e+00
        260  13.642878    0.01797     1.0782     64.692      3.029  49798.119    30.7182     4.2490      3.000     4.2485    24.3580     6.0908     8.7044     82.173    265.547    272.015    0.07947    7.41215   10.59271  323.15534     4.2489   16.58597 7.8956e+00     0.2897     2.3883 0.0000e+00
        264  13.642891    0.01826     1.0957     65.742      4.038  49797.779    30.7172     4.2480      4.000     4.2475    24.3574     6.3289     9.0446     85.382    275.927    282.648    0.07637    7.41239   10.59304  323.16576     4.2477   16.58647 5.5212e+00     0.2902     2.3767 0.0000e+00
        268  13.642902    0.01855     1.1129     66.775      5.047  49804.117    30.7212     4.2492      5.000     4.2514    24.3605     6.4035     9.1512     86.394    279.179    285.980    0.06221    7.41198   10.59246  323.14691     4.2489   16.58555 3.8563e+00     0.2949     2.3602 0.0000e+00
        272  13.642914    0.01883     1.1297     67.781      6.057  49815.621    30.7301     4.2561      6.000     4.2621    24.3669     6.4350     9.1963     86.839    280.552    287.389    0.04870    7.41028   10.59003  323.07096     4.2557   16.58191 2.6837e+00     0.2935     2.3467 0.0000e+00
        276  13.642925    0.01910     1.1460     68.760      7.066  49837.756    30.7480     4.2708      7.000     4.2835    24.3796     6.4798     9.2602     87.485    282.499    289.386    0.03948    7.40674   10.58497  322.91254     4.2704   16.57430 1.8657e+00     0.2914     2.3477 0.0000e+00
        280  13.642937    0.01937     1.1621     69.725      8.075  49871.351    30.7769     4.2996      8.000     4.3270    24.3998     6.5685     9.3871     88.764    286.364    293.351    0.03624    7.40012   10.57552  322.61781     4.2991   16.56017 1.3106e+00     0.2955     2.2944 0.0000e+00
        284  13.642948    0.01964     1.1786     70.716      9.085  49988.513    30.8739     4.3784      9.000     4.4451    24.4690     6.6990     9.5735     90.761    292.031    299.177    0.03731    7.38118   10.54845  321.77031     4.3778   16.51947 9.2622e-01     0.2983     2.1730 0.0000e+00
        288  13.642960    0.01993     1.1957     71.741     10.095  49940.882    30.8662     4.4926     10.000     4.5193    24.4517     6.8847     9.8390     93.531    300.135    307.473    0.04213    7.36114   10.51980  320.90174     4.4920   16.47819 6.7879e-01     0.2888     2.0135 0.0000e+00
        292  13.642972    0.02022     1.2129     72.773     11.104  49940.274    30.8762     4.5416     11.000     4.5629    24.4547     7.0552    10.0826     95.966    307.565    315.086    0.04416    7.35193   10.50664  320.49936     4.5408   16.45901 5.0302e-01     0.2946     1.9034 0.0000e+00
        296  13.642983    0.02049     1.2292     73.751     12.114  49959.160    30.8981     4.5849     12.000     4.6084    24.4678     7.1873    10.2713     97.878    313.317    320.983    0.04329    7.34315   10.49409  320.11255     4.5840   16.44052 3.7234e-01     0.3093     1.8808 0.0000e+00
        300  13.642995    0.02075     1.2452     74.710     13.123  49964.596    30.9112     4.6300     13.000     4.6469    24.4736     7.2983    10.4299     99.506    318.153    325.939    0.04146    7.33450   10.48174  319.73373     4.6291   16.42245 2.7614e-01     0.3023     1.9758 0.0000e+00
        304  13.643006    0.02104     1.2623     75.737     14.133  49971.048    30.9224     4.6634     14.000     4.6787    24.4791     7.3756    10.5405    100.650    321.524    329.395    0.03698    7.32803   10.47248  319.44980     4.6625   16.40890 2.0519e-01     0.2808     2.0716 0.0000e+00
        308  13.643018    0.02133     1.2796     76.775     15.142  49993.534    30.9450     4.6992     15.000     4.7208    24.4934     7.4286    10.6162    101.476    323.829    331.761    0.03159    7.32060   10.46187  319.12181     4.6981   16.39320 1.5174e-01     0.2655     2.1213 0.0000e+00
        312  13.643030    0.02161     1.2962     77.772     16.152  50003.801    30.9617     4.7459     16.000     4.7628    24.5018     7.4853    10.6972    102.377    326.297    334.293    0.02819    7.31154   10.44891  318.72394     4.7448   16.37420 1.1391e-01     0.2892     2.2350 0.0000e+00
        316  13.643041    0.02187     1.3125     78.749     17.161  49985.664    30.9554     4.7760     17.000     4.7802    24.4937     7.5596    10.8035    103.464    329.542    337.613    0.02679    7.30655   10.44178  318.50900     4.7748   16.36400 8.7657e-02     0.2983     2.3468 0.0000e+00
        320  13.643053    0.02215     1.3291     79.746     18.171  49981.769    30.9540     4.7844     18.000     4.7849    24.4917     7.6376    10.9150    104.552    332.943    341.097    0.02572    7.30514   10.43977  318.44807     4.7832   16.36111 7.0742e-02     0.2845     2.3849 0.0000e+00
        324  13.643064    0.02244     1.3463     80.778     19.180  49982.461    30.9545     4.7868     19.000     4.7873    24.4919     7.7204    11.0333    105.691    336.551    344.794    0.02482    7.30470   10.43915  318.42915     4.7854   16.36021 5.9360e-02     0.2840     2.3836 0.0000e+00
        328  13.643077    0.02273     1.3639     81.832     20.190  50006.028    30.9719     4.7948     20.000     4.8063    24.5048     7.8198    11.1752    107.085    340.878    349.231    0.02529    7.30243   10.43590  318.32609     4.7935   16.35523 5.1544e-02     0.2875     2.3823 0.0000e+00
        333  13.643089    0.02303     1.3818     82.909     21.199  50018.279    30.9865     4.8262     21.000     4.8370    24.5131     7.9463    11.3561    108.911    346.391    354.882    0.02776    7.29619   10.42699  318.05175     4.8248   16.34212 4.6418e-02     0.2875     2.4072 0.0000e+00
        337  13.643102    0.02333     1.3998     83.987     22.209  49998.656    30.9759     4.8418     22.000     4.8427    24.5032     8.0949    11.5683    110.980    352.869    361.515    0.03095    7.29398   10.42383  317.95818     4.8403   16.33772 4.3158e-02     0.2818     2.4305 0.0000e+00
        341  13.643114    0.02363     1.4178     85.066     23.218  50014.524    30.9883     4.8515     23.000     4.8576    24.5120     8.2392    11.7746    112.995    359.158    367.961    0.03293    7.29167   10.42052  317.85461     4.8500   16.33273 4.0932e-02     0.2771     2.4424 0.0000e+00
        346  13.643127    0.02395     1.4367     86.202     24.228  50024.988    30.9991     4.8704     24.000     4.8799    24.5185     8.3978    12.0013    115.231    366.071    375.047    0.03506    7.28785   10.41506  317.68608     4.8687   16.32467 3.9432e-02     0.2739     2.4808 0.0000e+00
        350  13.643140    0.02427     1.4557     87.343     25.237  50019.815    31.0002     4.8946     25.000     4.8970    24.5169     8.5647    12.2397    117.589    373.343    382.497    0.03715    7.28355   10.40892  317.49937     4.8929   16.31578 3.8472e-02     0.2676     2.5129 0.0000e+00
        355  13.643154    0.02457     1.4743     88.459     26.247  49997.635    30.9846     4.8951     26.000     4.8861    24.5045     8.7344    12.4823    119.908    380.747    390.077    0.03876    7.28423   10.40990  317.53291     4.8933   16.31744 3.8067e-02     0.2708     2.5131 0.0000e+00
        359  13.643167    0.02488     1.4931     89.584     27.257  49997.128    30.9803     4.8784     27.000     4.8715    24.5028     8.8877    12.7014    121.960    387.432    396.925    0.03841    7.28737   10.41438  317.67010     4.8765   16.32399 3.7986e-02     0.2763     2.5178 0.0000e+00
        364  13.643180    0.02522     1.5129     90.774     28.266  50006.617    30.9846     4.8705     28.000     4.8684    24.5071     9.0424    12.9225    124.063    394.172    403.833    0.03766    7.28854   10.41605  317.71989     4.8685   16.32634 3.7977e-02     0.2626     2.5089 0.0000e+00
        369  13.643194    0.02554     1.5323     91.935     29.275  50014.647    30.9899     4.8722     29.000     4.8737    24.5112     9.1987    13.1458    126.217    400.983    410.812    0.03775    7.28797   10.41524  317.69379     4.8702   16.32508 3.7976e-02     0.2651     2.4378 0.0000e+00
        373  13.643206    0.02583     1.5503     93.017     30.285  50021.414    30.9961     4.8816     30.000     4.8847    24.5150     9.3351    13.3409    128.124    406.932    416.908    0.03737    7.28602   10.41246  317.60769     4.8795   16.32095 3.7976e-02     0.2712     2.4465 0.0000e+00
        377  13.643218    0.02613     1.5677     94.062     31.295  50015.899    30.9938     4.8908     31.000     4.8894    24.5123     9.4555    13.5128    129.802    412.178    422.281    0.03625    7.28453   10.41032  317.54332     4.8886   16.31790 3.7976e-02     0.2801     2.4463 0.0000e+00
        381  13.643230    0.02642     1.5851     95.104     32.305  50006.141    30.9865     4.8901     32.000     4.8825    24.5066     9.5605    13.6630    131.236    416.760    426.973    0.03415    7.28502   10.41102  317.56644     4.8878   16.31903 3.7976e-02     0.2850     2.4576 0.0000e+00
        386  13.643243    0.02672     1.6030     96.182     33.314  50001.764    30.9800     4.8760     33.000     4.8682    24.5029     9.6523    13.7942    132.445    420.764    431.074    0.03109    7.28779   10.41499  317.68874     4.8737   16.32488 3.7976e-02     0.2781     2.4330 0.0000e+00
        390  13.643255    0.02701     1.6206     97.234     34.324  50014.911    30.9872     4.8701     34.000     4.8682    24.5093     9.7294    13.9042    133.490    424.119    434.513    0.02815    7.28847   10.41595  317.71616     4.8677   16.32615 3.7976e-02     0.2718     2.3564 0.0000e+00
        394  13.643267    0.02730     1.6379     98.272     35.334  50020.053    30.9908     4.8725     35.000     4.8727    24.5119     9.8017    14.0076    134.493    427.270    437.743    0.02596    7.28789   10.41512  317.68999     4.8700   16.32489 3.7976e-02     0.2746     2.3415 0.0000e+00
        398  13.643279    0.02759     1.6552     99.309     36.342  50027.713    30.9970     4.8792     36.000     4.8829    24.5161     9.8630    14.0952    135.362    429.941    440.481    0.02360    7.28640   10.41299  317.62371     4.8767   16.32171 3.7976e-02     0.2581     2.3770 0.0000e+00
        402  13.643291    0.02788     1.6727    100.361     37.352  50057.543    31.0210     4.8985     37.000     4.9144    24.5331     9.9141    14.1683    136.148    432.162    442.764    0.02137    7.28187   10.40652  317.42095     4.8959   16.31196 3.7976e-02     0.2724     2.4026 0.0000e+00
        407  13.643304    0.02818     1.6905    101.433     38.362  50055.621    31.0275     4.9373     38.000     4.9470    24.5341     9.9582    14.2312    136.886    434.081    444.731    0.01939    7.27476   10.39635  317.11055     4.9346   16.29717 3.7976e-02     0.2884     2.5064 0.0000e+00
        411  13.643316    0.02847     1.7081    102.488     39.372  50085.474    31.0537     4.9666     39.000     4.9910    24.5518     9.9871    14.2726    137.405    435.336    446.024    0.01702    7.26839   10.38725  316.82757     4.9638   16.28359 3.7976e-02     0.2898     2.5689 0.0000e+00
        415  13.643328    0.02876     1.7258    103.551     40.382  50134.156    31.1021     5.0403     40.000     5.0777    24.5823    10.0011    14.2926    137.886    435.933    446.649    0.01486    7.25320   10.36555  316.15621     5.0374   16.25145 3.7976e-02     0.2735     2.7369 0.0000e+00
        420  13.643341    0.02908     1.7445    104.670     41.391  50099.336    31.0941     5.1178     41.000     5.1301    24.5677    10.0219    14.3222    138.420    436.843    447.575    0.01367    7.24015   10.34690  315.59190     5.1148   16.22462 3.7976e-02     0.2873     2.9989 0.0000e+00
        424  13.643354    0.02939     1.7634    105.805     42.401  50077.187    31.0835     5.1421     42.000     5.1404    24.5567     9.9983    14.2885    138.165    435.820    446.522    0.00866    7.23645   10.34161  315.43377     5.1390   16.21714 3.7976e-02     0.2828     3.0666 0.0000e+00
        429  13.643367    0.02970     1.7824    106.941     43.410  50073.037    31.0800     5.1412     43.000     5.1375    24.5540     9.9680    14.2452    137.741    434.502    445.171    0.00380    7.23678   10.34208  315.44903     5.1380   16.21788 3.7976e-02     0.2823     3.1604 0.0000e+00
        433  13.643381    0.03003     1.8016    108.096     44.420  50078.470    31.0834     5.1416     44.000     5.1401    24.5566     9.9510    14.2209    137.510    433.759    444.411    0.00144    7.23654   10.34173  315.43760     5.1384   16.21732 3.7976e-02     0.2806     3.3230 0.0000e+00
        438  13.643393    0.03033     1.8199    109.195     45.429  50090.827    31.0925     5.1473     45.000     5.1513    24.5633     9.9135    14.1674    137.020    432.124    442.739   -0.00157    7.23511   10.33969  315.37330     5.1440   16.21423 3.7976e-02     0.2751     3.4070 0.0000e+00
        442  13.643406    0.03062     1.8374    110.244     46.439  50089.415    31.0940     5.1614     46.000     5.1624    24.5630     9.8811    14.1210    136.618    430.708    441.287   -0.00340    7.23260   10.33611  315.26418     5.1580   16.20902 3.7976e-02     0.2713     3.3519 0.0000e+00
        446  13.643418    0.03092     1.8551    111.304     47.449  50094.208    31.0989     5.1715     47.000     5.1732    24.5657     9.8403    14.0628    136.092    428.931    439.468   -0.00520    7.23062   10.33328  315.17697     5.1681   16.20485 3.7976e-02     0.2757     3.1657 0.0000e+00
        451  13.643431    0.03122     1.8735    112.407     48.458  50093.380    31.1001     5.1818     48.000     5.1819    24.5655     9.7817    13.9790    135.315    426.376    436.851   -0.00786    7.22879   10.33066  315.09721     5.1782   16.20105 3.7976e-02     0.2854     3.0177 0.0000e+00
        455  13.643443    0.03154     1.8921    113.526     49.468  50093.433    31.1012     5.1894     49.000     5.1880    24.5656     9.7107    13.8776    134.360    423.283    433.681   -0.01065    7.22742   10.32870  315.03721     5.1858   16.19819 3.7976e-02     0.2940     2.9621 0.0000e+00
        459  13.643456    0.03183     1.9099    114.592     50.478  50094.624    31.1023     5.1935     50.000     5.1922    24.5661     9.6353    13.7698    133.331    419.996    430.314   -0.01318    7.22665   10.32761  315.00390     5.1898   16.19660 3.7976e-02     0.2869     2.9322 0.0000e+00
        464  13.643469    0.03214     1.9286    115.715     51.488  50107.865    31.1129     5.2027     51.000     5.2066    24.5734     9.5383    13.6312    132.026    415.763    425.980   -0.01621    7.22456   10.32462  314.91049     5.1989   16.19211 3.7976e-02     0.2764     2.9486 0.0000e+00
        469  13.643483    0.03247     1.9483    116.896     52.497  50105.401    31.1143     5.2201     52.000     5.2201    24.5727     9.4211    13.4637    130.458    410.654    420.745   -0.01959    7.22150   10.32024  314.77711     5.2162   16.18576 3.7976e-02     0.2809     2.9459 0.0000e+00
        473  13.643496    0.03280     1.9681    118.086     53.508  50101.171    31.1124     5.2270     53.000     5.2239    24.5704     9.2926    13.2801    128.700    405.056    415.009   -0.02284    7.22039   10.31866  314.72954     5.2231   16.18350 3.7976e-02     0.2682     2.9527 0.0000e+00
