CTD-processing/allCTD/CNV/2021_04-16_ab_s02_cast016_5028.cnv
* Sea-Bird SBE19plus Data File:
* FileName = C:\Users\steve\Desktop\GWA\CTD\2021_04-16_AB\2021_04-16_AB_S0_cast016.hex
* Software Version 1.59
* Temperature SN =  5028
* Conductivity SN =  5028
* System UpLoad Time = Apr 17 2021 12:51:12
** Cook Inlet LTM AB
** Date: 04-16-2021
** Station:S02
** Start Time (AKDT):14:04
** Depth (m):125
** Comment:
** Comment:
# nquan = 27
# nvalues = 117                         
# units = specified
# name 0 = scan: Scan Count
# name 1 = timeJ: Julian Days
# name 2 = timeH: Time, Elapsed [hours]
# name 3 = timeM: Time, Elapsed [minutes]
# name 4 = timeS: Time, Elapsed [seconds]
# name 5 = prdM: Pressure, Strain Gauge [db]
# name 6 = specc: Specific Conductance [uS/cm]
# name 7 = sal00: Salinity, Practical [PSU]
# name 8 = tv290C: Temperature [ITS-90, deg C]
# name 9 = depSM: Depth [salt water, m], lat = 59.00
# name 10 = potemp090C: Potential Temperature [ITS-90, deg C]
# name 11 = sigma-é00: Density [sigma-theta, kg/m^3]
# name 12 = sbeox0ML/L: Oxygen, SBE 43 [ml/l]
# name 13 = sbeox0Mg/L: Oxygen, SBE 43 [mg/l]
# name 14 = sbeox0PS: Oxygen, SBE 43 [% saturation]
# name 15 = sbox0Mm/Kg: Oxygen, SBE 43 [umol/kg]
# name 16 = sbeox0Mm/L: Oxygen, SBE 43 [umol/l]
# name 17 = sbox0dV/dT: Oxygen, SBE 43 [dov/dt]
# name 18 = oxsolML/L: Oxygen Saturation, Garcia & Gordon [ml/l]
# name 19 = oxsolMg/L: Oxygen Saturation, Garcia & Gordon [mg/l]
# name 20 = oxsolMm/Kg: Oxygen Saturation, Garcia & Gordon [umol/kg]
# name 21 = potemp090C: Potential Temperature [ITS-90, deg C]
# name 22 = n2satMg/L: Nitrogen Saturation [mg/l]
# name 23 = par: PAR/Irradiance, Biospherical/Licor
# name 24 = flECO-AFL: Fluorescence, WET Labs ECO-AFL/FL [mg/m^3]
# name 25 = turbWETntu0: Turbidity, WET Labs ECO [NTU]
# name 26 = flag: flag
# span 0 =         54,        829       
# span 1 = 106.586380, 106.588622       
# span 2 =    0.00368,    0.05749       
# span 3 =     0.2210,     3.4492       
# span 4 =     13.260,    206.953       
# span 5 =      1.010,    118.138       
# span 6 =  48821.467,  51746.391       
# span 7 =    30.1945,    31.8414       
# span 8 =     3.4926,     4.3951       
# span 9 =      1.000,    117.000       
# span 10 =     3.4910,     4.2950      
# span 11 =    23.9318,    25.3086      
# span 12 =     6.5131,     7.8791      
# span 13 =     9.3079,    11.2600      
# span 14 =     87.839,    105.352      
# span 15 =    284.123,    343.217      
# span 16 =    290.877,    351.880      
# span 17 =   -0.00448,    0.04855      
# span 18 =    7.40509,    7.49701      
# span 19 =   10.58261,   10.71397      
# span 20 =  322.60453,  326.56507      
# span 21 =     3.4913,     4.3950      
# span 22 =   16.55594,   16.74379      
# span 23 = 3.7976e-02, 6.3478e+02      
# span 24 =     0.2190,     1.2440      
# span 25 =     0.4784,     1.7164      
# span 26 = 0.0000e+00, 0.0000e+00      
# interval = meters: 1                  
# start_time = Apr 16 2021 14:04:10 [Instrument's time stamp, header]
# bad_flag = -9.990e-29
*END*
[from data line 108]
        789 106.588508    0.05475     3.2849    197.091    110.057  51739.627    31.8383     3.6313    109.000     3.6248    25.3072     7.4926    10.7076    100.327    326.358    334.617   -0.00023    7.46814   10.67272  325.29482     3.6246   16.68315 3.7976e-02     0.5074     0.7504 0.0000e+00
        794 106.588521    0.05506     3.3034    198.203    111.068  51740.731    31.8388     3.6323    110.000     3.6259    25.3074     7.4908    10.7051    100.306    326.283    334.540   -0.00032    7.46794   10.67244  325.28623     3.6255   16.68274 3.7976e-02     0.4905     0.7551 0.0000e+00
        799 106.588535    0.05539     3.3234    199.405    112.078  51741.375    31.8389     3.6332    111.000     3.6267    25.3075     7.4876    10.7006    100.266    326.145    334.399   -0.00050    7.46777   10.67219  325.27849     3.6263   16.68237 3.7976e-02     0.4823     0.7318 0.0000e+00
        803 106.588548    0.05570     3.3421    200.524    113.087  51743.554    31.8403     3.6349    112.000     3.6289    25.3084     7.4845    10.6962    100.230    326.009    334.259   -0.00059    7.46739   10.67165  325.26179     3.6279   16.68157 3.7976e-02     0.5022     0.7360 0.0000e+00
        808 106.588562    0.05603     3.3620    201.718    114.098  51743.575    31.8403     3.6369    113.000     3.6304    25.3082     7.4802    10.6899    100.176    325.818    334.064   -0.00075    7.46702   10.67112  325.24578     3.6299   16.68081 3.7976e-02     0.4867     0.7697 0.0000e+00
        813 106.588575    0.05636     3.3816    202.898    115.108  51744.480    31.8408     3.6383    114.000     3.6318    25.3085     7.4801    10.6897    100.178    325.813    334.059   -0.00061    7.46673   10.67071  325.23321     3.6312   16.68021 3.7976e-02     0.4800     0.7908 0.0000e+00
        818 106.588590    0.05672     3.4029    204.174    116.118  51744.586    31.8407     3.6395    115.000     3.6326    25.3082     7.4821    10.6926    100.208    325.902    334.150   -0.00034    7.46653   10.67041  325.22414     3.6323   16.67978 3.7976e-02     0.4819     0.7943 0.0000e+00
        823 106.588605    0.05707     3.4242    205.449    117.128  51745.560    31.8410     3.6403    116.000     3.6335    25.3085     7.4828    10.6937    100.220    325.934    334.182   -0.00023    7.46637   10.67018  325.21720     3.6331   16.67945 3.7976e-02     0.4860     0.7743 0.0000e+00
        829 106.588622    0.05749     3.4492    206.953    118.138  51746.391    31.8414     3.6414    117.000     3.6345    25.3086     7.4792    10.6886    100.177    325.781    334.026   -0.00041    7.46610   10.66983  325.20610     3.6342   16.67892 3.7976e-02     0.4740     0.7795 0.0000e+00
