CTD-processing/allCTD/CNV/2021_05-01_t6_s01_cast028_4141.cnv
* Sea-Bird SBE19plus Data File:
* FileName = C:\Users\steve\Desktop\GWA\CTD\2021_05-01_T6\2021_05-01_T6_S_cast028.hex
* Software Version 1.59
* Temperature SN =  4141
* Conductivity SN =  4141
* System UpLoad Time = May 02 2021 12:49:34
** Cook Inlet LTM T6
** Date: 05-01-2021
** Station:S01
** Start Time (AKDT):16:54
** Depth (m):36
** Comment:
** Comment:
# nquan = 27
# nvalues = 35                          
# units = specified
# name 0 = scan: Scan Count
# name 1 = timeJ: Julian Days
# name 2 = timeH: Time, Elapsed [hours]
# name 3 = timeM: Time, Elapsed [minutes]
# name 4 = timeS: Time, Elapsed [seconds]
# name 5 = prdM: Pressure, Strain Gauge [db]
# name 6 = specc: Specific Conductance [uS/cm]
# name 7 = sal00: Salinity, Practical [PSU]
# name 8 = tv290C: Temperature [ITS-90, deg C]
# name 9 = depSM: Depth [salt water, m], lat = 59.00
# name 10 = potemp090C: Potential Temperature [ITS-90, deg C]
# name 11 = sigma-é00: Density [sigma-theta, kg/m^3]
# name 12 = sbeox0ML/L: Oxygen, SBE 43 [ml/l]
# name 13 = sbeox0Mg/L: Oxygen, SBE 43 [mg/l]
# name 14 = sbeox0PS: Oxygen, SBE 43 [% saturation]
# name 15 = sbox0Mm/Kg: Oxygen, SBE 43 [umol/kg]
# name 16 = sbeox0Mm/L: Oxygen, SBE 43 [umol/l]
# name 17 = sbox0dV/dT: Oxygen, SBE 43 [dov/dt]
# name 18 = oxsolML/L: Oxygen Saturation, Garcia & Gordon [ml/l]
# name 19 = oxsolMg/L: Oxygen Saturation, Garcia & Gordon [mg/l]
# name 20 = oxsolMm/Kg: Oxygen Saturation, Garcia & Gordon [umol/kg]
# name 21 = n2satMg/L: Nitrogen Saturation [mg/l]
# name 22 = par: PAR/Irradiance, Biospherical/Licor
# name 23 = wetStar: Fluorescence, WET Labs WETstar [mg/m^3]
# name 24 = CStarAt0: Beam Attenuation, WET Labs C-Star [1/m]
# name 25 = CStarTr0: Beam Transmission, WET Labs C-Star [%]
# name 26 = flag: flag
# span 0 =         89,        405       
# span 1 = 104.704294, 104.705208       
# span 2 =    0.00612,    0.02804       
# span 3 =     0.3671,     1.6823       
# span 4 =     22.029,    100.940       
# span 5 =      1.011,     35.282       
# span 6 =  51097.464,  51201.745       
# span 7 =    31.8087,    31.8661       
# span 8 =     5.1537,     5.1955       
# span 9 =      1.000,     35.000       
# span 10 =     5.1610,     5.1959      
# span 11 =    25.1292,    25.1723      
# span 12 =     6.8049,     7.2944      
# span 13 =     9.7250,    10.4245      
# span 14 =     94.650,    101.382      
# span 15 =    296.449,    317.770      
# span 16 =    303.910,    325.769      
# span 17 =   -0.00056,    0.03804      
# span 18 =    7.18962,    7.19957      
# span 19 =   10.27470,   10.28891      
# span 20 =  313.20591,  313.65207      
# span 21 =   16.10788,   16.12936      
# span 22 = 2.0647e+00, 1.4260e+02      
# span 23 =     0.3398,     1.1578      
# span 24 =     0.3986,     0.4559      
# span 25 =    89.2397,    90.5146      
# span 26 = 0.0000e+00, 0.0000e+00      
# interval = meters: 1                  
# start_time = Apr 14 2021 16:53:49 [Instrument's time stamp, header]
# bad_flag = -9.990e-29
*END*
         89 104.704294    0.00612     0.3671     22.029      1.011  51097.464    31.8087     5.1537      1.000     5.1637    25.1292     7.1066    10.1561     98.705    309.604    317.383   -0.00043    7.19957   10.28891  313.65207   16.12936 1.4260e+02     0.3398     0.4234    89.5043 0.0000e+00
        255 104.704776    0.01766     1.0599     63.595      2.028  51167.290    31.8638     5.1955      2.000     5.1959    25.1681     6.8049     9.7250     94.650    296.449    303.910    0.01894    7.18962   10.27470  313.20591   16.10788 1.2569e+02     0.4830     0.4559    89.2397 0.0000e+00
        254 104.704772    0.01759     1.0553     63.320      3.014  51158.093    31.8567     5.1946      3.000     5.1885    25.1627     7.0612    10.0912     98.207    307.614    315.354    0.03304    7.19013   10.27541  313.22932   16.10904 1.0148e+02     0.3973     0.4549    89.2521 0.0000e+00
        259 104.704786    0.01792     1.0749     64.491      4.042  51169.140    31.8609     5.1808      4.000     5.1791    25.1676     7.2524    10.3645    100.837    315.943    323.895    0.03804    7.19228   10.27849  313.32178   16.11342 9.1455e+01     0.3795     0.4285    89.8420 0.0000e+00
        263 104.704798    0.01821     1.0927     65.563      5.056  51171.234    31.8615     5.1791      5.000     5.1777    25.1683     7.2871    10.4139    101.314    317.451    325.441    0.03107    7.19255   10.27887  313.33311   16.11396 8.3700e+01     0.4176     0.4240    89.9421 0.0000e+00
        267 104.704808    0.01845     1.1071     66.424      6.048  51178.755    31.8661     5.1785      6.000     5.1796    25.1720     7.2911    10.4196    101.371    317.624    325.619    0.02491    7.19245   10.27872  313.32759   16.11367 8.1165e+01     0.5306     0.4262    89.8940 0.0000e+00
        271 104.704822    0.01878     1.1267     67.599      7.070  51173.146    31.8620     5.1799      7.000     5.1785    25.1685     7.2826    10.4075    101.255    317.257    325.242    0.01744    7.19239   10.27864  313.32613   16.11362 7.7386e+01     0.5998     0.4192    90.0507 0.0000e+00
        276 104.704835    0.01909     1.1452     68.713      8.075  51175.774    31.8632     5.1791      8.000     5.1792    25.1695     7.2693    10.3886    101.068    316.676    324.646    0.01194    7.19248   10.27877  313.32989   16.11379 7.3136e+01     0.7279     0.4223    89.9814 0.0000e+00
        280 104.704846    0.01936     1.1614     69.681      9.080  51174.313    31.8617     5.1796      9.000     5.1780    25.1684     7.2593    10.3742    100.929    316.240    324.199    0.00839    7.19245   10.27873  313.32900   16.11376 7.0352e+01     0.7473     0.4181    90.0738 0.0000e+00
        285 104.704861    0.01972     1.1834     71.004     10.092  51178.512    31.8643     5.1804     10.000     5.1806    25.1703     7.2538    10.3663    100.856    315.999    323.953    0.00550    7.19220   10.27837  313.31737   16.11320 6.4114e+01     0.8857     0.4148    90.1493 0.0000e+00
        291 104.704878    0.02013     1.2079     72.471     11.110  51176.354    31.8626     5.1817     11.000     5.1807    25.1688     7.2511    10.3626    100.821    315.885    323.836    0.00344    7.19206   10.27818  313.31174   16.11293 5.8810e+01     0.8470     0.4163    90.1153 0.0000e+00
        295 104.704891    0.02045     1.2268     73.608     12.117  51177.448    31.8628     5.1814     12.000     5.1803    25.1690     7.2553    10.3686    100.880    316.069    324.024    0.00278    7.19209   10.27822  313.31313   16.11300 5.1261e+01     0.8887     0.4184    90.0677 0.0000e+00
        300 104.704905    0.02077     1.2463     74.776     13.119  51178.398    31.8628     5.1805     13.000     5.1795    25.1691     7.2571    10.3712    100.902    316.146    324.103    0.00208    7.19225   10.27844  313.31988   16.11332 4.6092e+01     0.9043     0.4157    90.1299 0.0000e+00
        306 104.704922    0.02117     1.2704     76.227     14.140  51179.027    31.8628     5.1812     14.000     5.1801    25.1691     7.2547    10.3678    100.871    316.042    323.996    0.00118    7.19215   10.27829  313.31540   16.11311 4.0170e+01     0.9041     0.4119    90.2150 0.0000e+00
        310 104.704934    0.02148     1.2888     77.325     15.143  51180.405    31.8632     5.1808     15.000     5.1794    25.1695     7.2561    10.3697    100.889    316.103    324.059    0.00089    7.19220   10.27836  313.31736   16.11320 3.5442e+01     0.9055     0.4122    90.2078 0.0000e+00
        315 104.704947    0.02178     1.3064     78.385     16.142  51180.649    31.8628     5.1804     16.000     5.1789    25.1692     7.2523    10.3642    100.834    315.934    323.886    0.00035    7.19227   10.27847  313.32059   16.11336 3.1055e+01     0.9771     0.4153    90.1382 0.0000e+00
        320 104.704962    0.02215     1.3293     79.755     17.169  51177.385    31.8590     5.1751     17.000     5.1708    25.1667     7.2526    10.3647    100.824    315.950    323.901    0.00009    7.19335   10.28002  313.36872   16.11567 2.7318e+01     1.0232     0.4095    90.2680 0.0000e+00
        324 104.704974    0.02244     1.3464     80.786     18.173  51182.280    31.8608     5.1705     18.000     5.1671    25.1687     7.2555    10.3688    100.854    316.075    324.030    0.00014    7.19408   10.28106  313.39971   16.11713 2.3843e+01     0.9709     0.4112    90.2310 0.0000e+00
        328 104.704986    0.02272     1.3629     81.772     19.170  51186.828    31.8628     5.1674     19.000     5.1651    25.1707     7.2569    10.3708    100.867    316.136    324.094    0.00013    7.19450   10.28167  313.41772   16.11798 2.0831e+01     0.9413     0.4160    90.1238 0.0000e+00
        334 104.705002    0.02309     1.3855     83.128     20.192  51189.681    31.8639     5.1657     20.000     5.1641    25.1717     7.2483    10.3586    100.745    315.762    323.711   -0.00056    7.19475   10.28201  313.42784   16.11846 1.8282e+01     1.1578     0.4103    90.2511 0.0000e+00
        338 104.705016    0.02343     1.4059     84.354     21.206  51189.395    31.8632     5.1656     21.000     5.1637    25.1712     7.2469    10.3565    100.724    315.699    323.646   -0.00056    7.19479   10.28208  313.43008   16.11857 1.5991e+01     1.0422     0.4146    90.1527 0.0000e+00
        342 104.705027    0.02371     1.4224     85.345     22.205  51191.481    31.8641     5.1651     22.000     5.1636    25.1719     7.2475    10.3574    100.732    315.724    323.672   -0.00050    7.19483   10.28213  313.43140   16.11863 1.4007e+01     1.0253     0.4123    90.2072 0.0000e+00
        347 104.705040    0.02401     1.4404     86.426     23.215  51192.006    31.8639     5.1653     23.000     5.1638    25.1718     7.2524    10.3644    100.801    315.940    323.893   -0.00008    7.19480   10.28209  313.43018   16.11857 1.2163e+01     1.0792     0.4131    90.1887 0.0000e+00
        352 104.705054    0.02436     1.4612     87.672     24.233  51192.480    31.8638     5.1655     24.000     5.1635    25.1717     7.2542    10.3670    100.825    316.017    323.971    0.00000    7.19478   10.28206  313.42929   16.11853 1.0438e+01     1.0066     0.4146    90.1544 0.0000e+00
        356 104.705067    0.02467     1.4801     88.808     25.234  51192.976    31.8636     5.1654     25.000     5.1637    25.1715     7.2513    10.3628    100.784    315.889    323.841   -0.00023    7.19480   10.28209  313.43015   16.11857 8.9776e+00     0.9300     0.4098    90.2613 0.0000e+00
        361 104.705082    0.02501     1.5008     90.047     26.247  51193.256    31.8635     5.1660     26.000     5.1641    25.1714     7.2472    10.3571    100.730    315.715    323.662   -0.00052    7.19470   10.28195  313.42590   16.11837 7.7517e+00     0.9772     0.4084    90.2926 0.0000e+00
        366 104.705095    0.02534     1.5200     91.202     27.263  51193.589    31.8630     5.1655     27.000     5.1632    25.1711     7.2516    10.3633    100.789    315.905    323.857   -0.00017    7.19482   10.28211  313.43111   16.11862 6.7912e+00     0.9768     0.4109    90.2379 0.0000e+00
        370 104.705106    0.02559     1.5354     92.125     28.258  51195.410    31.8638     5.1654     28.000     5.1634    25.1717     7.2535    10.3659    100.815    315.985    323.939   -0.00008    7.19481   10.28210  313.43032   16.11857 6.0279e+00     1.0260     0.4129    90.1918 0.0000e+00
        375 104.705121    0.02596     1.5578     93.468     29.276  51196.058    31.8638     5.1654     29.000     5.1633    25.1717     7.2581    10.3726    100.880    316.189    324.148    0.00021    7.19479   10.28207  313.42969   16.11855 5.4017e+00     0.9768     0.4085    90.2923 0.0000e+00
        380 104.705137    0.02635     1.5808     94.845     30.291  51196.361    31.8635     5.1654     30.000     5.1631    25.1715     7.2563    10.3700    100.855    316.111    324.068   -0.00008    7.19481   10.28211  313.43068   16.11859 4.7398e+00     1.1259     0.4106    90.2440 0.0000e+00
        385 104.705149    0.02665     1.5986     95.914     31.292  51197.186    31.8636     5.1653     31.000     5.1631    25.1715     7.2571    10.3711    100.865    316.143    324.101   -0.00004    7.19481   10.28211  313.43090   16.11861 4.1333e+00     1.0100     0.4086    90.2897 0.0000e+00
        390 104.705165    0.02700     1.6202     97.214     32.302  51197.916    31.8636     5.1657     32.000     5.1633    25.1716     7.2595    10.3746    100.900    316.248    324.209    0.00008    7.19476   10.28204  313.42869   16.11850 3.6087e+00     0.9850     0.4017    90.4447 0.0000e+00
        395 104.705180    0.02737     1.6422     98.532     33.316  51198.554    31.8636     5.1658     33.000     5.1634    25.1716     7.2572    10.3713    100.869    316.151    324.108   -0.00018    7.19474   10.28201  313.42760   16.11845 3.1162e+00     1.0380     0.3986    90.5146 0.0000e+00
        400 104.705194    0.02770     1.6619     99.712     34.322  51198.087    31.8627     5.1657     34.000     5.1627    25.1709     7.2555    10.3689    100.845    316.077    324.033   -0.00029    7.19479   10.28207  313.42982   16.11856 2.6656e+00     1.0615     0.4030    90.4148 0.0000e+00
        405 104.705208    0.02804     1.6823    100.940     35.282  51201.745    31.8645     5.1641     35.000     5.1610    25.1723     7.2944    10.4245    101.382    317.770    325.769    0.00146    7.19498   10.28234  313.43778   16.11894 2.0647e+00     0.8229     0.4113    90.2266 0.0000e+00
