CTD-processing/allCTD/CNV/2021_08-17_t9_s10_cast156_4141.cnv
* Sea-Bird SBE19plus Data File:
* FileName = C:\Users\steve\Desktop\GWA\CTD\2021_08-17_T9\2021_08-17_T9_S0_cast156.hex
* Software Version 1.59
* Temperature SN =  4141
* Conductivity SN =  4141
* System UpLoad Time = Aug 18 2021 10:11:55
** Cook Inlet LTM T9
** Date: 08-17-2021
** Station:S10
** Start Time (AKDT):16:16
** Depth (m):62
** Comment:
** Comment:
# nquan = 27
# nvalues = 55                          
# units = specified
# name 0 = scan: Scan Count
# name 1 = timeJ: Julian Days
# name 2 = timeH: Time, Elapsed [hours]
# name 3 = timeM: Time, Elapsed [minutes]
# name 4 = timeS: Time, Elapsed [seconds]
# name 5 = prdM: Pressure, Strain Gauge [db]
# name 6 = specc: Specific Conductance [uS/cm]
# name 7 = sal00: Salinity, Practical [PSU]
# name 8 = tv290C: Temperature [ITS-90, deg C]
# name 9 = depSM: Depth [salt water, m], lat = 59.00
# name 10 = potemp090C: Potential Temperature [ITS-90, deg C]
# name 11 = sigma-é00: Density [sigma-theta, kg/m^3]
# name 12 = sbeox0ML/L: Oxygen, SBE 43 [ml/l]
# name 13 = sbeox0Mg/L: Oxygen, SBE 43 [mg/l]
# name 14 = sbeox0PS: Oxygen, SBE 43 [% saturation]
# name 15 = sbox0Mm/Kg: Oxygen, SBE 43 [umol/kg]
# name 16 = sbeox0Mm/L: Oxygen, SBE 43 [umol/l]
# name 17 = sbox0dV/dT: Oxygen, SBE 43 [dov/dt]
# name 18 = oxsolML/L: Oxygen Saturation, Garcia & Gordon [ml/l]
# name 19 = oxsolMg/L: Oxygen Saturation, Garcia & Gordon [mg/l]
# name 20 = oxsolMm/Kg: Oxygen Saturation, Garcia & Gordon [umol/kg]
# name 21 = n2satMg/L: Nitrogen Saturation [mg/l]
# name 22 = par: PAR/Irradiance, Biospherical/Licor
# name 23 = wetStar: Fluorescence, WET Labs WETstar [mg/m^3]
# name 24 = CStarAt0: Beam Attenuation, WET Labs C-Star [1/m]
# name 25 = CStarTr0: Beam Transmission, WET Labs C-Star [%]
# name 26 = flag: flag
# span 0 =        296,        545       
# span 1 = 229.678630, 229.679353       
# span 2 =    0.02046,    0.03779       
# span 3 =     1.2274,     2.2674       
# span 4 =     73.646,    136.046       
# span 5 =      1.011,     55.514       
# span 6 =  42015.352,  49179.891       
# span 7 =    26.5004,    31.2065       
# span 8 =     9.4644,    12.4589       
# span 9 =      1.000,     55.000       
# span 10 =     9.3819,    12.2591      
# span 11 =    19.9173,    24.0551      
# span 12 =     5.9529,     6.6459      
# span 13 =     8.5073,     9.4977      
# span 14 =     90.895,    104.755      
# span 15 =    259.617,    290.164      
# span 16 =    265.856,    296.805      
# span 17 =   -0.02714,    0.00477      
# span 18 =    6.32239,    6.54919      
# span 19 =    9.03532,    9.35944      
# span 20 =  276.84385,  285.62174      
# span 21 =   14.39354,   14.79479      
# span 22 = 7.9709e-02, 2.4479e+02      
# span 23 =     0.1811,     4.8147      
# span 24 =     0.4717,     1.3958      
# span 25 =    70.5490,    88.8763      
# span 26 = 0.0000e+00, 0.0000e+00      
# interval = meters: 1                  
# start_time = Aug 17 2021 16:16:00 [Instrument's time stamp, header]
# bad_flag = -9.990e-29
*END*
        296 229.678630    0.02046     1.2274     73.646      1.011  42015.352    26.5004    12.4589      1.000    12.2591    19.9173     6.6230     9.4649    104.755    290.006    295.782    0.00477    6.32239    9.03532  276.84385   14.39354 2.4479e+02     1.2094     1.3958    70.5490 0.0000e+00
        300 229.678644    0.02078     1.2468     74.807      2.018  43354.544    27.4019    12.0627      2.000    12.0001    20.6850     6.5488     9.3590    103.297    286.544    292.472   -0.00621    6.33981    9.06022  277.39795   14.41642 1.4607e+02     1.1630     1.2945    72.3629 0.0000e+00
        305 229.678657    0.02110     1.2660     75.957      3.029  43529.803    27.5167    11.9771      3.000    11.9666    20.7891     6.5855     9.4114    103.761    288.118    294.108   -0.00231    6.34679    9.07019  277.67496   14.42923 1.0079e+02     1.5052     1.1814    74.4288 0.0000e+00
        309 229.678670    0.02141     1.2844     77.065      4.037  43769.572    27.6820    11.9538      4.000    11.9171    20.9213     6.6173     9.4568    104.318    289.471    295.528    0.00204    6.34334    9.06526  277.48805   14.41960 7.3183e+01     2.1706     1.1710    74.6213 0.0000e+00
        314 229.678683    0.02172     1.3029     78.173      5.047  44571.101    28.2333    11.8452      5.000    11.7375    21.3675     6.6227     9.4646    104.526    289.584    295.771    0.00273    6.33598    9.05475  277.04515   14.39615 5.4212e+01     2.9452     1.1595    74.8364 0.0000e+00
        318 229.678696    0.02203     1.3218     79.309      6.056  45869.529    29.1143    11.5236      6.000    11.3105    22.1069     6.6372     9.4851    104.616    290.003    296.414    0.00212    6.34428    9.06661  277.20741   14.40036 4.1400e+01     3.9389     1.0346    77.2110 0.0000e+00
        323 229.678709    0.02235     1.3408     80.448      7.067  47202.078    29.9955    10.9782      7.000    10.7638    22.8852     6.6459     9.4977    104.113    290.164    296.805   -0.00139    6.38337    9.12248  278.70293   14.46842 3.3403e+01     4.8147     0.8106    81.6860 0.0000e+00
        327 229.678721    0.02265     1.3588     81.527      8.074  47751.807    30.3429    10.6205      8.000    10.5252    23.2162     6.5816     9.4059    102.540    287.267    293.936   -0.01054    6.41869    9.17295  280.15462   14.53651 2.8125e+01     4.0616     0.6238    85.5710 0.0000e+00
        332 229.678735    0.02297     1.3781     82.686      9.085  48044.437    30.5221    10.3895      9.000    10.2930    23.3941     6.5115     9.3056    101.055    284.156    290.804   -0.01619    6.44360    9.20855  281.19290   14.58548 2.4116e+01     3.0263     0.5362    87.4552 0.0000e+00
        337 229.678749    0.02330     1.3980     83.881     10.096  48322.844    30.6951    10.1995     10.000    10.1565    23.5603     6.4023     9.1497     99.060    279.349    285.930   -0.02242    6.46317    9.23652  282.00111   14.62345 2.0845e+01     2.2686     0.5069    88.0980 0.0000e+00
        341 229.678761    0.02361     1.4164     84.983     11.103  48443.782    30.7696    10.1151     11.000    10.0866    23.6322     6.2897     8.9887     97.184    274.416    280.901   -0.02714    6.47201    9.24915  282.36721   14.64066 1.8083e+01     1.5783     0.4799    88.6941 0.0000e+00
        345 229.678774    0.02392     1.4351     86.105     12.113  48520.097    30.8159    10.0569     12.000    10.0226    23.6777     6.2320     8.9062     96.198    271.885    278.323   -0.02513    6.47834    9.25819  282.63039   14.65307 1.5692e+01     1.2240     0.4717    88.8763 0.0000e+00
        350 229.678788    0.02424     1.4544     87.267     13.123  48660.042    30.9024     9.9636     13.000     9.9226    23.7603     6.1908     8.8472     95.419    270.062    276.479   -0.02180    6.48800    9.27200  283.02906   14.67179 1.3620e+01     0.9374     0.4751    88.8009 0.0000e+00
        355 229.678801    0.02455     1.4731     88.385     14.134  48753.715    30.9597     9.8981     14.000     9.8880    23.8157     6.1572     8.7993     94.800    268.584    274.980   -0.01915    6.49494    9.28192  283.31665   14.68532 1.1774e+01     0.7934     0.4929    88.4067 0.0000e+00
        359 229.678813    0.02485     1.4909     89.453     15.142  48774.729    30.9725     9.8859     15.000     9.8829    23.8277     6.1366     8.7698     94.465    267.683    274.061   -0.01553    6.49613    9.28362  283.36531   14.68759 1.0095e+01     0.6382     0.5074    88.0857 0.0000e+00
        363 229.678825    0.02515     1.5089     90.534     16.150  48779.708    30.9751     9.8821     16.000     9.8797    23.8303     6.1148     8.7387     94.124    266.732    273.088   -0.01324    6.49656    9.28423  283.38318   14.68844 8.6069e+00     0.5520     0.5131    87.9609 0.0000e+00
        368 229.678839    0.02547     1.5282     91.694     17.163  48779.943    30.9749     9.8818     17.000     9.8798    23.8302     6.1077     8.7285     94.013    266.422    272.770   -0.00994    6.49661    9.28431  283.38576   14.68856 7.4127e+00     0.5193     0.5338    87.5074 0.0000e+00
        372 229.678851    0.02577     1.5464     92.782     18.172  48789.685    30.9815     9.8833     18.000     9.8837    23.8351     6.1048     8.7244     93.976    266.292    272.639   -0.00738    6.49612    9.28361  283.36296   14.68744 6.3511e+00     0.5071     0.5568    86.9970 0.0000e+00
        376 229.678864    0.02607     1.5640     93.843     19.178  48781.875    30.9759     9.8859     19.000     9.8803    23.8303     6.1081     8.7291     94.029    266.439    272.788   -0.00499    6.49598    9.28341  283.35804   14.68723 5.4368e+00     0.5061     0.7411    83.2134 0.0000e+00
        381 229.678877    0.02639     1.5834     95.001     20.190  48783.067    30.9750     9.8756     20.000     9.8699    23.8313     6.1041     8.7234     93.946    266.265    272.610   -0.00394    6.49749    9.28557  283.42368   14.69038 4.6488e+00     0.5219     0.5578    86.9902 0.0000e+00
        386 229.678891    0.02672     1.6031     96.186     21.200  48800.615    30.9867     9.8734     21.000     9.8774    23.8408     6.0982     8.7149     93.856    266.003    272.344   -0.00336    6.49733    9.28533  283.41382   14.68986 3.9928e+00     0.4889     0.5408    87.3548 0.0000e+00
        390 229.678904    0.02703     1.6221     97.323     22.208  48800.896    30.9887     9.8908     22.000     9.8937    23.8395     6.0991     8.7163     93.908    266.045    272.387   -0.00213    6.49477    9.28166  283.30226   14.68452 3.3975e+00     0.5003     0.5630    86.8706 0.0000e+00
        395 229.678918    0.02736     1.6415     98.488     23.218  48792.681    30.9834     9.8988     23.000     9.8971    23.8342     6.0962     8.7120     93.876    265.916    272.254   -0.00160    6.49385    9.28035  283.26370   14.68269 2.8873e+00     0.5205     0.5713    86.6895 0.0000e+00
        400 229.678931    0.02769     1.6610     99.662     24.229  48792.354    30.9830     9.9006     24.000     9.8979    23.8336     6.0864     8.6981     93.730    265.493    271.820   -0.00205    6.49361    9.28002  283.25366   14.68221 2.4437e+00     0.4758     0.5795    86.5130 0.0000e+00
        404 229.678944    0.02799     1.6791    100.744     25.238  48793.529    30.9834     9.9003     25.000     9.8970    23.8340     6.0807     8.6898     93.640    265.239    271.562   -0.00206    6.49362    9.28003  283.25392   14.68222 2.0837e+00     0.4874     0.5802    86.4983 0.0000e+00
        408 229.678956    0.02828     1.6973    101.836     26.245  48798.011    30.9860     9.8991     26.000     9.8961    23.8362     6.0788     8.6872     93.611    265.158    271.478   -0.00167    6.49368    9.28012  283.25603   14.68231 1.7729e+00     0.4543     0.5848    86.3982 0.0000e+00
        413 229.678970    0.02862     1.7172    103.033     27.258  48799.807    30.9867     9.8985     27.000     9.8952    23.8369     6.0735     8.6796     93.529    264.928    271.243   -0.00174    6.49374    9.28021  283.25855   14.68244 1.5088e+00     0.4624     0.5775    86.5557 0.0000e+00
        418 229.678983    0.02894     1.7363    104.177     28.266  48801.008    30.9870     9.8971     28.000     9.8925    23.8373     6.0749     8.6815     93.547    264.987    271.303   -0.00112    6.49393    9.28047  283.26655   14.68282 1.2729e+00     0.4422     0.5827    86.4451 0.0000e+00
        422 229.678997    0.02925     1.7549    105.296     29.273  48813.341    30.9949     9.8949     29.000     9.8918    23.8439     6.0728     8.6786     93.516    264.896    271.212   -0.00107    6.49391    9.28044  283.26375   14.68265 1.0828e+00     0.4647     0.5814    86.4723 0.0000e+00
        427 229.679010    0.02958     1.7751    106.505     30.287  48831.660    31.0076     9.8961     30.000     9.8938    23.8536     6.0742     8.6807     93.548    264.956    271.276   -0.00061    6.49322    9.27946  283.23103   14.68103 9.2155e-01     0.4554     0.5828    86.4422 0.0000e+00
        432 229.679024    0.02990     1.7943    107.655     31.296  48857.996    31.0257     9.8961     31.000     9.8825    23.8678     6.0669     8.6703     93.446    264.634    270.951   -0.00101    6.49246    9.27837  283.19383   14.67918 7.8531e-01     0.4752     0.5677    86.7696 0.0000e+00
        436 229.679037    0.03022     1.8130    108.781     32.302  48923.834    31.0666     9.8566     32.000     9.8301    23.9061     6.0571     8.6563     93.239    264.198    270.514   -0.00192    6.49638    9.28398  283.35447   14.68670 6.7190e-01     0.4164     0.5547    87.0516 0.0000e+00
        441 229.679052    0.03057     1.8343    110.060     33.318  48982.942    31.1012     9.8048     33.000     9.7833    23.9414     6.0424     8.6353     92.927    263.546    269.856   -0.00316    6.50233    9.29249  283.60444   14.69851 5.8063e-01     0.4224     0.5357    87.4663 0.0000e+00
        446 229.679065    0.03088     1.8532    111.193     34.322  49001.612    31.1086     9.7633     34.000     9.7408    23.9539     6.0203     8.6037     92.507    262.578    268.868   -0.00462    6.50795    9.30051  283.84582   14.71003 4.9722e-01     0.3260     0.5932    86.2177 0.0000e+00
        450 229.679078    0.03119     1.8716    112.295     35.333  49030.077    31.1239     9.7298     35.000     9.7170    23.9711     6.0029     8.5788     92.181    261.815    268.091   -0.00537    6.51211    9.30646  284.02259   14.71842 4.2600e-01     0.3065     0.6443    85.1216 0.0000e+00
        455 229.679091    0.03152     1.8913    113.478     36.343  49041.263    31.1288     9.7109     36.000     9.7020    23.9781     5.9986     8.5726     92.079    261.623    267.897   -0.00434    6.51462    9.31005  284.13013   14.72354 3.6198e-01     0.2912     0.6845    84.2729 0.0000e+00
        460 229.679105    0.03185     1.9110    114.657     37.355  49050.569    31.1339     9.7027     37.000     9.6979    23.9834     5.9903     8.5607     91.938    261.261    267.528   -0.00393    6.51558    9.31141  284.17055   14.72546 3.0648e-01     0.2724     0.7036    83.8691 0.0000e+00
        464 229.679117    0.03214     1.9287    115.721     38.360  49049.779    31.1327     9.7010     38.000     9.6933    23.9827     5.9849     8.5531     91.851    261.027    267.287   -0.00338    6.51587    9.31182  284.18301   14.72606 2.6149e-01     0.2776     0.7128    83.6774 0.0000e+00
        469 229.679131    0.03248     1.9487    116.924     39.373  49057.660    31.1364     9.6902     39.000     9.6831    23.9874     5.9835     8.5511     91.810    260.965    267.225   -0.00259    6.51727    9.31383  284.24309   14.72892 2.2501e-01     0.2676     0.7155    83.6209 0.0000e+00
        473 229.679145    0.03281     1.9684    118.105     40.381  49061.876    31.1383     9.6847     40.000     9.6781    23.9897     5.9818     8.5486     91.774    260.890    267.148   -0.00218    6.51796    9.31482  284.27267   14.73033 1.9444e-01     0.2816     0.7238    83.4468 0.0000e+00
        478 229.679158    0.03312     1.9874    119.242     41.393  49064.276    31.1388     9.6791     41.000     9.6714    23.9910     5.9875     8.5567     91.850    261.137    267.401   -0.00110    6.51875    9.31595  284.30676   14.73195 1.7025e-01     0.2765     0.7289    83.3423 0.0000e+00
        482 229.679171    0.03343     2.0058    120.350     42.397  49072.128    31.1431     9.6730     42.000     9.6681    23.9954     5.9849     8.5530     91.800    261.022    267.285   -0.00109    6.51946    9.31695  284.33612   14.73334 1.5098e-01     0.2589     0.7318    83.2819 0.0000e+00
        487 229.679185    0.03377     2.0263    121.577     43.411  49074.942    31.1447     9.6730     43.000     9.6679    23.9965     5.9832     8.5505     91.775    260.947    267.208   -0.00102    6.51937    9.31684  284.33220   14.73314 1.3620e-01     0.2596     0.7136    83.6620 0.0000e+00
        492 229.679199    0.03412     2.0469    122.813     44.421  49077.155    31.1453     9.6693     44.000     9.6602    23.9977     5.9809     8.5473     91.734    260.849    267.108   -0.00094    6.51988    9.31756  284.35394   14.73419 1.2344e-01     0.2435     0.7066    83.8078 0.0000e+00
        497 229.679212    0.03442     2.0653    123.921     45.430  49088.780    31.1518     9.6597     45.000     9.6531    24.0043     5.9810     8.5474     91.718    260.847    267.108   -0.00087    6.52100    9.31916  284.40090   14.73641 1.1301e-01     0.2559     0.7114    83.7065 0.0000e+00
        501 229.679226    0.03475     2.0849    125.095     46.436  49115.237    31.1702     9.6614     46.000     9.6617    24.0184     5.9837     8.5513     91.775    260.965    267.233   -0.00040    6.51998    9.31770  284.35251   14.73402 1.0564e-01     0.2447     0.6596    84.8003 0.0000e+00
        507 229.679241    0.03512     2.1074    126.444     47.457  49140.242    31.1897     9.6793     47.000     9.6823    24.0308     5.9780     8.5432     91.735    260.713    266.978   -0.00042    6.51660    9.31287  284.20187   14.72673 9.9585e-02     0.2323     0.5689    86.7418 0.0000e+00
        511 229.679253    0.03541     2.1246    127.475     48.454  49133.889    31.1861     9.6895     48.000     9.6799    24.0264     5.9734     8.5366     91.683    260.511    266.770   -0.00070    6.51528    9.31099  284.14556   14.72406 9.5285e-02     0.2233     0.5081    88.0712 0.0000e+00
        516 229.679268    0.03576     2.1455    128.733     49.471  49135.338    31.1844     9.6716     49.000     9.6582    24.0280     5.9825     8.5496     91.785    260.909    267.178   -0.00004    6.51792    9.31476  284.26027   14.72955 9.1660e-02     0.2094     0.5054    88.1307 0.0000e+00
        521 229.679282    0.03610     2.1661    129.964     50.478  49133.612    31.1802     9.6520     50.000     9.6340    24.0278     5.9828     8.5500     91.748    260.923    267.192   -0.00023    6.52091    9.31903  284.39055   14.73580 8.9180e-02     0.1953     0.5183    87.8464 0.0000e+00
        526 229.679296    0.03644     2.1865    131.188     51.487  49152.602    31.1888     9.6194     51.000     9.6071    24.0398     5.9785     8.5438     91.621    260.730    266.998   -0.00096    6.52523    9.32520  284.57544   14.74460 8.6113e-02     0.1857     0.5586    86.9666 0.0000e+00
        531 229.679311    0.03679     2.2074    132.445     52.498  49179.891    31.2065     9.6107     52.000     9.6039    24.0549     5.9759     8.5402     91.574    260.614    266.883   -0.00103    6.52574    9.32594  284.59384   14.74541 8.4032e-02     0.2008     0.5613    86.9077 0.0000e+00
        536 229.679325    0.03713     2.2278    133.666     53.508  49179.814    31.2047     9.6011     53.000     9.5807    24.0551     5.9755     8.5395     91.547    260.594    266.863   -0.00088    6.52719    9.32801  284.65702   14.74844 8.2584e-02     0.1839     0.5172    87.8711 0.0000e+00
