CTD-processing/allCTD/CNV/2021_03-23_ab_s06_cast175_5028.cnv
* Sea-Bird SBE19plus Data File:
* FileName = C:\Users\steve\Desktop\GWA CTD\2021_03-23_AB\2021_03-23_AB_S0_cast175.hex
* Software Version 1.59
* Temperature SN =  5028
* Conductivity SN =  5028
* System UpLoad Time = Mar 24 2021 11:01:26
** Cook Inlet LTM AB
** Date: 03-23-2021
** Station:S06
** Start Time (AKDT):13:31
** Depth (m):103
** Comment:
** Comment:
# nquan = 27
# nvalues = 99                          
# units = specified
# name 0 = scan: Scan Count
# name 1 = timeJ: Julian Days
# name 2 = timeH: Time, Elapsed [hours]
# name 3 = timeM: Time, Elapsed [minutes]
# name 4 = timeS: Time, Elapsed [seconds]
# name 5 = prdM: Pressure, Strain Gauge [db]
# name 6 = specc: Specific Conductance [uS/cm]
# name 7 = sal00: Salinity, Practical [PSU]
# name 8 = tv290C: Temperature [ITS-90, deg C]
# name 9 = depSM: Depth [salt water, m], lat = 59.00
# name 10 = potemp090C: Potential Temperature [ITS-90, deg C]
# name 11 = sigma-é00: Density [sigma-theta, kg/m^3]
# name 12 = sbeox0ML/L: Oxygen, SBE 43 [ml/l]
# name 13 = sbeox0Mg/L: Oxygen, SBE 43 [mg/l]
# name 14 = sbeox0PS: Oxygen, SBE 43 [% saturation]
# name 15 = sbox0Mm/Kg: Oxygen, SBE 43 [umol/kg]
# name 16 = sbeox0Mm/L: Oxygen, SBE 43 [umol/l]
# name 17 = sbox0dV/dT: Oxygen, SBE 43 [dov/dt]
# name 18 = oxsolML/L: Oxygen Saturation, Garcia & Gordon [ml/l]
# name 19 = oxsolMg/L: Oxygen Saturation, Garcia & Gordon [mg/l]
# name 20 = oxsolMm/Kg: Oxygen Saturation, Garcia & Gordon [umol/kg]
# name 21 = potemp090C: Potential Temperature [ITS-90, deg C]
# name 22 = n2satMg/L: Nitrogen Saturation [mg/l]
# name 23 = par: PAR/Irradiance, Biospherical/Licor
# name 24 = flECO-AFL: Fluorescence, WET Labs ECO-AFL/FL [mg/m^3]
# name 25 = turbWETntu0: Turbidity, WET Labs ECO [NTU]
# name 26 = flag: flag
# span 0 =        201,        743       
# span 1 =  82.563472,  82.565042       
# span 2 =    0.01388,    0.05155       
# span 3 =     0.8329,     3.0928       
# span 4 =     49.974,    185.567       
# span 5 =      1.010,     99.958       
# span 6 =  50601.966,  51542.375       
# span 7 =    30.8263,    31.7222       
# span 8 =     2.3159,     3.7925       
# span 9 =      1.000,     99.000       
# span 10 =     2.3319,     3.7861      
# span 11 =    24.6063,    25.2025      
# span 12 =     6.6484,     9.6604      
# span 13 =     9.5013,    13.8057      
# span 14 =     85.578,    126.691      
# span 15 =    289.799,    420.856      
# span 16 =    296.920,    431.434      
# span 17 =   -0.01935,    0.04505      
# span 18 =    7.44475,    7.77310      
# span 19 =   10.63928,   11.10854      
# span 20 =  324.31066,  338.84297      
# span 21 =     2.3158,     3.7863      
# span 22 =   16.63685,   17.33064      
# span 23 = 3.7976e-02, 5.2243e+02      
# span 24 =     0.2905,     1.9814      
# span 25 =     0.5558,     1.2864      
# span 26 = 0.0000e+00, 0.0000e+00      
# interval = meters: 1                  
# start_time = Mar 23 2021 13:30:34 [Instrument's time stamp, header]
# bad_flag = -9.990e-29
*END*
[from data line 54]
        540  82.564452    0.03741     2.2446    134.678     55.526  51426.688    31.5859     3.3633     55.000     3.3584    25.1298     8.0405    11.4908    106.774    350.289    359.092   -0.00741    7.53045   10.76177  328.06580     3.3601   16.81587 4.2225e-02     0.3069     0.6594 0.0000e+00
        544  82.564465    0.03772     2.2630    135.777     56.536  51434.894    31.5905     3.3616     56.000     3.3593    25.1336     8.0241    11.4673    106.554    349.571    358.357   -0.00665    7.53054   10.76188  328.06809     3.3583   16.81596 4.0426e-02     0.3008     0.6559 0.0000e+00
        548  82.564477    0.03802     2.2811    136.867     57.546  51437.739    31.5926     3.3642     57.000     3.3619    25.1350     8.0147    11.4538    106.438    349.160    357.937   -0.00554    7.52995   10.76104  328.04189     3.3608   16.81471 3.8942e-02     0.3179     0.6420 0.0000e+00
        553  82.564491    0.03833     2.2998    137.988     58.556  51439.060    31.5935     3.3665     58.000     3.3641    25.1356     7.9960    11.4270    106.196    348.345    357.100   -0.00523    7.52945   10.76035  328.02038     3.3631   16.81368 3.8093e-02     0.3414     0.6664 0.0000e+00
        557  82.564502    0.03861     2.3168    139.008     59.565  51440.889    31.5948     3.3689     59.000     3.3667    25.1365     7.9829    11.4084    106.030    347.776    356.517   -0.00492    7.52895   10.75963  327.99833     3.3654   16.81263 3.7998e-02     0.3199     0.6891 0.0000e+00
        562  82.564516    0.03893     2.3357    140.141     60.575  51441.129    31.5952     3.3716     60.000     3.3687    25.1365     7.9680    11.3871    105.839    347.126    355.851   -0.00449    7.52844   10.75888  327.97569     3.3680   16.81155 3.7978e-02     0.2929     0.6648 0.0000e+00
        566  82.564528    0.03923     2.3536    141.217     61.585  51440.934    31.5948     3.3726     61.000     3.3691    25.1361     7.9449    11.3540    105.533    346.117    354.817   -0.00495    7.52827   10.75865  327.96881     3.3690   16.81123 3.7976e-02     0.2985     0.6715 0.0000e+00
        570  82.564540    0.03952     2.3714    142.282     62.595  51443.044    31.5959     3.3733     62.000     3.3703    25.1369     7.9324    11.3362    105.370    345.574    354.261   -0.00457    7.52808   10.75839  327.96033     3.3696   16.81082 3.7976e-02     0.2991     0.6623 0.0000e+00
        574  82.564553    0.03982     2.3895    143.370     63.605  51445.929    31.5978     3.3753     63.000     3.3735    25.1383     7.9172    11.3146    105.176    344.914    353.584   -0.00439    7.52761   10.75771  327.93925     3.3716   16.80981 3.7976e-02     0.3105     0.6689 0.0000e+00
        579  82.564566    0.04014     2.4085    144.507     64.614  51448.026    31.6000     3.3801     64.000     3.3787    25.1396     7.9004    11.2905    104.967    344.179    352.832   -0.00428    7.52661   10.75628  327.89515     3.3763   16.80770 3.7976e-02     0.3151     0.6679 0.0000e+00
        583  82.564579    0.04044     2.4265    145.588     65.624  51448.792    31.6012     3.3850     65.000     3.3828    25.1402     7.8848    11.2682    104.773    343.500    352.136   -0.00418    7.52564   10.75489  327.85273     3.3812   16.80568 3.7976e-02     0.3006     0.6804 0.0000e+00
        588  82.564592    0.04075     2.4454    146.721     66.634  51445.998    31.5993     3.3870     66.000     3.3816    25.1385     7.8672    11.2430    104.542    342.733    351.348   -0.00422    7.52536   10.75449  327.84108     3.3831   16.80514 3.7976e-02     0.2912     0.6669 0.0000e+00
        592  82.564605    0.04107     2.4645    147.872     67.644  51444.053    31.5960     3.3811     67.000     3.3730    25.1363     7.8481    11.2157    104.270    341.901    350.495   -0.00446    7.52663   10.75630  327.89704     3.3772   16.80781 3.7976e-02     0.2994     0.6311 0.0000e+00
        597  82.564619    0.04142     2.4849    149.092     68.653  51449.254    31.5966     3.3720     68.000     3.3645    25.1377     7.8298    11.1896    104.005    341.106    349.681   -0.00455    7.52828   10.75867  327.96884     3.3680   16.81122 3.7976e-02     0.3086     0.5923 0.0000e+00
        602  82.564633    0.04175     2.5046    150.275     69.662  51455.970    31.5986     3.3639     69.000     3.3582    25.1400     7.8194    11.1748    103.848    340.652    349.216   -0.00414    7.52969   10.76069  328.02950     3.3598   16.81410 3.7976e-02     0.3134     0.5843 0.0000e+00
        607  82.564647    0.04209     2.5257    151.543     70.673  51468.301    31.6064     3.3639     70.000     3.3631    25.1462     7.8068    11.1567    103.686    340.100    348.652   -0.00374    7.52929   10.76011  328.00994     3.3598   16.81313 3.7976e-02     0.3140     0.5937 0.0000e+00
        612  82.564661    0.04243     2.5459    152.756     71.682  51471.778    31.6106     3.3729     71.000     3.3718    25.1487     7.7966    11.1421    103.577    339.655    348.197   -0.00327    7.52739   10.75740  327.92645     3.3687   16.80916 3.7976e-02     0.3137     0.5994 0.0000e+00
        617  82.564677    0.04279     2.5675    154.049     72.692  51478.466    31.6165     3.3803     72.000     3.3810    25.1528     7.7829    11.1225    103.417    339.055    347.583   -0.00309    7.52573   10.75501  327.85252     3.3761   16.80562 3.7976e-02     0.3133     0.6113 0.0000e+00
        622  82.564690    0.04311     2.5868    155.207     73.702  51494.278    31.6312     3.3979     73.000     3.4040    25.1629     7.7752    11.1115    103.370    338.717    347.240   -0.00255    7.52172   10.74928  327.67464     3.3935   16.79710 3.7976e-02     0.3247     0.6116 0.0000e+00
        626  82.564703    0.04343     2.6060    156.357     74.712  51487.081    31.6314     3.4199     74.000     3.4217    25.1612     7.7667    11.0994    103.313    338.346    346.859   -0.00215    7.51763   10.74344  327.49700     3.4155   16.78866 3.7976e-02     0.3236     0.5919 0.0000e+00
        631  82.564716    0.04374     2.6245    157.467     75.722  51485.029    31.6327     3.4325     75.000     3.4328    25.1611     7.7525    11.0790    103.157    337.727    346.225   -0.00235    7.51522   10.74000  327.39205     3.4281   16.78367 3.7976e-02     0.3008     0.5745 0.0000e+00
        635  82.564729    0.04405     2.6429    158.572     76.732  51483.589    31.6337     3.4425     76.000     3.4416    25.1611     7.7360    11.0556    102.964    337.011    345.492   -0.00273    7.51333   10.73729  327.30961     3.4379   16.77974 3.7976e-02     0.3014     0.5613 0.0000e+00
        640  82.564743    0.04438     2.6629    159.773     77.741  51482.516    31.6345     3.4506     77.000     3.4487    25.1610     7.7163    11.0273    102.722    336.151    344.608   -0.00317    7.51178   10.73509  327.24239     3.4460   16.77655 3.7976e-02     0.3018     0.5558 0.0000e+00
        644  82.564755    0.04468     2.6812    160.872     78.751  51481.873    31.6351     3.4565     78.000     3.4538    25.1609     7.7046    11.0107    102.582    335.644    344.089   -0.00313    7.51067   10.73350  327.19386     3.4518   16.77424 3.7976e-02     0.3223     0.5637 0.0000e+00
        649  82.564769    0.04501     2.7008    162.047     79.761  51482.923    31.6365     3.4611     79.000     3.4587    25.1616     7.6952    10.9971    102.469    335.231    343.666   -0.00285    7.50974   10.73216  327.15315     3.4564   16.77229 3.7976e-02     0.3242     0.5846 0.0000e+00
        653  82.564781    0.04531     2.7185    163.108     80.770  51486.330    31.6398     3.4672     80.000     3.4661    25.1637     7.6898    10.9895    102.416    334.997    343.427   -0.00247    7.50844   10.73031  327.09596     3.4623   16.76956 3.7976e-02     0.3256     0.5760 0.0000e+00
        658  82.564795    0.04563     2.7376    164.255     81.780  51486.822    31.6417     3.4753     81.000     3.4740    25.1645     7.6826    10.9793    102.342    334.684    343.107   -0.00218    7.50684   10.72803  327.02609     3.4705   16.76624 3.7976e-02     0.3419     0.5763 0.0000e+00
        662  82.564807    0.04593     2.7559    165.351     82.790  51489.968    31.6455     3.4840     82.000     3.4839    25.1668     7.6756    10.9693    102.273    334.380    342.795   -0.00201    7.50504   10.72545  326.94672     3.4791   16.76245 3.7976e-02     0.3420     0.6223 0.0000e+00
        667  82.564821    0.04627     2.7761    166.569     83.800  51494.266    31.6511     3.4966     83.000     3.4982    25.1701     7.6633    10.9516    102.144    333.840    342.242   -0.00208    7.50243   10.72172  326.83217     3.4916   16.75698 3.7976e-02     0.3380     0.6053 0.0000e+00
        672  82.564835    0.04659     2.7954    167.721     84.810  51494.592    31.6548     3.5125     84.000     3.5130    25.1717     7.6516    10.9348    102.030    333.327    341.718   -0.00212    7.49931   10.71726  326.69562     3.5074   16.75048 3.7976e-02     0.3367     0.5732 0.0000e+00
        677  82.564849    0.04692     2.8153    168.919     85.820  51488.053    31.6525     3.5232     85.000     3.5198    25.1689     7.6400    10.9182    101.900    332.822    341.199   -0.00220    7.49744   10.71459  326.61514     3.5181   16.74666 3.7976e-02     0.3418     0.6025 0.0000e+00
        681  82.564862    0.04724     2.8347    170.079     86.830  51487.825    31.6527     3.5266     86.000     3.5226    25.1687     7.6321    10.9070    101.804    332.480    340.849   -0.00213    7.49682   10.71370  326.58799     3.5214   16.74537 3.7976e-02     0.3416     0.6039 0.0000e+00
        686  82.564876    0.04757     2.8540    171.243     87.840  51494.529    31.6577     3.5305     87.000     3.5297    25.1724     7.6264    10.8990    101.742    332.233    340.596   -0.00192    7.49584   10.71230  326.54423     3.5252   16.74327 3.7976e-02     0.3335     0.5976 0.0000e+00
        690  82.564887    0.04786     2.8715    172.290     88.850  51505.006    31.6677     3.5439     88.000     3.5472    25.1791     7.6245    10.8963    101.758    332.150    340.513   -0.00142    7.49286   10.70805  326.41239     3.5385   16.73696 3.7976e-02     0.3410     0.5900 0.0000e+00
        695  82.564901    0.04818     2.8908    173.446     89.860  51511.804    31.6771     3.5651     89.000     3.5718    25.1848     7.6146    10.8821    101.685    331.717    340.070   -0.00139    7.48847   10.70178  326.21950     3.5597   16.72775 3.7976e-02     0.3323     0.5719 0.0000e+00
        699  82.564914    0.04849     2.9094    174.561     90.869  51532.482    31.6989     3.5978     90.000     3.6142    25.1991     7.6036    10.8663    101.635    331.231    339.578   -0.00135    7.48135   10.69160  325.90469     3.5923   16.71270 3.7976e-02     0.3462     0.5882 0.0000e+00
        704  82.564928    0.04883     2.9297    175.780     91.879  51527.151    31.7079     3.6502     91.000     3.6620    25.2015     7.5985    10.8590    101.703    331.005    339.348   -0.00063    7.47127   10.67719  325.46465     3.6447   16.69175 3.7976e-02     0.3523     0.6244 0.0000e+00
        709  82.564941    0.04915     2.9488    176.928     92.889  51518.230    31.7102     3.6859     92.000     3.6931    25.2000     7.5856    10.8405    101.620    330.445    338.772   -0.00080    7.46463   10.66770  325.17581     3.6802   16.67801 3.7976e-02     0.3572     0.6486 0.0000e+00
        714  82.564957    0.04951     2.9708    178.248     93.899  51514.711    31.7152     3.7177     93.000     3.7229    25.2011     7.5582    10.8014    101.336    329.251    337.548   -0.00197    7.45855   10.65901  324.91057     3.7119   16.66538 3.7976e-02     0.3540     0.6572 0.0000e+00
        719  82.564970    0.04983     2.9899    179.392     94.909  51510.454    31.7178     3.7419     94.000     3.7446    25.2009     7.5492    10.7885    101.277    328.859    337.147   -0.00180    7.45399   10.65250  324.71230     3.7360   16.65594 3.7976e-02     0.3610     0.6750 0.0000e+00
        724  82.564985    0.05019     3.0112    180.669     95.919  51510.087    31.7222     3.7628     95.000     3.7652    25.2025     7.5377    10.7721    101.177    328.357    336.633   -0.00173    7.44996   10.64674  324.53634     3.7568   16.64756 3.7976e-02     0.3562     0.7046 0.0000e+00
        728  82.564997    0.05048     3.0287    181.724     96.929  51504.273    31.7217     3.7790     96.000     3.7780    25.2006     7.5275    10.7576    101.080    327.914    336.178   -0.00184    7.44703   10.64255  324.40905     3.7730   16.64151 3.7976e-02     0.3425     0.7669 0.0000e+00
        733  82.565011    0.05082     3.0492    182.955     97.939  51498.788    31.7198     3.7885     97.000     3.7843    25.1982     7.5091    10.7313    100.856    327.114    335.357   -0.00240    7.44540   10.64022  324.33867     3.7824   16.63817 3.7976e-02     0.3517     0.9158 0.0000e+00
        737  82.565024    0.05113     3.0676    184.055     98.948  51496.853    31.7188     3.7918     98.000     3.7860    25.1971     7.4979    10.7153    100.712    326.626    334.857   -0.00261    7.44486   10.63945  324.31573     3.7856   16.63708 3.7976e-02     0.3588     1.0293 0.0000e+00
        743  82.565042    0.05155     3.0928    185.567     99.958  51496.386    31.7181     3.7925     99.000     3.7861    25.1966     7.4884    10.7017    100.586    326.211    334.431   -0.00227    7.44475   10.63928  324.31066     3.7863   16.63685 3.7976e-02     0.3613     1.1366 0.0000e+00
