CTD-processing/allCTD/CNV/2021_05-23_t9_s07_cast060_4141.cnv
* Sea-Bird SBE19plus Data File:
* FileName = C:\Users\steve\Desktop\GWA\CTD\2021_05-23_T9\2021_05-23_T9_S0_cast060.hex
* Software Version 1.59
* Temperature SN =  4141
* Conductivity SN =  4141
* System UpLoad Time = May 24 2021 14:39:39
** Cook Inlet LTM T9
** Date: 05-23-2021
** Station:S07
** Start Time (AKDT):15:41
** Depth (m):102
** Comment:
** Comment:
# nquan = 27
# nvalues = 94                          
# units = specified
# name 0 = scan: Scan Count
# name 1 = timeJ: Julian Days
# name 2 = timeH: Time, Elapsed [hours]
# name 3 = timeM: Time, Elapsed [minutes]
# name 4 = timeS: Time, Elapsed [seconds]
# name 5 = prdM: Pressure, Strain Gauge [db]
# name 6 = specc: Specific Conductance [uS/cm]
# name 7 = sal00: Salinity, Practical [PSU]
# name 8 = tv290C: Temperature [ITS-90, deg C]
# name 9 = depSM: Depth [salt water, m], lat = 59.00
# name 10 = potemp090C: Potential Temperature [ITS-90, deg C]
# name 11 = sigma-é00: Density [sigma-theta, kg/m^3]
# name 12 = sbeox0ML/L: Oxygen, SBE 43 [ml/l]
# name 13 = sbeox0Mg/L: Oxygen, SBE 43 [mg/l]
# name 14 = sbeox0PS: Oxygen, SBE 43 [% saturation]
# name 15 = sbox0Mm/Kg: Oxygen, SBE 43 [umol/kg]
# name 16 = sbeox0Mm/L: Oxygen, SBE 43 [umol/l]
# name 17 = sbox0dV/dT: Oxygen, SBE 43 [dov/dt]
# name 18 = oxsolML/L: Oxygen Saturation, Garcia & Gordon [ml/l]
# name 19 = oxsolMg/L: Oxygen Saturation, Garcia & Gordon [mg/l]
# name 20 = oxsolMm/Kg: Oxygen Saturation, Garcia & Gordon [umol/kg]
# name 21 = n2satMg/L: Nitrogen Saturation [mg/l]
# name 22 = par: PAR/Irradiance, Biospherical/Licor
# name 23 = wetStar: Fluorescence, WET Labs WETstar [mg/m^3]
# name 24 = CStarAt0: Beam Attenuation, WET Labs C-Star [1/m]
# name 25 = CStarTr0: Beam Transmission, WET Labs C-Star [%]
# name 26 = flag: flag
# span 0 =        265,        670       
# span 1 = 126.654446, 126.655617       
# span 2 =    0.01836,    0.04649       
# span 3 =     1.1018,     2.7892       
# span 4 =     66.105,    167.350       
# span 5 =      1.019,     94.893       
# span 6 =  48659.117,  51317.448       
# span 7 =    30.5282,    31.7655       
# span 8 =     4.4943,     7.4396       
# span 9 =      1.000,     94.000       
# span 10 =     4.4877,     7.3745      
# span 11 =    23.8554,    25.1656      
# span 12 =     6.8824,     8.1741      
# span 13 =     9.8356,    11.6815      
# span 14 =     99.664,    117.511      
# span 15 =    300.198,    356.483      
# span 16 =    307.367,    365.055      
# span 17 =   -0.01859,    0.08028      
# span 18 =    6.88034,    7.31648      
# span 19 =    9.83270,   10.45597      
# span 20 =  300.10994,  318.73289      
# span 21 =   15.48906,   16.37136      
# span 22 = 4.1254e-02, 7.7637e+02      
# span 23 =     0.1436,     3.3535      
# span 24 =     0.5676,     1.4455      
# span 25 =    69.6701,    86.7711      
# span 26 = 0.0000e+00, 0.0000e+00      
# interval = meters: 1                  
# start_time = May 06 2021 15:41:18 [Instrument's time stamp, header]
# bad_flag = -9.990e-29
*END*
        265 126.654446    0.01836     1.1018     66.105      1.019  48701.201    30.5763     7.4396      1.000     7.3745    23.8783     6.8824     9.8356    100.027    300.198    307.367    0.01966    6.88034    9.83270  300.10994   15.48906 7.7637e+02     0.9807     1.2702    72.7935 0.0000e+00
        270 126.654460    0.01869     1.1216     67.296      2.017  48835.845    30.6542     7.3461      2.000     7.3491    23.9520     7.3126    10.4504    106.108    318.941    326.580    0.04423    6.89159    9.84878  300.57912   15.51111 5.0700e+02     0.9976     1.2842    72.5392 0.0000e+00
        275 126.654473    0.01902     1.1411     68.467      3.036  48659.117    30.5282     7.3286      3.000     7.2085    23.8554     7.9319    11.3356    114.953    345.988    354.241    0.08028    6.90008    9.86092  300.97798   15.53066 3.5233e+02     0.9382     1.2956    72.3339 0.0000e+00
        279 126.654484    0.01928     1.1567     69.400      4.033  48751.647    30.5506     7.0787      4.000     6.9464    23.9057     8.1540    11.6529    117.511    355.656    364.158    0.07728    6.93893    9.91642  302.65730   15.61066 2.3541e+02     1.0138     1.3773    70.8689 0.0000e+00
        283 126.654496    0.01957     1.1746     70.478      5.048  49010.715    30.6743     6.7558      5.000     6.6289    24.0443     8.1741    11.6815    117.018    356.483    365.055    0.05352    6.98537    9.98279  304.64152   15.70475 1.4761e+02     1.3927     1.3364    71.6003 0.0000e+00
        287 126.654508    0.01987     1.1922     71.533      6.061  49221.844    30.7775     6.5149      6.000     6.4183    24.1557     8.1565    11.6564    116.192    355.676    364.268    0.03418    7.01985   10.03206  306.11199   15.77441 9.8515e+01     2.2738     1.2556    73.0595 0.0000e+00
        291 126.654520    0.02014     1.2082     72.492      7.060  49387.782    30.8676     6.3807      7.000     6.3219    24.2431     8.1389    11.6312    115.647    354.879    363.482    0.02294    7.03770   10.05758  306.86426   15.80990 6.9179e+01     2.6500     1.1855    74.3528 0.0000e+00
        296 126.654533    0.02046     1.2272     73.634      8.083  49511.648    30.9247     6.2287      8.000     6.1655    24.3066     8.1274    11.6149    115.118    354.358    362.971    0.01378    7.06011   10.08960  307.82235   15.85531 4.8590e+01     3.3535     1.0860    76.2229 0.0000e+00
        299 126.654544    0.02072     1.2431     74.587      9.077  49593.424    30.9526     6.0791      9.000     5.9278    24.3466     8.0783    11.5447    114.042    352.202    360.777    0.00485    7.08367   10.12327  308.83755   15.90356 3.5812e+01     2.5273     1.0188    77.5198 0.0000e+00
        304 126.654558    0.02106     1.2637     75.824     10.098  50075.104    31.2192     5.7405     10.000     5.6763    24.5968     7.9648    11.3825    111.742    347.166    355.705   -0.00841    7.12777   10.18631  310.68468   15.99046 2.7012e+01     2.3820     0.8381    81.0966 0.0000e+00
        309 126.654572    0.02139     1.2831     76.983     11.105  50244.049    31.3129     5.6286     11.000     5.5966    24.6837     7.8622    11.2358    110.081    342.668    351.125   -0.01490    7.14222   10.20694  311.28780   16.01880 2.1296e+01     1.6410     0.7867    82.1456 0.0000e+00
        314 126.654585    0.02171     1.3022     78.131     12.112  50344.108    31.3716     5.5804     12.000     5.5703    24.7357     7.7843    11.1245    108.908    339.255    347.646   -0.01711    7.14759   10.21463  311.50617   16.02896 1.6881e+01     1.4131     0.7407    83.0964 0.0000e+00
        318 126.654598    0.02201     1.3209     79.253     13.125  50398.352    31.3998     5.5373     13.000     5.5036    24.7628     7.7564    11.0847    108.427    338.030    346.400   -0.01526    7.15355   10.22315  311.75792   16.04083 1.3420e+01     1.3880     0.6878    84.2019 0.0000e+00
        322 126.654610    0.02230     1.3382     80.292     14.133  50536.065    31.4837     5.4859     14.000     5.4893    24.8350     7.7368    11.0567    108.082    337.153    345.527   -0.01347    7.15827   10.22988  311.94107   16.04921 1.0887e+01     1.2170     0.6418    85.1774 0.0000e+00
        326 126.654622    0.02259     1.3556     81.334     15.143  50576.694    31.5147     5.5028     15.000     5.5191    24.8576     7.7422    11.0643    108.223    337.380    345.766   -0.00964    7.15393   10.22367  311.74516   16.03976 8.8153e+00     1.2423     0.6235    85.5669 0.0000e+00
        330 126.654634    0.02288     1.3727     82.363     16.149  50771.456    31.6631     5.5744     16.000     5.6485    24.9668     7.7595    11.0891    108.757    338.096    346.537   -0.00475    7.13474   10.19626  310.87600   15.99776 7.1882e+00     1.7246     0.5955    86.1686 0.0000e+00
        335 126.654647    0.02319     1.3912     83.474     17.165  50649.633    31.6059     5.7092     17.000     5.6931    24.9061     7.8135    11.1663    109.821    340.472    348.951    0.00203    7.11472   10.16766  310.02225   15.95732 5.9224e+00     1.1965     0.5676    86.7711 0.0000e+00
        339 126.654658    0.02346     1.4075     84.449     18.170  50563.937    31.5308     5.6324     18.000     5.5653    24.8555     7.8623    11.2360    110.252    342.614    351.130    0.00401    7.13123   10.19123  310.75653   15.99260 4.9281e+00     1.8532     0.5916    86.2531 0.0000e+00
        343 126.654669    0.02373     1.4236     85.416     19.176  50788.192    31.6684     5.5510     19.000     5.5611    24.9737     7.8710    11.2485    110.263    342.954    351.519    0.00290    7.13843   10.20153  311.03464   16.00529 4.0601e+00     1.6348     0.5918    86.2470 0.0000e+00
        347 126.654682    0.02404     1.4424     86.542     20.194  50649.524    31.5645     5.5130     20.000     5.4304    24.8959     7.8765    11.2564    110.164    343.221    351.766    0.00180    7.14983   10.21783  311.55503   16.03050 3.3565e+00     1.9866     0.5816    86.4662 0.0000e+00
        351 126.654693    0.02432     1.4588     87.527     21.196  50690.813    31.5589     5.3500     21.000     5.2528    24.9097     7.8364    11.1990    109.176    341.468    349.974   -0.00370    7.17785   10.25787  312.77169   16.08845 2.8031e+00     2.0008     0.5889    86.3089 0.0000e+00
        355 126.654706    0.02461     1.4768     88.611     22.210  50710.134    31.5219     5.1138     22.000     4.9997    24.9066     7.7881    11.1300    107.866    339.364    347.817   -0.00944    7.22016   10.31833  314.61632   16.17643 2.3372e+00     1.7728     0.6277    85.4786 0.0000e+00
        360 126.654718    0.02491     1.4945     89.668     23.219  50887.518    31.5998     4.9116     23.000     4.8670    24.9901     7.6968    10.9995    106.142    335.359    343.739   -0.01600    7.25140   10.36298  315.95186   16.23968 1.9411e+00     1.2006     0.6798    84.3699 0.0000e+00
        364 126.654730    0.02518     1.5108     90.649     24.226  50973.448    31.6448     4.8502     24.000     4.8321    25.0324     7.6209    10.8910    104.973    332.039    340.350   -0.01859    7.25990   10.37512  316.30909   16.25650 1.6011e+00     1.2803     0.6850    84.2602 0.0000e+00
        368 126.654743    0.02549     1.5295     91.769     25.237  50996.270    31.6516     4.8123     25.000     4.7953    25.0418     7.5612    10.8057    104.060    329.432    337.681   -0.01841    7.26618   10.38410  316.57992   16.26936 1.3321e+00     0.9815     0.6870    84.2184 0.0000e+00
        373 126.654756    0.02580     1.5482     92.894     26.249  50999.744    31.6462     4.7789     26.000     4.7552    25.0409     7.5258    10.7552    103.487    327.894    336.104   -0.01674    7.27228   10.39282  316.84591   16.28205 1.1016e+00     0.8073     0.7047    83.8480 0.0000e+00
        377 126.654768    0.02609     1.5653     93.917     27.253  51020.412    31.6493     4.7314     27.000     4.7124    25.0484     7.5030    10.7225    103.057    326.895    335.084   -0.01494    7.28043   10.40447  317.19895   16.29883 9.1246e-01     0.4620     0.7261    83.4006 0.0000e+00
        381 126.654781    0.02642     1.5853     95.116     28.270  51025.226    31.6432     4.6915     28.000     4.6658    25.0478     7.4925    10.7075    102.809    326.436    334.613   -0.01229    7.28773   10.41490  317.51700   16.31400 7.5122e-01     0.6135     0.7475    82.9550 0.0000e+00
        386 126.654794    0.02674     1.6040     96.241     29.272  51061.875    31.6558     4.6377     29.000     4.6160    25.0633     7.4737    10.6807    102.428    325.615    333.776   -0.01094    7.29655   10.42750  317.89642   16.33200 6.2045e-01     0.4291     0.7699    82.4920 0.0000e+00
        391 126.654809    0.02708     1.6249     97.495     30.289  51107.075    31.6779     4.6005     30.000     4.5924    25.0847     7.4489    10.6452    102.011    324.528    332.668   -0.01004    7.30202   10.43532  318.12814   16.34294 5.0860e-01     0.5333     0.7856    82.1682 0.0000e+00
        395 126.654822    0.02739     1.6435     98.611     31.293  51120.578    31.6838     4.5882     31.000     4.5802    25.0907     7.4326    10.6219    101.761    323.814    331.938   -0.00878    7.30390   10.43801  318.20835   16.34673 4.1593e-01     0.2963     0.7955    81.9647 0.0000e+00
        400 126.654836    0.02774     1.6643     99.858     32.307  51134.126    31.6895     4.5748     32.000     4.5698    25.0967     7.4165    10.5989    101.512    323.111    331.220   -0.00762    7.30598   10.44098  318.29697   16.35092 3.4222e-01     0.2982     0.7968    81.9384 0.0000e+00
        405 126.654850    0.02806     1.6835    101.012     33.314  51139.941    31.6921     4.5707     33.000     4.5677    25.0992     7.4120    10.5925    101.442    322.914    331.019   -0.00607    7.30658   10.44183  318.32221   16.35211 2.8095e-01     0.3135     0.8101    81.6667 0.0000e+00
        410 126.654863    0.02838     1.7027    102.163     34.325  51141.120    31.6922     4.5694     34.000     4.5668    25.0993     7.4093    10.5887    101.404    322.799    330.902   -0.00473    7.30679   10.44213  318.33134   16.35255 2.3466e-01     0.3934     0.8033    81.8063 0.0000e+00
        414 126.654875    0.02867     1.7204    103.223     35.333  51148.155    31.6964     4.5690     35.000     4.5686    25.1027     7.4070    10.5852    101.372    322.692    330.792   -0.00378    7.30665   10.44193  318.32416   16.35219 1.9460e-01     0.5032     0.8098    81.6720 0.0000e+00
        418 126.654886    0.02895     1.7367    104.204     36.337  51153.558    31.7007     4.5742     36.000     4.5760    25.1056     7.4079    10.5865    101.400    322.731    330.833   -0.00290    7.30553   10.44034  318.27456   16.34981 1.6288e-01     0.3634     0.8033    81.8051 0.0000e+00
        423 126.654901    0.02928     1.7568    105.407     37.359  51156.963    31.7054     4.5867     37.000     4.5881    25.1080     7.4095    10.5890    101.458    322.806    330.911   -0.00188    7.30311   10.43686  318.16796   16.34472 1.3697e-01     0.2077     0.7843    82.1950 0.0000e+00
        427 126.654912    0.02955     1.7734    106.404     38.361  51154.800    31.7045     4.5915     38.000     4.5911    25.1068     7.4104    10.5902    101.481    322.843    330.949   -0.00139    7.30229   10.43570  318.13299   16.34306 1.1742e-01     0.2248     0.7925    82.0285 0.0000e+00
        431 126.654925    0.02985     1.7913    107.481     39.370  51163.212    31.7115     4.5994     39.000     4.6014    25.1116     7.4077    10.5864    101.468    322.724    330.828   -0.00115    7.30057   10.43324  318.05620   16.33938 1.0140e-01     0.2538     0.7861    82.1582 0.0000e+00
        435 126.654937    0.03016     1.8097    108.583     40.387  51152.084    31.7047     4.6054     40.000     4.5974    25.1056     7.4138    10.5950    101.561    322.990    331.099   -0.00049    7.29984   10.43221  318.02675   16.33800 8.8823e-02     0.2141     0.7838    82.2052 0.0000e+00
        439 126.654948    0.03043     1.8254    109.526     41.385  51163.602    31.7099     4.5956     41.000     4.5888    25.1107     7.4111    10.5912    101.504    322.871    330.978   -0.00065    7.30131   10.43430  318.08908   16.34095 7.8944e-02     0.2966     0.7836    82.2107 0.0000e+00
        444 126.654962    0.03074     1.8449    110.694     42.404  51168.893    31.7107     4.5851     42.000     4.5758    25.1124     7.4097    10.5892    101.459    322.809    330.916   -0.00084    7.30314   10.43691  318.16804   16.34471 7.1283e-02     0.2794     0.7816    82.2509 0.0000e+00
        448 126.654974    0.03104     1.8624    111.744     43.408  51171.744    31.7088     4.5704     43.000     4.5603    25.1125     7.4067    10.5849    101.381    322.679    330.781   -0.00101    7.30581   10.44072  318.28434   16.35025 6.4937e-02     0.3108     0.8065    81.7406 0.0000e+00
        453 126.654987    0.03136     1.8813    112.876     44.420  51188.614    31.7174     4.5595     44.000     4.5557    25.1204     7.4001    10.5755    101.270    322.390    330.489   -0.00141    7.30731   10.44287  318.34739   16.35321 6.0161e-02     0.3384     0.8181    81.5050 0.0000e+00
        457 126.655000    0.03168     1.9004    114.022     45.431  51186.211    31.7151     4.5588     45.000     4.5536    25.1186     7.3961    10.5698    101.212    322.217    330.311   -0.00140    7.30756   10.44323  318.35879   16.35376 5.6324e-02     0.3104     0.8222    81.4205 0.0000e+00
        461 126.655012    0.03196     1.9177    115.061     46.436  51193.012    31.7185     4.5555     46.000     4.5526    25.1217     7.3899    10.5609    101.121    321.946    330.034   -0.00154    7.30797   10.44382  318.37573   16.35455 5.3263e-02     0.3717     0.8223    81.4185 0.0000e+00
        466 126.655026    0.03229     1.9373    116.239     47.451  51196.053    31.7206     4.5580     47.000     4.5564    25.1232     7.3881    10.5583    101.105    321.867    329.954   -0.00133    7.30741   10.44302  318.35101   16.35337 5.0773e-02     0.2106     0.8172    81.5220 0.0000e+00
        470 126.655038    0.03259     1.9552    117.310     48.461  51192.835    31.7184     4.5601     48.000     4.5568    25.1212     7.3867    10.5563    101.089    321.806    329.890   -0.00113    7.30715   10.44265  318.34029   16.35287 4.9042e-02     0.1940     0.8223    81.4175 0.0000e+00
        474 126.655050    0.03287     1.9720    118.321     49.465  51197.577    31.7215     4.5615     49.000     4.5600    25.1234     7.3820    10.5497    101.030    321.602    329.682   -0.00122    7.30676   10.44209  318.32236   16.35200 4.7573e-02     0.2001     0.8171    81.5239 0.0000e+00
        479 126.655063    0.03317     1.9902    119.413     50.483  51194.066    31.7193     4.5647     50.000     4.5609    25.1214     7.3866    10.5563    101.100    321.804    329.888   -0.00068    7.30630   10.44143  318.30311   16.35109 4.6512e-02     0.2463     0.8111    81.6453 0.0000e+00
        483 126.655074    0.03344     2.0064    120.386     51.484  51194.980    31.7190     4.5631     51.000     4.5573    25.1214     7.3813    10.5486    101.023    321.571    329.650   -0.00089    7.30659   10.44185  318.31583   16.35170 4.5332e-02     0.1928     0.8179    81.5074 0.0000e+00
        487 126.655087    0.03375     2.0250    121.497     52.498  51201.116    31.7219     4.5592     52.000     4.5557    25.1240     7.3819    10.5495    101.024    321.598    329.678   -0.00078    7.30712   10.44262  318.33845   16.35277 4.4606e-02     0.2644     0.8103    81.6628 0.0000e+00
        491 126.655099    0.03406     2.0432    122.590     53.508  51199.025    31.7201     4.5598     53.000     4.5558    25.1225     7.3801    10.5469    100.999    321.517    329.594   -0.00076    7.30711   10.44259  318.33807   16.35275 4.3961e-02     0.4089     0.8150    81.5664 0.0000e+00
