CTD-processing/allCTD/CNV/2021_07-21_ab_s11_cast131_4141.cnv
* Sea-Bird SBE19plus Data File:
* FileName = C:\Users\steve\Desktop\GWA\CTD\2021_07-21_AlongBay\2021_07-21_AB_S_cast131.hex
* Software Version 1.59
* Temperature SN =  4141
* Conductivity SN =  4141
* System UpLoad Time = Jul 22 2021 10:47:31
** Cook Inlet LTM AlongBay
** Date: 07-21-2021
** Station:S11
** Start Time (AKDT):16:29
** Depth (m):56
** Comment:
** Comment:
# nquan = 27
# nvalues = 49                          
# units = specified
# name 0 = scan: Scan Count
# name 1 = timeJ: Julian Days
# name 2 = timeH: Time, Elapsed [hours]
# name 3 = timeM: Time, Elapsed [minutes]
# name 4 = timeS: Time, Elapsed [seconds]
# name 5 = prdM: Pressure, Strain Gauge [db]
# name 6 = specc: Specific Conductance [uS/cm]
# name 7 = sal00: Salinity, Practical [PSU]
# name 8 = tv290C: Temperature [ITS-90, deg C]
# name 9 = depSM: Depth [salt water, m], lat = 59.00
# name 10 = potemp090C: Potential Temperature [ITS-90, deg C]
# name 11 = sigma-é00: Density [sigma-theta, kg/m^3]
# name 12 = sbeox0ML/L: Oxygen, SBE 43 [ml/l]
# name 13 = sbeox0Mg/L: Oxygen, SBE 43 [mg/l]
# name 14 = sbeox0PS: Oxygen, SBE 43 [% saturation]
# name 15 = sbox0Mm/Kg: Oxygen, SBE 43 [umol/kg]
# name 16 = sbeox0Mm/L: Oxygen, SBE 43 [umol/l]
# name 17 = sbox0dV/dT: Oxygen, SBE 43 [dov/dt]
# name 18 = oxsolML/L: Oxygen Saturation, Garcia & Gordon [ml/l]
# name 19 = oxsolMg/L: Oxygen Saturation, Garcia & Gordon [mg/l]
# name 20 = oxsolMm/Kg: Oxygen Saturation, Garcia & Gordon [umol/kg]
# name 21 = n2satMg/L: Nitrogen Saturation [mg/l]
# name 22 = par: PAR/Irradiance, Biospherical/Licor
# name 23 = wetStar: Fluorescence, WET Labs WETstar [mg/m^3]
# name 24 = CStarAt0: Beam Attenuation, WET Labs C-Star [1/m]
# name 25 = CStarTr0: Beam Transmission, WET Labs C-Star [%]
# name 26 = flag: flag
# span 0 =        392,        618       
# span 1 = 202.687683, 202.688335       
# span 2 =    0.02717,    0.04285       
# span 3 =     1.6301,     2.5709       
# span 4 =     97.807,    154.255       
# span 5 =      1.020,     49.434       
# span 6 =  34673.382,  49891.418       
# span 7 =    21.5241,    31.4532       
# span 8 =     7.4983,    14.2858       
# span 9 =      1.000,     49.000       
# span 10 =     7.4670,    13.9296      
# span 11 =    15.8849,    24.5123      
# span 12 =     6.4676,     7.6498      
# span 13 =     9.2429,    10.9323      
# span 14 =     94.627,    116.453      
# span 15 =    281.945,    333.815      
# span 16 =    288.845,    341.640      
# span 17 =   -0.05440,    0.03779      
# span 18 =    6.11647,    6.83515      
# span 19 =    8.74104,    9.76813      
# span 20 =  268.08006,  297.95797      
# span 21 =   13.97634,   15.38310      
# span 22 = 5.5622e-02, 3.0268e+01      
# span 23 =     0.6689,     2.2425      
# span 24 =     0.2518,     7.0523      
# span 25 =    18.3216,    93.8977      
# span 26 = 0.0000e+00, 0.0000e+00      
# interval = meters: 1                  
# start_time = Jul 21 2021 16:28:38 [Instrument's time stamp, header]
# bad_flag = -9.990e-29
*END*
        392 202.687683    0.02717     1.6301     97.807      1.020  34673.382    21.5241    13.5321      1.000    13.9296    15.8849     7.0802    10.1183    111.031    311.268    316.202    0.00451    6.37729    9.11379  280.36657   14.58281 3.0268e+01     1.0340     7.0523    18.3216 0.0000e+00
        397 202.687697    0.02750     1.6502     99.009      2.020  40681.122    25.6939    14.2858      2.000    13.5830    18.9532     6.9728     9.9649    114.003    305.613    311.406    0.02272    6.11647    8.74104  268.08006   13.97634 9.8423e+00     1.0158     3.2203    44.8675 0.0000e+00
        402 202.687710    0.02782     1.6692    100.150      3.027  44356.909    28.1004    12.0551      3.000    11.0083    21.2263     6.7145     9.5956    106.376    293.638    299.868   -0.02679    6.31355    9.02269  276.10125   14.35143 7.5109e+00     1.1129     1.8066    63.9845 0.0000e+00
        406 202.687724    0.02814     1.6884    101.302      4.039  46867.520    29.6793    10.2330      4.000     9.9793    22.7636     6.6320     9.4777    102.009    289.589    296.183   -0.05440    6.50039    9.28971  283.84660   14.71588 6.5680e+00     1.5963     0.6542    84.8417 0.0000e+00
        411 202.687736    0.02846     1.7074    102.446      5.047  47428.326    30.0242     9.8365      5.000     9.7313    23.0957     7.2572    10.3712    110.910    316.788    324.106    0.01339    6.54291    9.35047  285.61004   14.79880 5.8378e+00     1.5056     0.3944    90.6327 0.0000e+00
        415 202.687750    0.02878     1.7271    103.624      6.056  47787.185    30.2504     9.6329      6.000     9.5888    23.3043     7.5777    10.8292    115.465    330.711    338.419    0.03779    6.56276    9.37884  286.41805   14.83652 5.1188e+00     1.0880     0.3531    91.5530 0.0000e+00
        420 202.687764    0.02912     1.7468    104.810      7.067  48027.749    30.4073     9.5442      7.000     9.4985    23.4408     7.6498    10.9323    116.453    333.815    341.640    0.03158    6.56900    9.38775  286.65202   14.84706 4.5254e+00     0.9548     0.2986    92.8075 0.0000e+00
        425 202.687778    0.02944     1.7668    106.009      8.075  48431.323    30.6687     9.3798      8.000     9.2855    23.6704     7.6463    10.9273    116.172    333.586    341.482    0.02055    6.58186    9.40614  287.14889   14.86975 3.9387e+00     0.9447     0.2793    93.2580 0.0000e+00
        430 202.687792    0.02979     1.7877    107.260      9.086  48825.014    30.9160     9.1671      9.000     9.1020    23.8965     7.6105    10.8761    115.267    331.951    339.883    0.00801    6.60246    9.43557  287.98389   14.90866 3.4353e+00     0.8487     0.2518    93.8977 0.0000e+00
        435 202.687807    0.03014     1.8082    108.491     10.096  49026.982    31.0384     9.0296     10.000     8.9809    24.0132     7.6401    10.9185    115.454    333.206    341.207    0.00640    6.61746    9.45700  288.60520   14.93785 2.9706e+00     0.6956     0.2678    93.5253 0.0000e+00
        440 202.687820    0.03047     1.8283    109.698     11.102  49187.151    31.1331     8.9066     11.000     8.8554    24.1060     7.5636    10.8092    114.055    329.839    337.790   -0.00271    6.63158    9.47718  289.19478   14.96564 2.5506e+00     0.6950     0.2659    93.5699 0.0000e+00
        445 202.687835    0.03081     1.8490    110.941     12.114  49320.021    31.2118     8.8081     12.000     8.7924    24.1825     7.3914    10.5630    111.269    322.303    330.097   -0.01730    6.64279    9.49321  289.66231   14.98766 2.1857e+00     0.8624     0.2670    93.5419 0.0000e+00
        450 202.687849    0.03116     1.8697    112.184     13.122  49446.697    31.2999     8.8056     13.000     8.8251    24.2518     7.2230    10.3225    108.791    314.944    322.581   -0.02589    6.63937    9.48833  289.49369   14.97925 1.8675e+00     1.1551     0.3178    92.3645 0.0000e+00
        455 202.687864    0.03151     1.8904    113.426     14.133  49433.087    31.2952     8.8424     14.000     8.8370    24.2426     7.1336    10.1947    107.530    311.048    318.588   -0.02508    6.63411    9.48081  289.26686   14.96843 1.5841e+00     1.5038     0.3239    92.2204 0.0000e+00
        460 202.687878    0.03184     1.9105    114.630     15.142  49423.907    31.2849     8.8181     15.000     8.7925    24.2382     7.0968    10.1421    106.910    309.444    316.944   -0.02082    6.63815    9.48659  289.44459   14.97696 1.3386e+00     1.6249     0.3327    92.0201 0.0000e+00
        464 202.687892    0.03217     1.9302    115.812     16.152  49531.017    31.3537     8.7770     16.000     8.7784    24.2982     7.0512    10.0769    106.172    307.437    314.907   -0.01853    6.64130    9.49109  289.56487   14.98243 1.1397e+00     1.9091     0.3188    92.3396 0.0000e+00
        469 202.687904    0.03248     1.9491    116.945     17.162  49539.715    31.3607     8.7865     17.000     8.7754    24.3023     6.9787     9.9734    105.109    304.277    311.672   -0.01901    6.63960    9.48865  289.48911   14.97878 9.7401e-01     1.8719     0.3651    91.2776 0.0000e+00
        473 202.687917    0.03279     1.9672    118.031     18.170  49431.473    31.2738     8.7139     18.000     8.6486    24.2451     6.9105     9.8757    103.852    301.316    308.622   -0.02074    6.65415    9.50944  290.13957   15.01021 8.2396e-01     1.6874     0.3800    90.9386 0.0000e+00
        478 202.687930    0.03310     1.9859    119.154     19.181  49591.346    31.3695     8.6045     19.000     8.5961    24.3363     6.8416     9.7773    102.629    298.288    305.547   -0.02180    6.66633    9.52685  290.64493   15.03397 7.0014e-01     1.9002     0.3916    90.6752 0.0000e+00
        482 202.687943    0.03340     2.0045    120.268     20.189  49505.507    31.3032     8.5671     20.000     8.5194    24.2901     6.7999     9.7178    101.875    296.483    303.685   -0.01981    6.67479    9.53894  291.02691   15.05248 5.9363e-01     1.9801     0.4064    90.3402 0.0000e+00
        487 202.687956    0.03372     2.0234    121.403     21.200  49626.611    31.3730     8.4680     21.000     8.4699    24.3594     6.7268     9.6133    100.600    293.275    300.419   -0.02128    6.68663    9.55585  291.52350   15.07592 5.0282e-01     2.1894     0.4118    90.2168 0.0000e+00
        491 202.687969    0.03404     2.0423    122.536     22.208  49728.425    31.4532     8.5304     22.000     8.5611    24.4130     6.7097     9.5889    100.539    292.515    299.656   -0.01616    6.67381    9.53754  290.94910   15.04816 4.2653e-01     2.2425     0.4187    90.0608 0.0000e+00
        496 202.687982    0.03436     2.0613    123.675     23.218  49504.756    31.2995     8.5543     23.000     8.4744    24.2891     6.7249     9.6106    100.720    293.215    300.337   -0.00980    6.67687    9.54191  291.11797   15.05685 3.6315e-01     1.9615     0.4311    89.7825 0.0000e+00
        500 202.687996    0.03466     2.0799    124.794     24.227  49557.637    31.3065     8.3563     24.000     8.2936    24.3236     6.6664     9.5271     99.405    290.655    297.724   -0.01415    6.70636    9.58406  292.39405   15.11777 3.1330e-01     1.6185     0.4535    89.2802 0.0000e+00
        505 202.688008    0.03498     2.0988    125.927     25.237  49686.231    31.3815     8.2607     25.000     8.2485    24.3964     6.6153     9.4539     98.478    288.403    295.439   -0.01572    6.71756    9.60006  292.86121   15.13978 2.6734e-01     1.4206     0.4749    88.8040 0.0000e+00
        509 202.688021    0.03529     2.1170    127.022     26.247  49692.063    31.3823     8.2419     26.000     8.2290    24.3996     6.5988     9.4305     98.192    287.685    294.705   -0.01299    6.72038    9.60409  292.98315   15.14560 2.3045e-01     1.4445     0.4718    88.8752 0.0000e+00
        514 202.688034    0.03559     2.1355    128.129     27.256  49716.162    31.3956     8.2215     27.000     8.2163    24.4131     6.5773     9.3997     97.835    286.744    293.744   -0.01144    6.72290    9.60769  293.08928   15.15061 1.9971e-01     1.4968     0.4896    88.4808 0.0000e+00
        518 202.688047    0.03590     2.1543    129.257     28.265  49697.959    31.3815     8.2158     28.000     8.1980    24.4029     6.5853     9.4111     97.932    287.093    294.099   -0.00790    6.72437    9.60980  293.15645   15.15388 1.7367e-01     1.6297     0.4824    88.6404 0.0000e+00
        523 202.688060    0.03623     2.1736    130.413     29.277  49562.206    31.2751     8.1446     29.000     8.0715    24.3297     6.5919     9.4205     97.806    287.404    294.396   -0.00596    6.73988    9.63197  293.85373   15.18761 1.5255e-01     1.5117     0.4849    88.5832 0.0000e+00
        527 202.688074    0.03655     2.1927    131.563     30.284  49690.234    31.3435     8.0115     30.000     7.9872    24.4023     6.5760     9.3978     97.318    286.687    293.683   -0.00729    6.75719    9.65670  294.58764   15.22237 1.3511e-01     1.2936     0.4785    88.7267 0.0000e+00
        532 202.688087    0.03687     2.2124    132.741     31.294  49750.335    31.3803     7.9815     31.000     7.9739    24.4354     6.5951     9.4251     97.558    287.511    294.537   -0.00406    6.76018    9.66097  294.70843   15.22799 1.2061e-01     1.3060     0.4955    88.3480 0.0000e+00
        537 202.688101    0.03721     2.2325    133.948     32.305  49761.475    31.3859     7.9702     32.000     7.9619    24.4414     6.6137     9.4516     97.812    288.321    295.368   -0.00149    6.76166    9.66310  294.77129   15.23097 1.0904e-01     1.2542     0.4993    88.2650 0.0000e+00
        542 202.688116    0.03755     2.2532    135.191     33.314  49775.217    31.3933     7.9593     33.000     7.9541    24.4487     6.6093     9.4453     97.727    288.127    295.172   -0.00147    6.76301    9.66502  294.82783   15.23363 9.9477e-02     1.3056     0.5099    88.0302 0.0000e+00
        547 202.688130    0.03790     2.2740    136.438     34.323  49778.675    31.3942     7.9526     34.000     7.9448    24.4504     6.6017     9.4344     97.600    287.793    294.830   -0.00181    6.76399    9.66643  294.87033   15.23566 9.1464e-02     1.2648     0.5144    87.9319 0.0000e+00
        552 202.688145    0.03825     2.2955    137.731     35.334  49784.640    31.3961     7.9412     35.000     7.9329    24.4535     6.5948     9.4246     97.474    287.493    294.523   -0.00193    6.76566    9.66881  294.94187   15.23907 8.4656e-02     0.8465     0.5249    87.7030 0.0000e+00
        557 202.688160    0.03861     2.3166    138.994     36.343  49793.361    31.3995     7.9266     36.000     7.9178    24.4582     6.5796     9.4030     97.221    286.832    293.847   -0.00277    6.76776    9.67180  295.03188   15.24335 7.9327e-02     0.7493     0.5378    87.4202 0.0000e+00
        562 202.688174    0.03897     2.3379    140.273     37.353  49812.476    31.4111     7.9188     37.000     7.9164    24.4685     6.5743     9.3954     97.133    286.599    293.612   -0.00249    6.76845    9.67279  295.05939   15.24462 7.4654e-02     0.7098     0.5673    86.7761 0.0000e+00
        567 202.688188    0.03929     2.3575    141.452     38.361  49817.907    31.4151     7.9226     38.000     7.9206    24.4711     6.5700     9.3892     97.079    286.408    293.416   -0.00203    6.76768    9.67170  295.02528   15.24297 7.0961e-02     0.7232     0.5829    86.4401 0.0000e+00
        572 202.688202    0.03962     2.3772    142.633     39.375  49817.240    31.4146     7.9256     39.000     7.9217    24.4703     6.5593     9.3739     96.927    285.941    292.938   -0.00241    6.76725    9.67108  295.00651   15.24208 6.7386e-02     0.7030     0.6056    85.9514 0.0000e+00
        576 202.688215    0.03992     2.3955    143.732     40.379  49812.598    31.4103     7.9217     40.000     7.9123    24.4675     6.5448     9.3531     96.701    285.309    292.290   -0.00289    6.76803    9.67219  295.04123   15.24376 6.5237e-02     0.7524     0.6412    85.1894 0.0000e+00
        581 202.688228    0.04025     2.4151    144.909     41.394  49810.274    31.4057     7.9058     41.000     7.8927    24.4661     6.5200     9.3178     96.298    284.232    291.186   -0.00430    6.77067    9.67597  295.15689   15.24930 6.2996e-02     0.7431     0.6819    84.3265 0.0000e+00
        585 202.688241    0.04057     2.4340    146.042     42.399  49814.179    31.4046     7.8848     42.000     7.8695    24.4682     6.4972     9.2851     95.914    283.234    290.164   -0.00523    6.77395    9.68065  295.29911   15.25609 6.1321e-02     0.7672     0.7143    83.6468 0.0000e+00
        590 202.688255    0.04089     2.4535    147.211     43.409  49811.984    31.3978     7.8545     43.000     7.8337    24.4672     6.4802     9.2609     95.594    282.494    289.407   -0.00556    6.77893    9.68777  295.51658   15.26649 6.0071e-02     0.7640     0.7303    83.3130 0.0000e+00
        595 202.688269    0.04122     2.4734    148.402     44.422  49802.105    31.3830     7.8079     44.000     7.7767    24.4620     6.4825     9.2642     95.518    282.597    289.511   -0.00453    6.78677    9.69897  295.85980   15.28294 5.8936e-02     0.8576     0.7653    82.5877 0.0000e+00
        599 202.688281    0.04154     2.4922    149.533     45.428  49814.259    31.3811     7.7463     45.000     7.7132    24.4692     6.4752     9.2538     95.275    282.278    289.185   -0.00441    6.79638    9.71270  296.27657   15.30285 5.7635e-02     0.8591     0.7991    81.8914 0.0000e+00
        604 202.688295    0.04186     2.5118    150.708     46.441  49812.155    31.3664     7.6680     46.000     7.6261    24.4685     6.4676     9.2429     94.984    281.945    288.845   -0.00496    6.80918    9.73099  296.83484   15.32955 5.6933e-02     0.9914     0.8151    81.5665 0.0000e+00
        608 202.688308    0.04217     2.5306    151.839     47.446  49853.041    31.3815     7.5888     47.000     7.5578    24.4913     6.4709     9.2476     94.870    282.083    288.991   -0.00426    6.82081    9.74762  297.33540   15.35337 5.6388e-02     0.9889     0.8790    80.2724 0.0000e+00
        613 202.688323    0.04251     2.5508    153.046     48.459  49891.418    31.3986     7.5329     48.000     7.5127    24.5123     6.4680     9.2434     94.717    281.950    288.861   -0.00390    6.82877    9.75900  297.67618   15.36957 5.5622e-02     0.7804     0.9478    78.9025 0.0000e+00
        618 202.688335    0.04285     2.5709    154.255     49.434  49869.564    31.3771     7.4983     49.000     7.4670    24.5003     6.4681     9.2434     94.627    281.953    288.863   -0.00332    6.83515    9.76813  297.95797   15.38310 5.5844e-02     0.6689     0.9985    77.9065 0.0000e+00
