CTD-processing/allCTD/CNV/2021_04-16_t9_s06_cast031_5028.cnv
* Sea-Bird SBE19plus Data File:
* FileName = C:\Users\steve\Desktop\GWA\CTD\2021_04-16_T9\2021_04-16_T9_S0_cast031.hex
* Software Version 1.59
* Temperature SN =  5028
* Conductivity SN =  5028
* System UpLoad Time = Apr 17 2021 13:14:51
** Cook Inlet LTM T9
** Date: 04-16-2021
** Station:S06
** Start Time (AKDT):17:17
** Depth (m):105
** Comment:OA taken at AB06
** Comment:
# nquan = 27
# nvalues = 100                         
# units = specified
# name 0 = scan: Scan Count
# name 1 = timeJ: Julian Days
# name 2 = timeH: Time, Elapsed [hours]
# name 3 = timeM: Time, Elapsed [minutes]
# name 4 = timeS: Time, Elapsed [seconds]
# name 5 = prdM: Pressure, Strain Gauge [db]
# name 6 = specc: Specific Conductance [uS/cm]
# name 7 = sal00: Salinity, Practical [PSU]
# name 8 = tv290C: Temperature [ITS-90, deg C]
# name 9 = depSM: Depth [salt water, m], lat = 59.00
# name 10 = potemp090C: Potential Temperature [ITS-90, deg C]
# name 11 = sigma-é00: Density [sigma-theta, kg/m^3]
# name 12 = sbeox0ML/L: Oxygen, SBE 43 [ml/l]
# name 13 = sbeox0Mg/L: Oxygen, SBE 43 [mg/l]
# name 14 = sbeox0PS: Oxygen, SBE 43 [% saturation]
# name 15 = sbox0Mm/Kg: Oxygen, SBE 43 [umol/kg]
# name 16 = sbeox0Mm/L: Oxygen, SBE 43 [umol/l]
# name 17 = sbox0dV/dT: Oxygen, SBE 43 [dov/dt]
# name 18 = oxsolML/L: Oxygen Saturation, Garcia & Gordon [ml/l]
# name 19 = oxsolMg/L: Oxygen Saturation, Garcia & Gordon [mg/l]
# name 20 = oxsolMm/Kg: Oxygen Saturation, Garcia & Gordon [umol/kg]
# name 21 = potemp090C: Potential Temperature [ITS-90, deg C]
# name 22 = n2satMg/L: Nitrogen Saturation [mg/l]
# name 23 = par: PAR/Irradiance, Biospherical/Licor
# name 24 = flECO-AFL: Fluorescence, WET Labs ECO-AFL/FL [mg/m^3]
# name 25 = turbWETntu0: Turbidity, WET Labs ECO [NTU]
# name 26 = flag: flag
# span 0 =         45,        684       
# span 1 = 106.720175, 106.722024       
# span 2 =    0.00309,    0.04746       
# span 3 =     0.1850,     2.8474       
# span 4 =     11.101,    170.843       
# span 5 =      1.010,    100.968       
# span 6 =  46882.046,  51722.703       
# span 7 =    28.8185,    31.8471       
# span 8 =     3.2343,     3.8029       
# span 9 =      1.000,    100.000       
# span 10 =     3.2344,     3.7309      
# span 11 =    22.8925,    25.3083      
# span 12 =     6.8255,     7.6578      
# span 13 =     9.7543,    10.9437      
# span 14 =     89.866,    101.519      
# span 15 =    298.084,    333.626      
# span 16 =    304.826,    341.996      
# span 17 =   -0.00233,    0.04055      
# span 18 =    7.44890,    7.59927      
# span 19 =   10.64523,   10.86012      
# span 20 =  324.45994,  331.90352      
# span 21 =     3.2335,     3.8028      
# span 22 =   16.64345,   17.00961      
# span 23 = 3.7976e-02, 3.0012e+02      
# span 24 =     0.2456,     0.6428      
# span 25 =     0.4896,     2.0832      
# span 26 = 0.0000e+00, 0.0000e+00      
# interval = meters: 1                  
# start_time = Apr 16 2021 17:16:52 [Instrument's time stamp, header]
# bad_flag = -9.990e-29
*END*
[from data line 54]
        491 106.721465    0.03405     2.0429    122.572     55.526  51577.293    31.6982     3.4035     55.000     3.3981    25.2158     7.5561    10.7984    100.516    329.154    337.453   -0.00044    7.51724   10.74289  327.46282     3.4003   16.78676 3.7976e-02     0.4475     0.8351 0.0000e+00
        495 106.721477    0.03434     2.0601    123.605     56.536  51581.951    31.7000     3.3998     56.000     3.3955    25.2175     7.5532    10.7942    100.470    329.028    337.326   -0.00064    7.51784   10.74375  327.48851     3.3965   16.78798 3.7976e-02     0.4434     0.8237 0.0000e+00
        500 106.721489    0.03462     2.0773    124.636     57.546  51587.022    31.7024     3.3977     57.000     3.3939    25.2196     7.5524    10.7931    100.456    328.994    337.291   -0.00063    7.51812   10.74414  327.49964     3.3943   16.78850 3.7976e-02     0.4399     0.8109 0.0000e+00
        504 106.721501    0.03492     2.0951    125.707     58.556  51599.446    31.7106     3.3989     58.000     3.3986    25.2260     7.5547    10.7964    100.496    329.092    337.394   -0.00036    7.51746   10.74320  327.46912     3.3955   16.78701 3.7976e-02     0.4303     0.7990 0.0000e+00
        508 106.721513    0.03522     2.1128    126.771     59.566  51616.785    31.7242     3.4082     59.000     3.4132    25.2361     7.5581    10.8012    100.573    329.235    337.544    0.00007    7.51506   10.73977  327.36116     3.4047   16.78182 3.7976e-02     0.4294     0.7890 0.0000e+00
        512 106.721526    0.03552     2.1312    127.875     60.575  51643.665    31.7477     3.4310     60.000     3.4436    25.2528     7.5567    10.7992    100.626    329.168    337.481    0.00028    7.50963   10.73202  327.11948     3.4274   16.77024 3.7976e-02     0.4492     0.7653 0.0000e+00
        517 106.721539    0.03583     2.1498    128.986     61.585  51648.622    31.7597     3.4668     61.000     3.4754    25.2591     7.5559    10.7982    100.714    329.135    337.449    0.00059    7.50241   10.72170  326.80295     3.4631   16.75515 3.7976e-02     0.4802     0.7282 0.0000e+00
        521 106.721552    0.03613     2.1681    130.086     62.594  51642.164    31.7605     3.4892     62.000     3.4922    25.2577     7.5616    10.8064    100.846    329.385    337.705    0.00105    7.49824   10.71573  326.62150     3.4854   16.74653 3.7976e-02     0.5028     0.7076 0.0000e+00
        526 106.721564    0.03643     2.1854    131.125     63.605  51645.394    31.7657     3.5032     63.000     3.5061    25.2607     7.5657    10.8122    100.939    329.560    337.885    0.00122    7.49538   10.71165  326.49623     3.4994   16.74055 3.7976e-02     0.5170     0.7063 0.0000e+00
        530 106.721576    0.03671     2.2024    132.146     64.614  51648.578    31.7708     3.5169     64.000     3.5205    25.2635     7.5651    10.8113    100.968    329.533    337.859    0.00104    7.49260   10.70767  326.37401     3.5130   16.73472 3.7976e-02     0.5054     0.7122 0.0000e+00
        534 106.721588    0.03699     2.2198    133.190     65.624  51658.135    31.7813     3.5346     65.000     3.5413    25.2702     7.5624    10.8074    100.982    329.412    337.736    0.00078    7.48880   10.70225  326.20664     3.5307   16.72672 3.7976e-02     0.5023     0.7152 0.0000e+00
        538 106.721599    0.03726     2.2358    134.148     66.634  51667.725    31.7927     3.5561     66.000     3.5671    25.2774     7.5637    10.8092    101.061    329.466    337.794    0.00093    7.48427   10.69577  326.00680     3.5521   16.71718 3.7976e-02     0.5194     0.6554 0.0000e+00
        542 106.721611    0.03754     2.2524    135.146     67.643  51671.660    31.8029     3.5880     67.000     3.5979    25.2826     7.5632    10.8087    101.142    329.446    337.775    0.00108    7.47787   10.68663  325.72655     3.5840   16.70381 3.7976e-02     0.5450     0.6444 0.0000e+00
        546 106.721622    0.03783     2.2696    136.173     68.653  51658.605    31.7996     3.6121     68.000     3.6151    25.2778     7.5651    10.8112    101.223    329.525    337.855    0.00120    7.47363   10.68056  325.54325     3.6079   16.69512 3.7976e-02     0.5656     0.6343 0.0000e+00
        550 106.721635    0.03811     2.2868    137.209     69.663  51668.426    31.8099     3.6286     69.000     3.6356    25.2844     7.5634    10.8089    101.249    329.452    337.782    0.00099    7.47008   10.67549  325.38653     3.6244   16.68762 3.7976e-02     0.5771     0.5977 0.0000e+00
        554 106.721646    0.03839     2.3035    138.209     70.673  51665.297    31.8128     3.6506     70.000     3.6545    25.2848     7.5626    10.8077    101.295    329.416    337.745    0.00093    7.46591   10.66953  325.20463     3.6463   16.67896 3.7976e-02     0.5654     0.6032 0.0000e+00
        558 106.721658    0.03869     2.3213    139.276     71.682  51661.319    31.8134     3.6661     71.000     3.6680    25.2838     7.5602    10.8044    101.302    329.314    337.641    0.00071    7.46304   10.66542  325.07985     3.6617   16.67303 3.7976e-02     0.5734     0.6140 0.0000e+00
        562 106.721670    0.03898     2.3387    140.320     72.692  51664.393    31.8184     3.6800     72.000     3.6831    25.2866     7.5536    10.7949    101.251    329.024    337.344    0.00022    7.46024   10.66143  324.95734     3.6755   16.66718 3.7976e-02     0.5820     0.5734 0.0000e+00
        567 106.721683    0.03929     2.3571    141.429     73.702  51664.839    31.8224     3.6968     73.000     3.6994    25.2882     7.5466    10.7848    101.201    328.716    337.029   -0.00014    7.45697   10.65675  324.81430     3.6922   16.66037 3.7976e-02     0.5843     0.5661 0.0000e+00
        571 106.721696    0.03959     2.3758    142.546     74.711  51665.345    31.8261     3.7123     74.000     3.7136    25.2897     7.5455    10.7832    101.228    328.669    336.981   -0.00007    7.45394   10.65243  324.68207     3.7077   16.65406 3.7976e-02     0.6078     0.5529 0.0000e+00
        576 106.721709    0.03991     2.3945    143.673     75.721  51670.855    31.8324     3.7248     75.000     3.7247    25.2936     7.5544    10.7959    101.382    329.055    337.377    0.00064    7.45134   10.64871  324.56744     3.7201   16.64859 3.7976e-02     0.6204     0.5145 0.0000e+00
        580 106.721722    0.04022     2.4128    144.769     76.731  51675.476    31.8372     3.7333     76.000     3.7304    25.2966     7.5528    10.7937    101.386    328.986    337.308    0.00056    7.44955   10.64616  324.48863     3.7285   16.64482 3.7976e-02     0.6109     0.4970 0.0000e+00
        585 106.721735    0.04055     2.4324    145.947     77.741  51677.747    31.8390     3.7363     77.000     3.7309    25.2977     7.5338    10.7665    101.140    328.158    336.459   -0.00089    7.44890   10.64523  324.45994     3.7315   16.64345 3.7976e-02     0.5839     0.4896 0.0000e+00
        589 106.721748    0.04083     2.4501    147.005     78.751  51679.595    31.8388     3.7325     78.000     3.7228    25.2979     7.5228    10.7509    100.983    327.680    335.970   -0.00153    7.44963   10.64626  324.49133     3.7275   16.64495 3.7976e-02     0.5550     0.4937 0.0000e+00
        593 106.721760    0.04112     2.4673    148.041     79.761  51688.731    31.8419     3.7223     79.000     3.7139    25.3014     7.5142    10.7386    100.844    327.302    335.584   -0.00190    7.45133   10.64869  324.56439     3.7173   16.64841 3.7976e-02     0.5175     0.5146 0.0000e+00
        597 106.721772    0.04141     2.4844    149.061     80.771  51695.269    31.8443     3.7163     80.000     3.7095    25.3039     7.5042    10.7243    100.697    326.869    335.140   -0.00224    7.45229   10.65007  324.60548     3.7113   16.65035 3.7976e-02     0.4973     0.5448 0.0000e+00
        601 106.721783    0.04169     2.5011    150.066     81.781  51700.009    31.8464     3.7136     81.000     3.7084    25.3058     7.4972    10.7142    100.597    326.559    334.823   -0.00228    7.45267   10.65061  324.62140     3.7086   16.65110 3.7976e-02     0.5041     0.5902 0.0000e+00
        606 106.721796    0.04198     2.5190    151.140     82.791  51698.469    31.8446     3.7126     82.000     3.7055    25.3045     7.4934    10.7089    100.544    326.397    334.657   -0.00204    7.45294   10.65100  324.63369     3.7075   16.65169 3.7976e-02     0.4952     0.6372 0.0000e+00
        610 106.721808    0.04228     2.5369    152.212     83.800  51700.825    31.8446     3.7082     83.000     3.7008    25.3049     7.4941    10.7099    100.542    326.428    334.688   -0.00159    7.45376   10.65217  324.66939     3.7030   16.65339 3.7976e-02     0.5040     0.6825 0.0000e+00
        614 106.721820    0.04258     2.5547    153.284     84.810  51703.925    31.8449     3.7031     84.000     3.6960    25.3056     7.4957    10.7121    100.550    326.495    334.758   -0.00121    7.45466   10.65347  324.70849     3.6979   16.65525 3.7976e-02     0.5027     0.7866 0.0000e+00
        619 106.721833    0.04289     2.5734    154.403     85.820  51708.496    31.8468     3.7000     85.000     3.6943    25.3073     7.4946    10.7105    100.529    326.447    334.708   -0.00104    7.45514   10.65414  324.72855     3.6948   16.65619 3.7976e-02     0.4927     0.8438 0.0000e+00
        623 106.721846    0.04319     2.5916    155.496     86.830  51708.975    31.8463     3.6990     86.000     3.6928    25.3071     7.4910    10.7054    100.478    326.291    334.548   -0.00106    7.45535   10.65444  324.73766     3.6936   16.65662 3.7976e-02     0.4858     0.8633 0.0000e+00
        628 106.721859    0.04351     2.6106    156.635     87.840  51709.880    31.8458     3.6969     87.000     3.6904    25.3070     7.4835    10.6946    100.372    325.963    334.212   -0.00137    7.45576   10.65503  324.75587     3.6915   16.65750 3.7976e-02     0.4876     0.9100 0.0000e+00
        632 106.721872    0.04382     2.6290    157.742     88.850  51712.484    31.8466     3.6950     88.000     3.6894    25.3078     7.4831    10.6940    100.362    325.944    334.193   -0.00116    7.45607   10.65545  324.76852     3.6896   16.65810 3.7976e-02     0.4910     0.9404 0.0000e+00
        636 106.721884    0.04410     2.6460    158.763     89.859  51713.784    31.8471     3.6953     89.000     3.6899    25.3081     7.4829    10.6938    100.361    325.938    334.188   -0.00091    7.45599   10.65536  324.76543     3.6897   16.65795 3.7976e-02     0.4764     0.9377 0.0000e+00
        640 106.721896    0.04439     2.6634    159.806     90.870  51712.702    31.8457     3.6949     90.000     3.6881    25.3071     7.4840    10.6953    100.373    325.983    334.233   -0.00072    7.45613   10.65556  324.77179     3.6893   16.65825 3.7976e-02     0.4749     0.9450 0.0000e+00
        644 106.721908    0.04467     2.6806    160.838     91.879  51714.359    31.8457     3.6927     91.000     3.6860    25.3073     7.4866    10.6991    100.404    326.100    334.353   -0.00043    7.45654   10.65614  324.78940     3.6870   16.65909 3.7976e-02     0.4863     1.0103 0.0000e+00
        649 106.721920    0.04497     2.6980    161.877     92.889  51715.798    31.8457     3.6906     92.000     3.6839    25.3075     7.4864    10.6988    100.395    326.091    334.344   -0.00042    7.45692   10.65669  324.80621     3.6848   16.65989 3.7976e-02     0.4787     1.0482 0.0000e+00
        653 106.721932    0.04526     2.7157    162.945     93.899  51717.460    31.8459     3.6889     93.000     3.6825    25.3078     7.4826    10.6934    100.340    325.924    334.173   -0.00063    7.45722   10.65711  324.81909     3.6831   16.66051 3.7976e-02     0.4663     1.0630 0.0000e+00
        657 106.721944    0.04556     2.7333    164.000     94.909  51719.101    31.8463     3.6880     94.000     3.6820    25.3082     7.4786    10.6877    100.285    325.750    333.993   -0.00083    7.45735   10.65730  324.82471     3.6822   16.66077 3.7976e-02     0.4629     1.1163 0.0000e+00
        661 106.721957    0.04585     2.7510    165.059     95.919  51720.161    31.8465     3.6879     95.000     3.6820    25.3083     7.4787    10.6878    100.286    325.754    333.999   -0.00068    7.45737   10.65733  324.82546     3.6820   16.66080 3.7976e-02     0.4685     1.1140 0.0000e+00
        666 106.721969    0.04615     2.7692    166.151     96.928  51720.714    31.8463     3.6880     96.000     3.6820    25.3082     7.4803    10.6901    100.307    325.824    334.070   -0.00047    7.45736   10.65732  324.82512     3.6820   16.66079 3.7976e-02     0.4722     1.1270 0.0000e+00
        670 106.721982    0.04646     2.7873    167.241     97.939  51721.527    31.8464     3.6880     97.000     3.6820    25.3083     7.4819    10.6925    100.330    325.896    334.144   -0.00029    7.45734   10.65729  324.82427     3.6820   16.66074 3.7976e-02     0.4703     1.1819 0.0000e+00
        675 106.721995    0.04678     2.8066    168.396     98.948  51722.013    31.8462     3.6881     98.000     3.6818    25.3081     7.4796    10.6891    100.299    325.795    334.040   -0.00042    7.45736   10.65731  324.82489     3.6819   16.66077 3.7976e-02     0.4861     1.1599 0.0000e+00
        679 106.722008    0.04709     2.8254    169.524     99.959  51722.703    31.8462     3.6878     99.000     3.6817    25.3081     7.4790    10.6882    100.289    325.766    334.011   -0.00043    7.45740   10.65737  324.82658     3.6817   16.66086 3.7976e-02     0.4789     1.2185 0.0000e+00
        684 106.722024    0.04746     2.8474    170.843    100.968  51720.528    31.8442     3.6880    100.000     3.6819    25.3065     7.4803    10.6901    100.306    325.824    334.070   -0.00027    7.45747   10.65747  324.83019     3.6818   16.66104 3.7976e-02     0.4620     1.2428 0.0000e+00
