CTD-processing/allCTD/CNV/2021_02-17_t9_s02_cast162_5028.cnv
* Sea-Bird SBE19plus Data File:
* FileName = C:\Users\steve\Desktop\GWA CTD\2021_02-17_T9\2021_02-17_T9_S0_cast162.hex
* Software Version 1.59
* Temperature SN =  5028
* Conductivity SN =  5028
* System UpLoad Time = Feb 18 2021 15:28:37
** Cook Inlet LTM T4
** Date: 02-17-2021
** Station:S02
** Start Time (AKST):13:50
** Depth (m):76
** Comment:
** Comment:
# nquan = 27
# nvalues = 68                          
# units = specified
# name 0 = scan: Scan Count
# name 1 = timeJ: Julian Days
# name 2 = timeH: Time, Elapsed [hours]
# name 3 = timeM: Time, Elapsed [minutes]
# name 4 = timeS: Time, Elapsed [seconds]
# name 5 = prdM: Pressure, Strain Gauge [db]
# name 6 = specc: Specific Conductance [uS/cm]
# name 7 = sal00: Salinity, Practical [PSU]
# name 8 = tv290C: Temperature [ITS-90, deg C]
# name 9 = depSM: Depth [salt water, m], lat = 59.00
# name 10 = potemp090C: Potential Temperature [ITS-90, deg C]
# name 11 = sigma-é00: Density [sigma-theta, kg/m^3]
# name 12 = sbeox0ML/L: Oxygen, SBE 43 [ml/l]
# name 13 = sbeox0Mg/L: Oxygen, SBE 43 [mg/l]
# name 14 = sbeox0PS: Oxygen, SBE 43 [% saturation]
# name 15 = sbox0Mm/Kg: Oxygen, SBE 43 [umol/kg]
# name 16 = sbeox0Mm/L: Oxygen, SBE 43 [umol/l]
# name 17 = sbox0dV/dT: Oxygen, SBE 43 [dov/dt]
# name 18 = oxsolML/L: Oxygen Saturation, Garcia & Gordon [ml/l]
# name 19 = oxsolMg/L: Oxygen Saturation, Garcia & Gordon [mg/l]
# name 20 = oxsolMm/Kg: Oxygen Saturation, Garcia & Gordon [umol/kg]
# name 21 = potemp090C: Potential Temperature [ITS-90, deg C]
# name 22 = n2satMg/L: Nitrogen Saturation [mg/l]
# name 23 = par: PAR/Irradiance, Biospherical/Licor
# name 24 = flECO-AFL: Fluorescence, WET Labs ECO-AFL/FL [mg/m^3]
# name 25 = turbWETntu0: Turbidity, WET Labs ECO [NTU]
# name 26 = flag: flag
# span 0 =        287,        601       
# span 1 =  48.576951,  48.577858       
# span 2 =    0.01988,    0.04164       
# span 3 =     1.1929,     2.4984       
# span 4 =     71.573,    149.903       
# span 5 =      1.009,     68.654       
# span 6 =  50689.709,  50921.491       
# span 7 =    31.2247,    31.5011       
# span 8 =     3.7594,     4.4794       
# span 9 =      1.000,     68.000       
# span 10 =     3.7585,     4.4748      
# span 11 =    24.8015,    24.9595      
# span 12 =     6.9236,    11.6067      
# span 13 =     9.8946,    16.5871      
# span 14 =     92.739,    157.347      
# span 15 =    301.725,    505.753      
# span 16 =    309.209,    518.355      
# span 17 =   -0.04255,    0.04849      
# span 18 =    7.33225,    7.47507      
# span 19 =   10.47851,   10.68262      
# span 20 =  319.48537,  325.75216      
# span 21 =     3.7587,     4.4748      
# span 22 =   16.40825,   16.70731      
# span 23 = 3.7976e-02, 2.3578e+02      
# span 24 =     0.2773,     0.4341      
# span 25 =     0.8198,     1.0782      
# span 26 = 0.0000e+00, 0.0000e+00      
# interval = meters: 1                  
# start_time = Feb 17 2021 13:49:37 [Instrument's time stamp, header]
# bad_flag = -9.990e-29
*END*
[from data line 54]
        535  48.577669    0.03709     2.2257    133.544     55.526  50886.450    31.4644     4.3807     55.000     4.3776    24.9378     8.5536    12.2239    116.352    372.707    382.002   -0.03496    7.35145   10.50597  320.32777     4.3770   16.44846 3.7977e-02     0.3240     0.8401 0.0000e+00
        540  48.577683    0.03744     2.2465    134.787     56.536  50891.842    31.4681     4.3833     56.000     4.3825    24.9406     8.4413    12.0634    114.834    367.813    376.987   -0.03206    7.35082   10.50507  320.29938     4.3795   16.44709 3.7976e-02     0.3222     0.8279 0.0000e+00
        545  48.577697    0.03779     2.2670    136.021     57.546  50903.195    31.4780     4.3947     57.000     4.3978    24.9472     8.3446    11.9252    113.557    363.598    372.669   -0.02898    7.34830   10.50146  320.18737     4.3908   16.44172 3.7976e-02     0.3126     0.8331 0.0000e+00
        550  48.577711    0.03813     2.2876    137.256     58.556  50902.553    31.4807     4.4106     58.000     4.4113    24.9478     8.2644    11.8106    112.512    360.104    369.088   -0.02557    7.34533   10.49722  320.05786     4.4067   16.43555 3.7976e-02     0.3142     0.8547 0.0000e+00
        555  48.577724    0.03844     2.3064    138.384     59.565  50900.255    31.4806     4.4193     59.000     4.4175    24.9469     8.2022    11.7217    111.688    357.394    366.309   -0.02277    7.34379   10.49502  319.99112     4.4153   16.43238 3.7976e-02     0.3101     0.8700 0.0000e+00
        560  48.577739    0.03879     2.3276    139.654     60.575  50899.616    31.4807     4.4239     60.000     4.4211    24.9465     8.1367    11.6281    110.809    354.539    363.384   -0.02017    7.34297   10.49384  319.95521     4.4199   16.43066 3.7976e-02     0.3159     0.8408 0.0000e+00
        564  48.577753    0.03911     2.3467    140.801     61.585  50902.559    31.4830     4.4272     61.000     4.4255    24.9480     8.0797    11.5467    110.044    352.056    360.840   -0.01849    7.34227   10.49284  319.92424     4.4231   16.42918 3.7976e-02     0.3335     0.8379 0.0000e+00
        569  48.577765    0.03942     2.3653    141.918     62.594  50906.376    31.4866     4.4338     62.000     4.4329    24.9502     8.0488    11.5025    109.642    350.707    359.457   -0.01554    7.34092   10.49091  319.86487     4.4296   16.42634 3.7976e-02     0.3320     0.8649 0.0000e+00
        574  48.577782    0.03982     2.3892    143.349     63.604  50911.118    31.4915     4.4433     63.000     4.4441    24.9532     7.9765    11.3992    108.687    347.558    356.231   -0.01477    7.33899   10.48814  319.77960     4.4391   16.42227 3.7976e-02     0.3249     0.8212 0.0000e+00
        579  48.577794    0.04011     2.4066    144.395     64.614  50921.491    31.5011     4.4567     64.000     4.4603    24.9595     7.9325    11.3364    108.130    345.641    354.268   -0.01420    7.33614   10.48407  319.65354     4.4524   16.41623 3.7976e-02     0.3134     0.8514 0.0000e+00
        584  48.577809    0.04046     2.4276    145.657     65.624  50913.734    31.4989     4.4721     65.000     4.4702    24.9561     7.9099    11.3040    107.859    344.654    353.254   -0.01110    7.33352   10.48033  319.54046     4.4676   16.41086 3.7976e-02     0.3009     0.8845 0.0000e+00
        589  48.577823    0.04080     2.4485    146.907     66.634  50912.176    31.4984     4.4766     66.000     4.4731    24.9552     7.8554    11.2261    107.127    342.279    350.821   -0.01149    7.33275   10.47922  319.50686     4.4722   16.40927 3.7976e-02     0.3140     0.8695 0.0000e+00
        594  48.577839    0.04119     2.4715    148.289     67.643  50911.946    31.4981     4.4784     67.000     4.4742    24.9548     7.8121    11.1643    106.542    340.394    348.889   -0.01062    7.33244   10.47879  319.49375     4.4739   16.40864 3.7976e-02     0.3191     0.9038 0.0000e+00
        601  48.577858    0.04164     2.4984    149.903     68.654  50912.690    31.4983     4.4794     68.000     4.4748    24.9549     7.7495    11.0748    105.691    337.666    346.093   -0.01098    7.33225   10.47851  319.48537     4.4748   16.40825 3.7976e-02     0.3401     0.9613 0.0000e+00
