CTD-processing/allCTD/CNV/2021_02-16_ab_s10_cast149_5028.cnv
* Sea-Bird SBE19plus Data File:
* FileName = C:\Users\steve\Desktop\GWA CTD\2021_02-16_AlongBay\2021_02-16_AB_S0_cast149.hex
* Software Version 1.59
* Temperature SN =  5028
* Conductivity SN =  5028
* System UpLoad Time = Feb 18 2021 15:02:20
** Cook Inlet LTM AB
** Date: 02-16-2021
** Station:S10
** Start Time (AKST):16:25
** Depth (m):66
** Comment:
** Comment:
# nquan = 27
# nvalues = 59                          
# units = specified
# name 0 = scan: Scan Count
# name 1 = timeJ: Julian Days
# name 2 = timeH: Time, Elapsed [hours]
# name 3 = timeM: Time, Elapsed [minutes]
# name 4 = timeS: Time, Elapsed [seconds]
# name 5 = prdM: Pressure, Strain Gauge [db]
# name 6 = specc: Specific Conductance [uS/cm]
# name 7 = sal00: Salinity, Practical [PSU]
# name 8 = tv290C: Temperature [ITS-90, deg C]
# name 9 = depSM: Depth [salt water, m], lat = 59.00
# name 10 = potemp090C: Potential Temperature [ITS-90, deg C]
# name 11 = sigma-é00: Density [sigma-theta, kg/m^3]
# name 12 = sbeox0ML/L: Oxygen, SBE 43 [ml/l]
# name 13 = sbeox0Mg/L: Oxygen, SBE 43 [mg/l]
# name 14 = sbeox0PS: Oxygen, SBE 43 [% saturation]
# name 15 = sbox0Mm/Kg: Oxygen, SBE 43 [umol/kg]
# name 16 = sbeox0Mm/L: Oxygen, SBE 43 [umol/l]
# name 17 = sbox0dV/dT: Oxygen, SBE 43 [dov/dt]
# name 18 = oxsolML/L: Oxygen Saturation, Garcia & Gordon [ml/l]
# name 19 = oxsolMg/L: Oxygen Saturation, Garcia & Gordon [mg/l]
# name 20 = oxsolMm/Kg: Oxygen Saturation, Garcia & Gordon [umol/kg]
# name 21 = potemp090C: Potential Temperature [ITS-90, deg C]
# name 22 = n2satMg/L: Nitrogen Saturation [mg/l]
# name 23 = par: PAR/Irradiance, Biospherical/Licor
# name 24 = flECO-AFL: Fluorescence, WET Labs ECO-AFL/FL [mg/m^3]
# name 25 = turbWETntu0: Turbidity, WET Labs ECO [NTU]
# name 26 = flag: flag
# span 0 =        328,        579       
# span 1 =  47.684927,  47.685654       
# span 2 =    0.02270,    0.04014       
# span 3 =     1.3621,     2.4083       
# span 4 =     81.724,    144.500       
# span 5 =      1.010,     59.566       
# span 6 =  50712.850,  50902.041       
# span 7 =    31.3419,    31.4923       
# span 8 =     4.2251,     4.4641       
# span 9 =      1.000,     59.000       
# span 10 =     4.2252,     4.4602      
# span 11 =    24.8536,    24.9529      
# span 12 =     6.6485,    11.2381      
# span 13 =     9.5013,    16.0605      
# span 14 =     90.068,    152.648      
# span 15 =    289.719,    489.689      
# span 16 =    296.919,    501.896      
# span 17 =   -0.04259,    0.04856      
# span 18 =    7.33528,    7.38347      
# span 19 =   10.48285,   10.55172      
# span 20 =  319.61872,  321.73924      
# span 21 =     4.2247,     4.4601      
# span 22 =   16.41461,   16.51593      
# span 23 = 3.7976e-02, 5.3436e+01      
# span 24 =     0.2896,     0.4602      
# span 25 =     0.7009,     1.3006      
# span 26 = 0.0000e+00, 0.0000e+00      
# interval = meters: 1                  
# start_time = Feb 16 2021 16:24:56 [Instrument's time stamp, header]
# bad_flag = -9.990e-29
*END*
        328  47.684927    0.02270     1.3621     81.724      1.010  50712.850    31.3419     4.2458      1.000     4.2494    24.8536     6.6485     9.5013     90.068    289.719    296.919    0.00506    7.38165   10.54911  321.66960     4.2458   16.51277 5.3436e+01     0.3961     0.7009 0.0000e+00
        333  47.684943    0.02308     1.3844     83.062      2.019  50738.625    31.3623     4.2599      2.000     4.2625    24.8684     6.8999     9.8606     93.518    300.671    308.148    0.02146    7.37812   10.54407  321.51146     4.2597   16.50517 3.9556e+01     0.4115     0.7379 0.0000e+00
        338  47.684958    0.02342     1.4056     84.337      3.029  50751.569    31.3715     4.2640      3.000     4.2659    24.8754     7.0029    10.0078     94.930    305.158    312.750    0.02206    7.37692   10.54236  321.45693     4.2638   16.50253 3.3309e+01     0.4433     0.7608 0.0000e+00
        343  47.684972    0.02378     1.4270     85.622      4.038  50745.556    31.3672     4.2651      4.000     4.2584    24.8718     7.0892    10.1312     96.099    308.919    316.603    0.02089    7.37693   10.54237  321.45852     4.2648   16.50262 2.8476e+01     0.4602     0.7599 0.0000e+00
        348  47.684986    0.02411     1.4467     86.800      5.047  50746.988    31.3631     4.2452      5.000     4.2354    24.8705     7.2034    10.2943     97.597    313.895    321.702    0.02220    7.38071   10.54777  321.62352     4.2448   16.51049 2.4578e+01     0.4480     0.7586 0.0000e+00
        353  47.684999    0.02441     1.4646     87.876      6.057  50767.112    31.3724     4.2284      6.000     4.2252    24.8796     7.3327    10.4791     99.314    319.527    327.477    0.02486    7.38326   10.55141  321.73171     4.2280   16.51560 2.1070e+01     0.4403     0.7938 0.0000e+00
        356  47.685010    0.02468     1.4812     88.873      7.066  50779.684    31.3797     4.2251      7.000     4.2253    24.8857     7.4937    10.7092    101.492    326.541    334.667    0.02952    7.38347   10.55172  321.73924     4.2247   16.51593 1.7962e+01     0.4438     0.8238 0.0000e+00
        360  47.685021    0.02496     1.4977     89.862      8.076  50784.181    31.3826     4.2266      8.000     4.2269    24.8879     7.7090    11.0169    104.415    335.924    344.285    0.03706    7.38306   10.55114  321.72056     4.2261   16.51503 1.5120e+01     0.4289     0.8321 0.0000e+00
        364  47.685033    0.02523     1.5138     90.831      9.085  50790.270    31.3869     4.2290      9.000     4.2306    24.8910     7.9344    11.3390    107.477    345.743    354.349    0.04398    7.38242   10.55021  321.69162     4.2284   16.51363 1.2726e+01     0.4002     0.8338 0.0000e+00
        368  47.685044    0.02550     1.5301     91.805     10.094  50791.054    31.3877     4.2325     10.000     4.2316    24.8913     8.1265    11.6135    110.089    354.114    362.928    0.04703    7.38175   10.54926  321.66238     4.2318   16.51224 1.0699e+01     0.3962     0.8472 0.0000e+00
        372  47.685055    0.02577     1.5464     92.784     11.104  50793.734    31.3887     4.2313     11.000     4.2295    24.8922     8.2698    11.8183    112.028    360.358    369.329    0.04570    7.38192   10.54951  321.66957     4.2306   16.51258 8.9830e+00     0.3961     0.8486 0.0000e+00
        376  47.685067    0.02605     1.5630     93.781     12.114  50796.375    31.3896     4.2291     12.000     4.2268    24.8931     8.3643    11.9534    113.303    364.477    373.550    0.04106    7.38226   10.54999  321.68424     4.2283   16.51327 7.5386e+00     0.3867     0.8383 0.0000e+00
        380  47.685079    0.02633     1.5798     94.788     13.123  50803.006    31.3929     4.2264     13.000     4.2262    24.8961     8.4282    12.0447    114.163    367.261    376.404    0.03505    7.38259   10.55046  321.69739     4.2255   16.51388 6.3240e+00     0.3870     0.8423 0.0000e+00
        384  47.685091    0.02662     1.5969     95.814     14.132  50813.747    31.4007     4.2306     14.000     4.2347    24.9018     8.4995    12.1467    115.148    370.366    379.589    0.03090    7.38145   10.54883  321.64589     4.2297   16.51141 5.3014e+00     0.3983     0.8970 0.0000e+00
        388  47.685102    0.02691     1.6144     96.864     15.142  50810.672    31.4003     4.2400     15.000     4.2412    24.9006     8.5872    12.2719    116.361    374.185    383.502    0.02897    7.37977   10.54642  321.57300     4.2391   16.50794 4.4486e+00     0.4011     0.9080 0.0000e+00
        393  47.685115    0.02720     1.6321     97.928     16.152  50809.693    31.3999     4.2435     16.000     4.2438    24.9000     8.6773    12.4008    117.593    378.115    387.530    0.02751    7.37917   10.54557  321.54720     4.2425   16.50671 3.7370e+00     0.3889     0.8549 0.0000e+00
        397  47.685128    0.02751     1.6508     99.048     17.161  50816.551    31.4053     4.2487     17.000     4.2525    24.9038     8.7899    12.5616    119.137    383.018    392.556    0.02755    7.37796   10.54385  321.49345     4.2477   16.50414 3.1438e+00     0.3745     0.8448 0.0000e+00
        402  47.685141    0.02783     1.6698    100.187     18.170  50815.280    31.4067     4.2604     18.000     4.2629    24.9037     8.9302    12.7621    121.074    389.130    398.820    0.02950    7.37581   10.54077  321.39964     4.2592   16.49967 2.6480e+00     0.3666     0.8503 0.0000e+00
        406  47.685154    0.02816     1.6893    101.357     19.180  50810.108    31.4042     4.2671     19.000     4.2666    24.9011     9.0904    12.9910    123.263    396.111    405.974    0.03204    7.37474   10.53924  321.35367     4.2658   16.49749 2.2274e+00     0.3643     0.8501 0.0000e+00
        411  47.685168    0.02847     1.7084    102.505     20.190  50810.746    31.4045     4.2687     20.000     4.2681    24.9012     9.2594    13.2325    125.560    403.476    413.523    0.03450    7.37444   10.53881  321.34058     4.2674   16.49687 1.8771e+00     0.3694     0.8607 0.0000e+00
        415  47.685180    0.02877     1.7263    103.577     21.199  50812.709    31.4058     4.2706     21.000     4.2701    24.9020     9.4348    13.4833    127.947    411.121    421.360    0.03736    7.37403   10.53823  321.32275     4.2692   16.49601 1.5827e+00     0.3733     0.8872 0.0000e+00
        419  47.685192    0.02906     1.7434    104.601     22.209  50813.968    31.4065     4.2724     22.000     4.2716    24.9024     9.6183    13.7455    130.441    419.117    429.554    0.04053    7.37368   10.53773  321.30731     4.2709   16.49528 1.3347e+00     0.3785     0.9047 0.0000e+00
        423  47.685204    0.02933     1.7599    105.596     23.218  50816.049    31.4079     4.2742     23.000     4.2737    24.9033     9.8058    14.0135    132.991    427.287    437.928    0.04349    7.37329   10.53718  321.29005     4.2726   16.49445 1.1272e+00     0.3585     0.8707 0.0000e+00
        427  47.685215    0.02960     1.7764    106.584     24.228  50816.778    31.4083     4.2761     24.000     4.2751    24.9034     9.9969    14.2866    135.590    435.615    446.463    0.04606    7.37292   10.53664  321.27361     4.2745   16.49367 9.5209e-01     0.3402     0.8749 0.0000e+00
        431  47.685227    0.02988     1.7929    107.572     25.237  50818.326    31.4090     4.2771     25.000     4.2758    24.9040    10.1861    14.5569    138.159    443.857    454.911    0.04790    7.37270   10.53633  321.26408     4.2755   16.49321 8.0462e-01     0.3398     0.8635 0.0000e+00
        435  47.685238    0.03016     1.8094    108.566     26.247  50820.950    31.4105     4.2778     26.000     4.2763    24.9051    10.3652    14.8129    140.593    451.661    462.910    0.04850    7.37250   10.53604  321.25492     4.2761   16.49277 6.8044e-01     0.3407     0.8652 0.0000e+00
        439  47.685250    0.03044     1.8264    109.582     27.257  50824.294    31.4124     4.2780     27.000     4.2760    24.9065    10.5434    15.0676    143.012    459.426    470.869    0.04856    7.37238   10.53587  321.24941     4.2762   16.49250 5.7542e-01     0.3386     0.8653 0.0000e+00
        443  47.685261    0.03072     1.8433    110.600     28.266  50828.530    31.4147     4.2778     28.000     4.2764    24.9084    10.7101    15.3058    145.275    466.689    478.314    0.04786    7.37230   10.53575  321.24508     4.2760   16.49228 4.8712e-01     0.3336     0.8668 0.0000e+00
        447  47.685273    0.03100     1.8600    111.598     29.276  50835.996    31.4197     4.2798     29.000     4.2807    24.9122    10.8591    15.5186    147.308    473.178    484.966    0.04630    7.37169   10.53488  321.21738     4.2779   16.49095 4.1272e-01     0.3343     0.8693 0.0000e+00
        451  47.685284    0.03126     1.8756    112.539     30.286  50842.672    31.4253     4.2861     30.000     4.2878    24.9160    10.9923    15.7091    149.144    478.981    490.916    0.04481    7.37029   10.53288  321.15507     4.2841   16.48796 3.5079e-01     0.3090     0.8813 0.0000e+00
        455  47.685296    0.03156     1.8937    113.619     31.295  50844.509    31.4277     4.2937     31.000     4.2944    24.9172    11.1142    15.8834    150.829    484.296    496.363    0.04159    7.36881   10.53076  321.09012     4.2916   16.48486 2.9755e-01     0.2900     0.8588 0.0000e+00
        460  47.685310    0.03189     1.9135    114.809     32.304  50843.679    31.4281     4.2999     32.000     4.3003    24.9169    11.1882    15.9890    151.855    487.516    499.663    0.03472    7.36768   10.52915  321.04129     4.2978   16.48254 2.5312e-01     0.3079     0.8886 0.0000e+00
        465  47.685324    0.03223     1.9339    116.033     33.314  50849.585    31.4335     4.3080     33.000     4.3102    24.9204    11.2223    16.0379    152.354    489.003    501.189    0.02689    7.36597   10.52671  320.96560     4.3058   16.47892 2.1565e-01     0.3142     0.8656 0.0000e+00
        470  47.685338    0.03254     1.9527    117.161     34.324  50854.870    31.4388     4.3173     34.000     4.3187    24.9237    11.2358    16.0571    152.578    489.591    501.793    0.02043    7.36403   10.52394  320.88020     4.3151   16.47483 1.8370e-01     0.3081     0.8885 0.0000e+00
        474  47.685350    0.03284     1.9704    118.222     35.333  50861.655    31.4450     4.3262     35.000     4.3291    24.9277    11.2381    16.0605    152.648    489.689    501.896    0.01533    7.36214   10.52123  320.79629     4.3239   16.47082 1.5712e-01     0.3010     0.9137 0.0000e+00
        478  47.685362    0.03313     1.9875    119.251     36.342  50863.609    31.4482     4.3367     36.000     4.3392    24.9292    11.2223    16.0378    152.475    488.998    501.188    0.01056    7.36011   10.51834  320.70770     4.3343   16.46659 1.3521e-01     0.2965     0.9223 0.0000e+00
        482  47.685373    0.03341     2.0045    120.270     37.352  50867.940    31.4531     4.3474     37.000     4.3504    24.9321    11.1923    15.9948    152.111    487.688    499.847    0.00603    7.35797   10.51528  320.61345     4.3449   16.46209 1.1681e-01     0.2993     0.9255 0.0000e+00
        486  47.685385    0.03369     2.0214    121.285     38.362  50870.022    31.4566     4.3586     38.000     4.3609    24.9338    11.1454    15.9280    151.520    485.648    497.757    0.00139    7.35579   10.51217  320.51820     4.3560   16.45754 1.0147e-01     0.3031     0.9211 0.0000e+00
        490  47.685397    0.03397     2.0382    122.291     39.372  50869.581    31.4579     4.3677     39.000     4.3685    24.9339    11.0856    15.8425    150.741    483.040    495.084   -0.00300    7.35410   10.50975  320.44451     4.3651   16.45403 8.8754e-02     0.2991     0.9282 0.0000e+00
        494  47.685409    0.03426     2.0553    123.318     40.381  50871.731    31.4604     4.3746     40.000     4.3752    24.9352    11.0081    15.7316    149.713    479.660    491.621   -0.00755    7.35275   10.50781  320.38487     4.3720   16.45119 7.8214e-02     0.2904     0.9477 0.0000e+00
        498  47.685421    0.03454     2.0728    124.366     41.391  50873.040    31.4624     4.3813     41.000     4.3811    24.9361    10.9153    15.5991    148.479    475.618    487.479   -0.01199    7.35145   10.50596  320.32812     4.3786   16.44848 6.9579e-02     0.2896     0.9622 0.0000e+00
        503  47.685433    0.03484     2.0905    125.433     42.401  50871.912    31.4621     4.3860     42.000     4.3844    24.9355    10.8057    15.4425    147.005    470.843    482.584   -0.01640    7.35063   10.50479  320.29262     4.3832   16.44679 6.2542e-02     0.2957     1.0023 0.0000e+00
        507  47.685446    0.03515     2.1091    126.547     43.410  50877.152    31.4660     4.3896     43.000     4.3898    24.9382    10.6695    15.2479    145.168    464.908    476.503   -0.02121    7.34980   10.50361  320.25587     4.3867   16.44502 5.6869e-02     0.3093     0.9807 0.0000e+00
        512  47.685459    0.03547     2.1278    127.668     44.420  50885.052    31.4730     4.3984     44.000     4.4004    24.9428    10.5161    15.0285    143.117    458.218    469.648   -0.02586    7.34790   10.50088  320.17111     4.3954   16.44097 5.2305e-02     0.3180     0.9607 0.0000e+00
        516  47.685472    0.03578     2.1468    128.805     45.430  50883.387    31.4736     4.4084     45.000     4.4085    24.9423    10.3565    14.8005    140.979    451.265    462.521   -0.02950    7.34608   10.49828  320.09187     4.4054   16.43720 4.8653e-02     0.3165     0.9913 0.0000e+00
        521  47.685485    0.03608     2.1648    129.887     46.440  50881.038    31.4729     4.4148     46.000     4.4142    24.9412    10.1964    14.5717    138.821    444.291    455.372   -0.03265    7.34498   10.49671  320.04441     4.4117   16.43494 4.5751e-02     0.3063     1.0140 0.0000e+00
        525  47.685497    0.03637     2.1821    130.927     47.449  50887.586    31.4781     4.4200     47.000     4.4198    24.9448    10.0407    14.3490    136.723    437.501    448.415   -0.03507    7.34378   10.49500  319.99125     4.4169   16.43239 4.3187e-02     0.2989     1.0296 0.0000e+00
        529  47.685508    0.03666     2.1992    131.953     48.458  50894.187    31.4838     4.4271     48.000     4.4282    24.9485     9.8837    14.1248    134.613    430.661    441.406   -0.03697    7.34226   10.49283  319.92371     4.4238   16.42915 4.1138e-02     0.3008     1.0428 0.0000e+00
        533  47.685521    0.03694     2.2164    132.986     49.468  50893.764    31.4849     4.4354     49.000     4.4348    24.9486     9.7172    13.8869    132.373    423.407    433.970   -0.03894    7.34073   10.49064  319.85707     4.4320   16.42598 3.9554e-02     0.2987     1.0944 0.0000e+00
        537  47.685533    0.03723     2.2338    134.027     50.478  50898.538    31.4890     4.4413     50.000     4.4420    24.9513     9.5454    13.6413    130.055    415.918    426.295   -0.04082    7.33947   10.48883  319.80119     4.4379   16.42330 3.8394e-02     0.3062     1.1576 0.0000e+00
        541  47.685545    0.03752     2.2513    135.079     51.488  50900.907    31.4921     4.4501     51.000     4.4503    24.9529     9.3762    13.3995    127.780    408.546    418.740   -0.04188    7.33775   10.48638  319.72597     4.4467   16.41971 3.8029e-02     0.3109     1.2174 0.0000e+00
        546  47.685557    0.03782     2.2691    136.144     52.497  50899.533    31.4923     4.4571     52.000     4.4556    24.9522     9.2087    13.1601    125.519    401.249    411.261   -0.04244    7.33649   10.48458  319.67123     4.4536   16.41711 3.7981e-02     0.3067     1.2549 0.0000e+00
        550  47.685570    0.03812     2.2872    137.229     53.506  50898.187    31.4916     4.4603     53.000     4.4574    24.9514     9.0430    12.9233    123.269    394.029    403.861   -0.04259    7.33597   10.48383  319.64862     4.4568   16.41604 3.7977e-02     0.2988     1.2831 0.0000e+00
