CTD-processing/allCTD/CNV/2021_10-04_ab_s13_cast177_4141.cnv
* Sea-Bird SBE19plus Data File:
* FileName = C:\Users\steve\Desktop\GWA\CTD\2021_10-04_AB\2021_10-04_AB_S0_cast177.hex
* Software Version 1.59
* Temperature SN =  4141
* Conductivity SN =  4141
* System UpLoad Time = Oct 07 2021 15:28:24
** Cook Inlet LTM AB
** Date: 10-05-2021
** Station:S13
** Start Time (AKDT):11:31
** Depth (m):26
** Comment:
** Comment:
# nquan = 27
# nvalues = 19                          
# units = specified
# name 0 = scan: Scan Count
# name 1 = timeJ: Julian Days
# name 2 = timeH: Time, Elapsed [hours]
# name 3 = timeM: Time, Elapsed [minutes]
# name 4 = timeS: Time, Elapsed [seconds]
# name 5 = prdM: Pressure, Strain Gauge [db]
# name 6 = specc: Specific Conductance [uS/cm]
# name 7 = sal00: Salinity, Practical [PSU]
# name 8 = tv290C: Temperature [ITS-90, deg C]
# name 9 = depSM: Depth [salt water, m], lat = 59.00
# name 10 = potemp090C: Potential Temperature [ITS-90, deg C]
# name 11 = sigma-é00: Density [sigma-theta, kg/m^3]
# name 12 = sbeox0ML/L: Oxygen, SBE 43 [ml/l]
# name 13 = sbeox0Mg/L: Oxygen, SBE 43 [mg/l]
# name 14 = sbeox0PS: Oxygen, SBE 43 [% saturation]
# name 15 = sbox0Mm/Kg: Oxygen, SBE 43 [umol/kg]
# name 16 = sbeox0Mm/L: Oxygen, SBE 43 [umol/l]
# name 17 = sbox0dV/dT: Oxygen, SBE 43 [dov/dt]
# name 18 = oxsolML/L: Oxygen Saturation, Garcia & Gordon [ml/l]
# name 19 = oxsolMg/L: Oxygen Saturation, Garcia & Gordon [mg/l]
# name 20 = oxsolMm/Kg: Oxygen Saturation, Garcia & Gordon [umol/kg]
# name 21 = n2satMg/L: Nitrogen Saturation [mg/l]
# name 22 = par: PAR/Irradiance, Biospherical/Licor
# name 23 = wetStar: Fluorescence, WET Labs WETstar [mg/m^3]
# name 24 = CStarAt0: Beam Attenuation, WET Labs C-Star [1/m]
# name 25 = CStarTr0: Beam Transmission, WET Labs C-Star [%]
# name 26 = flag: flag
# span 0 =          7,        392       
# span 1 = 277.479693, 277.480807       
# span 2 =    0.00041,    0.02715       
# span 3 =     0.0247,     1.6294       
# span 4 =      1.482,     97.765       
# span 5 =      1.006,     19.171       
# span 6 =  47837.229,  48315.431       
# span 7 =    30.1911,    30.5633       
# span 8 =     8.3912,     9.3702       
# span 9 =      1.000,     19.000       
# span 10 =     8.6160,     9.3688      
# span 11 =    23.3703,    23.6165      
# span 12 =     5.7943,     7.0319      
# span 13 =     8.2807,    10.0492      
# span 14 =     87.789,    104.231      
# span 15 =    252.819,    306.836      
# span 16 =    258.774,    314.045      
# span 17 =   -0.01683,    0.00919      
# span 18 =    6.59078,    6.74702      
# span 19 =    9.41889,    9.64216      
# span 20 =  287.57671,  294.40343      
# span 21 =   14.89093,   15.21801      
# span 22 = 1.7557e+00, 1.8827e+02      
# span 23 =     0.3305,     2.7028      
# span 24 =     0.7315,     1.0648      
# span 25 =    76.1199,    83.2867      
# span 26 = 0.0000e+00, 0.0000e+00      
# interval = meters: 1                  
# start_time = Oct 04 2021 11:30:44 [Instrument's time stamp, header]
# bad_flag = -9.990e-29
*END*
          7 277.479693    0.00041     0.0247      1.482      1.006  48039.153    30.2597     8.3912      1.000     8.6160    23.4979     7.0319    10.0492    104.231    306.836    314.045    0.00919    6.74702    9.64216  294.40343   15.21801 1.8827e+02     0.3305     1.0648    76.1199 0.0000e+00
        331 277.480632    0.02293     1.3762     82.571      2.021  47837.229    30.1911     8.8997      2.000     8.8871    23.3703     6.0076     8.5855     90.041    262.174    268.301    0.00156    6.67304    9.53644  291.21213   15.06588 1.5777e+02     1.4483     0.9798    78.3210 0.0000e+00
        309 277.480566    0.02137     1.2821     76.928      3.027  47912.578    30.2415     8.8885      3.000     8.8962    23.4112     6.0977     8.7142     91.383    266.092    272.322    0.00193    6.67262    9.53584  291.18216   15.06424 9.2225e+01     1.3026     0.9824    78.2242 0.0000e+00
        314 277.480582    0.02176     1.3054     78.325      4.037  47937.046    30.2603     8.9042      4.000     8.9103    23.4237     6.1122     8.7350     91.645    266.724    272.972    0.00256    6.66946    9.53132  291.04084   15.05741 6.6862e+01     1.8747     0.9653    78.5580 0.0000e+00
        320 277.480599    0.02216     1.3296     79.776      5.048  47941.257    30.2652     8.9216      5.000     8.9241    23.4249     6.1431     8.7791     92.147    268.072    274.352    0.00431    6.66666    9.52732  290.91835   15.05154 4.9654e+01     2.2724     0.9518    78.8240 0.0000e+00
        326 277.480616    0.02256     1.3537     81.221      6.058  48175.129    30.4372     8.9866      6.000     9.0511    23.5496     6.1425     8.7783     92.375    268.014    274.326    0.00400    6.64960    9.50294  290.13827   15.01357 3.6966e+01     2.4197     0.9247    79.3616 0.0000e+00
        331 277.480632    0.02295     1.3766     82.593      7.067  48315.431    30.5633     9.1955      7.000     9.2868    23.6165     6.1354     8.7681     92.773    267.686    274.008    0.00495    6.61333    9.45112  288.53728   14.93654 2.7929e+01     2.7028     0.8377    81.1094 0.0000e+00
        337 277.480647    0.02330     1.3984     83.901      8.075  48193.018    30.4987     9.3582      8.000     9.3688    23.5410     6.0757     8.6828     92.164    265.100    271.341    0.00055    6.59223    9.42096  287.63770   14.89381 2.2007e+01     2.6940     0.7474    82.9569 0.0000e+00
        342 277.480663    0.02368     1.4206     85.237      9.085  48180.612    30.4912     9.3702      9.000     9.3580    23.5333     5.9229     8.4645     89.867    258.436    264.518   -0.01239    6.59078    9.41889  287.57671   14.89093 1.7482e+01     2.1340     0.7315    83.2867 0.0000e+00
        347 277.480677    0.02404     1.4424     86.541     10.095  48213.931    30.5094     9.3352     10.000     9.3276    23.5530     5.8304     8.3323     88.405    254.395    260.386   -0.01683    6.59513    9.42510  287.76074   14.89965 1.3874e+01     1.9408     0.7638    82.6185 0.0000e+00
        352 277.480692    0.02440     1.4638     87.826     11.104  48227.437    30.5173     9.3263     11.000     9.3244    23.5605     5.7998     8.2885     87.927    253.057    259.019   -0.01422    6.59610    9.42649  287.80110   14.90155 1.0979e+01     1.5262     0.7557    82.7855 0.0000e+00
        357 277.480707    0.02475     1.4851     89.105     12.114  48222.866    30.5130     9.3214     12.000     9.3136    23.5580     5.7943     8.2807     87.833    252.819    258.774   -0.01013    6.59700    9.42777  287.84095   14.90347 8.7221e+00     1.3520     0.7630    82.6352 0.0000e+00
        362 277.480722    0.02510     1.5060     90.361     13.123  48232.037    30.5170     9.3060     13.000     9.3012    23.5636     5.7948     8.2813     87.812    252.838    258.795   -0.00709    6.59908    9.43074  287.93016   14.90772 6.9333e+00     1.4174     0.7731    82.4244 0.0000e+00
        367 277.480736    0.02545     1.5270     91.619     14.134  48227.521    30.5119     9.2944     14.000     9.2823    23.5613     5.7997     8.2883     87.861    253.051    259.013   -0.00453    6.60101    9.43350  288.01510   14.91180 5.5114e+00     1.4727     0.7817    82.2493 0.0000e+00
        372 277.480750    0.02578     1.5470     92.820     15.141  48241.829    30.5183     9.2706     15.000     9.2632    23.5700     5.7978     8.2856     87.789    252.967    258.929   -0.00363    6.60422    9.43809  288.15256   14.91834 4.3759e+00     1.4320     0.7916    82.0444 0.0000e+00
        377 277.480765    0.02614     1.5682     94.091     16.154  48251.691    30.5232     9.2584     16.000     9.2554    23.5757     5.8059     8.2971     87.890    253.316    259.288   -0.00199    6.60579    9.44033  288.21962   14.92153 3.4674e+00     1.2519     0.8047    81.7768 0.0000e+00
        382 277.480779    0.02647     1.5882     95.293     17.160  48256.605    30.5260     9.2565     17.000     9.2558    23.5781     5.8122     8.3061     87.984    253.592    259.570   -0.00092    6.60595    9.44057  288.22594   14.92182 2.7589e+00     1.2054     0.8007    81.8588 0.0000e+00
        387 277.480793    0.02682     1.6089     96.535     18.172  48251.004    30.5217     9.2577     18.000     9.2537    23.5747     5.8224     8.3208     88.139    254.039    260.028    0.00020    6.60596    9.44057  288.22715   14.92189 2.2004e+00     1.2777     0.8121    81.6258 0.0000e+00
        392 277.480807    0.02715     1.6294     97.765     19.171  48253.450    30.5224     9.2528     19.000     9.2498    23.5760     5.8234     8.3223     88.145    254.084    260.074    0.00016    6.60665    9.44157  288.25722   14.92333 1.7557e+00     1.3682     0.8109    81.6512 0.0000e+00
