CTD-processing/allCTD/CNV/2021_05-23_ab_s03_cast043_4141.cnv
* Sea-Bird SBE19plus Data File:
* FileName = C:\Users\steve\Desktop\GWA\CTD\2021_05-23_AB\2021_05-23_AB_S0_cast043.hex
* Software Version 1.59
* Temperature SN =  4141
* Conductivity SN =  4141
* System UpLoad Time = May 24 2021 14:14:10
** Cook Inlet LTM AB
** Date: 05-23-2021
** Station:S03
** Start Time (AKDT):10:50
** Depth (m):110
** Comment:
** Comment:
# nquan = 27
# nvalues = 103                         
# units = specified
# name 0 = scan: Scan Count
# name 1 = timeJ: Julian Days
# name 2 = timeH: Time, Elapsed [hours]
# name 3 = timeM: Time, Elapsed [minutes]
# name 4 = timeS: Time, Elapsed [seconds]
# name 5 = prdM: Pressure, Strain Gauge [db]
# name 6 = specc: Specific Conductance [uS/cm]
# name 7 = sal00: Salinity, Practical [PSU]
# name 8 = tv290C: Temperature [ITS-90, deg C]
# name 9 = depSM: Depth [salt water, m], lat = 59.00
# name 10 = potemp090C: Potential Temperature [ITS-90, deg C]
# name 11 = sigma-é00: Density [sigma-theta, kg/m^3]
# name 12 = sbeox0ML/L: Oxygen, SBE 43 [ml/l]
# name 13 = sbeox0Mg/L: Oxygen, SBE 43 [mg/l]
# name 14 = sbeox0PS: Oxygen, SBE 43 [% saturation]
# name 15 = sbox0Mm/Kg: Oxygen, SBE 43 [umol/kg]
# name 16 = sbeox0Mm/L: Oxygen, SBE 43 [umol/l]
# name 17 = sbox0dV/dT: Oxygen, SBE 43 [dov/dt]
# name 18 = oxsolML/L: Oxygen Saturation, Garcia & Gordon [ml/l]
# name 19 = oxsolMg/L: Oxygen Saturation, Garcia & Gordon [mg/l]
# name 20 = oxsolMm/Kg: Oxygen Saturation, Garcia & Gordon [umol/kg]
# name 21 = n2satMg/L: Nitrogen Saturation [mg/l]
# name 22 = par: PAR/Irradiance, Biospherical/Licor
# name 23 = wetStar: Fluorescence, WET Labs WETstar [mg/m^3]
# name 24 = CStarAt0: Beam Attenuation, WET Labs C-Star [1/m]
# name 25 = CStarTr0: Beam Transmission, WET Labs C-Star [%]
# name 26 = flag: flag
# span 0 =        595,       1064       
# span 1 = 126.453062, 126.454419       
# span 2 =    0.04128,    0.07382       
# span 3 =     2.4766,     4.4294       
# span 4 =    148.598,    265.765       
# span 5 =      1.011,    103.988       
# span 6 =  50354.629,  51353.480       
# span 7 =    31.5452,    31.8222       
# span 8 =     4.5551,     6.4102       
# span 9 =      1.000,    103.000       
# span 10 =     4.5452,     6.4050      
# span 11 =    24.7736,    25.1885      
# span 12 =     5.7427,     8.0012      
# span 13 =     8.2069,    11.4345      
# span 14 =     82.022,    113.931      
# span 15 =    250.269,    348.625      
# span 16 =    256.469,    357.334      
# span 17 =   -0.00710,    0.08139      
# span 18 =    6.99728,    7.30426      
# span 19 =    9.99981,   10.43852      
# span 20 =  304.88814,  318.19520      
# span 21 =   15.71198,   16.34566      
# span 22 = 3.9035e-02, 1.3584e+02      
# span 23 =     0.1933,     5.9198      
# span 24 =     0.2943,     1.1667      
# span 25 =    74.7018,    92.9067      
# span 26 = 0.0000e+00, 0.0000e+00      
# interval = meters: 1                  
# start_time = May 06 2021 10:49:56 [Instrument's time stamp, header]
# bad_flag = -9.990e-29
*END*
        595 126.453062    0.04128     2.4766    148.598      1.011  50354.629    31.5452     6.4102      1.000     6.4050    24.7736     5.7427     8.2069     82.022    250.269    256.469    0.00258    7.00141   10.00572  305.12418   15.72417 4.2823e+01     0.3194     0.4356    89.6839 0.0000e+00
        600 126.453077    0.04162     2.4973    149.839      2.023  50422.079    31.5877     6.3900      2.000     6.3776    24.8096     6.1247     8.7528     87.462    266.908    273.530    0.02745    7.00275   10.00763  305.17156   15.72627 4.1335e+01     0.3126     0.4748    88.8088 0.0000e+00
        605 126.453090    0.04193     2.5161    150.967      3.025  50540.232    31.6651     6.3682      3.000     6.3632    24.8734     6.7916     9.7059     96.985    295.951    303.312    0.06928    7.00272   10.00759  305.15133   15.72498 4.1864e+01     0.3178     0.5268    87.6604 0.0000e+00
        610 126.453104    0.04227     2.5363    152.176      4.041  50627.650    31.7233     6.3582      4.000     6.3534    24.9205     7.1991    10.2882    102.820    313.695    321.512    0.08139    7.00166   10.00606  305.09101   15.72187 4.6203e+01     0.3268     0.5635    86.8600 0.0000e+00
        614 126.453118    0.04260     2.5561    153.367      5.046  50670.560    31.7505     6.3472      5.000     6.3422    24.9434     7.2041    10.2953    102.883    313.904    321.733    0.05972    7.00219   10.00683  305.10749   15.72254 6.5065e+01     0.3369     0.6057    85.9498 0.0000e+00
        620 126.453133    0.04297     2.5783    154.700      6.058  50699.914    31.7680     6.3347      6.000     6.3306    24.9588     7.1717    10.2491    102.403    312.490    320.289    0.03814    7.00341   10.00858  305.15634   15.72480 1.0784e+02     0.3209     0.6034    85.9993 0.0000e+00
        625 126.453147    0.04332     2.5991    155.949      7.064  50711.701    31.7741     6.3263      7.000     6.3225    24.9647     7.2326    10.3361    103.256    315.141    323.009    0.03100    7.00451   10.01016  305.20243   15.72697 1.3376e+02     0.4347     0.6242    85.5522 0.0000e+00
        630 126.453162    0.04367     2.6204    157.221      8.080  50718.039    31.7766     6.3190      8.000     6.3159    24.9676     7.3099    10.4467    104.344    318.510    326.461    0.02712    7.00560   10.01170  305.24857   15.72916 1.3361e+02     0.3552     0.6196    85.6517 0.0000e+00
        635 126.453176    0.04400     2.6397    158.380      9.083  50726.760    31.7811     6.3133      9.000     6.3101    24.9718     7.3455    10.4974    104.841    320.056    328.048    0.02242    7.00632   10.01273  305.27876   15.73058 1.3584e+02     0.2427     0.6173    85.6987 0.0000e+00
        639 126.453190    0.04434     2.6601    159.608     10.099  50729.291    31.7814     6.3076     10.000     6.3056    24.9727     7.3653    10.5257    105.109    320.918    328.933    0.01697    7.00724   10.01406  305.31895   15.73249 1.0237e+02     0.3151     0.6452    85.1053 0.0000e+00
        644 126.453202    0.04462     2.6776    160.658     11.105  50737.389    31.7863     6.3066     11.000     6.3072    24.9767     7.3482    10.5013    104.866    320.174    328.171    0.01177    7.00717   10.01396  305.31472   15.73228 9.8499e+01     0.1933     0.6536    84.9264 0.0000e+00
        648 126.453214    0.04491     2.6944    161.665     12.111  50761.362    31.8038     6.3136     12.000     6.3251    24.9897     7.3572    10.5142    105.025    320.562    328.573    0.00864    7.00523   10.01118  305.22636   15.72799 7.3644e+01     0.3807     0.6870    84.2219 0.0000e+00
        652 126.453226    0.04522     2.7128    162.768     13.125  50770.430    31.8158     6.3464     13.000     6.3604    24.9951     7.5417    10.7777    107.749    328.597    336.810    0.01983    6.99931   10.00272  304.96665   15.71557 6.2236e+01     1.4564     0.7316    83.2865 0.0000e+00
        656 126.453239    0.04552     2.7309    163.854     14.135  50708.460    31.7768     6.3699     14.000     6.3457    24.9614     7.7512    11.0772    110.773    337.736    346.167    0.03059    6.99728    9.99981  304.88814   15.71198 5.2995e+01     2.8577     0.7803    82.2791 0.0000e+00
        660 126.453250    0.04578     2.7467    164.802     15.139  50670.277    31.7369     6.3017     15.000     6.2528    24.9384     7.9075    11.3006    112.798    344.556    353.149    0.03434    7.01028   10.01838  305.46116   15.73945 4.1114e+01     3.9384     0.6680    84.6280 0.0000e+00
        664 126.453262    0.04607     2.7643    165.858     16.151  50752.607    31.7767     6.2138     16.000     6.1934    24.9806     8.0012    11.4345    113.931    348.625    357.334    0.03183    7.02284   10.03635  305.99617   15.76480 3.5547e+01     5.9198     0.5753    86.6055 0.0000e+00
        669 126.453275    0.04637     2.7824    166.946     17.162  50788.876    31.7953     6.1826     17.000     6.1751    24.9992     7.9458    11.3554    113.074    346.205    354.860    0.01959    7.02710   10.04243  306.17619   15.77330 2.9857e+01     3.7789     0.5549    87.0473 0.0000e+00
        673 126.453287    0.04667     2.8000    167.998     18.170  50791.177    31.7940     6.1695     18.000     6.1615    24.9997     7.8294    11.1891    111.382    341.134    349.663    0.00570    7.02934   10.04562  306.27351   15.77795 2.5757e+01     4.1907     0.5489    87.1785 0.0000e+00
        677 126.453300    0.04696     2.8178    169.067     19.177  50779.697    31.7824     6.1535     19.000     6.1366    24.9926     7.7548    11.0824    110.271    337.884    346.329   -0.00189    7.03250   10.05015  306.41345   15.78466 2.1560e+01     3.2591     0.5387    87.4007 0.0000e+00
        682 126.453313    0.04729     2.8378    170.268     20.194  50789.764    31.7813     6.1143     20.000     6.0979    24.9965     7.7249    11.0396    109.744    336.581    344.995   -0.00426    7.03902   10.05947  306.69651   15.79816 1.8559e+01     3.7709     0.5347    87.4884 0.0000e+00
        686 126.453326    0.04759     2.8553    171.319     21.194  50792.541    31.7765     6.0820     21.000     6.0632    24.9966     7.7135    11.0233    109.495    336.082    344.483   -0.00461    7.04456   10.06738  306.93763   15.80967 1.5977e+01     4.2115     0.4997    88.2578 0.0000e+00
        691 126.453339    0.04793     2.8756    172.538     22.211  50819.906    31.7883     6.0477     22.000     6.0367    25.0100     7.7057    11.0122    109.306    335.742    344.138   -0.00439    7.04969   10.07472  307.15740   15.82009 1.3679e+01     2.9002     0.4508    89.3405 0.0000e+00
        696 126.453354    0.04827     2.8961    173.767     23.217  50823.971    31.7854     6.0211     23.000     6.0072    25.0109     7.6953    10.9974    109.088    335.287    343.673   -0.00420    7.05425   10.08123  307.35560   15.82955 1.1849e+01     2.0887     0.4474    89.4191 0.0000e+00
        701 126.453368    0.04860     2.9163    174.978     24.234  50832.277    31.7852     5.9932     24.000     5.9764    25.0141     7.6737    10.9666    108.710    334.346    342.709   -0.00514    7.05887   10.08784  307.55607   15.83910 1.0213e+01     2.4644     0.4629    89.0766 0.0000e+00
        705 126.453380    0.04889     2.9334    176.001     25.234  50848.059    31.7893     5.9613     25.000     5.9469    25.0213     7.6661    10.9556    108.524    334.009    342.367   -0.00494    7.06397   10.09511  307.77586   15.84956 8.8630e+00     2.7897     0.4209    90.0129 0.0000e+00
        710 126.453393    0.04921     2.9525    177.151     26.252  50871.023    31.8001     5.9382     26.000     5.9292    25.0326     7.6549    10.9396    108.314    333.519    341.867   -0.00465    7.06731   10.09989  307.91816   15.85629 7.6661e+00     2.0240     0.4154    90.1368 0.0000e+00
        713 126.453404    0.04948     2.9687    178.120     27.255  50876.784    31.8005     5.9223     27.000     5.9107    25.0348     7.6391    10.9171    108.052    332.833    341.165   -0.00509    7.06993   10.10363  308.03138   15.86168 6.7615e+00     2.4813     0.3810    90.9142 0.0000e+00
        718 126.453416    0.04977     2.9860    179.163     28.263  50892.501    31.8074     5.9047     28.000     5.8954    25.0423     7.6272    10.9001    107.843    332.309    340.631   -0.00496    7.07254   10.10736  308.14306   15.86698 5.9445e+00     2.5170     0.3848    90.8275 0.0000e+00
        722 126.453430    0.05009     3.0053    180.317     29.280  50902.936    31.8110     5.8888     29.000     5.8801    25.0471     7.6081    10.8727    107.535    331.474    339.777   -0.00522    7.07501   10.11089  308.24909   15.87202 5.2115e+00     1.3122     0.3646    91.2881 0.0000e+00
        726 126.453441    0.05037     3.0221    181.328     30.285  50920.983    31.8210     5.8789     30.000     5.8754    25.0561     7.5799    10.8325    107.119    330.245    338.520   -0.00614    7.07619   10.11258  308.29788   15.87430 4.6474e+00     1.3559     0.3356    91.9527 0.0000e+00
        730 126.453453    0.05065     3.0390    182.338     31.295  50908.911    31.8116     5.8757     31.000     5.8626    25.0490     7.5491    10.7883    106.667    328.900    337.139   -0.00710    7.07716   10.11397  308.34227   15.87645 4.1471e+00     1.3240     0.3182    92.3524 0.0000e+00
        735 126.453466    0.05096     3.0577    183.461     32.301  50903.827    31.8007     5.8412     32.000     5.8186    25.0446     7.5378    10.7723    106.414    328.412    336.637   -0.00664    7.08344   10.12294  308.61713   15.88959 3.6912e+00     1.1400     0.3359    91.9472 0.0000e+00
        740 126.453480    0.05130     3.0781    184.687     33.319  50926.115    31.8060     5.7935     33.000     5.7746    25.0545     7.5338    10.7666    106.243    328.239    336.462   -0.00578    7.09114   10.13395  308.94994   15.90543 3.2290e+00     1.4842     0.3233    92.2360 0.0000e+00
        744 126.453492    0.05160     3.0957    185.743     34.321  50945.518    31.8127     5.7622     34.000     5.7501    25.0634     7.5482    10.7871    106.371    328.858    337.100   -0.00384    7.09607   10.14099  309.16183   15.91549 2.8979e+00     1.0779     0.3069    92.6132 0.0000e+00
        749 126.453506    0.05192     3.1155    186.930     35.333  50964.824    31.8222     5.7461     35.000     5.7405    25.0728     7.5385    10.7732    106.201    328.434    336.668   -0.00350    7.09831   10.14420  309.25659   15.91997 2.5877e+00     1.7931     0.3023    92.7203 0.0000e+00
        754 126.453521    0.05227     3.1363    188.181     36.342  50956.017    31.8128     5.7321     36.000     5.7202    25.0670     7.5139    10.7382    105.814    327.366    335.572   -0.00455    7.10111   10.14819  309.38025   15.92590 2.3119e+00     1.1489     0.3119    92.4992 0.0000e+00
        759 126.453536    0.05263     3.1578    189.470     37.350  50969.040    31.8171     5.7111     37.000     5.7028    25.0729     7.4964    10.7132    105.518    326.602    334.791   -0.00478    7.10443   10.15295  309.52348   15.93271 2.0656e+00     1.1463     0.3058    92.6408 0.0000e+00
        764 126.453550    0.05299     3.1795    190.770     38.366  50974.502    31.8179     5.6989     38.000     5.6913    25.0750     7.4946    10.7106    105.463    326.523    334.710   -0.00374    7.10644   10.15581  309.61002   15.93682 1.8499e+00     0.6325     0.3005    92.7645 0.0000e+00
        769 126.453564    0.05332     3.1992    191.951     39.367  50978.601    31.8179     5.6870     39.000     5.6802    25.0763     7.4961    10.7127    105.454    326.587    334.776   -0.00284    7.10843   10.15866  309.69662   15.94095 1.6536e+00     1.0715     0.2974    92.8346 0.0000e+00
        774 126.453579    0.05368     3.2209    193.252     40.387  50981.468    31.8176     5.6786     40.000     5.6706    25.0771     7.4921    10.7068    105.375    326.408    334.593   -0.00241    7.10986   10.16070  309.75838   15.94389 1.4789e+00     0.7030     0.3005    92.7632 0.0000e+00
        778 126.453591    0.05397     3.2381    194.285     41.387  50980.758    31.8141     5.6662     41.000     5.6558    25.0758     7.4842    10.6956    105.231    326.065    334.242   -0.00264    7.11211   10.16392  309.85700   15.94861 1.3275e+00     0.9691     0.3446    91.7460 0.0000e+00
        783 126.453605    0.05430     3.2575    195.449     42.403  50984.416    31.8126     5.6489     42.000     5.6374    25.0766     7.4778    10.6866    105.098    325.791    333.961   -0.00270    7.11508   10.16817  309.98627   15.95477 1.1877e+00     0.7543     0.3045    92.6725 0.0000e+00
        787 126.453617    0.05459     3.2755    196.530     43.411  50999.939    31.8200     5.6348     43.000     5.6288    25.0841     7.4859    10.6982    105.183    326.142    334.323   -0.00171    7.11711   10.17106  310.07225   15.95884 1.0631e+00     0.8290     0.2943    92.9067 0.0000e+00
        791 126.453629    0.05488     3.2929    197.576     44.420  50999.950    31.8184     5.6297     44.000     5.6227    25.0835     7.4913    10.7060    105.245    326.378    334.565   -0.00106    7.11805   10.17241  310.11341   15.96081 9.5427e-01     0.5370     0.2965    92.8555 0.0000e+00
        795 126.453641    0.05517     3.3102    198.614     45.428  50996.878    31.8140     5.6208     45.000     5.6118    25.0810     7.4942    10.7100    105.260    326.503    334.691   -0.00079    7.11975   10.17484  310.18840   15.96440 8.5783e-01     0.4742     0.2991    92.7946 0.0000e+00
        800 126.453654    0.05548     3.3287    199.725     46.441  50999.838    31.8131     5.6088     46.000     5.6001    25.0817     7.4985    10.7161    105.289    326.688    334.881   -0.00038    7.12181   10.17778  310.27774   15.96865 7.6903e-01     0.9217     0.3004    92.7656 0.0000e+00
        804 126.453666    0.05577     3.3463    200.780     47.448  51010.843    31.8185     5.6003     47.000     5.5959    25.0869     7.4830    10.6940    105.055    326.016    334.195   -0.00156    7.12300   10.17948  310.32791   15.97102 6.8726e-01     0.7681     0.3149    92.4289 0.0000e+00
        808 126.453679    0.05607     3.3641    201.845     48.459  51012.412    31.8189     5.5995     48.000     5.5949    25.0874     7.4988    10.7166    105.275    326.702    334.898   -0.00034    7.12310   10.17963  310.33238   15.97123 6.1580e-01     0.9143     0.3183    92.3518 0.0000e+00
        813 126.453691    0.05637     3.3820    202.921     49.465  50990.916    31.8022     5.5928     49.000     5.5785    25.0749     7.5024    10.7218    105.297    326.863    335.060   -0.00026    7.12503   10.18239  310.42017   15.97549 5.5285e-01     0.9976     0.3113    92.5114 0.0000e+00
        817 126.453705    0.05669     3.4014    204.083     50.482  51009.370    31.8102     5.5718     50.000     5.5633    25.0836     7.5078    10.7294    105.326    327.094    335.299    0.00020    7.12820   10.18691  310.55554   15.98190 4.9473e-01     1.0258     0.3252    92.1925 0.0000e+00
        821 126.453716    0.05697     3.4185    205.112     51.484  51002.102    31.8026     5.5620     51.000     5.5489    25.0789     7.4990    10.7168    105.172    326.712    334.906   -0.00094    7.13021   10.18978  310.64437   15.98616 4.4208e-01     0.8790     0.3482    91.6617 0.0000e+00
        826 126.453729    0.05728     3.4367    206.203     52.501  50997.862    31.7941     5.5374     52.000     5.5209    25.0749     7.5074    10.7289    105.223    327.079    335.281   -0.00047    7.13477   10.19631  310.84460   15.99573 3.9106e-01     1.1609     0.3691    91.1860 0.0000e+00
        830 126.453741    0.05756     3.4535    207.209     53.505  51014.780    31.8011     5.5170     53.000     5.5060    25.0828     7.5103    10.7331    105.219    327.205    335.413   -0.00055    7.13788   10.20074  310.97740   16.00203 3.4664e-01     0.8222     0.4002    90.4800 0.0000e+00
