CTD-processing/allCTD/CNV/2021_01-13_t9_s02_cast118_5028.cnv
* Sea-Bird SBE19plus Data File:
* FileName = C:\Users\steve\Desktop\GWA CTD\2021_01-13_T9\2020_12-28_T9_S0_cast118.hex
* Software Version 1.59
* Temperature SN =  5028
* Conductivity SN =  5028
* System UpLoad Time = Jan 14 2021 15:10:42
** Cook Inlet LTM T9
** Date: 01-13-2020
** Station:S02
** Start Time (AKST):13:24
** Depth (m):80
** Comment:
** Comment:
# nquan = 27
# nvalues = 70                          
# units = specified
# name 0 = scan: Scan Count
# name 1 = timeJ: Julian Days
# name 2 = timeH: Time, Elapsed [hours]
# name 3 = timeM: Time, Elapsed [minutes]
# name 4 = timeS: Time, Elapsed [seconds]
# name 5 = prdM: Pressure, Strain Gauge [db]
# name 6 = specc: Specific Conductance [uS/cm]
# name 7 = sal00: Salinity, Practical [PSU]
# name 8 = tv290C: Temperature [ITS-90, deg C]
# name 9 = depSM: Depth [salt water, m], lat = 59.00
# name 10 = potemp090C: Potential Temperature [ITS-90, deg C]
# name 11 = sigma-é00: Density [sigma-theta, kg/m^3]
# name 12 = sbeox0ML/L: Oxygen, SBE 43 [ml/l]
# name 13 = sbeox0Mg/L: Oxygen, SBE 43 [mg/l]
# name 14 = sbeox0PS: Oxygen, SBE 43 [% saturation]
# name 15 = sbox0Mm/Kg: Oxygen, SBE 43 [umol/kg]
# name 16 = sbeox0Mm/L: Oxygen, SBE 43 [umol/l]
# name 17 = sbox0dV/dT: Oxygen, SBE 43 [dov/dt]
# name 18 = oxsolML/L: Oxygen Saturation, Garcia & Gordon [ml/l]
# name 19 = oxsolMg/L: Oxygen Saturation, Garcia & Gordon [mg/l]
# name 20 = oxsolMm/Kg: Oxygen Saturation, Garcia & Gordon [umol/kg]
# name 21 = potemp090C: Potential Temperature [ITS-90, deg C]
# name 22 = n2satMg/L: Nitrogen Saturation [mg/l]
# name 23 = par: PAR/Irradiance, Biospherical/Licor
# name 24 = flECO-AFL: Fluorescence, WET Labs ECO-AFL/FL [mg/m^3]
# name 25 = turbWETntu0: Turbidity, WET Labs ECO [NTU]
# name 26 = flag: flag
# span 0 =        260,        573       
# span 1 =  13.600518,  13.601425       
# span 2 =    0.01799,    0.03974       
# span 3 =     1.0796,     2.3847       
# span 4 =     64.775,    143.081       
# span 5 =      1.010,     70.672       
# span 6 =  50036.011,  50207.746       
# span 7 =    31.0971,    31.2870       
# span 8 =     5.2500,     5.7695       
# span 9 =      1.000,     70.000       
# span 10 =     5.2500,     5.7641      
# span 11 =    24.5552,    24.6484      
# span 12 =     6.1929,    11.0178      
# span 13 =     8.8502,    15.7454      
# span 14 =     85.813,    154.525      
# span 15 =    269.944,    480.222      
# span 16 =    276.574,    492.052      
# span 17 =   -0.03545,    0.08382      
# span 18 =    7.11974,    7.21707      
# span 19 =   10.17481,   10.31392      
# span 20 =  310.31915,  314.58931      
# span 21 =     5.2498,     5.7641      
# span 22 =   15.97278,   16.17688      
# span 23 = 3.7976e-02, 3.3737e+01      
# span 24 =     0.2338,     0.2925      
# span 25 =     0.7460,     1.1499      
# span 26 = 0.0000e+00, 0.0000e+00      
# interval = meters: 1                  
# start_time = Jan 13 2021 14:23:40 [Instrument's time stamp, header]
# bad_flag = -9.990e-29
*END*
[from data line 54]
        504  13.601223    0.03491     2.0949    125.691     55.526  50183.411    31.2688     5.7232     55.000     5.7191    24.6384     9.2013    13.1496    129.081    401.049    410.930   -0.03221    7.12834   10.18711  310.69654     5.7190   15.99083 3.7976e-02     0.2486     0.8617 0.0000e+00
        508  13.601236    0.03522     2.1130    126.782     56.536  50184.062    31.2688     5.7233     56.000     5.7191    24.6384     9.0696    12.9613    127.233    395.307    405.048   -0.03306    7.12832   10.18708  310.69551     5.7191   15.99078 3.7976e-02     0.2338     0.8230 0.0000e+00
        513  13.601249    0.03553     2.1315    127.889     57.546  50185.355    31.2693     5.7237     57.000     5.7198    24.6387     8.9396    12.7756    125.411    389.641    399.242   -0.03339    7.12823   10.18695  310.69168     5.7193   15.99059 3.7976e-02     0.2462     0.8299 0.0000e+00
        517  13.601262    0.03583     2.1499    128.996     58.556  50187.948    31.2710     5.7256     58.000     5.7225    24.6398     8.8078    12.5873    123.569    383.898    393.357   -0.03369    7.12785   10.18639  310.67438     5.7211   15.98977 3.7976e-02     0.2514     0.8166 0.0000e+00
        522  13.601275    0.03615     2.1691    130.145     59.565  50188.590    31.2715     5.7289     59.000     5.7255    24.6399     8.6642    12.3821    121.565    377.640    386.945   -0.03438    7.12726   10.18557  310.64914     5.7243   15.98856 3.7976e-02     0.2479     0.7710 0.0000e+00
        526  13.601288    0.03647     2.1883    131.298     60.575  50189.680    31.2724     5.7317     60.000     5.7281    24.6403     8.5174    12.1723    119.514    371.242    380.390   -0.03514    7.12675   10.18483  310.62657     5.7270   15.98748 3.7976e-02     0.2420     0.7689 0.0000e+00
        531  13.601302    0.03681     2.2088    132.527     61.585  50189.591    31.2724     5.7344     61.000     5.7301    24.6400     8.3656    11.9553    117.391    364.624    373.609   -0.03533    7.12629   10.18419  310.60696     5.7296   15.98655 3.7976e-02     0.2400     0.7460 0.0000e+00
        536  13.601317    0.03717     2.2302    133.813     62.594  50190.021    31.2724     5.7353     62.000     5.7308    24.6399     8.2091    11.7316    115.197    357.802    366.618   -0.03534    7.12613   10.18396  310.59984     5.7305   15.98620 3.7976e-02     0.2342     0.7732 0.0000e+00
        541  13.601332    0.03752     2.2513    135.078     63.604  50189.261    31.2714     5.7352     63.000     5.7301    24.6391     8.0539    11.5099    113.019    351.041    359.690   -0.03545    7.12619   10.18404  310.60287     5.7304   15.98636 3.7976e-02     0.2461     0.7624 0.0000e+00
        546  13.601346    0.03787     2.2720    136.317     64.614  50193.227    31.2738     5.7364     64.000     5.7326    24.6410     7.9216    11.3207    111.166    345.270    353.778   -0.03415    7.12588   10.18360  310.58872     5.7314   15.98568 3.7976e-02     0.2565     0.7882 0.0000e+00
        551  13.601361    0.03821     2.2926    137.557     65.624  50196.370    31.2761     5.7395     65.000     5.7369    24.6424     7.8003    11.1473    109.473    339.982    348.359   -0.03234    7.12525   10.18270  310.56080     5.7344   15.98433 3.7976e-02     0.2466     0.8746 0.0000e+00
        556  13.601373    0.03852     2.3111    138.666     66.634  50206.547    31.2842     5.7473     66.000     5.7470    24.6479     7.7051    11.0113    108.163    335.830    344.107   -0.03021    7.12355   10.18027  310.48499     5.7422   15.98068 3.7976e-02     0.2437     0.8248 0.0000e+00
        560  13.601386    0.03881     2.3287    139.722     67.643  50207.232    31.2861     5.7565     67.000     5.7539    24.6483     7.6328    10.9080    107.174    332.681    340.881   -0.02733    7.12191   10.17792  310.41352     5.7513   15.97727 3.7976e-02     0.2592     0.8391 0.0000e+00
        564  13.601398    0.03911     2.3464    140.781     68.653  50207.746    31.2870     5.7619     68.000     5.7594    24.6484     7.5659    10.8124    106.248    329.765    337.893   -0.02486    7.12097   10.17658  310.37232     5.7566   15.97531 3.7976e-02     0.2681     0.8766 0.0000e+00
        569  13.601411    0.03941     2.3649    141.892     69.663  50206.109    31.2866     5.7680     69.000     5.7638    24.6474     7.4975    10.7146    105.302    326.782    334.836   -0.02285    7.11996   10.17513  310.32861     5.7626   15.97323 3.7976e-02     0.2634     0.8316 0.0000e+00
        573  13.601425    0.03974     2.3847    143.081     70.672  50205.036    31.2857     5.7695     70.000     5.7641    24.6465     7.4279    10.6152    104.328    323.749    331.729   -0.02154    7.11974   10.17481  310.31915     5.7641   15.97278 3.7976e-02     0.2576     0.7851 0.0000e+00
