CTD-processing/allCTD/CNV/2021_01-13_t9_s08_cast125_5028.cnv
* Sea-Bird SBE19plus Data File:
* FileName = C:\Users\steve\Desktop\GWA CTD\2021_01-13_T9\2020_12-28_T9_S0_cast125.hex
* Software Version 1.59
* Temperature SN =  5028
* Conductivity SN =  5028
* System UpLoad Time = Jan 14 2021 15:21:04
** Cook Inlet LTM T9
** Date: 01-13-2020
** Station:S08
** Start Time (AKST):15:13
** Depth (m):98
** Comment:
** Comment:
# nquan = 27
# nvalues = 92                          
# units = specified
# name 0 = scan: Scan Count
# name 1 = timeJ: Julian Days
# name 2 = timeH: Time, Elapsed [hours]
# name 3 = timeM: Time, Elapsed [minutes]
# name 4 = timeS: Time, Elapsed [seconds]
# name 5 = prdM: Pressure, Strain Gauge [db]
# name 6 = specc: Specific Conductance [uS/cm]
# name 7 = sal00: Salinity, Practical [PSU]
# name 8 = tv290C: Temperature [ITS-90, deg C]
# name 9 = depSM: Depth [salt water, m], lat = 59.00
# name 10 = potemp090C: Potential Temperature [ITS-90, deg C]
# name 11 = sigma-é00: Density [sigma-theta, kg/m^3]
# name 12 = sbeox0ML/L: Oxygen, SBE 43 [ml/l]
# name 13 = sbeox0Mg/L: Oxygen, SBE 43 [mg/l]
# name 14 = sbeox0PS: Oxygen, SBE 43 [% saturation]
# name 15 = sbox0Mm/Kg: Oxygen, SBE 43 [umol/kg]
# name 16 = sbeox0Mm/L: Oxygen, SBE 43 [umol/l]
# name 17 = sbox0dV/dT: Oxygen, SBE 43 [dov/dt]
# name 18 = oxsolML/L: Oxygen Saturation, Garcia & Gordon [ml/l]
# name 19 = oxsolMg/L: Oxygen Saturation, Garcia & Gordon [mg/l]
# name 20 = oxsolMm/Kg: Oxygen Saturation, Garcia & Gordon [umol/kg]
# name 21 = potemp090C: Potential Temperature [ITS-90, deg C]
# name 22 = n2satMg/L: Nitrogen Saturation [mg/l]
# name 23 = par: PAR/Irradiance, Biospherical/Licor
# name 24 = flECO-AFL: Fluorescence, WET Labs ECO-AFL/FL [mg/m^3]
# name 25 = turbWETntu0: Turbidity, WET Labs ECO [NTU]
# name 26 = flag: flag
# span 0 =        296,        676       
# span 1 =  13.634559,  13.635656       
# span 2 =    0.02052,    0.04685       
# span 3 =     1.2310,     2.8107       
# span 4 =     73.862,    168.641       
# span 5 =      1.010,     92.889       
# span 6 =  49937.647,  50235.836       
# span 7 =    30.8987,    31.3069       
# span 8 =     4.6305,     5.8205       
# span 9 =      1.000,     92.000       
# span 10 =     4.6415,     5.8134      
# span 11 =    24.4636,    24.6578      
# span 12 =     6.0851,    10.0355      
# span 13 =     8.6962,    14.3417      
# span 14 =     83.239,    139.661      
# span 15 =    265.258,    437.431      
# span 16 =    271.760,    448.185      
# span 17 =   -0.03639,    0.05921      
# span 18 =    7.11019,    7.33503      
# span 19 =   10.16116,   10.48249      
# span 20 =  309.89967,  319.75997      
# span 21 =     4.6304,     5.8134      
# span 22 =   15.95272,   16.42375      
# span 23 = 3.7976e-02, 2.2572e+01      
# span 24 =     0.2171,     0.2930      
# span 25 =     0.7535,     1.8055      
# span 26 = 0.0000e+00, 0.0000e+00      
# interval = meters: 1                  
# start_time = Jan 13 2021 15:12:32 [Instrument's time stamp, header]
# bad_flag = -9.990e-29
*END*
        296  13.634559    0.02052     1.2310     73.862      1.010  49937.647    30.8987     4.6305      1.000     4.6415    24.4636     6.1790     8.8304     84.245    269.366    275.956    0.01604    7.33503   10.48249  319.75997     4.6304   16.42375 2.2572e+01     0.2930     1.7738 0.0000e+00
        301  13.634571    0.02081     1.2486     74.915      2.019  49993.471    30.9445     4.6674      2.000     4.6926    24.4961     6.8552     9.7968     93.576    298.834    306.155    0.05921    7.32625   10.46993  319.36672     4.6673   16.40486 1.4794e+01     0.2817     1.7927 0.0000e+00
        304  13.634582    0.02107     1.2642     75.854      3.028  49996.823    30.9558     4.7112      3.000     4.7314    24.5006     6.6458     9.4976     90.812    289.706    296.804    0.04330    7.31795   10.45808  319.00381     4.7110   16.38754 1.0955e+01     0.2783     1.8055 0.0000e+00
        308  13.634593    0.02133     1.2800     76.797      4.038  50010.970    30.9735     4.7504      4.000     4.7715    24.5106     6.0851     8.6962     83.239    265.258    271.760   -0.01562    7.31017   10.44697  318.66169     4.7502   16.37119 8.2082e+00     0.2785     1.7686 0.0000e+00
        312  13.634604    0.02160     1.2958     77.745      5.047  50009.644    30.9805     4.7895      5.000     4.8041    24.5121     6.2529     8.9359     85.622    272.570    279.251    0.00010    7.30296   10.43665  318.34649     4.7891   16.35617 6.1918e+00     0.2823     1.6822 0.0000e+00
        316  13.634614    0.02186     1.3119     78.711      6.056  50015.775    30.9903     4.8176      6.000     4.8326    24.5169     6.4431     9.2078     88.291    280.861    287.746    0.01561    7.29755   10.42892  318.10934     4.8172   16.34484 4.7557e+00     0.2830     1.5770 0.0000e+00
        320  13.634626    0.02213     1.3283     79.696      7.066  50034.789    31.0099     4.8505      7.000     4.8700    24.5290     6.5332     9.3366     89.610    284.789    291.773    0.01866    7.29081   10.41930  317.81212     4.8500   16.33062 3.6863e+00     0.2830     1.5024 0.0000e+00
        324  13.634638    0.02242     1.3450     80.702      8.076  50026.214    31.0117     4.8889      8.000     4.8965    24.5265     6.6357     9.4832     91.100    289.259    296.352    0.02163    7.28400   10.40957  317.51597     4.8883   16.31652 2.8696e+00     0.2819     1.4368 0.0000e+00
        328  13.634649    0.02270     1.3618     81.707      9.086  49997.800    30.9932     4.8954      9.000     4.8901    24.5111     6.7615     9.6628     92.830    294.744    301.968    0.02510    7.28376   10.40923  317.51030     4.8947   16.31633 2.2793e+00     0.2741     1.3645 0.0000e+00
        332  13.634660    0.02296     1.3776     82.656     10.095  50003.144    30.9948     4.8883     10.000     4.8855    24.5132     6.9053     9.8683     94.788    301.010    308.388    0.02908    7.28493   10.41090  317.56062     4.8876   16.31872 1.8389e+00     0.2769     1.3221 0.0000e+00
        335  13.634671    0.02322     1.3934     83.605     11.104  50004.186    30.9942     4.8846     11.000     4.8825    24.5132     7.0743    10.1099     97.100    308.380    315.940    0.03414    7.28560   10.41185  317.58984     4.8838   16.32011 1.4178e+00     0.2906     1.3228 0.0000e+00
        339  13.634683    0.02349     1.4093     84.559     12.113  50010.996    30.9981     4.8834     12.000     4.8850    24.5164     7.2315    10.3346     99.258    315.231    322.960    0.03738    7.28561   10.41187  317.58929     4.8826   16.32007 1.1078e+00     0.2859     1.3187 0.0000e+00
        343  13.634693    0.02375     1.4252     85.510     13.122  50041.238    31.0201     4.8915     13.000     4.9081    24.5330     7.3497    10.5034    100.914    320.377    328.237    0.03727    7.28313   10.40833  317.47616     4.8905   16.31460 8.6756e-01     0.2793     1.3261 0.0000e+00
        347  13.634704    0.02401     1.4407     86.444     14.132  50071.404    31.0488     4.9315     14.000     4.9543    24.5515     7.4354    10.6259    102.210    324.109    332.066    0.03517    7.27474   10.39633  317.10465     4.9305   16.29680 6.8941e-01     0.2824     1.3227 0.0000e+00
        350  13.634715    0.02427     1.4561     87.366     15.143  50031.689    31.0279     4.9637     15.000     4.9642    24.5315     7.5116    10.7348    103.321    327.435    335.467    0.03292    7.27014   10.38975  316.90999     4.9626   16.28762 5.5752e-01     0.2911     1.2455 0.0000e+00
        354  13.634726    0.02453     1.4720     88.318     16.152  50019.870    31.0190     4.9623     16.000     4.9588    24.5247     7.5641    10.8099    104.034    329.727    337.814    0.02874    7.27081   10.39072  316.94150     4.9612   16.28916 4.5159e-01     0.2844     1.2245 0.0000e+00
        358  13.634737    0.02480     1.4883     89.300     17.162  50010.576    31.0111     4.9571     17.000     4.9487    24.5189     7.6105    10.8762    104.653    331.750    339.885    0.02459    7.27210   10.39256  316.99974     4.9559   16.29196 3.6554e-01     0.2846     1.2425 0.0000e+00
        362  13.634748    0.02508     1.5046     90.278     18.171  50005.842    31.0040     4.9413     18.000     4.9335    24.5150     7.6738    10.9667    105.479    334.512    342.713    0.02259    7.27521   10.39700  317.13629     4.9400   16.29848 2.9655e-01     0.2807     1.2726 0.0000e+00
        366  13.634760    0.02535     1.5208     91.246     19.180  50032.137    31.0197     4.9325     19.000     4.9393    24.5283     7.7479    11.0725    106.487    337.737    346.021    0.02209    7.27599   10.39811  317.16606     4.9312   16.29984 2.4044e-01     0.2793     1.2974 0.0000e+00
        370  13.634771    0.02562     1.5374     92.243     20.189  50064.743    31.0472     4.9594     20.000     4.9757    24.5473     7.8470    11.2141    107.938    342.050    350.446    0.02387    7.26994   10.38947  316.89669     4.9580   16.28691 1.9680e-01     0.2834     1.2796 0.0000e+00
        374  13.634783    0.02591     1.5545     93.268     21.199  50048.571    31.0418     4.9885     21.000     4.9927    24.5399     7.9751    11.3973    109.773    347.639    356.169    0.02726    7.26514   10.38261  316.68963     4.9870   16.27708 1.6210e-01     0.2793     1.2203 0.0000e+00
        378  13.634795    0.02620     1.5721     94.326     22.209  50075.753    31.0633     5.0044     22.000     5.0217    24.5553     8.1012    11.5775    111.568    353.129    361.800    0.02937    7.26132   10.37715  316.51839     5.0028   16.26884 1.3435e-01     0.2749     1.1898 0.0000e+00
        383  13.634808    0.02651     1.5902     95.413     23.218  50077.141    31.0728     5.0470     23.000     5.0578    24.5583     8.2425    11.7793    113.636    359.284    368.108    0.03190    7.25346   10.36591  316.17464     5.0453   16.25245 1.1299e-01     0.2689     1.1468 0.0000e+00
        387  13.634821    0.02681     1.6084     96.502     24.227  50060.880    31.0650     5.0651     24.000     5.0669    24.5501     8.4093    12.0177    115.979    366.559    375.558    0.03537    7.25069   10.36197  316.05676     5.0633   16.24686 9.6732e-02     0.2602     1.1366 0.0000e+00
        391  13.634833    0.02710     1.6263     97.578     25.237  50066.035    31.0698     5.0735     25.000     5.0778    24.5531     8.5646    12.2397    118.150    373.330    382.496    0.03703    7.24898   10.35952  315.98137     5.0717   16.24326 8.3786e-02     0.2473     1.1354 0.0000e+00
        396  13.634846    0.02741     1.6445     98.672     26.247  50074.572    31.0784     5.0889     26.000     5.0974    24.5582     8.7229    12.4659    120.385    380.227    389.565    0.03842    7.24590   10.35512  315.84536     5.0871   16.23675 7.3393e-02     0.2693     1.1446 0.0000e+00
        400  13.634858    0.02772     1.6631     99.786     27.256  50086.864    31.0919     5.1154     27.000     5.1302    24.5661     8.8825    12.6940    122.677    387.182    396.694    0.03951    7.24066   10.34763  315.61443     5.1135   16.22570 6.5489e-02     0.2595     1.1402 0.0000e+00
        404  13.634871    0.02801     1.6804    100.821     28.266  50098.380    31.1076     5.1552     28.000     5.1754    24.5742     9.0344    12.9111    124.907    393.799    403.476    0.04077    7.23301   10.33670  315.27839     5.1532   16.20964 5.9403e-02     0.2630     1.1266 0.0000e+00
        408  13.634882    0.02827     1.6965    101.790     29.276  50093.468    31.1123     5.1959     29.000     5.2141    24.5735     9.1794    13.1182    127.038    400.117    409.949    0.04197    7.22575   10.32633  314.96250     5.1938   16.19459 5.4708e-02     0.2640     1.0898 0.0000e+00
        412  13.634893    0.02854     1.7125    102.751     30.285  50116.938    31.1367     5.2383     30.000     5.2672    24.5882     9.3105    13.3056    129.004    405.826    415.806    0.04217    7.21728   10.31421  314.58846     5.2361   16.17668 5.0983e-02     0.2668     1.0410 0.0000e+00
        416  13.634904    0.02881     1.7288    103.726     31.294  50106.083    31.1408     5.2968     31.000     5.3150    24.5851     9.4298    13.4761    130.843    411.030    421.135    0.04141    7.20702   10.29954  314.14207     5.2945   16.15541 4.8166e-02     0.2692     0.9511 0.0000e+00
        420  13.634915    0.02909     1.7450    104.702     32.305  50085.126    31.1325     5.3287     32.000     5.3336    24.5750     9.5339    13.6249    132.380    415.571    425.784    0.03940    7.20194   10.29229  313.92394     5.3262   16.14506 4.5993e-02     0.2573     0.9172 0.0000e+00
        424  13.634927    0.02935     1.7611    105.663     33.315  50085.373    31.1348     5.3412     33.000     5.3447    24.5754     9.6115    13.7358    133.499    418.952    429.249    0.03556    7.19968   10.28906  313.82529     5.3387   16.14036 4.4205e-02     0.2558     0.9231 0.0000e+00
        428  13.634938    0.02962     1.7775    106.649     34.324  50090.653    31.1405     5.3538     34.000     5.3580    24.5786     9.6877    13.8448    134.604    422.277    432.656    0.03230    7.19724   10.28558  313.71804     5.3513   16.13523 4.2740e-02     0.2629     0.9281 0.0000e+00
        432  13.634950    0.02990     1.7938    107.630     35.333  50087.507    31.1403     5.3656     35.000     5.3667    24.5770     9.7580    13.9452    135.618    425.340    435.793    0.02948    7.19524   10.28272  313.63124     5.3629   16.13110 4.1563e-02     0.2671     0.9139 0.0000e+00
        435  13.634960    0.03017     1.8100    108.599     36.342  50089.655    31.1428     5.3728     36.000     5.3743    24.5782     9.8214    14.0357    136.524    428.100    438.621    0.02688    7.19388   10.28077  313.57152     5.3701   16.12825 4.0591e-02     0.2739     0.8953 0.0000e+00
        439  13.634972    0.03044     1.8261    109.565     37.352  50092.695    31.1461     5.3812     37.000     5.3829    24.5800     9.8766    14.1147    137.323    430.510    441.091    0.02435    7.19229   10.27849  313.50150     5.3784   16.12490 3.9782e-02     0.2747     0.8982 0.0000e+00
        443  13.634983    0.03070     1.8423    110.538     38.362  50093.910    31.1482     5.3897     38.000     5.3905    24.5807     9.9260    14.1852    138.039    432.660    443.295    0.02201    7.19072   10.27627  313.43335     5.3869   16.12164 3.9115e-02     0.2661     0.9233 0.0000e+00
        447  13.634995    0.03098     1.8591    111.547     39.372  50092.653    31.1481     5.3959     39.000     5.3949    24.5799     9.9653    14.2415    138.607    434.376    445.053    0.01928    7.18966   10.27474  313.38703     5.3931   16.11944 3.8557e-02     0.2582     0.8968 0.0000e+00
        451  13.635006    0.03126     1.8756    112.539     40.382  50093.573    31.1490     5.3995     40.000     5.3983    24.5802     9.9939    14.2823    139.017    435.621    446.329    0.01645    7.18901   10.27382  313.35885     5.3965   16.11809 3.8165e-02     0.2584     0.8781 0.0000e+00
        455  13.635018    0.03154     1.8923    113.539     41.391  50095.574    31.1506     5.4033     41.000     5.4025    24.5811    10.0176    14.3161    139.360    436.651    447.384    0.01394    7.18827   10.27276  313.32630     5.4003   16.11654 3.8011e-02     0.2541     0.8827 0.0000e+00
        459  13.635030    0.03182     1.9094    114.561     42.401  50097.216    31.1523     5.4080     42.000     5.4073    24.5819    10.0313    14.3358    139.569    437.252    448.000    0.01136    7.18740   10.27151  313.28803     5.4049   16.11471 3.7980e-02     0.2657     0.9009 0.0000e+00
        463  13.635042    0.03211     1.9267    115.601     43.410  50099.778    31.1546     5.4135     43.000     5.4135    24.5831    10.0355    14.3417    139.646    437.431    448.185    0.00862    7.18635   10.27002  313.24196     5.4103   16.11251 3.7977e-02     0.2613     0.8923 0.0000e+00
        468  13.635054    0.03241     1.9446    116.673     44.420  50100.284    31.1559     5.4205     44.000     5.4196    24.5834    10.0348    14.3407    139.661    437.400    448.152    0.00627    7.18509   10.26821  313.18699     5.4172   16.10988 3.7976e-02     0.2477     0.8737 0.0000e+00
        472  13.635067    0.03271     1.9624    117.747     45.429  50098.110    31.1547     5.4243     45.000     5.4217    24.5820    10.0176    14.3162    139.434    436.654    447.388    0.00337    7.18449   10.26735  313.16111     5.4210   16.10866 3.7976e-02     0.2506     0.8793 0.0000e+00
        476  13.635079    0.03302     1.9810    118.862     46.439  50098.155    31.1545     5.4254     46.000     5.4219    24.5817     9.9870    14.2725    139.011    435.320    446.021    0.00015    7.18433   10.26712  313.15423     5.4219   16.10833 3.7976e-02     0.2544     0.9009 0.0000e+00
        481  13.635093    0.03334     2.0005    120.030     47.449  50099.827    31.1552     5.4254     47.000     5.4221    24.5823     9.9374    14.2016    138.322    433.158    443.806   -0.00353    7.18429   10.26707  313.15238     5.4219   16.10824 3.7976e-02     0.2587     0.8766 0.0000e+00
        486  13.635106    0.03366     2.0197    121.179     48.459  50103.947    31.1578     5.4268     48.000     5.4252    24.5842     9.8780    14.1167    137.501    430.566    441.151   -0.00682    7.18393   10.26656  313.13610     5.4232   16.10746 3.7976e-02     0.2553     0.8799 0.0000e+00
        490  13.635120    0.03398     2.0388    122.328     49.468  50107.705    31.1611     5.4328     49.000     5.4321    24.5862     9.8103    14.0199    136.582    427.615    438.129   -0.00973    7.18275   10.26487  313.08402     5.4291   16.10496 3.7976e-02     0.2632     0.8799 0.0000e+00
        495  13.635132    0.03429     2.0570    123.421     50.479  50107.379    31.1617     5.4388     50.000     5.4376    24.5860     9.7332    13.9097    135.528    424.254    434.684   -0.01257    7.18168   10.26334  313.03748     5.4351   16.10274 3.7976e-02     0.2676     0.8721 0.0000e+00
        499  13.635145    0.03457     2.0743    124.459     51.488  50111.777    31.1654     5.4448     51.000     5.4448    24.5883     9.6495    13.7902    134.386    420.608    430.950   -0.01540    7.18049   10.26163  312.98476     5.4410   16.10022 3.7976e-02     0.2566     0.8638 0.0000e+00
        503  13.635156    0.03485     2.0912    125.476     52.497  50113.526    31.1677     5.4524     52.000     5.4521    24.5892     9.5628    13.6662    133.203    416.826    427.075   -0.01768    7.17908   10.25963  312.92331     5.4485   16.09728 3.7976e-02     0.2418     0.8752 0.0000e+00
        507  13.635168    0.03514     2.1081    126.483     53.508  50119.344    31.1729     5.4603     53.000     5.4619    24.5924     9.4702    13.5339    131.943    412.788    422.939   -0.01985    7.17747   10.25733  312.85215     5.4564   16.09387 3.7976e-02     0.2171     0.8813 0.0000e+00
