CTD-processing/allCTD/CNV/2021_07-16_t4_s04_cast099_4141.cnv
* Sea-Bird SBE19plus Data File:
* FileName = C:\Users\steve\Desktop\GWA\CTD\2021_07-16_T4\2021_07-16_T4_S0_cast099.hex
* Software Version 1.59
* Temperature SN =  4141
* Conductivity SN =  4141
* System UpLoad Time = Jul 20 2021 14:49:50
** Cook Inlet LTM T4
** Date: 07-16-2021
** Station:S04
** Start Time (AKDT):13:05
** Depth (m):86
** Comment:
** Comment:
# nquan = 27
# nvalues = 81                          
# units = specified
# name 0 = scan: Scan Count
# name 1 = timeJ: Julian Days
# name 2 = timeH: Time, Elapsed [hours]
# name 3 = timeM: Time, Elapsed [minutes]
# name 4 = timeS: Time, Elapsed [seconds]
# name 5 = prdM: Pressure, Strain Gauge [db]
# name 6 = specc: Specific Conductance [uS/cm]
# name 7 = sal00: Salinity, Practical [PSU]
# name 8 = tv290C: Temperature [ITS-90, deg C]
# name 9 = depSM: Depth [salt water, m], lat = 59.00
# name 10 = potemp090C: Potential Temperature [ITS-90, deg C]
# name 11 = sigma-é00: Density [sigma-theta, kg/m^3]
# name 12 = sbeox0ML/L: Oxygen, SBE 43 [ml/l]
# name 13 = sbeox0Mg/L: Oxygen, SBE 43 [mg/l]
# name 14 = sbeox0PS: Oxygen, SBE 43 [% saturation]
# name 15 = sbox0Mm/Kg: Oxygen, SBE 43 [umol/kg]
# name 16 = sbeox0Mm/L: Oxygen, SBE 43 [umol/l]
# name 17 = sbox0dV/dT: Oxygen, SBE 43 [dov/dt]
# name 18 = oxsolML/L: Oxygen Saturation, Garcia & Gordon [ml/l]
# name 19 = oxsolMg/L: Oxygen Saturation, Garcia & Gordon [mg/l]
# name 20 = oxsolMm/Kg: Oxygen Saturation, Garcia & Gordon [umol/kg]
# name 21 = n2satMg/L: Nitrogen Saturation [mg/l]
# name 22 = par: PAR/Irradiance, Biospherical/Licor
# name 23 = wetStar: Fluorescence, WET Labs WETstar [mg/m^3]
# name 24 = CStarAt0: Beam Attenuation, WET Labs C-Star [1/m]
# name 25 = CStarTr0: Beam Transmission, WET Labs C-Star [%]
# name 26 = flag: flag
# span 0 =        316,        686       
# span 1 = 197.546328, 197.547400       
# span 2 =    0.02187,    0.04758       
# span 3 =     1.3126,     2.8549       
# span 4 =     78.755,    171.299       
# span 5 =      1.016,     81.752       
# span 6 =  49229.680,  50195.140       
# span 7 =    31.2863,    31.5698       
# span 8 =     7.2843,    10.1774       
# span 9 =      1.000,     81.000       
# span 10 =     7.2743,    10.1574      
# span 11 =    24.0800,    24.6685      
# span 12 =     6.4800,     6.8552      
# span 13 =     9.2606,     9.7968      
# span 14 =     95.728,    106.477      
# span 15 =    282.505,    298.949      
# span 16 =    289.397,    306.153      
# span 17 =   -0.01459,    0.00382      
# span 18 =    6.43808,    6.86081      
# span 19 =    9.20066,    9.80480      
# span 20 =  280.75947,  299.02779      
# span 21 =   14.56128,   15.43342      
# span 22 = 6.0481e-02, 9.1260e+02      
# span 23 =     0.1922,     1.6926      
# span 24 =     0.2855,     1.2627      
# span 25 =    72.9262,    93.1127      
# span 26 = 0.0000e+00, 0.0000e+00      
# interval = meters: 1                  
# start_time = Jul 16 2021 13:05:24 [Instrument's time stamp, header]
# bad_flag = -9.990e-29
*END*
        316 197.546328    0.02187     1.3126     78.755      1.016  49288.324    31.3775    10.1774      1.000    10.1574    24.0957     6.8552     9.7968    106.477    298.949    306.153    0.00211    6.43808    9.20066  280.75947   14.56128 9.1260e+02     0.4833     0.6010    86.0477 0.0000e+00
        324 197.546350    0.02241     1.3445     80.671      2.020  49229.680    31.3021     9.9136      2.000     9.8125    24.0800     6.8526     9.7930    105.774    298.839    306.035   -0.00235    6.47854    9.25848  282.52824   14.64622 8.3528e+02     0.4833     0.6357    85.3071 0.0000e+00
        330 197.546370    0.02287     1.3720     82.322      3.034  49270.493    31.2979     9.6613      3.000     9.5604    24.1174     6.8424     9.7785    105.031    298.386    305.582   -0.00555    6.51466    9.31011  284.09330   14.72109 5.6890e+02     0.4875     0.6490    85.0221 0.0000e+00
        334 197.546381    0.02314     1.3882     83.291      4.034  49291.769    31.2863     9.4637      4.000     9.3428    24.1396     6.8357     9.7689    104.464    298.086    305.281   -0.00729    6.54360    9.35146  285.34918   14.78120 4.7917e+02     0.5819     0.6437    85.1367 0.0000e+00
        338 197.546393    0.02343     1.4061     84.364      5.049  49446.021    31.3624     9.2279      5.000     9.1668    24.2360     6.8033     9.7226    103.478    296.644    303.834   -0.01103    6.57460    9.39576  286.67374   14.84421 3.8563e+02     0.6101     0.6608    84.7728 0.0000e+00
        343 197.546405    0.02373     1.4235     85.411      6.055  49518.502    31.3982     9.1212      6.000     9.0907    24.2805     6.7497     9.6460    102.444    294.296    301.442   -0.01412    6.58865    9.41585  287.27414   14.87277 3.1905e+02     0.7936     0.6108    85.8399 0.0000e+00
        347 197.546418    0.02403     1.4419     86.517      7.069  49561.705    31.4212     9.0718      7.000     9.0608    24.3061     6.7051     9.5822    101.670    292.342    299.448   -0.01459    6.59492    9.42480  287.54023   14.88540 2.4348e+02     0.8719     0.5949    86.1801 0.0000e+00
        351 197.546430    0.02432     1.4590     87.538      8.075  49558.492    31.4153     9.0496      8.000     9.0319    24.3050     6.6672     9.5281    101.042    290.692    297.757   -0.01438    6.59843    9.42982  287.69347   14.89274 2.0833e+02     0.9603     0.5817    86.4645 0.0000e+00
        355 197.546442    0.02460     1.4761     88.564      9.083  49574.355    31.4212     9.0153      9.000     9.0010    24.3149     6.6437     9.4944    100.613    289.663    296.706   -0.01318    6.60321    9.43664  287.89891   14.90254 1.7045e+02     1.0305     0.5614    86.9058 0.0000e+00
        360 197.546455    0.02492     1.4951     89.705     10.095  49592.641    31.4302     8.9906     10.000     8.9822    24.3256     6.6232     9.4652    100.253    288.767    295.792   -0.01132    6.60646    9.44128  288.03758   14.90913 1.4328e+02     1.2045     0.5405    87.3613 0.0000e+00
        364 197.546468    0.02524     1.5140     90.843     11.105  49595.242    31.4291     8.9735     11.000     8.9624    24.3275     6.5981     9.4292     99.833    287.670    294.668   -0.01043    6.60903    9.44496  288.14924   14.91447 1.2057e+02     1.2701     0.5230    87.7427 0.0000e+00
        369 197.546481    0.02554     1.5322     91.931     12.113  49598.899    31.4279     8.9497     12.000     8.9347    24.3301     6.5825     9.4070     99.545    286.991    293.973   -0.00927    6.61258    9.45004  288.30324   14.92184 9.9865e+01     1.4929     0.5042    88.1585 0.0000e+00
        374 197.546495    0.02587     1.5524     93.143     13.120  49617.388    31.4354     8.9145     13.000     8.9021    24.3413     6.5667     9.3845     99.233    286.301    293.270   -0.00812    6.61744    9.45699  288.51224   14.93180 8.5806e+01     1.6656     0.4889    88.4964 0.0000e+00
        379 197.546510    0.02624     1.5745     94.471     14.138  49639.867    31.4481     8.8958     14.000     8.8920    24.3541     6.5506     9.3615     98.957    285.594    292.550   -0.00711    6.61966    9.46016  288.60532   14.93619 7.3142e+01     1.6926     0.4636    89.0572 0.0000e+00
        383 197.546522    0.02654     1.5923     95.535     15.139  49638.560    31.4458     8.8898     15.000     8.8831    24.3533     6.5395     9.3456     98.774    285.109    292.053   -0.00614    6.62066    9.46158  288.64891   14.93828 6.2460e+01     1.6015     0.4531    89.2899 0.0000e+00
        388 197.546537    0.02689     1.6133     96.800     16.152  49644.131    31.4473     8.8758     16.000     8.8685    24.3566     6.5241     9.3235     98.511    284.436    291.364   -0.00574    6.62266    9.46443  288.73511   14.94240 5.3491e+01     1.5574     0.4428    89.5199 0.0000e+00
        393 197.546551    0.02722     1.6335     98.008     17.165  49649.653    31.4490     8.8634     17.000     8.8572    24.3597     6.5163     9.3124     98.368    284.097    291.017   -0.00488    6.62441    9.46696  288.81117   14.94603 4.5941e+01     1.4978     0.4346    89.7058 0.0000e+00
        397 197.546563    0.02750     1.6501     99.009     18.170  49646.588    31.4448     8.8524     18.000     8.8424    24.3582     6.5137     9.3086     98.301    283.981    290.898   -0.00400    6.62622    9.46953  288.89015   14.94982 3.9426e+01     1.4667     0.4320    89.7634 0.0000e+00
        401 197.546575    0.02780     1.6679    100.071     19.181  49657.818    31.4497     8.8351     19.000     8.8269    24.3647     6.5058     9.2974     98.149    283.640    290.551   -0.00386    6.62857    9.47289  288.99079   14.95461 3.3772e+01     1.5316     0.4271    89.8731 0.0000e+00
        405 197.546587    0.02808     1.6849    101.092     20.187  49665.829    31.4531     8.8228     20.000     8.8148    24.3692     6.4997     9.2887     98.031    283.371    290.276   -0.00360    6.63023    9.47527  289.06214   14.95800 2.9511e+01     1.4947     0.4121    90.2106 0.0000e+00
        410 197.546599    0.02839     1.7034    102.204     21.201  49675.183    31.4575     8.8110     21.000     8.8046    24.3745     6.4957     9.2830     97.948    283.195    290.097   -0.00306    6.63180    9.47750  289.12867   14.96117 2.5516e+01     1.4246     0.4075    90.3148 0.0000e+00
        414 197.546612    0.02868     1.7208    103.249     22.208  49677.752    31.4574     8.8006     22.000     8.7898    24.3759     6.4911     9.2765     97.856    282.995    289.893   -0.00286    6.63335    9.47972  289.19587   14.96438 2.2123e+01     1.3542     0.4019    90.4415 0.0000e+00
        418 197.546624    0.02898     1.7387    104.325     23.218  49702.364    31.4719     8.7841     23.000     8.7787    24.3898     6.4827     9.2645     97.702    282.624    289.518   -0.00297    6.63518    9.48234  289.27175   14.96795 1.9283e+01     1.3488     0.3974    90.5436 0.0000e+00
        423 197.546637    0.02928     1.7566    105.397     24.232  49720.888    31.4838     8.7798     24.000     8.7771    24.3998     6.4800     9.2606     97.660    282.505    289.397   -0.00254    6.63530    9.48250  289.27418   14.96801 1.6767e+01     1.3030     0.3922    90.6610 0.0000e+00
        427 197.546648    0.02956     1.7736    106.418     25.232  49727.416    31.4880     8.7807     25.000     8.7794    24.4030     6.4937     9.2802     97.871    283.102    290.011   -0.00091    6.63498    9.48206  289.25959   14.96730 1.4712e+01     1.1804     0.3877    90.7615 0.0000e+00
        432 197.546663    0.02991     1.7947    107.681     26.254  49735.393    31.4935     8.7831     26.000     8.7798    24.4070     6.5169     9.3133     98.229    284.110    291.044    0.00147    6.63440    9.48122  289.23288   14.96600 1.2769e+01     1.0748     0.3851    90.8219 0.0000e+00
        436 197.546675    0.03020     1.8121    108.728     27.254  49740.956    31.4967     8.7809     27.000     8.7769    24.4098     6.5260     9.3263     98.364    284.505    291.450    0.00165    6.63457    9.48146  289.23952   14.96630 1.1168e+01     1.0331     0.3805    90.9248 0.0000e+00
        440 197.546688    0.03052     1.8311    109.866     28.266  49754.900    31.5058     8.7794     28.000     8.7774    24.4172     6.5469     9.3562     98.682    285.415    292.384    0.00287    6.63440    9.48123  289.23039   14.96583 9.8026e+00     0.9795     0.3768    91.0109 0.0000e+00
        445 197.546701    0.03083     1.8497    110.983     29.275  49756.752    31.5070     8.7816     29.000     8.7799    24.4177     6.5618     9.3776     98.912    286.068    293.053    0.00334    6.63403    9.48069  289.21389   14.96504 8.4910e+00     0.9840     0.3798    90.9424 0.0000e+00
        449 197.546714    0.03114     1.8687    112.124     30.285  49756.814    31.5069     8.7835     30.000     8.7799    24.4174     6.5736     9.3944     99.094    286.582    293.579    0.00318    6.63375    9.48029  289.20169   14.96445 7.4190e+00     1.0253     0.3820    90.8902 0.0000e+00
        454 197.546728    0.03148     1.8885    113.311     31.296  49765.569    31.5125     8.7824     31.000     8.7789    24.4219     6.5922     9.4209     99.375    287.390    294.408    0.00382    6.63368    9.48019  289.19731   14.96422 6.4872e+00     1.0477     0.3804    90.9270 0.0000e+00
        459 197.546741    0.03178     1.9068    114.409     32.310  49768.912    31.5142     8.7814     32.000     8.7760    24.4235     6.6004     9.4326     99.497    287.744    294.772    0.00331    6.63375    9.48029  289.19988   14.96434 5.6313e+00     1.0433     0.3850    90.8234 0.0000e+00
        462 197.546752    0.03204     1.9227    115.362     33.310  49772.537    31.5155     8.7757     33.000     8.7664    24.4253     6.6069     9.4418     99.583    288.028    295.063    0.00294    6.63454    9.48142  289.23405   14.96597 4.9009e+00     1.0409     0.3835    90.8572 0.0000e+00
        467 197.546764    0.03234     1.9407    116.440     34.319  49782.487    31.5199     8.7612     34.000     8.7523    24.4310     6.6089     9.4448     99.585    288.116    295.156    0.00211    6.63649    9.48421  289.31731   14.96993 4.3131e+00     1.1115     0.3758    91.0326 0.0000e+00
        472 197.546780    0.03271     1.9625    117.749     35.342  49791.976    31.5246     8.7505     35.000     8.7434    24.4363     6.5987     9.4301     99.409    287.665    294.695    0.00034    6.63789    9.48620  289.37669   14.97275 3.7865e+00     1.0365     0.3672    91.2281 0.0000e+00
        476 197.546791    0.03298     1.9789    118.732     36.340  49792.526    31.5233     8.7418     36.000     8.7320    24.4366     6.5993     9.4310     99.398    287.692    294.723    0.00010    6.63924    9.48813  289.43557   14.97557 3.3124e+00     0.9493     0.3667    91.2398 0.0000e+00
        480 197.546803    0.03326     1.9958    119.746     37.348  49808.185    31.5325     8.7326     37.000     8.7244    24.4452     6.5921     9.4208     99.276    287.380    294.404   -0.00059    6.64021    9.48953  289.47568   14.97744 2.9144e+00     0.9713     0.3387    91.8813 0.0000e+00
        485 197.546817    0.03361     2.0169    121.012     38.361  49812.295    31.5327     8.7179     38.000     8.7068    24.4476     6.5772     9.3994     99.018    286.725    293.735   -0.00193    6.64238    9.49263  289.56950   14.98193 2.5684e+00     0.8518     0.3169    92.3835 0.0000e+00
        490 197.546833    0.03399     2.0394    122.362     39.376  49820.115    31.5350     8.6992     39.000     8.6893    24.4522     6.5736     9.3943     98.925    286.569    293.576   -0.00189    6.64506    9.49647  289.68526   14.98745 2.2700e+00     0.7505     0.3063    92.6285 0.0000e+00
        495 197.546846    0.03431     2.0587    123.519     40.380  49830.322    31.5401     8.6882     40.000     8.6822    24.4578     6.5733     9.3940     98.900    286.559    293.567   -0.00153    6.64648    9.49848  289.74529   14.99029 2.0069e+00     0.7337     0.3062    92.6303 0.0000e+00
        500 197.546860    0.03464     2.0785    124.713     41.389  49837.389    31.5442     8.6855     41.000     8.6811    24.4615     6.5685     9.3871     98.823    286.345    293.349   -0.00158    6.64670    9.49880  289.75383   14.99069 1.7774e+00     0.7024     0.3027    92.7106 0.0000e+00
        505 197.546875    0.03500     2.1001    126.009     42.402  49837.761    31.5439     8.6844     42.000     8.6790    24.4614     6.5652     9.3823     98.770    286.199    293.200   -0.00143    6.64687    9.49905  289.76150   14.99106 1.5743e+00     0.7005     0.2968    92.8475 0.0000e+00
        510 197.546889    0.03533     2.1196    127.175     43.413  49830.084    31.5374     8.6796     43.000     8.6665    24.4570     6.5622     9.3781     98.712    286.074    293.070   -0.00128    6.64788    9.50048  289.80656   14.99324 1.3886e+00     0.6553     0.2962    92.8608 0.0000e+00
        514 197.546901    0.03562     2.1373    128.238     44.420  49835.744    31.5376     8.6575     44.000     8.6443    24.4605     6.5635     9.3799     98.682    286.126    293.124   -0.00133    6.65117    9.50518  289.94863   15.00003 1.2323e+00     0.6625     0.2934    92.9269 0.0000e+00
        518 197.546914    0.03592     2.1552    129.311     45.425  49851.011    31.5457     8.6433     45.000     8.6354    24.4691     6.5646     9.3814     98.672    286.172    293.175   -0.00103    6.65292    9.50769  290.02295   15.00354 1.0973e+00     0.6299     0.2899    93.0080 0.0000e+00
        523 197.546927    0.03625     2.1749    130.495     46.445  49852.433    31.5449     8.6336     46.000     8.6213    24.4699     6.5552     9.3679     98.508    285.759    292.752   -0.00163    6.65442    9.50982  290.08766   15.00663 9.7836e-01     0.5561     0.2872    93.0713 0.0000e+00
        527 197.546938    0.03652     2.1909    131.456     47.444  49852.924    31.5421     8.6162     47.000     8.5991    24.4703     6.5474     9.3568     98.352    285.421    292.405   -0.00224    6.65711    9.51368  290.20538   15.01227 8.6919e-01     0.5734     0.2855    93.1127 0.0000e+00
        531 197.546951    0.03684     2.2102    132.612     48.459  49874.149    31.5536     8.5960     48.000     8.5872    24.4823     6.5463     9.3553     98.298    285.372    292.359   -0.00205    6.65964    9.51729  290.31178   15.01731 7.7785e-01     0.4840     0.2869    93.0797 0.0000e+00
        536 197.546965    0.03715     2.2290    133.738     49.467  49873.162    31.5511     8.5870     49.000     8.5737    24.4817     6.5616     9.3771     98.506    286.036    293.039   -0.00040    6.66108    9.51935  290.37497   15.02034 6.9231e-01     0.4629     0.2897    93.0150 0.0000e+00
        541 197.546978    0.03748     2.2488    134.928     50.478  49880.882    31.5534     8.5690     50.000     8.5575    24.4863     6.5696     9.3885     98.587    286.383    293.396    0.00022    6.66369    9.52308  290.48740   15.02570 6.2037e-01     0.4465     0.2932    92.9310 0.0000e+00
        545 197.546992    0.03780     2.2679    136.071     51.491  49881.175    31.5505     8.5516     51.000     8.5353    24.4866     6.5705     9.3900     98.562    286.427    293.441   -0.00015    6.66641    9.52697  290.60586   15.03137 5.5333e-01     0.4598     0.2934    92.9283 0.0000e+00
        549 197.547003    0.03807     2.2842    137.049     52.492  49885.882    31.5503     8.5302     52.000     8.5135    24.4895     6.5791     9.4022     98.642    286.798    293.822    0.00026    6.66962    9.53156  290.74510   15.03802 4.9567e-01     0.4418     0.2998    92.7780 0.0000e+00
        554 197.547017    0.03841     2.3048    138.287     53.509  49896.310    31.5530     8.5032     53.000     8.4866    24.4957     6.5793     9.4026     98.588    286.808    293.834   -0.00010    6.67355    9.53717  290.91448   15.04611 4.4326e-01     0.3945     0.3095    92.5543 0.0000e+00
