CTD-processing/allCTD/CNV/2021_09-17_t4_s08_cast159_4141.cnv
* Sea-Bird SBE19plus Data File:
* FileName = C:\Users\steve\Desktop\GWA\CTD\2021_09-17_T4\2021_09-17_T4_S0_cast159.hex
* Software Version 1.59
* Temperature SN =  4141
* Conductivity SN =  4141
* System UpLoad Time = Sep 18 2021 12:22:01
** Cook Inlet LTM T4
** Date: 09-17-2021
** Station:S08
** Start Time (AKDT):11:12
** Depth (m):30
** Comment:
** Comment:
# nquan = 27
# nvalues = 27                          
# units = specified
# name 0 = scan: Scan Count
# name 1 = timeJ: Julian Days
# name 2 = timeH: Time, Elapsed [hours]
# name 3 = timeM: Time, Elapsed [minutes]
# name 4 = timeS: Time, Elapsed [seconds]
# name 5 = prdM: Pressure, Strain Gauge [db]
# name 6 = specc: Specific Conductance [uS/cm]
# name 7 = sal00: Salinity, Practical [PSU]
# name 8 = tv290C: Temperature [ITS-90, deg C]
# name 9 = depSM: Depth [salt water, m], lat = 59.00
# name 10 = potemp090C: Potential Temperature [ITS-90, deg C]
# name 11 = sigma-é00: Density [sigma-theta, kg/m^3]
# name 12 = sbeox0ML/L: Oxygen, SBE 43 [ml/l]
# name 13 = sbeox0Mg/L: Oxygen, SBE 43 [mg/l]
# name 14 = sbeox0PS: Oxygen, SBE 43 [% saturation]
# name 15 = sbox0Mm/Kg: Oxygen, SBE 43 [umol/kg]
# name 16 = sbeox0Mm/L: Oxygen, SBE 43 [umol/l]
# name 17 = sbox0dV/dT: Oxygen, SBE 43 [dov/dt]
# name 18 = oxsolML/L: Oxygen Saturation, Garcia & Gordon [ml/l]
# name 19 = oxsolMg/L: Oxygen Saturation, Garcia & Gordon [mg/l]
# name 20 = oxsolMm/Kg: Oxygen Saturation, Garcia & Gordon [umol/kg]
# name 21 = n2satMg/L: Nitrogen Saturation [mg/l]
# name 22 = par: PAR/Irradiance, Biospherical/Licor
# name 23 = wetStar: Fluorescence, WET Labs WETstar [mg/m^3]
# name 24 = CStarAt0: Beam Attenuation, WET Labs C-Star [1/m]
# name 25 = CStarTr0: Beam Transmission, WET Labs C-Star [%]
# name 26 = flag: flag
# span 0 =        313,        441       
# span 1 = 260.467837, 260.468206       
# span 2 =    0.02169,    0.03057       
# span 3 =     1.3013,     1.8341       
# span 4 =     78.080,    110.042       
# span 5 =      1.011,     27.244       
# span 6 =  45990.933,  48085.925       
# span 7 =    29.0649,    30.5285       
# span 8 =    10.2239,    10.3500       
# span 9 =      1.000,     27.000       
# span 10 =    10.2238,    10.3505      
# span 11 =    22.2863,    23.4211      
# span 12 =     5.7472,     6.1705      
# span 13 =     8.2134,     8.8182      
# span 14 =     88.944,     95.035      
# span 15 =    250.796,    269.516      
# span 16 =    256.668,    275.572      
# span 17 =   -0.00779,    0.00209      
# span 18 =    6.45683,    6.52743      
# span 19 =    9.22746,    9.32835      
# span 20 =  281.80586,  285.16004      
# span 21 =   14.61552,   14.78121      
# span 22 = 3.9329e+00, 4.8545e+01      
# span 23 =     0.3651,     1.4517      
# span 24 =     0.2879,     1.3622      
# span 25 =    71.1440,    93.0552      
# span 26 = 0.0000e+00, 0.0000e+00      
# interval = meters: 1                  
# start_time = Sep 17 2021 11:12:23 [Instrument's time stamp, header]
# bad_flag = -9.990e-29
*END*
        313 260.467837    0.02169     1.3013     78.080      1.011  45990.933    29.0649    10.2239      1.000    10.2238    22.2863     6.1623     8.8065     94.406    269.209    275.209   -0.00063    6.52743    9.32835  285.16004   14.78121 3.9328e+01     1.3020     1.3622    71.1440 0.0000e+00
        319 260.467852    0.02205     1.3230     79.380      2.020  46333.849    29.3068    10.2450      2.000    10.2678    22.4713     6.1705     8.8182     94.721    269.516    275.572    0.00139    6.51433    9.30963  284.53606   14.75037 3.9733e+01     0.9954     1.1391    75.2296 0.0000e+00
        323 260.467865    0.02237     1.3425     80.548      3.028  46477.600    29.4133    10.2994      3.000    10.3167    22.5454     6.1699     8.8174     94.890    269.472    275.547    0.00189    6.50215    9.29222  283.98348   14.72350 3.8542e+01     0.8951     0.8746    80.3609 0.0000e+00
        328 260.467880    0.02273     1.3636     81.816      4.037  46787.424    29.6341    10.3341      4.000    10.3421    22.7117     6.1659     8.8117     95.035    269.255    275.371    0.00209    6.48808    9.27211  283.32266   14.69099 4.2859e+01     1.1426     0.7311    83.3030 0.0000e+00
        333 260.467894    0.02308     1.3845     83.069      5.051  47081.669    29.8420    10.3500      5.000    10.3505    22.8710     6.1464     8.7839     94.893    268.362    274.500    0.00068    6.47721    9.25658  282.80423   14.66534 4.8545e+01     1.3739     0.6018    86.0378 0.0000e+00
        338 260.467907    0.02338     1.4032     84.195      6.053  47197.351    29.9228    10.3492      6.000    10.3425    22.9340     6.1075     8.7283     94.340    266.648    272.763   -0.00273    6.47398    9.25197  282.64579   14.65743 4.7862e+01     1.4517     0.5003    88.2439 0.0000e+00
        343 260.467923    0.02376     1.4258     85.548      7.068  47395.273    30.0587    10.3262      7.000    10.3174    23.0437     6.0547     8.6527     93.557    264.310    270.400   -0.00635    6.47160    9.24857  282.51173   14.65046 4.6008e+01     1.3790     0.4446    89.4806 0.0000e+00
        348 260.467937    0.02411     1.4463     86.778      8.076  47443.300    30.0909    10.3155      8.000    10.3152    23.0705     6.0173     8.5993     92.978    262.673    268.733   -0.00779    6.47178    9.24883  282.51239   14.65036 4.1043e+01     1.3806     0.4125    90.2030 0.0000e+00
        353 260.467950    0.02443     1.4656     87.934      9.083  47467.962    30.1080    10.3175      9.000    10.3165    23.0836     5.9961     8.5691     92.664    261.744    267.786   -0.00738    6.47080    9.24741  282.46549   14.64805 3.5511e+01     1.2353     0.3771    91.0033 0.0000e+00
        358 260.467966    0.02478     1.4869     89.211     10.095  47479.496    30.1155    10.3155     10.000    10.3125    23.0898     5.9811     8.5476     92.433    261.088    267.117   -0.00615    6.47077    9.24737  282.46248   14.64787 3.1905e+01     1.1761     0.3657    91.2624 0.0000e+00
        363 260.467980    0.02515     1.5088     90.525     11.107  47521.094    30.1436    10.3090     11.000    10.3025    23.1127     5.9641     8.5233     92.173    260.339    266.356   -0.00571    6.47053    9.24703  282.44551   14.64695 2.8376e+01     1.0905     0.3629    91.3274 0.0000e+00
        367 260.467993    0.02545     1.5269     91.616     12.112  47649.292    30.2320    10.2982     12.000    10.2974    23.1834     5.9640     8.5231     92.202    260.318    266.353   -0.00395    6.46839    9.24396  282.33258   14.64119 2.4468e+01     1.0578     0.3588    91.4211 0.0000e+00
        372 260.468007    0.02577     1.5466     92.793     13.122  47723.192    30.2846    10.3070     13.000    10.3121    23.2229     5.9597     8.5171     92.185    260.123    266.164   -0.00285    6.46499    9.23912  282.17353   14.63337 2.1571e+01     1.1227     0.3368    91.9253 0.0000e+00
        377 260.468022    0.02614     1.5683     94.101     14.133  47751.632    30.3062    10.3243     14.000    10.3277    23.2369     5.9456     8.4968     92.013    259.499    265.529   -0.00283    6.46166    9.23435  282.02399   14.62612 1.9264e+01     0.9517     0.3384    91.8878 0.0000e+00
        382 260.468035    0.02646     1.5874     95.244     15.143  47772.270    30.3218    10.3365     15.000    10.3347    23.2471     5.9253     8.4679     91.734    258.614    264.626   -0.00372    6.45929    9.23097  281.91806   14.62099 1.6868e+01     0.8692     0.3470    91.6911 0.0000e+00
        387 260.468049    0.02678     1.6067     96.399     16.148  47794.297    30.3363    10.3318     16.000    10.3352    23.2592     5.9103     8.4465     91.501    257.956    263.956   -0.00390    6.45935    9.23106  281.91749   14.62091 1.4858e+01     0.8234     0.3319    92.0377 0.0000e+00
        392 260.468064    0.02714     1.6285     97.709     17.166  47808.545    30.3477    10.3464     17.000    10.3430    23.2656     5.8896     8.4169     91.216    257.052    263.032   -0.00433    6.45683    9.22746  281.80586   14.61552 1.3108e+01     0.8114     0.3444    91.7489 0.0000e+00
        396 260.468077    0.02746     1.6476     98.858     18.167  47825.318    30.3578    10.3361     18.000    10.3287    23.2752     5.8720     8.3916     90.927    256.277    262.242   -0.00466    6.45785    9.22892  281.84773   14.61748 1.1570e+01     0.8054     0.3498    91.6275 0.0000e+00
        402 260.468092    0.02782     1.6692    100.150     19.183  47860.046    30.3808    10.3273     19.000    10.3267    23.2946     5.8598     8.3741     90.734    255.739    261.696   -0.00443    6.45815    9.22934  281.85541   14.61775 1.0163e+01     0.7897     0.3356    91.9531 0.0000e+00
        407 260.468107    0.02818     1.6909    101.456     20.190  47867.128    30.3854    10.3272     20.000    10.3185    23.2982     5.8591     8.3732     90.727    255.710    261.667   -0.00295    6.45797    9.22908  281.84650   14.61731 9.0243e+00     0.7596     0.3201    92.3099 0.0000e+00
        412 260.468122    0.02854     1.7127    102.763     21.197  47903.325    30.4078    10.3047     21.000    10.2936    23.3194     5.8597     8.3741     90.704    255.731    261.694   -0.00218    6.46022    9.23229  281.93848   14.62163 7.9949e+00     0.7032     0.2951    92.8871 0.0000e+00
        417 260.468138    0.02891     1.7348    104.086     22.213  47990.021    30.4662    10.2863     22.000    10.2811    23.3679     5.8601     8.3747     90.709    255.737    261.713   -0.00150    6.46040    9.23256  281.93329   14.62114 7.1282e+00     0.6840     0.2879    93.0552 0.0000e+00
        422 260.468151    0.02924     1.7542    105.253     23.215  48031.504    30.4943    10.2800     23.000    10.2732    23.3908     5.8691     8.3876     90.851    256.123    262.113   -0.00024    6.46012    9.23216  281.91492   14.62014 6.3771e+00     0.5764     0.2904    92.9983 0.0000e+00
        427 260.468167    0.02960     1.7765    106.587     24.230  48067.489    30.5178    10.2681     24.000    10.2615    23.4111     5.8544     8.3665     90.613    255.474    261.455   -0.00140    6.46083    9.23318  281.94024   14.62126 5.6990e+00     0.5026     0.3188    92.3385 0.0000e+00
        432 260.468181    0.02995     1.7968    107.810     25.242  48081.948    30.5266    10.2606     25.000    10.2567    23.4192     5.8132     8.3077     89.966    253.676    259.617   -0.00469    6.46153    9.23418  281.96853   14.62258 5.0516e+00     0.4496     0.3581    91.4371 0.0000e+00
        436 260.468193    0.03024     1.8143    108.858     26.242  48084.517    30.5279    10.2595     26.000    10.2564    23.4204     5.7804     8.2608     89.458    252.248    258.156   -0.00641    6.46163    9.23431  281.97240   14.62276 4.4487e+00     0.4056     0.3752    91.0459 0.0000e+00
        441 260.468206    0.03057     1.8341    110.042     27.244  48085.925    30.5285    10.2594     27.000    10.2563    23.4211     5.7472     8.2134     88.944    250.796    256.668   -0.00771    6.46162    9.23431  281.97227   14.62276 3.9329e+00     0.3651     0.3935    90.6308 0.0000e+00
