CTD-processing/allCTD/CNV/2021_02-16_ab_sptgm_cast138_5028.cnv
* Sea-Bird SBE19plus Data File:
* FileName = C:\Users\steve\Desktop\GWA CTD\2021_02-16_AlongBay\2021_02-16_AB_S0_cast138.hex
* Software Version 1.59
* Temperature SN =  5028
* Conductivity SN =  5028
* System UpLoad Time = Feb 18 2021 14:46:01
** Cook Inlet LTM AB
** Date: 02-16-2021
** Station:SPTGM
** Start Time (AKST):13:51
** Depth (m):69
** Comment:
** Comment:
# nquan = 27
# nvalues = 61                          
# units = specified
# name 0 = scan: Scan Count
# name 1 = timeJ: Julian Days
# name 2 = timeH: Time, Elapsed [hours]
# name 3 = timeM: Time, Elapsed [minutes]
# name 4 = timeS: Time, Elapsed [seconds]
# name 5 = prdM: Pressure, Strain Gauge [db]
# name 6 = specc: Specific Conductance [uS/cm]
# name 7 = sal00: Salinity, Practical [PSU]
# name 8 = tv290C: Temperature [ITS-90, deg C]
# name 9 = depSM: Depth [salt water, m], lat = 59.00
# name 10 = potemp090C: Potential Temperature [ITS-90, deg C]
# name 11 = sigma-é00: Density [sigma-theta, kg/m^3]
# name 12 = sbeox0ML/L: Oxygen, SBE 43 [ml/l]
# name 13 = sbeox0Mg/L: Oxygen, SBE 43 [mg/l]
# name 14 = sbeox0PS: Oxygen, SBE 43 [% saturation]
# name 15 = sbox0Mm/Kg: Oxygen, SBE 43 [umol/kg]
# name 16 = sbeox0Mm/L: Oxygen, SBE 43 [umol/l]
# name 17 = sbox0dV/dT: Oxygen, SBE 43 [dov/dt]
# name 18 = oxsolML/L: Oxygen Saturation, Garcia & Gordon [ml/l]
# name 19 = oxsolMg/L: Oxygen Saturation, Garcia & Gordon [mg/l]
# name 20 = oxsolMm/Kg: Oxygen Saturation, Garcia & Gordon [umol/kg]
# name 21 = potemp090C: Potential Temperature [ITS-90, deg C]
# name 22 = n2satMg/L: Nitrogen Saturation [mg/l]
# name 23 = par: PAR/Irradiance, Biospherical/Licor
# name 24 = flECO-AFL: Fluorescence, WET Labs ECO-AFL/FL [mg/m^3]
# name 25 = turbWETntu0: Turbidity, WET Labs ECO [NTU]
# name 26 = flag: flag
# span 0 =        277,        560       
# span 1 =  47.578148,  47.578965       
# span 2 =    0.01917,    0.03879       
# span 3 =     1.1499,     2.3274       
# span 4 =     68.994,    139.649       
# span 5 =      1.010,     61.585       
# span 6 =  50669.138,  50726.018       
# span 7 =    31.4713,    31.4822       
# span 8 =     4.9521,     4.9637       
# span 9 =      1.000,     61.000       
# span 10 =     4.9502,     4.9627      
# span 11 =    24.8828,    24.8919      
# span 12 =     6.8931,    11.4331      
# span 13 =     9.8510,    16.3390      
# span 14 =     95.093,    157.690      
# span 15 =    300.373,    498.202      
# span 16 =    307.847,    510.601      
# span 17 =   -0.03939,    0.04869      
# span 18 =    7.24808,    7.25042      
# span 19 =   10.35823,   10.36158      
# span 20 =  315.83746,  315.94130      
# span 21 =     4.9502,     4.9629      
# span 22 =   16.23472,   16.23970      
# span 23 = 5.4485e-02, 6.6462e+01      
# span 24 =     0.2953,     0.4007      
# span 25 =     0.6118,     0.7547      
# span 26 = 0.0000e+00, 0.0000e+00      
# interval = meters: 1                  
# start_time = Feb 16 2021 13:51:23 [Instrument's time stamp, header]
# bad_flag = -9.990e-29
*END*
        277  47.578148    0.01917     1.1499     68.994      1.010  50669.301    31.4718     4.9622      1.000     4.9627    24.8832     6.8931     9.8510     95.093    300.373    307.847    0.03021    7.24882   10.35928  315.87227     4.9621   16.23642 4.4951e+01     0.3164     0.6170 0.0000e+00
        282  47.578162    0.01950     1.1700     70.197      2.019  50669.138    31.4714     4.9630      2.000     4.9626    24.8828     7.0128    10.0220     96.746    305.587    313.191    0.03023    7.24869   10.35910  315.86682     4.9629   16.23616 4.5889e+01     0.3022     0.6271 0.0000e+00
        286  47.578174    0.01979     1.1873     71.238      3.029  50670.115    31.4713     4.9621      3.000     4.9613    24.8828     7.1131    10.1654     98.127    309.958    317.670    0.02853    7.24885   10.35933  315.87366     4.9619   16.23649 5.3426e+01     0.2953     0.6432 0.0000e+00
        290  47.578186    0.02007     1.2042     72.255      4.037  50671.777    31.4717     4.9611      4.000     4.9604    24.8833     7.2683    10.3871    100.266    316.720    324.601    0.03275    7.24901   10.35956  315.88057     4.9609   16.23681 6.0146e+01     0.3067     0.6418 0.0000e+00
        295  47.578199    0.02039     1.2235     73.408      5.047  50672.710    31.4716     4.9599      5.000     4.9587    24.8833     7.3809    10.5481    101.817    321.630    329.633    0.03121    7.24922   10.35986  315.88954     4.9596   16.23724 6.6462e+01     0.3260     0.6194 0.0000e+00
        299  47.578211    0.02067     1.2400     74.402      6.056  50674.199    31.4718     4.9578      6.000     4.9565    24.8837     7.5212    10.7487    103.748    327.744    335.899    0.03304    7.24958   10.36037  315.90523     4.9574   16.23799 6.0107e+01     0.3344     0.6118 0.0000e+00
        303  47.578223    0.02096     1.2577     75.461      7.066  50675.574    31.4718     4.9563      7.000     4.9549    24.8839     7.7183    11.0302    106.461    336.328    344.698    0.03818    7.24985   10.36075  315.91691     4.9558   16.23854 5.0945e+01     0.3292     0.6392 0.0000e+00
        307  47.578236    0.02127     1.2760     76.560      8.075  50677.419    31.4722     4.9544      8.000     4.9533    24.8844     7.9311    11.3344    109.393    345.604    354.204    0.04284    7.25016   10.36120  315.93032     4.9538   16.23918 4.4552e+01     0.3379     0.6431 0.0000e+00
        312  47.578249    0.02158     1.2948     77.690      9.085  50679.842    31.4732     4.9535      9.000     4.9527    24.8853     8.1405    11.6337    112.280    354.730    363.558    0.04578    7.25026   10.36134  315.93426     4.9529   16.23936 3.8768e+01     0.3593     0.6468 0.0000e+00
        316  47.578261    0.02188     1.3128     78.771     10.095  50682.016    31.4741     4.9532     10.000     4.9523    24.8861     8.3011    11.8631    114.493    361.724    370.726    0.04489    7.25027   10.36137  315.93488     4.9525   16.23939 3.3291e+01     0.3767     0.6910 0.0000e+00
        320  47.578273    0.02216     1.3298     79.790     11.104  50683.188    31.4744     4.9529     11.000     4.9521    24.8863     8.4368    12.0570    116.365    367.638    376.787    0.04309    7.25030   10.36141  315.93599     4.9522   16.23944 2.9080e+01     0.3918     0.7189 0.0000e+00
        325  47.578286    0.02248     1.3490     80.940     12.113  50684.095    31.4745     4.9529     12.000     4.9521    24.8864     8.5477    12.2156    117.894    372.471    381.741    0.03875    7.25030   10.36140  315.93582     4.9521   16.23943 2.5280e+01     0.4007     0.6849 0.0000e+00
        329  47.578299    0.02279     1.3673     82.039     13.123  50684.677    31.4744     4.9529     13.000     4.9519    24.8864     8.6330    12.3374    119.071    376.189    385.551    0.03393    7.25030   10.36141  315.93619     4.9520   16.23945 2.1908e+01     0.3880     0.6735 0.0000e+00
        333  47.578311    0.02309     1.3852     83.111     14.133  50685.348    31.4743     4.9528     14.000     4.9517    24.8863     8.7361    12.4847    120.492    380.680    390.153    0.03192    7.25033   10.36144  315.93713     4.9518   16.23949 1.9129e+01     0.3664     0.6742 0.0000e+00
        338  47.578325    0.02341     1.4051     84.304     15.142  50686.391    31.4745     4.9527     15.000     4.9515    24.8865     8.8542    12.6535    122.121    385.827    395.429    0.03077    7.25034   10.36146  315.93754     4.9516   16.23951 1.6735e+01     0.3734     0.6511 0.0000e+00
        342  47.578337    0.02371     1.4227     85.363     16.151  50687.332    31.4747     4.9527     16.000     4.9515    24.8866     8.9756    12.8270    123.796    391.117    400.851    0.03094    7.25033   10.36145  315.93729     4.9515   16.23950 1.4661e+01     0.3710     0.6726 0.0000e+00
        346  47.578349    0.02399     1.4390     86.341     17.161  50687.859    31.4746     4.9528     17.000     4.9516    24.8865     9.1302    13.0480    125.929    397.855    407.756    0.03421    7.25031   10.36143  315.93657     4.9516   16.23947 1.2846e+01     0.3603     0.6948 0.0000e+00
        351  47.578363    0.02432     1.4593     87.556     18.171  50688.240    31.4744     4.9528     18.000     4.9514    24.8864     9.3193    13.3182    128.536    406.095    416.201    0.03741    7.25033   10.36144  315.93706     4.9515   16.23949 1.1249e+01     0.3550     0.6738 0.0000e+00
        355  47.578375    0.02459     1.4758     88.550     19.180  50688.855    31.4743     4.9526     19.000     4.9511    24.8863     9.4859    13.5562    130.833    413.351    423.639    0.03955    7.25036   10.36150  315.93868     4.9512   16.23957 9.7699e+00     0.3598     0.6706 0.0000e+00
        360  47.578389    0.02494     1.4967     89.800     20.190  50689.754    31.4743     4.9523     20.000     4.9507    24.8864     9.7116    13.8789    133.945    423.188    433.720    0.04346    7.25042   10.36158  315.94130     4.9508   16.23970 8.5350e+00     0.3500     0.6864 0.0000e+00
        365  47.578402    0.02525     1.5146     90.877     21.199  50690.950    31.4746     4.9523     21.000     4.9508    24.8866     9.8870    14.1295    136.364    430.831    441.552    0.04392    7.25041   10.36156  315.94044     4.9508   16.23965 7.4102e+00     0.3503     0.6797 0.0000e+00
        369  47.578414    0.02556     1.5335     92.007     22.209  50691.887    31.4748     4.9523     22.000     4.9507    24.8868    10.1138    14.4536    139.493    440.715    451.683    0.04760    7.25039   10.36153  315.93978     4.9508   16.23962 6.5316e+00     0.3388     0.6728 0.0000e+00
        374  47.578429    0.02591     1.5548     93.288     23.218  50693.011    31.4750     4.9522     23.000     4.9506    24.8870    10.3293    14.7616    142.465    450.104    461.306    0.04771    7.25039   10.36154  315.93979     4.9506   16.23962 5.7380e+00     0.3390     0.6635 0.0000e+00
        379  47.578442    0.02623     1.5735     94.412     24.227  50693.640    31.4749     4.9522     24.000     4.9504    24.8869    10.5342    15.0544    145.291    459.031    470.455    0.04869    7.25040   10.36155  315.94030     4.9505   16.23965 5.0668e+00     0.3455     0.6972 0.0000e+00
        384  47.578457    0.02658     1.5945     95.671     25.238  50694.675    31.4752     4.9521     25.000     4.9504    24.8871    10.7426    15.3523    148.165    468.113    479.764    0.04828    7.25041   10.36156  315.94051     4.9503   16.23965 4.4506e+00     0.3580     0.6784 0.0000e+00
        389  47.578471    0.02691     1.6146     96.875     26.247  50695.340    31.4752     4.9523     26.000     4.9505    24.8871    10.9289    15.6185    150.736    476.232    488.085    0.04687    7.25037   10.36151  315.93884     4.9505   16.23957 3.9212e+00     0.3477     0.6744 0.0000e+00
        394  47.578486    0.02728     1.6368     98.210     27.257  50696.569    31.4756     4.9524     27.000     4.9505    24.8874    11.1047    15.8697    153.160    483.892    495.934    0.04388    7.25034   10.36146  315.93738     4.9504   16.23950 3.4461e+00     0.3446     0.6575 0.0000e+00
        399  47.578501    0.02764     1.6583     99.497     28.266  50696.954    31.4753     4.9525     28.000     4.9504    24.8872    11.2372    16.0590    154.988    489.666    501.852    0.03921    7.25033   10.36145  315.93714     4.9505   16.23949 3.0253e+00     0.3402     0.6434 0.0000e+00
        405  47.578517    0.02803     1.6815    100.889     29.276  50697.895    31.4755     4.9523     29.000     4.9502    24.8873    11.3316    16.1940    156.290    493.781    506.070    0.03240    7.25036   10.36149  315.93829     4.9502   16.23955 2.6450e+00     0.3304     0.6877 0.0000e+00
        410  47.578532    0.02837     1.7023    102.136     30.285  50698.735    31.4756     4.9525     30.000     4.9504    24.8875    11.4006    16.2926    157.243    496.788    509.151    0.02728    7.25032   10.36143  315.93643     4.9504   16.23946 2.3108e+00     0.3475     0.6956 0.0000e+00
        415  47.578547    0.02875     1.7249    103.493     31.295  50698.910    31.4752     4.9525     31.000     4.9503    24.8872    11.4331    16.3390    157.690    498.202    510.601    0.02053    7.25034   10.36145  315.93728     4.9503   16.23950 2.0182e+00     0.3493     0.6839 0.0000e+00
        421  47.578564    0.02914     1.7480    104.879     32.305  50699.051    31.4748     4.9527     32.000     4.9504    24.8869    11.4207    16.3214    157.521    497.666    510.052    0.01276    7.25033   10.36145  315.93700     4.9504   16.23949 1.7739e+00     0.3502     0.6754 0.0000e+00
        426  47.578579    0.02951     1.7708    106.246     33.314  50699.716    31.4748     4.9528     33.000     4.9505    24.8868    11.3853    16.2708    157.033    496.123    508.469    0.00596    7.25030   10.36141  315.93585     4.9505   16.23943 1.5540e+00     0.3494     0.6545 0.0000e+00
        431  47.578594    0.02986     1.7916    107.498     34.324  50701.503    31.4756     4.9531     34.000     4.9511    24.8875    11.3416    16.2082    156.431    494.216    506.516    0.00096    7.25021   10.36128  315.93170     4.9507   16.23923 1.3563e+00     0.3586     0.6656 0.0000e+00
        436  47.578607    0.03019     1.8114    108.683     35.333  50705.716    31.4784     4.9548     35.000     4.9534    24.8895    11.2894    16.1337    155.721    491.941    504.186   -0.00302    7.24979   10.36066  315.91244     4.9523   16.23831 1.1791e+00     0.3483     0.6794 0.0000e+00
        441  47.578621    0.03053     1.8315    109.889     36.343  50704.392    31.4774     4.9566     36.000     4.9538    24.8885    11.2235    16.0396    154.817    489.070    501.242   -0.00676    7.24952   10.36029  315.90124     4.9541   16.23778 1.0264e+00     0.3393     0.6806 0.0000e+00
        446  47.578636    0.03087     1.8523    111.139     37.352  50704.560    31.4769     4.9559     37.000     4.9532    24.8881    11.1335    15.9108    153.572    485.147    497.221   -0.01106    7.24967   10.36051  315.90808     4.9532   16.23811 8.9565e-01     0.3465     0.6821 0.0000e+00
        450  47.578650    0.03120     1.8721    112.326     38.363  50707.108    31.4782     4.9562     38.000     4.9540    24.8892    11.0395    15.7765    152.279    481.051    493.024   -0.01461    7.24954   10.36032  315.90216     4.9535   16.23782 7.8324e-01     0.3467     0.6586 0.0000e+00
        455  47.578663    0.03153     1.8917    113.504     39.372  50708.125    31.4786     4.9573     39.000     4.9548    24.8894    10.9443    15.6405    150.970    476.903    488.773   -0.01712    7.24935   10.36004  315.89346     4.9545   16.23740 6.8634e-01     0.3295     0.6725 0.0000e+00
        459  47.578676    0.03183     1.9096    114.576     40.382  50710.779    31.4801     4.9582     40.000     4.9563    24.8905    10.8544    15.5121    149.735    472.986    484.759   -0.01905    7.24910   10.35969  315.88233     4.9554   16.23687 5.9759e-01     0.3230     0.6898 0.0000e+00
        464  47.578689    0.03215     1.9289    115.734     41.391  50713.714    31.4822     4.9607     41.000     4.9587    24.8919    10.7449    15.3555    148.234    468.210    479.865   -0.02119    7.24859   10.35895  315.85927     4.9578   16.23576 5.2222e-01     0.3251     0.6921 0.0000e+00
        469  47.578704    0.03250     1.9498    116.987     42.400  50713.466    31.4819     4.9625     42.000     4.9596    24.8915    10.6016    15.1507    146.263    461.967    473.466   -0.02477    7.24828   10.35851  315.84609     4.9595   16.23513 4.5390e-01     0.3343     0.7116 0.0000e+00
        474  47.578717    0.03283     1.9697    118.182     43.410  50713.503    31.4815     4.9626     43.000     4.9594    24.8911    10.4658    14.9567    144.390    456.053    467.405   -0.02702    7.24828   10.35852  315.84640     4.9595   16.23515 3.9761e-01     0.3275     0.7339 0.0000e+00
        480  47.578735    0.03324     1.9944    119.664     44.420  50714.293    31.4815     4.9624     44.000     4.9593    24.8912    10.2576    14.6590    141.516    446.976    458.102   -0.03172    7.24831   10.35856  315.84768     4.9593   16.23521 3.4750e-01     0.3385     0.7263 0.0000e+00
        484  47.578747    0.03353     2.0119    120.716     45.430  50715.546    31.4819     4.9627     45.000     4.9596    24.8915    10.1214    14.4645    139.639    441.044    452.023   -0.03327    7.24825   10.35846  315.84469     4.9595   16.23507 3.0399e-01     0.3516     0.7028 0.0000e+00
        489  47.578762    0.03389     2.0336    122.018     46.439  50716.288    31.4820     4.9630     46.000     4.9598    24.8915     9.9537    14.2249    137.328    433.738    444.535   -0.03422    7.24818   10.35837  315.84188     4.9598   16.23493 2.6694e-01     0.3451     0.6750 0.0000e+00
        494  47.578777    0.03426     2.0551    123.309     47.449  50717.010    31.4820     4.9631     47.000     4.9598    24.8915     9.7550    13.9408    134.585    425.075    435.656   -0.03739    7.24816   10.35835  315.84109     4.9598   16.23489 2.3356e-01     0.3226     0.6822 0.0000e+00
        499  47.578789    0.03455     2.0734    124.403     48.459  50717.599    31.4819     4.9633     48.000     4.9599    24.8915     9.6126    13.7373    132.621    418.870    429.296   -0.03744    7.24814   10.35832  315.84022     4.9598   16.23486 2.0566e-01     0.3134     0.7157 0.0000e+00
        504  47.578805    0.03493     2.0958    125.745     49.469  50718.306    31.4820     4.9634     49.000     4.9599    24.8915     9.4230    13.4664    130.006    410.611    420.831   -0.03825    7.24811   10.35828  315.83900     4.9599   16.23480 1.8119e-01     0.3001     0.7222 0.0000e+00
        508  47.578817    0.03522     2.1129    126.777     50.478  50719.021    31.4820     4.9636     50.000     4.9600    24.8915     9.2803    13.2625    128.038    404.392    414.459   -0.03881    7.24808   10.35823  315.83761     4.9600   16.23473 1.6034e-01     0.2980     0.6991 0.0000e+00
        514  47.578834    0.03563     2.1376    128.257     51.488  50719.572    31.4819     4.9637     51.000     4.9599    24.8914     9.0787    12.9745    125.258    395.611    405.458   -0.03862    7.24808   10.35823  315.83749     4.9600   16.23472 1.4287e-01     0.3028     0.6870 0.0000e+00
        519  47.578847    0.03594     2.1567    129.400     52.497  50720.325    31.4819     4.9636     52.000     4.9598    24.8914     8.9180    12.7448    123.040    388.606    398.280   -0.03939    7.24809   10.35824  315.83792     4.9598   16.23475 1.2722e-01     0.3104     0.7015 0.0000e+00
        523  47.578861    0.03626     2.1757    130.543     53.507  50721.169    31.4820     4.9636     53.000     4.9598    24.8915     8.8042    12.5821    121.469    383.647    393.197   -0.03622    7.24808   10.35824  315.83774     4.9598   16.23474 1.1409e-01     0.3319     0.7023 0.0000e+00
