CTD-processing/allCTD/CNV/2021_08-17_ab_s02_cast135_4141.cnv
* Sea-Bird SBE19plus Data File:
* FileName = C:\Users\steve\Desktop\GWA\CTD\2021_08-17_AB\2021_08-17_AB_S0_cast135.hex
* Software Version 1.59
* Temperature SN =  4141
* Conductivity SN =  4141
* System UpLoad Time = Aug 18 2021 09:32:02
** Cook Inlet LTM AlongBay
** Date: 08-17-2021
** Station:S02
** Start Time (AKDT):10:48
** Depth (m):124
** Comment:
** Comment:
# nquan = 27
# nvalues = 115                         
# units = specified
# name 0 = scan: Scan Count
# name 1 = timeJ: Julian Days
# name 2 = timeH: Time, Elapsed [hours]
# name 3 = timeM: Time, Elapsed [minutes]
# name 4 = timeS: Time, Elapsed [seconds]
# name 5 = prdM: Pressure, Strain Gauge [db]
# name 6 = specc: Specific Conductance [uS/cm]
# name 7 = sal00: Salinity, Practical [PSU]
# name 8 = tv290C: Temperature [ITS-90, deg C]
# name 9 = depSM: Depth [salt water, m], lat = 59.00
# name 10 = potemp090C: Potential Temperature [ITS-90, deg C]
# name 11 = sigma-é00: Density [sigma-theta, kg/m^3]
# name 12 = sbeox0ML/L: Oxygen, SBE 43 [ml/l]
# name 13 = sbeox0Mg/L: Oxygen, SBE 43 [mg/l]
# name 14 = sbeox0PS: Oxygen, SBE 43 [% saturation]
# name 15 = sbox0Mm/Kg: Oxygen, SBE 43 [umol/kg]
# name 16 = sbeox0Mm/L: Oxygen, SBE 43 [umol/l]
# name 17 = sbox0dV/dT: Oxygen, SBE 43 [dov/dt]
# name 18 = oxsolML/L: Oxygen Saturation, Garcia & Gordon [ml/l]
# name 19 = oxsolMg/L: Oxygen Saturation, Garcia & Gordon [mg/l]
# name 20 = oxsolMm/Kg: Oxygen Saturation, Garcia & Gordon [umol/kg]
# name 21 = n2satMg/L: Nitrogen Saturation [mg/l]
# name 22 = par: PAR/Irradiance, Biospherical/Licor
# name 23 = wetStar: Fluorescence, WET Labs WETstar [mg/m^3]
# name 24 = CStarAt0: Beam Attenuation, WET Labs C-Star [1/m]
# name 25 = CStarTr0: Beam Transmission, WET Labs C-Star [%]
# name 26 = flag: flag
# span 0 =        274,        836       
# span 1 = 229.450988, 229.452614       
# span 2 =    0.01899,    0.05801       
# span 3 =     1.1391,     3.4801       
# span 4 =     68.347,    208.804       
# span 5 =      1.006,    116.115       
# span 6 =  48973.615,  49402.045       
# span 7 =    31.1853,    31.3050       
# span 8 =     9.3820,    10.4265       
# span 9 =      1.000,    115.000       
# span 10 =     9.3699,    10.4260      
# span 11 =    23.9045,    24.1689      
# span 12 =     5.8326,     6.6010      
# span 13 =     8.3354,     9.4335      
# span 14 =     88.985,    102.960      
# span 15 =    254.338,    287.917      
# span 16 =    260.484,    294.800      
# span 17 =   -0.01153,    0.02124      
# span 18 =    6.41119,    6.55462      
# span 19 =    9.16223,    9.36721      
# span 20 =  279.63923,  285.82129      
# span 21 =   14.50844,   14.80372      
# span 22 = 4.5999e-02, 6.5813e+01      
# span 23 =     0.8749,     3.7813      
# span 24 =     0.5147,     0.7627      
# span 25 =    82.6422,    87.9254      
# span 26 = 0.0000e+00, 0.0000e+00      
# interval = meters: 1                  
# start_time = Aug 17 2021 10:48:17 [Instrument's time stamp, header]
# bad_flag = -9.990e-29
*END*
[from data line 54]
        532 229.451734    0.03691     2.2145    132.869     55.526  49338.664    31.2968     9.4601     55.000     9.4528    24.1493     5.9194     8.4595     90.461    258.129    264.362   -0.00454    6.54365    9.35153  285.34833   14.78113 6.0594e-02     1.0530     0.7026    83.8902 0.0000e+00
        537 229.451748    0.03722     2.2334    134.001     56.535  49340.080    31.2969     9.4567     56.000     9.4498    24.1500     5.9129     8.4501     90.354    257.844    264.071   -0.00391    6.54413    9.35222  285.36934   14.78213 5.8388e-02     1.0027     0.7093    83.7508 0.0000e+00
        542 229.451762    0.03757     2.2543    135.258     57.548  49341.052    31.2970     9.4550     57.000     9.4479    24.1503     5.9135     8.4510     90.360    257.869    264.097   -0.00273    6.54437    9.35256  285.37970   14.78263 5.6460e-02     1.0448     0.7096    83.7435 0.0000e+00
        547 229.451776    0.03790     2.2737    136.420     58.554  49342.871    31.2975     9.4523     58.000     9.4453    24.1511     5.9094     8.4451     90.292    257.691    263.914   -0.00227    6.54475    9.35311  285.39616   14.78341 5.4843e-02     1.0759     0.6974    83.9996 0.0000e+00
        551 229.451789    0.03822     2.2937    137.620     59.568  49342.334    31.2964     9.4503     59.000     9.4418    24.1506     5.9073     8.4421     90.255    257.598    263.819   -0.00190    6.54509    9.35359  285.41097   14.78412 5.3517e-02     1.0626     0.7062    83.8152 0.0000e+00
        556 229.451803    0.03855     2.3131    138.788     60.571  49344.572    31.2967     9.4442     60.000     9.4356    24.1518     5.8993     8.4308     90.122    257.252    263.466   -0.00204    6.54595    9.35482  285.44819   14.78590 5.2285e-02     1.0113     0.7079    83.7795 0.0000e+00
        561 229.451818    0.03892     2.3350    140.098     61.589  49345.535    31.2960     9.4374     61.000     9.4274    24.1524     5.8957     8.4254     90.051    257.090    263.299   -0.00190    6.54698    9.35628  285.49261   14.78803 5.1205e-02     0.9920     0.7162    83.6062 0.0000e+00
        566 229.451832    0.03925     2.3546    141.279     62.593  49351.959    31.2995     9.4324     62.000     9.4254    24.1558     5.8967     8.4270     90.059    257.135    263.346   -0.00133    6.54755    9.35710  285.51645   14.78916 5.0435e-02     0.9841     0.7225    83.4749 0.0000e+00
        571 229.451846    0.03959     2.3755    142.533     63.602  49353.590    31.3001     9.4318     63.000     9.4252    24.1565     5.8943     8.4236     90.023    257.034    263.242   -0.00114    6.54760    9.35718  285.51884   14.78927 4.9659e-02     0.9992     0.7161    83.6072 0.0000e+00
        576 229.451861    0.03995     2.3969    143.815     64.616  49352.950    31.2991     9.4313     64.000     9.4235    24.1558     5.8923     8.4206     89.989    256.941    263.147   -0.00107    6.54773    9.35736  285.52439   14.78954 4.9060e-02     0.9551     0.7321    83.2748 0.0000e+00
        581 229.451875    0.04029     2.4171    145.024     65.623  49352.695    31.2980     9.4270     65.000     9.4181    24.1556     5.8921     8.4204     89.978    256.934    263.141   -0.00077    6.54839    9.35831  285.55353   14.79093 4.8566e-02     0.9566     0.6388    85.2530 0.0000e+00
        586 229.451890    0.04063     2.4378    146.267     66.633  49357.055    31.3003     9.4249     66.000     9.4180    24.1577     5.8928     8.4214     89.985    256.964    263.172   -0.00068    6.54859    9.35860  285.56174   14.79132 4.8032e-02     0.9423     0.5364    87.4501 0.0000e+00
        591 229.451904    0.04098     2.4590    147.541     67.641  49358.132    31.3006     9.4251     67.000     9.4180    24.1580     5.8919     8.4201     89.972    256.925    263.131   -0.00049    6.54855    9.35854  285.55984   14.79123 4.7697e-02     0.9338     0.5181    87.8518 0.0000e+00
        597 229.451921    0.04137     2.4824    148.943     68.656  49358.377    31.3003     9.4245     68.000     9.4172    24.1578     5.8937     8.4226     89.998    257.003    263.211   -0.00030    6.54866    9.35869  285.56446   14.79145 4.7339e-02     1.0038     0.5149    87.9216 0.0000e+00
        602 229.451936    0.04173     2.5035    150.209     69.661  49358.344    31.2999     9.4246     69.000     9.4170    24.1575     5.8929     8.4216     89.988    256.973    263.181   -0.00026    6.54866    9.35870  285.56480   14.79147 4.7156e-02     0.9975     0.5163    87.8914 0.0000e+00
        607 229.451950    0.04208     2.5250    151.503     70.676  49359.406    31.3001     9.4244     70.000     9.4169    24.1577     5.8858     8.4114     89.878    256.660    262.861   -0.00087    6.54867    9.35871  285.56506   14.79148 4.6852e-02     0.9374     0.5147    87.9254 0.0000e+00
        612 229.451964    0.04241     2.5444    152.661     71.679  49359.612    31.2998     9.4238     71.000     9.4158    24.1576     5.8857     8.4111     89.874    256.653    262.853   -0.00071    6.54877    9.35885  285.56957   14.79170 4.6666e-02     0.9635     0.5203    87.8036 0.0000e+00
        617 229.451979    0.04277     2.5661    153.966     72.693  49360.821    31.3001     9.4231     72.000     9.4150    24.1580     5.8840     8.4089     89.848    256.583    262.781   -0.00069    6.54888    9.35899  285.57384   14.79190 4.6497e-02     0.9736     0.5217    87.7730 0.0000e+00
        622 229.451994    0.04312     2.5874    155.245     73.706  49361.456    31.2999     9.4220     73.000     9.4136    24.1581     5.8857     8.4114     89.872    256.658    262.859   -0.00038    6.54902    9.35921  285.58042   14.79221 4.6408e-02     0.9694     0.5241    87.7203 0.0000e+00
        627 229.452007    0.04344     2.6065    156.387     74.708  49362.071    31.2996     9.4197     74.000     9.4110    24.1582     5.8897     8.4170     89.928    256.831    263.036   -0.00004    6.54938    9.35973  285.59603   14.79296 4.6387e-02     0.9388     0.5318    87.5503 0.0000e+00
        632 229.452021    0.04379     2.6275    157.652     75.724  49365.122    31.3013     9.4193     75.000     9.4119    24.1596     5.8864     8.4122     89.877    256.684    262.886   -0.00032    6.54936    9.35970  285.59466   14.79289 4.6241e-02     0.9474     0.5306    87.5770 0.0000e+00
        636 229.452035    0.04412     2.6472    158.832     76.729  49363.994    31.3002     9.4205     76.000     9.4121    24.1586     5.8778     8.4001     89.749    256.314    262.506   -0.00104    6.54924    9.35951  285.58945   14.79264 4.6233e-02     0.9958     0.5300    87.5894 0.0000e+00
        641 229.452050    0.04448     2.6687    160.123     77.740  49365.039    31.3005     9.4199     77.000     9.4115    24.1589     5.8808     8.4043     89.793    256.442    262.637   -0.00057    6.54931    9.35962  285.59275   14.79280 4.6101e-02     0.9456     0.5296    87.5993 0.0000e+00
        647 229.452067    0.04487     2.6923    161.540     78.752  49365.942    31.3007     9.4194     78.000     9.4109    24.1591     5.8818     8.4057     89.807    256.485    262.682   -0.00032    6.54938    9.35971  285.59545   14.79293 4.6083e-02     0.9776     0.5416    87.3368 0.0000e+00
        653 229.452082    0.04525     2.7151    162.903     79.761  49365.671    31.2998     9.4183     79.000     9.4086    24.1586     5.8798     8.4027     89.773    256.395    262.589   -0.00047    6.54958    9.36000  285.60439   14.79337 4.6086e-02     0.9482     0.5790    86.5257 0.0000e+00
        658 229.452098    0.04562     2.7370    164.221     80.770  49367.306    31.3000     9.4147     80.000     9.4047    24.1594     5.8802     8.4035     89.774    256.417    262.612   -0.00040    6.55008    9.36072  285.62595   14.79439 4.6053e-02     1.0304     0.7010    83.9274 0.0000e+00
        664 229.452114    0.04601     2.7605    165.633     81.781  49368.725    31.3001     9.4108     81.000     9.4006    24.1601     5.8830     8.4073     89.808    256.535    262.733   -0.00010    6.55065    9.36153  285.65067   14.79557 4.6011e-02     1.0410     0.7203    83.5211 0.0000e+00
        669 229.452129    0.04638     2.7826    166.955     82.791  49372.471    31.3019     9.4079     82.000     9.3991    24.1620     5.8791     8.4018     89.743    256.366    262.560   -0.00049    6.55099    9.36203  285.66523   14.79626 4.6038e-02     1.0021     0.7244    83.4338 0.0000e+00
        674 229.452144    0.04674     2.8044    168.262     83.798  49372.766    31.3017     9.4078     83.000     9.3987    24.1618     5.8780     8.4003     89.727    256.320    262.513   -0.00049    6.55102    9.36206  285.66644   14.79632 4.6032e-02     0.9594     0.7179    83.5702 0.0000e+00
        680 229.452161    0.04714     2.8286    169.717     84.815  49374.539    31.3026     9.4086     84.000     9.4007    24.1624     5.8743     8.3950     89.672    256.158    262.347   -0.00066    6.55086    9.36183  285.65917   14.79597 4.5999e-02     0.9736     0.7121    83.6929 0.0000e+00
        685 229.452176    0.04750     2.8498    170.987     85.817  49371.955    31.3004     9.4091     85.000     9.3987    24.1607     5.8757     8.3970     89.694    256.220    262.410   -0.00043    6.55089    9.36188  285.66106   14.79607 4.6033e-02     0.9596     0.7123    83.6871 0.0000e+00
        691 229.452192    0.04790     2.8736    172.417     86.836  49377.246    31.3032     9.4054     86.000     9.3980    24.1634     5.8803     8.4034     89.757    256.415    262.611    0.00006    6.55130    9.36246  285.67824   14.79688 4.6104e-02     1.0015     0.7151    83.6284 0.0000e+00
        696 229.452207    0.04824     2.8947    173.683     87.837  49375.003    31.3017     9.4093     87.000     9.4000    24.1617     5.8769     8.3987     89.713    256.270    262.462   -0.00025    6.55079    9.36173  285.65638   14.79584 4.6084e-02     0.9961     0.7091    83.7549 0.0000e+00
        701 229.452223    0.04864     2.9186    175.114     88.853  49372.540    31.2993     9.4073     88.000     9.3958    24.1601     5.8718     8.3915     89.631    256.052    262.238   -0.00068    6.55119    9.36229  285.67385   14.79669 4.6097e-02     1.0028     0.7109    83.7167 0.0000e+00
        706 229.452237    0.04896     2.9376    176.255     89.858  49377.505    31.3018     9.4032     89.000     9.3929    24.1627     5.8720     8.3917     89.627    256.058    262.245   -0.00060    6.55167    9.36299  285.69442   14.79766 4.6140e-02     0.9975     0.7188    83.5530 0.0000e+00
        711 229.452251    0.04931     2.9584    177.504     90.873  49380.162    31.3031     9.4021     90.000     9.3921    24.1639     5.8660     8.3831     89.532    255.795    261.976   -0.00093    6.55179    9.36316  285.69924   14.79789 4.6103e-02     0.9426     0.7223    83.4789 0.0000e+00
        715 229.452264    0.04961     2.9767    178.601     91.873  49381.189    31.3033     9.4011     91.000     9.3915    24.1642     5.8660     8.3831     89.531    255.793    261.975   -0.00085    6.55191    9.36334  285.70460   14.79814 4.6161e-02     0.9521     0.7176    83.5777 0.0000e+00
        720 229.452278    0.04996     2.9977    179.863     92.892  49381.468    31.3030     9.4014     92.000     9.3914    24.1640     5.8734     8.3937     89.644    256.118    262.307    0.00003    6.55189    9.36331  285.70369   14.79810 4.6123e-02     0.9397     0.7213    83.4994 0.0000e+00
        725 229.452292    0.05029     3.0174    181.042     93.898  49380.491    31.3018     9.4005     93.000     9.3898    24.1632     5.8682     8.3862     89.562    255.889    262.072   -0.00043    6.55207    9.36357  285.71181   14.79849 4.6211e-02     0.9028     0.7217    83.4905 0.0000e+00
        730 229.452306    0.05063     3.0374    182.246     94.908  49382.334    31.3025     9.3992     94.000     9.3891    24.1640     5.8663     8.3835     89.532    255.808    261.989   -0.00056    6.55222    9.36378  285.71809   14.79879 4.6171e-02     0.9478     0.7214    83.4974 0.0000e+00
        735 229.452321    0.05098     3.0592    183.552     95.921  49384.105    31.3033     9.3991     95.000     9.3890    24.1647     5.8652     8.3819     89.515    255.759    261.939   -0.00052    6.55221    9.36376  285.71742   14.79875 4.6193e-02     0.9644     0.7105    83.7251 0.0000e+00
        740 229.452335    0.05131     3.0785    184.712     96.928  49383.508    31.3025     9.3992     96.000     9.3886    24.1639     5.8604     8.3752     89.442    255.552    261.728   -0.00084    6.55223    9.36379  285.71854   14.79881 4.6247e-02     0.9006     0.7171    83.5861 0.0000e+00
        745 229.452350    0.05167     3.1000    185.998     97.938  49383.638    31.3019     9.3976     97.000     9.3865    24.1638     5.8597     8.3739     89.426    255.515    261.690   -0.00071    6.55247    9.36414  285.72910   14.79932 4.6255e-02     0.9354     0.7253    83.4173 0.0000e+00
        750 229.452364    0.05201     3.1210    187.261     98.949  49385.943    31.3029     9.3964     98.000     9.3861    24.1648     5.8589     8.3730     89.414    255.487    261.661   -0.00057    6.55261    9.36434  285.73508   14.79960 4.6292e-02     0.9324     0.7185    83.5588 0.0000e+00
        755 229.452378    0.05236     3.1416    188.495     99.960  49387.145    31.3034     9.3970     99.000     9.3865    24.1651     5.8449     8.3529     89.201    254.873    261.032   -0.00163    6.55252    9.36420  285.73074   14.79939 4.6223e-02     0.9094     0.7281    83.3585 0.0000e+00
        760 229.452393    0.05271     3.1623    189.735    100.967  49387.151    31.3030     9.3971    100.000     9.3864    24.1648     5.8443     8.3522     89.192    254.850    261.008   -0.00131    6.55250    9.36418  285.73014   14.79936 4.6317e-02     0.9772     0.7308    83.3026 0.0000e+00
        765 229.452407    0.05305     3.1830    190.983    101.979  49387.373    31.3026     9.3966    101.000     9.3855    24.1646     5.8564     8.3693     89.375    255.374    261.545    0.00007    6.55258    9.36430  285.73395   14.79955 4.6286e-02     0.9046     0.7282    83.3557 0.0000e+00
        770 229.452421    0.05338     3.2030    192.179    102.988  49388.314    31.3028     9.3962    102.000     9.3852    24.1648     5.8555     8.3681     89.361    255.336    261.506   -0.00006    6.55264    9.36438  285.73632   14.79966 4.6308e-02     0.9519     0.7151    83.6299 0.0000e+00
        775 229.452435    0.05372     3.2230    193.377    103.998  49389.268    31.3030     9.3958    103.000     9.3845    24.1651     5.8500     8.3602     89.275    255.094    261.259   -0.00050    6.55270    9.36447  285.73873   14.79978 4.6375e-02     0.8982     0.6000    86.0725 0.0000e+00
        779 229.452449    0.05406     3.2432    194.593    105.006  49390.160    31.3030     9.3945    104.000     9.3828    24.1653     5.8488     8.3586     89.256    255.045    261.209   -0.00069    6.55288    9.36472  285.74651   14.80015 4.6359e-02     0.9056     0.5757    86.5954 0.0000e+00
        784 229.452464    0.05441     3.2645    195.868    106.017  49390.953    31.3031     9.3943    105.000     9.3829    24.1654     5.8562     8.3691     89.368    255.367    261.538    0.00013    6.55292    9.36478  285.74817   14.80023 4.6406e-02     0.9131     0.5782    86.5416 0.0000e+00
        790 229.452479    0.05477     3.2861    197.164    107.030  49391.035    31.3027     9.3937    106.000     9.3819    24.1652     5.8574     8.3707     89.384    255.417    261.589    0.00014    6.55302    9.36492  285.75248   14.80044 4.6420e-02     0.9276     0.5880    86.3303 0.0000e+00
        795 229.452494    0.05515     3.3088    198.527    108.038  49393.835    31.3042     9.3933    107.000     9.3826    24.1664     5.8514     8.3623     89.294    255.159    261.325   -0.00045    6.55300    9.36490  285.75157   14.80039 4.6386e-02     0.9218     0.5983    86.1074 0.0000e+00
