CTD-processing/allCTD/CNV/2021_12-18_t9_s03_cast035_4141.cnv
* Sea-Bird SBE19plus Data File:
* FileName = C:\Users\steve\Desktop\GWA\CTD\2021_12-18_T9\2021_12-18_T9_S0_cast035.hex
* Software Version 1.59
* Temperature SN =  4141
* Conductivity SN =  4141
* System UpLoad Time = Dec 22 2021 14:30:19
** Cook Inlet LTM T9
** Date: 12-18-2021
** Station:S03
** Start Time (AKST):14:14
** Depth (m):98
** Comment:
** Comment:
# nquan = 27
# nvalues = 94                          
# units = specified
# name 0 = scan: Scan Count
# name 1 = timeJ: Julian Days
# name 2 = timeH: Time, Elapsed [hours]
# name 3 = timeM: Time, Elapsed [minutes]
# name 4 = timeS: Time, Elapsed [seconds]
# name 5 = prdM: Pressure, Strain Gauge [db]
# name 6 = specc: Specific Conductance [uS/cm]
# name 7 = sal00: Salinity, Practical [PSU]
# name 8 = tv290C: Temperature [ITS-90, deg C]
# name 9 = depSM: Depth [salt water, m], lat = 59.00
# name 10 = potemp090C: Potential Temperature [ITS-90, deg C]
# name 11 = sigma-é00: Density [sigma-theta, kg/m^3]
# name 12 = sbeox0ML/L: Oxygen, SBE 43 [ml/l]
# name 13 = sbeox0Mg/L: Oxygen, SBE 43 [mg/l]
# name 14 = sbeox0PS: Oxygen, SBE 43 [% saturation]
# name 15 = sbox0Mm/Kg: Oxygen, SBE 43 [umol/kg]
# name 16 = sbeox0Mm/L: Oxygen, SBE 43 [umol/l]
# name 17 = sbox0dV/dT: Oxygen, SBE 43 [dov/dt]
# name 18 = oxsolML/L: Oxygen Saturation, Garcia & Gordon [ml/l]
# name 19 = oxsolMg/L: Oxygen Saturation, Garcia & Gordon [mg/l]
# name 20 = oxsolMm/Kg: Oxygen Saturation, Garcia & Gordon [umol/kg]
# name 21 = n2satMg/L: Nitrogen Saturation [mg/l]
# name 22 = par: PAR/Irradiance, Biospherical/Licor
# name 23 = wetStar: Fluorescence, WET Labs WETstar [mg/m^3]
# name 24 = CStarAt0: Beam Attenuation, WET Labs C-Star [1/m]
# name 25 = CStarTr0: Beam Transmission, WET Labs C-Star [%]
# name 26 = flag: flag
# span 0 =        282,        742       
# span 1 = 352.593742, 352.595072       
# span 2 =    0.01953,    0.05146       
# span 3 =     1.1717,     3.0874       
# span 4 =     70.302,    185.242       
# span 5 =      1.016,     94.842       
# span 6 =  50580.483,  50892.064       
# span 7 =    31.0598,    31.2984       
# span 8 =     3.3017,     3.7988       
# span 9 =      1.000,     94.000       
# span 10 =     3.3042,     3.8020      
# span 11 =    24.6958,    24.8830      
# span 12 =     7.0137,     7.1659      
# span 13 =    10.0232,    10.2407      
# span 14 =     93.035,     95.322      
# span 15 =    305.651,    312.284      
# span 16 =    313.230,    320.027      
# span 17 =   -0.00372,    0.05240      
# span 18 =    7.46860,    7.56376      
# span 19 =   10.67338,   10.80935      
# span 20 =  325.47549,  329.62349      
# span 21 =   16.69421,   16.89160      
# span 22 = 3.6908e-02, 1.5109e+01      
# span 23 =     0.1640,     0.1894      
# span 24 =     0.6187,     0.8615      
# span 25 =    80.6245,    85.6697      
# span 26 = 0.0000e+00, 0.0000e+00      
# interval = meters: 1                  
# start_time = Dec 18 2021 14:13:49 [Instrument's time stamp, header]
# bad_flag = -9.990e-29
*END*
        282 352.593742    0.01953     1.1717     70.302      1.016  50760.380    31.1790     3.4306      1.000     3.4312    24.7996     7.0137    10.0232     93.035    305.651    313.230    0.05240    7.53875   10.77363  328.53310   16.83971 1.5109e+01     0.1830     0.7220    83.4862 0.0000e+00
        287 352.593756    0.01986     1.1916     71.499      2.019  50760.355    31.1791     3.4335      2.000     3.4343    24.7994     7.0401    10.0610     93.392    306.804    314.412    0.04021    7.53821   10.77285  328.50950   16.83859 1.2050e+01     0.1868     0.7228    83.4686 0.0000e+00
        292 352.593769    0.02018     1.2110     72.657      3.029  50771.446    31.1870     3.4369      3.000     3.4438    24.8054     7.0505    10.0759     93.543    307.253    314.875    0.03080    7.53716   10.77135  328.46196   16.83630 9.8466e+00     0.1781     0.7222    83.4811 0.0000e+00
        296 352.593782    0.02050     1.2295     73.773      4.037  50778.361    31.1952     3.4530      4.000     3.4624    24.8106     7.0517    10.0777     93.602    307.306    314.930    0.02339    7.53376   10.76649  328.31195   16.82914 8.5322e+00     0.1853     0.7155    83.6215 0.0000e+00
        301 352.593796    0.02081     1.2490     74.942      5.047  50771.836    31.1962     3.4767      5.000     3.4937    24.8092     7.0609    10.0907     93.779    307.706    315.340    0.01825    7.52932   10.76014  328.11880   16.81996 7.5408e+00     0.1866     0.7015    83.9141 0.0000e+00
        305 352.593809    0.02114     1.2682     76.091      6.057  50892.064    31.2984     3.5626      6.000     3.6318    24.8830     7.0572    10.0854     93.994    307.522    315.174    0.01458    7.50820   10.72997  327.17528   16.77471 6.7298e+00     0.1889     0.6819    84.3274 0.0000e+00
        310 352.593822    0.02145     1.2871     77.227      7.065  50770.546    31.2453     3.6847      7.000     3.7132    24.8298     7.0804    10.1186     94.552    308.551    316.212    0.01376    7.48839   10.70166  326.32880   16.73469 5.9771e+00     0.1894     0.6554    84.8874 0.0000e+00
        315 352.593836    0.02179     1.3073     78.440      8.076  50746.812    31.2432     3.7446      8.000     3.7706    24.8227     7.0718    10.1064     94.575    308.179    315.829    0.01032    7.47749   10.68608  325.85608   16.71222 5.2740e+00     0.1828     0.6339    85.3447 0.0000e+00
        319 352.593849    0.02211     1.3268     79.611      9.085  50698.192    31.2227     3.7988      9.000     3.8020    24.8014     7.0546    10.0818     94.457    307.436    315.060    0.00706    7.46860   10.67338  325.47549   16.69421 4.5950e+00     0.1839     0.6233    85.5709 0.0000e+00
        324 352.593863    0.02244     1.3464     80.781     10.092  50674.660    31.2057     3.7966     10.000     3.7878    24.7880     7.0515    10.0772     94.399    307.301    314.918    0.00487    7.46987   10.67518  325.53481   16.69711 3.9880e+00     0.1745     0.6196    85.6511 0.0000e+00
        329 352.593878    0.02281     1.3685     82.110     11.106  50705.979    31.2229     3.7816     11.000     3.7872    24.8031     7.0440    10.0666     94.275    306.972    314.586    0.00282    7.47174   10.67785  325.61146   16.70068 3.4387e+00     0.1767     0.6202    85.6364 0.0000e+00
        334 352.593893    0.02314     1.3882     83.292     12.114  50694.012    31.2178     3.7970     12.000     3.7968    24.7978     7.0393    10.0599     94.245    306.768    314.375    0.00187    7.46916   10.67418  325.50108   16.69545 2.9374e+00     0.1728     0.6219    85.6018 0.0000e+00
        339 352.593906    0.02346     1.4076     84.457     13.122  50690.652    31.2149     3.7963     13.000     3.7937    24.7955     7.0426    10.0645     94.285    306.910    314.520    0.00149    7.46944   10.67458  325.51411   16.69608 2.5185e+00     0.1761     0.6187    85.6697 0.0000e+00
        344 352.593920    0.02380     1.4281     85.684     14.136  50685.191    31.2090     3.7890     14.000     3.7824    24.7914     7.0486    10.0732     94.346    307.178    314.793    0.00136    7.47108   10.67693  325.58695   16.69957 2.1507e+00     0.1788     0.6209    85.6221 0.0000e+00
        348 352.593932    0.02410     1.4460     86.759     15.140  50698.850    31.2158     3.7811     15.000     3.7789    24.7976     7.0540    10.0810     94.405    307.413    315.036    0.00122    7.47219   10.67850  325.63300   16.70174 1.8335e+00     0.1742     0.6288    85.4525 0.0000e+00
        353 352.593946    0.02443     1.4656     87.936     16.152  50680.232    31.2001     3.7707     16.000     3.7599    24.7861     7.0543    10.0813     94.373    307.424    315.043    0.00076    7.47489   10.68236  325.75423   16.70756 1.5660e+00     0.1736     0.6239    85.5586 0.0000e+00
        357 352.593959    0.02475     1.4854     89.122     17.161  50725.193    31.2267     3.7563     17.000     3.7650    24.8085     7.0492    10.0741     94.289    307.198    314.819   -0.00002    7.47618   10.68420  325.80314   16.70978 1.3272e+00     0.1747     0.6296    85.4357 0.0000e+00
        362 352.593974    0.02508     1.5050     90.299     18.169  50706.422    31.2181     3.7753     18.000     3.7759    24.7999     7.0607    10.0905     94.481    307.700    315.331    0.00083    7.47315   10.67988  325.67402   16.70368 1.1301e+00     0.1763     0.6278    85.4744 0.0000e+00
        367 352.593988    0.02544     1.5259     91.556     19.181  50703.195    31.2158     3.7773     19.000     3.7761    24.7979     7.0696    10.1033     94.604    308.091    315.731    0.00115    7.47289   10.67950  325.66341   16.70318 9.5814e-01     0.1750     0.6255    85.5238 0.0000e+00
        372 352.594002    0.02577     1.5464     92.784     20.191  50686.670    31.2039     3.7764     20.000     3.7640    24.7886     7.0748    10.1106     94.664    308.320    315.962    0.00109    7.47364   10.68059  325.69931   16.70493 8.1601e-01     0.1806     0.6231    85.5762 0.0000e+00
        377 352.594015    0.02610     1.5658     93.949     21.199  50656.666    31.1698     3.7218     21.000     3.6909    24.7664     7.0757    10.1119     94.526    308.363    316.000    0.00018    7.48541   10.69739  326.21886   16.72977 6.9310e-01     0.1712     0.6327    85.3707 0.0000e+00
        382 352.594030    0.02643     1.5859     95.155     22.210  50713.433    31.1957     3.6718     22.000     3.6620    24.7916     7.0672    10.0998     94.314    307.988    315.623   -0.00118    7.49329   10.70866  326.55445   16.74562 5.8780e-01     0.1806     0.6428    85.1550 0.0000e+00
        386 352.594043    0.02675     1.6049     96.296     23.218  50685.995    31.1692     3.6412     23.000     3.6186    24.7732     7.0835    10.1229     94.443    308.699    316.347   -0.00030    7.50026   10.71861  326.86395   16.76044 4.9648e-01     0.1732     0.6687    84.6055 0.0000e+00
        391 352.594057    0.02707     1.6245     97.469     24.228  50748.024    31.2030     3.6097     24.000     3.6100    24.8030     7.0862    10.1267     94.426    308.806    316.466   -0.00041    7.50436   10.72449  327.03349   16.76836 4.2022e-01     0.1749     0.6788    84.3920 0.0000e+00
        396 352.594070    0.02741     1.6446     98.678     25.237  50732.716    31.1912     3.6060     25.000     3.5993    24.7940     7.0964    10.1414     94.547    309.255    316.923    0.00021    7.50563   10.72630  327.09169   16.77117 3.5479e-01     0.1894     0.6832    84.2990 0.0000e+00
        401 352.594085    0.02775     1.6650     99.899     26.246  50734.235    31.1901     3.5995     26.000     3.5915    24.7937     7.0991    10.1454     94.568    309.377    317.047    0.00020    7.50689   10.72809  327.14637   16.77377 3.0048e-01     0.1781     0.6806    84.3542 0.0000e+00
        406 352.594099    0.02810     1.6860    101.158     27.258  50767.965    31.2081     3.5816     27.000     3.5914    24.8096     7.1042    10.1525     94.605    309.591    317.271    0.00021    7.50926   10.73149  327.24500   16.77838 2.5421e-01     0.1752     0.6905    84.1452 0.0000e+00
        410 352.594113    0.02844     1.7063    102.375     28.264  50773.809    31.2223     3.6255     28.000     3.6398    24.8170     7.1087    10.1590     94.777    309.787    317.474    0.00091    7.50045   10.71889  326.85837   16.75995 2.1585e-01     0.1730     0.6789    84.3903 0.0000e+00
        416 352.594129    0.02881     1.7286    103.715     29.276  50728.430    31.1969     3.6495     29.000     3.6446    24.7946     7.1164    10.1701     94.920    310.130    317.820    0.00136    7.49731   10.71440  326.72856   16.75389 1.8363e-01     0.1732     0.6613    84.7621 0.0000e+00
        421 352.594145    0.02919     1.7514    105.085     30.285  50709.981    31.1794     3.6309     30.000     3.6122    24.7823     7.1166    10.1703     94.868    310.142    317.828    0.00065    7.50164   10.72058  326.92113   16.76311 1.5642e-01     0.1706     0.6666    84.6498 0.0000e+00
        427 352.594160    0.02956     1.7740    106.440     31.295  50748.580    31.1956     3.5922     31.000     3.5903    24.7986     7.1039    10.1522     94.618    309.581    317.259   -0.00079    7.50796   10.72962  327.19142   16.77589 1.3324e-01     0.1745     0.6730    84.5135 0.0000e+00
        432 352.594175    0.02993     1.7959    107.753     32.305  50745.028    31.1926     3.5922     32.000     3.5895    24.7963     7.1144    10.1672     94.756    310.040    317.728   -0.00007    7.50811   10.72984  327.19873   16.77625 1.1392e-01     0.1743     0.6801    84.3650 0.0000e+00
        437 352.594190    0.03029     1.8170    109.021     33.314  50754.054    31.1995     3.5974     33.000     3.5958    24.8014     7.1192    10.1740     94.836    310.248    317.942    0.00034    7.50680   10.72797  327.14034   16.77345 9.7159e-02     0.1783     0.6760    84.4497 0.0000e+00
        442 352.594205    0.03064     1.8385    110.307     34.326  50736.790    31.1848     3.5873     34.000     3.5775    24.7905     7.1141    10.1667     94.736    310.030    317.716   -0.00028    7.50940   10.73168  327.25689   16.77904 8.4711e-02     0.1765     0.6853    84.2536 0.0000e+00
        447 352.594220    0.03098     1.8591    111.546     35.331  50752.146    31.1929     3.5798     35.000     3.5754    24.7976     7.1148    10.1678     94.733    310.059    317.748   -0.00030    7.51040   10.73311  327.29831   16.78098 7.3729e-02     0.1729     0.6949    84.0531 0.0000e+00
        453 352.594235    0.03136     1.8815    112.892     36.342  50765.644    31.1978     3.5648     36.000     3.5677    24.8029     7.1213    10.1770     94.788    310.340    318.037   -0.00002    7.51291   10.73669  327.40568   16.78607 6.4996e-02     0.1829     0.6926    84.1026 0.0000e+00
        458 352.594251    0.03174     1.9043    114.259     37.352  50747.047    31.1875     3.5758     37.000     3.5704    24.7937     7.1182    10.1726     94.765    310.206    317.897   -0.00020    7.51140   10.73454  327.34293   16.78312 5.7914e-02     0.1765     0.6830    84.3045 0.0000e+00
        463 352.594266    0.03210     1.9264    115.581     38.363  50783.626    31.2154     3.5910     38.000     3.6007    24.8146     7.1206    10.1761     94.852    310.309    318.009    0.00016    7.50718   10.72851  327.15256   16.77396 5.2049e-02     0.1894     0.6846    84.2688 0.0000e+00
        468 352.594281    0.03246     1.9479    116.874     39.370  50736.447    31.1856     3.6018     39.000     3.5921    24.7899     7.1317    10.1920     95.005    310.798    318.503    0.00085    7.50670   10.72782  327.13939   16.77346 4.7121e-02     0.1760     0.6828    84.3060 0.0000e+00
        474 352.594297    0.03286     1.9714    118.282     40.382  50750.986    31.1887     3.5762     40.000     3.5716    24.7946     7.1206    10.1760     94.798    310.310    318.004   -0.00042    7.51126   10.73434  327.33675   16.78282 4.3363e-02     0.1776     0.6860    84.2399 0.0000e+00
        480 352.594313    0.03323     1.9941    119.647     41.393  50758.473    31.1932     3.5762     41.000     3.5711    24.7983     7.1210    10.1766     94.808    310.329    318.025   -0.00037    7.51105   10.73404  327.32612   16.78230 4.0418e-02     0.1801     0.6849    84.2633 0.0000e+00
        485 352.594328    0.03358     2.0151    120.906     42.401  50773.921    31.2009     3.5670     42.000     3.5709    24.8052     7.1280    10.1867     94.884    310.634    318.339    0.00004    7.51235   10.73590  327.38064   16.78486 3.8395e-02     0.1798     0.6926    84.1010 0.0000e+00
        490 352.594342    0.03393     2.0356    122.135     43.410  50762.676    31.1983     3.5895     43.000     3.5889    24.8012     7.1273    10.1856     94.925    310.601    318.304    0.00019    7.50831   10.73013  327.20614   16.77658 3.6936e-02     0.1730     0.6887    84.1823 0.0000e+00
        494 352.594356    0.03427     2.0561    123.364     44.422  50754.695    31.1903     3.5812     44.000     3.5749    24.7956     7.1256    10.1831     94.878    310.528    318.227   -0.00012    7.51024   10.73288  327.29189   16.78069 3.6908e-02     0.1640     0.6901    84.1542 0.0000e+00
        499 352.594369    0.03459     2.0755    124.528     45.426  50816.596    31.2376     3.6044     45.000     3.6185    24.8310     7.1176    10.1718     94.857    310.172    317.874   -0.00031    7.50358   10.72336  326.99019   16.76616 3.6908e-02     0.1729     0.6924    84.1043 0.0000e+00
        504 352.594385    0.03495     2.0973    125.836     46.445  50580.483    31.0598     3.5352     46.000     3.4448    24.6958     7.1370    10.1995     94.839    311.059    318.741   -0.00020    7.52543   10.75460  327.98596   16.81420 3.6908e-02     0.1722     0.7138    83.6573 0.0000e+00
        509 352.594398    0.03527     2.1163    126.980     47.444  50798.781    31.1777     3.4159     47.000     3.4135    24.8001     7.0995    10.1458     94.138    309.389    317.062   -0.00372    7.54155   10.77763  328.65489   16.84551 3.6908e-02     0.1723     0.7545    82.8098 0.0000e+00
        514 352.594414    0.03565     2.1389    128.332     48.464  50813.219    31.1903     3.4292     48.000     3.4330    24.8090     7.1240    10.1809     94.503    310.457    318.160   -0.00109    7.53844   10.77318  328.51662   16.83889 3.6908e-02     0.1716     0.7466    82.9737 0.0000e+00
        519 352.594427    0.03597     2.1581    129.484     49.467  50796.526    31.1785     3.4291     49.000     3.4260    24.7996     7.1399    10.2036     94.705    311.150    318.866    0.00012    7.53907   10.77408  328.54680   16.84037 3.6908e-02     0.1734     0.7497    82.9095 0.0000e+00
        524 352.594441    0.03631     2.1786    130.719     50.478  50776.293    31.1636     3.4265     50.000     3.4134    24.7880     7.1440    10.2096     94.745    311.335    319.053    0.00023    7.54031   10.77586  328.60475   16.84318 3.6908e-02     0.1702     0.7609    82.6762 0.0000e+00
        529 352.594455    0.03666     2.1992    131.955     51.488  50791.917    31.1689     3.4072     51.000     3.3994    24.7938     7.1470    10.2138     94.743    311.465    319.187    0.00009    7.54363   10.78059  328.74746   16.84995 3.6908e-02     0.1737     0.7599    82.6982 0.0000e+00
        534 352.594470    0.03699     2.2198    133.189     52.497  50810.337    31.1805     3.4057     52.000     3.4053    24.8032     7.1480    10.2152     94.760    311.504    319.230    0.00006    7.54332   10.78016  328.73107   16.84912 3.6908e-02     0.1805     0.7639    82.6153 0.0000e+00
        539 352.594484    0.03734     2.2404    134.423     53.506  50871.212    31.2228     3.4120     53.000     3.4461    24.8363     7.1474    10.2143     94.793    311.467    319.203    0.00018    7.53998   10.77539  328.57510   16.84154 3.6908e-02     0.1843     0.7609    82.6785 0.0000e+00
