CTD-processing/allCTD/CNV/2021_02-17_t4_s08_cast153_5028.cnv
* Sea-Bird SBE19plus Data File:
* FileName = C:\Users\steve\Desktop\GWA CTD\2021_02-17_T4\2021_02-17_T7_S0_cast153.hex
* Software Version 1.59
* Temperature SN =  5028
* Conductivity SN =  5028
* System UpLoad Time = Feb 18 2021 15:13:37
** Cook Inlet LTM T4
** Date: 02-17-2021
** Station:S08
** Start Time (AKST):11:48
** Depth (m):
** Comment:Depth not recorded.
** Comment:
# nquan = 27
# nvalues = 23                          
# units = specified
# name 0 = scan: Scan Count
# name 1 = timeJ: Julian Days
# name 2 = timeH: Time, Elapsed [hours]
# name 3 = timeM: Time, Elapsed [minutes]
# name 4 = timeS: Time, Elapsed [seconds]
# name 5 = prdM: Pressure, Strain Gauge [db]
# name 6 = specc: Specific Conductance [uS/cm]
# name 7 = sal00: Salinity, Practical [PSU]
# name 8 = tv290C: Temperature [ITS-90, deg C]
# name 9 = depSM: Depth [salt water, m], lat = 59.00
# name 10 = potemp090C: Potential Temperature [ITS-90, deg C]
# name 11 = sigma-é00: Density [sigma-theta, kg/m^3]
# name 12 = sbeox0ML/L: Oxygen, SBE 43 [ml/l]
# name 13 = sbeox0Mg/L: Oxygen, SBE 43 [mg/l]
# name 14 = sbeox0PS: Oxygen, SBE 43 [% saturation]
# name 15 = sbox0Mm/Kg: Oxygen, SBE 43 [umol/kg]
# name 16 = sbeox0Mm/L: Oxygen, SBE 43 [umol/l]
# name 17 = sbox0dV/dT: Oxygen, SBE 43 [dov/dt]
# name 18 = oxsolML/L: Oxygen Saturation, Garcia & Gordon [ml/l]
# name 19 = oxsolMg/L: Oxygen Saturation, Garcia & Gordon [mg/l]
# name 20 = oxsolMm/Kg: Oxygen Saturation, Garcia & Gordon [umol/kg]
# name 21 = potemp090C: Potential Temperature [ITS-90, deg C]
# name 22 = n2satMg/L: Nitrogen Saturation [mg/l]
# name 23 = par: PAR/Irradiance, Biospherical/Licor
# name 24 = flECO-AFL: Fluorescence, WET Labs ECO-AFL/FL [mg/m^3]
# name 25 = turbWETntu0: Turbidity, WET Labs ECO [NTU]
# name 26 = flag: flag
# span 0 =        275,        379       
# span 1 =  48.492564,  48.492864       
# span 2 =    0.01903,    0.02625       
# span 3 =     1.1417,     1.5748       
# span 4 =     68.502,     94.485       
# span 5 =      1.009,     23.218       
# span 6 =  50761.812,  50824.797       
# span 7 =    31.2688,    31.3490       
# span 8 =     3.7937,     4.0251       
# span 9 =      1.000,     23.000       
# span 10 =     3.7937,     4.0238      
# span 11 =    24.8385,    24.8831      
# span 12 =     6.9241,     9.9458      
# span 13 =     9.8953,    14.2136      
# span 14 =     92.728,    134.019      
# span 15 =    301.738,    433.399      
# span 16 =    309.233,    444.181      
# span 17 =    0.02460,    0.05626      
# span 18 =    7.42122,    7.46719      
# span 19 =   10.60567,   10.67136      
# span 20 =  323.38665,  325.40222      
# span 21 =     3.7936,     4.0237      
# span 22 =   16.59441,   16.69055      
# span 23 = 6.7556e-01, 4.5899e+01      
# span 24 =     0.3550,     0.4244      
# span 25 =     0.9796,     1.1147      
# span 26 = 0.0000e+00, 0.0000e+00      
# interval = meters: 1                  
# start_time = Feb 17 2021 11:48:09 [Instrument's time stamp, header]
# bad_flag = -9.990e-29
*END*
        275  48.492564    0.01903     1.1417     68.502      1.009  50761.812    31.2688     3.7937      1.000     3.7937    24.8385     6.9241     9.8953     92.728    301.738    309.233    0.05626    7.46719   10.67136  325.40222     3.7937   16.69055 4.5899e+01     0.3594     1.0659 0.0000e+00
        280  48.492578    0.01938     1.1626     69.754      2.019  50762.933    31.2691     3.7937      2.000     3.7937    24.8387     7.0972    10.1426     95.045    309.279    316.961    0.05131    7.46718   10.67134  325.40153     3.7936   16.69051 3.5868e+01     0.3798     1.0860 0.0000e+00
        284  48.492591    0.01967     1.1802     70.812      3.028  50767.395    31.2718     3.7946      3.000     3.7963    24.8408     7.1955    10.2832     96.366    313.565    321.354    0.04467    7.46688   10.67092  325.38791     3.7945   16.68986 3.0429e+01     0.3904     1.0484 0.0000e+00
        289  48.492605    0.02002     1.2015     72.088      4.038  50774.639    31.2778     3.8012      4.000     3.8054    24.8450     7.2503    10.3615     97.120    315.951    323.801    0.03465    7.46537   10.66876  325.32103     3.8009   16.68665 2.5761e+01     0.4194     1.0221 0.0000e+00
        294  48.492618    0.02033     1.2198     73.186      5.047  50775.238    31.2801     3.8114      5.000     3.8146    24.8459     7.3672    10.5284     98.711    321.041    329.017    0.03307    7.46339   10.66593  325.23417     3.8111   16.68251 2.2347e+01     0.4244     1.0527 0.0000e+00
        299  48.492633    0.02070     1.2419     74.515      6.057  50777.151    31.2830     3.8200      6.000     3.8237    24.8474     7.4974    10.7146    100.479    326.716    334.834    0.03121    7.46168   10.66349  325.15941     3.8196   16.67895 1.9185e+01     0.4073     1.0613 0.0000e+00
        303  48.492645    0.02099     1.2592     75.554      7.066  50785.679    31.2910     3.8310      7.000     3.8379    24.8527     7.6550    10.9398    102.625    333.584    341.874    0.03371    7.45927   10.66005  325.05267     3.8306   16.67384 1.6170e+01     0.4128     1.0976 0.0000e+00
        308  48.492659    0.02131     1.2785     76.708      8.076  50786.056    31.2947     3.8476      8.000     3.8535    24.8541     7.8705    11.2477    105.559    342.971    351.496    0.03898    7.45605   10.65544  324.91199     3.8471   16.66714 1.3375e+01     0.4079     1.0966 0.0000e+00
        312  48.492672    0.02162     1.2967     77.804      9.085  50786.660    31.2977     3.8605      9.000     3.8649    24.8553     8.0750    11.5400    108.338    351.882    360.629    0.04250    7.45353   10.65185  324.80177     3.8600   16.66188 1.1127e+01     0.3960     1.1147 0.0000e+00
        317  48.492685    0.02193     1.3162     78.972     10.094  50788.706    31.3013     3.8721     10.000     3.8759    24.8571     8.2624    11.8078    110.886    360.049    368.998    0.04362    7.45124   10.64856  324.70111     3.8715   16.65708 9.1227e+00     0.4010     1.0875 0.0000e+00
        321  48.492697    0.02222     1.3334     80.003     11.104  50786.922    31.3016     3.8802     11.000     3.8822    24.8566     8.3778    11.9727    112.458    365.079    374.153    0.04047    7.44975   10.64644  324.63665     3.8795   16.65402 7.4766e+00     0.3946     1.0839 0.0000e+00
        326  48.492711    0.02256     1.3536     81.217     12.114  50785.429    31.3012     3.8853     12.000     3.8857    24.8558     8.4867    12.1283    113.933    369.822    379.014    0.03620    7.44884   10.64514  324.59724     3.8845   16.65215 6.0723e+00     0.3959     1.0854 0.0000e+00
        330  48.492724    0.02287     1.3721     82.325     13.123  50786.518    31.3021     3.8878     13.000     3.8881    24.8563     8.5436    12.2096    114.704    372.301    381.555    0.03007    7.44834   10.64443  324.57522     3.8870   16.65110 4.9430e+00     0.3970     1.1079 0.0000e+00
        335  48.492738    0.02321     1.3925     83.553     14.133  50790.468    31.3050     3.8910     14.000     3.8925    24.8583     8.6193    12.3179    115.733    375.604    384.941    0.02621    7.44761   10.64338  324.54267     3.8901   16.64954 4.0199e+00     0.3957     1.0712 0.0000e+00
        339  48.492750    0.02350     1.4100     84.597     15.142  50801.258    31.3136     3.8983     15.000     3.9042    24.8644     8.6977    12.4299    116.813    379.017    388.441    0.02460    7.44586   10.64088  324.46440     3.8973   16.64578 3.2706e+00     0.3828     1.0647 0.0000e+00
        344  48.492764    0.02384     1.4305     85.828     16.152  50806.095    31.3207     3.9163     16.000     3.9231    24.8684     8.8187    12.6027    118.495    384.285    393.841    0.02570    7.44223   10.63569  324.30489     3.9153   16.63817 2.6906e+00     0.3622     1.0355 0.0000e+00
        349  48.492778    0.02417     1.4502     87.010     17.161  50821.123    31.3355     3.9379     17.000     3.9510    24.8782     8.9289    12.7604    120.053    389.087    398.767    0.02588    7.43755   10.62900  324.09802     3.9368   16.62828 2.2013e+00     0.3667     1.0270 0.0000e+00
        354  48.492791    0.02448     1.4690     88.141     18.171  50824.797    31.3453     3.9705     18.000     3.9825    24.8828     9.0791    12.9749    122.178    395.628    405.473    0.02931    7.43114   10.61984  323.81716     3.9694   16.61488 1.8018e+00     0.3625     1.0094 0.0000e+00
        358  48.492805    0.02482     1.4895     89.373     19.180  50820.972    31.3490     3.9996     19.000     4.0071    24.8831     9.2415    13.2071    124.454    402.707    412.727    0.03197    7.42568   10.61204  323.57926     3.9984   16.60355 1.4736e+00     0.3555     0.9945 0.0000e+00
        364  48.492821    0.02521     1.5126     90.758     20.190  50809.649    31.3452     4.0180     20.000     4.0183    24.8783     9.4155    13.4557    126.850    410.288    420.495    0.03322    7.42253   10.60753  323.44312     4.0168   16.59710 1.2109e+00     0.3550     0.9796 0.0000e+00
        369  48.492836    0.02555     1.5327     91.964     21.199  50810.267    31.3457     4.0206     21.000     4.0207    24.8785     9.5699    13.6763    128.939    417.017    427.391    0.03367    7.42204   10.60684  323.42207     4.0192   16.59609 9.8713e-01     0.3557     0.9803 0.0000e+00
        373  48.492848    0.02586     1.5518     93.109     22.209  50810.371    31.3460     4.0238     22.000     4.0232    24.8784     9.7587    13.9461    131.493    425.242    435.822    0.03699    7.42143   10.60597  323.39561     4.0224   16.59483 8.1701e-01     0.3590     0.9923 0.0000e+00
        379  48.492864    0.02625     1.5748     94.485     23.218  50810.022    31.3456     4.0251     23.000     4.0238    24.8780     9.9458    14.2136    134.019    433.399    444.181    0.03792    7.42122   10.60567  323.38665     4.0237   16.59441 6.7556e-01     0.3579     1.0054 0.0000e+00
