CTD-processing/allCTD/CNV/2021_04-16_ab_s07_cast021_5028.cnv
* Sea-Bird SBE19plus Data File:
* FileName = C:\Users\steve\Desktop\GWA\CTD\2021_04-16_AB\2021_04-16_AB_S0_cast021.hex
* Software Version 1.59
* Temperature SN =  5028
* Conductivity SN =  5028
* System UpLoad Time = Apr 17 2021 13:00:44
** Cook Inlet LTM AB
** Date: 04-16-2021
** Station:S07
** Start Time (AKDT):15:20
** Depth (m):147
** Comment:
** Comment:
# nquan = 27
# nvalues = 139                         
# units = specified
# name 0 = scan: Scan Count
# name 1 = timeJ: Julian Days
# name 2 = timeH: Time, Elapsed [hours]
# name 3 = timeM: Time, Elapsed [minutes]
# name 4 = timeS: Time, Elapsed [seconds]
# name 5 = prdM: Pressure, Strain Gauge [db]
# name 6 = specc: Specific Conductance [uS/cm]
# name 7 = sal00: Salinity, Practical [PSU]
# name 8 = tv290C: Temperature [ITS-90, deg C]
# name 9 = depSM: Depth [salt water, m], lat = 59.00
# name 10 = potemp090C: Potential Temperature [ITS-90, deg C]
# name 11 = sigma-é00: Density [sigma-theta, kg/m^3]
# name 12 = sbeox0ML/L: Oxygen, SBE 43 [ml/l]
# name 13 = sbeox0Mg/L: Oxygen, SBE 43 [mg/l]
# name 14 = sbeox0PS: Oxygen, SBE 43 [% saturation]
# name 15 = sbox0Mm/Kg: Oxygen, SBE 43 [umol/kg]
# name 16 = sbeox0Mm/L: Oxygen, SBE 43 [umol/l]
# name 17 = sbox0dV/dT: Oxygen, SBE 43 [dov/dt]
# name 18 = oxsolML/L: Oxygen Saturation, Garcia & Gordon [ml/l]
# name 19 = oxsolMg/L: Oxygen Saturation, Garcia & Gordon [mg/l]
# name 20 = oxsolMm/Kg: Oxygen Saturation, Garcia & Gordon [umol/kg]
# name 21 = potemp090C: Potential Temperature [ITS-90, deg C]
# name 22 = n2satMg/L: Nitrogen Saturation [mg/l]
# name 23 = par: PAR/Irradiance, Biospherical/Licor
# name 24 = flECO-AFL: Fluorescence, WET Labs ECO-AFL/FL [mg/m^3]
# name 25 = turbWETntu0: Turbidity, WET Labs ECO [NTU]
# name 26 = flag: flag
# span 0 =        130,        927       
# span 1 = 106.639205, 106.641509       
# span 2 =    0.00898,    0.06428       
# span 3 =     0.5387,     3.8566       
# span 4 =     32.321,    231.398       
# span 5 =      1.010,    140.359       
# span 6 =  49908.953,  51763.569       
# span 7 =    30.7685,    31.8518       
# span 8 =     3.1766,     4.1283       
# span 9 =      1.000,    139.000       
# span 10 =     3.1763,     4.0248      
# span 11 =    24.4101,    25.3153      
# span 12 =     6.9243,     7.5916      
# span 13 =     9.8955,    10.8492      
# span 14 =     93.161,    100.730      
# span 15 =    301.869,    330.740      
# span 16 =    309.239,    339.042      
# span 17 =   -0.00175,    0.01675      
# span 18 =    7.43167,    7.56976      
# span 19 =   10.62059,   10.81794      
# span 20 =  323.99176,  329.79703      
# span 21 =     3.1761,     4.1282      
# span 22 =   16.62556,   16.89851      
# span 23 = 3.7976e-02, 6.5499e+02      
# span 24 =     0.1504,     0.5884      
# span 25 =     0.6856,     1.9979      
# span 26 = 0.0000e+00, 0.0000e+00      
# interval = meters: 1                  
# start_time = Apr 16 2021 15:19:55 [Instrument's time stamp, header]
# bad_flag = -9.990e-29
*END*
[from data line 108]
        787 106.641106    0.05460     3.2764    196.583    110.058  51701.137    31.7961     3.5675    109.000     3.5651    25.2793     7.5366    10.7706    100.730    328.288    336.586    0.00042    7.48200   10.69252  325.90718     3.5609   16.71243 3.7976e-02     0.5107     0.7098 0.0000e+00
        792 106.641119    0.05491     3.2945    197.670    111.067  51698.991    31.7961     3.5754    110.000     3.5701    25.2786     7.5333    10.7659    100.706    328.144    336.438    0.00016    7.48054   10.69044  325.84392     3.5687   16.70942 3.7976e-02     0.4938     0.7906 0.0000e+00
        796 106.641131    0.05522     3.3129    198.774    112.078  51697.865    31.7953     3.5773    111.000     3.5709    25.2778     7.5260    10.7554    100.611    327.823    336.109   -0.00040    7.48023   10.69000  325.83079     3.5706   16.70880 3.7976e-02     0.5001     0.8351 0.0000e+00
        801 106.641145    0.05553     3.3314    199.887    113.088  51701.320    31.7975     3.5788    112.000     3.5727    25.2794     7.5213    10.7486    100.553    327.616    335.898   -0.00067    7.47985   10.68946  325.81385     3.5719   16.70799 3.7976e-02     0.5142     0.8806 0.0000e+00
        805 106.641158    0.05584     3.3508    201.049    114.098  51699.272    31.7957     3.5794    113.000     3.5720    25.2780     7.5210    10.7483    100.551    327.608    335.890   -0.00055    7.47982   10.68942  325.81310     3.5725   16.70796 3.7976e-02     0.5180     0.9123 0.0000e+00
        810 106.641172    0.05617     3.3702    202.209    115.108  51703.277    31.7979     3.5790    114.000     3.5731    25.2797     7.5190    10.7455    100.525    327.521    335.801   -0.00059    7.47978   10.68935  325.81047     3.5721   16.70783 3.7976e-02     0.5043     0.8725 0.0000e+00
        814 106.641185    0.05649     3.3893    203.358    116.117  51715.457    31.8066     3.5831    115.000     3.5810    25.2864     7.5170    10.7425    100.513    327.429    335.709   -0.00054    7.47860   10.68767  325.75719     3.5760   16.70526 3.7976e-02     0.5098     0.8986 0.0000e+00
        819 106.641198    0.05680     3.4079    204.476    117.128  51726.142    31.8168     3.5965    116.000     3.5948    25.2932     7.5151    10.7398    100.528    327.344    335.624   -0.00040    7.47562   10.68341  325.62505     3.5894   16.69894 3.7976e-02     0.5156     1.0118 0.0000e+00
        823 106.641210    0.05711     3.4265    205.592    118.138  51721.706    31.8155     3.6058    117.000     3.6002    25.2914     7.5177    10.7436    100.586    327.460    335.742   -0.00004    7.47398   10.68106  325.55405     3.5985   16.69556 3.7976e-02     0.4978     1.1246 0.0000e+00
        828 106.641224    0.05742     3.4454    206.725    119.148  51727.049    31.8197     3.6098    118.000     3.6065    25.2943     7.5132    10.7371    100.538    327.263    335.541   -0.00030    7.47304   10.67972  325.51241     3.6024   16.69357 3.7976e-02     0.5059     1.1886 0.0000e+00
        833 106.641237    0.05775     3.4648    207.886    120.158  51757.347    31.8438     3.6257    119.000     3.6316    25.3120     7.5052    10.7257    100.486    326.908    335.182   -0.00055    7.46891   10.67382  325.32677     3.6183   16.68465 3.7976e-02     0.5056     1.2412 0.0000e+00
        837 106.641251    0.05808     3.4844    209.062    121.168  51758.371    31.8513     3.6546    120.000     3.6548    25.3153     7.5059    10.7266    100.572    326.936    335.212   -0.00004    7.46322   10.66569  325.07783     3.6472   16.67278 3.7976e-02     0.4802     1.3901 0.0000e+00
        842 106.641264    0.05840     3.5043    210.259    122.178  51748.875    31.8474     3.6671    121.000     3.6609    25.3112     7.4961    10.7127    100.469    326.512    334.776   -0.00046    7.46113   10.66270  324.98822     3.6596   16.66854 3.7976e-02     0.4845     1.4801 0.0000e+00
        847 106.641278    0.05872     3.5229    211.376    123.188  51744.831    31.8445     3.6684    122.000     3.6600    25.3087     7.4785    10.6875    100.234    325.746    333.990   -0.00158    7.46103   10.66255  324.98467     3.6608   16.66838 3.7976e-02     0.4898     1.4735 0.0000e+00
        851 106.641291    0.05903     3.5419    212.515    124.198  51745.446    31.8439     3.6666    123.000     3.6584    25.3084     7.4716    10.6776    100.136    325.444    333.681   -0.00175    7.46140   10.66308  325.00076     3.6590   16.66915 3.7976e-02     0.4805     1.4501 0.0000e+00
        855 106.641303    0.05934     3.5602    213.613    125.207  51750.310    31.8467     3.6666    124.000     3.6600    25.3107     7.4725    10.6790    100.150    325.484    333.722   -0.00129    7.46126   10.66289  324.99429     3.6588   16.66883 3.7976e-02     0.4784     1.4400 0.0000e+00
        860 106.641317    0.05966     3.5797    214.781    126.218  51753.632    31.8493     3.6698    125.000     3.6637    25.3124     7.4713    10.6773    100.144    325.433    333.670   -0.00100    7.46055   10.66186  324.96243     3.6620   16.66731 3.7976e-02     0.4781     1.4731 0.0000e+00
        865 106.641330    0.05997     3.5980    215.878    127.228  51754.599    31.8504     3.6736    126.000     3.6669    25.3129     7.4678    10.6722    100.107    325.278    333.512   -0.00098    7.45979   10.66078  324.92931     3.6657   16.66572 3.7976e-02     0.4641     1.5351 0.0000e+00
        869 106.641343    0.06029     3.6174    217.042    128.238  51755.005    31.8507     3.6758    127.000     3.6685    25.3130     7.4650    10.6682    100.075    325.154    333.385   -0.00092    7.45936   10.66018  324.91081     3.6679   16.66485 3.7976e-02     0.4776     1.5710 0.0000e+00
        874 106.641357    0.06063     3.6379    218.274    129.249  51752.676    31.8487     3.6764    128.000     3.6676    25.3114     7.4641    10.6670    100.064    325.119    333.348   -0.00080    7.45936   10.66017  324.91108     3.6684   16.66487 3.7976e-02     0.4819     1.6173 0.0000e+00
        879 106.641372    0.06097     3.6583    219.497    130.259  51753.332    31.8482     3.6744    129.000     3.6659    25.3111     7.4652    10.6685    100.073    325.165    333.395   -0.00056    7.45975   10.66072  324.92799     3.6664   16.66567 3.7976e-02     0.4840     1.5373 0.0000e+00
        884 106.641386    0.06132     3.6794    220.767    131.268  51753.752    31.8477     3.6733    130.000     3.6648    25.3108     7.4646    10.6677    100.062    325.141    333.371   -0.00053    7.45998   10.66105  324.93817     3.6652   16.66616 3.7976e-02     0.4804     1.5181 0.0000e+00
        889 106.641399    0.06165     3.6986    221.914    132.279  51755.029    31.8479     3.6727    131.000     3.6645    25.3110     7.4674    10.6718    100.099    325.263    333.496   -0.00026    7.46009   10.66122  324.94315     3.6645   16.66640 3.7976e-02     0.4865     1.5632 0.0000e+00
        893 106.641413    0.06196     3.7180    223.079    133.289  51757.735    31.8493     3.6732    132.000     3.6656    25.3121     7.4655    10.6690    100.075    325.179    333.410   -0.00035    7.45992   10.66097  324.93519     3.6649   16.66601 3.7976e-02     0.4899     1.5926 0.0000e+00
        898 106.641426    0.06228     3.7369    224.212    134.299  51759.448    31.8504     3.6750    133.000     3.6676    25.3129     7.4621    10.6640    100.034    325.028    333.255   -0.00051    7.45952   10.66041  324.91769     3.6667   16.66517 3.7976e-02     0.4928     1.6462 0.0000e+00
        902 106.641439    0.06260     3.7562    225.371    135.309  51760.411    31.8510     3.6768    134.000     3.6691    25.3131     7.4617    10.6634    100.034    325.011    333.238   -0.00047    7.45916   10.65989  324.90184     3.6684   16.66442 3.7976e-02     0.4968     1.6937 0.0000e+00
        907 106.641453    0.06292     3.7751    226.503    136.319  51761.447    31.8516     3.6783    135.000     3.6702    25.3135     7.4613    10.6629    100.032    324.994    333.221   -0.00036    7.45888   10.65948  324.88924     3.6698   16.66382 3.7976e-02     0.4701     1.7623 0.0000e+00
        912 106.641466    0.06323     3.7942    227.651    137.329  51761.621    31.8514     3.6791    136.000     3.6707    25.3133     7.4566    10.6562     99.972    324.791    333.013   -0.00064    7.45874   10.65929  324.88346     3.6705   16.66354 3.7976e-02     0.4615     1.8443 0.0000e+00
        916 106.641480    0.06357     3.8145    228.867    138.339  51762.428    31.8514     3.6793    137.000     3.6708    25.3133     7.4535    10.6518     99.930    324.654    332.872   -0.00072    7.45869   10.65922  324.88142     3.6707   16.66345 3.7976e-02     0.4733     1.8856 0.0000e+00
        921 106.641494    0.06391     3.8347    230.084    139.350  51763.569    31.8518     3.6798    138.000     3.6714    25.3136     7.4540    10.6525     99.938    324.676    332.895   -0.00056    7.45858   10.65906  324.87649     3.6712   16.66321 3.7976e-02     0.4799     1.9553 0.0000e+00
        927 106.641509    0.06428     3.8566    231.398    140.359  51763.336    31.8512     3.6801    139.000     3.6712    25.3131     7.4554    10.6545     99.957    324.738    332.958   -0.00035    7.45856   10.65903  324.87579     3.6714   16.66318 3.7976e-02     0.4679     1.9979 0.0000e+00
