CTD-processing/allCTD/CNV/2021_07-16_t9_s03_cast093_4141.cnv
* Sea-Bird SBE19plus Data File:
* FileName = C:\Users\steve\Desktop\GWA\CTD\2021_07-16_T9\2021_07-16_T9_S0_cast093.hex
* Software Version 1.59
* Temperature SN =  4141
* Conductivity SN =  4141
* System UpLoad Time = Jul 20 2021 14:38:36
** Cook Inlet LTM T9
** Date: 07-16-2021
** Station:S03
** Start Time (AKDT):11:21
** Depth (m):95
** Comment:
** Comment:
# nquan = 27
# nvalues = 88                          
# units = specified
# name 0 = scan: Scan Count
# name 1 = timeJ: Julian Days
# name 2 = timeH: Time, Elapsed [hours]
# name 3 = timeM: Time, Elapsed [minutes]
# name 4 = timeS: Time, Elapsed [seconds]
# name 5 = prdM: Pressure, Strain Gauge [db]
# name 6 = specc: Specific Conductance [uS/cm]
# name 7 = sal00: Salinity, Practical [PSU]
# name 8 = tv290C: Temperature [ITS-90, deg C]
# name 9 = depSM: Depth [salt water, m], lat = 59.00
# name 10 = potemp090C: Potential Temperature [ITS-90, deg C]
# name 11 = sigma-é00: Density [sigma-theta, kg/m^3]
# name 12 = sbeox0ML/L: Oxygen, SBE 43 [ml/l]
# name 13 = sbeox0Mg/L: Oxygen, SBE 43 [mg/l]
# name 14 = sbeox0PS: Oxygen, SBE 43 [% saturation]
# name 15 = sbox0Mm/Kg: Oxygen, SBE 43 [umol/kg]
# name 16 = sbeox0Mm/L: Oxygen, SBE 43 [umol/l]
# name 17 = sbox0dV/dT: Oxygen, SBE 43 [dov/dt]
# name 18 = oxsolML/L: Oxygen Saturation, Garcia & Gordon [ml/l]
# name 19 = oxsolMg/L: Oxygen Saturation, Garcia & Gordon [mg/l]
# name 20 = oxsolMm/Kg: Oxygen Saturation, Garcia & Gordon [umol/kg]
# name 21 = n2satMg/L: Nitrogen Saturation [mg/l]
# name 22 = par: PAR/Irradiance, Biospherical/Licor
# name 23 = wetStar: Fluorescence, WET Labs WETstar [mg/m^3]
# name 24 = CStarAt0: Beam Attenuation, WET Labs C-Star [1/m]
# name 25 = CStarTr0: Beam Transmission, WET Labs C-Star [%]
# name 26 = flag: flag
# span 0 =        285,        664       
# span 1 = 197.473543, 197.474637       
# span 2 =    0.01975,    0.04602       
# span 3 =     1.1853,     2.7615       
# span 4 =     71.118,    165.690       
# span 5 =      1.026,     88.822       
# span 6 =  46367.468,  50200.101       
# span 7 =    29.3210,    31.5429       
# span 8 =     7.2182,    10.1593       
# span 9 =      1.000,     88.000       
# span 10 =     7.2086,    10.0523      
# span 11 =    22.4962,    24.6681      
# span 12 =     6.5357,     7.0669      
# span 13 =     9.3402,    10.0994      
# span 14 =     95.110,    106.524      
# span 15 =    284.858,    308.170      
# span 16 =    291.885,    315.610      
# span 17 =   -0.01175,    0.00244      
# span 18 =    6.52598,    6.87176      
# span 19 =    9.32627,    9.82043      
# span 20 =  285.03779,  299.50448      
# span 21 =   14.77431,   15.45623      
# span 22 = 5.5490e-02, 1.1019e+02      
# span 23 =     0.2090,     4.0670      
# span 24 =     0.4279,     1.7409      
# span 25 =    64.7148,    89.8533      
# span 26 = 0.0000e+00, 0.0000e+00      
# interval = meters: 1                  
# start_time = Jul 16 2021 11:20:43 [Instrument's time stamp, header]
# bad_flag = -9.990e-29
*END*
[from data line 54]
        516 197.474209    0.03574     2.1445    128.672     55.529  49946.683    31.4887     7.8683     55.000     7.8526    24.5367     6.6515     9.5056     98.208    289.940    297.054   -0.00245    6.77278    9.67899  295.22854   15.25238 5.9617e-02     0.5001     0.7442    83.0225 0.0000e+00
        519 197.474220    0.03600     2.1604    129.621     56.531  49958.004    31.4936     7.8531     56.000     7.8398    24.5428     6.6479     9.5005     98.125    289.784    296.896   -0.00241    6.77490    9.68201  295.31906   15.25668 5.9304e-02     0.4971     0.7635    82.6232 0.0000e+00
        524 197.474233    0.03631     2.1787    130.720     57.546  49958.285    31.4898     7.8312     57.000     7.8163    24.5429     6.6458     9.4976     98.044    289.695    296.805   -0.00219    6.77844    9.68707  295.47332   15.26406 5.8819e-02     0.4812     0.7692    82.5062 0.0000e+00
        528 197.474246    0.03663     2.1977    131.862     58.556  49977.325    31.5004     7.8166     58.000     7.8101    24.5532     6.6371     9.4851     97.889    289.310    296.413   -0.00254    6.78022    9.68962  295.54822   15.26759 5.8073e-02     0.4767     0.7782    82.3207 0.0000e+00
        533 197.474259    0.03693     2.2162    132.972     59.566  49973.245    31.4964     7.8125     59.000     7.8028    24.5506     6.6387     9.4874     97.901    289.380    296.484   -0.00189    6.78104    9.69079  295.58468   15.26935 5.8223e-02     0.4311     0.7819    82.2441 0.0000e+00
        537 197.474271    0.03723     2.2338    134.030     60.572  49981.209    31.5004     7.8055     60.000     7.7993    24.5548     6.6385     9.4870     97.884    289.368    296.473   -0.00152    6.78194    9.69208  295.62269   15.27115 5.7701e-02     0.4718     0.7870    82.1397 0.0000e+00
        542 197.474285    0.03757     2.2541    135.249     61.582  49969.628    31.4910     7.8005     61.000     7.7871    24.5481     6.6383     9.4867     97.864    289.361    296.464   -0.00123    6.78313    9.69377  295.67622   15.27374 5.7582e-02     0.4407     0.7890    82.0986 0.0000e+00
        547 197.474301    0.03794     2.2763    136.577     62.597  49980.374    31.4954     7.7844     62.000     7.7738    24.5539     6.6362     9.4839     97.802    289.272    296.375   -0.00125    6.78541    9.69703  295.77396   15.27839 5.7281e-02     0.4155     0.7899    82.0808 0.0000e+00
        552 197.474314    0.03825     2.2953    137.718     63.603  49906.874    31.4378     7.7483     63.000     7.6833    24.5137     6.6397     9.4889     97.736    289.437    296.532   -0.00126    6.79355    9.70867  296.14052   15.29612 5.7278e-02     0.4499     0.8192    81.4833 0.0000e+00
        557 197.474328    0.03860     2.3159    138.952     64.618  49981.674    31.4633     7.5881     64.000     7.5441    24.5559     6.6280     9.4721     97.223    288.912    296.007   -0.00361    6.81728    9.74258  297.16281   15.34481 5.6999e-02     0.4432     0.8973    79.9087 0.0000e+00
        561 197.474340    0.03890     2.3339    140.032     65.622  50044.054    31.4965     7.5286     65.000     7.5096    24.5901     6.6086     9.4444     96.828    288.056    295.140   -0.00507    6.82508    9.75372  297.49268   15.36042 5.6967e-02     0.3489     0.9860    78.1567 0.0000e+00
        566 197.474354    0.03921     2.3525    141.153     66.634  50052.791    31.4978     7.5029     66.000     7.4826    24.5947     6.6033     9.4368     96.695    287.826    294.904   -0.00439    6.82903    9.75937  297.66363   15.36856 5.6562e-02     0.3133     1.0315    77.2695 0.0000e+00
        570 197.474366    0.03951     2.3706    142.237     67.648  50069.922    31.5039     7.4704     67.000     7.4565    24.6038     6.5951     9.4251     96.508    287.466    294.540   -0.00431    6.83384    9.76623  297.87042   15.37841 5.6968e-02     0.3172     1.0759    76.4172 0.0000e+00
        574 197.474378    0.03978     2.3871    143.225     68.651  50042.073    31.4805     7.4493     68.000     7.4101    24.5884     6.5864     9.4126     96.318    287.090    294.149   -0.00430    6.83818    9.77245  298.06420   15.38776 5.6569e-02     0.2978     1.1173    75.6296 0.0000e+00
        578 197.474390    0.04009     2.4056    144.336     69.660  50088.631    31.4994     7.3719     69.000     7.3503    24.6137     6.5757     9.3974     96.004    286.618    293.673   -0.00490    6.84948    9.78859  298.54922   15.41082 5.6552e-02     0.2953     1.2043    74.0052 0.0000e+00
        583 197.474404    0.04043     2.4253    145.518     70.676  50116.867    31.5148     7.3496     70.000     7.3401    24.6288     6.5689     9.3877     95.865    286.318    293.369   -0.00445    6.85229    9.79261  298.66732   15.41639 5.6432e-02     0.2625     1.2468    73.2188 0.0000e+00
        587 197.474417    0.04072     2.4431    146.585     71.685  50117.038    31.5129     7.3402     71.000     7.3280    24.6286     6.5728     9.3933     95.900    286.488    293.544   -0.00284    6.85384    9.79482  298.73495   15.41962 5.6557e-02     0.2514     1.2711    72.7762 0.0000e+00
        592 197.474429    0.04101     2.4607    147.641     72.688  50123.545    31.5147     7.3270     72.000     7.3148    24.6318     6.5549     9.3676     95.610    285.705    292.742   -0.00395    6.85584    9.79768  298.82124   15.42373 5.6274e-02     0.2357     1.4426    69.7414 0.0000e+00
        596 197.474443    0.04134     2.4805    148.833     73.709  50121.061    31.5102     7.3134     73.000     7.2923    24.6302     6.5587     9.3731     95.634    285.872    292.913   -0.00265    6.85817    9.80102  298.92345   15.42863 5.6311e-02     0.2090     1.5615    67.6837 0.0000e+00
        600 197.474453    0.04161     2.4964    149.785     74.709  50152.432    31.5279     7.2915     74.000     7.2814    24.6470     6.5528     9.3647     95.512    285.611    292.651   -0.00276    6.86083    9.80482  299.03441   15.43385 5.6384e-02     0.2356     1.6340    66.4663 0.0000e+00
        605 197.474466    0.04192     2.5149    150.896     75.721  50147.933    31.5202     7.2682     75.000     7.2477    24.6441     6.5510     9.3620     95.428    285.531    292.568   -0.00253    6.86486    9.81058  299.21094   15.44231 5.6096e-02     0.2232     1.6357    66.4358 0.0000e+00
        609 197.474480    0.04224     2.5345    152.067     76.732  50177.856    31.5368     7.2458     76.000     7.2370    24.6601     6.5463     9.3553     95.321    285.321    292.357   -0.00247    6.86764    9.81455  299.32733   15.44779 5.6400e-02     0.2335     1.6750    65.7869 0.0000e+00
        614 197.474493    0.04254     2.5522    153.133     77.742  50181.031    31.5381     7.2427     77.000     7.2351    24.6615     6.5435     9.3514     95.274    285.201    292.234   -0.00211    6.86808    9.81517  299.34600   15.44868 5.6506e-02     0.2166     1.6993    65.3882 0.0000e+00
        618 197.474504    0.04284     2.5700    154.199     78.747  50181.924    31.5381     7.2419     78.000     7.2342    24.6617     6.5381     9.3436     95.193    284.964    291.992   -0.00210    6.86820    9.81534  299.35124   15.44892 5.5997e-02     0.2374     1.7006    65.3662 0.0000e+00
        623 197.474519    0.04318     2.5906    155.439     79.761  50188.625    31.5429     7.2456     79.000     7.2442    24.6650     6.5427     9.3501     95.271    285.160    292.194   -0.00112    6.86739    9.81419  299.31507   15.44718 5.6108e-02     0.2498     1.6984    65.4037 0.0000e+00
        628 197.474533    0.04353     2.6116    156.697     80.774  50172.279    31.5326     7.2547     80.000     7.2450    24.6557     6.5412     9.3481     95.264    285.102    292.131   -0.00087    6.86642    9.81280  299.27552   15.44533 5.6014e-02     0.2337     1.6724    65.8302 0.0000e+00
        632 197.474546    0.04383     2.6295    157.768     81.779  50178.136    31.5357     7.2517     81.000     7.2440    24.6585     6.5408     9.3474     95.252    285.080    292.110   -0.00078    6.86676    9.81329  299.28952   15.44599 5.6060e-02     0.2435     1.6729    65.8220 0.0000e+00
        637 197.474559    0.04415     2.6487    158.919     82.793  50178.621    31.5353     7.2503     82.000     7.2416    24.6584     6.5469     9.3561     95.338    285.347    292.383   -0.00017    6.86699    9.81361  299.29940   15.44646 5.6117e-02     0.2288     1.6769    65.7558 0.0000e+00
        641 197.474572    0.04444     2.6668    160.008     83.799  50179.250    31.5346     7.2459     83.000     7.2363    24.6584     6.5424     9.3497     95.263    285.152    292.183   -0.00051    6.86772    9.81465  299.33101   15.44798 5.5914e-02     0.2463     1.6906    65.5309 0.0000e+00
        645 197.474584    0.04475     2.6851    161.108     84.810  50184.390    31.5372     7.2430     84.000     7.2346    24.6609     6.5408     9.3475     95.236    285.082    292.113   -0.00066    6.86805    9.81514  299.34522   15.44865 5.6024e-02     0.2278     1.7409    64.7148 0.0000e+00
        650 197.474598    0.04507     2.7043    162.260     85.822  50186.489    31.5379     7.2414     85.000     7.2324    24.6617     6.5431     9.3507     95.265    285.180    292.213   -0.00037    6.86828    9.81546  299.35477   15.44910 5.5988e-02     0.2206     1.6979    65.4114 0.0000e+00
        654 197.474610    0.04537     2.7222    163.330     86.829  50184.205    31.5347     7.2346     86.000     7.2210    24.6600     6.5421     9.3493     95.233    285.137    292.168   -0.00048    6.86949    9.81719  299.40804   15.45165 5.6004e-02     0.2523     1.7180    65.0832 0.0000e+00
        659 197.474623    0.04567     2.7405    164.431     87.838  50196.028    31.5408     7.2254     87.000     7.2150    24.6662     6.5375     9.3427     95.151    284.936    291.965   -0.00086    6.87068    9.81888  299.45795   15.45401 5.5812e-02     0.2490     1.7241    64.9837 0.0000e+00
        664 197.474637    0.04602     2.7615    165.690     88.822  50200.101    31.5420     7.2182     88.000     7.2086    24.6681     6.5357     9.3402     95.110    284.858    291.885   -0.00088    6.87176    9.82043  299.50448   15.45623 5.5490e-02     0.2200     1.7300    64.8899 0.0000e+00
