CTD-processing/allCTD/CNV/2021_10-21_ab_s13_cast198_4141.cnv
* Sea-Bird SBE19plus Data File:
* FileName = C:\Users\steve\Desktop\GWA\CTD\2021_10-21_AB\2021_10-21_AB_S0_cast198.hex
* Software Version 1.59
* Temperature SN =  4141
* Conductivity SN =  4141
* System UpLoad Time = Oct 22 2021 15:18:31
** Cook Inlet LTM AB
** Date: 10-21-2021
** Station:S13
** Start Time (AKDT):10:47
** Depth (m):26
** Comment:
** Comment:
# nquan = 27
# nvalues = 16                          
# units = specified
# name 0 = scan: Scan Count
# name 1 = timeJ: Julian Days
# name 2 = timeH: Time, Elapsed [hours]
# name 3 = timeM: Time, Elapsed [minutes]
# name 4 = timeS: Time, Elapsed [seconds]
# name 5 = prdM: Pressure, Strain Gauge [db]
# name 6 = specc: Specific Conductance [uS/cm]
# name 7 = sal00: Salinity, Practical [PSU]
# name 8 = tv290C: Temperature [ITS-90, deg C]
# name 9 = depSM: Depth [salt water, m], lat = 59.00
# name 10 = potemp090C: Potential Temperature [ITS-90, deg C]
# name 11 = sigma-é00: Density [sigma-theta, kg/m^3]
# name 12 = sbeox0ML/L: Oxygen, SBE 43 [ml/l]
# name 13 = sbeox0Mg/L: Oxygen, SBE 43 [mg/l]
# name 14 = sbeox0PS: Oxygen, SBE 43 [% saturation]
# name 15 = sbox0Mm/Kg: Oxygen, SBE 43 [umol/kg]
# name 16 = sbeox0Mm/L: Oxygen, SBE 43 [umol/l]
# name 17 = sbox0dV/dT: Oxygen, SBE 43 [dov/dt]
# name 18 = oxsolML/L: Oxygen Saturation, Garcia & Gordon [ml/l]
# name 19 = oxsolMg/L: Oxygen Saturation, Garcia & Gordon [mg/l]
# name 20 = oxsolMm/Kg: Oxygen Saturation, Garcia & Gordon [umol/kg]
# name 21 = n2satMg/L: Nitrogen Saturation [mg/l]
# name 22 = par: PAR/Irradiance, Biospherical/Licor
# name 23 = wetStar: Fluorescence, WET Labs WETstar [mg/m^3]
# name 24 = CStarAt0: Beam Attenuation, WET Labs C-Star [1/m]
# name 25 = CStarTr0: Beam Transmission, WET Labs C-Star [%]
# name 26 = flag: flag
# span 0 =        522,        596       
# span 1 = 294.450709, 294.450924       
# span 2 =    0.03618,    0.04134       
# span 3 =     2.1709,     2.4806       
# span 4 =    130.252,    148.836       
# span 5 =      1.008,     16.137       
# span 6 =  48616.695,  48903.546       
# span 7 =    30.6648,    30.8871       
# span 8 =     8.3977,     8.5951       
# span 9 =      1.000,     16.000       
# span 10 =     8.4156,     8.5935      
# span 11 =    23.8146,    23.9606      
# span 12 =     5.6554,     5.7038      
# span 13 =     8.0821,     8.1513      
# span 14 =     84.484,     85.192      
# span 15 =    246.664,    248.807      
# span 16 =    252.570,    254.733      
# span 17 =   -0.00144,    0.00185      
# span 18 =    6.68914,    6.72811      
# span 19 =    9.55944,    9.61515      
# span 20 =  291.74606,  293.48806      
# span 21 =   15.08853,   15.17264      
# span 22 = 1.9062e+00, 3.7709e+01      
# span 23 =     0.1605,     0.2361      
# span 24 =     0.7670,     1.3233      
# span 25 =    71.8310,    82.5517      
# span 26 = 0.0000e+00, 0.0000e+00      
# interval = meters: 1                  
# start_time = Oct 21 2021 10:46:51 [Instrument's time stamp, header]
# bad_flag = -9.990e-29
*END*
        522 294.450709    0.03618     2.1709    130.252      1.008  48616.695    30.6648     8.3977      1.000     8.4156    23.8146     5.7038     8.1513     84.776    248.807    254.733   -0.00043    6.72811    9.61515  293.48806   15.17264 3.7709e+01     0.2121     1.3233    71.8310 0.0000e+00
        527 294.450724    0.03656     2.1935    131.611      2.021  48765.677    30.7782     8.4639      2.000     8.4873    23.8938     5.7000     8.1459     84.908    248.621    254.562    0.00037    6.71313    9.59373  292.81201   15.13989 3.0649e+01     0.1621     1.0131    77.6288 0.0000e+00
        532 294.450739    0.03690     2.2138    132.827      3.028  48790.246    30.8007     8.5032      3.000     8.5146    23.9057     5.7011     8.1475     85.012    248.667    254.612    0.00082    6.70622    9.58386  292.50730   15.12524 3.0821e+01     0.1798     0.9437    78.9842 0.0000e+00
        537 294.450753    0.03724     2.2346    134.074      4.044  48822.520    30.8271     8.5328      4.000     8.5369    23.9220     5.6952     8.1389     84.994    248.402    254.345    0.00041    6.70061    9.57583  292.25751   15.11321 2.4607e+01     0.2117     0.9272    79.3106 0.0000e+00
        541 294.450765    0.03752     2.2512    135.070      5.039  48823.414    30.8281     8.5385      5.000     8.5389    23.9221     5.6909     8.1327     84.941    248.214    254.152   -0.00001    6.69970    9.57454  292.21814   15.11132 2.0325e+01     0.2174     0.9603    78.6558 0.0000e+00
        547 294.450781    0.03792     2.2749    136.494      6.064  48819.087    30.8248     8.5399      6.000     8.5383    23.9193     5.6774     8.1136     84.742    247.630    253.553   -0.00113    6.69963    9.57443  292.21553   15.11121 1.7273e+01     0.1986     0.9588    78.6861 0.0000e+00
        551 294.450794    0.03821     2.2928    137.570      7.060  48820.636    30.8251     8.5373      7.000     8.5364    23.9199     5.6721     8.1060     84.659    247.401    253.319   -0.00132    6.70001    9.57498  292.23220   15.11201 1.3032e+01     0.1870     0.9707    78.4534 0.0000e+00
        556 294.450807    0.03855     2.3129    138.774      8.076  48823.664    30.8268     8.5373      8.000     8.5372    23.9212     5.6673     8.0991     84.587    247.188    253.101   -0.00144    6.69994    9.57489  292.22907   15.11185 1.0495e+01     0.1822     0.9713    78.4402 0.0000e+00
        561 294.450823    0.03891     2.3346    140.074      9.084  48846.695    30.8432     8.5427      9.000     8.5492    23.9333     5.6605     8.0894     84.506    246.889    252.798   -0.00141    6.69840    9.57268  292.15817   15.10840 8.2330e+00     0.2143     0.9678    78.5114 0.0000e+00
        566 294.450837    0.03926     2.3554    141.322     10.097  48868.848    30.8618     8.5664     10.000     8.5767    23.9443     5.6554     8.0821     84.484    246.664    252.570   -0.00125    6.69403    9.56643  291.96430   15.09906 6.3869e+00     0.1661     0.9209    79.4377 0.0000e+00
        571 294.450850    0.03956     2.3740    142.442     11.101  48861.271    30.8592     8.5882     11.000     8.5905    23.9392     5.6677     8.0997     84.708    247.201    253.119    0.00028    6.69088    9.56193  291.82827   15.09258 5.2418e+00     0.2328     0.8281    81.3025 0.0000e+00
        576 294.450865    0.03993     2.3961    143.767     12.118  48864.320    30.8613     8.5914     12.000     8.5909    23.9404     5.6824     8.1207     84.934    247.841    253.774    0.00137    6.69030    9.56111  291.80296   15.09136 4.2952e+00     0.2051     0.7995    81.8842 0.0000e+00
        581 294.450879    0.04027     2.4161    144.964     13.118  48880.025    30.8723     8.5942     13.000     8.5935    23.9486     5.6931     8.1359     85.105    248.306    254.252    0.00185    6.68940    9.55981  291.76107   15.08931 3.4944e+00     0.2361     0.7783    82.3199 0.0000e+00
        587 294.450896    0.04067     2.4404    146.421     14.141  48884.543    30.8752     8.5951     14.000     8.5930    23.9507     5.6987     8.1439     85.192    248.548    254.500    0.00164    6.68915    9.55946  291.74958   15.08876 2.8604e+00     0.1730     0.7670    82.5517 0.0000e+00
        591 294.450910    0.04099     2.4596    147.578     15.139  48891.487    30.8793     8.5934     15.000     8.5912    23.9542     5.6979     8.1428     85.180    248.515    254.468    0.00104    6.68922    9.55956  291.75168   15.08884 2.3431e+00     0.1798     0.7846    82.1890 0.0000e+00
        596 294.450924    0.04134     2.4806    148.836     16.137  48903.546    30.8871     8.5917     16.000     8.5899    23.9606     5.6970     8.1416     85.167    248.473    254.427    0.00049    6.68914    9.55944  291.74606   15.08853 1.9062e+00     0.1605     0.8143    81.5796 0.0000e+00
