CTD-processing/allCTD/CNV/2021_02-16_t7_s20_cast134_5028.cnv
* Sea-Bird SBE19plus Data File:
* FileName = C:\Users\steve\Desktop\GWA CTD\2021_02-16_T7\2021_02-16_T7_S_cast134.hex
* Software Version 1.59
* Temperature SN =  5028
* Conductivity SN =  5028
* System UpLoad Time = Feb 18 2021 14:36:47
** Cook Inlet LTM T7
** Date: 02-16-2021
** Station:S20
** Start Time (AKST):12:58
** Depth (m):83
** Comment:
** Comment:
# nquan = 27
# nvalues = 73                          
# units = specified
# name 0 = scan: Scan Count
# name 1 = timeJ: Julian Days
# name 2 = timeH: Time, Elapsed [hours]
# name 3 = timeM: Time, Elapsed [minutes]
# name 4 = timeS: Time, Elapsed [seconds]
# name 5 = prdM: Pressure, Strain Gauge [db]
# name 6 = specc: Specific Conductance [uS/cm]
# name 7 = sal00: Salinity, Practical [PSU]
# name 8 = tv290C: Temperature [ITS-90, deg C]
# name 9 = depSM: Depth [salt water, m], lat = 59.00
# name 10 = potemp090C: Potential Temperature [ITS-90, deg C]
# name 11 = sigma-é00: Density [sigma-theta, kg/m^3]
# name 12 = sbeox0ML/L: Oxygen, SBE 43 [ml/l]
# name 13 = sbeox0Mg/L: Oxygen, SBE 43 [mg/l]
# name 14 = sbeox0PS: Oxygen, SBE 43 [% saturation]
# name 15 = sbox0Mm/Kg: Oxygen, SBE 43 [umol/kg]
# name 16 = sbeox0Mm/L: Oxygen, SBE 43 [umol/l]
# name 17 = sbox0dV/dT: Oxygen, SBE 43 [dov/dt]
# name 18 = oxsolML/L: Oxygen Saturation, Garcia & Gordon [ml/l]
# name 19 = oxsolMg/L: Oxygen Saturation, Garcia & Gordon [mg/l]
# name 20 = oxsolMm/Kg: Oxygen Saturation, Garcia & Gordon [umol/kg]
# name 21 = potemp090C: Potential Temperature [ITS-90, deg C]
# name 22 = n2satMg/L: Nitrogen Saturation [mg/l]
# name 23 = par: PAR/Irradiance, Biospherical/Licor
# name 24 = flECO-AFL: Fluorescence, WET Labs ECO-AFL/FL [mg/m^3]
# name 25 = turbWETntu0: Turbidity, WET Labs ECO [NTU]
# name 26 = flag: flag
# span 0 =        258,        609       
# span 1 =  47.541265,  47.542280       
# span 2 =    0.01786,    0.04222       
# span 3 =     1.0716,     2.5336       
# span 4 =     64.296,    152.019       
# span 5 =      1.009,     73.701       
# span 6 =  50717.644,  50779.115       
# span 7 =    31.5206,    31.5333       
# span 8 =     5.0333,     5.0617       
# span 9 =      1.000,     73.000       
# span 10 =     5.0363,     5.0568      
# span 11 =    24.9138,    24.9218      
# span 12 =     6.5103,    11.3361      
# span 13 =     9.3039,    16.2004      
# span 14 =     89.998,    156.747      
# span 15 =    283.684,    493.962      
# span 16 =    290.752,    506.270      
# span 17 =   -0.03988,    0.05972      
# span 18 =    7.22861,    7.23396      
# span 19 =   10.33041,   10.33806      
# span 20 =  314.98002,  315.21464      
# span 21 =     5.0332,     5.0568      
# span 22 =   16.19371,   16.20490      
# span 23 = 3.9232e-02, 1.1437e+02      
# span 24 =     0.2948,     0.3754      
# span 25 =     0.5671,     0.6800      
# span 26 = 0.0000e+00, 0.0000e+00      
# interval = meters: 1                  
# start_time = Feb 16 2021 12:58:21 [Instrument's time stamp, header]
# bad_flag = -9.990e-29
*END*
        258  47.541265    0.01786     1.0716     64.296      1.009  50722.851    31.5238     5.0333      1.000     5.0363    24.9168     6.5103     9.3039     89.998    283.684    290.752    0.03636    7.23396   10.33806  315.21464     5.0332   16.20490 1.1437e+02     0.3138     0.6081 0.0000e+00
        264  47.541281    0.01824     1.0948     65.689      2.019  50717.644    31.5206     5.0370      2.000     5.0366    24.9138     6.9952     9.9968     96.706    304.811    312.405    0.05972    7.23349   10.33738  315.19484     5.0369   16.20397 8.9021e+01     0.3217     0.6188 0.0000e+00
        269  47.541296    0.01861     1.1168     67.007      3.028  50720.246    31.5218     5.0369      3.000     5.0370    24.9148     7.1072    10.1568     98.254    309.691    317.406    0.04823    7.23344   10.33731  315.19256     5.0366   16.20386 7.6697e+01     0.3281     0.6234 0.0000e+00
        273  47.541308    0.01889     1.1336     68.017      4.038  50721.062    31.5221     5.0376      4.000     5.0375    24.9149     7.2218    10.3206     99.840    314.684    322.524    0.04387    7.23330   10.33712  315.18655     5.0373   16.20357 6.8313e+01     0.3312     0.6249 0.0000e+00
        277  47.541321    0.01920     1.1519     69.112      5.047  50721.599    31.5220     5.0378      5.000     5.0374    24.9149     7.3271    10.4711    101.297    319.273    327.227    0.03970    7.23327   10.33707  315.18508     5.0375   16.20350 6.4662e+01     0.3347     0.6288 0.0000e+00
        282  47.541335    0.01953     1.1720     70.320      6.057  50723.299    31.5227     5.0379      6.000     5.0378    24.9154     7.4133    10.5943    102.490    323.028    331.077    0.03327    7.23321   10.33699  315.18241     5.0375   16.20338 5.8921e+01     0.3305     0.6469 0.0000e+00
        287  47.541348    0.01986     1.1918     71.506      7.067  50724.788    31.5234     5.0387      7.000     5.0385    24.9159     7.6095    10.8747    105.204    331.578    339.839    0.03717    7.23305   10.33676  315.17533     5.0382   16.20303 5.2784e+01     0.3409     0.6327 0.0000e+00
        292  47.541364    0.02023     1.2139     72.836      8.076  50725.057    31.5233     5.0393      8.000     5.0388    24.9156     7.8303    11.1902    108.258    341.198    349.700    0.04055    7.23295   10.33661  315.17085     5.0388   16.20282 4.8440e+01     0.3429     0.6338 0.0000e+00
        296  47.541375    0.02052     1.2307     73.840      9.085  50725.436    31.5230     5.0393      9.000     5.0386    24.9155     8.0184    11.4592    110.860    349.398    358.104    0.04361    7.23296   10.33662  315.17135     5.0387   16.20284 4.3200e+01     0.3455     0.6511 0.0000e+00
        300  47.541387    0.02078     1.2472     74.830     10.095  50726.307    31.5230     5.0391     10.000     5.0383    24.9156     8.1955    11.7121    113.307    357.112    366.010    0.04583    7.23300   10.33667  315.17271     5.0384   16.20291 3.7883e+01     0.3551     0.6464 0.0000e+00
        304  47.541399    0.02107     1.2644     75.865     11.104  50727.026    31.5230     5.0390     11.000     5.0379    24.9156     8.3188    11.8883    115.011    362.484    371.515    0.04288    7.23302   10.33672  315.17410     5.0382   16.20298 3.2970e+01     0.3553     0.6522 0.0000e+00
        309  47.541413    0.02142     1.2852     77.111     12.114  50728.414    31.5234     5.0385     12.000     5.0378    24.9159     8.4179    12.0300    116.380    366.803    375.942    0.03676    7.23308   10.33680  315.17661     5.0377   16.20310 2.9110e+01     0.3629     0.6275 0.0000e+00
        315  47.541428    0.02178     1.3065     78.390     13.123  50729.258    31.5235     5.0389     13.000     5.0379    24.9160     8.4919    12.1356    117.403    370.025    379.244    0.03009    7.23302   10.33671  315.17383     5.0380   16.20296 2.5662e+01     0.3688     0.6302 0.0000e+00
        319  47.541440    0.02206     1.3236     79.414     14.133  50729.313    31.5231     5.0387     14.000     5.0373    24.9156     8.5850    12.2689    118.691    374.087    383.407    0.02863    7.23307   10.33677  315.17597     5.0377   16.20307 2.2425e+01     0.3584     0.6533 0.0000e+00
        323  47.541452    0.02235     1.3410     80.463     15.142  50730.531    31.5232     5.0381     15.000     5.0371    24.9159     8.7111    12.4489    120.432    379.578    389.035    0.03006    7.23316   10.33690  315.17983     5.0370   16.20325 1.9476e+01     0.3611     0.6480 0.0000e+00
        327  47.541464    0.02265     1.3590     81.542     16.152  50731.755    31.5237     5.0385     16.000     5.0375    24.9162     8.8447    12.6399    122.280    385.399    395.002    0.03137    7.23308   10.33680  315.17637     5.0373   16.20308 1.7023e+01     0.3754     0.6425 0.0000e+00
        332  47.541479    0.02301     1.3801     82.805     17.161  50733.316    31.5244     5.0393     17.000     5.0385    24.9167     9.0044    12.8682    124.492    392.361    402.137    0.03285    7.23290   10.33655  315.16861     5.0381   16.20271 1.5023e+01     0.3540     0.6518 0.0000e+00
        337  47.541493    0.02333     1.4000     83.999     18.170  50733.772    31.5245     5.0402     18.000     5.0389    24.9166     9.1635    13.0955    126.695    399.292    409.241    0.03414    7.23274   10.33631  315.16135     5.0389   16.20237 1.3144e+01     0.3609     0.6800 0.0000e+00
        340  47.541503    0.02357     1.4140     84.841     19.180  50734.211    31.5243     5.0403     19.000     5.0389    24.9165     9.3246    13.3258    128.922    406.311    416.435    0.03816    7.23274   10.33630  315.16123     5.0389   16.20237 1.1456e+01     0.3596     0.6733 0.0000e+00
        345  47.541515    0.02387     1.4323     85.940     20.190  50735.065    31.5244     5.0404     20.000     5.0391    24.9166     9.5425    13.6372    131.935    415.806    426.167    0.04344    7.23271   10.33626  315.15991     5.0390   16.20230 1.0028e+01     0.3508     0.6722 0.0000e+00
        350  47.541532    0.02427     1.4562     87.371     21.199  50736.390    31.5249     5.0408     21.000     5.0396    24.9169     9.7502    13.9340    134.809    424.858    435.444    0.04277    7.23261   10.33612  315.15573     5.0394   16.20209 8.6755e+00     0.3493     0.6049 0.0000e+00
        355  47.541545    0.02458     1.4749     88.494     22.209  50736.311    31.5244     5.0413     22.000     5.0396    24.9166     9.9447    14.2120    137.500    433.335    444.132    0.04428    7.23256   10.33605  315.15351     5.0397   16.20199 7.6003e+00     0.3512     0.6119 0.0000e+00
        360  47.541559    0.02492     1.4953     89.716     23.218  50738.269    31.5253     5.0413     23.000     5.0401    24.9172    10.1641    14.5255    140.533    442.891    453.927    0.04640    7.23251   10.33599  315.15133     5.0397   16.20189 6.7219e+00     0.3498     0.6477 0.0000e+00
        364  47.541571    0.02522     1.5131     90.786     24.228  50740.818    31.5269     5.0429     24.000     5.0421    24.9183    10.3536    14.7964    143.161    451.152    462.394    0.04743    7.23216   10.33548  315.13558     5.0412   16.20113 5.9582e+00     0.3484     0.6303 0.0000e+00
        368  47.541583    0.02548     1.5288     91.725     25.237  50741.639    31.5273     5.0446     25.000     5.0434    24.9185    10.5277    15.0452    145.575    458.737    470.168    0.04865    7.23184   10.33503  315.12170     5.0428   16.20047 5.2517e+00     0.3523     0.5992 0.0000e+00
        372  47.541594    0.02575     1.5450     92.699     26.247  50741.853    31.5272     5.0455     26.000     5.0438    24.9183    10.7091    15.3044    148.086    466.642    478.271    0.04978    7.23169   10.33481  315.11514     5.0436   16.20016 4.6109e+00     0.3432     0.5884 0.0000e+00
        377  47.541610    0.02613     1.5677     94.061     27.256  50742.207    31.5270     5.0458     27.000     5.0438    24.9181    10.8992    15.5761    150.716    474.925    486.760    0.04669    7.23166   10.33476  315.11374     5.0438   16.20009 4.0212e+00     0.3268     0.5964 0.0000e+00
        382  47.541625    0.02649     1.5895     95.370     28.266  50743.096    31.5272     5.0459     28.000     5.0439    24.9182    11.0279    15.7600    152.496    480.532    492.506    0.04057    7.23162   10.33471  315.11219     5.0439   16.20002 3.4893e+00     0.3172     0.6028 0.0000e+00
        388  47.541641    0.02687     1.6122     96.734     29.276  50743.712    31.5271     5.0462     29.000     5.0440    24.9182    11.1450    15.9274    154.116    485.636    497.738    0.03520    7.23158   10.33465  315.11046     5.0441   16.19993 3.0556e+00     0.3210     0.6395 0.0000e+00
        393  47.541655    0.02721     1.6326     97.958     30.285  50743.315    31.5263     5.0459     30.000     5.0433    24.9175    11.2192    16.0334    155.140    488.869    501.050    0.02963    7.23166   10.33477  315.11410     5.0437   16.20011 2.7023e+00     0.3223     0.6297 0.0000e+00
        397  47.541667    0.02750     1.6497     98.982     31.295  50742.722    31.5252     5.0450     31.000     5.0419    24.9168    11.2828    16.1243    156.015    491.640    503.890    0.02629    7.23189   10.33509  315.12411     5.0427   16.20059 2.3853e+00     0.3229     0.6051 0.0000e+00
        401  47.541678    0.02778     1.6668    100.006     32.305  50743.763    31.5251     5.0436     32.000     5.0409    24.9169    11.3361    16.2004    156.747    493.962    506.270    0.02332    7.23213   10.33543  315.13460     5.0413   16.20109 2.1103e+00     0.3269     0.5997 0.0000e+00
        407  47.541697    0.02822     1.6930    101.581     33.314  50745.123    31.5254     5.0429     33.000     5.0404    24.9172    11.3223    16.1806    156.553    493.359    505.653    0.01370    7.23222   10.33557  315.13873     5.0406   16.20129 1.8478e+00     0.3242     0.6085 0.0000e+00
        413  47.541712    0.02858     1.7151    102.905     34.324  50745.364    31.5249     5.0422     34.000     5.0396    24.9169    11.2624    16.0950    155.721    490.749    502.977    0.00529    7.23237   10.33578  315.14523     5.0398   16.20160 1.6108e+00     0.3194     0.6164 0.0000e+00
        419  47.541730    0.02904     1.7421    104.526     35.333  50747.049    31.5256     5.0420     35.000     5.0398    24.9174    11.1643    15.9550    154.366    486.477    498.599   -0.00356    7.23238   10.33580  315.14563     5.0395   16.20161 1.4099e+00     0.3139     0.6124 0.0000e+00
        423  47.541742    0.02930     1.7580    105.479     36.343  50751.765    31.5286     5.0434     36.000     5.0430    24.9197    11.1213    15.8935    153.780    484.604    496.680   -0.00640    7.23200   10.33525  315.12817     5.0408   16.20077 1.2416e+00     0.3311     0.6091 0.0000e+00
        427  47.541754    0.02958     1.7752    106.511     37.353  50754.472    31.5311     5.0486     37.000     5.0480    24.9211    11.1046    15.8696    153.570    483.874    495.932   -0.00571    7.23097   10.33379  315.08302     5.0459   16.19861 1.1048e+00     0.3287     0.5943 0.0000e+00
        432  47.541768    0.02993     1.7956    107.736     38.362  50752.860    31.5302     5.0519     38.000     5.0499    24.9200    11.0230    15.7529    152.452    480.316    492.285   -0.00955    7.23044   10.33302  315.06010     5.0492   16.19752 9.8125e-01     0.3157     0.5895 0.0000e+00
        436  47.541781    0.03024     1.8145    108.873     39.372  50754.246    31.5311     5.0539     39.000     5.0518    24.9205    10.9281    15.6173    151.148    476.180    488.047   -0.01380    7.23005   10.33246  315.04285     5.0511   16.19670 8.6279e-01     0.3175     0.5803 0.0000e+00
        441  47.541795    0.03058     1.8346    110.077     40.381  50753.811    31.5306     5.0552     40.000     5.0525    24.9200    10.8298    15.4769    149.794    471.902    483.661   -0.01660    7.22985   10.33218  315.03459     5.0523   16.19631 7.5754e-01     0.3157     0.5790 0.0000e+00
        447  47.541810    0.03095     1.8570    111.417     41.391  50754.657    31.5307     5.0557     41.000     5.0528    24.9201    10.6902    15.2774    147.864    465.818    477.426   -0.02092    7.22977   10.33206  315.03078     5.0527   16.19613 6.6070e-01     0.3241     0.5768 0.0000e+00
        452  47.541827    0.03134     1.8804    112.821     42.401  50755.208    31.5307     5.0560     42.000     5.0529    24.9200    10.5323    15.0517    145.681    458.935    470.372   -0.02476    7.22971   10.33198  315.02835     5.0529   16.19601 5.8251e-01     0.3233     0.5869 0.0000e+00
        458  47.541842    0.03173     1.9034    114.207     43.411  50755.883    31.5307     5.0561     43.000     5.0530    24.9201    10.3598    14.8052    143.295    451.419    462.669   -0.02861    7.22969   10.33195  315.02748     5.0530   16.19597 5.1455e-01     0.3210     0.5704 0.0000e+00
        462  47.541855    0.03202     1.9211    115.263     44.420  50756.642    31.5307     5.0562     44.000     5.0531    24.9201    10.2451    14.6413    141.710    446.423    457.548   -0.02937    7.22966   10.33191  315.02624     5.0530   16.19591 4.5798e-01     0.3298     0.5877 0.0000e+00
        467  47.541868    0.03235     1.9408    116.447     45.430  50758.978    31.5320     5.0569     45.000     5.0543    24.9210    10.1041    14.4397    139.761    440.275    451.247   -0.03066    7.22949   10.33167  315.01846     5.0536   16.19553 4.0726e-01     0.3302     0.5842 0.0000e+00
        472  47.541884    0.03271     1.9625    117.748     46.439  50760.121    31.5327     5.0589     46.000     5.0560    24.9214     9.9225    14.1802    137.256    432.361    443.137   -0.03352    7.22912   10.33113  315.00212     5.0555   16.19475 3.6251e-01     0.3329     0.5747 0.0000e+00
        478  47.541901    0.03313     1.9875    119.247     47.449  50760.563    31.5328     5.0600     47.000     5.0568    24.9213     9.6908    13.8490    134.055    422.265    432.789   -0.03740    7.22891   10.33083  314.99295     5.0566   16.19432 3.2029e-01     0.3336     0.6057 0.0000e+00
        483  47.541917    0.03350     2.0100    120.599     48.458  50759.553    31.5317     5.0603     48.000     5.0561    24.9204     9.4889    13.5606    131.263    413.471    423.775   -0.03927    7.22893   10.33086  314.99399     5.0568   16.19437 2.8407e-01     0.3170     0.6080 0.0000e+00
        488  47.541930    0.03382     2.0290    121.738     49.468  50759.548    31.5307     5.0584     49.000     5.0543    24.9199     9.3327    13.3374    129.096    406.665    416.799   -0.03943    7.22928   10.33137  315.00985     5.0549   16.19513 2.5078e-01     0.3044     0.5963 0.0000e+00
        492  47.541942    0.03410     2.0458    122.747     50.478  50761.979    31.5318     5.0580     50.000     5.0546    24.9208     9.2189    13.1747    127.521    401.705    411.716   -0.03771    7.22931   10.33141  315.01085     5.0543   16.19517 2.2280e-01     0.2948     0.6066 0.0000e+00
        498  47.541959    0.03452     2.0712    124.271     51.488  50764.195    31.5333     5.0600     51.000     5.0567    24.9218     9.0055    12.8699    124.577    392.409    402.188   -0.03837    7.22889   10.33081  314.99225     5.0563   16.19428 1.9849e-01     0.3070     0.6071 0.0000e+00
        504  47.541977    0.03495     2.0973    125.835     52.497  50761.398    31.5308     5.0596     52.000     5.0550    24.9198     8.7762    12.5420    121.401    382.414    391.944   -0.03988    7.22908   10.33108  315.00091     5.0558   16.19470 1.7741e-01     0.3237     0.6192 0.0000e+00
        509  47.541991    0.03528     2.1164    126.982     53.507  50763.492    31.5315     5.0585     53.000     5.0547    24.9205     8.6594    12.3752    119.784    377.326    386.730   -0.03704    7.22923   10.33129  315.00719     5.0547   16.19500 1.5926e-01     0.3212     0.5837 0.0000e+00
