CTD-processing/allCTD/CNV/2021_01-13_t9_s03_cast119_5028.cnv
* Sea-Bird SBE19plus Data File:
* FileName = C:\Users\steve\Desktop\GWA CTD\2021_01-13_T9\2020_12-28_T9_S0_cast119.hex
* Software Version 1.59
* Temperature SN =  5028
* Conductivity SN =  5028
* System UpLoad Time = Jan 14 2021 15:11:53
** Cook Inlet LTM T9
** Date: 01-13-2020
** Station:S03
** Start Time (AKST):14:30
** Depth (m):98
** Comment:
** Comment:
# nquan = 27
# nvalues = 92                          
# units = specified
# name 0 = scan: Scan Count
# name 1 = timeJ: Julian Days
# name 2 = timeH: Time, Elapsed [hours]
# name 3 = timeM: Time, Elapsed [minutes]
# name 4 = timeS: Time, Elapsed [seconds]
# name 5 = prdM: Pressure, Strain Gauge [db]
# name 6 = specc: Specific Conductance [uS/cm]
# name 7 = sal00: Salinity, Practical [PSU]
# name 8 = tv290C: Temperature [ITS-90, deg C]
# name 9 = depSM: Depth [salt water, m], lat = 59.00
# name 10 = potemp090C: Potential Temperature [ITS-90, deg C]
# name 11 = sigma-é00: Density [sigma-theta, kg/m^3]
# name 12 = sbeox0ML/L: Oxygen, SBE 43 [ml/l]
# name 13 = sbeox0Mg/L: Oxygen, SBE 43 [mg/l]
# name 14 = sbeox0PS: Oxygen, SBE 43 [% saturation]
# name 15 = sbox0Mm/Kg: Oxygen, SBE 43 [umol/kg]
# name 16 = sbeox0Mm/L: Oxygen, SBE 43 [umol/l]
# name 17 = sbox0dV/dT: Oxygen, SBE 43 [dov/dt]
# name 18 = oxsolML/L: Oxygen Saturation, Garcia & Gordon [ml/l]
# name 19 = oxsolMg/L: Oxygen Saturation, Garcia & Gordon [mg/l]
# name 20 = oxsolMm/Kg: Oxygen Saturation, Garcia & Gordon [umol/kg]
# name 21 = potemp090C: Potential Temperature [ITS-90, deg C]
# name 22 = n2satMg/L: Nitrogen Saturation [mg/l]
# name 23 = par: PAR/Irradiance, Biospherical/Licor
# name 24 = flECO-AFL: Fluorescence, WET Labs ECO-AFL/FL [mg/m^3]
# name 25 = turbWETntu0: Turbidity, WET Labs ECO [NTU]
# name 26 = flag: flag
# span 0 =        258,        658       
# span 1 =  13.604643,  13.605802       
# span 2 =    0.01782,    0.04562       
# span 3 =     1.0689,     2.7371       
# span 4 =     64.136,    164.226       
# span 5 =      1.010,     92.889       
# span 6 =  50074.637,  50238.457       
# span 7 =    31.1289,    31.2998       
# span 8 =     5.2730,     5.7866       
# span 9 =      1.000,     92.000       
# span 10 =     5.2783,     5.7810      
# span 11 =    24.5780,    24.6606      
# span 12 =     5.5243,     9.9006      
# span 13 =     7.8948,    14.1489      
# span 14 =     76.604,    138.155      
# span 15 =    240.799,    431.540      
# span 16 =    246.717,    442.160      
# span 17 =   -0.03383,    0.08643      
# span 18 =    7.11638,    7.21167      
# span 19 =   10.17002,   10.30621      
# span 20 =  310.17083,  314.34741      
# span 21 =     5.2729,     5.7810      
# span 22 =   15.96567,   16.16523      
# span 23 = 3.7976e-02, 3.5937e+01      
# span 24 =     0.2320,     0.2815      
# span 25 =     0.7976,     1.4443      
# span 26 = 0.0000e+00, 0.0000e+00      
# interval = meters: 1                  
# start_time = Jan 13 2021 14:29:37 [Instrument's time stamp, header]
# bad_flag = -9.990e-29
*END*
        258  13.604643    0.01782     1.0689     64.136      1.010  50074.637    31.1289     5.2730      1.000     5.2783    24.5780     5.5243     7.8948     76.604    240.799    246.717    0.05421    7.21167   10.30621  314.34741     5.2729   16.16523 3.5937e+01     0.2550     1.0546 0.0000e+00
        262  13.604657    0.01815     1.0888     65.330      2.019  50077.270    31.1327     5.2850      2.000     5.2911    24.5797     6.1514     8.7909     85.324    268.128    274.718    0.08643    7.20943   10.30299  314.24896     5.2848   16.16053 2.5040e+01     0.2723     1.1197 0.0000e+00
        267  13.604669    0.01846     1.1075     66.453      3.028  50077.471    31.1351     5.2987      3.000     5.3026    24.5802     6.2851     8.9821     87.209    273.960    280.694    0.07269    7.20695   10.29946  314.14101     5.2985   16.15538 1.9423e+01     0.2663     1.1608 0.0000e+00
        271  13.604683    0.01877     1.1264     67.583      4.037  50076.678    31.1357     5.3063      4.000     5.3089    24.5798     6.3114     9.0196     87.590    275.105    281.867    0.05367    7.20563   10.29757  314.08341     5.3060   16.15264 1.6588e+01     0.2643     1.1895 0.0000e+00
        276  13.604697    0.01911     1.1466     68.796      5.047  50081.751    31.1405     5.3151      5.000     5.3182    24.5826     6.3188     9.0303     87.715    275.430    282.201    0.03768    7.20390   10.29508  314.00677     5.3147   16.14897 1.4774e+01     0.2645     1.2097 0.0000e+00
        281  13.604711    0.01944     1.1667     70.002      6.057  50077.188    31.1380     5.3206      6.000     5.3207    24.5800     6.3575     9.0855     88.262    277.115    283.927    0.02877    7.20306   10.29389  313.97111     5.3202   16.14728 1.2778e+01     0.2639     1.2382 0.0000e+00
        286  13.604724    0.01976     1.1858     71.149      7.066  50081.664    31.1410     5.3223      7.000     5.3243    24.5821     6.4445     9.2097     89.474    280.904    287.809    0.02648    7.20263   10.29329  313.95206     5.3217   16.14637 1.0738e+01     0.2667     1.2003 0.0000e+00
        290  13.604737    0.02007     1.2043     72.259      8.075  50098.595    31.1543     5.3331      8.000     5.3419    24.5916     6.5631     9.3793     91.153    286.073    293.107    0.02760    7.20013   10.28971  313.84015     5.3325   16.14098 9.0084e+00     0.2774     1.1619 0.0000e+00
        294  13.604748    0.02036     1.2212     73.271      9.086  50100.556    31.1592     5.3528      9.000     5.3597    24.5932     6.7069     9.5848     93.197    292.340    299.529    0.03110    7.19652   10.28455  313.68219     5.3521   16.13344 7.4811e+00     0.2815     1.1634 0.0000e+00
        298  13.604759    0.02061     1.2367     74.202     10.094  50097.443    31.1591     5.3651     10.000     5.3698    24.5918     6.8775     9.8287     95.596    299.779    307.152    0.03629    7.19442   10.28154  313.59084     5.3643   16.12909 6.1725e+00     0.2735     1.1233 0.0000e+00
        302  13.604771    0.02088     1.2530     75.180     11.104  50116.951    31.1750     5.3793     11.000     5.3920    24.6028     7.0561    10.0839     98.122    307.560    315.127    0.04089    7.19123   10.27699  313.44861     5.3785   16.12226 5.0837e+00     0.2804     1.0976 0.0000e+00
        306  13.604782    0.02116     1.2697     76.183     12.114  50130.404    31.1900     5.4100     12.000     5.4250    24.6112     7.1934    10.2801    100.114    313.541    321.258    0.04121    7.18525   10.26845  313.18559     5.4091   16.10967 4.1937e+00     0.2712     1.0860 0.0000e+00
        310  13.604794    0.02144     1.2862     77.170     13.122  50111.589    31.1818     5.4357     13.000     5.4390    24.6019     7.2940    10.4238    101.570    317.926    325.748    0.03863    7.18125   10.26273  313.01411     5.4348   16.10154 3.4640e+00     0.2562     1.0757 0.0000e+00
        314  13.604805    0.02172     1.3028     78.170     14.132  50103.863    31.1771     5.4410     14.000     5.4398    24.5976     7.3667    10.5277    102.592    321.097    328.995    0.03417    7.18056   10.26175  312.98546     5.4400   16.10020 2.8663e+00     0.2726     1.1030 0.0000e+00
        318  13.604818    0.02201     1.3206     79.234     15.142  50105.949    31.1780     5.4409     15.000     5.4402    24.5984     7.4266    10.6134    103.427    323.711    331.673    0.02926    7.18054   10.26171  312.98414     5.4398   16.10013 2.3736e+00     0.2776     1.0851 0.0000e+00
        322  13.604829    0.02229     1.3377     80.264     16.151  50106.432    31.1780     5.4419     16.000     5.4408    24.5983     7.4851    10.6969    104.244    326.259    334.284    0.02571    7.18037   10.26147  312.97676     5.4407   16.09978 1.9625e+00     0.2595     1.0918 0.0000e+00
        326  13.604842    0.02260     1.3558     81.350     17.161  50109.596    31.1798     5.4423     17.000     5.4425    24.5997     7.5529    10.7939    105.191    329.215    337.313    0.02342    7.18021   10.26125  312.96944     5.4410   16.09942 1.6191e+00     0.2477     1.0736 0.0000e+00
        331  13.604855    0.02291     1.3744     82.466     18.170  50112.323    31.1821     5.4468     18.000     5.4474    24.6010     7.6367    10.9136    106.371    332.868    341.056    0.02280    7.17935   10.26001  312.93130     5.4454   16.09760 1.3388e+00     0.2656     1.0890 0.0000e+00
        335  13.604868    0.02322     1.3935     83.610     19.180  50112.388    31.1825     5.4510     19.000     5.4507    24.6008     7.7377    11.0578    107.787    337.265    345.562    0.02352    7.17862   10.25897  312.89966     5.4495   16.09609 1.1063e+00     0.2590     1.0722 0.0000e+00
        340  13.604882    0.02355     1.4130     84.783     20.190  50114.297    31.1839     5.4539     20.000     5.4541    24.6016     7.8534    11.2233    109.408    342.311    350.732    0.02488    7.17805   10.25815  312.87453     5.4524   16.09488 9.1676e-01     0.2575     1.0826 0.0000e+00
        345  13.604895    0.02386     1.4317     85.904     21.200  50114.784    31.1846     5.4577     21.000     5.4575    24.6017     7.9811    11.4058    111.198    347.876    356.435    0.02701    7.17736   10.25717  312.84453     5.4561   16.09346 7.5819e-01     0.2630     1.0899 0.0000e+00
        349  13.604907    0.02415     1.4490     86.940     22.209  50119.105    31.1877     5.4612     22.000     5.4623    24.6039     8.1267    11.6139    113.239    354.224    362.939    0.03050    7.17662   10.25610  312.81132     5.4596   16.09186 6.2968e-01     0.2592     1.0941 0.0000e+00
        353  13.604919    0.02445     1.4670     88.019     23.218  50120.200    31.1893     5.4672     23.000     5.4681    24.6044     8.2870    11.8429    115.490    361.209    370.096    0.03394    7.17552   10.25454  312.76323     5.4655   16.08957 5.2471e-01     0.2599     1.1343 0.0000e+00
        357  13.604931    0.02473     1.4836     89.018     24.228  50119.443    31.1892     5.4718     24.000     5.4713    24.6038     8.4379    12.0586    117.606    367.787    376.836    0.03634    7.17474   10.25342  312.72956     5.4700   16.08796 4.3786e-01     0.2649     1.1121 0.0000e+00
        361  13.604942    0.02500     1.5002     90.010     25.238  50119.705    31.1894     5.4742     25.000     5.4733    24.6037     8.5944    12.2822    119.794    374.610    383.827    0.03868    7.17432   10.25282  312.71129     5.4724   16.08709 3.6425e-01     0.2555     1.0765 0.0000e+00
        365  13.604954    0.02528     1.5164     90.983     26.247  50124.210    31.1925     5.4767     26.000     5.4773    24.6059     8.7483    12.5021    121.949    381.315    390.698    0.04044    7.17375   10.25200  312.68566     5.4747   16.08587 3.0417e-01     0.2444     1.1140 0.0000e+00
        369  13.604965    0.02555     1.5331     91.986     27.256  50129.511    31.1969     5.4830     27.000     5.4852    24.6087     8.8991    12.7177    124.074    387.889    397.435    0.04131    7.17246   10.25016  312.62856     5.4810   16.08312 2.5462e-01     0.2525     1.1687 0.0000e+00
        373  13.604977    0.02582     1.5497     92.980     28.266  50128.443    31.1974     5.4912     28.000     5.4917    24.6082     9.0393    12.9180    126.053    393.998    403.694    0.04122    7.17103   10.24813  312.56673     5.4891   16.08017 2.1370e-01     0.2515     1.1577 0.0000e+00
        377  13.604988    0.02611     1.5666     93.999     29.275  50125.400    31.1955     5.4947     29.000     5.4930    24.6063     9.1788    13.1174    128.007    400.080    409.925    0.04075    7.17054   10.24742  312.54568     5.4925   16.07918 1.8092e-01     0.2439     1.0938 0.0000e+00
        381  13.605000    0.02640     1.5837     95.021     30.285  50125.706    31.1954     5.4954     30.000     5.4935    24.6061     9.3078    13.3017    129.807    405.700    415.683    0.03958    7.17042   10.24725  312.54059     5.4932   16.07894 1.5371e-01     0.2484     1.0665 0.0000e+00
        385  13.605012    0.02669     1.6011     96.065     31.295  50127.699    31.1965     5.4966     31.000     5.4950    24.6068     9.4248    13.4690    131.445    410.804    420.913    0.03762    7.17017   10.24689  312.52937     5.4943   16.07841 1.3102e-01     0.2539     1.0608 0.0000e+00
        390  13.605025    0.02698     1.6190     97.142     32.305  50127.672    31.1962     5.4980     32.000     5.4957    24.6065     9.5310    13.6208    132.930    415.432    425.655    0.03502    7.16995   10.24656  312.51967     5.4955   16.07794 1.1241e-01     0.2616     1.0708 0.0000e+00
        394  13.605038    0.02730     1.6379     98.276     33.314  50128.817    31.1966     5.4983     33.000     5.4962    24.6068     9.6239    13.7535    134.228    419.482    429.804    0.03172    7.16987   10.24646  312.51653     5.4958   16.07779 9.7286e-02     0.2649     1.0972 0.0000e+00
        399  13.605051    0.02762     1.6573     99.438     34.324  50131.432    31.1983     5.4999     34.000     5.4985    24.6080     9.7036    13.8674    135.345    422.955    433.363    0.02822    7.16952   10.24596  312.50073     5.4974   16.07703 8.5050e-02     0.2618     1.1339 0.0000e+00
        403  13.605065    0.02795     1.6769    100.615     35.333  50134.602    31.2006     5.5030     35.000     5.5024    24.6094     9.7683    13.9598    136.259    425.772    436.250    0.02448    7.16889   10.24506  312.47269     5.5003   16.07569 7.4943e-02     0.2591     1.0992 0.0000e+00
        408  13.605079    0.02828     1.6970    101.817     36.344  50135.360    31.2017     5.5080     36.000     5.5066    24.6097     9.8212    14.0355    137.015    428.080    438.615    0.02094    7.16798   10.24375  312.43296     5.5053   16.07379 6.6855e-02     0.2687     1.0601 0.0000e+00
        413  13.605094    0.02864     1.7184    103.103     37.353  50132.506    31.1996     5.5098     37.000     5.5065    24.6079     9.8524    14.0801    137.454    429.441    440.008    0.01645    7.16777   10.24346  312.42441     5.5071   16.07339 6.0341e-02     0.2542     1.0297 0.0000e+00
        418  13.605108    0.02899     1.7392    104.350     38.363  50137.005    31.2021     5.5094     38.000     5.5079    24.6099     9.8672    14.1012    137.661    430.083    440.666    0.01227    7.16772   10.24339  312.42183     5.5065   16.07326 5.5142e-02     0.2445     1.0069 0.0000e+00
        423  13.605122    0.02932     1.7590    105.537     39.372  50137.415    31.2027     5.5130     39.000     5.5109    24.6099     9.8784    14.1173    137.831    430.574    441.171    0.00941    7.16707   10.24247  312.39355     5.5101   16.07191 5.1027e-02     0.2585     1.0549 0.0000e+00
        428  13.605135    0.02963     1.7781    106.685     40.381  50139.348    31.2039     5.5151     40.000     5.5133    24.6107     9.8824    14.1228    137.894    430.745    441.346    0.00692    7.16667   10.24188  312.37556     5.5121   16.07105 4.7645e-02     0.2626     1.0220 0.0000e+00
        432  13.605148    0.02993     1.7957    107.743     41.391  50138.845    31.2035     5.5172     41.000     5.5145    24.6101     9.8891    14.1326    137.995    431.041    441.649    0.00539    7.16632   10.24139  312.36069     5.5141   16.07034 4.5031e-02     0.2518     1.0237 0.0000e+00
        436  13.605159    0.03021     1.8127    108.762     42.401  50138.857    31.2031     5.5176     42.000     5.5145    24.6098     9.9006    14.1489    138.155    431.540    442.160    0.00482    7.16627   10.24132  312.35865     5.5145   16.07025 4.2887e-02     0.2448     1.0299 0.0000e+00
        440  13.605172    0.03050     1.8299    109.792     43.411  50139.217    31.2029     5.5178     43.000     5.5145    24.6096     9.8988    14.1464    138.131    431.463    442.081    0.00336    7.16625   10.24129  312.35774     5.5146   16.07020 4.1115e-02     0.2509     1.0572 0.0000e+00
        444  13.605183    0.03078     1.8471    110.825     44.420  50138.849    31.2021     5.5173     44.000     5.5135    24.6091     9.8878    14.1307    137.975    430.982    441.588    0.00156    7.16637   10.24145  312.36300     5.5141   16.07046 3.9698e-02     0.2593     1.0680 0.0000e+00
        448  13.605195    0.03107     1.8643    111.861     45.430  50139.512    31.2019     5.5164     45.000     5.5127    24.6090     9.8687    14.1034    137.706    430.152    440.737   -0.00034    7.16655   10.24171  312.37081     5.5130   16.07084 3.8632e-02     0.2483     1.0356 0.0000e+00
        452  13.605207    0.03135     1.8812    112.870     46.439  50144.998    31.2053     5.5170     46.000     5.5156    24.6117     9.8412    14.0641    137.327    428.952    439.509   -0.00236    7.16628   10.24133  312.35845     5.5135   16.07023 3.8094e-02     0.2506     1.0199 0.0000e+00
        457  13.605219    0.03164     1.8980    113.880     47.449  50147.378    31.2074     5.5217     47.000     5.5204    24.6129     9.8088    14.0177    136.891    427.538    438.061   -0.00413    7.16538   10.24004  312.31886     5.5181   16.06834 3.7991e-02     0.2447     1.0110 0.0000e+00
        461  13.605232    0.03195     1.9168    115.011     48.458  50147.210    31.2078     5.5264     48.000     5.5241    24.6126     9.7586    13.9461    136.206    425.350    435.820   -0.00651    7.16457   10.23888  312.28341     5.5227   16.06665 3.7978e-02     0.2320     0.9926 0.0000e+00
        466  13.605246    0.03229     1.9374    116.246     49.469  50146.939    31.2077     5.5292     49.000     5.5260    24.6122     9.6757    13.8277    135.060    421.741    432.120   -0.01043    7.16409   10.23820  312.26286     5.5254   16.06567 3.7976e-02     0.2369     0.9879 0.0000e+00
        471  13.605260    0.03263     1.9576    117.456     50.478  50147.803    31.2080     5.5305     50.000     5.5273    24.6123     9.5827    13.6946    133.764    417.681    427.961   -0.01405    7.16385   10.23786  312.25219     5.5267   16.06516 3.7976e-02     0.2472     1.0190 0.0000e+00
        475  13.605272    0.03292     1.9752    118.511     51.488  50150.510    31.2098     5.5321     51.000     5.5298    24.6135     9.5046    13.5830    132.681    414.277    424.474   -0.01611    7.16348   10.23733  312.23591     5.5283   16.06438 3.7976e-02     0.2511     1.0147 0.0000e+00
        479  13.605284    0.03321     1.9925    119.548     52.498  50152.208    31.2112     5.5357     52.000     5.5334    24.6142     9.4278    13.4732    131.622    410.930    421.046   -0.01747    7.16281   10.23638  312.20659     5.5318   16.06297 3.7976e-02     0.2694     1.0215 0.0000e+00
        483  13.605296    0.03350     2.0100    120.601     53.507  50153.929    31.2126     5.5393     53.000     5.5373    24.6150     9.3317    13.3360    130.292    406.743    416.755   -0.01976    7.16213   10.23540  312.17640     5.5353   16.06153 3.7976e-02     0.2793     1.0380 0.0000e+00
