CTD-processing/allCTD/CNV/2021_06-21_ab_s07_cast069_4141.cnv
* Sea-Bird SBE19plus Data File:
* FileName = C:\Users\steve\Desktop\GWA\CTD\2021_06-21_AB\2021_06-21_AB_S0_cast069.hex
* Software Version 1.59
* Temperature SN =  4141
* Conductivity SN =  4141
* System UpLoad Time = Jun 23 2021 10:12:08
** Cook Inlet LTM AlongBay
** Date: 06-21-2021
** Station:S07
** Start Time (AKDT):12:10
** Depth (m):149
** Comment:
** Comment:
# nquan = 27
# nvalues = 145                         
# units = specified
# name 0 = scan: Scan Count
# name 1 = timeJ: Julian Days
# name 2 = timeH: Time, Elapsed [hours]
# name 3 = timeM: Time, Elapsed [minutes]
# name 4 = timeS: Time, Elapsed [seconds]
# name 5 = prdM: Pressure, Strain Gauge [db]
# name 6 = specc: Specific Conductance [uS/cm]
# name 7 = sal00: Salinity, Practical [PSU]
# name 8 = tv290C: Temperature [ITS-90, deg C]
# name 9 = depSM: Depth [salt water, m], lat = 59.00
# name 10 = potemp090C: Potential Temperature [ITS-90, deg C]
# name 11 = sigma-é00: Density [sigma-theta, kg/m^3]
# name 12 = sbeox0ML/L: Oxygen, SBE 43 [ml/l]
# name 13 = sbeox0Mg/L: Oxygen, SBE 43 [mg/l]
# name 14 = sbeox0PS: Oxygen, SBE 43 [% saturation]
# name 15 = sbox0Mm/Kg: Oxygen, SBE 43 [umol/kg]
# name 16 = sbeox0Mm/L: Oxygen, SBE 43 [umol/l]
# name 17 = sbox0dV/dT: Oxygen, SBE 43 [dov/dt]
# name 18 = oxsolML/L: Oxygen Saturation, Garcia & Gordon [ml/l]
# name 19 = oxsolMg/L: Oxygen Saturation, Garcia & Gordon [mg/l]
# name 20 = oxsolMm/Kg: Oxygen Saturation, Garcia & Gordon [umol/kg]
# name 21 = n2satMg/L: Nitrogen Saturation [mg/l]
# name 22 = par: PAR/Irradiance, Biospherical/Licor
# name 23 = wetStar: Fluorescence, WET Labs WETstar [mg/m^3]
# name 24 = CStarAt0: Beam Attenuation, WET Labs C-Star [1/m]
# name 25 = CStarTr0: Beam Transmission, WET Labs C-Star [%]
# name 26 = flag: flag
# span 0 =        303,        961       
# span 1 = 172.507817, 172.509722       
# span 2 =    0.02095,    0.06668       
# span 3 =     1.2569,     4.0008       
# span 4 =     75.415,    240.050       
# span 5 =      1.023,    146.370       
# span 6 =  40090.608,  50832.327       
# span 7 =    25.0572,    31.7043       
# span 8 =     5.6709,    11.1181       
# span 9 =      1.000,    145.000       
# span 10 =     5.6593,    11.1102      
# span 11 =    19.0277,    24.9562      
# span 12 =     6.8860,     7.8057      
# span 13 =     9.8408,    11.1551      
# span 14 =     96.739,    115.219      
# span 15 =    300.049,    340.306      
# span 16 =    307.531,    348.601      
# span 17 =   -0.02835,    0.03163      
# span 18 =    6.48549,    7.11851      
# span 19 =    9.26841,   10.17306      
# span 20 =  283.51032,  310.17188      
# span 21 =   14.70377,   15.96424      
# span 22 = -4.796e-02, 4.1022e+02      
# span 23 =     0.1783,     4.5352      
# span 24 =     0.3828,     2.4680      
# span 25 =    53.9554,    90.8753      
# span 26 = 0.0000e+00, 0.0000e+00      
# interval = meters: 1                  
# start_time = Jun 21 2021 12:10:00 [Instrument's time stamp, header]
# bad_flag = -9.990e-29
*END*
[from data line 108]
        789 172.509225    0.05472     3.2833    196.998    110.058  50742.780    31.6436     5.7984    109.000     5.7903    24.9262     6.9340     9.9094     97.689    302.141    309.672   -0.00319    7.09799   10.14373  309.28664   15.92214 4.8748e-02     0.2414     0.7676    82.5385 0.0000e+00
        794 172.509238    0.05505     3.3027    198.165    111.068  50742.450    31.6432     5.7998    110.000     5.7921    24.9258     6.9248     9.8962     97.563    301.740    309.261   -0.00297    7.09776   10.14341  309.27713   15.92169 4.8673e-02     0.2091     0.7715    82.4582 0.0000e+00
        798 172.509251    0.05537     3.3222    199.330    112.079  50756.252    31.6536     5.8065    111.000     5.8047    24.9332     6.9175     9.8859     97.483    301.423    308.938   -0.00270    7.09615   10.14112  309.20483   15.91820 4.8591e-02     0.1859     0.7681    82.5284 0.0000e+00
        803 172.509265    0.05569     3.3417    200.501    113.087  50736.412    31.6411     5.8153    112.000     5.8040    24.9223     6.9241     9.8952     97.587    301.710    309.230   -0.00148    7.09528   10.13986  309.16977   15.91659 4.8523e-02     0.2137     0.7715    82.4582 0.0000e+00
        808 172.509279    0.05603     3.3620    201.723    114.096  50730.699    31.6344     5.8038    113.000     5.7877    24.9184     6.9220     9.8923     97.528    301.623    309.139   -0.00138    7.09752   10.14306  309.26848   15.92132 4.8658e-02     0.1950     0.7748    82.3898 0.0000e+00
        813 172.509295    0.05641     3.3843    203.055    115.111  50752.963    31.6470     5.7920    114.000     5.7868    24.9297     6.9192     9.8883     97.469    301.495    309.012   -0.00135    7.09890   10.14503  309.32539   15.92397 4.8695e-02     0.2000     0.7731    82.4259 0.0000e+00
        818 172.509308    0.05674     3.4039    204.234    116.115  50759.054    31.6539     5.8082    115.000     5.8078    24.9333     6.9175     9.8857     97.485    301.418    308.933   -0.00099    7.09586   10.14070  309.19206   15.91759 4.8543e-02     0.2298     0.7818    82.2473 0.0000e+00
        823 172.509323    0.05707     3.4245    205.471    117.133  50744.852    31.6471     5.8254    116.000     5.8188    24.9259     6.9209     9.8906     97.569    301.568    309.085   -0.00031    7.09330   10.13703  309.08249   15.91240 4.8636e-02     0.2613     0.7710    82.4685 0.0000e+00
        827 172.509335    0.05737     3.4424    206.544    118.134  50737.010    31.6416     5.8274    117.000     5.8165    24.9213     6.9196     9.8889     97.553    301.517    309.032   -0.00038    7.09322   10.13692  309.08063   15.91234 4.8526e-02     0.2144     0.7698    82.4945 0.0000e+00
        832 172.509348    0.05770     3.4617    207.699    119.150  50734.032    31.6381     5.8230    118.000     5.8085    24.9191     6.9234     9.8942     97.593    301.680    309.198   -0.00016    7.09413   10.13822  309.12094   15.91427 4.8582e-02     0.2072     0.7776    82.3340 0.0000e+00
        836 172.509361    0.05801     3.4801    208.808    120.156  50737.714    31.6377     5.8102    119.000     5.7947    24.9203     6.9239     9.8950     97.571    301.705    309.224   -0.00027    7.09628   10.14129  309.21425   15.91872 4.8428e-02     0.2836     0.7835    82.2117 0.0000e+00
        841 172.509375    0.05833     3.4999    209.995    121.171  50741.339    31.6367     5.7952    120.000     5.7787    24.9213     6.9229     9.8935     97.521    301.658    309.175   -0.00051    7.09884   10.14496  309.32557   15.92402 4.8638e-02     0.2945     0.7971    81.9329 0.0000e+00
        845 172.509388    0.05864     3.5184    211.103    122.176  50731.645    31.6254     5.7746    121.000     5.7514    24.9147     6.9200     9.8893     97.425    301.533    309.045   -0.00095    7.10283   10.15065  309.50135   15.93245 4.8492e-02     0.2287     0.7970    81.9354 0.0000e+00
        850 172.509401    0.05896     3.5377    212.262    123.188  50749.963    31.6320     5.7473    122.000     5.7298    24.9232     6.9155     9.8829     97.304    301.336    308.846   -0.00134    7.10709   10.15675  309.68449   15.94114 4.8552e-02     0.2045     0.7984    81.9052 0.0000e+00
        855 172.509415    0.05929     3.5571    213.425    124.197  50765.884    31.6397     5.7336    123.000     5.7216    24.9309     6.9143     9.8812     97.261    301.282    308.793   -0.00139    7.10903   10.15950  309.76630   15.94501 4.8634e-02     0.2049     0.7960    81.9550 0.0000e+00
        859 172.509428    0.05961     3.5768    214.607    125.209  50768.970    31.6405     5.7291    124.000     5.7172    24.9320     6.9306     9.9045     97.480    301.992    309.522    0.00004    7.10976   10.16055  309.79773   15.94650 4.8683e-02     0.2220     0.8064    81.7427 0.0000e+00
        864 172.509442    0.05994     3.5962    215.774    126.217  50773.616    31.6425     5.7258    125.000     5.7145    24.9341     6.9072     9.8710     97.144    300.970    308.474   -0.00135    7.11022   10.16122  309.81744   15.94743 4.8562e-02     0.1812     0.8162    81.5420 0.0000e+00
        869 172.509456    0.06028     3.6167    217.000    127.229  50775.580    31.6423     5.7202    126.000     5.7076    24.9345     6.8860     9.8408     96.834    300.049    307.531   -0.00280    7.11117   10.16257  309.85861   15.94940 4.8551e-02     0.1783     0.8336    81.1883 0.0000e+00
        874 172.509470    0.06061     3.6365    218.189    128.235  50782.893    31.6461     5.7164    127.000     5.7065    24.9379     6.9087     9.8733     97.147    301.037    308.544   -0.00069    7.11162   10.16322  309.87739   15.95027 4.8360e-02     0.2060     0.8536    80.7839 0.0000e+00
        879 172.509486    0.06099     3.6595    219.568    129.255  50783.700    31.6465     5.7181    128.000     5.7092    24.9381     6.9080     9.8722     97.141    301.006    308.512   -0.00038    7.11132   10.16278  309.86405   15.94963 4.8525e-02     0.2260     0.8485    80.8851 0.0000e+00
        884 172.509499    0.06130     3.6780    220.680    130.254  50778.315    31.6420     5.7166    129.000     5.7025    24.9347     6.8989     9.8591     97.006    300.606    308.102   -0.00105    7.11177   10.16343  309.88465   15.95064 4.8337e-02     0.2187     0.8560    80.7361 0.0000e+00
        889 172.509514    0.06167     3.7002    222.014    131.273  50787.209    31.6455     5.7060    130.000     5.6933    24.9387     6.9000     9.8608     97.000    300.657    308.155   -0.00085    7.11340   10.16576  309.95456   15.95395 4.8478e-02     0.1846     0.8909    80.0322 0.0000e+00
        894 172.509528    0.06201     3.7207    223.243    132.278  50790.339    31.6462     5.7015    131.000     5.6890    24.9398     6.8951     9.8537     96.921    300.441    307.934   -0.00100    7.11412   10.16680  309.98582   15.95544 4.8392e-02     0.1989     0.9052    79.7476 0.0000e+00
        899 172.509542    0.06234     3.7406    224.437    133.290  50796.176    31.6489     5.6969    132.000     5.6863    24.9424     6.8917     9.8489     96.864    300.293    307.783   -0.00120    7.11477   10.16772  310.01311   15.95673 4.8440e-02     0.1919     0.9185    79.4831 0.0000e+00
        903 172.509556    0.06267     3.7604    225.623    134.299  50796.431    31.6485     5.6965    133.000     5.6858    24.9422     6.8936     9.8517     96.890    300.377    307.869   -0.00074    7.11486   10.16785  310.01715   15.95692 4.8337e-02     0.2079     0.9256    79.3436 0.0000e+00
        908 172.509570    0.06301     3.7803    226.821    135.311  50798.927    31.6496     5.6960    134.000     5.6850    24.9431     6.8912     9.8482     96.856    300.271    307.761   -0.00078    7.11488   10.16787  310.01763   15.95694 4.8405e-02     0.1857     0.9276    79.3019 0.0000e+00
        913 172.509582    0.06331     3.7989    227.932    136.315  50800.757    31.6501     5.6949    135.000     5.6823    24.9437     6.8943     9.8526     96.897    300.405    307.898   -0.00048    7.11504   10.16810  310.02435   15.95726 4.8267e-02     0.1923     0.9449    78.9596 0.0000e+00
        918 172.509598    0.06367     3.8202    229.209    137.330  50810.647    31.6548     5.6867    136.000     5.6726    24.9484     6.8971     9.8566     96.920    300.526    308.023   -0.00025    7.11620   10.16976  310.07359   15.95958 4.8235e-02     0.1985     0.9691    78.4842 0.0000e+00
        923 172.509612    0.06402     3.8411    230.466    138.340  50819.684    31.6595     5.6813    137.000     5.6702    24.9527     6.8944     9.8528     96.873    300.407    307.903   -0.00049    7.11689   10.17075  310.10254   15.96095 4.8324e-02     0.1939     1.0277    77.3437 0.0000e+00
        928 172.509627    0.06437     3.8620    231.719    139.350  50819.993    31.6589     5.6798    138.000     5.6676    24.9524     6.8954     9.8542     96.884    300.451    307.948   -0.00034    7.11718   10.17116  310.11506   15.96154 4.8415e-02     0.1941     1.0640    76.6447 0.0000e+00
        933 172.509641    0.06471     3.8827    232.959    140.360  50822.815    31.6597     5.6769    139.000     5.6651    24.9535     6.8952     9.8540     96.876    300.445    307.942   -0.00038    7.11761   10.17179  310.13389   15.96244 4.8242e-02     0.2000     1.0970    76.0152 0.0000e+00
        938 172.509655    0.06505     3.9027    234.164    141.370  50825.805    31.6611     5.6755    140.000     5.6650    24.9547     6.8965     9.8558     96.891    300.499    307.997   -0.00021    7.11780   10.17204  310.14121   15.96278 4.8366e-02     0.1948     1.1055    75.8537 0.0000e+00
        942 172.509668    0.06537     3.9220    235.317    142.379  50824.233    31.6598     5.6767    141.000     5.6651    24.9535     6.8923     9.8498     96.833    300.314    307.809   -0.00053    7.11765   10.17183  310.13527   15.96250 4.8255e-02     0.2037     1.1117    75.7363 0.0000e+00
        947 172.509682    0.06569     3.9411    236.468    143.392  50826.091    31.6602     5.6749    142.000     5.6632    24.9541     6.8935     9.8516     96.847    300.369    307.864   -0.00035    7.11792   10.17221  310.14675   15.96305 4.8467e-02     0.1900     1.1057    75.8493 0.0000e+00
        951 172.509695    0.06600     3.9602    237.612    144.397  50828.222    31.6608     5.6730    143.000     5.6607    24.9547     6.8903     9.8470     96.799    300.230    307.722   -0.00057    7.11822   10.17266  310.16000   15.96368 4.8142e-02     0.2138     1.1324    75.3435 0.0000e+00
        956 172.509709    0.06635     3.9812    238.874    145.412  50831.563    31.6621     5.6711    144.000     5.6598    24.9561     6.8895     9.8458     96.783    300.193    307.684   -0.00055    7.11848   10.17302  310.17081   15.96419 4.8326e-02     0.2207     1.1538    74.9431 0.0000e+00
        961 172.509722    0.06668     4.0008    240.050    146.370  50832.327    31.6622     5.6709    145.000     5.6593    24.9562     6.8864     9.8414     96.739    300.057    307.546   -0.00065    7.11851   10.17306  310.17188   15.96424 4.7469e-02     0.2006     1.1808    74.4357 0.0000e+00
