CTD-processing/allCTD/CNV/2021_04-16_t9_s03_cast028_5028.cnv
* Sea-Bird SBE19plus Data File:
* FileName = C:\Users\steve\Desktop\GWA\CTD\2021_04-16_T9\2021_04-16_T9_S0_cast028.hex
* Software Version 1.59
* Temperature SN =  5028
* Conductivity SN =  5028
* System UpLoad Time = Apr 17 2021 13:10:54
** Cook Inlet LTM T9
** Date: 04-16-2021
** Station:S02
** Start Time (AKDT):16:57
** Depth (m):96
** Comment:
** Comment:
# nquan = 27
# nvalues = 90                          
# units = specified
# name 0 = scan: Scan Count
# name 1 = timeJ: Julian Days
# name 2 = timeH: Time, Elapsed [hours]
# name 3 = timeM: Time, Elapsed [minutes]
# name 4 = timeS: Time, Elapsed [seconds]
# name 5 = prdM: Pressure, Strain Gauge [db]
# name 6 = specc: Specific Conductance [uS/cm]
# name 7 = sal00: Salinity, Practical [PSU]
# name 8 = tv290C: Temperature [ITS-90, deg C]
# name 9 = depSM: Depth [salt water, m], lat = 59.00
# name 10 = potemp090C: Potential Temperature [ITS-90, deg C]
# name 11 = sigma-é00: Density [sigma-theta, kg/m^3]
# name 12 = sbeox0ML/L: Oxygen, SBE 43 [ml/l]
# name 13 = sbeox0Mg/L: Oxygen, SBE 43 [mg/l]
# name 14 = sbeox0PS: Oxygen, SBE 43 [% saturation]
# name 15 = sbox0Mm/Kg: Oxygen, SBE 43 [umol/kg]
# name 16 = sbeox0Mm/L: Oxygen, SBE 43 [umol/l]
# name 17 = sbox0dV/dT: Oxygen, SBE 43 [dov/dt]
# name 18 = oxsolML/L: Oxygen Saturation, Garcia & Gordon [ml/l]
# name 19 = oxsolMg/L: Oxygen Saturation, Garcia & Gordon [mg/l]
# name 20 = oxsolMm/Kg: Oxygen Saturation, Garcia & Gordon [umol/kg]
# name 21 = potemp090C: Potential Temperature [ITS-90, deg C]
# name 22 = n2satMg/L: Nitrogen Saturation [mg/l]
# name 23 = par: PAR/Irradiance, Biospherical/Licor
# name 24 = flECO-AFL: Fluorescence, WET Labs ECO-AFL/FL [mg/m^3]
# name 25 = turbWETntu0: Turbidity, WET Labs ECO [NTU]
# name 26 = flag: flag
# span 0 =        146,        674       
# span 1 = 106.707006, 106.708533       
# span 2 =    0.01008,    0.04673       
# span 3 =     0.6047,     2.8037       
# span 4 =     36.279,    168.224       
# span 5 =      1.009,     90.870       
# span 6 =  47746.137,  51709.094       
# span 7 =    29.4241,    31.8298       
# span 8 =     3.4258,     4.0736       
# span 9 =      1.000,     90.000       
# span 10 =     3.4237,     4.0050      
# span 11 =    23.3497,    25.2993      
# span 12 =     6.9486,     7.6154      
# span 13 =     9.9303,    10.8831      
# span 14 =     92.516,    101.413      
# span 15 =    303.295,    331.773      
# span 16 =    310.325,    340.103      
# span 17 =   -0.00192,    0.02826      
# span 18 =    7.44888,    7.51618      
# span 19 =   10.64521,   10.74137      
# span 20 =  324.60654,  328.10475      
# span 21 =     3.4248,     4.0736      
# span 22 =   16.65270,   16.82665      
# span 23 = 3.7976e-02, 3.4813e+02      
# span 24 =     0.1878,     0.5774      
# span 25 =     0.5663,     2.0254      
# span 26 = 0.0000e+00, 0.0000e+00      
# interval = meters: 1                  
# start_time = Apr 16 2021 16:57:29 [Instrument's time stamp, header]
# bad_flag = -9.990e-29
*END*
        146 106.707006    0.01008     0.6047     36.279      1.009  47746.137    29.4241     4.0736      1.000     4.0050    23.3497     6.9486     9.9303     92.516    303.295    310.325    0.01587    7.51618   10.74137  328.10475     4.0736   16.82665 2.8815e+02     0.2337     2.0254 0.0000e+00
        286 106.707411    0.01982     1.1892     71.353      2.018  50735.521    31.2745     3.8928      2.000     3.8104    24.8338     7.3634    10.5230     98.852    320.880    328.848    0.02826    7.44888   10.64521  324.60654     3.8927   16.65270 3.4813e+02     0.1878     1.1725 0.0000e+00
        291 106.707425    0.02015     1.2089     72.532      3.028  50975.843    31.3979     3.7310      3.000     3.6745    24.9469     7.4014    10.5773     99.052    322.499    330.544    0.02172    7.47219   10.67850  325.58554     3.7308   16.69874 2.6845e+02     0.3259     1.1638 0.0000e+00
        295 106.707437    0.02044     1.2259     73.556      4.038  51120.653    31.4700     3.6251      4.000     3.5848    25.0140     7.4203    10.6043     99.096    323.301    331.388    0.01618    7.48797   10.70105  326.25164     3.6248   16.73011 1.9819e+02     0.3748     1.0854 0.0000e+00
        299 106.707449    0.02073     1.2436     74.619      5.047  51217.652    31.5165     3.5483      5.000     3.5262    25.0578     7.4158    10.5980     98.881    323.094    331.190    0.01079    7.49973   10.71786  326.75033     3.5480   16.75363 1.5225e+02     0.4068     1.0151 0.0000e+00
        304 106.707462    0.02103     1.2618     75.709      6.056  51268.353    31.5408     3.5099      6.000     3.5027    25.0807     7.4100    10.5897     98.727    322.834    330.931    0.00669    7.50558   10.72624  326.99812     3.5096   16.76531 1.1601e+02     0.4548     0.9804 0.0000e+00
        308 106.707474    0.02133     1.2798     76.786      7.066  51282.146    31.5470     3.4996      7.000     3.4979    25.0866     7.4400    10.6325     99.105    324.140    332.271    0.00673    7.50718   10.72851  327.06563     3.4991   16.76849 9.0782e+01     0.4895     0.9627 0.0000e+00
        313 106.707488    0.02165     1.2990     77.942      8.076  51283.188    31.5469     3.4981      8.000     3.4966    25.0866     7.4665    10.6703     99.454    325.292    333.452    0.00653    7.50747   10.72893  327.07827     3.4975   16.76909 7.1023e+01     0.5114     0.9631 0.0000e+00
        317 106.707501    0.02196     1.3180     79.077      9.085  51285.387    31.5472     3.4953      9.000     3.4932    25.0871     7.5041    10.7242     99.949    326.933    335.135    0.00702    7.50795   10.72962  327.09929     3.4948   16.77009 5.5904e+01     0.5425     0.9610 0.0000e+00
        322 106.707515    0.02230     1.3379     80.276     10.095  51295.416    31.5525     3.4912     10.000     3.4882    25.0916     7.5534    10.7947    100.600    329.080    337.337    0.00825    7.50845   10.73033  327.11941     3.4906   16.77102 4.4265e+01     0.5532     0.9629 0.0000e+00
        327 106.707528    0.02261     1.3567     81.401     11.104  51308.620    31.5596     3.4860     11.000     3.4844    25.0978     7.5851    10.8399    101.013    330.458    338.752    0.00794    7.50904   10.73117  327.14319     3.4854   16.77212 3.5177e+01     0.5693     0.9751 0.0000e+00
        331 106.707540    0.02291     1.3746     82.478     12.113  51307.809    31.5584     3.4856     12.000     3.4845    25.0969     7.6144    10.8817    101.401    331.732    340.058    0.00785    7.50917   10.73136  327.14927     3.4849   16.77242 2.8205e+01     0.5751     1.0007 0.0000e+00
        335 106.707552    0.02319     1.3917     83.502     13.123  51329.109    31.5713     3.4814     13.000     3.4726    25.1076     7.6154    10.8831    101.413    331.773    340.103    0.00596    7.50930   10.73154  327.15135     3.4806   16.77246 2.2624e+01     0.5753     1.0169 0.0000e+00
        339 106.707564    0.02348     1.4087     84.522     14.133  51397.508    31.6122     3.4615     14.000     3.4479    25.1419     7.6089    10.8738    101.304    331.478    339.812    0.00386    7.51090   10.73383  327.21019     3.4607   16.77510 1.8180e+01     0.5718     0.9928 0.0000e+00
        343 106.707575    0.02376     1.4256     85.534     15.142  51464.935    31.6514     3.4375     15.000     3.4290    25.1753     7.5908    10.8479    101.030    330.678    339.002    0.00148    7.51334   10.73731  327.30579     3.4366   16.77949 1.4699e+01     0.5468     0.9656 0.0000e+00
        347 106.707587    0.02404     1.4422     86.533     16.151  51495.278    31.6685     3.4258     16.000     3.4237    25.1900     7.5665    10.8132    100.690    329.617    337.919   -0.00072    7.51463   10.73915  327.35724     3.4248   16.78186 1.1958e+01     0.5267     0.9572 0.0000e+00
        351 106.707599    0.02432     1.4593     87.555     17.162  51506.888    31.6760     3.4262     17.000     3.4284    25.1958     7.5493    10.7887    100.467    328.866    337.152   -0.00179    7.51418   10.73851  327.33566     3.4252   16.78081 9.7548e+00     0.5059     0.9537 0.0000e+00
        355 106.707611    0.02459     1.4757     88.542     18.171  51511.879    31.6809     3.4341     18.000     3.4391    25.1991     7.5409    10.7768    100.379    328.501    336.778   -0.00192    7.51246   10.73606  327.25987     3.4330   16.77718 7.9706e+00     0.4978     0.9203 0.0000e+00
        359 106.707622    0.02488     1.4927     89.563     19.180  51509.646    31.6821     3.4467     19.000     3.4509    25.1989     7.5448    10.7823    100.462    328.669    336.951   -0.00113    7.51007   10.73264  327.15579     3.4456   16.77223 6.5140e+00     0.5169     0.9104 0.0000e+00
        363 106.707634    0.02517     1.5101     90.605     20.189  51514.694    31.6879     3.4583     20.000     3.4660    25.2025     7.5500    10.7897    100.564    328.894    337.183   -0.00033    7.50764   10.72916  327.04856     3.4571   16.76711 5.3160e+00     0.5443     0.9273 0.0000e+00
        368 106.707646    0.02546     1.5273     91.637     21.199  51517.379    31.6943     3.4787     21.000     3.4863    25.2058     7.5542    10.7957    100.675    329.076    337.370    0.00021    7.50354   10.72330  326.86888     3.4774   16.75855 4.3374e+00     0.5592     0.9678 0.0000e+00
        372 106.707659    0.02576     1.5457     92.744     22.209  51508.614    31.6919     3.4945     22.000     3.4969    25.2024     7.5572    10.8000    100.752    329.207    337.503    0.00056    7.50075   10.71932  326.74856     3.4932   16.75284 3.5463e+00     0.5679     1.0018 0.0000e+00
        376 106.707672    0.02607     1.5641     93.846     23.218  51504.911    31.6904     3.5007     23.000     3.4998    25.2007     7.5584    10.8017    100.783    329.259    337.557    0.00049    7.49967   10.71777  326.70192     3.4994   16.75062 2.8940e+00     0.5774     0.9948 0.0000e+00
        381 106.707685    0.02639     1.5831     94.986     24.228  51504.537    31.6895     3.5001     24.000     3.4979    25.2000     7.5632    10.8086    100.845    329.469    337.772    0.00059    7.49983   10.71800  326.70926     3.4987   16.75098 2.3670e+00     0.5756     0.9921 0.0000e+00
        386 106.707699    0.02671     1.6024     96.145     25.237  51509.388    31.6920     3.4992     25.000     3.4984    25.2021     7.5637    10.8092    100.851    329.490    337.794    0.00043    7.49987   10.71806  326.71039     3.4977   16.75103 1.9328e+00     0.5640     0.9778 0.0000e+00
        390 106.707711    0.02702     1.6213     97.279     26.247  51513.005    31.6945     3.5013     26.000     3.5007    25.2039     7.5615    10.8062    100.829    329.396    337.698    0.00011    7.49935   10.71732  326.68715     3.4998   16.74991 1.5816e+00     0.5675     0.9682 0.0000e+00
        395 106.707725    0.02733     1.6399     98.394     27.257  51513.433    31.6947     3.5028     27.000     3.5013    25.2040     7.5630    10.8082    100.852    329.457    337.761    0.00014    7.49906   10.71691  326.67467     3.5012   16.74932 1.2939e+00     0.5524     0.9637 0.0000e+00
        399 106.707737    0.02763     1.6578     99.470     28.265  51518.315    31.6977     3.5040     28.000     3.5040    25.2063     7.5653    10.8117    100.889    329.561    337.869    0.00018    7.49870   10.71638  326.65786     3.5023   16.74851 1.0579e+00     0.5444     0.9622 0.0000e+00
        403 106.707749    0.02792     1.6752    100.514     29.276  51516.636    31.6967     3.5064     29.000     3.5046    25.2052     7.5713    10.8201    100.973    329.821    338.134    0.00053    7.49830   10.71582  326.64109     3.5046   16.74771 8.6981e-01     0.5445     0.9946 0.0000e+00
        407 106.707761    0.02821     1.6928    101.568     30.285  51517.818    31.6969     3.5060     30.000     3.5038    25.2054     7.5703    10.8188    100.960    329.780    338.092    0.00026    7.49836   10.71592  326.64392     3.5042   16.74784 7.1457e-01     0.5518     1.0125 0.0000e+00
        411 106.707773    0.02850     1.7101    102.603     31.294  51519.880    31.6976     3.5055     31.000     3.5037    25.2061     7.5704    10.8189    100.960    329.783    338.096    0.00013    7.49843   10.71600  326.64632     3.5036   16.74796 5.8639e-01     0.5654     0.9866 0.0000e+00
        415 106.707785    0.02878     1.7269    103.617     32.304  51522.290    31.6988     3.5059     32.000     3.5042    25.2070     7.5693    10.8172    100.947    329.732    338.043   -0.00003    7.49829   10.71580  326.63992     3.5039   16.74765 4.8200e-01     0.5345     0.9758 0.0000e+00
        420 106.707797    0.02907     1.7443    104.656     33.314  51529.231    31.7032     3.5065     33.000     3.5044    25.2104     7.5663    10.8130    100.912    329.603    337.912   -0.00026    7.49795   10.71532  326.62400     3.5045   16.74687 3.9705e-01     0.5263     0.9569 0.0000e+00
        424 106.707809    0.02936     1.7615    105.688     34.324  51540.504    31.7101     3.5057     34.000     3.5026    25.2161     7.5661    10.8128    100.912    329.593    337.904   -0.00029    7.49774   10.71502  326.61322     3.5037   16.74633 3.2930e-01     0.5327     0.9321 0.0000e+00
        428 106.707821    0.02964     1.7786    106.719     35.333  51551.114    31.7163     3.5038     35.000     3.5010    25.2212     7.5668    10.8136    100.920    329.618    337.931   -0.00021    7.49778   10.71508  326.61333     3.5017   16.74631 2.7576e-01     0.5164     0.8704 0.0000e+00
        432 106.707833    0.02994     1.7963    107.777     36.343  51556.109    31.7189     3.5026     36.000     3.5000    25.2233     7.5605    10.8047    100.835    329.344    337.651   -0.00065    7.49789   10.71523  326.61716     3.5004   16.74649 2.3274e-01     0.5143     0.8416 0.0000e+00
        436 106.707845    0.03023     1.8138    108.829     37.352  51558.501    31.7199     3.5020     37.000     3.4995    25.2241     7.5612    10.8057    100.843    329.373    337.681   -0.00052    7.49793   10.71529  326.61894     3.4998   16.74657 1.9675e-01     0.5050     0.8455 0.0000e+00
        441 106.707858    0.03053     1.8319    109.915     38.362  51564.205    31.7231     3.5014     38.000     3.4987    25.2268     7.5626    10.8076    100.862    329.433    337.743   -0.00036    7.49788   10.71522  326.61573     3.4991   16.74640 1.6680e-01     0.4963     0.8453 0.0000e+00
        445 106.707871    0.03084     1.8508    111.049     39.372  51573.450    31.7287     3.5009     39.000     3.4987    25.2313     7.5583    10.8016    100.808    329.246    337.554   -0.00055    7.49768   10.71494  326.60595     3.4986   16.74591 1.4251e-01     0.4958     0.8272 0.0000e+00
        450 106.707884    0.03115     1.8688    112.130     40.381  51579.074    31.7322     3.5016     40.000     3.4997    25.2340     7.5510    10.7911    100.715    328.927    337.226   -0.00096    7.49738   10.71450  326.59159     3.4992   16.74521 1.2267e-01     0.5009     0.8182 0.0000e+00
        454 106.707896    0.03145     1.8866    113.197     41.391  51582.452    31.7343     3.5027     41.000     3.5009    25.2356     7.5497    10.7893    100.702    328.869    337.169   -0.00086    7.49706   10.71404  326.57717     3.5003   16.74452 1.0654e-01     0.5003     0.8162 0.0000e+00
        458 106.707908    0.03175     1.9046    114.274     42.401  51588.429    31.7383     3.5046     42.000     3.5036    25.2386     7.5494    10.7888    100.705    328.855    337.155   -0.00067    7.49652   10.71327  326.55279     3.5021   16.74335 9.3098e-02     0.4975     0.8157 0.0000e+00
        462 106.707920    0.03202     1.9213    115.279     43.410  51594.831    31.7429     3.5080     43.000     3.5072    25.2420     7.5465    10.7847    100.678    328.727    337.025   -0.00071    7.49564   10.71201  326.51333     3.5055   16.74145 8.2119e-02     0.4805     0.8117 0.0000e+00
        467 106.707933    0.03233     1.9396    116.376     44.420  51596.470    31.7444     3.5113     44.000     3.5093    25.2429     7.5440    10.7811    100.654    328.620    336.916   -0.00069    7.49498   10.71108  326.48441     3.5086   16.74008 7.3174e-02     0.4850     0.7938 0.0000e+00
        470 106.707944    0.03260     1.9561    117.368     45.430  51598.420    31.7455     3.5126     45.000     3.5102    25.2436     7.5423    10.7787    100.635    328.544    336.838   -0.00069    7.49468   10.71064  326.47102     3.5099   16.73943 6.5998e-02     0.4961     0.7725 0.0000e+00
        475 106.707956    0.03291     1.9744    118.461     46.439  51599.947    31.7462     3.5132     46.000     3.5105    25.2441     7.5424    10.7788    100.639    328.548    336.842   -0.00057    7.49452   10.71043  326.46414     3.5104   16.73910 6.0191e-02     0.5063     0.7456 0.0000e+00
        479 106.707969    0.03319     1.9914    119.484     47.450  51601.343    31.7466     3.5133     47.000     3.5105    25.2445     7.5448    10.7823    100.672    328.657    336.953   -0.00033    7.49448   10.71036  326.46201     3.5105   16.73900 5.5450e-02     0.4934     0.7508 0.0000e+00
        483 106.707981    0.03348     2.0090    120.538     48.459  51603.644    31.7477     3.5134     48.000     3.5104    25.2453     7.5473    10.7858    100.705    328.762    337.062   -0.00014    7.49442   10.71028  326.45918     3.5105   16.73886 5.1613e-02     0.4888     0.7470 0.0000e+00
        488 106.707994    0.03379     2.0273    121.638     49.468  51605.740    31.7486     3.5133     49.000     3.5103    25.2461     7.5456    10.7834    100.683    328.688    336.986   -0.00025    7.49438   10.71022  326.45714     3.5104   16.73876 4.8456e-02     0.5087     0.7624 0.0000e+00
        492 106.708005    0.03408     2.0445    122.671     50.478  51608.016    31.7496     3.5131     50.000     3.5098    25.2468     7.5405    10.7760    100.615    328.464    336.757   -0.00060    7.49438   10.71022  326.45697     3.5101   16.73875 4.5832e-02     0.4991     0.7617 0.0000e+00
        496 106.708018    0.03438     2.0629    123.774     51.487  51611.419    31.7512     3.5124     51.000     3.5090    25.2482     7.5393    10.7744    100.599    328.414    336.706   -0.00062    7.49442   10.71028  326.45833     3.5093   16.73881 4.3664e-02     0.5008     0.7607 0.0000e+00
        500 106.708031    0.03468     2.0808    124.849     52.497  51614.536    31.7527     3.5120     52.000     3.5088    25.2494     7.5465    10.7846    100.694    328.725    337.025   -0.00006    7.49442   10.71028  326.45789     3.5089   16.73878 4.1891e-02     0.5069     0.7558 0.0000e+00
        505 106.708043    0.03499     2.0992    125.953     53.507  51616.940    31.7538     3.5119     53.000     3.5087    25.2503     7.5497    10.7893    100.738    328.866    337.170    0.00014    7.49438   10.71022  326.45583     3.5087   16.73867 4.0442e-02     0.5074     0.7353 0.0000e+00
