CTD-processing/allCTD/CNV/2021_12-18_t9_s05_cast037_4141.cnv
* Sea-Bird SBE19plus Data File:
* FileName = C:\Users\steve\Desktop\GWA\CTD\2021_12-18_T9\2021_12-18_T9_S0_cast037.hex
* Software Version 1.59
* Temperature SN =  4141
* Conductivity SN =  4141
* System UpLoad Time = Dec 22 2021 14:32:52
** Cook Inlet LTM T9
** Date: 12-18-2021
** Station:S05
** Start Time (AKST):14:28
** Depth (m):102
** Comment:
** Comment:
# nquan = 27
# nvalues = 98                          
# units = specified
# name 0 = scan: Scan Count
# name 1 = timeJ: Julian Days
# name 2 = timeH: Time, Elapsed [hours]
# name 3 = timeM: Time, Elapsed [minutes]
# name 4 = timeS: Time, Elapsed [seconds]
# name 5 = prdM: Pressure, Strain Gauge [db]
# name 6 = specc: Specific Conductance [uS/cm]
# name 7 = sal00: Salinity, Practical [PSU]
# name 8 = tv290C: Temperature [ITS-90, deg C]
# name 9 = depSM: Depth [salt water, m], lat = 59.00
# name 10 = potemp090C: Potential Temperature [ITS-90, deg C]
# name 11 = sigma-é00: Density [sigma-theta, kg/m^3]
# name 12 = sbeox0ML/L: Oxygen, SBE 43 [ml/l]
# name 13 = sbeox0Mg/L: Oxygen, SBE 43 [mg/l]
# name 14 = sbeox0PS: Oxygen, SBE 43 [% saturation]
# name 15 = sbox0Mm/Kg: Oxygen, SBE 43 [umol/kg]
# name 16 = sbeox0Mm/L: Oxygen, SBE 43 [umol/l]
# name 17 = sbox0dV/dT: Oxygen, SBE 43 [dov/dt]
# name 18 = oxsolML/L: Oxygen Saturation, Garcia & Gordon [ml/l]
# name 19 = oxsolMg/L: Oxygen Saturation, Garcia & Gordon [mg/l]
# name 20 = oxsolMm/Kg: Oxygen Saturation, Garcia & Gordon [umol/kg]
# name 21 = n2satMg/L: Nitrogen Saturation [mg/l]
# name 22 = par: PAR/Irradiance, Biospherical/Licor
# name 23 = wetStar: Fluorescence, WET Labs WETstar [mg/m^3]
# name 24 = CStarAt0: Beam Attenuation, WET Labs C-Star [1/m]
# name 25 = CStarTr0: Beam Transmission, WET Labs C-Star [%]
# name 26 = flag: flag
# span 0 =        281,        721       
# span 1 = 352.603610, 352.604884       
# span 2 =    0.01942,    0.05001       
# span 3 =     1.1651,     3.0005       
# span 4 =     69.905,    180.030       
# span 5 =      1.016,     98.926       
# span 6 =  50584.131,  50950.160       
# span 7 =    31.0906,    31.2794       
# span 8 =     2.9128,     4.2723       
# span 9 =      1.000,     98.000       
# span 10 =     2.9028,     4.2712      
# span 11 =    24.7291,    24.8315      
# span 12 =     6.9482,     7.2360      
# span 13 =     9.9296,    10.3410      
# span 14 =     94.127,     95.314      
# span 15 =    302.797,    315.341      
# span 16 =    310.306,    323.160      
# span 17 =   -0.00267,    0.03514      
# span 18 =    7.38022,    7.63940      
# span 19 =   10.54706,   10.91746      
# span 20 =  321.62458,  332.92094      
# span 21 =   16.51090,   17.04842      
# span 22 = 3.6905e-02, 1.0091e+01      
# span 23 =     0.1636,     0.2012      
# span 24 =     0.4936,     1.0063      
# span 25 =    77.7589,    88.3907      
# span 26 = 0.0000e+00, 0.0000e+00      
# interval = meters: 1                  
# start_time = Dec 18 2021 14:28:02 [Instrument's time stamp, header]
# bad_flag = -9.990e-29
*END*
[from data line 54]
        524 352.604315    0.03635     2.1810    130.859     55.527  50609.380    31.2316     4.1912     55.000     4.1607    24.7716     7.0354    10.0543     95.112    306.606    314.201   -0.00057    7.39695   10.57098  322.36243   16.54617 3.6908e-02     0.1737     0.5137    87.9478 0.0000e+00
        529 352.604328    0.03665     2.1991    131.946     56.536  50630.601    31.2317     4.1314     56.000     4.1062    24.7774     7.0358    10.0547     94.979    306.618    314.215   -0.00118    7.40772   10.58637  322.82996   16.56840 3.6908e-02     0.1766     0.5280    87.6343 0.0000e+00
        533 352.604340    0.03695     2.2172    133.031     57.546  50685.691    31.2641     4.1119     57.000     4.1111    24.8051     7.0360    10.0552     94.958    306.623    314.229   -0.00114    7.40962   10.58908  322.90391   16.57179 3.6908e-02     0.1712     0.5400    87.3720 0.0000e+00
        537 352.604353    0.03725     2.2351    134.108     58.554  50636.000    31.2275     4.1022     58.000     4.0751    24.7770     7.0487    10.0734     95.084    307.186    314.797   -0.00027    7.41320   10.59419  323.06853   16.57976 3.6908e-02     0.1673     0.5503    87.1465 0.0000e+00
        542 352.604366    0.03756     2.2537    135.223     59.567  50674.227    31.2403     4.0478     59.000     4.0370    24.7923     7.0470    10.0709     94.942    307.106    314.720   -0.00096    7.42240   10.60736  323.46495   16.59856 3.6908e-02     0.1637     0.5539    87.0694 0.0000e+00
        546 352.604379    0.03787     2.2717    136.304     60.574  50688.402    31.2495     4.0481     60.000     4.0427    24.7996     7.0496    10.0744     94.983    307.212    314.831   -0.00072    7.42189   10.60662  323.44026   16.59735 3.6908e-02     0.1977     0.5585    86.9689 0.0000e+00
        551 352.604391    0.03817     2.2903    137.417     61.585  50633.150    31.2079     4.0332     61.000     3.9972    24.7679     7.0620    10.0923     95.089    307.765    315.388    0.00007    7.42668   10.61346  323.65897   16.60792 3.6908e-02     0.1703     0.5610    86.9126 0.0000e+00
        555 352.604404    0.03847     2.3084    138.502     62.595  50699.113    31.2402     3.9819     62.000     3.9672    24.7985     7.0544    10.0815     94.890    307.427    315.050   -0.00104    7.43435   10.62443  323.98378   16.62323 3.6908e-02     0.1728     0.5690    86.7396 0.0000e+00
        559 352.604417    0.03878     2.3268    139.607     63.603  50584.131    31.1442     3.9093     63.000     3.8454    24.7291     7.0694    10.1029     94.860    308.099    315.718   -0.00094    7.45238   10.65020  324.79167   16.66204 3.6908e-02     0.1669     0.5926    86.2299 0.0000e+00
        564 352.604430    0.03909     2.3454    140.724     64.615  50718.462    31.2158     3.8290     64.000     3.8191    24.7935     7.0619    10.0922     94.621    307.755    315.386   -0.00211    7.46343   10.66599  325.25262   16.68366 3.6908e-02     0.1732     0.6071    85.9176 0.0000e+00
        568 352.604443    0.03940     2.3639    141.835     65.622  50686.758    31.1915     3.8195     65.000     3.7777    24.7750     7.0799    10.1179     94.823    308.543    316.187   -0.00071    7.46640   10.67023  325.38793   16.69019 3.6908e-02     0.1654     0.6088    85.8835 0.0000e+00
        573 352.604456    0.03972     2.3831    142.986     66.634  50697.249    31.1709     3.7068     66.000     3.6730    24.7689     7.0927    10.1362     94.720    309.106    316.762   -0.00098    7.48810   10.70124  326.33538   16.73531 3.6908e-02     0.1744     0.6323    85.3777 0.0000e+00
        577 352.604469    0.04003     2.4018    144.110     67.643  50794.491    31.2291     3.6767     67.000     3.6855    24.8179     7.0852    10.1254     94.587    308.761    316.424   -0.00169    7.49067   10.70492  326.43215   16.73967 3.6908e-02     0.1754     0.6548    84.9004 0.0000e+00
        582 352.604483    0.04036     2.4216    145.297     68.653  50717.012    31.1757     3.6757     68.000     3.6422    24.7755     7.1063    10.1556     94.832    309.695    317.367   -0.00005    7.49359   10.70908  326.57241   16.74655 3.6908e-02     0.1678     0.6681    84.6180 0.0000e+00
        587 352.604496    0.04069     2.4411    146.468     69.663  50656.682    31.1123     3.5861     69.000     3.5170    24.7332     7.1078    10.1577     94.603    309.773    317.434   -0.00118    7.51334   10.73731  327.44695   16.78837 3.6908e-02     0.1698     0.6840    84.2836 0.0000e+00
        592 352.604510    0.04101     2.4608    147.648     70.673  50817.806    31.1868     3.4481     70.000     3.4425    24.8047     7.1075    10.1574     94.326    309.739    317.423   -0.00235    7.53513   10.76844  328.37339   16.83210 3.6908e-02     0.1736     0.7258    83.4064 0.0000e+00
        596 352.604523    0.04133     2.4799    148.794     71.683  50706.538    31.1095     3.4422     71.000     3.3835    24.7436     7.1265    10.1845     94.514    310.584    318.270   -0.00111    7.54015   10.77564  328.61224   16.84376 3.6908e-02     0.1685     0.7413    83.0835 0.0000e+00
        601 352.604536    0.04165     2.4988    149.929     72.692  50800.430    31.1481     3.3445     72.000     3.3217    24.7829     7.1381    10.2011     94.464    311.079    318.789   -0.00104    7.55639   10.79885  329.30742   16.87664 3.6908e-02     0.1729     0.7609    82.6765 0.0000e+00
        605 352.604550    0.04197     2.5183    151.099     73.701  50870.614    31.1897     3.3229     73.000     3.3307    24.8178     7.1453    10.2113     94.535    311.379    319.107   -0.00063    7.55831   10.80157  329.37948   16.87989 3.6908e-02     0.1720     0.7688    82.5130 0.0000e+00
        610 352.604563    0.04229     2.5374    152.241     74.713  50842.155    31.1748     3.3424     74.000     3.3390    24.8043     7.1645    10.2388     94.826    312.222    319.966    0.00085    7.55541   10.79744  329.25779   16.87418 3.6908e-02     0.1706     0.7693    82.5046 0.0000e+00
        614 352.604576    0.04260     2.5558    153.348     75.720  50832.173    31.1673     3.3414     75.000     3.3319    24.7984     7.1718    10.2492     94.916    312.542    320.292    0.00103    7.55597   10.79825  329.28413   16.87546 3.6908e-02     0.1850     0.7700    82.4895 0.0000e+00
        619 352.604590    0.04293     2.5759    154.551     76.733  50841.189    31.1703     3.3309     76.000     3.3250    24.8017     7.1740    10.2524     94.922    312.638    320.392    0.00075    7.55779   10.80084  329.36217   16.87915 3.6908e-02     0.1697     0.7738    82.4110 0.0000e+00
        624 352.604603    0.04325     2.5951    155.704     77.739  50895.327    31.2088     3.3404     77.000     3.3630    24.8315     7.1715    10.2488     94.936    312.518    320.278    0.00056    7.55403   10.79547  329.18892   16.87076 3.6908e-02     0.1647     0.7705    82.4792 0.0000e+00
        629 352.604617    0.04359     2.6152    156.912     78.753  50840.734    31.1866     3.4012     78.000     3.4020    24.8086     7.1769    10.2565     95.136    312.762    320.521    0.00126    7.54384   10.78090  328.75194   16.85009 3.6908e-02     0.1719     0.7556    82.7881 0.0000e+00
        633 352.604631    0.04391     2.6345    158.067     79.760  50821.959    31.1747     3.4063     79.000     3.3995    24.7986     7.1750    10.2538     95.115    312.681    320.436    0.00093    7.54350   10.78042  328.74059   16.84960 3.6908e-02     0.1740     0.7572    82.7534 0.0000e+00
        638 352.604644    0.04423     2.6535    159.210     80.770  50835.725    31.1837     3.4073     80.000     3.4058    24.8058     7.1593    10.2312     94.914    311.991    319.731   -0.00031    7.54285   10.77950  328.70994   16.84811 3.6908e-02     0.1722     0.7540    82.8206 0.0000e+00
        642 352.604657    0.04454     2.6725    160.349     81.781  50803.380    31.1620     3.4102     81.000     3.3917    24.7883     7.1587    10.2305     94.900    311.975    319.709   -0.00038    7.54342   10.78031  328.74035   16.84964 3.6908e-02     0.1659     0.7536    82.8281 0.0000e+00
        647 352.604670    0.04485     2.6913    161.479     82.792  50812.681    31.1588     3.3741     82.000     3.3575    24.7888     7.1578    10.2292     94.801    311.934    319.667   -0.00079    7.55033   10.79017  329.04095   16.86393 3.6908e-02     0.1730     0.7584    82.7283 0.0000e+00
        651 352.604683    0.04516     2.7098    162.588     83.800  50849.934    31.1792     3.3569     83.000     3.3551    24.8065     7.1536    10.2232     94.719    311.746    319.479   -0.00113    7.55246   10.79323  329.12860   16.86802 3.6908e-02     0.1755     0.7656    82.5820 0.0000e+00
        656 352.604696    0.04548     2.7289    163.735     84.811  50829.614    31.1642     3.3540     84.000     3.3442    24.7948     7.1639    10.2380     94.840    312.202    319.944   -0.00035    7.55378   10.79511  329.18971   16.87098 3.6908e-02     0.1718     0.7643    82.6056 0.0000e+00
        660 352.604709    0.04579     2.7478    164.870     85.819  50889.129    31.2055     3.3600     85.000     3.3774    24.8272     7.1646    10.2390     94.889    312.221    319.973   -0.00007    7.55054   10.79048  329.03813   16.86361 3.6908e-02     0.1708     0.7690    82.5090 0.0000e+00
        665 352.604722    0.04612     2.7670    166.020     86.828  50725.357    31.0946     3.3621     86.000     3.2904    24.7388     7.1784    10.2587     95.005    312.851    320.590    0.00048    7.55586   10.79807  329.29816   16.87642 3.6908e-02     0.1702     0.7591    82.7136 0.0000e+00
        670 352.604737    0.04647     2.7878    167.271     87.841  50824.608    31.1210     3.2031     87.000     3.1725    24.7733     7.1572    10.2284     94.369    311.913    319.641   -0.00267    7.58427   10.83868  330.52523   16.93461 3.6908e-02     0.1689     0.7952    81.9713 0.0000e+00
        675 352.604750    0.04679     2.8074    168.446     88.849  50801.464    31.0906     3.1480     88.000     3.0992    24.7538     7.1629    10.2366     94.296    312.170    319.898   -0.00258    7.59624   10.85578  331.05313   16.95981 3.6908e-02     0.1728     0.8267    81.3268 0.0000e+00
        680 352.604765    0.04713     2.8282    169.693     89.860  50900.390    31.1388     3.0777     89.000     3.0606    24.7980     7.1782    10.2583     94.363    312.820    320.577   -0.00169    7.60697   10.87113  331.50677   16.98117 3.6908e-02     0.1755     0.8720    80.4140 0.0000e+00
        684 352.604778    0.04746     2.8478    170.866     90.869  50885.071    31.1106     3.0108     90.000     2.9860    24.7810     7.2002    10.2899     94.477    313.785    321.561   -0.00077    7.62111   10.89133  332.12819   17.01079 3.6908e-02     0.1739     0.9076    79.7018 0.0000e+00
        689 352.604792    0.04779     2.8673    172.039     91.882  50928.549    31.1317     2.9811     91.000     2.9719    24.8003     7.2047    10.2962     94.479    313.973    321.760   -0.00078    7.62565   10.89781  332.31976   17.01981 3.6908e-02     0.1701     0.9198    79.4568 0.0000e+00
        694 352.604805    0.04811     2.8864    173.182     92.890  50930.680    31.1305     2.9731     92.000     2.9639    24.8000     7.2186    10.3161     94.643    314.582    322.384    0.00013    7.62722   10.90005  332.38828   17.02307 3.6908e-02     0.1717     0.9336    79.1841 0.0000e+00
        698 352.604818    0.04842     2.9051    174.305     93.898  50927.100    31.1248     2.9622     93.000     2.9505    24.7962     7.2255    10.3260     94.703    314.883    322.691    0.00031    7.62959   10.90345  332.49293   17.02806 3.6908e-02     0.1690     0.9445    78.9687 0.0000e+00
        703 352.604831    0.04873     2.9237    175.420     94.907  50950.160    31.1370     2.9515     94.000     2.9501    24.8069     7.2248    10.3250     94.677    314.850    322.661    0.00008    7.63100   10.90546  332.55087   17.03077 3.6908e-02     0.1755     0.9488    78.8838 0.0000e+00
        707 352.604845    0.04906     2.9432    176.592     95.922  50935.728    31.1290     2.9601     95.000     2.9503    24.7998     7.2279    10.3293     94.733    314.986    322.797    0.00021    7.62978   10.90371  332.49979   17.02837 3.6908e-02     0.1728     0.9501    78.8567 0.0000e+00
        712 352.604857    0.04936     2.9617    177.702     96.928  50938.310    31.1266     2.9463     96.000     2.9361    24.7990     7.2302    10.3326     94.728    315.083    322.896    0.00009    7.63253   10.90764  332.62003   17.03409 3.6908e-02     0.1726     0.9602    78.6586 0.0000e+00
        716 352.604871    0.04968     2.9808    178.849     97.938  50936.005    31.1209     2.9328     97.000     2.9192    24.7956     7.2356    10.3403     94.763    315.321    323.139    0.00019    7.63539   10.91173  332.74566   17.04008 3.6908e-02     0.1795     0.9785    78.3010 0.0000e+00
        721 352.604884    0.05001     3.0005    180.030     98.926  50938.799    31.1171     2.9128     98.000     2.9028    24.7942     7.2360    10.3410     94.720    315.341    323.160   -0.00016    7.63940   10.91746  332.92094   17.04842 3.6908e-02     0.1802     1.0063    77.7589 0.0000e+00
