CTD-processing/allCTD/CNV/2021_09-17_t4_s05_cast162_4141.cnv
* Sea-Bird SBE19plus Data File:
* FileName = C:\Users\steve\Desktop\GWA\CTD\2021_09-17_T4\2021_09-17_T4_S0_cast162.hex
* Software Version 1.59
* Temperature SN =  4141
* Conductivity SN =  4141
* System UpLoad Time = Sep 18 2021 12:24:55
** Cook Inlet LTM T4
** Date: 09-17-2021
** Station:S05
** Start Time (AKDT):11:43
** Depth (m):80
** Comment:
** Comment:
# nquan = 27
# nvalues = 74                          
# units = specified
# name 0 = scan: Scan Count
# name 1 = timeJ: Julian Days
# name 2 = timeH: Time, Elapsed [hours]
# name 3 = timeM: Time, Elapsed [minutes]
# name 4 = timeS: Time, Elapsed [seconds]
# name 5 = prdM: Pressure, Strain Gauge [db]
# name 6 = specc: Specific Conductance [uS/cm]
# name 7 = sal00: Salinity, Practical [PSU]
# name 8 = tv290C: Temperature [ITS-90, deg C]
# name 9 = depSM: Depth [salt water, m], lat = 59.00
# name 10 = potemp090C: Potential Temperature [ITS-90, deg C]
# name 11 = sigma-é00: Density [sigma-theta, kg/m^3]
# name 12 = sbeox0ML/L: Oxygen, SBE 43 [ml/l]
# name 13 = sbeox0Mg/L: Oxygen, SBE 43 [mg/l]
# name 14 = sbeox0PS: Oxygen, SBE 43 [% saturation]
# name 15 = sbox0Mm/Kg: Oxygen, SBE 43 [umol/kg]
# name 16 = sbeox0Mm/L: Oxygen, SBE 43 [umol/l]
# name 17 = sbox0dV/dT: Oxygen, SBE 43 [dov/dt]
# name 18 = oxsolML/L: Oxygen Saturation, Garcia & Gordon [ml/l]
# name 19 = oxsolMg/L: Oxygen Saturation, Garcia & Gordon [mg/l]
# name 20 = oxsolMm/Kg: Oxygen Saturation, Garcia & Gordon [umol/kg]
# name 21 = n2satMg/L: Nitrogen Saturation [mg/l]
# name 22 = par: PAR/Irradiance, Biospherical/Licor
# name 23 = wetStar: Fluorescence, WET Labs WETstar [mg/m^3]
# name 24 = CStarAt0: Beam Attenuation, WET Labs C-Star [1/m]
# name 25 = CStarTr0: Beam Transmission, WET Labs C-Star [%]
# name 26 = flag: flag
# span 0 =        303,        653       
# span 1 = 260.488873, 260.489882       
# span 2 =    0.02099,    0.04525       
# span 3 =     1.2598,     2.7149       
# span 4 =     75.587,    162.898       
# span 5 =      1.010,     74.680       
# span 6 =  47698.320,  48508.599       
# span 7 =    30.2639,    30.7865       
# span 8 =    10.0952,    10.2705       
# span 9 =      1.000,     74.000       
# span 10 =    10.0871,    10.2662      
# span 11 =    23.2173,    23.6498      
# span 12 =     5.4547,     6.0307      
# span 13 =     7.7952,     8.6184      
# span 14 =     84.254,     93.180      
# span 15 =    237.978,    263.215      
# span 16 =    243.606,    269.330      
# span 17 =   -0.00779,    0.00110      
# span 18 =    6.45973,    6.47748      
# span 19 =    9.23160,    9.25696      
# span 20 =  281.88171,  282.69635      
# span 21 =   14.61817,   14.65806      
# span 22 = 8.1650e-02, 1.4078e+02      
# span 23 =     0.1336,     0.9929      
# span 24 =     0.2495,     1.2457      
# span 25 =    73.2383,    93.9535      
# span 26 = 0.0000e+00, 0.0000e+00      
# interval = meters: 1                  
# start_time = Sep 17 2021 11:42:43 [Instrument's time stamp, header]
# bad_flag = -9.990e-29
*END*
[from data line 54]
        561 260.489619    0.03890     2.3341    140.045     55.529  48133.027    30.5508    10.2658     55.000    10.2587    23.4378     5.6764     8.1122     87.873    247.703    253.509   -0.00012    6.45980    9.23169  281.88776   14.61862 6.1060e-01     0.2726     0.3589    91.4191 0.0000e+00
        566 260.489632    0.03922     2.3530    141.181     56.533  48153.265    30.5643    10.2623     56.000    10.2529    23.4489     5.6713     8.1048     87.794    247.476    253.279   -0.00041    6.45973    9.23160  281.88171   14.61828 5.4433e-01     0.2934     0.3646    91.2891 0.0000e+00
        571 260.489647    0.03959     2.3758    142.548     57.550  48163.818    30.5703    10.2544     57.000    10.2461    23.4549     5.6513     8.0762     87.473    246.603    252.387   -0.00227    6.46060    9.23284  281.91798   14.61999 4.8980e-01     0.2613     0.3891    90.7301 0.0000e+00
        576 260.489661    0.03992     2.3953    143.719     58.548  48169.057    30.5733    10.2518     58.000    10.2449    23.4576     5.6477     8.0712     87.415    246.447    252.228   -0.00189    6.46084    9.23319  281.92780   14.62045 4.3887e-01     0.2483     0.3980    90.5287 0.0000e+00
        581 260.489677    0.04030     2.4180    145.080     59.572  48170.094    30.5735    10.2511     59.000    10.2436    23.4579     5.6445     8.0666     87.364    246.308    252.086   -0.00168    6.46092    9.23330  281.93115   14.62061 3.9289e-01     0.2555     0.3986    90.5158 0.0000e+00
        586 260.489690    0.04062     2.4373    146.238     60.570  48173.473    30.5751    10.2477     60.000    10.2402    23.4597     5.6484     8.0722     87.419    246.477    252.259   -0.00086    6.46135    9.23391  281.94931   14.62147 3.5308e-01     0.2460     0.3883    90.7495 0.0000e+00
        591 260.489706    0.04099     2.4593    147.557     61.591  48182.887    30.5811    10.2468     61.000    10.2400    23.4647     5.6525     8.0779     87.483    246.650    252.438   -0.00034    6.46123    9.23374  281.94275   14.62113 3.1760e-01     0.2458     0.3877    90.7619 0.0000e+00
        596 260.489718    0.04130     2.4778    148.670     62.591  48198.044    30.5916    10.2483     62.000    10.2420    23.4726     5.6526     8.0782     87.494    246.657    252.447   -0.00014    6.46058    9.23281  281.91215   14.61963 2.8779e-01     0.2471     0.4095    90.2698 0.0000e+00
        601 260.489733    0.04164     2.4985    149.909     63.609  48209.685    30.5994    10.2491     63.000    10.2414    23.4786     5.6424     8.0635     87.341    246.208    251.989   -0.00099    6.46013    9.23218  281.89126   14.61859 2.5780e-01     0.2355     0.4198    90.0364 0.0000e+00
        605 260.489746    0.04195     2.5173    151.037     64.609  48227.401    30.6112    10.2465     64.000    10.2339    23.4882     5.6241     8.0374     87.060    245.407    251.171   -0.00235    6.46001    9.23201  281.88332   14.61817 2.3357e-01     0.2323     0.4175    90.0899 0.0000e+00
        610 260.489760    0.04229     2.5377    152.263     65.627  48303.585    30.6620    10.2259     65.000    10.2094    23.5311     5.6108     8.0184     86.843    244.816    250.577   -0.00297    6.46082    9.23317  281.90694   14.61909 2.1084e-01     0.2147     0.4354    89.6890 0.0000e+00
        615 260.489773    0.04262     2.5573    153.435     66.631  48338.875    30.6844    10.2101     66.000    10.1984    23.5513     5.6083     8.0149     86.788    244.705    250.468   -0.00250    6.46212    9.23501  281.95761   14.62142 1.9118e-01     0.1964     0.4896    88.4807 0.0000e+00
        620 260.489789    0.04298     2.5785    154.712     67.651  48364.312    30.7005    10.1980     67.000    10.1801    23.5658     5.6063     8.0119     86.742    244.611    250.376   -0.00182    6.46317    9.23650  281.99931   14.62336 1.7173e-01     0.1777     0.5446    87.2700 0.0000e+00
        624 260.489800    0.04324     2.5949    155.695     68.645  48404.107    30.7249    10.1719     68.000    10.1500    23.5891     5.5914     7.9907     86.476    243.957    249.712   -0.00293    6.46584    9.24033  282.10966   14.62854 1.5445e-01     0.1790     0.6167    85.7169 0.0000e+00
        629 260.489816    0.04362     2.6175    157.048     69.670  48456.650    30.7568    10.1344     69.000    10.1174    23.6202     5.5651     7.9531     86.016    242.803    248.538   -0.00452    6.46981    9.24600  282.27439   14.63630 1.3780e-01     0.1531     0.7607    82.6880 0.0000e+00
        634 260.489828    0.04394     2.6362    158.172     70.671  48479.281    30.7703    10.1177     70.000    10.1031    23.6334     5.5278     7.8997     85.416    241.171    246.871   -0.00658    6.47162    9.24859  282.34957   14.63984 1.2211e-01     0.1441     0.9036    79.7848 0.0000e+00
        638 260.489842    0.04427     2.6559    159.355     71.684  48497.334    30.7809    10.1033     71.000    10.0921    23.6439     5.4939     7.8513     84.872    239.690    245.358   -0.00779    6.47322    9.25088  282.41671   14.64301 1.0854e-01     0.1443     0.9912    78.0545 0.0000e+00
        643 260.489855    0.04458     2.6749    160.495     72.688  48504.032    30.7845    10.0981     72.000    10.0893    23.6476     5.4735     7.8221     84.548    238.798    244.445   -0.00743    6.47381    9.25173  282.44138   14.64416 9.7255e-02     0.1477     1.1316    75.3628 0.0000e+00
        648 260.489870    0.04493     2.6961    161.766     73.706  48506.610    30.7857    10.0961     73.000    10.0874    23.6489     5.4627     7.8067     84.379    238.328    243.964   -0.00604    6.47405    9.25206  282.45138   14.64464 8.8527e-02     0.1410     1.1945    74.1848 0.0000e+00
        653 260.489882    0.04525     2.7149    162.898     74.680  48508.599    30.7865    10.0952     74.000    10.0871    23.6498     5.4547     7.7952     84.254    237.978    243.606   -0.00479    6.47412    9.25217  282.45446   14.64478 8.1650e-02     0.1336     1.2457    73.2383 0.0000e+00
