CTD-processing/allCTD/CNV/2021_12-18_ab_s10_cast031_4141.cnv
* Sea-Bird SBE19plus Data File:
* FileName = C:\Users\steve\Desktop\GWA\CTD\2021_12-18_AB\2021_12-18_AB_S0_cast031.hex
* Software Version 1.59
* Temperature SN =  4141
* Conductivity SN =  4141
* System UpLoad Time = Dec 22 2021 14:24:44
** Cook Inlet LTM AB
** Date: 12-18-2021
** Station:S10
** Start Time (AKST):13:04
** Depth (m):66
** Comment:
** Comment:
# nquan = 27
# nvalues = 64                          
# units = specified
# name 0 = scan: Scan Count
# name 1 = timeJ: Julian Days
# name 2 = timeH: Time, Elapsed [hours]
# name 3 = timeM: Time, Elapsed [minutes]
# name 4 = timeS: Time, Elapsed [seconds]
# name 5 = prdM: Pressure, Strain Gauge [db]
# name 6 = specc: Specific Conductance [uS/cm]
# name 7 = sal00: Salinity, Practical [PSU]
# name 8 = tv290C: Temperature [ITS-90, deg C]
# name 9 = depSM: Depth [salt water, m], lat = 59.00
# name 10 = potemp090C: Potential Temperature [ITS-90, deg C]
# name 11 = sigma-é00: Density [sigma-theta, kg/m^3]
# name 12 = sbeox0ML/L: Oxygen, SBE 43 [ml/l]
# name 13 = sbeox0Mg/L: Oxygen, SBE 43 [mg/l]
# name 14 = sbeox0PS: Oxygen, SBE 43 [% saturation]
# name 15 = sbox0Mm/Kg: Oxygen, SBE 43 [umol/kg]
# name 16 = sbeox0Mm/L: Oxygen, SBE 43 [umol/l]
# name 17 = sbox0dV/dT: Oxygen, SBE 43 [dov/dt]
# name 18 = oxsolML/L: Oxygen Saturation, Garcia & Gordon [ml/l]
# name 19 = oxsolMg/L: Oxygen Saturation, Garcia & Gordon [mg/l]
# name 20 = oxsolMm/Kg: Oxygen Saturation, Garcia & Gordon [umol/kg]
# name 21 = n2satMg/L: Nitrogen Saturation [mg/l]
# name 22 = par: PAR/Irradiance, Biospherical/Licor
# name 23 = wetStar: Fluorescence, WET Labs WETstar [mg/m^3]
# name 24 = CStarAt0: Beam Attenuation, WET Labs C-Star [1/m]
# name 25 = CStarTr0: Beam Transmission, WET Labs C-Star [%]
# name 26 = flag: flag
# span 0 =        328,        619       
# span 1 = 352.545286, 352.546130       
# span 2 =    0.02269,    0.04294       
# span 3 =     1.3614,     2.5763       
# span 4 =     81.685,    154.579       
# span 5 =      1.015,     64.568       
# span 6 =  50859.467,  50917.365       
# span 7 =    31.1062,    31.1125       
# span 8 =     2.8694,     2.8998       
# span 9 =      1.000,     64.000       
# span 10 =     2.8657,     2.8986      
# span 11 =    24.7869,    24.7921      
# span 12 =     7.2004,     7.2620      
# span 13 =    10.2900,    10.3781      
# span 14 =     94.200,     95.003      
# span 15 =    313.790,    316.476      
# span 16 =    321.568,    324.322      
# span 17 =   -0.00068,    0.00245      
# span 18 =    7.64236,    7.64813      
# span 19 =   10.92169,   10.92994      
# span 20 =  333.05209,  333.30257      
# span 21 =   17.05468,   17.06658      
# span 22 = 3.6908e-02, 3.0611e+01      
# span 23 =     0.1670,     0.2130      
# span 24 =     0.7944,     0.9384      
# span 25 =    79.0888,    81.9866      
# span 26 = 0.0000e+00, 0.0000e+00      
# interval = meters: 1                  
# start_time = Dec 18 2021 13:03:51 [Instrument's time stamp, header]
# bad_flag = -9.990e-29
*END*
[from data line 54]
        576 352.546004    0.03993     2.3957    143.742     55.526  50907.822    31.1082     2.8738     55.000     2.8697    24.7900     7.2589    10.3738     94.922    316.342    324.185   -0.00011    7.64729   10.92875  333.26647   17.06486 3.6908e-02     0.1702     0.8738    80.3769 0.0000e+00
        581 352.546018    0.04026     2.4152    144.914     56.539  50910.687    31.1091     2.8718     56.000     2.8682    24.7909     7.2574    10.3716     94.898    316.278    324.117   -0.00026    7.64763   10.92922  333.28062   17.06553 3.6908e-02     0.1758     0.8938    79.9749 0.0000e+00
        585 352.546030    0.04057     2.4338    146.026     57.545  50912.951    31.1099     2.8711     57.000     2.8681    24.7916     7.2545    10.3674     94.859    316.147    323.985   -0.00046    7.64771   10.92935  333.28421   17.06570 3.6908e-02     0.1808     0.9072    79.7081 0.0000e+00
        590 352.546044    0.04089     2.4534    147.206     58.555  50912.083    31.1086     2.8705     58.000     2.8667    24.7907     7.2541    10.3668     94.851    316.130    323.967   -0.00039    7.64789   10.92959  333.29202   17.06608 3.6908e-02     0.1753     0.9136    79.5814 0.0000e+00
        595 352.546058    0.04122     2.4732    148.393     59.565  50914.036    31.1092     2.8694     59.000     2.8662    24.7911     7.2552    10.3685     94.863    316.180    324.019   -0.00038    7.64807   10.92986  333.29998   17.06646 3.6908e-02     0.1752     0.9180    79.4923 0.0000e+00
        599 352.546072    0.04155     2.4930    149.579     60.574  50915.758    31.1098     2.8696     60.000     2.8666    24.7918     7.2537    10.3663     94.845    316.114    323.951   -0.00033    7.64800   10.92975  333.29653   17.06629 3.6908e-02     0.1726     0.9268    79.3188 0.0000e+00
        604 352.546086    0.04189     2.5135    150.813     61.585  50915.644    31.1094     2.8701     61.000     2.8668    24.7913     7.2546    10.3675     94.856    316.151    323.989   -0.00029    7.64792   10.92965  333.29350   17.06614 3.6908e-02     0.1735     0.9278    79.2983 0.0000e+00
        609 352.546100    0.04224     2.5346    152.075     62.594  50915.974    31.1090     2.8698     62.000     2.8663    24.7910     7.2582    10.3727     94.904    316.309    324.151   -0.00004    7.64800   10.92975  333.29672   17.06629 3.6908e-02     0.1753     0.9318    79.2190 0.0000e+00
        614 352.546115    0.04259     2.5554    153.325     63.605  50917.365    31.1094     2.8696     63.000     2.8662    24.7913     7.2569    10.3707     94.885    316.251    324.091   -0.00018    7.64801   10.92978  333.29740   17.06633 3.6908e-02     0.1729     0.9316    79.2237 0.0000e+00
        619 352.546130    0.04294     2.5763    154.579     64.568  50916.625    31.1083     2.8694     64.000     2.8657    24.7905     7.2546    10.3675     94.855    316.154    323.992   -0.00028    7.64813   10.92994  333.30257   17.06658 3.6908e-02     0.1695     0.9384    79.0888 0.0000e+00
