CTD-processing/allCTD/CNV/2021_05-01_t6_s20_cast008_4141.cnv
* Sea-Bird SBE19plus Data File:
* FileName = C:\Users\steve\Desktop\GWA\CTD\2021_05-01_T6\2021_05-01_T6_S_cast008.hex
* Software Version 1.59
* Temperature SN =  4141
* Conductivity SN =  4141
* System UpLoad Time = May 02 2021 12:08:35
** Cook Inlet LTM T6
** Date: 05-01-2021
** Station:S20
** Start Time (AKDT):09:45
** Depth (m):177
** Comment:
** Comment:
# nquan = 27
# nvalues = 171                         
# units = specified
# name 0 = scan: Scan Count
# name 1 = timeJ: Julian Days
# name 2 = timeH: Time, Elapsed [hours]
# name 3 = timeM: Time, Elapsed [minutes]
# name 4 = timeS: Time, Elapsed [seconds]
# name 5 = prdM: Pressure, Strain Gauge [db]
# name 6 = specc: Specific Conductance [uS/cm]
# name 7 = sal00: Salinity, Practical [PSU]
# name 8 = tv290C: Temperature [ITS-90, deg C]
# name 9 = depSM: Depth [salt water, m], lat = 59.00
# name 10 = potemp090C: Potential Temperature [ITS-90, deg C]
# name 11 = sigma-é00: Density [sigma-theta, kg/m^3]
# name 12 = sbeox0ML/L: Oxygen, SBE 43 [ml/l]
# name 13 = sbeox0Mg/L: Oxygen, SBE 43 [mg/l]
# name 14 = sbeox0PS: Oxygen, SBE 43 [% saturation]
# name 15 = sbox0Mm/Kg: Oxygen, SBE 43 [umol/kg]
# name 16 = sbeox0Mm/L: Oxygen, SBE 43 [umol/l]
# name 17 = sbox0dV/dT: Oxygen, SBE 43 [dov/dt]
# name 18 = oxsolML/L: Oxygen Saturation, Garcia & Gordon [ml/l]
# name 19 = oxsolMg/L: Oxygen Saturation, Garcia & Gordon [mg/l]
# name 20 = oxsolMm/Kg: Oxygen Saturation, Garcia & Gordon [umol/kg]
# name 21 = n2satMg/L: Nitrogen Saturation [mg/l]
# name 22 = par: PAR/Irradiance, Biospherical/Licor
# name 23 = wetStar: Fluorescence, WET Labs WETstar [mg/m^3]
# name 24 = CStarAt0: Beam Attenuation, WET Labs C-Star [1/m]
# name 25 = CStarTr0: Beam Transmission, WET Labs C-Star [%]
# name 26 = flag: flag
# span 0 =        135,       1102       
# span 1 = 104.406498, 104.409296       
# span 2 =    0.00927,    0.07643       
# span 3 =     0.5564,     4.5859       
# span 4 =     33.384,    275.155       
# span 5 =      1.013,    172.681       
# span 6 =  51589.741,  52056.786       
# span 7 =    32.0794,    32.3468       
# span 8 =     4.8394,     4.9899       
# span 9 =      1.000,    171.000       
# span 10 =     4.8374,     4.9775      
# span 11 =    25.3776,    25.5748      
# span 12 =     5.9214,     6.9365      
# span 13 =     8.4623,     9.9129      
# span 14 =     82.223,     95.817      
# span 15 =    257.857,    302.109      
# span 16 =    264.452,    309.782      
# span 17 =   -0.00773,    0.00066      
# span 18 =    7.20172,    7.24059      
# span 19 =   10.29197,   10.34753      
# span 20 =  313.60822,  315.36298      
# span 21 =   16.12511,   16.20971      
# span 22 = -6.247e-01, 6.2706e+02      
# span 23 =     0.1595,     0.6868      
# span 24 =     0.3194,     0.8233      
# span 25 =    82.0081,    92.3242      
# span 26 = 0.0000e+00, 0.0000e+00      
# interval = meters: 1                  
# start_time = Apr 14 2021 09:44:48 [Instrument's time stamp, header]
# bad_flag = -9.990e-29
*END*
[from data line 108]
        805 104.408437    0.05583     3.3498    200.985    110.056  51845.220    32.2273     4.9677    109.000     4.9638    25.4820     6.5378     9.3432     90.661    284.724    291.980   -0.00089    7.21130   10.30567  314.05405   16.14681 3.6908e-02     0.3113     0.4186    90.0653 0.0000e+00
        810 104.408451    0.05616     3.3695    202.171    111.066  51839.934    32.2250     4.9756    110.000     4.9687    25.4793     6.5301     9.3323     90.570    284.390    291.636   -0.00113    7.21005   10.30388  314.00010   16.14425 3.6908e-02     0.3062     0.4389    89.6088 0.0000e+00
        814 104.408465    0.05649     3.3894    203.363    112.079  51837.256    32.2230     4.9776    111.000     4.9689    25.4776     6.5201     9.3179     90.434    283.953    291.188   -0.00148    7.20979   10.30352  313.98959   16.14376 3.6908e-02     0.2876     0.4473    89.4198 0.0000e+00
        819 104.408479    0.05682     3.4092    204.550    113.087  51837.079    32.2219     4.9752    112.000     4.9656    25.4769     6.5084     9.3011     90.265    283.443    290.663   -0.00199    7.21026   10.30418  314.01006   16.14474 3.6908e-02     0.2841     0.4444    89.4847 0.0000e+00
        824 104.408492    0.05715     3.4291    205.749    114.098  51842.184    32.2245     4.9731    113.000     4.9648    25.4792     6.5019     9.2919     90.173    283.160    290.374   -0.00200    7.21050   10.30452  314.01987   16.14519 3.6908e-02     0.2869     0.4394    89.5949 0.0000e+00
        829 104.408507    0.05750     3.4502    207.009    115.109  51842.008    32.2237     4.9725    114.000     4.9634    25.4787     6.5048     9.2960     90.210    283.285    290.503   -0.00128    7.21064   10.30472  314.02608   16.14550 3.6908e-02     0.2890     0.4332    89.7363 0.0000e+00
        834 104.408521    0.05785     3.4708    208.249    116.117  51850.259    32.2290     4.9729    115.000     4.9666    25.4828     6.5000     9.2892     90.149    283.076    290.290   -0.00129    7.21030   10.30425  314.01051   16.14473 3.6908e-02     0.2794     0.4371    89.6510 0.0000e+00
        839 104.408535    0.05818     3.4909    209.455    117.126  51848.554    32.2282     4.9768    116.000     4.9690    25.4818     6.5007     9.2902     90.166    283.107    290.321   -0.00091    7.20968   10.30336  313.98360   16.14345 3.6908e-02     0.2723     0.4554    89.2398 0.0000e+00
        845 104.408552    0.05858     3.5148    210.886    118.140  51850.087    32.2294     4.9798    117.000     4.9721    25.4824     6.4911     9.2763     90.039    282.686    289.889   -0.00123    7.20909   10.30251  313.95769   16.14221 3.6908e-02     0.2777     0.4669    88.9834 0.0000e+00
        850 104.408567    0.05894     3.5364    212.183    119.150  51854.033    32.2322     4.9824    118.000     4.9749    25.4843     6.4841     9.2665     89.951    282.385    289.581   -0.00140    7.20853   10.30171  313.93256   16.14101 3.6908e-02     0.2672     0.4791    88.7119 0.0000e+00
        854 104.408579    0.05925     3.5548    213.290    120.155  51851.775    32.2305     4.9840    119.000     4.9749    25.4828     6.4810     9.2620     89.910    282.249    289.442   -0.00129    7.20833   10.30142  313.92419   16.14061 3.6908e-02     0.2662     0.4948    88.3655 0.0000e+00
        859 104.408595    0.05961     3.5765    214.589    121.168  51854.253    32.2315     4.9833    120.000     4.9745    25.4837     6.4693     9.2453     89.748    281.741    288.920   -0.00168    7.20839   10.30151  313.92676   16.14073 3.6908e-02     0.2606     0.4936    88.3923 0.0000e+00
        864 104.408609    0.05996     3.5975    215.849    122.181  51856.908    32.2330     4.9837    121.000     4.9753    25.4849     6.4595     9.2312     89.613    281.311    288.480   -0.00200    7.20824   10.30130  313.91990   16.14040 3.6908e-02     0.2573     0.4997    88.2567 0.0000e+00
        869 104.408623    0.06030     3.6177    217.062    123.185  51857.943    32.2333     4.9843    122.000     4.9754    25.4850     6.4566     9.2271     89.574    281.185    288.351   -0.00163    7.20813   10.30114  313.91509   16.14017 3.6908e-02     0.2601     0.5051    88.1375 0.0000e+00
        875 104.408640    0.06069     3.6417    218.499    124.199  51859.178    32.2337     4.9845    123.000     4.9754    25.4853     6.4470     9.2134     89.441    280.767    287.922   -0.00195    7.20809   10.30108  313.91314   16.14007 3.6908e-02     0.2592     0.5062    88.1127 0.0000e+00
        880 104.408654    0.06103     3.6616    219.698    125.214  51860.765    32.2343     4.9844    124.000     4.9753    25.4858     6.4626     9.2357     89.658    281.448    288.621   -0.00006    7.20808   10.30106  313.91231   16.14003 3.6908e-02     0.2530     0.5122    87.9800 0.0000e+00
        884 104.408666    0.06131     3.6786    220.718    126.217  51862.111    32.2347     4.9844    125.000     4.9751    25.4861     6.4410     9.2049     89.359    280.509    287.658   -0.00179    7.20805   10.30104  313.91135   16.13999 3.6908e-02     0.2600     0.5154    87.9106 0.0000e+00
        888 104.408678    0.06161     3.6962    221.770    127.226  51863.706    32.2352     4.9842    126.000     4.9747    25.4866     6.4345     9.1956     89.268    280.223    287.365   -0.00172    7.20805   10.30103  313.91111   16.13998 3.6908e-02     0.2483     0.5176    87.8621 0.0000e+00
        893 104.408691    0.06192     3.7154    222.924    128.240  51866.889    32.2368     4.9836    127.000     4.9737    25.4879     6.4440     9.2091     89.400    280.636    287.789   -0.00092    7.20808   10.30108  313.91222   16.14002 3.6908e-02     0.2458     0.5177    87.8599 0.0000e+00
        897 104.408704    0.06224     3.7343    224.058    129.246  51871.327    32.2391     4.9824    128.000     4.9726    25.4898     6.4338     9.1946     89.257    280.192    287.334   -0.00120    7.20820   10.30124  313.91647   16.14021 3.6908e-02     0.2430     0.5237    87.7273 0.0000e+00
        902 104.408718    0.06256     3.7537    225.223    130.258  51872.853    32.2396     4.9820    129.000     4.9725    25.4903     6.4273     9.1852     89.166    279.907    287.042   -0.00148    7.20823   10.30128  313.91765   16.14027 3.6908e-02     0.2493     0.5230    87.7444 0.0000e+00
        907 104.408733    0.06291     3.7747    226.481    131.266  51873.889    32.2397     4.9819    130.000     4.9722    25.4905     6.4196     9.1743     89.059    279.574    286.701   -0.00161    7.20824   10.30130  313.91813   16.14029 3.6908e-02     0.2438     0.5297    87.5975 0.0000e+00
        912 104.408747    0.06326     3.7958    227.745    132.282  51874.467    32.2396     4.9819    131.000     4.9722    25.4904     6.4177     9.1716     89.033    279.492    286.616   -0.00138    7.20825   10.30130  313.91826   16.14030 3.6908e-02     0.2419     0.5220    87.7666 0.0000e+00
        917 104.408760    0.06358     3.8151    228.904    133.288  51876.183    32.2402     4.9812    132.000     4.9706    25.4909     6.4133     9.1652     88.970    279.299    286.418   -0.00133    7.20833   10.30143  313.92208   16.14048 3.6908e-02     0.2375     0.5256    87.6868 0.0000e+00
        922 104.408775    0.06394     3.8365    230.190    134.298  51881.744    32.2430     4.9791    133.000     4.9690    25.4934     6.4125     9.1640     88.956    279.260    286.380   -0.00107    7.20857   10.30176  313.93134   16.14090 3.6908e-02     0.2416     0.5177    87.8594 0.0000e+00
        927 104.408790    0.06429     3.8570    231.423    135.317  51887.684    32.2466     4.9791    134.000     4.9697    25.4962     6.4070     9.1562     88.882    279.022    286.137   -0.00120    7.20841   10.30153  313.92344   16.14051 3.6908e-02     0.2408     0.5211    87.7845 0.0000e+00
        931 104.408801    0.06455     3.8730    232.380    136.311  51890.085    32.2479     4.9799    135.000     4.9702    25.4973     6.4058     9.1545     88.869    278.971    286.084   -0.00104    7.20819   10.30123  313.91381   16.14005 3.6908e-02     0.2373     0.5468    87.2245 0.0000e+00
        936 104.408815    0.06490     3.8938    233.626    137.329  51892.196    32.2489     4.9802    136.000     4.9699    25.4980     6.3944     9.1383     88.712    278.474    285.574   -0.00152    7.20811   10.30111  313.91011   16.13987 3.6908e-02     0.2366     0.5436    87.2920 0.0000e+00
        941 104.408830    0.06526     3.9155    234.931    138.342  51895.640    32.2507     4.9797    137.000     4.9693    25.4994     6.3788     9.1159     88.494    277.792    284.876   -0.00214    7.20810   10.30110  313.90933   16.13983 3.6908e-02     0.2365     0.5488    87.1800 0.0000e+00
        945 104.408843    0.06557     3.9342    236.053    139.348  51899.182    32.2525     4.9793    138.000     4.9691    25.5010     6.3693     9.1023     88.363    277.378    284.451   -0.00234    7.20808   10.30108  313.90810   16.13977 3.6908e-02     0.2341     0.5566    87.0092 0.0000e+00
        950 104.408857    0.06589     3.9536    237.217    140.359  51901.411    32.2536     4.9794    139.000     4.9692    25.5018     6.3630     9.0934     88.277    277.106    284.173   -0.00217    7.20801   10.30096  313.90442   16.13958 3.6908e-02     0.2370     0.5619    86.8941 0.0000e+00
        955 104.408871    0.06624     3.9742    238.451    141.371  51905.339    32.2558     4.9796    140.000     4.9692    25.5035     6.3544     9.0812     88.160    276.732    283.790   -0.00218    7.20787   10.30076  313.89798   16.13927 3.6908e-02     0.2387     0.5668    86.7893 0.0000e+00
        959 104.408884    0.06655     3.9928    239.570    142.378  51913.133    32.2607     4.9796    141.000     4.9691    25.5074     6.3452     9.0679     88.035    276.328    283.377   -0.00228    7.20763   10.30042  313.88631   16.13869 3.6908e-02     0.2307     0.5740    86.6317 0.0000e+00
        964 104.408898    0.06688     4.0126    240.756    143.388  51926.824    32.2696     4.9795    142.000     4.9690    25.5145     6.3381     9.0577     87.941    276.015    283.058   -0.00217    7.20722   10.29982  313.86602   16.13769 3.6908e-02     0.2511     0.5820    86.4593 0.0000e+00
        969 104.408912    0.06722     4.0335    242.009    144.405  51937.092    32.2762     4.9795    143.000     4.9691    25.5197     6.3220     9.0347     87.721    275.312    282.337   -0.00262    7.20690   10.29937  313.85059   16.13693 3.6908e-02     0.2189     0.5982    86.1107 0.0000e+00
        973 104.408924    0.06751     4.0506    243.037    145.410  51940.731    32.2783     4.9801    144.000     4.9696    25.5213     6.2979     9.0004     87.390    274.265    281.264   -0.00361    7.20670   10.29910  313.84174   16.13650 3.6908e-02     0.2199     0.6146    85.7564 0.0000e+00
        977 104.408936    0.06780     4.0678    244.071    146.417  51944.405    32.2804     4.9805    145.000     4.9699    25.5230     6.2691     8.9592     86.992    273.010    279.979   -0.00473    7.20652   10.29884  313.83335   16.13609 3.6908e-02     0.2201     0.6233    85.5711 0.0000e+00
        982 104.408949    0.06811     4.0866    245.196    147.434  51946.987    32.2817     4.9806    146.000     4.9697    25.5240     6.2450     8.9248     86.659    271.962    278.904   -0.00523    7.20644   10.29873  313.82946   16.13590 3.6908e-02     0.2095     0.6281    85.4691 0.0000e+00
        986 104.408961    0.06840     4.1041    246.246    148.437  51952.152    32.2847     4.9805    147.000     4.9697    25.5264     6.2318     8.9058     86.477    271.385    278.313   -0.00490    7.20632   10.29854  313.82326   16.13559 3.6908e-02     0.2203     0.6341    85.3406 0.0000e+00
        990 104.408974    0.06871     4.1225    247.350    149.455  51957.299    32.2879     4.9810    148.000     4.9704    25.5289     6.2206     8.8899     86.325    270.897    277.812   -0.00452    7.20608   10.29820  313.81223   16.13506 3.6908e-02     0.2127     0.6300    85.4290 0.0000e+00
        994 104.408985    0.06898     4.1388    248.329    150.453  51964.026    32.2921     4.9816    149.000     4.9709    25.5322     6.2129     8.8788     86.220    270.558    277.466   -0.00400    7.20576   10.29776  313.79747   16.13434 3.6908e-02     0.2073     0.6355    85.3096 0.0000e+00
        999 104.408999    0.06931     4.1586    249.515    151.477  51969.680    32.2957     4.9822    150.000     4.9714    25.5349     6.1989     8.8588     86.030    269.949    276.843   -0.00392    7.20548   10.29735  313.78425   16.13369 3.6909e-02     0.2065     0.6326    85.3720 0.0000e+00
       1003 104.409010    0.06958     4.1751    250.505    152.475  51985.030    32.3060     4.9831    151.000     4.9725    25.5430     6.1914     8.8480     85.933    269.619    276.506   -0.00357    7.20484   10.29643  313.75378   16.13220 3.6916e-02     0.2021     0.6460    85.0858 0.0000e+00
       1007 104.409023    0.06989     4.1937    251.624    153.497  51999.701    32.3158     4.9844    152.000     4.9737    25.5507     6.1669     8.8132     85.603    268.556    275.417   -0.00417    7.20413   10.29542  313.72079   16.13059 3.6970e-02     0.2030     0.6522    84.9554 0.0000e+00
       1012 104.409035    0.07018     4.2106    252.636    154.498  52009.929    32.3226     4.9856    153.000     4.9746    25.5559     6.1391     8.7735     85.223    267.343    274.176   -0.00515    7.20361   10.29469  313.69660   16.12941 3.7353e-02     0.1888     0.6742    84.4903 0.0000e+00
       1016 104.409049    0.07050     4.2299    253.795    155.510  52018.809    32.3284     4.9864    154.000     4.9752    25.5604     6.0984     8.7152     84.662    265.566    272.354   -0.00646    7.20320   10.29409  313.67715   16.12846 3.1526e-02     0.1921     0.7077    83.7866 0.0000e+00
       1021 104.409063    0.07085     4.2512    255.074    156.528  52022.933    32.3308     4.9869    155.000     4.9755    25.5623     6.0519     8.6487     84.019    263.540    270.276   -0.00772    7.20299   10.29379  313.66734   16.12799 1.0040e-01     0.1832     0.7032    83.8780 0.0000e+00
       1026 104.409076    0.07117     4.2701    256.203    157.527  52025.991    32.3325     4.9872    156.000     4.9757    25.5636     6.0235     8.6082     83.627    262.306    269.011   -0.00773    7.20286   10.29361  313.66152   16.12770 -6.247e-01     0.1767     0.7114    83.7065 0.0000e+00
       1031 104.409092    0.07155     4.2927    257.561    158.548  52026.826    32.3327     4.9874    157.000     4.9757    25.5637     6.0037     8.5799     83.352    261.442    268.126   -0.00676    7.20281   10.29354  313.65929   16.12760 8.4318e+00     0.1682     0.7147    83.6388 0.0000e+00
       1036 104.409105    0.07186     4.3114    258.682    159.551  52027.339    32.3325     4.9873    158.000     4.9755    25.5636     5.9958     8.5686     83.242    261.098    267.773   -0.00570    7.20284   10.29359  313.66076   16.12766 4.8534e+02     0.1740     0.7323    83.2701 0.0000e+00
       1040 104.409119    0.07218     4.3312    259.873    160.563  52030.411    32.3341     4.9873    159.000     4.9757    25.5649     5.9925     8.5639     83.198    260.955    267.626   -0.00440    7.20276   10.29346  313.65663   16.12746 5.0830e+02     0.1792     0.7412    83.0856 0.0000e+00
       1046 104.409134    0.07254     4.3523    261.137    161.575  52033.456    32.3358     4.9877    160.000     4.9759    25.5661     5.9905     8.5611     83.172    260.869    267.538   -0.00336    7.20260   10.29325  313.64960   16.12712 5.2846e+02     0.1721     0.7413    83.0842 0.0000e+00
       1050 104.409147    0.07286     4.3714    262.286    162.582  52035.165    32.3365     4.9880    161.000     4.9761    25.5668     5.9835     8.5510     83.075    260.559    267.221   -0.00297    7.20253   10.29314  313.64623   16.12696 5.5320e+02     0.1714     0.7536    82.8293 0.0000e+00
