CTD-processing/allCTD/CNV/2021_03-23_ab_s10_cast179_5028.cnv
* Sea-Bird SBE19plus Data File:
* FileName = C:\Users\steve\Desktop\GWA CTD\2021_03-23_AB\2021_03-23_AB_S0_cast179.hex
* Software Version 1.59
* Temperature SN =  5028
* Conductivity SN =  5028
* System UpLoad Time = Mar 24 2021 11:08:14
** Cook Inlet LTM AB
** Date: 03-23-2021
** Station:S10
** Start Time (AKDT):14:18
** Depth (m):70
** Comment:
** Comment:
# nquan = 27
# nvalues = 27                          
# units = specified
# name 0 = scan: Scan Count
# name 1 = timeJ: Julian Days
# name 2 = timeH: Time, Elapsed [hours]
# name 3 = timeM: Time, Elapsed [minutes]
# name 4 = timeS: Time, Elapsed [seconds]
# name 5 = prdM: Pressure, Strain Gauge [db]
# name 6 = specc: Specific Conductance [uS/cm]
# name 7 = sal00: Salinity, Practical [PSU]
# name 8 = tv290C: Temperature [ITS-90, deg C]
# name 9 = depSM: Depth [salt water, m], lat = 59.00
# name 10 = potemp090C: Potential Temperature [ITS-90, deg C]
# name 11 = sigma-é00: Density [sigma-theta, kg/m^3]
# name 12 = sbeox0ML/L: Oxygen, SBE 43 [ml/l]
# name 13 = sbeox0Mg/L: Oxygen, SBE 43 [mg/l]
# name 14 = sbeox0PS: Oxygen, SBE 43 [% saturation]
# name 15 = sbox0Mm/Kg: Oxygen, SBE 43 [umol/kg]
# name 16 = sbeox0Mm/L: Oxygen, SBE 43 [umol/l]
# name 17 = sbox0dV/dT: Oxygen, SBE 43 [dov/dt]
# name 18 = oxsolML/L: Oxygen Saturation, Garcia & Gordon [ml/l]
# name 19 = oxsolMg/L: Oxygen Saturation, Garcia & Gordon [mg/l]
# name 20 = oxsolMm/Kg: Oxygen Saturation, Garcia & Gordon [umol/kg]
# name 21 = potemp090C: Potential Temperature [ITS-90, deg C]
# name 22 = n2satMg/L: Nitrogen Saturation [mg/l]
# name 23 = par: PAR/Irradiance, Biospherical/Licor
# name 24 = flECO-AFL: Fluorescence, WET Labs ECO-AFL/FL [mg/m^3]
# name 25 = turbWETntu0: Turbidity, WET Labs ECO [NTU]
# name 26 = flag: flag
# span 0 =        213,        576       
# span 1 =  82.597186,  82.598238       
# span 2 =    0.01469,    0.03994       
# span 3 =     0.8814,     2.3965       
# span 4 =     52.884,    143.789       
# span 5 =      1.010,     27.257       
# span 6 =  51306.213,  51488.518       
# span 7 =    31.3489,    31.4240       
# span 8 =     2.4963,     2.6867       
# span 9 =      1.000,     27.000       
# span 10 =     2.5696,     2.6858      
# span 11 =    24.9983,    25.0710      
# span 12 =     6.4945,    10.1174      
# span 13 =     9.2813,    14.4586      
# span 14 =     84.349,    131.964      
# span 15 =    282.952,    440.797      
# span 16 =    290.043,    451.840      
# span 17 =    0.00409,    0.04363      
# span 18 =    7.66679,    7.70348      
# span 19 =   10.95660,   11.00904      
# span 20 =  334.03016,  335.62262      
# span 21 =     2.4963,     2.6853      
# span 22 =   17.09989,   17.17547      
# span 23 = 2.0440e+00, 5.8568e+02      
# span 24 =     0.2968,     0.7906      
# span 25 =     0.9396,     1.5322      
# span 26 = 0.0000e+00, 0.0000e+00      
# interval = meters: 1                  
# start_time = Mar 23 2021 14:19:04 [Instrument's time stamp, header]
# bad_flag = -9.990e-29
*END*
        213  82.597186    0.01469     0.8814     52.884      1.010  51488.518    31.4240     2.4963      1.000     2.5696    25.0710     6.4945     9.2813     84.349    282.952    290.043    0.00409    7.70348   11.00904  335.62262     2.4963   17.17547 5.8568e+02     0.7906     1.5322 0.0000e+00
        463  82.597910    0.03205     1.9231    115.387      2.019  51306.213    31.3489     2.6661      2.000     2.6472    24.9983     7.3808    10.5479     96.176    321.588    329.627    0.01501    7.67445   10.96756  334.38207     2.6660   17.11687 4.4251e+02     0.3042     1.0713 0.0000e+00
        476  82.597949    0.03301     1.9803    118.818      3.029  51334.523    31.3580     2.6307      3.000     2.6154    25.0084     7.5636    10.8092     98.473    329.548    337.790    0.02077    7.68075   10.97656  334.65320     2.6306   17.12972 3.1164e+02     0.2968     1.0553 0.0000e+00
        480  82.597961    0.03329     1.9978    119.865      4.038  51361.239    31.3676     2.6020      4.000     2.5935    25.0183     7.6775    10.9719     99.893    334.509    342.878    0.02235    7.68577   10.98374  334.86869     2.6018   17.13991 2.3646e+02     0.3144     1.0425 0.0000e+00
        484  82.597973    0.03357     2.0142    120.855      5.047  51378.135    31.3749     2.5888      5.000     2.5849    25.0251     7.7998    11.1467    101.455    339.835    348.340    0.02459    7.68794   10.98683  334.96090     2.5885   17.14426 1.8139e+02     0.3372     1.0017 0.0000e+00
        488  82.597984    0.03385     2.0307    121.840      6.057  51388.507    31.3796     2.5824      6.000     2.5799    25.0294     7.9374    11.3433    103.231    345.826    354.482    0.02737    7.68891   10.98822  335.00197     2.5821   17.14619 1.4230e+02     0.3513     1.0030 0.0000e+00
        492  82.597996    0.03412     2.0472    122.829      7.066  51395.999    31.3832     2.5790      7.000     2.5778    25.0325     8.1015    11.5778    105.359    352.975    361.811    0.03110    7.68939   10.98891  335.02182     2.5786   17.14712 1.1275e+02     0.3637     1.0132 0.0000e+00
        496  82.598007    0.03439     2.0632    123.793      8.075  51402.354    31.3865     2.5775      8.000     2.5763    25.0353     8.2993    11.8605    107.930    361.594    370.646    0.03636    7.68950   10.98906  335.02561     2.5771   17.14728 9.0213e+01     0.3794     1.0083 0.0000e+00
        500  82.598018    0.03466     2.0798    124.787      9.085  51409.782    31.3906     2.5761      9.000     2.5753    25.0387     8.5141    12.1675    110.723    370.953    380.241    0.04147    7.68956   10.98914  335.02701     2.5756   17.14734 7.2577e+01     0.3799     0.9959 0.0000e+00
        504  82.598030    0.03494     2.0963    125.775     10.095  51414.190    31.3930     2.5759     10.000     2.5756    25.0405     8.6987    12.4314    113.126    378.996    388.486    0.04363    7.68947   10.98903  335.02266     2.5753   17.14712 5.8553e+01     0.3841     1.0140 0.0000e+00
        508  82.598041    0.03522     2.1130    126.782     11.104  51418.367    31.3955     2.5768     11.000     2.5772    25.0425     8.8350    12.6261    114.902    384.932    394.572    0.04210    7.68916   10.98859  335.00866     2.5762   17.14645 4.7402e+01     0.3815     1.0074 0.0000e+00
        512  82.598054    0.03551     2.1302    127.814     12.114  51421.428    31.3977     2.5792     12.000     2.5802    25.0441     8.9069    12.7289    115.846    388.065    397.783    0.03656    7.68857   10.98773  334.98209     2.5786   17.14518 3.8487e+01     0.3845     1.0055 0.0000e+00
        516  82.598065    0.03579     2.1479    128.874     13.123  51426.023    31.4013     2.5831     13.000     2.5864    25.0467     8.9431    12.7805    116.330    389.638    399.396    0.02961    7.68763   10.98640  334.94060     2.5825   17.14319 3.1338e+01     0.3863     0.9946 0.0000e+00
        521  82.598078    0.03609     2.1657    129.943     14.133  51437.806    31.4119     2.5947     14.000     2.6039    25.0543     8.9842    12.8393    116.908    391.425    401.232    0.02469    7.68484   10.98240  334.81613     2.5941   17.13724 2.5594e+01     0.3746     0.9949 0.0000e+00
        525  82.598090    0.03640     2.1837    131.019     15.142  51432.112    31.4131     2.6152     15.000     2.6214    25.0537     9.0558    12.9416    117.901    394.546    404.431    0.02313    7.68084   10.97669  334.64241     2.6144   17.12898 2.1043e+01     0.3956     0.9701 0.0000e+00
        529  82.598103    0.03670     2.2021    132.125     16.152  51426.944    31.4128     2.6287     16.000     2.6326    25.0523     9.1304    13.0483    118.913    397.799    407.765    0.02199    7.67827   10.97301  334.53062     2.6279   17.12368 1.7285e+01     0.3969     0.9503 0.0000e+00
        534  82.598116    0.03700     2.2204    133.225     17.161  51423.124    31.4122     2.6379     17.000     2.6399    25.0511     9.2128    13.1660    120.013    401.389    411.444    0.02147    7.67653   10.97052  334.45528     2.6370   17.12010 1.4227e+01     0.3849     0.9510 0.0000e+00
        538  82.598129    0.03731     2.2385    134.308     18.171  51423.764    31.4138     2.6439     18.000     2.6464    25.0519     9.3104    13.3054    121.303    405.639    415.802    0.02212    7.67530   10.96877  334.40144     2.6429   17.11754 1.1692e+01     0.3810     0.9482 0.0000e+00
        543  82.598141    0.03761     2.2563    135.378     19.181  51426.992    31.4177     2.6526     19.000     2.6569    25.0545     9.4187    13.4604    122.746    410.361    420.643    0.02344    7.67343   10.96610  334.31903     2.6516   17.11360 9.5982e+00     0.3832     0.9434 0.0000e+00
        547  82.598153    0.03790     2.2736    136.416     20.190  51424.536    31.4185     2.6635     20.000     2.6666    25.0542     9.5311    13.6210    124.244    415.256    425.660    0.02491    7.67130   10.96305  334.22615     2.6624   17.10920 7.8979e+00     0.3737     0.9463 0.0000e+00
        551  82.598165    0.03817     2.2905    137.430     21.200  51420.443    31.4173     2.6709     21.000     2.6719    25.0526     9.6430    13.7808    125.724    420.130    430.656    0.02610    7.66994   10.96112  334.16782     2.6697   17.10643 6.5085e+00     0.3727     0.9547 0.0000e+00
        555  82.598176    0.03845     2.3074    138.445     22.209  51419.928    31.4175     2.6751     22.000     2.6755    25.0525     9.7464    13.9285    127.085    424.634    435.272    0.02644    7.66911   10.95993  334.13190     2.6739   17.10473 5.3708e+00     0.3811     0.9522 0.0000e+00
        559  82.598188    0.03873     2.3239    139.431     23.219  51418.544    31.4168     2.6779     23.000     2.6775    25.0518     9.8442    14.0683    128.370    428.898    439.642    0.02641    7.66861   10.95920  334.10979     2.6767   17.10368 4.4347e+00     0.3829     0.9396 0.0000e+00
        563  82.598199    0.03901     2.3405    140.429     24.228  51418.609    31.4167     2.6792     24.000     2.6783    25.0515     9.9390    14.2038    129.610    433.027    443.875    0.02620    7.66837   10.95887  334.09980     2.6779   17.10320 3.6610e+00     0.3776     0.9445 0.0000e+00
        567  82.598211    0.03928     2.3567    141.403     25.238  51420.494    31.4177     2.6804     25.000     2.6801    25.0523    10.0168    14.3150    130.630    436.418    447.352    0.02506    7.66807   10.95844  334.08649     2.6791   17.10257 3.0203e+00     0.3596     0.9445 0.0000e+00
        571  82.598223    0.03957     2.3745    142.471     26.247  51421.889    31.4188     2.6827     26.000     2.6827    25.0530    10.0812    14.4070    131.477    439.220    450.224    0.02306    7.66758   10.95775  334.06504     2.6813   17.10154 2.4993e+00     0.3555     0.9500 0.0000e+00
        576  82.598238    0.03994     2.3965    143.789     27.257  51421.817    31.4193     2.6867     27.000     2.6858    25.0531    10.1174    14.4586    131.964    440.797    451.840    0.01898    7.66679   10.95660  334.03016     2.6853   17.09989 2.0440e+00     0.3537     0.9584 0.0000e+00
