CTD-processing/allCTD/CNV/2021_04-16_t9_s10_cast035_5028.cnv
* Sea-Bird SBE19plus Data File:
* FileName = C:\Users\steve\Desktop\GWA\CTD\2021_04-16_T9\2021_04-16_T9_S0_cast035.hex
* Software Version 1.59
* Temperature SN =  5028
* Conductivity SN =  5028
* System UpLoad Time = Apr 17 2021 13:19:52
** Cook Inlet LTM T9
** Date: 04-16-2021
** Station:S10
** Start Time (AKDT):17:52
** Depth (m):64
** Comment:
** Comment:
# nquan = 27
# nvalues = 60                          
# units = specified
# name 0 = scan: Scan Count
# name 1 = timeJ: Julian Days
# name 2 = timeH: Time, Elapsed [hours]
# name 3 = timeM: Time, Elapsed [minutes]
# name 4 = timeS: Time, Elapsed [seconds]
# name 5 = prdM: Pressure, Strain Gauge [db]
# name 6 = specc: Specific Conductance [uS/cm]
# name 7 = sal00: Salinity, Practical [PSU]
# name 8 = tv290C: Temperature [ITS-90, deg C]
# name 9 = depSM: Depth [salt water, m], lat = 59.00
# name 10 = potemp090C: Potential Temperature [ITS-90, deg C]
# name 11 = sigma-é00: Density [sigma-theta, kg/m^3]
# name 12 = sbeox0ML/L: Oxygen, SBE 43 [ml/l]
# name 13 = sbeox0Mg/L: Oxygen, SBE 43 [mg/l]
# name 14 = sbeox0PS: Oxygen, SBE 43 [% saturation]
# name 15 = sbox0Mm/Kg: Oxygen, SBE 43 [umol/kg]
# name 16 = sbeox0Mm/L: Oxygen, SBE 43 [umol/l]
# name 17 = sbox0dV/dT: Oxygen, SBE 43 [dov/dt]
# name 18 = oxsolML/L: Oxygen Saturation, Garcia & Gordon [ml/l]
# name 19 = oxsolMg/L: Oxygen Saturation, Garcia & Gordon [mg/l]
# name 20 = oxsolMm/Kg: Oxygen Saturation, Garcia & Gordon [umol/kg]
# name 21 = potemp090C: Potential Temperature [ITS-90, deg C]
# name 22 = n2satMg/L: Nitrogen Saturation [mg/l]
# name 23 = par: PAR/Irradiance, Biospherical/Licor
# name 24 = flECO-AFL: Fluorescence, WET Labs ECO-AFL/FL [mg/m^3]
# name 25 = turbWETntu0: Turbidity, WET Labs ECO [NTU]
# name 26 = flag: flag
# span 0 =        125,        498       
# span 1 = 106.744804, 106.745881       
# span 2 =    0.00862,    0.03448       
# span 3 =     0.5175,     2.0689       
# span 4 =     31.047,    124.134       
# span 5 =      1.010,     60.575       
# span 6 =  47374.423,  51636.886       
# span 7 =    29.1751,    31.7551       
# span 8 =     3.1629,     4.1505       
# span 9 =      1.000,     60.000       
# span 10 =     3.1616,     4.0602      
# span 11 =    23.1451,    25.2546      
# span 12 =     6.6052,     7.7109      
# span 13 =     9.4396,    11.0197      
# span 14 =     87.933,    102.574      
# span 15 =    288.373,    335.997      
# span 16 =    294.990,    344.371      
# span 17 =   -0.00392,    0.04391      
# span 18 =    7.46002,    7.57279      
# span 19 =   10.66112,   10.82227      
# span 20 =  325.09687,  329.92913      
# span 21 =     3.1611,     4.1504      
# span 22 =   16.67626,   16.90480      
# span 23 = 3.7976e-02, 6.6087e+01      
# span 24 =     0.3129,     0.6257      
# span 25 =     1.0526,     2.2694      
# span 26 = 0.0000e+00, 0.0000e+00      
# interval = meters: 1                  
# start_time = Apr 16 2021 17:52:00 [Instrument's time stamp, header]
# bad_flag = -9.990e-29
*END*
        125 106.744804    0.00862     0.5175     31.047      1.010  47374.423    29.1751     4.1505      1.000     4.0602    23.1451     6.6052     9.4396     87.933    288.373    294.990    0.00715    7.51366   10.73778  328.04984     4.1504   16.82510 6.6087e+01     0.3129     2.2694 0.0000e+00
        274 106.745235    0.01897     1.1383     68.295      2.019  50676.788    31.2081     3.8464      2.000     3.7299    24.7847     7.0409    10.0621     94.360    306.838    314.446    0.03043    7.46002   10.66112  325.09687     3.8463   16.67626 4.6610e+01     0.4035     1.3603 0.0000e+00
        263 106.745203    0.01819     1.0918     65.511      3.029  50511.854    31.0584     3.6311      3.000     3.5592    24.6858     7.3806    10.5476     98.297    321.675    329.616    0.04391    7.50783   10.72943  327.22185     3.6309   16.77789 4.8895e+01     0.4451     1.5395 0.0000e+00
        267 106.745215    0.01850     1.1102     66.610      4.038  50659.082    31.1295     3.5147      4.000     3.4993    24.7528     7.5266    10.7562    100.011    328.018    336.137    0.04092    7.52567   10.75494  327.97820     3.5145   16.81355 4.8099e+01     0.5038     1.6176 0.0000e+00
        271 106.745227    0.01878     1.1267     67.605      5.048  50694.465    31.1475     3.4922      5.000     3.4867    24.7692     7.5931    10.8513    100.852    330.911    339.106    0.03527    7.52892   10.75957  328.11433     3.4920   16.81994 4.5524e+01     0.5426     1.6140 0.0000e+00
        276 106.745240    0.01911     1.1463     68.779      6.057  50713.497    31.1569     3.4801      6.000     3.4715    24.7777     7.5668    10.8137    100.480    329.764    337.935    0.02370    7.53069   10.76211  328.18877     3.4797   16.82344 3.9549e+01     0.5805     1.5350 0.0000e+00
        281 106.745254    0.01941     1.1646     69.877      7.066  50765.315    31.1861     3.4581      7.000     3.4495    24.8029     7.5378    10.7722    100.060    328.488    336.635    0.01494    7.53329   10.76582  328.29400     3.4576   16.82832 3.2317e+01     0.6006     1.5474 0.0000e+00
        285 106.745266    0.01971     1.1829     70.972      8.076  50854.207    31.2437     3.4493      8.000     3.4564    24.8495     7.5382    10.7727    100.082    328.490    336.653    0.01076    7.53196   10.76392  328.22126     3.4489   16.82464 2.5003e+01     0.6257     1.5929 0.0000e+00
        289 106.745277    0.01998     1.1989     71.936      9.085  50909.624    31.2844     3.4642      9.000     3.4686    24.8806     7.5803    10.8330    100.706    330.317    338.536    0.01110    7.52713   10.75702  328.00063     3.4637   16.81399 1.9424e+01     0.6188     1.5806 0.0000e+00
        293 106.745289    0.02028     1.2164     72.986     10.095  50934.317    31.3025     3.4719     10.000     3.4725    24.8944     7.6282    10.9014    101.375    332.400    340.674    0.01177    7.52477   10.75365  327.89345     3.4713   16.80882 1.5038e+01     0.6255     1.5154 0.0000e+00
        297 106.745300    0.02053     1.2315     73.889     11.104  50952.504    31.3150     3.4743     11.000     3.4756    24.9041     7.6713    10.9631    101.963    334.276    342.601    0.01186    7.52369   10.75211  327.84359     3.4736   16.80641 1.1705e+01     0.6168     1.5440 0.0000e+00
        300 106.745311    0.02079     1.2476     74.854     12.114  50966.996    31.3253     3.4784     12.000     3.4798    24.9120     7.7092    11.0172    102.483    335.924    344.293    0.01195    7.52240   10.75027  327.78483     3.4777   16.80357 9.0769e+00     0.6136     1.5222 0.0000e+00
        304 106.745322    0.02105     1.2632     75.794     13.123  50976.006    31.3320     3.4827     13.000     3.4849    24.9169     7.7078    11.0152    102.480    335.862    344.231    0.00915    7.52127   10.74866  327.73413     3.4819   16.80113 7.0553e+00     0.6138     1.5556 0.0000e+00
        308 106.745333    0.02132     1.2792     76.749     14.132  50981.865    31.3370     3.4889     14.000     3.4918    24.9203     7.7055    11.0120    102.469    335.761    344.128    0.00679    7.51987   10.74663  327.67156     3.4880   16.79814 5.4684e+00     0.6043     1.5678 0.0000e+00
        312 106.745344    0.02159     1.2951     77.705     15.143  50985.809    31.3411     3.4966     15.000     3.4993    24.9229     7.7073    11.0145    102.515    335.837    344.207    0.00534    7.51823   10.74429  327.59924     3.4957   16.79468 4.2527e+00     0.6048     1.5469 0.0000e+00
        316 106.745355    0.02186     1.3117     78.701     16.152  50985.964    31.3417     3.5008     16.000     3.4967    24.9230     7.7109    11.0197    102.574    335.997    344.371    0.00428    7.51742   10.74314  327.56383     3.4999   16.79300 3.3118e+00     0.6038     1.5307 0.0000e+00
        320 106.745367    0.02214     1.3286     79.715     17.162  50998.457    31.3478     3.4931     17.000     3.4891    24.9286     7.7077    11.0152    102.517    335.856    344.229    0.00290    7.51853   10.74473  327.61047     3.4921   16.79519 2.5684e+00     0.5998     1.5139 0.0000e+00
        324 106.745378    0.02242     1.3451     80.707     18.170  51005.545    31.3509     3.4884     18.000     3.4844    24.9315     7.7037    11.0094    102.453    335.680    344.048    0.00174    7.51926   10.74577  327.64153     3.4873   16.79665 1.9970e+00     0.6045     1.4873 0.0000e+00
        328 106.745391    0.02270     1.3620     81.718     19.181  51011.901    31.3527     3.4804     19.000     3.4705    24.9336     7.7048    11.0109    102.449    335.726    344.097    0.00122    7.52063   10.74773  327.70063     3.4793   16.79945 1.5529e+00     0.6115     1.4503 0.0000e+00
        332 106.745401    0.02298     1.3783     82.698     20.190  51027.988    31.3576     3.4587     20.000     3.4410    24.9395     7.7028    11.0081    102.371    335.638    344.008    0.00048    7.52441   10.75314  327.86357     3.4575   16.80718 1.2126e+00     0.6132     1.4264 0.0000e+00
        336 106.745413    0.02324     1.3945     83.669     21.199  51060.916    31.3714     3.4269     21.000     3.4130    24.9533     7.6966    10.9993    102.218    335.364    343.732   -0.00050    7.52959   10.76055  328.08492     3.4257   16.81764 9.4612e-01     0.5976     1.4155 0.0000e+00
        339 106.745424    0.02350     1.4104     84.624     22.209  51085.557    31.3826     3.4066     22.000     3.3983    24.9639     7.6922    10.9930    102.116    335.167    343.535   -0.00104    7.53281   10.76514  328.22148     3.4053   16.82409 7.3720e-01     0.6012     1.4517 0.0000e+00
        343 106.745435    0.02378     1.4266     85.598     23.218  51096.826    31.3863     3.3929     23.000     3.3834    24.9680     7.6905    10.9906    102.061    335.092    343.459   -0.00114    7.53516   10.76849  328.32264     3.3916   16.82888 5.7392e-01     0.6120     1.5095 0.0000e+00
        347 106.745447    0.02406     1.4432     86.593     24.228  51111.031    31.3911     3.3758     24.000     3.3660    24.9734     7.6845    10.9819    101.941    334.826    343.188   -0.00153    7.53810   10.77269  328.44878     3.3744   16.83485 4.4664e-01     0.6086     1.5345 0.0000e+00
        351 106.745458    0.02434     1.4600     87.601     25.238  51127.658    31.3980     3.3606     25.000     3.3525    24.9802     7.6797    10.9751    101.846    334.618    342.977   -0.00176    7.54057   10.77623  328.55446     3.3592   16.83985 3.4767e-01     0.5979     1.5770 0.0000e+00
        355 106.745470    0.02461     1.4768     88.608     26.247  51130.218    31.3948     3.3431     26.000     3.3198    24.9792     7.6827    10.9794    101.839    334.748    343.110   -0.00146    7.54400   10.78113  328.70410     3.3416   16.84697 2.7176e-01     0.5891     1.5813 0.0000e+00
        360 106.745482    0.02490     1.4939     89.632     27.257  51160.675    31.3999     3.2842     27.000     3.2446    24.9883     7.6796    10.9749    101.653    334.609    342.971   -0.00199    7.55473   10.79646  329.16877     3.2827   16.86903 2.1384e-01     0.5792     1.5761 0.0000e+00
        364 106.745494    0.02519     1.5114     90.682     28.267  51245.013    31.4391     3.2162     28.000     3.1987    25.0254     7.6585    10.9448    101.231    333.680    342.031   -0.00381    7.56544   10.81177  329.62356     3.2146   16.89048 1.6993e-01     0.5993     1.5273 0.0000e+00
        368 106.745506    0.02549     1.5291     91.748     29.276  51284.079    31.4575     3.1871     29.000     3.1748    25.0426     7.6490    10.9311    101.044    333.256    341.602   -0.00392    7.56993   10.81819  329.81358     3.1855   16.89943 1.3754e-01     0.5916     1.4574 0.0000e+00
        372 106.745519    0.02578     1.5471     92.829     30.285  51319.103    31.4756     3.1675     30.000     3.1621    25.0588     7.6461    10.9270    100.970    333.127    341.474   -0.00338    7.57267   10.82209  329.92769     3.1658   16.90479 1.1260e-01     0.5690     1.3895 0.0000e+00
        377 106.745532    0.02609     1.5655     93.932     31.295  51343.113    31.4902     3.1629     31.000     3.1616    25.0708     7.6453    10.9259    100.957    333.088    341.438   -0.00263    7.57279   10.82227  329.92913     3.1611   16.90480 9.3709e-02     0.5449     1.3261 0.0000e+00
        381 106.745545    0.02642     1.5853     95.118     32.304  51369.670    31.5083     3.1655     32.000     3.1659    25.0850     7.6399    10.9183    100.906    332.851    341.201   -0.00217    7.57137   10.82025  329.86304     3.1636   16.90158 7.9202e-02     0.5295     1.2808 0.0000e+00
        386 106.745558    0.02673     1.6035     96.210     33.314  51393.952    31.5258     3.1714     33.000     3.1733    25.0984     7.6336    10.9091    100.847    332.567    340.914   -0.00196    7.56937   10.81739  329.77144     3.1695   16.89716 6.8390e-02     0.5365     1.2960 0.0000e+00
        390 106.745570    0.02701     1.6207     97.241     34.324  51412.984    31.5403     3.1799     34.000     3.1840    25.1092     7.6298    10.9038    100.830    332.402    340.748   -0.00163    7.56702   10.81403  329.66543     3.1779   16.89206 6.0537e-02     0.5119     1.2719 0.0000e+00
        394 106.745582    0.02730     1.6381     98.284     35.333  51441.951    31.5638     3.1967     35.000     3.2061    25.1265     7.6247    10.8966    100.822    332.177    340.524   -0.00131    7.56266   10.80779  329.46984     3.1947   16.88268 5.4524e-02     0.4978     1.2277 0.0000e+00
        398 106.745593    0.02757     1.6542     99.251     36.343  51446.644    31.5719     3.2179     36.000     3.2238    25.1312     7.6202    10.8900    100.819    331.974    340.317   -0.00105    7.55827   10.80152  329.27719     3.2158   16.87349 4.9865e-02     0.4930     1.2227 0.0000e+00
        402 106.745605    0.02784     1.6705    100.227     37.353  51450.767    31.5780     3.2325     37.000     3.2358    25.1348     7.6189    10.8882    100.843    331.918    340.261   -0.00074    7.55525   10.79720  329.14425     3.2304   16.86715 4.6291e-02     0.4810     1.2206 0.0000e+00
        406 106.745616    0.02813     1.6876    101.254     38.362  51450.924    31.5799     3.2417     38.000     3.2421    25.1355     7.6106    10.8763    100.757    331.556    339.890   -0.00096    7.55342   10.79459  329.06445     3.2395   16.86335 4.3634e-02     0.4670     1.1802 0.0000e+00
        410 106.745628    0.02840     1.7039    102.234     39.372  51452.538    31.5816     3.2460     39.000     3.2457    25.1365     7.6012    10.8630    100.645    331.149    339.472   -0.00141    7.55254   10.79333  329.02582     3.2437   16.86151 4.1533e-02     0.4656     1.1898 0.0000e+00
        414 106.745640    0.02869     1.7212    103.271     40.381  51468.394    31.5934     3.2522     40.000     3.2546    25.1454     7.5983    10.8587    100.630    331.016    339.340   -0.00122    7.55075   10.79079  328.94532     3.2499   16.85764 3.9892e-02     0.4628     1.1772 0.0000e+00
        418 106.745652    0.02897     1.7382    104.291     41.391  51480.510    31.6036     3.2620     41.000     3.2643    25.1527     7.6004    10.8617    100.689    331.106    339.434   -0.00070    7.54841   10.78744  328.84093     3.2596   16.85263 3.8707e-02     0.4569     1.1060 0.0000e+00
        422 106.745663    0.02925     1.7551    105.307     42.400  51483.648    31.6075     3.2707     42.000     3.2706    25.1550     7.6000    10.8612    100.708    331.088    339.416   -0.00043    7.54659   10.78482  328.76049     3.2683   16.84880 3.8118e-02     0.4467     1.0718 0.0000e+00
        426 106.745675    0.02954     1.7724    106.343     43.410  51482.711    31.6073     3.2743     43.000     3.2722    25.1545     7.5942    10.8529    100.640    330.834    339.157   -0.00072    7.54593   10.78389  328.73213     3.2718   16.84745 3.7993e-02     0.4488     1.0526 0.0000e+00
        430 106.745687    0.02980     1.7883    107.299     44.420  51485.446    31.6088     3.2750     44.000     3.2729    25.1557     7.5880    10.8440    100.560    330.563    338.879   -0.00101    7.54572   10.78359  328.72263     3.2724   16.84699 3.7979e-02     0.4439     1.0867 0.0000e+00
        434 106.745698    0.03009     1.8051    108.307     45.430  51492.563    31.6134     3.2762     45.000     3.2749    25.1593     7.5828    10.8366    100.498    330.337    338.648   -0.00115    7.54525   10.78292  328.70106     3.2736   16.84595 3.7976e-02     0.4419     1.1323 0.0000e+00
        438 106.745710    0.03038     1.8224    109.341     46.439  51504.250    31.6217     3.2797     46.000     3.2798    25.1656     7.5800    10.8326    100.474    330.210    338.520   -0.00106    7.54418   10.78139  328.65227     3.2770   16.84360 3.7976e-02     0.4394     1.1909 0.0000e+00
        442 106.745722    0.03066     1.8395    110.372     47.449  51513.411    31.6290     3.2857     47.000     3.2860    25.1708     7.5778    10.8294    100.465    330.113    338.422   -0.00089    7.54269   10.77926  328.58565     3.2830   16.84040 3.7976e-02     0.4430     1.2853 0.0000e+00
        447 106.745735    0.03097     1.8584    111.502     48.459  51527.193    31.6397     3.2931     48.000     3.2950    25.1787     7.5682    10.8157    100.363    329.693    337.994   -0.00116    7.54076   10.77649  328.49903     3.2903   16.83624 3.7976e-02     0.4463     1.3208 0.0000e+00
        451 106.745748    0.03127     1.8764    112.587     49.468  51542.628    31.6526     3.3048     49.000     3.3081    25.1880     7.5571    10.7998    100.254    329.206    337.499   -0.00150    7.53793   10.77245  328.37275     3.3019   16.83019 3.7976e-02     0.4442     1.3546 0.0000e+00
        456 106.745760    0.03158     1.8944    113.662     50.478  51553.946    31.6633     3.3184     50.000     3.3226    25.1954     7.5561    10.7985    100.282    329.163    337.456   -0.00105    7.53485   10.76805  328.23616     3.3155   16.82366 3.7976e-02     0.4397     1.4142 0.0000e+00
        460 106.745772    0.03187     1.9119    114.713     51.487  51574.970    31.6813     3.3353     51.000     3.3438    25.2083     7.5553    10.7972    100.325    329.122    337.418   -0.00058    7.53077   10.76222  328.05431     3.3324   16.81494 3.7976e-02     0.4465     1.4838 0.0000e+00
        464 106.745783    0.03213     1.9282    115.695     52.497  51599.071    31.7034     3.3597     52.000     3.3720    25.2237     7.5509    10.7909    100.342    328.924    337.221   -0.00041    7.52511   10.75414  327.80313     3.3567   16.80291 3.7976e-02     0.4514     1.5421 0.0000e+00
        468 106.745795    0.03242     1.9450    116.699     53.507  51626.953    31.7303     3.3931     53.000     3.4078    25.2423     7.5500    10.7896    100.432    328.879    337.181    0.00007    7.51754   10.74332  327.46731     3.3900   16.78684 3.7976e-02     0.4485     1.5606 0.0000e+00
