CTD-processing/allCTD/CNV/2021_05-01_t6_s05_cast024_4141.cnv
* Sea-Bird SBE19plus Data File:
* FileName = C:\Users\steve\Desktop\GWA\CTD\2021_05-01_T6\2021_05-01_T6_S_cast024.hex
* Software Version 1.59
* Temperature SN =  4141
* Conductivity SN =  4141
* System UpLoad Time = May 02 2021 12:43:05
** Cook Inlet LTM T6
** Date: 05-01-2021
** Station:S05
** Start Time (AKDT):15:43
** Depth (m):106
** Comment:
** Comment:
# nquan = 27
# nvalues = 94                          
# units = specified
# name 0 = scan: Scan Count
# name 1 = timeJ: Julian Days
# name 2 = timeH: Time, Elapsed [hours]
# name 3 = timeM: Time, Elapsed [minutes]
# name 4 = timeS: Time, Elapsed [seconds]
# name 5 = prdM: Pressure, Strain Gauge [db]
# name 6 = specc: Specific Conductance [uS/cm]
# name 7 = sal00: Salinity, Practical [PSU]
# name 8 = tv290C: Temperature [ITS-90, deg C]
# name 9 = depSM: Depth [salt water, m], lat = 59.00
# name 10 = potemp090C: Potential Temperature [ITS-90, deg C]
# name 11 = sigma-é00: Density [sigma-theta, kg/m^3]
# name 12 = sbeox0ML/L: Oxygen, SBE 43 [ml/l]
# name 13 = sbeox0Mg/L: Oxygen, SBE 43 [mg/l]
# name 14 = sbeox0PS: Oxygen, SBE 43 [% saturation]
# name 15 = sbox0Mm/Kg: Oxygen, SBE 43 [umol/kg]
# name 16 = sbeox0Mm/L: Oxygen, SBE 43 [umol/l]
# name 17 = sbox0dV/dT: Oxygen, SBE 43 [dov/dt]
# name 18 = oxsolML/L: Oxygen Saturation, Garcia & Gordon [ml/l]
# name 19 = oxsolMg/L: Oxygen Saturation, Garcia & Gordon [mg/l]
# name 20 = oxsolMm/Kg: Oxygen Saturation, Garcia & Gordon [umol/kg]
# name 21 = n2satMg/L: Nitrogen Saturation [mg/l]
# name 22 = par: PAR/Irradiance, Biospherical/Licor
# name 23 = wetStar: Fluorescence, WET Labs WETstar [mg/m^3]
# name 24 = CStarAt0: Beam Attenuation, WET Labs C-Star [1/m]
# name 25 = CStarTr0: Beam Transmission, WET Labs C-Star [%]
# name 26 = flag: flag
# span 0 =         87,        719       
# span 1 = 104.655051, 104.656881       
# span 2 =    0.00594,    0.04985       
# span 3 =     0.3564,     2.9910       
# span 4 =     21.388,    179.458       
# span 5 =      1.012,     94.896       
# span 6 =  51344.697,  51452.438       
# span 7 =    31.9516,    31.9730       
# span 8 =     4.9959,     5.0767       
# span 9 =      1.000,     94.000       
# span 10 =     4.9908,     5.0791      
# span 11 =    25.2528,    25.2771      
# span 12 =     7.0858,     7.1436      
# span 13 =    10.1264,    10.2089      
# span 14 =     98.161,     99.138      
# span 15 =    308.651,    311.173      
# span 16 =    316.453,    319.033      
# span 17 =   -0.00077,    0.03603      
# span 18 =    7.20533,    7.21876      
# span 19 =   10.29714,   10.31633      
# span 20 =  313.86238,  314.44195      
# span 21 =   16.13874,   16.16631      
# span 22 = 4.3419e-02, 1.7280e+02      
# span 23 =     0.1419,     0.6879      
# span 24 =     0.3198,     0.5257      
# span 25 =    87.7561,    92.3169      
# span 26 = 0.0000e+00, 0.0000e+00      
# interval = meters: 1                  
# start_time = Apr 14 2021 15:42:55 [Instrument's time stamp, header]
# bad_flag = -9.990e-29
*END*
         87 104.655051    0.00594     0.3564     21.388      1.012  51345.169    31.9615     5.0767      1.000     5.0791    25.2586     7.1292    10.1883     98.943    310.545    318.389    0.00580    7.20533   10.29714  313.86238   16.13874 1.7280e+02     0.2680     0.5257    87.7561 0.0000e+00
        276 104.655599    0.01909     1.1456     68.736      2.030  51345.943    31.9608     5.0749      2.000     5.0735    25.2583     7.1436    10.2089     99.138    311.173    319.033    0.03603    7.20567   10.29762  313.87726   16.13946 1.3731e+02     0.1470     0.3436    91.7633 0.0000e+00
        274 104.655594    0.01897     1.1382     68.291      3.019  51344.697    31.9590     5.0726      3.000     5.0698    25.2571     7.1403    10.2043     99.086    311.032    318.887    0.02738    7.20617   10.29834  313.89924   16.14051 1.2837e+02     0.1500     0.3509    91.6008 0.0000e+00
        280 104.655610    0.01937     1.1620     69.720      4.041  51354.088    31.9642     5.0692      4.000     5.0710    25.2617     7.1379    10.2008     99.048    310.924    318.779    0.01823    7.20650   10.29880  313.91216   16.14111 1.2022e+02     0.1419     0.3458    91.7178 0.0000e+00
        285 104.655624    0.01970     1.1824     70.946      5.058  51347.894    31.9607     5.0746      5.000     5.0731    25.2582     7.1294    10.1887     98.941    310.556    318.400    0.01254    7.20575   10.29774  313.88070   16.13962 1.1497e+02     0.1609     0.3461    91.7105 0.0000e+00
        288 104.655634    0.01993     1.1957     71.742      6.053  51348.325    31.9599     5.0718      6.000     5.0696    25.2579     7.1225    10.1788     98.838    310.256    318.092    0.00960    7.20626   10.29845  313.90280   16.14067 1.1308e+02     0.1565     0.3471    91.6881 0.0000e+00
        292 104.655644    0.02019     1.2111     72.666      7.060  51348.526    31.9588     5.0685      7.000     5.0660    25.2574     7.1130    10.1651     98.697    309.839    317.665    0.00665    7.20689   10.29937  313.93056   16.14200 1.1900e+02     0.1573     0.3489    91.6472 0.0000e+00
        296 104.655657    0.02050     1.2296     73.776      8.079  51353.435    31.9610     5.0657      8.000     5.0650    25.2595     7.1088    10.1592     98.634    309.657    317.479    0.00457    7.20726   10.29990  313.94627   16.14275 1.1307e+02     0.1632     0.3451    91.7341 0.0000e+00
        300 104.655669    0.02077     1.2462     74.773      9.087  51355.070    31.9618     5.0660      9.000     5.0655    25.2600     7.1040    10.1523     98.568    309.445    317.262    0.00309    7.20716   10.29976  313.94186   16.14253 1.2707e+02     0.1754     0.3434    91.7726 0.0000e+00
        304 104.655679    0.02102     1.2614     75.683     10.095  51354.412    31.9608     5.0661     10.000     5.0645    25.2593     7.1066    10.1562     98.605    309.565    317.385    0.00249    7.20720   10.29981  313.94357   16.14262 1.3215e+02     0.1840     0.3458    91.7198 0.0000e+00
        307 104.655689    0.02126     1.2756     76.537     11.103  51355.834    31.9610     5.0645     11.000     5.0626    25.2596     7.1073    10.1570     98.610    309.590    317.410    0.00204    7.20746   10.30019  313.95512   16.14316 1.4236e+02     0.1968     0.3441    91.7577 0.0000e+00
        311 104.655699    0.02152     1.2909     77.456     12.114  51361.375    31.9640     5.0634     12.000     5.0639    25.2622     7.1041    10.1524     98.565    309.449    317.266    0.00122    7.20751   10.30024  313.95603   16.14320 1.4701e+02     0.1949     0.3474    91.6815 0.0000e+00
        314 104.655710    0.02176     1.3057     78.342     13.123  51352.028    31.9572     5.0640     13.000     5.0595    25.2567     7.1084    10.1586     98.621    309.639    317.460    0.00116    7.20773   10.30056  313.96738   16.14376 1.3248e+02     0.2008     0.3448    91.7414 0.0000e+00
        318 104.655720    0.02200     1.3202     79.212     14.128  51363.458    31.9633     5.0582     14.000     5.0585    25.2622     7.1091    10.1597     98.622    309.671    317.494    0.00095    7.20843   10.30156  313.99600   16.14511 1.2678e+02     0.2077     0.3443    91.7510 0.0000e+00
        322 104.655731    0.02226     1.3357     80.142     15.146  51365.447    31.9650     5.0619     15.000     5.0631    25.2631     7.1045    10.1531     98.569    309.472    317.290    0.00035    7.20773   10.30056  313.96521   16.14363 1.2110e+02     0.2315     0.3412    91.8243 0.0000e+00
        325 104.655741    0.02251     1.3506     81.039     16.152  51360.640    31.9620     5.0656     16.000     5.0634    25.2604     7.1079    10.1578     98.621    309.616    317.437    0.00044    7.20721   10.29983  313.94392   16.14263 1.0527e+02     0.2445     0.3408    91.8324 0.0000e+00
        329 104.655752    0.02277     1.3660     81.961     17.155  51348.106    31.9516     5.0602     17.000     5.0520    25.2528     7.1127    10.1647     98.669    309.828    317.651    0.00059    7.20865   10.30188  314.00864   16.14575 9.5715e+01     0.2553     0.3414    91.8179 0.0000e+00
        333 104.655764    0.02306     1.3835     83.009     18.171  51364.685    31.9604     5.0502     18.000     5.0472    25.2609     7.1053    10.1542     98.549    309.506    317.324   -0.00022    7.20995   10.30375  314.06311   16.14831 8.9052e+01     0.2799     0.3403    91.8441 0.0000e+00
        337 104.655776    0.02334     1.4005     84.030     19.189  51355.601    31.9526     5.0453     19.000     5.0366    25.2552     7.1072    10.1569     98.559    309.589    317.408   -0.00023    7.21117   10.30549  314.11792   16.15096 7.5227e+01     0.3299     0.3443    91.7525 0.0000e+00
        340 104.655785    0.02357     1.4142     84.855     20.185  51365.999    31.9568     5.0342     20.000     5.0283    25.2598     7.1051    10.1539     98.505    309.496    317.313   -0.00044    7.21287   10.30791  314.19040   16.15438 6.7403e+01     0.3634     0.3455    91.7254 0.0000e+00
        345 104.655797    0.02386     1.4315     85.887     21.195  51374.597    31.9609     5.0276     21.000     5.0239    25.2636     7.1091    10.1595     98.547    309.667    317.490   -0.00030    7.21383   10.30929  314.23112   16.15631 6.2234e+01     0.4109     0.3438    91.7634 0.0000e+00
        349 104.655811    0.02419     1.4510     87.059     22.219  51373.423    31.9581     5.0210     22.000     5.0141    25.2622     7.1117    10.1634     98.568    309.785    317.611   -0.00015    7.21509   10.31109  314.28638   16.15895 5.3483e+01     0.4617     0.3408    91.8326 0.0000e+00
        353 104.655821    0.02442     1.4653     87.918     23.218  51380.998    31.9607     5.0115     23.000     5.0055    25.2653     7.1114    10.1629     98.542    309.770    317.597   -0.00028    7.21661   10.31326  314.35147   16.16204 4.8443e+01     0.5000     0.3437    91.7661 0.0000e+00
        356 104.655830    0.02465     1.4791     88.748     24.224  51389.640    31.9649     5.0054     24.000     5.0023    25.2693     7.1079    10.1579     98.482    309.618    317.441   -0.00062    7.21747   10.31448  314.38785   16.16375 4.3519e+01     0.5171     0.3427    91.7890 0.0000e+00
        359 104.655840    0.02489     1.4936     89.617     25.240  51393.515    31.9666     5.0037     25.000     5.0019    25.2708     7.1068    10.1563     98.463    309.565    317.388   -0.00069    7.21768   10.31479  314.39663   16.16416 3.8573e+01     0.5667     0.3424    91.7972 0.0000e+00
        363 104.655850    0.02512     1.5073     90.437     26.247  51394.768    31.9670     5.0041     26.000     5.0027    25.2711     7.1088    10.1592     98.493    309.655    317.480   -0.00048    7.21757   10.31463  314.39169   16.16393 3.4566e+01     0.5478     0.3434    91.7726 0.0000e+00
        366 104.655860    0.02536     1.5215     91.287     27.254  51394.492    31.9665     5.0049     27.000     5.0034    25.2707     7.1035    10.1516     98.420    309.421    317.240   -0.00077    7.21747   10.31448  314.38738   16.16373 3.0903e+01     0.6879     0.3461    91.7105 0.0000e+00
        370 104.655870    0.02561     1.5364     92.186     28.266  51393.991    31.9658     5.0058     28.000     5.0038    25.2700     7.1058    10.1549     98.454    309.524    317.346   -0.00058    7.21736   10.31432  314.38276   16.16351 2.7438e+01     0.5697     0.3484    91.6601 0.0000e+00
        373 104.655881    0.02585     1.5513     93.077     29.276  51393.867    31.9652     5.0057     29.000     5.0029    25.2696     7.1049    10.1537     98.441    309.485    317.306   -0.00049    7.21740   10.31437  314.38437   16.16359 2.4684e+01     0.5712     0.3425    91.7938 0.0000e+00
        377 104.655892    0.02612     1.5674     94.042     30.285  51395.736    31.9656     5.0036     30.000     4.9999    25.2701     7.1023    10.1499     98.400    309.369    317.187   -0.00070    7.21773   10.31485  314.39878   16.16428 2.2006e+01     0.5759     0.3388    91.8784 0.0000e+00
        381 104.655903    0.02639     1.5834     95.001     31.295  51399.966    31.9675     5.0013     31.000     4.9993    25.2719     7.1035    10.1516     98.413    309.422    317.241   -0.00054    7.21804   10.31531  314.41204   16.16490 1.9382e+01     0.5581     0.3398    91.8562 0.0000e+00
        384 104.655913    0.02663     1.5976     95.855     32.300  51400.536    31.9677     5.0024     32.000     5.0004    25.2719     7.1051    10.1539     98.438    309.492    317.314   -0.00036    7.21786   10.31503  314.40373   16.16450 1.7249e+01     0.5582     0.3423    91.7985 0.0000e+00
        388 104.655924    0.02689     1.6133     96.796     33.308  51400.286    31.9669     5.0023     33.000     4.9993    25.2713     7.0996    10.1460     98.361    309.253    317.069   -0.00071    7.21791   10.31512  314.40645   16.16463 1.5382e+01     0.5536     0.3393    91.8674 0.0000e+00
        393 104.655937    0.02721     1.6326     97.959     34.333  51402.335    31.9676     5.0011     34.000     4.9981    25.2720     7.1012    10.1482     98.380    309.319    317.136   -0.00054    7.21807   10.31534  314.41316   16.16495 1.3451e+01     0.5488     0.3362    91.9393 0.0000e+00
        397 104.655948    0.02747     1.6480     98.882     35.341  51404.172    31.9682     5.0002     35.000     4.9974    25.2726     7.1054    10.1544     98.437    309.504    317.327   -0.00019    7.21818   10.31552  314.41805   16.16518 1.1280e+01     0.5291     0.3365    91.9320 0.0000e+00
        399 104.655956    0.02767     1.6603     99.618     36.331  51404.628    31.9680     5.0000     36.000     4.9975    25.2724     7.1014    10.1485     98.381    309.330    317.148   -0.00044    7.21824   10.31558  314.42047   16.16530 1.1207e+01     0.5330     0.3428    91.7881 0.0000e+00
        405 104.655974    0.02809     1.6854    101.123     37.351  51406.913    31.9687     4.9984     37.000     4.9951    25.2732     7.0991    10.1453     98.346    309.230    317.045   -0.00055    7.21849   10.31595  314.43127   16.16581 8.7546e+00     0.5403     0.3355    91.9532 0.0000e+00
        412 104.655993    0.02855     1.7133    102.799     38.381  51409.713    31.9699     4.9976     38.000     4.9955    25.2742     7.0986    10.1446     98.339    309.209    317.024   -0.00044    7.21855   10.31603  314.43349   16.16591 7.7029e+00     0.5142     0.3296    92.0899 0.0000e+00
        415 104.656001    0.02875     1.7249    103.493     39.366  51408.682    31.9689     4.9984     39.000     4.9956    25.2733     7.0949    10.1393     98.288    309.047    316.857   -0.00062    7.21847   10.31592  314.43028   16.16576 6.8550e+00     0.5350     0.3387    91.8815 0.0000e+00
        421 104.656018    0.02916     1.7499    104.995     40.371  51410.176    31.9694     4.9986     40.000     4.9955    25.2738     7.0991    10.1452     98.346    309.228    317.043   -0.00028    7.21841   10.31583  314.42751   16.16563 6.2449e+00     0.5648     0.3371    91.9183 0.0000e+00
        427 104.656037    0.02961     1.7768    106.611     41.397  51410.067    31.9688     4.9985     41.000     4.9952    25.2733     7.1028    10.1507     98.399    309.394    317.214    0.00008    7.21847   10.31591  314.43003   16.16575 5.5724e+00     0.5266     0.3414    91.8192 0.0000e+00
        432 104.656051    0.02994     1.7964    107.783     42.393  51411.494    31.9693     4.9982     42.000     4.9950    25.2737     7.1040    10.1524     98.415    309.446    317.267    0.00001    7.21849   10.31595  314.43105   16.16579 5.2152e+00     0.5278     0.3392    91.8711 0.0000e+00
        441 104.656076    0.03056     1.8334    110.006     43.426  51410.626    31.9682     4.9983     43.000     4.9945    25.2729     7.0982    10.1440     98.333    309.192    317.006   -0.00037    7.21854   10.31601  314.43326   16.16590 5.0844e+00     0.5146     0.3365    91.9330 0.0000e+00
        444 104.656085    0.03076     1.8459    110.754     44.413  51413.975    31.9698     4.9974     44.000     4.9940    25.2742     7.0950    10.1394     98.287    309.049    316.860   -0.00076    7.21860   10.31610  314.43560   16.16601 4.4752e+00     0.5185     0.3402    91.8465 0.0000e+00
        451 104.656105    0.03123     1.8741    112.445     45.432  51414.202    31.9694     4.9975     45.000     4.9942    25.2740     7.0967    10.1419     98.311    309.125    316.938   -0.00048    7.21861   10.31611  314.43596   16.16603 3.4218e+00     0.5230     0.3352    91.9608 0.0000e+00
        458 104.656125    0.03171     1.9026    114.155     46.441  51415.287    31.9698     4.9976     46.000     4.9942    25.2742     7.0931    10.1367     98.262    308.969    316.777   -0.00054    7.21857   10.31606  314.43437   16.16595 2.4110e+00     0.5246     0.3359    91.9446 0.0000e+00
        461 104.656135    0.03197     1.9183    115.096     47.431  51415.958    31.9698     4.9976     47.000     4.9942    25.2741     7.0923    10.1357     98.252    308.937    316.744   -0.00062    7.21857   10.31606  314.43431   16.16595 2.0381e+00     0.5223     0.3344    91.9812 0.0000e+00
        472 104.656165    0.03268     1.9607    117.642     48.480  51416.814    31.9698     4.9978     48.000     4.9945    25.2743     7.1029    10.1508     98.399    309.398    317.217    0.00024    7.21853   10.31601  314.43263   16.16586 1.7879e+00     0.5100     0.3247    92.2028 0.0000e+00
        475 104.656174    0.03289     1.9731    118.388     49.457  51416.905    31.9695     4.9982     49.000     4.9942    25.2739     7.1009    10.1479     98.372    309.312    317.129    0.00002    7.21849   10.31595  314.43094   16.16579 1.6324e+00     0.5141     0.3303    92.0736 0.0000e+00
        482 104.656196    0.03342     2.0055    120.331     50.487  51418.459    31.9699     4.9977     50.000     4.9939    25.2743     7.0957    10.1404     98.297    309.080    316.891   -0.00037    7.21856   10.31604  314.43357   16.16591 1.5902e+00     0.5132     0.3272    92.1470 0.0000e+00
        487 104.656209    0.03375     2.0249    121.491     51.483  51419.280    31.9700     4.9975     51.000     4.9937    25.2744     7.0919    10.1351     98.246    308.919    316.726   -0.00067    7.21858   10.31607  314.43450   16.16596 1.4722e+00     0.5235     0.3334    92.0033 0.0000e+00
        492 104.656224    0.03409     2.0452    122.714     52.495  51420.781    31.9705     4.9974     52.000     4.9937    25.2748     7.0982    10.1440     98.332    309.189    317.004   -0.00012    7.21856   10.31605  314.43388   16.16593 1.2973e+00     0.5255     0.3297    92.0864 0.0000e+00
        497 104.656240    0.03447     2.0685    124.108     53.508  51421.105    31.9703     4.9976     53.000     4.9937    25.2746     7.0975    10.1430     98.323    309.161    316.975   -0.00016    7.21854   10.31602  314.43289   16.16588 1.0632e+00     0.5107     0.3287    92.1117 0.0000e+00
