CTD-processing/allCTD/CNV/2021_05-01_t6_s06_cast022_4141.cnv
* Sea-Bird SBE19plus Data File:
* FileName = C:\Users\steve\Desktop\GWA\CTD\2021_05-01_T6\2021_05-01_T6_S_cast022.hex
* Software Version 1.59
* Temperature SN =  4141
* Conductivity SN =  4141
* System UpLoad Time = May 02 2021 12:39:38
** Cook Inlet LTM T6
** Date: 05-01-2021
** Station:S06
** Start Time (AKDT):15:15
** Depth (m):146
** Comment:
** Comment:
# nquan = 27
# nvalues = 141                         
# units = specified
# name 0 = scan: Scan Count
# name 1 = timeJ: Julian Days
# name 2 = timeH: Time, Elapsed [hours]
# name 3 = timeM: Time, Elapsed [minutes]
# name 4 = timeS: Time, Elapsed [seconds]
# name 5 = prdM: Pressure, Strain Gauge [db]
# name 6 = specc: Specific Conductance [uS/cm]
# name 7 = sal00: Salinity, Practical [PSU]
# name 8 = tv290C: Temperature [ITS-90, deg C]
# name 9 = depSM: Depth [salt water, m], lat = 59.00
# name 10 = potemp090C: Potential Temperature [ITS-90, deg C]
# name 11 = sigma-é00: Density [sigma-theta, kg/m^3]
# name 12 = sbeox0ML/L: Oxygen, SBE 43 [ml/l]
# name 13 = sbeox0Mg/L: Oxygen, SBE 43 [mg/l]
# name 14 = sbeox0PS: Oxygen, SBE 43 [% saturation]
# name 15 = sbox0Mm/Kg: Oxygen, SBE 43 [umol/kg]
# name 16 = sbeox0Mm/L: Oxygen, SBE 43 [umol/l]
# name 17 = sbox0dV/dT: Oxygen, SBE 43 [dov/dt]
# name 18 = oxsolML/L: Oxygen Saturation, Garcia & Gordon [ml/l]
# name 19 = oxsolMg/L: Oxygen Saturation, Garcia & Gordon [mg/l]
# name 20 = oxsolMm/Kg: Oxygen Saturation, Garcia & Gordon [umol/kg]
# name 21 = n2satMg/L: Nitrogen Saturation [mg/l]
# name 22 = par: PAR/Irradiance, Biospherical/Licor
# name 23 = wetStar: Fluorescence, WET Labs WETstar [mg/m^3]
# name 24 = CStarAt0: Beam Attenuation, WET Labs C-Star [1/m]
# name 25 = CStarTr0: Beam Transmission, WET Labs C-Star [%]
# name 26 = flag: flag
# span 0 =        259,       1016       
# span 1 = 104.635909, 104.638099       
# span 2 =    0.01794,    0.07048       
# span 3 =     1.0762,     4.2290       
# span 4 =     64.570,    253.740       
# span 5 =      1.019,    142.376       
# span 6 =  51357.087,  51503.081       
# span 7 =    31.9662,    31.9828       
# span 8 =     4.9803,     5.0906       
# span 9 =      1.000,    141.000       
# span 10 =     4.9704,     5.0904      
# span 11 =    25.2632,    25.2867      
# span 12 =     6.3810,     7.1436      
# span 13 =     9.1190,    10.2090      
# span 14 =     88.570,     99.182      
# span 15 =    277.948,    311.172      
# span 16 =    284.973,    319.034      
# span 17 =   -0.00135,    0.01504      
# span 18 =    7.20247,    7.22110      
# span 19 =   10.29304,   10.31967      
# span 20 =  313.73555,  314.54120      
# span 21 =   16.13267,   16.17101      
# span 22 = -2.130e+00, 1.3848e+03      
# span 23 =     0.1646,     0.5428      
# span 24 =     0.2959,     0.4040      
# span 25 =    90.3939,    92.8709      
# span 26 = 0.0000e+00, 0.0000e+00      
# interval = meters: 1                  
# start_time = Apr 14 2021 15:14:38 [Instrument's time stamp, header]
# bad_flag = -9.990e-29
*END*
        259 104.635909    0.01794     1.0762     64.570      1.019  51373.931    31.9810     5.0766      1.000     5.0845    25.2741     6.3810     9.1190     88.570    277.948    284.973    0.01504    7.20441   10.29582  313.81727   16.13652 1.0940e+02     0.1646     0.4040    90.3939 0.0000e+00
        293 104.636006    0.02027     1.2158     72.950      2.025  51358.667    31.9729     5.0901      2.000     5.0904    25.2662     7.1436    10.2090     99.182    311.172    319.034    0.00863    7.20247   10.29306  313.73566   16.13267 1.0204e+02     0.1889     0.3896    90.7202 0.0000e+00
        295 104.636012    0.02039     1.2231     73.385      3.015  51357.087    31.9715     5.0906      3.000     5.0886    25.2650     7.1017    10.1490     98.601    309.345    317.161    0.00688    7.20247   10.29304  313.73555   16.13267 8.0129e+01     0.1811     0.3759    91.0295 0.0000e+00
        299 104.636025    0.02071     1.2427     74.565      4.047  51361.958    31.9735     5.0870      4.000     5.0872    25.2670     7.1052    10.1540     98.642    309.497    317.317    0.00521    7.20297   10.29377  313.75716   16.13369 7.5451e+01     0.1867     0.3581    91.4360 0.0000e+00
        303 104.636036    0.02098     1.2587     75.519      5.051  51360.493    31.9723     5.0882      5.000     5.0870    25.2660     7.0997    10.1461     98.568    309.258    317.072    0.00354    7.20284   10.29359  313.75190   16.13344 7.3183e+01     0.2144     0.3570    91.4622 0.0000e+00
        307 104.636046    0.02122     1.2730     76.378      6.049  51364.149    31.9741     5.0874      6.000     5.0868    25.2675     7.1034    10.1515     98.619    309.420    317.238    0.00295    7.20289   10.29364  313.75320   16.13350 6.8940e+01     0.2331     0.3572    91.4568 0.0000e+00
        311 104.636059    0.02152     1.2911     77.465      7.067  51361.531    31.9712     5.0845      7.000     5.0828    25.2655     7.1067    10.1562     98.656    309.565    317.387    0.00240    7.20352   10.29455  313.78152   16.13486 6.3847e+01     0.2309     0.3522    91.5707 0.0000e+00
        316 104.636073    0.02185     1.3113     78.678      8.070  51365.446    31.9732     5.0835      8.000     5.0831    25.2672     7.1028    10.1506     98.600    309.392    317.209    0.00139    7.20360   10.29466  313.78424   16.13498 6.4290e+01     0.2530     0.3503    91.6160 0.0000e+00
        321 104.636089    0.02224     1.3343     80.059      9.091  51366.733    31.9737     5.0843      9.000     5.0836    25.2676     7.0962    10.1413     98.512    309.110    316.919    0.00045    7.20344   10.29444  313.77749   16.13466 6.1744e+01     0.2835     0.3451    91.7352 0.0000e+00
        326 104.636102    0.02256     1.3536     81.213     10.090  51367.658    31.9736     5.0831     10.000     5.0827    25.2676     7.0943    10.1385     98.482    309.024    316.832    0.00012    7.20366   10.29474  313.78665   16.13509 5.6844e+01     0.3052     0.3458    91.7167 0.0000e+00
        332 104.636119    0.02296     1.3774     82.642     11.110  51363.834    31.9710     5.0857     11.000     5.0814    25.2653     7.0987    10.1447     98.547    309.215    317.028    0.00031    7.20333   10.29427  313.77300   16.13446 5.3076e+01     0.3003     0.3419    91.8070 0.0000e+00
        337 104.636133    0.02330     1.3983     83.897     12.117  51362.455    31.9662     5.0699     12.000     5.0639    25.2632     7.0986    10.1447     98.507    309.214    317.025   -0.00000    7.20627   10.29847  313.90169   16.14060 4.9641e+01     0.3282     0.3425    91.7937 0.0000e+00
        341 104.636145    0.02359     1.4153     84.921     13.121  51372.428    31.9713     5.0641     13.000     5.0617    25.2678     7.0941    10.1382     98.433    309.015    316.823   -0.00043    7.20704   10.29957  313.93378   16.14211 4.4779e+01     0.3538     0.3472    91.6857 0.0000e+00
        347 104.636163    0.02402     1.4412     86.472     14.130  51378.466    31.9745     5.0624     14.000     5.0622    25.2707     7.0990    10.1453     98.500    309.231    317.045   -0.00013    7.20718   10.29978  313.93901   16.14235 4.0948e+01     0.4187     0.3486    91.6542 0.0000e+00
        353 104.636181    0.02446     1.4677     88.064     15.141  51376.624    31.9735     5.0655     15.000     5.0644    25.2694     7.1013    10.1485     98.538    309.327    317.144    0.00002    7.20669   10.29908  313.91832   16.14137 3.7273e+01     0.4308     0.3406    91.8371 0.0000e+00
        358 104.636195    0.02478     1.4871     89.228     16.149  51379.095    31.9746     5.0653     16.000     5.0649    25.2704     7.1007    10.1475     98.529    309.298    317.114   -0.00007    7.20667   10.29905  313.91690   16.14129 3.3715e+01     0.4204     0.3400    91.8511 0.0000e+00
        363 104.636210    0.02514     1.5085     90.510     17.167  51377.910    31.9736     5.0668     17.000     5.0655    25.2694     7.1029    10.1508     98.563    309.400    317.219    0.00001    7.20645   10.29874  313.90788   16.14087 3.0413e+01     0.4582     0.3374    91.9104 0.0000e+00
        367 104.636221    0.02541     1.5246     91.474     18.169  51373.580    31.9698     5.0653     18.000     5.0606    25.2666     7.1088    10.1591     98.639    309.653    317.476    0.00036    7.20689   10.29936  313.92773   16.14183 2.7460e+01     0.4431     0.3394    91.8637 0.0000e+00
        372 104.636237    0.02580     1.5478     92.870     19.182  51377.438    31.9698     5.0555     19.000     5.0510    25.2677     7.1033    10.1513     98.539    309.414    317.232   -0.00023    7.20858   10.30179  314.00135   16.14534 2.5263e+01     0.4513     0.3375    91.9097 0.0000e+00
        379 104.636255    0.02623     1.5741     94.445     20.205  51385.839    31.9735     5.0479     20.000     5.0456    25.2714     7.0978    10.1434     98.447    309.172    316.986   -0.00066    7.20973   10.30342  314.05003   16.14763 2.2909e+01     0.4833     0.3396    91.8598 0.0000e+00
        382 104.636263    0.02643     1.5858     95.147     21.184  51387.010    31.9736     5.0471     21.000     5.0456    25.2717     7.0975    10.1430     98.441    309.159    316.973   -0.00069    7.20987   10.30362  314.05589   16.14791 2.0601e+01     0.4912     0.3435    91.7713 0.0000e+00
        388 104.636283    0.02690     1.6137     96.825     22.213  51380.016    31.9688     5.0495     22.000     5.0450    25.2676     7.1024    10.1502     98.513    309.379    317.197   -0.00016    7.20967   10.30334  314.04860   16.14759 1.9130e+01     0.4941     0.3386    91.8848 0.0000e+00
        394 104.636299    0.02728     1.6369     98.215     23.228  51388.527    31.9707     5.0337     23.000     5.0286    25.2708     7.1031    10.1510     98.485    309.405    317.223   -0.00032    7.21231   10.30711  314.16261   16.15301 1.7420e+01     0.4916     0.3344    91.9790 0.0000e+00
        397 104.636308    0.02750     1.6503     99.017     24.221  51387.761    31.9688     5.0298     24.000     5.0238    25.2697     7.1005    10.1473     98.440    309.292    317.108   -0.00054    7.21304   10.30816  314.19486   16.15455 1.6067e+01     0.5064     0.3384    91.8878 0.0000e+00
        403 104.636326    0.02793     1.6758    100.545     25.235  51400.346    31.9767     5.0283     25.000     5.0280    25.2761     7.0987    10.1447     98.416    309.212    317.027   -0.00052    7.21294   10.30801  314.18838   16.15421 1.4784e+01     0.5192     0.3365    91.9320 0.0000e+00
        410 104.636345    0.02838     1.7029    102.177     26.246  51396.341    31.9737     5.0293     26.000     5.0271    25.2737     7.0996    10.1462     98.430    309.255    317.071   -0.00041    7.21291   10.30797  314.18788   16.15420 1.3086e+01     0.5075     0.3357    91.9499 0.0000e+00
        415 104.636359    0.02872     1.7234    103.402     27.264  51395.947    31.9728     5.0292     27.000     5.0254    25.2731     7.0994    10.1457     98.425    309.242    317.058   -0.00034    7.21297   10.30806  314.19085   16.15435 1.1714e+01     0.5428     0.3308    92.0626 0.0000e+00
        419 104.636370    0.02900     1.7399    104.394     28.259  51392.927    31.9688     5.0224     28.000     5.0155    25.2706     7.1018    10.1491     98.439    309.347    317.164   -0.00027    7.21433   10.31000  314.25075   16.15721 1.0486e+01     0.5110     0.3322    92.0299 0.0000e+00
        423 104.636384    0.02934     1.7604    105.622     29.281  51407.269    31.9766     5.0155     29.000     5.0146    25.2775     7.1039    10.1522     98.459    309.441    317.263   -0.00020    7.21515   10.31117  314.28423   16.15877 9.4128e+00     0.5264     0.3297    92.0881 0.0000e+00
        428 104.636398    0.02966     1.7798    106.789     30.279  51403.921    31.9741     5.0168     30.000     5.0136    25.2754     7.1018    10.1492     98.430    309.348    317.166   -0.00033    7.21506   10.31104  314.28093   16.15862 8.4520e+00     0.5074     0.3314    92.0493 0.0000e+00
        435 104.636417    0.03012     1.8074    108.443     31.299  51407.413    31.9755     5.0144     31.000     5.0123    25.2768     7.1048    10.1534     98.467    309.476    317.299   -0.00008    7.21539   10.31151  314.29469   16.15928 7.5637e+00     0.5121     0.3332    92.0071 0.0000e+00
        440 104.636433    0.03050     1.8297    109.782     32.308  51411.723    31.9784     5.0161     32.000     5.0164    25.2788     7.1000    10.1467     98.407    309.270    317.088   -0.00041    7.21496   10.31089  314.27555   16.15835 6.9460e+00     0.5121     0.3273    92.1427 0.0000e+00
        445 104.636448    0.03085     1.8513    111.078     33.309  51406.078    31.9751     5.0212     33.000     5.0191    25.2757     7.1016    10.1488     98.438    309.337    317.155   -0.00022    7.21424   10.30987  314.24512   16.15692 6.3170e+00     0.5152     0.3288    92.1085 0.0000e+00
        452 104.636468    0.03134     1.8802    112.812     34.346  51402.661    31.9721     5.0203     34.000     5.0157    25.2734     7.1039    10.1523     98.467    309.441    317.262 4.4560e-07    7.21455   10.31031  314.25930   16.15760 5.6862e+00     0.5100     0.3272    92.1454 0.0000e+00
        455 104.636477    0.03154     1.8925    113.551     35.325  51406.060    31.9731     5.0165     35.000     5.0121    25.2747     7.0997    10.1462     98.400    309.256    317.073   -0.00045    7.21516   10.31118  314.28548   16.15885 5.1582e+00     0.5093     0.3343    91.9811 0.0000e+00
        461 104.636492    0.03192     1.9149    114.896     36.338  51410.673    31.9746     5.0115     36.000     5.0077    25.2764     7.0976    10.1433     98.361    309.166    316.981   -0.00058    7.21594   10.31230  314.31898   16.16044 4.8219e+00     0.5150     0.3288    92.1078 0.0000e+00
        468 104.636512    0.03240     1.9443    116.656     37.361  51414.700    31.9765     5.0097     37.000     5.0070    25.2781     7.0936    10.1375     98.302    308.992    316.803   -0.00064    7.21616   10.31262  314.32807   16.16086 4.6197e+00     0.4948     0.3266    92.1598 0.0000e+00
        472 104.636525    0.03270     1.9618    117.709     38.354  51414.854    31.9761     5.0098     38.000     5.0070    25.2778     7.0973    10.1428     98.353    309.151    316.967   -0.00042    7.21616   10.31262  314.32824   16.16087 4.4313e+00     0.5161     0.3297    92.0882 0.0000e+00
        478 104.636541    0.03311     1.9862    119.171     39.383  51415.201    31.9759     5.0097     39.000     5.0066    25.2777     7.1021    10.1496     98.420    309.360    317.181    0.00009    7.21619   10.31266  314.32948   16.16093 4.3064e+00     0.5265     0.3240    92.2192 0.0000e+00
        482 104.636554    0.03339     2.0035    120.209     40.374  51416.883    31.9764     5.0091     40.000     5.0063    25.2781     7.0980    10.1438     98.361    309.182    316.997   -0.00035    7.21626   10.31276  314.33256   16.16108 4.0058e+00     0.5096     0.3273    92.1426 0.0000e+00
        487 104.636569    0.03377     2.0264    121.581     41.394  51416.559    31.9757     5.0096     41.000     5.0063    25.2776     7.1030    10.1509     98.431    309.400    317.220    0.00004    7.21621   10.31269  314.33053   16.16098 3.7190e+00     0.5204     0.3256    92.1823 0.0000e+00
        492 104.636584    0.03411     2.0466    122.798     42.409  51417.266    31.9755     5.0085     42.000     5.0051    25.2775     7.1049    10.1536     98.455    309.482    317.305    0.00010    7.21641   10.31297  314.33911   16.16139 3.3192e+00     0.5196     0.3269    92.1535 0.0000e+00
        496 104.636593    0.03436     2.0616    123.697     43.402  51419.358    31.9763     5.0078     43.000     5.0043    25.2782     7.1022    10.1497     98.417    309.364    317.185   -0.00019    7.21650   10.31310  314.34283   16.16157 2.8752e+00     0.5181     0.3273    92.1421 0.0000e+00
        502 104.636613    0.03482     2.0890    125.343     44.423  51419.829    31.9758     5.0066     44.000     5.0020    25.2780     7.0956    10.1403     98.322    309.077    316.889   -0.00060    7.21672   10.31341  314.35249   16.16203 2.4006e+00     0.5048     0.3217    92.2720 0.0000e+00
        509 104.636630    0.03525     2.1146    126.878     45.438  51423.588    31.9769     5.0020     45.000     4.9974    25.2794     7.0892    10.1312     98.223    308.799    316.605   -0.00094    7.21747   10.31448  314.38477   16.16356 2.0422e+00     0.4976     0.3247    92.2012 0.0000e+00
        511 104.636639    0.03544     2.1265    127.587     46.435  51426.099    31.9779     5.0007     46.000     4.9971    25.2803     7.0825    10.1217     98.128    308.507    316.307   -0.00135    7.21763   10.31473  314.39179   16.16389 1.8597e+00     0.5027     0.3273    92.1430 0.0000e+00
        517 104.636657    0.03586     2.1519    129.117     47.449  51426.359    31.9775     5.0006     47.000     4.9972    25.2800     7.0894    10.1314     98.222    308.804    316.612   -0.00066    7.21768   10.31479  314.39374   16.16398 1.7160e+00     0.4912     0.3241    92.2163 0.0000e+00
        523 104.636673    0.03626     2.1757    130.539     48.459  51427.976    31.9781     5.0006     48.000     4.9968    25.2805     7.0875    10.1288     98.197    308.724    316.529   -0.00063    7.21764   10.31472  314.39152   16.16387 1.5763e+00     0.4854     0.3257    92.1806 0.0000e+00
        527 104.636685    0.03656     2.1934    131.605     49.458  51428.830    31.9780     4.9997     49.000     4.9956    25.2805     7.0930    10.1366     98.271    308.963    316.774   -0.00022    7.21782   10.31498  314.39952   16.16426 1.4523e+00     0.5061     0.3234    92.2335 0.0000e+00
        534 104.636705    0.03704     2.2224    133.346     50.495  51430.686    31.9786     4.9986     50.000     4.9953    25.2811     7.0955    10.1402     98.303    309.071    316.885   -0.00007    7.21797   10.31521  314.40610   16.16457 1.3087e+00     0.4943     0.3175    92.3699 0.0000e+00
        538 104.636716    0.03728     2.2369    134.217     51.479  51429.935    31.9778     4.9996     51.000     4.9967    25.2803     7.0972    10.1426     98.329    309.148    316.963    0.00003    7.21783   10.31501  314.40040   16.16431 1.1854e+00     0.4914     0.3237    92.2278 0.0000e+00
        545 104.636736    0.03778     2.2669    136.013     52.504  51430.385    31.9779     5.0009     52.000     4.9969    25.2803     7.0931    10.1367     98.275    308.966    316.777   -0.00024    7.21761   10.31468  314.39042   16.16383 1.0871e+00     0.5129     0.3214    92.2787 0.0000e+00
        550 104.636750    0.03810     2.2860    137.158     53.502  51431.734    31.9782     5.0006     53.000     4.9969    25.2806     7.0918    10.1349     98.257    308.912    316.721   -0.00027    7.21764   10.31472  314.39154   16.16387 9.8985e-01     0.4948     0.3271    92.1469 0.0000e+00
