CTD-processing/allCTD/CNV/2021_10-21_ab_s11_cast200_4141.cnv
* Sea-Bird SBE19plus Data File:
* FileName = C:\Users\steve\Desktop\GWA\CTD\2021_10-21_AB\2021_10-21_AB_S0_cast200.hex
* Software Version 1.59
* Temperature SN =  4141
* Conductivity SN =  4141
* System UpLoad Time = Oct 22 2021 15:20:56
** Cook Inlet LTM AB
** Date: 10-21-2021
** Station:S11
** Start Time (AKDT):11:13
** Depth (m):57
** Comment:
** Comment:
# nquan = 27
# nvalues = 49                          
# units = specified
# name 0 = scan: Scan Count
# name 1 = timeJ: Julian Days
# name 2 = timeH: Time, Elapsed [hours]
# name 3 = timeM: Time, Elapsed [minutes]
# name 4 = timeS: Time, Elapsed [seconds]
# name 5 = prdM: Pressure, Strain Gauge [db]
# name 6 = specc: Specific Conductance [uS/cm]
# name 7 = sal00: Salinity, Practical [PSU]
# name 8 = tv290C: Temperature [ITS-90, deg C]
# name 9 = depSM: Depth [salt water, m], lat = 59.00
# name 10 = potemp090C: Potential Temperature [ITS-90, deg C]
# name 11 = sigma-é00: Density [sigma-theta, kg/m^3]
# name 12 = sbeox0ML/L: Oxygen, SBE 43 [ml/l]
# name 13 = sbeox0Mg/L: Oxygen, SBE 43 [mg/l]
# name 14 = sbeox0PS: Oxygen, SBE 43 [% saturation]
# name 15 = sbox0Mm/Kg: Oxygen, SBE 43 [umol/kg]
# name 16 = sbeox0Mm/L: Oxygen, SBE 43 [umol/l]
# name 17 = sbox0dV/dT: Oxygen, SBE 43 [dov/dt]
# name 18 = oxsolML/L: Oxygen Saturation, Garcia & Gordon [ml/l]
# name 19 = oxsolMg/L: Oxygen Saturation, Garcia & Gordon [mg/l]
# name 20 = oxsolMm/Kg: Oxygen Saturation, Garcia & Gordon [umol/kg]
# name 21 = n2satMg/L: Nitrogen Saturation [mg/l]
# name 22 = par: PAR/Irradiance, Biospherical/Licor
# name 23 = wetStar: Fluorescence, WET Labs WETstar [mg/m^3]
# name 24 = CStarAt0: Beam Attenuation, WET Labs C-Star [1/m]
# name 25 = CStarTr0: Beam Transmission, WET Labs C-Star [%]
# name 26 = flag: flag
# span 0 =        300,        553       
# span 1 = 294.467984, 294.468715       
# span 2 =    0.02078,    0.03833       
# span 3 =     1.2469,     2.2996       
# span 4 =     74.811,    137.978       
# span 5 =      1.010,     49.463       
# span 6 =  48256.268,  49100.460       
# span 7 =    30.3650,    31.0014       
# span 8 =     8.0705,     8.6360       
# span 9 =      1.000,     49.000       
# span 10 =     8.0805,     8.6341      
# span 11 =    23.6262,    24.0596      
# span 12 =     5.6389,     5.8894      
# span 13 =     8.0586,     8.4165      
# span 14 =     84.246,     87.212      
# span 15 =    245.918,    256.920      
# span 16 =    251.835,    263.019      
# span 17 =   -0.00424,    0.00507      
# span 18 =    6.68722,    6.79133      
# span 19 =    9.55671,    9.70549      
# span 20 =  291.68912,  296.30028      
# span 21 =   15.08626,   15.30814      
# span 22 = 5.1824e-02, 3.0505e+01      
# span 23 =     0.1168,     0.2648      
# span 24 =     0.5789,     1.3627      
# span 25 =    71.1290,    86.5277      
# span 26 = 0.0000e+00, 0.0000e+00      
# interval = meters: 1                  
# start_time = Oct 21 2021 11:12:39 [Instrument's time stamp, header]
# bad_flag = -9.990e-29
*END*
        300 294.467984    0.02078     1.2469     74.811      1.010  48256.268    30.3650     8.0705      1.000     8.0805    23.6262     5.8768     8.3985     86.533    256.398    262.456    0.00467    6.79133    9.70549  296.30028   15.30814 3.0505e+01     0.1661     1.2613    72.9535 0.0000e+00
        306 294.468000    0.02116     1.2696     76.177      2.020  48478.406    30.5315     8.1521      2.000     8.2003    23.7453     5.8818     8.4057     86.862    256.587    262.680    0.00476    6.77143    9.67705  295.39770   15.26436 2.4177e+01     0.1341     1.2144    73.8216 0.0000e+00
        311 294.468014    0.02151     1.2905     77.429      3.030  48473.588    30.5408     8.2401      3.000     8.2587    23.7400     5.8894     8.4165     87.153    256.920    263.019    0.00507    6.75754    9.65720  294.79323   15.23547 2.4494e+01     0.2027     1.0709    76.5162 0.0000e+00
        315 294.468028    0.02183     1.3101     78.603      4.034  48646.886    30.6706     8.3021      4.000     8.3650    23.8328     5.8675     8.3852     87.023    255.940    262.040    0.00273    6.74240    9.63556  294.10609   15.20213 2.5093e+01     0.2100     0.9865    78.1459 0.0000e+00
        321 294.468043    0.02219     1.3318     79.905      5.052  48663.623    30.7041     8.4541      5.000     8.4791    23.8372     5.8587     8.3727     87.212    255.560    261.651    0.00286    6.71785    9.60048  293.03401   15.15080 2.3309e+01     0.2648     0.8972    79.9070 0.0000e+00
        325 294.468056    0.02251     1.3509     81.053      6.050  48661.402    30.7075     8.4906      6.000     8.5089    23.8346     5.8277     8.3283     86.822    254.205    260.264    0.00018    6.71218    9.59238  292.78751   15.13901 2.0226e+01     0.2403     0.8887    80.0768 0.0000e+00
        331 294.468072    0.02290     1.3735     82.411      7.074  48675.604    30.7245     8.5432      7.000     8.5571    23.8403     5.7717     8.2483     86.099    251.759    257.761   -0.00415    6.70349    9.57996  292.40683   15.12076 1.7060e+01     0.2232     0.8604    80.6461 0.0000e+00
        335 294.468085    0.02320     1.3922     83.533      8.071  48681.348    30.7320     8.5701      8.000     8.5792    23.8422     5.7536     8.2225     85.886    250.973    256.956   -0.00424    6.69912    9.57371  292.21556   15.11159 1.4279e+01     0.2358     0.8037    81.7968 0.0000e+00
        340 294.468100    0.02356     1.4139     84.833      9.086  48682.369    30.7353     8.5913      9.000     8.5963    23.8417     5.7430     8.2073     85.770    250.510    256.482   -0.00352    6.69577    9.56893  292.06979   15.10462 1.1842e+01     0.2299     0.7625    82.6434 0.0000e+00
        346 294.468116    0.02395     1.4368     86.208     10.098  48703.832    30.7529     8.6122     10.000     8.6185    23.8524     5.7364     8.1979     85.722    250.219    256.188   -0.00267    6.69187    9.56335  291.89646   15.09627 9.7888e+00     0.2132     0.7258    83.4062 0.0000e+00
        351 294.468130    0.02428     1.4566     87.398     11.099  48706.885    30.7563     8.6238     11.000     8.6253    23.8534     5.7289     8.1872     85.634    249.892    255.853   -0.00238    6.68998    9.56065  291.81386   15.09231 8.2491e+00     0.2286     0.6920    84.1131 0.0000e+00
        356 294.468145    0.02466     1.4797     88.780     12.122  48707.528    30.7570     8.6286     12.000     8.6277    23.8533     5.7282     8.1862     85.634    249.863    255.823   -0.00165    6.68923    9.55957  291.78086   15.09073 6.9550e+00     0.2012     0.6723    84.5303 0.0000e+00
        361 294.468159    0.02497     1.4981     89.887     13.114  48711.516    30.7595     8.6293     13.000     8.6283    23.8551     5.7235     8.1795     85.566    249.656    255.612   -0.00156    6.68902    9.55927  291.77127   15.09026 5.8396e+00     0.2413     0.6710    84.5583 0.0000e+00
        367 294.468176    0.02540     1.5237     91.419     14.144  48723.867    30.7679     8.6311     14.000     8.6309    23.8614     5.7243     8.1806     85.585    249.690    255.647   -0.00099    6.68839    9.55838  291.74233   15.08885 4.8890e+00     0.1986     0.6551    84.8936 0.0000e+00
        371 294.468189    0.02569     1.5417     92.502     15.139  48732.317    30.7738     8.6338     15.000     8.6329    23.8656     5.7282     8.1862     85.653    249.859    255.822   -0.00038    6.68772    9.55742  291.71173   15.08736 4.0422e+00     0.2276     0.6448    85.1131 0.0000e+00
        376 294.468204    0.02606     1.5635     93.812     16.152  48737.246    30.7770     8.6350     16.000     8.6338    23.8680     5.7256     8.1825     85.618    249.746    255.707   -0.00049    6.68741    9.55698  291.69757   15.08667 3.4728e+00     0.2418     0.6295    85.4396 0.0000e+00
        382 294.468220    0.02644     1.5862     95.168     17.168  48739.136    30.7780     8.6360     17.000     8.6341    23.8687     5.7296     8.1881     85.679    249.915    255.880   -0.00007    6.68722    9.55671  291.68912   15.08626 2.8992e+00     0.2267     0.6207    85.6276 0.0000e+00
        386 294.468232    0.02674     1.6044     96.265     18.163  48743.748    30.7805     8.6342     18.000     8.6304    23.8709     5.7307     8.1897     85.695    249.966    255.933    0.00000    6.68737    9.55691  291.69472   15.08652 2.4638e+00     0.2114     0.6219    85.6006 0.0000e+00
        392 294.468251    0.02718     1.6312     97.875     19.192  48756.801    30.7882     8.6266     19.000     8.6217    23.8780     5.7302     8.1891     85.677    249.945    255.914   -0.00019    6.68818    9.55808  291.72827   15.08810 2.0797e+00     0.2331     0.6030    86.0054 0.0000e+00
        397 294.468263    0.02748     1.6486     98.913     20.182  48770.451    30.7962     8.6189     20.000     8.6110    23.8854     5.7332     8.1934     85.711    250.073    256.046   -0.00003    6.68899    9.55923  291.76142   15.08964 1.7672e+00     0.2532     0.6032    86.0014 0.0000e+00
        402 294.468279    0.02787     1.6721    100.325     21.207  48803.324    30.8163     8.6022     21.000     8.5957    23.9037     5.7443     8.2093     85.857    250.556    256.545    0.00074    6.69062    9.56157  291.82765   15.09273 1.5055e+00     0.2015     0.5835    86.4258 0.0000e+00
        408 294.468295    0.02825     1.6948    101.691     22.209  48833.257    30.8351     8.5906     22.000     8.5827    23.9201     5.7459     8.2114     85.867    250.616    256.611    0.00049    6.69155    9.56290  291.86331   15.09435 1.2855e+00     0.2178     0.5789    86.5277 0.0000e+00
        413 294.468310    0.02861     1.7169    103.015     23.215  48886.116    30.8688     8.5711     23.000     8.5575    23.9494     5.7506     8.2183     85.920    250.817    256.824    0.00057    6.69302    9.56500  291.91909   15.09688 1.0955e+00     0.2166     0.5825    86.4473 0.0000e+00
        418 294.468326    0.02899     1.7395    104.372     24.231  48932.874    30.8976     8.5475     24.000     8.5411    23.9755     5.7491     8.2160     85.867    250.742    256.753    0.00001    6.69533    9.56829  292.01235   15.10121 9.4289e-01     0.2237     0.6000    86.0698 0.0000e+00
        423 294.468340    0.02933     1.7601    105.603     25.233  48960.616    30.9154     8.5391     25.000     8.5333    23.9906     5.7457     8.2111     85.809    250.588    256.601   -0.00037    6.69582    9.56899  292.02916   15.10194 7.9862e-01     0.1862     0.6269    85.4941 0.0000e+00
        429 294.468358    0.02975     1.7849    107.094     26.251  49003.430    30.9438     8.5310     26.000     8.5274    24.0139     5.7431     8.2074     85.771    250.471    256.485   -0.00052    6.69581    9.56897  292.02205   15.10149 6.8266e-01     0.1797     0.6481    85.0416 0.0000e+00
        434 294.468372    0.03010     1.8062    108.369     27.253  49024.857    30.9582     8.5303     27.000     8.5279    24.0254     5.7429     8.2072     85.775    250.459    256.477   -0.00036    6.69527    9.56822  291.99572   15.10017 5.7567e-01     0.1652     0.7018    83.9069 0.0000e+00
        440 294.468388    0.03047     1.8281    109.686     28.266  49032.911    30.9634     8.5305     28.000     8.5275    24.0295     5.7363     8.1977     85.680    250.169    256.181   -0.00079    6.69502    9.56785  291.98340   15.09956 4.8725e-01     0.1738     0.7541    82.8175 0.0000e+00
        445 294.468404    0.03085     1.8514    111.086     29.276  49041.086    30.9686     8.5298     29.000     8.5266    24.0337     5.7182     8.1719     85.412    249.382    255.375   -0.00196    6.69490    9.56768  291.97689   15.09923 4.0998e-01     0.1560     0.7926    82.0244 0.0000e+00
        451 294.468419    0.03123     1.8738    112.430     30.285  49044.813    30.9707     8.5293     30.000     8.5263    24.0354     5.7070     8.1558     85.244    248.892    254.874   -0.00234    6.69489    9.56767  291.97596   15.09918 3.4345e-01     0.1460     0.8236    81.3923 0.0000e+00
        456 294.468436    0.03163     1.8974    113.844     31.299  49050.512    30.9742     8.5291     31.000     8.5258    24.0382     5.7064     8.1550     85.238    248.868    254.850   -0.00165    6.69476    9.56748  291.96964   15.09886 2.8720e-01     0.1418     0.8446    80.9656 0.0000e+00
        461 294.468448    0.03193     1.9158    114.947     32.304  49054.619    30.9766     8.5286     32.000     8.5252    24.0401     5.7101     8.1602     85.292    249.024    255.011   -0.00083    6.69474    9.56745  291.96811   15.09878 2.3794e-01     0.1267     0.8977    79.8979 0.0000e+00
        466 294.468464    0.03231     1.9386    116.316     33.318  49058.934    30.9791     8.5283     33.000     8.5250    24.0422     5.7013     8.1476     85.161    248.640    254.617   -0.00135    6.69467    9.56735  291.96451   15.09860 2.0232e-01     0.1296     0.9225    79.4029 0.0000e+00
        471 294.468478    0.03264     1.9585    117.509     34.311  49062.628    30.9812     8.5283     34.000     8.5249    24.0439     5.6985     8.1436     85.121    248.519    254.494   -0.00119    6.69458    9.56722  291.95988   15.09837 1.6981e-01     0.1299     0.9690    78.4870 0.0000e+00
        477 294.468495    0.03304     1.9822    118.933     35.341  49069.287    30.9855     8.5288     35.000     8.5263    24.0472     5.6956     8.1395     85.081    248.392    254.365   -0.00106    6.69432    9.56685  291.94776   15.09777 1.4416e-01     0.1400     0.9840    78.1928 0.0000e+00
        481 294.468508    0.03336     2.0016    120.094     36.336  49074.881    30.9894     8.5313     36.000     8.5281    24.0498     5.6899     8.1314     85.003    248.143    254.111   -0.00121    6.69378    9.56608  291.92362   15.09661 1.1553e-01     0.1378     1.0243    77.4078 0.0000e+00
        487 294.468524    0.03375     2.0252    121.512     37.364  49080.841    30.9931     8.5317     37.000     8.5275    24.0528     5.6795     8.1166     84.850    247.689    253.646   -0.00170    6.69355    9.56574  291.91238   15.09605 9.9681e-02     0.1612     1.0605    76.7107 0.0000e+00
        492 294.468539    0.03409     2.0455    122.728     38.359  49083.628    30.9945     8.5307     38.000     8.5266    24.0540     5.6698     8.1027     84.704    247.263    253.211   -0.00200    6.69364    9.56588  291.91623   15.09623 8.9237e-02     0.1249     1.1112    75.7448 0.0000e+00
        498 294.468555    0.03449     2.0694    124.165     39.379  49087.034    30.9963     8.5298     39.000     8.5258    24.0555     5.6637     8.0940     84.612    246.999    252.941   -0.00180    6.69370    9.56596  291.91823   15.09632 7.9993e-02     0.1289     1.1524    74.9690 0.0000e+00
        502 294.468569    0.03482     2.0891    125.346     40.377  49089.710    30.9977     8.5295     40.000     8.5254    24.0567     5.6585     8.0866     84.536    246.775    252.711   -0.00177    6.69369    9.56595  291.91727   15.09627 7.3026e-02     0.1303     1.1944    74.1853 0.0000e+00
        508 294.468586    0.03522     2.1133    126.798     41.389  49090.831    30.9980     8.5294     41.000     8.5253    24.0570     5.6536     8.0796     84.461    246.558    252.490   -0.00163    6.69368    9.56595  291.91742   15.09628 6.7134e-02     0.1242     1.2208    73.6965 0.0000e+00
        514 294.468601    0.03560     2.1361    128.164     42.405  49092.158    30.9986     8.5297     42.000     8.5256    24.0574     5.6555     8.0822     84.490    246.640    252.574   -0.00098    6.69362    9.56585  291.91436   15.09612 6.3096e-02     0.1243     1.2306    73.5189 0.0000e+00
        519 294.468616    0.03595     2.1569    129.413     43.404  49093.409    30.9990     8.5299     43.000     8.5256    24.0577     5.6523     8.0777     84.444    246.500    252.431   -0.00097    6.69357    9.56578  291.91196   15.09601 5.9996e-02     0.1225     1.2640    72.9062 0.0000e+00
        524 294.468632    0.03634     2.1802    130.813     44.426  49091.468    30.9973     8.5300     44.000     8.5257    24.0563     5.6563     8.0835     84.503    246.677    252.612   -0.00039    6.69363    9.56586  291.91504   15.09617 5.7308e-02     0.1234     1.2759    72.6899 0.0000e+00
        529 294.468647    0.03669     2.2013    132.080     45.430  49096.178    31.0001     8.5300     45.000     8.5254    24.0585     5.6512     8.0762     84.429    246.455    252.384   -0.00070    6.69351    9.56569  291.90910   15.09587 5.5593e-02     0.1298     1.3034    72.1910 0.0000e+00
        534 294.468661    0.03704     2.2226    133.353     46.435  49097.716    31.0007     8.5299     46.000     8.5254    24.0591     5.6502     8.0747     84.414    246.410    252.338   -0.00061    6.69350    9.56567  291.90814   15.09582 5.4477e-02     0.1566     1.3411    71.5136 0.0000e+00
        539 294.468676    0.03739     2.2437    134.624     47.448  49098.986    31.0012     8.5300     47.000     8.5254    24.0594     5.6464     8.0692     84.357    246.244    252.168   -0.00075    6.69345    9.56561  291.90648   15.09574 5.3462e-02     0.1564     1.3625    71.1322 0.0000e+00
        545 294.468693    0.03780     2.2678    136.069     48.462  49099.199    31.0009     8.5302     48.000     8.5255    24.0592     5.6389     8.0586     84.246    245.918    251.835   -0.00117    6.69344    9.56559  291.90600   15.09572 5.2782e-02     0.1258     1.3573    71.2241 0.0000e+00
        553 294.468715    0.03833     2.2996    137.978     49.463  49100.460    31.0014     8.5302     49.000     8.5254    24.0596     5.6399     8.0599     84.260    245.959    251.877   -0.00070    6.69342    9.56556  291.90498   15.09567 5.1824e-02     0.1168     1.3627    71.1290 0.0000e+00
