CTD-processing/allCTD/CNV/2021_11-14_ab_s11_cast003_4141.cnv
* Sea-Bird SBE19plus Data File:
* FileName = C:\Users\steve\Desktop\GWA\CTD\2021_11-14_AB\2021_11-14_AB_S0_cast003.hex
* Software Version 1.59
* Temperature SN =  4141
* Conductivity SN =  4141
* System UpLoad Time = Nov 24 2021 11:23:46
** Cook Inlet LTM AB
** Date: 11-14-2021
** Station:S11
** Start Time (AKST):10:55
** Depth (m):58
** Comment:
** Comment:
# nquan = 27
# nvalues = 56                          
# units = specified
# name 0 = scan: Scan Count
# name 1 = timeJ: Julian Days
# name 2 = timeH: Time, Elapsed [hours]
# name 3 = timeM: Time, Elapsed [minutes]
# name 4 = timeS: Time, Elapsed [seconds]
# name 5 = prdM: Pressure, Strain Gauge [db]
# name 6 = specc: Specific Conductance [uS/cm]
# name 7 = sal00: Salinity, Practical [PSU]
# name 8 = tv290C: Temperature [ITS-90, deg C]
# name 9 = depSM: Depth [salt water, m], lat = 59.00
# name 10 = potemp090C: Potential Temperature [ITS-90, deg C]
# name 11 = sigma-é00: Density [sigma-theta, kg/m^3]
# name 12 = sbeox0ML/L: Oxygen, SBE 43 [ml/l]
# name 13 = sbeox0Mg/L: Oxygen, SBE 43 [mg/l]
# name 14 = sbeox0PS: Oxygen, SBE 43 [% saturation]
# name 15 = sbox0Mm/Kg: Oxygen, SBE 43 [umol/kg]
# name 16 = sbeox0Mm/L: Oxygen, SBE 43 [umol/l]
# name 17 = sbox0dV/dT: Oxygen, SBE 43 [dov/dt]
# name 18 = oxsolML/L: Oxygen Saturation, Garcia & Gordon [ml/l]
# name 19 = oxsolMg/L: Oxygen Saturation, Garcia & Gordon [mg/l]
# name 20 = oxsolMm/Kg: Oxygen Saturation, Garcia & Gordon [umol/kg]
# name 21 = n2satMg/L: Nitrogen Saturation [mg/l]
# name 22 = par: PAR/Irradiance, Biospherical/Licor
# name 23 = wetStar: Fluorescence, WET Labs WETstar [mg/m^3]
# name 24 = CStarAt0: Beam Attenuation, WET Labs C-Star [1/m]
# name 25 = CStarTr0: Beam Transmission, WET Labs C-Star [%]
# name 26 = flag: flag
# span 0 =         10,        876       
# span 1 = 318.454923, 318.457429       
# span 2 =    0.00065,    0.06078       
# span 3 =     0.0388,     3.6470       
# span 4 =      2.324,    218.818       
# span 5 =      1.021,     56.539       
# span 6 =  48692.616,  49605.959       
# span 7 =    30.5449,    31.2311       
# span 8 =     6.7756,     7.9956       
# span 9 =      1.000,     56.000       
# span 10 =     7.0442,     7.9762      
# span 11 =    23.8718,    24.3513      
# span 12 =     5.9264,     7.0460      
# span 13 =     8.4694,    10.0695      
# span 14 =     87.319,    100.884      
# span 15 =    258.444,    307.296      
# span 16 =    264.671,    314.675      
# span 17 =   -0.01169,    0.00475      
# span 18 =    6.77939,    6.98417      
# span 19 =    9.68842,    9.98107      
# span 20 =  295.65590,  304.59936      
# span 21 =   15.27520,   15.70290      
# span 22 = 3.6839e-02, 3.1565e+01      
# span 23 =     0.1807,     0.3435      
# span 24 =     0.5545,     1.1801      
# span 25 =    74.9607,    87.0554      
# span 26 = 0.0000e+00, 0.0000e+00      
# interval = meters: 1                  
# start_time = Nov 14 2021 10:55:03 [Instrument's time stamp, header]
# bad_flag = -9.990e-29
*END*
         10 318.454923    0.00065     0.0388      2.324      1.021  48945.876    30.6340     6.7756      1.000     7.0442    24.0097     7.0460    10.0695    100.884    307.296    314.675   -0.00072    6.98417    9.98107  304.59936   15.70290 3.1565e+01     0.3435     1.1801    74.9607 0.0000e+00
        167 318.455376    0.01152     0.6911     41.467      2.014  48745.610    30.5449     7.0680      2.000     7.1760    23.9022     6.2023     8.8637     89.351    270.528    276.994   -0.01169    6.94107    9.91949  302.75193   15.61518 2.7792e+01     0.3093     0.7532    83.0574 0.0000e+00
        535 318.456441    0.03707     2.2244    133.465      3.026  48695.535    30.5542     7.3338      3.000     7.3422    23.8751     6.0814     8.6909     88.163    265.260    271.594   -0.00128    6.89810    9.85807  300.88535   15.52613 2.7170e+01     0.1853     0.6451    85.1060 0.0000e+00
        580 318.456571    0.04020     2.4118    144.706      4.038  48694.238    30.5569     7.3582      4.000     7.3580    23.8741     6.0921     8.7063     88.368    265.730    272.074    0.00019    6.89407    9.85231  300.71013   15.51777 2.8428e+01     0.2071     0.6434    85.1421 0.0000e+00
        585 318.456586    0.04056     2.4336    146.017      5.048  48694.911    30.5572     7.3599      5.000     7.3597    23.8741     6.0877     8.6999     88.307    265.537    271.876   -0.00031    6.89379    9.85191  300.69774   15.51717 2.6484e+01     0.1865     0.6438    85.1335 0.0000e+00
        590 318.456601    0.04093     2.4561    147.364      6.057  48694.716    30.5566     7.3596      6.000     7.3586    23.8736     6.0925     8.7069     88.376    265.749    272.093    0.00011    6.89387    9.85204  300.70154   15.51736 2.3308e+01     0.1961     0.6423    85.1649 0.0000e+00
        596 318.456617    0.04132     2.4789    148.735      7.063  48696.114    30.5569     7.3583      7.000     7.3579    23.8740     6.0885     8.7011     88.315    265.571    271.911   -0.00031    6.89406    9.85231  300.70974   15.51775 2.0066e+01     0.2029     0.6423    85.1644 0.0000e+00
        602 318.456634    0.04172     2.5032    150.192      8.082  48692.616    30.5541     7.3592      8.000     7.3564    23.8718     6.0919     8.7060     88.366    265.723    272.067    0.00004    6.89404    9.85227  300.70923   15.51773 1.6467e+01     0.2218     0.6429    85.1531 0.0000e+00
        607 318.456649    0.04208     2.5250    151.501      9.086  48698.219    30.5566     7.3530      9.000     7.3527    23.8745     6.0907     8.7043     88.337    265.671    272.014   -0.00020    6.89491    9.85352  300.74661   15.51951 1.4034e+01     0.2471     0.6394    85.2270 0.0000e+00
        612 318.456664    0.04243     2.5460    152.762     10.088  48698.897    30.5573     7.3574     10.000     7.3570    23.8745     6.0918     8.7059     88.362    265.719    272.063   -0.00006    6.89418    9.85248  300.71475   15.51799 1.1653e+01     0.2145     0.6447    85.1150 0.0000e+00
        618 318.456681    0.04285     2.5706    154.236     11.118  48695.155    30.5543     7.3578     11.000     7.3548    23.8721     6.0932     8.7078     88.382    265.780    272.124    0.00002    6.89426    9.85259  300.71904   15.51820 9.7511e+00     0.2280     0.6414    85.1849 0.0000e+00
        623 318.456694    0.04316     2.5896    155.376     12.107  48704.057    30.5598     7.3558     12.000     7.3574    23.8766     6.0932     8.7079     88.381    265.779    272.124   -0.00006    6.89432    9.85268  300.72032   15.51824 8.1188e+00     0.2088     0.6429    85.1516 0.0000e+00
        628 318.456711    0.04356     2.6138    156.828     13.126  48699.442    30.5572     7.3627     13.000     7.3622    23.8738     6.0932     8.7077     88.392    265.777    272.122   -0.00006    6.89336    9.85130  300.67908   15.51629 6.7653e+00     0.2064     0.6403    85.2080 0.0000e+00
        634 318.456726    0.04394     2.6361    158.165     14.133  48699.395    30.5569     7.3639     14.000     7.3631    23.8734     6.0914     8.7053     88.370    265.701    272.044   -0.00017    6.89317    9.85104  300.67122   15.51591 5.6828e+00     0.2023     0.6390    85.2368 0.0000e+00
        639 318.456743    0.04433     2.6596    159.576     15.140  48703.438    30.5597     7.3665     15.000     7.3673    23.8753     6.0872     8.6992     88.315    265.516    271.855   -0.00047    6.89264    9.85027  300.64716   15.51475 4.7530e+00     0.2189     0.6400    85.2145 0.0000e+00
        645 318.456758    0.04470     2.6824    160.945     16.150  48703.325    30.5604     7.3740     16.000     7.3739    23.8748     6.0902     8.7034     88.373    265.643    271.985   -0.00008    6.89142    9.84853  300.59416   15.51222 3.9740e+00     0.2267     0.6425    85.1622 0.0000e+00
        651 318.456776    0.04512     2.7071    162.427     17.167  48698.307    30.5565     7.3744     17.000     7.3711    23.8718     6.0855     8.6967     88.304    265.440    271.777   -0.00041    6.89153    9.84868  300.59968   15.51250 3.3309e+00     0.2135     0.6398    85.2180 0.0000e+00
        656 318.456791    0.04548     2.7288    163.725     18.169  48700.084    30.5564     7.3686     18.000     7.3658    23.8724     6.0831     8.6934     88.258    265.339    271.673   -0.00063    6.89245    9.85000  300.63979   15.51441 2.8054e+00     0.1991     0.6400    85.2137 0.0000e+00
        661 318.456806    0.04583     2.7502    165.014     19.177  48715.299    30.5666     7.3691     19.000     7.3733    23.8804     6.0841     8.6948     88.279    265.379    271.717   -0.00037    6.89192    9.84924  300.61427   15.51316 2.3351e+00     0.2056     0.6437    85.1360 0.0000e+00
        667 318.456822    0.04624     2.7743    166.457     20.195  48705.750    30.5617     7.3824     20.000     7.3814    23.8748     6.0883     8.7009     88.365    265.567    271.906    0.00015    6.89004    9.84655  300.53387   15.50934 1.9808e+00     0.1943     0.6388    85.2406 0.0000e+00
        672 318.456837    0.04659     2.7952    167.714     21.191  48707.221    30.5626     7.3844     21.000     7.3834    23.8752     6.0836     8.6942     88.301    265.360    271.696   -0.00026    6.88967    9.84602  300.51777   15.50857 1.6563e+00     0.2031     0.6463    85.0797 0.0000e+00
        678 318.456854    0.04698     2.8189    169.132     22.211  48713.359    30.5670     7.3883     22.000     7.3889    23.8781     6.0805     8.6896     88.266    265.221    271.554   -0.00044    6.88885    9.84486  300.48118   15.50681 1.3943e+00     0.2197     0.6418    85.1760 0.0000e+00
        683 318.456869    0.04735     2.8413    170.480     23.217  48757.258    30.5992     7.4015     23.000     7.4285    23.9017     6.0785     8.6867     88.281    265.127    271.464   -0.00023    6.88531    9.83980  300.31988   15.49898 1.1774e+00     0.2082     0.6440    85.1291 0.0000e+00
        689 318.456886    0.04775     2.8651    171.904     24.229  49055.574    30.8355     7.5833     24.000     7.7118    24.0628     6.0704     8.6752     88.670    264.734    271.104    0.00167    6.84613    9.78380  298.56392   15.41423 9.9034e-01     0.1941     0.6992    83.9643 0.0000e+00
        694 318.456901    0.04814     2.8881    173.288     25.237  49109.349    30.9258     7.9201     25.000     7.9762    24.0873     6.0629     8.6645     89.295    264.399    270.768    0.00475    6.78973    9.70321  296.09743   15.29615 8.2449e-01     0.1884     0.8028    81.8176 0.0000e+00
        700 318.456918    0.04853     2.9118    174.706     26.248  49050.204    30.8959     7.9956     26.000     7.9698    24.0533     5.9898     8.5600     88.353    261.220    267.503   -0.00157    6.77939    9.68842  295.65590   15.27520 6.8047e-01     0.1952     0.7841    82.2024 0.0000e+00
        705 318.456934    0.04891     2.9344    176.065     27.254  49118.575    30.9337     7.9351     27.000     7.9165    24.0916     5.9264     8.4694     87.319    258.444    264.671   -0.00686    6.78703    9.69934  295.97814   15.29043 5.7105e-01     0.1810     0.6640    84.7098 0.0000e+00
        712 318.456952    0.04935     2.9608    177.647     28.268  49180.735    30.9710     7.8987     28.000     7.8927    24.1259     5.9532     8.5076     87.662    259.603    265.866   -0.00274    6.79101    9.70502  296.14154   15.29807 4.8929e-01     0.1807     0.5761    86.5863 0.0000e+00
        718 318.456969    0.04976     2.9856    179.139     29.274  49214.899    30.9931     7.8910     29.000     7.8855    24.1443     5.9820     8.5488     88.084    260.856    267.155    0.00046    6.79122    9.70533  296.14541   15.29817 4.2250e-01     0.1934     0.5575    86.9900 0.0000e+00
        724 318.456987    0.05018     3.0109    180.656     30.289  49252.673    31.0172     7.8790     30.000     7.8694    24.1649     6.0137     8.5941     88.541    262.234    268.571    0.00259    6.79199    9.70643  296.17329   15.29940 3.6591e-01     0.2080     0.5545    87.0554 0.0000e+00
        729 318.457003    0.05058     3.0350    182.098     31.295  49297.717    31.0452     7.8603     31.000     7.8536    24.1895     6.0215     8.6053     88.634    262.568    268.919    0.00210    6.79365    9.70881  296.23858   15.30240 3.1857e-01     0.1860     0.5644    86.8405 0.0000e+00
        735 318.457020    0.05098     3.0590    183.542     32.300  49336.513    31.0699     7.8485     32.000     7.8399    24.2106     6.0201     8.6034     88.604    262.503    268.858    0.00120    6.79437    9.70983  296.26391   15.30351 2.7565e-01     0.1934     0.5814    86.4725 0.0000e+00
        742 318.457039    0.05143     3.0860    185.158     33.328  49383.150    31.0994     7.8322     33.000     7.8255    24.2360     6.0208     8.6044     88.599    262.528    268.890    0.00064    6.79559    9.71158  296.30981   15.30558 2.3860e-01     0.1826     0.5901    86.2857 0.0000e+00
        746 318.457051    0.05173     3.1039    186.234     34.314  49407.023    31.1144     7.8247     34.000     7.8182    24.2488     6.0155     8.5967     88.513    262.289    268.650   -0.00004    6.79608    9.71228  296.32749   15.30636 2.0806e-01     0.1909     0.6262    85.5091 0.0000e+00
        752 318.457070    0.05218     3.1312    187.870     35.350  49436.923    31.1332     7.8139     35.000     7.8058    24.2650     6.0196     8.6025     88.563    262.465    268.834    0.00015    6.79693    9.71348  296.35953   15.30782 1.7976e-01     0.1813     0.6402    85.2119 0.0000e+00
        758 318.457085    0.05254     3.1523    189.137     36.343  49471.946    31.1557     7.8050     36.000     7.8008    24.2840     6.0138     8.5943     88.473    262.209    268.577   -0.00038    6.79729    9.71400  296.36981   15.30822 1.5603e-01     0.1920     0.7289    83.3434 0.0000e+00
        763 318.457100    0.05291     3.1743    190.459     37.342  49487.131    31.1654     7.8024     37.000     7.7947    24.2920     6.0098     8.5886     88.415    262.031    268.396   -0.00058    6.79727    9.71398  296.36662   15.30802 1.3311e-01     0.1905     0.8142    81.5868 0.0000e+00
        770 318.457120    0.05338     3.2032    192.189     38.380  49508.590    31.1776     7.7875     38.000     7.7792    24.3036     6.0002     8.5749     88.251    261.611    267.968   -0.00130    6.79903    9.71648  296.43999   15.31148 1.1358e-01     0.1976     0.7910    82.0582 0.0000e+00
        774 318.457132    0.05367     3.2202    193.212     39.351  49531.263    31.1911     7.7764     39.000     7.7648    24.3158     5.9977     8.5714     88.200    261.500    267.859   -0.00136    6.80015    9.71810  296.48558   15.31359 9.8783e-02     0.1881     0.7658    82.5745 0.0000e+00
        781 318.457154    0.05418     3.2508    195.048     40.395  49568.960    31.2142     7.7587     40.000     7.7526    24.3363     6.0064     8.5838     88.306    261.874    268.247   -0.00025    6.80187    9.72055  296.55461   15.31680 8.6770e-02     0.1896     0.8123    81.6257 0.0000e+00
        787 318.457170    0.05457     3.2741    196.449     41.393  49585.348    31.2240     7.7519     41.000     7.7465    24.3451     5.9994     8.5737     88.193    261.562    267.929   -0.00090    6.80248    9.72142  296.57854   15.31789 7.6175e-02     0.2073     0.9075    79.7002 0.0000e+00
        793 318.457186    0.05497     3.2980    197.878     42.395  49589.705    31.2262     7.7494     42.000     7.7451    24.3471     6.0077     8.5856     88.313    261.929    268.305   -0.00026    6.80277    9.72184  296.59074   15.31847 6.7158e-02     0.2056     0.9295    79.2651 0.0000e+00
        799 318.457206    0.05544     3.3259    199.556     43.415  49592.192    31.2273     7.7484     43.000     7.7439    24.3481     6.0113     8.5908     88.364    262.084    268.465    0.00034    6.80287    9.72199  296.59491   15.31867 5.9549e-02     0.2153     0.9352    79.1534 0.0000e+00
        805 318.457223    0.05585     3.3514    201.085     44.422  49594.773    31.2286     7.7474     44.000     7.7432    24.3492     5.9944     8.5666     88.114    261.346    267.709   -0.00130    6.80299    9.72216  296.59966   15.31888 5.3983e-02     0.2070     0.9398    79.0617 0.0000e+00
        812 318.457241    0.05629     3.3777    202.659     45.428  49596.627    31.2294     7.7473     45.000     7.7429    24.3499     6.0060     8.5831     88.284    261.850    268.225   -0.00004    6.80297    9.72212  296.59842   15.31883 4.9575e-02     0.2025     0.9553    78.7550 0.0000e+00
        818 318.457260    0.05674     3.4039    204.235     46.436  49597.395    31.2294     7.7471     46.000     7.7428    24.3500     6.0067     8.5842     88.295    261.883    268.259   -0.00015    6.80299    9.72216  296.59958   15.31888 4.5956e-02     0.2146     0.9780    78.3113 0.0000e+00
        825 318.457279    0.05720     3.4323    205.936     47.457  49599.170    31.2301     7.7471     47.000     7.7428    24.3506     6.0111     8.5905     88.361    262.077    268.458    0.00020    6.80296    9.72210  296.59759   15.31878 4.2981e-02     0.1924     0.9843    78.1863 0.0000e+00
        830 318.457296    0.05760     3.4557    207.344     48.456  49599.747    31.2302     7.7473     48.000     7.7428    24.3506     6.0074     8.5852     88.306    261.913    268.291   -0.00021    6.80293    9.72207  296.59653   15.31873 4.0941e-02     0.2102     0.9905    78.0662 0.0000e+00
        836 318.457313    0.05802     3.4807    208.842     49.473  49600.766    31.2304     7.7474     49.000     7.7428    24.3508     6.0079     8.5858     88.313    261.932    268.310   -0.00001    6.80290    9.72202  296.59507   15.31866 3.9341e-02     0.2281     1.0019    77.8436 0.0000e+00
        842 318.457328    0.05838     3.5030    210.177     50.477  49600.883    31.2301     7.7475     50.000     7.7428    24.3505     6.0022     8.5778     88.231    261.688    268.060   -0.00064    6.80290    9.72203  296.59529   15.31868 3.7970e-02     0.1936     0.9895    78.0853 0.0000e+00
        847 318.457345    0.05878     3.5270    211.623     51.481  49601.838    31.2303     7.7475     51.000     7.7428    24.3507     6.0122     8.5920     88.377    262.122    268.504    0.00053    6.80288    9.72201  296.59461   15.31865 3.7186e-02     0.2011     1.0254    77.3896 0.0000e+00
        854 318.457363    0.05922     3.5532    213.193     52.510  49602.511    31.2303     7.7476     52.000     7.7427    24.3508     6.0090     8.5875     88.331    261.983    268.363   -0.00005    6.80287    9.72198  296.59392   15.31861 3.6839e-02     0.1945     0.9865    78.1436 0.0000e+00
        858 318.457377    0.05954     3.5726    214.359     53.500  49603.297    31.2305     7.7477     53.000     7.7428    24.3509     5.9910     8.5617     88.066    261.197    267.557   -0.00152    6.80284    9.72194  296.59268   15.31855 3.6908e-02     0.2153     1.0232    77.4301 0.0000e+00
