CTD-processing/allCTD/CNV/2021_02-17_t4_s10_cast151_5028.cnv
* Sea-Bird SBE19plus Data File:
* FileName = C:\Users\steve\Desktop\GWA CTD\2021_02-17_T4\2021_02-17_T7_S0_cast151.hex
* Software Version 1.59
* Temperature SN =  5028
* Conductivity SN =  5028
* System UpLoad Time = Feb 18 2021 15:11:33
** Cook Inlet LTM T4
** Date: 02-17-2021
** Station:S10
** Start Time (AKST):11:39
** Depth (m):16
** Comment:
** Comment:
# nquan = 27
# nvalues = 13                          
# units = specified
# name 0 = scan: Scan Count
# name 1 = timeJ: Julian Days
# name 2 = timeH: Time, Elapsed [hours]
# name 3 = timeM: Time, Elapsed [minutes]
# name 4 = timeS: Time, Elapsed [seconds]
# name 5 = prdM: Pressure, Strain Gauge [db]
# name 6 = specc: Specific Conductance [uS/cm]
# name 7 = sal00: Salinity, Practical [PSU]
# name 8 = tv290C: Temperature [ITS-90, deg C]
# name 9 = depSM: Depth [salt water, m], lat = 59.00
# name 10 = potemp090C: Potential Temperature [ITS-90, deg C]
# name 11 = sigma-é00: Density [sigma-theta, kg/m^3]
# name 12 = sbeox0ML/L: Oxygen, SBE 43 [ml/l]
# name 13 = sbeox0Mg/L: Oxygen, SBE 43 [mg/l]
# name 14 = sbeox0PS: Oxygen, SBE 43 [% saturation]
# name 15 = sbox0Mm/Kg: Oxygen, SBE 43 [umol/kg]
# name 16 = sbeox0Mm/L: Oxygen, SBE 43 [umol/l]
# name 17 = sbox0dV/dT: Oxygen, SBE 43 [dov/dt]
# name 18 = oxsolML/L: Oxygen Saturation, Garcia & Gordon [ml/l]
# name 19 = oxsolMg/L: Oxygen Saturation, Garcia & Gordon [mg/l]
# name 20 = oxsolMm/Kg: Oxygen Saturation, Garcia & Gordon [umol/kg]
# name 21 = potemp090C: Potential Temperature [ITS-90, deg C]
# name 22 = n2satMg/L: Nitrogen Saturation [mg/l]
# name 23 = par: PAR/Irradiance, Biospherical/Licor
# name 24 = flECO-AFL: Fluorescence, WET Labs ECO-AFL/FL [mg/m^3]
# name 25 = turbWETntu0: Turbidity, WET Labs ECO [NTU]
# name 26 = flag: flag
# span 0 =        292,        353       
# span 1 =  48.486363,  48.486540       
# span 2 =    0.02021,    0.02444       
# span 3 =     1.2124,     1.4663       
# span 4 =     72.743,     87.977       
# span 5 =      1.010,     13.123       
# span 6 =  50921.309,  50957.550       
# span 7 =    31.1059,    31.1493       
# span 8 =     2.6656,     2.8822       
# span 9 =      1.000,     13.000       
# span 10 =     2.6681,     2.8912      
# span 11 =    24.8044,    24.8220      
# span 12 =     7.2064,     9.4505      
# span 13 =    10.2986,    13.5055      
# span 14 =     93.744,    123.639      
# span 15 =    314.046,    411.833      
# span 16 =    321.835,    422.055      
# span 17 =    0.01533,    0.04813      
# span 18 =    7.64354,    7.68729      
# span 19 =   10.92339,   10.98590      
# span 20 =  333.09260,  335.00475      
# span 21 =     2.6655,     2.8814      
# span 22 =   17.05645,   17.14742      
# span 23 = 1.0627e+01, 1.1688e+02      
# span 24 =     0.3622,     0.5214      
# span 25 =     0.7723,     0.8384      
# span 26 = 0.0000e+00, 0.0000e+00      
# interval = meters: 1                  
# start_time = Feb 17 2021 11:39:09 [Instrument's time stamp, header]
# bad_flag = -9.990e-29
*END*
        292  48.486363    0.02021     1.2124     72.743      1.010  50944.720    31.1059     2.6656      1.000     2.6681    24.8044     7.2064    10.2986     93.744    314.046    321.835    0.01533    7.68729   10.98590  335.00475     2.6655   17.14742 1.1688e+02     0.3622     0.8258 0.0000e+00
        297  48.486379    0.02059     1.2354     74.121      2.019  50957.550    31.1175     2.6783      2.000     2.6885    24.8126     7.4252    10.6113     96.629    323.579    331.608    0.02421    7.68425   10.98156  334.86952     2.6782   17.14095 8.2895e+01     0.3923     0.8384 0.0000e+00
        303  48.486394    0.02095     1.2571     75.426      3.028  50949.598    31.1194     2.7073      3.000     2.7152    24.8118     7.5966    10.8563     98.934    331.052    339.266    0.02787    7.67856   10.97343  334.62199     2.7072   17.12919 7.1923e+01     0.4178     0.7958 0.0000e+00
        308  48.486408    0.02129     1.2775     76.653      4.038  50938.179    31.1150     2.7219      4.000     2.7253    24.8072     7.7738    11.1096    101.275    338.775    347.179    0.03110    7.67598   10.96975  334.51117     2.7217   17.12394 5.7929e+01     0.4437     0.7908 0.0000e+00
        312  48.486422    0.02163     1.2975     77.849      5.047  50943.479    31.1207     2.7316      5.000     2.7385    24.8110     7.9379    11.3440    103.441    345.921    354.505    0.03278    7.67382   10.96666  334.41578     2.7314   17.11939 4.8744e+01     0.4631     0.7951 0.0000e+00
        317  48.486435    0.02195     1.3171     79.026      6.057  50944.409    31.1258     2.7505      6.000     2.7588    24.8136     8.1454    11.6406    106.200    354.966    363.774    0.03677    7.66995   10.96112  334.24596     2.7501   17.11131 4.0668e+01     0.4855     0.8003 0.0000e+00
        322  48.486450    0.02230     1.3382     80.290      7.066  50935.766    31.1249     2.7712      7.000     2.7758    24.8113     8.3936    11.9953    109.492    365.783    374.858    0.04179    7.66602   10.95550  334.07533     2.7708   17.10321 3.3266e+01     0.5153     0.7881 0.0000e+00
        327  48.486464    0.02264     1.3584     81.504      8.076  50929.927    31.1224     2.7783      8.000     2.7815    24.8087     8.6468    12.3571    112.812    376.818    386.166    0.04573    7.66479   10.95374  334.02261     2.7779   17.10071 2.7455e+01     0.5214     0.7864 0.0000e+00
        332  48.486479    0.02299     1.3794     82.763      9.085  50944.872    31.1368     2.7968      9.000     2.8094    24.8188     8.8917    12.7072    116.073    387.488    397.105    0.04813    7.66050   10.94762  333.83252     2.7963   17.09163 2.2517e+01     0.5212     0.7800 0.0000e+00
        337  48.486493    0.02333     1.4001     84.006     10.095  50929.321    31.1335     2.8262     10.000     2.8323    24.8139     9.0777    12.9729    118.584    395.592    405.408    0.04640    7.65504   10.93982  333.59632     2.8257   17.08042 1.8847e+01     0.5149     0.7723 0.0000e+00
        342  48.486507    0.02368     1.4205     85.233     11.104  50921.309    31.1309     2.8386     11.000     2.8416    24.8108     9.2079    13.1590    120.320    401.267    411.223    0.04156    7.65282   10.93664  333.50044     2.8380   17.07588 1.5527e+01     0.5096     0.7811 0.0000e+00
        347  48.486521    0.02402     1.4409     86.456     12.114  50929.787    31.1394     2.8507     12.000     2.8595    24.8165     9.3191    13.3179    121.817    406.110    416.189    0.03691    7.65007   10.93272  333.37885     2.8500   17.07007 1.2828e+01     0.5087     0.7929 0.0000e+00
        353  48.486540    0.02444     1.4663     87.977     13.123  50933.193    31.1493     2.8822     13.000     2.8912    24.8220     9.4505    13.5055    123.639    411.833    422.055    0.03333    7.64354   10.92339  333.09260     2.8814   17.05645 1.0627e+01     0.5065     0.7874 0.0000e+00
