CTD-processing/allCTD/CNV/2022_03-22_t9_s05_cast112_4141.cnv
* Sea-Bird SBE19plus Data File:
* FileName = C:\GWA\CTD\2022_03-22_T9\2022_03-22_T9_S0_cast112.hex
* Software Version 1.59
* Temperature SN =  4141
* Conductivity SN =  4141
* System UpLoad Time = Mar 23 2022 12:48:19
** Cook Inlet LTM T9
** Date: 03-22-2022
** Station:S05
** Start Time (AKDT):12:33
** Depth (m):95
** Comment:
** Comment:
# nquan = 27
# nvalues = 90                          
# units = specified
# name 0 = scan: Scan Count
# name 1 = timeJ: Julian Days
# name 2 = timeH: Time, Elapsed [hours]
# name 3 = timeM: Time, Elapsed [minutes]
# name 4 = timeS: Time, Elapsed [seconds]
# name 5 = prdM: Pressure, Strain Gauge [db]
# name 6 = specc: Specific Conductance [uS/cm]
# name 7 = sal00: Salinity, Practical [PSU]
# name 8 = tv290C: Temperature [ITS-90, deg C]
# name 9 = depSM: Depth [salt water, m], lat = 59.00
# name 10 = potemp090C: Potential Temperature [ITS-90, deg C]
# name 11 = sigma-é00: Density [sigma-theta, kg/m^3]
# name 12 = sbeox0ML/L: Oxygen, SBE 43 [ml/l]
# name 13 = sbeox0Mg/L: Oxygen, SBE 43 [mg/l]
# name 14 = sbeox0PS: Oxygen, SBE 43 [% saturation]
# name 15 = sbox0Mm/Kg: Oxygen, SBE 43 [umol/kg]
# name 16 = sbeox0Mm/L: Oxygen, SBE 43 [umol/l]
# name 17 = sbox0dV/dT: Oxygen, SBE 43 [dov/dt]
# name 18 = oxsolML/L: Oxygen Saturation, Garcia & Gordon [ml/l]
# name 19 = oxsolMg/L: Oxygen Saturation, Garcia & Gordon [mg/l]
# name 20 = oxsolMm/Kg: Oxygen Saturation, Garcia & Gordon [umol/kg]
# name 21 = n2satMg/L: Nitrogen Saturation [mg/l]
# name 22 = par: PAR/Irradiance, Biospherical/Licor
# name 23 = wetStar: Fluorescence, WET Labs WETstar [mg/m^3]
# name 24 = CStarAt0: Beam Attenuation, WET Labs C-Star [1/m]
# name 25 = CStarTr0: Beam Transmission, WET Labs C-Star [%]
# name 26 = flag: flag
# span 0 =        300,        738       
# span 1 =  81.523551,  81.524818       
# span 2 =    0.02078,    0.05117       
# span 3 =     1.2468,     3.0702       
# span 4 =     74.808,    184.213       
# span 5 =      1.009,     90.854       
# span 6 =  51049.258,  51190.683       
# span 7 =    31.3709,    31.5475       
# span 8 =     3.4176,     3.9656       
# span 9 =      1.000,     90.000       
# span 10 =     3.4173,     3.9781      
# span 11 =    24.9533,    25.0450      
# span 12 =     7.1110,     7.2349      
# span 13 =    10.1625,    10.3394      
# span 14 =     95.757,     96.198      
# span 15 =    309.823,    315.241      
# span 16 =    317.582,    323.111      
# span 17 =   -0.00105,    0.00464      
# span 18 =    7.42185,    7.53134      
# span 19 =   10.60658,   10.76303      
# span 20 =  323.36192,  328.16048      
# span 21 =   16.59242,   16.82123      
# span 22 = 3.6900e-02, 1.8334e+02      
# span 23 =     0.2563,     0.5792      
# span 24 =     0.9316,     1.1917      
# span 25 =    74.2363,    79.2223      
# span 26 = 0.0000e+00, 0.0000e+00      
# interval = meters: 1                  
# start_time = Mar 22 2022 12:32:40 [Instrument's time stamp, header]
# bad_flag = -9.990e-29
*END*
        300  81.523551    0.02078     1.2468     74.808      1.009  51049.258    31.3716     3.4176      1.000     3.4173    24.9541     7.2117    10.3063     95.757    314.234    322.076    0.00464    7.53134   10.76303  328.16048   16.82123 1.8334e+02     0.2625     0.9459    78.9416 0.0000e+00
        305  81.523566    0.02112     1.2674     76.046      2.019  51051.477    31.3727     3.4181      2.000     3.4190    24.9549     7.2176    10.3147     95.836    314.489    322.337    0.00368    7.53119   10.76282  328.15376   16.82091 1.3473e+02     0.2573     0.9436    78.9861 0.0000e+00
        310  81.523579    0.02145     1.2872     77.230      3.026  51050.298    31.3717     3.4194      3.000     3.4188    24.9540     7.2147    10.3105     95.800    314.362    322.207    0.00255    7.53099   10.76253  328.14526   16.82051 1.0133e+02     0.2690     0.9491    78.8768 0.0000e+00
        315  81.523594    0.02181     1.3086     78.515      4.039  51051.506    31.3719     3.4189      4.000     3.4186    24.9542     7.2169    10.3136     95.828    314.457    322.304    0.00192    7.53107   10.76266  328.14901   16.82068 8.0631e+01     0.3063     0.9401    79.0551 0.0000e+00
        320  81.523608    0.02215     1.3293     79.759      5.045  51053.745    31.3730     3.4196      5.000     3.4202    24.9551     7.2125    10.3074     95.773    314.270    322.113    0.00106    7.53087   10.76236  328.13971   16.82024 6.3612e+01     0.3495     0.9377    79.1024 0.0000e+00
        325  81.523624    0.02253     1.3517     81.100      6.062  51050.905    31.3709     3.4207      6.000     3.4195    24.9533     7.2191    10.3168     95.861    314.555    322.403    0.00106    7.53078   10.76225  328.13673   16.82011 5.0362e+01     0.3817     0.9373    79.1096 0.0000e+00
        330  81.523636    0.02283     1.3696     82.174      7.065  51055.308    31.3730     3.4195      7.000     3.4196    24.9552     7.2259    10.3265     95.950    314.851    322.707    0.00124    7.53090   10.76241  328.14113   16.82031 3.9697e+01     0.4304     0.9521    78.8187 0.0000e+00
        334  81.523650    0.02314     1.3886     83.317      8.075  51054.624    31.3724     3.4207      8.000     3.4203    24.9545     7.2262    10.3270     95.957    314.866    322.724    0.00088    7.53070   10.76213  328.13270   16.81991 3.2276e+01     0.4861     0.9553    78.7540 0.0000e+00
        339  81.523663    0.02346     1.4080     84.482      9.089  51055.034    31.3721     3.4206      9.000     3.4196    24.9543     7.2245    10.3246     95.934    314.792    322.648    0.00052    7.53074   10.76219  328.13471   16.82000 2.5554e+01     0.5158     0.9461    78.9369 0.0000e+00
        343  81.523676    0.02377     1.4259     85.556     10.090  51057.892    31.3736     3.4206     10.000     3.4208    24.9555     7.2268    10.3279     95.966    314.893    322.752    0.00043    7.53066   10.76206  328.13046   16.81980 2.0414e+01     0.5307     0.9497    78.8661 0.0000e+00
        348  81.523689    0.02410     1.4459     86.751     11.107  51063.264    31.3774     3.4234     11.000     3.4247    24.9582     7.2323    10.3357     96.048    315.132    322.997    0.00067    7.52995   10.76105  328.09883   16.81827 1.6219e+01     0.5355     0.9456    78.9461 0.0000e+00
        352  81.523701    0.02439     1.4631     87.789     12.111  51061.147    31.3763     3.4269     12.000     3.4274    24.9571     7.2309    10.3336     96.037    315.068    322.932    0.00040    7.52935   10.76019  328.07290   16.81705 1.2950e+01     0.5792     0.9536    78.7893 0.0000e+00
        357  81.523714    0.02470     1.4821     88.927     13.124  51066.915    31.3807     3.4306     13.000     3.4340    24.9603     7.2345    10.3389     96.096    315.226    323.094    0.00050    7.52843   10.75888  328.03203   16.81509 1.0301e+01     0.5512     0.9443    78.9739 0.0000e+00
        361  81.523728    0.02501     1.5008     90.051     14.132  51072.872    31.3870     3.4420     14.000     3.4471    24.9643     7.2349    10.3394     96.132    315.241    323.111    0.00054    7.52600   10.75541  327.92472   16.80997 8.2362e+00     0.5563     0.9423    79.0112 0.0000e+00
        366  81.523740    0.02533     1.5194     91.163     15.143  51066.950    31.3855     3.4542     15.000     3.4553    24.9621     7.2320    10.3353     96.122    315.116    322.982    0.00033    7.52382   10.75228  327.83028   16.80549 6.5197e+00     0.5636     0.9489    78.8796 0.0000e+00
        370  81.523754    0.02564     1.5384     92.301     16.150  51068.694    31.3874     3.4590     16.000     3.4615    24.9631     7.2300    10.3325     96.108    315.029    322.893    0.00008    7.52282   10.75087  327.78668   16.80340 5.2320e+00     0.5209     0.9402    79.0541 0.0000e+00
        375  81.523767    0.02597     1.5581     93.488     17.163  51065.020    31.3861     3.4659     17.000     3.4664    24.9615     7.2251    10.3255     96.058    314.817    322.674   -0.00018    7.52161   10.74913  327.73432   16.80092 4.1628e+00     0.5045     0.9391    79.0741 0.0000e+00
        379  81.523780    0.02627     1.5762     94.575     18.166  51069.529    31.3897     3.4698     18.000     3.4711    24.9640     7.2253    10.3257     96.072    314.822    322.682   -0.00019    7.52071   10.74785  327.69448   16.79901 3.3285e+00     0.4995     0.9455    78.9478 0.0000e+00
        385  81.523795    0.02664     1.5980     95.879     19.186  51067.251    31.3889     3.4748     19.000     3.4753    24.9629     7.2254    10.3258     96.084    314.828    322.687   -0.00008    7.51984   10.74660  327.65660   16.79722 2.6574e+00     0.5081     0.9363    79.1317 0.0000e+00
        389  81.523808    0.02696     1.6173     97.040     20.186  51064.602    31.3872     3.4776     20.000     3.4766    24.9613     7.2261    10.3267     96.099    314.856    322.715   -0.00007    7.51939   10.74596  327.63779   16.79632 2.1226e+00     0.4813     0.9365    79.1269 0.0000e+00
        394  81.523823    0.02731     1.6388     98.326     21.199  51065.313    31.3873     3.4779     21.000     3.4763    24.9614     7.2198    10.3179     96.017    314.586    322.437   -0.00047    7.51933   10.74588  327.63522   16.79621 1.6882e+00     0.4871     0.9392    79.0729 0.0000e+00
        399  81.523837    0.02765     1.6590     99.542     22.215  51065.484    31.3868     3.4779     22.000     3.4763    24.9610     7.2169    10.3136     95.977    314.456    322.305   -0.00062    7.51936   10.74592  327.63646   16.79627 1.3531e+00     0.4948     0.9329    79.1966 0.0000e+00
        403  81.523849    0.02793     1.6758    100.551     23.211  51069.471    31.3889     3.4773     23.000     3.4771    24.9627     7.2218    10.3207     96.043    314.670    322.525   -0.00024    7.51936   10.74592  327.63617   16.79625 1.0824e+00     0.4994     0.9505    78.8489 0.0000e+00
        408  81.523864    0.02828     1.6971    101.826     24.233  51074.735    31.3932     3.4823     24.000     3.4841    24.9657     7.2203    10.3185     96.037    314.604    322.458   -0.00023    7.51822   10.74429  327.58547   16.79382 8.6780e-01     0.5006     0.9400    79.0570 0.0000e+00
        413  81.523876    0.02858     1.7151    102.907     25.235  51078.140    31.3970     3.4903     25.000     3.4932    24.9680     7.2217    10.3206     96.078    314.666    322.522   -0.00003    7.51654   10.74189  327.51153   16.79029 6.8591e-01     0.4941     0.9454    78.9516 0.0000e+00
        417  81.523889    0.02890     1.7337    104.022     26.246  51070.075    31.3928     3.4974     26.000     3.4961    24.9641     7.2227    10.3219     96.104    314.707    322.564    0.00004    7.51545   10.74033  327.46507   16.78810 5.5342e-01     0.4831     0.9472    78.9165 0.0000e+00
        422  81.523903    0.02923     1.7535    105.212     27.259  51070.279    31.3925     3.4977     27.000     3.4963    24.9638     7.2238    10.3235     96.120    314.758    322.615    0.00008    7.51540   10.74026  327.46310   16.78800 4.4711e-01     0.4627     0.9392    79.0738 0.0000e+00
        426  81.523915    0.02951     1.7710    106.261     28.264  51069.621    31.3914     3.4971     28.000     3.4952    24.9630     7.2176    10.3147     96.036    314.489    322.339   -0.00044    7.51557   10.74050  327.47080   16.78838 3.6102e-01     0.4660     0.9420    79.0162 0.0000e+00
        431  81.523930    0.02987     1.7921    107.525     29.277  51071.757    31.3926     3.4981     29.000     3.4965    24.9638     7.2212    10.3199     96.087    314.647    322.501   -0.00016    7.51532   10.74014  327.45940   16.78783 2.9514e-01     0.4697     0.9344    79.1687 0.0000e+00
        436  81.523944    0.03022     1.8130    108.780     30.292  51070.813    31.3912     3.4974     30.000     3.4949    24.9628     7.2237    10.3233     96.116    314.751    322.608   -0.00002    7.51552   10.74042  327.46841   16.78826 2.4543e-01     0.4642     0.9316    79.2223 0.0000e+00
        440  81.523955    0.03048     1.8290    109.739     31.286  51073.633    31.3925     3.4967     31.000     3.4954    24.9639     7.2224    10.3215     96.099    314.694    322.551   -0.00014    7.51557   10.74050  327.47033   16.78835 1.9661e-01     0.4566     0.9483    78.8929 0.0000e+00
        445  81.523970    0.03083     1.8502    111.012     32.310  51073.438    31.3921     3.4979     32.000     3.4959    24.9635     7.2192    10.3170     96.059    314.556    322.409   -0.00037    7.51538   10.74023  327.46238   16.78797 1.6075e-01     0.4893     0.9366    79.1226 0.0000e+00
        449  81.523982    0.03114     1.8682    112.094     33.314  51074.988    31.3926     3.4979     33.000     3.4962    24.9639     7.2238    10.3235     96.120    314.758    322.615   -0.00002    7.51537   10.74021  327.46154   16.78793 1.3288e-01     0.4660     0.9388    79.0800 0.0000e+00
        454  81.523996    0.03145     1.8870    113.220     34.319  51075.371    31.3926     3.4988     34.000     3.4969    24.9639     7.2231    10.3225     96.113    314.725    322.583   -0.00012    7.51520   10.73997  327.45439   16.78759 1.1121e-01     0.4699     0.9354    79.1468 0.0000e+00
        459  81.524011    0.03182     1.9090    114.540     35.340  51076.581    31.3929     3.4988     35.000     3.4970    24.9641     7.2254    10.3259     96.145    314.830    322.689   -0.00001    7.51517   10.73993  327.45287   16.78752 9.3643e-02     0.4595     0.9347    79.1609 0.0000e+00
        463  81.524023    0.03211     1.9265    115.592     36.338  51077.967    31.3936     3.4997     36.000     3.4982    24.9645     7.2237    10.3235     96.125    314.756    322.613   -0.00014    7.51497   10.73965  327.44439   16.78711 8.0354e-02     0.4668     0.9396    79.0642 0.0000e+00
        468  81.524037    0.03245     1.9470    116.818     37.353  51083.813    31.3978     3.5029     37.000     3.5040    24.9676     7.2216    10.3204     96.107    314.661    322.517   -0.00028    7.51417   10.73851  327.40845   16.78538 7.0855e-02     0.4671     0.9329    79.1976 0.0000e+00
        473  81.524051    0.03278     1.9669    118.016     38.361  51087.232    31.4021     3.5130     38.000     3.5146    24.9702     7.2264    10.3272     96.198    314.870    322.732    0.00020    7.51209   10.73552  327.31654   16.78100 6.3316e-02     0.4804     0.9382    79.0927 0.0000e+00
        478  81.524065    0.03312     1.9874    119.243     39.373  51079.365    31.3979     3.5194     39.000     3.5174    24.9662     7.2250    10.3252     96.190    314.808    322.667    0.00008    7.51111   10.73413  327.27544   16.77907 5.7404e-02     0.4720     0.9405    79.0474 0.0000e+00
        483  81.524081    0.03349     2.0096    120.577     40.380  51078.041    31.3965     3.5194     40.000     3.5164    24.9651     7.2214    10.3201     96.141    314.651    322.507   -0.00024    7.51119   10.73424  327.27939   16.77926 5.1621e-02     0.4510     0.9378    79.1011 0.0000e+00
        489  81.524096    0.03387     2.0322    121.932     41.396  51080.364    31.3972     3.5178     41.000     3.5154    24.9658     7.2171    10.3141     96.082    314.468    322.318   -0.00052    7.51145   10.73461  327.29022   16.77977 4.7347e-02     0.4665     0.9348    79.1606 0.0000e+00
        494  81.524111    0.03422     2.0527    123.161     42.399  51082.642    31.3984     3.5186     42.000     3.5167    24.9667     7.2191    10.3168     96.111    314.551    322.405   -0.00031    7.51122   10.73429  327.28005   16.77928 4.5570e-02     0.4588     0.9456    78.9455 0.0000e+00
        499  81.524126    0.03457     2.0743    124.457     43.411  51084.227    31.3992     3.5199     43.000     3.5184    24.9673     7.2156    10.3118     96.067    314.399    322.249   -0.00046    7.51095   10.73391  327.26834   16.77872 4.3313e-02     0.4615     0.9358    79.1406 0.0000e+00
        503  81.524139    0.03489     2.0936    125.616     44.420  51087.102    31.4017     3.5237     44.000     3.5229    24.9689     7.2155    10.3117     96.077    314.394    322.244   -0.00042    7.51012   10.73271  327.23123   16.77695 4.1789e-02     0.4506     0.9419    79.0207 0.0000e+00
        508  81.524153    0.03523     2.1134    126.807     45.431  51084.572    31.4002     3.5270     45.000     3.5247    24.9675     7.2217    10.3206     96.167    314.667    322.523    0.00009    7.50959   10.73197  327.20908   16.77590 4.0668e-02     0.4484     0.9417    79.0240 0.0000e+00
        513  81.524166    0.03554     2.1325    127.952     46.436  51085.733    31.4007     3.5278     46.000     3.5255    24.9678     7.2196    10.3175     96.140    314.571    322.426   -0.00011    7.50940   10.73169  327.20032   16.77548 3.9667e-02     0.4495     0.9479    78.9012 0.0000e+00
        518  81.524181    0.03591     2.1546    129.279     47.450  51085.645    31.4004     3.5287     47.000     3.5262    24.9674     7.2195    10.3174     96.141    314.569    322.423   -0.00010    7.50927   10.73150  327.19474   16.77522 4.0191e-02     0.4412     0.9428    79.0026 0.0000e+00
        523  81.524196    0.03626     2.1754    130.522     48.460  51086.499    31.4006     3.5295     48.000     3.5267    24.9675     7.2149    10.3108     96.082    314.369    322.218   -0.00043    7.50911   10.73127  327.18793   16.77490 3.7457e-02     0.4539     0.9448    78.9619 0.0000e+00
        528  81.524209    0.03658     2.1947    131.680     49.468  51085.900    31.3997     3.5294     49.000     3.5265    24.9668     7.2146    10.3105     96.078    314.358    322.206   -0.00043    7.50916   10.73134  327.19018   16.77501 3.7579e-02     0.4502     0.9514    78.8325 0.0000e+00
        533  81.524224    0.03692     2.2152    132.910     50.478  51094.962    31.4059     3.5319     50.000     3.5318    24.9716     7.2193    10.3170     96.149    314.556    322.411   -0.00000    7.50840   10.73025  327.15525   16.77332 3.7574e-02     0.4516     0.9477    78.9042 0.0000e+00
        538  81.524238    0.03726     2.2355    134.132     51.489  51089.518    31.4031     3.5377     51.000     3.5347    24.9689     7.2105    10.3044     96.044    314.175    322.019   -0.00056    7.50745   10.72889  327.11506   16.77142 3.7215e-02     0.4495     0.9519    78.8224 0.0000e+00
        543  81.524253    0.03764     2.2582    135.495     52.498  51088.917    31.4020     3.5367     52.000     3.5331    24.9681     7.2146    10.3103     96.095    314.353    322.202   -0.00024    7.50770   10.72925  327.12603   16.77195 3.6907e-02     0.4572     0.9492    78.8745 0.0000e+00
        548  81.524269    0.03800     2.2800    136.801     53.505  51095.413    31.4058     3.5364     53.000     3.5352    24.9711     7.2140    10.3094     96.088    314.325    322.174   -0.00027    7.50756   10.72905  327.11890   16.77160 3.6903e-02     0.4237     0.9538    78.7845 0.0000e+00
