CTD-processing/allCTD/CNV/2022_02-28_ab_s01_cast067_4141.cnv
* Sea-Bird SBE19plus Data File:
* FileName = C:\Users\steve\Desktop\GWA\CTD\2022_02-28_AB\2022_02-28_AB_S0_cast067.hex
* Software Version 1.59
* Temperature SN =  4141
* Conductivity SN =  4141
* System UpLoad Time = Mar 03 2022 14:44:19
** Cook Inlet LTM AlongBay
** Date: 02-28-2022
** Station:S01
** Start Time (AKST):12:56
** Depth (m):77
** Comment:
** Comment:
# nquan = 27
# nvalues = 71                          
# units = specified
# name 0 = scan: Scan Count
# name 1 = timeJ: Julian Days
# name 2 = timeH: Time, Elapsed [hours]
# name 3 = timeM: Time, Elapsed [minutes]
# name 4 = timeS: Time, Elapsed [seconds]
# name 5 = prdM: Pressure, Strain Gauge [db]
# name 6 = specc: Specific Conductance [uS/cm]
# name 7 = sal00: Salinity, Practical [PSU]
# name 8 = tv290C: Temperature [ITS-90, deg C]
# name 9 = depSM: Depth [salt water, m], lat = 59.00
# name 10 = potemp090C: Potential Temperature [ITS-90, deg C]
# name 11 = sigma-é00: Density [sigma-theta, kg/m^3]
# name 12 = sbeox0ML/L: Oxygen, SBE 43 [ml/l]
# name 13 = sbeox0Mg/L: Oxygen, SBE 43 [mg/l]
# name 14 = sbeox0PS: Oxygen, SBE 43 [% saturation]
# name 15 = sbox0Mm/Kg: Oxygen, SBE 43 [umol/kg]
# name 16 = sbeox0Mm/L: Oxygen, SBE 43 [umol/l]
# name 17 = sbox0dV/dT: Oxygen, SBE 43 [dov/dt]
# name 18 = oxsolML/L: Oxygen Saturation, Garcia & Gordon [ml/l]
# name 19 = oxsolMg/L: Oxygen Saturation, Garcia & Gordon [mg/l]
# name 20 = oxsolMm/Kg: Oxygen Saturation, Garcia & Gordon [umol/kg]
# name 21 = n2satMg/L: Nitrogen Saturation [mg/l]
# name 22 = par: PAR/Irradiance, Biospherical/Licor
# name 23 = wetStar: Fluorescence, WET Labs WETstar [mg/m^3]
# name 24 = CStarAt0: Beam Attenuation, WET Labs C-Star [1/m]
# name 25 = CStarTr0: Beam Transmission, WET Labs C-Star [%]
# name 26 = flag: flag
# span 0 =        293,        648       
# span 1 =  59.539898,  59.540924       
# span 2 =    0.02032,    0.04496       
# span 3 =     1.2187,     2.6976       
# span 4 =     73.124,    161.854       
# span 5 =      1.008,     71.673       
# span 6 =  50918.253,  51046.459       
# span 7 =    31.4910,    31.5413       
# span 8 =     4.2757,     4.2922       
# span 9 =      1.000,     71.000       
# span 10 =     4.2710,     4.2923      
# span 11 =    24.9676,    25.0095      
# span 12 =     7.1821,     7.2555      
# span 13 =    10.2639,    10.3688      
# span 14 =     97.496,     98.504      
# span 15 =    312.936,    316.134      
# span 16 =    320.751,    324.030      
# span 17 =   -0.00086,    0.00971      
# span 18 =    7.36525,    7.36664      
# span 19 =   10.52568,   10.52768      
# span 20 =  320.91205,  320.97982      
# span 21 =   16.47602,   16.47935      
# span 22 = 9.6978e-02, 8.4563e+01      
# span 23 =     0.2163,     0.4467      
# span 24 =     0.2978,     0.4197      
# span 25 =    90.0404,    92.8253      
# span 26 = 0.0000e+00, 0.0000e+00      
# interval = meters: 1                  
# start_time = Feb 28 2022 12:56:14 [Instrument's time stamp, header]
# bad_flag = -9.990e-29
*END*
        293  59.539898    0.02032     1.2187     73.124      1.008  50921.456    31.4941     4.2882      1.000     4.2901    24.9703     7.1821    10.2639     97.496    312.936    320.751    0.00971    7.36648   10.52745  320.97257   16.47900 8.4563e+01     0.2382     0.3485    91.6581 0.0000e+00
        299  59.539912    0.02066     1.2399     74.393      2.019  50919.592    31.4933     4.2921      2.000     4.2923    24.9693     7.1824    10.2642     97.508    312.948    320.761    0.00719    7.36583   10.52651  320.94441   16.47767 7.1227e+01     0.2271     0.3409    91.8302 0.0000e+00
        303  59.539926    0.02100     1.2599     75.596      3.028  50918.578    31.4921     4.2922      3.000     4.2913    24.9683     7.1831    10.2654     97.519    312.982    320.797    0.00507    7.36588   10.52658  320.94663   16.47777 6.2000e+01     0.2163     0.3413    91.8218 0.0000e+00
        309  59.539941    0.02136     1.2816     76.896      4.042  50918.253    31.4910     4.2905      4.000     4.2896    24.9676     7.1931    10.2797     97.650    313.420    321.245    0.00425    7.36624   10.52709  320.96231   16.47852 6.4030e+01     0.2247     0.3389    91.8767 0.0000e+00
        313  59.539954    0.02168     1.3009     78.052      5.044  50922.946    31.4934     4.2892      5.000     4.2885    24.9696     7.1973    10.2856     97.705    313.600    321.431    0.00330    7.36636   10.52727  320.96705   16.47874 6.7085e+01     0.2449     0.3357    91.9502 0.0000e+00
        318  59.539968    0.02202     1.3212     79.271      6.055  50924.000    31.4935     4.2885      6.000     4.2880    24.9697     7.2081    10.3010     97.850    314.070    321.913    0.00307    7.36646   10.52741  320.97161   16.47896 6.9499e+01     0.2588     0.3371    91.9171 0.0000e+00
        323  59.539983    0.02237     1.3421     80.525      7.069  50925.016    31.4936     4.2884      7.000     4.2878    24.9699     7.2161    10.3124     97.957    314.417    322.268    0.00266    7.36648   10.52744  320.97244   16.47899 6.8504e+01     0.2709     0.3340    91.9892 0.0000e+00
        328  59.539997    0.02270     1.3619     81.717      8.075  50925.267    31.4932     4.2882      8.000     4.2876    24.9696     7.2179    10.3151     97.983    314.499    322.352    0.00203    7.36653   10.52751  320.97477   16.47911 6.5419e+01     0.2818     0.3334    92.0029 0.0000e+00
        333  59.540011    0.02305     1.3828     82.968      9.084  50926.119    31.4933     4.2879      9.000     4.2872    24.9696     7.2201    10.3183     98.012    314.595    322.451    0.00155    7.36658   10.52759  320.97686   16.47921 6.0494e+01     0.3001     0.3315    92.0473 0.0000e+00
        338  59.540026    0.02340     1.4039     84.235     10.095  50926.651    31.4930     4.2878     10.000     4.2871    24.9695     7.2209    10.3192     98.021    314.626    322.482    0.00108    7.36662   10.52763  320.97850   16.47929 5.5832e+01     0.3509     0.3307    92.0661 0.0000e+00
        343  59.540041    0.02376     1.4256     85.535     11.104  50926.585    31.4925     4.2878     11.000     4.2870    24.9691     7.2212    10.3198     98.025    314.641    322.498    0.00074    7.36664   10.52768  320.97982   16.47935 5.0677e+01     0.3325     0.3309    92.0611 0.0000e+00
        348  59.540055    0.02410     1.4459     86.756     12.114  50930.321    31.4945     4.2875     12.000     4.2866    24.9707     7.2240    10.3239     98.065    314.767    322.626    0.00065    7.36659   10.52760  320.97698   16.47921 4.5702e+01     0.3829     0.3298    92.0858 0.0000e+00
        353  59.540069    0.02444     1.4662     87.975     13.123  50930.162    31.4939     4.2874     13.000     4.2865    24.9702     7.2283    10.3300     98.123    314.953    322.818    0.00070    7.36664   10.52768  320.97964   16.47934 4.1051e+01     0.3836     0.3303    92.0742 0.0000e+00
        358  59.540084    0.02479     1.4875     89.251     14.134  50930.249    31.4935     4.2875     14.000     4.2868    24.9699     7.2274    10.3287     98.111    314.914    322.777    0.00038    7.36664   10.52766  320.97936   16.47932 3.6909e+01     0.4107     0.3345    91.9770 0.0000e+00
        363  59.540098    0.02513     1.5077     90.465     15.140  50930.358    31.4931     4.2879     15.000     4.2870    24.9696     7.2288    10.3308     98.130    314.976    322.841    0.00031    7.36659   10.52760  320.97735   16.47923 3.3001e+01     0.4113     0.3329    92.0152 0.0000e+00
        368  59.540112    0.02547     1.5282     91.694     16.157  50930.624    31.4928     4.2880     16.000     4.2869    24.9694     7.2320    10.3352     98.173    315.113    322.980    0.00036    7.36659   10.52759  320.97714   16.47922 2.9428e+01     0.4235     0.3373    91.9124 0.0000e+00
        372  59.540126    0.02579     1.5477     92.863     17.159  50933.381    31.4942     4.2880     17.000     4.2869    24.9705     7.2333    10.3371     98.191    315.170    323.039    0.00031    7.36652   10.52750  320.97408   16.47907 2.6390e+01     0.4307     0.3641    91.3010 0.0000e+00
        378  59.540141    0.02616     1.5694     94.165     18.168  50937.383    31.4965     4.2881     18.000     4.2870    24.9723     7.2368    10.3420     98.240    315.319    323.193    0.00037    7.36639   10.52730  320.96758   16.47876 2.3652e+01     0.4349     0.3791    90.9586 0.0000e+00
        383  59.540155    0.02652     1.5908     95.450     19.182  50938.730    31.4969     4.2883     19.000     4.2871    24.9726     7.2414    10.3487     98.304    315.521    323.400    0.00054    7.36633   10.52722  320.96502   16.47863 2.1106e+01     0.4345     0.3569    91.4648 0.0000e+00
        387  59.540169    0.02684     1.6104     96.621     20.189  50939.164    31.4967     4.2883     20.000     4.2870    24.9725     7.2378    10.3435     98.254    315.362    323.238    0.00012    7.36634   10.52724  320.96553   16.47865 1.8776e+01     0.4173     0.3457    91.7213 0.0000e+00
        393  59.540184    0.02719     1.6314     97.883     21.199  50938.876    31.4960     4.2883     21.000     4.2868    24.9719     7.2345    10.3388     98.210    315.223    323.094   -0.00024    7.36639   10.52730  320.96760   16.47876 1.6860e+01     0.4118     0.3309    92.0610 0.0000e+00
        398  59.540199    0.02755     1.6532     99.194     22.205  50940.143    31.4963     4.2883     22.000     4.2868    24.9722     7.2410    10.3481     98.298    315.505    323.383    0.00020    7.36637   10.52728  320.96692   16.47872 1.5082e+01     0.4111     0.3271    92.1490 0.0000e+00
        403  59.540214    0.02792     1.6751    100.508     23.225  50939.813    31.4956     4.2883     23.000     4.2869    24.9716     7.2453    10.3542     98.356    315.691    323.575    0.00033    7.36639   10.52731  320.96790   16.47877 1.3426e+01     0.4238     0.3265    92.1629 0.0000e+00
        407  59.540227    0.02822     1.6934    101.604     24.225  50940.851    31.4959     4.2885     24.000     4.2869    24.9718     7.2425    10.3503     98.318    315.569    323.450    0.00011    7.36634   10.52724  320.96571   16.47867 1.2031e+01     0.4216     0.3258    92.1773 0.0000e+00
        412  59.540241    0.02857     1.7145    102.868     25.234  50941.015    31.4955     4.2885     25.000     4.2869    24.9715     7.2424    10.3501     98.317    315.566    323.447   -0.00008    7.36636   10.52727  320.96689   16.47873 1.0798e+01     0.4162     0.3268    92.1530 0.0000e+00
        418  59.540258    0.02897     1.7379    104.274     26.251  50941.480    31.4953     4.2886     26.000     4.2869    24.9713     7.2485    10.3589     98.400    315.832    323.719    0.00031    7.36636   10.52726  320.96655   16.47871 9.6541e+00     0.4368     0.3346    91.9762 0.0000e+00
        423  59.540272    0.02930     1.7581    105.488     27.258  50942.493    31.4955     4.2885     27.000     4.2866    24.9715     7.2454    10.3544     98.358    315.697    323.581   -0.00001    7.36637   10.52728  320.96721   16.47874 8.6408e+00     0.4176     0.3866    90.7892 0.0000e+00
        428  59.540286    0.02963     1.7781    106.684     28.263  50943.032    31.4953     4.2883     28.000     4.2865    24.9714     7.2421    10.3497     98.313    315.553    323.432   -0.00034    7.36641   10.52734  320.96880   16.47882 7.7412e+00     0.4185     0.4197    90.0404 0.0000e+00
        433  59.540301    0.03000     1.8001    108.004     29.275  50944.784    31.4960     4.2886     29.000     4.2867    24.9720     7.2456    10.3547     98.361    315.705    323.588   -0.00005    7.36632   10.52721  320.96498   16.47863 6.9407e+00     0.4237     0.3942    90.6163 0.0000e+00
        439  59.540317    0.03039     1.8230    109.381     30.291  50946.010    31.4965     4.2888     30.000     4.2869    24.9722     7.2434    10.3516     98.333    315.611    323.493   -0.00022    7.36627   10.52714  320.96244   16.47851 6.2073e+00     0.4208     0.3296    92.0878 0.0000e+00
        443  59.540331    0.03071     1.8425    110.553     31.295  50945.380    31.4955     4.2889     31.000     4.2868    24.9715     7.2425    10.3501     98.319    315.567    323.448   -0.00031    7.36629   10.52717  320.96372   16.47858 5.5526e+00     0.4171     0.3287    92.1111 0.0000e+00
        448  59.540344    0.03103     1.8619    111.715     32.300  50946.340    31.4957     4.2889     32.000     4.2871    24.9716     7.2420    10.3495     98.312    315.547    323.427   -0.00031    7.36629   10.52715  320.96324   16.47855 4.9902e+00     0.4289     0.3264    92.1647 0.0000e+00
        453  59.540360    0.03142     1.8851    113.106     33.318  50946.252    31.4954     4.2898     33.000     4.2877    24.9713     7.2422    10.3499     98.317    315.557    323.437   -0.00022    7.36615   10.52697  320.95774   16.47829 4.4741e+00     0.4136     0.3279    92.1286 0.0000e+00
        459  59.540375    0.03179     1.9070    114.419     34.327  50947.369    31.4956     4.2898     34.000     4.2875    24.9715     7.2421    10.3497     98.316    315.553    323.433   -0.00029    7.36614   10.52695  320.95702   16.47825 4.0162e+00     0.4116     0.3243    92.2120 0.0000e+00
        463  59.540388    0.03209     1.9254    115.526     35.327  50948.559    31.4959     4.2898     35.000     4.2875    24.9718     7.2438    10.3522     98.340    315.627    323.509   -0.00007    7.36611   10.52691  320.95569   16.47819 3.5988e+00     0.4193     0.3256    92.1827 0.0000e+00
        468  59.540403    0.03246     1.9477    116.863     36.349  50950.643    31.4968     4.2899     36.000     4.2874    24.9725     7.2463    10.3557     98.374    315.737    323.621   -0.00006    7.36605   10.52682  320.95292   16.47806 3.2467e+00     0.4157     0.3222    92.2615 0.0000e+00
        473  59.540418    0.03281     1.9684    118.104     37.352  50953.900    31.4985     4.2898     37.000     4.2873    24.9738     7.2489    10.3594     98.410    315.846    323.734    0.00012    7.36600   10.52675  320.95015   16.47792 2.9067e+00     0.4149     0.3194    92.3262 0.0000e+00
        478  59.540432    0.03314     1.9882    119.295     38.359  50958.716    31.5013     4.2898     38.000     4.2873    24.9761     7.2490    10.3597     98.414    315.855    323.743    0.00005    7.36585   10.52653  320.94281   16.47756 2.6083e+00     0.4068     0.3151    92.4251 0.0000e+00
        483  59.540447    0.03350     2.0100    120.602     39.376  50960.957    31.5024     4.2899     39.000     4.2873    24.9769     7.2453    10.3543     98.365    315.691    323.576   -0.00027    7.36578   10.52643  320.93957   16.47740 2.3430e+00     0.4150     0.3133    92.4656 0.0000e+00
        489  59.540462    0.03386     2.0317    121.904     40.379  50957.650    31.4996     4.2900     40.000     4.2874    24.9747     7.2477    10.3577     98.395    315.795    323.682   -0.00012    7.36589   10.52660  320.94523   16.47768 2.1050e+00     0.3975     0.3137    92.4565 0.0000e+00
        494  59.540477    0.03423     2.0536    123.215     41.391  50958.634    31.4998     4.2902     41.000     4.2873    24.9749     7.2469    10.3565     98.384    315.758    323.644   -0.00018    7.36587   10.52656  320.94409   16.47763 1.8893e+00     0.4137     0.3119    92.4980 0.0000e+00
        499  59.540492    0.03458     2.0748    124.491     42.401  50959.350    31.4998     4.2901     42.000     4.2873    24.9749     7.2454    10.3544     98.364    315.695    323.579   -0.00030    7.36587   10.52657  320.94437   16.47764 1.7034e+00     0.4098     0.3140    92.4487 0.0000e+00
        505  59.540508    0.03497     2.0982    125.890     43.411  50959.371    31.4993     4.2902     43.000     4.2873    24.9745     7.2445    10.3531     98.352    315.656    323.540   -0.00032    7.36589   10.52659  320.94515   16.47768 1.5323e+00     0.4467     0.3145    92.4400 0.0000e+00
        510  59.540524    0.03535     2.1206    127.236     44.417  50961.606    31.5004     4.2901     44.000     4.2871    24.9753     7.2456    10.3547     98.368    315.703    323.588   -0.00021    7.36584   10.52652  320.94273   16.47756 1.3753e+00     0.4101     0.3114    92.5102 0.0000e+00
        515  59.540539    0.03572     2.1433    128.600     45.435  50963.365    31.5010     4.2901     45.000     4.2872    24.9758     7.2474    10.3573     98.392    315.783    323.670   -0.00010    7.36581   10.52649  320.94149   16.47750 1.2361e+00     0.4085     0.3121    92.4945 0.0000e+00
        520  59.540553    0.03605     2.1629    129.775     46.438  50962.970    31.5003     4.2903     46.000     4.2873    24.9753     7.2488    10.3592     98.411    315.843    323.731   -0.00005    7.36582   10.52649  320.94174   16.47751 1.1123e+00     0.3988     0.3134    92.4635 0.0000e+00
        525  59.540568    0.03642     2.1853    131.120     47.449  50965.366    31.5015     4.2904     47.000     4.2873    24.9762     7.2493    10.3600     98.420    315.866    323.755   -0.00007    7.36574   10.52638  320.93822   16.47734 1.0033e+00     0.4117     0.3133    92.4653 0.0000e+00
        531  59.540583    0.03677     2.2063    132.378     48.461  50966.150    31.5015     4.2905     48.000     4.2873    24.9763     7.2506    10.3618     98.437    315.920    323.810    0.00003    7.36572   10.52635  320.93734   16.47730 8.9777e-01     0.4187     0.3124    92.4881 0.0000e+00
        535  59.540597    0.03709     2.2259    133.551     49.466  50966.666    31.5014     4.2906     49.000     4.2873    24.9762     7.2480    10.3581     98.402    315.807    323.695   -0.00023    7.36571   10.52633  320.93678   16.47727 8.1244e-01     0.3975     0.3148    92.4321 0.0000e+00
        540  59.540612    0.03746     2.2476    134.856     50.474  50974.728    31.5063     4.2902     50.000     4.2867    24.9801     7.2485    10.3589     98.411    315.830    323.720   -0.00019    7.36553   10.52608  320.92792   16.47683 7.3116e-01     0.3986     0.3117    92.5028 0.0000e+00
        546  59.540629    0.03787     2.2719    136.315     51.491  50968.322    31.5015     4.2904     51.000     4.2872    24.9762     7.2544    10.3672     98.488    316.086    323.981    0.00014    7.36573   10.52637  320.93792   16.47733 6.5828e-01     0.3937     0.3109    92.5207 0.0000e+00
        552  59.540644    0.03823     2.2939    137.632     52.499  50970.899    31.5028     4.2906     52.000     4.2870    24.9773     7.2491    10.3596     98.417    315.853    323.742   -0.00024    7.36565   10.52624  320.93373   16.47712 5.9306e-01     0.3991     0.3102    92.5384 0.0000e+00
        556  59.540658    0.03857     2.3142    138.855     53.506  50972.695    31.5035     4.2904     53.000     4.2869    24.9778     7.2511    10.3626     98.445    315.944    323.836   -0.00013    7.36564   10.52624  320.93348   16.47711 5.3401e-01     0.3985     0.3113    92.5118 0.0000e+00
