CTD-processing/allCTD/CNV/2022_04-13_t4_s05_cast139_4141.cnv
* Sea-Bird SBE19plus Data File:
* FileName = C:\GWA\CTD\2022_04-13_T4\2022_04-13_T4_S0_cast139.hex
* Software Version 1.59
* Temperature SN =  4141
* Conductivity SN =  4141
* System UpLoad Time = Apr 13 2022 14:46:57
** Cook Inlet LTM T4
** Date: 04-13-2022
** Station:S05
** Start Time (AKDT):10:49
** Depth (m):79
** Comment:
** Comment:
# nquan = 27
# nvalues = 71                          
# units = specified
# name 0 = scan: Scan Count
# name 1 = timeJ: Julian Days
# name 2 = timeH: Time, Elapsed [hours]
# name 3 = timeM: Time, Elapsed [minutes]
# name 4 = timeS: Time, Elapsed [seconds]
# name 5 = prdM: Pressure, Strain Gauge [db]
# name 6 = specc: Specific Conductance [uS/cm]
# name 7 = sal00: Salinity, Practical [PSU]
# name 8 = tv290C: Temperature [ITS-90, deg C]
# name 9 = depSM: Depth [salt water, m], lat = 59.00
# name 10 = potemp090C: Potential Temperature [ITS-90, deg C]
# name 11 = sigma-é00: Density [sigma-theta, kg/m^3]
# name 12 = sbeox0ML/L: Oxygen, SBE 43 [ml/l]
# name 13 = sbeox0Mg/L: Oxygen, SBE 43 [mg/l]
# name 14 = sbeox0PS: Oxygen, SBE 43 [% saturation]
# name 15 = sbox0Mm/Kg: Oxygen, SBE 43 [umol/kg]
# name 16 = sbeox0Mm/L: Oxygen, SBE 43 [umol/l]
# name 17 = sbox0dV/dT: Oxygen, SBE 43 [dov/dt]
# name 18 = oxsolML/L: Oxygen Saturation, Garcia & Gordon [ml/l]
# name 19 = oxsolMg/L: Oxygen Saturation, Garcia & Gordon [mg/l]
# name 20 = oxsolMm/Kg: Oxygen Saturation, Garcia & Gordon [umol/kg]
# name 21 = n2satMg/L: Nitrogen Saturation [mg/l]
# name 22 = par: PAR/Irradiance, Biospherical/Licor
# name 23 = wetStar: Fluorescence, WET Labs WETstar [mg/m^3]
# name 24 = CStarAt0: Beam Attenuation, WET Labs C-Star [1/m]
# name 25 = CStarTr0: Beam Transmission, WET Labs C-Star [%]
# name 26 = flag: flag
# span 0 =        298,        661       
# span 1 = 103.451428, 103.452477       
# span 2 =    0.02066,    0.04582       
# span 3 =     1.2395,     2.7496       
# span 4 =     74.371,    164.978       
# span 5 =      1.012,     71.682       
# span 6 =  50917.607,  51154.141       
# span 7 =    31.5299,    31.6367       
# span 8 =     4.3444,     4.5397       
# span 9 =      1.000,     71.000       
# span 10 =     4.3423,     4.5399      
# span 11 =    24.9870,    25.0758      
# span 12 =     7.0573,     7.8588      
# span 13 =    10.0856,    11.2310      
# span 14 =     96.084,    107.316      
# span 15 =    307.470,    342.416      
# span 16 =    315.180,    350.973      
# span 17 =   -0.02000,    0.00521      
# span 18 =    7.31903,    7.35247      
# span 19 =   10.45962,   10.50741      
# span 20 =  318.89853,  320.34413      
# span 21 =   16.38011,   16.44879      
# span 22 = 3.9949e-02, 9.1705e+01      
# span 23 =     0.4612,     3.9869      
# span 24 =     0.4002,     1.1964      
# span 25 =    74.1493,    90.4805      
# span 26 = 0.0000e+00, 0.0000e+00      
# interval = meters: 1                  
# start_time = Apr 13 2022 10:48:49 [Instrument's time stamp, header]
# bad_flag = -9.990e-29
*END*
[from data line 54]
        577 103.452234    0.04001     2.4003    144.021     55.526  51133.368    31.6277     4.3574     55.000     4.3548    25.0698     7.1592    10.2312     97.436    311.909    319.728   -0.00088    7.34753   10.50036  320.11553   16.43770 7.1928e-02     0.7621     0.5600    86.9383 0.0000e+00
        582 103.452249    0.04038     2.4229    145.373     56.541  51135.048    31.6289     4.3597     56.000     4.3562    25.0705     7.1469    10.2137     97.277    311.377    319.183   -0.00137    7.34706   10.49968  320.09475   16.43670 6.8724e-02     0.6912     0.6847    84.2697 0.0000e+00
        587 103.452263    0.04069     2.4413    146.476     57.539  51136.703    31.6297     4.3603     57.000     4.3568    25.0711     7.1303    10.1899     97.051    310.649    318.438   -0.00217    7.34692   10.49948  320.08844   16.43640 6.5876e-02     0.5898     0.7407    83.0974 0.0000e+00
        592 103.452277    0.04104     2.4625    147.752     58.556  51136.947    31.6295     4.3610     58.000     4.3573    25.0709     7.1129    10.1651     96.817    309.894    317.664   -0.00276    7.34680   10.49930  320.08314   16.43615 6.1408e-02     0.5979     0.8022    81.8274 0.0000e+00
        597 103.452293    0.04141     2.4845    149.070     59.563  51138.650    31.6303     4.3614     59.000     4.3577    25.0714     7.0945    10.1387     96.566    309.088    316.838   -0.00318    7.34669   10.49916  320.07838   16.43592 5.7958e-02     0.5629     0.8313    81.2359 0.0000e+00
        603 103.452308    0.04178     2.5066    150.399     60.581  51139.553    31.6305     4.3622     60.000     4.3583    25.0716     7.0936    10.1374     96.557    309.050    316.798   -0.00249    7.34653   10.49894  320.07173   16.43560 5.4305e-02     0.5188     0.8860    80.1297 0.0000e+00
        607 103.452321    0.04210     2.5262    151.572     61.579  51141.460    31.6315     4.3629     61.000     4.3592    25.0724     7.0930    10.1366     96.551    309.025    316.773   -0.00184    7.34637   10.49869  320.06397   16.43522 5.1021e-02     0.5131     0.9420    79.0192 0.0000e+00
        613 103.452339    0.04253     2.5519    153.112     62.603  51141.792    31.6314     4.3639     62.000     4.3597    25.0722     7.0805    10.1187     96.383    308.481    316.215   -0.00215    7.34620   10.49846  320.05703   16.43490 4.8041e-02     0.5434     0.9800    78.2693 0.0000e+00
        618 103.452354    0.04288     2.5728    154.369     63.603  51142.780    31.6317     4.3642     63.000     4.3600    25.0723     7.0915    10.1344     96.534    308.960    316.707   -0.00077    7.34613   10.49836  320.05376   16.43474 4.6087e-02     0.4655     1.0068    77.7481 0.0000e+00
        624 103.452370    0.04326     2.5958    155.749     64.610  51143.475    31.6317     4.3645     64.000     4.3603    25.0723     7.0764    10.1129     96.329    308.303    316.033   -0.00162    7.34607   10.49826  320.05092   16.43461 4.4423e-02     0.5067     1.0181    77.5284 0.0000e+00
        630 103.452387    0.04369     2.6213    157.279     65.633  51144.097    31.6317     4.3649     65.000     4.3606    25.0723     7.0738    10.1091     96.294    308.187    315.914   -0.00134    7.34600   10.49817  320.04812   16.43448 4.4416e-02     0.4883     1.0267    77.3630 0.0000e+00
        635 103.452401    0.04400     2.6401    158.404     66.625  51147.628    31.6338     4.3657     66.000     4.3619    25.0739     7.0723    10.1071     96.278    308.124    315.850   -0.00111    7.34575   10.49782  320.03690   16.43393 4.3253e-02     0.4965     1.0841    76.2617 0.0000e+00
        641 103.452418    0.04443     2.6656    159.936     67.656  51147.934    31.6339     4.3674     67.000     4.3630    25.0738     7.0762    10.1125     96.334    308.291    316.021   -0.00057    7.34544   10.49737  320.02336   16.43329 4.1850e-02     0.5183     1.1328    75.3379 0.0000e+00
        645 103.452431    0.04474     2.6843    161.060     68.648  51149.531    31.6347     4.3679     68.000     4.3636    25.0744     7.0686    10.1017     96.232    307.960    315.682   -0.00091    7.34532   10.49720  320.01780   16.43302 4.1266e-02     0.5125     1.1685    74.6683 0.0000e+00
        651 103.452448    0.04514     2.7082    162.494     69.673  51149.879    31.6346     4.3685     69.000     4.3638    25.0742     7.0641    10.0953     96.173    307.766    315.482   -0.00103    7.34523   10.49708  320.01396   16.43284 4.0571e-02     0.4612     1.1629    74.7729 0.0000e+00
        656 103.452461    0.04546     2.7272    163.632     70.668  51151.576    31.6352     4.3687     70.000     4.3641    25.0748     7.0620    10.0923     96.145    307.673    315.388   -0.00090    7.34516   10.49696  320.01049   16.43267 4.0252e-02     0.4833     1.1867    74.3290 0.0000e+00
        661 103.452477    0.04582     2.7496    164.978     71.682  51154.141    31.6367     4.3696     71.000     4.3652    25.0758     7.0573    10.0856     96.084    307.470    315.180   -0.00100    7.34492   10.49662  319.99973   16.43215 3.9949e-02     0.4696     1.1964    74.1493 0.0000e+00
