CTD-processing/allCTD/CNV/2022_03-01_t9_s05_cast092_4141.cnv
* Sea-Bird SBE19plus Data File:
* FileName = C:\Users\steve\Desktop\GWA\CTD\2022_03-01_T9\2022_03-01_T9_S0_cast092.hex
* Software Version 1.59
* Temperature SN =  4141
* Conductivity SN =  4141
* System UpLoad Time = Mar 03 2022 15:22:51
** Cook Inlet LTM T9
** Date: 03-01-2022
** Station:S05
** Start Time (AKST):13:48
** Depth (m):102
** Comment:
** Comment:
# nquan = 27
# nvalues = 94                          
# units = specified
# name 0 = scan: Scan Count
# name 1 = timeJ: Julian Days
# name 2 = timeH: Time, Elapsed [hours]
# name 3 = timeM: Time, Elapsed [minutes]
# name 4 = timeS: Time, Elapsed [seconds]
# name 5 = prdM: Pressure, Strain Gauge [db]
# name 6 = specc: Specific Conductance [uS/cm]
# name 7 = sal00: Salinity, Practical [PSU]
# name 8 = tv290C: Temperature [ITS-90, deg C]
# name 9 = depSM: Depth [salt water, m], lat = 59.00
# name 10 = potemp090C: Potential Temperature [ITS-90, deg C]
# name 11 = sigma-é00: Density [sigma-theta, kg/m^3]
# name 12 = sbeox0ML/L: Oxygen, SBE 43 [ml/l]
# name 13 = sbeox0Mg/L: Oxygen, SBE 43 [mg/l]
# name 14 = sbeox0PS: Oxygen, SBE 43 [% saturation]
# name 15 = sbox0Mm/Kg: Oxygen, SBE 43 [umol/kg]
# name 16 = sbeox0Mm/L: Oxygen, SBE 43 [umol/l]
# name 17 = sbox0dV/dT: Oxygen, SBE 43 [dov/dt]
# name 18 = oxsolML/L: Oxygen Saturation, Garcia & Gordon [ml/l]
# name 19 = oxsolMg/L: Oxygen Saturation, Garcia & Gordon [mg/l]
# name 20 = oxsolMm/Kg: Oxygen Saturation, Garcia & Gordon [umol/kg]
# name 21 = n2satMg/L: Nitrogen Saturation [mg/l]
# name 22 = par: PAR/Irradiance, Biospherical/Licor
# name 23 = wetStar: Fluorescence, WET Labs WETstar [mg/m^3]
# name 24 = CStarAt0: Beam Attenuation, WET Labs C-Star [1/m]
# name 25 = CStarTr0: Beam Transmission, WET Labs C-Star [%]
# name 26 = flag: flag
# span 0 =        277,        703       
# span 1 =  60.575707,  60.576939       
# span 2 =    0.01919,    0.04875       
# span 3 =     1.1511,     2.9252       
# span 4 =     69.066,    175.508       
# span 5 =      1.015,     94.858       
# span 6 =  50966.356,  51444.646       
# span 7 =    31.2962,    31.5728       
# span 8 =     3.3114,     3.7487       
# span 9 =      1.000,     94.000       
# span 10 =     3.3061,     3.7460      
# span 11 =    24.9028,    25.1220      
# span 12 =     7.0342,     7.1059      
# span 13 =    10.0526,    10.1550      
# span 14 =     93.120,     95.045      
# span 15 =    306.515,    309.588      
# span 16 =    314.148,    317.348      
# span 17 =   -0.00218,    0.03365      
# span 18 =    7.46610,    7.55392      
# span 19 =   10.66979,   10.79532      
# span 20 =  325.30636,  329.16125      
# span 21 =   16.68525,   16.86909      
# span 22 = 3.6906e-02, 8.4301e+01      
# span 23 =     0.1654,     0.6541      
# span 24 =     0.4616,     1.2415      
# span 25 =    73.3120,    89.1015      
# span 26 = 0.0000e+00, 0.0000e+00      
# interval = meters: 1                  
# start_time = Mar 01 2022 13:47:52 [Instrument's time stamp, header]
# bad_flag = -9.990e-29
*END*
        277  60.575707    0.01919     1.1511     69.066      1.015  50975.365    31.2962     3.3170      1.000     3.3491    24.9028     7.0342    10.0526     93.120    306.515    314.148    0.03365    7.55392   10.79532  329.16125   16.86909 4.9742e+01     0.1823     0.7863    82.1545 0.0000e+00
        281  60.575718    0.01946     1.1676     70.058      2.018  50972.198    31.3092     3.3792      2.000     3.4022    24.9078     7.0483    10.0727     93.458    307.128    314.777    0.02794    7.54165   10.77778  328.62498   16.84356 4.5997e+01     0.1654     0.7361    83.1924 0.0000e+00
        285  60.575730    0.01974     1.1848     71.087      3.027  50969.443    31.3178     3.4229      3.000     3.4391    24.9108     7.0644    10.0957     93.778    307.828    315.496    0.02314    7.53308   10.76554  328.25061   16.82573 5.2925e+01     0.1757     0.6998    83.9500 0.0000e+00
        290  60.575743    0.02006     1.2033     72.197      4.042  51000.511    31.3483     3.4630      4.000     3.4808    24.9316     7.0704    10.1043     93.971    308.084    315.764    0.01831    7.52409   10.75267  327.85184   16.80666 7.2148e+01     0.1966     0.6665    84.6538 0.0000e+00
        294  60.575754    0.02033     1.2195     73.172      5.046  50966.356    31.3308     3.4878      5.000     3.4909    24.9155     7.0789    10.1163     94.129    308.457    316.142    0.01515    7.52038   10.74737  327.69510   16.79928 8.4301e+01     0.2343     0.6484    85.0361 0.0000e+00
        298  60.575766    0.02061     1.2367     74.204      6.056  50986.637    31.3469     3.4991      6.000     3.5076    24.9273     7.0688    10.1019     94.031    308.012    315.690    0.01122    7.51747   10.74321  327.56459   16.79301 8.1893e+01     0.2560     0.6402    85.2104 0.0000e+00
        302  60.575779    0.02092     1.2554     75.325      7.068  50990.334    31.3534     3.5173      7.000     3.5253    24.9308     7.0671    10.0996     94.055    307.940    315.618    0.00848    7.51377   10.73792  327.40230   16.78528 7.3333e+01     0.2663     0.6267    85.4980 0.0000e+00
        307  60.575792    0.02122     1.2731     76.385      8.073  50988.229    31.3560     3.5357      8.000     3.5388    24.9313     7.0683    10.1014     94.117    307.995    315.673    0.00671    7.51023   10.73287  327.24827   16.77794 6.2429e+01     0.3000     0.6227    85.5832 0.0000e+00
        311  60.575804    0.02153     1.2915     77.491      9.086  50988.489    31.3567     3.5397      9.000     3.5464    24.9315     7.0733    10.1085     94.193    308.211    315.895    0.00541    7.50943   10.73173  327.21343   16.77629 5.4127e+01     0.3385     0.6199    85.6425 0.0000e+00
        315  60.575817    0.02183     1.3101     78.604     10.092  51025.934    31.3889     3.5693     10.000     3.5848    24.9545     7.0747    10.1105     94.299    308.264    315.956    0.00451    7.50236   10.72162  326.89762   16.76114 4.6057e+01     0.4114     0.6141    85.7694 0.0000e+00
        320  60.575831    0.02217     1.3303     79.817     11.106  50994.621    31.3735     3.5951     11.000     3.5960    24.9399     7.0768    10.1134     94.377    308.358    316.049    0.00372    7.49838   10.71594  326.72927   16.75321 3.9162e+01     0.4843     0.6089    85.8789 0.0000e+00
        325  60.575845    0.02249     1.3496     80.975     12.111  50994.558    31.3734     3.5968     12.000     3.5970    24.9396     7.0687    10.1019     94.274    308.007    315.689    0.00221    7.49806   10.71548  326.71522   16.75253 3.3491e+01     0.5330     0.6084    85.8898 0.0000e+00
        330  60.575859    0.02284     1.3701     82.205     13.126  50994.436    31.3732     3.5984     13.000     3.5986    24.9394     7.0694    10.1029     94.286    308.036    315.718    0.00161    7.49777   10.71507  326.70289   16.75195 2.8471e+01     0.5757     0.6055    85.9525 0.0000e+00
        334  60.575872    0.02314     1.3883     83.301     14.133  51044.473    31.4086     3.6064     14.000     3.6245    24.9669     7.0725    10.1073     94.369    308.164    315.857    0.00155    7.49451   10.71041  326.55196   16.74463 2.4095e+01     0.6347     0.6015    86.0404 0.0000e+00
        339  60.575884    0.02344     1.4065     84.388     15.141  51041.000    31.4163     3.6490     15.000     3.6578    24.9691     7.0803    10.1185     94.577    308.505    316.208    0.00206    7.48627   10.69864  326.19227   16.72751 2.0572e+01     0.6421     0.5929    86.2240 0.0000e+00
        343  60.575897    0.02375     1.4249     85.491     16.153  51028.306    31.4107     3.6635     16.000     3.6653    24.9633     7.0901    10.1325     94.738    308.933    316.645    0.00241    7.48389   10.69523  326.09016   16.72267 1.7573e+01     0.5892     0.5872    86.3483 0.0000e+00
        347  60.575909    0.02403     1.4417     86.504     17.162  51028.099    31.4112     3.6686     17.000     3.6697    24.9633     7.0831    10.1225     94.657    308.628    316.333    0.00143    7.48293   10.69386  326.04835   16.72068 1.4904e+01     0.5997     0.5863    86.3655 0.0000e+00
        351  60.575920    0.02431     1.4583     87.496     18.167  51027.951    31.4115     3.6722     18.000     3.6717    24.9632     7.0796    10.1175     94.619    308.477    316.177    0.00081    7.48226   10.69291  326.01940   16.71931 1.2802e+01     0.6541     0.5831    86.4344 0.0000e+00
        356  60.575934    0.02462     1.4774     88.642     19.182  51026.627    31.4103     3.6729     19.000     3.6711    24.9622     7.0879    10.1293     94.730    308.836    316.545    0.00107    7.48220   10.69281  326.01673   16.71919 1.0982e+01     0.6179     0.5822    86.4533 0.0000e+00
        360  60.575945    0.02492     1.4950     89.701     20.191  51027.925    31.4101     3.6709     20.000     3.6688    24.9623     7.0807    10.1191     94.630    308.524    316.226    0.00040    7.48256   10.69332  326.03258   16.71994 9.3157e+00     0.6006     0.5808    86.4851 0.0000e+00
        364  60.575958    0.02520     1.5121     90.729     21.195  51032.956    31.4128     3.6701     21.000     3.6692    24.9645     7.0797    10.1177     94.617    308.481    316.182    0.00005    7.48257   10.69333  326.03213   16.71991 7.9962e+00     0.6380     0.5820    86.4598 0.0000e+00
        369  60.575971    0.02553     1.5320     91.921     22.211  51033.718    31.4131     3.6709     22.000     3.6696    24.9646     7.0872    10.1282     94.717    308.803    316.512    0.00046    7.48241   10.69311  326.02538   16.71958 6.8689e+00     0.6301     0.5763    86.5830 0.0000e+00
        373  60.575984    0.02584     1.5505     93.028     23.219  51036.845    31.4147     3.6712     23.000     3.6706    24.9659     7.0905    10.1330     94.764    308.948    316.662    0.00054    7.48228   10.69293  326.01939   16.71929 5.8653e+00     0.5805     0.5767    86.5724 0.0000e+00
        377  60.575996    0.02614     1.5682     94.093     24.223  51038.515    31.4158     3.6729     24.000     3.6716    24.9666     7.0905    10.1330     94.769    308.950    316.663    0.00037    7.48191   10.69240  326.00308   16.71852 5.0384e+00     0.5916     0.5699    86.7214 0.0000e+00
        383  60.576012    0.02650     1.5898     95.388     25.240  51038.655    31.4154     3.6731     25.000     3.6713    24.9663     7.0971    10.1425     94.857    309.236    316.957    0.00062    7.48190   10.69238  326.00248   16.71849 4.3429e+00     0.5698     0.5588    86.9621 0.0000e+00
        387  60.576025    0.02683     1.6094     96.564     26.246  51042.805    31.4177     3.6729     26.000     3.6721    24.9681     7.0930    10.1366     94.803    309.057    316.774    0.00017    7.48181   10.69226  325.99816   16.71828 3.7356e+00     0.5921     0.5563    87.0150 0.0000e+00
        392  60.576039    0.02715     1.6293     97.759     27.257  51046.170    31.4201     3.6756     27.000     3.6750    24.9698     7.0919    10.1351     94.797    309.011    316.726   -0.00001    7.48121   10.69140  325.97131   16.71699 3.2313e+00     0.5899     0.5497    87.1597 0.0000e+00
        397  60.576052    0.02748     1.6489     98.936     28.266  51048.067    31.4214     3.6776     28.000     3.6773    24.9707     7.0948    10.1393     94.842    309.138    316.857    0.00019    7.48076   10.69075  325.95127   16.71603 2.7857e+00     0.6229     0.5461    87.2388 0.0000e+00
        401  60.576066    0.02780     1.6676    100.058     29.277  51050.293    31.4233     3.6813     29.000     3.6808    24.9718     7.0943    10.1385     94.844    309.113    316.832    0.00009    7.47998   10.68965  325.91730   16.71441 2.4035e+00     0.5894     0.5437    87.2901 0.0000e+00
        405  60.576077    0.02809     1.6853    101.117     30.283  51056.625    31.4278     3.6844     30.000     3.6859    24.9752     7.0900    10.1323     94.797    308.924    316.639   -0.00023    7.47918   10.68850  325.88136   16.71268 2.0738e+00     0.6122     0.5435    87.2969 0.0000e+00
        410  60.576090    0.02838     1.7031    102.187     31.296  51058.984    31.4308     3.6920     31.000     3.6924    24.9768     7.0913    10.1342     94.834    308.981    316.699   -0.00004    7.47765   10.68631  325.81401   16.70947 1.7913e+00     0.5605     0.5363    87.4528 0.0000e+00
        414  60.576102    0.02868     1.7208    103.248     32.303  51059.633    31.4317     3.6959     32.000     3.6959    24.9772     7.0944    10.1386     94.884    309.114    316.835    0.00017    7.47688   10.68521  325.78031   16.70786 1.5555e+00     0.5834     0.5272    87.6510 0.0000e+00
        419  60.576116    0.02900     1.7396    104.375     33.317  51063.584    31.4350     3.7008     33.000     3.7017    24.9794     7.0883    10.1298     94.816    308.846    316.561   -0.00027    7.47581   10.68368  325.73318   16.70561 1.3499e+00     0.5761     0.5193    87.8259 0.0000e+00
        423  60.576127    0.02928     1.7565    105.392     34.320  51069.467    31.4403     3.7078     34.000     3.7097    24.9829     7.0957    10.1404     94.934    309.168    316.891    0.00023    7.47427   10.68148  325.66484   16.70234 1.1757e+00     0.5589     0.5155    87.9085 0.0000e+00
        427  60.576141    0.02960     1.7761    106.569     35.337  51069.582    31.4419     3.7163     35.000     3.7171    24.9835     7.0976    10.1432     94.982    309.255    316.982    0.00043    7.47263   10.67914  325.59328   16.69893 1.0254e+00     0.5467     0.5072    88.0904 0.0000e+00
        431  60.576153    0.02989     1.7936    107.613     36.339  51077.945    31.4489     3.7235     36.000     3.7270    24.9883     7.0946    10.1388     94.962    309.118    316.842    0.00018    7.47095   10.67674  325.51861   16.69535 8.9081e-01     0.5685     0.5022    88.2017 0.0000e+00
        436  60.576166    0.03022     1.8129    108.773     37.354  51079.371    31.4525     3.7366     37.000     3.7381    24.9900     7.0902    10.1325     94.935    308.925    316.645   -0.00004    7.46837   10.67306  325.40577   16.68998 7.8165e-01     0.5679     0.4894    88.4838 0.0000e+00
        441  60.576180    0.03053     1.8318    109.907     38.362  51082.812    31.4563     3.7449     38.000     3.7460    24.9924     7.0872    10.1283     94.918    308.797    316.514   -0.00018    7.46667   10.67062  325.33063   16.68638 6.8256e-01     0.5439     0.4848    88.5849 0.0000e+00
        445  60.576192    0.03083     1.8500    110.997     39.373  51078.278    31.4537     3.7487     39.000     3.7438    24.9899     7.0913    10.1341     94.980    308.976    316.697    0.00006    7.46610   10.66979  325.30636   16.68525 5.9915e-01     0.5289     0.4769    88.7599 0.0000e+00
        449  60.576205    0.03114     1.8682    112.095     40.382  51094.511    31.4629     3.7433     40.000     3.7394    24.9978     7.0949    10.1394     95.022    309.132    316.859    0.00023    7.46661   10.67053  325.32630   16.68615 5.2697e-01     0.5498     0.4716    88.8783 0.0000e+00
        454  60.576217    0.03143     1.8858    113.146     41.390  51105.472    31.4691     3.7404     41.000     3.7380    25.0030     7.0926    10.1360     94.988    309.028    316.755   -0.00005    7.46683   10.67085  325.33451   16.68652 4.6402e-01     0.5374     0.4637    89.0541 0.0000e+00
        458  60.576230    0.03175     1.9047    114.285     42.399  51114.713    31.4751     3.7412     42.000     3.7392    25.0076     7.0964    10.1414     95.045    309.193    316.924    0.00016    7.46639   10.67022  325.31369   16.68551 4.1068e-01     0.5203     0.4616    89.1015 0.0000e+00
        463  60.576244    0.03207     1.9247    115.479     43.415  51103.443    31.4662     3.7381     43.000     3.7213    25.0008     7.0954    10.1400     95.019    309.153    316.881   -0.00004    7.46740   10.67166  325.35992   16.68774 3.6172e-01     0.5289     0.4634    89.0605 0.0000e+00
        467  60.576256    0.03237     1.9421    116.528     44.415  51125.423    31.4731     3.7076     44.000     3.6948    25.0092     7.0879    10.1294     94.851    308.823    316.547   -0.00088    7.47265   10.67916  325.58597   16.69846 3.2052e-01     0.5069     0.4677    88.9655 0.0000e+00
        472  60.576271    0.03272     1.9632    117.795     45.433  51148.039    31.4831     3.6878     45.000     3.6816    25.0189     7.0908    10.1334     94.850    308.943    316.672   -0.00075    7.47577   10.68362  325.71858   16.70472 2.8409e-01     0.4985     0.4682    88.9537 0.0000e+00
        477  60.576284    0.03304     1.9826    118.953     46.438  51152.315    31.4836     3.6800     46.000     3.6737    25.0200     7.0958    10.1407     94.900    309.165    316.900   -0.00042    7.47717   10.68563  325.77945   16.70762 2.5140e-01     0.4756     0.4710    88.8910 0.0000e+00
        482  60.576298    0.03338     2.0029    120.173     47.449  51156.221    31.4838     3.6720     47.000     3.6656    25.0209     7.0958    10.1406     94.881    309.163    316.899   -0.00041    7.47864   10.68773  325.84334   16.71065 2.2398e-01     0.4393     0.4737    88.8321 0.0000e+00
        487  60.576313    0.03373     2.0236    121.417     48.460  51161.364    31.4848     3.6641     48.000     3.6584    25.0225     7.0938    10.1376     94.836    309.073    316.807   -0.00062    7.48002   10.68970  325.90283   16.71348 1.9831e-01     0.4362     0.4771    88.7554 0.0000e+00
        491  60.576326    0.03405     2.0432    122.589     49.468  51164.895    31.4850     3.6571     49.000     3.6519    25.0233     7.0973    10.1428     94.868    309.229    316.967   -0.00033    7.48131   10.69154  325.95858   16.71612 1.7597e-01     0.4118     0.4808    88.6721 0.0000e+00
        496  60.576339    0.03437     2.0620    123.721     50.479  51164.623    31.4828     3.6511     50.000     3.6439    25.0220     7.0954    10.1401     94.827    309.147    316.882   -0.00053    7.48251   10.69326  326.01170   16.71866 1.5684e-01     0.4291     0.4844    88.5950 0.0000e+00
        500  60.576352    0.03467     2.0802    124.813     51.487  51163.436    31.4790     3.6411     51.000     3.6309    25.0199     7.0968    10.1420     94.819    309.207    316.943   -0.00050    7.48455   10.69617  326.10111   16.72293 1.3997e-01     0.4114     0.4882    88.5102 0.0000e+00
        505  60.576365    0.03498     2.0991    125.946     52.501  51168.431    31.4777     3.6242     52.000     3.6133    25.0204     7.0940    10.1381     94.742    309.084    316.818   -0.00074    7.48772   10.70070  326.23893   16.72948 1.2517e-01     0.4156     0.4933    88.3965 0.0000e+00
        509  60.576377    0.03528     2.1169    127.014     53.504  51174.739    31.4773     3.6072     53.000     3.5978    25.0216     7.0882    10.1297     94.623    308.829    316.556   -0.00125    7.49087   10.70521  326.37588   16.73599 1.1300e-01     0.4092     0.5014    88.2176 0.0000e+00
