CTD-processing/allCTD/CNV/2022_01-31_t9_s01_cast053_4141.cnv
* Sea-Bird SBE19plus Data File:
* FileName = C:\Users\steve\Desktop\GWA\CTD\2022_01-31_T9\2022_01-31_AB_S0_cast053.hex
* Software Version 1.59
* Temperature SN =  4141
* Conductivity SN =  4141
* System UpLoad Time = Feb 01 2022 15:11:47
** Cook Inlet LTM T9
** Date: 01-31-2022
** Station:S01
** Start Time (AKST):14:09
** Depth (m):65
** Comment: Flowmeter frozen
** Comment:
# nquan = 27
# nvalues = 54                          
# units = specified
# name 0 = scan: Scan Count
# name 1 = timeJ: Julian Days
# name 2 = timeH: Time, Elapsed [hours]
# name 3 = timeM: Time, Elapsed [minutes]
# name 4 = timeS: Time, Elapsed [seconds]
# name 5 = prdM: Pressure, Strain Gauge [db]
# name 6 = specc: Specific Conductance [uS/cm]
# name 7 = sal00: Salinity, Practical [PSU]
# name 8 = tv290C: Temperature [ITS-90, deg C]
# name 9 = depSM: Depth [salt water, m], lat = 59.00
# name 10 = potemp090C: Potential Temperature [ITS-90, deg C]
# name 11 = sigma-é00: Density [sigma-theta, kg/m^3]
# name 12 = sbeox0ML/L: Oxygen, SBE 43 [ml/l]
# name 13 = sbeox0Mg/L: Oxygen, SBE 43 [mg/l]
# name 14 = sbeox0PS: Oxygen, SBE 43 [% saturation]
# name 15 = sbox0Mm/Kg: Oxygen, SBE 43 [umol/kg]
# name 16 = sbeox0Mm/L: Oxygen, SBE 43 [umol/l]
# name 17 = sbox0dV/dT: Oxygen, SBE 43 [dov/dt]
# name 18 = oxsolML/L: Oxygen Saturation, Garcia & Gordon [ml/l]
# name 19 = oxsolMg/L: Oxygen Saturation, Garcia & Gordon [mg/l]
# name 20 = oxsolMm/Kg: Oxygen Saturation, Garcia & Gordon [umol/kg]
# name 21 = n2satMg/L: Nitrogen Saturation [mg/l]
# name 22 = par: PAR/Irradiance, Biospherical/Licor
# name 23 = wetStar: Fluorescence, WET Labs WETstar [mg/m^3]
# name 24 = CStarAt0: Beam Attenuation, WET Labs C-Star [1/m]
# name 25 = CStarTr0: Beam Transmission, WET Labs C-Star [%]
# name 26 = flag: flag
# span 0 =        278,        558       
# span 1 =  31.590351,  31.591160       
# span 2 =    0.01926,    0.03866       
# span 3 =     1.1551,     2.3198       
# span 4 =     69.306,    139.184       
# span 5 =      1.018,     54.484       
# span 6 =  51129.904,  51686.697       
# span 7 =    31.5448,    31.7830       
# span 8 =     3.3362,     3.9536       
# span 9 =      1.000,     54.000       
# span 10 =     3.5915,     3.9512      
# span 11 =    25.0465,    25.2889      
# span 12 =     6.5841,     7.1441      
# span 13 =     9.4094,    10.2096      
# span 14 =     88.621,     96.248      
# span 15 =    286.855,    311.237      
# span 16 =    294.046,    319.056      
# span 17 =   -0.03086,    0.01028      
# span 18 =    7.41933,    7.52547      
# span 19 =   10.60296,   10.75465      
# span 20 =  323.22764,  327.79771      
# span 21 =   16.58565,   16.80233      
# span 22 = 5.6351e-02, 5.8034e+01      
# span 23 =     0.3249,     0.4312      
# span 24 =     0.4849,     0.5329      
# span 25 =    87.5270,    88.5844      
# span 26 = 0.0000e+00, 0.0000e+00      
# interval = meters: 1                  
# start_time = Jan 31 2022 14:08:57 [Instrument's time stamp, header]
# bad_flag = -9.990e-29
*END*
        278  31.590351    0.01926     1.1551     69.306      1.018  51686.697    31.7830     3.3362      1.000     3.5915    25.2889     6.9986    10.0017     92.998    304.846    312.556   -0.03086    7.52547   10.75465  327.79771   16.80233 5.1840e+01     0.3743     0.4964    88.3303 0.0000e+00
        284  31.590366    0.01963     1.1778     70.667      2.019  51271.313    31.6063     3.7592      2.000     3.8228    25.1100     6.9589     9.9450     93.328    303.173    310.785   -0.02087    7.45653   10.65612  324.85141   16.66300 4.3058e+01     0.3725     0.4982    88.2903 0.0000e+00
        289  31.590382    0.02001     1.2005     72.032      3.025  51174.607    31.5679     3.8734      3.000     3.8835    25.0689     7.1358    10.1979     95.944    310.895    318.689   -0.00215    7.43758   10.62903  324.03870   16.62452 4.9597e+01     0.3693     0.4936    88.3913 0.0000e+00
        295  31.590399    0.02040     1.2239     73.434      4.042  51165.091    31.5653     3.8915      4.000     3.8920    25.0651     7.0766    10.1132     95.187    308.314    316.042   -0.00445    7.43444   10.62456  323.90346   16.61809 5.8034e+01     0.3729     0.4873    88.5310 0.0000e+00
        300  31.590413    0.02074     1.2447     74.681      5.043  51170.547    31.5695     3.8957      5.000     3.9002    25.0681     7.1006    10.1475     95.522    309.358    317.113   -0.00167    7.43346   10.62316  323.85979   16.61600 5.6074e+01     0.3731     0.4906    88.4572 0.0000e+00
        305  31.590429    0.02112     1.2675     76.048      6.060  51189.688    31.5843     3.9048      6.000     3.9047    25.0789     7.0082    10.0154     94.310    305.329    312.986   -0.00714    7.43107   10.61973  323.75199   16.61081 4.7547e+01     0.3715     0.4882    88.5103 0.0000e+00
        310  31.590443    0.02147     1.2879     77.276      7.064  51179.867    31.5779     3.9086      7.000     3.9099    25.0736     7.0165    10.0273     94.426    305.694    313.358   -0.00443    7.43068   10.61918  323.73698   16.61013 4.2880e+01     0.3741     0.4899    88.4728 0.0000e+00
        316  31.590459    0.02184     1.3105     78.629      8.080  51185.052    31.5822     3.9138      8.000     3.9151    25.0766     6.9562     9.9410     93.628    303.061    310.661   -0.00702    7.42953   10.61754  323.68573   16.60767 3.6484e+01     0.3704     0.4887    88.4992 0.0000e+00
        320  31.590472    0.02215     1.3292     79.749      9.077  51129.904    31.5448     3.9166      9.000     3.9173    25.0465     6.9397     9.9175     93.390    302.353    309.926   -0.00653    7.43091   10.61950  323.75522   16.61113 3.1486e+01     0.3727     0.4930    88.4044 0.0000e+00
        326  31.590488    0.02255     1.3528     81.166     10.102  51193.149    31.5876     3.9175     10.000     3.9173    25.0805     6.8640     9.8093     92.399    299.045    306.545   -0.00908    7.42860   10.61621  323.64398   16.60566 2.7589e+01     0.3715     0.4902    88.4647 0.0000e+00
        330  31.590501    0.02287     1.3718     82.306     11.095  51146.947    31.5551     3.9150     11.000     3.9091    25.0548     6.8633     9.8083     92.364    299.023    306.515   -0.00700    7.43069   10.61919  323.74299   16.61050 2.3873e+01     0.3723     0.4942    88.3765 0.0000e+00
        336  31.590518    0.02327     1.3964     83.782     12.122  51211.553    31.5972     3.9092     12.000     3.9150    25.0889     6.8142     9.7382     91.717    296.876    304.324   -0.00804    7.42960   10.61765  323.68519   16.60759 2.0690e+01     0.3716     0.4884    88.5067 0.0000e+00
        341  31.590533    0.02362     1.4170     85.018     13.122  51150.218    31.5582     3.9233     13.000     3.9236    25.0566     6.7986     9.7159     91.515    296.204    303.625   -0.00669    7.42901   10.61679  323.66940   16.60699 1.8019e+01     0.3708     0.4918    88.4308 0.0000e+00
        347  31.590549    0.02400     1.4396     86.377     14.132  51159.562    31.5640     3.9228     14.000     3.9248    25.0612     6.7487     9.6445     90.844    294.027    301.396   -0.00807    7.42881   10.61651  323.65932   16.60649 1.5595e+01     0.3703     0.4861    88.5573 0.0000e+00
        352  31.590564    0.02438     1.4628     87.770     15.141  51143.726    31.5542     3.9293     15.000     3.9299    25.0528     6.7006     9.5758     90.206    291.934    299.248   -0.00856    7.42813   10.61554  323.63235   16.60525 1.3582e+01     0.3708     0.4856    88.5683 0.0000e+00
        358  31.590581    0.02479     1.4873     89.236     16.155  51171.210    31.5733     3.9331     16.000     3.9295    25.0677     6.6470     9.4993     89.505    289.598    296.858   -0.00915    7.42647   10.61317  323.55552   16.60151 1.1760e+01     0.3733     0.4849    88.5844 0.0000e+00
        364  31.590598    0.02519     1.5113     90.678     17.163  51177.370    31.5731     3.9168     17.000     3.9138    25.0691     6.6039     9.4376     88.888    287.717    294.930   -0.00927    7.42944   10.61741  323.68426   16.60764 1.0227e+01     0.3707     0.4872    88.5337 0.0000e+00
        369  31.590614    0.02558     1.5349     92.095     18.162  51176.210    31.5718     3.9166     18.000     3.9101    25.0680     6.5841     9.4094     88.621    286.855    294.046   -0.00776    7.42955   10.61757  323.68946   16.60789 8.8846e+00     0.3970     0.4888    88.4957 0.0000e+00
        376  31.590635    0.02606     1.5637     93.824     19.193  51269.650    31.6346     3.9150     19.000     3.9257    25.1181     6.6122     9.4495     89.033    288.068    295.304   -0.00339    7.42668   10.61347  323.54863   16.60094 7.6627e+00     0.4312     0.4851    88.5792 0.0000e+00
        382  31.590650    0.02643     1.5855     95.130     20.190  51247.445    31.6175     3.9091     20.000     3.9035    25.1051     6.6928     9.5647     90.095    291.583    298.903    0.00270    7.42861   10.61623  323.63709   16.60522 6.6833e+00     0.3707     0.4942    88.3782 0.0000e+00
        387  31.590665    0.02678     1.6067     96.402     21.191  51233.803    31.6110     3.9229     21.000     3.9299    25.0986     6.7408     9.6333     90.768    293.673    301.043    0.00482    7.42644   10.61312  323.54411   16.60082 5.7352e+00     0.3991     0.5000    88.2507 0.0000e+00
        392  31.590680    0.02716     1.6299     97.794     22.217  51230.447    31.6110     3.9346     22.000     3.9337    25.0975     6.8194     9.7456     91.852    297.098    304.554    0.00857    7.42432   10.61010  323.45226   16.59645 4.9890e+00     0.3540     0.5010    88.2267 0.0000e+00
        397  31.590695    0.02750     1.6502     99.010     23.215  51226.487    31.6085     3.9377     23.000     3.9363    25.0953     6.7934     9.7084     91.507    295.964    303.392    0.00493    7.42388   10.60947  323.43388   16.59559 4.3328e+00     0.3526     0.5021    88.2040 0.0000e+00
        402  31.590710    0.02787     1.6720    100.321     24.230  51256.554    31.6287     3.9384     24.000     3.9379    25.1113     6.7050     9.5821     90.332    292.111    299.447   -0.00214    7.42273   10.60783  323.37868   16.59288 3.7236e+00     0.3771     0.5053    88.1348 0.0000e+00
        407  31.590723    0.02819     1.6916    101.495     25.235  51250.419    31.6246     3.9406     25.000     3.9394    25.1077     6.6840     9.5520     90.049    291.193    298.505   -0.00329    7.42254   10.60755  323.37157   16.59257 3.2479e+00     0.3591     0.5067    88.1029 0.0000e+00
        412  31.590739    0.02856     1.7139    102.833     26.248  51263.401    31.6329     3.9406     26.000     3.9392    25.1144     6.6870     9.5563     90.095    291.323    298.639   -0.00223    7.42213   10.60696  323.35146   16.59157 2.8115e+00     0.3515     0.4933    88.3968 0.0000e+00
        418  31.590754    0.02894     1.7363    104.180     27.258  51265.995    31.6343     3.9416     27.000     3.9407    25.1155     6.7144     9.5955     90.468    292.518    299.865    0.00006    7.42187   10.60660  323.33989   16.59102 2.4572e+00     0.3249     0.4921    88.4259 0.0000e+00
        423  31.590769    0.02929     1.7575    105.451     28.262  51270.236    31.6375     3.9446     28.000     3.9439    25.1176     6.7737     9.6803     91.276    295.102    302.514    0.00375    7.42117   10.60560  323.30866   16.58952 2.1326e+00     0.3719     0.4947    88.3682 0.0000e+00
        428  31.590784    0.02965     1.7794    106.765     29.280  51274.857    31.6407     3.9470     29.000     3.9465    25.1200     6.8127     9.7360     91.809    296.801    304.256    0.00512    7.42057   10.60473  323.28162   16.58822 1.8519e+00     0.3648     0.4925    88.4162 0.0000e+00
        433  31.590798    0.02999     1.7995    107.973     30.281  51276.888    31.6424     3.9505     30.000     3.9497    25.1210     6.8546     9.7959     92.381    298.624    306.126    0.00639    7.41986   10.60373  323.25066   16.58674 1.6115e+00     0.3669     0.5001    88.2473 0.0000e+00
        439  31.590815    0.03040     1.8238    109.428     31.302  51275.576    31.6417     3.9536     31.000     3.9512    25.1202     6.9367     9.9133     93.495    302.203    309.794    0.00943    7.41933   10.60296  323.22764   16.58565 1.3939e+00     0.3805     0.5014    88.2195 0.0000e+00
        443  31.590829    0.03072     1.8432    110.589     32.302  51278.455    31.6425     3.9508     32.000     3.9483    25.1211     6.9876     9.9860     94.176    304.420    312.068    0.01028    7.41980   10.60364  323.24783   16.58661 1.2084e+00     0.3861     0.5106    88.0163 0.0000e+00
        448  31.590843    0.03107     1.8643    111.859     33.315  51279.629    31.6427     3.9504     33.000     3.9465    25.1213     7.0311    10.0481     94.760    306.311    314.006    0.01012    7.41987   10.60374  323.25096   16.58675 1.0435e+00     0.3862     0.5157    87.9058 0.0000e+00
        454  31.590859    0.03145     1.8870    113.220     34.328  51280.892    31.6414     3.9435     34.000     3.9395    25.1209     7.0530    10.0794     95.039    307.268    314.986    0.00842    7.42118   10.60561  323.30808   16.58948 9.0733e-01     0.3831     0.5252    87.6965 0.0000e+00
        459  31.590873    0.03179     1.9075    114.451     35.327  51285.476    31.6436     3.9418     35.000     3.9388    25.1228     7.0643    10.0956     95.188    307.760    315.492    0.00685    7.42137   10.60588  323.31584   16.58984 7.8262e-01     0.3676     0.5266    87.6646 0.0000e+00
        464  31.590889    0.03216     1.9297    115.782     36.347  51287.096    31.6435     3.9392     36.000     3.9365    25.1230     7.0610    10.0909     95.139    307.617    315.345    0.00455    7.42184   10.60655  323.33603   16.59080 6.7585e-01     0.3637     0.5278    87.6398 0.0000e+00
        469  31.590903    0.03249     1.9495    116.973     37.349  51294.655    31.6485     3.9404     37.000     3.9404    25.1269     7.0753    10.1113     95.337    308.239    315.984    0.00418    7.42138   10.60590  323.31516   16.58979 5.8671e-01     0.3632     0.5307    87.5748 0.0000e+00
        475  31.590919    0.03289     1.9730    118.379     38.366  51292.552    31.6481     3.9469     38.000     3.9458    25.1259     7.0913    10.1343     95.568    308.937    316.699    0.00395    7.42023   10.60424  323.26500   16.58740 5.0991e-01     0.3560     0.5217    87.7726 0.0000e+00
        479  31.590933    0.03321     1.9930    119.577     39.364  51290.507    31.6467     3.9489     39.000     3.9464    25.1247     7.0997    10.1462     95.684    309.301    317.071    0.00342    7.41992   10.60381  323.25215   16.58679 4.4306e-01     0.3509     0.5254    87.6914 0.0000e+00
        485  31.590949    0.03362     2.0173    121.037     40.397  51291.540    31.6468     3.9488     40.000     3.9466    25.1248     7.1026    10.1504     95.723    309.428    317.203    0.00245    7.41995   10.60385  323.25340   16.58686 3.8454e-01     0.3498     0.5188    87.8366 0.0000e+00
        490  31.590962    0.03393     2.0359    122.155     41.387  51292.530    31.6474     3.9503     41.000     3.9481    25.1250     7.1089    10.1593     95.812    309.702    317.483    0.00220    7.41964   10.60340  323.23954   16.58619 3.3700e-01     0.3515     0.5215    87.7767 0.0000e+00
        495  31.590979    0.03433     2.0595    123.569     42.407  51292.030    31.6467     3.9511     42.000     3.9478    25.1245     7.1201    10.1752     95.964    310.189    317.982    0.00218    7.41954   10.60326  323.23537   16.58600 2.9122e-01     0.3396     0.5172    87.8699 0.0000e+00
        500  31.590993    0.03465     2.0794    124.762     43.409  51294.285    31.6476     3.9503     43.000     3.9477    25.1252     7.1255    10.1831     96.036    310.427    318.226    0.00191    7.41963   10.60339  323.23931   16.58618 2.5609e-01     0.3473     0.5186    87.8414 0.0000e+00
        505  31.591008    0.03502     2.1009    126.056     44.416  51293.948    31.6470     3.9508     44.000     3.9479    25.1247     7.1232    10.1797     96.005    310.324    318.121    0.00121    7.41958   10.60332  323.23704   16.58607 2.2340e-01     0.3382     0.5196    87.8192 0.0000e+00
        511  31.591023    0.03539     2.1233    127.400     45.429  51294.510    31.6466     3.9498     45.000     3.9465    25.1245     7.1212    10.1768     95.975    310.236    318.030    0.00066    7.41977   10.60359  323.24546   16.58648 1.9622e-01     0.3442     0.5168    87.8803 0.0000e+00
        516  31.591039    0.03576     2.1458    128.749     46.443  51296.281    31.6470     3.9488     46.000     3.9458    25.1250     7.1168    10.1706     95.914    310.047    317.837    0.00006    7.41995   10.60384  323.25308   16.58684 1.7184e-01     0.3431     0.5153    87.9139 0.0000e+00
        521  31.591054    0.03613     2.1677    130.059     47.450  51291.160    31.6420     3.9446     47.000     3.9379    25.1214     7.1235    10.1802     95.991    310.338    318.135    0.00036    7.42094   10.60527  323.29765   16.58898 1.5137e-01     0.3447     0.5219    87.7696 0.0000e+00
        526  31.591069    0.03649     2.1891    131.347     48.459  51294.174    31.6413     3.9354     48.000     3.9297    25.1217     7.1276    10.1861     96.026    310.520    318.321    0.00037    7.42266   10.60772  323.37217   16.59252 1.2781e-01     0.3427     0.5328    87.5302 0.0000e+00
        532  31.591084    0.03685     2.2107    132.644     49.467  51301.058    31.6445     3.9312     49.000     3.9278    25.1246     7.1306    10.1904     96.058    310.649    318.454    0.00033    7.42325   10.60857  323.39725   16.59370 8.1967e-02     0.3595     0.5321    87.5444 0.0000e+00
        537  31.591100    0.03722     2.2332    133.990     50.481  51306.791    31.6481     3.9320     50.000     3.9315    25.1274     7.1358    10.1976     96.131    310.871    318.682    0.00055    7.42291   10.60809  323.38164   16.59295 6.9403e-02     0.3410     0.5329    87.5270 0.0000e+00
        542  31.591114    0.03756     2.2537    135.224     51.488  51304.048    31.6471     3.9377     51.000     3.9359    25.1261     7.1332    10.1940     96.109    310.759    318.567    0.00023    7.42195   10.60671  323.34001   16.59097 7.4534e-02     0.3327     0.5275    87.6446 0.0000e+00
        547  31.591128    0.03791     2.2745    136.472     52.492  51304.411    31.6478     3.9420     52.000     3.9396    25.1263     7.1356    10.1975     96.152    310.865    318.675    0.00031    7.42113   10.60553  323.30410   16.58927 6.9121e-02     0.3397     0.5248    87.7037 0.0000e+00
        553  31.591145    0.03830     2.2984    137.902     53.513  51296.660    31.6416     3.9402     53.000     3.9340    25.1215     7.1433    10.2085     96.248    311.202    319.020    0.00061    7.42177   10.60645  323.33349   16.59068 6.1456e-02     0.3334     0.5170    87.8747 0.0000e+00
