CTD-processing/allCTD/CNV/2022_04-12_ab_s01_cast121_4141.cnv
* Sea-Bird SBE19plus Data File:
* FileName = C:\GWA\CTD\2022_04-12_AB\2022_04-12_T6_S02_cast121.hex
* Software Version 1.59
* Temperature SN =  4141
* Conductivity SN =  4141
* System UpLoad Time = Apr 13 2022 14:16:53
** Cook Inlet LTM AlongBay
** Date: 04-12-2022
** Station:S01
** Start Time (AKDT):11:42
** Depth (m):76
** Comment:
** Comment:
# nquan = 27
# nvalues = 71                          
# units = specified
# name 0 = scan: Scan Count
# name 1 = timeJ: Julian Days
# name 2 = timeH: Time, Elapsed [hours]
# name 3 = timeM: Time, Elapsed [minutes]
# name 4 = timeS: Time, Elapsed [seconds]
# name 5 = prdM: Pressure, Strain Gauge [db]
# name 6 = specc: Specific Conductance [uS/cm]
# name 7 = sal00: Salinity, Practical [PSU]
# name 8 = tv290C: Temperature [ITS-90, deg C]
# name 9 = depSM: Depth [salt water, m], lat = 59.00
# name 10 = potemp090C: Potential Temperature [ITS-90, deg C]
# name 11 = sigma-é00: Density [sigma-theta, kg/m^3]
# name 12 = sbeox0ML/L: Oxygen, SBE 43 [ml/l]
# name 13 = sbeox0Mg/L: Oxygen, SBE 43 [mg/l]
# name 14 = sbeox0PS: Oxygen, SBE 43 [% saturation]
# name 15 = sbox0Mm/Kg: Oxygen, SBE 43 [umol/kg]
# name 16 = sbeox0Mm/L: Oxygen, SBE 43 [umol/l]
# name 17 = sbox0dV/dT: Oxygen, SBE 43 [dov/dt]
# name 18 = oxsolML/L: Oxygen Saturation, Garcia & Gordon [ml/l]
# name 19 = oxsolMg/L: Oxygen Saturation, Garcia & Gordon [mg/l]
# name 20 = oxsolMm/Kg: Oxygen Saturation, Garcia & Gordon [umol/kg]
# name 21 = n2satMg/L: Nitrogen Saturation [mg/l]
# name 22 = par: PAR/Irradiance, Biospherical/Licor
# name 23 = wetStar: Fluorescence, WET Labs WETstar [mg/m^3]
# name 24 = CStarAt0: Beam Attenuation, WET Labs C-Star [1/m]
# name 25 = CStarTr0: Beam Transmission, WET Labs C-Star [%]
# name 26 = flag: flag
# span 0 =        454,       1224       
# span 1 = 102.488960, 102.491190       
# span 2 =    0.03144,    0.08495       
# span 3 =     1.8864,     5.0971       
# span 4 =    113.185,    305.826       
# span 5 =      1.004,     71.654       
# span 6 =  50956.814,  51075.317       
# span 7 =    31.5481,    31.5649       
# span 8 =     4.2896,     4.4207       
# span 9 =      1.000,     71.000       
# span 10 =     4.2865,     4.4194      
# span 11 =    24.9999,    25.0266      
# span 12 =     7.3424,     7.4624      
# span 13 =    10.4931,    10.6645      
# span 14 =     99.730,    101.666      
# span 15 =    319.907,    325.140      
# span 16 =    327.914,    333.269      
# span 17 =   -0.00097,    0.00091      
# span 18 =    7.34019,    7.36280      
# span 19 =   10.48986,   10.52217      
# span 20 =  319.81696,  320.79444      
# span 21 =   16.42381,   16.47025      
# span 22 = 6.8592e-02, 2.4633e+02      
# span 23 =     0.3444,     1.6122      
# span 24 =     0.2825,     0.3156      
# span 25 =    91.5390,    93.1812      
# span 26 = 0.0000e+00, 0.0000e+00      
# interval = meters: 1                  
# start_time = Apr 12 2022 11:42:13 [Instrument's time stamp, header]
# bad_flag = -9.990e-29
*END*
        454 102.488960    0.03144     1.8864    113.185      1.004  50956.814    31.5481     4.4207      1.000     4.4194    24.9999     7.4624    10.6645    101.666    325.140    333.269    0.00091    7.34019   10.48986  319.81696   16.42381 2.4633e+02     0.3773     0.3014    91.5390 0.0000e+00
        791 102.489936    0.05485     3.2914    197.482      2.021  50983.549    31.5571     4.3792      2.000     4.3731    25.0112     7.3913    10.5629    100.601    322.041    330.095 -9.187e-07    7.34714   10.49980  320.11699   16.43805 4.8107e+01     0.3444     0.2877    93.0722 0.0000e+00
        794 102.489944    0.05504     3.3027    198.160      3.029  50989.333    31.5543     4.3519      3.000     4.3453    25.0117     7.3930    10.5653    100.555    322.112    330.169   -0.00032    7.35215   10.50696  320.33493   16.44842 4.6983e+01     0.3483     0.2899    93.0094 0.0000e+00
        800 102.489962    0.05548     3.3283    199.700      4.037  50998.491    31.5573     4.3402      4.000     4.3346    25.0153     7.3861    10.5555    100.436    321.815    329.866   -0.00088    7.35408   10.50971  320.41774   16.45235 6.3120e+01     0.3996     0.2936    92.9233 0.0000e+00
        806 102.489980    0.05590     3.3541    201.248      5.048  51005.036    31.5569     4.3214      5.000     4.3159    25.0169     7.3972    10.5713    100.540    322.295    330.357   -0.00018    7.35745   10.51454  320.56434   16.45933 1.2117e+02     0.4803     0.3028    92.7089 0.0000e+00
        812 102.489998    0.05634     3.3801    202.806      6.057  51016.233    31.5615     4.3102      6.000     4.3087    25.0216     7.3954    10.5687    100.491    322.215    330.277   -0.00044    7.35923   10.51707  320.64002   16.46291 1.7591e+02     0.5129     0.3071    92.6086 0.0000e+00
        818 102.490015    0.05675     3.4050    204.298      7.062  51018.368    31.5619     4.3079      7.000     4.3071    25.0222     7.4000    10.5753    100.549    322.416    330.483   -0.00008    7.35961   10.51762  320.65666   16.46370 1.6728e+02     0.5477     0.3064    92.6271 0.0000e+00
        826 102.490037    0.05726     3.4355    206.131      8.084  51021.094    31.5631     4.3071      8.000     4.3064    25.0232     7.3997    10.5749    100.543    322.403    330.470   -0.00014    7.35970   10.51774  320.66007   16.46385 1.5323e+02     0.8465     0.3092    92.5603 0.0000e+00
        832 102.490054    0.05769     3.4615    207.691      9.084  51021.391    31.5625     4.3060      9.000     4.3048    25.0229     7.3985    10.5732    100.524    322.352    330.417   -0.00024    7.35992   10.51807  320.67020   16.46434 1.2861e+02     0.7368     0.3136    92.4591 0.0000e+00
        838 102.490073    0.05815     3.4888    209.329     10.090  51021.508    31.5615     4.3036     10.000     4.3019    25.0223     7.4018    10.5779    100.563    322.497    330.566   -0.00002    7.36040   10.51875  320.69092   16.46533 1.1562e+02     0.9907     0.3156    92.4140 0.0000e+00
        845 102.490093    0.05862     3.5173    211.037     11.108  51023.668    31.5619     4.3007     11.000     4.2999    25.0229     7.3979    10.5724    100.503    322.325    330.391   -0.00037    7.36089   10.51945  320.71222   16.46634 9.9353e+01     0.9204     0.3088    92.5704 0.0000e+00
        851 102.490111    0.05905     3.5428    212.571     12.113  51025.965    31.5629     4.3007     12.000     4.2996    25.0237     7.4010    10.5767    100.545    322.458    330.527   -0.00011    7.36084   10.51937  320.70957   16.46621 8.7224e+01     1.0287     0.3051    92.6566 0.0000e+00
        858 102.490129    0.05949     3.5698    214.189     13.122  51026.727    31.5624     4.2985     13.000     4.2968    25.0236     7.3946    10.5677    100.454    322.183    330.246   -0.00055    7.36127   10.51999  320.72854   16.46711 7.3650e+01     1.2937     0.3003    92.7675 0.0000e+00
        864 102.490148    0.05995     3.5968    215.809     14.132  51029.596    31.5635     4.2968     14.000     4.2958    25.0246     7.3960    10.5696    100.468    322.240    330.303   -0.00032    7.36152   10.52035  320.73902   16.46761 6.5475e+01     1.0970     0.2994    92.7889 0.0000e+00
        870 102.490166    0.06037     3.6220    217.317     15.144  51030.067    31.5632     4.2965     15.000     4.2955    25.0244     7.3909    10.5624    100.399    322.022    330.080   -0.00075    7.36158   10.52043  320.74185   16.46774 5.5834e+01     1.4030     0.3027    92.7120 0.0000e+00
        876 102.490182    0.06077     3.6461    218.765     16.153  51031.683    31.5638     4.2963     16.000     4.2950    25.0249     7.3948    10.5680    100.451    322.191    330.253   -0.00022    7.36159   10.52045  320.74224   16.46776 4.9574e+01     1.4547     0.3059    92.6372 0.0000e+00
        882 102.490200    0.06118     3.6706    220.238     17.158  51031.465    31.5631     4.2960     17.000     4.2949    25.0244     7.3833    10.5514    100.293    321.686    329.736   -0.00097    7.36168   10.52058  320.74606   16.46795 4.2596e+01     1.4315     0.3034    92.6958 0.0000e+00
        888 102.490218    0.06162     3.6972    221.830     18.175  51032.307    31.5631     4.2959     18.000     4.2944    25.0244     7.3947    10.5676    100.447    322.181    330.244    0.00007    7.36170   10.52060  320.74700   16.46799 3.6995e+01     1.4489     0.3006    92.7593 0.0000e+00
        894 102.490234    0.06200     3.7204    223.222     19.179  51033.512    31.5632     4.2948     19.000     4.2936    25.0246     7.3889    10.5595    100.368    321.934    329.990   -0.00041    7.36188   10.52086  320.75478   16.46836 3.2126e+01     1.3590     0.2967    92.8520 0.0000e+00
        900 102.490251    0.06242     3.7450    224.697     20.188  51034.421    31.5636     4.2959     20.000     4.2948    25.0248     7.3886    10.5590    100.365    321.918    329.973   -0.00034    7.36167   10.52056  320.74539   16.46791 2.8233e+01     1.4941     0.3027    92.7115 0.0000e+00
        906 102.490268    0.06282     3.7692    226.152     21.200  51033.901    31.5626     4.2955     21.000     4.2936    25.0240     7.3865    10.5561    100.336    321.828    329.882   -0.00038    7.36179   10.52073  320.75091   16.46818 2.4656e+01     1.6122     0.2989    92.7990 0.0000e+00
        912 102.490286    0.06324     3.7947    227.680     22.210  51035.337    31.5628     4.2944     22.000     4.2925    25.0243     7.3826    10.5505    100.280    321.660    329.709   -0.00065    7.36198   10.52101  320.75937   16.46858 2.1598e+01     1.4509     0.2934    92.9280 0.0000e+00
        919 102.490306    0.06372     3.8231    229.386     23.219  51037.655    31.5637     4.2936     23.000     4.2923    25.0251     7.3827    10.5505    100.280    321.660    329.710   -0.00046    7.36208   10.52114  320.76312   16.46876 1.8716e+01     1.4891     0.2980    92.8216 0.0000e+00
        925 102.490325    0.06419     3.8512    231.074     24.225  51038.185    31.5637     4.2941     24.000     4.2927    25.0251     7.3794    10.5458    100.236    321.516    329.563   -0.00052    7.36199   10.52102  320.75942   16.46858 1.6405e+01     1.3607     0.2959    92.8706 0.0000e+00
        932 102.490343    0.06462     3.8776    232.655     25.241  51037.370    31.5627     4.2943     25.000     4.2922    25.0242     7.3732    10.5370    100.153    321.248    329.287   -0.00083    7.36200   10.52103  320.76020   16.46862 1.4402e+01     1.5411     0.2968    92.8486 0.0000e+00
        937 102.490359    0.06500     3.9000    233.998     26.247  51039.859    31.5637     4.2937     26.000     4.2921    25.0251     7.3808    10.5478    100.254    321.578    329.625   -0.00015    7.36206   10.52112  320.76252   16.46873 1.2666e+01     1.5429     0.2988    92.8035 0.0000e+00
        943 102.490376    0.06541     3.9246    235.475     27.254  51039.681    31.5631     4.2936     27.000     4.2916    25.0246     7.3799    10.5466    100.241    321.538    329.585   -0.00022    7.36210   10.52118  320.76446   16.46882 1.1155e+01     1.4532     0.2972    92.8394 0.0000e+00
        950 102.490396    0.06589     3.9534    237.203     28.267  51041.002    31.5633     4.2928     28.000     4.2907    25.0249     7.3806    10.5476    100.249    321.569    329.616   -0.00016    7.36224   10.52138  320.77047   16.46911 9.7092e+00     1.4000     0.3011    92.7487 0.0000e+00
        956 102.490415    0.06635     3.9807    238.840     29.277  51041.701    31.5632     4.2926     29.000     4.2907    25.0249     7.3793    10.5458    100.231    321.514    329.560   -0.00026    7.36229   10.52145  320.77257   16.46921 8.4076e+00     1.5952     0.2983    92.8150 0.0000e+00
        962 102.490432    0.06677     4.0060    240.358     30.288  51042.141    31.5630     4.2926     30.000     4.2904    25.0247     7.3755    10.5403    100.179    321.347    329.389   -0.00048    7.36230   10.52146  320.77290   16.46923 7.3798e+00     1.4772     0.3024    92.7194 0.0000e+00
        968 102.490447    0.06712     4.0274    241.646     31.293  51044.221    31.5638     4.2922     31.000     4.2902    25.0254     7.3748    10.5393    100.169    321.316    329.357   -0.00040    7.36231   10.52148  320.77341   16.46925 6.4760e+00     1.3431     0.2963    92.8585 0.0000e+00
        973 102.490464    0.06753     4.0519    243.116     32.306  51044.309    31.5634     4.2924     32.000     4.2904    25.0251     7.3752    10.5399    100.175    321.335    329.376   -0.00034    7.36231   10.52147  320.77328   16.46924 5.7529e+00     1.5386     0.2949    92.8933 0.0000e+00
        979 102.490481    0.06793     4.0758    244.550     33.308  51044.598    31.5633     4.2930     33.000     4.2909    25.0249     7.3690    10.5310    100.093    321.066    329.101   -0.00067    7.36221   10.52133  320.76897   16.46904 5.0660e+00     1.3802     0.2947    92.8969 0.0000e+00
        986 102.490502    0.06842     4.1057    246.341     34.332  51045.083    31.5631     4.2932     34.000     4.2908    25.0248     7.3717    10.5347    100.128    321.177    329.214   -0.00033    7.36216   10.52127  320.76726   16.46896 4.4405e+00     1.4200     0.2899    93.0103 0.0000e+00
        992 102.490519    0.06884     4.1303    247.819     35.332  51045.799    31.5629     4.2921     35.000     4.2893    25.0247     7.3714    10.5344    100.122    321.169    329.206   -0.00030    7.36239   10.52159  320.77686   16.46942 3.8889e+00     1.5348     0.2986    92.8067 0.0000e+00
        999 102.490537    0.06929     4.1573    249.437     36.342  51048.021    31.5637     4.2916     36.000     4.2894    25.0254     7.3715    10.5346    100.123    321.173    329.210   -0.00028    7.36243   10.52165  320.77860   16.46949 3.4093e+00     1.4092     0.2978    92.8256 0.0000e+00
       1005 102.490556    0.06973     4.1842    251.051     37.354  51048.363    31.5637     4.2926     37.000     4.2903    25.0253     7.3726    10.5362    100.140    321.220    329.259   -0.00014    7.36226   10.52140  320.77102   16.46913 3.0008e+00     1.4258     0.2935    92.9250 0.0000e+00
       1012 102.490575    0.07019     4.2113    252.677     38.361  51048.525    31.5633     4.2926     38.000     4.2900    25.0250     7.3712    10.5341    100.120    321.158    329.194   -0.00024    7.36227   10.52142  320.77162   16.46916 2.6487e+00     1.3898     0.2917    92.9676 0.0000e+00
       1019 102.490595    0.07066     4.2398    254.386     39.372  51049.944    31.5638     4.2924     39.000     4.2898    25.0254     7.3701    10.5325    100.106    321.110    329.146   -0.00029    7.36228   10.52144  320.77212   16.46919 2.3366e+00     1.6028     0.2923    92.9549 0.0000e+00
       1025 102.490613    0.07110     4.2662    255.970     40.381  51050.297    31.5635     4.2928     40.000     4.2902    25.0252     7.3729    10.5366    100.145    321.235    329.274   -0.00008    7.36224   10.52137  320.77006   16.46909 2.0689e+00     1.4461     0.2894    93.0202 0.0000e+00
       1032 102.490633    0.07159     4.2949    257.697     41.392  51050.103    31.5628     4.2924     41.000     4.2891    25.0247     7.3730    10.5367    100.144    321.237    329.276   -0.00011    7.36234   10.52152  320.77481   16.46932 1.8274e+00     1.4701     0.2865    93.0892 0.0000e+00
       1038 102.490652    0.07204     4.3228    259.369     42.399  51052.160    31.5633     4.2905     42.000     4.2876    25.0252     7.3731    10.5369    100.143    321.245    329.284   -0.00014    7.36265   10.52196  320.78814   16.46995 1.6051e+00     1.4659     0.2940    92.9125 0.0000e+00
       1045 102.490672    0.07252     4.3511    261.065     43.412  51053.056    31.5634     4.2903     43.000     4.2874    25.0253     7.3701    10.5326    100.101    321.114    329.150   -0.00033    7.36269   10.52202  320.78982   16.47003 1.4085e+00     1.3175     0.2926    92.9476 0.0000e+00
       1051 102.490689    0.07293     4.3760    262.557     44.419  51054.088    31.5635     4.2899     44.000     4.2868    25.0254     7.3650    10.5254    100.031    320.891    328.921   -0.00061    7.36275   10.52210  320.79220   16.47014 1.2435e+00     1.4212     0.2905    92.9949 0.0000e+00
       1058 102.490708    0.07338     4.4030    264.182     45.432  51055.307    31.5637     4.2896     45.000     4.2866    25.0257     7.3583    10.5157     99.939    320.596    328.620   -0.00087    7.36278   10.52215  320.79379   16.47021 1.0995e+00     1.2350     0.2873    93.0687 0.0000e+00
       1064 102.490725    0.07379     4.4276    265.654     46.436  51055.788    31.5636     4.2896     46.000     4.2866    25.0256     7.3606    10.5190     99.970    320.698    328.724   -0.00053    7.36280   10.52217  320.79444   16.47025 9.7366e-01     1.3705     0.2880    93.0526 0.0000e+00
       1070 102.490744    0.07424     4.4546    267.276     47.449  51056.778    31.5637     4.2896     47.000     4.2866    25.0257     7.3561    10.5126     99.909    320.502    328.523   -0.00069    7.36279   10.52216  320.79395   16.47022 8.6454e-01     1.5341     0.2837    93.1545 0.0000e+00
       1077 102.490763    0.07469     4.4814    268.885     48.457  51057.498    31.5637     4.2897     48.000     4.2865    25.0257     7.3605    10.5189     99.969    320.694    328.720   -0.00025    7.36276   10.52213  320.79298   16.47018 7.6707e-01     1.5151     0.2889    93.0324 0.0000e+00
       1084 102.490783    0.07518     4.5107    270.639     49.471  51057.931    31.5635     4.2899     49.000     4.2866    25.0255     7.3591    10.5168     99.951    320.633    328.656   -0.00029    7.36275   10.52212  320.79270   16.47016 6.7827e-01     1.4961     0.2863    93.0937 0.0000e+00
       1090 102.490802    0.07563     4.5381    272.285     50.478  51058.789    31.5636     4.2898     50.000     4.2865    25.0256     7.3593    10.5172     99.953    320.641    328.665   -0.00025    7.36275   10.52211  320.79252   16.47016 6.0151e-01     1.3455     0.2904    92.9984 0.0000e+00
       1097 102.490822    0.07612     4.5674    274.047     51.487  51059.606    31.5637     4.2900     51.000     4.2867    25.0257     7.3579    10.5152     99.935    320.582    328.605   -0.00030    7.36271   10.52206  320.79094   16.47008 5.3193e-01     1.3145     0.2904    92.9981 0.0000e+00
       1105 102.490844    0.07664     4.5983    275.900     52.498  51060.188    31.5637     4.2902     52.000     4.2867    25.0256     7.3555    10.5117     99.902    320.476    328.497   -0.00038    7.36270   10.52203  320.78999   16.47004 4.7141e-01     1.4631     0.2886    93.0399 0.0000e+00
       1111 102.490862    0.07708     4.6250    277.501     53.508  51061.012    31.5638     4.2903     53.000     4.2868    25.0257     7.3486    10.5018     99.808    320.174    328.187   -0.00073    7.36267   10.52200  320.78898   16.46999 4.1840e-01     1.4524     0.2897    93.0146 0.0000e+00
