CTD-processing/allCTD/CNV/2022_03-21_ab_s02_cast098_4141.cnv
* Sea-Bird SBE19plus Data File:
* FileName = C:\GWA\CTD\2022_03-21_AB\2022_03-21_AB_S0_cast098.hex
* Software Version 1.59
* Temperature SN =  4141
* Conductivity SN =  4141
* System UpLoad Time = Mar 23 2022 12:19:07
** Cook Inlet LTM AB
** Date: 03-21-2022
** Station:S02
** Start Time (AKDT):13:34
** Depth (m):122
** Comment:
** Comment:
# nquan = 27
# nvalues = 113                         
# units = specified
# name 0 = scan: Scan Count
# name 1 = timeJ: Julian Days
# name 2 = timeH: Time, Elapsed [hours]
# name 3 = timeM: Time, Elapsed [minutes]
# name 4 = timeS: Time, Elapsed [seconds]
# name 5 = prdM: Pressure, Strain Gauge [db]
# name 6 = specc: Specific Conductance [uS/cm]
# name 7 = sal00: Salinity, Practical [PSU]
# name 8 = tv290C: Temperature [ITS-90, deg C]
# name 9 = depSM: Depth [salt water, m], lat = 59.00
# name 10 = potemp090C: Potential Temperature [ITS-90, deg C]
# name 11 = sigma-é00: Density [sigma-theta, kg/m^3]
# name 12 = sbeox0ML/L: Oxygen, SBE 43 [ml/l]
# name 13 = sbeox0Mg/L: Oxygen, SBE 43 [mg/l]
# name 14 = sbeox0PS: Oxygen, SBE 43 [% saturation]
# name 15 = sbox0Mm/Kg: Oxygen, SBE 43 [umol/kg]
# name 16 = sbeox0Mm/L: Oxygen, SBE 43 [umol/l]
# name 17 = sbox0dV/dT: Oxygen, SBE 43 [dov/dt]
# name 18 = oxsolML/L: Oxygen Saturation, Garcia & Gordon [ml/l]
# name 19 = oxsolMg/L: Oxygen Saturation, Garcia & Gordon [mg/l]
# name 20 = oxsolMm/Kg: Oxygen Saturation, Garcia & Gordon [umol/kg]
# name 21 = n2satMg/L: Nitrogen Saturation [mg/l]
# name 22 = par: PAR/Irradiance, Biospherical/Licor
# name 23 = wetStar: Fluorescence, WET Labs WETstar [mg/m^3]
# name 24 = CStarAt0: Beam Attenuation, WET Labs C-Star [1/m]
# name 25 = CStarTr0: Beam Transmission, WET Labs C-Star [%]
# name 26 = flag: flag
# span 0 =        737,       1344       
# span 1 =  80.567303,  80.569060       
# span 2 =    0.05111,    0.09325       
# span 3 =     3.0665,     5.5953       
# span 4 =    183.992,    335.720       
# span 5 =      1.015,    114.089       
# span 6 =  51007.586,  51226.682       
# span 7 =    31.5761,    31.6314       
# span 8 =     4.2178,     4.4154       
# span 9 =      1.000,    113.000       
# span 10 =     4.2134,     4.4066      
# span 11 =    25.0276,    25.0863      
# span 12 =     7.1582,     7.2219      
# span 13 =    10.2298,    10.3208      
# span 14 =     97.104,     98.322      
# span 15 =    311.863,    314.654      
# span 16 =    319.687,    322.529      
# span 17 =   -0.00210,    0.00040      
# span 18 =    7.33946,    7.37230      
# span 19 =   10.48883,   10.53575      
# span 20 =  319.77716,  321.18959      
# span 21 =   16.42178,   16.48877      
# span 22 = 7.8155e-02, 1.6855e+02      
# span 23 =     0.1030,     0.4947      
# span 24 =     0.3717,     0.4472      
# span 25 =    89.4216,    91.1274      
# span 26 = 0.0000e+00, 0.0000e+00      
# interval = meters: 1                  
# start_time = Mar 21 2022 13:33:51 [Instrument's time stamp, header]
# bad_flag = -9.990e-29
*END*
        737  80.567303    0.05111     3.0665    183.992      1.015  51007.586    31.5823     4.4154      1.000     4.4066    25.0276     7.2144    10.3101     98.296    314.329    322.196   -0.00210    7.33946   10.48883  319.77716   16.42178 4.6365e+01     0.1073     0.3717    91.1274 0.0000e+00
        742  80.567318    0.05147     3.0882    185.290      2.015  51014.577    31.5794     4.3842      2.000     4.3732    25.0284     7.2219    10.3208     98.322    314.654    322.529   -0.00134    7.34514   10.49694  320.02429   16.43354 4.5229e+01     0.1030     0.3744    91.0657 0.0000e+00
        748  80.567335    0.05187     3.1120    186.723      3.032  51022.684    31.5761     4.3477      3.000     4.3299    25.0294     7.2164    10.3129     98.158    314.415    322.284   -0.00188    7.35182   10.50648  320.31496   16.44739 5.8078e+01     0.1088     0.3792    90.9560 0.0000e+00
        753  80.567350    0.05224     3.1346    188.076      4.040  51065.156    31.5949     4.3059      4.000     4.2947    25.0486     7.2205    10.3188     98.126    314.586    322.466   -0.00149    7.35833   10.51579  320.59272   16.46052 1.0260e+02     0.1233     0.3875    90.7666 0.0000e+00
        758  80.567364    0.05258     3.1547    189.282      5.042  51088.589    31.6048     4.2816      5.000     4.2740    25.0589     7.2170    10.3139     98.029    314.435    322.314   -0.00169    7.36219   10.52130  320.75738   16.46831 1.6760e+02     0.1363     0.3933    90.6356 0.0000e+00
        764  80.567381    0.05297     3.1783    190.700      6.064  51104.983    31.6118     4.2654      6.000     4.2611    25.0659     7.2161    10.3126     97.982    314.393    322.274   -0.00145    7.36473   10.52494  320.86630   16.47347 1.6855e+02     0.1432     0.4017    90.4458 0.0000e+00
        768  80.567394    0.05327     3.1965    191.791      7.054  51113.680    31.6154     4.2576      7.000     4.2550    25.0696     7.2121    10.3069     97.912    314.218    322.095   -0.00153    7.36595   10.52667  320.91780   16.47590 1.5453e+02     0.1615     0.4170    90.0994 0.0000e+00
        774  80.567411    0.05370     3.2223    193.336      8.081  51117.347    31.6159     4.2514      8.000     4.2479    25.0707     7.2093    10.3028     97.859    314.093    321.968   -0.00131    7.36702   10.52821  320.96441   16.47812 1.3329e+02     0.1652     0.4082    90.2990 0.0000e+00
        779  80.567426    0.05405     3.2427    194.561      9.082  51123.249    31.6175     4.2428      9.000     4.2391    25.0728     7.2111    10.3054     97.864    314.171    322.048   -0.00102    7.36849   10.53031  321.02773   16.48112 1.2807e+02     0.1974     0.4125    90.1995 0.0000e+00
        785  80.567441    0.05441     3.2647    195.885     10.098  51132.330    31.6218     4.2372     10.000     4.2361    25.0768     7.2090    10.3023     97.825    314.077    321.952   -0.00095    7.36928   10.53143  321.06076   16.48268 1.0526e+02     0.2210     0.4140    90.1692 0.0000e+00
        790  80.567456    0.05479     3.2873    197.238     11.100  51132.965    31.6216     4.2361     11.000     4.2346    25.0767     7.2059    10.2980     97.780    313.943    321.816   -0.00094    7.36948   10.53173  321.06971   16.48310 9.7094e+01     0.2290     0.4135    90.1787 0.0000e+00
        796  80.567475    0.05523     3.3134    198.804     12.122  51135.900    31.6225     4.2339     12.000     4.2321    25.0776     7.2004    10.2901     97.701    313.702    321.569   -0.00104    7.36984   10.53225  321.08511   16.48383 8.2023e+01     0.2553     0.4165    90.1113 0.0000e+00
        801  80.567489    0.05558     3.3347    200.081     13.124  51141.462    31.6251     4.2311     13.000     4.2295    25.0800     7.1945    10.2817     97.616    313.445    321.305   -0.00123    7.37021   10.53277  321.10030   16.48454 7.4839e+01     0.2485     0.4192    90.0494 0.0000e+00
        807  80.567506    0.05596     3.3579    201.475     14.126  51143.270    31.6256     4.2302     14.000     4.2292    25.0805     7.1928    10.2793     97.591    313.372    321.232   -0.00103    7.37034   10.53296  321.10592   16.48481 6.5642e+01     0.2668     0.4197    90.0387 0.0000e+00
        813  80.567524    0.05641     3.3848    203.088     15.150  51143.919    31.6256     4.2301     15.000     4.2285    25.0805     7.1912    10.2769     97.569    313.300    321.157   -0.00081    7.37037   10.53299  321.10714   16.48487 5.8676e+01     0.3224     0.4192    90.0515 0.0000e+00
        819  80.567540    0.05679     3.4073    204.441     16.151  51146.666    31.6263     4.2273     16.000     4.2255    25.0813     7.1904    10.2757     97.551    313.264    321.122   -0.00075    7.37082   10.53364  321.12660   16.48579 5.1789e+01     0.3495     0.4196    90.0427 0.0000e+00
        825  80.567557    0.05719     3.4317    205.902     17.164  51149.362    31.6273     4.2260     17.000     4.2244    25.0822     7.1971    10.2853     97.640    313.556    321.421   -0.00010    7.37103   10.53393  321.13517   16.48619 4.4578e+01     0.3585     0.4235    89.9531 0.0000e+00
        829  80.567571    0.05753     3.4516    207.097     18.169  51151.526    31.6281     4.2253     18.000     4.2240    25.0830     7.1906    10.2762     97.552    313.276    321.134   -0.00055    7.37109   10.53403  321.13802   16.48633 4.0161e+01     0.3939     0.4281    89.8495 0.0000e+00
        835  80.567586    0.05790     3.4736    208.417     19.183  51152.285    31.6282     4.2253     19.000     4.2241    25.0830     7.1873    10.2714     97.507    313.132    320.987   -0.00066    7.37108   10.53402  321.13744   16.48630 3.5028e+01     0.4183     0.4271    89.8739 0.0000e+00
        840  80.567600    0.05824     3.4945    209.668     20.185  51154.047    31.6287     4.2249     20.000     4.2234    25.0836     7.1832    10.2656     97.451    312.954    320.803   -0.00080    7.37112   10.53407  321.13894   16.48637 3.0710e+01     0.4546     0.4280    89.8539 0.0000e+00
        846  80.567619    0.05867     3.5202    211.209     21.216  51155.301    31.6290     4.2246     21.000     4.2232    25.0838     7.1807    10.2619     97.415    312.842    320.690   -0.00074    7.37118   10.53415  321.14127   16.48648 2.7160e+01     0.4705     0.4309    89.7863 0.0000e+00
        849  80.567628    0.05892     3.5354    212.121     22.198  51155.718    31.6288     4.2246     22.000     4.2232    25.0836     7.1768    10.2563     97.362    312.671    320.514   -0.00092    7.37117   10.53415  321.14137   16.48648 2.3396e+01     0.4947     0.4368    89.6557 0.0000e+00
        855  80.567646    0.05933     3.5599    213.596     23.221  51156.472    31.6289     4.2247     23.000     4.2232    25.0836     7.1807    10.2619     97.416    312.840    320.688   -0.00048    7.37115   10.53412  321.14035   16.48644 2.0879e+01     0.4696     0.4305    89.7953 0.0000e+00
        861  80.567661    0.05969     3.5817    214.905     24.230  51157.095    31.6286     4.2241     24.000     4.2221    25.0836     7.1814    10.2629     97.424    312.873    320.721   -0.00032    7.37127   10.53427  321.14523   16.48667 1.8198e+01     0.4529     0.4332    89.7350 0.0000e+00
        866  80.567677    0.06007     3.6042    216.250     25.243  51160.264    31.6302     4.2237     25.000     4.2221    25.0848     7.1824    10.2644     97.438    312.917    320.767   -0.00024    7.37128   10.53430  321.14563   16.48668 1.6007e+01     0.4641     0.4331    89.7379 0.0000e+00
        870  80.567689    0.06037     3.6223    217.339     26.227  51160.117    31.6296     4.2239     26.000     4.2220    25.0844     7.1796    10.2604     97.400    312.796    320.642   -0.00046    7.37126   10.53427  321.14494   16.48665 1.4047e+01     0.4443     0.4404    89.5754 0.0000e+00
        878  80.567710    0.06087     3.6522    219.132     27.271  51160.747    31.6295     4.2236     27.000     4.2216    25.0842     7.1821    10.2640     97.433    312.904    320.754   -0.00016    7.37133   10.53436  321.14758   16.48678 1.2402e+01     0.4560     0.4299    89.8100 0.0000e+00
        883  80.567725    0.06122     3.6732    220.390     28.263  51162.075    31.6297     4.2230     28.000     4.2211    25.0846     7.1808    10.2621     97.415    312.848    320.695   -0.00027    7.37142   10.53450  321.15166   16.48697 1.0975e+01     0.4793     0.4332    89.7354 0.0000e+00
        888  80.567740    0.06160     3.6960    221.758     29.272  51163.157    31.6299     4.2229     29.000     4.2209    25.0848     7.1810    10.2623     97.416    312.853    320.701   -0.00022    7.37144   10.53452  321.15234   16.48700 9.8861e+00     0.4501     0.4278    89.8562 0.0000e+00
        894  80.567757    0.06200     3.7204    223.222     30.288  51164.110    31.6301     4.2229     30.000     4.2211    25.0849     7.1766    10.2560     97.356    312.662    320.505   -0.00050    7.37142   10.53450  321.15163   16.48697 9.4067e+00     0.4299     0.4253    89.9126 0.0000e+00
        899  80.567773    0.06238     3.7428    224.571     31.296  51165.200    31.6305     4.2237     31.000     4.2219    25.0851     7.1791    10.2596     97.393    312.772    320.618   -0.00023    7.37126   10.53427  321.14443   16.48662 8.9436e+00     0.4605     0.4259    89.9000 0.0000e+00
        905  80.567789    0.06277     3.7662    225.972     32.306  51166.029    31.6307     4.2243     32.000     4.2223    25.0852     7.1778    10.2578     97.377    312.715    320.560   -0.00030    7.37115   10.53410  321.13944   16.48638 9.0529e+00     0.4357     0.4251    89.9192 0.0000e+00
        910  80.567804    0.06312     3.7874    227.244     33.315  51166.990    31.6309     4.2245     33.000     4.2222    25.0854     7.1816    10.2631     97.428    312.878    320.727   -0.00005    7.37111   10.53405  321.13775   16.48630 2.9013e+01     0.4137     0.4307    89.7921 0.0000e+00
        915  80.567818    0.06346     3.8079    228.475     34.322  51167.110    31.6305     4.2245     34.000     4.2222    25.0850     7.1802    10.2612     97.410    312.819    320.666   -0.00014    7.37111   10.53406  321.13809   16.48632 2.1463e+01     0.4525     0.4323    89.7556 0.0000e+00
        920  80.567834    0.06384     3.8302    229.813     35.333  51168.409    31.6308     4.2244     35.000     4.2221    25.0854     7.1740    10.2524     97.326    312.551    320.391   -0.00054    7.37112   10.53407  321.13821   16.48632 1.6949e+01     0.4516     0.4287    89.8357 0.0000e+00
        925  80.567848    0.06420     3.8515    231.092     36.343  51168.838    31.6306     4.2245     36.000     4.2221    25.0852     7.1742    10.2527     97.329    312.560    320.401   -0.00050    7.37110   10.53405  321.13775   16.48631 1.1668e+01     0.4396     0.4266    89.8843 0.0000e+00
        931  80.567864    0.06455     3.8734    232.402     37.354  51167.882    31.6294     4.2243     37.000     4.2213    25.0843     7.1762    10.2554     97.354    312.643    320.486   -0.00019    7.37120   10.53419  321.14222   16.48652 9.5297e+00     0.4225     0.4278    89.8565 0.0000e+00
        936  80.567878    0.06492     3.8951    233.704     38.361  51169.567    31.6298     4.2231     38.000     4.2204    25.0847     7.1709    10.2479     97.280    312.415    320.252   -0.00059    7.37140   10.53447  321.15072   16.48692 6.3477e+00     0.4592     0.4289    89.8314 0.0000e+00
        942  80.567895    0.06532     3.9188    235.130     39.372  51171.241    31.6304     4.2229     39.000     4.2205    25.0852     7.1717    10.2490     97.290    312.449    320.287   -0.00042    7.37140   10.53447  321.15082   16.48692 4.6971e+00     0.4150     0.4327    89.7459 0.0000e+00
        947  80.567911    0.06569     3.9412    236.473     40.385  51172.295    31.6307     4.2235     40.000     4.2210    25.0854     7.1737    10.2520     97.320    312.541    320.381   -0.00023    7.37129   10.53430  321.14562   16.48668 3.9739e+00     0.4176     0.4278    89.8570 0.0000e+00
        952  80.567925    0.06604     3.9628    237.765     41.384  51171.059    31.6293     4.2233     41.000     4.2193    25.0843     7.1774    10.2573     97.369    312.701    320.545    0.00002    7.37139   10.53446  321.15060   16.48692 3.6837e+00     0.4212     0.4279    89.8532 0.0000e+00
        959  80.567945    0.06651     3.9905    239.432     42.410  51175.206    31.6306     4.2186     42.000     4.2158    25.0858     7.1775    10.2574     97.360    312.705    320.549   -0.00010    7.37216   10.53556  321.18363   16.48849 2.9717e+00     0.4376     0.4336    89.7265 0.0000e+00
        964  80.567959    0.06685     4.0108    240.646     43.406  51176.664    31.6314     4.2201     43.000     4.2179    25.0863     7.1741    10.2525     97.317    312.553    320.394   -0.00033    7.37187   10.53513  321.17056   16.48786 2.7830e+00     0.4257     0.4357    89.6791 0.0000e+00
        970  80.567977    0.06728     4.0371    242.225     44.427  51176.106    31.6308     4.2214     44.000     4.2187    25.0857     7.1734    10.2516     97.312    312.526    320.366   -0.00028    7.37165   10.53483  321.16137   16.48743 2.2482e+00     0.4256     0.4332    89.7364 0.0000e+00
        974  80.567990    0.06760     4.0557    243.343     45.424  51175.380    31.6299     4.2217     45.000     4.2179    25.0850     7.1727    10.2505     97.301    312.493    320.332   -0.00034    7.37165   10.53482  321.16146   16.48744 1.9824e+00     0.4233     0.4345    89.7063 0.0000e+00
        980  80.568007    0.06800     4.0797    244.782     46.446  51177.246    31.6302     4.2195     46.000     4.2161    25.0854     7.1740    10.2524     97.314    312.552    320.392   -0.00024    7.37202   10.53536  321.17788   16.48822 1.7650e+00     0.4129     0.4385    89.6168 0.0000e+00
        985  80.568020    0.06830     4.0982    245.893     47.443  51178.570    31.6304     4.2190     47.000     4.2157    25.0856     7.1757    10.2548     97.336    312.625    320.467   -0.00014    7.37210   10.53547  321.18092   16.48836 1.4669e+00     0.4362     0.4435    89.5052 0.0000e+00
        990  80.568035    0.06868     4.1209    247.253     48.457  51179.628    31.6305     4.2185     48.000     4.2152    25.0858     7.1725    10.2502     97.291    312.486    320.325   -0.00036    7.37220   10.53561  321.18517   16.48856 1.3681e+00     0.4087     0.4427    89.5229 0.0000e+00
        996  80.568053    0.06909     4.1452    248.715     49.471  51180.721    31.6307     4.2183     49.000     4.2150    25.0859     7.1738    10.2520     97.308    312.540    320.380   -0.00016    7.37221   10.53563  321.18574   16.48859 1.2205e+00     0.4111     0.4437    89.5014 0.0000e+00
       1000  80.568065    0.06940     4.1639    249.836     50.474  51180.950    31.6304     4.2182     50.000     4.2147    25.0856     7.1666    10.2419     97.211    312.231    320.063   -0.00068    7.37226   10.53569  321.18775   16.48869 1.0332e+00     0.4157     0.4458    89.4539 0.0000e+00
       1006  80.568081    0.06978     4.1871    251.227     51.490  51182.233    31.6306     4.2178     51.000     4.2145    25.0860     7.1691    10.2454     97.244    312.339    320.174   -0.00036    7.37230   10.53575  321.18959   16.48877 8.3813e-01     0.4299     0.4467    89.4343 0.0000e+00
       1011  80.568096    0.07014     4.2083    252.497     52.500  51183.345    31.6309     4.2179     52.000     4.2147    25.0861     7.1729    10.2508     97.296    312.503    320.342   -0.00012    7.37227   10.53571  321.18814   16.48870 7.3223e-01     0.4166     0.4465    89.4375 0.0000e+00
       1016  80.568111    0.07050     4.2300    253.802     53.504  51184.177    31.6312     4.2189     53.000     4.2161    25.0863     7.1721    10.2496     97.287    312.466    320.304   -0.00013    7.37209   10.53546  321.18050   16.48834 7.0981e-01     0.4666     0.4472    89.4216 0.0000e+00
