CTD-processing/allCTD/CNV/2022_03-21_ab_s03_cast099_4141.cnv
* Sea-Bird SBE19plus Data File:
* FileName = C:\GWA\CTD\2022_03-21_AB\2022_03-21_AB_S0_cast099.hex
* Software Version 1.59
* Temperature SN =  4141
* Conductivity SN =  4141
* System UpLoad Time = Mar 23 2022 12:21:38
** Cook Inlet LTM AB
** Date: 03-21-2022
** Station:S03
** Start Time (AKDT):13:50
** Depth (m):108
** Comment:Zoop sampled at AB04
** Comment:
# nquan = 27
# nvalues = 104                         
# units = specified
# name 0 = scan: Scan Count
# name 1 = timeJ: Julian Days
# name 2 = timeH: Time, Elapsed [hours]
# name 3 = timeM: Time, Elapsed [minutes]
# name 4 = timeS: Time, Elapsed [seconds]
# name 5 = prdM: Pressure, Strain Gauge [db]
# name 6 = specc: Specific Conductance [uS/cm]
# name 7 = sal00: Salinity, Practical [PSU]
# name 8 = tv290C: Temperature [ITS-90, deg C]
# name 9 = depSM: Depth [salt water, m], lat = 59.00
# name 10 = potemp090C: Potential Temperature [ITS-90, deg C]
# name 11 = sigma-é00: Density [sigma-theta, kg/m^3]
# name 12 = sbeox0ML/L: Oxygen, SBE 43 [ml/l]
# name 13 = sbeox0Mg/L: Oxygen, SBE 43 [mg/l]
# name 14 = sbeox0PS: Oxygen, SBE 43 [% saturation]
# name 15 = sbox0Mm/Kg: Oxygen, SBE 43 [umol/kg]
# name 16 = sbeox0Mm/L: Oxygen, SBE 43 [umol/l]
# name 17 = sbox0dV/dT: Oxygen, SBE 43 [dov/dt]
# name 18 = oxsolML/L: Oxygen Saturation, Garcia & Gordon [ml/l]
# name 19 = oxsolMg/L: Oxygen Saturation, Garcia & Gordon [mg/l]
# name 20 = oxsolMm/Kg: Oxygen Saturation, Garcia & Gordon [umol/kg]
# name 21 = n2satMg/L: Nitrogen Saturation [mg/l]
# name 22 = par: PAR/Irradiance, Biospherical/Licor
# name 23 = wetStar: Fluorescence, WET Labs WETstar [mg/m^3]
# name 24 = CStarAt0: Beam Attenuation, WET Labs C-Star [1/m]
# name 25 = CStarTr0: Beam Transmission, WET Labs C-Star [%]
# name 26 = flag: flag
# span 0 =        272,        816       
# span 1 =  80.577267,  80.578840       
# span 2 =    0.01884,    0.05661       
# span 3 =     1.1303,     3.3963       
# span 4 =     67.820,    203.778       
# span 5 =      1.005,    105.006       
# span 6 =  51042.632,  51213.487       
# span 7 =    31.5825,    31.6288       
# span 8 =     4.2308,     4.3448       
# span 9 =      1.000,    104.000       
# span 10 =     4.2241,     4.3473      
# span 11 =    25.0385,    25.0836      
# span 12 =     7.1409,     7.1959      
# span 13 =    10.2050,    10.2837      
# span 14 =     96.890,     97.636      
# span 15 =    311.108,    313.513      
# span 16 =    318.912,    321.369      
# span 17 =   -0.00163,    0.02150      
# span 18 =    7.35111,    7.37119      
# span 19 =   10.50548,   10.53418      
# span 20 =  320.27776,  321.14920      
# span 21 =   16.44552,   16.48697      
# span 22 = 3.6878e-02, 1.8275e+02      
# span 23 =     0.1219,     0.5892      
# span 24 =     0.3515,     0.7242      
# span 25 =    83.4355,    91.5879      
# span 26 = 0.0000e+00, 0.0000e+00      
# interval = meters: 1                  
# start_time = Mar 21 2022 13:50:08 [Instrument's time stamp, header]
# bad_flag = -9.990e-29
*END*
        272  80.577267    0.01884     1.1303     67.820      1.005  51059.256    31.6013     4.3446      1.000     4.3473    25.0499     7.1704    10.2473     97.542    312.406    320.232    0.02150    7.35111   10.50548  320.27776   16.44552 5.0713e+01     0.1238     0.3641    91.2996 0.0000e+00
        277  80.577281    0.01919     1.1510     69.058      2.027  51046.983    31.5925     4.3448      2.000     4.3386    25.0428     7.1719    10.2494     97.557    312.474    320.298    0.01558    7.35152   10.50605  320.29756   16.44649 4.7452e+01     0.1219     0.3613    91.3642 0.0000e+00
        281  80.577293    0.01947     1.1685     70.107      3.025  51042.632    31.5849     4.3268      3.000     4.3141    25.0385     7.1777    10.2575     97.587    312.723    320.553    0.01201    7.35511   10.51119  320.45531   16.45403 5.9547e+01     0.1227     0.3626    91.3338 0.0000e+00
        286  80.577307    0.01980     1.1883     71.297      4.037  51050.603    31.5825     4.2951      4.000     4.2824    25.0398     7.1693    10.2456     97.398    312.359    320.180    0.00781    7.36089   10.51944  320.70662   16.46599 7.7237e+01     0.1319     0.3658    91.2591 0.0000e+00
        291  80.577321    0.02015     1.2090     72.537      5.049  51075.117    31.5930     4.2704      5.000     4.2663    25.0506     7.1650    10.2395     97.287    312.169    319.990    0.00489    7.36476   10.52498  320.87230   16.47383 1.4594e+02     0.1593     0.3739    91.0759 0.0000e+00
        296  80.577335    0.02049     1.2290     73.742      6.057  51084.500    31.5978     4.2653      6.000     4.2650    25.0548     7.1739    10.2522     97.399    312.555    320.386    0.00405    7.36544   10.52595  320.90056   16.47515 1.8275e+02     0.2113     0.3742    91.0680 0.0000e+00
        300  80.577348    0.02079     1.2477     74.864      7.065  51086.121    31.5986     4.2667      7.000     4.2672    25.0554     7.1813    10.2627     97.503    312.877    320.715    0.00347    7.36514   10.52552  320.88727   16.47451 1.7145e+02     0.2298     0.3780    90.9820 0.0000e+00
        305  80.577362    0.02114     1.2681     76.089      8.077  51074.141    31.5889     4.2619      8.000     4.2536    25.0481     7.1838    10.2663     97.519    312.986    320.826    0.00259    7.36649   10.52745  320.94803   16.47745 1.5803e+02     0.2279     0.3733    91.0892 0.0000e+00
        310  80.577375    0.02143     1.2858     77.150      9.080  51092.208    31.5977     4.2489      9.000     4.2476    25.0564     7.1843    10.2670     97.501    313.005    320.848    0.00179    7.36838   10.53015  321.02818   16.48123 1.3598e+02     0.2046     0.3763    91.0215 0.0000e+00
        315  80.577391    0.02182     1.3093     78.557     10.105  51093.846    31.5983     4.2487     10.000     4.2479    25.0570     7.1820    10.2639     97.471    312.908    320.749    0.00100    7.36840   10.53017  321.02859   16.48124 1.1614e+02     0.2669     0.3731    91.0951 0.0000e+00
        319  80.577402    0.02208     1.3252     79.512     11.091  51094.785    31.5982     4.2481     11.000     4.2472    25.0570     7.1851    10.2683     97.511    313.044    320.889    0.00093    7.36851   10.53033  321.03345   16.48147 1.0968e+02     0.2853     0.3771    91.0027 0.0000e+00
        324  80.577416    0.02242     1.3455     80.728     12.120  51094.210    31.5969     4.2462     12.000     4.2438    25.0561     7.1896    10.2747     97.567    313.239    321.087    0.00087    7.36890   10.53088  321.05051   16.48229 8.5580e+01     0.3025     0.3734    91.0869 0.0000e+00
        328  80.577428    0.02272     1.3631     81.787     13.111  51097.369    31.5978     4.2431     13.000     4.2411    25.0572     7.1893    10.2743     97.557    313.229    321.078    0.00059    7.36941   10.53161  321.07256   16.48334 7.8771e+01     0.3375     0.3718    91.1241 0.0000e+00
        333  80.577443    0.02309     1.3852     83.112     14.139  51101.234    31.5995     4.2410     14.000     4.2405    25.0587     7.1889    10.2737     97.547    313.209    321.057    0.00024    7.36971   10.53205  321.08521   16.48393 6.5163e+01     0.4233     0.3677    91.2189 0.0000e+00
        339  80.577459    0.02346     1.4080     84.481     15.145  51101.146    31.5991     4.2419     15.000     4.2407    25.0583     7.1933    10.2798     97.607    313.397    321.250    0.00042    7.36957   10.53185  321.07937   16.48365 5.9296e+01     0.4220     0.3666    91.2432 0.0000e+00
        343  80.577472    0.02378     1.4269     85.615     16.152  51099.986    31.5976     4.2411     16.000     4.2383    25.0572     7.1937    10.2806     97.611    313.418    321.272    0.00022    7.36978   10.53216  321.08892   16.48412 5.0821e+01     0.4429     0.3681    91.2073 0.0000e+00
        348  80.577484    0.02407     1.4442     86.650     17.154  51103.909    31.5992     4.2386     17.000     4.2369    25.0587     7.1959    10.2837     97.636    313.513    321.369    0.00028    7.37016   10.53269  321.10473   16.48486 4.5329e+01     0.4637     0.3703    91.1578 0.0000e+00
        353  80.577501    0.02447     1.4680     88.078     18.171  51105.609    31.5997     4.2379     18.000     4.2366    25.0592     7.1956    10.2832     97.630    313.499    321.355    0.00010    7.37026   10.53284  321.10901   16.48506 3.9628e+01     0.5456     0.3665    91.2458 0.0000e+00
        359  80.577516    0.02484     1.4904     89.427     19.185  51106.307    31.5997     4.2379     19.000     4.2366    25.0592     7.1933    10.2798     97.598    313.397    321.251   -0.00017    7.37026   10.53284  321.10895   16.48506 3.4894e+01     0.5125     0.3665    91.2444 0.0000e+00
        363  80.577529    0.02513     1.5080     90.481     20.192  51106.006    31.5990     4.2380     20.000     4.2364    25.0586     7.1943    10.2814     97.613    313.444    321.299   -0.00006    7.37028   10.53287  321.11000   16.48511 3.0044e+01     0.5530     0.3657    91.2619 0.0000e+00
        367  80.577541    0.02543     1.5256     91.539     21.193  51107.762    31.5996     4.2376     21.000     4.2361    25.0591     7.1920    10.2780     97.580    313.341    321.193   -0.00029    7.37030   10.53290  321.11091   16.48515 2.6576e+01     0.5548     0.3654    91.2698 0.0000e+00
        373  80.577557    0.02582     1.5492     92.951     22.210  51109.021    31.5999     4.2372     22.000     4.2357    25.0594     7.1916    10.2775     97.574    313.324    321.176   -0.00029    7.37037   10.53299  321.11358   16.48528 2.3610e+01     0.5498     0.3609    91.3732 0.0000e+00
        378  80.577573    0.02620     1.5722     94.332     23.228  51109.116    31.5994     4.2373     23.000     4.2349    25.0590     7.1892    10.2740     97.541    313.218    321.067   -0.00039    7.37038   10.53301  321.11434   16.48532 2.0366e+01     0.5319     0.3568    91.4649 0.0000e+00
        382  80.577585    0.02648     1.5887     95.320     24.216  51110.670    31.5993     4.2344     24.000     4.2315    25.0593     7.1894    10.2744     97.538    313.230    321.080   -0.00042    7.37090   10.53375  321.13687   16.48639 1.8019e+01     0.5505     0.3668    91.2370 0.0000e+00
        388  80.577602    0.02689     1.6131     96.786     25.240  51114.397    31.6009     4.2326     25.000     4.2310    25.0607     7.1918    10.2778     97.567    313.334    321.187   -0.00022    7.37114   10.53409  321.14666   16.48684 1.6011e+01     0.5445     0.3588    91.4200 0.0000e+00
        393  80.577617    0.02724     1.6342     98.054     26.254  51114.967    31.6008     4.2326     26.000     4.2307    25.0607     7.1924    10.2787     97.576    313.363    321.216   -0.00012    7.37113   10.53408  321.14646   16.48684 1.3943e+01     0.5289     0.3593    91.4084 0.0000e+00
        397  80.577628    0.02752     1.6509     99.054     27.245  51116.084    31.6010     4.2323     27.000     4.2304    25.0608     7.1873    10.2713     97.505    313.137    320.984   -0.00055    7.37118   10.53415  321.14844   16.48693 1.2299e+01     0.5892     0.3639    91.3056 0.0000e+00
        403  80.577645    0.02791     1.6747    100.482     28.276  51117.387    31.6013     4.2321     28.000     4.2303    25.0611     7.1905    10.2759     97.549    313.277    321.128   -0.00025    7.37119   10.53418  321.14920   16.48697 1.0937e+01     0.5351     0.3626    91.3331 0.0000e+00
        407  80.577656    0.02820     1.6919    101.516     29.270  51118.043    31.6013     4.2323     29.000     4.2306    25.0611     7.1951    10.2825     97.611    313.477    321.333    0.00009    7.37117   10.53414  321.14799   16.48691 9.5306e+00     0.5775     0.3620    91.3475 0.0000e+00
        412  80.577671    0.02853     1.7121    102.727     30.284  51118.113    31.6009     4.2326     30.000     4.2305    25.0607     7.1947    10.2820     97.607    313.462    321.318   -0.00004    7.37113   10.53409  321.14665   16.48685 8.4360e+00     0.5282     0.3583    91.4332 0.0000e+00
        418  80.577687    0.02893     1.7357    104.141     31.300  51119.120    31.6011     4.2327     31.000     4.2308    25.0610     7.1949    10.2822     97.609    313.467    321.323   -0.00007    7.37110   10.53403  321.14516   16.48678 7.5135e+00     0.5547     0.3515    91.5879 0.0000e+00
        422  80.577700    0.02924     1.7540    105.240     32.301  51119.973    31.6012     4.2328     32.000     4.2305    25.0610     7.1944    10.2816     97.603    313.449    321.305   -0.00016    7.37109   10.53402  321.14455   16.48674 6.5444e+00     0.5444     0.3607    91.3775 0.0000e+00
        427  80.577713    0.02955     1.7734    106.402     33.314  51120.846    31.6013     4.2327     33.000     4.2306    25.0611     7.1945    10.2817     97.604    313.451    321.306   -0.00013    7.37109   10.53403  321.14462   16.48676 5.8070e+00     0.5187     0.3592    91.4123 0.0000e+00
        431  80.577727    0.02989     1.7936    107.617     34.321  51123.137    31.6023     4.2325     34.000     4.2300    25.0619     7.1905    10.2760     97.550    313.278    321.129   -0.00045    7.37109   10.53402  321.14437   16.48673 5.1452e+00     0.5250     0.3569    91.4637 0.0000e+00
        437  80.577742    0.03025     1.8151    108.909     35.336  51124.377    31.6026     4.2321     35.000     4.2298    25.0622     7.1933    10.2799     97.587    313.398    321.253   -0.00021    7.37114   10.53410  321.14654   16.48684 4.5287e+00     0.5038     0.3558    91.4896 0.0000e+00
        441  80.577756    0.03059     1.8353    110.115     36.343  51126.176    31.6032     4.2319     36.000     4.2295    25.0627     7.1911    10.2769     97.559    313.306    321.158   -0.00034    7.37113   10.53409  321.14607   16.48681 4.0037e+00     0.4903     0.3583    91.4320 0.0000e+00
        446  80.577769    0.03091     1.8549    111.292     37.351  51129.362    31.6048     4.2317     37.000     4.2293    25.0640     7.1863    10.2700     97.493    313.093    320.940   -0.00061    7.37110   10.53404  321.14418   16.48671 3.5328e+00     0.5329     0.3571    91.4592 0.0000e+00
        451  80.577785    0.03128     1.8768    112.610     38.365  51130.941    31.6055     4.2320     38.000     4.2298    25.0645     7.1866    10.2703     97.498    313.105    320.952   -0.00049    7.37101   10.53390  321.13994   16.48651 3.1349e+00     0.5151     0.3615    91.3594 0.0000e+00
        456  80.577799    0.03163     1.8975    113.847     39.367  51132.048    31.6059     4.2328     39.000     4.2303    25.0648     7.1855    10.2688     97.486    313.059    320.905   -0.00046    7.37086   10.53369  321.13331   16.48619 2.7720e+00     0.4931     0.3645    91.2909 0.0000e+00
        462  80.577815    0.03202     1.9213    115.275     40.386  51132.484    31.6058     4.2330     40.000     4.2304    25.0646     7.1824    10.2644     97.444    312.924    320.767   -0.00061    7.37081   10.53363  321.13156   16.48611 2.4433e+00     0.4753     0.3637    91.3100 0.0000e+00
        467  80.577830    0.03236     1.9419    116.514     41.388  51132.875    31.6056     4.2331     41.000     4.2304    25.0645     7.1816    10.2633     97.433    312.889    320.731   -0.00051    7.37082   10.53364  321.13189   16.48613 2.1606e+00     0.4665     0.3659    91.2597 0.0000e+00
        473  80.577846    0.03276     1.9652    117.911     42.400  51133.951    31.6058     4.2331     42.000     4.2303    25.0646     7.1777    10.2576     97.380    312.717    320.555   -0.00068    7.37081   10.53363  321.13141   16.48611 1.9170e+00     0.4577     0.3675    91.2226 0.0000e+00
        478  80.577863    0.03315     1.9887    119.319     43.414  51135.903    31.6067     4.2332     43.000     4.2306    25.0653     7.1835    10.2660     97.460    312.972    320.817   -0.00017    7.37073   10.53352  321.12784   16.48593 1.6835e+00     0.4715     0.3666    91.2423 0.0000e+00
        483  80.577876    0.03346     2.0079    120.471     44.421  51136.008    31.6063     4.2336     44.000     4.2308    25.0650     7.1803    10.2615     97.418    312.835    320.676   -0.00037    7.37069   10.53345  321.12589   16.48584 1.4904e+00     0.4595     0.3739    91.0766 0.0000e+00
        488  80.577891    0.03382     2.0292    121.750     45.427  51136.889    31.6064     4.2338     45.000     4.2308    25.0651     7.1819    10.2636     97.439    312.900    320.742   -0.00024    7.37065   10.53340  321.12437   16.48577 1.3244e+00     0.4597     0.3772    91.0017 0.0000e+00
        493  80.577906    0.03420     2.0519    123.113     46.446  51139.694    31.6079     4.2339     46.000     4.2311    25.0662     7.1841    10.2668     97.470    312.996    320.841   -0.00010    7.37056   10.53326  321.11984   16.48554 1.1590e+00     0.4445     0.3749    91.0530 0.0000e+00
        498  80.577920    0.03452     2.0714    124.286     47.451  51140.258    31.6080     4.2348     47.000     4.2320    25.0662     7.1791    10.2598     97.405    312.781    320.620   -0.00038    7.37039   10.53303  321.11259   16.48520 1.0321e+00     0.4367     0.3784    90.9721 0.0000e+00
        503  80.577933    0.03485     2.0908    125.446     48.449  51140.917    31.6080     4.2352     48.000     4.2324    25.0662     7.1800    10.2610     97.418    312.819    320.660   -0.00035    7.37032   10.53292  321.10923   16.48504 9.1098e-01     0.4344     0.3859    90.8026 0.0000e+00
        508  80.577950    0.03524     2.1141    126.847     49.480  51146.525    31.6117     4.2370     49.000     4.2351    25.0691     7.1834    10.2658     97.471    312.966    320.812    0.00001    7.36980   10.53218  321.08587   16.48392 8.0565e-01     0.4255     0.3874    90.7698 0.0000e+00
        512  80.577961    0.03551     2.1307    127.845     50.467  51147.597    31.6125     4.2396     50.000     4.2367    25.0694     7.1796    10.2604     97.426    312.800    320.642   -0.00028    7.36930   10.53146  321.06396   16.48287 7.0792e-01     0.4812     0.4119    90.2141 0.0000e+00
        518  80.577977    0.03589     2.1539    129.232     51.495  51148.987    31.6132     4.2404     51.000     4.2378    25.0699     7.1797    10.2604     97.429    312.802    320.644   -0.00025    7.36912   10.53121  321.05609   16.48249 6.2609e-01     0.4747     0.4082    90.2984 0.0000e+00
        523  80.577991    0.03623     2.1736    130.415     52.493  51148.789    31.6128     4.2416     52.000     4.2383    25.0695     7.1781    10.2582     97.410    312.732    320.572   -0.00035    7.36893   10.53093  321.04773   16.48209 5.5300e-01     0.4624     0.4062    90.3432 0.0000e+00
        528  80.578006    0.03659     2.1952    131.712     53.513  51152.440    31.6151     4.2425     53.000     4.2393    25.0711     7.1764    10.2558     97.392    312.661    320.499   -0.00034    7.36865   10.53054  321.03516   16.48149 4.8573e-01     0.4235     0.4000    90.4826 0.0000e+00
