CTD-processing/allCTD/CNV/2022_05-23_t9_s09_cast175_4141.cnv
* Sea-Bird SBE19plus Data File:
* FileName = C:\GWA\CTD\2022_05-23_T9\2022_05-23_T9_S0_cast175.hex
* Software Version 1.59
* Temperature SN =  4141
* Conductivity SN =  4141
* System UpLoad Time = May 24 2022 13:24:27
** Cook Inlet LTM T9
** Date: 05-23-2022
** Station:S09
** Start Time (AKDT):15:39
** Depth (m):81
** Comment:
** Comment:
# nquan = 27
# nvalues = 74                          
# units = specified
# name 0 = scan: Scan Count
# name 1 = timeJ: Julian Days
# name 2 = timeH: Time, Elapsed [hours]
# name 3 = timeM: Time, Elapsed [minutes]
# name 4 = timeS: Time, Elapsed [seconds]
# name 5 = prdM: Pressure, Strain Gauge [db]
# name 6 = specc: Specific Conductance [uS/cm]
# name 7 = sal00: Salinity, Practical [PSU]
# name 8 = tv290C: Temperature [ITS-90, deg C]
# name 9 = depSM: Depth [salt water, m], lat = 59.00
# name 10 = potemp090C: Potential Temperature [ITS-90, deg C]
# name 11 = sigma-é00: Density [sigma-theta, kg/m^3]
# name 12 = sbeox0ML/L: Oxygen, SBE 43 [ml/l]
# name 13 = sbeox0Mg/L: Oxygen, SBE 43 [mg/l]
# name 14 = sbeox0PS: Oxygen, SBE 43 [% saturation]
# name 15 = sbox0Mm/Kg: Oxygen, SBE 43 [umol/kg]
# name 16 = sbeox0Mm/L: Oxygen, SBE 43 [umol/l]
# name 17 = sbox0dV/dT: Oxygen, SBE 43 [dov/dt]
# name 18 = oxsolML/L: Oxygen Saturation, Garcia & Gordon [ml/l]
# name 19 = oxsolMg/L: Oxygen Saturation, Garcia & Gordon [mg/l]
# name 20 = oxsolMm/Kg: Oxygen Saturation, Garcia & Gordon [umol/kg]
# name 21 = n2satMg/L: Nitrogen Saturation [mg/l]
# name 22 = par: PAR/Irradiance, Biospherical/Licor
# name 23 = wetStar: Fluorescence, WET Labs WETstar [mg/m^3]
# name 24 = CStarAt0: Beam Attenuation, WET Labs C-Star [1/m]
# name 25 = CStarTr0: Beam Transmission, WET Labs C-Star [%]
# name 26 = flag: flag
# span 0 =        271,        609       
# span 1 = 143.652771, 143.653749       
# span 2 =    0.01874,    0.04220       
# span 3 =     1.1241,     2.5323       
# span 4 =     67.448,    151.939       
# span 5 =      1.011,     74.707       
# span 6 =  48087.852,  50623.741       
# span 7 =    30.4333,    31.4996       
# span 8 =     5.4115,     9.4003       
# span 9 =      1.000,     74.000       
# span 10 =     5.4051,     9.1745      
# span 11 =    23.4833,    24.8565      
# span 12 =     7.2637,     7.8889      
# span 13 =    10.3806,    11.2741      
# span 14 =    103.559,    114.731      
# span 15 =    316.872,    343.914      
# span 16 =    324.398,    352.318      
# span 17 =   -0.01275,    0.04282      
# span 18 =    6.58890,    7.17017      
# span 19 =    9.41620,   10.24689      
# span 20 =  287.50849,  312.45336      
# span 21 =   14.88790,   16.07355      
# span 22 = 1.4436e-01, 1.3541e+02      
# span 23 =     0.4374,     4.1292      
# span 24 =     0.5524,     1.3972      
# span 25 =    70.4423,    87.1012      
# span 26 = 0.0000e+00, 0.0000e+00      
# interval = meters: 1                  
# start_time = May 23 2022 15:38:52 [Instrument's time stamp, header]
# bad_flag = -9.990e-29
*END*
[from data line 54]
        519 143.653491    0.03600     2.1604    129.622     55.523  50499.918    31.4478     5.5294     55.000     5.5174    24.8021     7.5447    10.7821    105.481    328.792    336.947   -0.00115    7.15261   10.22180  311.70459   16.03810 1.4472e-01     0.7230     0.6317    85.3919 0.0000e+00
        524 143.653505    0.03635     2.1807    130.840     56.539  50521.965    31.4600     5.5171     56.000     5.5125    24.8131     7.5373    10.7717    105.357    328.468    336.618   -0.00157    7.15411   10.22394  311.76665   16.04101 1.5116e-01     0.6400     0.6497    85.0073 0.0000e+00
        529 143.653518    0.03666     2.1993    131.957     57.546  50533.883    31.4678     5.5177     57.000     5.5140    24.8193     7.5398    10.7751    105.397    328.571    336.726   -0.00089    7.15364   10.22327  311.74424   16.03991 1.5433e-01     0.5711     0.6532    84.9342 0.0000e+00
        533 143.653531    0.03696     2.2177    133.065     58.555  50541.585    31.4727     5.5181     58.000     5.5137    24.8231     7.5188    10.7450    105.109    327.655    335.788   -0.00222    7.15334   10.22284  311.72995   16.03921 1.5620e-01     0.5865     0.6334    85.3570 0.0000e+00
        538 143.653545    0.03729     2.2376    134.255     59.565  50559.879    31.4854     5.5205     59.000     5.5179    24.8328     7.5109    10.7339    105.014    327.311    335.439   -0.00231    7.15232   10.22138  311.68272   16.03691 1.5047e-01     0.7173     0.6285    85.4613 0.0000e+00
        543 143.653558    0.03761     2.2568    135.405     60.575  50557.536    31.4834     5.5212     60.000     5.5138    24.8312     7.5244    10.7531    105.202    327.898    336.040   -0.00079    7.15231   10.22135  311.68241   16.03691 1.4436e-01     0.5620     0.6106    85.8429 0.0000e+00
        548 143.653572    0.03796     2.2772    136.632     61.585  50569.450    31.4900     5.5159     61.000     5.5099    24.8370     7.5239    10.7524    105.186    327.874    336.017   -0.00064    7.15289   10.22220  311.70629   16.03802 1.4465e-01     0.5769     0.6115    85.8232 0.0000e+00
        552 143.653586    0.03829     2.2974    137.843     62.595  50568.239    31.4877     5.5107     62.000     5.5018    24.8357     7.5137    10.7378    105.029    327.427    335.560   -0.00125    7.15388   10.22361  311.74961   16.04008 1.5118e-01     0.6102     0.6161    85.7241 0.0000e+00
        557 143.653600    0.03863     2.3178    139.068     63.605  50566.153    31.4831     5.4978     63.000     5.4856    24.8336     7.5110    10.7339    104.957    327.312    335.441   -0.00149    7.15628   10.22704  311.85482   16.04511 1.5327e-01     0.5248     0.6336    85.3508 0.0000e+00
        562 143.653614    0.03896     2.3375    140.250     64.612  50579.379    31.4889     5.4844     64.000     5.4774    24.8398     7.5156    10.7405    104.991    327.511    335.645   -0.00087    7.15828   10.22989  311.94015   16.04915 1.5177e-01     0.6644     0.6508    84.9850 0.0000e+00
        567 143.653628    0.03929     2.3572    141.430     65.628  50585.428    31.4919     5.4809     65.000     5.4757    24.8425     7.5019    10.7210    104.794    326.913    335.034   -0.00175    7.15874   10.23055  311.95931   16.05006 1.4732e-01     0.6248     0.6660    84.6626 0.0000e+00
        571 143.653640    0.03959     2.3753    142.519     66.629  50580.915    31.4877     5.4778     66.000     5.4697    24.8396     7.4985    10.7161    104.735    326.764    334.880   -0.00167    7.15946   10.23159  311.99179   16.05162 1.4747e-01     0.7196     0.6643    84.6979 0.0000e+00
        576 143.653655    0.03994     2.3963    143.776     67.648  50577.087    31.4830     5.4703     67.000     5.4560    24.8367     7.4924    10.7074    104.628    326.501    334.610   -0.00177    7.16096   10.23372  312.05790   16.05479 1.5017e-01     0.5314     0.6686    84.6077 0.0000e+00
        581 143.653668    0.04025     2.4152    144.910     68.650  50587.470    31.4840     5.4430     68.000     5.4289    24.8406     7.4839    10.6953    104.443    326.130    334.231   -0.00230    7.16556   10.24030  312.25707   16.06427 1.4777e-01     0.5539     0.7586    82.7305 0.0000e+00
        586 143.653682    0.04060     2.4360    146.160     69.667  50608.655    31.4949     5.4272     69.000     5.4212    24.8510     7.4731    10.6798    104.260    325.657    333.750   -0.00258    7.16774   10.24342  312.34917   16.06860 1.5108e-01     0.5150     0.8235    81.3936 0.0000e+00
        590 143.653695    0.04091     2.4549    147.292     70.671  50610.662    31.4956     5.4258     70.000     5.4201    24.8516     7.4506    10.6477    103.944    324.677    332.746   -0.00353    7.16792   10.24368  312.35691   16.06897 1.5103e-01     0.4374     0.8452    80.9529 0.0000e+00
        595 143.653709    0.04125     2.4748    148.488     71.683  50609.991    31.4938     5.4222     71.000     5.4131    24.8507     7.4423    10.6358    103.818    324.315    332.375   -0.00329    7.16863   10.24468  312.38781   16.07045 1.5004e-01     0.5676     0.8550    80.7548 0.0000e+00
        600 143.653723    0.04157     2.4942    149.652     72.693  50618.708    31.4977     5.4144     72.000     5.4076    24.8547     7.4338    10.6237    103.683    323.944    331.996   -0.00318    7.16976   10.24631  312.43605   16.07273 1.5448e-01     0.4806     0.8673    80.5075 0.0000e+00
        604 143.653736    0.04189     2.5130    150.783     73.701  50622.210    31.4992     5.4125     73.000     5.4067    24.8561     7.4288    10.6166    103.610    323.727    331.773   -0.00274    7.17002   10.24667  312.44685   16.07324 1.5559e-01     0.4475     0.8772    80.3082 0.0000e+00
        609 143.653749    0.04220     2.5323    151.939     74.707  50623.741    31.4996     5.4115     74.000     5.4051    24.8565     7.4253    10.6116    103.559    323.573    331.615   -0.00238    7.17017   10.24689  312.45336   16.07355 1.5429e-01     0.4707     0.8879    80.0945 0.0000e+00
