CTD-processing/allCTD/CNV/2022_04-12_ab_s10_cast130_4141.cnv
* Sea-Bird SBE19plus Data File:
* FileName = C:\GWA\CTD\2022_04-12_AB\2022_04-12_T6_S02_cast130.hex
* Software Version 1.59
* Temperature SN =  4141
* Conductivity SN =  4141
* System UpLoad Time = Apr 13 2022 14:35:12
** Cook Inlet LTM AlongBay
** Date: 04-12-2022
** Station:S10
** Start Time (AKDT):14:25
** Depth (m):63
** Comment:
** Comment:
# nquan = 27
# nvalues = 53                          
# units = specified
# name 0 = scan: Scan Count
# name 1 = timeJ: Julian Days
# name 2 = timeH: Time, Elapsed [hours]
# name 3 = timeM: Time, Elapsed [minutes]
# name 4 = timeS: Time, Elapsed [seconds]
# name 5 = prdM: Pressure, Strain Gauge [db]
# name 6 = specc: Specific Conductance [uS/cm]
# name 7 = sal00: Salinity, Practical [PSU]
# name 8 = tv290C: Temperature [ITS-90, deg C]
# name 9 = depSM: Depth [salt water, m], lat = 59.00
# name 10 = potemp090C: Potential Temperature [ITS-90, deg C]
# name 11 = sigma-é00: Density [sigma-theta, kg/m^3]
# name 12 = sbeox0ML/L: Oxygen, SBE 43 [ml/l]
# name 13 = sbeox0Mg/L: Oxygen, SBE 43 [mg/l]
# name 14 = sbeox0PS: Oxygen, SBE 43 [% saturation]
# name 15 = sbox0Mm/Kg: Oxygen, SBE 43 [umol/kg]
# name 16 = sbeox0Mm/L: Oxygen, SBE 43 [umol/l]
# name 17 = sbox0dV/dT: Oxygen, SBE 43 [dov/dt]
# name 18 = oxsolML/L: Oxygen Saturation, Garcia & Gordon [ml/l]
# name 19 = oxsolMg/L: Oxygen Saturation, Garcia & Gordon [mg/l]
# name 20 = oxsolMm/Kg: Oxygen Saturation, Garcia & Gordon [umol/kg]
# name 21 = n2satMg/L: Nitrogen Saturation [mg/l]
# name 22 = par: PAR/Irradiance, Biospherical/Licor
# name 23 = wetStar: Fluorescence, WET Labs WETstar [mg/m^3]
# name 24 = CStarAt0: Beam Attenuation, WET Labs C-Star [1/m]
# name 25 = CStarTr0: Beam Transmission, WET Labs C-Star [%]
# name 26 = flag: flag
# span 0 =         16,        590       
# span 1 = 102.601062, 102.602722       
# span 2 =    0.00105,    0.04088       
# span 3 =     0.0631,     2.4530       
# span 4 =      3.786,    147.177       
# span 5 =      1.016,     53.500       
# span 6 =  50230.680,  51032.659       
# span 7 =    31.1617,    31.4958       
# span 8 =     4.0535,     4.9350       
# span 9 =      1.000,     53.000       
# span 10 =     4.0507,     4.8726      
# span 11 =    24.6406,    24.9936      
# span 12 =     7.1052,     7.7100      
# span 13 =    10.1540,    11.0183      
# span 14 =     95.976,    104.391      
# span 15 =    309.581,    335.964      
# span 16 =    317.318,    344.328      
# span 17 =   -0.00790,    0.00259      
# span 18 =    7.26858,    7.40906      
# span 19 =   10.38753,   10.58829      
# span 20 =  316.80755,  322.82267      
# span 21 =   16.28220,   16.56703      
# span 22 = 4.4484e-02, 1.2068e+02      
# span 23 =     0.1948,     3.2869      
# span 24 =     0.5950,     4.9952      
# span 25 =    43.5407,    86.1781      
# span 26 = 0.0000e+00, 0.0000e+00      
# interval = meters: 1                  
# start_time = Apr 12 2022 14:25:28 [Instrument's time stamp, header]
# bad_flag = -9.990e-29
*END*
         16 102.601062    0.00105     0.0631      3.786      1.016  50230.680    31.1617     4.9350      1.000     4.8726    24.6406     7.4122    10.5928    101.976    323.068    331.029   -0.00014    7.26858   10.38753  316.80755   16.28220 6.1565e+01     0.3505     4.9952    43.5407 0.0000e+00
        167 102.601498    0.01149     0.6896     41.376      2.016  50441.767    31.2461     4.6464      2.000     4.5926    24.7371     7.5128    10.7365    102.695    327.421    335.521 -5.504e-07    7.31530   10.45430  318.81489   16.37736 6.7117e+01     0.2837     1.0693    79.5889 0.0000e+00
        335 102.601984    0.02317     1.3904     83.425      3.023  50680.262    31.3413     4.3449      3.000     4.3519    24.8434     7.5763    10.8273    102.884    330.156    338.357   -0.00320    7.36396   10.52384  320.90214   16.47627 6.7921e+01     0.1948     0.7596    82.7232 0.0000e+00
        345 102.602015    0.02390     1.4341     86.048      4.038  50698.928    31.3562     4.3560      4.000     4.3498    24.8541     7.6025    10.8647    103.277    331.292    339.526   -0.00079    7.36122   10.51992  320.77950   16.47038 7.4579e+01     0.2920     0.7864    82.1525 0.0000e+00
        350 102.602029    0.02427     1.4560     87.360      5.047  50709.113    31.3577     4.3342      5.000     4.3283    24.8574     7.6338    10.9095    103.650    332.658    340.927    0.00118    7.36504   10.52537  320.94470   16.47823 9.2687e+01     0.4863     0.7737    82.4142 0.0000e+00
        356 102.602045    0.02464     1.4783     88.701      6.057  50722.650    31.3636     4.3220      6.000     4.3172    24.8634     7.6633    10.9516    104.023    333.938    342.241    0.00252    7.36692   10.52807  321.02514   16.48203 1.1703e+02     0.7036     0.7593    82.7106 0.0000e+00
        361 102.602061    0.02502     1.5012     90.071      7.066  50727.669    31.3629     4.3061      7.000     4.2984    24.8644     7.6794    10.9747    104.201    334.642    342.963    0.00259    7.36981   10.53219  321.15030   16.48799 1.2068e+02     0.9211     0.7749    82.3893 0.0000e+00
        367 102.602077    0.02540     1.5239     91.431      8.077  50742.501    31.3690     4.2908      8.000     4.2864    24.8707     7.6833    10.9802    104.220    334.810    343.137    0.00183    7.37225   10.53568  321.25482   16.49293 1.0365e+02     1.4053     0.7917    82.0427 0.0000e+00
        372 102.602091    0.02575     1.5449     92.697      9.086  50753.150    31.3736     4.2811      9.000     4.2768    24.8753     7.6875    10.9861    104.255    334.988    343.321    0.00140    7.37375   10.53783  321.31894   16.49597 8.4187e+01     1.8590     0.7970    81.9339 0.0000e+00
        377 102.602105    0.02608     1.5648     93.890     10.095  50762.584    31.3774     4.2721     10.000     4.2653    24.8792     7.6836    10.9806    104.182    334.818    343.148    0.00060    7.37518   10.53986  321.37966   16.49884 6.7536e+01     2.3553     0.8025    81.8229 0.0000e+00
        381 102.602119    0.02640     1.5842     95.049     11.104  50780.380    31.3854     4.2565     11.000     4.2495    24.8872     7.6865    10.9847    104.187    334.941    343.276    0.00036    7.37757   10.54328  321.48145   16.50364 5.4094e+01     2.4476     0.7970    81.9353 0.0000e+00
        386 102.602132    0.02673     1.6033     96.198     12.113  50788.885    31.3868     4.2395     12.000     4.2293    24.8900     7.6954    10.9975    104.266    335.329    343.675    0.00055    7.38056   10.54755  321.61065   16.50979 4.3245e+01     3.0228     0.7938    82.0009 0.0000e+00
        391 102.602146    0.02705     1.6230     97.377     13.124  50797.494    31.3876     4.2198     13.000     4.2061    24.8925     7.7083    11.0160    104.391    335.893    344.254    0.00095    7.38405   10.55254  321.76202   16.51698 3.4507e+01     2.9336     0.7992    81.8898 0.0000e+00
        395 102.602159    0.02737     1.6424     98.542     14.131  50811.308    31.3885     4.1852     14.000     4.1751    24.8966     7.7100    11.0183    104.327    335.964    344.328    0.00036    7.39021   10.56135  322.02915   16.52968 2.7399e+01     2.7207     0.8229    81.4046 0.0000e+00
        400 102.602173    0.02772     1.6628     99.768     15.144  50835.142    31.4017     4.1742     15.000     4.1732    24.9082     7.7005    11.0049    104.181    335.549    343.907   -0.00053    7.39151   10.56321  322.08249   16.53216 2.1425e+01     2.9917     0.8295    81.2718 0.0000e+00
        405 102.602187    0.02805     1.6827    100.962     16.151  50830.692    31.3975     4.1712     16.000     4.1661    24.9051     7.6873    10.9859    103.991    334.972    343.314   -0.00132    7.39226   10.56428  322.11601   16.53377 1.6920e+01     3.2869     0.8174    81.5190 0.0000e+00
        410 102.602201    0.02839     1.7034    102.206     17.161  50841.946    31.4028     4.1631     17.000     4.1620    24.9101     7.6607    10.9479    103.614    333.812    342.127   -0.00280    7.39347   10.56601  322.16721   16.53619 1.3367e+01     3.0709     0.8161    81.5454 0.0000e+00
        415 102.602216    0.02873     1.7240    103.442     18.170  50845.834    31.4054     4.1651     18.000     4.1626    24.9120     7.6335    10.9089    103.252    332.623    340.909   -0.00380    7.39298   10.56531  322.14526   16.53513 1.0661e+01     2.8669     0.7840    82.2024 0.0000e+00
        420 102.602231    0.02909     1.7455    104.729     19.181  50851.159    31.4069     4.1579     19.000     4.1543    24.9138     7.6014    10.8632    102.803    331.228    339.480   -0.00493    7.39420   10.56704  322.19760   16.53762 8.5623e+00     2.5487     0.7542    82.8159 0.0000e+00
        425 102.602245    0.02945     1.7669    106.017     20.189  50857.096    31.4093     4.1535     20.000     4.1513    24.9162     7.5587    10.8021    102.216    329.365    337.572   -0.00629    7.39487   10.56802  322.22637   16.53898 6.9448e+00     2.2046     0.7606    82.6846 0.0000e+00
        430 102.602261    0.02982     1.7892    107.351     21.198  50858.672    31.4094     4.1512     21.000     4.1487    24.9165     7.5072    10.7285    101.513    327.119    335.269   -0.00790    7.39529   10.56860  322.24422   16.53983 5.6252e+00     1.7072     0.7687    82.5174 0.0000e+00
        436 102.602277    0.03020     1.8118    108.710     22.209  50859.319    31.4084     4.1474     22.000     4.1424    24.9161     7.4841    10.6956    101.191    326.115    334.240   -0.00716    7.39602   10.56965  322.27623   16.54135 4.5277e+00     1.5901     0.7846    82.1879 0.0000e+00
        441 102.602293    0.03058     1.8348    110.089     23.220  50867.534    31.4081     4.1243     23.000     4.1162    24.9181     7.4654    10.6688    100.881    325.298    333.405   -0.00651    7.40018   10.57560  322.45695   16.54995 3.6300e+00     1.5487     0.8275    81.3131 0.0000e+00
        447 102.602308    0.03094     1.8564    111.386     24.228  50893.602    31.4250     4.1223     24.000     4.1223    24.9317     7.4442    10.6384    100.601    324.369    332.456   -0.00606    7.39971   10.57493  322.43228   16.54871 2.8975e+00     1.6111     0.8516    80.8235 0.0000e+00
        452 102.602322    0.03129     1.8772    112.633     25.239  50902.723    31.4320     4.1280     25.000     4.1301    24.9367     7.4067    10.5850    100.114    322.736    330.784   -0.00667    7.39832   10.57294  322.37031   16.54573 2.3127e+00     1.4180     0.8575    80.7039 0.0000e+00
        456 102.602336    0.03162     1.8969    113.812     26.247  50913.394    31.4410     4.1374     26.000     4.1414    24.9430     7.3644    10.5244     99.569    320.888    328.892   -0.00766    7.39618   10.56988  322.27496   16.54116 1.8447e+00     1.2643     0.8594    80.6652 0.0000e+00
        461 102.602349    0.03194     1.9164    114.982     27.257  50935.456    31.4597     4.1553     27.000     4.1678    24.9561     7.3482    10.5013     99.407    320.179    328.169   -0.00658    7.39204   10.56396  322.09028   16.53230 1.4836e+00     1.2260     0.8273    81.3167 0.0000e+00
        466 102.602363    0.03226     1.9358    116.150     28.266  50954.973    31.4816     4.1943     28.000     4.2107    24.9697     7.3323    10.4786     99.301    319.484    327.461   -0.00537    7.38394   10.55238  321.73304   16.51522 1.2001e+00     1.0571     0.7389    83.1347 0.0000e+00
        470 102.602376    0.03259     1.9554    117.325     29.275  50937.450    31.4775     4.2298     29.000     4.2349    24.9629     7.3236    10.4661     99.265    319.104    327.070   -0.00418    7.37777   10.54357  321.46639   16.50256 9.9893e-01     0.9409     0.6310    85.4074 0.0000e+00
        475 102.602390    0.03293     1.9755    118.531     30.286  50942.410    31.4833     4.2428     30.000     4.2454    24.9664     7.3131    10.4512     99.160    318.649    326.605   -0.00361    7.37514   10.53982  321.35105   16.49705 8.3989e-01     0.8459     0.6033    86.0009 0.0000e+00
        480 102.602404    0.03326     1.9956    119.736     31.294  50942.536    31.4850     4.2517     31.000     4.2491    24.9668     7.3037    10.4377     99.054    318.238    326.183   -0.00321    7.37348   10.53744  321.27836   16.49358 7.0964e-01     0.8444     0.5950    86.1781 0.0000e+00
        485 102.602419    0.03360     2.0163    120.978     32.304  50931.501    31.4743     4.2404     32.000     4.2280    24.9595     7.2876    10.4146     98.800    317.535    325.461   -0.00351    7.37603   10.54108  321.39167   16.49902 5.9948e-01     0.6708     0.6114    85.8265 0.0000e+00
        490 102.602433    0.03395     2.0370    122.222     33.316  50949.492    31.4814     4.2199     33.000     4.2138    24.9671     7.2658    10.3835     98.461    316.586    324.490   -0.00429    7.37935   10.54583  321.53392   16.50575 5.0448e-01     0.5945     0.6489    85.0259 0.0000e+00
        495 102.602447    0.03429     2.0570    123.418     34.324  50954.461    31.4822     4.2114     34.000     4.2060    24.9686     7.2505    10.3617     98.234    315.919    323.807   -0.00429    7.38084   10.54797  321.59862   16.50883 4.2416e-01     0.5910     0.6640    84.7039 0.0000e+00
        499 102.602461    0.03461     2.0768    124.606     35.334  50959.786    31.4839     4.2053     35.000     4.1987    24.9706     7.2400    10.3467     98.079    315.462    323.339   -0.00400    7.38183   10.54938  321.64117   16.51085 3.5569e-01     0.5505     0.6616    84.7559 0.0000e+00
        504 102.602474    0.03494     2.0962    125.773     36.342  50940.636    31.4656     4.1851     36.000     4.1660    24.9580     7.2300    10.3324     97.883    315.028    322.891   -0.00390    7.38639   10.55589  321.84350   16.52055 3.0051e-01     0.5596     0.6523    84.9512 0.0000e+00
        509 102.602488    0.03528     2.1165    126.991     37.354  50961.831    31.4715     4.1502     37.000     4.1358    24.9660     7.2118    10.3063     97.556    314.231    322.076   -0.00448    7.39236   10.56442  322.10133   16.53278 2.5431e-01     0.5726     0.6699    84.5794 0.0000e+00
        514 102.602502    0.03561     2.1366    128.194     38.361  50966.122    31.4656     4.1148     38.000     4.0961    24.9648     7.1979    10.2865     97.282    313.629    321.459   -0.00469    7.39902   10.57395  322.39208   16.54663 2.1513e-01     0.5398     0.7114    83.7084 0.0000e+00
        519 102.602517    0.03595     2.1574    129.445     39.372  50992.604    31.4747     4.0791     39.000     4.0672    24.9755     7.1757    10.2548     96.903    312.658    320.467   -0.00526    7.40502   10.58252  322.64991   16.55886 1.8166e-01     0.5441     0.7434    83.0393 0.0000e+00
        524 102.602531    0.03631     2.1785    130.708     40.381  51010.644    31.4822     4.0611     40.000     4.0561    24.9832     7.1564    10.2273     96.606    311.816    319.606   -0.00529    7.40787   10.58660  322.77181   16.56462 1.5396e-01     0.4474     0.7413    83.0824 0.0000e+00
        529 102.602546    0.03667     2.2000    132.000     41.391  51015.701    31.4841     4.0568     41.000     4.0534    24.9851     7.1465    10.2131     96.463    311.384    319.164   -0.00459    7.40856   10.58757  322.80099   16.56600 1.3131e-01     0.4170     0.7382    83.1486 0.0000e+00
        534 102.602562    0.03703     2.2220    133.321     42.400  51015.885    31.4832     4.0543     42.000     4.0507    24.9846     7.1430    10.2081     96.409    311.231    319.007   -0.00351    7.40905   10.58828  322.82267   16.56703 1.1346e-01     0.3859     0.7301    83.3166 0.0000e+00
        540 102.602577    0.03740     2.2441    134.647     43.409  51021.234    31.4861     4.0535     43.000     4.0512    24.9870     7.1335    10.1946     96.282    310.819    318.586   -0.00317    7.40906   10.58829  322.82240   16.56701 9.8897e-02     0.3727     0.7284    83.3509 0.0000e+00
        545 102.602593    0.03779     2.2672    136.035     44.422  51025.956    31.4895     4.0561     44.000     4.0558    24.9894     7.1317    10.1919     96.264    310.736    318.501   -0.00252    7.40843   10.58739  322.79407   16.56565 8.6623e-02     0.3646     0.7248    83.4246 0.0000e+00
        550 102.602608    0.03815     2.2891    137.348     45.429  51032.659    31.4958     4.0656     45.000     4.0679    24.9936     7.1328    10.1935     96.306    310.784    318.551   -0.00147    7.40638   10.58446  322.70362   16.56132 7.7125e-02     0.3670     0.7364    83.1849 0.0000e+00
        556 102.602623    0.03851     2.3106    138.638     46.442  51026.609    31.4941     4.0781     46.000     4.0764    24.9910     7.1248    10.1821     96.227    310.437    318.195   -0.00175    7.40423   10.58139  322.61047   16.55690 6.9146e-02     0.3743     0.7870    82.1400 0.0000e+00
        560 102.602637    0.03884     2.3305    139.833     47.448  51025.676    31.4935     4.0805     47.000     4.0782    24.9904     7.1459    10.2122     96.516    311.352    319.134    0.00032    7.40381   10.58078  322.59227   16.55603 6.2351e-02     0.3612     0.8011    81.8506 0.0000e+00
        565 102.602651    0.03918     2.3507    141.041     48.459  51027.367    31.4945     4.0821     48.000     4.0795    24.9910     7.1165    10.1701     96.123    310.072    317.820   -0.00175    7.40347   10.58030  322.57755   16.55534 5.7516e-02     0.3519     0.8110    81.6485 0.0000e+00
        570 102.602665    0.03950     2.3704    142.222     49.468  51026.891    31.4939     4.0829     49.000     4.0798    24.9905     7.1113    10.1627     96.054    309.846    317.589   -0.00169    7.40337   10.58016  322.57335   16.55514 5.3595e-02     0.3382     0.8192    81.4802 0.0000e+00
        575 102.602679    0.03984     2.3906    143.439     50.478  51028.666    31.4947     4.0834     50.000     4.0804    24.9910     7.1115    10.1631     96.060    309.857    317.600   -0.00128    7.40323   10.57995  322.56680   16.55483 4.8191e-02     0.3392     0.8274    81.3148 0.0000e+00
        580 102.602693    0.04019     2.4111    144.667     51.488  51029.639    31.4950     4.0840     51.000     4.0808    24.9912     7.1089    10.1593     96.026    309.742    317.482   -0.00115    7.40312   10.57979  322.56198   16.55459 4.6531e-02     0.3383     0.8321    81.2187 0.0000e+00
        585 102.602707    0.04053     2.4319    145.911     52.497  51030.033    31.4948     4.0842     52.000     4.0808    24.9911     7.1052    10.1540     95.976    309.581    317.318   -0.00113    7.40309   10.57975  322.56087   16.55454 4.6862e-02     0.3441     0.8372    81.1148 0.0000e+00
        590 102.602722    0.04088     2.4530    147.177     53.500  51030.407    31.4945     4.0841     53.000     4.0805    24.9909     7.1064    10.1558     95.992    309.634    317.372   -0.00079    7.40311   10.57980  322.56206   16.55459 4.4484e-02     0.3536     0.8400    81.0588 0.0000e+00
