CTD-processing/allCTD/CNV/2022_02-28_ab_spogi_cast066_4141.cnv
* Sea-Bird SBE19plus Data File:
* FileName = C:\Users\steve\Desktop\GWA\CTD\2022_02-28_AB\2022_02-28_AB_S0_cast066.hex
* Software Version 1.59
* Temperature SN =  4141
* Conductivity SN =  4141
* System UpLoad Time = Mar 03 2022 14:42:54
** Cook Inlet LTM AlongBay
** Date: 02-28-2022
** Station:SPOGI
** Start Time (AKST):12:38
** Depth (m):107
** Comment:
** Comment:
# nquan = 27
# nvalues = 103                         
# units = specified
# name 0 = scan: Scan Count
# name 1 = timeJ: Julian Days
# name 2 = timeH: Time, Elapsed [hours]
# name 3 = timeM: Time, Elapsed [minutes]
# name 4 = timeS: Time, Elapsed [seconds]
# name 5 = prdM: Pressure, Strain Gauge [db]
# name 6 = specc: Specific Conductance [uS/cm]
# name 7 = sal00: Salinity, Practical [PSU]
# name 8 = tv290C: Temperature [ITS-90, deg C]
# name 9 = depSM: Depth [salt water, m], lat = 59.00
# name 10 = potemp090C: Potential Temperature [ITS-90, deg C]
# name 11 = sigma-é00: Density [sigma-theta, kg/m^3]
# name 12 = sbeox0ML/L: Oxygen, SBE 43 [ml/l]
# name 13 = sbeox0Mg/L: Oxygen, SBE 43 [mg/l]
# name 14 = sbeox0PS: Oxygen, SBE 43 [% saturation]
# name 15 = sbox0Mm/Kg: Oxygen, SBE 43 [umol/kg]
# name 16 = sbeox0Mm/L: Oxygen, SBE 43 [umol/l]
# name 17 = sbox0dV/dT: Oxygen, SBE 43 [dov/dt]
# name 18 = oxsolML/L: Oxygen Saturation, Garcia & Gordon [ml/l]
# name 19 = oxsolMg/L: Oxygen Saturation, Garcia & Gordon [mg/l]
# name 20 = oxsolMm/Kg: Oxygen Saturation, Garcia & Gordon [umol/kg]
# name 21 = n2satMg/L: Nitrogen Saturation [mg/l]
# name 22 = par: PAR/Irradiance, Biospherical/Licor
# name 23 = wetStar: Fluorescence, WET Labs WETstar [mg/m^3]
# name 24 = CStarAt0: Beam Attenuation, WET Labs C-Star [1/m]
# name 25 = CStarTr0: Beam Transmission, WET Labs C-Star [%]
# name 26 = flag: flag
# span 0 =        277,        809       
# span 1 =  59.527327,  59.528867       
# span 2 =    0.01918,    0.05613       
# span 3 =     1.1505,     3.3680       
# span 4 =     69.032,    202.081       
# span 5 =      1.012,    103.980       
# span 6 =  50952.283,  51052.769       
# span 7 =    31.5171,    31.5402       
# span 8 =     4.3029,     4.3207       
# span 9 =      1.000,    103.000       
# span 10 =     4.3016,     4.3137      
# span 11 =    24.9870,    25.0044      
# span 12 =     6.5441,     7.2426      
# span 13 =     9.3522,    10.3505      
# span 14 =     88.894,     98.415      
# span 15 =    285.134,    315.566      
# span 16 =    292.259,    323.456      
# span 17 =   -0.03184,    0.01767      
# span 18 =    7.35842,    7.36267      
# span 19 =   10.51591,   10.52199      
# span 20 =  320.61061,  320.80090      
# span 21 =   16.46160,   16.47074      
# span 22 = 3.6864e-02, 1.0565e+02      
# span 23 =     0.2081,     0.4244      
# span 24 =     0.2913,     0.3478      
# span 25 =    91.6732,    92.9762      
# span 26 = 0.0000e+00, 0.0000e+00      
# interval = meters: 1                  
# start_time = Feb 28 2022 12:38:12 [Instrument's time stamp, header]
# bad_flag = -9.990e-29
*END*
        277  59.527327    0.01918     1.1505     69.032      1.012  50960.762    31.5252     4.3062      1.000     4.3084    24.9932     6.5441     9.3522     88.894    285.134    292.259   -0.03184    7.36174   10.52065  320.75835   16.46868 1.0565e+02     0.2301     0.3122    92.4912 0.0000e+00
        283  59.527343    0.01955     1.1732     70.395      2.019  50953.848    31.5211     4.3112      2.000     4.3106    24.9895     7.1188    10.1734     96.709    310.173    317.924    0.01767    7.36104   10.51966  320.72901   16.46730 9.3604e+01     0.2081     0.3107    92.5271 0.0000e+00
        288  59.527359    0.01994     1.1964     71.787      3.027  50955.595    31.5212     4.3087      3.000     4.3088    24.9898     7.1365    10.1988     96.945    310.947    318.717    0.01342    7.36149   10.52030  320.74875   16.46824 8.4805e+01     0.2166     0.3069    92.6135 0.0000e+00
        294  59.527375    0.02033     1.2197     73.181      4.040  50954.702    31.5204     4.3099      4.000     4.3087    24.9890     7.1515    10.2202     97.150    311.600    319.386    0.01020    7.36131   10.52006  320.74136   16.46789 8.4017e+01     0.2282     0.3057    92.6411 0.0000e+00
        299  59.527389    0.02068     1.2405     74.432      5.044  50952.283    31.5175     4.3068      5.000     4.3049    24.9870     7.1507    10.2191     97.130    311.568    319.353    0.00731    7.36202   10.52105  320.77240   16.46938 8.3586e+01     0.2311     0.3066    92.6206 0.0000e+00
        304  59.527406    0.02107     1.2642     75.850      6.060  50953.667    31.5171     4.3032      6.000     4.3025    24.9871     7.1588    10.2307     97.232    311.920    319.714    0.00529    7.36267   10.52199  320.80090   16.47074 8.2751e+01     0.2348     0.3045    92.6691 0.0000e+00
        310  59.527421    0.02143     1.2856     77.138      7.067  50956.223    31.5184     4.3033      7.000     4.3030    24.9881     7.1695    10.2459     97.378    312.384    320.190    0.00447    7.36259   10.52188  320.79715   16.47056 7.7113e+01     0.2456     0.3045    92.6696 0.0000e+00
        314  59.527435    0.02177     1.3061     78.366      8.072  50957.927    31.5191     4.3037      8.000     4.3031    24.9886     7.1805    10.2618     97.530    312.867    320.686    0.00391    7.36249   10.52174  320.79265   16.47034 7.1766e+01     0.2619     0.3045    92.6687 0.0000e+00
        320  59.527451    0.02216     1.3297     79.783      9.085  50958.727    31.5193     4.3040      9.000     4.3037    24.9887     7.1859    10.2694     97.603    313.097    320.922    0.00301    7.36241   10.52162  320.78921   16.47017 6.7411e+01     0.2595     0.3029    92.7074 0.0000e+00
        326  59.527468    0.02256     1.3534     81.207     10.095  50958.872    31.5190     4.3044     10.000     4.3037    24.9884     7.1955    10.2831     97.733    313.516    321.350    0.00263    7.36237   10.52155  320.78720   16.47008 6.2054e+01     0.2831     0.3046    92.6664 0.0000e+00
        331  59.527483    0.02293     1.3754     82.523     11.104  50962.609    31.5210     4.3045     11.000     4.3035    24.9901     7.2055    10.2974     97.871    313.952    321.798    0.00248    7.36224   10.52138  320.78139   16.46979 5.6705e+01     0.2908     0.3034    92.6945 0.0000e+00
        336  59.527498    0.02328     1.3970     83.822     12.114  50961.086    31.5191     4.3029     12.000     4.3016    24.9887     7.2035    10.2945     97.839    313.865    321.708    0.00154    7.36262   10.52192  320.79836   16.47061 5.1836e+01     0.3202     0.3036    92.6906 0.0000e+00
        341  59.527512    0.02362     1.4170     85.023     13.123  50964.851    31.5212     4.3030     13.000     4.3028    24.9904     7.2027    10.2933     97.830    313.829    321.671    0.00101    7.36251   10.52176  320.79297   16.47035 4.7013e+01     0.3246     0.3055    92.6471 0.0000e+00
        346  59.527525    0.02395     1.4368     86.206     14.134  50963.350    31.5199     4.3042     14.000     4.3034    24.9892     7.2097    10.3034     97.926    314.133    321.984    0.00116    7.36236   10.52154  320.78640   16.47004 4.2831e+01     0.3536     0.3027    92.7110 0.0000e+00
        351  59.527539    0.02428     1.4565     87.390     15.141  50964.280    31.5201     4.3045     15.000     4.3033    24.9894     7.2149    10.3109     97.998    314.363    322.218    0.00112    7.36230   10.52146  320.78408   16.46993 3.8831e+01     0.3815     0.3025    92.7170 0.0000e+00
        356  59.527554    0.02462     1.4773     88.638     16.152  50962.343    31.5181     4.3038     16.000     4.3024    24.9879     7.2160    10.3124     98.011    314.411    322.268    0.00082    7.36251   10.52176  320.79378   16.47040 3.5061e+01     0.3753     0.3007    92.7590 0.0000e+00
        360  59.527568    0.02495     1.4973     89.837     17.158  50965.255    31.5196     4.3034     17.000     4.3025    24.9891     7.2202    10.3184     98.067    314.593    322.455    0.00083    7.36252   10.52177  320.79377   16.47039 3.1684e+01     0.3878     0.2994    92.7882 0.0000e+00
        366  59.527583    0.02534     1.5200     91.202     18.173  50965.996    31.5197     4.3041     18.000     4.3029    24.9891     7.2216    10.3204     98.088    314.655    322.517    0.00061    7.36238   10.52158  320.78774   16.47010 2.8648e+01     0.3904     0.3007    92.7577 0.0000e+00
        371  59.527597    0.02567     1.5406     92.434     19.180  50965.922    31.5191     4.3040     19.000     4.3027    24.9886     7.2198    10.3177     98.062    314.573    322.433    0.00030    7.36243   10.52165  320.79002   16.47022 2.5720e+01     0.3848     0.2999    92.7767 0.0000e+00
        375  59.527611    0.02600     1.5602     93.610     20.188  50967.480    31.5196     4.3038     20.000     4.3022    24.9891     7.2180    10.3152     98.038    314.496    322.355   -0.00003    7.36244   10.52166  320.79035   16.47023 2.3190e+01     0.3903     0.3009    92.7538 0.0000e+00
        381  59.527627    0.02638     1.5827     94.960     21.201  50968.910    31.5200     4.3033     21.000     4.3019    24.9894     7.2230    10.3224     98.105    314.715    322.579    0.00023    7.36252   10.52178  320.79386   16.47040 2.0958e+01     0.3948     0.2983    92.8151 0.0000e+00
        386  59.527642    0.02673     1.6037     96.219     22.208  50975.408    31.5241     4.3041     22.000     4.3033    24.9926     7.2303    10.3328     98.209    315.031    322.905    0.00061    7.36217   10.52126  320.77708   16.46958 1.8875e+01     0.4022     0.3002    92.7709 0.0000e+00
        391  59.527655    0.02706     1.6236     97.418     23.218  50977.367    31.5252     4.3052     23.000     4.3041    24.9934     7.2266    10.3276     98.162    314.871    322.741    0.00020    7.36190   10.52090  320.76551   16.46903 1.6969e+01     0.4061     0.2991    92.7953 0.0000e+00
        396  59.527670    0.02740     1.6439     98.632     24.229  50979.319    31.5262     4.3062     24.000     4.3048    24.9942     7.2297    10.3321     98.208    315.008    322.881    0.00024    7.36168   10.52058  320.75577   16.46856 1.5291e+01     0.4053     0.2979    92.8235 0.0000e+00
        401  59.527684    0.02775     1.6647     99.882     25.236  50980.512    31.5267     4.3068     25.000     4.3050    24.9944     7.2320    10.3353     98.240    315.106    322.982    0.00032    7.36156   10.52042  320.75059   16.46831 1.3763e+01     0.4090     0.2997    92.7802 0.0000e+00
        406  59.527699    0.02810     1.6860    101.161     26.246  50979.619    31.5254     4.3062     26.000     4.3044    24.9935     7.2270    10.3282     98.170    314.888    322.758   -0.00016    7.36172   10.52064  320.75778   16.46865 1.2405e+01     0.3977     0.2964    92.8567 0.0000e+00
        411  59.527714    0.02846     1.7077    102.463     27.258  50981.166    31.5260     4.3062     27.000     4.3045    24.9939     7.2299    10.3322     98.209    315.013    322.886   -0.00000    7.36171   10.52061  320.75678   16.46861 1.1193e+01     0.3976     0.2954    92.8810 0.0000e+00
        416  59.527728    0.02880     1.7277    103.665     28.265  50980.719    31.5253     4.3065     28.000     4.3047    24.9933     7.2288    10.3307     98.196    314.968    322.839   -0.00013    7.36168   10.52057  320.75576   16.46856 1.0089e+01     0.3990     0.2992    92.7929 0.0000e+00
        420  59.527741    0.02913     1.7474    104.843     29.275  50982.446    31.5259     4.3066     29.000     4.3047    24.9939     7.2313    10.3343     98.230    315.075    322.951    0.00001    7.36163   10.52050  320.75350   16.46845 9.1077e+00     0.4012     0.2981    92.8192 0.0000e+00
        426  59.527757    0.02950     1.7703    106.220     30.285  50985.648    31.5277     4.3069     30.000     4.3053    24.9953     7.2348    10.3392     98.278    315.224    323.103    0.00016    7.36147   10.52028  320.74622   16.46810 8.2260e+00     0.4244     0.2976    92.8290 0.0000e+00
        432  59.527774    0.02990     1.7938    107.629     31.294  50985.404    31.5272     4.3077     31.000     4.3054    24.9948     7.2340    10.3381     98.269    315.192    323.070   -0.00000    7.36137   10.52014  320.74207   16.46790 7.3801e+00     0.4077     0.2967    92.8506 0.0000e+00
        437  59.527789    0.03027     1.8163    108.979     32.304  50985.975    31.5271     4.3074     32.000     4.3055    24.9947     7.2359    10.3409     98.295    315.277    323.158    0.00010    7.36142   10.52022  320.74441   16.46801 6.6420e+00     0.3854     0.2991    92.7945 0.0000e+00
        443  59.527806    0.03066     1.8396    110.377     33.316  50991.996    31.5309     4.3086     33.000     4.3069    24.9977     7.2368    10.3421     98.312    315.312    323.194    0.00004    7.36101   10.51963  320.72557   16.46710 5.9725e+00     0.3949     0.2984    92.8108 0.0000e+00
        447  59.527819    0.03100     1.8603    111.619     34.323  50991.739    31.5304     4.3092     34.000     4.3069    24.9972     7.2365    10.3417     98.309    315.300    323.182    0.00001    7.36095   10.51953  320.72268   16.46697 5.3724e+00     0.3941     0.3002    92.7697 0.0000e+00
        452  59.527834    0.03135     1.8807    112.842     35.332  50992.297    31.5303     4.3092     35.000     4.3068    24.9971     7.2327    10.3362     98.257    315.133    323.011   -0.00035    7.36095   10.51954  320.72299   16.46698 4.8533e+00     0.3799     0.3017    92.7352 0.0000e+00
        457  59.527848    0.03169     1.9013    114.079     36.343  50993.167    31.5303     4.3091     36.000     4.3068    24.9972     7.2361    10.3411     98.304    315.283    323.165   -0.00009    7.36095   10.51954  320.72304   16.46699 4.3839e+00     0.3835     0.3004    92.7663 0.0000e+00
        462  59.527863    0.03204     1.9226    115.354     37.355  50993.855    31.5303     4.3094     37.000     4.3071    24.9972     7.2371    10.3425     98.317    315.324    323.206   -0.00007    7.36091   10.51948  320.72110   16.46689 3.9623e+00     0.3818     0.3042    92.6767 0.0000e+00
        467  59.527876    0.03236     1.9415    116.490     38.360  50995.334    31.5310     4.3097     38.000     4.3071    24.9976     7.2378    10.3435     98.328    315.357    323.240   -0.00001    7.36084   10.51937  320.71776   16.46673 3.5730e+00     0.3817     0.3085    92.5789 0.0000e+00
        472  59.527890    0.03270     1.9617    117.702     39.370  50995.375    31.5305     4.3096     39.000     4.3070    24.9973     7.2320    10.3353     98.250    315.106    322.983   -0.00049    7.36086   10.51941  320.71900   16.46679 3.2286e+00     0.3862     0.3478    91.6732 0.0000e+00
        477  59.527906    0.03307     1.9844    119.064     40.380  50996.014    31.5304     4.3095     40.000     4.3069    24.9972     7.2382    10.3441     98.333    315.374    323.257    0.00001    7.36089   10.51945  320.72025   16.46685 2.9046e+00     0.3910     0.3386    91.8856 0.0000e+00
        483  59.527922    0.03346     2.0079    120.473     41.395  50998.227    31.5315     4.3100     41.000     4.3075    24.9980     7.2332    10.3371     98.268    315.159    323.038   -0.00040    7.36074   10.51923  320.71338   16.46652 2.6153e+00     0.3773     0.3106    92.5294 0.0000e+00
        488  59.527936    0.03381     2.0284    121.703     42.401  50998.815    31.5314     4.3103     42.000     4.3076    24.9980     7.2316    10.3346     98.246    315.087    322.964   -0.00043    7.36070   10.51917  320.71161   16.46644 2.3575e+00     0.3839     0.3039    92.6838 0.0000e+00
        492  59.527949    0.03413     2.0475    122.850     43.406  50998.203    31.5305     4.3103     43.000     4.3073    24.9972     7.2321    10.3354     98.252    315.108    322.985   -0.00035    7.36074   10.51923  320.71367   16.46654 2.1253e+00     0.3780     0.3037    92.6897 0.0000e+00
        498  59.527965    0.03449     2.0695    124.170     44.421  51000.355    31.5315     4.3102     44.000     4.3074    24.9980     7.2354    10.3401     98.297    315.251    323.132   -0.00011    7.36071   10.51919  320.71206   16.46646 1.9238e+00     0.3959     0.3021    92.7262 0.0000e+00
        503  59.527980    0.03486     2.0914    125.484     45.429  51000.934    31.5314     4.3106     45.000     4.3077    24.9980     7.2391    10.3454     98.349    315.413    323.298    0.00010    7.36064   10.51909  320.70913   16.46632 1.7338e+00     0.3819     0.3026    92.7145 0.0000e+00
        508  59.527995    0.03520     2.1121    126.725     46.439  51001.716    31.5315     4.3108     46.000     4.3077    24.9980     7.2358    10.3406     98.304    315.268    323.150   -0.00021    7.36061   10.51905  320.70783   16.46626 1.5668e+00     0.3716     0.3011    92.7494 0.0000e+00
        513  59.528008    0.03554     2.1321    127.928     47.450  51002.222    31.5314     4.3109     47.000     4.3078    24.9979     7.2386    10.3447     98.343    315.393    323.277   -0.00000    7.36060   10.51903  320.70740   16.46624 1.4165e+00     0.3777     0.3001    92.7718 0.0000e+00
        518  59.528023    0.03587     2.1525    129.150     48.455  51002.810    31.5313     4.3109     48.000     4.3077    24.9979     7.2309    10.3337     98.238    315.056    322.932   -0.00053    7.36059   10.51902  320.70691   16.46622 1.2837e+00     0.3842     0.2991    92.7959 0.0000e+00
        523  59.528038    0.03624     2.1744    130.461     49.470  51003.145    31.5310     4.3109     49.000     4.3076    24.9976     7.2312    10.3342     98.242    315.072    322.948   -0.00047    7.36061   10.51903  320.70754   16.46625 1.1612e+00     0.3857     0.2983    92.8130 0.0000e+00
        528  59.528053    0.03659     2.1955    131.728     50.480  51005.370    31.5321     4.3110     50.000     4.3080    24.9985     7.2312    10.3342     98.244    315.072    322.948   -0.00038    7.36054   10.51894  320.70440   16.46610 1.0506e+00     0.3811     0.2992    92.7939 0.0000e+00
        533  59.528067    0.03693     2.2161    132.966     51.483  51008.052    31.5336     4.3120     51.000     4.3089    24.9996     7.2326    10.3363     98.266    315.133    323.011   -0.00024    7.36028   10.51858  320.69295   16.46555 9.4833e-01     0.3825     0.3006    92.7608 0.0000e+00
        539  59.528083    0.03733     2.2400    134.399     52.499  51007.938    31.5332     4.3126     52.000     4.3092    24.9992     7.2360    10.3410     98.312    315.279    323.160   -0.00001    7.36020   10.51846  320.68958   16.46538 8.5635e-01     0.3917     0.2993    92.7910 0.0000e+00
        545  59.528101    0.03775     2.2647    135.882     53.509  51008.939    31.5333     4.3127     53.000     4.3091    24.9994     7.2340    10.3380     98.285    315.189    323.069   -0.00017    7.36018   10.51843  320.68870   16.46534 7.7399e-01     0.3771     0.2999    92.7771 0.0000e+00
