CTD-processing/allCTD/CNV/2022_04-12_ab_spogi_cast120_4141.cnv
* Sea-Bird SBE19plus Data File:
* FileName = C:\GWA\CTD\2022_04-12_AB\2022_04-12_T6_S02_cast120.hex
* Software Version 1.59
* Temperature SN =  4141
* Conductivity SN =  4141
* System UpLoad Time = Apr 13 2022 14:15:04
** Cook Inlet LTM AlongBay
** Date: 04-12-2022
** Station:SPOGI
** Start Time (AKDT):11:25
** Depth (m):103
** Comment:
** Comment:
# nquan = 27
# nvalues = 101                         
# units = specified
# name 0 = scan: Scan Count
# name 1 = timeJ: Julian Days
# name 2 = timeH: Time, Elapsed [hours]
# name 3 = timeM: Time, Elapsed [minutes]
# name 4 = timeS: Time, Elapsed [seconds]
# name 5 = prdM: Pressure, Strain Gauge [db]
# name 6 = specc: Specific Conductance [uS/cm]
# name 7 = sal00: Salinity, Practical [PSU]
# name 8 = tv290C: Temperature [ITS-90, deg C]
# name 9 = depSM: Depth [salt water, m], lat = 59.00
# name 10 = potemp090C: Potential Temperature [ITS-90, deg C]
# name 11 = sigma-é00: Density [sigma-theta, kg/m^3]
# name 12 = sbeox0ML/L: Oxygen, SBE 43 [ml/l]
# name 13 = sbeox0Mg/L: Oxygen, SBE 43 [mg/l]
# name 14 = sbeox0PS: Oxygen, SBE 43 [% saturation]
# name 15 = sbox0Mm/Kg: Oxygen, SBE 43 [umol/kg]
# name 16 = sbeox0Mm/L: Oxygen, SBE 43 [umol/l]
# name 17 = sbox0dV/dT: Oxygen, SBE 43 [dov/dt]
# name 18 = oxsolML/L: Oxygen Saturation, Garcia & Gordon [ml/l]
# name 19 = oxsolMg/L: Oxygen Saturation, Garcia & Gordon [mg/l]
# name 20 = oxsolMm/Kg: Oxygen Saturation, Garcia & Gordon [umol/kg]
# name 21 = n2satMg/L: Nitrogen Saturation [mg/l]
# name 22 = par: PAR/Irradiance, Biospherical/Licor
# name 23 = wetStar: Fluorescence, WET Labs WETstar [mg/m^3]
# name 24 = CStarAt0: Beam Attenuation, WET Labs C-Star [1/m]
# name 25 = CStarTr0: Beam Transmission, WET Labs C-Star [%]
# name 26 = flag: flag
# span 0 =         13,        811       
# span 1 = 102.475717, 102.478027       
# span 2 =    0.00081,    0.05627       
# span 3 =     0.0487,     3.3760       
# span 4 =      2.923,    202.561       
# span 5 =      1.011,    101.971       
# span 6 =  50796.623,  51162.153       
# span 7 =    31.4519,    31.6107       
# span 8 =     4.2889,     4.4515       
# span 9 =      1.000,    101.000       
# span 10 =     4.2822,     4.4171      
# span 11 =    24.9207,    25.0623      
# span 12 =     7.2352,     7.5387      
# span 13 =    10.3397,    10.7735      
# span 14 =     98.332,    102.709      
# span 15 =    315.223,    328.495      
# span 16 =    323.122,    336.677      
# span 17 =   -0.00102,    0.00881      
# span 18 =    7.33984,    7.36068      
# span 19 =   10.48937,   10.51916      
# span 20 =  319.83160,  320.69118      
# span 21 =   16.42490,   16.46516      
# span 22 = 4.6506e-02, 3.4787e+02      
# span 23 =     0.1977,     0.9271      
# span 24 =     0.1990,     2.6686      
# span 25 =    64.5127,    95.1470      
# span 26 = 0.0000e+00, 0.0000e+00      
# interval = meters: 1                  
# start_time = Apr 12 2022 11:24:59 [Instrument's time stamp, header]
# bad_flag = -9.990e-29
*END*
[from data line 54]
        571 102.477333    0.03960     2.3763    142.577     55.527  51124.702    31.6097     4.3051     55.000     4.3018    25.0607     7.2468    10.3565     98.492    315.731    323.643    0.00003    7.35773   10.51493  320.56285   16.45905 1.1671e+00     0.6239     0.2053    94.9971 0.0000e+00
        577 102.477348    0.03997     2.3980    143.877     56.538  51124.551    31.6092     4.3056     56.000     4.3018    25.0603     7.2457    10.3549     98.479    315.685    323.596   -0.00013    7.35768   10.51486  320.56075   16.45894 1.0607e+00     0.7548     0.1998    95.1262 0.0000e+00
        581 102.477362    0.04031     2.4182    145.090     57.543  51125.054    31.6089     4.3049     57.000     4.3005    25.0601     7.2446    10.3532     98.461    315.634    323.544   -0.00023    7.35781   10.51505  320.56648   16.45922 9.6927e-01     0.6972     0.2018    95.0798 0.0000e+00
        587 102.477378    0.04068     2.4406    146.436     58.556  51125.733    31.6084     4.3028     58.000     4.2979    25.0599     7.2474    10.3573     98.494    315.757    323.669   -0.00009    7.35822   10.51563  320.58420   16.46007 8.8438e-01     0.6163     0.2028    95.0552 0.0000e+00
        592 102.477393    0.04104     2.4624    147.747     59.568  51130.271    31.6107     4.3017     59.000     4.2988    25.0619     7.2469    10.3565     98.485    315.732    323.644   -0.00015    7.35829   10.51574  320.58704   16.46019 8.1002e-01     0.6425     0.2054    94.9942 0.0000e+00
        597 102.477408    0.04141     2.4843    149.060     60.577  51128.902    31.6097     4.3038     60.000     4.3001    25.0609     7.2471    10.3569     98.494    315.745    323.658   -0.00012    7.35797   10.51527  320.57298   16.45953 7.3960e-01     0.6154     0.2057    94.9864 0.0000e+00
        602 102.477423    0.04177     2.5059    150.354     61.579  51129.039    31.6094     4.3042     61.000     4.3002    25.0606     7.2468    10.3564     98.490    315.729    323.641   -0.00017    7.35791   10.51519  320.57061   16.45942 6.7670e-01     0.7429     0.2024    95.0657 0.0000e+00
        608 102.477439    0.04215     2.5290    151.743     62.601  51129.246    31.6091     4.3042     62.000     4.2996    25.0603     7.2437    10.3520     98.448    315.597    323.505   -0.00034    7.35792   10.51522  320.57130   16.45945 6.1298e-01     0.5995     0.2022    95.0707 0.0000e+00
        613 102.477453    0.04248     2.5487    152.921     63.600  51130.966    31.6094     4.3026     63.000     4.2985    25.0608     7.2450    10.3539     98.462    315.653    323.564   -0.00034    7.35820   10.51562  320.58356   16.46003 5.6021e-01     0.5989     0.2035    95.0405 0.0000e+00
        618 102.477469    0.04287     2.5722    154.331     64.618  51129.402    31.6077     4.3026     64.000     4.2968    25.0595     7.2444    10.3530     98.453    315.628    323.538   -0.00024    7.35829   10.51572  320.58738   16.46022 5.1265e-01     0.5725     0.2051    95.0020 0.0000e+00
        623 102.477483    0.04320     2.5920    155.520     65.621  51134.785    31.6105     4.3007     65.000     4.2976    25.0619     7.2449    10.3537     98.457    315.647    323.557   -0.00028    7.35849   10.51601  320.59527   16.46059 4.6722e-01     0.6555     0.2032    95.0477 0.0000e+00
        628 102.477498    0.04356     2.6140    156.839     66.640  51133.564    31.6098     4.3031     66.000     4.2986    25.0610     7.2488    10.3593     98.515    315.818    323.733    0.00006    7.35811   10.51547  320.57905   16.45982 4.2849e-01     0.6803     0.2039    95.0290 0.0000e+00
        633 102.477511    0.04387     2.6323    157.940     67.638  51131.260    31.6071     4.3010     67.000     4.2947    25.0592     7.2442    10.3527     98.446    315.618    323.527   -0.00035    7.35860   10.51618  320.60108   16.46088 3.9335e-01     0.6052     0.1998    95.1257 0.0000e+00
        638 102.477527    0.04425     2.6549    159.296     68.656  51136.125    31.6092     4.2978     68.000     4.2932    25.0612     7.2428    10.3507     98.420    315.554    323.463   -0.00045    7.35907   10.51685  320.62096   16.46182 3.6000e-01     0.6154     0.2045    95.0174 0.0000e+00
        643 102.477541    0.04459     2.6758    160.547     69.662  51136.802    31.6092     4.2980     69.000     4.2932    25.0611     7.2428    10.3507     98.420    315.556    323.464   -0.00039    7.35904   10.51680  320.61951   16.46175 3.2890e-01     0.5227     0.1990    95.1470 0.0000e+00
        649 102.477557    0.04497     2.6980    161.882     70.674  51137.386    31.6089     4.2969     70.000     4.2919    25.0610     7.2409    10.3480     98.392    315.473    323.379   -0.00045    7.35924   10.51709  320.62833   16.46217 3.0241e-01     0.7043     0.2020    95.0754 0.0000e+00
        654 102.477571    0.04532     2.7191    163.145     71.682  51138.982    31.6094     4.2966     71.000     4.2919    25.0615     7.2414    10.3487     98.398    315.495    323.402   -0.00037    7.35928   10.51714  320.62972   16.46223 2.7653e-01     0.6260     0.2039    95.0318 0.0000e+00
        659 102.477586    0.04566     2.7396    164.375     72.694  51139.969    31.6096     4.2969     72.000     4.2922    25.0616     7.2443    10.3529     98.439    315.621    323.532   -0.00013    7.35922   10.51707  320.62741   16.46212 2.5400e-01     0.5154     0.2057    94.9851 0.0000e+00
        664 102.477600    0.04601     2.7606    165.636     73.702  51140.097    31.6093     4.2974     73.000     4.2928    25.0613     7.2458    10.3550     98.460    315.686    323.597   -0.00006    7.35913   10.51693  320.62341   16.46193 2.3332e-01     0.6240     0.2053    94.9975 0.0000e+00
        669 102.477615    0.04638     2.7825    166.947     74.709  51140.325    31.6090     4.2976     74.000     4.2924    25.0611     7.2460    10.3552     98.462    315.693    323.605   -0.00008    7.35912   10.51691  320.62313   16.46192 2.1489e-01     0.6338     0.2018    95.0802 0.0000e+00
        674 102.477630    0.04675     2.8047    168.283     75.724  51141.949    31.6096     4.2975     75.000     4.2928    25.0616     7.2435    10.3517     98.429    315.585    323.495   -0.00025    7.35910   10.51690  320.62230   16.46187 1.9716e-01     0.7901     0.2061    94.9779 0.0000e+00
        679 102.477646    0.04710     2.8262    169.570     76.731  51142.232    31.6095     4.2984     76.000     4.2937    25.0614     7.2443    10.3529     98.443    315.623    323.532   -0.00021    7.35895   10.51668  320.61566   16.46156 1.8222e-01     0.7657     0.2039    95.0294 0.0000e+00
        685 102.477661    0.04748     2.8488    170.925     77.742  51142.733    31.6096     4.2993     77.000     4.2945    25.0613     7.2445    10.3530     98.446    315.627    323.536   -0.00018    7.35879   10.51645  320.60880   16.46123 1.6709e-01     0.5654     0.2063    94.9741 0.0000e+00
        690 102.477677    0.04785     2.8710    172.260     78.751  51141.152    31.6081     4.2996     78.000     4.2934    25.0601     7.2386    10.3447     98.366    315.373    323.276   -0.00058    7.35881   10.51647  320.60980   16.46129 1.5494e-01     0.5484     0.2006    95.1083 0.0000e+00
        695 102.477691    0.04820     2.8923    173.539     79.759  51145.678    31.6102     4.2980     79.000     4.2936    25.0620     7.2362    10.3412     98.332    315.268    323.169   -0.00059    7.35898   10.51673  320.61703   16.46162 1.4285e-01     0.5700     0.2053    94.9969 0.0000e+00
        701 102.477707    0.04859     2.9153    174.916     80.772  51141.536    31.6070     4.2982     80.000     4.2911    25.0594     7.2369    10.3423     98.340    315.299    323.201   -0.00051    7.35911   10.51691  320.62334   16.46194 1.3240e-01     0.6636     0.2023    95.0689 0.0000e+00
        706 102.477723    0.04896     2.9375    176.248     81.779  51146.711    31.6093     4.2951     81.000     4.2895    25.0616     7.2391    10.3454     98.363    315.394    323.298   -0.00028    7.35956   10.51754  320.64193   16.46281 1.2267e-01     0.6021     0.2010    95.0980 0.0000e+00
        711 102.477737    0.04932     2.9590    177.539     82.793  51145.507    31.6077     4.2941     82.000     4.2872    25.0604     7.2435    10.3516     98.418    315.584    323.493   -0.00001    7.35982   10.51792  320.65377   16.46338 1.1366e-01     0.5197     0.2034    95.0414 0.0000e+00
        716 102.477752    0.04965     2.9791    178.747     83.800  51147.840    31.6081     4.2910     83.000     4.2849    25.0610     7.2448    10.3536     98.430    315.644    323.554   -0.00001    7.36035   10.51867  320.67673   16.46448 1.0653e-01     0.6120     0.2037    95.0343 0.0000e+00
        721 102.477766    0.05000     3.0002    180.013     84.811  51150.869    31.6097     4.2909     84.000     4.2858    25.0623     7.2459    10.3552     98.446    315.690    323.603    0.00000    7.36028   10.51858  320.67347   16.46431 1.0136e-01     0.6227     0.2032    95.0478 0.0000e+00
        726 102.477781    0.05036     3.0212    181.273     85.815  51151.185    31.6097     4.2924     85.000     4.2872    25.0622     7.2468    10.3564     98.462    315.729    323.643    0.00004    7.36001   10.51819  320.66176   16.46375 9.4199e-02     0.5878     0.2055    94.9925 0.0000e+00
        732 102.477798    0.05076     3.0456    182.737     86.836  51150.658    31.6090     4.2931     86.000     4.2872    25.0615     7.2433    10.3513     98.414    315.574    323.482   -0.00030    7.35992   10.51807  320.65811   16.46358 8.7695e-02     0.5786     0.2028    95.0556 0.0000e+00
        737 102.477812    0.05108     3.0652    183.910     87.838  51151.404    31.6088     4.2924     87.000     4.2862    25.0615     7.2494    10.3602     98.497    315.843    323.759    0.00012    7.36005   10.51824  320.66339   16.46383 8.2346e-02     0.6055     0.2013    95.0928 0.0000e+00
        742 102.477826    0.05144     3.0865    185.189     88.850  51152.121    31.6086     4.2914     88.000     4.2854    25.0614     7.2485    10.3587     98.482    315.802    323.716   -0.00001    7.36023   10.51852  320.67177   16.46423 7.7776e-02     0.5532     0.2062    94.9755 0.0000e+00
        747 102.477840    0.05178     3.1070    186.422     89.856  51154.423    31.6097     4.2917     89.000     4.2862    25.0623     7.2472    10.3571     98.466    315.749    323.662   -0.00019    7.36013   10.51837  320.66688   16.46400 7.4055e-02     0.6703     0.2066    94.9667 0.0000e+00
        752 102.477857    0.05218     3.1310    187.857     90.871  51153.669    31.6089     4.2927     90.000     4.2865    25.0616     7.2478    10.3578     98.475    315.772    323.686   -0.00012    7.36000   10.51817  320.66109   16.46373 7.0350e-02     0.5721     0.2020    95.0757 0.0000e+00
        758 102.477873    0.05256     3.1538    189.231     91.878  51152.551    31.6072     4.2909     91.000     4.2837    25.0604     7.2483    10.3585     98.477    315.795    323.710   -0.00013    7.36040   10.51875  320.67923   16.46460 6.6691e-02     0.5071     0.1997    95.1307 0.0000e+00
        763 102.477889    0.05295     3.1770    190.619     92.891  51155.788    31.6085     4.2889     92.000     4.2827    25.0616     7.2471    10.3568     98.456    315.740    323.653   -0.00026    7.36068   10.51916  320.69118   16.46516 6.3324e-02     0.5400     0.2038    95.0320 0.0000e+00
        769 102.477905    0.05332     3.1996    191.978     93.899  51157.424    31.6091     4.2889     93.000     4.2827    25.0621     7.2490    10.3595     98.483    315.825    323.740   -0.00012    7.36067   10.51913  320.69032   16.46511 5.9651e-02     0.5469     0.2047    95.0118 0.0000e+00
        774 102.477919    0.05368     3.2206    193.235     94.907  51157.807    31.6089     4.2890     94.000     4.2827    25.0620     7.2490    10.3595     98.483    315.824    323.739   -0.00013    7.36065   10.51911  320.68982   16.46509 5.7340e-02     0.6172     0.2037    95.0369 0.0000e+00
        779 102.477934    0.05404     3.2420    194.521     95.922  51158.290    31.6087     4.2889     95.000     4.2826    25.0618     7.2453    10.3543     98.433    315.665    323.576   -0.00037    7.36067   10.51915  320.69074   16.46514 5.5665e-02     0.6324     0.2047    95.0124 0.0000e+00
        784 102.477949    0.05440     3.2637    195.823     96.926  51158.925    31.6087     4.2891     96.000     4.2827    25.0618     7.2432    10.3513     98.405    315.574    323.483   -0.00050    7.36065   10.51910  320.68952   16.46508 5.4661e-02     0.6247     0.2046    95.0140 0.0000e+00
        790 102.477966    0.05480     3.2881    197.287     97.943  51159.688    31.6087     4.2893     97.000     4.2828    25.0618     7.2489    10.3594     98.481    315.820    323.735   -0.00003    7.36063   10.51907  320.68846   16.46503 5.2467e-02     0.6353     0.2001    95.1213 0.0000e+00
        795 102.477980    0.05514     3.3083    198.499     98.949  51160.459    31.6088     4.2893     98.000     4.2828    25.0618     7.2477    10.3577     98.466    315.768    323.682   -0.00012    7.36061   10.51905  320.68791   16.46500 5.1003e-02     0.5491     0.2012    95.0953 0.0000e+00
        800 102.477995    0.05549     3.3289    199.734     99.954  51160.831    31.6086     4.2895     99.000     4.2829    25.0617     7.2469    10.3566     98.455    315.733    323.646   -0.00020    7.36058   10.51902  320.68682   16.46495 4.9394e-02     0.6168     0.2020    95.0749 0.0000e+00
        806 102.478011    0.05589     3.3533    201.199    100.971  51161.582    31.6085     4.2895    100.000     4.2826    25.0617     7.2471    10.3568     98.458    315.740    323.653   -0.00022    7.36059   10.51901  320.68696   16.46496 4.8164e-02     0.5914     0.2019    95.0777 0.0000e+00
        811 102.478027    0.05627     3.3760    202.561    101.971  51162.153    31.6084     4.2892    101.000     4.2822    25.0615     7.2484    10.3586     98.475    315.798    323.712   -0.00012    7.36064   10.51909  320.68917   16.46507 4.6506e-02     0.6769     0.2036    95.0362 0.0000e+00
