CTD-processing/allCTD/CNV/2022_03-01_t9_s03_cast090_4141.cnv
* Sea-Bird SBE19plus Data File:
* FileName = C:\Users\steve\Desktop\GWA\CTD\2022_03-01_T9\2022_03-01_T9_S0_cast090.hex
* Software Version 1.59
* Temperature SN =  4141
* Conductivity SN =  4141
* System UpLoad Time = Mar 03 2022 15:20:12
** Cook Inlet LTM T9
** Date: 03-01-2022
** Station:S03
** Start Time (AKST):13:34
** Depth (m):96
** Comment:
** Comment:
# nquan = 27
# nvalues = 92                          
# units = specified
# name 0 = scan: Scan Count
# name 1 = timeJ: Julian Days
# name 2 = timeH: Time, Elapsed [hours]
# name 3 = timeM: Time, Elapsed [minutes]
# name 4 = timeS: Time, Elapsed [seconds]
# name 5 = prdM: Pressure, Strain Gauge [db]
# name 6 = specc: Specific Conductance [uS/cm]
# name 7 = sal00: Salinity, Practical [PSU]
# name 8 = tv290C: Temperature [ITS-90, deg C]
# name 9 = depSM: Depth [salt water, m], lat = 59.00
# name 10 = potemp090C: Potential Temperature [ITS-90, deg C]
# name 11 = sigma-é00: Density [sigma-theta, kg/m^3]
# name 12 = sbeox0ML/L: Oxygen, SBE 43 [ml/l]
# name 13 = sbeox0Mg/L: Oxygen, SBE 43 [mg/l]
# name 14 = sbeox0PS: Oxygen, SBE 43 [% saturation]
# name 15 = sbox0Mm/Kg: Oxygen, SBE 43 [umol/kg]
# name 16 = sbeox0Mm/L: Oxygen, SBE 43 [umol/l]
# name 17 = sbox0dV/dT: Oxygen, SBE 43 [dov/dt]
# name 18 = oxsolML/L: Oxygen Saturation, Garcia & Gordon [ml/l]
# name 19 = oxsolMg/L: Oxygen Saturation, Garcia & Gordon [mg/l]
# name 20 = oxsolMm/Kg: Oxygen Saturation, Garcia & Gordon [umol/kg]
# name 21 = n2satMg/L: Nitrogen Saturation [mg/l]
# name 22 = par: PAR/Irradiance, Biospherical/Licor
# name 23 = wetStar: Fluorescence, WET Labs WETstar [mg/m^3]
# name 24 = CStarAt0: Beam Attenuation, WET Labs C-Star [1/m]
# name 25 = CStarTr0: Beam Transmission, WET Labs C-Star [%]
# name 26 = flag: flag
# span 0 =        294,        730       
# span 1 =  60.566426,  60.567686       
# span 2 =    0.02032,    0.05060       
# span 3 =     1.2193,     3.0354       
# span 4 =     73.157,    182.127       
# span 5 =      1.011,     92.881       
# span 6 =  50980.898,  51414.225       
# span 7 =    31.3666,    31.5652       
# span 8 =     3.3721,     3.7068       
# span 9 =      1.000,     92.000       
# span 10 =     3.3680,     3.7060      
# span 11 =    24.9354,    25.1113      
# span 12 =     6.9545,     7.0740      
# span 13 =     9.9386,    10.1094      
# span 14 =     92.717,     94.498      
# span 15 =    303.031,    308.197      
# span 16 =    310.587,    315.925      
# span 17 =   -0.00142,    0.01042      
# span 18 =    7.47291,    7.53218      
# span 19 =   10.67953,   10.76424      
# span 20 =  325.59772,  328.15817      
# span 21 =   16.69903,   16.82053      
# span 22 = 3.6907e-02, 9.2262e+01      
# span 23 =     0.1836,     0.5541      
# span 24 =     0.4901,     1.0825      
# span 25 =    76.2918,    88.4682      
# span 26 = 0.0000e+00, 0.0000e+00      
# interval = meters: 1                  
# start_time = Mar 01 2022 13:34:26 [Instrument's time stamp, header]
# bad_flag = -9.990e-29
*END*
[from data line 54]
        549  60.567165    0.03808     2.2846    137.078     55.525  51221.880    31.4984     3.5676     55.000     3.5618    25.0420     7.0535    10.0802     94.083    307.314    315.010   -0.00055    7.49709   10.71409  326.64040   16.74848 1.0227e-01     0.3647     0.5843    86.4095 0.0000e+00
        554  60.567180    0.03843     2.3062    138.373     56.536  51221.444    31.4951     3.5575     56.000     3.5503    25.0403     7.0569    10.0851     94.104    307.465    315.164   -0.00035    7.49912   10.71700  326.72966   16.75273 9.1908e-02     0.3713     0.5885    86.3181 0.0000e+00
        559  60.567195    0.03878     2.3270    139.622     57.546  51224.084    31.4946     3.5506     57.000     3.5409    25.0406     7.0578    10.0862     94.098    307.499    315.198   -0.00035    7.50043   10.71886  326.78622   16.75543 8.3410e-02     0.3528     0.5894    86.3006 0.0000e+00
        565  60.567211    0.03916     2.3496    140.976     58.555  51239.563    31.5011     3.5365     58.000     3.5333    25.0470     7.0544    10.0814     94.024    307.349    315.048   -0.00070    7.50270   10.72210  326.88311   16.76000 7.5905e-02     0.3656     0.5931    86.2203 0.0000e+00
        570  60.567225    0.03952     2.3715    142.288     59.567  51240.138    31.5015     3.5388     59.000     3.5358    25.0471     7.0523    10.0784     94.002    307.257    314.953   -0.00061    7.50224   10.72145  326.86304   16.75905 6.9848e-02     0.3653     0.5934    86.2139 0.0000e+00
        575  60.567240    0.03986     2.3918    143.507     60.577  51235.082    31.4969     3.5360     60.000     3.5295    25.0437     7.0563    10.0841     94.045    307.433    315.133   -0.00035    7.50301   10.72255  326.89761   16.76071 6.4200e-02     0.3605     0.5983    86.1078 0.0000e+00
        580  60.567253    0.04019     2.4113    144.675     61.583  51243.946    31.5013     3.5316     61.000     3.5289    25.0476     7.0561    10.0839     94.036    307.424    315.124   -0.00034    7.50359   10.72338  326.92168   16.76184 5.9755e-02     0.3618     0.5984    86.1052 0.0000e+00
        585  60.567267    0.04053     2.4314    145.883     62.600  51234.653    31.4950     3.5336     62.000     3.5242    25.0424     7.0582    10.0868     94.065    307.519    315.220   -0.00020    7.50354   10.72330  326.92110   16.76183 5.5916e-02     0.3582     0.5972    86.1297 0.0000e+00
        589  60.567280    0.04082     2.4493    146.960     63.599  51232.361    31.4881     3.5146     63.000     3.4992    25.0386     7.0612    10.0912     94.057    307.651    315.354   -0.00022    7.50740   10.72882  327.09040   16.76991 5.3173e-02     0.3701     0.6086    85.8867 0.0000e+00
        594  60.567294    0.04117     2.4704    148.225     64.616  51262.607    31.5030     3.4938     64.000     3.4890    25.0523     7.0578    10.0863     93.973    307.498    315.201   -0.00063    7.51048   10.73323  327.22051   16.77603 5.0194e-02     0.3558     0.6138    85.7743 0.0000e+00
        598  60.567307    0.04149     2.4892    149.354     65.627  51252.272    31.4937     3.4870     65.000     3.4756    25.0456     7.0603    10.0898     93.984    307.607    315.311   -0.00046    7.51221   10.73571  327.29824   16.77976 4.7965e-02     0.3414     0.6161    85.7255 0.0000e+00
        603  60.567320    0.04180     2.5076    150.456     66.629  51258.412    31.4935     3.4715     66.000     3.4577    25.0467     7.0609    10.0906     93.955    307.632    315.338   -0.00062    7.51511   10.73984  327.42383   16.78574 4.5791e-02     0.3369     0.6207    85.6266 0.0000e+00
        608  60.567336    0.04216     2.5299    151.795     67.648  51270.735    31.4939     3.4421     67.000     3.4288    25.0497     7.0605    10.0902     93.883    307.616    315.322   -0.00078    7.52053   10.74759  327.65901   16.79691 4.4008e-02     0.3400     0.6202    85.6381 0.0000e+00
        613  60.567349    0.04248     2.5491    152.943     68.651  51282.197    31.4963     3.4228     68.000     3.4134    25.0533     7.0567    10.0848     93.790    307.450    315.153   -0.00110    7.52398   10.75252  327.80823   16.80399 4.2784e-02     0.3261     0.6233    85.5720 0.0000e+00
        618  60.567363    0.04283     2.5696    154.179     69.662  51291.941    31.5006     3.4159     69.000     3.4075    25.0574     7.0589    10.0879     93.806    307.545    315.252   -0.00085    7.52504   10.75404  327.85323   16.80611 4.1526e-02     0.3196     0.6254    85.5255 0.0000e+00
        623  60.567378    0.04319     2.5916    155.499     70.675  51296.446    31.4991     3.3998     70.000     3.3900    25.0575     7.0599    10.0893     93.781    307.589    315.296   -0.00077    7.52812   10.75843  327.98715   16.81249 4.0435e-02     0.3222     0.6239    85.5588 0.0000e+00
        628  60.567393    0.04354     2.6126    156.754     71.681  51310.716    31.5049     3.3866     71.000     3.3785    25.0633     7.0648    10.0963     93.819    307.800    315.515   -0.00048    7.53027   10.76150  328.07898   16.81683 3.9438e-02     0.3015     0.6290    85.4492 0.0000e+00
        633  60.567408    0.04391     2.6344    158.061     72.696  51320.555    31.5092     3.3797     72.000     3.3734    25.0674     7.0717    10.1063     93.898    308.102    315.826   -0.00004    7.53133   10.76302  328.12384   16.81894 3.8745e-02     0.3007     0.6304    85.4173 0.0000e+00
        638  60.567421    0.04423     2.6534    159.205     73.701  51331.055    31.5144     3.3740     73.000     3.3680    25.0720     7.0740    10.1094     93.918    308.197    315.925    0.00004    7.53212   10.76416  328.15716   16.82051 3.8517e-02     0.2946     0.6344    85.3332 0.0000e+00
        642  60.567435    0.04454     2.6726    160.356     74.710  51340.518    31.5199     3.3721     74.000     3.3682    25.0765     7.0740    10.1093     93.916    308.193    315.922   -0.00006    7.53218   10.76424  328.15817   16.82053 3.7822e-02     0.2793     0.6447    85.1141 0.0000e+00
        647  60.567449    0.04489     2.6932    161.592     75.723  51353.949    31.5290     3.3742     75.000     3.3776    25.0837     7.0670    10.0994     93.834    307.888    315.611   -0.00044    7.53132   10.76301  328.11852   16.81861 3.7385e-02     0.2753     0.6397    85.2208 0.0000e+00
        652  60.567462    0.04521     2.7124    162.745     76.732  51362.394    31.5410     3.4010     76.000     3.4070    25.0909     7.0657    10.0976     93.887    307.829    315.553   -0.00022    7.52574   10.75505  327.87315   16.80690 3.7032e-02     0.2606     0.6555    84.8848 0.0000e+00
        657  60.567476    0.04554     2.7322    163.931     77.740  51351.052    31.5379     3.4210     77.000     3.4204    25.0866     7.0720    10.1066     94.015    308.107    315.836    0.00045    7.52220   10.74997  327.71989   16.79963 3.6927e-02     0.2748     0.6796    84.3759 0.0000e+00
        662  60.567491    0.04588     2.7532    165.195     78.755  51345.599    31.5351     3.4267     78.000     3.4214    25.0839     7.0663    10.0985     93.951    307.860    315.582    0.00003    7.52129   10.74867  327.68124   16.79780 3.6907e-02     0.2689     0.6922    84.1090 0.0000e+00
        666  60.567503    0.04619     2.7714    166.287     79.758  51353.866    31.5399     3.4256     79.000     3.4198    25.0879     7.0572    10.0855     93.830    307.462    315.175   -0.00066    7.52125   10.74861  327.67809   16.79763 3.6920e-02     0.2854     0.7083    83.7720 0.0000e+00
        671  60.567517    0.04652     2.7908    167.448     80.769  51364.462    31.5458     3.4224     80.000     3.4164    25.0928     7.0540    10.0808     93.783    307.317    315.029   -0.00071    7.52153   10.74902  327.68901   16.79813 3.6908e-02     0.2752     0.7403    83.1050 0.0000e+00
        676  60.567531    0.04686     2.8117    168.700     81.785  51367.079    31.5462     3.4192     81.000     3.4116    25.0934     7.0498    10.0749     93.722    307.139    314.845   -0.00087    7.52210   10.74984  327.71374   16.79930 3.6908e-02     0.2792     0.7695    82.5005 0.0000e+00
        680  60.567544    0.04717     2.8304    169.825     82.786  51374.771    31.5490     3.4118     82.000     3.4041    25.0964     7.0395    10.0602     93.570    306.690    314.386   -0.00142    7.52334   10.75160  327.76642   16.80179 3.6908e-02     0.2633     0.7847    82.1861 0.0000e+00
        685  60.567559    0.04753     2.8519    171.113     83.804  51382.573    31.5527     3.4071     83.000     3.4020    25.0996     7.0391    10.0596     93.555    306.669    314.366   -0.00122    7.52401   10.75257  327.79502   16.80314 3.6908e-02     0.2443     0.7934    82.0087 0.0000e+00
        690  60.567573    0.04786     2.8717    172.303     84.807  51383.941    31.5529     3.4065     84.000     3.4012    25.0999     7.0432    10.0654     93.608    306.847    314.549   -0.00072    7.52412   10.75272  327.79940   16.80335 3.6908e-02     0.2392     0.7979    81.9168 0.0000e+00
        695  60.567588    0.04822     2.8931    173.584     85.824  51385.548    31.5531     3.4054     85.000     3.3996    25.1002     7.0424    10.0642     93.595    306.812    314.513   -0.00059    7.52431   10.75299  327.80766   16.80374 3.6908e-02     0.2465     0.7982    81.9111 0.0000e+00
        700  60.567601    0.04854     2.9125    174.750     86.829  51387.292    31.5535     3.4039     86.000     3.3983    25.1006     7.0425    10.0644     93.593    306.815    314.516   -0.00053    7.52456   10.75335  327.81850   16.80425 3.6908e-02     0.2442     0.8059    81.7517 0.0000e+00
        705  60.567615    0.04887     2.9323    175.938     87.841  51390.664    31.5551     3.4032     87.000     3.3981    25.1019     7.0428    10.0649     93.597    306.830    314.532   -0.00044    7.52462   10.75344  327.82072   16.80435 3.6908e-02     0.2304     0.8161    81.5452 0.0000e+00
        710  60.567629    0.04921     2.9522    177.131     88.849  51396.824    31.5585     3.4024     88.000     3.3951    25.1048     7.0402    10.0612     93.563    306.716    314.416   -0.00055    7.52460   10.75339  327.81847   16.80423 3.6908e-02     0.2360     0.8377    81.1050 0.0000e+00
        714  60.567643    0.04954     2.9727    178.361     89.860  51405.396    31.5624     3.3968     89.000     3.3905    25.1083     7.0439    10.0663     93.600    306.872    314.577   -0.00024    7.52543   10.75459  327.85392   16.80590 3.6908e-02     0.2422     0.9645    78.5801 0.0000e+00
        719  60.567656    0.04987     2.9922    179.534     90.869  51410.348    31.5647     3.3947     90.000     3.3894    25.1104     7.0362    10.0554     93.496    306.538    314.235   -0.00074    7.52569   10.75496  327.86446   16.80639 3.6908e-02     0.2320     1.0270    77.3561 0.0000e+00
        724  60.567671    0.05021     3.0127    180.760     91.876  51409.304    31.5634     3.3943     91.000     3.3875    25.1093     7.0349    10.0535     93.476    306.481    314.177   -0.00069    7.52585   10.75519  327.87173   16.80674 3.6908e-02     0.2273     1.0480    76.9502 0.0000e+00
        730  60.567686    0.05060     3.0354    182.127     92.881  51414.225    31.5652     3.3908     92.000     3.3854    25.1113     7.0296    10.0461     93.399    306.255    313.945   -0.00089    7.52641   10.75600  327.89598   16.80789 3.6908e-02     0.2357     1.0825    76.2918 0.0000e+00
