CTD-processing/allCTD/CNV/2022_06-24_ab_s03_cast179_4141.cnv
* Sea-Bird SBE19plus Data File:
* FileName = C:\GWA\CTD\2022_06-24_AB\2022_06-24_AB_S01_cast179.hex
* Software Version 1.59
* Temperature SN =  4141
* Conductivity SN =  4141
* System UpLoad Time = Jun 29 2022 14:40:42
** Cook Inlet LTM AlongBay
** Date: 06-24-2022
** Station:AB03
** Start Time (AKDT):10:44
** Depth (m):109
** Comment:
** Comment:
# nquan = 27
# nvalues = 107                         
# units = specified
# name 0 = scan: Scan Count
# name 1 = timeJ: Julian Days
# name 2 = timeH: Time, Elapsed [hours]
# name 3 = timeM: Time, Elapsed [minutes]
# name 4 = timeS: Time, Elapsed [seconds]
# name 5 = prdM: Pressure, Strain Gauge [db]
# name 6 = specc: Specific Conductance [uS/cm]
# name 7 = sal00: Salinity, Practical [PSU]
# name 8 = tv290C: Temperature [ITS-90, deg C]
# name 9 = depSM: Depth [salt water, m], lat = 59.00
# name 10 = potemp090C: Potential Temperature [ITS-90, deg C]
# name 11 = sigma-é00: Density [sigma-theta, kg/m^3]
# name 12 = sbeox0ML/L: Oxygen, SBE 43 [ml/l]
# name 13 = sbeox0Mg/L: Oxygen, SBE 43 [mg/l]
# name 14 = sbeox0PS: Oxygen, SBE 43 [% saturation]
# name 15 = sbox0Mm/Kg: Oxygen, SBE 43 [umol/kg]
# name 16 = sbeox0Mm/L: Oxygen, SBE 43 [umol/l]
# name 17 = sbox0dV/dT: Oxygen, SBE 43 [dov/dt]
# name 18 = oxsolML/L: Oxygen Saturation, Garcia & Gordon [ml/l]
# name 19 = oxsolMg/L: Oxygen Saturation, Garcia & Gordon [mg/l]
# name 20 = oxsolMm/Kg: Oxygen Saturation, Garcia & Gordon [umol/kg]
# name 21 = n2satMg/L: Nitrogen Saturation [mg/l]
# name 22 = par: PAR/Irradiance, Biospherical/Licor
# name 23 = wetStar: Fluorescence, WET Labs WETstar [mg/m^3]
# name 24 = CStarAt0: Beam Attenuation, WET Labs C-Star [1/m]
# name 25 = CStarTr0: Beam Transmission, WET Labs C-Star [%]
# name 26 = flag: flag
# span 0 =        354,        949       
# span 1 = 175.448231, 175.449954       
# span 2 =    0.02450,    0.06584       
# span 3 =     1.4700,     3.9506       
# span 4 =     88.199,    237.034       
# span 5 =      1.012,    108.026       
# span 6 =  48450.892,  50436.027       
# span 7 =    30.9739,    31.6427       
# span 8 =     6.3498,    11.8630       
# span 9 =      1.000,    107.000       
# span 10 =     6.3407,    11.6907      
# span 11 =    23.4890,    24.7781      
# span 12 =     6.8539,     9.4399      
# span 13 =     9.7948,    13.4906      
# span 14 =     97.750,    144.319      
# span 15 =    298.691,    411.578      
# span 16 =    306.092,    421.585      
# span 17 =   -0.05128,    0.02870      
# span 18 =    6.22510,    7.01153      
# span 19 =    8.89629,   10.02018      
# span 20 =  271.63269,  305.56363      
# span 21 =   14.12578,   15.74516      
# span 22 = 3.6907e-02, 4.2868e+02      
# span 23 =     0.1318,    13.1320      
# span 24 =     0.3795,     2.2260      
# span 25 =    57.3213,    90.9494      
# span 26 = 0.0000e+00, 0.0000e+00      
# interval = meters: 1                  
# start_time = Jun 24 2022 10:43:59 [Instrument's time stamp, header]
# bad_flag = -9.990e-29
*END*
        354 175.448231    0.02450     1.4700     88.199      1.012  48450.892    30.9739    11.8630      1.000    11.6907    23.4890     7.8633    11.2374    126.279    343.115    351.174   -0.00011    6.22510    8.89629  271.63269   14.12578 4.2868e+02     0.2258     0.5989    82.8875 0.0000e+00
        418 175.448417    0.02896     1.7377    104.260      2.019  48698.415    31.0971    11.3665      2.000    11.2870    23.6738     8.1933    11.7090    130.332    357.449    365.912   -0.00902    6.28628    8.98372  274.25261   14.25084 3.5163e+02     0.2082     0.5923    86.0733 0.0000e+00
        426 175.448440    0.02951     1.7708    106.248      3.028  48755.517    31.1219    11.2245      3.000    11.1594    23.7182     8.3686    11.9595    132.741    365.081    373.740    0.00445    6.30437    9.00958  275.03008   14.28800 2.8129e+02     0.2108     0.6135    85.7804 0.0000e+00
        431 175.448454    0.02984     1.7908    107.446      4.037  48782.644    31.1207    11.0438      4.000    10.9652    23.7488     8.5929    12.2801    135.771    374.857    383.760    0.02240    6.32891    9.04464  276.09203   14.33887 2.2919e+02     0.2472     0.6171    85.7028 0.0000e+00
        436 175.448470    0.03023     1.8137    108.820      5.046  48866.297    31.1575    10.8501      5.000    10.7863    23.8110     8.6744    12.3967    136.523    378.391    387.401    0.01828    6.35385    9.08029  277.16333   14.39002 2.3887e+02     0.3103     0.6352    85.3166 0.0000e+00
        443 175.448488    0.03066     1.8396    110.378      6.059  48815.756    31.0862    10.5483      6.000    10.3204    23.8068     8.7966    12.5712    137.483    383.720    392.855    0.01613    6.39835    9.14388  279.10563   14.48330 1.8709e+02     0.3916     0.7506    82.9079 0.0000e+00
        447 175.448502    0.03100     1.8603    111.619      7.066  49164.394    31.2681    10.0251      7.000     9.8920    24.0353     8.8783    12.6880    137.346    387.200    396.506    0.00915    6.46415    9.23792  281.91293   14.61691 1.6281e+02     0.5703     1.0306    77.2900 0.0000e+00
        453 175.448517    0.03136     1.8815    112.892      8.077  49385.608    31.3902     9.7625      8.000     9.7259    24.1733     9.0691    12.9606    139.603    395.464    405.024    0.01789    6.49631    9.28388  283.27762   14.68171 1.2899e+02     1.8308     0.8940    79.9725 0.0000e+00
        457 175.448531    0.03170     1.9019    114.115      9.083  49479.473    31.4473     9.6965      9.000     9.6665    24.2285     9.2689    13.2463    142.525    404.159    413.952    0.02870    6.50337    9.29396  283.56980   14.69546 1.0623e+02     2.1206     0.8473    80.9127 0.0000e+00
        463 175.448547    0.03208     1.9251    115.504     10.095  49452.189    31.4114     9.5733     10.000     9.4745    24.2201     9.4133    13.4525    144.319    410.456    420.397    0.02865    6.52254    9.32136  284.40822   14.73570 8.5576e+01     2.3393     0.9041    79.7893 0.0000e+00
        468 175.448563    0.03245     1.9470    116.821     11.103  49599.949    31.4793     9.3090     11.000     9.2504    24.3149     9.4399    13.4906    143.948    411.578    421.585    0.01692    6.55784    9.37181  285.92094   14.80775 6.6013e+01     2.7990     1.1102    75.7605 0.0000e+00
        474 175.448578    0.03282     1.9693    118.158     12.117  49574.940    31.4343     9.1154     12.000     9.0010    24.3097     9.2925    13.2800    141.056    405.155    415.004   -0.00390    6.58800    9.41491  287.23725   14.87086 4.7525e+01     6.9368     1.1177    75.6246 0.0000e+00
        478 175.448592    0.03315     1.9891    119.348     13.120  49751.385    31.5253     8.8850     13.000     8.8460    24.4162     9.0350    12.9119    136.523    393.884    403.501   -0.02884    6.61796    9.45772  288.51356   14.93149 3.5073e+01     9.0719     1.1016    75.9292 0.0000e+00
        484 175.448607    0.03351     2.0107    120.643     14.134  49828.462    31.5694     8.8184     14.000     8.8095    24.4608     8.8478    12.6443    133.533    385.707    395.142   -0.03613    6.62591    9.46908  288.84765   14.94728 2.5271e+01     8.7192     1.2115    73.8709 0.0000e+00
        488 175.448621    0.03385     2.0310    121.857     15.142  49841.628    31.5766     8.8071     15.000     8.8036    24.4681     8.6508    12.3629    130.534    377.120    386.347   -0.04125    6.62727    9.47102  288.90468   14.94998 1.7649e+01    12.0609     1.1824    74.4089 0.0000e+00
        493 175.448634    0.03417     2.0499    122.992     16.156  49717.719    31.4850     8.7789     16.000     8.6821    24.4007     8.4512    12.0776    127.366    368.438    377.429   -0.04737    6.63538    9.48261  289.27722   14.96815 1.2670e+01    13.1320     1.1394    75.2145 0.0000e+00
        497 175.448647    0.03447     2.0681    124.089     17.158  49799.320    31.5100     8.5634     17.000     8.5023    24.4526     8.2797    11.8325    124.202    360.946    369.772   -0.05128    6.66640    9.52695  290.61520   15.03198 9.3043e+00    11.7560     1.1161    75.6519 0.0000e+00
        502 175.448661    0.03482     2.0892    125.354     18.172  49830.612    31.5126     8.4366     18.000     8.3841    24.4733     8.1219    11.6070    121.490    354.060    362.725   -0.05031    6.68530    9.55396  291.43319   15.07104 6.5869e+00    11.3732     1.1889    74.2900 0.0000e+00
        507 175.448676    0.03516     2.1094    126.563     19.179  49753.847    31.4336     8.2740     19.000     8.1719    24.4351     8.0823    11.5504    120.392    352.344    360.954   -0.04121    6.71329    9.59395  292.66393   15.13014 4.6862e+00    12.0499     1.2179    73.7519 0.0000e+00
        512 175.448690    0.03550     2.1300    127.799     20.187  49877.029    31.4864     8.0606     20.000     8.0125    24.5071     8.0881    11.5588    119.942    352.576    361.216   -0.03115    6.74340    9.63699  293.95616   15.19164 3.3698e+00    12.5247     1.1061    75.8464 0.0000e+00
        518 175.448705    0.03587     2.1523    129.138     21.202  49936.024    31.5135     7.9744     21.000     7.9552    24.5408     8.0760    11.5415    119.550    352.036    360.676   -0.02297    6.75539    9.65413  294.46917   15.21602 2.5794e+00    10.9619     1.0289    77.3191 0.0000e+00
        522 175.448719    0.03620     2.1723    130.335     22.206  49956.262    31.5211     7.9361     22.000     7.9275    24.5522     8.0370    11.4857    118.875    350.332    358.933   -0.01992    6.76092    9.66203  294.70712   15.22735 1.9751e+00     9.8585     0.9906    78.0650 0.0000e+00
        527 175.448734    0.03655     2.1928    131.569     23.219  49927.566    31.4960     7.9067     23.000     7.8827    24.5366     8.0207    11.4624    118.534    349.626    358.204   -0.01579    6.76655    9.67009  294.95715   15.23939 1.5380e+00     8.6263     0.9336    79.1848 0.0000e+00
        532 175.448747    0.03688     2.2131    132.785     24.229  49949.492    31.5040     7.8639     24.000     7.8445    24.5490     8.0165    11.4564    118.364    349.438    358.017   -0.01209    6.77278    9.67898  295.22495   15.25214 1.2060e+00     7.9093     0.8708    80.4378 0.0000e+00
        537 175.448761    0.03720     2.2321    133.928     25.237  49977.611    31.5169     7.8254     25.000     7.8146    24.5646     8.0094    11.4462    118.164    349.121    357.697   -0.00966    6.77815    9.68665  295.45430   15.26303 9.5920e-01     7.5264     0.8188    81.4873 0.0000e+00
        541 175.448774    0.03753     2.2517    135.099     26.247  49979.782    31.5148     7.8053     26.000     7.7920    24.5657     7.9722    11.3931    117.561    347.503    356.039   -0.01006    6.78134    9.69121  295.59310   15.26967 7.8001e-01     6.2654     0.8379    81.1008 0.0000e+00
        546 175.448788    0.03786     2.2712    136.269     27.257  49997.409    31.5205     7.7671     27.000     7.7462    24.5755     7.9223    11.3217    116.727    345.322    353.809   -0.01165    6.78699    9.69928  295.83640   15.28126 6.4364e-01     6.6136     0.7336    83.2535 0.0000e+00
        551 175.448801    0.03817     2.2902    137.411     28.266  50054.319    31.5564     7.7460     28.000     7.7476    24.6066     7.8550    11.2256    115.708    342.379    350.804   -0.01377    6.78864    9.70164  295.89956   15.28413 5.4737e-01     6.3792     0.5870    86.3578 0.0000e+00
        555 175.448815    0.03849     2.3098    138.588     29.274  50058.645    31.5611     7.7595     29.000     7.7628    24.6085     7.7404    11.0618    114.059    337.384    345.686   -0.01848    6.78634    9.69836  295.79895   15.27931 4.7039e-01     4.2021     0.5589    86.9610 0.0000e+00
        560 175.448829    0.03884     2.3306    139.835     30.288  50049.564    31.5565     7.7727     30.000     7.7709    24.6030     7.6167    10.8850    112.265    331.992    340.160   -0.02273    6.78451    9.69574  295.72047   15.27558 4.0765e-01     3.1720     0.5256    87.6872 0.0000e+00
        565 175.448843    0.03917     2.3501    141.003     31.294  50054.439    31.5597     7.7747     31.000     7.7754    24.6053     7.5731    10.8227    111.631    330.092    338.214   -0.01992    6.78406    9.69510  295.70032   15.27461 3.5874e-01     2.9402     0.5319    87.5501 0.0000e+00
        570 175.448857    0.03950     2.3702    142.214     32.306  50057.499    31.5628     7.7832     32.000     7.7857    24.6065     7.5520    10.7926    111.344    329.173    337.274   -0.01562    6.78261    9.69303  295.63679   15.27156 3.1243e-01     2.6482     0.5132    87.9604 0.0000e+00
        574 175.448870    0.03982     2.3893    143.361     33.312  50094.379    31.5923     7.8088     33.000     7.8253    24.6261     7.5409    10.7765    111.265    328.679    336.773   -0.01163    6.77737    9.68553  295.40256   15.26026 2.7744e-01     3.7861     0.5167    87.8818 0.0000e+00
        579 175.448884    0.04017     2.4099    144.591     34.326  50152.071    31.6427     7.8741     34.000     7.9077    24.6565     7.5271    10.7570    111.264    328.071    336.160   -0.00811    6.76508    9.66798  294.85827   15.23408 2.5321e-01     2.5932     0.4621    89.0899 0.0000e+00
        584 175.448898    0.04050     2.4295    145.773     35.334  50077.899    31.5981     7.9223     35.000     7.9145    24.6147     7.4808    10.6907    110.668    326.064    334.090   -0.00845    6.75965    9.66021  294.63358   15.22353 2.3163e-01     1.9299     0.4227    89.9719 0.0000e+00
        589 175.448912    0.04082     2.4493    146.959     36.340  50093.517    31.6076     7.9161     36.000     7.9146    24.6231     7.3192    10.4598    108.268    319.018    326.873   -0.01854    6.76018    9.66098  294.65441   15.22448 2.0645e-01     2.6811     0.4117    90.2203 0.0000e+00
        594 175.448927    0.04118     2.4709    148.252     37.357  50087.767    31.6037     7.9199     37.000     7.9137    24.6195     7.1842    10.2670    106.279    313.139    320.848   -0.02381    6.75977    9.66038  294.63727   15.22368 1.7940e-01     1.3958     0.3945    90.6087 0.0000e+00
        599 175.448940    0.04150     2.4900    149.398     38.358  50074.032    31.5915     7.9064     38.000     7.8925    24.6118     7.1279    10.1864    105.404    310.683    318.330   -0.02190    6.76237    9.66411  294.75308   15.22926 1.5451e-01     1.1413     0.3864    90.7919 0.0000e+00
        604 175.448955    0.04186     2.5118    150.708     39.374  50097.480    31.6041     7.8853     39.000     7.8800    24.6247     7.0943    10.1385    104.866    309.216    316.830   -0.01784    6.76507    9.66796  294.86701   15.23465 5.7286e-02     1.1620     0.3795    90.9494 0.0000e+00
        609 175.448969    0.04220     2.5320    151.919     40.383  50084.827    31.5933     7.8761     40.000     7.8639    24.6175     7.0818    10.1207    104.653    308.676    316.274   -0.01378    6.76696    9.67066  294.95140   15.23872 4.0775e-02     0.9215     0.3804    90.9296 0.0000e+00
        613 175.448982    0.04251     2.5506    153.038     41.390  50094.062    31.5966     7.8595     41.000     7.8489    24.6225     7.0756    10.1117    104.523    308.402    315.996   -0.01068    6.76936    9.67410  295.05483   15.24364 3.7159e-02     0.8189     0.3805    90.9261 0.0000e+00
        618 175.448996    0.04286     2.5713    154.275     42.400  50076.138    31.5792     7.8319     42.000     7.8108    24.6126     7.0769    10.1136    104.466    308.463    316.055   -0.00778    6.77439    9.68127  295.27651   15.25430 3.6911e-02     0.8688     0.3898    90.7149 0.0000e+00
        623 175.449011    0.04320     2.5921    155.526     43.412  50079.024    31.5745     7.7936     43.000     7.7679    24.6144     7.0710    10.1052    104.285    308.205    315.791   -0.00642    6.78050    9.69000  295.54228   15.26700 3.6907e-02     0.8923     0.4228    89.9765 0.0000e+00
        628 175.449024    0.04352     2.6113    156.678     44.418  50075.287    31.5612     7.7309     44.000     7.6963    24.6128     7.0548    10.0820    103.889    307.500    315.069   -0.00679    6.79076    9.70467  295.99001   15.28843 3.6908e-02     0.7343     0.3985    90.5187 0.0000e+00
        633 175.449038    0.04387     2.6320    157.921     45.430  50040.183    31.5220     7.6440     45.000     7.5907    24.5940     7.0672    10.0998    103.839    308.048    315.624   -0.00507    6.80597    9.72641  296.65871   15.32051 3.6908e-02     0.6721     0.3898    90.7156 0.0000e+00
        638 175.449054    0.04423     2.6539    159.234     46.440  50061.686    31.5157     7.5180     46.000     7.4697    24.6064     7.0751    10.1111    103.652    308.387    315.975   -0.00476    6.82586    9.75484  297.52202   15.36173 3.6908e-02     0.5232     0.3938    90.6237 0.0000e+00
        643 175.449068    0.04457     2.6746    160.475     47.449  50095.582    31.5211     7.4122     47.000     7.3767    24.6251     7.1207    10.1763    104.071    310.370    318.012   -0.00135    6.84219    9.77817  298.22820   15.39541 3.6908e-02     0.7685     0.4122    90.2085 0.0000e+00
        648 175.449082    0.04491     2.6947    161.683     48.456  50114.580    31.5222     7.3430     48.000     7.3084    24.6353     7.1875    10.2718    104.882    313.278    320.997    0.00306    6.85299    9.79361  298.69604   15.41773 3.6908e-02     0.8157     0.4283    89.8467 0.0000e+00
        653 175.449098    0.04530     2.7177    163.065     49.468  50153.442    31.5364     7.2701     49.000     7.2533    24.6562     7.2239    10.3237    105.246    314.856    322.620    0.00406    6.86382    9.80908  299.16187   15.43989 3.6908e-02     0.5020     0.4519    89.3163 0.0000e+00
        659 175.449114    0.04567     2.7402    164.414     50.478  50165.917    31.5408     7.2478     50.000     7.2353    24.6627     7.2186    10.3161    105.118    314.623    322.383    0.00189    6.86714    9.81383  299.30491   15.44670 3.6908e-02     0.4177     0.4614    89.1061 0.0000e+00
        664 175.449129    0.04603     2.7620    165.720     51.489  50141.323    31.5176     7.2152     51.000     7.1874    24.6488     7.2131    10.3081    104.942    314.384    322.133    0.00048    6.87333    9.82268  299.57880   15.45986 3.6908e-02     0.4461     0.4761    88.7800 0.0000e+00
        669 175.449144    0.04639     2.7835    167.008     52.499  50165.434    31.5243     7.1591     52.000     7.1407    24.6615     7.2113    10.3056    104.785    314.303    322.054   -0.00083    6.88190    9.83492  299.94838   15.47746 3.6908e-02     0.4653     0.4938    88.3868 0.0000e+00
        674 175.449157    0.04671     2.8026    168.159     53.503  50172.683    31.5241     7.1313     53.000     7.1135    24.6650     7.2364    10.3416    105.084    315.399    323.178    0.00093    6.88631    9.84123  300.13976   15.48660 3.6908e-02     0.5154     0.4974    88.3067 0.0000e+00
