CTD-processing/allCTD/CNV/2022_02-28_ab_s05_cast071_4141.cnv
* Sea-Bird SBE19plus Data File:
* FileName = C:\Users\steve\Desktop\GWA\CTD\2022_02-28_AB\2022_02-28_AB_S0_cast071.hex
* Software Version 1.59
* Temperature SN =  4141
* Conductivity SN =  4141
* System UpLoad Time = Mar 03 2022 14:50:44
** Cook Inlet LTM AlongBay
** Date: 02-28-2022
** Station:S05
** Start Time (AKST):14:00
** Depth (m):177
** Comment:
** Comment:
# nquan = 27
# nvalues = 171                         
# units = specified
# name 0 = scan: Scan Count
# name 1 = timeJ: Julian Days
# name 2 = timeH: Time, Elapsed [hours]
# name 3 = timeM: Time, Elapsed [minutes]
# name 4 = timeS: Time, Elapsed [seconds]
# name 5 = prdM: Pressure, Strain Gauge [db]
# name 6 = specc: Specific Conductance [uS/cm]
# name 7 = sal00: Salinity, Practical [PSU]
# name 8 = tv290C: Temperature [ITS-90, deg C]
# name 9 = depSM: Depth [salt water, m], lat = 59.00
# name 10 = potemp090C: Potential Temperature [ITS-90, deg C]
# name 11 = sigma-é00: Density [sigma-theta, kg/m^3]
# name 12 = sbeox0ML/L: Oxygen, SBE 43 [ml/l]
# name 13 = sbeox0Mg/L: Oxygen, SBE 43 [mg/l]
# name 14 = sbeox0PS: Oxygen, SBE 43 [% saturation]
# name 15 = sbox0Mm/Kg: Oxygen, SBE 43 [umol/kg]
# name 16 = sbeox0Mm/L: Oxygen, SBE 43 [umol/l]
# name 17 = sbox0dV/dT: Oxygen, SBE 43 [dov/dt]
# name 18 = oxsolML/L: Oxygen Saturation, Garcia & Gordon [ml/l]
# name 19 = oxsolMg/L: Oxygen Saturation, Garcia & Gordon [mg/l]
# name 20 = oxsolMm/Kg: Oxygen Saturation, Garcia & Gordon [umol/kg]
# name 21 = n2satMg/L: Nitrogen Saturation [mg/l]
# name 22 = par: PAR/Irradiance, Biospherical/Licor
# name 23 = wetStar: Fluorescence, WET Labs WETstar [mg/m^3]
# name 24 = CStarAt0: Beam Attenuation, WET Labs C-Star [1/m]
# name 25 = CStarTr0: Beam Transmission, WET Labs C-Star [%]
# name 26 = flag: flag
# span 0 =        292,       1135       
# span 1 =  59.584336,  59.586776       
# span 2 =    0.02019,    0.07872       
# span 3 =     1.2111,     4.7233       
# span 4 =     72.666,    283.396       
# span 5 =      1.010,    172.683       
# span 6 =  50970.416,  51508.401       
# span 7 =    31.4132,    31.6006       
# span 8 =     3.3860,     3.8382       
# span 9 =      1.000,    171.000       
# span 10 =     3.3802,     3.8418      
# span 11 =    24.9549,    25.1361      
# span 12 =     7.1679,     7.2976      
# span 13 =    10.2437,    10.4291      
# span 14 =     95.773,     97.476      
# span 15 =    312.319,    317.944      
# span 16 =    320.118,    325.913      
# span 17 =   -0.00287,    0.01673      
# span 18 =    7.45043,    7.52653      
# span 19 =   10.64741,   10.75616      
# span 20 =  324.63015,  327.89687      
# span 21 =   16.65315,   16.80787      
# span 22 = 3.6908e-02, 2.4181e+02      
# span 23 =     0.1736,     0.5695      
# span 24 =     0.4439,     1.3373      
# span 25 =    71.5821,    89.4952      
# span 26 = 0.0000e+00, 0.0000e+00      
# interval = meters: 1                  
# start_time = Feb 28 2022 14:00:14 [Instrument's time stamp, header]
# bad_flag = -9.990e-29
*END*
[from data line 162]
       1091  59.586650    0.07571     4.5429    272.574    164.604  51502.638    31.5994     3.4328    163.000     3.4228    25.1350     7.2085    10.3017     95.899    314.040    321.933   -0.00018    7.51687   10.74236  327.47257   16.78763 3.6908e-02     0.2077     1.1687    74.6649 0.0000e+00
       1096  59.586665    0.07607     4.5641    273.845    165.613  51503.134    31.5991     3.4323    164.000     3.4222    25.1348     7.2099    10.3036     95.914    314.097    321.992   -0.00011    7.51697   10.74251  327.47699   16.78785 3.6908e-02     0.2025     1.1808    74.4391 0.0000e+00
       1102  59.586681    0.07645     4.5869    275.215    166.625  51504.598    31.5995     3.4321    165.000     3.4222    25.1352     7.2052    10.2970     95.853    313.896    321.786   -0.00039    7.51698   10.74253  327.47735   16.78786 3.6908e-02     0.2006     1.1876    74.3112 0.0000e+00
       1107  59.586696    0.07682     4.6093    276.556    167.634  51504.578    31.5990     3.4321    166.000     3.4219    25.1348     7.2125    10.3074     95.949    314.213    322.110    0.00005    7.51701   10.74256  327.47863   16.78792 3.6908e-02     0.2168     1.1947    74.1811 0.0000e+00
       1113  59.586712    0.07719     4.6315    277.892    168.646  51505.406    31.5988     3.4315    167.000     3.4211    25.1347     7.2071    10.2996     95.875    313.976    321.867   -0.00030    7.51714   10.74275  327.48422   16.78819 3.6908e-02     0.2070     1.2246    73.6286 0.0000e+00
       1118  59.586727    0.07756     4.6538    279.231    169.654  51506.776    31.5992     3.4311    168.000     3.4209    25.1351     7.2060    10.2981     95.860    313.928    321.818   -0.00035    7.51719   10.74282  327.48653   16.78830 3.6908e-02     0.2085     1.2643    72.8994 0.0000e+00
       1123  59.586743    0.07795     4.6766    280.594    170.667  51507.222    31.5990     3.4311    169.000     3.4208    25.1349     7.2049    10.2965     95.845    313.880    321.770   -0.00041    7.51721   10.74285  327.48722   16.78833 3.6908e-02     0.2081     1.2812    72.5942 0.0000e+00
       1129  59.586758    0.07830     4.6983    281.896    171.673  51507.058    31.5981     3.4302    170.000     3.4192    25.1343     7.2027    10.2934     95.813    313.786    321.672   -0.00044    7.51743   10.74315  327.49679   16.78879 3.6908e-02     0.2017     1.3025    72.2075 0.0000e+00
       1135  59.586776    0.07872     4.7233    283.396    172.683  51508.401    31.5980     3.4283    171.000     3.4177    25.1344     7.2033    10.2942     95.817    313.812    321.700   -0.00039    7.51776   10.74363  327.51145   16.78949 3.6908e-02     0.2016     1.3373    71.5821 0.0000e+00
