CTD-processing/allCTD/CNV/2022_05-23_ab_s03_cast156_4141.cnv
* Sea-Bird SBE19plus Data File:
* FileName = C:\GWA\CTD\2022_05-23_AB\2022_05-23_AB_S0_cast156.hex
* Software Version 1.59
* Temperature SN =  4141
* Conductivity SN =  4141
* System UpLoad Time = May 24 2022 12:55:40
** Cook Inlet LTM AB
** Date: 05-23-2022
** Station:AB03
** Start Time (AKDT):11:05
** Depth (m):110
** Comment:
** Comment:
# nquan = 27
# nvalues = 105                         
# units = specified
# name 0 = scan: Scan Count
# name 1 = timeJ: Julian Days
# name 2 = timeH: Time, Elapsed [hours]
# name 3 = timeM: Time, Elapsed [minutes]
# name 4 = timeS: Time, Elapsed [seconds]
# name 5 = prdM: Pressure, Strain Gauge [db]
# name 6 = specc: Specific Conductance [uS/cm]
# name 7 = sal00: Salinity, Practical [PSU]
# name 8 = tv290C: Temperature [ITS-90, deg C]
# name 9 = depSM: Depth [salt water, m], lat = 59.00
# name 10 = potemp090C: Potential Temperature [ITS-90, deg C]
# name 11 = sigma-é00: Density [sigma-theta, kg/m^3]
# name 12 = sbeox0ML/L: Oxygen, SBE 43 [ml/l]
# name 13 = sbeox0Mg/L: Oxygen, SBE 43 [mg/l]
# name 14 = sbeox0PS: Oxygen, SBE 43 [% saturation]
# name 15 = sbox0Mm/Kg: Oxygen, SBE 43 [umol/kg]
# name 16 = sbeox0Mm/L: Oxygen, SBE 43 [umol/l]
# name 17 = sbox0dV/dT: Oxygen, SBE 43 [dov/dt]
# name 18 = oxsolML/L: Oxygen Saturation, Garcia & Gordon [ml/l]
# name 19 = oxsolMg/L: Oxygen Saturation, Garcia & Gordon [mg/l]
# name 20 = oxsolMm/Kg: Oxygen Saturation, Garcia & Gordon [umol/kg]
# name 21 = n2satMg/L: Nitrogen Saturation [mg/l]
# name 22 = par: PAR/Irradiance, Biospherical/Licor
# name 23 = wetStar: Fluorescence, WET Labs WETstar [mg/m^3]
# name 24 = CStarAt0: Beam Attenuation, WET Labs C-Star [1/m]
# name 25 = CStarTr0: Beam Transmission, WET Labs C-Star [%]
# name 26 = flag: flag
# span 0 =        605,       1121       
# span 1 = 143.463797, 143.465289       
# span 2 =    0.04198,    0.07776       
# span 3 =     2.5186,     4.6657       
# span 4 =    151.118,    279.937       
# span 5 =      1.005,    105.981       
# span 6 =  50153.479,  50801.798       
# span 7 =    31.4797,    31.5991       
# span 8 =     5.2948,     6.9053       
# span 9 =      1.000,    105.000       
# span 10 =     5.2872,     6.9026      
# span 11 =    24.6700,    24.9359      
# span 12 =     7.2637,     9.0301      
# span 13 =    10.3806,    12.9049      
# span 14 =    101.082,    130.464      
# span 15 =    316.506,    393.560      
# span 16 =    324.399,    403.284      
# span 17 =   -0.03313,    0.00753      
# span 18 =    6.92153,    7.18612      
# span 19 =    9.89157,   10.26969      
# span 20 =  301.66227,  313.12505      
# span 21 =   15.55913,   16.10520      
# span 22 = 6.6113e-02, 7.7745e+01      
# span 23 =     0.2125,     8.5220      
# span 24 =     0.4637,     1.0520      
# span 25 =    76.8597,    89.0558      
# span 26 = 0.0000e+00, 0.0000e+00      
# interval = meters: 1                  
# start_time = May 23 2022 11:05:21 [Instrument's time stamp, header]
# bad_flag = -9.990e-29
*END*
        605 143.463797    0.04198     2.5186    151.118      1.005  50219.895    31.5415     6.9053      1.000     6.9026    24.7078     9.0301    12.9049    130.464    393.560    403.284    0.00004    6.92153    9.89157  301.66227   15.55913 7.7745e+01     3.6927     1.0436    77.2842 0.0000e+00
        610 143.463812    0.04232     2.5393    152.360      2.024  50209.642    31.5327     6.8979      2.000     6.8840    24.7017     9.0214    12.8924    130.307    393.180    402.892   -0.00086    6.92312    9.89382  301.73288   15.56254 7.3849e+01     3.9352     1.0520    76.8597 0.0000e+00
        615 143.463825    0.04264     2.5584    153.501      3.026  50153.479    31.4820     6.8353      3.000     6.7916    24.6700     9.0257    12.8988    130.139    393.387    403.091   -0.00160    6.93547    9.91147  302.28074   15.58887 5.7032e+01     5.8861     1.0071    77.7415 0.0000e+00
        620 143.463839    0.04298     2.5783    154.699      4.040  50200.988    31.4989     6.7484      4.000     6.7166    24.6946     8.9915    12.8497    129.399    391.882    401.560   -0.00486    6.94867    9.93035  302.84893   15.61590 4.2476e+01     7.9045     0.9647    78.5709 0.0000e+00
        624 143.463852    0.04329     2.5975    155.851      5.045  50200.925    31.4819     6.6567      5.000     6.6243    24.6928     8.8634    12.6667    127.270    386.301    395.840   -0.01420    6.96427    9.95264  303.52941   15.64841 3.4199e+01     8.5220     0.8651    80.5577 0.0000e+00
        629 143.463867    0.04363     2.6181    157.085      6.058  50238.927    31.4970     6.5973      6.000     6.5796    24.7123     8.6733    12.3950    124.381    378.007    387.348   -0.02514    6.97318    9.96538  303.91190   15.66658 2.8393e+01     8.4184     0.8136    81.5969 0.0000e+00
        634 143.463880    0.04395     2.6369    158.214      7.065  50247.126    31.4950     6.5583      7.000     6.5395    24.7157     8.4914    12.1351    121.661    370.081    379.227   -0.03269    6.97961    9.97456  304.19092   15.67989 2.2941e+01     7.5185     0.7685    82.5210 0.0000e+00
        639 143.463894    0.04429     2.6573    159.436      8.075  50260.497    31.4960     6.5155      8.000     6.4950    24.7218     8.3687    11.9597    119.784    364.728    373.745   -0.03313    6.98651    9.98442  304.48995   15.69415 1.8965e+01     6.3372     0.7235    83.4559 0.0000e+00
        644 143.463909    0.04464     2.6785    160.711      9.085  50256.524    31.4797     6.4448      9.000     6.4122    24.7179     8.2654    11.8121    118.098    360.227    369.132   -0.03184    6.99879   10.00197  305.02617   15.71977 1.5755e+01     6.1332     0.6841    84.2792 0.0000e+00
        649 143.463923    0.04499     2.6991    161.947     10.096  50314.895    31.5092     6.3881     10.000     6.3766    24.7481     8.1727    11.6797    116.642    356.181    364.996   -0.03014    7.00669   10.01326  305.36170   15.73565 1.3053e+01     5.7149     0.6470    85.0675 0.0000e+00
        653 143.463936    0.04531     2.7185    163.110     11.102  50325.557    31.5117     6.3647     11.000     6.3520    24.7530     8.0856    11.5551    115.337    352.379    361.101   -0.02850    7.01040   10.01858  305.52216   15.74328 1.0897e+01     4.8515     0.6330    85.3637 0.0000e+00
        658 143.463951    0.04565     2.7390    164.338     12.116  50326.206    31.5061     6.3347     12.000     6.3052    24.7523     8.0143    11.4532    114.236    349.272    357.917   -0.02613    7.01557   10.02596  305.74775   15.75406 9.1005e+00     4.9937     0.6142    85.7674 0.0000e+00
        663 143.463964    0.04596     2.7579    165.473     13.123  50368.344    31.5174     6.2426     13.000     6.2066    24.7725     7.9751    11.3971    113.441    347.556    356.166   -0.02313    7.03017   10.04682  306.37794   15.78405 7.6721e+00     4.9054     0.5494    87.1675 0.0000e+00
        667 143.463977    0.04628     2.7766    166.599     14.133  50448.974    31.5627     6.1893     14.000     6.1848    24.8147     7.9318    11.3354    112.718    345.658    354.235   -0.02095    7.03684   10.05635  306.65575   15.79711 6.4518e+00     4.5713     0.5306    87.5782 0.0000e+00
        672 143.463990    0.04661     2.7964    167.783     15.142  50468.722    31.5749     6.1848     15.000     6.1822    24.8250     7.9098    11.3038    112.401    344.693    353.249   -0.01675    7.03702   10.05661  306.66056   15.79728 5.4563e+00     3.8206     0.5253    87.6939 0.0000e+00
        677 143.464005    0.04693     2.8160    168.961     16.154  50472.819    31.5761     6.1784     16.000     6.1686    24.8266     7.9255    11.3262    112.609    345.377    353.952   -0.01132    7.03802   10.05802  306.70337   15.79932 4.5079e+00     4.2390     0.5688    86.7442 0.0000e+00
        681 143.464017    0.04725     2.8352    170.110     17.160  50490.439    31.5845     6.1614     17.000     6.1554    24.8354     8.0128    11.4510    113.811    349.179    357.851   -0.00257    7.04043   10.06148  306.80586   15.80417 3.7417e+00     3.9486     0.5687    86.7464 0.0000e+00
        686 143.464031    0.04758     2.8548    171.290     18.170  50499.231    31.5882     6.1511     18.000     6.1448    24.8395     8.1065    11.5851    115.118    353.264    362.038    0.00502    7.04196   10.06366  306.87121   15.80727 3.0773e+00     4.4515     0.5728    86.6580 0.0000e+00
        691 143.464045    0.04792     2.8750    172.501     19.180  50501.108    31.5859     6.1345     19.000     6.1242    24.8397     8.1487    11.6453    115.670    355.102    363.922    0.00644    7.04479   10.06771  306.99472   15.81316 2.5517e+00     4.3565     0.5630    86.8713 0.0000e+00
        696 143.464060    0.04826     2.8956    173.736     20.187  50518.391    31.5940     6.1173     20.000     6.1121    24.8482     8.1955    11.7121    116.293    357.137    366.011    0.00753    7.04726   10.07124  307.09977   15.81814 2.1278e+00     4.2522     0.5571    87.0008 0.0000e+00
        701 143.464074    0.04862     2.9172    175.035     21.202  50522.442    31.5948     6.1093     21.000     6.1033    24.8499     8.2058    11.7269    116.418    357.585    366.471    0.00603    7.04854   10.07308  307.15524   15.82078 1.7774e+00     3.8632     0.5445    87.2745 0.0000e+00
        706 143.464089    0.04898     2.9386    176.317     22.208  50530.853    31.5982     6.0990     22.000     6.0954    24.8538     8.1955    11.7122    116.246    357.134    366.010    0.00328    7.05010   10.07529  307.22177   15.82393 1.4948e+00     3.4847     0.5245    87.7115 0.0000e+00
        712 143.464105    0.04936     2.9615    177.689     23.216  50529.529    31.5956     6.0930     23.000     6.0875    24.8525     8.1879    11.7013    116.120    356.803    365.671    0.00154    7.05121   10.07688  307.27041   15.82626 1.2651e+00     3.0333     0.5091    88.0487 0.0000e+00
        717 143.464121    0.04974     2.9844    179.065     24.230  50537.114    31.5991     6.0867     24.000     6.0835    24.8560     8.1774    11.6862    115.956    356.342    365.199    0.00014    7.05209   10.07814  307.30795   15.82803 1.0769e+00     3.3067     0.4828    88.6308 0.0000e+00
        723 143.464137    0.05011     3.0065    180.393     25.237  50530.928    31.5927     6.0781     25.000     6.0699    24.8520     8.1634    11.6663    115.731    355.737    364.578   -0.00108    7.05380   10.08058  307.38356   15.83167 9.2672e-01     3.0269     0.4916    88.4341 0.0000e+00
        728 143.464152    0.05048     3.0287    181.723     26.248  50536.650    31.5928     6.0603     26.000     6.0540    24.8542     8.1520    11.6500    115.520    355.238    364.066   -0.00192    7.05675   10.08479  307.51124   15.83775 7.9116e-01     2.6200     0.4754    88.7945 0.0000e+00
        733 143.464166    0.05081     3.0488    182.926     27.256  50542.196    31.5949     6.0539     27.000     6.0483    24.8566     8.1422    11.6359    115.365    354.810    363.629   -0.00221    7.05771   10.08618  307.55271   15.83972 6.8939e-01     2.3158     0.4779    88.7395 0.0000e+00
        738 143.464180    0.05115     3.0690    184.143     28.269  50534.320    31.5864     6.0414     28.000     6.0296    24.8515     8.1228    11.6083    115.050    353.967    362.763   -0.00326    7.06019   10.08972  307.66219   15.84497 5.9828e-01     2.3448     0.4642    89.0441 0.0000e+00
        742 143.464193    0.05146     3.0874    185.243     29.272  50545.334    31.5898     6.0217     29.000     6.0134    24.8565     8.1016    11.5780    114.700    353.042    361.818   -0.00422    7.06329   10.09414  307.79567   15.85131 5.1441e-01     2.7429     0.4637    89.0558 0.0000e+00
        747 143.464207    0.05180     3.1082    186.493     30.289  50554.311    31.5933     6.0105     30.000     6.0051    24.8607     8.0772    11.5432    114.328    351.980    360.730   -0.00506    7.06498   10.09656  307.86810   15.85475 4.5254e-01     2.2347     0.4825    88.6363 0.0000e+00
        752 143.464221    0.05212     3.1272    187.631     31.295  50548.655    31.5872     6.0015     31.000     5.9916    24.8570     8.0624    11.5220    114.090    351.335    360.068   -0.00502    7.06677   10.09912  307.94710   15.85854 3.9918e-01     2.5362     0.4719    88.8719 0.0000e+00
        756 143.464233    0.05244     3.1465    188.791     32.303  50558.372    31.5903     5.9855     32.000     5.9789    24.8613     8.0530    11.5085    113.915    350.922    359.647   -0.00453    7.06928   10.10271  308.05557   15.86370 3.4557e-01     2.4307     0.4782    88.7326 0.0000e+00
        761 143.464248    0.05278     3.1668    190.008     33.314  50562.324    31.5909     5.9774     33.000     5.9713    24.8628     8.0288    11.4740    113.552    349.868    358.567   -0.00516    7.07061   10.10460  308.11263   15.86642 3.0841e-01     2.5832     0.4799    88.6938 0.0000e+00
        766 143.464261    0.05311     3.1866    191.198     34.324  50567.104    31.5924     5.9701     34.000     5.9654    24.8648     8.0122    11.4502    113.299    349.144    357.825   -0.00508    7.07175   10.10624  308.16195   15.86876 2.6890e-01     2.1301     0.4724    88.8605 0.0000e+00
        771 143.464276    0.05346     3.2076    192.456     35.334  50566.621    31.5905     5.9644     35.000     5.9588    24.8640     7.9948    11.4254    113.036    348.387    357.049   -0.00502    7.07278   10.10771  308.20723   15.87092 2.3984e-01     2.0202     0.5045    88.1515 0.0000e+00
        776 143.464290    0.05380     3.2279    193.672     36.344  50568.649    31.5900     5.9575     36.000     5.9510    24.8644     7.9854    11.4120    112.885    347.977    356.629   -0.00441    7.07396   10.10939  308.25816   15.87335 2.1752e-01     2.6185     0.4841    88.6009 0.0000e+00
        781 143.464304    0.05414     3.2483    194.895     37.351  50563.133    31.5833     5.9450     37.000     5.9338    24.8606     7.9733    11.3946    112.674    347.447    356.085   -0.00427    7.07634   10.11279  308.36311   15.87838 1.9460e-01     2.6855     0.5036    88.1698 0.0000e+00
        786 143.464319    0.05449     3.2696    196.177     38.362  50572.005    31.5848     5.9239     38.000     5.9148    24.8643     7.9582    11.3730    112.407    346.788    355.411   -0.00443    7.07979   10.11774  308.51261   15.88550 1.7538e-01     2.1261     0.4990    88.2735 0.0000e+00
        791 143.464333    0.05483     3.2897    197.383     39.373  50581.920    31.5888     5.9117     39.000     5.9071    24.8689     7.9456    11.3552    112.201    346.242    354.852   -0.00427    7.08164   10.12037  308.59168   15.88924 1.6108e-01     2.3871     0.4846    88.5892 0.0000e+00
        795 143.464347    0.05516     3.3096    198.576     40.380  50585.682    31.5903     5.9089     40.000     5.9049    24.8705     7.9295    11.3321    111.968    345.539    354.133   -0.00436    7.08202   10.12092  308.60781   15.89001 1.4850e-01     2.2722     0.4964    88.3292 0.0000e+00
        800 143.464361    0.05550     3.3300    199.802     41.393  50583.668    31.5878     5.9059     41.000     5.9004    24.8689     7.9072    11.3001    111.641    344.565    353.135   -0.00477    7.08265   10.12182  308.63602   15.89136 1.3412e-01     2.3090     0.4917    88.4315 0.0000e+00
        805 143.464374    0.05581     3.3489    200.931     42.400  50584.043    31.5866     5.9007     42.000     5.8945    24.8686     7.9025    11.2934    111.560    344.360    352.923   -0.00411    7.08358   10.12314  308.67636   15.89330 1.2932e-01     1.8904     0.4905    88.4608 0.0000e+00
        810 143.464388    0.05615     3.3689    202.135     43.411  50584.436    31.5849     5.8930     43.000     5.8855    24.8681     7.8983    11.2874    111.480    344.177    352.736   -0.00340    7.08494   10.12509  308.73574   15.89613 1.1323e-01     2.1695     0.4885    88.5043 0.0000e+00
        814 143.464402    0.05647     3.3883    203.300     44.419  50588.703    31.5855     5.8834     44.000     5.8768    24.8697     7.8938    11.2810    111.391    343.981    352.535   -0.00300    7.08652   10.12734  308.80388   15.89937 1.1624e-01     1.7051     0.4856    88.5692 0.0000e+00
        819 143.464415    0.05680     3.4079    204.472     45.429  50593.940    31.5875     5.8779     45.000     5.8734    24.8719     7.8828    11.2654    111.224    343.504    352.048   -0.00308    7.08735   10.12852  308.83941   15.90105 1.0901e-01     1.5875     0.5006    88.2379 0.0000e+00
        824 143.464430    0.05714     3.4285    205.713     46.438  50593.021    31.5859     5.8755     46.000     5.8697    24.8710     7.8761    11.2557    111.121    343.210    351.746   -0.00281    7.08782   10.12920  308.86017   15.90205 9.8954e-02     1.7803     0.4972    88.3117 0.0000e+00
        829 143.464444    0.05749     3.4493    206.960     47.455  50593.920    31.5848     5.8693     47.000     5.8631    24.8709     7.8654    11.2404    110.953    342.743    351.268   -0.00283    7.08890   10.13076  308.90759   15.90432 9.3060e-02     2.3179     0.4940    88.3827 0.0000e+00
        833 143.464456    0.05779     3.4671    208.024     48.454  50597.887    31.5863     5.8654     48.000     5.8601    24.8725     7.8629    11.2367    110.908    342.631    351.154   -0.00252    7.08950   10.13160  308.93293   15.90552 9.1911e-02     1.9368     0.4788    88.7191 0.0000e+00
        838 143.464471    0.05815     3.4889    209.331     49.473  50599.351    31.5862     5.8624     49.000     5.8576    24.8729     7.8625    11.2363    110.896    342.618    351.140   -0.00187    7.08999   10.13230  308.95419   15.90653 8.8442e-02     1.8241     0.5028    88.1878 0.0000e+00
        843 143.464485    0.05847     3.5085    210.507     50.476  50596.700    31.5831     5.8581     50.000     5.8508    24.8708     7.8579    11.2297    110.817    342.417    350.933   -0.00180    7.09085   10.13354  308.99257   15.90837 8.6700e-02     2.4460     0.4952    88.3545 0.0000e+00
        848 143.464499    0.05881     3.5285    211.711     51.491  50602.640    31.5853     5.8511     51.000     5.8464    24.8735     7.8544    11.2247    110.752    342.264    350.777   -0.00177    7.09191   10.13505  309.03801   15.91053 8.3473e-02     2.1480     0.4952    88.3554 0.0000e+00
        852 143.464512    0.05913     3.5477    212.859     52.496  50604.736    31.5862     5.8505     52.000     5.8464    24.8742     7.8447    11.2108    110.613    341.840    350.343   -0.00196    7.09197   10.13514  309.04032   15.91063 8.2526e-02     1.9179     0.4855    88.5697 0.0000e+00
        857 143.464527    0.05947     3.5685    214.110     53.507  50604.898    31.5858     5.8504     53.000     5.8456    24.8740     7.8321    11.1929    110.436    341.292    349.782   -0.00238    7.09201   10.13520  309.04222   15.91072 8.0833e-02     1.6973     0.4963    88.3313 0.0000e+00
