CTD-processing/allCTD/CNV/2022_06-24_ab_s07_cast183_4141.cnv
* Sea-Bird SBE19plus Data File:
* FileName = C:\GWA\CTD\2022_06-24_AB\2022_06-24_AB_S01_cast183.hex
* Software Version 1.59
* Temperature SN =  4141
* Conductivity SN =  4141
* System UpLoad Time = Jun 29 2022 14:48:25
** Cook Inlet LTM AlongBay
** Date: 06-24-2022
** Station:AB07
** Start Time (AKDT):12:56
** Depth (m):147
** Comment:
** Comment:
# nquan = 27
# nvalues = 145                         
# units = specified
# name 0 = scan: Scan Count
# name 1 = timeJ: Julian Days
# name 2 = timeH: Time, Elapsed [hours]
# name 3 = timeM: Time, Elapsed [minutes]
# name 4 = timeS: Time, Elapsed [seconds]
# name 5 = prdM: Pressure, Strain Gauge [db]
# name 6 = specc: Specific Conductance [uS/cm]
# name 7 = sal00: Salinity, Practical [PSU]
# name 8 = tv290C: Temperature [ITS-90, deg C]
# name 9 = depSM: Depth [salt water, m], lat = 59.00
# name 10 = potemp090C: Potential Temperature [ITS-90, deg C]
# name 11 = sigma-é00: Density [sigma-theta, kg/m^3]
# name 12 = sbeox0ML/L: Oxygen, SBE 43 [ml/l]
# name 13 = sbeox0Mg/L: Oxygen, SBE 43 [mg/l]
# name 14 = sbeox0PS: Oxygen, SBE 43 [% saturation]
# name 15 = sbox0Mm/Kg: Oxygen, SBE 43 [umol/kg]
# name 16 = sbeox0Mm/L: Oxygen, SBE 43 [umol/l]
# name 17 = sbox0dV/dT: Oxygen, SBE 43 [dov/dt]
# name 18 = oxsolML/L: Oxygen Saturation, Garcia & Gordon [ml/l]
# name 19 = oxsolMg/L: Oxygen Saturation, Garcia & Gordon [mg/l]
# name 20 = oxsolMm/Kg: Oxygen Saturation, Garcia & Gordon [umol/kg]
# name 21 = n2satMg/L: Nitrogen Saturation [mg/l]
# name 22 = par: PAR/Irradiance, Biospherical/Licor
# name 23 = wetStar: Fluorescence, WET Labs WETstar [mg/m^3]
# name 24 = CStarAt0: Beam Attenuation, WET Labs C-Star [1/m]
# name 25 = CStarTr0: Beam Transmission, WET Labs C-Star [%]
# name 26 = flag: flag
# span 0 =        374,       1083       
# span 1 = 175.512131, 175.514183       
# span 2 =    0.02587,    0.07512       
# span 3 =     1.5521,     4.5074       
# span 4 =     93.127,    270.446       
# span 5 =      1.018,    146.396       
# span 6 =  43427.022,  50348.235       
# span 7 =    27.5259,    31.4688       
# span 8 =     6.2301,    12.9893       
# span 9 =      1.000,    145.000       
# span 10 =     6.2246,    12.9869      
# span 11 =    20.6179,    24.7196      
# span 12 =     6.4328,     7.9290      
# span 13 =     9.1931,    11.3314      
# span 14 =     97.999,    118.242      
# span 15 =    281.486,    345.757      
# span 16 =    287.290,    354.111      
# span 17 =   -0.02564,    0.05129      
# span 18 =    6.20697,    7.03715      
# span 19 =    8.87037,   10.05679      
# span 20 =  271.57725,  306.70638      
# span 21 =   14.13635,   15.80018      
# span 22 = 4.9028e-02, 5.5324e+02      
# span 23 =     0.1008,     8.0539      
# span 24 =     0.4378,     1.4037      
# span 25 =    70.4043,    89.6318      
# span 26 = 0.0000e+00, 0.0000e+00      
# interval = meters: 1                  
# start_time = Jun 24 2022 12:15:55 [Instrument's time stamp, header]
# bad_flag = -9.990e-29
*END*
        374 175.512131    0.02587     1.5521     93.127      1.018  43427.022    27.5259    12.9628      1.000    12.9719    20.6179     6.4328     9.1931    103.494    281.486    287.290   -0.00640    6.21557    8.88267  271.97983   14.15619 5.5324e+02     0.4392     1.4037    70.4043 0.0000e+00
        379 175.512146    0.02622     1.5732     94.389      2.020  43613.827    27.6587    12.9893      2.000    12.9869    20.7155     6.7100     9.5894    108.106    293.589    299.672    0.02151    6.20697    8.87037  271.57725   14.13635 4.7437e+02     0.3704     1.3487    71.3795 0.0000e+00
        383 175.512159    0.02654     1.5922     95.534      3.030  43645.291    27.6755    12.9266      3.000    12.8060    20.7402     7.0493    10.0742    113.433    308.425    314.822    0.04941    6.21448    8.88112  271.89951   14.15174 3.3160e+02     0.3960     1.3174    71.9431 0.0000e+00
        388 175.512172    0.02684     1.6106     96.634      4.035  44492.769    28.2466    12.6299      4.000    12.5106    21.2365     7.2426    10.3503    116.232    316.726    323.452    0.05129    6.23102    8.90475  272.49060   14.17779 2.2885e+02     0.3882     1.1961    74.1665 0.0000e+00
        392 175.512186    0.02718     1.6308     97.851      5.054  44920.781    28.5066    12.1620      5.000    11.4854    21.5225     7.4290    10.6167    118.242    324.788    331.778    0.04534    6.28277    8.97871  274.67669   14.28154 1.6958e+02     0.3935     1.2145    73.8204 0.0000e+00
        397 175.512198    0.02747     1.6481     98.885      6.051  46298.052    29.2788    10.2768      6.000     9.0595    22.4420     7.6127    10.8793    116.918    332.522    339.984    0.02468    6.51226    9.30667  284.45215   14.74639 1.2320e+02     0.4913     1.3143    72.0006 0.0000e+00
        401 175.512212    0.02780     1.6681    100.084      7.070  48811.653    30.7649     8.1546      7.000     7.9657    23.9290     7.4407    10.6336    110.054    324.537    332.304   -0.02564    6.76013    9.66090  294.85291   15.23743 8.5871e+01     0.9578     1.2568    73.0387 0.0000e+00
        406 175.512224    0.02811     1.6866    101.195      8.074  49115.203    30.9378     7.9229      8.000     7.8621    24.0962     7.7311    11.0486    113.879    337.148    345.272   -0.00025    6.78876    9.70182  296.05238   15.29395 5.9779e+01     2.4493     1.1865    74.3335 0.0000e+00
        411 175.512238    0.02844     1.7065    102.388      9.088  49231.585    30.9960     7.7785      9.000     7.6992    24.1620     7.9290    11.3314    116.458    345.757    354.111    0.01582    6.80851    9.73004  296.89441   15.33391 4.2267e+01     5.2197     1.1666    74.7035 0.0000e+00
        415 175.512251    0.02876     1.7255    103.531     10.093  49440.745    31.1134     7.6044     10.000     7.5527    24.2781     7.8823    11.2645    115.400    343.678    352.022    0.00556    6.83035    9.76126  297.81330   15.37727 3.0525e+01     7.2359     1.0846    76.2565 0.0000e+00
        420 175.512265    0.02909     1.7454    104.722     11.104  49550.590    31.1719     7.4967     11.000     7.4483    24.3388     7.8151    11.1686    114.180    340.730    349.023   -0.00257    6.84459    9.78160  298.41628   15.40580 2.3741e+01     8.0539     0.8965    79.9258 0.0000e+00
        425 175.512280    0.02944     1.7663    105.979     12.115  49742.546    31.2894     7.4012     12.000     7.3794    24.4440     7.6864    10.9846    112.140    335.083    343.273   -0.01265    6.85430    9.79549  298.80918   15.42407 1.9161e+01     6.6831     0.7455    83.0010 0.0000e+00
        430 175.512294    0.02979     1.7873    107.237     13.122  49741.271    31.2762     7.3302     13.000     7.2791    24.4431     7.5451    10.7828    109.892    328.928    336.968   -0.02062    6.86606    9.81229  299.32179   15.44858 1.6031e+01     4.5503     0.6060    85.9432 0.0000e+00
        435 175.512310    0.03016     1.8094    108.562     14.134  49814.667    31.3060     7.2071     14.000     7.1790    24.4830     7.4205    10.6046    107.791    323.480    331.399   -0.02525    6.88417    9.83817  300.09958   15.48556 1.3718e+01     2.3801     0.5725    86.6659 0.0000e+00
        440 175.512325    0.03052     1.8310    109.858     15.143  49856.402    31.3252     7.1524     15.000     7.1331    24.5054     7.3456    10.4975    106.581    320.206    328.053   -0.02388    6.89197    9.84931  300.43319   15.50140 1.1712e+01     1.5954     0.5630    86.8700 0.0000e+00
        445 175.512339    0.03085     1.8510    111.058     16.152  49854.928    31.3139     7.0956     16.000     7.0550    24.5041     7.3083    10.4443    105.894    318.583    326.389   -0.02067    6.90151    9.86295  300.84937   15.52130 1.0082e+01     1.2446     0.5577    86.9859 0.0000e+00
        450 175.512352    0.03118     1.8707    112.241     17.162  49960.423    31.3698     6.9974     17.000     6.9796    24.5609     7.2807    10.4049    105.294    317.362    325.157   -0.01794    6.91462    9.88169  301.40435   15.54754 8.6424e+00     0.9933     0.5465    87.2315 0.0000e+00
        455 175.512366    0.03150     1.8898    113.389     18.171  50101.366    31.4688     7.0053     18.000     7.0325    24.6377     7.2545    10.3673    105.002    316.194    323.985   -0.01480    6.90886    9.87345  301.13060   15.53408 7.5562e+00     0.6817     0.5015    88.2170 0.0000e+00
        459 175.512379    0.03182     1.9088    114.529     19.179  50059.333    31.4473     7.0530     19.000     7.0617    24.6146     7.2577    10.3720    105.150    316.344    324.131   -0.00984    6.90224    9.86399  300.84891   15.52073 6.5984e+00     0.3675     0.4751    88.8006 0.0000e+00
        464 175.512392    0.03214     1.9284    115.703     20.191  50068.221    31.4581     7.0818     20.000     7.0928    24.6193     7.2511    10.3626    105.132    316.056    323.837   -0.00729    6.89718    9.85676  300.62664   15.51009 5.8202e+00     0.2710     0.4577    89.1880 0.0000e+00
        468 175.512405    0.03245     1.9470    116.820     21.198  50060.887    31.4571     7.1081     21.000     7.1122    24.6150     7.2591    10.3739    105.310    316.402    324.190   -0.00439    6.89304    9.85084  300.44763   15.50155 5.1336e+00     0.2411     0.4481    89.4024 0.0000e+00
        473 175.512419    0.03278     1.9666    117.999     22.207  50019.501    31.4271     7.1041     22.000     7.0859    24.5920     7.2659    10.3838    105.379    316.708    324.496   -0.00273    6.89503    9.85368  300.54116   15.50613 4.5354e+00     0.2204     0.4378    89.6318 0.0000e+00
        478 175.512433    0.03312     1.9872    119.230     23.221  50029.668    31.4270     7.0652     23.000     7.0499    24.5971     7.2635    10.3802    105.249    316.597    324.385   -0.00267    6.90122    9.86253  300.80928   15.51892 4.0023e+00     0.1910     0.4429    89.5179 0.0000e+00
        483 175.512447    0.03344     2.0064    120.385     24.227  50048.970    31.4354     7.0387     24.000     7.0286    24.6071     7.2574    10.3715    105.102    316.329    324.113   -0.00279    6.90506    9.86802  300.97381   15.52673 3.5628e+00     0.1856     0.4506    89.3452 0.0000e+00
        487 175.512460    0.03377     2.0263    121.579     25.239  50063.087    31.4415     7.0200     25.000     7.0119    24.6143     7.2469    10.3566    104.910    315.873    323.648   -0.00303    6.90776    9.87187  301.08931   15.53222 3.1542e+00     0.2047     0.4494    89.3741 0.0000e+00
        492 175.512474    0.03409     2.0454    122.721     26.246  50075.012    31.4475     7.0102     26.000     7.0070    24.6205     7.2354    10.3401    104.724    315.368    323.133   -0.00328    6.90904    9.87372  301.14373   15.53479 2.8083e+00     0.1885     0.4502    89.3551 0.0000e+00
        496 175.512487    0.03441     2.0645    123.868     27.257  50069.968    31.4432     7.0082     27.000     7.0018    24.6174     7.2296    10.3317    104.631    315.114    322.872   -0.00301    6.90956    9.87445  301.16681   15.53591 2.5153e+00     0.1938     0.4510    89.3368 0.0000e+00
        501 175.512500    0.03472     2.0835    125.009     28.265  50070.786    31.4413     6.9968     28.000     6.9896    24.6174     7.2369    10.3422    104.709    315.434    323.200   -0.00184    6.91146    9.87717  301.24976   15.53987 2.2675e+00     0.1822     0.4543    89.2622 0.0000e+00
        506 175.512514    0.03505     2.1032    126.191     29.275  50080.754    31.4464     6.9890     29.000     6.9866    24.6224     7.2246    10.3246    104.514    314.895    322.649   -0.00234    6.91249    9.87864  301.29325   15.54193 2.0387e+00     0.1794     0.4564    89.2161 0.0000e+00
        511 175.512528    0.03539     2.1232    127.389     30.288  50078.077    31.4442     6.9900     30.000     6.9861    24.6205     7.2218    10.3207    104.475    314.775    322.524   -0.00195    6.91241    9.87854  301.29061   15.54181 1.8378e+00     0.1821     0.4584    89.1734 0.0000e+00
        515 175.512541    0.03569     2.1418    128.507     31.293  50079.184    31.4440     6.9869     31.000     6.9833    24.6208     7.2344    10.3387    104.651    315.326    323.089   -0.00072    6.91292    9.87925  301.31241   15.54285 1.6805e+00     0.1630     0.4558    89.2314 0.0000e+00
        520 175.512555    0.03603     2.1619    129.716     32.306  50077.958    31.4424     6.9849     32.000     6.9801    24.6198     7.2239    10.3237    104.493    314.869    322.620   -0.00121    6.91331    9.87981  301.32962   15.54368 1.5384e+00     0.1686     0.4491    89.3791 0.0000e+00
        525 175.512569    0.03637     2.1822    130.930     33.312  50077.244    31.4401     6.9776     33.000     6.9711    24.6190     7.2214    10.3200    104.437    314.756    322.505   -0.00134    6.91459    9.88164  301.38573   15.54636 1.3811e+00     0.1833     0.4551    89.2467 0.0000e+00
        530 175.512583    0.03672     2.2031    132.184     34.326  50081.038    31.4411     6.9706     34.000     6.9653    24.6207     7.2258    10.3265    104.485    314.952    322.706   -0.00072    6.91567    9.88318  301.43230   15.54858 1.2855e+00     0.1549     0.4594    89.1511 0.0000e+00
        534 175.512596    0.03704     2.2225    133.349     35.334  50098.042    31.4519     6.9678     35.000     6.9712    24.6296     7.2234    10.3230    104.451    314.842    322.597   -0.00076    6.91561    9.88310  301.42715   15.54829 1.1646e+00     0.1712     0.4647    89.0332 0.0000e+00
        539 175.512610    0.03736     2.2417    134.503     36.341  50063.096    31.4284     6.9750     36.000     6.9596    24.6102     7.2244    10.3244    104.466    314.892    322.642   -0.00056    6.91554    9.88299  301.42942   15.54849 1.0634e+00     0.1620     0.4591    89.1569 0.0000e+00
        544 175.512624    0.03771     2.2623    135.739     37.354  50077.768    31.4325     6.9425     37.000     6.9320    24.6176     7.2216    10.3205    104.351    314.770    322.518   -0.00099    6.92055    9.89016  301.64603   15.55881 1.0773e+00     0.1469     0.4709    88.8940 0.0000e+00
        549 175.512638    0.03803     2.2815    136.889     38.363  50088.961    31.4375     6.9293     38.000     6.9228    24.6232     7.2131    10.3082    104.199    314.396    322.138   -0.00169    6.92243    9.89285  301.72634   15.56262 1.0050e+00     0.1426     0.4705    88.9018 0.0000e+00
        553 175.512650    0.03833     2.3000    138.001     39.369  50087.354    31.4341     6.9197     39.000     6.9117    24.6219     7.2110    10.3052    104.142    314.302    322.040   -0.00158    6.92412    9.89526  301.80033   15.56616 8.7920e-01     0.1467     0.4754    88.7934 0.0000e+00
        558 175.512665    0.03868     2.3207    139.241     40.384  50097.914    31.4398     6.9125     40.000     6.9089    24.6272     7.2058    10.2978    104.054    314.075    321.810   -0.00164    6.92501    9.89654  301.83782   15.56793 7.7684e-01     0.1510     0.4759    88.7834 0.0000e+00
        563 175.512678    0.03900     2.3399    140.393     41.388  50091.950    31.4347     6.9099     41.000     6.9030    24.6236     7.2021    10.2925    103.991    313.916    321.645   -0.00157    6.92566    9.89747  301.86731   15.56935 6.9497e-01     0.1575     0.4760    88.7817 0.0000e+00
        567 175.512692    0.03934     2.3604    141.624     42.406  50102.310    31.4406     6.9054     42.000     6.9023    24.6289     7.1987    10.2876    103.934    313.763    321.490   -0.00155    6.92612    9.89811  301.88533   15.57019 6.4907e-01     0.2827     0.4779    88.7372 0.0000e+00
        572 175.512705    0.03965     2.3789    142.736     43.406  50094.131    31.4337     6.9013     43.000     6.8941    24.6240     7.1960    10.2839    103.882    313.651    321.375   -0.00139    6.92709    9.89950  301.92921   15.57231 5.9767e-01     0.1607     0.4850    88.5815 0.0000e+00
        577 175.512720    0.04000     2.4003    144.015     44.422  50104.495    31.4396     6.8962     44.000     6.8938    24.6293     7.1941    10.2812    103.847    313.568    321.291   -0.00130    6.92763    9.90028  301.95105   15.57333 5.3102e-01     0.1859     0.4871    88.5346 0.0000e+00
        582 175.512734    0.04034     2.4205    145.231     45.428  50112.150    31.4459     6.9046     45.000     6.9050    24.6332     7.1969    10.2851    103.911    313.686    321.413   -0.00063    6.92601    9.89796  301.87933   15.56988 4.9579e-01     0.1480     0.4866    88.5454 0.0000e+00
        587 175.512750    0.04071     2.4425    146.552     46.441  50090.836    31.4311     6.9070     46.000     6.8959    24.6212     7.1988    10.2877    103.934    313.771    321.497   -0.00033    6.92629    9.89837  301.89530   15.57071 4.4436e-01     0.1558     0.4785    88.7244 0.0000e+00
        592 175.512764    0.04106     2.4637    147.824     47.448  50080.286    31.4182     6.8784     47.000     6.8599    24.6148     7.1916    10.2776    103.754    313.463    321.179   -0.00127    6.93146    9.90575  302.12220   15.58158 3.9069e-01     0.1610     0.4961    88.3357 0.0000e+00
        597 175.512779    0.04141     2.4844    149.061     48.460  50120.690    31.4425     6.8594     48.000     6.8613    24.6363     7.1884    10.2730    103.678    313.315    321.034   -0.00136    6.93340    9.90852  302.20056   15.58522 3.9102e-01     0.1629     0.5013    88.2207 0.0000e+00
        602 175.512792    0.04174     2.5044    150.266     49.469  50111.586    31.4387     6.8767     49.000     6.8741    24.6312     7.1768    10.2563    103.549    312.809    320.514   -0.00169    6.93080    9.90480  302.08853   15.57989 3.5181e-01     0.1627     0.4937    88.3885 0.0000e+00
        607 175.512806    0.04207     2.5242    151.450     50.478  50097.136    31.4277     6.8736     50.000     6.8627    24.6229     7.1763    10.2557    103.527    312.791    320.493   -0.00146    6.93180    9.90624  302.13484   15.58214 3.4060e-01     0.1541     0.4988    88.2768 0.0000e+00
        611 175.512819    0.04239     2.5434    152.601     51.488  50113.934    31.4366     6.8614     51.000     6.8575    24.6316     7.1830    10.2652    103.601    313.081    320.793   -0.00068    6.93336    9.90846  302.19993   15.58521 3.0994e-01     0.1890     0.5048    88.1425 0.0000e+00
        616 175.512833    0.04272     2.5629    153.773     52.497  50124.002    31.4440     6.8656     52.000     6.8672    24.6368     7.1820    10.2637    103.601    313.033    320.745   -0.00057    6.93234    9.90701  302.15421   15.58300 2.9470e-01     0.1683     0.5060    88.1173 0.0000e+00
        621 175.512847    0.04305     2.5831    154.983     53.509  50114.516    31.4391     6.8777     53.000     6.8749    24.6314     7.1837    10.2663    103.652    313.114    320.827   -0.00026    6.93061    9.90454  302.08049   15.57951 3.0160e-01     0.1520     0.4969    88.3175 0.0000e+00
