CTD-processing/allCTD/CNV/2022_02-28_ab_s08_cast074_4141.cnv
* Sea-Bird SBE19plus Data File:
* FileName = C:\Users\steve\Desktop\GWA\CTD\2022_02-28_AB\2022_02-28_AB_S0_cast074.hex
* Software Version 1.59
* Temperature SN =  4141
* Conductivity SN =  4141
* System UpLoad Time = Mar 03 2022 14:56:17
** Cook Inlet LTM AlongBay
** Date: 02-28-2022
** Station:S08
** Start Time (AKST):14:41
** Depth (m):84
** Comment:
** Comment:
# nquan = 27
# nvalues = 81                          
# units = specified
# name 0 = scan: Scan Count
# name 1 = timeJ: Julian Days
# name 2 = timeH: Time, Elapsed [hours]
# name 3 = timeM: Time, Elapsed [minutes]
# name 4 = timeS: Time, Elapsed [seconds]
# name 5 = prdM: Pressure, Strain Gauge [db]
# name 6 = specc: Specific Conductance [uS/cm]
# name 7 = sal00: Salinity, Practical [PSU]
# name 8 = tv290C: Temperature [ITS-90, deg C]
# name 9 = depSM: Depth [salt water, m], lat = 59.00
# name 10 = potemp090C: Potential Temperature [ITS-90, deg C]
# name 11 = sigma-é00: Density [sigma-theta, kg/m^3]
# name 12 = sbeox0ML/L: Oxygen, SBE 43 [ml/l]
# name 13 = sbeox0Mg/L: Oxygen, SBE 43 [mg/l]
# name 14 = sbeox0PS: Oxygen, SBE 43 [% saturation]
# name 15 = sbox0Mm/Kg: Oxygen, SBE 43 [umol/kg]
# name 16 = sbeox0Mm/L: Oxygen, SBE 43 [umol/l]
# name 17 = sbox0dV/dT: Oxygen, SBE 43 [dov/dt]
# name 18 = oxsolML/L: Oxygen Saturation, Garcia & Gordon [ml/l]
# name 19 = oxsolMg/L: Oxygen Saturation, Garcia & Gordon [mg/l]
# name 20 = oxsolMm/Kg: Oxygen Saturation, Garcia & Gordon [umol/kg]
# name 21 = n2satMg/L: Nitrogen Saturation [mg/l]
# name 22 = par: PAR/Irradiance, Biospherical/Licor
# name 23 = wetStar: Fluorescence, WET Labs WETstar [mg/m^3]
# name 24 = CStarAt0: Beam Attenuation, WET Labs C-Star [1/m]
# name 25 = CStarTr0: Beam Transmission, WET Labs C-Star [%]
# name 26 = flag: flag
# span 0 =        272,        648       
# span 1 =  59.612855,  59.613943       
# span 2 =    0.01879,    0.04491       
# span 3 =     1.1272,     2.6944       
# span 4 =     67.631,    161.661       
# span 5 =      1.012,     81.755       
# span 6 =  50690.864,  51486.841       
# span 7 =    31.0098,    31.4866       
# span 8 =     2.7643,     2.9524       
# span 9 =      1.000,     81.000       
# span 10 =     2.7585,     2.9547      
# span 11 =    24.7051,    25.0902      
# span 12 =     7.1723,     7.3595      
# span 13 =    10.2499,    10.5174      
# span 14 =     93.903,     96.184      
# span 15 =    312.593,    320.661      
# span 16 =    320.316,    328.674      
# span 17 =   -0.00349,    0.05273      
# span 18 =    7.61367,    7.65677      
# span 19 =   10.88070,   10.94230      
# span 20 =  331.70875,  333.62944      
# span 21 =   16.98940,   17.08137      
# span 22 = 3.6908e-02, 8.5791e+01      
# span 23 =     0.1488,     0.5119      
# span 24 =     0.7077,     1.4037      
# span 25 =    70.4036,    83.7839      
# span 26 = 0.0000e+00, 0.0000e+00      
# interval = meters: 1                  
# start_time = Feb 28 2022 14:41:23 [Instrument's time stamp, header]
# bad_flag = -9.990e-29
*END*
[from data line 54]
        522  59.613578    0.03615     2.1692    130.153     55.526  51409.114    31.4668     2.9510     55.000     2.9416    25.0699     7.2391    10.3454     95.076    315.391    323.298   -0.00064    7.61395   10.88109  331.72270   16.99010 3.6908e-02     0.2285     0.7224    83.4763 0.0000e+00
        526  59.613591    0.03647     2.1879    131.274     56.535  51422.772    31.4717     2.9366     56.000     2.9310    25.0749     7.2389    10.3451     95.043    315.381    323.289   -0.00075    7.61642   10.88462  331.82868   16.99511 3.6908e-02     0.2290     0.7722    82.4438 0.0000e+00
        531  59.613605    0.03680     2.2077    132.461     57.547  51425.113    31.4715     2.9318     57.000     2.9250    25.0751     7.2344    10.3388     94.974    315.188    323.091   -0.00092    7.61735   10.88595  331.86908   16.99703 3.6908e-02     0.2263     0.7940    81.9955 0.0000e+00
        536  59.613619    0.03712     2.2272    133.630     58.555  51429.988    31.4718     2.9226     58.000     2.9154    25.0762     7.2324    10.3358     94.925    315.097    322.998   -0.00096    7.61906   10.88840  331.94339   17.00057 3.6908e-02     0.2221     0.8664    80.5286 0.0000e+00
        540  59.613632    0.03746     2.2474    134.844     59.567  51435.504    31.4724     2.9128     59.000     2.9046    25.0775     7.2250    10.3252     94.805    314.774    322.668   -0.00135    7.62090   10.89102  332.02283   17.00434 3.6908e-02     0.2210     0.9620    78.6259 0.0000e+00
        545  59.613646    0.03779     2.2670    136.022     60.572  51433.012    31.4651     2.8936     60.000     2.8795    25.0732     7.2194    10.3173     94.681    314.530    322.416   -0.00161    7.62492   10.89678  332.19970   17.01276 3.6908e-02     0.2156     1.0720    76.4964 0.0000e+00
        550  59.613661    0.03814     2.2885    137.308     61.588  51455.359    31.4741     2.8727     61.000     2.8657    25.0821     7.2138    10.3092     94.565    314.286    322.169   -0.00181    7.62844   10.90180  332.34994   17.01986 3.6908e-02     0.2224     1.1899    74.2680 0.0000e+00
        555  59.613674    0.03846     2.3076    138.456     62.594  51466.919    31.4792     2.8647     62.000     2.8633    25.0868     7.2108    10.3049     94.510    314.153    322.034   -0.00167    7.62968   10.90358  332.40256   17.02234 3.6908e-02     0.2162     1.2426    73.2976 0.0000e+00
        560  59.613688    0.03880     2.3278    139.668     63.604  51466.035    31.4811     2.8761     63.000     2.8745    25.0874     7.2034    10.2944     94.441    313.831    321.704   -0.00162    7.62742   10.90035  332.30397   17.01765 3.6908e-02     0.2059     1.2119    73.8627 0.0000e+00
        565  59.613703    0.03914     2.3482    140.890     64.616  51446.098    31.4660     2.8720     64.000     2.8595    25.0757     7.2062    10.2983     94.458    313.956    321.828   -0.00114    7.62898   10.90258  332.37575   17.02112 3.6908e-02     0.2217     1.2008    74.0677 0.0000e+00
        569  59.613715    0.03944     2.3667    142.000     65.622  51469.770    31.4784     2.8604     65.000     2.8569    25.0865     7.1980    10.2867     94.332    313.597    321.464   -0.00153    7.63054   10.90480  332.44006   17.02413 3.6908e-02     0.2189     1.2252    73.6163 0.0000e+00
        574  59.613729    0.03976     2.3860    143.159     66.636  51468.828    31.4771     2.8600     66.000     2.8554    25.0856     7.1983    10.2871     94.333    313.609    321.475   -0.00121    7.63068   10.90501  332.44668   17.02445 3.6908e-02     0.2082     1.2471    73.2151 0.0000e+00
        578  59.613741    0.04008     2.4045    144.268     67.642  51473.239    31.4788     2.8572     67.000     2.8538    25.0871     7.1992    10.2884     94.341    313.650    321.518   -0.00095    7.63112   10.90563  332.46513   17.02532 3.6908e-02     0.2072     1.2760    72.6876 0.0000e+00
        583  59.613756    0.04041     2.4246    145.477     68.653  51477.251    31.4816     2.8594     68.000     2.8593    25.0892     7.1970    10.2852     94.318    313.552    321.419   -0.00086    7.63056   10.90483  332.44006   17.02412 3.6908e-02     0.2136     1.2718    72.7641 0.0000e+00
        588  59.613769    0.04073     2.4442    146.652     69.663  51469.966    31.4788     2.8691     69.000     2.8656    25.0861     7.1879    10.2723     94.220    313.159    321.015   -0.00109    7.62887   10.90241  332.36734   17.02067 3.6908e-02     0.2133     1.2300    73.5273 0.0000e+00
        592  59.613783    0.04106     2.4636    147.814     70.671  51464.669    31.4736     2.8649     70.000     2.8572    25.0824     7.1922    10.2785     94.264    313.348    321.207   -0.00078    7.62993   10.90393  332.41482   17.02294 3.6908e-02     0.2016     1.2427    73.2963 0.0000e+00
        597  59.613797    0.04140     2.4841    149.043     71.684  51478.063    31.4808     2.8602     71.000     2.8584    25.0885     7.1946    10.2818     94.287    313.445    321.309   -0.00045    7.63045   10.90467  332.43543   17.02390 3.6908e-02     0.2069     1.2926    72.3885 0.0000e+00
        602  59.613811    0.04173     2.5037    150.222     72.692  51472.818    31.4778     2.8641     72.000     2.8598    25.0858     7.1914    10.2773     94.254    313.310    321.169   -0.00059    7.62988   10.90386  332.41146   17.02277 3.6908e-02     0.2074     1.3334    71.6518 0.0000e+00
        607  59.613825    0.04208     2.5248    151.489     73.703  51474.555    31.4781     2.8629     73.000     2.8588    25.0861     7.1945    10.2816     94.291    313.441    321.305   -0.00031    7.63007   10.90413  332.41979   17.02317 3.6908e-02     0.2035     1.3371    71.5857 0.0000e+00
        612  59.613839    0.04242     2.5453    152.718     74.710  51477.373    31.4795     2.8629     74.000     2.8595    25.0873     7.1926    10.2790     94.267    313.359    321.221   -0.00039    7.63001   10.90404  332.41673   17.02302 3.6908e-02     0.1998     1.3487    71.3797 0.0000e+00
        617  59.613855    0.04280     2.5676    154.056     75.723  51474.961    31.4775     2.8637     75.000     2.8588    25.0857     7.1939    10.2808     94.285    313.417    321.279   -0.00024    7.62996   10.90398  332.41516   17.02295 3.6908e-02     0.2125     1.3443    71.4575 0.0000e+00
        622  59.613869    0.04313     2.5881    155.286     76.731  51476.980    31.4776     2.8609     76.000     2.8561    25.0859     7.1894    10.2744     94.220    313.223    321.080   -0.00054    7.63048   10.90472  332.43766   17.02402 3.6908e-02     0.2211     1.3559    71.2500 0.0000e+00
        627  59.613883    0.04347     2.6084    156.503     77.742  51480.009    31.4792     2.8612     77.000     2.8573    25.0872     7.1912    10.2769     94.244    313.299    321.159   -0.00038    7.63036   10.90454  332.43206   17.02374 3.6908e-02     0.2114     1.3590    71.1951 0.0000e+00
        632  59.613897    0.04382     2.6289    157.735     78.751  51478.917    31.4781     2.8615     78.000     2.8564    25.0863     7.1928    10.2793     94.266    313.369    321.231   -0.00020    7.63035   10.90453  332.43184   17.02374 3.6908e-02     0.2035     1.3504    71.3465 0.0000e+00
        637  59.613912    0.04417     2.6498    158.990     79.756  51480.228    31.4779     2.8593     79.000     2.8546    25.0863     7.1917    10.2777     94.247    313.323    321.183   -0.00030    7.63077   10.90513  332.45023   17.02462 3.6908e-02     0.2155     1.3438    71.4672 0.0000e+00
        643  59.613928    0.04455     2.6734    160.403     80.775  51485.737    31.4812     2.8598     80.000     2.8581    25.0888     7.1915    10.2774     94.247    313.311    321.172   -0.00025    7.63050   10.90474  332.43749   17.02399 3.6908e-02     0.2084     1.3512    71.3334 0.0000e+00
        648  59.613943    0.04491     2.6944    161.661     81.755  51486.841    31.4836     2.8684     81.000     2.8681    25.0902     7.1904    10.2758     94.254    313.264    321.124   -0.00029    7.62874   10.90223  332.36055   17.02034 3.6908e-02     0.1945     1.3896    70.6529 0.0000e+00
