CTD-processing/allCTD/CNV/2022_03-22_t9_s02_cast109_4141.cnv
* Sea-Bird SBE19plus Data File:
* FileName = C:\GWA\CTD\2022_03-22_T9\2022_03-22_T9_S0_cast109.hex
* Software Version 1.59
* Temperature SN =  4141
* Conductivity SN =  4141
* System UpLoad Time = Mar 23 2022 12:44:17
** Cook Inlet LTM T9
** Date: 03-22-2022
** Station:S02
** Start Time (AKDT):12:11
** Depth (m):74
** Comment:
** Comment:
# nquan = 27
# nvalues = 67                          
# units = specified
# name 0 = scan: Scan Count
# name 1 = timeJ: Julian Days
# name 2 = timeH: Time, Elapsed [hours]
# name 3 = timeM: Time, Elapsed [minutes]
# name 4 = timeS: Time, Elapsed [seconds]
# name 5 = prdM: Pressure, Strain Gauge [db]
# name 6 = specc: Specific Conductance [uS/cm]
# name 7 = sal00: Salinity, Practical [PSU]
# name 8 = tv290C: Temperature [ITS-90, deg C]
# name 9 = depSM: Depth [salt water, m], lat = 59.00
# name 10 = potemp090C: Potential Temperature [ITS-90, deg C]
# name 11 = sigma-é00: Density [sigma-theta, kg/m^3]
# name 12 = sbeox0ML/L: Oxygen, SBE 43 [ml/l]
# name 13 = sbeox0Mg/L: Oxygen, SBE 43 [mg/l]
# name 14 = sbeox0PS: Oxygen, SBE 43 [% saturation]
# name 15 = sbox0Mm/Kg: Oxygen, SBE 43 [umol/kg]
# name 16 = sbeox0Mm/L: Oxygen, SBE 43 [umol/l]
# name 17 = sbox0dV/dT: Oxygen, SBE 43 [dov/dt]
# name 18 = oxsolML/L: Oxygen Saturation, Garcia & Gordon [ml/l]
# name 19 = oxsolMg/L: Oxygen Saturation, Garcia & Gordon [mg/l]
# name 20 = oxsolMm/Kg: Oxygen Saturation, Garcia & Gordon [umol/kg]
# name 21 = n2satMg/L: Nitrogen Saturation [mg/l]
# name 22 = par: PAR/Irradiance, Biospherical/Licor
# name 23 = wetStar: Fluorescence, WET Labs WETstar [mg/m^3]
# name 24 = CStarAt0: Beam Attenuation, WET Labs C-Star [1/m]
# name 25 = CStarTr0: Beam Transmission, WET Labs C-Star [%]
# name 26 = flag: flag
# span 0 =        275,        622       
# span 1 =  81.508732,  81.509738       
# span 2 =    0.01900,    0.04315       
# span 3 =     1.1399,     2.5892       
# span 4 =     68.392,    155.353       
# span 5 =      1.011,     67.630       
# span 6 =  51051.838,  51150.363       
# span 7 =    31.4223,    31.5456       
# span 8 =     3.6148,     4.0091       
# span 9 =      1.000,     67.000       
# span 10 =     3.6154,     4.0087      
# span 11 =    24.9769,    25.0387      
# span 12 =     7.0953,     7.1732      
# span 13 =    10.1399,    10.2512      
# span 14 =     95.005,     96.136      
# span 15 =    309.134,    312.545      
# span 16 =    316.875,    320.354      
# span 17 =   -0.00079,    0.03549      
# span 18 =    7.41412,    7.49226      
# span 19 =   10.59552,   10.70719      
# span 20 =  323.02636,  326.45058      
# span 21 =   16.57647,   16.73976      
# span 22 = 3.6908e-02, 1.3336e+02      
# span 23 =     0.1952,     0.4078      
# span 24 =     0.9251,     1.1629      
# span 25 =    74.7732,    79.3530      
# span 26 = 0.0000e+00, 0.0000e+00      
# interval = meters: 1                  
# start_time = Mar 22 2022 12:11:26 [Instrument's time stamp, header]
# bad_flag = -9.990e-29
*END*
        275  81.508732    0.01900     1.1399     68.392      1.011  51051.838    31.4223     3.6148      1.000     3.6154    24.9769     7.1180    10.1724     95.005    310.145    317.891    0.03549    7.49226   10.70719  326.45058   16.73976 1.3336e+02     0.2004     0.9694    78.4782 0.0000e+00
        280  81.508746    0.01936     1.1615     69.691      2.018  51052.063    31.4224     3.6166      2.000     3.6166    24.9769     7.1195    10.1745     95.029    310.209    317.957    0.02553    7.49192   10.70670  326.43584   16.73905 9.5188e+01     0.1952     0.9730    78.4081 0.0000e+00
        285  81.508761    0.01971     1.1826     70.953      3.029  51053.199    31.4227     3.6168      3.000     3.6169    24.9771     7.1264    10.1844     95.123    310.511    318.267    0.01888    7.49188   10.70664  326.43383   16.73896 7.1298e+01     0.2357     0.9846    78.1804 0.0000e+00
        290  81.508775    0.02004     1.2022     72.132      4.039  51054.287    31.4231     3.6174      4.000     3.6171    24.9774     7.1244    10.1815     95.097    310.423    318.176    0.01375    7.49175   10.70645  326.42798   16.73869 5.5420e+01     0.2500     1.0022    77.8378 0.0000e+00
        295  81.508789    0.02039     1.2231     73.386      5.047  51057.221    31.4247     3.6177      5.000     3.6178    24.9786     7.1322    10.1926     95.202    310.761    318.523    0.01048    7.49162   10.70627  326.42209   16.73840 4.4144e+01     0.2810     1.0048    77.7858 0.0000e+00
        300  81.508804    0.02073     1.2441     74.647      6.058  51059.638    31.4263     3.6196      6.000     3.6198    24.9797     7.1333    10.1942     95.223    310.811    318.575    0.00754    7.49119   10.70565  326.40297   16.73748 3.4680e+01     0.3445     1.0089    77.7074 0.0000e+00
        305  81.508819    0.02109     1.2657     75.942      7.066  51055.837    31.4230     3.6189      7.000     3.6179    24.9771     7.1394    10.2029     95.300    311.077    318.846    0.00580    7.49148   10.70608  326.41672   16.73815 2.7772e+01     0.3879     1.0127    77.6333 0.0000e+00
        310  81.508835    0.02147     1.2883     77.297      8.078  51059.875    31.4250     3.6181      8.000     3.6175    24.9788     7.1391    10.2024     95.295    311.059    318.829    0.00405    7.49152   10.70613  326.41773   16.73819 2.1516e+01     0.3973     1.0131    77.6258 0.0000e+00
        315  81.508849    0.02181     1.3087     78.523      9.082  51059.393    31.4242     3.6182      9.000     3.6179    24.9782     7.1414    10.2058     95.326    311.163    318.935    0.00300    7.49154   10.70615  326.41872   16.73824 1.7449e+01     0.3898     1.0174    77.5427 0.0000e+00
        321  81.508866    0.02222     1.3332     79.992     10.095  51062.355    31.4260     3.6192     10.000     3.6190    24.9795     7.1498    10.2179     95.443    311.531    319.313    0.00254    7.49126   10.70576  326.40635   16.73764 1.3708e+01     0.4011     1.0094    77.6963 0.0000e+00
        326  81.508881    0.02260     1.3557     81.341     11.102  51062.341    31.4256     3.6199     11.000     3.6197    24.9792     7.1541    10.2239     95.500    311.714    319.501    0.00205    7.49116   10.70562  326.40210   16.73744 1.0909e+01     0.3954     1.0033    77.8163 0.0000e+00
        333  81.508899    0.02303     1.3814     82.886     12.116  51062.688    31.4258     3.6218     12.000     3.6212    24.9791     7.1533    10.2229     95.495    311.684    319.469    0.00126    7.49081   10.70510  326.38635   16.73669 8.5763e+00     0.4078     0.9982    77.9150 0.0000e+00
        338  81.508914    0.02338     1.4030     84.182     13.125  51063.263    31.4257     3.6220     13.000     3.6212    24.9791     7.1564    10.2272     95.536    311.814    319.603    0.00108    7.49076   10.70504  326.38458   16.73661 6.7346e+00     0.4053     1.0163    77.5632 0.0000e+00
        343  81.508929    0.02373     1.4237     85.423     14.128  51064.753    31.4262     3.6219     14.000     3.6210    24.9795     7.1566    10.2274     95.539    311.823    319.612    0.00071    7.49075   10.70503  326.38401   16.73658 5.3570e+00     0.3786     1.0162    77.5641 0.0000e+00
        348  81.508945    0.02413     1.4475     86.849     15.151  51065.876    31.4264     3.6217     15.000     3.6209    24.9797     7.1631    10.2367     95.625    312.104    319.901    0.00083    7.49078   10.70507  326.38523   16.73664 4.1871e+00     0.3931     1.0138    77.6124 0.0000e+00
        353  81.508958    0.02444     1.4662     87.973     16.147  51067.233    31.4271     3.6225     16.000     3.6225    24.9801     7.1598    10.2321     95.584    311.964    319.757    0.00041    7.49060   10.70482  326.37748   16.73627 3.2935e+00     0.3948     1.0269    77.3591 0.0000e+00
        358  81.508973    0.02480     1.4882     89.292     17.163  51068.057    31.4276     3.6251     17.000     3.6254    24.9803     7.1616    10.2346     95.614    312.040    319.835    0.00038    7.49010   10.70410  326.35540   16.73521 2.5840e+00     0.3840     1.0146    77.5953 0.0000e+00
        363  81.508987    0.02514     1.5082     90.494     18.171  51091.792    31.4464     3.6378     18.000     3.6469    24.9941     7.1588    10.2307     95.620    311.919    319.716    0.00020    7.48681   10.69941  326.20784   16.72813 2.0203e+00     0.3866     1.0356    77.1902 0.0000e+00
        368  81.509002    0.02549     1.5290     91.743     19.181  51067.198    31.4334     3.6546     19.000     3.6536    24.9822     7.1650    10.2395     95.733    312.190    319.989    0.00068    7.48436   10.69591  326.10479   16.72328 1.5929e+00     0.3743     1.0619    76.6851 0.0000e+00
        373  81.509016    0.02582     1.5494     92.966     20.191  51065.662    31.4314     3.6529     20.000     3.6512    24.9807     7.1667    10.2419     95.750    312.264    320.065    0.00051    7.48479   10.69652  326.12408   16.72421 1.2357e+00     0.3660     1.0706    76.5169 0.0000e+00
        378  81.509030    0.02615     1.5693     94.155     21.195  51071.574    31.4353     3.6545     21.000     3.6540    24.9838     7.1672    10.2426     95.762    312.283    320.085    0.00038    7.48431   10.69583  326.10221   16.72315 9.8156e-01     0.3661     1.0671    76.5833 0.0000e+00
        383  81.509046    0.02655     1.5929     95.576     22.213  51069.280    31.4331     3.6541     22.000     3.6527    24.9821     7.1697    10.2461     95.793    312.393    320.197    0.00037    7.48449   10.69608  326.11026   16.72354 7.5766e-01     0.3777     1.0491    76.9299 0.0000e+00
        388  81.509061    0.02691     1.6143     96.860     23.219  51074.227    31.4367     3.6571     23.000     3.6570    24.9847     7.1683    10.2443     95.785    312.335    320.139    0.00015    7.48377   10.69506  326.07805   16.72200 5.9900e-01     0.3732     1.0541    76.8337 0.0000e+00
        393  81.509075    0.02725     1.6348     98.089     24.228  51072.204    31.4354     3.6595     24.000     3.6584    24.9834     7.1709    10.2478     95.824    312.445    320.250    0.00026    7.48337   10.69449  326.06126   16.72120 4.6981e-01     0.3810     1.0651    76.6234 0.0000e+00
        398  81.509089    0.02757     1.6542     99.254     25.235  51070.658    31.4339     3.6596     25.000     3.6578    24.9822     7.1681    10.2440     95.787    312.327    320.130   -0.00003    7.48342   10.69456  326.06379   16.72133 3.7283e-01     0.3618     1.0808    76.3229 0.0000e+00
        404  81.509105    0.02796     1.6773    100.640     26.249  51075.922    31.4369     3.6597     26.000     3.6591    24.9846     7.1721    10.2498     95.843    312.501    320.309    0.00016    7.48325   10.69432  326.05564   16.72093 2.9379e-01     0.3783     1.0685    76.5576 0.0000e+00
        409  81.509119    0.02830     1.6980    101.877     27.257  51083.428    31.4426     3.6641     27.000     3.6679    24.9888     7.1681    10.2439     95.802    312.322    320.126   -0.00015    7.48217   10.69277  326.00704   16.71860 2.2819e-01     0.3676     1.0914    76.1205 0.0000e+00
        414  81.509134    0.02865     1.7192    103.155     28.265  51080.302    31.4434     3.6779     28.000     3.6788    24.9881     7.1728    10.2507     95.899    312.529    320.339    0.00029    7.47960   10.68909  325.89521   16.71328 1.8231e-01     0.3623     1.1048    75.8652 0.0000e+00
        419  81.509149    0.02902     1.7411    104.466     29.279  51073.491    31.4392     3.6817     29.000     3.6801    24.9844     7.1732    10.2512     95.910    312.545    320.354    0.00027    7.47910   10.68839  325.87496   16.71233 1.4272e-01     0.3643     1.1247    75.4899 0.0000e+00
        424  81.509163    0.02935     1.7610    105.658     30.282  51081.138    31.4446     3.6849     30.000     3.6857    24.9885     7.1677    10.2434     95.847    312.305    320.109   -0.00019    7.47824   10.68715  325.83601   16.71046 1.1636e-01     0.3602     1.1460    75.0883 0.0000e+00
        429  81.509178    0.02972     1.7836    107.017     31.294  51081.088    31.4458     3.6919     31.000     3.6919    24.9888     7.1666    10.2417     95.850    312.256    320.059   -0.00018    7.47690   10.68524  325.77750   16.70767 9.6912e-02     0.3565     1.1290    75.4096 0.0000e+00
        434  81.509194    0.03009     1.8054    108.326     32.307  51077.067    31.4431     3.6944     32.000     3.6926    24.9864     7.1646    10.2391     95.828    312.176    319.976   -0.00028    7.47658   10.68478  325.76431   16.70705 8.0016e-02     0.3782     1.1465    75.0793 0.0000e+00
        440  81.509210    0.03049     1.8296    109.774     33.314  51078.945    31.4442     3.6955     33.000     3.6937    24.9872     7.1605    10.2331     95.776    311.992    319.789   -0.00047    7.47633   10.68442  325.75310   16.70652 6.9350e-02     0.3460     1.1298    75.3955 0.0000e+00
        446  81.509226    0.03087     1.8523    111.136     34.323  51078.986    31.4439     3.6962     34.000     3.6942    24.9869     7.1566    10.2275     95.725    311.822    319.614   -0.00065    7.47620   10.68424  325.74768   16.70626 6.0641e-02     0.3529     1.1629    74.7732 0.0000e+00
        451  81.509243    0.03126     1.8758    112.551     35.334  51081.416    31.4451     3.6963     35.000     3.6950    24.9878     7.1593    10.2313     95.762    311.938    319.733   -0.00034    7.47614   10.68415  325.74463   16.70611 5.3409e-02     0.3598     1.1461    75.0881 0.0000e+00
        457  81.509258    0.03164     1.8983    113.897     36.338  51101.024    31.4602     3.7057     36.000     3.7115    24.9990     7.1603    10.2328     95.808    311.981    319.779   -0.00011    7.47365   10.68059  325.63264   16.70073 4.8265e-02     0.3583     1.1103    75.7625 0.0000e+00
        462  81.509274    0.03202     1.9212    115.271     37.353  51090.142    31.4565     3.7232     37.000     3.7225    24.9945     7.1642    10.2384     95.899    312.155    319.957    0.00035    7.47062   10.67627  325.50242   16.69455 4.5079e-02     0.3426     1.0461    76.9876 0.0000e+00
        468  81.509290    0.03240     1.9440    116.638     38.365  51092.147    31.4584     3.7273     38.000     3.7250    24.9956     7.1597    10.2318     95.849    311.952    319.749   -0.00005    7.46978   10.67505  325.46496   16.69277 4.2911e-02     0.3347     1.0216    77.4618 0.0000e+00
        473  81.509305    0.03276     1.9653    117.916     39.369  51093.231    31.4582     3.7254     39.000     3.7250    24.9956     7.1546    10.2247     95.777    311.734    319.526   -0.00039    7.47013   10.67556  325.48046   16.69350 4.0746e-02     0.3361     1.0253    77.3885 0.0000e+00
        479  81.509322    0.03317     1.9902    119.412     40.383  51094.253    31.4600     3.7321     40.000     3.7306    24.9964     7.1564    10.2273     95.818    311.813    319.607   -0.00021    7.46882   10.67369  325.42315   16.69077 3.9601e-02     0.3329     1.0095    77.6953 0.0000e+00
        484  81.509337    0.03354     2.0125    120.748     41.387  51085.286    31.4531     3.7312     41.000     3.7257    24.9910     7.1616    10.2347     95.881    312.040    319.838    0.00012    7.46933   10.67441  325.44680   16.69192 3.8092e-02     0.3339     1.0196    77.5002 0.0000e+00
        490  81.509355    0.03396     2.0373    122.239     42.408  51092.310    31.4558     3.7246     42.000     3.7219    24.9938     7.1538    10.2235     95.762    311.698    319.489   -0.00049    7.47040   10.67595  325.49269   16.69410 3.7038e-02     0.3314     1.0169    77.5512 0.0000e+00
        494  81.509367    0.03427     2.0558    123.347     43.406  51096.505    31.4585     3.7259     43.000     3.7242    24.9958     7.1581    10.2295     95.823    311.882    319.678   -0.00019    7.47003   10.67543  325.47640   16.69331 3.6931e-02     0.3229     1.0444    77.0215 0.0000e+00
        500  81.509383    0.03464     2.0787    124.720     44.420  51094.247    31.4567     3.7271     44.000     3.7243    24.9943     7.1645    10.2388     95.911    312.163    319.966    0.00023    7.46989   10.67522  325.47034   16.69303 3.6909e-02     0.3217     1.0131    77.6265 0.0000e+00
        505  81.509399    0.03503     2.1016    126.097     45.436  51098.869    31.4594     3.7275     45.000     3.7260    24.9964     7.1622    10.2355     95.883    312.063    319.863   -0.00003    7.46968   10.67492  325.46052   16.69255 3.6914e-02     0.3170     1.0095    77.6960 0.0000e+00
        510  81.509413    0.03536     2.1212    127.273     46.436  51098.284    31.4590     3.7295     46.000     3.7271    24.9959     7.1650    10.2395     95.925    312.185    319.988    0.00011    7.46934   10.67443  325.44568   16.69185 3.6908e-02     0.3261     1.0365    77.1743 0.0000e+00
        516  81.509429    0.03574     2.1444    128.662     47.457  51101.770    31.4613     3.7311     47.000     3.7297    24.9976     7.1616    10.2346     95.885    312.037    319.837   -0.00015    7.46893   10.67384  325.42730   16.69096 3.6908e-02     0.3248     1.0259    77.3774 0.0000e+00
        520  81.509441    0.03602     2.1616    129.695     48.451  51111.887    31.4690     3.7366     48.000     3.7391    25.0032     7.1642    10.2383     95.937    312.147    319.951    0.00002    7.46754   10.67186  325.36510   16.68797 3.6908e-02     0.3320     1.0370    77.1629 0.0000e+00
        526  81.509459    0.03645     2.1869    131.217     49.475  51149.649    31.5015     3.7665     49.000     3.7875    25.0263     7.1557    10.2262     95.915    311.770    319.573   -0.00009    7.46042   10.66169  325.04769   16.67275 3.6908e-02     0.3383     1.0121    77.6440 0.0000e+00
        531  81.509473    0.03680     2.2079    132.472     50.475  51150.363    31.5172     3.8312     50.000     3.8451    25.0328     7.1557    10.2261     96.076    311.765    319.570    0.00064    7.44783   10.64370  324.49725   16.64652 3.6908e-02     0.3234     1.0180    77.5303 0.0000e+00
        536  81.509488    0.03716     2.2298    133.786     51.490  51107.182    31.4942     3.8598     51.000     3.8575    25.0119     7.1562    10.2268     96.136    311.795    319.593    0.00080    7.44378   10.63791  324.32727   16.63853 3.6908e-02     0.3005     1.0119    77.6491 0.0000e+00
        541  81.509502    0.03750     2.2499    134.994     52.495  51144.573    31.5230     3.8756     52.000     3.8861    25.0333     7.1361    10.1981     95.922    310.912    318.695   -0.00051    7.43944   10.63170  324.13138   16.62910 3.6908e-02     0.2785     1.0074    77.7365 0.0000e+00
        547  81.509519    0.03790     2.2738    136.426     53.509  51124.936    31.5148     3.8989     53.000     3.9010    25.0245     7.1267    10.1847     95.845    310.507    318.277   -0.00072    7.43563   10.62626  323.96820   16.62138 3.6908e-02     0.2915     0.9847    78.1789 0.0000e+00
