CTD-processing/allCTD/CNV/2022_03-21_ab_s08_cast104_4141.cnv
* Sea-Bird SBE19plus Data File:
* FileName = C:\GWA\CTD\2022_03-21_AB\2022_03-21_AB_S0_cast104.hex
* Software Version 1.59
* Temperature SN =  4141
* Conductivity SN =  4141
* System UpLoad Time = Mar 23 2022 12:31:43
** Cook Inlet LTM AB
** Date: 03-21-2022
** Station:S08
** Start Time (AKDT):15:21
** Depth (m):84
** Comment:
** Comment:
# nquan = 27
# nvalues = 79                          
# units = specified
# name 0 = scan: Scan Count
# name 1 = timeJ: Julian Days
# name 2 = timeH: Time, Elapsed [hours]
# name 3 = timeM: Time, Elapsed [minutes]
# name 4 = timeS: Time, Elapsed [seconds]
# name 5 = prdM: Pressure, Strain Gauge [db]
# name 6 = specc: Specific Conductance [uS/cm]
# name 7 = sal00: Salinity, Practical [PSU]
# name 8 = tv290C: Temperature [ITS-90, deg C]
# name 9 = depSM: Depth [salt water, m], lat = 59.00
# name 10 = potemp090C: Potential Temperature [ITS-90, deg C]
# name 11 = sigma-é00: Density [sigma-theta, kg/m^3]
# name 12 = sbeox0ML/L: Oxygen, SBE 43 [ml/l]
# name 13 = sbeox0Mg/L: Oxygen, SBE 43 [mg/l]
# name 14 = sbeox0PS: Oxygen, SBE 43 [% saturation]
# name 15 = sbox0Mm/Kg: Oxygen, SBE 43 [umol/kg]
# name 16 = sbeox0Mm/L: Oxygen, SBE 43 [umol/l]
# name 17 = sbox0dV/dT: Oxygen, SBE 43 [dov/dt]
# name 18 = oxsolML/L: Oxygen Saturation, Garcia & Gordon [ml/l]
# name 19 = oxsolMg/L: Oxygen Saturation, Garcia & Gordon [mg/l]
# name 20 = oxsolMm/Kg: Oxygen Saturation, Garcia & Gordon [umol/kg]
# name 21 = n2satMg/L: Nitrogen Saturation [mg/l]
# name 22 = par: PAR/Irradiance, Biospherical/Licor
# name 23 = wetStar: Fluorescence, WET Labs WETstar [mg/m^3]
# name 24 = CStarAt0: Beam Attenuation, WET Labs C-Star [1/m]
# name 25 = CStarTr0: Beam Transmission, WET Labs C-Star [%]
# name 26 = flag: flag
# span 0 =        300,        689       
# span 1 =  80.640600,  80.641726       
# span 2 =    0.02079,    0.04781       
# span 3 =     1.2478,     2.8683       
# span 4 =     74.865,    172.096       
# span 5 =      1.016,     79.754       
# span 6 =  50974.038,  51114.243       
# span 7 =    31.3016,    31.4337       
# span 8 =     3.2680,     3.6613       
# span 9 =      1.000,     79.000       
# span 10 =     3.2674,     3.6580      
# span 11 =    24.9047,    24.9833      
# span 12 =     7.1774,     7.3364      
# span 13 =    10.2572,    10.4845      
# span 14 =     95.840,     97.028      
# span 15 =    312.732,    319.678      
# span 16 =    320.543,    327.646      
# span 17 =   -0.00178,    0.00523      
# span 18 =    7.48325,    7.56154      
# span 19 =   10.69431,   10.80619      
# span 20 =  326.05673,  329.48529      
# span 21 =   16.72101,   16.88438      
# span 22 = 3.7003e-02, 6.7010e+01      
# span 23 =     0.1487,     0.7758      
# span 24 =     0.9198,     1.4444      
# span 25 =    69.6933,    79.4569      
# span 26 = 0.0000e+00, 0.0000e+00      
# interval = meters: 1                  
# start_time = Mar 21 2022 15:21:13 [Instrument's time stamp, header]
# bad_flag = -9.990e-29
*END*
[from data line 54]
        567  80.641372    0.03933     2.3596    141.578     55.520  51098.504    31.4119     3.5564     55.000     3.5586    24.9742     7.2141    10.3097     96.143    314.332    322.183   -0.00020    7.50357   10.72335  326.94413   16.76326 3.8442e-02     0.4012     1.2512    73.1425 0.0000e+00
        573  80.641390    0.03974     2.3847    143.083     56.547  51090.562    31.4094     3.5700     56.000     3.5677    24.9709     7.2130    10.3081     96.159    314.285    322.133   -0.00009    7.50118   10.71993  326.84107   16.75838 3.7388e-02     0.4111     1.1386    75.2305 0.0000e+00
        578  80.641403    0.04005     2.4032    144.194     57.539  51093.425    31.4113     3.5724     57.000     3.5712    24.9723     7.2065    10.2989     96.079    314.002    321.844   -0.00050    7.50064   10.71916  326.81722   16.75724 3.7724e-02     0.4132     1.1852    74.3610 0.0000e+00
        583  80.641418    0.04043     2.4256    145.535     58.562  51091.091    31.4106     3.5776     58.000     3.5746    24.9712     7.2064    10.2987     96.089    313.997    321.839   -0.00033    7.49971   10.71784  326.77696   16.75533 3.7722e-02     0.3886     1.1394    75.2177 0.0000e+00
        588  80.641432    0.04075     2.4449    146.696     59.562  51091.007    31.4101     3.5781     59.000     3.5747    24.9709     7.2005    10.2902     96.011    313.738    321.572   -0.00068    7.49965   10.71775  326.77450   16.75521 3.7457e-02     0.3810     1.1388    75.2325 0.0000e+00
        593  80.641447    0.04112     2.4671    148.027     60.580  51091.802    31.4103     3.5786     60.000     3.5750    24.9709     7.2026    10.2932     96.040    313.831    321.667   -0.00044    7.49955   10.71761  326.77005   16.75500 3.7521e-02     0.3779     1.1200    75.5810 0.0000e+00
        598  80.641460    0.04143     2.4860    149.161     61.583  51092.853    31.4105     3.5787     61.000     3.5750    24.9711     7.2020    10.2925     96.033    313.807    321.643   -0.00039    7.49951   10.71756  326.76858   16.75493 3.7166e-02     0.3864     1.1401    75.2019 0.0000e+00
        603  80.641475    0.04178     2.5068    150.408     62.594  51093.896    31.4107     3.5788     62.000     3.5753    24.9712     7.2006    10.2904     96.014    313.743    321.578   -0.00049    7.49951   10.71754  326.76802   16.75490 3.7632e-02     0.3796     1.1590    74.8471 0.0000e+00
        608  80.641489    0.04213     2.5281    151.685     63.605  51095.594    31.4117     3.5802     63.000     3.5769    24.9719     7.2002    10.2897     96.013    313.725    321.558   -0.00035    7.49917   10.71706  326.75339   16.75420 3.7815e-02     0.3812     1.0968    76.0185 0.0000e+00
        613  80.641504    0.04247     2.5485    152.910     64.615  51094.038    31.4102     3.5805     64.000     3.5762    24.9707     7.1970    10.2852     95.970    313.586    321.417   -0.00057    7.49919   10.71709  326.75454   16.75426 3.7003e-02     0.3821     1.1571    74.8825 0.0000e+00
        617  80.641517    0.04280     2.5676    154.054     65.622  51096.098    31.4108     3.5797     65.000     3.5761    24.9713     7.1995    10.2889     96.002    313.698    321.531   -0.00030    7.49930   10.71726  326.75938   16.75449 3.7752e-02     0.4012     1.1482    75.0476 0.0000e+00
        622  80.641532    0.04316     2.5894    155.366     66.635  51101.924    31.4153     3.5835     66.000     3.5825    24.9745     7.1997    10.2892     96.017    313.706    321.541   -0.00022    7.49839   10.71595  326.71867   16.75254 3.8490e-02     0.3648     1.1046    75.8703 0.0000e+00
        628  80.641547    0.04351     2.6105    156.632     67.643  51107.422    31.4207     3.5925     67.000     3.5932    24.9780     7.1995    10.2888     96.039    313.694    321.529   -0.00011    7.49644   10.71316  326.63245   16.74842 3.7884e-02     0.3708     1.1282    75.4237 0.0000e+00
        633  80.641562    0.04386     2.6317    157.899     68.653  51112.339    31.4271     3.6068     68.000     3.6106    24.9818     7.2017    10.2919     96.106    313.787    321.626    0.00019    7.49349   10.70895  326.50270   16.74222 3.7714e-02     0.3757     1.1452    75.1041 0.0000e+00
        637  80.641575    0.04418     2.6508    159.047     69.662  51111.328    31.4307     3.6259     69.000     3.6278    24.9829     7.2010    10.2909     96.144    313.759    321.598    0.00029    7.48980   10.70368  326.34154   16.73455 3.7714e-02     0.3786     1.2134    73.8353 0.0000e+00
        643  80.641591    0.04456     2.6738    160.430     70.676  51103.886    31.4277     3.6364     70.000     3.6346    24.9796     7.1978    10.2864     96.125    313.621    321.456    0.00007    7.48802   10.70113  326.26507   16.73093 3.7613e-02     0.3814     1.1641    74.7524 0.0000e+00
        648  80.641605    0.04491     2.6949    161.695     71.676  51102.324    31.4276     3.6426     71.000     3.6398    24.9790     7.1887    10.2734     96.018    313.226    321.050   -0.00048    7.48688   10.69950  326.21565   16.72858 3.7074e-02     0.3714     1.2628    72.9304 0.0000e+00
        653  80.641621    0.04530     2.7178    163.071     72.698  51095.649    31.4234     3.6458     72.000     3.6390    24.9753     7.1854    10.2687     95.978    313.082    320.901   -0.00058    7.48650   10.69897  326.20035   16.72787 3.7510e-02     0.3721     1.2531    73.1103 0.0000e+00
        658  80.641635    0.04562     2.7375    164.250     73.696  51095.516    31.4205     3.6368     73.000     3.6299    24.9739     7.1806    10.2617     95.890    312.870    320.683   -0.00090    7.48830   10.70154  326.27915   16.73162 3.7477e-02     0.3856     1.2251    73.6255 0.0000e+00
        664  80.641653    0.04607     2.7646    165.874     74.725  51104.492    31.4250     3.6324     74.000     3.6289    24.9779     7.1774    10.2572     95.840    312.732    320.543   -0.00091    7.48888   10.70236  326.30309   16.73274 3.7274e-02     0.3582     1.1397    75.2085 0.0000e+00
        669  80.641667    0.04640     2.7839    167.033     75.717  51105.360    31.4257     3.6350     75.000     3.6317    24.9782     7.1876    10.2719     95.984    313.179    321.001   -0.00007    7.48837   10.70162  326.28054   16.73167 3.7254e-02     0.3627     1.1828    74.4061 0.0000e+00
        675  80.641683    0.04678     2.8067    168.400     76.738  51111.129    31.4304     3.6401     76.000     3.6393    24.9815     7.1907    10.2762     96.040    313.309    321.136    0.00015    7.48720   10.69997  326.22887   16.72919 3.7327e-02     0.3638     1.2137    73.8352 0.0000e+00
        679  80.641697    0.04711     2.8267    169.602     77.738  51104.122    31.4268     3.6467     77.000     3.6423    24.9780     7.1925    10.2788     96.077    313.390    321.218    0.00025    7.48618   10.69849  326.18519   16.72713 3.7396e-02     0.3630     1.2395    73.3657 0.0000e+00
        685  80.641712    0.04747     2.8485    170.907     78.752  51114.243    31.4337     3.6488     78.000     3.6495    24.9833     7.1864    10.2702     96.006    313.125    320.947   -0.00021    7.48543   10.69743  326.15112   16.72549 3.7350e-02     0.3471     1.2993    72.2780 0.0000e+00
        689  80.641726    0.04781     2.8683    172.096     79.754  51107.210    31.4315     3.6613     79.000     3.6580    24.9805     7.1799    10.2607     95.946    312.839    320.654   -0.00054    7.48325   10.69431  326.05673   16.72101 3.7198e-02     0.3584     1.3891    70.6638 0.0000e+00
