CTD-processing/allCTD/CNV/2022_05-23_ab_s08_cast161_4141.cnv
* Sea-Bird SBE19plus Data File:
* FileName = C:\GWA\CTD\2022_05-23_AB\2022_05-23_AB_S0_cast161.hex
* Software Version 1.59
* Temperature SN =  4141
* Conductivity SN =  4141
* System UpLoad Time = May 24 2022 13:05:08
** Cook Inlet LTM AB
** Date: 05-23-2022
** Station:AB08
** Start Time (AKDT):12:48
** Depth (m):82
** Comment:
** Comment:
# nquan = 27
# nvalues = 74                          
# units = specified
# name 0 = scan: Scan Count
# name 1 = timeJ: Julian Days
# name 2 = timeH: Time, Elapsed [hours]
# name 3 = timeM: Time, Elapsed [minutes]
# name 4 = timeS: Time, Elapsed [seconds]
# name 5 = prdM: Pressure, Strain Gauge [db]
# name 6 = specc: Specific Conductance [uS/cm]
# name 7 = sal00: Salinity, Practical [PSU]
# name 8 = tv290C: Temperature [ITS-90, deg C]
# name 9 = depSM: Depth [salt water, m], lat = 59.00
# name 10 = potemp090C: Potential Temperature [ITS-90, deg C]
# name 11 = sigma-é00: Density [sigma-theta, kg/m^3]
# name 12 = sbeox0ML/L: Oxygen, SBE 43 [ml/l]
# name 13 = sbeox0Mg/L: Oxygen, SBE 43 [mg/l]
# name 14 = sbeox0PS: Oxygen, SBE 43 [% saturation]
# name 15 = sbox0Mm/Kg: Oxygen, SBE 43 [umol/kg]
# name 16 = sbeox0Mm/L: Oxygen, SBE 43 [umol/l]
# name 17 = sbox0dV/dT: Oxygen, SBE 43 [dov/dt]
# name 18 = oxsolML/L: Oxygen Saturation, Garcia & Gordon [ml/l]
# name 19 = oxsolMg/L: Oxygen Saturation, Garcia & Gordon [mg/l]
# name 20 = oxsolMm/Kg: Oxygen Saturation, Garcia & Gordon [umol/kg]
# name 21 = n2satMg/L: Nitrogen Saturation [mg/l]
# name 22 = par: PAR/Irradiance, Biospherical/Licor
# name 23 = wetStar: Fluorescence, WET Labs WETstar [mg/m^3]
# name 24 = CStarAt0: Beam Attenuation, WET Labs C-Star [1/m]
# name 25 = CStarTr0: Beam Transmission, WET Labs C-Star [%]
# name 26 = flag: flag
# span 0 =        279,        630       
# span 1 = 143.534196, 143.535210       
# span 2 =    0.01932,    0.04365       
# span 3 =     1.1594,     2.6191       
# span 4 =     69.562,    157.144       
# span 5 =      1.016,     74.701       
# span 6 =  48113.040,  50614.017       
# span 7 =    30.3072,    31.4719       
# span 8 =     5.3048,     8.3564       
# span 9 =      1.000,     74.000       
# span 10 =     5.2988,     8.2566      
# span 11 =    23.5403,    24.8455      
# span 12 =     7.3194,     8.2953      
# span 13 =    10.4602,    11.8549      
# span 14 =    101.797,    121.249      
# span 15 =    318.965,    361.679      
# span 16 =    326.885,    370.469      
# span 17 =   -0.02920,    0.01878      
# span 18 =    6.75008,    7.19036      
# span 19 =    9.64654,   10.27575      
# span 20 =  294.52520,  313.34116      
# span 21 =   15.22363,   16.11601      
# span 22 = 7.1194e-02, 2.7904e+02      
# span 23 =     0.2176,     4.7847      
# span 24 =     0.6085,     0.9804      
# span 25 =    78.2632,    85.8881      
# span 26 = 0.0000e+00, 0.0000e+00      
# interval = meters: 1                  
# start_time = May 23 2022 12:48:05 [Instrument's time stamp, header]
# bad_flag = -9.990e-29
*END*
[from data line 54]
        537 143.534943    0.03723     2.2342    134.052     55.526  50563.183    31.4469     5.3140     55.000     5.3084    24.8255     7.3325    10.4788    101.990    319.534    327.467   -0.00092    7.18936   10.27430  313.29890   16.11402 1.3735e-01     0.2957     0.7726    82.4369 0.0000e+00
        542 143.534957    0.03757     2.2543    135.259     56.535  50566.770    31.4483     5.3112     56.000     5.3058    24.8270     7.3241    10.4669    101.869    319.173    327.097   -0.00127    7.18978   10.27490  313.31654   16.11486 1.4010e-01     0.3480     0.7770    82.3454 0.0000e+00
        547 143.534971    0.03792     2.2753    136.517     57.549  50571.099    31.4502     5.3081     57.000     5.3035    24.8287     7.3220    10.4639    101.833    319.079    327.001   -0.00124    7.19021   10.27552  313.33472   16.11571 1.4140e-01     0.3005     0.7793    82.2974 0.0000e+00
        552 143.534985    0.03824     2.2946    137.677     58.554  50572.763    31.4509     5.3084     58.000     5.3039    24.8293     7.3230    10.4653    101.848    319.122    327.045   -0.00086    7.19012   10.27541  313.33123   16.11554 1.4112e-01     0.4683     0.7805    82.2730 0.0000e+00
        557 143.534999    0.03858     2.3152    138.910     59.569  50573.792    31.4510     5.3078     59.000     5.3029    24.8295     7.3222    10.4642    101.836    319.088    327.011   -0.00070    7.19022   10.27555  313.33530   16.11574 1.3771e-01     0.4594     0.7659    82.5736 0.0000e+00
        561 143.535012    0.03890     2.3338    140.031     60.571  50576.181    31.4519     5.3067     60.000     5.3021    24.8304     7.3208    10.4622    101.814    319.027    326.948   -0.00074    7.19036   10.27575  313.34116   16.11601 1.3567e-01     0.4588     0.7784    82.3171 0.0000e+00
        566 143.535027    0.03926     2.3555    141.328     61.589  50578.783    31.4533     5.3071     61.000     5.3031    24.8314     7.3194    10.4602    101.797    318.965    326.885   -0.00070    7.19022   10.27554  313.33467   16.11570 1.2592e-01     0.3306     0.7778    82.3285 0.0000e+00
        571 143.535040    0.03957     2.3745    142.472     62.591  50578.322    31.4527     5.3080     62.000     5.3034    24.8308     7.3228    10.4650    101.845    319.111    327.035   -0.00032    7.19010   10.27537  313.32955   16.11546 1.1993e-01     0.3979     0.7869    82.1425 0.0000e+00
        576 143.535055    0.03993     2.3958    143.750     63.608  50580.820    31.4539     5.3080     63.000     5.3042    24.8318     7.3240    10.4668    101.864    319.166    327.092   -0.00020    7.19004   10.27529  313.32665   16.11532 1.1628e-01     0.3242     0.7769    82.3465 0.0000e+00
        581 143.535069    0.04026     2.4157    144.941     64.611  50585.397    31.4574     5.3117     64.000     5.3080    24.8341     7.3216    10.4633    101.841    319.058    326.983   -0.00030    7.18924   10.27414  313.29106   16.11361 1.1673e-01     0.3471     0.7687    82.5174 0.0000e+00
        586 143.535084    0.04063     2.4379    146.272     65.626  50584.755    31.4568     5.3134     65.000     5.3091    24.8335     7.3234    10.4658    101.869    319.136    327.061   -0.00014    7.18898   10.27378  313.28020   16.11310 1.1559e-01     0.4496     0.7592    82.7125 0.0000e+00
        591 143.535098    0.04097     2.4581    147.486     66.632  50587.412    31.4586     5.3159     66.000     5.3121    24.8347     7.3258    10.4692    101.910    319.239    327.167   -0.00002    7.18847   10.27304  313.25744   16.11200 1.0006e-01     0.3002     0.7556    82.7876 0.0000e+00
        596 143.535113    0.04132     2.4794    148.763     67.646  50585.302    31.4570     5.3177     67.000     5.3128    24.8333     7.3372    10.4856    102.072    319.738    327.678    0.00075    7.18824   10.27272  313.24788   16.11155 8.4174e-02     0.2856     0.7681    82.5289 0.0000e+00
        601 143.535126    0.04165     2.4986    149.917     68.652  50589.726    31.4599     5.3193     68.000     5.3159    24.8354     7.3380    10.4867    102.089    319.772    327.714    0.00057    7.18782   10.27212  313.22900   16.11064 8.0857e-02     0.4019     0.7502    82.8995 0.0000e+00
        606 143.535141    0.04198     2.5191    151.148     69.665  50589.440    31.4601     5.3234     69.000     5.3194    24.8351     7.3411    10.4912    102.143    319.910    327.854    0.00061    7.18711   10.27110  313.19807   16.10917 7.7684e-02     0.3151     0.7516    82.8697 0.0000e+00
        610 143.535154    0.04231     2.5387    152.323     70.671  50589.715    31.4603     5.3258     70.000     5.3218    24.8350     7.3391    10.4883    102.121    319.821    327.764    0.00033    7.18669   10.27049  313.17958   16.10829 7.6107e-02     0.3172     0.7312    83.2925 0.0000e+00
        615 143.535168    0.04265     2.5587    153.521     71.683  50604.611    31.4719     5.3344     71.000     5.3342    24.8432     7.3392    10.4885    102.151    319.824    327.769    0.00025    7.18467   10.26761  313.08932   16.10394 7.1912e-02     0.3747     0.7079    83.7800 0.0000e+00
        620 143.535182    0.04298     2.5786    154.715     72.692  50583.034    31.4562     5.3327     72.000     5.3165    24.8310     7.3518    10.5064    102.311    320.375    328.330    0.00090    7.18570   10.26908  313.13789   16.10632 7.1194e-02     0.2884     0.7021    83.9014 0.0000e+00
        625 143.535196    0.04331     2.5988    155.930     73.702  50605.447    31.4666     5.3108     73.000     5.3020    24.8416     7.3585    10.5160    102.358    320.665    328.632    0.00086    7.18897   10.27375  313.27708   16.11290 7.2423e-02     0.3828     0.7417    83.0768 0.0000e+00
        630 143.535210    0.04365     2.6191    157.144     74.701  50614.017    31.4707     5.3048     74.000     5.2988    24.8455     7.3567    10.5135    102.323    320.586    328.552    0.00034    7.18978   10.27491  313.31099   16.11451 7.1437e-02     0.2176     0.7638    82.6176 0.0000e+00
