CTD-processing/allCTD/CNV/2022_04-12_ab_s11_cast131_4141.cnv
* Sea-Bird SBE19plus Data File:
* FileName = C:\GWA\CTD\2022_04-12_AB\2022_04-12_T6_S02_cast131.hex
* Software Version 1.59
* Temperature SN =  4141
* Conductivity SN =  4141
* System UpLoad Time = Apr 13 2022 14:36:48
** Cook Inlet LTM AlongBay
** Date: 04-12-2022
** Station:S11
** Start Time (AKDT):14:51
** Depth (m):55
** Comment:
** Comment:
# nquan = 27
# nvalues = 48                          
# units = specified
# name 0 = scan: Scan Count
# name 1 = timeJ: Julian Days
# name 2 = timeH: Time, Elapsed [hours]
# name 3 = timeM: Time, Elapsed [minutes]
# name 4 = timeS: Time, Elapsed [seconds]
# name 5 = prdM: Pressure, Strain Gauge [db]
# name 6 = specc: Specific Conductance [uS/cm]
# name 7 = sal00: Salinity, Practical [PSU]
# name 8 = tv290C: Temperature [ITS-90, deg C]
# name 9 = depSM: Depth [salt water, m], lat = 59.00
# name 10 = potemp090C: Potential Temperature [ITS-90, deg C]
# name 11 = sigma-é00: Density [sigma-theta, kg/m^3]
# name 12 = sbeox0ML/L: Oxygen, SBE 43 [ml/l]
# name 13 = sbeox0Mg/L: Oxygen, SBE 43 [mg/l]
# name 14 = sbeox0PS: Oxygen, SBE 43 [% saturation]
# name 15 = sbox0Mm/Kg: Oxygen, SBE 43 [umol/kg]
# name 16 = sbeox0Mm/L: Oxygen, SBE 43 [umol/l]
# name 17 = sbox0dV/dT: Oxygen, SBE 43 [dov/dt]
# name 18 = oxsolML/L: Oxygen Saturation, Garcia & Gordon [ml/l]
# name 19 = oxsolMg/L: Oxygen Saturation, Garcia & Gordon [mg/l]
# name 20 = oxsolMm/Kg: Oxygen Saturation, Garcia & Gordon [umol/kg]
# name 21 = n2satMg/L: Nitrogen Saturation [mg/l]
# name 22 = par: PAR/Irradiance, Biospherical/Licor
# name 23 = wetStar: Fluorescence, WET Labs WETstar [mg/m^3]
# name 24 = CStarAt0: Beam Attenuation, WET Labs C-Star [1/m]
# name 25 = CStarTr0: Beam Transmission, WET Labs C-Star [%]
# name 26 = flag: flag
# span 0 =        110,        567       
# span 1 = 102.619100, 102.620422       
# span 2 =    0.00757,    0.03929       
# span 3 =     0.4545,     2.3572       
# span 4 =     27.270,    141.429       
# span 5 =      1.004,     48.447       
# span 6 =  49865.161,  51055.607       
# span 7 =    30.8983,    31.5106       
# span 8 =     3.9691,     4.8375       
# span 9 =      1.000,     48.000       
# span 10 =     3.9667,     4.6402      
# span 11 =    24.4416,    25.0050      
# span 12 =     7.0362,     7.5473      
# span 13 =    10.0554,    10.7860      
# span 14 =     94.958,    102.273      
# span 15 =    306.575,    328.908      
# span 16 =    314.237,    337.065      
# span 17 =   -0.00553,    0.00192      
# span 18 =    7.29920,    7.42668      
# span 19 =   10.43129,   10.61347      
# span 20 =  318.20871,  323.59942      
# span 21 =   16.34994,   16.60415      
# span 22 = 5.0415e-02, 5.0089e+02      
# span 23 =     0.1884,     1.9421      
# span 24 =     0.4993,     3.6100      
# span 25 =    55.3751,    84.9774      
# span 26 = 0.0000e+00, 0.0000e+00      
# interval = meters: 1                  
# start_time = Apr 12 2022 14:51:03 [Instrument's time stamp, header]
# bad_flag = -9.990e-29
*END*
        110 102.619100    0.00757     0.4545     27.270      1.004  49865.161    30.8983     4.8375      1.000     4.6402    24.4416     7.4650    10.6683    102.273    325.437    333.387    0.00071    7.29920   10.43129  318.20871   16.34994 3.3814e+02     0.3208     3.6100    55.3751 0.0000e+00
        358 102.619818    0.02481     1.4885     89.309      2.023  50440.493    31.1552     4.2439      2.000     4.2079    24.7057     7.5328    10.7651    101.916    328.304    336.416    0.00192    7.39113   10.56267  322.12921   16.53539 5.0089e+02     0.1884     0.4993    84.9774 0.0000e+00
        341 102.619769    0.02363     1.4178     85.071      3.027  50535.203    31.2048     4.1808      3.000     4.1657    24.7510     7.5073    10.7287    101.448    327.180    335.278   -0.00149    7.40015   10.57556  322.50852   16.55323 3.3831e+02     0.2182     0.8594    80.6666 0.0000e+00
        346 102.619783    0.02396     1.4376     86.257      4.039  50609.838    31.2533     4.1727      4.000     4.1754    24.7903     7.5246    10.7534    101.695    327.920    336.049   -0.00007    7.39918   10.57418  322.45370   16.55042 2.5681e+02     0.3620     0.8911    80.0303 0.0000e+00
        351 102.619797    0.02429     1.4573     87.439      5.047  50613.081    31.2559     4.1767      5.000     4.1756    24.7920     7.5445    10.7819    101.977    328.789    336.941    0.00125    7.39835   10.57298  322.41677   16.54865 1.9346e+02     0.5497     0.8734    80.3843 0.0000e+00
        356 102.619811    0.02462     1.4776     88.655      6.057  50630.313    31.2666     4.1745      6.000     4.1793    24.8008     7.5473    10.7860    102.016    328.908    337.065    0.00116    7.39820   10.57278  322.40783   16.54819 1.4795e+02     0.6605     0.8585    80.6837 0.0000e+00
        361 102.619825    0.02497     1.4979     89.875      7.065  50642.296    31.2801     4.1997      7.000     4.2055    24.8090     7.5385    10.7733    101.968    328.519    336.669    0.00054    7.39301   10.56535  322.17871   16.53723 1.1705e+02     0.7691     0.8369    81.1212 0.0000e+00
        366 102.619840    0.02532     1.5190     91.138      8.075  50628.448    31.2702     4.1999      8.000     4.1944    24.8012     7.5206    10.7477    101.720    327.741    335.870   -0.00080    7.39346   10.56599  322.20086   16.53833 9.2840e+01     0.9239     0.8222    81.4199 0.0000e+00
        371 102.619854    0.02567     1.5402     92.415      9.085  50645.629    31.2782     4.1861      9.000     4.1834    24.8089     7.4958    10.7122    101.355    326.657    334.761   -0.00243    7.39554   10.56897  322.28936   16.54250 7.4128e+01     1.0889     0.8143    81.5809 0.0000e+00
        376 102.619870    0.02603     1.5619     93.715     10.095  50651.562    31.2810     4.1825     10.000     4.1779    24.8114     7.4851    10.6970    101.205    326.193    334.285   -0.00254    7.39605   10.56969  322.31056   16.54350 5.9374e+01     1.2565     0.8111    81.6472 0.0000e+00
        381 102.619884    0.02640     1.5841     95.043     11.104  50661.432    31.2846     4.1714     11.000     4.1652    24.8154     7.4752    10.6827    101.045    325.757    333.841   -0.00258    7.39787   10.57231  322.38896   16.54721 4.7704e+01     1.4611     0.8116    81.6374 0.0000e+00
        387 102.619900    0.02678     1.6064     96.382     12.114  50675.767    31.2901     4.1553     12.000     4.1490    24.8213     7.4699    10.6753    100.938    325.528    333.608   -0.00245    7.40049   10.57604  322.50100   16.55252 3.8505e+01     1.7332     0.8049    81.7732 0.0000e+00
        392 102.619915    0.02713     1.6280     97.682     13.123  50721.304    31.3198     4.1515     13.000     4.1572    24.8453     7.4704    10.6760    100.956    325.541    333.629   -0.00176    7.39969   10.57490  322.45882   16.55039 3.1074e+01     1.9421     0.7796    82.2915 0.0000e+00
        397 102.619930    0.02748     1.6490     98.940     14.134  50712.451    31.3162     4.1641     14.000     4.1645    24.8412     7.4753    10.6829    101.050    325.753    333.845   -0.00083    7.39760   10.57192  322.36896   16.54614 2.5289e+01     1.9077     0.7534    82.8326 0.0000e+00
        402 102.619944    0.02782     1.6689    100.135     15.143  50709.409    31.3140     4.1657     15.000     4.1635    24.8393     7.4683    10.6730    100.958    325.451    333.535   -0.00112    7.39742   10.57166  322.36185   16.54581 2.0601e+01     1.7107     0.7427    83.0551 0.0000e+00
        406 102.619957    0.02814     1.6885    101.308     16.151  50704.363    31.3082     4.1576     16.000     4.1447    24.8355     7.4622    10.6642    100.852    325.185    333.262   -0.00139    7.39917   10.57416  322.43908   16.54950 1.6861e+01     1.6422     0.7375    83.1614 0.0000e+00
        411 102.619971    0.02846     1.7080    102.480     17.161  50719.992    31.3103     4.1235     17.000     4.1054    24.8405     7.4610    10.6625    100.753    325.132    333.208   -0.00160    7.40520   10.58278  322.70045   16.56192 1.3829e+01     1.6614     0.7310    83.2983 0.0000e+00
        416 102.619985    0.02880     1.7279    103.675     18.170  50756.294    31.3253     4.0839     18.000     4.0695    24.8562     7.4556    10.6548    100.594    324.892    332.968   -0.00202    7.41160   10.59193  322.97448   16.57489 1.1363e+01     1.6522     0.7269    83.3840 0.0000e+00
        421 102.619999    0.02914     1.7480    104.880     19.179  50789.953    31.3411     4.0556     19.000     4.0468    24.8715     7.4465    10.6419    100.412    324.491    332.562   -0.00241    7.41593   10.59811  323.15803   16.58356 9.3348e+00     1.5769     0.7350    83.2148 0.0000e+00
        426 102.620013    0.02948     1.7689    106.131     20.190  50809.414    31.3503     4.0406     20.000     4.0355    24.8802     7.4307    10.6191    100.168    323.797    331.853   -0.00291    7.41818   10.60132  323.25331   16.58805 7.6226e+00     1.4002     0.7381    83.1497 0.0000e+00
        431 102.620028    0.02983     1.7899    107.392     21.198  50826.132    31.3588     4.0301     21.000     4.0243    24.8879     7.3866    10.5562     99.555    321.876    329.887   -0.00506    7.41965   10.60342  323.31504   16.59095 6.2738e+00     1.2165     0.7345    83.2257 0.0000e+00
        436 102.620043    0.03020     1.8118    108.707     22.208  50848.399    31.3712     4.0206     22.000     4.0183    24.8987     7.3608    10.5193     99.192    320.749    328.735   -0.00539    7.42075   10.60500  323.35966   16.59302 5.1607e+00     1.1152     0.7179    83.5705 0.0000e+00
        441 102.620059    0.03057     1.8342    110.050     23.219  50851.847    31.3726     4.0189     23.000     4.0166    24.9000     7.3390    10.4882     98.896    319.798    327.760   -0.00529    7.42100   10.60534  323.36965   16.59349 4.2342e+00     0.9868     0.7172    83.5862 0.0000e+00
        447 102.620074    0.03095     1.8572    111.433     24.228  50864.169    31.3795     4.0145     24.000     4.0081    24.9059     7.3175    10.4574     98.599    318.858    326.799   -0.00513    7.42143   10.60596  323.38676   16.59427 3.4891e+00     0.9293     0.7144    83.6450 0.0000e+00
        452 102.620090    0.03133     1.8795    112.771     25.237  50897.493    31.3983     4.0006     25.000     3.9963    24.9223     7.2993    10.4314     98.333    318.060    325.987   -0.00496    7.42302   10.60825  323.45123   16.59727 2.8637e+00     1.0006     0.7353    83.2080 0.0000e+00
        457 102.620105    0.03170     1.9017    114.099     26.250  50909.290    31.4045     3.9948     26.000     3.9918    24.9277     7.2794    10.4030     98.056    317.192    325.099   -0.00482    7.42375   10.60928  323.48092   16.59866 2.3510e+00     0.7754     0.7451    83.0040 0.0000e+00
        462 102.620119    0.03202     1.9213    115.279     27.255  50916.527    31.4081     3.9911     27.000     3.9874    24.9309     7.2542    10.3669     97.709    316.090    323.971   -0.00529    7.42424   10.60999  323.50163   16.59962 1.9347e+00     0.7379     0.7583    82.7312 0.0000e+00
        467 102.620133    0.03236     1.9418    116.507     28.267  50927.286    31.4136     3.9855     28.000     3.9812    24.9358     7.2309    10.3337     97.387    315.077    322.933   -0.00553    7.42497   10.61103  323.53182   16.60104 1.5892e+00     0.7187     0.7636    82.6210 0.0000e+00
        472 102.620147    0.03269     1.9611    117.668     29.275  50943.703    31.4229     3.9797     29.000     3.9755    24.9437     7.2169    10.3136     97.190    314.462    322.306   -0.00506    7.42557   10.61188  323.55512   16.60211 1.3125e+00     0.6712     0.7685    82.5210 0.0000e+00
        476 102.620160    0.03302     1.9811    118.865     30.285  50959.356    31.4318     3.9746     30.000     3.9720    24.9513     7.2005    10.2903     96.963    313.747    321.575   -0.00484    7.42604   10.61256  323.57352   16.60295 1.0786e+00     0.6571     0.7680    82.5295 0.0000e+00
        481 102.620175    0.03335     2.0012    120.071     31.294  50965.608    31.4354     3.9739     31.000     3.9716    24.9542     7.1827    10.2647     96.723    312.968    320.778   -0.00478    7.42600   10.61249  323.57043   16.60278 8.8904e-01     0.5716     0.7724    82.4392 0.0000e+00
        486 102.620189    0.03370     2.0219    121.316     32.306  50968.025    31.4361     3.9720     32.000     3.9687    24.9550     7.1672    10.2427     96.511    312.294    320.087   -0.00451    7.42631   10.61293  323.58372   16.60342 7.3247e-01     0.5297     0.7713    82.4619 0.0000e+00
        491 102.620203    0.03404     2.0421    122.528     33.313  50973.650    31.4387     3.9693     33.000     3.9668    24.9574     7.1530    10.2225     96.316    311.679    319.457   -0.00433    7.42668   10.61347  323.59942   16.60415 6.0334e-01     0.5124     0.7783    82.3194 0.0000e+00
        496 102.620218    0.03439     2.0633    123.799     34.325  50979.779    31.4425     3.9695     34.000     3.9675    24.9603     7.1503    10.2186     96.283    311.559    319.336   -0.00338    7.42644   10.61312  323.58798   16.60359 4.9776e-01     0.5166     0.7749    82.3872 0.0000e+00
        501 102.620231    0.03472     2.0833    124.997     35.334  50983.463    31.4445     3.9695     35.000     3.9667    24.9619     7.1454    10.2114     96.216    311.339    319.111   -0.00274    7.42635   10.61300  323.58365   16.60338 4.1146e-01     0.5103     0.7791    82.3009 0.0000e+00
        506 102.620245    0.03505     2.1030    126.181     36.343  50990.464    31.4486     3.9691     36.000     3.9683    24.9652     7.1376    10.2004     96.114    311.002    318.767   -0.00275    7.42621   10.61279  323.57612   16.60301 3.4174e-01     0.4861     0.7844    82.1938 0.0000e+00
        510 102.620259    0.03538     2.1228    127.370     37.352  50994.527    31.4519     3.9734     37.000     3.9725    24.9675     7.1435    10.2089     96.206    311.260    319.032   -0.00148    7.42527   10.61145  323.53464   16.60102 2.8567e-01     0.4636     0.7899    82.0813 0.0000e+00
        515 102.620273    0.03572     2.1431    128.588     38.362  51007.601    31.4614     3.9781     38.000     3.9789    24.9746     7.1263    10.1843     95.992    310.508    318.262   -0.00216    7.42394   10.60955  323.47435   16.59811 2.3771e-01     0.4577     0.8044    81.7832 0.0000e+00
        520 102.620287    0.03605     2.1634    129.804     39.372  51016.191    31.4685     3.9852     39.000     3.9844    24.9795     7.1228    10.1792     95.965    310.353    318.105   -0.00178    7.42229   10.60720  323.40121   16.59461 1.9605e-01     0.4469     0.8317    81.2265 0.0000e+00
        525 102.620301    0.03640     2.1839    131.036     40.381  51030.451    31.4790     3.9906     40.000     3.9934    24.9873     7.1117    10.1633     95.835    309.866    317.609   -0.00196    7.42079   10.60505  323.33334   16.59133 1.6768e-01     0.4273     0.8888    80.0767 0.0000e+00
        530 102.620316    0.03675     2.2048    132.291     41.390  51042.505    31.4908     4.0078     41.000     4.0121    24.9951     7.0977    10.1434     95.695    309.256    316.985   -0.00210    7.41709   10.59977  323.16967   16.58351 1.4180e-01     0.4084     0.9960    77.9589 0.0000e+00
        535 102.620331    0.03710     2.2263    133.580     42.401  51043.110    31.4944     4.0238     42.000     4.0279    24.9965     7.0801    10.1181     95.496    308.485    316.195   -0.00251    7.41399   10.59535  323.03450   16.57706 1.1550e-01     0.3726     1.0722    76.4874 0.0000e+00
        541 102.620346    0.03747     2.2484    134.904     43.410  51034.848    31.4920     4.0390     43.000     4.0382    24.9931     7.0567    10.0848     95.215    307.472    315.156   -0.00312    7.41139   10.59161  322.92185   16.57172 9.5852e-02     0.3611     1.1455    75.0971 0.0000e+00
        546 102.620362    0.03785     2.2709    136.254     44.419  51031.665    31.4900     4.0423     44.000     4.0396    24.9912     7.0424    10.0644     95.028    306.847    314.515   -0.00315    7.41089   10.59090  322.90057   16.57071 8.0687e-02     0.3608     1.1746    74.5527 0.0000e+00
        551 102.620377    0.03822     2.2936    137.618     45.430  51034.395    31.4917     4.0435     45.000     4.0418    24.9925     7.0438    10.0662     95.050    306.905    314.574   -0.00220    7.41059   10.59047  322.88693   16.57006 7.0138e-02     0.3377     1.1772    74.5059 0.0000e+00
        557 102.620393    0.03859     2.3157    138.944     46.439  51036.163    31.4933     4.0473     46.000     4.0462    24.9934     7.0362    10.0554     94.958    306.575    314.237   -0.00206    7.40981   10.58936  322.85317   16.56844 6.1882e-02     0.3335     1.1870    74.3221 0.0000e+00
        562 102.620408    0.03895     2.3369    140.216     47.450  51043.827    31.4993     4.0524     47.000     4.0545    24.9976     7.0393    10.0599     95.015    306.709    314.376   -0.00127    7.40860   10.58763  322.79890   16.56584 5.5648e-02     0.3423     1.2143    73.8166 0.0000e+00
        567 102.620422    0.03929     2.3572    141.429     48.447  51055.607    31.5106     4.0684     48.000     4.0754    25.0050     7.0376    10.0575     95.037    306.633    314.301   -0.00086    7.40515   10.58270  322.64625   16.55854 5.0415e-02     0.3267     1.2291    73.5450 0.0000e+00
