CTD-processing/allCTD/CNV/2022_01-31_ab_s10_cast044_4141.cnv
* Sea-Bird SBE19plus Data File:
* FileName = C:\Users\steve\Desktop\GWA\CTD\2022_01-31_AB\2022_01-31_AB_S0_cast044.hex
* Software Version 1.59
* Temperature SN =  4141
* Conductivity SN =  4141
* System UpLoad Time = Feb 01 2022 14:52:17
** Cook Inlet LTM AlongBay
** Date: 01-31-2022
** Station:S10
** Start Time (AKST):10:47
** Depth (m):65
** Comment: Flowmeter stuck/frozen.
** Comment: Deep nutrients not taken here, instead grabbed at AB09
# nquan = 27
# nvalues = 63                          
# units = specified
# name 0 = scan: Scan Count
# name 1 = timeJ: Julian Days
# name 2 = timeH: Time, Elapsed [hours]
# name 3 = timeM: Time, Elapsed [minutes]
# name 4 = timeS: Time, Elapsed [seconds]
# name 5 = prdM: Pressure, Strain Gauge [db]
# name 6 = specc: Specific Conductance [uS/cm]
# name 7 = sal00: Salinity, Practical [PSU]
# name 8 = tv290C: Temperature [ITS-90, deg C]
# name 9 = depSM: Depth [salt water, m], lat = 59.00
# name 10 = potemp090C: Potential Temperature [ITS-90, deg C]
# name 11 = sigma-é00: Density [sigma-theta, kg/m^3]
# name 12 = sbeox0ML/L: Oxygen, SBE 43 [ml/l]
# name 13 = sbeox0Mg/L: Oxygen, SBE 43 [mg/l]
# name 14 = sbeox0PS: Oxygen, SBE 43 [% saturation]
# name 15 = sbox0Mm/Kg: Oxygen, SBE 43 [umol/kg]
# name 16 = sbeox0Mm/L: Oxygen, SBE 43 [umol/l]
# name 17 = sbox0dV/dT: Oxygen, SBE 43 [dov/dt]
# name 18 = oxsolML/L: Oxygen Saturation, Garcia & Gordon [ml/l]
# name 19 = oxsolMg/L: Oxygen Saturation, Garcia & Gordon [mg/l]
# name 20 = oxsolMm/Kg: Oxygen Saturation, Garcia & Gordon [umol/kg]
# name 21 = n2satMg/L: Nitrogen Saturation [mg/l]
# name 22 = par: PAR/Irradiance, Biospherical/Licor
# name 23 = wetStar: Fluorescence, WET Labs WETstar [mg/m^3]
# name 24 = CStarAt0: Beam Attenuation, WET Labs C-Star [1/m]
# name 25 = CStarTr0: Beam Transmission, WET Labs C-Star [%]
# name 26 = flag: flag
# span 0 =        213,        679       
# span 1 =  31.450057,  31.451406       
# span 2 =    0.01470,    0.04709       
# span 3 =     0.8818,     2.8254       
# span 4 =     52.910,    169.526       
# span 5 =      1.003,     63.597       
# span 6 =  51428.774,  51976.506       
# span 7 =    31.4888,    31.6614       
# span 8 =     2.1999,     3.2361       
# span 9 =      1.000,     63.000       
# span 10 =     2.3898,     3.2343      
# span 11 =    25.1046,    25.2821      
# span 12 =     7.2066,     7.6390      
# span 13 =    10.2989,    10.9168      
# span 14 =     95.377,     98.533      
# span 15 =    313.952,    332.735      
# span 16 =    321.846,    341.156      
# span 17 =   -0.00086,    0.00598      
# span 18 =    7.55398,    7.74886      
# span 19 =   10.79540,   11.07389      
# span 20 =  329.08673,  337.52663      
# span 21 =   16.86438,   17.26494      
# span 22 = 3.6908e-02, 1.7065e+01      
# span 23 =     0.2442,     0.3211      
# span 24 =     0.7717,     2.0389      
# span 25 =    64.9448,    82.4537      
# span 26 = 0.0000e+00, 0.0000e+00      
# interval = meters: 1                  
# start_time = Jan 31 2022 10:47:12 [Instrument's time stamp, header]
# bad_flag = -9.990e-29
*END*
[from data line 54]
        638  31.451288    0.04424     2.6545    159.272     55.528  51481.456    31.5865     3.2213     55.000     3.2176    25.1426     7.2158    10.3122     95.487    314.357    322.261   -0.00022    7.55690   10.79956  329.21375   16.87042 3.6908e-02     0.2571     0.8146    81.5750 0.0000e+00
        643  31.451302    0.04458     2.6751    160.506     56.534  51480.436    31.5845     3.2182     56.000     3.2138    25.1413     7.2144    10.3102     95.460    314.296    322.197   -0.00039    7.55758   10.80053  329.24357   16.87184 3.6908e-02     0.2527     0.8080    81.7097 0.0000e+00
        648  31.451317    0.04495     2.6969    161.816     57.549  51485.815    31.5871     3.2165     57.000     3.2140    25.1436     7.2153    10.3114     95.469    314.333    322.237   -0.00028    7.55777   10.80081  329.25155   16.87222 3.6908e-02     0.2483     0.7997    81.8795 0.0000e+00
        653  31.451331    0.04529     2.7170    163.023     58.554  51488.588    31.5896     3.2210     58.000     3.2198    25.1452     7.2135    10.3088     95.457    314.252    322.154   -0.00032    7.55678   10.79939  329.20776   16.87012 3.6908e-02     0.2568     0.8120    81.6277 0.0000e+00
        658  31.451346    0.04564     2.7383    164.300     59.566  51484.053    31.5869     3.2239     59.000     3.2203    25.1427     7.2160    10.3124     95.496    314.364    322.268   -0.00010    7.55640   10.79885  329.19193   16.86939 3.6908e-02     0.2510     0.8220    81.4240 0.0000e+00
        663  31.451361    0.04599     2.7594    165.563     60.575  51485.690    31.5873     3.2235     60.000     3.2201    25.1431     7.2103    10.3042     95.419    314.113    322.011   -0.00047    7.55644   10.79891  329.19365   16.86946 3.6908e-02     0.2496     0.8257    81.3499 0.0000e+00
        668  31.451376    0.04635     2.7808    166.847     61.585  51487.917    31.5884     3.2241     61.000     3.2216    25.1440     7.2074    10.3000     95.382    313.985    321.880   -0.00055    7.55626   10.79865  329.18553   16.86907 3.6908e-02     0.2442     0.8272    81.3176 0.0000e+00
        674  31.451391    0.04671     2.8025    168.149     62.593  51490.776    31.5913     3.2295     62.000     3.2290    25.1458     7.2066    10.2989     95.387    313.952    321.846   -0.00049    7.55511   10.79701  329.13471   16.86665 3.6908e-02     0.2520     0.8474    80.9086 0.0000e+00
        679  31.451406    0.04709     2.8254    169.526     63.597  51485.552    31.5889     3.2361     63.000     3.2343    25.1433     7.2118    10.3063     95.469    314.178    322.078    0.00007    7.55398   10.79540  329.08673   16.86438 3.6908e-02     0.2476     0.8895    80.0601 0.0000e+00
