CTD-processing/allCTD/CNV/2022_06-24_ab_s04_cast180_4141.cnv
* Sea-Bird SBE19plus Data File:
* FileName = C:\GWA\CTD\2022_06-24_AB\2022_06-24_AB_S01_cast180.hex
* Software Version 1.59
* Temperature SN =  4141
* Conductivity SN =  4141
* System UpLoad Time = Jun 29 2022 14:42:38
** Cook Inlet LTM AlongBay
** Date: 06-24-2022
** Station:AB04
** Start Time (AKDT):11:17
** Depth (m):155
** Comment:
** Comment:
# nquan = 27
# nvalues = 153                         
# units = specified
# name 0 = scan: Scan Count
# name 1 = timeJ: Julian Days
# name 2 = timeH: Time, Elapsed [hours]
# name 3 = timeM: Time, Elapsed [minutes]
# name 4 = timeS: Time, Elapsed [seconds]
# name 5 = prdM: Pressure, Strain Gauge [db]
# name 6 = specc: Specific Conductance [uS/cm]
# name 7 = sal00: Salinity, Practical [PSU]
# name 8 = tv290C: Temperature [ITS-90, deg C]
# name 9 = depSM: Depth [salt water, m], lat = 59.00
# name 10 = potemp090C: Potential Temperature [ITS-90, deg C]
# name 11 = sigma-é00: Density [sigma-theta, kg/m^3]
# name 12 = sbeox0ML/L: Oxygen, SBE 43 [ml/l]
# name 13 = sbeox0Mg/L: Oxygen, SBE 43 [mg/l]
# name 14 = sbeox0PS: Oxygen, SBE 43 [% saturation]
# name 15 = sbox0Mm/Kg: Oxygen, SBE 43 [umol/kg]
# name 16 = sbeox0Mm/L: Oxygen, SBE 43 [umol/l]
# name 17 = sbox0dV/dT: Oxygen, SBE 43 [dov/dt]
# name 18 = oxsolML/L: Oxygen Saturation, Garcia & Gordon [ml/l]
# name 19 = oxsolMg/L: Oxygen Saturation, Garcia & Gordon [mg/l]
# name 20 = oxsolMm/Kg: Oxygen Saturation, Garcia & Gordon [umol/kg]
# name 21 = n2satMg/L: Nitrogen Saturation [mg/l]
# name 22 = par: PAR/Irradiance, Biospherical/Licor
# name 23 = wetStar: Fluorescence, WET Labs WETstar [mg/m^3]
# name 24 = CStarAt0: Beam Attenuation, WET Labs C-Star [1/m]
# name 25 = CStarTr0: Beam Transmission, WET Labs C-Star [%]
# name 26 = flag: flag
# span 0 =        343,       1131       
# span 1 = 175.471280, 175.473558       
# span 2 =    0.02378,    0.07846       
# span 3 =     1.4265,     4.7079       
# span 4 =     85.593,    282.477       
# span 5 =      1.020,    154.488       
# span 6 =  46141.571,  50505.591       
# span 7 =    29.3322,    31.5790       
# span 8 =     6.1148,    11.7764       
# span 9 =      1.000,    153.000       
# span 10 =     6.1006,    11.7350      
# span 11 =    22.2314,    24.7930      
# span 12 =     6.7740,     9.7502      
# span 13 =     9.6808,    13.9339      
# span 14 =     96.074,    147.723      
# span 15 =    295.209,    425.110      
# span 16 =    302.528,    435.442      
# span 17 =   -0.06287,    0.03648      
# span 18 =    6.26511,    7.05108      
# span 19 =    8.95348,   10.07670      
# span 20 =  273.38420,  307.28305      
# span 21 =   14.21010,   15.82719      
# span 22 = 5.5980e-02, 4.0117e+02      
# span 23 =     0.0943,    10.0883      
# span 24 =     0.3029,     1.9755      
# span 25 =    61.0242,    92.7079      
# span 26 = 0.0000e+00, 0.0000e+00      
# interval = meters: 1                  
# start_time = Jun 24 2022 11:17:13 [Instrument's time stamp, header]
# bad_flag = -9.990e-29
*END*
[from data line 54]
        613 175.472059    0.04247     2.5480    152.878     55.522  50139.963    31.5488     7.4149     55.000     7.3987    24.6466     7.2032    10.2940    105.302    313.956    321.694   -0.00439    6.84050    9.77575  298.14811   15.39147 8.0263e-02     0.3009     0.3145    92.4386 0.0000e+00
        618 175.472074    0.04284     2.5701    154.203     56.541  50151.439    31.5523     7.3907     56.000     7.3785    24.6526     7.2169    10.3136    105.446    314.552    322.306   -0.00245    6.84415    9.78097  298.30569   15.39898 7.2541e-02     0.2372     0.3140    92.4501 0.0000e+00
        622 175.472087    0.04315     2.5892    155.354     57.543  50152.447    31.5498     7.3746     57.000     7.3618    24.6528     7.2343    10.3385    105.660    315.310    323.083   -0.00070    6.84679    9.78474  298.42069   15.40447 6.9838e-02     0.2660     0.3143    92.4430 0.0000e+00
        628 175.472102    0.04351     2.6109    156.654     58.558  50145.639    31.5410     7.3534     58.000     7.3335    24.6488     7.2447    10.3534    105.754    315.763    323.546   -0.00003    6.85050    9.79005  298.58372   15.41229 6.8012e-02     0.2319     0.3104    92.5340 0.0000e+00
        632 175.472116    0.04384     2.6306    157.833     59.562  50128.344    31.5205     7.3065     59.000     7.2758    24.6390     7.2556    10.3690    105.785    316.243    324.034    0.00010    6.85881    9.80192  298.94835   15.42977 6.7216e-02     0.1859     0.3090    92.5651 0.0000e+00
        638 175.472131    0.04421     2.6522    159.133     60.576  50152.821    31.5273     7.2490     60.000     7.2251    24.6520     7.2545    10.3675    105.635    316.193    323.988   -0.00084    6.86756    9.81443  299.32613   15.44777 6.7031e-02     0.1838     0.3170    92.3810 0.0000e+00
        643 175.472147    0.04457     2.6746    160.478     61.585  50173.742    31.5339     7.2054     61.000     7.1895    24.6631     7.2565    10.3703    105.563    316.275    324.076   -0.00102    6.87415    9.82384  299.61001   15.46129 7.3343e-02     0.2236     0.3272    92.1468 0.0000e+00
        648 175.472162    0.04494     2.6967    161.799     62.592  50180.339    31.5336     7.1796     62.000     7.1636    24.6662     7.2538    10.3665    105.460    316.159    323.957   -0.00136    6.87824    9.82969  299.78761   15.46976 1.0077e-01     0.1817     0.3422    91.8007 0.0000e+00
        654 175.472178    0.04534     2.7200    163.202     63.609  50174.714    31.5232     7.1448     63.000     7.1228    24.6627     7.2543    10.3671    105.376    316.178    323.976   -0.00139    6.88422    9.83823  300.04899   15.48227 1.6140e-01     0.1808     0.3450    91.7362 0.0000e+00
        659 175.472192    0.04566     2.7399    164.392     64.609  50195.983    31.5315     7.1101     64.000     7.0965    24.6738     7.2504    10.3616    105.241    316.009    323.806   -0.00180    6.88936    9.84558  300.26974   15.49276 1.7042e-01     0.1700     0.3536    91.5410 0.0000e+00
        664 175.472208    0.04603     2.7621    165.725     65.628  50201.168    31.5314     7.0913     65.000     7.0783    24.6762     7.2431    10.3511    105.090    315.688    323.478   -0.00200    6.89234    9.84984  300.39912   15.49894 1.7101e-01     0.1848     0.3680    91.2113 0.0000e+00
        669 175.472221    0.04637     2.7824    166.941     66.632  50207.596    31.5324     7.0746     66.000     7.0617    24.6793     7.2305    10.3331    104.867    315.136    322.914   -0.00273    6.89494    9.85356  300.51162   15.50430 1.7457e-01     0.1886     0.3675    91.2228 0.0000e+00
        674 175.472236    0.04672     2.8027    168.165     67.644  50185.383    31.5118     7.0478     67.000     7.0215    24.6666     7.2353    10.3401    104.858    315.352    323.131   -0.00209    6.90015    9.86099  300.74212   15.51538 1.7867e-01     0.1395     0.3746    91.0614 0.0000e+00
        678 175.472249    0.04704     2.8228    169.368     68.651  50225.236    31.5334     7.0153     68.000     7.0058    24.6879     7.2211    10.3197    104.588    314.725    322.495   -0.00289    6.90434    9.86699  300.91870   15.52371 1.7778e-01     0.1637     0.3830    90.8703 0.0000e+00
        684 175.472265    0.04741     2.8444    170.666     69.667  50230.461    31.5355     7.0094     69.000     7.0013    24.6903     7.2157    10.3119    104.496    314.487    322.252   -0.00256    6.90519    9.86820  300.95502   15.52544 1.7918e-01     0.1301     0.3770    91.0051 0.0000e+00
        688 175.472278    0.04773     2.8636    171.817     70.666  50233.602    31.5364     7.0049     70.000     6.9969    24.6916     7.2128    10.3079    104.445    314.363    322.125   -0.00219    6.90586    9.86916  300.98384   15.52681 1.7581e-01     0.1236     0.3813    90.9081 0.0000e+00
        694 175.472295    0.04813     2.8880    173.277     71.699  50238.883    31.5389     7.0006     71.000     6.9940    24.6941     7.2137    10.3091    104.449    314.401    322.165   -0.00149    6.90643    9.86998  301.00827   15.52796 1.7278e-01     0.1720     0.3808    90.9182 0.0000e+00
        698 175.472307    0.04843     2.9059    174.355     72.685  50238.133    31.5376     6.9989     72.000     6.9908    24.6933     7.2110    10.3052    104.405    314.283    322.043   -0.00136    6.90676    9.87046  301.02280   15.52866 1.7254e-01     0.1416     0.3832    90.8637 0.0000e+00
        704 175.472324    0.04883     2.9297    175.780     73.706  50237.592    31.5358     6.9934     73.000     6.9836    24.6927     7.2042    10.2956    104.292    313.988    321.741   -0.00156    6.90772    9.87183  301.06487   15.53067 1.7095e-01     0.1649     0.3791    90.9580 0.0000e+00
        709 175.472338    0.04916     2.9496    176.975     74.711  50241.484    31.5365     6.9851     74.000     6.9762    24.6944     7.1985    10.2873    104.190    313.736    321.484   -0.00171    6.90901    9.87366  301.12019   15.53331 1.6474e-01     0.1462     0.3832    90.8639 0.0000e+00
        714 175.472352    0.04951     2.9710    178.257     75.720  50244.635    31.5373     6.9798     75.000     6.9718    24.6957     7.1944    10.2816    104.119    313.560    321.304   -0.00165    6.90982    9.87481  301.15520   15.53497 1.6291e-01     0.1262     0.3903    90.7036 0.0000e+00
        719 175.472367    0.04987     2.9923    179.538     76.734  50247.391    31.5384     6.9774     76.000     6.9704    24.6968     7.1961    10.2840    104.139    313.635    321.380   -0.00110    6.91014    9.87528  301.16896   15.53563 1.6006e-01     0.1340     0.3911    90.6864 0.0000e+00
        724 175.472381    0.05021     3.0124    180.742     77.740  50247.295    31.5376     6.9762     77.000     6.9684    24.6964     7.1904    10.2759    104.052    313.385    321.125   -0.00129    6.91036    9.87560  301.17880   15.53610 1.6257e-01     0.1309     0.3894    90.7235 0.0000e+00
        729 175.472396    0.05056     3.0335    182.010     78.750  50247.140    31.5364     6.9723     78.000     6.9632    24.6959     7.1866    10.2703    103.986    313.215    320.951   -0.00133    6.91105    9.87659  301.20902   15.53755 1.6687e-01     0.1241     0.3902    90.7047 0.0000e+00
        734 175.472411    0.05092     3.0554    183.326     79.765  50248.114    31.5357     6.9669     79.000     6.9574    24.6960     7.1910    10.2767    104.038    313.411    321.151   -0.00072    6.91195    9.87786  301.24780   15.53940 1.6792e-01     0.1230     0.3907    90.6935 0.0000e+00
        739 175.472425    0.05124     3.0744    184.462     80.764  50246.616    31.5327     6.9590     80.000     6.9467    24.6948     7.1876    10.2718    103.967    313.263    320.998   -0.00091    6.91335    9.87987  301.30933   15.54235 1.6853e-01     0.1269     0.4011    90.4590 0.0000e+00
        745 175.472441    0.05166     3.0993    185.956     81.788  50233.252    31.5194     6.9390     81.000     6.9156    24.6870     7.1810    10.2624    103.815    312.978    320.705   -0.00145    6.91716    9.88531  301.47759   15.55043 1.7030e-01     0.1366     0.3974    90.5422 0.0000e+00
        749 175.472455    0.05197     3.1185    187.107     82.786  50229.681    31.5077     6.8896     82.000     6.8621    24.6841     7.1753    10.2543    103.606    312.731    320.451   -0.00218    6.92558    9.89735  301.84575   15.56804 1.6693e-01     0.1200     0.4099    90.2612 0.0000e+00
        755 175.472470    0.05234     3.1407    188.443     83.804  50204.509    31.4787     6.8277     83.000     6.7835    24.6693     7.1726    10.2504    103.399    312.618    320.330   -0.00266    6.93684    9.91344  302.34072   15.59176 1.6493e-01     0.1219     0.4243    89.9358 0.0000e+00
        760 175.472484    0.05268     3.1608    189.650     84.807  50231.187    31.4815     6.7434     84.000     6.7084    24.6824     7.1611    10.2340    103.034    312.113    319.817   -0.00384    6.95027    9.93264  302.92246   15.61949 1.6262e-01     0.1217     0.4490    89.3828 0.0000e+00
        765 175.472500    0.05305     3.1830    190.982     85.823  50188.142    31.4354     6.6564     85.000     6.5959    24.6571     7.1544    10.2244    102.698    311.828    319.517   -0.00444    6.96644    9.95574  303.63447   15.65362 1.6311e-01     0.1260     0.4734    88.8379 0.0000e+00
        770 175.472514    0.05338     3.2031    192.187     86.828  50236.613    31.4457     6.5316     86.000     6.4913    24.6810     7.1330    10.1937    102.100    310.884    318.557   -0.00629    6.98622    9.98401  304.48960   15.69435 1.6244e-01     0.1241     0.5311    87.5686 0.0000e+00
        775 175.472530    0.05377     3.2264    193.585     87.844  50292.627    31.4722     6.4679     87.000     6.4521    24.7099     7.1140    10.1666    101.696    310.050    317.712   -0.00647    6.99537    9.99708  304.87956   15.71283 1.6468e-01     0.1140     0.6055    85.9532 0.0000e+00
        780 175.472543    0.05410     3.2459    194.754     88.843  50289.678    31.4660     6.4479     88.000     6.4300    24.7074     7.1042    10.1526    101.504    309.622    317.273   -0.00570    6.99893   10.00217  305.03544   15.72028 1.6571e-01     0.1186     0.6338    85.3463 0.0000e+00
        785 175.472559    0.05448     3.2686    196.114     89.862  50297.797    31.4662     6.4214     89.000     6.4071    24.7108     7.0925    10.1359    101.274    309.112    316.750   -0.00514    7.00323   10.00832  305.22212   15.72918 1.6563e-01     0.1093     0.6652    84.6804 0.0000e+00
        791 175.472574    0.05484     3.2903    197.417     90.866  50281.639    31.4501     6.3981     90.000     6.3735    24.7011     7.0850    10.1251    101.102    308.789    316.416   -0.00455    7.00778   10.01483  305.42343   15.73884 1.6570e-01     0.1102     0.6872    84.2157 0.0000e+00
        796 175.472590    0.05521     3.3124    198.744     91.888  50282.081    31.4407     6.3486     91.000     6.3254    24.6998     7.0808    10.1192    100.918    308.605    316.227   -0.00406    7.01632   10.02703  305.79600   15.75664 1.6483e-01     0.1200     0.7448    83.0109 0.0000e+00
        801 175.472603    0.05552     3.3313    199.880     92.882  50331.008    31.4720     6.3372     92.000     6.3350    24.7259     7.0626    10.0931    100.654    307.804    315.415   -0.00442    7.01675   10.02764  305.80670   15.75702 1.6443e-01     0.1146     0.8033    81.8061 0.0000e+00
        806 175.472620    0.05593     3.3561    201.368     93.907  50331.274    31.4750     6.3551     93.000     6.3523    24.7261     7.0553    10.0827    100.593    307.486    315.089   -0.00328    7.01367   10.02324  305.67245   15.75061 1.6700e-01     0.1104     0.7911    82.0554 0.0000e+00
        811 175.472634    0.05627     3.3761    202.564     94.904  50318.031    31.4663     6.3597     94.000     6.3495    24.7186     7.0484    10.0729    100.500    307.189    314.782   -0.00291    7.01334   10.02276  305.66014   15.75006 1.6494e-01     0.1151     0.7729    82.4295 0.0000e+00
        817 175.472650    0.05667     3.3998    203.987     95.922  50315.311    31.4623     6.3508     95.000     6.3384    24.7166     7.0523    10.0784    100.532    307.359    314.955   -0.00184    7.01497   10.02509  305.73183   15.75350 1.6309e-01     0.1069     0.7731    82.4250 0.0000e+00
        822 175.472665    0.05702     3.4214    205.286     96.929  50332.943    31.4725     6.3430     96.000     6.3380    24.7257     7.0485    10.0730    100.467    307.192    314.787   -0.00168    7.01578   10.02625  305.76436   15.75500 1.6332e-01     0.1110     0.7938    81.9995 0.0000e+00
        827 175.472680    0.05738     3.4428    206.566     97.938  50332.891    31.4743     6.3551     97.000     6.3454    24.7256     7.0534    10.0800    100.566    307.404    315.004   -0.00082    7.01372   10.02330  305.67456   15.75072 1.6430e-01     0.1049     0.7730    82.4282 0.0000e+00
        833 175.472696    0.05775     3.4647    207.884     98.949  50304.074    31.4491     6.3302     98.000     6.3044    24.7088     7.0583    10.0870    100.561    307.622    315.223   -0.00053    7.01896   10.03079  305.90806   15.76194 1.6390e-01     0.1125     0.7531    82.8393 0.0000e+00
        838 175.472710    0.05810     3.4861    209.165     99.958  50323.527    31.4541     6.2875     99.000     6.2703    24.7179     7.0505    10.0758    100.351    307.278    314.873   -0.00157    7.02575   10.04049  306.20112   15.77589 1.6328e-01     0.1015     0.7896    82.0860 0.0000e+00
        843 175.472725    0.05846     3.5078    210.466    100.969  50400.465    31.5093     6.3005    100.000     6.3161    24.7600     7.0396    10.0603    100.264    306.791    314.388   -0.00164    7.02103   10.03375  305.98301   15.76527 1.6110e-01     0.1077     0.7797    82.2908 0.0000e+00
        848 175.472740    0.05883     3.5297    211.781    101.975  50372.440    31.4995     6.3538    101.000     6.3529    24.7456     7.0437    10.0662    100.442    306.977    314.574   -0.00025    7.01276   10.02194  305.62704   15.74835 1.6334e-01     0.1054     0.6659    84.6655 0.0000e+00
        853 175.472756    0.05919     3.5514    213.084    102.990  50344.372    31.4809     6.3609    102.000     6.3409    24.7302     7.0451    10.0682    100.466    307.042    314.636   -0.00011    7.01245   10.02149  305.61789   15.74799 1.6446e-01     0.1038     0.6244    85.5480 0.0000e+00
        859 175.472771    0.05955     3.5733    214.397    103.997  50349.393    31.4753     6.3147    103.000     6.2881    24.7313     7.0518    10.0776    100.448    307.331    314.931   -0.00023    7.02029   10.03269  305.95920   15.76428 1.6376e-01     0.1195     0.6748    84.4790 0.0000e+00
        864 175.472788    0.05996     3.5977    215.863    105.012  50389.841    31.4962     6.2804    104.000     6.2691    24.7521     7.0339    10.0521    100.127    306.544    314.132   -0.00176    7.02494   10.03934  306.15582   15.77356 1.6232e-01     0.1066     0.7556    82.7882 0.0000e+00
        869 175.472802    0.06030     3.6176    217.056    106.012  50397.586    31.5005     6.2769    105.000     6.2681    24.7559     7.0107    10.0190     99.792    305.534    313.098   -0.00299    7.02533   10.03990  306.17162   15.77430 1.6131e-01     0.1103     0.7936    82.0046 0.0000e+00
        875 175.472818    0.06070     3.6420    218.520    107.032  50399.095    31.5011     6.2770    106.000     6.2682    24.7563     6.9916     9.9918     99.521    304.703    312.246   -0.00349    7.02528   10.03983  306.16936   15.77419 1.5893e-01     0.1045     0.8164    81.5386 0.0000e+00
        880 175.472834    0.06105     3.6632    219.793    108.034  50399.980    31.5011     6.2768    107.000     6.2677    24.7565     6.9813     9.9769     99.373    304.252    311.784   -0.00319    7.02532   10.03988  306.17084   15.77426 1.5707e-01     0.1085     0.8136    81.5951 0.0000e+00
