CTD-processing/allCTD/CNV/2022_03-22_t9_s03_cast110_4141.cnv
* Sea-Bird SBE19plus Data File:
* FileName = C:\GWA\CTD\2022_03-22_T9\2022_03-22_T9_S0_cast110.hex
* Software Version 1.59
* Temperature SN =  4141
* Conductivity SN =  4141
* System UpLoad Time = Mar 23 2022 12:45:31
** Cook Inlet LTM T9
** Date: 03-22-2022
** Station:S03
** Start Time (AKDT):12:18
** Depth (m):91
** Comment:
** Comment:
# nquan = 27
# nvalues = 86                          
# units = specified
# name 0 = scan: Scan Count
# name 1 = timeJ: Julian Days
# name 2 = timeH: Time, Elapsed [hours]
# name 3 = timeM: Time, Elapsed [minutes]
# name 4 = timeS: Time, Elapsed [seconds]
# name 5 = prdM: Pressure, Strain Gauge [db]
# name 6 = specc: Specific Conductance [uS/cm]
# name 7 = sal00: Salinity, Practical [PSU]
# name 8 = tv290C: Temperature [ITS-90, deg C]
# name 9 = depSM: Depth [salt water, m], lat = 59.00
# name 10 = potemp090C: Potential Temperature [ITS-90, deg C]
# name 11 = sigma-é00: Density [sigma-theta, kg/m^3]
# name 12 = sbeox0ML/L: Oxygen, SBE 43 [ml/l]
# name 13 = sbeox0Mg/L: Oxygen, SBE 43 [mg/l]
# name 14 = sbeox0PS: Oxygen, SBE 43 [% saturation]
# name 15 = sbox0Mm/Kg: Oxygen, SBE 43 [umol/kg]
# name 16 = sbeox0Mm/L: Oxygen, SBE 43 [umol/l]
# name 17 = sbox0dV/dT: Oxygen, SBE 43 [dov/dt]
# name 18 = oxsolML/L: Oxygen Saturation, Garcia & Gordon [ml/l]
# name 19 = oxsolMg/L: Oxygen Saturation, Garcia & Gordon [mg/l]
# name 20 = oxsolMm/Kg: Oxygen Saturation, Garcia & Gordon [umol/kg]
# name 21 = n2satMg/L: Nitrogen Saturation [mg/l]
# name 22 = par: PAR/Irradiance, Biospherical/Licor
# name 23 = wetStar: Fluorescence, WET Labs WETstar [mg/m^3]
# name 24 = CStarAt0: Beam Attenuation, WET Labs C-Star [1/m]
# name 25 = CStarTr0: Beam Transmission, WET Labs C-Star [%]
# name 26 = flag: flag
# span 0 =        291,        726       
# span 1 =  81.513189,  81.514448       
# span 2 =    0.02016,    0.05035       
# span 3 =     1.2093,     3.0210       
# span 4 =     72.557,    181.261       
# span 5 =      1.011,     86.832       
# span 6 =  51061.503,  51166.995       
# span 7 =    31.4147,    31.5548       
# span 8 =     3.5605,     4.0469       
# span 9 =      1.000,     86.000       
# span 10 =     3.5597,     4.0429      
# span 11 =    24.9752,    25.0425      
# span 12 =     7.0769,     7.1905      
# span 13 =    10.1135,    10.2759      
# span 14 =     95.324,     96.045      
# span 15 =    308.332,    313.300      
# span 16 =    316.053,    321.126      
# span 17 =   -0.00101,    0.00747      
# span 18 =    7.40680,    7.50262      
# span 19 =   10.58507,   10.72200      
# span 20 =  322.70653,  326.90233      
# span 21 =   16.56124,   16.76126      
# span 22 = 3.6907e-02, 1.3183e+02      
# span 23 =     0.2111,     0.4538      
# span 24 =     1.0088,     1.2253      
# span 25 =    73.6159,    77.7081      
# span 26 = 0.0000e+00, 0.0000e+00      
# interval = meters: 1                  
# start_time = Mar 22 2022 12:17:47 [Instrument's time stamp, header]
# bad_flag = -9.990e-29
*END*
        291  81.513189    0.02016     1.2093     72.557      1.011  51061.503    31.4155     3.5605      1.000     3.5597    24.9764     7.1518    10.2207     95.324    311.617    319.400    0.00747    7.50262   10.72200  326.90233   16.76126 1.3183e+02     0.2246     1.0420    77.0679 0.0000e+00
        296  81.513203    0.02050     1.2295     73.769      2.016  51066.459    31.4185     3.5610      2.000     3.5626    24.9787     7.1559    10.2265     95.382    311.795    319.583    0.00564    7.50238   10.72165  326.89091   16.76070 1.0565e+02     0.2182     1.0418    77.0710 0.0000e+00
        302  81.513219    0.02087     1.2526     75.155      3.029  51062.819    31.4160     3.5630      3.000     3.5624    24.9766     7.1620    10.2352     95.466    312.060    319.854    0.00429    7.50213   10.72130  326.88089   16.76024 7.8994e+01     0.2433     1.0251    77.3947 0.0000e+00
        307  81.513236    0.02127     1.2761     76.565      4.039  51065.482    31.4173     3.5630      4.000     3.5637    24.9776     7.1614    10.2344     95.459    312.036    319.830    0.00299    7.50206   10.72120  326.87752   16.76007 5.9952e+01     0.2949     1.0301    77.2956 0.0000e+00
        313  81.513251    0.02164     1.2982     77.892      5.047  51063.531    31.4159     3.5647      5.000     3.5642    24.9764     7.1600    10.2325     95.445    311.978    319.770    0.00192    7.50183   10.72086  326.86757   16.75961 4.8123e+01     0.3149     1.0379    77.1448 0.0000e+00
        318  81.513266    0.02199     1.3194     79.163      6.055  51067.073    31.4179     3.5652      6.000     3.5659    24.9779     7.1716    10.2490     95.601    312.480    320.286    0.00209    7.50163   10.72058  326.85863   16.75917 3.8376e+01     0.3691     1.0412    77.0827 0.0000e+00
        323  81.513281    0.02235     1.3412     80.475      7.070  51064.226    31.4157     3.5663      7.000     3.5655    24.9760     7.1733    10.2513     95.624    312.552    320.358    0.00157    7.50154   10.72045  326.85531   16.75902 3.0337e+01     0.4056     1.0427    77.0548 0.0000e+00
        328  81.513295    0.02268     1.3610     81.658      8.073  51066.318    31.4167     3.5664      8.000     3.5657    24.9768     7.1736    10.2519     95.630    312.568    320.375    0.00113    7.50147   10.72035  326.85184   16.75886 2.3916e+01     0.4133     1.0517    76.8802 0.0000e+00
        333  81.513309    0.02303     1.3818     82.908      9.088  51065.865    31.4155     3.5652      9.000     3.5636    24.9760     7.1776    10.2576     95.680    312.743    320.555    0.00096    7.50176   10.72076  326.86466   16.75947 1.8717e+01     0.4401     1.0463    76.9842 0.0000e+00
        337  81.513323    0.02335     1.4011     84.067     10.094  51067.941    31.4158     3.5628     10.000     3.5622    24.9765     7.1791    10.2596     95.694    312.807    320.620    0.00077    7.50218   10.72137  326.88316   16.76035 1.4864e+01     0.4368     1.0477    76.9554 0.0000e+00
        342  81.513336    0.02367     1.4205     85.227     11.104  51069.499    31.4168     3.5644     11.000     3.5641    24.9771     7.1753    10.2542     95.647    312.640    320.449    0.00025    7.50183   10.72087  326.86773   16.75961 1.1676e+01     0.4510     1.0496    76.9197 0.0000e+00
        347  81.513350    0.02401     1.4405     86.429     12.113  51071.331    31.4176     3.5651     12.000     3.5649    24.9777     7.1809    10.2622     95.724    312.884    320.699    0.00051    7.50166   10.72063  326.86021   16.75925 9.2497e+00     0.4397     1.0440    77.0271 0.0000e+00
        352  81.513364    0.02435     1.4609     87.654     13.127  51072.064    31.4181     3.5667     13.000     3.5668    24.9779     7.1803    10.2614     95.720    312.858    320.672    0.00034    7.50135   10.72018  326.84623   16.75859 7.2027e+00     0.4464     1.0493    76.9261 0.0000e+00
        356  81.513377    0.02466     1.4796     88.774     14.129  51067.694    31.4147     3.5672     14.000     3.5647    24.9752     7.1834    10.2659     95.761    312.996    320.813    0.00034    7.50142   10.72028  326.85039   16.75879 5.7039e+00     0.4538     1.0531    76.8530 0.0000e+00
        361  81.513391    0.02500     1.5000     90.001     15.143  51073.074    31.4171     3.5643     15.000     3.5640    24.9774     7.1845    10.2674     95.770    313.041    320.860    0.00025    7.50184   10.72088  326.86780   16.75961 4.4965e+00     0.4191     1.0423    77.0613 0.0000e+00
        366  81.513406    0.02535     1.5207     91.240     16.153  51073.041    31.4168     3.5655     16.000     3.5647    24.9771     7.1835    10.2660     95.760    313.000    320.818    0.00010    7.50163   10.72058  326.85878   16.75918 3.5314e+00     0.4320     1.0359    77.1842 0.0000e+00
        371  81.513420    0.02569     1.5415     92.492     17.160  51074.535    31.4177     3.5669     17.000     3.5660    24.9777     7.1833    10.2656     95.760    312.988    320.805   -0.00007    7.50132   10.72014  326.84532   16.75854 2.7689e+00     0.4518     1.0366    77.1711 0.0000e+00
        376  81.513436    0.02606     1.5639     93.837     18.174  51076.354    31.4183     3.5664     18.000     3.5669    24.9782     7.1898    10.2750     95.847    313.274    321.099    0.00038    7.50139   10.72024  326.84790   16.75866 2.1770e+00     0.4269     1.0320    77.2595 0.0000e+00
        381  81.513449    0.02639     1.5834     95.003     19.178  51080.407    31.4224     3.5740     19.000     3.5760    24.9808     7.1881    10.2725     95.844    313.196    321.020    0.00018    7.49978   10.71793  326.77690   16.75527 1.7236e+00     0.4295     1.0466    76.9783 0.0000e+00
        386  81.513465    0.02676     1.6057     96.343     20.192  51080.048    31.4232     3.5800     20.000     3.5827    24.9808     7.1897    10.2747     95.880    313.264    321.090    0.00025    7.49863   10.71629  326.72685   16.75289 1.3775e+00     0.4256     1.0315    77.2695 0.0000e+00
        391  81.513479    0.02711     1.6269     97.613     21.196  51091.596    31.4342     3.5951     21.000     3.6041    24.9883     7.1899    10.2751     95.926    313.274    321.103    0.00035    7.49528   10.71151  326.57878   16.74580 1.0683e+00     0.4292     1.0452    77.0045 0.0000e+00
        397  81.513495    0.02749     1.6493     98.958     22.212  51079.452    31.4312     3.6183     22.000     3.6210    24.9838     7.1902    10.2756     95.983    313.289    321.116    0.00046    7.49116   10.70562  326.40056   16.73735 8.3770e-01     0.3873     1.0461    76.9888 0.0000e+00
        401  81.513508    0.02781     1.6686    100.113     23.218  51071.570    31.4267     3.6239     23.000     3.6230    24.9797     7.1905    10.2759     95.996    313.300    321.126    0.00035    7.49037   10.70448  326.36722   16.73578 6.5157e-01     0.3765     1.0773    76.3895 0.0000e+00
        406  81.513521    0.02812     1.6870    101.223     24.226  51075.988    31.4299     3.6269     24.000     3.6273    24.9820     7.1841    10.2668     95.920    313.022    320.842   -0.00009    7.48965   10.70346  326.33543   16.73426 5.1601e-01     0.3927     1.0852    76.2382 0.0000e+00
        411  81.513536    0.02847     1.7085    102.508     25.242  51073.573    31.4286     3.6304     25.000     3.6295    24.9807     7.1810    10.2624     95.886    312.887    320.703   -0.00031    7.48907   10.70262  326.31033   16.73307 4.1136e-01     0.3723     1.0784    76.3699 0.0000e+00
        415  81.513549    0.02878     1.7269    103.617     26.241  51072.452    31.4276     3.6314     26.000     3.6295    24.9797     7.1788    10.2592     95.858    312.791    320.605   -0.00041    7.48895   10.70245  326.30522   16.73283 3.2163e-01     0.3964     1.1094    75.7785 0.0000e+00
        421  81.513564    0.02916     1.7492    104.951     27.261  51071.822    31.4265     3.6305     27.000     3.6286    24.9789     7.1792    10.2598     95.862    312.809    320.623   -0.00037    7.48916   10.70276  326.31498   16.73330 2.5482e-01     0.3804     1.0761    76.4129 0.0000e+00
        426  81.513578    0.02949     1.7697    106.180     28.264  51080.133    31.4319     3.6318     28.000     3.6325    24.9832     7.1791    10.2596     95.866    312.803    320.618   -0.00029    7.48864   10.70201  326.29085   16.73213 1.9974e-01     0.3859     1.0872    76.2007 0.0000e+00
        431  81.513593    0.02985     1.7909    107.455     29.275  51078.012    31.4313     3.6373     29.000     3.6368    24.9822     7.1812    10.2626     95.907    312.896    320.713   -0.00007    7.48766   10.70061  326.24821   16.73010 1.6402e-01     0.3584     1.0905    76.1388 0.0000e+00
        436  81.513607    0.03020     1.8117    108.704     30.289  51076.348    31.4302     3.6397     30.000     3.6381    24.9812     7.1839    10.2666     95.948    313.014    320.833    0.00006    7.48728   10.70007  326.23224   16.72935 1.3433e-01     0.3732     1.1108    75.7521 0.0000e+00
        440  81.513620    0.03050     1.8297    109.780     31.295  51076.847    31.4302     3.6399     31.000     3.6381    24.9810     7.1831    10.2653     95.937    312.978    320.796   -0.00004    7.48725   10.70003  326.23089   16.72929 1.0577e-01     0.3763     1.1313    75.3646 0.0000e+00
        445  81.513633    0.03081     1.8490    110.941     32.300  51077.951    31.4305     3.6404     32.000     3.6389    24.9813     7.1797    10.2606     95.894    312.833    320.648   -0.00028    7.48713   10.69986  326.22582   16.72904 8.9480e-02     0.3697     1.1206    75.5681 0.0000e+00
        450  81.513650    0.03121     1.8724    112.343     33.318  51080.291    31.4319     3.6419     33.000     3.6406    24.9823     7.1801    10.2610     95.903    312.845    320.661   -0.00023    7.48679   10.69937  326.21057   16.72831 7.5129e-02     0.3785     1.0978    75.9979 0.0000e+00
        455  81.513664    0.03155     1.8926    113.554     34.322  51081.459    31.4326     3.6436     34.000     3.6422    24.9827     7.1809    10.2622     95.918    312.882    320.698   -0.00016    7.48644   10.69889  326.19558   16.72760 6.5602e-02     0.3516     1.1123    75.7241 0.0000e+00
        460  81.513679    0.03191     1.9144    114.864     35.335  51081.120    31.4322     3.6448     35.000     3.6433    24.9823     7.1763    10.2556     95.859    312.681    320.493   -0.00042    7.48624   10.69859  326.18660   16.72718 5.7976e-02     0.3707     1.1034    75.8920 0.0000e+00
        465  81.513693    0.03224     1.9346    116.078     36.343  51084.780    31.4349     3.6479     36.000     3.6476    24.9841     7.1788    10.2593     95.903    312.791    320.606   -0.00020    7.48554   10.69759  326.15564   16.72569 5.2516e-02     0.3568     1.1156    75.6627 0.0000e+00
        470  81.513708    0.03260     1.9560    117.361     37.351  51083.652    31.4346     3.6517     37.000     3.6500    24.9836     7.1839    10.2664     95.979    313.012    320.832    0.00017    7.48486   10.69662  326.12616   16.72429 4.8324e-02     0.3625     1.1242    75.4986 0.0000e+00
        476  81.513724    0.03299     1.9789    118.733     38.361  51083.984    31.4347     3.6534     38.000     3.6523    24.9835     7.1802    10.2612     95.933    312.851    320.668   -0.00018    7.48453   10.69615  326.11179   16.72361 4.4808e-02     0.3787     1.1168    75.6389 0.0000e+00
        482  81.513741    0.03338     2.0031    120.185     39.375  51086.997    31.4381     3.6610     39.000     3.6609    24.9856     7.1870    10.2710     96.045    313.149    320.973    0.00036    7.48295   10.69388  326.04195   16.72028 4.2683e-02     0.3717     1.1065    75.8332 0.0000e+00
        487  81.513755    0.03373     2.0240    121.439     40.377  51085.323    31.4368     3.6622     40.000     3.6608    24.9843     7.1789    10.2593     95.938    312.793    320.607   -0.00028    7.48280   10.69367  326.03612   16.72000 4.1371e-02     0.3458     1.1336    75.3228 0.0000e+00
        493  81.513772    0.03415     2.0490    122.938     41.396  51084.367    31.4363     3.6650     41.000     3.6630    24.9837     7.1815    10.2631     95.980    312.908    320.726   -0.00008    7.48231   10.69297  326.01491   16.71899 3.9155e-02     0.3640     1.1196    75.5862 0.0000e+00
        498  81.513787    0.03450     2.0699    124.194     42.397  51090.404    31.4407     3.6682     42.000     3.6682    24.9869     7.1770    10.2567     95.930    312.712    320.525   -0.00034    7.48150   10.69182  325.97888   16.71727 3.7980e-02     0.3391     1.1469    75.0724 0.0000e+00
        503  81.513802    0.03487     2.0923    125.536     43.415  51085.215    31.4379     3.6734     43.000     3.6707    24.9843     7.1724    10.2501     95.879    312.511    320.319   -0.00051    7.48069   10.69066  325.94425   16.71563 3.7364e-02     0.3652     1.1523    74.9699 0.0000e+00
        508  81.513816    0.03519     2.1111    126.665     44.418  51087.704    31.4389     3.6728     44.000     3.6709    24.9851     7.1741    10.2525     95.901    312.585    320.395   -0.00038    7.48076   10.69075  325.94686   16.71575 3.7183e-02     0.3507     1.1801    74.4526 0.0000e+00
        513  81.513830    0.03553     2.1316    127.895     45.429  51089.486    31.4401     3.6745     45.000     3.6727    24.9859     7.1702    10.2469     95.853    312.415    320.220   -0.00053    7.48039   10.69023  325.93078   16.71498 3.6929e-02     0.3782     1.1807    74.4407 0.0000e+00
        518  81.513845    0.03588     2.1530    129.181     46.440  51087.878    31.4391     3.6769     46.000     3.6745    24.9848     7.1706    10.2475     95.864    312.434    320.240   -0.00039    7.47998   10.68965  325.91323   16.71415 3.6963e-02     0.3577     1.1694    74.6513 0.0000e+00
        523  81.513859    0.03623     2.1739    130.434     47.446  51090.952    31.4411     3.6787     47.000     3.6773    24.9863     7.1722    10.2498     95.890    312.501    320.309   -0.00025    7.47957   10.68905  325.89453   16.71326 3.7046e-02     0.3447     1.1729    74.5845 0.0000e+00
        528  81.513874    0.03659     2.1954    131.725     48.462  51095.764    31.4451     3.6841     48.000     3.6845    24.9890     7.1732    10.2511     95.919    312.542    320.353   -0.00008    7.47836   10.68733  325.84117   16.71070 3.6910e-02     0.3322     1.1679    74.6780 0.0000e+00
        532  81.513887    0.03690     2.2143    132.860     49.463  51096.720    31.4471     3.6917     49.000     3.6921    24.9900     7.1699    10.2465     95.895    312.402    320.209   -0.00022    7.47687   10.68519  325.77581   16.70759 3.6908e-02     0.3417     1.1786    74.4793 0.0000e+00
        538  81.513904    0.03730     2.2383    134.297     50.485  51094.857    31.4475     3.7004     50.000     3.6993    24.9895     7.1700    10.2467     95.917    312.407    320.214   -0.00010    7.47527   10.68291  325.70628   16.70428 3.6908e-02     0.3520     1.1452    75.1024 0.0000e+00
        543  81.513918    0.03763     2.2579    135.476     51.484  51093.238    31.4469     3.7047     51.000     3.7031    24.9886     7.1636    10.2376     95.841    312.131    319.930   -0.00045    7.47450   10.68181  325.67300   16.70270 3.6908e-02     0.3592     1.1619    74.7900 0.0000e+00
        549  81.513934    0.03803     2.2818    136.907     52.501  51093.125    31.4472     3.7080     52.000     3.7052    24.9885     7.1600    10.2324     95.800    311.970    319.766   -0.00058    7.47387   10.68091  325.64560   16.70140 3.6908e-02     0.3300     1.1482    75.0490 0.0000e+00
        554  81.513948    0.03837     2.3021    138.128     53.504  51094.277    31.4477     3.7092     53.000     3.7063    24.9889     7.1613    10.2342     95.820    312.025    319.822   -0.00039    7.47363   10.68057  325.63515   16.70090 3.6908e-02     0.3442     1.1621    74.7864 0.0000e+00
