CTD-processing/allCTD/CNV/2022_04-13_t9_s08_cast151_4141.cnv
* Sea-Bird SBE19plus Data File:
* FileName = C:\GWA\CTD\2022_04-13_T9\2022_04-13_T9_S0_cast151.hex
* Software Version 1.59
* Temperature SN =  4141
* Conductivity SN =  4141
* System UpLoad Time = Apr 13 2022 15:03:49
** Cook Inlet LTM T9
** Date: 04-13-2022
** Station:S08
** Start Time (AKDT):12:46
** Depth (m):96
** Comment:
** Comment:
# nquan = 27
# nvalues = 90                          
# units = specified
# name 0 = scan: Scan Count
# name 1 = timeJ: Julian Days
# name 2 = timeH: Time, Elapsed [hours]
# name 3 = timeM: Time, Elapsed [minutes]
# name 4 = timeS: Time, Elapsed [seconds]
# name 5 = prdM: Pressure, Strain Gauge [db]
# name 6 = specc: Specific Conductance [uS/cm]
# name 7 = sal00: Salinity, Practical [PSU]
# name 8 = tv290C: Temperature [ITS-90, deg C]
# name 9 = depSM: Depth [salt water, m], lat = 59.00
# name 10 = potemp090C: Potential Temperature [ITS-90, deg C]
# name 11 = sigma-é00: Density [sigma-theta, kg/m^3]
# name 12 = sbeox0ML/L: Oxygen, SBE 43 [ml/l]
# name 13 = sbeox0Mg/L: Oxygen, SBE 43 [mg/l]
# name 14 = sbeox0PS: Oxygen, SBE 43 [% saturation]
# name 15 = sbox0Mm/Kg: Oxygen, SBE 43 [umol/kg]
# name 16 = sbeox0Mm/L: Oxygen, SBE 43 [umol/l]
# name 17 = sbox0dV/dT: Oxygen, SBE 43 [dov/dt]
# name 18 = oxsolML/L: Oxygen Saturation, Garcia & Gordon [ml/l]
# name 19 = oxsolMg/L: Oxygen Saturation, Garcia & Gordon [mg/l]
# name 20 = oxsolMm/Kg: Oxygen Saturation, Garcia & Gordon [umol/kg]
# name 21 = n2satMg/L: Nitrogen Saturation [mg/l]
# name 22 = par: PAR/Irradiance, Biospherical/Licor
# name 23 = wetStar: Fluorescence, WET Labs WETstar [mg/m^3]
# name 24 = CStarAt0: Beam Attenuation, WET Labs C-Star [1/m]
# name 25 = CStarTr0: Beam Transmission, WET Labs C-Star [%]
# name 26 = flag: flag
# span 0 =        292,        706       
# span 1 = 103.532926, 103.534124       
# span 2 =    0.02023,    0.04898       
# span 3 =     1.2137,     2.9387       
# span 4 =     72.822,    176.320       
# span 5 =      1.013,     90.841       
# span 6 =  49852.750,  51165.088       
# span 7 =    30.8638,    31.6360       
# span 8 =     4.1758,     4.7510       
# span 9 =      1.000,     90.000       
# span 10 =     4.1743,     4.7510      
# span 11 =    24.4248,    25.0748      
# span 12 =     6.9410,     7.6493      
# span 13 =     9.9194,    10.9316      
# span 14 =     94.508,    104.428      
# span 15 =    302.400,    333.426      
# span 16 =    309.983,    341.616      
# span 17 =   -0.00801,    0.01715      
# span 18 =    7.31525,    7.39060      
# span 19 =   10.45423,   10.56190      
# span 20 =  318.90928,  322.04203      
# span 21 =   16.38341,   16.53023      
# span 22 = 3.7425e-02, 1.0371e+02      
# span 23 =     0.2165,     1.7947      
# span 24 =     0.5926,     1.0833      
# span 25 =    76.2745,    86.2314      
# span 26 = 0.0000e+00, 0.0000e+00      
# interval = meters: 1                  
# start_time = Apr 13 2022 12:46:12 [Instrument's time stamp, header]
# bad_flag = -9.990e-29
*END*
[from data line 54]
        541 103.533645    0.03749     2.2492    134.951     55.526  51044.614    31.5505     4.2858     55.000     4.2832    25.0157     7.0938    10.1377     96.329    309.079    316.810   -0.00460    7.36414   10.52408  320.85584   16.47322 4.1162e-02     0.4776     0.8013    81.8482 0.0000e+00
        546 103.533659    0.03783     2.2695    136.170     56.537  51057.718    31.5599     4.2900     56.000     4.2881    25.0227     7.0722    10.1069     96.052    308.134    315.844   -0.00493    7.36291   10.52233  320.80033   16.47055 4.0878e-02     0.4440     0.8763    80.3280 0.0000e+00
        550 103.533672    0.03813     2.2880    137.283     57.547  51060.202    31.5619     4.2934     57.000     4.2906    25.0240     7.0493    10.0742     95.750    307.136    314.822   -0.00498    7.36221   10.52132  320.76902   16.46905 4.0402e-02     0.3625     0.9155    79.5431 0.0000e+00
        555 103.533685    0.03844     2.3064    138.385     58.554  51062.364    31.5634     4.2956     58.000     4.2927    25.0250     7.0207    10.0332     95.367    305.887    313.541   -0.00577    7.36174   10.52066  320.74830   16.46806 4.0092e-02     0.3396     0.9328    79.2003 0.0000e+00
        559 103.533698    0.03876     2.3257    139.541     59.567  51069.135    31.5683     4.2992     59.000     4.2973    25.0285     7.0070    10.0137     95.192    305.290    312.931   -0.00525    7.36086   10.51940  320.70896   16.46617 4.0054e-02     0.3271     0.9294    79.2656 0.0000e+00
        564 103.533711    0.03907     2.3439    140.631     60.573  51070.231    31.5695     4.3032     60.000     4.3010    25.0291     7.0010    10.0051     95.121    305.031    312.664   -0.00434    7.36007   10.51828  320.67475   16.46453 3.9766e-02     0.3623     0.9204    79.4469 0.0000e+00
        568 103.533724    0.03938     2.3627    141.763     61.585  51069.649    31.5694     4.3068     61.000     4.3036    25.0286     6.9990    10.0023     95.103    304.944    312.576   -0.00339    7.35943   10.51737  320.64686   16.46321 3.9075e-02     0.3512     0.9093    79.6653 0.0000e+00
        573 103.533737    0.03970     2.3819    142.915     62.595  51070.400    31.5698     4.3082     62.000     4.3045    25.0288     6.9935     9.9944     95.031    304.703    312.329   -0.00293    7.35915   10.51697  320.63479   16.46263 3.9263e-02     0.3197     0.9041    79.7691 0.0000e+00
        577 103.533751    0.04001     2.4006    144.039     63.604  51075.662    31.5732     4.3098     63.000     4.3075    25.0313     6.9905     9.9901     94.995    304.570    312.194   -0.00241    7.35871   10.51634  320.61485   16.46167 3.9895e-02     0.3082     0.8978    79.8959 0.0000e+00
        582 103.533763    0.04032     2.4192    145.154     64.612  51081.373    31.5778     4.3149     64.000     4.3138    25.0345     6.9922     9.9926     95.034    304.646    312.272   -0.00171    7.35757   10.51470  320.56395   16.45923 4.2047e-02     0.3342     0.8846    80.1600 0.0000e+00
        586 103.533777    0.04064     2.4385    146.311     65.626  51086.514    31.5826     4.3224     65.000     4.3215    25.0376     6.9932     9.9940     95.068    304.689    312.317   -0.00115    7.35601   10.51247  320.49477   16.45592 4.1321e-02     0.3299     0.8558    80.7384 0.0000e+00
        591 103.533790    0.04096     2.4575    147.450     66.633  51089.389    31.5859     4.3304     66.000     4.3291    25.0394     6.9966     9.9988     95.135    304.835    312.468   -0.00060    7.35441   10.51019  320.42475   16.45258 3.9721e-02     0.3560     0.8212    81.4417 0.0000e+00
        596 103.533804    0.04129     2.4774    148.645     67.644  51099.230    31.5940     4.3386     67.000     4.3392    25.0450     6.9957     9.9976     95.146    304.795    312.429   -0.00043    7.35255   10.50753  320.34207   16.44861 3.9596e-02     0.3496     0.7608    82.6798 0.0000e+00
        600 103.533817    0.04161     2.4965    149.792     68.652  51107.093    31.6013     4.3491     68.000     4.3478    25.0497     7.0044    10.0100     95.294    305.171    312.816    0.00027    7.35031   10.50433  320.24296   16.44386 3.9659e-02     0.4055     0.7159    83.6138 0.0000e+00
        605 103.533830    0.04193     2.5155    150.930     69.664  51110.571    31.6046     4.3554     69.000     4.3517    25.0518     7.0116    10.0203     95.409    305.486    313.138    0.00079    7.34904   10.50251  320.18660   16.44117 4.0471e-02     0.3394     0.7201    83.5258 0.0000e+00
        609 103.533844    0.04224     2.5347    152.079     70.673  51108.883    31.6034     4.3571     70.000     4.3526    25.0506     7.0126    10.0218     95.426    305.530    313.184    0.00059    7.34879   10.50216  320.17648   16.44069 4.1048e-02     0.3129     0.7472    82.9604 0.0000e+00
        614 103.533857    0.04257     2.5541    153.244     71.680  51115.395    31.6074     4.3576     71.000     4.3532    25.0538     6.9976    10.0002     95.224    304.873    312.511   -0.00050    7.34850   10.50174  320.16259   16.44002 4.1492e-02     0.3351     0.7563    82.7728 0.0000e+00
        619 103.533871    0.04290     2.5737    154.423     72.696  51119.990    31.6103     4.3589     72.000     4.3545    25.0560     6.9799     9.9749     94.988    304.102    311.722   -0.00160    7.34813   10.50122  320.14600   16.43922 4.1030e-02     0.3058     0.7633    82.6293 0.0000e+00
        623 103.533884    0.04321     2.5925    155.553     73.699  51121.448    31.6110     4.3596     73.000     4.3548    25.0565     6.9802     9.9753     94.994    304.114    311.734   -0.00127    7.34796   10.50097  320.13826   16.43884 4.0252e-02     0.2912     0.7496    82.9099 0.0000e+00
        628 103.533898    0.04355     2.6129    156.773     74.712  51126.273    31.6139     4.3597     74.000     4.3547    25.0587     6.9715     9.9630     94.879    303.738    311.349   -0.00150    7.34781   10.50075  320.13113   16.43849 3.9216e-02     0.2616     0.7395    83.1214 0.0000e+00
        633 103.533912    0.04389     2.6335    158.011     75.723  51130.600    31.6163     4.3598     75.000     4.3550    25.0607     6.9650     9.9537     94.792    303.453    311.057   -0.00156    7.34766   10.50054  320.12389   16.43814 3.9490e-02     0.2396     0.7454    82.9983 0.0000e+00
        638 103.533926    0.04423     2.6540    159.238     76.730  51133.214    31.6178     4.3607     76.000     4.3559    25.0617     6.9628     9.9505     94.764    303.355    310.957   -0.00134    7.34744   10.50022  320.11394   16.43766 3.9303e-02     0.2165     0.7733    82.4225 0.0000e+00
        643 103.533941    0.04458     2.6750    160.500     77.744  51134.801    31.6186     4.3614     77.000     4.3565    25.0622     6.9616     9.9489     94.752    303.306    310.908   -0.00112    7.34727   10.49998  320.10631   16.43730 3.8394e-02     0.2446     0.7952    81.9705 0.0000e+00
        647 103.533954    0.04489     2.6934    161.603     78.746  51137.704    31.6201     4.3620     78.000     4.3567    25.0635     6.9613     9.9484     94.749    303.291    310.894   -0.00084    7.34709   10.49973  320.09843   16.43692 3.7425e-02     0.2275     0.8075    81.7185 0.0000e+00
        652 103.533968    0.04524     2.7142    162.855     79.765  51138.912    31.6206     4.3622     79.000     4.3570    25.0638     6.9565     9.9415     94.684    303.081    310.678   -0.00102    7.34704   10.49966  320.09600   16.43680 3.8734e-02     0.2395     0.8138    81.5920 0.0000e+00
        657 103.533981    0.04555     2.7328    163.970     80.771  51141.330    31.6218     4.3628     80.000     4.3578    25.0648     6.9520     9.9352     94.626    302.886    310.478   -0.00108    7.34687   10.49941  320.08816   16.43642 3.9158e-02     0.2370     0.8185    81.4945 0.0000e+00
        662 103.533995    0.04587     2.7523    165.136     81.780  51144.482    31.6237     4.3637     81.000     4.3587    25.0662     6.9491     9.9309     94.589    302.756    310.345   -0.00107    7.34660   10.49903  320.07615   16.43584 3.8865e-02     0.2332     0.8331    81.1988 0.0000e+00
        666 103.534008    0.04620     2.7720    166.317     82.790  51146.435    31.6248     4.3649     82.000     4.3598    25.0670     6.9505     9.9328     94.611    302.815    310.405   -0.00072    7.34634   10.49864  320.06422   16.43527 3.9591e-02     0.2609     0.8403    81.0525 0.0000e+00
        671 103.534022    0.04654     2.7922    167.532     83.801  51148.434    31.6259     4.3659     83.000     4.3606    25.0677     6.9491     9.9309     94.595    302.755    310.345   -0.00064    7.34610   10.49830  320.05367   16.43476 4.0187e-02     0.2554     0.8528    80.7990 0.0000e+00
        676 103.534036    0.04686     2.8117    168.704     84.807  51151.614    31.6277     4.3665     84.000     4.3618    25.0691     6.9497     9.9318     94.606    302.781    310.372   -0.00051    7.34591   10.49804  320.04500   16.43434 4.0467e-02     0.2740     0.8578    80.6986 0.0000e+00
        681 103.534050    0.04721     2.8326    169.953     85.820  51160.131    31.6338     4.3700     85.000     4.3658    25.0736     6.9470     9.9280     94.582    302.664    310.253   -0.00050    7.34499   10.49673  320.00374   16.43235 3.9972e-02     0.2432     0.8824    80.2036 0.0000e+00
        686 103.534065    0.04757     2.8542    171.252     86.831  51160.229    31.6342     4.3732     86.000     4.3677    25.0735     6.9450     9.9252     94.563    302.580    310.167   -0.00053    7.34439   10.49588  319.97780   16.43112 3.9745e-02     0.2556     0.9534    78.7943 0.0000e+00
        691 103.534080    0.04792     2.8751    172.508     87.838  51161.608    31.6347     4.3738     87.000     4.3680    25.0739     6.9410     9.9194     94.508    302.400    309.983   -0.00069    7.34427   10.49570  319.97226   16.43086 3.9599e-02     0.2664     1.0044    77.7941 0.0000e+00
        696 103.534095    0.04828     2.8970    173.818     88.852  51162.261    31.6347     4.3741     88.000     4.3682    25.0739     6.9437     9.9233     94.547    302.522    310.107   -0.00038    7.34423   10.49563  319.97023   16.43075 3.9622e-02     0.2730     1.0254    77.3878 0.0000e+00
        701 103.534109    0.04862     2.9172    175.035     89.859  51164.327    31.6358     4.3746     89.000     4.3689    25.0747     6.9481     9.9295     94.608    302.712    310.302   -0.00007    7.34408   10.49543  319.96370   16.43045 3.9504e-02     0.2787     1.0558    76.8018 0.0000e+00
        706 103.534124    0.04898     2.9387    176.320     90.841  51165.088    31.6360     4.3755     90.000     4.3696    25.0748     6.9495     9.9315     94.629    302.773    310.365    0.00003    7.34390   10.49516  319.95552   16.43005 3.9510e-02     0.2885     1.0833    76.2745 0.0000e+00
