CTD-processing/allCTD/CNV/2022_04-12_ab_s02_cast122_4141.cnv
* Sea-Bird SBE19plus Data File:
* FileName = C:\GWA\CTD\2022_04-12_AB\2022_04-12_T6_S02_cast122.hex
* Software Version 1.59
* Temperature SN =  4141
* Conductivity SN =  4141
* System UpLoad Time = Apr 13 2022 14:18:49
** Cook Inlet LTM AlongBay
** Date: 04-12-2022
** Station:S02
** Start Time (AKDT):12:04
** Depth (m):126
** Comment:
** Comment:
# nquan = 27
# nvalues = 122                         
# units = specified
# name 0 = scan: Scan Count
# name 1 = timeJ: Julian Days
# name 2 = timeH: Time, Elapsed [hours]
# name 3 = timeM: Time, Elapsed [minutes]
# name 4 = timeS: Time, Elapsed [seconds]
# name 5 = prdM: Pressure, Strain Gauge [db]
# name 6 = specc: Specific Conductance [uS/cm]
# name 7 = sal00: Salinity, Practical [PSU]
# name 8 = tv290C: Temperature [ITS-90, deg C]
# name 9 = depSM: Depth [salt water, m], lat = 59.00
# name 10 = potemp090C: Potential Temperature [ITS-90, deg C]
# name 11 = sigma-é00: Density [sigma-theta, kg/m^3]
# name 12 = sbeox0ML/L: Oxygen, SBE 43 [ml/l]
# name 13 = sbeox0Mg/L: Oxygen, SBE 43 [mg/l]
# name 14 = sbeox0PS: Oxygen, SBE 43 [% saturation]
# name 15 = sbox0Mm/Kg: Oxygen, SBE 43 [umol/kg]
# name 16 = sbeox0Mm/L: Oxygen, SBE 43 [umol/l]
# name 17 = sbox0dV/dT: Oxygen, SBE 43 [dov/dt]
# name 18 = oxsolML/L: Oxygen Saturation, Garcia & Gordon [ml/l]
# name 19 = oxsolMg/L: Oxygen Saturation, Garcia & Gordon [mg/l]
# name 20 = oxsolMm/Kg: Oxygen Saturation, Garcia & Gordon [umol/kg]
# name 21 = n2satMg/L: Nitrogen Saturation [mg/l]
# name 22 = par: PAR/Irradiance, Biospherical/Licor
# name 23 = wetStar: Fluorescence, WET Labs WETstar [mg/m^3]
# name 24 = CStarAt0: Beam Attenuation, WET Labs C-Star [1/m]
# name 25 = CStarTr0: Beam Transmission, WET Labs C-Star [%]
# name 26 = flag: flag
# span 0 =        373,       1005       
# span 1 = 102.503658, 102.505485       
# span 2 =    0.02585,    0.06969       
# span 3 =     1.5511,     4.1818       
# span 4 =     93.067,    250.909       
# span 5 =      1.014,    123.177       
# span 6 =  50826.134,  51190.530       
# span 7 =    31.4918,    31.6404       
# span 8 =     4.3536,     4.6074       
# span 9 =      1.000,    122.000       
# span 10 =     4.3504,     4.6062      
# span 11 =    24.9405,    25.0772      
# span 12 =     7.0238,     7.5671      
# span 13 =    10.0378,    10.8141      
# span 14 =     95.672,    103.215      
# span 15 =    306.012,    329.709      
# span 16 =    313.685,    337.946      
# span 17 =   -0.00568,    0.00157      
# span 18 =    7.30803,    7.35092      
# span 19 =   10.44390,   10.50521      
# span 20 =  318.42621,  320.27682      
# span 21 =   16.35771,   16.44559      
# span 22 = 3.6907e-02, 1.1241e+02      
# span 23 =     0.3155,     2.0916      
# span 24 =     0.3293,     0.6802      
# span 25 =    84.3620,    92.0983      
# span 26 = 0.0000e+00, 0.0000e+00      
# interval = meters: 1                  
# start_time = Apr 12 2022 12:03:43 [Instrument's time stamp, header]
# bad_flag = -9.990e-29
*END*
[from data line 108]
        935 102.505284    0.06487     3.8920    233.522    110.062  51171.901    31.6313     4.3764    109.000     4.3689    25.0711     7.0445    10.0673     95.922    306.914    314.609   -0.00003    7.34397   10.49526  319.95977   16.43027 3.6908e-02     0.4188     0.5627    86.8764 0.0000e+00
        940 102.505299    0.06523     3.9136    234.816    111.066  51169.873    31.6293     4.3757    110.000     4.3676    25.0696     7.0428    10.0649     95.896    306.840    314.532   -0.00014    7.34420   10.49559  319.97034   16.43078 3.6908e-02     0.4048     0.5558    87.0272 0.0000e+00
        945 102.505314    0.06559     3.9353    236.121    112.078  51171.264    31.6294     4.3744    111.000     4.3669    25.0698     7.0415    10.0630     95.875    306.783    314.474   -0.00029    7.34444   10.49594  319.98087   16.43129 3.6908e-02     0.4296     0.5478    87.2014 0.0000e+00
        951 102.505329    0.06594     3.9568    237.408    113.090  51175.865    31.6323     4.3753    112.000     4.3685    25.0720     7.0417    10.0633     95.882    306.790    314.482   -0.00028    7.34412   10.49548  319.96628   16.43058 3.6908e-02     0.4203     0.5454    87.2536 0.0000e+00
        956 102.505343    0.06629     3.9774    238.644    114.095  51175.670    31.6321     4.3771    113.000     4.3694    25.0716     7.0463    10.0698     95.949    306.990    314.687    0.00010    7.34382   10.49505  319.95317   16.42996 3.6908e-02     0.4431     0.5583    86.9740 0.0000e+00
        961 102.505359    0.06667     4.0002    240.012    115.109  51178.409    31.6334     4.3772    114.000     4.3703    25.0728     7.0406    10.0618     95.873    306.745    314.436   -0.00034    7.34373   10.49492  319.94906   16.42976 3.6908e-02     0.3895     0.5641    86.8477 0.0000e+00
        966 102.505374    0.06705     4.0229    241.373    116.117  51180.013    31.6347     4.3800    115.000     4.3729    25.0735     7.0412    10.0626     95.887    306.768    314.459   -0.00025    7.34316   10.49412  319.92421   16.42857 3.6908e-02     0.4642     0.5843    86.4091 0.0000e+00
        972 102.505392    0.06745     4.0470    242.820    117.129  51184.288    31.6378     4.3833    116.000     4.3765    25.0757     7.0342    10.0525     95.802    306.461    314.146   -0.00058    7.34243   10.49307  319.89137   16.42700 3.6908e-02     0.3627     0.6061    85.9409 0.0000e+00
        978 102.505407    0.06783     4.0697    244.181    118.136  51181.171    31.6355     4.3845    117.000     4.3766    25.0737     7.0315    10.0487     95.766    306.345    314.026   -0.00065    7.34232   10.49291  319.88731   16.42681 3.6908e-02     0.4243     0.6185    85.6735 0.0000e+00
        983 102.505424    0.06822     4.0935    245.613    119.153  51184.593    31.6376     4.3855    118.000     4.3781    25.0752     7.0297    10.0462     95.746    306.267    313.947   -0.00058    7.34204   10.49252  319.87479   16.42620 3.6908e-02     0.3354     0.6234    85.5693 0.0000e+00
        988 102.505438    0.06857     4.1142    246.851    120.155  51185.726    31.6381     4.3867    119.000     4.3790    25.0756     7.0276    10.0431     95.720    306.175    313.852   -0.00061    7.34181   10.49218  319.86425   16.42570 3.6908e-02     0.3761     0.6539    84.9182 0.0000e+00
        994 102.505454    0.06896     4.1373    248.239    121.171  51187.208    31.6388     4.3876    120.000     4.3795    25.0761     7.0238    10.0378     95.672    306.012    313.685   -0.00073    7.34161   10.49189  319.85556   16.42529 3.6908e-02     0.3478     0.6662    84.6588 0.0000e+00
        999 102.505469    0.06932     4.1591    249.547    122.177  51189.089    31.6397     4.3881    121.000     4.3803    25.0767     7.0269    10.0422     95.715    306.144    313.821   -0.00038    7.34147   10.49169  319.84926   16.42498 3.6908e-02     0.3890     0.6672    84.6367 0.0000e+00
       1005 102.505485    0.06969     4.1818    250.909    123.177  51190.530    31.6404     4.3889    122.000     4.3808    25.0772     7.0268    10.0420     95.716    306.139    313.816   -0.00031    7.34129   10.49144  319.84139   16.42461 3.6907e-02     0.3155     0.6802    84.3620 0.0000e+00
