CTD-processing/allCTD/CNV/2022_06-24_t9_s05_cast194_4141.cnv
* Sea-Bird SBE19plus Data File:
* FileName = C:\GWA\CTD\2022_06-24_T9\2022_06-24_T9_S0_cast194.hex
* Software Version 1.59
* Temperature SN =  4141
* Conductivity SN =  4141
* System UpLoad Time = Jun 29 2022 15:20:35
** Cook Inlet LTM T9
** Date: 06-24-2022
** Station:S05
** Start Time (AKDT):14:49
** Depth (m):97
** Comment:
** Comment:
# nquan = 27
# nvalues = 92                          
# units = specified
# name 0 = scan: Scan Count
# name 1 = timeJ: Julian Days
# name 2 = timeH: Time, Elapsed [hours]
# name 3 = timeM: Time, Elapsed [minutes]
# name 4 = timeS: Time, Elapsed [seconds]
# name 5 = prdM: Pressure, Strain Gauge [db]
# name 6 = specc: Specific Conductance [uS/cm]
# name 7 = sal00: Salinity, Practical [PSU]
# name 8 = tv290C: Temperature [ITS-90, deg C]
# name 9 = depSM: Depth [salt water, m], lat = 59.00
# name 10 = potemp090C: Potential Temperature [ITS-90, deg C]
# name 11 = sigma-é00: Density [sigma-theta, kg/m^3]
# name 12 = sbeox0ML/L: Oxygen, SBE 43 [ml/l]
# name 13 = sbeox0Mg/L: Oxygen, SBE 43 [mg/l]
# name 14 = sbeox0PS: Oxygen, SBE 43 [% saturation]
# name 15 = sbox0Mm/Kg: Oxygen, SBE 43 [umol/kg]
# name 16 = sbeox0Mm/L: Oxygen, SBE 43 [umol/l]
# name 17 = sbox0dV/dT: Oxygen, SBE 43 [dov/dt]
# name 18 = oxsolML/L: Oxygen Saturation, Garcia & Gordon [ml/l]
# name 19 = oxsolMg/L: Oxygen Saturation, Garcia & Gordon [mg/l]
# name 20 = oxsolMm/Kg: Oxygen Saturation, Garcia & Gordon [umol/kg]
# name 21 = n2satMg/L: Nitrogen Saturation [mg/l]
# name 22 = par: PAR/Irradiance, Biospherical/Licor
# name 23 = wetStar: Fluorescence, WET Labs WETstar [mg/m^3]
# name 24 = CStarAt0: Beam Attenuation, WET Labs C-Star [1/m]
# name 25 = CStarTr0: Beam Transmission, WET Labs C-Star [%]
# name 26 = flag: flag
# span 0 =        306,        820       
# span 1 = 175.618325, 175.619813       
# span 2 =    0.02118,    0.05691       
# span 3 =     1.2710,     3.4146       
# span 4 =     76.259,    204.874       
# span 5 =      1.015,     92.812       
# span 6 =  43302.664,  50401.434       
# span 7 =    27.4274,    31.4829       
# span 8 =     6.1386,    12.8362       
# span 9 =      1.000,     92.000       
# span 10 =     6.1356,    12.8340      
# span 11 =    20.5653,    24.7586      
# span 12 =     6.9690,     8.6782      
# span 13 =     9.9595,    12.4020      
# span 14 =     98.867,    129.561      
# span 15 =    303.719,    378.575      
# span 16 =    311.238,    387.566      
# span 17 =   -0.04324,    0.03572      
# span 18 =    6.23591,    7.04894      
# span 19 =    8.91174,   10.07364      
# span 20 =  272.88339,  307.19953      
# span 21 =   14.19992,   15.82336      
# span 22 = 3.2246e-01, 7.3177e+02      
# span 23 =     0.0974,     8.8147      
# span 24 =     0.3270,     2.4664      
# span 25 =    59.2309,    92.1511      
# span 26 = 0.0000e+00, 0.0000e+00      
# interval = meters: 1                  
# start_time = Jun 24 2022 14:49:07 [Instrument's time stamp, header]
# bad_flag = -9.990e-29
*END*
[from data line 54]
        635 175.619277    0.04403     2.6418    158.507     55.526  50154.205    31.4567     6.8268     55.000     6.8195    24.6518     7.2462    10.3555    104.442    315.829    323.615   -0.00193    6.93798    9.91506  302.39554   15.59446 4.0233e-01     0.1781     0.4795    88.7035 0.0000e+00
        640 175.619291    0.04437     2.6623    159.741     56.537  50150.527    31.4516     6.8157     56.000     6.8046    24.6493     7.2427    10.3506    104.362    315.680    323.461   -0.00187    6.94000    9.91796  302.48450   15.59872 3.9539e-01     0.1662     0.4926    88.4124 0.0000e+00
        645 175.619305    0.04470     2.6822    160.934     57.548  50162.650    31.4578     6.8058     57.000     6.7998    24.6554     7.2404    10.3473    104.309    315.576    323.357   -0.00167    6.94132    9.91983  302.53979   15.60133 3.8539e-01     0.1750     0.4953    88.3537 0.0000e+00
        649 175.619318    0.04503     2.7019    162.115     58.554  50166.408    31.4598     6.8046     58.000     6.7998    24.6571     7.2375    10.3431    104.265    315.447    323.225   -0.00149    6.94141    9.91998  302.54377   15.60151 3.7378e-01     0.1559     0.4893    88.4864 0.0000e+00
        654 175.619333    0.04538     2.7225    163.352     59.568  50155.341    31.4514     6.8034     59.000     6.7883    24.6507     7.2347    10.3392    104.218    315.332    323.105   -0.00140    6.94200    9.92081  302.57102   15.60285 3.5880e-01     0.1495     0.4884    88.5051 0.0000e+00
        659 175.619346    0.04570     2.7420    164.522     60.572  50120.716    31.4186     6.7573     60.000     6.7170    24.6308     7.2360    10.3410    104.102    315.391    323.160   -0.00161    6.95091    9.93355  302.96554   15.62180 3.5490e-01     0.1643     0.5086    88.0602 0.0000e+00
        664 175.619361    0.04605     2.7630    165.782     61.587  50175.634    31.4423     6.6798     61.000     6.6629    24.6593     7.2169    10.3137    103.657    314.552    322.308   -0.00346    6.96233    9.94987  303.45468   15.64502 3.5972e-01     0.1751     0.5484    87.1885 0.0000e+00
        669 175.619375    0.04640     2.7839    167.033     62.593  50196.252    31.4537     6.6665     62.000     6.6548    24.6700     7.2053    10.2971    103.466    314.041    321.789   -0.00358    6.96397    9.95221  303.52300   15.64823 3.5859e-01     0.1528     0.5629    86.8740 0.0000e+00
        674 175.619391    0.04677     2.8062    168.370     63.607  50159.133    31.4212     6.6323     63.000     6.5965    24.6488     7.1979    10.2865    103.255    313.727    321.460   -0.00359    6.97099    9.96224  303.83519   15.66324 3.5814e-01     0.1591     0.5662    86.8016 0.0000e+00
        679 175.619405    0.04710     2.8265    169.591     64.614  50204.668    31.4411     6.5706     64.000     6.5515    24.6721     7.1824    10.2643    102.898    313.041    320.764   -0.00444    6.98009    9.97524  304.22473   15.68174 3.5451e-01     0.1468     0.5885    86.3228 0.0000e+00
        684 175.619420    0.04746     2.8478    170.871     65.623  50172.092    31.4064     6.5074     65.000     6.4620    24.6528     7.1764    10.2558    102.637    312.787    320.498   -0.00452    6.99197    9.99223  304.74878   15.70686 3.5880e-01     0.1566     0.5811    86.4792 0.0000e+00
        689 175.619434    0.04781     2.8683    172.096     66.637  50245.217    31.4418     6.4274     66.000     6.4126    24.6906     7.1541    10.2239    102.151    311.802    319.500   -0.00581    7.00340   10.00855  305.23525   15.72991 3.5706e-01     0.1651     0.6057    85.9469 0.0000e+00
        694 175.619447    0.04812     2.8870    173.222     67.638  50249.514    31.4403     6.4062     67.000     6.3905    24.6922     7.1399    10.2035    101.897    311.181    318.865   -0.00571    7.00691   10.01358  305.38816   15.73720 3.5451e-01     0.1242     0.6271    85.4904 0.0000e+00
        699 175.619462    0.04847     2.9083    174.500     68.662  50267.098    31.4479     6.3841     68.000     6.3756    24.7008     7.1327    10.1933    101.748    310.868    318.547   -0.00482    7.01019   10.01826  305.52820   15.74384 3.5190e-01     0.1356     0.6389    85.2358 0.0000e+00
        703 175.619474    0.04878     2.9267    175.605     69.660  50269.711    31.4484     6.3798     69.000     6.3710    24.7018     7.1252    10.1826    101.630    310.539    318.210   -0.00425    7.01087   10.01924  305.55779   15.74525 3.4501e-01     0.1219     0.6365    85.2884 0.0000e+00
        709 175.619490    0.04914     2.9483    176.900     70.676  50264.823    31.4424     6.3682     70.000     6.3534    24.6985     7.1190    10.1738    101.510    310.271    317.935   -0.00359    7.01304   10.02234  305.65343   15.74983 3.4474e-01     0.1407     0.6253    85.5287 0.0000e+00
        713 175.619503    0.04947     2.9681    178.088     71.680  50280.622    31.4495     6.3505     71.000     6.3405    24.7063     7.1087    10.1591    101.328    309.821    317.475   -0.00360    7.01561   10.02601  305.76294   15.75503 3.4378e-01     0.1202     0.6188    85.6671 0.0000e+00
        719 175.619520    0.04986     2.9914    179.482     72.695  50278.398    31.4450     6.3373     72.000     6.3207    24.7044     7.1091    10.1597    101.299    309.840    317.495   -0.00268    7.01797   10.02938  305.86636   15.75997 3.4145e-01     0.1236     0.6196    85.6498 0.0000e+00
        723 175.619532    0.05017     3.0104    180.621     73.698  50296.112    31.4517     6.3104     73.000     6.2940    24.7130     7.1039    10.1522    101.165    309.610    317.261   -0.00266    7.02209   10.03527  306.04312   15.76837 3.4473e-01     0.1119     0.6364    85.2911 0.0000e+00
        729 175.619548    0.05054     3.0321    181.926     74.715  50318.615    31.4630     6.2902     74.000     6.2805    24.7244     7.0921    10.1352    100.957    309.089    316.731   -0.00298    7.02488   10.03926  306.16140   15.77396 3.4938e-01     0.1157     0.6439    85.1306 0.0000e+00
        733 175.619561    0.05086     3.0516    183.094     75.719  50323.349    31.4644     6.2825     75.000     6.2724    24.7264     7.0861    10.1268    100.855    308.830    316.466   -0.00276    7.02607   10.04096  306.21293   15.77641 3.4725e-01     0.1084     0.6527    84.9439 0.0000e+00
        738 175.619576    0.05121     3.0724    184.346     76.734  50325.182    31.4626     6.2691     76.000     6.2555    24.7267     7.0806    10.1189    100.743    308.588    316.218   -0.00256    7.02836   10.04423  306.31258   15.78116 3.4907e-01     0.1018     0.6781    84.4063 0.0000e+00
        743 175.619589    0.05154     3.0922    185.534     77.742  50337.695    31.4680     6.2544     77.000     6.2445    24.7327     7.0687    10.1018    100.542    308.067    315.686   -0.00295    7.03053   10.04733  306.40525   15.78556 3.4794e-01     0.1040     0.7085    83.7673 0.0000e+00
        748 175.619603    0.05186     3.1119    186.715     78.749  50345.551    31.4720     6.2492     78.000     6.2423    24.7365     7.0620    10.0924    100.438    307.776    315.390   -0.00273    7.03120   10.04829  306.43331   15.78689 3.4374e-01     0.1043     0.7376    83.1593 0.0000e+00
        753 175.619618    0.05222     3.1336    188.015     79.766  50346.186    31.4717     6.2479     79.000     6.2404    24.7365     7.0554    10.0829    100.341    307.489    315.095   -0.00247    7.03143   10.04862  306.44327   15.78736 3.3646e-01     0.0974     0.7438    83.0322 0.0000e+00
        758 175.619631    0.05254     3.1521    189.129     80.764  50343.667    31.4685     6.2428     80.000     6.2319    24.7346     7.0480    10.0723    100.222    307.166    314.764   -0.00248    7.03242   10.05004  306.48722   15.78947 3.3262e-01     0.1112     0.7669    82.5543 0.0000e+00
        763 175.619647    0.05292     3.1750    190.499     81.786  50350.080    31.4709     6.2342     81.000     6.2236    24.7374     7.0400    10.0610    100.090    306.819    314.408   -0.00237    7.03373   10.05190  306.54323   15.79213 3.3542e-01     0.1068     0.7962    81.9513 0.0000e+00
        768 175.619661    0.05324     3.1949    191.692     82.786  50356.668    31.4727     6.2224     82.000     6.2126    24.7404     7.0330    10.0509     99.963    306.511    314.094   -0.00251    7.03559   10.05456  306.62335   15.79594 3.4050e-01     0.1184     0.8365    81.1302 0.0000e+00
        773 175.619677    0.05364     3.2184    193.106     83.807  50363.756    31.4761     6.2175     83.000     6.2103    24.7438     7.0376    10.0574    100.019    306.709    314.298   -0.00143    7.03623   10.05547  306.65032   15.79721 3.3505e-01     0.1078     0.8593    80.6691 0.0000e+00
        778 175.619691    0.05398     3.2388    194.326     84.806  50364.713    31.4761     6.2159     84.000     6.2081    24.7439     7.0261    10.0410     99.852    306.208    313.785   -0.00190    7.03649   10.05584  306.66164   15.79775 3.3145e-01     0.1206     0.8770    80.3120 0.0000e+00
        784 175.619708    0.05438     3.2627    195.762     85.821  50359.448    31.4703     6.2073     85.000     6.1924    24.7404     7.0288    10.0449     99.867    306.329    313.907   -0.00128    7.03818   10.05825  306.73602   15.80132 3.2634e-01     0.1074     0.9446    78.9702 0.0000e+00
        789 175.619723    0.05474     3.2845    197.071     86.830  50368.415    31.4719     6.1858     86.000     6.1708    24.7443     7.0231    10.0367     99.737    306.079    313.653   -0.00157    7.04166   10.06323  306.88672   15.80849 3.2698e-01     0.1114     1.0289    77.3225 0.0000e+00
        795 175.619739    0.05512     3.3074    198.443     87.842  50384.797    31.4796     6.1695     87.000     6.1603    24.7524     7.0136    10.0232     99.570    305.665    313.231   -0.00198    7.04397   10.06655  306.98532   15.81316 3.2899e-01     0.1144     1.1186    75.6089 0.0000e+00
        799 175.619752    0.05545     3.3268    199.609     88.846  50386.620    31.4795     6.1648     88.000     6.1549    24.7528     7.0020    10.0066     99.393    305.156    312.710   -0.00239    7.04477   10.06768  307.01974   15.81479 3.3658e-01     0.1140     1.1720    74.6019 0.0000e+00
        805 175.619769    0.05583     3.3499    200.994     89.866  50393.581    31.4828     6.1590     89.000     6.1518    24.7561     6.9907     9.9904     99.221    304.662    312.204   -0.00259    7.04556   10.06882  307.05350   15.81640 3.3619e-01     0.1098     1.2129    73.8509 0.0000e+00
        810 175.619782    0.05615     3.3689    202.131     90.861  50389.569    31.4796     6.1593     90.000     6.1490    24.7536     6.9936     9.9945     99.260    304.788    312.333   -0.00178    7.04566   10.06896  307.05876   15.81666 3.3057e-01     0.1136     1.1986    74.1094 0.0000e+00
        815 175.619799    0.05656     3.3937    203.622     91.886  50392.347    31.4786     6.1471     91.000     6.1356    24.7544     6.9863     9.9842     99.128    304.470    312.008   -0.00180    7.04772   10.07191  307.14813   15.82092 3.2619e-01     0.1200     1.2165    73.7844 0.0000e+00
        820 175.619813    0.05691     3.4146    204.874     92.812  50401.434    31.4829     6.1386     92.000 -9.990e-29    24.7586     6.9690     9.9595     98.867    303.719    311.238   -0.00278    7.04894   10.07364  307.19953   15.82336 3.2246e-01     0.1315     1.3929    70.5655 0.0000e+00
