CTD-processing/allCTD/CNV/2022_04-13_t9_s09_cast152_4141.cnv
* Sea-Bird SBE19plus Data File:
* FileName = C:\GWA\CTD\2022_04-13_T9\2022_04-13_T9_S0_cast152.hex
* Software Version 1.59
* Temperature SN =  4141
* Conductivity SN =  4141
* System UpLoad Time = Apr 13 2022 15:05:11
** Cook Inlet LTM T9
** Date: 04-13-2022
** Station:S09
** Start Time (AKDT):12:53
** Depth (m):84
** Comment:
** Comment:
# nquan = 27
# nvalues = 77                          
# units = specified
# name 0 = scan: Scan Count
# name 1 = timeJ: Julian Days
# name 2 = timeH: Time, Elapsed [hours]
# name 3 = timeM: Time, Elapsed [minutes]
# name 4 = timeS: Time, Elapsed [seconds]
# name 5 = prdM: Pressure, Strain Gauge [db]
# name 6 = specc: Specific Conductance [uS/cm]
# name 7 = sal00: Salinity, Practical [PSU]
# name 8 = tv290C: Temperature [ITS-90, deg C]
# name 9 = depSM: Depth [salt water, m], lat = 59.00
# name 10 = potemp090C: Potential Temperature [ITS-90, deg C]
# name 11 = sigma-é00: Density [sigma-theta, kg/m^3]
# name 12 = sbeox0ML/L: Oxygen, SBE 43 [ml/l]
# name 13 = sbeox0Mg/L: Oxygen, SBE 43 [mg/l]
# name 14 = sbeox0PS: Oxygen, SBE 43 [% saturation]
# name 15 = sbox0Mm/Kg: Oxygen, SBE 43 [umol/kg]
# name 16 = sbeox0Mm/L: Oxygen, SBE 43 [umol/l]
# name 17 = sbox0dV/dT: Oxygen, SBE 43 [dov/dt]
# name 18 = oxsolML/L: Oxygen Saturation, Garcia & Gordon [ml/l]
# name 19 = oxsolMg/L: Oxygen Saturation, Garcia & Gordon [mg/l]
# name 20 = oxsolMm/Kg: Oxygen Saturation, Garcia & Gordon [umol/kg]
# name 21 = n2satMg/L: Nitrogen Saturation [mg/l]
# name 22 = par: PAR/Irradiance, Biospherical/Licor
# name 23 = wetStar: Fluorescence, WET Labs WETstar [mg/m^3]
# name 24 = CStarAt0: Beam Attenuation, WET Labs C-Star [1/m]
# name 25 = CStarTr0: Beam Transmission, WET Labs C-Star [%]
# name 26 = flag: flag
# span 0 =         73,        634       
# span 1 = 103.537244, 103.538868       
# span 2 =    0.00497,    0.04394       
# span 3 =     0.2982,     2.6363       
# span 4 =     17.892,    158.176       
# span 5 =      1.004,     77.623       
# span 6 =  49651.718,  51157.781       
# span 7 =    30.7479,    31.6367       
# span 8 =     4.1693,     4.8344       
# span 9 =      1.000,     77.000       
# span 10 =     4.1681,     4.8191      
# span 11 =    24.3258,    25.0756      
# span 12 =     6.9389,     7.6442      
# span 13 =     9.9164,    10.9244      
# span 14 =     94.467,    104.456      
# span 15 =    302.312,    333.226      
# span 16 =    309.892,    341.392      
# span 17 =   -0.00602,    0.02301      
# span 18 =    7.30287,    7.39099      
# span 19 =   10.43654,   10.56247      
# span 20 =  318.38369,  322.06149      
# span 21 =   16.35860,   16.53119      
# span 22 = 3.9375e-02, 8.2644e+01      
# span 23 =     0.2363,     1.7470      
# span 24 =     0.5982,     5.0599      
# span 25 =    40.8055,    85.0780      
# span 26 = 0.0000e+00, 0.0000e+00      
# interval = meters: 1                  
# start_time = Apr 13 2022 12:53:20 [Instrument's time stamp, header]
# bad_flag = -9.990e-29
*END*
[from data line 54]
        526 103.538555    0.03643     2.1856    131.134     55.523  51042.313    31.5413     4.2533     55.000     4.2532    25.0116     7.0779    10.1150     96.031    308.387    316.100   -0.00213    7.37040   10.53304  321.13023   16.48631 4.1341e-02     0.3891     0.6889    84.1788 0.0000e+00
        531 103.538569    0.03678     2.2065    132.392     56.539  51042.605    31.5428     4.2607     56.000     4.2575    25.0120     7.0722    10.1067     95.971    308.134    315.841   -0.00182    7.36900   10.53104  321.06908   16.48340 4.0840e-02     0.3734     0.6949    84.0526 0.0000e+00
        535 103.538583    0.03711     2.2267    133.600     57.545  51049.351    31.5472     4.2624     57.000     4.2594    25.0154     7.0712    10.1055     95.966    308.093    315.801   -0.00145    7.36847   10.53027  321.04459   16.48221 4.0593e-02     0.3548     0.7248    83.4270 0.0000e+00
        540 103.538598    0.03746     2.2478    134.871     58.555  51051.852    31.5489     4.2640     58.000     4.2606    25.0165     7.0549    10.0820     95.749    307.380    315.069   -0.00205    7.36811   10.52976  321.02871   16.48145 4.0448e-02     0.3596     0.7364    83.1840 0.0000e+00
        546 103.538613    0.03782     2.2689    136.132     59.567  51055.229    31.5509     4.2649     59.000     4.2609    25.0180     7.0416    10.0632     95.572    306.802    314.478   -0.00243    7.36785   10.52940  321.01714   16.48089 4.0165e-02     0.3935     0.7492    82.9200 0.0000e+00
        550 103.538626    0.03813     2.2876    137.257     60.572  51067.610    31.5591     4.2659     60.000     4.2626    25.0244     7.0338    10.0521     95.475    306.463    314.132   -0.00233    7.36725   10.52854  320.98893   16.47952 3.9866e-02     0.3085     0.7876    82.1269 0.0000e+00
        555 103.538640    0.03847     2.3082    138.490     61.586  51073.690    31.5631     4.2677     61.000     4.2658    25.0275     7.0283    10.0441     95.406    306.219    313.883   -0.00209    7.36673   10.52779  320.96515   16.47837 3.9886e-02     0.3316     0.8390    81.0776 0.0000e+00
        560 103.538654    0.03881     2.3287    139.725     62.594  51080.209    31.5685     4.2741     62.000     4.2729    25.0311     7.0158    10.0261     95.254    305.671    313.322   -0.00226    7.36531   10.52577  320.90229   16.47536 3.9645e-02     0.2890     0.8625    80.6048 0.0000e+00
        565 103.538669    0.03916     2.3493    140.959     63.601  51090.776    31.5772     4.2823     63.000     4.2820    25.0372     7.0056    10.0117     95.141    305.230    312.872   -0.00227    7.36342   10.52307  320.81817   16.47132 3.9652e-02     0.3290     0.8901    80.0504 0.0000e+00
        570 103.538684    0.03951     2.3710    142.259     64.618  51090.984    31.5788     4.2908     64.000     4.2883    25.0377     7.0026    10.0074     95.121    305.098    312.737   -0.00174    7.36182   10.52078  320.74812   16.46798 3.9723e-02     0.2818     0.9168    79.5156 0.0000e+00
        575 103.538698    0.03985     2.3911    143.465     65.618  51102.883    31.5877     4.2964     65.000     4.2958    25.0442     6.9878     9.9863     94.938    304.450    312.075   -0.00217    7.36039   10.51874  320.68384   16.46489 3.9993e-02     0.2728     0.9398    79.0613 0.0000e+00
        580 103.538713    0.04023     2.4139    144.836     66.641  51101.168    31.5881     4.3055     66.000     4.3026    25.0437     6.9842     9.9812     94.910    304.295    311.915   -0.00175    7.35874   10.51637  320.61198   16.46147 3.9653e-02     0.2485     0.9556    78.7497 0.0000e+00
        585 103.538726    0.04054     2.4325    145.947     67.642  51107.138    31.5926     4.3092     67.000     4.3071    25.0468     6.9771     9.9710     94.825    303.984    311.598   -0.00175    7.35786   10.51512  320.57272   16.45959 3.9455e-02     0.2796     0.9675    78.5159 0.0000e+00
        590 103.538740    0.04087     2.4523    147.136     68.653  51118.323    31.6013     4.3158     68.000     4.3170    25.0531     6.9718     9.9635     94.774    303.752    311.362   -0.00161    7.35626   10.51283  320.50092   16.45614 3.9483e-02     0.2453     0.9674    78.5183 0.0000e+00
        594 103.538754    0.04120     2.4721    148.324     69.665  51132.974    31.6146     4.3323     69.000     4.3341    25.0620     6.9642     9.9525     94.717    303.418    311.022   -0.00150    7.35265   10.50767  320.34104   16.44848 3.9375e-02     0.2607     0.9779    78.3105 0.0000e+00
        599 103.538767    0.04152     2.4910    149.462     70.670  51128.417    31.6135     4.3431     70.000     4.3410    25.0600     6.9590     9.9452     94.671    303.193    310.791   -0.00135    7.35078   10.50500  320.26015   16.44463 3.9579e-02     0.2565     0.9906    78.0638 0.0000e+00
        604 103.538781    0.04185     2.5109    150.652     71.686  51126.825    31.6131     4.3484     71.000     4.3447    25.0593     6.9517     9.9347     94.583    302.873    310.463   -0.00153    7.34985   10.50368  320.21988   16.44272 3.9732e-02     0.2567     0.9835    78.2014 0.0000e+00
        608 103.538794    0.04217     2.5301    151.806     72.691  51131.191    31.6163     4.3514     72.000     4.3482    25.0614     6.9526     9.9359     94.603    302.908    310.499   -0.00106    7.34916   10.50268  320.18907   16.44124 4.0427e-02     0.2628     0.9772    78.3252 0.0000e+00
        613 103.538808    0.04250     2.5500    152.999     73.700  51134.930    31.6192     4.3550     73.000     4.3516    25.0634     6.9491     9.9309     94.565    302.756    310.344   -0.00102    7.34839   10.50158  320.15491   16.43960 4.0082e-02     0.2574     0.9612    78.6382 0.0000e+00
        618 103.538822    0.04284     2.5704    154.223     74.714  51143.633    31.6255     4.3587     74.000     4.3556    25.0680     6.9423     9.9212     94.486    302.460    310.042   -0.00117    7.34741   10.50019  320.11084   16.43748 4.0449e-02     0.2363     0.9757    78.3552 0.0000e+00
        623 103.538836    0.04317     2.5903    155.417     75.718  51150.188    31.6307     4.3638     75.000     4.3604    25.0716     6.9423     9.9213     94.502    302.461    310.045   -0.00085    7.34626   10.49853  320.05931   16.43501 4.0307e-02     0.2495     1.0336    77.2301 0.0000e+00
        628 103.538851    0.04354     2.6125    156.750     76.727  51154.388    31.6339     4.3679     76.000     4.3638    25.0739     6.9389     9.9164     94.467    302.312    309.892   -0.00081    7.34535   10.49724  320.01917   16.43309 3.9946e-02     0.2534     1.0651    76.6229 0.0000e+00
        634 103.538868    0.04394     2.6363    158.176     77.623  51157.781    31.6367     4.3719     77.000 -9.990e-29    25.0756     6.9398     9.9177     94.492    302.354    309.936   -0.00068    7.34449   10.49602  319.98164   16.43129 3.9798e-02     0.2728     1.1527    74.9549 0.0000e+00
