CTD-processing/allCTD/CNV/2022_02-28_ab_s07_cast073_4141.cnv
* Sea-Bird SBE19plus Data File:
* FileName = C:\Users\steve\Desktop\GWA\CTD\2022_02-28_AB\2022_02-28_AB_S0_cast073.hex
* Software Version 1.59
* Temperature SN =  4141
* Conductivity SN =  4141
* System UpLoad Time = Mar 03 2022 14:54:35
** Cook Inlet LTM AlongBay
** Date: 02-28-2022
** Station:S07
** Start Time (AKST):14:28
** Depth (m):149
** Comment:
** Comment:
# nquan = 27
# nvalues = 145                         
# units = specified
# name 0 = scan: Scan Count
# name 1 = timeJ: Julian Days
# name 2 = timeH: Time, Elapsed [hours]
# name 3 = timeM: Time, Elapsed [minutes]
# name 4 = timeS: Time, Elapsed [seconds]
# name 5 = prdM: Pressure, Strain Gauge [db]
# name 6 = specc: Specific Conductance [uS/cm]
# name 7 = sal00: Salinity, Practical [PSU]
# name 8 = tv290C: Temperature [ITS-90, deg C]
# name 9 = depSM: Depth [salt water, m], lat = 59.00
# name 10 = potemp090C: Potential Temperature [ITS-90, deg C]
# name 11 = sigma-é00: Density [sigma-theta, kg/m^3]
# name 12 = sbeox0ML/L: Oxygen, SBE 43 [ml/l]
# name 13 = sbeox0Mg/L: Oxygen, SBE 43 [mg/l]
# name 14 = sbeox0PS: Oxygen, SBE 43 [% saturation]
# name 15 = sbox0Mm/Kg: Oxygen, SBE 43 [umol/kg]
# name 16 = sbeox0Mm/L: Oxygen, SBE 43 [umol/l]
# name 17 = sbox0dV/dT: Oxygen, SBE 43 [dov/dt]
# name 18 = oxsolML/L: Oxygen Saturation, Garcia & Gordon [ml/l]
# name 19 = oxsolMg/L: Oxygen Saturation, Garcia & Gordon [mg/l]
# name 20 = oxsolMm/Kg: Oxygen Saturation, Garcia & Gordon [umol/kg]
# name 21 = n2satMg/L: Nitrogen Saturation [mg/l]
# name 22 = par: PAR/Irradiance, Biospherical/Licor
# name 23 = wetStar: Fluorescence, WET Labs WETstar [mg/m^3]
# name 24 = CStarAt0: Beam Attenuation, WET Labs C-Star [1/m]
# name 25 = CStarTr0: Beam Transmission, WET Labs C-Star [%]
# name 26 = flag: flag
# span 0 =        264,        957       
# span 1 =  59.603527,  59.605532       
# span 2 =    0.01826,    0.06636       
# span 3 =     1.0960,     3.9814       
# span 4 =     65.760,    238.885       
# span 5 =      1.015,    146.400       
# span 6 =  50789.370,  51488.790       
# span 7 =    31.0875,    31.5439       
# span 8 =     2.9287,     3.2114       
# span 9 =      1.000,    145.000       
# span 10 =     2.9291,     3.2033      
# span 11 =    24.7636,    25.1107      
# span 12 =     7.0695,     7.2495      
# span 13 =    10.1030,    10.3603      
# span 14 =     92.706,     95.514      
# span 15 =    308.092,    315.878      
# span 16 =    315.721,    323.764      
# span 17 =   -0.00122,    0.06202      
# span 18 =    7.56116,    7.63488      
# span 19 =   10.80566,   10.91100      
# span 20 =  329.41099,  332.71724      
# span 21 =   16.87999,   17.03862      
# span 22 = 3.6889e-02, 3.2784e+02      
# span 23 =     0.1066,     0.3489      
# span 24 =     0.7445,     1.2043      
# span 25 =    74.0032,    83.0169      
# span 26 = 0.0000e+00, 0.0000e+00      
# interval = meters: 1                  
# start_time = Feb 28 2022 14:27:59 [Instrument's time stamp, header]
# bad_flag = -9.990e-29
*END*
        264  59.603527    0.01826     1.0960     65.760      1.015  50789.370    31.0875     2.9931      1.000     2.9869    24.7636     7.0695    10.1030     92.706    308.092    315.721    0.06202    7.62567   10.89785  332.33280   17.02060 3.2784e+02     0.1110     1.1707    74.6276 0.0000e+00
        268  59.603540    0.01856     1.1139     66.832      2.019  50809.562    31.0949     2.9709      2.000     2.9510    24.7713     7.1300    10.1895     93.454    310.730    318.427    0.05113    7.62950   10.90332  332.49727   17.02838 1.8934e+02     0.1066     1.2043    74.0032 0.0000e+00
        273  59.603552    0.01886     1.1317     67.900      3.027  50872.335    31.1276     2.9359      3.000     2.9297    24.8003     7.1525    10.2218     93.688    311.703    319.434    0.04010    7.63446   10.91041  332.70392   17.03807 1.1957e+02     0.1114     1.1826    74.4056 0.0000e+00
        277  59.603565    0.01917     1.1501     69.007      4.040  50902.867    31.1458     2.9287      4.000     2.9291    24.8154     7.1654    10.2400     93.850    312.256    320.004    0.03120    7.63488   10.91100  332.71724   17.03862 9.2227e+01     0.1360     1.1641    74.7498 0.0000e+00
        281  59.603577    0.01946     1.1679     70.076      5.045  50909.635    31.1502     2.9300      5.000     2.9295    24.8188     7.1774    10.2572     94.014    312.778    320.541    0.02466    7.63440   10.91032  332.69521   17.03757 7.0093e+01     0.1611     1.1549    74.9217 0.0000e+00
        286  59.603590    0.01977     1.1863     71.179      6.058  50962.674    31.1855     2.9302      6.000     2.9311    24.8469     7.1827    10.2648     94.106    313.001    320.779    0.01912    7.63252   10.90763  332.60408   17.03309 5.3672e+01     0.1848     1.1402    75.1986 0.0000e+00
        290  59.603603    0.02008     1.2045     72.269      7.065  50996.544    31.2086     2.9330      7.000     2.9351    24.8651     7.1850    10.2680     94.158    313.094    320.879    0.01474    7.63077   10.90513  332.52198   17.02910 4.1622e+01     0.2284     1.1274    75.4381 0.0000e+00
        295  59.603616    0.02040     1.2240     73.443      8.076  51066.044    31.2578     2.9439      8.000     2.9505    24.9035     7.1998    10.2892     94.409    313.730    321.542    0.01214    7.62617   10.89855  332.30881   17.01878 3.2395e+01     0.2623     1.1197    75.5840 0.0000e+00
        299  59.603630    0.02072     1.2435     74.612      9.084  51093.142    31.2789     2.9567      9.000     2.9566    24.9193     7.2081    10.3011     94.561    314.085    321.912    0.00978    7.62262   10.89349  332.14946   17.01112 2.5352e+01     0.3139     1.0985    75.9866 0.0000e+00
        304  59.603644    0.02106     1.2635     75.809     10.095  51103.132    31.2853     2.9574     10.000     2.9568    24.9244     7.2093    10.3029     94.585    314.142    321.972    0.00732    7.62217   10.89284  332.12795   17.01008 2.0000e+01     0.3394     1.0874    76.1977 0.0000e+00
        309  59.603657    0.02139     1.2834     77.005     11.103  51110.598    31.2898     2.9571     11.000     2.9559    24.9280     7.2140    10.3095     94.647    314.341    322.177    0.00567    7.62199   10.89258  332.11899   17.00963 1.5847e+01     0.3489     1.0825    76.2898 0.0000e+00
        314  59.603672    0.02174     1.3041     78.245     12.112  51124.815    31.2985     2.9557     12.000     2.9544    24.9350     7.2127    10.3076     94.632    314.281    322.118    0.00407    7.62179   10.89230  332.10810   17.00908 1.2548e+01     0.3461     1.0762    76.4106 0.0000e+00
        319  59.603687    0.02209     1.3257     79.542     13.124  51142.504    31.3095     2.9540     13.000     2.9537    24.9439     7.2224    10.3215     94.763    314.701    322.551    0.00340    7.62153   10.89194  332.09403   17.00836 1.0001e+01     0.3425     1.0671    76.5855 0.0000e+00
        324  59.603701    0.02243     1.3456     80.734     14.133  51185.334    31.3399     2.9617     14.000     2.9676    24.9676     7.2225    10.3216     94.801    314.696    322.554    0.00274    7.61851   10.88762  331.95475   17.00163 7.9679e+00     0.3466     1.0520    76.8747 0.0000e+00
        329  59.603714    0.02275     1.3648     81.889     15.141  51167.967    31.3305     2.9723     15.000     2.9703    24.9591     7.2315    10.3345     94.938    315.093    322.958    0.00253    7.61700   10.88545  331.89141   16.99866 6.3651e+00     0.3249     1.0251    77.3928 0.0000e+00
        334  59.603729    0.02310     1.3857     83.145     16.153  51173.736    31.3332     2.9697     16.000     2.9697    24.9616     7.2347    10.3390     94.976    315.231    323.099    0.00208    7.61734   10.88595  331.90573   16.99933 5.1317e+00     0.3097     0.9744    78.3821 0.0000e+00
        338  59.603742    0.02343     1.4057     84.344     17.162  51190.863    31.3456     2.9752     17.000     2.9802    24.9710     7.2317    10.3348     94.958    315.100    322.968    0.00138    7.61567   10.88355  331.82968   16.99566 4.1083e+00     0.3268     0.9452    78.9545 0.0000e+00
        343  59.603756    0.02374     1.4245     85.467     18.171  51181.978    31.3420     2.9864     18.000     2.9875    24.9672     7.2310    10.3338     94.973    315.069    322.935    0.00109    7.61373   10.88078  331.74631   16.99172 3.3115e+00     0.3143     0.9356    79.1456 0.0000e+00
        347  59.603768    0.02405     1.4429     86.574     19.180  51174.684    31.3373     2.9892     19.000     2.9861    24.9633     7.2358    10.3408     95.040    315.282    323.152    0.00103    7.61344   10.88037  331.73505   16.99121 2.6703e+00     0.3055     0.9292    79.2712 0.0000e+00
        352  59.603781    0.02435     1.4611     87.665     20.190  51183.785    31.3420     2.9853     20.000     2.9863    24.9673     7.2375    10.3431     95.055    315.353    323.226    0.00088    7.61394   10.88108  331.75555   16.99216 2.1598e+00     0.3258     0.9262    79.3312 0.0000e+00
        356  59.603793    0.02465     1.4793     88.758     21.199  51186.757    31.3459     2.9948     21.000     2.9987    24.9697     7.2366    10.3419     95.070    315.314    323.187    0.00065    7.61194   10.87821  331.66728   16.98795 1.7491e+00     0.3052     0.9250    79.3541 0.0000e+00
        360  59.603806    0.02496     1.4976     89.854     22.208  51183.796    31.3458     3.0039     22.000     3.0052    24.9688     7.2361    10.3410     95.083    315.291    323.163    0.00051    7.61021   10.87575  331.59253   16.98440 1.4121e+00     0.3111     0.9256    79.3420 0.0000e+00
        365  59.603819    0.02528     1.5164     90.986     23.219  51179.190    31.3431     3.0076     23.000     3.0055    24.9664     7.2448    10.3536     95.206    315.672    323.554    0.00085    7.60966   10.87498  331.56962   16.98332 1.1455e+00     0.3013     0.9278    79.2985 0.0000e+00
        370  59.603833    0.02559     1.5355     92.127     24.228  51180.888    31.3431     3.0052     24.000     3.0029    24.9666     7.2495    10.3603     95.262    315.878    323.764    0.00090    7.61011   10.87561  331.58905   16.98425 9.2903e-01     0.2949     0.9249    79.3549 0.0000e+00
        374  59.603846    0.02591     1.5551     93.304     25.238  51193.809    31.3507     3.0028     25.000     3.0025    24.9729     7.2426    10.3503     95.169    315.572    323.452    0.00022    7.61015   10.87567  331.58870   16.98420 7.5532e-01     0.3043     0.9213    79.4285 0.0000e+00
        379  59.603859    0.02623     1.5738     94.425     26.247  51212.238    31.3641     3.0085     26.000     3.0095    24.9830     7.2381    10.3439     95.132    315.373    323.251   -0.00014    7.60839   10.87315  331.50859   16.98034 6.1489e-01     0.2959     0.9171    79.5111 0.0000e+00
        383  59.603872    0.02653     1.5917     95.505     27.255  51214.585    31.3664     3.0134     27.000     3.0133    24.9845     7.2374    10.3429     95.137    315.344    323.222   -0.00009    7.60735   10.87167  331.46284   16.97816 5.0133e-01     0.2990     0.9124    79.6054 0.0000e+00
        388  59.603885    0.02684     1.6105     96.627     28.266  51201.356    31.3568     3.0127     28.000     3.0085    24.9769     7.2407    10.3477     95.173    315.490    323.371   -0.00000    7.60797   10.87255  331.49248   16.97960 4.0961e-01     0.2980     0.9067    79.7179 0.0000e+00
        392  59.603898    0.02715     1.6293     97.756     29.276  51221.479    31.3693     3.0104     29.000     3.0123    24.9871     7.2397    10.3462     95.162    315.442    323.324   -0.00009    7.60776   10.87225  331.47978   16.97895 3.3614e-01     0.2915     0.9090    79.6730 0.0000e+00
        396  59.603910    0.02746     1.6475     98.848     30.286  51225.266    31.3735     3.0188     30.000     3.0190    24.9897     7.2411    10.3482     95.202    315.500    323.385    0.00007    7.60595   10.86967  331.40015   16.97515 2.7660e-01     0.3056     0.9070    79.7110 0.0000e+00
        401  59.603923    0.02776     1.6656     99.938     31.294  51235.073    31.3808     3.0235     31.000     3.0246    24.9952     7.2433    10.3514     95.248    315.598    323.486    0.00021    7.60470   10.86786  331.34351   16.97243 2.2895e-01     0.2951     0.9018    79.8147 0.0000e+00
        405  59.603936    0.02808     1.6845    101.072     32.304  51236.470    31.3830     3.0304     32.000     3.0319    24.9964     7.2449    10.3536     95.286    315.666    323.556    0.00029    7.60326   10.86582  331.28083   16.96944 1.8925e-01     0.2958     0.8937    79.9785 0.0000e+00
        410  59.603950    0.02840     1.7039    102.233     33.314  51241.745    31.3883     3.0386     33.000     3.0412    24.9999     7.2456    10.3546     95.319    315.695    323.588    0.00030    7.60143   10.86320  331.20002   16.96558 1.5827e-01     0.2940     0.8806    80.2405 0.0000e+00
        415  59.603963    0.02872     1.7235    103.410     34.325  51246.415    31.3935     3.0486     34.000     3.0526    25.0033     7.2447    10.3534     95.334    315.656    323.549    0.00028    7.59930   10.86015  331.10586   16.96109 1.3289e-01     0.2858     0.8700    80.4518 0.0000e+00
        419  59.603977    0.02906     1.7432    104.592     35.333  51250.917    31.4004     3.0655     35.000     3.0692    25.0074     7.2405    10.3474     95.323    315.472    323.361    0.00009    7.59575   10.85509  330.95004   16.95367 1.1291e-01     0.2826     0.8502    80.8520 0.0000e+00
        424  59.603991    0.02940     1.7639    105.835     36.342  51242.644    31.3969     3.0752     36.000     3.0743    25.0037     7.2479    10.3579     95.441    315.796    323.692    0.00057    7.59409   10.85271  330.87895   16.95030 9.6977e-02     0.2887     0.8349    81.1626 0.0000e+00
        430  59.604006    0.02976     1.7857    107.140     37.353  51248.239    31.4006     3.0771     37.000     3.0764    25.0066     7.2434    10.3514     95.388    315.596    323.488    0.00011    7.59355   10.85194  330.85442   16.94912 8.4298e-02     0.2948     0.8273    81.3170 0.0000e+00
        435  59.604021    0.03011     1.8066    108.396     38.362  51257.090    31.4073     3.0817     38.000     3.0815    25.0115     7.2450    10.3538     95.425    315.666    323.562    0.00023    7.59233   10.85021  330.79999   16.94651 7.4303e-02     0.2945     0.8245    81.3732 0.0000e+00
        439  59.604035    0.03045     1.8269    109.616     39.373  51274.090    31.4196     3.0870     39.000     3.0923    25.0208     7.2412    10.3484     95.395    315.497    323.391   -0.00003    7.59072   10.84789  330.72625   16.94295 6.6414e-02     0.3033     0.8218    81.4283 0.0000e+00
        444  59.604048    0.03077     1.8464    110.782     40.383  51284.727    31.4320     3.1088     40.000     3.1133    25.0289     7.2413    10.3486     95.457    315.502    323.398    0.00016    7.58596   10.84109  330.51649   16.93294 6.0241e-02     0.2886     0.8070    81.7292 0.0000e+00
        449  59.604061    0.03108     1.8649    111.896     41.390  51274.886    31.4274     3.1191     41.000     3.1189    25.0245     7.2440    10.3524     95.514    315.619    323.517    0.00042    7.58426   10.83867  330.44384   16.92950 5.5330e-02     0.2929     0.8021    81.8305 0.0000e+00
        453  59.604074    0.03140     1.8839    113.034     42.401  51296.755    31.4441     3.1283     42.000     3.1325    25.0370     7.2356    10.3403     95.435    315.247    323.140   -0.00011    7.58167   10.83496  330.32696   16.92389 5.1411e-02     0.2792     0.7943    81.9883 0.0000e+00
        458  59.604087    0.03171     1.9021    114.129     43.410  51289.156    31.4414     3.1398     43.000     3.1385    25.0339     7.2325    10.3359     95.419    315.111    323.000   -0.00021    7.57964   10.83206  330.23951   16.91974 4.8084e-02     0.2889     0.7876    82.1283 0.0000e+00
        462  59.604100    0.03201     1.9210    115.259     44.420  51282.446    31.4365     3.1403     44.000     3.1369    25.0299     7.2310    10.3338     95.398    315.049    322.935   -0.00035    7.57981   10.83230  330.24800   16.92017 4.5417e-02     0.2810     0.7853    82.1761 0.0000e+00
        467  59.604114    0.03234     1.9405    116.433     45.429  51295.949    31.4450     3.1396     45.000     3.1394    25.0367     7.2292    10.3312     95.378    314.969    322.855   -0.00035    7.57950   10.83186  330.23226   16.91938 4.3331e-02     0.2748     0.7812    82.2581 0.0000e+00
        471  59.604127    0.03267     1.9604    117.621     46.441  51301.548    31.4498     3.1457     46.000     3.1458    25.0400     7.2290    10.3310     95.393    314.962    322.848   -0.00033    7.57812   10.82989  330.17116   16.91646 4.1573e-02     0.2746     0.7780    82.3255 0.0000e+00
        476  59.604141    0.03300     1.9798    118.790     47.448  51323.237    31.4668     3.1565     47.000     3.1636    25.0526     7.2290    10.3310     95.430    314.958    322.849   -0.00008    7.57519   10.82571  330.03962   16.91014 4.0271e-02     0.2758     0.7725    82.4385 0.0000e+00
        481  59.604155    0.03333     1.9999    119.997     48.456  51319.440    31.4696     3.1793     48.000     3.1800    25.0529     7.2274    10.3287     95.464    314.887    322.776    0.00010    7.57077   10.81940  329.84723   16.90099 3.7440e-02     0.2710     0.7570    82.7567 0.0000e+00
        486  59.604170    0.03370     2.0218    121.306     49.470  51315.043    31.4645     3.1734     49.000     3.1585    25.0495     7.2183    10.3157     95.328    314.494    322.372   -0.00064    7.57212   10.82133  329.90731   16.90386 3.6889e-02     0.2712     0.7478    82.9483 0.0000e+00
        491  59.604185    0.03405     2.0426    122.554     50.478  51357.720    31.4873     3.1517     50.000     3.1498    25.0694     7.2160    10.3124     95.260    314.384    322.266   -0.00083    7.57505   10.82551  330.02810   16.90951 3.6907e-02     0.2742     0.7768    82.3511 0.0000e+00
        496  59.604198    0.03438     2.0626    123.753     51.487  51366.503    31.4949     3.1602     51.000     3.1610    25.0748     7.2134    10.3086     95.250    314.267    322.148   -0.00076    7.57306   10.82266  329.93954   16.90527 3.6908e-02     0.2571     0.7899    82.0792 0.0000e+00
        501  59.604212    0.03470     2.0820    124.918     52.498  51363.787    31.4943     3.1669     52.000     3.1665    25.0737     7.2116    10.3061     95.243    314.193    322.071   -0.00060    7.57183   10.82090  329.88633   16.90275 3.6908e-02     0.2453     0.7873    82.1324 0.0000e+00
        505  59.604226    0.03502     2.1014    126.083     53.510  51361.504    31.4936     3.1721     53.000     3.1701    25.0727     7.2029    10.2937     95.139    313.815    321.683   -0.00101    7.57089   10.81957  329.84595   16.90084 3.6908e-02     0.2518     0.7858    82.1650 0.0000e+00
