CTD-processing/allCTD/CNV/2022_05-23_t9_s05_cast171_4141.cnv
* Sea-Bird SBE19plus Data File:
* FileName = C:\GWA\CTD\2022_05-23_T9\2022_05-23_T9_S0_cast171.hex
* Software Version 1.59
* Temperature SN =  4141
* Conductivity SN =  4141
* System UpLoad Time = May 24 2022 13:19:06
** Cook Inlet LTM T9
** Date: 05-23-2022
** Station:S05
** Start Time (AKDT):15:06
** Depth (m):95
** Comment:
** Comment:
# nquan = 27
# nvalues = 89                          
# units = specified
# name 0 = scan: Scan Count
# name 1 = timeJ: Julian Days
# name 2 = timeH: Time, Elapsed [hours]
# name 3 = timeM: Time, Elapsed [minutes]
# name 4 = timeS: Time, Elapsed [seconds]
# name 5 = prdM: Pressure, Strain Gauge [db]
# name 6 = specc: Specific Conductance [uS/cm]
# name 7 = sal00: Salinity, Practical [PSU]
# name 8 = tv290C: Temperature [ITS-90, deg C]
# name 9 = depSM: Depth [salt water, m], lat = 59.00
# name 10 = potemp090C: Potential Temperature [ITS-90, deg C]
# name 11 = sigma-é00: Density [sigma-theta, kg/m^3]
# name 12 = sbeox0ML/L: Oxygen, SBE 43 [ml/l]
# name 13 = sbeox0Mg/L: Oxygen, SBE 43 [mg/l]
# name 14 = sbeox0PS: Oxygen, SBE 43 [% saturation]
# name 15 = sbox0Mm/Kg: Oxygen, SBE 43 [umol/kg]
# name 16 = sbeox0Mm/L: Oxygen, SBE 43 [umol/l]
# name 17 = sbox0dV/dT: Oxygen, SBE 43 [dov/dt]
# name 18 = oxsolML/L: Oxygen Saturation, Garcia & Gordon [ml/l]
# name 19 = oxsolMg/L: Oxygen Saturation, Garcia & Gordon [mg/l]
# name 20 = oxsolMm/Kg: Oxygen Saturation, Garcia & Gordon [umol/kg]
# name 21 = n2satMg/L: Nitrogen Saturation [mg/l]
# name 22 = par: PAR/Irradiance, Biospherical/Licor
# name 23 = wetStar: Fluorescence, WET Labs WETstar [mg/m^3]
# name 24 = CStarAt0: Beam Attenuation, WET Labs C-Star [1/m]
# name 25 = CStarTr0: Beam Transmission, WET Labs C-Star [%]
# name 26 = flag: flag
# span 0 =        284,        706       
# span 1 = 143.630321, 143.631542       
# span 2 =    0.01965,    0.04895       
# span 3 =     1.1793,     2.9371       
# span 4 =     70.758,    176.228       
# span 5 =      1.012,     89.840       
# span 6 =  48069.808,  50755.292       
# span 7 =    30.2961,    31.5588       
# span 8 =     5.2966,     8.8796       
# span 9 =      1.000,     89.000       
# span 10 =     5.2866,     8.8758      
# span 11 =    23.5112,    24.9163      
# span 12 =     7.3234,     8.0033      
# span 13 =    10.4659,    11.4376      
# span 14 =    101.899,    115.222      
# span 15 =    319.113,    348.911      
# span 16 =    327.063,    357.428      
# span 17 =   -0.02283,    0.01096      
# span 18 =    6.66467,    7.18696      
# span 19 =    9.52448,   10.27089      
# span 20 =  290.78728,  313.16678      
# span 21 =   15.04450,   16.10728      
# span 22 = 5.8764e-02, 3.1597e+02      
# span 23 =     0.2672,     4.4946      
# span 24 =     0.5715,     1.0462      
# span 25 =    76.9864,    86.6865      
# span 26 = 0.0000e+00, 0.0000e+00      
# interval = meters: 1                  
# start_time = May 23 2022 15:06:29 [Instrument's time stamp, header]
# bad_flag = -9.990e-29
*END*
        284 143.630321    0.01965     1.1793     70.758      1.012  48220.916    30.4567     8.8796      1.000     8.8758    23.5809     7.6779    10.9724    115.203    334.996    342.895    0.01096    6.66467    9.52448  290.78728   15.04450 3.1597e+02     0.8990     1.0453    77.0032 0.0000e+00
        289 143.630336    0.02000     1.1999     71.997      2.016  48224.055    30.4574     8.8714      2.000     8.8617    23.5826     7.6805    10.9762    115.222    335.108    343.011    0.00755    6.66585    9.52617  290.83833   15.04693 2.0380e+02     0.9070     1.0462    76.9864 0.0000e+00
        294 143.630351    0.02037     1.2221     73.325      3.032  48159.406    30.3994     8.7828      3.000     8.6918    23.5504     7.6842    10.9815    115.006    335.280    343.176    0.00378    6.68160    9.54868  291.53470   15.08043 1.4225e+02     1.0359     1.0353    77.1964 0.0000e+00
        299 143.630364    0.02068     1.2411     74.466      4.034  48069.808    30.2961     8.4979      4.000     8.2457    23.5112     7.6842    10.9816    114.196    335.295    343.178   -0.00183    6.72911    9.61657  293.61880   15.18040 1.0220e+02     1.2104     0.9745    78.3786 0.0000e+00
        304 143.630378    0.02103     1.2617     75.702      5.057  48489.214    30.4869     7.8178      5.000     7.6198    23.7570     7.6630    10.9513    112.278    334.290    342.231   -0.01191    6.82502    9.75364  297.73208   15.37597 7.7921e+01     1.3952     0.9111    79.6320 0.0000e+00
        308 143.630390    0.02130     1.2779     76.676      6.050  48946.531    30.7621     7.5496      6.000     7.4757    24.0096     7.6626    10.9505    111.785    334.185    342.209   -0.01314    6.85469    9.79604  298.95260   15.43307 6.0911e+01     1.7243     0.8387    81.0881 0.0000e+00
        313 143.630404    0.02165     1.2986     77.914      7.078  49105.854    30.8508     7.4147      7.000     7.3793    24.0975     7.8090    11.1598    113.636    340.543    348.749    0.00047    6.87190    9.82063  299.67759   15.46730 4.6721e+01     2.5390     0.8211    81.4432 0.0000e+00
        317 143.630416    0.02191     1.3150     78.899      8.067  49092.188    30.8218     7.2992      8.000     7.1792    24.0900     7.9189    11.3169    114.907    345.338    353.658    0.00744    6.89149    9.84862  300.53387   15.50827 3.6579e+01     3.1534     0.8184    81.4967 0.0000e+00
        322 143.630430    0.02227     1.3361     80.164      9.096  49319.775    30.9232     6.9665      9.000     6.8188    24.2134     7.9686    11.3879    114.823    347.463    355.876    0.00484    6.93992    9.91784  302.60955   15.60684 2.8315e+01     3.5140     0.8026    81.8204 0.0000e+00
        326 143.630442    0.02254     1.3524     81.144     10.089  49499.327    30.9930     6.6579     10.000     6.5277    24.3075     7.9810    11.4056    114.233    347.972    356.431   -0.00002    6.98662    9.98458  304.61781   15.70231 2.2317e+01     4.4652     0.7621    82.6548 0.0000e+00
        330 143.630455    0.02288     1.3727     82.360     11.109  49700.566    31.0808     6.3750     11.000     6.2574    24.4120     8.0033    11.4376    113.867    348.911    357.428   -0.00230    7.02872   10.04474  306.42196   15.78794 1.7568e+01     4.4946     0.7299    83.3198 0.0000e+00
        335 143.630469    0.02318     1.3911     83.466     12.110  49879.220    31.1592     6.1357     12.000     6.0381    24.5029     7.9627    11.3795    112.714    347.108    355.613   -0.00739    7.06457   10.09597  307.95763   15.86079 1.4129e+01     3.9151     0.7029    83.8854 0.0000e+00
        340 143.630483    0.02354     1.4125     84.747     13.126  50088.660    31.2578     5.8979     13.000     5.8389    24.6090     7.8585    11.2305    110.690    342.528    350.957   -0.01559    7.09953   10.14594  309.44977   15.93148 1.1468e+01     2.8129     0.6584    84.8236 0.0000e+00
        345 143.630497    0.02387     1.4323     85.939     14.132  50196.815    31.3087     5.7790     14.000     5.7337    24.6631     7.7443    11.0674    108.814    337.536    345.860   -0.02091    7.11707   10.17100  310.19785   15.96691 9.4629e+00     2.1808     0.6314    85.3975 0.0000e+00
        349 143.630511    0.02420     1.4520     87.123     15.142  50291.042    31.3580     5.7020     15.000     5.6886    24.7109     7.6508    10.9338    107.340    333.447    341.686   -0.02283    7.12770   10.18619  310.64639   15.98807 7.8371e+00     1.7958     0.6179    85.6864 0.0000e+00
        354 143.630524    0.02451     1.4710     88.259     16.152  50314.510    31.3693     5.6800     16.000     5.6729    24.7225     7.5953    10.8545    106.514    331.024    339.208   -0.02101    7.13087   10.19072  310.78122   15.99444 6.4709e+00     1.2358     0.6192    85.6577 0.0000e+00
        359 143.630537    0.02483     1.4901     89.404     17.161  50318.270    31.3670     5.6578     17.000     5.6426    24.7231     7.5624    10.8075    105.995    329.591    337.740   -0.01819    7.13472   10.19623  310.94888   16.00244 5.3844e+00     1.0061     0.6278    85.4746 0.0000e+00
        363 143.630550    0.02515     1.5088     90.526     18.171  50345.805    31.3809     5.6352     18.000     5.6300    24.7368     7.5414    10.7775    105.654    328.671    336.801   -0.01522    7.13787   10.20074  311.08241   16.00874 4.4529e+00     1.0404     0.6460    85.0880 0.0000e+00
        368 143.630563    0.02546     1.5276     91.657     19.180  50349.201    31.3802     5.6224     19.000     5.6145    24.7377     7.5351    10.7683    105.532    328.391    336.515   -0.01192    7.14007   10.20387  311.17777   16.01328 3.7258e+00     1.2477     0.6343    85.3369 0.0000e+00
        372 143.630577    0.02578     1.5469     92.811     20.195  50363.780    31.3872     5.6095     20.000     5.6074    24.7447     7.5269    10.7566    105.390    328.033    336.150   -0.00939    7.14193   10.20654  311.25678   16.01702 3.0222e+00     1.0947     0.6418    85.1769 0.0000e+00
        376 143.630589    0.02607     1.5646     93.873     21.197  50362.379    31.3849     5.6052     21.000     5.5984    24.7434     7.5216    10.7491    105.303    327.802    335.913   -0.00765    7.14277   10.20773  311.29341   16.01878 2.5566e+00     1.1829     0.6328    85.3674 0.0000e+00
        381 143.630602    0.02639     1.5836     95.014     22.206  50371.558    31.3884     5.5940     22.000     5.5922    24.7475     7.5145    10.7390    105.179    327.494    335.598   -0.00627    7.14447   10.21017  311.36662   16.02224 2.1304e+00     1.1007     0.6436    85.1372 0.0000e+00
        386 143.630616    0.02674     1.6042     96.251     23.222  50375.953    31.3922     5.5997     23.000     5.6017    24.7498     7.5004    10.7189    104.999    326.879    334.970   -0.00547    7.14333   10.20854  311.31624   16.01983 1.7946e+00     1.0611     0.6421    85.1695 0.0000e+00
        390 143.630629    0.02704     1.6227     97.360     24.224  50365.463    31.3855     5.6048     24.000     5.6015    24.7439     7.5014    10.7203    105.021    326.924    335.013   -0.00396    7.14280   10.20777  311.29470   16.01883 1.4960e+00     0.9391     0.6309    85.4097 0.0000e+00
        395 143.630643    0.02738     1.6429     98.576     25.240  50365.012    31.3841     5.6020     25.000     5.5949    24.7432     7.4975    10.7146    104.958    326.752    334.837   -0.00325    7.14333   10.20853  311.31818   16.01996 1.2503e+00     0.7566     0.6374    85.2705 0.0000e+00
        400 143.630657    0.02771     1.6627     99.760     26.243  50350.358    31.3668     5.5689     26.000     5.5391    24.7333     7.4968    10.7137    104.854    326.726    334.807   -0.00294    7.14977   10.21773  311.60166   16.03353 1.0479e+00     0.7869     0.6389    85.2371 0.0000e+00
        405 143.630672    0.02807     1.6838    101.028     27.257  50416.353    31.4001     5.5111     27.000     5.5025    24.7661     7.4863    10.6987    104.587    326.258    334.338   -0.00347    7.15798   10.22947  311.94973   16.04997 8.9906e-01     1.0081     0.6522    84.9548 0.0000e+00
        410 143.630687    0.02843     1.7061    102.365     28.269  50432.041    31.4079     5.4987     28.000     5.4916    24.7738     7.4502    10.6470    104.057    324.681    332.724   -0.00500    7.15971   10.23194  312.02279   16.05341 7.5552e-01     0.8397     0.6531    84.9360 0.0000e+00
        415 143.630700    0.02875     1.7250    103.502     29.271  50437.695    31.4078     5.4814     29.000     5.4679    24.7756     7.4326    10.6220    103.769    323.918    331.943   -0.00534    7.16266   10.23617  312.15087   16.05951 6.4803e-01     0.8339     0.6564    84.8652 0.0000e+00
        420 143.630715    0.02911     1.7462    104.774     30.293  50468.396    31.4238     5.4589     30.000     5.4528    24.7908     7.4232    10.6084    103.593    323.500    331.519   -0.00473    7.16573   10.24054  312.27965   16.06558 5.6170e-01     0.7369     0.6552    84.8900 0.0000e+00
        424 143.630727    0.02940     1.7643    105.860     31.291  50489.525    31.4353     5.4462     31.000     5.4349    24.8013     7.4104    10.5902    103.391    322.938    330.947   -0.00458    7.16736   10.24287  312.34746   16.06876 4.8011e-01     0.8609     0.6511    84.9788 0.0000e+00
        429 143.630742    0.02974     1.7846    107.077     32.307  50516.881    31.4500     5.4283     32.000     5.4234    24.8150     7.3993    10.5744    103.203    322.452    330.453   -0.00441    7.16969   10.24621  312.44503   16.07335 4.2957e-01     0.7079     0.6459    85.0889 0.0000e+00
        434 143.630755    0.03006     1.8036    108.216     33.315  50522.272    31.4523     5.4242     33.000     5.4208    24.8173     7.3966    10.5705    103.157    322.333    330.332   -0.00350    7.17027   10.24704  312.46978   16.07452 3.8856e-01     0.4878     0.6434    85.1406 0.0000e+00
        438 143.630768    0.03036     1.8217    109.301     34.322  50525.091    31.4534     5.4224     34.000     5.4189    24.8184     7.3908    10.5621    103.071    322.077    330.071   -0.00315    7.17052   10.24740  312.48041   16.07502 3.4229e-01     0.4728     0.6488    85.0277 0.0000e+00
        443 143.630781    0.03068     1.8411    110.465     35.332  50529.559    31.4556     5.4206     35.000     5.4176    24.8204     7.3913    10.5630    103.076    322.102    330.096   -0.00236    7.17074   10.24770  312.48906   16.07542 2.9592e-01     0.4138     0.6469    85.0673 0.0000e+00
        448 143.630795    0.03101     1.8608    111.646     36.346  50530.578    31.4557     5.4201     36.000     5.4173    24.8205     7.3884    10.5588    103.035    321.977    329.969   -0.00193    7.17080   10.24779  312.49169   16.07554 2.6711e-01     0.6534     0.6549    84.8977 0.0000e+00
        452 143.630808    0.03133     1.8800    112.798     37.352  50531.937    31.4560     5.4194     37.000     5.4161    24.8209     7.3854    10.5545    102.992    321.845    329.833   -0.00172    7.17091   10.24794  312.49629   16.07577 2.2227e-01     0.5082     0.6536    84.9242 0.0000e+00
        457 143.630822    0.03167     1.9002    114.013     38.360  50533.813    31.4566     5.4182     38.000     5.4149    24.8214     7.3806    10.5476    102.922    321.635    329.619   -0.00168    7.17110   10.24821  312.50439   16.07615 1.9112e-01     0.7037     0.6612    84.7633 0.0000e+00
        462 143.630836    0.03201     1.9209    115.251     39.373  50536.988    31.4580     5.4168     39.000     5.4131    24.8227     7.3846    10.5533    102.974    321.806    329.795   -0.00103    7.17125   10.24843  312.51057   16.07644 1.7251e-01     0.7032     0.6532    84.9338 0.0000e+00
        467 143.630850    0.03235     1.9411    116.467     40.377  50540.354    31.4594     5.4149     40.000     5.4113    24.8241     7.3825    10.5503    102.942    321.715    329.701   -0.00090    7.17151   10.24881  312.52166   16.07696 1.5411e-01     0.5320     0.6489    85.0244 0.0000e+00
        472 143.630866    0.03273     1.9639    117.833     41.396  50542.730    31.4604     5.4136     41.000     5.4100    24.8249     7.3733    10.5372    102.811    321.316    329.292   -0.00138    7.17168   10.24905  312.52900   16.07731 1.3872e-01     0.4957     0.6396    85.2226 0.0000e+00
        477 143.630880    0.03305     1.9830    118.980     42.398  50544.712    31.4609     5.4120     42.000     5.4081    24.8255     7.3770    10.5425    102.859    321.476    329.456   -0.00087    7.17194   10.24943  312.54010   16.07783 1.2765e-01     0.6657     0.6504    84.9938 0.0000e+00
        482 143.630894    0.03339     2.0036    120.215     43.412  50546.684    31.4614     5.4105     43.000     5.4069    24.8262     7.3818    10.5493    102.923    321.684    329.671   -0.00034    7.17217   10.24974  312.54941   16.07828 1.2082e-01     0.5998     0.6444    85.1207 0.0000e+00
        486 143.630907    0.03371     2.0225    121.351     44.422  50547.451    31.4613     5.4097     44.000     5.4058    24.8262     7.3772    10.5427    102.856    321.483    329.464   -0.00061    7.17230   10.24995  312.55562   16.07858 1.1228e-01     0.5655     0.6547    84.9018 0.0000e+00
        491 143.630920    0.03402     2.0409    122.456     45.425  50549.273    31.4618     5.4085     45.000     5.4046    24.8267     7.3732    10.5371    102.798    321.310    329.287   -0.00089    7.17250   10.25022  312.56383   16.07896 1.0756e-01     0.5911     0.6548    84.8992 0.0000e+00
        496 143.630935    0.03438     2.0629    123.775     46.450  50550.879    31.4621     5.4068     46.000     5.4011    24.8271     7.3814    10.5488    102.909    321.668    329.655   -0.00010    7.17277   10.25060  312.57538   16.07950 1.0320e-01     0.5300     0.6497    85.0090 0.0000e+00
        500 143.630946    0.03465     2.0790    124.742     47.441  50552.361    31.4614     5.4007     47.000     5.3943    24.8273     7.3753    10.5400    102.808    321.401    329.380   -0.00062    7.17385   10.25215  312.62242   16.08175 9.9297e-02     0.4737     0.6536    84.9254 0.0000e+00
        505 143.630962    0.03502     2.1012    126.071     48.469  50559.836    31.4651     5.3961     48.000     5.3918    24.8307     7.3738    10.5380    102.779    321.336    329.316   -0.00063    7.17446   10.25302  312.64812   16.08296 9.8453e-02     0.4314     0.6486    85.0307 0.0000e+00
        509 143.630973    0.03530     2.1177    127.061     49.457  50564.413    31.4674     5.3944     49.000     5.3903    24.8327     7.3690    10.5310    102.708    321.123    329.097   -0.00095    7.17463   10.25326  312.65474   16.08327 9.8528e-02     0.5229     0.6632    84.7224 0.0000e+00
        515 143.630989    0.03568     2.1406    128.437     50.488  50567.824    31.4692     5.3939     50.000     5.3903    24.8342     7.3727    10.5363    102.760    321.285    329.264   -0.00045    7.17465   10.25330  312.65535   16.08329 9.1839e-02     0.4765     0.6440    85.1289 0.0000e+00
        519 143.631001    0.03597     2.1583    129.495     51.486  50580.268    31.4774     5.3948     51.000     5.3917    24.8406     7.3659    10.5265    102.673    320.984    328.958   -0.00083    7.17409   10.25250  312.62896   16.08200 8.8079e-02     0.4860     0.6494    85.0149 0.0000e+00
        524 143.631015    0.03629     2.1775    130.649     52.498  50602.996    31.4927     5.3954     52.000     5.3923    24.8527     7.3646    10.5247    102.667    320.927    328.903   -0.00072    7.17327   10.25131  312.58928   16.08004 8.0960e-02     0.5127     0.6265    85.5032 0.0000e+00
        528 143.631028    0.03662     2.1968    131.810     53.503  50609.000    31.4970     5.3985     53.000     5.3946    24.8557     7.3641    10.5240    102.671    320.904    328.880   -0.00059    7.17252   10.25025  312.55594   16.07844 8.0468e-02     0.4808     0.6054    85.9539 0.0000e+00
