CTD-processing/allCTD/CNV/2022_04-12_ab_s04_cast124_4141.cnv
* Sea-Bird SBE19plus Data File:
* FileName = C:\GWA\CTD\2022_04-12_AB\2022_04-12_T6_S02_cast124.hex
* Software Version 1.59
* Temperature SN =  4141
* Conductivity SN =  4141
* System UpLoad Time = Apr 13 2022 14:22:54
** Cook Inlet LTM AlongBay
** Date: 04-12-2022
** Station:S04
** Start Time (AKDT):12:49
** Depth (m):159
** Comment:
** Comment:
# nquan = 27
# nvalues = 155                         
# units = specified
# name 0 = scan: Scan Count
# name 1 = timeJ: Julian Days
# name 2 = timeH: Time, Elapsed [hours]
# name 3 = timeM: Time, Elapsed [minutes]
# name 4 = timeS: Time, Elapsed [seconds]
# name 5 = prdM: Pressure, Strain Gauge [db]
# name 6 = specc: Specific Conductance [uS/cm]
# name 7 = sal00: Salinity, Practical [PSU]
# name 8 = tv290C: Temperature [ITS-90, deg C]
# name 9 = depSM: Depth [salt water, m], lat = 59.00
# name 10 = potemp090C: Potential Temperature [ITS-90, deg C]
# name 11 = sigma-é00: Density [sigma-theta, kg/m^3]
# name 12 = sbeox0ML/L: Oxygen, SBE 43 [ml/l]
# name 13 = sbeox0Mg/L: Oxygen, SBE 43 [mg/l]
# name 14 = sbeox0PS: Oxygen, SBE 43 [% saturation]
# name 15 = sbox0Mm/Kg: Oxygen, SBE 43 [umol/kg]
# name 16 = sbeox0Mm/L: Oxygen, SBE 43 [umol/l]
# name 17 = sbox0dV/dT: Oxygen, SBE 43 [dov/dt]
# name 18 = oxsolML/L: Oxygen Saturation, Garcia & Gordon [ml/l]
# name 19 = oxsolMg/L: Oxygen Saturation, Garcia & Gordon [mg/l]
# name 20 = oxsolMm/Kg: Oxygen Saturation, Garcia & Gordon [umol/kg]
# name 21 = n2satMg/L: Nitrogen Saturation [mg/l]
# name 22 = par: PAR/Irradiance, Biospherical/Licor
# name 23 = wetStar: Fluorescence, WET Labs WETstar [mg/m^3]
# name 24 = CStarAt0: Beam Attenuation, WET Labs C-Star [1/m]
# name 25 = CStarTr0: Beam Transmission, WET Labs C-Star [%]
# name 26 = flag: flag
# span 0 =        343,       1100       
# span 1 = 102.535329, 102.537521       
# span 2 =    0.02372,    0.07634       
# span 3 =     1.4233,     4.5806       
# span 4 =     85.395,    274.837       
# span 5 =      1.018,    156.503       
# span 6 =  50551.258,  51219.661       
# span 7 =    31.3590,    31.6415       
# span 8 =     4.3190,     4.9034       
# span 9 =      1.000,    155.000       
# span 10 =     4.3123,     4.9350      
# span 11 =    24.8091,    25.0794      
# span 12 =     7.0604,     7.8386      
# span 13 =    10.0901,    11.2021      
# span 14 =     96.151,    107.682      
# span 15 =    307.606,    341.594      
# span 16 =    315.320,    350.068      
# span 17 =   -0.00810,    0.00417      
# span 18 =    7.25497,    7.35634      
# span 19 =   10.36808,   10.51295      
# span 20 =  316.11803,  320.51204      
# span 21 =   16.24777,   16.45698      
# span 22 = 3.7223e-02, 7.2084e+02      
# span 23 =     0.3001,     2.5122      
# span 24 =     0.3303,     0.9189      
# span 25 =    79.4751,    92.0757      
# span 26 = 0.0000e+00, 0.0000e+00      
# interval = meters: 1                  
# start_time = Apr 12 2022 12:49:27 [Instrument's time stamp, header]
# bad_flag = -9.990e-29
*END*
[from data line 54]
        601 102.536075    0.04164     2.4983    149.899     55.527  51045.252    31.5634     4.3394     55.000     4.3387    25.0205     7.3378    10.4863     99.780    319.705    327.704   -0.00007    7.35392   10.50949  320.40940   16.45194 1.9088e-01     1.2929     0.3445    91.7494 0.0000e+00
        605 102.536088    0.04196     2.5173    151.040     56.536  51039.042    31.5600     4.3454     56.000     4.3409    25.0172     7.3383    10.4871     99.799    319.728    327.727   -0.00000    7.35302   10.50820  320.37101   16.45012 1.7254e-01     1.1874     0.3368    91.9251 0.0000e+00
        610 102.536102    0.04227     2.5365    152.192     57.546  51040.595    31.5597     4.3414     57.000     4.3361    25.0174     7.3265    10.4703     99.629    319.214    327.200   -0.00079    7.35374   10.50924  320.40257   16.45163 1.5656e-01     1.1511     0.3380    91.8963 0.0000e+00
        614 102.536115    0.04260     2.5558    153.346     58.554  51047.264    31.5630     4.3386     58.000     4.3340    25.0204     7.3094    10.4458     99.391    318.467    326.436   -0.00187    7.35409   10.50974  320.41684   16.45229 1.4237e-01     1.2263     0.3379    91.8981 0.0000e+00
        619 102.536129    0.04293     2.5758    154.549     59.567  51046.604    31.5615     4.3362     59.000     4.3299    25.0194     7.3119    10.4494     99.419    318.578    326.549   -0.00133    7.35458   10.51042  320.43819   16.45331 1.3024e-01     1.4027     0.3399    91.8543 0.0000e+00
        624 102.536143    0.04326     2.5956    155.736     60.573  51056.273    31.5665     4.3313     60.000     4.3279    25.0239     7.3012    10.4342     99.266    318.114    326.074   -0.00173    7.35522   10.51134  320.46465   16.45455 1.1837e-01     1.1292     0.3393    91.8680 0.0000e+00
        629 102.536158    0.04362     2.6171    157.024     61.586  51057.967    31.5679     4.3345     61.000     4.3303    25.0247     7.3010    10.4339     99.271    318.102    326.062   -0.00134    7.35458   10.51043  320.43679   16.45322 1.0807e-01     1.3296     0.3379    91.9005 0.0000e+00
        634 102.536172    0.04397     2.6379    158.276     62.592  51057.603    31.5667     4.3322     62.000     4.3267    25.0239     7.3035    10.4375     99.299    318.212    326.175   -0.00084    7.35506   10.51111  320.45752   16.45421 9.8494e-02     1.1317     0.3318    92.0392 0.0000e+00
        639 102.536188    0.04434     2.6604    159.624     63.605  51061.349    31.5683     4.3307     63.000     4.3267    25.0254     7.2942    10.4241     99.170    317.807    325.760   -0.00125    7.35523   10.51136  320.46479   16.45455 9.0085e-02     1.1494     0.3303    92.0757 0.0000e+00
        645 102.536203    0.04470     2.6822    160.933     64.614  51060.771    31.5672     4.3301     64.000     4.3247    25.0246     7.2903    10.4185     99.115    317.635    325.584   -0.00124    7.35540   10.51160  320.47220   16.45491 8.3245e-02     1.1281     0.3384    91.8870 0.0000e+00
        650 102.536217    0.04506     2.7034    162.205     65.625  51065.724    31.5695     4.3273     65.000     4.3214    25.0267     7.2928    10.4222     99.144    317.745    325.697   -0.00082    7.35578   10.51214  320.48821   16.45566 7.6982e-02     1.0772     0.3395    91.8629 0.0000e+00
        654 102.536231    0.04538     2.7229    163.372     66.634  51071.664    31.5722     4.3237     66.000     4.3189    25.0292     7.2938    10.4235     99.150    317.786    325.740   -0.00062    7.35629   10.51287  320.50945   16.45666 7.1467e-02     1.2063     0.3381    91.8945 0.0000e+00
        659 102.536244    0.04569     2.7418    164.505     67.642  51074.436    31.5734     4.3230     67.000     4.3185    25.0302     7.2911    10.4196     99.113    317.667    325.618   -0.00073    7.35634   10.51295  320.51173   16.45676 6.6936e-02     1.1511     0.3352    91.9613 0.0000e+00
        664 102.536258    0.04602     2.7615    165.688     68.656  51077.532    31.5751     4.3234     68.000     4.3195    25.0316     7.2883    10.4158     99.078    317.549    325.497   -0.00072    7.35617   10.51271  320.50398   16.45639 6.2816e-02     1.0838     0.3445    91.7475 0.0000e+00
        668 102.536270    0.04633     2.7799    166.793     69.661  51081.590    31.5778     4.3249     69.000     4.3212    25.0335     7.2879    10.4151     99.077    317.528    325.477   -0.00068    7.35579   10.51215  320.48644   16.45554 6.0035e-02     1.1736     0.3508    91.6041 0.0000e+00
        673 102.536285    0.04667     2.7998    167.987     70.673  51083.575    31.5791     4.3270     70.000     4.3224    25.0344     7.2947    10.4249     99.176    317.827    325.783   -0.00007    7.35535   10.51153  320.46729   16.45463 5.7141e-02     1.3577     0.3564    91.4764 0.0000e+00
        678 102.536298    0.04700     2.8198    169.190     71.683  51084.621    31.5793     4.3268     71.000     4.3218    25.0345     7.3029    10.4367     99.287    318.184    326.150    0.00043    7.35538   10.51158  320.46856   16.45468 5.4540e-02     1.2796     0.3496    91.6315 0.0000e+00
        683 102.536312    0.04733     2.8397    170.384     72.691  51084.860    31.5787     4.3256     72.000     4.3201    25.0342     7.3007    10.4334     99.253    318.084    326.047    0.00010    7.35561   10.51191  320.47893   16.45519 5.2406e-02     1.2664     0.3474    91.6795 0.0000e+00
        687 102.536326    0.04767     2.8604    171.625     73.702  51086.414    31.5788     4.3239     73.000     4.3187    25.0345     7.2967    10.4277     99.195    317.912    325.871   -0.00026    7.35591   10.51234  320.49175   16.45579 5.0468e-02     1.2286     0.3429    91.7856 0.0000e+00
        692 102.536341    0.04801     2.8806    172.839     74.710  51088.737    31.5797     4.3231     74.000     4.3184    25.0353     7.2930    10.4224     99.143    317.748    325.704   -0.00052    7.35601   10.51247  320.49567   16.45597 4.8954e-02     1.2159     0.3409    91.8328 0.0000e+00
        697 102.536355    0.04836     2.9017    174.102     75.723  51098.164    31.5862     4.3254     75.000     4.3225    25.0402     7.2858    10.4121     99.055    317.434    325.383   -0.00078    7.35529   10.51144  320.46252   16.45437 4.7590e-02     1.1402     0.3483    91.6591 0.0000e+00
        702 102.536370    0.04871     2.9225    175.350     76.733  51099.970    31.5881     4.3304     76.000     4.3271    25.0412     7.2834    10.4088     99.037    317.333    325.280   -0.00084    7.35431   10.51004  320.41983   16.45233 4.6419e-02     1.4812     0.3624    91.3376 0.0000e+00
        707 102.536383    0.04903     2.9418    176.510     77.741  51099.401    31.5881     4.3342     77.000     4.3298    25.0408     7.2988    10.4306     99.254    318.000    325.963    0.00035    7.35362   10.50906  320.38999   16.45091 4.5189e-02     1.3998     0.3742    91.0693 0.0000e+00
        712 102.536397    0.04937     2.9618    177.711     78.753  51101.028    31.5890     4.3355     78.000     4.3304    25.0414     7.3197    10.4606     99.543    318.913    326.899    0.00156    7.35335   10.50868  320.37803   16.45034 4.4250e-02     1.4187     0.3772    91.0003 0.0000e+00
        716 102.536410    0.04968     2.9807    178.842     79.759  51105.228    31.5915     4.3360     79.000     4.3315    25.0433     7.3351    10.4826     99.755    319.582    327.585    0.00213    7.35313   10.50837  320.36777   16.44984 4.3732e-02     1.4740     0.3927    90.6493 0.0000e+00
        721 102.536424    0.05000     3.0002    180.014     80.771  51105.228    31.5913     4.3373     80.000     4.3318    25.0430     7.3430    10.4939     99.865    319.925    327.938    0.00208    7.35292   10.50806  320.35874   16.44941 4.3142e-02     1.5159     0.3948    90.6003 0.0000e+00
        726 102.536437    0.05033     3.0199    181.196     81.780  51105.864    31.5911     4.3368     81.000     4.3307    25.0429     7.3438    10.4950     99.875    319.961    327.974    0.00152    7.35300   10.50817  320.36223   16.44958 4.2225e-02     1.5705     0.3935    90.6304 0.0000e+00
        730 102.536451    0.05066     3.0394    182.364     82.791  51107.996    31.5915     4.3345     82.000     4.3282    25.0435     7.3451    10.4969     99.887    320.019    328.034    0.00113    7.35339   10.50873  320.37917   16.45039 4.1443e-02     1.6598     0.3981    90.5273 0.0000e+00
        735 102.536465    0.05098     3.0592    183.554     83.800  51110.192    31.5921     4.3330     83.000     4.3263    25.0441     7.3410    10.4909     99.827    319.837    327.847    0.00049    7.35365   10.50910  320.39008   16.45091 4.0854e-02     1.4820     0.3966    90.5610 0.0000e+00
        740 102.536479    0.05132     3.0794    184.764     84.810  51113.424    31.5932     4.3306     84.000     4.3247    25.0453     7.3319    10.4780     99.699    319.441    327.442   -0.00029    7.35401   10.50962  320.40569   16.45164 4.0695e-02     1.4881     0.3897    90.7176 0.0000e+00
        745 102.536493    0.05166     3.0993    185.958     85.819  51114.902    31.5938     4.3304     85.000     4.3245    25.0457     7.3243    10.4672     99.597    319.114    327.106   -0.00076    7.35402   10.50963  320.40565   16.45163 4.0238e-02     1.3850     0.3907    90.6942 0.0000e+00
        750 102.536507    0.05200     3.1204    187.224     86.829  51117.777    31.5950     4.3297     86.000     4.3237    25.0469     7.3125    10.4502     99.434    318.594    326.574   -0.00135    7.35409   10.50974  320.40870   16.45178 3.9951e-02     1.3566     0.3862    90.7980 0.0000e+00
        755 102.536522    0.05237     3.1423    188.537     87.839  51118.649    31.5950     4.3292     87.000     4.3231    25.0469     7.3035    10.4375     99.312    318.207    326.177   -0.00163    7.35417   10.50985  320.41197   16.45193 3.9575e-02     1.2773     0.3825    90.8802 0.0000e+00
        760 102.536538    0.05274     3.1641    189.848     88.850  51121.696    31.5964     4.3284     88.000     4.3224    25.0481     7.2914    10.4201     99.145    317.675    325.632   -0.00200    7.35424   10.50994  320.41444   16.45204 3.9220e-02     1.3544     0.3805    90.9268 0.0000e+00
        765 102.536552    0.05309     3.1853    191.116     89.861  51123.465    31.5971     4.3283     89.000     4.3224    25.0487     7.2886    10.4161     99.108    317.555    325.509   -0.00166    7.35423   10.50993  320.41383   16.45202 3.9136e-02     1.2522     0.3873    90.7716 0.0000e+00
        770 102.536566    0.05340     3.2043    192.261     90.868  51124.954    31.5976     4.3283     90.000     4.3222    25.0491     7.2836    10.4090     99.040    317.337    325.286   -0.00162    7.35420   10.50989  320.41265   16.45195 3.9174e-02     1.2891     0.3828    90.8729 0.0000e+00
        775 102.536579    0.05373     3.2239    193.434     91.880  51126.868    31.5984     4.3285     91.000     4.3225    25.0497     7.2827    10.4078     99.029    317.298    325.247   -0.00132    7.35413   10.50978  320.40913   16.45178 3.9000e-02     1.1410     0.3819    90.8934 0.0000e+00
        779 102.536592    0.05405     3.2431    194.584     92.888  51128.364    31.5991     4.3288     92.000     4.3226    25.0502     7.2796    10.4033     98.988    317.164    325.108   -0.00122    7.35404   10.50965  320.40509   16.45159 3.8903e-02     1.1001     0.3808    90.9191 0.0000e+00
        784 102.536606    0.05438     3.2629    195.773     93.899  51128.753    31.5987     4.3284     93.000     4.3214    25.0499     7.2732    10.3940     98.899    316.882    324.820   -0.00141    7.35414   10.50980  320.40952   16.45180 3.8770e-02     1.1050     0.3835    90.8568 0.0000e+00
        789 102.536620    0.05471     3.2827    196.963     94.908  51132.541    31.6004     4.3264     94.000     4.3197    25.0514     7.2694    10.3887     98.844    316.716    324.650   -0.00132    7.35440   10.51019  320.42085   16.45233 3.8738e-02     1.1146     0.3861    90.7992 0.0000e+00
        794 102.536634    0.05506     3.3034    198.204     95.921  51134.032    31.6008     4.3263     95.000     4.3200    25.0518     7.2628    10.3794     98.755    316.433    324.360   -0.00146    7.35441   10.51019  320.42075   16.45233 3.8770e-02     1.1144     0.3832    90.8634 0.0000e+00
        799 102.536648    0.05540     3.3236    199.418     96.925  51134.978    31.6009     4.3259     96.000     4.3188    25.0520     7.2580    10.3724     98.688    316.220    324.142   -0.00144    7.35447   10.51027  320.42313   16.45244 3.8659e-02     1.1039     0.3822    90.8877 0.0000e+00
        804 102.536664    0.05576     3.3459    200.751     97.944  51135.974    31.6006     4.3237     97.000     4.3157    25.0519     7.2559    10.3694     98.654    316.128    324.047   -0.00126    7.35487   10.51084  320.44069   16.45328 3.8596e-02     1.1464     0.3812    90.9091 0.0000e+00
        809 102.536677    0.05609     3.3652    201.911     98.946  51140.168    31.6021     4.3202     98.000     4.3129    25.0535     7.2553    10.3686     98.639    316.102    324.021   -0.00106    7.35543   10.51164  320.46451   16.45440 3.8594e-02     1.0736     0.3807    90.9209 0.0000e+00
        814 102.536692    0.05643     3.3857    203.144     99.961  51143.219    31.6034     4.3191     99.000     4.3123    25.0547     7.2518    10.3635     98.588    315.948    323.864   -0.00107    7.35556   10.51184  320.47022   16.45467 3.8529e-02     1.1539     0.3771    91.0028 0.0000e+00
        818 102.536704    0.05675     3.4048    204.288    100.967  51145.778    31.6047     4.3190    100.000     4.3129    25.0556     7.2555    10.3690     98.642    316.114    324.034   -0.00064    7.35550   10.51175  320.46722   16.45452 3.8452e-02     1.1141     0.3711    91.1410 0.0000e+00
        823 102.536719    0.05708     3.4251    205.505    101.978  51153.261    31.6098     4.3214    101.000     4.3177    25.0595     7.2556    10.3690     98.652    316.115    324.037   -0.00044    7.35483   10.51078  320.43642   16.45304 3.8479e-02     1.1184     0.3803    90.9310 0.0000e+00
        828 102.536732    0.05741     3.4447    206.682    102.987  51153.609    31.6114     4.3294    102.000     4.3253    25.0600     7.2576    10.3718     98.698    316.200    324.124   -0.00024    7.35332   10.50863  320.37060   16.44989 3.8286e-02     1.0862     0.3793    90.9536 0.0000e+00
        833 102.536747    0.05776     3.4655    207.928    103.999  51158.951    31.6164     4.3375    103.000     4.3342    25.0632     7.2601    10.3754     98.755    316.307    324.236    0.00012    7.35163   10.50622  320.29633   16.44634 3.8224e-02     1.0812     0.3809    90.9169 0.0000e+00
        838 102.536761    0.05809     3.4855    209.127    105.006  51162.050    31.6201     4.3461    104.000     4.3433    25.0652     7.2488    10.3594     98.625    315.818    323.735   -0.00055    7.34993   10.50379  320.22150   16.44277 3.8406e-02     0.9661     0.3825    90.8800 0.0000e+00
        843 102.536776    0.05845     3.5072    210.430    106.019  51156.234    31.6175     4.3544    105.000     4.3481    25.0623     7.2352    10.3397     98.456    315.221    323.121   -0.00126    7.34857   10.50184  320.16298   16.44000 3.8416e-02     1.0895     0.3895    90.7218 0.0000e+00
        848 102.536791    0.05882     3.5290    211.742    107.030  51155.783    31.6169     4.3553    106.000     4.3485    25.0618     7.2239    10.3236     98.305    314.730    322.618   -0.00166    7.34844   10.50165  320.15744   16.43974 3.8435e-02     0.8710     0.3887    90.7390 0.0000e+00
        853 102.536806    0.05917     3.5501    213.006    108.035  51156.969    31.6176     4.3567    107.000     4.3500    25.0621     7.2190    10.3167     98.243    314.520    322.403   -0.00157    7.34816   10.50126  320.14544   16.43916 3.8553e-02     0.8536     0.3865    90.7899 0.0000e+00
