CTD-processing/allCTD/CNV/2022_03-01_t4_s07_cast081_4141.cnv
* Sea-Bird SBE19plus Data File:
* FileName = C:\Users\steve\Desktop\GWA\CTD\2022_03-01_T4\2022_03-01_T4_S0_cast081.hex
* Software Version 1.59
* Temperature SN =  4141
* Conductivity SN =  4141
* System UpLoad Time = Mar 03 2022 15:07:46
** Cook Inlet LTM T4
** Date: 03-01-2022
** Station:S07
** Start Time (AKST):12:07
** Depth (m):40
** Comment:
** Comment:
# nquan = 27
# nvalues = 30                          
# units = specified
# name 0 = scan: Scan Count
# name 1 = timeJ: Julian Days
# name 2 = timeH: Time, Elapsed [hours]
# name 3 = timeM: Time, Elapsed [minutes]
# name 4 = timeS: Time, Elapsed [seconds]
# name 5 = prdM: Pressure, Strain Gauge [db]
# name 6 = specc: Specific Conductance [uS/cm]
# name 7 = sal00: Salinity, Practical [PSU]
# name 8 = tv290C: Temperature [ITS-90, deg C]
# name 9 = depSM: Depth [salt water, m], lat = 59.00
# name 10 = potemp090C: Potential Temperature [ITS-90, deg C]
# name 11 = sigma-é00: Density [sigma-theta, kg/m^3]
# name 12 = sbeox0ML/L: Oxygen, SBE 43 [ml/l]
# name 13 = sbeox0Mg/L: Oxygen, SBE 43 [mg/l]
# name 14 = sbeox0PS: Oxygen, SBE 43 [% saturation]
# name 15 = sbox0Mm/Kg: Oxygen, SBE 43 [umol/kg]
# name 16 = sbeox0Mm/L: Oxygen, SBE 43 [umol/l]
# name 17 = sbox0dV/dT: Oxygen, SBE 43 [dov/dt]
# name 18 = oxsolML/L: Oxygen Saturation, Garcia & Gordon [ml/l]
# name 19 = oxsolMg/L: Oxygen Saturation, Garcia & Gordon [mg/l]
# name 20 = oxsolMm/Kg: Oxygen Saturation, Garcia & Gordon [umol/kg]
# name 21 = n2satMg/L: Nitrogen Saturation [mg/l]
# name 22 = par: PAR/Irradiance, Biospherical/Licor
# name 23 = wetStar: Fluorescence, WET Labs WETstar [mg/m^3]
# name 24 = CStarAt0: Beam Attenuation, WET Labs C-Star [1/m]
# name 25 = CStarTr0: Beam Transmission, WET Labs C-Star [%]
# name 26 = flag: flag
# span 0 =        262,        417       
# span 1 =  60.505501,  60.505948       
# span 2 =    0.01814,    0.02887       
# span 3 =     1.0884,     1.7324       
# span 4 =     65.304,    103.944       
# span 5 =      1.010,     30.280       
# span 6 =  51114.223,  51214.340       
# span 7 =    31.5359,    31.5671       
# span 8 =     3.8128,     3.9544       
# span 9 =      1.000,     30.000       
# span 10 =     3.8112,     3.9535      
# span 11 =    25.0429,    25.0741      
# span 12 =     7.1226,     7.2375      
# span 13 =    10.1789,    10.3432      
# span 14 =     95.938,     97.484      
# span 15 =    310.323,    315.328      
# span 16 =    318.095,    323.228      
# span 17 =   -0.00126,    0.03946      
# span 18 =    7.42325,    7.44868      
# span 19 =   10.60856,   10.64491      
# span 20 =  323.41855,  324.52087      
# span 21 =   16.59505,   16.64744      
# span 22 = 3.9047e+00, 1.2656e+02      
# span 23 =     0.1762,     0.4654      
# span 24 =     0.3816,     0.4952      
# span 25 =    88.3555,    90.9004      
# span 26 = 0.0000e+00, 0.0000e+00      
# interval = meters: 1                  
# start_time = Mar 01 2022 12:06:50 [Instrument's time stamp, header]
# bad_flag = -9.990e-29
*END*
        262  60.505501    0.01814     1.0884     65.304      1.010  51114.223    31.5470     3.9533      1.000     3.9524    25.0448     7.1226    10.1789     95.938    310.323    318.095    0.03946    7.42412   10.60982  323.46042   16.59710 1.2656e+02     0.1777     0.3953    90.5910 0.0000e+00
        268  60.505517    0.01852     1.1114     66.682      2.021  51117.020    31.5478     3.9508      2.000     3.9496    25.0456     7.1774    10.2572     96.671    312.710    320.542    0.03113    7.42455   10.61041  323.47839   16.59795 1.0047e+02     0.1817     0.3968    90.5562 0.0000e+00
        272  60.505531    0.01885     1.1312     67.874      3.028  51120.463    31.5491     3.9488      3.000     3.9483    25.0469     7.1841    10.2667     96.757    313.001    320.840    0.02326    7.42486   10.61087  323.49194   16.59859 9.1823e+01     0.1762     0.3994    90.4976 0.0000e+00
        277  60.505545    0.01920     1.1519     69.111      4.037  51122.954    31.5504     3.9489      4.000     3.9488    25.0479     7.1960    10.2838     96.920    313.522    321.375    0.01765    7.42477   10.61074  323.48751   16.59837 9.0264e+01     0.1978     0.4028    90.4194 0.0000e+00
        283  60.505561    0.01957     1.1741     70.446      5.047  51123.426    31.5503     3.9493      5.000     3.9488    25.0477     7.2015    10.2916     96.993    313.758    321.617    0.01286    7.42470   10.61064  323.48450   16.59823 9.8573e+01     0.2285     0.4024    90.4299 0.0000e+00
        288  60.505576    0.01993     1.1958     71.746      6.057  51124.056    31.5500     3.9484      6.000     3.9471    25.0476     7.2021    10.2925     97.000    313.786    321.645    0.00910    7.42488   10.61089  323.49215   16.59860 8.9815e+01     0.2241     0.4017    90.4460 0.0000e+00
        293  60.505591    0.02031     1.2182     73.093      7.065  51133.348    31.5554     3.9465      7.000     3.9459    25.0521     7.2050    10.2967     97.038    313.913    321.778    0.00658    7.42495   10.61100  323.49410   16.59867 8.0829e+01     0.2519     0.4051    90.3681 0.0000e+00
        299  60.505608    0.02070     1.2420     74.523      8.079  51135.089    31.5559     3.9462      8.000     3.9454    25.0526     7.2041    10.2953     97.025    313.870    321.734    0.00438    7.42498   10.61104  323.49512   16.59871 7.2184e+01     0.2542     0.4078    90.3082 0.0000e+00
        305  60.505624    0.02108     1.2646     75.877      9.084  51136.285    31.5561     3.9454      9.000     3.9445    25.0528     7.2080    10.3009     97.076    314.042    321.910    0.00332    7.42510   10.61122  323.50053   16.59897 6.3884e+01     0.2552     0.4090    90.2806 0.0000e+00
        310  60.505640    0.02146     1.2877     77.262     10.097  51137.523    31.5562     3.9446     10.000     3.9439    25.0530     7.2104    10.3043     97.106    314.145    322.014    0.00237    7.42526   10.61143  323.50703   16.59928 5.5820e+01     0.2806     0.4129    90.1920 0.0000e+00
        315  60.505654    0.02180     1.3081     78.488     11.102  51138.336    31.5563     3.9449     11.000     3.9444    25.0530     7.2165    10.3132     97.190    314.413    322.291    0.00205    7.42518   10.61133  323.50380   16.59912 4.9118e+01     0.3383     0.4122    90.2086 0.0000e+00
        321  60.505670    0.02219     1.3314     79.881     12.118  51139.706    31.5569     3.9456     12.000     3.9453    25.0534     7.2203    10.3185     97.243    314.578    322.459    0.00167    7.42503   10.61112  323.49737   16.59882 4.3032e+01     0.3488     0.4091    90.2781 0.0000e+00
        325  60.505683    0.02250     1.3501     81.004     13.119  51141.530    31.5579     3.9468     13.000     3.9467    25.0541     7.2194    10.3173     97.235    314.540    322.420    0.00113    7.42477   10.61074  323.48560   16.59826 3.7730e+01     0.3685     0.4101    90.2555 0.0000e+00
        330  60.505697    0.02286     1.3712     82.269     14.134  51142.885    31.5588     3.9487     14.000     3.9486    25.0546     7.2247    10.3248     97.310    314.768    322.655    0.00109    7.42437   10.61017  323.46809   16.59742 3.3106e+01     0.3941     0.4075    90.3138 0.0000e+00
        335  60.505713    0.02321     1.3928     83.567     15.139  51140.153    31.5568     3.9501     15.000     3.9485    25.0529     7.2241    10.3239     97.304    314.743    322.628    0.00077    7.42422   10.60995  323.46190   16.59713 2.9133e+01     0.4232     0.3992    90.5027 0.0000e+00
        341  60.505728    0.02359     1.4156     84.938     16.157  51147.928    31.5616     3.9504     16.000     3.9514    25.0567     7.2231    10.3226     97.295    314.699    322.584    0.00039    7.42393   10.60954  323.44825   16.59646 2.5742e+01     0.4385     0.3965    90.5621 0.0000e+00
        345  60.505741    0.02390     1.4337     86.022     17.156  51145.960    31.5607     3.9544     17.000     3.9535    25.0556     7.2268    10.3279     97.354    314.862    322.751    0.00048    7.42325   10.60856  323.41855   16.59505 2.2616e+01     0.4575     0.3886    90.7419 0.0000e+00
        351  60.505758    0.02430     1.4581     87.487     18.173  51146.228    31.5603     3.9540     18.000     3.9524    25.0553     7.2338    10.3378     97.447    315.163    323.060    0.00072    7.42333   10.60867  323.42216   16.59523 2.0058e+01     0.4654     0.3816    90.9004 0.0000e+00
        356  60.505773    0.02467     1.4801     88.807     19.175  51142.076    31.5560     3.9499     19.000     3.9426    25.0523     7.2375    10.3432     97.484    315.328    323.228    0.00062    7.42430   10.61008  323.46598   16.59733 1.7635e+01     0.4592     0.3831    90.8663 0.0000e+00
        362  60.505789    0.02505     1.5030     90.180     20.190  51149.242    31.5568     3.9350     20.000     3.9240    25.0544     7.2336    10.3376     97.397    315.158    323.053    0.00001    7.42697   10.61387  323.58107   16.60280 1.5628e+01     0.4639     0.3867    90.7845 0.0000e+00
        368  60.505806    0.02545     1.5271     91.625     21.200  51138.611    31.5359     3.8805     21.000     3.8553    25.0429     7.2319    10.3350     97.230    315.085    322.975   -0.00087    7.43791   10.62952  324.06161   16.62573 1.3744e+01     0.4415     0.4134    90.1826 0.0000e+00
        373  60.505822    0.02582     1.5493     92.958     22.206  51189.411    31.5593     3.8362     22.000     3.8283    25.0656     7.2301    10.3326     97.117    315.003    322.898   -0.00126    7.44480   10.63936  324.35468   16.63958 1.2008e+01     0.4206     0.4538    89.2758 0.0000e+00
        379  60.505839    0.02624     1.5745     94.470     23.222  51203.483    31.5650     3.8224     23.000     3.8197    25.0715     7.2281    10.3296     97.060    314.911    322.806   -0.00120    7.44703   10.64254  324.44965   16.64407 1.0469e+01     0.3782     0.4703    88.9062 0.0000e+00
        384  60.505853    0.02660     1.5957     95.740     24.224  51204.758    31.5645     3.8189     24.000     3.8154    25.0714     7.2320    10.3353     97.105    315.083    322.983   -0.00073    7.44768   10.64349  324.47848   16.64544 9.0752e+00     0.3740     0.4783    88.7296 0.0000e+00
        390  60.505870    0.02698     1.6190     97.138     25.241  51209.657    31.5664     3.8152     25.000     3.8134    25.0733     7.2339    10.3379     97.122    315.163    323.065   -0.00048    7.44825   10.64430  324.50270   16.64658 7.9011e+00     0.3694     0.4855    88.5701 0.0000e+00
        395  60.505884    0.02734     1.6403     98.417     26.243  51210.538    31.5664     3.8146     26.000     3.8127    25.0733     7.2267    10.3277     97.025    314.852    322.747   -0.00084    7.44837   10.64446  324.50760   16.64681 6.8413e+00     0.3576     0.4882    88.5102 0.0000e+00
        400  60.505901    0.02774     1.6643     99.860     27.257  51211.844    31.5664     3.8133     27.000     3.8112    25.0735     7.2277    10.3290     97.034    314.891    322.787   -0.00064    7.44862   10.64482  324.51848   16.64733 5.9415e+00     0.3641     0.4888    88.4977 0.0000e+00
        406  60.505918    0.02814     1.6886    101.316     28.271  51213.703    31.5671     3.8128     28.000     3.8113    25.0741     7.2293    10.3314     97.054    314.963    322.860   -0.00037    7.44868   10.64491  324.52087   16.64744 5.1500e+00     0.3683     0.4920    88.4273 0.0000e+00
        411  60.505931    0.02845     1.7074    102.444     29.269  51213.892    31.5668     3.8134     29.000     3.8117    25.0738     7.2299    10.3323     97.065    314.993    322.890   -0.00030    7.44857   10.64474  324.51599   16.64721 4.4626e+00     0.3498     0.4952    88.3555 0.0000e+00
        417  60.505948    0.02887     1.7324    103.944     30.280  51214.340    31.5667     3.8137     30.000     3.8119    25.0737     7.2289    10.3309     97.052    314.946    322.842   -0.00031    7.44851   10.64466  324.51367   16.64710 3.9047e+00     0.3594     0.4914    88.4414 0.0000e+00
