CTD-processing/allCTD/CNV/2022_02-28_ab_s04_cast070_4141.cnv
* Sea-Bird SBE19plus Data File:
* FileName = C:\Users\steve\Desktop\GWA\CTD\2022_02-28_AB\2022_02-28_AB_S0_cast070.hex
* Software Version 1.59
* Temperature SN =  4141
* Conductivity SN =  4141
* System UpLoad Time = Mar 03 2022 14:48:56
** Cook Inlet LTM AlongBay
** Date: 02-28-2022
** Station:S04
** Start Time (AKST):13:46
** Depth (m):158
** Comment:
** Comment:
# nquan = 27
# nvalues = 152                         
# units = specified
# name 0 = scan: Scan Count
# name 1 = timeJ: Julian Days
# name 2 = timeH: Time, Elapsed [hours]
# name 3 = timeM: Time, Elapsed [minutes]
# name 4 = timeS: Time, Elapsed [seconds]
# name 5 = prdM: Pressure, Strain Gauge [db]
# name 6 = specc: Specific Conductance [uS/cm]
# name 7 = sal00: Salinity, Practical [PSU]
# name 8 = tv290C: Temperature [ITS-90, deg C]
# name 9 = depSM: Depth [salt water, m], lat = 59.00
# name 10 = potemp090C: Potential Temperature [ITS-90, deg C]
# name 11 = sigma-é00: Density [sigma-theta, kg/m^3]
# name 12 = sbeox0ML/L: Oxygen, SBE 43 [ml/l]
# name 13 = sbeox0Mg/L: Oxygen, SBE 43 [mg/l]
# name 14 = sbeox0PS: Oxygen, SBE 43 [% saturation]
# name 15 = sbox0Mm/Kg: Oxygen, SBE 43 [umol/kg]
# name 16 = sbeox0Mm/L: Oxygen, SBE 43 [umol/l]
# name 17 = sbox0dV/dT: Oxygen, SBE 43 [dov/dt]
# name 18 = oxsolML/L: Oxygen Saturation, Garcia & Gordon [ml/l]
# name 19 = oxsolMg/L: Oxygen Saturation, Garcia & Gordon [mg/l]
# name 20 = oxsolMm/Kg: Oxygen Saturation, Garcia & Gordon [umol/kg]
# name 21 = n2satMg/L: Nitrogen Saturation [mg/l]
# name 22 = par: PAR/Irradiance, Biospherical/Licor
# name 23 = wetStar: Fluorescence, WET Labs WETstar [mg/m^3]
# name 24 = CStarAt0: Beam Attenuation, WET Labs C-Star [1/m]
# name 25 = CStarTr0: Beam Transmission, WET Labs C-Star [%]
# name 26 = flag: flag
# span 0 =        293,       1072       
# span 1 =  59.574190,  59.576444       
# span 2 =    0.02028,    0.07439       
# span 3 =     1.2166,     4.4632       
# span 4 =     72.998,    267.791       
# span 5 =      1.010,    153.472       
# span 6 =  51039.056,  51500.586       
# span 7 =    31.5222,    31.5826       
# span 8 =     3.3001,     4.0811       
# span 9 =      1.000,    152.000       
# span 10 =     3.2933,     4.0743      
# span 11 =    25.0159,    25.1289      
# span 12 =     4.0444,     7.2704      
# span 13 =     5.7798,    10.3902      
# span 14 =     54.637,     97.478      
# span 15 =    176.214,    316.747      
# span 16 =    180.623,    324.697      
# span 17 =   -0.30934,    0.00304      
# span 18 =    7.40208,    7.54337      
# span 19 =   10.57832,   10.78023      
# span 20 =  322.50912,  328.63246      
# span 21 =   16.55195,   16.84290      
# span 22 = 3.6908e-02, 2.3816e+02      
# span 23 =     0.1203,     0.5357      
# span 24 =     0.3414,     1.3141      
# span 25 =    72.0043,    91.8192      
# span 26 = 0.0000e+00, 0.0000e+00      
# interval = meters: 1                  
# start_time = Feb 28 2022 13:45:37 [Instrument's time stamp, header]
# bad_flag = -9.990e-29
*END*
        293  59.574190    0.02028     1.2166     72.998      1.010  51039.056    31.5261     4.0811      1.000     4.0743    25.0159     4.0444     5.7798     54.637    176.214    180.623   -0.30934    7.40208   10.57832  322.50912   16.55195 1.9351e+02     0.1228     0.3472    91.6653 0.0000e+00
        298  59.574203    0.02061     1.2363     74.179      2.019  51053.309    31.5322     4.0678      2.000     4.0658    25.0220     6.5057     9.2972     87.864    283.450    290.542   -0.05717    7.40417   10.58130  322.59809   16.55615 2.3816e+02     0.1203     0.3448    91.7400 0.0000e+00
        302  59.574217    0.02093     1.2560     75.363      3.029  51057.874    31.5341     4.0647      3.000     4.0639    25.0238     6.8888     9.8448     93.034    300.145    307.656   -0.01521    7.40464   10.58197  322.61813   16.55710 2.3264e+02     0.1247     0.3444    91.7509 0.0000e+00
        307  59.574230    0.02125     1.2753     76.517      4.037  51060.741    31.5353     4.0638      4.000     4.0635    25.0249     6.9848     9.9819     94.329    304.325    311.940   -0.00482    7.40474   10.58211  322.62186   16.55727 1.7653e+02     0.1441     0.3435    91.7713 0.0000e+00
        312  59.574244    0.02158     1.2947     77.684      5.046  51062.993    31.5363     4.0640      5.000     4.0637    25.0258     7.0295    10.0458     94.933    306.271    313.936   -0.00073    7.40465   10.58199  322.61806   16.55709 1.5841e+02     0.1460     0.3414    91.8192 0.0000e+00
        317  59.574258    0.02192     1.3151     78.903      6.057  51053.465    31.5287     4.0613      6.000     4.0548    25.0199     7.0668    10.0991     95.426    307.897    315.601    0.00181    7.40552   10.58324  322.65789   16.55901 1.3389e+02     0.1569     0.3422    91.7996 0.0000e+00
        321  59.574272    0.02225     1.3350     80.102      7.065  51056.588    31.5263     4.0441      7.000     4.0364    25.0197     7.0896    10.1317     95.692    308.892    316.620    0.00254    7.40873   10.58782  322.79778   16.56567 1.1447e+02     0.1730     0.3442    91.7549 0.0000e+00
        326  59.574286    0.02260     1.3558     81.346      8.074  51062.097    31.5250     4.0251      8.000     4.0171    25.0205     7.1123    10.1642     95.953    309.881    317.634    0.00304    7.41224   10.59283  322.95026   16.57293 9.6724e+01     0.1845     0.3486    91.6525 0.0000e+00
        332  59.574302    0.02296     1.3776     82.659      9.087  51065.017    31.5222     4.0068      9.000     3.9966    25.0199     7.1258    10.1835     96.091    310.472    318.240    0.00275    7.41569   10.59776  323.10074   16.58010 8.5291e+01     0.2111     0.3551    91.5045 0.0000e+00
        337  59.574316    0.02330     1.3981     83.888     10.095  51076.017    31.5230     3.9809     10.000     3.9733    25.0231     7.1338    10.1950     96.140    310.820    318.597    0.00211    7.42033   10.60441  323.30224   16.58968 7.2499e+01     0.2455     0.3618    91.3524 0.0000e+00
        341  59.574330    0.02364     1.4183     85.098     11.104  51093.345    31.5319     3.9707     11.000     3.9694    25.0311     7.1435    10.2089     96.252    311.241    319.032    0.00206    7.42173   10.60640  323.36043   16.59241 6.2534e+01     0.2825     0.3663    91.2477 0.0000e+00
        346  59.574343    0.02397     1.4382     86.290     12.113  51089.806    31.5278     3.9663     12.000     3.9624    25.0283     7.1621    10.2354     96.489    312.050    319.860    0.00243    7.42274   10.60784  323.40529   16.59456 5.4710e+01     0.3195     0.3685    91.1993 0.0000e+00
        351  59.574358    0.02431     1.4583     87.497     13.124  51096.624    31.5307     3.9609     13.000     3.9590    25.0311     7.1783    10.2585     96.696    312.755    320.583    0.00280    7.42357   10.60904  323.44080   16.59623 4.7857e+01     0.3566     0.3686    91.1969 0.0000e+00
        356  59.574371    0.02462     1.4774     88.647     14.132  51097.579    31.5302     3.9582     14.000     3.9559    25.0310     7.1766    10.2560     96.666    312.680    320.507    0.00198    7.42408   10.60976  323.46299   16.59729 4.2120e+01     0.4188     0.3671    91.2298 0.0000e+00
        360  59.574385    0.02495     1.4971     89.826     15.141  51099.661    31.5303     3.9547     15.000     3.9525    25.0314     7.1899    10.2751     96.838    313.259    321.100    0.00206    7.42472   10.61067  323.49057   16.59860 3.6652e+01     0.4523     0.3705    91.1527 0.0000e+00
        365  59.574398    0.02529     1.5173     91.036     16.151  51101.554    31.5305     3.9523     16.000     3.9498    25.0318     7.1972    10.2855     96.930    313.576    321.425    0.00197    7.42514   10.61126  323.50867   16.59946 3.2156e+01     0.4808     0.3813    90.9084 0.0000e+00
        370  59.574413    0.02563     1.5379     92.273     17.161  51103.922    31.5308     3.9487     17.000     3.9464    25.0323     7.2007    10.2906     96.970    313.732    321.585    0.00152    7.42578   10.61218  323.53654   16.60079 2.8642e+01     0.5152     0.4084    90.2950 0.0000e+00
        375  59.574427    0.02598     1.5586     93.518     18.170  51105.926    31.5310     3.9462     18.000     3.9440    25.0328     7.2076    10.3004     97.056    314.032    321.892    0.00146    7.42624   10.61283  323.55614   16.60172 2.5397e+01     0.5326     0.4571    89.2019 0.0000e+00
        380  59.574442    0.02632     1.5794     94.767     19.180  51106.895    31.5303     3.9426     19.000     3.9398    25.0326     7.2092    10.3026     97.068    314.098    321.960    0.00109    7.42692   10.61382  323.58628   16.60315 2.2646e+01     0.5212     0.3875    90.7680 0.0000e+00
        385  59.574457    0.02668     1.6009     96.052     20.190  51110.507    31.5314     3.9392     20.000     3.9370    25.0338     7.2084    10.3015     97.051    314.066    321.929    0.00062    7.42747   10.61460  323.60960   16.60426 2.0296e+01     0.5252     0.3751    91.0494 0.0000e+00
        391  59.574472    0.02705     1.6232     97.391     21.199  51113.327    31.5324     3.9377     21.000     3.9360    25.0347     7.2157    10.3121     97.146    314.385    322.255    0.00077    7.42770   10.61492  323.61925   16.60471 1.8088e+01     0.5109     0.3710    91.1411 0.0000e+00
        396  59.574488    0.02743     1.6460     98.762     22.209  51115.229    31.5330     3.9368     22.000     3.9353    25.0353     7.2173    10.3142     97.166    314.453    322.325    0.00061    7.42781   10.61509  323.62421   16.60495 1.6124e+01     0.4994     0.3660    91.2576 0.0000e+00
        402  59.574504    0.02782     1.6689    100.132     23.219  51115.850    31.5328     3.9364     23.000     3.9346    25.0352     7.2211    10.3196     97.215    314.616    322.493    0.00058    7.42791   10.61523  323.62849   16.60515 1.4392e+01     0.4896     0.3654    91.2704 0.0000e+00
        407  59.574519    0.02818     1.6908    101.449     24.229  51117.416    31.5332     3.9356     24.000     3.9339    25.0356     7.2254    10.3258     97.272    314.804    322.686    0.00062    7.42804   10.61540  323.63359   16.60539 1.2831e+01     0.4805     0.3628    91.3287 0.0000e+00
        412  59.574533    0.02852     1.7115    102.688     25.238  51118.530    31.5334     3.9353     25.000     3.9338    25.0358     7.2295    10.3317     97.326    314.983    322.869    0.00070    7.42808   10.61546  323.63546   16.60548 1.1389e+01     0.5357     0.3649    91.2821 0.0000e+00
        417  59.574548    0.02886     1.7317    103.904     26.247  51119.749    31.5338     3.9358     26.000     3.9341    25.0361     7.2287    10.3306     97.318    314.948    322.833    0.00034    7.42797   10.61530  323.63044   16.60524 1.0151e+01     0.5085     0.3659    91.2583 0.0000e+00
        421  59.574561    0.02920     1.7517    105.104     27.258  51116.951    31.5310     3.9340     27.000     3.9301    25.0340     7.2315    10.3344     97.348    315.068    322.956    0.00036    7.42844   10.61599  323.65195   16.60627 9.0150e+00     0.4826     0.3688    91.1914 0.0000e+00
        426  59.574575    0.02952     1.7712    106.272     28.265  51123.208    31.5340     3.9310     28.000     3.9294    25.0366     7.2345    10.3387     97.383    315.197    323.089    0.00036    7.42885   10.61656  323.66867   16.60706 8.0269e+00     0.4845     0.3732    91.0907 0.0000e+00
        431  59.574589    0.02985     1.7911    107.469     29.276  51123.123    31.5336     3.9317     29.000     3.9299    25.0363     7.2358    10.3407     97.403    315.258    323.151    0.00032    7.42873   10.61640  323.66365   16.60682 7.1652e+00     0.4576     0.3738    91.0796 0.0000e+00
        436  59.574603    0.03019     1.8112    108.672     30.285  51123.295    31.5331     3.9314     30.000     3.9290    25.0360     7.2316    10.3347     97.345    315.076    322.964   -0.00007    7.42881   10.61651  323.66722   16.60699 6.4052e+00     0.4624     0.3665    91.2456 0.0000e+00
        441  59.574617    0.03054     1.8322    109.933     31.295  51124.882    31.5335     3.9303     31.000     3.9282    25.0363     7.2327    10.3363     97.359    315.125    323.014   -0.00010    7.42898   10.61675  323.67443   16.60733 5.7261e+00     0.4667     0.3632    91.3193 0.0000e+00
        446  59.574631    0.03087     1.8522    111.135     32.304  51125.923    31.5336     3.9300     32.000     3.9278    25.0365     7.2386    10.3447     97.438    315.382    323.278    0.00026    7.42902   10.61682  323.67647   16.60743 5.1124e+00     0.4429     0.3629    91.3261 0.0000e+00
        450  59.574645    0.03120     1.8720    112.322     33.314  51127.596    31.5341     3.9295     33.000     3.9272    25.0370     7.2351    10.3395     97.387    315.223    323.115   -0.00009    7.42910   10.61691  323.67937   16.60757 4.5692e+00     0.4558     0.3645    91.2894 0.0000e+00
        455  59.574659    0.03154     1.8920    113.522     34.322  51126.355    31.5325     3.9285     34.000     3.9252    25.0357     7.2420    10.3495     97.478    315.528    323.427    0.00029    7.42937   10.61731  323.69194   16.60817 4.0983e+00     0.4317     0.3684    91.2005 0.0000e+00
        460  59.574673    0.03187     1.9124    114.744     35.334  51128.723    31.5331     3.9264     35.000     3.9232    25.0364     7.2324    10.3358     97.344    315.109    322.998   -0.00046    7.42970   10.61779  323.70624   16.60885 3.6714e+00     0.4310     0.3755    91.0399 0.0000e+00
        465  59.574687    0.03221     1.9326    115.954     36.343  51130.441    31.5330     3.9232     36.000     3.9198    25.0367     7.2394    10.3459     97.430    315.415    323.312   -0.00002    7.43029   10.61863  323.73162   16.61005 3.2895e+00     0.4330     0.4055    90.3592 0.0000e+00
        470  59.574701    0.03255     1.9527    117.161     37.352  51133.615    31.5341     3.9211     37.000     3.9184    25.0378     7.2378    10.3436     97.405    315.346    323.242   -0.00018    7.43062   10.61909  323.74555   16.61071 2.9485e+00     0.4174     0.4809    88.6735 0.0000e+00
        475  59.574715    0.03289     1.9733    118.397     38.361  51134.498    31.5341     3.9204     38.000     3.9174    25.0378     7.2383    10.3443     97.410    315.368    323.264   -0.00017    7.43075   10.61930  323.75153   16.61100 2.6408e+00     0.4013     0.4934    88.3961 0.0000e+00
        480  59.574730    0.03325     1.9949    119.692     39.372  51136.926    31.5349     3.9191     39.000     3.9163    25.0386     7.2370    10.3424     97.390    315.309    323.203   -0.00030    7.43093   10.61955  323.75908   16.61135 2.3609e+00     0.3793     0.4923    88.4203 0.0000e+00
        485  59.574745    0.03361     2.0167    121.004     40.382  51137.204    31.5343     3.9179     40.000     3.9143    25.0382     7.2400    10.3466     97.427    315.439    323.337   -0.00009    7.43121   10.61994  323.77112   16.61193 2.1116e+00     0.3818     0.4937    88.3901 0.0000e+00
        490  59.574761    0.03399     2.0390    122.340     41.390  51140.901    31.5357     3.9156     41.000     3.9126    25.0396     7.2440    10.3524     97.476    315.613    323.517    0.00010    7.43154   10.62041  323.78498   16.61258 1.8899e+00     0.3823     0.4910    88.4490 0.0000e+00
        496  59.574776    0.03436     2.0616    123.696     42.400  51140.716    31.5348     3.9145     42.000     3.9104    25.0389     7.2439    10.3522     97.471    315.608    323.511   -0.00000    7.43180   10.62078  323.79651   16.61313 1.6906e+00     0.3745     0.4892    88.4901 0.0000e+00
        501  59.574793    0.03474     2.0846    125.078     43.411  51139.466    31.5315     3.9065     43.000     3.8982    25.0371     7.2452    10.3541     97.468    315.666    323.570   -0.00010    7.43339   10.62307  323.86691   16.61650 1.5145e+00     0.3748     0.4858    88.5626 0.0000e+00
        507  59.574808    0.03512     2.1070    126.420     44.420  51152.224    31.5365     3.8935     44.000     3.8885    25.0424     7.2457    10.3548     97.447    315.687    323.592   -0.00017    7.43550   10.62608  323.95708   16.62076 1.3547e+00     0.3686     0.4753    88.7967 0.0000e+00
        512  59.574823    0.03547     2.1282    127.695     45.431  51154.693    31.5362     3.8870     45.000     3.8812    25.0427     7.2383    10.3443     97.332    315.366    323.264   -0.00081    7.43671   10.62780  324.00958   16.62326 1.2087e+00     0.3602     0.4490    89.3829 0.0000e+00
        517  59.574837    0.03581     2.1489    128.932     46.438  51157.849    31.5358     3.8786     46.000     3.8716    25.0431     7.2452    10.3542     97.405    315.667    323.572   -0.00030    7.43826   10.63002  324.07681   16.62646 1.0803e+00     0.3468     0.4318    89.7678 0.0000e+00
        522  59.574852    0.03617     2.1702    130.212     47.451  51164.037    31.5369     3.8675     47.000     3.8587    25.0450     7.2459    10.3551     97.388    315.696    323.602   -0.00034    7.44022   10.63282  324.16157   16.63048 9.6192e-01     0.3636     0.4280    89.8523 0.0000e+00
        527  59.574866    0.03650     2.1899    131.394     48.459  51171.491    31.5376     3.8519     48.000     3.8402    25.0471     7.2441    10.3525     97.327    315.616    323.521   -0.00061    7.44303   10.63684  324.28345   16.63627 8.5689e-01     0.3454     0.4136    90.1765 0.0000e+00
        531  59.574879    0.03682     2.2095    132.568     49.467  51192.748    31.5476     3.8354     49.000     3.8300    25.0565     7.2458    10.3550     97.317    315.687    323.597   -0.00062    7.44554   10.64042  324.38957   16.64128 7.6526e-01     0.3451     0.4138    90.1728 0.0000e+00
        536  59.574894    0.03717     2.2303    133.816     50.477  51197.099    31.5490     3.8313     50.000     3.8265    25.0581     7.2494    10.3601     97.357    315.845    323.759   -0.00028    7.44620   10.64137  324.41805   16.64263 6.8321e-01     0.3114     0.4162    90.1171 0.0000e+00
        541  59.574908    0.03752     2.2511    135.063     51.488  51201.658    31.5507     3.8275     51.000     3.8235    25.0598     7.2442    10.3527     97.279    315.617    323.526   -0.00064    7.44682   10.64224  324.44428   16.64387 6.0853e-01     0.3063     0.4204    90.0236 0.0000e+00
        546  59.574923    0.03786     2.2716    136.293     52.497  51204.354    31.5516     3.8260     52.000     3.8223    25.0607     7.2443    10.3528     97.277    315.619    323.529   -0.00056    7.44705   10.64257  324.45410   16.64433 5.4310e-01     0.3264     0.4245    89.9311 0.0000e+00
        551  59.574937    0.03821     2.2929    137.571     53.507  51205.070    31.5514     3.8253     53.000     3.8208    25.0606     7.2378    10.3437     97.190    315.341    323.245   -0.00084    7.44718   10.64276  324.45983   16.64460 4.8443e-01     0.3180     0.4274    89.8657 0.0000e+00
