CTD-processing/allCTD/CNV/2022_06-24_ab_s11_cast187_4141.cnv
* Sea-Bird SBE19plus Data File:
* FileName = C:\GWA\CTD\2022_06-24_AB\2022_06-24_AB_S01_cast187.hex
* Software Version 1.59
* Temperature SN =  4141
* Conductivity SN =  4141
* System UpLoad Time = Jun 29 2022 14:54:07
** Cook Inlet LTM AlongBay
** Date: 06-24-2022
** Station:AB11
** Start Time (AKDT):13:20
** Depth (m):59
** Comment:
** Comment:
# nquan = 27
# nvalues = 54                          
# units = specified
# name 0 = scan: Scan Count
# name 1 = timeJ: Julian Days
# name 2 = timeH: Time, Elapsed [hours]
# name 3 = timeM: Time, Elapsed [minutes]
# name 4 = timeS: Time, Elapsed [seconds]
# name 5 = prdM: Pressure, Strain Gauge [db]
# name 6 = specc: Specific Conductance [uS/cm]
# name 7 = sal00: Salinity, Practical [PSU]
# name 8 = tv290C: Temperature [ITS-90, deg C]
# name 9 = depSM: Depth [salt water, m], lat = 59.00
# name 10 = potemp090C: Potential Temperature [ITS-90, deg C]
# name 11 = sigma-é00: Density [sigma-theta, kg/m^3]
# name 12 = sbeox0ML/L: Oxygen, SBE 43 [ml/l]
# name 13 = sbeox0Mg/L: Oxygen, SBE 43 [mg/l]
# name 14 = sbeox0PS: Oxygen, SBE 43 [% saturation]
# name 15 = sbox0Mm/Kg: Oxygen, SBE 43 [umol/kg]
# name 16 = sbeox0Mm/L: Oxygen, SBE 43 [umol/l]
# name 17 = sbox0dV/dT: Oxygen, SBE 43 [dov/dt]
# name 18 = oxsolML/L: Oxygen Saturation, Garcia & Gordon [ml/l]
# name 19 = oxsolMg/L: Oxygen Saturation, Garcia & Gordon [mg/l]
# name 20 = oxsolMm/Kg: Oxygen Saturation, Garcia & Gordon [umol/kg]
# name 21 = n2satMg/L: Nitrogen Saturation [mg/l]
# name 22 = par: PAR/Irradiance, Biospherical/Licor
# name 23 = wetStar: Fluorescence, WET Labs WETstar [mg/m^3]
# name 24 = CStarAt0: Beam Attenuation, WET Labs C-Star [1/m]
# name 25 = CStarTr0: Beam Transmission, WET Labs C-Star [%]
# name 26 = flag: flag
# span 0 =        341,        675       
# span 1 = 175.556284, 175.557252       
# span 2 =    0.02360,    0.04683       
# span 3 =     1.4157,     2.8096       
# span 4 =     84.946,    168.578       
# span 5 =      1.014,     54.492       
# span 6 =  41488.659,  50252.546       
# span 7 =    26.2693,    31.3615       
# span 8 =     5.9458,    14.2446       
# span 9 =      1.000,     54.000       
# span 10 =     5.9414,    14.0511      
# span 11 =    19.4042,    24.6853      
# span 12 =     6.5192,     8.5525      
# span 13 =     9.3166,    12.2224      
# span 14 =     91.993,    125.411      
# span 15 =    284.135,    373.000      
# span 16 =    291.149,    381.956      
# span 17 =   -0.05081,    0.02898      
# span 18 =    6.10035,    7.08668      
# span 19 =    8.71802,   10.12757      
# span 20 =  267.26100,  308.86653      
# span 21 =   13.93474,   15.90328      
# span 22 = 2.7170e-01, 6.5186e+02      
# span 23 =     0.1200,     1.8651      
# span 24 =     0.5519,     3.4369      
# span 25 =    56.7615,    87.1117      
# span 26 = 0.0000e+00, 0.0000e+00      
# interval = meters: 1                  
# start_time = Jun 24 2022 13:19:38 [Instrument's time stamp, header]
# bad_flag = -9.990e-29
*END*
        341 175.556284    0.02360     1.4157     84.946      1.014  41488.659    26.2693    14.2446      1.000    14.0511    19.4042     7.2145    10.3101    118.265    316.058    322.197   -0.00054    6.10035    8.71802  267.26100   13.93474 6.5186e+02     0.3682     3.4369    60.2613 0.0000e+00
        429 175.556540    0.02974     1.7844    107.064      2.021  43444.346    27.5636    13.3421      2.000    12.4630    20.5749     7.4609    10.6624    121.025    326.489    333.205   -0.00737    6.16540    8.81098  269.79503   14.05120 4.4768e+02     0.3662     0.8722    76.9464 0.0000e+00
        425 175.556528    0.02945     1.7673    106.040      3.028  45531.469    28.8718    11.4597      3.000    11.1581    21.9299     7.2680    10.3866    114.230    317.622    324.587   -0.04362    6.36267    9.09289  278.05903   14.44213 3.4934e+02     0.3955     0.9578    78.7402 0.0000e+00
        430 175.556541    0.02977     1.7865    107.193      4.037  45853.084    29.0233    10.7492      4.000    10.1048    22.1672     7.5554    10.7975    117.024    330.108    337.426   -0.01872    6.45527    9.22522  282.04000   14.63208 2.7819e+02     0.6375     0.8062    81.7540 0.0000e+00
        434 175.556555    0.03010     1.8060    108.361      5.048  47414.643    29.9389     9.2420      5.000     8.8340    23.1212     7.9511    11.3630    119.866    347.071    355.097    0.00764    6.63335    9.47971  289.55010   14.98750 2.0925e+02     0.6105     0.8019    81.8398 0.0000e+00
        439 175.556568    0.03042     1.8251    109.507      6.055  48378.894    30.4985     8.4132      6.000     8.1370    23.6819     8.1623    11.6648    121.222    356.096    364.530    0.00890    6.73311    9.62229  293.74416   15.18555 1.5442e+02     0.5561     0.7926    82.0300 0.0000e+00
        444 175.556583    0.03075     1.8452    110.709      7.068  48947.653    30.7966     7.7663      7.000     7.5526    24.0068     8.5525    12.2224    125.411    373.000    381.956    0.02898    6.81938    9.74558  297.41359   15.35950 1.1389e+02     0.9203     0.8263    81.3700 0.0000e+00
        448 175.556595    0.03107     1.8641    111.848      8.073  49368.377    31.0296     7.3951      8.000     7.3341    24.2407     8.5299    12.1901    124.218    371.928    380.944    0.01612    6.86694    9.81353  299.41922   15.45424 8.7309e+01     1.5376     0.6914    84.1303 0.0000e+00
        453 175.556609    0.03140     1.8839    113.035      9.086  49471.110    31.0814     7.2787      9.000     7.2453    24.2969     8.0521    11.5073    116.988    351.081    359.611   -0.02650    6.88298    9.83646  300.10226   15.48661 6.8982e+01     1.8008     0.6441    85.1269 0.0000e+00
        458 175.556623    0.03173     1.9037    114.221     10.096  49524.795    31.1050     7.1997     10.000     7.1685    24.3259     7.6657    10.9550    111.187    334.219    342.348   -0.05081    6.89443    9.85283  300.59298   15.50992 5.5249e+01     1.7322     0.6337    85.3515 0.0000e+00
        462 175.556636    0.03204     1.9227    115.360     11.101  49572.501    31.1269     7.1361     11.000     7.1111    24.3516     7.5192    10.7456    108.917    327.822    335.805   -0.04953    6.90354    9.86585  300.98266   15.52842 4.4553e+01     1.8651     0.6128    85.7955 0.0000e+00
        467 175.556650    0.03238     1.9427    116.560     12.115  49605.178    31.1403     7.0846     12.000     7.0636    24.3689     7.4710    10.6768    108.101    325.718    333.655   -0.03943    6.91114    9.87671  301.30886   15.54392 3.6292e+01     1.7193     0.6156    85.7369 0.0000e+00
        472 175.556664    0.03271     1.9627    117.761     13.123  49638.561    31.1534     7.0286     13.000     7.0078    24.3865     7.4553    10.6543    107.743    325.026    332.953   -0.03004    6.91948    9.88864  301.66752   15.56097 2.9881e+01     1.4588     0.5818    86.4637 0.0000e+00
        477 175.556678    0.03305     1.9831    118.988     14.134  49674.575    31.1728     6.9983     14.000     6.9942    24.4057     7.4481    10.6441    107.578    324.707    332.632   -0.02212    6.92344    9.89429  301.83432   15.56885 2.4583e+01     1.4121     0.6292    85.4465 0.0000e+00
        482 175.556692    0.03339     2.0036    120.215     15.141  49672.276    31.1695     6.9914     15.000     6.9837    24.4040     7.4324    10.6217    107.332    324.025    331.932   -0.01681    6.92470    9.89610  301.88988   15.57151 2.0243e+01     1.2151     0.6190    85.6644 0.0000e+00
        487 175.556707    0.03375     2.0250    121.498     16.151  49655.404    31.1486     6.9414     16.000     6.8956    24.3941     7.4202    10.6042    107.016    323.494    331.385   -0.01333    6.93367    9.90891  302.28383   15.59039 1.6597e+01     1.3059     0.6246    85.5445 0.0000e+00
        492 175.556722    0.03412     2.0468    122.807     17.162  49733.073    31.1839     6.8377     17.000     6.8079    24.4352     7.3896    10.5605    106.345    322.149    330.021   -0.01268    6.94870    9.93039  302.92677   15.62090 1.3710e+01     1.4195     0.5975    86.1252 0.0000e+00
        498 175.556738    0.03448     2.0688    124.127     18.170  49774.428    31.2000     6.7688     18.000     6.7472    24.4567     7.3519    10.5066    105.645    320.497    328.336   -0.01246    6.95908    9.94521  303.37291   15.64211 1.1431e+01     1.1365     0.5876    86.3422 0.0000e+00
        503 175.556754    0.03487     2.0920    125.522     19.181  49816.922    31.2217     6.7280     19.000     6.7209    24.4790     7.3549    10.5110    105.604    320.624    328.473   -0.00887    6.96467    9.95320  303.60983   15.65332 9.6343e+00     0.8844     0.5519    87.1117 0.0000e+00
        508 175.556769    0.03524     2.1144    126.862     20.190  49814.542    31.2173     6.7151     20.000     6.7079    24.4772     7.3846    10.5533    105.995    321.917    329.797   -0.00414    6.96696    9.95649  303.71069   15.65814 8.1901e+00     0.6496     0.5687    86.7474 0.0000e+00
        514 175.556784    0.03560     2.1358    128.147     21.200  49832.333    31.2264     6.6999     21.000     6.6926    24.4863     7.3728    10.5365    105.794    321.400    329.270   -0.00373    6.96900    9.95940  303.79677   15.66221 6.9339e+00     0.5148     0.5759    86.5908 0.0000e+00
        518 175.556798    0.03593     2.1557    129.340     22.209  49843.694    31.2317     6.6879     22.000     6.6824    24.4920     7.3287    10.4735    105.136    319.477    327.302   -0.00628    6.97069    9.96182  303.86882   15.66562 5.8756e+00     0.5492     0.6133    85.7864 0.0000e+00
        523 175.556811    0.03626     2.1754    130.524     23.218  49849.072    31.2334     6.6789     23.000     6.6721    24.4945     7.3160    10.4553    104.933    318.921    326.732   -0.00582    6.97209    9.96381  303.92887   15.66848 5.0163e+00     0.5492     0.6025    86.0171 0.0000e+00
        528 175.556826    0.03659     2.1952    131.710     24.226  49855.840    31.2346     6.6626     24.000     6.6508    24.4975     7.3126    10.4505    104.845    318.773    326.582   -0.00450    6.97467    9.96749  304.04029   15.67378 4.2933e+00     0.5543     0.6112    85.8303 0.0000e+00
        533 175.556839    0.03693     2.2158    132.951     25.239  49865.531    31.2364     6.6377     25.000     6.6195    24.5021     7.2875    10.4146    104.426    317.677    325.460   -0.00551    6.97863    9.97316  304.21174   15.68195 3.7160e+00     0.5010     0.6138    85.7749 0.0000e+00
        538 175.556854    0.03726     2.2358    134.146     26.244  49907.280    31.2581     6.6000     26.000     6.5901    24.5239     7.2778    10.4007    104.211    317.246    325.025   -0.00520    6.98374    9.98046  304.42796   15.69217 4.6439e+00     0.4739     0.6495    85.0137 0.0000e+00
        543 175.556868    0.03762     2.2570    135.420     27.258  49909.250    31.2552     6.5793     27.000     6.5599    24.5243     7.2751    10.3969    104.120    317.130    324.907   -0.00403    6.98724    9.98547  304.58074   15.69946 3.4528e+00     0.5213     0.6784    84.4005 0.0000e+00
        548 175.556883    0.03796     2.2777    136.660     28.268  49935.889    31.2650     6.5346     28.000     6.5190    24.5376     7.2247    10.3248    103.297    314.926    322.653   -0.00709    6.99407    9.99523  304.87426   15.71341 2.7255e+00     0.4775     0.7066    83.8075 0.0000e+00
        552 175.556896    0.03828     2.2971    137.828     29.274  49953.724    31.2720     6.5071     29.000     6.4937    24.5465     7.1929    10.2794    102.782    313.539    321.235   -0.00800    6.99823   10.00118  305.05301   15.72191 2.2433e+00     0.3479     0.7465    82.9768 0.0000e+00
        557 175.556910    0.03862     2.3170    139.021     30.286  49940.746    31.2543     6.4625     30.000     6.4254    24.5381     7.1875    10.2717    102.586    313.307    320.994   -0.00685    7.00632   10.01274  305.40817   15.73891 1.9002e+00     0.3034     0.7139    83.6583 0.0000e+00
        562 175.556923    0.03895     2.3367    140.204     31.294  50007.102    31.2877     6.3969     31.000     6.3847    24.5725     7.1697    10.2462    102.198    312.519    320.199   -0.00698    7.01551   10.02587  305.79843   15.75737 1.6244e+00     0.2765     0.6556    84.8834 0.0000e+00
        567 175.556938    0.03928     2.3567    141.404     32.306  50026.948    31.2979     6.3806     32.000     6.3763    24.5827     7.1672    10.2427    102.131    312.411    320.090   -0.00554    7.01772   10.02902  305.89162   15.76178 1.4040e+00     0.2636     0.6265    85.5031 0.0000e+00
        571 175.556951    0.03960     2.3765    142.590     33.312  50027.981    31.2975     6.3771     33.000     6.3715    24.5828     7.1598    10.2320    102.016    312.084    319.756   -0.00447    7.01830   10.02985  305.91700   15.76299 1.2450e+00     0.2573     0.6376    85.2665 0.0000e+00
        576 175.556966    0.03996     2.3974    143.841     34.325  49997.269    31.2711     6.3518     34.000     6.3131    24.5651     7.1535    10.2229    101.847    311.811    319.471   -0.00419    7.02368   10.03753  306.15658   15.77451 1.1066e+00     0.2323     0.5989    86.0936 0.0000e+00
        581 175.556980    0.04029     2.4174    145.046     35.332  50009.353    31.2572     6.2357     35.000     6.1607    24.5684     7.1502    10.2184    101.517    311.674    319.331   -0.00462    7.04344   10.06577  307.01685   15.81557 9.9706e-01     0.2948     0.6191    85.6659 0.0000e+00
        586 175.556995    0.04064     2.4385    146.312     36.341  50141.160    31.3151     6.0631     36.000     6.0243    24.6348     7.1105    10.1617    100.583    309.921    317.556   -0.00803    7.06928   10.10271  308.12347   15.86806 8.9443e-01     0.2248     0.9918    78.0772 0.0000e+00
        591 175.557009    0.04100     2.4604    147.622     37.354  50215.424    31.3557     6.0099     37.000     6.0021    24.6732     6.9895     9.9886     98.774    304.633    312.149   -0.01435    7.07623   10.11264  308.41481   15.88178 7.8277e-01     0.1614     1.2705    72.7929 0.0000e+00
        597 175.557024    0.04136     2.4815    148.889     38.363  50223.903    31.3596     6.0021     38.000     5.9978    24.6772     6.8390     9.7736     96.633    298.076    305.431   -0.02099    7.07735   10.11424  308.46240   15.88403 6.9358e-01     0.1333     1.3515    71.3312 0.0000e+00
        602 175.557039    0.04171     2.5022    150.135     39.372  50224.913    31.3592     5.9992     39.000     5.9949    24.6773     6.7457     9.6403     95.308    294.009    301.264   -0.02195    7.07783   10.11494  308.48351   15.88503 6.0509e-01     0.1481     1.3940    70.5740 0.0000e+00
        606 175.557053    0.04204     2.5227    151.359     40.381  50223.068    31.3566     5.9950     40.000     5.9879    24.6758     6.7164     9.5985     94.883    292.732    299.956   -0.01792    7.07868   10.11613  308.52060   15.88681 5.6241e-01     0.1445     1.4093    70.3052 0.0000e+00
        611 175.557067    0.04238     2.5426    152.554     41.390  50228.892    31.3585     5.9864     41.000     5.9816    24.6783     6.7118     9.5918     94.799    292.529    299.748   -0.01348    7.08001   10.11803  308.57785   15.88953 5.1642e-01     0.1403     1.4292    69.9552 0.0000e+00
        616 175.557080    0.04271     2.5626    153.757     42.401  50229.360    31.3577     5.9831     42.000     5.9769    24.6780     6.7062     9.5838     94.712    292.285    299.498   -0.01010    7.08060   10.11888  308.60379   15.89077 4.6444e-01     0.1282     1.4279    69.9787 0.0000e+00
        621 175.557094    0.04304     2.5825    154.952     43.411  50227.630    31.3539     5.9719     43.000     5.9623    24.6763     6.6940     9.5663     94.512    291.753    298.952   -0.00841    7.08265   10.12182  308.69377   15.89507 4.6824e-01     0.1200     1.5132    68.5185 0.0000e+00
        626 175.557108    0.04337     2.6024    156.144     44.420  50241.096    31.3604     5.9606     44.000     5.9560    24.6829     6.6819     9.5489     94.319    291.222    298.409   -0.00701    7.08422   10.12406  308.76027   15.89822 4.2088e-01     0.1358     1.7046    65.3007 0.0000e+00
        630 175.557122    0.04371     2.6226    157.358     45.429  50242.105    31.3602     5.9582     45.000     5.9534    24.6830     6.6530     9.5078     93.907    289.965    297.123   -0.00713    7.08462   10.12464  308.77784   15.89905 3.8065e-01     0.1285     1.8119    63.5748 0.0000e+00
        635 175.557136    0.04405     2.6431    158.588     46.439  50240.841    31.3580     5.9533     46.000     5.9465    24.6818     6.6253     9.4683     93.505    288.762    295.890   -0.00717    7.08556   10.12597  308.81884   15.90102 3.5136e-01     0.1299     2.0523    59.8704 0.0000e+00
        640 175.557151    0.04440     2.6641    159.848     47.449  50247.600    31.3610     5.9476     47.000     5.9434    24.6849     6.6040     9.4378     93.193    287.831    294.936   -0.00667    7.08637   10.12713  308.85316   15.90264 3.3180e-01     0.1215     2.1929    57.7933 0.0000e+00
        645 175.557165    0.04475     2.6851    161.103     48.459  50249.164    31.3615     5.9468     48.000     5.9429    24.6853     6.5685     9.3871     92.691    286.284    293.350   -0.00732    7.08646   10.12726  308.85716   15.90283 3.1930e-01     0.1273     2.2269    57.3070 0.0000e+00
        650 175.557180    0.04510     2.7062    162.371     49.467  50249.527    31.3612     5.9464     49.000     5.9423    24.6852     6.5521     9.3636     92.458    285.566    292.616   -0.00643    7.08655   10.12739  308.86112   15.90302 2.7170e-01     0.1215     2.2323    57.2313 0.0000e+00
        656 175.557195    0.04546     2.7277    163.660     50.479  50250.360    31.3612     5.9459     50.000     5.9420    24.6852     6.5368     9.3417     92.242    284.901    291.934   -0.00569    7.08663   10.12751  308.86480   15.90319 2.8023e-01     0.1374     2.2379    57.1507 0.0000e+00
        661 175.557210    0.04581     2.7488    164.927     51.490  50251.036    31.3612     5.9464     51.000     5.9424    24.6853     6.5302     9.3323     92.149    284.612    291.638   -0.00451    7.08656   10.12741  308.86166   15.90304 2.8929e-01     0.1217     2.2340    57.2066 0.0000e+00
        666 175.557224    0.04615     2.7691    166.144     52.497  50251.280    31.3610     5.9465     52.000     5.9422    24.6850     6.5306     9.3328     92.154    284.629    291.655   -0.00334    7.08655   10.12738  308.86095   15.90301 2.8475e-01     0.1267     2.2447    57.0549 0.0000e+00
        670 175.557238    0.04649     2.7892    167.353     53.507  50251.775    31.3608     5.9462     53.000     5.9419    24.6849     6.5283     9.3297     92.123    284.532    291.556   -0.00252    7.08660   10.12746  308.86329   15.90312 2.8600e-01     0.1560     2.2479    57.0083 0.0000e+00
