CTD-processing/allCTD/CNV/2022_03-21_ab_s09_cast105_4141.cnv
* Sea-Bird SBE19plus Data File:
* FileName = C:\GWA\CTD\2022_03-21_AB\2022_03-21_AB_S0_cast105.hex
* Software Version 1.59
* Temperature SN =  4141
* Conductivity SN =  4141
* System UpLoad Time = Mar 23 2022 12:33:08
** Cook Inlet LTM AB
** Date: 03-21-2022
** Station:S09
** Start Time (AKDT):15:32
** Depth (m):69
** Comment:
** Comment:
# nquan = 27
# nvalues = 64                          
# units = specified
# name 0 = scan: Scan Count
# name 1 = timeJ: Julian Days
# name 2 = timeH: Time, Elapsed [hours]
# name 3 = timeM: Time, Elapsed [minutes]
# name 4 = timeS: Time, Elapsed [seconds]
# name 5 = prdM: Pressure, Strain Gauge [db]
# name 6 = specc: Specific Conductance [uS/cm]
# name 7 = sal00: Salinity, Practical [PSU]
# name 8 = tv290C: Temperature [ITS-90, deg C]
# name 9 = depSM: Depth [salt water, m], lat = 59.00
# name 10 = potemp090C: Potential Temperature [ITS-90, deg C]
# name 11 = sigma-é00: Density [sigma-theta, kg/m^3]
# name 12 = sbeox0ML/L: Oxygen, SBE 43 [ml/l]
# name 13 = sbeox0Mg/L: Oxygen, SBE 43 [mg/l]
# name 14 = sbeox0PS: Oxygen, SBE 43 [% saturation]
# name 15 = sbox0Mm/Kg: Oxygen, SBE 43 [umol/kg]
# name 16 = sbeox0Mm/L: Oxygen, SBE 43 [umol/l]
# name 17 = sbox0dV/dT: Oxygen, SBE 43 [dov/dt]
# name 18 = oxsolML/L: Oxygen Saturation, Garcia & Gordon [ml/l]
# name 19 = oxsolMg/L: Oxygen Saturation, Garcia & Gordon [mg/l]
# name 20 = oxsolMm/Kg: Oxygen Saturation, Garcia & Gordon [umol/kg]
# name 21 = n2satMg/L: Nitrogen Saturation [mg/l]
# name 22 = par: PAR/Irradiance, Biospherical/Licor
# name 23 = wetStar: Fluorescence, WET Labs WETstar [mg/m^3]
# name 24 = CStarAt0: Beam Attenuation, WET Labs C-Star [1/m]
# name 25 = CStarTr0: Beam Transmission, WET Labs C-Star [%]
# name 26 = flag: flag
# span 0 =        271,        579       
# span 1 =  80.647889,  80.648780       
# span 2 =    0.01877,    0.04017       
# span 3 =     1.1264,     2.4100       
# span 4 =     67.584,    144.597       
# span 5 =      1.011,     64.468       
# span 6 =  50962.900,  51152.101       
# span 7 =    31.3112,    31.4312       
# span 8 =     3.3367,     3.5429       
# span 9 =      1.000,     64.000       
# span 10 =     3.3368,     3.5396      
# span 11 =    24.9061,    24.9976      
# span 12 =     7.1335,     7.2581      
# span 13 =    10.1946,    10.3725      
# span 14 =     95.034,     96.334      
# span 15 =    310.820,    316.253      
# span 16 =    318.584,    324.147      
# span 17 =   -0.00148,    0.02697      
# span 18 =    7.50570,    7.54703      
# span 19 =   10.72640,   10.78547      
# span 20 =  327.03487,  328.84670      
# span 21 =   16.76755,   16.85391      
# span 22 = 3.6803e-02, 4.2152e+02      
# span 23 =     0.1258,     0.6736      
# span 24 =     0.6427,     1.1833      
# span 25 =    74.3929,    85.1576      
# span 26 = 0.0000e+00, 0.0000e+00      
# interval = meters: 1                  
# start_time = Mar 21 2022 15:31:50 [Instrument's time stamp, header]
# bad_flag = -9.990e-29
*END*
        271  80.647889    0.01877     1.1264     67.584      1.011  50985.838    31.3408     3.4664      1.000     3.4686    24.9253     7.2384    10.3444     96.206    315.404    323.266    0.02697    7.52383   10.75231  327.84278   16.80625 4.1758e+02     0.1258     0.6448    85.1118 0.0000e+00
        277  80.647904    0.01914     1.1484     68.904      2.021  50967.513    31.3278     3.4663      2.000     3.4561    24.9150     7.2415    10.3487     96.238    315.542    323.403    0.01938    7.52451   10.75327  327.87543   16.80786 4.2152e+02     0.1264     0.6427    85.1576 0.0000e+00
        281  80.647918    0.01947     1.1684     70.104      3.028  50989.498    31.3359     3.4412      3.000     3.4384    24.9236     7.2411    10.3482     96.179    315.524    323.387    0.01392    7.52877   10.75937  328.05856   16.81653 2.9431e+02     0.1262     0.6516    84.9682 0.0000e+00
        286  80.647931    0.01978     1.1869     71.213      4.036  50962.900    31.3112     3.4166      4.000     3.3864    24.9061     7.2455    10.3545     96.163    315.720    323.584    0.01037    7.53458   10.76767  328.31725   16.82892 2.3077e+02     0.1369     0.6549    84.8978 0.0000e+00
        291  80.647945    0.02011     1.2068     72.406      5.053  51031.478    31.3404     3.3500      5.000     3.3396    24.9352     7.2451    10.3540     96.019    315.695    323.567    0.00683    7.54548   10.78325  328.78304   16.85094 1.8683e+02     0.1482     0.6625    84.7358 0.0000e+00
        295  80.647957    0.02042     1.2248     73.487      6.052  51056.679    31.3540     3.3380      6.000     3.3368    24.9471     7.2435    10.3517     95.978    315.621    323.495    0.00490    7.54703   10.78547  328.84670   16.85391 1.4783e+02     0.1824     0.6721    84.5336 0.0000e+00
        300  80.647971    0.02075     1.2451     74.705      7.073  51064.837    31.3587     3.3367      7.000     3.3371    24.9509     7.2480    10.3582     96.039    315.817    323.698    0.00380    7.54703   10.78546  328.84539   16.85382 1.1783e+02     0.2308     0.6695    84.5887 0.0000e+00
        304  80.647983    0.02104     1.2627     75.762      8.070  51091.243    31.3780     3.3445      8.000     3.3541    24.9657     7.2525    10.3645     96.129    316.008    323.897    0.00331    7.54459   10.78198  328.73445   16.84848 9.4849e+01     0.2599     0.6783    84.4011 0.0000e+00
        309  80.647998    0.02139     1.2836     77.016      9.088  51079.772    31.3755     3.3674      9.000     3.3721    24.9617     7.2581    10.3725     96.256    316.253    324.147    0.00293    7.54045   10.77606  328.55552   16.83999 7.6479e+01     0.3171     0.6792    84.3841 0.0000e+00
        314  80.648011    0.02172     1.3032     78.192     10.091  51084.432    31.3819     3.3820     10.000     3.3891    24.9654     7.2528    10.3651     96.224    316.022    323.912    0.00207    7.53741   10.77172  328.42165   16.83360 6.2839e+01     0.4047     0.6873    84.2130 0.0000e+00
        319  80.648027    0.02207     1.3247     79.482     11.110  51069.039    31.3750     3.3984     11.000     3.3986    24.9585     7.2553    10.3686     96.291    316.132    324.023    0.00169    7.53471   10.76786  328.30638   16.82815 5.0286e+01     0.4848     0.6972    84.0061 0.0000e+00
        324  80.648040    0.02240     1.3443     80.656     12.110  51073.753    31.3783     3.4006     12.000     3.4031    24.9610     7.2494    10.3602     96.221    315.875    323.760    0.00091    7.53414   10.76704  328.28052   16.82691 4.1686e+01     0.5068     0.6943    84.0654 0.0000e+00
        329  80.648056    0.02278     1.3669     82.017     13.127  51078.750    31.3842     3.4128     13.000     3.4182    24.9646     7.2505    10.3617     96.268    315.920    323.807    0.00081    7.53158   10.76339  328.16798   16.82154 3.3762e+01     0.6288     0.7062    83.8151 0.0000e+00
        334  80.648071    0.02314     1.3884     83.304     14.132  51069.591    31.3808     3.4260     14.000     3.4269    24.9607     7.2518    10.3635     96.314    315.976    323.863    0.00083    7.52929   10.76011  328.06931   16.81686 2.7877e+01     0.6712     0.7098    83.7408 0.0000e+00
        340  80.648086    0.02351     1.4106     84.633     15.141  51066.635    31.3789     3.4286     15.000     3.4282    24.9591     7.2370    10.3424     96.123    315.335    323.205   -0.00057    7.52890   10.75955  328.05267   16.81608 2.2504e+01     0.6414     0.7214    83.4985 0.0000e+00
        345  80.648101    0.02386     1.4316     85.897     16.153  51067.594    31.3794     3.4299     16.000     3.4296    24.9593     7.2526    10.3648     96.334    316.015    323.903    0.00066    7.52864   10.75917  328.04116   16.81553 1.8716e+01     0.6477     0.7122    83.6905 0.0000e+00
        350  80.648115    0.02421     1.4526     87.155     17.157  51066.575    31.3784     3.4311     17.000     3.4299    24.9585     7.2392    10.3455     96.157    315.429    323.301   -0.00051    7.52846   10.75892  328.03384   16.81518 1.5303e+01     0.6736     0.7174    83.5815 0.0000e+00
        355  80.648132    0.02460     1.4761     88.567     18.174  51068.611    31.3793     3.4308     18.000     3.4299    24.9591     7.2427    10.3505     96.203    315.582    323.458   -0.00016    7.52848   10.75894  328.03406   16.81520 1.2606e+01     0.6283     0.7100    83.7370 0.0000e+00
        360  80.648146    0.02496     1.4978     89.870     19.183  51069.315    31.3793     3.4310     19.000     3.4302    24.9591     7.2450    10.3538     96.235    315.681    323.560    0.00003    7.52844   10.75889  328.03256   16.81512 1.0365e+01     0.6276     0.7111    83.7116 0.0000e+00
        365  80.648161    0.02529     1.5174     91.045     20.187  51077.991    31.3855     3.4343     20.000     3.4357    24.9637     7.2461    10.3553     96.262    315.728    323.610    0.00000    7.52750   10.75755  327.99040   16.81309 8.5793e+00     0.6335     0.7191    83.5464 0.0000e+00
        370  80.648174    0.02563     1.5378     92.268     21.198  51080.586    31.3882     3.4404     21.000     3.4420    24.9654     7.2440    10.3524     96.250    315.638    323.518   -0.00006    7.52624   10.75575  327.93471   16.81043 7.0447e+00     0.6101     0.7215    83.4964 0.0000e+00
        375  80.648189    0.02598     1.5590     93.541     22.214  51070.886    31.3817     3.4426     22.000     3.4369    24.9601     7.2459    10.3552     96.277    315.724    323.605    0.00007    7.52616   10.75563  327.93302   16.81039 5.8423e+00     0.5826     0.7246    83.4303 0.0000e+00
        380  80.648202    0.02630     1.5780     94.677     23.214  51079.187    31.3845     3.4334     23.000     3.4299    24.9631     7.2307    10.3335     96.054    315.059    322.925   -0.00104    7.52773   10.75789  328.00061   16.81359 4.8155e+00     0.5832     0.7462    82.9825 0.0000e+00
        385  80.648216    0.02663     1.5979     95.875     24.234  51083.845    31.3861     3.4292     24.000     3.4274    24.9648     7.2291    10.3310     96.023    314.985    322.849   -0.00107    7.52842   10.75887  328.03007   16.81498 3.9651e+00     0.5307     0.7445    83.0173 0.0000e+00
        389  80.648229    0.02693     1.6161     96.966     25.234  51085.684    31.3867     3.4289     25.000     3.4277    24.9653     7.2229    10.3222     95.941    314.716    322.573   -0.00117    7.52844   10.75889  328.03067   16.81500 3.2783e+00     0.5042     0.7503    82.8975 0.0000e+00
        394  80.648243    0.02727     1.6362     98.169     26.251  51085.085    31.3859     3.4292     26.000     3.4270    24.9645     7.2194    10.3173     95.896    314.567    322.420   -0.00120    7.52843   10.75889  328.03070   16.81501 2.6862e+00     0.5008     0.7480    82.9441 0.0000e+00
        398  80.648256    0.02760     1.6560     99.359     27.254  51086.243    31.3857     3.4273     27.000     3.4251    24.9646     7.2217    10.3206     95.921    314.666    322.522   -0.00083    7.52879   10.75939  328.04622   16.81575 2.2368e+00     0.5271     0.7399    83.1121 0.0000e+00
        403  80.648271    0.02795     1.6769    100.615     28.272  51088.454    31.3864     3.4261     28.000     3.4244    24.9653     7.2193    10.3171     95.887    314.560    322.413   -0.00076    7.52899   10.75967  328.05443   16.81613 1.8392e+00     0.5086     0.7449    83.0096 0.0000e+00
        408  80.648283    0.02824     1.6945    101.671     29.272  51088.466    31.3859     3.4262     29.000     3.4240    24.9649     7.2203    10.3186     95.901    314.606    322.461   -0.00067    7.52899   10.75968  328.05504   16.81616 1.5360e+00     0.5006     0.7442    83.0232 0.0000e+00
        413  80.648298    0.02859     1.7154    102.923     30.288  51090.615    31.3865     3.4248     30.000     3.4234    24.9654     7.2209    10.3194     95.904    314.629    322.484   -0.00044    7.52924   10.76003  328.06541   16.81666 1.2580e+00     0.4931     0.7445    83.0171 0.0000e+00
        417  80.648311    0.02892     1.7349    104.092     31.294  51090.397    31.3860     3.4256     31.000     3.4239    24.9651     7.2204    10.3187     95.900    314.609    322.464   -0.00048    7.52910   10.75983  328.05948   16.81637 1.0510e+00     0.4942     0.7365    83.1844 0.0000e+00
        422  80.648325    0.02924     1.7546    105.273     32.306  51090.621    31.3858     3.4262     32.000     3.4240    24.9648     7.2238    10.3235     95.946    314.756    322.614   -0.00017    7.52900   10.75969  328.05528   16.81617 8.6768e-01     0.4952     0.7447    83.0115 0.0000e+00
        427  80.648338    0.02955     1.7732    106.392     33.310  51093.101    31.3867     3.4252     33.000     3.4237    24.9656     7.2246    10.3246     95.954    314.789    322.648   -0.00016    7.52913   10.75989  328.06097   16.81644 7.2421e-01     0.4983     0.7446    83.0137 0.0000e+00
        432  80.648353    0.02991     1.7947    107.684     34.333  51093.379    31.3868     3.4270     34.000     3.4257    24.9656     7.2242    10.3241     95.953    314.773    322.632   -0.00017    7.52880   10.75940  328.04619   16.81574 5.9703e-01     0.4779     0.7418    83.0724 0.0000e+00
        436  80.648365    0.03022     1.8131    108.787     35.329  51093.272    31.3865     3.4280     35.000     3.4257    24.9653     7.2275    10.3289     96.000    314.919    322.781    0.00001    7.52864   10.75917  328.03925   16.81541 5.0042e-01     0.4966     0.7457    82.9911 0.0000e+00
        441  80.648381    0.03059     1.8353    110.120     36.346  51091.281    31.3842     3.4262     36.000     3.4222    24.9636     7.2252    10.3255     95.964    314.817    322.676   -0.00014    7.52908   10.75980  328.05894   16.81636 4.1417e-01     0.4783     0.7469    82.9669 0.0000e+00
        447  80.648396    0.03094     1.8564    111.381     37.354  51097.478    31.3873     3.4240     37.000     3.4224    24.9663     7.2194    10.3173     95.884    314.565    322.419   -0.00060    7.52933   10.76017  328.06943   16.81684 3.4791e-01     0.5006     0.7467    82.9708 0.0000e+00
        451  80.648410    0.03128     1.8770    112.619     38.358  51098.255    31.3878     3.4257     38.000     3.4236    24.9665     7.2198    10.3179     95.894    314.585    322.439   -0.00038    7.52899   10.75969  328.05450   16.81613 2.8919e-01     0.4904     0.7622    82.6500 0.0000e+00
        457  80.648425    0.03165     1.8990    113.943     39.371  51100.063    31.3887     3.4267     39.000     3.4258    24.9671     7.2198    10.3179     95.898    314.585    322.440   -0.00038    7.52875   10.75935  328.04393   16.81562 2.4230e-01     0.4695     0.7608    82.6808 0.0000e+00
        463  80.648442    0.03205     1.9230    115.383     40.387  51103.065    31.3914     3.4315     40.000     3.4312    24.9689     7.2178    10.3150     95.883    314.495    322.348   -0.00036    7.52772   10.75786  327.99797   16.81343 2.0457e-01     0.4869     0.7679    82.5325 0.0000e+00
        467  80.648455    0.03237     1.9423    116.540     41.386  51099.235    31.3890     3.4343     41.000     3.4319    24.9668     7.2235    10.3232     95.964    314.745    322.602    0.00002    7.52734   10.75732  327.98239   16.81269 1.7221e-01     0.4452     0.7807    82.2694 0.0000e+00
        472  80.648470    0.03273     1.9639    117.834     42.408  51100.158    31.3892     3.4345     42.000     3.4331    24.9668     7.2180    10.3152     95.891    314.502    322.354   -0.00034    7.52728   10.75724  327.97971   16.81257 1.4558e-01     0.4206     0.7795    82.2942 0.0000e+00
        477  80.648483    0.03304     1.9824    118.945     43.406  51113.895    31.4000     3.4424     43.000     3.4462    24.9748     7.2126    10.3075     95.845    314.266    322.115   -0.00056    7.52527   10.75436  327.88956   16.80825 1.2492e-01     0.4571     0.7912    82.0532 0.0000e+00
        482  80.648498    0.03340     2.0042    120.253     44.430  51152.101    31.4312     3.4654     44.000     3.4891    24.9976     7.2131    10.3082     95.927    314.281    322.137   -0.00007    7.51941   10.74598  327.62686   16.79564 1.0786e-01     0.4252     0.8218    81.4283 0.0000e+00
        486  80.648511    0.03369     2.0217    121.304     45.425  51115.323    31.4170     3.5108     45.000     3.5161    24.9823     7.2147    10.3106     96.046    314.357    322.210    0.00049    7.51172   10.73500  327.29672   16.78000 9.2566e-02     0.4066     0.9005    79.8418 0.0000e+00
        491  80.648525    0.03406     2.0435    122.610     46.446  51099.218    31.4088     3.5236     46.000     3.5211    24.9746     7.2080    10.3010     95.981    314.065    321.908    0.00006    7.50977   10.73222  327.21435   16.77612 8.0441e-02     0.3716     0.9216    79.4211 0.0000e+00
        496  80.648538    0.03436     2.0615    123.687     47.444  51101.841    31.4103     3.5245     47.000     3.5228    24.9757     7.1945    10.2816     95.805    313.477    321.306   -0.00084    7.50953   10.73187  327.20352   16.77560 7.1346e-02     0.3231     0.9407    79.0428 0.0000e+00
        501  80.648553    0.03472     2.0833    125.001     48.468  51103.486    31.4117     3.5278     48.000     3.5255    24.9766     7.1824    10.2643     95.652    312.949    320.765   -0.00145    7.50886   10.73091  327.17409   16.77419 6.3957e-02     0.3149     0.9491    78.8790 0.0000e+00
        505  80.648566    0.03502     2.1014    126.087     49.464  51105.049    31.4126     3.5291     49.000     3.5270    24.9771     7.1824    10.2643     95.656    312.947    320.764   -0.00110    7.50856   10.73049  327.16093   16.77356 5.8441e-02     0.3160     0.9739    78.3903 0.0000e+00
        510  80.648580    0.03538     2.1229    127.374     50.483  51105.616    31.4129     3.5309     50.000     3.5283    24.9772     7.1726    10.2503     95.530    312.522    320.328   -0.00148    7.50820   10.72998  327.14533   16.77283 5.4074e-02     0.3096     0.9835    78.2026 0.0000e+00
        515  80.648594    0.03568     2.1412    128.473     51.482  51116.107    31.4201     3.5334     51.000     3.5340    24.9828     7.1702    10.2470     95.510    312.419    320.224   -0.00125    7.50738   10.72881  327.10791   16.77101 4.9372e-02     0.2974     1.0039    77.8037 0.0000e+00
        520  80.648609    0.03607     2.1640    129.840     52.505  51112.296    31.4192     3.5421     52.000     3.5391    24.9812     7.1687    10.2449     95.509    312.353    320.156   -0.00096    7.50583   10.72660  327.04086   16.76783 4.4711e-02     0.3082     1.0686    76.5578 0.0000e+00
        525  80.648622    0.03638     2.1826    130.957     53.503  51113.599    31.4195     3.5420     53.000     3.5393    24.9815     7.1652    10.2397     95.461    312.196    319.996   -0.00098    7.50582   10.72658  327.04015   16.76779 4.4539e-02     0.2984     1.1056    75.8525 0.0000e+00
