CTD-processing/allCTD/CNV/2022_03-01_t4_s05_cast083_4141.cnv
* Sea-Bird SBE19plus Data File:
* FileName = C:\Users\steve\Desktop\GWA\CTD\2022_03-01_T4\2022_03-01_T4_S0_cast083.hex
* Software Version 1.59
* Temperature SN =  4141
* Conductivity SN =  4141
* System UpLoad Time = Mar 03 2022 15:09:45
** Cook Inlet LTM T4
** Date: 03-01-2022
** Station:S05
** Start Time (AKST):12:20
** Depth (m):82
** Comment:
** Comment:
# nquan = 27
# nvalues = 74                          
# units = specified
# name 0 = scan: Scan Count
# name 1 = timeJ: Julian Days
# name 2 = timeH: Time, Elapsed [hours]
# name 3 = timeM: Time, Elapsed [minutes]
# name 4 = timeS: Time, Elapsed [seconds]
# name 5 = prdM: Pressure, Strain Gauge [db]
# name 6 = specc: Specific Conductance [uS/cm]
# name 7 = sal00: Salinity, Practical [PSU]
# name 8 = tv290C: Temperature [ITS-90, deg C]
# name 9 = depSM: Depth [salt water, m], lat = 59.00
# name 10 = potemp090C: Potential Temperature [ITS-90, deg C]
# name 11 = sigma-é00: Density [sigma-theta, kg/m^3]
# name 12 = sbeox0ML/L: Oxygen, SBE 43 [ml/l]
# name 13 = sbeox0Mg/L: Oxygen, SBE 43 [mg/l]
# name 14 = sbeox0PS: Oxygen, SBE 43 [% saturation]
# name 15 = sbox0Mm/Kg: Oxygen, SBE 43 [umol/kg]
# name 16 = sbeox0Mm/L: Oxygen, SBE 43 [umol/l]
# name 17 = sbox0dV/dT: Oxygen, SBE 43 [dov/dt]
# name 18 = oxsolML/L: Oxygen Saturation, Garcia & Gordon [ml/l]
# name 19 = oxsolMg/L: Oxygen Saturation, Garcia & Gordon [mg/l]
# name 20 = oxsolMm/Kg: Oxygen Saturation, Garcia & Gordon [umol/kg]
# name 21 = n2satMg/L: Nitrogen Saturation [mg/l]
# name 22 = par: PAR/Irradiance, Biospherical/Licor
# name 23 = wetStar: Fluorescence, WET Labs WETstar [mg/m^3]
# name 24 = CStarAt0: Beam Attenuation, WET Labs C-Star [1/m]
# name 25 = CStarTr0: Beam Transmission, WET Labs C-Star [%]
# name 26 = flag: flag
# span 0 =        261,        619       
# span 1 =  60.514781,  60.515817       
# span 2 =    0.01809,    0.04295       
# span 3 =     1.0853,     2.5770       
# span 4 =     65.121,    154.617       
# span 5 =      1.007,     74.688       
# span 6 =  50907.236,  51352.962       
# span 7 =    31.4607,    31.5986       
# span 8 =     3.6512,     4.1923       
# span 9 =      1.000,     74.000       
# span 10 =     3.6467,     4.1907      
# span 11 =    24.9538,    25.1143      
# span 12 =     4.5115,     7.2499      
# span 13 =     6.4474,    10.3607      
# span 14 =     61.078,     98.040      
# span 15 =    196.577,    315.872      
# span 16 =    201.484,    323.777      
# span 17 =   -0.23942,    0.01022      
# span 18 =    7.38204,    7.47663      
# span 19 =   10.54966,   10.68484      
# span 20 =  321.63888,  325.72620      
# span 21 =   16.51056,   16.70463      
# span 22 = 6.2169e-02, 1.8535e+02      
# span 23 =     0.1497,     0.5623      
# span 24 =     0.3018,     0.7536      
# span 25 =    82.8292,    92.7316      
# span 26 = 0.0000e+00, 0.0000e+00      
# interval = meters: 1                  
# start_time = Mar 01 2022 12:20:12 [Instrument's time stamp, header]
# bad_flag = -9.990e-29
*END*
        261  60.514781    0.01809     1.0853     65.121      1.007  50907.236    31.4607     4.1858      1.000     4.1758    24.9538     4.5115     6.4474     61.078    196.577    201.484   -0.23942    7.38650   10.55605  321.84967   16.52085 4.9459e+01     0.1521     0.3443    92.0110 0.0000e+00
        267  60.514797    0.01847     1.1082     66.495      2.023  50928.334    31.4690     4.1621      2.000     4.1577    24.9627     6.6788     9.5448     90.372    291.012    298.276   -0.02007    7.39034   10.56155  322.01444   16.52865 5.8608e+01     0.1497     0.3196    92.3415 0.0000e+00
        272  60.514811    0.01880     1.1279     67.673      3.028  50939.878    31.4746     4.1543      3.000     4.1530    24.9680     6.9488     9.9305     94.010    302.772    310.332    0.00349    7.39147   10.56314  322.06162   16.53088 7.2451e+01     0.1497     0.3209    92.2906 0.0000e+00
        277  60.514825    0.01914     1.1483     68.897      4.039  50947.640    31.4791     4.1527      4.000     4.1530    24.9716     7.0591    10.0883     95.504    307.582    315.262    0.01003    7.39153   10.56324  322.06332   16.53093 1.8535e+02     0.1576     0.3209    92.2913 0.0000e+00
        281  60.514839    0.01946     1.1675     70.052      5.046  50951.586    31.4816     4.1544      5.000     4.1548    24.9735     7.1013    10.1485     96.080    309.420    317.147    0.01022    7.39112   10.56264  322.04454   16.53004 1.7633e+02     0.1660     0.3211    92.2863 0.0000e+00
        286  60.514852    0.01979     1.1874     71.242      6.059  50959.274    31.4871     4.1578      6.000     4.1598    24.9776     7.1329    10.1936     96.518    310.792    318.555    0.00959    7.39022   10.56136  322.00433   16.52810 1.4547e+02     0.1621     0.3207    92.2962 0.0000e+00
        290  60.514865    0.02009     1.2056     72.335      7.064  50960.678    31.4887     4.1623      7.000     4.1633    24.9783     7.1484    10.2158     96.739    311.467    319.247    0.00829    7.38933   10.56009  321.96521   16.52624 1.2337e+02     0.1746     0.3217    92.2721 0.0000e+00
        295  60.514879    0.02043     1.2257     73.540      8.077  50960.785    31.4889     4.1653      8.000     4.1652    24.9782     7.1703    10.2472     97.043    312.422    320.226    0.00739    7.38878   10.55931  321.94145   16.52510 1.1603e+02     0.1796     0.3218    92.2688 0.0000e+00
        300  60.514892    0.02075     1.2449     74.694      9.088  50961.258    31.4890     4.1665      9.000     4.1664    24.9783     7.1613    10.2342     96.925    312.030    319.824    0.00511    7.38856   10.55898  321.93160   16.52464 9.6315e+01     0.1931     0.3200    92.3123 0.0000e+00
        304  60.514905    0.02104     1.2624     75.744     10.090  50977.684    31.5004     4.1694     10.000     4.1745    24.9870     7.1720    10.2495     97.083    312.493    320.301    0.00433    7.38748   10.55745  321.88201   16.52223 8.7006e+01     0.2251     0.3200    92.3107 0.0000e+00
        309  60.514919    0.02140     1.2840     77.038     11.108  50984.465    31.5086     4.1867     11.000     4.1893    24.9918     7.1843    10.2671     97.296    313.028    320.851    0.00413    7.38395   10.55241  321.72691   16.51482 7.6763e+01     0.2282     0.3190    92.3344 0.0000e+00
        314  60.514933    0.02172     1.3029     78.177     12.114  50979.001    31.5052     4.1904     12.000     4.1890    24.9888     7.1833    10.2657     97.289    312.987    320.808    0.00302    7.38347   10.55172  321.70671   16.51387 6.6797e+01     0.2659     0.3190    92.3353 0.0000e+00
        318  60.514946    0.02204     1.3228     79.365     13.122  50983.277    31.5074     4.1892     13.000     4.1879    24.9906     7.1850    10.2680     97.310    313.057    320.880    0.00224    7.38356   10.55184  321.71016   16.51403 6.0138e+01     0.3117     0.3196    92.3204 0.0000e+00
        324  60.514961    0.02240     1.3439     80.635     14.132  50992.061    31.5126     4.1883     14.000     4.1873    24.9949     7.1913    10.2771     97.397    313.333    321.166    0.00193    7.38347   10.55172  321.70490   16.51376 5.2405e+01     0.3380     0.3161    92.4028 0.0000e+00
        328  60.514975    0.02274     1.3642     81.850     15.141  50995.895    31.5148     4.1885     15.000     4.1875    24.9965     7.2017    10.2919     97.540    313.783    321.626    0.00205    7.38333   10.55151  321.69800   16.51342 4.6702e+01     0.4001     0.3145    92.4377 0.0000e+00
        334  60.514990    0.02309     1.3855     83.132     16.157  50995.193    31.5137     4.1883     16.000     4.1874    24.9958     7.2124    10.3072     97.684    314.251    322.106    0.00204    7.38342   10.55163  321.70206   16.51362 4.3473e+01     0.4296     0.3123    92.4888 0.0000e+00
        338  60.515002    0.02338     1.4028     84.170     17.158  51002.491    31.5184     4.1891     17.000     4.1884    24.9994     7.2176    10.3146     97.759    314.474    322.336    0.00194    7.38303   10.55110  321.68446   16.51276 3.7862e+01     0.4696     0.3118    92.5000 0.0000e+00
        343  60.515016    0.02372     1.4233     85.397     18.170  51001.711    31.5175     4.1896     18.000     4.1884    24.9986     7.2194    10.3172     97.785    314.555    322.418    0.00148    7.38299   10.55103  321.68271   16.51268 3.4276e+01     0.4933     0.3108    92.5238 0.0000e+00
        348  60.515031    0.02408     1.4445     86.672     19.186  51001.900    31.5171     4.1897     19.000     4.1883    24.9983     7.2236    10.3233     97.841    314.739    322.606    0.00122    7.38300   10.55105  321.68334   16.51271 3.0676e+01     0.5161     0.3144    92.4416 0.0000e+00
        352  60.515043    0.02436     1.4615     87.692     20.184  51002.764    31.5172     4.1896     20.000     4.1885    24.9984     7.2206    10.3189     97.799    314.605    322.470    0.00076    7.38302   10.55106  321.68383   16.51273 2.7704e+01     0.5371     0.3106    92.5289 0.0000e+00
        357  60.515058    0.02472     1.4831     88.987     21.200  51014.956    31.5253     4.1911     21.000     4.1906    25.0047     7.2273    10.3286     97.900    314.898    322.772    0.00089    7.38234   10.55009  321.65223   16.51120 2.4608e+01     0.5578     0.3088    92.5707 0.0000e+00
        362  60.515072    0.02506     1.5038     90.227     22.210  51017.459    31.5269     4.1923     22.000     4.1907    25.0058     7.2314    10.3344     97.959    315.074    322.953    0.00091    7.38204   10.54966  321.63888   16.51056 2.1789e+01     0.5623     0.3074    92.6029 0.0000e+00
        367  60.515086    0.02540     1.5238     91.430     23.216  51019.854    31.5278     4.1918     23.000     4.1898    25.0067     7.2278    10.3293     97.910    314.919    322.795    0.00036    7.38209   10.54974  321.64080   16.51064 1.9843e+01     0.5563     0.3056    92.6437 0.0000e+00
        372  60.515102    0.02577     1.5467     92.804     24.229  51023.582    31.5296     4.1905     24.000     4.1883    25.0082     7.2336    10.3375     97.986    315.169    323.051    0.00058    7.38224   10.54996  321.64704   16.51094 1.7592e+01     0.5404     0.3040    92.6823 0.0000e+00
        377  60.515117    0.02613     1.5680     94.080     25.238  51026.685    31.5309     4.1892     25.000     4.1870    25.0094     7.2278    10.3293     97.906    314.918    322.794   -0.00007    7.38240   10.55019  321.65366   16.51125 1.5694e+01     0.5580     0.3059    92.6375 0.0000e+00
        383  60.515132    0.02650     1.5901     95.408     26.245  51030.397    31.5325     4.1872     26.000     4.1851    25.0108     7.2341    10.3383     97.988    315.194    323.077    0.00028    7.38268   10.55058  321.66524   16.51179 1.4118e+01     0.5223     0.3018    92.7316 0.0000e+00
        388  60.515148    0.02688     1.6130     96.781     27.260  51032.495    31.5332     4.1867     27.000     4.1841    25.0116     7.2364    10.3416     98.019    315.294    323.180    0.00027    7.38274   10.55067  321.66743   16.51189 1.2568e+01     0.5057     0.3022    92.7238 0.0000e+00
        393  60.515162    0.02721     1.6327     97.961     28.262  51031.638    31.5312     4.1828     28.000     4.1757    25.0103     7.2388    10.3450     98.040    315.398    323.286    0.00027    7.38353   10.55180  321.70234   16.51356 1.1318e+01     0.5374     0.3023    92.7204 0.0000e+00
        398  60.515178    0.02760     1.6558     99.346     29.280  51045.206    31.5366     4.1682     29.000     4.1644    25.0160     7.2370    10.3424     97.985    315.317    323.205   -0.00014    7.38588   10.55515  321.80304   16.51833 1.0094e+01     0.5318     0.3047    92.6643 0.0000e+00
        403  60.515191    0.02792     1.6751    100.505     30.286  51050.489    31.5392     4.1661     30.000     4.1633    25.0183     7.2328    10.3364     97.924    315.133    323.017   -0.00050    7.38613   10.55552  321.81348   16.51881 9.0555e+00     0.5151     0.3030    92.7036 0.0000e+00
        407  60.515204    0.02822     1.6933    101.597     31.292  51053.336    31.5401     4.1638     31.000     4.1606    25.0192     7.2350    10.3395     97.949    315.228    323.115   -0.00031    7.38649   10.55604  321.82884   16.51954 8.1601e+00     0.5029     0.3035    92.6918 0.0000e+00
        412  60.515218    0.02857     1.7145    102.868     32.306  51057.485    31.5419     4.1615     32.000     4.1586    25.0208     7.2349    10.3394     97.944    315.223    323.110   -0.00030    7.38682   10.55650  321.84246   16.52018 7.3352e+00     0.5120     0.3044    92.6713 0.0000e+00
        417  60.515232    0.02889     1.7336    104.016     33.315  51056.721    31.5402     4.1586     33.000     4.1529    25.0198     7.2354    10.3401     97.942    315.247    323.134   -0.00033    7.38744   10.55739  321.86988   16.52149 6.5833e+00     0.4859     0.3054    92.6495 0.0000e+00
        421  60.515244    0.02919     1.7514    105.085     34.319  51047.138    31.5304     4.1468     34.000     4.1343    25.0131     7.2384    10.3445     97.949    315.380    323.269   -0.00023    7.39004   10.56110  321.98528   16.52702 5.9336e+00     0.4807     0.3074    92.6034 0.0000e+00
        427  60.515260    0.02956     1.7737    106.419     35.336  51054.353    31.5297     4.1251     35.000     4.1123    25.0147     7.2369    10.3422     97.875    315.311    323.198   -0.00060    7.39397   10.56672  322.15589   16.53513 5.3519e+00     0.4538     0.3102    92.5372 0.0000e+00
        432  60.515274    0.02990     1.7938    107.629     36.343  51069.757    31.5326     4.0951     36.000     4.0862    25.0199     7.2353    10.3400     97.784    315.240    323.128   -0.00094    7.39925   10.57426  322.38419   16.54598 4.7862e+00     0.4630     0.3158    92.4062 0.0000e+00
        436  60.515287    0.03022     1.8134    108.803     37.350  51077.975    31.5349     4.0831     37.000     4.0765    25.0229     7.2350    10.3395     97.753    315.227    323.115   -0.00099    7.40127   10.57715  322.47152   16.55013 4.3181e+00     0.4439     0.3218    92.2689 0.0000e+00
        441  60.515302    0.03058     1.8348    110.085     38.363  51071.696    31.5267     4.0691     38.000     4.0549    25.0177     7.2394    10.3458     97.773    315.419    323.310   -0.00058    7.40421   10.58136  322.60145   16.55634 3.8601e+00     0.4087     0.3225    92.2538 0.0000e+00
        446  60.515317    0.03093     1.8559    111.354     39.373  51080.555    31.5242     4.0351     39.000     4.0226    25.0190     7.2388    10.3450     97.684    315.396    323.286   -0.00099    7.41048   10.59031  322.87381   16.56930 3.4802e+00     0.4233     0.3304    92.0706 0.0000e+00
        451  60.515331    0.03127     1.8763    112.575     40.378  51096.098    31.5300     4.0169     40.000     4.0091    25.0253     7.2412    10.3484     97.676    315.495    323.390   -0.00088    7.41347   10.59460  323.00243   16.57540 3.1202e+00     0.3938     0.3386    91.8837 0.0000e+00
        456  60.515345    0.03163     1.8974    113.842     41.398  51106.890    31.5345     4.0072     41.000     4.0031    25.0299     7.2441    10.3526     97.695    315.622    323.522   -0.00054    7.41500   10.59678  323.06777   16.57848 2.7931e+00     0.3881     0.3423    91.7986 0.0000e+00
        461  60.515358    0.03193     1.9156    114.937     42.392  51109.965    31.5355     4.0044     42.000     4.0007    25.0309     7.2445    10.3532     97.696    315.643    323.543   -0.00052    7.41546   10.59743  323.08735   16.57941 2.5160e+00     0.3790     0.3442    91.7541 0.0000e+00
        466  60.515374    0.03232     1.9394    116.364     43.423  51104.681    31.5300     3.9991     43.000     3.9920    25.0272     7.2499    10.3607     97.750    315.872    323.777   -0.00013    7.41668   10.59919  323.14180   16.58202 2.2469e+00     0.3782     0.3453    91.7307 0.0000e+00
        470  60.515386    0.03258     1.9549    117.292     44.412  51111.316    31.5325     3.9926     44.000     3.9859    25.0297     7.2391    10.3454     97.592    315.404    323.298   -0.00093    7.41774   10.60070  323.18699   16.58416 2.0091e+00     0.3928     0.3493    91.6374 0.0000e+00
        475  60.515400    0.03295     1.9768    118.610     45.433  51111.407    31.5281     3.9761     45.000     3.9664    25.0278     7.2449    10.3537     97.628    315.658    323.558   -0.00060    7.42094   10.60527  323.32709   16.59085 1.8072e+00     0.3716     0.3537    91.5379 0.0000e+00
        480  60.515415    0.03328     1.9969    119.815     46.438  51116.044    31.5271     3.9608     46.000     3.9490    25.0285     7.2438    10.3521     97.576    315.608    323.508   -0.00074    7.42376   10.60930  323.44988   16.59668 1.6126e+00     0.3647     0.3646    91.2862 0.0000e+00
        485  60.515428    0.03360     2.0160    120.962     47.449  51125.989    31.5285     3.9404     47.000     3.9310    25.0315     7.2468    10.3564     97.568    315.739    323.642   -0.00070    7.42740   10.61450  323.60740   16.60417 1.4417e+00     0.3562     0.3731    91.0941 0.0000e+00
        490  60.515442    0.03394     2.0361    122.164     48.457  51136.789    31.5325     3.9290     48.000     3.9228    25.0358     7.2478    10.3578     97.558    315.782    323.688   -0.00061    7.42928   10.61718  323.68766   16.60797 1.2908e+00     0.3618     0.3766    91.0132 0.0000e+00
        495  60.515457    0.03430     2.0578    123.469     49.470  51148.093    31.5384     3.9232     49.000     3.9207    25.0410     7.2449    10.3536     97.508    315.652    323.556   -0.00077    7.43003   10.61826  323.71897   16.60943 1.1523e+00     0.3279     0.3781    90.9814 0.0000e+00
        499  60.515470    0.03461     2.0771    124.625     50.478  51148.322    31.5385     3.9251     50.000     3.9204    25.0410     7.2477    10.3576     97.550    315.772    323.680   -0.00043    7.42967   10.61773  323.70284   16.60866 1.0251e+00     0.3198     0.3752    91.0473 0.0000e+00
        504  60.515484    0.03495     2.0972    125.831     51.484  51143.782    31.5319     3.9125     51.000     3.9005    25.0369     7.2469    10.3565     97.505    315.741    323.646   -0.00055    7.43230   10.62150  323.81904   16.61422 9.2142e-01     0.3363     0.3810    90.9148 0.0000e+00
        510  60.515502    0.03538     2.1224    127.342     52.502  51175.944    31.5484     3.8924     52.000     3.8889    25.0519     7.2450    10.3537     97.442    315.652    323.560   -0.00076    7.43511   10.62552  323.93688   16.61975 8.2127e-01     0.3095     0.3921    90.6634 0.0000e+00
        515  60.515515    0.03570     2.1422    128.530     53.505  51184.099    31.5537     3.8935     53.000     3.8909    25.0561     7.2433    10.3514     97.426    315.577    323.484   -0.00071    7.43466   10.62486  323.91569   16.61872 7.2906e-01     0.2925     0.4064    90.3380 0.0000e+00
