CTD-processing/allCTD/CNV/2022_04-13_t9_s01_cast144_4141.cnv
* Sea-Bird SBE19plus Data File:
* FileName = C:\GWA\CTD\2022_04-13_T9\2022_04-13_T9_S0_cast144.hex
* Software Version 1.59
* Temperature SN =  4141
* Conductivity SN =  4141
* System UpLoad Time = Apr 13 2022 14:54:39
** Cook Inlet LTM T9
** Date: 04-13-2022
** Station:S01
** Start Time (AKDT):11:57
** Depth (m):58
** Comment:
** Comment:
# nquan = 27
# nvalues = 54                          
# units = specified
# name 0 = scan: Scan Count
# name 1 = timeJ: Julian Days
# name 2 = timeH: Time, Elapsed [hours]
# name 3 = timeM: Time, Elapsed [minutes]
# name 4 = timeS: Time, Elapsed [seconds]
# name 5 = prdM: Pressure, Strain Gauge [db]
# name 6 = specc: Specific Conductance [uS/cm]
# name 7 = sal00: Salinity, Practical [PSU]
# name 8 = tv290C: Temperature [ITS-90, deg C]
# name 9 = depSM: Depth [salt water, m], lat = 59.00
# name 10 = potemp090C: Potential Temperature [ITS-90, deg C]
# name 11 = sigma-é00: Density [sigma-theta, kg/m^3]
# name 12 = sbeox0ML/L: Oxygen, SBE 43 [ml/l]
# name 13 = sbeox0Mg/L: Oxygen, SBE 43 [mg/l]
# name 14 = sbeox0PS: Oxygen, SBE 43 [% saturation]
# name 15 = sbox0Mm/Kg: Oxygen, SBE 43 [umol/kg]
# name 16 = sbeox0Mm/L: Oxygen, SBE 43 [umol/l]
# name 17 = sbox0dV/dT: Oxygen, SBE 43 [dov/dt]
# name 18 = oxsolML/L: Oxygen Saturation, Garcia & Gordon [ml/l]
# name 19 = oxsolMg/L: Oxygen Saturation, Garcia & Gordon [mg/l]
# name 20 = oxsolMm/Kg: Oxygen Saturation, Garcia & Gordon [umol/kg]
# name 21 = n2satMg/L: Nitrogen Saturation [mg/l]
# name 22 = par: PAR/Irradiance, Biospherical/Licor
# name 23 = wetStar: Fluorescence, WET Labs WETstar [mg/m^3]
# name 24 = CStarAt0: Beam Attenuation, WET Labs C-Star [1/m]
# name 25 = CStarTr0: Beam Transmission, WET Labs C-Star [%]
# name 26 = flag: flag
# span 0 =         12,        563       
# span 1 = 103.497949, 103.499544       
# span 2 =    0.00077,    0.03905       
# span 3 =     0.0463,     2.3429       
# span 4 =      2.781,    140.577       
# span 5 =      1.014,     54.507       
# span 6 =  49679.229,  51120.572       
# span 7 =    30.7466,    31.6208       
# span 8 =     4.2362,     4.7456       
# span 9 =      1.000,     54.000       
# span 10 =     4.2371,     4.7004      
# span 11 =    24.3313,    25.0638      
# span 12 =     6.9024,     7.5608      
# span 13 =     9.8643,    10.8051      
# span 14 =     93.942,    103.259      
# span 15 =    300.727,    329.645      
# span 16 =    308.264,    337.665      
# span 17 =   -0.00641,    0.01150      
# span 18 =    7.32214,    7.37767      
# span 19 =   10.46407,   10.54343      
# span 20 =  319.23937,  321.47318      
# span 21 =   16.39961,   16.50306      
# span 22 = 3.9534e-02, 1.2895e+02      
# span 23 =     0.1942,     1.9384      
# span 24 =     0.6682,     2.4178      
# span 25 =    56.2924,    84.6158      
# span 26 = 0.0000e+00, 0.0000e+00      
# interval = meters: 1                  
# start_time = Apr 13 2022 11:57:00 [Instrument's time stamp, header]
# bad_flag = -9.990e-29
*END*
         12 103.497949    0.00077     0.0463      2.781      1.014  49801.627    30.8065     4.6332      1.000     4.7004    24.3902     7.4096    10.5891    100.960    323.034    330.913    0.00098    7.33912   10.48833  319.96114   16.43370 1.2895e+02     0.3708     2.4178    56.2924 0.0000e+00
        273 103.498703    0.01887     1.1321     67.925      2.011  49679.229    30.7466     4.7456      2.000     4.6853    24.3313     7.5608    10.8051    103.259    329.645    337.665    0.01150    7.32214   10.46407  319.23937   16.39961 1.0076e+02     0.1981     0.7588    82.2806 0.0000e+00
        288 103.498746    0.01990     1.1941     71.647      3.023  49980.496    30.9175     4.5866      3.000     4.5603    24.4829     7.5366    10.7706    102.652    328.541    336.585    0.00515    7.34189   10.49230  320.05300   16.43761 9.1015e+01     0.1942     0.8888    80.0870 0.0000e+00
        294 103.498766    0.02038     1.2228     73.370      4.043  50229.119    31.0776     4.5444      4.000     4.5500    24.6141     7.5285    10.7590    102.548    328.146    336.223    0.00259    7.34146   10.49168  319.99326   16.43412 8.8936e+01     0.3142     0.8810    80.2330 0.0000e+00
        300 103.498781    0.02074     1.2445     74.672      5.050  50357.550    31.1657     4.5480      5.000     4.5276    24.6836     7.5363    10.7700    102.723    328.460    336.568    0.00274    7.33649   10.48459  319.75507   16.42243 9.0038e+01     0.5148     0.8310    81.2406 0.0000e+00
        305 103.498795    0.02109     1.2652     75.914      6.052  50477.714    31.2301     4.4710      6.000     4.4377    24.7425     7.5185    10.7447    102.335    327.668    335.775    0.00015    7.34699   10.49958  320.19412   16.44305 8.6398e+01     0.6995     0.8108    81.6539 0.0000e+00
        310 103.498812    0.02148     1.2885     77.312      7.069  50579.690    31.2840     4.4034      7.000     4.3993    24.7921     7.4640    10.6667    101.463    325.275    333.340   -0.00424    7.35635   10.51295  320.58650   16.46149 7.8320e+01     0.9853     0.7918    82.0419 0.0000e+00
        315 103.498826    0.02184     1.3104     78.621      8.076  50589.248    31.2885     4.3967      8.000     4.3942    24.7963     7.4301    10.6183    100.989    323.798    331.827   -0.00540    7.35731   10.51434  320.62733   16.46342 6.5803e+01     1.1433     0.7945    81.9869 0.0000e+00
        321 103.498842    0.02219     1.3317     79.904      9.087  50594.713    31.2909     4.3926      9.000     4.3906    24.7986     7.4115    10.5917    100.727    322.986    330.996   -0.00524    7.35793   10.51522  320.65335   16.46465 5.4056e+01     1.2631     0.7934    82.0083 0.0000e+00
        326 103.498856    0.02255     1.3529     81.175     10.095  50598.745    31.2921     4.3882     10.000     4.3857    24.8000     7.4084    10.5873    100.676    322.852    330.858   -0.00408    7.35866   10.51627  320.68485   16.46614 4.4357e+01     1.4973     0.7915    82.0477 0.0000e+00
        331 103.498871    0.02290     1.3736     82.415     11.097  50603.419    31.2939     4.3844     11.000     4.3821    24.8019     7.4049    10.5824    100.620    322.700    330.703   -0.00331    7.35925   10.51711  320.70991   16.46732 3.5935e+01     1.6362     0.7944    81.9882 0.0000e+00
        336 103.498887    0.02328     1.3970     83.818     12.123  50607.221    31.2953     4.3813     12.000     4.3796    24.8032     7.4012    10.5771    100.564    322.538    330.538   -0.00259    7.35972   10.51778  320.73008   16.46828 2.8958e+01     1.6751     0.7862    82.1563 0.0000e+00
        341 103.498901    0.02361     1.4169     85.012     13.121  50610.726    31.2966     4.3787     13.000     4.3770    24.8046     7.4005    10.5761    100.549    322.508    330.507   -0.00208    7.36013   10.51837  320.74766   16.46911 2.3539e+01     1.7449     0.7907    82.0645 0.0000e+00
        346 103.498916    0.02398     1.4388     86.329     14.132  50614.065    31.2978     4.3765     14.000     4.3726    24.8058     7.4024    10.5787    100.570    322.588    330.590   -0.00140    7.36044   10.51880  320.76063   16.46971 1.8892e+01     1.9384     0.7911    82.0542 0.0000e+00
        352 103.498931    0.02435     1.4609     87.656     15.144  50635.523    31.3095     4.3657     15.000     4.3608    24.8162     7.3995    10.5747    100.512    322.461    330.463   -0.00134    7.36181   10.52077  320.81705   16.47236 1.5299e+01     1.7421     0.7812    82.2582 0.0000e+00
        357 103.498946    0.02469     1.4818     88.908     16.148  50653.816    31.3198     4.3579     16.000     4.3568    24.8250     7.3961    10.5698    100.454    322.309    330.310   -0.00128    7.36269   10.52203  320.85273   16.47401 1.2369e+01     1.5263     0.7801    82.2803 0.0000e+00
        362 103.498961    0.02508     1.5047     90.282     17.162  50636.752    31.3090     4.3638     17.000     4.3641    24.8159     7.3910    10.5625    100.392    322.090    330.082   -0.00132    7.36217   10.52128  320.83275   16.47310 1.0004e+01     1.5142     0.7820    82.2422 0.0000e+00
        367 103.498977    0.02545     1.5267     91.604     18.171  50712.914    31.3540     4.3355     18.000     4.3088    24.8545     7.3914    10.5631    100.359    322.097    330.103   -0.00103    7.36500   10.52532  320.94427   16.47822 8.0809e+00     1.4430     0.7736    82.4163 0.0000e+00
        373 103.498993    0.02582     1.5494     92.967     19.180  50802.434    31.4015     4.2784     19.000     4.2576    24.8979     7.3702    10.5328     99.964    321.158    329.154   -0.00271    7.37285   10.53654  321.27257   16.49364 6.6173e+00     1.4900     0.7379    83.1536 0.0000e+00
        378 103.499008    0.02620     1.5722     94.330     20.186  50863.126    31.4341     4.2424     20.000     4.2371    24.9273     7.3269    10.4709     99.312    319.262    327.221   -0.00498    7.37767   10.54343  321.47318   16.50306 5.4223e+00     1.3082     0.7097    83.7436 0.0000e+00
        385 103.499027    0.02664     1.5985     95.910     21.209  50914.833    31.4675     4.2362     21.000     4.2371    24.9544     7.2811    10.4055     98.699    317.259    325.176   -0.00629    7.37712   10.54264  321.44082   16.50138 4.4107e+00     1.1866     0.6717    84.5408 0.0000e+00
        390 103.499041    0.02699     1.6196     97.178     22.203  50922.189    31.4737     4.2435     22.000     4.2446    24.9586     7.2550    10.3682     98.367    316.119    324.009   -0.00612    7.37551   10.54034  321.36928   16.49795 3.6760e+00     1.0148     0.6695    84.5874 0.0000e+00
        396 103.499061    0.02745     1.6470     98.818     23.230  50925.329    31.4769     4.2501     23.000     4.2494    24.9605     7.2154    10.3115     97.847    314.391    322.238   -0.00641    7.37417   10.53842  321.31003   16.49512 2.9800e+00     0.8826     0.6981    83.9845 0.0000e+00
        402 103.499077    0.02786     1.6712    100.270     24.230  50935.742    31.4842     4.2530     24.000     4.2532    24.9660     7.1860    10.2695     97.460    313.108    320.925   -0.00628    7.37328   10.53716  321.27000   16.49319 2.4767e+00     0.8245     0.7139    83.6548 0.0000e+00
        408 103.499093    0.02823     1.6939    101.635     25.232  50946.591    31.4926     4.2596     25.000     4.2604    24.9721     7.1702    10.2468     97.266    312.417    320.219   -0.00540    7.37167   10.53486  321.19796   16.48973 2.0499e+00     0.7760     0.7276    83.3697 0.0000e+00
        414 103.499112    0.02867     1.7202    103.211     26.255  50950.696    31.4965     4.2662     26.000     4.2658    24.9744     7.1638    10.2379     97.198    312.140    319.936   -0.00389    7.37032   10.53292  321.13794   16.48686 1.6637e+00     0.6498     0.7225    83.4749 0.0000e+00
        419 103.499125    0.02900     1.7396    104.379     27.252  50953.706    31.4986     4.2689     27.000     4.2679    24.9759     7.1479    10.2150     96.989    311.446    319.224   -0.00387    7.36973   10.53208  321.11202   16.48561 1.3775e+00     0.7490     0.7127    83.6792 0.0000e+00
        424 103.499141    0.02938     1.7631    105.784     28.271  50961.328    31.5038     4.2712     28.000     4.2703    24.9798     7.1378    10.2006     96.861    311.005    318.774   -0.00338    7.36906   10.53112  321.08166   16.48415 1.1367e+00     0.8042     0.6932    84.0879 0.0000e+00
        429 103.499155    0.02973     1.7838    107.029     29.274  50976.114    31.5143     4.2749     29.000     4.2742    24.9878     7.1283    10.1871     96.749    310.590    318.350   -0.00305    7.36788   10.52943  321.02756   16.48154 9.5261e-01     0.7499     0.6711    84.5544 0.0000e+00
        434 103.499171    0.03009     1.8057    108.339     30.282  50983.624    31.5195     4.2775     30.000     4.2763    24.9917     7.1221    10.1782     96.673    310.318    318.073   -0.00253    7.36714   10.52838  320.99441   16.47993 7.8692e-01     0.6902     0.6782    84.4037 0.0000e+00
        440 103.499187    0.03049     1.8290    109.739     31.302  50987.351    31.5219     4.2791     31.000     4.2775    24.9935     7.1083    10.1585     96.492    309.716    317.457   -0.00267    7.36673   10.52779  320.97583   16.47904 6.6146e-01     0.7201     0.6682    84.6158 0.0000e+00
        445 103.499201    0.03082     1.8495    110.968     32.301  51002.884    31.5325     4.2811     32.000     4.2797    25.0017     7.0959    10.1408     96.335    309.173    316.903   -0.00274    7.36586   10.52655  320.93526   16.47707 5.5571e-01     0.6390     0.6876    84.2068 0.0000e+00
        450 103.499217    0.03120     1.8722    112.334     33.315  51003.571    31.5328     4.2825     33.000     4.2804    25.0018     7.0771    10.1139     96.083    308.353    316.062   -0.00323    7.36558   10.52615  320.92325   16.47650 4.5956e-01     0.5983     0.7015    83.9146 0.0000e+00
        456 103.499232    0.03158     1.8944    113.664     34.326  51004.930    31.5333     4.2826     34.000     4.2804    25.0021     7.0679    10.1007     95.958    307.951    315.651   -0.00284    7.36555   10.52610  320.92150   16.47641 3.8690e-01     0.5629     0.6907    84.1412 0.0000e+00
        461 103.499247    0.03194     1.9162    114.973     35.331  51006.087    31.5336     4.2828     35.000     4.2806    25.0024     7.0439    10.0664     95.633    306.907    314.581   -0.00372    7.36550   10.52603  320.91933   16.47631 3.2421e-01     0.5020     0.6946    84.0587 0.0000e+00
        466 103.499263    0.03231     1.9388    116.329     36.342  51011.915    31.5371     4.2833     36.000     4.2819    25.0052     7.0410    10.0623     95.598    306.780    314.451   -0.00283    7.36523   10.52565  320.90691   16.47571 2.7259e-01     0.5978     0.7015    83.9140 0.0000e+00
        472 103.499279    0.03270     1.9620    117.718     37.355  51016.901    31.5407     4.2861     37.000     4.2846    25.0077     7.0402    10.0612     95.597    306.747    314.418   -0.00209    7.36456   10.52469  320.87666   16.47425 2.2847e-01     0.5261     0.7185    83.5580 0.0000e+00
        477 103.499294    0.03305     1.9828    118.967     38.360  51060.607    31.5722     4.2953     38.000     4.3021    25.0318     7.0420    10.0637     95.661    306.815    314.495   -0.00121    7.36137   10.52013  320.73018   16.46716 1.9219e-01     0.5065     0.7447    83.0122 0.0000e+00
        482 103.499309    0.03341     2.0047    120.284     39.372  51080.663    31.5908     4.3186     39.000     4.3223    25.0443     7.0348    10.0534     95.630    306.497    314.173   -0.00101    7.35627   10.51285  320.50432   16.45634 1.6153e-01     0.4544     0.8367    81.1271 0.0000e+00
        487 103.499324    0.03378     2.0268    121.607     40.384  51086.613    31.5975     4.3322     40.000     4.3330    25.0482     7.0082    10.0154     95.304    305.337    312.985   -0.00224    7.35352   10.50890  320.38284   16.45053 1.3509e-01     0.4342     0.9222    79.4090 0.0000e+00
        493 103.499339    0.03414     2.0482    122.894     41.390  51092.415    31.6028     4.3399     41.000     4.3398    25.0517     6.9757     9.9690     94.884    303.922    311.536   -0.00368    7.35188   10.50657  320.31040   16.44706 1.1237e-01     0.3963     0.9618    78.6276 0.0000e+00
        498 103.499354    0.03450     2.0701    124.208     42.403  51103.721    31.6119     4.3483     42.000     4.3479    25.0581     6.9549     9.9392     94.625    303.012    310.605   -0.00385    7.34994   10.50380  320.22416   16.44293 9.4440e-02     0.3365     1.0618    76.6890 0.0000e+00
        503 103.499369    0.03486     2.0914    125.482     43.408  51102.434    31.6115     4.3523     43.000     4.3502    25.0573     6.9320     9.9066     94.323    302.017    309.584   -0.00430    7.34924   10.50280  320.19382   16.44149 8.0205e-02     0.3048     1.1237    75.5105 0.0000e+00
        508 103.499385    0.03524     2.1143    126.860     44.423  51105.956    31.6139     4.3545     44.000     4.3528    25.0591     6.9205     9.8902     94.173    301.516    309.071   -0.00370    7.34873   10.50207  320.17115   16.44040 6.8925e-02     0.3226     1.1385    75.2290 0.0000e+00
        513 103.499399    0.03558     2.1351    128.106     45.428  51107.724    31.6152     4.3571     45.000     4.3546    25.0598     6.9167     9.8847     94.128    301.348    308.900   -0.00302    7.34819   10.50131  320.14765   16.43927 6.1504e-02     0.3195     1.0364    77.1769 0.0000e+00
        519 103.499415    0.03597     2.1581    129.485     46.439  51107.665    31.6148     4.3578     46.000     4.3547    25.0594     6.9154     9.8828     94.111    301.290    308.840   -0.00224    7.34810   10.50117  320.14357   16.43908 5.5940e-02     0.2843     1.0045    77.7917 0.0000e+00
        524 103.499431    0.03635     2.1808    130.847     47.448  51108.743    31.6151     4.3581     47.000     4.3550    25.0597     6.9153     9.8826     94.110    301.285    308.835   -0.00165    7.34803   10.50107  320.14047   16.43893 5.1519e-02     0.3070     0.9908    78.0597 0.0000e+00
        530 103.499448    0.03675     2.2048    132.285     48.462  51109.532    31.6152     4.3584     48.000     4.3552    25.0597     6.9137     9.8804     94.089    301.217    308.765   -0.00125    7.34797   10.50099  320.13785   16.43881 4.8121e-02     0.3007     0.9790    78.2903 0.0000e+00
        536 103.499464    0.03714     2.2286    133.718     49.468  51110.895    31.6156     4.3585     49.000     4.3554    25.0600     6.9107     9.8761     94.050    301.089    308.634   -0.00112    7.34794   10.50094  320.13621   16.43873 4.6018e-02     0.3227     0.9804    78.2631 0.0000e+00
        542 103.499481    0.03754     2.2525    135.147     50.476  51112.523    31.6165     4.3594     50.000     4.3563    25.0606     6.9072     9.8710     94.004    300.932    308.474   -0.00109    7.34774   10.50065  320.12739   16.43830 4.4460e-02     0.3171     0.9937    78.0026 0.0000e+00
        547 103.499498    0.03795     2.2769    136.616     51.491  51113.050    31.6164     4.3599     51.000     4.3565    25.0606     6.9091     9.8738     94.032    301.017    308.561   -0.00060    7.34764   10.50051  320.12303   16.43810 4.3963e-02     0.2760     0.9793    78.2833 0.0000e+00
        553 103.499513    0.03831     2.2987    137.925     52.495  51114.631    31.6170     4.3599     52.000     4.3566    25.0610     6.9024     9.8643     93.942    300.727    308.264   -0.00096    7.34762   10.50047  320.12184   16.43804 4.2521e-02     0.2805     1.0031    77.8189 0.0000e+00
        558 103.499529    0.03871     2.3224    139.345     53.512  51118.436    31.6194     4.3612     53.000     4.3585    25.0628     6.9039     9.8663     93.966    300.790    308.328   -0.00059    7.34726   10.49997  320.10587   16.43727 4.0083e-02     0.3327     0.9855    78.1623 0.0000e+00
