CTD-processing/allCTD/CNV/2022_04-13_t9_s02_cast145_4141.cnv
* Sea-Bird SBE19plus Data File:
* FileName = C:\GWA\CTD\2022_04-13_T9\2022_04-13_T9_S0_cast145.hex
* Software Version 1.59
* Temperature SN =  4141
* Conductivity SN =  4141
* System UpLoad Time = Apr 13 2022 14:55:44
** Cook Inlet LTM T9
** Date: 04-13-2022
** Station:S02
** Start Time (AKDT):12:02
** Depth (m):75
** Comment:
** Comment:
# nquan = 27
# nvalues = 73                          
# units = specified
# name 0 = scan: Scan Count
# name 1 = timeJ: Julian Days
# name 2 = timeH: Time, Elapsed [hours]
# name 3 = timeM: Time, Elapsed [minutes]
# name 4 = timeS: Time, Elapsed [seconds]
# name 5 = prdM: Pressure, Strain Gauge [db]
# name 6 = specc: Specific Conductance [uS/cm]
# name 7 = sal00: Salinity, Practical [PSU]
# name 8 = tv290C: Temperature [ITS-90, deg C]
# name 9 = depSM: Depth [salt water, m], lat = 59.00
# name 10 = potemp090C: Potential Temperature [ITS-90, deg C]
# name 11 = sigma-é00: Density [sigma-theta, kg/m^3]
# name 12 = sbeox0ML/L: Oxygen, SBE 43 [ml/l]
# name 13 = sbeox0Mg/L: Oxygen, SBE 43 [mg/l]
# name 14 = sbeox0PS: Oxygen, SBE 43 [% saturation]
# name 15 = sbox0Mm/Kg: Oxygen, SBE 43 [umol/kg]
# name 16 = sbeox0Mm/L: Oxygen, SBE 43 [umol/l]
# name 17 = sbox0dV/dT: Oxygen, SBE 43 [dov/dt]
# name 18 = oxsolML/L: Oxygen Saturation, Garcia & Gordon [ml/l]
# name 19 = oxsolMg/L: Oxygen Saturation, Garcia & Gordon [mg/l]
# name 20 = oxsolMm/Kg: Oxygen Saturation, Garcia & Gordon [umol/kg]
# name 21 = n2satMg/L: Nitrogen Saturation [mg/l]
# name 22 = par: PAR/Irradiance, Biospherical/Licor
# name 23 = wetStar: Fluorescence, WET Labs WETstar [mg/m^3]
# name 24 = CStarAt0: Beam Attenuation, WET Labs C-Star [1/m]
# name 25 = CStarTr0: Beam Transmission, WET Labs C-Star [%]
# name 26 = flag: flag
# span 0 =         48,        649       
# span 1 = 103.501825, 103.503565       
# span 2 =    0.00324,    0.04500       
# span 3 =     0.1943,     2.7002       
# span 4 =     11.657,    162.009       
# span 5 =      1.003,     73.689       
# span 6 =  49649.541,  51142.171       
# span 7 =    30.7203,    31.6278       
# span 8 =     4.2213,     4.7034       
# span 9 =      1.000,     73.000       
# span 10 =     4.2205,     4.6874      
# span 11 =    24.3195,    25.0686      
# span 12 =     6.8943,     7.5508      
# span 13 =     9.8526,    10.7910      
# span 14 =     93.863,    103.058      
# span 15 =    300.368,    329.194      
# span 16 =    307.898,    337.221      
# span 17 =   -0.00715,    0.02863      
# span 18 =    7.32679,    7.38162      
# span 19 =   10.47071,   10.54906      
# span 20 =  319.42636,  321.64539      
# span 21 =   16.40827,   16.51126      
# span 22 = 3.6900e-02, 1.0934e+02      
# span 23 =     0.1993,     1.9299      
# span 24 =     0.5946,     6.8601      
# span 25 =    37.2344,    86.1862      
# span 26 = 0.0000e+00, 0.0000e+00      
# interval = meters: 1                  
# start_time = Apr 13 2022 12:02:26 [Instrument's time stamp, header]
# bad_flag = -9.990e-29
*END*
         48 103.501825    0.00324     0.1943     11.657      1.003  49649.541    30.7203     4.6547      1.000     4.6874    24.3195     7.2219    10.3207     98.389    314.879    322.528    0.00580    7.34023   10.48992  320.04002   16.43780 1.0934e+02     0.3483     6.8601    37.2344 0.0000e+00
        286 103.502513    0.01977     1.1859     71.154      2.020  49776.486    30.8036     4.7034      2.000     4.6856    24.3808     7.5508    10.7910    103.058    329.194    337.221    0.02863    7.32679   10.47071  319.42636   16.40827 7.9024e+01     0.1993     0.7218    81.2262 0.0000e+00
        284 103.502508    0.01964     1.1783     70.700      3.024  49861.501    30.8510     4.6546      3.000     4.6315    24.4233     7.5343    10.7672    102.743    328.458    336.480    0.01943    7.33312   10.47976  319.68913   16.42057 7.8048e+01     0.2089     0.8921    80.0092 0.0000e+00
        289 103.502523    0.01999     1.1996     71.979      4.043  49957.187    30.9048     4.6038      4.000     4.5894    24.4711     7.5371    10.7713    102.693    328.568    336.608    0.01338    7.33946   10.48882  319.95086   16.43280 8.0836e+01     0.2247     0.9085    79.6815 0.0000e+00
        294 103.502536    0.02032     1.2190     73.139      5.044  50001.424    30.9277     4.5723      5.000     4.5590    24.4924     7.5360    10.7697    102.616    328.512    336.558    0.00940    7.34391   10.49518  320.13811   16.44162 8.0822e+01     0.3605     0.9199    79.4564 0.0000e+00
        299 103.502551    0.02067     1.2402     74.413      6.058  50170.776    31.0330     4.5278      6.000     4.5001    24.5805     7.5343    10.7672    102.554    328.408    336.480    0.00639    7.34663   10.49906  320.22898   16.44550 7.7570e+01     0.5144     0.8973    79.9074 0.0000e+00
        304 103.502566    0.02102     1.2612     75.674      7.068  50397.981    31.1738     4.4653      7.000     4.4462    24.6985     7.5236    10.7520    102.352    327.906    336.005    0.00345    7.35076   10.50497  320.37213   16.45174 6.7896e+01     0.6984     0.8491    80.8750 0.0000e+00
        308 103.502579    0.02135     1.2809     76.855      8.074  50485.435    31.2241     4.4257      8.000     4.4152    24.7424     7.5075    10.7289    102.069    327.188    335.284    0.00108    7.35533   10.51150  320.55762   16.46036 5.7071e+01     0.7566     0.8162    81.5420 0.0000e+00
        313 103.502594    0.02170     1.3018     78.110      9.087  50536.237    31.2552     4.4116      9.000     4.4130    24.7684     7.4658    10.6695    101.489    325.365    333.424   -0.00200    7.35631   10.51290  320.59209   16.46187 4.7642e+01     1.1250     0.8128    81.6118 0.0000e+00
        318 103.502607    0.02202     1.3213     79.277     10.090  50541.547    31.2593     4.4163     10.000     4.4145    24.7712     7.4332    10.6229    101.060    323.943    331.967   -0.00373    7.35527   10.51143  320.54624   16.45967 3.9000e+01     1.5113     0.8115    81.6383 0.0000e+00
        323 103.502622    0.02237     1.3425     80.549     11.108  50551.294    31.2649     4.4137     11.000     4.4039    24.7759     7.4261    10.6127    100.960    323.631    331.649   -0.00327    7.35545   10.51169  320.55268   16.45996 3.1895e+01     1.5349     0.7967    81.9408 0.0000e+00
        328 103.502636    0.02270     1.3621     81.728     12.111  50601.703    31.2899     4.3744     12.000     4.3517    24.7997     7.4216    10.6063    100.821    323.430    331.451   -0.00308    7.36123   10.51993  320.79676   16.47147 2.5979e+01     1.5365     0.7999    81.8744 0.0000e+00
        333 103.502651    0.02306     1.3836     83.014     13.124  50666.567    31.3226     4.3253     13.000     4.3070    24.8305     7.4149    10.5966    100.631    323.125    331.149   -0.00326    7.36838   10.53015  321.09879   16.48570 2.1131e+01     1.6619     0.7896    82.0861 0.0000e+00
        338 103.502665    0.02341     1.4045     84.270     14.131  50719.412    31.3492     4.2863     14.000     4.2748    24.8555     7.4046    10.5820    100.415    322.671    330.691   -0.00346    7.37403   10.53823  321.33739   16.49694 1.7018e+01     1.9299     0.7798    82.2880 0.0000e+00
        343 103.502681    0.02378     1.4270     85.622     15.144  50780.524    31.3812     4.2462     15.000     4.2299    24.8848     7.4000    10.5753    100.276    322.458    330.483   -0.00320    7.37962   10.54622  321.57168   16.50795 1.3940e+01     1.8228     0.7589    82.7202 0.0000e+00
        349 103.502696    0.02414     1.4480     86.878     16.149  50862.331    31.4307     4.2213     16.000     4.2205    24.9266     7.3830    10.5509    100.018    321.704    329.723   -0.00355    7.38162   10.54906  321.64539   16.51126 1.1290e+01     1.7819     0.7302    83.3142 0.0000e+00
        354 103.502710    0.02449     1.4695     88.171     17.162  50878.949    31.4421     4.2234     17.000     4.2244    24.9354     7.3451    10.4968     99.517    320.051    328.031   -0.00492    7.38067   10.54772  321.60154   16.50913 9.3460e+00     1.6252     0.6951    84.0485 0.0000e+00
        359 103.502725    0.02484     1.4906     89.434     18.170  50898.031    31.4561     4.2299     18.000     4.2303    24.9459     7.3011    10.4340     98.947    318.130    326.066   -0.00636    7.37881   10.54506  321.51731   16.50506 7.7119e+00     1.3983     0.6746    84.4792 0.0000e+00
        364 103.502739    0.02519     1.5116     90.693     19.180  50903.735    31.4602     4.2328     19.000     4.2327    24.9489     7.2609    10.3765     98.412    316.379    324.272   -0.00715    7.37811   10.54405  321.48536   16.50353 6.3978e+00     1.3198     0.6573    84.8477 0.0000e+00
        369 103.502754    0.02555     1.5327     91.960     20.191  50910.723    31.4651     4.2355     20.000     4.2367    24.9525     7.2364    10.3416     98.089    315.311    323.179   -0.00684    7.37737   10.54299  321.45200   16.50192 5.3065e+00     1.1229     0.6483    85.0375 0.0000e+00
        374 103.502769    0.02589     1.5536     93.219     21.200  50920.938    31.4736     4.2445     21.000     4.2458    24.9585     7.2181    10.3153     97.867    314.507    322.357   -0.00604    7.37533   10.54008  321.36157   16.49758 4.4162e+00     1.0440     0.6221    85.5973 0.0000e+00
        379 103.502783    0.02624     1.5747     94.480     22.207  50917.578    31.4717     4.2487     22.000     4.2476    24.9566     7.2060    10.2981     97.712    313.983    321.819   -0.00514    7.37468   10.53916  321.33383   16.49627 3.6810e+00     1.0142     0.6203    85.6361 0.0000e+00
        384 103.502798    0.02660     1.5959     95.752     23.218  50918.332    31.4720     4.2495     23.000     4.2480    24.9567     7.2044    10.2957     97.693    313.912    321.747   -0.00392    7.37452   10.53893  321.32696   16.49595 3.0699e+00     1.0635     0.6191    85.6599 0.0000e+00
        389 103.502813    0.02696     1.6174     97.046     24.229  50920.089    31.4727     4.2497     24.000     4.2484    24.9572     7.2043    10.2957     97.693    313.910    321.744   -0.00282    7.37446   10.53883  321.32387   16.49579 2.5654e+00     1.0083     0.6132    85.7880 0.0000e+00
        394 103.502828    0.02731     1.6385     98.312     25.237  50930.637    31.4801     4.2525     25.000     4.2527    24.9627     7.2015    10.2918     97.667    313.789    321.623   -0.00219    7.37358   10.53758  321.28396   16.49387 2.1392e+00     1.0175     0.6097    85.8618 0.0000e+00
        400 103.502843    0.02769     1.6613     99.676     26.248  50928.744    31.4790     4.2559     26.000     4.2545    24.9616     7.1965    10.2845     97.606    313.568    321.395   -0.00189    7.37302   10.53679  321.26003   16.49274 1.7969e+00     0.9614     0.5984    86.1070 0.0000e+00
        405 103.502859    0.02805     1.6831    100.984     27.253  50929.726    31.4793     4.2565     27.000     4.2549    24.9618     7.1942    10.2813     97.577    313.469    321.294   -0.00156    7.37289   10.53660  321.25433   16.49246 1.5008e+00     1.0831     0.6002    86.0668 0.0000e+00
        411 103.502875    0.02845     1.7071    102.424     28.268  50929.930    31.4791     4.2568     28.000     4.2550    24.9616     7.1925    10.2789     97.555    313.397    321.219   -0.00124    7.37284   10.53654  321.25233   16.49237 1.2582e+00     0.9662     0.5946    86.1862 0.0000e+00
        416 103.502891    0.02884     1.7302    103.814     29.275  50929.989    31.4785     4.2565     29.000     4.2540    24.9612     7.1946    10.2818     97.581    313.487    321.312   -0.00079    7.37294   10.53666  321.25646   16.49257 1.0564e+00     1.0006     0.5987    86.0989 0.0000e+00
        422 103.502908    0.02924     1.7545    105.272     30.286  50932.646    31.4793     4.2541     30.000     4.2511    24.9620     7.1929    10.2793     97.553    313.410    321.233   -0.00075    7.37332   10.53722  321.27311   16.49336 8.8641e-01     0.9119     0.6081    85.8963 0.0000e+00
        428 103.502924    0.02962     1.7772    106.633     31.294  50935.012    31.4800     4.2524     31.000     4.2500    24.9628     7.1891    10.2740     97.499    313.248    321.068   -0.00082    7.37360   10.53760  321.28453   16.49390 7.4105e-01     0.9730     0.6144    85.7616 0.0000e+00
        433 103.502940    0.03000     1.7998    107.989     32.307  50935.652    31.4795     4.2504     32.000     4.2472    24.9626     7.1820    10.2638     97.396    312.936    320.748   -0.00109    7.37399   10.53816  321.30176   16.49472 6.2051e-01     0.9162     0.6208    85.6249 0.0000e+00
        438 103.502954    0.03035     1.8208    109.247     33.313  50939.392    31.4811     4.2487     33.000     4.2462    24.9641     7.1762    10.2554     97.314    312.680    320.486   -0.00128    7.37422   10.53849  321.31116   16.49516 5.1998e-01     0.9514     0.6256    85.5209 0.0000e+00
        443 103.502969    0.03070     1.8423    110.536     34.324  50942.686    31.4826     4.2475     34.000     4.2443    24.9654     7.1769    10.2566     97.322    312.715    320.521   -0.00092    7.37435   10.53869  321.31676   16.49542 4.3636e-01     0.8309     0.6323    85.3793 0.0000e+00
        448 103.502984    0.03106     1.8636    111.815     35.333  50946.766    31.4842     4.2449     35.000     4.2421    24.9669     7.1659    10.2408     97.168    312.235    320.030   -0.00146    7.37474   10.53924  321.33319   16.49620 3.6736e-01     0.8492     0.6246    85.5430 0.0000e+00
        453 103.502999    0.03141     1.8847    113.079     36.342  50969.187    31.4996     4.2471     36.000     4.2512    24.9789     7.1629    10.2365     97.142    312.098    319.893   -0.00119    7.37357   10.53758  321.27858   16.49354 3.0963e-01     0.6879     0.6290    85.4491 0.0000e+00
        458 103.503013    0.03177     1.9057    114.341     37.353  50977.125    31.5084     4.2640     37.000     4.2647    24.9843     7.1549    10.2251     97.080    311.749    319.538   -0.00127    7.37012   10.53264  321.12639   16.48626 2.6180e-01     0.8321     0.6279    85.4715 0.0000e+00
        464 103.503029    0.03213     1.9278    115.669     38.362  50973.137    31.5065     4.2697     38.000     4.2684    24.9822     7.1416    10.2059     96.911    311.166    318.940   -0.00167    7.36918   10.53129  321.08595   16.48434 2.2312e-01     0.7594     0.6292    85.4444 0.0000e+00
        469 103.503043    0.03249     1.9492    116.954     39.372  50983.306    31.5138     4.2733     39.000     4.2712    24.9876     7.1252    10.1826     96.702    310.454    318.211   -0.00226    7.36818   10.52986  321.04087   16.48217 1.8950e-01     0.7400     0.6329    85.3654 0.0000e+00
        474 103.503058    0.03285     1.9707    118.245     40.381  50987.290    31.5157     4.2721     40.000     4.2682    24.9893     7.1149    10.1679     96.562    310.006    317.753   -0.00235    7.36830   10.53004  321.04565   16.48239 1.6271e-01     0.5822     0.6270    85.4908 0.0000e+00
        479 103.503074    0.03321     1.9929    119.574     41.392  50992.846    31.5190     4.2722     41.000     4.2684    24.9919     7.1042    10.1527     96.419    309.541    317.277   -0.00241    7.36811   10.52977  321.03647   16.48194 1.4036e-01     0.6408     0.6311    85.4044 0.0000e+00
        484 103.503088    0.03355     2.0133    120.795     42.398  50980.765    31.5070     4.2578     42.000     4.2448    24.9837     7.0907    10.1333     96.193    308.952    316.671   -0.00281    7.37129   10.53431  321.17768   16.48870 1.2161e-01     0.5875     0.6462    85.0818 0.0000e+00
        490 103.503104    0.03394     2.0361    122.165     43.413  51014.435    31.5259     4.2424     43.000     4.2412    25.0002     7.0784    10.1156     96.002    308.407    316.117   -0.00301    7.37310   10.53690  321.25132   16.49213 1.0599e-01     0.5671     0.6547    84.9011 0.0000e+00
        495 103.503118    0.03429     2.0571    123.426     44.417  51033.565    31.5400     4.2495     44.000     4.2548    25.0109     7.0622    10.0926     95.809    307.704    315.400   -0.00315    7.37114   10.53410  321.16265   16.48786 9.3404e-02     0.4721     0.6666    84.6506 0.0000e+00
        500 103.503135    0.03467     2.0802    124.815     45.433  51065.256    31.5688     4.2824     45.000     4.2937    25.0305     7.0458    10.0691     95.681    306.982    314.666   -0.00283    7.36383   10.52364  320.83789   16.47230 8.2824e-02     0.5054     0.6702    84.5728 0.0000e+00
        506 103.503150    0.03504     2.1023    126.136     46.436  51059.592    31.5711     4.3111     46.000     4.3128    25.0294     7.0330    10.0509     95.575    306.425    314.095   -0.00251    7.35859   10.51616  320.61004   16.46144 7.4348e-02     0.5262     0.6909    84.1379 0.0000e+00
        511 103.503167    0.03545     2.1265    127.592     47.453  51049.504    31.5655     4.3186     47.000     4.3153    25.0242     7.0155    10.0258     95.351    305.661    313.311   -0.00282    7.35752   10.51463  320.56490   16.45933 6.6568e-02     0.4577     0.6948    84.0554 0.0000e+00
        517 103.503182    0.03580     2.1485    128.908     48.456  51052.314    31.5669     4.3186     48.000     4.3155    25.0254     7.0010    10.0052     95.155    305.032    312.666   -0.00300    7.35746   10.51454  320.56188   16.45917 6.1556e-02     0.4861     0.6978    83.9908 0.0000e+00
        523 103.503199    0.03622     2.1735    130.410     49.470  51054.329    31.5678     4.3189     49.000     4.3159    25.0260     6.9970     9.9995     95.103    304.860    312.489   -0.00234    7.35735   10.51439  320.55688   16.45893 5.7869e-02     0.5050     0.7045    83.8520 0.0000e+00
        528 103.503216    0.03663     2.1973    131.840     50.478  51055.788    31.5685     4.3197     50.000     4.3163    25.0265     6.9886     9.9874     94.990    304.490    312.111   -0.00219    7.35719   10.51416  320.54970   16.45859 5.2542e-02     0.4596     0.7097    83.7417 0.0000e+00
        534 103.503232    0.03701     2.2208    133.247     51.488  51057.656    31.5692     4.3197     51.000     4.3166    25.0272     6.9907     9.9903     95.018    304.579    312.202   -0.00144    7.35714   10.51409  320.54751   16.45848 4.9664e-02     0.4678     0.7157    83.6162 0.0000e+00
        539 103.503248    0.03739     2.2435    134.610     52.499  51057.477    31.5688     4.3203     52.000     4.3169    25.0267     6.9842     9.9811     94.932    304.300    311.916   -0.00146    7.35705   10.51397  320.54382   16.45831 4.9686e-02     0.4419     0.7109    83.7182 0.0000e+00
        544 103.503262    0.03774     2.2643    135.861     53.504  51058.038    31.5687     4.3205     53.000     4.3169    25.0266     6.9822     9.9783     94.905    304.212    311.825   -0.00125    7.35703   10.51393  320.54287   16.45826 4.8436e-02     0.3971     0.7155    83.6212 0.0000e+00
