CTD-processing/allCTD/CNV/2022_06-24_t9_s09_cast198_4141.cnv
* Sea-Bird SBE19plus Data File:
* FileName = C:\GWA\CTD\2022_06-24_T9\2022_06-24_T9_S0_cast198.hex
* Software Version 1.59
* Temperature SN =  4141
* Conductivity SN =  4141
* System UpLoad Time = Jun 29 2022 15:26:06
** Cook Inlet LTM T9
** Date: 06-24-2022
** Station:S09
** Start Time (AKDT):15:23
** Depth (m):83
** Comment:
** Comment:
# nquan = 27
# nvalues = 83                          
# units = specified
# name 0 = scan: Scan Count
# name 1 = timeJ: Julian Days
# name 2 = timeH: Time, Elapsed [hours]
# name 3 = timeM: Time, Elapsed [minutes]
# name 4 = timeS: Time, Elapsed [seconds]
# name 5 = prdM: Pressure, Strain Gauge [db]
# name 6 = specc: Specific Conductance [uS/cm]
# name 7 = sal00: Salinity, Practical [PSU]
# name 8 = tv290C: Temperature [ITS-90, deg C]
# name 9 = depSM: Depth [salt water, m], lat = 59.00
# name 10 = potemp090C: Potential Temperature [ITS-90, deg C]
# name 11 = sigma-é00: Density [sigma-theta, kg/m^3]
# name 12 = sbeox0ML/L: Oxygen, SBE 43 [ml/l]
# name 13 = sbeox0Mg/L: Oxygen, SBE 43 [mg/l]
# name 14 = sbeox0PS: Oxygen, SBE 43 [% saturation]
# name 15 = sbox0Mm/Kg: Oxygen, SBE 43 [umol/kg]
# name 16 = sbeox0Mm/L: Oxygen, SBE 43 [umol/l]
# name 17 = sbox0dV/dT: Oxygen, SBE 43 [dov/dt]
# name 18 = oxsolML/L: Oxygen Saturation, Garcia & Gordon [ml/l]
# name 19 = oxsolMg/L: Oxygen Saturation, Garcia & Gordon [mg/l]
# name 20 = oxsolMm/Kg: Oxygen Saturation, Garcia & Gordon [umol/kg]
# name 21 = n2satMg/L: Nitrogen Saturation [mg/l]
# name 22 = par: PAR/Irradiance, Biospherical/Licor
# name 23 = wetStar: Fluorescence, WET Labs WETstar [mg/m^3]
# name 24 = CStarAt0: Beam Attenuation, WET Labs C-Star [1/m]
# name 25 = CStarTr0: Beam Transmission, WET Labs C-Star [%]
# name 26 = flag: flag
# span 0 =        251,        758       
# span 1 = 175.642019, 175.643488       
# span 2 =    0.01735,    0.05259       
# span 3 =     1.0410,     3.1554       
# span 4 =     62.462,    189.323       
# span 5 =      1.011,     83.795       
# span 6 =  43537.753,  50353.296       
# span 7 =    27.6239,    31.4745       
# span 8 =     6.2083,    13.2336       
# span 9 =      1.000,     83.000       
# span 10 =     6.2017,    13.1690      
# span 11 =    20.6428,    24.7378      
# span 12 =     6.9786,     8.4706      
# span 13 =     9.9731,    12.1053      
# span 14 =     99.154,    126.937      
# span 15 =    304.141,    369.454      
# span 16 =    311.665,    378.296      
# span 17 =   -0.03977,    0.00814      
# span 18 =    6.17673,    7.03816      
# span 19 =    8.82717,   10.05824      
# span 20 =  270.27361,  306.73643      
# span 21 =   14.07395,   15.80136      
# span 22 = 3.1379e-01, 5.4947e+02      
# span 23 =     0.1095,     7.4890      
# span 24 =     0.3227,     6.2483      
# span 25 =    50.9287,    92.2505      
# span 26 = 0.0000e+00, 0.0000e+00      
# interval = meters: 1                  
# start_time = Jun 24 2022 15:23:28 [Instrument's time stamp, header]
# bad_flag = -9.990e-29
*END*
[from data line 54]
        627 175.643108    0.04346     2.6080    156.478     55.527  50235.563    31.4052     6.2407     55.000     6.2345    24.6847     7.0251    10.0396     99.850    306.185    313.743   -0.00718    7.03572   10.05474  306.64587   15.79728 4.2504e-01     0.1179     1.0704    76.5210 0.0000e+00
        631 175.643120    0.04377     2.6262    157.570     56.538  50238.953    31.4065     6.2379     56.000     6.2327    24.6860     7.0149    10.0250     99.698    305.737    313.284   -0.00613    7.03612   10.05532  306.66278   15.79809 4.1500e-01     0.1200     1.0926    76.0990 0.0000e+00
        636 175.643133    0.04408     2.6444    158.665     57.542  50241.762    31.4078     6.2370     57.000     6.2320    24.6872     7.0067    10.0132     99.581    305.380    312.919   -0.00526    7.03620   10.05544  306.66615   15.79824 4.1534e-01     0.1221     1.1079    75.8105 0.0000e+00
        641 175.643147    0.04442     2.6651    159.906     58.562  50243.710    31.4086     6.2365     58.000     6.2321    24.6879     7.0036    10.0089     99.536    305.245    312.782   -0.00394    7.03625   10.05551  306.66800   15.79832 4.0781e-01     0.1277     1.0893    76.1616 0.0000e+00
        645 175.643159    0.04470     2.6821    160.925     59.562  50255.776    31.4173     6.2409     59.000     6.2407    24.6942     7.0001    10.0038     99.503    305.091    312.624   -0.00331    7.03510   10.05386  306.61600   15.79581 3.9815e-01     0.1172     1.0942    76.0674 0.0000e+00
        649 175.643172    0.04503     2.7017    162.100     60.578  50258.978    31.4213     6.2527     60.000     6.2528    24.6960     7.0025    10.0072     99.566    305.194    312.732   -0.00207    7.03298   10.05083  306.52306   15.79136 3.8686e-01     0.1142     1.0911    76.1253 0.0000e+00
        654 175.643186    0.04534     2.7204    163.226     61.582  50250.725    31.4166     6.2606     61.000     6.2561    24.6913     7.0011    10.0054     99.563    305.138    312.672   -0.00159    7.03190   10.04930  306.47748   15.78921 3.6663e-01     0.1225     1.0769    76.3972 0.0000e+00
        659 175.643200    0.04569     2.7415    164.491     62.600  50249.955    31.4158     6.2612     62.000     6.2565    24.6905     7.0077    10.0147     99.657    305.423    312.964   -0.00077    7.03184   10.04921  306.47513   15.78911 3.7509e-01     0.1287     1.0770    76.3960 0.0000e+00
        663 175.643213    0.04600     2.7603    165.615     63.602  50262.595    31.4248     6.2658     63.000     6.2668    24.6972     7.0099    10.0180     99.706    305.521    313.066   -0.00032    7.03066   10.04752  306.42168   15.78652 3.6862e-01     0.1095     1.0746    76.4403 0.0000e+00
        668 175.643227    0.04634     2.7801    166.806     64.614  50262.404    31.4273     6.2821     64.000     6.2808    24.6972     7.0087    10.0161     99.726    305.462    313.006   -0.00016    7.02788   10.04354  306.30043   15.78073 3.8063e-01     0.1097     1.0494    76.9248 0.0000e+00
        673 175.643241    0.04666     2.7994    167.962     65.624  50266.487    31.4307     6.2877     65.000     6.2857    24.6992     7.0107    10.0189     99.770    305.549    313.096   -0.00001    7.02678   10.04197  306.25194   15.77841 3.8836e-01     0.1217     1.0118    77.6510 0.0000e+00
        677 175.643253    0.04697     2.8180    169.083     66.634  50284.243    31.4450     6.3004     66.000     6.3011    24.7088     7.0223    10.0356     99.976    306.055    313.618    0.00095    7.02403   10.03805  306.12928   15.77250 3.8025e-01     0.1228     0.9942    77.9937 0.0000e+00
        682 175.643267    0.04729     2.8373    170.235     67.641  50255.423    31.4264     6.3102     67.000     6.3055    24.6930     7.0276    10.0432    100.062    306.293    313.856    0.00117    7.02330   10.03700  306.10190   15.77128 3.7434e-01     0.1383     0.9667    78.5311 0.0000e+00
        687 175.643280    0.04762     2.8572    171.434     68.659  50266.440    31.4336     6.3109     68.000     6.3020    24.6987     7.0352    10.0540    100.176    306.620    314.193    0.00128    7.02284   10.03635  306.08032   15.77022 3.5420e-01     0.1212     0.9718    78.4313 0.0000e+00
        691 175.643293    0.04791     2.8744    172.462     69.658  50281.667    31.4421     6.3024     69.000     6.2933    24.7064     7.0385    10.0589    100.210    306.765    314.344    0.00112    7.02385   10.03778  306.12194   15.77216 3.5402e-01     0.1296     1.0477    76.9591 0.0000e+00
        696 175.643307    0.04825     2.8950    173.700     70.676  50289.649    31.4459     6.2953     70.000     6.2873    24.7102     7.0354    10.0542    100.150    306.623    314.199    0.00047    7.02483   10.03919  306.16377   15.77415 3.5734e-01     0.1212     1.1176    75.6228 0.0000e+00
        700 175.643320    0.04856     2.9139    174.832     71.681  50292.090    31.4460     6.2901     71.000     6.2813    24.7110     7.0316    10.0489    100.085    306.460    314.033   -0.00011    7.02569   10.04041  306.20070   15.77590 3.5019e-01     0.1315     1.1751    74.5449 0.0000e+00
        705 175.643334    0.04890     2.9341    176.047     72.693  50298.581    31.4491     6.2844     72.000     6.2775    24.7141     7.0268    10.0420    100.005    306.248    313.817   -0.00050    7.02649   10.04155  306.23465   15.77751 3.4481e-01     0.1201     1.2357    73.4246 0.0000e+00
        710 175.643348    0.04923     2.9536    177.215     73.702  50299.956    31.4491     6.2825     73.000     6.2750    24.7143     7.0193    10.0312     99.893    305.919    313.480   -0.00100    7.02679   10.04198  306.24742   15.77812 3.4066e-01     0.1178     1.2766    72.6775 0.0000e+00
        715 175.643361    0.04956     2.9735    178.408     74.711  50302.570    31.4497     6.2786     74.000     6.2708    24.7153     7.0162    10.0270     99.841    305.788    313.346   -0.00111    7.02741   10.04287  306.27450   15.77941 3.4243e-01     0.1212     1.3154    71.9765 0.0000e+00
        720 175.643376    0.04991     2.9944    179.665     75.721  50303.732    31.4487     6.2716     75.000     6.2608    24.7154     7.0184    10.0300     99.855    305.883    313.443   -0.00075    7.02859   10.04456  306.32591   15.78186 3.3763e-01     0.1273     1.3272    71.7636 0.0000e+00
        725 175.643390    0.05025     3.0151    180.908     76.731  50307.877    31.4485     6.2580     76.000     6.2421    24.7169     7.0109    10.0193     99.717    305.557    313.109   -0.00127    7.03084   10.04776  306.42322   15.78650 3.3241e-01     0.1256     1.3758    70.8970 0.0000e+00
        730 175.643405    0.05060     3.0361    182.167     77.745  50328.468    31.4579     6.2349     77.000     6.2228    24.7272     7.0032    10.0083     99.559    305.215    312.762   -0.00181    7.03420   10.05258  306.56696   15.79331 3.2521e-01     0.1297     1.4117    70.2635 0.0000e+00
        734 175.643418    0.05093     3.0559    183.355     78.749  50338.638    31.4620     6.2215     78.000     6.2122    24.7320     6.9973     9.9999     99.447    304.959    312.502   -0.00190    7.03622   10.05546  306.65342   15.79741 3.2504e-01     0.1339     1.4404    69.7601 0.0000e+00
        739 175.643433    0.05126     3.0759    184.552     79.761  50345.279    31.4655     6.2182     79.000     6.2116    24.7352     6.9908     9.9906     99.349    304.673    312.210   -0.00197    7.03661   10.05602  306.66962   15.79817 3.2778e-01     0.1326     1.4642    69.3463 0.0000e+00
        744 175.643446    0.05159     3.0953    185.715     80.771  50345.469    31.4652     6.2187     80.000     6.2116    24.7349     6.9831     9.9796     99.241    304.339    311.866   -0.00204    7.03654   10.05592  306.66651   15.79802 3.2812e-01     0.1433     1.4586    69.4445 0.0000e+00
        748 175.643459    0.05190     3.1144    186.862     81.781  50345.980    31.4646     6.2161     81.000     6.2083    24.7348     6.9853     9.9827     99.265    304.434    311.964   -0.00146    7.03700   10.05658  306.68676   15.79900 3.2517e-01     0.1198     1.4797    69.0792 0.0000e+00
        753 175.643473    0.05224     3.1347    188.079     82.789  50346.801    31.4638     6.2119     82.000     6.2031    24.7347     6.9860     9.9837     99.266    304.465    311.997   -0.00107    7.03773   10.05762  306.71834   15.80050 3.2822e-01     0.1302     1.5035    68.6698 0.0000e+00
        758 175.643488    0.05259     3.1554    189.323     83.795  50353.296    31.4672     6.2083     83.000     6.2017    24.7378     6.9786     9.9731     99.154    304.141    311.665   -0.00141    7.03816   10.05824  306.73643   15.80136 3.1379e-01     0.1182     1.5651    67.6193 0.0000e+00
