CTD-processing/allCTD/CNV/2022_04-12_ab_s03_cast123_4141.cnv
* Sea-Bird SBE19plus Data File:
* FileName = C:\GWA\CTD\2022_04-12_AB\2022_04-12_T6_S02_cast123.hex
* Software Version 1.59
* Temperature SN =  4141
* Conductivity SN =  4141
* System UpLoad Time = Apr 13 2022 14:20:38
** Cook Inlet LTM AlongBay
** Date: 04-12-2022
** Station:S03
** Start Time (AKDT):12:19
** Depth (m):110
** Comment:
** Comment:
# nquan = 27
# nvalues = 107                         
# units = specified
# name 0 = scan: Scan Count
# name 1 = timeJ: Julian Days
# name 2 = timeH: Time, Elapsed [hours]
# name 3 = timeM: Time, Elapsed [minutes]
# name 4 = timeS: Time, Elapsed [seconds]
# name 5 = prdM: Pressure, Strain Gauge [db]
# name 6 = specc: Specific Conductance [uS/cm]
# name 7 = sal00: Salinity, Practical [PSU]
# name 8 = tv290C: Temperature [ITS-90, deg C]
# name 9 = depSM: Depth [salt water, m], lat = 59.00
# name 10 = potemp090C: Potential Temperature [ITS-90, deg C]
# name 11 = sigma-é00: Density [sigma-theta, kg/m^3]
# name 12 = sbeox0ML/L: Oxygen, SBE 43 [ml/l]
# name 13 = sbeox0Mg/L: Oxygen, SBE 43 [mg/l]
# name 14 = sbeox0PS: Oxygen, SBE 43 [% saturation]
# name 15 = sbox0Mm/Kg: Oxygen, SBE 43 [umol/kg]
# name 16 = sbeox0Mm/L: Oxygen, SBE 43 [umol/l]
# name 17 = sbox0dV/dT: Oxygen, SBE 43 [dov/dt]
# name 18 = oxsolML/L: Oxygen Saturation, Garcia & Gordon [ml/l]
# name 19 = oxsolMg/L: Oxygen Saturation, Garcia & Gordon [mg/l]
# name 20 = oxsolMm/Kg: Oxygen Saturation, Garcia & Gordon [umol/kg]
# name 21 = n2satMg/L: Nitrogen Saturation [mg/l]
# name 22 = par: PAR/Irradiance, Biospherical/Licor
# name 23 = wetStar: Fluorescence, WET Labs WETstar [mg/m^3]
# name 24 = CStarAt0: Beam Attenuation, WET Labs C-Star [1/m]
# name 25 = CStarTr0: Beam Transmission, WET Labs C-Star [%]
# name 26 = flag: flag
# span 0 =        261,       1107       
# span 1 = 102.513682, 102.516129       
# span 2 =    0.01809,    0.07682       
# span 3 =     1.0853,     4.6093       
# span 4 =     65.119,    276.558       
# span 5 =      1.007,    108.030       
# span 6 =  50891.184,  51195.010       
# span 7 =    31.5282,    31.6515       
# span 8 =     4.3283,     4.5611       
# span 9 =      1.000,    107.000       
# span 10 =     4.3256,     4.5569      
# span 11 =    24.9743,    25.0857      
# span 12 =     6.9909,     7.6198      
# span 13 =     9.9909,    10.8894      
# span 14 =     95.238,    103.871      
# span 15 =    304.577,    332.000      
# span 16 =    312.218,    340.299      
# span 17 =   -0.00561,    0.00002      
# span 18 =    7.31598,    7.35507      
# span 19 =   10.45526,   10.51114      
# span 20 =  318.77015,  320.45590      
# span 21 =   16.37406,   16.45409      
# span 22 = 3.7356e-02, 3.2018e+02      
# span 23 =     0.3178,     2.4152      
# span 24 =     0.3950,     1.4652      
# span 25 =    74.4734,    90.5173      
# span 26 = 0.0000e+00, 0.0000e+00      
# interval = meters: 1                  
# start_time = Apr 12 2022 12:18:37 [Instrument's time stamp, header]
# bad_flag = -9.990e-29
*END*
[from data line 54]
        839 102.515354    0.05822     3.4933    209.600     55.525  51124.093    31.6263     4.3786     55.000     4.3745    25.0666     7.0974    10.1428     96.644    309.220    316.970   -0.00260    7.34384   10.49509  319.95582   16.43011 1.1703e-01     0.4491     0.5385    87.4030 0.0000e+00
        844 102.515368    0.05856     3.5136    210.818     56.535  51126.484    31.6273     4.3781     56.000     4.3743    25.0674     7.0954    10.1401     96.618    309.135    316.885   -0.00209    7.34386   10.49512  319.95649   16.43013 1.0403e-01     0.4365     0.5425    87.3173 0.0000e+00
        849 102.515383    0.05892     3.5350    212.098     57.548  51130.043    31.6290     4.3770     57.000     4.3720    25.0689     7.0901    10.1325     96.543    308.900    316.644   -0.00185    7.34397   10.49528  319.96091   16.43034 9.3152e-02     0.4173     0.5503    87.1459 0.0000e+00
        854 102.515397    0.05925     3.5548    213.291     58.555  51133.749    31.6306     4.3750     58.000     4.3712    25.0703     7.0703    10.1042     96.269    308.037    315.760   -0.00284    7.34426   10.49569  319.97297   16.43090 8.3932e-02     0.3928     0.5513    87.1257 0.0000e+00
        859 102.515412    0.05960     3.5763    214.578     59.565  51135.309    31.6311     4.3748     59.000     4.3696    25.0707     7.0855    10.1259     96.476    308.699    316.438   -0.00110    7.34427   10.49569  319.97292   16.43089 7.6312e-02     0.4725     0.5554    87.0365 0.0000e+00
        865 102.515427    0.05997     3.5982    215.891     60.578  51140.434    31.6335     4.3722     60.000     4.3682    25.0729     7.0764    10.1128     96.347    308.299    316.029   -0.00136    7.34461   10.49619  319.98735   16.43158 6.9804e-02     0.4308     0.5608    86.9182 0.0000e+00
        870 102.515442    0.06033     3.6196    217.174     61.583  51141.673    31.6337     4.3719     61.000     4.3674    25.0732     7.0750    10.1108     96.328    308.239    315.968   -0.00117    7.34465   10.49624  319.98902   16.43165 6.4497e-02     0.4466     0.5650    86.8279 0.0000e+00
        875 102.515457    0.06070     3.6423    218.536     62.594  51142.846    31.6339     4.3714     62.000     4.3672    25.0734     7.0709    10.1050     96.271    308.060    315.783   -0.00116    7.34474   10.49636  319.99259   16.43182 5.9868e-02     0.3941     0.5646    86.8371 0.0000e+00
        881 102.515473    0.06108     3.6648    219.885     63.606  51144.166    31.6343     4.3714     63.000     4.3674    25.0737     7.0703    10.1042     96.264    308.036    315.760   -0.00091    7.34471   10.49633  319.99133   16.43176 5.5819e-02     0.4291     0.5691    86.7397 0.0000e+00
        886 102.515488    0.06144     3.6861    221.168     64.614  51144.468    31.6342     4.3719     64.000     4.3676    25.0735     7.0633    10.0941     96.169    307.730    315.446   -0.00114    7.34463   10.49622  319.98815   16.43161 5.3821e-02     0.4441     0.5712    86.6917 0.0000e+00
        891 102.515502    0.06178     3.7070    222.420     65.625  51144.828    31.6339     4.3717     65.000     4.3673    25.0733     7.0617    10.0919     96.147    307.661    315.375   -0.00101    7.34467   10.49627  319.98993   16.43170 5.0913e-02     0.4226     0.5682    86.7570 0.0000e+00
        896 102.515517    0.06212     3.7275    223.650     66.633  51145.524    31.6338     4.3717     66.000     4.3672    25.0733     7.0656    10.0975     96.201    307.833    315.552   -0.00054    7.34469   10.49630  319.99068   16.43174 4.8682e-02     0.4846     0.5715    86.6863 0.0000e+00
        901 102.515531    0.06247     3.7484    224.902     67.644  51146.498    31.6340     4.3718     67.000     4.3673    25.0734     7.0641    10.0954     96.180    307.767    315.484   -0.00055    7.34466   10.49626  319.98932   16.43167 4.6788e-02     0.4568     0.5723    86.6695 0.0000e+00
        905 102.515545    0.06281     3.7684    226.103     68.650  51148.114    31.6345     4.3718     68.000     4.3672    25.0739     7.0633    10.0941     96.169    307.730    315.446   -0.00049    7.34464   10.49623  319.98833   16.43162 4.5345e-02     0.4800     0.5704    86.7107 0.0000e+00
        911 102.515560    0.06317     3.7900    227.398     69.667  51148.717    31.6345     4.3719     69.000     4.3673    25.0738     7.0603    10.0898     96.128    307.599    315.311   -0.00064    7.34462   10.49619  319.98727   16.43157 4.3958e-02     0.4187     0.5731    86.6504 0.0000e+00
        915 102.515574    0.06349     3.8092    228.555     70.670  51149.034    31.6342     4.3720     70.000     4.3672    25.0737     7.0608    10.0906     96.136    307.622    315.335   -0.00049    7.34462   10.49619  319.98736   16.43157 4.3017e-02     0.4388     0.5702    86.7150 0.0000e+00
        920 102.515588    0.06384     3.8304    229.823     71.683  51149.840    31.6343     4.3721     71.000     4.3674    25.0736     7.0574    10.0858     96.090    307.476    315.186   -0.00060    7.34460   10.49616  319.98650   16.43153 4.2069e-02     0.4429     0.5695    86.7299 0.0000e+00
        925 102.515603    0.06419     3.8514    231.085     72.693  51151.229    31.6349     4.3726     72.000     4.3678    25.0741     7.0556    10.0830     96.065    307.392    315.099   -0.00063    7.34448   10.49600  319.98134   16.43129 4.1213e-02     0.3747     0.5700    86.7184 0.0000e+00
        930 102.515617    0.06453     3.8721    232.328     73.701  51151.578    31.6346     4.3723     73.000     4.3672    25.0739     7.0579    10.0864     96.096    307.493    315.203   -0.00037    7.34453   10.49607  319.98360   16.43139 4.0646e-02     0.4416     0.5725    86.6641 0.0000e+00
        936 102.515633    0.06491     3.8945    233.671     74.714  51152.812    31.6348     4.3720     74.000     4.3672    25.0741     7.0585    10.0872     96.104    307.520    315.231   -0.00030    7.34457   10.49613  319.98519   16.43147 3.9940e-02     0.4252     0.5789    86.5258 0.0000e+00
        941 102.515647    0.06526     3.9156    234.939     75.718  51153.278    31.6348     4.3726     75.000     4.3674    25.0740     7.0604    10.0900     96.133    307.606    315.319   -0.00013    7.34448   10.49600  319.98135   16.43128 3.9182e-02     0.3932     0.5773    86.5604 0.0000e+00
        947 102.515664    0.06566     3.9397    236.384     76.733  51154.866    31.6352     4.3719     76.000     4.3665    25.0745     7.0570    10.0852     96.085    307.457    315.166   -0.00036    7.34459   10.49614  319.98560   16.43148 4.0182e-02     0.4282     0.5822    86.4550 0.0000e+00
        952 102.515680    0.06604     3.9622    237.732     77.741  51156.135    31.6355     4.3715     77.000     4.3662    25.0747     7.0535    10.0802     96.037    307.307    315.012   -0.00052    7.34463   10.49621  319.98775   16.43159 3.9199e-02     0.4460     0.5929    86.2221 0.0000e+00
        957 102.515695    0.06641     3.9847    239.082     78.751  51156.272    31.6350     4.3714     78.000     4.3660    25.0743     7.0536    10.0803     96.037    307.309    315.014   -0.00045    7.34469   10.49629  319.99021   16.43170 3.8702e-02     0.4140     0.5898    86.2919 0.0000e+00
        963 102.515711    0.06678     4.0063    240.377     79.763  51157.454    31.6353     4.3711     79.000     4.3657    25.0746     7.0548    10.0821     96.053    307.362    315.069   -0.00032    7.34472   10.49635  319.99170   16.43178 3.8575e-02     0.3838     0.5886    86.3172 0.0000e+00
        967 102.515724    0.06710     4.0262    241.573     80.770  51157.973    31.6352     4.3712     80.000     4.3658    25.0745     7.0574    10.0856     96.087    307.471    315.180   -0.00011    7.34471   10.49632  319.99106   16.43174 3.8527e-02     0.3989     0.5882    86.3259 0.0000e+00
        972 102.515739    0.06745     4.0473    242.838     81.780  51158.335    31.6349     4.3711     81.000     4.3655    25.0743     7.0550    10.0823     96.056    307.370    315.078   -0.00026    7.34473   10.49635  319.99185   16.43178 3.8253e-02     0.4953     0.5914    86.2551 0.0000e+00
        977 102.515753    0.06780     4.0678    244.069     82.790  51159.937    31.6354     4.3708     82.000     4.3652    25.0747     7.0511    10.0767     96.001    307.197    314.900   -0.00053    7.34478   10.49641  319.99389   16.43188 3.8273e-02     0.4291     0.5977    86.1204 0.0000e+00
        982 102.515768    0.06815     4.0887    245.324     83.800  51161.004    31.6356     4.3707     83.000     4.3651    25.0749     7.0536    10.0803     96.036    307.308    315.014   -0.00028    7.34478   10.49641  319.99388   16.43188 3.8402e-02     0.4151     0.6022    86.0232 0.0000e+00
        987 102.515782    0.06850     4.1100    246.602     84.810  51161.584    31.6355     4.3708     84.000     4.3652    25.0749     7.0530    10.0795     96.028    307.283    314.989   -0.00032    7.34477   10.49640  319.99337   16.43185 3.8327e-02     0.4473     0.6009    86.0515 0.0000e+00
        993 102.515798    0.06887     4.1319    247.913     85.819  51162.049    31.6353     4.3708     85.000     4.3651    25.0747     7.0574    10.0858     96.088    307.474    315.184    0.00002    7.34476   10.49640  319.99326   16.43185 3.8072e-02     0.4004     0.6011    86.0467 0.0000e+00
        998 102.515813    0.06924     4.1540    249.241     86.831  51162.973    31.6355     4.3708     86.000     4.3651    25.0748     7.0546    10.0817     96.050    307.351    315.058   -0.00023    7.34475   10.49639  319.99298   16.43183 3.8015e-02     0.4257     0.5995    86.0808 0.0000e+00
       1003 102.515828    0.06958     4.1753    250.518     87.840  51163.131    31.6351     4.3709     87.000     4.3651    25.0745     7.0557    10.0833     96.064    307.400    315.108   -0.00017    7.34476   10.49639  319.99332   16.43186 3.8028e-02     0.4357     0.5925    86.2313 0.0000e+00
       1008 102.515842    0.06994     4.1966    251.793     88.849  51164.299    31.6354     4.3709     88.000     4.3650    25.0747     7.0556    10.0831     96.063    307.393    315.101   -0.00016    7.34474   10.49637  319.99245   16.43181 3.7970e-02     0.3861     0.5949    86.1804 0.0000e+00
       1013 102.515857    0.07030     4.2176    253.054     89.862  51164.912    31.6353     4.3709     89.000     4.3649    25.0747     7.0520    10.0779     96.014    307.237    314.941   -0.00041    7.34475   10.49638  319.99278   16.43183 3.7791e-02     0.4312     0.5988    86.0962 0.0000e+00
       1018 102.515871    0.07062     4.2373    254.236     90.866  51165.970    31.6356     4.3709     90.000     4.3648    25.0749     7.0458    10.0692     95.930    306.968    314.666   -0.00077    7.34474   10.49636  319.99214   16.43180 3.7923e-02     0.4221     0.6047    85.9705 0.0000e+00
       1023 102.515885    0.07097     4.2584    255.506     91.881  51168.062    31.6365     4.3712     91.000     4.3654    25.0757     7.0495    10.0744     95.981    307.128    314.830   -0.00038    7.34465   10.49623  319.98794   16.43160 3.7860e-02     0.4341     0.6049    85.9653 0.0000e+00
       1028 102.515900    0.07132     4.2792    256.751     92.888  51169.291    31.6371     4.3723     92.000     4.3663    25.0760     7.0478    10.0721     95.962    307.056    314.756   -0.00041    7.34441   10.49590  319.97771   16.43110 3.7864e-02     0.4395     0.6151    85.7471 0.0000e+00
       1033 102.515915    0.07168     4.3005    258.032     93.898  51170.236    31.6374     4.3729     93.000     4.3667    25.0761     7.0531    10.0795     96.034    307.284    314.989   -0.00002    7.34431   10.49575  319.97306   16.43088 3.7817e-02     0.3995     0.6216    85.6078 0.0000e+00
       1038 102.515930    0.07203     4.3222    259.333     94.911  51172.872    31.6389     4.3737     94.000     4.3679    25.0773     7.0537    10.0805     96.046    307.312    315.019   -0.00003    7.34408   10.49542  319.96266   16.43038 3.7680e-02     0.4333     0.6259    85.5156 0.0000e+00
       1043 102.515944    0.07239     4.3432    260.590     95.919  51172.856    31.6386     4.3746     95.000     4.3683    25.0770     7.0486    10.0731     95.978    307.087    314.787   -0.00035    7.34393   10.49522  319.95654   16.43009 3.7840e-02     0.4213     0.6406    85.2021 0.0000e+00
       1049 102.515960    0.07275     4.3650    261.900     96.929  51173.375    31.6384     4.3748     96.000     4.3683    25.0769     7.0424    10.0644     95.895    306.820    314.514   -0.00068    7.34391   10.49518  319.95565   16.43005 3.7730e-02     0.3858     0.6484    85.0357 0.0000e+00
       1054 102.515974    0.07310     4.3861    263.165     97.938  51175.353    31.6393     4.3750     97.000     4.3687    25.0776     7.0405    10.0616     95.870    306.738    314.430   -0.00072    7.34383   10.49507  319.95176   16.42986 3.7878e-02     0.4022     0.6452    85.1036 0.0000e+00
       1059 102.515990    0.07347     4.4085    264.510     98.949  51179.971    31.6423     4.3760     98.000     4.3707    25.0798     7.0428    10.0649     95.905    306.837    314.532   -0.00039    7.34351   10.49461  319.93706   16.42915 3.8000e-02     0.3675     0.6456    85.0941 0.0000e+00
       1064 102.516005    0.07384     4.4304    265.826     99.959  51189.568    31.6495     4.3810     99.000     4.3767    25.0850     7.0439    10.0665     95.937    306.882    314.581   -0.00017    7.34225   10.49282  319.88085   16.42645 3.7921e-02     0.4184     0.6930    84.0940 0.0000e+00
       1070 102.516020    0.07420     4.4522    267.130    100.967  51187.038    31.6482     4.3852    100.000     4.3786    25.0836     7.0388    10.0591     95.876    306.661    314.354   -0.00043    7.34157   10.49185  319.85181   16.42507 3.8020e-02     0.4114     0.7697    82.4950 0.0000e+00
       1075 102.516036    0.07458     4.4747    268.482    101.978  51190.569    31.6503     4.3860    101.000     4.3802    25.0852     7.0223    10.0356     95.655    305.942    313.617   -0.00139    7.34134   10.49150  319.84064   16.42453 3.8132e-02     0.3834     0.7777    82.3313 0.0000e+00
       1081 102.516052    0.07497     4.4979    269.875    102.990  51191.660    31.6512     4.3889    102.000     4.3823    25.0856     7.0141    10.0239     95.550    305.585    313.251   -0.00153    7.34077   10.49070  319.81623   16.42336 3.7444e-02     0.3623     0.8031    81.8103 0.0000e+00
       1086 102.516067    0.07534     4.5201    271.206    103.995  51192.148    31.6512     4.3895    103.000     4.3826    25.0855     7.0029    10.0078     95.398    305.095    312.748   -0.00182    7.34067   10.49055  319.81145   16.42314 3.7398e-02     0.3560     0.8223    81.4187 0.0000e+00
       1091 102.516082    0.07570     4.5422    272.534    105.011  51193.207    31.6515     4.3899    104.000     4.3829    25.0857     6.9951     9.9967     95.294    304.756    312.401   -0.00191    7.34059   10.49043  319.80800   16.42298 3.7495e-02     0.3685     0.8792    80.2679 0.0000e+00
       1096 102.516097    0.07605     4.5631    273.787    106.017  51193.594    31.6513     4.3901    105.000     4.3829    25.0856     6.9989    10.0021     95.346    304.921    312.571   -0.00116    7.34055   10.49039  319.80665   16.42291 3.7380e-02     0.3815     0.9309    79.2371 0.0000e+00
       1102 102.516113    0.07643     4.5856    275.134    107.026  51194.543    31.6515     4.3902    106.000     4.3830    25.0857     6.9923     9.9927     95.256    304.634    312.276   -0.00130    7.34053   10.49036  319.80576   16.42287 3.7552e-02     0.3541     0.9424    79.0103 0.0000e+00
       1107 102.516129    0.07682     4.6093    276.558    108.030  51195.010    31.6513     4.3903    107.000     4.3831    25.0856     6.9909     9.9909     95.238    304.577    312.218   -0.00100    7.34052   10.49033  319.80494   16.42283 3.7356e-02     0.3178     0.9441    78.9764 0.0000e+00
