CTD-processing/allCTD/CNV/2022_02-28_ab_s10_cast076_4141.cnv
* Sea-Bird SBE19plus Data File:
* FileName = C:\Users\steve\Desktop\GWA\CTD\2022_02-28_AB\2022_02-28_AB_S0_cast076.hex
* Software Version 1.59
* Temperature SN =  4141
* Conductivity SN =  4141
* System UpLoad Time = Mar 03 2022 14:58:35
** Cook Inlet LTM AlongBay
** Date: 02-28-2022
** Station:S10
** Start Time (AKST):15:01
** Depth (m):66
** Comment:
** Comment:
# nquan = 27
# nvalues = 54                          
# units = specified
# name 0 = scan: Scan Count
# name 1 = timeJ: Julian Days
# name 2 = timeH: Time, Elapsed [hours]
# name 3 = timeM: Time, Elapsed [minutes]
# name 4 = timeS: Time, Elapsed [seconds]
# name 5 = prdM: Pressure, Strain Gauge [db]
# name 6 = specc: Specific Conductance [uS/cm]
# name 7 = sal00: Salinity, Practical [PSU]
# name 8 = tv290C: Temperature [ITS-90, deg C]
# name 9 = depSM: Depth [salt water, m], lat = 59.00
# name 10 = potemp090C: Potential Temperature [ITS-90, deg C]
# name 11 = sigma-é00: Density [sigma-theta, kg/m^3]
# name 12 = sbeox0ML/L: Oxygen, SBE 43 [ml/l]
# name 13 = sbeox0Mg/L: Oxygen, SBE 43 [mg/l]
# name 14 = sbeox0PS: Oxygen, SBE 43 [% saturation]
# name 15 = sbox0Mm/Kg: Oxygen, SBE 43 [umol/kg]
# name 16 = sbeox0Mm/L: Oxygen, SBE 43 [umol/l]
# name 17 = sbox0dV/dT: Oxygen, SBE 43 [dov/dt]
# name 18 = oxsolML/L: Oxygen Saturation, Garcia & Gordon [ml/l]
# name 19 = oxsolMg/L: Oxygen Saturation, Garcia & Gordon [mg/l]
# name 20 = oxsolMm/Kg: Oxygen Saturation, Garcia & Gordon [umol/kg]
# name 21 = n2satMg/L: Nitrogen Saturation [mg/l]
# name 22 = par: PAR/Irradiance, Biospherical/Licor
# name 23 = wetStar: Fluorescence, WET Labs WETstar [mg/m^3]
# name 24 = CStarAt0: Beam Attenuation, WET Labs C-Star [1/m]
# name 25 = CStarTr0: Beam Transmission, WET Labs C-Star [%]
# name 26 = flag: flag
# span 0 =        416,        668       
# span 1 =  59.626989,  59.627717       
# span 2 =    0.02884,    0.04631       
# span 3 =     1.7303,     2.7788       
# span 4 =    103.819,    166.731       
# span 5 =      1.013,     54.514       
# span 6 =  50455.767,  51426.850       
# span 7 =    30.8431,    31.4331       
# span 8 =     2.7756,     2.9443       
# span 9 =      1.000,     54.000       
# span 10 =     2.7707,     2.9281      
# span 11 =    24.5748,    25.0571      
# span 12 =     7.2993,     7.4346      
# span 13 =    10.4314,    10.6247      
# span 14 =     95.427,     97.285      
# span 15 =    318.017,    324.063      
# span 16 =    325.985,    332.027      
# span 17 =   -0.00213,    0.00073      
# span 18 =    7.63485,    7.65268      
# span 19 =   10.91097,   10.93645      
# span 20 =  332.73101,  333.57136      
# span 21 =   17.03951,   17.08041      
# span 22 = 3.6908e-02, 1.1001e+02      
# span 23 =     0.1720,     0.5012      
# span 24 =     0.7160,     1.7520      
# span 25 =    64.5287,    83.6104      
# span 26 = 0.0000e+00, 0.0000e+00      
# interval = meters: 1                  
# start_time = Feb 28 2022 15:01:08 [Instrument's time stamp, header]
# bad_flag = -9.990e-29
*END*
        416  59.626989    0.02884     1.7303    103.819      1.013  50455.767    30.8431     2.9180      1.000     2.9281    24.5748     7.4346    10.6247     97.150    324.063    332.027    0.00025    7.65268   10.93645  333.57136   17.08041 1.1001e+02     0.1721     1.5885    67.2919 0.0000e+00
        421  59.627003    0.02919     1.7513    105.077      2.019  50811.653    31.0893     2.9443      2.000     2.9222    24.7690     7.4276    10.6147     97.285    323.697    331.714    0.00073    7.63485   10.91097  332.73101   17.03951 6.6752e+01     0.1720     1.7520    64.5287 0.0000e+00
        426  59.627018    0.02954     1.7725    106.352      3.029  50947.356    31.1632     2.8788      3.000     2.8675    24.8333     7.4199    10.6037     97.074    323.340    331.369   -0.00036    7.64344   10.92325  333.08448   17.05600 4.7897e+01     0.2324     1.5532    67.8349 0.0000e+00
        431  59.627032    0.02988     1.7927    107.561      4.039  51017.949    31.2050     2.8587      4.000     2.8517    24.8683     7.4006    10.5762     96.802    322.492    330.511   -0.00173    7.64511   10.92562  333.14570   17.05874 3.7393e+01     0.3851     1.4104    70.2901 0.0000e+00
        436  59.627046    0.03020     1.8119    108.715      5.049  51087.520    31.2485     2.8477      5.000     2.8451    24.9038     7.4029    10.5795     96.834    322.581    330.614   -0.00123    7.64495   10.92539  333.12709   17.05768 2.9393e+01     0.4706     1.2889    72.4572 0.0000e+00
        440  59.627058    0.03051     1.8307    109.840      6.057  51115.929    31.2657     2.8423      6.000     2.8395    24.9181     7.4016    10.5776     96.815    322.519    330.555   -0.00106    7.64508   10.92558  333.12828   17.05767 2.3536e+01     0.4811     1.1968    74.1414 0.0000e+00
        445  59.627071    0.03082     1.8492    110.954      7.067  51162.547    31.2952     2.8365      7.000     2.8320    24.9420     7.3944    10.5674     96.727    322.200    330.237   -0.00127    7.64463   10.92495  333.10103   17.05625 1.8929e+01     0.4788     1.0738    76.4649 0.0000e+00
        449  59.627084    0.03113     1.8679    112.075      8.076  51208.359    31.3226     2.8255      8.000     2.8204    24.9648     7.3855    10.5546     96.602    321.802    329.836   -0.00162    7.64531   10.92590  333.12289   17.05719 1.5309e+01     0.5012     0.9525    78.8144 0.0000e+00
        454  59.627097    0.03144     1.8865    113.187      9.084  51234.469    31.3375     2.8171      9.000     2.8154    24.9774     7.3818    10.5492     96.542    321.635    329.669   -0.00156    7.64613   10.92708  333.15458   17.05863 1.2501e+01     0.4617     0.8881    80.0891 0.0000e+00
        458  59.627110    0.03176     1.9053    114.316     10.095  51242.884    31.3420     2.8146     10.000     2.8133    24.9811     7.3718    10.5352     96.410    321.204    329.228   -0.00188    7.64637   10.92742  333.16388   17.05905 1.0268e+01     0.4622     0.8558    80.7373 0.0000e+00
        463  59.627123    0.03207     1.9242    115.455     11.103  51248.564    31.3449     2.8132     11.000     2.8119    24.9835     7.3678    10.5293     96.356    321.026    329.047   -0.00173    7.64649   10.92760  333.16865   17.05927 8.4555e+00     0.4753     0.8439    80.9791 0.0000e+00
        467  59.627136    0.03239     1.9434    116.603     12.114  51266.727    31.3560     2.8107     12.000     2.8080    24.9926     7.3540    10.5095     96.175    320.419    328.426   -0.00213    7.64640   10.92747  333.16163   17.05889 6.9833e+00     0.4710     0.8161    81.5453 0.0000e+00
        472  59.627150    0.03272     1.9630    117.780     13.123  51276.969    31.3612     2.8066     13.000     2.8050    24.9972     7.3705    10.5332     96.385    321.139    329.166   -0.00087    7.64688   10.92816  333.18134   17.05980 5.8124e+00     0.4676     0.7767    82.3520 0.0000e+00
        477  59.627164    0.03304     1.9825    118.951     14.131  51280.806    31.3628     2.8045     14.000     2.8017    24.9985     7.3704    10.5330     96.380    321.134    329.162   -0.00052    7.64722   10.92865  333.19567   17.06048 4.8471e+00     0.4719     0.7692    82.5064 0.0000e+00
        482  59.627178    0.03338     2.0030    120.182     15.142  51289.065    31.3665     2.7997     15.000     2.7986    25.0019     7.3742    10.5384     96.420    321.296    329.329   -0.00047    7.64794   10.92967  333.22560   17.06188 4.0387e+00     0.4753     0.7558    82.7830 0.0000e+00
        487  59.627192    0.03373     2.0240    121.439     16.152  51288.929    31.3658     2.7995     16.000     2.7977    25.0014     7.3791    10.5454     96.484    321.512    329.550    0.00004    7.64800   10.92976  333.22854   17.06203 3.3587e+00     0.4683     0.7563    82.7741 0.0000e+00
        492  59.627207    0.03407     2.0442    122.652     17.161  51297.975    31.3705     2.7962     17.000     2.7922    25.0054     7.3574    10.5144     96.195    320.564    328.580   -0.00145    7.64839   10.93031  333.24403   17.06275 2.7921e+00     0.4420     0.7579    82.7401 0.0000e+00
        496  59.627220    0.03440     2.0638    123.828     18.171  51319.059    31.3821     2.7881     18.000     2.7851    25.0152     7.3787    10.5449     96.461    321.490    329.532    0.00001    7.64934   10.93167  333.28240   17.06452 2.3370e+00     0.4500     0.7396    83.1199 0.0000e+00
        501  59.627234    0.03472     2.0831    124.983     19.181  51323.722    31.3841     2.7857     19.000     2.7846    25.0171     7.3607    10.5192     96.223    320.706    328.729   -0.00102    7.64969   10.93216  333.29671   17.06519 1.9763e+00     0.4332     0.7239    83.4452 0.0000e+00
        506  59.627247    0.03504     2.1023    126.138     20.189  51323.877    31.3835     2.7856     20.000     2.7845    25.0167     7.3595    10.5175     96.206    320.654    328.676   -0.00094    7.64972   10.93222  333.29849   17.06528 1.6520e+00     0.4055     0.7209    83.5077 0.0000e+00
        510  59.627261    0.03537     2.1218    127.310     21.199  51326.250    31.3847     2.7858     21.000     2.7850    25.0176     7.3514    10.5060     96.102    320.303    328.316   -0.00130    7.64964   10.93210  333.29465   17.06509 1.3800e+00     0.4231     0.7217    83.4923 0.0000e+00
        515  59.627274    0.03569     2.1417    128.504     22.209  51325.774    31.3839     2.7861     22.000     2.7847    25.0169     7.3584    10.5159     96.193    320.606    328.626   -0.00057    7.64962   10.93207  333.29407   17.06507 1.1582e+00     0.4261     0.7197    83.5338 0.0000e+00
        520  59.627288    0.03602     2.1616    129.695     23.218  51326.135    31.3836     2.7859     23.000     2.7845    25.0167     7.3573    10.5143     96.177    320.556    328.575   -0.00056    7.64967   10.93215  333.29646   17.06518 9.7290e-01     0.4184     0.7203    83.5205 0.0000e+00
        525  59.627302    0.03637     2.1821    130.926     24.228  51327.268    31.3838     2.7857     24.000     2.7844    25.0169     7.3558    10.5122     96.157    320.492    328.510   -0.00058    7.64972   10.93221  333.29827   17.06527 8.1877e-01     0.4193     0.7186    83.5570 0.0000e+00
        530  59.627317    0.03672     2.2031    132.185     25.237  51328.500    31.3842     2.7859     25.000     2.7847    25.0171     7.3566    10.5133     96.170    320.530    328.549   -0.00041    7.64964   10.93211  333.29503   17.06511 6.8927e-01     0.4055     0.7166    83.5989 0.0000e+00
        535  59.627332    0.03707     2.2245    133.472     26.248  51328.491    31.3837     2.7861     26.000     2.7847    25.0167     7.3589    10.5167     96.200    320.630    328.651   -0.00026    7.64963   10.93209  333.29454   17.06509 5.7955e-01     0.4052     0.7160    83.6104 0.0000e+00
        540  59.627346    0.03742     2.2453    134.716     27.256  51330.359    31.3844     2.7860     27.000     2.7848    25.0173     7.3615    10.5204     96.234    320.742    328.766   -0.00005    7.64962   10.93206  333.29379   17.06505 4.8736e-01     0.4283     0.7203    83.5215 0.0000e+00
        545  59.627360    0.03776     2.2656    135.939     28.268  51336.454    31.3884     2.7875     28.000     2.7875    25.0204     7.3600    10.5182     96.220    320.675    328.698   -0.00014    7.64913   10.93138  333.27161   17.06398 4.1064e-01     0.4177     0.7225    83.4749 0.0000e+00
        549  59.627374    0.03808     2.2850    137.101     29.276  51338.549    31.3903     2.7911     29.000     2.7904    25.0216     7.3565    10.5131     96.185    320.521    328.541   -0.00039    7.64833   10.93023  333.23629   17.06230 3.4584e-01     0.4088     0.7221    83.4832 0.0000e+00
        554  59.627387    0.03840     2.3042    138.255     30.286  51338.954    31.3904     2.7927     30.000     2.7914    25.0216     7.3527    10.5077     96.138    320.355    328.370   -0.00050    7.64802   10.92979  333.22298   17.06166 2.9184e-01     0.3946     0.7202    83.5218 0.0000e+00
        559  59.627401    0.03872     2.3233    139.399     31.295  51340.659    31.3911     2.7933     31.000     2.7918    25.0222     7.3521    10.5068     96.132    320.328    328.343   -0.00049    7.64787   10.92958  333.21639   17.06135 2.4690e-01     0.3836     0.7208    83.5102 0.0000e+00
        563  59.627413    0.03904     2.3424    140.543     32.304  51342.831    31.3922     2.7936     32.000     2.7920    25.0230     7.3506    10.5047     96.114    320.262    328.277   -0.00050    7.64775   10.92941  333.21076   17.06108 2.0984e-01     0.3886     0.7207    83.5121 0.0000e+00
        568  59.627427    0.03936     2.3618    141.706     33.314  51349.508    31.3963     2.7942     33.000     2.7929    25.0262     7.3472    10.4999     96.075    320.116    328.128   -0.00062    7.64743   10.92894  333.19555   17.06034 1.7913e-01     0.3865     0.7190    83.5477 0.0000e+00
        573  59.627441    0.03969     2.3814    142.881     34.323  51352.879    31.3983     2.7951     34.000     2.7935    25.0277     7.3489    10.5023     96.100    320.188    328.201   -0.00041    7.64715   10.92855  333.18307   17.05974 1.5284e-01     0.3829     0.7180    83.5679 0.0000e+00
        577  59.627455    0.04002     2.4012    144.072     35.333  51354.417    31.3988     2.7950     35.000     2.7925    25.0281     7.3463    10.4986     96.066    320.075    328.086   -0.00049    7.64714   10.92852  333.18218   17.05970 1.3051e-01     0.3639     0.7219    83.4868 0.0000e+00
        582  59.627468    0.04035     2.4210    145.259     36.343  51358.062    31.4002     2.7930     36.000     2.7901    25.0294     7.3404    10.4902     95.985    319.818    327.823   -0.00083    7.64746   10.92899  333.19595   17.06034 1.1274e-01     0.3653     0.7212    83.5010 0.0000e+00
        587  59.627482    0.04068     2.4409    146.456     37.354  51363.929    31.4031     2.7911     37.000     2.7886    25.0319     7.3397    10.4891     95.973    319.786    327.791   -0.00067    7.64766   10.92928  333.20394   17.06071 9.7856e-02     0.3582     0.7207    83.5128 0.0000e+00
        591  59.627495    0.04100     2.4599    147.592     38.362  51369.972    31.4065     2.7903     38.000     2.7881    25.0346     7.3348    10.4821     95.909    319.570    327.570   -0.00093    7.64765   10.92925  333.20226   17.06062 8.5369e-02     0.3497     0.7223    83.4792 0.0000e+00
        596  59.627509    0.04131     2.4788    148.726     39.371  51374.140    31.4087     2.7898     39.000     2.7875    25.0364     7.3333    10.4801     95.890    319.507    327.506   -0.00082    7.64763   10.92922  333.20114   17.06056 7.5209e-02     0.3499     0.7228    83.4683 0.0000e+00
        601  59.627522    0.04164     2.4981    149.883     40.381  51376.698    31.4097     2.7893     40.000     2.7869    25.0374     7.3334    10.4801     95.890    319.508    327.507   -0.00069    7.64766   10.92927  333.20188   17.06059 6.6934e-02     0.3426     0.7246    83.4302 0.0000e+00
        605  59.627536    0.04197     2.5180    151.083     41.392  51379.509    31.4106     2.7878     41.000     2.7839    25.0382     7.3322    10.4784     95.872    319.455    327.454   -0.00062    7.64791   10.92962  333.21256   17.06109 6.0064e-02     0.3371     0.7208    83.5097 0.0000e+00
        610  59.627549    0.04229     2.5378    152.266     42.400  51386.927    31.4142     2.7844     42.000     2.7821    25.0413     7.3278    10.4722     95.810    319.267    327.262   -0.00081    7.64837   10.93028  333.23157   17.06198 5.4371e-02     0.3244     0.7225    83.4746 0.0000e+00
        615  59.627563    0.04263     2.5576    153.454     43.411  51390.089    31.4161     2.7853     43.000     2.7835    25.0427     7.3246    10.4676     95.771    319.125    327.117   -0.00087    7.64809   10.92988  333.21883   17.06137 4.9948e-02     0.3208     0.7225    83.4757 0.0000e+00
        620  59.627577    0.04296     2.5773    154.641     44.421  51392.801    31.4177     2.7865     44.000     2.7844    25.0440     7.3208    10.4622     95.725    318.960    326.948   -0.00090    7.64778   10.92944  333.20505   17.06071 4.6288e-02     0.3033     0.7267    83.3869 0.0000e+00
        624  59.627590    0.04327     2.5967    155.804     45.430  51397.310    31.4203     2.7869     45.000     2.7853    25.0460     7.3175    10.4574     95.684    318.814    326.798   -0.00093    7.64757   10.92915  333.19536   17.06023 4.3233e-02     0.3081     0.7274    83.3733 0.0000e+00
        629  59.627603    0.04360     2.6159    156.956     46.440  51402.685    31.4242     2.7898     46.000     2.7888    25.0489     7.3164    10.4558     95.679    318.764    326.748   -0.00077    7.64682   10.92806  333.16160   17.05862 4.1077e-02     0.2917     0.7266    83.3877 0.0000e+00
        633  59.627617    0.04392     2.6350    158.097     47.448  51402.479    31.4243     2.7929     47.000     2.7909    25.0487     7.3083    10.4443     95.580    318.413    326.389   -0.00105    7.64622   10.92722  333.13568   17.05738 3.9063e-02     0.2878     0.7253    83.4175 0.0000e+00
        638  59.627630    0.04425     2.6546    159.278     48.459  51402.837    31.4242     2.7933     48.000     2.7893    25.0485     7.3074    10.4430     95.569    318.372    326.347   -0.00096    7.64615   10.92711  333.13239   17.05723 3.7515e-02     0.2869     0.7255    83.4118 0.0000e+00
        643  59.627644    0.04456     2.6741    160.443     49.468  51406.172    31.4246     2.7886     49.000     2.7834    25.0494     7.3091    10.4454     95.581    318.447    326.423   -0.00072    7.64700   10.92834  333.16960   17.05900 3.6937e-02     0.2779     0.7268    83.3854 0.0000e+00
        648  59.627658    0.04490     2.6942    161.653     50.477  51413.031    31.4270     2.7821     50.000     2.7771    25.0517     7.3066    10.4418     95.534    318.335    326.310   -0.00078    7.64813   10.92995  333.21811   17.06129 3.6908e-02     0.2742     0.7318    83.2796 0.0000e+00
        653  59.627672    0.04525     2.7148    162.887     51.487  51420.219    31.4300     2.7771     51.000     2.7733    25.0545     7.3044    10.4388     95.497    318.245    326.218   -0.00085    7.64894   10.93110  333.25236   17.06290 3.6908e-02     0.2683     0.7372    83.1684 0.0000e+00
        658  59.627687    0.04559     2.7355    164.133     52.497  51425.381    31.4325     2.7756     52.000     2.7728    25.0567     7.3031    10.4368     95.477    318.184    326.157   -0.00074    7.64908   10.93130  333.25766   17.06315 3.6908e-02     0.2580     0.7433    83.0417 0.0000e+00
        663  59.627701    0.04594     2.7567    165.403     53.506  51426.850    31.4331     2.7758     53.000     2.7732    25.0571     7.3003    10.4328     95.441    318.061    326.030   -0.00076    7.64903   10.93123  333.25514   17.06302 3.6908e-02     0.2621     0.7445    83.0179 0.0000e+00
