CTD-processing/allCTD/CNV/2022_02-28_ab_s06_cast072_4141.cnv
* Sea-Bird SBE19plus Data File:
* FileName = C:\Users\steve\Desktop\GWA\CTD\2022_02-28_AB\2022_02-28_AB_S0_cast072.hex
* Software Version 1.59
* Temperature SN =  4141
* Conductivity SN =  4141
* System UpLoad Time = Mar 03 2022 14:52:49
** Cook Inlet LTM AlongBay
** Date: 02-28-2022
** Station:S06
** Start Time (AKST):14:16
** Depth (m):104
** Comment:
** Comment:
# nquan = 27
# nvalues = 101                         
# units = specified
# name 0 = scan: Scan Count
# name 1 = timeJ: Julian Days
# name 2 = timeH: Time, Elapsed [hours]
# name 3 = timeM: Time, Elapsed [minutes]
# name 4 = timeS: Time, Elapsed [seconds]
# name 5 = prdM: Pressure, Strain Gauge [db]
# name 6 = specc: Specific Conductance [uS/cm]
# name 7 = sal00: Salinity, Practical [PSU]
# name 8 = tv290C: Temperature [ITS-90, deg C]
# name 9 = depSM: Depth [salt water, m], lat = 59.00
# name 10 = potemp090C: Potential Temperature [ITS-90, deg C]
# name 11 = sigma-é00: Density [sigma-theta, kg/m^3]
# name 12 = sbeox0ML/L: Oxygen, SBE 43 [ml/l]
# name 13 = sbeox0Mg/L: Oxygen, SBE 43 [mg/l]
# name 14 = sbeox0PS: Oxygen, SBE 43 [% saturation]
# name 15 = sbox0Mm/Kg: Oxygen, SBE 43 [umol/kg]
# name 16 = sbeox0Mm/L: Oxygen, SBE 43 [umol/l]
# name 17 = sbox0dV/dT: Oxygen, SBE 43 [dov/dt]
# name 18 = oxsolML/L: Oxygen Saturation, Garcia & Gordon [ml/l]
# name 19 = oxsolMg/L: Oxygen Saturation, Garcia & Gordon [mg/l]
# name 20 = oxsolMm/Kg: Oxygen Saturation, Garcia & Gordon [umol/kg]
# name 21 = n2satMg/L: Nitrogen Saturation [mg/l]
# name 22 = par: PAR/Irradiance, Biospherical/Licor
# name 23 = wetStar: Fluorescence, WET Labs WETstar [mg/m^3]
# name 24 = CStarAt0: Beam Attenuation, WET Labs C-Star [1/m]
# name 25 = CStarTr0: Beam Transmission, WET Labs C-Star [%]
# name 26 = flag: flag
# span 0 =        437,        912       
# span 1 =  59.595602,  59.596976       
# span 2 =    0.03027,    0.06327       
# span 3 =     1.8163,     3.7965       
# span 4 =    108.978,    227.790       
# span 5 =      1.010,    101.963       
# span 6 =  50865.447,  51453.332       
# span 7 =    31.1393,    31.5685       
# span 8 =     2.9946,     3.6631       
# span 9 =      1.000,    101.000       
# span 10 =     2.9905,     3.6538      
# span 11 =    24.8048,    25.1209      
# span 12 =     6.4664,     7.0351      
# span 13 =     9.2411,    10.0539      
# span 14 =     84.876,     92.815      
# span 15 =    281.781,    306.510      
# span 16 =    288.787,    314.187      
# span 17 =   -0.04125,    0.00639      
# span 18 =    7.48555,    7.62269      
# span 19 =   10.69760,   10.89358      
# span 20 =  326.17032,  332.18933      
# span 21 =   16.72661,   17.01358      
# span 22 = 3.6861e-02, 1.6707e+02      
# span 23 =     0.1009,     0.5518      
# span 24 =     0.6158,     1.1545      
# span 25 =    74.9274,    85.7329      
# span 26 = 0.0000e+00, 0.0000e+00      
# interval = meters: 1                  
# start_time = Feb 28 2022 14:15:51 [Instrument's time stamp, header]
# bad_flag = -9.990e-29
*END*
        437  59.595602    0.03027     1.8163    108.978      1.010  50865.447    31.1393     2.9946      1.000     2.9905    24.8048     6.7482     9.6438     88.522    294.082    301.373   -0.02696    7.62269   10.89358  332.18933   17.01358 1.6707e+02     0.1009     0.9969    77.6877 0.0000e+00
        441  59.595614    0.03058     1.8350    110.097      2.018  50981.072    31.2169     2.9948      2.000     3.0057    24.8667     6.4664     9.2411     84.876    281.781    288.787   -0.04125    7.61862   10.88777  331.99206   17.00390 1.3046e+02     0.1047     0.9934    78.0246 0.0000e+00
        446  59.595628    0.03090     1.8543    111.256      3.028  51112.111    31.3231     3.0648      3.000     3.1407    24.9455     6.6677     9.5288     87.735    290.532    297.779   -0.01723    7.59989   10.86101  331.15051   16.96349 9.8846e+01     0.1133     0.9571    78.7239 0.0000e+00
        451  59.595642    0.03123     1.8740    112.439      4.038  50987.359    31.2760     3.2119      4.000     3.2260    24.8957     6.7773     9.6854     89.474    295.320    302.673   -0.00462    7.57463   10.82491  330.06577   16.91215 7.7464e+01     0.1546     0.8740    80.3734 0.0000e+00
        456  59.595656    0.03158     1.8945    113.672      5.047  50922.091    31.2318     3.2134      5.000     3.1857    24.8604     6.8244     9.7527     90.071    297.383    304.776   -0.00042    7.57664   10.82777  330.16449   16.91701 6.0472e+01     0.2219     0.8468    80.9220 0.0000e+00
        461  59.595670    0.03192     1.9155    114.929      6.059  51123.523    31.3645     3.2015      6.000     3.2677    24.9671     6.8283     9.7583     90.177    297.521    304.949   -0.00001    7.57204   10.82121  329.93017   16.90535 4.8771e+01     0.2836     0.8523    80.8104 0.0000e+00
        465  59.595684    0.03224     1.9345    116.069      7.066  51096.370    31.3866     3.3627      7.000     3.4231    24.9709     6.8666     9.8131     91.061    299.194    306.664    0.00411    7.54077   10.77652  328.56625   16.84045 3.9214e+01     0.3463     0.7722    82.4461 0.0000e+00
        470  59.595696    0.03255     1.9529    117.172      8.077  51073.530    31.4022     3.4885      8.000     3.5352    24.9722     6.8901     9.8466     91.664    300.212    307.709    0.00639    7.51661   10.74198  327.51299   16.79034 3.2301e+01     0.4101     0.7425    83.0601 0.0000e+00
        474  59.595709    0.03285     1.9710    118.262      9.086  51009.710    31.3782     3.5684      9.000     3.5820    24.9460     6.8861     9.8409     91.777    300.049    307.534    0.00541    7.50306   10.72263  326.93112   16.76278 2.7253e+01     0.4846     0.7168    83.5943 0.0000e+00
        478  59.595721    0.03315     1.9889    119.333     10.094  50999.135    31.3761     3.5912     10.000     3.5972    24.9423     6.8816     9.8345     91.767    299.854    307.333    0.00410    7.49895   10.71676  326.75334   16.75434 2.3242e+01     0.5195     0.6838    84.2862 0.0000e+00
        483  59.595734    0.03344     2.0067    120.402     11.103  51017.774    31.3923     3.6073     11.000     3.6173    24.9538     6.8734     9.8227     91.704    299.490    306.964    0.00275    7.49515   10.71132  326.58398   16.74622 1.9742e+01     0.5518     0.6631    84.7226 0.0000e+00
        487  59.595747    0.03375     2.0250    121.500     12.114  51007.228    31.3889     3.6251     12.000     3.6281    24.9495     6.8744     9.8242     91.755    299.536    307.009    0.00224    7.49205   10.70690  326.45057   16.73990 1.6920e+01     0.5443     0.6502    84.9977 0.0000e+00
        491  59.595759    0.03406     2.0432    122.591     13.121  51049.685    31.4202     3.6370     13.000     3.6538    24.9733     6.8724     9.8215     91.777    299.447    306.925    0.00182    7.48829   10.70152  326.27879   16.73160 1.4548e+01     0.5508     0.6394    85.2261 0.0000e+00
        496  59.595772    0.03437     2.0620    123.719     14.134  50981.298    31.3797     3.6631     14.000     3.6072    24.9386     6.8843     9.8384     91.968    299.973    307.454    0.00212    7.48555   10.69760  326.17032   16.72661 1.2597e+01     0.5325     0.6158    85.7329 0.0000e+00
        500  59.595785    0.03467     2.0803    124.817     15.141  50958.264    31.3164     3.4729     15.000     3.3895    24.9053     6.8982     9.8583     91.684    300.589    308.075    0.00050    7.52391   10.75242  327.85233   16.80681 1.0926e+01     0.5296     0.6584    84.8265 0.0000e+00
        505  59.595798    0.03498     2.0990    125.942     16.151  51120.588    31.3955     3.3514     16.000     3.3282    24.9790     6.8734     9.8228     91.130    299.485    306.966   -0.00285    7.54241   10.77886  328.63506   16.84369 9.2971e+00     0.5118     0.7127    83.6800 0.0000e+00
        509  59.595811    0.03531     2.1183    127.101     17.161  51164.568    31.4134     3.3063     17.000     3.2997    24.9972     6.9073     9.8713     91.489    300.960    308.483   -0.00048    7.54991   10.78956  328.95580   16.85886 7.8714e+00     0.4279     0.7451    83.0048 0.0000e+00
        514  59.595826    0.03564     2.1387    128.322     18.171  51178.334    31.4204     3.2993     18.000     3.2988    25.0034     6.9318     9.9061     91.801    302.019    309.571    0.00103    7.55085   10.79092  328.99486   16.86068 6.6566e+00     0.3953     0.7616    82.6627 0.0000e+00
        519  59.595840    0.03598     2.1591    129.547     19.180  51153.622    31.4011     3.2914     19.000     3.2765    24.9887     6.9471     9.9281     91.974    302.694    310.257    0.00158    7.55331   10.79443  329.10678   16.86608 5.6489e+00     0.3861     0.7652    82.5886 0.0000e+00
        524  59.595854    0.03633     2.1800    130.799     20.189  51172.424    31.4050     3.2586     20.000     3.2473    24.9946     6.9521     9.9353     91.969    302.911    310.481    0.00100    7.55923   10.80290  329.36319   16.87825 4.7840e+00     0.3799     0.7774    82.3375 0.0000e+00
        529  59.595869    0.03669     2.2014    132.083     21.200  51171.275    31.3966     3.2309     21.000     3.2172    24.9903     6.9674     9.9572     92.103    303.581    311.168    0.00127    7.56486   10.81095  329.60977   16.89000 4.0477e+00     0.3752     0.7599    82.7006 0.0000e+00
        534  59.595883    0.03703     2.2221    133.326     22.209  51190.000    31.3997     3.1958     22.000     3.1861    24.9958     6.9745     9.9672     92.118    303.885    311.480    0.00095    7.57128   10.82012  329.88776   16.90319 3.4187e+00     0.3703     0.7284    83.3527 0.0000e+00
        539  59.595897    0.03737     2.2421    134.524     23.219  51201.707    31.4041     3.1841     23.000     3.1792    25.0003     6.9821     9.9781     92.194    304.215    311.821    0.00093    7.57325   10.82293  329.97221   16.90719 2.8807e+00     0.3576     0.7379    83.1550 0.0000e+00
        544  59.595910    0.03768     2.2609    135.654     24.229  51194.251    31.3965     3.1760     24.000     3.1649    24.9948     6.9904     9.9901     92.280    304.579    312.193    0.00108    7.57517   10.82568  330.05742   16.91127 2.4254e+00     0.3602     0.7566    82.7676 0.0000e+00
        548  59.595923    0.03799     2.2795    136.769     25.238  51212.338    31.4031     3.1561     25.000     3.1519    25.0018     6.9910     9.9908     92.247    304.601    312.217    0.00061    7.57856   10.83051  330.20253   16.91814 2.0404e+00     0.3510     0.8364    81.1332 0.0000e+00
        553  59.595936    0.03830     2.2981    137.885     26.248  51179.334    31.3772     3.1445     26.000     3.1209    24.9822     6.9967     9.9989     92.279    304.854    312.469    0.00050    7.58207   10.83553  330.36206   16.92582 1.7099e+00     0.3436     0.8578    80.6988 0.0000e+00
        557  59.595949    0.03861     2.3165    138.989     27.255  51208.733    31.3849     3.0994     27.000     3.0821    24.9921     7.0029    10.0079     92.263    305.125    312.751    0.00027    7.59016   10.84709  330.71128   16.94238 1.4339e+00     0.3365     0.8840    80.1711 0.0000e+00
        561  59.595962    0.03892     2.3351    140.106     28.267  51236.851    31.3937     3.0623     28.000     3.0511    25.0023     7.0087    10.0161     92.260    305.374    313.009    0.00005    7.59669   10.85644  330.99286   16.95572 1.1989e+00     0.3826     0.8941    79.9696 0.0000e+00
        566  59.595975    0.03923     2.3535    141.213     29.275  51276.017    31.4175     3.0539     29.000     3.0552    25.0220     7.0131    10.0224     92.313    305.558    313.204    0.00020    7.59706   10.85695  331.00214   16.95606 1.0003e+00     0.3158     0.8454    80.9513 0.0000e+00
        570  59.595988    0.03954     2.3727    142.359     30.286  51276.495    31.4191     3.0609     30.000     3.0621    25.0226     7.0255    10.0401     92.493    306.098    313.757    0.00094    7.59564   10.85493  330.94043   16.95313 8.3692e-01     0.2958     0.8257    81.3483 0.0000e+00
        575  59.596001    0.03986     2.3915    143.491     31.294  51287.377    31.4280     3.0686     31.000     3.0721    25.0290     7.0257    10.0404     92.520    306.107    313.768    0.00084    7.59373   10.85220  330.85497   16.94903 7.0256e-01     0.2939     0.8279    81.3048 0.0000e+00
        580  59.596015    0.04019     2.4115    144.691     32.305  51292.799    31.4347     3.0822     32.000     3.0863    25.0333     7.0236    10.0374     92.527    306.013    313.673    0.00058    7.59083   10.84805  330.72707   16.94293 5.9031e-01     0.2868     0.8337    81.1861 0.0000e+00
        585  59.596029    0.04053     2.4316    145.895     33.314  51298.619    31.4420     3.0973     33.000     3.1005    25.0379     7.0255    10.0401     92.592    306.093    313.757    0.00067    7.58760   10.84344  330.58525   16.93616 4.9775e-01     0.2765     0.8478    80.9006 0.0000e+00
        589  59.596043    0.04086     2.4520    147.118     34.323  51293.520    31.4403     3.1061     34.000     3.1048    25.0358     7.0267    10.0419     92.627    306.149    313.815    0.00069    7.58603   10.84120  330.51736   16.93294 4.1982e-01     0.2695     0.8540    80.7757 0.0000e+00
        594  59.596057    0.04121     2.4727    148.362     35.333  51292.532    31.4391     3.1059     35.000     3.1033    25.0348     7.0234    10.0372     92.582    306.006    313.667    0.00020    7.58614   10.84135  330.52249   16.93319 3.5627e-01     0.2716     0.8535    80.7850 0.0000e+00
        600  59.596072    0.04157     2.4940    149.641     36.344  51295.382    31.4401     3.1044     36.000     3.1016    25.0357     7.0257    10.0404     92.609    306.102    313.765    0.00022    7.58637   10.84168  330.53223   16.93366 3.0202e-01     0.2636     0.8240    81.3844 0.0000e+00
        604  59.596086    0.04190     2.5141    150.844     37.353  51297.150    31.4403     3.1024     37.000     3.0994    25.0361     7.0240    10.0380     92.583    306.031    313.694   -0.00001    7.58673   10.84219  330.54751   16.93438 2.5565e-01     0.2662     0.7839    82.2033 0.0000e+00
        609  59.596100    0.04222     2.5335    152.012     38.364  51302.406    31.4428     3.1006     38.000     3.0975    25.0383     7.0234    10.0371     92.572    306.003    313.665   -0.00012    7.58695   10.84252  330.55668   16.93480 2.1744e-01     0.2721     0.7798    82.2869 0.0000e+00
        613  59.596112    0.04253     2.5519    153.116     39.370  51306.164    31.4442     3.0981     39.000     3.0954    25.0395     7.0291    10.0452     92.642    306.248    313.917    0.00016    7.58734   10.84308  330.57356   16.93560 1.8593e-01     0.2686     0.7835    82.2121 0.0000e+00
        618  59.596125    0.04285     2.5706    154.237     40.382  51312.992    31.4483     3.0983     40.000     3.0961    25.0428     7.0238    10.0378     92.577    306.022    313.685   -0.00020    7.58709   10.84272  330.56148   16.93501 1.5911e-01     0.2619     0.7872    82.1358 0.0000e+00
        622  59.596138    0.04315     2.5890    155.342     41.390  51317.704    31.4509     3.0979     41.000     3.0951    25.0450     7.0253    10.0397     92.595    306.082    313.748   -0.00015    7.58703   10.84263  330.55784   16.93483 1.3680e-01     0.2643     0.7973    81.9276 0.0000e+00
        627  59.596152    0.04346     2.6080    156.478     42.400  51319.334    31.4513     3.0973     42.000     3.0949    25.0453     7.0290    10.0451     92.643    306.245    313.914    0.00005    7.58712   10.84276  330.56204   16.93502 1.1833e-01     0.2603     0.8127    81.6137 0.0000e+00
        631  59.596164    0.04378     2.6269    157.617     43.410  51323.910    31.4540     3.0977     43.000     3.0956    25.0474     7.0351    10.0539     92.727    306.510    314.187    0.00036    7.58691   10.84245  330.55172   16.93453 1.0286e-01     0.2581     0.8542    80.7702 0.0000e+00
        636  59.596178    0.04410     2.6460    158.759     44.421  51328.720    31.4568     3.0980     44.000     3.0955    25.0497     7.0302    10.0468     92.664    306.294    313.967   -0.00002    7.58670   10.84216  330.54230   16.93406 9.0455e-02     0.2540     0.8612    80.6294 0.0000e+00
        641  59.596191    0.04441     2.6647    159.883     45.430  51377.217    31.4908     3.1047     45.000     3.1219    25.0762     7.0284    10.0442     92.677    306.208    313.887   -0.00006    7.58367   10.83783  330.40160   16.92724 7.6940e-02     0.2549     0.8599    80.6562 0.0000e+00
        645  59.596204    0.04472     2.6835    161.007     46.439  51363.660    31.4929     3.1498     46.000     3.1585    25.0740     7.0282    10.0440     92.780    306.202    313.880    0.00044    7.57511   10.82559  330.02942   16.90955 5.0542e-02     0.2529     0.7853    82.1750 0.0000e+00
        650  59.596217    0.04505     2.7028    162.168     47.449  51344.096    31.4839     3.1684     47.000     3.1684    25.0654     7.0208    10.0334     92.719    305.882    313.549    0.00000    7.57208   10.82127  329.90026   16.90345 5.3188e-02     0.2430     0.7545    82.8107 0.0000e+00
        654  59.596231    0.04536     2.7216    163.298     48.458  51339.051    31.4810     3.1722     48.000     3.1702    25.0627     7.0215    10.0344     92.736    305.913    313.580    0.00001    7.57151   10.82045  329.87602   16.90231 5.0836e-02     0.2419     0.7561    82.7758 0.0000e+00
        659  59.596243    0.04568     2.7406    164.438     49.468  51341.184    31.4825     3.1745     49.000     3.1724    25.0637     7.0210    10.0338     92.736    305.894    313.560   -0.00003    7.57099   10.81971  329.85334   16.90123 4.6858e-02     0.2437     0.7684    82.5236 0.0000e+00
        663  59.596257    0.04600     2.7603    165.620     50.477  51341.513    31.4826     3.1759     50.000     3.1735    25.0637     7.0220    10.0351     92.751    305.934    313.602    0.00002    7.57076   10.81936  329.84271   16.90072 4.4539e-02     0.2394     0.8023    81.8268 0.0000e+00
        668  59.596271    0.04635     2.7812    166.871     51.488  51354.168    31.4911     3.1777     51.000     3.1785    25.0703     7.0232    10.0368     92.777    305.982    313.653    0.00001    7.56995   10.81822  329.80590   16.89894 4.2203e-02     0.2463     0.8147    81.5739 0.0000e+00
        673  59.596286    0.04669     2.8013    168.078     52.496  51384.317    31.5138     3.1888     52.000     3.1882    25.0875     7.0204    10.0329     92.781    305.860    313.533    0.00001    7.56672   10.81359  329.65928   16.89188 4.0530e-02     0.2525     0.7538    82.8245 0.0000e+00
        678  59.596300    0.04703     2.8217    169.303     53.507  51383.704    31.5140     3.1928     53.000     3.1903    25.0872     7.0176    10.0288     92.752    305.735    313.405   -0.00014    7.56596   10.81251  329.62624   16.89031 3.8866e-02     0.2348     0.7370    83.1731 0.0000e+00
