CTD-processing/allCTD/CNV/2022_05-23_ab_s10_cast163_4141.cnv
* Sea-Bird SBE19plus Data File:
* FileName = C:\GWA\CTD\2022_05-23_AB\2022_05-23_AB_S0_cast163.hex
* Software Version 1.59
* Temperature SN =  4141
* Conductivity SN =  4141
* System UpLoad Time = May 24 2022 13:07:25
** Cook Inlet LTM AB
** Date: 05-23-2022
** Station:AB10
** Start Time (AKDT):13:08
** Depth (m):63
** Comment:
** Comment:
# nquan = 27
# nvalues = 55                          
# units = specified
# name 0 = scan: Scan Count
# name 1 = timeJ: Julian Days
# name 2 = timeH: Time, Elapsed [hours]
# name 3 = timeM: Time, Elapsed [minutes]
# name 4 = timeS: Time, Elapsed [seconds]
# name 5 = prdM: Pressure, Strain Gauge [db]
# name 6 = specc: Specific Conductance [uS/cm]
# name 7 = sal00: Salinity, Practical [PSU]
# name 8 = tv290C: Temperature [ITS-90, deg C]
# name 9 = depSM: Depth [salt water, m], lat = 59.00
# name 10 = potemp090C: Potential Temperature [ITS-90, deg C]
# name 11 = sigma-é00: Density [sigma-theta, kg/m^3]
# name 12 = sbeox0ML/L: Oxygen, SBE 43 [ml/l]
# name 13 = sbeox0Mg/L: Oxygen, SBE 43 [mg/l]
# name 14 = sbeox0PS: Oxygen, SBE 43 [% saturation]
# name 15 = sbox0Mm/Kg: Oxygen, SBE 43 [umol/kg]
# name 16 = sbeox0Mm/L: Oxygen, SBE 43 [umol/l]
# name 17 = sbox0dV/dT: Oxygen, SBE 43 [dov/dt]
# name 18 = oxsolML/L: Oxygen Saturation, Garcia & Gordon [ml/l]
# name 19 = oxsolMg/L: Oxygen Saturation, Garcia & Gordon [mg/l]
# name 20 = oxsolMm/Kg: Oxygen Saturation, Garcia & Gordon [umol/kg]
# name 21 = n2satMg/L: Nitrogen Saturation [mg/l]
# name 22 = par: PAR/Irradiance, Biospherical/Licor
# name 23 = wetStar: Fluorescence, WET Labs WETstar [mg/m^3]
# name 24 = CStarAt0: Beam Attenuation, WET Labs C-Star [1/m]
# name 25 = CStarTr0: Beam Transmission, WET Labs C-Star [%]
# name 26 = flag: flag
# span 0 =        351,        744       
# span 1 = 143.548362, 143.549500       
# span 2 =    0.02431,    0.05163       
# span 3 =     1.4586,     3.0977       
# span 4 =     87.516,    185.866       
# span 5 =      1.020,     55.528       
# span 6 =  47407.963,  50578.907       
# span 7 =    29.8267,    31.4305       
# span 8 =     5.1797,     8.4304       
# span 9 =      1.000,     55.000       
# span 10 =     5.1757,     8.3729      
# span 11 =    23.1535,    24.8270      
# span 12 =     7.0861,     8.4959      
# span 13 =    10.1268,    12.1414      
# span 14 =     98.244,    121.090      
# span 15 =    308.800,    370.403      
# span 16 =    316.466,    379.427      
# span 17 =   -0.03295,    0.01708      
# span 18 =    6.75983,    7.21322      
# span 19 =    9.66048,   10.30841      
# span 20 =  295.06245,  314.33829      
# span 21 =   15.25127,   16.16357      
# span 22 = 5.5655e-02, 3.9272e+02      
# span 23 =     0.1658,     6.8640      
# span 24 =     0.5553,     1.1695      
# span 25 =    74.6507,    87.0382      
# span 26 = 0.0000e+00, 0.0000e+00      
# interval = meters: 1                  
# start_time = May 23 2022 13:08:11 [Instrument's time stamp, header]
# bad_flag = -9.990e-29
*END*
        351 143.548362    0.02431     1.4586     87.516      1.020  47407.963    29.8267     8.4304      1.000     8.3729    23.1535     7.8784    11.2590    116.547    343.887    351.849   -0.00225    6.75983    9.66048  295.06245   15.25127 3.9272e+02     0.7487     1.1315    75.3618 0.0000e+00
        356 143.548376    0.02463     1.4779     88.672      2.020  47631.182    29.9499     8.2097      2.000     8.0353    23.2813     7.8647    11.2395    115.859    343.249    351.239   -0.00507    6.78824    9.70107  296.26522   15.30818 3.0340e+02     0.7995     1.1582    74.8595 0.0000e+00
        360 143.548389    0.02495     1.4969     89.813      3.027  48087.411    30.2161     7.8685      3.000     7.7562    23.5375     7.8380    11.2013    114.772    341.997    350.046   -0.01051    6.82922    9.75965  297.97941   15.38889 2.0473e+02     1.0473     1.1695    74.6507 0.0000e+00
        365 143.548403    0.02528     1.5166     90.997      4.038  48461.282    30.4353     7.6090      4.000     7.4999    23.7449     7.9563    11.3703    115.980    347.087    355.328   -0.00180    6.86000    9.80363  299.26171   15.44917 1.3765e+02     1.4536     1.1614    74.8025 0.0000e+00
        370 143.548416    0.02561     1.5366     92.196      5.050  48769.568    30.6022     7.3190      5.000     7.1608    23.9148     8.1532    11.6517    118.190    355.617    364.123    0.01007    6.89828    9.85833  300.88163   15.52576 9.7015e+01     2.5573     1.0834    76.2737 0.0000e+00
        374 143.548430    0.02592     1.5552     93.312      6.049  49083.007    30.7524     6.9214      6.000     6.7531    24.0847     8.3528    11.9370    120.096    364.263    373.037    0.01708    6.95503    9.93943  303.30657   15.64078 6.9634e+01     3.8943     0.9928    78.0221 0.0000e+00
        379 143.548445    0.02628     1.5770     94.620      7.075  49467.300    30.9549     6.5589      7.000     6.4828    24.2900     8.4816    12.1210    121.090    369.807    378.789    0.01674    7.00443   10.01003  305.39959   15.73973 4.8712e+01     5.5123     0.9699    78.4693 0.0000e+00
        384 143.548458    0.02659     1.5953     95.716      8.069  49607.899    31.0271     6.4236      8.000     6.3692    24.3636     8.4959    12.1414    120.969    370.403    379.427    0.01157    7.02324   10.03691  306.19778   15.77748 3.5210e+01     6.8640     0.9191    79.4728 0.0000e+00
        389 143.548472    0.02695     1.6167     97.004      9.090  49703.323    31.0620     6.2574      9.000     6.1461    24.4114     8.4573    12.0864    119.981    368.705    377.706    0.00326    7.04898   10.07370  307.30560   15.83012 2.5764e+01     6.7427     0.8409    81.0443 0.0000e+00
        394 143.548486    0.02726     1.6360     98.157     10.092  49943.489    31.1805     6.0094     10.000     5.9446    24.5347     8.2943    11.8534    117.078    361.554    370.425   -0.01224    7.08455   10.12453  308.81926   15.90176 2.0056e+01     5.8873     0.7155    83.6285 0.0000e+00
        399 143.548500    0.02762     1.6571     99.426     11.106  50088.440    31.2562     5.8852     11.000     5.8601    24.6092     8.0581    11.5158    113.467    351.232    359.876   -0.02747    7.10173   10.14908  309.54546   15.93604 1.5671e+01     3.5239     0.6796    84.3743 0.0000e+00
        404 143.548515    0.02796     1.6776    100.656     12.113  50141.271    31.2816     5.8310     12.000     5.8128    24.6356     7.8822    11.2644    110.866    343.553    352.016   -0.03295    7.10960   10.16034  309.88096   15.95192 1.2709e+01     3.1176     0.6232    85.5737 0.0000e+00
        409 143.548529    0.02830     1.6984    101.901     13.122  50159.476    31.2846     5.7849     13.000     5.7573    24.6433     7.7815    11.1206    109.334    339.165    347.523   -0.03140    7.11721   10.17120  310.21004   15.96758 1.0202e+01     2.6836     0.6379    85.2574 0.0000e+00
        414 143.548545    0.02868     1.7208    103.247     14.134  50218.996    31.3135     5.7256     14.000     5.7112    24.6730     7.7279    11.0439    108.449    336.816    345.127   -0.02623    7.12582   10.18351  310.57634   15.98491 8.3593e+00     2.2739     0.6083    85.8937 0.0000e+00
        419 143.548559    0.02903     1.7415    104.490     15.134  50232.498    31.3134     5.6808     15.000     5.6544    24.6781     7.6966    10.9992    107.895    335.450    343.728   -0.02155    7.13337   10.19431  310.90396   16.00052 6.9686e+00     2.0857     0.6012    86.0460 0.0000e+00
        425 143.548576    0.02944     1.7668    106.006     16.161  50288.100    31.3401     5.6252     16.000     5.6161    24.7057     7.6434    10.9231    107.027    333.121    341.351   -0.01848    7.14151   10.20592  311.25006   16.01689 5.9504e+00     1.7675     0.5553    87.0382 0.0000e+00
        430 143.548590    0.02976     1.7859    107.153     17.156  50303.722    31.3471     5.6089     17.000     5.6038    24.7130     7.6079    10.8724    106.495    331.574    339.769   -0.01632    7.14393   10.20938  311.35327   16.02178 4.9351e+00     1.0541     0.5752    86.6068 0.0000e+00
        435 143.548606    0.03015     1.8089    108.531     18.183  50310.233    31.3492     5.5996     18.000     5.5920    24.7158     7.5731    10.8227    105.985    330.057    338.215   -0.01382    7.14541   10.21150  311.41705   16.02481 4.0027e+00     1.3307     0.5884    86.3207 0.0000e+00
        440 143.548619    0.03046     1.8272    109.633     19.176  50324.017    31.3557     5.5867     19.000     5.5821    24.7224     7.5594    10.8032    105.767    329.459    337.604   -0.01148    7.14727   10.21417  311.49635   16.02856 3.3446e+00     1.5187     0.6082    85.8943 0.0000e+00
        445 143.548633    0.03081     1.8489    110.936     20.193  50328.613    31.3570     5.5801     20.000     5.5760    24.7242     7.5459    10.7838    105.562    328.870    337.001   -0.00906    7.14833   10.21568  311.54188   16.03072 2.7641e+00     1.0962     0.6361    85.2970 0.0000e+00
        450 143.548648    0.03116     1.8697    112.182     21.199  50334.939    31.3601     5.5761     21.000     5.5742    24.7271     7.5330    10.7653    105.373    328.303    336.421   -0.00752    7.14886   10.21643  311.56396   16.03176 2.3052e+00     1.3622     0.6307    85.4132 0.0000e+00
        455 143.548662    0.03152     1.8909    113.455     22.206  50335.602    31.3599     5.5752     22.000     5.5732    24.7271     7.5260    10.7554    105.273    328.002    336.112   -0.00586    7.14903   10.21668  311.57152   16.03212 1.8569e+00     1.1078     0.6418    85.1757 0.0000e+00
        460 143.548679    0.03190     1.9140    114.841     23.222  50338.790    31.3615     5.5748     23.000     5.5729    24.7284     7.5124    10.7360    105.083    327.408    335.504   -0.00506    7.14901   10.21665  311.57013   16.03205 1.4668e+00     1.0512     0.6388    85.2406 0.0000e+00
        465 143.548693    0.03224     1.9345    116.067     24.219  50340.559    31.3622     5.5744     24.000     5.5714    24.7289     7.5093    10.7315    105.040    327.273    335.366   -0.00386    7.14905   10.21671  311.57164   16.03212 1.1921e+00     1.0674     0.6478    85.0476 0.0000e+00
        471 143.548709    0.03263     1.9579    117.477     25.250  50349.248    31.3652     5.5620     25.000     5.5450    24.7328     7.5006    10.7191    104.888    326.891    334.976   -0.00347    7.15101   10.21951  311.65598   16.03612 9.5684e-01     0.9856     0.6624    84.7393 0.0000e+00
        475 143.548722    0.03294     1.9760    118.563     26.243  50374.740    31.3718     5.5106     26.000     5.4872    24.7439     7.4877    10.7006    104.585    326.325    334.399   -0.00412    7.15942   10.23152  312.01901   16.05338 8.0560e-01     0.9492     0.6629    84.7284 0.0000e+00
        480 143.548736    0.03327     1.9965    119.789     27.259  50415.777    31.3925     5.4757     27.000     5.4617    24.7642     7.4810    10.6911    104.419    326.027    334.101   -0.00387    7.16438   10.23861  312.22904   16.06330 6.6684e-01     0.7938     0.6596    84.7993 0.0000e+00
        485 143.548749    0.03359     2.0155    120.930     28.266  50435.723    31.3987     5.4416     28.000     5.4246    24.7729     7.4513    10.6486    103.924    324.729    332.773   -0.00531    7.16987   10.24647  312.46594   16.07455 5.6105e-01     0.6149     0.6539    84.9190 0.0000e+00
        489 143.548763    0.03391     2.0348    122.086     29.273  50450.502    31.4017     5.4089     29.000     5.3899    24.7790     7.4333    10.6229    103.595    323.942    331.969   -0.00574    7.17531   10.25423  312.70086   16.08573 4.7020e-01     0.5098     0.6533    84.9327 0.0000e+00
        494 143.548776    0.03424     2.0541    123.245     30.285  50458.372    31.3974     5.3637     30.000     5.3426    24.7806     7.4215    10.6060    103.316    323.427    331.442   -0.00562    7.18323   10.26555  313.04545   16.10215 3.8556e-01     0.4947     0.6457    85.0939 0.0000e+00
        499 143.548790    0.03457     2.0744    124.467     31.297  50484.706    31.4071     5.3260     31.000     5.3122    24.7925     7.3984    10.5730    102.910    322.419    330.412   -0.00611    7.18921   10.27410  313.30257   16.11436 3.2295e-01     0.4135     0.6438    85.1332 0.0000e+00
        503 143.548803    0.03487     2.0925    125.552     32.299  50494.935    31.4089     5.3030     32.000     5.2915    24.7965     7.3689    10.5308    102.444    321.131    329.093   -0.00701    7.19306   10.27960  313.46918   16.12228 2.7665e-01     0.5875     0.6502    84.9958 0.0000e+00
        508 143.548818    0.03524     2.1145    126.868     33.321  50505.204    31.4108     5.2803     33.000     5.2712    24.8005     7.3363    10.4843    101.937    319.710    327.639   -0.00746    7.19686   10.28504  313.63362   16.13011 2.3309e-01     0.3899     0.6559    84.8777 0.0000e+00
        513 143.548830    0.03554     2.1321    127.924     34.316  50509.988    31.4105     5.2658     34.000     5.2552    24.8019     7.3144    10.4530    101.598    318.755    326.660   -0.00739    7.19936   10.28860  313.74193   16.13526 2.1808e-01     0.4616     0.6793    84.3798 0.0000e+00
        518 143.548846    0.03591     2.1549    129.291     35.341  50524.952    31.4165     5.2474     35.000     5.2407    24.8087     7.2867    10.4134    101.172    317.545    325.423   -0.00728    7.20224   10.29272  313.86562   16.14113 2.0974e-01     0.4116     0.6739    84.4947 0.0000e+00
        522 143.548858    0.03620     2.1723    130.337     36.334  50526.924    31.4156     5.2387     36.000     5.2297    24.8089     7.2651    10.3825    100.851    316.605    324.459   -0.00721    7.20377   10.29491  313.93210   16.14429 1.6721e-01     0.3983     0.6941    84.0704 0.0000e+00
        528 143.548873    0.03657     2.1943    131.660     37.360  50539.378    31.4204     5.2237     37.000     5.2165    24.8144     7.2449    10.3537    100.539    315.724    323.559   -0.00665    7.20612   10.29826  314.03262   16.14906 1.4486e-01     0.2681     0.7052    83.8373 0.0000e+00
        532 143.548885    0.03685     2.2113    132.678     38.349  50538.471    31.4173     5.2141     38.000     5.2017    24.8130     7.2319    10.3351    100.332    315.156    322.976   -0.00616    7.20792   10.30084  314.11167   16.15283 1.3024e-01     0.3316     0.7326    83.2657 0.0000e+00
        537 143.548901    0.03723     2.2339    134.033     39.382  50559.875    31.4268     5.1916     39.000     5.1857    24.8230     7.2108    10.3049     99.993    314.236    322.035   -0.00598    7.21133   10.30572  314.25732   16.15973 1.1728e-01     0.3355     0.7726    82.4346 0.0000e+00
        541 143.548913    0.03751     2.2508    135.047     40.370  50566.731    31.4305     5.1894     40.000     5.1867    24.8262     7.1939    10.2808     99.755    313.496    321.279   -0.00580    7.21152   10.30599  314.26461   16.16006 1.0521e-01     0.2354     0.7939    81.9977 0.0000e+00
        547 143.548929    0.03791     2.2742    136.450     41.404  50566.599    31.4302     5.1905     41.000     5.1877    24.8258     7.1565    10.2274     99.240    311.868    319.610   -0.00654    7.21134   10.30574  314.25689   16.15970 9.4876e-02     0.1910     0.7762    82.3610 0.0000e+00
        551 143.548941    0.03819     2.2915    137.490     42.389  50566.183    31.4296     5.1909     42.000     5.1880    24.8253     7.1480    10.2152     99.122    311.497    319.230   -0.00573    7.21132   10.30570  314.25602   16.15966 8.8722e-02     0.2199     0.7940    81.9962 0.0000e+00
        557 143.548958    0.03859     2.3158    138.947     43.426  50564.966    31.4282     5.1911     43.000     5.1874    24.8242     7.1493    10.2171     99.140    311.554    319.288   -0.00380    7.21135   10.30574  314.25777   16.15975 7.7646e-02     0.2422     0.7776    82.3317 0.0000e+00
        561 143.548969    0.03887     2.3323    139.939     44.410  50567.620    31.4294     5.1901     44.000     5.1866    24.8252     7.1447    10.2105     99.074    311.352    319.082   -0.00331    7.21147   10.30590  314.26245   16.15997 7.8608e-02     0.2201     0.7956    81.9638 0.0000e+00
        566 143.548985    0.03925     2.3549    141.297     45.439  50567.965    31.4287     5.1882     45.000     5.1835    24.8250     7.1389    10.2023     98.990    311.102    318.825   -0.00278    7.21184   10.30643  314.27852   16.16073 7.3054e-02     0.1993     0.7897    82.0848 0.0000e+00
        571 143.548998    0.03955     2.3729    142.376     46.436  50570.114    31.4294     5.1866     46.000     5.1828    24.8256     7.1337    10.1948     98.914    310.874    318.592   -0.00250    7.21207   10.30677  314.28880   16.16122 7.0231e-02     0.2062     0.7972    81.9312 0.0000e+00
        576 143.549012    0.03990     2.3938    143.625     47.453  50570.845    31.4292     5.1857     47.000     5.1818    24.8257     7.1240    10.1809     98.777    310.452    318.159   -0.00259    7.21223   10.30700  314.29573   16.16155 7.0137e-02     0.2812     0.8111    81.6473 0.0000e+00
        580 143.549025    0.04020     2.4118    144.708     48.455  50572.146    31.4295     5.1850     48.000     5.1812    24.8259     7.1265    10.1845     98.810    310.562    318.272   -0.00185    7.21234   10.30716  314.30051   16.16178 6.5535e-02     0.2234     0.8091    81.6876 0.0000e+00
        585 143.549039    0.04056     2.4333    145.999     49.476  50572.575    31.4291     5.1843     49.000     5.1799    24.8257     7.1258    10.1835     98.799    310.531    318.240   -0.00136    7.21249   10.30736  314.30666   16.16207 6.3447e-02     0.2017     0.8083    81.7026 0.0000e+00
        589 143.549052    0.04086     2.4514    147.087     50.471  50574.574    31.4296     5.1825     50.000     5.1784    24.8263     7.1208    10.1764     98.726    310.312    318.016   -0.00150    7.21276   10.30775  314.31831   16.16263 6.1601e-02     0.2057     0.8152    81.5633 0.0000e+00
        595 143.549067    0.04123     2.4736    148.413     51.498  50576.419    31.4303     5.1818     51.000     5.1778    24.8269     7.1162    10.1697     98.659    310.110    317.809   -0.00138    7.21286   10.30790  314.32270   16.16283 6.3081e-02     0.2012     0.8056    81.7577 0.0000e+00
        599 143.549081    0.04155     2.4927    149.565     52.497  50576.579    31.4298     5.1813     52.000     5.1771    24.8266     7.1157    10.1689     98.650    310.085    317.783   -0.00116    7.21297   10.30805  314.32752   16.16306 6.2651e-02     0.1949     0.8118    81.6311 0.0000e+00
        604 143.549094    0.04188     2.5128    150.770     53.507  50577.315    31.4296     5.1805     53.000     5.1760    24.8266     7.1075    10.1571     98.534    309.726    317.415   -0.00142    7.21311   10.30824  314.33344   16.16335 6.0822e-02     0.1658     0.8191    81.4838 0.0000e+00
