CTD-processing/Workspace/ADFG-BobDeCino/2004/CTD Data/CTD/mc/MC070404.asc
* Sea-Bird SBE37 Data File:
* FileName = C:\OTF\CTD\mc\MC070404.asc
* Software Version 1.26
* Temperature SN = 2970
* Conductivity SN = 2970
* System UpLoad Time = Jul 04 2004 11:05:07
* ds
* SBE37-SM V 2.3  SERIAL NO. 2970    07-04-2004  11:03:54
*END*
[from data line 322]
  9.1455, 3.28146,   12.881, 07-04-2004, 06:19:30
  9.1411, 3.28192,   12.832, 07-04-2004, 06:19:35
  9.1450, 3.28147,   13.278, 07-04-2004, 06:19:40
  9.1391, 3.28227,   14.157, 07-04-2004, 06:19:45
  9.1368, 3.28246,   14.292, 07-04-2004, 06:19:50
  9.1355, 3.28267,   14.463, 07-04-2004, 06:19:55
  9.1378, 3.28249,   14.481, 07-04-2004, 06:20:00
  9.1356, 3.28263,   14.401, 07-04-2004, 06:20:05
  9.1364, 3.28261,   14.591, 07-04-2004, 06:20:10
  9.1336, 3.28269,   14.395, 07-04-2004, 06:20:15
  9.1371, 3.28252,   14.389, 07-04-2004, 06:20:20
  9.1367, 3.28249,   14.542, 07-04-2004, 06:20:25
  9.1349, 3.28261,   14.444, 07-04-2004, 06:20:30
  9.1353, 3.28261,   14.524, 07-04-2004, 06:20:35
  9.1362, 3.28252,   14.499, 07-04-2004, 06:20:40
  9.1357, 3.28248,   14.456, 07-04-2004, 06:20:45
  9.1367, 3.28243,   14.444, 07-04-2004, 06:20:50
  9.1367, 3.28244,   14.572, 07-04-2004, 06:20:55
  9.1353, 3.28249,   14.579, 07-04-2004, 06:21:00
  9.1356, 3.28256,   14.273, 07-04-2004, 06:21:05
  9.1369, 3.28243,   14.505, 07-04-2004, 06:21:10
  9.1372, 3.28246,   14.499, 07-04-2004, 06:21:15
  9.1368, 3.28234,   14.383, 07-04-2004, 06:21:20
  9.1362, 3.28234,   14.475, 07-04-2004, 06:21:25
  9.1374, 3.28230,   14.481, 07-04-2004, 06:21:30
  9.1365, 3.28235,   14.414, 07-04-2004, 06:21:35
  9.1393, 3.28212,   14.408, 07-04-2004, 06:21:40
  9.1376, 3.28208,   14.469, 07-04-2004, 06:21:45
  9.1358, 3.28237,   14.493, 07-04-2004, 06:21:50
  9.1398, 3.28208,   14.285, 07-04-2004, 06:21:55
  9.1373, 3.28221,   14.444, 07-04-2004, 06:22:00
  9.1404, 3.28191,   14.493, 07-04-2004, 06:22:05
  9.1405, 3.28198,   14.255, 07-04-2004, 06:22:10
  9.1375, 3.28207,   14.530, 07-04-2004, 06:22:15
  9.1388, 3.28211,   14.432, 07-04-2004, 06:22:20
  9.1388, 3.28204,   14.310, 07-04-2004, 06:22:25
  9.1397, 3.28195,   14.469, 07-04-2004, 06:22:30
  9.1401, 3.28190,   14.487, 07-04-2004, 06:22:35
  9.1412, 3.28178,   14.389, 07-04-2004, 06:22:40
  9.1422, 3.28174,   14.585, 07-04-2004, 06:22:45
  9.1367, 3.28195,   14.481, 07-04-2004, 06:22:50
  9.1392, 3.28209,   14.371, 07-04-2004, 06:22:55
  9.1386, 3.28199,   14.438, 07-04-2004, 06:23:00
  9.1390, 3.28207,   14.658, 07-04-2004, 06:23:05
  9.1408, 3.28197,   14.310, 07-04-2004, 06:23:10
  9.1381, 3.28196,   14.389, 07-04-2004, 06:23:15
  9.1382, 3.28204,   14.365, 07-04-2004, 06:23:20
  9.1373, 3.28210,   14.444, 07-04-2004, 06:23:25
  9.1389, 3.28207,   14.554, 07-04-2004, 06:23:30
  9.1378, 3.28196,   14.414, 07-04-2004, 06:23:35
  9.1374, 3.28207,   14.334, 07-04-2004, 06:23:40
  9.1371, 3.28219,   14.493, 07-04-2004, 06:23:45
  9.1355, 3.28228,   14.493, 07-04-2004, 06:23:50
  9.1359, 3.28234,   14.420, 07-04-2004, 06:23:55
  9.1346, 3.28243,   14.456, 07-04-2004, 06:24:00
  9.1356, 3.28239,   14.389, 07-04-2004, 06:24:05
  9.1369, 3.28223,   14.432, 07-04-2004, 06:24:10
  9.1314, 3.28274,   14.548, 07-04-2004, 06:24:15
  9.1350, 3.28250,   14.395, 07-04-2004, 06:24:20
  9.1361, 3.28244,   14.444, 07-04-2004, 06:24:25
  9.1325, 3.28254,   14.444, 07-04-2004, 06:24:30
  9.1335, 3.28259,   14.414, 07-04-2004, 06:24:35
  9.1351, 3.28240,   14.566, 07-04-2004, 06:24:40
  9.1364, 3.28234,   14.316, 07-04-2004, 06:24:45
  9.1361, 3.28230,   14.469, 07-04-2004, 06:24:50
  9.1350, 3.28227,   14.585, 07-04-2004, 06:24:55
  9.1361, 3.28239,   14.328, 07-04-2004, 06:25:00
  9.1346, 3.28237,   14.359, 07-04-2004, 06:25:05
  9.1321, 3.28255,   14.456, 07-04-2004, 06:25:10
  9.1300, 3.28286,   14.469, 07-04-2004, 06:25:15
  9.1313, 3.28286,   14.347, 07-04-2004, 06:25:20
  9.1330, 3.28262,   14.505, 07-04-2004, 06:25:25
  9.1286, 3.28294,   14.267, 07-04-2004, 06:25:30
  9.1304, 3.28297,   14.493, 07-04-2004, 06:25:35
  9.1313, 3.28286,   14.548, 07-04-2004, 06:25:40
  9.1309, 3.28281,   14.359, 07-04-2004, 06:25:45
  9.1311, 3.28282,   14.438, 07-04-2004, 06:25:50
  9.1320, 3.28277,   14.450, 07-04-2004, 06:25:58
  9.1306, 3.28278,   14.401, 07-04-2004, 06:26:03
  9.1282, 3.28286,   14.463, 07-04-2004, 06:26:08
  9.1278, 3.28315,   14.505, 07-04-2004, 06:26:13
  9.1283, 3.28308,   14.463, 07-04-2004, 06:26:18
  9.1285, 3.28314,   14.426, 07-04-2004, 06:26:23
  9.1290, 3.28317,   14.591, 07-04-2004, 06:26:28
  9.1293, 3.28309,   14.395, 07-04-2004, 06:26:33
  9.1283, 3.28308,   14.444, 07-04-2004, 06:26:38
  9.1288, 3.28314,   14.554, 07-04-2004, 06:26:43
  9.1292, 3.28311,   14.316, 07-04-2004, 06:26:48
  9.1298, 3.28299,   14.432, 07-04-2004, 06:26:53
  9.1304, 3.28302,   14.444, 07-04-2004, 06:26:58
  9.1304, 3.28297,   14.481, 07-04-2004, 06:27:03
  9.1309, 3.28288,   14.505, 07-04-2004, 06:27:08
  9.1323, 3.28282,   14.420, 07-04-2004, 06:27:13
  9.1319, 3.28272,   14.432, 07-04-2004, 06:27:18
  9.1315, 3.28276,   14.414, 07-04-2004, 06:27:23
  9.1299, 3.28298,   14.536, 07-04-2004, 06:27:28
  9.1310, 3.28289,   14.426, 07-04-2004, 06:27:33
  9.1298, 3.28309,   14.481, 07-04-2004, 06:27:38
  9.1283, 3.28315,   14.469, 07-04-2004, 06:27:43
  9.1310, 3.28298,   14.444, 07-04-2004, 06:27:48
  9.1294, 3.28302,   14.426, 07-04-2004, 06:27:53
  9.1311, 3.28287,   14.444, 07-04-2004, 06:27:58
  9.1322, 3.28279,   14.517, 07-04-2004, 06:28:03
  9.1322, 3.28276,   14.566, 07-04-2004, 06:28:08
  9.1307, 3.28283,   14.389, 07-04-2004, 06:28:13
  9.1348, 3.28248,   14.395, 07-04-2004, 06:28:18
  9.1304, 3.28267,   14.554, 07-04-2004, 06:28:23
  9.1283, 3.28308,   14.408, 07-04-2004, 06:28:28
  9.1319, 3.28281,   14.365, 07-04-2004, 06:28:33
  9.1308, 3.28280,   14.530, 07-04-2004, 06:28:38
  9.1310, 3.28283,   14.377, 07-04-2004, 06:28:43
  9.1297, 3.28300,   14.426, 07-04-2004, 06:28:48
  9.1326, 3.28274,   14.511, 07-04-2004, 06:28:53
  9.1335, 3.28256,   14.493, 07-04-2004, 06:28:58
  9.1357, 3.28234,   14.328, 07-04-2004, 06:29:03
  9.1350, 3.28229,   14.572, 07-04-2004, 06:29:08
  9.1337, 3.28249,   14.316, 07-04-2004, 06:29:13
  9.1368, 3.28223,   14.371, 07-04-2004, 06:29:18
  9.1316, 3.28253,   14.621, 07-04-2004, 06:29:23
  9.1300, 3.28284,   14.334, 07-04-2004, 06:29:28
  9.1301, 3.28287,   14.499, 07-04-2004, 06:29:33
  9.1310, 3.28281,   14.408, 07-04-2004, 06:29:38
  9.1326, 3.28267,   14.401, 07-04-2004, 06:29:43
  9.1339, 3.28255,   14.542, 07-04-2004, 06:29:48
  9.1304, 3.28277,   14.328, 07-04-2004, 06:29:53
  9.1319, 3.28268,   14.359, 07-04-2004, 06:29:58
  9.1312, 3.28272,   14.475, 07-04-2004, 06:30:03
  9.1318, 3.28265,   14.408, 07-04-2004, 06:30:08
  9.1332, 3.28253,   14.463, 07-04-2004, 06:30:13
  9.1325, 3.28255,   14.530, 07-04-2004, 06:30:18
  9.1319, 3.28255,   14.469, 07-04-2004, 06:30:23
  9.1327, 3.28250,   14.426, 07-04-2004, 06:30:28
  9.1335, 3.28244,   14.438, 07-04-2004, 06:30:33
  9.1356, 3.28230,   14.408, 07-04-2004, 06:30:38
  9.1351, 3.28228,   14.487, 07-04-2004, 06:30:43
  9.1327, 3.28247,   14.475, 07-04-2004, 06:30:48
  9.1328, 3.28246,   14.456, 07-04-2004, 06:30:53
  9.1353, 3.28234,   14.542, 07-04-2004, 06:30:58
  9.1338, 3.28234,   14.359, 07-04-2004, 06:31:03
  9.1345, 3.28229,   14.426, 07-04-2004, 06:31:08
  9.1353, 3.28215,   14.328, 07-04-2004, 06:31:13
  9.1325, 3.28241,   14.493, 07-04-2004, 06:31:18
  9.1333, 3.28237,   14.292, 07-04-2004, 06:31:23
  9.1335, 3.28234,   14.536, 07-04-2004, 06:31:28
  9.1338, 3.28233,   14.548, 07-04-2004, 06:31:33
  9.1340, 3.28227,   14.408, 07-04-2004, 06:31:38
  9.1335, 3.28229,   14.493, 07-04-2004, 06:31:43
  9.1299, 3.28247,   14.383, 07-04-2004, 06:31:48
  9.1306, 3.28252,   14.456, 07-04-2004, 06:31:53
  9.1325, 3.28240,   14.591, 07-04-2004, 06:31:58
  9.1331, 3.28231,   14.334, 07-04-2004, 06:32:03
  9.1327, 3.28230,   14.475, 07-04-2004, 06:32:08
  9.1328, 3.28228,   14.475, 07-04-2004, 06:32:13
  9.1349, 3.28220,   14.444, 07-04-2004, 06:32:18
  9.1352, 3.28214,   14.493, 07-04-2004, 06:32:23
  9.1356, 3.28204,   14.304, 07-04-2004, 06:32:28
  9.1353, 3.28204,   14.560, 07-04-2004, 06:32:33
  9.1357, 3.28202,   14.585, 07-04-2004, 06:32:38
  9.1338, 3.28210,   14.359, 07-04-2004, 06:32:43
  9.1343, 3.28207,   14.414, 07-04-2004, 06:32:48
  9.1353, 3.28206,   14.646, 07-04-2004, 06:32:53
  9.1358, 3.28201,   14.334, 07-04-2004, 06:32:58
  9.1357, 3.28195,   14.444, 07-04-2004, 06:33:03
  9.1348, 3.28196,   14.524, 07-04-2004, 06:33:08
  9.1356, 3.28193,   14.353, 07-04-2004, 06:33:13
  9.1341, 3.28202,   14.487, 07-04-2004, 06:33:18
  9.1357, 3.28192,   14.499, 07-04-2004, 06:33:23
  9.1358, 3.28187,   14.487, 07-04-2004, 06:33:28
  9.1340, 3.28195,   14.493, 07-04-2004, 06:33:33
  9.1346, 3.28198,   14.585, 07-04-2004, 06:33:38
  9.1368, 3.28183,   14.395, 07-04-2004, 06:33:43
  9.1349, 3.28195,   14.456, 07-04-2004, 06:33:48
  9.1361, 3.28187,   14.591, 07-04-2004, 06:33:53
  9.1352, 3.28189,   14.426, 07-04-2004, 06:33:58
  9.1347, 3.28191,   14.298, 07-04-2004, 06:34:03
  9.1340, 3.28194,   14.530, 07-04-2004, 06:34:08
  9.1354, 3.28192,   14.426, 07-04-2004, 06:34:13
  9.1347, 3.28186,   14.340, 07-04-2004, 06:34:18
  9.1361, 3.28181,   14.475, 07-04-2004, 06:34:23
  9.1361, 3.28173,   14.444, 07-04-2004, 06:34:28
  9.1342, 3.28169,   14.273, 07-04-2004, 06:34:33
  9.1346, 3.28187,   14.536, 07-04-2004, 06:34:38
  9.1349, 3.28178,   14.591, 07-04-2004, 06:34:43
  9.1353, 3.28180,   14.255, 07-04-2004, 06:34:48
  9.1331, 3.28193,   14.463, 07-04-2004, 06:34:53
  9.1338, 3.28201,   14.554, 07-04-2004, 06:34:58
  9.1345, 3.28196,   14.218, 07-04-2004, 06:35:03
  9.1346, 3.28187,   14.432, 07-04-2004, 06:35:08
  9.1334, 3.28193,   14.517, 07-04-2004, 06:35:13
  9.1357, 3.28190,   14.310, 07-04-2004, 06:35:18
  9.1320, 3.28197,   14.499, 07-04-2004, 06:35:23
  9.1335, 3.28177,   14.401, 07-04-2004, 06:35:28
  9.1360, 3.28168,   14.371, 07-04-2004, 06:35:33
  9.1301, 3.28206,   14.493, 07-04-2004, 06:35:38
  9.1328, 3.28198,   14.334, 07-04-2004, 06:35:43
  9.1350, 3.28181,   14.463, 07-04-2004, 06:35:48
  9.1353, 3.28168,   14.389, 07-04-2004, 06:35:53
  9.1363, 3.28171,   14.542, 07-04-2004, 06:35:58
  9.1400, 3.28143,   14.426, 07-04-2004, 06:36:03
  9.1253, 3.28230,   14.438, 07-04-2004, 06:36:08
  9.1266, 3.28226,   14.371, 07-04-2004, 06:36:13
  9.1234, 3.28255,   14.408, 07-04-2004, 06:36:18
  9.1258, 3.28248,   14.505, 07-04-2004, 06:36:23
  9.1227, 3.28261,   14.463, 07-04-2004, 06:36:28
  9.1241, 3.28270,   14.420, 07-04-2004, 06:36:33
  9.1258, 3.28254,   14.359, 07-04-2004, 06:36:38
  9.1328, 3.28202,   14.542, 07-04-2004, 06:36:43
  9.1313, 3.28199,   14.408, 07-04-2004, 06:36:48
  9.1324, 3.28174,   14.469, 07-04-2004, 06:36:53
  9.1247, 3.28241,   14.359, 07-04-2004, 06:36:58
  9.1240, 3.28249,   14.438, 07-04-2004, 06:37:03
  9.1254, 3.28247,   14.444, 07-04-2004, 06:37:08
  9.1251, 3.28250,   14.499, 07-04-2004, 06:37:13
  9.1251, 3.28248,   14.414, 07-04-2004, 06:37:18
  9.1262, 3.28239,   14.536, 07-04-2004, 06:37:23
  9.1270, 3.28234,   14.353, 07-04-2004, 06:37:28
  9.1261, 3.28234,   14.456, 07-04-2004, 06:37:33
  9.1187, 3.28268,   14.530, 07-04-2004, 06:37:38
  9.1198, 3.28289,   14.401, 07-04-2004, 06:37:43
  9.1228, 3.28270,   14.487, 07-04-2004, 06:37:48
  9.1238, 3.28265,   14.383, 07-04-2004, 06:37:53
  9.1262, 3.28248,   14.249, 07-04-2004, 06:37:58
  9.1202, 3.28278,   14.530, 07-04-2004, 06:38:03
  9.1197, 3.28276,   14.536, 07-04-2004, 06:38:08
  9.1215, 3.28272,   14.432, 07-04-2004, 06:38:13
  9.1219, 3.28287,   14.224, 07-04-2004, 06:38:18
  9.1208, 3.28272,   14.627, 07-04-2004, 06:38:23
  9.1158, 3.28294,   14.371, 07-04-2004, 06:38:28
  9.1124, 3.28333,   14.218, 07-04-2004, 06:38:33
  9.1105, 3.28359,   14.536, 07-04-2004, 06:38:38
  9.1128, 3.28362,   14.432, 07-04-2004, 06:38:43
  9.1129, 3.28329,   14.206, 07-04-2004, 06:38:48
  9.1116, 3.28339,   14.530, 07-04-2004, 06:38:53
  9.1136, 3.28338,   14.548, 07-04-2004, 06:38:58
  9.1136, 3.28328,   14.200, 07-04-2004, 06:39:03
  9.1146, 3.28324,   14.389, 07-04-2004, 06:39:08
  9.1127, 3.28314,   14.530, 07-04-2004, 06:39:13
  9.1142, 3.28317,   14.304, 07-04-2004, 06:39:18
  9.1143, 3.28321,   14.420, 07-04-2004, 06:39:23
  9.1135, 3.28322,   14.591, 07-04-2004, 06:39:28
  9.1140, 3.28318,   14.426, 07-04-2004, 06:39:33
  9.1102, 3.28333,   14.469, 07-04-2004, 06:39:38
  9.1126, 3.28327,   14.426, 07-04-2004, 06:39:43
  9.1149, 3.28314,   14.493, 07-04-2004, 06:39:48
  9.1154, 3.28310,   14.438, 07-04-2004, 06:39:53
  9.1165, 3.28302,   14.475, 07-04-2004, 06:39:58
  9.1165, 3.28294,   14.414, 07-04-2004, 06:40:03
  9.1192, 3.28280,   14.493, 07-04-2004, 06:40:08
  9.1175, 3.28286,   14.530, 07-04-2004, 06:40:13
  9.1188, 3.28285,   14.316, 07-04-2004, 06:40:18
  9.1189, 3.28278,   14.353, 07-04-2004, 06:40:23
  9.1200, 3.28270,   14.487, 07-04-2004, 06:40:28
  9.1218, 3.28255,   14.377, 07-04-2004, 06:40:33
  9.1221, 3.28247,   14.481, 07-04-2004, 06:40:38
  9.1213, 3.28255,   14.505, 07-04-2004, 06:40:43
  9.1209, 3.28259,   14.359, 07-04-2004, 06:40:48
  9.1208, 3.28261,   14.548, 07-04-2004, 06:40:53
  9.1232, 3.28247,   14.322, 07-04-2004, 06:40:58
  9.1226, 3.28246,   14.505, 07-04-2004, 06:41:03
  9.1256, 3.28239,   14.487, 07-04-2004, 06:41:08
  9.1194, 3.28234,   14.328, 07-04-2004, 06:41:13
  9.1209, 3.28265,   14.481, 07-04-2004, 06:41:18
  9.1240, 3.28239,   14.426, 07-04-2004, 06:41:23
  9.1249, 3.28230,   14.444, 07-04-2004, 06:41:28
  9.1257, 3.28230,   14.524, 07-04-2004, 06:41:33
  9.1256, 3.28221,   14.328, 07-04-2004, 06:41:38
  9.1270, 3.28214,   14.438, 07-04-2004, 06:41:43
  9.1291, 3.28202,   14.432, 07-04-2004, 06:41:48
  9.1256, 3.28216,   14.450, 07-04-2004, 06:41:53
  9.1267, 3.28216,   14.450, 07-04-2004, 06:41:58
  9.1285, 3.28200,   14.456, 07-04-2004, 06:42:03
  9.1296, 3.28200,   14.383, 07-04-2004, 06:42:08
  9.1263, 3.28209,   14.310, 07-04-2004, 06:42:13
  9.1278, 3.28207,   14.426, 07-04-2004, 06:42:18
  9.1295, 3.28193,   14.475, 07-04-2004, 06:42:23
  9.1278, 3.28207,   14.560, 07-04-2004, 06:42:28
  9.1299, 3.28192,   14.511, 07-04-2004, 06:42:33
  9.1245, 3.28231,   14.456, 07-04-2004, 06:42:38
  9.1263, 3.28218,   14.554, 07-04-2004, 06:42:43
  9.1220, 3.28253,   14.450, 07-04-2004, 06:42:48
  9.1268, 3.28221,   14.560, 07-04-2004, 06:42:53
  9.1276, 3.28223,   14.414, 07-04-2004, 06:42:58
  9.1288, 3.28206,   14.353, 07-04-2004, 06:43:03
  9.1278, 3.28204,   14.554, 07-04-2004, 06:43:08
  9.1275, 3.28199,   14.353, 07-04-2004, 06:43:13
  9.1269, 3.28208,   14.688, 07-04-2004, 06:43:18
  9.1282, 3.28212,   14.401, 07-04-2004, 06:43:23
  9.1283, 3.28200,   14.481, 07-04-2004, 06:43:28
  9.1272, 3.28203,   14.597, 07-04-2004, 06:43:33
  9.1282, 3.28206,   14.279, 07-04-2004, 06:43:38
  9.1271, 3.28215,   14.524, 07-04-2004, 06:43:43
  9.1274, 3.28209,   14.420, 07-04-2004, 06:43:48
  9.1246, 3.28228,   14.401, 07-04-2004, 06:43:53
  9.1247, 3.28233,   14.548, 07-04-2004, 06:43:58
  9.1263, 3.28233,   14.438, 07-04-2004, 06:44:03
  9.1271, 3.28212,   14.499, 07-04-2004, 06:44:08
  9.1289, 3.28203,   14.481, 07-04-2004, 06:44:13
  9.1282, 3.28192,   14.450, 07-04-2004, 06:44:18
  9.1276, 3.28204,   14.463, 07-04-2004, 06:44:23
  9.1296, 3.28200,   14.408, 07-04-2004, 06:44:28
  9.1269, 3.28211,   14.444, 07-04-2004, 06:44:33
  9.1266, 3.28215,   14.548, 07-04-2004, 06:44:38
  9.1285, 3.28203,   14.389, 07-04-2004, 06:44:43
  9.1277, 3.28198,   14.377, 07-04-2004, 06:44:48
  9.1269, 3.28221,   14.493, 07-04-2004, 06:44:53
  9.1274, 3.28215,   14.487, 07-04-2004, 06:44:58
  9.1271, 3.28215,   14.304, 07-04-2004, 06:45:03
  9.1290, 3.28210,   14.591, 07-04-2004, 06:45:08
  9.1274, 3.28210,   14.487, 07-04-2004, 06:45:13
  9.1263, 3.28212,   14.243, 07-04-2004, 06:45:18
  9.1258, 3.28237,   14.456, 07-04-2004, 06:45:23
  9.1256, 3.28251,   14.517, 07-04-2004, 06:45:28
  9.1234, 3.28275,   14.432, 07-04-2004, 06:45:33
  9.1233, 3.28281,   14.481, 07-04-2004, 06:45:38
  9.1230, 3.28273,   14.377, 07-04-2004, 06:45:43
  9.1215, 3.28291,   14.456, 07-04-2004, 06:45:48
  9.1227, 3.28285,   14.499, 07-04-2004, 06:45:53
  9.1177, 3.28322,   14.401, 07-04-2004, 06:45:58
  9.1165, 3.28331,   14.408, 07-04-2004, 06:46:03
