CTD-processing/Workspace/ADFG-BobDeCino/2004/CTD Data/CTD/mc/mc072504.asc
* Sea-Bird SBE37 Data File:
* FileName = C:\OTF\CTD\mc\mc072504.asc
* Software Version 1.26
* Temperature SN = 2970
* Conductivity SN = 2970
* System UpLoad Time = Jul 25 2004 12:04:43
* ds
* SBE37-SM V 2.3  SERIAL NO. 2970    07-25-2004  12:04:19
*END*
[from data line 1602]
 10.3733, 3.41128,   14.035, 07-25-2004, 08:51:08
 10.3099, 3.41350,   14.121, 07-25-2004, 08:51:13
 10.3248, 3.41347,   14.383, 07-25-2004, 08:51:18
 10.3438, 3.41253,   13.931, 07-25-2004, 08:51:23
 10.3576, 3.41214,   14.194, 07-25-2004, 08:51:28
 10.3758, 3.41157,   14.188, 07-25-2004, 08:51:33
 10.3807, 3.40986,   14.340, 07-25-2004, 08:51:38
 10.3662, 3.41051,   14.224, 07-25-2004, 08:51:43
 10.3713, 3.41084,   13.962, 07-25-2004, 08:51:48
 10.3315, 3.41146,   14.316, 07-25-2004, 08:51:53
 10.2510, 3.41383,   14.035, 07-25-2004, 08:51:58
 10.0993, 3.41690,   13.791, 07-25-2004, 08:52:03
 10.1122, 3.41713,   13.773, 07-25-2004, 08:52:08
 10.1416, 3.41593,   13.705, 07-25-2004, 08:52:13
 10.2026, 3.41428,   13.620, 07-25-2004, 08:52:18
 10.0930, 3.41336,   13.767, 07-25-2004, 08:52:23
 10.1910, 3.41305,   13.699, 07-25-2004, 08:52:28
 10.2343, 3.41230,   14.115, 07-25-2004, 08:52:33
 10.2408, 3.41201,   13.834, 07-25-2004, 08:52:38
 10.3498, 3.41118,   14.090, 07-25-2004, 08:52:43
 10.3528, 3.41189,   14.102, 07-25-2004, 08:52:48
 10.3769, 3.41127,   14.194, 07-25-2004, 08:52:53
 10.3099, 3.41024,   14.157, 07-25-2004, 08:52:58
 10.3754, 3.40887,   14.188, 07-25-2004, 08:53:03
 10.3297, 3.40935,   14.249, 07-25-2004, 08:53:08
 10.3725, 3.40806,   14.542, 07-25-2004, 08:53:13
 10.3445, 3.40894,   14.347, 07-25-2004, 08:53:18
 10.3571, 3.40912,   13.846, 07-25-2004, 08:53:23
 10.3716, 3.40965,   14.200, 07-25-2004, 08:53:28
 10.3587, 3.40989,   14.243, 07-25-2004, 08:53:33
 10.3654, 3.40998,   14.218, 07-25-2004, 08:53:38
 10.2907, 3.41144,   14.047, 07-25-2004, 08:53:43
 10.2624, 3.41299,   14.102, 07-25-2004, 08:53:48
 10.2581, 3.41306,   14.383, 07-25-2004, 08:53:53
 10.3053, 3.41099,   13.956, 07-25-2004, 08:53:58
 10.1614, 3.41240,   13.950, 07-25-2004, 08:54:03
 10.1241, 3.41327,   14.298, 07-25-2004, 08:54:08
 10.1604, 3.41338,   14.090, 07-25-2004, 08:54:13
 10.2732, 3.41233,   13.620, 07-25-2004, 08:54:18
 10.1355, 3.41165,   13.968, 07-25-2004, 08:54:23
 10.2206, 3.41054,   14.133, 07-25-2004, 08:54:28
 10.2979, 3.41002,   13.712, 07-25-2004, 08:54:33
 10.2707, 3.41027,   13.846, 07-25-2004, 08:54:38
 10.2234, 3.41132,   13.840, 07-25-2004, 08:54:43
 10.2419, 3.41114,   13.956, 07-25-2004, 08:54:48
 10.2129, 3.41117,   14.017, 07-25-2004, 08:54:53
 10.2513, 3.41030,   14.133, 07-25-2004, 08:54:58
 10.2998, 3.40906,   13.986, 07-25-2004, 08:55:03
 10.1364, 3.41143,   14.066, 07-25-2004, 08:55:08
 10.2025, 3.41062,   14.041, 07-25-2004, 08:55:13
 10.0922, 3.41246,   14.163, 07-25-2004, 08:55:18
 10.1177, 3.41105,   14.053, 07-25-2004, 08:55:23
 10.1640, 3.41058,   14.408, 07-25-2004, 08:55:28
 10.2275, 3.40981,   14.328, 07-25-2004, 08:55:33
 10.2375, 3.40996,   14.188, 07-25-2004, 08:55:38
 10.2766, 3.41055,   14.011, 07-25-2004, 08:55:43
 10.2926, 3.41024,   14.279, 07-25-2004, 08:55:48
 10.3076, 3.40904,   13.840, 07-25-2004, 08:55:53
 10.3875, 3.40736,   13.626, 07-25-2004, 08:55:58
 10.4236, 3.40672,   13.718, 07-25-2004, 08:56:03
 10.3972, 3.40721,   13.840, 07-25-2004, 08:56:08
 10.4388, 3.40554,   14.078, 07-25-2004, 08:56:13
 10.3806, 3.40555,   13.937, 07-25-2004, 08:56:18
 10.4219, 3.40543,   13.901, 07-25-2004, 08:56:23
 10.3594, 3.40760,   14.169, 07-25-2004, 08:56:28
 10.2990, 3.40933,   14.542, 07-25-2004, 08:56:33
 10.3306, 3.40959,   14.444, 07-25-2004, 08:56:38
 10.2894, 3.40910,   13.186, 07-25-2004, 08:56:43
 10.3091, 3.40833,   10.372, 07-25-2004, 08:56:48
 11.5503, 3.32199,    2.227, 07-25-2004, 08:56:53
 11.9413, 3.30708,    2.929, 07-25-2004, 08:56:58
 11.2362, 3.36387,    6.226, 07-25-2004, 08:57:03
 10.6146, 3.39946,    6.354, 07-25-2004, 08:57:08
 10.5883, 3.40413,    5.872, 07-25-2004, 08:57:13
 11.1445, 3.37237,    5.481, 07-25-2004, 08:57:18
 11.0051, 3.38035,    5.329, 07-25-2004, 08:57:23
 11.5663, 3.33374,    5.261, 07-25-2004, 08:57:28
 11.0753, 3.37231,    5.121, 07-25-2004, 08:57:33
 11.6743, 3.33074,    4.987, 07-25-2004, 08:57:38
 11.6248, 3.37174,    5.414, 07-25-2004, 08:57:43
  9.9105, 3.42353,    5.310, 07-25-2004, 08:57:48
 10.0071, 3.42399,    4.858, 07-25-2004, 08:57:53
  9.8975, 3.42108,    5.090, 07-25-2004, 08:57:58
  9.8018, 3.41940,    5.145, 07-25-2004, 08:58:03
  9.8362, 3.41981,    5.035, 07-25-2004, 08:58:08
  9.7264, 3.41693,    5.042, 07-25-2004, 08:58:13
  9.7126, 3.41621,    5.005, 07-25-2004, 08:58:18
  9.7447, 3.41725,    5.072, 07-25-2004, 08:58:23
  9.7487, 3.41706,    5.096, 07-25-2004, 08:58:28
  9.8092, 3.41967,    5.072, 07-25-2004, 08:58:33
  9.7902, 3.41859,    5.011, 07-25-2004, 08:58:38
  9.7490, 3.41701,    4.999, 07-25-2004, 08:58:43
  9.8070, 3.42015,    4.999, 07-25-2004, 08:58:48
  9.7769, 3.41845,    5.231, 07-25-2004, 08:58:53
  9.7884, 3.41851,    5.090, 07-25-2004, 08:58:58
  9.7507, 3.41906,    5.188, 07-25-2004, 08:59:03
  9.6293, 3.41017,    5.109, 07-25-2004, 08:59:08
  9.7031, 3.41246,    5.005, 07-25-2004, 08:59:13
  9.8168, 3.41792,    5.164, 07-25-2004, 08:59:18
  9.7457, 3.41681,    5.072, 07-25-2004, 08:59:23
  9.7682, 3.41709,    5.017, 07-25-2004, 08:59:28
  9.7950, 3.41776,    5.078, 07-25-2004, 08:59:33
  9.7978, 3.41830,    5.096, 07-25-2004, 08:59:38
  9.7984, 3.41829,    5.060, 07-25-2004, 08:59:43
  9.8557, 3.41940,    5.164, 07-25-2004, 08:59:48
  9.8262, 3.41893,    5.096, 07-25-2004, 08:59:53
  9.8741, 3.41918,    5.072, 07-25-2004, 08:59:58
  9.8784, 3.41923,    5.017, 07-25-2004, 09:00:03
  9.8793, 3.41921,    5.145, 07-25-2004, 09:00:08
  9.8772, 3.41857,    5.109, 07-25-2004, 09:00:13
  9.8797, 3.41858,    5.219, 07-25-2004, 09:00:18
  9.9584, 3.41905,    4.877, 07-25-2004, 09:00:23
  9.9095, 3.41880,    5.029, 07-25-2004, 09:00:28
  9.8917, 3.41786,    5.103, 07-25-2004, 09:00:33
  9.8569, 3.41650,    5.090, 07-25-2004, 09:00:38
  9.8020, 3.41627,    5.237, 07-25-2004, 09:00:43
  9.8622, 3.41703,    5.158, 07-25-2004, 09:00:48
  9.8474, 3.41656,    5.316, 07-25-2004, 09:00:53
  9.8442, 3.41632,    5.249, 07-25-2004, 09:00:58
  9.8608, 3.41637,    5.329, 07-25-2004, 09:01:03
 10.0036, 3.41761,    5.280, 07-25-2004, 09:01:08
  9.8939, 3.41687,    5.237, 07-25-2004, 09:01:13
  9.9316, 3.41704,    5.176, 07-25-2004, 09:01:18
  9.9245, 3.41665,    5.145, 07-25-2004, 09:01:23
  9.9714, 3.41707,    5.054, 07-25-2004, 09:01:28
 10.0193, 3.41720,    5.298, 07-25-2004, 09:01:33
  9.9490, 3.41672,    5.347, 07-25-2004, 09:01:38
  9.9711, 3.41643,    5.267, 07-25-2004, 09:01:43
 10.0363, 3.41713,    5.072, 07-25-2004, 09:01:48
  9.9894, 3.41617,    5.084, 07-25-2004, 09:01:53
  9.9948, 3.41661,    5.164, 07-25-2004, 09:01:58
  9.9541, 3.41623,    5.225, 07-25-2004, 09:02:03
  9.9375, 3.41551,    5.316, 07-25-2004, 09:02:08
  9.9235, 3.41551,    5.316, 07-25-2004, 09:02:13
  9.9686, 3.41585,    5.035, 07-25-2004, 09:02:18
 10.0056, 3.41615,    5.035, 07-25-2004, 09:02:23
  9.9927, 3.41597,    5.042, 07-25-2004, 09:02:28
  9.9679, 3.41541,    5.182, 07-25-2004, 09:02:33
  9.9196, 3.41516,    5.084, 07-25-2004, 09:02:38
  9.8883, 3.41480,    5.103, 07-25-2004, 09:02:43
  9.8298, 3.41396,    5.225, 07-25-2004, 09:02:48
  9.8189, 3.41384,    5.200, 07-25-2004, 09:02:53
  9.9295, 3.41506,    5.194, 07-25-2004, 09:02:58
  9.8342, 3.41411,    5.176, 07-25-2004, 09:03:03
  9.8996, 3.41491,    5.121, 07-25-2004, 09:03:08
  9.8842, 3.41437,    5.054, 07-25-2004, 09:03:13
  9.8147, 3.41354,    5.133, 07-25-2004, 09:03:18
  9.7302, 3.41233,    5.042, 07-25-2004, 09:03:23
  9.8162, 3.41387,    5.109, 07-25-2004, 09:03:28
  9.7170, 3.41230,    5.072, 07-25-2004, 09:03:33
  9.7136, 3.41164,    5.133, 07-25-2004, 09:03:38
  9.6541, 3.41102,    5.035, 07-25-2004, 09:03:43
  9.6302, 3.41036,    5.145, 07-25-2004, 09:03:48
  9.8053, 3.41349,    4.938, 07-25-2004, 09:03:53
  9.7018, 3.41189,    5.200, 07-25-2004, 09:03:58
  9.5410, 3.40842,    5.103, 07-25-2004, 09:04:03
  9.6974, 3.41170,    5.249, 07-25-2004, 09:04:08
  9.7756, 3.41266,    5.249, 07-25-2004, 09:04:13
  9.5987, 3.40885,    5.206, 07-25-2004, 09:04:18
  9.5025, 3.40657,    5.719, 07-25-2004, 09:04:23
  9.4435, 3.40445,    6.501, 07-25-2004, 09:04:28
  9.4391, 3.40438,    7.166, 07-25-2004, 09:04:33
  9.4034, 3.40123,    7.838, 07-25-2004, 09:04:38
  9.3688, 3.39867,    8.571, 07-25-2004, 09:04:43
  9.3690, 3.39836,    8.626, 07-25-2004, 09:04:48
  9.4223, 3.40305,    8.033, 07-25-2004, 09:04:53
  9.4370, 3.40334,    6.818, 07-25-2004, 09:04:58
  9.4666, 3.40533,    6.055, 07-25-2004, 09:05:03
  9.4554, 3.40474,    6.458, 07-25-2004, 09:05:08
  9.4245, 3.40181,    7.142, 07-25-2004, 09:05:13
  9.4359, 3.40289,    7.783, 07-25-2004, 09:05:18
  9.3909, 3.39977,    8.247, 07-25-2004, 09:05:23
  9.4384, 3.40309,    8.210, 07-25-2004, 09:05:28
  9.4015, 3.40054,    7.997, 07-25-2004, 09:05:33
  9.4385, 3.40338,    7.942, 07-25-2004, 09:05:38
  9.4369, 3.40344,    7.991, 07-25-2004, 09:05:43
  9.4264, 3.40245,    8.412, 07-25-2004, 09:05:48
  9.4378, 3.40218,    8.778, 07-25-2004, 09:05:53
  9.4116, 3.40076,    8.864, 07-25-2004, 09:05:58
  9.4071, 3.40049,    9.108, 07-25-2004, 09:06:03
  9.4228, 3.40062,    9.242, 07-25-2004, 09:06:08
  9.4078, 3.40057,    9.370, 07-25-2004, 09:06:13
  9.4309, 3.40123,    9.370, 07-25-2004, 09:06:18
  9.4159, 3.40141,    9.590, 07-25-2004, 09:06:23
  9.4545, 3.40381,    9.554, 07-25-2004, 09:06:28
  9.4384, 3.40324,    9.602, 07-25-2004, 09:06:33
  9.3852, 3.39801,    9.438, 07-25-2004, 09:06:38
  9.4532, 3.40371,    9.474, 07-25-2004, 09:06:43
  9.4441, 3.40264,    9.383, 07-25-2004, 09:06:48
  9.4407, 3.40272,    9.389, 07-25-2004, 09:06:53
  9.4285, 3.40079,    9.309, 07-25-2004, 09:06:58
  9.4451, 3.40344,    9.199, 07-25-2004, 09:07:03
  9.4571, 3.40362,    9.212, 07-25-2004, 09:07:08
  9.4579, 3.40307,    9.059, 07-25-2004, 09:07:13
  9.4568, 3.40409,    9.212, 07-25-2004, 09:07:18
  9.4326, 3.40204,    9.309, 07-25-2004, 09:07:23
  9.4568, 3.40455,    9.267, 07-25-2004, 09:07:28
  9.4466, 3.40390,    9.267, 07-25-2004, 09:07:33
  9.4711, 3.40498,    9.224, 07-25-2004, 09:07:38
  9.4548, 3.40449,    9.126, 07-25-2004, 09:07:43
  9.4238, 3.40303,    9.077, 07-25-2004, 09:07:48
  9.5113, 3.40642,    9.303, 07-25-2004, 09:07:53
  9.5042, 3.40683,    9.218, 07-25-2004, 09:07:58
  9.4500, 3.40450,    9.187, 07-25-2004, 09:08:03
  9.4277, 3.40121,    9.193, 07-25-2004, 09:08:08
  9.4650, 3.40360,    9.236, 07-25-2004, 09:08:13
  9.4895, 3.40601,    9.163, 07-25-2004, 09:08:18
  9.4223, 3.40012,    9.566, 07-25-2004, 09:08:23
  9.5202, 3.40784,    9.682, 07-25-2004, 09:08:28
  9.4589, 3.40221,    9.462, 07-25-2004, 09:08:33
  9.3905, 3.39807,    9.676, 07-25-2004, 09:08:38
  9.4277, 3.40059,    9.731, 07-25-2004, 09:08:43
  9.4966, 3.40614,    9.554, 07-25-2004, 09:08:48
  9.5043, 3.40588,    9.743, 07-25-2004, 09:08:53
  9.4501, 3.40306,    9.761, 07-25-2004, 09:08:58
  9.4346, 3.40029,    9.694, 07-25-2004, 09:09:03
  9.3859, 3.39630,    9.737, 07-25-2004, 09:09:08
  9.3736, 3.39545,    9.902, 07-25-2004, 09:09:13
  9.4343, 3.40046,   10.262, 07-25-2004, 09:09:18
  9.3843, 3.39662,   10.970, 07-25-2004, 09:09:23
  9.4119, 3.39912,   11.538, 07-25-2004, 09:09:28
  9.4340, 3.40171,   11.910, 07-25-2004, 09:09:33
  9.5043, 3.40591,   12.265, 07-25-2004, 09:09:38
  9.4952, 3.40549,   12.216, 07-25-2004, 09:09:43
  9.4866, 3.40505,   13.211, 07-25-2004, 09:09:48
  9.4276, 3.40271,   13.925, 07-25-2004, 09:09:53
  9.4245, 3.40193,   14.279, 07-25-2004, 09:09:58
  9.4089, 3.40008,   14.505, 07-25-2004, 09:10:03
  9.3966, 3.39807,   14.237, 07-25-2004, 09:10:08
  9.4085, 3.39856,   14.298, 07-25-2004, 09:10:13
  9.4272, 3.39985,   14.646, 07-25-2004, 09:10:18
  9.4463, 3.40177,   14.481, 07-25-2004, 09:10:23
  9.4549, 3.40312,   14.511, 07-25-2004, 09:10:28
  9.4378, 3.40224,   14.243, 07-25-2004, 09:10:33
  9.4503, 3.40306,   13.937, 07-25-2004, 09:10:38
  9.4292, 3.40206,   14.316, 07-25-2004, 09:10:43
  9.4043, 3.39980,   14.273, 07-25-2004, 09:10:48
  9.4029, 3.39899,   14.023, 07-25-2004, 09:10:53
  9.4304, 3.40064,   14.121, 07-25-2004, 09:10:58
  9.4261, 3.39917,   14.572, 07-25-2004, 09:11:03
  9.3931, 3.39962,   14.292, 07-25-2004, 09:11:08
  9.3985, 3.39799,   14.224, 07-25-2004, 09:11:13
  9.4202, 3.39906,   14.634, 07-25-2004, 09:11:18
  9.4118, 3.39967,   14.047, 07-25-2004, 09:11:23
  9.4240, 3.40001,   14.591, 07-25-2004, 09:11:28
  9.4124, 3.40024,   14.285, 07-25-2004, 09:11:33
  9.3970, 3.39784,   14.310, 07-25-2004, 09:11:38
  9.4032, 3.39865,   14.414, 07-25-2004, 09:11:43
  9.3995, 3.39792,   14.359, 07-25-2004, 09:11:48
  9.4000, 3.39798,   14.725, 07-25-2004, 09:11:53
  9.3984, 3.39776,   14.365, 07-25-2004, 09:11:58
  9.4509, 3.40041,   14.231, 07-25-2004, 09:12:03
  9.4435, 3.40091,   14.347, 07-25-2004, 09:12:08
  9.4324, 3.40077,   14.548, 07-25-2004, 09:12:13
  9.4278, 3.40045,   14.072, 07-25-2004, 09:12:18
  9.4168, 3.39979,   14.511, 07-25-2004, 09:12:23
  9.4119, 3.39866,   14.334, 07-25-2004, 09:12:28
  9.4113, 3.39886,   14.359, 07-25-2004, 09:12:33
  9.3902, 3.39797,   14.438, 07-25-2004, 09:12:38
  9.3861, 3.39692,   14.579, 07-25-2004, 09:12:43
  9.4021, 3.39767,   14.609, 07-25-2004, 09:12:48
  9.3985, 3.39801,   14.322, 07-25-2004, 09:12:53
  9.3893, 3.39690,   14.469, 07-25-2004, 09:12:58
  9.3788, 3.39588,   14.542, 07-25-2004, 09:13:03
  9.3937, 3.39620,   14.408, 07-25-2004, 09:13:08
  9.3947, 3.39688,   14.640, 07-25-2004, 09:13:13
  9.3880, 3.39663,   14.298, 07-25-2004, 09:13:18
  9.3927, 3.39652,   14.444, 07-25-2004, 09:13:23
  9.3904, 3.39662,   14.585, 07-25-2004, 09:13:28
  9.4006, 3.39713,   14.255, 07-25-2004, 09:13:33
  9.3944, 3.39710,   14.481, 07-25-2004, 09:13:38
  9.3902, 3.39639,   14.200, 07-25-2004, 09:13:43
  9.3931, 3.39705,   14.121, 07-25-2004, 09:13:48
  9.3943, 3.39666,   14.713, 07-25-2004, 09:13:53
  9.4020, 3.39728,   14.603, 07-25-2004, 09:13:58
  9.4171, 3.39801,   14.243, 07-25-2004, 09:14:03
  9.4114, 3.39869,   14.157, 07-25-2004, 09:14:08
  9.4379, 3.40008,   14.682, 07-25-2004, 09:14:13
  9.4283, 3.40020,   14.688, 07-25-2004, 09:14:18
  9.4219, 3.39980,   14.200, 07-25-2004, 09:14:23
  9.4122, 3.39929,   14.365, 07-25-2004, 09:14:28
  9.4078, 3.39858,   14.652, 07-25-2004, 09:14:33
  9.4110, 3.39856,   14.298, 07-25-2004, 09:14:38
  9.4462, 3.39927,   14.682, 07-25-2004, 09:14:43
  9.4479, 3.40103,   14.249, 07-25-2004, 09:14:48
  9.4423, 3.40109,   14.670, 07-25-2004, 09:14:53
  9.4433, 3.40132,   14.206, 07-25-2004, 09:14:58
  9.4516, 3.40195,   14.450, 07-25-2004, 09:15:06
  9.4539, 3.40218,   14.566, 07-25-2004, 09:15:11
  9.4523, 3.40202,   14.334, 07-25-2004, 09:15:16
  9.4514, 3.40222,   14.713, 07-25-2004, 09:15:21
  9.4515, 3.40221,   14.188, 07-25-2004, 09:15:26
  9.4480, 3.40209,   14.786, 07-25-2004, 09:15:31
  9.4478, 3.40195,   14.279, 07-25-2004, 09:15:36
  9.4468, 3.40193,   14.237, 07-25-2004, 09:15:41
  9.4245, 3.40023,   14.505, 07-25-2004, 09:15:46
  9.4390, 3.40058,   14.603, 07-25-2004, 09:15:51
  9.4231, 3.40000,   14.511, 07-25-2004, 09:15:56
  9.3959, 3.39772,   14.383, 07-25-2004, 09:16:01
  9.3993, 3.39697,   14.487, 07-25-2004, 09:16:06
  9.4276, 3.39863,   14.896, 07-25-2004, 09:16:11
  9.4338, 3.39962,   13.467, 07-25-2004, 09:16:16
  9.4695, 3.40243,   12.417, 07-25-2004, 09:16:21
  9.4509, 3.40102,   11.886, 07-25-2004, 09:16:26
  9.4940, 3.40386,   11.007, 07-25-2004, 09:16:31
  9.4980, 3.40492,    9.810, 07-25-2004, 09:16:36
  9.4802, 3.40464,    8.894, 07-25-2004, 09:16:41
  9.5118, 3.40607,    7.746, 07-25-2004, 09:16:46
  9.5267, 3.40698,    7.154, 07-25-2004, 09:16:51
  9.5374, 3.40755,    5.738, 07-25-2004, 09:16:56
  9.5855, 3.40771,    5.414, 07-25-2004, 09:17:01
  9.5756, 3.40831,    5.408, 07-25-2004, 09:17:06
  9.5975, 3.40803,    5.609, 07-25-2004, 09:17:11
  9.5877, 3.40793,    5.048, 07-25-2004, 09:17:16
  9.5724, 3.40767,    5.445, 07-25-2004, 09:17:21
  9.6067, 3.40741,    5.481, 07-25-2004, 09:17:26
  9.5984, 3.40765,    5.255, 07-25-2004, 09:17:31
  9.5799, 3.40804,    5.353, 07-25-2004, 09:17:36
  9.5311, 3.40775,    5.371, 07-25-2004, 09:17:41
