CTD-processing/Workspace/ADFG-BobDeCino/2004/CTD Data/CTD/mc/mc070704.asc
* Sea-Bird SBE37 Data File:
* FileName = C:\OTF\CTD\mc\mc070704.asc
* Software Version 1.26
* Temperature SN = 2970
* Conductivity SN = 2970
* System UpLoad Time = Jul 07 2004 10:47:58
* ds
* SBE37-SM V 2.3  SERIAL NO. 2970    07-07-2004  10:47:33
*END*
[from data line 1922]
  9.0861, 3.32677,   14.652, 07-07-2004, 08:02:52
  9.0859, 3.32674,   14.695, 07-07-2004, 08:02:57
  9.0854, 3.32680,   14.231, 07-07-2004, 08:03:02
  9.0853, 3.32684,   14.493, 07-07-2004, 08:03:07
  9.0852, 3.32693,   14.463, 07-07-2004, 08:03:12
  9.0856, 3.32694,   14.334, 07-07-2004, 08:03:17
  9.0855, 3.32693,   14.249, 07-07-2004, 08:03:22
  9.0854, 3.32694,   14.298, 07-07-2004, 08:03:27
  9.0853, 3.32693,   14.371, 07-07-2004, 08:03:32
  9.0844, 3.32694,   14.420, 07-07-2004, 08:03:37
  9.0840, 3.32696,   14.652, 07-07-2004, 08:03:42
  9.0825, 3.32688,   14.420, 07-07-2004, 08:03:47
  9.0828, 3.32691,   14.542, 07-07-2004, 08:03:52
  9.0826, 3.32690,   14.634, 07-07-2004, 08:03:57
  9.0828, 3.32684,   14.481, 07-07-2004, 08:04:02
  9.0838, 3.32682,   14.499, 07-07-2004, 08:04:07
  9.0840, 3.32684,   14.487, 07-07-2004, 08:04:12
  9.0842, 3.32685,   14.524, 07-07-2004, 08:04:17
  9.0843, 3.32684,   14.615, 07-07-2004, 08:04:22
  9.0840, 3.32681,   14.658, 07-07-2004, 08:04:27
  9.0841, 3.32680,   14.340, 07-07-2004, 08:04:32
  9.0842, 3.32681,   14.395, 07-07-2004, 08:04:37
  9.0843, 3.32682,   14.554, 07-07-2004, 08:04:42
  9.0842, 3.32684,   14.688, 07-07-2004, 08:04:47
  9.0841, 3.32685,   14.554, 07-07-2004, 08:04:52
  9.0842, 3.32686,   14.536, 07-07-2004, 08:04:57
  9.0841, 3.32686,   14.591, 07-07-2004, 08:05:02
  9.0831, 3.32688,   14.811, 07-07-2004, 08:05:07
  9.0836, 3.32692,   14.658, 07-07-2004, 08:05:12
  9.0834, 3.32692,   14.383, 07-07-2004, 08:05:17
  9.0836, 3.32697,   14.517, 07-07-2004, 08:05:22
  9.0840, 3.32700,   14.774, 07-07-2004, 08:05:27
  9.0839, 3.32698,   14.737, 07-07-2004, 08:05:32
  9.0838, 3.32696,   14.401, 07-07-2004, 08:05:37
  9.0839, 3.32690,   14.353, 07-07-2004, 08:05:42
  9.0842, 3.32691,   14.542, 07-07-2004, 08:05:47
  9.0841, 3.32691,   14.688, 07-07-2004, 08:05:52
  9.0838, 3.32686,   14.389, 07-07-2004, 08:05:57
  9.0837, 3.32686,   14.334, 07-07-2004, 08:06:02
  9.0825, 3.32688,   14.603, 07-07-2004, 08:06:07
  9.0833, 3.32692,   14.774, 07-07-2004, 08:06:12
  9.0838, 3.32691,   14.328, 07-07-2004, 08:06:17
  9.0809, 3.32679,   14.444, 07-07-2004, 08:06:22
  9.0825, 3.32681,   14.511, 07-07-2004, 08:06:27
  9.0797, 3.32679,   14.298, 07-07-2004, 08:06:32
  9.0771, 3.32665,   14.658, 07-07-2004, 08:06:37
  9.0785, 3.32650,   14.469, 07-07-2004, 08:06:42
  9.0784, 3.32645,   14.444, 07-07-2004, 08:06:47
  9.0786, 3.32651,   14.579, 07-07-2004, 08:06:52
  9.0789, 3.32642,   14.389, 07-07-2004, 08:06:57
  9.0788, 3.32647,   14.634, 07-07-2004, 08:07:02
  9.0783, 3.32647,   14.579, 07-07-2004, 08:07:07
  9.0785, 3.32644,   14.670, 07-07-2004, 08:07:12
  9.0787, 3.32639,   14.463, 07-07-2004, 08:07:17
  9.0793, 3.32641,   14.420, 07-07-2004, 08:07:22
  9.0791, 3.32639,   14.560, 07-07-2004, 08:07:27
  9.0795, 3.32641,   14.737, 07-07-2004, 08:07:32
  9.0796, 3.32639,   14.444, 07-07-2004, 08:07:37
  9.0803, 3.32638,   14.200, 07-07-2004, 08:07:42
  9.0800, 3.32640,   14.493, 07-07-2004, 08:07:47
  9.0796, 3.32641,   14.634, 07-07-2004, 08:07:52
  9.0799, 3.32642,   14.621, 07-07-2004, 08:07:57
  9.0793, 3.32639,   14.322, 07-07-2004, 08:08:02
  9.0787, 3.32639,   14.450, 07-07-2004, 08:08:07
  9.0789, 3.32641,   14.658, 07-07-2004, 08:08:12
  9.0797, 3.32639,   14.334, 07-07-2004, 08:08:17
  9.0793, 3.32639,   14.206, 07-07-2004, 08:08:22
  9.0793, 3.32641,   14.560, 07-07-2004, 08:08:27
  9.0791, 3.32639,   14.273, 07-07-2004, 08:08:32
  9.0790, 3.32632,   14.450, 07-07-2004, 08:08:37
  9.0791, 3.32638,   14.621, 07-07-2004, 08:08:42
  9.0791, 3.32630,   14.414, 07-07-2004, 08:08:47
  9.0787, 3.32620,   14.475, 07-07-2004, 08:08:52
  9.0791, 3.32627,   14.200, 07-07-2004, 08:08:57
  9.0791, 3.32626,   14.493, 07-07-2004, 08:09:02
  9.0793, 3.32625,   14.743, 07-07-2004, 08:09:07
  9.0793, 3.32611,   14.224, 07-07-2004, 08:09:12
  9.0789, 3.32613,   14.261, 07-07-2004, 08:09:17
  9.0791, 3.32623,   14.750, 07-07-2004, 08:09:22
  9.0791, 3.32606,   14.725, 07-07-2004, 08:09:27
  9.0789, 3.32606,   14.322, 07-07-2004, 08:09:32
  9.0783, 3.32605,   14.292, 07-07-2004, 08:09:37
  9.0783, 3.32601,   14.334, 07-07-2004, 08:09:42
  9.0786, 3.32611,   14.756, 07-07-2004, 08:09:47
  9.0785, 3.32605,   14.481, 07-07-2004, 08:09:52
  9.0797, 3.32605,   14.469, 07-07-2004, 08:09:57
  9.0797, 3.32606,   14.743, 07-07-2004, 08:10:02
  9.0800, 3.32604,   14.389, 07-07-2004, 08:10:07
  9.0801, 3.32602,   14.511, 07-07-2004, 08:10:12
  9.0801, 3.32602,   14.530, 07-07-2004, 08:10:17
  9.0798, 3.32602,   14.463, 07-07-2004, 08:10:22
  9.0800, 3.32600,   14.359, 07-07-2004, 08:10:27
  9.0800, 3.32601,   14.487, 07-07-2004, 08:10:32
  9.0801, 3.32601,   14.475, 07-07-2004, 08:10:37
  9.0802, 3.32604,   14.646, 07-07-2004, 08:10:42
  9.0805, 3.32613,   14.652, 07-07-2004, 08:10:47
  9.0807, 3.32616,   14.347, 07-07-2004, 08:10:52
  9.0806, 3.32618,   14.634, 07-07-2004, 08:10:57
  9.0808, 3.32618,   14.524, 07-07-2004, 08:11:02
  9.0806, 3.32620,   14.487, 07-07-2004, 08:11:07
  9.0801, 3.32619,   14.627, 07-07-2004, 08:11:12
  9.0802, 3.32618,   14.438, 07-07-2004, 08:11:17
  9.0802, 3.32614,   14.200, 07-07-2004, 08:11:22
  9.0803, 3.32614,   14.621, 07-07-2004, 08:11:27
  9.0802, 3.32617,   14.566, 07-07-2004, 08:11:32
  9.0800, 3.32613,   14.340, 07-07-2004, 08:11:37
  9.0801, 3.32613,   14.591, 07-07-2004, 08:11:42
  9.0795, 3.32612,   14.634, 07-07-2004, 08:11:47
  9.0791, 3.32600,   14.688, 07-07-2004, 08:11:52
  9.0790, 3.32604,   14.176, 07-07-2004, 08:11:57
  9.0785, 3.32604,   14.469, 07-07-2004, 08:12:02
  9.0788, 3.32600,   14.560, 07-07-2004, 08:12:07
  9.0788, 3.32598,   14.762, 07-07-2004, 08:12:12
  9.0787, 3.32602,   14.377, 07-07-2004, 08:12:17
  9.0785, 3.32604,   14.408, 07-07-2004, 08:12:22
  9.0787, 3.32607,   14.499, 07-07-2004, 08:12:27
  9.0786, 3.32614,   14.304, 07-07-2004, 08:12:32
  9.0786, 3.32614,   14.456, 07-07-2004, 08:12:37
  9.0784, 3.32617,   14.493, 07-07-2004, 08:12:42
  9.0786, 3.32618,   14.829, 07-07-2004, 08:12:47
  9.0785, 3.32614,   14.456, 07-07-2004, 08:12:52
  9.0786, 3.32613,   14.536, 07-07-2004, 08:12:57
  9.0783, 3.32613,   14.634, 07-07-2004, 08:13:02
  9.0782, 3.32612,   14.615, 07-07-2004, 08:13:07
  9.0784, 3.32608,   14.279, 07-07-2004, 08:13:12
  9.0778, 3.32606,   14.298, 07-07-2004, 08:13:17
  9.0778, 3.32606,   14.560, 07-07-2004, 08:13:22
  9.0778, 3.32607,   14.566, 07-07-2004, 08:13:27
  9.0780, 3.32604,   14.463, 07-07-2004, 08:13:32
  9.0780, 3.32605,   14.481, 07-07-2004, 08:13:37
  9.0772, 3.32605,   14.517, 07-07-2004, 08:13:42
  9.0768, 3.32602,   14.615, 07-07-2004, 08:13:47
  9.0767, 3.32604,   14.615, 07-07-2004, 08:13:52
  9.0769, 3.32602,   14.426, 07-07-2004, 08:13:57
  9.0763, 3.32604,   14.359, 07-07-2004, 08:14:02
  9.0759, 3.32606,   14.481, 07-07-2004, 08:14:07
  9.0761, 3.32608,   14.609, 07-07-2004, 08:14:12
  9.0760, 3.32608,   14.536, 07-07-2004, 08:14:17
  9.0757, 3.32608,   14.579, 07-07-2004, 08:14:22
  9.0757, 3.32608,   14.566, 07-07-2004, 08:14:27
  9.0759, 3.32600,   14.652, 07-07-2004, 08:14:32
  9.0758, 3.32598,   14.444, 07-07-2004, 08:14:37
  9.0758, 3.32600,   14.597, 07-07-2004, 08:14:42
  9.0763, 3.32596,   14.426, 07-07-2004, 08:14:47
  9.0763, 3.32595,   14.383, 07-07-2004, 08:14:52
  9.0762, 3.32593,   14.682, 07-07-2004, 08:14:57
  9.0764, 3.32592,   14.493, 07-07-2004, 08:15:02
  9.0764, 3.32593,   14.450, 07-07-2004, 08:15:07
  9.0765, 3.32594,   14.743, 07-07-2004, 08:15:12
  9.0767, 3.32592,   14.438, 07-07-2004, 08:15:17
  9.0770, 3.32590,   14.389, 07-07-2004, 08:15:22
  9.0765, 3.32592,   14.542, 07-07-2004, 08:15:27
  9.0760, 3.32587,   14.426, 07-07-2004, 08:15:32
  9.0761, 3.32583,   14.499, 07-07-2004, 08:15:37
  9.0759, 3.32582,   14.847, 07-07-2004, 08:15:42
  9.0756, 3.32587,   14.737, 07-07-2004, 08:15:47
  9.0757, 3.32588,   14.591, 07-07-2004, 08:15:52
  9.0763, 3.32586,   14.310, 07-07-2004, 08:15:57
  9.0761, 3.32582,   14.530, 07-07-2004, 08:16:02
  9.0763, 3.32590,   14.359, 07-07-2004, 08:16:07
  9.0770, 3.32593,   14.438, 07-07-2004, 08:16:12
  9.0765, 3.32592,   14.365, 07-07-2004, 08:16:17
  9.0768, 3.32593,   14.664, 07-07-2004, 08:16:22
  9.0769, 3.32596,   14.542, 07-07-2004, 08:16:27
  9.0766, 3.32596,   14.414, 07-07-2004, 08:16:32
  9.0766, 3.32612,   14.212, 07-07-2004, 08:16:37
  9.0749, 3.32599,   14.829, 07-07-2004, 08:16:42
  9.0740, 3.32596,   14.505, 07-07-2004, 08:16:47
  9.0750, 3.32599,   14.359, 07-07-2004, 08:16:52
  9.0741, 3.32598,   14.713, 07-07-2004, 08:16:57
  9.0743, 3.32598,   14.408, 07-07-2004, 08:17:02
  9.0740, 3.32600,   14.426, 07-07-2004, 08:17:07
  9.0734, 3.32601,   14.426, 07-07-2004, 08:17:12
  9.0728, 3.32598,   14.456, 07-07-2004, 08:17:17
  9.0730, 3.32599,   14.560, 07-07-2004, 08:17:22
  9.0736, 3.32594,   14.426, 07-07-2004, 08:17:27
  9.0724, 3.32582,   14.481, 07-07-2004, 08:17:32
  9.0672, 3.32590,   14.585, 07-07-2004, 08:17:37
  9.0665, 3.32588,   14.444, 07-07-2004, 08:17:42
  9.0621, 3.32584,   14.682, 07-07-2004, 08:17:47
  9.0689, 3.32574,   14.463, 07-07-2004, 08:17:52
  9.0634, 3.32552,   14.255, 07-07-2004, 08:17:57
  9.0646, 3.32562,   14.548, 07-07-2004, 08:18:02
  9.0657, 3.32538,   14.432, 07-07-2004, 08:18:07
  9.0683, 3.32540,   14.450, 07-07-2004, 08:18:12
  9.0685, 3.32551,   14.469, 07-07-2004, 08:18:17
  9.0712, 3.32555,   14.249, 07-07-2004, 08:18:22
  9.0697, 3.32555,   14.383, 07-07-2004, 08:18:27
  9.0697, 3.32553,   14.469, 07-07-2004, 08:18:32
  9.0695, 3.32557,   14.682, 07-07-2004, 08:18:37
  9.0686, 3.32556,   14.316, 07-07-2004, 08:18:42
  9.0692, 3.32561,   14.463, 07-07-2004, 08:18:47
  9.0699, 3.32561,   14.707, 07-07-2004, 08:18:52
  9.0705, 3.32556,   14.682, 07-07-2004, 08:18:57
  9.0696, 3.32564,   14.377, 07-07-2004, 08:19:02
  9.0696, 3.32562,   14.542, 07-07-2004, 08:19:07
  9.0698, 3.32562,   14.664, 07-07-2004, 08:19:12
  9.0702, 3.32563,   14.389, 07-07-2004, 08:19:17
  9.0710, 3.32562,   14.493, 07-07-2004, 08:19:22
  9.0701, 3.32562,   14.517, 07-07-2004, 08:19:27
  9.0700, 3.32562,   14.579, 07-07-2004, 08:19:32
  9.0713, 3.32565,   14.762, 07-07-2004, 08:19:37
  9.0704, 3.32565,   14.597, 07-07-2004, 08:19:42
  9.0706, 3.32564,   14.377, 07-07-2004, 08:19:47
  9.0707, 3.32564,   14.530, 07-07-2004, 08:19:52
  9.0703, 3.32566,   14.627, 07-07-2004, 08:19:57
  9.0713, 3.32566,   14.615, 07-07-2004, 08:20:02
  9.0715, 3.32566,   14.353, 07-07-2004, 08:20:07
  9.0728, 3.32566,   14.255, 07-07-2004, 08:20:12
  9.0724, 3.32570,   14.646, 07-07-2004, 08:20:17
  9.0740, 3.32571,   14.566, 07-07-2004, 08:20:22
  9.0741, 3.32576,   14.511, 07-07-2004, 08:20:27
  9.0743, 3.32579,   14.414, 07-07-2004, 08:20:32
  9.0722, 3.32579,   14.347, 07-07-2004, 08:20:37
  9.0695, 3.32568,   14.408, 07-07-2004, 08:20:42
  9.0693, 3.32565,   14.652, 07-07-2004, 08:20:47
  9.0693, 3.32561,   14.572, 07-07-2004, 08:20:52
  9.0652, 3.32563,   14.475, 07-07-2004, 08:20:57
  9.0668, 3.32557,   14.695, 07-07-2004, 08:21:02
  9.0661, 3.32531,   14.591, 07-07-2004, 08:21:07
  9.0593, 3.32527,   14.469, 07-07-2004, 08:21:12
  9.0582, 3.32515,   14.450, 07-07-2004, 08:21:17
  9.0585, 3.32503,   14.670, 07-07-2004, 08:21:22
  9.0592, 3.32503,   14.670, 07-07-2004, 08:21:27
  9.0612, 3.32490,   14.542, 07-07-2004, 08:21:32
  9.0621, 3.32496,   14.310, 07-07-2004, 08:21:37
  9.0623, 3.32501,   14.603, 07-07-2004, 08:21:42
  9.0622, 3.32502,   14.579, 07-07-2004, 08:21:47
  9.0626, 3.32503,   14.566, 07-07-2004, 08:21:52
  9.0627, 3.32504,   14.591, 07-07-2004, 08:21:57
  9.0634, 3.32507,   14.505, 07-07-2004, 08:22:02
  9.0638, 3.32508,   14.572, 07-07-2004, 08:22:07
  9.0617, 3.32509,   14.762, 07-07-2004, 08:22:12
  9.0611, 3.32502,   14.359, 07-07-2004, 08:22:17
  9.0587, 3.32496,   14.426, 07-07-2004, 08:22:22
  9.0577, 3.32474,   14.627, 07-07-2004, 08:22:27
  9.0560, 3.32457,   14.194, 07-07-2004, 08:22:32
  9.0570, 3.32464,   14.517, 07-07-2004, 08:22:37
  9.0551, 3.32462,   14.719, 07-07-2004, 08:22:42
  9.0556, 3.32448,   14.572, 07-07-2004, 08:22:47
  9.0548, 3.32457,   14.566, 07-07-2004, 08:22:52
  9.0562, 3.32457,   14.798, 07-07-2004, 08:22:57
  9.0569, 3.32456,   14.572, 07-07-2004, 08:23:02
  9.0554, 3.32442,   14.255, 07-07-2004, 08:23:07
  9.0579, 3.32449,   14.359, 07-07-2004, 08:23:12
  9.0556, 3.32458,   14.463, 07-07-2004, 08:23:17
  9.0561, 3.32451,   14.401, 07-07-2004, 08:23:22
  9.0559, 3.32447,   14.347, 07-07-2004, 08:23:27
  9.0547, 3.32445,   14.377, 07-07-2004, 08:23:32
  9.0557, 3.32442,   14.456, 07-07-2004, 08:23:37
  9.0559, 3.32454,   14.768, 07-07-2004, 08:23:42
  9.0558, 3.32445,   14.554, 07-07-2004, 08:23:47
  9.0551, 3.32447,   14.743, 07-07-2004, 08:23:52
  9.0557, 3.32443,   14.621, 07-07-2004, 08:23:57
  9.0556, 3.32440,   14.304, 07-07-2004, 08:24:02
  9.0559, 3.32446,   14.572, 07-07-2004, 08:24:07
  9.0547, 3.32446,   14.579, 07-07-2004, 08:24:12
  9.0560, 3.32445,   14.334, 07-07-2004, 08:24:17
  9.0562, 3.32446,   14.353, 07-07-2004, 08:24:22
  9.0562, 3.32444,   14.640, 07-07-2004, 08:24:27
  9.0564, 3.32453,   14.432, 07-07-2004, 08:24:32
  9.0569, 3.32449,   14.542, 07-07-2004, 08:24:37
  9.0569, 3.32448,   14.328, 07-07-2004, 08:24:42
  9.0565, 3.32448,   14.780, 07-07-2004, 08:24:47
  9.0558, 3.32451,   14.621, 07-07-2004, 08:24:52
  9.0554, 3.32448,   14.627, 07-07-2004, 08:24:57
  9.0557, 3.32442,   14.084, 07-07-2004, 08:25:02
  9.0575, 3.32452,   14.505, 07-07-2004, 08:25:07
  9.0574, 3.32453,   14.566, 07-07-2004, 08:25:12
  9.0572, 3.32454,   14.542, 07-07-2004, 08:25:17
  9.0574, 3.32452,   14.640, 07-07-2004, 08:25:22
  9.0583, 3.32455,   14.762, 07-07-2004, 08:25:27
  9.0583, 3.32465,   14.627, 07-07-2004, 08:25:32
  9.0569, 3.32454,   14.334, 07-07-2004, 08:25:37
  9.0568, 3.32453,   14.261, 07-07-2004, 08:25:42
  9.0566, 3.32449,   14.334, 07-07-2004, 08:25:47
  9.0569, 3.32454,   14.847, 07-07-2004, 08:25:52
  9.0558, 3.32448,   14.548, 07-07-2004, 08:25:57
  9.0561, 3.32451,   14.621, 07-07-2004, 08:26:02
  9.0579, 3.32460,   14.579, 07-07-2004, 08:26:07
  9.0570, 3.32455,   14.524, 07-07-2004, 08:26:12
  9.0569, 3.32459,   14.389, 07-07-2004, 08:26:17
  9.0571, 3.32454,   14.426, 07-07-2004, 08:26:22
  9.0564, 3.32453,   14.591, 07-07-2004, 08:26:27
  9.0561, 3.32447,   14.536, 07-07-2004, 08:26:32
  9.0552, 3.32438,   14.328, 07-07-2004, 08:26:37
  9.0548, 3.32440,   14.829, 07-07-2004, 08:26:42
  9.0543, 3.32431,   14.542, 07-07-2004, 08:26:47
  9.0552, 3.32436,   14.383, 07-07-2004, 08:26:52
  9.0548, 3.32433,   14.383, 07-07-2004, 08:26:57
  9.0548, 3.32436,   14.450, 07-07-2004, 08:27:02
  9.0552, 3.32440,   14.640, 07-07-2004, 08:27:07
  9.0558, 3.32437,   14.066, 07-07-2004, 08:27:12
  9.0542, 3.32425,   14.163, 07-07-2004, 08:27:17
  9.0550, 3.32442,   14.347, 07-07-2004, 08:27:22
  9.0559, 3.32461,   14.267, 07-07-2004, 08:27:27
  9.0559, 3.32458,   14.371, 07-07-2004, 08:27:32
  9.0564, 3.32452,   14.634, 07-07-2004, 08:27:37
  9.0563, 3.32453,   14.493, 07-07-2004, 08:27:42
  9.0545, 3.32445,   14.340, 07-07-2004, 08:27:47
  9.0557, 3.32443,   14.408, 07-07-2004, 08:27:52
  9.0558, 3.32443,   14.493, 07-07-2004, 08:27:57
  9.0506, 3.32415,   14.365, 07-07-2004, 08:28:02
  9.0526, 3.32423,   14.139, 07-07-2004, 08:28:07
  9.0535, 3.32423,   14.243, 07-07-2004, 08:28:12
  9.0549, 3.32438,   14.243, 07-07-2004, 08:28:17
  9.0545, 3.32438,   14.243, 07-07-2004, 08:28:22
  9.0549, 3.32446,   14.310, 07-07-2004, 08:28:27
  9.0582, 3.32471,   14.243, 07-07-2004, 08:28:32
  9.0640, 3.32531,   14.096, 07-07-2004, 08:28:37
  9.0621, 3.32523,   14.365, 07-07-2004, 08:28:42
  9.0701, 3.32608,   14.218, 07-07-2004, 08:28:47
  9.0722, 3.32627,   14.096, 07-07-2004, 08:28:52
  9.0701, 3.32610,   14.176, 07-07-2004, 08:28:57
  9.0669, 3.32574,   14.127, 07-07-2004, 08:29:02
  9.0725, 3.32632,   14.072, 07-07-2004, 08:29:07
  9.0717, 3.32629,   14.096, 07-07-2004, 08:29:12
  9.0684, 3.32600,   14.121, 07-07-2004, 08:29:17
  9.0634, 3.32539,   14.072, 07-07-2004, 08:29:22
