CTD-processing/Workspace/ADFG-BobDeCino/2004/CTD Data/CTD/mc/mc071904.asc
* Sea-Bird SBE37 Data File:
* FileName = C:\OTF\CTD\mc\mc071904.asc
* Software Version 1.26
* Temperature SN = 2970
* Conductivity SN = 2970
* System UpLoad Time = Jul 19 2004 11:14:22
* ds
* SBE37-SM V 2.3  SERIAL NO. 2970    07-19-2004  11:13:57
*END*
[from data line 3842]
  9.9560, 3.43589,    5.487, 07-19-2004, 10:59:18
  9.9594, 3.43615,    5.225, 07-19-2004, 10:59:23
  9.9579, 3.43613,    5.121, 07-19-2004, 10:59:28
  9.9637, 3.43615,    5.396, 07-19-2004, 10:59:33
  9.9693, 3.43637,    5.292, 07-19-2004, 10:59:38
  9.9691, 3.43669,    5.249, 07-19-2004, 10:59:43
  9.9690, 3.43662,    5.310, 07-19-2004, 10:59:48
  9.9697, 3.43675,    5.377, 07-19-2004, 10:59:53
  9.9688, 3.43675,    5.316, 07-19-2004, 10:59:58
  9.9688, 3.43686,    5.206, 07-19-2004, 11:00:03
  9.9678, 3.43678,    5.396, 07-19-2004, 11:00:08
  9.9670, 3.43685,    5.396, 07-19-2004, 11:00:13
  9.9645, 3.43686,    5.347, 07-19-2004, 11:00:18
  9.9618, 3.43680,    5.408, 07-19-2004, 11:00:23
  9.9602, 3.43670,    5.225, 07-19-2004, 11:00:28
  9.9609, 3.43667,    5.353, 07-19-2004, 11:00:33
  9.9613, 3.43663,    5.310, 07-19-2004, 11:00:38
  9.9599, 3.43655,    5.121, 07-19-2004, 11:00:43
  9.9563, 3.43646,    5.359, 07-19-2004, 11:00:48
  9.9522, 3.43635,    5.432, 07-19-2004, 11:00:53
  9.9517, 3.43602,    5.182, 07-19-2004, 11:00:58
  9.9534, 3.43609,    5.267, 07-19-2004, 11:01:03
  9.9536, 3.43607,    5.463, 07-19-2004, 11:01:08
  9.9535, 3.43600,    5.231, 07-19-2004, 11:01:13
  9.9536, 3.43603,    5.304, 07-19-2004, 11:01:18
  9.9537, 3.43602,    5.518, 07-19-2004, 11:01:23
  9.9506, 3.43584,    5.225, 07-19-2004, 11:01:28
  9.9381, 3.43587,    5.176, 07-19-2004, 11:01:33
  9.9320, 3.43504,    5.408, 07-19-2004, 11:01:38
  9.9312, 3.43511,    5.371, 07-19-2004, 11:01:43
  9.9316, 3.43485,    5.280, 07-19-2004, 11:01:48
  9.9331, 3.43503,    5.310, 07-19-2004, 11:01:53
  9.9360, 3.43498,    5.371, 07-19-2004, 11:01:58
  9.9354, 3.43508,    5.371, 07-19-2004, 11:02:03
  9.9324, 3.43506,    5.353, 07-19-2004, 11:02:08
  9.9328, 3.43491,    5.420, 07-19-2004, 11:02:13
  9.9340, 3.43468,    5.213, 07-19-2004, 11:02:18
  9.9353, 3.43472,    5.371, 07-19-2004, 11:02:23
  9.9361, 3.43478,    5.438, 07-19-2004, 11:02:28
  9.9320, 3.43477,    5.322, 07-19-2004, 11:02:33
  9.9259, 3.43471,    5.298, 07-19-2004, 11:02:38
  9.9245, 3.43443,    5.408, 07-19-2004, 11:02:43
  9.9243, 3.43459,    5.402, 07-19-2004, 11:02:48
  9.9247, 3.43417,    5.188, 07-19-2004, 11:02:53
  9.9251, 3.43427,    5.274, 07-19-2004, 11:02:58
  9.9233, 3.43400,    5.438, 07-19-2004, 11:03:03
  9.9218, 3.43401,    5.310, 07-19-2004, 11:03:08
  9.9209, 3.43399,    5.261, 07-19-2004, 11:03:13
  9.9209, 3.43400,    5.438, 07-19-2004, 11:03:18
  9.9227, 3.43384,    5.255, 07-19-2004, 11:03:23
  9.9257, 3.43401,    5.176, 07-19-2004, 11:03:28
  9.9302, 3.43410,    5.567, 07-19-2004, 11:03:33
  9.9284, 3.43425,    5.414, 07-19-2004, 11:03:38
  9.9302, 3.43430,    5.206, 07-19-2004, 11:03:43
  9.9328, 3.43426,    5.451, 07-19-2004, 11:03:48
  9.9328, 3.43442,    5.426, 07-19-2004, 11:03:53
  9.9332, 3.43449,    5.164, 07-19-2004, 11:03:58
  9.9309, 3.43432,    5.274, 07-19-2004, 11:04:03
  9.9273, 3.43415,    5.530, 07-19-2004, 11:04:08
  9.9225, 3.43373,    5.219, 07-19-2004, 11:04:13
  9.9163, 3.43361,    5.200, 07-19-2004, 11:04:18
  9.9056, 3.43354,    5.249, 07-19-2004, 11:04:23
  9.9049, 3.43356,    5.365, 07-19-2004, 11:04:28
  9.9136, 3.43345,    5.298, 07-19-2004, 11:04:33
  9.9089, 3.43341,    5.322, 07-19-2004, 11:04:38
  9.9115, 3.43345,    5.365, 07-19-2004, 11:04:43
  9.9111, 3.43328,    5.445, 07-19-2004, 11:04:48
  9.9154, 3.43323,    5.274, 07-19-2004, 11:04:53
  9.9181, 3.43324,    5.261, 07-19-2004, 11:04:58
  9.9188, 3.43326,    5.280, 07-19-2004, 11:05:03
  9.9180, 3.43333,    5.408, 07-19-2004, 11:05:08
  9.9167, 3.43331,    5.438, 07-19-2004, 11:05:13
  9.9164, 3.43333,    5.194, 07-19-2004, 11:05:18
  9.9154, 3.43333,    5.304, 07-19-2004, 11:05:23
  9.9141, 3.43328,    5.475, 07-19-2004, 11:05:28
  9.9124, 3.43314,    5.322, 07-19-2004, 11:05:33
  9.9129, 3.43311,    5.078, 07-19-2004, 11:05:38
  9.9135, 3.43311,    5.347, 07-19-2004, 11:05:43
  9.9130, 3.43313,    5.298, 07-19-2004, 11:05:48
  9.9118, 3.43313,    5.280, 07-19-2004, 11:05:53
  9.9127, 3.43309,    5.445, 07-19-2004, 11:05:58
  9.9118, 3.43304,    5.377, 07-19-2004, 11:06:03
  9.9141, 3.43301,    5.072, 07-19-2004, 11:06:08
  9.9153, 3.43303,    5.225, 07-19-2004, 11:06:13
  9.9153, 3.43312,    5.402, 07-19-2004, 11:06:18
  9.9148, 3.43315,    5.170, 07-19-2004, 11:06:23
  9.9134, 3.43313,    5.213, 07-19-2004, 11:06:28
  9.9137, 3.43310,    5.383, 07-19-2004, 11:06:33
  9.9139, 3.43309,    5.225, 07-19-2004, 11:06:38
  9.9156, 3.43309,    5.072, 07-19-2004, 11:06:43
  9.9171, 3.43315,    5.371, 07-19-2004, 11:06:48
  9.9176, 3.43319,    5.402, 07-19-2004, 11:06:53
  9.9188, 3.43325,    5.432, 07-19-2004, 11:06:58
  9.9250, 3.43356,    5.115, 07-19-2004, 11:07:03
  9.9287, 3.43368,    5.158, 07-19-2004, 11:07:08
  9.9288, 3.43380,    5.481, 07-19-2004, 11:07:13
  9.9290, 3.43389,    5.341, 07-19-2004, 11:07:18
  9.9253, 3.43400,    5.206, 07-19-2004, 11:07:23
  9.9230, 3.43389,    5.347, 07-19-2004, 11:07:28
  9.9209, 3.43388,    5.341, 07-19-2004, 11:07:33
  9.9208, 3.43385,    5.255, 07-19-2004, 11:07:38
  9.9231, 3.43378,    5.072, 07-19-2004, 11:07:43
  9.9234, 3.43378,    5.261, 07-19-2004, 11:07:48
  9.9225, 3.43379,    5.310, 07-19-2004, 11:07:53
  9.9210, 3.43379,    5.286, 07-19-2004, 11:07:58
  9.9180, 3.43377,    5.182, 07-19-2004, 11:08:03
  9.9194, 3.43364,    5.304, 07-19-2004, 11:08:08
  9.9199, 3.43361,    5.316, 07-19-2004, 11:08:13
  9.9179, 3.43364,    5.335, 07-19-2004, 11:08:18
  9.9191, 3.43363,    5.158, 07-19-2004, 11:08:23
  9.9203, 3.43364,    5.219, 07-19-2004, 11:08:28
  9.9217, 3.43360,    5.060, 07-19-2004, 11:08:33
  9.9224, 3.43364,    5.206, 07-19-2004, 11:08:38
  9.9238, 3.43368,    5.396, 07-19-2004, 11:08:43
  9.9256, 3.43383,    5.139, 07-19-2004, 11:08:48
  9.9235, 3.43376,    4.889, 07-19-2004, 11:08:53
  9.9276, 3.43387,    5.280, 07-19-2004, 11:08:58
  9.9265, 3.43390,    5.353, 07-19-2004, 11:09:03
  9.9266, 3.43390,    5.298, 07-19-2004, 11:09:08
  9.9230, 3.43379,    5.133, 07-19-2004, 11:09:13
  9.9234, 3.43374,    5.090, 07-19-2004, 11:09:18
  9.9222, 3.43377,    5.249, 07-19-2004, 11:09:23
  9.9350, 3.43430,    5.298, 07-19-2004, 11:09:28
  9.9217, 3.43385,    5.005, 07-19-2004, 11:09:33
  9.9191, 3.43349,    5.261, 07-19-2004, 11:09:38
  9.9194, 3.43356,    5.408, 07-19-2004, 11:09:43
  9.9182, 3.43344,    4.297, 07-19-2004, 11:09:48
  9.9195, 3.43333,    3.216, 07-19-2004, 11:09:53
  9.9216, 3.43339,    2.477, 07-19-2004, 11:09:58
  9.9219, 3.43339,    1.384, 07-19-2004, 11:10:03
  9.9246, 3.43332,    0.169, 07-19-2004, 11:10:08
  9.9550, 0.49979,   -0.130, 07-19-2004, 11:10:13
 10.0491, 0.22334,   -0.136, 07-19-2004, 11:10:18
 10.0750, 0.20763,   -0.142, 07-19-2004, 11:10:23
 10.0895, 0.18750,   -0.136, 07-19-2004, 11:10:28
 10.1116, 0.11366,   -0.142, 07-19-2004, 11:10:33
 10.1363, 0.12817,   -0.148, 07-19-2004, 11:10:38
 10.2068, 0.08060,   -0.148, 07-19-2004, 11:10:43
 10.2453, 0.28935,   -0.148, 07-19-2004, 11:10:48
 10.2618, 0.10658,   -0.154, 07-19-2004, 11:10:53
 10.2774, 0.10426,   -0.142, 07-19-2004, 11:10:58
 10.2977, 0.09363,   -0.142, 07-19-2004, 11:11:03
 10.3105, 0.07921,   -0.148, 07-19-2004, 11:11:08
 10.3120, 0.07862,   -0.142, 07-19-2004, 11:11:13
 10.3175, 0.07468,   -0.148, 07-19-2004, 11:11:18
 10.3191, 0.08449,   -0.148, 07-19-2004, 11:11:23
 10.3121, 0.10450,   -0.142, 07-19-2004, 11:11:28
 10.3105, 0.11837,   -0.142, 07-19-2004, 11:11:33
 10.3117, 0.12193,   -0.142, 07-19-2004, 11:11:38
 10.3157, 0.12441,   -0.142, 07-19-2004, 11:11:43
 10.3412, 0.12427,   -0.142, 07-19-2004, 11:11:48
 10.3501, 0.11914,   -0.142, 07-19-2004, 11:11:53
 10.3589, 0.11817,   -0.142, 07-19-2004, 11:11:58
 10.3644, 0.11111,   -0.142, 07-19-2004, 11:12:03
 10.3700, 0.10534,   -0.142, 07-19-2004, 11:12:08
 10.4177, 0.09863,   -0.142, 07-19-2004, 11:12:13
 10.5024, 0.11078,   -0.142, 07-19-2004, 11:12:18
 10.5562, 0.11753,   -0.148, 07-19-2004, 11:12:23
 10.6245, 0.14932,   -0.124, 07-19-2004, 11:12:28
 11.0202, 0.15600,   -0.173, 07-19-2004, 11:12:33
 11.4600, 0.04908,   -0.179, 07-19-2004, 11:12:38
 11.6641, 0.10399,   -0.173, 07-19-2004, 11:12:43
 11.8543, 0.05131,   -0.167, 07-19-2004, 11:12:48
 11.9165, 0.04195,   -0.154, 07-19-2004, 11:12:53
 12.0219, 0.05539,   -0.173, 07-19-2004, 11:12:58
 12.0142, 0.03623,   -0.173, 07-19-2004, 11:13:03
 11.9070, 0.02778,   -0.173, 07-19-2004, 11:13:08
 11.8761, 0.01953,   -0.173, 07-19-2004, 11:13:13
 11.8173, 0.01497,   -0.173, 07-19-2004, 11:13:18
 11.8686, 0.01385,   -0.173, 07-19-2004, 11:13:23
 11.8594, 0.01326,   -0.173, 07-19-2004, 11:13:28
 11.8085, 0.01351,   -0.173, 07-19-2004, 11:13:33
 11.8284, 0.01623,   -0.173, 07-19-2004, 11:13:38
 11.8729, 0.01865,   -0.173, 07-19-2004, 11:13:43
