CTD-processing/Workspace/ADFG-BobDeCino/2004/CTD Data/CTD/mc/mc070904.asc
* Sea-Bird SBE37 Data File:
* FileName = C:\OTF\CTD\mc\mc070904.asc
* Software Version 1.26
* Temperature SN = 2970
* Conductivity SN = 2970
* System UpLoad Time = Jul 09 2004 11:00:26
* ds
* SBE37-SM V 2.3  SERIAL NO. 2970    07-09-2004  11:00:00
*END*
[from data line 322]
 10.5655, 3.27907,    8.033, 07-09-2004, 05:47:46
 10.5229, 3.28043,    8.015, 07-09-2004, 05:47:51
 10.5350, 3.28000,    7.984, 07-09-2004, 05:47:56
 10.5255, 3.28030,    7.997, 07-09-2004, 05:48:01
 10.4887, 3.28117,    7.966, 07-09-2004, 05:48:06
 10.4930, 3.28110,    8.015, 07-09-2004, 05:48:11
 10.5213, 3.28050,    7.978, 07-09-2004, 05:48:16
 10.5092, 3.28074,    7.984, 07-09-2004, 05:48:21
 10.5266, 3.28001,    7.997, 07-09-2004, 05:48:26
 10.5087, 3.28039,    7.997, 07-09-2004, 05:48:31
 10.5350, 3.28012,    8.021, 07-09-2004, 05:48:36
 10.5192, 3.28011,    8.046, 07-09-2004, 05:48:41
 10.5487, 3.27974,    8.039, 07-09-2004, 05:48:46
 10.5534, 3.27924,    8.058, 07-09-2004, 05:48:51
 10.5351, 3.28012,    8.094, 07-09-2004, 05:48:56
 10.5670, 3.27970,    8.039, 07-09-2004, 05:49:01
 10.5401, 3.28033,    8.033, 07-09-2004, 05:49:06
 10.5747, 3.27926,    8.076, 07-09-2004, 05:49:11
 10.5388, 3.28027,    8.015, 07-09-2004, 05:49:16
 10.5510, 3.28037,    8.131, 07-09-2004, 05:49:21
 10.5237, 3.28104,    7.960, 07-09-2004, 05:49:26
 10.5068, 3.28106,    8.113, 07-09-2004, 05:49:31
 10.5500, 3.27974,    8.058, 07-09-2004, 05:49:36
 10.5073, 3.28128,    8.076, 07-09-2004, 05:49:41
 10.5018, 3.28161,    8.021, 07-09-2004, 05:49:46
 10.4979, 3.28107,    8.070, 07-09-2004, 05:49:51
 10.4835, 3.28181,    8.003, 07-09-2004, 05:49:56
 10.4449, 3.28291,    8.027, 07-09-2004, 05:50:01
 10.4569, 3.28252,    8.046, 07-09-2004, 05:50:06
 10.4088, 3.28381,    8.064, 07-09-2004, 05:50:11
 10.4454, 3.28300,    7.942, 07-09-2004, 05:50:16
 10.4566, 3.28252,    7.917, 07-09-2004, 05:50:21
 10.4618, 3.28257,    7.991, 07-09-2004, 05:50:26
 10.4650, 3.28245,    7.936, 07-09-2004, 05:50:31
 10.4612, 3.28283,    8.046, 07-09-2004, 05:50:36
 10.4883, 3.28147,    8.046, 07-09-2004, 05:50:41
 10.5936, 3.27965,    7.984, 07-09-2004, 05:50:46
 10.5375, 3.28078,    8.064, 07-09-2004, 05:50:51
 10.5615, 3.27989,    8.119, 07-09-2004, 05:50:56
 10.5580, 3.27998,    8.107, 07-09-2004, 05:51:01
 10.4611, 3.28173,    7.984, 07-09-2004, 05:51:06
 10.4595, 3.28241,    8.058, 07-09-2004, 05:51:11
 10.4879, 3.28223,    8.082, 07-09-2004, 05:51:16
 10.4318, 3.28266,    8.058, 07-09-2004, 05:51:21
 10.4389, 3.28276,    8.088, 07-09-2004, 05:51:26
 10.4697, 3.28277,    8.125, 07-09-2004, 05:51:31
 10.4339, 3.28304,    8.125, 07-09-2004, 05:51:36
 10.4118, 3.28311,    8.168, 07-09-2004, 05:51:41
 10.4232, 3.28326,    8.290, 07-09-2004, 05:51:46
 10.3959, 3.28333,    8.717, 07-09-2004, 05:51:51
 10.3915, 3.28331,    9.029, 07-09-2004, 05:51:56
 10.3741, 3.28332,    9.315, 07-09-2004, 05:52:01
 10.3754, 3.28324,    9.432, 07-09-2004, 05:52:06
 10.3879, 3.28347,    9.602, 07-09-2004, 05:52:11
 10.4668, 3.28464,    9.694, 07-09-2004, 05:52:16
 10.4814, 3.28498,    9.804, 07-09-2004, 05:52:21
 10.4934, 3.28463,    9.773, 07-09-2004, 05:52:26
 10.5343, 3.28316,    9.889, 07-09-2004, 05:52:31
 10.5184, 3.28356,    9.792, 07-09-2004, 05:52:36
 10.5047, 3.28395,    9.816, 07-09-2004, 05:52:41
 10.4642, 3.28490,    9.798, 07-09-2004, 05:52:46
 10.5008, 3.28389,    9.694, 07-09-2004, 05:52:51
 10.4536, 3.28462,    9.798, 07-09-2004, 05:52:56
 10.4576, 3.28462,    9.798, 07-09-2004, 05:53:01
 10.4688, 3.28436,    9.755, 07-09-2004, 05:53:06
 10.4722, 3.28433,    9.920, 07-09-2004, 05:53:11
 10.4458, 3.28449,    9.944, 07-09-2004, 05:53:16
 10.4322, 3.28469,    9.871, 07-09-2004, 05:53:21
 10.4471, 3.28467,    9.932, 07-09-2004, 05:53:26
 10.4408, 3.28460,    9.963, 07-09-2004, 05:53:31
 10.4155, 3.28467,    9.932, 07-09-2004, 05:53:36
 10.3900, 3.28479,    9.993, 07-09-2004, 05:53:41
 10.4304, 3.28500,   10.012, 07-09-2004, 05:53:46
 10.3957, 3.28497,    9.975, 07-09-2004, 05:53:51
 10.4076, 3.28487,   10.054, 07-09-2004, 05:53:56
 10.3456, 3.28488,   10.073, 07-09-2004, 05:54:01
 10.4075, 3.28481,   10.030, 07-09-2004, 05:54:06
 10.3546, 3.28486,    9.932, 07-09-2004, 05:54:14
 10.3599, 3.28494,    9.896, 07-09-2004, 05:54:19
 10.3632, 3.28484,    9.944, 07-09-2004, 05:54:24
 10.3420, 3.28488,    9.792, 07-09-2004, 05:54:29
 10.3449, 3.28480,    9.804, 07-09-2004, 05:54:34
 10.3388, 3.28472,    9.773, 07-09-2004, 05:54:39
 10.3466, 3.28459,    9.621, 07-09-2004, 05:54:44
 10.3180, 3.28507,    9.810, 07-09-2004, 05:54:49
 10.3269, 3.28473,    9.792, 07-09-2004, 05:54:54
 10.3194, 3.28468,    9.718, 07-09-2004, 05:54:59
 10.3176, 3.28450,    9.682, 07-09-2004, 05:55:04
 10.3208, 3.28450,    9.633, 07-09-2004, 05:55:09
 10.3181, 3.28457,    9.602, 07-09-2004, 05:55:14
 10.3087, 3.28462,    9.560, 07-09-2004, 05:55:19
 10.3090, 3.28467,    9.578, 07-09-2004, 05:55:24
 10.2930, 3.28477,    9.572, 07-09-2004, 05:55:29
 10.2993, 3.28469,    9.615, 07-09-2004, 05:55:34
 10.2854, 3.28487,    9.688, 07-09-2004, 05:55:39
 10.2767, 3.28499,    9.560, 07-09-2004, 05:55:44
 10.2836, 3.28486,    9.737, 07-09-2004, 05:55:49
 10.2795, 3.28484,    9.700, 07-09-2004, 05:55:54
 10.2746, 3.28490,    9.682, 07-09-2004, 05:55:59
 10.2818, 3.28482,    9.548, 07-09-2004, 05:56:04
 10.2846, 3.28485,    9.566, 07-09-2004, 05:56:09
 10.2952, 3.28489,    9.474, 07-09-2004, 05:56:14
 10.2900, 3.28496,    9.523, 07-09-2004, 05:56:19
 10.3237, 3.28519,    9.462, 07-09-2004, 05:56:24
 10.3208, 3.28529,    9.731, 07-09-2004, 05:56:29
 10.3086, 3.28526,    9.761, 07-09-2004, 05:56:34
 10.2780, 3.28534,    9.963, 07-09-2004, 05:56:39
 10.2787, 3.28545,    9.981, 07-09-2004, 05:56:44
 10.2889, 3.28540,   10.396, 07-09-2004, 05:56:49
 10.2689, 3.28552,   11.251, 07-09-2004, 05:56:54
 10.2477, 3.28586,   12.002, 07-09-2004, 05:56:59
 10.2397, 3.28615,   12.759, 07-09-2004, 05:57:04
 10.2384, 3.28609,   12.674, 07-09-2004, 05:57:09
 10.2359, 3.28613,   12.729, 07-09-2004, 05:57:14
 10.2249, 3.28668,   13.632, 07-09-2004, 05:57:19
 10.2123, 3.28733,   14.499, 07-09-2004, 05:57:24
 10.2122, 3.28734,   14.292, 07-09-2004, 05:57:29
 10.2152, 3.28721,   14.548, 07-09-2004, 05:57:34
 10.2171, 3.28720,   14.304, 07-09-2004, 05:57:39
 10.2224, 3.28676,   14.542, 07-09-2004, 05:57:44
 10.2271, 3.28655,   14.487, 07-09-2004, 05:57:49
 10.2271, 3.28670,   14.347, 07-09-2004, 05:57:54
 10.2235, 3.28664,   14.353, 07-09-2004, 05:57:59
 10.2223, 3.28671,   14.414, 07-09-2004, 05:58:04
 10.2335, 3.28662,   14.450, 07-09-2004, 05:58:09
 10.2232, 3.28658,   14.725, 07-09-2004, 05:58:14
 10.2216, 3.28672,   14.524, 07-09-2004, 05:58:19
 10.2213, 3.28678,   14.401, 07-09-2004, 05:58:24
 10.2235, 3.28674,   14.707, 07-09-2004, 05:58:29
 10.2277, 3.28650,   14.511, 07-09-2004, 05:58:34
 10.2301, 3.28640,   14.347, 07-09-2004, 05:58:39
 10.2328, 3.28631,   14.371, 07-09-2004, 05:58:44
 10.2313, 3.28632,   14.737, 07-09-2004, 05:58:49
 10.2375, 3.28618,   14.603, 07-09-2004, 05:58:54
 10.2340, 3.28622,   14.609, 07-09-2004, 05:58:59
 10.2414, 3.28613,   14.279, 07-09-2004, 05:59:04
 10.2408, 3.28601,   14.310, 07-09-2004, 05:59:09
 10.2380, 3.28614,   14.701, 07-09-2004, 05:59:14
 10.2362, 3.28624,   14.322, 07-09-2004, 05:59:19
 10.2367, 3.28616,   14.169, 07-09-2004, 05:59:24
 10.2348, 3.28624,   14.572, 07-09-2004, 05:59:29
 10.2336, 3.28639,   14.505, 07-09-2004, 05:59:34
 10.2347, 3.28631,   14.285, 07-09-2004, 05:59:39
 10.2364, 3.28633,   14.579, 07-09-2004, 05:59:44
 10.2395, 3.28620,   14.688, 07-09-2004, 05:59:49
 10.2358, 3.28637,   14.511, 07-09-2004, 05:59:54
 10.2406, 3.28615,   14.353, 07-09-2004, 05:59:59
 10.2395, 3.28607,   14.401, 07-09-2004, 06:00:04
 10.2425, 3.28612,   14.707, 07-09-2004, 06:00:09
 10.2393, 3.28605,   14.676, 07-09-2004, 06:00:14
 10.2407, 3.28605,   14.334, 07-09-2004, 06:00:19
 10.2375, 3.28632,   14.499, 07-09-2004, 06:00:24
 10.2338, 3.28627,   14.731, 07-09-2004, 06:00:29
 10.2273, 3.28651,   14.517, 07-09-2004, 06:00:34
 10.2280, 3.28653,   14.108, 07-09-2004, 06:00:39
 10.2287, 3.28645,   14.591, 07-09-2004, 06:00:44
 10.2320, 3.28633,   14.560, 07-09-2004, 06:00:49
 10.2246, 3.28655,   14.554, 07-09-2004, 06:00:54
 10.2265, 3.28657,   14.438, 07-09-2004, 06:00:59
 10.2265, 3.28652,   14.389, 07-09-2004, 06:01:04
 10.2317, 3.28639,   14.463, 07-09-2004, 06:01:09
 10.2321, 3.28634,   14.530, 07-09-2004, 06:01:14
 10.2311, 3.28629,   14.401, 07-09-2004, 06:01:19
 10.2329, 3.28619,   14.401, 07-09-2004, 06:01:24
 10.2306, 3.28632,   14.389, 07-09-2004, 06:01:29
 10.2285, 3.28636,   14.310, 07-09-2004, 06:01:34
 10.2243, 3.28646,   14.347, 07-09-2004, 06:01:39
 10.2248, 3.28664,   14.634, 07-09-2004, 06:01:44
 10.2303, 3.28647,   14.585, 07-09-2004, 06:01:49
 10.2347, 3.28644,   14.481, 07-09-2004, 06:01:54
 10.2370, 3.28619,   14.279, 07-09-2004, 06:01:59
 10.2263, 3.28618,   14.487, 07-09-2004, 06:02:04
 10.2297, 3.28640,   14.719, 07-09-2004, 06:02:09
 10.2335, 3.28639,   14.298, 07-09-2004, 06:02:14
 10.2340, 3.28622,   14.328, 07-09-2004, 06:02:19
 10.2318, 3.28653,   14.713, 07-09-2004, 06:02:24
 10.2379, 3.28630,   14.517, 07-09-2004, 06:02:29
 10.2361, 3.28612,   14.554, 07-09-2004, 06:02:34
 10.2395, 3.28601,   14.420, 07-09-2004, 06:02:39
 10.2220, 3.28665,   14.456, 07-09-2004, 06:02:44
 10.2322, 3.28647,   14.554, 07-09-2004, 06:02:49
 10.2324, 3.28635,   14.261, 07-09-2004, 06:02:54
 10.2232, 3.28667,   14.505, 07-09-2004, 06:02:59
 10.2309, 3.28670,   14.634, 07-09-2004, 06:03:04
 10.2332, 3.28628,   14.450, 07-09-2004, 06:03:09
 10.2350, 3.28626,   14.359, 07-09-2004, 06:03:14
 10.2241, 3.28665,   14.426, 07-09-2004, 06:03:19
 10.2311, 3.28666,   14.517, 07-09-2004, 06:03:24
 10.2236, 3.28665,   14.530, 07-09-2004, 06:03:29
 10.2229, 3.28670,   14.261, 07-09-2004, 06:03:34
 10.2321, 3.28657,   14.463, 07-09-2004, 06:03:39
 10.2313, 3.28644,   14.664, 07-09-2004, 06:03:44
 10.2239, 3.28659,   14.456, 07-09-2004, 06:03:49
 10.2234, 3.28662,   14.456, 07-09-2004, 06:03:54
 10.2303, 3.28661,   14.456, 07-09-2004, 06:03:59
 10.2299, 3.28646,   14.218, 07-09-2004, 06:04:04
 10.2303, 3.28648,   14.524, 07-09-2004, 06:04:09
 10.2328, 3.28639,   14.481, 07-09-2004, 06:04:14
 10.2293, 3.28644,   14.347, 07-09-2004, 06:04:19
 10.2311, 3.28642,   14.499, 07-09-2004, 06:04:24
 10.2286, 3.28646,   14.322, 07-09-2004, 06:04:29
 10.2293, 3.28648,   14.420, 07-09-2004, 06:04:34
 10.2328, 3.28646,   14.401, 07-09-2004, 06:04:39
 10.2351, 3.28635,   14.695, 07-09-2004, 06:04:44
 10.2366, 3.28626,   14.554, 07-09-2004, 06:04:49
 10.2398, 3.28615,   14.237, 07-09-2004, 06:04:54
 10.2395, 3.28613,   14.328, 07-09-2004, 06:04:59
 10.2391, 3.28612,   14.511, 07-09-2004, 06:05:04
 10.2401, 3.28616,   14.536, 07-09-2004, 06:05:09
 10.2415, 3.28613,   14.408, 07-09-2004, 06:05:14
 10.2427, 3.28612,   14.627, 07-09-2004, 06:05:19
 10.2479, 3.28603,   14.359, 07-09-2004, 06:05:24
 10.2485, 3.28593,   14.505, 07-09-2004, 06:05:29
 10.2482, 3.28591,   14.634, 07-09-2004, 06:05:34
 10.2502, 3.28591,   14.273, 07-09-2004, 06:05:39
 10.2502, 3.28589,   14.322, 07-09-2004, 06:05:44
 10.2473, 3.28600,   14.780, 07-09-2004, 06:05:49
 10.2486, 3.28606,   14.481, 07-09-2004, 06:05:54
 10.2510, 3.28591,   14.395, 07-09-2004, 06:05:59
 10.2503, 3.28591,   14.420, 07-09-2004, 06:06:04
 10.2513, 3.28593,   14.261, 07-09-2004, 06:06:09
 10.2522, 3.28593,   14.597, 07-09-2004, 06:06:14
 10.2547, 3.28583,   14.078, 07-09-2004, 06:06:19
 10.2566, 3.28573,   14.139, 07-09-2004, 06:06:24
 10.2486, 3.28594,   13.260, 07-09-2004, 06:06:29
 10.2654, 3.28542,   12.081, 07-09-2004, 06:06:34
 10.2953, 3.28508,   10.964, 07-09-2004, 06:06:39
 10.3051, 3.28451,    9.871, 07-09-2004, 06:06:44
 10.3200, 3.28448,    8.851, 07-09-2004, 06:06:49
 10.3793, 3.28460,    7.807, 07-09-2004, 06:06:54
 10.4613, 3.28736,    6.238, 07-09-2004, 06:06:59
 10.5497, 3.28623,    5.432, 07-09-2004, 06:07:04
 10.6378, 3.28155,    4.144, 07-09-2004, 06:07:09
 10.7208, 3.27745,    2.801, 07-09-2004, 06:07:14
 10.7623, 3.27432,    1.586, 07-09-2004, 06:07:19
 10.8168, 3.26993,    0.664, 07-09-2004, 06:07:24
 10.8565, 3.26796,    0.010, 07-09-2004, 06:07:29
 10.9293, 0.33884,   -0.069, 07-09-2004, 06:07:34
 11.0199, 0.14052,   -0.069, 07-09-2004, 06:07:39
 11.0608, 0.07333,   -0.069, 07-09-2004, 06:07:44
 11.1425, 0.05747,   -0.075, 07-09-2004, 06:07:49
 11.2017, 0.05100,   -0.069, 07-09-2004, 06:07:54
 11.2247, 0.01826,   -0.075, 07-09-2004, 06:07:59
 11.2424, 0.01967,   -0.081, 07-09-2004, 06:08:04
 11.2600, 0.03152,   -0.081, 07-09-2004, 06:08:09
 11.2859, 0.02625,   -0.075, 07-09-2004, 06:08:14
 11.3021, 0.02456,   -0.081, 07-09-2004, 06:08:19
 11.2958, 0.02359,   -0.075, 07-09-2004, 06:08:24
 11.3348, 0.02215,   -0.075, 07-09-2004, 06:08:29
 11.3576, 0.01857,   -0.081, 07-09-2004, 06:08:34
 11.3724, 0.00246,   -0.075, 07-09-2004, 06:08:39
 11.3663, 0.00007,   -0.081, 07-09-2004, 06:08:44
 11.3707, 0.00007,   -0.075, 07-09-2004, 06:08:49
 11.3731, 0.00005,   -0.075, 07-09-2004, 06:08:54
 11.3795, 0.00005,   -0.075, 07-09-2004, 06:08:59
 11.3781, 0.00005,   -0.081, 07-09-2004, 06:09:04
 11.3890, 0.00005,   -0.075, 07-09-2004, 06:09:09
 11.4082, 0.00005,   -0.081, 07-09-2004, 06:09:14
 11.4210, 0.00005,   -0.075, 07-09-2004, 06:09:19
 11.4531, 0.00005,   -0.075, 07-09-2004, 06:09:24
 11.4382, 0.00005,   -0.075, 07-09-2004, 06:09:29
 11.4480, 0.00004,   -0.075, 07-09-2004, 06:09:34
 11.4706, 0.00004,   -0.075, 07-09-2004, 06:09:39
 11.4698, 0.00002,   -0.081, 07-09-2004, 06:09:44
 11.4806, 0.00002,   -0.075, 07-09-2004, 06:09:49
 11.4684, 0.00002,   -0.075, 07-09-2004, 06:09:54
 11.4703, 0.00002,   -0.075, 07-09-2004, 06:09:59
 11.4782, 0.00002,   -0.075, 07-09-2004, 06:10:04
 11.4702, 0.00001,   -0.081, 07-09-2004, 06:10:09
 11.4713, 0.00001,   -0.075, 07-09-2004, 06:10:14
 11.4518, 0.00002,   -0.081, 07-09-2004, 06:10:19
 11.4698, 0.00001,   -0.069, 07-09-2004, 06:10:24
 11.4576, 0.00001,   -0.069, 07-09-2004, 06:10:29
 11.4324, 0.00001,   -0.032, 07-09-2004, 06:10:34
 10.8626, 3.26968,    1.250, 07-09-2004, 06:10:39
 10.8505, 3.27129,    2.215, 07-09-2004, 06:10:44
 10.8383, 3.27312,    3.796, 07-09-2004, 06:10:49
 10.8143, 3.27390,    4.779, 07-09-2004, 06:10:54
 10.7594, 3.27611,    5.982, 07-09-2004, 06:10:59
 10.7210, 3.27947,    7.105, 07-09-2004, 06:11:04
 10.5660, 3.28936,    8.626, 07-09-2004, 06:11:09
 10.4347, 3.28913,    9.682, 07-09-2004, 06:11:14
 10.3897, 3.29158,   10.744, 07-09-2004, 06:11:19
 10.3255, 3.28950,   12.179, 07-09-2004, 06:11:24
 10.2973, 3.28974,   13.235, 07-09-2004, 06:11:29
 10.2606, 3.28791,   14.023, 07-09-2004, 06:11:34
 10.2730, 3.28838,   14.475, 07-09-2004, 06:11:39
 10.2633, 3.28962,   14.597, 07-09-2004, 06:11:44
 10.2596, 3.28819,   14.322, 07-09-2004, 06:11:49
 10.2594, 3.28800,   14.231, 07-09-2004, 06:11:54
 10.2716, 3.28737,   14.658, 07-09-2004, 06:11:59
 10.2738, 3.28687,   14.450, 07-09-2004, 06:12:04
 10.2461, 3.28725,   14.389, 07-09-2004, 06:12:09
 10.2525, 3.28724,   14.426, 07-09-2004, 06:12:14
 10.2490, 3.28708,   14.517, 07-09-2004, 06:12:19
 10.2490, 3.28703,   14.542, 07-09-2004, 06:12:24
 10.2463, 3.28716,   14.261, 07-09-2004, 06:12:29
 10.2443, 3.28689,   14.621, 07-09-2004, 06:12:34
 10.2485, 3.28671,   14.517, 07-09-2004, 06:12:39
 10.2474, 3.28680,   14.347, 07-09-2004, 06:12:44
 10.2485, 3.28666,   14.365, 07-09-2004, 06:12:49
 10.2523, 3.28663,   14.499, 07-09-2004, 06:12:54
 10.2568, 3.28671,   14.298, 07-09-2004, 06:12:59
 10.2585, 3.28649,   14.481, 07-09-2004, 06:13:04
 10.2675, 3.28637,   14.456, 07-09-2004, 06:13:09
 10.2707, 3.28623,   14.401, 07-09-2004, 06:13:14
 10.2614, 3.28614,   14.383, 07-09-2004, 06:13:19
 10.2591, 3.28620,   14.438, 07-09-2004, 06:13:24
 10.2679, 3.28614,   14.456, 07-09-2004, 06:13:29
 10.2707, 3.28613,   14.444, 07-09-2004, 06:13:34
 10.2650, 3.28613,   14.566, 07-09-2004, 06:13:39
 10.2662, 3.28602,   14.176, 07-09-2004, 06:13:44
 10.2787, 3.28600,   14.566, 07-09-2004, 06:13:49
 10.2641, 3.28615,   14.377, 07-09-2004, 06:13:54
 10.2699, 3.28620,   14.237, 07-09-2004, 06:13:59
 10.2719, 3.28602,   14.481, 07-09-2004, 06:14:04
 10.2724, 3.28601,   14.640, 07-09-2004, 06:14:09
 10.2738, 3.28606,   14.420, 07-09-2004, 06:14:14
 10.2498, 3.28633,   14.438, 07-09-2004, 06:14:19
