CTD-processing/Workspace/ADFG-BobDeCino/2004/CTD Data/CTD/mc/mc071204.asc
* Sea-Bird SBE37 Data File:
* FileName = C:\OTF\CTD\mc\mc071204.asc
* Software Version 1.26
* Temperature SN = 2970
* Conductivity SN = 2970
* System UpLoad Time = Jul 12 2004 16:10:01
* ds
* SBE37-SM V 2.3  SERIAL NO. 2970    07-12-2004  16:09:31
*END*
[from data line 1922]
 11.5022, 3.29661,    6.727, 07-12-2004, 13:11:53
 11.3383, 3.32663,    7.185, 07-12-2004, 13:11:58
 11.2335, 3.33348,    6.879, 07-12-2004, 13:12:03
 11.1174, 3.34533,    6.647, 07-12-2004, 13:12:08
 11.1151, 3.34303,    6.672, 07-12-2004, 13:12:13
 11.1214, 3.34075,    6.708, 07-12-2004, 13:12:18
 11.1011, 3.34110,    6.776, 07-12-2004, 13:12:23
 11.0306, 3.34466,    6.550, 07-12-2004, 13:12:28
 11.0105, 3.35053,    6.721, 07-12-2004, 13:12:33
 10.9576, 3.35670,    6.904, 07-12-2004, 13:12:38
 10.9967, 3.35689,    6.733, 07-12-2004, 13:12:43
 11.0234, 3.35629,    6.800, 07-12-2004, 13:12:48
 11.0768, 3.34928,    6.855, 07-12-2004, 13:12:53
 11.1991, 3.33335,    6.995, 07-12-2004, 13:12:58
 11.7093, 3.28255,    6.971, 07-12-2004, 13:13:03
 11.2205, 3.33491,    6.562, 07-12-2004, 13:13:08
 11.1587, 3.34329,    6.299, 07-12-2004, 13:13:13
 11.2982, 3.32522,    6.299, 07-12-2004, 13:13:18
 11.2584, 3.33347,    6.641, 07-12-2004, 13:13:23
 11.1294, 3.34779,    7.105, 07-12-2004, 13:13:28
 10.9156, 3.37151,    7.349, 07-12-2004, 13:13:33
 10.8784, 3.37132,    7.734, 07-12-2004, 13:13:38
 10.8865, 3.37350,    7.948, 07-12-2004, 13:13:43
 10.8821, 3.37458,    8.290, 07-12-2004, 13:13:48
 10.8588, 3.37502,    8.363, 07-12-2004, 13:13:53
 10.8481, 3.37503,    8.461, 07-12-2004, 13:13:58
 10.8372, 3.37492,    8.626, 07-12-2004, 13:14:03
 10.8470, 3.37439,    8.491, 07-12-2004, 13:14:08
 10.8560, 3.37421,    8.168, 07-12-2004, 13:14:13
 10.8676, 3.37391,    8.180, 07-12-2004, 13:14:18
 10.8680, 3.37365,    8.100, 07-12-2004, 13:14:23
 10.8809, 3.37391,    8.094, 07-12-2004, 13:14:28
 10.8967, 3.37392,    7.679, 07-12-2004, 13:14:33
 10.9012, 3.37276,    7.319, 07-12-2004, 13:14:38
 10.9080, 3.37254,    7.349, 07-12-2004, 13:14:43
 10.9336, 3.36848,    7.252, 07-12-2004, 13:14:48
 10.9481, 3.36728,    7.472, 07-12-2004, 13:14:53
 10.9013, 3.36963,    7.630, 07-12-2004, 13:14:58
 10.9027, 3.36613,    7.722, 07-12-2004, 13:15:03
 10.9057, 3.36582,    7.508, 07-12-2004, 13:15:08
 10.9240, 3.36534,    7.288, 07-12-2004, 13:15:13
 10.9619, 3.36267,    7.026, 07-12-2004, 13:15:18
 10.9448, 3.36078,    6.653, 07-12-2004, 13:15:23
 10.9746, 3.35814,    6.544, 07-12-2004, 13:15:28
 10.9588, 3.35829,    6.592, 07-12-2004, 13:15:33
 10.9621, 3.35676,    6.513, 07-12-2004, 13:15:38
 11.0146, 3.35282,    6.708, 07-12-2004, 13:15:43
 10.9711, 3.35690,    6.623, 07-12-2004, 13:15:48
 10.9562, 3.35672,    6.476, 07-12-2004, 13:15:53
 10.9463, 3.35613,    6.501, 07-12-2004, 13:15:58
 10.9417, 3.35661,    6.598, 07-12-2004, 13:16:03
 11.0157, 3.35120,    6.611, 07-12-2004, 13:16:08
 10.9184, 3.35879,    7.050, 07-12-2004, 13:16:13
 10.9210, 3.35671,    7.081, 07-12-2004, 13:16:18
 10.8795, 3.36089,    7.252, 07-12-2004, 13:16:23
 10.8335, 3.36303,    7.594, 07-12-2004, 13:16:28
 10.8459, 3.36002,    7.673, 07-12-2004, 13:16:33
 10.9767, 3.35649,    7.850, 07-12-2004, 13:16:38
 10.8776, 3.35776,    7.991, 07-12-2004, 13:16:43
 10.8355, 3.36180,    8.052, 07-12-2004, 13:16:48
 10.8000, 3.36376,    7.875, 07-12-2004, 13:16:53
 10.8082, 3.36443,    7.972, 07-12-2004, 13:16:58
 10.7930, 3.36623,    8.223, 07-12-2004, 13:17:03
 10.7257, 3.36870,    8.210, 07-12-2004, 13:17:08
 10.7434, 3.36629,    8.094, 07-12-2004, 13:17:13
 10.7922, 3.36309,    8.571, 07-12-2004, 13:17:18
 10.7872, 3.36387,    8.577, 07-12-2004, 13:17:23
 10.6802, 3.37101,    8.577, 07-12-2004, 13:17:28
 10.7291, 3.36940,    9.010, 07-12-2004, 13:17:33
 10.7229, 3.36813,    9.047, 07-12-2004, 13:17:38
 10.6465, 3.37166,    8.803, 07-12-2004, 13:17:43
 10.7295, 3.36841,    8.821, 07-12-2004, 13:17:48
 10.7060, 3.37019,    8.577, 07-12-2004, 13:17:53
 10.7305, 3.36952,    8.290, 07-12-2004, 13:17:58
 10.7640, 3.36736,    7.997, 07-12-2004, 13:18:03
 10.6947, 3.36975,    7.679, 07-12-2004, 13:18:08
 10.6974, 3.36948,    7.435, 07-12-2004, 13:18:13
 10.5540, 3.37918,    8.058, 07-12-2004, 13:18:18
 10.4817, 3.38277,    9.090, 07-12-2004, 13:18:23
 10.3901, 3.38452,    9.944, 07-12-2004, 13:18:28
 10.3687, 3.38778,   10.946, 07-12-2004, 13:18:33
 10.1945, 3.39650,   11.416, 07-12-2004, 13:18:38
 10.1283, 3.39810,   11.135, 07-12-2004, 13:18:43
 10.0970, 3.39937,   11.868, 07-12-2004, 13:18:48
 10.0253, 3.39960,   13.919, 07-12-2004, 13:18:53
  9.9256, 3.39776,   14.115, 07-12-2004, 13:18:58
  9.9484, 3.39758,   13.889, 07-12-2004, 13:19:03
  9.9733, 3.39758,   13.876, 07-12-2004, 13:19:08
  9.9726, 3.39745,   15.012, 07-12-2004, 13:19:13
  9.8910, 3.39733,   14.298, 07-12-2004, 13:19:18
  9.8333, 3.39624,   14.188, 07-12-2004, 13:19:23
  9.8520, 3.39669,   14.347, 07-12-2004, 13:19:28
  9.8522, 3.39659,   14.438, 07-12-2004, 13:19:33
  9.8727, 3.39622,   14.231, 07-12-2004, 13:19:38
  9.9063, 3.39639,   14.401, 07-12-2004, 13:19:43
  9.9816, 3.39540,   14.884, 07-12-2004, 13:19:48
 10.0601, 3.39506,   14.182, 07-12-2004, 13:19:53
 10.0188, 3.39460,   14.340, 07-12-2004, 13:19:58
 10.0074, 3.39405,   14.053, 07-12-2004, 13:20:03
 10.1049, 3.39298,   14.163, 07-12-2004, 13:20:08
 10.0918, 3.39319,   14.554, 07-12-2004, 13:20:13
 10.0149, 3.39457,   14.224, 07-12-2004, 13:20:18
  9.9767, 3.39641,   14.267, 07-12-2004, 13:20:23
  9.9854, 3.39636,   14.133, 07-12-2004, 13:20:28
 10.0206, 3.39624,   14.359, 07-12-2004, 13:20:33
  9.9914, 3.39630,   14.463, 07-12-2004, 13:20:38
 10.0410, 3.39545,   14.169, 07-12-2004, 13:20:43
  9.9886, 3.39671,   14.328, 07-12-2004, 13:20:48
 10.0038, 3.39680,   14.737, 07-12-2004, 13:20:53
 10.0036, 3.39661,   14.121, 07-12-2004, 13:20:58
 10.0081, 3.39653,   13.956, 07-12-2004, 13:21:03
 10.0182, 3.39645,   14.432, 07-12-2004, 13:21:08
 10.0225, 3.39640,   14.597, 07-12-2004, 13:21:13
 10.0270, 3.39631,   14.194, 07-12-2004, 13:21:18
 10.0494, 3.39604,   14.084, 07-12-2004, 13:21:23
 10.0725, 3.39582,   13.992, 07-12-2004, 13:21:28
 10.1015, 3.39532,   14.255, 07-12-2004, 13:21:33
 10.1074, 3.39519,   14.634, 07-12-2004, 13:21:38
 10.1528, 3.39468,   14.414, 07-12-2004, 13:21:43
 10.1768, 3.39361,   13.925, 07-12-2004, 13:21:48
 10.1481, 3.39470,   14.096, 07-12-2004, 13:21:53
 10.1615, 3.39477,   14.640, 07-12-2004, 13:21:58
 10.1855, 3.39406,   14.603, 07-12-2004, 13:22:03
 10.1839, 3.39399,   14.554, 07-12-2004, 13:22:08
 10.1944, 3.39377,   14.084, 07-12-2004, 13:22:13
 10.0996, 3.39513,   14.359, 07-12-2004, 13:22:18
 10.0867, 3.39521,   14.108, 07-12-2004, 13:22:23
 10.0852, 3.39559,   14.218, 07-12-2004, 13:22:28
 10.0470, 3.39617,   14.218, 07-12-2004, 13:22:33
 10.0684, 3.39568,   14.395, 07-12-2004, 13:22:38
 10.1140, 3.39403,   13.608, 07-12-2004, 13:22:43
 10.1064, 3.39432,   13.760, 07-12-2004, 13:22:48
 10.1044, 3.39443,   14.414, 07-12-2004, 13:22:53
 10.1378, 3.39349,   14.530, 07-12-2004, 13:22:58
 10.1284, 3.39411,   13.864, 07-12-2004, 13:23:03
 10.0331, 3.39405,   13.687, 07-12-2004, 13:23:08
 10.1777, 3.39251,   14.499, 07-12-2004, 13:23:13
 10.0892, 3.39395,   14.408, 07-12-2004, 13:23:18
 10.2297, 3.39038,   14.432, 07-12-2004, 13:23:23
 10.1767, 3.39225,   13.852, 07-12-2004, 13:23:28
 10.1888, 3.39073,   13.956, 07-12-2004, 13:23:33
 10.2363, 3.38932,   14.316, 07-12-2004, 13:23:38
 10.2502, 3.38904,   13.883, 07-12-2004, 13:23:43
 10.2338, 3.38985,   14.560, 07-12-2004, 13:23:48
 10.2451, 3.38984,   14.682, 07-12-2004, 13:23:53
 10.2570, 3.38895,   14.383, 07-12-2004, 13:23:58
 10.1889, 3.39252,   14.078, 07-12-2004, 13:24:03
 10.1312, 3.39313,   14.090, 07-12-2004, 13:24:08
 10.1232, 3.39515,   14.224, 07-12-2004, 13:24:13
 10.1978, 3.39211,   14.841, 07-12-2004, 13:24:18
 10.0770, 3.39294,   13.626, 07-12-2004, 13:24:23
 10.1966, 3.39225,   14.023, 07-12-2004, 13:24:28
 10.1400, 3.39217,   13.785, 07-12-2004, 13:24:33
 10.0686, 3.39499,   13.705, 07-12-2004, 13:24:38
 10.1119, 3.39342,   14.829, 07-12-2004, 13:24:43
 10.1042, 3.39317,   14.389, 07-12-2004, 13:24:48
 10.0494, 3.39383,   14.322, 07-12-2004, 13:24:53
 10.0611, 3.39377,   14.115, 07-12-2004, 13:24:58
 10.0363, 3.39384,   13.992, 07-12-2004, 13:25:03
 10.0618, 3.39363,   14.127, 07-12-2004, 13:25:08
 10.0015, 3.39365,   14.237, 07-12-2004, 13:25:13
  9.9878, 3.39408,   14.365, 07-12-2004, 13:25:18
  9.9707, 3.39412,   14.463, 07-12-2004, 13:25:23
  9.9681, 3.39427,   14.572, 07-12-2004, 13:25:28
  9.9342, 3.39390,   14.273, 07-12-2004, 13:25:33
  9.9774, 3.39344,   14.499, 07-12-2004, 13:25:38
  9.9554, 3.39308,   13.547, 07-12-2004, 13:25:43
  9.9640, 3.39312,   13.724, 07-12-2004, 13:25:48
  9.9748, 3.39322,   14.658, 07-12-2004, 13:25:53
  9.9300, 3.39379,   14.212, 07-12-2004, 13:25:58
  9.9336, 3.39361,   14.035, 07-12-2004, 13:26:03
  9.9501, 3.39335,   14.090, 07-12-2004, 13:26:08
  9.9666, 3.39306,   14.053, 07-12-2004, 13:26:13
 10.0309, 3.39222,   14.377, 07-12-2004, 13:26:18
 10.0250, 3.39250,   14.243, 07-12-2004, 13:26:23
 10.0068, 3.39271,   13.913, 07-12-2004, 13:26:28
 10.0305, 3.39250,   13.876, 07-12-2004, 13:26:33
  9.9955, 3.39324,   14.108, 07-12-2004, 13:26:38
 10.0415, 3.39243,   14.078, 07-12-2004, 13:26:43
 10.0437, 3.39348,   14.414, 07-12-2004, 13:26:48
 10.0443, 3.39279,   14.151, 07-12-2004, 13:26:53
 10.0624, 3.39204,   13.663, 07-12-2004, 13:26:58
 10.0847, 3.39183,   13.895, 07-12-2004, 13:27:03
 10.1138, 3.39120,   13.779, 07-12-2004, 13:27:08
 10.0826, 3.39259,   14.255, 07-12-2004, 13:27:13
  9.9760, 3.39466,   14.334, 07-12-2004, 13:27:18
  9.9898, 3.39439,   14.249, 07-12-2004, 13:27:23
  9.8741, 3.39366,   14.108, 07-12-2004, 13:27:28
  9.9279, 3.39404,   14.041, 07-12-2004, 13:27:33
  9.8554, 3.39296,   14.243, 07-12-2004, 13:27:38
  9.9119, 3.39288,   14.579, 07-12-2004, 13:27:43
  9.9197, 3.39282,   13.828, 07-12-2004, 13:27:48
  9.8981, 3.39311,   14.066, 07-12-2004, 13:27:53
  9.8977, 3.39196,   13.767, 07-12-2004, 13:27:58
  9.8771, 3.39190,   14.347, 07-12-2004, 13:28:03
  9.7748, 3.39048,   14.493, 07-12-2004, 13:28:08
  9.7770, 3.38963,   14.115, 07-12-2004, 13:28:13
  9.7061, 3.38810,   14.249, 07-12-2004, 13:28:18
  9.7395, 3.38880,   14.414, 07-12-2004, 13:28:23
  9.7608, 3.38875,   14.279, 07-12-2004, 13:28:28
  9.8177, 3.39025,   14.310, 07-12-2004, 13:28:33
  9.8119, 3.38998,   14.524, 07-12-2004, 13:28:38
  9.8148, 3.39008,   14.224, 07-12-2004, 13:28:43
  9.7663, 3.38914,   14.499, 07-12-2004, 13:28:48
  9.7832, 3.38936,   13.858, 07-12-2004, 13:28:53
  9.7979, 3.38930,   14.005, 07-12-2004, 13:28:58
  9.8443, 3.39049,   14.261, 07-12-2004, 13:29:03
  9.8816, 3.39010,   14.408, 07-12-2004, 13:29:08
  9.9133, 3.39133,   14.395, 07-12-2004, 13:29:13
  9.9112, 3.39162,   14.261, 07-12-2004, 13:29:18
  9.9822, 3.39160,   14.511, 07-12-2004, 13:29:23
  9.9833, 3.39149,   14.646, 07-12-2004, 13:29:28
 10.0085, 3.39035,   13.638, 07-12-2004, 13:29:33
 10.0308, 3.39047,   14.218, 07-12-2004, 13:29:38
 10.0292, 3.38899,   14.664, 07-12-2004, 13:29:43
 10.0415, 3.38839,   14.005, 07-12-2004, 13:29:48
 10.0582, 3.38851,   13.999, 07-12-2004, 13:29:53
 10.0882, 3.38770,   14.279, 07-12-2004, 13:29:58
 10.0994, 3.38750,   14.188, 07-12-2004, 13:30:03
 10.1521, 3.38662,   14.695, 07-12-2004, 13:30:08
 10.1268, 3.38675,   14.041, 07-12-2004, 13:30:13
 10.1631, 3.38570,   14.176, 07-12-2004, 13:30:18
 10.1677, 3.38566,   14.292, 07-12-2004, 13:30:23
 10.1857, 3.38542,   14.053, 07-12-2004, 13:30:28
 10.2462, 3.38438,   14.609, 07-12-2004, 13:30:33
 10.1947, 3.38585,   14.011, 07-12-2004, 13:30:38
 10.1200, 3.38682,   14.298, 07-12-2004, 13:30:43
 10.0986, 3.38672,   14.676, 07-12-2004, 13:30:48
 10.0716, 3.38711,   14.511, 07-12-2004, 13:30:53
 10.0814, 3.38698,   14.658, 07-12-2004, 13:30:58
 10.0865, 3.38633,   14.206, 07-12-2004, 13:31:03
 10.0819, 3.38678,   14.542, 07-12-2004, 13:31:08
 10.0677, 3.38643,   14.640, 07-12-2004, 13:31:13
 10.0830, 3.38594,   13.669, 07-12-2004, 13:31:18
 10.1165, 3.38584,   14.414, 07-12-2004, 13:31:23
 10.0489, 3.38673,   14.359, 07-12-2004, 13:31:28
 10.0728, 3.38673,   14.395, 07-12-2004, 13:31:33
 10.0549, 3.38609,   14.420, 07-12-2004, 13:31:38
 10.0759, 3.38528,   14.090, 07-12-2004, 13:31:43
 10.1035, 3.38458,   13.736, 07-12-2004, 13:31:48
 10.1576, 3.38334,   14.505, 07-12-2004, 13:31:53
 10.1422, 3.38349,   14.041, 07-12-2004, 13:31:58
 10.1445, 3.38352,   14.084, 07-12-2004, 13:32:03
 10.2680, 3.38100,   13.241, 07-12-2004, 13:32:08
 10.3876, 3.37837,   11.904, 07-12-2004, 13:32:13
 10.6041, 3.36976,   10.408, 07-12-2004, 13:32:18
 10.7288, 3.36663,   10.109, 07-12-2004, 13:32:23
 10.7980, 3.35982,    8.510, 07-12-2004, 13:32:28
 10.9995, 3.34885,    7.069, 07-12-2004, 13:32:33
 11.1277, 3.34161,    6.489, 07-12-2004, 13:32:38
 11.2226, 3.33210,    5.121, 07-12-2004, 13:32:43
 11.2711, 3.32350,    4.980, 07-12-2004, 13:32:48
 11.3065, 3.32437,    4.321, 07-12-2004, 13:32:53
 11.3159, 3.32584,    4.791, 07-12-2004, 13:32:58
 11.4340, 3.31626,    5.011, 07-12-2004, 13:33:03
 11.3686, 3.31864,    4.791, 07-12-2004, 13:33:08
 11.3328, 3.32652,    4.864, 07-12-2004, 13:33:13
 11.3540, 3.32488,    5.103, 07-12-2004, 13:33:18
 11.3513, 3.32371,    4.773, 07-12-2004, 13:33:23
 11.3465, 3.32690,    4.999, 07-12-2004, 13:33:28
 11.3089, 3.32713,    4.913, 07-12-2004, 13:33:33
 11.2858, 3.32778,    4.901, 07-12-2004, 13:33:38
 11.2995, 3.32867,    5.139, 07-12-2004, 13:33:43
 11.3373, 3.32780,    5.365, 07-12-2004, 13:33:48
 11.3025, 3.32909,    4.700, 07-12-2004, 13:33:53
 11.3760, 3.32360,    4.852, 07-12-2004, 13:33:58
 11.2903, 3.32468,    4.755, 07-12-2004, 13:34:03
 11.3107, 3.32820,    5.451, 07-12-2004, 13:34:08
 11.3196, 3.32955,    5.035, 07-12-2004, 13:34:13
 11.2953, 3.32902,    4.578, 07-12-2004, 13:34:18
 11.2777, 3.32752,    5.072, 07-12-2004, 13:34:23
 11.2926, 3.33115,    5.267, 07-12-2004, 13:34:28
 11.3636, 3.32347,    4.767, 07-12-2004, 13:34:33
 11.4199, 3.32678,    4.779, 07-12-2004, 13:34:38
 11.4091, 3.31581,    4.932, 07-12-2004, 13:34:43
 11.4299, 3.32079,    5.322, 07-12-2004, 13:34:48
 11.4940, 3.31434,    5.115, 07-12-2004, 13:34:53
 11.4553, 3.31502,    5.310, 07-12-2004, 13:34:58
 11.4441, 3.31778,    5.133, 07-12-2004, 13:35:03
 11.4597, 3.31578,    5.371, 07-12-2004, 13:35:08
 11.4064, 3.32463,    4.388, 07-12-2004, 13:35:13
 11.4351, 3.32656,    5.188, 07-12-2004, 13:35:18
 11.5182, 3.31566,    4.712, 07-12-2004, 13:35:23
 11.6792, 3.29636,    5.481, 07-12-2004, 13:35:28
 11.3598, 3.31874,    4.687, 07-12-2004, 13:35:33
 11.5533, 3.31183,    5.072, 07-12-2004, 13:35:38
 11.5092, 3.31520,    4.919, 07-12-2004, 13:35:43
 11.5605, 3.30767,    4.571, 07-12-2004, 13:35:48
 11.5248, 3.30988,    5.109, 07-12-2004, 13:35:53
 11.5486, 3.31127,    5.609, 07-12-2004, 13:35:58
 11.5980, 3.30566,    5.109, 07-12-2004, 13:36:03
 11.6493, 3.30004,    5.438, 07-12-2004, 13:36:08
 11.7003, 3.29742,    4.803, 07-12-2004, 13:36:13
 11.7000, 3.29551,    5.225, 07-12-2004, 13:36:18
 11.7256, 3.29304,    4.443, 07-12-2004, 13:36:23
 11.7334, 3.29688,    4.962, 07-12-2004, 13:36:28
 11.6902, 3.29708,    5.005, 07-12-2004, 13:36:33
 11.5914, 3.30644,    4.999, 07-12-2004, 13:36:38
 11.6228, 3.30245,    5.353, 07-12-2004, 13:36:43
 11.6016, 3.30609,    5.390, 07-12-2004, 13:36:48
 11.6398, 3.30205,    4.639, 07-12-2004, 13:36:53
 11.4151, 3.32238,    4.968, 07-12-2004, 13:36:58
 11.5292, 3.31208,    4.907, 07-12-2004, 13:37:03
 11.5210, 3.31194,    4.565, 07-12-2004, 13:37:08
 11.5792, 3.30889,    4.889, 07-12-2004, 13:37:13
 11.5996, 3.30567,    5.121, 07-12-2004, 13:37:18
 11.5819, 3.30679,    5.573, 07-12-2004, 13:37:23
 11.6176, 3.30585,    5.530, 07-12-2004, 13:37:28
 11.6021, 3.30270,    4.883, 07-12-2004, 13:37:33
 11.6061, 3.30244,    5.158, 07-12-2004, 13:37:38
 11.7102, 3.29029,    4.944, 07-12-2004, 13:37:43
 11.7064, 3.29151,    4.901, 07-12-2004, 13:37:48
 11.6113, 3.30114,    5.005, 07-12-2004, 13:37:53
 11.6429, 3.30075,    5.603, 07-12-2004, 13:37:58
 11.6061, 3.30015,    4.565, 07-12-2004, 13:38:03
 11.6518, 3.29730,    5.261, 07-12-2004, 13:38:08
 11.6257, 3.29770,    5.249, 07-12-2004, 13:38:13
 11.6307, 3.29681,    4.584, 07-12-2004, 13:38:18
 11.6938, 3.29179,    5.225, 07-12-2004, 13:38:23
