CTD-processing/Workspace/ADFG-BobDeCino/2004/CTD Data/CTD/mc/mc070504.asc
* Sea-Bird SBE37 Data File:
* FileName = C:\OTF\CTD\mc\mc070504.asc
* Software Version 1.26
* Temperature SN = 2970
* Conductivity SN = 2970
* System UpLoad Time = Jul 05 2004 16:38:21
* ds
* SBE37-SM V 2.3  SERIAL NO. 2970    07-05-2004  16:37:34
*END*
[from data line 2882]
  9.7079, 3.27685,   16.368, 07-05-2004, 15:01:39
  9.6997, 3.27658,   16.300, 07-05-2004, 15:01:44
  9.6956, 3.27634,   16.722, 07-05-2004, 15:01:49
  9.7136, 3.27686,   17.503, 07-05-2004, 15:01:54
  9.6762, 3.27562,   17.393, 07-05-2004, 15:01:59
  9.6685, 3.27497,   16.984, 07-05-2004, 15:02:04
  9.6773, 3.27539,   17.863, 07-05-2004, 15:02:09
  9.6762, 3.27520,   17.674, 07-05-2004, 15:02:14
  9.6645, 3.27446,   17.387, 07-05-2004, 15:02:19
  9.6552, 3.27439,   17.338, 07-05-2004, 15:02:24
  9.6566, 3.27436,   17.515, 07-05-2004, 15:02:29
  9.6567, 3.27409,   17.271, 07-05-2004, 15:02:34
  9.6625, 3.27433,   16.380, 07-05-2004, 15:02:39
  9.7044, 3.27601,   16.856, 07-05-2004, 15:02:44
  9.7274, 3.27727,   16.746, 07-05-2004, 15:02:49
  9.7150, 3.27712,   16.654, 07-05-2004, 15:02:54
  9.7169, 3.27742,   16.062, 07-05-2004, 15:02:59
  9.6894, 3.27613,   16.270, 07-05-2004, 15:03:04
  9.6952, 3.27619,   16.374, 07-05-2004, 15:03:09
  9.6791, 3.27551,   17.027, 07-05-2004, 15:03:14
  9.6881, 3.27590,   17.460, 07-05-2004, 15:03:19
  9.7020, 3.27647,   17.937, 07-05-2004, 15:03:24
  9.6874, 3.27575,   18.187, 07-05-2004, 15:03:29
  9.6688, 3.27502,   17.418, 07-05-2004, 15:03:34
  9.6726, 3.27517,   17.992, 07-05-2004, 15:03:39
  9.6777, 3.27514,   17.625, 07-05-2004, 15:03:44
  9.6853, 3.27547,   16.948, 07-05-2004, 15:03:49
  9.6664, 3.27465,   16.728, 07-05-2004, 15:03:54
  9.6627, 3.27436,   17.332, 07-05-2004, 15:03:59
  9.6704, 3.27467,   17.650, 07-05-2004, 15:04:04
  9.6666, 3.27462,   17.131, 07-05-2004, 15:04:09
  9.6661, 3.27443,   17.766, 07-05-2004, 15:04:14
  9.6651, 3.27449,   17.412, 07-05-2004, 15:04:19
  9.6638, 3.27437,   17.137, 07-05-2004, 15:04:24
  9.6666, 3.27448,   17.228, 07-05-2004, 15:04:29
  9.6622, 3.27429,   17.528, 07-05-2004, 15:04:34
  9.6599, 3.27424,   17.143, 07-05-2004, 15:04:39
  9.6756, 3.27429,   16.453, 07-05-2004, 15:04:44
  9.6946, 3.27557,   15.134, 07-05-2004, 15:04:49
  9.7167, 3.27674,   14.316, 07-05-2004, 15:04:54
  9.7309, 3.27743,   12.692, 07-05-2004, 15:04:59
  9.7584, 3.27879,   11.678, 07-05-2004, 15:05:04
  9.7506, 3.27903,   10.897, 07-05-2004, 15:05:09
  9.7526, 3.27910,    9.682, 07-05-2004, 15:05:14
  9.7709, 3.27922,    8.418, 07-05-2004, 15:05:19
  9.7879, 3.27966,    7.270, 07-05-2004, 15:05:24
  9.8172, 3.28041,    6.782, 07-05-2004, 15:05:29
  9.8256, 3.28100,    5.933, 07-05-2004, 15:05:34
  9.9073, 3.28313,    4.645, 07-05-2004, 15:05:39
  9.9638, 3.28797,    3.381, 07-05-2004, 15:05:44
  9.9436, 3.28784,    2.282, 07-05-2004, 15:05:49
  9.9664, 3.28900,    0.884, 07-05-2004, 15:05:54
  9.9711, 3.28953,    0.468, 07-05-2004, 15:05:59
 10.1600, 0.39509,   -0.099, 07-05-2004, 15:06:04
 10.3286, 0.18316,   -0.106, 07-05-2004, 15:06:09
 10.4056, 0.16085,   -0.106, 07-05-2004, 15:06:14
 10.4352, 0.11873,   -0.106, 07-05-2004, 15:06:19
 10.4525, 0.06908,   -0.112, 07-05-2004, 15:06:24
 10.4646, 0.06789,   -0.124, 07-05-2004, 15:06:29
 10.4783, 0.03802,   -0.118, 07-05-2004, 15:06:34
 10.4738,-0.00002,   -0.118, 07-05-2004, 15:06:39
 10.4845,-0.00002,   -0.118, 07-05-2004, 15:06:44
 10.5049,-0.00002,   -0.118, 07-05-2004, 15:06:49
 10.4963,-0.00002,   -0.112, 07-05-2004, 15:06:54
 10.5025,-0.00003,   -0.112, 07-05-2004, 15:06:59
 10.5365,-0.00003,   -0.112, 07-05-2004, 15:07:04
 10.5870,-0.00003,   -0.112, 07-05-2004, 15:07:09
 10.6483,-0.00003,   -0.112, 07-05-2004, 15:07:14
 10.7260,-0.00003,   -0.112, 07-05-2004, 15:07:19
 10.7674,-0.00003,   -0.112, 07-05-2004, 15:07:24
 10.8145,-0.00003,   -0.106, 07-05-2004, 15:07:29
 10.8169,-0.00003,   -0.106, 07-05-2004, 15:07:34
 10.8250,-0.00003,   -0.106, 07-05-2004, 15:07:39
 10.8310,-0.00003,   -0.106, 07-05-2004, 15:07:44
 10.8440,-0.00003,   -0.106, 07-05-2004, 15:07:49
 10.8650,-0.00001,   -0.106, 07-05-2004, 15:07:54
 10.8938, 0.00000,   -0.106, 07-05-2004, 15:07:59
 10.8837, 0.00000,   -0.106, 07-05-2004, 15:08:04
 10.9088, 0.00000,   -0.106, 07-05-2004, 15:08:09
 10.8895, 0.00000,   -0.106, 07-05-2004, 15:08:14
 10.8903, 0.00000,   -0.106, 07-05-2004, 15:08:19
 10.9048, 0.00000,   -0.106, 07-05-2004, 15:08:24
 10.9218, 0.00000,   -0.106, 07-05-2004, 15:08:29
 10.9488,-0.00001,   -0.106, 07-05-2004, 15:08:34
 10.9540,-0.00001,   -0.106, 07-05-2004, 15:08:39
 10.9599,-0.00001,   -0.106, 07-05-2004, 15:08:44
 10.9638,-0.00001,   -0.106, 07-05-2004, 15:08:49
 10.9544,-0.00001,   -0.112, 07-05-2004, 15:08:54
 10.9476,-0.00001,   -0.118, 07-05-2004, 15:08:59
 10.9303,-0.00001,   -0.118, 07-05-2004, 15:09:04
 10.9308,-0.00001,   -0.112, 07-05-2004, 15:09:09
 10.9142,-0.00001,   -0.112, 07-05-2004, 15:09:14
 10.9369,-0.00001,   -0.112, 07-05-2004, 15:09:19
 10.9611,-0.00001,   -0.112, 07-05-2004, 15:09:24
 11.0493,-0.00001,   -0.118, 07-05-2004, 15:09:29
 11.4062,-0.00001,   -0.142, 07-05-2004, 15:09:34
 11.5826,-0.00001,   -0.148, 07-05-2004, 15:09:39
 11.7828,-0.00002,   -0.148, 07-05-2004, 15:09:44
 11.8441,-0.00002,   -0.148, 07-05-2004, 15:09:49
 11.8909,-0.00002,   -0.148, 07-05-2004, 15:09:54
 11.8897,-0.00001,   -0.148, 07-05-2004, 15:09:59
 11.9312, 0.03327,   -0.148, 07-05-2004, 15:10:04
 12.0218, 0.01771,   -0.148, 07-05-2004, 15:10:09
 12.1479, 0.01444,   -0.154, 07-05-2004, 15:10:14
 12.2700, 0.00003,   -0.154, 07-05-2004, 15:10:19
 12.3561,-0.00001,   -0.154, 07-05-2004, 15:10:24
 12.6515,-0.00001,   -0.154, 07-05-2004, 15:10:29
 12.8878,-0.00002,   -0.148, 07-05-2004, 15:10:34
 12.8882,-0.00002,   -0.148, 07-05-2004, 15:10:39
 12.8778,-0.00001,   -0.148, 07-05-2004, 15:10:44
 13.0882,-0.00002,   -0.148, 07-05-2004, 15:10:49
 13.1414,-0.00002,   -0.142, 07-05-2004, 15:10:54
 13.1699,-0.00002,   -0.136, 07-05-2004, 15:10:59
 13.0680,-0.00002,   -0.136, 07-05-2004, 15:11:04
 13.0741,-0.00002,   -0.136, 07-05-2004, 15:11:09
 13.0929,-0.00002,   -0.136, 07-05-2004, 15:11:14
 13.0799,-0.00002,   -0.136, 07-05-2004, 15:11:19
 13.0126,-0.00002,   -0.136, 07-05-2004, 15:11:24
 12.9971,-0.00002,   -0.136, 07-05-2004, 15:11:29
 13.0099,-0.00002,   -0.130, 07-05-2004, 15:11:34
 13.0252,-0.00002,   -0.130, 07-05-2004, 15:11:39
 13.0903,-0.00002,   -0.130, 07-05-2004, 15:11:44
 13.0980,-0.00002,   -0.130, 07-05-2004, 15:11:49
 13.1421,-0.00002,   -0.130, 07-05-2004, 15:11:54
 13.1937,-0.00002,   -0.130, 07-05-2004, 15:12:02
 13.2050,-0.00002,   -0.130, 07-05-2004, 15:12:07
 13.2294,-0.00002,   -0.130, 07-05-2004, 15:12:12
 13.2817,-0.00002,   -0.124, 07-05-2004, 15:12:17
 13.2741,-0.00002,   -0.130, 07-05-2004, 15:12:22
 13.2823,-0.00002,   -0.124, 07-05-2004, 15:12:27
 13.3091,-0.00002,   -0.124, 07-05-2004, 15:12:32
 13.2866,-0.00002,   -0.124, 07-05-2004, 15:12:37
 13.2983,-0.00002,   -0.124, 07-05-2004, 15:12:42
 13.3300,-0.00003,   -0.118, 07-05-2004, 15:12:47
 13.2892,-0.00003,   -0.118, 07-05-2004, 15:12:55
 13.3273,-0.00002,   -0.118, 07-05-2004, 15:12:59
 13.3533,-0.00003,   -0.118, 07-05-2004, 15:13:05
 13.3453,-0.00002,   -0.118, 07-05-2004, 15:13:13
 13.3173,-0.00002,   -0.112, 07-05-2004, 15:13:18
 13.3417,-0.00002,   -0.118, 07-05-2004, 15:13:23
 13.3359,-0.00002,   -0.112, 07-05-2004, 15:13:28
 13.3858,-0.00002,   -0.112, 07-05-2004, 15:13:33
 13.4269,-0.00002,   -0.112, 07-05-2004, 15:13:38
 13.4461,-0.00002,   -0.112, 07-05-2004, 15:13:43
 13.5437,-0.00003,   -0.112, 07-05-2004, 15:13:48
 13.6179,-0.00002,   -0.112, 07-05-2004, 15:13:52
 13.6241,-0.00003,   -0.112, 07-05-2004, 15:13:58
 13.7067,-0.00003,   -0.112, 07-05-2004, 15:14:06
 13.7088,-0.00003,   -0.112, 07-05-2004, 15:14:11
 13.6336,-0.00003,   -0.112, 07-05-2004, 15:14:16
 13.6041,-0.00003,   -0.112, 07-05-2004, 15:14:21
 13.5208,-0.00002,   -0.106, 07-05-2004, 15:14:29
 13.4925,-0.00003,   -0.112, 07-05-2004, 15:14:34
 13.4684,-0.00002,   -0.112, 07-05-2004, 15:14:39
 13.5581,-0.00002,   -0.124, 07-05-2004, 15:14:44
 13.5280,-0.00003,   -0.124, 07-05-2004, 15:14:49
 13.5568,-0.00002,   -0.124, 07-05-2004, 15:14:53
 13.5873,-0.00002,   -0.124, 07-05-2004, 15:14:59
 13.6355,-0.00003,   -0.118, 07-05-2004, 15:15:07
 13.6382,-0.00003,   -0.118, 07-05-2004, 15:15:12
 13.6158,-0.00003,   -0.118, 07-05-2004, 15:15:16
 13.6457,-0.00003,   -0.118, 07-05-2004, 15:15:22
 13.9627,-0.00002,   -0.112, 07-05-2004, 15:18:21
 14.0413,-0.00002,   -0.112, 07-05-2004, 15:18:29
 14.0504,-0.00002,   -0.112, 07-05-2004, 15:18:34
 14.1338,-0.00002,   -0.118, 07-05-2004, 15:18:39
 14.1336,-0.00002,   -0.118, 07-05-2004, 15:18:44
 14.1451,-0.00002,   -0.118, 07-05-2004, 15:18:49
 14.1205,-0.00002,   -0.118, 07-05-2004, 15:18:54
 14.0930,-0.00002,   -0.118, 07-05-2004, 15:18:59
 14.1726,-0.00002,   -0.118, 07-05-2004, 15:19:04
 14.2431,-0.00002,   -0.118, 07-05-2004, 15:19:09
 14.2243,-0.00002,   -0.118, 07-05-2004, 15:19:14
 14.2191,-0.00002,   -0.112, 07-05-2004, 15:19:19
 14.2503,-0.00002,   -0.112, 07-05-2004, 15:19:24
 14.2578,-0.00002,   -0.112, 07-05-2004, 15:19:29
 14.3232,-0.00002,   -0.112, 07-05-2004, 15:19:34
 14.3360,-0.00002,   -0.112, 07-05-2004, 15:19:39
 14.3140,-0.00002,   -0.112, 07-05-2004, 15:19:44
 14.3649,-0.00002,   -0.112, 07-05-2004, 15:19:49
 14.3409,-0.00002,   -0.112, 07-05-2004, 15:19:54
 14.3688,-0.00003,   -0.112, 07-05-2004, 15:19:59
 14.3637,-0.00002,   -0.112, 07-05-2004, 15:20:04
 14.4034,-0.00002,   -0.112, 07-05-2004, 15:20:09
 14.4537,-0.00002,   -0.112, 07-05-2004, 15:20:14
 14.4882,-0.00002,   -0.118, 07-05-2004, 15:20:19
 14.5355,-0.00002,   -0.112, 07-05-2004, 15:20:24
 14.4753,-0.00002,   -0.118, 07-05-2004, 15:20:29
 14.4715,-0.00002,   -0.118, 07-05-2004, 15:20:34
 14.4389,-0.00002,   -0.118, 07-05-2004, 15:20:39
 14.4659,-0.00002,   -0.112, 07-05-2004, 15:20:44
 14.4713,-0.00002,   -0.112, 07-05-2004, 15:20:49
 14.4286,-0.00002,   -0.112, 07-05-2004, 15:20:54
 14.4295,-0.00002,   -0.112, 07-05-2004, 15:20:59
 14.4196,-0.00002,   -0.112, 07-05-2004, 15:21:04
 14.3492,-0.00002,   -0.112, 07-05-2004, 15:21:09
 14.3693,-0.00002,   -0.112, 07-05-2004, 15:21:14
 14.4127,-0.00002,   -0.112, 07-05-2004, 15:21:19
 14.4244,-0.00002,   -0.112, 07-05-2004, 15:21:24
 14.4094,-0.00002,   -0.112, 07-05-2004, 15:21:29
 14.3715,-0.00002,   -0.112, 07-05-2004, 15:21:34
 14.3920,-0.00002,   -0.112, 07-05-2004, 15:21:39
 14.3969,-0.00002,   -0.106, 07-05-2004, 15:21:44
 14.3902,-0.00002,   -0.106, 07-05-2004, 15:21:49
 14.4003,-0.00002,   -0.106, 07-05-2004, 15:21:54
 14.4437,-0.00002,   -0.106, 07-05-2004, 15:21:59
 14.4559,-0.00002,   -0.106, 07-05-2004, 15:22:04
 14.4673,-0.00002,   -0.106, 07-05-2004, 15:22:09
 14.4908,-0.00002,   -0.112, 07-05-2004, 15:22:14
 14.4847,-0.00002,   -0.112, 07-05-2004, 15:22:19
 14.4225,-0.00002,   -0.106, 07-05-2004, 15:22:24
 14.3439,-0.00002,   -0.106, 07-05-2004, 15:22:29
 14.3120,-0.00002,   -0.106, 07-05-2004, 15:22:34
 14.3369,-0.00002,   -0.112, 07-05-2004, 15:22:39
 14.3919,-0.00002,   -0.112, 07-05-2004, 15:22:44
 14.4102,-0.00002,   -0.112, 07-05-2004, 15:22:49
 14.4208,-0.00002,   -0.112, 07-05-2004, 15:22:54
 14.4489,-0.00002,   -0.112, 07-05-2004, 15:22:59
 14.4351,-0.00002,   -0.112, 07-05-2004, 15:23:04
 14.4405,-0.00002,   -0.112, 07-05-2004, 15:23:09
 14.4329,-0.00002,   -0.112, 07-05-2004, 15:23:14
 14.4508,-0.00002,   -0.112, 07-05-2004, 15:23:19
 14.4729,-0.00002,   -0.112, 07-05-2004, 15:23:24
 14.5016,-0.00002,   -0.112, 07-05-2004, 15:23:29
 14.6066,-0.00002,   -0.112, 07-05-2004, 15:23:34
 14.5974,-0.00002,   -0.112, 07-05-2004, 15:23:39
 14.5916,-0.00002,   -0.112, 07-05-2004, 15:23:44
 14.5864,-0.00002,   -0.112, 07-05-2004, 15:23:49
 14.6522,-0.00002,   -0.112, 07-05-2004, 15:23:54
 14.6141,-0.00002,   -0.112, 07-05-2004, 15:23:59
 14.6018,-0.00002,   -0.112, 07-05-2004, 15:24:04
 14.6332,-0.00002,   -0.112, 07-05-2004, 15:24:09
 14.6257,-0.00002,   -0.112, 07-05-2004, 15:24:14
 14.6822,-0.00002,   -0.106, 07-05-2004, 15:24:19
 14.6641,-0.00002,   -0.106, 07-05-2004, 15:24:24
 14.6852,-0.00002,   -0.106, 07-05-2004, 15:24:29
 14.6559,-0.00002,   -0.106, 07-05-2004, 15:24:34
 14.7224,-0.00002,   -0.106, 07-05-2004, 15:24:39
 14.7901,-0.00002,   -0.112, 07-05-2004, 15:24:44
 14.8571,-0.00002,   -0.112, 07-05-2004, 15:24:49
 14.8426,-0.00002,   -0.112, 07-05-2004, 15:24:54
 14.7762,-0.00002,   -0.112, 07-05-2004, 15:24:59
 14.7674,-0.00002,   -0.112, 07-05-2004, 15:25:04
 14.7942,-0.00002,   -0.112, 07-05-2004, 15:25:09
 14.7693,-0.00002,   -0.112, 07-05-2004, 15:25:14
 14.7718,-0.00002,   -0.112, 07-05-2004, 15:25:19
 14.7780,-0.00002,   -0.112, 07-05-2004, 15:25:24
 14.8257,-0.00002,   -0.112, 07-05-2004, 15:25:29
 14.8401,-0.00002,   -0.112, 07-05-2004, 15:25:34
 14.7957,-0.00002,   -0.112, 07-05-2004, 15:25:39
 14.7840,-0.00002,   -0.112, 07-05-2004, 15:25:44
 14.8653,-0.00002,   -0.106, 07-05-2004, 15:25:49
 14.8947,-0.00002,   -0.112, 07-05-2004, 15:25:54
 14.9229,-0.00002,   -0.106, 07-05-2004, 15:25:59
 14.9339,-0.00002,   -0.106, 07-05-2004, 15:26:04
 14.9079,-0.00001,   -0.106, 07-05-2004, 15:26:09
 14.9298,-0.00002,   -0.112, 07-05-2004, 15:26:14
 15.0089,-0.00002,   -0.112, 07-05-2004, 15:26:19
 15.0468,-0.00002,   -0.112, 07-05-2004, 15:26:24
 15.1106,-0.00002,   -0.112, 07-05-2004, 15:26:29
 15.1182,-0.00002,   -0.112, 07-05-2004, 15:26:34
 15.1887,-0.00002,   -0.112, 07-05-2004, 15:26:39
 15.1690,-0.00002,   -0.112, 07-05-2004, 15:26:44
 15.1447,-0.00002,   -0.112, 07-05-2004, 15:26:49
 15.1025,-0.00002,   -0.112, 07-05-2004, 15:26:54
 15.1395,-0.00002,   -0.112, 07-05-2004, 15:26:59
 15.1629,-0.00002,   -0.112, 07-05-2004, 15:27:04
 15.2121,-0.00002,   -0.112, 07-05-2004, 15:27:09
 15.2321,-0.00002,   -0.112, 07-05-2004, 15:27:14
 15.2188,-0.00002,   -0.112, 07-05-2004, 15:27:19
 15.2047,-0.00002,   -0.112, 07-05-2004, 15:27:23
 15.2027,-0.00002,   -0.112, 07-05-2004, 15:27:29
 15.2464,-0.00002,   -0.106, 07-05-2004, 15:27:37
 15.2964,-0.00002,   -0.106, 07-05-2004, 15:27:42
 15.2781,-0.00002,   -0.106, 07-05-2004, 15:27:46
 15.2643,-0.00002,   -0.106, 07-05-2004, 15:27:52
