CTD-processing/Workspace/ADFG-BobDeCino/2004/CTD Data/CTD/mc/mc071604.asc
* Sea-Bird SBE37 Data File:
* FileName = C:\OTF\CTD\mc\mc071604.asc
* Software Version 1.26
* Temperature SN = 2970
* Conductivity SN = 2970
* System UpLoad Time = Jul 16 2004 18:35:51
* ds
* SBE37-SM V 2.3  SERIAL NO. 2970    07-16-2004  18:35:27
*END*
[from data line 2882]
 11.4702, 3.32575,    5.402, 07-16-2004, 15:09:34
 11.4759, 3.32404,    5.231, 07-16-2004, 15:09:39
 11.4795, 3.32557,    4.797, 07-16-2004, 15:09:44
 11.5108, 3.32503,    5.322, 07-16-2004, 15:09:49
 11.5159, 3.32399,    5.451, 07-16-2004, 15:09:54
 11.5135, 3.32407,    5.365, 07-16-2004, 15:09:59
 11.5853, 3.32245,    5.042, 07-16-2004, 15:10:04
 11.6394, 3.32051,    5.188, 07-16-2004, 15:10:09
 11.6342, 3.31996,    5.170, 07-16-2004, 15:10:14
 11.6454, 3.31847,    5.310, 07-16-2004, 15:10:19
 11.6284, 3.31890,    5.164, 07-16-2004, 15:10:24
 11.5834, 3.32030,    5.231, 07-16-2004, 15:10:29
 11.5676, 3.32130,    5.335, 07-16-2004, 15:10:34
 11.5990, 3.32104,    5.493, 07-16-2004, 15:10:39
 11.6150, 3.32079,    4.962, 07-16-2004, 15:10:44
 11.6191, 3.31987,    5.133, 07-16-2004, 15:10:49
 11.6023, 3.31913,    5.042, 07-16-2004, 15:10:54
 11.5951, 3.31955,    5.249, 07-16-2004, 15:10:59
 11.5724, 3.31982,    5.249, 07-16-2004, 15:11:04
 11.5351, 3.32098,    5.402, 07-16-2004, 15:11:09
 11.4828, 3.32231,    5.127, 07-16-2004, 15:11:14
 11.4978, 3.32402,    4.974, 07-16-2004, 15:11:19
 11.5024, 3.32255,    5.206, 07-16-2004, 15:11:24
 11.4531, 3.32513,    5.499, 07-16-2004, 15:11:29
 11.4577, 3.32722,    5.109, 07-16-2004, 15:11:34
 11.4395, 3.32768,    5.206, 07-16-2004, 15:11:39
 11.2918, 3.33115,    5.310, 07-16-2004, 15:11:44
 11.4588, 3.33293,    5.127, 07-16-2004, 15:11:49
 11.4382, 3.32615,    5.029, 07-16-2004, 15:11:54
 11.4914, 3.32523,    5.646, 07-16-2004, 15:11:59
 11.4711, 3.32295,    4.944, 07-16-2004, 15:12:04
 11.5474, 3.32262,    5.206, 07-16-2004, 15:12:09
 11.5564, 3.32205,    5.353, 07-16-2004, 15:12:14
 11.5544, 3.32124,    5.133, 07-16-2004, 15:12:19
 11.5422, 3.32093,    5.023, 07-16-2004, 15:12:24
 11.5437, 3.32075,    5.365, 07-16-2004, 15:12:29
 11.5437, 3.32103,    5.164, 07-16-2004, 15:12:34
 11.5464, 3.32088,    5.017, 07-16-2004, 15:12:39
 11.4995, 3.32276,    5.390, 07-16-2004, 15:12:44
 11.4931, 3.32427,    5.206, 07-16-2004, 15:12:49
 11.4981, 3.32326,    5.390, 07-16-2004, 15:12:54
 11.4831, 3.32465,    4.907, 07-16-2004, 15:12:59
 11.4948, 3.32449,    5.109, 07-16-2004, 15:13:04
 11.4926, 3.32489,    5.078, 07-16-2004, 15:13:09
 11.4997, 3.32416,    5.176, 07-16-2004, 15:13:14
 11.5557, 3.32259,    5.176, 07-16-2004, 15:13:19
 11.5600, 3.32145,    5.225, 07-16-2004, 15:13:24
 11.5623, 3.31954,    5.243, 07-16-2004, 15:13:29
 11.5560, 3.31978,    5.206, 07-16-2004, 15:13:34
 11.5714, 3.31991,    5.066, 07-16-2004, 15:13:39
 11.5858, 3.31919,    5.200, 07-16-2004, 15:13:44
 11.5761, 3.31901,    5.188, 07-16-2004, 15:13:49
 11.5830, 3.31905,    5.322, 07-16-2004, 15:13:54
 11.5841, 3.31845,    4.999, 07-16-2004, 15:13:59
 11.6165, 3.31827,    5.261, 07-16-2004, 15:14:04
 11.6086, 3.31829,    5.029, 07-16-2004, 15:14:09
 11.6080, 3.31792,    5.078, 07-16-2004, 15:14:14
 11.6069, 3.31759,    5.267, 07-16-2004, 15:14:19
 11.6040, 3.31726,    5.151, 07-16-2004, 15:14:24
 11.5956, 3.31729,    5.029, 07-16-2004, 15:14:29
 11.6100, 3.31720,    5.420, 07-16-2004, 15:14:34
 11.6164, 3.31734,    5.237, 07-16-2004, 15:14:39
 11.6172, 3.31793,    5.023, 07-16-2004, 15:14:44
 11.6154, 3.31815,    4.999, 07-16-2004, 15:14:49
 11.6159, 3.31924,    5.231, 07-16-2004, 15:14:54
 11.6111, 3.32056,    5.158, 07-16-2004, 15:14:59
 11.6103, 3.32080,    5.365, 07-16-2004, 15:15:04
 11.6238, 3.32040,    5.133, 07-16-2004, 15:15:09
 11.6127, 3.32039,    5.243, 07-16-2004, 15:15:14
 11.6183, 3.32074,    5.096, 07-16-2004, 15:15:19
 11.6233, 3.32042,    4.877, 07-16-2004, 15:15:24
 11.6349, 3.32086,    5.249, 07-16-2004, 15:15:29
 11.6370, 3.32110,    5.084, 07-16-2004, 15:15:34
 11.6281, 3.32138,    5.213, 07-16-2004, 15:15:39
 11.6398, 3.32139,    5.353, 07-16-2004, 15:15:44
 11.6256, 3.32097,    5.359, 07-16-2004, 15:15:49
 11.6058, 3.32193,    4.810, 07-16-2004, 15:15:54
 11.5070, 3.32280,    4.962, 07-16-2004, 15:15:59
 11.4591, 3.33049,    5.329, 07-16-2004, 15:16:04
 11.1555, 3.34198,    5.274, 07-16-2004, 15:16:09
 11.1097, 3.34401,    5.090, 07-16-2004, 15:16:14
 11.2327, 3.33959,    5.096, 07-16-2004, 15:16:19
 11.2053, 3.34151,    5.060, 07-16-2004, 15:16:24
 11.1560, 3.34503,    5.365, 07-16-2004, 15:16:29
 11.2230, 3.34146,    5.231, 07-16-2004, 15:16:34
 11.2045, 3.34098,    5.322, 07-16-2004, 15:16:39
 11.2198, 3.34008,    4.999, 07-16-2004, 15:16:44
 11.3341, 3.33975,    5.133, 07-16-2004, 15:16:49
 11.3774, 3.33680,    4.284, 07-16-2004, 15:16:54
 11.4032, 3.32963,    3.192, 07-16-2004, 15:16:59
 11.2756, 3.33145,    2.502, 07-16-2004, 15:17:04
 11.4142, 3.33248,    1.439, 07-16-2004, 15:17:09
 11.5776, 3.32247,    0.059, 07-16-2004, 15:17:14
 11.6698, 0.63881,   -0.069, 07-16-2004, 15:17:19
 11.8730, 0.37038,   -0.075, 07-16-2004, 15:17:24
 12.0909, 0.35128,   -0.081, 07-16-2004, 15:17:29
 12.4054, 0.31216,   -0.075, 07-16-2004, 15:17:34
 11.6365, 3.28091,    0.383, 07-16-2004, 15:17:39
 11.6252, 3.31836,    1.574, 07-16-2004, 15:17:44
 11.4735, 3.32656,    2.746, 07-16-2004, 15:17:49
 11.3376, 3.33442,    3.472, 07-16-2004, 15:17:54
 11.3124, 3.33692,    4.492, 07-16-2004, 15:17:59
 11.3311, 3.33525,    5.963, 07-16-2004, 15:18:04
 11.1919, 3.33614,    7.001, 07-16-2004, 15:18:09
 11.0947, 3.34604,    7.930, 07-16-2004, 15:18:14
 11.0923, 3.35203,    9.224, 07-16-2004, 15:18:19
 11.0073, 3.35769,   10.537, 07-16-2004, 15:18:24
 11.0172, 3.36134,   11.361, 07-16-2004, 15:18:29
 10.9738, 3.36414,   12.381, 07-16-2004, 15:18:34
 10.8981, 3.36664,   13.583, 07-16-2004, 15:18:39
 10.8067, 3.37078,   14.456, 07-16-2004, 15:18:44
 10.6522, 3.37622,   14.432, 07-16-2004, 15:18:49
 10.6463, 3.37774,   14.285, 07-16-2004, 15:18:54
 10.6170, 3.37770,   14.401, 07-16-2004, 15:18:59
 10.5635, 3.37904,   14.493, 07-16-2004, 15:19:04
 10.6082, 3.37466,   14.408, 07-16-2004, 15:19:09
 10.6043, 3.37417,   14.078, 07-16-2004, 15:19:14
 10.5849, 3.37322,   14.316, 07-16-2004, 15:19:19
 10.6299, 3.37074,   14.768, 07-16-2004, 15:19:24
 10.5898, 3.37279,   14.334, 07-16-2004, 15:19:29
 10.5599, 3.37515,   14.585, 07-16-2004, 15:19:34
 10.5677, 3.37609,   14.127, 07-16-2004, 15:19:39
 10.5647, 3.37708,   14.340, 07-16-2004, 15:19:44
 10.5700, 3.37627,   14.524, 07-16-2004, 15:19:49
 10.5280, 3.37845,   14.450, 07-16-2004, 15:19:57
 10.4723, 3.38059,   14.432, 07-16-2004, 15:20:02
 10.4310, 3.38174,   14.389, 07-16-2004, 15:20:07
 10.4646, 3.38267,   14.542, 07-16-2004, 15:20:12
 10.4059, 3.38113,   13.821, 07-16-2004, 15:20:17
 10.4072, 3.38040,   14.517, 07-16-2004, 15:20:22
 10.3070, 3.38295,   14.438, 07-16-2004, 15:20:27
 10.2993, 3.38338,   14.365, 07-16-2004, 15:20:32
 10.2930, 3.38371,   14.145, 07-16-2004, 15:20:37
 10.3230, 3.38173,   14.347, 07-16-2004, 15:20:42
 10.3670, 3.38039,   14.524, 07-16-2004, 15:20:47
 10.3806, 3.37987,   14.426, 07-16-2004, 15:20:52
 10.3866, 3.37989,   14.414, 07-16-2004, 15:20:57
 10.5252, 3.37723,   14.267, 07-16-2004, 15:21:02
 10.5119, 3.37684,   14.310, 07-16-2004, 15:21:07
 10.5455, 3.37598,   14.395, 07-16-2004, 15:21:12
 10.5387, 3.37562,   14.359, 07-16-2004, 15:21:17
 10.6151, 3.37360,   14.585, 07-16-2004, 15:21:22
 10.6027, 3.37310,   14.115, 07-16-2004, 15:21:27
 10.6633, 3.37227,   14.511, 07-16-2004, 15:21:32
 10.5926, 3.37285,   14.200, 07-16-2004, 15:21:37
 10.5043, 3.37384,   13.864, 07-16-2004, 15:21:42
 10.4904, 3.37786,   14.481, 07-16-2004, 15:21:47
 10.4742, 3.37787,   14.511, 07-16-2004, 15:21:52
 10.4793, 3.38069,   14.481, 07-16-2004, 15:21:57
 10.4890, 3.38087,   14.292, 07-16-2004, 15:22:02
 10.5129, 3.38005,   14.249, 07-16-2004, 15:22:07
 10.4510, 3.37983,   14.304, 07-16-2004, 15:22:12
 10.4706, 3.37885,   14.463, 07-16-2004, 15:22:17
 10.4933, 3.37836,   14.450, 07-16-2004, 15:22:22
 10.4959, 3.37773,   14.163, 07-16-2004, 15:22:27
 10.5605, 3.37544,   14.267, 07-16-2004, 15:22:32
 10.5981, 3.37203,   14.365, 07-16-2004, 15:22:37
 10.6396, 3.37079,   14.536, 07-16-2004, 15:22:42
 10.6514, 3.36980,   14.157, 07-16-2004, 15:22:47
 10.5950, 3.37372,   14.218, 07-16-2004, 15:22:52
 10.5787, 3.37474,   14.169, 07-16-2004, 15:22:57
 10.5268, 3.37731,   14.084, 07-16-2004, 15:23:02
 10.5036, 3.37972,   14.218, 07-16-2004, 15:23:07
 10.6008, 3.37572,   14.334, 07-16-2004, 15:23:12
 10.5304, 3.37835,   14.005, 07-16-2004, 15:23:17
 10.6174, 3.37614,   14.249, 07-16-2004, 15:23:22
 10.7212, 3.37151,   14.383, 07-16-2004, 15:23:27
 10.7171, 3.37133,   14.218, 07-16-2004, 15:23:32
 10.6821, 3.37227,   13.980, 07-16-2004, 15:23:37
 10.6984, 3.37593,   14.066, 07-16-2004, 15:23:42
 10.6969, 3.37783,   14.157, 07-16-2004, 15:23:47
 10.7397, 3.37630,   14.322, 07-16-2004, 15:23:52
 10.7733, 3.37410,   14.066, 07-16-2004, 15:23:57
 10.7735, 3.37060,   14.200, 07-16-2004, 15:24:02
 10.8206, 3.37308,   14.005, 07-16-2004, 15:24:07
 10.8311, 3.37220,   14.383, 07-16-2004, 15:24:12
 10.8233, 3.37154,   14.176, 07-16-2004, 15:24:17
 10.8420, 3.36969,   14.121, 07-16-2004, 15:24:22
 10.8093, 3.37035,   14.316, 07-16-2004, 15:24:27
 10.8439, 3.36910,   14.444, 07-16-2004, 15:24:32
 10.8649, 3.36713,   14.408, 07-16-2004, 15:24:37
 10.8214, 3.36797,   14.249, 07-16-2004, 15:24:42
 10.8128, 3.36868,   14.432, 07-16-2004, 15:24:47
 10.7612, 3.36992,   14.249, 07-16-2004, 15:24:52
 10.7735, 3.37017,   14.108, 07-16-2004, 15:24:57
 10.6848, 3.37419,   14.243, 07-16-2004, 15:25:02
 10.7098, 3.37406,   14.304, 07-16-2004, 15:25:07
 10.7532, 3.37263,   14.218, 07-16-2004, 15:25:12
 10.7816, 3.37074,   14.310, 07-16-2004, 15:25:17
 10.8085, 3.37022,   14.475, 07-16-2004, 15:25:22
 10.8274, 3.36962,   14.261, 07-16-2004, 15:25:27
 10.8894, 3.36708,   14.420, 07-16-2004, 15:25:32
 10.8549, 3.36788,   14.298, 07-16-2004, 15:25:37
 10.8572, 3.36817,   14.096, 07-16-2004, 15:25:42
 10.7671, 3.37524,   14.231, 07-16-2004, 15:25:47
 10.7899, 3.37549,   14.597, 07-16-2004, 15:25:52
 10.7381, 3.37739,   14.463, 07-16-2004, 15:25:57
 10.6418, 3.38132,   14.340, 07-16-2004, 15:26:02
 10.5032, 3.38699,   14.347, 07-16-2004, 15:26:07
 10.5669, 3.38501,   14.414, 07-16-2004, 15:26:12
 10.5285, 3.38603,   14.237, 07-16-2004, 15:26:17
 10.5307, 3.38519,   14.224, 07-16-2004, 15:26:22
 10.5589, 3.38399,   14.340, 07-16-2004, 15:26:27
 10.5909, 3.38200,   14.438, 07-16-2004, 15:26:32
 10.6507, 3.37970,   14.182, 07-16-2004, 15:26:37
 10.6807, 3.37858,   14.285, 07-16-2004, 15:26:42
 10.6949, 3.37761,   14.023, 07-16-2004, 15:26:47
 10.5416, 3.38432,   14.041, 07-16-2004, 15:26:52
 10.5111, 3.38514,   13.913, 07-16-2004, 15:26:57
 10.5024, 3.38561,   14.029, 07-16-2004, 15:27:02
 10.3668, 3.39037,   14.224, 07-16-2004, 15:27:07
 10.3324, 3.39185,   14.194, 07-16-2004, 15:27:12
 10.2532, 3.39213,   14.279, 07-16-2004, 15:27:17
 10.1750, 3.39267,   13.956, 07-16-2004, 15:27:22
 10.1693, 3.39152,   14.279, 07-16-2004, 15:27:27
 10.2212, 3.39118,   14.450, 07-16-2004, 15:27:32
 10.2374, 3.39172,   14.206, 07-16-2004, 15:27:37
 10.2798, 3.39072,   14.188, 07-16-2004, 15:27:42
 10.2217, 3.39115,   14.200, 07-16-2004, 15:27:47
 10.2943, 3.39135,   14.566, 07-16-2004, 15:27:52
 10.2138, 3.39101,   14.420, 07-16-2004, 15:27:57
 10.2724, 3.39137,   14.334, 07-16-2004, 15:28:02
 10.2930, 3.39132,   14.456, 07-16-2004, 15:28:07
 10.2686, 3.39133,   14.395, 07-16-2004, 15:28:12
 10.2739, 3.39155,   14.481, 07-16-2004, 15:28:17
 10.2540, 3.39131,   14.444, 07-16-2004, 15:28:22
 10.3256, 3.39130,   14.621, 07-16-2004, 15:28:27
 10.3185, 3.38956,   14.322, 07-16-2004, 15:28:32
 10.3152, 3.39017,   14.408, 07-16-2004, 15:28:37
 10.3582, 3.38941,   14.304, 07-16-2004, 15:28:42
 10.3625, 3.38727,   14.102, 07-16-2004, 15:28:47
 10.4169, 3.38716,   14.426, 07-16-2004, 15:28:52
 10.4115, 3.38885,   14.420, 07-16-2004, 15:28:57
 10.4801, 3.38766,   14.212, 07-16-2004, 15:29:02
 10.5115, 3.38766,   14.517, 07-16-2004, 15:29:07
 10.5311, 3.38630,   14.493, 07-16-2004, 15:29:12
 10.4244, 3.38800,   14.139, 07-16-2004, 15:29:17
 10.4021, 3.39013,   14.456, 07-16-2004, 15:29:22
 10.3429, 3.39168,   14.304, 07-16-2004, 15:29:27
 10.2495, 3.39195,   14.377, 07-16-2004, 15:29:32
 10.2238, 3.39418,   14.188, 07-16-2004, 15:29:37
 10.2099, 3.39279,   14.224, 07-16-2004, 15:29:42
 10.2272, 3.39222,   14.395, 07-16-2004, 15:29:47
 10.2064, 3.39234,   14.438, 07-16-2004, 15:29:52
 10.2198, 3.39224,   14.444, 07-16-2004, 15:29:57
 10.2421, 3.39198,   14.340, 07-16-2004, 15:30:02
 10.3031, 3.39077,   14.408, 07-16-2004, 15:30:07
 10.3272, 3.39042,   14.627, 07-16-2004, 15:30:12
 10.2995, 3.39049,   14.273, 07-16-2004, 15:30:17
 10.3206, 3.39059,   14.414, 07-16-2004, 15:30:22
 10.3134, 3.39100,   14.572, 07-16-2004, 15:30:27
 10.3120, 3.39107,   14.060, 07-16-2004, 15:30:32
 10.2801, 3.39155,   13.852, 07-16-2004, 15:30:37
 10.3282, 3.39066,   14.426, 07-16-2004, 15:30:42
 10.2577, 3.39144,   14.371, 07-16-2004, 15:30:47
 10.1468, 3.39184,   14.200, 07-16-2004, 15:30:52
 10.1435, 3.39184,   14.292, 07-16-2004, 15:30:57
 10.1946, 3.39161,   14.322, 07-16-2004, 15:31:02
 10.1926, 3.39141,   14.194, 07-16-2004, 15:31:07
 10.1607, 3.39355,   14.499, 07-16-2004, 15:31:12
 10.2212, 3.39333,   14.334, 07-16-2004, 15:31:17
 10.1873, 3.39330,   14.310, 07-16-2004, 15:31:22
 10.2206, 3.39239,   14.292, 07-16-2004, 15:31:27
 10.2164, 3.39190,   14.224, 07-16-2004, 15:31:32
 10.2106, 3.39138,   14.469, 07-16-2004, 15:31:37
 10.2308, 3.39074,   14.310, 07-16-2004, 15:31:42
 10.2280, 3.39051,   14.365, 07-16-2004, 15:31:47
 10.2894, 3.38992,   14.377, 07-16-2004, 15:31:52
 10.2964, 3.38925,   14.469, 07-16-2004, 15:31:57
 10.3381, 3.38763,   14.194, 07-16-2004, 15:32:02
 10.3464, 3.38784,   14.255, 07-16-2004, 15:32:07
 10.3851, 3.38666,   14.194, 07-16-2004, 15:32:12
 10.4321, 3.38549,   14.572, 07-16-2004, 15:32:17
 10.4508, 3.38581,   14.517, 07-16-2004, 15:32:22
 10.4403, 3.38577,   14.035, 07-16-2004, 15:32:27
 10.4950, 3.38554,   14.212, 07-16-2004, 15:32:32
 10.4461, 3.38599,   14.218, 07-16-2004, 15:32:37
 10.4246, 3.38621,   14.261, 07-16-2004, 15:32:42
 10.4010, 3.38695,   14.432, 07-16-2004, 15:32:47
 10.3691, 3.38786,   14.322, 07-16-2004, 15:32:52
 10.3438, 3.38858,   14.389, 07-16-2004, 15:32:57
 10.3482, 3.38868,   14.524, 07-16-2004, 15:33:02
 10.2577, 3.39053,   14.353, 07-16-2004, 15:33:07
 10.2701, 3.39073,   14.438, 07-16-2004, 15:33:12
 10.2483, 3.39159,   14.163, 07-16-2004, 15:33:17
 10.2221, 3.39240,   14.646, 07-16-2004, 15:33:22
 10.2155, 3.39180,   14.133, 07-16-2004, 15:33:27
 10.2154, 3.39156,   13.791, 07-16-2004, 15:33:32
 10.2431, 3.39121,   14.188, 07-16-2004, 15:33:37
 10.2810, 3.39016,   14.469, 07-16-2004, 15:33:42
 10.2967, 3.39006,   14.401, 07-16-2004, 15:33:47
 10.2327, 3.39164,   14.469, 07-16-2004, 15:33:52
 10.2020, 3.39258,   14.365, 07-16-2004, 15:33:57
 10.1448, 3.39318,   14.273, 07-16-2004, 15:34:02
 10.0833, 3.39339,   13.895, 07-16-2004, 15:34:07
 10.1827, 3.39245,   14.249, 07-16-2004, 15:34:12
 10.1406, 3.39159,   14.249, 07-16-2004, 15:34:17
 10.0684, 3.39220,   14.237, 07-16-2004, 15:34:22
 10.0857, 3.39160,   14.279, 07-16-2004, 15:34:27
 10.0543, 3.39228,   14.298, 07-16-2004, 15:34:32
 10.0835, 3.39239,   14.499, 07-16-2004, 15:34:37
 10.0802, 3.39165,   14.267, 07-16-2004, 15:34:42
 10.0511, 3.39129,   14.194, 07-16-2004, 15:34:47
 10.1179, 3.39096,   14.511, 07-16-2004, 15:34:52
 10.1771, 3.38952,   14.237, 07-16-2004, 15:34:57
 10.2319, 3.38763,   14.090, 07-16-2004, 15:35:02
 10.2663, 3.38708,   14.316, 07-16-2004, 15:35:07
 10.2215, 3.38792,   14.347, 07-16-2004, 15:35:12
 10.2164, 3.38703,   14.261, 07-16-2004, 15:35:17
 10.1664, 3.38780,   14.292, 07-16-2004, 15:35:22
 10.2322, 3.38734,   14.530, 07-16-2004, 15:35:27
 10.1615, 3.38828,   14.334, 07-16-2004, 15:35:32
 10.1426, 3.38826,   14.652, 07-16-2004, 15:35:37
 10.1610, 3.38769,   14.377, 07-16-2004, 15:35:42
 10.1173, 3.38767,   14.090, 07-16-2004, 15:35:47
 10.1438, 3.38677,   14.212, 07-16-2004, 15:35:52
 10.1609, 3.38631,   14.298, 07-16-2004, 15:35:57
 10.1767, 3.38603,   14.597, 07-16-2004, 15:36:02
 10.2323, 3.38587,   14.005, 07-16-2004, 15:36:07
