CTD-processing/Workspace/ADFG-BobDeCino/2018/CTD/cast73.cnv
* Sea-Bird SBE19plus Data File:
* FileName = C:\Sea-Bird\Northern OTF Data 2013\SO_OTF_2018.hex
* Software Version 1.59
* Temperature SN =  5061
* Conductivity SN =  5061
* System UpLoad Time = Feb 14 2019 17:05:28
* ds
* SeacatPlus V 1.6a  SERIAL NO. 5061    14 Feb 2019  18:16:49
# nquan = 9
# nvalues = 76                          
# units = specified
# name 0 = depSM: Depth [salt water, m], lat = 59.00
# name 1 = prdE: Pressure, Strain Gauge [psi]
# name 2 = tv290C: Temperature [ITS-90, deg C]
# name 3 = flECO-AFL: Fluorescence, WET Labs ECO-AFL/FL [mg/m^3]
# name 4 = sbeox0PS: Oxygen, SBE 43 [% saturation]
# name 5 = oxsolMg/L: Oxygen Saturation, Garcia & Gordon [mg/l]
# name 6 = par: PAR/Irradiance, Biospherical/Licor
# name 7 = sal00: Salinity, Practical [PSU]
# name 8 = flag: flag
# span 0 =      1.000,     60.000       
# span 1 =      2.017,     87.393       
# span 2 =     9.2603,    10.1432       
# span 3 =    26.7191,    36.7258       
# span 4 =   78.01351,   93.35847       
# span 5 =    9.32558,    9.41833       
# span 6 = 1.4892e+00, 4.9297e+02       
# span 7 =    29.3359,    30.8976       
# span 8 = 0.0000e+00, 0.0000e+00       
# interval = meters: 1                  
# start_time = Jul 01 2018 11:51:14 [Instrument's time stamp, header]
# bad_flag = -9.990e-29
*END*
      1.000      2.017    10.1432    36.7258   88.07834    9.32558 4.9297e+02    29.3359 0.0000e+00
      2.000      3.164    10.1381    26.7191   84.96150    9.32826 2.2922e+02    29.3474 0.0000e+00
      3.000      4.442    10.1386    28.1570   83.12263    9.32852 1.2415e+02    29.3573 0.0000e+00
      4.000      5.956    10.1408    31.9293   84.25322    9.32748 6.9341e+01    29.3646 0.0000e+00
      5.000      7.452    10.1077    31.7238   87.65882    9.32805 4.2164e+01    29.3754 0.0000e+00
      6.000      8.933    10.0335    31.8519   90.06488    9.33116 2.6525e+01    29.4772 0.0000e+00
      7.000     10.372     9.9462    31.9175   90.96732    9.33626 1.7201e+01    29.6488 0.0000e+00
      8.000     11.787     9.8689    32.0037   90.99596    9.34494 1.1823e+01    29.7840 0.0000e+00
      9.000     13.193     9.7940    32.0521   90.97871    9.35277 8.3732e+00    29.9216 0.0000e+00
     10.000     14.579     9.7361    32.2067   91.21848    9.36101 6.1117e+00    30.0309 0.0000e+00
     11.000     16.089     9.6830    32.3897   91.71234    9.36673 4.6517e+00    30.1386 0.0000e+00
     12.000     17.641     9.6364    32.7207   92.00285    9.37223 3.6853e+00    30.2328 0.0000e+00
     13.000     19.098     9.5995    32.4627   92.07184    9.37682 2.9988e+00    30.2960 0.0000e+00
     14.000     20.507     9.5482    32.4467   91.76910    9.37913 2.5287e+00    30.3776 0.0000e+00
     15.000     21.895     9.5085    32.6780   91.01504    9.38485 2.2180e+00    30.4619 0.0000e+00
     16.000     23.376     9.4879    32.8096   90.39529    9.38991 1.9985e+00    30.5171 0.0000e+00
     17.000     24.831     9.4758    32.9085   90.65511    9.39184 1.8832e+00    30.5385 0.0000e+00
     18.000     26.309     9.4586    33.1146   91.41952    9.39287 1.8007e+00    30.5716 0.0000e+00
     19.000     27.863     9.4488    33.1199   92.02247    9.39503 1.7235e+00    30.5919 0.0000e+00
     20.000     29.326     9.4399    33.1445   92.03622    9.39589 1.6749e+00    30.6071 0.0000e+00
     21.000     30.754     9.4320    33.2351   91.98261    9.39696 1.6374e+00    30.6186 0.0000e+00
     22.000     32.238     9.4216    33.3534   91.89033    9.39779 1.6159e+00    30.6345 0.0000e+00
     23.000     33.702     9.4130    33.0981   91.74738    9.39919 1.5985e+00    30.6465 0.0000e+00
     24.000     35.125     9.3925    33.0823   91.70149    9.39942 1.5859e+00    30.6701 0.0000e+00
     25.000     36.579     9.3783    33.3714   91.85651    9.40219 1.5801e+00    30.6999 0.0000e+00
     26.000     38.070     9.3652    33.2133   92.05585    9.40367 1.5749e+00    30.7241 0.0000e+00
     27.000     39.520     9.3664    33.1265   91.99101    9.40551 1.5681e+00    30.7287 0.0000e+00
     28.000     40.953     9.3619    33.2709   91.54051    9.40520 1.5644e+00    30.7293 0.0000e+00
     29.000     42.379     9.3535    33.2462   90.99225    9.40587 1.5630e+00    30.7403 0.0000e+00
     30.000     43.807     9.3488    33.1921   90.78819    9.40699 1.5625e+00    30.7511 0.0000e+00
     31.000     45.295     9.3443    33.3487   91.16878    9.40736 1.5652e+00    30.7573 0.0000e+00
     32.000     46.877     9.3356    33.6687   91.76995    9.40794 1.5615e+00    30.7715 0.0000e+00
     33.000     48.387     9.3335    33.4862   92.02810    9.40906 1.5592e+00    30.7758 0.0000e+00
     34.000     49.843     9.3293    33.5910   91.98214    9.40926 1.5584e+00    30.7790 0.0000e+00
     35.000     51.258     9.3267    33.6443   91.82690    9.40990 1.5589e+00    30.7837 0.0000e+00
     36.000     52.657     9.3265    34.0182   91.60101    9.41024 1.5573e+00    30.7827 0.0000e+00
     37.000     54.073     9.3207    33.7272   91.28498    9.41010 1.5586e+00    30.7884 0.0000e+00
     38.000     55.515     9.3189    33.3520   91.18045    9.41101 1.5581e+00    30.7946 0.0000e+00
     39.000     57.042     9.3195    33.7603   91.37782    9.41108 1.5603e+00    30.7977 0.0000e+00
     40.000     58.584     9.3207    33.7905   91.57752    9.41090 1.5575e+00    30.7938 0.0000e+00
     41.000     60.016     9.3136    33.8866   90.87359    9.41091 1.5553e+00    30.7958 0.0000e+00
     42.000     61.357     9.2989    33.6894   89.94601    9.41205 1.5557e+00    30.8162 0.0000e+00
     43.000     62.795     9.2915    33.5638   89.85251    9.41369 1.5586e+00    30.8332 0.0000e+00
     44.000     64.451     9.2847    33.7777   90.89504    9.41449 1.5594e+00    30.8444 0.0000e+00
     45.000     65.949     9.2787    34.0027   91.09568    9.41550 1.5537e+00    30.8518 0.0000e+00
     46.000     67.298     9.2725    33.9375   90.13837    9.41617 1.5560e+00    30.8552 0.0000e+00
     47.000     68.634     9.2670    33.7649   89.47975    9.41711 1.5552e+00    30.8668 0.0000e+00
     48.000     70.240     9.2640    34.1249   90.19143    9.41742 1.5594e+00    30.8735 0.0000e+00
     49.000     71.809     9.2603    34.1407   90.77991    9.41821 1.5567e+00    30.8792 0.0000e+00
     50.000     73.230     9.2650    34.0612   90.02160    9.41833 1.5570e+00    30.8721 0.0000e+00
     51.000     74.573     9.2647    34.0231   89.05565    9.41779 1.5564e+00    30.8706 0.0000e+00
     52.000     76.070     9.2636    33.8914   89.12316    9.41778 1.5585e+00    30.8748 0.0000e+00
     53.000     77.692     9.2639    34.4265   90.55209    9.41781 1.5588e+00    30.8761 0.0000e+00
     54.000     79.177     9.2678    34.6500   91.26479    9.41792 1.5571e+00    30.8693 0.0000e+00
     55.000     80.559     9.2708    33.6345   90.47248    9.41734 1.5576e+00    30.8619 0.0000e+00
     56.000     81.817     9.2653    34.2037   87.81452    9.41726 1.5570e+00    30.8633 0.0000e+00
     57.000     83.171     9.2620    34.2086   83.95947    9.41788 1.5577e+00    30.8766 0.0000e+00
     58.000     84.792     9.2632    34.1344   82.13859    9.41758 1.5566e+00    30.8833 0.0000e+00
     59.000     86.232     9.2664    34.1286   84.92942    9.41712 1.5566e+00    30.8806 0.0000e+00
     60.000     87.393     9.2843    33.6207   80.81630    9.41383 1.5537e+00    30.8747 0.0000e+00
     59.000     86.280     9.2879    33.8984   78.01351    9.41198 1.5555e+00    30.8807 0.0000e+00
     58.000     84.903     9.2752    33.7881   79.59205    9.41361 1.5565e+00    30.8976 0.0000e+00
     57.000     83.495     9.2735    33.9110   84.66510    9.41551 1.5556e+00    30.8806 0.0000e+00
     56.000     81.855     9.2709    33.8454   85.60576    9.41629 1.5574e+00    30.8703 0.0000e+00
     55.000     79.869     9.2746    33.9536   88.35459    9.41501 1.5397e+00    30.8957 0.0000e+00
     54.000     78.379     9.2709    33.8242   92.26997    9.41595 1.4937e+00    30.8650 0.0000e+00
     53.000     77.075     9.2697    33.6115   93.35847    9.41728 1.4914e+00    30.8623 0.0000e+00
     52.000     75.772     9.2708    33.6109   93.17401    9.41762 1.5138e+00    30.8580 0.0000e+00
     51.000     74.544     9.2708    33.6294   93.03040    9.41756 1.5047e+00    30.8557 0.0000e+00
     50.000     73.310     9.2707    33.6770 -9.990e-29    9.41757 1.5022e+00    30.8552 0.0000e+00
     49.000     72.020     9.2714    33.7134 -9.990e-29    9.41759 1.4930e+00    30.8548 0.0000e+00
     48.000     70.830     9.2719    33.7055 -9.990e-29    9.41757 1.5055e+00    30.8531 0.0000e+00
     47.000     69.842     9.2738    33.7321 -9.990e-29    9.41758 1.5058e+00    30.8514 0.0000e+00
     46.000     69.138     9.2792    33.7067 -9.990e-29    9.41760 1.5910e+00    30.8473 0.0000e+00
     45.000     68.625 -9.990e-29    33.7200 -9.990e-29    9.41737 1.5478e+00    30.8374 0.0000e+00
     44.000     68.442 -9.990e-29    33.8188 -9.990e-29    9.41625 1.4892e+00    30.8258 0.0000e+00
