CTD-processing/Workspace/ADFG-BobDeCino/2018/CTD/cast76.cnv
* Sea-Bird SBE19plus Data File:
* FileName = C:\Sea-Bird\Northern OTF Data 2013\SO_OTF_2018.hex
* Software Version 1.59
* Temperature SN =  5061
* Conductivity SN =  5061
* System UpLoad Time = Feb 14 2019 17:05:28
* ds
* SeacatPlus V 1.6a  SERIAL NO. 5061    14 Feb 2019  18:16:49
# nquan = 9
# nvalues = 77                          
# units = specified
# name 0 = depSM: Depth [salt water, m], lat = 59.00
# name 1 = prdE: Pressure, Strain Gauge [psi]
# name 2 = tv290C: Temperature [ITS-90, deg C]
# name 3 = flECO-AFL: Fluorescence, WET Labs ECO-AFL/FL [mg/m^3]
# name 4 = sbeox0PS: Oxygen, SBE 43 [% saturation]
# name 5 = oxsolMg/L: Oxygen Saturation, Garcia & Gordon [mg/l]
# name 6 = par: PAR/Irradiance, Biospherical/Licor
# name 7 = sal00: Salinity, Practical [PSU]
# name 8 = flag: flag
# span 0 =      1.000,     39.000       
# span 1 =      2.055,     55.782       
# span 2 =     9.5686,     9.7570       
# span 3 =    30.6038,    38.4905       
# span 4 =   84.15760,   93.27901       
# span 5 =    9.27391,    9.34759       
# span 6 = 1.5586e+00, 4.2283e+02       
# span 7 =    30.6944,    31.0052       
# span 8 = 0.0000e+00, 0.0000e+00       
# interval = meters: 1                  
# start_time = Jul 01 2018 11:51:14 [Instrument's time stamp, header]
# bad_flag = -9.990e-29
*END*
      1.000      2.055     9.7570    38.4905   92.57149    9.27391 4.2283e+02    30.6944 0.0000e+00
      2.000      3.263     9.6848    30.6038   92.35617    9.31690 2.0534e+02    30.9387 0.0000e+00
      3.000      4.542     9.6703    30.9192   92.13755    9.32473 1.5897e+02    30.9831 0.0000e+00
      4.000      5.843     9.6641    32.1236   92.07829    9.32660 1.3150e+02    30.9944 0.0000e+00
      5.000      7.217     9.6596    32.3497   91.69585    9.32773 9.7081e+01    30.9977 0.0000e+00
      6.000      8.551     9.6596    32.4171   90.51304    9.32852 8.1862e+01    30.9957 0.0000e+00
      7.000      9.840     9.6588    32.7869   88.49111    9.32886 6.5232e+01    30.9915 0.0000e+00
      8.000     11.007     9.6712    32.8029   86.73538    9.32821 5.0218e+01    31.0036 0.0000e+00
      9.000     13.415     9.6913    32.8144   87.75164    9.32277 4.6662e+01    30.9904 0.0000e+00
     10.000     14.836     9.6583    32.9358   89.65357    9.32819 3.5536e+01    30.9890 0.0000e+00
     11.000     16.397     9.6512    32.8609   92.48313    9.32996 2.8104e+01    30.9919 0.0000e+00
     12.000     17.958     9.6388    32.8243   93.27901    9.33237 2.2798e+01    30.9711 0.0000e+00
     13.000     19.247     9.6286    32.8449   92.55728    9.33514 1.8565e+01    30.9661 0.0000e+00
     14.000     20.576     9.6235    33.0970   92.27067    9.33677 1.4889e+01    30.9675 0.0000e+00
     15.000     22.005     9.6208    33.0720   92.48074    9.33761 1.2036e+01    30.9702 0.0000e+00
     16.000     23.496     9.6179    32.9310   92.71478    9.33811 9.9307e+00    30.9706 0.0000e+00
     17.000     24.953     9.6119    32.9229   92.61484    9.33861 8.1460e+00    30.9722 0.0000e+00
     18.000     26.317     9.6064    32.9119   92.36352    9.33975 6.6969e+00    30.9743 0.0000e+00
     19.000     27.735     9.6019    32.9245   92.17238    9.34078 5.3995e+00    30.9776 0.0000e+00
     20.000     29.193     9.5998    32.9103   91.97400    9.34143 4.4236e+00    30.9803 0.0000e+00
     21.000     30.652     9.5998    33.2440   91.88760    9.34172 3.7883e+00    30.9821 0.0000e+00
     22.000     32.034     9.5977    33.1229   91.43528    9.34172 3.3123e+00    30.9809 0.0000e+00
     23.000     33.390     9.5918    32.9068   89.85678    9.34224 2.8746e+00    30.9832 0.0000e+00
     24.000     34.632     9.5877    32.7826   86.97449    9.34322 2.6014e+00    30.9877 0.0000e+00
     25.000     36.341     9.6090    32.9771   84.96483    9.33972 2.4158e+00    31.0052 0.0000e+00
     26.000     38.355     9.6003    33.0900   90.55550    9.33895 2.2042e+00    30.9872 0.0000e+00
     27.000     39.752     9.5910    32.9885   91.56804    9.34237 2.0519e+00    30.9940 0.0000e+00
     28.000     41.082     9.5890    33.1326   90.89586    9.34300 1.9404e+00    30.9921 0.0000e+00
     29.000     42.447     9.5852    33.2023   90.62240    9.34341 1.8433e+00    30.9926 0.0000e+00
     30.000     44.008     9.5792    33.1890   91.56927    9.34455 1.7915e+00    30.9967 0.0000e+00
     31.000     45.584     9.5788    33.2069   91.97166    9.34520 1.7389e+00    30.9965 0.0000e+00
     32.000     46.919     9.5752    33.2055   90.70975    9.34552 1.6964e+00    30.9914 0.0000e+00
     33.000     48.141     9.5713    33.0866   89.54647    9.34633 1.6592e+00    30.9924 0.0000e+00
     34.000     49.606     9.5713    33.2080   89.86670    9.34660 1.6380e+00    30.9987 0.0000e+00
     35.000     51.303     9.5728    33.3883   91.07462    9.34634 1.6175e+00    30.9983 0.0000e+00
     36.000     52.688     9.5715    33.4444   90.40101    9.34649 1.6034e+00    30.9942 0.0000e+00
     37.000     53.876     9.5692    33.3314   89.79887    9.34696 1.5931e+00    30.9938 0.0000e+00
     38.000     55.098     9.5692    33.8190   88.99540    9.34710 1.5854e+00    30.9973 0.0000e+00
     39.000     55.782     9.5883    33.4655   84.15760    9.34441 1.5833e+00    31.0034 0.0000e+00
     38.000     54.451     9.5888    33.4062   87.95591    9.34254 1.5721e+00    30.9993 0.0000e+00
     37.000     52.958     9.5818    33.2880   91.39906    9.34282 1.5603e+00    31.0038 0.0000e+00
     36.000     51.873     9.5766    33.0565   92.19521    9.34462 1.6628e+00    30.9882 0.0000e+00
     35.000     50.788     9.5738    32.9708   92.47963    9.34586 1.5586e+00    30.9850 0.0000e+00
     34.000     49.619     9.5726    32.9800   92.23392    9.34650 1.5908e+00    30.9865 0.0000e+00
     33.000     48.371     9.5717    32.8862   91.89673    9.34681 1.6260e+00    30.9880 0.0000e+00
     32.000     46.986     9.5705    32.8755   91.70580    9.34703 1.6615e+00    30.9882 0.0000e+00
     31.000     45.470     9.5692    32.9867   91.80030    9.34728 1.7131e+00    30.9885 0.0000e+00
     30.000     43.856     9.5686    33.1440   92.03710    9.34747 1.7591e+00    30.9898 0.0000e+00
     29.000     42.288     9.5691    33.1651   92.22376    9.34759 1.8409e+00    30.9907 0.0000e+00
     28.000     40.861     9.5720    32.9706   92.18123    9.34747 1.9067e+00    30.9913 0.0000e+00
     27.000     39.430     9.5768    32.9986   92.05724    9.34692 2.0326e+00    30.9915 0.0000e+00
     26.000     37.945     9.5813    33.1796   91.99078    9.34611 2.0968e+00    30.9902 0.0000e+00
     25.000     36.403     9.5840    33.1511   92.02787    9.34528 2.3235e+00    30.9869 0.0000e+00
     24.000     34.932     9.5850    32.9626   92.03163    9.34488 2.5974e+00    30.9847 0.0000e+00
     23.000     33.457     9.5854    32.7530   91.98610    9.34466 2.8638e+00    30.9836 0.0000e+00
     22.000     32.051     9.5853    32.7303   91.95144    9.34458 3.2781e+00    30.9829 0.0000e+00
     21.000     30.655     9.5863    32.8874   91.92780    9.34458 3.7395e+00    30.9827 0.0000e+00
     20.000     29.276     9.5886    32.9044   91.86447    9.34451 4.3904e+00    30.9826 0.0000e+00
     19.000     27.906     9.5923    32.8967   91.81607    9.34432 5.2309e+00    30.9801 0.0000e+00
     18.000     26.541     9.5962    32.9052   91.78328    9.34384 6.3645e+00    30.9776 0.0000e+00
     17.000     25.146     9.6000    32.9150   91.69652    9.34309 7.7162e+00    30.9752 0.0000e+00
     16.000     23.671     9.6043    32.9166   91.68422    9.34242 9.5589e+00    30.9722 0.0000e+00
     15.000     22.138     9.6099    32.7193   91.73887    9.34166 1.1736e+01    30.9692 0.0000e+00
     14.000     20.581     9.6183    32.7246   91.72288    9.34060 1.4526e+01    30.9686 0.0000e+00
     13.000     19.049     9.6266    32.7927   91.72134    9.33910 1.8283e+01    30.9650 0.0000e+00
     12.000     17.564     9.6326    32.8729   91.71349    9.33768 2.2980e+01    30.9610 0.0000e+00
     11.000     16.071     9.6358    32.9004   91.73898    9.33654 2.8741e+01    30.9568 0.0000e+00
     10.000     14.595     9.6382    32.6465   91.84195    9.33596 3.5819e+01    30.9539 0.0000e+00
      9.000     13.164     9.6413    32.6873   91.87456    9.33554 4.5392e+01    30.9538 0.0000e+00
      8.000     11.741     9.6441    32.7638   91.88954    9.33502 5.7434e+01    30.9525 0.0000e+00
      7.000     10.351     9.6460    32.7735   91.77092    9.33456 7.4110e+01    30.9506 0.0000e+00
      6.000      9.011     9.6481    32.7784   91.65109    9.33418 9.5078e+01    30.9499 0.0000e+00
      5.000      7.684     9.6499    32.7179   91.67444    9.33376 1.2446e+02    30.9503 0.0000e+00
      4.000      6.380     9.6513    32.7315   91.73627    9.33338 1.6230e+02    30.9494 0.0000e+00
      3.000      5.116     9.6525    32.6946   91.31469    9.33307 2.1799e+02    30.9490 0.0000e+00
      2.000      3.993     9.6537    32.6969   90.02162    9.33288 2.8740e+02    30.9484 0.0000e+00
      1.000      2.231     9.6552    32.6492   85.59239    9.33239 4.1819e+02    30.9489 0.0000e+00
