CTD-processing/Workspace/ADFG-BobDeCino/2018/CTD/cast84.cnv
* Sea-Bird SBE19plus Data File:
* FileName = C:\Sea-Bird\Northern OTF Data 2013\SO_OTF_2018.hex
* Software Version 1.59
* Temperature SN =  5061
* Conductivity SN =  5061
* System UpLoad Time = Feb 14 2019 17:05:28
* ds
* SeacatPlus V 1.6a  SERIAL NO. 5061    14 Feb 2019  18:16:49
# nquan = 9
# nvalues = 97                          
# units = specified
# name 0 = depSM: Depth [salt water, m], lat = 59.00
# name 1 = prdE: Pressure, Strain Gauge [psi]
# name 2 = tv290C: Temperature [ITS-90, deg C]
# name 3 = flECO-AFL: Fluorescence, WET Labs ECO-AFL/FL [mg/m^3]
# name 4 = sbeox0PS: Oxygen, SBE 43 [% saturation]
# name 5 = oxsolMg/L: Oxygen Saturation, Garcia & Gordon [mg/l]
# name 6 = par: PAR/Irradiance, Biospherical/Licor
# name 7 = sal00: Salinity, Practical [PSU]
# name 8 = flag: flag
# span 0 =      1.000,     51.000       
# span 1 =      1.840,     73.525       
# span 2 =     9.7598,    10.0498       
# span 3 =    30.5039,    33.8974       
# span 4 =   80.10714,   92.24261       
# span 5 =    9.27566,    9.34014       
# span 6 = 1.4599e+00, 6.3465e+01       
# span 7 =    29.7759,    30.4805       
# span 8 = 0.0000e+00, 0.0000e+00       
# interval = meters: 1                  
# start_time = Jul 01 2018 11:51:14 [Instrument's time stamp, header]
# bad_flag = -9.990e-29
*END*
      1.000      1.840    10.0498    33.8974   88.24247    9.27566 6.3465e+01    29.7759 0.0000e+00
      2.000      3.042     9.9889    30.8055   86.52139    9.31683 2.7419e+01    30.0212 0.0000e+00
      3.000      4.486     9.9921    30.5039   85.43698    9.31662 2.1707e+01    30.0567 0.0000e+00
      4.000      5.914     9.9906    30.7336   83.39776    9.31572 1.6216e+01    30.0718 0.0000e+00
      5.000      7.315     9.9924    30.8743   81.95054    9.31283 1.1427e+01    30.1255 0.0000e+00
      6.000      8.808    10.0209    30.9634   84.16777    9.30790 7.7512e+00    30.1699 0.0000e+00
      7.000     10.347     9.9988    30.9412   88.06027    9.31038 5.3102e+00    30.0596 0.0000e+00
      8.000     11.773     9.9664    31.0710   89.50034    9.31841 3.7942e+00    30.0429 0.0000e+00
      9.000     13.148     9.9494    31.1566   89.65445    9.32289 2.8834e+00    30.0575 0.0000e+00
     10.000     14.618     9.9438    31.2068   90.08331    9.32518 2.3098e+00    30.0684 0.0000e+00
     11.000     16.125     9.9398    31.0920   90.71606    9.32602 1.9814e+00    30.0671 0.0000e+00
     12.000     17.635     9.9352    31.2200   90.94001    9.32686 1.7971e+00    30.0694 0.0000e+00
     13.000     19.054     9.9326    31.3169   90.73382    9.32802 1.6886e+00    30.0631 0.0000e+00
     14.000     20.494     9.9334    31.3185   90.79856    9.32847 1.6282e+00    30.0623 0.0000e+00
     15.000     22.039     9.9359    31.3089   91.28539    9.32824 1.5941e+00    30.0593 0.0000e+00
     16.000     23.594     9.9352    31.3057   91.60529    9.32811 1.5773e+00    30.0532 0.0000e+00
     17.000     24.996     9.9195    31.3046   91.45713    9.32794 1.5672e+00    30.0706 0.0000e+00
     18.000     26.388     9.9020    31.3085   91.19091    9.32889 1.5616e+00    30.1117 0.0000e+00
     19.000     27.804     9.8950    31.3203   91.05577    9.33107 1.5582e+00    30.1339 0.0000e+00
     20.000     29.281     9.8956    31.3512   91.25852    9.33192 1.5589e+00    30.1327 0.0000e+00
     21.000     30.772     9.8969    31.4436   91.35173    9.33183 1.5572e+00    30.1304 0.0000e+00
     22.000     32.233     9.8976    31.5918   91.24343    9.33183 1.5571e+00    30.1262 0.0000e+00
     23.000     33.668     9.8993    31.5830   91.06591    9.33193 1.5570e+00    30.1221 0.0000e+00
     24.000     35.139     9.8987    31.5878   90.95317    9.33155 1.5568e+00    30.1221 0.0000e+00
     25.000     36.604     9.8969    32.0059   91.01035    9.33160 1.5568e+00    30.1262 0.0000e+00
     26.000     38.073     9.8950    32.0745   91.09035    9.33174 1.5571e+00    30.1301 0.0000e+00
     27.000     39.528     9.8891    32.0997   90.94410    9.33151 1.5566e+00    30.1430 0.0000e+00
     28.000     40.991     9.8887    32.0361   90.81743    9.33214 1.5566e+00    30.1534 0.0000e+00
     29.000     42.453     9.8922    31.9251   90.93002    9.33268 1.5566e+00    30.1380 0.0000e+00
     30.000     43.917     9.8900    32.1673   90.97925    9.33192 1.5570e+00    30.1410 0.0000e+00
     31.000     45.378     9.8826    32.1238   90.85086    9.33153 1.5573e+00    30.1610 0.0000e+00
     32.000     46.827     9.8797    32.0166   90.74871    9.33234 1.5573e+00    30.1728 0.0000e+00
     33.000     48.271     9.8805    31.9572   90.84602    9.33266 1.5566e+00    30.1720 0.0000e+00
     34.000     49.755     9.8823    31.9405   91.04742    9.33271 1.5567e+00    30.1680 0.0000e+00
     35.000     51.277     9.8834    32.1117   91.12933    9.33257 1.5574e+00    30.1633 0.0000e+00
     36.000     52.770     9.8813    32.2983   90.95486    9.33226 1.5561e+00    30.1689 0.0000e+00
     37.000     54.196     9.8734    32.3950   90.76050    9.33224 1.5568e+00    30.1738 0.0000e+00
     38.000     55.620     9.8554    32.2518   90.68762    9.33131 1.5565e+00    30.2302 0.0000e+00
     39.000     57.073     9.8470    32.2422   90.72840    9.33315 1.5565e+00    30.2581 0.0000e+00
     40.000     58.521     9.8439    32.2039   90.97660    9.33387 1.5564e+00    30.2673 0.0000e+00
     41.000     60.010     9.8425    32.2536   91.29833    9.33416 1.5571e+00    30.2718 0.0000e+00
     42.000     61.495     9.8358    32.3065   91.29446    9.33382 1.5561e+00    30.2848 0.0000e+00
     43.000     62.934     9.8302    32.2346   90.67431    9.33433 1.5560e+00    30.3007 0.0000e+00
     44.000     64.322     9.8231    32.2917   90.06260    9.33463 1.5560e+00    30.3120 0.0000e+00
     45.000     65.732     9.8044    32.3516   89.99039    9.33430 1.5570e+00    30.3489 0.0000e+00
     46.000     67.237     9.7815    32.4202   90.60224    9.33568 1.5565e+00    30.4116 0.0000e+00
     47.000     68.800     9.7714    32.4276   91.30949    9.33789 1.5558e+00    30.4398 0.0000e+00
     48.000     70.164     9.7675    32.4256   90.78561    9.33874 1.5558e+00    30.4467 0.0000e+00
     49.000     71.350     9.7621    32.4316   88.84748    9.33882 1.5560e+00    30.4563 0.0000e+00
     50.000     72.346     9.7598    32.4440   85.70527    9.33948 1.5348e+00    30.4641 0.0000e+00
     51.000     73.525     9.7707    32.4385   80.10714    9.33916 1.7553e+00    30.4805 0.0000e+00
     50.000     72.214     9.8087    31.9615   89.28309    9.33056 1.4599e+00    30.4779 0.0000e+00
     49.000     70.831     9.7951    32.2121   91.69970    9.33084 1.5754e+00    30.4561 0.0000e+00
     48.000     69.732     9.7754    32.2019   92.12592    9.33372 1.5580e+00    30.4434 0.0000e+00
     47.000     68.527     9.7665    32.1405   92.24261    9.33682 1.5506e+00    30.4536 0.0000e+00
     46.000     67.229     9.7636    32.1336   92.16811    9.33857 1.5456e+00    30.4597 0.0000e+00
     45.000     65.805     9.7664    32.0261   91.93917    9.33952 1.5398e+00    30.4559 0.0000e+00
     44.000     64.318     9.7755    31.9917   91.55728    9.33976 1.5452e+00    30.4418 0.0000e+00
     43.000     62.840     9.7924    32.0512   91.26943    9.34014 1.5467e+00    30.4045 0.0000e+00
     42.000     61.406     9.8096    32.1416   91.03928    9.33961 1.5360e+00    30.3599 0.0000e+00
     41.000     60.011     9.8229    32.1266   90.96834    9.33839 1.5466e+00    30.3208 0.0000e+00
     40.000     58.568     9.8330    32.2100   90.96292    9.33708 1.5476e+00    30.2960 0.0000e+00
     39.000     57.112     9.8401    32.1936   90.83500    9.33613 1.5516e+00    30.2764 0.0000e+00
     38.000     55.634     9.8446    31.9734   90.77597    9.33548 1.5598e+00    30.2619 0.0000e+00
     37.000     54.161     9.8480    31.9608   90.77704    9.33501 1.5482e+00    30.2540 0.0000e+00
     36.000     52.735     9.8529    32.0355   90.83039    9.33506 1.5525e+00    30.2417 0.0000e+00
     35.000     51.314     9.8601    32.0468   90.79021    9.33508 1.5505e+00    30.2251 0.0000e+00
     34.000     49.866     9.8689    31.9197   90.67464    9.33516 1.5529e+00    30.1992 0.0000e+00
     33.000     48.422     9.8773    31.9036   90.49712    9.33489 1.5661e+00    30.1733 0.0000e+00
     32.000     46.927     9.8836    32.0243   90.41038    9.33426 1.5754e+00    30.1534 0.0000e+00
     31.000     45.364     9.8867    32.0617   90.44168    9.33356 1.5536e+00    30.1428 0.0000e+00
     30.000     43.808     9.8865    32.1443   90.59908    9.33299 1.5475e+00    30.1423 0.0000e+00
     29.000     42.321     9.8874    32.2376   90.62980    9.33295 1.5578e+00    30.1441 0.0000e+00
     28.000     40.925     9.8916    32.1964   90.46845    9.33338 1.5575e+00    30.1341 0.0000e+00
     27.000     39.586     9.8961    32.1302   90.18261    9.33355 1.5575e+00    30.1199 0.0000e+00
     26.000     38.254     9.8997    32.1108   89.63345    9.33318 1.5579e+00    30.1094 0.0000e+00
     25.000     36.862     9.9019    32.0797   89.17247    9.33281 1.5586e+00    30.1021 0.0000e+00
     24.000     35.379     9.9026    32.0844   89.06230    9.33247 1.5574e+00    30.0992 0.0000e+00
     23.000     33.731     9.9024    31.9710   89.57037    9.33235 1.5543e+00    30.0991 0.0000e+00
     22.000     32.120     9.9028    31.9635   90.32791    9.33240 1.5563e+00    30.0992 0.0000e+00
     21.000     30.635     9.9044    31.9394   90.66373    9.33255 1.5311e+00    30.0948 0.0000e+00
     20.000     29.200     9.9054    31.9657   90.70675    9.33245 1.5560e+00    30.0910 0.0000e+00
     19.000     27.774     9.9054    32.0669   90.57737    9.33230 1.5539e+00    30.0902 0.0000e+00
     18.000     26.361     9.9046    31.9303   90.43890    9.33229 1.5943e+00    30.0904 0.0000e+00
     17.000     24.884     9.9046    31.8421   90.48965    9.33228 1.5589e+00    30.0933 0.0000e+00
     16.000     23.387     9.9052    31.8460   90.56412    9.33244 1.5646e+00    30.0908 0.0000e+00
     15.000     21.921     9.9054    31.9430   90.68649    9.33243 1.5545e+00    30.0889 0.0000e+00
     14.000     20.491     9.9066    31.9237   90.65566    9.33243 1.5925e+00    30.0881 0.0000e+00
     13.000     19.098     9.9082    31.9057   90.52326    9.33234 1.6481e+00    30.0856 0.0000e+00
     12.000     17.689     9.9123    31.9234   90.17331    9.33238 1.7482e+00    30.0796 0.0000e+00
     11.000     16.294     9.9163    31.9012   89.99713    9.33216 1.9412e+00    30.0691 0.0000e+00
     10.000     14.814     9.9175    31.9503   89.91576    9.33161 2.4043e+00    30.0648 0.0000e+00
      9.000     13.318     9.9197    32.0125 -9.990e-29    9.33150 3.0601e+00    30.0622 0.0000e+00
      8.000     11.942     9.9253    31.9193 -9.990e-29    9.33154 4.1804e+00    30.0535 0.0000e+00
      7.000     10.712     9.9321    31.8411 -9.990e-29    9.33119 6.2934e+00    30.0401 0.0000e+00
      6.000      9.661     9.9364    31.8093 -9.990e-29    9.33047 9.1902e+00    30.0300 0.0000e+00
      5.000      8.856     9.9385    31.7846 -9.990e-29    9.32992 1.5737e+01    30.0246 0.0000e+00
