CTD-processing/Workspace/ADFG-BobDeCino/2018/CTD/cast92.cnv
* Sea-Bird SBE19plus Data File:
* FileName = C:\Sea-Bird\Northern OTF Data 2013\SO_OTF_2018.hex
* Software Version 1.59
* Temperature SN =  5061
* Conductivity SN =  5061
* System UpLoad Time = Feb 14 2019 17:05:28
* ds
* SeacatPlus V 1.6a  SERIAL NO. 5061    14 Feb 2019  18:16:49
# nquan = 9
# nvalues = 65                          
# units = specified
# name 0 = depSM: Depth [salt water, m], lat = 59.00
# name 1 = prdE: Pressure, Strain Gauge [psi]
# name 2 = tv290C: Temperature [ITS-90, deg C]
# name 3 = flECO-AFL: Fluorescence, WET Labs ECO-AFL/FL [mg/m^3]
# name 4 = sbeox0PS: Oxygen, SBE 43 [% saturation]
# name 5 = oxsolMg/L: Oxygen Saturation, Garcia & Gordon [mg/l]
# name 6 = par: PAR/Irradiance, Biospherical/Licor
# name 7 = sal00: Salinity, Practical [PSU]
# name 8 = flag: flag
# span 0 =      1.000,     63.000       
# span 1 =      1.691,     91.288       
# span 2 =     9.8729,    10.6579       
# span 3 =    29.4855,    32.0957       
# span 4 =  -15.31714,   92.53750       
# span 5 =    9.16164,    9.30563       
# span 6 = 1.4493e+00, 2.0894e+02       
# span 7 =    30.0984,    30.6515       
# span 8 = 0.0000e+00, 0.0000e+00       
# interval = meters: 1                  
# start_time = Jul 01 2018 11:51:14 [Instrument's time stamp, header]
# bad_flag = -9.990e-29
*END*
      1.000      1.691    10.5757    32.0957   89.01419    9.16164 2.0894e+02    30.0984 0.0000e+00
      2.000      2.973    10.5498    29.4855   83.95465    9.18833 1.3222e+02    30.3548 0.0000e+00
      3.000      4.473    10.6579    30.2598   84.54726    9.16727 1.2864e+02    30.3831 0.0000e+00
      4.000      6.035    10.4945    30.4958   86.89935    9.18622 1.1334e+02    30.2356 0.0000e+00
      5.000      7.415    10.3956    30.5959   84.89095    9.21441 9.2304e+01    30.2818 0.0000e+00
      6.000      8.778    10.3867    30.6940   81.91850    9.21747 7.2719e+01    30.3691 0.0000e+00
      7.000     10.199    10.3810    30.8262   79.59021    9.21232 5.7784e+01    30.4755 0.0000e+00
      8.000     11.711    10.3704    30.9479   83.36631    9.21578 4.3809e+01    30.4397 0.0000e+00
      9.000     13.246    10.3399    31.0755   90.43952    9.22596 3.1497e+01    30.3267 0.0000e+00
     10.000     14.710    10.2915    31.0553   92.53750    9.23786 2.2514e+01    30.2731 0.0000e+00
     11.000     16.085    10.2690    31.0937   90.68833    9.24537 1.6220e+01    30.2714 0.0000e+00
     12.000     17.469    10.2622    31.0970   89.46155    9.24808 1.1684e+01    30.2724 0.0000e+00
     13.000     19.048    10.2565    31.1084   90.32811    9.24910 8.4772e+00    30.2790 0.0000e+00
     14.000     20.618    10.2477    31.0664   91.11719    9.25131 6.3554e+00    30.2647 0.0000e+00
     15.000     21.991    10.2391    31.0949   90.70823    9.25337 4.8177e+00    30.2577 0.0000e+00
     16.000     23.339    10.2367    31.1869   89.89842    9.25463 3.7092e+00    30.2594 0.0000e+00
     17.000     24.840    10.2412    31.2429   90.03784    9.25404 2.9837e+00    30.2663 0.0000e+00
     18.000     26.458    10.2354    31.1127   90.71127    9.25420 2.5186e+00    30.2571 0.0000e+00
     19.000     27.940    10.2296    31.1919   90.54074    9.25623 2.1968e+00    30.2514 0.0000e+00
     20.000     29.273    10.2253    31.2056   89.72505    9.25712 1.9838e+00    30.2486 0.0000e+00
     21.000     30.656    10.2229    31.1998   89.08178    9.25781 1.8442e+00    30.2513 0.0000e+00
     22.000     32.152    10.2216    31.2460   89.17426    9.25800 1.7442e+00    30.2532 0.0000e+00
     23.000     33.711    10.2200    31.3335   89.89536    9.25841 1.6764e+00    30.2528 0.0000e+00
     24.000     35.234    10.2214    31.3283   90.43052    9.25860 1.6356e+00    30.2510 0.0000e+00
     25.000     36.682    10.2212    31.3340   90.38502    9.25860 1.6091e+00    30.2459 0.0000e+00
     26.000     38.063    10.2210    31.5131   90.17994    9.25881 1.5913e+00    30.2449 0.0000e+00
     27.000     39.454    10.2216    31.8055   89.76435    9.25881 1.5781e+00    30.2439 0.0000e+00
     28.000     40.882    10.2210    31.7615   89.10733    9.25877 1.5691e+00    30.2441 0.0000e+00
     29.000     42.395    10.2224    31.4199   88.87398    9.25866 1.5638e+00    30.2462 0.0000e+00
     30.000     43.988    10.2262    31.5427   89.97796    9.25802 1.5598e+00    30.2456 0.0000e+00
     31.000     45.506    10.2220    31.4546   90.72220    9.25856 1.5581e+00    30.2387 0.0000e+00
     32.000     46.879    10.2231    31.3177   90.04064    9.25899 1.5562e+00    30.2387 0.0000e+00
     33.000     48.223    10.2251    31.4603   89.18706    9.25865 1.5557e+00    30.2382 0.0000e+00
     34.000     49.658    10.2270    31.4879   88.80029    9.25817 1.5545e+00    30.2390 0.0000e+00
     35.000     51.240    10.2170    31.3245   89.38638    9.25866 1.5542e+00    30.2366 0.0000e+00
     36.000     52.810    10.1987    31.3828   90.28951    9.26195 1.5536e+00    30.2375 0.0000e+00
     37.000     54.263    10.1872    31.4245   90.47975    9.26478 1.5533e+00    30.2407 0.0000e+00
     38.000     55.666    10.1758    31.4583   90.10700    9.26685 1.5533e+00    30.2372 0.0000e+00
     39.000     57.049    10.1679    31.4955   89.19535    9.26882 1.5532e+00    30.2420 0.0000e+00
     40.000     58.440    10.1644    31.4691   88.12043    9.26980 1.5529e+00    30.2476 0.0000e+00
     41.000     59.935    10.1626    31.4448   87.96403    9.26995 1.5534e+00    30.2532 0.0000e+00
     42.000     61.534    10.1573    31.4638   89.65580    9.27017 1.5533e+00    30.2587 0.0000e+00
     43.000     63.127    10.1469    31.4431   90.73205    9.27171 1.5529e+00    30.2633 0.0000e+00
     44.000     64.507    10.1389    31.4305   89.98901    9.27316 1.5530e+00    30.2660 0.0000e+00
     45.000     65.788    10.1348    31.5720   88.74655    9.27425 1.5525e+00    30.2711 0.0000e+00
     46.000     67.195    10.1312    31.5630   88.17517    9.27469 1.5526e+00    30.2770 0.0000e+00
     47.000     68.725    10.1273    31.5765   88.24325    9.27509 1.5527e+00    30.2837 0.0000e+00
     48.000     70.329    10.1197    31.5521   89.53255    9.27560 1.5529e+00    30.2916 0.0000e+00
     49.000     71.893    10.0989    31.5728   90.58619    9.27713 1.5532e+00    30.3135 0.0000e+00
     50.000     73.264    10.0829    31.6140   89.98284    9.27966 1.5526e+00    30.3335 0.0000e+00
     51.000     74.583    10.0601    31.6120   88.87758    9.28138 1.5526e+00    30.3565 0.0000e+00
     52.000     76.020    10.0222    31.6284   87.66245    9.28516 1.5527e+00    30.4135 0.0000e+00
     53.000     77.554     9.9951    31.7786   87.26395    9.28956 1.5526e+00    30.4590 0.0000e+00
     54.000     79.105     9.9684    31.6735   89.28099    9.29259 1.5524e+00    30.4997 0.0000e+00
     55.000     80.691     9.9480    31.6990   90.95634    9.29553 1.5525e+00    30.5300 0.0000e+00
     56.000     82.088     9.9286    31.5246   90.38084    9.29754 1.5518e+00    30.5508 0.0000e+00
     57.000     83.364     9.9126    31.7683   88.71717    9.29990 1.5525e+00    30.5744 0.0000e+00
     58.000     84.732     9.9014    31.5513   88.06903    9.30169 1.5520e+00    30.5976 0.0000e+00
     59.000     86.372     9.8931    31.7149   89.73821    9.30264 1.5522e+00    30.6155 0.0000e+00
     60.000     87.887     9.8819    31.6668   89.88794    9.30406 1.5523e+00    30.6262 0.0000e+00
     61.000     89.171     9.8768    31.8085   89.47230    9.30528 1.5522e+00    30.6338 0.0000e+00
     62.000     90.330     9.8730    31.7197  -15.31714    9.30563 1.5526e+00    30.6392 0.0000e+00
     63.000     91.288     9.8836    31.5272 -9.990e-29    9.30401 1.4493e+00    30.6515 0.0000e+00
     62.000     90.762     9.8965    31.6371 -9.990e-29    9.30008 1.5880e+00    30.6512 0.0000e+00
     61.000     90.284     9.8729    31.6402 -9.990e-29    9.30307 1.5524e+00    30.6082 0.0000e+00
