CTD-processing/Workspace/ADFG-BobDeCino/2018/CTD/cast68.cnv
* Sea-Bird SBE19plus Data File:
* FileName = C:\Sea-Bird\Northern OTF Data 2013\SO_OTF_2018.hex
* Software Version 1.59
* Temperature SN =  5061
* Conductivity SN =  5061
* System UpLoad Time = Feb 14 2019 17:05:28
* ds
* SeacatPlus V 1.6a  SERIAL NO. 5061    14 Feb 2019  18:16:49
# nquan = 9
# nvalues = 110                         
# units = specified
# name 0 = depSM: Depth [salt water, m], lat = 59.00
# name 1 = prdE: Pressure, Strain Gauge [psi]
# name 2 = tv290C: Temperature [ITS-90, deg C]
# name 3 = flECO-AFL: Fluorescence, WET Labs ECO-AFL/FL [mg/m^3]
# name 4 = sbeox0PS: Oxygen, SBE 43 [% saturation]
# name 5 = oxsolMg/L: Oxygen Saturation, Garcia & Gordon [mg/l]
# name 6 = par: PAR/Irradiance, Biospherical/Licor
# name 7 = sal00: Salinity, Practical [PSU]
# name 8 = flag: flag
# span 0 =      1.000,     66.000       
# span 1 =      1.904,     94.564       
# span 2 =     9.4510,     9.5261       
# span 3 =    28.3830,    36.1279       
# span 4 =   83.09570,   95.52550       
# span 5 =    9.34648,    9.37010       
# span 6 = 1.3484e+00, 2.8055e+02       
# span 7 =    30.8899,    31.1565       
# span 8 = 0.0000e+00, 0.0000e+00       
# interval = meters: 1                  
# start_time = Jul 01 2018 11:51:14 [Instrument's time stamp, header]
# bad_flag = -9.990e-29
*END*
      1.000      1.904     9.4973    36.1279   92.70458    9.34865 2.8055e+02    30.8899 0.0000e+00
      2.000      3.483     9.4697    33.0797   95.30931    9.36641 1.3183e+02    31.0028 0.0000e+00
      3.000      4.870     9.4677    28.3830   95.52550    9.36735 1.1562e+02    31.0037 0.0000e+00
      4.000      6.043     9.4654    30.2109   95.12807    9.36786 1.0535e+02    30.9995 0.0000e+00
      5.000      7.432     9.4618    31.3503   94.49594    9.36849 8.4612e+01    30.9987 0.0000e+00
      6.000      8.808     9.4582    31.6641   94.04407    9.36914 6.8656e+01    31.0000 0.0000e+00
      7.000     10.236     9.4559    31.7264   93.70649    9.36973 5.5470e+01    31.0027 0.0000e+00
      8.000     11.716     9.4510    32.0047   93.61927    9.36996 4.5421e+01    31.0065 0.0000e+00
      9.000     13.188     9.4539    32.0806   93.50793    9.37010 3.7484e+01    31.0198 0.0000e+00
     10.000     14.676     9.4632    32.2594   93.40630    9.36831 3.0562e+01    31.0344 0.0000e+00
     11.000     16.195     9.4764    32.5559   93.33108    9.36565 2.4545e+01    31.0468 0.0000e+00
     12.000     17.677     9.4890    32.8768   93.12759    9.36060 1.9832e+01    31.0855 0.0000e+00
     13.000     19.081     9.4969    32.6940   92.76770    9.35772 1.6375e+01    31.0948 0.0000e+00
     14.000     20.479     9.5019    32.6599   92.40364    9.35561 1.3439e+01    31.1028 0.0000e+00
     15.000     21.855     9.5032    32.6957   92.26632    9.35466 1.1039e+01    31.1008 0.0000e+00
     16.000     23.323     9.5009    32.7469   92.42913    9.35486 9.0851e+00    31.0936 0.0000e+00
     17.000     24.895     9.4990    32.7972   92.85113    9.35589 7.5790e+00    31.0863 0.0000e+00
     18.000     26.475     9.5012    32.8306   93.10563    9.35535 6.4115e+00    31.0979 0.0000e+00
     19.000     27.957     9.5026    33.6276   93.21019    9.35498 5.4796e+00    31.0985 0.0000e+00
     20.000     29.386     9.5043    33.6659   93.18217    9.35461 4.7096e+00    31.0995 0.0000e+00
     21.000     30.786     9.5051    32.5989   93.00626    9.35411 4.0725e+00    31.1026 0.0000e+00
     22.000     32.188     9.5052    32.5998   92.86894    9.35426 3.5610e+00    31.0975 0.0000e+00
     23.000     33.585     9.5049    32.8255   92.75797    9.35421 3.1455e+00    31.0977 0.0000e+00
     24.000     35.087     9.5050    32.8114   92.90541    9.35429 2.8191e+00    31.0973 0.0000e+00
     25.000     36.630     9.5062    32.8023   93.01091    9.35395 2.5694e+00    31.1021 0.0000e+00
     26.000     38.106     9.5072    32.7685   92.99806    9.35357 2.3812e+00    31.1045 0.0000e+00
     27.000     39.542     9.5087    32.7356   92.96797    9.35303 2.2175e+00    31.1104 0.0000e+00
     28.000     40.969     9.5110    32.7394   92.94968    9.35213 2.0769e+00    31.1201 0.0000e+00
     29.000     42.455     9.5138    32.9713   92.92580    9.35069 1.9754e+00    31.1356 0.0000e+00
     30.000     43.926     9.5152    32.9885   92.89327    9.34993 1.8916e+00    31.1385 0.0000e+00
     31.000     45.367     9.5153    32.9116   92.71423    9.34970 1.8256e+00    31.1382 0.0000e+00
     32.000     46.842     9.5151    32.9019   92.38391    9.35003 1.7650e+00    31.1327 0.0000e+00
     33.000     48.276     9.5157    33.1211   92.15347    9.34968 1.7264e+00    31.1385 0.0000e+00
     34.000     49.685     9.5156    33.2494   92.23141    9.34971 1.6931e+00    31.1363 0.0000e+00
     35.000     51.184     9.5151    33.3921   92.49321    9.34989 1.6714e+00    31.1337 0.0000e+00
     36.000     52.764     9.5145    33.4677   92.79419    9.35023 1.6480e+00    31.1301 0.0000e+00
     37.000     54.257     9.5146    33.5355   92.73611    9.35027 1.6282e+00    31.1316 0.0000e+00
     38.000     55.674     9.5160    33.3146   92.63165    9.34992 1.6165e+00    31.1360 0.0000e+00
     39.000     57.095     9.5180    33.2836   92.58138    9.34895 1.6018e+00    31.1477 0.0000e+00
     40.000     58.532     9.5191    33.2065   92.65790    9.34846 1.5935e+00    31.1487 0.0000e+00
     41.000     60.030     9.5194    33.2079   92.77070    9.34820 1.6051e+00    31.1495 0.0000e+00
     42.000     61.549     9.5195    33.3629   92.66422    9.34827 1.5901e+00    31.1475 0.0000e+00
     43.000     62.964     9.5201    33.4976   92.47825    9.34803 1.5751e+00    31.1512 0.0000e+00
     44.000     64.320     9.5204    33.6218   92.23287    9.34786 1.5711e+00    31.1519 0.0000e+00
     45.000     65.689     9.5203    33.7257   92.20515    9.34785 1.5744e+00    31.1514 0.0000e+00
     46.000     67.229     9.5203    33.0143   92.34197    9.34792 1.5731e+00    31.1507 0.0000e+00
     47.000     68.893     9.5205    33.1269   92.58572    9.34788 1.5831e+00    31.1510 0.0000e+00
     48.000     70.423     9.5210    33.3944   92.68905    9.34775 1.5646e+00    31.1526 0.0000e+00
     49.000     71.834     9.5215    33.4293   92.54782    9.34749 1.5622e+00    31.1548 0.0000e+00
     50.000     73.216     9.5215    33.4710   92.37152    9.34744 1.5601e+00    31.1543 0.0000e+00
     51.000     74.597     9.5217    33.3124   92.18995    9.34742 1.5597e+00    31.1546 0.0000e+00
     52.000     76.061     9.5219    33.2077   92.19470    9.34731 1.5600e+00    31.1554 0.0000e+00
     53.000     77.544     9.5211    33.2437   92.31798    9.34738 1.5570e+00    31.1536 0.0000e+00
     54.000     79.032     9.5211    33.2478   92.50592    9.34765 1.5572e+00    31.1521 0.0000e+00
     55.000     80.532     9.5214    33.1058   92.63950    9.34749 1.5625e+00    31.1548 0.0000e+00
     56.000     81.990     9.5220    33.1222   92.66540    9.34728 1.5598e+00    31.1565 0.0000e+00
     57.000     83.447     9.5227    33.1727   92.69781    9.34722 1.5588e+00    31.1561 0.0000e+00
     58.000     84.901     9.5231    33.1688   92.59254    9.34712 1.5629e+00    31.1552 0.0000e+00
     59.000     86.340     9.5232    33.1463   92.58098    9.34705 1.5589e+00    31.1552 0.0000e+00
     60.000     87.798     9.5233    33.6615   92.61148    9.34703 1.5593e+00    31.1550 0.0000e+00
     61.000     89.266     9.5236    33.4954   92.64586    9.34700 1.5550e+00    31.1549 0.0000e+00
     62.000     90.648     9.5235    33.1228   92.60352    9.34700 1.5579e+00    31.1544 0.0000e+00
     63.000     91.876     9.5235    33.0318   92.41217    9.34703 1.5684e+00    31.1540 0.0000e+00
     64.000     93.080     9.5236    32.9957   91.89132    9.34704 1.5585e+00    31.1543 0.0000e+00
     65.000     94.080     9.5240    32.9590   91.54967    9.34697 1.5527e+00    31.1549 0.0000e+00
     66.000     94.564     9.5257    33.1309   90.83458    9.34668 2.1085e+00    31.1555 0.0000e+00
     65.000     93.953     9.5257    33.1853   89.67695    9.34655 1.7894e+00    31.1550 0.0000e+00
     64.000     93.021     9.5257    33.3935   88.38326    9.34655 1.8230e+00    31.1540 0.0000e+00
     63.000     91.415     9.5261    33.5179   87.84419    9.34651 1.3484e+00    31.1556 0.0000e+00
     62.000     90.053     9.5260    33.3863   88.79746    9.34648 1.5211e+00    31.1544 0.0000e+00
     61.000     88.709     9.5256    33.3685   89.91598    9.34653 1.5761e+00    31.1538 0.0000e+00
     60.000     87.354     9.5252    33.2232   90.89924    9.34658 1.6230e+00    31.1539 0.0000e+00
     59.000     85.952     9.5247    33.2167   91.66654    9.34666 1.5610e+00    31.1541 0.0000e+00
     58.000     84.549     9.5246    33.2078   92.17549    9.34676 1.5656e+00    31.1543 0.0000e+00
     57.000     83.197     9.5246    32.9154   92.32047    9.34678 1.4774e+00    31.1543 0.0000e+00
     56.000     81.906     9.5243    32.9661   92.31752    9.34684 1.5638e+00    31.1536 0.0000e+00
     55.000     80.573     9.5243    32.9632   92.19620    9.34689 1.6140e+00    31.1537 0.0000e+00
     54.000     79.178     9.5241    33.4683   92.05715    9.34689 1.5799e+00    31.1536 0.0000e+00
     53.000     77.700     9.5238    33.5019   91.98132    9.34690 1.5582e+00    31.1540 0.0000e+00
     52.000     76.119     9.5233    33.5142   92.08317    9.34694 1.5734e+00    31.1541 0.0000e+00
     51.000     74.475     9.5229    33.0140   92.32788    9.34708 1.5382e+00    31.1534 0.0000e+00
     50.000     72.903     9.5224    33.0694   92.54293    9.34727 1.5233e+00    31.1523 0.0000e+00
     49.000     71.425     9.5219    33.0055   92.63627    9.34738 1.5661e+00    31.1515 0.0000e+00
     48.000     70.004     9.5218    33.6969   92.46601    9.34748 1.5382e+00    31.1512 0.0000e+00
     47.000     68.632     9.5218    33.7026   92.23039    9.34756 1.5646e+00    31.1507 0.0000e+00
     46.000     67.300     9.5215    33.7125   91.98874    9.34766 1.5627e+00    31.1499 0.0000e+00
     45.000     66.008     9.5215    32.9757   91.76935    9.34767 1.5954e+00    31.1495 0.0000e+00
     44.000     64.674     9.5214    33.0839   91.59009    9.34769 1.5798e+00    31.1500 0.0000e+00
     43.000     63.323     9.5212    33.0714   91.55354    9.34771 1.5947e+00    31.1496 0.0000e+00
     42.000     61.905     9.5207    33.1707   91.56862    9.34790 1.5527e+00    31.1473 0.0000e+00
     41.000     60.438     9.5199    33.1676   91.63169    9.34818 1.5501e+00    31.1441 0.0000e+00
     40.000     58.945     9.5192    33.1365   91.38679    9.34851 1.5766e+00    31.1413 0.0000e+00
     39.000     57.481     9.5186    33.2504   90.91841    9.34875 1.5724e+00    31.1397 0.0000e+00
     38.000     56.128     9.5183    33.2469   90.20726    9.34881 1.6055e+00    31.1412 0.0000e+00
     37.000     54.952     9.5177    33.2618   89.36406    9.34897 2.0941e+00    31.1394 0.0000e+00
     36.000     53.481     9.5164    33.2895   88.26325    9.34947 1.4577e+00    31.1336 0.0000e+00
     35.000     51.828     9.5157    33.3639   87.22371    9.34977 1.6373e+00    31.1335 0.0000e+00
     34.000     50.232     9.5153    33.4063   86.07145    9.34994 1.6734e+00    31.1328 0.0000e+00
     33.000     48.487     9.5149    33.5450   84.13008    9.35013 1.7011e+00    31.1318 0.0000e+00
     32.000     46.672     9.5150    33.9150   83.09570    9.35004 1.7353e+00    31.1335 0.0000e+00
     31.000     45.249     9.5148    33.2532   85.28848    9.35011 1.7854e+00    31.1320 0.0000e+00
     30.000     43.960     9.5138    33.2767   87.09518    9.35050 1.8421e+00    31.1269 0.0000e+00
     29.000     42.645     9.5128    33.3769   87.50893    9.35103 1.9201e+00    31.1220 0.0000e+00
     28.000     41.110     9.5129    32.8391   87.26079    9.35104 2.0074e+00    31.1243 0.0000e+00
     27.000     39.491     9.5134    32.7735   88.13820    9.35082 2.1233e+00    31.1272 0.0000e+00
     26.000     38.002     9.5147    33.4153   89.41812    9.35035 2.2569e+00    31.1321 0.0000e+00
     25.000     36.666     9.5157    33.6314 -9.990e-29    9.34979 2.4346e+00    31.1372 0.0000e+00
     24.000     35.473     9.5160    33.1007 -9.990e-29    9.34943 2.6567e+00    31.1405 0.0000e+00
     23.000     34.433     9.5150    33.7579 -9.990e-29    9.34953 2.9355e+00    31.1384 0.0000e+00
     22.000     33.681     9.5107    34.0973 -9.990e-29    9.35096 3.2514e+00    31.1176 0.0000e+00
