CTD-processing/Workspace/ADFG-BobDeCino/2018/CTD/cast85.cnv
* Sea-Bird SBE19plus Data File:
* FileName = C:\Sea-Bird\Northern OTF Data 2013\SO_OTF_2018.hex
* Software Version 1.59
* Temperature SN =  5061
* Conductivity SN =  5061
* System UpLoad Time = Feb 14 2019 17:05:28
* ds
* SeacatPlus V 1.6a  SERIAL NO. 5061    14 Feb 2019  18:16:49
# nquan = 9
# nvalues = 72                          
# units = specified
# name 0 = depSM: Depth [salt water, m], lat = 59.00
# name 1 = prdE: Pressure, Strain Gauge [psi]
# name 2 = tv290C: Temperature [ITS-90, deg C]
# name 3 = flECO-AFL: Fluorescence, WET Labs ECO-AFL/FL [mg/m^3]
# name 4 = sbeox0PS: Oxygen, SBE 43 [% saturation]
# name 5 = oxsolMg/L: Oxygen Saturation, Garcia & Gordon [mg/l]
# name 6 = par: PAR/Irradiance, Biospherical/Licor
# name 7 = sal00: Salinity, Practical [PSU]
# name 8 = flag: flag
# span 0 =      1.000,     60.000       
# span 1 =      1.670,     86.722       
# span 2 =     9.5192,    10.1517       
# span 3 =    31.1663,    33.5727       
# span 4 =   79.39620,   91.78623       
# span 5 =    9.28370,    9.36211       
# span 6 = 1.5307e+00, 1.3946e+02       
# span 7 =    29.7562,    30.9408       
# span 8 = 0.0000e+00, 0.0000e+00       
# interval = meters: 1                  
# start_time = Jul 01 2018 11:51:14 [Instrument's time stamp, header]
# bad_flag = -9.990e-29
*END*
      1.000      1.670    10.1517    33.5727   87.63168    9.28370 1.3688e+02    29.7562 0.0000e+00
      2.000      2.911    10.1234    31.5209   89.03823    9.29423 5.9610e+01    29.9202 0.0000e+00
      3.000      4.341    10.0618    31.1663   87.42769    9.29857 4.6475e+01    29.9900 0.0000e+00
      4.000      5.958    10.0738    31.6600   86.89444    9.30146 1.3946e+02    30.0427 0.0000e+00
      5.000      7.986    10.0357    31.6860   90.95576    9.30110 7.7439e+00    30.0156 0.0000e+00
      6.000      9.088    10.0015    31.8120   91.35302    9.30973 1.6536e+01    30.0472 0.0000e+00
      7.000     10.444     9.9714    31.8000   91.71957    9.31431 1.2582e+01    30.0830 0.0000e+00
      8.000     11.822     9.9476    31.7936   91.78623    9.31854 9.7574e+00    30.1118 0.0000e+00
      9.000     13.173     9.9343    31.8072   91.35665    9.32113 7.5935e+00    30.1435 0.0000e+00
     10.000     14.540     9.9269    31.8068   90.19388    9.32271 5.8964e+00    30.1558 0.0000e+00
     11.000     15.924     9.9203    31.9770   89.00843    9.32335 4.5684e+00    30.1694 0.0000e+00
     12.000     17.405     9.9117    31.9377   89.05935    9.32398 3.6395e+00    30.1863 0.0000e+00
     13.000     19.088     9.9001    31.7881   90.46495    9.32485 3.0661e+00    30.2087 0.0000e+00
     14.000     20.713     9.8916    31.5895   91.35755    9.32600 2.6819e+00    30.2264 0.0000e+00
     15.000     22.102     9.8887    31.6556   91.45409    9.32679 2.4106e+00    30.2321 0.0000e+00
     16.000     23.448     9.8892    31.6736   91.28505    9.32695 2.1815e+00    30.2376 0.0000e+00
     17.000     24.858     9.8912    31.5968   90.39040    9.32648 1.9963e+00    30.2422 0.0000e+00
     18.000     26.289     9.8939    31.5973   89.59407    9.32556 1.8585e+00    30.2500 0.0000e+00
     19.000     27.730     9.8962    31.7309   89.65338    9.32455 1.7701e+00    30.2574 0.0000e+00
     20.000     29.255     9.8949    31.8124   90.51503    9.32352 1.7422e+00    30.2675 0.0000e+00
     21.000     30.860     9.8760    31.8516   91.38466    9.32272 1.6722e+00    30.2914 0.0000e+00
     22.000     32.334     9.8459    31.6959   91.67108    9.32593 1.6419e+00    30.3237 0.0000e+00
     23.000     33.724     9.8303    31.8272   91.60510    9.32985 1.6165e+00    30.3471 0.0000e+00
     24.000     35.149     9.8197    31.9712   91.27865    9.33149 1.5964e+00    30.3686 0.0000e+00
     25.000     36.569     9.8145    31.9614   90.81186    9.33239 1.5890e+00    30.3865 0.0000e+00
     26.000     38.016     9.8094    31.9137   90.27173    9.33287 1.5824e+00    30.3954 0.0000e+00
     27.000     39.432     9.8002    31.8398   90.12480    9.33312 1.5782e+00    30.4092 0.0000e+00
     28.000     40.888     9.7898    31.7797   90.47690    9.33353 1.5752e+00    30.4395 0.0000e+00
     29.000     42.447     9.7799    31.7658   91.21684    9.33400 1.5685e+00    30.4688 0.0000e+00
     30.000     44.021     9.7688    31.9886   91.73936    9.33433 1.5667e+00    30.4975 0.0000e+00
     31.000     45.506     9.7550    32.1661   91.76416    9.33490 1.5643e+00    30.5241 0.0000e+00
     32.000     46.879     9.7466    32.2846   91.21611    9.33647 1.5623e+00    30.5426 0.0000e+00
     33.000     48.258     9.7423    32.2241   90.48961    9.33749 1.5614e+00    30.5500 0.0000e+00
     34.000     49.664     9.7343    32.1508   90.35927    9.33767 1.5619e+00    30.5649 0.0000e+00
     35.000     51.182     9.7283    32.0146   90.96679    9.33842 1.5617e+00    30.5817 0.0000e+00
     36.000     52.795     9.7214    32.0596   91.65708    9.33872 1.5598e+00    30.5959 0.0000e+00
     37.000     54.267     9.7160    32.0858   91.59737    9.33949 1.5589e+00    30.6079 0.0000e+00
     38.000     55.645     9.7164    32.1275   91.11372    9.34027 1.5584e+00    30.6068 0.0000e+00
     39.000     57.049     9.7160    32.2846   90.79426    9.34015 1.5592e+00    30.6072 0.0000e+00
     40.000     58.462     9.7110    32.5373   90.82923    9.34010 1.5600e+00    30.6118 0.0000e+00
     41.000     59.974     9.7028    32.2704   91.08072    9.34055 1.5595e+00    30.6283 0.0000e+00
     42.000     61.534     9.6993    32.4455   91.31399    9.34159 1.5589e+00    30.6386 0.0000e+00
     43.000     62.976     9.6917    32.7045   91.04185    9.34179 1.5587e+00    30.6403 0.0000e+00
     44.000     64.359     9.6727    32.3980   90.54090    9.34303 1.5580e+00    30.6637 0.0000e+00
     45.000     65.799     9.6645    32.2526   90.35488    9.34530 1.5586e+00    30.6815 0.0000e+00
     46.000     67.327     9.6595    32.2054   90.78051    9.34622 1.5579e+00    30.6902 0.0000e+00
     47.000     68.884     9.6569    32.2863   91.30779    9.34689 1.5578e+00    30.6951 0.0000e+00
     48.000     70.339     9.6332    32.8829   91.44370    9.34654 1.5576e+00    30.7064 0.0000e+00
     49.000     71.737     9.5759    32.9692   91.15920    9.34893 1.5581e+00    30.7925 0.0000e+00
     50.000     73.123     9.5564    32.3346   90.58223    9.35666 1.5582e+00    30.8445 0.0000e+00
     51.000     74.562     9.5560    32.4524   90.45807    9.35837 1.5586e+00    30.8537 0.0000e+00
     52.000     76.103     9.5510    32.5213   91.06347    9.35816 1.5580e+00    30.8617 0.0000e+00
     53.000     77.630     9.5465    32.5668   91.49728    9.35895 1.5576e+00    30.8680 0.0000e+00
     54.000     79.067     9.5486    32.9950   91.32070    9.35960 1.5579e+00    30.8676 0.0000e+00
     55.000     80.498     9.5508    32.7314   91.22987    9.35915 1.5578e+00    30.8623 0.0000e+00
     56.000     81.953     9.5446    32.6774   91.19847    9.35902 1.5578e+00    30.8662 0.0000e+00
     57.000     83.315     9.5372    32.6782   90.42329    9.35985 1.5573e+00    30.8803 0.0000e+00
     58.000     84.516     9.5268    32.8736   88.39068    9.36043 1.5569e+00    30.8882 0.0000e+00
     59.000     85.641     9.5192    32.9147   84.66769    9.36211 1.5575e+00    30.9092 0.0000e+00
     60.000     86.722     9.5193    33.0153   79.39620    9.36174 1.5478e+00    30.9295 0.0000e+00
     59.000     85.763     9.5299    32.7523   82.13762    9.36090 1.5307e+00    30.9408 0.0000e+00
     58.000     84.638     9.5441    32.6026   85.21044    9.35610 1.5590e+00    30.9330 0.0000e+00
     57.000     83.524     9.5338    32.5016   87.50768    9.35864 1.5584e+00    30.9076 0.0000e+00
     56.000     82.083     9.5361    32.4807   87.59808    9.36051 1.5565e+00    30.8966 0.0000e+00
     55.000     80.503     9.5473    32.4833   87.84050    9.35954 1.5568e+00    30.8803 0.0000e+00
     54.000     78.948     9.5586    32.4780   88.67439    9.35821 1.5675e+00    30.8612 0.0000e+00
     53.000     77.578     9.5750    32.3404   88.51033    9.35745 1.5633e+00    30.8384 0.0000e+00
     52.000     76.280     9.5898    32.5083   87.87370    9.35550 1.5574e+00    30.8053 0.0000e+00
     51.000     74.879     9.5956    32.5089   85.55986    9.35428 1.5576e+00    30.7922 0.0000e+00
     50.000     73.003     9.5950    32.5003   84.99442    9.35387 1.5569e+00    30.7937 0.0000e+00
     49.000     71.780     9.5969    32.3904   88.54920    9.35408 1.5579e+00    30.7895 0.0000e+00
     48.000     70.742     9.6015    32.4507 -9.990e-29    9.35388 1.5565e+00    30.7820 0.0000e+00
