CTD-processing/Workspace/ADFG-BobDeCino/2018/CTD/cast52.cnv
* Sea-Bird SBE19plus Data File:
* FileName = C:\Sea-Bird\Northern OTF Data 2013\SO_OTF_2018.hex
* Software Version 1.59
* Temperature SN =  5061
* Conductivity SN =  5061
* System UpLoad Time = Feb 14 2019 17:05:28
* ds
* SeacatPlus V 1.6a  SERIAL NO. 5061    14 Feb 2019  18:16:49
# nquan = 9
# nvalues = 98                          
# units = specified
# name 0 = depSM: Depth [salt water, m], lat = 59.00
# name 1 = prdE: Pressure, Strain Gauge [psi]
# name 2 = tv290C: Temperature [ITS-90, deg C]
# name 3 = flECO-AFL: Fluorescence, WET Labs ECO-AFL/FL [mg/m^3]
# name 4 = sbeox0PS: Oxygen, SBE 43 [% saturation]
# name 5 = oxsolMg/L: Oxygen Saturation, Garcia & Gordon [mg/l]
# name 6 = par: PAR/Irradiance, Biospherical/Licor
# name 7 = sal00: Salinity, Practical [PSU]
# name 8 = flag: flag
# span 0 =      1.000,     73.000       
# span 1 =      1.970,    106.011       
# span 2 =     8.8830,     9.4601       
# span 3 =    30.0207,    33.9886       
# span 4 =   83.15291,   92.72595       
# span 5 =    9.37734,    9.48380       
# span 6 = 1.4880e+00, 5.0188e+02       
# span 7 =    30.4575,    31.1541       
# span 8 = 0.0000e+00, 0.0000e+00       
# interval = meters: 1                  
# start_time = Jul 01 2018 11:51:14 [Instrument's time stamp, header]
# bad_flag = -9.990e-29
*END*
      1.000      1.970     9.4601    32.0300   91.77583    9.37734 5.0188e+02    30.4575 0.0000e+00
      2.000      3.263     9.4193    30.0207   91.00863    9.40003 3.1259e+02    30.5835 0.0000e+00
      3.000      4.681     9.4159    31.8760   90.79310    9.40240 2.5034e+02    30.6010 0.0000e+00
      4.000      6.086     9.4212    32.1389   90.96730    9.40226 1.8611e+02    30.6063 0.0000e+00
      5.000      7.437     9.4203    32.3840   91.16436    9.40162 1.3825e+02    30.5985 0.0000e+00
      6.000      8.835     9.4151    32.6253   91.68825    9.40258 1.0611e+02    30.5920 0.0000e+00
      7.000     10.321     9.4101    32.7401   92.31921    9.40350 8.2685e+01    30.5925 0.0000e+00
      8.000     11.859     9.4046    32.6870   92.64622    9.40487 6.5296e+01    30.5883 0.0000e+00
      9.000     13.307     9.3960    32.7685   92.70745    9.40687 5.1785e+01    30.5735 0.0000e+00
     10.000     14.754     9.3908    32.8542   92.72595    9.40867 4.0415e+01    30.5731 0.0000e+00
     11.000     16.175     9.3839    32.9100   92.70291    9.41022 3.1713e+01    30.5639 0.0000e+00
     12.000     17.628     9.3783    32.9666   92.65032    9.41201 2.4927e+01    30.5590 0.0000e+00
     13.000     19.082     9.3763    32.9050   92.53568    9.41294 1.9751e+01    30.5622 0.0000e+00
     14.000     20.514     9.3761    32.8490   92.31891    9.41327 1.5867e+01    30.5630 0.0000e+00
     15.000     21.951     9.3763    33.0140   92.07611    9.41326 1.2791e+01    30.5637 0.0000e+00
     16.000     23.415     9.3732    33.1535   91.94272    9.41362 1.0270e+01    30.5572 0.0000e+00
     17.000     24.874     9.3719    33.1636   91.97803    9.41403 8.2630e+00    30.5614 0.0000e+00
     18.000     26.300     9.3668    33.1375   92.11028    9.41470 6.7292e+00    30.5547 0.0000e+00
     19.000     27.804     9.3656    33.2175   92.15907    9.41545 5.4858e+00    30.5588 0.0000e+00
     20.000     29.304     9.3656    33.2940   92.19531    9.41565 4.5319e+00    30.5606 0.0000e+00
     21.000     30.799     9.3664    33.1849   92.24930    9.41561 3.8102e+00    30.5611 0.0000e+00
     22.000     32.277     9.3676    32.9839   92.25344    9.41543 3.2848e+00    30.5610 0.0000e+00
     23.000     33.712     9.3678    33.0756   92.21878    9.41535 2.8911e+00    30.5586 0.0000e+00
     24.000     35.110     9.3676    33.1626   92.17115    9.41532 2.5995e+00    30.5585 0.0000e+00
     25.000     36.564     9.3679    33.1472   92.15651    9.41538 2.3658e+00    30.5580 0.0000e+00
     26.000     38.072     9.3694    33.1133   92.15180    9.41505 2.1813e+00    30.5625 0.0000e+00
     27.000     39.573     9.3714    33.1423   92.15669    9.41501 2.0396e+00    30.5577 0.0000e+00
     28.000     41.013     9.3735    33.1486   92.08285    9.41428 1.9307e+00    30.5631 0.0000e+00
     29.000     42.416     9.3736    33.2185   92.04383    9.41402 1.8471e+00    30.5602 0.0000e+00
     30.000     43.855     9.3732    33.3089   91.94077    9.41407 1.7765e+00    30.5592 0.0000e+00
     31.000     45.294     9.3756    33.3116   91.85055    9.41385 1.7238e+00    30.5641 0.0000e+00
     32.000     46.789     9.3751    33.0653   91.77514    9.41340 1.6802e+00    30.5625 0.0000e+00
     33.000     48.337     9.3680    33.1084   91.85770    9.41434 1.6507e+00    30.5535 0.0000e+00
     34.000     49.852     9.3574    33.1025   91.95327    9.41587 1.6281e+00    30.5521 0.0000e+00
     35.000     51.290     9.3502    33.0841   92.05885    9.41789 1.6110e+00    30.5527 0.0000e+00
     36.000     52.727     9.3473    33.0851   92.04267    9.41892 1.5986e+00    30.5603 0.0000e+00
     37.000     54.208     9.3407    33.0703   92.00954    9.41994 1.5886e+00    30.5532 0.0000e+00
     38.000     55.678     9.3387    33.0447   91.94547    9.42114 1.5813e+00    30.5567 0.0000e+00
     39.000     57.138     9.3373    32.9909   91.92709    9.42144 1.5763e+00    30.5578 0.0000e+00
     40.000     58.598     9.3323    32.9684   91.86527    9.42169 1.5723e+00    30.5584 0.0000e+00
     41.000     60.035     9.3239    33.1072   91.78114    9.42258 1.5686e+00    30.5609 0.0000e+00
     42.000     61.478     9.3210    33.2067   91.66724    9.42396 1.5650e+00    30.5672 0.0000e+00
     43.000     62.905     9.3144    33.1080   91.48423    9.42437 1.5643e+00    30.5701 0.0000e+00
     44.000     64.337     9.3059    33.0195   91.48534    9.42523 1.5619e+00    30.5794 0.0000e+00
     45.000     65.766     9.3103    33.0360   91.38271    9.42681 1.5620e+00    30.5827 0.0000e+00
     46.000     67.271     9.2933    33.5896   91.31487    9.42644 1.5613e+00    30.5811 0.0000e+00
     47.000     68.794     9.2677    33.4444   91.22946    9.42933 1.5598e+00    30.5968 0.0000e+00
     48.000     70.308     9.2519    33.3001   91.27544    9.43339 1.5599e+00    30.6158 0.0000e+00
     49.000     71.791     9.2289    33.1805   91.33140    9.43497 1.5589e+00    30.6385 0.0000e+00
     50.000     73.255     9.2062    33.0849   91.20773    9.43779 1.5592e+00    30.6726 0.0000e+00
     51.000     74.664     9.1650    33.1529   91.10548    9.44064 1.5580e+00    30.7117 0.0000e+00
     52.000     76.091     9.1308    33.1915   91.08242    9.44628 1.5584e+00    30.7570 0.0000e+00
     53.000     77.551     9.0878    33.1486   91.14556    9.45081 1.5581e+00    30.8017 0.0000e+00
     54.000     79.038     9.0479    33.1264   91.31581    9.45683 1.5588e+00    30.8577 0.0000e+00
     55.000     80.519     9.0127    33.2302   91.40283    9.46204 1.5589e+00    30.9074 0.0000e+00
     56.000     81.995     9.0020    33.2068   91.46157    9.46678 1.5581e+00    30.9358 0.0000e+00
     57.000     83.458     8.9935    33.2262   91.52183    9.46835 1.5581e+00    30.9490 0.0000e+00
     58.000     84.959     8.9832    33.2122   91.60260    9.46949 1.5577e+00    30.9627 0.0000e+00
     59.000     86.462     8.9670    33.1041   91.64803    9.47066 1.5587e+00    30.9795 0.0000e+00
     60.000     87.863     8.9548    33.1105   91.66847    9.47279 1.5579e+00    30.9985 0.0000e+00
     61.000     89.245     8.9510    33.3125   91.62788    9.47442 1.5574e+00    31.0077 0.0000e+00
     62.000     90.607     8.9475    33.3026   91.32568    9.47511 1.5576e+00    31.0136 0.0000e+00
     63.000     91.901     8.9438    33.3121   90.31006    9.47558 1.5580e+00    31.0182 0.0000e+00
     64.000     93.119     8.9413    33.6216   88.41495    9.47612 1.5579e+00    31.0223 0.0000e+00
     65.000     94.153     8.9413    33.9886   86.09847    9.47659 1.5066e+00    31.0230 0.0000e+00
     66.000     96.920     8.9529    33.2043   84.63209    9.47301 1.5844e+00    31.0426 0.0000e+00
     67.000     98.453     8.9404    33.0176   90.73287    9.47575 1.5576e+00    31.0322 0.0000e+00
     68.000     99.812     8.9358    33.1989   90.98906    9.47633 1.5578e+00    31.0327 0.0000e+00
     69.000    101.128     8.9202    33.2043   91.03654    9.47726 1.5572e+00    31.0497 0.0000e+00
     70.000    102.454     8.9086    33.1778   90.83833    9.47922 1.5572e+00    31.0661 0.0000e+00
     71.000    103.764     8.9000    33.1884   90.10178    9.48076 1.5570e+00    31.0806 0.0000e+00
     72.000    104.971     8.8879    33.2960   87.75700    9.48158 1.5576e+00    31.0949 0.0000e+00
     73.000    106.011     8.8837    33.4359   83.15291    9.48291 1.5432e+00    31.1541 0.0000e+00
     72.000    104.485     8.9153    33.4700   85.89934    9.47680 1.5651e+00    31.1363 0.0000e+00
     71.000    103.236     8.9070    33.4467   89.05558    9.47486 1.5644e+00    31.1429 0.0000e+00
     70.000    101.985     8.8830    33.3676   90.83497    9.47784 1.5639e+00    31.1194 0.0000e+00
     69.000    100.726     8.8830    33.3092   91.62103    9.48259 1.5697e+00    31.1153 0.0000e+00
     68.000     99.403     8.8890    33.2492   91.90436    9.48380 1.5683e+00    31.1051 0.0000e+00
     67.000     98.039     8.8967    33.1903   91.99237    9.48365 1.5719e+00    31.0926 0.0000e+00
     66.000     96.617     8.9055    33.1882   91.87189    9.48283 1.6435e+00    31.0785 0.0000e+00
     65.000     95.141     8.9159    33.4229   91.63722    9.48214 1.5890e+00    31.0581 0.0000e+00
     64.000     93.678     8.9260    33.6155   91.30405    9.48056 1.5572e+00    31.0489 0.0000e+00
     63.000     92.238     8.9333    33.4574   91.03382    9.47931 1.5937e+00    31.0350 0.0000e+00
     62.000     90.759     8.9385    33.3077   90.85683    9.47825 1.5557e+00    31.0253 0.0000e+00
     61.000     89.265     8.9416    33.2782   90.81915    9.47741 1.5453e+00    31.0190 0.0000e+00
     60.000     87.804     8.9440    33.5198   90.99436    9.47699 1.5930e+00    31.0156 0.0000e+00
     59.000     86.293     8.9459    33.4646   91.22836    9.47669 1.5738e+00    31.0124 0.0000e+00
     58.000     84.829     8.9491    33.2297   91.38141    9.47646 1.5370e+00    31.0098 0.0000e+00
     57.000     83.411     8.9531    33.2284   91.35932    9.47625 1.5451e+00    31.0046 0.0000e+00
     56.000     82.024     8.9577    33.3236   91.30990    9.47570 1.5579e+00    30.9991 0.0000e+00
     55.000     80.654     8.9658    33.3727   91.15661    9.47531 1.5592e+00    30.9907 0.0000e+00
     54.000     79.278     8.9753    33.3878   91.16973    9.47458 1.5600e+00    30.9786 0.0000e+00
     53.000     77.915     8.9875    33.1495   91.29662    9.47337 1.4880e+00    30.9644 0.0000e+00
     52.000     76.581     9.0113    33.1951 -9.990e-29    9.47222 1.6368e+00    30.9415 0.0000e+00
     51.000     75.277     9.0446    33.1028 -9.990e-29    9.46959 1.5647e+00    30.9040 0.0000e+00
     50.000     74.072     9.0957    33.1002 -9.990e-29    9.46560 1.5541e+00    30.8548 0.0000e+00
     49.000     73.031     9.1616    33.0751 -9.990e-29    9.45924 1.5437e+00    30.7825 0.0000e+00
     48.000     72.205     9.2382    33.0283 -9.990e-29    9.44945 1.5570e+00    30.7087 0.0000e+00
