CTD-processing/Workspace/ADFG-BobDeCino/2018/CTD/cast61.cnv
* Sea-Bird SBE19plus Data File:
* FileName = C:\Sea-Bird\Northern OTF Data 2013\SO_OTF_2018.hex
* Software Version 1.59
* Temperature SN =  5061
* Conductivity SN =  5061
* System UpLoad Time = Feb 14 2019 17:05:28
* ds
* SeacatPlus V 1.6a  SERIAL NO. 5061    14 Feb 2019  18:16:49
# nquan = 9
# nvalues = 93                          
# units = specified
# name 0 = depSM: Depth [salt water, m], lat = 59.00
# name 1 = prdE: Pressure, Strain Gauge [psi]
# name 2 = tv290C: Temperature [ITS-90, deg C]
# name 3 = flECO-AFL: Fluorescence, WET Labs ECO-AFL/FL [mg/m^3]
# name 4 = sbeox0PS: Oxygen, SBE 43 [% saturation]
# name 5 = oxsolMg/L: Oxygen Saturation, Garcia & Gordon [mg/l]
# name 6 = par: PAR/Irradiance, Biospherical/Licor
# name 7 = sal00: Salinity, Practical [PSU]
# name 8 = flag: flag
# span 0 =      1.000,     51.000       
# span 1 =      1.571,     72.873       
# span 2 =     9.2115,     9.9240       
# span 3 =    29.4394,    33.1600       
# span 4 =   85.01425,   91.93499       
# span 5 =    9.35917,    9.44369       
# span 6 = 9.5178e-01, 1.1801e+03       
# span 7 =    29.5381,    30.6767       
# span 8 = 0.0000e+00, 0.0000e+00       
# interval = meters: 1                  
# start_time = Jul 01 2018 11:51:14 [Instrument's time stamp, header]
# bad_flag = -9.990e-29
*END*
      1.000      1.571     9.9240    32.3598   85.01425    9.35917 1.1801e+03    29.5381 0.0000e+00
      2.000      3.145     9.9189    29.4394   85.71889    9.36075 4.6363e+02    29.5680 0.0000e+00
      3.000      4.704     9.9129    31.7687   87.88982    9.36199 2.5762e+02    29.5512 0.0000e+00
      4.000      6.028     9.9068    31.8010   87.56125    9.36385 1.2687e+02    29.5505 0.0000e+00
      5.000      7.512     9.9085    31.9809   89.01985    9.36379 7.4931e+01    29.5575 0.0000e+00
      6.000      8.989     9.8878    32.0774   90.76639    9.36455 5.0631e+01    29.5536 0.0000e+00
      7.000     10.386     9.8672    32.0960   91.26757    9.36890 2.7215e+01    29.5612 0.0000e+00
      8.000     11.724     9.8516    32.1706   90.78149    9.37171 1.4205e+01    29.5726 0.0000e+00
      9.000     13.083     9.8400    32.1889   90.36898    9.37430 7.9389e+00    29.5826 0.0000e+00
     10.000     14.541     9.8230    32.2633   90.37802    9.37661 5.1617e+00    29.5903 0.0000e+00
     11.000     16.101     9.8128    32.3193   90.50834    9.37935 3.6210e+00    29.6031 0.0000e+00
     12.000     17.565     9.8040    32.3920   90.24511    9.38065 2.6583e+00    29.6079 0.0000e+00
     13.000     19.017     9.7865    32.6655   90.30789    9.38221 2.0738e+00    29.6177 0.0000e+00
     14.000     20.547     9.7635    32.6268   91.00834    9.38529 1.8027e+00    29.6398 0.0000e+00
     15.000     22.151     9.7543    32.6007   91.71133    9.38844 1.6975e+00    29.6573 0.0000e+00
     16.000     23.632     9.7390    32.4872   91.85170    9.38946 1.6424e+00    29.6657 0.0000e+00
     17.000     25.022     9.7230    32.6396   91.63642    9.39156 1.6026e+00    29.6830 0.0000e+00
     18.000     26.397     9.7138    32.8274   91.26349    9.39384 1.5768e+00    29.6970 0.0000e+00
     19.000     27.810     9.7073    32.5908   90.83323    9.39507 1.5398e+00    29.7065 0.0000e+00
     20.000     29.195     9.7058    32.4206   90.76172    9.39593 1.5050e+00    29.7108 0.0000e+00
     21.000     30.624     9.7060    32.5499   90.93269    9.39617 1.5552e+00    29.7122 0.0000e+00
     22.000     32.149     9.7062    32.5432   91.28973    9.39612 1.5629e+00    29.7126 0.0000e+00
     23.000     33.738     9.7066    32.7799   91.55120    9.39608 1.5646e+00    29.7123 0.0000e+00
     24.000     35.232     9.7053    32.6931   91.54514    9.39604 1.5611e+00    29.7129 0.0000e+00
     25.000     36.693     9.7040    32.5224   91.50180    9.39626 1.5584e+00    29.7129 0.0000e+00
     26.000     38.160     9.6950    32.5295   91.37183    9.39595 1.5584e+00    29.7231 0.0000e+00
     27.000     39.555     9.6795    32.5293   91.07955    9.39661 1.5569e+00    29.7482 0.0000e+00
     28.000     40.967     9.6549    32.6446   90.91226    9.39726 1.5571e+00    29.7916 0.0000e+00
     29.000     42.346     9.6296    32.6728   90.88574    9.39916 1.5577e+00    29.8442 0.0000e+00
     30.000     43.742     9.5851    32.8662   90.79134    9.40074 1.5593e+00    29.9093 0.0000e+00
     31.000     45.192     9.5324    32.7478   90.37220    9.40570 1.5573e+00    30.0054 0.0000e+00
     32.000     46.657     9.4931    32.5596   90.04046    9.41232 1.5576e+00    30.0762 0.0000e+00
     33.000     48.254     9.4620    32.6763   90.44194    9.41736 1.5589e+00    30.1353 0.0000e+00
     34.000     49.947     9.4144    32.7271   91.27382    9.42045 1.5611e+00    30.1909 0.0000e+00
     35.000     51.508     9.3421    32.7806   91.73617    9.42437 1.5607e+00    30.3173 0.0000e+00
     36.000     52.838     9.3219    32.9243   91.62494    9.43175 1.5564e+00    30.3797 0.0000e+00
     37.000     54.187     9.3081    32.9821   91.44767    9.43376 1.5561e+00    30.4162 0.0000e+00
     38.000     55.531     9.2882    32.6562   91.39409    9.43385 1.5571e+00    30.4640 0.0000e+00
     39.000     56.981     9.2726    32.8586   91.40558    9.43572 1.5573e+00    30.5094 0.0000e+00
     40.000     58.461     9.2617    33.1600   91.09577    9.43720 1.5570e+00    30.5315 0.0000e+00
     41.000     59.869     9.2501    32.8824   90.13591    9.43828 1.5567e+00    30.5561 0.0000e+00
     42.000     61.233     9.2429    32.9123   89.27183    9.43953 1.5580e+00    30.5718 0.0000e+00
     43.000     62.821     9.2296    33.0471   89.84979    9.44004 1.5574e+00    30.5996 0.0000e+00
     44.000     64.623     9.2200    32.9516   91.33559    9.44179 1.5592e+00    30.6217 0.0000e+00
     45.000     66.069     9.2190    32.6452   91.68429    9.44269 1.5550e+00    30.6190 0.0000e+00
     46.000     67.380     9.2172    32.5864   91.48427    9.44283 1.5571e+00    30.6191 0.0000e+00
     47.000     68.743     9.2170    32.7872   91.34006    9.44311 1.5572e+00    30.6216 0.0000e+00
     48.000     70.054     9.2172    32.9338   90.80793    9.44311 1.5587e+00    30.6194 0.0000e+00
     49.000     71.229     9.2137    33.0150   88.92086    9.44326 1.5576e+00    30.6206 0.0000e+00
     50.000     72.202     9.2115    33.1058   86.12827    9.44369 1.5247e+00    30.6241 0.0000e+00
     51.000     72.873     9.2334    31.5233   87.85394    9.44025 9.5178e-01    30.6767 0.0000e+00
     50.000     72.016     9.2270    32.3780   88.52260    9.44122 1.4517e+00    30.6397 0.0000e+00
     49.000     70.937     9.2224    32.4303   90.29797    9.44066 1.5426e+00    30.6250 0.0000e+00
     48.000     69.608     9.2176    32.4627   91.25629    9.44201 1.5609e+00    30.6229 0.0000e+00
     47.000     68.352     9.2155    32.4344   91.62118    9.44277 1.5554e+00    30.6232 0.0000e+00
     46.000     67.006     9.2153    32.4483   91.79539    9.44326 1.5567e+00    30.6225 0.0000e+00
     45.000     65.611     9.2168    32.4344   91.93499    9.44335 1.5584e+00    30.6223 0.0000e+00
     44.000     64.225     9.2186    32.4289   91.91481    9.44326 1.5685e+00    30.6197 0.0000e+00
     43.000     62.847     9.2199    32.4201   91.75527    9.44308 1.5788e+00    30.6165 0.0000e+00
     42.000     61.447     9.2225    32.6757   91.64284    9.44303 1.5704e+00    30.6126 0.0000e+00
     41.000     59.970     9.2264    32.6968   91.56987    9.44288 1.5640e+00    30.6063 0.0000e+00
     40.000     58.462     9.2317    32.6303   91.52612    9.44274 1.5483e+00    30.5962 0.0000e+00
     39.000     56.956     9.2376    32.6150   91.49731    9.44238 1.5530e+00    30.5846 0.0000e+00
     38.000     55.566     9.2444    32.6290   91.43913    9.44188 1.5570e+00    30.5740 0.0000e+00
     37.000     54.207     9.2551    32.5943   91.24489    9.44183 1.5470e+00    30.5555 0.0000e+00
     36.000     52.869     9.2727    32.6106   91.22641    9.44201 1.5604e+00    30.5196 0.0000e+00
     35.000     51.469     9.2920    32.7192   91.17290    9.44157 1.5617e+00    30.4663 0.0000e+00
     34.000     50.002     9.3085    32.7676   91.10254    9.44013 1.5513e+00    30.4177 0.0000e+00
     33.000     48.449     9.3313    32.7476   90.99608    9.43875 1.5545e+00    30.3769 0.0000e+00
     32.000     46.906     9.3782    32.5551   90.78404    9.43848 1.5536e+00    30.3055 0.0000e+00
     31.000     45.468     9.4288    32.5802   90.45738    9.43435 1.5607e+00    30.2203 0.0000e+00
     30.000     44.105     9.4670    32.5281   89.75434    9.42840 1.5529e+00    30.1533 0.0000e+00
     29.000     42.747     9.5077    32.5373   88.81587    9.42386 1.5569e+00    30.0900 0.0000e+00
     28.000     41.321     9.5552    32.4726   88.14789    9.41935 1.5592e+00    30.0105 0.0000e+00
     27.000     39.712     9.5992    32.4696   88.49316    9.41330 1.5545e+00    29.9192 0.0000e+00
     26.000     37.959     9.6297    32.5101   89.70825    9.40798 1.5562e+00    29.8467 0.0000e+00
     25.000     36.325     9.6520    32.5255   90.69355    9.40568 1.5497e+00    29.8004 0.0000e+00
     24.000     34.948     9.6705    32.5473   90.86968    9.40379 1.5573e+00    29.7712 0.0000e+00
     23.000     33.687     9.6839    32.5227   90.35685    9.40194 1.5567e+00    29.7458 0.0000e+00
     22.000     32.460     9.6933    32.4990   89.42790    9.40023 1.5636e+00    29.7277 0.0000e+00
     21.000     31.235     9.6996    32.5174   88.28021    9.39881 1.5630e+00    29.7153 0.0000e+00
     20.000     29.860     9.7035    32.5236   86.96566    9.39766 1.5795e+00    29.7067 0.0000e+00
     19.000     28.087     9.7040    32.5544   86.13316    9.39754 1.5396e+00    29.6954 0.0000e+00
     18.000     26.393     9.7039    32.5894   86.79020    9.39791 1.5514e+00    29.6906 0.0000e+00
     17.000     24.981     9.7073    32.5966   87.46976    9.39787 1.5921e+00    29.6900 0.0000e+00
     16.000     23.564     9.7158    32.6863   87.79322    9.39674 1.6333e+00    29.6843 0.0000e+00
     15.000     21.924     9.7238    32.8692   88.33223    9.39555 1.7057e+00    29.6761 0.0000e+00
     14.000     20.442     9.7325    32.5504   87.84825    9.39430 1.8360e+00    29.6674 0.0000e+00
     13.000     19.067     9.7440    32.5528   86.78408    9.39319 2.0673e+00    29.6598 0.0000e+00
     12.000     17.719     9.7638    32.5652   86.71356    9.39111 2.5305e+00    29.6418 0.0000e+00
     11.000     16.393     9.7826    32.6224 -9.990e-29    9.38805 3.5873e+00    29.6185 0.0000e+00
     10.000     15.133     9.7987    32.7383 -9.990e-29    9.38511 5.6180e+00    29.6029 0.0000e+00
      9.000     14.059     9.8192    32.5613 -9.990e-29    9.38177 8.7438e+00    29.5933 0.0000e+00
