CTD-processing/Workspace/ADFG-BobDeCino/2018/CTD/cast60.cnv
* Sea-Bird SBE19plus Data File:
* FileName = C:\Sea-Bird\Northern OTF Data 2013\SO_OTF_2018.hex
* Software Version 1.59
* Temperature SN =  5061
* Conductivity SN =  5061
* System UpLoad Time = Feb 14 2019 17:05:28
* ds
* SeacatPlus V 1.6a  SERIAL NO. 5061    14 Feb 2019  18:16:49
# nquan = 9
# nvalues = 81                          
# units = specified
# name 0 = depSM: Depth [salt water, m], lat = 59.00
# name 1 = prdE: Pressure, Strain Gauge [psi]
# name 2 = tv290C: Temperature [ITS-90, deg C]
# name 3 = flECO-AFL: Fluorescence, WET Labs ECO-AFL/FL [mg/m^3]
# name 4 = sbeox0PS: Oxygen, SBE 43 [% saturation]
# name 5 = oxsolMg/L: Oxygen Saturation, Garcia & Gordon [mg/l]
# name 6 = par: PAR/Irradiance, Biospherical/Licor
# name 7 = sal00: Salinity, Practical [PSU]
# name 8 = flag: flag
# span 0 =      1.000,     81.000       
# span 1 =      1.945,    116.689       
# span 2 =     9.0119,    10.0764       
# span 3 =    26.7076,    34.8020       
# span 4 =   82.74850,   95.22422       
# span 5 =    9.33352,    9.45962       
# span 6 = 1.0739e+00, 5.4537e+02       
# span 7 =    29.4649,    31.0884       
# span 8 = 0.0000e+00, 0.0000e+00       
# interval = meters: 1                  
# start_time = Jul 01 2018 11:51:14 [Instrument's time stamp, header]
# bad_flag = -9.990e-29
*END*
      1.000      1.945    10.0722    32.5045   88.59609    9.33352 5.4537e+02    29.4649 0.0000e+00
      2.000      3.161    10.0764    26.7076   86.36019    9.33527 2.5902e+02    29.4703 0.0000e+00
      3.000      4.514    10.0642    26.8784   85.02269    9.33451 1.7122e+02    29.4711 0.0000e+00
      4.000      5.928    10.0035    30.6722   83.89874    9.33745 1.1268e+02    29.4940 0.0000e+00
      5.000      7.338     9.8791    32.3158   82.74850    9.34959 7.8517e+01    29.5960 0.0000e+00
      6.000      8.825     9.7949    32.3070   83.67959    9.36582 5.5740e+01    29.7364 0.0000e+00
      7.000     10.335     9.7207    32.6046   87.83730    9.37505 4.1180e+01    29.8502 0.0000e+00
      8.000     11.874     9.6635    32.6633   91.66016    9.38415 3.1773e+01    29.9295 0.0000e+00
      9.000     13.337     9.6277    32.8449   92.22937    9.39218 2.4804e+01    29.9666 0.0000e+00
     10.000     14.615     9.6152    32.9081   90.77015    9.39571 1.9179e+01    29.9902 0.0000e+00
     11.000     15.897     9.6045    32.9267   89.69744    9.39774 1.4167e+01    30.0017 0.0000e+00
     12.000     17.359     9.6005    32.6892   90.01611    9.39925 1.0073e+01    30.0187 0.0000e+00
     13.000     19.136     9.6051    32.8615   91.71092    9.39848 7.5223e+00    30.0284 0.0000e+00
     14.000     20.699     9.6029    32.7878   92.11698    9.39867 5.9910e+00    30.0182 0.0000e+00
     15.000     22.031     9.5864    32.7245   91.75839    9.40014 4.7353e+00    30.0027 0.0000e+00
     16.000     23.306     9.5681    32.8698   91.17598    9.40415 3.6742e+00    29.9986 0.0000e+00
     17.000     24.713     9.5607    32.8910   90.73232    9.40675 2.9000e+00    30.0179 0.0000e+00
     18.000     26.339     9.5536    32.8939   90.93305    9.40788 2.4210e+00    30.0284 0.0000e+00
     19.000     28.041     9.5349    33.1169   91.77686    9.40825 2.1492e+00    30.0492 0.0000e+00
     20.000     29.532     9.5093    33.1805   92.20874    9.40863 1.9749e+00    30.1210 0.0000e+00
     21.000     30.900     9.4977    33.2195   92.17606    9.40930 1.8489e+00    30.1804 0.0000e+00
     22.000     32.290     9.4954    33.1700   91.72596    9.40922 1.7527e+00    30.2166 0.0000e+00
     23.000     33.610     9.4952    33.1126   91.15801    9.40845 1.6930e+00    30.2319 0.0000e+00
     24.000     34.952     9.4955    32.9120   91.00284    9.40765 1.6451e+00    30.2464 0.0000e+00
     25.000     36.530     9.4969    32.9400   91.50764    9.40715 1.6187e+00    30.2534 0.0000e+00
     26.000     38.267     9.5068    33.0334   92.20560    9.40504 1.5977e+00    30.2766 0.0000e+00
     27.000     39.751     9.5136    33.0607   92.33884    9.40145 1.5860e+00    30.3018 0.0000e+00
     28.000     41.111     9.5117    33.0449   92.13534    9.39958 1.5774e+00    30.3155 0.0000e+00
     29.000     42.494     9.5067    32.9142   91.85365    9.39885 1.5706e+00    30.3361 0.0000e+00
     30.000     43.844     9.4963    32.9151   91.74676    9.39874 1.5665e+00    30.3550 0.0000e+00
     31.000     45.254     9.4767    33.0632   91.87671    9.39958 1.5463e+00    30.3867 0.0000e+00
     32.000     46.852     9.4571    33.1173   92.11491    9.40195 1.5691e+00    30.4191 0.0000e+00
     33.000     48.388     9.4327    33.4744   92.17427    9.40425 1.5624e+00    30.4507 0.0000e+00
     34.000     49.791     9.4046    33.4194   92.12797    9.40659 1.5604e+00    30.4860 0.0000e+00
     35.000     51.170     9.3645    33.3357   91.93681    9.40949 1.5602e+00    30.5358 0.0000e+00
     36.000     52.543     9.3221    33.2521   91.69338    9.41408 1.5590e+00    30.6039 0.0000e+00
     37.000     53.934     9.2859    33.1625   91.54973    9.41947 1.5610e+00    30.6676 0.0000e+00
     38.000     55.460     9.2633    33.4011   91.54746    9.42433 1.5589e+00    30.7156 0.0000e+00
     39.000     57.025     9.2504    33.6050   91.22036    9.42710 1.5644e+00    30.7410 0.0000e+00
     40.000     58.429     9.2409    33.7170   90.44192    9.42842 1.5569e+00    30.7554 0.0000e+00
     41.000     59.860     9.2304    33.4228   90.56827    9.42950 1.5551e+00    30.7724 0.0000e+00
     42.000     61.651     9.2197    33.9599   91.81980    9.43097 1.5606e+00    30.7946 0.0000e+00
     43.000     63.245     9.2110    34.3341   92.39910    9.43205 1.5554e+00    30.8025 0.0000e+00
     44.000     64.565     9.2038    34.4895   91.95862    9.43325 1.5551e+00    30.8017 0.0000e+00
     45.000     65.864     9.1733    33.3993   91.16715    9.43392 1.5479e+00    30.8281 0.0000e+00
     46.000     67.187     9.1504    33.5483   90.70123    9.43817 1.5533e+00    30.8688 0.0000e+00
     47.000     68.698     9.1434    33.9552   91.02600    9.44111 1.5568e+00    30.8942 0.0000e+00
     48.000     70.346     9.1427    33.6694   91.77592    9.44171 1.5546e+00    30.8974 0.0000e+00
     49.000     71.849     9.1354    34.3947   92.11491    9.44197 1.5563e+00    30.9003 0.0000e+00
     50.000     73.245     9.1251    34.8020   91.72906    9.44301 1.5539e+00    30.9117 0.0000e+00
     51.000     74.548     9.1204    34.5658   90.36168    9.44440 1.5545e+00    30.9184 0.0000e+00
     52.000     75.887     9.0969    34.3147   89.30131    9.44498 1.5523e+00    30.9402 0.0000e+00
     53.000     77.456     9.0820    33.7427   90.18905    9.44843 1.5587e+00    30.9751 0.0000e+00
     54.000     79.226     9.0628    33.3320   91.59090    9.44994 1.5561e+00    30.9906 0.0000e+00
     55.000     80.593     9.0350    33.8942   91.08161    9.45335 1.5548e+00    31.0209 0.0000e+00
     56.000     82.023     9.0250    34.5633   91.19156    9.45632 1.5542e+00    31.0438 0.0000e+00
     57.000     83.625     9.0209    34.1183   92.10375    9.45759 1.5566e+00    31.0532 0.0000e+00
     58.000     85.145     9.0204    33.6880   92.57156    9.45803 1.5552e+00    31.0514 0.0000e+00
     59.000     86.514     9.0160    33.6035   92.66299    9.45828 1.5546e+00    31.0514 0.0000e+00
     60.000     87.858     9.0151    33.6167   92.41230    9.45910 1.5549e+00    31.0538 0.0000e+00
     61.000     89.212     9.0154    34.4743   91.82687    9.45910 1.5571e+00    31.0537 0.0000e+00
     62.000     90.545     9.0150    34.2482   91.62928    9.45908 1.5562e+00    31.0539 0.0000e+00
     63.000     91.997     9.0147    34.0459   91.26267    9.45895 1.5573e+00    31.0570 0.0000e+00
     64.000     93.354     9.0139    33.8080   89.29538    9.45906 1.5575e+00    31.0570 0.0000e+00
     65.000     94.607     9.0194    33.7172   84.53740    9.45817 1.5292e+00    31.0635 0.0000e+00
     66.000     98.214     9.0298    34.6416   95.22422    9.45298 1.6274e+00    31.0884 0.0000e+00
     67.000     98.650     9.0165    33.8921   94.58759    9.45838 1.5422e+00    31.0450 0.0000e+00
     68.000     99.828     9.0151    34.2034   94.21887    9.45900 1.5495e+00    31.0508 0.0000e+00
     69.000    101.136     9.0143    34.0825   93.77674    9.45923 1.5550e+00    31.0525 0.0000e+00
     70.000    102.509     9.0126    33.9602   93.10859    9.45936 1.5561e+00    31.0539 0.0000e+00
     71.000    103.903     9.0119    33.9121   92.56148    9.45961 1.5564e+00    31.0554 0.0000e+00
     72.000    105.406     9.0121    33.8088   92.39131    9.45962 1.5552e+00    31.0567 0.0000e+00
     73.000    106.966     9.0122    33.6255   92.48474    9.45955 1.5559e+00    31.0569 0.0000e+00
     74.000    108.501     9.0126    34.1583   92.47618    9.45958 1.5567e+00    31.0562 0.0000e+00
     75.000    109.913     9.0126    34.6179   92.41219    9.45959 1.5559e+00    31.0547 0.0000e+00
     76.000    111.231     9.0125    33.7649   92.35371    9.45960 1.5559e+00    31.0547 0.0000e+00
     77.000    112.560     9.0125    33.6786 -9.990e-29    9.45962 1.5550e+00    31.0545 0.0000e+00
     78.000    113.828     9.0136    33.9135 -9.990e-29    9.45958 1.5563e+00    31.0543 0.0000e+00
     79.000    115.001     9.0146    33.9601 -9.990e-29    9.45942 1.5565e+00    31.0535 0.0000e+00
     80.000    115.950     9.0151    33.9824 -9.990e-29    9.45927 1.5556e+00    31.0525 0.0000e+00
     81.000    116.689     9.0149    33.9759 -9.990e-29    9.45926 1.0739e+00    31.0504 0.0000e+00
