CTD-processing/allCTD/CNV--turbid/2012_07-21_t9_s09_cast194.cnv
* Sea-Bird SBE19plus Data File:
* FileName = C:\Documents and Settings\kris.holderied.local\My Documents\CTD-data-upload-2012-07-28\CTD5028-upload-2012-07-28-cast194.hex
* Software Version 1.54
* Temperature SN =  5028
* Conductivity SN =  5028
* System UpLoad Time = Jul 28 2012 16:09:00
** Kachemak Bay - CTD data - upload all 2012-07-28
** Date:  2012-07-21   xxxx Tide (x of 2 lines)
** Station:  9-09
** Start time (AKDT-24 hr):1754
** Depth (ft): 267
** Comments: Look at inversion at 100ft. Still turbid with oil
# nquan = 16
# nvalues = 598                         
# units = specified
# name 0 = scan: Scan Count
# name 1 = timeJ: Julian Days
# name 2 = timeH: Time, Elapsed [hours]
# name 3 = timeM: Time, Elapsed [minutes]
# name 4 = timeS: Time, Elapsed [seconds]
# name 5 = prdM: Pressure, Strain Gauge [db]
# name 6 = specc: Specific Conductance [uS/cm]
# name 7 = sal00: Salinity, Practical [PSU]
# name 8 = tv290C: Temperature [ITS-90, deg C]
# name 9 = depSM: Depth [salt water, m], lat = 59.00
# name 10 = oxsolML/L: Oxygen Saturation, Garcia & Gordon [ml/l]
# name 11 = potemp090C: Potential Temperature [ITS-90, deg C]
# name 12 = sigma-é00: Density [sigma-theta, kg/m^3]
# name 13 = n2satML/L: Nitrogen Saturation [ml/l]
# name 14 = par: PAR/Irradiance, Biospherical/Licor [umol photons/m^2/sec]
# name 15 = flag:  0.000e+00
# span 0 =          1,        598       
# span 1 = 203.746771, 203.748498       
# span 2 =    0.00000,    0.04146       
# span 3 =     0.0000,     2.4875       
# span 4 =      0.000,    149.250       
# span 5 =     -0.090,     81.871       
# span 6 =    941.498,  50277.128       
# span 7 =     0.4651,    31.5384       
# span 8 =     6.8738,    10.9363       
# span 9 =     -0.089,     81.090       
# span 10 =    6.49617,    7.83960      
# span 11 =     6.8667,    10.9361      
# span 12 =     0.0501,    24.7103      
# span 13 =   11.75858,   14.40088      
# span 14 = 4.9942e-02, 1.1523e+02      
# span 15 = 0.0000e+00, 0.0000e+00      
# interval = seconds: 0.25
# start_time = Jul 21 2012 17:55:21 [Instrument's time stamp, header]
# bad_flag = -9.990e-29
*END*
[from data line 272]
        273 203.747558    0.01889     1.1333     68.000      1.374  38420.265    23.8771    10.7131      1.361    6.67499    10.7293    18.1759   12.12975 2.5642e+01 0.0000e+00
        274 203.747561    0.01896     1.1375     68.250      1.377  38619.379    24.0140    10.7199      1.364    6.66820    10.7427    18.2812   12.11674 2.5898e+01 0.0000e+00
        275 203.747564    0.01903     1.1417     68.500      1.379  38919.861    24.2207    10.7294      1.366    6.65805    10.7591    18.4401   12.09729 2.6074e+01 0.0000e+00
        276 203.747567    0.01910     1.1458     68.750      1.381  39257.489    24.4532    10.7429      1.368    6.64625    10.7753    18.6185   12.07476 2.6092e+01 0.0000e+00
        277 203.747569    0.01917     1.1500     69.000      1.384  39526.142    24.6387    10.7593      1.371    6.63601    10.7884    18.7600   12.05542 2.5974e+01 0.0000e+00
        278 203.747572    0.01924     1.1542     69.250      1.386  39698.865    24.7586    10.7754      1.373    6.62860    10.7978    18.8505   12.04160 2.5815e+01 0.0000e+00
        279 203.747575    0.01931     1.1583     69.500      1.387  39795.688    24.8261    10.7886      1.374    6.62383    10.8036    18.9009   12.03282 2.5698e+01 0.0000e+00
        280 203.747578    0.01938     1.1625     69.750      1.384  39829.650    24.8501    10.7979      1.371    6.62145    10.8066    18.9181   12.02856 2.5655e+01 0.0000e+00
        281 203.747581    0.01944     1.1667     70.000      1.377  39824.607    24.8471    10.8037      1.364    6.62073    10.8077    18.9148   12.02740 2.5678e+01 0.0000e+00
        282 203.747584    0.01951     1.1708     70.250      1.367  39806.743    24.8350    10.8067      1.354    6.62080    10.8080    18.9050   12.02767 2.5745e+01 0.0000e+00
        283 203.747587    0.01958     1.1750     70.500      1.358  39790.376    24.8239    10.8078      1.345    6.62110    10.8081    18.8962   12.02830 2.5834e+01 0.0000e+00
        284 203.747590    0.01965     1.1792     70.750      1.351  39785.924    24.8209    10.8081      1.338    6.62119    10.8088    18.8938   12.02849 2.5930e+01 0.0000e+00
        285 203.747593    0.01972     1.1833     71.000      1.349  39807.225    24.8355    10.8082      1.336    6.62055    10.8107    18.9051   12.02725 2.6009e+01 0.0000e+00
        286 203.747595    0.01979     1.1875     71.250      1.353  39865.713    24.8758    10.8089      1.340    6.61876    10.8144    18.9363   12.02377 2.6036e+01 0.0000e+00
        287 203.747598    0.01986     1.1917     71.500      1.362  39961.864    24.9420    10.8108      1.349    6.61569    10.8198    18.9874   12.01785 2.5983e+01 0.0000e+00
        288 203.747601    0.01993     1.1958     71.750      1.375  40075.514    25.0205    10.8145      1.362    6.61186    10.8260    19.0477   12.01051 2.5863e+01 0.0000e+00
        289 203.747604    0.02000     1.2000     72.000      1.389  40176.073    25.0902    10.8199      1.376    6.60816    10.8318    19.1010   12.00349 2.5733e+01 0.0000e+00
        290 203.747607    0.02007     1.2042     72.250      1.400  40245.274    25.1383    10.8262      1.387    6.60523    10.8358    19.1374   11.99802 2.5670e+01 0.0000e+00
        291 203.747610    0.02014     1.2083     72.500      1.405  40271.493    25.1569    10.8319      1.392    6.60361    10.8371    19.1508   11.99510 2.5739e+01 0.0000e+00
        292 203.747613    0.02021     1.2125     72.750      1.402  40249.555    25.1421    10.8359      1.389    6.60365    10.8361    19.1387   11.99535 2.5954e+01 0.0000e+00
        293 203.747616    0.02028     1.2167     73.000      1.393  40198.556    25.1071    10.8373      1.380    6.60492    10.8338    19.1114   11.99790 2.6256e+01 0.0000e+00
        294 203.747619    0.02035     1.2208     73.250      1.379  40149.424    25.0732    10.8362      1.367    6.60650    10.8315    19.0852   12.00094 2.6516e+01 0.0000e+00
        295 203.747622    0.02042     1.2250     73.500      1.367  40120.876    25.0534    10.8339      1.354    6.60767    10.8304    19.0702   12.00313 2.6601e+01 0.0000e+00
        296 203.747624    0.02049     1.2292     73.750      1.359  40126.078    25.0568    10.8316      1.346    6.60786    10.8313    19.0732   12.00340 2.6458e+01 0.0000e+00
        297 203.747627    0.02056     1.2333     74.000      1.359  40170.850    25.0875    10.8306      1.346    6.60672    10.8340    19.0972   12.00113 2.6133e+01 0.0000e+00
        298 203.747630    0.02063     1.2375     74.250      1.366  40238.469    25.1341    10.8314      1.353    6.60464    10.8379    19.1332   11.99710 2.5753e+01 0.0000e+00
        299 203.747633    0.02069     1.2417     74.500      1.375  40305.912    25.1808    10.8342      1.362    6.60229    10.8422    19.1690   11.99260 2.5471e+01 0.0000e+00
        300 203.747636    0.02076     1.2458     74.750      1.384  40363.852    25.2210    10.8381      1.371    6.60003    10.8465    19.1996   11.98836 2.5410e+01 0.0000e+00
        301 203.747639    0.02083     1.2500     75.000      1.388  40420.357    25.2603    10.8424      1.375    6.59777    10.8509    19.2295   11.98411 2.5599e+01 0.0000e+00
        302 203.747642    0.02090     1.2542     75.250      1.388  40487.757    25.3072    10.8467      1.375    6.59519    10.8555    19.2652   11.97924 2.5944e+01 0.0000e+00
        303 203.747645    0.02097     1.2583     75.500      1.385  40564.700    25.3606    10.8510      1.372    6.59233    10.8609    19.3060   11.97383 2.6275e+01 0.0000e+00
        304 203.747648    0.02104     1.2625     75.750      1.382  40657.811    25.4253    10.8557      1.369    6.58895    10.8683    19.3554   11.96742 2.6442e+01 0.0000e+00
        305 203.747650    0.02111     1.2667     76.000      1.383  40796.992    25.5218    10.8611      1.370    6.58413    10.8787    19.4295   11.95823 2.6381e+01 0.0000e+00
        306 203.747653    0.02118     1.2708     76.250      1.389  40999.654    25.6623    10.8684      1.376    6.57720    10.8913    19.5374   11.94498 2.6129e+01 0.0000e+00
        307 203.747656    0.02125     1.2750     76.500      1.397  41218.785    25.8146    10.8788      1.384    6.56935    10.9033    19.6539   11.93006 2.5822e+01 0.0000e+00
        308 203.747659    0.02132     1.2792     76.750      1.404  41376.882    25.9249    10.8915      1.391    6.56293    10.9116    19.7375   11.91803 2.5618e+01 0.0000e+00
        309 203.747662    0.02139     1.2833     77.000      1.405  41438.659    25.9686    10.9034      1.392    6.55939    10.9148    19.7696   11.91161 2.5596e+01 0.0000e+00
        310 203.747665    0.02146     1.2875     77.250      1.400  41408.261    25.9483    10.9117      1.387    6.55905    10.9135    19.7525   11.91128 2.5749e+01 0.0000e+00
        311 203.747668    0.02153     1.2917     77.500      1.390  41338.678    25.9005    10.9149      1.377    6.56059    10.9103    19.7148   11.91442 2.6006e+01 0.0000e+00
        312 203.747671    0.02160     1.2958     77.750      1.379  41298.624    25.8727    10.9136      1.366    6.56192    10.9076    19.6935   11.91699 2.6254e+01 0.0000e+00
        313 203.747674    0.02167     1.3000     78.000      1.372  41320.568    25.8877    10.9105      1.359    6.56176    10.9073    19.7056   11.91653 2.6388e+01 0.0000e+00
        314 203.747677    0.02174     1.3042     78.250      1.371  41432.631    25.9650    10.9078      1.358    6.55893    10.9105    19.7661   11.91089 2.6359e+01 0.0000e+00
        315 203.747679    0.02181     1.3083     78.500      1.377  41656.609    26.1200    10.9074      1.364    6.55254    10.9170    19.8865   11.89836 2.6184e+01 0.0000e+00
        316 203.747682    0.02187     1.3125     78.750      1.391  41965.705    26.3343    10.9106      1.377    6.54317    10.9251    20.0524   11.88018 2.5922e+01 0.0000e+00
        317 203.747685    0.02194     1.3167     79.000      1.408  42289.454    26.5592    10.9172      1.394    6.53289    10.9322    20.2259   11.86035 2.5625e+01 0.0000e+00
        318 203.747688    0.02201     1.3208     79.250      1.426  42558.738    26.7466    10.9253      1.412    6.52396    10.9361    20.3701   11.84322 2.5321e+01 0.0000e+00
        319 203.747691    0.02208     1.3250     79.500      1.443  42742.168    26.8744    10.9324      1.429    6.51765    10.9356    20.4682   11.83117 2.5010e+01 0.0000e+00
        320 203.747694    0.02215     1.3292     79.750      1.459  42848.892    26.9488    10.9363      1.446    6.51401    10.9300    20.5253   11.82422 2.4635e+01 0.0000e+00
        321 203.747697    0.02222     1.3333     80.000      1.480  42904.687    26.9875    10.9357      1.466    6.51247    10.9182    20.5554   11.82121 2.4072e+01 0.0000e+00
        322 203.747700    0.02229     1.3375     80.250      1.513  42963.057    27.0275    10.9301      1.499    6.51162    10.8981    20.5875   11.81930 2.3163e+01 0.0000e+00
        323 203.747703    0.02236     1.3417     80.500      1.570  43099.604    27.1213    10.9183      1.556    6.50941    10.8650    20.6623   11.81450 2.1780e+01 0.0000e+00
        324 203.747705    0.02243     1.3458     80.750      1.666  43340.691    27.2870    10.8982      1.650    6.50540    10.8102    20.7943   11.80583 1.9859e+01 0.0000e+00
        325 203.747708    0.02250     1.3500     81.000      1.814  43672.231    27.5144    10.8651      1.797    6.50070    10.7222    20.9763   11.79526 1.7453e+01 0.0000e+00
        326 203.747711    0.02257     1.3542     81.250      2.025  44086.451    27.7973    10.8104      2.006    6.49677    10.5947    21.2051   11.78531 1.4778e+01 0.0000e+00
        327 203.747714    0.02264     1.3583     81.500      2.296  44553.459    28.1136    10.7224      2.275    6.49617    10.4395    21.4653   11.78049 1.2137e+01 0.0000e+00
        328 203.747717    0.02271     1.3625     81.750      2.619  45023.873    28.4283    10.5949      2.594    6.50122    10.2801    21.7308   11.78506 9.7708e+00 0.0000e+00
        329 203.747720    0.02278     1.3667     82.000      2.979  45472.761    28.7249    10.4398      2.951    6.51095    10.1331    21.9867   11.79763 7.7920e+00 0.0000e+00
        330 203.747723    0.02285     1.3708     82.250      3.365  45895.366    29.0026    10.2805      3.334    6.52210    10.0070    22.2286   11.81277 6.1981e+00 0.0000e+00
        331 203.747726    0.02292     1.3750     82.500      3.767  46281.992    29.2563    10.1335      3.731    6.53251     9.9081    22.4498   11.82699 4.9368e+00 0.0000e+00
        332 203.747729    0.02299     1.3792     82.750      4.177  46609.697    29.4709    10.0074      4.138    6.54160     9.8380    22.6372   11.83947 3.9493e+00 0.0000e+00
        333 203.747731    0.02306     1.3833     83.000      4.593  46857.199    29.6325     9.9086      4.550    6.54902     9.7919    22.7789   11.84982 3.1783e+00 0.0000e+00
        334 203.747734    0.02313     1.3875     83.250      5.014  47027.886    29.7436     9.8385      4.967    6.55443     9.7631    22.8766   11.85745 2.5730e+00 0.0000e+00
        335 203.747737    0.02319     1.3917     83.500      5.439  47143.479    29.8189     9.7924      5.388    6.55790     9.7463    22.9427   11.86229 2.0949e+00 0.0000e+00
        336 203.747740    0.02326     1.3958     83.750      5.867  47225.542    29.8729     9.7637      5.812    6.55976     9.7377    22.9893   11.86473 1.7153e+00 0.0000e+00
        337 203.747743    0.02333     1.4000     84.000      6.298  47291.199    29.9167     9.7470      6.239    6.56033     9.7348    23.0261   11.86514 1.4127e+00 0.0000e+00
        338 203.747746    0.02340     1.4042     84.250      6.732  47355.907    29.9609     9.7383      6.668    6.55971     9.7369    23.0619   11.86359 1.1701e+00 0.0000e+00
        339 203.747749    0.02347     1.4083     84.500      7.168  47435.081    30.0159     9.7356      7.101    6.55780     9.7437    23.1053   11.85976 9.7387e-01 0.0000e+00
        340 203.747752    0.02354     1.4125     84.750      7.607  47545.014    30.0932     9.7377      7.536    6.55425     9.7557    23.1652   11.85294 8.1336e-01 0.0000e+00
        341 203.747755    0.02361     1.4167     85.000      8.046  47696.531    30.2002     9.7445      7.970    6.54877     9.7743    23.2476   11.84257 6.8124e-01 0.0000e+00
        342 203.747758    0.02368     1.4208     85.250      8.483  47889.702    30.3371     9.7565      8.403    6.54129     9.8002    23.3525   11.82852 5.7189e-01 0.0000e+00
        343 203.747760    0.02375     1.4250     85.500      8.917  48107.112    30.4919     9.7752      8.833    6.53212     9.8288    23.4704   11.81145 4.8086e-01 0.0000e+00
        344 203.747763    0.02382     1.4292     85.750      9.348  48309.208    30.6370     9.8012      9.260    6.52231     9.8500    23.5794   11.79344 4.0488e-01 0.0000e+00
        345 203.747766    0.02389     1.4333     86.000      9.774  48464.598    30.7496     9.8298      9.682    6.51350     9.8553    23.6627   11.77748 3.4165e-01 0.0000e+00
        346 203.747769    0.02396     1.4375     86.250     10.196  48573.988    30.8290     9.8511     10.100    6.50713     9.8407    23.7212   11.76597 2.8940e-01 0.0000e+00
        347 203.747772    0.02403     1.4417     86.500     10.614  48659.814    30.8898     9.8564     10.514    6.50383     9.8065    23.7678   11.75977 2.4648e-01 0.0000e+00
        348 203.747775    0.02410     1.4458     86.750     11.029  48743.862    30.9469     9.8419     10.926    6.50352     9.7564    23.8146   11.75858 2.1136e-01 0.0000e+00
        349 203.747778    0.02417     1.4500     87.000     11.443  48829.128    31.0024     9.8078     11.335    6.50608     9.6957    23.8634   11.76216 1.8278e-01 0.0000e+00
        350 203.747781    0.02424     1.4542     87.250     11.855  48907.455    31.0509     9.7577     11.743    6.51123     9.6277    23.9092   11.77010 1.5967e-01 0.0000e+00
        351 203.747784    0.02431     1.4583     87.500     12.267  48974.411    31.0899     9.6970     12.152    6.51830     9.5561    23.9494   11.78135 1.4116e-01 0.0000e+00
        352 203.747786    0.02438     1.4625     87.750     12.678  49037.029    31.1249     9.6291     12.559    6.52659     9.4875    23.9876   11.79466 1.2650e-01 0.0000e+00
        353 203.747789    0.02444     1.4667     88.000     13.086  49105.562    31.1636     9.5575     12.963    6.53528     9.4276    24.0291   11.80858 1.1497e-01 0.0000e+00
        354 203.747792    0.02451     1.4708     88.250     13.493  49174.969    31.2032     9.4889     13.366    6.54350     9.3782    24.0709   11.82172 1.0583e-01 0.0000e+00
        355 203.747795    0.02458     1.4750     88.500     13.897  49234.150    31.2367     9.4291     13.767    6.55073     9.3382    24.1065   11.83328 9.8475e-02 0.0000e+00
        356 203.747798    0.02465     1.4792     88.750     14.300  49280.121    31.2622     9.3797     14.166    6.55680     9.3060    24.1342   11.84303 9.2442e-02 0.0000e+00
        357 203.747801    0.02472     1.4833     89.000     14.700  49314.043    31.2806     9.3398     14.563    6.56181     9.2793    24.1548   11.85109 8.7377e-02 0.0000e+00
        358 203.747804    0.02479     1.4875     89.250     15.099  49337.525    31.2926     9.3076     14.958    6.56597     9.2559    24.1692   11.85784 8.3048e-02 0.0000e+00
        359 203.747807    0.02486     1.4917     89.500     15.498  49352.399    31.2993     9.2809     15.352    6.56956     9.2337    24.1786   11.86371 7.9309e-02 0.0000e+00
        360 203.747810    0.02493     1.4958     89.750     15.897  49361.222    31.3021     9.2575     15.748    6.57285     9.2116    24.1845   11.86912 7.6048e-02 0.0000e+00
        361 203.747813    0.02500     1.5000     90.000     16.298  49366.201    31.3024     9.2354     16.145    6.57606     9.1884    24.1882   11.87442 7.3184e-02 0.0000e+00
