CTD-processing/allCTD/CNV--turbid/2012_04-10_t9_s01_cast285.cnv
* Sea-Bird SBE19plus Data File:
* FileName = C:\Documents and Settings\glenn.seaman\My Documents\KHolderied-files\CTD-DATA-FILES\2011-KBay-CTD\2012-04-10-HomerSpit-CTD\2012-04-10-HomerSpit-cast285.hex
* Software Version 1.59
* Temperature SN =  5028
* Conductivity SN =  5028
* System UpLoad Time = Apr 29 2012 20:44:27
** Cruise: Homer Spit Transect
** Date: 2012-04-10
** Station: 01
** Start time (AKDT): 1801
** Depth (feet): 227
# nquan = 16
# nvalues = 573                         
# units = specified
# name 0 = scan: Scan Count
# name 1 = timeJ: Julian Days
# name 2 = timeH: Time, Elapsed [hours]
# name 3 = timeM: Time, Elapsed [minutes]
# name 4 = timeS: Time, Elapsed [seconds]
# name 5 = prdM: Pressure, Strain Gauge [db]
# name 6 = specc: Specific Conductance [uS/cm]
# name 7 = sal00: Salinity, Practical [PSU]
# name 8 = tv290C: Temperature [ITS-90, deg C]
# name 9 = depSM: Depth [salt water, m], lat = 59.00
# name 10 = oxsolML/L: Oxygen Saturation, Garcia & Gordon [ml/l]
# name 11 = potemp090C: Potential Temperature [ITS-90, deg C]
# name 12 = sigma-é00: Density [sigma-theta, kg/m^3]
# name 13 = n2satML/L: Nitrogen Saturation [ml/l]
# name 14 = par: PAR/Irradiance, Biospherical/Licor [umol photons/m^2/sec]
# name 15 = flag:  0.000e+00
# span 0 =          1,        573       
# span 1 = 102.084861, 102.086516       
# span 2 =    0.00000,    0.03972       
# span 3 =     0.0000,     2.3833       
# span 4 =      0.000,    143.000       
# span 5 =     -0.083,     61.081       
# span 6 =      0.309,  52366.011       
# span 7 =     0.0038,    32.2030       
# span 8 =     2.8889,     7.8907       
# span 9 =     -0.082,     60.501       
# span 10 =    7.40072,    8.76607      
# span 11 =     2.8884,     7.8907      
# span 12 =    -0.1395,    25.6377      
# span 13 =   13.23542,   15.92632      
# span 14 = 5.0974e-02, 1.4453e+03      
# span 15 = 0.0000e+00, 0.0000e+00      
# interval = seconds: 0.25
# start_time = Apr 11 2012 02:02:12 [Instrument's time stamp, header]
# bad_flag = -9.990e-29
*END*
[from data line 91]
         92 102.085124    0.00632     0.3792     22.750      0.671  51897.162    31.8550     3.0624      0.664    7.57285     3.0668    25.3700   13.51446 4.3279e+02 0.0000e+00
         93 102.085127    0.00639     0.3833     23.000      0.664  51896.165    31.8552     3.0657      0.657    7.57222     3.0658    25.3698   13.51342 4.4863e+02 0.0000e+00
         94 102.085130    0.00646     0.3875     23.250      0.655  51887.261    31.8495     3.0669      0.649    7.57229     3.0634    25.3652   13.51360 4.5200e+02 0.0000e+00
         95 102.085133    0.00653     0.3917     23.500      0.648  51877.632    31.8427     3.0658      0.642    7.57284     3.0612    25.3599   13.51460 4.3959e+02 0.0000e+00
         96 102.085136    0.00660     0.3958     23.750      0.645  51878.648    31.8428     3.0634      0.639    7.57328     3.0607    25.3601   13.51533 4.3615e+02 0.0000e+00
         97 102.085139    0.00667     0.4000     24.000      0.646  51899.047    31.8560     3.0612      0.640    7.57300     3.0623    25.3709   13.51470 4.5919e+02 0.0000e+00
         98 102.085142    0.00674     0.4042     24.250      0.650  51942.947    31.8856     3.0607      0.644    7.57159     3.0654    25.3945   13.51197 5.0475e+02 0.0000e+00
         99 102.085145    0.00681     0.4083     24.500      0.654  51998.105    31.9235     3.0623      0.648    7.56933     3.0686    25.4245   13.50775 5.7516e+02 0.0000e+00
        100 102.085148    0.00688     0.4125     24.750      0.655  52037.177    31.9508     3.0654      0.649    7.56734     3.0710    25.4460   13.50411 6.3022e+02 0.0000e+00
        101 102.085150    0.00694     0.4167     25.000      0.653  52044.415    31.9565     3.0686      0.647    7.56645     3.0724    25.4504   13.50257 6.0582e+02 0.0000e+00
        102 102.085153    0.00701     0.4208     25.250      0.649  52028.818    31.9466     3.0711      0.643    7.56650     3.0725    25.4423   13.50278 5.5675e+02 0.0000e+00
        103 102.085156    0.00708     0.4250     25.500      0.644  52009.397    31.9338     3.0725      0.638    7.56690     3.0715    25.4319   13.50360 5.5769e+02 0.0000e+00
        104 102.085159    0.00715     0.4292     25.750      0.640  51993.957    31.9234     3.0726      0.634    7.56741     3.0699    25.4236   13.50459 5.6715e+02 0.0000e+00
        105 102.085162    0.00722     0.4333     26.000      0.641  51980.355    31.9139     3.0716      0.635    7.56809     3.0682    25.4161   13.50582 5.3493e+02 0.0000e+00
        106 102.085165    0.00729     0.4375     26.250      0.645  51969.380    31.9060     3.0699      0.639    7.56880     3.0675    25.4100   13.50711 4.9744e+02 0.0000e+00
        107 102.085168    0.00736     0.4417     26.500      0.653  51966.781    31.9038     3.0683      0.647    7.56923     3.0686    25.4084   13.50784 4.9327e+02 0.0000e+00
        108 102.085171    0.00743     0.4458     26.750      0.662  51976.789    31.9103     3.0675      0.656    7.56903     3.0720    25.4137   13.50743 5.1393e+02 0.0000e+00
        109 102.085174    0.00750     0.4500     27.000      0.671  51996.606    31.9241     3.0686      0.665    7.56812     3.0772    25.4245   13.50574 5.2519e+02 0.0000e+00
        110 102.085177    0.00757     0.4542     27.250      0.678  52020.160    31.9409     3.0720      0.672    7.56662     3.0835    25.4376   13.50305 4.9902e+02 0.0000e+00
        111 102.085179    0.00764     0.4583     27.500      0.684  52048.195    31.9613     3.0772      0.677    7.56458     3.0902    25.4535   13.49942 4.4922e+02 0.0000e+00
        112 102.085182    0.00771     0.4625     27.750      0.687  52088.185    31.9901     3.0835      0.680    7.56193     3.0974    25.4759   13.49467 3.9658e+02 0.0000e+00
        113 102.085185    0.00778     0.4667     28.000      0.686  52139.722    32.0269     3.0902      0.680    7.55877     3.1043    25.5046   13.48898 3.5812e+02 0.0000e+00
        114 102.085188    0.00785     0.4708     28.250      0.684  52189.202    32.0623     3.0974      0.678    7.55560     3.1100    25.5323   13.48328 3.3813e+02 0.0000e+00
        115 102.085191    0.00792     0.4750     28.500      0.681  52223.367    32.0873     3.1043      0.674    7.55303     3.1149    25.5517   13.47870 3.2921e+02 0.0000e+00
        116 102.085194    0.00799     0.4792     28.750      0.680  52238.588    32.0992     3.1101      0.673    7.55134     3.1193    25.5606   13.47576 3.3095e+02 0.0000e+00
        117 102.085197    0.00806     0.4833     29.000      0.682  52239.067    32.1008     3.1150      0.676    7.55035     3.1234    25.5615   13.47410 3.3866e+02 0.0000e+00
        118 102.085200    0.00813     0.4875     29.250      0.687  52234.824    32.0991     3.1194      0.681    7.54961     3.1275    25.5598   13.47290 3.4602e+02 0.0000e+00
        119 102.085203    0.00819     0.4917     29.500      0.694  52235.691    32.1008     3.1235      0.688    7.54875     3.1322    25.5607   13.47147 3.5315e+02 0.0000e+00
        120 102.085205    0.00826     0.4958     29.750      0.701  52247.261    32.1097     3.1275      0.694    7.54754     3.1386    25.5675   13.46936 3.5267e+02 0.0000e+00
        121 102.085208    0.00833     0.5000     30.000      0.706  52271.944    32.1277     3.1322      0.699    7.54574     3.1477    25.5814   13.46615 3.3744e+02 0.0000e+00
        122 102.085211    0.00840     0.5042     30.250      0.709  52306.718    32.1530     3.1386      0.702    7.54324     3.1599    25.6010   13.46170 3.2464e+02 0.0000e+00
        123 102.085214    0.00847     0.5083     30.500      0.708  52340.733    32.1785     3.1478      0.701    7.54023     3.1754    25.6206   13.45638 3.2521e+02 0.0000e+00
        124 102.085217    0.00854     0.5125     30.750      0.705  52361.997    32.1961     3.1599      0.698    7.53706     3.1953    25.6336   13.45092 3.2537e+02 0.0000e+00
        125 102.085220    0.00861     0.5167     31.000      0.700  52366.011    32.2030     3.1754      0.693    7.53382     3.2193    25.6377   13.44550 3.1604e+02 0.0000e+00
        126 102.085223    0.00868     0.5208     31.250      0.697  52353.452    32.1997     3.1953      0.690    7.53027     3.2430    25.6334   13.43968 3.0836e+02 0.0000e+00
        127 102.085226    0.00875     0.5250     31.500      0.695  52328.478    32.1891     3.2193      0.688    7.52636     3.2627    25.6228   13.43338 3.0811e+02 0.0000e+00
        128 102.085229    0.00882     0.5292     31.750      0.696  52301.618    32.1771     3.2430      0.689    7.52257     3.2790    25.6111   13.42728 3.1075e+02 0.0000e+00
        129 102.085231    0.00889     0.5333     32.000      0.697  52284.208    32.1704     3.2628      0.691    7.51924     3.2947    25.6041   13.42187 3.1686e+02 0.0000e+00
        130 102.085234    0.00896     0.5375     32.250      0.698  52278.498    32.1708     3.2790      0.692    7.51621     3.3121    25.6030   13.41687 3.2121e+02 0.0000e+00
        131 102.085237    0.00903     0.5417     32.500      0.699  52276.123    32.1733     3.2948      0.693    7.51316     3.3307    25.6036   13.41180 3.2700e+02 0.0000e+00
        132 102.085240    0.00910     0.5458     32.750      0.699  52268.147    32.1724     3.3122      0.693    7.50998     3.3484    25.6013   13.40657 3.3942e+02 0.0000e+00
        133 102.085243    0.00917     0.5500     33.000      0.700  52253.745    32.1674     3.3307      0.694    7.50680     3.3640    25.5957   13.40139 3.4240e+02 0.0000e+00
        134 102.085246    0.00924     0.5542     33.250      0.701  52237.191    32.1608     3.3485      0.695    7.50385     3.3767    25.5889   13.39661 3.3316e+02 0.0000e+00
        135 102.085249    0.00931     0.5583     33.500      0.703  52221.797    32.1544     3.3641      0.697    7.50129     3.3862    25.5824   13.39248 3.3427e+02 0.0000e+00
        136 102.085252    0.00937     0.5625     33.750      0.706  52209.079    32.1490     3.3767      0.699    7.49922     3.3933    25.5770   13.38913 3.5248e+02 0.0000e+00
        137 102.085255    0.00944     0.5667     34.000      0.708  52202.337    32.1469     3.3863      0.701    7.49757     3.3997    25.5744   13.38643 3.8236e+02 0.0000e+00
        138 102.085258    0.00951     0.5708     34.250      0.709  52203.934    32.1498     3.3934      0.703    7.49611     3.4070    25.5761   13.38398 4.3192e+02 0.0000e+00
        139 102.085260    0.00958     0.5750     34.500      0.709  52208.378    32.1545     3.3998      0.703    7.49469     3.4155    25.5793   13.38158 5.1001e+02 0.0000e+00
        140 102.085263    0.00965     0.5792     34.750      0.709  52208.614    32.1566     3.4070      0.702    7.49324     3.4248    25.5803   13.37917 5.6489e+02 0.0000e+00
        141 102.085266    0.00972     0.5833     35.000      0.708  52204.107    32.1557     3.4155      0.702    7.49172     3.4348    25.5788   13.37667 5.4415e+02 0.0000e+00
        142 102.085269    0.00979     0.5875     35.250      0.709  52197.197    32.1534     3.4248      0.702    7.49012     3.4453    25.5761   13.37405 4.9771e+02 0.0000e+00
        143 102.085272    0.00986     0.5917     35.500      0.710  52188.748    32.1502     3.4348      0.703    7.48845     3.4564    25.5727   13.37134 4.6637e+02 0.0000e+00
        144 102.085275    0.00993     0.5958     35.750      0.712  52177.961    32.1456     3.4453      0.705    7.48675     3.4684    25.5680   13.36860 4.5331e+02 0.0000e+00
        145 102.085278    0.01000     0.6000     36.000      0.714  52163.298    32.1385     3.4564      0.707    7.48506     3.4819    25.5614   13.36590 4.6046e+02 0.0000e+00
        146 102.085281    0.01007     0.6042     36.250      0.713  52142.614    32.1275     3.4684      0.706    7.48340     3.4976    25.5515   13.36331 4.7108e+02 0.0000e+00
        147 102.085284    0.01014     0.6083     36.500      0.711  52114.769    32.1120     3.4819      0.704    7.48171     3.5162    25.5380   13.36073 4.8017e+02 0.0000e+00
        148 102.085286    0.01021     0.6125     36.750      0.708  52082.041    32.0937     3.4976      0.701    7.47974     3.5370    25.5220   13.35773 4.7738e+02 0.0000e+00
        149 102.085289    0.01028     0.6167     37.000      0.705  52048.106    32.0753     3.5163      0.698    7.47725     3.5573    25.5057   13.35386 4.6499e+02 0.0000e+00
        150 102.085292    0.01035     0.6208     37.250      0.703  52016.054    32.0588     3.5370      0.697    7.47428     3.5744    25.4906   13.34918 4.5156e+02 0.0000e+00
        151 102.085295    0.01042     0.6250     37.500      0.705  51989.052    32.0456     3.5573      0.698    7.47122     3.5869    25.4782   13.34430 4.2210e+02 0.0000e+00
        152 102.085298    0.01049     0.6292     37.750      0.708  51969.079    32.0363     3.5744      0.701    7.46856     3.5961    25.4693   13.34004 3.8945e+02 0.0000e+00
        153 102.085301    0.01056     0.6333     38.000      0.713  51955.695    32.0304     3.5869      0.706    7.46656     3.6050    25.4634   13.33681 3.8043e+02 0.0000e+00
        154 102.085304    0.01063     0.6375     38.250      0.716  51945.985    32.0261     3.5961      0.710    7.46509     3.6168    25.4592   13.33444 3.8713e+02 0.0000e+00
        155 102.085307    0.01069     0.6417     38.500      0.717  51932.994    32.0195     3.6050      0.710    7.46380     3.6338    25.4531   13.33240 3.8813e+02 0.0000e+00
        156 102.085310    0.01076     0.6458     38.750      0.714  51908.010    32.0054     3.6168      0.708    7.46235     3.6577    25.4408   13.33019 3.8285e+02 0.0000e+00
        157 102.085313    0.01083     0.6500     39.000      0.709  51867.448    31.9820     3.6338      0.703    7.46043     3.6897    25.4206   13.32732 3.7729e+02 0.0000e+00
        158 102.085315    0.01090     0.6542     39.250      0.702  51812.512    31.9506     3.6577      0.696    7.45764     3.7278    25.3934   13.32314 3.7430e+02 0.0000e+00
        159 102.085318    0.01097     0.6583     39.500      0.696  51745.790    31.9131     3.6898      0.689    7.45369     3.7661    25.3606   13.31710 3.7979e+02 0.0000e+00
        160 102.085321    0.01104     0.6625     39.750      0.691  51675.187    31.8744     3.7279      0.685    7.44868     3.7980    25.3263   13.30934 3.8661e+02 0.0000e+00
        161 102.085324    0.01111     0.6667     40.000      0.690  51613.316    31.8417     3.7662      0.684    7.44334     3.8210    25.2967   13.30098 3.8851e+02 0.0000e+00
        162 102.085327    0.01118     0.6708     40.250      0.692  51567.250    31.8182     3.7981      0.686    7.43872     3.8375    25.2750   13.29365 3.9583e+02 0.0000e+00
        163 102.085330    0.01125     0.6750     40.500      0.695  51534.037    31.8012     3.8210      0.689    7.43539     3.8526    25.2593   13.28838 4.1202e+02 0.0000e+00
        164 102.085333    0.01132     0.6792     40.750      0.697  51504.619    31.7852     3.8376      0.691    7.43318     3.8698    25.2451   13.28494 4.2972e+02 0.0000e+00
        165 102.085336    0.01139     0.6833     41.000      0.696  51468.212    31.7641     3.8526      0.690    7.43151     3.8908    25.2269   13.28246 4.4069e+02 0.0000e+00
        166 102.085339    0.01146     0.6875     41.250      0.690  51419.794    31.7353     3.8698      0.684    7.42983     3.9152    25.2023   13.28007 4.4807e+02 0.0000e+00
        167 102.085341    0.01153     0.6917     41.500      0.683  51365.240    31.7032     3.8909      0.677    7.42763     3.9398    25.1748   13.27685 4.5355e+02 0.0000e+00
        168 102.085344    0.01160     0.6958     41.750      0.677  51315.563    31.6752     3.9152      0.671    7.42461     3.9608    25.1503   13.27223 4.4728e+02 0.0000e+00
        169 102.085347    0.01167     0.7000     42.000      0.675  51278.062    31.6556     3.9399      0.669    7.42113     3.9764    25.1323   13.26675 4.4448e+02 0.0000e+00
        170 102.085350    0.01174     0.7042     42.250      0.678  51252.115    31.6430     3.9609      0.672    7.41796     3.9860    25.1203   13.26168 4.6159e+02 0.0000e+00
        171 102.085353    0.01181     0.7083     42.500      0.687  51233.757    31.6342     3.9764      0.681    7.41559     3.9897    25.1118   13.25789 4.8149e+02 0.0000e+00
        172 102.085356    0.01188     0.7125     42.750      0.699  51222.946    31.6291     3.9860      0.693    7.41410     3.9889    25.1069   13.25549 4.7996e+02 0.0000e+00
        173 102.085359    0.01194     0.7167     43.000      0.712  51221.774    31.6292     3.9897      0.705    7.41343     3.9868    25.1066   13.25437 4.6358e+02 0.0000e+00
        174 102.085362    0.01201     0.7208     43.250      0.722  51227.785    31.6331     3.9889      0.715    7.41338     3.9862    25.1098   13.25425 4.5517e+02 0.0000e+00
        175 102.085365    0.01208     0.7250     43.500      0.729  51233.482    31.6365     3.9869      0.722    7.41358     3.9877    25.1127   13.25453 4.5308e+02 0.0000e+00
        176 102.085367    0.01215     0.7292     43.750      0.732  51231.800    31.6352     3.9862      0.725    7.41376     3.9914    25.1117   13.25485 4.4622e+02 0.0000e+00
        177 102.085370    0.01222     0.7333     44.000      0.730  51219.280    31.6270     3.9877      0.723    7.41390     3.9980    25.1051   13.25519 4.4634e+02 0.0000e+00
        178 102.085373    0.01229     0.7375     44.250      0.725  51195.352    31.6116     3.9915      0.718    7.41400     4.0083    25.0924   13.25555 4.5261e+02 0.0000e+00
        179 102.085376    0.01236     0.7417     44.500      0.718  51162.806    31.5910     3.9980      0.711    7.41384     4.0217    25.0754   13.25556 4.4979e+02 0.0000e+00
        180 102.085379    0.01243     0.7458     44.750      0.711  51128.151    31.5698     4.0083      0.704    7.41304     4.0362    25.0576   13.25453 4.3511e+02 0.0000e+00
