CTD-processing/allCTD/CNV--turbid/2012_04-10_t9_s06_cast290.cnv
* Sea-Bird SBE19plus Data File:
* FileName = C:\Documents and Settings\glenn.seaman\My Documents\KHolderied-files\CTD-DATA-FILES\2011-KBay-CTD\2012-04-10-HomerSpit-CTD\2012-04-10-HomerSpit-cast290.hex
* Software Version 1.59
* Temperature SN =  5028
* Conductivity SN =  5028
* System UpLoad Time = Apr 29 2012 20:55:07
** Cruise: Homer Spit Transect
** Date: 2012-04-10
** Station: 06
** Start time (AKDT): 1842
** Depth (feet): 338
# nquan = 16
# nvalues = 550                         
# units = specified
# name 0 = scan: Scan Count
# name 1 = timeJ: Julian Days
# name 2 = timeH: Time, Elapsed [hours]
# name 3 = timeM: Time, Elapsed [minutes]
# name 4 = timeS: Time, Elapsed [seconds]
# name 5 = prdM: Pressure, Strain Gauge [db]
# name 6 = specc: Specific Conductance [uS/cm]
# name 7 = sal00: Salinity, Practical [PSU]
# name 8 = tv290C: Temperature [ITS-90, deg C]
# name 9 = depSM: Depth [salt water, m], lat = 59.00
# name 10 = oxsolML/L: Oxygen Saturation, Garcia & Gordon [ml/l]
# name 11 = potemp090C: Potential Temperature [ITS-90, deg C]
# name 12 = sigma-é00: Density [sigma-theta, kg/m^3]
# name 13 = n2satML/L: Nitrogen Saturation [ml/l]
# name 14 = par: PAR/Irradiance, Biospherical/Licor [umol photons/m^2/sec]
# name 15 = flag:  0.000e+00
# span 0 =          1,        550       
# span 1 = 102.113519, 102.115107       
# span 2 =    0.00000,    0.03812       
# span 3 =     0.0000,     2.2875       
# span 4 =      0.000,    137.250       
# span 5 =     -0.088,     91.550       
# span 6 =   6222.776,  52004.846       
# span 7 =     3.2809,    31.8294       
# span 8 =     2.8716,     3.6912       
# span 9 =     -0.087,     90.674       
# span 10 =    7.47809,    9.06011      
# span 11 =     2.8666,     3.6912      
# span 12 =     2.6048,    25.3659      
# span 13 =   13.36380,   16.40973      
# span 14 = 3.7490e-02, 1.3848e+03      
# span 15 = 0.0000e+00, 0.0000e+00      
# interval = seconds: 0.25
# start_time = Apr 11 2012 02:43:28 [Instrument's time stamp, header]
# bad_flag = -9.990e-29
*END*
          1 102.113519    0.00000     0.0000      0.000     -0.088  51038.654    31.4388     3.6899     -0.087    7.47809     3.6912    24.9834   13.36380 7.8907e+02 0.0000e+00
          2 102.113521    0.00007     0.0042      0.250     -0.087  50839.363    31.3077     3.6907     -0.087    7.48488     3.6906    24.8791   13.37687 9.9574e+02 0.0000e+00
          3 102.113524    0.00014     0.0083      0.500     -0.086  50512.338    31.0924     3.6912     -0.086    7.49620     3.6881    24.7080   13.39860 1.1516e+03 0.0000e+00
          4 102.113527    0.00021     0.0125      0.750     -0.086  49977.842    30.7405     3.6906     -0.086    7.51497     3.6829    24.4284   13.43457 1.2306e+03 0.0000e+00
          5 102.113530    0.00028     0.0167      1.000     -0.085  49102.989    30.1645     3.6881     -0.085    7.54600     3.6754    23.9708   13.49398 1.2557e+03 0.0000e+00
          6 102.113533    0.00035     0.0208      1.250     -0.085  47662.560    29.2163     3.6829     -0.085    7.59732     3.6669    23.2177   13.59216 1.2279e+03 0.0000e+00
          7 102.113536    0.00042     0.0250      1.500     -0.085  45274.916    27.6450     3.6754     -0.085    7.68217     3.6588    21.9698   13.75456 1.1339e+03 0.0000e+00
          8 102.113539    0.00049     0.0292      1.750     -0.085  42053.119    25.5342     3.6669     -0.085    7.79648     3.6523    20.2933   13.97353 9.4976e+02 0.0000e+00
          9 102.113542    0.00056     0.0333      2.000     -0.085  39351.670    23.7871     3.6588     -0.085    7.89272     3.6474    18.9057   14.15810 7.0723e+02 0.0000e+00
         10 102.113545    0.00063     0.0375      2.250     -0.085  37597.401    22.6921     3.6523     -0.085    7.95574     3.6440    18.0360   14.27934 5.0581e+02 0.0000e+00
         11 102.113547    0.00069     0.0417      2.500     -0.085  34534.937    20.7795     3.6474     -0.085    8.06448     3.6416    16.5165   14.48885 3.8699e+02 0.0000e+00
         12 102.113550    0.00076     0.0458      2.750     -0.086  28607.597    17.0509     3.6440     -0.085    8.27360     3.6398    13.5539   14.89173 3.3066e+02 0.0000e+00
         13 102.113553    0.00083     0.0500      3.000     -0.086  21692.743    12.7251     3.6416     -0.086    8.51727     3.6384    10.1165   15.36152 3.2376e+02 0.0000e+00
         14 102.113556    0.00090     0.0542      3.250     -0.086  16276.564     9.3661     3.6398     -0.086    8.70800     3.6373     7.4467   15.72952 3.5871e+02 0.0000e+00
         15 102.113559    0.00097     0.0583      3.500     -0.086  12676.593     7.1527     3.6384     -0.085    8.83453     3.6364     5.6869   15.97378 4.3006e+02 0.0000e+00
         16 102.113562    0.00104     0.0625      3.750     -0.086  10264.307     5.6833     3.6373     -0.085    8.91912     3.6355     4.5182   16.13718 4.7883e+02 0.0000e+00
         17 102.113565    0.00111     0.0667      4.000     -0.086   8665.865     4.7181     3.6364     -0.085    8.97506     3.6348     3.7501   16.24527 4.5056e+02 0.0000e+00
         18 102.113568    0.00118     0.0708      4.250     -0.086   7610.497     4.0866     3.6355     -0.085    9.01191     3.6341     3.2474   16.31652 3.9430e+02 0.0000e+00
         19 102.113571    0.00125     0.0750      4.500     -0.085   6918.856     3.6771     3.6348     -0.085    9.03601     3.6334     2.9212   16.36312 3.5271e+02 0.0000e+00
         20 102.113573    0.00132     0.0792      4.750     -0.085   6483.521     3.4230     3.6341     -0.085    9.05114     3.6327     2.7187   16.39239 3.3366e+02 0.0000e+00
         21 102.113576    0.00139     0.0833      5.000     -0.085   6254.683     3.2931     3.6334     -0.085    9.05906     3.6320     2.6149   16.40771 3.5771e+02 0.0000e+00
         22 102.113579    0.00146     0.0875      5.250     -0.085   6222.776     3.2809     3.6327     -0.085    9.06011     3.6313     2.6048   16.40973 4.3409e+02 0.0000e+00
         23 102.113582    0.00153     0.0917      5.500     -0.085   6421.333     3.4063     3.6320     -0.085    9.05310     3.6306     2.7043   16.39615 5.4168e+02 0.0000e+00
         24 102.113585    0.00160     0.0958      5.750     -0.085   6960.571     3.7340     3.6313     -0.085    9.03421     3.6300     2.9647   16.35956 6.5050e+02 0.0000e+00
         25 102.113588    0.00167     0.1000      6.000     -0.085   8051.286     4.3879     3.6306     -0.084    8.99609     3.6294     3.4849   16.28573 7.7900e+02 0.0000e+00
         26 102.113591    0.00174     0.1042      6.250     -0.085  10044.977     5.5753     3.6300     -0.084    8.92651     3.6288     4.4298   16.15099 9.6370e+02 0.0000e+00
         27 102.113594    0.00181     0.1083      6.500     -0.084  13410.042     7.5780     3.6294     -0.083    8.80901     3.6282     6.0237   15.92345 1.1671e+03 0.0000e+00
         28 102.113597    0.00187     0.1125      6.750     -0.083  17957.258    10.3023     3.6288     -0.082    8.64986     3.6271     8.1911   15.61541 1.3112e+03 0.0000e+00
         29 102.113600    0.00194     0.1167      7.000     -0.080  22138.406    12.8277     3.6282     -0.079    8.50325     3.6243    10.1997   15.33181 1.3781e+03 0.0000e+00
         30 102.113602    0.00201     0.1208      7.250     -0.075  24402.370    14.1940     3.6271     -0.074    8.42411     3.6163    11.2868   15.17870 1.3848e+03 0.0000e+00
         31 102.113605    0.00208     0.1250      7.500     -0.067  24936.375    14.5077     3.6243     -0.067    8.40634     3.5989    11.5376   15.14420 1.3353e+03 0.0000e+00
         32 102.113608    0.00215     0.1292      7.750     -0.055  25084.267    14.6114     3.6163     -0.054    8.40322     3.5672    11.6215   15.13800 1.2470e+03 0.0000e+00
         33 102.113611    0.00222     0.1333      8.000     -0.034  26308.507    15.4156     3.5989     -0.034    8.36399     3.5188    12.2621   15.06196 1.1600e+03 0.0000e+00
         34 102.113614    0.00229     0.1375      8.250     -0.003  29971.762    17.7673     3.5672     -0.003    8.24161     3.4595    14.1329   14.82500 1.1007e+03 0.0000e+00
         35 102.113617    0.00236     0.1417      8.500      0.033  35745.808    21.4691     3.5188      0.033    8.04824     3.3984    17.0775   14.45061 1.0671e+03 0.0000e+00
         36 102.113620    0.00243     0.1458      8.750      0.067  41328.895    25.0655     3.4595      0.066    7.86398     3.3405    19.9398   14.09344 1.0512e+03 0.0000e+00
         37 102.113623    0.00250     0.1500      9.000      0.095  45224.943    27.5822     3.3984      0.095    7.73948     3.2871    21.9448   13.85120 1.0463e+03 0.0000e+00
         38 102.113626    0.00257     0.1542      9.250      0.118  47621.214    29.1266     3.3405      0.117    7.66697     3.2392    23.1770   13.70903 1.0436e+03 0.0000e+00
         39 102.113628    0.00264     0.1583      9.500      0.136  49084.259    30.0656     3.2871      0.135    7.62632     3.1983    23.9278   13.62827 1.0359e+03 0.0000e+00
         40 102.113631    0.00271     0.1625      9.750      0.150  50005.111    30.6540     3.2392      0.148    7.60362     3.1652    24.3996   13.58225 1.0238e+03 0.0000e+00
         41 102.113634    0.00278     0.1667     10.000      0.164  50594.963    31.0292     3.1983      0.163    7.59115     3.1398    24.7013   13.55626 1.0095e+03 0.0000e+00
         42 102.113637    0.00285     0.1708     10.250      0.183  50965.214    31.2632     3.1652      0.181    7.58481     3.1210    24.8902   13.54243 9.9118e+02 0.0000e+00
         43 102.113640    0.00292     0.1750     10.500      0.208  51197.120    31.4087     3.1398      0.205    7.58177     3.1075    25.0080   13.53534 9.6767e+02 0.0000e+00
         44 102.113643    0.00299     0.1792     10.750      0.235  51342.963    31.4996     3.1210      0.232    7.58043     3.0978    25.0819   13.53181 9.4207e+02 0.0000e+00
         45 102.113646    0.00306     0.1833     11.000      0.262  51437.745    31.5585     3.1075      0.259    7.57983     3.0909    25.1299   13.52998 9.1548e+02 0.0000e+00
         46 102.113649    0.00313     0.1875     11.250      0.288  51500.908    31.5977     3.0978      0.285    7.57957     3.0859    25.1619   13.52900 8.8055e+02 0.0000e+00
         47 102.113652    0.00319     0.1917     11.500      0.313  51539.496    31.6214     3.0909      0.310    7.57961     3.0826    25.1813   13.52874 8.2723e+02 0.0000e+00
         48 102.113655    0.00326     0.1958     11.750      0.343  51560.649    31.6340     3.0859      0.340    7.57986     3.0805    25.1918   13.52897 7.5213e+02 0.0000e+00
         49 102.113657    0.00333     0.2000     12.000      0.380  51571.780    31.6404     3.0826      0.377    7.58015     3.0798    25.1972   13.52935 6.4998e+02 0.0000e+00
         50 102.113660    0.00340     0.2042     12.250      0.429  51576.738    31.6431     3.0805      0.425    7.58038     3.0807    25.1994   13.52970 5.4575e+02 0.0000e+00
         51 102.113663    0.00347     0.2083     12.500      0.492  51581.994    31.6464     3.0798      0.487    7.58035     3.0837    25.2021   13.52959 4.8106e+02 0.0000e+00
         52 102.113666    0.00354     0.2125     12.750      0.563  51594.205    31.6548     3.0807      0.557    7.57975     3.0901    25.2087   13.52850 4.5627e+02 0.0000e+00
         53 102.113669    0.00361     0.2167     13.000      0.631  51614.230    31.6691     3.0837      0.625    7.57843     3.1012    25.2198   13.52614 4.6194e+02 0.0000e+00
         54 102.113672    0.00368     0.2208     13.250      0.688  51631.710    31.6825     3.0901      0.682    7.57654     3.1162    25.2300   13.52283 4.5832e+02 0.0000e+00
         55 102.113675    0.00375     0.2250     13.500      0.729  51631.956    31.6855     3.1012      0.722    7.57430     3.1312    25.2315   13.51910 4.1440e+02 0.0000e+00
         56 102.113678    0.00382     0.2292     13.750      0.755  51613.682    31.6771     3.1162      0.748    7.57191     3.1419    25.2235   13.51528 3.6894e+02 0.0000e+00
         57 102.113681    0.00389     0.2333     14.000      0.769  51586.517    31.6626     3.1312      0.762    7.56985     3.1467    25.2106   13.51207 3.4750e+02 0.0000e+00
         58 102.113683    0.00396     0.2375     14.250      0.771  51557.900    31.6460     3.1419      0.764    7.56870     3.1452    25.1965   13.51040 3.3661e+02 0.0000e+00
         59 102.113686    0.00403     0.2417     14.500      0.765  51531.249    31.6292     3.1467      0.758    7.56867     3.1377    25.1827   13.51057 3.2322e+02 0.0000e+00
         60 102.113689    0.00410     0.2458     14.750      0.755  51509.162    31.6138     3.1452      0.748    7.56974     3.1262    25.1706   13.51253 3.1090e+02 0.0000e+00
         61 102.113692    0.00417     0.2500     15.000      0.747  51494.703    31.6021     3.1377      0.740    7.57175     3.1135    25.1619   13.51600 3.0775e+02 0.0000e+00
         62 102.113695    0.00424     0.2542     15.250      0.743  51490.483    31.5963     3.1262      0.737    7.57421     3.1018    25.1582   13.52014 3.1479e+02 0.0000e+00
         63 102.113698    0.00431     0.2583     15.500      0.747  51495.656    31.5965     3.1135      0.741    7.57658     3.0921    25.1595   13.52404 3.2756e+02 0.0000e+00
         64 102.113701    0.00438     0.2625     15.750      0.757  51506.688    31.6009     3.1018      0.750    7.57855     3.0844    25.1640   13.52723 3.3367e+02 0.0000e+00
         65 102.113704    0.00444     0.2667     16.000      0.769  51520.637    31.6077     3.0921      0.762    7.58003     3.0786    25.1703   13.52958 3.2493e+02 0.0000e+00
         66 102.113707    0.00451     0.2708     16.250      0.778  51535.811    31.6160     3.0844      0.771    7.58105     3.0745    25.1775   13.53115 3.1374e+02 0.0000e+00
         67 102.113709    0.00458     0.2750     16.500      0.782  51551.468    31.6251     3.0786      0.775    7.58166     3.0717    25.1853   13.53205 3.1383e+02 0.0000e+00
         68 102.113712    0.00465     0.2792     16.750      0.780  51564.991    31.6332     3.0745      0.773    7.58202     3.0701    25.1920   13.53253 3.2204e+02 0.0000e+00
         69 102.113715    0.00472     0.2833     17.000      0.777  51576.002    31.6399     3.0718      0.770    7.58219     3.0695    25.1976   13.53272 3.2702e+02 0.0000e+00
         70 102.113718    0.00479     0.2875     17.250      0.776  51588.519    31.6480     3.0701      0.769    7.58208     3.0699    25.2042   13.53243 3.2766e+02 0.0000e+00
         71 102.113721    0.00486     0.2917     17.500      0.778  51597.991    31.6542     3.0695      0.771    7.58187     3.0704    25.2092   13.53200 3.2771e+02 0.0000e+00
         72 102.113724    0.00493     0.2958     17.750      0.783  51596.942    31.6536     3.0699      0.776    7.58184     3.0705    25.2087   13.53196 3.2478e+02 0.0000e+00
         73 102.113727    0.00500     0.3000     18.000      0.792  51588.847    31.6482     3.0704      0.785    7.58201     3.0700    25.2044   13.53230 3.2527e+02 0.0000e+00
         74 102.113730    0.00507     0.3042     18.250      0.803  51580.468    31.6426     3.0705      0.796    7.58228     3.0691    25.1999   13.53282 3.3277e+02 0.0000e+00
         75 102.113733    0.00514     0.3083     18.500      0.814  51574.869    31.6387     3.0700      0.807    7.58257     3.0680    25.1968   13.53336 3.4941e+02 0.0000e+00
         76 102.113736    0.00521     0.3125     18.750      0.822  51572.348    31.6367     3.0691      0.815    7.58285     3.0670    25.1953   13.53384 3.6873e+02 0.0000e+00
         77 102.113738    0.00528     0.3167     19.000      0.824  51570.978    31.6355     3.0681      0.817    7.58311     3.0659    25.1945   13.53429 3.7705e+02 0.0000e+00
         78 102.113741    0.00535     0.3208     19.250      0.820  51568.107    31.6333     3.0670      0.813    7.58342     3.0648    25.1928   13.53484 3.8247e+02 0.0000e+00
         79 102.113744    0.00542     0.3250     19.500      0.812  51563.040    31.6296     3.0659      0.805    7.58382     3.0639    25.1899   13.53554 3.8973e+02 0.0000e+00
         80 102.113747    0.00549     0.3292     19.750      0.805  51557.630    31.6256     3.0648      0.797    7.58423     3.0632    25.1868   13.53626 4.0282e+02 0.0000e+00
         81 102.113750    0.00556     0.3333     20.000      0.801  51553.953    31.6229     3.0639      0.793    7.58454     3.0628    25.1847   13.53682 4.1103e+02 0.0000e+00
         82 102.113753    0.00562     0.3375     20.250      0.801  51553.102    31.6221     3.0632      0.794    7.58471     3.0626    25.1842   13.53711 3.9329e+02 0.0000e+00
         83 102.113756    0.00569     0.3417     20.500      0.805  51555.445    31.6236     3.0628      0.798    7.58472     3.0625    25.1854   13.53710 3.6833e+02 0.0000e+00
         84 102.113759    0.00576     0.3458     20.750      0.810  51560.194    31.6268     3.0626      0.802    7.58459     3.0626    25.1879   13.53685 3.5300e+02 0.0000e+00
         85 102.113762    0.00583     0.3500     21.000      0.813  51564.391    31.6296     3.0626      0.805    7.58445     3.0626    25.1902   13.53658 3.4536e+02 0.0000e+00
         86 102.113764    0.00590     0.3542     21.250      0.814  51565.154    31.6301     3.0626      0.806    7.58441     3.0623    25.1906   13.53650 3.5252e+02 0.0000e+00
         87 102.113767    0.00597     0.3583     21.500      0.812  51562.836    31.6286     3.0626      0.804    7.58450     3.0618    25.1894   13.53667 3.6755e+02 0.0000e+00
         88 102.113770    0.00604     0.3625     21.750      0.810  51559.605    31.6263     3.0623      0.802    7.58467     3.0613    25.1876   13.53699 3.7502e+02 0.0000e+00
         89 102.113773    0.00611     0.3667     22.000      0.807  51557.319    31.6246     3.0618      0.800    7.58484     3.0608    25.1863   13.53730 3.7527e+02 0.0000e+00
         90 102.113776    0.00618     0.3708     22.250      0.804  51556.697    31.6241     3.0613      0.797    7.58497     3.0605    25.1859   13.53751 3.7078e+02 0.0000e+00
