CTD-processing/allCTD/CNV--turbid/2012_04-10_t9_s08_cast292.cnv
* Sea-Bird SBE19plus Data File:
* FileName = C:\Documents and Settings\glenn.seaman\My Documents\KHolderied-files\CTD-DATA-FILES\2011-KBay-CTD\2012-04-10-HomerSpit-CTD\2012-04-10-HomerSpit-cast292.hex
* Software Version 1.59
* Temperature SN =  5028
* Conductivity SN =  5028
* System UpLoad Time = Apr 29 2012 20:58:38
** Cruise: Homer Spit Transect
** Date: 2012-04-10
** Station: 08
** Start time (AKDT): 1900
** Depth (feet): 309
# nquan = 16
# nvalues = 577                         
# units = specified
# name 0 = scan: Scan Count
# name 1 = timeJ: Julian Days
# name 2 = timeH: Time, Elapsed [hours]
# name 3 = timeM: Time, Elapsed [minutes]
# name 4 = timeS: Time, Elapsed [seconds]
# name 5 = prdM: Pressure, Strain Gauge [db]
# name 6 = specc: Specific Conductance [uS/cm]
# name 7 = sal00: Salinity, Practical [PSU]
# name 8 = tv290C: Temperature [ITS-90, deg C]
# name 9 = depSM: Depth [salt water, m], lat = 59.00
# name 10 = oxsolML/L: Oxygen Saturation, Garcia & Gordon [ml/l]
# name 11 = potemp090C: Potential Temperature [ITS-90, deg C]
# name 12 = sigma-é00: Density [sigma-theta, kg/m^3]
# name 13 = n2satML/L: Nitrogen Saturation [ml/l]
# name 14 = par: PAR/Irradiance, Biospherical/Licor [umol photons/m^2/sec]
# name 15 = flag:  0.000e+00
# span 0 =          1,        577       
# span 1 = 102.125440, 102.127106       
# span 2 =    0.00000,    0.04000       
# span 3 =     0.0000,     2.4000       
# span 4 =      0.000,    144.000       
# span 5 =     -0.086,     86.752       
# span 6 =   5439.890,  51980.528       
# span 7 =     2.8168,    31.8190       
# span 8 =     2.7853,     3.4440       
# span 9 =     -0.085,     85.923       
# span 10 =    7.57389,    9.13466      
# span 11 =     2.7836,     3.4437      
# span 12 =     2.2358,    25.3565      
# span 13 =   13.51764,   16.54176      
# span 14 = 3.7490e-02, 6.7670e+02      
# span 15 = 0.0000e+00, 0.0000e+00      
# interval = seconds: 0.25
# start_time = Apr 11 2012 03:00:38 [Instrument's time stamp, header]
# bad_flag = -9.990e-29
*END*
[from data line 272]
        273 102.126227    0.01889     1.1333     68.000      0.836  51256.324    31.4342     3.1129      0.829    7.58508     3.1117    25.0302   13.54020 2.6266e+02 0.0000e+00
        274 102.126230    0.01896     1.1375     68.250      0.851  51256.671    31.4343     3.1123      0.843    7.58517     3.1113    25.0303   13.54036 2.5941e+02 0.0000e+00
        275 102.126233    0.01903     1.1417     68.500      0.865  51257.559    31.4348     3.1117      0.857    7.58526     3.1112    25.0307   13.54050 2.5172e+02 0.0000e+00
        276 102.126236    0.01910     1.1458     68.750      0.876  51258.500    31.4353     3.1113      0.868    7.58531     3.1113    25.0312   13.54057 2.4563e+02 0.0000e+00
        277 102.126238    0.01917     1.1500     69.000      0.882  51259.087    31.4357     3.1112      0.874    7.58531     3.1116    25.0315   13.54056 2.4311e+02 0.0000e+00
        278 102.126241    0.01924     1.1542     69.250      0.884  51259.205    31.4358     3.1114      0.876    7.58528     3.1118    25.0316   13.54051 2.4220e+02 0.0000e+00
        279 102.126244    0.01931     1.1583     69.500      0.881  51258.981    31.4357     3.1117      0.872    7.58523     3.1120    25.0315   13.54044 2.3903e+02 0.0000e+00
        280 102.126247    0.01938     1.1625     69.750      0.871  51258.615    31.4355     3.1119      0.863    7.58519     3.1121    25.0313   13.54038 2.2928e+02 0.0000e+00
        281 102.126250    0.01944     1.1667     70.000      0.855  51258.368    31.4354     3.1120      0.847    7.58517     3.1123    25.0312   13.54033 2.2453e+02 0.0000e+00
        282 102.126253    0.01951     1.1708     70.250      0.837  51258.477    31.4355     3.1122      0.829    7.58514     3.1127    25.0313   13.54028 2.3051e+02 0.0000e+00
        283 102.126256    0.01958     1.1750     70.500      0.821  51258.770    31.4357     3.1124      0.813    7.58509     3.1131    25.0315   13.54020 2.3752e+02 0.0000e+00
        284 102.126259    0.01965     1.1792     70.750      0.810  51258.839    31.4359     3.1127      0.802    7.58502     3.1135    25.0316   13.54009 2.4500e+02 0.0000e+00
        285 102.126262    0.01972     1.1833     71.000      0.808  51258.595    31.4358     3.1131      0.801    7.58495     3.1139    25.0315   13.53996 2.5245e+02 0.0000e+00
        286 102.126264    0.01979     1.1875     71.250      0.820  51258.168    31.4357     3.1135      0.813    7.58488     3.1141    25.0313   13.53985 2.5557e+02 0.0000e+00
        287 102.126267    0.01986     1.1917     71.500      0.844  51257.615    31.4354     3.1139      0.836    7.58483     3.1143    25.0310   13.53977 2.5599e+02 0.0000e+00
        288 102.126270    0.01993     1.1958     71.750      0.873  51257.019    31.4350     3.1141      0.865    7.58480     3.1143    25.0307   13.53972 2.5123e+02 0.0000e+00
        289 102.126273    0.02000     1.2000     72.000      0.898  51256.641    31.4348     3.1143      0.890    7.58478     3.1144    25.0305   13.53970 2.3889e+02 0.0000e+00
        290 102.126276    0.02007     1.2042     72.250      0.909  51256.606    31.4348     3.1144      0.901    7.58477     3.1145    25.0305   13.53968 2.2743e+02 0.0000e+00
        291 102.126279    0.02014     1.2083     72.500      0.901  51256.769    31.4349     3.1144      0.893    7.58475     3.1148    25.0306   13.53965 2.2307e+02 0.0000e+00
        292 102.126282    0.02021     1.2125     72.750      0.876  51256.996    31.4351     3.1146      0.868    7.58471     3.1152    25.0307   13.53959 2.2655e+02 0.0000e+00
        293 102.126285    0.02028     1.2167     73.000      0.844  51257.212    31.4353     3.1148      0.836    7.58465     3.1156    25.0309   13.53949 2.3859e+02 0.0000e+00
        294 102.126288    0.02035     1.2208     73.250      0.816  51257.336    31.4355     3.1152      0.808    7.58457     3.1162    25.0311   13.53935 2.5492e+02 0.0000e+00
        295 102.126291    0.02042     1.2250     73.500      0.801  51257.417    31.4357     3.1157      0.794    7.58446     3.1170    25.0312   13.53918 2.6629e+02 0.0000e+00
        296 102.126293    0.02049     1.2292     73.750      0.806  51257.430    31.4359     3.1163      0.798    7.58434     3.1178    25.0313   13.53897 2.6599e+02 0.0000e+00
        297 102.126296    0.02056     1.2333     74.000      0.827  51257.257    31.4359     3.1170      0.819    7.58420     3.1187    25.0313   13.53874 2.5585e+02 0.0000e+00
        298 102.126299    0.02063     1.2375     74.250      0.857  51256.885    31.4359     3.1179      0.849    7.58404     3.1195    25.0311   13.53848 2.4705e+02 0.0000e+00
        299 102.126302    0.02069     1.2417     74.500      0.885  51256.275    31.4357     3.1187      0.876    7.58389     3.1202    25.0309   13.53823 2.4541e+02 0.0000e+00
        300 102.126305    0.02076     1.2458     74.750      0.900  51255.425    31.4353     3.1196      0.892    7.58375     3.1208    25.0305   13.53801 2.4568e+02 0.0000e+00
        301 102.126308    0.02083     1.2500     75.000      0.897  51254.432    31.4349     3.1203      0.889    7.58365     3.1211    25.0301   13.53783 2.4320e+02 0.0000e+00
        302 102.126311    0.02090     1.2542     75.250      0.877  51253.529    31.4344     3.1208      0.869    7.58357     3.1212    25.0296   13.53772 2.3925e+02 0.0000e+00
        303 102.126314    0.02097     1.2583     75.500      0.847  51252.897    31.4341     3.1211      0.839    7.58354     3.1212    25.0293   13.53766 2.3903e+02 0.0000e+00
        304 102.126317    0.02104     1.2625     75.750      0.818  51252.518    31.4339     3.1212      0.810    7.58353     3.1211    25.0292   13.53765 2.4512e+02 0.0000e+00
        305 102.126319    0.02111     1.2667     76.000      0.801  51252.340    31.4337     3.1212      0.794    7.58353     3.1210    25.0291   13.53766 2.4981e+02 0.0000e+00
        306 102.126322    0.02118     1.2708     76.250      0.803  51252.282    31.4336     3.1211      0.796    7.58355     3.1209    25.0290   13.53769 2.4357e+02 0.0000e+00
        307 102.126325    0.02125     1.2750     76.500      0.824  51252.252    31.4336     3.1210      0.817    7.58357     3.1207    25.0290   13.53772 2.3210e+02 0.0000e+00
        308 102.126328    0.02132     1.2792     76.750      0.857  51252.193    31.4335     3.1209      0.849    7.58360     3.1204    25.0289   13.53778 2.2598e+02 0.0000e+00
        309 102.126331    0.02139     1.2833     77.000      0.889  51252.124    31.4334     3.1207      0.881    7.58365     3.1201    25.0289   13.53785 2.2620e+02 0.0000e+00
        310 102.126334    0.02146     1.2875     77.250      0.908  51252.235    31.4334     3.1205      0.900    7.58369     3.1200    25.0289   13.53793 2.2656e+02 0.0000e+00
        311 102.126337    0.02153     1.2917     77.500      0.906  51252.709    31.4336     3.1202      0.897    7.58373     3.1200    25.0291   13.53799 2.2653e+02 0.0000e+00
        312 102.126340    0.02160     1.2958     77.750      0.881  51253.365    31.4341     3.1201      0.873    7.58374     3.1202    25.0294   13.53799 2.3305e+02 0.0000e+00
        313 102.126343    0.02167     1.3000     78.000      0.843  51253.776    31.4344     3.1201      0.834    7.58371     3.1205    25.0297   13.53795 2.4206e+02 0.0000e+00
        314 102.126345    0.02174     1.3042     78.250      0.803  51253.793    31.4345     3.1203      0.795    7.58367     3.1208    25.0297   13.53788 2.4456e+02 0.0000e+00
        315 102.126348    0.02181     1.3083     78.500      0.774  51253.623    31.4345     3.1206      0.766    7.58362     3.1210    25.0297   13.53779 2.4400e+02 0.0000e+00
        316 102.126351    0.02187     1.3125     78.750      0.762  51253.448    31.4344     3.1208      0.754    7.58357     3.1213    25.0296   13.53771 2.4518e+02 0.0000e+00
        317 102.126354    0.02194     1.3167     79.000      0.764  51253.277    31.4344     3.1211      0.757    7.58352     3.1215    25.0296   13.53764 2.4586e+02 0.0000e+00
        318 102.126357    0.02201     1.3208     79.250      0.773  51253.059    31.4343     3.1214      0.766    7.58348     3.1217    25.0295   13.53757 2.4728e+02 0.0000e+00
        319 102.126360    0.02208     1.3250     79.500      0.777  51252.824    31.4342     3.1216      0.769    7.58345     3.1218    25.0294   13.53751 2.5513e+02 0.0000e+00
        320 102.126363    0.02215     1.3292     79.750      0.767  51252.633    31.4341     3.1217      0.759    7.58342     3.1219    25.0293   13.53747 2.6373e+02 0.0000e+00
        321 102.126366    0.02222     1.3333     80.000      0.742  51252.499    31.4340     3.1219      0.735    7.58339     3.1221    25.0293   13.53743 2.6555e+02 0.0000e+00
        322 102.126369    0.02229     1.3375     80.250      0.705  51252.398    31.4340     3.1220      0.698    7.58337     3.1222    25.0293   13.53739 2.6858e+02 0.0000e+00
        323 102.126372    0.02236     1.3417     80.500      0.664  51252.290    31.4340     3.1221      0.658    7.58335     3.1222    25.0292   13.53736 2.7233e+02 0.0000e+00
        324 102.126374    0.02243     1.3458     80.750      0.628  51252.162    31.4339     3.1222      0.622    7.58333     3.1223    25.0292   13.53734 2.6891e+02 0.0000e+00
        325 102.126377    0.02250     1.3500     81.000      0.603  51252.019    31.4339     3.1223      0.598    7.58332     3.1223    25.0291   13.53732 2.6168e+02 0.0000e+00
        326 102.126380    0.02257     1.3542     81.250      0.588  51251.906    31.4338     3.1223      0.583    7.58332     3.1223    25.0291   13.53730 2.5944e+02 0.0000e+00
        327 102.126383    0.02264     1.3583     81.500      0.577  51251.868    31.4338     3.1224      0.571    7.58331     3.1223    25.0291   13.53729 2.7173e+02 0.0000e+00
        328 102.126386    0.02271     1.3625     81.750      0.565  51251.877    31.4338     3.1224      0.560    7.58330     3.1223    25.0291   13.53729 3.0443e+02 0.0000e+00
        329 102.126389    0.02278     1.3667     82.000      0.553  51251.921    31.4339     3.1224      0.548    7.58330     3.1221    25.0291   13.53729 3.4374e+02 0.0000e+00
        330 102.126392    0.02285     1.3708     82.250      0.546  51252.015    31.4339     3.1223      0.541    7.58331     3.1219    25.0291   13.53730 3.5567e+02 0.0000e+00
        331 102.126395    0.02292     1.3750     82.500      0.554  51252.122    31.4339     3.1222      0.549    7.58334     3.1213    25.0292   13.53735 3.3726e+02 0.0000e+00
        332 102.126398    0.02299     1.3792     82.750      0.594  51252.197    31.4339     3.1219      0.589    7.58340     3.1203    25.0292   13.53744 3.1450e+02 0.0000e+00
        333 102.126400    0.02306     1.3833     83.000      0.678  51252.354    31.4338     3.1213      0.672    7.58351     3.1185    25.0292   13.53763 2.9168e+02 0.0000e+00
        334 102.126403    0.02313     1.3875     83.250      0.810  51252.869    31.4338     3.1203      0.803    7.58370     3.1155    25.0293   13.53794 2.6427e+02 0.0000e+00
        335 102.126406    0.02319     1.3917     83.500      0.991  51253.942    31.4340     3.1185      0.981    7.58403     3.1106    25.0295   13.53848 2.3824e+02 0.0000e+00
        336 102.126409    0.02326     1.3958     83.750      1.218  51255.398    31.4341     3.1155      1.206    7.58458     3.1030    25.0298   13.53939 2.1285e+02 0.0000e+00
        337 102.126412    0.02333     1.4000     84.000      1.488  51257.927    31.4344     3.1106      1.474    7.58548     3.0925    25.0305   13.54087 1.8314e+02 0.0000e+00
        338 102.126415    0.02340     1.4042     84.250      1.794  51264.787    31.4369     3.1031      1.777    7.58678     3.0804    25.0331   13.54298 1.5511e+02 0.0000e+00
        339 102.126418    0.02347     1.4083     84.500      2.131  51278.771    31.4435     3.0926      2.111    7.58841     3.0689    25.0392   13.54558 1.3300e+02 0.0000e+00
        340 102.126421    0.02354     1.4125     84.750      2.492  51298.177    31.4533     3.0806      2.469    7.59017     3.0594    25.0481   13.54836 1.1445e+02 0.0000e+00
        341 102.126424    0.02361     1.4167     85.000      2.872  51318.781    31.4640     3.0691      2.846    7.59178     3.0521    25.0576   13.55086 9.8895e+01 0.0000e+00
        342 102.126427    0.02368     1.4208     85.250      3.269  51337.682    31.4741     3.0596      3.238    7.59304     3.0467    25.0665   13.55282 8.6412e+01 0.0000e+00
        343 102.126429    0.02375     1.4250     85.500      3.678  51354.497    31.4834     3.0523      3.643    7.59393     3.0425    25.0745   13.55416 7.6119e+01 0.0000e+00
        344 102.126432    0.02382     1.4292     85.750      4.096  51369.845    31.4922     3.0469      4.058    7.59450     3.0389    25.0819   13.55497 6.7141e+01 0.0000e+00
        345 102.126435    0.02389     1.4333     86.000      4.522  51383.433    31.5000     3.0427      4.479    7.59489     3.0354    25.0885   13.55551 5.9337e+01 0.0000e+00
        346 102.126438    0.02396     1.4375     86.250      4.952  51394.850    31.5066     3.0391      4.906    7.59523     3.0315    25.0941   13.55599 5.2635e+01 0.0000e+00
        347 102.126441    0.02403     1.4417     86.500      5.387  51404.645    31.5121     3.0357      5.337    7.59560     3.0266    25.0987   13.55652 4.6825e+01 0.0000e+00
        348 102.126444    0.02410     1.4458     86.750      5.826  51413.805    31.5171     3.0319      5.771    7.59606     3.0199    25.1030   13.55722 4.1733e+01 0.0000e+00
        349 102.126447    0.02417     1.4500     87.000      6.266  51423.119    31.5219     3.0270      6.207    7.59673     3.0109    25.1072   13.55826 3.7271e+01 0.0000e+00
        350 102.126450    0.02424     1.4542     87.250      6.708  51432.922    31.5265     3.0203      6.645    7.59776     2.9999    25.1115   13.55990 3.3362e+01 0.0000e+00
        351 102.126453    0.02431     1.4583     87.500      7.149  51442.452    31.5304     3.0113      7.082    7.59925     2.9877    25.1154   13.56231 2.9924e+01 0.0000e+00
        352 102.126455    0.02438     1.4625     87.750      7.589  51452.580    31.5341     3.0003      7.518    7.60114     2.9761    25.1193   13.56537 2.6896e+01 0.0000e+00
        353 102.126458    0.02444     1.4667     88.000      8.028  51466.246    31.5399     2.9881      7.953    7.60313     2.9668    25.1249   13.56859 2.4229e+01 0.0000e+00
        354 102.126461    0.02451     1.4708     88.250      8.465  51482.628    31.5477     2.9765      8.386    7.60492     2.9606    25.1320   13.57143 2.1872e+01 0.0000e+00
        355 102.126464    0.02458     1.4750     88.500      8.902  51498.096    31.5555     2.9673      8.818    7.60627     2.9570    25.1390   13.57355 1.9782e+01 0.0000e+00
        356 102.126467    0.02465     1.4792     88.750      9.337  51509.594    31.5614     2.9611      9.250    7.60713     2.9547    25.1443   13.57490 1.7917e+01 0.0000e+00
        357 102.126470    0.02472     1.4833     89.000      9.772  51514.907    31.5638     2.9575      9.680    7.60767     2.9522    25.1465   13.57576 1.6241e+01 0.0000e+00
        358 102.126473    0.02479     1.4875     89.250     10.204  51515.566    31.5634     2.9552     10.108    7.60813     2.9492    25.1464   13.57653 1.4725e+01 0.0000e+00
        359 102.126476    0.02486     1.4917     89.500     10.634  51515.690    31.5626     2.9528     10.534    7.60863     2.9461    25.1459   13.57737 1.3351e+01 0.0000e+00
        360 102.126479    0.02493     1.4958     89.750     11.063  51516.823    31.5624     2.9499     10.959    7.60920     2.9431    25.1460   13.57831 1.2107e+01 0.0000e+00
        361 102.126481    0.02500     1.5000     90.000     11.490  51519.067    31.5629     2.9467     11.383    7.60977     2.9406    25.1466   13.57925 1.0981e+01 0.0000e+00
