CTD-processing/allCTD/CNV--turbid/2012_07-29_t3_s05_cast053.cnv
* Sea-Bird SBE19plus Data File:
* FileName = C:\Documents and Settings\kris.holderied.local\My Documents\2012-07-EVOS-CookInlet-Ocean\2012-07-29-Tran3-CookInlet-LTM-cast053.hex
* Software Version 1.54
* Temperature SN =  4141
* Conductivity SN =  4141
* System UpLoad Time = Jul 29 2012 20:33:42
** Cook Inlet LTM Transect 3 from Anchor Pt west
** Date:  2012-07-29
** Station:  3-05
** Start time (AKDT-24 hr): 1825
** Depth (m): 31
** CTD time 1 hr later than AKDT.  Secchi depth=2m. Rain. Flat seas.
# nquan = 16
# nvalues = 418                         
# units = specified
# name 0 = scan: Scan Count
# name 1 = timeJ: Julian Days
# name 2 = timeH: Time, Elapsed [hours]
# name 3 = timeM: Time, Elapsed [minutes]
# name 4 = timeS: Time, Elapsed [seconds]
# name 5 = prdM: Pressure, Strain Gauge [db]
# name 6 = specc: Specific Conductance [uS/cm]
# name 7 = sal00: Salinity, Practical [PSU]
# name 8 = tv290C: Temperature [ITS-90, deg C]
# name 9 = depSM: Depth [salt water, m], lat = 59.00
# name 10 = oxsolML/L: Oxygen Saturation, Garcia & Gordon [ml/l]
# name 11 = potemp090C: Potential Temperature [ITS-90, deg C]
# name 12 = sigma-é00: Density [sigma-theta, kg/m^3]
# name 13 = n2satML/L: Nitrogen Saturation [ml/l]
# name 14 = par: PAR/Irradiance, Biospherical/Licor
# name 15 = flag:  0.000e+00
# span 0 =          1,        418       
# span 1 = 211.809884, 211.811091       
# span 2 =    0.00000,    0.02896       
# span 3 =     0.0000,     1.7375       
# span 4 =      0.000,    104.250       
# span 5 =     -0.046,     30.270       
# span 6 =   2228.905,  46552.981       
# span 7 =     1.1882,    29.5006       
# span 8 =    10.5846,    11.1283       
# span 9 =     -0.046,     29.984       
# span 10 =    6.45432,    7.63705      
# span 11 =    10.5832,    11.1227      
# span 12 =     0.5220,    22.5638      
# span 13 =   11.69483,   14.04855      
# span 14 = 4.4472e-02, 8.6072e+01      
# span 15 = 0.0000e+00, 0.0000e+00      
# interval = seconds: 0.25
# start_time = Jul 29 2012 19:26:14 [Instrument's time stamp, header]
# bad_flag = -9.990e-29
*END*
[from data line 181]
        182 211.810408    0.01257     0.7542     45.250      1.546  46497.886    29.4616    10.5997      1.531    6.45773    10.5995    22.5338   11.70049 2.5144e+01 0.0000e+00
        183 211.810411    0.01264     0.7583     45.500      1.536  46507.055    29.4680    10.5993      1.521    6.45754    10.6008    22.5388   11.70009 2.5731e+01 0.0000e+00
        184 211.810414    0.01271     0.7625     45.750      1.515  46511.714    29.4714    10.5997      1.501    6.45734    10.6024    22.5414   11.69972 2.6528e+01 0.0000e+00
        185 211.810417    0.01278     0.7667     46.000      1.488  46510.837    29.4709    10.6010      1.474    6.45718    10.6039    22.5408   11.69946 2.7312e+01 0.0000e+00
        186 211.810420    0.01285     0.7708     46.250      1.460  46504.583    29.4667    10.6026      1.446    6.45712    10.6048    22.5373   11.69941 2.8029e+01 0.0000e+00
        187 211.810422    0.01292     0.7750     46.500      1.436  46494.801    29.4600    10.6041      1.423    6.45718    10.6047    22.5318   11.69959 2.8680e+01 0.0000e+00
        188 211.810425    0.01299     0.7792     46.750      1.421  46484.278    29.4527    10.6050      1.408    6.45736    10.6038    22.5260   11.69998 2.9168e+01 0.0000e+00
        189 211.810428    0.01306     0.7833     47.000      1.415  46475.380    29.4465    10.6049      1.402    6.45763    10.6023    22.5211   11.70050 2.9352e+01 0.0000e+00
        190 211.810431    0.01313     0.7875     47.250      1.418  46469.254    29.4421    10.6040      1.405    6.45795    10.6006    22.5179   11.70108 2.9263e+01 0.0000e+00
        191 211.810434    0.01319     0.7917     47.500      1.428  46466.015    29.4396    10.6025      1.415    6.45826    10.5990    22.5162   11.70162 2.9094e+01 0.0000e+00
        192 211.810437    0.01326     0.7958     47.750      1.443  46465.372    29.4390    10.6008      1.430    6.45852    10.5977    22.5160   11.70207 2.8943e+01 0.0000e+00
        193 211.810440    0.01333     0.8000     48.000      1.458  46466.949    29.4399    10.5992      1.445    6.45870    10.5968    22.5170   11.70236 2.8753e+01 0.0000e+00
        194 211.810443    0.01340     0.8042     48.250      1.471  46470.490    29.4423    10.5979      1.457    6.45879    10.5962    22.5190   11.70247 2.8485e+01 0.0000e+00
        195 211.810446    0.01347     0.8083     48.500      1.480  46476.020    29.4460    10.5969      1.466    6.45876    10.5960    22.5221   11.70239 2.8269e+01 0.0000e+00
        196 211.810448    0.01354     0.8125     48.750      1.482  46483.454    29.4512    10.5964      1.468    6.45863    10.5961    22.5262   11.70211 2.8255e+01 0.0000e+00
        197 211.810451    0.01361     0.8167     49.000      1.479  46491.809    29.4570    10.5962      1.465    6.45842    10.5967    22.5308   11.70169 2.8356e+01 0.0000e+00
        198 211.810454    0.01368     0.8208     49.250      1.470  46499.580    29.4625    10.5963      1.456    6.45818    10.5980    22.5350   11.70122 2.8396e+01 0.0000e+00
        199 211.810457    0.01375     0.8250     49.500      1.457  46505.654    29.4668    10.5969      1.443    6.45791    10.6000    22.5383   11.70073 2.8416e+01 0.0000e+00
        200 211.810460    0.01382     0.8292     49.750      1.443  46508.958    29.4693    10.5982      1.429    6.45764    10.6023    22.5400   11.70024 2.8479e+01 0.0000e+00
        201 211.810463    0.01389     0.8333     50.000      1.430  46508.582    29.4693    10.6001      1.417    6.45737    10.6047    22.5397   11.69979 2.8437e+01 0.0000e+00
        202 211.810466    0.01396     0.8375     50.250      1.423  46504.675    29.4668    10.6024      1.409    6.45714    10.6067    22.5373   11.69944 2.8241e+01 0.0000e+00
        203 211.810469    0.01403     0.8417     50.500      1.421  46498.575    29.4628    10.6048      1.407    6.45697    10.6081    22.5338   11.69921 2.8017e+01 0.0000e+00
        204 211.810472    0.01410     0.8458     50.750      1.425  46492.143    29.4585    10.6068      1.411    6.45687    10.6090    22.5302   11.69909 2.7796e+01 0.0000e+00
        205 211.810475    0.01417     0.8500     51.000      1.432  46486.869    29.4549    10.6082      1.418    6.45681    10.6095    22.5272   11.69904 2.7586e+01 0.0000e+00
        206 211.810477    0.01424     0.8542     51.250      1.440  46483.551    29.4527    10.6091      1.426    6.45678    10.6098    22.5253   11.69901 2.7532e+01 0.0000e+00
        207 211.810480    0.01431     0.8583     51.500      1.447  46482.311    29.4519    10.6097      1.434    6.45674    10.6100    22.5246   11.69895 2.7718e+01 0.0000e+00
        208 211.810483    0.01438     0.8625     51.750      1.452  46482.556    29.4521    10.6100      1.438    6.45669    10.6100    22.5247   11.69887 2.8052e+01 0.0000e+00
        209 211.810486    0.01444     0.8667     52.000      1.454  46483.094    29.4525    10.6101      1.440    6.45665    10.6098    22.5249   11.69880 2.8445e+01 0.0000e+00
        210 211.810489    0.01451     0.8708     52.250      1.455  46482.584    29.4521    10.6101      1.442    6.45666    10.6092    22.5246   11.69882 2.8819e+01 0.0000e+00
        211 211.810492    0.01458     0.8750     52.500      1.457  46480.206    29.4504    10.6099      1.444    6.45676    10.6081    22.5234   11.69902 2.8962e+01 0.0000e+00
        212 211.810495    0.01465     0.8792     52.750      1.465  46476.350    29.4476    10.6093      1.451    6.45696    10.6065    22.5213   11.69938 2.8738e+01 0.0000e+00
        213 211.810498    0.01472     0.8833     53.000      1.479  46472.537    29.4448    10.6082      1.465    6.45723    10.6048    22.5193   11.69985 2.8301e+01 0.0000e+00
        214 211.810501    0.01479     0.8875     53.250      1.498  46470.319    29.4431    10.6067      1.484    6.45752    10.6034    22.5182   11.70035 2.7834e+01 0.0000e+00
        215 211.810503    0.01486     0.8917     53.500      1.517  46470.754    29.4432    10.6050      1.503    6.45775    10.6024    22.5186   11.70074 2.7416e+01 0.0000e+00
        216 211.810506    0.01493     0.8958     53.750      1.531  46474.697    29.4458    10.6035      1.517    6.45785    10.6022    22.5209   11.70088 2.7155e+01 0.0000e+00
        217 211.810509    0.01500     0.9000     54.000      1.535  46482.284    29.4510    10.6026      1.520    6.45777    10.6029    22.5251   11.70067 2.7182e+01 0.0000e+00
        218 211.810512    0.01507     0.9042     54.250      1.524  46491.882    29.4577    10.6024      1.510    6.45752    10.6046    22.5303   11.70018 2.7574e+01 0.0000e+00
        219 211.810515    0.01514     0.9083     54.500      1.500  46500.560    29.4639    10.6030      1.486    6.45718    10.6075    22.5350   11.69954 2.8361e+01 0.0000e+00
        220 211.810518    0.01521     0.9125     54.750      1.464  46505.413    29.4675    10.6047      1.450    6.45679    10.6110    22.5375   11.69885 2.9508e+01 0.0000e+00
        221 211.810521    0.01528     0.9167     55.000      1.421  46504.326    29.4671    10.6076      1.408    6.45640    10.6144    22.5367   11.69821 3.0767e+01 0.0000e+00
        222 211.810524    0.01535     0.9208     55.250      1.380  46496.681    29.4621    10.6112      1.367    6.45610    10.6166    22.5323   11.69778 3.1741e+01 0.0000e+00
        223 211.810527    0.01542     0.9250     55.500      1.346  46483.824    29.4535    10.6145      1.333    6.45599    10.6171    22.5250   11.69769 3.2207e+01 0.0000e+00
        224 211.810530    0.01549     0.9292     55.750      1.327  46468.755    29.4432    10.6167      1.315    6.45610    10.6157    22.5166   11.69800 3.2141e+01 0.0000e+00
        225 211.810532    0.01556     0.9333     56.000      1.327  46454.726    29.4334    10.6172      1.315    6.45644    10.6127    22.5089   11.69868 3.1579e+01 0.0000e+00
        226 211.810535    0.01563     0.9375     56.250      1.346  46444.000    29.4257    10.6158      1.333    6.45696    10.6091    22.5031   11.69963 3.0603e+01 0.0000e+00
        227 211.810538    0.01569     0.9417     56.500      1.380  46437.767    29.4210    10.6129      1.367    6.45756    10.6055    22.5000   11.70069 2.9394e+01 0.0000e+00
        228 211.810541    0.01576     0.9458     56.750      1.422  46436.236    29.4195    10.6092      1.409    6.45813    10.6026    22.4994   11.70166 2.8186e+01 0.0000e+00
        229 211.810544    0.01583     0.9500     57.000      1.465  46438.893    29.4209    10.6057      1.452    6.45857    10.6003    22.5012   11.70236 2.7149e+01 0.0000e+00
        230 211.810547    0.01590     0.9542     57.250      1.501  46445.273    29.4250    10.6027      1.487    6.45882    10.5988    22.5049   11.70272 2.6448e+01 0.0000e+00
        231 211.810550    0.01597     0.9583     57.500      1.525  46454.909    29.4315    10.6005      1.511    6.45887    10.5980    22.5103   11.70272 2.6240e+01 0.0000e+00
        232 211.810553    0.01604     0.9625     57.750      1.533  46465.863    29.4391    10.5990      1.519    6.45877    10.5979    22.5164   11.70247 2.6495e+01 0.0000e+00
        233 211.810556    0.01611     0.9667     58.000      1.528  46475.151    29.4455    10.5982      1.514    6.45862    10.5983    22.5215   11.70215 2.7019e+01 0.0000e+00
        234 211.810558    0.01618     0.9708     58.250      1.512  46480.527    29.4493    10.5980      1.498    6.45848    10.5991    22.5245   11.70187 2.7659e+01 0.0000e+00
        235 211.810561    0.01625     0.9750     58.500      1.490  46480.546    29.4494    10.5985      1.476    6.45841    10.5999    22.5245   11.70176 2.8313e+01 0.0000e+00
        236 211.810564    0.01632     0.9792     58.750      1.468  46475.072    29.4456    10.5993      1.454    6.45846    10.6005    22.5214   11.70188 2.8842e+01 0.0000e+00
        237 211.810567    0.01639     0.9833     59.000      1.450  46465.968    29.4393    10.6001      1.436    6.45860    10.6006    22.5164   11.70219 2.9210e+01 0.0000e+00
        238 211.810570    0.01646     0.9875     59.250      1.439  46456.122    29.4325    10.6007      1.425    6.45880    10.6003    22.5110   11.70261 2.9509e+01 0.0000e+00
        239 211.810573    0.01653     0.9917     59.500      1.435  46447.889    29.4267    10.6008      1.421    6.45902    10.5995    22.5065   11.70304 2.9668e+01 0.0000e+00
        240 211.810576    0.01660     0.9958     59.750      1.437  46442.214    29.4227    10.6004      1.423    6.45923    10.5986    22.5034   11.70344 2.9537e+01 0.0000e+00
        241 211.810579    0.01667     1.0000     60.000      1.442  46438.961    29.4204    10.5997      1.428    6.45944    10.5977    22.5017   11.70381 2.9226e+01 0.0000e+00
        242 211.810582    0.01674     1.0042     60.250      1.449  46437.614    29.4193    10.5988      1.435    6.45961    10.5970    22.5010   11.70411 2.8996e+01 0.0000e+00
        243 211.810584    0.01681     1.0083     60.500      1.455  46437.645    29.4192    10.5979      1.441    6.45974    10.5964    22.5011   11.70432 2.8959e+01 0.0000e+00
        244 211.810587    0.01688     1.0125     60.750      1.458  46438.687    29.4199    10.5971      1.445    6.45981    10.5961    22.5017   11.70444 2.9059e+01 0.0000e+00
        245 211.810590    0.01694     1.0167     61.000      1.459  46440.535    29.4211    10.5966      1.445    6.45984    10.5958    22.5028   11.70447 2.9226e+01 0.0000e+00
        246 211.810593    0.01701     1.0208     61.250      1.455  46442.787    29.4227    10.5962      1.441    6.45983    10.5955    22.5040   11.70444 2.9444e+01 0.0000e+00
        247 211.810596    0.01708     1.0250     61.500      1.447  46444.267    29.4237    10.5959      1.433    6.45983    10.5950    22.5049   11.70442 2.9659e+01 0.0000e+00
        248 211.810599    0.01715     1.0292     61.750      1.435  46443.037    29.4228    10.5956      1.422    6.45991    10.5943    22.5042   11.70456 2.9744e+01 0.0000e+00
        249 211.810602    0.01722     1.0333     62.000      1.423  46439.240    29.4201    10.5951      1.410    6.46008    10.5935    22.5022   11.70489 2.9711e+01 0.0000e+00
        250 211.810605    0.01729     1.0375     62.250      1.411  46435.733    29.4175    10.5945      1.398    6.46028    10.5926    22.5003   11.70525 2.9690e+01 0.0000e+00
        251 211.810608    0.01736     1.0417     62.500      1.402  46433.808    29.4161    10.5936      1.389    6.46046    10.5918    22.4993   11.70556 2.9694e+01 0.0000e+00
        252 211.810611    0.01743     1.0458     62.750      1.391  46432.794    29.4153    10.5928      1.379    6.46062    10.5910    22.4989   11.70583 2.9703e+01 0.0000e+00
        253 211.810613    0.01750     1.0500     63.000      1.374  46432.172    29.4148    10.5920      1.362    6.46076    10.5904    22.4986   11.70606 2.9940e+01 0.0000e+00
        254 211.810616    0.01757     1.0542     63.250      1.343  46431.653    29.4143    10.5912      1.331    6.46088    10.5900    22.4984   11.70627 3.0674e+01 0.0000e+00
        255 211.810619    0.01764     1.0583     63.500      1.295  46431.169    29.4139    10.5906      1.283    6.46098    10.5898    22.4982   11.70644 3.1830e+01 0.0000e+00
        256 211.810622    0.01771     1.0625     63.750      1.235  46430.701    29.4136    10.5902      1.223    6.46105    10.5898    22.4980   11.70657 3.3100e+01 0.0000e+00
        257 211.810625    0.01778     1.0667     64.000      1.171  46430.190    29.4132    10.5900      1.160    6.46110    10.5899    22.4978   11.70665 3.4172e+01 0.0000e+00
        258 211.810628    0.01785     1.0708     64.250      1.115  46429.684    29.4129    10.5899      1.104    6.46111    10.5900    22.4975   11.70669 3.4946e+01 0.0000e+00
        259 211.810631    0.01792     1.0750     64.500      1.071  46429.261    29.4126    10.5900      1.061    6.46111    10.5902    22.4973   11.70669 3.5660e+01 0.0000e+00
        260 211.810634    0.01799     1.0792     64.750      1.041  46428.784    29.4123    10.5901      1.031    6.46111    10.5903    22.4970   11.70668 3.6498e+01 0.0000e+00
        261 211.810637    0.01806     1.0833     65.000      1.017  46428.094    29.4119    10.5903      1.007    6.46110    10.5903    22.4966   11.70668 3.7393e+01 0.0000e+00
        262 211.810639    0.01812     1.0875     65.250      0.997  46427.355    29.4114    10.5904      0.987    6.46111    10.5903    22.4962   11.70669 3.8199e+01 0.0000e+00
        263 211.810642    0.01819     1.0917     65.500      0.980  46426.750    29.4109    10.5904      0.970    6.46112    10.5902    22.4959   11.70672 3.8781e+01 0.0000e+00
        264 211.810645    0.01826     1.0958     65.750      0.970  46426.247    29.4106    10.5904      0.961    6.46114    10.5901    22.4956   11.70676 3.9073e+01 0.0000e+00
        265 211.810648    0.01833     1.1000     66.000      0.978  46425.914    29.4103    10.5903      0.969    6.46117    10.5900    22.4954   11.70680 3.8882e+01 0.0000e+00
        266 211.810651    0.01840     1.1042     66.250      1.017  46425.863    29.4103    10.5902      1.007    6.46118    10.5900    22.4954   11.70682 3.7706e+01 0.0000e+00
        267 211.810654    0.01847     1.1083     66.500      1.103  46426.139    29.4104    10.5902      1.093    6.46118    10.5901    22.4955   11.70683 3.5351e+01 0.0000e+00
        268 211.810657    0.01854     1.1125     66.750      1.238  46427.172    29.4111    10.5901      1.226    6.46116    10.5903    22.4960   11.70678 3.2270e+01 0.0000e+00
        269 211.810660    0.01861     1.1167     67.000      1.408  46429.151    29.4124    10.5902      1.395    6.46109    10.5907    22.4971   11.70665 2.8897e+01 0.0000e+00
        270 211.810663    0.01868     1.1208     67.250      1.602  46431.564    29.4141    10.5905      1.587    6.46099    10.5913    22.4983   11.70646 2.5412e+01 0.0000e+00
        271 211.810666    0.01875     1.1250     67.500      1.808  46433.953    29.4157    10.5909      1.792    6.46086    10.5918    22.4995   11.70622 2.2032e+01 0.0000e+00
