CTD-processing/allCTD/CNV--turbid/2012-07-21-cookinlet-tran9-cast186-s01.cnv
* Sea-Bird SBE19plus Data File:
* FileName = C:\Documents and Settings\kris.holderied.local\My Documents\CTD-data-upload-2012-07-28\CTD5028-upload-2012-07-28-cast186.hex
* Software Version 1.54
* Temperature SN =  5028
* Conductivity SN =  5028
* System UpLoad Time = Jul 28 2012 12:33:21
** Kachemak Bay - CTD data - upload all 2012-07-28
** Date:  2012-07-21   high Tide (x of 2 lines)
** Station: 9.01
** Start time (AKDT-24 hr):1638
** Depth (ft):232
** Comments:  Very clear water. Small knot in rope caused delay
# nquan = 16
# nvalues = 536                         
# units = specified
# name 0 = scan: Scan Count
# name 1 = timeJ: Julian Days
# name 2 = timeH: Time, Elapsed [hours]
# name 3 = timeM: Time, Elapsed [minutes]
# name 4 = timeS: Time, Elapsed [seconds]
# name 5 = prdM: Pressure, Strain Gauge [db]
# name 6 = specc: Specific Conductance [uS/cm]
# name 7 = sal00: Salinity, Practical [PSU]
# name 8 = tv290C: Temperature [ITS-90, deg C]
# name 9 = depSM: Depth [salt water, m], lat = 59.00
# name 10 = oxsolML/L: Oxygen Saturation, Garcia & Gordon [ml/l]
# name 11 = potemp090C: Potential Temperature [ITS-90, deg C]
# name 12 = sigma-é00: Density [sigma-theta, kg/m^3]
# name 13 = n2satML/L: Nitrogen Saturation [ml/l]
# name 14 = par: PAR/Irradiance, Biospherical/Licor [umol photons/m^2/sec]
# name 15 = flag:  0.000e+00
# span 0 =          1,        536       
# span 1 = 203.695463, 203.697011       
# span 2 =    0.00000,    0.03715       
# span 3 =     0.0000,     2.2292       
# span 4 =      0.000,    133.750       
# span 5 =     -0.085,     69.234       
# span 6 =      1.631,  49977.618       
# span 7 =     0.0075,    31.4525       
# span 8 =     7.5527,    13.4258       
# span 9 =     -0.085,     68.576       
# span 10 =    6.48023,    7.30345      
# span 11 =     7.5464,    13.4258      
# span 12 =    -0.6702,    24.5523      
# span 13 =   11.73738,   13.49951      
# span 14 = 6.5983e-02, 2.6101e+02      
# span 15 = 0.0000e+00, 0.0000e+00      
# interval = seconds: 0.25
# start_time = Jul 21 2012 16:41:28 [Instrument's time stamp, header]
# bad_flag = -9.990e-29
*END*
[from data line 452]
        453 203.696771    0.03139     1.8833    113.000     37.752  49592.785    31.3410     8.4616     37.395    6.68899     8.4497    24.3355   12.06090 8.1214e-02 0.0000e+00
        454 203.696774    0.03146     1.8875    113.250     38.138  49597.601    31.3435     8.4569     37.778    6.68959     8.4470    24.3381   12.06186 8.0396e-02 0.0000e+00
        455 203.696777    0.03153     1.8917    113.500     38.524  49600.599    31.3449     8.4535     38.160    6.69004     8.4418    24.3397   12.06259 7.9629e-02 0.0000e+00
        456 203.696780    0.03160     1.8958    113.750     38.909  49595.180    31.3406     8.4508     38.541    6.69064     8.4290    24.3367   12.06362 7.8919e-02 0.0000e+00
        457 203.696782    0.03167     1.9000    114.000     39.294  49579.704    31.3288     8.4456     38.922    6.69193     8.4063    24.3282   12.06590 7.8258e-02 0.0000e+00
        458 203.696785    0.03174     1.9042    114.250     39.678  49565.193    31.3165     8.4329     39.303    6.69438     8.3782    24.3205   12.07011 7.7640e-02 0.0000e+00
        459 203.696788    0.03181     1.9083    114.500     40.062  49567.929    31.3149     8.4102     39.684    6.69787     8.3517    24.3225   12.07590 7.7054e-02 0.0000e+00
        460 203.696791    0.03188     1.9125    114.750     40.445  49588.634    31.3249     8.3821     40.064    6.70167     8.3309    24.3345   12.08207 7.6502e-02 0.0000e+00
        461 203.696794    0.03194     1.9167    115.000     40.829  49615.022    31.3392     8.3556     40.444    6.70504     8.3163    24.3496   12.08747 7.5988e-02 0.0000e+00
        462 203.696797    0.03201     1.9208    115.250     41.213  49638.582    31.3524     8.3348     40.824    6.70761     8.3069    24.3629   12.09156 7.5515e-02 0.0000e+00
        463 203.696800    0.03208     1.9250    115.500     41.598  49656.653    31.3627     8.3203     41.205    6.70936     8.3011    24.3731   12.09433 7.5091e-02 0.0000e+00
        464 203.696803    0.03215     1.9292    115.750     41.983  49668.643    31.3695     8.3109     41.587    6.71048     8.2971    24.3798   12.09610 7.4709e-02 0.0000e+00
        465 203.696806    0.03222     1.9333    116.000     42.370  49674.986    31.3729     8.3052     41.970    6.71120     8.2938    24.3833   12.09725 7.4347e-02 0.0000e+00
        466 203.696808    0.03229     1.9375    116.250     42.757  49678.155    31.3743     8.3013     42.353    6.71173     8.2907    24.3850   12.09811 7.3998e-02 0.0000e+00
        467 203.696811    0.03236     1.9417    116.500     43.146  49680.243    31.3751     8.2980     42.738    6.71219     8.2874    24.3861   12.09886 7.3661e-02 0.0000e+00
        468 203.696814    0.03243     1.9458    116.750     43.538  49681.568    31.3754     8.2949     43.126    6.71264     8.2839    24.3868   12.09961 7.3335e-02 0.0000e+00
        469 203.696817    0.03250     1.9500    117.000     43.931  49683.082    31.3758     8.2916     43.515    6.71312     8.2806    24.3876   12.10040 7.3016e-02 0.0000e+00
        470 203.696820    0.03257     1.9542    117.250     44.326  49685.667    31.3769     8.2882     43.906    6.71360     8.2777    24.3889   12.10117 7.2707e-02 0.0000e+00
        471 203.696823    0.03264     1.9583    117.500     44.722  49688.588    31.3782     8.2849     44.299    6.71404     8.2754    24.3905   12.10188 7.2413e-02 0.0000e+00
        472 203.696826    0.03271     1.9625    117.750     45.122  49691.058    31.3794     8.2821     44.696    6.71441     8.2734    24.3918   12.10248 7.2127e-02 0.0000e+00
        473 203.696829    0.03278     1.9667    118.000     45.526  49693.074    31.3803     8.2798     45.095    6.71473     8.2716    24.3928   12.10299 7.1851e-02 0.0000e+00
        474 203.696832    0.03285     1.9708    118.250     45.931  49694.589    31.3808     8.2778     45.497    6.71500     8.2699    24.3936   12.10343 7.1590e-02 0.0000e+00
        475 203.696834    0.03292     1.9750    118.500     46.338  49695.490    31.3810     8.2761     45.899    6.71525     8.2681    24.3940   12.10385 7.1358e-02 0.0000e+00
        476 203.696837    0.03299     1.9792    118.750     46.743  49696.014    31.3810     8.2744     46.301    6.71551     8.2661    24.3942   12.10427 7.1164e-02 0.0000e+00
        477 203.696840    0.03306     1.9833    119.000     47.148  49696.665    31.3810     8.2726     46.702    6.71578     8.2643    24.3944   12.10472 7.0993e-02 0.0000e+00
        478 203.696843    0.03313     1.9875    119.250     47.553  49697.696    31.3812     8.2707     47.103    6.71605     8.2626    24.3949   12.10517 7.0831e-02 0.0000e+00
        479 203.696846    0.03319     1.9917    119.500     47.957  49698.786    31.3815     8.2689     47.503    6.71631     8.2610    24.3954   12.10560 7.0670e-02 0.0000e+00
        480 203.696849    0.03326     1.9958    119.750     48.360  49699.692    31.3817     8.2673     47.902    6.71655     8.2594    24.3958   12.10600 7.0507e-02 0.0000e+00
        481 203.696852    0.03333     2.0000    120.000     48.763  49700.505    31.3819     8.2657     48.302    6.71678     8.2578    24.3962   12.10638 7.0351e-02 0.0000e+00
        482 203.696855    0.03340     2.0042    120.250     49.166  49701.155    31.3820     8.2641     48.700    6.71702     8.2559    24.3965   12.10677 7.0206e-02 0.0000e+00
        483 203.696858    0.03347     2.0083    120.500     49.567  49701.489    31.3818     8.2625     49.098    6.71727     8.2536    24.3966   12.10718 7.0081e-02 0.0000e+00
        484 203.696861    0.03354     2.0125    120.750     49.969  49701.447    31.3813     8.2607     49.496    6.71757     8.2506    24.3964   12.10768 6.9959e-02 0.0000e+00
        485 203.696863    0.03361     2.0167    121.000     50.369  49700.736    31.3802     8.2585     49.892    6.71795     8.2466    24.3959   12.10833 6.9798e-02 0.0000e+00
        486 203.696866    0.03368     2.0208    121.250     50.767  49699.866    31.3790     8.2555     50.287    6.71846     8.2418    24.3954   12.10919 6.9614e-02 0.0000e+00
        487 203.696869    0.03375     2.0250    121.500     51.165  49700.390    31.3785     8.2515     50.681    6.71908     8.2368    24.3957   12.11023 6.9443e-02 0.0000e+00
        488 203.696872    0.03382     2.0292    121.750     51.563  49702.381    31.3790     8.2467     51.074    6.71978     8.2318    24.3967   12.11137 6.9281e-02 0.0000e+00
        489 203.696875    0.03389     2.0333    122.000     51.960  49704.708    31.3797     8.2418     51.468    6.72050     8.2269    24.3980   12.11255 6.9121e-02 0.0000e+00
        490 203.696878    0.03396     2.0375    122.250     52.358  49707.066    31.3804     8.2369     51.861    6.72122     8.2221    24.3993   12.11373 6.8980e-02 0.0000e+00
        491 203.696881    0.03403     2.0417    122.500     52.755  49709.658    31.3813     8.2320     52.254    6.72192     8.2175    24.4007   12.11489 6.8883e-02 0.0000e+00
        492 203.696884    0.03410     2.0458    122.750     53.151  49712.416    31.3824     8.2272     52.647    6.72260     8.2132    24.4022   12.11601 6.8809e-02 0.0000e+00
        493 203.696887    0.03417     2.0500    123.000     53.548  49714.680    31.3831     8.2227     53.039    6.72326     8.2085    24.4034   12.11708 6.8727e-02 0.0000e+00
        494 203.696889    0.03424     2.0542    123.250     53.943  49715.824    31.3830     8.2184     53.431    6.72392     8.2030    24.4040   12.11818 6.8640e-02 0.0000e+00
        495 203.696892    0.03431     2.0583    123.500     54.338  49715.641    31.3820     8.2138     53.823    6.72466     8.1959    24.4039   12.11942 6.8559e-02 0.0000e+00
        496 203.696895    0.03438     2.0625    123.750     54.732  49713.819    31.3797     8.2083     54.213    6.72560     8.1858    24.4029   12.12099 6.8475e-02 0.0000e+00
        497 203.696898    0.03444     2.0667    124.000     55.125  49709.686    31.3756     8.2011     54.603    6.72687     8.1707    24.4006   12.12315 6.8389e-02 0.0000e+00
        498 203.696901    0.03451     2.0708    124.250     55.519  49701.683    31.3682     8.1911     54.993    6.72873     8.1475    24.3963   12.12631 6.8310e-02 0.0000e+00
        499 203.696904    0.03458     2.0750    124.500     55.913  49687.874    31.3560     8.1760     55.383    6.73156     8.1134    24.3889   12.13114 6.8237e-02 0.0000e+00
        500 203.696907    0.03465     2.0792    124.750     56.306  49670.546    31.3401     8.1529     55.772    6.73578     8.0683    24.3798   12.13833 6.8168e-02 0.0000e+00
        501 203.696910    0.03472     2.0833    125.000     56.699  49658.794    31.3264     8.1188     56.162    6.74159     8.0157    24.3739   12.14810 6.8107e-02 0.0000e+00
        502 203.696913    0.03479     2.0875    125.250     57.093  49660.318    31.3202     8.0737     56.552    6.74875     7.9605    24.3755   12.16003 6.8057e-02 0.0000e+00
        503 203.696916    0.03486     2.0917    125.500     57.487  49676.292    31.3230     8.0211     56.941    6.75668     7.9072    24.3851   12.17312 6.8015e-02 0.0000e+00
        504 203.696918    0.03493     2.0958    125.750     57.880  49704.288    31.3336     7.9659     57.331    6.76468     7.8596    24.4013   12.18621 6.7969e-02 0.0000e+00
        505 203.696921    0.03500     2.1000    126.000     58.273  49739.291    31.3495     7.9127     57.720    6.77215     7.8190    24.4212   12.19839 6.7910e-02 0.0000e+00
        506 203.696924    0.03507     2.1042    126.250     58.666  49774.426    31.3662     7.8650     58.109    6.77874     7.7846    24.4411   12.20908 6.7836e-02 0.0000e+00
        507 203.696927    0.03514     2.1083    126.500     59.059  49804.025    31.3802     7.8244     58.498    6.78437     7.7553    24.4578   12.21821 6.7749e-02 0.0000e+00
        508 203.696930    0.03521     2.1125    126.750     59.451  49828.702    31.3918     7.7901     58.887    6.78915     7.7310    24.4716   12.22598 6.7660e-02 0.0000e+00
        509 203.696933    0.03528     2.1167    127.000     59.843  49851.870    31.4031     7.7608     59.275    6.79317     7.7119    24.4846   12.23248 6.7577e-02 0.0000e+00
        510 203.696936    0.03535     2.1208    127.250     60.236  49873.441    31.4141     7.7366     59.664    6.79643     7.6975    24.4966   12.23775 6.7514e-02 0.0000e+00
        511 203.696939    0.03542     2.1250    127.500     60.628  49891.599    31.4235     7.7175     60.053    6.79897     7.6868    24.5066   12.24183 6.7479e-02 0.0000e+00
        512 203.696942    0.03549     2.1292    127.750     61.022  49905.073    31.4304     7.7031     60.442    6.80088     7.6783    24.5140   12.24491 6.7438e-02 0.0000e+00
        513 203.696944    0.03556     2.1333    128.000     61.416  49913.589    31.4344     7.6924     60.833    6.80235     7.6707    24.5187   12.24729 6.7367e-02 0.0000e+00
        514 203.696947    0.03562     2.1375    128.250     61.810  49918.429    31.4362     7.6840     61.223    6.80358     7.6634    24.5213   12.24931 6.7290e-02 0.0000e+00
        515 203.696950    0.03569     2.1417    128.500     62.204  49922.173    31.4374     7.6764     61.613    6.80471     7.6568    24.5233   12.25115 6.7219e-02 0.0000e+00
        516 203.696953    0.03576     2.1458    128.750     62.598  49926.783    31.4393     7.6692     62.003    6.80575     7.6512    24.5258   12.25285 6.7145e-02 0.0000e+00
        517 203.696956    0.03583     2.1500    129.000     62.991  49931.997    31.4417     7.6626     62.393    6.80667     7.6466    24.5285   12.25434 6.7075e-02 0.0000e+00
        518 203.696959    0.03590     2.1542    129.250     63.385  49936.290    31.4436     7.6570     62.783    6.80744     7.6425    24.5308   12.25559 6.7020e-02 0.0000e+00
        519 203.696962    0.03597     2.1583    129.500     63.778  49938.789    31.4444     7.6525     63.172    6.80811     7.6382    24.5321   12.25668 6.6963e-02 0.0000e+00
        520 203.696965    0.03604     2.1625    129.750     64.171  49940.226    31.4445     7.6484     63.561    6.80875     7.6341    24.5328   12.25773 6.6890e-02 0.0000e+00
        521 203.696968    0.03611     2.1667    130.000     64.563  49942.150    31.4450     7.6442     63.950    6.80938     7.6303    24.5337   12.25877 6.6820e-02 0.0000e+00
        522 203.696970    0.03618     2.1708    130.250     64.956  49944.781    31.4460     7.6400     64.338    6.80997     7.6267    24.5351   12.25974 6.6759e-02 0.0000e+00
        523 203.696973    0.03625     2.1750    130.500     65.348  49946.658    31.4465     7.6363     64.727    6.81052     7.6226    24.5360   12.26066 6.6697e-02 0.0000e+00
        524 203.696976    0.03632     2.1792    130.750     65.740  49946.851    31.4459     7.6327     65.115    6.81111     7.6177    24.5360   12.26163 6.6636e-02 0.0000e+00
        525 203.696979    0.03639     2.1833    131.000     66.131  49946.663    31.4449     7.6287     65.501    6.81178     7.6124    24.5358   12.26275 6.6577e-02 0.0000e+00
        526 203.696982    0.03646     2.1875    131.250     66.519  49947.714    31.4447     7.6239     65.886    6.81255     7.6066    24.5363   12.26402 6.6509e-02 0.0000e+00
        527 203.696985    0.03653     2.1917    131.500     66.904  49949.005    31.4445     7.6185     66.268    6.81338     7.5997    24.5369   12.26541 6.6434e-02 0.0000e+00
        528 203.696988    0.03660     2.1958    131.750     67.284  49948.466    31.4430     7.6128     66.644    6.81434     7.5913    24.5366   12.26701 6.6363e-02 0.0000e+00
        529 203.696991    0.03667     2.2000    132.000     67.656  49947.304    31.4409     7.6060     67.012    6.81550     7.5816    24.5358   12.26894 6.6306e-02 0.0000e+00
        530 203.696994    0.03674     2.2042    132.250     68.014  49948.021    31.4399     7.5975     67.368    6.81686     7.5715    24.5362   12.27121 6.6251e-02 0.0000e+00
        531 203.696997    0.03681     2.2083    132.500     68.351  49950.662    31.4400     7.5879     67.701    6.81835     7.5618    24.5376   12.27368 6.6176e-02 0.0000e+00
        532 203.696999    0.03687     2.2125    132.750     68.651  49955.126    31.4413     7.5778     67.999    6.81987     7.5536    24.5400   12.27616 6.6102e-02 0.0000e+00
        533 203.697002    0.03694     2.2167    133.000     68.900  49961.793    31.4442     7.5681     68.245    6.82125     7.5483    24.5436   12.27842 6.6054e-02 0.0000e+00
        534 203.697005    0.03701     2.2208    133.250     69.084  49969.386    31.4480     7.5599     68.427    6.82235     7.5464    24.5478   12.28019 6.6020e-02 0.0000e+00
        535 203.697008    0.03708     2.2250    133.500     69.196  49975.366    31.4513     7.5546     68.538    6.82304 -9.990e-29    24.5511   12.28129 6.5993e-02 0.0000e+00
        536 203.697011    0.03715     2.2292    133.750     69.234  49977.618    31.4525     7.5527     68.576    6.82328 -9.990e-29    24.5523   12.28167 6.5983e-02 0.0000e+00
