CTD-processing/allCTD/CNV--turbid/2012_06-05a_t9_s09a_cast040.cnv
* Sea-Bird SBE19plus Data File:
* FileName = C:\Documents and Settings\kris.holderied.local\My Documents\2012-KBRR-CTD-Kachemak-Bay\2012-KBRR-CTD-cast040.hex
* Software Version 1.54
* Temperature SN =  4141
* Conductivity SN =  4141
* System UpLoad Time = Jul 24 2012 22:05:36
** Kachemak Bay - Homer Spit Line CTD Survey
** Date:  2012-xx-xx   xxxx Tide (x of 2 lines)
** Station: 9-09
** Start time (AKDT-24 hr): 17:27
** Depth (m): 82.9
** Comments:  CTD time set wrong by 1 hour
# nquan = 16
# nvalues = 701                         
# units = specified
# name 0 = scan: Scan Count
# name 1 = timeJ: Julian Days
# name 2 = timeH: Time, Elapsed [hours]
# name 3 = timeM: Time, Elapsed [minutes]
# name 4 = timeS: Time, Elapsed [seconds]
# name 5 = prdM: Pressure, Strain Gauge [db]
# name 6 = specc: Specific Conductance [uS/cm]
# name 7 = sal00: Salinity, Practical [PSU]
# name 8 = tv290C: Temperature [ITS-90, deg C]
# name 9 = depSM: Depth [salt water, m], lat = 59.00
# name 10 = oxsolML/L: Oxygen Saturation, Garcia & Gordon [ml/l]
# name 11 = potemp090C: Potential Temperature [ITS-90, deg C]
# name 12 = sigma-é00: Density [sigma-theta, kg/m^3]
# name 13 = n2satML/L: Nitrogen Saturation [ml/l]
# name 14 = par: PAR/Irradiance, Biospherical/Licor
# name 15 = flag:  0.000e+00
# span 0 =          1,        701       
# span 1 = 157.768970, 157.770995       
# span 2 =    0.00000,    0.04861       
# span 3 =     0.0000,     2.9167       
# span 4 =      0.000,    175.000       
# span 5 =     -0.067,     75.606       
# span 6 =    773.843,  50973.858       
# span 7 =     0.3692,    31.6590       
# span 8 =     5.0115,     7.2643       
# span 9 =     -0.067,     74.885       
# span 10 =    6.89538,    8.48097      
# span 11 =     5.0061,     7.2642      
# span 12 =     0.1998,    25.0250      
# span 13 =   12.40830,   15.48407      
# span 14 = 3.6382e-02, 7.3753e+02      
# span 15 = 0.0000e+00, 0.0000e+00      
# interval = seconds: 0.25
# start_time = Jun 05 2012 18:27:19 [Instrument's time stamp, header]
# bad_flag = -9.990e-29
*END*
[from data line 272]
        273 157.769757    0.01889     1.1333     68.000      1.844  49200.806    30.8860     7.2145      1.827    6.90199     7.2137    24.1517   12.41892 3.5980e+02 0.0000e+00
        274 157.769760    0.01896     1.1375     68.250      1.849  49203.285    30.8876     7.2138      1.832    6.90204     7.2145    24.1530   12.41898 3.5547e+02 0.0000e+00
        275 157.769763    0.01903     1.1417     68.500      1.863  49204.386    30.8884     7.2138      1.846    6.90199     7.2159    24.1536   12.41890 3.5141e+02 0.0000e+00
        276 157.769766    0.01910     1.1458     68.750      1.881  49203.966    30.8882     7.2147      1.863    6.90186     7.2176    24.1534   12.41868 3.4689e+02 0.0000e+00
        277 157.769769    0.01917     1.1500     69.000      1.897  49202.241    30.8873     7.2161      1.879    6.90168     7.2191    24.1524   12.41839 3.4712e+02 0.0000e+00
        278 157.769771    0.01924     1.1542     69.250      1.909  49199.776    30.8858     7.2178      1.891    6.90149     7.2205    24.1511   12.41809 3.5251e+02 0.0000e+00
        279 157.769774    0.01931     1.1583     69.500      1.916  49197.130    30.8842     7.2193      1.898    6.90131     7.2216    24.1496   12.41782 3.5504e+02 0.0000e+00
        280 157.769777    0.01938     1.1625     69.750      1.920  49194.530    30.8826     7.2206      1.902    6.90117     7.2225    24.1482   12.41760 3.5465e+02 0.0000e+00
        281 157.769780    0.01944     1.1667     70.000      1.919  49191.990    30.8811     7.2218      1.901    6.90106     7.2231    24.1468   12.41744 3.5758e+02 0.0000e+00
        282 157.769783    0.01951     1.1708     70.250      1.914  49189.565    30.8795     7.2227      1.896    6.90099     7.2234    24.1455   12.41733 3.5664e+02 0.0000e+00
        283 157.769786    0.01958     1.1750     70.500      1.905  49187.507    30.8782     7.2233      1.887    6.90095     7.2234    24.1444   12.41729 3.4902e+02 0.0000e+00
        284 157.769789    0.01965     1.1792     70.750      1.895  49186.179    30.8773     7.2236      1.877    6.90095     7.2232    24.1437   12.41730 3.4178e+02 0.0000e+00
        285 157.769792    0.01972     1.1833     71.000      1.887  49185.773    30.8771     7.2236      1.870    6.90096     7.2229    24.1435   12.41732 3.3994e+02 0.0000e+00
        286 157.769795    0.01979     1.1875     71.250      1.886  49186.183    30.8773     7.2234      1.868    6.90097     7.2227    24.1437   12.41734 3.4750e+02 0.0000e+00
        287 157.769797    0.01986     1.1917     71.500      1.890  49187.002    30.8778     7.2231      1.872    6.90100     7.2225    24.1441   12.41737 3.6100e+02 0.0000e+00
        288 157.769800    0.01993     1.1958     71.750      1.897  49187.742    30.8783     7.2228      1.879    6.90102     7.2222    24.1445   12.41740 3.7030e+02 0.0000e+00
        289 157.769803    0.02000     1.2000     72.000      1.904  49188.285    30.8786     7.2226      1.886    6.90104     7.2220    24.1448   12.41744 3.7045e+02 0.0000e+00
        290 157.769806    0.02007     1.2042     72.250      1.912  49188.948    30.8791     7.2224      1.894    6.90105     7.2219    24.1452   12.41746 3.6707e+02 0.0000e+00
        291 157.769809    0.02014     1.2083     72.500      1.924  49189.987    30.8797     7.2222      1.906    6.90106     7.2217    24.1458   12.41745 3.5757e+02 0.0000e+00
        292 157.769812    0.02021     1.2125     72.750      1.938  49191.229    30.8806     7.2220      1.920    6.90104     7.2210    24.1464   12.41742 3.3272e+02 0.0000e+00
        293 157.769815    0.02028     1.2167     73.000      1.952  49192.228    30.8812     7.2218      1.934    6.90105     7.2195    24.1470   12.41742 3.0452e+02 0.0000e+00
        294 157.769818    0.02035     1.2208     73.250      1.958  49192.782    30.8815     7.2211      1.940    6.90115     7.2173    24.1472   12.41758 2.8922e+02 0.0000e+00
        295 157.769821    0.02042     1.2250     73.500      1.951  49193.326    30.8816     7.2197      1.932    6.90137     7.2148    24.1475   12.41795 2.8705e+02 0.0000e+00
        296 157.769823    0.02049     1.2292     73.750      1.930  49194.537    30.8821     7.2175      1.912    6.90169     7.2122    24.1482   12.41847 2.9448e+02 0.0000e+00
        297 157.769826    0.02056     1.2333     74.000      1.901  49196.859    30.8833     7.2150      1.884    6.90204     7.2095    24.1495   12.41902 3.0572e+02 0.0000e+00
        298 157.769829    0.02063     1.2375     74.250      1.877  49200.457    30.8854     7.2123      1.860    6.90237     7.2068    24.1515   12.41955 3.1130e+02 0.0000e+00
        299 157.769832    0.02069     1.2417     74.500      1.868  49204.857    30.8880     7.2096      1.850    6.90268     7.2038    24.1539   12.42004 3.1215e+02 0.0000e+00
        300 157.769835    0.02076     1.2458     74.750      1.879  49209.004    30.8904     7.2069      1.862    6.90300     7.2004    24.1561   12.42054 3.1370e+02 0.0000e+00
        301 157.769838    0.02083     1.2500     75.000      1.911  49212.251    30.8922     7.2040      1.894    6.90340     7.1969    24.1579   12.42116 3.1462e+02 0.0000e+00
        302 157.769841    0.02090     1.2542     75.250      1.954  49215.076    30.8935     7.2005      1.936    6.90388     7.1941    24.1594   12.42194 3.1547e+02 0.0000e+00
        303 157.769844    0.02097     1.2583     75.500      1.993  49218.268    30.8951     7.1971      1.975    6.90435     7.1921    24.1612   12.42271 3.1523e+02 0.0000e+00
        304 157.769847    0.02104     1.2625     75.750      2.016  49221.673    30.8970     7.1943      1.998    6.90471     7.1908    24.1630   12.42328 3.1182e+02 0.0000e+00
        305 157.769850    0.02111     1.2667     76.000      2.017  49224.704    30.8988     7.1923      1.999    6.90494     7.1898    24.1647   12.42364 3.0726e+02 0.0000e+00
        306 157.769852    0.02118     1.2708     76.250      1.997  49227.167    30.9003     7.1909      1.979    6.90509     7.1888    24.1660   12.42387 3.0585e+02 0.0000e+00
        307 157.769855    0.02125     1.2750     76.500      1.964  49229.032    30.9014     7.1899      1.946    6.90520     7.1873    24.1670   12.42404 3.1070e+02 0.0000e+00
        308 157.769858    0.02132     1.2792     76.750      1.928  49230.507    30.9023     7.1889      1.910    6.90532     7.1848    24.1679   12.42423 3.2101e+02 0.0000e+00
        309 157.769861    0.02139     1.2833     77.000      1.899  49232.269    30.9033     7.1875      1.882    6.90550     7.1803    24.1688   12.42451 3.3450e+02 0.0000e+00
        310 157.769864    0.02146     1.2875     77.250      1.884  49235.350    30.9050     7.1850      1.866    6.90582     7.1725    24.1705   12.42502 3.4106e+02 0.0000e+00
        311 157.769867    0.02153     1.2917     77.500      1.885  49241.120    30.9083     7.1805      1.868    6.90640     7.1599    24.1737   12.42593 3.3060e+02 0.0000e+00
        312 157.769870    0.02160     1.2958     77.750      1.902  49251.423    30.9141     7.1726      1.884    6.90738     7.1425    24.1793   12.42749 3.1029e+02 0.0000e+00
        313 157.769873    0.02167     1.3000     78.000      1.927  49268.513    30.9238     7.1600      1.910    6.90895     7.1232    24.1886   12.42996 2.9364e+02 0.0000e+00
        314 157.769876    0.02174     1.3042     78.250      1.952  49293.502    30.9382     7.1426      1.935    6.91107     7.1057    24.2022   12.43328 2.8643e+02 0.0000e+00
        315 157.769878    0.02181     1.3083     78.500      1.970  49323.330    30.9557     7.1233      1.952    6.91335     7.0924    24.2184   12.43684 2.8867e+02 0.0000e+00
        316 157.769881    0.02187     1.3125     78.750      1.977  49351.579    30.9723     7.1058      1.959    6.91539     7.0849    24.2338   12.44000 2.9369e+02 0.0000e+00
        317 157.769884    0.02194     1.3167     79.000      1.976  49373.109    30.9850     7.0925      1.958    6.91693     7.0835    24.2456   12.44239 2.9607e+02 0.0000e+00
        318 157.769887    0.02201     1.3208     79.250      1.968  49385.263    30.9922     7.0850      1.950    6.91781     7.0874    24.2522   12.44375 2.9800e+02 0.0000e+00
        319 157.769890    0.02208     1.3250     79.500      1.954  49387.162    30.9933     7.0837      1.936    6.91797     7.0945    24.2532   12.44400 3.0111e+02 0.0000e+00
        320 157.769893    0.02215     1.3292     79.750      1.934  49379.991    30.9890     7.0876      1.916    6.91754     7.1025    24.2493   12.44335 3.1266e+02 0.0000e+00
        321 157.769896    0.02222     1.3333     80.000      1.913  49366.338    30.9808     7.0947      1.896    6.91678     7.1085    24.2419   12.44219 3.3962e+02 0.0000e+00
        322 157.769899    0.02229     1.3375     80.250      1.898  49349.191    30.9702     7.1026      1.881    6.91599     7.1097    24.2326   12.44102 3.6861e+02 0.0000e+00
        323 157.769902    0.02236     1.3417     80.500      1.897  49331.691    30.9591     7.1087      1.879    6.91554     7.1033    24.2230   12.44041 3.7485e+02 0.0000e+00
        324 157.769905    0.02243     1.3458     80.750      1.913  49317.213    30.9492     7.1099      1.895    6.91579     7.0877    24.2151   12.44094 3.5689e+02 0.0000e+00
        325 157.769907    0.02250     1.3500     81.000      1.945  49310.028    30.9431     7.1035      1.927    6.91708     7.0655    24.2111   12.44317 3.4088e+02 0.0000e+00
        326 157.769910    0.02257     1.3542     81.250      1.982  49317.629    30.9457     7.0879      1.964    6.91947     7.0437    24.2152   12.44708 3.3491e+02 0.0000e+00
        327 157.769913    0.02264     1.3583     81.500      2.011  49345.972    30.9616     7.0657      1.993    6.92229     7.0291    24.2306   12.45155 3.2928e+02 0.0000e+00
        328 157.769916    0.02271     1.3625     81.750      2.023  49387.114    30.9864     7.0439      2.004    6.92464     7.0259    24.2530   12.45512 3.2903e+02 0.0000e+00
        329 157.769919    0.02278     1.3667     82.000      2.014  49421.623    31.0079     7.0293      1.995    6.92599     7.0337    24.2718   12.45709 3.3483e+02 0.0000e+00
        330 157.769922    0.02285     1.3708     82.250      1.991  49434.169    31.0161     7.0261      1.972    6.92614     7.0469    24.2787   12.45723 3.3649e+02 0.0000e+00
        331 157.769925    0.02292     1.3750     82.500      1.964  49422.064    31.0090     7.0339      1.945    6.92521     7.0586    24.2721   12.45579 3.3671e+02 0.0000e+00
        332 157.769928    0.02299     1.3792     82.750      1.946  49394.316    30.9920     7.0471      1.928    6.92387     7.0638    24.2570   12.45378 3.4335e+02 0.0000e+00
        333 157.769931    0.02306     1.3833     83.000      1.945  49365.404    30.9739     7.0587      1.926    6.92283     7.0609    24.2413   12.45229 3.5053e+02 0.0000e+00
        334 157.769933    0.02313     1.3875     83.250      1.960  49346.844    30.9619     7.0640      1.942    6.92254     7.0513    24.2311   12.45196 3.5014e+02 0.0000e+00
        335 157.769936    0.02319     1.3917     83.500      1.986  49342.931    30.9587     7.0610      1.967    6.92316     7.0389    24.2290   12.45302 3.4584e+02 0.0000e+00
        336 157.769939    0.02326     1.3958     83.750      2.013  49353.554    30.9645     7.0514      1.993    6.92443     7.0276    24.2347   12.45505 3.4206e+02 0.0000e+00
        337 157.769942    0.02333     1.4000     84.000      2.032  49375.666    30.9777     7.0391      2.013    6.92580     7.0192    24.2467   12.45715 3.3744e+02 0.0000e+00
        338 157.769945    0.02340     1.4042     84.250      2.041  49402.235    30.9942     7.0277      2.022    6.92687     7.0150    24.2612   12.45871 3.3225e+02 0.0000e+00
        339 157.769948    0.02347     1.4083     84.500      2.040  49425.527    31.0089     7.0194      2.021    6.92753     7.0151    24.2739   12.45961 3.2939e+02 0.0000e+00
        340 157.769951    0.02354     1.4125     84.750      2.030  49440.852    31.0189     7.0151      2.011    6.92776     7.0189    24.2822   12.45987 3.3151e+02 0.0000e+00
        341 157.769954    0.02361     1.4167     85.000      2.015  49446.384    31.0227     7.0152      1.997    6.92756     7.0247    24.2853   12.45950 3.3772e+02 0.0000e+00
        342 157.769957    0.02368     1.4208     85.250      2.000  49442.422    31.0206     7.0191      1.981    6.92705     7.0299    24.2831   12.45868 3.3989e+02 0.0000e+00
        343 157.769959    0.02375     1.4250     85.500      1.988  49431.089    31.0138     7.0249      1.969    6.92643     7.0319    24.2770   12.45774 3.3371e+02 0.0000e+00
        344 157.769962    0.02382     1.4292     85.750      1.983  49415.849    31.0041     7.0301      1.965    6.92604     7.0294    24.2687   12.45722 3.2506e+02 0.0000e+00
        345 157.769965    0.02389     1.4333     86.000      1.989  49401.039    30.9942     7.0321      1.971    6.92617     7.0217    24.2606   12.45755 3.1860e+02 0.0000e+00
        346 157.769968    0.02396     1.4375     86.250      2.008  49391.536    30.9871     7.0296      1.989    6.92690     7.0096    24.2554   12.45885 3.1362e+02 0.0000e+00
        347 157.769971    0.02403     1.4417     86.500      2.033  49392.656    30.9866     7.0219      2.014    6.92815     6.9960    24.2560   12.46092 3.1092e+02 0.0000e+00
        348 157.769974    0.02410     1.4458     86.750      2.054  49408.516    30.9955     7.0098      2.035    6.92968     6.9859    24.2646   12.46335 3.1399e+02 0.0000e+00
        349 157.769977    0.02417     1.4500     87.000      2.061  49435.668    31.0120     6.9962      2.041    6.93111     6.9838    24.2793   12.46551 3.2172e+02 0.0000e+00
        350 157.769980    0.02424     1.4542     87.250      2.050  49460.448    31.0274     6.9861      2.030    6.93202     6.9900    24.2928   12.46682 3.3033e+02 0.0000e+00
        351 157.769983    0.02431     1.4583     87.500      2.025  49468.215    31.0324     6.9839      2.006    6.93214     6.9998    24.2970   12.46694 3.3863e+02 0.0000e+00
        352 157.769986    0.02438     1.4625     87.750      2.000  49453.682    31.0234     6.9902      1.981    6.93154     7.0058    24.2891   12.46607 3.4508e+02 0.0000e+00
        353 157.769988    0.02444     1.4667     88.000      1.987  49424.020    31.0045     7.0000      1.969    6.93084     7.0027    24.2730   12.46515 3.4640e+02 0.0000e+00
        354 157.769991    0.02451     1.4708     88.250      1.995  49393.423    30.9843     7.0060      1.977    6.93080     6.9891    24.2563   12.46533 3.4120e+02 0.0000e+00
        355 157.769994    0.02458     1.4750     88.500      2.023  49374.599    30.9707     7.0029      2.004    6.93192     6.9691    24.2460   12.46736 3.3251e+02 0.0000e+00
        356 157.769997    0.02465     1.4792     88.750      2.061  49376.440    30.9696     6.9893      2.042    6.93415     6.9496    24.2469   12.47105 3.2273e+02 0.0000e+00
        357 157.770000    0.02472     1.4833     89.000      2.095  49401.847    30.9838     6.9693      2.075    6.93671     6.9362    24.2606   12.47511 3.1403e+02 0.0000e+00
        358 157.770003    0.02479     1.4875     89.250      2.113  49442.644    31.0087     6.9498      2.094    6.93870     6.9324    24.2828   12.47809 3.1145e+02 0.0000e+00
        359 157.770006    0.02486     1.4917     89.500      2.111  49482.662    31.0342     6.9364      2.092    6.93968     6.9395    24.3046   12.47940 3.1694e+02 0.0000e+00
        360 157.770009    0.02493     1.4958     89.750      2.089  49506.407    31.0500     6.9326      2.070    6.93957     6.9551    24.3175   12.47901 3.2715e+02 0.0000e+00
        361 157.770012    0.02500     1.5000     90.000      2.053  49505.210    31.0505     6.9397      2.034    6.93841     6.9734    24.3169   12.47710 3.3976e+02 0.0000e+00
