CTD-processing/allCTD/CNV--turbid/2012_07-30_t6_s18_cast088.cnv
* Sea-Bird SBE19plus Data File:
* FileName = C:\Documents and Settings\kris.holderied.local\My Documents\2012-07-EVOS-CookInlet-Ocean\2012-07-CookInlet-Tran6-Douglas\2012-07-31-CookInlet-Tran6-cast088.hex
* Software Version 1.54
* Temperature SN =  4141
* Conductivity SN =  4141
* System UpLoad Time = Jul 31 2012 08:20:26
** Cook Inlet LTM Transect 6 (Douglas line)  East to West
** Date:  2012-07-30
** Station:  6-18
** Start time (AKDT-24 hr): 2110
** Depth (m): 174
** Comment: 506-0.2km Fin whale
# nquan = 16
# nvalues = 1039                        
# units = specified
# name 0 = scan: Scan Count
# name 1 = timeJ: Julian Days
# name 2 = timeH: Time, Elapsed [hours]
# name 3 = timeM: Time, Elapsed [minutes]
# name 4 = timeS: Time, Elapsed [seconds]
# name 5 = prdM: Pressure, Strain Gauge [db]
# name 6 = specc: Specific Conductance [uS/cm]
# name 7 = sal00: Salinity, Practical [PSU]
# name 8 = tv290C: Temperature [ITS-90, deg C]
# name 9 = depSM: Depth [salt water, m], lat = 59.00
# name 10 = oxsolML/L: Oxygen Saturation, Garcia & Gordon [ml/l]
# name 11 = potemp090C: Potential Temperature [ITS-90, deg C]
# name 12 = sigma-é00: Density [sigma-theta, kg/m^3]
# name 13 = n2satML/L: Nitrogen Saturation [ml/l]
# name 14 = par: PAR/Irradiance, Biospherical/Licor
# name 15 = flag:  0.000e+00
# span 0 =          1,       1039       
# span 1 = 212.882211, 212.885214       
# span 2 =    0.00000,    0.07208       
# span 3 =     0.0000,     4.3250       
# span 4 =      0.000,    259.500       
# span 5 =     -0.079,    165.218       
# span 6 =    282.238,  51629.437       
# span 7 =     0.1329,    32.2671       
# span 8 =     5.9763,     9.6044       
# span 9 =     -0.079,    163.608       
# span 10 =    6.53889,    7.96700      
# span 11 =     5.9629,     9.6045      
# span 12 =    -0.1591,    25.3975      
# span 13 =   11.81024,   14.62108      
# span 14 = 4.2248e-02, 3.9742e+02      
# span 15 = 0.0000e+00, 0.0000e+00      
# interval = seconds: 0.25
# start_time = Jul 30 2012 21:10:23 [Instrument's time stamp, header]
# bad_flag = -9.990e-29
*END*
[from data line 995]
        996 212.885090    0.06910     4.1458    248.750    158.603  51622.395    32.2657     5.9832    157.059    7.03806     5.9701    25.3961   12.62646 4.2579e-02 0.0000e+00
        997 212.885093    0.06917     4.1500    249.000    158.775  51622.491    32.2656     5.9831    157.230    7.03808     5.9699    25.3961   12.62648 4.2573e-02 0.0000e+00
        998 212.885095    0.06924     4.1542    249.250    158.963  51622.666    32.2656     5.9830    157.417    7.03809     5.9698    25.3961   12.62651 4.2569e-02 0.0000e+00
        999 212.885098    0.06931     4.1583    249.500    159.168  51622.857    32.2656     5.9828    157.620    7.03811     5.9696    25.3961   12.62654 4.2574e-02 0.0000e+00
       1000 212.885101    0.06938     4.1625    249.750    159.390  51623.062    32.2656     5.9827    157.840    7.03813     5.9694    25.3962   12.62658 4.2582e-02 0.0000e+00
       1001 212.885104    0.06944     4.1667    250.000    159.626  51623.261    32.2656     5.9825    158.073    7.03816     5.9691    25.3962   12.62663 4.2573e-02 0.0000e+00
       1002 212.885107    0.06951     4.1708    250.250    159.870  51623.427    32.2656     5.9824    158.315    7.03820     5.9689    25.3962   12.62668 4.2549e-02 0.0000e+00
       1003 212.885110    0.06958     4.1750    250.500    160.115  51623.671    32.2656     5.9822    158.556    7.03823     5.9687    25.3962   12.62674 4.2520e-02 0.0000e+00
       1004 212.885113    0.06965     4.1792    250.750    160.350  51624.008    32.2657     5.9819    158.789    7.03826     5.9685    25.3963   12.62679 4.2497e-02 0.0000e+00
       1005 212.885116    0.06972     4.1833    251.000    160.565  51624.267    32.2657     5.9817    159.003    7.03829     5.9683    25.3963   12.62685 4.2498e-02 0.0000e+00
       1006 212.885119    0.06979     4.1875    251.250    160.752  51624.406    32.2657     5.9816    159.188    7.03832     5.9681    25.3963   12.62690 4.2510e-02 0.0000e+00
       1007 212.885122    0.06986     4.1917    251.500    160.903  51624.634    32.2658     5.9814    159.337    7.03835     5.9680    25.3964   12.62695 4.2514e-02 0.0000e+00
       1008 212.885124    0.06993     4.1958    251.750    161.016  51625.124    32.2660     5.9812    159.449    7.03837     5.9680    25.3966   12.62698 4.2513e-02 0.0000e+00
       1009 212.885127    0.07000     4.2000    252.000    161.093  51625.781    32.2664     5.9811    159.525    7.03837     5.9683    25.3969   12.62697 4.2521e-02 0.0000e+00
       1010 212.885130    0.07007     4.2042    252.250    161.140  51626.416    32.2668     5.9811    159.571    7.03834     5.9688    25.3973   12.62691 4.2538e-02 0.0000e+00
       1011 212.885133    0.07014     4.2083    252.500    161.167  51626.803    32.2671     5.9814    159.598    7.03827     5.9694    25.3975   12.62680 4.2547e-02 0.0000e+00
       1012 212.885136    0.07021     4.2125    252.750    161.189  51626.633    32.2671     5.9819    159.620    7.03820     5.9697    25.3974   12.62667 4.2545e-02 0.0000e+00
       1013 212.885139    0.07028     4.2167    253.000    161.222  51625.773    32.2666     5.9825    159.652    7.03814     5.9696    25.3969   12.62657 4.2545e-02 0.0000e+00
       1014 212.885142    0.07035     4.2208    253.250    161.278  51624.425    32.2657     5.9828    159.708    7.03812     5.9692    25.3962   12.62656 4.2551e-02 0.0000e+00
       1015 212.885145    0.07042     4.2250    253.500    161.369  51623.160    32.2648     5.9827    159.798    7.03817     5.9684    25.3955   12.62666 4.2558e-02 0.0000e+00
       1016 212.885148    0.07049     4.2292    253.750    161.499  51622.678    32.2643     5.9823    159.926    7.03827     5.9676    25.3951   12.62683 4.2568e-02 0.0000e+00
       1017 212.885150    0.07056     4.2333    254.000    161.667  51623.071    32.2643     5.9815    160.093    7.03839     5.9669    25.3952   12.62703 4.2590e-02 0.0000e+00
       1018 212.885153    0.07062     4.2375    254.250    161.867  51623.957    32.2647     5.9807    160.291    7.03851     5.9663    25.3956   12.62722 4.2611e-02 0.0000e+00
       1019 212.885156    0.07069     4.2417    254.500    162.091  51624.969    32.2652     5.9800    160.513    7.03860     5.9660    25.3961   12.62736 4.2618e-02 0.0000e+00
       1020 212.885159    0.07076     4.2458    254.750    162.328  51625.842    32.2655     5.9795    160.748    7.03867     5.9657    25.3964   12.62746 4.2631e-02 0.0000e+00
       1021 212.885162    0.07083     4.2500    255.000    162.568  51626.541    32.2658     5.9792    160.985    7.03871     5.9656    25.3967   12.62753 4.2655e-02 0.0000e+00
       1022 212.885165    0.07090     4.2542    255.250    162.802  51627.031    32.2660     5.9790    161.216    7.03874     5.9654    25.3969   12.62758 4.2665e-02 0.0000e+00
       1023 212.885168    0.07097     4.2583    255.500    163.024  51627.307    32.2660     5.9788    161.436    7.03876     5.9652    25.3970   12.62761 4.2655e-02 0.0000e+00
       1024 212.885171    0.07104     4.2625    255.750    163.229  51627.514    32.2661     5.9787    161.639    7.03878     5.9651    25.3970   12.62765 4.2635e-02 0.0000e+00
       1025 212.885174    0.07111     4.2667    256.000    163.416  51627.685    32.2661     5.9785    161.824    7.03880     5.9649    25.3970   12.62769 4.2616e-02 0.0000e+00
       1026 212.885177    0.07118     4.2708    256.250    163.585  51627.840    32.2661     5.9784    161.992    7.03883     5.9648    25.3971   12.62773 4.2608e-02 0.0000e+00
       1027 212.885179    0.07125     4.2750    256.500    163.741  51628.062    32.2661     5.9782    162.146    7.03885     5.9647    25.3971   12.62777 4.2609e-02 0.0000e+00
       1028 212.885182    0.07132     4.2792    256.750    163.888  51628.329    32.2662     5.9781    162.291    7.03887     5.9646    25.3972   12.62779 4.2616e-02 0.0000e+00
       1029 212.885185    0.07139     4.2833    257.000    164.032  51628.580    32.2663     5.9780    162.434    7.03888     5.9646    25.3973   12.62781 4.2623e-02 0.0000e+00
       1030 212.885188    0.07146     4.2875    257.250    164.178  51628.763    32.2663     5.9779    162.579    7.03889     5.9645    25.3973   12.62783 4.2630e-02 0.0000e+00
       1031 212.885191    0.07153     4.2917    257.500    164.329  51628.816    32.2663     5.9779    162.728    7.03890     5.9643    25.3973   12.62785 4.2639e-02 0.0000e+00
       1032 212.885194    0.07160     4.2958    257.750    164.484  51628.726    32.2661     5.9778    162.881    7.03892     5.9641    25.3972   12.62788 4.2650e-02 0.0000e+00
       1033 212.885197    0.07167     4.3000    258.000    164.638  51628.628    32.2660     5.9777    163.035    7.03895     5.9638    25.3970   12.62793 4.2662e-02 0.0000e+00
       1034 212.885200    0.07174     4.3042    258.250    164.788  51628.584    32.2658     5.9775    163.183    7.03899     5.9635    25.3970   12.62800 4.2665e-02 0.0000e+00
       1035 212.885203    0.07181     4.3083    258.500    164.926  51628.519    32.2657     5.9772    163.319    7.03904     5.9632    25.3969   12.62808 4.2653e-02 0.0000e+00
       1036 212.885205    0.07187     4.3125    258.750    165.044  51628.569    32.2656     5.9769    163.436    7.03909     5.9630    25.3969   12.62817 4.2634e-02 0.0000e+00
       1037 212.885208    0.07194     4.3167    259.000    165.136  51628.877    32.2657     5.9766    163.527    7.03914     5.9629    25.3970   12.62824 4.2614e-02 0.0000e+00
       1038 212.885211    0.07201     4.3208    259.250    165.197  51629.264    32.2659     5.9764    163.587    7.03917 -9.990e-29    25.3971   12.62829 4.2601e-02 0.0000e+00
       1039 212.885214    0.07208     4.3250    259.500    165.218  51629.437    32.2660     5.9763    163.608    7.03918 -9.990e-29    25.3972   12.62831 4.2597e-02 0.0000e+00
