CTD-processing/allCTD/CNV--turbid/2012-07-30-cookinlet-tran6-cast075-s05.cnv
* Sea-Bird SBE19plus Data File:
* FileName = C:\Documents and Settings\kris.holderied.local\My Documents\2012-07-EVOS-CookInlet-Ocean\2012-07-CookInlet-Tran6-Douglas\2012-07-31-CookInlet-Tran6-cast075.hex
* Software Version 1.54
* Temperature SN =  4141
* Conductivity SN =  4141
* System UpLoad Time = Jul 31 2012 08:05:00
** Cook Inlet LTM Transect 6 (Douglas line)  East to West
** Date:  2012-07-30
** Station:  6-05
** Start time (AKDT-24 hr): 1603
** Depth (m): 104
** Comment: Tow time 78sec
# nquan = 16
# nvalues = 720                         
# units = specified
# name 0 = scan: Scan Count
# name 1 = timeJ: Julian Days
# name 2 = timeH: Time, Elapsed [hours]
# name 3 = timeM: Time, Elapsed [minutes]
# name 4 = timeS: Time, Elapsed [seconds]
# name 5 = prdM: Pressure, Strain Gauge [db]
# name 6 = specc: Specific Conductance [uS/cm]
# name 7 = sal00: Salinity, Practical [PSU]
# name 8 = tv290C: Temperature [ITS-90, deg C]
# name 9 = depSM: Depth [salt water, m], lat = 59.00
# name 10 = oxsolML/L: Oxygen Saturation, Garcia & Gordon [ml/l]
# name 11 = potemp090C: Potential Temperature [ITS-90, deg C]
# name 12 = sigma-é00: Density [sigma-theta, kg/m^3]
# name 13 = n2satML/L: Nitrogen Saturation [ml/l]
# name 14 = par: PAR/Irradiance, Biospherical/Licor
# name 15 = flag:  0.000e+00
# span 0 =          1,        720       
# span 1 = 212.669988, 212.672069       
# span 2 =    0.00000,    0.04993       
# span 3 =     0.0000,     2.9958       
# span 4 =      0.000,    179.750       
# span 5 =     -0.087,     92.762       
# span 6 =    213.876,  50664.580       
# span 7 =     0.1001,    31.9260       
# span 8 =     7.5809,    10.1321       
# span 9 =     -0.087,     91.874       
# span 10 =    6.49877,    7.86923      
# span 11 =     7.5723,    10.1321      
# span 12 =    -0.2309,    24.9207      
# span 13 =   11.75719,   14.45637      
# span 14 = 4.4760e-02, 2.0685e+02      
# span 15 = 0.0000e+00, 0.0000e+00      
# interval = seconds: 0.25
# start_time = Jul 30 2012 16:04:47 [Instrument's time stamp, header]
# bad_flag = -9.990e-29
*END*
[from data line 362]
        363 212.671036    0.02514     1.5083     90.500     23.991  48587.020    30.7873     9.5015     23.766    6.55915     9.4881    23.7444   11.85266 2.7483e+00 0.0000e+00
        364 212.671039    0.02521     1.5125     90.750     24.326  48601.461    30.7967     9.4972     24.098    6.55937     9.4793    23.7524   11.85291 2.6318e+00 0.0000e+00
        365 212.671042    0.02528     1.5167     91.000     24.634  48616.832    30.8065     9.4907     24.403    6.55989     9.4683    23.7611   11.85366 2.5283e+00 0.0000e+00
        366 212.671045    0.02535     1.5208     91.250     24.915  48632.784    30.8165     9.4819     24.681    6.56076     9.4557    23.7703   11.85497 2.4372e+00 0.0000e+00
        367 212.671047    0.02542     1.5250     91.500     25.170  48649.209    30.8264     9.4709     24.933    6.56192     9.4420    23.7798   11.85678 2.3559e+00 0.0000e+00
        368 212.671050    0.02549     1.5292     91.750     25.405  48666.333    30.8367     9.4583     25.166    6.56333     9.4284    23.7897   11.85897 2.2806e+00 0.0000e+00
        369 212.671053    0.02556     1.5333     92.000     25.630  48684.106    30.8473     9.4446     25.388    6.56486     9.4157    23.8001   11.86138 2.2078e+00 0.0000e+00
        370 212.671056    0.02562     1.5375     92.250     25.853  48701.447    30.8576     9.4311     25.609    6.56639     9.4040    23.8103   11.86380 2.1350e+00 0.0000e+00
        371 212.671059    0.02569     1.5417     92.500     26.082  48717.226    30.8669     9.4184     25.836    6.56784     9.3932    23.8195   11.86610 2.0606e+00 0.0000e+00
        372 212.671062    0.02576     1.5458     92.750     26.324  48731.279    30.8751     9.4067     26.076    6.56919     9.3829    23.8278   11.86823 1.9840e+00 0.0000e+00
        373 212.671065    0.02583     1.5500     93.000     26.579  48744.214    30.8826     9.3959     26.328    6.57044     9.3728    23.8354   11.87022 1.9067e+00 0.0000e+00
        374 212.671068    0.02590     1.5542     93.250     26.842  48756.511    30.8898     9.3857     26.590    6.57163     9.3622    23.8426   11.87209 1.8314e+00 0.0000e+00
        375 212.671071    0.02597     1.5583     93.500     27.108  48768.382    30.8967     9.3756     26.853    6.57281     9.3506    23.8495   11.87395 1.7607e+00 0.0000e+00
        376 212.671073    0.02604     1.5625     93.750     27.366  48780.693    30.9038     9.3651     27.108    6.57404     9.3380    23.8567   11.87592 1.6974e+00 0.0000e+00
        377 212.671076    0.02611     1.5667     94.000     27.607  48794.466    30.9118     9.3535     27.347    6.57539     9.3248    23.8648   11.87805 1.6439e+00 0.0000e+00
        378 212.671079    0.02618     1.5708     94.250     27.823  48809.876    30.9209     9.3409     27.561    6.57684     9.3122    23.8738   11.88034 1.6007e+00 0.0000e+00
        379 212.671082    0.02625     1.5750     94.500     28.011  48826.186    30.9305     9.3278     27.748    6.57835     9.3012    23.8834   11.88272 1.5671e+00 0.0000e+00
        380 212.671085    0.02632     1.5792     94.750     28.174  48842.061    30.9399     9.3152     27.909    6.57978     9.2921    23.8927   11.88498 1.5413e+00 0.0000e+00
        381 212.671088    0.02639     1.5833     95.000     28.315  48856.158    30.9482     9.3042     28.049    6.58103     9.2849    23.9009   11.88696 1.5204e+00 0.0000e+00
        382 212.671091    0.02646     1.5875     95.250     28.446  48867.694    30.9551     9.2951     28.178    6.58206     9.2786    23.9077   11.88858 1.5008e+00 0.0000e+00
        383 212.671094    0.02653     1.5917     95.500     28.580  48876.599    30.9603     9.2878     28.311    6.58290     9.2724    23.9129   11.88990 1.4789e+00 0.0000e+00
        384 212.671097    0.02660     1.5958     95.750     28.733  48883.264    30.9641     9.2816     28.463    6.58365     9.2654    23.9168   11.89110 1.4516e+00 0.0000e+00
        385 212.671100    0.02667     1.6000     96.000     28.919  48888.872    30.9671     9.2754     28.647    6.58443     9.2571    23.9201   11.89235 1.4167e+00 0.0000e+00
        386 212.671102    0.02674     1.6042     96.250     29.151  48895.390    30.9706     9.2684     28.876    6.58530     9.2477    23.9239   11.89375 1.3729e+00 0.0000e+00
        387 212.671105    0.02681     1.6083     96.500     29.435  48903.933    30.9754     9.2602     29.157    6.58631     9.2373    23.9289   11.89536 1.3202e+00 0.0000e+00
        388 212.671108    0.02688     1.6125     96.750     29.775  48914.149    30.9811     9.2508     29.494    6.58744     9.2266    23.9349   11.89716 1.2596e+00 0.0000e+00
        389 212.671111    0.02694     1.6167     97.000     30.174  48925.394    30.9875     9.2405     29.890    6.58867     9.2166    23.9414   11.89913 1.1918e+00 0.0000e+00
        390 212.671114    0.02701     1.6208     97.250     30.607  48936.707    30.9938     9.2298     30.319    6.58996     9.2074    23.9480   11.90118 1.1218e+00 0.0000e+00
        391 212.671117    0.02708     1.6250     97.500     31.023  48946.899    30.9994     9.2198     30.731    6.59118     9.1988    23.9540   11.90314 1.0589e+00 0.0000e+00
        392 212.671120    0.02715     1.6292     97.750     31.398  48955.754    31.0042     9.2107     31.103    6.59232     9.1905    23.9591   11.90496 1.0059e+00 0.0000e+00
        393 212.671123    0.02722     1.6333     98.000     31.734  48963.775    31.0085     9.2020     31.436    6.59340     9.1824    23.9638   11.90670 9.6059e-01 0.0000e+00
        394 212.671126    0.02729     1.6375     98.250     32.033  48971.389    31.0126     9.1937     31.731    6.59444     9.1745    23.9683   11.90837 9.2191e-01 0.0000e+00
        395 212.671128    0.02736     1.6417     98.500     32.300  48978.576    31.0164     9.1857     31.995    6.59545     9.1666    23.9725   11.91001 8.8892e-01 0.0000e+00
        396 212.671131    0.02743     1.6458     98.750     32.541  48985.157    31.0199     9.1778     32.234    6.59646     9.1584    23.9764   11.91163 8.6050e-01 0.0000e+00
        397 212.671134    0.02750     1.6500     99.000     32.764  48991.596    31.0232     9.1699     32.456    6.59748     9.1500    23.9803   11.91328 8.3530e-01 0.0000e+00
        398 212.671137    0.02757     1.6542     99.250     32.979  48998.484    31.0268     9.1617     32.668    6.59852     9.1411    23.9844   11.91496 8.1193e-01 0.0000e+00
        399 212.671140    0.02764     1.6583     99.500     33.191  49005.733    31.0306     9.1533     32.878    6.59959     9.1316    23.9887   11.91669 7.8969e-01 0.0000e+00
        400 212.671143    0.02771     1.6625     99.750     33.403  49013.108    31.0345     9.1445     33.088    6.60072     9.1211    23.9930   11.91851 7.6843e-01 0.0000e+00
        401 212.671146    0.02778     1.6667    100.000     33.617  49020.874    31.0386     9.1350     33.300    6.60194     9.1093    23.9977   11.92048 7.4790e-01 0.0000e+00
        402 212.671149    0.02785     1.6708    100.250     33.832  49029.540    31.0431     9.1245     33.513    6.60329     9.0965    24.0028   11.92267 7.2809e-01 0.0000e+00
        403 212.671152    0.02792     1.6750    100.500     34.045  49039.430    31.0483     9.1128     33.723    6.60479     9.0831    24.0087   11.92507 7.0954e-01 0.0000e+00
        404 212.671155    0.02799     1.6792    100.750     34.252  49050.796    31.0545     9.1000     33.929    6.60640     9.0699    24.0155   11.92767 6.9251e-01 0.0000e+00
        405 212.671157    0.02806     1.6833    101.000     34.452  49063.503    31.0614     9.0866     34.127    6.60807     9.0575    24.0230   11.93036 6.7690e-01 0.0000e+00
        406 212.671160    0.02813     1.6875    101.250     34.643  49076.183    31.0684     9.0734     34.317    6.60971     9.0459    24.0304   11.93299 6.6255e-01 0.0000e+00
        407 212.671163    0.02819     1.6917    101.500     34.828  49087.258    31.0744     9.0611     34.499    6.61128     9.0344    24.0370   11.93551 6.4908e-01 0.0000e+00
        408 212.671166    0.02826     1.6958    101.750     35.011  49096.123    31.0789     9.0495     34.680    6.61279     9.0220    24.0423   11.93796 6.3592e-01 0.0000e+00
        409 212.671169    0.02833     1.7000    102.000     35.197  49103.229    31.0822     9.0380     34.865    6.61435     9.0080    24.0466   11.94050 6.2257e-01 0.0000e+00
        410 212.671172    0.02840     1.7042    102.250     35.393  49110.202    31.0853     9.0256     35.059    6.61605     8.9926    24.0509   11.94327 6.0861e-01 0.0000e+00
        411 212.671175    0.02847     1.7083    102.500     35.605  49118.891    31.0893     9.0116     35.268    6.61793     8.9766    24.0562   11.94634 5.9359e-01 0.0000e+00
        412 212.671178    0.02854     1.7125    102.750     35.836  49129.940    31.0948     8.9963     35.497    6.61996     8.9604    24.0629   11.94963 5.7734e-01 0.0000e+00
        413 212.671181    0.02861     1.7167    103.000     36.087  49142.490    31.1013     8.9802     35.747    6.62205     8.9439    24.0704   11.95302 5.6027e-01 0.0000e+00
        414 212.671183    0.02868     1.7208    103.250     36.356  49154.958    31.1077     8.9640     36.013    6.62417     8.9263    24.0778   11.95645 5.4297e-01 0.0000e+00
        415 212.671186    0.02875     1.7250    103.500     36.637  49166.431    31.1133     8.9475     36.292    6.62637     8.9068    24.0847   11.96001 5.2546e-01 0.0000e+00
        416 212.671189    0.02882     1.7292    103.750     36.925  49177.958    31.1187     8.9300     36.577    6.62873     8.8854    24.0916   11.96385 5.0756e-01 0.0000e+00
        417 212.671192    0.02889     1.7333    104.000     37.213  49191.564    31.1254     8.9106     36.862    6.63132     8.8626    24.0998   11.96806 4.8968e-01 0.0000e+00
        418 212.671195    0.02896     1.7375    104.250     37.496  49207.820    31.1336     8.8892     37.142    6.63413     8.8385    24.1094   11.97262 4.7267e-01 0.0000e+00
        419 212.671198    0.02903     1.7417    104.500     37.771  49225.497    31.1426     8.8664     37.415    6.63713     8.8129    24.1199   11.97747 4.5722e-01 0.0000e+00
        420 212.671201    0.02910     1.7458    104.750     38.036  49243.326    31.1516     8.8423     37.677    6.64031     8.7858    24.1306   11.98262 4.4347e-01 0.0000e+00
        421 212.671204    0.02917     1.7500    105.000     38.289  49261.982    31.1609     8.8168     37.928    6.64370     8.7581    24.1417   11.98813 4.3100e-01 0.0000e+00
        422 212.671207    0.02924     1.7542    105.250     38.531  49283.177    31.1718     8.7897     38.167    6.64726     8.7315    24.1543   11.99388 4.1940e-01 0.0000e+00
        423 212.671209    0.02931     1.7583    105.500     38.761  49307.320    31.1846     8.7620     38.395    6.65082     8.7077    24.1685   11.99962 4.0854e-01 0.0000e+00
        424 212.671212    0.02937     1.7625    105.750     38.980  49333.231    31.1989     8.7354     38.612    6.65417     8.6879    24.1836   12.00499 3.9838e-01 0.0000e+00
        425 212.671215    0.02944     1.7667    106.000     39.189  49358.348    31.2129     8.7117     38.818    6.65710     8.6720    24.1982   12.00967 3.8894e-01 0.0000e+00
        426 212.671218    0.02951     1.7708    106.250     39.386  49379.913    31.2251     8.6919     39.014    6.65952     8.6585    24.2107   12.01353 3.8030e-01 0.0000e+00
        427 212.671221    0.02958     1.7750    106.500     39.573  49396.436    31.2343     8.6760     39.199    6.66150     8.6456    24.2203   12.01670 3.7244e-01 0.0000e+00
        428 212.671224    0.02965     1.7792    106.750     39.750  49408.341    31.2406     8.6625     39.374    6.66324     8.6320    24.2272   12.01950 3.6528e-01 0.0000e+00
        429 212.671227    0.02972     1.7833    107.000     39.918  49418.479    31.2457     8.6496     39.541    6.66493     8.6175    24.2331   12.02225 3.5876e-01 0.0000e+00
        430 212.671230    0.02979     1.7875    107.250     40.081  49430.107    31.2518     8.6360     39.702    6.66671     8.6031    24.2399   12.02512 3.5273e-01 0.0000e+00
        431 212.671233    0.02986     1.7917    107.500     40.239  49444.109    31.2594     8.6215     39.859    6.66855     8.5900    24.2481   12.02807 3.4691e-01 0.0000e+00
        432 212.671236    0.02993     1.7958    107.750     40.397  49459.195    31.2678     8.6071     40.015    6.67033     8.5786    24.2568   12.03090 3.4113e-01 0.0000e+00
        433 212.671238    0.03000     1.8000    108.000     40.557  49473.393    31.2758     8.5940     40.174    6.67194     8.5685    24.2649   12.03348 3.3528e-01 0.0000e+00
        434 212.671241    0.03007     1.8042    108.250     40.724  49485.397    31.2824     8.5826     40.339    6.67337     8.5588    24.2718   12.03576 3.2925e-01 0.0000e+00
        435 212.671244    0.03014     1.8083    108.500     40.900  49495.183    31.2877     8.5725     40.514    6.67465     8.5487    24.2775   12.03782 3.2311e-01 0.0000e+00
        436 212.671247    0.03021     1.8125    108.750     41.087  49503.645    31.2922     8.5629     40.699    6.67590     8.5378    24.2824   12.03983 3.1688e-01 0.0000e+00
        437 212.671250    0.03028     1.8167    109.000     41.282  49512.801    31.2970     8.5528     40.892    6.67720     8.5263    24.2876   12.04192 3.1044e-01 0.0000e+00
        438 212.671253    0.03035     1.8208    109.250     41.483  49524.786    31.3037     8.5419     41.091    6.67855     8.5152    24.2945   12.04408 3.0407e-01 0.0000e+00
        439 212.671256    0.03042     1.8250    109.500     41.684  49539.113    31.3120     8.5304     41.290    6.67991     8.5045    24.3027   12.04621 2.9806e-01 0.0000e+00
        440 212.671259    0.03049     1.8292    109.750     41.882  49553.696    31.3204     8.5193     41.486    6.68122     8.4942    24.3110   12.04827 2.9232e-01 0.0000e+00
        441 212.671262    0.03056     1.8333    110.000     42.076  49568.331    31.3290     8.5086     41.679    6.68245     8.4846    24.3193   12.05021 2.8684e-01 0.0000e+00
        442 212.671264    0.03062     1.8375    110.250     42.268  49583.580    31.3381     8.4984     41.869    6.68359     8.4759    24.3279   12.05198 2.8158e-01 0.0000e+00
        443 212.671267    0.03069     1.8417    110.500     42.461  49598.512    31.3470     8.4888     42.059    6.68464     8.4684    24.3363   12.05361 2.7643e-01 0.0000e+00
        444 212.671270    0.03076     1.8458    110.750     42.656  49611.916    31.3550     8.4801     42.253    6.68560     8.4621    24.3438   12.05510 2.7134e-01 0.0000e+00
        445 212.671273    0.03083     1.8500    111.000     42.857  49623.184    31.3617     8.4726     42.452    6.68644     8.4572    24.3501   12.05641 2.6605e-01 0.0000e+00
        446 212.671276    0.03090     1.8542    111.250     43.070  49632.194    31.3670     8.4664     42.662    6.68714     8.4532    24.3552   12.05750 2.6022e-01 0.0000e+00
        447 212.671279    0.03097     1.8583    111.500     43.296  49639.334    31.3712     8.4614     42.887    6.68770     8.4497    24.3592   12.05839 2.5381e-01 0.0000e+00
        448 212.671282    0.03104     1.8625    111.750     43.539  49645.230    31.3746     8.4574     43.127    6.68815     8.4464    24.3625   12.05910 2.4709e-01 0.0000e+00
        449 212.671285    0.03111     1.8667    112.000     43.796  49650.682    31.3778     8.4540     43.382    6.68853     8.4431    24.3655   12.05969 2.4051e-01 0.0000e+00
        450 212.671288    0.03118     1.8708    112.250     44.065  49656.337    31.3811     8.4508     43.648    6.68888     8.4397    24.3686   12.06022 2.3412e-01 0.0000e+00
        451 212.671291    0.03125     1.8750    112.500     44.336  49662.360    31.3847     8.4475     43.917    6.68922     8.4363    24.3719   12.06073 2.2774e-01 0.0000e+00
