CTD-processing/allCTD/CNV--turbid/2012_09-21_t9_s01_repeat4_cast183.cnv
* Sea-Bird SBE19plus Data File:
* FileName = C:\Documents and Settings\kris.holderied.local\My Documents\2012-CTD-DATA-new-files\2012-09-21-CTD-HomerSpit-tide-time-series-KBRRctd\2012-09-21-CTD-HomerSpit-tide-repeat4\2012-09-21-HomerSpit-tide-repeat4-cast183.hex
* Software Version 1.54
* Temperature SN =  4141
* Conductivity SN =  4141
* System UpLoad Time = Oct 11 2012 19:34:37
** Kachemak Bay Homer Spit Line - Tidal repeat4
** Date:  2012-09-21
** Station: 9-01
** Start time (AKDT-24 hr): 1550
** Depth (ft): 176
** Comment:Secchi disk depth= 26 inches. Very turbid with large debris now dispersed over large area.
# nquan = 16
# nvalues = 586                         
# units = specified
# name 0 = scan: Scan Count
# name 1 = timeJ: Julian Days
# name 2 = timeH: Time, Elapsed [hours]
# name 3 = timeM: Time, Elapsed [minutes]
# name 4 = timeS: Time, Elapsed [seconds]
# name 5 = prdM: Pressure, Strain Gauge [db]
# name 6 = specc: Specific Conductance [uS/cm]
# name 7 = sal00: Salinity, Practical [PSU]
# name 8 = tv290C: Temperature [ITS-90, deg C]
# name 9 = depSM: Depth [salt water, m], lat = 59.00
# name 10 = oxsolML/L: Oxygen Saturation, Garcia & Gordon [ml/l]
# name 11 = potemp090C: Potential Temperature [ITS-90, deg C]
# name 12 = sigma-é00: Density [sigma-theta, kg/m^3]
# name 13 = n2satML/L: Nitrogen Saturation [ml/l]
# name 14 = par: PAR/Irradiance, Biospherical/Licor
# name 15 = flag:  0.000e+00
# span 0 =          1,        586       
# span 1 = 265.659410, 265.661102       
# span 2 =    0.00000,    0.04063       
# span 3 =     0.0000,     2.4375       
# span 4 =      0.000,    146.250       
# span 5 =     -0.150,     55.794       
# span 6 =    887.555,  48518.931       
# span 7 =     0.4309,    30.7268       
# span 8 =     8.6354,     9.6712       
# span 9 =     -0.149,     55.265       
# span 10 =    6.54871,    7.93889      
# span 11 =     8.6354,     9.6712      
# span 12 =     0.0699,    23.6968      
# span 13 =   11.83905,   14.56915      
# span 14 = 6.7827e-02, 1.5092e+02      
# span 15 = 0.0000e+00, 0.0000e+00      
# interval = seconds: 0.25
# start_time = Sep 21 2012 15:49:33 [Instrument's time stamp, header]
# bad_flag = -9.990e-29
*END*
          1 265.659410    0.00000     0.0000      0.000     -0.132    887.555     0.4309     9.6691     -0.131    7.93889     9.6693     0.0699   14.56915 4.5080e+01 0.0000e+00
          2 265.659413    0.00007     0.0042      0.250     -0.132    906.279     0.4410     9.6691     -0.131    7.93837     9.6697     0.0778   14.56812 4.6291e+01 0.0000e+00
          3 265.659416    0.00014     0.0083      0.500     -0.132    930.491     0.4544     9.6693     -0.131    7.93766     9.6701     0.0883   14.56674 4.7297e+01 0.0000e+00
          4 265.659418    0.00021     0.0125      0.750     -0.133    968.055     0.4753     9.6697     -0.132    7.93656     9.6705     0.1047   14.56456 4.8005e+01 0.0000e+00
          5 265.659421    0.00028     0.0167      1.000     -0.133   1035.388     0.5125     9.6701     -0.132    7.93462     9.6708     0.1338   14.56074 4.9201e+01 0.0000e+00
          6 265.659424    0.00035     0.0208      1.250     -0.134   1154.319     0.5779     9.6705     -0.133    7.93126     9.6710     0.1849   14.55413 5.2009e+01 0.0000e+00
          7 265.659427    0.00042     0.0250      1.500     -0.135   1354.398     0.6879     9.6708     -0.134    7.92569     9.6712     0.2710   14.54312 5.7225e+01 0.0000e+00
          8 265.659430    0.00049     0.0292      1.750     -0.136   1677.153     0.8658     9.6710     -0.135    7.91674     9.6712     0.4102   14.52541 6.4721e+01 0.0000e+00
          9 265.659433    0.00056     0.0333      2.000     -0.138   2187.598     1.1484     9.6712     -0.137    7.90257     9.6711     0.6314   14.49738 7.3375e+01 0.0000e+00
         10 265.659436    0.00063     0.0375      2.250     -0.140   2997.975     1.5990     9.6712     -0.139    7.88003     9.6709     0.9839   14.45277 8.2006e+01 0.0000e+00
         11 265.659439    0.00069     0.0417      2.500     -0.142   4288.095     2.3192     9.6711     -0.141    7.84405     9.6707     1.5473   14.38154 9.0211e+01 0.0000e+00
         12 265.659442    0.00076     0.0458      2.750     -0.144   6001.827     3.2826     9.6709     -0.143    7.79600     9.6705     2.3005   14.28645 9.7987e+01 0.0000e+00
         13 265.659444    0.00083     0.0500      3.000     -0.145   7532.553     4.1487     9.6707     -0.144    7.75288     9.6702     2.9775   14.20113 1.0486e+02 0.0000e+00
         14 265.659447    0.00090     0.0542      3.250     -0.146   8265.931     4.5604     9.6705     -0.145    7.73237     9.6699     3.2994   14.16053 1.0989e+02 0.0000e+00
         15 265.659450    0.00097     0.0583      3.500     -0.147   8097.404     4.4512     9.6702     -0.146    7.73769     9.6696     3.2147   14.17100 1.1267e+02 0.0000e+00
         16 265.659453    0.00104     0.0625      3.750     -0.148   7353.800     4.0111     9.6699     -0.147    7.75943     9.6692     2.8717   14.21395 1.1399e+02 0.0000e+00
         17 265.659456    0.00111     0.0667      4.000     -0.149   6549.138     3.5401     9.6696     -0.147    7.78278     9.6687     2.5043   14.26009 1.1521e+02 0.0000e+00
         18 265.659459    0.00118     0.0708      4.250     -0.149   5931.037     3.1813     9.6692     -0.148    7.80064     9.6679     2.2243   14.29538 1.1753e+02 0.0000e+00
         19 265.659462    0.00125     0.0750      4.500     -0.150   5466.537     2.9135     9.6687     -0.148    7.81404     9.6668     2.0153   14.32185 1.2091e+02 0.0000e+00
         20 265.659465    0.00132     0.0792      4.750     -0.150   5125.725     2.7181     9.6679     -0.149    7.82390     9.6651     1.8628   14.34131 1.2435e+02 0.0000e+00
         21 265.659468    0.00139     0.0833      5.000     -0.150   4874.158     2.5748     9.6668     -0.149    7.83125     9.6629     1.7510   14.35580 1.2739e+02 0.0000e+00
         22 265.659470    0.00146     0.0875      5.250     -0.150   4641.790     2.4437     9.6651     -0.149    7.83812     9.6604     1.6486   14.36930 1.2997e+02 0.0000e+00
         23 265.659473    0.00153     0.0917      5.500     -0.149   4403.930     2.3106     9.6629     -0.148    7.84519     9.6580     1.5447   14.38319 1.3225e+02 0.0000e+00
         24 265.659476    0.00160     0.0958      5.750     -0.149   4208.476     2.2017     9.6604     -0.148    7.85111     9.6560     1.4597   14.39477 1.3438e+02 0.0000e+00
         25 265.659479    0.00167     0.1000      6.000     -0.148   4073.319     2.1268     9.6580     -0.147    7.85531     9.6543     1.4013   14.40296 1.3604e+02 0.0000e+00
         26 265.659482    0.00174     0.1042      6.250     -0.148   3967.423     2.0688     9.6560     -0.147    7.85861     9.6529     1.3561   14.40940 1.3741e+02 0.0000e+00
         27 265.659485    0.00181     0.1083      6.500     -0.148   3880.527     2.0221     9.6543     -0.147    7.86130     9.6514     1.3196   14.41462 1.3922e+02 0.0000e+00
         28 265.659488    0.00187     0.1125      6.750     -0.147   3813.457     1.9874     9.6529     -0.146    7.86335     9.6497     1.2925   14.41862 1.4174e+02 0.0000e+00
         29 265.659491    0.00194     0.1167      7.000     -0.147   3752.682     1.9578     9.6514     -0.146    7.86516     9.6471     1.2694   14.42215 1.4474e+02 0.0000e+00
         30 265.659494    0.00201     0.1208      7.250     -0.146   3707.396     1.9394     9.6497     -0.145    7.86652     9.6429     1.2549   14.42478 1.4754e+02 0.0000e+00
         31 265.659497    0.00208     0.1250      7.500     -0.144   3727.276     1.9611     9.6471     -0.143    7.86609     9.6358     1.2718   14.42384 1.4944e+02 0.0000e+00
         32 265.659499    0.00215     0.1292      7.750     -0.140   3874.806     2.0598     9.6429     -0.139    7.86219     9.6239     1.3489   14.41600 1.5047e+02 0.0000e+00
         33 265.659502    0.00222     0.1333      8.000     -0.134   4227.612     2.2826     9.6358     -0.133    7.85277     9.6041     1.5231   14.39712 1.5092e+02 0.0000e+00
         34 265.659505    0.00229     0.1375      8.250     -0.124   4918.658     2.7100     9.6239     -0.123    7.83426     9.5709     1.8574   14.36010 1.5087e+02 0.0000e+00
         35 265.659508    0.00236     0.1417      8.500     -0.107   6157.824     3.4697     9.6041     -0.106    7.80105     9.5153     2.4516   14.29368 1.5021e+02 0.0000e+00
         36 265.659511    0.00243     0.1458      8.750     -0.079   8270.549     4.7616     9.5709     -0.079    7.74442     9.4226     3.4622   14.18047 1.4849e+02 0.0000e+00
         37 265.659514    0.00250     0.1500      9.000     -0.033  11825.834     6.9333     9.5153     -0.033    7.64914     9.2802     5.1611   13.99000 1.4522e+02 0.0000e+00
         38 265.659517    0.00257     0.1542      9.250      0.040  17046.867    10.1416     9.4226      0.040    7.51068     9.1015     7.6717   13.71274 1.3990e+02 0.0000e+00
         39 265.659520    0.00264     0.1583      9.500      0.140  22625.012    13.6017     9.2802      0.139    7.36922     8.9259    10.3840   13.42736 1.3149e+02 0.0000e+00
         40 265.659523    0.00271     0.1625      9.750      0.253  26866.506    16.2478     9.1015      0.251    7.27294     8.7859    12.4667   13.22927 1.1866e+02 0.0000e+00
         41 265.659525    0.00278     0.1667     10.000      0.364  29655.352    17.9926     8.9259      0.361    7.21914     8.6930    13.8476   13.11499 1.0265e+02 0.0000e+00
         42 265.659528    0.00285     0.1708     10.250      0.469  31643.355    19.2471     8.7859      0.465    7.18302     8.6452    14.8423   13.03730 8.7380e+01 0.0000e+00
         43 265.659531    0.00292     0.1750     10.500      0.570  33219.967    20.2564     8.6930      0.565    7.15104     8.6354    15.6405   12.97019 7.4163e+01 0.0000e+00
         44 265.659534    0.00299     0.1792     10.750      0.673  34654.764    21.1911     8.6452      0.667    7.11551     8.6579    16.3754   12.89843 6.1866e+01 0.0000e+00
         45 265.659537    0.00306     0.1833     11.000      0.782  36077.884    22.1326     8.6354      0.775    7.07377     8.7079    17.1111   12.81646 5.0354e+01 0.0000e+00
         46 265.659540    0.00313     0.1875     11.250      0.892  37424.216    23.0332     8.6580      0.884    7.02894     8.7765    17.8111   12.73004 4.0560e+01 0.0000e+00
         47 265.659543    0.00319     0.1917     11.500      0.990  38559.159    23.7996     8.7080      0.981    6.98608     8.8528    18.4027   12.64874 3.3331e+01 0.0000e+00
         48 265.659546    0.00326     0.1958     11.750      1.064  39462.403    24.4152     8.7765      1.055    6.94732     8.9292    18.8741   12.57633 2.8742e+01 0.0000e+00
         49 265.659549    0.00333     0.2000     12.000      1.113  40208.395    24.9279     8.8528      1.103    6.91220     9.0001    19.2639   12.51134 2.6421e+01 0.0000e+00
         50 265.659552    0.00340     0.2042     12.250      1.136  40809.870    25.3441     8.9293      1.126    6.88155     9.0603    19.5784   12.45505 2.5843e+01 0.0000e+00
         51 265.659554    0.00347     0.2083     12.500      1.140  41243.647    25.6466     9.0002      1.129    6.85698     9.1075    19.8048   12.41034 2.6338e+01 0.0000e+00
         52 265.659557    0.00354     0.2125     12.750      1.131  41528.096    25.8467     9.0605      1.120    6.83868     9.1417    19.9526   12.37739 2.7176e+01 0.0000e+00
         53 265.659560    0.00361     0.2167     13.000      1.119  41700.011    25.9689     9.1077      1.109    6.82592     9.1644    20.0414   12.35462 2.7708e+01 0.0000e+00
         54 265.659563    0.00368     0.2208     13.250      1.113  41792.908    26.0358     9.1419      1.102    6.81764     9.1781    20.0888   12.34002 2.7596e+01 0.0000e+00
         55 265.659566    0.00375     0.2250     13.500      1.116  41836.031    26.0675     9.1645      1.106    6.81272     9.1859    20.1104   12.33143 2.6882e+01 0.0000e+00
         56 265.659569    0.00382     0.2292     13.750      1.130  41860.076    26.0853     9.1782      1.119    6.80981     9.1912    20.1224   12.32637 2.5865e+01 0.0000e+00
         57 265.659572    0.00389     0.2333     14.000      1.148  41888.818    26.1057     9.1860      1.137    6.80770     9.1971    20.1373   12.32260 2.4928e+01 0.0000e+00
         58 265.659575    0.00396     0.2375     14.250      1.166  41937.316    26.1396     9.1913      1.155    6.80539     9.2056    20.1629   12.31834 2.4374e+01 0.0000e+00
         59 265.659578    0.00403     0.2417     14.500      1.175  42014.607    26.1933     9.1972      1.165    6.80212     9.2166    20.2040   12.31224 2.4378e+01 0.0000e+00
         60 265.659580    0.00410     0.2458     14.750      1.174  42115.615    26.2636     9.2057      1.163    6.79774     9.2281    20.2576   12.30408 2.4975e+01 0.0000e+00
         61 265.659583    0.00417     0.2500     15.000      1.162  42215.606    26.3336     9.2167      1.151    6.79300     9.2379    20.3106   12.29533 2.6037e+01 0.0000e+00
         62 265.659586    0.00424     0.2542     15.250      1.143  42285.668    26.3830     9.2282      1.132    6.78907     9.2442    20.3476   12.28818 2.7254e+01 0.0000e+00
         63 265.659589    0.00431     0.2583     15.500      1.124  42315.203    26.4044     9.2380      1.113    6.78664     9.2462    20.3629   12.28387 2.8184e+01 0.0000e+00
         64 265.659592    0.00438     0.2625     15.750      1.112  42307.648    26.3999     9.2443      1.102    6.78587     9.2445    20.3584   12.28266 2.8454e+01 0.0000e+00
         65 265.659595    0.00444     0.2667     16.000      1.113  42275.793    26.3782     9.2463      1.102    6.78651     9.2412    20.3412   12.28399 2.8011e+01 0.0000e+00
         66 265.659598    0.00451     0.2708     16.250      1.124  42243.285    26.3556     9.2447      1.113    6.78775     9.2389    20.3239   12.28634 2.7205e+01 0.0000e+00
         67 265.659601    0.00458     0.2750     16.500      1.139  42230.337    26.3464     9.2413      1.129    6.78866     9.2392    20.3171   12.28796 2.6569e+01 0.0000e+00
         68 265.659604    0.00465     0.2792     16.750      1.151  42246.262    26.3571     9.2390      1.140    6.78856     9.2422    20.3258   12.28765 2.6538e+01 0.0000e+00
         69 265.659606    0.00472     0.2833     17.000      1.151  42288.205    26.3859     9.2393      1.141    6.78725     9.2467    20.3482   12.28511 2.7311e+01 0.0000e+00
         70 265.659609    0.00479     0.2875     17.250      1.138  42341.340    26.4228     9.2423      1.127    6.78517     9.2509    20.3766   12.28120 2.8807e+01 0.0000e+00
         71 265.659612    0.00486     0.2917     17.500      1.113  42386.937    26.4547     9.2468      1.103    6.78309     9.2531    20.4008   12.27735 3.0648e+01 0.0000e+00
         72 265.659615    0.00493     0.2958     17.750      1.085  42408.910    26.4703     9.2510      1.075    6.78177     9.2522    20.4124   12.27496 3.2247e+01 0.0000e+00
         73 265.659618    0.00500     0.3000     18.000      1.062  42401.932    26.4658     9.2532      1.052    6.78164     9.2482    20.4085   12.27480 3.3080e+01 0.0000e+00
         74 265.659621    0.00507     0.3042     18.250      1.050  42375.013    26.4471     9.2523      1.040    6.78259     9.2414    20.3941   12.27661 3.3011e+01 0.0000e+00
         75 265.659624    0.00514     0.3083     18.500      1.047  42339.212    26.4221     9.2483      1.037    6.78431     9.2324    20.3751   12.27978 3.2416e+01 0.0000e+00
         76 265.659627    0.00521     0.3125     18.750      1.050  42297.967    26.3929     9.2415      1.040    6.78662     9.2219    20.3534   12.28398 3.1961e+01 0.0000e+00
         77 265.659630    0.00528     0.3167     19.000      1.051  42251.250    26.3598     9.2325      1.041    6.78943     9.2107    20.3288   12.28907 3.2151e+01 0.0000e+00
         78 265.659633    0.00535     0.3208     19.250      1.046  42198.082    26.3221     9.2220      1.036    6.79268     9.1993    20.3009   12.29494 3.2984e+01 0.0000e+00
         79 265.659635    0.00542     0.3250     19.500      1.036  42139.630    26.2806     9.2108      1.027    6.79621     9.1880    20.2702   12.30133 3.3928e+01 0.0000e+00
         80 265.659638    0.00549     0.3292     19.750      1.028  42081.976    26.2398     9.1994      1.019    6.79974     9.1770    20.2399   12.30771 3.4329e+01 0.0000e+00
         81 265.659641    0.00556     0.3333     20.000      1.027  42029.671    26.2026     9.1881      1.017    6.80309     9.1664    20.2125   12.31374 3.3899e+01 0.0000e+00
         82 265.659644    0.00562     0.3375     20.250      1.034  41984.762    26.1705     9.1771      1.024    6.80618     9.1567    20.1890   12.31928 3.2870e+01 0.0000e+00
         83 265.659647    0.00569     0.3417     20.500      1.046  41949.943    26.1454     9.1665      1.036    6.80890     9.1482    20.1709   12.32411 3.1820e+01 0.0000e+00
         84 265.659650    0.00576     0.3458     20.750      1.057  41925.373    26.1274     9.1568      1.047    6.81118     9.1413    20.1583   12.32812 3.1337e+01 0.0000e+00
         85 265.659653    0.00583     0.3500     21.000      1.062  41908.291    26.1147     9.1483      1.052    6.81303     9.1358    20.1496   12.33134 3.1679e+01 0.0000e+00
         86 265.659656    0.00590     0.3542     21.250      1.059  41895.817    26.1054     9.1414      1.048    6.81450     9.1317    20.1433   12.33390 3.2636e+01 0.0000e+00
         87 265.659659    0.00597     0.3583     21.500      1.049  41886.352    26.0983     9.1359      1.039    6.81566     9.1287    20.1385   12.33591 3.3623e+01 0.0000e+00
         88 265.659661    0.00604     0.3625     21.750      1.039  41880.540    26.0938     9.1318      1.030    6.81649     9.1264    20.1357   12.33735 3.4014e+01 0.0000e+00
         89 265.659664    0.00611     0.3667     22.000      1.034  41878.921    26.0924     9.1288      1.025    6.81702     9.1243    20.1350   12.33824 3.3581e+01 0.0000e+00
         90 265.659667    0.00618     0.3708     22.250      1.038  41878.413    26.0918     9.1265      1.029    6.81739     9.1219    20.1348   12.33886 3.2630e+01 0.0000e+00
