CTD-processing/allCTD/CNV--turbid/2012-07-30-cookinlet-tran6-cast084-s14.cnv
* Sea-Bird SBE19plus Data File:
* FileName = C:\Documents and Settings\kris.holderied.local\My Documents\2012-07-EVOS-CookInlet-Ocean\2012-07-CookInlet-Tran6-Douglas\2012-07-31-CookInlet-Tran6-cast084.hex
* Software Version 1.54
* Temperature SN =  4141
* Conductivity SN =  4141
* System UpLoad Time = Jul 31 2012 08:15:13
** Cook Inlet LTM Transect 6 (Douglas line)  East to West
** Date:  2012-07-30
** Station:  6-14
** Start time (AKDT-24 hr): 1944
** Depth (m): 138
** Comment:
# nquan = 16
# nvalues = 858                         
# units = specified
# name 0 = scan: Scan Count
# name 1 = timeJ: Julian Days
# name 2 = timeH: Time, Elapsed [hours]
# name 3 = timeM: Time, Elapsed [minutes]
# name 4 = timeS: Time, Elapsed [seconds]
# name 5 = prdM: Pressure, Strain Gauge [db]
# name 6 = specc: Specific Conductance [uS/cm]
# name 7 = sal00: Salinity, Practical [PSU]
# name 8 = tv290C: Temperature [ITS-90, deg C]
# name 9 = depSM: Depth [salt water, m], lat = 59.00
# name 10 = oxsolML/L: Oxygen Saturation, Garcia & Gordon [ml/l]
# name 11 = potemp090C: Potential Temperature [ITS-90, deg C]
# name 12 = sigma-é00: Density [sigma-theta, kg/m^3]
# name 13 = n2satML/L: Nitrogen Saturation [ml/l]
# name 14 = par: PAR/Irradiance, Biospherical/Licor
# name 15 = flag:  0.000e+00
# span 0 =          1,        858       
# span 1 = 212.822407, 212.824887       
# span 2 =    0.00000,    0.05951       
# span 3 =     0.0000,     3.5708       
# span 4 =      0.000,    214.250       
# span 5 =     -0.071,    127.847       
# span 6 =    595.282,  51384.069       
# span 7 =     0.2864,    32.2097       
# span 8 =     6.4604,     9.6612       
# span 9 =     -0.070,    126.613       
# span 10 =    6.53609,    7.94770      
# span 11 =     6.4496,     9.6601      
# span 12 =    -0.0432,    25.2922      
# span 13 =   11.80818,   14.58620      
# span 14 = 4.2009e-02, 1.3707e+02      
# span 15 = 0.0000e+00, 0.0000e+00      
# interval = seconds: 0.25
# start_time = Jul 30 2012 19:44:16 [Instrument's time stamp, header]
# bad_flag = -9.990e-29
*END*
[from data line 724]
        725 212.824502    0.05028     3.0167    181.000    104.926  51078.705    32.0860     6.8792    103.919    6.90094     6.8540    25.1411   12.40218 4.2569e-02 0.0000e+00
        726 212.824505    0.05035     3.0208    181.250    105.245  51082.938    32.0873     6.8714    104.234    6.90212     6.8452    25.1432   12.40412 4.2509e-02 0.0000e+00
        727 212.824508    0.05042     3.0250    181.500    105.574  51086.390    32.0881     6.8633    104.560    6.90338     6.8355    25.1448   12.40620 4.2506e-02 0.0000e+00
        728 212.824511    0.05049     3.0292    181.750    105.901  51089.671    32.0886     6.8545    104.885    6.90476     6.8253    25.1464   12.40846 4.2544e-02 0.0000e+00
        729 212.824514    0.05056     3.0333    182.000    106.217  51095.086    32.0905     6.8448    105.197    6.90622     6.8154    25.1491   12.41085 4.2564e-02 0.0000e+00
        730 212.824517    0.05063     3.0375    182.250    106.513  51103.407    32.0943     6.8346    105.490    6.90768     6.8068    25.1534   12.41322 4.2573e-02 0.0000e+00
        731 212.824520    0.05069     3.0417    182.500    106.784  51113.113    32.0991     6.8247    105.758    6.90903     6.7998    25.1585   12.41539 4.2565e-02 0.0000e+00
        732 212.824523    0.05076     3.0458    182.750    107.026  51122.489    32.1039     6.8161    105.998    6.91018     6.7942    25.1634   12.41723 4.2542e-02 0.0000e+00
        733 212.824525    0.05083     3.0500    183.000    107.241  51130.536    32.1081     6.8091    106.211    6.91111     6.7899    25.1676   12.41872 4.2526e-02 0.0000e+00
        734 212.824528    0.05090     3.0542    183.250    107.433  51136.799    32.1113     6.8036    106.401    6.91185     6.7866    25.1709   12.41989 4.2519e-02 0.0000e+00
        735 212.824531    0.05097     3.0583    183.500    107.608  51141.371    32.1137     6.7993    106.574    6.91242     6.7838    25.1733   12.42082 4.2503e-02 0.0000e+00
        736 212.824534    0.05104     3.0625    183.750    107.771  51144.574    32.1152     6.7960    106.736    6.91288     6.7811    25.1749   12.42155 4.2470e-02 0.0000e+00
        737 212.824537    0.05111     3.0667    184.000    107.929  51146.229    32.1158     6.7932    106.892    6.91329     6.7780    25.1758   12.42223 4.2445e-02 0.0000e+00
        738 212.824540    0.05118     3.0708    184.250    108.087  51146.718    32.1156     6.7905    107.049    6.91373     6.7743    25.1759   12.42296 4.2452e-02 0.0000e+00
        739 212.824543    0.05125     3.0750    184.500    108.247  51147.971    32.1158     6.7874    107.207    6.91423     6.7706    25.1765   12.42378 4.2462e-02 0.0000e+00
        740 212.824546    0.05132     3.0792    184.750    108.410  51151.062    32.1172     6.7837    107.369    6.91476     6.7674    25.1781   12.42463 4.2461e-02 0.0000e+00
        741 212.824549    0.05139     3.0833    185.000    108.577  51154.909    32.1191     6.7800    107.534    6.91526     6.7647    25.1801   12.42544 4.2461e-02 0.0000e+00
        742 212.824552    0.05146     3.0875    185.250    108.746  51158.353    32.1208     6.7768    107.701    6.91571     6.7624    25.1818   12.42615 4.2455e-02 0.0000e+00
        743 212.824554    0.05153     3.0917    185.500    108.913  51160.977    32.1221     6.7741    107.866    6.91608     6.7604    25.1832   12.42674 4.2445e-02 0.0000e+00
        744 212.824557    0.05160     3.0958    185.750    109.078  51162.724    32.1228     6.7719    108.030    6.91640     6.7584    25.1840   12.42727 4.2447e-02 0.0000e+00
        745 212.824560    0.05167     3.1000    186.000    109.242  51163.786    32.1231     6.7699    108.192    6.91670     6.7561    25.1845   12.42777 4.2461e-02 0.0000e+00
        746 212.824563    0.05174     3.1042    186.250    109.405  51164.451    32.1231     6.7679    108.354    6.91703     6.7533    25.1848   12.42830 4.2467e-02 0.0000e+00
        747 212.824566    0.05181     3.1083    186.500    109.570  51165.004    32.1230     6.7656    108.517    6.91740     6.7498    25.1850   12.42893 4.2464e-02 0.0000e+00
        748 212.824569    0.05187     3.1125    186.750    109.739  51165.477    32.1227     6.7628    108.684    6.91786     6.7455    25.1852   12.42968 4.2464e-02 0.0000e+00
        749 212.824572    0.05194     3.1167    187.000    109.914  51165.870    32.1223     6.7594    108.857    6.91843     6.7398    25.1853   12.43063 4.2475e-02 0.0000e+00
        750 212.824575    0.05201     3.1208    187.250    110.096  51166.201    32.1216     6.7550    109.038    6.91916     6.7326    25.1853   12.43184 4.2495e-02 0.0000e+00
        751 212.824578    0.05208     3.1250    187.500    110.285  51167.114    32.1211     6.7493    109.225    6.92009     6.7241    25.1856   12.43338 4.2501e-02 0.0000e+00
        752 212.824580    0.05215     3.1292    187.750    110.478  51170.198    32.1218     6.7422    109.416    6.92121     6.7154    25.1871   12.43522 4.2487e-02 0.0000e+00
        753 212.824583    0.05222     3.1333    188.000    110.673  51176.262    32.1244     6.7337    109.609    6.92244     6.7072    25.1902   12.43723 4.2477e-02 0.0000e+00
        754 212.824586    0.05229     3.1375    188.250    110.866  51184.449    32.1283     6.7250    109.800    6.92367     6.7002    25.1945   12.43921 4.2469e-02 0.0000e+00
        755 212.824589    0.05236     3.1417    188.500    111.054  51193.100    32.1327     6.7168    109.986    6.92477     6.6946    25.1990   12.44098 4.2457e-02 0.0000e+00
        756 212.824592    0.05243     3.1458    188.750    111.234  51200.870    32.1368     6.7099    110.165    6.92570     6.6901    25.2031   12.44247 4.2449e-02 0.0000e+00
        757 212.824595    0.05250     3.1500    189.000    111.410  51207.278    32.1401     6.7042    110.338    6.92645     6.6865    25.2065   12.44367 4.2440e-02 0.0000e+00
        758 212.824598    0.05257     3.1542    189.250    111.581  51212.150    32.1426     6.6998    110.508    6.92705     6.6832    25.2090   12.44463 4.2428e-02 0.0000e+00
        759 212.824601    0.05264     3.1583    189.500    111.753  51215.239    32.1440     6.6962    110.678    6.92757     6.6796    25.2106   12.44546 4.2418e-02 0.0000e+00
        760 212.824604    0.05271     3.1625    189.750    111.929  51216.579    32.1442     6.6929    110.852    6.92808     6.6752    25.2112   12.44631 4.2404e-02 0.0000e+00
        761 212.824606    0.05278     3.1667    190.000    112.112  51217.369    32.1440     6.6893    111.034    6.92867     6.6703    25.2115   12.44729 4.2378e-02 0.0000e+00
        762 212.824609    0.05285     3.1708    190.250    112.305  51219.580    32.1446     6.6849    111.225    6.92935     6.6655    25.2126   12.44839 4.2366e-02 0.0000e+00
        763 212.824612    0.05292     3.1750    190.500    112.509  51223.681    32.1464     6.6800    111.427    6.93005     6.6613    25.2146   12.44953 4.2372e-02 0.0000e+00
        764 212.824615    0.05299     3.1792    190.750    112.722  51228.492    32.1488     6.6752    111.638    6.93071     6.6576    25.2171   12.45058 4.2377e-02 0.0000e+00
        765 212.824618    0.05306     3.1833    191.000    112.940  51232.729    32.1509     6.6710    111.854    6.93129     6.6541    25.2192   12.45152 4.2382e-02 0.0000e+00
        766 212.824621    0.05312     3.1875    191.250    113.156  51235.721    32.1522     6.6673    112.068    6.93182     6.6504    25.2207   12.45238 4.2379e-02 0.0000e+00
        767 212.824624    0.05319     3.1917    191.500    113.360  51237.788    32.1529     6.6638    112.270    6.93235     6.6464    25.2217   12.45325 4.2362e-02 0.0000e+00
        768 212.824627    0.05326     3.1958    191.750    113.545  51240.026    32.1536     6.6601    112.453    6.93291     6.6425    25.2228   12.45416 4.2342e-02 0.0000e+00
        769 212.824630    0.05333     3.2000    192.000    113.703  51243.437    32.1552     6.6562    112.609    6.93348     6.6392    25.2246   12.45508 4.2325e-02 0.0000e+00
        770 212.824633    0.05340     3.2042    192.250    113.828  51248.023    32.1576     6.6523    112.734    6.93400     6.6369    25.2270   12.45591 4.2307e-02 0.0000e+00
        771 212.824635    0.05347     3.2083    192.500    113.919  51252.787    32.1602     6.6490    112.824    6.93440     6.6355    25.2295   12.45654 4.2290e-02 0.0000e+00
        772 212.824638    0.05354     3.2125    192.750    113.978  51256.908    32.1626     6.6467    112.882    6.93467     6.6351    25.2317   12.45695 4.2280e-02 0.0000e+00
        773 212.824641    0.05361     3.2167    193.000    114.009  51260.209    32.1647     6.6453    112.912    6.93479     6.6352    25.2334   12.45713 4.2280e-02 0.0000e+00
        774 212.824644    0.05368     3.2208    193.250    114.023  51262.097    32.1659     6.6449    112.926    6.93481     6.6353    25.2345   12.45715 4.2278e-02 0.0000e+00
        775 212.824647    0.05375     3.2250    193.500    114.037  51261.769    32.1657     6.6450    112.940    6.93480     6.6345    25.2343   12.45713 4.2269e-02 0.0000e+00
        776 212.824650    0.05382     3.2292    193.750    114.069  51259.682    32.1642     6.6451    112.972    6.93485     6.6322    25.2331   12.45723 4.2267e-02 0.0000e+00
        777 212.824653    0.05389     3.2333    194.000    114.140  51257.146    32.1623     6.6444    113.042    6.93506     6.6284    25.2317   12.45761 4.2277e-02 0.0000e+00
        778 212.824656    0.05396     3.2375    194.250    114.270  51255.596    32.1607     6.6420    113.170    6.93550     6.6238    25.2308   12.45836 4.2287e-02 0.0000e+00
        779 212.824659    0.05403     3.2417    194.500    114.462  51256.181    32.1603     6.6382    113.361    6.93614     6.6192    25.2309   12.45942 4.2301e-02 0.0000e+00
        780 212.824661    0.05410     3.2458    194.750    114.702  51258.982    32.1613     6.6336    113.598    6.93684     6.6152    25.2323   12.46056 4.2334e-02 0.0000e+00
        781 212.824664    0.05417     3.2500    195.000    114.972  51263.133    32.1632     6.6291    113.866    6.93748     6.6120    25.2344   12.46160 4.2391e-02 0.0000e+00
        782 212.824667    0.05424     3.2542    195.250    115.263  51267.433    32.1653     6.6251    114.153    6.93803     6.6094    25.2366   12.46247 4.2453e-02 0.0000e+00
        783 212.824670    0.05431     3.2583    195.500    115.560  51270.976    32.1670     6.6218    114.448    6.93846     6.6071    25.2383   12.46317 4.2476e-02 0.0000e+00
        784 212.824673    0.05438     3.2625    195.750    115.854  51273.523    32.1682     6.6193    114.738    6.93882     6.6051    25.2396   12.46375 4.2454e-02 0.0000e+00
        785 212.824676    0.05444     3.2667    196.000    116.133  51275.532    32.1690     6.6171    115.015    6.93914     6.6032    25.2405   12.46427 4.2411e-02 0.0000e+00
        786 212.824679    0.05451     3.2708    196.250    116.388  51277.729    32.1700     6.6150    115.268    6.93943     6.6018    25.2416   12.46473 4.2359e-02 0.0000e+00
        787 212.824682    0.05458     3.2750    196.500    116.614  51280.212    32.1713     6.6132    115.491    6.93967     6.6008    25.2428   12.46510 4.2317e-02 0.0000e+00
        788 212.824685    0.05465     3.2792    196.750    116.807  51282.510    32.1725     6.6117    115.683    6.93984     6.6002    25.2440   12.46538 4.2295e-02 0.0000e+00
        789 212.824688    0.05472     3.2833    197.000    116.968  51284.258    32.1735     6.6108    115.842    6.93995     6.6000    25.2448   12.46555 4.2289e-02 0.0000e+00
        790 212.824690    0.05479     3.2875    197.250    117.100  51285.298    32.1740     6.6102    115.972    6.94001     6.6000    25.2454   12.46563 4.2294e-02 0.0000e+00
        791 212.824693    0.05486     3.2917    197.500    117.205  51285.742    32.1743     6.6100    116.077    6.94002     6.6001    25.2456   12.46566 4.2296e-02 0.0000e+00
        792 212.824696    0.05493     3.2958    197.750    117.291  51285.871    32.1743     6.6100    116.162    6.94002     6.6002    25.2456   12.46566 4.2291e-02 0.0000e+00
        793 212.824699    0.05500     3.3000    198.000    117.364  51285.699    32.1741     6.6101    116.234    6.94001     6.6001    25.2455   12.46565 4.2281e-02 0.0000e+00
        794 212.824702    0.05507     3.3042    198.250    117.434  51285.047    32.1737     6.6102    116.303    6.94002     6.5996    25.2451   12.46567 4.2274e-02 0.0000e+00
        795 212.824705    0.05514     3.3083    198.500    117.511  51284.088    32.1730     6.6101    116.379    6.94008     6.5985    25.2445   12.46576 4.2276e-02 0.0000e+00
        796 212.824708    0.05521     3.3125    198.750    117.603  51283.075    32.1721     6.6096    116.471    6.94019     6.5968    25.2439   12.46597 4.2286e-02 0.0000e+00
        797 212.824711    0.05528     3.3167    199.000    117.719  51282.025    32.1712     6.6086    116.585    6.94040     6.5940    25.2433   12.46633 4.2307e-02 0.0000e+00
        798 212.824714    0.05535     3.3208    199.250    117.863  51281.129    32.1701     6.6068    116.727    6.94073     6.5904    25.2427   12.46689 4.2344e-02 0.0000e+00
        799 212.824716    0.05542     3.3250    199.500    118.037  51280.956    32.1694     6.6041    116.900    6.94120     6.5862    25.2425   12.46767 4.2390e-02 0.0000e+00
        800 212.824719    0.05549     3.3292    199.750    118.241  51282.261    32.1696     6.6005    117.102    6.94178     6.5818    25.2431   12.46862 4.2434e-02 0.0000e+00
        801 212.824722    0.05556     3.3333    200.000    118.467  51285.259    32.1708     6.5963    117.325    6.94241     6.5778    25.2446   12.46964 4.2477e-02 0.0000e+00
        802 212.824725    0.05563     3.3375    200.250    118.709  51289.151    32.1725     6.5920    117.565    6.94302     6.5741    25.2465   12.47063 4.2500e-02 0.0000e+00
        803 212.824728    0.05569     3.3417    200.500    118.961  51292.909    32.1743     6.5879    117.815    6.94360     6.5706    25.2484   12.47156 4.2479e-02 0.0000e+00
        804 212.824731    0.05576     3.3458    200.750    119.215  51295.810    32.1755     6.5843    118.066    6.94413     6.5669    25.2498   12.47243 4.2432e-02 0.0000e+00
        805 212.824734    0.05583     3.3500    201.000    119.464  51297.569    32.1759     6.5808    118.313    6.94467     6.5629    25.2506   12.47332 4.2382e-02 0.0000e+00
        806 212.824737    0.05590     3.3542    201.250    119.702  51299.213    32.1762     6.5771    118.549    6.94525     6.5588    25.2513   12.47427 4.2350e-02 0.0000e+00
        807 212.824740    0.05597     3.3583    201.500    119.924  51302.291    32.1775     6.5731    118.769    6.94584     6.5553    25.2528   12.47522 4.2338e-02 0.0000e+00
        808 212.824742    0.05604     3.3625    201.750    120.126  51306.647    32.1797     6.5691    118.969    6.94639     6.5524    25.2551   12.47611 4.2324e-02 0.0000e+00
        809 212.824745    0.05611     3.3667    202.000    120.305  51310.889    32.1819     6.5655    119.146    6.94686     6.5501    25.2573   12.47686 4.2299e-02 0.0000e+00
        810 212.824748    0.05618     3.3708    202.250    120.460  51314.326    32.1836     6.5626    119.299    6.94724     6.5484    25.2591   12.47747 4.2270e-02 0.0000e+00
        811 212.824751    0.05625     3.3750    202.500    120.594  51317.166    32.1851     6.5604    119.432    6.94753     6.5474    25.2605   12.47794 4.2250e-02 0.0000e+00
        812 212.824754    0.05632     3.3792    202.750    120.711  51319.600    32.1864     6.5588    119.547    6.94774     6.5468    25.2618   12.47827 4.2246e-02 0.0000e+00
        813 212.824757    0.05639     3.3833    203.000    120.816  51321.400    32.1874     6.5577    119.652    6.94787     6.5465    25.2627   12.47847 4.2247e-02 0.0000e+00
