CTD-processing/allCTD/CNV--turbid/2012_07-29_t3_s02_cast057.cnv
* Sea-Bird SBE19plus Data File:
* FileName = C:\Documents and Settings\kris.holderied.local\My Documents\2012-07-EVOS-CookInlet-Ocean\2012-07-29-Tran3-CookInlet-LTM-cast057.hex
* Software Version 1.54
* Temperature SN =  4141
* Conductivity SN =  4141
* System UpLoad Time = Jul 29 2012 20:42:42
** Cook Inlet LTM Transect 3 from Anchor Pt west
** Date:  2012-07-29
** Station:  3-02
** Start time (AKDT-24 hr): 1921
** Depth (m): 40
** Secchi depth=1.8m  Rain.  Flat seas.
# nquan = 16
# nvalues = 450                         
# units = specified
# name 0 = scan: Scan Count
# name 1 = timeJ: Julian Days
# name 2 = timeH: Time, Elapsed [hours]
# name 3 = timeM: Time, Elapsed [minutes]
# name 4 = timeS: Time, Elapsed [seconds]
# name 5 = prdM: Pressure, Strain Gauge [db]
# name 6 = specc: Specific Conductance [uS/cm]
# name 7 = sal00: Salinity, Practical [PSU]
# name 8 = tv290C: Temperature [ITS-90, deg C]
# name 9 = depSM: Depth [salt water, m], lat = 59.00
# name 10 = oxsolML/L: Oxygen Saturation, Garcia & Gordon [ml/l]
# name 11 = potemp090C: Potential Temperature [ITS-90, deg C]
# name 12 = sigma-é00: Density [sigma-theta, kg/m^3]
# name 13 = n2satML/L: Nitrogen Saturation [ml/l]
# name 14 = par: PAR/Irradiance, Biospherical/Licor
# name 15 = flag:  0.000e+00
# span 0 =          1,        450       
# span 1 = 211.848322, 211.849621       
# span 2 =    0.00000,    0.03118       
# span 3 =     0.0000,     1.8708       
# span 4 =      0.000,    112.250       
# span 5 =     -0.059,     25.483       
# span 6 =    190.922,  46677.137       
# span 7 =     0.0896,    29.5486       
# span 8 =    10.3376,    10.9909       
# span 9 =     -0.058,     25.243       
# span 10 =    6.44954,    7.71597      
# span 11 =    10.3348,    10.9909      
# span 12 =    -0.3202,    22.6449      
# span 13 =   11.69496,   14.19734      
# span 14 = 4.5110e-02, 5.7368e+01      
# span 15 = 0.0000e+00, 0.0000e+00      
# interval = seconds: 0.25
# start_time = Jul 29 2012 20:21:35 [Instrument's time stamp, header]
# bad_flag = -9.990e-29
*END*
[from data line 181]
        182 211.848845    0.01257     0.7542     45.250      1.464  45405.836    28.7233    10.8531      1.450    6.45257    10.8517    21.9176   11.70077 2.1900e+01 0.0000e+00
        183 211.848848    0.01264     0.7583     45.500      1.468  45398.250    28.7179    10.8523      1.454    6.45291    10.8517    21.9135   11.70139 2.2103e+01 0.0000e+00
        184 211.848851    0.01271     0.7625     45.750      1.464  45390.237    28.7122    10.8519      1.450    6.45320    10.8521    21.9092   11.70194 2.2343e+01 0.0000e+00
        185 211.848854    0.01278     0.7667     46.000      1.454  45383.099    28.7072    10.8519      1.440    6.45340    10.8527    21.9053   11.70234 2.2565e+01 0.0000e+00
        186 211.848857    0.01285     0.7708     46.250      1.440  45377.830    28.7036    10.8523      1.427    6.45349    10.8533    21.9024   11.70253 2.2742e+01 0.0000e+00
        187 211.848860    0.01292     0.7750     46.500      1.426  45375.509    28.7020    10.8529      1.412    6.45347    10.8539    21.9011   11.70251 2.2872e+01 0.0000e+00
        188 211.848863    0.01299     0.7792     46.750      1.411  45376.239    28.7026    10.8535      1.397    6.45336    10.8544    21.9014   11.70233 2.2966e+01 0.0000e+00
        189 211.848866    0.01306     0.7833     47.000      1.396  45379.119    28.7047    10.8541      1.383    6.45320    10.8549    21.9030   11.70203 2.3040e+01 0.0000e+00
        190 211.848869    0.01313     0.7875     47.250      1.383  45382.976    28.7075    10.8546      1.371    6.45301    10.8552    21.9050   11.70169 2.3102e+01 0.0000e+00
        191 211.848872    0.01319     0.7917     47.500      1.372  45387.084    28.7104    10.8550      1.359    6.45283    10.8554    21.9072   11.70135 2.3141e+01 0.0000e+00
        192 211.848874    0.01326     0.7958     47.750      1.363  45391.112    28.7132    10.8554      1.350    6.45266    10.8555    21.9094   11.70104 2.3143e+01 0.0000e+00
        193 211.848877    0.01333     0.8000     48.000      1.356  45394.860    28.7159    10.8556      1.344    6.45252    10.8554    21.9114   11.70078 2.3108e+01 0.0000e+00
        194 211.848880    0.01340     0.8042     48.250      1.354  45398.437    28.7184    10.8556      1.341    6.45241    10.8551    21.9133   11.70057 2.3032e+01 0.0000e+00
        195 211.848883    0.01347     0.8083     48.500      1.355  45402.340    28.7211    10.8555      1.343    6.45232    10.8546    21.9155   11.70038 2.2898e+01 0.0000e+00
        196 211.848886    0.01354     0.8125     48.750      1.361  45407.170    28.7245    10.8552      1.349    6.45222    10.8541    21.9182   11.70017 2.2692e+01 0.0000e+00
        197 211.848889    0.01361     0.8167     49.000      1.372  45413.003    28.7285    10.8548      1.359    6.45211    10.8535    21.9214   11.69995 2.2418e+01 0.0000e+00
        198 211.848892    0.01368     0.8208     49.250      1.388  45418.831    28.7325    10.8542      1.374    6.45202    10.8530    21.9246   11.69975 2.2105e+01 0.0000e+00
        199 211.848895    0.01375     0.8250     49.500      1.405  45423.062    28.7354    10.8536      1.392    6.45199    10.8525    21.9269   11.69966 2.1801e+01 0.0000e+00
        200 211.848898    0.01382     0.8292     49.750      1.422  45424.479    28.7364    10.8531      1.409    6.45203    10.8523    21.9277   11.69971 2.1558e+01 0.0000e+00
        201 211.848900    0.01389     0.8333     50.000      1.437  45422.386    28.7349    10.8527      1.423    6.45215    10.8524    21.9266   11.69994 2.1413e+01 0.0000e+00
        202 211.848903    0.01396     0.8375     50.250      1.446  45416.759    28.7309    10.8525      1.432    6.45234    10.8528    21.9236   11.70031 2.1397e+01 0.0000e+00
        203 211.848906    0.01403     0.8417     50.500      1.449  45408.696    28.7252    10.8525      1.435    6.45256    10.8537    21.9192   11.70074 2.1525e+01 0.0000e+00
        204 211.848909    0.01410     0.8458     50.750      1.444  45399.804    28.7191    10.8530      1.431    6.45276    10.8551    21.9143   11.70114 2.1774e+01 0.0000e+00
        205 211.848912    0.01417     0.8500     51.000      1.434  45391.638    28.7135    10.8539      1.421    6.45287    10.8569    21.9098   11.70138 2.2071e+01 0.0000e+00
        206 211.848915    0.01424     0.8542     51.250      1.420  45385.880    28.7096    10.8552      1.407    6.45283    10.8587    21.9065   11.70137 2.2337e+01 0.0000e+00
        207 211.848918    0.01431     0.8583     51.500      1.405  45383.881    28.7083    10.8570      1.392    6.45263    10.8602    21.9053   11.70106 2.2536e+01 0.0000e+00
        208 211.848921    0.01438     0.8625     51.750      1.392  45385.973    28.7100    10.8588      1.379    6.45231    10.8611    21.9063   11.70050 2.2653e+01 0.0000e+00
        209 211.848924    0.01444     0.8667     52.000      1.383  45391.162    28.7138    10.8603      1.370    6.45194    10.8614    21.9090   11.69984 2.2677e+01 0.0000e+00
        210 211.848927    0.01451     0.8708     52.250      1.379  45398.007    28.7187    10.8612      1.366    6.45162    10.8611    21.9126   11.69924 2.2606e+01 0.0000e+00
        211 211.848929    0.01458     0.8750     52.500      1.379  45405.500    28.7239    10.8615      1.366    6.45136    10.8604    21.9166   11.69875 2.2463e+01 0.0000e+00
        212 211.848932    0.01465     0.8792     52.750      1.382  45412.623    28.7289    10.8613      1.369    6.45119    10.8595    21.9205   11.69841 2.2289e+01 0.0000e+00
        213 211.848935    0.01472     0.8833     53.000      1.387  45418.351    28.7329    10.8606      1.374    6.45113    10.8585    21.9237   11.69826 2.2125e+01 0.0000e+00
        214 211.848938    0.01479     0.8875     53.250      1.393  45422.139    28.7354    10.8596      1.380    6.45116    10.8577    21.9259   11.69828 2.1992e+01 0.0000e+00
        215 211.848941    0.01486     0.8917     53.500      1.398  45423.853    28.7365    10.8587      1.385    6.45125    10.8572    21.9269   11.69841 2.1891e+01 0.0000e+00
        216 211.848944    0.01493     0.8958     53.750      1.403  45423.604    28.7362    10.8579      1.389    6.45137    10.8568    21.9269   11.69861 2.1812e+01 0.0000e+00
        217 211.848947    0.01500     0.9000     54.000      1.407  45421.922    28.7350    10.8573      1.394    6.45149    10.8565    21.9260   11.69884 2.1744e+01 0.0000e+00
        218 211.848950    0.01507     0.9042     54.250      1.411  45419.702    28.7334    10.8569      1.398    6.45161    10.8562    21.9248   11.69906 2.1674e+01 0.0000e+00
        219 211.848953    0.01514     0.9083     54.500      1.416  45417.715    28.7320    10.8566      1.403    6.45171    10.8559    21.9237   11.69924 2.1583e+01 0.0000e+00
        220 211.848955    0.01521     0.9125     54.750      1.422  45416.424    28.7310    10.8563      1.409    6.45179    10.8557    21.9230   11.69938 2.1455e+01 0.0000e+00
        221 211.848958    0.01528     0.9167     55.000      1.430  45415.981    28.7307    10.8560      1.416    6.45185    10.8555    21.9228   11.69948 2.1293e+01 0.0000e+00
        222 211.848961    0.01535     0.9208     55.250      1.438  45416.135    28.7308    10.8558      1.425    6.45188    10.8555    21.9229   11.69953 2.1112e+01 0.0000e+00
        223 211.848964    0.01542     0.9250     55.500      1.447  45416.243    28.7308    10.8557      1.433    6.45189    10.8556    21.9230   11.69956 2.0946e+01 0.0000e+00
        224 211.848967    0.01549     0.9292     55.750      1.455  45415.360    28.7302    10.8557      1.441    6.45192    10.8559    21.9225   11.69961 2.0842e+01 0.0000e+00
        225 211.848970    0.01556     0.9333     56.000      1.461  45412.534    28.7282    10.8558      1.447    6.45199    10.8564    21.9210   11.69974 2.0841e+01 0.0000e+00
        226 211.848973    0.01563     0.9375     56.250      1.463  45407.404    28.7247    10.8561      1.449    6.45210    10.8573    21.9181   11.69996 2.0951e+01 0.0000e+00
        227 211.848976    0.01569     0.9417     56.500      1.460  45400.419    28.7198    10.8566      1.446    6.45222    10.8588    21.9143   11.70023 2.1152e+01 0.0000e+00
        228 211.848979    0.01576     0.9458     56.750      1.451  45392.299    28.7143    10.8575      1.437    6.45232    10.8610    21.9098   11.70046 2.1411e+01 0.0000e+00
        229 211.848981    0.01583     0.9500     57.000      1.439  45384.024    28.7087    10.8590      1.425    6.45234    10.8636    21.9052   11.70057 2.1686e+01 0.0000e+00
        230 211.848984    0.01590     0.9542     57.250      1.425  45377.133    28.7041    10.8612      1.411    6.45223    10.8662    21.9012   11.70043 2.1936e+01 0.0000e+00
        231 211.848987    0.01597     0.9583     57.500      1.412  45373.085    28.7015    10.8638      1.399    6.45197    10.8681    21.8988   11.70003 2.2123e+01 0.0000e+00
        232 211.848990    0.01604     0.9625     57.750      1.404  45372.550    28.7014    10.8663      1.391    6.45162    10.8694    21.8983   11.69946 2.2200e+01 0.0000e+00
        233 211.848993    0.01611     0.9667     58.000      1.402  45374.997    28.7033    10.8683      1.389    6.45127    10.8700    21.8995   11.69885 2.2129e+01 0.0000e+00
        234 211.848996    0.01618     0.9708     58.250      1.406  45378.999    28.7062    10.8695      1.393    6.45097    10.8699    21.9016   11.69832 2.1911e+01 0.0000e+00
        235 211.848999    0.01625     0.9750     58.500      1.415  45383.536    28.7095    10.8701      1.401    6.45076    10.8695    21.9040   11.69792 2.1605e+01 0.0000e+00
        236 211.849002    0.01632     0.9792     58.750      1.425  45388.216    28.7127    10.8701      1.412    6.45062    10.8689    21.9065   11.69766 2.1277e+01 0.0000e+00
        237 211.849005    0.01639     0.9833     59.000      1.436  45392.463    28.7156    10.8697      1.423    6.45056    10.8683    21.9089   11.69752 2.0965e+01 0.0000e+00
        238 211.849008    0.01646     0.9875     59.250      1.445  45395.609    28.7178    10.8691      1.432    6.45056    10.8677    21.9107   11.69749 2.0685e+01 0.0000e+00
        239 211.849010    0.01653     0.9917     59.500      1.451  45397.253    28.7188    10.8685      1.438    6.45060    10.8673    21.9116   11.69755 2.0443e+01 0.0000e+00
        240 211.849013    0.01660     0.9958     59.750      1.455  45397.218    28.7188    10.8679      1.441    6.45068    10.8670    21.9116   11.69769 2.0258e+01 0.0000e+00
        241 211.849016    0.01667     1.0000     60.000      1.455  45395.657    28.7176    10.8675      1.441    6.45079    10.8669    21.9108   11.69789 2.0158e+01 0.0000e+00
        242 211.849019    0.01674     1.0042     60.250      1.451  45393.139    28.7158    10.8672      1.438    6.45090    10.8669    21.9095   11.69809 2.0155e+01 0.0000e+00
        243 211.849022    0.01681     1.0083     60.500      1.444  45390.377    28.7139    10.8670      1.431    6.45100    10.8669    21.9080   11.69828 2.0239e+01 0.0000e+00
        244 211.849025    0.01688     1.0125     60.750      1.435  45387.994    28.7122    10.8670      1.421    6.45108    10.8669    21.9067   11.69843 2.0397e+01 0.0000e+00
        245 211.849028    0.01694     1.0167     61.000      1.423  45386.403    28.7111    10.8670      1.410    6.45112    10.8669    21.9058   11.69851 2.0610e+01 0.0000e+00
        246 211.849031    0.01701     1.0208     61.250      1.412  45385.796    28.7107    10.8670      1.398    6.45114    10.8670    21.9055   11.69854 2.0839e+01 0.0000e+00
        247 211.849034    0.01708     1.0250     61.500      1.402  45386.504    28.7112    10.8671      1.389    6.45111    10.8671    21.9059   11.69848 2.1025e+01 0.0000e+00
        248 211.849036    0.01715     1.0292     61.750      1.397  45389.027    28.7130    10.8672      1.383    6.45102    10.8671    21.9072   11.69832 2.1112e+01 0.0000e+00
        249 211.849039    0.01722     1.0333     62.000      1.397  45393.582    28.7162    10.8673      1.383    6.45088    10.8670    21.9097   11.69804 2.1082e+01 0.0000e+00
        250 211.849042    0.01729     1.0375     62.250      1.403  45399.766    28.7205    10.8673      1.390    6.45070    10.8666    21.9131   11.69770 2.0957e+01 0.0000e+00
        251 211.849045    0.01736     1.0417     62.500      1.416  45406.509    28.7252    10.8671      1.403    6.45053    10.8660    21.9167   11.69736 2.0764e+01 0.0000e+00
        252 211.849048    0.01743     1.0458     62.750      1.433  45412.906    28.7296    10.8667      1.420    6.45040    10.8654    21.9202   11.69709 2.0524e+01 0.0000e+00
        253 211.849051    0.01750     1.0500     63.000      1.452  45418.693    28.7336    10.8662      1.438    6.45031    10.8649    21.9234   11.69690 2.0270e+01 0.0000e+00
        254 211.849054    0.01757     1.0542     63.250      1.469  45423.351    28.7368    10.8656      1.455    6.45026    10.8646    21.9260   11.69678 2.0062e+01 0.0000e+00
        255 211.849057    0.01764     1.0583     63.500      1.483  45425.943    28.7386    10.8651      1.469    6.45026    10.8643    21.9275   11.69675 1.9948e+01 0.0000e+00
        256 211.849060    0.01771     1.0625     63.750      1.491  45425.770    28.7384    10.8647      1.478    6.45032    10.8641    21.9274   11.69686 1.9945e+01 0.0000e+00
        257 211.849063    0.01778     1.0667     64.000      1.494  45422.820    28.7363    10.8644      1.480    6.45045    10.8639    21.9258   11.69709 2.0035e+01 0.0000e+00
        258 211.849065    0.01785     1.0708     64.250      1.491  45418.106    28.7330    10.8642      1.477    6.45061    10.8638    21.9232   11.69741 2.0187e+01 0.0000e+00
        259 211.849068    0.01792     1.0750     64.500      1.484  45413.167    28.7295    10.8640      1.470    6.45078    10.8637    21.9206   11.69772 2.0376e+01 0.0000e+00
        260 211.849071    0.01799     1.0792     64.750      1.473  45409.095    28.7267    10.8639      1.459    6.45091    10.8637    21.9184   11.69798 2.0578e+01 0.0000e+00
        261 211.849074    0.01806     1.0833     65.000      1.460  45406.134    28.7246    10.8639      1.446    6.45100    10.8638    21.9168   11.69816 2.0756e+01 0.0000e+00
        262 211.849077    0.01812     1.0875     65.250      1.446  45404.058    28.7231    10.8638      1.433    6.45107    10.8640    21.9156   11.69828 2.0871e+01 0.0000e+00
        263 211.849080    0.01819     1.0917     65.500      1.433  45402.629    28.7222    10.8639      1.419    6.45110    10.8642    21.9149   11.69834 2.0914e+01 0.0000e+00
        264 211.849083    0.01826     1.0958     65.750      1.420  45401.612    28.7215    10.8641      1.407    6.45110    10.8645    21.9143   11.69835 2.0933e+01 0.0000e+00
        265 211.849086    0.01833     1.1000     66.000      1.409  45400.653    28.7208    10.8644      1.396    6.45108    10.8648    21.9138   11.69833 2.0985e+01 0.0000e+00
        266 211.849089    0.01840     1.1042     66.250      1.399  45399.431    28.7200    10.8647      1.386    6.45108    10.8651    21.9131   11.69833 2.1065e+01 0.0000e+00
        267 211.849091    0.01847     1.1083     66.500      1.389  45397.979    28.7190    10.8650      1.376    6.45108    10.8653    21.9123   11.69834 2.1120e+01 0.0000e+00
        268 211.849094    0.01854     1.1125     66.750      1.380  45396.883    28.7183    10.8653      1.368    6.45107    10.8653    21.9117   11.69834 2.1115e+01 0.0000e+00
        269 211.849097    0.01861     1.1167     67.000      1.373  45397.174    28.7185    10.8654      1.361    6.45104    10.8653    21.9118   11.69828 2.1053e+01 0.0000e+00
        270 211.849100    0.01868     1.1208     67.250      1.370  45399.907    28.7205    10.8655      1.357    6.45095    10.8650    21.9133   11.69811 2.0940e+01 0.0000e+00
        271 211.849103    0.01875     1.1250     67.500      1.373  45405.511    28.7244    10.8654      1.360    6.45080    10.8645    21.9164   11.69782 2.0750e+01 0.0000e+00
