CTD-processing/allCTD/CNV--turbid/2012_08-31_t9_s09_cast141.cnv
* Sea-Bird SBE19plus Data File:
* FileName = C:\Documents and Settings\kris.holderied.local\My Documents\2012-CTD-DATA-new-files\2012-08-31-CTD-HomerSpitLine-LTM\2012-08-31-HomerSpitLine-cast141.hex
* Software Version 1.54
* Temperature SN =  4141
* Conductivity SN =  4141
* System UpLoad Time = Sep 20 2012 17:46:31
** Kachemak Bay Homer Spit Line - LTM
** Date:  2012-08-31
** Station:  9-9
** Start time (AKDT-24 hr): 16:25
** Depth (m): 78.6
** Comment:
# nquan = 16
# nvalues = 554                         
# units = specified
# name 0 = scan: Scan Count
# name 1 = timeJ: Julian Days
# name 2 = timeH: Time, Elapsed [hours]
# name 3 = timeM: Time, Elapsed [minutes]
# name 4 = timeS: Time, Elapsed [seconds]
# name 5 = prdM: Pressure, Strain Gauge [db]
# name 6 = specc: Specific Conductance [uS/cm]
# name 7 = sal00: Salinity, Practical [PSU]
# name 8 = tv290C: Temperature [ITS-90, deg C]
# name 9 = depSM: Depth [salt water, m], lat = 59.00
# name 10 = oxsolML/L: Oxygen Saturation, Garcia & Gordon [ml/l]
# name 11 = potemp090C: Potential Temperature [ITS-90, deg C]
# name 12 = sigma-é00: Density [sigma-theta, kg/m^3]
# name 13 = n2satML/L: Nitrogen Saturation [ml/l]
# name 14 = par: PAR/Irradiance, Biospherical/Licor
# name 15 = flag:  0.000e+00
# span 0 =          1,        554       
# span 1 = 244.684421, 244.686021       
# span 2 =    0.00000,    0.03840       
# span 3 =     0.0000,     2.3042       
# span 4 =      0.000,    138.250       
# span 5 =     -0.115,     73.017       
# span 6 =   1902.144,  49220.744       
# span 7 =     0.9614,    31.1384       
# span 8 =     8.9669,    10.6458       
# span 9 =     -0.114,     72.321       
# span 10 =    6.47298,    7.81224      
# span 11 =     8.9594,    10.6457      
# span 12 =     0.4382,    24.1020      
# span 13 =   11.72995,   14.34745      
# span 14 = 4.6841e-02, 9.8618e+01      
# span 15 = 0.0000e+00, 0.0000e+00      
# interval = seconds: 0.25
# start_time = Aug 31 2012 16:25:34 [Instrument's time stamp, header]
# bad_flag = -9.990e-29
*END*
[from data line 181]
        182 244.684945    0.01257     0.7542     45.250      1.044  45932.565    29.0591    10.5413      1.035    6.48256    10.5429    22.2302   11.74652 7.1010e+01 0.0000e+00
        183 244.684948    0.01264     0.7583     45.500      1.030  45929.359    29.0570    10.5425      1.021    6.48248    10.5428    22.2284   11.74640 7.1347e+01 0.0000e+00
        184 244.684951    0.01271     0.7625     45.750      1.015  45927.531    29.0558    10.5430      1.006    6.48245    10.5421    22.2274   11.74638 7.1622e+01 0.0000e+00
        185 244.684954    0.01278     0.7667     46.000      1.002  45927.394    29.0557    10.5429      0.993    6.48248    10.5414    22.2273   11.74643 7.1742e+01 0.0000e+00
        186 244.684957    0.01285     0.7708     46.250      0.995  45928.799    29.0566    10.5422      0.986    6.48253    10.5408    22.2282   11.74650 7.1590e+01 0.0000e+00
        187 244.684959    0.01292     0.7750     46.500      0.996  45931.104    29.0581    10.5415      0.987    6.48257    10.5405    22.2295   11.74655 7.1256e+01 0.0000e+00
        188 244.684962    0.01299     0.7792     46.750      1.003  45933.529    29.0598    10.5409      0.994    6.48259    10.5405    22.2308   11.74656 7.1023e+01 0.0000e+00
        189 244.684965    0.01306     0.7833     47.000      1.015  45935.366    29.0610    10.5406      1.006    6.48258    10.5410    22.2319   11.74653 7.0898e+01 0.0000e+00
        190 244.684968    0.01313     0.7875     47.250      1.028  45936.064    29.0615    10.5407      1.019    6.48256    10.5416    22.2322   11.74648 7.0736e+01 0.0000e+00
        191 244.684971    0.01319     0.7917     47.500      1.039  45935.388    29.0611    10.5411      1.029    6.48251    10.5421    22.2318   11.74641 7.0670e+01 0.0000e+00
        192 244.684974    0.01326     0.7958     47.750      1.045  45933.600    29.0599    10.5417      1.036    6.48247    10.5422    22.2308   11.74636 7.0854e+01 0.0000e+00
        193 244.684977    0.01333     0.8000     48.000      1.047  45931.411    29.0584    10.5422      1.037    6.48247    10.5420    22.2296   11.74637 7.1080e+01 0.0000e+00
        194 244.684980    0.01340     0.8042     48.250      1.044  45929.515    29.0571    10.5424      1.034    6.48250    10.5413    22.2285   11.74644 7.1124e+01 0.0000e+00
        195 244.684983    0.01347     0.8083     48.500      1.039  45928.296    29.0562    10.5421      1.029    6.48257    10.5403    22.2279   11.74656 7.1092e+01 0.0000e+00
        196 244.684986    0.01354     0.8125     48.750      1.033  45927.976    29.0559    10.5414      1.023    6.48267    10.5390    22.2278   11.74674 7.1081e+01 0.0000e+00
        197 244.684988    0.01361     0.8167     49.000      1.028  45928.659    29.0563    10.5404      1.019    6.48281    10.5379    22.2283   11.74696 7.1000e+01 0.0000e+00
        198 244.684991    0.01368     0.8208     49.250      1.027  45930.174    29.0572    10.5392      1.017    6.48294    10.5371    22.2292   11.74717 7.0845e+01 0.0000e+00
        199 244.684994    0.01375     0.8250     49.500      1.028  45932.077    29.0584    10.5380      1.019    6.48305    10.5365    22.2303   11.74734 7.0638e+01 0.0000e+00
        200 244.684997    0.01382     0.8292     49.750      1.033  45933.922    29.0596    10.5372      1.023    6.48312    10.5360    22.2314   11.74744 7.0402e+01 0.0000e+00
        201 244.685000    0.01389     0.8333     50.000      1.041  45935.429    29.0606    10.5366      1.031    6.48317    10.5356    22.2322   11.74751 7.0243e+01 0.0000e+00
        202 244.685003    0.01396     0.8375     50.250      1.049  45936.406    29.0613    10.5361      1.039    6.48321    10.5353    22.2328   11.74756 7.0111e+01 0.0000e+00
        203 244.685006    0.01403     0.8417     50.500      1.055  45936.785    29.0615    10.5358      1.045    6.48325    10.5349    22.2330   11.74763 6.9958e+01 0.0000e+00
        204 244.685009    0.01410     0.8458     50.750      1.059  45936.676    29.0614    10.5354      1.049    6.48330    10.5344    22.2330   11.74771 6.9931e+01 0.0000e+00
        205 244.685012    0.01417     0.8500     51.000      1.059  45936.263    29.0610    10.5350      1.049    6.48337    10.5337    22.2328   11.74783 7.0171e+01 0.0000e+00
        206 244.685014    0.01424     0.8542     51.250      1.053  45935.826    29.0607    10.5345      1.043    6.48346    10.5326    22.2326   11.74798 7.0704e+01 0.0000e+00
        207 244.685017    0.01431     0.8583     51.500      1.041  45935.814    29.0606    10.5338      1.031    6.48356    10.5313    22.2327   11.74816 7.1376e+01 0.0000e+00
        208 244.685020    0.01438     0.8625     51.750      1.027  45936.869    29.0612    10.5328      1.017    6.48368    10.5301    22.2333   11.74834 7.1855e+01 0.0000e+00
        209 244.685023    0.01444     0.8667     52.000      1.015  45939.178    29.0627    10.5315      1.006    6.48380    10.5292    22.2347   11.74853 7.2049e+01 0.0000e+00
        210 244.685026    0.01451     0.8708     52.250      1.010  45941.898    29.0645    10.5302      1.000    6.48391    10.5287    22.2363   11.74868 7.2189e+01 0.0000e+00
        211 244.685029    0.01458     0.8750     52.500      1.009  45944.142    29.0660    10.5293      0.999    6.48398    10.5287    22.2376   11.74878 7.2248e+01 0.0000e+00
        212 244.685032    0.01465     0.8792     52.750      1.014  45945.715    29.0670    10.5288      1.004    6.48400    10.5289    22.2385   11.74880 7.2044e+01 0.0000e+00
        213 244.685035    0.01472     0.8833     53.000      1.021  45946.660    29.0677    10.5288      1.012    6.48398    10.5292    22.2390   11.74877 7.1731e+01 0.0000e+00
        214 244.685038    0.01479     0.8875     53.250      1.031  45946.932    29.0679    10.5290      1.021    6.48394    10.5296    22.2391   11.74870 7.1523e+01 0.0000e+00
        215 244.685041    0.01486     0.8917     53.500      1.039  45946.485    29.0676    10.5294      1.029    6.48390    10.5298    22.2388   11.74864 7.1386e+01 0.0000e+00
        216 244.685043    0.01493     0.8958     53.750      1.043  45945.447    29.0669    10.5297      1.034    6.48388    10.5298    22.2382   11.74861 7.1311e+01 0.0000e+00
        217 244.685046    0.01500     0.9000     54.000      1.042  45944.169    29.0660    10.5299      1.033    6.48389    10.5295    22.2375   11.74864 7.1427e+01 0.0000e+00
        218 244.685049    0.01507     0.9042     54.250      1.036  45942.997    29.0652    10.5299      1.027    6.48393    10.5291    22.2369   11.74871 7.1713e+01 0.0000e+00
        219 244.685052    0.01514     0.9083     54.500      1.026  45942.147    29.0646    10.5296      1.017    6.48399    10.5283    22.2365   11.74882 7.1998e+01 0.0000e+00
        220 244.685055    0.01521     0.9125     54.750      1.015  45941.893    29.0644    10.5292      1.006    6.48406    10.5275    22.2364   11.74894 7.2210e+01 0.0000e+00
        221 244.685058    0.01528     0.9167     55.000      1.006  45942.468    29.0647    10.5284      0.997    6.48415    10.5267    22.2367   11.74908 7.2392e+01 0.0000e+00
        222 244.685061    0.01535     0.9208     55.250      1.003  45943.792    29.0656    10.5276      0.993    6.48423    10.5262    22.2375   11.74921 7.2476e+01 0.0000e+00
        223 244.685064    0.01542     0.9250     55.500      1.007  45945.524    29.0667    10.5268      0.997    6.48429    10.5258    22.2385   11.74929 7.2238e+01 0.0000e+00
        224 244.685067    0.01549     0.9292     55.750      1.018  45947.229    29.0678    10.5263      1.009    6.48432    10.5256    22.2395   11.74934 7.1679e+01 0.0000e+00
        225 244.685069    0.01556     0.9333     56.000      1.034  45948.502    29.0686    10.5259      1.025    6.48434    10.5254    22.2402   11.74935 7.1104e+01 0.0000e+00
        226 244.685072    0.01563     0.9375     56.250      1.050  45949.072    29.0690    10.5257      1.040    6.48435    10.5253    22.2405   11.74937 7.0771e+01 0.0000e+00
        227 244.685075    0.01569     0.9417     56.500      1.060  45948.831    29.0688    10.5255      1.050    6.48438    10.5251    22.2404   11.74942 7.0761e+01 0.0000e+00
        228 244.685078    0.01576     0.9458     56.750      1.061  45947.940    29.0682    10.5254      1.051    6.48443    10.5248    22.2399   11.74951 7.0964e+01 0.0000e+00
        229 244.685081    0.01583     0.9500     57.000      1.052  45946.843    29.0674    10.5252      1.042    6.48449    10.5243    22.2393   11.74962 7.1212e+01 0.0000e+00
        230 244.685084    0.01590     0.9542     57.250      1.036  45946.063    29.0668    10.5249      1.027    6.48456    10.5238    22.2389   11.74974 7.1536e+01 0.0000e+00
        231 244.685087    0.01597     0.9583     57.500      1.019  45946.026    29.0667    10.5244      1.010    6.48463    10.5235    22.2389   11.74985 7.1949e+01 0.0000e+00
        232 244.685090    0.01604     0.9625     57.750      1.006  45946.862    29.0673    10.5240      0.997    6.48467    10.5234    22.2394   11.74992 7.2221e+01 0.0000e+00
        233 244.685093    0.01611     0.9667     58.000      1.001  45948.271    29.0682    10.5236      0.992    6.48468    10.5235    22.2402   11.74993 7.2215e+01 0.0000e+00
        234 244.685095    0.01618     0.9708     58.250      1.004  45949.642    29.0692    10.5235      0.995    6.48466    10.5239    22.2410   11.74988 7.1982e+01 0.0000e+00
        235 244.685098    0.01625     0.9750     58.500      1.015  45950.481    29.0698    10.5237      1.006    6.48461    10.5244    22.2414   11.74979 7.1577e+01 0.0000e+00
        236 244.685101    0.01632     0.9792     58.750      1.029  45950.663    29.0700    10.5241      1.020    6.48455    10.5248    22.2415   11.74968 7.1199e+01 0.0000e+00
        237 244.685104    0.01639     0.9833     59.000      1.042  45950.231    29.0697    10.5245      1.032    6.48450    10.5251    22.2413   11.74960 7.1128e+01 0.0000e+00
        238 244.685107    0.01646     0.9875     59.250      1.048  45949.321    29.0691    10.5249      1.038    6.48447    10.5252    22.2407   11.74956 7.1376e+01 0.0000e+00
        239 244.685110    0.01653     0.9917     59.500      1.048  45948.194    29.0683    10.5252      1.038    6.48446    10.5252    22.2401   11.74955 7.1739e+01 0.0000e+00
        240 244.685113    0.01660     0.9958     59.750      1.040  45947.131    29.0676    10.5254      1.030    6.48447    10.5250    22.2395   11.74957 7.2135e+01 0.0000e+00
        241 244.685116    0.01667     1.0000     60.000      1.027  45946.403    29.0671    10.5253      1.017    6.48449    10.5246    22.2391   11.74962 7.2548e+01 0.0000e+00
        242 244.685119    0.01674     1.0042     60.250      1.014  45946.323    29.0670    10.5251      1.004    6.48453    10.5241    22.2391   11.74969 7.2770e+01 0.0000e+00
        243 244.685122    0.01681     1.0083     60.500      1.005  45946.994    29.0674    10.5247      0.996    6.48457    10.5239    22.2395   11.74975 7.2655e+01 0.0000e+00
        244 244.685124    0.01688     1.0125     60.750      1.003  45948.170    29.0682    10.5242      0.994    6.48460    10.5239    22.2402   11.74979 7.2390e+01 0.0000e+00
        245 244.685127    0.01694     1.0167     61.000      1.009  45949.465    29.0691    10.5240      1.000    6.48460    10.5241    22.2409   11.74978 7.2036e+01 0.0000e+00
        246 244.685130    0.01701     1.0208     61.250      1.020  45950.561    29.0699    10.5240      1.011    6.48457    10.5246    22.2415   11.74972 7.1512e+01 0.0000e+00
        247 244.685133    0.01708     1.0250     61.500      1.033  45951.350    29.0705    10.5242      1.023    6.48451    10.5254    22.2419   11.74962 7.1025e+01 0.0000e+00
        248 244.685136    0.01715     1.0292     61.750      1.044  45951.959    29.0709    10.5247      1.034    6.48442    10.5266    22.2422   11.74946 7.0830e+01 0.0000e+00
        249 244.685139    0.01722     1.0333     62.000      1.050  45952.731    29.0716    10.5255      1.040    6.48428    10.5285    22.2426   11.74922 7.0881e+01 0.0000e+00
        250 244.685142    0.01729     1.0375     62.250      1.049  45954.231    29.0727    10.5267      1.039    6.48406    10.5317    22.2433   11.74884 7.1006e+01 0.0000e+00
        251 244.685145    0.01736     1.0417     62.500      1.042  45957.241    29.0751    10.5287      1.032    6.48369    10.5370    22.2448   11.74819 7.1259e+01 0.0000e+00
        252 244.685148    0.01743     1.0458     62.750      1.030  45962.882    29.0794    10.5319      1.021    6.48306    10.5453    22.2476   11.74710 7.1674e+01 0.0000e+00
        253 244.685150    0.01750     1.0500     63.000      1.018  45970.573    29.0853    10.5371      1.009    6.48207    10.5563    22.2514   11.74539 7.1932e+01 0.0000e+00
        254 244.685153    0.01757     1.0542     63.250      1.009  45975.110    29.0894    10.5454      0.999    6.48073    10.5676    22.2532   11.74311 7.1953e+01 0.0000e+00
        255 244.685156    0.01764     1.0583     63.500      1.006  45972.035    29.0885    10.5564      0.996    6.47922    10.5773    22.2506   11.74063 7.1970e+01 0.0000e+00
        256 244.685159    0.01771     1.0625     63.750      1.010  45963.649    29.0838    10.5677      1.000    6.47781    10.5848    22.2451   11.73834 7.1889e+01 0.0000e+00
        257 244.685162    0.01778     1.0667     64.000      1.020  45954.116    29.0782    10.5774      1.010    6.47667    10.5904    22.2392   11.73652 7.1634e+01 0.0000e+00
        258 244.685165    0.01785     1.0708     64.250      1.032  45945.146    29.0727    10.5849      1.022    6.47584    10.5945    22.2337   11.73521 7.1444e+01 0.0000e+00
        259 244.685168    0.01792     1.0750     64.500      1.043  45937.126    29.0677    10.5905      1.033    6.47527    10.5975    22.2288   11.73431 7.1470e+01 0.0000e+00
        260 244.685171    0.01799     1.0792     64.750      1.048  45929.942    29.0631    10.5946      1.038    6.47488    10.5999    22.2246   11.73372 7.1625e+01 0.0000e+00
        261 244.685174    0.01806     1.0833     65.000      1.046  45923.547    29.0590    10.5977      1.036    6.47462    10.6018    22.2209   11.73334 7.1822e+01 0.0000e+00
        262 244.685177    0.01812     1.0875     65.250      1.039  45918.404    29.0556    10.6001      1.029    6.47442    10.6032    22.2179   11.73305 7.2116e+01 0.0000e+00
        263 244.685179    0.01819     1.0917     65.500      1.029  45914.906    29.0534    10.6020      1.020    6.47425    10.6042    22.2158   11.73279 7.2479e+01 0.0000e+00
        264 244.685182    0.01826     1.0958     65.750      1.021  45912.581    29.0519    10.6034      1.012    6.47411    10.6050    22.2144   11.73258 7.2680e+01 0.0000e+00
        265 244.685185    0.01833     1.1000     66.000      1.017  45911.056    29.0510    10.6044      1.008    6.47400    10.6054    22.2135   11.73242 7.2523e+01 0.0000e+00
        266 244.685188    0.01840     1.1042     66.250      1.021  45910.749    29.0508    10.6051      1.012    6.47391    10.6053    22.2133   11.73226 7.1990e+01 0.0000e+00
        267 244.685191    0.01847     1.1083     66.500      1.033  45912.062    29.0517    10.6055      1.023    6.47382    10.6047    22.2140   11.73209 7.1200e+01 0.0000e+00
        268 244.685194    0.01854     1.1125     66.750      1.052  45915.558    29.0542    10.6055      1.042    6.47372    10.6033    22.2159   11.73190 7.0295e+01 0.0000e+00
        269 244.685197    0.01861     1.1167     67.000      1.080  45922.660    29.0591    10.6049      1.070    6.47360    10.6008    22.2198   11.73165 6.9182e+01 0.0000e+00
        270 244.685200    0.01868     1.1208     67.250      1.117  45935.883    29.0682    10.6035      1.107    6.47342    10.5965    22.2271   11.73124 6.7583e+01 0.0000e+00
        271 244.685203    0.01875     1.1250     67.500      1.166  45957.424    29.0830    10.6009      1.155    6.47317    10.5904    22.2390   11.73064 6.5458e+01 0.0000e+00
