CTD-processing/allCTD/CNV--turbid/2012_09-21_t9_s07_repeat2_cast157.cnv
* Sea-Bird SBE19plus Data File:
* FileName = C:\Documents and Settings\kris.holderied.local\My Documents\2012-CTD-DATA-new-files\2012-09-21-CTD-HomerSpit-tide-time-series-KBRRctd\2012-09-21-CTD-HomerSpit-tide-repeat2\2012-09-21-HomerSpit-tide-repeat2157.hex
* Software Version 1.54
* Temperature SN =  4141
* Conductivity SN =  4141
* System UpLoad Time = Oct 11 2012 18:25:57
** Kachemak Bay Homer Spit Line - Tidal repeat2
** Date:  2012-09-21
** Station: 9-07
** Start time (AKDT-24 hr): 1126
** Depth (ft): 333
** Comment:Tangle in line at beginning of cast.  Brought CTD back up to surface and sent down again.
# nquan = 16
# nvalues = 1157                        
# units = specified
# name 0 = scan: Scan Count
# name 1 = timeJ: Julian Days
# name 2 = timeH: Time, Elapsed [hours]
# name 3 = timeM: Time, Elapsed [minutes]
# name 4 = timeS: Time, Elapsed [seconds]
# name 5 = prdM: Pressure, Strain Gauge [db]
# name 6 = specc: Specific Conductance [uS/cm]
# name 7 = sal00: Salinity, Practical [PSU]
# name 8 = tv290C: Temperature [ITS-90, deg C]
# name 9 = depSM: Depth [salt water, m], lat = 59.00
# name 10 = oxsolML/L: Oxygen Saturation, Garcia & Gordon [ml/l]
# name 11 = potemp090C: Potential Temperature [ITS-90, deg C]
# name 12 = sigma-é00: Density [sigma-theta, kg/m^3]
# name 13 = n2satML/L: Nitrogen Saturation [ml/l]
# name 14 = par: PAR/Irradiance, Biospherical/Licor
# name 15 = flag:  0.000e+00
# span 0 =          1,       1157       
# span 1 = 265.476667, 265.480012       
# span 2 =    0.00000,    0.08028       
# span 3 =     0.0000,     4.8167       
# span 4 =      0.000,    289.000       
# span 5 =     -0.085,     98.709       
# span 6 =   2230.988,  48666.025       
# span 7 =     1.1916,    30.8028       
# span 8 =     9.3553,     9.6969       
# span 9 =     -0.084,     97.763       
# span 10 =    6.55466,    7.92908      
# span 11 =     9.3550,     9.6954      
# span 12 =     0.6775,    23.7685      
# span 13 =   11.84800,   14.54185      
# span 14 = 6.8661e-02, 1.8537e+02      
# span 15 = 0.0000e+00, 0.0000e+00      
# interval = seconds: 0.25
# start_time = Sep 21 2012 11:26:24 [Instrument's time stamp, header]
# bad_flag = -9.990e-29
*END*
[from data line 633]
        634 265.478498    0.04396     2.6375    158.250      5.633  43175.553    27.0112     9.3778      5.581    6.73901     9.3777    20.8160   12.19722 4.0516e+00 0.0000e+00
        635 265.478501    0.04403     2.6417    158.500      5.650  43179.315    27.0139     9.3780      5.597    6.73887     9.3778    20.8180   12.19696 4.0179e+00 0.0000e+00
        636 265.478504    0.04410     2.6458    158.750      5.660  43180.818    27.0149     9.3782      5.608    6.73879     9.3780    20.8188   12.19682 4.0286e+00 0.0000e+00
        637 265.478507    0.04417     2.6500    159.000      5.661  43179.840    27.0143     9.3784      5.608    6.73879     9.3782    20.8182   12.19682 4.0813e+00 0.0000e+00
        638 265.478510    0.04424     2.6542    159.250      5.651  43178.055    27.0130     9.3786      5.598    6.73882     9.3783    20.8173   12.19688 4.1659e+00 0.0000e+00
        639 265.478513    0.04431     2.6583    159.500      5.634  43176.961    27.0123     9.3787      5.581    6.73883     9.3784    20.8167   12.19691 4.2608e+00 0.0000e+00
        640 265.478516    0.04437     2.6625    159.750      5.615  43179.139    27.0138     9.3788      5.562    6.73875     9.3786    20.8178   12.19676 4.3305e+00 0.0000e+00
        641 265.478519    0.04444     2.6667    160.000      5.602  43185.558    27.0183     9.3789      5.549    6.73854     9.3788    20.8213   12.19635 4.3420e+00 0.0000e+00
        642 265.478521    0.04451     2.6708    160.250      5.602  43193.539    27.0238     9.3791      5.550    6.73827     9.3791    20.8256   12.19584 4.2938e+00 0.0000e+00
        643 265.478524    0.04458     2.6750    160.500      5.615  43203.085    27.0304     9.3794      5.563    6.73795     9.3795    20.8307   12.19522 4.2180e+00 0.0000e+00
        644 265.478527    0.04465     2.6792    160.750      5.634  43213.756    27.0378     9.3797      5.581    6.73758     9.3798    20.8365   12.19452 4.1420e+00 0.0000e+00
        645 265.478530    0.04472     2.6833    161.000      5.651  43221.549    27.0432     9.3800      5.598    6.73729     9.3801    20.8406   12.19398 4.0784e+00 0.0000e+00
        646 265.478533    0.04479     2.6875    161.250      5.663  43224.958    27.0456     9.3803      5.610    6.73714     9.3801    20.8425   12.19369 4.0420e+00 0.0000e+00
        647 265.478536    0.04486     2.6917    161.500      5.665  43223.758    27.0448     9.3806      5.612    6.73714     9.3800    20.8418   12.19370 4.0415e+00 0.0000e+00
        648 265.478539    0.04493     2.6958    161.750      5.658  43219.382    27.0418     9.3807      5.606    6.73726     9.3798    20.8394   12.19393 4.0696e+00 0.0000e+00
        649 265.478542    0.04500     2.7000    162.000      5.646  43216.561    27.0398     9.3806      5.593    6.73736     9.3797    20.8379   12.19412 4.1088e+00 0.0000e+00
        650 265.478545    0.04507     2.7042    162.250      5.635  43218.391    27.0411     9.3804      5.583    6.73733     9.3797    20.8389   12.19406 4.1406e+00 0.0000e+00
        651 265.478547    0.04514     2.7083    162.500      5.631  43224.674    27.0454     9.3802      5.579    6.73717     9.3799    20.8423   12.19373 4.1546e+00 0.0000e+00
        652 265.478550    0.04521     2.7125    162.750      5.635  43236.382    27.0535     9.3803      5.582    6.73681     9.3804    20.8486   12.19304 4.1506e+00 0.0000e+00
        653 265.478553    0.04528     2.7167    163.000      5.643  43253.114    27.0651     9.3805      5.591    6.73627     9.3811    20.8576   12.19201 4.1375e+00 0.0000e+00
        654 265.478556    0.04535     2.7208    163.250      5.652  43267.595    27.0751     9.3810      5.599    6.73576     9.3817    20.8653   12.19103 4.1285e+00 0.0000e+00
        655 265.478559    0.04542     2.7250    163.500      5.657  43273.143    27.0790     9.3816      5.604    6.73549     9.3820    20.8683   12.19054 4.1329e+00 0.0000e+00
        656 265.478562    0.04549     2.7292    163.750      5.655  43268.847    27.0761     9.3822      5.602    6.73553     9.3819    20.8660   12.19063 4.1508e+00 0.0000e+00
        657 265.478565    0.04556     2.7333    164.000      5.648  43257.002    27.0680     9.3826      5.595    6.73583     9.3816    20.8596   12.19124 4.1731e+00 0.0000e+00
        658 265.478568    0.04562     2.7375    164.250      5.640  43244.603    27.0594     9.3825      5.588    6.73622     9.3812    20.8529   12.19199 4.1882e+00 0.0000e+00
        659 265.478571    0.04569     2.7417    164.500      5.635  43239.141    27.0556     9.3821      5.583    6.73644     9.3810    20.8500   12.19241 4.1885e+00 0.0000e+00
        660 265.478573    0.04576     2.7458    164.750      5.635  43242.785    27.0581     9.3817      5.583    6.73639     9.3811    20.8519   12.19230 4.1760e+00 0.0000e+00
        661 265.478576    0.04583     2.7500    165.000      5.639  43254.321    27.0660     9.3815      5.587    6.73608     9.3814    20.8582   12.19167 4.1591e+00 0.0000e+00
        662 265.478579    0.04590     2.7542    165.250      5.644  43268.910    27.0761     9.3816      5.591    6.73562     9.3819    20.8660   12.19079 4.1467e+00 0.0000e+00
        663 265.478582    0.04597     2.7583    165.500      5.647  43278.761    27.0830     9.3820      5.594    6.73527     9.3823    20.8713   12.19012 4.1420e+00 0.0000e+00
        664 265.478585    0.04604     2.7625    165.750      5.648  43280.986    27.0846     9.3825      5.595    6.73513     9.3825    20.8725   12.18987 4.1407e+00 0.0000e+00
        665 265.478588    0.04611     2.7667    166.000      5.648  43280.744    27.0844     9.3829      5.595    6.73508     9.3827    20.8723   12.18979 4.1357e+00 0.0000e+00
        666 265.478591    0.04618     2.7708    166.250      5.651  43284.462    27.0870     9.3831      5.598    6.73494     9.3830    20.8743   12.18951 4.1241e+00 0.0000e+00
        667 265.478594    0.04625     2.7750    166.500      5.656  43292.483    27.0926     9.3833      5.603    6.73467     9.3833    20.8786   12.18900 4.1105e+00 0.0000e+00
        668 265.478597    0.04632     2.7792    166.750      5.660  43299.824    27.0977     9.3835      5.607    6.73441     9.3836    20.8826   12.18851 4.1026e+00 0.0000e+00
        669 265.478600    0.04639     2.7833    167.000      5.663  43302.724    27.0997     9.3839      5.610    6.73427     9.3838    20.8841   12.18825 4.1047e+00 0.0000e+00
        670 265.478602    0.04646     2.7875    167.250      5.661  43300.987    27.0986     9.3842      5.608    6.73427     9.3838    20.8832   12.18826 4.1133e+00 0.0000e+00
        671 265.478605    0.04653     2.7917    167.500      5.657  43296.514    27.0955     9.3844      5.604    6.73437     9.3837    20.8808   12.18847 4.1188e+00 0.0000e+00
        672 265.478608    0.04660     2.7958    167.750      5.654  43293.184    27.0932     9.3844      5.601    6.73447     9.3836    20.8790   12.18866 4.1150e+00 0.0000e+00
        673 265.478611    0.04667     2.8000    168.000      5.654  43294.458    27.0940     9.3843      5.601    6.73445     9.3837    20.8796   12.18862 4.1034e+00 0.0000e+00
        674 265.478614    0.04674     2.8042    168.250      5.659  43299.828    27.0977     9.3842      5.606    6.73430     9.3839    20.8825   12.18833 4.0905e+00 0.0000e+00
        675 265.478617    0.04681     2.8083    168.500      5.666  43306.372    27.1023     9.3842      5.613    6.73410     9.3841    20.8860   12.18793 4.0851e+00 0.0000e+00
        676 265.478620    0.04688     2.8125    168.750      5.672  43312.286    27.1064     9.3844      5.619    6.73389     9.3844    20.8892   12.18754 4.0974e+00 0.0000e+00
        677 265.478623    0.04694     2.8167    169.000      5.673  43316.657    27.1094     9.3847      5.620    6.73372     9.3846    20.8916   12.18721 4.1381e+00 0.0000e+00
        678 265.478626    0.04701     2.8208    169.250      5.665  43317.725    27.1102     9.3850      5.612    6.73364     9.3846    20.8921   12.18708 4.2172e+00 0.0000e+00
        679 265.478628    0.04708     2.8250    169.500      5.645  43313.980    27.1076     9.3852      5.592    6.73372     9.3844    20.8901   12.18724 4.3443e+00 0.0000e+00
        680 265.478631    0.04715     2.8292    169.750      5.609  43306.212    27.1023     9.3852      5.557    6.73396     9.3839    20.8860   12.18769 4.5313e+00 0.0000e+00
        681 265.478634    0.04722     2.8333    170.000      5.555  43295.554    27.0949     9.3849      5.503    6.73431     9.3833    20.8803   12.18837 4.7992e+00 0.0000e+00
        682 265.478637    0.04729     2.8375    170.250      5.477  43281.055    27.0849     9.3845      5.426    6.73481     9.3824    20.8725   12.18933 5.1787e+00 0.0000e+00
        683 265.478640    0.04736     2.8417    170.500      5.373  43262.114    27.0718     9.3839      5.323    6.73548     9.3814    20.8624   12.19060 5.6796e+00 0.0000e+00
        684 265.478643    0.04743     2.8458    170.750      5.244  43241.156    27.0573     9.3830      5.196    6.73624     9.3802    20.8512   12.19205 6.2841e+00 0.0000e+00
        685 265.478646    0.04750     2.8500    171.000      5.101  43221.536    27.0436     9.3819      5.053    6.73699     9.3790    20.8407   12.19346 6.9923e+00 0.0000e+00
        686 265.478649    0.04757     2.8542    171.250      4.947  43204.414    27.0317     9.3807      4.901    6.73769     9.3780    20.8316   12.19476 7.8349e+00 0.0000e+00
        687 265.478652    0.04764     2.8583    171.500      4.782  43190.123    27.0218     9.3795      4.738    6.73830     9.3771    20.8240   12.19590 8.8559e+00 0.0000e+00
        688 265.478655    0.04771     2.8625    171.750      4.603  43179.482    27.0144     9.3784      4.560    6.73878     9.3765    20.8184   12.19679 1.0089e+01 0.0000e+00
        689 265.478657    0.04778     2.8667    172.000      4.409  43172.467    27.0095     9.3775      4.368    6.73913     9.3761    20.8147   12.19743 1.1529e+01 0.0000e+00
        690 265.478660    0.04785     2.8708    172.250      4.206  43168.069    27.0065     9.3769      4.166    6.73936     9.3759    20.8124   12.19786 1.3123e+01 0.0000e+00
        691 265.478663    0.04792     2.8750    172.500      4.001  43164.980    27.0044     9.3765      3.963    6.73951     9.3760    20.8108   12.19815 1.4797e+01 0.0000e+00
        692 265.478666    0.04799     2.8792    172.750      3.803  43162.203    27.0026     9.3763      3.767    6.73962     9.3765    20.8094   12.19835 1.6495e+01 0.0000e+00
        693 265.478669    0.04806     2.8833    173.000      3.616  43159.308    27.0006     9.3764      3.582    6.73969     9.3772    20.8079   12.19848 1.8204e+01 0.0000e+00
        694 265.478672    0.04813     2.8875    173.250      3.442  43156.195    26.9986     9.3768      3.409    6.73972     9.3783    20.8062   12.19854 1.9970e+01 0.0000e+00
        695 265.478675    0.04819     2.8917    173.500      3.275  43152.511    26.9962     9.3776      3.245    6.73971     9.3798    20.8043   12.19856 2.1884e+01 0.0000e+00
        696 265.478678    0.04826     2.8958    173.750      3.110  43147.352    26.9928     9.3787      3.082    6.73969     9.3814    20.8015   12.19857 2.4045e+01 0.0000e+00
        697 265.478681    0.04833     2.9000    174.000      2.941  43140.154    26.9881     9.3801      2.913    6.73967     9.3830    20.7976   12.19861 2.6525e+01 0.0000e+00
        698 265.478683    0.04840     2.9042    174.250      2.762  43130.678    26.9818     9.3817      2.736    6.73970     9.3843    20.7924   12.19874 2.9360e+01 0.0000e+00
        699 265.478686    0.04847     2.9083    174.500      2.575  43117.801    26.9731     9.3833      2.551    6.73985     9.3853    20.7854   12.19909 3.2569e+01 0.0000e+00
        700 265.478689    0.04854     2.9125    174.750      2.385  43100.327    26.9613     9.3846      2.363    6.74017     9.3859    20.7760   12.19977 3.6178e+01 0.0000e+00
        701 265.478692    0.04861     2.9167    175.000      2.198  43078.044    26.9461     9.3856      2.178    6.74068     9.3862    20.7640   12.20080 4.0223e+01 0.0000e+00
        702 265.478695    0.04868     2.9208    175.250      2.020  43050.598    26.9273     9.3862      2.001    6.74140     9.3860    20.7492   12.20223 4.4782e+01 0.0000e+00
        703 265.478698    0.04875     2.9250    175.500      1.850  43014.780    26.9027     9.3864      1.833    6.74244     9.3851    20.7300   12.20426 4.9988e+01 0.0000e+00
        704 265.478701    0.04882     2.9292    175.750      1.686  42965.153    26.8685     9.3862      1.670    6.74396     9.3835    20.7034   12.20722 5.6010e+01 0.0000e+00
        705 265.478704    0.04889     2.9333    176.000      1.522  42898.646    26.8226     9.3853      1.508    6.74608     9.3811    20.6677   12.21132 6.2988e+01 0.0000e+00
        706 265.478707    0.04896     2.9375    176.250      1.355  42817.272    26.7664     9.3837      1.342    6.74877     9.3781    20.6241   12.21647 7.0937e+01 0.0000e+00
        707 265.478709    0.04903     2.9417    176.500      1.186  42729.074    26.7054     9.3813      1.175    6.75178     9.3748    20.5769   12.22224 7.9721e+01 0.0000e+00
        708 265.478712    0.04910     2.9458    176.750      1.023  42644.836    26.6470     9.3782      1.013    6.75478     9.3716    20.5318   12.22794 8.8956e+01 0.0000e+00
        709 265.478715    0.04917     2.9500    177.000      0.876  42571.579    26.5962     9.3749      0.868    6.75749     9.3688    20.4927   12.23308 9.7744e+01 0.0000e+00
        710 265.478718    0.04924     2.9542    177.250      0.759  42507.095    26.5515     9.3717      0.752    6.75992     9.3664    20.4582   12.23766 1.0462e+02 0.0000e+00
        711 265.478721    0.04931     2.9583    177.500      0.679  42440.471    26.5054     9.3689      0.672    6.76235     9.3643    20.4226   12.24228 1.0888e+02 0.0000e+00
        712 265.478724    0.04938     2.9625    177.750      0.632  42370.674    26.4571     9.3665      0.625    6.76482     9.3625    20.3853   12.24698 1.1099e+02 0.0000e+00
        713 265.478727    0.04944     2.9667    178.000      0.605  42307.234    26.4132     9.3643      0.599    6.76706     9.3612    20.3514   12.25125 1.1149e+02 0.0000e+00
        714 265.478730    0.04951     2.9708    178.250      0.591  42252.133    26.3750     9.3625      0.585    6.76899     9.3605    20.3219   12.25494 1.1107e+02 0.0000e+00
        715 265.478733    0.04958     2.9750    178.500      0.588  42201.024    26.3397     9.3612      0.582    6.77073     9.3601    20.2946   12.25826 1.1007e+02 0.0000e+00
        716 265.478736    0.04965     2.9792    178.750      0.596  42145.191    26.3012     9.3605      0.591    6.77252     9.3601    20.2647   12.26172 1.0804e+02 0.0000e+00
        717 265.478738    0.04972     2.9833    179.000      0.619  42085.808    26.2603     9.3601      0.613    6.77435     9.3603    20.2328   12.26527 1.0448e+02 0.0000e+00
        718 265.478741    0.04979     2.9875    179.250      0.654  42035.715    26.2258     9.3601      0.648    6.77586     9.3606    20.2059   12.26820 1.0036e+02 0.0000e+00
        719 265.478744    0.04986     2.9917    179.500      0.691  42001.875    26.2026     9.3603      0.685    6.77685     9.3609    20.1878   12.27013 9.7376e+01 0.0000e+00
        720 265.478747    0.04993     2.9958    179.750      0.719  41988.430    26.1933     9.3606      0.713    6.77721     9.3611    20.1805   12.27085 9.5534e+01 0.0000e+00
        721 265.478750    0.05000     3.0000    180.000      0.736  41997.020    26.1993     9.3609      0.729    6.77690     9.3612    20.1851   12.27027 9.4205e+01 0.0000e+00
        722 265.478753    0.05007     3.0042    180.250      0.748  42027.835    26.2205     9.3611      0.741    6.77594     9.3612    20.2016   12.26840 9.3150e+01 0.0000e+00
        723 265.478756    0.05014     3.0083    180.500      0.760  42082.462    26.2581     9.3613      0.752    6.77428     9.3611    20.2309   12.26517 9.2164e+01 0.0000e+00
