CTD-processing/allCTD/CNV--turbid/2012_07-30_t6_s15_cast085.cnv
* Sea-Bird SBE19plus Data File:
* FileName = C:\Documents and Settings\kris.holderied.local\My Documents\2012-07-EVOS-CookInlet-Ocean\2012-07-CookInlet-Tran6-Douglas\2012-07-31-CookInlet-Tran6-cast085.hex
* Software Version 1.54
* Temperature SN =  4141
* Conductivity SN =  4141
* System UpLoad Time = Jul 31 2012 08:16:24
** Cook Inlet LTM Transect 6 (Douglas line)  East to West
** Date:  2012-07-30
** Station:  6-15
** Start time (AKDT-24 hr): 2005
** Depth (m): 150
** Comment:
# nquan = 16
# nvalues = 949                         
# units = specified
# name 0 = scan: Scan Count
# name 1 = timeJ: Julian Days
# name 2 = timeH: Time, Elapsed [hours]
# name 3 = timeM: Time, Elapsed [minutes]
# name 4 = timeS: Time, Elapsed [seconds]
# name 5 = prdM: Pressure, Strain Gauge [db]
# name 6 = specc: Specific Conductance [uS/cm]
# name 7 = sal00: Salinity, Practical [PSU]
# name 8 = tv290C: Temperature [ITS-90, deg C]
# name 9 = depSM: Depth [salt water, m], lat = 59.00
# name 10 = oxsolML/L: Oxygen Saturation, Garcia & Gordon [ml/l]
# name 11 = potemp090C: Potential Temperature [ITS-90, deg C]
# name 12 = sigma-é00: Density [sigma-theta, kg/m^3]
# name 13 = n2satML/L: Nitrogen Saturation [ml/l]
# name 14 = par: PAR/Irradiance, Biospherical/Licor
# name 15 = flag:  0.000e+00
# span 0 =          1,        949       
# span 1 = 212.837569, 212.840313       
# span 2 =    0.00000,    0.06583       
# span 3 =     0.0000,     3.9500       
# span 4 =      0.000,    237.000       
# span 5 =     -0.069,    137.897       
# span 6 =    300.764,  51479.833       
# span 7 =     0.1417,    32.2276       
# span 8 =     6.2379,     9.6154       
# span 9 =     -0.068,    136.562       
# span 10 =    6.55477,    7.96370      
# span 11 =     6.2264,     9.6152      
# span 12 =    -0.1534,    25.3347      
# span 13 =   11.83732,   14.61537      
# span 14 = 4.2754e-02, 1.7350e+02      
# span 15 = 0.0000e+00, 0.0000e+00      
# interval = seconds: 0.25
# start_time = Jul 30 2012 20:06:06 [Instrument's time stamp, header]
# bad_flag = -9.990e-29
*END*
[from data line 814]
        815 212.839925    0.05653     3.3917    203.500    116.815  51184.580    32.1247     6.7204    115.690    6.92457     6.6971    25.1924   12.44074 4.3779e-02 0.0000e+00
        816 212.839928    0.05660     3.3958    203.750    116.929  51179.117    32.1199     6.7151    115.803    6.92562     6.6861    25.1892   12.44254 4.3792e-02 0.0000e+00
        817 212.839931    0.05667     3.4000    204.000    117.077  51175.565    32.1159     6.7072    115.949    6.92708     6.6734    25.1871   12.44501 4.3805e-02 0.0000e+00
        818 212.839933    0.05674     3.4042    204.250    117.259  51177.521    32.1151     6.6963    116.130    6.92887     6.6602    25.1879   12.44798 4.3812e-02 0.0000e+00
        819 212.839936    0.05681     3.4083    204.500    117.473  51183.991    32.1171     6.6835    116.342    6.93083     6.6471    25.1911   12.45118 4.3804e-02 0.0000e+00
        820 212.839939    0.05688     3.4125    204.750    117.711  51192.347    32.1204     6.6703    116.578    6.93281     6.6342    25.1954   12.45441 4.3784e-02 0.0000e+00
        821 212.839942    0.05694     3.4167    205.000    117.962  51199.922    32.1231     6.6573    116.826    6.93478     6.6206    25.1992   12.45763 4.3761e-02 0.0000e+00
        822 212.839945    0.05701     3.4208    205.250    118.214  51205.328    32.1243     6.6443    117.075    6.93681     6.6060    25.2018   12.46097 4.3733e-02 0.0000e+00
        823 212.839948    0.05708     3.4250    205.500    118.457  51209.879    32.1248     6.6308    117.316    6.93896     6.5903    25.2040   12.46452 4.3686e-02 0.0000e+00
        824 212.839951    0.05715     3.4292    205.750    118.683  51215.371    32.1258     6.6162    117.540    6.94128     6.5739    25.2066   12.46833 4.3638e-02 0.0000e+00
        825 212.839954    0.05722     3.4333    206.000    118.888  51222.963    32.1280     6.6004    117.743    6.94371     6.5576    25.2103   12.47233 4.3612e-02 0.0000e+00
        826 212.839957    0.05729     3.4375    206.250    119.072  51232.717    32.1316     6.5840    117.925    6.94618     6.5419    25.2153   12.47637 4.3601e-02 0.0000e+00
        827 212.839959    0.05736     3.4417    206.500    119.238  51243.562    32.1360     6.5677    118.090    6.94861     6.5273    25.2208   12.48033 4.3593e-02 0.0000e+00
        828 212.839962    0.05743     3.4458    206.750    119.392  51255.197    32.1410     6.5521    118.242    6.95091     6.5143    25.2268   12.48406 4.3590e-02 0.0000e+00
        829 212.839965    0.05750     3.4500    207.000    119.540  51267.528    32.1468     6.5375    118.389    6.95301     6.5031    25.2332   12.48745 4.3592e-02 0.0000e+00
        830 212.839968    0.05757     3.4542    207.250    119.692  51278.881    32.1521     6.5245    118.539    6.95486     6.4929    25.2390   12.49044 4.3592e-02 0.0000e+00
        831 212.839971    0.05764     3.4583    207.500    119.853  51287.209    32.1557     6.5133    118.698    6.95651     6.4828    25.2433   12.49313 4.3592e-02 0.0000e+00
        832 212.839974    0.05771     3.4625    207.750    120.027  51292.352    32.1573     6.5031    118.870    6.95808     6.4719    25.2458   12.49571 4.3595e-02 0.0000e+00
        833 212.839977    0.05778     3.4667    208.000    120.216  51295.156    32.1572     6.4930    119.057    6.95971     6.4593    25.2470   12.49841 4.3590e-02 0.0000e+00
        834 212.839980    0.05785     3.4708    208.250    120.419  51297.141    32.1564     6.4821    119.259    6.96153     6.4448    25.2478   12.50142 4.3553e-02 0.0000e+00
        835 212.839983    0.05792     3.4750    208.500    120.634  51299.629    32.1556     6.4695    119.471    6.96360     6.4276    25.2487   12.50486 4.3482e-02 0.0000e+00
        836 212.839986    0.05799     3.4792    208.750    120.854  51301.148    32.1538     6.4550    119.689    6.96604     6.4070    25.2491   12.50890 4.3423e-02 0.0000e+00
        837 212.839988    0.05806     3.4833    209.000    121.072  51302.685    32.1514     6.4378    119.905    6.96894     6.3845    25.2495   12.51372 4.3391e-02 0.0000e+00
        838 212.839991    0.05813     3.4875    209.250    121.278  51310.804    32.1530     6.4172    120.109    6.97220     6.3631    25.2533   12.51910 4.3366e-02 0.0000e+00
        839 212.839994    0.05819     3.4917    209.500    121.461  51328.783    32.1611     6.3947    120.290    6.97550     6.3453    25.2625   12.52444 4.3355e-02 0.0000e+00
        840 212.839997    0.05826     3.4958    209.750    121.617  51351.715    32.1728     6.3732    120.444    6.97844     6.3321    25.2744   12.52915 4.3355e-02 0.0000e+00
        841 212.840000    0.05833     3.5000    210.000    121.742  51373.393    32.1843     6.3555    120.568    6.98079     6.3231    25.2858   12.53289 4.3349e-02 0.0000e+00
        842 212.840003    0.05840     3.5042    210.250    121.837  51391.021    32.1940     6.3423    120.662    6.98250     6.3176    25.2950   12.53559 4.3339e-02 0.0000e+00
        843 212.840006    0.05847     3.5083    210.500    121.907  51404.161    32.2013     6.3332    120.731    6.98362     6.3147    25.3019   12.53735 4.3332e-02 0.0000e+00
        844 212.840009    0.05854     3.5125    210.750    121.961  51413.424    32.2066     6.3277    120.785    6.98428     6.3138    25.3068   12.53837 4.3328e-02 0.0000e+00
        845 212.840012    0.05861     3.5167    211.000    122.011  51419.316    32.2102     6.3249    120.834    6.98458     6.3141    25.3100   12.53882 4.3330e-02 0.0000e+00
        846 212.840014    0.05868     3.5208    211.250    122.070  51422.099    32.2119     6.3240    120.893    6.98464     6.3151    25.3114   12.53890 4.3337e-02 0.0000e+00
        847 212.840017    0.05875     3.5250    211.500    122.152  51422.359    32.2121     6.3243    120.975    6.98457     6.3165    25.3115   12.53878 4.3339e-02 0.0000e+00
        848 212.840020    0.05882     3.5292    211.750    122.270  51422.008    32.2120     6.3253    121.092    6.98441     6.3185    25.3113   12.53852 4.3337e-02 0.0000e+00
        849 212.840023    0.05889     3.5333    212.000    122.432  51422.569    32.2126     6.3267    121.252    6.98416     6.3212    25.3116   12.53809 4.3339e-02 0.0000e+00
        850 212.840026    0.05896     3.5375    212.250    122.643  51422.670    32.2130     6.3288    121.460    6.98381     6.3239    25.3117   12.53751 4.3342e-02 0.0000e+00
        851 212.840029    0.05903     3.5417    212.500    122.899  51420.230    32.2117     6.3315    121.714    6.98343     6.3256    25.3103   12.53690 4.3336e-02 0.0000e+00
        852 212.840032    0.05910     3.5458    212.750    123.191  51415.834    32.2090     6.3342    122.003    6.98311     6.3263    25.3079   12.53641 4.3304e-02 0.0000e+00
        853 212.840035    0.05917     3.5500    213.000    123.506  51412.544    32.2069     6.3359    122.315    6.98292     6.3268    25.3060   12.53612 4.3250e-02 0.0000e+00
        854 212.840038    0.05924     3.5542    213.250    123.830  51412.223    32.2067     6.3367    122.635    6.98281     6.3277    25.3058   12.53594 4.3223e-02 0.0000e+00
        855 212.840041    0.05931     3.5583    213.500    124.144  51413.347    32.2074     6.3372    122.946    6.98269     6.3289    25.3063   12.53574 4.3215e-02 0.0000e+00
        856 212.840043    0.05937     3.5625    213.750    124.432  51413.411    32.2075     6.3381    123.232    6.98254     6.3296    25.3062   12.53549 4.3185e-02 0.0000e+00
        857 212.840046    0.05944     3.5667    214.000    124.681  51411.338    32.2062     6.3393    123.478    6.98241     6.3293    25.3050   12.53529 4.3154e-02 0.0000e+00
        858 212.840049    0.05951     3.5708    214.250    124.880  51408.320    32.2041     6.3400    123.675    6.98238     6.3283    25.3033   12.53527 4.3141e-02 0.0000e+00
        859 212.840052    0.05958     3.5750    214.500    125.026  51407.053    32.2031     6.3398    123.819    6.98247     6.3274    25.3026   12.53542 4.3143e-02 0.0000e+00
        860 212.840055    0.05965     3.5792    214.750    125.117  51408.571    32.2039     6.3388    123.910    6.98259     6.3272    25.3033   12.53562 4.3143e-02 0.0000e+00
        861 212.840058    0.05972     3.5833    215.000    125.162  51411.381    32.2057     6.3379    123.954    6.98266     6.3278    25.3048   12.53571 4.3127e-02 0.0000e+00
        862 212.840061    0.05979     3.5875    215.250    125.170  51413.549    32.2071     6.3377    123.962    6.98262     6.3289    25.3060   12.53563 4.3112e-02 0.0000e+00
        863 212.840064    0.05986     3.5917    215.500    125.157  51414.129    32.2076     6.3383    123.949    6.98251     6.3300    25.3063   12.53543 4.3108e-02 0.0000e+00
        864 212.840067    0.05993     3.5958    215.750    125.142  51413.445    32.2074     6.3393    123.934    6.98235     6.3310    25.3060   12.53518 4.3110e-02 0.0000e+00
        865 212.840069    0.06000     3.6000    216.000    125.142  51412.260    32.2068     6.3405    123.934    6.98219     6.3317    25.3054   12.53493 4.3118e-02 0.0000e+00
        866 212.840072    0.06007     3.6042    216.250    125.172  51410.842    32.2060     6.3415    123.965    6.98207     6.3322    25.3046   12.53472 4.3131e-02 0.0000e+00
        867 212.840075    0.06014     3.6083    216.500    125.246  51409.263    32.2050     6.3422    124.038    6.98199     6.3324    25.3037   12.53460 4.3144e-02 0.0000e+00
        868 212.840078    0.06021     3.6125    216.750    125.370  51407.986    32.2042     6.3427    124.160    6.98195     6.3322    25.3030   12.53455 4.3152e-02 0.0000e+00
        869 212.840081    0.06028     3.6167    217.000    125.542  51406.703    32.2032     6.3429    124.330    6.98197     6.3312    25.3023   12.53459 4.3154e-02 0.0000e+00
        870 212.840084    0.06035     3.6208    217.250    125.754  51404.293    32.2015     6.3427    124.541    6.98207     6.3288    25.3009   12.53479 4.3146e-02 0.0000e+00
        871 212.840087    0.06042     3.6250    217.500    125.997  51401.056    32.1989     6.3418    124.781    6.98235     6.3251    25.2990   12.53528 4.3143e-02 0.0000e+00
        872 212.840090    0.06049     3.6292    217.750    126.255  51399.378    32.1972     6.3394    125.037    6.98282     6.3209    25.2979   12.53607 4.3149e-02 0.0000e+00
        873 212.840093    0.06056     3.6333    218.000    126.517  51401.407    32.1977     6.3357    125.296    6.98340     6.3173    25.2988   12.53702 4.3157e-02 0.0000e+00
        874 212.840095    0.06062     3.6375    218.250    126.770  51406.416    32.2003     6.3315    125.547    6.98396     6.3148    25.3013   12.53792 4.3156e-02 0.0000e+00
        875 212.840098    0.06069     3.6417    218.500    127.009  51411.841    32.2032     6.3279    125.784    6.98441     6.3134    25.3041   12.53862 4.3142e-02 0.0000e+00
        876 212.840101    0.06076     3.6458    218.750    127.230  51415.639    32.2053     6.3255    126.002    6.98471     6.3123    25.3060   12.53909 4.3135e-02 0.0000e+00
        877 212.840104    0.06083     3.6500    219.000    127.433  51417.200    32.2059     6.3240    126.203    6.98491     6.3112    25.3068   12.53942 4.3143e-02 0.0000e+00
        878 212.840107    0.06090     3.6542    219.250    127.621  51417.485    32.2058     6.3230    126.389    6.98509     6.3099    25.3068   12.53971 4.3156e-02 0.0000e+00
        879 212.840110    0.06097     3.6583    219.500    127.800  51417.797    32.2058     6.3219    126.566    6.98527     6.3086    25.3069   12.54001 4.3156e-02 0.0000e+00
        880 212.840113    0.06104     3.6625    219.750    127.973  51418.464    32.2059     6.3206    126.737    6.98546     6.3074    25.3072   12.54034 4.3143e-02 0.0000e+00
        881 212.840116    0.06111     3.6667    220.000    128.144  51419.374    32.2062     6.3194    126.907    6.98566     6.3062    25.3076   12.54065 4.3131e-02 0.0000e+00
        882 212.840119    0.06118     3.6708    220.250    128.317  51420.238    32.2065     6.3181    127.078    6.98584     6.3048    25.3079   12.54096 4.3122e-02 0.0000e+00
        883 212.840122    0.06125     3.6750    220.500    128.492  51420.719    32.2065     6.3169    127.251    6.98604     6.3031    25.3081   12.54129 4.3112e-02 0.0000e+00
        884 212.840124    0.06132     3.6792    220.750    128.666  51420.891    32.2063     6.3155    127.424    6.98628     6.3010    25.3081   12.54168 4.3103e-02 0.0000e+00
        885 212.840127    0.06139     3.6833    221.000    128.838  51421.035    32.2060     6.3138    127.593    6.98657     6.2986    25.3081   12.54216 4.3098e-02 0.0000e+00
        886 212.840130    0.06146     3.6875    221.250    129.003  51421.872    32.2061     6.3118    127.757    6.98690     6.2963    25.3084   12.54271 4.3088e-02 0.0000e+00
        887 212.840133    0.06153     3.6917    221.500    129.159  51423.803    32.2069     6.3094    127.912    6.98725     6.2943    25.3094   12.54327 4.3075e-02 0.0000e+00
        888 212.840136    0.06160     3.6958    221.750    129.302  51426.189    32.2080     6.3071    128.054    6.98757     6.2926    25.3105   12.54379 4.3064e-02 0.0000e+00
        889 212.840139    0.06167     3.7000    222.000    129.432  51428.388    32.2091     6.3051    128.182    6.98785     6.2913    25.3116   12.54424 4.3058e-02 0.0000e+00
        890 212.840142    0.06174     3.7042    222.250    129.547  51430.294    32.2100     6.3034    128.296    6.98808     6.2903    25.3126   12.54460 4.3054e-02 0.0000e+00
        891 212.840145    0.06181     3.7083    222.500    129.650  51431.884    32.2108     6.3021    128.398    6.98826     6.2896    25.3134   12.54488 4.3047e-02 0.0000e+00
        892 212.840148    0.06187     3.7125    222.750    129.746  51433.138    32.2114     6.3011    128.493    6.98839     6.2891    25.3140   12.54510 4.3041e-02 0.0000e+00
        893 212.840150    0.06194     3.7167    223.000    129.839  51434.185    32.2120     6.3004    128.585    6.98848     6.2889    25.3145   12.54524 4.3040e-02 0.0000e+00
        894 212.840153    0.06201     3.7208    223.250    129.936  51435.111    32.2125     6.3000    128.681    6.98853     6.2890    25.3150   12.54531 4.3046e-02 0.0000e+00
        895 212.840156    0.06208     3.7250    223.500    130.044  51435.816    32.2129     6.2998    128.788    6.98853     6.2893    25.3153   12.54532 4.3066e-02 0.0000e+00
        896 212.840159    0.06215     3.7292    223.750    130.172  51436.204    32.2131     6.2999    128.915    6.98850     6.2897    25.3155   12.54527 4.3094e-02 0.0000e+00
        897 212.840162    0.06222     3.7333    224.000    130.325  51436.159    32.2131     6.3002    129.066    6.98846     6.2899    25.3154   12.54519 4.3116e-02 0.0000e+00
        898 212.840165    0.06229     3.7375    224.250    130.506  51435.389    32.2126     6.3006    129.245    6.98842     6.2895    25.3149   12.54514 4.3138e-02 0.0000e+00
        899 212.840168    0.06236     3.7417    224.500    130.714  51433.989    32.2115     6.3008    129.451    6.98844     6.2884    25.3141   12.54519 4.3169e-02 0.0000e+00
        900 212.840171    0.06243     3.7458    224.750    130.944  51432.236    32.2101     6.3005    129.679    6.98856     6.2861    25.3131   12.54539 4.3186e-02 0.0000e+00
        901 212.840174    0.06250     3.7500    225.000    131.187  51429.829    32.2081     6.2994    129.920    6.98883     6.2820    25.3116   12.54586 4.3166e-02 0.0000e+00
        902 212.840177    0.06257     3.7542    225.250    131.432  51427.137    32.2057     6.2971    130.162    6.98932     6.2763    25.3100   12.54671 4.3122e-02 0.0000e+00
        903 212.840179    0.06264     3.7583    225.500    131.666  51426.361    32.2042     6.2930    130.394    6.99005     6.2700    25.3094   12.54793 4.3070e-02 0.0000e+00
