CTD-processing/allCTD/CNV--turbid/2012-10-28_t7-cast035-s15.cnv
* Sea-Bird SBE19plus Data File:
* FileName = C:\Documents and Settings\kris.holderied.local\My Documents\2012-CTD-DATA-new-files\2012-10-CookInlet-Ocean-LTM\2012-10-28-and-29-EVOSTC-CookInletOcean-Tran7-Augustine\2012-10-28-and-29-CookInletOcean-Tran7-cast035.hex
* Software Version 1.54
* Temperature SN =  4141
* Conductivity SN =  4141
* System UpLoad Time = Oct 29 2012 03:32:01
** Cook Inlet EVOSTC Transect 7 Augustine line east to west
** Date:   28-29 Oct 2012
** Station:  7-15
** Start time (AKDT-24 hr):  2229
** Depth (m): 74
** Comment:Skipped station 7-16
# nquan = 16
# nvalues = 785                         
# units = specified
# name 0 = scan: Scan Count
# name 1 = timeJ: Julian Days
# name 2 = timeH: Time, Elapsed [hours]
# name 3 = timeM: Time, Elapsed [minutes]
# name 4 = timeS: Time, Elapsed [seconds]
# name 5 = prdM: Pressure, Strain Gauge [db]
# name 6 = specc: Specific Conductance [uS/cm]
# name 7 = sal00: Salinity, Practical [PSU]
# name 8 = tv290C: Temperature [ITS-90, deg C]
# name 9 = depSM: Depth [salt water, m], lat = 59.00
# name 10 = oxsolML/L: Oxygen Saturation, Garcia & Gordon [ml/l]
# name 11 = potemp090C: Potential Temperature [ITS-90, deg C]
# name 12 = sigma-é00: Density [sigma-theta, kg/m^3]
# name 13 = n2satML/L: Nitrogen Saturation [ml/l]
# name 14 = par: PAR/Irradiance, Biospherical/Licor
# name 15 = flag:  0.000e+00
# span 0 =          1,        785       
# span 1 = 302.936088, 302.938356       
# span 2 =    0.00000,    0.05444       
# span 3 =     0.0000,     3.2667       
# span 4 =      0.000,    196.000       
# span 5 =     -0.043,     59.922       
# span 6 =    917.580,  49006.405       
# span 7 =     0.4365,    30.8445       
# span 8 =     4.8150,     7.9548       
# span 9 =     -0.043,     59.353       
# span 10 =    6.78800,    8.95112      
# span 11 =     4.8150,     7.9492      
# span 12 =     0.3198,    24.0199      
# span 13 =   12.23086,   16.27330      
# span 14 = 3.6382e-02, 7.1820e+00      
# span 15 = 0.0000e+00, 0.0000e+00      
# interval = seconds: 0.25
# start_time = Oct 28 2012 22:27:58 [Instrument's time stamp, header]
# bad_flag = -9.990e-29
*END*
[from data line 452]
        453 302.937396    0.03139     1.8833    113.000     14.867  48159.715    30.2139     7.5630     14.728    6.87718     7.5633    23.5774   12.38629 3.8756e-02 0.0000e+00
        454 302.937399    0.03146     1.8875    113.250     14.930  48161.188    30.2150     7.5638     14.790    6.87699     7.5640    23.5782   12.38597 3.8119e-02 0.0000e+00
        455 302.937402    0.03153     1.8917    113.500     14.962  48163.148    30.2165     7.5646     14.822    6.87681     7.5650    23.5792   12.38564 3.7540e-02 0.0000e+00
        456 302.937405    0.03160     1.8958    113.750     14.982  48166.930    30.2192     7.5654     14.842    6.87657     7.5663    23.5813   12.38520 3.7102e-02 0.0000e+00
        457 302.937407    0.03167     1.9000    114.000     15.014  48172.910    30.2235     7.5663     14.874    6.87623     7.5683    23.5845   12.38459 3.6814e-02 0.0000e+00
        458 302.937410    0.03174     1.9042    114.250     15.082  48180.691    30.2291     7.5676     14.941    6.87576     7.5709    23.5887   12.38375 3.6641e-02 0.0000e+00
        459 302.937413    0.03181     1.9083    114.500     15.203  48189.841    30.2357     7.5696     15.060    6.87516     7.5740    23.5937   12.38267 3.6538e-02 0.0000e+00
        460 302.937416    0.03188     1.9125    114.750     15.381  48199.573    30.2428     7.5722     15.237    6.87443     7.5775    23.5989   12.38137 3.6475e-02 0.0000e+00
        461 302.937419    0.03194     1.9167    115.000     15.611  48209.984    30.2504     7.5754     15.464    6.87359     7.5814    23.6044   12.37988 3.6438e-02 0.0000e+00
        462 302.937422    0.03201     1.9208    115.250     15.880  48222.790    30.2597     7.5789     15.731    6.87261     7.5859    23.6113   12.37815 3.6415e-02 0.0000e+00
        463 302.937425    0.03208     1.9250    115.500     16.171  48239.249    30.2717     7.5828     16.019    6.87146     7.5912    23.6201   12.37610 3.6402e-02 0.0000e+00
        464 302.937428    0.03215     1.9292    115.750     16.465  48259.013    30.2860     7.5873     16.310    6.87011     7.5975    23.6307   12.37368 3.6394e-02 0.0000e+00
        465 302.937431    0.03222     1.9333    116.000     16.745  48280.721    30.3017     7.5926     16.587    6.86856     7.6047    23.6424   12.37092 3.6389e-02 0.0000e+00
        466 302.937433    0.03229     1.9375    116.250     17.000  48304.684    30.3192     7.5989     16.840    6.86678     7.6131    23.6553   12.36776 3.6386e-02 0.0000e+00
        467 302.937436    0.03236     1.9417    116.500     17.227  48333.813    30.3405     7.6062     17.065    6.86468     7.6225    23.6711   12.36402 3.6385e-02 0.0000e+00
        468 302.937439    0.03243     1.9458    116.750     17.429  48365.003    30.3634     7.6146     17.265    6.86233     7.6322    23.6879   12.35984 3.6384e-02 0.0000e+00
        469 302.937442    0.03250     1.9500    117.000     17.614  48390.361    30.3825     7.6241     17.449    6.86000     7.6413    23.7015   12.35574 3.6383e-02 0.0000e+00
        470 302.937445    0.03257     1.9542    117.250     17.792  48408.014    30.3962     7.6338     17.624    6.85786     7.6492    23.7110   12.35202 3.6383e-02 0.0000e+00
        471 302.937448    0.03264     1.9583    117.500     17.972  48419.088    30.4052     7.6429     17.802    6.85602     7.6555    23.7169   12.34887 3.6382e-02 0.0000e+00
        472 302.937451    0.03271     1.9625    117.750     18.161  48424.445    30.4101     7.6508     17.990    6.85456     7.6602    23.7196   12.34640 3.6382e-02 0.0000e+00
        473 302.937454    0.03278     1.9667    118.000     18.361  48426.499    30.4124     7.6572     18.189    6.85347     7.6636    23.7206   12.34456 3.6382e-02 0.0000e+00
        474 302.937457    0.03285     1.9708    118.250     18.569  48427.062    30.4135     7.6619     18.395    6.85268     7.6660    23.7208   12.34324 3.6382e-02 0.0000e+00
        475 302.937459    0.03292     1.9750    118.500     18.777  48426.469    30.4135     7.6653     18.600    6.85214     7.6675    23.7203   12.34235 3.6382e-02 0.0000e+00
        476 302.937462    0.03299     1.9792    118.750     18.976  48425.376    30.4130     7.6677     18.797    6.85179     7.6685    23.7197   12.34178 3.6382e-02 0.0000e+00
        477 302.937465    0.03306     1.9833    119.000     19.160  48424.877    30.4128     7.6692     18.979    6.85156     7.6693    23.7193   12.34140 3.6382e-02 0.0000e+00
        478 302.937468    0.03313     1.9875    119.250     19.325  48426.080    30.4138     7.6703     19.143    6.85136     7.6702    23.7199   12.34105 3.6382e-02 0.0000e+00
        479 302.937471    0.03319     1.9917    119.500     19.470  48429.785    30.4164     7.6711     19.286    6.85111     7.6713    23.7219   12.34061 3.6382e-02 0.0000e+00
        480 302.937474    0.03326     1.9958    119.750     19.596  48434.699    30.4199     7.6720     19.412    6.85081     7.6727    23.7245   12.34007 3.6382e-02 0.0000e+00
        481 302.937477    0.03333     2.0000    120.000     19.707  48438.980    30.4230     7.6731     19.521    6.85049     7.6740    23.7268   12.33950 3.6382e-02 0.0000e+00
        482 302.937480    0.03340     2.0042    120.250     19.805  48442.711    30.4258     7.6745     19.619    6.85016     7.6754    23.7288   12.33891 3.6382e-02 0.0000e+00
        483 302.937483    0.03347     2.0083    120.500     19.893  48446.537    30.4286     7.6758     19.706    6.84981     7.6769    23.7308   12.33831 3.6382e-02 0.0000e+00
        484 302.937486    0.03354     2.0125    120.750     19.971  48450.423    30.4315     7.6772     19.783    6.84946     7.6783    23.7329   12.33770 3.6382e-02 0.0000e+00
        485 302.937488    0.03361     2.0167    121.000     20.041  48454.296    30.4344     7.6787     19.852    6.84911     7.6797    23.7350   12.33708 3.6382e-02 0.0000e+00
        486 302.937491    0.03368     2.0208    121.250     20.104  48458.117    30.4372     7.6801     19.914    6.84876     7.6812    23.7370   12.33646 3.6382e-02 0.0000e+00
        487 302.937494    0.03375     2.0250    121.500     20.163  48461.320    30.4397     7.6816     19.973    6.84842     7.6825    23.7387   12.33587 3.6382e-02 0.0000e+00
        488 302.937497    0.03382     2.0292    121.750     20.225  48463.030    30.4411     7.6830     20.034    6.84813     7.6834    23.7396   12.33537 3.6382e-02 0.0000e+00
        489 302.937500    0.03389     2.0333    122.000     20.297  48463.022    30.4412     7.6843     20.106    6.84792     7.6841    23.7396   12.33503 3.6382e-02 0.0000e+00
        490 302.937503    0.03396     2.0375    122.250     20.387  48462.520    30.4410     7.6853     20.195    6.84778     7.6846    23.7392   12.33479 3.6382e-02 0.0000e+00
        491 302.937506    0.03403     2.0417    122.500     20.503  48463.500    30.4417     7.6860     20.310    6.84765     7.6854    23.7397   12.33456 3.6382e-02 0.0000e+00
        492 302.937509    0.03410     2.0458    122.750     20.648  48467.413    30.4444     7.6865     20.454    6.84744     7.6868    23.7418   12.33418 3.6382e-02 0.0000e+00
        493 302.937512    0.03417     2.0500    123.000     20.822  48473.907    30.4490     7.6873     20.627    6.84710     7.6887    23.7453   12.33357 3.6382e-02 0.0000e+00
        494 302.937514    0.03424     2.0542    123.250     21.018  48481.449    30.4544     7.6887     20.821    6.84665     7.6910    23.7493   12.33275 3.6382e-02 0.0000e+00
        495 302.937517    0.03431     2.0583    123.500     21.227  48489.627    30.4603     7.6906     21.027    6.84609     7.6939    23.7537   12.33175 3.6382e-02 0.0000e+00
        496 302.937520    0.03438     2.0625    123.750     21.438  48499.175    30.4672     7.6929     21.236    6.84541     7.6972    23.7588   12.33054 3.6382e-02 0.0000e+00
        497 302.937523    0.03444     2.0667    124.000     21.643  48510.046    30.4751     7.6958     21.439    6.84460     7.7010    23.7646   12.32912 3.6382e-02 0.0000e+00
        498 302.937526    0.03451     2.0708    124.250     21.837  48520.565    30.4829     7.6992     21.631    6.84373     7.7051    23.7703   12.32757 3.6382e-02 0.0000e+00
        499 302.937529    0.03458     2.0750    124.500     22.018  48530.226    30.4901     7.7030     21.810    6.84281     7.7093    23.7754   12.32595 3.6382e-02 0.0000e+00
        500 302.937532    0.03465     2.0792    124.750     22.189  48541.158    30.4982     7.7071     21.980    6.84181     7.7139    23.7813   12.32420 3.6382e-02 0.0000e+00
        501 302.937535    0.03472     2.0833    125.000     22.355  48553.212    30.5072     7.7113     22.145    6.84074     7.7183    23.7877   12.32232 3.6382e-02 0.0000e+00
        502 302.937538    0.03479     2.0875    125.250     22.524  48562.194    30.5141     7.7159     22.312    6.83972     7.7221    23.7925   12.32054 3.6382e-02 0.0000e+00
        503 302.937541    0.03486     2.0917    125.500     22.699  48565.976    30.5174     7.7204     22.485    6.83888     7.7249    23.7945   12.31910 3.6382e-02 0.0000e+00
        504 302.937543    0.03493     2.0958    125.750     22.881  48566.084    30.5180     7.7242     22.667    6.83826     7.7267    23.7944   12.31807 3.6382e-02 0.0000e+00
        505 302.937546    0.03500     2.1000    126.000     23.071  48564.222    30.5170     7.7270     22.854    6.83786     7.7278    23.7933   12.31742 3.6382e-02 0.0000e+00
        506 302.937549    0.03507     2.1042    126.250     23.261  48562.104    30.5158     7.7289     23.043    6.83763     7.7284    23.7921   12.31706 3.6382e-02 0.0000e+00
        507 302.937552    0.03514     2.1083    126.500     23.446  48561.235    30.5152     7.7299     23.225    6.83749     7.7288    23.7915   12.31683 3.6382e-02 0.0000e+00
        508 302.937555    0.03521     2.1125    126.750     23.616  48561.512    30.5155     7.7305     23.394    6.83738     7.7292    23.7916   12.31666 3.6382e-02 0.0000e+00
        509 302.937558    0.03528     2.1167    127.000     23.767  48562.124    30.5159     7.7310     23.544    6.83729     7.7296    23.7919   12.31650 3.6382e-02 0.0000e+00
        510 302.937561    0.03535     2.1208    127.250     23.898  48562.793    30.5164     7.7314     23.673    6.83721     7.7299    23.7922   12.31635 3.6382e-02 0.0000e+00
        511 302.937564    0.03542     2.1250    127.500     24.010  48563.391    30.5168     7.7318     23.784    6.83713     7.7302    23.7925   12.31621 3.6382e-02 0.0000e+00
        512 302.937567    0.03549     2.1292    127.750     24.106  48563.497    30.5169     7.7322     23.879    6.83707     7.7304    23.7925   12.31611 3.6382e-02 0.0000e+00
        513 302.937569    0.03556     2.1333    128.000     24.192  48562.965    30.5165     7.7324     23.964    6.83704     7.7304    23.7922   12.31607 3.6382e-02 0.0000e+00
        514 302.937572    0.03562     2.1375    128.250     24.273  48562.216    30.5160     7.7326     24.044    6.83704     7.7303    23.7917   12.31608 3.6382e-02 0.0000e+00
        515 302.937575    0.03569     2.1417    128.500     24.354  48561.898    30.5157     7.7326     24.125    6.83705     7.7304    23.7915   12.31610 3.6382e-02 0.0000e+00
        516 302.937578    0.03576     2.1458    128.750     24.439  48562.793    30.5163     7.7325     24.209    6.83703     7.7306    23.7920   12.31606 3.6382e-02 0.0000e+00
        517 302.937581    0.03583     2.1500    129.000     24.528  48564.988    30.5178     7.7326     24.297    6.83695     7.7310    23.7931   12.31592 3.6382e-02 0.0000e+00
        518 302.937584    0.03590     2.1542    129.250     24.618  48567.157    30.5193     7.7328     24.386    6.83685     7.7314    23.7943   12.31572 3.6382e-02 0.0000e+00
        519 302.937587    0.03597     2.1583    129.500     24.711  48567.853    30.5198     7.7333     24.478    6.83676     7.7317    23.7946   12.31557 3.6382e-02 0.0000e+00
        520 302.937590    0.03604     2.1625    129.750     24.810  48567.138    30.5193     7.7337     24.576    6.83671     7.7318    23.7942   12.31549 3.6382e-02 0.0000e+00
        521 302.937593    0.03611     2.1667    130.000     24.920  48566.515    30.5189     7.7340     24.685    6.83668     7.7320    23.7938   12.31545 3.6382e-02 0.0000e+00
        522 302.937595    0.03618     2.1708    130.250     25.049  48568.020    30.5199     7.7341     24.813    6.83662     7.7327    23.7946   12.31534 3.6382e-02 0.0000e+00
        523 302.937598    0.03625     2.1750    130.500     25.196  48572.709    30.5231     7.7343     24.958    6.83645     7.7340    23.7971   12.31501 3.6382e-02 0.0000e+00
        524 302.937601    0.03632     2.1792    130.750     25.356  48579.882    30.5281     7.7350     25.116    6.83612     7.7362    23.8009   12.31440 3.6382e-02 0.0000e+00
        525 302.937604    0.03639     2.1833    131.000     25.525  48589.319    30.5348     7.7363     25.284    6.83560     7.7394    23.8060   12.31347 3.6382e-02 0.0000e+00
        526 302.937607    0.03646     2.1875    131.250     25.701  48601.039    30.5433     7.7386     25.459    6.83488     7.7430    23.8123   12.31216 3.6382e-02 0.0000e+00
        527 302.937610    0.03653     2.1917    131.500     25.878  48611.475    30.5510     7.7417     25.635    6.83404     7.7465    23.8179   12.31069 3.6382e-02 0.0000e+00
        528 302.937613    0.03660     2.1958    131.750     26.047  48616.643    30.5551     7.7454     25.802    6.83329     7.7492    23.8206   12.30939 3.6382e-02 0.0000e+00
        529 302.937616    0.03667     2.2000    132.000     26.202  48618.287    30.5567     7.7489     25.955    6.83268     7.7515    23.8214   12.30836 3.6382e-02 0.0000e+00
        530 302.937619    0.03674     2.2042    132.250     26.339  48620.866    30.5588     7.7517     26.091    6.83214     7.7538    23.8228   12.30745 3.6382e-02 0.0000e+00
        531 302.937622    0.03681     2.2083    132.500     26.460  48626.735    30.5632     7.7540     26.211    6.83159     7.7564    23.8259   12.30648 3.6382e-02 0.0000e+00
        532 302.937624    0.03687     2.2125    132.750     26.570  48635.759    30.5698     7.7562     26.320    6.83095     7.7594    23.8308   12.30533 3.6382e-02 0.0000e+00
        533 302.937627    0.03694     2.2167    133.000     26.676  48645.373    30.5769     7.7588     26.425    6.83022     7.7627    23.8359   12.30404 3.6382e-02 0.0000e+00
        534 302.937630    0.03701     2.2208    133.250     26.789  48652.902    30.5825     7.7619     26.536    6.82949     7.7658    23.8400   12.30277 3.6382e-02 0.0000e+00
        535 302.937633    0.03708     2.2250    133.500     26.917  48658.394    30.5868     7.7651     26.664    6.82880     7.7688    23.8429   12.30156 3.6382e-02 0.0000e+00
        536 302.937636    0.03715     2.2292    133.750     27.066  48664.257    30.5913     7.7683     26.811    6.82811     7.7721    23.8460   12.30036 3.6382e-02 0.0000e+00
        537 302.937639    0.03722     2.2333    134.000     27.235  48673.144    30.5979     7.7713     26.979    6.82734     7.7761    23.8507   12.29900 3.6382e-02 0.0000e+00
        538 302.937642    0.03729     2.2375    134.250     27.416  48686.932    30.6080     7.7746     27.158    6.82637     7.7808    23.8581   12.29728 3.6382e-02 0.0000e+00
        539 302.937645    0.03736     2.2417    134.500     27.596  48702.722    30.6195     7.7786     27.336    6.82524     7.7855    23.8666   12.29527 3.6382e-02 0.0000e+00
        540 302.937648    0.03743     2.2458    134.750     27.764  48713.200    30.6274     7.7833     27.502    6.82416     7.7895    23.8722   12.29338 3.6382e-02 0.0000e+00
        541 302.937650    0.03750     2.2500    135.000     27.909  48716.944    30.6307     7.7880     27.646    6.82328     7.7924    23.8742   12.29188 3.6382e-02 0.0000e+00
        542 302.937653    0.03757     2.2542    135.250     28.027  48717.567    30.6317     7.7920     27.763    6.82261     7.7945    23.8744   12.29076 3.6382e-02 0.0000e+00
