CTD-processing/allCTD/CNV--turbid/2012_06-25_subbays_skb01_cast134.cnv
* Sea-Bird SBE19plus Data File:
* FileName = C:\Documents and Settings\glenn.seaman\My Documents\KHolderied-files\CTD-DATA-FILES\2012-CTD-KachemakBay\2012-06-25-CTD-KachemakBay-subbays\2012-06-25-KBay-subbays-cast134.hex
* Software Version 1.59
* Temperature SN =  5028
* Conductivity SN =  5028
* System UpLoad Time = Jun 27 2012 00:59:23
** KachemakBay-Subbay-Survey
** Date: 2012-06-25
** Station: Homer Spit Sta 01 - near Mckeon Flat
** Start time (AKDT-24hr): 2117
** Depth (ft): 215
** Lat: 59d 34.216m N
** Long: 151d 21.451m W
** Wind southwesterly 10 kts. Seas westerly 1-2 ft. Rain.
# nquan = 16
# nvalues = 471                         
# units = specified
# name 0 = scan: Scan Count
# name 1 = timeJ: Julian Days
# name 2 = timeH: Time, Elapsed [hours]
# name 3 = timeM: Time, Elapsed [minutes]
# name 4 = timeS: Time, Elapsed [seconds]
# name 5 = prdM: Pressure, Strain Gauge [db]
# name 6 = specc: Specific Conductance [uS/cm]
# name 7 = sal00: Salinity, Practical [PSU]
# name 8 = tv290C: Temperature [ITS-90, deg C]
# name 9 = depSM: Depth [salt water, m], lat = 59.00
# name 10 = oxsolML/L: Oxygen Saturation, Garcia & Gordon [ml/l]
# name 11 = potemp090C: Potential Temperature [ITS-90, deg C]
# name 12 = sigma-é00: Density [sigma-theta, kg/m^3]
# name 13 = n2satML/L: Nitrogen Saturation [ml/l]
# name 14 = par: PAR/Irradiance, Biospherical/Licor [umol photons/m^2/sec]
# name 15 = flag:  0.000e+00
# span 0 =          1,        471       
# span 1 = 177.887315, 177.888675       
# span 2 =    0.00000,    0.03264       
# span 3 =     0.0000,     1.9583       
# span 4 =      0.000,    117.500       
# span 5 =     -0.182,     59.371       
# span 6 =    630.643,  50529.815       
# span 7 =     0.3011,    31.6255       
# span 8 =     6.2966,    10.9704       
# span 9 =     -0.181,     58.808       
# span 10 =    6.44970,    8.08905      
# span 11 =     6.2917,    10.9703      
# span 12 =     0.0274,    24.8477      
# span 13 =   11.69807,   14.82460      
# span 14 = 4.9060e-02, 1.0752e+01      
# span 15 = 0.0000e+00, 0.0000e+00      
# interval = seconds: 0.25
# start_time = Jun 25 2012 21:17:44 [Instrument's time stamp, header]
# bad_flag = -9.990e-29
*END*
[from data line 181]
        182 177.887839    0.01257     0.7542     45.250      0.777  42139.772    26.3914    10.2578      0.770    6.63498    10.2562    20.2002   12.03208 2.6264e+00 0.0000e+00
        183 177.887841    0.01264     0.7583     45.500      0.776  42131.654    26.3858    10.2581      0.769    6.63518    10.2522    20.1959   12.03249 2.6483e+00 0.0000e+00
        184 177.887844    0.01271     0.7625     45.750      0.776  42128.503    26.3835    10.2563      0.769    6.63554    10.2471    20.1943   12.03312 2.6819e+00 0.0000e+00
        185 177.887847    0.01278     0.7667     46.000      0.780  42130.415    26.3844    10.2523      0.773    6.63608    10.2426    20.1956   12.03400 2.6826e+00 0.0000e+00
        186 177.887850    0.01285     0.7708     46.250      0.788  42135.487    26.3874    10.2472      0.780    6.63670    10.2396    20.1988   12.03499 2.6412e+00 0.0000e+00
        187 177.887853    0.01292     0.7750     46.500      0.797  42139.634    26.3898    10.2427      0.790    6.63726    10.2372    20.2014   12.03589 2.5930e+00 0.0000e+00
        188 177.887856    0.01299     0.7792     46.750      0.803  42140.244    26.3899    10.2397      0.795    6.63770    10.2337    20.2019   12.03662 2.5838e+00 0.0000e+00
        189 177.887859    0.01306     0.7833     47.000      0.800  42139.944    26.3895    10.2373      0.792    6.63806    10.2277    20.2019   12.03723 2.6371e+00 0.0000e+00
        190 177.887862    0.01313     0.7875     47.250      0.788  42142.913    26.3912    10.2338      0.780    6.63850    10.2195    20.2038   12.03793 2.7342e+00 0.0000e+00
        191 177.887865    0.01319     0.7917     47.500      0.771  42149.039    26.3948    10.2278      0.764    6.63923    10.2120    20.2075   12.03911 2.8216e+00 0.0000e+00
        192 177.887867    0.01326     0.7958     47.750      0.758  42154.458    26.3977    10.2196      0.751    6.64030    10.2074    20.2111   12.04085 2.8483e+00 0.0000e+00
        193 177.887870    0.01333     0.8000     48.000      0.753  42154.632    26.3971    10.2121      0.746    6.64143    10.2063    20.2117   12.04274 2.8017e+00 0.0000e+00
        194 177.887873    0.01340     0.8042     48.250      0.760  42144.350    26.3896    10.2075      0.753    6.64243    10.2079    20.2066   12.04449 2.7116e+00 0.0000e+00
        195 177.887876    0.01347     0.8083     48.500      0.776  42117.197    26.3707    10.2064      0.769    6.64339    10.2104    20.1921   12.04632 2.6249e+00 0.0000e+00
        196 177.887879    0.01354     0.8125     48.750      0.797  42078.405    26.3441    10.2080      0.789    6.64429    10.2120    20.1711   12.04813 2.5789e+00 0.0000e+00
        197 177.887882    0.01361     0.8167     49.000      0.812  42053.777    26.3273    10.2105      0.804    6.64463    10.2115    20.1577   12.04891 2.5915e+00 0.0000e+00
        198 177.887885    0.01368     0.8208     49.250      0.815  42056.396    26.3293    10.2121      0.808    6.64432    10.2080    20.1590   12.04837 2.6662e+00 0.0000e+00
        199 177.887888    0.01375     0.8250     49.500      0.805  42066.128    26.3360    10.2116      0.797    6.64410    10.2018    20.1642   12.04793 2.7881e+00 0.0000e+00
        200 177.887891    0.01382     0.8292     49.750      0.784  42060.690    26.3319    10.2081      0.777    6.64479    10.1951    20.1616   12.04913 2.9219e+00 0.0000e+00
        201 177.887894    0.01389     0.8333     50.000      0.761  42029.019    26.3094    10.2019      0.754    6.64665    10.1901    20.1451   12.05250 3.0281e+00 0.0000e+00
        202 177.887896    0.01396     0.8375     50.250      0.743  41965.911    26.2652    10.1951      0.736    6.64952    10.1881    20.1117   12.05781 3.0818e+00 0.0000e+00
        203 177.887899    0.01403     0.8417     50.500      0.738  41882.969    26.2074    10.1902      0.732    6.65271    10.1893    20.0676   12.06382 3.0817e+00 0.0000e+00
        204 177.887902    0.01410     0.8458     50.750      0.749  41800.297    26.1502    10.1882      0.743    6.65543    10.1932    20.0233   12.06905 3.0478e+00 0.0000e+00
        205 177.887905    0.01417     0.8500     51.000      0.771  41727.886    26.1003    10.1894      0.764    6.65738    10.1988    19.9844   12.07291 3.0082e+00 0.0000e+00
        206 177.887908    0.01424     0.8542     51.250      0.795  41688.772    26.0738    10.1933      0.788    6.65793    10.2037    19.9631   12.07415 2.9899e+00 0.0000e+00
        207 177.887911    0.01431     0.8583     51.500      0.812  41716.983    26.0938    10.1989      0.804    6.65626    10.2059    19.9778   12.07113 3.0190e+00 0.0000e+00
        208 177.887914    0.01438     0.8625     51.750      0.814  41797.892    26.1501    10.2038      0.807    6.65315    10.2052    20.0208   12.06527 3.1088e+00 0.0000e+00
        209 177.887917    0.01444     0.8667     52.000      0.802  41875.177    26.2036    10.2059      0.794    6.65056    10.2039    20.0621   12.06029 3.2432e+00 0.0000e+00
        210 177.887920    0.01451     0.8708     52.250      0.779  41912.957    26.2296    10.2052      0.772    6.64956    10.2060    20.0825   12.05830 3.3847e+00 0.0000e+00
        211 177.887922    0.01458     0.8750     52.500      0.755  41902.739    26.2224    10.2040      0.748    6.65005    10.2151    20.0771   12.05921 3.4918e+00 0.0000e+00
        212 177.887925    0.01465     0.8792     52.750      0.739  41858.045    26.1918    10.2061      0.732    6.65105    10.2347    20.0530   12.06126 3.5248e+00 0.0000e+00
        213 177.887928    0.01472     0.8833     53.000      0.738  41824.873    26.1698    10.2151      0.731    6.65067    10.2669    20.0345   12.06089 3.4672e+00 0.0000e+00
        214 177.887931    0.01479     0.8875     53.250      0.754  41847.440    26.1873    10.2348      0.747    6.64705    10.3072    20.0450   12.05465 3.3498e+00 0.0000e+00
        215 177.887934    0.01486     0.8917     53.500      0.782  41916.501    26.2382    10.2670      0.774    6.64017    10.3451    20.0796   12.04260 3.2303e+00 0.0000e+00
        216 177.887937    0.01493     0.8958     53.750      0.810  41969.362    26.2787    10.3073      0.802    6.63256    10.3708    20.1048   12.02945 3.1590e+00 0.0000e+00
        217 177.887940    0.01500     0.9000     54.000      0.827  41961.064    26.2766    10.3451      0.819    6.62712    10.3792    20.0973   12.02043 3.1672e+00 0.0000e+00
        218 177.887943    0.01507     0.9042     54.250      0.826  41919.013    26.2501    10.3709      0.818    6.62448    10.3707    20.0727   12.01637 3.2576e+00 0.0000e+00
        219 177.887946    0.01514     0.9083     54.500      0.809  41896.267    26.2352    10.3792      0.801    6.62388    10.3538    20.0598   12.01556 3.3984e+00 0.0000e+00
        220 177.887948    0.01521     0.9125     54.750      0.782  41916.340    26.2483    10.3708      0.775    6.62456    10.3394    20.0713   12.01652 3.5355e+00 0.0000e+00
        221 177.887951    0.01528     0.9167     55.000      0.758  41970.721    26.2842    10.3539      0.751    6.62550    10.3341    20.1019   12.01764 3.6161e+00 0.0000e+00
        222 177.887954    0.01535     0.9208     55.250      0.746  42027.267    26.3218    10.3395      0.739    6.62601    10.3394    20.1334   12.01803 3.6071e+00 0.0000e+00
        223 177.887957    0.01542     0.9250     55.500      0.751  42055.173    26.3406    10.3342      0.744    6.62598    10.3519    20.1488   12.01774 3.5101e+00 0.0000e+00
        224 177.887960    0.01549     0.9292     55.750      0.770  42047.023    26.3355    10.3395      0.762    6.62542    10.3657    20.1440   12.01689 3.3659e+00 0.0000e+00
        225 177.887963    0.01556     0.9333     56.000      0.795  42009.892    26.3110    10.3520      0.788    6.62464    10.3757    20.1230   12.01589 3.2287e+00 0.0000e+00
        226 177.887966    0.01563     0.9375     56.250      0.818  41956.387    26.2754    10.3658      0.810    6.62414    10.3784    20.0932   12.01549 3.1426e+00 0.0000e+00
        227 177.887969    0.01569     0.9417     56.500      0.829  41900.203    26.2376    10.3758      0.821    6.62428    10.3719    20.0622   12.01619 3.1352e+00 0.0000e+00
        228 177.887972    0.01576     0.9458     56.750      0.826  41853.955    26.2059    10.3785      0.818    6.62522    10.3578    20.0372   12.01814 3.2031e+00 0.0000e+00
        229 177.887975    0.01583     0.9500     57.000      0.810  41830.609    26.1892    10.3720      0.803    6.62687    10.3421    20.0252   12.02110 3.3136e+00 0.0000e+00
        230 177.887977    0.01590     0.9542     57.250      0.790  41835.200    26.1910    10.3579      0.782    6.62886    10.3318    20.0288   12.02438 3.4249e+00 0.0000e+00
        231 177.887980    0.01597     0.9583     57.500      0.772  41860.593    26.2070    10.3422      0.764    6.63047    10.3312    20.0437   12.02686 3.4922e+00 0.0000e+00
        232 177.887983    0.01604     0.9625     57.750      0.763  41895.323    26.2299    10.3319      0.756    6.63101    10.3421    20.0631   12.02746 3.4790e+00 0.0000e+00
        233 177.887986    0.01611     0.9667     58.000      0.768  41931.249    26.2547    10.3313      0.761    6.63004    10.3615    20.0825   12.02556 3.3829e+00 0.0000e+00
        234 177.887989    0.01618     0.9708     58.250      0.785  41962.616    26.2774    10.3421      0.777    6.62750    10.3824    20.0985   12.02106 3.2447e+00 0.0000e+00
        235 177.887992    0.01625     0.9750     58.500      0.807  41975.686    26.2883    10.3616      0.799    6.62420    10.3984    20.1039   12.01544 3.1291e+00 0.0000e+00
        236 177.887995    0.01632     0.9792     58.750      0.825  41953.744    26.2752    10.3825      0.817    6.62170    10.4056    20.0905   12.01145 3.0858e+00 0.0000e+00
        237 177.887998    0.01639     0.9833     59.000      0.834  41903.498    26.2421    10.3984      0.826    6.62078    10.4020    20.0622   12.01033 3.1195e+00 0.0000e+00
        238 177.888001    0.01646     0.9875     59.250      0.830  41855.058    26.2093    10.4056      0.822    6.62112    10.3891    20.0356   12.01129 3.1963e+00 0.0000e+00
        239 177.888003    0.01653     0.9917     59.500      0.817  41832.561    26.1934    10.4021      0.809    6.62231    10.3727    20.0238   12.01346 3.2708e+00 0.0000e+00
        240 177.888006    0.01660     0.9958     59.750      0.799  41840.654    26.1978    10.3892      0.791    6.62401    10.3588    20.0292   12.01622 3.3118e+00 0.0000e+00
        241 177.888009    0.01667     1.0000     60.000      0.784  41869.345    26.2160    10.3728      0.776    6.62563    10.3505    20.0459   12.01869 3.3045e+00 0.0000e+00
        242 177.888012    0.01674     1.0042     60.250      0.775  41901.954    26.2372    10.3589      0.768    6.62675    10.3483    20.0645   12.02030 3.2482e+00 0.0000e+00
        243 177.888015    0.01681     1.0083     60.500      0.774  41924.885    26.2522    10.3506      0.767    6.62733    10.3506    20.0775   12.02107 3.1633e+00 0.0000e+00
        244 177.888018    0.01688     1.0125     60.750      0.780  41931.290    26.2564    10.3484      0.773    6.62748    10.3537    20.0811   12.02127 3.0789e+00 0.0000e+00
        245 177.888021    0.01694     1.0167     61.000      0.792  41919.612    26.2485    10.3507      0.784    6.62747    10.3534    20.0747   12.02135 3.0160e+00 0.0000e+00
        246 177.888024    0.01701     1.0208     61.250      0.805  41896.071    26.2326    10.3538      0.797    6.62769    10.3475    20.0618   12.02192 2.9881e+00 0.0000e+00
        247 177.888027    0.01708     1.0250     61.500      0.817  41871.650    26.2157    10.3534      0.809    6.62846    10.3355    20.0487   12.02341 3.0016e+00 0.0000e+00
        248 177.888030    0.01715     1.0292     61.750      0.823  41854.913    26.2035    10.3476      0.815    6.62983    10.3180    20.0402   12.02584 3.0474e+00 0.0000e+00
        249 177.888032    0.01722     1.0333     62.000      0.823  41851.154    26.1998    10.3356      0.816    6.63174    10.2978    20.0391   12.02906 3.0976e+00 0.0000e+00
        250 177.888035    0.01729     1.0375     62.250      0.816  41861.109    26.2049    10.3181      0.809    6.63408    10.2782    20.0458   12.03289 3.1326e+00 0.0000e+00
        251 177.888038    0.01736     1.0417     62.500      0.803  41880.445    26.2162    10.2979      0.795    6.63655    10.2615    20.0578   12.03686 3.1639e+00 0.0000e+00
        252 177.888041    0.01743     1.0458     62.750      0.787  41903.801    26.2304    10.2783      0.779    6.63881    10.2488    20.0719   12.04044 3.2108e+00 0.0000e+00
        253 177.888044    0.01750     1.0500     63.000      0.771  41927.833    26.2454    10.2616      0.764    6.64063    10.2410    20.0861   12.04327 3.2711e+00 0.0000e+00
        254 177.888047    0.01757     1.0542     63.250      0.761  41950.922    26.2601    10.2488      0.754    6.64187    10.2388    20.0995   12.04515 3.3108e+00 0.0000e+00
        255 177.888050    0.01764     1.0583     63.500      0.760  41970.855    26.2731    10.2410      0.753    6.64246    10.2429    20.1108   12.04596 3.2886e+00 0.0000e+00
        256 177.888053    0.01771     1.0625     63.750      0.769  41983.600    26.2817    10.2389      0.762    6.64240    10.2527    20.1178   12.04577 3.2040e+00 0.0000e+00
        257 177.888056    0.01778     1.0667     64.000      0.787  41984.728    26.2829    10.2430      0.779    6.64176    10.2653    20.1181   12.04468 3.0927e+00 0.0000e+00
        258 177.888058    0.01785     1.0708     64.250      0.807  41972.245    26.2752    10.2528      0.799    6.64064    10.2759    20.1106   12.04291 3.0030e+00 0.0000e+00
        259 177.888061    0.01792     1.0750     64.500      0.821  41949.660    26.2609    10.2654      0.813    6.63941    10.2814    20.0975   12.04105 2.9830e+00 0.0000e+00
        260 177.888064    0.01799     1.0792     64.750      0.824  41925.514    26.2452    10.2760      0.816    6.63852    10.2809    20.0837   12.03976 3.0533e+00 0.0000e+00
        261 177.888067    0.01806     1.0833     65.000      0.814  41909.080    26.2344    10.2815      0.806    6.63817    10.2766    20.0744   12.03931 3.1950e+00 0.0000e+00
        262 177.888070    0.01812     1.0875     65.250      0.795  41906.384    26.2325    10.2810      0.787    6.63833    10.2727    20.0730   12.03959 3.3617e+00 0.0000e+00
        263 177.888073    0.01819     1.0917     65.500      0.774  41917.028    26.2395    10.2767      0.767    6.63867    10.2728    20.0791   12.04008 3.4899e+00 0.0000e+00
        264 177.888076    0.01826     1.0958     65.750      0.760  41933.829    26.2507    10.2728      0.752    6.63877    10.2786    20.0884   12.04011 3.5275e+00 0.0000e+00
        265 177.888079    0.01833     1.1000     66.000      0.757  41947.236    26.2599    10.2729      0.749    6.63836    10.2913    20.0956   12.03931 3.4709e+00 0.0000e+00
        266 177.888082    0.01840     1.1042     66.250      0.765  41950.232    26.2626    10.2787      0.758    6.63739    10.3103    20.0968   12.03767 3.3587e+00 0.0000e+00
        267 177.888084    0.01847     1.1083     66.500      0.781  41938.829    26.2559    10.2913      0.774    6.63583    10.3304    20.0896   12.03516 3.2395e+00 0.0000e+00
        268 177.888087    0.01854     1.1125     66.750      0.799  41911.449    26.2389    10.3103      0.792    6.63377    10.3432    20.0734   12.03195 3.1560e+00 0.0000e+00
        269 177.888090    0.01861     1.1167     67.000      0.812  41875.161    26.2158    10.3305      0.804    6.63180    10.3434    20.0523   12.02896 3.1346e+00 0.0000e+00
        270 177.888093    0.01868     1.1208     67.250      0.814  41846.313    26.1971    10.3433      0.806    6.63073    10.3320    20.0358   12.02740 3.1829e+00 0.0000e+00
        271 177.888096    0.01875     1.1250     67.500      0.804  41837.934    26.1914    10.3435      0.796    6.63095    10.3155    20.0313   12.02783 3.2933e+00 0.0000e+00
