CTD-processing/allCTD/CNV--turbid/2012-10-28_t7-cast033-s19.cnv
* Sea-Bird SBE19plus Data File:
* FileName = C:\Documents and Settings\kris.holderied.local\My Documents\2012-CTD-DATA-new-files\2012-10-CookInlet-Ocean-LTM\2012-10-28-and-29-EVOSTC-CookInletOcean-Tran7-Augustine\2012-10-28-and-29-CookInletOcean-Tran7-cast033.hex
* Software Version 1.54
* Temperature SN =  4141
* Conductivity SN =  4141
* System UpLoad Time = Oct 29 2012 03:29:35
** Cook Inlet EVOSTC Transect 7 Augustine line east to west
** Date:   28-29 Oct 2012
** Station: 7-19
** Start time (AKDT-24 hr): 2118
** Depth (m): 78
** Comment:NOne
# nquan = 16
# nvalues = 851                         
# units = specified
# name 0 = scan: Scan Count
# name 1 = timeJ: Julian Days
# name 2 = timeH: Time, Elapsed [hours]
# name 3 = timeM: Time, Elapsed [minutes]
# name 4 = timeS: Time, Elapsed [seconds]
# name 5 = prdM: Pressure, Strain Gauge [db]
# name 6 = specc: Specific Conductance [uS/cm]
# name 7 = sal00: Salinity, Practical [PSU]
# name 8 = tv290C: Temperature [ITS-90, deg C]
# name 9 = depSM: Depth [salt water, m], lat = 59.00
# name 10 = oxsolML/L: Oxygen Saturation, Garcia & Gordon [ml/l]
# name 11 = potemp090C: Potential Temperature [ITS-90, deg C]
# name 12 = sigma-é00: Density [sigma-theta, kg/m^3]
# name 13 = n2satML/L: Nitrogen Saturation [ml/l]
# name 14 = par: PAR/Irradiance, Biospherical/Licor
# name 15 = flag:  0.000e+00
# span 0 =          1,        851       
# span 1 = 302.887674, 302.890133       
# span 2 =    0.00000,    0.05903       
# span 3 =     0.0000,     3.5417       
# span 4 =      0.000,    212.500       
# span 5 =     -0.042,     66.688       
# span 6 =   2016.351,  49205.861       
# span 7 =     0.9935,    30.9796       
# span 8 =     4.8318,     7.9461       
# span 9 =     -0.042,     66.054       
# span 10 =    6.78335,    8.91148      
# span 11 =     4.8318,     7.9399      
# span 12 =     0.7653,    24.1270      
# span 13 =   12.22149,   16.19762      
# span 14 = 3.6382e-02, 5.6599e+00      
# span 15 = 0.0000e+00, 0.0000e+00      
# interval = seconds: 0.25
# start_time = Oct 28 2012 21:18:15 [Instrument's time stamp, header]
# bad_flag = -9.990e-29
*END*
[from data line 362]
        363 302.888721    0.02514     1.5083     90.500      1.926  48877.040    30.7299     7.6375      1.908    6.84233     7.6399    23.9723   12.32216 7.1478e-01 0.0000e+00
        364 302.888724    0.02521     1.5125     90.750      1.940  48879.488    30.7318     7.6386      1.922    6.84207     7.6416    23.9736   12.32172 7.1976e-01 0.0000e+00
        365 302.888727    0.02528     1.5167     91.000      1.955  48882.727    30.7342     7.6401      1.936    6.84174     7.6438    23.9754   12.32114 7.3149e-01 0.0000e+00
        366 302.888730    0.02535     1.5208     91.250      1.968  48887.256    30.7376     7.6418      1.949    6.84131     7.6466    23.9779   12.32038 7.5897e-01 0.0000e+00
        367 302.888733    0.02542     1.5250     91.500      1.977  48893.351    30.7422     7.6440      1.958    6.84076     7.6500    23.9812   12.31942 7.7777e-01 0.0000e+00
        368 302.888736    0.02549     1.5292     91.750      1.980  48901.395    30.7483     7.6467      1.962    6.84006     7.6542    23.9855   12.31819 7.5775e-01 0.0000e+00
        369 302.888738    0.02556     1.5333     92.000      1.977  48909.713    30.7546     7.6502      1.959    6.83924     7.6583    23.9900   12.31675 7.5571e-01 0.0000e+00
        370 302.888741    0.02562     1.5375     92.250      1.966  48912.839    30.7574     7.6544      1.948    6.83846     7.6612    23.9917   12.31543 7.9493e-01 0.0000e+00
        371 302.888744    0.02569     1.5417     92.500      1.948  48908.625    30.7551     7.6585      1.930    6.83792     7.6625    23.9893   12.31457 7.9103e-01 0.0000e+00
        372 302.888747    0.02576     1.5458     92.750      1.926  48902.193    30.7511     7.6613      1.908    6.83765     7.6628    23.9858   12.31416 6.8478e-01 0.0000e+00
        373 302.888750    0.02583     1.5500     93.000      1.902  48898.154    30.7485     7.6627      1.884    6.83756     7.6627    23.9836   12.31404 5.3728e-01 0.0000e+00
        374 302.888753    0.02590     1.5542     93.250      1.882  48896.332    30.7473     7.6630      1.864    6.83756     7.6622    23.9826   12.31407 4.4979e-01 0.0000e+00
        375 302.888756    0.02597     1.5583     93.500      1.871  48894.374    30.7460     7.6629      1.853    6.83765     7.6611    23.9815   12.31422 4.5514e-01 0.0000e+00
        376 302.888759    0.02604     1.5625     93.750      1.871  48889.991    30.7428     7.6624      1.853    6.83786     7.6591    23.9791   12.31461 5.4200e-01 0.0000e+00
        377 302.888762    0.02611     1.5667     94.000      1.883  48883.381    30.7381     7.6613      1.865    6.83824     7.6564    23.9755   12.31530 6.8474e-01 0.0000e+00
        378 302.888764    0.02618     1.5708     94.250      1.904  48877.486    30.7337     7.6593      1.886    6.83875     7.6535    23.9723   12.31620 8.0994e-01 0.0000e+00
        379 302.888767    0.02625     1.5750     94.500      1.931  48874.497    30.7311     7.6566      1.912    6.83929     7.6509    23.9707   12.31713 8.7487e-01 0.0000e+00
        380 302.888770    0.02632     1.5792     94.750      1.957  48874.283    30.7305     7.6537      1.939    6.83978     7.6490    23.9706   12.31794 9.1475e-01 0.0000e+00
        381 302.888773    0.02639     1.5833     95.000      1.982  48875.773    30.7311     7.6511      1.963    6.84015     7.6478    23.9715   12.31855 9.2785e-01 0.0000e+00
        382 302.888776    0.02646     1.5875     95.250      2.002  48878.124    30.7324     7.6492      1.983    6.84039     7.6473    23.9727   12.31893 9.1483e-01 0.0000e+00
        383 302.888779    0.02653     1.5917     95.500      2.017  48880.687    30.7340     7.6480      1.999    6.84050     7.6473    23.9741   12.31909 9.1443e-01 0.0000e+00
        384 302.888782    0.02660     1.5958     95.750      2.027  48882.858    30.7355     7.6475      2.008    6.84052     7.6475    23.9753   12.31911 8.9049e-01 0.0000e+00
        385 302.888785    0.02667     1.6000     96.000      2.029  48884.249    30.7364     7.6475      2.011    6.84049     7.6477    23.9761   12.31904 8.0211e-01 0.0000e+00
        386 302.888788    0.02674     1.6042     96.250      2.022  48884.769    30.7368     7.6477      2.004    6.84044     7.6479    23.9764   12.31895 6.8803e-01 0.0000e+00
        387 302.888791    0.02681     1.6083     96.500      2.004  48884.712    30.7368     7.6479      1.985    6.84039     7.6480    23.9764   12.31888 5.5823e-01 0.0000e+00
        388 302.888793    0.02688     1.6125     96.750      1.973  48884.765    30.7369     7.6481      1.955    6.84036     7.6482    23.9764   12.31882 4.1942e-01 0.0000e+00
        389 302.888796    0.02694     1.6167     97.000      1.931  48885.782    30.7376     7.6482      1.913    6.84032     7.6487    23.9770   12.31873 3.0912e-01 0.0000e+00
        390 302.888799    0.02701     1.6208     97.250      1.885  48888.101    30.7393     7.6484      1.868    6.84022     7.6497    23.9782   12.31855 2.4588e-01 0.0000e+00
        391 302.888802    0.02708     1.6250     97.500      1.848  48891.591    30.7418     7.6489      1.831    6.84002     7.6514    23.9801   12.31820 2.3282e-01 0.0000e+00
        392 302.888805    0.02715     1.6292     97.750      1.830  48896.566    30.7454     7.6499      1.813    6.83970     7.6541    23.9829   12.31762 2.6813e-01 0.0000e+00
        393 302.888808    0.02722     1.6333     98.000      1.833  48904.398    30.7512     7.6516      1.816    6.83918     7.6583    23.9871   12.31669 3.6075e-01 0.0000e+00
        394 302.888811    0.02729     1.6375     98.250      1.858  48916.106    30.7598     7.6543      1.840    6.83837     7.6642    23.9935   12.31525 5.1914e-01 0.0000e+00
        395 302.888814    0.02736     1.6417     98.500      1.901  48930.221    30.7702     7.6585      1.883    6.83725     7.6716    24.0012   12.31326 6.9577e-01 0.0000e+00
        396 302.888817    0.02743     1.6458     98.750      1.955  48944.742    30.7812     7.6644      1.937    6.83583     7.6801    24.0090   12.31078 8.3247e-01 0.0000e+00
        397 302.888819    0.02750     1.6500     99.000      2.010  48959.029    30.7923     7.6718      1.991    6.83418     7.6891    24.0167   12.30791 9.6033e-01 0.0000e+00
        398 302.888822    0.02757     1.6542     99.250      2.055  48970.863    30.8019     7.6803      2.036    6.83242     7.6974    24.0230   12.30488 1.0671e+00 0.0000e+00
        399 302.888825    0.02764     1.6583     99.500      2.082  48976.521    30.8073     7.6893      2.062    6.83078     7.7038    24.0260   12.30210 1.0821e+00 0.0000e+00
        400 302.888828    0.02771     1.6625     99.750      2.085  48973.920    30.8068     7.6976      2.066    6.82951     7.7073    24.0245   12.30000 1.0433e+00 0.0000e+00
        401 302.888831    0.02778     1.6667    100.000      2.065  48963.965    30.8009     7.7040      2.046    6.82878     7.7081    24.0190   12.29887 9.6020e-01 0.0000e+00
        402 302.888834    0.02785     1.6708    100.250      2.025  48952.358    30.7934     7.7075      2.006    6.82856     7.7072    24.0126   12.29860 7.7853e-01 0.0000e+00
        403 302.888837    0.02792     1.6750    100.500      1.971  48944.647    30.7881     7.7083      1.953    6.82867     7.7053    24.0084   12.29885 5.5841e-01 0.0000e+00
        404 302.888840    0.02799     1.6792    100.750      1.912  48939.517    30.7844     7.7073      1.895    6.82899     7.7027    24.0056   12.29942 3.9035e-01 0.0000e+00
        405 302.888843    0.02806     1.6833    101.000      1.858  48933.493    30.7800     7.7054      1.841    6.82948     7.6996    24.0024   12.30029 2.9500e-01 0.0000e+00
        406 302.888845    0.02813     1.6875    101.250      1.816  48926.479    30.7747     7.7029      1.799    6.83012     7.6960    23.9986   12.30140 2.6242e-01 0.0000e+00
        407 302.888848    0.02819     1.6917    101.500      1.790  48920.188    30.7698     7.6997      1.774    6.83083     7.6924    23.9952   12.30264 2.8360e-01 0.0000e+00
        408 302.888851    0.02826     1.6958    101.750      1.786  48915.702    30.7662     7.6961      1.770    6.83155     7.6890    23.9928   12.30388 3.5984e-01 0.0000e+00
        409 302.888854    0.02833     1.7000    102.000      1.806  48913.080    30.7638     7.6925      1.789    6.83223     7.6860    23.9914   12.30503 5.0544e-01 0.0000e+00
        410 302.888857    0.02840     1.7042    102.250      1.849  48912.356    30.7627     7.6891      1.831    6.83280     7.6838    23.9910   12.30600 6.9755e-01 0.0000e+00
        411 302.888860    0.02847     1.7083    102.500      1.910  48913.491    30.7630     7.6862      1.892    6.83324     7.6824    23.9917   12.30672 8.9901e-01 0.0000e+00
        412 302.888863    0.02854     1.7125    102.750      1.985  48915.202    30.7638     7.6840      1.966    6.83355     7.6815    23.9926   12.30722 1.0822e+00 0.0000e+00
        413 302.888866    0.02861     1.7167    103.000      2.063  48916.510    30.7644     7.6826      2.043    6.83374     7.6809    23.9933   12.30753 1.2082e+00 0.0000e+00
        414 302.888869    0.02868     1.7208    103.250      2.135  48916.696    30.7644     7.6817      2.115    6.83387     7.6800    23.9934   12.30775 1.2706e+00 0.0000e+00
        415 302.888872    0.02875     1.7250    103.500      2.192  48913.943    30.7624     7.6811      2.172    6.83407     7.6784    23.9919   12.30810 1.2763e+00 0.0000e+00
        416 302.888874    0.02882     1.7292    103.750      2.229  48908.869    30.7587     7.6802      2.209    6.83438     7.6764    23.9891   12.30866 1.2290e+00 0.0000e+00
        417 302.888877    0.02889     1.7333    104.000      2.244  48905.322    30.7560     7.6786      2.223    6.83475     7.6745    23.9872   12.30931 1.1067e+00 0.0000e+00
        418 302.888880    0.02896     1.7375    104.250      2.235  48905.783    30.7560     7.6766      2.214    6.83507     7.6734    23.9875   12.30983 9.3286e-01 0.0000e+00
        419 302.888883    0.02903     1.7417    104.500      2.211  48908.837    30.7578     7.6747      2.190    6.83527     7.6729    23.9892   12.31014 7.4724e-01 0.0000e+00
        420 302.888886    0.02910     1.7458    104.750      2.184  48912.038    30.7598     7.6736      2.164    6.83535     7.6730    23.9909   12.31025 5.4802e-01 0.0000e+00
        421 302.888889    0.02917     1.7500    105.000      2.173  48915.175    30.7620     7.6731      2.152    6.83533     7.6735    23.9926   12.31018 3.8283e-01 0.0000e+00
        422 302.888892    0.02924     1.7542    105.250      2.194  48917.998    30.7639     7.6732      2.173    6.83522     7.6740    23.9942   12.30999 2.9120e-01 0.0000e+00
        423 302.888895    0.02931     1.7583    105.500      2.261  48919.217    30.7648     7.6737      2.239    6.83511     7.6747    23.9948   12.30978 2.6548e-01 0.0000e+00
        424 302.888898    0.02937     1.7625    105.750      2.383  48922.226    30.7670     7.6743      2.361    6.83493     7.6770    23.9964   12.30946 2.9949e-01 0.0000e+00
        425 302.888900    0.02944     1.7667    106.000      2.562  48935.424    30.7762     7.6750      2.538    6.83441     7.6830    24.0036   12.30849 3.5956e-01 0.0000e+00
        426 302.888903    0.02951     1.7708    106.250      2.790  48963.399    30.7959     7.6773      2.764    6.83317     7.6940    24.0187   12.30619 3.9199e-01 0.0000e+00
        427 302.888906    0.02958     1.7750    106.500      3.051  49000.206    30.8224     7.6834      3.022    6.83104     7.7085    24.0387   12.30234 3.9931e-01 0.0000e+00
        428 302.888909    0.02965     1.7792    106.750      3.318  49028.962    30.8440     7.6944      3.287    6.82835     7.7229    24.0542   12.29762 4.0839e-01 0.0000e+00
        429 302.888912    0.02972     1.7833    107.000      3.565  49039.402    30.8535     7.7089      3.532    6.82568     7.7352    24.0597   12.29308 4.1735e-01 0.0000e+00
        430 302.888915    0.02979     1.7875    107.250      3.776  49039.772    30.8560     7.7233      3.741    6.82332     7.7450    24.0596   12.28914 4.2272e-01 0.0000e+00
        431 302.888918    0.02986     1.7917    107.500      3.943  49038.477    30.8569     7.7356      3.906    6.82136     7.7527    24.0587   12.28589 4.3367e-01 0.0000e+00
        432 302.888921    0.02993     1.7958    107.750      4.069  49036.577    30.8571     7.7454      4.031    6.81983     7.7586    24.0574   12.28335 4.2573e-01 0.0000e+00
        433 302.888924    0.03000     1.8000    108.000      4.162  49035.658    30.8576     7.7531      4.123    6.81861     7.7633    24.0568   12.28134 3.6577e-01 0.0000e+00
        434 302.888927    0.03007     1.8042    108.250      4.234  49036.115    30.8589     7.7590      4.194    6.81764     7.7673    24.0570   12.27972 2.8437e-01 0.0000e+00
        435 302.888929    0.03014     1.8083    108.500      4.298  49038.065    30.8609     7.7637      4.258    6.81681     7.7714    24.0580   12.27832 2.1935e-01 0.0000e+00
        436 302.888932    0.03021     1.8125    108.750      4.371  49043.399    30.8653     7.7678      4.330    6.81599     7.7759    24.0608   12.27690 1.7618e-01 0.0000e+00
        437 302.888935    0.03028     1.8167    109.000      4.467  49051.507    30.8715     7.7718      4.425    6.81508     7.7811    24.0651   12.27532 1.5486e-01 0.0000e+00
        438 302.888938    0.03035     1.8208    109.250      4.595  49061.102    30.8789     7.7763      4.552    6.81405     7.7869    24.0703   12.27352 1.5299e-01 0.0000e+00
        439 302.888941    0.03042     1.8250    109.500      4.760  49071.483    30.8869     7.7815      4.715    6.81288     7.7930    24.0758   12.27150 1.6907e-01 0.0000e+00
        440 302.888944    0.03049     1.8292    109.750      4.956  49080.208    30.8938     7.7874      4.910    6.81167     7.7990    24.0804   12.26941 2.0406e-01 0.0000e+00
        441 302.888947    0.03056     1.8333    110.000      5.172  49086.367    30.8989     7.7935      5.124    6.81049     7.8045    24.0836   12.26739 2.5393e-01 0.0000e+00
        442 302.888950    0.03062     1.8375    110.250      5.395  49089.880    30.9022     7.7995      5.345    6.80941     7.8089    24.0854   12.26556 2.8899e-01 0.0000e+00
        443 302.888953    0.03069     1.8417    110.500      5.612  49089.057    30.9024     7.8050      5.559    6.80855     7.8118    24.0848   12.26414 2.8718e-01 0.0000e+00
        444 302.888955    0.03076     1.8458    110.750      5.810  49084.363    30.8997     7.8094      5.756    6.80798     7.8132    24.0821   12.26323 2.6987e-01 0.0000e+00
        445 302.888958    0.03083     1.8500    111.000      5.984  49079.092    30.8964     7.8124      5.928    6.80767     7.8136    24.0791   12.26276 2.5095e-01 0.0000e+00
        446 302.888961    0.03090     1.8542    111.250      6.129  49076.002    30.8944     7.8138      6.071    6.80754     7.8138    24.0773   12.26257 2.2916e-01 0.0000e+00
        447 302.888964    0.03097     1.8583    111.500      6.246  49075.985    30.8944     7.8142      6.188    6.80747     7.8142    24.0773   12.26245 2.0556e-01 0.0000e+00
        448 302.888967    0.03104     1.8625    111.750      6.343  49078.394    30.8961     7.8144      6.284    6.80737     7.8151    24.0786   12.26227 1.7623e-01 0.0000e+00
        449 302.888970    0.03111     1.8667    112.000      6.429  49082.229    30.8988     7.8148      6.369    6.80719     7.8165    24.0806   12.26193 1.4389e-01 0.0000e+00
        450 302.888973    0.03118     1.8708    112.250      6.517  49086.785    30.9021     7.8157      6.456    6.80690     7.8185    24.0831   12.26141 1.1472e-01 0.0000e+00
        451 302.888976    0.03125     1.8750    112.500      6.619  49091.265    30.9054     7.8172      6.557    6.80653     7.8207    24.0855   12.26075 9.1831e-02 0.0000e+00
