CTD-processing/allCTD/CNV--turbid/2012_05-03_t6_s10_cast054.cnv
* Sea-Bird SBE19plus Data File:
* FileName = C:\Documents and Settings\glenn.seaman\My Documents\KHolderied-files\CTD-DATA-FILES\2012-05-LTM-LowerCookInlet-CTD\Transect6-2012-05-Douglas\2012-05-03-04-LTM-Tran6-cast054.hex
* Software Version 1.59
* Temperature SN =  5028
* Conductivity SN =  5028
* System UpLoad Time = May 31 2012 02:26:32
** LTM Transect6- Pt Adam to Cape Douglas
** Date: 05-03
** Station: 6-10
** Start time (AKDT-24hr): 20:06
** Depth (m): 97
** check sta no, add time/z from log
# nquan = 16
# nvalues = 610                         
# units = specified
# name 0 = scan: Scan Count
# name 1 = timeJ: Julian Days
# name 2 = timeH: Time, Elapsed [hours]
# name 3 = timeM: Time, Elapsed [minutes]
# name 4 = timeS: Time, Elapsed [seconds]
# name 5 = prdM: Pressure, Strain Gauge [db]
# name 6 = specc: Specific Conductance [uS/cm]
# name 7 = sal00: Salinity, Practical [PSU]
# name 8 = tv290C: Temperature [ITS-90, deg C]
# name 9 = depSM: Depth [salt water, m], lat = 59.00
# name 10 = oxsolML/L: Oxygen Saturation, Garcia & Gordon [ml/l]
# name 11 = potemp090C: Potential Temperature [ITS-90, deg C]
# name 12 = sigma-é00: Density [sigma-theta, kg/m^3]
# name 13 = n2satML/L: Nitrogen Saturation [ml/l]
# name 14 = par: PAR/Irradiance, Biospherical/Licor [umol photons/m^2/sec]
# name 15 = flag:  0.000e+00
# span 0 =          1,        610       
# span 1 = 124.837639, 124.839401       
# span 2 =    0.00000,    0.04229       
# span 3 =     0.0000,     2.5375       
# span 4 =      0.000,    152.250       
# span 5 =     -0.131,     95.098       
# span 6 =   1014.836,  51570.174       
# span 7 =     0.4881,    32.0027       
# span 8 =     3.8719,     4.7755       
# span 9 =     -0.130,     94.187       
# span 10 =    7.25550,    9.16455      
# span 11 =     3.8733,     4.7688      
# span 12 =     0.3678,    25.3245      
# span 13 =   12.98886,   16.62878      
# span 14 = 3.7490e-02, 7.8357e+01      
# span 15 = 0.0000e+00, 0.0000e+00      
# interval = seconds: 0.25
# start_time = May 03 2012 20:06:12 [Instrument's time stamp, header]
# bad_flag = -9.990e-29
*END*
[from data line 362]
        363 124.838686    0.02514     1.5083     90.500     25.670  51235.686    31.7880     4.6881     25.428    7.28123     4.6861    25.1630   13.03411 6.7951e-01 0.0000e+00
        364 124.838689    0.02521     1.5125     90.750     25.896  51235.604    31.7878     4.6880     25.652    7.28126     4.6859    25.1629   13.03416 6.6178e-01 0.0000e+00
        365 124.838692    0.02528     1.5167     91.000     26.123  51235.722    31.7878     4.6879     25.877    7.28129     4.6857    25.1628   13.03421 6.4432e-01 0.0000e+00
        366 124.838695    0.02535     1.5208     91.250     26.358  51236.271    31.7880     4.6877     26.110    7.28131     4.6855    25.1630   13.03424 6.2662e-01 0.0000e+00
        367 124.838698    0.02542     1.5250     91.500     26.605  51237.223    31.7885     4.6875     26.355    7.28132     4.6855    25.1634   13.03424 6.0852e-01 0.0000e+00
        368 124.838701    0.02549     1.5292     91.750     26.867  51238.572    31.7893     4.6874     26.614    7.28130     4.6856    25.1640   13.03420 5.9010e-01 0.0000e+00
        369 124.838704    0.02556     1.5333     92.000     27.140  51240.209    31.7902     4.6874     26.884    7.28125     4.6856    25.1648   13.03411 5.7165e-01 0.0000e+00
        370 124.838707    0.02562     1.5375     92.250     27.417  51241.682    31.7911     4.6874     27.159    7.28120     4.6857    25.1655   13.03402 5.5373e-01 0.0000e+00
        371 124.838709    0.02569     1.5417     92.500     27.694  51242.698    31.7917     4.6875     27.434    7.28116     4.6857    25.1659   13.03394 5.3679e-01 0.0000e+00
        372 124.838712    0.02576     1.5458     92.750     27.966  51243.483    31.7921     4.6876     27.703    7.28112     4.6856    25.1663   13.03387 5.2101e-01 0.0000e+00
        373 124.838715    0.02583     1.5500     93.000     28.229  51244.440    31.7926     4.6876     27.963    7.28109     4.6854    25.1667   13.03382 5.0634e-01 0.0000e+00
        374 124.838718    0.02590     1.5542     93.250     28.482  51245.636    31.7933     4.6876     28.214    7.28107     4.6850    25.1672   13.03377 4.9252e-01 0.0000e+00
        375 124.838721    0.02597     1.5583     93.500     28.730  51246.855    31.7940     4.6874     28.459    7.28107     4.6845    25.1678   13.03376 4.7919e-01 0.0000e+00
        376 124.838724    0.02604     1.5625     93.750     28.978  51248.034    31.7946     4.6871     28.705    7.28110     4.6839    25.1683   13.03381 4.6597e-01 0.0000e+00
        377 124.838727    0.02611     1.5667     94.000     29.236  51249.310    31.7952     4.6866     28.960    7.28116     4.6834    25.1689   13.03389 4.5236e-01 0.0000e+00
        378 124.838730    0.02618     1.5708     94.250     29.513  51250.665    31.7959     4.6860     29.235    7.28123     4.6829    25.1694   13.03400 4.3796e-01 0.0000e+00
        379 124.838733    0.02625     1.5750     94.500     29.813  51251.858    31.7964     4.6854     29.532    7.28130     4.6826    25.1699   13.03411 4.2277e-01 0.0000e+00
        380 124.838736    0.02632     1.5792     94.750     30.133  51252.749    31.7968     4.6850     29.850    7.28136     4.6824    25.1703   13.03420 4.0712e-01 0.0000e+00
        381 124.838738    0.02639     1.5833     95.000     30.468  51253.374    31.7970     4.6847     30.181    7.28140     4.6823    25.1705   13.03427 3.9156e-01 0.0000e+00
        382 124.838741    0.02646     1.5875     95.250     30.805  51253.783    31.7971     4.6845     30.515    7.28143     4.6822    25.1706   13.03431 3.7676e-01 0.0000e+00
        383 124.838744    0.02653     1.5917     95.500     31.129  51254.045    31.7971     4.6844     30.835    7.28144     4.6822    25.1706   13.03434 3.6337e-01 0.0000e+00
        384 124.838747    0.02660     1.5958     95.750     31.424  51254.221    31.7970     4.6844     31.128    7.28145     4.6822    25.1705   13.03435 3.5200e-01 0.0000e+00
        385 124.838750    0.02667     1.6000     96.000     31.676  51254.362    31.7970     4.6844     31.378    7.28145     4.6823    25.1705   13.03435 3.4306e-01 0.0000e+00
        386 124.838753    0.02674     1.6042     96.250     31.879  51254.476    31.7970     4.6844     31.579    7.28145     4.6823    25.1705   13.03435 3.3662e-01 0.0000e+00
        387 124.838756    0.02681     1.6083     96.500     32.033  51254.518    31.7970     4.6845     31.731    7.28144     4.6824    25.1705   13.03434 3.3236e-01 0.0000e+00
        388 124.838759    0.02688     1.6125     96.750     32.145  51254.509    31.7969     4.6845     31.842    7.28143     4.6824    25.1704   13.03433 3.2959e-01 0.0000e+00
        389 124.838762    0.02694     1.6167     97.000     32.230  51254.518    31.7969     4.6846     31.927    7.28143     4.6824    25.1704   13.03431 3.2743e-01 0.0000e+00
        390 124.838764    0.02701     1.6208     97.250     32.310  51254.607    31.7969     4.6846     32.006    7.28142     4.6824    25.1704   13.03430 3.2491e-01 0.0000e+00
        391 124.838767    0.02708     1.6250     97.500     32.408  51254.789    31.7970     4.6846     32.103    7.28142     4.6824    25.1705   13.03429 3.2125e-01 0.0000e+00
        392 124.838770    0.02715     1.6292     97.750     32.542  51255.019    31.7971     4.6846     32.236    7.28141     4.6824    25.1706   13.03428 3.1595e-01 0.0000e+00
        393 124.838773    0.02722     1.6333     98.000     32.728  51255.236    31.7971     4.6846     32.420    7.28141     4.6824    25.1706   13.03427 3.0875e-01 0.0000e+00
        394 124.838776    0.02729     1.6375     98.250     32.972  51255.415    31.7971     4.6847     32.662    7.28140     4.6824    25.1706   13.03426 2.9971e-01 0.0000e+00
        395 124.838779    0.02736     1.6417     98.500     33.276  51255.621    31.7971     4.6847     32.962    7.28139     4.6823    25.1706   13.03425 2.8911e-01 0.0000e+00
        396 124.838782    0.02743     1.6458     98.750     33.631  51255.936    31.7972     4.6847     33.313    7.28139     4.6822    25.1706   13.03425 2.7747e-01 0.0000e+00
        397 124.838785    0.02750     1.6500     99.000     34.018  51256.319    31.7973     4.6846     33.697    7.28140     4.6821    25.1707   13.03426 2.6548e-01 0.0000e+00
        398 124.838788    0.02757     1.6542     99.250     34.416  51256.675    31.7973     4.6846     34.091    7.28140     4.6820    25.1707   13.03427 2.5399e-01 0.0000e+00
        399 124.838791    0.02764     1.6583     99.500     34.798  51256.949    31.7973     4.6846     34.470    7.28141     4.6818    25.1707   13.03428 2.4375e-01 0.0000e+00
        400 124.838793    0.02771     1.6625     99.750     35.143  51257.071    31.7972     4.6845     34.812    7.28144     4.6815    25.1707   13.03432 2.3520e-01 0.0000e+00
        401 124.838796    0.02778     1.6667    100.000     35.438  51257.149    31.7970     4.6843     35.104    7.28148     4.6810    25.1706   13.03439 2.2845e-01 0.0000e+00
        402 124.838799    0.02785     1.6708    100.250     35.682  51257.465    31.7971     4.6839     35.345    7.28154     4.6807    25.1706   13.03449 2.2336e-01 0.0000e+00
        403 124.838802    0.02792     1.6750    100.500     35.881  51258.068    31.7973     4.6835     35.543    7.28160     4.6804    25.1709   13.03459 2.1948e-01 0.0000e+00
        404 124.838805    0.02799     1.6792    100.750     36.051  51258.750    31.7976     4.6831     35.711    7.28165     4.6801    25.1711   13.03467 2.1629e-01 0.0000e+00
        405 124.838808    0.02806     1.6833    101.000     36.211  51259.319    31.7978     4.6828     35.869    7.28168     4.6800    25.1713   13.03473 2.1323e-01 0.0000e+00
        406 124.838811    0.02813     1.6875    101.250     36.379  51259.715    31.7980     4.6826     36.036    7.28171     4.6798    25.1715   13.03477 2.0983e-01 0.0000e+00
        407 124.838814    0.02819     1.6917    101.500     36.573  51259.893    31.7979     4.6825     36.227    7.28174     4.6796    25.1715   13.03482 2.0575e-01 0.0000e+00
        408 124.838817    0.02826     1.6958    101.750     36.802  51259.923    31.7978     4.6823     36.455    7.28178     4.6795    25.1714   13.03487 2.0088e-01 0.0000e+00
        409 124.838819    0.02833     1.7000    102.000     37.069  51260.022    31.7977     4.6822     36.719    7.28181     4.6793    25.1713   13.03492 1.9533e-01 0.0000e+00
        410 124.838822    0.02840     1.7042    102.250     37.367  51260.251    31.7977     4.6820     37.015    7.28183     4.6792    25.1713   13.03497 1.8934e-01 0.0000e+00
        411 124.838825    0.02847     1.7083    102.500     37.685  51260.574    31.7977     4.6819     37.329    7.28185     4.6791    25.1714   13.03500 1.8319e-01 0.0000e+00
        412 124.838828    0.02854     1.7125    102.750     38.007  51261.009    31.7979     4.6818     37.648    7.28186     4.6790    25.1715   13.03502 1.7715e-01 0.0000e+00
        413 124.838831    0.02861     1.7167    103.000     38.322  51261.502    31.7980     4.6817     37.961    7.28187     4.6790    25.1716   13.03504 1.7149e-01 0.0000e+00
        414 124.838834    0.02868     1.7208    103.250     38.621  51261.865    31.7981     4.6817     38.257    7.28188     4.6789    25.1717   13.03504 1.6639e-01 0.0000e+00
        415 124.838837    0.02875     1.7250    103.500     38.897  51262.002    31.7981     4.6817     38.530    7.28188     4.6787    25.1716   13.03504 1.6191e-01 0.0000e+00
        416 124.838840    0.02882     1.7292    103.750     39.146  51262.102    31.7980     4.6816     38.777    7.28189     4.6784    25.1716   13.03505 1.5804e-01 0.0000e+00
        417 124.838843    0.02889     1.7333    104.000     39.371  51262.403    31.7980     4.6815     39.000    7.28192     4.6780    25.1717   13.03510 1.5468e-01 0.0000e+00
        418 124.838845    0.02896     1.7375    104.250     39.577  51262.964    31.7982     4.6811     39.203    7.28196     4.6775    25.1719   13.03518 1.5173e-01 0.0000e+00
        419 124.838848    0.02903     1.7417    104.500     39.769  51263.717    31.7986     4.6807     39.393    7.28202     4.6772    25.1722   13.03527 1.4905e-01 0.0000e+00
        420 124.838851    0.02910     1.7458    104.750     39.954  51264.531    31.7989     4.6803     39.577    7.28208     4.6770    25.1725   13.03536 1.4652e-01 0.0000e+00
        421 124.838854    0.02917     1.7500    105.000     40.141  51265.253    31.7993     4.6800     39.762    7.28212     4.6770    25.1728   13.03543 1.4402e-01 0.0000e+00
        422 124.838857    0.02924     1.7542    105.250     40.334  51265.768    31.7995     4.6798     39.953    7.28214     4.6771    25.1730   13.03545 1.4147e-01 0.0000e+00
        423 124.838860    0.02931     1.7583    105.500     40.536  51266.019    31.7996     4.6798     40.153    7.28213     4.6773    25.1731   13.03544 1.3884e-01 0.0000e+00
        424 124.838863    0.02937     1.7625    105.750     40.750  51266.018    31.7995     4.6800     40.366    7.28212     4.6774    25.1730   13.03541 1.3611e-01 0.0000e+00
        425 124.838866    0.02944     1.7667    106.000     40.980  51265.855    31.7993     4.6801     40.592    7.28209     4.6775    25.1729   13.03538 1.3323e-01 0.0000e+00
        426 124.838869    0.02951     1.7708    106.250     41.224  51265.698    31.7991     4.6803     40.834    7.28207     4.6775    25.1727   13.03535 1.3022e-01 0.0000e+00
        427 124.838872    0.02958     1.7750    106.500     41.483  51265.650    31.7990     4.6804     41.091    7.28207     4.6775    25.1726   13.03534 1.2710e-01 0.0000e+00
        428 124.838874    0.02965     1.7792    106.750     41.755  51265.627    31.7988     4.6804     41.361    7.28207     4.6773    25.1725   13.03535 1.2391e-01 0.0000e+00
        429 124.838877    0.02972     1.7833    107.000     42.040  51265.579    31.7986     4.6803     41.643    7.28208     4.6771    25.1723   13.03537 1.2070e-01 0.0000e+00
        430 124.838880    0.02979     1.7875    107.250     42.336  51265.581    31.7984     4.6802     41.936    7.28211     4.6770    25.1722   13.03542 1.1749e-01 0.0000e+00
        431 124.838883    0.02986     1.7917    107.500     42.640  51265.731    31.7984     4.6801     42.237    7.28214     4.6768    25.1722   13.03547 1.1433e-01 0.0000e+00
        432 124.838886    0.02993     1.7958    107.750     42.949  51265.962    31.7983     4.6799     42.543    7.28217     4.6766    25.1722   13.03552 1.1125e-01 0.0000e+00
        433 124.838889    0.03000     1.8000    108.000     43.257  51266.058    31.7982     4.6798     42.848    7.28220     4.6763    25.1721   13.03557 1.0829e-01 0.0000e+00
        434 124.838892    0.03007     1.8042    108.250     43.560  51266.053    31.7980     4.6796     43.149    7.28224     4.6759    25.1719   13.03565 1.0548e-01 0.0000e+00
        435 124.838895    0.03014     1.8083    108.500     43.854  51266.280    31.7980     4.6793     43.440    7.28230     4.6757    25.1719   13.03574 1.0288e-01 0.0000e+00
        436 124.838898    0.03021     1.8125    108.750     44.135  51266.871    31.7982     4.6790     43.718    7.28235     4.6757    25.1721   13.03581 1.0050e-01 0.0000e+00
        437 124.838900    0.03028     1.8167    109.000     44.401  51267.509    31.7984     4.6788     43.981    7.28237     4.6758    25.1723   13.03585 9.8343e-02 0.0000e+00
        438 124.838903    0.03035     1.8208    109.250     44.651  51267.859    31.7985     4.6788     44.229    7.28237     4.6760    25.1724   13.03584 9.6382e-02 0.0000e+00
        439 124.838906    0.03042     1.8250    109.500     44.889  51267.970    31.7985     4.6789     44.464    7.28234     4.6761    25.1724   13.03580 9.4570e-02 0.0000e+00
        440 124.838909    0.03049     1.8292    109.750     45.118  51268.043    31.7985     4.6791     44.691    7.28231     4.6763    25.1724   13.03575 9.2860e-02 0.0000e+00
        441 124.838912    0.03056     1.8333    110.000     45.344  51268.108    31.7985     4.6792     44.914    7.28228     4.6764    25.1723   13.03570 9.1222e-02 0.0000e+00
        442 124.838915    0.03062     1.8375    110.250     45.570  51268.147    31.7984     4.6794     45.139    7.28225     4.6766    25.1723   13.03566 8.9616e-02 0.0000e+00
        443 124.838918    0.03069     1.8417    110.500     45.802  51268.191    31.7984     4.6796     45.368    7.28222     4.6767    25.1722   13.03561 8.8010e-02 0.0000e+00
        444 124.838921    0.03076     1.8458    110.750     46.041  51268.212    31.7983     4.6797     45.605    7.28220     4.6765    25.1721   13.03557 8.6390e-02 0.0000e+00
        445 124.838924    0.03083     1.8500    111.000     46.290  51268.310    31.7983     4.6798     45.852    7.28219     4.6762    25.1721   13.03555 8.4748e-02 0.0000e+00
        446 124.838927    0.03090     1.8542    111.250     46.550  51268.638    31.7983     4.6797     46.110    7.28220     4.6757    25.1722   13.03557 8.3077e-02 0.0000e+00
        447 124.838929    0.03097     1.8583    111.500     46.823  51269.171    31.7985     4.6794     46.380    7.28225     4.6750    25.1723   13.03564 8.1373e-02 0.0000e+00
        448 124.838932    0.03104     1.8625    111.750     47.106  51269.811    31.7987     4.6790     46.660    7.28232     4.6741    25.1725   13.03577 7.9674e-02 0.0000e+00
        449 124.838935    0.03111     1.8667    112.000     47.397  51270.426    31.7988     4.6783     46.948    7.28243     4.6727    25.1727   13.03595 7.8021e-02 0.0000e+00
        450 124.838938    0.03118     1.8708    112.250     47.691  51270.895    31.7988     4.6774     47.240    7.28260     4.6708    25.1728   13.03622 7.6413e-02 0.0000e+00
        451 124.838941    0.03125     1.8750    112.500     47.987  51271.445    31.7987     4.6761     47.532    7.28283     4.6686    25.1729   13.03661 7.4859e-02 0.0000e+00
