CTD-processing/allCTD/CNV--turbid/2012_05-31a_t9_s09a_cast010.cnv
* Sea-Bird SBE19plus Data File:
* FileName = C:\Documents and Settings\kris.holderied.local\My Documents\2012-KBRR-CTD-Kachemak-Bay\2012-KBRR-CTD-cast010.hex
* Software Version 1.54
* Temperature SN =  4141
* Conductivity SN =  4141
* System UpLoad Time = Jul 24 2012 20:06:39
** Kachemak Bay - Homer Spit Line CTD Survey
** Date:  2012-xx-xx   xxxx Tide (x of 2 lines)
** Station: 9-9
** Start time (AKDT-24 hr): 12:57
** Depth (m): 82.9
** Comments: CTD time set wrong by 1 hour
# nquan = 16
# nvalues = 573                         
# units = specified
# name 0 = scan: Scan Count
# name 1 = timeJ: Julian Days
# name 2 = timeH: Time, Elapsed [hours]
# name 3 = timeM: Time, Elapsed [minutes]
# name 4 = timeS: Time, Elapsed [seconds]
# name 5 = prdM: Pressure, Strain Gauge [db]
# name 6 = specc: Specific Conductance [uS/cm]
# name 7 = sal00: Salinity, Practical [PSU]
# name 8 = tv290C: Temperature [ITS-90, deg C]
# name 9 = depSM: Depth [salt water, m], lat = 59.00
# name 10 = oxsolML/L: Oxygen Saturation, Garcia & Gordon [ml/l]
# name 11 = potemp090C: Potential Temperature [ITS-90, deg C]
# name 12 = sigma-é00: Density [sigma-theta, kg/m^3]
# name 13 = n2satML/L: Nitrogen Saturation [ml/l]
# name 14 = par: PAR/Irradiance, Biospherical/Licor
# name 15 = flag:  0.000e+00
# span 0 =          1,        573       
# span 1 = 152.583808, 152.585463       
# span 2 =    0.00000,    0.03972       
# span 3 =     0.0000,     2.3833       
# span 4 =      0.000,    143.000       
# span 5 =     -0.182,     76.491       
# span 6 =   2100.895,  51232.483       
# span 7 =     1.0484,    31.7182       
# span 8 =     4.4956,     8.4223       
# span 9 =     -0.180,     75.761       
# span 10 =    6.76244,    8.40632      
# span 11 =     4.4904,     8.4222      
# span 12 =     0.7301,    25.1273      
# span 13 =   12.20152,   15.34776      
# span 14 = 3.7599e-02, 6.5067e+02      
# span 15 = 0.0000e+00, 0.0000e+00      
# interval = seconds: 0.25
# start_time = May 31 2012 14:00:41 [Instrument's time stamp, header]
# bad_flag = -9.990e-29
*END*
[from data line 91]
         92 152.584071    0.00632     0.3792     22.750      0.853  47304.777    29.7489     8.3865      0.845    6.76996     8.3928    23.0988   12.21456 2.9462e+02 0.0000e+00
         93 152.584074    0.00639     0.3833     23.000      0.870  47306.401    29.7504     8.3897      0.862    6.76941     8.3955    23.0996   12.21362 2.9323e+02 0.0000e+00
         94 152.584077    0.00646     0.3875     23.250      0.887  47305.500    29.7502     8.3929      0.879    6.76892     8.3972    23.0990   12.21282 2.9382e+02 0.0000e+00
         95 152.584080    0.00653     0.3917     23.500      0.896  47303.084    29.7489     8.3956      0.888    6.76856     8.3975    23.0975   12.21224 2.9447e+02 0.0000e+00
         96 152.584083    0.00660     0.3958     23.750      0.894  47301.027    29.7477     8.3973      0.886    6.76836     8.3966    23.0963   12.21192 2.9507e+02 0.0000e+00
         97 152.584086    0.00667     0.4000     24.000      0.881  47300.957    29.7477     8.3976      0.873    6.76831     8.3949    23.0963   12.21184 2.9640e+02 0.0000e+00
         98 152.584089    0.00674     0.4042     24.250      0.864  47303.328    29.7492     8.3966      0.856    6.76839     8.3931    23.0976   12.21195 2.9862e+02 0.0000e+00
         99 152.584091    0.00681     0.4083     24.500      0.848  47307.027    29.7516     8.3949      0.840    6.76855     8.3917    23.0997   12.21219 3.0112e+02 0.0000e+00
        100 152.584094    0.00688     0.4125     24.750      0.840  47310.284    29.7536     8.3931      0.832    6.76874     8.3909    23.1016   12.21248 3.0226e+02 0.0000e+00
        101 152.584097    0.00694     0.4167     25.000      0.842  47312.162    29.7547     8.3917      0.834    6.76890     8.3904    23.1026   12.21273 3.0041e+02 0.0000e+00
        102 152.584100    0.00701     0.4208     25.250      0.852  47312.867    29.7551     8.3909      0.844    6.76900     8.3900    23.1030   12.21290 2.9669e+02 0.0000e+00
        103 152.584103    0.00708     0.4250     25.500      0.866  47313.198    29.7552     8.3905      0.858    6.76907     8.3893    23.1032   12.21300 2.9424e+02 0.0000e+00
        104 152.584106    0.00715     0.4292     25.750      0.882  47313.994    29.7557     8.3900      0.874    6.76912     8.3883    23.1037   12.21308 2.9462e+02 0.0000e+00
        105 152.584109    0.00722     0.4333     26.000      0.896  47315.430    29.7566     8.3894      0.888    6.76918     8.3869    23.1045   12.21317 2.9581e+02 0.0000e+00
        106 152.584112    0.00729     0.4375     26.250      0.908  47316.930    29.7575     8.3884      0.900    6.76930     8.3853    23.1053   12.21335 2.9546e+02 0.0000e+00
        107 152.584115    0.00736     0.4417     26.500      0.915  47317.877    29.7580     8.3870      0.907    6.76948     8.3835    23.1059   12.21365 2.9425e+02 0.0000e+00
        108 152.584117    0.00743     0.4458     26.750      0.914  47318.317    29.7580     8.3854      0.906    6.76973     8.3817    23.1061   12.21405 2.9403e+02 0.0000e+00
        109 152.584120    0.00750     0.4500     27.000      0.905  47319.249    29.7584     8.3836      0.897    6.76999     8.3800    23.1067   12.21448 2.9476e+02 0.0000e+00
        110 152.584123    0.00757     0.4542     27.250      0.889  47321.892    29.7600     8.3818      0.881    6.77019     8.3783    23.1082   12.21480 2.9543e+02 0.0000e+00
        111 152.584126    0.00764     0.4583     27.500      0.875  47326.203    29.7628     8.3801      0.867    6.77033     8.3768    23.1106   12.21500 2.9532e+02 0.0000e+00
        112 152.584129    0.00771     0.4625     27.750      0.871  47330.793    29.7658     8.3784      0.862    6.77046     8.3756    23.1132   12.21517 2.9274e+02 0.0000e+00
        113 152.584132    0.00778     0.4667     28.000      0.880  47334.230    29.7680     8.3769      0.872    6.77059     8.3748    23.1151   12.21536 2.8767e+02 0.0000e+00
        114 152.584135    0.00785     0.4708     28.250      0.904  47335.641    29.7688     8.3757      0.895    6.77074     8.3741    23.1159   12.21560 2.8350e+02 0.0000e+00
        115 152.584138    0.00792     0.4750     28.500      0.936  47334.604    29.7679     8.3749      0.927    6.77091     8.3733    23.1154   12.21589 2.8160e+02 0.0000e+00
        116 152.584141    0.00799     0.4792     28.750      0.965  47331.275    29.7654     8.3742      0.956    6.77112     8.3723    23.1136   12.21626 2.8035e+02 0.0000e+00
        117 152.584144    0.00806     0.4833     29.000      0.983  47326.792    29.7622     8.3734      0.974    6.77138     8.3712    23.1111   12.21674 2.7958e+02 0.0000e+00
        118 152.584146    0.00813     0.4875     29.250      0.984  47323.446    29.7598     8.3723      0.974    6.77164     8.3703    23.1093   12.21721 2.8094e+02 0.0000e+00
        119 152.584149    0.00819     0.4917     29.500      0.969  47324.041    29.7600     8.3712      0.959    6.77180     8.3695    23.1097   12.21747 2.8472e+02 0.0000e+00
        120 152.584152    0.00826     0.4958     29.750      0.945  47328.751    29.7632     8.3703      0.936    6.77181     8.3688    23.1123   12.21744 2.8855e+02 0.0000e+00
        121 152.584155    0.00833     0.5000     30.000      0.923  47334.174    29.7668     8.3696      0.915    6.77176     8.3678    23.1153   12.21731 2.8958e+02 0.0000e+00
        122 152.584158    0.00840     0.5042     30.250      0.913  47337.460    29.7690     8.3688      0.905    6.77178     8.3668    23.1171   12.21731 2.8647e+02 0.0000e+00
        123 152.584161    0.00847     0.5083     30.500      0.920  47337.637    29.7690     8.3679      0.912    6.77192     8.3655    23.1172   12.21754 2.8115e+02 0.0000e+00
        124 152.584164    0.00854     0.5125     30.750      0.943  47334.004    29.7663     8.3669      0.935    6.77219     8.3638    23.1153   12.21803 2.7703e+02 0.0000e+00
        125 152.584167    0.00861     0.5167     31.000      0.976  47325.626    29.7603     8.3656      0.967    6.77265     8.3613    23.1107   12.21887 2.7498e+02 0.0000e+00
        126 152.584170    0.00868     0.5208     31.250      1.007  47311.690    29.7504     8.3639      0.998    6.77335     8.3580    23.1032   12.22015 2.7445e+02 0.0000e+00
        127 152.584172    0.00875     0.5250     31.500      1.028  47295.117    29.7385     8.3614      1.018    6.77425     8.3533    23.0942   12.22179 2.7518e+02 0.0000e+00
        128 152.584175    0.00882     0.5292     31.750      1.033  47283.249    29.7297     8.3581      1.024    6.77515     8.3471    23.0879   12.22339 2.7700e+02 0.0000e+00
        129 152.584178    0.00889     0.5333     32.000      1.023  47281.558    29.7279     8.3534      1.014    6.77595     8.3406    23.0871   12.22474 2.7987e+02 0.0000e+00
        130 152.584181    0.00896     0.5375     32.250      1.004  47291.087    29.7337     8.3472      0.995    6.77665     8.3361    23.0925   12.22582 2.8328e+02 0.0000e+00
        131 152.584184    0.00903     0.5417     32.500      0.987  47308.755    29.7450     8.3407      0.977    6.77715     8.3348    23.1023   12.22651 2.8567e+02 0.0000e+00
        132 152.584187    0.00910     0.5458     32.750      0.978  47327.380    29.7573     8.3361      0.969    6.77730     8.3362    23.1126   12.22661 2.8537e+02 0.0000e+00
        133 152.584190    0.00917     0.5500     33.000      0.981  47339.519    29.7656     8.3349      0.972    6.77714     8.3387    23.1193   12.22624 2.8224e+02 0.0000e+00
        134 152.584193    0.00924     0.5542     33.250      0.996  47340.840    29.7667     8.3363      0.987    6.77687     8.3407    23.1199   12.22577 2.7812e+02 0.0000e+00
        135 152.584196    0.00931     0.5583     33.500      1.017  47330.255    29.7597     8.3388      1.008    6.77679     8.3411    23.1141   12.22573 2.7465e+02 0.0000e+00
        136 152.584198    0.00937     0.5625     33.750      1.039  47311.887    29.7472     8.3408      1.029    6.77703     8.3390    23.1040   12.22629 2.7230e+02 0.0000e+00
        137 152.584201    0.00944     0.5667     34.000      1.055  47294.350    29.7351     8.3412      1.046    6.77751     8.3339    23.0944   12.22724 2.7084e+02 0.0000e+00
        138 152.584204    0.00951     0.5708     34.250      1.064  47283.720    29.7274     8.3391      1.054    6.77818     8.3266    23.0887   12.22843 2.6982e+02 0.0000e+00
        139 152.584207    0.00958     0.5750     34.500      1.063  47281.299    29.7250     8.3340      1.054    6.77906     8.3193    23.0875   12.22993 2.7014e+02 0.0000e+00
        140 152.584210    0.00965     0.5792     34.750      1.055  47285.433    29.7268     8.3267      1.045    6.78009     8.3136    23.0900   12.23161 2.7278e+02 0.0000e+00
        141 152.584213    0.00972     0.5833     35.000      1.041  47293.174    29.7311     8.3194      1.031    6.78102     8.3100    23.0944   12.23309 2.7630e+02 0.0000e+00
        142 152.584216    0.00979     0.5875     35.250      1.024  47302.620    29.7369     8.3137      1.015    6.78164     8.3084    23.0998   12.23406 2.7819e+02 0.0000e+00
        143 152.584219    0.00986     0.5917     35.500      1.010  47312.900    29.7436     8.3101      1.001    6.78190     8.3088    23.1055   12.23440 2.7819e+02 0.0000e+00
        144 152.584222    0.00993     0.5958     35.750      1.003  47322.154    29.7498     8.3085      0.994    6.78187     8.3108    23.1106   12.23427 2.7707e+02 0.0000e+00
        145 152.584225    0.01000     0.6000     36.000      1.005  47326.928    29.7531     8.3089      0.996    6.78167     8.3134    23.1132   12.23390 2.7462e+02 0.0000e+00
        146 152.584227    0.01007     0.6042     36.250      1.015  47324.065    29.7514     8.3109      1.006    6.78144     8.3152    23.1115   12.23353 2.7222e+02 0.0000e+00
        147 152.584230    0.01014     0.6083     36.500      1.029  47312.975    29.7441     8.3135      1.019    6.78136     8.3152    23.1054   12.23349 2.7195e+02 0.0000e+00
        148 152.584233    0.01021     0.6125     36.750      1.041  47298.091    29.7340     8.3153      1.031    6.78152     8.3128    23.0972   12.23389 2.7317e+02 0.0000e+00
        149 152.584236    0.01028     0.6167     37.000      1.047  47286.495    29.7259     8.3153      1.037    6.78187     8.3080    23.0909   12.23457 2.7403e+02 0.0000e+00
        150 152.584239    0.01035     0.6208     37.250      1.046  47282.217    29.7226     8.3129      1.036    6.78239     8.3021    23.0887   12.23547 2.7427e+02 0.0000e+00
        151 152.584242    0.01042     0.6250     37.500      1.039  47286.031    29.7246     8.3081      1.029    6.78305     8.2976    23.0909   12.23654 2.7457e+02 0.0000e+00
        152 152.584245    0.01049     0.6292     37.750      1.029  47296.237    29.7308     8.3022      1.019    6.78368     8.2959    23.0966   12.23750 2.7502e+02 0.0000e+00
        153 152.584248    0.01056     0.6333     38.000      1.020  47308.587    29.7388     8.2977      1.011    6.78402     8.2971    23.1035   12.23798 2.7544e+02 0.0000e+00
        154 152.584251    0.01063     0.6375     38.250      1.015  47317.690    29.7449     8.2960      1.006    6.78402     8.3002    23.1085   12.23789 2.7542e+02 0.0000e+00
        155 152.584253    0.01069     0.6417     38.500      1.014  47318.863    29.7458     8.2972      1.005    6.78378     8.3037    23.1091   12.23749 2.7422e+02 0.0000e+00
        156 152.584256    0.01076     0.6458     38.750      1.016  47310.596    29.7405     8.3003      1.007    6.78354     8.3067    23.1045   12.23716 2.7191e+02 0.0000e+00
        157 152.584259    0.01083     0.6500     39.000      1.018  47296.207    29.7310     8.3038      1.009    6.78343     8.3087    23.0965   12.23708 2.6986e+02 0.0000e+00
        158 152.584262    0.01090     0.6542     39.250      1.018  47281.777    29.7214     8.3068      1.009    6.78339     8.3093    23.0886   12.23714 2.6971e+02 0.0000e+00
        159 152.584265    0.01097     0.6583     39.500      1.016  47271.356    29.7145     8.3088      1.007    6.78338     8.3082    23.0829   12.23722 2.7126e+02 0.0000e+00
        160 152.584268    0.01104     0.6625     39.750      1.014  47266.175    29.7109     8.3093      1.004    6.78346     8.3067    23.0800   12.23739 2.7228e+02 0.0000e+00
        161 152.584271    0.01111     0.6667     40.000      1.013  47266.123    29.7108     8.3083      1.003    6.78362     8.3054    23.0801   12.23766 2.7155e+02 0.0000e+00
        162 152.584274    0.01118     0.6708     40.250      1.015  47269.156    29.7127     8.3067      1.005    6.78378     8.3045    23.0818   12.23790 2.6999e+02 0.0000e+00
        163 152.584277    0.01125     0.6750     40.500      1.021  47271.483    29.7141     8.3055      1.011    6.78391     8.3032    23.0831   12.23809 2.6876e+02 0.0000e+00
        164 152.584280    0.01132     0.6792     40.750      1.028  47269.755    29.7128     8.3046      1.018    6.78411     8.3007    23.0822   12.23844 2.6843e+02 0.0000e+00
        165 152.584282    0.01139     0.6833     41.000      1.033  47264.597    29.7090     8.3033      1.023    6.78448     8.2962    23.0794   12.23910 2.6931e+02 0.0000e+00
        166 152.584285    0.01146     0.6875     41.250      1.032  47260.493    29.7058     8.3008      1.022    6.78500     8.2894    23.0772   12.24001 2.7102e+02 0.0000e+00
        167 152.584288    0.01153     0.6917     41.500      1.024  47261.156    29.7056     8.2963      1.014    6.78570     8.2809    23.0777   12.24116 2.7256e+02 0.0000e+00
        168 152.584291    0.01160     0.6958     41.750      1.013  47267.593    29.7091     8.2895      1.004    6.78660     8.2724    23.0814   12.24260 2.7409e+02 0.0000e+00
        169 152.584294    0.01167     0.7000     42.000      1.004  47278.821    29.7157     8.2810      0.994    6.78760     8.2651    23.0878   12.24419 2.7612e+02 0.0000e+00
        170 152.584297    0.01174     0.7042     42.250      1.000  47292.784    29.7242     8.2725      0.990    6.78853     8.2596    23.0957   12.24562 2.7739e+02 0.0000e+00
        171 152.584300    0.01181     0.7083     42.500      1.004  47307.034    29.7331     8.2652      0.995    6.78927     8.2562    23.1036   12.24673 2.7611e+02 0.0000e+00
        172 152.584303    0.01188     0.7125     42.750      1.016  47318.418    29.7402     8.2597      1.007    6.78980     8.2542    23.1100   12.24752 2.7313e+02 0.0000e+00
        173 152.584306    0.01194     0.7167     43.000      1.033  47323.928    29.7435     8.2563      1.023    6.79018     8.2525    23.1131   12.24811 2.7090e+02 0.0000e+00
        174 152.584308    0.01201     0.7208     43.250      1.047  47322.830    29.7424     8.2543      1.038    6.79053     8.2496    23.1125   12.24871 2.7069e+02 0.0000e+00
        175 152.584311    0.01208     0.7250     43.500      1.053  47318.301    29.7390     8.2526      1.043    6.79095     8.2444    23.1100   12.24945 2.7220e+02 0.0000e+00
        176 152.584314    0.01215     0.7292     43.750      1.045  47315.706    29.7368     8.2497      1.035    6.79150     8.2366    23.1087   12.25037 2.7459e+02 0.0000e+00
        177 152.584317    0.01222     0.7333     44.000      1.023  47318.669    29.7382     8.2445      1.014    6.79224     8.2279    23.1105   12.25158 2.7730e+02 0.0000e+00
        178 152.584320    0.01229     0.7375     44.250      0.994  47327.953    29.7435     8.2367      0.985    6.79319     8.2208    23.1158   12.25310 2.8071e+02 0.0000e+00
        179 152.584323    0.01236     0.7417     44.500      0.966  47341.639    29.7518     8.2280      0.957    6.79416     8.2169    23.1235   12.25460 2.8484e+02 0.0000e+00
        180 152.584326    0.01243     0.7458     44.750      0.946  47356.126    29.7608     8.2209      0.937    6.79487     8.2174    23.1316   12.25566 2.8673e+02 0.0000e+00
