CTD-processing/allCTD/CNV--turbid/2012-08-15-kbaysubbays-cast024-pea.cnv
* Sea-Bird SBE19plus Data File:
* FileName = C:\Documents and Settings\kris.holderied.local\My Documents\2012-08-15-KBay-inner-subbays\2012-08-15-KBay-inner-subbays-cast024.hex
* Software Version 1.54
* Temperature SN =  5028
* Conductivity SN =  5028
* System UpLoad Time = Aug 23 2012 21:44:44
** Kachemak Bay Sub-bay CTD survey , inner bays
** Date:  2012-08-15
** Station: Peterson Bay A
** Start time (AKDT-24 hr): 1343
** Depth (ft): 184
** Comment: Wind picking up from SW
# nquan = 16
# nvalues = 471                         
# units = specified
# name 0 = scan: Scan Count
# name 1 = timeJ: Julian Days
# name 2 = timeH: Time, Elapsed [hours]
# name 3 = timeM: Time, Elapsed [minutes]
# name 4 = timeS: Time, Elapsed [seconds]
# name 5 = prdM: Pressure, Strain Gauge [db]
# name 6 = specc: Specific Conductance [uS/cm]
# name 7 = sal00: Salinity, Practical [PSU]
# name 8 = tv290C: Temperature [ITS-90, deg C]
# name 9 = depSM: Depth [salt water, m], lat = 59.00
# name 10 = oxsolML/L: Oxygen Saturation, Garcia & Gordon [ml/l]
# name 11 = potemp090C: Potential Temperature [ITS-90, deg C]
# name 12 = sigma-é00: Density [sigma-theta, kg/m^3]
# name 13 = n2satML/L: Nitrogen Saturation [ml/l]
# name 14 = par: PAR/Irradiance, Biospherical/Licor [umol photons/m^2/sec]
# name 15 = flag:  0.000e+00
# span 0 =          1,        471       
# span 1 = 228.571539, 228.572899       
# span 2 =    0.00000,    0.03264       
# span 3 =     0.0000,     1.9583       
# span 4 =      0.000,    117.500       
# span 5 =      0.009,     51.566       
# span 6 =   3668.773,  49261.823       
# span 7 =     1.9217,    31.1492       
# span 8 =     8.7753,    13.1962       
# span 9 =      0.009,     51.077       
# span 10 =    6.19922,    7.34495      
# span 11 =     8.7701,    13.1961      
# span 12 =     0.9186,    24.1389      
# span 13 =   11.29805,   13.54339      
# span 14 = 8.9278e-02, 4.1293e+02      
# span 15 = 0.0000e+00, 0.0000e+00      
# interval = seconds: 0.25
# start_time = Aug 15 2012 13:43:01 [Instrument's time stamp, header]
# bad_flag = -9.990e-29
*END*
[from data line 272]
        273 228.572326    0.01889     1.1333     68.000      0.904  43170.408    27.3522    13.0450      0.895    6.21161    13.0584    20.4684   11.31650 2.2199e+02 0.0000e+00
        274 228.572329    0.01896     1.1375     68.250      0.871  43150.620    27.3387    13.0493      0.863    6.21159    13.0682    20.4572   11.31661 2.2468e+02 0.0000e+00
        275 228.572332    0.01903     1.1417     68.500      0.845  43128.046    27.3236    13.0585      0.837    6.21098    13.0746    20.4438   11.31577 2.2506e+02 0.0000e+00
        276 228.572335    0.01910     1.1458     68.750      0.836  43108.368    27.3105    13.0683      0.829    6.21021    13.0741    20.4318   11.31465 2.2286e+02 0.0000e+00
        277 228.572338    0.01917     1.1500     69.000      0.854  43095.983    27.3023    13.0747      0.846    6.20971    13.0615    20.4243   11.31391 2.1866e+02 0.0000e+00
        278 228.572341    0.01924     1.1542     69.250      0.903  43096.865    27.3028    13.0742      0.895    6.20977    13.0290    20.4247   11.31401 2.1219e+02 0.0000e+00
        279 228.572344    0.01931     1.1583     69.500      0.985  43118.897    27.3171    13.0617      0.976    6.21088    12.9690    20.4381   11.31567 2.0324e+02 0.0000e+00
        280 228.572347    0.01938     1.1625     69.750      1.099  43166.603    27.3479    13.0292      1.088    6.21394    12.8788    20.4678   11.32041 1.9236e+02 0.0000e+00
        281 228.572350    0.01944     1.1667     70.000      1.243  43244.018    27.3973    12.9692      1.232    6.21990    12.7593    20.5171   11.32973 1.8017e+02 0.0000e+00
        282 228.572352    0.01951     1.1708     70.250      1.422  43359.732    27.4712    12.8790      1.409    6.22887    12.6087    20.5907   11.34379 1.6698e+02 0.0000e+00
        283 228.572355    0.01958     1.1750     70.500      1.635  43526.701    27.5784    12.7594      1.620    6.24044    12.4206    20.6954   11.36177 1.5346e+02 0.0000e+00
        284 228.572358    0.01965     1.1792     70.750      1.879  43768.654    27.7354    12.6088      1.862    6.25421    12.1876    20.8442   11.38283 1.4034e+02 0.0000e+00
        285 228.572361    0.01972     1.1833     71.000      2.149  44097.483    27.9498    12.4208      2.129    6.27078    11.9123    21.0441   11.40786 1.2793e+02 0.0000e+00
        286 228.572364    0.01979     1.1875     71.250      2.439  44496.309    28.2090    12.1878      2.416    6.29168    11.6120    21.2864   11.43954 1.1638e+02 0.0000e+00
        287 228.572367    0.01986     1.1917     71.500      2.743  44939.088    28.4947    11.9125      2.717    6.31736    11.3099    21.5564   11.47883 1.0578e+02 0.0000e+00
        288 228.572370    0.01993     1.1958     71.750      3.055  45397.713    28.7883    11.6123      3.026    6.34627    11.0221    21.8367   11.52338 9.6192e+01 0.0000e+00
        289 228.572373    0.02000     1.2000     72.000      3.373  45843.547    29.0718    11.3103      3.342    6.37605    10.7582    22.1091   11.56948 8.7673e+01 0.0000e+00
        290 228.572376    0.02007     1.2042     72.250      3.696  46256.056    29.3323    11.0225      3.662    6.40503    10.5282    22.3607   11.61449 8.0224e+01 0.0000e+00
        291 228.572378    0.02014     1.2083     72.500      4.022  46624.116    29.5631    10.7586      3.984    6.43214    10.3377    22.5848   11.65674 7.3783e+01 0.0000e+00
        292 228.572381    0.02021     1.2125     72.750      4.349  46939.744    29.7599    10.5286      4.308    6.45610    10.1808    22.7764   11.69415 6.8265e+01 0.0000e+00
        293 228.572384    0.02028     1.2167     73.000      4.674  47201.360    29.9224    10.3381      4.630    6.47609    10.0480    22.9346   11.72536 6.3553e+01 0.0000e+00
        294 228.572387    0.02035     1.2208     73.250      4.994  47420.447    30.0584    10.1813      4.947    6.49254     9.9347    23.0664   11.75101 5.9505e+01 0.0000e+00
        295 228.572390    0.02042     1.2250     73.500      5.300  47610.546    30.1765    10.0485      5.251    6.50642     9.8409    23.1800   11.77262 5.6026e+01 0.0000e+00
        296 228.572393    0.02049     1.2292     73.750      5.583  47774.482    30.2781     9.9352      5.531    6.51829     9.7666    23.2776   11.79108 5.3024e+01 0.0000e+00
        297 228.572396    0.02056     1.2333     74.000      5.843  47908.760    30.3610     9.8415      5.788    6.52818     9.7086    23.3574   11.80649 5.0336e+01 0.0000e+00
        298 228.572399    0.02063     1.2375     74.250      6.090  48013.143    30.4252     9.7673      6.033    6.53612     9.6616    23.4193   11.81887 4.7783e+01 0.0000e+00
        299 228.572402    0.02069     1.2417     74.500      6.340  48092.843    30.4739     9.7093      6.280    6.54239     9.6200    23.4666   11.82868 4.5257e+01 0.0000e+00
        300 228.572405    0.02076     1.2458     74.750      6.600  48156.401    30.5126     9.6623      6.538    6.54752     9.5796    23.5042   11.83671 4.2757e+01 0.0000e+00
        301 228.572407    0.02083     1.2500     75.000      6.868  48213.011    30.5470     9.6207      6.804    6.55207     9.5388    23.5377   11.84382 4.0359e+01 0.0000e+00
        302 228.572410    0.02090     1.2542     75.250      7.135  48269.356    30.5813     9.5803      7.068    6.55645     9.4981    23.5708   11.85068 3.8156e+01 0.0000e+00
        303 228.572413    0.02097     1.2583     75.500      7.391  48327.472    30.6168     9.5396      7.322    6.56085     9.4582    23.6049   11.85754 3.6215e+01 0.0000e+00
        304 228.572416    0.02104     1.2625     75.750      7.629  48386.230    30.6527     9.4988      7.557    6.56524     9.4199    23.6393   11.86438 3.4550e+01 0.0000e+00
        305 228.572419    0.02111     1.2667     76.000      7.848  48444.352    30.6882     9.4590      7.774    6.56952     9.3820    23.6733   11.87103 3.3119e+01 0.0000e+00
        306 228.572422    0.02118     1.2708     76.250      8.052  48502.358    30.7238     9.4207      7.977    6.57359     9.3440    23.7072   11.87734 3.1852e+01 0.0000e+00
        307 228.572425    0.02125     1.2750     76.500      8.252  48561.625    30.7604     9.3829      8.175    6.57754     9.3080    23.7416   11.88345 3.0674e+01 0.0000e+00
        308 228.572428    0.02132     1.2792     76.750      8.456  48621.064    30.7970     9.3449      8.377    6.58152     9.2775    23.7761   11.88960 2.9533e+01 0.0000e+00
        309 228.572431    0.02139     1.2833     77.000      8.669  48676.143    30.8307     9.3089      8.588    6.58533     9.2541    23.8081   11.89551 2.8418e+01 0.0000e+00
        310 228.572433    0.02146     1.2875     77.250      8.891  48721.969    30.8587     9.2784      8.808    6.58860     9.2371    23.8347   11.90057 2.7345e+01 0.0000e+00
        311 228.572436    0.02153     1.2917     77.500      9.118  48756.622    30.8798     9.2550      9.033    6.59112     9.2251    23.8548   11.90450 2.6329e+01 0.0000e+00
        312 228.572439    0.02160     1.2958     77.750      9.345  48781.302    30.8948     9.2380      9.258    6.59296     9.2167    23.8691   11.90737 2.5380e+01 0.0000e+00
        313 228.572442    0.02167     1.3000     78.000      9.566  48798.387    30.9051     9.2261      9.477    6.59427     9.2109    23.8790   11.90941 2.4499e+01 0.0000e+00
        314 228.572445    0.02174     1.3042     78.250      9.780  48809.950    30.9120     9.2177      9.689    6.59520     9.2069    23.8857   11.91086 2.3672e+01 0.0000e+00
        315 228.572448    0.02181     1.3083     78.500      9.994  48817.440    30.9164     9.2119      9.901    6.59587     9.2041    23.8900   11.91191 2.2859e+01 0.0000e+00
        316 228.572451    0.02187     1.3125     78.750     10.216  48822.035    30.9190     9.2079     10.120    6.59634     9.2021    23.8926   11.91266 2.2028e+01 0.0000e+00
        317 228.572454    0.02194     1.3167     79.000     10.453  48824.750    30.9204     9.2052     10.355    6.59669     9.2007    23.8942   11.91321 2.1162e+01 0.0000e+00
        318 228.572457    0.02201     1.3208     79.250     10.707  48826.343    30.9212     9.2032     10.607    6.59694     9.1996    23.8951   11.91362 2.0268e+01 0.0000e+00
        319 228.572459    0.02208     1.3250     79.500     10.975  48827.328    30.9216     9.2018     10.873    6.59713     9.1986    23.8956   11.91394 1.9365e+01 0.0000e+00
        320 228.572462    0.02215     1.3292     79.750     11.254  48827.995    30.9218     9.2007     11.149    6.59728     9.1978    23.8959   11.91418 1.8477e+01 0.0000e+00
        321 228.572465    0.02222     1.3333     80.000     11.539  48828.510    30.9219     9.1998     11.431    6.59741     9.1968    23.8962   11.91439 1.7617e+01 0.0000e+00
        322 228.572468    0.02229     1.3375     80.250     11.826  48829.036    30.9220     9.1990     11.715    6.59753     9.1954    23.8964   11.91458 1.6789e+01 0.0000e+00
        323 228.572471    0.02236     1.3417     80.500     12.113  48829.759    30.9222     9.1980     11.999    6.59766     9.1936    23.8967   11.91480 1.5997e+01 0.0000e+00
        324 228.572474    0.02243     1.3458     80.750     12.398  48830.847    30.9227     9.1967     12.281    6.59783     9.1916    23.8973   11.91508 1.5242e+01 0.0000e+00
        325 228.572477    0.02250     1.3500     81.000     12.680  48832.492    30.9235     9.1949     12.561    6.59805     9.1896    23.8982   11.91544 1.4524e+01 0.0000e+00
        326 228.572480    0.02257     1.3542     81.250     12.962  48834.600    30.9246     9.1929     12.840    6.59831     9.1878    23.8994   11.91585 1.3838e+01 0.0000e+00
        327 228.572483    0.02264     1.3583     81.500     13.245  48836.585    30.9256     9.1909     13.121    6.59856     9.1860    23.9005   11.91625 1.3179e+01 0.0000e+00
        328 228.572486    0.02271     1.3625     81.750     13.530  48838.089    30.9263     9.1891     13.404    6.59879     9.1843    23.9013   11.91662 1.2545e+01 0.0000e+00
        329 228.572488    0.02278     1.3667     82.000     13.819  48839.386    30.9268     9.1874     13.690    6.59901     9.1826    23.9020   11.91699 1.1934e+01 0.0000e+00
        330 228.572491    0.02285     1.3708     82.250     14.113  48840.795    30.9275     9.1857     13.981    6.59923     9.1808    23.9028   11.91735 1.1345e+01 0.0000e+00
        331 228.572494    0.02292     1.3750     82.500     14.412  48842.337    30.9282     9.1840     14.277    6.59945     9.1790    23.9036   11.91771 1.0778e+01 0.0000e+00
        332 228.572497    0.02299     1.3792     82.750     14.716  48844.029    30.9290     9.1823     14.578    6.59967     9.1772    23.9045   11.91805 1.0233e+01 0.0000e+00
        333 228.572500    0.02306     1.3833     83.000     15.025  48845.991    30.9300     9.1806     14.884    6.59988     9.1752    23.9056   11.91839 9.7115e+00 0.0000e+00
        334 228.572503    0.02313     1.3875     83.250     15.337  48848.239    30.9312     9.1787     15.193    6.60010     9.1731    23.9068   11.91874 9.2141e+00 0.0000e+00
        335 228.572506    0.02319     1.3917     83.500     15.651  48850.775    30.9326     9.1768     15.504    6.60032     9.1707    23.9082   11.91909 8.7413e+00 0.0000e+00
        336 228.572509    0.02326     1.3958     83.750     15.966  48853.774    30.9343     9.1748     15.816    6.60055     9.1679    23.9098   11.91945 8.2912e+00 0.0000e+00
        337 228.572512    0.02333     1.4000     84.000     16.282  48857.448    30.9364     9.1724     16.129    6.60081     9.1645    23.9118   11.91985 7.8631e+00 0.0000e+00
        338 228.572514    0.02340     1.4042     84.250     16.600  48861.909    30.9390     9.1696     16.444    6.60111     9.1601    23.9143   11.92031 7.4575e+00 0.0000e+00
        339 228.572517    0.02347     1.4083     84.500     16.917  48867.363    30.9422     9.1662     16.758    6.60147     9.1541    23.9173   11.92087 7.0733e+00 0.0000e+00
        340 228.572520    0.02354     1.4125     84.750     17.234  48874.211    30.9463     9.1619     17.072    6.60193     9.1453    23.9212   11.92158 6.7089e+00 0.0000e+00
        341 228.572523    0.02361     1.4167     85.000     17.550  48883.184    30.9516     9.1559     17.385    6.60259     9.1326    23.9263   11.92260 6.3648e+00 0.0000e+00
        342 228.572526    0.02368     1.4208     85.250     17.862  48895.087    30.9587     9.1471     17.694    6.60358     9.1161    23.9331   11.92416 6.0427e+00 0.0000e+00
        343 228.572529    0.02375     1.4250     85.500     18.169  48909.911    30.9672     9.1345     17.998    6.60507     9.0972    23.9417   11.92652 5.7432e+00 0.0000e+00
        344 228.572532    0.02382     1.4292     85.750     18.469  48927.171    30.9770     9.1180     18.295    6.60708     9.0782    23.9519   11.92973 5.4653e+00 0.0000e+00
        345 228.572535    0.02389     1.4333     86.000     18.762  48946.306    30.9877     9.0991     18.586    6.60939     9.0608    23.9631   11.93343 5.2081e+00 0.0000e+00
        346 228.572538    0.02396     1.4375     86.250     19.048  48965.654    30.9985     9.0802     18.869    6.61171     9.0457    23.9745   11.93715 4.9694e+00 0.0000e+00
        347 228.572541    0.02403     1.4417     86.500     19.332  48983.360    31.0084     9.0629     19.151    6.61384     9.0328    23.9849   11.94056 4.7443e+00 0.0000e+00
        348 228.572543    0.02410     1.4458     86.750     19.618  48999.222    31.0173     9.0477     19.434    6.61569     9.0223    23.9942   11.94351 4.5291e+00 0.0000e+00
        349 228.572546    0.02417     1.4500     87.000     19.907  49013.732    31.0256     9.0349     19.720    6.61723     9.0139    24.0026   11.94596 4.3234e+00 0.0000e+00
        350 228.572549    0.02424     1.4542     87.250     20.199  49026.836    31.0332     9.0244     20.009    6.61846     9.0073    24.0102   11.94790 4.1273e+00 0.0000e+00
        351 228.572552    0.02431     1.4583     87.500     20.494  49038.124    31.0398     9.0160     20.301    6.61941     9.0021    24.0166   11.94939 3.9410e+00 0.0000e+00
        352 228.572555    0.02438     1.4625     87.750     20.791  49047.161    31.0451     9.0094     20.595    6.62015     8.9978    24.0218   11.95055 3.7648e+00 0.0000e+00
        353 228.572558    0.02444     1.4667     88.000     21.091  49053.908    31.0490     9.0042     20.892    6.62074     8.9939    24.0256   11.95149 3.5982e+00 0.0000e+00
        354 228.572561    0.02451     1.4708     88.250     21.392  49058.828    31.0517     8.9999     21.190    6.62126     8.9901    24.0284   11.95232 3.4384e+00 0.0000e+00
        355 228.572564    0.02458     1.4750     88.500     21.694  49062.368    31.0535     8.9960     21.490    6.62176     8.9859    24.0304   11.95311 3.2827e+00 0.0000e+00
        356 228.572567    0.02465     1.4792     88.750     21.999  49064.803    31.0546     8.9923     21.792    6.62227     8.9810    24.0318   11.95394 3.1314e+00 0.0000e+00
        357 228.572569    0.02472     1.4833     89.000     22.305  49066.994    31.0554     8.9881     22.095    6.62284     8.9757    24.0331   11.95489 2.9859e+00 0.0000e+00
        358 228.572572    0.02479     1.4875     89.250     22.613  49070.298    31.0569     8.9832     22.400    6.62350     8.9708    24.0350   11.95595 2.8468e+00 0.0000e+00
        359 228.572575    0.02486     1.4917     89.500     22.922  49074.905    31.0592     8.9780     22.706    6.62417     8.9666    24.0377   11.95704 2.7136e+00 0.0000e+00
        360 228.572578    0.02493     1.4958     89.750     23.233  49079.483    31.0616     8.9731     23.014    6.62479     8.9629    24.0403   11.95803 2.5861e+00 0.0000e+00
        361 228.572581    0.02500     1.5000     90.000     23.544  49083.205    31.0635     8.9689     23.323    6.62533     8.9597    24.0424   11.95890 2.4648e+00 0.0000e+00
