CTD-processing/allCTD/CNV--turbid/2012_06-05b_t9_s01b_cast022.cnv
* Sea-Bird SBE19plus Data File:
* FileName = C:\Documents and Settings\kris.holderied.local\My Documents\2012-KBRR-CTD-Kachemak-Bay\2012-KBRR-CTD-cast022.hex
* Software Version 1.54
* Temperature SN =  4141
* Conductivity SN =  4141
* System UpLoad Time = Jul 24 2012 20:20:45
** Kachemak Bay - Homer Spit Line CTD Survey
** Date:  2012-xx-xx   xxxx Tide (x of 2 lines)
** Station: 9-01
** Start time (AKDT-24 hr): 09:15
** Depth (m): 59.4
** Comments:  CTD time set wrong by 1 hour
# nquan = 16
# nvalues = 648                         
# units = specified
# name 0 = scan: Scan Count
# name 1 = timeJ: Julian Days
# name 2 = timeH: Time, Elapsed [hours]
# name 3 = timeM: Time, Elapsed [minutes]
# name 4 = timeS: Time, Elapsed [seconds]
# name 5 = prdM: Pressure, Strain Gauge [db]
# name 6 = specc: Specific Conductance [uS/cm]
# name 7 = sal00: Salinity, Practical [PSU]
# name 8 = tv290C: Temperature [ITS-90, deg C]
# name 9 = depSM: Depth [salt water, m], lat = 59.00
# name 10 = oxsolML/L: Oxygen Saturation, Garcia & Gordon [ml/l]
# name 11 = potemp090C: Potential Temperature [ITS-90, deg C]
# name 12 = sigma-é00: Density [sigma-theta, kg/m^3]
# name 13 = n2satML/L: Nitrogen Saturation [ml/l]
# name 14 = par: PAR/Irradiance, Biospherical/Licor
# name 15 = flag:  0.000e+00
# span 0 =          1,        648       
# span 1 = 157.428368, 157.430240       
# span 2 =    0.00000,    0.04493       
# span 3 =     0.0000,     2.6958       
# span 4 =      0.000,    161.750       
# span 5 =     -0.028,     54.659       
# span 6 =     32.327,  50996.806       
# span 7 =     0.0177,    31.6191       
# span 8 =     4.7119,    11.2089       
# span 9 =     -0.028,     54.141       
# span 10 =    6.95378,    7.69020      
# span 11 =     4.7087,    11.2089      
# span 12 =    -0.3995,    25.0259      
# span 13 =   12.52341,   14.15478      
# span 14 = 5.3886e-02, 8.7770e+02      
# span 15 = 0.0000e+00, 0.0000e+00      
# interval = seconds: 0.25
# start_time = Jun 05 2012 10:16:51 [Instrument's time stamp, header]
# bad_flag = -9.990e-29
*END*
[from data line 272]
        273 157.429155    0.01889     1.1333     68.000      0.806  47050.776    29.4112     7.3004      0.799    6.95531     7.2959    22.9814   12.52571 9.6043e+01 0.0000e+00
        274 157.429158    0.01896     1.1375     68.250      0.808  47055.573    29.4141     7.2981      0.801    6.95555     7.2947    22.9840   12.52606 9.5683e+01 0.0000e+00
        275 157.429161    0.01903     1.1417     68.500      0.809  47055.550    29.4138     7.2960      0.802    6.95590     7.2946    22.9840   12.52664 9.5638e+01 0.0000e+00
        276 157.429164    0.01910     1.1458     68.750      0.809  47051.634    29.4109     7.2948      0.802    6.95622     7.2952    22.9819   12.52722 9.5495e+01 0.0000e+00
        277 157.429167    0.01917     1.1500     69.000      0.808  47047.960    29.4083     7.2947      0.800    6.95635     7.2955    22.9799   12.52747 9.5279e+01 0.0000e+00
        278 157.429170    0.01924     1.1542     69.250      0.805  47048.561    29.4088     7.2953      0.798    6.95625     7.2952    22.9802   12.52729 9.5410e+01 0.0000e+00
        279 157.429172    0.01931     1.1583     69.500      0.804  47052.811    29.4118     7.2956      0.796    6.95605     7.2942    22.9825   12.52692 9.5815e+01 0.0000e+00
        280 157.429175    0.01938     1.1625     69.750      0.804  47055.690    29.4138     7.2953      0.796    6.95601     7.2934    22.9841   12.52684 9.6469e+01 0.0000e+00
        281 157.429178    0.01944     1.1667     70.000      0.807  47052.416    29.4113     7.2943      0.799    6.95629     7.2943    22.9823   12.52733 9.7156e+01 0.0000e+00
        282 157.429181    0.01951     1.1708     70.250      0.812  47041.823    29.4039     7.2935      0.804    6.95676     7.2981    22.9765   12.52819 9.7447e+01 0.0000e+00
        283 157.429184    0.01958     1.1750     70.500      0.817  47026.793    29.3936     7.2944      0.810    6.95708     7.3049    22.9684   12.52885 9.7391e+01 0.0000e+00
        284 157.429187    0.01965     1.1792     70.750      0.821  47011.677    29.3838     7.2982      0.814    6.95691     7.3128    22.9601   12.52870 9.7266e+01 0.0000e+00
        285 157.429190    0.01972     1.1833     71.000      0.823  46999.403    29.3764     7.3050      0.816    6.95616     7.3187    22.9534   12.52755 9.7247e+01 0.0000e+00
        286 157.429193    0.01979     1.1875     71.250      0.823  46991.727    29.3723     7.3129      0.816    6.95508     7.3204    22.9492   12.52582 9.7177e+01 0.0000e+00
        287 157.429196    0.01986     1.1917     71.500      0.822  46989.659    29.3718     7.3188      0.815    6.95416     7.3165    22.9481   12.52430 9.6671e+01 0.0000e+00
        288 157.429198    0.01993     1.1958     71.750      0.821  46992.763    29.3742     7.3205      0.813    6.95378     7.3073    22.9497   12.52364 9.5851e+01 0.0000e+00
        289 157.429201    0.02000     1.2000     72.000      0.820  46999.891    29.3785     7.3166      0.812    6.95421     7.2959    22.9536   12.52430 9.5569e+01 0.0000e+00
        290 157.429204    0.02007     1.2042     72.250      0.820  47009.624    29.3838     7.3074      0.813    6.95543     7.2858    22.9590   12.52626 9.6130e+01 0.0000e+00
        291 157.429207    0.02014     1.2083     72.500      0.822  47019.811    29.3891     7.2960      0.814    6.95702     7.2777    22.9646   12.52882 9.6466e+01 0.0000e+00
        292 157.429210    0.02021     1.2125     72.750      0.823  47029.008    29.3938     7.2858      0.816    6.95844     7.2709    22.9696   12.53111 9.6054e+01 0.0000e+00
        293 157.429213    0.02028     1.2167     73.000      0.825  47037.732    29.3986     7.2778      0.818    6.95952     7.2643    22.9744   12.53283 9.5655e+01 0.0000e+00
        294 157.429216    0.02035     1.2208     73.250      0.827  47046.191    29.4034     7.2710      0.819    6.96040     7.2570    22.9790   12.53424 9.5592e+01 0.0000e+00
        295 157.429219    0.02042     1.2250     73.500      0.828  47052.179    29.4065     7.2644      0.820    6.96132     7.2476    22.9823   12.53572 9.5518e+01 0.0000e+00
        296 157.429222    0.02049     1.2292     73.750      0.827  47052.568    29.4056     7.2571      0.819    6.96254     7.2338    22.9825   12.53775 9.4871e+01 0.0000e+00
        297 157.429225    0.02056     1.2333     74.000      0.824  47046.343    29.3998     7.2477      0.816    6.96432     7.2113    22.9792   12.54078 9.3763e+01 0.0000e+00
        298 157.429227    0.02063     1.2375     74.250      0.818  47034.947    29.3897     7.2338      0.811    6.96703     7.1737    22.9730   12.54539 9.3151e+01 0.0000e+00
        299 157.429230    0.02069     1.2417     74.500      0.813  47017.793    29.3742     7.2114      0.805    6.97138     7.1124    22.9637   12.55279 9.3264e+01 0.0000e+00
        300 157.429233    0.02076     1.2458     74.750      0.809  46987.744    29.3474     7.1738      0.802    6.97871     7.0241    22.9474   12.56525 9.3792e+01 0.0000e+00
        301 157.429236    0.02083     1.2500     75.000      0.810  46978.135    29.3309     7.1125      0.802    6.98940     6.9203    22.9421   12.58316 9.4407e+01 0.0000e+00
        302 157.429239    0.02090     1.2542     75.250      0.813  47046.494    29.3638     7.0242      0.805    7.00223     6.8211    22.9791   12.60397 9.4357e+01 0.0000e+00
        303 157.429242    0.02097     1.2583     75.500      0.816  47177.604    29.4373     6.9203      0.808    7.01574     6.7403    23.0499   12.62539 9.3642e+01 0.0000e+00
        304 157.429245    0.02104     1.2625     75.750      0.817  47315.949    29.5164     6.8212      0.810    7.02825     6.6807    23.1245   12.64510 9.3405e+01 0.0000e+00
        305 157.429248    0.02111     1.2667     76.000      0.816  47430.776    29.5822     6.7403      0.809    7.03841     6.6391    23.1863   12.66108 9.3902e+01 0.0000e+00
        306 157.429251    0.02118     1.2708     76.250      0.814  47516.698    29.6315     6.6807      0.807    7.04588     6.6107    23.2325   12.67282 9.4465e+01 0.0000e+00
        307 157.429253    0.02125     1.2750     76.500      0.813  47579.641    29.6679     6.6391      0.805    7.05101     6.5915    23.2664   12.68083 9.4598e+01 0.0000e+00
        308 157.429256    0.02132     1.2792     76.750      0.812  47624.139    29.6939     6.6107      0.804    7.05446     6.5785    23.2903   12.68621 9.3678e+01 0.0000e+00
        309 157.429259    0.02139     1.2833     77.000      0.811  47654.889    29.7119     6.5915      0.804    7.05678     6.5697    23.3068   12.68982 9.1808e+01 0.0000e+00
        310 157.429262    0.02146     1.2875     77.250      0.810  47674.266    29.7230     6.5785      0.803    7.05839     6.5638    23.3171   12.69234 8.9856e+01 0.0000e+00
        311 157.429265    0.02153     1.2917     77.500      0.810  47684.189    29.7284     6.5697      0.803    7.05958     6.5594    23.3224   12.69425 8.8436e+01 0.0000e+00
        312 157.429268    0.02160     1.2958     77.750      0.811  47693.788    29.7340     6.5639      0.804    7.06029     6.5548    23.3276   12.69535 8.7969e+01 0.0000e+00
        313 157.429271    0.02167     1.3000     78.000      0.813  47712.288    29.7460     6.5595      0.806    7.06045     6.5489    23.3376   12.69547 8.8396e+01 0.0000e+00
        314 157.429274    0.02174     1.3042     78.250      0.816  47738.505    29.7633     6.5548      0.809    7.06041     6.5420    23.3517   12.69518 8.9137e+01 0.0000e+00
        315 157.429277    0.02181     1.3083     78.500      0.818  47768.024    29.7826     6.5490      0.811    7.06048     6.5344    23.3677   12.69504 8.9784e+01 0.0000e+00
        316 157.429280    0.02187     1.3125     78.750      0.818  47799.009    29.8028     6.5420      0.811    7.06069     6.5270    23.3844   12.69513 9.0069e+01 0.0000e+00
        317 157.429282    0.02194     1.3167     79.000      0.815  47829.049    29.8222     6.5345      0.808    7.06103     6.5203    23.4006   12.69545 8.9800e+01 0.0000e+00
        318 157.429285    0.02201     1.3208     79.250      0.810  47854.631    29.8385     6.5270      0.803    7.06150     6.5147    23.4144   12.69602 8.9591e+01 0.0000e+00
        319 157.429288    0.02208     1.3250     79.500      0.805  47873.975    29.8507     6.5204      0.797    7.06203     6.5100    23.4248   12.69674 9.0004e+01 0.0000e+00
        320 157.429291    0.02215     1.3292     79.750      0.800  47886.063    29.8580     6.5148      0.792    7.06261     6.5065    23.4312   12.69761 9.0622e+01 0.0000e+00
        321 157.429294    0.02222     1.3333     80.000      0.796  47889.861    29.8598     6.5101      0.788    7.06329     6.5039    23.4332   12.69871 9.0972e+01 0.0000e+00
        322 157.429297    0.02229     1.3375     80.250      0.794  47891.057    29.8600     6.5066      0.786    7.06387     6.5014    23.4338   12.69966 9.1057e+01 0.0000e+00
        323 157.429300    0.02236     1.3417     80.500      0.793  47899.109    29.8651     6.5040      0.785    7.06405     6.4982    23.4382   12.69990 9.1129e+01 0.0000e+00
        324 157.429303    0.02243     1.3458     80.750      0.792  47912.797    29.8741     6.5015      0.785    7.06405     6.4946    23.4456   12.69979 9.0923e+01 0.0000e+00
        325 157.429306    0.02250     1.3500     81.000      0.791  47924.655    29.8817     6.4982      0.784    7.06423     6.4914    23.4519   12.69999 9.0312e+01 0.0000e+00
        326 157.429308    0.02257     1.3542     81.250      0.791  47931.976    29.8862     6.4947      0.784    7.06461     6.4888    23.4558   12.70056 8.9616e+01 0.0000e+00
        327 157.429311    0.02264     1.3583     81.500      0.790  47934.732    29.8875     6.4915      0.783    7.06508     6.4869    23.4573   12.70131 8.8804e+01 0.0000e+00
        328 157.429314    0.02271     1.3625     81.750      0.790  47934.745    29.8871     6.4889      0.783    7.06552     6.4857    23.4573   12.70205 8.8337e+01 0.0000e+00
        329 157.429317    0.02278     1.3667     82.000      0.790  47933.243    29.8857     6.4870      0.783    7.06591     6.4861    23.4564   12.70271 8.8466e+01 0.0000e+00
        330 157.429320    0.02285     1.3708     82.250      0.790  47925.729    29.8803     6.4858      0.783    7.06636     6.4891    23.4523   12.70352 8.8570e+01 0.0000e+00
        331 157.429323    0.02292     1.3750     82.500      0.790  47908.229    29.8684     6.4862      0.783    7.06686     6.4948    23.4428   12.70450 8.8561e+01 0.0000e+00
        332 157.429326    0.02299     1.3792     82.750      0.789  47882.242    29.8510     6.4892      0.782    7.06717     6.5025    23.4288   12.70525 8.8474e+01 0.0000e+00
        333 157.429329    0.02306     1.3833     83.000      0.788  47848.639    29.8289     6.4949      0.781    7.06725     6.5108    23.4106   12.70567 8.8275e+01 0.0000e+00
        334 157.429332    0.02313     1.3875     83.250      0.787  47811.696    29.8047     6.5025      0.780    7.06712     6.5187    23.3907   12.70575 8.8123e+01 0.0000e+00
        335 157.429334    0.02319     1.3917     83.500      0.786  47777.876    29.7829     6.5109      0.779    7.06676     6.5258    23.3725   12.70544 8.7781e+01 0.0000e+00
        336 157.429337    0.02326     1.3958     83.750      0.784  47747.931    29.7636     6.5188      0.777    7.06635     6.5317    23.3564   12.70500 8.7456e+01 0.0000e+00
        337 157.429340    0.02333     1.4000     84.000      0.783  47723.324    29.7479     6.5259      0.776    7.06591     6.5361    23.3431   12.70447 8.7354e+01 0.0000e+00
        338 157.429343    0.02340     1.4042     84.250      0.783  47704.625    29.7360     6.5318      0.776    7.06549     6.5391    23.3331   12.70393 8.7443e+01 0.0000e+00
        339 157.429346    0.02347     1.4083     84.500      0.785  47689.651    29.7265     6.5361      0.777    7.06522     6.5413    23.3250   12.70360 8.8146e+01 0.0000e+00
        340 157.429349    0.02354     1.4125     84.750      0.787  47676.464    29.7179     6.5391      0.779    7.06512     6.5436    23.3179   12.70356 8.9266e+01 0.0000e+00
        341 157.429352    0.02361     1.4167     85.000      0.789  47659.882    29.7069     6.5413      0.782    7.06527     6.5471    23.3090   12.70394 9.0146e+01 0.0000e+00
        342 157.429355    0.02368     1.4208     85.250      0.791  47634.247    29.6896     6.5437      0.783    7.06569     6.5531    23.2951   12.70486 9.0251e+01 0.0000e+00
        343 157.429358    0.02375     1.4250     85.500      0.790  47594.546    29.6629     6.5472      0.782    7.06635     6.5626    23.2736   12.70629 8.9122e+01 0.0000e+00
        344 157.429361    0.02382     1.4292     85.750      0.787  47537.115    29.6244     6.5532      0.780    7.06716     6.5755    23.2425   12.70812 8.7393e+01 0.0000e+00
        345 157.429363    0.02389     1.4333     86.000      0.783  47467.298    29.5779     6.5627      0.776    7.06776     6.5903    23.2048   12.70970 8.6442e+01 0.0000e+00
        346 157.429366    0.02396     1.4375     86.250      0.780  47397.748    29.5323     6.5756      0.773    7.06776     6.6051    23.1673   12.71028 8.6669e+01 0.0000e+00
        347 157.429369    0.02403     1.4417     86.500      0.778  47336.412    29.4926     6.5904      0.771    7.06716     6.6186    23.1343   12.70980 8.7657e+01 0.0000e+00
        348 157.429372    0.02410     1.4458     86.750      0.777  47283.728    29.4588     6.6051      0.770    7.06630     6.6305    23.1059   12.70881 8.8371e+01 0.0000e+00
        349 157.429375    0.02417     1.4500     87.000      0.777  47238.041    29.4296     6.6186      0.770    7.06543     6.6410    23.0813   12.70774 8.7963e+01 0.0000e+00
        350 157.429378    0.02424     1.4542     87.250      0.779  47198.100    29.4042     6.6306      0.772    7.06464     6.6500    23.0598   12.70676 8.7406e+01 0.0000e+00
        351 157.429381    0.02431     1.4583     87.500      0.781  47162.711    29.3816     6.6411      0.774    7.06396     6.6577    23.0407   12.70593 8.7657e+01 0.0000e+00
        352 157.429384    0.02438     1.4625     87.750      0.784  47131.148    29.3614     6.6501      0.776    7.06341     6.6640    23.0237   12.70528 8.8042e+01 0.0000e+00
        353 157.429387    0.02444     1.4667     88.000      0.785  47105.089    29.3448     6.6578      0.777    7.06292     6.6688    23.0097   12.70468 8.8067e+01 0.0000e+00
        354 157.429389    0.02451     1.4708     88.250      0.785  47086.223    29.3328     6.6641      0.777    7.06243     6.6720    22.9996   12.70402 8.8238e+01 0.0000e+00
        355 157.429392    0.02458     1.4750     88.500      0.784  47074.147    29.3253     6.6689      0.776    7.06199     6.6738    22.9931   12.70339 8.9122e+01 0.0000e+00
        356 157.429395    0.02465     1.4792     88.750      0.784  47067.849    29.3215     6.6721      0.776    7.06164     6.6744    22.9897   12.70286 9.0489e+01 0.0000e+00
        357 157.429398    0.02472     1.4833     89.000      0.783  47066.485    29.3209     6.6738      0.775    7.06139     6.6739    22.9890   12.70244 9.1531e+01 0.0000e+00
        358 157.429401    0.02479     1.4875     89.250      0.783  47070.430    29.3237     6.6744      0.775    7.06116     6.6725    22.9911   12.70204 9.2037e+01 0.0000e+00
        359 157.429404    0.02486     1.4917     89.500      0.783  47079.648    29.3300     6.6740      0.776    7.06095     6.6705    22.9961   12.70160 9.1926e+01 0.0000e+00
        360 157.429407    0.02493     1.4958     89.750      0.785  47090.687    29.3373     6.6726      0.777    7.06084     6.6684    23.0021   12.70132 9.1292e+01 0.0000e+00
        361 157.429410    0.02500     1.5000     90.000      0.786  47099.592    29.3431     6.6705      0.779    7.06090     6.6668    23.0069   12.70135 9.0835e+01 0.0000e+00
