CTD-processing/allCTD/CNV--turbid/2012_05-02_t4_s05_cast005.cnv
* Sea-Bird SBE19plus Data File:
* FileName = C:\Documents and Settings\glenn.seaman\My Documents\KHolderied-files\CTD-DATA-FILES\2012-05-LTM-LowerCookInlet-CTD\Transect4-2012-05-02\2012-05-02-LTM-Tran4-005.hex
* Software Version 1.59
* Temperature SN =  5028
* Conductivity SN =  5028
* System UpLoad Time = May 02 2012 16:21:57
** LTM Transect4-Barabara Pt to Bluff Pt
** Date: 2012-05-02
** Station:4-5
** Start time (AKDT-24hr):1432
** Depth (m):78
# nquan = 16
# nvalues = 646                         
# units = specified
# name 0 = scan: Scan Count
# name 1 = timeJ: Julian Days
# name 2 = timeH: Time, Elapsed [hours]
# name 3 = timeM: Time, Elapsed [minutes]
# name 4 = timeS: Time, Elapsed [seconds]
# name 5 = prdM: Pressure, Strain Gauge [db]
# name 6 = specc: Specific Conductance [uS/cm]
# name 7 = sal00: Salinity, Practical [PSU]
# name 8 = tv290C: Temperature [ITS-90, deg C]
# name 9 = depSM: Depth [salt water, m], lat = 59.00
# name 10 = oxsolML/L: Oxygen Saturation, Garcia & Gordon [ml/l]
# name 11 = potemp090C: Potential Temperature [ITS-90, deg C]
# name 12 = sigma-é00: Density [sigma-theta, kg/m^3]
# name 13 = n2satML/L: Nitrogen Saturation [ml/l]
# name 14 = par: PAR/Irradiance, Biospherical/Licor [umol photons/m^2/sec]
# name 15 = flag:  0.000e+00
# span 0 =          1,        646       
# span 1 = 123.603391, 123.605258       
# span 2 =    0.00000,    0.04479       
# span 3 =     0.0000,     2.6875       
# span 4 =      0.000,    161.250       
# span 5 =     -0.108,     78.378       
# span 6 =   1663.912,  51719.306       
# span 7 =     0.8253,    31.8436       
# span 8 =     3.4714,     5.3193       
# span 9 =     -0.107,     77.630       
# span 10 =    7.18792,    8.83926      
# span 11 =     3.4668,     5.3193      
# span 12 =     0.6233,    25.2912      
# span 13 =   12.88016,   16.07926      
# span 14 = 3.7490e-02, 1.1952e+03      
# span 15 = 0.0000e+00, 0.0000e+00      
# interval = seconds: 0.25
# start_time = May 02 2012 14:28:53 [Instrument's time stamp, header]
# bad_flag = -9.990e-29
*END*
[from data line 91]
         92 123.603655    0.00632     0.3792     22.750      1.155  51025.984    31.7624     5.1744      1.144    7.19813     5.1691    25.0903   12.89723 4.4193e+02 0.0000e+00
         93 123.603657    0.00639     0.3833     23.000      1.176  51025.422    31.7615     5.1720      1.165    7.19859     5.1662    25.0898   12.89799 4.1244e+02 0.0000e+00
         94 123.603660    0.00646     0.3875     23.250      1.198  51029.015    31.7634     5.1692      1.186    7.19898     5.1635    25.0916   12.89862 3.7950e+02 0.0000e+00
         95 123.603663    0.00653     0.3917     23.500      1.220  51037.680    31.7687     5.1663      1.208    7.19923     5.1614    25.0961   12.89896 3.6077e+02 0.0000e+00
         96 123.603666    0.00660     0.3958     23.750      1.239  51052.748    31.7785     5.1636      1.228    7.19921     5.1599    25.1042   12.89880 3.5447e+02 0.0000e+00
         97 123.603669    0.00667     0.4000     24.000      1.253  51072.606    31.7917     5.1615      1.242    7.19894     5.1592    25.1149   12.89819 3.4610e+02 0.0000e+00
         98 123.603672    0.00674     0.4042     24.250      1.259  51089.713    31.8032     5.1600      1.247    7.19864     5.1591    25.1241   12.89754 3.4394e+02 0.0000e+00
         99 123.603675    0.00681     0.4083     24.500      1.255  51095.413    31.8070     5.1593      1.243    7.19858     5.1593    25.1272   12.89740 3.5533e+02 0.0000e+00
        100 123.603678    0.00688     0.4125     24.750      1.242  51087.292    31.8014     5.1592      1.231    7.19887     5.1593    25.1228   12.89794 3.6928e+02 0.0000e+00
        101 123.603681    0.00694     0.4167     25.000      1.224  51071.095    31.7903     5.1594      1.213    7.19936     5.1586    25.1140   12.89890 3.8707e+02 0.0000e+00
        102 123.603683    0.00701     0.4208     25.250      1.203  51055.979    31.7798     5.1594      1.192    7.19987     5.1573    25.1057   12.89988 4.0750e+02 0.0000e+00
        103 123.603686    0.00708     0.4250     25.500      1.182  51047.078    31.7736     5.1587      1.172    7.20030     5.1558    25.1009   12.90066 4.2216e+02 0.0000e+00
        104 123.603689    0.00715     0.4292     25.750      1.164  51044.504    31.7716     5.1574      1.154    7.20061     5.1544    25.0994   12.90120 4.3105e+02 0.0000e+00
        105 123.603692    0.00722     0.4333     26.000      1.150  51046.068    31.7723     5.1559      1.140    7.20083     5.1532    25.1002   12.90155 4.3103e+02 0.0000e+00
        106 123.603695    0.00729     0.4375     26.250      1.138  51049.064    31.7741     5.1545      1.128    7.20098     5.1522    25.1017   12.90177 4.2842e+02 0.0000e+00
        107 123.603698    0.00736     0.4417     26.500      1.128  51051.925    31.7758     5.1533      1.118    7.20110     5.1512    25.1032   12.90195 4.3066e+02 0.0000e+00
        108 123.603701    0.00743     0.4458     26.750      1.119  51054.112    31.7771     5.1523      1.108    7.20122     5.1503    25.1043   12.90213 4.4415e+02 0.0000e+00
        109 123.603704    0.00750     0.4500     27.000      1.110  51055.371    31.7778     5.1513      1.099    7.20135     5.1494    25.1049   12.90235 4.6049e+02 0.0000e+00
        110 123.603707    0.00757     0.4542     27.250      1.102  51055.894    31.7779     5.1504      1.091    7.20151     5.1487    25.1052   12.90260 4.5617e+02 0.0000e+00
        111 123.603709    0.00764     0.4583     27.500      1.098  51056.527    31.7782     5.1495      1.087    7.20164     5.1482    25.1055   12.90282 4.3412e+02 0.0000e+00
        112 123.603712    0.00771     0.4625     27.750      1.099  51059.032    31.7797     5.1488      1.089    7.20169     5.1481    25.1068   12.90288 4.0184e+02 0.0000e+00
        113 123.603715    0.00778     0.4667     28.000      1.110  51065.975    31.7844     5.1483      1.099    7.20155     5.1485    25.1105   12.90259 3.6968e+02 0.0000e+00
        114 123.603718    0.00785     0.4708     28.250      1.128  51079.660    31.7938     5.1482      1.117    7.20113     5.1496    25.1180   12.90177 3.4527e+02 0.0000e+00
        115 123.603721    0.00792     0.4750     28.500      1.151  51098.850    31.8071     5.1485      1.140    7.20043     5.1518    25.1284   12.90044 3.1311e+02 0.0000e+00
        116 123.603724    0.00799     0.4792     28.750      1.174  51117.559    31.8202     5.1496      1.163    7.19960     5.1554    25.1387   12.89891 2.6917e+02 0.0000e+00
        117 123.603727    0.00806     0.4833     29.000      1.193  51128.946    31.8285     5.1519      1.181    7.19882     5.1602    25.1450   12.89751 2.2881e+02 0.0000e+00
        118 123.603730    0.00813     0.4875     29.250      1.207  51127.605    31.8283     5.1555      1.195    7.19820     5.1649    25.1445   12.89650 2.0033e+02 0.0000e+00
        119 123.603733    0.00819     0.4917     29.500      1.218  51111.454    31.8182     5.1602      1.206    7.19787     5.1682    25.1360   12.89609 1.8197e+02 0.0000e+00
        120 123.603736    0.00826     0.4958     29.750      1.228  51084.895    31.8009     5.1650      1.217    7.19789     5.1694    25.1218   12.89634 1.7237e+02 0.0000e+00
        121 123.603738    0.00833     0.5000     30.000      1.241  51057.119    31.7825     5.1683      1.229    7.19822     5.1690    25.1069   12.89711 1.7139e+02 0.0000e+00
        122 123.603741    0.00840     0.5042     30.250      1.255  51035.633    31.7680     5.1695      1.243    7.19870     5.1677    25.0952   12.89809 1.7796e+02 0.0000e+00
        123 123.603744    0.00847     0.5083     30.500      1.271  51022.899    31.7591     5.1691      1.259    7.19920     5.1661    25.0882   12.89902 1.9313e+02 0.0000e+00
        124 123.603747    0.00854     0.5125     30.750      1.288  51018.543    31.7558     5.1678      1.276    7.19959     5.1650    25.0858   12.89971 2.1527e+02 0.0000e+00
        125 123.603750    0.00861     0.5167     31.000      1.304  51021.726    31.7577     5.1662      1.292    7.19976     5.1647    25.0874   12.89997 2.3259e+02 0.0000e+00
        126 123.603753    0.00868     0.5208     31.250      1.316  51032.115    31.7646     5.1651      1.304    7.19961     5.1656    25.0930   12.89964 2.3918e+02 0.0000e+00
        127 123.603756    0.00875     0.5250     31.500      1.322  51050.614    31.7773     5.1648      1.310    7.19906     5.1681    25.1031   12.89856 2.4160e+02 0.0000e+00
        128 123.603759    0.00882     0.5292     31.750      1.319  51077.026    31.7956     5.1657      1.307    7.19803     5.1730    25.1175   12.89662 2.4151e+02 0.0000e+00
        129 123.603762    0.00889     0.5333     32.000      1.306  51106.685    31.8166     5.1682      1.294    7.19659     5.1813    25.1338   12.89398 2.3306e+02 0.0000e+00
        130 123.603764    0.00896     0.5375     32.250      1.280  51131.231    31.8345     5.1731      1.268    7.19489     5.1932    25.1475   12.89094 2.1249e+02 0.0000e+00
        131 123.603767    0.00903     0.5417     32.500      1.243  51141.803    31.8436     5.1814      1.232    7.19303     5.2073    25.1538   12.88776 1.8539e+02 0.0000e+00
        132 123.603770    0.00910     0.5458     32.750      1.200  51133.690    31.8406     5.1933      1.189    7.19113     5.2205    25.1500   12.88466 1.6214e+02 0.0000e+00
        133 123.603773    0.00917     0.5500     33.000      1.156  51108.645    31.8263     5.2074      1.146    7.18940     5.2294    25.1372   12.88199 1.4638e+02 0.0000e+00
        134 123.603776    0.00924     0.5542     33.250      1.117  51072.258    31.8041     5.2205      1.107    7.18821     5.2323    25.1181   12.88031 1.3621e+02 0.0000e+00
        135 123.603779    0.00931     0.5583     33.500      1.088  51032.300    31.7785     5.2294      1.078    7.18792     5.2295    25.0969   12.88016 1.2911e+02 0.0000e+00
        136 123.603782    0.00937     0.5625     33.750      1.073  50997.987    31.7555     5.2323      1.063    7.18853     5.2222    25.0784   12.88146 1.2357e+02 0.0000e+00
        137 123.603785    0.00944     0.5667     34.000      1.077  50976.074    31.7398     5.2295      1.067    7.18976     5.2124    25.0663   12.88369 1.1949e+02 0.0000e+00
        138 123.603788    0.00951     0.5708     34.250      1.097  50968.564    31.7331     5.2223      1.087    7.19133     5.2023    25.0618   12.88636 1.1642e+02 0.0000e+00
        139 123.603791    0.00958     0.5750     34.500      1.129  50974.414    31.7350     5.2125      1.119    7.19291     5.1935    25.0644   12.88896 1.1319e+02 0.0000e+00
        140 123.603793    0.00965     0.5792     34.750      1.165  50990.837    31.7441     5.2024      1.155    7.19421     5.1867    25.0727   12.89098 1.0934e+02 0.0000e+00
        141 123.603796    0.00972     0.5833     35.000      1.200  51014.931    31.7588     5.1936      1.189    7.19501     5.1820    25.0853   12.89211 1.0561e+02 0.0000e+00
        142 123.603799    0.00979     0.5875     35.250      1.232  51043.588    31.7771     5.1868      1.221    7.19529     5.1791    25.1006   12.89234 1.0274e+02 0.0000e+00
        143 123.603802    0.00986     0.5917     35.500      1.261  51072.086    31.7958     5.1821      1.249    7.19520     5.1780    25.1158   12.89197 1.0102e+02 0.0000e+00
        144 123.603805    0.00993     0.5958     35.750      1.286  51096.778    31.8121     5.1792      1.274    7.19491     5.1787    25.1291   12.89128 1.0016e+02 0.0000e+00
        145 123.603808    0.01000     0.6000     36.000      1.308  51116.698    31.8256     5.1781      1.295    7.19446     5.1813    25.1399   12.89035 9.9279e+01 0.0000e+00
        146 123.603811    0.01007     0.6042     36.250      1.325  51130.897    31.8355     5.1788      1.312    7.19385     5.1855    25.1476   12.88921 9.8202e+01 0.0000e+00
        147 123.603814    0.01014     0.6083     36.500      1.335  51137.696    31.8407     5.1814      1.323    7.19315     5.1908    25.1515   12.88800 9.7736e+01 0.0000e+00
        148 123.603817    0.01021     0.6125     36.750      1.339  51136.106    31.8405     5.1856      1.326    7.19244     5.1959    25.1509   12.88683 9.8557e+01 0.0000e+00
        149 123.603819    0.01028     0.6167     37.000      1.335  51126.693    31.8352     5.1909      1.322    7.19180     5.1996    25.1461   12.88584 1.0008e+02 0.0000e+00
        150 123.603822    0.01035     0.6208     37.250      1.322  51111.633    31.8259     5.1960      1.310    7.19137     5.2013    25.1382   12.88525 1.0094e+02 0.0000e+00
        151 123.603825    0.01042     0.6250     37.500      1.301  51092.934    31.8138     5.1997      1.289    7.19131     5.2008    25.1282   12.88531 1.0140e+02 0.0000e+00
        152 123.603828    0.01049     0.6292     37.750      1.273  51071.463    31.7994     5.2014      1.261    7.19171     5.1980    25.1166   12.88615 1.0279e+02 0.0000e+00
        153 123.603831    0.01056     0.6333     38.000      1.241  51048.898    31.7838     5.2009      1.229    7.19256     5.1931    25.1043   12.88775 1.0458e+02 0.0000e+00
        154 123.603834    0.01063     0.6375     38.250      1.209  51028.358    31.7691     5.1981      1.198    7.19375     5.1866    25.0929   12.88990 1.0529e+02 0.0000e+00
        155 123.603837    0.01069     0.6417     38.500      1.179  51012.371    31.7570     5.1932      1.168    7.19516     5.1792    25.0839   12.89239 1.0542e+02 0.0000e+00
        156 123.603840    0.01076     0.6458     38.750      1.152  51002.295    31.7487     5.1867      1.141    7.19668     5.1717    25.0781   12.89501 1.0620e+02 0.0000e+00
        157 123.603843    0.01083     0.6500     39.000      1.128  50998.615    31.7446     5.1792      1.117    7.19815     5.1649    25.0756   12.89749 1.0700e+02 0.0000e+00
        158 123.603845    0.01090     0.6542     39.250      1.108  51000.059    31.7440     5.1718      1.097    7.19946     5.1589    25.0760   12.89965 1.0674e+02 0.0000e+00
        159 123.603848    0.01097     0.6583     39.500      1.092  51004.246    31.7455     5.1650      1.082    7.20056     5.1537    25.0779   12.90146 1.0613e+02 0.0000e+00
        160 123.603851    0.01104     0.6625     39.750      1.083  51010.006    31.7482     5.1590      1.073    7.20147     5.1494    25.0807   12.90291 1.0641e+02 0.0000e+00
        161 123.603854    0.01111     0.6667     40.000      1.081  51018.297    31.7528     5.1538      1.071    7.20213     5.1460    25.0849   12.90395 1.0723e+02 0.0000e+00
        162 123.603857    0.01118     0.6708     40.250      1.086  51030.938    31.7605     5.1495      1.075    7.20250     5.1434    25.0915   12.90446 1.0762e+02 0.0000e+00
        163 123.603860    0.01125     0.6750     40.500      1.093  51048.260    31.7717     5.1461      1.083    7.20255     5.1414    25.1008   12.90440 1.0718e+02 0.0000e+00
        164 123.603863    0.01132     0.6792     40.750      1.102  51065.916    31.7833     5.1435      1.092    7.20244     5.1398    25.1102   12.90407 1.0562e+02 0.0000e+00
        165 123.603866    0.01139     0.6833     41.000      1.115  51075.700    31.7896     5.1415      1.104    7.20247     5.1383    25.1154   12.90404 1.0290e+02 0.0000e+00
        166 123.603869    0.01146     0.6875     41.250      1.136  51073.810    31.7880     5.1399      1.125    7.20283     5.1370    25.1143   12.90465 9.9787e+01 0.0000e+00
        167 123.603872    0.01153     0.6917     41.500      1.168  51066.272    31.7825     5.1384      1.156    7.20335     5.1357    25.1101   12.90557 9.7542e+01 0.0000e+00
        168 123.603874    0.01160     0.6958     41.750      1.208  51062.965    31.7799     5.1371      1.196    7.20371     5.1347    25.1082   12.90620 9.6135e+01 0.0000e+00
        169 123.603877    0.01167     0.7000     42.000      1.248  51069.196    31.7839     5.1358      1.236    7.20373     5.1342    25.1115   12.90620 9.4467e+01 0.0000e+00
        170 123.603880    0.01174     0.7042     42.250      1.283  51084.158    31.7940     5.1348      1.271    7.20342     5.1343    25.1195   12.90555 9.2626e+01 0.0000e+00
        171 123.603883    0.01181     0.7083     42.500      1.308  51102.132    31.8062     5.1343      1.296    7.20291     5.1350    25.1293   12.90456 9.1689e+01 0.0000e+00
        172 123.603886    0.01188     0.7125     42.750      1.323  51115.511    31.8154     5.1344      1.311    7.20246     5.1361    25.1366   12.90368 9.2040e+01 0.0000e+00
        173 123.603889    0.01194     0.7167     43.000      1.330  51118.790    31.8178     5.1351      1.317    7.20222     5.1373    25.1385   12.90326 9.3123e+01 0.0000e+00
        174 123.603892    0.01201     0.7208     43.250      1.331  51111.199    31.8128     5.1362      1.318    7.20226     5.1382    25.1344   12.90339 9.4020e+01 0.0000e+00
        175 123.603895    0.01208     0.7250     43.500      1.327  51097.500    31.8037     5.1374      1.315    7.20250     5.1388    25.1270   12.90391 9.4004e+01 0.0000e+00
        176 123.603898    0.01215     0.7292     43.750      1.320  51083.922    31.7945     5.1383      1.308    7.20279     5.1393    25.1196   12.90451 9.3108e+01 0.0000e+00
        177 123.603900    0.01222     0.7333     44.000      1.311  51075.188    31.7886     5.1389      1.298    7.20297     5.1400    25.1149   12.90488 9.2721e+01 0.0000e+00
        178 123.603903    0.01229     0.7375     44.250      1.299  51074.995    31.7886     5.1394      1.287    7.20289     5.1415    25.1148   12.90474 9.4016e+01 0.0000e+00
        179 123.603906    0.01236     0.7417     44.500      1.282  51084.852    31.7956     5.1401      1.270    7.20242     5.1443    25.1203   12.90388 9.5940e+01 0.0000e+00
        180 123.603909    0.01243     0.7458     44.750      1.257  51100.239    31.8065     5.1416      1.245    7.20164     5.1488    25.1288   12.90245 9.7223e+01 0.0000e+00
