CTD-processing/allCTD/CNV--turbid/2012-08-15-kbay-along-bay-inner-cast014-s09.cnv
* Sea-Bird SBE19plus Data File:
* FileName = C:\Documents and Settings\kris.holderied.local\My Documents\2012-08-15-KBay-along-bay-inner\2012-08-15-Kbay-along-bay-inner-cast014.hex
* Software Version 1.54
* Temperature SN =  5028
* Conductivity SN =  5028
* System UpLoad Time = Aug 23 2012 21:25:56
** Kachemak Bay - Along-bay CTD survey, inner bay
** Date:  2012-08-15
** Station: KB-09
** Start time (AKDT-24 hr): 1029
** Depth (ft): 215
** Comment: Phytoplankton station, 20L surface grab filtered
# nquan = 16
# nvalues = 467                         
# units = specified
# name 0 = scan: Scan Count
# name 1 = timeJ: Julian Days
# name 2 = timeH: Time, Elapsed [hours]
# name 3 = timeM: Time, Elapsed [minutes]
# name 4 = timeS: Time, Elapsed [seconds]
# name 5 = prdM: Pressure, Strain Gauge [db]
# name 6 = specc: Specific Conductance [uS/cm]
# name 7 = sal00: Salinity, Practical [PSU]
# name 8 = tv290C: Temperature [ITS-90, deg C]
# name 9 = depSM: Depth [salt water, m], lat = 59.00
# name 10 = oxsolML/L: Oxygen Saturation, Garcia & Gordon [ml/l]
# name 11 = potemp090C: Potential Temperature [ITS-90, deg C]
# name 12 = sigma-é00: Density [sigma-theta, kg/m^3]
# name 13 = n2satML/L: Nitrogen Saturation [ml/l]
# name 14 = par: PAR/Irradiance, Biospherical/Licor [umol photons/m^2/sec]
# name 15 = flag:  0.000e+00
# span 0 =          1,        467       
# span 1 = 228.436620, 228.437969       
# span 2 =    0.00000,    0.03236       
# span 3 =     0.0000,     1.9417       
# span 4 =      0.000,    116.500       
# span 5 =      0.013,     56.708       
# span 6 =   4090.621,  49358.115       
# span 7 =     2.2501,    31.1808       
# span 8 =     8.5453,    12.8144       
# span 9 =      0.013,     56.170       
# span 10 =    6.25351,    7.49905      
# span 11 =     8.5397,    12.8140      
# span 12 =     1.2905,    24.1980      
# span 13 =   11.38898,   13.80023      
# span 14 = 6.5871e-02, 1.5139e+02      
# span 15 = 0.0000e+00, 0.0000e+00      
# interval = seconds: 0.25
# start_time = Aug 15 2012 10:28:44 [Instrument's time stamp, header]
# bad_flag = -9.990e-29
*END*
[from data line 362]
        363 228.437668    0.02514     1.5083     90.500     27.292  49223.360    31.1255     8.7251     27.035    6.65886     8.7169    24.1276   12.01365 5.7581e-01 0.0000e+00
        364 228.437671    0.02521     1.5125     90.750     27.537  49224.998    31.1261     8.7223     27.278    6.65924     8.7142    24.1285   12.01428 5.5774e-01 0.0000e+00
        365 228.437674    0.02528     1.5167     91.000     27.779  49226.209    31.1265     8.7197     27.518    6.65962     8.7113    24.1292   12.01490 5.4034e-01 0.0000e+00
        366 228.437677    0.02535     1.5208     91.250     28.019  49227.390    31.1268     8.7170     27.756    6.66001     8.7085    24.1299   12.01554 5.2346e-01 0.0000e+00
        367 228.437679    0.02542     1.5250     91.500     28.258  49229.056    31.1275     8.7141     27.992    6.66041     8.7059    24.1308   12.01619 5.0718e-01 0.0000e+00
        368 228.437682    0.02549     1.5292     91.750     28.497  49231.136    31.1284     8.7113     28.228    6.66078     8.7035    24.1320   12.01680 4.9141e-01 0.0000e+00
        369 228.437685    0.02556     1.5333     92.000     28.737  49233.073    31.1293     8.7087     28.467    6.66113     8.7013    24.1330   12.01737 4.7593e-01 0.0000e+00
        370 228.437688    0.02562     1.5375     92.250     28.983  49234.721    31.1300     8.7064     28.710    6.66145     8.6993    24.1340   12.01789 4.6055e-01 0.0000e+00
        371 228.437691    0.02569     1.5417     92.500     29.235  49236.425    31.1308     8.7042     28.960    6.66174     8.6975    24.1349   12.01836 4.4527e-01 0.0000e+00
        372 228.437694    0.02576     1.5458     92.750     29.490  49238.281    31.1317     8.7022     29.212    6.66200     8.6959    24.1359   12.01878 4.3044e-01 0.0000e+00
        373 228.437697    0.02583     1.5500     93.000     29.741  49240.029    31.1326     8.7004     29.461    6.66223     8.6945    24.1368   12.01915 4.1651e-01 0.0000e+00
        374 228.437700    0.02590     1.5542     93.250     29.983  49241.499    31.1333     8.6989     29.701    6.66243     8.6931    24.1376   12.01946 4.0362e-01 0.0000e+00
        375 228.437703    0.02597     1.5583     93.500     30.214  49242.797    31.1339     8.6975     29.930    6.66261     8.6916    24.1383   12.01975 3.9157e-01 0.0000e+00
        376 228.437705    0.02604     1.5625     93.750     30.441  49244.264    31.1346     8.6961     30.154    6.66279     8.6902    24.1390   12.02004 3.7994e-01 0.0000e+00
        377 228.437708    0.02611     1.5667     94.000     30.672  49246.076    31.1356     8.6947     30.383    6.66297     8.6890    24.1400   12.02033 3.6834e-01 0.0000e+00
        378 228.437711    0.02618     1.5708     94.250     30.912  49248.020    31.1366     8.6933     30.621    6.66313     8.6881    24.1411   12.02058 3.5668e-01 0.0000e+00
        379 228.437714    0.02625     1.5750     94.500     31.160  49249.836    31.1376     8.6921     30.867    6.66326     8.6874    24.1420   12.02079 3.4509e-01 0.0000e+00
        380 228.437717    0.02632     1.5792     94.750     31.414  49251.450    31.1385     8.6911     31.118    6.66336     8.6868    24.1429   12.02095 3.3381e-01 0.0000e+00
        381 228.437720    0.02639     1.5833     95.000     31.670  49252.841    31.1393     8.6904     31.371    6.66343     8.6865    24.1436   12.02106 3.2294e-01 0.0000e+00
        382 228.437723    0.02646     1.5875     95.250     31.928  49253.929    31.1398     8.6899     31.626    6.66348     8.6862    24.1441   12.02113 3.1239e-01 0.0000e+00
        383 228.437726    0.02653     1.5917     95.500     32.190  49254.715    31.1402     8.6896     31.886    6.66351     8.6861    24.1445   12.02118 3.0206e-01 0.0000e+00
        384 228.437729    0.02660     1.5958     95.750     32.457  49255.315    31.1405     8.6894     32.151    6.66353     8.6860    24.1447   12.02120 2.9191e-01 0.0000e+00
        385 228.437731    0.02667     1.6000     96.000     32.728  49255.828    31.1407     8.6893     32.419    6.66353     8.6860    24.1449   12.02121 2.8207e-01 0.0000e+00
        386 228.437734    0.02674     1.6042     96.250     32.997  49256.295    31.1409     8.6893     32.686    6.66353     8.6861    24.1451   12.02120 2.7273e-01 0.0000e+00
        387 228.437737    0.02681     1.6083     96.500     33.260  49256.680    31.1411     8.6894     32.946    6.66352     8.6861    24.1452   12.02118 2.6408e-01 0.0000e+00
        388 228.437740    0.02688     1.6125     96.750     33.515  49256.864    31.1411     8.6894     33.199    6.66351     8.6862    24.1452   12.02116 2.5603e-01 0.0000e+00
        389 228.437743    0.02694     1.6167     97.000     33.768  49256.881    31.1410     8.6895     33.450    6.66350     8.6863    24.1451   12.02114 2.4832e-01 0.0000e+00
        390 228.437746    0.02701     1.6208     97.250     34.030  49256.931    31.1410     8.6896     33.709    6.66349     8.6863    24.1451   12.02113 2.4059e-01 0.0000e+00
        391 228.437749    0.02708     1.6250     97.500     34.300  49257.045    31.1409     8.6897     33.977    6.66347     8.6864    24.1450   12.02111 2.3282e-01 0.0000e+00
        392 228.437752    0.02715     1.6292     97.750     34.567  49257.175    31.1409     8.6898     34.241    6.66346     8.6865    24.1450   12.02108 2.2544e-01 0.0000e+00
        393 228.437755    0.02722     1.6333     98.000     34.821  49257.354    31.1410     8.6899     34.493    6.66345     8.6865    24.1450   12.02106 2.1872e-01 0.0000e+00
        394 228.437758    0.02729     1.6375     98.250     35.064  49257.574    31.1410     8.6900     34.734    6.66343     8.6866    24.1451   12.02104 2.1262e-01 0.0000e+00
        395 228.437760    0.02736     1.6417     98.500     35.301  49257.789    31.1411     8.6900     34.968    6.66342     8.6867    24.1451   12.02101 2.0692e-01 0.0000e+00
        396 228.437763    0.02743     1.6458     98.750     35.537  49258.045    31.1412     8.6901     35.202    6.66340     8.6870    24.1452   12.02097 2.0141e-01 0.0000e+00
        397 228.437766    0.02750     1.6500     99.000     35.777  49258.416    31.1413     8.6903     35.439    6.66336     8.6873    24.1453   12.02092 1.9597e-01 0.0000e+00
        398 228.437769    0.02757     1.6542     99.250     36.022  49258.759    31.1415     8.6905     35.682    6.66332     8.6876    24.1454   12.02084 1.9057e-01 0.0000e+00
        399 228.437772    0.02764     1.6583     99.500     36.271  49258.879    31.1415     8.6909     35.929    6.66326     8.6880    24.1454   12.02075 1.8528e-01 0.0000e+00
        400 228.437775    0.02771     1.6625     99.750     36.524  49258.807    31.1414     8.6913     36.179    6.66321     8.6882    24.1452   12.02066 1.8014e-01 0.0000e+00
        401 228.437778    0.02778     1.6667    100.000     36.779  49258.626    31.1413     8.6916     36.432    6.66317     8.6884    24.1450   12.02059 1.7517e-01 0.0000e+00
        402 228.437781    0.02785     1.6708    100.250     37.036  49258.370    31.1410     8.6919     36.686    6.66314     8.6884    24.1448   12.02055 1.7038e-01 0.0000e+00
        403 228.437784    0.02792     1.6750    100.500     37.294  49258.215    31.1408     8.6921     36.942    6.66312     8.6885    24.1446   12.02053 1.6575e-01 0.0000e+00
        404 228.437786    0.02799     1.6792    100.750     37.554  49258.314    31.1408     8.6922     37.200    6.66311     8.6887    24.1446   12.02050 1.6125e-01 0.0000e+00
        405 228.437789    0.02806     1.6833    101.000     37.820  49258.557    31.1408     8.6923     37.463    6.66309     8.6889    24.1446   12.02047 1.5689e-01 0.0000e+00
        406 228.437792    0.02813     1.6875    101.250     38.091  49258.867    31.1410     8.6925     37.732    6.66306     8.6892    24.1447   12.02042 1.5264e-01 0.0000e+00
        407 228.437795    0.02819     1.6917    101.500     38.369  49259.315    31.1412     8.6927     38.007    6.66301     8.6897    24.1448   12.02034 1.4851e-01 0.0000e+00
        408 228.437798    0.02826     1.6958    101.750     38.651  49259.943    31.1416     8.6930     38.286    6.66294     8.6903    24.1451   12.02022 1.4456e-01 0.0000e+00
        409 228.437801    0.02833     1.7000    102.000     38.936  49260.725    31.1421     8.6935     38.568    6.66285     8.6911    24.1454   12.02006 1.4076e-01 0.0000e+00
        410 228.437804    0.02840     1.7042    102.250     39.224  49261.588    31.1426     8.6942     38.854    6.66272     8.6922    24.1457   12.01984 1.3709e-01 0.0000e+00
        411 228.437807    0.02847     1.7083    102.500     39.516  49262.337    31.1432     8.6951     39.143    6.66257     8.6932    24.1460   12.01958 1.3351e-01 0.0000e+00
        412 228.437810    0.02854     1.7125    102.750     39.812  49262.606    31.1434     8.6962     39.436    6.66240     8.6941    24.1461   12.01930 1.3003e-01 0.0000e+00
        413 228.437813    0.02861     1.7167    103.000     40.112  49262.316    31.1432     8.6972     39.733    6.66225     8.6947    24.1458   12.01905 1.2666e-01 0.0000e+00
        414 228.437815    0.02868     1.7208    103.250     40.417  49261.803    31.1428     8.6981     40.035    6.66213     8.6950    24.1454   12.01886 1.2339e-01 0.0000e+00
        415 228.437818    0.02875     1.7250    103.500     40.725  49261.353    31.1425     8.6987     40.340    6.66205     8.6951    24.1450   12.01874 1.2026e-01 0.0000e+00
        416 228.437821    0.02882     1.7292    103.750     41.036  49261.169    31.1423     8.6991     40.648    6.66201     8.6951    24.1448   12.01867 1.1726e-01 0.0000e+00
        417 228.437824    0.02889     1.7333    104.000     41.351  49261.309    31.1422     8.6992     40.960    6.66199     8.6949    24.1447   12.01863 1.1440e-01 0.0000e+00
        418 228.437827    0.02896     1.7375    104.250     41.667  49261.532    31.1423     8.6992     41.273    6.66199     8.6946    24.1447   12.01863 1.1167e-01 0.0000e+00
        419 228.437830    0.02903     1.7417    104.500     41.985  49261.670    31.1422     8.6991     41.588    6.66201     8.6941    24.1447   12.01867 1.0906e-01 0.0000e+00
        420 228.437833    0.02910     1.7458    104.750     42.305  49261.848    31.1421     8.6988     41.905    6.66206     8.6936    24.1447   12.01875 1.0656e-01 0.0000e+00
        421 228.437836    0.02917     1.7500    105.000     42.625  49262.186    31.1422     8.6984     42.222    6.66212     8.6930    24.1448   12.01885 1.0417e-01 0.0000e+00
        422 228.437839    0.02924     1.7542    105.250     42.945  49262.603    31.1422     8.6979     42.539    6.66219     8.6924    24.1450   12.01897 1.0191e-01 0.0000e+00
        423 228.437841    0.02931     1.7583    105.500     43.267  49262.963    31.1423     8.6973     42.858    6.66227     8.6916    24.1451   12.01911 9.9754e-02 0.0000e+00
        424 228.437844    0.02937     1.7625    105.750     43.592  49263.284    31.1423     8.6967     43.181    6.66237     8.6907    24.1452   12.01926 9.7713e-02 0.0000e+00
        425 228.437847    0.02944     1.7667    106.000     43.920  49263.699    31.1423     8.6960     43.505    6.66248     8.6897    24.1453   12.01944 9.5794e-02 0.0000e+00
        426 228.437850    0.02951     1.7708    106.250     44.251  49264.218    31.1424     8.6951     43.833    6.66260     8.6885    24.1455   12.01965 9.4006e-02 0.0000e+00
        427 228.437853    0.02958     1.7750    106.500     44.586  49264.697    31.1424     8.6941     44.164    6.66275     8.6870    24.1457   12.01989 9.2344e-02 0.0000e+00
        428 228.437856    0.02965     1.7792    106.750     44.924  49265.017    31.1423     8.6929     44.499    6.66293     8.6850    24.1458   12.02019 9.0773e-02 0.0000e+00
        429 228.437859    0.02972     1.7833    107.000     45.263  49265.139    31.1420     8.6914     44.835    6.66316     8.6824    24.1458   12.02057 8.9269e-02 0.0000e+00
        430 228.437862    0.02979     1.7875    107.250     45.604  49265.077    31.1416     8.6895     45.173    6.66347     8.6790    24.1458   12.02109 8.7854e-02 0.0000e+00
        431 228.437865    0.02986     1.7917    107.500     45.945  49264.979    31.1410     8.6870     45.511    6.66388     8.6747    24.1457   12.02177 8.6563e-02 0.0000e+00
        432 228.437867    0.02993     1.7958    107.750     46.287  49265.070    31.1404     8.6836     45.849    6.66441     8.6696    24.1457   12.02266 8.5396e-02 0.0000e+00
        433 228.437870    0.03000     1.8000    108.000     46.629  49265.861    31.1402     8.6793     46.188    6.66505     8.6640    24.1462   12.02373 8.4305e-02 0.0000e+00
        434 228.437873    0.03007     1.8042    108.250     46.970  49267.781    31.1407     8.6743     46.526    6.66579     8.6582    24.1473   12.02494 8.3250e-02 0.0000e+00
        435 228.437876    0.03014     1.8083    108.500     47.311  49270.674    31.1418     8.6687     46.864    6.66657     8.6523    24.1490   12.02622 8.2229e-02 0.0000e+00
        436 228.437879    0.03021     1.8125    108.750     47.653  49274.254    31.1433     8.6630     47.202    6.66736     8.6463    24.1510   12.02751 8.1251e-02 0.0000e+00
        437 228.437882    0.03028     1.8167    109.000     47.996  49278.007    31.1449     8.6571     47.542    6.66817     8.6400    24.1532   12.02882 8.0341e-02 0.0000e+00
        438 228.437885    0.03035     1.8208    109.250     48.340  49281.654    31.1464     8.6511     47.883    6.66900     8.6335    24.1553   12.03018 7.9503e-02 0.0000e+00
        439 228.437888    0.03042     1.8250    109.500     48.686  49285.612    31.1481     8.6448     48.225    6.66987     8.6270    24.1576   12.03160 7.8702e-02 0.0000e+00
        440 228.437891    0.03049     1.8292    109.750     49.033  49289.979    31.1501     8.6383     48.569    6.67075     8.6208    24.1601   12.03304 7.7910e-02 0.0000e+00
        441 228.437894    0.03056     1.8333    110.000     49.381  49294.568    31.1522     8.6319     48.914    6.67162     8.6151    24.1627   12.03445 7.7131e-02 0.0000e+00
        442 228.437896    0.03062     1.8375    110.250     49.729  49299.508    31.1546     8.6258     49.258    6.67244     8.6101    24.1655   12.03578 7.6374e-02 0.0000e+00
        443 228.437899    0.03069     1.8417    110.500     50.077  49304.578    31.1572     8.6201     49.603    6.67318     8.6059    24.1684   12.03697 7.5651e-02 0.0000e+00
        444 228.437902    0.03076     1.8458    110.750     50.427  49309.176    31.1596     8.6152     49.949    6.67381     8.6024    24.1709   12.03799 7.4961e-02 0.0000e+00
        445 228.437905    0.03083     1.8500    111.000     50.777  49313.005    31.1615     8.6110     50.295    6.67435     8.5992    24.1731   12.03886 7.4292e-02 0.0000e+00
        446 228.437908    0.03090     1.8542    111.250     51.125  49316.051    31.1630     8.6075     50.640    6.67482     8.5961    24.1747   12.03961 7.3636e-02 0.0000e+00
        447 228.437911    0.03097     1.8583    111.500     51.468  49318.379    31.1640     8.6043     50.979    6.67525     8.5929    24.1760   12.04031 7.3004e-02 0.0000e+00
        448 228.437914    0.03104     1.8625    111.750     51.798  49320.087    31.1646     8.6013     51.306    6.67567     8.5892    24.1769   12.04102 7.2416e-02 0.0000e+00
        449 228.437917    0.03111     1.8667    112.000     52.110  49321.327    31.1648     8.5981     51.616    6.67614     8.5849    24.1776   12.04179 7.1887e-02 0.0000e+00
        450 228.437920    0.03118     1.8708    112.250     52.407  49322.438    31.1649     8.5944     51.910    6.67669     8.5803    24.1783   12.04269 7.1427e-02 0.0000e+00
        451 228.437922    0.03125     1.8750    112.500     52.696  49324.073    31.1653     8.5902     52.197    6.67730     8.5757    24.1792   12.04370 7.1006e-02 0.0000e+00
