CTD-processing/allCTD/CNV--turbid/2012_06-05b_t9_s03b_cast024.cnv
* Sea-Bird SBE19plus Data File:
* FileName = C:\Documents and Settings\kris.holderied.local\My Documents\2012-KBRR-CTD-Kachemak-Bay\2012-KBRR-CTD-cast024.hex
* Software Version 1.54
* Temperature SN =  4141
* Conductivity SN =  4141
* System UpLoad Time = Jul 24 2012 20:23:01
** Kachemak Bay - Homer Spit Line CTD Survey
** Date:  2012-xx-xx   xxxx Tide (x of 2 lines)
** Station: 9-03
** Start time (AKDT-24 hr): 09:48
** Depth (m): 85.6
** Comments:  CTD time set wrong by 1 hour
# nquan = 16
# nvalues = 658                         
# units = specified
# name 0 = scan: Scan Count
# name 1 = timeJ: Julian Days
# name 2 = timeH: Time, Elapsed [hours]
# name 3 = timeM: Time, Elapsed [minutes]
# name 4 = timeS: Time, Elapsed [seconds]
# name 5 = prdM: Pressure, Strain Gauge [db]
# name 6 = specc: Specific Conductance [uS/cm]
# name 7 = sal00: Salinity, Practical [PSU]
# name 8 = tv290C: Temperature [ITS-90, deg C]
# name 9 = depSM: Depth [salt water, m], lat = 59.00
# name 10 = oxsolML/L: Oxygen Saturation, Garcia & Gordon [ml/l]
# name 11 = potemp090C: Potential Temperature [ITS-90, deg C]
# name 12 = sigma-é00: Density [sigma-theta, kg/m^3]
# name 13 = n2satML/L: Nitrogen Saturation [ml/l]
# name 14 = par: PAR/Irradiance, Biospherical/Licor
# name 15 = flag:  0.000e+00
# span 0 =          1,        658       
# span 1 = 157.450162, 157.452063       
# span 2 =    0.00000,    0.04562       
# span 3 =     0.0000,     2.7375       
# span 4 =      0.000,    164.250       
# span 5 =     -0.047,     79.140       
# span 6 =   1708.044,  51065.586       
# span 7 =     0.8476,    31.6123       
# span 8 =     4.4855,     7.4289       
# span 9 =     -0.046,     78.385       
# span 10 =    6.88956,    8.56492      
# span 11 =     4.4812,     7.4288      
# span 12 =     0.6015,    25.0398      
# span 13 =   12.40355,   15.61712      
# span 14 = 3.6580e-02, 1.5423e+03      
# span 15 = 0.0000e+00, 0.0000e+00      
# interval = seconds: 0.25
# start_time = Jun 05 2012 10:48:14 [Instrument's time stamp, header]
# bad_flag = -9.990e-29
*END*
[from data line 181]
        182 157.450686    0.01257     0.7542     45.250      1.148  48717.983    30.5606     7.2717      1.138    6.90764     7.2702    23.8883   12.43234 8.8928e+02 0.0000e+00
        183 157.450689    0.01264     0.7583     45.500      1.145  48717.090    30.5598     7.2711      1.135    6.90778     7.2694    23.8878   12.43258 9.2699e+02 0.0000e+00
        184 157.450692    0.01271     0.7625     45.750      1.145  48718.173    30.5605     7.2703      1.135    6.90786     7.2687    23.8884   12.43271 9.1421e+02 0.0000e+00
        185 157.450694    0.01278     0.7667     46.000      1.148  48720.721    30.5621     7.2695      1.138    6.90791     7.2680    23.8898   12.43278 8.6334e+02 0.0000e+00
        186 157.450697    0.01285     0.7708     46.250      1.153  48723.050    30.5636     7.2688      1.143    6.90797     7.2673    23.8911   12.43286 8.2247e+02 0.0000e+00
        187 157.450700    0.01292     0.7750     46.500      1.158  48723.347    30.5637     7.2681      1.148    6.90808     7.2664    23.8912   12.43303 7.8291e+02 0.0000e+00
        188 157.450703    0.01299     0.7792     46.750      1.162  48721.008    30.5619     7.2674      1.151    6.90827     7.2652    23.8900   12.43338 7.2611e+02 0.0000e+00
        189 157.450706    0.01306     0.7833     47.000      1.163  48717.044    30.5590     7.2665      1.152    6.90855     7.2639    23.8878   12.43387 6.9247e+02 0.0000e+00
        190 157.450709    0.01313     0.7875     47.250      1.162  48713.239    30.5562     7.2653      1.151    6.90886     7.2624    23.8857   12.43442 6.9182e+02 0.0000e+00
        191 157.450712    0.01319     0.7917     47.500      1.160  48710.661    30.5542     7.2640      1.149    6.90916     7.2604    23.8843   12.43494 7.0562e+02 0.0000e+00
        192 157.450715    0.01326     0.7958     47.750      1.159  48709.474    30.5531     7.2625      1.148    6.90945     7.2577    23.8837   12.43542 7.3039e+02 0.0000e+00
        193 157.450718    0.01333     0.8000     48.000      1.159  48709.755    30.5530     7.2605      1.149    6.90977     7.2545    23.8839   12.43596 7.4594e+02 0.0000e+00
        194 157.450720    0.01340     0.8042     48.250      1.162  48711.538    30.5538     7.2578      1.151    6.91016     7.2511    23.8848   12.43660 7.4123e+02 0.0000e+00
        195 157.450723    0.01347     0.8083     48.500      1.165  48714.387    30.5553     7.2546      1.154    6.91060     7.2477    23.8864   12.43731 7.4063e+02 0.0000e+00
        196 157.450726    0.01354     0.8125     48.750      1.168  48717.658    30.5570     7.2512      1.157    6.91107     7.2444    23.8882   12.43806 7.4817e+02 0.0000e+00
        197 157.450729    0.01361     0.8167     49.000      1.169  48721.041    30.5587     7.2478      1.158    6.91153     7.2410    23.8900   12.43880 7.6231e+02 0.0000e+00
        198 157.450732    0.01368     0.8208     49.250      1.169  48724.608    30.5607     7.2445      1.158    6.91198     7.2377    23.8920   12.43952 7.7779e+02 0.0000e+00
        199 157.450735    0.01375     0.8250     49.500      1.167  48728.421    30.5628     7.2411      1.156    6.91241     7.2342    23.8941   12.44021 7.6592e+02 0.0000e+00
        200 157.450738    0.01382     0.8292     49.750      1.163  48732.369    30.5650     7.2378      1.153    6.91285     7.2305    23.8962   12.44090 7.3254e+02 0.0000e+00
        201 157.450741    0.01389     0.8333     50.000      1.160  48736.508    30.5673     7.2343      1.150    6.91329     7.2265    23.8985   12.44161 6.9397e+02 0.0000e+00
        202 157.450744    0.01396     0.8375     50.250      1.158  48740.993    30.5697     7.2306      1.148    6.91378     7.2227    23.9010   12.44238 6.4334e+02 0.0000e+00
        203 157.450747    0.01403     0.8417     50.500      1.159  48745.629    30.5723     7.2266      1.148    6.91429     7.2193    23.9035   12.44320 5.9721e+02 0.0000e+00
        204 157.450749    0.01410     0.8458     50.750      1.161  48749.942    30.5747     7.2228      1.150    6.91480     7.2163    23.9059   12.44400 5.6880e+02 0.0000e+00
        205 157.450752    0.01417     0.8500     51.000      1.164  48753.598    30.5766     7.2194      1.153    6.91525     7.2138    23.9079   12.44473 5.4921e+02 0.0000e+00
        206 157.450755    0.01424     0.8542     51.250      1.167  48756.633    30.5783     7.2164      1.156    6.91565     7.2113    23.9095   12.44536 5.3362e+02 0.0000e+00
        207 157.450758    0.01431     0.8583     51.500      1.169  48759.382    30.5798     7.2139      1.158    6.91599     7.2086    23.9110   12.44591 5.1963e+02 0.0000e+00
        208 157.450761    0.01438     0.8625     51.750      1.169  48762.338    30.5814     7.2114      1.158    6.91631     7.2057    23.9126   12.44643 5.0933e+02 0.0000e+00
        209 157.450764    0.01444     0.8667     52.000      1.168  48765.899    30.5834     7.2087      1.157    6.91664     7.2025    23.9145   12.44695 5.0518e+02 0.0000e+00
        210 157.450767    0.01451     0.8708     52.250      1.167  48770.068    30.5858     7.2058      1.156    6.91700     7.1994    23.9168   12.44751 5.0502e+02 0.0000e+00
        211 157.450770    0.01458     0.8750     52.500      1.165  48774.478    30.5884     7.2026      1.154    6.91738     7.1965    23.9192   12.44811 5.0215e+02 0.0000e+00
        212 157.450773    0.01465     0.8792     52.750      1.163  48778.631    30.5907     7.1995      1.152    6.91777     7.1939    23.9215   12.44872 4.9885e+02 0.0000e+00
        213 157.450775    0.01472     0.8833     53.000      1.163  48782.185    30.5927     7.1966      1.152    6.91814     7.1916    23.9234   12.44931 5.0437e+02 0.0000e+00
        214 157.450778    0.01479     0.8875     53.250      1.163  48785.064    30.5943     7.1940      1.152    6.91849     7.1896    23.9250   12.44987 5.0803e+02 0.0000e+00
        215 157.450781    0.01486     0.8917     53.500      1.165  48787.305    30.5955     7.1917      1.154    6.91880     7.1878    23.9262   12.45038 5.0221e+02 0.0000e+00
        216 157.450784    0.01493     0.8958     53.750      1.168  48788.997    30.5963     7.1897      1.158    6.91909     7.1864    23.9272   12.45084 5.0423e+02 0.0000e+00
        217 157.450787    0.01500     0.9000     54.000      1.173  48790.240    30.5969     7.1879      1.162    6.91934     7.1852    23.9278   12.45124 5.1973e+02 0.0000e+00
        218 157.450790    0.01507     0.9042     54.250      1.179  48791.078    30.5972     7.1865      1.168    6.91955     7.1843    23.9283   12.45159 5.3303e+02 0.0000e+00
        219 157.450793    0.01514     0.9083     54.500      1.187  48791.573    30.5973     7.1853      1.176    6.91973     7.1835    23.9286   12.45189 5.3547e+02 0.0000e+00
        220 157.450796    0.01521     0.9125     54.750      1.195  48791.844    30.5974     7.1844      1.184    6.91988     7.1830    23.9287   12.45214 5.3723e+02 0.0000e+00
        221 157.450799    0.01528     0.9167     55.000      1.203  48791.989    30.5974     7.1836      1.191    6.92000     7.1824    23.9288   12.45233 5.4173e+02 0.0000e+00
        222 157.450802    0.01535     0.9208     55.250      1.209  48792.186    30.5974     7.1831      1.198    6.92009     7.1818    23.9289   12.45248 5.4302e+02 0.0000e+00
        223 157.450804    0.01542     0.9250     55.500      1.213  48792.757    30.5977     7.1825      1.202    6.92017     7.1810    23.9292   12.45260 5.4603e+02 0.0000e+00
        224 157.450807    0.01549     0.9292     55.750      1.215  48793.860    30.5984     7.1819      1.204    6.92024     7.1802    23.9298   12.45271 5.5255e+02 0.0000e+00
        225 157.450810    0.01556     0.9333     56.000      1.216  48795.163    30.5991     7.1811      1.204    6.92032     7.1794    23.9305   12.45284 5.6189e+02 0.0000e+00
        226 157.450813    0.01563     0.9375     56.250      1.216  48796.085    30.5996     7.1803      1.204    6.92043     7.1786    23.9310   12.45301 5.8053e+02 0.0000e+00
        227 157.450816    0.01569     0.9417     56.500      1.217  48796.365    30.5997     7.1795      1.205    6.92056     7.1780    23.9312   12.45323 6.0167e+02 0.0000e+00
        228 157.450819    0.01576     0.9458     56.750      1.220  48796.244    30.5995     7.1787      1.208    6.92069     7.1775    23.9311   12.45345 6.1331e+02 0.0000e+00
        229 157.450822    0.01583     0.9500     57.000      1.223  48796.048    30.5992     7.1781      1.212    6.92081     7.1772    23.9310   12.45364 6.2886e+02 0.0000e+00
        230 157.450825    0.01590     0.9542     57.250      1.226  48795.871    30.5990     7.1776      1.215    6.92089     7.1769    23.9309   12.45378 6.5865e+02 0.0000e+00
        231 157.450828    0.01597     0.9583     57.500      1.227  48795.798    30.5989     7.1773      1.216    6.92094     7.1767    23.9308   12.45387 6.8545e+02 0.0000e+00
        232 157.450830    0.01604     0.9625     57.750      1.228  48795.881    30.5989     7.1771      1.217    6.92099     7.1764    23.9309   12.45394 6.9893e+02 0.0000e+00
        233 157.450833    0.01611     0.9667     58.000      1.229  48795.919    30.5989     7.1768      1.218    6.92103     7.1762    23.9309   12.45401 7.2414e+02 0.0000e+00
        234 157.450836    0.01618     0.9708     58.250      1.231  48795.702    30.5987     7.1765      1.220    6.92108     7.1761    23.9308   12.45409 7.6370e+02 0.0000e+00
        235 157.450839    0.01625     0.9750     58.500      1.234  48795.334    30.5984     7.1763      1.223    6.92112     7.1761    23.9306   12.45417 7.7209e+02 0.0000e+00
        236 157.450842    0.01632     0.9792     58.750      1.238  48795.015    30.5982     7.1762      1.227    6.92115     7.1761    23.9304   12.45423 7.5485e+02 0.0000e+00
        237 157.450845    0.01639     0.9833     59.000      1.241  48794.788    30.5980     7.1762      1.230    6.92116     7.1760    23.9303   12.45425 7.3761e+02 0.0000e+00
        238 157.450848    0.01646     0.9875     59.250      1.242  48794.732    30.5980     7.1762      1.230    6.92116     7.1758    23.9303   12.45424 7.1175e+02 0.0000e+00
        239 157.450851    0.01653     0.9917     59.500      1.240  48795.142    30.5983     7.1761      1.228    6.92116     7.1753    23.9305   12.45424 6.9721e+02 0.0000e+00
        240 157.450854    0.01660     0.9958     59.750      1.234  48796.190    30.5990     7.1759      1.222    6.92117     7.1746    23.9311   12.45425 6.9164e+02 0.0000e+00
        241 157.450856    0.01667     1.0000     60.000      1.228  48797.566    30.5998     7.1754      1.216    6.92121     7.1736    23.9318   12.45430 6.7522e+02 0.0000e+00
        242 157.450859    0.01674     1.0042     60.250      1.223  48798.839    30.6006     7.1747      1.212    6.92128     7.1725    23.9325   12.45441 6.7625e+02 0.0000e+00
        243 157.450862    0.01681     1.0083     60.500      1.222  48799.922    30.6012     7.1737      1.211    6.92141     7.1715    23.9331   12.45462 6.9167e+02 0.0000e+00
        244 157.450865    0.01688     1.0125     60.750      1.225  48800.867    30.6016     7.1726      1.214    6.92157     7.1710    23.9336   12.45488 6.9159e+02 0.0000e+00
        245 157.450868    0.01694     1.0167     61.000      1.231  48801.551    30.6020     7.1717      1.220    6.92171     7.1710    23.9340   12.45510 6.8545e+02 0.0000e+00
        246 157.450871    0.01701     1.0208     61.250      1.239  48801.804    30.6021     7.1712      1.228    6.92178     7.1711    23.9341   12.45522 6.8603e+02 0.0000e+00
        247 157.450874    0.01708     1.0250     61.500      1.245  48801.654    30.6019     7.1711      1.234    6.92179     7.1709    23.9341   12.45524 7.0044e+02 0.0000e+00
        248 157.450877    0.01715     1.0292     61.750      1.247  48801.504    30.6018     7.1712      1.236    6.92179     7.1705    23.9340   12.45523 7.0953e+02 0.0000e+00
        249 157.450880    0.01722     1.0333     62.000      1.245  48801.934    30.6021     7.1711      1.234    6.92180     7.1699    23.9342   12.45524 6.8671e+02 0.0000e+00
        250 157.450883    0.01729     1.0375     62.250      1.239  48803.033    30.6028     7.1706      1.228    6.92183     7.1690    23.9348   12.45529 6.6589e+02 0.0000e+00
        251 157.450885    0.01736     1.0417     62.500      1.233  48804.382    30.6037     7.1700      1.222    6.92189     7.1678    23.9355   12.45538 6.8681e+02 0.0000e+00
        252 157.450888    0.01743     1.0458     62.750      1.228  48805.773    30.6045     7.1691      1.217    6.92199     7.1665    23.9363   12.45554 7.2177e+02 0.0000e+00
        253 157.450891    0.01750     1.0500     63.000      1.226  48807.282    30.6054     7.1679      1.215    6.92214     7.1655    23.9371   12.45578 7.3640e+02 0.0000e+00
        254 157.450894    0.01757     1.0542     63.250      1.227  48808.724    30.6061     7.1666      1.216    6.92232     7.1650    23.9379   12.45606 7.4730e+02 0.0000e+00
        255 157.450897    0.01764     1.0583     63.500      1.232  48809.692    30.6066     7.1656      1.220    6.92246     7.1652    23.9384   12.45629 7.6995e+02 0.0000e+00
        256 157.450900    0.01771     1.0625     63.750      1.238  48809.943    30.6067     7.1651      1.227    6.92253     7.1659    23.9386   12.45640 7.8024e+02 0.0000e+00
        257 157.450903    0.01778     1.0667     64.000      1.246  48809.461    30.6064     7.1654      1.234    6.92251     7.1668    23.9383   12.45637 7.5100e+02 0.0000e+00
        258 157.450906    0.01785     1.0708     64.250      1.252  48808.440    30.6058     7.1661      1.241    6.92242     7.1674    23.9378   12.45624 7.0767e+02 0.0000e+00
        259 157.450909    0.01792     1.0750     64.500      1.256  48807.283    30.6052     7.1669      1.244    6.92232     7.1675    23.9371   12.45608 6.8671e+02 0.0000e+00
        260 157.450911    0.01799     1.0792     64.750      1.255  48806.580    30.6048     7.1675      1.243    6.92225     7.1670    23.9367   12.45595 6.9816e+02 0.0000e+00
        261 157.450914    0.01806     1.0833     65.000      1.250  48806.934    30.6051     7.1676      1.238    6.92222     7.1660    23.9369   12.45590 7.2194e+02 0.0000e+00
        262 157.450917    0.01812     1.0875     65.250      1.240  48808.475    30.6061     7.1671      1.229    6.92225     7.1645    23.9378   12.45594 7.3181e+02 0.0000e+00
        263 157.450920    0.01819     1.0917     65.500      1.230  48810.811    30.6075     7.1661      1.218    6.92234     7.1625    23.9390   12.45607 7.2813e+02 0.0000e+00
        264 157.450923    0.01826     1.0958     65.750      1.220  48813.554    30.6092     7.1646      1.209    6.92251     7.1608    23.9405   12.45634 7.0544e+02 0.0000e+00
        265 157.450926    0.01833     1.1000     66.000      1.215  48816.303    30.6107     7.1626      1.203    6.92274     7.1597    23.9420   12.45670 6.7612e+02 0.0000e+00
        266 157.450929    0.01840     1.1042     66.250      1.214  48818.485    30.6120     7.1609      1.203    6.92296     7.1593    23.9432   12.45705 6.6084e+02 0.0000e+00
        267 157.450932    0.01847     1.1083     66.500      1.219  48819.818    30.6127     7.1598      1.208    6.92311     7.1597    23.9440   12.45728 6.6258e+02 0.0000e+00
        268 157.450935    0.01854     1.1125     66.750      1.226  48820.302    30.6130     7.1594      1.215    6.92316     7.1605    23.9442   12.45736 6.6856e+02 0.0000e+00
        269 157.450938    0.01861     1.1167     67.000      1.235  48819.807    30.6127     7.1598      1.223    6.92311     7.1615    23.9439   12.45729 6.5910e+02 0.0000e+00
        270 157.450940    0.01868     1.1208     67.250      1.242  48818.401    30.6119     7.1606      1.230    6.92301     7.1622    23.9432   12.45713 6.4723e+02 0.0000e+00
        271 157.450943    0.01875     1.1250     67.500      1.246  48816.686    30.6108     7.1616      1.234    6.92290     7.1625    23.9422   12.45696 6.4362e+02 0.0000e+00
