CTD-processing/allCTD/CNV--turbid/2012_10-28_t6_s08_cast021.cnv
* Sea-Bird SBE19plus Data File:
* FileName = C:\Documents and Settings\kris.holderied.local\My Documents\2012-10-CookInlet-Ocean-LTM\2012-10-28-EVOSTC-CookInletOcean-Tran6-Douglas\2012-10-28-CookInletOcean-Tran6-cast021.hex
* Software Version 1.54
* Temperature SN =  4141
* Conductivity SN =  4141
* System UpLoad Time = Oct 28 2012 19:49:06
** Cook Inlet EVOSTC Transect 6 Douglas line west to east
** Date:   28 Oct 2012
** Station:  6-08
** Start time (AKDT-24 hr):  1619
** Depth (m):  140
** Comment:
# nquan = 16
# nvalues = 971                         
# units = specified
# name 0 = scan: Scan Count
# name 1 = timeJ: Julian Days
# name 2 = timeH: Time, Elapsed [hours]
# name 3 = timeM: Time, Elapsed [minutes]
# name 4 = timeS: Time, Elapsed [seconds]
# name 5 = prdM: Pressure, Strain Gauge [db]
# name 6 = specc: Specific Conductance [uS/cm]
# name 7 = sal00: Salinity, Practical [PSU]
# name 8 = tv290C: Temperature [ITS-90, deg C]
# name 9 = depSM: Depth [salt water, m], lat = 59.00
# name 10 = oxsolML/L: Oxygen Saturation, Garcia & Gordon [ml/l]
# name 11 = potemp090C: Potential Temperature [ITS-90, deg C]
# name 12 = sigma-é00: Density [sigma-theta, kg/m^3]
# name 13 = n2satML/L: Nitrogen Saturation [ml/l]
# name 14 = par: PAR/Irradiance, Biospherical/Licor
# name 15 = flag:  0.000e+00
# span 0 =          1,        971       
# span 1 = 302.679549, 302.682355       
# span 2 =    0.00000,    0.06736       
# span 3 =     0.0000,     4.0417       
# span 4 =      0.000,    242.500       
# span 5 =     -0.058,    109.888       
# span 6 =    177.036,  51044.608       
# span 7 =     0.0802,    32.1930       
# span 8 =     5.6297,     8.6602       
# span 9 =     -0.057,    108.832       
# span 10 =    6.65765,    8.78257      
# span 11 =     5.6297,     8.6600      
# span 12 =     0.0172,    25.1231      
# span 13 =   12.00848,   15.99600      
# span 14 = 3.6386e-02, 4.5384e+02      
# span 15 = 0.0000e+00, 0.0000e+00      
# interval = seconds: 0.25
# start_time = Oct 28 2012 16:18:33 [Instrument's time stamp, header]
# bad_flag = -9.990e-29
*END*
[from data line 633]
        634 302.681380    0.04396     2.6375    158.250     17.512  50117.063    31.6974     8.3294     17.347    6.69341     8.3373    24.6339   12.06383 1.4857e+01 0.0000e+00
        635 302.681383    0.04403     2.6417    158.500     17.779  50124.917    31.7034     8.3336     17.612    6.69250     8.3443    24.6380   12.06226 1.4341e+01 0.0000e+00
        636 302.681386    0.04410     2.6458    158.750     18.082  50135.637    31.7117     8.3391     17.912    6.69133     8.3530    24.6436   12.06022 1.3781e+01 0.0000e+00
        637 302.681389    0.04417     2.6500    159.000     18.416  50147.089    31.7207     8.3461     18.243    6.68988     8.3628    24.6496   12.05771 1.3210e+01 0.0000e+00
        638 302.681392    0.04424     2.6542    159.250     18.774  50155.660    31.7279     8.3549     18.598    6.68825     8.3731    24.6540   12.05492 1.2644e+01 0.0000e+00
        639 302.681395    0.04431     2.6583    159.500     19.141  50161.814    31.7335     8.3647     18.962    6.68652     8.3840    24.6570   12.05200 1.2091e+01 0.0000e+00
        640 302.681398    0.04437     2.6625    159.750     19.503  50168.735    31.7398     8.3751     19.320    6.68469     8.3955    24.6604   12.04889 1.1563e+01 0.0000e+00
        641 302.681400    0.04444     2.6667    160.000     19.845  50175.520    31.7461     8.3860     19.659    6.68278     8.4067    24.6637   12.04565 1.1081e+01 0.0000e+00
        642 302.681403    0.04451     2.6708    160.250     20.157  50178.312    31.7496     8.3974     19.968    6.68090     8.4168    24.6648   12.04250 1.0668e+01 0.0000e+00
        643 302.681406    0.04458     2.6750    160.500     20.432  50176.936    31.7503     8.4087     20.241    6.67917     8.4254    24.6636   12.03964 1.0325e+01 0.0000e+00
        644 302.681409    0.04465     2.6792    160.750     20.671  50174.276    31.7498     8.4188     20.477    6.67767     8.4328    24.6618   12.03717 1.0050e+01 0.0000e+00
        645 302.681412    0.04472     2.6833    161.000     20.882  50172.956    31.7501     8.4274     20.686    6.67637     8.4398    24.6608   12.03501 9.8559e+00 0.0000e+00
        646 302.681415    0.04479     2.6875    161.250     21.075  50174.740    31.7524     8.4349     20.877    6.67516     8.4473    24.6615   12.03297 9.7437e+00 0.0000e+00
        647 302.681418    0.04486     2.6917    161.500     21.266  50180.121    31.7572     8.4419     21.066    6.67389     8.4556    24.6642   12.03082 9.6569e+00 0.0000e+00
        648 302.681421    0.04493     2.6958    161.750     21.468  50186.889    31.7630     8.4494     21.266    6.67252     8.4645    24.6676   12.02848 9.5227e+00 0.0000e+00
        649 302.681424    0.04500     2.7000    162.000     21.692  50192.365    31.7680     8.4577     21.489    6.67105     8.4734    24.6703   12.02599 9.3129e+00 0.0000e+00
        650 302.681427    0.04507     2.7042    162.250     21.948  50195.883    31.7717     8.4667     21.742    6.66955     8.4818    24.6719   12.02347 9.0397e+00 0.0000e+00
        651 302.681429    0.04514     2.7083    162.500     22.240  50196.878    31.7736     8.4756     22.031    6.66813     8.4889    24.6721   12.02108 8.7243e+00 0.0000e+00
        652 302.681432    0.04521     2.7125    162.750     22.562  50195.364    31.7737     8.4840     22.350    6.66687     8.4943    24.6709   12.01901 8.3852e+00 0.0000e+00
        653 302.681435    0.04528     2.7167    163.000     22.907  50192.455    31.7726     8.4911     22.692    6.66585     8.4979    24.6690   12.01734 8.0418e+00 0.0000e+00
        654 302.681438    0.04535     2.7208    163.250     23.260  50189.484    31.7712     8.4966     23.041    6.66510     8.4999    24.6671   12.01610 7.7189e+00 0.0000e+00
        655 302.681441    0.04542     2.7250    163.500     23.605  50187.350    31.7701     8.5002     23.383    6.66460     8.5003    24.6657   12.01528 7.4383e+00 0.0000e+00
        656 302.681444    0.04549     2.7292    163.750     23.925  50186.642    31.7697     8.5022     23.699    6.66432     8.4996    24.6652   12.01483 7.2095e+00 0.0000e+00
        657 302.681447    0.04556     2.7333    164.000     24.210  50188.131    31.7707     8.5026     23.982    6.66421     8.4985    24.6659   12.01463 7.0310e+00 0.0000e+00
        658 302.681450    0.04562     2.7375    164.250     24.456  50191.626    31.7730     8.5020     24.226    6.66420     8.4972    24.6677   12.01459 6.8951e+00 0.0000e+00
        659 302.681453    0.04569     2.7417    164.500     24.663  50195.870    31.7757     8.5009     24.430    6.66425     8.4961    24.6700   12.01464 6.7934e+00 0.0000e+00
        660 302.681455    0.04576     2.7458    164.750     24.834  50199.789    31.7782     8.4997     24.601    6.66432     8.4951    24.6722   12.01474 6.7108e+00 0.0000e+00
        661 302.681458    0.04583     2.7500    165.000     24.984  50203.017    31.7802     8.4986     24.750    6.66440     8.4944    24.6739   12.01484 6.6258e+00 0.0000e+00
        662 302.681461    0.04590     2.7542    165.250     25.132  50205.825    31.7820     8.4977     24.896    6.66447     8.4936    24.6754   12.01492 6.5230e+00 0.0000e+00
        663 302.681464    0.04597     2.7583    165.500     25.297  50208.776    31.7838     8.4969     25.059    6.66450     8.4927    24.6770   12.01496 6.3951e+00 0.0000e+00
        664 302.681467    0.04604     2.7625    165.750     25.496  50212.073    31.7859     8.4961     25.256    6.66452     8.4915    24.6788   12.01496 6.2385e+00 0.0000e+00
        665 302.681470    0.04611     2.7667    166.000     25.739  50215.607    31.7882     8.4953     25.497    6.66455     8.4897    24.6807   12.01499 6.0570e+00 0.0000e+00
        666 302.681473    0.04618     2.7708    166.250     26.026  50219.479    31.7906     8.4941     25.781    6.66462     8.4869    24.6827   12.01508 5.8612e+00 0.0000e+00
        667 302.681476    0.04625     2.7750    166.500     26.349  50223.960    31.7933     8.4923     26.101    6.66477     8.4827    24.6851   12.01529 5.6612e+00 0.0000e+00
        668 302.681479    0.04632     2.7792    166.750     26.694  50229.130    31.7964     8.4896     26.443    6.66505     8.4768    24.6879   12.01572 5.4645e+00 0.0000e+00
        669 302.681481    0.04639     2.7833    167.000     27.041  50235.081    31.7998     8.4854     26.786    6.66554     8.4697    24.6912   12.01648 5.2831e+00 0.0000e+00
        670 302.681484    0.04646     2.7875    167.250     27.369  50242.300    31.8038     8.4795     27.111    6.66624     8.4626    24.6953   12.01760 5.1303e+00 0.0000e+00
        671 302.681487    0.04653     2.7917    167.500     27.665  50250.593    31.8084     8.4725     27.405    6.66709     8.4559    24.6999   12.01895 5.0103e+00 0.0000e+00
        672 302.681490    0.04660     2.7958    167.750     27.925  50258.415    31.8127     8.4653     27.662    6.66797     8.4494    24.7043   12.02035 4.9162e+00 0.0000e+00
        673 302.681493    0.04667     2.8000    168.000     28.151  50264.384    31.8158     8.4586     27.886    6.66884     8.4425    24.7077   12.02175 4.8356e+00 0.0000e+00
        674 302.681496    0.04674     2.8042    168.250     28.354  50268.226    31.8174     8.4522     28.087    6.66974     8.4350    24.7100   12.02321 4.7580e+00 0.0000e+00
        675 302.681499    0.04681     2.8083    168.500     28.546  50271.698    31.8188     8.4454     28.277    6.67071     8.4276    24.7120   12.02480 4.6746e+00 0.0000e+00
        676 302.681502    0.04688     2.8125    168.750     28.739  50277.423    31.8216     8.4379     28.468    6.67171     8.4212    24.7153   12.02642 4.5795e+00 0.0000e+00
        677 302.681505    0.04694     2.8167    169.000     28.944  50285.015    31.8257     8.4304     28.671    6.67264     8.4162    24.7196   12.02792 4.4718e+00 0.0000e+00
        678 302.681508    0.04701     2.8208    169.250     29.167  50292.113    31.8296     8.4241     28.892    6.67343     8.4122    24.7236   12.02917 4.3532e+00 0.0000e+00
        679 302.681510    0.04708     2.8250    169.500     29.405  50297.560    31.8325     8.4191     29.128    6.67405     8.4089    24.7266   12.03016 4.2273e+00 0.0000e+00
        680 302.681513    0.04715     2.8292    169.750     29.654  50301.513    31.8346     8.4152     29.375    6.67454     8.4057    24.7288   12.03096 4.0997e+00 0.0000e+00
        681 302.681516    0.04722     2.8333    170.000     29.904  50304.450    31.8360     8.4118     29.622    6.67498     8.4023    24.7305   12.03167 3.9759e+00 0.0000e+00
        682 302.681519    0.04729     2.8375    170.250     30.145  50306.661    31.8370     8.4087     29.861    6.67541     8.3983    24.7317   12.03237 3.8591e+00 0.0000e+00
        683 302.681522    0.04736     2.8417    170.500     30.371  50308.565    31.8377     8.4053     30.085    6.67589     8.3937    24.7328   12.03314 3.7496e+00 0.0000e+00
        684 302.681525    0.04743     2.8458    170.750     30.582  50310.995    31.8387     8.4014     30.294    6.67644     8.3888    24.7341   12.03403 3.6479e+00 0.0000e+00
        685 302.681528    0.04750     2.8500    171.000     30.785  50314.598    31.8404     8.3968     30.495    6.67705     8.3840    24.7362   12.03502 3.5559e+00 0.0000e+00
        686 302.681531    0.04757     2.8542    171.250     30.990  50319.157    31.8427     8.3919     30.698    6.67768     8.3794    24.7387   12.03604 3.4725e+00 0.0000e+00
        687 302.681534    0.04764     2.8583    171.500     31.206  50323.955    31.8453     8.3871     30.912    6.67830     8.3751    24.7414   12.03703 3.3928e+00 0.0000e+00
        688 302.681536    0.04771     2.8625    171.750     31.445  50328.498    31.8477     8.3825     31.148    6.67888     8.3710    24.7440   12.03796 3.3116e+00 0.0000e+00
        689 302.681539    0.04778     2.8667    172.000     31.712  50332.884    31.8500     8.3782     31.413    6.67943     8.3674    24.7464   12.03884 3.2257e+00 0.0000e+00
        690 302.681542    0.04785     2.8708    172.250     32.009  50337.380    31.8524     8.3742     31.707    6.67993     8.3642    24.7489   12.03964 3.1350e+00 0.0000e+00
        691 302.681545    0.04792     2.8750    172.500     32.332  50341.662    31.8547     8.3705     32.027    6.68038     8.3616    24.7513   12.04035 3.0424e+00 0.0000e+00
        692 302.681548    0.04799     2.8792    172.750     32.671  50345.182    31.8565     8.3674     32.363    6.68076     8.3592    24.7532   12.04096 2.9506e+00 0.0000e+00
        693 302.681551    0.04806     2.8833    173.000     33.015  50347.941    31.8579     8.3648     32.703    6.68109     8.3570    24.7547   12.04150 2.8623e+00 0.0000e+00
        694 302.681554    0.04813     2.8875    173.250     33.351  50350.153    31.8589     8.3625     33.036    6.68139     8.3546    24.7558   12.04199 2.7802e+00 0.0000e+00
        695 302.681557    0.04819     2.8917    173.500     33.667  50351.881    31.8597     8.3603     33.349    6.68170     8.3521    24.7567   12.04249 2.7057e+00 0.0000e+00
        696 302.681560    0.04826     2.8958    173.750     33.954  50353.331    31.8602     8.3580     33.634    6.68202     8.3495    24.7575   12.04302 2.6402e+00 0.0000e+00
        697 302.681562    0.04833     2.9000    174.000     34.210  50354.968    31.8608     8.3555     33.887    6.68236     8.3470    24.7583   12.04358 2.5849e+00 0.0000e+00
        698 302.681565    0.04840     2.9042    174.250     34.438  50357.030    31.8618     8.3529     34.113    6.68271     8.3447    24.7594   12.04414 2.5392e+00 0.0000e+00
        699 302.681568    0.04847     2.9083    174.500     34.644  50359.337    31.8629     8.3504     34.318    6.68304     8.3427    24.7607   12.04467 2.5000e+00 0.0000e+00
        700 302.681571    0.04854     2.9125    174.750     34.840  50361.645    31.8641     8.3481     34.512    6.68334     8.3409    24.7620   12.04514 2.4639e+00 0.0000e+00
        701 302.681574    0.04861     2.9167    175.000     35.036  50363.658    31.8651     8.3461     34.706    6.68359     8.3391    24.7631   12.04555 2.4275e+00 0.0000e+00
        702 302.681577    0.04868     2.9208    175.250     35.243  50365.262    31.8659     8.3443     34.911    6.68383     8.3373    24.7639   12.04593 2.3877e+00 0.0000e+00
        703 302.681580    0.04875     2.9250    175.500     35.468  50366.851    31.8666     8.3426     35.133    6.68406     8.3355    24.7648   12.04630 2.3422e+00 0.0000e+00
        704 302.681583    0.04882     2.9292    175.750     35.713  50368.868    31.8676     8.3408     35.375    6.68429     8.3341    24.7659   12.04667 2.2901e+00 0.0000e+00
        705 302.681586    0.04889     2.9333    176.000     35.976  50371.154    31.8689     8.3390     35.636    6.68450     8.3330    24.7671   12.04700 2.2329e+00 0.0000e+00
        706 302.681589    0.04896     2.9375    176.250     36.252  50373.257    31.8700     8.3376     35.910    6.68466     8.3322    24.7682   12.04726 2.1724e+00 0.0000e+00
        707 302.681591    0.04903     2.9417    176.500     36.536  50375.074    31.8710     8.3365     36.191    6.68478     8.3317    24.7691   12.04744 2.1107e+00 0.0000e+00
        708 302.681594    0.04910     2.9458    176.750     36.819  50376.643    31.8719     8.3358     36.472    6.68485     8.3315    24.7699   12.04755 2.0499e+00 0.0000e+00
        709 302.681597    0.04917     2.9500    177.000     37.097  50377.894    31.8725     8.3353     36.747    6.68490     8.3314    24.7705   12.04761 1.9911e+00 0.0000e+00
        710 302.681600    0.04924     2.9542    177.250     37.367  50378.772    31.8730     8.3351     37.014    6.68491     8.3314    24.7709   12.04763 1.9336e+00 0.0000e+00
        711 302.681603    0.04931     2.9583    177.500     37.625  50379.322    31.8733     8.3350     37.270    6.68491     8.3314    24.7711   12.04763 1.8771e+00 0.0000e+00
        712 302.681606    0.04938     2.9625    177.750     37.871  50379.680    31.8734     8.3350     37.514    6.68490     8.3313    24.7712   12.04761 1.8235e+00 0.0000e+00
        713 302.681609    0.04944     2.9667    178.000     38.105  50379.969    31.8735     8.3351     37.745    6.68489     8.3313    24.7713   12.04759 1.7740e+00 0.0000e+00
        714 302.681612    0.04951     2.9708    178.250     38.330  50380.291    31.8736     8.3351     37.968    6.68489     8.3312    24.7714   12.04758 1.7282e+00 0.0000e+00
        715 302.681615    0.04958     2.9750    178.500     38.551  50380.671    31.8737     8.3350     38.187    6.68488     8.3311    24.7715   12.04758 1.6855e+00 0.0000e+00
        716 302.681617    0.04965     2.9792    178.750     38.773  50381.054    31.8739     8.3350     38.407    6.68488     8.3309    24.7717   12.04757 1.6452e+00 0.0000e+00
        717 302.681620    0.04972     2.9833    179.000     39.000  50381.466    31.8741     8.3349     38.632    6.68488     8.3307    24.7718   12.04758 1.6064e+00 0.0000e+00
        718 302.681623    0.04979     2.9875    179.250     39.235  50382.065    31.8744     8.3348     38.864    6.68489     8.3303    24.7721   12.04759 1.5685e+00 0.0000e+00
        719 302.681626    0.04986     2.9917    179.500     39.476  50383.067    31.8749     8.3345     39.103    6.68490     8.3300    24.7726   12.04761 1.5317e+00 0.0000e+00
        720 302.681629    0.04993     2.9958    179.750     39.725  50384.657    31.8759     8.3342     39.350    6.68491     8.3298    24.7734   12.04760 1.4958e+00 0.0000e+00
        721 302.681632    0.05000     3.0000    180.000     39.980  50387.001    31.8774     8.3339     39.602    6.68488     8.3297    24.7746   12.04754 1.4607e+00 0.0000e+00
        722 302.681635    0.05007     3.0042    180.250     40.236  50390.382    31.8796     8.3337     39.856    6.68482     8.3297    24.7763   12.04741 1.4262e+00 0.0000e+00
        723 302.681638    0.05014     3.0083    180.500     40.491  50394.415    31.8823     8.3336     40.109    6.68472     8.3296    24.7785   12.04720 1.3922e+00 0.0000e+00
