CTD-processing/allCTD/CNV--turbid/2012_07-02_subbays_halibutb_cast162.cnv
* Sea-Bird SBE19plus Data File:
* FileName = C:\Documents and Settings\kris.holderied.local\My Documents\CTD-data-upload-2012-07-28\CTD5028-upload-2012-07-28-cast162.hex
* Software Version 1.54
* Temperature SN =  5028
* Conductivity SN =  5028
* System UpLoad Time = Jul 28 2012 12:07:01
** Kachemak Bay - CTD data - upload all 2012-07-28
** Date:  2012-07-02   xxxx Tide (x of 2 lines)
** Station: Halibut B
** Start time (AKDT-24 hr):1312
** Depth (ft):169
** Comments:  Vertical and Hortizontal tow for visuals. Secchi disk 3m. 3.75m tow. 10L bucket surface grab - filtered.
# nquan = 16
# nvalues = 440                         
# units = specified
# name 0 = scan: Scan Count
# name 1 = timeJ: Julian Days
# name 2 = timeH: Time, Elapsed [hours]
# name 3 = timeM: Time, Elapsed [minutes]
# name 4 = timeS: Time, Elapsed [seconds]
# name 5 = prdM: Pressure, Strain Gauge [db]
# name 6 = specc: Specific Conductance [uS/cm]
# name 7 = sal00: Salinity, Practical [PSU]
# name 8 = tv290C: Temperature [ITS-90, deg C]
# name 9 = depSM: Depth [salt water, m], lat = 59.00
# name 10 = oxsolML/L: Oxygen Saturation, Garcia & Gordon [ml/l]
# name 11 = potemp090C: Potential Temperature [ITS-90, deg C]
# name 12 = sigma-é00: Density [sigma-theta, kg/m^3]
# name 13 = n2satML/L: Nitrogen Saturation [ml/l]
# name 14 = par: PAR/Irradiance, Biospherical/Licor [umol photons/m^2/sec]
# name 15 = flag:  0.000e+00
# span 0 =          1,        440       
# span 1 = 184.550544, 184.551814       
# span 2 =    0.00000,    0.03049       
# span 3 =     0.0000,     1.8292       
# span 4 =      0.000,    109.750       
# span 5 =     -0.070,     43.688       
# span 6 =    842.181,  50321.800       
# span 7 =     0.4091,    31.3962       
# span 8 =     5.8000,    12.3377       
# span 9 =     -0.070,     43.275       
# span 10 =    6.35192,    7.66807      
# span 11 =     5.7966,    12.3376      
# span 12 =    -0.0884,    24.7212      
# span 13 =   11.55992,   14.11167      
# span 14 = 8.7578e-02, 5.2054e+02      
# span 15 = 0.0000e+00, 0.0000e+00      
# interval = seconds: 0.25
# start_time = Jul 02 2012 13:12:47 [Instrument's time stamp, header]
# bad_flag = -9.990e-29
*END*
[from data line 91]
         92 184.550807    0.00632     0.3792     22.750      0.963  41174.375    25.9033    12.3093      0.954    6.36631    12.2956    19.4820   11.59109 3.0802e+02 0.0000e+00
         93 184.550810    0.00639     0.3833     23.000      0.953  41176.025    25.9040    12.3036      0.945    6.36707    12.2863    19.4836   11.59233 3.1102e+02 0.0000e+00
         94 184.550813    0.00646     0.3875     23.250      0.934  41182.252    25.9077    12.2957      0.925    6.36798    12.2776    19.4879   11.59381 3.1515e+02 0.0000e+00
         95 184.550816    0.00653     0.3917     23.500      0.911  41190.616    25.9128    12.2864      0.902    6.36904    12.2712    19.4934   11.59552 3.2043e+02 0.0000e+00
         96 184.550819    0.00660     0.3958     23.750      0.893  41199.069    25.9180    12.2777      0.884    6.37001    12.2680    19.4990   11.59708 3.2328e+02 0.0000e+00
         97 184.550822    0.00667     0.4000     24.000      0.886  41206.139    25.9225    12.2713      0.878    6.37070    12.2675    19.5035   11.59816 3.2109e+02 0.0000e+00
         98 184.550825    0.00674     0.4042     24.250      0.892  41210.112    25.9250    12.2681      0.883    6.37104    12.2690    19.5060   11.59870 3.1684e+02 0.0000e+00
         99 184.550828    0.00681     0.4083     24.500      0.906  41210.059    25.9249    12.2677      0.897    6.37110    12.2709    19.5060   11.59880 3.1375e+02 0.0000e+00
        100 184.550830    0.00688     0.4125     24.750      0.921  41206.710    25.9227    12.2691      0.913    6.37099    12.2720    19.5041   11.59864 3.1224e+02 0.0000e+00
        101 184.550833    0.00694     0.4167     25.000      0.933  41202.257    25.9197    12.2710      0.924    6.37085    12.2713    19.5015   11.59844 3.1222e+02 0.0000e+00
        102 184.550836    0.00701     0.4208     25.250      0.935  41199.162    25.9177    12.2721      0.926    6.37078    12.2684    19.4997   11.59835 3.1309e+02 0.0000e+00
        103 184.550839    0.00708     0.4250     25.500      0.926  41198.656    25.9173    12.2714      0.917    6.37089    12.2642    19.4995   11.59854 3.1603e+02 0.0000e+00
        104 184.550842    0.00715     0.4292     25.750      0.908  41200.632    25.9184    12.2685      0.899    6.37123    12.2603    19.5009   11.59910 3.2312e+02 0.0000e+00
        105 184.550845    0.00722     0.4333     26.000      0.886  41204.332    25.9207    12.2643      0.878    6.37172    12.2582    19.5033   11.59988 3.2942e+02 0.0000e+00
        106 184.550848    0.00729     0.4375     26.250      0.868  41208.990    25.9236    12.2605      0.860    6.37213    12.2587    19.5063   11.60053 3.2847e+02 0.0000e+00
        107 184.550851    0.00736     0.4417     26.500      0.860  41214.361    25.9272    12.2584      0.852    6.37227    12.2621    19.5094   11.60072 3.2268e+02 0.0000e+00
        108 184.550854    0.00743     0.4458     26.750      0.868  41220.330    25.9314    12.2588      0.860    6.37204    12.2680    19.5126   11.60029 3.1790e+02 0.0000e+00
        109 184.550856    0.00750     0.4500     27.000      0.890  41225.144    25.9350    12.2623      0.881    6.37143    12.2746    19.5148   11.59923 3.1510e+02 0.0000e+00
        110 184.550859    0.00757     0.4542     27.250      0.917  41225.603    25.9357    12.2682      0.908    6.37060    12.2797    19.5143   11.59784 3.1182e+02 0.0000e+00
        111 184.550862    0.00764     0.4583     27.500      0.938  41220.537    25.9327    12.2747      0.929    6.36983    12.2820    19.5109   11.59660 3.0961e+02 0.0000e+00
        112 184.550865    0.00771     0.4625     27.750      0.943  41213.391    25.9281    12.2798      0.934    6.36932    12.2807    19.5064   11.59579 3.1275e+02 0.0000e+00
        113 184.550868    0.00778     0.4667     28.000      0.930  41208.783    25.9251    12.2821      0.921    6.36914    12.2771    19.5037   11.59553 3.2013e+02 0.0000e+00
        114 184.550871    0.00785     0.4708     28.250      0.905  41208.194    25.9246    12.2808      0.896    6.36932    12.2732    19.5035   11.59585 3.2620e+02 0.0000e+00
        115 184.550874    0.00792     0.4750     28.500      0.879  41210.986    25.9263    12.2772      0.870    6.36975    12.2709    19.5055   11.59654 3.2790e+02 0.0000e+00
        116 184.550877    0.00799     0.4792     28.750      0.863  41215.481    25.9291    12.2733      0.854    6.37017    12.2711    19.5083   11.59720 3.2700e+02 0.0000e+00
        117 184.550880    0.00806     0.4833     29.000      0.861  41219.232    25.9315    12.2710      0.852    6.37038    12.2737    19.5106   11.59753 3.2487e+02 0.0000e+00
        118 184.550883    0.00813     0.4875     29.250      0.871  41220.318    25.9323    12.2712      0.863    6.37031    12.2771    19.5111   11.59741 3.2136e+02 0.0000e+00
        119 184.550885    0.00819     0.4917     29.500      0.888  41217.747    25.9307    12.2738      0.880    6.37003    12.2797    19.5095   11.59696 3.1817e+02 0.0000e+00
        120 184.550888    0.00826     0.4958     29.750      0.905  41211.962    25.9270    12.2772      0.896    6.36973    12.2804    19.5060   11.59649 3.1747e+02 0.0000e+00
        121 184.550891    0.00833     0.5000     30.000      0.915  41205.654    25.9228    12.2798      0.907    6.36954    12.2788    19.5023   11.59624 3.1923e+02 0.0000e+00
        122 184.550894    0.00840     0.5042     30.250      0.919  41201.755    25.9201    12.2805      0.910    6.36955    12.2749    19.5001   11.59628 3.2132e+02 0.0000e+00
        123 184.550897    0.00847     0.5083     30.500      0.915  41201.052    25.9195    12.2789      0.906    6.36979    12.2697    19.4999   11.59669 3.2269e+02 0.0000e+00
        124 184.550900    0.00854     0.5125     30.750      0.907  41202.820    25.9205    12.2750      0.898    6.37028    12.2643    19.5013   11.59749 3.2496e+02 0.0000e+00
        125 184.550903    0.00861     0.5167     31.000      0.897  41205.905    25.9222    12.2698      0.888    6.37092    12.2596    19.5035   11.59853 3.2817e+02 0.0000e+00
        126 184.550906    0.00868     0.5208     31.250      0.887  41209.179    25.9241    12.2644      0.878    6.37157    12.2560    19.5059   11.59959 3.2908e+02 0.0000e+00
        127 184.550909    0.00875     0.5250     31.500      0.879  41211.912    25.9256    12.2597      0.870    6.37215    12.2537    19.5079   11.60053 3.2795e+02 0.0000e+00
        128 184.550911    0.00882     0.5292     31.750      0.874  41214.135    25.9269    12.2561      0.866    6.37259    12.2527    19.5095   11.60125 3.2752e+02 0.0000e+00
        129 184.550914    0.00889     0.5333     32.000      0.876  41216.133    25.9281    12.2538      0.868    6.37285    12.2525    19.5109   11.60168 3.2726e+02 0.0000e+00
        130 184.550917    0.00896     0.5375     32.250      0.884  41217.562    25.9290    12.2528      0.876    6.37295    12.2528    19.5117   11.60184 3.2629e+02 0.0000e+00
        131 184.550920    0.00903     0.5417     32.500      0.894  41217.767    25.9291    12.2526      0.886    6.37297    12.2528    19.5119   11.60186 3.2444e+02 0.0000e+00
        132 184.550923    0.00910     0.5458     32.750      0.902  41216.609    25.9283    12.2529      0.894    6.37297    12.2519    19.5112   11.60187 3.2238e+02 0.0000e+00
        133 184.550926    0.00917     0.5500     33.000      0.904  41215.397    25.9275    12.2529      0.896    6.37300    12.2496    19.5106   11.60194 3.2370e+02 0.0000e+00
        134 184.550929    0.00924     0.5542     33.250      0.900  41216.039    25.9278    12.2520      0.892    6.37311    12.2460    19.5110   11.60212 3.2891e+02 0.0000e+00
        135 184.550932    0.00931     0.5583     33.500      0.891  41218.833    25.9296    12.2497      0.883    6.37334    12.2417    19.5128   11.60248 3.3332e+02 0.0000e+00
        136 184.550935    0.00937     0.5625     33.750      0.881  41222.648    25.9320    12.2461      0.873    6.37374    12.2383    19.5153   11.60311 3.3508e+02 0.0000e+00
        137 184.550938    0.00944     0.5667     34.000      0.876  41226.404    25.9343    12.2418      0.868    6.37423    12.2367    19.5178   11.60390 3.3529e+02 0.0000e+00
        138 184.550940    0.00951     0.5708     34.250      0.878  41229.482    25.9362    12.2384      0.870    6.37462    12.2371    19.5198   11.60453 3.3352e+02 0.0000e+00
        139 184.550943    0.00958     0.5750     34.500      0.887  41231.142    25.9372    12.2368      0.878    6.37479    12.2388    19.5209   11.60481 3.3010e+02 0.0000e+00
        140 184.550946    0.00965     0.5792     34.750      0.898  41230.566    25.9368    12.2372      0.889    6.37476    12.2408    19.5206   11.60475 3.2758e+02 0.0000e+00
        141 184.550949    0.00972     0.5833     35.000      0.905  41228.283    25.9354    12.2389      0.897    6.37458    12.2417    19.5191   11.60447 3.2705e+02 0.0000e+00
        142 184.550952    0.00979     0.5875     35.250      0.907  41226.165    25.9340    12.2409      0.898    6.37437    12.2411    19.5178   11.60414 3.2825e+02 0.0000e+00
        143 184.550955    0.00986     0.5917     35.500      0.902  41225.263    25.9335    12.2418      0.894    6.37426    12.2392    19.5172   11.60396 3.3152e+02 0.0000e+00
        144 184.550958    0.00993     0.5958     35.750      0.895  41225.255    25.9334    12.2412      0.886    6.37434    12.2369    19.5173   11.60410 3.3536e+02 0.0000e+00
        145 184.550961    0.01000     0.6000     36.000      0.887  41225.520    25.9334    12.2393      0.879    6.37460    12.2351    19.5176   11.60453 3.3711e+02 0.0000e+00
        146 184.550964    0.01007     0.6042     36.250      0.881  41225.549    25.9333    12.2370      0.873    6.37492    12.2339    19.5179   11.60506 3.3568e+02 0.0000e+00
        147 184.550966    0.01014     0.6083     36.500      0.878  41225.150    25.9329    12.2352      0.870    6.37519    12.2335    19.5179   11.60551 3.3178e+02 0.0000e+00
        148 184.550969    0.01021     0.6125     36.750      0.877  41224.342    25.9322    12.2340      0.869    6.37537    12.2335    19.5176   11.60582 3.2870e+02 0.0000e+00
        149 184.550972    0.01028     0.6167     37.000      0.879  41223.007    25.9313    12.2336      0.870    6.37547    12.2337    19.5169   11.60600 3.2832e+02 0.0000e+00
        150 184.550975    0.01035     0.6208     37.250      0.881  41221.073    25.9299    12.2336      0.873    6.37553    12.2338    19.5159   11.60611 3.2783e+02 0.0000e+00
        151 184.550978    0.01042     0.6250     37.500      0.884  41218.828    25.9284    12.2338      0.875    6.37556    12.2337    19.5147   11.60618 3.2628e+02 0.0000e+00
        152 184.550981    0.01049     0.6292     37.750      0.886  41216.803    25.9270    12.2339      0.878    6.37559    12.2334    19.5136   11.60625 3.2558e+02 0.0000e+00
        153 184.550984    0.01056     0.6333     38.000      0.889  41215.261    25.9259    12.2338      0.880    6.37565    12.2329    19.5127   11.60636 3.2585e+02 0.0000e+00
        154 184.550987    0.01063     0.6375     38.250      0.893  41214.077    25.9251    12.2335      0.884    6.37572    12.2321    19.5121   11.60649 3.2708e+02 0.0000e+00
        155 184.550990    0.01069     0.6417     38.500      0.898  41213.509    25.9246    12.2330      0.890    6.37581    12.2308    19.5119   11.60664 3.2980e+02 0.0000e+00
        156 184.550992    0.01076     0.6458     38.750      0.904  41214.090    25.9250    12.2322      0.895    6.37591    12.2287    19.5123   11.60680 3.3232e+02 0.0000e+00
        157 184.550995    0.01083     0.6500     39.000      0.907  41216.142    25.9263    12.2309      0.899    6.37603    12.2254    19.5135   11.60699 3.3302e+02 0.0000e+00
        158 184.550998    0.01090     0.6542     39.250      0.906  41220.277    25.9290    12.2288      0.898    6.37621    12.2206    19.5160   11.60726 3.3384e+02 0.0000e+00
        159 184.551001    0.01097     0.6583     39.500      0.901  41226.846    25.9333    12.2255      0.893    6.37649    12.2148    19.5199   11.60767 3.3548e+02 0.0000e+00
        160 184.551004    0.01104     0.6625     39.750      0.894  41234.907    25.9386    12.2207      0.886    6.37693    12.2089    19.5248   11.60834 3.3713e+02 0.0000e+00
        161 184.551007    0.01111     0.6667     40.000      0.886  41242.672    25.9435    12.2149      0.878    6.37752    12.2043    19.5296   11.60927 3.3864e+02 0.0000e+00
        162 184.551010    0.01118     0.6708     40.250      0.882  41248.380    25.9470    12.2090      0.874    6.37818    12.2012    19.5333   11.61031 3.3843e+02 0.0000e+00
        163 184.551013    0.01125     0.6750     40.500      0.883  41251.489    25.9488    12.2044      0.875    6.37874    12.1994    19.5355   11.61123 3.3747e+02 0.0000e+00
        164 184.551016    0.01132     0.6792     40.750      0.889  41252.928    25.9495    12.2013      0.881    6.37913    12.1984    19.5367   11.61188 3.3731e+02 0.0000e+00
        165 184.551019    0.01139     0.6833     41.000      0.896  41253.749    25.9499    12.1995      0.888    6.37936    12.1977    19.5373   11.61225 3.3657e+02 0.0000e+00
        166 184.551021    0.01146     0.6875     41.250      0.901  41254.676    25.9505    12.1985      0.893    6.37947    12.1969    19.5379   11.61242 3.3485e+02 0.0000e+00
        167 184.551024    0.01153     0.6917     41.500      0.902  41256.365    25.9516    12.1978      0.893    6.37951    12.1956    19.5389   11.61249 3.3417e+02 0.0000e+00
        168 184.551027    0.01160     0.6958     41.750      0.899  41258.930    25.9534    12.1970      0.890    6.37956    12.1939    19.5404   11.61254 3.3562e+02 0.0000e+00
        169 184.551030    0.01167     0.7000     42.000      0.894  41261.602    25.9551    12.1957      0.886    6.37966    12.1921    19.5420   11.61269 3.3648e+02 0.0000e+00
        170 184.551033    0.01174     0.7042     42.250      0.892  41263.272    25.9561    12.1940      0.883    6.37985    12.1907    19.5431   11.61299 3.3577e+02 0.0000e+00
        171 184.551036    0.01181     0.7083     42.500      0.893  41263.553    25.9562    12.1922      0.884    6.38009    12.1896    19.5434   11.61339 3.3601e+02 0.0000e+00
        172 184.551039    0.01188     0.7125     42.750      0.898  41263.294    25.9559    12.1908      0.889    6.38030    12.1887    19.5435   11.61375 3.3759e+02 0.0000e+00
        173 184.551042    0.01194     0.7167     43.000      0.903  41263.878    25.9562    12.1897      0.895    6.38043    12.1879    19.5439   11.61396 3.3830e+02 0.0000e+00
        174 184.551045    0.01201     0.7208     43.250      0.905  41266.160    25.9577    12.1888      0.896    6.38049    12.1870    19.5452   11.61404 3.3804e+02 0.0000e+00
        175 184.551047    0.01208     0.7250     43.500      0.900  41269.652    25.9601    12.1880      0.892    6.38051    12.1860    19.5472   11.61404 3.3960e+02 0.0000e+00
        176 184.551050    0.01215     0.7292     43.750      0.892  41272.636    25.9621    12.1871      0.883    6.38055    12.1852    19.5489   11.61409 3.4232e+02 0.0000e+00
        177 184.551053    0.01222     0.7333     44.000      0.883  41273.555    25.9626    12.1861      0.875    6.38066    12.1847    19.5495   11.61427 3.4266e+02 0.0000e+00
        178 184.551056    0.01229     0.7375     44.250      0.878  41272.387    25.9618    12.1853      0.870    6.38081    12.1845    19.5490   11.61453 3.4080e+02 0.0000e+00
        179 184.551059    0.01236     0.7417     44.500      0.878  41270.433    25.9604    12.1848      0.870    6.38093    12.1845    19.5480   11.61475 3.3867e+02 0.0000e+00
        180 184.551062    0.01243     0.7458     44.750      0.882  41268.870    25.9593    12.1846      0.873    6.38100    12.1845    19.5472   11.61487 3.3713e+02 0.0000e+00
