CTD-processing/allCTD/CNV--turbid/2012-10-29-cookinlet-tran9-cast081-s09.cnv
* Sea-Bird SBE19plus Data File:
* FileName = C:\Documents and Settings\kris.holderied.local\My Documents\2012-CTD-DATA-new-files\2012-10-CookInlet-LTM\2012-10-29-LTM-CookInlet-Tran9-SpitLine\2012-10-29-CookInlet-Tran9-SpitLine-cast081.hex
* Software Version 1.54
* Temperature SN =  4141
* Conductivity SN =  4141
* System UpLoad Time = Nov 20 2012 20:56:31
** Cook Inlet EVOSTC Transect 9 Spit Line south to north
** Date:  29 Oct 2012
** Station: 9-09
** Start time (AKDT-24 hr): 2045
** Depth (m): 76
** Comment:Glacial till in codtus
# nquan = 16
# nvalues = 717                         
# units = specified
# name 0 = scan: Scan Count
# name 1 = timeJ: Julian Days
# name 2 = timeH: Time, Elapsed [hours]
# name 3 = timeM: Time, Elapsed [minutes]
# name 4 = timeS: Time, Elapsed [seconds]
# name 5 = prdM: Pressure, Strain Gauge [db]
# name 6 = specc: Specific Conductance [uS/cm]
# name 7 = sal00: Salinity, Practical [PSU]
# name 8 = tv290C: Temperature [ITS-90, deg C]
# name 9 = depSM: Depth [salt water, m], lat = 59.00
# name 10 = oxsolML/L: Oxygen Saturation, Garcia & Gordon [ml/l]
# name 11 = potemp090C: Potential Temperature [ITS-90, deg C]
# name 12 = sigma-é00: Density [sigma-theta, kg/m^3]
# name 13 = n2satML/L: Nitrogen Saturation [ml/l]
# name 14 = par: PAR/Irradiance, Biospherical/Licor
# name 15 = flag:  0.000e+00
# span 0 =          1,        717       
# span 1 = 303.864213, 303.866285       
# span 2 =    0.00000,    0.04972       
# span 3 =     0.0000,     2.9833       
# span 4 =      0.000,    179.000       
# span 5 =     -0.111,     61.686       
# span 6 =   1551.979,  49396.035       
# span 7 =     0.7604,    31.0831       
# span 8 =     6.2319,     7.7914       
# span 9 =     -0.110,     61.100       
# span 10 =    6.80278,    8.60482      
# span 11 =     6.2370,     7.7857      
# span 12 =     0.5398,    24.2356      
# span 13 =   12.25234,   15.68622      
# span 14 = 3.6704e-02, 6.8927e+00      
# span 15 = 0.0000e+00, 0.0000e+00      
# interval = seconds: 0.25
# start_time = Oct 29 2012 20:44:28 [Instrument's time stamp, header]
# bad_flag = -9.990e-29
*END*
[from data line 452]
        453 303.865521    0.03139     1.8833    113.000     18.905  49215.577    30.9266     7.4443     18.727    6.86382     7.4429    24.1532   12.35527 3.6746e-02 0.0000e+00
        454 303.865524    0.03146     1.8875    113.250     19.087  49220.334    30.9298     7.4438     18.908    6.86377     7.4455    24.1558   12.35514 3.6738e-02 0.0000e+00
        455 303.865527    0.03153     1.8917    113.500     19.247  49225.344    30.9334     7.4447     19.067    6.86347     7.4492    24.1584   12.35460 3.6726e-02 0.0000e+00
        456 303.865530    0.03160     1.8958    113.750     19.389  49227.794    30.9354     7.4472     19.207    6.86297     7.4537    24.1597   12.35375 3.6715e-02 0.0000e+00
        457 303.865532    0.03167     1.9000    114.000     19.519  49227.927    30.9360     7.4510     19.336    6.86235     7.4588    24.1597   12.35271 3.6717e-02 0.0000e+00
        458 303.865535    0.03174     1.9042    114.250     19.647  49228.233    30.9369     7.4555     19.462    6.86160     7.4652    24.1598   12.35147 3.6735e-02 0.0000e+00
        459 303.865538    0.03181     1.9083    114.500     19.781  49231.037    30.9397     7.4606     19.595    6.86068     7.4733    24.1613   12.34991 3.6757e-02 0.0000e+00
        460 303.865541    0.03188     1.9125    114.750     19.927  49234.847    30.9433     7.4670     19.740    6.85950     7.4822    24.1633   12.34792 3.6773e-02 0.0000e+00
        461 303.865544    0.03194     1.9167    115.000     20.089  49234.121    30.9440     7.4752     19.900    6.85819     7.4901    24.1628   12.34573 3.6779e-02 0.0000e+00
        462 303.865547    0.03201     1.9208    115.250     20.265  49227.430    30.9408     7.4841     20.075    6.85694     7.4958    24.1590   12.34370 3.6781e-02 0.0000e+00
        463 303.865550    0.03208     1.9250    115.500     20.455  49217.570    30.9351     7.4920     20.263    6.85595     7.4992    24.1535   12.34214 3.6781e-02 0.0000e+00
        464 303.865553    0.03215     1.9292    115.750     20.654  49208.425    30.9296     7.4977     20.460    6.85530     7.5010    24.1484   12.34113 3.6772e-02 0.0000e+00
        465 303.865556    0.03222     1.9333    116.000     20.858  49203.005    30.9263     7.5011     20.662    6.85491     7.5014    24.1453   12.34054 3.6758e-02 0.0000e+00
        466 303.865558    0.03229     1.9375    116.250     21.061  49197.925    30.9230     7.5029     20.863    6.85478     7.4999    24.1425   12.34036 3.6755e-02 0.0000e+00
        467 303.865561    0.03236     1.9417    116.500     21.261  49189.596    30.9172     7.5033     21.062    6.85497     7.4961    24.1378   12.34075 3.6753e-02 0.0000e+00
        468 303.865564    0.03243     1.9458    116.750     21.456  49179.776    30.9100     7.5019     21.255    6.85551     7.4898    24.1324   12.34175 3.6738e-02 0.0000e+00
        469 303.865567    0.03250     1.9500    117.000     21.645  49169.162    30.9019     7.4981     21.441    6.85647     7.4812    24.1266   12.34343 3.6722e-02 0.0000e+00
        470 303.865570    0.03257     1.9542    117.250     21.828  49159.654    30.8941     7.4917     21.623    6.85782     7.4717    24.1214   12.34576 3.6712e-02 0.0000e+00
        471 303.865573    0.03264     1.9583    117.500     22.009  49155.703    30.8899     7.4831     21.802    6.85936     7.4626    24.1192   12.34835 3.6709e-02 0.0000e+00
        472 303.865576    0.03271     1.9625    117.750     22.192  49156.322    30.8887     7.4737     21.983    6.86090     7.4542    24.1195   12.35091 3.6720e-02 0.0000e+00
        473 303.865579    0.03278     1.9667    118.000     22.383  49157.086    30.8877     7.4646     22.173    6.86237     7.4464    24.1199   12.35336 3.6740e-02 0.0000e+00
        474 303.865582    0.03285     1.9708    118.250     22.586  49157.499    30.8865     7.4563     22.373    6.86374     7.4392    24.1201   12.35564 3.6763e-02 0.0000e+00
        475 303.865584    0.03292     1.9750    118.500     22.803  49159.790    30.8867     7.4484     22.588    6.86496     7.4329    24.1214   12.35767 3.6771e-02 0.0000e+00
        476 303.865587    0.03299     1.9792    118.750     23.034  49162.618    30.8874     7.4413     22.817    6.86606     7.4272    24.1229   12.35947 3.6759e-02 0.0000e+00
        477 303.865590    0.03306     1.9833    119.000     23.278  49163.872    30.8872     7.4350     23.059    6.86706     7.4225    24.1235   12.36113 3.6747e-02 0.0000e+00
        478 303.865593    0.03313     1.9875    119.250     23.530  49168.228    30.8892     7.4293     23.308    6.86786     7.4205    24.1258   12.36243 3.6733e-02 0.0000e+00
        479 303.865596    0.03319     1.9917    119.500     23.782  49180.630    30.8969     7.4247     23.558    6.86825     7.4218    24.1325   12.36298 3.6713e-02 0.0000e+00
        480 303.865599    0.03326     1.9958    119.750     24.025  49192.885    30.9050     7.4227     23.799    6.86820     7.4252    24.1392   12.36279 3.6704e-02 0.0000e+00
        481 303.865602    0.03333     2.0000    120.000     24.251  49198.554    30.9090     7.4240     24.023    6.86781     7.4308    24.1422   12.36210 3.6707e-02 0.0000e+00
        482 303.865605    0.03340     2.0042    120.250     24.451  49207.513    30.9157     7.4274     24.221    6.86697     7.4397    24.1470   12.36062 3.6712e-02 0.0000e+00
        483 303.865608    0.03347     2.0083    120.500     24.623  49223.263    30.9275     7.4330     24.391    6.86556     7.4510    24.1555   12.35814 3.6722e-02 0.0000e+00
        484 303.865611    0.03354     2.0125    120.750     24.767  49234.136    30.9365     7.4419     24.534    6.86376     7.4611    24.1613   12.35505 3.6741e-02 0.0000e+00
        485 303.865613    0.03361     2.0167    121.000     24.889  49229.140    30.9348     7.4532     24.655    6.86205     7.4668    24.1585   12.35225 3.6764e-02 0.0000e+00
        486 303.865616    0.03368     2.0208    121.250     24.999  49211.639    30.9243     7.4633     24.764    6.86094     7.4680    24.1488   12.35053 3.6781e-02 0.0000e+00
        487 303.865619    0.03375     2.0250    121.500     25.106  49195.777    30.9141     7.4690     24.870    6.86050     7.4678    24.1401   12.34993 3.6797e-02 0.0000e+00
        488 303.865622    0.03382     2.0292    121.750     25.222  49193.269    30.9126     7.4702     24.984    6.86038     7.4712    24.1387   12.34975 3.6805e-02 0.0000e+00
        489 303.865625    0.03389     2.0333    122.000     25.354  49211.511    30.9252     7.4700     25.115    6.85984     7.4828    24.1487   12.34871 3.6806e-02 0.0000e+00
        490 303.865628    0.03396     2.0375    122.250     25.508  49248.328    30.9513     7.4735     25.268    6.85813     7.5024    24.1687   12.34556 3.6809e-02 0.0000e+00
        491 303.865631    0.03403     2.0417    122.500     25.687  49282.428    30.9768     7.4851     25.445    6.85516     7.5252    24.1872   12.34033 3.6806e-02 0.0000e+00
        492 303.865634    0.03410     2.0458    122.750     25.890  49294.924    30.9886     7.5047     25.646    6.85155     7.5464    24.1938   12.33420 3.6800e-02 0.0000e+00
        493 303.865637    0.03417     2.0500    123.000     26.111  49290.716    30.9893     7.5275     25.865    6.84794     7.5637    24.1912   12.32823 3.6806e-02 0.0000e+00
        494 303.865639    0.03424     2.0542    123.250     26.345  49278.540    30.9841     7.5488     26.097    6.84485     7.5764    24.1843   12.32317 3.6834e-02 0.0000e+00
        495 303.865642    0.03431     2.0583    123.500     26.582  49262.187    30.9755     7.5661     26.332    6.84252     7.5845    24.1752   12.31941 3.6857e-02 0.0000e+00
        496 303.865645    0.03438     2.0625    123.750     26.815  49246.921    30.9668     7.5788     26.563    6.84092     7.5895    24.1666   12.31689 3.6856e-02 0.0000e+00
        497 303.865648    0.03444     2.0667    124.000     27.037  49236.452    30.9608     7.5869     26.783    6.83991     7.5929    24.1608   12.31529 3.6850e-02 0.0000e+00
        498 303.865651    0.03451     2.0708    124.250     27.244  49232.889    30.9590     7.5919     26.988    6.83921     7.5958    24.1587   12.31415 3.6854e-02 0.0000e+00
        499 303.865654    0.03458     2.0750    124.500     27.432  49232.113    30.9589     7.5954     27.174    6.83867     7.5978    24.1582   12.31326 3.6851e-02 0.0000e+00
        500 303.865657    0.03465     2.0792    124.750     27.601  49228.281    30.9566     7.5983     27.341    6.83832     7.5985    24.1560   12.31270 3.6833e-02 0.0000e+00
        501 303.865660    0.03472     2.0833    125.000     27.749  49224.270    30.9541     7.6003     27.488    6.83812     7.5988    24.1537   12.31242 3.6817e-02 0.0000e+00
        502 303.865663    0.03479     2.0875    125.250     27.879  49222.935    30.9532     7.6010     27.617    6.83804     7.5989    24.1530   12.31229 3.6808e-02 0.0000e+00
        503 303.865666    0.03486     2.0917    125.500     27.996  49223.121    30.9533     7.6013     27.733    6.83799     7.5996    24.1530   12.31222 3.6795e-02 0.0000e+00
        504 303.865668    0.03493     2.0958    125.750     28.106  49226.314    30.9555     7.6014     27.842    6.83787     7.6022    24.1548   12.31199 3.6783e-02 0.0000e+00
        505 303.865671    0.03500     2.1000    126.000     28.218  49235.271    30.9618     7.6021     27.952    6.83748     7.6080    24.1596   12.31126 3.6784e-02 0.0000e+00
        506 303.865674    0.03507     2.1042    126.250     28.338  49249.192    30.9719     7.6048     28.071    6.83662     7.6167    24.1672   12.30972 3.6802e-02 0.0000e+00
        507 303.865677    0.03514     2.1083    126.500     28.475  49262.224    30.9818     7.6105     28.207    6.83528     7.6268    24.1742   12.30737 3.6827e-02 0.0000e+00
        508 303.865680    0.03521     2.1125    126.750     28.636  49268.172    30.9873     7.6193     28.367    6.83366     7.6362    24.1773   12.30462 3.6851e-02 0.0000e+00
        509 303.865683    0.03528     2.1167    127.000     28.825  49266.508    30.9877     7.6294     28.553    6.83206     7.6438    24.1762   12.30198 3.6869e-02 0.0000e+00
        510 303.865686    0.03535     2.1208    127.250     29.040  49261.250    30.9855     7.6388     28.766    6.83070     7.6495    24.1732   12.29975 3.6876e-02 0.0000e+00
        511 303.865689    0.03542     2.1250    127.500     29.276  49256.150    30.9830     7.6464     29.000    6.82963     7.6536    24.1702   12.29800 3.6875e-02 0.0000e+00
        512 303.865692    0.03549     2.1292    127.750     29.525  49252.481    30.9813     7.6521     29.247    6.82882     7.6567    24.1681   12.29668 3.6859e-02 0.0000e+00
        513 303.865694    0.03556     2.1333    128.000     29.773  49249.924    30.9800     7.6563     29.492    6.82822     7.6589    24.1665   12.29570 3.6825e-02 0.0000e+00
        514 303.865697    0.03562     2.1375    128.250     30.008  49248.008    30.9791     7.6594     29.725    6.82778     7.6605    24.1654   12.29499 3.6797e-02 0.0000e+00
        515 303.865700    0.03569     2.1417    128.500     30.219  49246.404    30.9783     7.6617     29.935    6.82746     7.6617    24.1644   12.29448 3.6787e-02 0.0000e+00
        516 303.865703    0.03576     2.1458    128.750     30.400  49244.981    30.9775     7.6633     30.114    6.82724     7.6625    24.1636   12.29412 3.6781e-02 0.0000e+00
        517 303.865706    0.03583     2.1500    129.000     30.549  49243.676    30.9767     7.6645     30.261    6.82709     7.6630    24.1628   12.29388 3.6771e-02 0.0000e+00
        518 303.865709    0.03590     2.1542    129.250     30.664  49242.373    30.9759     7.6653     30.376    6.82700     7.6634    24.1620   12.29375 3.6762e-02 0.0000e+00
        519 303.865712    0.03597     2.1583    129.500     30.752  49241.684    30.9754     7.6658     30.462    6.82693     7.6636    24.1616   12.29364 3.6752e-02 0.0000e+00
        520 303.865715    0.03604     2.1625    129.750     30.818  49242.150    30.9758     7.6662     30.527    6.82686     7.6638    24.1618   12.29352 3.6739e-02 0.0000e+00
        521 303.865718    0.03611     2.1667    130.000     30.870  49242.959    30.9763     7.6665     30.579    6.82680     7.6641    24.1622   12.29341 3.6739e-02 0.0000e+00
        522 303.865720    0.03618     2.1708    130.250     30.919  49243.646    30.9768     7.6667     30.628    6.82674     7.6644    24.1626   12.29331 3.6749e-02 0.0000e+00
        523 303.865723    0.03625     2.1750    130.500     30.975  49244.468    30.9774     7.6670     30.683    6.82667     7.6649    24.1630   12.29319 3.6759e-02 0.0000e+00
        524 303.865726    0.03632     2.1792    130.750     31.046  49245.365    30.9781     7.6673     30.754    6.82659     7.6655    24.1635   12.29305 3.6773e-02 0.0000e+00
        525 303.865729    0.03639     2.1833    131.000     31.143  49246.278    30.9787     7.6678     30.849    6.82649     7.6663    24.1640   12.29287 3.6794e-02 0.0000e+00
        526 303.865732    0.03646     2.1875    131.250     31.271  49247.413    30.9796     7.6684     30.977    6.82635     7.6673    24.1645   12.29263 3.6820e-02 0.0000e+00
        527 303.865735    0.03653     2.1917    131.500     31.436  49248.907    30.9807     7.6692     31.140    6.82618     7.6686    24.1653   12.29232 3.6846e-02 0.0000e+00
        528 303.865738    0.03660     2.1958    131.750     31.638  49250.938    30.9822     7.6702     31.340    6.82595     7.6704    24.1663   12.29193 3.6861e-02 0.0000e+00
        529 303.865741    0.03667     2.2000    132.000     31.875  49253.793    30.9843     7.6716     31.574    6.82565     7.6727    24.1678   12.29140 3.6875e-02 0.0000e+00
        530 303.865744    0.03674     2.2042    132.250     32.141  49257.065    30.9867     7.6734     31.838    6.82526     7.6756    24.1695   12.29073 3.6877e-02 0.0000e+00
        531 303.865747    0.03681     2.2083    132.500     32.424  49259.859    30.9889     7.6757     32.118    6.82479     7.6787    24.1709   12.28993 3.6847e-02 0.0000e+00
        532 303.865749    0.03687     2.2125    132.750     32.710  49261.624    30.9905     7.6786     32.402    6.82428     7.6817    24.1717   12.28906 3.6821e-02 0.0000e+00
        533 303.865752    0.03694     2.2167    133.000     32.984  49261.799    30.9910     7.6817     32.673    6.82377     7.6843    24.1717   12.28821 3.6804e-02 0.0000e+00
        534 303.865755    0.03701     2.2208    133.250     33.232  49260.260    30.9903     7.6848     32.918    6.82332     7.6861    24.1707   12.28748 3.6785e-02 0.0000e+00
        535 303.865758    0.03708     2.2250    133.500     33.446  49257.845    30.9889     7.6874     33.130    6.82298     7.6871    24.1693   12.28693 3.6789e-02 0.0000e+00
        536 303.865761    0.03715     2.2292    133.750     33.622  49255.456    30.9875     7.6892     33.304    6.82276     7.6873    24.1679   12.28659 3.6805e-02 0.0000e+00
        537 303.865764    0.03722     2.2333    134.000     33.760  49253.641    30.9863     7.6902     33.442    6.82266     7.6868    24.1669   12.28644 3.6810e-02 0.0000e+00
        538 303.865767    0.03729     2.2375    134.250     33.867  49251.877    30.9851     7.6904     33.548    6.82268     7.6856    24.1659   12.28649 3.6815e-02 0.0000e+00
        539 303.865770    0.03736     2.2417    134.500     33.952  49248.663    30.9827     7.6900     33.632    6.82285     7.6831    24.1641   12.28680 3.6820e-02 0.0000e+00
        540 303.865773    0.03743     2.2458    134.750     34.026  49242.991    30.9785     7.6887     33.705    6.82323     7.6787    24.1610   12.28747 3.6821e-02 0.0000e+00
        541 303.865775    0.03750     2.2500    135.000     34.100  49235.034    30.9726     7.6862     33.779    6.82389     7.6723    24.1566   12.28865 3.6826e-02 0.0000e+00
        542 303.865778    0.03757     2.2542    135.250     34.184  49226.622    30.9660     7.6818     33.862    6.82487     7.6651    24.1520   12.29035 3.6841e-02 0.0000e+00
