CTD-processing/allCTD/CNV--turbid/2012_07-30_t6_s02_cast072.cnv
* Sea-Bird SBE19plus Data File:
* FileName = C:\Documents and Settings\kris.holderied.local\My Documents\2012-07-EVOS-CookInlet-Ocean\2012-07-CookInlet-Tran6-Douglas\2012-07-31-CookInlet-Tran6-cast072.hex
* Software Version 1.54
* Temperature SN =  4141
* Conductivity SN =  4141
* System UpLoad Time = Jul 31 2012 08:02:19
** Cook Inlet LTM Transect 6 (Douglas line)  East to West
** Date:  2012-07-30
** Station:  6-02
** Start time (AKDT-24 hr): 1515
** Depth (m): 49.2
** Comment: 506 1.3m
# nquan = 16
# nvalues = 459                         
# units = specified
# name 0 = scan: Scan Count
# name 1 = timeJ: Julian Days
# name 2 = timeH: Time, Elapsed [hours]
# name 3 = timeM: Time, Elapsed [minutes]
# name 4 = timeS: Time, Elapsed [seconds]
# name 5 = prdM: Pressure, Strain Gauge [db]
# name 6 = specc: Specific Conductance [uS/cm]
# name 7 = sal00: Salinity, Practical [PSU]
# name 8 = tv290C: Temperature [ITS-90, deg C]
# name 9 = depSM: Depth [salt water, m], lat = 59.00
# name 10 = oxsolML/L: Oxygen Saturation, Garcia & Gordon [ml/l]
# name 11 = potemp090C: Potential Temperature [ITS-90, deg C]
# name 12 = sigma-é00: Density [sigma-theta, kg/m^3]
# name 13 = n2satML/L: Nitrogen Saturation [ml/l]
# name 14 = par: PAR/Irradiance, Biospherical/Licor
# name 15 = flag:  0.000e+00
# span 0 =          1,        459       
# span 1 = 212.636181, 212.637506       
# span 2 =    0.00000,    0.03181       
# span 3 =     0.0000,     1.9083       
# span 4 =      0.000,    114.500       
# span 5 =     -0.088,     45.497       
# span 6 =   1690.809,  48789.107       
# span 7 =     0.8561,    30.8718       
# span 8 =     9.1417,     9.9905       
# span 9 =     -0.087,     45.066       
# span 10 =    6.53839,    7.85776      
# span 11 =     9.1370,     9.9899      
# span 12 =     0.3755,    23.8665      
# span 13 =   11.82127,   14.42596      
# span 14 = 1.5573e-01, 2.4112e+02      
# span 15 = 0.0000e+00, 0.0000e+00      
# interval = seconds: 0.25
# start_time = Jul 30 2012 15:16:06 [Instrument's time stamp, header]
# bad_flag = -9.990e-29
*END*
[from data line 181]
        182 212.636704    0.01257     0.7542     45.250      2.025  48226.204    30.5616     9.6445      2.006    6.54797     9.6453    23.5453   11.83686 9.9255e+01 0.0000e+00
        183 212.636707    0.01264     0.7583     45.500      2.036  48229.609    30.5640     9.6449      2.017    6.54781     9.6460    23.5472   11.83656 1.0008e+02 0.0000e+00
        184 212.636710    0.01271     0.7625     45.750      2.040  48232.370    30.5660     9.6455      2.021    6.54764     9.6468    23.5487   11.83625 1.0126e+02 0.0000e+00
        185 212.636713    0.01278     0.7667     46.000      2.039  48234.813    30.5678     9.6462      2.020    6.54746     9.6479    23.5500   11.83594 1.0310e+02 0.0000e+00
        186 212.636716    0.01285     0.7708     46.250      2.029  48237.384    30.5697     9.6471      2.010    6.54726     9.6497    23.5513   11.83558 1.0621e+02 0.0000e+00
        187 212.636719    0.01292     0.7750     46.500      2.008  48240.321    30.5720     9.6482      1.989    6.54700     9.6525    23.5529   11.83513 1.1030e+02 0.0000e+00
        188 212.636722    0.01299     0.7792     46.750      1.973  48243.388    30.5743     9.6499      1.955    6.54665     9.6571    23.5545   11.83453 1.1457e+02 0.0000e+00
        189 212.636725    0.01306     0.7833     47.000      1.923  48245.393    30.5761     9.6527      1.905    6.54617     9.6638    23.5554   11.83371 1.1866e+02 0.0000e+00
        190 212.636727    0.01313     0.7875     47.250      1.857  48244.108    30.5758     9.6574      1.840    6.54551     9.6718    23.5544   11.83262 1.2253e+02 0.0000e+00
        191 212.636730    0.01319     0.7917     47.500      1.779  48238.144    30.5725     9.6641      1.763    6.54468     9.6794    23.5508   11.83129 1.2612e+02 0.0000e+00
        192 212.636733    0.01326     0.7958     47.750      1.696  48228.790    30.5670     9.6720      1.680    6.54377     9.6856    23.5452   11.82985 1.2894e+02 0.0000e+00
        193 212.636736    0.01333     0.8000     48.000      1.617  48218.599    30.5609     9.6796      1.602    6.54293     9.6898    23.5392   11.82852 1.3050e+02 0.0000e+00
        194 212.636739    0.01340     0.8042     48.250      1.550  48208.858    30.5548     9.6858      1.536    6.54230     9.6921    23.5335   11.82755 1.3095e+02 0.0000e+00
        195 212.636742    0.01347     0.8083     48.500      1.504  48199.351    30.5487     9.6900      1.490    6.54195     9.6926    23.5281   11.82705 1.3015e+02 0.0000e+00
        196 212.636745    0.01354     0.8125     48.750      1.484  48189.864    30.5423     9.6923      1.471    6.54188     9.6912    23.5228   11.82701 1.2788e+02 0.0000e+00
        197 212.636748    0.01361     0.8167     49.000      1.492  48181.158    30.5363     9.6928      1.478    6.54206     9.6877    23.5180   11.82738 1.2420e+02 0.0000e+00
        198 212.636751    0.01368     0.8208     49.250      1.526  48174.037    30.5311     9.6914      1.512    6.54248     9.6820    23.5141   11.82813 1.1914e+02 0.0000e+00
        199 212.636753    0.01375     0.8250     49.500      1.585  48168.438    30.5267     9.6878      1.570    6.54318     9.6751    23.5112   11.82935 1.1331e+02 0.0000e+00
        200 212.636756    0.01382     0.8292     49.750      1.664  48164.717    30.5234     9.6822      1.648    6.54414     9.6680    23.5095   11.83098 1.0777e+02 0.0000e+00
        201 212.636759    0.01389     0.8333     50.000      1.755  48164.333    30.5222     9.6753      1.738    6.54519     9.6614    23.5097   11.83273 1.0321e+02 0.0000e+00
        202 212.636762    0.01396     0.8375     50.250      1.847  48168.233    30.5239     9.6681      1.830    6.54614     9.6561    23.5122   11.83429 1.0001e+02 0.0000e+00
        203 212.636765    0.01403     0.8417     50.500      1.933  48176.062    30.5286     9.6616      1.914    6.54689     9.6522    23.5169   11.83547 9.8253e+01 0.0000e+00
        204 212.636768    0.01410     0.8458     50.750      2.003  48187.213    30.5357     9.6563      1.984    6.54736     9.6498    23.5233   11.83616 9.7745e+01 0.0000e+00
        205 212.636771    0.01417     0.8500     51.000      2.053  48200.710    30.5447     9.6524      2.033    6.54754     9.6491    23.5309   11.83636 9.8226e+01 0.0000e+00
        206 212.636774    0.01424     0.8542     51.250      2.078  48214.015    30.5537     9.6501      2.058    6.54750     9.6500    23.5383   11.83618 9.9432e+01 0.0000e+00
        207 212.636777    0.01431     0.8583     51.500      2.080  48223.899    30.5605     9.6493      2.060    6.54732     9.6523    23.5438   11.83580 1.0115e+02 0.0000e+00
        208 212.636780    0.01438     0.8625     51.750      2.064  48228.180    30.5637     9.6502      2.045    6.54706     9.6552    23.5461   11.83533 1.0337e+02 0.0000e+00
        209 212.636782    0.01444     0.8667     52.000      2.038  48226.275    30.5626     9.6525      2.019    6.54677     9.6576    23.5449   11.83486 1.0583e+02 0.0000e+00
        210 212.636785    0.01451     0.8708     52.250      2.008  48219.281    30.5581     9.6554      1.990    6.54654     9.6587    23.5409   11.83453 1.0814e+02 0.0000e+00
        211 212.636788    0.01458     0.8750     52.500      1.981  48209.833    30.5518     9.6578      1.962    6.54646     9.6585    23.5356   11.83448 1.1013e+02 0.0000e+00
        212 212.636791    0.01465     0.8792     52.750      1.957  48201.066    30.5458     9.6589      1.938    6.54656     9.6574    23.5307   11.83471 1.1156e+02 0.0000e+00
        213 212.636794    0.01472     0.8833     53.000      1.937  48195.205    30.5417     9.6587      1.918    6.54675     9.6558    23.5275   11.83509 1.1243e+02 0.0000e+00
        214 212.636797    0.01479     0.8875     53.250      1.918  48193.021    30.5400     9.6576      1.900    6.54698     9.6541    23.5264   11.83548 1.1315e+02 0.0000e+00
        215 212.636800    0.01486     0.8917     53.500      1.897  48194.203    30.5406     9.6560      1.879    6.54719     9.6525    23.5271   11.83581 1.1401e+02 0.0000e+00
        216 212.636803    0.01493     0.8958     53.750      1.870  48198.140    30.5432     9.6543      1.852    6.54734     9.6513    23.5294   11.83603 1.1523e+02 0.0000e+00
        217 212.636806    0.01500     0.9000     54.000      1.834  48203.892    30.5470     9.6527      1.817    6.54741     9.6505    23.5327   11.83610 1.1711e+02 0.0000e+00
        218 212.636808    0.01507     0.9042     54.250      1.790  48209.725    30.5510     9.6515      1.773    6.54741     9.6503    23.5359   11.83606 1.1962e+02 0.0000e+00
        219 212.636811    0.01514     0.9083     54.500      1.738  48213.957    30.5539     9.6507      1.722    6.54739     9.6506    23.5383   11.83600 1.2198e+02 0.0000e+00
        220 212.636814    0.01521     0.9125     54.750      1.683  48215.655    30.5551     9.6505      1.667    6.54738     9.6509    23.5393   11.83595 1.2363e+02 0.0000e+00
        221 212.636817    0.01528     0.9167     55.000      1.630  48214.209    30.5541     9.6508      1.614    6.54738     9.6510    23.5385   11.83598 1.2473e+02 0.0000e+00
        222 212.636820    0.01535     0.9208     55.250      1.586  48209.475    30.5509     9.6511      1.571    6.54747     9.6506    23.5359   11.83616 1.2521e+02 0.0000e+00
        223 212.636823    0.01542     0.9250     55.500      1.559  48202.329    30.5459     9.6512      1.544    6.54766     9.6495    23.5320   11.83654 1.2480e+02 0.0000e+00
        224 212.636826    0.01549     0.9292     55.750      1.553  48194.638    30.5404     9.6508      1.538    6.54795     9.6477    23.5278   11.83709 1.2355e+02 0.0000e+00
        225 212.636829    0.01556     0.9333     56.000      1.569  48188.460    30.5359     9.6497      1.555    6.54830     9.6455    23.5245   11.83773 1.2192e+02 0.0000e+00
        226 212.636832    0.01563     0.9375     56.250      1.606  48185.002    30.5332     9.6479      1.591    6.54868     9.6433    23.5227   11.83838 1.2005e+02 0.0000e+00
        227 212.636834    0.01569     0.9417     56.500      1.660  48184.254    30.5324     9.6457      1.645    6.54902     9.6413    23.5224   11.83896 1.1739e+02 0.0000e+00
        228 212.636837    0.01576     0.9458     56.750      1.726  48185.406    30.5329     9.6435      1.709    6.54931     9.6396    23.5231   11.83944 1.1370e+02 0.0000e+00
        229 212.636840    0.01583     0.9500     57.000      1.796  48187.633    30.5342     9.6415      1.779    6.54955     9.6383    23.5244   11.83981 1.0967e+02 0.0000e+00
        230 212.636843    0.01590     0.9542     57.250      1.866  48190.487    30.5359     9.6398      1.848    6.54972     9.6372    23.5260   11.84008 1.0602e+02 0.0000e+00
        231 212.636846    0.01597     0.9583     57.500      1.932  48193.824    30.5381     9.6385      1.914    6.54983     9.6363    23.5279   11.84023 1.0329e+02 0.0000e+00
        232 212.636849    0.01604     0.9625     57.750      1.991  48197.710    30.5406     9.6374      1.972    6.54988     9.6357    23.5301   11.84028 1.0173e+02 0.0000e+00
        233 212.636852    0.01611     0.9667     58.000      2.040  48202.363    30.5438     9.6365      2.021    6.54986     9.6354    23.5327   11.84021 1.0110e+02 0.0000e+00
        234 212.636855    0.01618     0.9708     58.250      2.078  48207.686    30.5474     9.6360      2.058    6.54979     9.6352    23.5357   11.84005 1.0087e+02 0.0000e+00
        235 212.636858    0.01625     0.9750     58.500      2.103  48212.770    30.5509     9.6356      2.083    6.54970     9.6352    23.5385   11.83985 1.0062e+02 0.0000e+00
        236 212.636861    0.01632     0.9792     58.750      2.116  48216.539    30.5536     9.6355      2.096    6.54962     9.6354    23.5405   11.83968 1.0036e+02 0.0000e+00
        237 212.636863    0.01639     0.9833     59.000      2.117  48218.681    30.5551     9.6354      2.097    6.54956     9.6357    23.5417   11.83957 1.0047e+02 0.0000e+00
        238 212.636866    0.01646     0.9875     59.250      2.109  48219.497    30.5557     9.6356      2.089    6.54951     9.6363    23.5421   11.83948 1.0144e+02 0.0000e+00
        239 212.636869    0.01653     0.9917     59.500      2.090  48219.529    30.5558     9.6360      2.071    6.54945     9.6372    23.5421   11.83938 1.0368e+02 0.0000e+00
        240 212.636872    0.01660     0.9958     59.750      2.062  48219.616    30.5559     9.6366      2.043    6.54935     9.6384    23.5422   11.83922 1.0708e+02 0.0000e+00
        241 212.636875    0.01667     1.0000     60.000      2.023  48220.609    30.5567     9.6375      2.004    6.54920     9.6403    23.5427   11.83895 1.1093e+02 0.0000e+00
        242 212.636878    0.01674     1.0042     60.250      1.970  48222.385    30.5582     9.6387      1.952    6.54896     9.6429    23.5436   11.83854 1.1459e+02 0.0000e+00
        243 212.636881    0.01681     1.0083     60.500      1.904  48223.584    30.5593     9.6405      1.886    6.54865     9.6466    23.5442   11.83802 1.1781e+02 0.0000e+00
        244 212.636884    0.01688     1.0125     60.750      1.826  48222.594    30.5589     9.6431      1.809    6.54828     9.6508    23.5435   11.83741 1.2063e+02 0.0000e+00
        245 212.636887    0.01694     1.0167     61.000      1.742  48218.555    30.5566     9.6468      1.726    6.54785     9.6545    23.5411   11.83672 1.2299e+02 0.0000e+00
        246 212.636889    0.01701     1.0208     61.250      1.662  48211.808    30.5524     9.6510      1.647    6.54742     9.6568    23.5372   11.83606 1.2475e+02 0.0000e+00
        247 212.636892    0.01708     1.0250     61.500      1.595  48203.534    30.5471     9.6547      1.580    6.54711     9.6575    23.5324   11.83561 1.2575e+02 0.0000e+00
        248 212.636895    0.01715     1.0292     61.750      1.547  48195.246    30.5416     9.6570      1.533    6.54700     9.6562    23.5278   11.83550 1.2586e+02 0.0000e+00
        249 212.636898    0.01722     1.0333     62.000      1.523  48188.422    30.5369     9.6577      1.509    6.54710     9.6531    23.5240   11.83573 1.2507e+02 0.0000e+00
        250 212.636901    0.01729     1.0375     62.250      1.523  48183.917    30.5336     9.6564      1.509    6.54742     9.6484    23.5216   11.83630 1.2341e+02 0.0000e+00
        251 212.636904    0.01736     1.0417     62.500      1.542  48182.115    30.5319     9.6533      1.528    6.54795     9.6428    23.5208   11.83719 1.2102e+02 0.0000e+00
        252 212.636907    0.01743     1.0458     62.750      1.574  48183.445    30.5323     9.6486      1.559    6.54861     9.6370    23.5218   11.83829 1.1833e+02 0.0000e+00
        253 212.636910    0.01750     1.0500     63.000      1.605  48187.707    30.5345     9.6430      1.590    6.54933     9.6320    23.5244   11.83944 1.1597e+02 0.0000e+00
        254 212.636913    0.01757     1.0542     63.250      1.625  48193.534    30.5379     9.6372      1.610    6.55002     9.6281    23.5280   11.84054 1.1449e+02 0.0000e+00
        255 212.636916    0.01764     1.0583     63.500      1.627  48199.243    30.5412     9.6321      1.612    6.55060     9.6256    23.5314   11.84147 1.1393e+02 0.0000e+00
        256 212.636918    0.01771     1.0625     63.750      1.612  48203.718    30.5439     9.6283      1.597    6.55105     9.6241    23.5341   11.84218 1.1382e+02 0.0000e+00
        257 212.636921    0.01778     1.0667     64.000      1.583  48206.809    30.5457     9.6258      1.569    6.55134     9.6233    23.5359   11.84263 1.1400e+02 0.0000e+00
        258 212.636924    0.01785     1.0708     64.250      1.545  48208.902    30.5470     9.6243      1.531    6.55150     9.6229    23.5372   11.84289 1.1471e+02 0.0000e+00
        259 212.636927    0.01792     1.0750     64.500      1.500  48210.144    30.5478     9.6234      1.487    6.55159     9.6227    23.5379   11.84302 1.1578e+02 0.0000e+00
        260 212.636930    0.01799     1.0792     64.750      1.452  48210.623    30.5481     9.6230      1.439    6.55164     9.6227    23.5382   11.84310 1.1717e+02 0.0000e+00
        261 212.636933    0.01806     1.0833     65.000      1.402  48210.661    30.5481     9.6229      1.389    6.55166     9.6228    23.5382   11.84314 1.1943e+02 0.0000e+00
        262 212.636936    0.01812     1.0875     65.250      1.352  48210.485    30.5480     9.6229      1.339    6.55166     9.6229    23.5382   11.84315 1.2233e+02 0.0000e+00
        263 212.636939    0.01819     1.0917     65.500      1.302  48210.176    30.5479     9.6230      1.289    6.55166     9.6229    23.5380   11.84314 1.2494e+02 0.0000e+00
        264 212.636942    0.01826     1.0958     65.750      1.253  48210.001    30.5478     9.6230      1.241    6.55165     9.6227    23.5379   11.84313 1.2689e+02 0.0000e+00
        265 212.636944    0.01833     1.1000     66.000      1.205  48210.197    30.5479     9.6230      1.194    6.55165     9.6222    23.5381   11.84313 1.2886e+02 0.0000e+00
        266 212.636947    0.01840     1.1042     66.250      1.160  48210.792    30.5484     9.6228      1.149    6.55166     9.6215    23.5384   11.84314 1.3142e+02 0.0000e+00
        267 212.636950    0.01847     1.1083     66.500      1.116  48211.726    30.5490     9.6223      1.105    6.55171     9.6206    23.5390   11.84321 1.3395e+02 0.0000e+00
        268 212.636953    0.01854     1.1125     66.750      1.069  48212.808    30.5496     9.6216      1.059    6.55179     9.6200    23.5396   11.84333 1.3600e+02 0.0000e+00
        269 212.636956    0.01861     1.1167     67.000      1.013  48213.771    30.5502     9.6207      1.003    6.55188     9.6198    23.5402   11.84348 1.3784e+02 0.0000e+00
        270 212.636959    0.01868     1.1208     67.250      0.944  48214.377    30.5506     9.6201      0.935    6.55195     9.6198    23.5406   11.84359 1.4099e+02 0.0000e+00
        271 212.636962    0.01875     1.1250     67.500      0.869  48214.390    30.5506     9.6199      0.861    6.55198     9.6199    23.5406   11.84365 1.4566e+02 0.0000e+00
