CTD-processing/allCTD/CNV--turbid/2012_05-02_t4_s06_cast006.cnv
* Sea-Bird SBE19plus Data File:
* FileName = C:\Documents and Settings\glenn.seaman\My Documents\KHolderied-files\CTD-DATA-FILES\2012-05-LTM-LowerCookInlet-CTD\Transect4-2012-05-02\2012-05-02-LTM-Tran4-006.hex
* Software Version 1.59
* Temperature SN =  5028
* Conductivity SN =  5028
* System UpLoad Time = May 02 2012 16:23:29
** LTM Transect4-Barabara Pt to Bluff Pt
** Date: 2012-05-02
** Station:4-6
** Start time (AKDT-24hr):1444
** Depth (m):61
# nquan = 16
# nvalues = 516                         
# units = specified
# name 0 = scan: Scan Count
# name 1 = timeJ: Julian Days
# name 2 = timeH: Time, Elapsed [hours]
# name 3 = timeM: Time, Elapsed [minutes]
# name 4 = timeS: Time, Elapsed [seconds]
# name 5 = prdM: Pressure, Strain Gauge [db]
# name 6 = specc: Specific Conductance [uS/cm]
# name 7 = sal00: Salinity, Practical [PSU]
# name 8 = tv290C: Temperature [ITS-90, deg C]
# name 9 = depSM: Depth [salt water, m], lat = 59.00
# name 10 = oxsolML/L: Oxygen Saturation, Garcia & Gordon [ml/l]
# name 11 = potemp090C: Potential Temperature [ITS-90, deg C]
# name 12 = sigma-é00: Density [sigma-theta, kg/m^3]
# name 13 = n2satML/L: Nitrogen Saturation [ml/l]
# name 14 = par: PAR/Irradiance, Biospherical/Licor [umol photons/m^2/sec]
# name 15 = flag:  0.000e+00
# span 0 =          1,        516       
# span 1 = 123.612245, 123.613736       
# span 2 =    0.00000,    0.03576       
# span 3 =     0.0000,     2.1458       
# span 4 =      0.000,    128.750       
# span 5 =     -0.090,     62.083       
# span 6 =   5778.625,  51554.978       
# span 7 =     3.1760,    31.7845       
# span 8 =     3.6974,     5.2067       
# span 9 =     -0.089,     61.493       
# span 10 =    7.19900,    8.76737      
# span 11 =     3.6945,     5.2066      
# span 12 =     2.4954,    25.2373      
# span 13 =   12.90038,   15.90825      
# span 14 = 3.7490e-02, 7.5462e+02      
# span 15 = 0.0000e+00, 0.0000e+00      
# interval = seconds: 0.25
# start_time = May 02 2012 14:41:38 [Instrument's time stamp, header]
# bad_flag = -9.990e-29
*END*
[from data line 181]
        182 123.612769    0.01257     0.7542     45.250      0.852  50818.064    31.6150     5.1534      0.844    7.20882     5.1676    24.9759   12.91678 1.2483e+02 0.0000e+00
        183 123.612772    0.01264     0.7583     45.500      0.896  50807.144    31.6092     5.1614      0.888    7.20773     5.1722    24.9704   12.91505 1.2246e+02 0.0000e+00
        184 123.612775    0.01271     0.7625     45.750      0.949  50796.664    31.6033     5.1677      0.940    7.20695     5.1754    24.9650   12.91382 1.2019e+02 0.0000e+00
        185 123.612778    0.01278     0.7667     46.000      1.005  50786.179    31.5970     5.1723      0.995    7.20645     5.1772    24.9596   12.91309 1.1835e+02 0.0000e+00
        186 123.612781    0.01285     0.7708     46.250      1.054  50772.999    31.5886     5.1755      1.044    7.20631     5.1775    24.9525   12.91296 1.1644e+02 0.0000e+00
        187 123.612784    0.01292     0.7750     46.500      1.088  50756.991    31.5779     5.1773      1.078    7.20651     5.1764    24.9439   12.91344 1.1394e+02 0.0000e+00
        188 123.612786    0.01299     0.7792     46.750      1.103  50743.213    31.5685     5.1776      1.092    7.20691     5.1740    24.9364   12.91421 1.1198e+02 0.0000e+00
        189 123.612789    0.01306     0.7833     47.000      1.101  50737.831    31.5646     5.1764      1.091    7.20730     5.1713    24.9334   12.91491 1.1203e+02 0.0000e+00
        190 123.612792    0.01313     0.7875     47.250      1.093  50743.304    31.5679     5.1740      1.083    7.20755     5.1694    24.9363   12.91528 1.1314e+02 0.0000e+00
        191 123.612795    0.01319     0.7917     47.500      1.089  50756.294    31.5762     5.1713      1.079    7.20761     5.1687    24.9432   12.91527 1.1300e+02 0.0000e+00
        192 123.612798    0.01326     0.7958     47.750      1.094  50769.812    31.5851     5.1694      1.084    7.20751     5.1696    24.9504   12.91500 1.1121e+02 0.0000e+00
        193 123.612801    0.01333     0.8000     48.000      1.108  50778.715    31.5911     5.1688      1.098    7.20733     5.1714    24.9552   12.91461 1.0907e+02 0.0000e+00
        194 123.612804    0.01340     0.8042     48.250      1.129  50781.758    31.5934     5.1697      1.118    7.20708     5.1735    24.9569   12.91417 1.0785e+02 0.0000e+00
        195 123.612807    0.01347     0.8083     48.500      1.150  50779.292    31.5920     5.1715      1.139    7.20682     5.1752    24.9557   12.91376 1.0836e+02 0.0000e+00
        196 123.612810    0.01354     0.8125     48.750      1.164  50771.524    31.5871     5.1736      1.154    7.20670     5.1761    24.9516   12.91362 1.1053e+02 0.0000e+00
        197 123.612813    0.01361     0.8167     49.000      1.164  50759.610    31.5793     5.1753      1.154    7.20680     5.1761    24.9452   12.91388 1.1391e+02 0.0000e+00
        198 123.612815    0.01368     0.8208     49.250      1.146  50747.068    31.5708     5.1761      1.136    7.20705     5.1754    24.9384   12.91441 1.1883e+02 0.0000e+00
        199 123.612818    0.01375     0.8250     49.500      1.109  50737.971    31.5646     5.1762      1.099    7.20734     5.1742    24.9335   12.91498 1.2565e+02 0.0000e+00
        200 123.612821    0.01382     0.8292     49.750      1.060  50734.659    31.5622     5.1754      1.051    7.20759     5.1731    24.9317   12.91541 1.3260e+02 0.0000e+00
        201 123.612824    0.01389     0.8333     50.000      1.005  50737.312    31.5638     5.1742      0.996    7.20772     5.1725    24.9330   12.91561 1.3700e+02 0.0000e+00
        202 123.612827    0.01396     0.8375     50.250      0.952  50744.252    31.5684     5.1731      0.943    7.20769     5.1726    24.9368   12.91550 1.3809e+02 0.0000e+00
        203 123.612830    0.01403     0.8417     50.500      0.905  50752.985    31.5743     5.1726      0.897    7.20750     5.1732    24.9415   12.91511 1.3699e+02 0.0000e+00
        204 123.612833    0.01410     0.8458     50.750      0.871  50761.030    31.5798     5.1726      0.863    7.20723     5.1745    24.9459   12.91459 1.3504e+02 0.0000e+00
        205 123.612836    0.01417     0.8500     51.000      0.851  50766.070    31.5834     5.1733      0.843    7.20694     5.1761    24.9487   12.91407 1.3251e+02 0.0000e+00
        206 123.612839    0.01424     0.8542     51.250      0.844  50766.283    31.5839     5.1745      0.836    7.20670     5.1778    24.9489   12.91367 1.2914e+02 0.0000e+00
        207 123.612841    0.01431     0.8583     51.500      0.843  50761.223    31.5807     5.1762      0.835    7.20657     5.1793    24.9462   12.91349 1.2529e+02 0.0000e+00
        208 123.612844    0.01438     0.8625     51.750      0.842  50753.369    31.5757     5.1778      0.834    7.20652     5.1807    24.9420   12.91348 1.2257e+02 0.0000e+00
        209 123.612847    0.01444     0.8667     52.000      0.840  50747.287    31.5718     5.1793      0.832    7.20644     5.1820    24.9388   12.91340 1.2109e+02 0.0000e+00
        210 123.612850    0.01451     0.8708     52.250      0.840  50746.228    31.5714     5.1808      0.832    7.20622     5.1832    24.9383   12.91303 1.1861e+02 0.0000e+00
        211 123.612853    0.01458     0.8750     52.500      0.849  50751.178    31.5751     5.1821      0.841    7.20582     5.1845    24.9411   12.91232 1.1568e+02 0.0000e+00
        212 123.612856    0.01465     0.8792     52.750      0.872  50760.815    31.5820     5.1832      0.864    7.20528     5.1859    24.9464   12.91135 1.1388e+02 0.0000e+00
        213 123.612859    0.01472     0.8833     53.000      0.912  50771.368    31.5895     5.1845      0.903    7.20470     5.1875    24.9522   12.91030 1.1222e+02 0.0000e+00
        214 123.612862    0.01479     0.8875     53.250      0.966  50779.144    31.5951     5.1860      0.958    7.20419     5.1889    24.9565   12.90937 1.1018e+02 0.0000e+00
        215 123.612865    0.01486     0.8917     53.500      1.029  50782.742    31.5979     5.1875      1.020    7.20379     5.1901    24.9585   12.90868 1.0785e+02 0.0000e+00
        216 123.612867    0.01493     0.8958     53.750      1.093  50782.452    31.5979     5.1890      1.083    7.20354     5.1910    24.9584   12.90827 1.0549e+02 0.0000e+00
        217 123.612870    0.01500     0.9000     54.000      1.151  50778.812    31.5956     5.1902      1.141    7.20344     5.1914    24.9565   12.90814 1.0404e+02 0.0000e+00
        218 123.612873    0.01507     0.9042     54.250      1.199  50772.106    31.5912     5.1910      1.188    7.20351     5.1915    24.9529   12.90831 1.0426e+02 0.0000e+00
        219 123.612876    0.01514     0.9083     54.500      1.233  50763.101    31.5851     5.1915      1.221    7.20373     5.1914    24.9480   12.90875 1.0642e+02 0.0000e+00
        220 123.612879    0.01521     0.9125     54.750      1.250  50753.556    31.5785     5.1916      1.238    7.20403     5.1912    24.9428   12.90932 1.0991e+02 0.0000e+00
        221 123.612882    0.01528     0.9167     55.000      1.251  50745.361    31.5729     5.1915      1.239    7.20431     5.1907    24.9383   12.90986 1.1355e+02 0.0000e+00
        222 123.612885    0.01535     0.9208     55.250      1.235  50739.807    31.5690     5.1913      1.223    7.20453     5.1899    24.9353   12.91028 1.1700e+02 0.0000e+00
        223 123.612888    0.01542     0.9250     55.500      1.206  50737.617    31.5674     5.1908      1.195    7.20470     5.1890    24.9341   12.91057 1.2055e+02 0.0000e+00
        224 123.612891    0.01549     0.9292     55.750      1.169  50738.256    31.5677     5.1900      1.157    7.20482     5.1884    24.9344   12.91078 1.2410e+02 0.0000e+00
        225 123.612894    0.01556     0.9333     56.000      1.125  50739.538    31.5684     5.1891      1.114    7.20493     5.1879    24.9350   12.91094 1.2737e+02 0.0000e+00
        226 123.612896    0.01563     0.9375     56.250      1.078  50739.106    31.5680     5.1885      1.068    7.20506     5.1873    24.9348   12.91116 1.2949e+02 0.0000e+00
        227 123.612899    0.01569     0.9417     56.500      1.029  50736.625    31.5663     5.1880      1.019    7.20524     5.1867    24.9335   12.91148 1.2983e+02 0.0000e+00
        228 123.612902    0.01576     0.9458     56.750      0.977  50734.078    31.5644     5.1874      0.967    7.20542     5.1863    24.9321   12.91181 1.3010e+02 0.0000e+00
        229 123.612905    0.01583     0.9500     57.000      0.923  50733.366    31.5638     5.1868      0.914    7.20555     5.1861    24.9317   12.91202 1.3168e+02 0.0000e+00
        230 123.612908    0.01590     0.9542     57.250      0.871  50734.592    31.5646     5.1864      0.863    7.20558     5.1860    24.9323   12.91207 1.3323e+02 0.0000e+00
        231 123.612911    0.01597     0.9583     57.500      0.823  50737.272    31.5664     5.1861      0.815    7.20554     5.1860    24.9338   12.91198 1.3366e+02 0.0000e+00
        232 123.612914    0.01604     0.9625     57.750      0.781  50742.603    31.5700     5.1860      0.774    7.20538     5.1864    24.9367   12.91168 1.3364e+02 0.0000e+00
        233 123.612917    0.01611     0.9667     58.000      0.752  50752.774    31.5771     5.1861      0.745    7.20503     5.1873    24.9422   12.91101 1.3309e+02 0.0000e+00
        234 123.612920    0.01618     0.9708     58.250      0.742  50766.908    31.5869     5.1865      0.735    7.20449     5.1885    24.9499   12.90999 1.3067e+02 0.0000e+00
        235 123.612922    0.01625     0.9750     58.500      0.756  50780.643    31.5965     5.1874      0.749    7.20388     5.1899    24.9575   12.90886 1.2636e+02 0.0000e+00
        236 123.612925    0.01632     0.9792     58.750      0.792  50790.572    31.6036     5.1886      0.785    7.20333     5.1912    24.9630   12.90785 1.2113e+02 0.0000e+00
        237 123.612928    0.01639     0.9833     59.000      0.846  50796.138    31.6077     5.1899      0.838    7.20290     5.1923    24.9661   12.90708 1.1534e+02 0.0000e+00
        238 123.612931    0.01646     0.9875     59.250      0.911  50798.140    31.6093     5.1912      0.902    7.20260     5.1932    24.9672   12.90656 1.0935e+02 0.0000e+00
        239 123.612934    0.01653     0.9917     59.500      0.982  50797.612    31.6092     5.1923      0.972    7.20242     5.1938    24.9669   12.90626 1.0403e+02 0.0000e+00
        240 123.612937    0.01660     0.9958     59.750      1.054  50795.471    31.6078     5.1932      1.044    7.20233     5.1943    24.9658   12.90614 1.0003e+02 0.0000e+00
        241 123.612940    0.01667     1.0000     60.000      1.124  50792.285    31.6057     5.1939      1.114    7.20232     5.1945    24.9641   12.90615 9.7267e+01 0.0000e+00
        242 123.612943    0.01674     1.0042     60.250      1.189  50788.222    31.6030     5.1943      1.178    7.20237     5.1946    24.9619   12.90628 9.5612e+01 0.0000e+00
        243 123.612946    0.01681     1.0083     60.500      1.244  50783.138    31.5995     5.1946      1.233    7.20250     5.1945    24.9591   12.90652 9.5227e+01 0.0000e+00
        244 123.612948    0.01688     1.0125     60.750      1.288  50776.807    31.5951     5.1946      1.276    7.20269     5.1941    24.9556   12.90691 9.6259e+01 0.0000e+00
        245 123.612951    0.01694     1.0167     61.000      1.317  50769.579    31.5901     5.1945      1.304    7.20296     5.1936    24.9517   12.90741 9.8798e+01 0.0000e+00
        246 123.612954    0.01701     1.0208     61.250      1.330  50762.597    31.5853     5.1942      1.317    7.20325     5.1928    24.9479   12.90795 1.0262e+02 0.0000e+00
        247 123.612957    0.01708     1.0250     61.500      1.326  50756.957    31.5813     5.1937      1.314    7.20353     5.1917    24.9448   12.90847 1.0734e+02 0.0000e+00
        248 123.612960    0.01715     1.0292     61.750      1.306  50752.925    31.5784     5.1929      1.294    7.20381     5.1903    24.9425   12.90896 1.1311e+02 0.0000e+00
        249 123.612963    0.01722     1.0333     62.000      1.269  50749.894    31.5760     5.1918      1.257    7.20411     5.1887    24.9408   12.90949 1.1989e+02 0.0000e+00
        250 123.612966    0.01729     1.0375     62.250      1.215  50747.333    31.5740     5.1904      1.204    7.20445     5.1867    24.9393   12.91007 1.2663e+02 0.0000e+00
        251 123.612969    0.01736     1.0417     62.500      1.143  50746.218    31.5729     5.1887      1.132    7.20478     5.1844    24.9387   12.91064 1.3196e+02 0.0000e+00
        252 123.612972    0.01743     1.0458     62.750      1.055  50749.153    31.5746     5.1868      1.045    7.20504     5.1824    24.9402   12.91105 1.3556e+02 0.0000e+00
        253 123.612975    0.01750     1.0500     63.000      0.958  50758.911    31.5808     5.1845      0.949    7.20513     5.1817    24.9454   12.91112 1.3781e+02 0.0000e+00
        254 123.612977    0.01757     1.0542     63.250      0.861  50777.102    31.5930     5.1824      0.853    7.20491     5.1836    24.9553   12.91059 1.3977e+02 0.0000e+00
        255 123.612980    0.01764     1.0583     63.500      0.773  50800.164    31.6088     5.1818      0.766    7.20425     5.1877    24.9678   12.90930 1.4214e+02 0.0000e+00
        256 123.612983    0.01771     1.0625     63.750      0.701  50818.747    31.6220     5.1836      0.694    7.20330     5.1924    24.9781   12.90756 1.4274e+02 0.0000e+00
        257 123.612986    0.01778     1.0667     64.000      0.650  50827.579    31.6289     5.1877      0.644    7.20227     5.1966    24.9831   12.90577 1.3966e+02 0.0000e+00
        258 123.612989    0.01785     1.0708     64.250      0.625  50829.367    31.6312     5.1924      0.620    7.20135     5.1999    24.9844   12.90421 1.3116e+02 0.0000e+00
        259 123.612992    0.01792     1.0750     64.500      0.634  50828.399    31.6314     5.1966      0.628    7.20061     5.2022    24.9841   12.90299 1.1823e+02 0.0000e+00
        260 123.612995    0.01799     1.0792     64.750      0.678  50826.909    31.6311     5.1999      0.671    7.20007     5.2039    24.9835   12.90211 1.0728e+02 0.0000e+00
        261 123.612998    0.01806     1.0833     65.000      0.751  50825.569    31.6306     5.2022      0.744    7.19969     5.2050    24.9828   12.90149 1.0017e+02 0.0000e+00
        262 123.613001    0.01812     1.0875     65.250      0.841  50824.541    31.6302     5.2039      0.833    7.19942     5.2058    24.9823   12.90105 9.4909e+01 0.0000e+00
        263 123.613003    0.01819     1.0917     65.500      0.935  50823.689    31.6298     5.2051      0.926    7.19924     5.2063    24.9819   12.90076 9.1323e+01 0.0000e+00
        264 123.613006    0.01826     1.0958     65.750      1.026  50822.899    31.6294     5.2059      1.016    7.19912     5.2065    24.9815   12.90057 8.9439e+01 0.0000e+00
        265 123.613009    0.01833     1.1000     66.000      1.109  50822.379    31.6291     5.2064      1.098    7.19905     5.2066    24.9812   12.90046 8.8989e+01 0.0000e+00
        266 123.613012    0.01840     1.1042     66.250      1.180  50822.156    31.6289     5.2066      1.169    7.19902     5.2066    24.9810   12.90040 8.9345e+01 0.0000e+00
        267 123.613015    0.01847     1.1083     66.500      1.237  50822.060    31.6289     5.2067      1.225    7.19901     5.2066    24.9810   12.90038 8.9996e+01 0.0000e+00
        268 123.613018    0.01854     1.1125     66.750      1.279  50822.000    31.6288     5.2067      1.267    7.19900     5.2066    24.9809   12.90038 9.1011e+01 0.0000e+00
        269 123.613021    0.01861     1.1167     67.000      1.307  50821.913    31.6287     5.2067      1.295    7.19901     5.2064    24.9809   12.90039 9.2868e+01 0.0000e+00
        270 123.613024    0.01868     1.1208     67.250      1.322  50821.674    31.6286     5.2067      1.309    7.19903     5.2060    24.9807   12.90043 9.5914e+01 0.0000e+00
        271 123.613027    0.01875     1.1250     67.500      1.324  50821.171    31.6282     5.2065      1.311    7.19908     5.2053    24.9805   12.90052 1.0001e+02 0.0000e+00
