CTD-processing/allCTD/CNV--turbid/2012_06-25_subbays_jbaya_cast117.cnv
* Sea-Bird SBE19plus Data File:
* FileName = C:\Documents and Settings\glenn.seaman\My Documents\KHolderied-files\CTD-DATA-FILES\2012-CTD-KachemakBay\2012-06-25-CTD-KachemakBay-subbays\2012-06-25-KBay-subbays-cast117.hex
* Software Version 1.59
* Temperature SN =  5028
* Conductivity SN =  5028
* System UpLoad Time = Jun 27 2012 00:16:38
** KachemakBay-Subbay-Survey
** Date: 2012-06-25
** Station: Jakolof Bay A - near mouth
** Start time (AKDT-24hr): 1623
** Depth (ft): 50
** Lat: 59d 28.236m N
** Long: 151d 32.198m W
** Flat water. Rain.
# nquan = 16
# nvalues = 421                         
# units = specified
# name 0 = scan: Scan Count
# name 1 = timeJ: Julian Days
# name 2 = timeH: Time, Elapsed [hours]
# name 3 = timeM: Time, Elapsed [minutes]
# name 4 = timeS: Time, Elapsed [seconds]
# name 5 = prdM: Pressure, Strain Gauge [db]
# name 6 = specc: Specific Conductance [uS/cm]
# name 7 = sal00: Salinity, Practical [PSU]
# name 8 = tv290C: Temperature [ITS-90, deg C]
# name 9 = depSM: Depth [salt water, m], lat = 59.00
# name 10 = oxsolML/L: Oxygen Saturation, Garcia & Gordon [ml/l]
# name 11 = potemp090C: Potential Temperature [ITS-90, deg C]
# name 12 = sigma-é00: Density [sigma-theta, kg/m^3]
# name 13 = n2satML/L: Nitrogen Saturation [ml/l]
# name 14 = par: PAR/Irradiance, Biospherical/Licor [umol photons/m^2/sec]
# name 15 = flag:  0.000e+00
# span 0 =          1,        421       
# span 1 = 177.683530, 177.684745       
# span 2 =    0.00000,    0.02917       
# span 3 =     0.0000,     1.7500       
# span 4 =      0.000,    105.000       
# span 5 =     -0.171,     11.893       
# span 6 =   1101.265,  50036.671       
# span 7 =     0.5362,    31.5538       
# span 8 =     7.7596,     9.3156       
# span 9 =     -0.170,     11.781       
# span 10 =    6.61338,    8.14507      
# span 11 =     7.7585,     9.3154      
# span 12 =     0.2383,    24.6025      
# span 13 =   11.94817,   14.91553      
# span 14 = 4.2684e+00, 1.6900e+02      
# span 15 = 0.0000e+00, 0.0000e+00      
# interval = seconds: 0.25
# start_time = Jun 25 2012 16:24:17 [Instrument's time stamp, header]
# bad_flag = -9.990e-29
*END*
[from data line 362]
        363 177.684578    0.02514     1.5083     90.500      0.658  47801.162    30.1948     9.1124      0.651    6.64135     9.1405    23.3411   11.99603 9.8077e+01 0.0000e+00
        364 177.684580    0.02521     1.5125     90.750      0.663  47794.463    30.1915     9.1229      0.657    6.63994     9.1680    23.3369   11.99373 9.8317e+01 0.0000e+00
        365 177.684583    0.02528     1.5167     91.000      0.669  47781.605    30.1849     9.1406      0.663    6.63761     9.2027    23.3290   11.98996 9.8418e+01 0.0000e+00
        366 177.684586    0.02535     1.5208     91.250      0.677  47756.370    30.1708     9.1680      0.670    6.63416     9.2371    23.3139   11.98441 9.7927e+01 0.0000e+00
        367 177.684589    0.02542     1.5250     91.500      0.689  47718.267    30.1487     9.2028      0.682    6.62997     9.2651    23.2914   11.97773 9.6962e+01 0.0000e+00
        368 177.684592    0.02549     1.5292     91.750      0.707  47677.141    30.1245     9.2372      0.700    6.62594     9.2854    23.2672   11.97134 9.5994e+01 0.0000e+00
        369 177.684595    0.02556     1.5333     92.000      0.730  47642.583    30.1040     9.2652      0.723    6.62269     9.2993    23.2469   11.96621 9.4953e+01 0.0000e+00
        370 177.684598    0.02562     1.5375     92.250      0.758  47617.636    30.0892     9.2855      0.751    6.62033     9.3082    23.2322   11.96248 9.3314e+01 0.0000e+00
        371 177.684601    0.02569     1.5417     92.500      0.792  47601.987    30.0800     9.2994      0.785    6.61868     9.3134    23.2230   11.95987 9.1320e+01 0.0000e+00
        372 177.684604    0.02576     1.5458     92.750      0.832  47594.861    30.0762     9.3083      0.825    6.61753     9.3154    23.2186   11.95801 8.9783e+01 0.0000e+00
        373 177.684606    0.02583     1.5500     93.000      0.878  47596.342    30.0779     9.3135      0.870    6.61669     9.3145    23.2191   11.95660 8.8284e+01 0.0000e+00
        374 177.684609    0.02590     1.5542     93.250      0.928  47607.517    30.0859     9.3156      0.920    6.61605     9.3104    23.2251   11.95542 8.5831e+01 0.0000e+00
        375 177.684612    0.02597     1.5583     93.500      0.984  47630.525    30.1019     9.3147      0.975    6.61550     9.3023    23.2377   11.95432 8.3124e+01 0.0000e+00
        376 177.684615    0.02604     1.5625     93.750      1.047  47669.655    30.1287     9.3106      1.037    6.61496     9.2883    23.2593   11.95310 8.0844e+01 0.0000e+00
        377 177.684618    0.02611     1.5667     94.000      1.123  47733.211    30.1721     9.3024      1.113    6.61431     9.2660    23.2944   11.95151 7.7997e+01 0.0000e+00
        378 177.684621    0.02618     1.5708     94.250      1.224  47828.201    30.2366     9.2884      1.212    6.61362     9.2324    23.3470   11.94958 7.4065e+01 0.0000e+00
        379 177.684624    0.02625     1.5750     94.500      1.352  47950.589    30.3193     9.2662      1.339    6.61338     9.1812    23.4149   11.94817 6.9522e+01 0.0000e+00
        380 177.684627    0.02632     1.5792     94.750      1.507  48088.114    30.4110     9.2325      1.493    6.61444     9.1058    23.4917   11.94880 6.4774e+01 0.0000e+00
        381 177.684630    0.02639     1.5833     95.000      1.687  48234.359    30.5064     9.1814      1.672    6.61792     9.0069    23.5740   11.95340 5.9953e+01 0.0000e+00
        382 177.684633    0.02646     1.5875     95.250      1.895  48388.711    30.6041     9.1061      1.877    6.62489     8.8908    23.6618   11.96376 5.5096e+01 0.0000e+00
        383 177.684635    0.02653     1.5917     95.500      2.130  48542.173    30.6979     9.0071      2.110    6.63554     8.7622    23.7500   11.98025 5.0280e+01 0.0000e+00
        384 177.684638    0.02660     1.5958     95.750      2.390  48688.676    30.7842     8.8911      2.367    6.64907     8.6289    23.8349   12.00160 4.5577e+01 0.0000e+00
        385 177.684641    0.02667     1.6000     96.000      2.668  48840.225    30.8720     8.7625      2.643    6.66444     8.5062    23.9229   12.02598 4.1101e+01 0.0000e+00
        386 177.684644    0.02674     1.6042     96.250      2.961  49002.486    30.9664     8.6292      2.933    6.68029     8.4068    24.0166   12.05107 3.6993e+01 0.0000e+00
        387 177.684647    0.02681     1.6083     96.500      3.267  49161.309    31.0597     8.5065      3.236    6.69463     8.3333    24.1077   12.07367 3.3316e+01 0.0000e+00
        388 177.684650    0.02688     1.6125     96.750      3.583  49299.234    31.1416     8.4071      3.549    6.70601     8.2802    24.1865   12.09149 3.0054e+01 0.0000e+00
        389 177.684653    0.02694     1.6167     97.000      3.907  49405.439    31.2050     8.3337      3.871    6.71432     8.2381    24.2469   12.10446 2.7154e+01 0.0000e+00
        390 177.684656    0.02701     1.6208     97.250      4.238  49479.835    31.2490     8.2807      4.198    6.72040     8.1984    24.2892   12.11398 2.4568e+01 0.0000e+00
        391 177.684659    0.02708     1.6250     97.500      4.571  49531.503    31.2787     8.2386      4.528    6.72546     8.1571    24.3186   12.12200 2.2261e+01 0.0000e+00
        392 177.684661    0.02715     1.6292     97.750      4.906  49574.454    31.3026     8.1989      4.861    6.73045     8.1144    24.3430   12.12996 2.0211e+01 0.0000e+00
        393 177.684664    0.02722     1.6333     98.000      5.244  49618.481    31.3270     8.1576      5.195    6.73566     8.0706    24.3680   12.13828 1.8402e+01 0.0000e+00
        394 177.684667    0.02729     1.6375     98.250      5.582  49663.953    31.3521     8.1149      5.530    6.74106     8.0251    24.3938   12.14690 1.6809e+01 0.0000e+00
        395 177.684670    0.02736     1.6417     98.500      5.921  49709.487    31.3770     8.0712      5.866    6.74664     7.9794    24.4196   12.15584 1.5410e+01 0.0000e+00
        396 177.684673    0.02743     1.6458     98.750      6.262  49757.149    31.4031     8.0257      6.203    6.75244     7.9378    24.4466   12.16511 1.4186e+01 0.0000e+00
        397 177.684676    0.02750     1.6500     99.000      6.605  49808.175    31.4314     7.9800      6.543    6.75818     7.9036    24.4753   12.17426 1.3118e+01 0.0000e+00
        398 177.684679    0.02757     1.6542     99.250      6.949  49856.610    31.4586     7.9384      6.884    6.76336     7.8766    24.5025   12.18249 1.2173e+01 0.0000e+00
        399 177.684682    0.02764     1.6583     99.500      7.294  49895.684    31.4803     7.9042      7.226    6.76764     7.8550    24.5244   12.18931 1.1314e+01 0.0000e+00
        400 177.684685    0.02771     1.6625     99.750      7.638  49924.787    31.4962     7.8773      7.567    6.77108     7.8371    24.5407   12.19480 1.0522e+01 0.0000e+00
        401 177.684688    0.02778     1.6667    100.000      7.982  49946.740    31.5080     7.8557      7.907    6.77387     7.8217    24.5530   12.19927 9.7858e+00 0.0000e+00
        402 177.684690    0.02785     1.6708    100.250      8.326  49963.743    31.5169     7.8379      8.247    6.77622     7.8078    24.5625   12.20304 9.1007e+00 0.0000e+00
        403 177.684693    0.02792     1.6750    100.500      8.667  49976.828    31.5234     7.8226      8.586    6.77830     7.7951    24.5698   12.20640 8.4638e+00 0.0000e+00
        404 177.684696    0.02799     1.6792    100.750      9.007  49988.363    31.5291     7.8086      8.923    6.78020     7.7844    24.5762   12.20947 7.8721e+00 0.0000e+00
        405 177.684699    0.02806     1.6833    101.000      9.344  50000.181    31.5352     7.7959      9.257    6.78188     7.7763    24.5827   12.21217 7.3215e+00 0.0000e+00
        406 177.684702    0.02813     1.6875    101.250      9.679  50010.869    31.5408     7.7853      9.588    6.78326     7.7703    24.5886   12.21439 6.8102e+00 0.0000e+00
        407 177.684705    0.02819     1.6917    101.500     10.009  50018.818    31.5449     7.7772      9.915    6.78433     7.7660    24.5930   12.21611 6.3390e+00 0.0000e+00
        408 177.684708    0.02826     1.6958    101.750     10.330  50024.298    31.5476     7.7713     10.233    6.78513     7.7629    24.5960   12.21740 5.9086e+00 0.0000e+00
        409 177.684711    0.02833     1.7000    102.000     10.637  50028.259    31.5496     7.7670     10.538    6.78571     7.7608    24.5981   12.21833 5.5225e+00 0.0000e+00
        410 177.684714    0.02840     1.7042    102.250     10.924  50031.374    31.5511     7.7639     10.821    6.78611     7.7595    24.5997   12.21898 5.1885e+00 0.0000e+00
        411 177.684716    0.02847     1.7083    102.500     11.177  50033.694    31.5523     7.7619     11.072    6.78638     7.7588    24.6010   12.21941 4.9195e+00 0.0000e+00
        412 177.684719    0.02854     1.7125    102.750     11.380  50035.244    31.5531     7.7606     11.274    6.78654     7.7585    24.6018   12.21967 4.7253e+00 0.0000e+00
        413 177.684722    0.02861     1.7167    103.000     11.527  50036.236    31.5536     7.7599     11.420    6.78663     7.7585    24.6023   12.21980 4.5968e+00 0.0000e+00
        414 177.684725    0.02868     1.7208    103.250     11.628  50036.671    31.5538     7.7596     11.519    6.78666     7.7587    24.6025   12.21985 4.5095e+00 0.0000e+00
        415 177.684728    0.02875     1.7250    103.500     11.700  50036.448    31.5536     7.7596     11.591    6.78667     7.7587    24.6023   12.21987 4.4433e+00 0.0000e+00
        416 177.684731    0.02882     1.7292    103.750     11.757  50035.707    31.5531     7.7598     11.647    6.78667     7.7587    24.6019   12.21988 4.3910e+00 0.0000e+00
        417 177.684734    0.02889     1.7333    104.000     11.803  50034.970    31.5525     7.7598     11.692    6.78668     7.7587    24.6015   12.21990 4.3505e+00 0.0000e+00
        418 177.684737    0.02896     1.7375    104.250     11.838  50034.581    31.5522     7.7598     11.727    6.78670     7.7586    24.6012   12.21994 4.3173e+00 0.0000e+00
        419 177.684740    0.02903     1.7417    104.500     11.866  50034.235    31.5519     7.7598     11.754    6.78672     7.7586    24.6010   12.21997 4.2901e+00 0.0000e+00
        420 177.684742    0.02910     1.7458    104.750     11.886  50033.751    31.5516     7.7597     11.774    6.78673 -9.990e-29    24.6007   12.22000 4.2734e+00 0.0000e+00
        421 177.684745    0.02917     1.7500    105.000     11.893  50033.506    31.5514     7.7597     11.781    6.78674 -9.990e-29    24.6006   12.22002 4.2684e+00 0.0000e+00
