CTD-processing/allCTD/CNV--turbid/2012_08-15_t4_s09_cast131.cnv
* Sea-Bird SBE19plus Data File:
* FileName = C:\Documents and Settings\kris.holderied.local\My Documents\2012-08-15-CTD-KBay-Transect4\2012-08-15-CookInlet-Tran4-cast131.hex
* Software Version 1.54
* Temperature SN =  4141
* Conductivity SN =  4141
* System UpLoad Time = Aug 23 2012 23:17:41
** Cook Inlet LTM Transect 4 Barabara Pt to Bluff Pt
** Date:  2012-08-15
** Station:  4-09
** Start time (AKDT-24 hr): 1551
** Depth (m): 29
** Comment:
# nquan = 16
# nvalues = 397                         
# units = specified
# name 0 = scan: Scan Count
# name 1 = timeJ: Julian Days
# name 2 = timeH: Time, Elapsed [hours]
# name 3 = timeM: Time, Elapsed [minutes]
# name 4 = timeS: Time, Elapsed [seconds]
# name 5 = prdM: Pressure, Strain Gauge [db]
# name 6 = specc: Specific Conductance [uS/cm]
# name 7 = sal00: Salinity, Practical [PSU]
# name 8 = tv290C: Temperature [ITS-90, deg C]
# name 9 = depSM: Depth [salt water, m], lat = 59.00
# name 10 = oxsolML/L: Oxygen Saturation, Garcia & Gordon [ml/l]
# name 11 = potemp090C: Potential Temperature [ITS-90, deg C]
# name 12 = sigma-é00: Density [sigma-theta, kg/m^3]
# name 13 = n2satML/L: Nitrogen Saturation [ml/l]
# name 14 = par: PAR/Irradiance, Biospherical/Licor
# name 15 = flag:  0.000e+00
# span 0 =          1,        397       
# span 1 = 228.662882, 228.664028       
# span 2 =    0.00000,    0.02750       
# span 3 =     0.0000,     1.6500       
# span 4 =      0.000,     99.000       
# span 5 =      0.018,     28.405       
# span 6 =   1207.669,  49125.735       
# span 7 =     0.5958,    31.1117       
# span 8 =     9.1133,    12.4679       
# span 9 =      0.018,     28.137       
# span 10 =    6.24970,    7.52576      
# span 11 =     9.1104,    12.4677      
# span 12 =    -0.0264,    24.0578      
# span 13 =   11.36626,   13.86812      
# span 14 = 1.8778e-01, 4.2875e+02      
# span 15 = 0.0000e+00, 0.0000e+00      
# interval = seconds: 0.25
# start_time = Aug 15 2012 15:54:33 [Instrument's time stamp, header]
# bad_flag = -9.990e-29
*END*
[from data line 272]
        273 228.663669    0.01889     1.1333     68.000      1.388  44214.575    28.0372    12.4502      1.375    6.26287    12.4530    21.1074   11.39374 2.9040e+02 0.0000e+00
        274 228.663672    0.01896     1.1375     68.250      1.368  44213.390    28.0365    12.4515      1.355    6.26273    12.4550    21.1066   11.39351 2.9248e+02 0.0000e+00
        275 228.663675    0.01903     1.1417     68.500      1.352  44210.744    28.0348    12.4532      1.339    6.26257    12.4573    21.1050   11.39327 2.9270e+02 0.0000e+00
        276 228.663678    0.01910     1.1458     68.750      1.345  44206.947    28.0323    12.4552      1.332    6.26241    12.4598    21.1027   11.39302 2.9060e+02 0.0000e+00
        277 228.663681    0.01917     1.1500     69.000      1.350  44202.465    28.0294    12.4575      1.337    6.26222    12.4623    21.1000   11.39274 2.8750e+02 0.0000e+00
        278 228.663683    0.01924     1.1542     69.250      1.364  44197.953    28.0264    12.4600      1.351    6.26200    12.4643    21.0972   11.39241 2.8537e+02 0.0000e+00
        279 228.663686    0.01931     1.1583     69.500      1.381  44194.897    28.0244    12.4624      1.368    6.26175    12.4658    21.0953   11.39203 2.8499e+02 0.0000e+00
        280 228.663689    0.01938     1.1625     69.750      1.393  44193.830    28.0239    12.4644      1.380    6.26151    12.4668    21.0944   11.39164 2.8555e+02 0.0000e+00
        281 228.663692    0.01944     1.1667     70.000      1.394  44192.305    28.0229    12.4660      1.381    6.26134    12.4675    21.0934   11.39138 2.8609e+02 0.0000e+00
        282 228.663695    0.01951     1.1708     70.250      1.383  44186.888    28.0192    12.4670      1.370    6.26135    12.4677    21.0904   11.39143 2.8724e+02 0.0000e+00
        283 228.663698    0.01958     1.1750     70.500      1.362  44177.204    28.0125    12.4677      1.350    6.26152    12.4677    21.0851   11.39180 2.8996e+02 0.0000e+00
        284 228.663701    0.01965     1.1792     70.750      1.340  44165.522    28.0043    12.4679      1.328    6.26181    12.4674    21.0787   11.39238 2.9293e+02 0.0000e+00
        285 228.663704    0.01972     1.1833     71.000      1.325  44153.884    27.9961    12.4679      1.312    6.26214    12.4670    21.0724   11.39302 2.9379e+02 0.0000e+00
        286 228.663707    0.01979     1.1875     71.250      1.322  44143.827    27.9890    12.4676      1.310    6.26246    12.4666    21.0670   11.39363 2.9186e+02 0.0000e+00
        287 228.663709    0.01986     1.1917     71.500      1.333  44136.431    27.9838    12.4672      1.320    6.26272    12.4663    21.0630   11.39412 2.8826e+02 0.0000e+00
        288 228.663712    0.01993     1.1958     71.750      1.352  44132.270    27.9808    12.4668      1.339    6.26289    12.4660    21.0608   11.39443 2.8499e+02 0.0000e+00
        289 228.663715    0.02000     1.2000     72.000      1.370  44130.605    27.9796    12.4664      1.357    6.26298    12.4658    21.0599   11.39460 2.8370e+02 0.0000e+00
        290 228.663718    0.02007     1.2042     72.250      1.379  44129.380    27.9788    12.4662      1.366    6.26305    12.4656    21.0592   11.39473 2.8500e+02 0.0000e+00
        291 228.663721    0.02014     1.2083     72.500      1.374  44126.687    27.9769    12.4660      1.361    6.26316    12.4653    21.0578   11.39492 2.8819e+02 0.0000e+00
        292 228.663724    0.02021     1.2125     72.750      1.357  44121.803    27.9734    12.4658      1.344    6.26332    12.4650    21.0552   11.39523 2.9157e+02 0.0000e+00
        293 228.663727    0.02028     1.2167     73.000      1.334  44115.455    27.9690    12.4655      1.321    6.26353    12.4647    21.0518   11.39563 2.9397e+02 0.0000e+00
        294 228.663730    0.02035     1.2208     73.250      1.314  44108.591    27.9641    12.4652      1.302    6.26376    12.4645    21.0481   11.39607 2.9525e+02 0.0000e+00
        295 228.663733    0.02042     1.2250     73.500      1.305  44101.762    27.9593    12.4649      1.293    6.26399    12.4642    21.0444   11.39651 2.9524e+02 0.0000e+00
        296 228.663736    0.02049     1.2292     73.750      1.311  44095.664    27.9550    12.4646      1.298    6.26419    12.4639    21.0412   11.39691 2.9367e+02 0.0000e+00
        297 228.663738    0.02056     1.2333     74.000      1.328  44090.599    27.9514    12.4643      1.315    6.26437    12.4637    21.0384   11.39724 2.9087e+02 0.0000e+00
        298 228.663741    0.02063     1.2375     74.250      1.350  44086.018    27.9481    12.4641      1.337    6.26452    12.4636    21.0360   11.39754 2.8799e+02 0.0000e+00
        299 228.663744    0.02069     1.2417     74.500      1.369  44080.839    27.9445    12.4639      1.356    6.26469    12.4634    21.0332   11.39786 2.8640e+02 0.0000e+00
        300 228.663747    0.02076     1.2458     74.750      1.377  44074.207    27.9398    12.4637      1.364    6.26490    12.4631    21.0296   11.39827 2.8690e+02 0.0000e+00
        301 228.663750    0.02083     1.2500     75.000      1.372  44067.090    27.9348    12.4635      1.359    6.26512    12.4629    21.0258   11.39870 2.8925e+02 0.0000e+00
        302 228.663753    0.02090     1.2542     75.250      1.358  44062.000    27.9312    12.4633      1.345    6.26530    12.4627    21.0230   11.39902 2.9188e+02 0.0000e+00
        303 228.663756    0.02097     1.2583     75.500      1.342  44060.416    27.9301    12.4630      1.329    6.26538    12.4624    21.0222   11.39916 2.9285e+02 0.0000e+00
        304 228.663759    0.02104     1.2625     75.750      1.335  44062.403    27.9315    12.4628      1.323    6.26536    12.4620    21.0233   11.39911 2.9114e+02 0.0000e+00
        305 228.663762    0.02111     1.2667     76.000      1.346  44068.336    27.9357    12.4625      1.333    6.26523    12.4615    21.0266   11.39886 2.8677e+02 0.0000e+00
        306 228.663764    0.02118     1.2708     76.250      1.379  44080.108    27.9439    12.4621      1.365    6.26496    12.4607    21.0330   11.39830 2.8013e+02 0.0000e+00
        307 228.663767    0.02125     1.2750     76.500      1.437  44101.561    27.9589    12.4616      1.423    6.26443    12.4594    21.0447   11.39726 2.7124e+02 0.0000e+00
        308 228.663770    0.02132     1.2792     76.750      1.525  44137.495    27.9840    12.4609      1.511    6.26355    12.4572    21.0643   11.39550 2.5912e+02 0.0000e+00
        309 228.663773    0.02139     1.2833     77.000      1.649  44193.728    28.0233    12.4596      1.633    6.26218    12.4533    21.0949   11.39276 2.4332e+02 0.0000e+00
        310 228.663776    0.02146     1.2875     77.250      1.805  44278.940    28.0829    12.4574      1.788    6.26014    12.4464    21.1414   11.38867 2.2545e+02 0.0000e+00
        311 228.663779    0.02153     1.2917     77.500      1.984  44397.674    28.1659    12.4536      1.965    6.25740    12.4334    21.2063   11.38314 2.0717e+02 0.0000e+00
        312 228.663782    0.02160     1.2958     77.750      2.183  44544.361    28.2682    12.4467      2.163    6.25432    12.4087    21.2867   11.37681 1.8925e+02 0.0000e+00
        313 228.663785    0.02167     1.3000     78.000      2.408  44715.458    28.3872    12.4337      2.386    6.25140    12.3632    21.3810   11.37057 1.7232e+02 0.0000e+00
        314 228.663788    0.02174     1.3042     78.250      2.661  44900.486    28.5149    12.4090      2.636    6.24970    12.2832    21.4842   11.36626 1.5687e+02 0.0000e+00
        315 228.663791    0.02181     1.3083     78.500      2.937  45064.148    28.6256    12.3636      2.909    6.25145    12.1542    21.5780   11.36786 1.4323e+02 0.0000e+00
        316 228.663793    0.02187     1.3125     78.750      3.226  45192.768    28.7085    12.2836      3.195    6.25889    11.9691    21.6564   11.37924 1.3146e+02 0.0000e+00
        317 228.663796    0.02194     1.3167     79.000      3.518  45324.405    28.7889    12.1546      3.485    6.27300    11.7334    21.7417   11.40172 1.2115e+02 0.0000e+00
        318 228.663799    0.02201     1.3208     79.250      3.811  45501.560    28.8958    11.9696      3.775    6.29362    11.4576    21.8574   11.43471 1.1181e+02 0.0000e+00
        319 228.663802    0.02208     1.3250     79.500      4.109  45742.338    29.0423    11.7339      4.070    6.31961    11.1520    22.0125   11.47614 1.0310e+02 0.0000e+00
        320 228.663805    0.02215     1.3292     79.750      4.416  46051.106    29.2320    11.4581      4.374    6.34950    10.8375    22.2077   11.52351 9.4779e+01 0.0000e+00
        321 228.663808    0.02222     1.3333     80.000      4.736  46419.925    29.4599    11.1525      4.691    6.38215    10.5462    22.4373   11.57499 8.6625e+01 0.0000e+00
        322 228.663811    0.02229     1.3375     80.250      5.072  46816.297    29.7053    10.8381      5.024    6.41556    10.3002    22.6815   11.62751 7.8384e+01 0.0000e+00
        323 228.663814    0.02236     1.3417     80.500      5.427  47194.386    29.9393    10.5468      5.376    6.44646    10.1042    22.9125   11.67598 7.0064e+01 0.0000e+00
        324 228.663817    0.02243     1.3458     80.750      5.799  47526.693    30.1452    10.3008      5.745    6.47238     9.9556    23.1138   11.71651 6.2019e+01 0.0000e+00
        325 228.663819    0.02250     1.3500     81.000      6.180  47811.709    30.3230    10.1049      6.123    6.49257     9.8502    23.2847   11.74787 5.4628e+01 0.0000e+00
        326 228.663822    0.02257     1.3542     81.250      6.562  48058.437    30.4790     9.9563      6.501    6.50707     9.7825    23.4306   11.77005 4.8083e+01 0.0000e+00
        327 228.663825    0.02264     1.3583     81.500      6.941  48272.234    30.6167     9.8509      6.876    6.51624     9.7446    23.5551   11.78361 4.2407e+01 0.0000e+00
        328 228.663828    0.02271     1.3625     81.750      7.315  48444.520    30.7296     9.7833      7.247    6.52111     9.7256    23.6542   11.79032 3.7522e+01 0.0000e+00
        329 228.663831    0.02278     1.3667     82.000      7.690  48562.725    30.8081     9.7454      7.618    6.52320     9.7150    23.7216   11.79285 3.3316e+01 0.0000e+00
        330 228.663834    0.02285     1.3708     82.250      8.071  48632.259    30.8546     9.7264      7.995    6.52393     9.7052    23.7610   11.79351 2.9674e+01 0.0000e+00
        331 228.663837    0.02292     1.3750     82.500      8.459  48670.619    30.8802     9.7159      8.380    6.52434     9.6913    23.7827   11.79389 2.6494e+01 0.0000e+00
        332 228.663840    0.02299     1.3792     82.750      8.852  48692.448    30.8942     9.7061      8.769    6.52515     9.6717    23.7952   11.79506 2.3707e+01 0.0000e+00
        333 228.663843    0.02306     1.3833     83.000      9.247  48708.145    30.9033     9.6924      9.160    6.52674     9.6474    23.8046   11.79758 2.1267e+01 0.0000e+00
        334 228.663845    0.02313     1.3875     83.250      9.640  48724.889    30.9125     9.6728      9.549    6.52916     9.6212    23.8148   11.80149 1.9144e+01 0.0000e+00
        335 228.663848    0.02319     1.3917     83.500     10.026  48745.872    30.9239     9.6485      9.932    6.53218     9.5959    23.8276   11.80634 1.7301e+01 0.0000e+00
        336 228.663851    0.02326     1.3958     83.750     10.405  48769.354    30.9369     9.6224     10.307    6.53540     9.5720    23.8419   11.81151 1.5678e+01 0.0000e+00
        337 228.663854    0.02333     1.4000     84.000     10.780  48790.531    30.9484     9.5971     10.679    6.53856     9.5478    23.8548   11.81660 1.4226e+01 0.0000e+00
        338 228.663857    0.02340     1.4042     84.250     11.157  48806.204    30.9561     9.5732     11.053    6.54168     9.5210    23.8647   11.82167 1.2913e+01 0.0000e+00
        339 228.663860    0.02347     1.4083     84.500     11.539  48819.182    30.9619     9.5490     11.431    6.54493     9.4916    23.8730   11.82700 1.1717e+01 0.0000e+00
        340 228.663863    0.02354     1.4125     84.750     11.924  48836.181    30.9702     9.5223     11.812    6.54845     9.4616    23.8837   11.83272 1.0617e+01 0.0000e+00
        341 228.663866    0.02361     1.4167     85.000     12.310  48859.552    30.9826     9.4929     12.195    6.55217     9.4336    23.8980   11.83874 9.6021e+00 0.0000e+00
        342 228.663869    0.02368     1.4208     85.250     12.695  48886.120    30.9971     9.4629     12.576    6.55590     9.4092    23.9141   11.84474 8.6711e+00 0.0000e+00
        343 228.663872    0.02375     1.4250     85.500     13.074  48911.748    31.0112     9.4350     12.951    6.55935     9.3885    23.9295   11.85029 7.8339e+00 0.0000e+00
        344 228.663874    0.02382     1.4292     85.750     13.441  48933.308    31.0230     9.4106     13.315    6.56239     9.3706    23.9425   11.85517 7.0909e+00 0.0000e+00
        345 228.663877    0.02389     1.4333     86.000     13.796  48949.957    31.0318     9.3899     13.667    6.56502     9.3548    23.9526   11.85942 6.4341e+00 0.0000e+00
        346 228.663880    0.02396     1.4375     86.250     14.143  48963.044    31.0385     9.3721     14.011    6.56733     9.3406    23.9606   11.86316 5.8477e+00 0.0000e+00
        347 228.663883    0.02403     1.4417     86.500     14.489  48974.131    31.0440     9.3563     14.353    6.56939     9.3277    23.9674   11.86650 5.3123e+00 0.0000e+00
        348 228.663886    0.02410     1.4458     86.750     14.840  48984.257    31.0490     9.3421     14.701    6.57123     9.3159    23.9736   11.86950 4.8163e+00 0.0000e+00
        349 228.663889    0.02417     1.4500     87.000     15.202  48994.155    31.0541     9.3292     15.060    6.57289     9.3050    23.9796   11.87219 4.3549e+00 0.0000e+00
        350 228.663892    0.02424     1.4542     87.250     15.578  49004.181    31.0594     9.3175     15.432    6.57438     9.2950    23.9855   11.87459 3.9242e+00 0.0000e+00
        351 228.663895    0.02431     1.4583     87.500     15.969  49014.502    31.0650     9.3067     15.819    6.57571     9.2854    23.9916   11.87673 3.5235e+00 0.0000e+00
        352 228.663898    0.02438     1.4625     87.750     16.369  49024.199    31.0703     9.2967     16.216    6.57695     9.2758    23.9973   11.87871 3.1559e+00 0.0000e+00
        353 228.663900    0.02444     1.4667     88.000     16.774  49031.954    31.0743     9.2871     16.617    6.57818     9.2661    24.0019   11.88070 2.8244e+00 0.0000e+00
        354 228.663903    0.02451     1.4708     88.250     17.176  49037.857    31.0770     9.2776     17.015    6.57945     9.2559    24.0055   11.88277 2.5300e+00 0.0000e+00
        355 228.663906    0.02458     1.4750     88.500     17.571  49042.149    31.0786     9.2679     17.406    6.58080     9.2450    24.0082   11.88498 2.2707e+00 0.0000e+00
        356 228.663909    0.02465     1.4792     88.750     17.955  49046.342    31.0800     9.2578     17.786    6.58222     9.2339    24.0109   11.88732 2.0432e+00 0.0000e+00
        357 228.663912    0.02472     1.4833     89.000     18.329  49053.201    31.0832     9.2469     18.156    6.58367     9.2229    24.0151   11.88968 1.8431e+00 0.0000e+00
        358 228.663915    0.02479     1.4875     89.250     18.696  49061.345    31.0872     9.2358     18.520    6.58512     9.2118    24.0200   11.89203 1.6655e+00 0.0000e+00
        359 228.663918    0.02486     1.4917     89.500     19.063  49066.804    31.0894     9.2249     18.884    6.58662     9.1998    24.0234   11.89449 1.5073e+00 0.0000e+00
        360 228.663921    0.02493     1.4958     89.750     19.430  49069.005    31.0893     9.2138     19.248    6.58825     9.1869    24.0250   11.89719 1.3667e+00 0.0000e+00
        361 228.663924    0.02500     1.5000     90.000     19.796  49070.929    31.0888     9.2018     19.610    6.59002     9.1743    24.0265   11.90012 1.2428e+00 0.0000e+00
