CTD-processing/allCTD/CNV--turbid/2012_09-21_t9_s02_repeat3_cast172.cnv
* Sea-Bird SBE19plus Data File:
* FileName = C:\Documents and Settings\kris.holderied.local\My Documents\2012-CTD-DATA-new-files\2012-09-21-CTD-HomerSpit-tide-time-series-KBRRctd\2012-09-21-CTD-HomerSpit-tide-repeat3\2012-09-21-HomerSpit-tide-repeat3-cast172.hex
* Software Version 1.54
* Temperature SN =  4141
* Conductivity SN =  4141
* System UpLoad Time = Oct 11 2012 19:09:37
** Kachemak Bay Homer Spit Line - Tidal repeat3
** Date:  2012-09-21
** Station: 9-02
** Start time (AKDT-24 hr): 1334
** Depth (ft): 250
** Comment:On inshore (south) side of strong front. Very turbid water with glacial till. Less than 0.25 m. No drift at this station.
# nquan = 16
# nvalues = 650                         
# units = specified
# name 0 = scan: Scan Count
# name 1 = timeJ: Julian Days
# name 2 = timeH: Time, Elapsed [hours]
# name 3 = timeM: Time, Elapsed [minutes]
# name 4 = timeS: Time, Elapsed [seconds]
# name 5 = prdM: Pressure, Strain Gauge [db]
# name 6 = specc: Specific Conductance [uS/cm]
# name 7 = sal00: Salinity, Practical [PSU]
# name 8 = tv290C: Temperature [ITS-90, deg C]
# name 9 = depSM: Depth [salt water, m], lat = 59.00
# name 10 = oxsolML/L: Oxygen Saturation, Garcia & Gordon [ml/l]
# name 11 = potemp090C: Potential Temperature [ITS-90, deg C]
# name 12 = sigma-é00: Density [sigma-theta, kg/m^3]
# name 13 = n2satML/L: Nitrogen Saturation [ml/l]
# name 14 = par: PAR/Irradiance, Biospherical/Licor
# name 15 = flag:  0.000e+00
# span 0 =          1,        650       
# span 1 = 265.565150, 265.567028       
# span 2 =    0.00000,    0.04507       
# span 3 =     0.0000,     2.7042       
# span 4 =      0.000,    162.250       
# span 5 =     -0.107,     73.082       
# span 6 =   7670.867,  48479.369       
# span 7 =     4.2067,    30.6946       
# span 8 =     9.1156,    10.0876       
# span 9 =     -0.106,     72.386       
# span 10 =    6.54793,    7.70238      
# span 11 =     9.1156,    10.0872      
# span 12 =     2.9897,    23.6686      
# span 13 =   11.83706,   14.08534      
# span 14 = 6.6359e-02, 6.0605e+02      
# span 15 = 0.0000e+00, 0.0000e+00      
# interval = seconds: 0.25
# start_time = Sep 21 2012 13:33:49 [Instrument's time stamp, header]
# bad_flag = -9.990e-29
*END*
[from data line 452]
        453 265.566458    0.03139     1.8833    113.000     24.935  47799.791    30.2535     9.6503     24.700    6.56011     9.6484    23.3044   11.86070 7.7165e-02 0.0000e+00
        454 265.566461    0.03146     1.8875    113.250     25.167  47802.213    30.2552     9.6507     24.930    6.55997     9.6485    23.3056   11.86045 7.6612e-02 0.0000e+00
        455 265.566464    0.03153     1.8917    113.500     25.396  47804.952    30.2570     9.6510     25.157    6.55985     9.6484    23.3070   11.86022 7.6114e-02 0.0000e+00
        456 265.566467    0.03160     1.8958    113.750     25.625  47808.270    30.2593     9.6512     25.384    6.55973     9.6483    23.3088   11.86001 7.5650e-02 0.0000e+00
        457 265.566470    0.03167     1.9000    114.000     25.859  47812.239    30.2620     9.6512     25.615    6.55962     9.6480    23.3109   11.85979 7.5194e-02 0.0000e+00
        458 265.566473    0.03174     1.9042    114.250     26.099  47816.816    30.2651     9.6510     25.853    6.55951     9.6478    23.3133   11.85957 7.4719e-02 0.0000e+00
        459 265.566476    0.03181     1.9083    114.500     26.345  47821.720    30.2684     9.6508     26.097    6.55940     9.6475    23.3159   11.85935 7.4216e-02 0.0000e+00
        460 265.566479    0.03188     1.9125    114.750     26.594  47826.725    30.2718     9.6506     26.344    6.55930     9.6473    23.3186   11.85913 7.3729e-02 0.0000e+00
        461 265.566481    0.03194     1.9167    115.000     26.843  47831.862    30.2753     9.6504     26.590    6.55918     9.6472    23.3213   11.85890 7.3322e-02 0.0000e+00
        462 265.566484    0.03201     1.9208    115.250     27.090  47837.368    30.2790     9.6502     26.835    6.55905     9.6471    23.3243   11.85864 7.2979e-02 0.0000e+00
        463 265.566487    0.03208     1.9250    115.500     27.334  47843.049    30.2829     9.6501     27.077    6.55890     9.6470    23.3273   11.85835 7.2652e-02 0.0000e+00
        464 265.566490    0.03215     1.9292    115.750     27.576  47848.434    30.2865     9.6501     27.316    6.55875     9.6468    23.3302   11.85806 7.2334e-02 0.0000e+00
        465 265.566493    0.03222     1.9333    116.000     27.816  47853.402    30.2899     9.6500     27.554    6.55862     9.6465    23.3329   11.85779 7.2021e-02 0.0000e+00
        466 265.566496    0.03229     1.9375    116.250     28.055  47858.100    30.2931     9.6498     27.791    6.55851     9.6461    23.3354   11.85757 7.1718e-02 0.0000e+00
        467 265.566499    0.03236     1.9417    116.500     28.291  47862.765    30.2962     9.6496     28.025    6.55842     9.6457    23.3379   11.85738 7.1443e-02 0.0000e+00
        468 265.566502    0.03243     1.9458    116.750     28.525  47867.621    30.2995     9.6492     28.256    6.55833     9.6454    23.3405   11.85720 7.1199e-02 0.0000e+00
        469 265.566505    0.03250     1.9500    117.000     28.755  47873.055    30.3031     9.6488     28.484    6.55824     9.6450    23.3434   11.85700 7.0944e-02 0.0000e+00
        470 265.566508    0.03257     1.9542    117.250     28.983  47879.762    30.3077     9.6484     28.711    6.55810     9.6447    23.3470   11.85671 7.0665e-02 0.0000e+00
        471 265.566510    0.03264     1.9583    117.500     29.212  47888.283    30.3136     9.6481     28.937    6.55790     9.6444    23.3516   11.85631 7.0423e-02 0.0000e+00
        472 265.566513    0.03271     1.9625    117.750     29.445  47898.504    30.3206     9.6478     29.167    6.55764     9.6442    23.3572   11.85580 7.0208e-02 0.0000e+00
        473 265.566516    0.03278     1.9667    118.000     29.683  47910.465    30.3289     9.6475     29.403    6.55733     9.6442    23.3637   11.85518 6.9966e-02 0.0000e+00
        474 265.566519    0.03285     1.9708    118.250     29.927  47925.054    30.3390     9.6474     29.645    6.55693     9.6443    23.3716   11.85440 6.9705e-02 0.0000e+00
        475 265.566522    0.03292     1.9750    118.500     30.172  47942.602    30.3512     9.6474     29.887    6.55642     9.6447    23.3811   11.85340 6.9510e-02 0.0000e+00
        476 265.566525    0.03299     1.9792    118.750     30.414  47961.148    30.3641     9.6475     30.127    6.55585     9.6453    23.3912   11.85230 6.9415e-02 0.0000e+00
        477 265.566528    0.03306     1.9833    119.000     30.651  47977.041    30.3752     9.6479     30.362    6.55532     9.6459    23.3998   11.85130 6.9353e-02 0.0000e+00
        478 265.566531    0.03313     1.9875    119.250     30.884  47988.097    30.3829     9.6485     30.592    6.55491     9.6464    23.4057   11.85053 6.9245e-02 0.0000e+00
        479 265.566534    0.03319     1.9917    119.500     31.113  47995.130    30.3879     9.6491     30.819    6.55462     9.6468    23.4095   11.84997 6.9117e-02 0.0000e+00
        480 265.566536    0.03326     1.9958    119.750     31.341  47999.797    30.3911     9.6497     31.045    6.55440     9.6470    23.4119   11.84957 6.9019e-02 0.0000e+00
        481 265.566539    0.03333     2.0000    120.000     31.570  48003.000    30.3933     9.6501     31.273    6.55425     9.6472    23.4136   11.84929 6.8882e-02 0.0000e+00
        482 265.566542    0.03340     2.0042    120.250     31.801  48005.343    30.3949     9.6504     31.501    6.55414     9.6472    23.4148   11.84909 6.8677e-02 0.0000e+00
        483 265.566545    0.03347     2.0083    120.500     32.032  48007.358    30.3962     9.6506     31.730    6.55406     9.6472    23.4158   11.84894 6.8462e-02 0.0000e+00
        484 265.566548    0.03354     2.0125    120.750     32.262  48009.407    30.3976     9.6507     31.958    6.55399     9.6472    23.4169   11.84881 6.8280e-02 0.0000e+00
        485 265.566551    0.03361     2.0167    121.000     32.490  48011.758    30.3991     9.6507     32.184    6.55392     9.6471    23.4181   11.84868 6.8160e-02 0.0000e+00
        486 265.566554    0.03368     2.0208    121.250     32.715  48014.813    30.4012     9.6506     32.407    6.55384     9.6469    23.4197   11.84852 6.8086e-02 0.0000e+00
        487 265.566557    0.03375     2.0250    121.500     32.940  48019.090    30.4041     9.6506     32.629    6.55373     9.6468    23.4220   11.84830 6.8018e-02 0.0000e+00
        488 265.566560    0.03382     2.0292    121.750     33.165  48024.550    30.4078     9.6505     32.852    6.55358     9.6466    23.4249   11.84802 6.7928e-02 0.0000e+00
        489 265.566562    0.03389     2.0333    122.000     33.394  48030.468    30.4119     9.6503     33.078    6.55343     9.6464    23.4281   11.84772 6.7830e-02 0.0000e+00
        490 265.566565    0.03396     2.0375    122.250     33.625  48036.033    30.4157     9.6502     33.307    6.55329     9.6462    23.4311   11.84744 6.7743e-02 0.0000e+00
        491 265.566568    0.03403     2.0417    122.500     33.857  48040.720    30.4188     9.6500     33.538    6.55318     9.6458    23.4336   11.84722 6.7673e-02 0.0000e+00
        492 265.566571    0.03410     2.0458    122.750     34.091  48044.485    30.4213     9.6498     33.769    6.55311     9.6453    23.4356   11.84708 6.7648e-02 0.0000e+00
        493 265.566574    0.03417     2.0500    123.000     34.324  48047.731    30.4235     9.6495     34.000    6.55307     9.6446    23.4373   11.84699 6.7641e-02 0.0000e+00
        494 265.566577    0.03424     2.0542    123.250     34.557  48051.107    30.4257     9.6490     34.231    6.55305     9.6438    23.4391   11.84692 6.7595e-02 0.0000e+00
        495 265.566580    0.03431     2.0583    123.500     34.788  48055.159    30.4283     9.6483     34.460    6.55303     9.6429    23.4413   11.84686 6.7522e-02 0.0000e+00
        496 265.566583    0.03438     2.0625    123.750     35.018  48060.262    30.4317     9.6475     34.687    6.55301     9.6422    23.4441   11.84678 6.7447e-02 0.0000e+00
        497 265.566586    0.03444     2.0667    124.000     35.249  48066.461    30.4358     9.6466     34.916    6.55295     9.6418    23.4474   11.84664 6.7405e-02 0.0000e+00
        498 265.566589    0.03451     2.0708    124.250     35.482  48072.946    30.4402     9.6459     35.147    6.55287     9.6417    23.4510   11.84645 6.7395e-02 0.0000e+00
        499 265.566591    0.03458     2.0750    124.500     35.716  48078.505    30.4439     9.6455     35.379    6.55278     9.6418    23.4540   11.84624 6.7355e-02 0.0000e+00
        500 265.566594    0.03465     2.0792    124.750     35.949  48082.569    30.4467     9.6454     35.610    6.55267     9.6421    23.4562   11.84604 6.7251e-02 0.0000e+00
        501 265.566597    0.03472     2.0833    125.000     36.178  48085.532    30.4487     9.6456     35.837    6.55256     9.6425    23.4577   11.84583 6.7118e-02 0.0000e+00
        502 265.566600    0.03479     2.0875    125.250     36.403  48088.068    30.4504     9.6459     36.059    6.55244     9.6429    23.4590   11.84561 6.6998e-02 0.0000e+00
        503 265.566603    0.03486     2.0917    125.500     36.623  48090.248    30.4519     9.6463     36.278    6.55232     9.6434    23.4601   11.84539 6.6934e-02 0.0000e+00
        504 265.566606    0.03493     2.0958    125.750     36.842  48091.753    30.4529     9.6468     36.495    6.55220     9.6437    23.4608   11.84519 6.6915e-02 0.0000e+00
        505 265.566609    0.03500     2.1000    126.000     37.060  48092.633    30.4535     9.6473     36.710    6.55211     9.6440    23.4611   11.84503 6.6898e-02 0.0000e+00
        506 265.566612    0.03507     2.1042    126.250     37.277  48093.259    30.4539     9.6477     36.925    6.55204     9.6443    23.4614   11.84491 6.6886e-02 0.0000e+00
        507 265.566615    0.03514     2.1083    126.500     37.492  48093.918    30.4543     9.6480     37.138    6.55198     9.6445    23.4617   11.84480 6.6868e-02 0.0000e+00
        508 265.566617    0.03521     2.1125    126.750     37.708  48094.678    30.4548     9.6482     37.352    6.55192     9.6448    23.4620   11.84470 6.6831e-02 0.0000e+00
        509 265.566620    0.03528     2.1167    127.000     37.927  48095.565    30.4554     9.6485     37.569    6.55186     9.6452    23.4624   11.84459 6.6781e-02 0.0000e+00
        510 265.566623    0.03535     2.1208    127.250     38.153  48096.714    30.4562     9.6488     37.793    6.55178     9.6457    23.4630   11.84445 6.6736e-02 0.0000e+00
        511 265.566626    0.03542     2.1250    127.500     38.388  48098.172    30.4571     9.6493     38.026    6.55168     9.6464    23.4637   11.84427 6.6721e-02 0.0000e+00
        512 265.566629    0.03549     2.1292    127.750     38.631  48099.857    30.4583     9.6498     38.267    6.55155     9.6472    23.4645   11.84404 6.6739e-02 0.0000e+00
        513 265.566632    0.03556     2.1333    128.000     38.879  48101.904    30.4597     9.6505     38.512    6.55139     9.6483    23.4655   11.84376 6.6760e-02 0.0000e+00
        514 265.566635    0.03562     2.1375    128.250     39.126  48104.616    30.4616     9.6513     38.756    6.55119     9.6497    23.4669   11.84340 6.6744e-02 0.0000e+00
        515 265.566638    0.03569     2.1417    128.500     39.365  48107.754    30.4638     9.6525     38.993    6.55093     9.6514    23.4684   11.84295 6.6714e-02 0.0000e+00
        516 265.566641    0.03576     2.1458    128.750     39.595  48110.713    30.4660     9.6539     39.221    6.55063     9.6532    23.4699   11.84244 6.6693e-02 0.0000e+00
        517 265.566644    0.03583     2.1500    129.000     39.814  48113.773    30.4683     9.6556     39.438    6.55029     9.6552    23.4714   11.84185 6.6686e-02 0.0000e+00
        518 265.566646    0.03590     2.1542    129.250     40.028  48117.512    30.4710     9.6574     39.650    6.54991     9.6572    23.4733   11.84117 6.6692e-02 0.0000e+00
        519 265.566649    0.03597     2.1583    129.500     40.244  48121.651    30.4741     9.6594     39.863    6.54949     9.6591    23.4754   11.84044 6.6667e-02 0.0000e+00
        520 265.566652    0.03604     2.1625    129.750     40.466  48125.741    30.4771     9.6615     40.083    6.54907     9.6606    23.4774   11.83971 6.6591e-02 0.0000e+00
        521 265.566655    0.03611     2.1667    130.000     40.696  48129.472    30.4799     9.6634     40.312    6.54868     9.6617    23.4793   11.83902 6.6499e-02 0.0000e+00
        522 265.566658    0.03618     2.1708    130.250     40.935  48132.409    30.4821     9.6650     40.548    6.54836     9.6621    23.4807   11.83847 6.6439e-02 0.0000e+00
        523 265.566661    0.03625     2.1750    130.500     41.179  48134.486    30.4836     9.6660     40.790    6.54815     9.6622    23.4817   11.83810 6.6441e-02 0.0000e+00
        524 265.566664    0.03632     2.1792    130.750     41.426  48136.043    30.4846     9.6665     41.034    6.54803     9.6619    23.4825   11.83789 6.6488e-02 0.0000e+00
        525 265.566667    0.03639     2.1833    131.000     41.674  48137.252    30.4854     9.6666     41.280    6.54798     9.6613    23.4831   11.83781 6.6530e-02 0.0000e+00
        526 265.566670    0.03646     2.1875    131.250     41.923  48138.209    30.4859     9.6663     41.527    6.54800     9.6605    23.4835   11.83784 6.6558e-02 0.0000e+00
        527 265.566672    0.03653     2.1917    131.500     42.173  48139.213    30.4865     9.6657     41.774    6.54807     9.6596    23.4840   11.83793 6.6594e-02 0.0000e+00
        528 265.566675    0.03660     2.1958    131.750     42.423  48140.528    30.4872     9.6649     42.022    6.54815     9.6586    23.4847   11.83806 6.6645e-02 0.0000e+00
        529 265.566678    0.03667     2.2000    132.000     42.672  48142.145    30.4881     9.6640     42.269    6.54824     9.6577    23.4856   11.83819 6.6680e-02 0.0000e+00
        530 265.566681    0.03674     2.2042    132.250     42.920  48143.935    30.4891     9.6631     42.515    6.54832     9.6569    23.4865   11.83832 6.6667e-02 0.0000e+00
        531 265.566684    0.03681     2.2083    132.500     43.166  48145.852    30.4903     9.6623     42.759    6.54840     9.6562    23.4876   11.83843 6.6624e-02 0.0000e+00
        532 265.566687    0.03687     2.2125    132.750     43.410  48147.908    30.4915     9.6615     43.000    6.54846     9.6554    23.4887   11.83852 6.6558e-02 0.0000e+00
        533 265.566690    0.03694     2.2167    133.000     43.651  48150.056    30.4928     9.6608     43.239    6.54851     9.6547    23.4898   11.83859 6.6477e-02 0.0000e+00
        534 265.566693    0.03701     2.2208    133.250     43.894  48152.137    30.4941     9.6601     43.479    6.54856     9.6540    23.4909   11.83865 6.6418e-02 0.0000e+00
        535 265.566696    0.03708     2.2250    133.500     44.139  48153.989    30.4952     9.6594     43.722    6.54861     9.6534    23.4919   11.83873 6.6411e-02 0.0000e+00
        536 265.566698    0.03715     2.2292    133.750     44.388  48155.625    30.4962     9.6587     43.969    6.54867     9.6527    23.4928   11.83881 6.6454e-02 0.0000e+00
        537 265.566701    0.03722     2.2333    134.000     44.637  48157.239    30.4971     9.6581     44.216    6.54872     9.6520    23.4936   11.83889 6.6477e-02 0.0000e+00
        538 265.566704    0.03729     2.2375    134.250     44.884  48159.124    30.4983     9.6575     44.460    6.54876     9.6513    23.4946   11.83894 6.6452e-02 0.0000e+00
        539 265.566707    0.03736     2.2417    134.500     45.125  48161.491    30.4997     9.6568     44.698    6.54880     9.6505    23.4959   11.83898 6.6413e-02 0.0000e+00
        540 265.566710    0.03743     2.2458    134.750     45.360  48164.335    30.5016     9.6561     44.931    6.54882     9.6497    23.4974   11.83900 6.6384e-02 0.0000e+00
        541 265.566713    0.03750     2.2500    135.000     45.591  48167.602    30.5037     9.6554     45.159    6.54884     9.6489    23.4992   11.83900 6.6370e-02 0.0000e+00
        542 265.566716    0.03757     2.2542    135.250     45.820  48171.202    30.5060     9.6546     45.387    6.54885     9.6481    23.5011   11.83899 6.6359e-02 0.0000e+00
