CTD-processing/allCTD/CNV--turbid/2012_05-03_t6_s25_cast069.cnv
* Sea-Bird SBE19plus Data File:
* FileName = C:\Documents and Settings\glenn.seaman\My Documents\KHolderied-files\CTD-DATA-FILES\2012-05-LTM-LowerCookInlet-CTD\Transect6-2012-05-Douglas\2012-05-03-04-LTM-Tran6-cast069.hex
* Software Version 1.59
* Temperature SN =  5028
* Conductivity SN =  5028
* System UpLoad Time = May 31 2012 03:13:20
** LTM Transect6- Pt Adam to Cape Douglas
** Date: 05-03
** Station: 6-25
** Start time (AKDT-24hr): 01:02
** Depth (m): 175
** check sta no, add time/z from log
# nquan = 16
# nvalues = 1195                        
# units = specified
# name 0 = scan: Scan Count
# name 1 = timeJ: Julian Days
# name 2 = timeH: Time, Elapsed [hours]
# name 3 = timeM: Time, Elapsed [minutes]
# name 4 = timeS: Time, Elapsed [seconds]
# name 5 = prdM: Pressure, Strain Gauge [db]
# name 6 = specc: Specific Conductance [uS/cm]
# name 7 = sal00: Salinity, Practical [PSU]
# name 8 = tv290C: Temperature [ITS-90, deg C]
# name 9 = depSM: Depth [salt water, m], lat = 59.00
# name 10 = oxsolML/L: Oxygen Saturation, Garcia & Gordon [ml/l]
# name 11 = potemp090C: Potential Temperature [ITS-90, deg C]
# name 12 = sigma-é00: Density [sigma-theta, kg/m^3]
# name 13 = n2satML/L: Nitrogen Saturation [ml/l]
# name 14 = par: PAR/Irradiance, Biospherical/Licor [umol photons/m^2/sec]
# name 15 = flag:  0.000e+00
# span 0 =          1,       1195       
# span 1 = 125.043692, 125.047147       
# span 2 =    0.00000,    0.08292       
# span 3 =     0.0000,     4.9750       
# span 4 =      0.000,    298.500       
# span 5 =     -0.124,    166.206       
# span 6 =    553.654,  52354.589       
# span 7 =     0.2563,    32.4685       
# span 8 =     3.5822,     4.9199       
# span 9 =     -0.122,    164.586       
# span 10 =    7.21839,    9.25773      
# span 11 =     3.5822,     4.9099      
# span 12 =     0.1808,    25.7115      
# span 13 =   12.92440,   16.79065      
# span 14 = 3.7490e-02, 9.9855e-01      
# span 15 = 0.0000e+00, 0.0000e+00      
# interval = seconds: 0.25
# start_time = May 04 2012 01:02:55 [Instrument's time stamp, header]
# bad_flag = -9.990e-29
*END*
[from data line 91]
         92 125.043955    0.00632     0.3792     22.750      1.552  49496.318    30.5161     4.2609      1.537    7.42010     4.2518    24.1965   13.27999 3.9336e-02 0.0000e+00
         93 125.043958    0.00639     0.3833     23.000      1.498  49515.790    30.5285     4.2568      1.484    7.42023     4.2463    24.2067   13.28004 3.8607e-02 0.0000e+00
         94 125.043961    0.00646     0.3875     23.250      1.477  49535.035    30.5405     4.2518      1.463    7.42052     4.2406    24.2167   13.28037 3.8175e-02 0.0000e+00
         95 125.043964    0.00653     0.3917     23.500      1.492  49553.543    30.5518     4.2463      1.478    7.42095     4.2355    24.2262   13.28093 3.7927e-02 0.0000e+00
         96 125.043967    0.00660     0.3958     23.750      1.542  49568.905    30.5610     4.2407      1.528    7.42151     4.2316    24.2340   13.28174 3.7794e-02 0.0000e+00
         97 125.043970    0.00667     0.4000     24.000      1.622  49577.398    30.5656     4.2356      1.607    7.42220     4.2284    24.2382   13.28282 3.7743e-02 0.0000e+00
         98 125.043973    0.00674     0.4042     24.250      1.719  49575.956    30.5637     4.2317      1.703    7.42301     4.2247    24.2370   13.28418 3.7759e-02 0.0000e+00
         99 125.043976    0.00681     0.4083     24.500      1.815  49564.050    30.5548     4.2285      1.799    7.42403     4.2192    24.2303   13.28597 3.7847e-02 0.0000e+00
        100 125.043979    0.00688     0.4125     24.750      1.899  49547.557    30.5427     4.2248      1.882    7.42530     4.2114    24.2211   13.28823 3.7997e-02 0.0000e+00
        101 125.043981    0.00694     0.4167     25.000      1.961  49538.362    30.5352     4.2193      1.943    7.42666     4.2021    24.2156   13.29057 3.8121e-02 0.0000e+00
        102 125.043984    0.00701     0.4208     25.250      1.992  49542.897    30.5365     4.2115      1.974    7.42801     4.1928    24.2174   13.29278 3.8170e-02 0.0000e+00
        103 125.043987    0.00708     0.4250     25.500      1.986  49557.261    30.5442     4.2022      1.968    7.42932     4.1852    24.2244   13.29484 3.8177e-02 0.0000e+00
        104 125.043990    0.00715     0.4292     25.750      1.944  49574.725    30.5540     4.1929      1.925    7.43049     4.1798    24.2331   13.29665 3.8089e-02 0.0000e+00
        105 125.043993    0.00722     0.4333     26.000      1.870  49592.123    30.5642     4.1853      1.852    7.43137     4.1769    24.2419   13.29796 3.7902e-02 0.0000e+00
        106 125.043996    0.00729     0.4375     26.250      1.776  49609.647    30.5749     4.1799      1.759    7.43181     4.1768    24.2509   13.29855 3.7737e-02 0.0000e+00
        107 125.043999    0.00736     0.4417     26.500      1.679  49628.453    30.5871     4.1770      1.663    7.43172     4.1796    24.2609   13.29825 3.7638e-02 0.0000e+00
        108 125.044002    0.00743     0.4458     26.750      1.593  49648.051    30.6004     4.1769      1.578    7.43108     4.1854    24.2715   13.29702 3.7579e-02 0.0000e+00
        109 125.044005    0.00750     0.4500     27.000      1.533  49662.568    30.6110     4.1797      1.519    7.43004     4.1930    24.2796   13.29516 3.7543e-02 0.0000e+00
        110 125.044008    0.00757     0.4542     27.250      1.508  49665.606    30.6144     4.1855      1.493    7.42883     4.2011    24.2817   13.29311 3.7522e-02 0.0000e+00
        111 125.044010    0.00764     0.4583     27.500      1.519  49657.479    30.6106     4.1931      1.505    7.42762     4.2080    24.2780   13.29118 3.7509e-02 0.0000e+00
        112 125.044013    0.00771     0.4625     27.750      1.565  49642.381    30.6021     4.2012      1.550    7.42659     4.2130    24.2705   13.28959 3.7502e-02 0.0000e+00
        113 125.044016    0.00778     0.4667     28.000      1.635  49623.471    30.5908     4.2081      1.620    7.42590     4.2152    24.2608   13.28859 3.7497e-02 0.0000e+00
        114 125.044019    0.00785     0.4708     28.250      1.716  49602.292    30.5774     4.2131      1.700    7.42567     4.2138    24.2497   13.28839 3.7494e-02 0.0000e+00
        115 125.044022    0.00792     0.4750     28.500      1.792  49582.962    30.5648     4.2153      1.776    7.42591     4.2083    24.2394   13.28894 3.7493e-02 0.0000e+00
        116 125.044025    0.00799     0.4792     28.750      1.851  49573.491    30.5580     4.2139      1.834    7.42651     4.2000    24.2342   13.29002 3.7492e-02 0.0000e+00
        117 125.044028    0.00806     0.4833     29.000      1.884  49577.723    30.5596     4.2084      1.866    7.42742     4.1912    24.2360   13.29150 3.7492e-02 0.0000e+00
        118 125.044031    0.00813     0.4875     29.250      1.880  49591.156    30.5669     4.2002      1.862    7.42855     4.1835    24.2426   13.29328 3.7492e-02 0.0000e+00
        119 125.044034    0.00819     0.4917     29.500      1.835  49607.095    30.5757     4.1914      1.818    7.42969     4.1768    24.2505   13.29504 3.7493e-02 0.0000e+00
        120 125.044036    0.00826     0.4958     29.750      1.751  49622.807    30.5847     4.1836      1.734    7.43065     4.1706    24.2583   13.29651 3.7494e-02 0.0000e+00
        121 125.044039    0.00833     0.5000     30.000      1.633  49640.195    30.5951     4.1769      1.618    7.43134     4.1640    24.2672   13.29751 3.7497e-02 0.0000e+00
        122 125.044042    0.00840     0.5042     30.250      1.496  49662.749    30.6091     4.1707      1.482    7.43175     4.1563    24.2789   13.29802 3.7502e-02 0.0000e+00
        123 125.044045    0.00847     0.5083     30.500      1.354  49693.397    30.6285     4.1641      1.341    7.43198     4.1473    24.2950   13.29813 3.7510e-02 0.0000e+00
        124 125.044048    0.00854     0.5125     30.750      1.224  49731.655    30.6528     4.1563      1.213    7.43217     4.1377    24.3150   13.29813 3.7524e-02 0.0000e+00
        125 125.044051    0.00861     0.5167     31.000      1.126  49771.715    30.6781     4.1473      1.116    7.43254     4.1280    24.3359   13.29840 3.7546e-02 0.0000e+00
        126 125.044054    0.00868     0.5208     31.250      1.075  49808.135    30.7007     4.1377      1.065    7.43315     4.1190    24.3548   13.29912 3.7583e-02 0.0000e+00
        127 125.044057    0.00875     0.5250     31.500      1.080  49837.748    30.7187     4.1280      1.070    7.43401     4.1114    24.3700   13.30029 3.7645e-02 0.0000e+00
        128 125.044060    0.00882     0.5292     31.750      1.134  49857.556    30.7301     4.1191      1.123    7.43506     4.1056    24.3799   13.30188 3.7749e-02 0.0000e+00
        129 125.044063    0.00889     0.5333     32.000      1.216  49866.577    30.7344     4.1115      1.204    7.43622     4.1016    24.3840   13.30374 3.7921e-02 0.0000e+00
        130 125.044065    0.00896     0.5375     32.250      1.304  49865.044    30.7320     4.1057      1.292    7.43739     4.0994    24.3827   13.30571 3.8209e-02 0.0000e+00
        131 125.044068    0.00903     0.5417     32.500      1.383  49855.228    30.7243     4.1017      1.370    7.43850     4.0988    24.3770   13.30764 3.8679e-02 0.0000e+00
        132 125.044071    0.00910     0.5458     32.750      1.440  49844.040    30.7162     4.0995      1.426    7.43932     4.0995    24.3707   13.30909 3.9153e-02 0.0000e+00
        133 125.044074    0.00917     0.5500     33.000      1.468  49837.051    30.7113     4.0989      1.454    7.43966     4.1006    24.3669   13.30973 3.9258e-02 0.0000e+00
        134 125.044077    0.00924     0.5542     33.250      1.463  49834.078    30.7094     4.0996      1.449    7.43963     4.1014    24.3654   13.30970 3.8941e-02 0.0000e+00
        135 125.044080    0.00931     0.5583     33.500      1.424  49834.483    30.7100     4.1007      1.410    7.43940     4.1011    24.3657   13.30931 3.8461e-02 0.0000e+00
        136 125.044083    0.00937     0.5625     33.750      1.354  49839.040    30.7133     4.1014      1.341    7.43910     4.0994    24.3683   13.30877 3.8072e-02 0.0000e+00
        137 125.044086    0.00944     0.5667     34.000      1.262  49847.109    30.7187     4.1011      1.250    7.43887     4.0962    24.3726   13.30833 3.7839e-02 0.0000e+00
        138 125.044089    0.00951     0.5708     34.250      1.158  49858.522    30.7262     4.0994      1.147    7.43881     4.0917    24.3787   13.30812 3.7700e-02 0.0000e+00
        139 125.044091    0.00958     0.5750     34.500      1.056  49875.391    30.7370     4.0962      1.046    7.43885     4.0866    24.3875   13.30806 3.7616e-02 0.0000e+00
        140 125.044094    0.00965     0.5792     34.750      0.969  49897.574    30.7511     4.0917      0.960    7.43896     4.0814    24.3992   13.30804 3.7566e-02 0.0000e+00
        141 125.044097    0.00972     0.5833     35.000      0.910  49921.033    30.7659     4.0866      0.902    7.43914     4.0762    24.4114   13.30814 3.7535e-02 0.0000e+00
        142 125.044100    0.00979     0.5875     35.250      0.888  49942.499    30.7793     4.0814      0.880    7.43942     4.0711    24.4226   13.30843 3.7517e-02 0.0000e+00
        143 125.044103    0.00986     0.5917     35.500      0.906  49961.894    30.7913     4.0763      0.897    7.43975     4.0656    24.4326   13.30882 3.7507e-02 0.0000e+00
        144 125.044106    0.00993     0.5958     35.750      0.961  49980.173    30.8025     4.0711      0.952    7.44012     4.0594    24.4420   13.30928 3.7500e-02 0.0000e+00
        145 125.044109    0.01000     0.6000     36.000      1.044  49996.958    30.8127     4.0657      1.034    7.44060     4.0526    24.4506   13.30995 3.7496e-02 0.0000e+00
        146 125.044112    0.01007     0.6042     36.250      1.142  50010.738    30.8206     4.0595      1.131    7.44133     4.0462    24.4574   13.31105 3.7494e-02 0.0000e+00
        147 125.044115    0.01014     0.6083     36.500      1.240  50018.661    30.8243     4.0527      1.228    7.44238     4.0415    24.4610   13.31273 3.7492e-02 0.0000e+00
        148 125.044117    0.01021     0.6125     36.750      1.325  50017.238    30.8218     4.0462      1.312    7.44367     4.0395    24.4597   13.31490 3.7492e-02 0.0000e+00
        149 125.044120    0.01028     0.6167     37.000      1.385  50008.791    30.8150     4.0416      1.372    7.44487     4.0401    24.4547   13.31696 3.7491e-02 0.0000e+00
        150 125.044123    0.01035     0.6208     37.250      1.416  50000.890    30.8091     4.0396      1.402    7.44553     4.0422    24.4502   13.31813 3.7491e-02 0.0000e+00
        151 125.044126    0.01042     0.6250     37.500      1.413  49997.414    30.8069     4.0402      1.399    7.44552     4.0442    24.4484   13.31815 3.7490e-02 0.0000e+00
        152 125.044129    0.01049     0.6292     37.750      1.378  49999.125    30.8086     4.0423      1.365    7.44505     4.0451    24.4495   13.31736 3.7490e-02 0.0000e+00
        153 125.044132    0.01056     0.6333     38.000      1.320  50005.910    30.8137     4.0443      1.307    7.44443     4.0443    24.4534   13.31626 3.7490e-02 0.0000e+00
        154 125.044135    0.01063     0.6375     38.250      1.247  50016.112    30.8209     4.0452      1.236    7.44391     4.0416    24.4590   13.31530 3.7490e-02 0.0000e+00
        155 125.044138    0.01069     0.6417     38.500      1.175  50030.070    30.8302     4.0444      1.164    7.44359     4.0374    24.4665   13.31466 3.7490e-02 0.0000e+00
        156 125.044141    0.01076     0.6458     38.750      1.115  50048.932    30.8424     4.0416      1.105    7.44348     4.0326    24.4765   13.31431 3.7490e-02 0.0000e+00
        157 125.044144    0.01083     0.6500     39.000      1.078  50070.152    30.8559     4.0374      1.068    7.44356     4.0281    24.4876   13.31426 3.7490e-02 0.0000e+00
        158 125.044146    0.01090     0.6542     39.250      1.068  50089.713    30.8681     4.0327      1.058    7.44381     4.0245    24.4977   13.31452 3.7490e-02 0.0000e+00
        159 125.044149    0.01097     0.6583     39.500      1.086  50105.142    30.8776     4.0281      1.076    7.44416     4.0223    24.5056   13.31498 3.7490e-02 0.0000e+00
        160 125.044152    0.01104     0.6625     39.750      1.126  50114.427    30.8830     4.0245      1.116    7.44455     4.0218    24.5103   13.31554 3.7490e-02 0.0000e+00
        161 125.044155    0.01111     0.6667     40.000      1.182  50115.332    30.8831     4.0224      1.171    7.44493     4.0227    24.5106   13.31617 3.7490e-02 0.0000e+00
        162 125.044158    0.01118     0.6708     40.250      1.242  50106.404    30.8769     4.0219      1.230    7.44532     4.0242    24.5057   13.31690 3.7490e-02 0.0000e+00
        163 125.044161    0.01125     0.6750     40.500      1.297  50089.502    30.8656     4.0228      1.284    7.44574     4.0259    24.4966   13.31774 3.7490e-02 0.0000e+00
        164 125.044164    0.01132     0.6792     40.750      1.338  50070.760    30.8531     4.0243      1.325    7.44609     4.0278    24.4866   13.31848 3.7490e-02 0.0000e+00
        165 125.044167    0.01139     0.6833     41.000      1.358  50056.637    30.8439     4.0260      1.345    7.44624     4.0301    24.4791   13.31885 3.7490e-02 0.0000e+00
        166 125.044170    0.01146     0.6875     41.250      1.356  50050.172    30.8400     4.0279      1.343    7.44608     4.0326    24.4758   13.31864 3.7490e-02 0.0000e+00
        167 125.044172    0.01153     0.6917     41.500      1.332  50050.160    30.8405     4.0302      1.320    7.44564     4.0350    24.4760   13.31790 3.7490e-02 0.0000e+00
        168 125.044175    0.01160     0.6958     41.750      1.291  50053.049    30.8431     4.0327      1.280    7.44506     4.0376    24.4778   13.31691 3.7490e-02 0.0000e+00
        169 125.044178    0.01167     0.7000     42.000      1.243  50056.050    30.8457     4.0351      1.232    7.44449     4.0408    24.4797   13.31594 3.7490e-02 0.0000e+00
        170 125.044181    0.01174     0.7042     42.250      1.198  50057.246    30.8471     4.0377      1.187    7.44396     4.0451    24.4806   13.31504 3.7490e-02 0.0000e+00
        171 125.044184    0.01181     0.7083     42.500      1.166  50054.950    30.8463     4.0409      1.156    7.44342     4.0510    24.4796   13.31417 3.7490e-02 0.0000e+00
        172 125.044187    0.01188     0.7125     42.750      1.155  50047.951    30.8426     4.0452      1.144    7.44282     4.0581    24.4763   13.31322 3.7490e-02 0.0000e+00
        173 125.044190    0.01194     0.7167     43.000      1.164  50035.820    30.8357     4.0511      1.153    7.44210     4.0657    24.4702   13.31212 3.7490e-02 0.0000e+00
        174 125.044193    0.01201     0.7208     43.250      1.190  50019.668    30.8263     4.0582      1.179    7.44128     4.0729    24.4621   13.31089 3.7490e-02 0.0000e+00
        175 125.044196    0.01208     0.7250     43.500      1.227  50001.580    30.8157     4.0658      1.216    7.44043     4.0790    24.4530   13.30963 3.7490e-02 0.0000e+00
        176 125.044198    0.01215     0.7292     43.750      1.269  49983.191    30.8049     4.0730      1.257    7.43967     4.0836    24.4437   13.30851 3.7490e-02 0.0000e+00
        177 125.044201    0.01222     0.7333     44.000      1.309  49965.483    30.7942     4.0791      1.297    7.43909     4.0863    24.4346   13.30769 3.7490e-02 0.0000e+00
        178 125.044204    0.01229     0.7375     44.250      1.342  49950.010    30.7847     4.0837      1.330    7.43873     4.0870    24.4266   13.30723 3.7490e-02 0.0000e+00
        179 125.044207    0.01236     0.7417     44.500      1.363  49938.940    30.7778     4.0864      1.351    7.43859     4.0860    24.4209   13.30708 3.7490e-02 0.0000e+00
        180 125.044210    0.01243     0.7458     44.750      1.369  49933.398    30.7742     4.0871      1.357    7.43864     4.0842    24.4180   13.30722 3.7490e-02 0.0000e+00
