CTD-processing/allCTD/CNV--turbid/2012_05-03_t6_s04_cast048.cnv
* Sea-Bird SBE19plus Data File:
* FileName = C:\Documents and Settings\glenn.seaman\My Documents\KHolderied-files\CTD-DATA-FILES\2012-05-LTM-LowerCookInlet-CTD\Transect6-2012-05-Douglas\2012-05-03-04-LTM-Tran6-cast048.hex
* Software Version 1.59
* Temperature SN =  5028
* Conductivity SN =  5028
* System UpLoad Time = May 31 2012 02:13:29
** LTM Transect6- Pt Adam to Cape Douglas
** Date: 05-03
** Station:6-04
** Start time (AKDT-24hr): 18:11
** Depth (m): 104.9
** check sta no, add time/depth from log
# nquan = 16
# nvalues = 667                         
# units = specified
# name 0 = scan: Scan Count
# name 1 = timeJ: Julian Days
# name 2 = timeH: Time, Elapsed [hours]
# name 3 = timeM: Time, Elapsed [minutes]
# name 4 = timeS: Time, Elapsed [seconds]
# name 5 = prdM: Pressure, Strain Gauge [db]
# name 6 = specc: Specific Conductance [uS/cm]
# name 7 = sal00: Salinity, Practical [PSU]
# name 8 = tv290C: Temperature [ITS-90, deg C]
# name 9 = depSM: Depth [salt water, m], lat = 59.00
# name 10 = oxsolML/L: Oxygen Saturation, Garcia & Gordon [ml/l]
# name 11 = potemp090C: Potential Temperature [ITS-90, deg C]
# name 12 = sigma-é00: Density [sigma-theta, kg/m^3]
# name 13 = n2satML/L: Nitrogen Saturation [ml/l]
# name 14 = par: PAR/Irradiance, Biospherical/Licor [umol photons/m^2/sec]
# name 15 = flag:  0.000e+00
# span 0 =          1,        667       
# span 1 = 124.757396, 124.759323       
# span 2 =    0.00000,    0.04625       
# span 3 =     0.0000,     2.7750       
# span 4 =      0.000,    166.500       
# span 5 =     -0.134,    101.899       
# span 6 =    525.567,  51413.045       
# span 7 =     0.2439,    31.8594       
# span 8 =     4.3330,     4.7146       
# span 9 =     -0.132,    100.922       
# span 10 =    7.27510,    9.07491      
# span 11 =     4.3330,     4.7142      
# span 12 =     0.1704,    25.2265      
# span 13 =   13.02357,   16.48424      
# span 14 = 3.7490e-02, 1.8983e+02      
# span 15 = 0.0000e+00, 0.0000e+00      
# interval = seconds: 0.25
# start_time = May 03 2012 18:10:39 [Instrument's time stamp, header]
# bad_flag = -9.990e-29
*END*
[from data line 362]
        363 124.758443    0.02514     1.5083     90.500     20.803  51278.631    31.8235     4.7041     20.608    7.27670     4.7029    25.1894   13.02617 2.3346e+00 0.0000e+00
        364 124.758446    0.02521     1.5125     90.750     21.082  51278.808    31.8235     4.7043     20.883    7.27668     4.7030    25.1894   13.02613 2.2307e+00 0.0000e+00
        365 124.758449    0.02528     1.5167     91.000     21.367  51278.907    31.8235     4.7044     21.166    7.27666     4.7031    25.1893   13.02609 2.1282e+00 0.0000e+00
        366 124.758452    0.02535     1.5208     91.250     21.656  51278.958    31.8234     4.7045     21.452    7.27664     4.7031    25.1893   13.02606 2.0293e+00 0.0000e+00
        367 124.758455    0.02542     1.5250     91.500     21.941  51279.029    31.8233     4.7046     21.734    7.27662     4.7032    25.1892   13.02604 1.9365e+00 0.0000e+00
        368 124.758458    0.02549     1.5292     91.750     22.218  51279.126    31.8233     4.7047     22.009    7.27662     4.7032    25.1891   13.02603 1.8511e+00 0.0000e+00
        369 124.758461    0.02556     1.5333     92.000     22.483  51279.236    31.8232     4.7047     22.272    7.27661     4.7031    25.1891   13.02603 1.7736e+00 0.0000e+00
        370 124.758464    0.02562     1.5375     92.250     22.733  51279.346    31.8232     4.7047     22.520    7.27661     4.7031    25.1891   13.02603 1.7035e+00 0.0000e+00
        371 124.758466    0.02569     1.5417     92.500     22.968  51279.470    31.8231     4.7047     22.752    7.27662     4.7030    25.1891   13.02603 1.6399e+00 0.0000e+00
        372 124.758469    0.02576     1.5458     92.750     23.189  51279.681    31.8231     4.7047     22.971    7.27662     4.7028    25.1891   13.02603 1.5820e+00 0.0000e+00
        373 124.758472    0.02583     1.5500     93.000     23.399  51280.039    31.8233     4.7046     23.179    7.27663     4.7025    25.1892   13.02605 1.5288e+00 0.0000e+00
        374 124.758475    0.02590     1.5542     93.250     23.601  51280.541    31.8235     4.7044     23.379    7.27665     4.7021    25.1894   13.02608 1.4796e+00 0.0000e+00
        375 124.758478    0.02597     1.5583     93.500     23.796  51281.179    31.8237     4.7041     23.573    7.27669     4.7018    25.1896   13.02614 1.4336e+00 0.0000e+00
        376 124.758481    0.02604     1.5625     93.750     23.988  51281.916    31.8241     4.7038     23.762    7.27673     4.7015    25.1899   13.02621 1.3900e+00 0.0000e+00
        377 124.758484    0.02611     1.5667     94.000     24.178  51282.620    31.8244     4.7035     23.950    7.27677     4.7013    25.1902   13.02627 1.3478e+00 0.0000e+00
        378 124.758487    0.02618     1.5708     94.250     24.370  51283.157    31.8246     4.7032     24.140    7.27681     4.7012    25.1904   13.02633 1.3065e+00 0.0000e+00
        379 124.758490    0.02625     1.5750     94.500     24.565  51283.540    31.8247     4.7030     24.333    7.27683     4.7011    25.1905   13.02637 1.2662e+00 0.0000e+00
        380 124.758492    0.02632     1.5792     94.750     24.765  51283.868    31.8248     4.7029     24.532    7.27685     4.7010    25.1906   13.02639 1.2264e+00 0.0000e+00
        381 124.758495    0.02639     1.5833     95.000     24.974  51284.153    31.8249     4.7028     24.739    7.27686     4.7010    25.1907   13.02641 1.1868e+00 0.0000e+00
        382 124.758498    0.02646     1.5875     95.250     25.194  51284.328    31.8249     4.7028     24.957    7.27687     4.7009    25.1907   13.02642 1.1467e+00 0.0000e+00
        383 124.758501    0.02653     1.5917     95.500     25.427  51284.367    31.8248     4.7028     25.187    7.27687     4.7005    25.1906   13.02643 1.1056e+00 0.0000e+00
        384 124.758504    0.02660     1.5958     95.750     25.675  51284.387    31.8247     4.7027     25.433    7.27690     4.6999    25.1905   13.02648 1.0633e+00 0.0000e+00
        385 124.758507    0.02667     1.6000     96.000     25.937  51284.554    31.8246     4.7023     25.693    7.27696     4.6988    25.1905   13.02658 1.0199e+00 0.0000e+00
        386 124.758510    0.02674     1.6042     96.250     26.213  51285.032    31.8246     4.7017     25.966    7.27708     4.6974    25.1906   13.02677 9.7670e-01 0.0000e+00
        387 124.758513    0.02681     1.6083     96.500     26.497  51286.206    31.8250     4.7006     26.247    7.27725     4.6962    25.1911   13.02705 9.3451e-01 0.0000e+00
        388 124.758516    0.02688     1.6125     96.750     26.785  51288.186    31.8260     4.6992     26.533    7.27744     4.6954    25.1919   13.02735 8.9378e-01 0.0000e+00
        389 124.758519    0.02694     1.6167     97.000     27.076  51290.199    31.8269     4.6981     26.822    7.27759     4.6949    25.1928   13.02759 8.5435e-01 0.0000e+00
        390 124.758521    0.02701     1.6208     97.250     27.371  51291.515    31.8275     4.6973     27.114    7.27770     4.6945    25.1934   13.02776 8.1598e-01 0.0000e+00
        391 124.758524    0.02708     1.6250     97.500     27.668  51292.174    31.8277     4.6968     27.408    7.27777     4.6937    25.1936   13.02787 7.7882e-01 0.0000e+00
        392 124.758527    0.02715     1.6292     97.750     27.968  51292.351    31.8276     4.6964     27.705    7.27785     4.6923    25.1935   13.02801 7.4320e-01 0.0000e+00
        393 124.758530    0.02722     1.6333     98.000     28.268  51292.590    31.8275     4.6956     28.001    7.27799     4.6905    25.1934   13.02825 7.0930e-01 0.0000e+00
        394 124.758533    0.02729     1.6375     98.250     28.564  51293.919    31.8279     4.6943     28.295    7.27821     4.6888    25.1940   13.02859 6.7726e-01 0.0000e+00
        395 124.758536    0.02736     1.6417     98.500     28.854  51296.413    31.8291     4.6925     28.583    7.27846     4.6875    25.1951   13.02899 6.4721e-01 0.0000e+00
        396 124.758539    0.02743     1.6458     98.750     29.136  51299.107    31.8304     4.6908     28.861    7.27869     4.6865    25.1963   13.02936 6.1950e-01 0.0000e+00
        397 124.758542    0.02750     1.6500     99.000     29.406  51301.256    31.8315     4.6895     29.129    7.27887     4.6858    25.1973   13.02964 5.9446e-01 0.0000e+00
        398 124.758545    0.02757     1.6542     99.250     29.664  51302.793    31.8322     4.6886     29.385    7.27901     4.6852    25.1980   13.02985 5.7188e-01 0.0000e+00
        399 124.758547    0.02764     1.6583     99.500     29.911  51303.929    31.8327     4.6878     29.629    7.27911     4.6847    25.1984   13.03002 5.5132e-01 0.0000e+00
        400 124.758550    0.02771     1.6625     99.750     30.145  51304.826    31.8330     4.6873     29.862    7.27919     4.6843    25.1988   13.03015 5.3243e-01 0.0000e+00
        401 124.758553    0.02778     1.6667    100.000     30.372  51305.585    31.8333     4.6868     30.086    7.27926     4.6841    25.1990   13.03026 5.1461e-01 0.0000e+00
        402 124.758556    0.02785     1.6708    100.250     30.595  51306.134    31.8335     4.6865     30.307    7.27931     4.6837    25.1992   13.03034 4.9734e-01 0.0000e+00
        403 124.758559    0.02792     1.6750    100.500     30.819  51306.367    31.8335     4.6862     30.529    7.27935     4.6832    25.1992   13.03042 4.8037e-01 0.0000e+00
        404 124.758562    0.02799     1.6792    100.750     31.049  51306.625    31.8335     4.6859     30.756    7.27941     4.6826    25.1993   13.03052 4.6362e-01 0.0000e+00
        405 124.758565    0.02806     1.6833    101.000     31.285  51307.352    31.8338     4.6853     30.990    7.27949     4.6821    25.1995   13.03064 4.4716e-01 0.0000e+00
        406 124.758568    0.02813     1.6875    101.250     31.528  51308.352    31.8342     4.6848     31.230    7.27957     4.6819    25.2000   13.03076 4.3109e-01 0.0000e+00
        407 124.758571    0.02819     1.6917    101.500     31.776  51309.195    31.8345     4.6843     31.476    7.27962     4.6818    25.2003   13.03085 4.1532e-01 0.0000e+00
        408 124.758573    0.02826     1.6958    101.750     32.030  51309.672    31.8347     4.6841     31.727    7.27966     4.6816    25.2004   13.03090 3.9983e-01 0.0000e+00
        409 124.758576    0.02833     1.7000    102.000     32.288  51309.937    31.8347     4.6840     31.983    7.27968     4.6815    25.2005   13.03094 3.8473e-01 0.0000e+00
        410 124.758579    0.02840     1.7042    102.250     32.552  51310.275    31.8348     4.6839     32.245    7.27969     4.6814    25.2006   13.03096 3.7000e-01 0.0000e+00
        411 124.758582    0.02847     1.7083    102.500     32.822  51310.674    31.8349     4.6838     32.512    7.27970     4.6813    25.2007   13.03098 3.5563e-01 0.0000e+00
        412 124.758585    0.02854     1.7125    102.750     33.097  51311.119    31.8350     4.6837     32.785    7.27972     4.6812    25.2008   13.03100 3.4175e-01 0.0000e+00
        413 124.758588    0.02861     1.7167    103.000     33.377  51311.545    31.8352     4.6836     33.063    7.27973     4.6812    25.2009   13.03101 3.2834e-01 0.0000e+00
        414 124.758591    0.02868     1.7208    103.250     33.663  51311.788    31.8352     4.6835     33.346    7.27973     4.6811    25.2009   13.03102 3.1532e-01 0.0000e+00
        415 124.758594    0.02875     1.7250    103.500     33.953  51311.914    31.8351     4.6835     33.634    7.27974     4.6808    25.2009   13.03103 3.0266e-01 0.0000e+00
        416 124.758597    0.02882     1.7292    103.750     34.247  51312.000    31.8350     4.6835     33.924    7.27976     4.6803    25.2008   13.03106 2.9034e-01 0.0000e+00
        417 124.758600    0.02889     1.7333    104.000     34.544  51311.990    31.8348     4.6833     34.219    7.27980     4.6794    25.2007   13.03114 2.7837e-01 0.0000e+00
        418 124.758602    0.02896     1.7375    104.250     34.844  51311.996    31.8346     4.6828     34.516    7.27990     4.6778    25.2005   13.03130 2.6687e-01 0.0000e+00
        419 124.758605    0.02903     1.7417    104.500     35.144  51312.316    31.8344     4.6818     34.813    7.28008     4.6757    25.2005   13.03159 2.5597e-01 0.0000e+00
        420 124.758608    0.02910     1.7458    104.750     35.440  51313.171    31.8345     4.6803     35.106    7.28034     4.6732    25.2008   13.03203 2.4578e-01 0.0000e+00
        421 124.758611    0.02917     1.7500    105.000     35.726  51314.785    31.8350     4.6782     35.389    7.28068     4.6705    25.2014   13.03259 2.3646e-01 0.0000e+00
        422 124.758614    0.02924     1.7542    105.250     36.000  51317.147    31.8360     4.6757     35.660    7.28107     4.6677    25.2024   13.03323 2.2809e-01 0.0000e+00
        423 124.758617    0.02931     1.7583    105.500     36.260  51319.789    31.8370     4.6730     35.918    7.28149     4.6651    25.2035   13.03391 2.2059e-01 0.0000e+00
        424 124.758620    0.02937     1.7625    105.750     36.506  51322.789    31.8383     4.6703     36.161    7.28191     4.6629    25.2048   13.03458 2.1379e-01 0.0000e+00
        425 124.758623    0.02944     1.7667    106.000     36.742  51326.190    31.8400     4.6677     36.395    7.28229     4.6612    25.2064   13.03518 2.0753e-01 0.0000e+00
        426 124.758626    0.02951     1.7708    106.250     36.971  51329.095    31.8414     4.6655     36.622    7.28260     4.6597    25.2077   13.03567 2.0158e-01 0.0000e+00
        427 124.758628    0.02958     1.7750    106.500     37.201  51331.163    31.8423     4.6638     36.850    7.28285     4.6584    25.2086   13.03608 1.9578e-01 0.0000e+00
        428 124.758631    0.02965     1.7792    106.750     37.434  51333.002    31.8431     4.6623     37.081    7.28307     4.6574    25.2094   13.03643 1.9006e-01 0.0000e+00
        429 124.758634    0.02972     1.7833    107.000     37.674  51334.948    31.8440     4.6610     37.319    7.28325     4.6569    25.2103   13.03671 1.8437e-01 0.0000e+00
        430 124.758637    0.02979     1.7875    107.250     37.922  51336.484    31.8447     4.6601     37.564    7.28338     4.6565    25.2110   13.03692 1.7871e-01 0.0000e+00
        431 124.758640    0.02986     1.7917    107.500     38.177  51337.262    31.8450     4.6596     37.817    7.28346     4.6562    25.2112   13.03705 1.7306e-01 0.0000e+00
        432 124.758643    0.02993     1.7958    107.750     38.439  51337.779    31.8452     4.6592     38.077    7.28352     4.6559    25.2114   13.03714 1.6744e-01 0.0000e+00
        433 124.758646    0.03000     1.8000    108.000     38.707  51338.418    31.8454     4.6589     38.342    7.28356     4.6557    25.2116   13.03721 1.6191e-01 0.0000e+00
        434 124.758649    0.03007     1.8042    108.250     38.977  51339.112    31.8457     4.6586     38.609    7.28360     4.6556    25.2119   13.03727 1.5656e-01 0.0000e+00
        435 124.758652    0.03014     1.8083    108.500     39.249  51339.834    31.8460     4.6584     38.878    7.28362     4.6558    25.2122   13.03730 1.5140e-01 0.0000e+00
        436 124.758655    0.03021     1.8125    108.750     39.521  51340.699    31.8464     4.6583     39.148    7.28361     4.6564    25.2125   13.03728 1.4643e-01 0.0000e+00
        437 124.758657    0.03028     1.8167    109.000     39.791  51341.561    31.8469     4.6585     39.416    7.28355     4.6574    25.2129   13.03717 1.4169e-01 0.0000e+00
        438 124.758660    0.03035     1.8208    109.250     40.061  51341.808    31.8471     4.6591     39.683    7.28343     4.6585    25.2130   13.03697 1.3718e-01 0.0000e+00
        439 124.758663    0.03042     1.8250    109.500     40.330  51341.078    31.8467     4.6602     39.949    7.28327     4.6595    25.2125   13.03671 1.3287e-01 0.0000e+00
        440 124.758666    0.03049     1.8292    109.750     40.597  51339.820    31.8460     4.6613     40.214    7.28310     4.6602    25.2118   13.03644 1.2875e-01 0.0000e+00
        441 124.758669    0.03056     1.8333    110.000     40.864  51338.622    31.8452     4.6623     40.478    7.28296     4.6607    25.2111   13.03623 1.2481e-01 0.0000e+00
        442 124.758672    0.03062     1.8375    110.250     41.131  51337.713    31.8446     4.6630     40.743    7.28286     4.6611    25.2106   13.03607 1.2106e-01 0.0000e+00
        443 124.758675    0.03069     1.8417    110.500     41.398  51337.145    31.8442     4.6636     41.007    7.28279     4.6613    25.2102   13.03596 1.1747e-01 0.0000e+00
        444 124.758678    0.03076     1.8458    110.750     41.666  51336.865    31.8440     4.6639     41.272    7.28274     4.6614    25.2100   13.03588 1.1403e-01 0.0000e+00
        445 124.758681    0.03083     1.8500    111.000     41.935  51336.769    31.8438     4.6642     41.539    7.28271     4.6614    25.2099   13.03583 1.1072e-01 0.0000e+00
        446 124.758683    0.03090     1.8542    111.250     42.207  51336.774    31.8437     4.6643     41.809    7.28270     4.6614    25.2098   13.03580 1.0750e-01 0.0000e+00
        447 124.758686    0.03097     1.8583    111.500     42.484  51336.789    31.8436     4.6643     42.083    7.28269     4.6612    25.2097   13.03579 1.0436e-01 0.0000e+00
        448 124.758689    0.03104     1.8625    111.750     42.767  51336.731    31.8434     4.6643     42.363    7.28270     4.6607    25.2096   13.03582 1.0129e-01 0.0000e+00
        449 124.758692    0.03111     1.8667    112.000     43.057  51336.743    31.8433     4.6641     42.650    7.28275     4.6602    25.2094   13.03589 9.8291e-02 0.0000e+00
        450 124.758695    0.03118     1.8708    112.250     43.350  51337.229    31.8434     4.6637     42.940    7.28281     4.6599    25.2096   13.03600 9.5385e-02 0.0000e+00
        451 124.758698    0.03125     1.8750    112.500     43.643  51338.307    31.8439     4.6632     43.231    7.28287     4.6599    25.2100   13.03609 9.2586e-02 0.0000e+00
