CTD-processing/allCTD/CNV--turbid/2012_07-30_t6_s01_cast071.cnv
* Sea-Bird SBE19plus Data File:
* FileName = C:\Documents and Settings\kris.holderied.local\My Documents\2012-07-EVOS-CookInlet-Ocean\2012-07-CookInlet-Tran6-Douglas\2012-07-31-CookInlet-Tran6-cast071.hex
* Software Version 1.54
* Temperature SN =  4141
* Conductivity SN =  4141
* System UpLoad Time = Jul 31 2012 08:01:40
** Cook Inlet LTM Transect 6 (Douglas line)  East to West
** Date:  2012-07-30
** Station:  6-01
** Start time (AKDT-24 hr): 1500
** Depth (m): 36
** Comment:
# nquan = 16
# nvalues = 490                         
# units = specified
# name 0 = scan: Scan Count
# name 1 = timeJ: Julian Days
# name 2 = timeH: Time, Elapsed [hours]
# name 3 = timeM: Time, Elapsed [minutes]
# name 4 = timeS: Time, Elapsed [seconds]
# name 5 = prdM: Pressure, Strain Gauge [db]
# name 6 = specc: Specific Conductance [uS/cm]
# name 7 = sal00: Salinity, Practical [PSU]
# name 8 = tv290C: Temperature [ITS-90, deg C]
# name 9 = depSM: Depth [salt water, m], lat = 59.00
# name 10 = oxsolML/L: Oxygen Saturation, Garcia & Gordon [ml/l]
# name 11 = potemp090C: Potential Temperature [ITS-90, deg C]
# name 12 = sigma-é00: Density [sigma-theta, kg/m^3]
# name 13 = n2satML/L: Nitrogen Saturation [ml/l]
# name 14 = par: PAR/Irradiance, Biospherical/Licor
# name 15 = flag:  0.000e+00
# span 0 =          1,        490       
# span 1 = 212.626505, 212.627920       
# span 2 =    0.00000,    0.03396       
# span 3 =     0.0000,     2.0375       
# span 4 =      0.000,    122.250       
# span 5 =     -0.092,     39.050       
# span 6 =    337.481,  48812.171       
# span 7 =     0.1698,    30.8962       
# span 8 =     9.1815,    10.2527       
# span 9 =     -0.091,     38.681       
# span 10 =    6.54190,    7.84361      
# span 11 =     9.1775,    10.2521      
# span 12 =    -0.1874,    23.8793      
# span 13 =   11.82496,   14.41212      
# span 14 = 1.1464e-01, 2.4610e+02      
# span 15 = 0.0000e+00, 0.0000e+00      
# interval = seconds: 0.25
# start_time = Jul 30 2012 15:02:10 [Instrument's time stamp, header]
# bad_flag = -9.990e-29
*END*
[from data line 272]
        273 212.627292    0.01889     1.1333     68.000      1.537  48540.500    30.7643     9.5030      1.523    6.55990     9.5051    23.7258   11.85418 1.1511e+02 0.0000e+00
        274 212.627295    0.01896     1.1375     68.250      1.505  48540.215    30.7642     9.5039      1.492    6.55976     9.5064    23.7256   11.85395 1.1525e+02 0.0000e+00
        275 212.627297    0.01903     1.1417     68.500      1.491  48539.218    30.7637     9.5052      1.477    6.55960     9.5075    23.7250   11.85370 1.1441e+02 0.0000e+00
        276 212.627300    0.01910     1.1458     68.750      1.495  48537.815    30.7629     9.5065      1.482    6.55945     9.5084    23.7241   11.85345 1.1226e+02 0.0000e+00
        277 212.627303    0.01917     1.1500     69.000      1.520  48536.489    30.7621     9.5077      1.506    6.55932     9.5091    23.7233   11.85325 1.0943e+02 0.0000e+00
        278 212.627306    0.01924     1.1542     69.250      1.564  48535.563    30.7615     9.5086      1.549    6.55921     9.5099    23.7228   11.85308 1.0664e+02 0.0000e+00
        279 212.627309    0.01931     1.1583     69.500      1.623  48535.082    30.7612     9.5093      1.608    6.55912     9.5105    23.7225   11.85292 1.0372e+02 0.0000e+00
        280 212.627312    0.01938     1.1625     69.750      1.692  48534.532    30.7609     9.5101      1.676    6.55902     9.5107    23.7221   11.85277 1.0061e+02 0.0000e+00
        281 212.627315    0.01944     1.1667     70.000      1.763  48533.609    30.7603     9.5107      1.747    6.55896     9.5104    23.7215   11.85267 9.7886e+01 0.0000e+00
        282 212.627318    0.01951     1.1708     70.250      1.832  48533.164    30.7600     9.5109      1.815    6.55894     9.5102    23.7212   11.85265 9.5834e+01 0.0000e+00
        283 212.627321    0.01958     1.1750     70.500      1.894  48533.671    30.7603     9.5106      1.876    6.55896     9.5103    23.7215   11.85268 9.4448e+01 0.0000e+00
        284 212.627323    0.01965     1.1792     70.750      1.945  48534.443    30.7608     9.5104      1.926    6.55897     9.5108    23.7219   11.85269 9.3952e+01 0.0000e+00
        285 212.627326    0.01972     1.1833     71.000      1.983  48534.770    30.7610     9.5105      1.964    6.55895     9.5112    23.7221   11.85264 9.4592e+01 0.0000e+00
        286 212.627329    0.01979     1.1875     71.250      2.007  48534.305    30.7608     9.5110      1.988    6.55889     9.5111    23.7218   11.85255 9.6199e+01 0.0000e+00
        287 212.627332    0.01986     1.1917     71.500      2.015  48532.901    30.7599     9.5114      1.996    6.55887     9.5100    23.7210   11.85252 9.8157e+01 0.0000e+00
        288 212.627335    0.01993     1.1958     71.750      2.005  48530.916    30.7585     9.5113      1.986    6.55894     9.5079    23.7199   11.85266 1.0002e+02 0.0000e+00
        289 212.627338    0.02000     1.2000     72.000      1.972  48529.748    30.7575     9.5102      1.953    6.55914     9.5056    23.7194   11.85300 1.0212e+02 0.0000e+00
        290 212.627341    0.02007     1.2042     72.250      1.908  48530.896    30.7580     9.5081      1.890    6.55942     9.5039    23.7201   11.85347 1.0487e+02 0.0000e+00
        291 212.627344    0.02014     1.2083     72.500      1.811  48533.948    30.7599     9.5058      1.794    6.55968     9.5032    23.7220   11.85388 1.0827e+02 0.0000e+00
        292 212.627347    0.02021     1.2125     72.750      1.683  48536.905    30.7618     9.5041      1.667    6.55985     9.5033    23.7237   11.85412 1.1280e+02 0.0000e+00
        293 212.627350    0.02028     1.2167     73.000      1.532  48538.579    30.7630     9.5034      1.518    6.55990     9.5039    23.7247   11.85420 1.1902e+02 0.0000e+00
        294 212.627352    0.02035     1.2208     73.250      1.370  48539.210    30.7635     9.5034      1.356    6.55987     9.5049    23.7251   11.85414 1.2589e+02 0.0000e+00
        295 212.627355    0.02042     1.2250     73.500      1.206  48539.346    30.7637     9.5040      1.194    6.55978     9.5066    23.7252   11.85398 1.3206e+02 0.0000e+00
        296 212.627358    0.02049     1.2292     73.750      1.052  48539.143    30.7638     9.5050      1.042    6.55963     9.5091    23.7251   11.85373 1.3729e+02 0.0000e+00
        297 212.627361    0.02056     1.2333     74.000      0.920  48538.500    30.7636     9.5067      0.911    6.55940     9.5127    23.7247   11.85335 1.3910e+02 0.0000e+00
        298 212.627364    0.02063     1.2375     74.250      0.823  48537.100    30.7630     9.5092      0.815    6.55906     9.5175    23.7238   11.85280 1.3517e+02 0.0000e+00
        299 212.627367    0.02069     1.2417     74.500      0.774  48534.349    30.7616     9.5128      0.767    6.55860     9.5231    23.7221   11.85205 1.2667e+02 0.0000e+00
        300 212.627370    0.02076     1.2458     74.750      0.788  48529.717    30.7589     9.5176      0.781    6.55801     9.5281    23.7193   11.85111 1.1227e+02 0.0000e+00
        301 212.627373    0.02083     1.2500     75.000      0.877  48523.187    30.7550     9.5232      0.869    6.55736     9.5307    23.7154   11.85009 9.2119e+01 0.0000e+00
        302 212.627376    0.02090     1.2542     75.250      1.037  48516.113    30.7506     9.5282      1.027    6.55683     9.5305    23.7112   11.84925 7.4679e+01 0.0000e+00
        303 212.627378    0.02097     1.2583     75.500      1.248  48511.182    30.7474     9.5309      1.236    6.55658     9.5282    23.7083   11.84888 6.6124e+01 0.0000e+00
        304 212.627381    0.02104     1.2625     75.750      1.490  48509.992    30.7465     9.5306      1.476    6.55665     9.5251    23.7076   11.84901 6.4088e+01 0.0000e+00
        305 212.627384    0.02111     1.2667     76.000      1.752  48511.647    30.7472     9.5284      1.736    6.55694     9.5217    23.7085   11.84948 6.4583e+01 0.0000e+00
        306 212.627387    0.02118     1.2708     76.250      2.035  48514.500    30.7487     9.5253      2.016    6.55733     9.5183    23.7102   11.85010 6.5221e+01 0.0000e+00
        307 212.627390    0.02125     1.2750     76.500      2.341  48517.643    30.7504     9.5219      2.319    6.55774     9.5149    23.7120   11.85077 6.4843e+01 0.0000e+00
        308 212.627393    0.02132     1.2792     76.750      2.670  48520.688    30.7519     9.5185      2.645    6.55817     9.5115    23.7137   11.85146 6.3848e+01 0.0000e+00
        309 212.627396    0.02139     1.2833     77.000      3.016  48523.080    30.7530     9.5152      2.987    6.55861     9.5074    23.7151   11.85217 6.2544e+01 0.0000e+00
        310 212.627399    0.02146     1.2875     77.250      3.363  48524.213    30.7532     9.5118      3.331    6.55910     9.5020    23.7158   11.85298 6.0559e+01 0.0000e+00
        311 212.627402    0.02153     1.2917     77.500      3.695  48523.802    30.7523     9.5078      3.660    6.55972     9.4947    23.7157   11.85402 5.8019e+01 0.0000e+00
        312 212.627405    0.02160     1.2958     77.750      4.001  48523.147    30.7510     9.5024      3.964    6.56054     9.4859    23.7155   11.85540 5.5367e+01 0.0000e+00
        313 212.627407    0.02167     1.3000     78.000      4.275  48525.670    30.7517     9.4951      4.235    6.56157     9.4775    23.7172   11.85710 5.2904e+01 0.0000e+00
        314 212.627410    0.02174     1.3042     78.250      4.515  48532.638    30.7553     9.4864      4.473    6.56269     9.4707    23.7214   11.85890 5.0881e+01 0.0000e+00
        315 212.627413    0.02181     1.3083     78.500      4.722  48541.269    30.7602     9.4780      4.678    6.56370     9.4659    23.7266   11.86052 4.9423e+01 0.0000e+00
        316 212.627416    0.02187     1.3125     78.750      4.900  48548.498    30.7643     9.4712      4.855    6.56450     9.4624    23.7308   11.86180 4.8479e+01 0.0000e+00
        317 212.627419    0.02194     1.3167     79.000      5.060  48553.525    30.7671     9.4664      5.012    6.56508     9.4600    23.7338   11.86273 4.7907e+01 0.0000e+00
        318 212.627422    0.02201     1.3208     79.250      5.209  48557.096    30.7691     9.4630      5.160    6.56550     9.4583    23.7359   11.86339 4.7532e+01 0.0000e+00
        319 212.627425    0.02208     1.3250     79.500      5.358  48559.637    30.7705     9.4605      5.308    6.56579     9.4572    23.7374   11.86386 4.7171e+01 0.0000e+00
        320 212.627428    0.02215     1.3292     79.750      5.517  48561.066    30.7712     9.4589      5.465    6.56600     9.4564    23.7382   11.86420 4.6679e+01 0.0000e+00
        321 212.627431    0.02222     1.3333     80.000      5.694  48561.583    30.7714     9.4578      5.640    6.56615     9.4556    23.7385   11.86445 4.5947e+01 0.0000e+00
        322 212.627433    0.02229     1.3375     80.250      5.898  48561.507    30.7712     9.4570      5.842    6.56628     9.4546    23.7385   11.86467 4.4879e+01 0.0000e+00
        323 212.627436    0.02236     1.3417     80.500      6.134  48561.228    30.7708     9.4562      6.076    6.56642     9.4536    23.7383   11.86489 4.3404e+01 0.0000e+00
        324 212.627439    0.02243     1.3458     80.750      6.405  48560.948    30.7703     9.4553      6.344    6.56657     9.4524    23.7381   11.86515 4.1511e+01 0.0000e+00
        325 212.627442    0.02250     1.3500     81.000      6.710  48560.491    30.7697     9.4543      6.646    6.56674     9.4513    23.7378   11.86544 3.9252e+01 0.0000e+00
        326 212.627445    0.02257     1.3542     81.250      7.043  48560.024    30.7691     9.4532      6.976    6.56693     9.4501    23.7375   11.86576 3.6744e+01 0.0000e+00
        327 212.627448    0.02264     1.3583     81.500      7.393  48559.962    30.7688     9.4520      7.323    6.56710     9.4489    23.7374   11.86605 3.4186e+01 0.0000e+00
        328 212.627451    0.02271     1.3625     81.750      7.746  48560.300    30.7687     9.4509      7.674    6.56727     9.4478    23.7375   11.86633 3.1791e+01 0.0000e+00
        329 212.627454    0.02278     1.3667     82.000      8.091  48560.746    30.7687     9.4498      8.015    6.56743     9.4467    23.7377   11.86660 2.9711e+01 0.0000e+00
        330 212.627457    0.02285     1.3708     82.250      8.415  48561.038    30.7687     9.4487      8.336    6.56759     9.4455    23.7378   11.86686 2.8009e+01 0.0000e+00
        331 212.627459    0.02292     1.3750     82.500      8.712  48561.108    30.7685     9.4476      8.630    6.56776     9.4443    23.7378   11.86714 2.6677e+01 0.0000e+00
        332 212.627462    0.02299     1.3792     82.750      8.976  48561.506    30.7685     9.4465      8.892    6.56793     9.4433    23.7380   11.86742 2.5676e+01 0.0000e+00
        333 212.627465    0.02306     1.3833     83.000      9.208  48562.799    30.7691     9.4453      9.122    6.56808     9.4426    23.7387   11.86766 2.4940e+01 0.0000e+00
        334 212.627468    0.02313     1.3875     83.250      9.413  48564.504    30.7701     9.4443      9.324    6.56818     9.4421    23.7397   11.86782 2.4383e+01 0.0000e+00
        335 212.627471    0.02319     1.3917     83.500      9.598  48565.697    30.7708     9.4436      9.508    6.56825     9.4418    23.7403   11.86793 2.3919e+01 0.0000e+00
        336 212.627474    0.02326     1.3958     83.750      9.774  48566.121    30.7709     9.4432      9.683    6.56830     9.4416    23.7405   11.86801 2.3483e+01 0.0000e+00
        337 212.627477    0.02333     1.4000     84.000      9.953  48566.160    30.7709     9.4429      9.860    6.56834     9.4414    23.7405   11.86808 2.3023e+01 0.0000e+00
        338 212.627480    0.02340     1.4042     84.250     10.145  48566.388    30.7709     9.4426     10.050    6.56838     9.4413    23.7406   11.86814 2.2507e+01 0.0000e+00
        339 212.627483    0.02347     1.4083     84.500     10.359  48567.150    30.7714     9.4424     10.262    6.56839     9.4414    23.7409   11.86816 2.1904e+01 0.0000e+00
        340 212.627486    0.02354     1.4125     84.750     10.602  48568.165    30.7720     9.4424     10.503    6.56837     9.4416    23.7414   11.86812 2.1189e+01 0.0000e+00
        341 212.627488    0.02361     1.4167     85.000     10.878  48568.851    30.7723     9.4426     10.777    6.56833     9.4418    23.7417   11.86805 2.0354e+01 0.0000e+00
        342 212.627491    0.02368     1.4208     85.250     11.185  48569.092    30.7724     9.4428     11.080    6.56829     9.4419    23.7417   11.86799 1.9422e+01 0.0000e+00
        343 212.627494    0.02375     1.4250     85.500     11.512  48569.679    30.7727     9.4430     11.404    6.56825     9.4420    23.7419   11.86791 1.8442e+01 0.0000e+00
        344 212.627497    0.02382     1.4292     85.750     11.846  48570.993    30.7735     9.4431     11.735    6.56821     9.4422    23.7425   11.86782 1.7475e+01 0.0000e+00
        345 212.627500    0.02389     1.4333     86.000     12.173  48571.916    30.7740     9.4433     12.058    6.56816     9.4424    23.7429   11.86774 1.6576e+01 0.0000e+00
        346 212.627503    0.02396     1.4375     86.250     12.481  48571.932    30.7739     9.4435     12.364    6.56813     9.4425    23.7428   11.86769 1.5779e+01 0.0000e+00
        347 212.627506    0.02403     1.4417     86.500     12.765  48571.778    30.7737     9.4438     12.645    6.56810     9.4425    23.7427   11.86764 1.5107e+01 0.0000e+00
        348 212.627509    0.02410     1.4458     86.750     13.017  48571.780    30.7736     9.4439     12.895    6.56808     9.4425    23.7426   11.86762 1.4569e+01 0.0000e+00
        349 212.627512    0.02417     1.4500     87.000     13.237  48571.766    30.7735     9.4439     13.113    6.56809     9.4425    23.7425   11.86763 1.4159e+01 0.0000e+00
        350 212.627514    0.02424     1.4542     87.250     13.427  48571.670    30.7734     9.4439     13.301    6.56809     9.4425    23.7424   11.86764 1.3855e+01 0.0000e+00
        351 212.627517    0.02431     1.4583     87.500     13.594  48571.588    30.7733     9.4439     13.467    6.56809     9.4426    23.7423   11.86764 1.3622e+01 0.0000e+00
        352 212.627520    0.02438     1.4625     87.750     13.749  48571.371    30.7731     9.4440     13.620    6.56809     9.4428    23.7421   11.86764 1.3426e+01 0.0000e+00
        353 212.627523    0.02444     1.4667     88.000     13.901  48570.814    30.7726     9.4441     13.771    6.56810     9.4429    23.7418   11.86765 1.3233e+01 0.0000e+00
        354 212.627526    0.02451     1.4708     88.250     14.064  48570.093    30.7721     9.4442     13.932    6.56810     9.4430    23.7413   11.86766 1.3014e+01 0.0000e+00
        355 212.627529    0.02458     1.4750     88.500     14.246  48569.439    30.7716     9.4444     14.113    6.56811     9.4430    23.7409   11.86768 1.2747e+01 0.0000e+00
        356 212.627532    0.02465     1.4792     88.750     14.455  48568.748    30.7710     9.4445     14.319    6.56811     9.4431    23.7404   11.86770 1.2428e+01 0.0000e+00
        357 212.627535    0.02472     1.4833     89.000     14.693  48567.854    30.7703     9.4446     14.555    6.56813     9.4431    23.7398   11.86774 1.2056e+01 0.0000e+00
        358 212.627538    0.02479     1.4875     89.250     14.961  48566.894    30.7695     9.4447     14.820    6.56815     9.4432    23.7392   11.86778 1.1634e+01 0.0000e+00
        359 212.627541    0.02486     1.4917     89.500     15.254  48565.899    30.7687     9.4447     15.111    6.56817     9.4436    23.7386   11.86783 1.1176e+01 0.0000e+00
        360 212.627543    0.02493     1.4958     89.750     15.568  48564.580    30.7676     9.4449     15.422    6.56820     9.4443    23.7378   11.86788 1.0698e+01 0.0000e+00
        361 212.627546    0.02500     1.5000     90.000     15.895  48562.342    30.7660     9.4452     15.746    6.56821     9.4454    23.7364   11.86793 1.0212e+01 0.0000e+00
