CTD-processing/allCTD/CNV--turbid/2012_08-26_t9_s06_cast041.cnv
* Sea-Bird SBE19plus Data File:
* FileName = C:\Documents and Settings\kris.holderied.local\My Documents\2012-CTD-DATA-new-files\2012-08-26-CTD-HomerSpit\2012-08-26-KBay-HomerSpitLine-cast041.hex
* Software Version 1.54
* Temperature SN =  5028
* Conductivity SN =  5028
* System UpLoad Time = Aug 26 2012 13:56:38
** Kachemak Bay Homer Spit CTD Mckeon Flat to Spit
** Date:  2012-08-26
** Station:  9-06
** Start time (AKDT-24 hr): 11:37
** Depth (ft): 328
** Comment:
# nquan = 16
# nvalues = 606                         
# units = specified
# name 0 = scan: Scan Count
# name 1 = timeJ: Julian Days
# name 2 = timeH: Time, Elapsed [hours]
# name 3 = timeM: Time, Elapsed [minutes]
# name 4 = timeS: Time, Elapsed [seconds]
# name 5 = prdM: Pressure, Strain Gauge [db]
# name 6 = specc: Specific Conductance [uS/cm]
# name 7 = sal00: Salinity, Practical [PSU]
# name 8 = tv290C: Temperature [ITS-90, deg C]
# name 9 = depSM: Depth [salt water, m], lat = 59.00
# name 10 = oxsolML/L: Oxygen Saturation, Garcia & Gordon [ml/l]
# name 11 = potemp090C: Potential Temperature [ITS-90, deg C]
# name 12 = sigma-é00: Density [sigma-theta, kg/m^3]
# name 13 = n2satML/L: Nitrogen Saturation [ml/l]
# name 14 = par: PAR/Irradiance, Biospherical/Licor [umol photons/m^2/sec]
# name 15 = flag:  0.000e+00
# span 0 =          1,        606       
# span 1 = 239.484514, 239.486264       
# span 2 =    0.00000,    0.04201       
# span 3 =     0.0000,     2.5208       
# span 4 =      0.000,    151.250       
# span 5 =     -0.057,     94.759       
# span 6 =   8225.416,  49290.721       
# span 7 =     4.6066,    31.1524       
# span 8 =     8.7834,    11.3412       
# span 9 =     -0.056,     93.851       
# span 10 =    6.44020,    7.57963      
# span 11 =     8.7739,    11.3411      
# span 12 =     3.2469,    24.1406      
# span 13 =   11.67768,   13.90358      
# span 14 = 5.7843e-02, 1.0642e+02      
# span 15 = 0.0000e+00, 0.0000e+00      
# interval = seconds: 0.25
# start_time = Aug 26 2012 11:37:42 [Instrument's time stamp, header]
# bad_flag = -9.990e-29
*END*
[from data line 452]
        453 239.485822    0.03139     1.8833    113.000     58.860  49079.975    31.0596     9.0658     58.302    6.61122     9.0570    24.0252   11.93559 8.4777e-02 0.0000e+00
        454 239.485825    0.03146     1.8875    113.250     59.184  49081.527    31.0604     9.0643     58.622    6.61140     9.0559    24.0260   11.93588 8.3503e-02 0.0000e+00
        455 239.485828    0.03153     1.8917    113.500     59.509  49083.207    31.0612     9.0631     58.945    6.61154     9.0550    24.0268   11.93611 8.2306e-02 0.0000e+00
        456 239.485830    0.03160     1.8958    113.750     59.836  49085.178    31.0623     9.0620     59.268    6.61165     9.0544    24.0279   11.93628 8.1163e-02 0.0000e+00
        457 239.485833    0.03167     1.9000    114.000     60.163  49087.333    31.0636     9.0612     59.592    6.61173     9.0540    24.0290   11.93638 8.0066e-02 0.0000e+00
        458 239.485836    0.03174     1.9042    114.250     60.492  49089.463    31.0649     9.0606     59.918    6.61176     9.0539    24.0300   11.93642 7.9026e-02 0.0000e+00
        459 239.485839    0.03181     1.9083    114.500     60.821  49091.464    31.0661     9.0603     60.244    6.61176     9.0540    24.0310   11.93640 7.8049e-02 0.0000e+00
        460 239.485842    0.03188     1.9125    114.750     61.150  49093.385    31.0673     9.0602     60.570    6.61172     9.0541    24.0320   11.93633 7.7147e-02 0.0000e+00
        461 239.485845    0.03194     1.9167    115.000     61.476  49095.186    31.0684     9.0602     60.892    6.61166     9.0544    24.0328   11.93622 7.6320e-02 0.0000e+00
        462 239.485848    0.03201     1.9208    115.250     61.800  49096.773    31.0694     9.0604     61.212    6.61159     9.0546    24.0336   11.93608 7.5560e-02 0.0000e+00
        463 239.485851    0.03208     1.9250    115.500     62.121  49098.187    31.0703     9.0607     61.531    6.61151     9.0549    24.0343   11.93594 7.4854e-02 0.0000e+00
        464 239.485854    0.03215     1.9292    115.750     62.441  49099.377    31.0710     9.0611     61.848    6.61143     9.0551    24.0348   11.93580 7.4189e-02 0.0000e+00
        465 239.485856    0.03222     1.9333    116.000     62.760  49100.191    31.0715     9.0614     62.164    6.61137     9.0551    24.0352   11.93568 7.3546e-02 0.0000e+00
        466 239.485859    0.03229     1.9375    116.250     63.080  49100.664    31.0717     9.0616     62.480    6.61132     9.0549    24.0353   11.93561 7.2925e-02 0.0000e+00
        467 239.485862    0.03236     1.9417    116.500     63.400  49100.973    31.0718     9.0617     62.798    6.61131     9.0545    24.0354   11.93559 7.2337e-02 0.0000e+00
        468 239.485865    0.03243     1.9458    116.750     63.721  49101.294    31.0719     9.0615     63.116    6.61134     9.0538    24.0355   11.93563 7.1775e-02 0.0000e+00
        469 239.485868    0.03250     1.9500    117.000     64.041  49101.680    31.0720     9.0610     63.432    6.61140     9.0530    24.0356   11.93573 7.1229e-02 0.0000e+00
        470 239.485871    0.03257     1.9542    117.250     64.359  49102.052    31.0720     9.0604     63.747    6.61149     9.0519    24.0357   11.93588 7.0703e-02 0.0000e+00
        471 239.485874    0.03264     1.9583    117.500     64.676  49102.288    31.0719     9.0596     64.061    6.61161     9.0504    24.0358   11.93608 7.0198e-02 0.0000e+00
        472 239.485877    0.03271     1.9625    117.750     64.993  49102.233    31.0716     9.0586     64.375    6.61177     9.0481    24.0357   11.93636 6.9709e-02 0.0000e+00
        473 239.485880    0.03278     1.9667    118.000     65.312  49101.849    31.0710     9.0570     64.691    6.61202     9.0450    24.0354   11.93678 6.9239e-02 0.0000e+00
        474 239.485883    0.03285     1.9708    118.250     65.630  49101.566    31.0703     9.0548     65.006    6.61238     9.0411    24.0353   11.93737 6.8787e-02 0.0000e+00
        475 239.485885    0.03292     1.9750    118.500     65.946  49101.899    31.0700     9.0517     65.319    6.61284     9.0367    24.0355   11.93815 6.8356e-02 0.0000e+00
        476 239.485888    0.03299     1.9792    118.750     66.263  49102.907    31.0700     9.0479     65.633    6.61340     9.0320    24.0361   11.93908 6.7953e-02 0.0000e+00
        477 239.485891    0.03306     1.9833    119.000     66.579  49104.763    31.0706     9.0435     65.946    6.61403     9.0274    24.0372   11.94011 6.7576e-02 0.0000e+00
        478 239.485894    0.03313     1.9875    119.250     66.897  49107.658    31.0718     9.0388     66.260    6.61467     9.0231    24.0389   11.94115 6.7216e-02 0.0000e+00
        479 239.485897    0.03319     1.9917    119.500     67.216  49111.092    31.0734     9.0342     66.576    6.61528     9.0191    24.0409   11.94214 6.6861e-02 0.0000e+00
        480 239.485900    0.03326     1.9958    119.750     67.537  49114.292    31.0749     9.0299     66.895    6.61584     9.0153    24.0427   11.94306 6.6505e-02 0.0000e+00
        481 239.485903    0.03333     2.0000    120.000     67.859  49116.781    31.0760     9.0260     67.214    6.61637     9.0114    24.0442   11.94392 6.6165e-02 0.0000e+00
        482 239.485906    0.03340     2.0042    120.250     68.180  49118.461    31.0765     9.0223     67.532    6.61690     9.0071    24.0451   11.94479 6.5857e-02 0.0000e+00
        483 239.485909    0.03347     2.0083    120.500     68.501  49119.593    31.0767     9.0184     67.850    6.61747     9.0023    24.0458   11.94574 6.5558e-02 0.0000e+00
        484 239.485911    0.03354     2.0125    120.750     68.823  49120.755    31.0768     9.0141     68.169    6.61810     8.9974    24.0465   11.94678 6.5254e-02 0.0000e+00
        485 239.485914    0.03361     2.0167    121.000     69.147  49122.574    31.0772     9.0094     68.489    6.61877     8.9924    24.0476   11.94788 6.4955e-02 0.0000e+00
        486 239.485917    0.03368     2.0208    121.250     69.471  49125.180    31.0782     9.0045     68.810    6.61946     8.9876    24.0492   11.94900 6.4662e-02 0.0000e+00
        487 239.485920    0.03375     2.0250    121.500     69.794  49128.152    31.0795     8.9996     69.130    6.62013     8.9829    24.0509   11.95010 6.4378e-02 0.0000e+00
        488 239.485923    0.03382     2.0292    121.750     70.116  49131.126    31.0808     8.9948     69.449    6.62078     8.9784    24.0526   11.95116 6.4107e-02 0.0000e+00
        489 239.485926    0.03389     2.0333    122.000     70.436  49134.013    31.0820     8.9901     69.765    6.62142     8.9740    24.0543   11.95220 6.3848e-02 0.0000e+00
        490 239.485929    0.03396     2.0375    122.250     70.753  49136.787    31.0831     8.9856     70.080    6.62204     8.9697    24.0559   11.95322 6.3598e-02 0.0000e+00
        491 239.485932    0.03403     2.0417    122.500     71.069  49139.425    31.0842     8.9812     70.393    6.62264     8.9657    24.0574   11.95419 6.3361e-02 0.0000e+00
        492 239.485935    0.03410     2.0458    122.750     71.384  49141.823    31.0852     8.9770     70.705    6.62321     8.9617    24.0588   11.95514 6.3145e-02 0.0000e+00
        493 239.485938    0.03417     2.0500    123.000     71.699  49143.919    31.0860     8.9730     71.017    6.62378     8.9577    24.0601   11.95606 6.2943e-02 0.0000e+00
        494 239.485940    0.03424     2.0542    123.250     72.016  49145.967    31.0867     8.9690     71.330    6.62433     8.9538    24.0612   11.95696 6.2751e-02 0.0000e+00
        495 239.485943    0.03431     2.0583    123.500     72.336  49148.268    31.0876     8.9651     71.647    6.62487     8.9501    24.0625   11.95785 6.2565e-02 0.0000e+00
        496 239.485946    0.03438     2.0625    123.750     72.658  49150.805    31.0887     8.9612     71.967    6.62540     8.9467    24.0640   11.95871 6.2380e-02 0.0000e+00
        497 239.485949    0.03444     2.0667    124.000     72.982  49153.324    31.0898     8.9575     72.287    6.62589     8.9435    24.0654   11.95951 6.2201e-02 0.0000e+00
        498 239.485952    0.03451     2.0708    124.250     73.305  49155.562    31.0908     8.9542     72.607    6.62635     8.9404    24.0667   11.96025 6.2038e-02 0.0000e+00
        499 239.485955    0.03458     2.0750    124.500     73.627  49157.579    31.0916     8.9510     72.926    6.62678     8.9374    24.0678   11.96096 6.1892e-02 0.0000e+00
        500 239.485958    0.03465     2.0792    124.750     73.949  49159.772    31.0926     8.9479     73.244    6.62720     8.9346    24.0691   11.96164 6.1748e-02 0.0000e+00
        501 239.485961    0.03472     2.0833    125.000     74.270  49162.249    31.0937     8.9449     73.562    6.62759     8.9323    24.0704   11.96227 6.1606e-02 0.0000e+00
        502 239.485964    0.03479     2.0875    125.250     74.591  49164.630    31.0949     8.9422     73.880    6.62794     8.9302    24.0717   11.96284 6.1469e-02 0.0000e+00
        503 239.485966    0.03486     2.0917    125.500     74.911  49166.574    31.0958     8.9399     74.197    6.62824     8.9283    24.0728   11.96334 6.1339e-02 0.0000e+00
        504 239.485969    0.03493     2.0958    125.750     75.231  49168.170    31.0964     8.9379     74.514    6.62852     8.9267    24.0736   11.96378 6.1214e-02 0.0000e+00
        505 239.485972    0.03500     2.1000    126.000     75.552  49169.637    31.0971     8.9361     74.832    6.62876     8.9253    24.0744   11.96417 6.1085e-02 0.0000e+00
        506 239.485975    0.03507     2.1042    126.250     75.874  49170.909    31.0976     8.9345     75.151    6.62897     8.9240    24.0751   11.96451 6.0960e-02 0.0000e+00
        507 239.485978    0.03514     2.1083    126.500     76.200  49171.763    31.0979     8.9331     75.473    6.62916     8.9226    24.0755   11.96482 6.0847e-02 0.0000e+00
        508 239.485981    0.03521     2.1125    126.750     76.525  49172.171    31.0979     8.9318     75.796    6.62935     8.9210    24.0757   11.96514 6.0742e-02 0.0000e+00
        509 239.485984    0.03528     2.1167    127.000     76.850  49172.222    31.0976     8.9305     76.117    6.62956     8.9191    24.0757   11.96549 6.0645e-02 0.0000e+00
        510 239.485987    0.03535     2.1208    127.250     77.174  49172.224    31.0972     8.9289     76.438    6.62981     8.9169    24.0756   11.96591 6.0553e-02 0.0000e+00
        511 239.485990    0.03542     2.1250    127.500     77.498  49172.760    31.0972     8.9269     76.759    6.63009     8.9148    24.0759   11.96639 6.0465e-02 0.0000e+00
        512 239.485992    0.03549     2.1292    127.750     77.823  49173.963    31.0976     8.9248     77.081    6.63039     8.9128    24.0765   11.96688 6.0383e-02 0.0000e+00
        513 239.485995    0.03556     2.1333    128.000     78.145  49175.480    31.0982     8.9227     77.400    6.63068     8.9109    24.0773   11.96734 6.0306e-02 0.0000e+00
        514 239.485998    0.03562     2.1375    128.250     78.465  49176.937    31.0988     8.9207     77.717    6.63094     8.9091    24.0781   11.96777 6.0227e-02 0.0000e+00
        515 239.486001    0.03569     2.1417    128.500     78.785  49178.138    31.0993     8.9189     78.034    6.63119     8.9072    24.0787   11.96818 6.0153e-02 0.0000e+00
        516 239.486004    0.03576     2.1458    128.750     79.106  49179.253    31.0996     8.9171     78.351    6.63144     8.9052    24.0793   11.96859 6.0089e-02 0.0000e+00
        517 239.486007    0.03583     2.1500    129.000     79.427  49180.469    31.1001     8.9152     78.669    6.63170     8.9029    24.0800   11.96901 6.0030e-02 0.0000e+00
        518 239.486010    0.03590     2.1542    129.250     79.748  49181.692    31.1005     8.9132     78.987    6.63198     8.9003    24.0806   11.96946 5.9971e-02 0.0000e+00
        519 239.486013    0.03597     2.1583    129.500     80.070  49182.920    31.1010     8.9110     79.306    6.63229     8.8971    24.0813   11.96997 5.9909e-02 0.0000e+00
        520 239.486016    0.03604     2.1625    129.750     80.392  49184.363    31.1015     8.9085     79.624    6.63265     8.8932    24.0821   11.97056 5.9849e-02 0.0000e+00
        521 239.486019    0.03611     2.1667    130.000     80.712  49186.162    31.1021     8.9053     79.941    6.63308     8.8883    24.0831   11.97127 5.9795e-02 0.0000e+00
        522 239.486021    0.03618     2.1708    130.250     81.030  49188.614    31.1031     8.9014     80.257    6.63362     8.8830    24.0845   11.97216 5.9743e-02 0.0000e+00
        523 239.486024    0.03625     2.1750    130.500     81.348  49192.249    31.1049     8.8966     80.572    6.63426     8.8779    24.0866   11.97319 5.9686e-02 0.0000e+00
        524 239.486027    0.03632     2.1792    130.750     81.666  49197.073    31.1074     8.8913     80.886    6.63493     8.8734    24.0893   11.97427 5.9631e-02 0.0000e+00
        525 239.486030    0.03639     2.1833    131.000     81.981  49202.251    31.1101     8.8862     81.198    6.63557     8.8697    24.0922   11.97529 5.9588e-02 0.0000e+00
        526 239.486033    0.03646     2.1875    131.250     82.292  49206.908    31.1126     8.8818     81.507    6.63612     8.8665    24.0949   11.97617 5.9555e-02 0.0000e+00
        527 239.486036    0.03653     2.1917    131.500     82.603  49210.683    31.1146     8.8781     81.814    6.63658     8.8636    24.0970   11.97691 5.9522e-02 0.0000e+00
        528 239.486039    0.03660     2.1958    131.750     82.912  49213.622    31.1161     8.8749     82.121    6.63699     8.8605    24.0986   11.97757 5.9483e-02 0.0000e+00
        529 239.486042    0.03667     2.2000    132.000     83.221  49216.011    31.1172     8.8720     82.426    6.63738     8.8572    24.0999   11.97820 5.9439e-02 0.0000e+00
        530 239.486045    0.03674     2.2042    132.250     83.530  49218.155    31.1182     8.8690     82.732    6.63778     8.8533    24.1011   11.97885 5.9395e-02 0.0000e+00
        531 239.486047    0.03681     2.2083    132.500     83.840  49220.196    31.1190     8.8657     83.039    6.63824     8.8486    24.1023   11.97959 5.9350e-02 0.0000e+00
        532 239.486050    0.03687     2.2125    132.750     84.152  49222.343    31.1198     8.8618     83.347    6.63878     8.8430    24.1035   11.98048 5.9303e-02 0.0000e+00
        533 239.486053    0.03694     2.2167    133.000     84.467  49225.464    31.1212     8.8571     83.660    6.63942     8.8373    24.1053   11.98152 5.9256e-02 0.0000e+00
        534 239.486056    0.03701     2.2208    133.250     84.787  49230.367    31.1237     8.8516     83.977    6.64013     8.8324    24.1081   11.98267 5.9208e-02 0.0000e+00
        535 239.486059    0.03708     2.2250    133.500     85.111  49236.404    31.1270     8.8460     84.298    6.64082     8.8286    24.1115   11.98377 5.9167e-02 0.0000e+00
        536 239.486062    0.03715     2.2292    133.750     85.438  49242.112    31.1302     8.8411     84.622    6.64141     8.8258    24.1147   11.98470 5.9136e-02 0.0000e+00
        537 239.486065    0.03722     2.2333    134.000     85.766  49246.681    31.1327     8.8373     84.947    6.64186     8.8238    24.1173   11.98542 5.9107e-02 0.0000e+00
        538 239.486068    0.03729     2.2375    134.250     86.094  49250.061    31.1345     8.8346     85.271    6.64219     8.8224    24.1191   11.98594 5.9080e-02 0.0000e+00
        539 239.486071    0.03736     2.2417    134.500     86.420  49252.479    31.1358     8.8326     85.594    6.64243     8.8212    24.1204   11.98633 5.9052e-02 0.0000e+00
        540 239.486073    0.03743     2.2458    134.750     86.744  49254.211    31.1366     8.8311     85.915    6.64260     8.8203    24.1213   11.98661 5.9015e-02 0.0000e+00
        541 239.486076    0.03750     2.2500    135.000     87.065  49255.471    31.1372     8.8300     86.233    6.64274     8.8195    24.1220   11.98683 5.8971e-02 0.0000e+00
        542 239.486079    0.03757     2.2542    135.250     87.383  49256.444    31.1376     8.8291     86.548    6.64286     8.8186    24.1224   11.98703 5.8934e-02 0.0000e+00
