CTD-processing/allCTD/CNV--turbid/2012_07-02_t9_s03_cast166.cnv
* Sea-Bird SBE19plus Data File:
* FileName = C:\Documents and Settings\kris.holderied.local\My Documents\CTD-data-upload-2012-07-28\CTD5028-upload-2012-07-28-cast166.hex
* Software Version 1.54
* Temperature SN =  5028
* Conductivity SN =  5028
* System UpLoad Time = Jul 28 2012 12:11:15
** Kachemak Bay - CTD data - upload all 2012-07-28
** Date:  2012-07-02   xxxx Tide (x of 2 lines)
** Station: 9.03
** Start time (AKDT-24 hr): 1425
** Depth (ft):307
** Comments: None
# nquan = 16
# nvalues = 511                         
# units = specified
# name 0 = scan: Scan Count
# name 1 = timeJ: Julian Days
# name 2 = timeH: Time, Elapsed [hours]
# name 3 = timeM: Time, Elapsed [minutes]
# name 4 = timeS: Time, Elapsed [seconds]
# name 5 = prdM: Pressure, Strain Gauge [db]
# name 6 = specc: Specific Conductance [uS/cm]
# name 7 = sal00: Salinity, Practical [PSU]
# name 8 = tv290C: Temperature [ITS-90, deg C]
# name 9 = depSM: Depth [salt water, m], lat = 59.00
# name 10 = oxsolML/L: Oxygen Saturation, Garcia & Gordon [ml/l]
# name 11 = potemp090C: Potential Temperature [ITS-90, deg C]
# name 12 = sigma-é00: Density [sigma-theta, kg/m^3]
# name 13 = n2satML/L: Nitrogen Saturation [ml/l]
# name 14 = par: PAR/Irradiance, Biospherical/Licor [umol photons/m^2/sec]
# name 15 = flag:  0.000e+00
# span 0 =          1,        511       
# span 1 = 184.601956, 184.603432       
# span 2 =    0.00000,    0.03542       
# span 3 =     0.0000,     2.1250       
# span 4 =      0.000,    127.500       
# span 5 =     -0.074,     81.845       
# span 6 =    382.815,  50573.426       
# span 7 =     0.1806,    31.5851       
# span 8 =     6.0260,    11.0385       
# span 9 =     -0.073,     81.064       
# span 10 =    6.42429,    7.89713      
# span 11 =     6.0195,    11.0384      
# span 12 =    -0.1522,    24.8528      
# span 13 =   11.65310,   14.50232      
# span 14 = 5.2137e-02, 5.5568e+02      
# span 15 = 0.0000e+00, 0.0000e+00      
# interval = seconds: 0.25
# start_time = Jul 02 2012 14:26:49 [Instrument's time stamp, header]
# bad_flag = -9.990e-29
*END*
          1 184.601956    0.00000     0.0000      0.000     -0.074    415.081     0.1962     9.9625     -0.073    7.89585     9.9621    -0.1402   14.49992 4.9152e+02 0.0000e+00
          2 184.601959    0.00007     0.0042      0.250     -0.073    410.295     0.1938     9.9623     -0.072    7.89600     9.9618    -0.1420   14.50021 4.8891e+02 0.0000e+00
          3 184.601962    0.00014     0.0083      0.500     -0.073    404.898     0.1912     9.9621     -0.072    7.89617     9.9615    -0.1440   14.50055 4.8503e+02 0.0000e+00
          4 184.601965    0.00021     0.0125      0.750     -0.073    399.783     0.1887     9.9618     -0.072    7.89635     9.9612    -0.1459   14.50089 4.8138e+02 0.0000e+00
          5 184.601968    0.00028     0.0167      1.000     -0.073    395.199     0.1865     9.9615     -0.072    7.89652     9.9609    -0.1476   14.50121 4.7851e+02 0.0000e+00
          6 184.601970    0.00035     0.0208      1.250     -0.073    391.205     0.1846     9.9612     -0.072    7.89668     9.9606    -0.1491   14.50150 4.7555e+02 0.0000e+00
          7 184.601973    0.00042     0.0250      1.500     -0.073    387.951     0.1831     9.9609     -0.072    7.89682     9.9602    -0.1504   14.50176 4.7215e+02 0.0000e+00
          8 184.601976    0.00049     0.0292      1.750     -0.073    385.347     0.1818     9.9605     -0.072    7.89694     9.9599    -0.1513   14.50199 4.6897e+02 0.0000e+00
          9 184.601979    0.00056     0.0333      2.000     -0.073    383.358     0.1808     9.9602     -0.072    7.89705     9.9595    -0.1520   14.50219 4.6730e+02 0.0000e+00
         10 184.601982    0.00063     0.0375      2.250     -0.072    382.815     0.1806     9.9599     -0.072    7.89712     9.9592    -0.1522   14.50232 4.6721e+02 0.0000e+00
         11 184.601985    0.00069     0.0417      2.500     -0.072    385.254     0.1818     9.9595     -0.072    7.89713     9.9589    -0.1512   14.50231 4.6655e+02 0.0000e+00
         12 184.601988    0.00076     0.0458      2.750     -0.072    392.090     0.1851     9.9591     -0.072    7.89702     9.9586    -0.1486   14.50208 4.6480e+02 0.0000e+00
         13 184.601991    0.00083     0.0500      3.000     -0.072    404.038     0.1909     9.9588     -0.072    7.89679     9.9583    -0.1440   14.50160 4.6580e+02 0.0000e+00
         14 184.601994    0.00090     0.0542      3.250     -0.072    421.185     0.1993     9.9586     -0.072    7.89642     9.9581    -0.1374   14.50086 4.7248e+02 0.0000e+00
         15 184.601997    0.00097     0.0583      3.500     -0.072    442.865     0.2098     9.9583     -0.072    7.89594     9.9579    -0.1290   14.49988 4.8420e+02 0.0000e+00
         16 184.601999    0.00104     0.0625      3.750     -0.072    464.902     0.2206     9.9581     -0.072    7.89544     9.9577    -0.1205   14.49888 4.9898e+02 0.0000e+00
         17 184.602002    0.00111     0.0667      4.000     -0.073    481.631     0.2288     9.9579     -0.072    7.89507     9.9576    -0.1141   14.49813 5.1449e+02 0.0000e+00
         18 184.602005    0.00118     0.0708      4.250     -0.073    493.268     0.2345     9.9577     -0.072    7.89481     9.9575    -0.1095   14.49761 5.2922e+02 0.0000e+00
         19 184.602008    0.00125     0.0750      4.500     -0.073    503.680     0.2398     9.9576     -0.072    7.89457     9.9575    -0.1054   14.49713 5.4231e+02 0.0000e+00
         20 184.602011    0.00132     0.0792      4.750     -0.073    517.818     0.2469     9.9575     -0.072    7.89422     9.9576    -0.0998   14.49644 5.5180e+02 0.0000e+00
         21 184.602014    0.00139     0.0833      5.000     -0.073    541.018     0.2587     9.9575     -0.072    7.89364     9.9578    -0.0906   14.49527 5.5568e+02 0.0000e+00
         22 184.602017    0.00146     0.0875      5.250     -0.073    576.965     0.2769     9.9576     -0.073    7.89271     9.9580    -0.0762   14.49345 5.5424e+02 0.0000e+00
         23 184.602020    0.00153     0.0917      5.500     -0.073    630.548     0.3042     9.9578     -0.073    7.89133     9.9584    -0.0548   14.49071 5.4793e+02 0.0000e+00
         24 184.602023    0.00160     0.0958      5.750     -0.074    707.557     0.3438     9.9580     -0.073    7.88932     9.9591    -0.0238   14.48674 5.3701e+02 0.0000e+00
         25 184.602025    0.00167     0.1000      6.000     -0.074    817.883     0.4008     9.9584     -0.073    7.88642     9.9603     0.0209   14.48100 5.2458e+02 0.0000e+00
         26 184.602028    0.00174     0.1042      6.250     -0.074    970.881     0.4806     9.9591     -0.073    7.88234     9.9625     0.0835   14.47296 5.1493e+02 0.0000e+00
         27 184.602031    0.00181     0.1083      6.500     -0.073   1144.794     0.5730     9.9603     -0.072    7.87758     9.9663     0.1557   14.46360 5.1041e+02 0.0000e+00
         28 184.602034    0.00187     0.1125      6.750     -0.072   1314.096     0.6661     9.9625     -0.071    7.87268     9.9728     0.2284   14.45402 5.1181e+02 0.0000e+00
         29 184.602037    0.00194     0.1167      7.000     -0.071   1507.261     0.7766     9.9663     -0.070    7.86674     9.9838     0.3142   14.44247 5.1719e+02 0.0000e+00
         30 184.602040    0.00201     0.1208      7.250     -0.069   1759.724     0.9254     9.9728     -0.069    7.85858    10.0022     0.4296   14.42669 5.2069e+02 0.0000e+00
         31 184.602043    0.00208     0.1250      7.500     -0.068   2097.533     1.1311     9.9838     -0.067    7.84709    10.0331     0.5885   14.40458 5.1627e+02 0.0000e+00
         32 184.602046    0.00215     0.1292      7.750     -0.064   2601.439     1.4437    10.0022     -0.064    7.82942    10.0847     0.8297   14.37068 5.0337e+02 0.0000e+00
         33 184.602049    0.00222     0.1333      8.000     -0.059   3411.281     1.9494    10.0331     -0.058    7.80071    10.1674     1.2196   14.31565 4.8827e+02 0.0000e+00
         34 184.602052    0.00229     0.1375      8.250     -0.049   4736.101     2.7796    10.0847     -0.048    7.75348    10.2802     1.8594   14.22516 4.7719e+02 0.0000e+00
         35 184.602054    0.00236     0.1417      8.500     -0.034   6916.576     4.1490    10.1674     -0.033    7.67608    10.4039     2.9149   14.07678 4.7149e+02 0.0000e+00
         36 184.602057    0.00243     0.1458      8.750     -0.009  10512.995     6.4118    10.2802     -0.009    7.55268    10.5236     4.6610   13.83925 4.6819e+02 0.0000e+00
         37 184.602060    0.00250     0.1500      9.000      0.031  16479.156    10.1685    10.4039      0.031    7.35955    10.6366     7.5657   13.46476 4.6247e+02 0.0000e+00
         38 184.602063    0.00257     0.1542      9.250      0.092  24611.163    15.3242    10.5236      0.091    7.10531    10.7386    11.5561   12.96973 4.5141e+02 0.0000e+00
         39 184.602066    0.00264     0.1583      9.500      0.169  32327.606    20.2746    10.6366      0.167    6.86452    10.8224    15.3859   12.50112 4.3472e+02 0.0000e+00
         40 184.602069    0.00271     0.1625      9.750      0.252  37611.497    23.6926    10.7386      0.249    6.69602    10.8856    18.0260   12.17434 4.1168e+02 0.0000e+00
         41 184.602072    0.00278     0.1667     10.000      0.332  40757.409    25.7287    10.8224      0.329    6.59236    10.9303    19.5947   11.97420 3.7752e+02 0.0000e+00
         42 184.602075    0.00285     0.1708     10.250      0.408  42628.358    26.9400    10.8857      0.404    6.52878    10.9601    20.5258   11.85194 3.3968e+02 0.0000e+00
         43 184.602078    0.00292     0.1750     10.500      0.481  43740.073    27.6599    10.9303      0.476    6.48998    10.9783    21.0779   11.77759 3.1665e+02 0.0000e+00
         44 184.602080    0.00299     0.1792     10.750      0.547  44398.067    28.0858    10.9601      0.542    6.46653    10.9875    21.4040   11.73277 3.0775e+02 0.0000e+00
         45 184.602083    0.00306     0.1833     11.000      0.601  44785.611    28.3363    10.9783      0.595    6.45262    10.9899    21.5957   11.70620 3.0441e+02 0.0000e+00
         46 184.602086    0.00313     0.1875     11.250      0.639  45015.620    28.4846    10.9876      0.634    6.44459    10.9885    21.7095   11.69080 3.0479e+02 0.0000e+00
         47 184.602089    0.00319     0.1917     11.500      0.664  45157.223    28.5758    10.9900      0.658    6.44011    10.9873    21.7800   11.68211 3.0400e+02 0.0000e+00
         48 184.602092    0.00326     0.1958     11.750      0.682  45249.479    28.6354    10.9886      0.676    6.43763    10.9887    21.8265   11.67717 2.9987e+02 0.0000e+00
         49 184.602095    0.00333     0.2000     12.000      0.700  45310.450    28.6750    10.9874      0.693    6.43602    10.9922    21.8575   11.67396 2.9543e+02 0.0000e+00
         50 184.602098    0.00340     0.2042     12.250      0.718  45348.331    28.6999    10.9888      0.711    6.43472    10.9965    21.8767   11.67146 2.9217e+02 0.0000e+00
         51 184.602101    0.00347     0.2083     12.500      0.735  45370.322    28.7146    10.9923      0.728    6.43358    11.0006    21.8875   11.66938 2.9056e+02 0.0000e+00
         52 184.602104    0.00354     0.2125     12.750      0.747  45382.092    28.7226    10.9966      0.740    6.43262    11.0043    21.8930   11.66769 2.9050e+02 0.0000e+00
         53 184.602106    0.00361     0.2167     13.000      0.751  45387.757    28.7266    11.0007      0.744    6.43186    11.0075    21.8955   11.66637 2.9060e+02 0.0000e+00
         54 184.602109    0.00368     0.2208     13.250      0.748  45390.857    28.7289    11.0044      0.741    6.43124    11.0100    21.8966   11.66531 2.9132e+02 0.0000e+00
         55 184.602112    0.00375     0.2250     13.500      0.739  45393.398    28.7309    11.0076      0.732    6.43072    11.0117    21.8976   11.66440 2.9350e+02 0.0000e+00
         56 184.602115    0.00382     0.2292     13.750      0.728  45395.949    28.7329    11.0101      0.721    6.43028    11.0126    21.8987   11.66366 2.9645e+02 0.0000e+00
         57 184.602118    0.00389     0.2333     14.000      0.717  45398.194    28.7346    11.0118      0.710    6.42998    11.0129    21.8998   11.66313 2.9855e+02 0.0000e+00
         58 184.602121    0.00396     0.2375     14.250      0.713  45399.745    28.7357    11.0127      0.706    6.42980    11.0128    21.9005   11.66282 2.9861e+02 0.0000e+00
         59 184.602124    0.00403     0.2417     14.500      0.719  45400.507    28.7363    11.0130      0.711    6.42974    11.0120    21.9009   11.66270 2.9660e+02 0.0000e+00
         60 184.602127    0.00410     0.2458     14.750      0.739  45400.125    28.7360    11.0129      0.731    6.42977    11.0103    21.9007   11.66277 2.9174e+02 0.0000e+00
         61 184.602130    0.00417     0.2500     15.000      0.773  45397.617    28.7341    11.0121      0.766    6.42995    11.0067    21.8994   11.66308 2.8486e+02 0.0000e+00
         62 184.602133    0.00424     0.2542     15.250      0.814  45391.138    28.7294    11.0104      0.807    6.43037    10.9997    21.8960   11.66385 2.7926e+02 0.0000e+00
         63 184.602135    0.00431     0.2583     15.500      0.847  45383.241    28.7235    11.0068      0.839    6.43112    10.9891    21.8920   11.66516 2.7778e+02 0.0000e+00
         64 184.602138    0.00438     0.2625     15.750      0.859  45382.589    28.7223    10.9997      0.850    6.43215    10.9784    21.8922   11.66689 2.7984e+02 0.0000e+00
         65 184.602141    0.00444     0.2667     16.000      0.847  45392.127    28.7279    10.9891      0.839    6.43340    10.9721    21.8984   11.66888 2.8205e+02 0.0000e+00
         66 184.602144    0.00451     0.2708     16.250      0.824  45407.490    28.7376    10.9784      0.816    6.43449    10.9726    21.9077   11.67058 2.8278e+02 0.0000e+00
         67 184.602147    0.00458     0.2750     16.500      0.803  45424.805    28.7490    10.9722      0.796    6.43489    10.9788    21.9177   11.67111 2.8142e+02 0.0000e+00
         68 184.602150    0.00465     0.2792     16.750      0.800  45438.641    28.7588    10.9727      0.793    6.43442    10.9873    21.9252   11.67021 2.7780e+02 0.0000e+00
         69 184.602153    0.00472     0.2833     17.000      0.821  45442.097    28.7618    10.9789      0.813    6.43343    10.9944    21.9265   11.66853 2.7305e+02 0.0000e+00
         70 184.602156    0.00479     0.2875     17.250      0.857  45433.328    28.7566    10.9874      0.849    6.43246    10.9974    21.9210   11.66699 2.6750e+02 0.0000e+00
         71 184.602159    0.00486     0.2917     17.500      0.895  45418.211    28.7467    10.9945      0.887    6.43188    10.9954    21.9121   11.66614 2.6217e+02 0.0000e+00
         72 184.602161    0.00493     0.2958     17.750      0.919  45406.834    28.7390    10.9975      0.910    6.43178    10.9899    21.9056   11.66606 2.6007e+02 0.0000e+00
         73 184.602164    0.00500     0.3000     18.000      0.920  45404.685    28.7373    10.9955      0.911    6.43213    10.9844    21.9046   11.66667 2.6197e+02 0.0000e+00
         74 184.602167    0.00507     0.3042     18.250      0.900  45409.659    28.7403    10.9900      0.892    6.43278    10.9820    21.9078   11.66770 2.6541e+02 0.0000e+00
         75 184.602170    0.00514     0.3083     18.500      0.873  45418.236    28.7457    10.9845      0.865    6.43331    10.9839    21.9130   11.66852 2.6782e+02 0.0000e+00
         76 184.602173    0.00521     0.3125     18.750      0.852  45428.072    28.7524    10.9821      0.844    6.43337    10.9896    21.9186   11.66855 2.6809e+02 0.0000e+00
         77 184.602176    0.00528     0.3167     19.000      0.846  45435.064    28.7575    10.9840      0.839    6.43290    10.9967    21.9222   11.66770 2.6602e+02 0.0000e+00
         78 184.602179    0.00535     0.3208     19.250      0.859  45434.489    28.7576    10.9897      0.851    6.43210    11.0030    21.9214   11.66638 2.6194e+02 0.0000e+00
         79 184.602182    0.00542     0.3250     19.500      0.886  45425.709    28.7522    10.9968      0.878    6.43133    11.0069    21.9160   11.66517 2.5723e+02 0.0000e+00
         80 184.602185    0.00549     0.3292     19.750      0.919  45411.401    28.7428    11.0031      0.910    6.43084    11.0078    21.9076   11.66447 2.5282e+02 0.0000e+00
         81 184.602188    0.00556     0.3333     20.000      0.948  45395.984    28.7324    11.0070      0.939    6.43072    11.0051    21.8988   11.66439 2.4946e+02 0.0000e+00
         82 184.602190    0.00562     0.3375     20.250      0.963  45385.130    28.7249    11.0079      0.954    6.43092    10.9991    21.8929   11.66480 2.4875e+02 0.0000e+00
         83 184.602193    0.00569     0.3417     20.500      0.960  45382.436    28.7227    11.0052      0.951    6.43138    10.9922    21.8917   11.66560 2.5152e+02 0.0000e+00
         84 184.602196    0.00576     0.3458     20.750      0.938  45387.881    28.7259    10.9992      0.929    6.43207    10.9872    21.8952   11.66671 2.5736e+02 0.0000e+00
         85 184.602199    0.00583     0.3500     21.000      0.904  45399.306    28.7332    10.9923      0.896    6.43274    10.9862    21.9020   11.66773 2.6358e+02 0.0000e+00
         86 184.602202    0.00590     0.3542     21.250      0.870  45413.757    28.7428    10.9873      0.862    6.43304    10.9895    21.9103   11.66811 2.6532e+02 0.0000e+00
         87 184.602205    0.00597     0.3583     21.500      0.848  45427.337    28.7523    10.9863      0.839    6.43280    10.9956    21.9178   11.66759 2.6179e+02 0.0000e+00
         88 184.602208    0.00604     0.3625     21.750      0.845  45435.462    28.7583    10.9896      0.837    6.43209    11.0023    21.9219   11.66636 2.5693e+02 0.0000e+00
         89 184.602211    0.00611     0.3667     22.000      0.865  45434.999    28.7586    10.9957      0.857    6.43122    11.0071    21.9211   11.66491 2.5205e+02 0.0000e+00
         90 184.602214    0.00618     0.3708     22.250      0.902  45425.956    28.7529    11.0024      0.893    6.43053    11.0084    21.9156   11.66382 2.4679e+02 0.0000e+00
