CTD-processing/allCTD/CNV--turbid/2012-08-03-cookinlet-tran9-cast007-s07.cnv
* Sea-Bird SBE19plus Data File:
* FileName = C:\Documents and Settings\kris.holderied.local\My Documents\2012-08-03-CTD-HomerSpit\2012-08-03-KachemakBay-HomerSpit-cast007.hex
* Software Version 1.54
* Temperature SN =  5028
* Conductivity SN =  5028
* System UpLoad Time = Aug 15 2012 01:15:13
** Kachemak Bay Homer Spit CTD Survey Mckeon Flat to Spit
** Date:  2012-08-03
** Station: 9-07
** Start time (AKDT-24 hr): 1619
** Depth (ft): 333
** Comment:None
# nquan = 16
# nvalues = 610                         
# units = specified
# name 0 = scan: Scan Count
# name 1 = timeJ: Julian Days
# name 2 = timeH: Time, Elapsed [hours]
# name 3 = timeM: Time, Elapsed [minutes]
# name 4 = timeS: Time, Elapsed [seconds]
# name 5 = prdM: Pressure, Strain Gauge [db]
# name 6 = specc: Specific Conductance [uS/cm]
# name 7 = sal00: Salinity, Practical [PSU]
# name 8 = tv290C: Temperature [ITS-90, deg C]
# name 9 = depSM: Depth [salt water, m], lat = 59.00
# name 10 = oxsolML/L: Oxygen Saturation, Garcia & Gordon [ml/l]
# name 11 = potemp090C: Potential Temperature [ITS-90, deg C]
# name 12 = sigma-é00: Density [sigma-theta, kg/m^3]
# name 13 = n2satML/L: Nitrogen Saturation [ml/l]
# name 14 = par: PAR/Irradiance, Biospherical/Licor [umol photons/m^2/sec]
# name 15 = flag:  0.000e+00
# span 0 =          1,        610       
# span 1 = 216.679479, 216.681241       
# span 2 =    0.00000,    0.04229       
# span 3 =     0.0000,     2.5375       
# span 4 =      0.000,    152.250       
# span 5 =      0.027,     93.913       
# span 6 =   1498.983,  49880.422       
# span 7 =     0.7450,    31.3951       
# span 8 =     7.6827,    10.8554       
# span 9 =      0.027,     93.013       
# span 10 =    6.46573,    7.76715      
# span 11 =     7.6740,    10.8553      
# span 12 =     0.2397,    24.4896      
# span 13 =   11.72642,   14.27435      
# span 14 = 5.8294e-02, 6.2729e+02      
# span 15 = 0.0000e+00, 0.0000e+00      
# interval = seconds: 0.25
# start_time = Aug 03 2012 16:18:27 [Instrument's time stamp, header]
# bad_flag = -9.990e-29
*END*
[from data line 452]
        453 216.680787    0.03139     1.8833    113.000     45.741  49321.129    31.1931     8.7741     45.309    6.64865     8.7634    24.1735   11.99593 7.6817e-02 0.0000e+00
        454 216.680790    0.03146     1.8875    113.250     46.058  49324.434    31.1948     8.7707     45.623    6.64908     8.7614    24.1753   11.99663 7.5953e-02 0.0000e+00
        455 216.680793    0.03153     1.8917    113.500     46.378  49326.970    31.1960     8.7681     45.940    6.64942     8.7600    24.1767   11.99717 7.5126e-02 0.0000e+00
        456 216.680796    0.03160     1.8958    113.750     46.703  49328.889    31.1970     8.7661     46.261    6.64967     8.7589    24.1777   11.99757 7.4331e-02 0.0000e+00
        457 216.680799    0.03167     1.9000    114.000     47.032  49330.365    31.1977     8.7647     46.587    6.64985     8.7581    24.1785   11.99786 7.3571e-02 0.0000e+00
        458 216.680802    0.03174     1.9042    114.250     47.364  49331.485    31.1982     8.7637     46.916    6.64998     8.7575    24.1790   11.99808 7.2855e-02 0.0000e+00
        459 216.680804    0.03181     1.9083    114.500     47.698  49332.294    31.1985     8.7629     47.247    6.65009     8.7570    24.1793   11.99824 7.2175e-02 0.0000e+00
        460 216.680807    0.03188     1.9125    114.750     48.034  49332.821    31.1986     8.7624     47.580    6.65016     8.7566    24.1795   11.99836 7.1523e-02 0.0000e+00
        461 216.680810    0.03194     1.9167    115.000     48.372  49333.119    31.1986     8.7619     47.915    6.65023     8.7562    24.1796   11.99847 7.0904e-02 0.0000e+00
        462 216.680813    0.03201     1.9208    115.250     48.711  49333.296    31.1985     8.7616     48.250    6.65028     8.7557    24.1796   11.99857 7.0317e-02 0.0000e+00
        463 216.680816    0.03208     1.9250    115.500     49.051  49333.397    31.1984     8.7612     48.586    6.65034     8.7551    24.1795   11.99868 6.9767e-02 0.0000e+00
        464 216.680819    0.03215     1.9292    115.750     49.390  49333.383    31.1981     8.7607     48.923    6.65042     8.7543    24.1794   11.99881 6.9264e-02 0.0000e+00
        465 216.680822    0.03222     1.9333    116.000     49.730  49333.333    31.1979     8.7601     49.259    6.65052     8.7533    24.1793   11.99898 6.8796e-02 0.0000e+00
        466 216.680825    0.03229     1.9375    116.250     50.071  49333.402    31.1977     8.7594     49.597    6.65064     8.7521    24.1793   11.99918 6.8341e-02 0.0000e+00
        467 216.680828    0.03236     1.9417    116.500     50.414  49333.531    31.1975     8.7584     49.936    6.65079     8.7507    24.1793   11.99943 6.7907e-02 0.0000e+00
        468 216.680830    0.03243     1.9458    116.750     50.757  49333.725    31.1973     8.7572     50.277    6.65097     8.7490    24.1793   11.99973 6.7508e-02 0.0000e+00
        469 216.680833    0.03250     1.9500    117.000     51.101  49334.177    31.1972     8.7558     50.617    6.65119     8.7471    24.1795   12.00008 6.7146e-02 0.0000e+00
        470 216.680836    0.03257     1.9542    117.250     51.444  49334.895    31.1974     8.7542     50.957    6.65143     8.7451    24.1799   12.00048 6.6809e-02 0.0000e+00
        471 216.680839    0.03264     1.9583    117.500     51.787  49335.692    31.1975     8.7523     51.296    6.65169     8.7428    24.1803   12.00091 6.6482e-02 0.0000e+00
        472 216.680842    0.03271     1.9625    117.750     52.130  49336.499    31.1976     8.7503     51.636    6.65199     8.7402    24.1807   12.00140 6.6163e-02 0.0000e+00
        473 216.680845    0.03278     1.9667    118.000     52.474  49337.442    31.1978     8.7480     51.976    6.65232     8.7375    24.1812   12.00194 6.5860e-02 0.0000e+00
        474 216.680848    0.03285     1.9708    118.250     52.818  49338.564    31.1981     8.7455     52.317    6.65268     8.7345    24.1817   12.00254 6.5572e-02 0.0000e+00
        475 216.680851    0.03292     1.9750    118.500     53.162  49339.725    31.1983     8.7428     52.658    6.65307     8.7311    24.1824   12.00318 6.5295e-02 0.0000e+00
        476 216.680854    0.03299     1.9792    118.750     53.507  49340.594    31.1984     8.7399     53.000    6.65351     8.7268    24.1829   12.00391 6.5033e-02 0.0000e+00
        477 216.680856    0.03306     1.9833    119.000     53.853  49340.657    31.1978     8.7365     53.342    6.65404     8.7208    24.1829   12.00480 6.4788e-02 0.0000e+00
        478 216.680859    0.03313     1.9875    119.250     54.198  49339.502    31.1962     8.7322     53.684    6.65475     8.7120    24.1823   12.00599 6.4556e-02 0.0000e+00
        479 216.680862    0.03319     1.9917    119.500     54.542  49336.878    31.1934     8.7263     54.025    6.65576     8.6998    24.1809   12.00770 6.4329e-02 0.0000e+00
        480 216.680865    0.03326     1.9958    119.750     54.884  49334.310    31.1901     8.7175     54.364    6.65721     8.6847    24.1797   12.01013 6.4112e-02 0.0000e+00
        481 216.680868    0.03333     2.0000    120.000     55.223  49335.056    31.1887     8.7053     54.700    6.65909     8.6678    24.1805   12.01326 6.3912e-02 0.0000e+00
        482 216.680871    0.03340     2.0042    120.250     55.559  49339.481    31.1895     8.6902     55.033    6.66130     8.6499    24.1833   12.01692 6.3730e-02 0.0000e+00
        483 216.680874    0.03347     2.0083    120.500     55.889  49345.593    31.1912     8.6734     55.360    6.66374     8.6315    24.1871   12.02093 6.3557e-02 0.0000e+00
        484 216.680877    0.03354     2.0125    120.750     56.211  49353.177    31.1938     8.6555     55.678    6.66630     8.6132    24.1918   12.02514 6.3387e-02 0.0000e+00
        485 216.680880    0.03361     2.0167    121.000     56.527  49362.553    31.1975     8.6371     55.991    6.66889     8.5959    24.1975   12.02939 6.3226e-02 0.0000e+00
        486 216.680883    0.03368     2.0208    121.250     56.843  49373.165    31.2021     8.6189     56.304    6.67142     8.5802    24.2038   12.03351 6.3076e-02 0.0000e+00
        487 216.680885    0.03375     2.0250    121.500     57.160  49384.651    31.2075     8.6016     56.618    6.67377     8.5666    24.2105   12.03733 6.2934e-02 0.0000e+00
        488 216.680888    0.03382     2.0292    121.750     57.477  49396.459    31.2133     8.5859     56.931    6.67587     8.5554    24.2174   12.04074 6.2800e-02 0.0000e+00
        489 216.680891    0.03389     2.0333    122.000     57.790  49407.406    31.2189     8.5723     57.241    6.67766     8.5464    24.2238   12.04364 6.2666e-02 0.0000e+00
        490 216.680894    0.03396     2.0375    122.250     58.097  49416.853    31.2237     8.5611     57.546    6.67913     8.5394    24.2292   12.04601 6.2539e-02 0.0000e+00
        491 216.680897    0.03403     2.0417    122.500     58.401  49424.893    31.2279     8.5522     57.847    6.68029     8.5340    24.2338   12.04788 6.2428e-02 0.0000e+00
        492 216.680900    0.03410     2.0458    122.750     58.704  49431.564    31.2314     8.5452     58.147    6.68119     8.5300    24.2376   12.04932 6.2329e-02 0.0000e+00
        493 216.680903    0.03417     2.0500    123.000     59.007  49436.831    31.2342     8.5399     58.447    6.68187     8.5270    24.2405   12.05041 6.2230e-02 0.0000e+00
        494 216.680906    0.03424     2.0542    123.250     59.311  49440.696    31.2361     8.5359     58.748    6.68238     8.5245    24.2427   12.05123 6.2127e-02 0.0000e+00
        495 216.680909    0.03431     2.0583    123.500     59.614  49443.336    31.2374     8.5328     59.049    6.68278     8.5223    24.2441   12.05188 6.2027e-02 0.0000e+00
        496 216.680911    0.03438     2.0625    123.750     59.914  49445.113    31.2381     8.5303     59.346    6.68312     8.5203    24.2451   12.05243 6.1934e-02 0.0000e+00
        497 216.680914    0.03444     2.0667    124.000     60.211  49446.234    31.2385     8.5282     59.640    6.68342     8.5181    24.2457   12.05293 6.1844e-02 0.0000e+00
        498 216.680917    0.03451     2.0708    124.250     60.509  49446.657    31.2383     8.5263     59.935    6.68373     8.5156    24.2459   12.05343 6.1753e-02 0.0000e+00
        499 216.680920    0.03458     2.0750    124.500     60.812  49446.397    31.2377     8.5242     60.235    6.68407     8.5124    24.2457   12.05401 6.1670e-02 0.0000e+00
        500 216.680923    0.03465     2.0792    124.750     61.118  49445.655    31.2367     8.5217     60.538    6.68448     8.5081    24.2453   12.05471 6.1595e-02 0.0000e+00
        501 216.680926    0.03472     2.0833    125.000     61.427  49444.502    31.2353     8.5185     60.844    6.68502     8.5023    24.2446   12.05561 6.1522e-02 0.0000e+00
        502 216.680929    0.03479     2.0875    125.250     61.738  49443.058    31.2335     8.5143     61.152    6.68574     8.4946    24.2439   12.05683 6.1448e-02 0.0000e+00
        503 216.680932    0.03486     2.0917    125.500     62.051  49442.097    31.2318     8.5084     61.462    6.68669     8.4853    24.2434   12.05843 6.1368e-02 0.0000e+00
        504 216.680935    0.03493     2.0958    125.750     62.366  49442.745    31.2310     8.5008     61.774    6.68788     8.4747    24.2439   12.06040 6.1286e-02 0.0000e+00
        505 216.680938    0.03500     2.1000    126.000     62.679  49445.183    31.2312     8.4915     62.084    6.68927     8.4629    24.2454   12.06270 6.1214e-02 0.0000e+00
        506 216.680940    0.03507     2.1042    126.250     62.989  49448.342    31.2317     8.4809     62.391    6.69083     8.4494    24.2473   12.06528 6.1154e-02 0.0000e+00
        507 216.680943    0.03514     2.1083    126.500     63.294  49450.823    31.2315     8.4692     62.693    6.69261     8.4331    24.2489   12.06822 6.1100e-02 0.0000e+00
        508 216.680946    0.03521     2.1125    126.750     63.600  49451.939    31.2301     8.4557     62.996    6.69470     8.4129    24.2498   12.07170 6.1050e-02 0.0000e+00
        509 216.680949    0.03528     2.1167    127.000     63.911  49452.764    31.2281     8.4393     63.304    6.69725     8.3892    24.2507   12.07594 6.1003e-02 0.0000e+00
        510 216.680952    0.03535     2.1208    127.250     64.224  49456.635    31.2277     8.4192     63.614    6.70031     8.3639    24.2533   12.08101 6.0951e-02 0.0000e+00
        511 216.680955    0.03542     2.1250    127.500     64.539  49466.655    31.2310     8.3955     63.926    6.70374     8.3392    24.2593   12.08664 6.0887e-02 0.0000e+00
        512 216.680958    0.03549     2.1292    127.750     64.853  49482.132    31.2378     8.3702     64.237    6.70727     8.3166    24.2684   12.09240 6.0816e-02 0.0000e+00
        513 216.680961    0.03556     2.1333    128.000     65.166  49499.639    31.2462     8.3456     64.547    6.71063     8.2964    24.2785   12.09785 6.0749e-02 0.0000e+00
        514 216.680964    0.03562     2.1375    128.250     65.476  49516.193    31.2543     8.3230     64.854    6.71369     8.2782    24.2881   12.10282 6.0690e-02 0.0000e+00
        515 216.680966    0.03569     2.1417    128.500     65.780  49531.043    31.2615     8.3027     65.154    6.71644     8.2622    24.2966   12.10729 6.0640e-02 0.0000e+00
        516 216.680969    0.03576     2.1458    128.750     66.076  49545.111    31.2684     8.2846     65.447    6.71889     8.2487    24.3047   12.11126 6.0597e-02 0.0000e+00
        517 216.680972    0.03583     2.1500    129.000     66.365  49558.665    31.2753     8.2686     65.733    6.72101     8.2379    24.3125   12.11468 6.0563e-02 0.0000e+00
        518 216.680975    0.03590     2.1542    129.250     66.649  49570.881    31.2816     8.2551     66.015    6.72277     8.2294    24.3194   12.11752 6.0541e-02 0.0000e+00
        519 216.680978    0.03597     2.1583    129.500     66.932  49580.901    31.2869     8.2443     66.296    6.72418     8.2227    24.3251   12.11978 6.0519e-02 0.0000e+00
        520 216.680981    0.03604     2.1625    129.750     67.218  49588.579    31.2908     8.2359     66.579    6.72529     8.2173    24.3294   12.12158 6.0484e-02 0.0000e+00
        521 216.680984    0.03611     2.1667    130.000     67.505  49594.433    31.2938     8.2292     66.863    6.72617     8.2129    24.3327   12.12300 6.0448e-02 0.0000e+00
        522 216.680987    0.03618     2.1708    130.250     67.795  49598.969    31.2960     8.2239     67.150    6.72689     8.2093    24.3352   12.12415 6.0409e-02 0.0000e+00
        523 216.680990    0.03625     2.1750    130.500     68.090  49602.510    31.2977     8.2195     67.443    6.72748     8.2062    24.3371   12.12511 6.0361e-02 0.0000e+00
        524 216.680992    0.03632     2.1792    130.750     68.393  49605.342    31.2990     8.2159     67.743    6.72797     8.2036    24.3386   12.12591 6.0308e-02 0.0000e+00
        525 216.680995    0.03639     2.1833    131.000     68.703  49607.573    31.3000     8.2129     68.050    6.72839     8.2012    24.3398   12.12659 6.0256e-02 0.0000e+00
        526 216.680998    0.03646     2.1875    131.250     69.019  49609.025    31.3004     8.2103     68.363    6.72876     8.1987    24.3406   12.12720 6.0202e-02 0.0000e+00
        527 216.681001    0.03653     2.1917    131.500     69.343  49609.550    31.3003     8.2079     68.683    6.72913     8.1957    24.3408   12.12781 6.0147e-02 0.0000e+00
        528 216.681004    0.03660     2.1958    131.750     69.675  49609.498    31.2997     8.2054     69.012    6.72954     8.1922    24.3408   12.12849 6.0097e-02 0.0000e+00
        529 216.681007    0.03667     2.2000    132.000     70.013  49609.570    31.2992     8.2024     69.347    6.73001     8.1884    24.3408   12.12928 6.0052e-02 0.0000e+00
        530 216.681010    0.03674     2.2042    132.250     70.353  49610.075    31.2988     8.1990     69.683    6.73054     8.1842    24.3410   12.13017 6.0014e-02 0.0000e+00
        531 216.681013    0.03681     2.2083    132.500     70.693  49610.896    31.2986     8.1952     70.020    6.73113     8.1799    24.3414   12.13114 5.9985e-02 0.0000e+00
        532 216.681016    0.03687     2.2125    132.750     71.032  49612.040    31.2986     8.1911     70.355    6.73176     8.1754    24.3420   12.13218 5.9961e-02 0.0000e+00
        533 216.681019    0.03694     2.2167    133.000     71.367  49613.489    31.2988     8.1868     70.687    6.73241     8.1709    24.3428   12.13325 5.9938e-02 0.0000e+00
        534 216.681021    0.03701     2.2208    133.250     71.699  49614.994    31.2991     8.1824     71.016    6.73307     8.1662    24.3436   12.13434 5.9911e-02 0.0000e+00
        535 216.681024    0.03708     2.2250    133.500     72.028  49616.541    31.2993     8.1779     71.343    6.73375     8.1616    24.3445   12.13546 5.9877e-02 0.0000e+00
        536 216.681027    0.03715     2.2292    133.750     72.354  49618.655    31.2999     8.1732     71.666    6.73442     8.1574    24.3456   12.13657 5.9846e-02 0.0000e+00
        537 216.681030    0.03722     2.2333    134.000     72.677  49621.656    31.3012     8.1686     71.985    6.73506     8.1538    24.3473   12.13762 5.9824e-02 0.0000e+00
        538 216.681033    0.03729     2.2375    134.250     72.996  49625.063    31.3028     8.1645     72.301    6.73563     8.1509    24.3491   12.13853 5.9805e-02 0.0000e+00
        539 216.681036    0.03736     2.2417    134.500     73.312  49628.230    31.3043     8.1609     72.614    6.73610     8.1486    24.3508   12.13929 5.9782e-02 0.0000e+00
        540 216.681039    0.03743     2.2458    134.750     73.626  49630.920    31.3056     8.1581     72.925    6.73648     8.1467    24.3523   12.13991 5.9750e-02 0.0000e+00
        541 216.681042    0.03750     2.2500    135.000     73.937  49633.162    31.3067     8.1557     73.233    6.73678     8.1452    24.3534   12.14040 5.9717e-02 0.0000e+00
        542 216.681045    0.03757     2.2542    135.250     74.247  49635.005    31.3075     8.1539     73.540    6.73703     8.1439    24.3544   12.14080 5.9686e-02 0.0000e+00
