CTD-processing/allCTD/CNV--turbid/2012_06-25_subbays_chinapootb_cast133.cnv
* Sea-Bird SBE19plus Data File:
* FileName = C:\Documents and Settings\glenn.seaman\My Documents\KHolderied-files\CTD-DATA-FILES\2012-CTD-KachemakBay\2012-06-25-CTD-KachemakBay-subbays\2012-06-25-KBay-subbays-cast133.hex
* Software Version 1.59
* Temperature SN =  5028
* Conductivity SN =  5028
* System UpLoad Time = Jun 27 2012 00:57:21
** KachemakBay-Subbay-Survey
** Date: 2012-06-25
** Station: China Poot Bay B - in lagoon
** Start time (AKDT-24hr): 2103
** Depth (ft): 45
** Lat: 59d 33.747m N
** Long: 151d 14.877m W
** 1 ft waves.
# nquan = 16
# nvalues = 481                         
# units = specified
# name 0 = scan: Scan Count
# name 1 = timeJ: Julian Days
# name 2 = timeH: Time, Elapsed [hours]
# name 3 = timeM: Time, Elapsed [minutes]
# name 4 = timeS: Time, Elapsed [seconds]
# name 5 = prdM: Pressure, Strain Gauge [db]
# name 6 = specc: Specific Conductance [uS/cm]
# name 7 = sal00: Salinity, Practical [PSU]
# name 8 = tv290C: Temperature [ITS-90, deg C]
# name 9 = depSM: Depth [salt water, m], lat = 59.00
# name 10 = oxsolML/L: Oxygen Saturation, Garcia & Gordon [ml/l]
# name 11 = potemp090C: Potential Temperature [ITS-90, deg C]
# name 12 = sigma-é00: Density [sigma-theta, kg/m^3]
# name 13 = n2satML/L: Nitrogen Saturation [ml/l]
# name 14 = par: PAR/Irradiance, Biospherical/Licor [umol photons/m^2/sec]
# name 15 = flag:  0.000e+00
# span 0 =          1,        481       
# span 1 = 177.877581, 177.878970       
# span 2 =    0.00000,    0.03333       
# span 3 =     0.0000,     2.0000       
# span 4 =      0.000,    120.000       
# span 5 =     -0.193,     11.345       
# span 6 =    421.089,  47842.648       
# span 7 =     0.1985,    30.2115       
# span 8 =     8.9766,    10.8784       
# span 9 =     -0.191,     11.238       
# span 10 =    6.51891,    8.08062      
# span 11 =     8.9767,    10.8784      
# span 12 =    -0.0590,    23.3642      
# span 13 =   11.80665,   14.81191      
# span 14 = 5.1399e-02, 1.5486e+01      
# span 15 = 0.0000e+00, 0.0000e+00      
# interval = seconds: 0.25
# start_time = Jun 25 2012 21:03:43 [Instrument's time stamp, header]
# bad_flag = -9.990e-29
*END*
[from data line 362]
        363 177.878628    0.02514     1.5083     90.500      0.593  41189.787    25.7869    10.7956      0.587    6.58244    10.7990    19.6457   11.95215 1.2894e+01 0.0000e+00
        364 177.878631    0.02521     1.5125     90.750      0.591  41182.232    25.7818    10.7976      0.585    6.58236    10.7999    19.6415   11.95209 1.2860e+01 0.0000e+00
        365 177.878634    0.02528     1.5167     91.000      0.598  41177.844    25.7789    10.7991      0.592    6.58227    10.8003    19.6390   11.95197 1.2762e+01 0.0000e+00
        366 177.878637    0.02535     1.5208     91.250      0.612  41174.296    25.7765    10.8000      0.607    6.58224    10.8004    19.6370   11.95195 1.2591e+01 0.0000e+00
        367 177.878640    0.02542     1.5250     91.500      0.632  41171.344    25.7745    10.8004      0.626    6.58226    10.7999    19.6354   11.95201 1.2355e+01 0.0000e+00
        368 177.878643    0.02549     1.5292     91.750      0.656  41170.324    25.7738    10.8005      0.650    6.58228    10.7989    19.6349   11.95206 1.2121e+01 0.0000e+00
        369 177.878646    0.02556     1.5333     92.000      0.691  41174.403    25.7766    10.8001      0.684    6.58223    10.7968    19.6371   11.95193 1.1874e+01 0.0000e+00
        370 177.878649    0.02562     1.5375     92.250      0.746  41187.605    25.7856    10.7990      0.739    6.58201    10.7932    19.6442   11.95145 1.1433e+01 0.0000e+00
        371 177.878652    0.02569     1.5417     92.500      0.833  41212.796    25.8027    10.7969      0.825    6.58159    10.7872    19.6578   11.95054 1.0736e+01 0.0000e+00
        372 177.878655    0.02576     1.5458     92.750      0.960  41250.088    25.8281    10.7933      0.951    6.58105    10.7773    19.6781   11.94933 9.8451e+00 0.0000e+00
        373 177.878657    0.02583     1.5500     93.000      1.131  41302.703    25.8638    10.7873      1.121    6.58042    10.7610    19.7068   11.94785 8.8141e+00 0.0000e+00
        374 177.878660    0.02590     1.5542     93.250      1.340  41384.680    25.9195    10.7775      1.328    6.57951    10.7341    19.7516   11.94565 7.7347e+00 0.0000e+00
        375 177.878663    0.02597     1.5583     93.500      1.577  41507.434    26.0027    10.7612      1.562    6.57837    10.6902    19.8188   11.94275 6.7105e+00 0.0000e+00
        376 177.878666    0.02604     1.5625     93.750      1.833  41668.233    26.1112    10.7343      1.816    6.57772    10.6222    19.9074   11.94033 5.7886e+00 0.0000e+00
        377 177.878669    0.02611     1.5667     94.000      2.103  41856.240    26.2368    10.6904      2.084    6.57879    10.5324    20.0120   11.94057 4.9767e+00 0.0000e+00
        378 177.878672    0.02618     1.5708     94.250      2.384  42053.537    26.3666    10.6225      2.362    6.58316    10.4366    20.1236   11.94624 4.2657e+00 0.0000e+00
        379 177.878675    0.02625     1.5750     94.500      2.676  42239.050    26.4861    10.5327      2.651    6.59112    10.3487    20.2307   11.95801 3.6365e+00 0.0000e+00
        380 177.878678    0.02632     1.5792     94.750      2.979  42396.051    26.5853    10.4370      2.951    6.60081    10.2695    20.3229   11.97291 3.0793e+00 0.0000e+00
        381 177.878681    0.02639     1.5833     95.000      3.292  42517.602    26.6606    10.3491      3.262    6.61039    10.1955    20.3952   11.98791 2.5910e+00 0.0000e+00
        382 177.878683    0.02646     1.5875     95.250      3.615  42617.998    26.7220    10.2700      3.582    6.61931    10.1290    20.4554   12.00198 2.1662e+00 0.0000e+00
        383 177.878686    0.02653     1.5917     95.500      3.948  42723.275    26.7873    10.1960      3.911    6.62734    10.0784    20.5177   12.01452 1.7947e+00 0.0000e+00
        384 177.878689    0.02660     1.5958     95.750      4.290  42850.507    26.8685    10.1295      4.250    6.63363    10.0540    20.5912   12.02397 1.4692e+00 0.0000e+00
        385 177.878692    0.02667     1.6000     96.000      4.643  43006.752    26.9714    10.0789      4.599    6.63667    10.0632    20.6791   12.02777 1.1898e+00 0.0000e+00
        386 177.878695    0.02674     1.6042     96.250      5.003  43193.882    27.0984    10.0545      4.956    6.63488    10.1081    20.7818   12.02324 9.5806e-01 0.0000e+00
        387 177.878698    0.02681     1.6083     96.500      5.368  43414.073    27.2520    10.0638      5.318    6.62705    10.1803    20.8999   12.00835 7.7141e-01 0.0000e+00
        388 177.878701    0.02688     1.6125     96.750      5.738  43659.852    27.4273    10.1087      5.684    6.61312    10.2597    21.0293   11.98307 6.2357e-01 0.0000e+00
        389 177.878704    0.02694     1.6167     97.000      6.110  43918.871    27.6148    10.1810      6.053    6.59472    10.3250    21.1639   11.95023 5.0667e-01 0.0000e+00
        390 177.878707    0.02701     1.6208     97.250      6.483  44220.811    27.8332    10.2604      6.423    6.57404    10.3625    21.3214   11.91324 4.1303e-01 0.0000e+00
        391 177.878709    0.02708     1.6250     97.500      6.857  44588.783    28.0962    10.3257      6.793    6.55358    10.3640    21.5157   11.87607 3.3594e-01 0.0000e+00
        392 177.878712    0.02715     1.6292     97.750      7.231  44985.009    28.3762    10.3633      7.164    6.53646    10.3279    21.7277   11.84424 2.7093e-01 0.0000e+00
        393 177.878715    0.02722     1.6333     98.000      7.606  45381.198    28.6525    10.3649      7.535    6.52467    10.2591    21.9425   11.82132 2.1712e-01 0.0000e+00
        394 177.878718    0.02729     1.6375     98.250      7.980  45761.589    28.9138    10.3288      7.906    6.51891    10.1641    22.1518   11.80860 1.7487e-01 0.0000e+00
        395 177.878721    0.02736     1.6417     98.500      8.354  46094.266    29.1383    10.2600      8.276    6.51938    10.0484    22.3376   11.80665 1.4300e-01 0.0000e+00
        396 177.878724    0.02743     1.6458     98.750      8.727  46364.471    29.3160    10.1651      8.645    6.52555     9.9155    22.4912   11.81474 1.1928e-01 0.0000e+00
        397 177.878727    0.02750     1.6500     99.000      9.098  46584.910    29.4565    10.0494      9.013    6.53630     9.7696    22.6191   11.83085 1.0154e-01 0.0000e+00
        398 177.878730    0.02757     1.6542     99.250      9.466  46778.532    29.5759     9.9165      9.377    6.55043     9.6208    22.7333   11.85283 8.8021e-02 0.0000e+00
        399 177.878733    0.02764     1.6583     99.500      9.825  46964.599    29.6883     9.7707      9.733    6.56679     9.4823    22.8439   11.87860 7.7572e-02 0.0000e+00
        400 177.878736    0.02771     1.6625     99.750     10.170  47144.869    29.7961     9.6219     10.074    6.58383     9.3608    22.9512   11.90554 6.9530e-02 0.0000e+00
        401 177.878738    0.02778     1.6667    100.000     10.490  47306.705    29.8919     9.4834     10.391    6.59994     9.2571    23.0475   11.93108 6.3398e-02 0.0000e+00
        402 177.878741    0.02785     1.6708    100.250     10.769  47444.973    29.9732     9.3619     10.668    6.61425     9.1727    23.1298   11.95380 5.8870e-02 0.0000e+00
        403 177.878744    0.02792     1.6750    100.500     10.987  47563.936    30.0431     9.2583     10.884    6.62647     9.1104    23.2003   11.97320 5.5793e-02 0.0000e+00
        404 177.878747    0.02799     1.6792    100.750     11.133  47666.511    30.1038     9.1738     11.029    6.63629     9.0719    23.2607   11.98873 5.3923e-02 0.0000e+00
        405 177.878750    0.02806     1.6833    101.000     11.218  47749.491    30.1537     9.1115     11.113    6.64333     9.0542    23.3092   11.99979 5.2910e-02 0.0000e+00
        406 177.878753    0.02813     1.6875    101.250     11.257  47806.004    30.1882     9.0730     11.152    6.64752     9.0499    23.3420   12.00631 5.2448e-02 0.0000e+00
        407 177.878756    0.02819     1.6917    101.500     11.266  47834.191    30.2056     9.0553     11.160    6.64938     9.0527    23.3583   12.00919 5.2366e-02 0.0000e+00
        408 177.878759    0.02826     1.6958    101.750     11.249  47842.323    30.2108     9.0510     11.143    6.64978     9.0608    23.3631   12.00979 5.2616e-02 0.0000e+00
        409 177.878762    0.02833     1.7000    102.000     11.206  47842.648    30.2115     9.0538     11.100    6.64933     9.0736    23.3632   12.00903 5.3197e-02 0.0000e+00
        410 177.878764    0.02840     1.7042    102.250     11.138  47838.024    30.2094     9.0619     11.034    6.64821     9.0868    23.3603   12.00720 5.4038e-02 0.0000e+00
        411 177.878767    0.02847     1.7083    102.500     11.058  47824.403    30.2017     9.0747     10.954    6.64664     9.0955    23.3523   12.00469 5.4979e-02 0.0000e+00
        412 177.878770    0.02854     1.7125    102.750     10.979  47805.784    30.1904     9.0879     10.876    6.64516     9.0979    23.3416   12.00238 5.5848e-02 0.0000e+00
        413 177.878773    0.02861     1.7167    103.000     10.912  47791.115    30.1814     9.0965     10.810    6.64427     9.0959    23.3332   12.00103 5.6532e-02 0.0000e+00
        414 177.878776    0.02868     1.7208    103.250     10.864  47784.858    30.1773     9.0990     10.762    6.64408     9.0922    23.3296   12.00076 5.7005e-02 0.0000e+00
        415 177.878779    0.02875     1.7250    103.500     10.831  47786.085    30.1779     9.0969     10.729    6.64436     9.0893    23.3304   12.00122 5.7348e-02 0.0000e+00
        416 177.878782    0.02882     1.7292    103.750     10.802  47791.075    30.1810     9.0932     10.700    6.64478     9.0888    23.3333   12.00187 5.7718e-02 0.0000e+00
        417 177.878785    0.02889     1.7333    104.000     10.768  47796.662    30.1845     9.0904     10.667    6.64505     9.0915    23.3365   12.00229 5.8225e-02 0.0000e+00
        418 177.878788    0.02896     1.7375    104.250     10.726  47800.455    30.1871     9.0899     10.625    6.64500     9.0969    23.3386   12.00218 5.8865e-02 0.0000e+00
        419 177.878791    0.02903     1.7417    104.500     10.677  47800.521    30.1876     9.0926     10.577    6.64459     9.1040    23.3385   12.00148 5.9556e-02 0.0000e+00
        420 177.878793    0.02910     1.7458    104.750     10.629  47796.733    30.1856     9.0980     10.530    6.64387     9.1118    23.3362   12.00032 6.0191e-02 0.0000e+00
        421 177.878796    0.02917     1.7500    105.000     10.589  47790.364    30.1821     9.1051     10.490    6.64298     9.1195    23.3324   11.99887 6.0698e-02 0.0000e+00
        422 177.878799    0.02924     1.7542    105.250     10.556  47782.687    30.1778     9.1128     10.457    6.64201     9.1266    23.3279   11.99733 6.1105e-02 0.0000e+00
        423 177.878802    0.02931     1.7583    105.500     10.527  47774.992    30.1735     9.1205     10.429    6.64106     9.1333    23.3233   11.99581 6.1501e-02 0.0000e+00
        424 177.878805    0.02937     1.7625    105.750     10.498  47768.132    30.1696     9.1276     10.400    6.64017     9.1398    23.3192   11.99437 6.1914e-02 0.0000e+00
        425 177.878808    0.02944     1.7667    106.000     10.472  47761.965    30.1662     9.1343     10.374    6.63932     9.1462    23.3156   11.99301 6.2268e-02 0.0000e+00
        426 177.878811    0.02951     1.7708    106.250     10.454  47755.941    30.1629     9.1408     10.356    6.63851     9.1526    23.3120   11.99170 6.2455e-02 0.0000e+00
        427 177.878814    0.02958     1.7750    106.500     10.448  47749.611    30.1593     9.1473     10.350    6.63770     9.1584    23.3082   11.99042 6.2463e-02 0.0000e+00
        428 177.878817    0.02965     1.7792    106.750     10.449  47743.007    30.1555     9.1536     10.351    6.63693     9.1633    23.3043   11.98918 6.2407e-02 0.0000e+00
        429 177.878819    0.02972     1.7833    107.000     10.451  47736.768    30.1519     9.1594     10.353    6.63623     9.1676    23.3006   11.98806 6.2417e-02 0.0000e+00
        430 177.878822    0.02979     1.7875    107.250     10.447  47731.703    30.1490     9.1644     10.349    6.63562     9.1716    23.2976   11.98708 6.2547e-02 0.0000e+00
        431 177.878825    0.02986     1.7917    107.500     10.436  47727.988    30.1470     9.1686     10.338    6.63508     9.1758    23.2954   11.98621 6.2751e-02 0.0000e+00
        432 177.878828    0.02993     1.7958    107.750     10.424  47724.615    30.1452     9.1727     10.326    6.63456     9.1800    23.2933   11.98538 6.2929e-02 0.0000e+00
        433 177.878831    0.03000     1.8000    108.000     10.415  47720.508    30.1429     9.1768     10.317    6.63404     9.1839    23.2909   11.98455 6.3018e-02 0.0000e+00
        434 177.878834    0.03007     1.8042    108.250     10.412  47715.777    30.1401     9.1810     10.314    6.63355     9.1874    23.2881   11.98376 6.3020e-02 0.0000e+00
        435 177.878837    0.03014     1.8083    108.500     10.413  47711.154    30.1374     9.1849     10.315    6.63309     9.1904    23.2853   11.98304 6.2979e-02 0.0000e+00
        436 177.878840    0.03021     1.8125    108.750     10.414  47707.115    30.1350     9.1884     10.316    6.63268     9.1931    23.2830   11.98238 6.2943e-02 0.0000e+00
        437 177.878843    0.03028     1.8167    109.000     10.414  47703.805    30.1331     9.1914     10.316    6.63230     9.1956    23.2810   11.98179 6.2943e-02 0.0000e+00
        438 177.878845    0.03035     1.8208    109.250     10.413  47701.134    30.1316     9.1941     10.315    6.63197     9.1979    23.2795   11.98125 6.2973e-02 0.0000e+00
        439 177.878848    0.03042     1.8250    109.500     10.411  47698.702    30.1302     9.1966     10.313    6.63166     9.1997    23.2780   11.98076 6.3011e-02 0.0000e+00
        440 177.878851    0.03049     1.8292    109.750     10.410  47696.117    30.1287     9.1989     10.312    6.63138     9.2008    23.2765   11.98032 6.3021e-02 0.0000e+00
        441 177.878854    0.03056     1.8333    110.000     10.411  47693.609    30.1272     9.2007     10.313    6.63118     9.2011    23.2750   11.98000 6.2979e-02 0.0000e+00
        442 177.878857    0.03062     1.8375    110.250     10.415  47691.733    30.1260     9.2018     10.317    6.63107     9.2008    23.2740   11.97983 6.2908e-02 0.0000e+00
        443 177.878860    0.03069     1.8417    110.500     10.419  47690.735    30.1254     9.2021     10.321    6.63105     9.2003    23.2734   11.97981 6.2853e-02 0.0000e+00
        444 177.878863    0.03076     1.8458    110.750     10.422  47690.794    30.1254     9.2018     10.324    6.63110     9.2003    23.2735   11.97989 6.2847e-02 0.0000e+00
        445 177.878866    0.03083     1.8500    111.000     10.422  47691.819    30.1260     9.2014     10.324    6.63114     9.2010    23.2741   11.97995 6.2884e-02 0.0000e+00
        446 177.878869    0.03090     1.8542    111.250     10.421  47692.747    30.1266     9.2013     10.323    6.63112     9.2022    23.2746   11.97990 6.2922e-02 0.0000e+00
        447 177.878872    0.03097     1.8583    111.500     10.421  47692.363    30.1265     9.2021     10.323    6.63101     9.2030    23.2743   11.97973 6.2920e-02 0.0000e+00
        448 177.878874    0.03104     1.8625    111.750     10.424  47690.725    30.1255     9.2032     10.326    6.63089     9.2030    23.2734   11.97953 6.2872e-02 0.0000e+00
        449 177.878877    0.03111     1.8667    112.000     10.428  47688.925    30.1243     9.2041     10.330    6.63082     9.2023    23.2723   11.97943 6.2801e-02 0.0000e+00
        450 177.878880    0.03118     1.8708    112.250     10.432  47687.913    30.1236     9.2041     10.334    6.63084     9.2012    23.2718   11.97948 6.2755e-02 0.0000e+00
        451 177.878883    0.03125     1.8750    112.500     10.434  47688.123    30.1237     9.2034     10.336    6.63095     9.2004    23.2719   11.97966 6.2769e-02 0.0000e+00
