CTD-processing/allCTD/CNV--turbid/2012-10-29-cookinlet-tran9-cast077-s05.cnv
* Sea-Bird SBE19plus Data File:
* FileName = C:\Documents and Settings\kris.holderied.local\My Documents\2012-CTD-DATA-new-files\2012-10-CookInlet-LTM\2012-10-29-LTM-CookInlet-Tran9-SpitLine\2012-10-29-CookInlet-Tran9-SpitLine-cast077.hex
* Software Version 1.54
* Temperature SN =  4141
* Conductivity SN =  4141
* System UpLoad Time = Nov 20 2012 20:52:06
** Cook Inlet EVOSTC Transect 9 Spit Line south to north
** Date:  29 Oct 2012
** Station:  9-05
** Start time (AKDT-24 hr): 1957
** Depth (m): 94
** Comment:None
# nquan = 16
# nvalues = 791                         
# units = specified
# name 0 = scan: Scan Count
# name 1 = timeJ: Julian Days
# name 2 = timeH: Time, Elapsed [hours]
# name 3 = timeM: Time, Elapsed [minutes]
# name 4 = timeS: Time, Elapsed [seconds]
# name 5 = prdM: Pressure, Strain Gauge [db]
# name 6 = specc: Specific Conductance [uS/cm]
# name 7 = sal00: Salinity, Practical [PSU]
# name 8 = tv290C: Temperature [ITS-90, deg C]
# name 9 = depSM: Depth [salt water, m], lat = 59.00
# name 10 = oxsolML/L: Oxygen Saturation, Garcia & Gordon [ml/l]
# name 11 = potemp090C: Potential Temperature [ITS-90, deg C]
# name 12 = sigma-é00: Density [sigma-theta, kg/m^3]
# name 13 = n2satML/L: Nitrogen Saturation [ml/l]
# name 14 = par: PAR/Irradiance, Biospherical/Licor
# name 15 = flag:  0.000e+00
# span 0 =          1,        791       
# span 1 = 303.831516, 303.833802       
# span 2 =    0.00000,    0.05486       
# span 3 =     0.0000,     3.2917       
# span 4 =      0.000,    197.500       
# span 5 =     -0.108,     58.674       
# span 6 =   2086.529,  49445.662       
# span 7 =     1.0298,    31.1332       
# span 8 =     4.7772,     7.8414       
# span 9 =     -0.107,     58.117       
# span 10 =    6.79267,    8.90738      
# span 11 =     4.7836,     7.8360      
# span 12 =     0.7935,    24.2616      
# span 13 =   12.23501,   16.18941      
# span 14 = 3.6382e-02, 7.9128e+00      
# span 15 = 0.0000e+00, 0.0000e+00      
# interval = seconds: 0.25
# start_time = Oct 29 2012 19:57:23 [Instrument's time stamp, header]
# bad_flag = -9.990e-29
*END*
[from data line 91]
         92 303.831780    0.00632     0.3792     22.750     -0.107   2159.061     1.0676     4.8609     -0.106    8.90462     4.8544     0.8244   16.18490 7.4810e+00 0.0000e+00
         93 303.831782    0.00639     0.3833     23.000     -0.107   2147.583     1.0618     4.8578     -0.106    8.90570     4.8508     0.8198   16.18680 7.4156e+00 0.0000e+00
         94 303.831785    0.00646     0.3875     23.250     -0.108   2145.715     1.0613     4.8544     -0.107    8.90651     4.8470     0.8194   16.18819 7.3565e+00 0.0000e+00
         95 303.831788    0.00653     0.3917     23.500     -0.108   2153.229     1.0659     4.8508     -0.107    8.90710     4.8431     0.8231   16.18911 7.2828e+00 0.0000e+00
         96 303.831791    0.00660     0.3958     23.750     -0.107   2172.169     1.0770     4.8470     -0.106    8.90738     4.8396     0.8320   16.18941 7.1946e+00 0.0000e+00
         97 303.831794    0.00667     0.4000     24.000     -0.107   2204.554     1.0958     4.8431     -0.106    8.90723     4.8365     0.8470   16.18887 7.0743e+00 0.0000e+00
         98 303.831797    0.00674     0.4042     24.250     -0.106   2248.872     1.1223     4.8396     -0.106    8.90661     4.8340     0.8679   16.18744 6.8776e+00 0.0000e+00
         99 303.831800    0.00681     0.4083     24.500     -0.105   2308.278     1.1588     4.8365     -0.105    8.90538     4.8328     0.8969   16.18486 6.5829e+00 0.0000e+00
        100 303.831803    0.00688     0.4125     24.750     -0.104   2397.412     1.2147     4.8340     -0.103    8.90301     4.8337     0.9410   16.18011 6.2045e+00 0.0000e+00
        101 303.831806    0.00694     0.4167     25.000     -0.102   2542.153     1.3058     4.8328     -0.101    8.89853     4.8382     1.0128   16.17132 5.7750e+00 0.0000e+00
        102 303.831808    0.00701     0.4208     25.250     -0.099   2785.967     1.4591     4.8337     -0.098    8.89029     4.8486     1.1337   16.15537 5.3255e+00 0.0000e+00
        103 303.831811    0.00708     0.4250     25.500     -0.094   3201.495     1.7192     4.8382     -0.093    8.87558     4.8683     1.3388   16.12705 4.8608e+00 0.0000e+00
        104 303.831814    0.00715     0.4292     25.750     -0.085   3910.743     2.1615     4.8486     -0.084    8.84989     4.9035     1.6876   16.07775 4.3784e+00 0.0000e+00
        105 303.831817    0.00722     0.4333     26.000     -0.072   5115.747     2.9106     4.8683     -0.071    8.80577     4.9640     2.2784   15.99321 3.8808e+00 0.0000e+00
        106 303.831820    0.00729     0.4375     26.250     -0.050   7146.687     4.1708     4.9035     -0.049    8.73104     5.0665     3.2724   15.85009 3.3303e+00 0.0000e+00
        107 303.831823    0.00736     0.4417     26.500     -0.013  10552.728     6.2819     4.9640     -0.013    8.60541     5.2380     4.9378   15.60957 2.6819e+00 0.0000e+00
        108 303.831826    0.00743     0.4458     26.750      0.048  16247.136     9.8097     5.0665      0.048    8.39512     5.4959     7.7207   15.20703 1.9537e+00 0.0000e+00
        109 303.831829    0.00750     0.4500     27.000      0.144  24615.119    15.0413     5.2381      0.143    8.08182     5.8077    11.8445   14.60861 1.2732e+00 0.0000e+00
        110 303.831832    0.00757     0.4542     27.250      0.270  33533.018    20.6980     5.4960      0.268    7.73380     6.1072    16.2937   13.94764 7.8879e-01 0.0000e+00
        111 303.831834    0.00764     0.4583     27.500      0.411  40048.464    24.8781     5.8077      0.408    7.45733     6.3515    19.5667   13.42783 5.0130e-01 0.0000e+00
        112 303.831837    0.00771     0.4625     27.750      0.556  43823.907    27.3148     6.1072      0.551    7.27611     6.5333    21.4607   13.09150 3.3050e-01 0.0000e+00
        113 303.831840    0.00778     0.4667     28.000      0.706  45983.480    28.7154     6.3515      0.699    7.15967     6.6635    22.5407   12.87773 2.2757e-01 0.0000e+00
        114 303.831843    0.00785     0.4708     28.250      0.865  47231.505    29.5289     6.5334      0.856    7.08529     6.7566    23.1632   12.74235 1.6693e-01 0.0000e+00
        115 303.831846    0.00792     0.4750     28.500      1.036  47962.046    30.0080     6.6636      1.026    7.03768     6.8240    23.5268   12.65629 1.3395e-01 0.0000e+00
        116 303.831849    0.00799     0.4792     28.750      1.217  48387.071    30.2888     6.7567      1.205    7.00700     6.8726    23.7379   12.60125 1.1832e-01 0.0000e+00
        117 303.831852    0.00806     0.4833     29.000      1.397  48621.354    30.4449     6.8241      1.384    6.98728     6.9061    23.8533   12.56621 1.1260e-01 0.0000e+00
        118 303.831855    0.00813     0.4875     29.250      1.564  48733.340    30.5201     6.8728      1.550    6.97498     6.9270    23.9070   12.54465 1.1081e-01 0.0000e+00
        119 303.831858    0.00819     0.4917     29.500      1.704  48770.133    30.5449     6.9062      1.688    6.96784     6.9383    23.9227   12.53237 1.0862e-01 0.0000e+00
        120 303.831861    0.00826     0.4958     29.750      1.810  48774.770    30.5478     6.9272      1.793    6.96396     6.9433    23.9226   12.52582 1.0493e-01 0.0000e+00
        121 303.831863    0.00833     0.5000     30.000      1.880  48785.501    30.5548     6.9385      1.863    6.96160     6.9461    23.9268   12.52177 1.0152e-01 0.0000e+00
        122 303.831866    0.00840     0.5042     30.250      1.921  48816.353    30.5757     6.9435      1.904    6.95970     6.9493    23.9426   12.51833 9.9324e-02 0.0000e+00
        123 303.831869    0.00847     0.5083     30.500      1.940  48856.407    30.6031     6.9463      1.922    6.95791     6.9532    23.9639   12.51501 9.7537e-02 0.0000e+00
        124 303.831872    0.00854     0.5125     30.750      1.943  48889.407    30.6260     6.9495      1.925    6.95631     6.9574    23.9816   12.51206 9.5462e-02 0.0000e+00
        125 303.831875    0.00861     0.5167     31.000      1.939  48908.949    30.6399     6.9534      1.921    6.95502     6.9611    23.9920   12.50973 9.3079e-02 0.0000e+00
        126 303.831878    0.00868     0.5208     31.250      1.935  48917.911    30.6466     6.9576      1.917    6.95402     6.9641    23.9968   12.50799 9.1164e-02 0.0000e+00
        127 303.831881    0.00875     0.5250     31.500      1.934  48921.742    30.6498     6.9613      1.915    6.95326     6.9664    23.9988   12.50670 9.0816e-02 0.0000e+00
        128 303.831884    0.00882     0.5292     31.750      1.938  48925.859    30.6531     6.9642      1.919    6.95263     6.9686    24.0010   12.50561 9.2115e-02 0.0000e+00
        129 303.831887    0.00889     0.5333     32.000      1.946  48932.984    30.6584     6.9666      1.928    6.95201     6.9711    24.0049   12.50451 9.3472e-02 0.0000e+00
        130 303.831889    0.00896     0.5375     32.250      1.957  48941.402    30.6645     6.9688      1.939    6.95137     6.9739    24.0095   12.50338 9.3638e-02 0.0000e+00
        131 303.831892    0.00903     0.5417     32.500      1.968  48947.927    30.6695     6.9712      1.950    6.95075     6.9767    24.0130   12.50229 9.3484e-02 0.0000e+00
        132 303.831895    0.00910     0.5458     32.750      1.976  48951.465    30.6724     6.9740      1.958    6.95016     6.9791    24.0150   12.50128 9.4257e-02 0.0000e+00
        133 303.831898    0.00917     0.5500     33.000      1.980  48952.843    30.6738     6.9769      1.961    6.94964     6.9811    24.0157   12.50040 9.6952e-02 0.0000e+00
        134 303.831901    0.00924     0.5542     33.250      1.978  48953.201    30.6745     6.9793      1.960    6.94921     6.9827    24.0159   12.49969 1.0128e-01 0.0000e+00
        135 303.831904    0.00931     0.5583     33.500      1.972  48952.785    30.6745     6.9813      1.953    6.94889     6.9841    24.0157   12.49916 1.0463e-01 0.0000e+00
        136 303.831907    0.00937     0.5625     33.750      1.962  48951.459    30.6739     6.9829      1.944    6.94867     6.9852    24.0150   12.49879 1.0461e-01 0.0000e+00
        137 303.831910    0.00944     0.5667     34.000      1.954  48949.671    30.6729     6.9843      1.936    6.94849     6.9859    24.0140   12.49851 1.0158e-01 0.0000e+00
        138 303.831913    0.00951     0.5708     34.250      1.953  48948.034    30.6719     6.9853      1.935    6.94836     6.9862    24.0132   12.49831 9.8428e-02 0.0000e+00
        139 303.831916    0.00958     0.5750     34.500      1.960  48946.782    30.6712     6.9860      1.942    6.94829     6.9864    24.0125   12.49820 9.7496e-02 0.0000e+00
        140 303.831918    0.00965     0.5792     34.750      1.978  48945.356    30.6702     6.9864      1.959    6.94827     6.9864    24.0117   12.49818 9.9570e-02 0.0000e+00
        141 303.831921    0.00972     0.5833     35.000      2.002  48942.704    30.6684     6.9866      1.983    6.94833     6.9860    24.0103   12.49829 1.0400e-01 0.0000e+00
        142 303.831924    0.00979     0.5875     35.250      2.025  48938.710    30.6657     6.9865      2.007    6.94846     6.9853    24.0081   12.49855 1.0774e-01 0.0000e+00
        143 303.831927    0.00986     0.5917     35.500      2.042  48934.715    30.6628     6.9862      2.023    6.94865     6.9845    24.0059   12.49890 1.0762e-01 0.0000e+00
        144 303.831930    0.00993     0.5958     35.750      2.049  48932.602    30.6612     6.9855      2.029    6.94883     6.9836    24.0047   12.49922 1.0335e-01 0.0000e+00
        145 303.831933    0.01000     0.6000     36.000      2.044  48933.753    30.6619     6.9847      2.024    6.94894     6.9828    24.0053   12.49938 9.6598e-02 0.0000e+00
        146 303.831936    0.01007     0.6042     36.250      2.030  48937.937    30.6647     6.9838      2.011    6.94895     6.9819    24.0076   12.49937 8.9980e-02 0.0000e+00
        147 303.831939    0.01014     0.6083     36.500      2.012  48943.337    30.6683     6.9829      1.993    6.94892     6.9812    24.0106   12.49928 8.5942e-02 0.0000e+00
        148 303.831942    0.01021     0.6125     36.750      1.996  48947.937    30.6713     6.9821      1.978    6.94892     6.9806    24.0131   12.49923 8.5143e-02 0.0000e+00
        149 303.831944    0.01028     0.6167     37.000      1.989  48950.111    30.6727     6.9813      1.970    6.94898     6.9802    24.0142   12.49931 8.6812e-02 0.0000e+00
        150 303.831947    0.01035     0.6208     37.250      1.991  48949.120    30.6719     6.9808      1.972    6.94910     6.9798    24.0137   12.49953 8.9313e-02 0.0000e+00
        151 303.831950    0.01042     0.6250     37.500      2.000  48945.838    30.6695     6.9803      1.981    6.94928     6.9793    24.0119   12.49985 9.1199e-02 0.0000e+00
        152 303.831953    0.01049     0.6292     37.750      2.012  48942.490    30.6671     6.9799      1.993    6.94946     6.9787    24.0101   12.50018 9.2620e-02 0.0000e+00
        153 303.831956    0.01056     0.6333     38.000      2.024  48940.753    30.6658     6.9794      2.005    6.94959     6.9780    24.0091   12.50042 9.4449e-02 0.0000e+00
        154 303.831959    0.01063     0.6375     38.250      2.034  48940.129    30.6653     6.9788      2.015    6.94971     6.9772    24.0088   12.50062 9.6215e-02 0.0000e+00
        155 303.831962    0.01069     0.6417     38.500      2.040  48939.842    30.6649     6.9782      2.021    6.94983     6.9764    24.0086   12.50083 9.6620e-02 0.0000e+00
        156 303.831965    0.01076     0.6458     38.750      2.042  48940.577    30.6653     6.9774      2.023    6.94994     6.9755    24.0090   12.50100 9.5081e-02 0.0000e+00
        157 303.831968    0.01083     0.6500     39.000      2.041  48942.696    30.6667     6.9766      2.022    6.95001     6.9746    24.0102   12.50111 9.1966e-02 0.0000e+00
        158 303.831970    0.01090     0.6542     39.250      2.040  48945.247    30.6683     6.9757      2.021    6.95008     6.9736    24.0116   12.50120 8.8675e-02 0.0000e+00
        159 303.831973    0.01097     0.6583     39.500      2.039  48947.148    30.6695     6.9748      2.020    6.95018     6.9727    24.0126   12.50135 8.6763e-02 0.0000e+00
        160 303.831976    0.01104     0.6625     39.750      2.041  48947.626    30.6696     6.9738      2.023    6.95033     6.9719    24.0128   12.50158 8.6088e-02 0.0000e+00
        161 303.831979    0.01111     0.6667     40.000      2.047  48946.098    30.6684     6.9729      2.028    6.95053     6.9714    24.0120   12.50193 8.5448e-02 0.0000e+00
        162 303.831982    0.01118     0.6708     40.250      2.056  48942.275    30.6656     6.9721      2.037    6.95078     6.9711    24.0099   12.50239 8.4754e-02 0.0000e+00
        163 303.831985    0.01125     0.6750     40.500      2.069  48935.817    30.6611     6.9715      2.049    6.95108     6.9708    24.0064   12.50294 8.4398e-02 0.0000e+00
        164 303.831988    0.01132     0.6792     40.750      2.084  48926.553    30.6546     6.9712      2.064    6.95143     6.9706    24.0013   12.50360 8.4215e-02 0.0000e+00
        165 303.831991    0.01139     0.6833     41.000      2.100  48915.341    30.6468     6.9710      2.080    6.95183     6.9704    23.9952   12.50435 8.4064e-02 0.0000e+00
        166 303.831994    0.01146     0.6875     41.250      2.116  48904.019    30.6389     6.9707      2.096    6.95223     6.9704    23.9891   12.50511 8.4373e-02 0.0000e+00
        167 303.831997    0.01153     0.6917     41.500      2.130  48894.765    30.6325     6.9705      2.110    6.95255     6.9704    23.9840   12.50573 8.6434e-02 0.0000e+00
        168 303.831999    0.01160     0.6958     41.750      2.143  48886.210    30.6265     6.9706      2.123    6.95282     6.9700    23.9793   12.50625 9.1093e-02 0.0000e+00
        169 303.832002    0.01167     0.7000     42.000      2.153  48871.238    30.6162     6.9706      2.133    6.95329     6.9687    23.9712   12.50715 9.7629e-02 0.0000e+00
        170 303.832005    0.01174     0.7042     42.250      2.156  48842.831    30.5964     6.9702      2.136    6.95425     6.9662    23.9557   12.50900 1.0493e-01 0.0000e+00
        171 303.832008    0.01181     0.7083     42.500      2.148  48802.608    30.5683     6.9689      2.129    6.95576     6.9629    23.9337   12.51184 1.0885e-01 0.0000e+00
        172 303.832011    0.01188     0.7125     42.750      2.129  48765.569    30.5423     6.9664      2.110    6.95734     6.9585    23.9135   12.51479 1.0484e-01 0.0000e+00
        173 303.832014    0.01194     0.7167     43.000      2.102  48749.622    30.5307     6.9631      2.083    6.95840     6.9531    23.9048   12.51669 9.6136e-02 0.0000e+00
        174 303.832017    0.01201     0.7208     43.250      2.071  48763.028    30.5392     6.9587      2.052    6.95872     6.9483    23.9121   12.51712 8.8130e-02 0.0000e+00
        175 303.832020    0.01208     0.7250     43.500      2.044  48802.370    30.5655     6.9533      2.025    6.95839     6.9455    23.9335   12.51624 8.2545e-02 0.0000e+00
        176 303.832023    0.01215     0.7292     43.750      2.027  48851.263    30.5986     6.9485      2.008    6.95766     6.9445    23.9602   12.51461 8.0007e-02 0.0000e+00
        177 303.832025    0.01222     0.7333     44.000      2.023  48889.544    30.6246     6.9456      2.003    6.95692     6.9440    23.9810   12.51306 8.0980e-02 0.0000e+00
        178 303.832028    0.01229     0.7375     44.250      2.032  48906.735    30.6363     6.9446      2.013    6.95655     6.9425    23.9904   12.51229 8.5021e-02 0.0000e+00
        179 303.832031    0.01236     0.7417     44.500      2.055  48901.809    30.6328     6.9441      2.035    6.95678     6.9381    23.9877   12.51273 9.0891e-02 0.0000e+00
        180 303.832034    0.01243     0.7458     44.750      2.086  48876.134    30.6148     6.9426      2.066    6.95786     6.9293    23.9737   12.51474 9.7678e-02 0.0000e+00
