CTD-processing/allCTD/CNV--turbid/2012_08-15_subbays_beara_inner_cast019.cnv
* Sea-Bird SBE19plus Data File:
* FileName = C:\Documents and Settings\kris.holderied.local\My Documents\2012-08-15-KBay-inner-subbays\2012-08-15-KBay-inner-subbays-cast019.hex
* Software Version 1.54
* Temperature SN =  5028
* Conductivity SN =  5028
* System UpLoad Time = Aug 23 2012 21:40:39
** Kachemak Bay Sub-bay CTD survey , inner bays
** Date:  2012-08-15
** Station:Bear Cove A
** Start time (AKDT-24 hr): 1138
** Depth (ft): 130
** Comment:1141 20L surface phytoplankton
# nquan = 16
# nvalues = 456                         
# units = specified
# name 0 = scan: Scan Count
# name 1 = timeJ: Julian Days
# name 2 = timeH: Time, Elapsed [hours]
# name 3 = timeM: Time, Elapsed [minutes]
# name 4 = timeS: Time, Elapsed [seconds]
# name 5 = prdM: Pressure, Strain Gauge [db]
# name 6 = specc: Specific Conductance [uS/cm]
# name 7 = sal00: Salinity, Practical [PSU]
# name 8 = tv290C: Temperature [ITS-90, deg C]
# name 9 = depSM: Depth [salt water, m], lat = 59.00
# name 10 = oxsolML/L: Oxygen Saturation, Garcia & Gordon [ml/l]
# name 11 = potemp090C: Potential Temperature [ITS-90, deg C]
# name 12 = sigma-é00: Density [sigma-theta, kg/m^3]
# name 13 = n2satML/L: Nitrogen Saturation [ml/l]
# name 14 = par: PAR/Irradiance, Biospherical/Licor [umol photons/m^2/sec]
# name 15 = flag:  0.000e+00
# span 0 =          1,        456       
# span 1 = 228.484398, 228.485715       
# span 2 =    0.00000,    0.03160       
# span 3 =     0.0000,     1.8958       
# span 4 =      0.000,    113.750       
# span 5 =      0.007,     39.068       
# span 6 =   4783.608,  49254.164       
# span 7 =     2.5823,    31.1210       
# span 8 =     8.5810,    14.2940       
# span 9 =      0.007,     38.700       
# span 10 =    6.25958,    7.33554      
# span 11 =     8.5771,    14.2939      
# span 12 =     1.4449,    24.1456      
# span 13 =   11.42950,   13.51861      
# span 14 = 8.1899e-02, 2.2815e+02      
# span 15 = 0.0000e+00, 0.0000e+00      
# interval = seconds: 0.25
# start_time = Aug 15 2012 11:37:32 [Instrument's time stamp, header]
# bad_flag = -9.990e-29
*END*
[from data line 181]
        182 228.484922    0.01257     0.7542     45.250      0.694  31057.201    19.0735    13.8296      0.688    6.43297    13.8260    13.9479   11.78456 1.4545e+02 0.0000e+00
        183 228.484925    0.01264     0.7583     45.500      0.694  31060.046    19.0754    13.8279      0.687    6.43312    13.8239    13.9496   11.78480 1.4547e+02 0.0000e+00
        184 228.484928    0.01271     0.7625     45.750      0.692  31063.065    19.0773    13.8260      0.685    6.43330    13.8218    13.9514   11.78508 1.4538e+02 0.0000e+00
        185 228.484931    0.01278     0.7667     46.000      0.690  31065.471    19.0788    13.8239      0.684    6.43352    13.8199    13.9530   11.78544 1.4531e+02 0.0000e+00
        186 228.484933    0.01285     0.7708     46.250      0.689  31066.608    19.0795    13.8218      0.683    6.43378    13.8184    13.9538   11.78585 1.4521e+02 0.0000e+00
        187 228.484936    0.01292     0.7750     46.500      0.690  31066.301    19.0792    13.8200      0.683    6.43404    13.8171    13.9539   11.78630 1.4493e+02 0.0000e+00
        188 228.484939    0.01299     0.7792     46.750      0.691  31065.239    19.0784    13.8184      0.684    6.43428    13.8162    13.9536   11.78671 1.4473e+02 0.0000e+00
        189 228.484942    0.01306     0.7833     47.000      0.693  31064.739    19.0781    13.8172      0.686    6.43447    13.8157    13.9535   11.78702 1.4466e+02 0.0000e+00
        190 228.484945    0.01313     0.7875     47.250      0.695  31066.047    19.0789    13.8163      0.688    6.43456    13.8158    13.9543   11.78717 1.4469e+02 0.0000e+00
        191 228.484948    0.01319     0.7917     47.500      0.695  31069.170    19.0810    13.8158      0.688    6.43454    13.8164    13.9560   11.78711 1.4500e+02 0.0000e+00
        192 228.484951    0.01326     0.7958     47.750      0.695  31072.917    19.0835    13.8159      0.688    6.43443    13.8170    13.9579   11.78689 1.4534e+02 0.0000e+00
        193 228.484954    0.01333     0.8000     48.000      0.694  31076.352    19.0859    13.8165      0.688    6.43426    13.8175    13.9596   11.78658 1.4562e+02 0.0000e+00
        194 228.484957    0.01340     0.8042     48.250      0.694  31079.136    19.0878    13.8171      0.687    6.43409    13.8177    13.9610   11.78628 1.4594e+02 0.0000e+00
        195 228.484959    0.01347     0.8083     48.500      0.693  31081.023    19.0891    13.8176      0.687    6.43398    13.8176    13.9619   11.78607 1.4602e+02 0.0000e+00
        196 228.484962    0.01354     0.8125     48.750      0.693  31082.040    19.0897    13.8178      0.687    6.43393    13.8174    13.9624   11.78598 1.4584e+02 0.0000e+00
        197 228.484965    0.01361     0.8167     49.000      0.694  31082.626    19.0901    13.8177      0.687    6.43392    13.8172    13.9627   11.78596 1.4567e+02 0.0000e+00
        198 228.484968    0.01368     0.8208     49.250      0.694  31083.256    19.0905    13.8175      0.688    6.43393    13.8169    13.9631   11.78597 1.4561e+02 0.0000e+00
        199 228.484971    0.01375     0.8250     49.500      0.695  31084.017    19.0910    13.8173      0.688    6.43394    13.8166    13.9635   11.78599 1.4570e+02 0.0000e+00
        200 228.484974    0.01382     0.8292     49.750      0.695  31084.647    19.0915    13.8170      0.688    6.43396    13.8162    13.9639   11.78601 1.4587e+02 0.0000e+00
        201 228.484977    0.01389     0.8333     50.000      0.694  31084.967    19.0917    13.8167      0.688    6.43400    13.8156    13.9641   11.78607 1.4595e+02 0.0000e+00
        202 228.484980    0.01396     0.8375     50.250      0.693  31085.068    19.0917    13.8163      0.687    6.43405    13.8150    13.9642   11.78616 1.4594e+02 0.0000e+00
        203 228.484983    0.01403     0.8417     50.500      0.692  31085.225    19.0918    13.8157      0.686    6.43412    13.8142    13.9643   11.78628 1.4589e+02 0.0000e+00
        204 228.484986    0.01410     0.8458     50.750      0.692  31085.831    19.0922    13.8151      0.686    6.43420    13.8134    13.9647   11.78640 1.4580e+02 0.0000e+00
        205 228.484988    0.01417     0.8500     51.000      0.693  31087.217    19.0931    13.8143      0.687    6.43426    13.8127    13.9656   11.78650 1.4560e+02 0.0000e+00
        206 228.484991    0.01424     0.8542     51.250      0.693  31089.452    19.0946    13.8135      0.687    6.43431    13.8123    13.9668   11.78656 1.4536e+02 0.0000e+00
        207 228.484994    0.01431     0.8583     51.500      0.694  31092.408    19.0965    13.8128      0.688    6.43432    13.8122    13.9685   11.78656 1.4524e+02 0.0000e+00
        208 228.484997    0.01438     0.8625     51.750      0.694  31096.046    19.0989    13.8124      0.688    6.43429    13.8126    13.9704   11.78647 1.4536e+02 0.0000e+00
        209 228.485000    0.01444     0.8667     52.000      0.694  31100.420    19.1019    13.8123      0.688    6.43418    13.8134    13.9727   11.78626 1.4551e+02 0.0000e+00
        210 228.485003    0.01451     0.8708     52.250      0.693  31105.258    19.1051    13.8127      0.687    6.43400    13.8145    13.9751   11.78591 1.4552e+02 0.0000e+00
        211 228.485006    0.01458     0.8750     52.500      0.693  31109.969    19.1083    13.8135      0.687    6.43376    13.8155    13.9774   11.78547 1.4554e+02 0.0000e+00
        212 228.485009    0.01465     0.8792     52.750      0.694  31114.121    19.1112    13.8146      0.687    6.43350    13.8166    13.9794   11.78500 1.4570e+02 0.0000e+00
        213 228.485012    0.01472     0.8833     53.000      0.695  31117.738    19.1137    13.8156      0.688    6.43326    13.8177    13.9812   11.78457 1.4580e+02 0.0000e+00
        214 228.485014    0.01479     0.8875     53.250      0.696  31121.353    19.1161    13.8167      0.689    6.43302    13.8192    13.9829   11.78414 1.4573e+02 0.0000e+00
        215 228.485017    0.01486     0.8917     53.500      0.697  31125.432    19.1189    13.8178      0.690    6.43276    13.8212    13.9849   11.78366 1.4566e+02 0.0000e+00
        216 228.485020    0.01493     0.8958     53.750      0.697  31129.895    19.1220    13.8193      0.690    6.43243    13.8236    13.9870   11.78308 1.4569e+02 0.0000e+00
        217 228.485023    0.01500     0.9000     54.000      0.696  31134.589    19.1252    13.8213      0.689    6.43204    13.8262    13.9891   11.78238 1.4585e+02 0.0000e+00
        218 228.485026    0.01507     0.9042     54.250      0.694  31139.165    19.1284    13.8237      0.688    6.43158    13.8288    13.9911   11.78158 1.4607e+02 0.0000e+00
        219 228.485029    0.01514     0.9083     54.500      0.693  31142.569    19.1308    13.8263      0.686    6.43113    13.8313    13.9925   11.78080 1.4626e+02 0.0000e+00
        220 228.485032    0.01521     0.9125     54.750      0.692  31143.583    19.1316    13.8289      0.685    6.43074    13.8332    13.9927   11.78014 1.4625e+02 0.0000e+00
        221 228.485035    0.01528     0.9167     55.000      0.692  31141.948    19.1306    13.8314      0.685    6.43045    13.8342    13.9915   11.77966 1.4593e+02 0.0000e+00
        222 228.485038    0.01535     0.9208     55.250      0.693  31138.778    19.1286    13.8333      0.686    6.43028    13.8343    13.9895   11.77939 1.4553e+02 0.0000e+00
        223 228.485041    0.01542     0.9250     55.500      0.694  31136.016    19.1268    13.8343      0.688    6.43021    13.8340    13.9880   11.77931 1.4515e+02 0.0000e+00
        224 228.485043    0.01549     0.9292     55.750      0.696  31135.562    19.1265    13.8344      0.689    6.43020    13.8338    13.9877   11.77930 1.4477e+02 0.0000e+00
        225 228.485046    0.01556     0.9333     56.000      0.697  31138.280    19.1283    13.8341      0.690    6.43017    13.8338    13.9892   11.77922 1.4458e+02 0.0000e+00
        226 228.485049    0.01563     0.9375     56.250      0.696  31143.144    19.1316    13.8339      0.690    6.43008    13.8340    13.9917   11.77903 1.4467e+02 0.0000e+00
        227 228.485052    0.01569     0.9417     56.500      0.695  31148.019    19.1348    13.8338      0.689    6.42995    13.8342    13.9943   11.77877 1.4480e+02 0.0000e+00
        228 228.485055    0.01576     0.9458     56.750      0.693  31151.767    19.1374    13.8340      0.687    6.42982    13.8344    13.9962   11.77853 1.4480e+02 0.0000e+00
        229 228.485058    0.01583     0.9500     57.000      0.692  31154.518    19.1392    13.8343      0.686    6.42972    13.8344    13.9976   11.77832 1.4480e+02 0.0000e+00
        230 228.485061    0.01590     0.9542     57.250      0.690  31156.596    19.1406    13.8344      0.684    6.42964    13.8344    13.9986   11.77818 1.4480e+02 0.0000e+00
        231 228.485064    0.01597     0.9583     57.500      0.689  31158.140    19.1417    13.8345      0.682    6.42959    13.8343    13.9994   11.77809 1.4473e+02 0.0000e+00
        232 228.485067    0.01604     0.9625     57.750      0.688  31159.086    19.1423    13.8345      0.682    6.42957    13.8343    13.9998   11.77804 1.4466e+02 0.0000e+00
        233 228.485069    0.01611     0.9667     58.000      0.689  31159.297    19.1424    13.8344      0.682    6.42957    13.8342    14.0000   11.77804 1.4457e+02 0.0000e+00
        234 228.485072    0.01618     0.9708     58.250      0.690  31158.844    19.1421    13.8344      0.683    6.42959    13.8342    13.9998   11.77808 1.4444e+02 0.0000e+00
        235 228.485075    0.01625     0.9750     58.500      0.691  31158.388    19.1418    13.8343      0.684    6.42961    13.8342    13.9995   11.77811 1.4427e+02 0.0000e+00
        236 228.485078    0.01632     0.9792     58.750      0.692  31159.062    19.1423    13.8343      0.686    6.42960    13.8344    13.9999   11.77808 1.4400e+02 0.0000e+00
        237 228.485081    0.01639     0.9833     59.000      0.693  31161.343    19.1438    13.8343      0.687    6.42954    13.8348    14.0011   11.77796 1.4383e+02 0.0000e+00
        238 228.485084    0.01646     0.9875     59.250      0.693  31164.463    19.1459    13.8345      0.687    6.42943    13.8353    14.0026   11.77776 1.4384e+02 0.0000e+00
        239 228.485087    0.01653     0.9917     59.500      0.692  31167.695    19.1481    13.8349      0.686    6.42929    13.8359    14.0043   11.77750 1.4383e+02 0.0000e+00
        240 228.485090    0.01660     0.9958     59.750      0.691  31171.105    19.1505    13.8354      0.685    6.42912    13.8365    14.0060   11.77719 1.4376e+02 0.0000e+00
        241 228.485093    0.01667     1.0000     60.000      0.691  31174.507    19.1528    13.8360      0.684    6.42895    13.8372    14.0076   11.77687 1.4384e+02 0.0000e+00
        242 228.485095    0.01674     1.0042     60.250      0.691  31177.572    19.1549    13.8366      0.685    6.42879    13.8382    14.0091   11.77658 1.4400e+02 0.0000e+00
        243 228.485098    0.01681     1.0083     60.500      0.692  31181.436    19.1575    13.8372      0.686    6.42859    13.8402    14.0110   11.77622 1.4404e+02 0.0000e+00
        244 228.485101    0.01688     1.0125     60.750      0.694  31189.618    19.1631    13.8383      0.688    6.42823    13.8440    14.0151   11.77554 1.4407e+02 0.0000e+00
        245 228.485104    0.01694     1.0167     61.000      0.696  31207.371    19.1752    13.8403      0.690    6.42748    13.8510    14.0240   11.77415 1.4418e+02 0.0000e+00
        246 228.485107    0.01701     1.0208     61.250      0.698  31240.084    19.1974    13.8441      0.691    6.42610    13.8632    14.0404   11.77155 1.4429e+02 0.0000e+00
        247 228.485110    0.01708     1.0250     61.500      0.698  31293.030    19.2334    13.8511      0.691    6.42373    13.8837    14.0669   11.76716 1.4437e+02 0.0000e+00
        248 228.485113    0.01715     1.0292     61.750      0.697  31375.321    19.2895    13.8633      0.690    6.41987    13.9176    14.1078   11.76001 1.4446e+02 0.0000e+00
        249 228.485116    0.01722     1.0333     62.000      0.695  31506.084    19.3786    13.8838      0.689    6.41358    13.9704    14.1726   11.74840 1.4448e+02 0.0000e+00
        250 228.485119    0.01729     1.0375     62.250      0.693  31705.476    19.5147    13.9177      0.687    6.40364    14.0385    14.2710   11.73011 1.4438e+02 0.0000e+00
        251 228.485122    0.01736     1.0417     62.500      0.692  31929.868    19.6685    13.9705      0.685    6.39048    14.1069    14.3797   11.70622 1.4425e+02 0.0000e+00
        252 228.485124    0.01743     1.0458     62.750      0.691  32092.966    19.7816    14.0386      0.684    6.37689    14.1629    14.4543   11.68211 1.4413e+02 0.0000e+00
        253 228.485127    0.01750     1.0500     63.000      0.691  32182.288    19.8449    14.1070      0.684    6.36525    14.2034    14.4905   11.66185 1.4403e+02 0.0000e+00
        254 228.485130    0.01757     1.0542     63.250      0.692  32232.918    19.8816    14.1630      0.685    6.35633    14.2306    14.5085   11.64648 1.4392e+02 0.0000e+00
        255 228.485133    0.01764     1.0583     63.500      0.694  32263.381    19.9039    14.2035      0.687    6.35006    14.2482    14.5183   11.63570 1.4382e+02 0.0000e+00
        256 228.485136    0.01771     1.0625     63.750      0.697  32282.549    19.9180    14.2307      0.690    6.34587    14.2592    14.5242   11.62852 1.4369e+02 0.0000e+00
        257 228.485139    0.01778     1.0667     64.000      0.699  32293.413    19.9261    14.2483      0.692    6.34321    14.2659    14.5272   11.62397 1.4351e+02 0.0000e+00
        258 228.485142    0.01785     1.0708     64.250      0.700  32295.603    19.9281    14.2593      0.693    6.34167    14.2699    14.5267   11.62137 1.4351e+02 0.0000e+00
        259 228.485145    0.01792     1.0750     64.500      0.699  32289.676    19.9244    14.2660      0.693    6.34092    14.2722    14.5226   11.62017 1.4370e+02 0.0000e+00
        260 228.485148    0.01799     1.0792     64.750      0.697  32280.983    19.9186    14.2700      0.691    6.34061    14.2735    14.5174   11.61972 1.4394e+02 0.0000e+00
        261 228.485150    0.01806     1.0833     65.000      0.695  32277.776    19.9166    14.2723      0.689    6.34038    14.2740    14.5154   11.61935 1.4405e+02 0.0000e+00
        262 228.485153    0.01812     1.0875     65.250      0.693  32286.333    19.9224    14.2736      0.687    6.33998    14.2739    14.5197   11.61861 1.4402e+02 0.0000e+00
        263 228.485156    0.01819     1.0917     65.500      0.692  32308.175    19.9372    14.2741      0.686    6.33933    14.2732    14.5310   11.61735 1.4401e+02 0.0000e+00
        264 228.485159    0.01826     1.0958     65.750      0.693  32336.361    19.9563    14.2740      0.686    6.33861    14.2724    14.5457   11.61591 1.4396e+02 0.0000e+00
        265 228.485162    0.01833     1.1000     66.000      0.694  32359.443    19.9719    14.2733      0.687    6.33808    14.2716    14.5578   11.61484 1.4387e+02 0.0000e+00
        266 228.485165    0.01840     1.1042     66.250      0.695  32373.490    19.9814    14.2725      0.689    6.33783    14.2711    14.5652   11.61430 1.4377e+02 0.0000e+00
        267 228.485168    0.01847     1.1083     66.500      0.697  32381.323    19.9867    14.2717      0.690    6.33772    14.2707    14.5694   11.61405 1.4367e+02 0.0000e+00
        268 228.485171    0.01854     1.1125     66.750      0.698  32385.955    19.9898    14.2712      0.691    6.33767    14.2703    14.5719   11.61393 1.4362e+02 0.0000e+00
        269 228.485174    0.01861     1.1167     67.000      0.699  32389.331    19.9920    14.2708      0.692    6.33764    14.2698    14.5737   11.61385 1.4362e+02 0.0000e+00
        270 228.485177    0.01868     1.1208     67.250      0.699  32392.133    19.9939    14.2704      0.692    6.33761    14.2693    14.5752   11.61379 1.4377e+02 0.0000e+00
        271 228.485179    0.01875     1.1250     67.500      0.699  32395.925    19.9964    14.2699      0.692    6.33757    14.2688    14.5772   11.61370 1.4394e+02 0.0000e+00
