CTD-processing/allCTD/CNV--turbid/2012_06-05a_t9_s02a_cast033.cnv
* Sea-Bird SBE19plus Data File:
* FileName = C:\Documents and Settings\kris.holderied.local\My Documents\2012-KBRR-CTD-Kachemak-Bay\2012-KBRR-CTD-cast033.hex
* Software Version 1.54
* Temperature SN =  4141
* Conductivity SN =  4141
* System UpLoad Time = Jul 24 2012 21:56:03
** Kachemak Bay - Homer Spit Line CTD Survey
** Date:  2012-xx-xx   xxxx Tide (x of 2 lines)
** Station: 9-02
** Start time (AKDT-24 hr): 16:03
** Depth (m):  75
** Comments:  CTD time set wrong by 1 hour
# nquan = 16
# nvalues = 600                         
# units = specified
# name 0 = scan: Scan Count
# name 1 = timeJ: Julian Days
# name 2 = timeH: Time, Elapsed [hours]
# name 3 = timeM: Time, Elapsed [minutes]
# name 4 = timeS: Time, Elapsed [seconds]
# name 5 = prdM: Pressure, Strain Gauge [db]
# name 6 = specc: Specific Conductance [uS/cm]
# name 7 = sal00: Salinity, Practical [PSU]
# name 8 = tv290C: Temperature [ITS-90, deg C]
# name 9 = depSM: Depth [salt water, m], lat = 59.00
# name 10 = oxsolML/L: Oxygen Saturation, Garcia & Gordon [ml/l]
# name 11 = potemp090C: Potential Temperature [ITS-90, deg C]
# name 12 = sigma-é00: Density [sigma-theta, kg/m^3]
# name 13 = n2satML/L: Nitrogen Saturation [ml/l]
# name 14 = par: PAR/Irradiance, Biospherical/Licor
# name 15 = flag:  0.000e+00
# span 0 =          1,        600       
# span 1 = 157.710301, 157.712034       
# span 2 =    0.00000,    0.04160       
# span 3 =     0.0000,     2.4958       
# span 4 =      0.000,    149.750       
# span 5 =     -0.047,     79.068       
# span 6 =    497.881,  51186.409       
# span 7 =     0.2355,    31.7193       
# span 8 =     4.6431,     8.3112       
# span 9 =     -0.047,     78.314       
# span 10 =    6.92774,    8.21539      
# span 11 =     4.6380,     8.3113      
# span 12 =     0.0180,    25.1135      
# span 13 =   12.46330,   15.03833      
# span 14 = 4.2460e-02, 2.1499e+03      
# span 15 = 0.0000e+00, 0.0000e+00      
# interval = seconds: 0.25
# start_time = Jun 05 2012 17:02:50 [Instrument's time stamp, header]
# bad_flag = -9.990e-29
*END*
          1 157.710301    0.00000     0.0000      0.000     -0.047    549.898     0.2605     8.2878     -0.047    8.21539     8.2885     0.0394   15.03833 6.3633e+02 0.0000e+00
          2 157.710304    0.00007     0.0042      0.250     -0.047    547.938     0.2595     8.2881     -0.047    8.21538     8.2890     0.0386   15.03833 9.1500e+02 0.0000e+00
          3 157.710307    0.00014     0.0083      0.500     -0.046    545.715     0.2585     8.2885     -0.046    8.21536     8.2895     0.0377   15.03831 1.2646e+03 0.0000e+00
          4 157.710310    0.00021     0.0125      0.750     -0.046    543.986     0.2576     8.2890     -0.046    8.21531     8.2900     0.0370   15.03824 1.5459e+03 0.0000e+00
          5 157.710312    0.00028     0.0167      1.000     -0.047    543.330     0.2573     8.2895     -0.047    8.21522     8.2905     0.0367   15.03810 1.7097e+03 0.0000e+00
          6 157.710315    0.00035     0.0208      1.250     -0.047    543.672     0.2575     8.2900     -0.047    8.21511     8.2909     0.0368   15.03791 1.7905e+03 0.0000e+00
          7 157.710318    0.00042     0.0250      1.500     -0.047    544.333     0.2578     8.2905     -0.047    8.21499     8.2913     0.0371   15.03771 1.8086e+03 0.0000e+00
          8 157.710321    0.00049     0.0292      1.750     -0.047    544.538     0.2579     8.2909     -0.047    8.21490     8.2917     0.0371   15.03755 1.7707e+03 0.0000e+00
          9 157.710324    0.00056     0.0333      2.000     -0.047    543.867     0.2576     8.2913     -0.047    8.21484     8.2920     0.0369   15.03745 1.6669e+03 0.0000e+00
         10 157.710327    0.00063     0.0375      2.250     -0.046    542.398     0.2568     8.2917     -0.046    8.21481     8.2923     0.0363   15.03740 1.4836e+03 0.0000e+00
         11 157.710330    0.00069     0.0417      2.500     -0.046    540.665     0.2560     8.2920     -0.046    8.21479     8.2925     0.0356   15.03739 1.2614e+03 0.0000e+00
         12 157.710333    0.00076     0.0458      2.750     -0.046    539.453     0.2554     8.2923     -0.046    8.21477     8.2927     0.0351   15.03737 1.1033e+03 0.0000e+00
         13 157.710336    0.00083     0.0500      3.000     -0.046    539.390     0.2554     8.2925     -0.046    8.21473     8.2929     0.0350   15.03730 1.0915e+03 0.0000e+00
         14 157.710339    0.00090     0.0542      3.250     -0.047    540.461     0.2559     8.2927     -0.047    8.21466     8.2931     0.0354   15.03717 1.2522e+03 0.0000e+00
         15 157.710341    0.00097     0.0583      3.500     -0.047    541.867     0.2566     8.2929     -0.047    8.21458     8.2933     0.0359   15.03702 1.5108e+03 0.0000e+00
         16 157.710344    0.00104     0.0625      3.750     -0.047    542.572     0.2569     8.2931     -0.047    8.21452     8.2935     0.0362   15.03692 1.7307e+03 0.0000e+00
         17 157.710347    0.00111     0.0667      4.000     -0.047    542.018     0.2567     8.2933     -0.047    8.21450     8.2936     0.0360   15.03689 1.8667e+03 0.0000e+00
         18 157.710350    0.00118     0.0708      4.250     -0.047    540.354     0.2558     8.2935     -0.047    8.21451     8.2938     0.0353   15.03692 1.9517e+03 0.0000e+00
         19 157.710353    0.00125     0.0750      4.500     -0.046    538.252     0.2548     8.2936     -0.046    8.21453     8.2939     0.0345   15.03697 2.0124e+03 0.0000e+00
         20 157.710356    0.00132     0.0792      4.750     -0.046    536.571     0.2540     8.2938     -0.046    8.21455     8.2941     0.0338   15.03701 2.0617e+03 0.0000e+00
         21 157.710359    0.00139     0.0833      5.000     -0.046    535.987     0.2537     8.2939     -0.046    8.21453     8.2943     0.0336   15.03699 2.1033e+03 0.0000e+00
         22 157.710362    0.00146     0.0875      5.250     -0.047    536.661     0.2541     8.2941     -0.047    8.21448     8.2944     0.0339   15.03690 2.1330e+03 0.0000e+00
         23 157.710365    0.00153     0.0917      5.500     -0.047    538.083     0.2548     8.2942     -0.047    8.21441     8.2946     0.0344   15.03677 2.1458e+03 0.0000e+00
         24 157.710367    0.00160     0.0958      5.750     -0.047    539.334     0.2554     8.2944     -0.047    8.21435     8.2947     0.0349   15.03665 2.1422e+03 0.0000e+00
         25 157.710370    0.00167     0.1000      6.000     -0.047    539.668     0.2555     8.2945     -0.047    8.21431     8.2949     0.0350   15.03659 2.1269e+03 0.0000e+00
         26 157.710373    0.00174     0.1042      6.250     -0.046    538.930     0.2552     8.2947     -0.046    8.21430     8.2950     0.0347   15.03657 2.1074e+03 0.0000e+00
         27 157.710376    0.00181     0.1083      6.500     -0.046    537.510     0.2545     8.2948     -0.046    8.21430     8.2951     0.0341   15.03659 2.0939e+03 0.0000e+00
         28 157.710379    0.00187     0.1125      6.750     -0.046    536.008     0.2537     8.2950     -0.046    8.21431     8.2953     0.0335   15.03662 2.0925e+03 0.0000e+00
         29 157.710382    0.00194     0.1167      7.000     -0.046    534.962     0.2532     8.2951     -0.046    8.21431     8.2954     0.0331   15.03663 2.1015e+03 0.0000e+00
         30 157.710385    0.00201     0.1208      7.250     -0.046    534.667     0.2531     8.2953     -0.046    8.21429     8.2956     0.0330   15.03660 2.1175e+03 0.0000e+00
         31 157.710388    0.00208     0.1250      7.500     -0.045    535.091     0.2533     8.2954     -0.045    8.21426     8.2957     0.0332   15.03653 2.1352e+03 0.0000e+00
         32 157.710391    0.00215     0.1292      7.750     -0.045    535.890     0.2537     8.2956     -0.045    8.21421     8.2959     0.0335   15.03644 2.1462e+03 0.0000e+00
         33 157.710394    0.00222     0.1333      8.000     -0.045    536.533     0.2540     8.2957     -0.045    8.21416     8.2960     0.0337   15.03636 2.1474e+03 0.0000e+00
         34 157.710396    0.00229     0.1375      8.250     -0.045    536.586     0.2540     8.2959     -0.045    8.21413     8.2962     0.0337   15.03630 2.1426e+03 0.0000e+00
         35 157.710399    0.00236     0.1417      8.500     -0.045    536.010     0.2537     8.2960     -0.045    8.21411     8.2963     0.0335   15.03628 2.1349e+03 0.0000e+00
         36 157.710402    0.00243     0.1458      8.750     -0.046    535.174     0.2533     8.2962     -0.046    8.21410     8.2965     0.0332   15.03627 2.1272e+03 0.0000e+00
         37 157.710405    0.00250     0.1500      9.000     -0.046    534.523     0.2530     8.2963     -0.046    8.21409     8.2967     0.0329   15.03625 2.1220e+03 0.0000e+00
         38 157.710408    0.00257     0.1542      9.250     -0.046    534.240     0.2528     8.2965     -0.046    8.21406     8.2969     0.0328   15.03621 2.1175e+03 0.0000e+00
         39 157.710411    0.00264     0.1583      9.500     -0.046    534.260     0.2529     8.2967     -0.046    8.21402     8.2971     0.0328   15.03614 2.1113e+03 0.0000e+00
         40 157.710414    0.00271     0.1625      9.750     -0.046    534.426     0.2529     8.2969     -0.046    8.21398     8.2973     0.0328   15.03607 2.1002e+03 0.0000e+00
         41 157.710417    0.00278     0.1667     10.000     -0.046    534.555     0.2530     8.2971     -0.046    8.21394     8.2975     0.0328   15.03599 2.0769e+03 0.0000e+00
         42 157.710420    0.00285     0.1708     10.250     -0.046    534.478     0.2530     8.2973     -0.046    8.21390     8.2977     0.0328   15.03592 2.0295e+03 0.0000e+00
         43 157.710422    0.00292     0.1750     10.500     -0.046    534.129     0.2528     8.2975     -0.046    8.21386     8.2979     0.0326   15.03587 1.9417e+03 0.0000e+00
         44 157.710425    0.00299     0.1792     10.750     -0.046    533.657     0.2526     8.2977     -0.046    8.21384     8.2980     0.0325   15.03583 1.7909e+03 0.0000e+00
         45 157.710428    0.00306     0.1833     11.000     -0.046    533.346     0.2524     8.2979     -0.046    8.21381     8.2982     0.0323   15.03579 1.5943e+03 0.0000e+00
         46 157.710431    0.00313     0.1875     11.250     -0.047    533.376     0.2524     8.2980     -0.047    8.21378     8.2983     0.0323   15.03574 1.4729e+03 0.0000e+00
         47 157.710434    0.00319     0.1917     11.500     -0.047    533.680     0.2526     8.2982     -0.047    8.21374     8.2985     0.0324   15.03567 1.5334e+03 0.0000e+00
         48 157.710437    0.00326     0.1958     11.750     -0.047    533.984     0.2527     8.2983     -0.047    8.21370     8.2986     0.0325   15.03561 1.7101e+03 0.0000e+00
         49 157.710440    0.00333     0.2000     12.000     -0.046    533.968     0.2527     8.2984     -0.046    8.21368     8.2987     0.0325   15.03557 1.8721e+03 0.0000e+00
         50 157.710443    0.00340     0.2042     12.250     -0.046    533.464     0.2525     8.2986     -0.046    8.21367     8.2988     0.0323   15.03555 1.9773e+03 0.0000e+00
         51 157.710446    0.00347     0.2083     12.500     -0.046    532.592     0.2520     8.2987     -0.046    8.21367     8.2989     0.0320   15.03556 2.0437e+03 0.0000e+00
         52 157.710448    0.00354     0.2125     12.750     -0.045    531.685     0.2516     8.2988     -0.045    8.21367     8.2990     0.0316   15.03557 2.0884e+03 0.0000e+00
         53 157.710451    0.00361     0.2167     13.000     -0.045    531.077     0.2513     8.2989     -0.045    8.21367     8.2992     0.0313   15.03556 2.1201e+03 0.0000e+00
         54 157.710454    0.00368     0.2208     13.250     -0.045    530.918     0.2512     8.2990     -0.045    8.21365     8.2993     0.0313   15.03553 2.1409e+03 0.0000e+00
         55 157.710457    0.00375     0.2250     13.500     -0.046    531.116     0.2513     8.2991     -0.046    8.21362     8.2994     0.0313   15.03548 2.1499e+03 0.0000e+00
         56 157.710460    0.00382     0.2292     13.750     -0.046    531.358     0.2515     8.2992     -0.046    8.21359     8.2995     0.0314   15.03543 2.1487e+03 0.0000e+00
         57 157.710463    0.00389     0.2333     14.000     -0.045    531.271     0.2514     8.2993     -0.045    8.21357     8.2996     0.0314   15.03540 2.1402e+03 0.0000e+00
         58 157.710466    0.00396     0.2375     14.250     -0.045    530.722     0.2512     8.2994     -0.045    8.21356     8.2997     0.0312   15.03539 2.1275e+03 0.0000e+00
         59 157.710469    0.00403     0.2417     14.500     -0.045    529.939     0.2508     8.2995     -0.045    8.21356     8.2998     0.0309   15.03539 2.1154e+03 0.0000e+00
         60 157.710472    0.00410     0.2458     14.750     -0.045    529.274     0.2504     8.2996     -0.045    8.21356     8.2999     0.0306   15.03539 2.1075e+03 0.0000e+00
         61 157.710475    0.00417     0.2500     15.000     -0.046    528.872     0.2502     8.2997     -0.046    8.21354     8.3000     0.0305   15.03537 2.1022e+03 0.0000e+00
         62 157.710477    0.00424     0.2542     15.250     -0.046    528.585     0.2501     8.2999     -0.046    8.21353     8.3001     0.0303   15.03535 2.0965e+03 0.0000e+00
         63 157.710480    0.00431     0.2583     15.500     -0.046    528.198     0.2499     8.3000     -0.046    8.21351     8.3003     0.0302   15.03533 2.0938e+03 0.0000e+00
         64 157.710483    0.00438     0.2625     15.750     -0.047    527.681     0.2497     8.3001     -0.047    8.21350     8.3005     0.0300   15.03531 2.0934e+03 0.0000e+00
         65 157.710486    0.00444     0.2667     16.000     -0.047    527.200     0.2494     8.3003     -0.047    8.21348     8.3007     0.0298   15.03528 2.0876e+03 0.0000e+00
         66 157.710489    0.00451     0.2708     16.250     -0.046    526.896     0.2493     8.3005     -0.046    8.21345     8.3010     0.0296   15.03523 2.0728e+03 0.0000e+00
         67 157.710492    0.00458     0.2750     16.500     -0.046    526.716     0.2492     8.3007     -0.046    8.21341     8.3014     0.0296   15.03516 2.0474e+03 0.0000e+00
         68 157.710495    0.00465     0.2792     16.750     -0.046    526.449     0.2491     8.3010     -0.046    8.21336     8.3019     0.0295   15.03508 2.0075e+03 0.0000e+00
         69 157.710498    0.00472     0.2833     17.000     -0.046    525.903     0.2488     8.3014     -0.046    8.21330     8.3025     0.0292   15.03498 1.9492e+03 0.0000e+00
         70 157.710501    0.00479     0.2875     17.250     -0.047    525.082     0.2484     8.3019     -0.047    8.21322     8.3033     0.0289   15.03486 1.8656e+03 0.0000e+00
         71 157.710503    0.00486     0.2917     17.500     -0.047    524.200     0.2480     8.3025     -0.047    8.21312     8.3041     0.0285   15.03470 1.7415e+03 0.0000e+00
         72 157.710506    0.00493     0.2958     17.750     -0.047    523.500     0.2476     8.3033     -0.047    8.21299     8.3049     0.0282   15.03448 1.5558e+03 0.0000e+00
         73 157.710509    0.00500     0.3000     18.000     -0.047    523.043     0.2474     8.3041     -0.047    8.21285     8.3056     0.0279   15.03424 1.3127e+03 0.0000e+00
         74 157.710512    0.00507     0.3042     18.250     -0.046    522.701     0.2472     8.3049     -0.046    8.21270     8.3062     0.0277   15.03399 1.0677e+03 0.0000e+00
         75 157.710515    0.00514     0.3083     18.500     -0.046    522.300     0.2470     8.3056     -0.046    8.21256     8.3067     0.0275   15.03377 8.9428e+02 0.0000e+00
         76 157.710518    0.00521     0.3125     18.750     -0.045    521.787     0.2468     8.3062     -0.045    8.21245     8.3072     0.0273   15.03358 8.2662e+02 0.0000e+00
         77 157.710521    0.00528     0.3167     19.000     -0.045    521.288     0.2466     8.3067     -0.045    8.21235     8.3075     0.0271   15.03343 8.6385e+02 0.0000e+00
         78 157.710524    0.00535     0.3208     19.250     -0.046    520.983     0.2464     8.3072     -0.046    8.21228     8.3078     0.0269   15.03330 9.7091e+02 0.0000e+00
         79 157.710527    0.00542     0.3250     19.500     -0.046    520.938     0.2464     8.3075     -0.046    8.21221     8.3080     0.0269   15.03318 1.0788e+03 0.0000e+00
         80 157.710530    0.00549     0.3292     19.750     -0.046    521.066     0.2464     8.3078     -0.046    8.21216     8.3081     0.0269   15.03309 1.1839e+03 0.0000e+00
         81 157.710532    0.00556     0.3333     20.000     -0.046    521.149     0.2465     8.3080     -0.046    8.21212     8.3081     0.0269   15.03303 1.3129e+03 0.0000e+00
         82 157.710535    0.00562     0.3375     20.250     -0.046    520.920     0.2463     8.3081     -0.046    8.21210     8.3081     0.0268   15.03300 1.4725e+03 0.0000e+00
         83 157.710538    0.00569     0.3417     20.500     -0.047    520.303     0.2460     8.3081     -0.047    8.21211     8.3081     0.0266   15.03302 1.6625e+03 0.0000e+00
         84 157.710541    0.00576     0.3458     20.750     -0.047    519.458     0.2456     8.3081     -0.047    8.21213     8.3081     0.0263   15.03306 1.8278e+03 0.0000e+00
         85 157.710544    0.00583     0.3500     21.000     -0.046    518.654     0.2453     8.3081     -0.046    8.21215     8.3081     0.0260   15.03310 1.9389e+03 0.0000e+00
         86 157.710547    0.00590     0.3542     21.250     -0.046    518.251     0.2451     8.3081     -0.046    8.21216     8.3082     0.0258   15.03312 2.0174e+03 0.0000e+00
         87 157.710550    0.00597     0.3583     21.500     -0.046    518.595     0.2452     8.3081     -0.046    8.21215     8.3082     0.0259   15.03309 2.0719e+03 0.0000e+00
         88 157.710553    0.00604     0.3625     21.750     -0.046    519.536     0.2457     8.3082     -0.046    8.21212     8.3083     0.0263   15.03303 2.0978e+03 0.0000e+00
         89 157.710556    0.00611     0.3667     22.000     -0.047    520.199     0.2460     8.3082     -0.047    8.21209     8.3085     0.0265   15.03298 2.0819e+03 0.0000e+00
         90 157.710558    0.00618     0.3708     22.250     -0.047    519.517     0.2457     8.3083     -0.047    8.21208     8.3087     0.0263   15.03298 2.0123e+03 0.0000e+00
