CTD-processing/allCTD/CNV--turbid/2012-07-02-cookinlet-tran9-cast173-s10.cnv
* Sea-Bird SBE19plus Data File:
* FileName = C:\Documents and Settings\kris.holderied.local\My Documents\CTD-data-upload-2012-07-28\CTD5028-upload-2012-07-28-cast173.hex
* Software Version 1.54
* Temperature SN =  5028
* Conductivity SN =  5028
* System UpLoad Time = Jul 28 2012 12:19:49
** Kachemak Bay - CTD data - upload all 2012-07-28
** Date:  2012-07-02   xxxx Tide (x of 2 lines)
** Station: 9.10
** Start time (AKDT-24 hr):1528
** Depth (ft):210
** Comments: None
# nquan = 16
# nvalues = 504                         
# units = specified
# name 0 = scan: Scan Count
# name 1 = timeJ: Julian Days
# name 2 = timeH: Time, Elapsed [hours]
# name 3 = timeM: Time, Elapsed [minutes]
# name 4 = timeS: Time, Elapsed [seconds]
# name 5 = prdM: Pressure, Strain Gauge [db]
# name 6 = specc: Specific Conductance [uS/cm]
# name 7 = sal00: Salinity, Practical [PSU]
# name 8 = tv290C: Temperature [ITS-90, deg C]
# name 9 = depSM: Depth [salt water, m], lat = 59.00
# name 10 = oxsolML/L: Oxygen Saturation, Garcia & Gordon [ml/l]
# name 11 = potemp090C: Potential Temperature [ITS-90, deg C]
# name 12 = sigma-é00: Density [sigma-theta, kg/m^3]
# name 13 = n2satML/L: Nitrogen Saturation [ml/l]
# name 14 = par: PAR/Irradiance, Biospherical/Licor [umol photons/m^2/sec]
# name 15 = flag:  0.000e+00
# span 0 =          1,        504       
# span 1 = 184.645069, 184.646525       
# span 2 =    0.00000,    0.03493       
# span 3 =     0.0000,     2.0958       
# span 4 =      0.000,    125.750       
# span 5 =     -0.073,     54.558       
# span 6 =   1292.606,  50368.297       
# span 7 =     0.6400,    31.5622       
# span 8 =     6.5418,    11.1262       
# span 9 =     -0.072,     54.040       
# span 10 =    6.41609,    7.91739      
# span 11 =     6.5372,    11.1261      
# span 12 =     0.2293,    24.7657      
# span 13 =   11.64064,   14.52977      
# span 14 = 5.0135e-02, 5.3237e+02      
# span 15 = 0.0000e+00, 0.0000e+00      
# interval = seconds: 0.25
# start_time = Jul 02 2012 15:28:54 [Instrument's time stamp, header]
# bad_flag = -9.990e-29
*END*
          1 184.645069    0.00000     0.0000      0.000     -0.073   1292.606     0.6400     9.7277     -0.072    7.91739     9.7296     0.2293   14.52977 5.3235e+02 0.0000e+00
          2 184.645072    0.00007     0.0042      0.250     -0.073   1332.294     0.6632     9.7285     -0.072    7.91613     9.7311     0.2473   14.52733 5.3227e+02 0.0000e+00
          3 184.645075    0.00014     0.0083      0.500     -0.073   1393.649     0.6993     9.7296     -0.072    7.91421     9.7330     0.2754   14.52360 5.3237e+02 0.0000e+00
          4 184.645078    0.00021     0.0125      0.750     -0.072   1478.797     0.7508     9.7311     -0.071    7.91154     9.7358     0.3153   14.51840 5.3191e+02 0.0000e+00
          5 184.645081    0.00028     0.0167      1.000     -0.072   1598.985     0.8255     9.7330     -0.071    7.90773     9.7400     0.3732   14.51100 5.2889e+02 0.0000e+00
          6 184.645084    0.00035     0.0208      1.250     -0.071   1792.394     0.9463     9.7358     -0.070    7.90164     9.7467     0.4670   14.49916 5.2009e+02 0.0000e+00
          7 184.645087    0.00042     0.0250      1.500     -0.070   2125.657     1.1533     9.7400     -0.069    7.89130     9.7577     0.6276   14.47900 5.0536e+02 0.0000e+00
          8 184.645090    0.00049     0.0292      1.750     -0.067   2675.670     1.4955     9.7467     -0.066    7.87426     9.7759     0.8932   14.44578 4.8987e+02 0.0000e+00
          9 184.645093    0.00056     0.0333      2.000     -0.062   3549.153     2.0436     9.7577     -0.061    7.84703     9.8061     1.3184   14.39271 4.7745e+02 0.0000e+00
         10 184.645095    0.00063     0.0375      2.250     -0.053   4965.596     2.9368     9.7759     -0.052    7.80269     9.8565     2.0110   14.30635 4.6805e+02 0.0000e+00
         11 184.645098    0.00069     0.0417      2.500     -0.039   7319.941     4.4222     9.8061     -0.039    7.72898     9.9407     3.1628   14.16275 4.5991e+02 0.0000e+00
         12 184.645101    0.00076     0.0458      2.750     -0.016  11254.851     6.9035     9.8565     -0.016    7.60583    10.0765     5.0870   13.92284 4.5116e+02 0.0000e+00
         13 184.645104    0.00083     0.0500      3.000      0.022  17783.679    11.0236     9.9407      0.022    7.40133    10.2630     8.2820   13.52448 4.4208e+02 0.0000e+00
         14 184.645107    0.00090     0.0542      3.250      0.076  26283.026    16.4184    10.0765      0.075    7.13095    10.4642    12.4611   12.99909 4.3418e+02 0.0000e+00
         15 184.645110    0.00097     0.0583      3.500      0.132  33736.820    21.1954    10.2630      0.130    6.88369    10.6406    16.1509   12.52164 4.2767e+02 0.0000e+00
         16 184.645113    0.00104     0.0625      3.750      0.174  38522.003    24.2853    10.4642      0.172    6.71293    10.7757    18.5245   12.19515 4.2203e+02 0.0000e+00
         17 184.645116    0.00111     0.0667      4.000      0.196  41315.670    26.0909    10.6406      0.194    6.60464    10.8698    19.9018   11.99015 4.1717e+02 0.0000e+00
         18 184.645119    0.00118     0.0708      4.250      0.201  42946.729    27.1457    10.7757      0.199    6.53675    10.9300    20.7011   11.86264 4.1224e+02 0.0000e+00
         19 184.645122    0.00125     0.0750      4.500      0.200  43901.358    27.7631    10.8698      0.198    6.49483    10.9654    21.1665   11.78436 4.0392e+02 0.0000e+00
         20 184.645124    0.00132     0.0792      4.750      0.212  44467.269    28.1291    10.9300      0.210    6.46933    10.9859    21.4416   11.73688 3.8734e+02 0.0000e+00
         21 184.645127    0.00139     0.0833      5.000      0.253  44812.475    28.3525    10.9654      0.250    6.45398    11.0020    21.6099   11.70825 3.5889e+02 0.0000e+00
         22 184.645130    0.00146     0.0875      5.250      0.323  45030.913    28.4945    10.9860      0.320    6.44455    11.0199    21.7170   11.69061 3.1804e+02 0.0000e+00
         23 184.645133    0.00153     0.0917      5.500      0.407  45169.945    28.5856    11.0020      0.403    6.43812    11.0391    21.7853   11.67868 2.7683e+02 0.0000e+00
         24 184.645136    0.00160     0.0958      5.750      0.484  45247.834    28.6372    11.0200      0.479    6.43324    11.0558    21.8225   11.66986 2.5225e+02 0.0000e+00
         25 184.645139    0.00167     0.1000      6.000      0.542  45279.002    28.6581    11.0392      0.537    6.42955    11.0679    21.8356   11.66343 2.4190e+02 0.0000e+00
         26 184.645142    0.00174     0.1042      6.250      0.579  45282.352    28.6604    11.0559      0.574    6.42703    11.0755    21.8347   11.65918 2.3467e+02 0.0000e+00
         27 184.645145    0.00181     0.1083      6.500      0.600  45275.682    28.6559    11.0680      0.595    6.42547    11.0795    21.8292   11.65661 2.2802e+02 0.0000e+00
         28 184.645148    0.00187     0.1125      6.750      0.614  45273.180    28.6543    11.0756      0.609    6.42444    11.0817    21.8267   11.65492 2.2230e+02 0.0000e+00
         29 184.645150    0.00194     0.1167      7.000      0.633  45278.160    28.6579    11.0796      0.627    6.42372    11.0835    21.8287   11.65366 2.1425e+02 0.0000e+00
         30 184.645153    0.00201     0.1208      7.250      0.662  45283.090    28.6613    11.0818      0.656    6.42327    11.0859    21.8310   11.65287 2.0257e+02 0.0000e+00
         31 184.645156    0.00208     0.1250      7.500      0.704  45284.077    28.6621    11.0836      0.697    6.42298    11.0895    21.8313   11.65238 1.9031e+02 0.0000e+00
         32 184.645159    0.00215     0.1292      7.750      0.755  45288.826    28.6655    11.0860      0.748    6.42250    11.0954    21.8336   11.65154 1.7870e+02 0.0000e+00
         33 184.645162    0.00222     0.1333      8.000      0.815  45302.146    28.6751    11.0896      0.807    6.42160    11.1033    21.8404   11.64993 1.6853e+02 0.0000e+00
         34 184.645165    0.00229     0.1375      8.250      0.876  45315.330    28.6849    11.0955      0.868    6.42039    11.1119    21.8470   11.64780 1.6107e+02 0.0000e+00
         35 184.645168    0.00236     0.1417      8.500      0.925  45319.328    28.6885    11.1034      0.917    6.41913    11.1191    21.8485   11.64568 1.5746e+02 0.0000e+00
         36 184.645171    0.00243     0.1458      8.750      0.954  45316.537    28.6874    11.1120      0.945    6.41800    11.1240    21.8462   11.64380 1.5796e+02 0.0000e+00
         37 184.645174    0.00250     0.1500      9.000      0.959  45313.486    28.6860    11.1192      0.950    6.41705    11.1261    21.8438   11.64224 1.6053e+02 0.0000e+00
         38 184.645177    0.00257     0.1542      9.250      0.945  45312.125    28.6855    11.1241      0.936    6.41639    11.1259    21.8426   11.64115 1.6322e+02 0.0000e+00
         39 184.645179    0.00264     0.1583      9.500      0.919  45312.048    28.6856    11.1262      0.911    6.41609    11.1245    21.8424   11.64065 1.6403e+02 0.0000e+00
         40 184.645182    0.00271     0.1625      9.750      0.895  45313.123    28.6864    11.1260      0.887    6.41609    11.1226    21.8430   11.64064 1.6155e+02 0.0000e+00
         41 184.645185    0.00278     0.1667     10.000      0.884  45313.682    28.6866    11.1246      0.876    6.41628    11.1207    21.8435   11.64096 1.5678e+02 0.0000e+00
         42 184.645188    0.00285     0.1708     10.250      0.892  45310.860    28.6845    11.1227      0.884    6.41662    11.1181    21.8421   11.64155 1.5078e+02 0.0000e+00
         43 184.645191    0.00292     0.1750     10.500      0.915  45302.826    28.6786    11.1208      0.907    6.41713    11.1141    21.8379   11.64246 1.4464e+02 0.0000e+00
         44 184.645194    0.00299     0.1792     10.750      0.946  45289.265    28.6689    11.1182      0.937    6.41788    11.1081    21.8307   11.64383 1.4039e+02 0.0000e+00
         45 184.645197    0.00306     0.1833     11.000      0.974  45274.079    28.6578    11.1142      0.964    6.41888    11.0997    21.8228   11.64562 1.3907e+02 0.0000e+00
         46 184.645200    0.00313     0.1875     11.250      0.990  45265.424    28.6511    11.1082      0.981    6.42000    11.0905    21.8187   11.64756 1.4016e+02 0.0000e+00
         47 184.645203    0.00319     0.1917     11.500      0.992  45268.238    28.6523    11.0998      0.983    6.42111    11.0833    21.8210   11.64938 1.4228e+02 0.0000e+00
         48 184.645205    0.00326     0.1958     11.750      0.980  45281.247    28.6605    11.0906      0.971    6.42205    11.0807    21.8289   11.65085 1.4372e+02 0.0000e+00
         49 184.645208    0.00333     0.2000     12.000      0.960  45300.180    28.6730    11.0834      0.951    6.42254    11.0838    21.8399   11.65152 1.4305e+02 0.0000e+00
         50 184.645211    0.00340     0.2042     12.250      0.941  45320.338    28.6869    11.0808      0.932    6.42233    11.0911    21.8511   11.65100 1.3954e+02 0.0000e+00
         51 184.645214    0.00347     0.2083     12.500      0.934  45336.442    28.6985    11.0839      0.925    6.42144    11.1000    21.8596   11.64938 1.3440e+02 0.0000e+00
         52 184.645217    0.00354     0.2125     12.750      0.945  45343.222    28.7039    11.0912      0.936    6.42020    11.1078    21.8626   11.64725 1.2964e+02 0.0000e+00
         53 184.645220    0.00361     0.2167     13.000      0.972  45338.768    28.7017    11.1001      0.963    6.41906    11.1124    21.8593   11.64538 1.2578e+02 0.0000e+00
         54 184.645223    0.00368     0.2208     13.250      1.009  45324.572    28.6925    11.1079      0.999    6.41835    11.1124    21.8509   11.64431 1.2326e+02 0.0000e+00
         55 184.645226    0.00375     0.2250     13.500      1.043  45303.835    28.6784    11.1126      1.032    6.41828    11.1067    21.8392   11.64437 1.2297e+02 0.0000e+00
         56 184.645229    0.00382     0.2292     13.750      1.062  45284.816    28.6651    11.1125      1.052    6.41883    11.0958    21.8288   11.64544 1.2500e+02 0.0000e+00
         57 184.645231    0.00389     0.2333     14.000      1.061  45278.602    28.6602    11.1068      1.051    6.41982    11.0831    21.8259   11.64714 1.2837e+02 0.0000e+00
         58 184.645234    0.00396     0.2375     14.250      1.040  45288.283    28.6659    11.0959      1.030    6.42110    11.0734    21.8322   11.64920 1.3162e+02 0.0000e+00
         59 184.645237    0.00403     0.2417     14.500      1.007  45308.504    28.6788    11.0832      0.997    6.42234    11.0705    21.8444   11.65111 1.3353e+02 0.0000e+00
         60 184.645240    0.00410     0.2458     14.750      0.974  45332.268    28.6945    11.0735      0.965    6.42303    11.0749    21.8582   11.65208 1.3325e+02 0.0000e+00
         61 184.645243    0.00417     0.2500     15.000      0.957  45352.802    28.7086    11.0706      0.948    6.42287    11.0837    21.8696   11.65163 1.3007e+02 0.0000e+00
         62 184.645246    0.00424     0.2542     15.250      0.964  45363.374    28.7164    11.0750      0.955    6.42194    11.0924    21.8750   11.65000 1.2464e+02 0.0000e+00
         63 184.645249    0.00431     0.2583     15.500      0.992  45359.849    28.7148    11.0838      0.983    6.42078    11.0974    21.8723   11.64810 1.1986e+02 0.0000e+00
         64 184.645252    0.00438     0.2625     15.750      1.031  45344.017    28.7046    11.0925      1.021    6.41999    11.0969    21.8628   11.64691 1.1811e+02 0.0000e+00
         65 184.645255    0.00444     0.2667     16.000      1.066  45324.962    28.6917    11.0975      1.055    6.41982    11.0910    21.8520   11.64677 1.1938e+02 0.0000e+00
         66 184.645258    0.00451     0.2708     16.250      1.084  45314.260    28.6842    11.0970      1.074    6.42019    11.0819    21.8462   11.64749 1.2274e+02 0.0000e+00
         67 184.645260    0.00458     0.2750     16.500      1.082  45315.314    28.6843    11.0911      1.071    6.42101    11.0730    21.8474   11.64885 1.2705e+02 0.0000e+00
         68 184.645263    0.00465     0.2792     16.750      1.062  45323.625    28.6892    11.0821      1.051    6.42206    11.0663    21.8527   11.65053 1.3038e+02 0.0000e+00
         69 184.645266    0.00472     0.2833     17.000      1.032  45334.938    28.6963    11.0732      1.022    6.42301    11.0624    21.8597   11.65202 1.3103e+02 0.0000e+00
         70 184.645269    0.00479     0.2875     17.250      1.004  45346.847    28.7039    11.0664      0.995    6.42364    11.0615    21.8668   11.65297 1.2902e+02 0.0000e+00
         71 184.645272    0.00486     0.2917     17.500      0.986  45357.609    28.7111    11.0625      0.976    6.42389    11.0631    21.8730   11.65330 1.2540e+02 0.0000e+00
         72 184.645275    0.00493     0.2958     17.750      0.982  45365.579    28.7166    11.0616      0.973    6.42378    11.0657    21.8774   11.65306 1.2140e+02 0.0000e+00
         73 184.645278    0.00500     0.3000     18.000      0.995  45369.037    28.7192    11.0632      0.986    6.42347    11.0680    21.8791   11.65251 1.1746e+02 0.0000e+00
         74 184.645281    0.00507     0.3042     18.250      1.023  45366.897    28.7179    11.0658      1.013    6.42315    11.0685    21.8777   11.65200 1.1385e+02 0.0000e+00
         75 184.645284    0.00514     0.3083     18.500      1.059  45358.851    28.7125    11.0681      1.049    6.42306    11.0663    21.8731   11.65191 1.1170e+02 0.0000e+00
         76 184.645286    0.00521     0.3125     18.750      1.090  45347.609    28.7047    11.0686      1.080    6.42330    11.0608    21.8669   11.65240 1.1147e+02 0.0000e+00
         77 184.645289    0.00528     0.3167     19.000      1.106  45339.799    28.6990    11.0664      1.096    6.42384    11.0526    21.8629   11.65336 1.1234e+02 0.0000e+00
         78 184.645292    0.00535     0.3208     19.250      1.103  45339.789    28.6984    11.0609      1.092    6.42463    11.0438    21.8634   11.65468 1.1379e+02 0.0000e+00
         79 184.645295    0.00542     0.3250     19.500      1.081  45346.360    28.7022    11.0527      1.070    6.42561    11.0362    21.8677   11.65626 1.1552e+02 0.0000e+00
         80 184.645298    0.00549     0.3292     19.750      1.048  45356.508    28.7084    11.0439      1.038    6.42657    11.0303    21.8740   11.65778 1.1624e+02 0.0000e+00
         81 184.645301    0.00556     0.3333     20.000      1.014  45367.753    28.7155    11.0363      1.005    6.42735    11.0260    21.8809   11.65899 1.1448e+02 0.0000e+00
         82 184.645304    0.00562     0.3375     20.250      0.988  45378.048    28.7222    11.0304      0.979    6.42790    11.0227    21.8870   11.65982 1.1069e+02 0.0000e+00
         83 184.645307    0.00569     0.3417     20.500      0.977  45386.136    28.7274    11.0261      0.968    6.42829    11.0200    21.8918   11.66040 1.0695e+02 0.0000e+00
         84 184.645310    0.00576     0.3458     20.750      0.983  45390.530    28.7302    11.0228      0.974    6.42862    11.0174    21.8945   11.66093 1.0423e+02 0.0000e+00
         85 184.645312    0.00583     0.3500     21.000      1.002  45389.560    28.7292    11.0201      0.993    6.42903    11.0141    21.8942   11.66162 1.0242e+02 0.0000e+00
         86 184.645315    0.00590     0.3542     21.250      1.028  45384.955    28.7257    11.0175      1.018    6.42955    11.0099    21.8919   11.66252 1.0195e+02 0.0000e+00
         87 184.645318    0.00597     0.3583     21.500      1.050  45381.484    28.7229    11.0142      1.041    6.43012    11.0052    21.8903   11.66350 1.0356e+02 0.0000e+00
         88 184.645321    0.00604     0.3625     21.750      1.064  45381.363    28.7224    11.0100      1.054    6.43072    11.0007    21.8906   11.66450 1.0678e+02 0.0000e+00
         89 184.645324    0.00611     0.3667     22.000      1.065  45383.729    28.7236    11.0053      1.055    6.43133    10.9968    21.8923   11.66550 1.0991e+02 0.0000e+00
         90 184.645327    0.00618     0.3708     22.250      1.055  45387.603    28.7258    11.0008      1.046    6.43186    10.9939    21.8948   11.66636 1.1178e+02 0.0000e+00
