CTD-processing/allCTD/CNV--turbid/2012_05-02_t3_s05_cast022.cnv
* Sea-Bird SBE19plus Data File:
* FileName = C:\Documents and Settings\glenn.seaman\My Documents\KHolderied-files\CTD-DATA-FILES\2012-05-LTM-LowerCookInlet-CTD\Transect3-2012-05-02-AnchPt\2012-05-02-Transect3-AnchorPt022.hex
* Software Version 1.59
* Temperature SN =  5028
* Conductivity SN =  5028
* System UpLoad Time = May 03 2012 00:38:21
** LTM Transect3-AnchorPt
** Date: 2012-05-02
** Station:3-5
** Start time (AKDT-24hr):2302
** Depth (m, not incl. transducer):25
# nquan = 16
# nvalues = 426                         
# units = specified
# name 0 = scan: Scan Count
# name 1 = timeJ: Julian Days
# name 2 = timeH: Time, Elapsed [hours]
# name 3 = timeM: Time, Elapsed [minutes]
# name 4 = timeS: Time, Elapsed [seconds]
# name 5 = prdM: Pressure, Strain Gauge [db]
# name 6 = specc: Specific Conductance [uS/cm]
# name 7 = sal00: Salinity, Practical [PSU]
# name 8 = tv290C: Temperature [ITS-90, deg C]
# name 9 = depSM: Depth [salt water, m], lat = 59.00
# name 10 = oxsolML/L: Oxygen Saturation, Garcia & Gordon [ml/l]
# name 11 = potemp090C: Potential Temperature [ITS-90, deg C]
# name 12 = sigma-é00: Density [sigma-theta, kg/m^3]
# name 13 = n2satML/L: Nitrogen Saturation [ml/l]
# name 14 = par: PAR/Irradiance, Biospherical/Licor [umol photons/m^2/sec]
# name 15 = flag:  0.000e+00
# span 0 =          1,        426       
# span 1 = 123.959109, 123.960339       
# span 2 =    0.00000,    0.02951       
# span 3 =     0.0000,     1.7708       
# span 4 =      0.000,    106.250       
# span 5 =     -0.104,     26.088       
# span 6 =   1041.732,  50305.069       
# span 7 =     0.4959,    30.8143       
# span 8 =     2.2064,     3.4564       
# span 9 =     -0.103,     25.843       
# span 10 =    7.55682,    9.59068      
# span 11 =     2.2064,     3.4549      
# span 12 =     0.3517,    24.5277      
# span 13 =   13.50288,   17.34426      
# span 14 = 3.7490e-02, 2.3630e-01      
# span 15 = 0.0000e+00, 0.0000e+00      
# interval = seconds: 0.25
# start_time = May 02 2012 23:01:07 [Instrument's time stamp, header]
# bad_flag = -9.990e-29
*END*
          1 123.959109    0.00000     0.0000      0.000     -0.103   1731.564     0.8333     2.2091     -0.102    9.56769     2.2088     0.6252   17.29987 1.0303e-01 0.0000e+00
          2 123.959112    0.00007     0.0042      0.250     -0.103   1757.594     0.8465     2.2090     -0.102    9.56687     2.2086     0.6359   17.29827 1.3967e-01 0.0000e+00
          3 123.959115    0.00014     0.0083      0.500     -0.103   1790.442     0.8631     2.2088     -0.102    9.56583     2.2084     0.6494   17.29624 1.9369e-01 0.0000e+00
          4 123.959117    0.00021     0.0125      0.750     -0.103   1800.796     0.8685     2.2086     -0.102    9.56553     2.2082     0.6537   17.29565 2.3630e-01 0.0000e+00
          5 123.959120    0.00028     0.0167      1.000     -0.103   1761.889     0.8490     2.2084     -0.102    9.56686     2.2079     0.6380   17.29822 2.2996e-01 0.0000e+00
          6 123.959123    0.00035     0.0208      1.250     -0.103   1674.480     0.8051     2.2082     -0.102    9.56979     2.2077     0.6025   17.30388 1.9338e-01 0.0000e+00
          7 123.959126    0.00042     0.0250      1.500     -0.104   1557.784     0.7466     2.2079     -0.103    9.57367     2.2075     0.5551   17.31139 1.6910e-01 0.0000e+00
          8 123.959129    0.00049     0.0292      1.750     -0.104   1440.148     0.6879     2.2077     -0.103    9.57758     2.2072     0.5075   17.31895 1.6758e-01 0.0000e+00
          9 123.959132    0.00056     0.0333      2.000     -0.104   1340.197     0.6381     2.2075     -0.103    9.58090     2.2070     0.4672   17.32537 1.8128e-01 0.0000e+00
         10 123.959135    0.00063     0.0375      2.250     -0.104   1259.062     0.5979     2.2072     -0.103    9.58360     2.2068     0.4347   17.33058 1.9474e-01 0.0000e+00
         11 123.959138    0.00069     0.0417      2.500     -0.103   1192.729     0.5653     2.2070     -0.102    9.58581     2.2066     0.4082   17.33484 1.8418e-01 0.0000e+00
         12 123.959141    0.00076     0.0458      2.750     -0.103   1138.236     0.5388     2.2068     -0.102    9.58761     2.2065     0.3867   17.33833 1.5196e-01 0.0000e+00
         13 123.959144    0.00083     0.0500      3.000     -0.103   1094.267     0.5178     2.2066     -0.102    9.58906     2.2064     0.3697   17.34112 1.2567e-01 0.0000e+00
         14 123.959146    0.00090     0.0542      3.250     -0.103   1061.645     0.5030     2.2065     -0.102    9.59012     2.2064     0.3576   17.34317 1.1636e-01 0.0000e+00
         15 123.959149    0.00097     0.0583      3.500     -0.103   1043.088     0.4959     2.2064     -0.102    9.59068     2.2065     0.3517   17.34426 1.2193e-01 0.0000e+00
         16 123.959152    0.00104     0.0625      3.750     -0.102   1041.732     0.4987     2.2064     -0.101    9.59062     2.2070     0.3538   17.34416 1.4346e-01 0.0000e+00
         17 123.959155    0.00111     0.0667      4.000     -0.102   1062.587     0.5148     2.2065     -0.101    9.58973     2.2081     0.3665   17.34247 1.6432e-01 0.0000e+00
         18 123.959158    0.00118     0.0708      4.250     -0.101   1116.648     0.5510     2.2070     -0.100    9.58758     2.2100     0.3952   17.33837 1.6482e-01 0.0000e+00
         19 123.959161    0.00125     0.0750      4.500     -0.100   1224.502     0.6200     2.2081     -0.099    9.58337     2.2134     0.4502   17.33034 1.5977e-01 0.0000e+00
         20 123.959164    0.00132     0.0792      4.750     -0.097   1420.973     0.7433     2.2100     -0.096    9.57576     2.2192     0.5485   17.31585 1.6528e-01 0.0000e+00
         21 123.959167    0.00139     0.0833      5.000     -0.093   1764.366     0.9565     2.2134     -0.092    9.56253     2.2291     0.7187   17.29062 1.7242e-01 0.0000e+00
         22 123.959170    0.00146     0.0875      5.250     -0.086   2352.195     1.3194     2.2192     -0.085    9.53994     2.2457     1.0084   17.24754 1.7424e-01 0.0000e+00
         23 123.959172    0.00153     0.0917      5.500     -0.074   3346.549     1.9313     2.2291     -0.073    9.50177     2.2736     1.4970   17.17476 1.8093e-01 0.0000e+00
         24 123.959175    0.00160     0.0958      5.750     -0.055   5017.115     2.9577     2.2457     -0.054    9.43769     2.3202     2.3167   17.05256 1.7917e-01 0.0000e+00
         25 123.959178    0.00167     0.1000      6.000     -0.022   7813.682     4.6743     2.2736     -0.022    9.33045     2.3981     3.6876   16.84806 1.4823e-01 0.0000e+00
         26 123.959181    0.00174     0.1042      6.250      0.032  12487.218     7.5413     2.3202      0.031    9.15127     2.5228     5.9775   16.50636 1.1142e-01 0.0000e+00
         27 123.959184    0.00181     0.1083      6.500      0.119  20333.897    12.3469     2.3981      0.118    8.85080     2.6919     9.8159   15.93333 8.7208e-02 0.0000e+00
         28 123.959187    0.00187     0.1125      6.750      0.247  30282.707    18.4418     2.5228      0.244    8.46486     2.8726    14.6825   15.19861 7.0247e-02 0.0000e+00
         29 123.959190    0.00194     0.1167      7.000      0.403  38360.174    23.4105     2.6920      0.399    8.13768     3.0287    18.6447   14.57910 5.8004e-02 0.0000e+00
         30 123.959193    0.00201     0.1208      7.250      0.563  43180.514    26.3942     2.8726      0.558    7.92603     3.1441    21.0179   14.18204 4.9845e-02 0.0000e+00
         31 123.959196    0.00208     0.1250      7.500      0.699  45970.692    28.1278     3.0288      0.693    7.79294     3.2193    22.3927   13.93448 4.4904e-02 0.0000e+00
         32 123.959198    0.00215     0.1292      7.750      0.797  47585.419    29.1333     3.1442      0.789    7.71079     3.2647    23.1881   13.78263 4.1941e-02 0.0000e+00
         33 123.959201    0.00222     0.1333      8.000      0.858  48526.616    29.7193     3.2193      0.850    7.66127     3.2923    23.6512   13.69135 4.0164e-02 0.0000e+00
         34 123.959204    0.00229     0.1375      8.250      0.897  49080.651    30.0638     3.2647      0.888    7.63187     3.3108    23.9233   13.63721 3.9100e-02 0.0000e+00
         35 123.959207    0.00236     0.1417      8.500      0.927  49407.671    30.2670     3.2924      0.918    7.61434     3.3246    24.0837   13.60494 3.8465e-02 0.0000e+00
         36 123.959210    0.00243     0.1458      8.750      0.958  49599.821    30.3866     3.3109      0.949    7.60357     3.3354    24.1780   13.58521 3.8091e-02 0.0000e+00
         37 123.959213    0.00250     0.1500      9.000      0.994  49712.739    30.4574     3.3246      0.984    7.59666     3.3439    24.2336   13.57264 3.7876e-02 0.0000e+00
         38 123.959216    0.00257     0.1542      9.250      1.035  49780.133    30.5003     3.3354      1.025    7.59202     3.3508    24.2670   13.56427 3.7764e-02 0.0000e+00
         39 123.959219    0.00264     0.1583      9.500      1.078  49820.887    30.5267     3.3439      1.068    7.58882     3.3569    24.2874   13.55856 3.7726e-02 0.0000e+00
         40 123.959222    0.00271     0.1625      9.750      1.119  49844.632    30.5425     3.3508      1.108    7.58657     3.3627    24.2995   13.55459 3.7750e-02 0.0000e+00
         41 123.959225    0.00278     0.1667     10.000      1.152  49857.742    30.5517     3.3569      1.142    7.58486     3.3684    24.3063   13.55162 3.7844e-02 0.0000e+00
         42 123.959227    0.00285     0.1708     10.250      1.173  49866.381    30.5582     3.3627      1.163    7.58338     3.3742    24.3111   13.54907 3.8033e-02 0.0000e+00
         43 123.959230    0.00292     0.1750     10.500      1.179  49876.206    30.5659     3.3685      1.169    7.58188     3.3802    24.3167   13.54648 3.8322e-02 0.0000e+00
         44 123.959233    0.00299     0.1792     10.750      1.169  49890.298    30.5766     3.3743      1.159    7.58022     3.3859    24.3247   13.54359 3.8608e-02 0.0000e+00
         45 123.959236    0.00306     0.1833     11.000      1.146  49907.211    30.5893     3.3802      1.135    7.57844     3.3913    24.3344   13.54048 3.8750e-02 0.0000e+00
         46 123.959239    0.00313     0.1875     11.250      1.112  49923.096    30.6014     3.3860      1.102    7.57673     3.3961    24.3435   13.53749 3.8746e-02 0.0000e+00
         47 123.959242    0.00319     0.1917     11.500      1.075  49934.622    30.6104     3.3913      1.065    7.57526     3.4004    24.3503   13.53495 3.8675e-02 0.0000e+00
         48 123.959245    0.00326     0.1958     11.750      1.038  49939.879    30.6152     3.3962      1.029    7.57411     3.4041    24.3536   13.53298 3.8562e-02 0.0000e+00
         49 123.959248    0.00333     0.2000     12.000      1.008  49938.522    30.6153     3.4005      0.999    7.57329     3.4070    24.3533   13.53163 3.8382e-02 0.0000e+00
         50 123.959251    0.00340     0.2042     12.250      0.988  49930.810    30.6110     3.4042      0.979    7.57283     3.4089    24.3496   13.53092 3.8147e-02 0.0000e+00
         51 123.959253    0.00347     0.2083     12.500      0.979  49917.364    30.6026     3.4070      0.970    7.57273     3.4097    24.3427   13.53086 3.7924e-02 0.0000e+00
         52 123.959256    0.00354     0.2125     12.750      0.981  49900.221    30.5915     3.4089      0.971    7.57295     3.4098    24.3337   13.53137 3.7759e-02 0.0000e+00
         53 123.959259    0.00361     0.2167     13.000      0.990  49882.924    30.5800     3.4098      0.981    7.57337     3.4097    24.3244   13.53223 3.7654e-02 0.0000e+00
         54 123.959262    0.00368     0.2208     13.250      1.004  49868.789    30.5704     3.4099      0.995    7.57384     3.4101    24.3168   13.53313 3.7592e-02 0.0000e+00
         55 123.959265    0.00375     0.2250     13.500      1.019  49860.323    30.5647     3.4098      1.010    7.57416     3.4111    24.3122   13.53372 3.7558e-02 0.0000e+00
         56 123.959268    0.00382     0.2292     13.750      1.032  49859.965    30.5645     3.4101      1.023    7.57410     3.4126    24.3121   13.53364 3.7541e-02 0.0000e+00
         57 123.959271    0.00389     0.2333     14.000      1.042  49867.099    30.5696     3.4111      1.032    7.57365     3.4143    24.3160   13.53283 3.7539e-02 0.0000e+00
         58 123.959274    0.00396     0.2375     14.250      1.048  49877.495    30.5770     3.4127      1.038    7.57299     3.4158    24.3218   13.53164 3.7550e-02 0.0000e+00
         59 123.959277    0.00403     0.2417     14.500      1.050  49888.289    30.5847     3.4144      1.040    7.57228     3.4170    24.3278   13.53036 3.7576e-02 0.0000e+00
         60 123.959280    0.00410     0.2458     14.750      1.052  49898.468    30.5919     3.4159      1.042    7.57162     3.4181    24.3334   13.52918 3.7626e-02 0.0000e+00
         61 123.959282    0.00417     0.2500     15.000      1.054  49906.926    30.5979     3.4171      1.045    7.57107     3.4190    24.3381   13.52820 3.7711e-02 0.0000e+00
         62 123.959285    0.00424     0.2542     15.250      1.060  49912.625    30.6020     3.4182      1.050    7.57067     3.4199    24.3413   13.52748 3.7856e-02 0.0000e+00
         63 123.959288    0.00431     0.2583     15.500      1.070  49914.759    30.6037     3.4191      1.060    7.57041     3.4209    24.3425   13.52703 3.8099e-02 0.0000e+00
         64 123.959291    0.00438     0.2625     15.750      1.083  49913.057    30.6028     3.4200      1.073    7.57028     3.4219    24.3417   13.52683 3.8504e-02 0.0000e+00
         65 123.959294    0.00444     0.2667     16.000      1.098  49907.902    30.5995     3.4210      1.088    7.57026     3.4226    24.3390   13.52684 3.9161e-02 0.0000e+00
         66 123.959297    0.00451     0.2708     16.250      1.112  49900.154    30.5945     3.4220      1.102    7.57034     3.4231    24.3350   13.52703 4.0031e-02 0.0000e+00
         67 123.959300    0.00458     0.2750     16.500      1.122  49891.362    30.5888     3.4227      1.112    7.57049     3.4233    24.3303   13.52736 4.0890e-02 0.0000e+00
         68 123.959303    0.00465     0.2792     16.750      1.126  49883.832    30.5838     3.4232      1.116    7.57067     3.4233    24.3263   13.52771 4.1551e-02 0.0000e+00
         69 123.959306    0.00472     0.2833     17.000      1.122  49880.659    30.5817     3.4233      1.111    7.57075     3.4234    24.3247   13.52787 4.1912e-02 0.0000e+00
         70 123.959308    0.00479     0.2875     17.250      1.110  49884.916    30.5845     3.4233      1.100    7.57060     3.4238    24.3270   13.52759 4.1933e-02 0.0000e+00
         71 123.959311    0.00486     0.2917     17.500      1.093  49895.698    30.5919     3.4234      1.083    7.57020     3.4243    24.3328   13.52684 4.1681e-02 0.0000e+00
         72 123.959314    0.00493     0.2958     17.750      1.074  49907.530    30.6000     3.4238      1.064    7.56971     3.4247    24.3392   13.52591 4.1229e-02 0.0000e+00
         73 123.959317    0.00500     0.3000     18.000      1.058  49916.035    30.6059     3.4244      1.048    7.56930     3.4249    24.3438   13.52517 4.0655e-02 0.0000e+00
         74 123.959320    0.00507     0.3042     18.250      1.049  49919.699    30.6084     3.4248      1.039    7.56910     3.4250    24.3458   13.52479 4.0081e-02 0.0000e+00
         75 123.959323    0.00514     0.3083     18.500      1.049  49917.677    30.6071     3.4250      1.039    7.56913     3.4249    24.3448   13.52487 3.9575e-02 0.0000e+00
         76 123.959326    0.00521     0.3125     18.750      1.056  49909.287    30.6015     3.4250      1.047    7.56940     3.4244    24.3403   13.52540 3.9146e-02 0.0000e+00
         77 123.959329    0.00528     0.3167     19.000      1.069  49894.375    30.5914     3.4249      1.059    7.56994     3.4235    24.3322   13.52642 3.8812e-02 0.0000e+00
         78 123.959332    0.00535     0.3208     19.250      1.083  49874.830    30.5780     3.4245      1.073    7.57072     3.4223    24.3216   13.52788 3.8566e-02 0.0000e+00
         79 123.959334    0.00542     0.3250     19.500      1.095  49858.055    30.5664     3.4235      1.084    7.57149     3.4215    24.3125   13.52931 3.8378e-02 0.0000e+00
         80 123.959337    0.00549     0.3292     19.750      1.102  49854.199    30.5635     3.4224      1.092    7.57185     3.4213    24.3103   13.52995 3.8288e-02 0.0000e+00
         81 123.959340    0.00556     0.3333     20.000      1.105  49864.137    30.5701     3.4216      1.095    7.57167     3.4217    24.3155   13.52956 3.8334e-02 0.0000e+00
         82 123.959343    0.00562     0.3375     20.250      1.103  49879.579    30.5805     3.4214      1.092    7.57117     3.4221    24.3238   13.52859 3.8494e-02 0.0000e+00
         83 123.959346    0.00569     0.3417     20.500      1.097  49894.342    30.5905     3.4217      1.086    7.57059     3.4224    24.3318   13.52749 3.8742e-02 0.0000e+00
         84 123.959349    0.00576     0.3458     20.750      1.088  49905.532    30.5982     3.4222      1.078    7.57010     3.4222    24.3379   13.52659 3.9017e-02 0.0000e+00
         85 123.959352    0.00583     0.3500     21.000      1.078  49911.738    30.6025     3.4224      1.068    7.56984     3.4217    24.3413   13.52610 3.9264e-02 0.0000e+00
         86 123.959355    0.00590     0.3542     21.250      1.068  49913.217    30.6035     3.4222      1.058    7.56983     3.4210    24.3420   13.52607 3.9484e-02 0.0000e+00
         87 123.959358    0.00597     0.3583     21.500      1.057  49910.885    30.6018     3.4217      1.047    7.57001     3.4204    24.3407   13.52639 3.9660e-02 0.0000e+00
         88 123.959361    0.00604     0.3625     21.750      1.047  49906.050    30.5983     3.4211      1.037    7.57030     3.4200    24.3381   13.52692 3.9769e-02 0.0000e+00
         89 123.959363    0.00611     0.3667     22.000      1.038  49900.377    30.5944     3.4205      1.028    7.57062     3.4197    24.3350   13.52750 3.9794e-02 0.0000e+00
         90 123.959366    0.00618     0.3708     22.250      1.030  49895.521    30.5910     3.4200      1.020    7.57088     3.4194    24.3323   13.52797 3.9686e-02 0.0000e+00
