CTD-processing/allCTD/CNV--turbid/2012_09-21_t9_s03_repeat2_cast161.cnv
* Sea-Bird SBE19plus Data File:
* FileName = C:\Documents and Settings\kris.holderied.local\My Documents\2012-CTD-DATA-new-files\2012-09-21-CTD-HomerSpit-tide-time-series-KBRRctd\2012-09-21-CTD-HomerSpit-tide-repeat2\2012-09-21-HomerSpit-tide-repeat2161.hex
* Software Version 1.54
* Temperature SN =  4141
* Conductivity SN =  4141
* System UpLoad Time = Oct 11 2012 18:33:54
** Kachemak Bay Homer Spit Line - Tidal repeat2
** Date:  2012-09-21
** Station: 9-03
** Start time (AKDT-24 hr): 1159
** Depth (ft): 310
** Comment:Brown turbid water
# nquan = 16
# nvalues = 625                         
# units = specified
# name 0 = scan: Scan Count
# name 1 = timeJ: Julian Days
# name 2 = timeH: Time, Elapsed [hours]
# name 3 = timeM: Time, Elapsed [minutes]
# name 4 = timeS: Time, Elapsed [seconds]
# name 5 = prdM: Pressure, Strain Gauge [db]
# name 6 = specc: Specific Conductance [uS/cm]
# name 7 = sal00: Salinity, Practical [PSU]
# name 8 = tv290C: Temperature [ITS-90, deg C]
# name 9 = depSM: Depth [salt water, m], lat = 59.00
# name 10 = oxsolML/L: Oxygen Saturation, Garcia & Gordon [ml/l]
# name 11 = potemp090C: Potential Temperature [ITS-90, deg C]
# name 12 = sigma-é00: Density [sigma-theta, kg/m^3]
# name 13 = n2satML/L: Nitrogen Saturation [ml/l]
# name 14 = par: PAR/Irradiance, Biospherical/Licor
# name 15 = flag:  0.000e+00
# span 0 =          1,        625       
# span 1 = 265.499664, 265.501470       
# span 2 =    0.00000,    0.04333       
# span 3 =     0.0000,     2.6000       
# span 4 =      0.000,    156.000       
# span 5 =     -0.096,     89.710       
# span 6 =  17842.809,  48744.315       
# span 7 =    10.4388,    30.8558       
# span 8 =     9.3871,     9.7749       
# span 9 =     -0.095,     88.852       
# span 10 =    6.54941,    7.43475      
# span 11 =     9.3777,     9.7749      
# span 12 =     7.8673,    23.8160      
# span 13 =   11.83955,   13.57856      
# span 14 = 6.6614e-02, 1.5546e+03      
# span 15 = 0.0000e+00, 0.0000e+00      
# interval = seconds: 0.25
# start_time = Sep 21 2012 11:59:31 [Instrument's time stamp, header]
# bad_flag = -9.990e-29
*END*
[from data line 452]
        453 265.500972    0.03139     1.8833    113.000     42.158  48142.397    30.4860     9.6446     41.759    6.55113     9.6398    23.4870   11.84300 6.7512e-02 0.0000e+00
        454 265.500975    0.03146     1.8875    113.250     42.471  48142.889    30.4862     9.6445     42.069    6.55114     9.6397    23.4872   11.84303 6.7524e-02 0.0000e+00
        455 265.500978    0.03153     1.8917    113.500     42.774  48143.372    30.4864     9.6444     42.370    6.55115     9.6395    23.4874   11.84305 6.7571e-02 0.0000e+00
        456 265.500981    0.03160     1.8958    113.750     43.062  48143.933    30.4866     9.6442     42.655    6.55116     9.6393    23.4876   11.84306 6.7614e-02 0.0000e+00
        457 265.500984    0.03167     1.9000    114.000     43.336  48144.438    30.4869     9.6441     42.927    6.55117     9.6391    23.4878   11.84307 6.7620e-02 0.0000e+00
        458 265.500987    0.03174     1.9042    114.250     43.603  48144.919    30.4871     9.6439     43.190    6.55119     9.6388    23.4880   11.84309 6.7601e-02 0.0000e+00
        459 265.500990    0.03181     1.9083    114.500     43.869  48145.486    30.4874     9.6437     43.454    6.55121     9.6386    23.4882   11.84312 6.7574e-02 0.0000e+00
        460 265.500992    0.03188     1.9125    114.750     44.139  48146.039    30.4876     9.6435     43.721    6.55123     9.6384    23.4884   11.84315 6.7532e-02 0.0000e+00
        461 265.500995    0.03194     1.9167    115.000     44.412  48146.497    30.4878     9.6433     43.992    6.55125     9.6381    23.4886   11.84319 6.7486e-02 0.0000e+00
        462 265.500998    0.03201     1.9208    115.250     44.683  48146.829    30.4879     9.6431     44.260    6.55127     9.6378    23.4887   11.84323 6.7450e-02 0.0000e+00
        463 265.501001    0.03208     1.9250    115.500     44.948  48147.026    30.4879     9.6429     44.523    6.55130     9.6375    23.4888   11.84328 6.7424e-02 0.0000e+00
        464 265.501004    0.03215     1.9292    115.750     45.207  48147.144    30.4878     9.6426     44.780    6.55134     9.6372    23.4888   11.84335 6.7391e-02 0.0000e+00
        465 265.501007    0.03222     1.9333    116.000     45.467  48147.190    30.4877     9.6423     45.038    6.55139     9.6368    23.4887   11.84343 6.7347e-02 0.0000e+00
        466 265.501010    0.03229     1.9375    116.250     45.734  48147.078    30.4875     9.6420     45.302    6.55145     9.6363    23.4886   11.84353 6.7294e-02 0.0000e+00
        467 265.501013    0.03236     1.9417    116.500     46.013  48146.600    30.4870     9.6416     45.578    6.55152     9.6356    23.4883   11.84366 6.7239e-02 0.0000e+00
        468 265.501016    0.03243     1.9458    116.750     46.302  48145.470    30.4860     9.6411     45.864    6.55163     9.6346    23.4876   11.84385 6.7195e-02 0.0000e+00
        469 265.501019    0.03250     1.9500    117.000     46.596  48143.322    30.4843     9.6404     46.155    6.55180     9.6332    23.4864   11.84415 6.7180e-02 0.0000e+00
        470 265.501021    0.03257     1.9542    117.250     46.884  48140.325    30.4819     9.6395     46.440    6.55204     9.6316    23.4847   11.84458 6.7193e-02 0.0000e+00
        471 265.501024    0.03264     1.9583    117.500     47.156  48137.022    30.4793     9.6382     46.710    6.55234     9.6296    23.4829   11.84510 6.7217e-02 0.0000e+00
        472 265.501027    0.03271     1.9625    117.750     47.410  48133.996    30.4769     9.6365     46.961    6.55268     9.6276    23.4813   11.84570 6.7267e-02 0.0000e+00
        473 265.501030    0.03278     1.9667    118.000     47.651  48132.287    30.4753     9.6346     47.200    6.55302     9.6255    23.4804   11.84628 6.7317e-02 0.0000e+00
        474 265.501033    0.03285     1.9708    118.250     47.893  48131.977    30.4748     9.6326     47.440    6.55334     9.6237    23.4802   11.84681 6.7328e-02 0.0000e+00
        475 265.501036    0.03292     1.9750    118.500     48.146  48132.308    30.4746     9.6306     47.691    6.55363     9.6220    23.4804   11.84729 6.7311e-02 0.0000e+00
        476 265.501039    0.03299     1.9792    118.750     48.416  48133.115    30.4749     9.6288     47.958    6.55389     9.6207    23.4809   11.84772 6.7277e-02 0.0000e+00
        477 265.501042    0.03306     1.9833    119.000     48.700  48134.429    30.4755     9.6272     48.239    6.55410     9.6196    23.4816   11.84806 6.7242e-02 0.0000e+00
        478 265.501045    0.03313     1.9875    119.250     48.989  48136.231    30.4764     9.6258     48.525    6.55425     9.6187    23.4826   11.84829 6.7216e-02 0.0000e+00
        479 265.501047    0.03319     1.9917    119.500     49.276  48138.297    30.4776     9.6248     48.809    6.55435     9.6180    23.4837   11.84845 6.7187e-02 0.0000e+00
        480 265.501050    0.03326     1.9958    119.750     49.557  48140.417    30.4789     9.6239     49.087    6.55443     9.6174    23.4848   11.84856 6.7156e-02 0.0000e+00
        481 265.501053    0.03333     2.0000    120.000     49.830  48142.565    30.4802     9.6232     49.357    6.55447     9.6170    23.4860   11.84862 6.7137e-02 0.0000e+00
        482 265.501056    0.03340     2.0042    120.250     50.098  48144.570    30.4814     9.6227     49.623    6.55449     9.6167    23.4870   11.84864 6.7126e-02 0.0000e+00
        483 265.501059    0.03347     2.0083    120.500     50.366  48146.409    30.4825     9.6223     49.888    6.55450     9.6166    23.4879   11.84864 6.7123e-02 0.0000e+00
        484 265.501062    0.03354     2.0125    120.750     50.631  48148.249    30.4837     9.6221     50.151    6.55448     9.6166    23.4889   11.84860 6.7145e-02 0.0000e+00
        485 265.501065    0.03361     2.0167    121.000     50.892  48150.245    30.4850     9.6220     50.410    6.55444     9.6166    23.4899   11.84851 6.7185e-02 0.0000e+00
        486 265.501068    0.03368     2.0208    121.250     51.147  48152.412    30.4864     9.6220     50.662    6.55438     9.6166    23.4910   11.84840 6.7225e-02 0.0000e+00
        487 265.501071    0.03375     2.0250    121.500     51.398  48154.649    30.4879     9.6220     50.911    6.55432     9.6166    23.4922   11.84827 6.7270e-02 0.0000e+00
        488 265.501073    0.03382     2.0292    121.750     51.651  48157.087    30.4895     9.6221     51.161    6.55425     9.6167    23.4934   11.84814 6.7337e-02 0.0000e+00
        489 265.501076    0.03389     2.0333    122.000     51.913  48159.698    30.4912     9.6221     51.421    6.55417     9.6169    23.4948   11.84799 6.7411e-02 0.0000e+00
        490 265.501079    0.03396     2.0375    122.250     52.188  48162.097    30.4928     9.6222     51.693    6.55409     9.6173    23.4960   11.84783 6.7467e-02 0.0000e+00
        491 265.501082    0.03403     2.0417    122.500     52.474  48164.224    30.4942     9.6225     51.977    6.55399     9.6179    23.4971   11.84765 6.7537e-02 0.0000e+00
        492 265.501085    0.03410     2.0458    122.750     52.765  48166.145    30.4955     9.6229     52.265    6.55388     9.6185    23.4980   11.84745 6.7623e-02 0.0000e+00
        493 265.501088    0.03417     2.0500    123.000     53.053  48167.603    30.4965     9.6235     52.550    6.55375     9.6192    23.4987   11.84722 6.7688e-02 0.0000e+00
        494 265.501091    0.03424     2.0542    123.250     53.333  48168.586    30.4971     9.6242     52.828    6.55362     9.6200    23.4991   11.84700 6.7709e-02 0.0000e+00
        495 265.501094    0.03431     2.0583    123.500     53.608  48169.513    30.4978     9.6250     53.099    6.55348     9.6207    23.4995   11.84677 6.7666e-02 0.0000e+00
        496 265.501097    0.03438     2.0625    123.750     53.881  48170.748    30.4986     9.6257     53.370    6.55334     9.6215    23.5000   11.84652 6.7553e-02 0.0000e+00
        497 265.501100    0.03444     2.0667    124.000     54.157  48172.529    30.4998     9.6264     53.644    6.55318     9.6226    23.5009   11.84624 6.7403e-02 0.0000e+00
        498 265.501102    0.03451     2.0708    124.250     54.441  48175.300    30.5018     9.6273     53.925    6.55297     9.6240    23.5022   11.84587 6.7280e-02 0.0000e+00
        499 265.501105    0.03458     2.0750    124.500     54.733  48179.523    30.5047     9.6284     54.214    6.55269     9.6260    23.5044   11.84537 6.7219e-02 0.0000e+00
        500 265.501108    0.03465     2.0792    124.750     55.033  48185.448    30.5090     9.6299     54.511    6.55230     9.6285    23.5075   11.84467 6.7205e-02 0.0000e+00
        501 265.501111    0.03472     2.0833    125.000     55.339  48192.932    30.5144     9.6319     54.814    6.55179     9.6313    23.5114   11.84375 6.7204e-02 0.0000e+00
        502 265.501114    0.03479     2.0875    125.250     55.646  48200.256    30.5197     9.6344     55.119    6.55119     9.6339    23.5151   11.84271 6.7193e-02 0.0000e+00
        503 265.501117    0.03486     2.0917    125.500     55.953  48205.363    30.5235     9.6372     55.422    6.55062     9.6357    23.5177   11.84172 6.7173e-02 0.0000e+00
        504 265.501120    0.03493     2.0958    125.750     56.257  48208.446    30.5259     9.6398     55.723    6.55014     9.6366    23.5191   11.84090 6.7130e-02 0.0000e+00
        505 265.501123    0.03500     2.1000    126.000     56.556  48210.993    30.5278     9.6417     56.019    6.54979     9.6365    23.5203   11.84029 6.7070e-02 0.0000e+00
        506 265.501126    0.03507     2.1042    126.250     56.848  48214.233    30.5301     9.6427     56.309    6.54956     9.6353    23.5220   11.83988 6.7051e-02 0.0000e+00
        507 265.501128    0.03514     2.1083    126.500     57.135  48219.096    30.5333     9.6426     56.593    6.54943     9.6329    23.5245   11.83963 6.7118e-02 0.0000e+00
        508 265.501131    0.03521     2.1125    126.750     57.416  48225.876    30.5378     9.6414     56.871    6.54941     9.6296    23.5282   11.83955 6.7291e-02 0.0000e+00
        509 265.501134    0.03528     2.1167    127.000     57.696  48234.158    30.5432     9.6391     57.149    6.54953     9.6255    23.5328   11.83966 6.7505e-02 0.0000e+00
        510 265.501137    0.03535     2.1208    127.250     57.982  48243.528    30.5493     9.6358     57.432    6.54975     9.6207    23.5380   11.83996 6.7642e-02 0.0000e+00
        511 265.501140    0.03542     2.1250    127.500     58.279  48253.746    30.5558     9.6317     57.726    6.55007     9.6156    23.5438   11.84040 6.7686e-02 0.0000e+00
        512 265.501143    0.03549     2.1292    127.750     58.590  48264.600    30.5627     9.6270     58.033    6.55046     9.6105    23.5499   11.84097 6.7697e-02 0.0000e+00
        513 265.501146    0.03556     2.1333    128.000     58.911  48275.555    30.5696     9.6218     58.352    6.55091     9.6059    23.5561   11.84163 6.7745e-02 0.0000e+00
        514 265.501149    0.03562     2.1375    128.250     59.240  48285.561    30.5758     9.6168     58.678    6.55138     9.6020    23.5618   11.84233 6.7821e-02 0.0000e+00
        515 265.501152    0.03569     2.1417    128.500     59.570  48293.923    30.5809     9.6122     59.004    6.55182     9.5988    23.5665   11.84300 6.7817e-02 0.0000e+00
        516 265.501155    0.03576     2.1458    128.750     59.894  48300.591    30.5850     9.6084     59.325    6.55220     9.5962    23.5703   11.84359 6.7739e-02 0.0000e+00
        517 265.501157    0.03583     2.1500    129.000     60.208  48305.804    30.5881     9.6052     59.636    6.55253     9.5938    23.5732   11.84409 6.7663e-02 0.0000e+00
        518 265.501160    0.03590     2.1542    129.250     60.510  48310.021    30.5906     9.6026     59.935    6.55281     9.5917    23.5756   11.84452 6.7590e-02 0.0000e+00
        519 265.501163    0.03597     2.1583    129.500     60.802  48313.651    30.5927     9.6003     60.224    6.55305     9.5897    23.5776   11.84491 6.7575e-02 0.0000e+00
        520 265.501166    0.03604     2.1625    129.750     61.087  48316.903    30.5946     9.5981     60.508    6.55328     9.5878    23.5794   11.84526 6.7618e-02 0.0000e+00
        521 265.501169    0.03611     2.1667    130.000     61.370  48319.875    30.5964     9.5962     60.788    6.55349     9.5860    23.5811   11.84559 6.7592e-02 0.0000e+00
        522 265.501172    0.03618     2.1708    130.250     61.652  48322.628    30.5979     9.5944     61.067    6.55368     9.5841    23.5826   11.84590 6.7475e-02 0.0000e+00
        523 265.501175    0.03625     2.1750    130.500     61.934  48325.253    30.5994     9.5926     61.346    6.55388     9.5820    23.5841   11.84621 6.7362e-02 0.0000e+00
        524 265.501178    0.03632     2.1792    130.750     62.220  48327.914    30.6009     9.5907     61.629    6.55409     9.5799    23.5855   11.84654 6.7310e-02 0.0000e+00
        525 265.501181    0.03639     2.1833    131.000     62.510  48330.725    30.6025     9.5887     61.916    6.55432     9.5778    23.5871   11.84689 6.7345e-02 0.0000e+00
        526 265.501183    0.03646     2.1875    131.250     62.808  48333.606    30.6041     9.5866     62.211    6.55456     9.5758    23.5887   11.84726 6.7454e-02 0.0000e+00
        527 265.501186    0.03653     2.1917    131.500     63.115  48336.366    30.6057     9.5845     62.516    6.55479     9.5740    23.5902   11.84763 6.7569e-02 0.0000e+00
        528 265.501189    0.03660     2.1958    131.750     63.432  48338.872    30.6071     9.5825     62.829    6.55501     9.5722    23.5916   11.84799 6.7656e-02 0.0000e+00
        529 265.501192    0.03667     2.2000    132.000     63.756  48341.169    30.6083     9.5807     63.150    6.55522     9.5706    23.5929   11.84832 6.7736e-02 0.0000e+00
        530 265.501195    0.03674     2.2042    132.250     64.081  48343.344    30.6095     9.5790     63.472    6.55542     9.5690    23.5941   11.84863 6.7774e-02 0.0000e+00
        531 265.501198    0.03681     2.2083    132.500     64.400  48345.418    30.6106     9.5774     63.788    6.55561     9.5674    23.5952   11.84893 6.7722e-02 0.0000e+00
        532 265.501201    0.03687     2.2125    132.750     64.710  48347.510    30.6117     9.5758     64.095    6.55579     9.5659    23.5964   11.84921 6.7651e-02 0.0000e+00
        533 265.501204    0.03694     2.2167    133.000     65.010  48349.733    30.6129     9.5742     64.392    6.55596     9.5644    23.5976   11.84948 6.7635e-02 0.0000e+00
        534 265.501207    0.03701     2.2208    133.250     65.302  48351.997    30.6142     9.5727     64.682    6.55612     9.5628    23.5988   11.84973 6.7654e-02 0.0000e+00
        535 265.501209    0.03708     2.2250    133.500     65.592  48354.295    30.6155     9.5713     64.968    6.55628     9.5608    23.6000   11.84998 6.7675e-02 0.0000e+00
        536 265.501212    0.03715     2.2292    133.750     65.882  48356.909    30.6170     9.5697     65.255    6.55644     9.5583    23.6014   11.85023 6.7682e-02 0.0000e+00
        537 265.501215    0.03722     2.2333    134.000     66.174  48360.214    30.6190     9.5678     65.545    6.55664     9.5552    23.6033   11.85054 6.7666e-02 0.0000e+00
        538 265.501218    0.03729     2.2375    134.250     66.469  48364.470    30.6215     9.5653     65.837    6.55689     9.5517    23.6057   11.85093 6.7623e-02 0.0000e+00
        539 265.501221    0.03736     2.2417    134.500     66.767  48369.654    30.6246     9.5622     66.132    6.55721     9.5483    23.6086   11.85141 6.7544e-02 0.0000e+00
        540 265.501224    0.03743     2.2458    134.750     67.069  48375.323    30.6280     9.5588     66.431    6.55756     9.5451    23.6118   11.85196 6.7460e-02 0.0000e+00
        541 265.501227    0.03750     2.2500    135.000     67.379  48380.890    30.6313     9.5554     66.738    6.55792     9.5422    23.6149   11.85250 6.7419e-02 0.0000e+00
        542 265.501230    0.03757     2.2542    135.250     67.697  48386.059    30.6344     9.5522     67.053    6.55824     9.5396    23.6178   11.85301 6.7415e-02 0.0000e+00
