CTD-processing/allCTD/CNV--turbid/2012_07-02_subbays_chinapoota_cast158.cnv
* Sea-Bird SBE19plus Data File:
* FileName = C:\Documents and Settings\kris.holderied.local\My Documents\CTD-data-upload-2012-07-28\CTD5028-upload-2012-07-28-cast158.hex
* Software Version 1.54
* Temperature SN =  5028
* Conductivity SN =  5028
* System UpLoad Time = Jul 28 2012 12:03:39
** Kachemak Bay - CTD data - upload all 2012-07-28
** Date:  2012-07-02  xxxx Tide (x of 2 lines)
** Station: China Poot A
** Start time (AKDT-24 hr):1122
** Depth (ft):89
** Comments: At mouth
# nquan = 16
# nvalues = 438                         
# units = specified
# name 0 = scan: Scan Count
# name 1 = timeJ: Julian Days
# name 2 = timeH: Time, Elapsed [hours]
# name 3 = timeM: Time, Elapsed [minutes]
# name 4 = timeS: Time, Elapsed [seconds]
# name 5 = prdM: Pressure, Strain Gauge [db]
# name 6 = specc: Specific Conductance [uS/cm]
# name 7 = sal00: Salinity, Practical [PSU]
# name 8 = tv290C: Temperature [ITS-90, deg C]
# name 9 = depSM: Depth [salt water, m], lat = 59.00
# name 10 = oxsolML/L: Oxygen Saturation, Garcia & Gordon [ml/l]
# name 11 = potemp090C: Potential Temperature [ITS-90, deg C]
# name 12 = sigma-é00: Density [sigma-theta, kg/m^3]
# name 13 = n2satML/L: Nitrogen Saturation [ml/l]
# name 14 = par: PAR/Irradiance, Biospherical/Licor [umol photons/m^2/sec]
# name 15 = flag:  0.000e+00
# span 0 =          1,        438       
# span 1 = 184.475486, 184.476751       
# span 2 =    0.00000,    0.03035       
# span 3 =     0.0000,     1.8208       
# span 4 =      0.000,    109.250       
# span 5 =     -0.075,     18.833       
# span 6 =   1182.557,  50107.904       
# span 7 =     0.5839,    31.5119       
# span 8 =     7.2204,    12.4315       
# span 9 =     -0.074,     18.656       
# span 10 =    6.29568,    7.65555      
# span 11 =     7.2187,    12.4314      
# span 12 =     0.0460,    24.6424      
# span 13 =   11.45736,   14.08797      
# span 14 = 3.3532e+00, 4.7198e+02      
# span 15 = 0.0000e+00, 0.0000e+00      
# interval = seconds: 0.25
# start_time = Jul 02 2012 11:24:42 [Instrument's time stamp, header]
# bad_flag = -9.990e-29
*END*
[from data line 362]
        363 184.476534    0.02514     1.5083     90.500      0.903  43127.481    27.2734    12.4220      0.895    6.29671    12.4209    20.5216   11.45900 2.6558e+02 0.0000e+00
        364 184.476536    0.02521     1.5125     90.750      0.901  43128.451    27.2740    12.4212      0.893    6.29679    12.4214    20.5222   11.45914 2.6725e+02 0.0000e+00
        365 184.476539    0.02528     1.5167     91.000      0.893  43128.884    27.2743    12.4210      0.884    6.29681    12.4225    20.5225   11.45916 2.7089e+02 0.0000e+00
        366 184.476542    0.02535     1.5208     91.250      0.883  43128.613    27.2742    12.4215      0.874    6.29675    12.4239    20.5223   11.45906 2.7514e+02 0.0000e+00
        367 184.476545    0.02542     1.5250     91.500      0.877  43127.752    27.2737    12.4226      0.868    6.29662    12.4253    20.5217   11.45886 2.7786e+02 0.0000e+00
        368 184.476548    0.02549     1.5292     91.750      0.876  43126.503    27.2729    12.4240      0.868    6.29646    12.4264    20.5209   11.45860 2.7685e+02 0.0000e+00
        369 184.476551    0.02556     1.5333     92.000      0.882  43125.101    27.2720    12.4254      0.874    6.29631    12.4267    20.5199   11.45836 2.7219e+02 0.0000e+00
        370 184.476554    0.02562     1.5375     92.250      0.893  43123.854    27.2712    12.4265      0.884    6.29620    12.4263    20.5191   11.45819 2.6721e+02 0.0000e+00
        371 184.476557    0.02569     1.5417     92.500      0.905  43123.146    27.2708    12.4268      0.896    6.29617    12.4253    20.5187   11.45814 2.6420e+02 0.0000e+00
        372 184.476560    0.02576     1.5458     92.750      0.915  43123.300    27.2708    12.4264      0.906    6.29623    12.4243    20.5188   11.45824 2.6294e+02 0.0000e+00
        373 184.476563    0.02583     1.5500     93.000      0.923  43124.246    27.2714    12.4254      0.914    6.29634    12.4238    20.5195   11.45841 2.6315e+02 0.0000e+00
        374 184.476565    0.02590     1.5542     93.250      0.929  43125.437    27.2722    12.4244      0.920    6.29644    12.4241    20.5202   11.45858 2.6425e+02 0.0000e+00
        375 184.476568    0.02597     1.5583     93.500      0.933  43126.171    27.2726    12.4239      0.924    6.29648    12.4250    20.5207   11.45864 2.6496e+02 0.0000e+00
        376 184.476571    0.02604     1.5625     93.750      0.934  43126.088    27.2726    12.4242      0.925    6.29644    12.4263    20.5206   11.45857 2.6482e+02 0.0000e+00
        377 184.476574    0.02611     1.5667     94.000      0.933  43125.347    27.2721    12.4251      0.924    6.29634    12.4277    20.5201   11.45841 2.6446e+02 0.0000e+00
        378 184.476577    0.02618     1.5708     94.250      0.931  43124.213    27.2715    12.4264      0.923    6.29621    12.4292    20.5193   11.45819 2.6355e+02 0.0000e+00
        379 184.476580    0.02625     1.5750     94.500      0.934  43122.794    27.2706    12.4278      0.925    6.29605    12.4306    20.5184   11.45794 2.6052e+02 0.0000e+00
        380 184.476583    0.02632     1.5792     94.750      0.945  43121.174    27.2696    12.4293      0.936    6.29589    12.4314    20.5173   11.45769 2.5577e+02 0.0000e+00
        381 184.476586    0.02639     1.5833     95.000      0.969  43119.499    27.2685    12.4307      0.961    6.29575    12.4311    20.5163   11.45747 2.5126e+02 0.0000e+00
        382 184.476589    0.02646     1.5875     95.250      1.008  43118.012    27.2675    12.4315      0.999    6.29568    12.4292    20.5153   11.45736 2.4676e+02 0.0000e+00
        383 184.476591    0.02653     1.5917     95.500      1.058  43117.011    27.2668    12.4313      1.048    6.29574    12.4245    20.5148   11.45747 2.4060e+02 0.0000e+00
        384 184.476594    0.02660     1.5958     95.750      1.121  43116.855    27.2665    12.4294      1.110    6.29601    12.4155    20.5149   11.45792 2.3278e+02 0.0000e+00
        385 184.476597    0.02667     1.6000     96.000      1.203  43118.008    27.2669    12.4247      1.192    6.29662    12.3996    20.5160   11.45893 2.2388e+02 0.0000e+00
        386 184.476600    0.02674     1.6042     96.250      1.317  43121.214    27.2683    12.4157      1.305    6.29777    12.3742    20.5188   11.46083 2.1255e+02 0.0000e+00
        387 184.476603    0.02681     1.6083     96.500      1.476  43128.308    27.2719    12.3998      1.463    6.29975    12.3373    20.5244   11.46408 1.9704e+02 0.0000e+00
        388 184.476606    0.02688     1.6125     96.750      1.691  43141.838    27.2792    12.3745      1.675    6.30286    12.2878    20.5346   11.46916 1.7833e+02 0.0000e+00
        389 184.476609    0.02694     1.6167     97.000      1.965  43162.549    27.2905    12.3375      1.946    6.30736    12.2255    20.5499   11.47652 1.5850e+02 0.0000e+00
        390 184.476612    0.02701     1.6208     97.250      2.284  43195.864    27.3095    12.2881      2.262    6.31324    12.1507    20.5735   11.48608 1.3921e+02 0.0000e+00
        391 184.476615    0.02708     1.6250     97.500      2.616  43257.037    27.3470    12.2259      2.592    6.32012    12.0659    20.6135   11.49707 1.2213e+02 0.0000e+00
        392 184.476617    0.02715     1.6292     97.750      2.949  43352.043    27.4069    12.1511      2.922    6.32780    11.9748    20.6731   11.50913 1.0782e+02 0.0000e+00
        393 184.476620    0.02722     1.6333     98.000      3.284  43467.924    27.4805    12.0664      3.253    6.33632    11.8772    20.7450   11.52242 9.5948e+01 0.0000e+00
        394 184.476623    0.02729     1.6375     98.250      3.620  43592.670    27.5596    11.9753      3.586    6.34550    11.7690    20.8222   11.53675 8.6139e+01 0.0000e+00
        395 184.476626    0.02736     1.6417     98.500      3.958  43726.137    27.6440    11.8777      3.921    6.35540    11.6430    20.9047   11.55219 7.7895e+01 0.0000e+00
        396 184.476629    0.02743     1.6458     98.750      4.297  43874.481    27.7377    11.7695      4.257    6.36643    11.4882    20.9960   11.56941 7.0777e+01 0.0000e+00
        397 184.476632    0.02750     1.6500     99.000      4.637  44047.686    27.8468    11.6435      4.593    6.37933    11.2954    21.1023   11.58955 6.4497e+01 0.0000e+00
        398 184.476635    0.02757     1.6542     99.250      4.979  44258.397    27.9791    11.4888      4.933    6.39535    11.0635    21.2313   11.61457 5.8862e+01 0.0000e+00
        399 184.476638    0.02764     1.6583     99.500      5.325  44516.714    28.1406    11.2960      5.276    6.41554    10.7955    21.3891   11.64618 5.3715e+01 0.0000e+00
        400 184.476641    0.02771     1.6625     99.750      5.674  44828.636    28.3349    11.0641      5.621    6.43999    10.4956    21.5788   11.68445 4.8949e+01 0.0000e+00
        401 184.476644    0.02778     1.6667    100.000      6.025  45199.079    28.5656    10.7962      5.969    6.46821    10.1681    21.8024   11.72852 4.4508e+01 0.0000e+00
        402 184.476646    0.02785     1.6708    100.250      6.378  45624.617    28.8303    10.4963      6.319    6.49981     9.8152    22.0571   11.77778 4.0396e+01 0.0000e+00
        403 184.476649    0.02792     1.6750    100.500      6.734  46085.840    29.1153    10.1687      6.671    6.53483     9.4399    22.3316   11.83243 3.6650e+01 0.0000e+00
        404 184.476652    0.02799     1.6792    100.750      7.092  46567.343    29.4097     9.8159      7.026    6.57348     9.0529    22.6167   11.89295 3.3298e+01 0.0000e+00
        405 184.476655    0.02806     1.6833    101.000      7.454  47072.290    29.7159     9.4406      7.385    6.61532     8.6822    22.9137   11.95859 3.0337e+01 0.0000e+00
        406 184.476658    0.02813     1.6875    101.250      7.821  47598.503    30.0332     9.0537      7.747    6.65884     8.3647    23.2205   12.02684 2.7733e+01 0.0000e+00
        407 184.476661    0.02819     1.6917    101.500      8.189  48111.375    30.3413     8.6830      8.113    6.70076     8.1195    23.5170   12.09251 2.5438e+01 0.0000e+00
        408 184.476664    0.02826     1.6958    101.750      8.560  48557.031    30.6082     8.3655      8.479    6.73681     7.9409    23.7727   12.14894 2.3401e+01 0.0000e+00
        409 184.476667    0.02833     1.7000    102.000      8.931  48904.954    30.8160     8.1204      8.847    6.76476     7.8129    23.9711   12.19267 2.1577e+01 0.0000e+00
        410 184.476670    0.02840     1.7042    102.250      9.302  49160.156    30.9680     7.9418      9.215    6.78521     7.7205    24.1160   12.22465 1.9928e+01 0.0000e+00
        411 184.476672    0.02847     1.7083    102.500      9.675  49343.092    31.0765     7.8138      9.584    6.79994     7.6526    24.2194   12.24770 1.8423e+01 0.0000e+00
        412 184.476675    0.02854     1.7125    102.750     10.050  49474.755    31.1543     7.7214      9.955    6.81064     7.6017    24.2936   12.26445 1.7040e+01 0.0000e+00
        413 184.476678    0.02861     1.7167    103.000     10.425  49571.131    31.2110     7.6535     10.327    6.81856     7.5623    24.3477   12.27685 1.5765e+01 0.0000e+00
        414 184.476681    0.02868     1.7208    103.250     10.802  49642.791    31.2530     7.6027     10.700    6.82453     7.5294    24.3877   12.28621 1.4588e+01 0.0000e+00
        415 184.476684    0.02875     1.7250    103.500     11.179  49697.556    31.2848     7.5634     11.074    6.82920     7.4993    24.4182   12.29354 1.3503e+01 0.0000e+00
        416 184.476687    0.02882     1.7292    103.750     11.554  49744.235    31.3119     7.5305     11.446    6.83309     7.4719    24.4440   12.29964 1.2510e+01 0.0000e+00
        417 184.476690    0.02889     1.7333    104.000     11.927  49789.179    31.3382     7.5003     11.815    6.83660     7.4493    24.4688   12.30513 1.1604e+01 0.0000e+00
        418 184.476693    0.02896     1.7375    104.250     12.298  49830.636    31.3625     7.4730     12.183    6.83978     7.4316    24.4916   12.31007 1.0772e+01 0.0000e+00
        419 184.476696    0.02903     1.7417    104.500     12.671  49863.793    31.3817     7.4504     12.552    6.84245     7.4171    24.5099   12.31425 1.0004e+01 0.0000e+00
        420 184.476698    0.02910     1.7458    104.750     13.049  49887.596    31.3952     7.4328     12.926    6.84461     7.4040    24.5229   12.31765 9.2947e+00 0.0000e+00
        421 184.476701    0.02917     1.7500    105.000     13.431  49905.068    31.4048     7.4183     13.305    6.84644     7.3914    24.5324   12.32057 8.6405e+00 0.0000e+00
        422 184.476704    0.02924     1.7542    105.250     13.815  49919.492    31.4126     7.4053     13.685    6.84813     7.3777    24.5403   12.32327 8.0367e+00 0.0000e+00
        423 184.476707    0.02931     1.7583    105.500     14.200  49931.992    31.4190     7.3926     14.067    6.84983     7.3604    24.5470   12.32600 7.4793e+00 0.0000e+00
        424 184.476710    0.02937     1.7625    105.750     14.585  49942.411    31.4238     7.3790     14.448    6.85176     7.3367    24.5526   12.32913 6.9662e+00 0.0000e+00
        425 184.476713    0.02944     1.7667    106.000     14.968  49950.708    31.4265     7.3618     14.827    6.85434     7.3064    24.5571   12.33337 6.4967e+00 0.0000e+00
        426 184.476716    0.02951     1.7708    106.250     15.349  49961.867    31.4301     7.3381     15.205    6.85791     7.2743    24.5631   12.33922 6.0684e+00 0.0000e+00
        427 184.476719    0.02958     1.7750    106.500     15.727  49985.622    31.4413     7.3078     15.579    6.86217     7.2480    24.5760   12.34613 5.6756e+00 0.0000e+00
        428 184.476722    0.02965     1.7792    106.750     16.103  50023.820    31.4623     7.2757     15.952    6.86628     7.2324    24.5968   12.35266 5.3127e+00 0.0000e+00
        429 184.476725    0.02972     1.7833    107.000     16.476  50064.352    31.4859     7.2495     16.321    6.86935     7.2261    24.6189   12.35744 4.9764e+00 0.0000e+00
        430 184.476727    0.02979     1.7875    107.250     16.845  50092.498    31.5027     7.2339     16.687    6.87106     7.2252    24.6342   12.36006 4.6653e+00 0.0000e+00
        431 184.476730    0.02986     1.7917    107.500     17.207  50105.027    31.5102     7.2277     17.046    6.87170     7.2262    24.6409   12.36102 4.3796e+00 0.0000e+00
        432 184.476733    0.02993     1.7958    107.750     17.559  50107.904    31.5119     7.2268     17.394    6.87177     7.2271    24.6424   12.36112 4.1204e+00 0.0000e+00
        433 184.476736    0.03000     1.8000    108.000     17.893  50105.376    31.5102     7.2278     17.725    6.87168     7.2264    24.6409   12.36100 3.8897e+00 0.0000e+00
        434 184.476739    0.03007     1.8042    108.250     18.200  50099.672    31.5062     7.2287     18.029    6.87171     7.2236    24.6377   12.36110 3.6920e+00 0.0000e+00
        435 184.476742    0.03014     1.8083    108.500     18.465  50094.582    31.5024     7.2280     18.291    6.87200     7.2202    24.6348   12.36162 3.5356e+00 0.0000e+00
        436 184.476745    0.03021     1.8125    108.750     18.667  50094.286    31.5017     7.2252     18.492    6.87247     7.2187    24.6346   12.36241 3.4280e+00 0.0000e+00
        437 184.476748    0.03028     1.8167    109.000     18.792  50098.241    31.5038     7.2219     18.615    6.87290 -9.990e-29    24.6367   12.36310 3.3701e+00 0.0000e+00
        438 184.476751    0.03035     1.8208    109.250     18.833  50100.686    31.5052     7.2204     18.656    6.87307 -9.990e-29    24.6380   12.36336 3.3532e+00 0.0000e+00
