CTD-processing/allCTD/CNV--turbid/2012_06-25_subbays_sadiea_cast123.cnv
* Sea-Bird SBE19plus Data File:
* FileName = C:\Documents and Settings\glenn.seaman\My Documents\KHolderied-files\CTD-DATA-FILES\2012-CTD-KachemakBay\2012-06-25-CTD-KachemakBay-subbays\2012-06-25-KBay-subbays-cast123.hex
* Software Version 1.59
* Temperature SN =  5028
* Conductivity SN =  5028
* System UpLoad Time = Jun 27 2012 00:33:51
** KachemakBay-Subbay-Survey
** Date: 2012-06-25
** Station: Sadie Cove A - near mouth
** Start time (AKDT-24hr): 1830
** Depth (ft): 125
** Lat: 59d 30.455m N
** Long: 151d 27.943m W
** Flat water - sheltered.
# nquan = 16
# nvalues = 474                         
# units = specified
# name 0 = scan: Scan Count
# name 1 = timeJ: Julian Days
# name 2 = timeH: Time, Elapsed [hours]
# name 3 = timeM: Time, Elapsed [minutes]
# name 4 = timeS: Time, Elapsed [seconds]
# name 5 = prdM: Pressure, Strain Gauge [db]
# name 6 = specc: Specific Conductance [uS/cm]
# name 7 = sal00: Salinity, Practical [PSU]
# name 8 = tv290C: Temperature [ITS-90, deg C]
# name 9 = depSM: Depth [salt water, m], lat = 59.00
# name 10 = oxsolML/L: Oxygen Saturation, Garcia & Gordon [ml/l]
# name 11 = potemp090C: Potential Temperature [ITS-90, deg C]
# name 12 = sigma-é00: Density [sigma-theta, kg/m^3]
# name 13 = n2satML/L: Nitrogen Saturation [ml/l]
# name 14 = par: PAR/Irradiance, Biospherical/Licor [umol photons/m^2/sec]
# name 15 = flag:  0.000e+00
# span 0 =          1,        474       
# span 1 = 177.770197, 177.771565       
# span 2 =    0.00000,    0.03285       
# span 3 =     0.0000,     1.9708       
# span 4 =      0.000,    118.250       
# span 5 =     -0.182,     33.624       
# span 6 =    214.914,  50202.612       
# span 7 =     0.0996,    31.5464       
# span 8 =     7.0871,     9.9739       
# span 9 =     -0.180,     33.307       
# span 10 =    6.56932,    8.21262      
# span 11 =     7.0842,     9.9738      
# span 12 =    -0.0919,    24.6882      
# span 13 =   11.89173,   15.03610      
# span 14 = 5.4378e-02, 1.9204e+02      
# span 15 = 0.0000e+00, 0.0000e+00      
# interval = seconds: 0.25
# start_time = Jun 25 2012 18:29:05 [Instrument's time stamp, header]
# bad_flag = -9.990e-29
*END*
[from data line 272]
        273 177.770984    0.01889     1.1333     68.000      0.690  45583.832    28.7139     9.6441      0.684    6.62623     9.6424    22.1039   11.98906 9.6569e+01 0.0000e+00
        274 177.770987    0.01896     1.1375     68.250      0.694  45590.958    28.7186     9.6422      0.687    6.62631     9.6459    22.1079   11.98913 9.6201e+01 0.0000e+00
        275 177.770990    0.01903     1.1417     68.500      0.700  45595.550    28.7218     9.6425      0.693    6.62613     9.6526    22.1103   11.98880 9.5689e+01 0.0000e+00
        276 177.770992    0.01910     1.1458     68.750      0.706  45594.579    28.7216     9.6459      0.699    6.62564     9.6612    22.1096   11.98799 9.5433e+01 0.0000e+00
        277 177.770995    0.01917     1.1500     69.000      0.711  45586.190    28.7165     9.6527      0.704    6.62486     9.6688    22.1046   11.98676 9.5434e+01 0.0000e+00
        278 177.770998    0.01924     1.1542     69.250      0.712  45571.972    28.7076     9.6613      0.705    6.62398     9.6731    22.0964   11.98541 9.5433e+01 0.0000e+00
        279 177.771001    0.01931     1.1583     69.500      0.709  45557.217    28.6982     9.6688      0.703    6.62327     9.6738    22.0879   11.98434 9.5762e+01 0.0000e+00
        280 177.771004    0.01938     1.1625     69.750      0.703  45547.469    28.6920     9.6731      0.697    6.62291     9.6717    22.0823   11.98382 9.6356e+01 0.0000e+00
        281 177.771007    0.01944     1.1667     70.000      0.694  45544.575    28.6900     9.6738      0.688    6.62289     9.6685    22.0807   11.98381 9.6643e+01 0.0000e+00
        282 177.771010    0.01951     1.1708     70.250      0.687  45547.858    28.6921     9.6718      0.681    6.62311     9.6665    22.0826   11.98414 9.6559e+01 0.0000e+00
        283 177.771013    0.01958     1.1750     70.500      0.684  45556.136    28.6975     9.6685      0.678    6.62336     9.6684    22.0873   11.98449 9.6236e+01 0.0000e+00
        284 177.771016    0.01965     1.1792     70.750      0.688  45566.609    28.7045     9.6665      0.682    6.62334     9.6759    22.0931   11.98438 9.5858e+01 0.0000e+00
        285 177.771019    0.01972     1.1833     71.000      0.697  45573.717    28.7097     9.6685      0.691    6.62284     9.6881    22.0969   11.98349 9.5664e+01 0.0000e+00
        286 177.771021    0.01979     1.1875     71.250      0.707  45570.239    28.7082     9.6759      0.700    6.62181     9.7012    22.0945   11.98180 9.5578e+01 0.0000e+00
        287 177.771024    0.01986     1.1917     71.500      0.713  45553.321    28.6978     9.6881      0.706    6.62046     9.7114    22.0845   11.97969 9.5581e+01 0.0000e+00
        288 177.771027    0.01993     1.1958     71.750      0.714  45529.771    28.6829     9.7013      0.707    6.61917     9.7167    22.0709   11.97773 9.5751e+01 0.0000e+00
        289 177.771030    0.02000     1.2000     72.000      0.709  45509.798    28.6702     9.7115      0.702    6.61820     9.7167    22.0594   11.97628 9.5974e+01 0.0000e+00
        290 177.771033    0.02007     1.2042     72.250      0.701  45498.836    28.6632     9.7168      0.694    6.61774     9.7138    22.0532   11.97559 9.6349e+01 0.0000e+00
        291 177.771036    0.02014     1.2083     72.500      0.694  45497.644    28.6624     9.7168      0.688    6.61777     9.7108    22.0525   11.97566 9.6771e+01 0.0000e+00
        292 177.771039    0.02021     1.2125     72.750      0.690  45503.438    28.6661     9.7139      0.684    6.61804     9.7093    22.0558   11.97606 9.6633e+01 0.0000e+00
        293 177.771042    0.02028     1.2167     73.000      0.690  45512.234    28.6718     9.7109      0.683    6.61823     9.7103    22.0608   11.97631 9.6007e+01 0.0000e+00
        294 177.771045    0.02035     1.2208     73.250      0.694  45521.448    28.6781     9.7094      0.687    6.61819     9.7140    22.0659   11.97615 9.5481e+01 0.0000e+00
        295 177.771047    0.02042     1.2250     73.500      0.701  45528.865    28.6833     9.7104      0.695    6.61782     9.7199    22.0699   11.97549 9.5145e+01 0.0000e+00
        296 177.771050    0.02049     1.2292     73.750      0.710  45531.185    28.6854     9.7141      0.703    6.61719     9.7263    22.0709   11.97442 9.4958e+01 0.0000e+00
        297 177.771053    0.02056     1.2333     74.000      0.717  45524.907    28.6817     9.7200      0.710    6.61648     9.7311    22.0671   11.97329 9.4910e+01 0.0000e+00
        298 177.771056    0.02063     1.2375     74.250      0.720  45511.162    28.6729     9.7264      0.714    6.61592     9.7329    22.0593   11.97246 9.4860e+01 0.0000e+00
        299 177.771059    0.02069     1.2417     74.500      0.718  45496.810    28.6635     9.7312      0.712    6.61562     9.7309    22.0512   11.97208 9.4957e+01 0.0000e+00
        300 177.771062    0.02076     1.2458     74.750      0.713  45487.979    28.6575     9.7329      0.707    6.61562     9.7258    22.0463   11.97215 9.5119e+01 0.0000e+00
        301 177.771065    0.02083     1.2500     75.000      0.708  45487.064    28.6567     9.7309      0.701    6.61595     9.7197    22.0459   11.97271 9.5172e+01 0.0000e+00
        302 177.771068    0.02090     1.2542     75.250      0.704  45493.401    28.6605     9.7258      0.697    6.61653     9.7144    22.0497   11.97363 9.5384e+01 0.0000e+00
        303 177.771071    0.02097     1.2583     75.500      0.702  45503.318    28.6667     9.7197      0.696    6.61716     9.7103    22.0554   11.97459 9.5436e+01 0.0000e+00
        304 177.771073    0.02104     1.2625     75.750      0.704  45513.125    28.6729     9.7144      0.697    6.61766     9.7072    22.0611   11.97535 9.5057e+01 0.0000e+00
        305 177.771076    0.02111     1.2667     76.000      0.708  45521.638    28.6783     9.7103      0.701    6.61803     9.7051    22.0660   11.97589 9.4712e+01 0.0000e+00
        306 177.771079    0.02118     1.2708     76.250      0.713  45528.397    28.6827     9.7073      0.706    6.61830     9.7036    22.0698   11.97628 9.4535e+01 0.0000e+00
        307 177.771082    0.02125     1.2750     76.500      0.719  45531.807    28.6848     9.7051      0.712    6.61852     9.7022    22.0718   11.97663 9.4432e+01 0.0000e+00
        308 177.771085    0.02132     1.2792     76.750      0.723  45530.574    28.6838     9.7037      0.717    6.61878     9.6993    22.0712   11.97706 9.4546e+01 0.0000e+00
        309 177.771088    0.02139     1.2833     77.000      0.725  45526.415    28.6807     9.7022      0.718    6.61912     9.6942    22.0691   11.97768 9.4858e+01 0.0000e+00
        310 177.771091    0.02146     1.2875     77.250      0.723  45523.717    28.6785     9.6994      0.716    6.61963     9.6864    22.0678   11.97855 9.5149e+01 0.0000e+00
        311 177.771094    0.02153     1.2917     77.500      0.718  45526.219    28.6796     9.6942      0.711    6.62034     9.6770    22.0694   11.97972 9.5404e+01 0.0000e+00
        312 177.771097    0.02160     1.2958     77.750      0.714  45535.186    28.6850     9.6865      0.707    6.62125     9.6679    22.0748   11.98116 9.5511e+01 0.0000e+00
        313 177.771100    0.02167     1.3000     78.000      0.713  45549.336    28.6937     9.6771      0.706    6.62225     9.6605    22.0831   11.98272 9.5311e+01 0.0000e+00
        314 177.771102    0.02174     1.3042     78.250      0.715  45565.215    28.7037     9.6680      0.708    6.62316     9.6549    22.0923   11.98410 9.5118e+01 0.0000e+00
        315 177.771105    0.02181     1.3083     78.500      0.721  45578.835    28.7123     9.6606      0.714    6.62389     9.6503    22.1001   11.98519 9.4993e+01 0.0000e+00
        316 177.771108    0.02187     1.3125     78.750      0.727  45587.527    28.7177     9.6549      0.720    6.62449     9.6463    22.1052   11.98612 9.4631e+01 0.0000e+00
        317 177.771111    0.02194     1.3167     79.000      0.731  45591.052    28.7196     9.6504      0.724    6.62507     9.6423    22.1074   11.98706 9.4285e+01 0.0000e+00
        318 177.771114    0.02201     1.3208     79.250      0.732  45591.574    28.7195     9.6464      0.725    6.62566     9.6379    22.1079   11.98805 9.4149e+01 0.0000e+00
        319 177.771117    0.02208     1.3250     79.500      0.729  45592.133    28.7194     9.6424      0.722    6.62625     9.6326    22.1085   11.98903 9.4084e+01 0.0000e+00
        320 177.771120    0.02215     1.3292     79.750      0.725  45594.878    28.7208     9.6380      0.718    6.62684     9.6265    22.1102   11.98999 9.4315e+01 0.0000e+00
        321 177.771123    0.02222     1.3333     80.000      0.720  45600.492    28.7241     9.6327      0.713    6.62748     9.6207    22.1136   11.99102 9.4680e+01 0.0000e+00
        322 177.771126    0.02229     1.3375     80.250      0.715  45608.365    28.7289     9.6266      0.709    6.62817     9.6162    22.1183   11.99210 9.4683e+01 0.0000e+00
        323 177.771128    0.02236     1.3417     80.500      0.714  45617.055    28.7342     9.6208      0.707    6.62879     9.6135    22.1233   11.99306 9.4585e+01 0.0000e+00
        324 177.771131    0.02243     1.3458     80.750      0.715  45625.264    28.7394     9.6163      0.709    6.62923     9.6122    22.1281   11.99372 9.4590e+01 0.0000e+00
        325 177.771134    0.02250     1.3500     81.000      0.719  45632.080    28.7438     9.6136      0.713    6.62944     9.6117    22.1320   11.99402 9.4273e+01 0.0000e+00
        326 177.771137    0.02257     1.3542     81.250      0.726  45636.850    28.7470     9.6123      0.719    6.62949     9.6112    22.1346   11.99407 9.3730e+01 0.0000e+00
        327 177.771140    0.02264     1.3583     81.500      0.732  45639.359    28.7487     9.6118      0.726    6.62950     9.6102    22.1360   11.99407 9.3462e+01 0.0000e+00
        328 177.771143    0.02271     1.3625     81.750      0.736  45639.740    28.7489     9.6113      0.730    6.62957     9.6084    22.1362   11.99418 9.3663e+01 0.0000e+00
        329 177.771146    0.02278     1.3667     82.000      0.736  45639.098    28.7483     9.6103      0.729    6.62974     9.6052    22.1359   11.99446 9.4212e+01 0.0000e+00
        330 177.771149    0.02285     1.3708     82.250      0.731  45639.868    28.7486     9.6084      0.724    6.63000     9.6006    22.1365   11.99488 9.4697e+01 0.0000e+00
        331 177.771152    0.02292     1.3750     82.500      0.723  45644.518    28.7515     9.6053      0.716    6.63034     9.5955    22.1392   11.99542 9.4818e+01 0.0000e+00
        332 177.771155    0.02299     1.3792     82.750      0.716  45654.141    28.7577     9.6006      0.709    6.63076     9.5919    22.1447   11.99603 9.4576e+01 0.0000e+00
        333 177.771157    0.02306     1.3833     83.000      0.715  45667.358    28.7663     9.5956      0.708    6.63113     9.5913    22.1522   11.99655 9.4220e+01 0.0000e+00
        334 177.771160    0.02313     1.3875     83.250      0.721  45679.983    28.7746     9.5920      0.714    6.63131     9.5942    22.1593   11.99674 9.4012e+01 0.0000e+00
        335 177.771163    0.02319     1.3917     83.500      0.731  45686.762    28.7793     9.5913      0.724    6.63120     9.6002    22.1630   11.99651 9.3815e+01 0.0000e+00
        336 177.771166    0.02326     1.3958     83.750      0.740  45684.135    28.7778     9.5943      0.733    6.63083     9.6075    22.1614   11.99591 9.3450e+01 0.0000e+00
        337 177.771169    0.02333     1.4000     84.000      0.744  45673.017    28.7707     9.6003      0.737    6.63025     9.6140    22.1550   11.99503 9.3134e+01 0.0000e+00
        338 177.771172    0.02340     1.4042     84.250      0.743  45658.846    28.7617     9.6076      0.736    6.62956     9.6182    22.1469   11.99400 9.3273e+01 0.0000e+00
        339 177.771175    0.02347     1.4083     84.500      0.738  45647.196    28.7544     9.6141      0.731    6.62893     9.6200    22.1401   11.99304 9.3841e+01 0.0000e+00
        340 177.771178    0.02354     1.4125     84.750      0.732  45640.599    28.7503     9.6183      0.725    6.62848     9.6202    22.1363   11.99234 9.4323e+01 0.0000e+00
        341 177.771181    0.02361     1.4167     85.000      0.729  45638.683    28.7492     9.6201      0.722    6.62826     9.6197    22.1351   11.99199 9.4543e+01 0.0000e+00
        342 177.771183    0.02368     1.4208     85.250      0.728  45639.471    28.7498     9.6202      0.721    6.62821     9.6193    22.1355   11.99191 9.4401e+01 0.0000e+00
        343 177.771186    0.02375     1.4250     85.500      0.729  45641.502    28.7511     9.6198      0.722    6.62822     9.6194    22.1367   11.99192 9.3727e+01 0.0000e+00
        344 177.771189    0.02382     1.4292     85.750      0.733  45644.083    28.7529     9.6193      0.726    6.62821     9.6202    22.1381   11.99187 9.3081e+01 0.0000e+00
        345 177.771192    0.02389     1.4333     86.000      0.738  45646.007    28.7542     9.6194      0.731    6.62814     9.6214    22.1391   11.99174 9.2996e+01 0.0000e+00
        346 177.771195    0.02396     1.4375     86.250      0.743  45645.559    28.7540     9.6202      0.736    6.62803     9.6221    22.1388   11.99155 9.3106e+01 0.0000e+00
        347 177.771198    0.02403     1.4417     86.500      0.746  45642.229    28.7518     9.6214      0.739    6.62795     9.6217    22.1369   11.99145 9.3176e+01 0.0000e+00
        348 177.771201    0.02410     1.4458     86.750      0.745  45638.028    28.7490     9.6222      0.738    6.62796     9.6199    22.1346   11.99150 9.3402e+01 0.0000e+00
        349 177.771204    0.02417     1.4500     87.000      0.740  45635.977    28.7475     9.6218      0.733    6.62807     9.6169    22.1335   11.99171 9.3532e+01 0.0000e+00
        350 177.771207    0.02424     1.4542     87.250      0.734  45637.916    28.7487     9.6200      0.727    6.62829     9.6135    22.1347   11.99207 9.3495e+01 0.0000e+00
        351 177.771209    0.02431     1.4583     87.500      0.730  45643.752    28.7524     9.6169      0.723    6.62858     9.6104    22.1381   11.99250 9.3533e+01 0.0000e+00
        352 177.771212    0.02438     1.4625     87.750      0.730  45651.668    28.7575     9.6135      0.723    6.62887     9.6081    22.1426   11.99291 9.3394e+01 0.0000e+00
        353 177.771215    0.02444     1.4667     88.000      0.734  45659.345    28.7625     9.6104      0.727    6.62911     9.6066    22.1470   11.99325 9.2997e+01 0.0000e+00
        354 177.771218    0.02451     1.4708     88.250      0.739  45665.061    28.7662     9.6081      0.732    6.62929     9.6060    22.1502   11.99350 9.2707e+01 0.0000e+00
        355 177.771221    0.02458     1.4750     88.500      0.745  45668.017    28.7681     9.6067      0.738    6.62942     9.6059    22.1519   11.99370 9.2492e+01 0.0000e+00
        356 177.771224    0.02465     1.4792     88.750      0.750  45668.481    28.7683     9.6061      0.743    6.62951     9.6060    22.1522   11.99384 9.2217e+01 0.0000e+00
        357 177.771227    0.02472     1.4833     89.000      0.753  45667.289    28.7674     9.6060      0.746    6.62956     9.6062    22.1515   11.99393 9.2229e+01 0.0000e+00
        358 177.771230    0.02479     1.4875     89.250      0.754  45665.235    28.7660     9.6061      0.747    6.62960     9.6064    22.1504   11.99402 9.2676e+01 0.0000e+00
        359 177.771233    0.02486     1.4917     89.500      0.751  45663.262    28.7647     9.6063      0.744    6.62963     9.6066    22.1493   11.99407 9.3153e+01 0.0000e+00
        360 177.771236    0.02493     1.4958     89.750      0.747  45662.454    28.7641     9.6065      0.740    6.62962     9.6067    22.1489   11.99406 9.3287e+01 0.0000e+00
        361 177.771238    0.02500     1.5000     90.000      0.742  45663.783    28.7651     9.6066      0.735    6.62956     9.6077    22.1496   11.99395 9.3179e+01 0.0000e+00
