CTD-processing/allCTD/CNV--turbid/2012_05-31_t4_s03extra_cast082.cnv
* Sea-Bird SBE19plus Data File:
* FileName = C:\Documents and Settings\glenn.seaman\My Documents\KHolderied-files\CTD-DATA-FILES\2012-05-LTM-LowerCookInlet-CTD\Transect4-2012-05-31-Barabara\2012-05-31-Tran4-Barabara-cast082.hex
* Software Version 1.59
* Temperature SN =  5028
* Conductivity SN =  5028
* System UpLoad Time = May 31 2012 15:31:54
** LTM Transect4- Barabara to Bluff Pt
** Date: 2012-05-31
** Station:4-03 extra
** Start time (AKDT-24hr):1313
** Depth (ft):366
** Repeat station 03 (deep water) to get additional sample. Very clear water
# nquan = 16
# nvalues = 778                         
# units = specified
# name 0 = scan: Scan Count
# name 1 = timeJ: Julian Days
# name 2 = timeH: Time, Elapsed [hours]
# name 3 = timeM: Time, Elapsed [minutes]
# name 4 = timeS: Time, Elapsed [seconds]
# name 5 = prdM: Pressure, Strain Gauge [db]
# name 6 = specc: Specific Conductance [uS/cm]
# name 7 = sal00: Salinity, Practical [PSU]
# name 8 = tv290C: Temperature [ITS-90, deg C]
# name 9 = depSM: Depth [salt water, m], lat = 59.00
# name 10 = oxsolML/L: Oxygen Saturation, Garcia & Gordon [ml/l]
# name 11 = potemp090C: Potential Temperature [ITS-90, deg C]
# name 12 = sigma-é00: Density [sigma-theta, kg/m^3]
# name 13 = n2satML/L: Nitrogen Saturation [ml/l]
# name 14 = par: PAR/Irradiance, Biospherical/Licor [umol photons/m^2/sec]
# name 15 = flag:  0.000e+00
# span 0 =          1,        778       
# span 1 = 152.550532, 152.552781       
# span 2 =    0.00000,    0.05396       
# span 3 =     0.0000,     3.2375       
# span 4 =      0.000,    194.250       
# span 5 =     -0.180,    109.111       
# span 6 =    145.792,  51310.971       
# span 7 =     0.0668,    31.7712       
# span 8 =     4.5661,     7.4262       
# span 9 =     -0.179,    108.062       
# span 10 =    6.98850,    8.40303      
# span 11 =     4.5588,     7.4262      
# span 12 =    -0.0631,    25.1625      
# span 13 =   12.55398,   15.35757      
# span 14 = 3.9814e-02, 5.6931e+02      
# span 15 = 0.0000e+00, 0.0000e+00      
# interval = seconds: 0.25
# start_time = May 31 2012 13:12:46 [Instrument's time stamp, header]
# bad_flag = -9.990e-29
*END*
[from data line 452]
        453 152.551840    0.03139     1.8833    113.000     22.319  50674.314    31.6983     6.1036     22.110    7.04466     6.0786    24.9322   12.64454 1.3015e+01 0.0000e+00
        454 152.551843    0.03146     1.8875    113.250     22.652  50684.409    31.7029     6.0920     22.439    7.04637     6.0668    24.9372   12.64731 1.2474e+01 0.0000e+00
        455 152.551846    0.03153     1.8917    113.500     22.984  50693.170    31.7065     6.0805     22.768    7.04810     6.0543    24.9415   12.65013 1.1961e+01 0.0000e+00
        456 152.551849    0.03160     1.8958    113.750     23.310  50699.578    31.7085     6.0687     23.091    7.04995     6.0404    24.9445   12.65316 1.1479e+01 0.0000e+00
        457 152.551852    0.03167     1.9000    114.000     23.630  50703.681    31.7088     6.0562     23.408    7.05202     6.0253    24.9462   12.65656 1.1026e+01 0.0000e+00
        458 152.551855    0.03174     1.9042    114.250     23.945  50708.337    31.7091     6.0423     23.719    7.05430     6.0102    24.9482   12.66033 1.0595e+01 0.0000e+00
        459 152.551858    0.03181     1.9083    114.500     24.259  50716.160    31.7114     6.0272     24.031    7.05669     5.9964    24.9518   12.66425 1.0174e+01 0.0000e+00
        460 152.551861    0.03188     1.9125    114.750     24.578  50726.437    31.7155     6.0122     24.347    7.05899     5.9844    24.9568   12.66800 9.7593e+00 0.0000e+00
        461 152.551863    0.03194     1.9167    115.000     24.900  50737.382    31.7202     5.9984     24.666    7.06105     5.9746    24.9622   12.67135 9.3544e+00 0.0000e+00
        462 152.551866    0.03201     1.9208    115.250     25.221  50747.902    31.7250     5.9865     24.984    7.06281     5.9668    24.9674   12.67419 8.9658e+00 0.0000e+00
        463 152.551869    0.03208     1.9250    115.500     25.540  50757.386    31.7295     5.9766     25.300    7.06423     5.9609    24.9722   12.67648 8.5958e+00 0.0000e+00
        464 152.551872    0.03215     1.9292    115.750     25.856  50765.375    31.7333     5.9689     25.612    7.06534     5.9565    24.9761   12.67826 8.2455e+00 0.0000e+00
        465 152.551875    0.03222     1.9333    116.000     26.165  50771.616    31.7363     5.9630     25.919    7.06617     5.9533    24.9792   12.67960 7.9156e+00 0.0000e+00
        466 152.551878    0.03229     1.9375    116.250     26.469  50776.198    31.7385     5.9587     26.220    7.06679     5.9509    24.9814   12.68059 7.6039e+00 0.0000e+00
        467 152.551881    0.03236     1.9417    116.500     26.773  50779.302    31.7399     5.9555     26.521    7.06726     5.9489    24.9829   12.68134 7.3034e+00 0.0000e+00
        468 152.551884    0.03243     1.9458    116.750     27.082  50781.157    31.7405     5.9530     26.827    7.06763     5.9470    24.9837   12.68195 7.0079e+00 0.0000e+00
        469 152.551887    0.03250     1.9500    117.000     27.403  50782.186    31.7407     5.9510     27.145    7.06795     5.9451    24.9841   12.68248 6.7159e+00 0.0000e+00
        470 152.551889    0.03257     1.9542    117.250     27.734  50783.000    31.7407     5.9492     27.473    7.06826     5.9432    24.9844   12.68300 6.4305e+00 0.0000e+00
        471 152.551892    0.03264     1.9583    117.500     28.070  50783.994    31.7409     5.9473     27.806    7.06857     5.9415    24.9847   12.68349 6.1572e+00 0.0000e+00
        472 152.551895    0.03271     1.9625    117.750     28.403  50784.934    31.7410     5.9455     28.136    7.06886     5.9397    24.9851   12.68398 5.9012e+00 0.0000e+00
        473 152.551898    0.03278     1.9667    118.000     28.727  50785.602    31.7410     5.9438     28.457    7.06915     5.9379    24.9852   12.68446 5.6658e+00 0.0000e+00
        474 152.551901    0.03285     1.9708    118.250     29.038  50786.306    31.7410     5.9420     28.765    7.06944     5.9361    24.9854   12.68494 5.4509e+00 0.0000e+00
        475 152.551904    0.03292     1.9750    118.500     29.335  50787.282    31.7412     5.9402     29.059    7.06973     5.9345    24.9857   12.68542 5.2532e+00 0.0000e+00
        476 152.551907    0.03299     1.9792    118.750     29.623  50788.446    31.7415     5.9384     29.345    7.07001     5.9330    24.9862   12.68588 5.0674e+00 0.0000e+00
        477 152.551910    0.03306     1.9833    119.000     29.910  50789.590    31.7418     5.9368     29.628    7.07026     5.9315    24.9867   12.68629 4.8887e+00 0.0000e+00
        478 152.551913    0.03313     1.9875    119.250     30.198  50790.498    31.7420     5.9353     29.914    7.07050     5.9299    24.9870   12.68668 4.7142e+00 0.0000e+00
        479 152.551916    0.03319     1.9917    119.500     30.491  50791.016    31.7419     5.9339     30.204    7.07074     5.9281    24.9871   12.68708 4.5428e+00 0.0000e+00
        480 152.551918    0.03326     1.9958    119.750     30.792  50791.210    31.7416     5.9324     30.502    7.07102     5.9260    24.9871   12.68754 4.3736e+00 0.0000e+00
        481 152.551921    0.03333     2.0000    120.000     31.100  50791.686    31.7414     5.9306     30.808    7.07133     5.9239    24.9872   12.68805 4.2065e+00 0.0000e+00
        482 152.551924    0.03340     2.0042    120.250     31.414  50793.085    31.7419     5.9285     31.119    7.07165     5.9222    24.9877   12.68858 4.0427e+00 0.0000e+00
        483 152.551927    0.03347     2.0083    120.500     31.732  50795.132    31.7427     5.9264     31.433    7.07195     5.9209    24.9887   12.68906 3.8836e+00 0.0000e+00
        484 152.551930    0.03354     2.0125    120.750     32.048  50797.028    31.7436     5.9247     31.746    7.07219     5.9198    24.9895   12.68946 3.7312e+00 0.0000e+00
        485 152.551933    0.03361     2.0167    121.000     32.362  50798.314    31.7440     5.9234     32.057    7.07239     5.9188    24.9900   12.68977 3.5871e+00 0.0000e+00
        486 152.551936    0.03368     2.0208    121.250     32.669  50798.981    31.7441     5.9224     32.361    7.07256     5.9176    24.9903   12.69005 3.4517e+00 0.0000e+00
        487 152.551939    0.03375     2.0250    121.500     32.971  50799.084    31.7438     5.9214     32.661    7.07274     5.9160    24.9902   12.69035 3.3239e+00 0.0000e+00
        488 152.551942    0.03382     2.0292    121.750     33.270  50798.555    31.7431     5.9203     32.956    7.07296     5.9138    24.9897   12.69073 3.2019e+00 0.0000e+00
        489 152.551944    0.03389     2.0333    122.000     33.568  50797.627    31.7420     5.9187     33.252    7.07328     5.9110    24.9891   12.69126 3.0845e+00 0.0000e+00
        490 152.551947    0.03396     2.0375    122.250     33.869  50797.105    31.7411     5.9165     33.549    7.07369     5.9078    24.9886   12.69195 2.9713e+00 0.0000e+00
        491 152.551950    0.03403     2.0417    122.500     34.171  50797.474    31.7406     5.9137     33.849    7.07418     5.9044    24.9886   12.69276 2.8617e+00 0.0000e+00
        492 152.551953    0.03410     2.0458    122.750     34.477  50798.578    31.7406     5.9105     34.152    7.07471     5.9011    24.9889   12.69365 2.7550e+00 0.0000e+00
        493 152.551956    0.03417     2.0500    123.000     34.789  50800.377    31.7411     5.9071     34.461    7.07525     5.8981    24.9897   12.69453 2.6508e+00 0.0000e+00
        494 152.551959    0.03424     2.0542    123.250     35.105  50802.741    31.7419     5.9038     34.774    7.07576     5.8954    24.9907   12.69536 2.5493e+00 0.0000e+00
        495 152.551962    0.03431     2.0583    123.500     35.424  50805.114    31.7428     5.9008     35.090    7.07621     5.8929    24.9918   12.69610 2.4508e+00 0.0000e+00
        496 152.551965    0.03438     2.0625    123.750     35.745  50806.865    31.7433     5.8982     35.408    7.07662     5.8904    24.9925   12.69677 2.3561e+00 0.0000e+00
        497 152.551968    0.03444     2.0667    124.000     36.064  50807.624    31.7432     5.8958     35.724    7.07703     5.8873    24.9927   12.69745 2.2664e+00 0.0000e+00
        498 152.551970    0.03451     2.0708    124.250     36.376  50807.557    31.7425     5.8933     36.033    7.07749     5.8837    24.9925   12.69822 2.1823e+00 0.0000e+00
        499 152.551973    0.03458     2.0750    124.500     36.682  50807.568    31.7418     5.8902     36.336    7.07803     5.8799    24.9923   12.69912 2.1033e+00 0.0000e+00
        500 152.551976    0.03465     2.0792    124.750     36.983  50808.722    31.7417     5.8867     36.634    7.07863     5.8762    24.9927   12.70010 2.0284e+00 0.0000e+00
        501 152.551979    0.03472     2.0833    125.000     37.282  50811.044    31.7424     5.8828     36.930    7.07923     5.8729    24.9937   12.70109 1.9558e+00 0.0000e+00
        502 152.551982    0.03479     2.0875    125.250     37.585  50813.705    31.7434     5.8792     37.230    7.07980     5.8698    24.9949   12.70202 1.8839e+00 0.0000e+00
        503 152.551985    0.03486     2.0917    125.500     37.897  50815.985    31.7442     5.8758     37.539    7.08031     5.8669    24.9959   12.70286 1.8116e+00 0.0000e+00
        504 152.551988    0.03493     2.0958    125.750     38.219  50817.632    31.7445     5.8728     37.858    7.08080     5.8640    24.9965   12.70366 1.7390e+00 0.0000e+00
        505 152.551991    0.03500     2.1000    126.000     38.549  50819.128    31.7448     5.8699     38.185    7.08126     5.8613    24.9971   12.70443 1.6673e+00 0.0000e+00
        506 152.551994    0.03507     2.1042    126.250     38.879  50820.930    31.7453     5.8671     38.512    7.08171     5.8588    24.9979   12.70516 1.5988e+00 0.0000e+00
        507 152.551997    0.03514     2.1083    126.500     39.203  50822.694    31.7459     5.8644     38.833    7.08214     5.8564    24.9986   12.70586 1.5350e+00 0.0000e+00
        508 152.551999    0.03521     2.1125    126.750     39.516  50824.190    31.7463     5.8619     39.143    7.08254     5.8541    24.9992   12.70652 1.4759e+00 0.0000e+00
        509 152.552002    0.03528     2.1167    127.000     39.820  50825.626    31.7466     5.8595     39.444    7.08292     5.8519    24.9998   12.70714 1.4202e+00 0.0000e+00
        510 152.552005    0.03535     2.1208    127.250     40.123  50827.038    31.7470     5.8572     39.744    7.08328     5.8499    25.0004   12.70772 1.3661e+00 0.0000e+00
        511 152.552008    0.03542     2.1250    127.500     40.431  50828.331    31.7473     5.8551     40.049    7.08361     5.8481    25.0009   12.70827 1.3126e+00 0.0000e+00
        512 152.552011    0.03549     2.1292    127.750     40.748  50829.546    31.7476     5.8532     40.363    7.08393     5.8464    25.0013   12.70879 1.2596e+00 0.0000e+00
        513 152.552014    0.03556     2.1333    128.000     41.073  50830.731    31.7479     5.8513     40.685    7.08422     5.8449    25.0018   12.70926 1.2080e+00 0.0000e+00
        514 152.552017    0.03562     2.1375    128.250     41.397  50831.884    31.7483     5.8497     41.006    7.08448     5.8435    25.0022   12.70969 1.1590e+00 0.0000e+00
        515 152.552020    0.03569     2.1417    128.500     41.714  50833.029    31.7486     5.8482     41.320    7.08472     5.8423    25.0027   12.71008 1.1134e+00 0.0000e+00
        516 152.552023    0.03576     2.1458    128.750     42.020  50834.034    31.7489     5.8469     41.623    7.08493     5.8411    25.0031   12.71042 1.0711e+00 0.0000e+00
        517 152.552025    0.03583     2.1500    129.000     42.317  50834.706    31.7489     5.8456     41.917    7.08513     5.8398    25.0033   12.71075 1.0315e+00 0.0000e+00
        518 152.552028    0.03590     2.1542    129.250     42.609  50834.929    31.7487     5.8444     42.207    7.08533     5.8381    25.0033   12.71110 9.9365e-01 0.0000e+00
        519 152.552031    0.03597     2.1583    129.500     42.902  50834.492    31.7480     5.8431     42.497    7.08558     5.8356    25.0029   12.71152 9.5698e-01 0.0000e+00
        520 152.552034    0.03604     2.1625    129.750     43.199  50833.258    31.7467     5.8414     42.791    7.08593     5.8321    25.0020   12.71210 9.2137e-01 0.0000e+00
        521 152.552037    0.03611     2.1667    130.000     43.500  50831.162    31.7446     5.8390     43.089    7.08643     5.8269    25.0006   12.71296 8.8686e-01 0.0000e+00
        522 152.552040    0.03618     2.1708    130.250     43.805  50828.118    31.7417     5.8355     43.391    7.08717     5.8200    24.9987   12.71421 8.5345e-01 0.0000e+00
        523 152.552043    0.03625     2.1750    130.500     44.112  50825.677    31.7388     5.8303     43.695    7.08817     5.8122    24.9971   12.71590 8.2115e-01 0.0000e+00
        524 152.552046    0.03632     2.1792    130.750     44.421  50826.526    31.7379     5.8234     44.001    7.08936     5.8046    24.9972   12.71788 7.8999e-01 0.0000e+00
        525 152.552049    0.03639     2.1833    131.000     44.732  50830.451    31.7389     5.8157     44.308    7.09061     5.7975    24.9989   12.71993 7.5992e-01 0.0000e+00
        526 152.552052    0.03646     2.1875    131.250     45.046  50834.669    31.7401     5.8081     44.620    7.09182     5.7905    25.0008   12.72191 7.3078e-01 0.0000e+00
        527 152.552054    0.03653     2.1917    131.500     45.365  50837.133    31.7402     5.8010     44.936    7.09300     5.7834    25.0017   12.72387 7.0248e-01 0.0000e+00
        528 152.552057    0.03660     2.1958    131.750     45.688  50839.382    31.7402     5.7940     45.256    7.09417     5.7768    25.0025   12.72580 6.7515e-01 0.0000e+00
        529 152.552060    0.03667     2.2000    132.000     46.013  50843.122    31.7412     5.7870     45.578    7.09530     5.7699    25.0041   12.72765 6.4890e-01 0.0000e+00
        530 152.552063    0.03674     2.2042    132.250     46.339  50844.396    31.7406     5.7804     45.901    7.09644     5.7608    25.0044   12.72954 6.2368e-01 0.0000e+00
        531 152.552066    0.03681     2.2083    132.500     46.666  50839.054    31.7354     5.7735     46.225    7.09783     5.7468    25.0011   12.73191 5.9941e-01 0.0000e+00
        532 152.552069    0.03687     2.2125    132.750     46.993  50827.972    31.7258     5.7644     46.548    7.09982     5.7268    24.9945   12.73531 5.7612e-01 0.0000e+00
        533 152.552072    0.03694     2.2167    133.000     47.314  50815.832    31.7144     5.7505     46.866    7.10268     5.7021    24.9872   12.74019 5.5413e-01 0.0000e+00
        534 152.552075    0.03701     2.2208    133.250     47.625  50811.403    31.7072     5.7305     47.174    7.10639     5.6771    24.9838   12.74640 5.3374e-01 0.0000e+00
        535 152.552078    0.03708     2.2250    133.500     47.924  50821.139    31.7087     5.7058     47.470    7.11045     5.6553    24.9879   12.75309 5.1487e-01 0.0000e+00
        536 152.552080    0.03715     2.2292    133.750     48.212  50840.169    31.7167     5.6808     47.756    7.11428     5.6375    24.9971   12.75932 4.9701e-01 0.0000e+00
        537 152.552083    0.03722     2.2333    134.000     48.498  50858.221    31.7246     5.6591     48.039    7.11756     5.6221    25.0059   12.76463 4.7961e-01 0.0000e+00
        538 152.552086    0.03729     2.2375    134.250     48.789  50870.112    31.7290     5.6412     48.327    7.12034     5.6080    25.0115   12.76917 4.6225e-01 0.0000e+00
        539 152.552089    0.03736     2.2417    134.500     49.090  50878.434    31.7315     5.6258     48.626    7.12282     5.5954    25.0153   12.77323 4.4479e-01 0.0000e+00
        540 152.552092    0.03743     2.2458    134.750     49.401  50887.532    31.7348     5.6118     48.933    7.12504     5.5848    25.0195   12.77686 4.2747e-01 0.0000e+00
        541 152.552095    0.03750     2.2500    135.000     49.717  50896.832    31.7385     5.5993     49.247    7.12697     5.5758    25.0238   12.78000 4.1063e-01 0.0000e+00
        542 152.552098    0.03757     2.2542    135.250     50.034  50904.468    31.7414     5.5887     49.561    7.12861     5.5678    25.0274   12.78268 3.9456e-01 0.0000e+00
