CTD-processing/allCTD/CNV--turbid/2012_06-25_subbays_jbayb_cast118.cnv
* Sea-Bird SBE19plus Data File:
* FileName = C:\Documents and Settings\glenn.seaman\My Documents\KHolderied-files\CTD-DATA-FILES\2012-CTD-KachemakBay\2012-06-25-CTD-KachemakBay-subbays\2012-06-25-KBay-subbays-cast118.hex
* Software Version 1.59
* Temperature SN =  5028
* Conductivity SN =  5028
* System UpLoad Time = Jun 27 2012 00:17:59
** KachemakBay-Subbay-Survey
** Date: 2012-06-25
** Station: Jakolof Bay B - inside
** Start time (AKDT-24hr): 1630
** Depth (ft): 21
** Lat: 59d 27.523m N
** Long: 151d 31.371m W
# nquan = 16
# nvalues = 400                         
# units = specified
# name 0 = scan: Scan Count
# name 1 = timeJ: Julian Days
# name 2 = timeH: Time, Elapsed [hours]
# name 3 = timeM: Time, Elapsed [minutes]
# name 4 = timeS: Time, Elapsed [seconds]
# name 5 = prdM: Pressure, Strain Gauge [db]
# name 6 = specc: Specific Conductance [uS/cm]
# name 7 = sal00: Salinity, Practical [PSU]
# name 8 = tv290C: Temperature [ITS-90, deg C]
# name 9 = depSM: Depth [salt water, m], lat = 59.00
# name 10 = oxsolML/L: Oxygen Saturation, Garcia & Gordon [ml/l]
# name 11 = potemp090C: Potential Temperature [ITS-90, deg C]
# name 12 = sigma-é00: Density [sigma-theta, kg/m^3]
# name 13 = n2satML/L: Nitrogen Saturation [ml/l]
# name 14 = par: PAR/Irradiance, Biospherical/Licor [umol photons/m^2/sec]
# name 15 = flag:  0.000e+00
# span 0 =          1,        400       
# span 1 = 177.687662, 177.688817       
# span 2 =    0.00000,    0.02771       
# span 3 =     0.0000,     1.6625       
# span 4 =      0.000,     99.750       
# span 5 =     -0.170,      6.065       
# span 6 =   1080.952,  48881.597       
# span 7 =     0.5258,    30.8636       
# span 8 =     8.5059,     8.8652       
# span 9 =     -0.169,      6.008       
# span 10 =    6.67602,    8.14292      
# span 11 =     8.5053,     8.8652      
# span 12 =     0.2291,    23.9546      
# span 13 =   12.05221,   14.91206      
# span 14 = 1.4119e+01, 1.6080e+02      
# span 15 = 0.0000e+00, 0.0000e+00      
# interval = seconds: 0.25
# start_time = Jun 25 2012 16:30:14 [Instrument's time stamp, header]
# bad_flag = -9.990e-29
*END*
[from data line 362]
        363 177.688709    0.02514     1.5083     90.500      0.589  48029.576    30.3178     8.8409      0.584    6.67644     8.8318    23.4780   12.05265 7.9478e+01 0.0000e+00
        364 177.688712    0.02521     1.5125     90.750      0.597  48037.996    30.3229     8.8357      0.591    6.67698     8.8291    23.4828   12.05348 7.8422e+01 0.0000e+00
        365 177.688715    0.02528     1.5167     91.000      0.613  48041.477    30.3248     8.8319      0.608    6.67748     8.8259    23.4848   12.05428 7.6791e+01 0.0000e+00
        366 177.688718    0.02535     1.5208     91.250      0.642  48049.465    30.3300     8.8291      0.636    6.67766     8.8207    23.4893   12.05452 7.4560e+01 0.0000e+00
        367 177.688721    0.02542     1.5250     91.500      0.686  48071.017    30.3447     8.8260      0.680    6.67750     8.8130    23.5012   12.05407 7.1919e+01 0.0000e+00
        368 177.688724    0.02549     1.5292     91.750      0.743  48107.011    30.3691     8.8208      0.737    6.67722     8.8041    23.5210   12.05331 6.9068e+01 0.0000e+00
        369 177.688727    0.02556     1.5333     92.000      0.813  48147.262    30.3961     8.8131      0.806    6.67721     8.7957    23.5433   12.05295 6.6054e+01 0.0000e+00
        370 177.688730    0.02562     1.5375     92.250      0.896  48183.324    30.4201     8.8042      0.888    6.67750     8.7885    23.5634   12.05315 6.2827e+01 0.0000e+00
        371 177.688733    0.02569     1.5417     92.500      0.995  48213.793    30.4401     8.7958      0.986    6.67790     8.7821    23.5804   12.05356 5.9407e+01 0.0000e+00
        372 177.688736    0.02576     1.5458     92.750      1.113  48240.657    30.4578     8.7886      1.102    6.67820     8.7748    23.5953   12.05385 5.5926e+01 0.0000e+00
        373 177.688738    0.02583     1.5500     93.000      1.251  48268.295    30.4762     8.7822      1.239    6.67837     8.7651    23.6106   12.05390 5.2480e+01 0.0000e+00
        374 177.688741    0.02590     1.5542     93.250      1.409  48299.639    30.4970     8.7749      1.397    6.67856     8.7522    23.6280   12.05396 4.9060e+01 0.0000e+00
        375 177.688744    0.02597     1.5583     93.500      1.588  48336.334    30.5213     8.7653      1.574    6.67896     8.7357    23.6484   12.05432 4.5663e+01 0.0000e+00
        376 177.688747    0.02604     1.5625     93.750      1.785  48379.431    30.5495     8.7524      1.768    6.67966     8.7161    23.6724   12.05513 4.2344e+01 0.0000e+00
        377 177.688750    0.02611     1.5667     94.000      1.993  48426.947    30.5803     8.7359      1.974    6.68080     8.6954    23.6990   12.05665 3.9195e+01 0.0000e+00
        378 177.688753    0.02618     1.5708     94.250      2.208  48474.663    30.6109     8.7163      2.187    6.68241     8.6759    23.7257   12.05894 3.6310e+01 0.0000e+00
        379 177.688756    0.02625     1.5750     94.500      2.422  48519.168    30.6390     8.6957      2.399    6.68428     8.6592    23.7508   12.06170 3.3755e+01 0.0000e+00
        380 177.688759    0.02632     1.5792     94.750      2.634  48558.105    30.6634     8.6762      2.610    6.68615     8.6456    23.7727   12.06449 3.1521e+01 0.0000e+00
        381 177.688762    0.02639     1.5833     95.000      2.850  48590.125    30.6833     8.6594      2.824    6.68780     8.6346    23.7908   12.06698 2.9515e+01 0.0000e+00
        382 177.688764    0.02646     1.5875     95.250      3.078  48615.672    30.6991     8.6459      3.050    6.68915     8.6256    23.8052   12.06903 2.7650e+01 0.0000e+00
        383 177.688767    0.02653     1.5917     95.500      3.324  48636.249    30.7119     8.6350      3.293    6.69024     8.6175    23.8168   12.07066 2.5896e+01 0.0000e+00
        384 177.688770    0.02660     1.5958     95.750      3.585  48653.725    30.7227     8.6260      3.551    6.69112     8.6092    23.8266   12.07200 2.4247e+01 0.0000e+00
        385 177.688773    0.02667     1.6000     96.000      3.856  48670.426    30.7331     8.6179      3.820    6.69188     8.5992    23.8360   12.07313 2.2697e+01 0.0000e+00
        386 177.688776    0.02674     1.6042     96.250      4.132  48688.999    30.7447     8.6096      4.094    6.69262     8.5866    23.8463   12.07420 2.1249e+01 0.0000e+00
        387 177.688779    0.02681     1.6083     96.500      4.411  48711.470    30.7589     8.5997      4.369    6.69350     8.5716    23.8589   12.07548 1.9905e+01 0.0000e+00
        388 177.688782    0.02688     1.6125     96.750      4.687  48738.219    30.7757     8.5871      4.643    6.69466     8.5559    23.8739   12.07720 1.8667e+01 0.0000e+00
        389 177.688785    0.02694     1.6167     97.000      4.956  48767.361    30.7938     8.5721      4.910    6.69614     8.5418    23.8902   12.07942 1.7542e+01 0.0000e+00
        390 177.688788    0.02701     1.6208     97.250      5.214  48795.579    30.8111     8.5564      5.165    6.69774     8.5300    23.9061   12.08186 1.6547e+01 0.0000e+00
        391 177.688791    0.02708     1.6250     97.500      5.450  48820.276    30.8263     8.5423      5.399    6.69921     8.5206    23.9200   12.08411 1.5711e+01 0.0000e+00
        392 177.688793    0.02715     1.6292     97.750      5.651  48840.508    30.8386     8.5305      5.598    6.70044     8.5136    23.9314   12.08600 1.5075e+01 0.0000e+00
        393 177.688796    0.02722     1.6333     98.000      5.806  48856.337    30.8483     8.5212      5.752    6.70143     8.5089    23.9404   12.08752 1.4650e+01 0.0000e+00
        394 177.688799    0.02729     1.6375     98.250      5.912  48868.001    30.8554     8.5142      5.857    6.70218     8.5063    23.9469   12.08867 1.4394e+01 0.0000e+00
        395 177.688802    0.02736     1.6417     98.500      5.979  48875.738    30.8601     8.5095      5.923    6.70269     8.5053    23.9513   12.08946 1.4247e+01 0.0000e+00
        396 177.688805    0.02743     1.6458     98.750      6.019  48880.000    30.8627     8.5069      5.962    6.70297     8.5053    23.9537   12.08988 1.4167e+01 0.0000e+00
        397 177.688808    0.02750     1.6500     99.000      6.042  48881.597    30.8636     8.5059      5.986    6.70307     8.5056    23.9546   12.09004 1.4130e+01 0.0000e+00
        398 177.688811    0.02757     1.6542     99.250      6.056  48881.585    30.8636     8.5059      5.999    6.70307     8.5058    23.9546   12.09004 1.4119e+01 0.0000e+00
        399 177.688814    0.02764     1.6583     99.500      6.063  48880.939    30.8632     8.5062      6.006    6.70304 -9.990e-29    23.9543   12.09000 1.4121e+01 0.0000e+00
        400 177.688817    0.02771     1.6625     99.750      6.065  48880.567    30.8630     8.5064      6.008    6.70302 -9.990e-29    23.9541   12.08997 1.4123e+01 0.0000e+00
