CTD-processing/allCTD/CNV--turbid/2012-10-28_t6-s20.cnv
* Sea-Bird SBE19plus Data File:
* FileName = C:\Documents and Settings\kris.holderied.local\My Documents\2012-10-CookInlet-Ocean-LTM\2012-10-28-EVOSTC-CookInletOcean-Tran6-Douglas\2012-10-28-CookInletOcean-Tran6-cast009.hex
* Software Version 1.54
* Temperature SN =  4141
* Conductivity SN =  4141
* System UpLoad Time = Oct 28 2012 19:34:12
** Cook Inlet EVOSTC Transect 6 Douglas line west to east
** Date:   28 Oct 2012
** Station:  6-20
** Start time (AKDT-24 hr):  1121
** Depth (m):  157
** Comment:1st station that we could see the CTD to the bottom on sounder. Earlier casts likely shot.
# nquan = 16
# nvalues = 996                         
# units = specified
# name 0 = scan: Scan Count
# name 1 = timeJ: Julian Days
# name 2 = timeH: Time, Elapsed [hours]
# name 3 = timeM: Time, Elapsed [minutes]
# name 4 = timeS: Time, Elapsed [seconds]
# name 5 = prdM: Pressure, Strain Gauge [db]
# name 6 = specc: Specific Conductance [uS/cm]
# name 7 = sal00: Salinity, Practical [PSU]
# name 8 = tv290C: Temperature [ITS-90, deg C]
# name 9 = depSM: Depth [salt water, m], lat = 59.00
# name 10 = oxsolML/L: Oxygen Saturation, Garcia & Gordon [ml/l]
# name 11 = potemp090C: Potential Temperature [ITS-90, deg C]
# name 12 = sigma-é00: Density [sigma-theta, kg/m^3]
# name 13 = n2satML/L: Nitrogen Saturation [ml/l]
# name 14 = par: PAR/Irradiance, Biospherical/Licor
# name 15 = flag:  0.000e+00
# span 0 =          1,        996       
# span 1 = 302.472859, 302.475738       
# span 2 =    0.00000,    0.06910       
# span 3 =     0.0000,     4.1458       
# span 4 =      0.000,    248.750       
# span 5 =     -0.030,    155.887       
# span 6 =   1608.428,  52012.095       
# span 7 =     0.7832,    32.5303       
# span 8 =     4.5751,     8.0877       
# span 9 =     -0.030,    154.371       
# span 10 =    6.72458,    8.96963      
# span 11 =     4.5751,     8.0854      
# span 12 =     0.5994,    25.6090      
# span 13 =   12.11389,   16.29380      
# span 14 = 3.6382e-02, 1.0722e+02      
# span 15 = 0.0000e+00, 0.0000e+00      
# interval = seconds: 0.25
# start_time = Oct 28 2012 11:20:55 [Instrument's time stamp, header]
# bad_flag = -9.990e-29
*END*
[from data line 814]
        815 302.475214    0.05653     3.3917    203.500    116.848  51386.657    32.2543     6.6616    115.723    6.92808     6.6451    25.3021   12.44493 3.6382e-02 0.0000e+00
        816 302.475217    0.05660     3.3958    203.750    117.000  51389.810    32.2558     6.6582    115.873    6.92856     6.6423    25.3037   12.44570 3.6382e-02 0.0000e+00
        817 302.475220    0.05667     3.4000    204.000    117.141  51392.139    32.2568     6.6552    116.013    6.92899     6.6396    25.3048   12.44640 3.6382e-02 0.0000e+00
        818 302.475223    0.05674     3.4042    204.250    117.277  51393.798    32.2574     6.6524    116.148    6.92941     6.6367    25.3056   12.44709 3.6382e-02 0.0000e+00
        819 302.475226    0.05681     3.4083    204.500    117.412  51394.991    32.2576     6.6497    116.281    6.92984     6.6336    25.3062   12.44779 3.6382e-02 0.0000e+00
        820 302.475229    0.05688     3.4125    204.750    117.549  51395.864    32.2576     6.6468    116.416    6.93030     6.6299    25.3066   12.44854 3.6382e-02 0.0000e+00
        821 302.475231    0.05694     3.4167    205.000    117.690  51396.541    32.2574     6.6437    116.556    6.93081     6.6258    25.3068   12.44939 3.6382e-02 0.0000e+00
        822 302.475234    0.05701     3.4208    205.250    117.838  51397.513    32.2574     6.6401    116.702    6.93139     6.6215    25.3072   12.45036 3.6382e-02 0.0000e+00
        823 302.475237    0.05708     3.4250    205.500    117.995  51399.360    32.2578     6.6360    116.858    6.93203     6.6171    25.3081   12.45141 3.6382e-02 0.0000e+00
        824 302.475240    0.05715     3.4292    205.750    118.163  51401.935    32.2587     6.6317    117.024    6.93269     6.6128    25.3094   12.45248 3.6382e-02 0.0000e+00
        825 302.475243    0.05722     3.4333    206.000    118.340  51404.967    32.2599     6.6273    117.199    6.93334     6.6087    25.3109   12.45355 3.6382e-02 0.0000e+00
        826 302.475246    0.05729     3.4375    206.250    118.524  51408.495    32.2614     6.6230    117.382    6.93396     6.6050    25.3127   12.45455 3.6382e-02 0.0000e+00
        827 302.475249    0.05736     3.4417    206.500    118.714  51412.356    32.2633     6.6189    117.570    6.93453     6.6020    25.3146   12.45547 3.6382e-02 0.0000e+00
        828 302.475252    0.05743     3.4458    206.750    118.908  51416.299    32.2652     6.6153    117.762    6.93502     6.5995    25.3166   12.45626 3.6382e-02 0.0000e+00
        829 302.475255    0.05750     3.4500    207.000    119.108  51419.920    32.2671     6.6122    117.960    6.93543     6.5973    25.3185   12.45691 3.6382e-02 0.0000e+00
        830 302.475258    0.05757     3.4542    207.250    119.317  51422.810    32.2685     6.6098    118.167    6.93576     6.5954    25.3199   12.45744 3.6382e-02 0.0000e+00
        831 302.475260    0.05764     3.4583    207.500    119.541  51425.139    32.2696     6.6077    118.389    6.93605     6.5937    25.3211   12.45791 3.6382e-02 0.0000e+00
        832 302.475263    0.05771     3.4625    207.750    119.780  51427.343    32.2707     6.6058    118.626    6.93631     6.5921    25.3222   12.45832 3.6382e-02 0.0000e+00
        833 302.475266    0.05778     3.4667    208.000    120.035  51429.516    32.2718     6.6040    118.878    6.93654     6.5907    25.3232   12.45869 3.6382e-02 0.0000e+00
        834 302.475269    0.05785     3.4708    208.250    120.300  51431.516    32.2727     6.6025    119.141    6.93675     6.5895    25.3242   12.45901 3.6382e-02 0.0000e+00
        835 302.475272    0.05792     3.4750    208.500    120.574  51433.294    32.2736     6.6011    119.412    6.93693     6.5884    25.3250   12.45930 3.6382e-02 0.0000e+00
        836 302.475275    0.05799     3.4792    208.750    120.852  51434.891    32.2743     6.5998    119.688    6.93709     6.5873    25.3258   12.45956 3.6382e-02 0.0000e+00
        837 302.475278    0.05806     3.4833    209.000    121.136  51436.325    32.2750     6.5987    119.968    6.93724     6.5863    25.3264   12.45980 3.6382e-02 0.0000e+00
        838 302.475281    0.05813     3.4875    209.250    121.424  51437.666    32.2756     6.5977    120.253    6.93737     6.5854    25.3270   12.46002 3.6382e-02 0.0000e+00
        839 302.475284    0.05819     3.4917    209.500    121.716  51439.004    32.2762     6.5968    120.543    6.93750     6.5847    25.3277   12.46022 3.6382e-02 0.0000e+00
        840 302.475286    0.05826     3.4958    209.750    122.013  51440.309    32.2768     6.5959    120.836    6.93761     6.5840    25.3283   12.46039 3.6382e-02 0.0000e+00
        841 302.475289    0.05833     3.5000    210.000    122.310  51441.500    32.2773     6.5951    121.130    6.93771     6.5834    25.3288   12.46054 3.6382e-02 0.0000e+00
        842 302.475292    0.05840     3.5042    210.250    122.600  51442.501    32.2778     6.5945    121.418    6.93779     6.5827    25.3292   12.46068 3.6382e-02 0.0000e+00
        843 302.475295    0.05847     3.5083    210.500    122.878  51443.277    32.2781     6.5939    121.693    6.93788     6.5819    25.3295   12.46081 3.6382e-02 0.0000e+00
        844 302.475298    0.05854     3.5125    210.750    123.134  51443.974    32.2783     6.5933    121.947    6.93797     6.5810    25.3298   12.46096 3.6382e-02 0.0000e+00
        845 302.475301    0.05861     3.5167    211.000    123.361  51444.823    32.2786     6.5925    122.172    6.93808     6.5799    25.3302   12.46114 3.6382e-02 0.0000e+00
        846 302.475304    0.05868     3.5208    211.250    123.554  51445.796    32.2791     6.5916    122.363    6.93821     6.5789    25.3306   12.46134 3.6382e-02 0.0000e+00
        847 302.475307    0.05875     3.5250    211.500    123.709  51446.834    32.2795     6.5905    122.516    6.93835     6.5779    25.3311   12.46158 3.6382e-02 0.0000e+00
        848 302.475310    0.05882     3.5292    211.750    123.829  51448.093    32.2801     6.5895    122.635    6.93850     6.5771    25.3317   12.46181 3.6382e-02 0.0000e+00
        849 302.475312    0.05889     3.5333    212.000    123.919  51449.461    32.2809     6.5885    122.723    6.93862     6.5766    25.3324   12.46200 3.6382e-02 0.0000e+00
        850 302.475315    0.05896     3.5375    212.250    123.991  51450.518    32.2814     6.5877    122.794    6.93871     6.5759    25.3330   12.46216 3.6382e-02 0.0000e+00
        851 302.475318    0.05903     3.5417    212.500    124.062  51450.889    32.2815     6.5872    122.865    6.93880     6.5747    25.3331   12.46230 3.6382e-02 0.0000e+00
        852 302.475321    0.05910     3.5458    212.750    124.152  51450.421    32.2810     6.5865    122.954    6.93893     6.5726    25.3328   12.46251 3.6382e-02 0.0000e+00
        853 302.475324    0.05917     3.5500    213.000    124.277  51449.584    32.2802     6.5853    123.078    6.93915     6.5691    25.3323   12.46290 3.6382e-02 0.0000e+00
        854 302.475327    0.05924     3.5542    213.250    124.448  51449.092    32.2793     6.5832    123.247    6.93953     6.5640    25.3319   12.46353 3.6382e-02 0.0000e+00
        855 302.475330    0.05931     3.5583    213.500    124.665  51449.095    32.2786     6.5798    123.462    6.94012     6.5569    25.3318   12.46451 3.6382e-02 0.0000e+00
        856 302.475333    0.05937     3.5625    213.750    124.919  51450.169    32.2782     6.5747    123.713    6.94096     6.5480    25.3322   12.46590 3.6382e-02 0.0000e+00
        857 302.475336    0.05944     3.5667    214.000    125.199  51454.014    32.2794     6.5675    123.991    6.94206     6.5384    25.3340   12.46770 3.6382e-02 0.0000e+00
        858 302.475339    0.05951     3.5708    214.250    125.491  51461.758    32.2830     6.5586    124.280    6.94333     6.5296    25.3379   12.46976 3.6382e-02 0.0000e+00
        859 302.475341    0.05958     3.5750    214.500    125.779  51472.366    32.2884     6.5491    124.565    6.94461     6.5223    25.3434   12.47182 3.6382e-02 0.0000e+00
        860 302.475344    0.05965     3.5792    214.750    126.048  51483.299    32.2942     6.5403    124.832    6.94577     6.5164    25.3491   12.47365 3.6382e-02 0.0000e+00
        861 302.475347    0.05972     3.5833    215.000    126.287  51492.556    32.2991     6.5330    125.068    6.94672     6.5117    25.3539   12.47517 3.6382e-02 0.0000e+00
        862 302.475350    0.05979     3.5875    215.250    126.488  51499.721    32.3029     6.5272    125.268    6.94749     6.5080    25.3576   12.47639 3.6382e-02 0.0000e+00
        863 302.475353    0.05986     3.5917    215.500    126.656  51505.409    32.3059     6.5225    125.434    6.94811     6.5051    25.3606   12.47737 3.6382e-02 0.0000e+00
        864 302.475356    0.05993     3.5958    215.750    126.802  51510.137    32.3084     6.5188    125.579    6.94860     6.5029    25.3630   12.47814 3.6382e-02 0.0000e+00
        865 302.475359    0.06000     3.6000    216.000    126.945  51513.862    32.3103     6.5159    125.720    6.94898     6.5011    25.3649   12.47875 3.6382e-02 0.0000e+00
        866 302.475362    0.06007     3.6042    216.250    127.103  51516.415    32.3116     6.5137    125.876    6.94927     6.4995    25.3662   12.47922 3.6382e-02 0.0000e+00
        867 302.475365    0.06014     3.6083    216.500    127.291  51517.847    32.3122     6.5120    126.062    6.94953     6.4975    25.3669   12.47963 3.6382e-02 0.0000e+00
        868 302.475367    0.06021     3.6125    216.750    127.514  51518.312    32.3121     6.5103    126.283    6.94979     6.4944    25.3671   12.48007 3.6382e-02 0.0000e+00
        869 302.475370    0.06028     3.6167    217.000    127.772  51518.143    32.3115     6.5083    126.539    6.95015     6.4899    25.3668   12.48066 3.6382e-02 0.0000e+00
        870 302.475373    0.06035     3.6208    217.250    128.060  51518.121    32.3107     6.5053    126.823    6.95066     6.4837    25.3666   12.48153 3.6382e-02 0.0000e+00
        871 302.475376    0.06042     3.6250    217.500    128.370  51519.124    32.3104     6.5009    127.130    6.95140     6.4757    25.3670   12.48275 3.6382e-02 0.0000e+00
        872 302.475379    0.06049     3.6292    217.750    128.694  51521.809    32.3109     6.4947    127.451    6.95239     6.4663    25.3682   12.48437 3.6382e-02 0.0000e+00
        873 302.475382    0.06056     3.6333    218.000    129.022  51526.475    32.3125     6.4867    127.776    6.95360     6.4559    25.3704   12.48635 3.6382e-02 0.0000e+00
        874 302.475385    0.06062     3.6375    218.250    129.342  51533.127    32.3152     6.4773    128.092    6.95499     6.4450    25.3737   12.48862 3.6382e-02 0.0000e+00
        875 302.475388    0.06069     3.6417    218.500    129.640  51541.862    32.3191     6.4669    128.388    6.95649     6.4346    25.3781   12.49106 3.6382e-02 0.0000e+00
        876 302.475391    0.06076     3.6458    218.750    129.909  51552.551    32.3243     6.4560    128.654    6.95801     6.4252    25.3836   12.49350 3.6382e-02 0.0000e+00
        877 302.475394    0.06083     3.6500    219.000    130.144  51564.182    32.3303     6.4456    128.886    6.95943     6.4173    25.3896   12.49577 3.6382e-02 0.0000e+00
        878 302.475396    0.06090     3.6542    219.250    130.351  51575.065    32.3360     6.4363    129.091    6.96068     6.4105    25.3953   12.49776 3.6382e-02 0.0000e+00
        879 302.475399    0.06097     3.6583    219.500    130.544  51584.002    32.3405     6.4283    129.282    6.96176     6.4044    25.3999   12.49948 3.6382e-02 0.0000e+00
        880 302.475402    0.06104     3.6625    219.750    130.743  51590.865    32.3439     6.4215    129.480    6.96270     6.3985    25.4034   12.50100 3.6382e-02 0.0000e+00
        881 302.475405    0.06111     3.6667    220.000    130.967  51595.939    32.3461     6.4155    129.701    6.96358     6.3924    25.4060   12.50243 3.6382e-02 0.0000e+00
        882 302.475408    0.06118     3.6708    220.250    131.225  51599.590    32.3474     6.4096    129.956    6.96447     6.3853    25.4077   12.50388 3.6382e-02 0.0000e+00
        883 302.475411    0.06125     3.6750    220.500    131.518  51602.250    32.3479     6.4035    130.246    6.96544     6.3770    25.4088   12.50548 3.6382e-02 0.0000e+00
        884 302.475414    0.06132     3.6792    220.750    131.839  51605.079    32.3483     6.3964    130.565    6.96656     6.3677    25.4101   12.50733 3.6382e-02 0.0000e+00
        885 302.475417    0.06139     3.6833    221.000    132.179  51609.622    32.3497     6.3882    130.901    6.96784     6.3578    25.4122   12.50942 3.6382e-02 0.0000e+00
        886 302.475420    0.06146     3.6875    221.250    132.525  51615.734    32.3520     6.3789    131.243    6.96925     6.3476    25.4152   12.51171 3.6382e-02 0.0000e+00
        887 302.475422    0.06153     3.6917    221.500    132.862  51622.887    32.3549     6.3690    131.578    6.97072     6.3377    25.4187   12.51411 3.6382e-02 0.0000e+00
        888 302.475425    0.06160     3.6958    221.750    133.172  51631.319    32.3587     6.3589    131.885    6.97219     6.3285    25.4230   12.51649 3.6382e-02 0.0000e+00
        889 302.475428    0.06167     3.7000    222.000    133.436  51640.600    32.3630     6.3490    132.146    6.97360     6.3204    25.4277   12.51877 3.6382e-02 0.0000e+00
        890 302.475431    0.06174     3.7042    222.250    133.639  51650.597    32.3681     6.3397    132.347    6.97487     6.3143    25.4328   12.52080 3.6382e-02 0.0000e+00
        891 302.475434    0.06181     3.7083    222.500    133.774  51661.601    32.3741     6.3317    132.480    6.97591     6.3108    25.4385   12.52243 3.6382e-02 0.0000e+00
        892 302.475437    0.06187     3.7125    222.750    133.850  51672.413    32.3803     6.3256    132.556    6.97661     6.3098    25.4442   12.52351 3.6382e-02 0.0000e+00
        893 302.475440    0.06194     3.7167    223.000    133.891  51680.671    32.3854     6.3220    132.597    6.97695     6.3106    25.4486   12.52401 3.6382e-02 0.0000e+00
        894 302.475443    0.06201     3.7208    223.250    133.932  51684.991    32.3882     6.3211    132.637    6.97698     6.3121    25.4510   12.52403 3.6382e-02 0.0000e+00
        895 302.475446    0.06208     3.7250    223.500    134.002  51685.396    32.3886     6.3219    132.706    6.97683     6.3127    25.4512   12.52378 3.6382e-02 0.0000e+00
        896 302.475448    0.06215     3.7292    223.750    134.123  51682.239    32.3866     6.3233    132.826    6.97668     6.3111    25.4495   12.52356 3.6382e-02 0.0000e+00
        897 302.475451    0.06222     3.7333    224.000    134.301  51677.311    32.3832     6.3240    133.003    6.97673     6.3067    25.4467   12.52368 3.6382e-02 0.0000e+00
        898 302.475454    0.06229     3.7375    224.250    134.533  51674.432    32.3808     6.3223    133.232    6.97711     6.3002    25.4450   12.52433 3.6382e-02 0.0000e+00
        899 302.475457    0.06236     3.7417    224.500    134.802  51676.490    32.3812     6.3180    133.499    6.97780     6.2930    25.4459   12.52547 3.6382e-02 0.0000e+00
        900 302.475460    0.06243     3.7458    224.750    135.091  51683.594    32.3848     6.3115    133.785    6.97868     6.2861    25.4495   12.52688 3.6382e-02 0.0000e+00
        901 302.475463    0.06250     3.7500    225.000    135.382  51693.566    32.3901     6.3043    134.073    6.97961     6.2804    25.4546   12.52836 3.6382e-02 0.0000e+00
        902 302.475466    0.06257     3.7542    225.250    135.658  51703.569    32.3956     6.2975    134.346    6.98048     6.2758    25.4598   12.52971 3.6382e-02 0.0000e+00
        903 302.475469    0.06264     3.7583    225.500    135.904  51711.971    32.4002     6.2917    134.590    6.98120     6.2722    25.4642   12.53085 3.6382e-02 0.0000e+00
