CTD-processing/allCTD/CNV--turbid/2012_06-05a_t9_s04a_cast035.cnv
* Sea-Bird SBE19plus Data File:
* FileName = C:\Documents and Settings\kris.holderied.local\My Documents\2012-KBRR-CTD-Kachemak-Bay\2012-KBRR-CTD-cast035.hex
* Software Version 1.54
* Temperature SN =  4141
* Conductivity SN =  4141
* System UpLoad Time = Jul 24 2012 21:58:49
** Kachemak Bay - Homer Spit Line CTD Survey
** Date:  2012-xx-xx   xxxx Tide (x of 2 lines)
** Station: 9-04
** Start time (AKDT-24 hr): 16:22
** Depth (m): 98.8
** Comments:  CTD time set wrong by 1 hour
# nquan = 16
# nvalues = 658                         
# units = specified
# name 0 = scan: Scan Count
# name 1 = timeJ: Julian Days
# name 2 = timeH: Time, Elapsed [hours]
# name 3 = timeM: Time, Elapsed [minutes]
# name 4 = timeS: Time, Elapsed [seconds]
# name 5 = prdM: Pressure, Strain Gauge [db]
# name 6 = specc: Specific Conductance [uS/cm]
# name 7 = sal00: Salinity, Practical [PSU]
# name 8 = tv290C: Temperature [ITS-90, deg C]
# name 9 = depSM: Depth [salt water, m], lat = 59.00
# name 10 = oxsolML/L: Oxygen Saturation, Garcia & Gordon [ml/l]
# name 11 = potemp090C: Potential Temperature [ITS-90, deg C]
# name 12 = sigma-é00: Density [sigma-theta, kg/m^3]
# name 13 = n2satML/L: Nitrogen Saturation [ml/l]
# name 14 = par: PAR/Irradiance, Biospherical/Licor
# name 15 = flag:  0.000e+00
# span 0 =          1,        658       
# span 1 = 157.724086, 157.725987       
# span 2 =    0.00000,    0.04562       
# span 3 =     0.0000,     2.7375       
# span 4 =      0.000,    164.250       
# span 5 =     -0.059,     88.714       
# span 6 =   1135.320,  51142.707       
# span 7 =     0.5505,    31.6936       
# span 8 =     4.6754,     7.1819       
# span 9 =     -0.058,     87.866       
# span 10 =    6.90539,    8.43016      
# span 11 =     4.6693,     7.1818      
# span 12 =     0.3345,    25.0871      
# span 13 =   12.42403,   15.39569      
# span 14 = 3.6393e-02, 2.3169e+03      
# span 15 = 0.0000e+00, 0.0000e+00      
# interval = seconds: 0.25
# start_time = Jun 05 2012 17:22:41 [Instrument's time stamp, header]
# bad_flag = -9.990e-29
*END*
[from data line 452]
        453 157.725394    0.03139     1.8833    113.000     52.907  50853.858    31.6094     5.1308     52.406    7.21299     5.1200    24.9743   12.92374 7.4814e-02 0.0000e+00
        454 157.725396    0.03146     1.8875    113.250     53.308  50855.537    31.6096     5.1272     52.803    7.21360     5.1170    24.9749   12.92474 7.0231e-02 0.0000e+00
        455 157.725399    0.03153     1.8917    113.500     53.708  50857.750    31.6102     5.1239     53.199    7.21415     5.1145    24.9757   12.92563 6.6912e-02 0.0000e+00
        456 157.725402    0.03160     1.8958    113.750     54.109  50859.878    31.6108     5.1210     53.596    7.21462     5.1121    24.9766   12.92640 6.4402e-02 0.0000e+00
        457 157.725405    0.03167     1.9000    114.000     54.510  50860.901    31.6108     5.1184     53.993    7.21506     5.1096    24.9768   12.92712 6.2422e-02 0.0000e+00
        458 157.725408    0.03174     1.9042    114.250     54.911  50860.757    31.6100     5.1161     54.390    7.21550     5.1067    24.9764   12.92787 6.0855e-02 0.0000e+00
        459 157.725411    0.03181     1.9083    114.500     55.311  50860.158    31.6088     5.1136     54.787    7.21599     5.1034    24.9758   12.92869 5.9599e-02 0.0000e+00
        460 157.725414    0.03188     1.9125    114.750     55.711  50859.619    31.6077     5.1107     55.183    7.21654     5.0996    24.9752   12.92961 5.8595e-02 0.0000e+00
        461 157.725417    0.03194     1.9167    115.000     56.111  50859.481    31.6067     5.1074     55.579    7.21716     5.0958    24.9747   12.93065 5.7815e-02 0.0000e+00
        462 157.725420    0.03201     1.9208    115.250     56.510  50860.446    31.6064     5.1037     55.974    7.21781     5.0922    24.9749   12.93172 5.7208e-02 0.0000e+00
        463 157.725422    0.03208     1.9250    115.500     56.907  50862.779    31.6070     5.0999     56.368    7.21844     5.0889    24.9758   12.93276 5.6688e-02 0.0000e+00
        464 157.725425    0.03215     1.9292    115.750     57.302  50865.464    31.6078     5.0963     56.759    7.21901     5.0860    24.9769   12.93370 5.6202e-02 0.0000e+00
        465 157.725428    0.03222     1.9333    116.000     57.695  50867.395    31.6083     5.0931     57.148    7.21954     5.0831    24.9776   12.93457 5.5821e-02 0.0000e+00
        466 157.725431    0.03229     1.9375    116.250     58.088  50868.346    31.6081     5.0902     57.536    7.22005     5.0800    24.9778   12.93541 5.5530e-02 0.0000e+00
        467 157.725434    0.03236     1.9417    116.500     58.482  50869.047    31.6078     5.0873     57.927    7.22057     5.0771    24.9778   12.93627 5.5229e-02 0.0000e+00
        468 157.725437    0.03243     1.9458    116.750     58.880  50870.798    31.6082     5.0843     58.321    7.22107     5.0741    24.9785   12.93709 5.4930e-02 0.0000e+00
        469 157.725440    0.03250     1.9500    117.000     59.280  50872.468    31.6085     5.0814     58.717    7.22157     5.0702    24.9790   12.93791 5.4644e-02 0.0000e+00
        470 157.725443    0.03257     1.9542    117.250     59.681  50871.230    31.6068     5.0784     59.115    7.22216     5.0651    24.9780   12.93891 5.4378e-02 0.0000e+00
        471 157.725446    0.03264     1.9583    117.500     60.083  50869.316    31.6044     5.0746     59.513    7.22293     5.0594    24.9766   12.94021 5.4160e-02 0.0000e+00
        472 157.725448    0.03271     1.9625    117.750     60.487  50871.275    31.6045     5.0694     59.913    7.22381     5.0542    24.9772   12.94167 5.3943e-02 0.0000e+00
        473 157.725451    0.03278     1.9667    118.000     60.892  50876.594    31.6067     5.0638     60.314    7.22468     5.0497    24.9796   12.94308 5.3671e-02 0.0000e+00
        474 157.725454    0.03285     1.9708    118.250     61.298  50882.931    31.6098     5.0585     60.716    7.22544     5.0457    24.9826   12.94429 5.3406e-02 0.0000e+00
        475 157.725457    0.03292     1.9750    118.500     61.703  50888.942    31.6127     5.0540     61.117    7.22607     5.0416    24.9854   12.94529 5.3236e-02 0.0000e+00
        476 157.725460    0.03299     1.9792    118.750     62.108  50893.042    31.6145     5.0501     61.518    7.22666     5.0361    24.9872   12.94624 5.3086e-02 0.0000e+00
        477 157.725463    0.03306     1.9833    119.000     62.513  50892.944    31.6134     5.0461     61.919    7.22742     5.0274    24.9868   12.94750 5.2883e-02 0.0000e+00
        478 157.725466    0.03313     1.9875    119.250     62.917  50887.502    31.6082     5.0406     62.320    7.22862     5.0151    24.9833   12.94955 5.2726e-02 0.0000e+00
        479 157.725469    0.03319     1.9917    119.500     63.321  50882.338    31.6026     5.0319     62.720    7.23039     5.0010    24.9798   12.95255 5.2649e-02 0.0000e+00
        480 157.725472    0.03326     1.9958    119.750     63.724  50884.744    31.6014     5.0197     63.119    7.23257     4.9869    24.9802   12.95616 5.2502e-02 0.0000e+00
        481 157.725475    0.03333     2.0000    120.000     64.126  50894.014    31.6045     5.0055     63.517    7.23487     4.9739    24.9841   12.95992 5.2315e-02 0.0000e+00
        482 157.725477    0.03340     2.0042    120.250     64.528  50905.743    31.6093     4.9915     63.914    7.23706     4.9621    24.9895   12.96349 5.2206e-02 0.0000e+00
        483 157.725480    0.03347     2.0083    120.500     64.928  50917.745    31.6146     4.9785     64.311    7.23906     4.9516    24.9950   12.96672 5.2095e-02 0.0000e+00
        484 157.725483    0.03354     2.0125    120.750     65.328  50929.751    31.6201     4.9667     64.707    7.24085     4.9429    25.0006   12.96959 5.1972e-02 0.0000e+00
        485 157.725486    0.03361     2.0167    121.000     65.728  50941.720    31.6258     4.9563     65.103    7.24238     4.9362    25.0063   12.97205 5.1852e-02 0.0000e+00
        486 157.725489    0.03368     2.0208    121.250     66.126  50952.533    31.6312     4.9476     65.498    7.24362     4.9311    25.0115   12.97404 5.1705e-02 0.0000e+00
        487 157.725492    0.03375     2.0250    121.500     66.524  50961.049    31.6354     4.9410     65.892    7.24458     4.9273    25.0155   12.97556 5.1582e-02 0.0000e+00
        488 157.725495    0.03382     2.0292    121.750     66.922  50967.044    31.6382     4.9360     66.286    7.24531     4.9241    25.0183   12.97673 5.1467e-02 0.0000e+00
        489 157.725498    0.03389     2.0333    122.000     67.321  50970.875    31.6398     4.9321     66.680    7.24589     4.9209    25.0199   12.97767 5.1383e-02 0.0000e+00
        490 157.725501    0.03396     2.0375    122.250     67.719  50973.088    31.6404     4.9289     67.075    7.24642     4.9175    25.0208   12.97853 5.1304e-02 0.0000e+00
        491 157.725503    0.03403     2.0417    122.500     68.118  50974.310    31.6404     4.9258     67.470    7.24696     4.9135    25.0211   12.97942 5.1144e-02 0.0000e+00
        492 157.725506    0.03410     2.0458    122.750     68.515  50975.578    31.6403     4.9223     67.864    7.24756     4.9093    25.0214   12.98041 5.1004e-02 0.0000e+00
        493 157.725509    0.03417     2.0500    123.000     68.913  50977.936    31.6408     4.9184     68.258    7.24822     4.9052    25.0223   12.98149 5.0914e-02 0.0000e+00
        494 157.725512    0.03424     2.0542    123.250     69.311  50981.550    31.6422     4.9142     68.652    7.24888     4.9016    25.0238   12.98257 5.0830e-02 0.0000e+00
        495 157.725515    0.03431     2.0583    123.500     69.709  50985.819    31.6440     4.9102     69.046    7.24950     4.8984    25.0257   12.98356 5.0815e-02 0.0000e+00
        496 157.725518    0.03438     2.0625    123.750     70.106  50990.018    31.6459     4.9065     69.439    7.25004     4.8954    25.0276   12.98443 5.0859e-02 0.0000e+00
        497 157.725521    0.03444     2.0667    124.000     70.504  50993.908    31.6477     4.9034     69.833    7.25051     4.8927    25.0294   12.98518 5.0901e-02 0.0000e+00
        498 157.725524    0.03451     2.0708    124.250     70.902  50997.852    31.6496     4.9005     70.227    7.25092     4.8900    25.0311   12.98584 5.0943e-02 0.0000e+00
        499 157.725527    0.03458     2.0750    124.500     71.299  51002.089    31.6518     4.8977     70.621    7.25129     4.8873    25.0331   12.98643 5.0951e-02 0.0000e+00
        500 157.725530    0.03465     2.0792    124.750     71.697  51006.291    31.6539     4.8950     71.015    7.25165     4.8845    25.0351   12.98700 5.0895e-02 0.0000e+00
        501 157.725532    0.03472     2.0833    125.000     72.095  51010.077    31.6557     4.8924     71.409    7.25202     4.8818    25.0368   12.98759 5.0784e-02 0.0000e+00
        502 157.725535    0.03479     2.0875    125.250     72.493  51013.867    31.6575     4.8897     71.803    7.25240     4.8794    25.0386   12.98820 5.0622e-02 0.0000e+00
        503 157.725538    0.03486     2.0917    125.500     72.889  51017.976    31.6595     4.8870     72.195    7.25277     4.8772    25.0405   12.98878 5.0480e-02 0.0000e+00
        504 157.725541    0.03493     2.0958    125.750     73.285  51021.534    31.6612     4.8846     72.587    7.25312     4.8751    25.0421   12.98933 5.0376e-02 0.0000e+00
        505 157.725544    0.03500     2.1000    126.000     73.680  51024.007    31.6622     4.8824     72.978    7.25345     4.8731    25.0431   12.98986 5.0287e-02 0.0000e+00
        506 157.725547    0.03507     2.1042    126.250     74.075  51025.984    31.6629     4.8803     73.369    7.25377     4.8711    25.0439   12.99038 5.0242e-02 0.0000e+00
        507 157.725550    0.03514     2.1083    126.500     74.469  51027.791    31.6635     4.8783     73.759    7.25409     4.8691    25.0446   12.99090 5.0219e-02 0.0000e+00
        508 157.725553    0.03521     2.1125    126.750     74.863  51029.151    31.6639     4.8764     74.149    7.25441     4.8669    25.0450   12.99143 5.0197e-02 0.0000e+00
        509 157.725556    0.03528     2.1167    127.000     75.259  51029.913    31.6638     4.8744     74.542    7.25476     4.8642    25.0452   12.99200 5.0191e-02 0.0000e+00
        510 157.725558    0.03535     2.1208    127.250     75.655  51030.197    31.6633     4.8722     74.934    7.25516     4.8608    25.0450   12.99267 5.0199e-02 0.0000e+00
        511 157.725561    0.03542     2.1250    127.500     76.050  51030.200    31.6625     4.8696     75.324    7.25566     4.8562    25.0447   12.99350 5.0214e-02 0.0000e+00
        512 157.725564    0.03549     2.1292    127.750     76.444  51029.568    31.6611     4.8662     75.715    7.25632     4.8495    25.0440   12.99461 5.0170e-02 0.0000e+00
        513 157.725567    0.03556     2.1333    128.000     76.838  51026.839    31.6580     4.8616     76.105    7.25727     4.8401    25.0420   12.99623 5.0062e-02 0.0000e+00
        514 157.725570    0.03562     2.1375    128.250     77.232  51022.520    31.6534     4.8550     76.495    7.25865     4.8285    25.0391   12.99856 4.9988e-02 0.0000e+00
        515 157.725573    0.03569     2.1417    128.500     77.626  51020.723    31.6499     4.8456     76.886    7.26044     4.8158    25.0373   13.00158 4.9949e-02 0.0000e+00
        516 157.725576    0.03576     2.1458    128.750     78.020  51023.825    31.6493     4.8340     77.276    7.26251     4.8034    25.0380   13.00499 4.9892e-02 0.0000e+00
        517 157.725579    0.03583     2.1500    129.000     78.413  51030.315    31.6507     4.8214     77.665    7.26464     4.7917    25.0405   13.00849 4.9793e-02 0.0000e+00
        518 157.725582    0.03590     2.1542    129.250     78.806  51037.850    31.6530     4.8089     78.055    7.26670     4.7810    25.0436   13.01187 4.9669e-02 0.0000e+00
        519 157.725584    0.03597     2.1583    129.500     79.199  51045.513    31.6555     4.7973     78.444    7.26862     4.7713    25.0468   13.01501 4.9569e-02 0.0000e+00
        520 157.725587    0.03604     2.1625    129.750     79.591  51052.936    31.6580     4.7866     78.832    7.27036     4.7622    25.0499   13.01784 4.9505e-02 0.0000e+00
        521 157.725590    0.03611     2.1667    130.000     79.981  51058.281    31.6593     4.7770     79.218    7.27198     4.7529    25.0520   13.02050 4.9439e-02 0.0000e+00
        522 157.725593    0.03618     2.1708    130.250     80.371  51061.477    31.6593     4.7678     79.604    7.27358     4.7435    25.0529   13.02313 4.9350e-02 0.0000e+00
        523 157.725596    0.03625     2.1750    130.500     80.759  51065.822    31.6600     4.7585     79.988    7.27516     4.7348    25.0545   13.02574 4.9245e-02 0.0000e+00
        524 157.725599    0.03632     2.1792    130.750     81.147  51073.148    31.6627     4.7492     80.372    7.27667     4.7274    25.0577   13.02819 4.9132e-02 0.0000e+00
        525 157.725602    0.03639     2.1833    131.000     81.535  51082.122    31.6668     4.7405     80.757    7.27799     4.7216    25.0618   13.03033 4.8974e-02 0.0000e+00
        526 157.725605    0.03646     2.1875    131.250     81.923  51090.870    31.6709     4.7331     81.141    7.27907     4.7171    25.0658   13.03206 4.8718e-02 0.0000e+00
        527 157.725608    0.03653     2.1917    131.500     82.310  51098.276    31.6745     4.7273     81.524    7.27991     4.7135    25.0693   13.03340 4.8298e-02 0.0000e+00
        528 157.725611    0.03660     2.1958    131.750     82.697  51104.027    31.6773     4.7229     81.907    7.28056     4.7105    25.0719   13.03444 4.7564e-02 0.0000e+00
        529 157.725613    0.03667     2.2000    132.000     83.083  51108.506    31.6793     4.7193     82.289    7.28109     4.7079    25.0740   13.03527 4.6294e-02 0.0000e+00
        530 157.725616    0.03674     2.2042    132.250     83.466  51112.322    31.6811     4.7163     82.669    7.28153     4.7056    25.0757   13.03597 4.4211e-02 0.0000e+00
        531 157.725619    0.03681     2.2083    132.500     83.845  51115.883    31.6828     4.7137     83.045    7.28190     4.7038    25.0773   13.03657 4.1668e-02 0.0000e+00
        532 157.725622    0.03687     2.2125    132.750     84.220  51119.278    31.6844     4.7114     83.415    7.28221     4.7024    25.0788   13.03706 3.9690e-02 0.0000e+00
        533 157.725625    0.03694     2.2167    133.000     84.587  51122.434    31.6860     4.7096     83.778    7.28245     4.7014    25.0803   13.03743 3.8594e-02 0.0000e+00
        534 157.725628    0.03701     2.2208    133.250     84.943  51125.149    31.6874     4.7082     84.131    7.28262     4.7006    25.0815   13.03770 3.8089e-02 0.0000e+00
        535 157.725631    0.03708     2.2250    133.500     85.284  51127.197    31.6884     4.7072     84.469    7.28275     4.7000    25.0824   13.03789 3.8038e-02 0.0000e+00
        536 157.725634    0.03715     2.2292    133.750     85.605  51128.689    31.6891     4.7065     84.787    7.28284     4.6994    25.0831   13.03804 3.8429e-02 0.0000e+00
        537 157.725637    0.03722     2.2333    134.000     85.901  51129.962    31.6897     4.7059     85.080    7.28292     4.6989    25.0836   13.03816 3.9175e-02 0.0000e+00
        538 157.725639    0.03729     2.2375    134.250     86.173  51131.229    31.6903     4.7054     85.350    7.28298     4.6984    25.0842   13.03827 4.0065e-02 0.0000e+00
        539 157.725642    0.03736     2.2417    134.500     86.421  51132.451    31.6909     4.7049     85.595    7.28305     4.6979    25.0847   13.03836 4.0893e-02 0.0000e+00
        540 157.725645    0.03743     2.2458    134.750     86.642  51133.518    31.6914     4.7044     85.814    7.28311     4.6976    25.0852   13.03845 4.1424e-02 0.0000e+00
        541 157.725648    0.03750     2.2500    135.000     86.833  51134.433    31.6919     4.7040     86.004    7.28316     4.6974    25.0856   13.03853 4.1599e-02 0.0000e+00
        542 157.725651    0.03757     2.2542    135.250     86.989  51135.188    31.6922     4.7037     86.158    7.28319     4.6973    25.0859   13.03858 4.1482e-02 0.0000e+00
