CTD-processing/allCTD/CNV--turbid/2012_10-29_t3_s08_cast053.cnv
* Sea-Bird SBE19plus Data File:
* FileName = C:\Documents and Settings\kris.holderied.local\My Documents\2012-CTD-DATA-new-files\2012-10-CookInlet-LTM\2012-10-29-LTM-CookInlet-Tran3-AnchorPt\2012-10-29-CookInlet-Tran3-cast053.hex
* Software Version 1.54
* Temperature SN =  4141
* Conductivity SN =  4141
* System UpLoad Time = Nov 20 2012 18:21:47
** Cook Inlet EVOSTC Transect 3 Anchor Pt west to east
** Date:  29 Oct 2012
** Station:  3-08
** Start time (AKDT-24 hr):  1049
** Depth (m):  75
** Comment:Skipped plankton & 2 oops-Rough seas.
# nquan = 16
# nvalues = 774                         
# units = specified
# name 0 = scan: Scan Count
# name 1 = timeJ: Julian Days
# name 2 = timeH: Time, Elapsed [hours]
# name 3 = timeM: Time, Elapsed [minutes]
# name 4 = timeS: Time, Elapsed [seconds]
# name 5 = prdM: Pressure, Strain Gauge [db]
# name 6 = specc: Specific Conductance [uS/cm]
# name 7 = sal00: Salinity, Practical [PSU]
# name 8 = tv290C: Temperature [ITS-90, deg C]
# name 9 = depSM: Depth [salt water, m], lat = 59.00
# name 10 = oxsolML/L: Oxygen Saturation, Garcia & Gordon [ml/l]
# name 11 = potemp090C: Potential Temperature [ITS-90, deg C]
# name 12 = sigma-é00: Density [sigma-theta, kg/m^3]
# name 13 = n2satML/L: Nitrogen Saturation [ml/l]
# name 14 = par: PAR/Irradiance, Biospherical/Licor
# name 15 = flag:  0.000e+00
# span 0 =          1,        774       
# span 1 = 303.450995, 303.453232       
# span 2 =    0.00000,    0.05368       
# span 3 =     0.0000,     3.2208       
# span 4 =      0.000,    193.250       
# span 5 =     -0.094,     80.120       
# span 6 =   1369.180,  49105.554       
# span 7 =     0.6617,    30.8067       
# span 8 =     3.9215,     7.3777       
# span 9 =     -0.093,     79.355       
# span 10 =    6.88452,    9.14934      
# span 11 =     3.9215,     7.3728      
# span 12 =     0.5078,    24.0728      
# span 13 =   12.39103,   16.60215      
# span 14 = 5.8089e-02, 1.5569e+02      
# span 15 = 0.0000e+00, 0.0000e+00      
# interval = seconds: 0.25
# start_time = Oct 29 2012 10:49:26 [Instrument's time stamp, header]
# bad_flag = -9.990e-29
*END*
[from data line 452]
        453 303.452303    0.03139     1.8833    113.000      2.850  45866.130    28.5588     7.0727      2.824    7.03129     7.0776    22.3405   12.66235 2.0914e+01 0.0000e+00
        454 303.452306    0.03146     1.8875    113.250      2.954  45874.992    28.5652     7.0751      2.926    7.03060     7.0806    22.3452   12.66112 1.9064e+01 0.0000e+00
        455 303.452309    0.03153     1.8917    113.500      3.029  45883.063    28.5712     7.0779      3.001    7.02987     7.0831    22.3496   12.65983 1.7828e+01 0.0000e+00
        456 303.452312    0.03160     1.8958    113.750      3.059  45885.956    28.5736     7.0809      3.030    7.02927     7.0845    22.3511   12.65882 1.7349e+01 0.0000e+00
        457 303.452315    0.03167     1.9000    114.000      3.033  45881.309    28.5708     7.0834      3.004    7.02899     7.0844    22.3486   12.65839 1.7751e+01 0.0000e+00
        458 303.452318    0.03174     1.9042    114.250      2.954  45872.189    28.5648     7.0847      2.926    7.02905     7.0832    22.3437   12.65856 1.8953e+01 0.0000e+00
        459 303.452321    0.03181     1.9083    114.500      2.836  45863.556    28.5589     7.0846      2.809    7.02933     7.0814    22.3391   12.65910 2.0662e+01 0.0000e+00
        460 303.452323    0.03188     1.9125    114.750      2.703  45857.180    28.5544     7.0834      2.678    7.02974     7.0796    22.3357   12.65984 2.2455e+01 0.0000e+00
        461 303.452326    0.03194     1.9167    115.000      2.583  45852.455    28.5509     7.0816      2.559    7.03019     7.0779    22.3332   12.66063 2.3829e+01 0.0000e+00
        462 303.452329    0.03201     1.9208    115.250      2.503  45849.083    28.5484     7.0798      2.479    7.03061     7.0766    22.3314   12.66136 2.4383e+01 0.0000e+00
        463 303.452332    0.03208     1.9250    115.500      2.479  45846.892    28.5466     7.0781      2.455    7.03096     7.0756    22.3303   12.66197 2.4039e+01 0.0000e+00
        464 303.452335    0.03215     1.9292    115.750      2.510  45845.467    28.5454     7.0768      2.487    7.03124     7.0749    22.3295   12.66244 2.3048e+01 0.0000e+00
        465 303.452338    0.03222     1.9333    116.000      2.586  45844.691    28.5447     7.0758      2.561    7.03143     7.0745    22.3290   12.66277 2.1940e+01 0.0000e+00
        466 303.452341    0.03229     1.9375    116.250      2.687  45845.247    28.5449     7.0751      2.662    7.03153     7.0745    22.3293   12.66293 2.1086e+01 0.0000e+00
        467 303.452344    0.03236     1.9417    116.500      2.794  45847.867    28.5466     7.0747      2.768    7.03152     7.0750    22.3307   12.66288 2.0369e+01 0.0000e+00
        468 303.452347    0.03243     1.9458    116.750      2.888  45852.390    28.5497     7.0747      2.860    7.03137     7.0758    22.3331   12.66261 1.9820e+01 0.0000e+00
        469 303.452350    0.03250     1.9500    117.000      2.954  45857.407    28.5532     7.0752      2.926    7.03114     7.0767    22.3358   12.66217 1.9684e+01 0.0000e+00
        470 303.452352    0.03257     1.9542    117.250      2.986  45860.167    28.5552     7.0760      2.957    7.03091     7.0772    22.3373   12.66177 1.9994e+01 0.0000e+00
        471 303.452355    0.03264     1.9583    117.500      2.981  45859.010    28.5545     7.0769      2.952    7.03079     7.0772    22.3366   12.66158 2.0640e+01 0.0000e+00
        472 303.452358    0.03271     1.9625    117.750      2.943  45856.758    28.5531     7.0774      2.916    7.03078     7.0770    22.3354   12.66157 2.1475e+01 0.0000e+00
        473 303.452361    0.03278     1.9667    118.000      2.882  45856.559    28.5530     7.0775      2.855    7.03078     7.0768    22.3353   12.66158 2.2363e+01 0.0000e+00
        474 303.452364    0.03285     1.9708    118.250      2.808  45857.418    28.5535     7.0773      2.782    7.03079     7.0767    22.3358   12.66158 2.3168e+01 0.0000e+00
        475 303.452367    0.03292     1.9750    118.500      2.739  45857.694    28.5537     7.0771      2.713    7.03081     7.0766    22.3360   12.66162 2.3724e+01 0.0000e+00
        476 303.452370    0.03299     1.9792    118.750      2.690  45857.320    28.5535     7.0769      2.665    7.03084     7.0767    22.3358   12.66167 2.3866e+01 0.0000e+00
        477 303.452373    0.03306     1.9833    119.000      2.673  45857.298    28.5535     7.0769      2.648    7.03085     7.0770    22.3358   12.66169 2.3453e+01 0.0000e+00
        478 303.452376    0.03313     1.9875    119.250      2.696  45859.448    28.5549     7.0769      2.671    7.03078     7.0780    22.3370   12.66155 2.2443e+01 0.0000e+00
        479 303.452378    0.03319     1.9917    119.500      2.764  45865.901    28.5594     7.0773      2.738    7.03051     7.0801    22.3404   12.66106 2.0991e+01 0.0000e+00
        480 303.452381    0.03326     1.9958    119.750      2.877  45878.729    28.5683     7.0783      2.850    7.02994     7.0833    22.3473   12.65999 1.9324e+01 0.0000e+00
        481 303.452384    0.03333     2.0000    120.000      3.029  45895.230    28.5799     7.0803      3.000    7.02906     7.0872    22.3562   12.65840 1.7644e+01 0.0000e+00
        482 303.452387    0.03340     2.0042    120.250      3.202  45908.266    28.5893     7.0836      3.172    7.02810     7.0910    22.3631   12.65668 1.6153e+01 0.0000e+00
        483 303.452390    0.03347     2.0083    120.500      3.378  45916.374    28.5954     7.0875      3.346    7.02718     7.0944    22.3674   12.65509 1.4944e+01 0.0000e+00
        484 303.452393    0.03354     2.0125    120.750      3.547  45923.267    28.6006     7.0913      3.513    7.02632     7.0974    22.3711   12.65359 1.3883e+01 0.0000e+00
        485 303.452396    0.03361     2.0167    121.000      3.709  45930.261    28.6059     7.0947      3.674    7.02553     7.1001    22.3748   12.65220 1.2876e+01 0.0000e+00
        486 303.452399    0.03368     2.0208    121.250      3.872  45936.515    28.6106     7.0977      3.836    7.02481     7.1025    22.3781   12.65096 1.1996e+01 0.0000e+00
        487 303.452402    0.03375     2.0250    121.500      4.048  45942.383    28.6150     7.1004      4.010    7.02417     7.1048    22.3812   12.64984 1.1200e+01 0.0000e+00
        488 303.452405    0.03382     2.0292    121.750      4.248  45948.776    28.6197     7.1029      4.208    7.02355     7.1070    22.3846   12.64876 1.0320e+01 0.0000e+00
        489 303.452407    0.03389     2.0333    122.000      4.479  45956.189    28.6251     7.1051      4.436    7.02293     7.1093    22.3885   12.64767 9.2286e+00 0.0000e+00
        490 303.452410    0.03396     2.0375    122.250      4.739  45964.597    28.6311     7.1074      4.694    7.02229     7.1116    22.3930   12.64653 7.9669e+00 0.0000e+00
        491 303.452413    0.03403     2.0417    122.500      5.020  45973.467    28.6374     7.1097      4.973    7.02163     7.1141    22.3977   12.64535 6.7166e+00 0.0000e+00
        492 303.452416    0.03410     2.0458    122.750      5.308  45984.031    28.6449     7.1120      5.259    7.02090     7.1170    22.4033   12.64404 5.6460e+00 0.0000e+00
        493 303.452419    0.03417     2.0500    123.000      5.590  45996.722    28.6539     7.1146      5.537    7.02007     7.1201    22.4101   12.64255 4.8083e+00 0.0000e+00
        494 303.452422    0.03424     2.0542    123.250      5.855  46010.540    28.6638     7.1174      5.800    7.01915     7.1235    22.4174   12.64091 4.1451e+00 0.0000e+00
        495 303.452425    0.03431     2.0583    123.500      6.099  46026.898    28.6754     7.1206      6.042    7.01811     7.1276    22.4262   12.63903 3.5903e+00 0.0000e+00
        496 303.452428    0.03438     2.0625    123.750      6.324  46048.115    28.6904     7.1241      6.265    7.01685     7.1325    22.4375   12.63675 3.1236e+00 0.0000e+00
        497 303.452431    0.03444     2.0667    124.000      6.538  46076.084    28.7102     7.1281      6.477    7.01528     7.1387    22.4526   12.63390 2.7260e+00 0.0000e+00
        498 303.452433    0.03451     2.0708    124.250      6.748  46112.876    28.7362     7.1331      6.685    7.01328     7.1466    22.4724   12.63025 2.3587e+00 0.0000e+00
        499 303.452436    0.03458     2.0750    124.500      6.960  46161.110    28.7702     7.1393      6.894    7.01070     7.1562    22.4984   12.62555 2.0186e+00 0.0000e+00
        500 303.452439    0.03465     2.0792    124.750      7.177  46217.643    28.8103     7.1472      7.110    7.00758     7.1671    22.5288   12.61987 1.7406e+00 0.0000e+00
        501 303.452442    0.03472     2.0833    125.000      7.404  46273.479    28.8501     7.1568      7.335    7.00418     7.1782    22.5589   12.61375 1.5355e+00 0.0000e+00
        502 303.452445    0.03479     2.0875    125.250      7.642  46322.275    28.8853     7.1677      7.571    7.00079     7.1886    22.5852   12.60770 1.3859e+00 0.0000e+00
        503 303.452448    0.03486     2.0917    125.500      7.894  46360.744    28.9134     7.1789      7.820    6.99769     7.1977    22.6059   12.60220 1.2637e+00 0.0000e+00
        504 303.452451    0.03493     2.0958    125.750      8.162  46393.087    28.9371     7.1893      8.085    6.99491     7.2055    22.6232   12.59729 1.1438e+00 0.0000e+00
        505 303.452454    0.03500     2.1000    126.000      8.452  46425.965    28.9611     7.1984      8.372    6.99234     7.2122    22.6409   12.59273 1.0238e+00 0.0000e+00
        506 303.452457    0.03507     2.1042    126.250      8.766  46459.994    28.9856     7.2062      8.684    6.98995     7.2178    22.6591   12.58846 9.0736e-01 0.0000e+00
        507 303.452459    0.03514     2.1083    126.500      9.105  46496.260    29.0115     7.2129      9.020    6.98768     7.2225    22.6786   12.58437 7.8957e-01 0.0000e+00
        508 303.452462    0.03521     2.1125    126.750      9.468  46538.374    29.0412     7.2186      9.380    6.98540     7.2266    22.7013   12.58021 6.6699e-01 0.0000e+00
        509 303.452465    0.03528     2.1167    127.000      9.848  46586.946    29.0753     7.2234      9.755    6.98307     7.2303    22.7275   12.57592 5.4410e-01 0.0000e+00
        510 303.452468    0.03535     2.1208    127.250     10.232  46639.353    29.1119     7.2275     10.136    6.98073     7.2339    22.7557   12.57159 4.2857e-01 0.0000e+00
        511 303.452471    0.03542     2.1250    127.500     10.606  46694.381    29.1502     7.2312     10.507    6.97837     7.2378    22.7854   12.56720 3.3146e-01 0.0000e+00
        512 303.452474    0.03549     2.1292    127.750     10.953  46752.543    29.1908     7.2349     10.851    6.97592     7.2418    22.8167   12.56263 2.6024e-01 0.0000e+00
        513 303.452477    0.03556     2.1333    128.000     11.254  46809.874    29.2308     7.2387     11.148    6.97347     7.2457    22.8477   12.55806 2.1245e-01 0.0000e+00
        514 303.452480    0.03562     2.1375    128.250     11.494  46855.749    29.2629     7.2428     11.386    6.97134     7.2490    22.8724   12.55413 1.8270e-01 0.0000e+00
        515 303.452483    0.03569     2.1417    128.500     11.672  46882.660    29.2820     7.2467     11.563    6.96984     7.2511    22.8870   12.55139 1.6718e-01 0.0000e+00
        516 303.452486    0.03576     2.1458    128.750     11.797  46891.379    29.2885     7.2500     11.686    6.96902     7.2523    22.8916   12.54995 1.6046e-01 0.0000e+00
        517 303.452488    0.03583     2.1500    129.000     11.885  46892.604    29.2896     7.2521     11.773    6.96861     7.2530    22.8922   12.54927 1.5618e-01 0.0000e+00
        518 303.452491    0.03590     2.1542    129.250     11.964  46902.724    29.2968     7.2533     11.852    6.96810     7.2540    22.8977   12.54833 1.5276e-01 0.0000e+00
        519 303.452494    0.03597     2.1583    129.500     12.066  46928.464    29.3146     7.2540     11.953    6.96717     7.2557    22.9116   12.54657 1.5048e-01 0.0000e+00
        520 303.452497    0.03604     2.1625    129.750     12.223  46965.359    29.3402     7.2550     12.109    6.96584     7.2579    22.9316   12.54405 1.4738e-01 0.0000e+00
        521 303.452500    0.03611     2.1667    130.000     12.458  47005.772    29.3682     7.2567     12.341    6.96429     7.2602    22.9534   12.54112 1.4256e-01 0.0000e+00
        522 303.452503    0.03618     2.1708    130.250     12.777  47044.880    29.3954     7.2590     12.656    6.96269     7.2622    22.9745   12.53812 1.3684e-01 0.0000e+00
        523 303.452506    0.03625     2.1750    130.500     13.171  47084.344    29.4229     7.2613     13.047    6.96106     7.2638    22.9957   12.53507 1.3036e-01 0.0000e+00
        524 303.452509    0.03632     2.1792    130.750     13.622  47127.255    29.4526     7.2634     13.494    6.95937     7.2651    23.0188   12.53190 1.2344e-01 0.0000e+00
        525 303.452512    0.03639     2.1833    131.000     14.111  47173.896    29.4849     7.2650     13.978    6.95764     7.2664    23.0440   12.52863 1.1678e-01 0.0000e+00
        526 303.452514    0.03646     2.1875    131.250     14.615  47224.711    29.5200     7.2663     14.477    6.95582     7.2683    23.0714   12.52518 1.1113e-01 0.0000e+00
        527 303.452517    0.03653     2.1917    131.500     15.112  47283.169    29.5604     7.2677     14.970    6.95375     7.2710    23.1029   12.52125 1.0683e-01 0.0000e+00
        528 303.452520    0.03660     2.1958    131.750     15.578  47347.711    29.6050     7.2696     15.431    6.95141     7.2744    23.1378   12.51680 1.0369e-01 0.0000e+00
        529 303.452523    0.03667     2.2000    132.000     15.984  47405.756    29.6454     7.2724     15.834    6.94913     7.2778    23.1692   12.51252 1.0129e-01 0.0000e+00
        530 303.452526    0.03674     2.2042    132.250     16.311  47447.177    29.6744     7.2757     16.158    6.94726     7.2807    23.1916   12.50906 9.9268e-02 0.0000e+00
        531 303.452529    0.03681     2.2083    132.500     16.563  47471.554    29.6917     7.2792     16.408    6.94592     7.2828    23.2047   12.50663 9.7790e-02 0.0000e+00
        532 303.452532    0.03687     2.2125    132.750     16.769  47484.267    29.7009     7.2821     16.612    6.94504     7.2844    23.2115   12.50505 9.7000e-02 0.0000e+00
        533 303.452535    0.03694     2.2167    133.000     16.963  47495.446    29.7088     7.2843     16.804    6.94433     7.2859    23.2175   12.50377 9.6506e-02 0.0000e+00
        534 303.452538    0.03701     2.2208    133.250     17.170  47512.995    29.7211     7.2859     17.009    6.94351     7.2876    23.2270   12.50226 9.6026e-02 0.0000e+00
        535 303.452541    0.03708     2.2250    133.500     17.405  47535.930    29.7371     7.2874     17.242    6.94254     7.2895    23.2394   12.50045 9.5769e-02 0.0000e+00
        536 303.452543    0.03715     2.2292    133.750     17.673  47559.394    29.7535     7.2891     17.507    6.94151     7.2916    23.2520   12.49855 9.5695e-02 0.0000e+00
        537 303.452546    0.03722     2.2333    134.000     17.967  47582.667    29.7698     7.2911     17.799    6.94046     7.2938    23.2645   12.49660 9.5555e-02 0.0000e+00
        538 303.452549    0.03729     2.2375    134.250     18.275  47607.513    29.7872     7.2932     18.104    6.93933     7.2961    23.2779   12.49452 9.5662e-02 0.0000e+00
        539 303.452552    0.03736     2.2417    134.500     18.584  47633.086    29.8051     7.2954     18.410    6.93817     7.2984    23.2917   12.49237 9.6143e-02 0.0000e+00
        540 303.452555    0.03743     2.2458    134.750     18.891  47655.317    29.8207     7.2977     18.714    6.93709     7.3005    23.3037   12.49038 9.6596e-02 0.0000e+00
        541 303.452558    0.03750     2.2500    135.000     19.200  47670.459    29.8314     7.3000     19.020    6.93623     7.3022    23.3118   12.48882 9.6868e-02 0.0000e+00
        542 303.452561    0.03757     2.2542    135.250     19.518  47679.054    29.8375     7.3021     19.335    6.93561     7.3035    23.3163   12.48772 9.7109e-02 0.0000e+00
