CTD-processing/allCTD/CNV--turbid/2012_08-15_t9_s07_cast032.cnv
* Sea-Bird SBE19plus Data File:
* FileName = C:\Documents and Settings\kris.holderied.local\My Documents\2012-08-15-CTD-HomerSpit\2012-08-15-HomerSpitLine-cast032.hex
* Software Version 1.54
* Temperature SN =  5028
* Conductivity SN =  5028
* System UpLoad Time = Aug 23 2012 21:59:44
** Kachemak Bay Homer Spit Line CTD
** Date:  2012-08-15
** Station: 9-07
** Start time (AKDT-24 hr): 1520
** Depth (ft): 333
** Comment: None
# nquan = 16
# nvalues = 594                         
# units = specified
# name 0 = scan: Scan Count
# name 1 = timeJ: Julian Days
# name 2 = timeH: Time, Elapsed [hours]
# name 3 = timeM: Time, Elapsed [minutes]
# name 4 = timeS: Time, Elapsed [seconds]
# name 5 = prdM: Pressure, Strain Gauge [db]
# name 6 = specc: Specific Conductance [uS/cm]
# name 7 = sal00: Salinity, Practical [PSU]
# name 8 = tv290C: Temperature [ITS-90, deg C]
# name 9 = depSM: Depth [salt water, m], lat = 59.00
# name 10 = oxsolML/L: Oxygen Saturation, Garcia & Gordon [ml/l]
# name 11 = potemp090C: Potential Temperature [ITS-90, deg C]
# name 12 = sigma-é00: Density [sigma-theta, kg/m^3]
# name 13 = n2satML/L: Nitrogen Saturation [ml/l]
# name 14 = par: PAR/Irradiance, Biospherical/Licor [umol photons/m^2/sec]
# name 15 = flag:  0.000e+00
# span 0 =          1,        594       
# span 1 = 228.639086, 228.640802       
# span 2 =    0.00000,    0.04118       
# span 3 =     0.0000,     2.4708       
# span 4 =      0.000,    148.250       
# span 5 =     -0.006,     92.820       
# span 6 =   3256.222,  49541.395       
# span 7 =     1.6878,    31.2627       
# span 8 =     8.3410,    12.5949       
# span 9 =     -0.006,     91.932       
# span 10 =    6.32420,    7.45161      
# span 11 =     8.3320,    12.5949      
# span 12 =     0.8081,    24.2925      
# span 13 =   11.49995,   13.72716      
# span 14 = 5.8544e-02, 4.5599e+02      
# span 15 = 0.0000e+00, 0.0000e+00      
# interval = seconds: 0.25
# start_time = Aug 15 2012 15:20:17 [Instrument's time stamp, header]
# bad_flag = -9.990e-29
*END*
[from data line 362]
        363 228.640133    0.02514     1.5083     90.500     16.565  48933.412    30.9996     9.2457     16.409    6.58739     9.2344    23.9499   11.89686 4.6499e+00 0.0000e+00
        364 228.640136    0.02521     1.5125     90.750     16.900  48943.153    31.0058     9.2416     16.741    6.58772     9.2273    23.9553   11.89733 4.3059e+00 0.0000e+00
        365 228.640139    0.02528     1.5167     91.000     17.237  48952.181    31.0112     9.2361     17.075    6.58830     9.2193    23.9604   11.89822 3.9850e+00 0.0000e+00
        366 228.640142    0.02535     1.5208     91.250     17.574  48961.782    31.0168     9.2291     17.409    6.58908     9.2109    23.9659   11.89945 3.6898e+00 0.0000e+00
        367 228.640145    0.02542     1.5250     91.500     17.913  48972.502    31.0231     9.2211     17.745    6.58998     9.2027    23.9721   11.90087 3.4208e+00 0.0000e+00
        368 228.640148    0.02549     1.5292     91.750     18.253  48983.889    31.0298     9.2128     18.082    6.59092     9.1951    23.9787   11.90234 3.1770e+00 0.0000e+00
        369 228.640150    0.02556     1.5333     92.000     18.593  48995.218    31.0365     9.2046     18.419    6.59183     9.1886    23.9852   11.90377 2.9582e+00 0.0000e+00
        370 228.640153    0.02562     1.5375     92.250     18.931  49005.943    31.0429     9.1970     18.753    6.59267     9.1834    23.9913   11.90508 2.7642e+00 0.0000e+00
        371 228.640156    0.02569     1.5417     92.500     19.266  49015.299    31.0484     9.1905     19.086    6.59338     9.1797    23.9966   11.90620 2.5928e+00 0.0000e+00
        372 228.640159    0.02576     1.5458     92.750     19.598  49022.711    31.0528     9.1855     19.415    6.59394     9.1770    24.0008   11.90707 2.4404e+00 0.0000e+00
        373 228.640162    0.02583     1.5500     93.000     19.926  49028.211    31.0560     9.1818     19.740    6.59435     9.1751    24.0039   11.90770 2.3022e+00 0.0000e+00
        374 228.640165    0.02590     1.5542     93.250     20.253  49032.263    31.0583     9.1791     20.063    6.59463     9.1734    24.0061   11.90815 2.1747e+00 0.0000e+00
        375 228.640168    0.02597     1.5583     93.500     20.579  49035.418    31.0601     9.1772     20.385    6.59484     9.1718    24.0079   11.90847 2.0562e+00 0.0000e+00
        376 228.640171    0.02604     1.5625     93.750     20.905  49038.107    31.0617     9.1756     20.708    6.59501     9.1701    24.0093   11.90873 1.9453e+00 0.0000e+00
        377 228.640174    0.02611     1.5667     94.000     21.231  49040.619    31.0631     9.1740     21.032    6.59518     9.1682    24.0107   11.90898 1.8414e+00 0.0000e+00
        378 228.640177    0.02618     1.5708     94.250     21.558  49043.051    31.0644     9.1724     21.355    6.59536     9.1659    24.0120   11.90928 1.7440e+00 0.0000e+00
        379 228.640179    0.02625     1.5750     94.500     21.884  49045.336    31.0656     9.1704     21.678    6.59559     9.1632    24.0132   11.90965 1.6530e+00 0.0000e+00
        380 228.640182    0.02632     1.5792     94.750     22.210  49047.484    31.0667     9.1681     22.001    6.59589     9.1603    24.0144   11.91012 1.5677e+00 0.0000e+00
        381 228.640185    0.02639     1.5833     95.000     22.536  49049.665    31.0677     9.1655     22.324    6.59624     9.1575    24.0156   11.91068 1.4875e+00 0.0000e+00
        382 228.640188    0.02646     1.5875     95.250     22.860  49051.877    31.0687     9.1626     22.645    6.59661     9.1548    24.0169   11.91129 1.4124e+00 0.0000e+00
        383 228.640191    0.02653     1.5917     95.500     23.182  49053.871    31.0696     9.1598     22.964    6.59698     9.1521    24.0180   11.91189 1.3422e+00 0.0000e+00
        384 228.640194    0.02660     1.5958     95.750     23.504  49055.561    31.0703     9.1572     23.283    6.59734     9.1495    24.0189   11.91248 1.2766e+00 0.0000e+00
        385 228.640197    0.02667     1.6000     96.000     23.827  49057.296    31.0710     9.1545     23.603    6.59770     9.1471    24.0199   11.91306 1.2152e+00 0.0000e+00
        386 228.640200    0.02674     1.6042     96.250     24.153  49059.345    31.0719     9.1520     23.925    6.59803     9.1451    24.0211   11.91361 1.1576e+00 0.0000e+00
        387 228.640203    0.02681     1.6083     96.500     24.483  49061.486    31.0730     9.1496     24.253    6.59834     9.1434    24.0222   11.91410 1.1029e+00 0.0000e+00
        388 228.640205    0.02688     1.6125     96.750     24.825  49063.329    31.0739     9.1476     24.591    6.59859     9.1418    24.0232   11.91451 1.0499e+00 0.0000e+00
        389 228.640208    0.02694     1.6167     97.000     25.189  49064.624    31.0744     9.1459     24.951    6.59881     9.1401    24.0239   11.91487 9.9681e-01 0.0000e+00
        390 228.640211    0.02701     1.6208     97.250     25.569  49065.505    31.0747     9.1444     25.328    6.59903     9.1382    24.0243   11.91523 9.4421e-01 0.0000e+00
        391 228.640214    0.02708     1.6250     97.500     25.942  49066.398    31.0749     9.1427     25.697    6.59926     9.1362    24.0248   11.91561 8.9547e-01 0.0000e+00
        392 228.640217    0.02715     1.6292     97.750     26.300  49067.616    31.0753     9.1409     26.052    6.59951     9.1342    24.0254   11.91601 8.5160e-01 0.0000e+00
        393 228.640220    0.02722     1.6333     98.000     26.653  49069.169    31.0760     9.1390     26.402    6.59976     9.1323    24.0262   11.91643 8.1113e-01 0.0000e+00
        394 228.640223    0.02729     1.6375     98.250     27.008  49070.911    31.0768     9.1370     26.753    6.60002     9.1306    24.0271   11.91684 7.7284e-01 0.0000e+00
        395 228.640226    0.02736     1.6417     98.500     27.368  49072.668    31.0776     9.1351     27.110    6.60026     9.1290    24.0281   11.91723 7.3612e-01 0.0000e+00
        396 228.640229    0.02743     1.6458     98.750     27.732  49074.295    31.0784     9.1334     27.471    6.60048     9.1275    24.0289   11.91758 7.0095e-01 0.0000e+00
        397 228.640231    0.02750     1.6500     99.000     28.098  49075.781    31.0791     9.1318     27.833    6.60068     9.1260    24.0297   11.91790 6.6758e-01 0.0000e+00
        398 228.640234    0.02757     1.6542     99.250     28.462  49077.192    31.0797     9.1304     28.194    6.60087     9.1243    24.0305   11.91820 6.3621e-01 0.0000e+00
        399 228.640237    0.02764     1.6583     99.500     28.822  49078.629    31.0804     9.1289     28.551    6.60105     9.1224    24.0312   11.91850 6.0676e-01 0.0000e+00
        400 228.640240    0.02771     1.6625     99.750     29.180  49080.237    31.0811     9.1273     28.905    6.60126     9.1202    24.0320   11.91884 5.7896e-01 0.0000e+00
        401 228.640243    0.02778     1.6667    100.000     29.536  49082.184    31.0821     9.1254     29.258    6.60150     9.1178    24.0331   11.91922 5.5254e-01 0.0000e+00
        402 228.640246    0.02785     1.6708    100.250     29.893  49084.553    31.0833     9.1233     29.611    6.60176     9.1151    24.0344   11.91965 5.2747e-01 0.0000e+00
        403 228.640249    0.02792     1.6750    100.500     30.249  49087.350    31.0847     9.1209     29.964    6.60205     9.1122    24.0359   11.92010 5.0376e-01 0.0000e+00
        404 228.640252    0.02799     1.6792    100.750     30.603  49090.762    31.0866     9.1183     30.314    6.60235     9.1091    24.0377   11.92057 4.8145e-01 0.0000e+00
        405 228.640255    0.02806     1.6833    101.000     30.953  49094.989    31.0890     9.1154     30.661    6.60267     9.1059    24.0401   11.92107 4.6060e-01 0.0000e+00
        406 228.640258    0.02813     1.6875    101.250     31.299  49099.811    31.0918     9.1123     31.004    6.60301     9.1029    24.0428   11.92160 4.4110e-01 0.0000e+00
        407 228.640260    0.02819     1.6917    101.500     31.639  49104.680    31.0947     9.1092     31.341    6.60335     9.1000    24.0455   11.92213 4.2282e-01 0.0000e+00
        408 228.640263    0.02826     1.6958    101.750     31.975  49109.140    31.0972     9.1061     31.673    6.60368     9.0971    24.0480   11.92265 4.0565e-01 0.0000e+00
        409 228.640266    0.02833     1.7000    102.000     32.305  49112.977    31.0994     9.1033     32.000    6.60401     9.0942    24.0501   11.92317 3.8955e-01 0.0000e+00
        410 228.640269    0.02840     1.7042    102.250     32.631  49116.222    31.1011     9.1005     32.323    6.60435     9.0908    24.0519   11.92370 3.7440e-01 0.0000e+00
        411 228.640272    0.02847     1.7083    102.500     32.955  49119.089    31.1026     9.0975     32.644    6.60472     9.0867    24.0535   11.92430 3.6011e-01 0.0000e+00
        412 228.640275    0.02854     1.7125    102.750     33.276  49121.767    31.1039     9.0942     32.962    6.60516     9.0815    24.0550   11.92502 3.4662e-01 0.0000e+00
        413 228.640278    0.02861     1.7167    103.000     33.597  49124.116    31.1048     9.0901     33.280    6.60572     9.0747    24.0564   11.92593 3.3384e-01 0.0000e+00
        414 228.640281    0.02868     1.7208    103.250     33.917  49125.580    31.1050     9.0850     33.597    6.60646     9.0660    24.0573   11.92716 3.2166e-01 0.0000e+00
        415 228.640284    0.02875     1.7250    103.500     34.236  49126.900    31.1049     9.0782     33.913    6.60746     9.0561    24.0582   11.92882 3.1001e-01 0.0000e+00
        416 228.640286    0.02882     1.7292    103.750     34.555  49130.486    31.1061     9.0695     34.229    6.60869     9.0463    24.0604   11.93084 2.9884e-01 0.0000e+00
        417 228.640289    0.02889     1.7333    104.000     34.878  49136.663    31.1089     9.0597     34.549    6.61001     9.0372    24.0642   11.93300 2.8795e-01 0.0000e+00
        418 228.640292    0.02896     1.7375    104.250     35.206  49142.881    31.1118     9.0500     34.874    6.61132     9.0286    24.0679   11.93513 2.7729e-01 0.0000e+00
        419 228.640295    0.02903     1.7417    104.500     35.538  49147.601    31.1137     9.0409     35.203    6.61257     9.0201    24.0708   11.93718 2.6692e-01 0.0000e+00
        420 228.640298    0.02910     1.7458    104.750     35.875  49151.436    31.1150     9.0323     35.537    6.61379     9.0118    24.0732   11.93917 2.5692e-01 0.0000e+00
        421 228.640301    0.02917     1.7500    105.000     36.215  49155.548    31.1165     9.0238     35.873    6.61497     9.0040    24.0757   11.94111 2.4732e-01 0.0000e+00
        422 228.640304    0.02924     1.7542    105.250     36.556  49160.529    31.1187     9.0156     36.211    6.61610     8.9970    24.0787   11.94295 2.3811e-01 0.0000e+00
        423 228.640307    0.02931     1.7583    105.500     36.897  49165.613    31.1211     9.0079     36.549    6.61713     8.9904    24.0817   11.94463 2.2930e-01 0.0000e+00
        424 228.640310    0.02937     1.7625    105.750     37.238  49169.736    31.1228     9.0009     36.887    6.61808     8.9837    24.0841   11.94619 2.2091e-01 0.0000e+00
        425 228.640312    0.02944     1.7667    106.000     37.578  49172.848    31.1239     8.9943     37.224    6.61901     8.9763    24.0860   11.94770 2.1288e-01 0.0000e+00
        426 228.640315    0.02951     1.7708    106.250     37.917  49175.116    31.1245     8.9876     37.559    6.61997     8.9674    24.0874   11.94929 2.0522e-01 0.0000e+00
        427 228.640318    0.02958     1.7750    106.500     38.254  49176.056    31.1240     8.9803     37.893    6.62108     8.9559    24.0881   11.95113 1.9792e-01 0.0000e+00
        428 228.640321    0.02965     1.7792    106.750     38.591  49176.026    31.1225     8.9714     38.227    6.62245     8.9418    24.0884   11.95343 1.9099e-01 0.0000e+00
        429 228.640324    0.02972     1.7833    107.000     38.928  49177.847    31.1220     8.9599     38.560    6.62417     8.9265    24.0897   11.95627 1.8441e-01 0.0000e+00
        430 228.640327    0.02979     1.7875    107.250     39.262  49184.158    31.1243     8.9458     38.892    6.62615     8.9117    24.0937   11.95952 1.7816e-01 0.0000e+00
        431 228.640330    0.02986     1.7917    107.500     39.595  49194.392    31.1292     8.9305     39.222    6.62820     8.8985    24.0998   11.96286 1.7225e-01 0.0000e+00
        432 228.640333    0.02993     1.7958    107.750     39.926  49206.142    31.1352     8.9157     39.549    6.63013     8.8873    24.1067   11.96598 1.6668e-01 0.0000e+00
        433 228.640336    0.03000     1.8000    108.000     40.255  49217.189    31.1410     8.9026     39.874    6.63182     8.8777    24.1132   11.96871 1.6140e-01 0.0000e+00
        434 228.640339    0.03007     1.8042    108.250     40.582  49226.036    31.1454     8.8915     40.199    6.63328     8.8690    24.1184   11.97108 1.5636e-01 0.0000e+00
        435 228.640341    0.03014     1.8083    108.500     40.911  49232.807    31.1487     8.8818     40.525    6.63457     8.8612    24.1224   11.97316 1.5151e-01 0.0000e+00
        436 228.640344    0.03021     1.8125    108.750     41.243  49238.869    31.1515     8.8732     40.853    6.63572     8.8543    24.1260   11.97504 1.4684e-01 0.0000e+00
        437 228.640347    0.03028     1.8167    109.000     41.577  49244.790    31.1544     8.8654     41.185    6.63676     8.8483    24.1294   11.97671 1.4238e-01 0.0000e+00
        438 228.640350    0.03035     1.8208    109.250     41.917  49249.985    31.1570     8.8586     41.521    6.63766     8.8429    24.1324   11.97818 1.3810e-01 0.0000e+00
        439 228.640353    0.03042     1.8250    109.500     42.262  49253.987    31.1588     8.8526     41.862    6.63846     8.8378    24.1347   11.97949 1.3397e-01 0.0000e+00
        440 228.640356    0.03049     1.8292    109.750     42.610  49257.132    31.1601     8.8473     42.208    6.63920     8.8328    24.1366   11.98070 1.3000e-01 0.0000e+00
        441 228.640359    0.03056     1.8333    110.000     42.962  49259.852    31.1611     8.8422     42.556    6.63991     8.8277    24.1381   11.98186 1.2621e-01 0.0000e+00
        442 228.640362    0.03062     1.8375    110.250     43.316  49262.052    31.1618     8.8372     42.906    6.64062     8.8221    24.1394   11.98303 1.2260e-01 0.0000e+00
        443 228.640365    0.03069     1.8417    110.500     43.670  49263.800    31.1621     8.8320     43.257    6.64137     8.8161    24.1405   11.98426 1.1916e-01 0.0000e+00
        444 228.640367    0.03076     1.8458    110.750     44.025  49265.509    31.1624     8.8265     43.608    6.64218     8.8095    24.1415   11.98559 1.1589e-01 0.0000e+00
        445 228.640370    0.03083     1.8500    111.000     44.381  49267.446    31.1627     8.8205     43.960    6.64305     8.8022    24.1427   11.98704 1.1277e-01 0.0000e+00
        446 228.640373    0.03090     1.8542    111.250     44.735  49269.552    31.1631     8.8139     44.312    6.64402     8.7940    24.1440   11.98863 1.0980e-01 0.0000e+00
        447 228.640376    0.03097     1.8583    111.500     45.089  49271.497    31.1633     8.8067     44.662    6.64509     8.7847    24.1452   11.99040 1.0699e-01 0.0000e+00
        448 228.640379    0.03104     1.8625    111.750     45.442  49273.167    31.1631     8.7986     45.012    6.64630     8.7742    24.1463   11.99241 1.0436e-01 0.0000e+00
        449 228.640382    0.03111     1.8667    112.000     45.794  49275.325    31.1631     8.7893     45.361    6.64768     8.7628    24.1477   11.99468 1.0189e-01 0.0000e+00
        450 228.640385    0.03118     1.8708    112.250     46.144  49278.683    31.1638     8.7788     45.708    6.64920     8.7512    24.1498   11.99720 9.9548e-02 0.0000e+00
        451 228.640388    0.03125     1.8750    112.500     46.495  49283.837    31.1656     8.7675     46.055    6.65081     8.7403    24.1530   11.99985 9.7327e-02 0.0000e+00
