CTD-processing/allCTD/CNV--turbid/2012_07-31_t6_s27_cast097.cnv
* Sea-Bird SBE19plus Data File:
* FileName = C:\Documents and Settings\kris.holderied.local\My Documents\2012-07-EVOS-CookInlet-Ocean\2012-07-CookInlet-Tran6-Douglas\2012-07-31-CookInlet-Tran6-cast097.hex
* Software Version 1.54
* Temperature SN =  4141
* Conductivity SN =  4141
* System UpLoad Time = Jul 31 2012 08:33:08
** Cook Inlet LTM Transect 6 (Douglas line)  East to West
** Date:  2012-07-31
** Station:  6-27
** Start time (AKDT-24 hr): 024
** Depth (m): 149
** Comment: S06=1.4km
# nquan = 16
# nvalues = 979                         
# units = specified
# name 0 = scan: Scan Count
# name 1 = timeJ: Julian Days
# name 2 = timeH: Time, Elapsed [hours]
# name 3 = timeM: Time, Elapsed [minutes]
# name 4 = timeS: Time, Elapsed [seconds]
# name 5 = prdM: Pressure, Strain Gauge [db]
# name 6 = specc: Specific Conductance [uS/cm]
# name 7 = sal00: Salinity, Practical [PSU]
# name 8 = tv290C: Temperature [ITS-90, deg C]
# name 9 = depSM: Depth [salt water, m], lat = 59.00
# name 10 = oxsolML/L: Oxygen Saturation, Garcia & Gordon [ml/l]
# name 11 = potemp090C: Potential Temperature [ITS-90, deg C]
# name 12 = sigma-é00: Density [sigma-theta, kg/m^3]
# name 13 = n2satML/L: Nitrogen Saturation [ml/l]
# name 14 = par: PAR/Irradiance, Biospherical/Licor
# name 15 = flag:  0.000e+00
# span 0 =          1,        979       
# span 1 = 213.016493, 213.019323       
# span 2 =    0.00000,    0.06792       
# span 3 =     0.0000,     4.0750       
# span 4 =      0.000,    244.500       
# span 5 =     -0.073,    127.454       
# span 6 =   1522.809,  51246.099       
# span 7 =     0.7576,    32.1399       
# span 8 =     6.5863,    10.5013       
# span 9 =     -0.073,    126.224       
# span 10 =    6.44381,    7.87987      
# span 11 =     6.5754,    10.5010      
# span 12 =     0.3069,    25.2197      
# span 13 =   11.66931,   14.46464      
# span 14 = 4.3735e-02, 1.7269e+00      
# span 15 = 0.0000e+00, 0.0000e+00      
# interval = seconds: 0.25
# start_time = Jul 31 2012 00:23:45 [Instrument's time stamp, header]
# bad_flag = -9.990e-29
*END*
          1 213.016493    0.00000     0.0000      0.000     -0.073   2114.318     1.0650     9.8907     -0.073    7.86549     9.8914     0.5488   14.43578 1.7269e+00 0.0000e+00
          2 213.016496    0.00007     0.0042      0.250     -0.072   2029.122     1.0201     9.8910     -0.071    7.86769     9.8917     0.5135   14.44017 1.6880e+00 0.0000e+00
          3 213.016499    0.00014     0.0083      0.500     -0.071   1945.104     0.9758     9.8914     -0.070    7.86985     9.8921     0.4787   14.44446 1.6464e+00 0.0000e+00
          4 213.016502    0.00021     0.0125      0.750     -0.070   1872.400     0.9376     9.8917     -0.069    7.87170     9.8925     0.4487   14.44815 1.6192e+00 0.0000e+00
          5 213.016505    0.00028     0.0167      1.000     -0.070   1807.413     0.9035     9.8921     -0.069    7.87334     9.8930     0.4219   14.45143 1.6043e+00 0.0000e+00
          6 213.016508    0.00035     0.0208      1.250     -0.069   1749.150     0.8730     9.8925     -0.068    7.87480     9.8935     0.3979   14.45435 1.5905e+00 0.0000e+00
          7 213.016510    0.00042     0.0250      1.500     -0.069   1699.634     0.8471     9.8930     -0.068    7.87602     9.8942     0.3776   14.45678 1.5736e+00 0.0000e+00
          8 213.016513    0.00049     0.0292      1.750     -0.068   1659.112     0.8260     9.8935     -0.068    7.87697     9.8949     0.3610   14.45871 1.5581e+00 0.0000e+00
          9 213.016516    0.00056     0.0333      2.000     -0.068   1623.278     0.8074     9.8942     -0.068    7.87779     9.8955     0.3463   14.46036 1.5403e+00 0.0000e+00
         10 213.016519    0.00063     0.0375      2.250     -0.068   1590.716     0.7906     9.8949     -0.068    7.87851     9.8960     0.3330   14.46183 1.5065e+00 0.0000e+00
         11 213.016522    0.00069     0.0417      2.500     -0.068   1564.143     0.7770     9.8955     -0.068    7.87908     9.8965     0.3223   14.46300 1.4575e+00 0.0000e+00
         12 213.016525    0.00076     0.0458      2.750     -0.069   1544.208     0.7670     9.8960     -0.068    7.87949     9.8968     0.3144   14.46385 1.4290e+00 0.0000e+00
         13 213.016528    0.00083     0.0500      3.000     -0.069   1530.037     0.7603     9.8965     -0.068    7.87977     9.8971     0.3091   14.46442 1.4684e+00 0.0000e+00
         14 213.016531    0.00090     0.0542      3.250     -0.069   1522.809     0.7576     9.8968     -0.068    7.87987     9.8973     0.3069   14.46464 1.5594e+00 0.0000e+00
         15 213.016534    0.00097     0.0583      3.500     -0.069   1526.065     0.7612     9.8971     -0.068    7.87968     9.8977     0.3096   14.46430 1.6375e+00 0.0000e+00
         16 213.016536    0.00104     0.0625      3.750     -0.068   1545.166     0.7741     9.8973     -0.067    7.87906     9.8981     0.3196   14.46308 1.6743e+00 0.0000e+00
         17 213.016539    0.00111     0.0667      4.000     -0.068   1586.376     0.8006     9.8977     -0.067    7.87779     9.8988     0.3401   14.46061 1.6758e+00 0.0000e+00
         18 213.016542    0.00118     0.0708      4.250     -0.068   1657.855     0.8461     9.8981     -0.067    7.87563     9.9000     0.3755   14.45637 1.6416e+00 0.0000e+00
         19 213.016545    0.00125     0.0750      4.500     -0.067   1780.532     0.9238     9.8988     -0.066    7.87193     9.9017     0.4359   14.44913 1.5667e+00 0.0000e+00
         20 213.016548    0.00132     0.0792      4.750     -0.066   1989.205     1.0554     9.9000     -0.065    7.86566     9.9046     0.5382   14.43686 1.4534e+00 0.0000e+00
         21 213.016551    0.00139     0.0833      5.000     -0.064   2336.062     1.2743     9.9017     -0.063    7.85526     9.9092     0.7084   14.41649 1.3035e+00 0.0000e+00
         22 213.016554    0.00146     0.0875      5.250     -0.061   2909.661     1.6369     9.9046     -0.060    7.83806     9.9168     0.9902   14.38282 1.1124e+00 0.0000e+00
         23 213.016557    0.00153     0.0917      5.500     -0.056   3858.723     2.2376     9.9092     -0.055    7.80961     9.9291     1.4571   14.32709 8.8644e-01 0.0000e+00
         24 213.016560    0.00160     0.0958      5.750     -0.048   5439.418     3.2381     9.9168     -0.047    7.76226     9.9491     2.2348   14.23433 6.5704e-01 0.0000e+00
         25 213.016562    0.00167     0.1000      6.000     -0.035   8080.570     4.9092     9.9291     -0.034    7.68322     9.9821     3.5336   14.07948 4.6171e-01 0.0000e+00
         26 213.016565    0.00174     0.1042      6.250     -0.013  12493.992     7.7003     9.9491     -0.013    7.55127    10.0344     5.7032   13.82092 3.2502e-01 0.0000e+00
         27 213.016568    0.00181     0.1083      6.500      0.022  19686.971    12.2646     9.9821      0.023    7.33581    10.1051     9.2505   13.39883 2.4277e-01 0.0000e+00
         28 213.016571    0.00187     0.1125      6.750      0.071  28644.529    17.9849    10.0344      0.071    7.06528    10.1815    13.6941   12.86953 1.9933e-01 0.0000e+00
         29 213.016574    0.00194     0.1167      7.000      0.123  36071.890    22.7600    10.1051      0.122    6.83670    10.2499    17.3990   12.42368 1.8901e-01 0.0000e+00
         30 213.016577    0.00201     0.1208      7.250      0.167  40693.901    25.7443    10.1815      0.165    6.68969    10.3046    19.7093   12.13835 1.9527e-01 0.0000e+00
         31 213.016580    0.00208     0.1250      7.500      0.201  43437.041    27.5164    10.2499      0.199    6.59906    10.3458    21.0773   11.96336 1.8340e-01 0.0000e+00
         32 213.016583    0.00215     0.1292      7.750      0.232  45069.202    28.5716    10.3046      0.230    6.54309    10.3757    21.8896   11.85582 1.4383e-01 0.0000e+00
         33 213.016586    0.00222     0.1333      8.000      0.276  46040.165    29.1998    10.3458      0.274    6.50854    10.3973    22.3718   11.78975 1.0449e-01 0.0000e+00
         34 213.016589    0.00229     0.1375      8.250      0.346  46616.577    29.5730    10.3757      0.343    6.48722    10.4130    22.6574   11.74918 8.0110e-02 0.0000e+00
         35 213.016591    0.00236     0.1417      8.500      0.451  46961.057    29.7963    10.3973      0.447    6.47395    10.4249    22.8277   11.72405 6.5774e-02 0.0000e+00
         36 213.016594    0.00243     0.1458      8.750      0.593  47169.450    29.9318    10.4130      0.588    6.46554    10.4345    22.9305   11.70820 5.7670e-02 0.0000e+00
         37 213.016597    0.00250     0.1500      9.000      0.765  47295.042    30.0137    10.4250      0.758    6.46011    10.4422    22.9924   11.69805 5.3536e-02 0.0000e+00
         38 213.016600    0.00257     0.1542      9.250      0.949  47367.949    30.0614    10.4346      0.940    6.45657    10.4482    23.0279   11.69152 5.1936e-02 0.0000e+00
         39 213.016603    0.00264     0.1583      9.500      1.125  47407.194    30.0871    10.4424      1.115    6.45428    10.4520    23.0466   11.68736 5.1736e-02 0.0000e+00
         40 213.016606    0.00271     0.1625      9.750      1.278  47426.245    30.0995    10.4483      1.266    6.45285    10.4538    23.0552   11.68481 5.2113e-02 0.0000e+00
         41 213.016609    0.00278     0.1667     10.000      1.401  47435.093    30.1051    10.4522      1.388    6.45203    10.4539    23.0590   11.68335 5.2652e-02 0.0000e+00
         42 213.016612    0.00285     0.1708     10.250      1.492  47439.807    30.1080    10.4540      1.478    6.45162    10.4529    23.0609   11.68264 5.3098e-02 0.0000e+00
         43 213.016615    0.00292     0.1750     10.500      1.551  47442.871    30.1097    10.4541      1.537    6.45153    10.4520    23.0623   11.68245 5.3160e-02 0.0000e+00
         44 213.016617    0.00299     0.1792     10.750      1.580  47445.800    30.1115    10.4531      1.566    6.45158    10.4518    23.0638   11.68251 5.2722e-02 0.0000e+00
         45 213.016620    0.00306     0.1833     11.000      1.582  47449.724    30.1140    10.4521      1.567    6.45160    10.4528    23.0659   11.68252 5.2030e-02 0.0000e+00
         46 213.016623    0.00313     0.1875     11.250      1.561  47454.628    30.1174    10.4520      1.546    6.45148    10.4548    23.0686   11.68228 5.1266e-02 0.0000e+00
         47 213.016626    0.00319     0.1917     11.500      1.528  47459.786    30.1211    10.4530      1.514    6.45119    10.4571    23.0713   11.68174 5.0367e-02 0.0000e+00
         48 213.016629    0.00326     0.1958     11.750      1.495  47463.798    30.1241    10.4550      1.481    6.45079    10.4593    23.0733   11.68104 4.9497e-02 0.0000e+00
         49 213.016632    0.00333     0.2000     12.000      1.472  47466.092    30.1260    10.4572      1.458    6.45039    10.4614    23.0744   11.68036 4.8892e-02 0.0000e+00
         50 213.016635    0.00340     0.2042     12.250      1.464  47467.461    30.1272    10.4594      1.451    6.45003    10.4636    23.0749   11.67975 4.8496e-02 0.0000e+00
         51 213.016638    0.00347     0.2083     12.500      1.474  47468.581    30.1282    10.4615      1.460    6.44970    10.4660    23.0754   11.67918 4.8178e-02 0.0000e+00
         52 213.016641    0.00354     0.2125     12.750      1.497  47469.580    30.1291    10.4637      1.483    6.44935    10.4685    23.0757   11.67859 4.7897e-02 0.0000e+00
         53 213.016644    0.00361     0.2167     13.000      1.528  47470.212    30.1298    10.4662      1.514    6.44898    10.4710    23.0759   11.67797 4.7562e-02 0.0000e+00
         54 213.016646    0.00368     0.2208     13.250      1.563  47470.085    30.1300    10.4687      1.548    6.44861    10.4732    23.0756   11.67736 4.7094e-02 0.0000e+00
         55 213.016649    0.00375     0.2250     13.500      1.595  47469.116    30.1296    10.4712      1.580    6.44828    10.4750    23.0749   11.67682 4.6590e-02 0.0000e+00
         56 213.016652    0.00382     0.2292     13.750      1.621  47467.657    30.1288    10.4734      1.606    6.44801    10.4763    23.0739   11.67637 4.6182e-02 0.0000e+00
         57 213.016655    0.00389     0.2333     14.000      1.638  47466.175    30.1280    10.4752      1.623    6.44779    10.4773    23.0730   11.67602 4.5903e-02 0.0000e+00
         58 213.016658    0.00396     0.2375     14.250      1.646  47464.954    30.1273    10.4765      1.630    6.44763    10.4781    23.0722   11.67576 4.5705e-02 0.0000e+00
         59 213.016661    0.00403     0.2417     14.500      1.643  47464.096    30.1268    10.4775      1.628    6.44751    10.4786    23.0717   11.67557 4.5521e-02 0.0000e+00
         60 213.016664    0.00410     0.2458     14.750      1.633  47463.668    30.1266    10.4782      1.618    6.44741    10.4790    23.0714   11.67542 4.5351e-02 0.0000e+00
         61 213.016667    0.00417     0.2500     15.000      1.619  47463.656    30.1266    10.4788      1.604    6.44733    10.4793    23.0713   11.67529 4.5317e-02 0.0000e+00
         62 213.016670    0.00424     0.2542     15.250      1.610  47463.869    30.1268    10.4792      1.595    6.44727    10.4794    23.0714   11.67518 4.5599e-02 0.0000e+00
         63 213.016672    0.00431     0.2583     15.500      1.611  47464.164    30.1271    10.4794      1.596    6.44723    10.4794    23.0716   11.67510 4.6347e-02 0.0000e+00
         64 213.016675    0.00438     0.2625     15.750      1.628  47464.510    30.1273    10.4795      1.612    6.44720    10.4795    23.0717   11.67506 4.7658e-02 0.0000e+00
         65 213.016678    0.00444     0.2667     16.000      1.660  47464.690    30.1274    10.4796      1.644    6.44720    10.4798    23.0718   11.67504 4.9559e-02 0.0000e+00
         66 213.016681    0.00451     0.2708     16.250      1.701  47464.322    30.1271    10.4797      1.685    6.44720    10.4802    23.0716   11.67504 5.2083e-02 0.0000e+00
         67 213.016684    0.00458     0.2750     16.500      1.742  47463.162    30.1263    10.4800      1.726    6.44719    10.4808    23.0709   11.67505 5.5261e-02 0.0000e+00
         68 213.016687    0.00465     0.2792     16.750      1.773  47461.281    30.1251    10.4804      1.757    6.44718    10.4814    23.0698   11.67504 5.8358e-02 0.0000e+00
         69 213.016690    0.00472     0.2833     17.000      1.789  47459.100    30.1236    10.4810      1.773    6.44716    10.4820    23.0686   11.67502 6.0288e-02 0.0000e+00
         70 213.016693    0.00479     0.2875     17.250      1.786  47457.294    30.1224    10.4816      1.770    6.44712    10.4825    23.0676   11.67498 6.0620e-02 0.0000e+00
         71 213.016696    0.00486     0.2917     17.500      1.764  47456.378    30.1219    10.4822      1.748    6.44706    10.4827    23.0671   11.67489 5.9464e-02 0.0000e+00
         72 213.016698    0.00493     0.2958     17.750      1.726  47456.249    30.1218    10.4827      1.710    6.44699    10.4827    23.0670   11.67478 5.7534e-02 0.0000e+00
         73 213.016701    0.00500     0.3000     18.000      1.676  47456.454    30.1220    10.4829      1.660    6.44695    10.4824    23.0671   11.67471 5.5262e-02 0.0000e+00
         74 213.016704    0.00507     0.3042     18.250      1.621  47456.754    30.1222    10.4829      1.606    6.44694    10.4821    23.0672   11.67470 5.2739e-02 0.0000e+00
         75 213.016707    0.00514     0.3083     18.500      1.568  47457.144    30.1225    10.4826      1.553    6.44697    10.4817    23.0675   11.67473 5.0372e-02 0.0000e+00
         76 213.016710    0.00521     0.3125     18.750      1.522  47457.686    30.1229    10.4822      1.508    6.44700    10.4814    23.0678   11.67478 4.8418e-02 0.0000e+00
         77 213.016713    0.00528     0.3167     19.000      1.491  47458.401    30.1234    10.4819      1.477    6.44703    10.4812    23.0683   11.67483 4.6962e-02 0.0000e+00
         78 213.016716    0.00535     0.3208     19.250      1.479  47459.167    30.1239    10.4816      1.465    6.44705    10.4810    23.0687   11.67486 4.6014e-02 0.0000e+00
         79 213.016719    0.00542     0.3250     19.500      1.487  47459.767    30.1242    10.4813      1.473    6.44707    10.4808    23.0691   11.67488 4.5488e-02 0.0000e+00
         80 213.016722    0.00549     0.3292     19.750      1.513  47459.927    30.1243    10.4811      1.499    6.44709    10.4804    23.0692   11.67492 4.5255e-02 0.0000e+00
         81 213.016725    0.00556     0.3333     20.000      1.553  47459.384    30.1239    10.4809      1.538    6.44715    10.4799    23.0689   11.67501 4.5209e-02 0.0000e+00
         82 213.016727    0.00562     0.3375     20.250      1.597  47458.057    30.1229    10.4805      1.582    6.44725    10.4793    23.0682   11.67518 4.5268e-02 0.0000e+00
         83 213.016730    0.00569     0.3417     20.500      1.636  47456.003    30.1214    10.4800      1.621    6.44738    10.4788    23.0671   11.67542 4.5389e-02 0.0000e+00
         84 213.016733    0.00576     0.3458     20.750      1.666  47453.330    30.1194    10.4794      1.650    6.44754    10.4783    23.0656   11.67571 4.5595e-02 0.0000e+00
         85 213.016736    0.00583     0.3500     21.000      1.682  47450.574    30.1174    10.4789      1.666    6.44770    10.4780    23.0642   11.67599 4.5831e-02 0.0000e+00
         86 213.016739    0.00590     0.3542     21.250      1.685  47448.838    30.1162    10.4785      1.669    6.44781    10.4780    23.0632   11.67620 4.6023e-02 0.0000e+00
         87 213.016742    0.00597     0.3583     21.500      1.677  47448.792    30.1161    10.4782      1.661    6.44785    10.4781    23.0632   11.67627 4.6194e-02 0.0000e+00
         88 213.016745    0.00604     0.3625     21.750      1.662  47450.205    30.1171    10.4782      1.646    6.44782    10.4783    23.0640   11.67620 4.6402e-02 0.0000e+00
         89 213.016748    0.00611     0.3667     22.000      1.646  47452.469    30.1187    10.4783      1.630    6.44773    10.4784    23.0652   11.67603 4.6769e-02 0.0000e+00
         90 213.016751    0.00618     0.3708     22.250      1.637  47454.721    30.1203    10.4785      1.621    6.44763    10.4782    23.0665   11.67586 4.7412e-02 0.0000e+00
