CTD-processing/allCTD/CNV--turbid/2012_05-02_t3_s10_cast017.cnv
* Sea-Bird SBE19plus Data File:
* FileName = C:\Documents and Settings\glenn.seaman\My Documents\KHolderied-files\CTD-DATA-FILES\2012-05-LTM-LowerCookInlet-CTD\Transect3-2012-05-02-AnchPt\2012-05-02-Transect3-AnchorPt017.hex
* Software Version 1.59
* Temperature SN =  5028
* Conductivity SN =  5028
* System UpLoad Time = May 03 2012 00:30:16
** LTM Transect3-AnchorPt
** Date: 2012-05-02
** Station:3-10
** Start time (AKDT-24hr):2124
** Depth (m, not incl. transducer):46
# nquan = 16
# nvalues = 544                         
# units = specified
# name 0 = scan: Scan Count
# name 1 = timeJ: Julian Days
# name 2 = timeH: Time, Elapsed [hours]
# name 3 = timeM: Time, Elapsed [minutes]
# name 4 = timeS: Time, Elapsed [seconds]
# name 5 = prdM: Pressure, Strain Gauge [db]
# name 6 = specc: Specific Conductance [uS/cm]
# name 7 = sal00: Salinity, Practical [PSU]
# name 8 = tv290C: Temperature [ITS-90, deg C]
# name 9 = depSM: Depth [salt water, m], lat = 59.00
# name 10 = oxsolML/L: Oxygen Saturation, Garcia & Gordon [ml/l]
# name 11 = potemp090C: Potential Temperature [ITS-90, deg C]
# name 12 = sigma-é00: Density [sigma-theta, kg/m^3]
# name 13 = n2satML/L: Nitrogen Saturation [ml/l]
# name 14 = par: PAR/Irradiance, Biospherical/Licor [umol photons/m^2/sec]
# name 15 = flag:  0.000e+00
# span 0 =          1,        544       
# span 1 = 123.891354, 123.892925       
# span 2 =    0.00000,    0.03771       
# span 3 =     0.0000,     2.2625       
# span 4 =      0.000,    135.750       
# span 5 =     -0.104,     46.175       
# span 6 =   1294.671,  51241.691       
# span 7 =     0.6235,    31.7735       
# span 8 =     3.5632,     4.8828       
# span 9 =     -0.103,     45.739       
# span 10 =    7.24969,    9.23639      
# span 11 =     3.5664,     4.8795      
# span 12 =     0.4764,    25.1628      
# span 13 =   12.98268,   16.74863      
# span 14 = 3.7490e-02, 2.9453e+01      
# span 15 = 0.0000e+00, 0.0000e+00      
# interval = seconds: 0.25
# start_time = May 02 2012 21:23:33 [Instrument's time stamp, header]
# bad_flag = -9.990e-29
*END*
[from data line 181]
        182 123.891878    0.01257     0.7542     45.250      1.071  50846.794    31.5164     4.6115      1.061    7.30803     4.5515    24.9553   13.08186 1.2297e+01 0.0000e+00
        183 123.891881    0.01264     0.7583     45.500      1.020  50890.984    31.5400     4.5818      1.010    7.31211     4.5258    24.9771   13.08829 1.2526e+01 0.0000e+00
        184 123.891884    0.01271     0.7625     45.750      0.970  50946.166    31.5711     4.5515      0.961    7.31592     4.5077    25.0048   13.09418 1.2763e+01 0.0000e+00
        185 123.891887    0.01278     0.7667     46.000      0.927  51003.549    31.6046     4.5258      0.918    7.31880     4.4990    25.0341   13.09850 1.2915e+01 0.0000e+00
        186 123.891889    0.01285     0.7708     46.250      0.894  51058.108    31.6379     4.5078      0.886    7.32036     4.5007    25.0623   13.10064 1.2938e+01 0.0000e+00
        187 123.891892    0.01292     0.7750     46.500      0.876  51103.985    31.6673     4.4991      0.868    7.32045     4.5136    25.0866   13.10041 1.2908e+01 0.0000e+00
        188 123.891895    0.01299     0.7792     46.750      0.872  51134.421    31.6886     4.5007      0.864    7.31912     4.5379    25.1033   13.09793 1.2852e+01 0.0000e+00
        189 123.891898    0.01306     0.7833     47.000      0.881  51145.792    31.6993     4.5136      0.873    7.31631     4.5707    25.1104   13.09316 1.2684e+01 0.0000e+00
        190 123.891901    0.01313     0.7875     47.250      0.903  51141.066    31.7015     4.5379      0.895    7.31191     4.6071    25.1097   13.08587 1.2315e+01 0.0000e+00
        191 123.891904    0.01319     0.7917     47.500      0.936  51127.924    31.6999     4.5707      0.927    7.30621     4.6427    25.1051   13.07648 1.1843e+01 0.0000e+00
        192 123.891907    0.01326     0.7958     47.750      0.976  51111.220    31.6966     4.6071      0.967    7.29997     4.6747    25.0987   13.06622 1.1453e+01 0.0000e+00
        193 123.891910    0.01333     0.8000     48.000      1.022  51089.822    31.6899     4.6427      1.013    7.29403     4.7015    25.0897   13.05650 1.1211e+01 0.0000e+00
        194 123.891913    0.01340     0.8042     48.250      1.071  51060.510    31.6770     4.6747      1.060    7.28903     4.7218    25.0761   13.04841 1.1057e+01 0.0000e+00
        195 123.891916    0.01347     0.8083     48.500      1.116  51020.817    31.6558     4.7015      1.106    7.28537     4.7347    25.0565   13.04265 1.0932e+01 0.0000e+00
        196 123.891918    0.01354     0.8125     48.750      1.155  50968.882    31.6247     4.7218      1.144    7.28333     4.7393    25.0297   13.03967 1.0844e+01 0.0000e+00
        197 123.891921    0.01361     0.8167     49.000      1.183  50906.524    31.5848     4.7347      1.171    7.28301     4.7348    24.9968   13.03967 1.0796e+01 0.0000e+00
        198 123.891924    0.01368     0.8208     49.250      1.198  50843.544    31.5426     4.7394      1.187    7.28425     4.7190    24.9628   13.04227 1.0840e+01 0.0000e+00
        199 123.891927    0.01375     0.8250     49.500      1.200  50794.106    31.5077     4.7348      1.189    7.28677     4.6910    24.9356   13.04687 1.1022e+01 0.0000e+00
        200 123.891930    0.01382     0.8292     49.750      1.191  50771.575    31.4887     4.7191      1.180    7.29046     4.6529    24.9222   13.05321 1.1257e+01 0.0000e+00
        201 123.891933    0.01389     0.8333     50.000      1.171  50784.228    31.4912     4.6911      1.160    7.29527     4.6102    24.9271   13.06111 1.1482e+01 0.0000e+00
        202 123.891936    0.01396     0.8375     50.250      1.142  50828.815    31.5133     4.6530      1.132    7.30089     4.5691    24.9485   13.07011 1.1730e+01 0.0000e+00
        203 123.891939    0.01403     0.8417     50.500      1.107  50891.866    31.5469     4.6103      1.096    7.30675     4.5337    24.9796   13.07935 1.2003e+01 0.0000e+00
        204 123.891942    0.01410     0.8458     50.750      1.066  50958.135    31.5831     4.5691      1.056    7.31223     4.5061    25.0126   13.08793 1.2254e+01 0.0000e+00
        205 123.891944    0.01417     0.8500     51.000      1.021  51016.960    31.6155     4.5337      1.012    7.31689     4.4868    25.0419   13.09520 1.2477e+01 0.0000e+00
        206 123.891947    0.01424     0.8542     51.250      0.974  51063.840    31.6414     4.5061      0.964    7.32048     4.4745    25.0652   13.10080 1.2675e+01 0.0000e+00
        207 123.891950    0.01431     0.8583     51.500      0.924  51099.104    31.6612     4.4868      0.915    7.32293     4.4676    25.0829   13.10458 1.2841e+01 0.0000e+00
        208 123.891953    0.01438     0.8625     51.750      0.873  51126.775    31.6774     4.4746      0.865    7.32429     4.4656    25.0970   13.10662 1.2999e+01 0.0000e+00
        209 123.891956    0.01444     0.8667     52.000      0.824  51153.086    31.6939     4.4677      0.816    7.32470     4.4708    25.1108   13.10709 1.3173e+01 0.0000e+00
        210 123.891959    0.01451     0.8708     52.250      0.785  51182.977    31.7139     4.4657      0.777    7.32408     4.4871    25.1269   13.10580 1.3268e+01 0.0000e+00
        211 123.891962    0.01458     0.8750     52.500      0.766  51213.007    31.7356     4.4708      0.759    7.32210     4.5176    25.1436   13.10224 1.3153e+01 0.0000e+00
        212 123.891965    0.01465     0.8792     52.750      0.771  51234.394    31.7540     4.4872      0.764    7.31831     4.5598    25.1565   13.09575 1.2866e+01 0.0000e+00
        213 123.891968    0.01472     0.8833     53.000      0.796  51241.691    31.7659     4.5176      0.789    7.31235     4.6058    25.1628   13.08577 1.2511e+01 0.0000e+00
        214 123.891970    0.01479     0.8875     53.250      0.836  51226.803    31.7652     4.5599      0.829    7.30494     4.6468    25.1579   13.07354 1.2182e+01 0.0000e+00
        215 123.891973    0.01486     0.8917     53.500      0.881  51181.988    31.7449     4.6059      0.873    7.29784     4.6772    25.1371   13.06207 1.1961e+01 0.0000e+00
        216 123.891976    0.01493     0.8958     53.750      0.921  51110.125    31.7049     4.6469      0.912    7.29257     4.6937    25.1011   13.05390 1.1830e+01 0.0000e+00
        217 123.891979    0.01500     0.9000     54.000      0.946  51023.996    31.6526     4.6772      0.938    7.28980     4.6947    25.0565   13.05000 1.1763e+01 0.0000e+00
        218 123.891982    0.01507     0.9042     54.250      0.954  50946.307    31.6030     4.6937      0.945    7.28932     4.6811    25.0155   13.04984 1.1819e+01 0.0000e+00
        219 123.891985    0.01514     0.9083     54.500      0.942  50902.474    31.5732     4.6948      0.933    7.29059     4.6590    24.9918   13.05233 1.2040e+01 0.0000e+00
        220 123.891988    0.01521     0.9125     54.750      0.916  50903.297    31.5707     4.6812      0.908    7.29309     4.6364    24.9913   13.05649 1.2386e+01 0.0000e+00
        221 123.891991    0.01528     0.9167     55.000      0.883  50939.439    31.5906     4.6590      0.874    7.29601     4.6196    25.0093   13.06106 1.2688e+01 0.0000e+00
        222 123.891994    0.01535     0.9208     55.250      0.850  50994.216    31.6231     4.6365      0.842    7.29839     4.6120    25.0374   13.06456 1.2815e+01 0.0000e+00
        223 123.891997    0.01542     0.9250     55.500      0.826  51051.535    31.6587     4.6197      0.819    7.29960     4.6152    25.0673   13.06609 1.2893e+01 0.0000e+00
        224 123.891999    0.01549     0.9292     55.750      0.817  51095.588    31.6872     4.6120      0.809    7.29955     4.6296    25.0907   13.06565 1.2987e+01 0.0000e+00
        225 123.892002    0.01556     0.9333     56.000      0.820  51118.247    31.7035     4.6152      0.813    7.29819     4.6520    25.1033   13.06319 1.3027e+01 0.0000e+00
        226 123.892005    0.01563     0.9375     56.250      0.833  51119.005    31.7072     4.6297      0.826    7.29546     4.6761    25.1048   13.05864 1.3036e+01 0.0000e+00
        227 123.892008    0.01569     0.9417     56.500      0.850  51096.429    31.6968     4.6521      0.842    7.29204     4.6969    25.0941   13.05313 1.3003e+01 0.0000e+00
        228 123.892011    0.01576     0.9458     56.750      0.866  51051.385    31.6713     4.6762      0.858    7.28905     4.7118    25.0714   13.04852 1.2892e+01 0.0000e+00
        229 123.892014    0.01583     0.9500     57.000      0.877  50993.634    31.6363     4.6970      0.869    7.28712     4.7203    25.0415   13.04579 1.2778e+01 0.0000e+00
        230 123.892017    0.01590     0.9542     57.250      0.883  50938.177    31.6016     4.7119      0.875    7.28619     4.7217    25.0125   13.04470 1.2759e+01 0.0000e+00
        231 123.892020    0.01597     0.9583     57.500      0.886  50896.000    31.5745     4.7204      0.877    7.28603     4.7163    24.9901   13.04478 1.2827e+01 0.0000e+00
        232 123.892023    0.01604     0.9625     57.750      0.887  50871.767    31.5582     4.7218      0.879    7.28658     4.7058    24.9771   13.04590 1.2945e+01 0.0000e+00
        233 123.892025    0.01611     0.9667     58.000      0.889  50865.887    31.5530     4.7163      0.881    7.28779     4.6935    24.9735   13.04797 1.2987e+01 0.0000e+00
        234 123.892028    0.01618     0.9708     58.250      0.892  50874.417    31.5565     4.7059      0.884    7.28945     4.6823    24.9774   13.05066 1.2833e+01 0.0000e+00
        235 123.892031    0.01625     0.9750     58.500      0.897  50890.664    31.5649     4.6935      0.889    7.29120     4.6739    24.9853   13.05345 1.2641e+01 0.0000e+00
        236 123.892034    0.01632     0.9792     58.750      0.902  50907.843    31.5742     4.6824      0.894    7.29271     4.6681    24.9938   13.05582 1.2614e+01 0.0000e+00
        237 123.892037    0.01639     0.9833     59.000      0.908  50920.633    31.5811     4.6740      0.900    7.29384     4.6632    25.0002   13.05760 1.2681e+01 0.0000e+00
        238 123.892040    0.01646     0.9875     59.250      0.913  50926.679    31.5840     4.6681      0.905    7.29473     4.6572    25.0031   13.05903 1.2691e+01 0.0000e+00
        239 123.892043    0.01653     0.9917     59.500      0.913  50928.058    31.5838     4.6632      0.905    7.29560     4.6490    25.0035   13.06047 1.2657e+01 0.0000e+00
        240 123.892046    0.01660     0.9958     59.750      0.908  50929.924    31.5838     4.6573      0.900    7.29665     4.6384    25.0040   13.06221 1.2644e+01 0.0000e+00
        241 123.892049    0.01667     1.0000     60.000      0.897  50936.463    31.5864     4.6491      0.889    7.29796     4.6255    25.0070   13.06433 1.2709e+01 0.0000e+00
        242 123.892052    0.01674     1.0042     60.250      0.883  50949.329    31.5928     4.6384      0.875    7.29952     4.6113    25.0132   13.06682 1.2880e+01 0.0000e+00
        243 123.892054    0.01681     1.0083     60.500      0.866  50968.434    31.6030     4.6255      0.858    7.30129     4.5976    25.0226   13.06962 1.3057e+01 0.0000e+00
        244 123.892057    0.01688     1.0125     60.750      0.848  50991.744    31.6159     4.6114      0.840    7.30315     4.5857    25.0342   13.07252 1.3180e+01 0.0000e+00
        245 123.892060    0.01694     1.0167     61.000      0.831  51016.306    31.6296     4.5977      0.823    7.30489     4.5764    25.0466   13.07521 1.3313e+01 0.0000e+00
        246 123.892063    0.01701     1.0208     61.250      0.815  51040.021    31.6432     4.5857      0.808    7.30633     4.5706    25.0586   13.07741 1.3434e+01 0.0000e+00
        247 123.892066    0.01708     1.0250     61.500      0.803  51061.930    31.6562     4.5765      0.795    7.30732     4.5688    25.0698   13.07889 1.3441e+01 0.0000e+00
        248 123.892069    0.01715     1.0292     61.750      0.795  51081.708    31.6684     4.5706      0.788    7.30775     4.5714    25.0801   13.07944 1.3396e+01 0.0000e+00
        249 123.892072    0.01722     1.0333     62.000      0.794  51099.059    31.6799     4.5689      0.787    7.30750     4.5788    25.0894   13.07888 1.3415e+01 0.0000e+00
        250 123.892075    0.01729     1.0375     62.250      0.800  51112.910    31.6900     4.5715      0.793    7.30654     4.5916    25.0971   13.07716 1.3376e+01 0.0000e+00
        251 123.892078    0.01736     1.0417     62.500      0.814  51120.838    31.6970     4.5789      0.806    7.30490     4.6107    25.1020   13.07436 1.3218e+01 0.0000e+00
        252 123.892080    0.01743     1.0458     62.750      0.835  51119.802    31.6992     4.5917      0.827    7.30253     4.6346    25.1024   13.07042 1.3021e+01 0.0000e+00
        253 123.892083    0.01750     1.0500     63.000      0.861  51108.365    31.6956     4.6108      0.853    7.29935     4.6597    25.0976   13.06521 1.2775e+01 0.0000e+00
        254 123.892086    0.01757     1.0542     63.250      0.891  51088.136    31.6871     4.6347      0.882    7.29557     4.6825    25.0883   13.05908 1.2546e+01 0.0000e+00
        255 123.892089    0.01764     1.0583     63.500      0.920  51060.637    31.6739     4.6597      0.912    7.29181     4.7006    25.0752   13.05305 1.2383e+01 0.0000e+00
        256 123.892092    0.01771     1.0625     63.750      0.946  51024.821    31.6544     4.6826      0.937    7.28876     4.7122    25.0574   13.04825 1.2238e+01 0.0000e+00
        257 123.892095    0.01778     1.0667     64.000      0.963  50981.497    31.6287     4.7007      0.954    7.28684     4.7167    25.0352   13.04542 1.2156e+01 0.0000e+00
        258 123.892098    0.01785     1.0708     64.250      0.969  50937.924    31.6015     4.7123      0.960    7.28612     4.7131    25.0123   13.04460 1.2202e+01 0.0000e+00
        259 123.892101    0.01792     1.0750     64.500      0.962  50904.446    31.5795     4.7167      0.953    7.28642     4.7012    24.9944   13.04537 1.2393e+01 0.0000e+00
        260 123.892104    0.01799     1.0792     64.750      0.943  50889.871    31.5687     4.7131      0.934    7.28758     4.6834    24.9863   13.04741 1.2684e+01 0.0000e+00
        261 123.892106    0.01806     1.0833     65.000      0.914  50899.581    31.5727     4.7012      0.905    7.28946     4.6647    24.9907   13.05048 1.2958e+01 0.0000e+00
        262 123.892109    0.01812     1.0875     65.250      0.881  50932.076    31.5911     4.6835      0.873    7.29169     4.6502    25.0071   13.05392 1.3110e+01 0.0000e+00
        263 123.892112    0.01819     1.0917     65.500      0.851  50980.354    31.6200     4.6647      0.843    7.29357     4.6438    25.0320   13.05665 1.3164e+01 0.0000e+00
        264 123.892115    0.01826     1.0958     65.750      0.829  51035.767    31.6548     4.6503      0.821    7.29441     4.6476    25.0611   13.05758 1.3202e+01 0.0000e+00
        265 123.892118    0.01833     1.1000     66.000      0.822  51088.741    31.6897     4.6439      0.814    7.29382     4.6622    25.0894   13.05615 1.3223e+01 0.0000e+00
        266 123.892121    0.01840     1.1042     66.250      0.830  51131.931    31.7201     4.6477      0.822    7.29167     4.6867    25.1131   13.05222 1.3211e+01 0.0000e+00
        267 123.892124    0.01847     1.1083     66.500      0.849  51162.529    31.7444     4.6623      0.841    7.28791     4.7170    25.1308   13.04571 1.3146e+01 0.0000e+00
        268 123.892127    0.01854     1.1125     66.750      0.872  51180.419    31.7621     4.6868      0.864    7.28276     4.7487    25.1423   13.03697 1.3028e+01 0.0000e+00
        269 123.892130    0.01861     1.1167     67.000      0.891  51185.466    31.7723     4.7171      0.883    7.27695     4.7777    25.1473   13.02724 1.2910e+01 0.0000e+00
        270 123.892133    0.01868     1.1208     67.250      0.902  51176.966    31.7735     4.7487      0.894    7.27136     4.8012    25.1449   13.01799 1.2826e+01 0.0000e+00
        271 123.892135    0.01875     1.1250     67.500      0.901  51158.134    31.7671     4.7778      0.893    7.26660     4.8183    25.1367   13.01022 1.2788e+01 0.0000e+00
