CTD-processing/allCTD/CNV--turbid/2012_05-02_t3_s11_cast016.cnv
* Sea-Bird SBE19plus Data File:
* FileName = C:\Documents and Settings\glenn.seaman\My Documents\KHolderied-files\CTD-DATA-FILES\2012-05-LTM-LowerCookInlet-CTD\Transect3-2012-05-02-AnchPt\2012-05-02-Transect3-AnchorPt016.hex
* Software Version 1.59
* Temperature SN =  5028
* Conductivity SN =  5028
* System UpLoad Time = May 03 2012 00:29:06
** LTM Transect3-AnchorPt
** Date: 2012-05-02
** Station:3-11
** Start time (AKDT-24hr):2109
** Depth (m, not incl. transducer):36
** Gap in time due from sta 3-12 due to wave buoy deployment
# nquan = 16
# nvalues = 482                         
# units = specified
# name 0 = scan: Scan Count
# name 1 = timeJ: Julian Days
# name 2 = timeH: Time, Elapsed [hours]
# name 3 = timeM: Time, Elapsed [minutes]
# name 4 = timeS: Time, Elapsed [seconds]
# name 5 = prdM: Pressure, Strain Gauge [db]
# name 6 = specc: Specific Conductance [uS/cm]
# name 7 = sal00: Salinity, Practical [PSU]
# name 8 = tv290C: Temperature [ITS-90, deg C]
# name 9 = depSM: Depth [salt water, m], lat = 59.00
# name 10 = oxsolML/L: Oxygen Saturation, Garcia & Gordon [ml/l]
# name 11 = potemp090C: Potential Temperature [ITS-90, deg C]
# name 12 = sigma-é00: Density [sigma-theta, kg/m^3]
# name 13 = n2satML/L: Nitrogen Saturation [ml/l]
# name 14 = par: PAR/Irradiance, Biospherical/Licor [umol photons/m^2/sec]
# name 15 = flag:  0.000e+00
# span 0 =          1,        482       
# span 1 = 123.880000, 123.881392       
# span 2 =    0.00000,    0.03340       
# span 3 =     0.0000,     2.0042       
# span 4 =      0.000,    120.250       
# span 5 =     -0.111,     35.736       
# span 6 =    526.350,  51133.692       
# span 7 =     0.2439,    31.7627       
# span 8 =     3.5560,     5.0340       
# span 9 =     -0.110,     35.399       
# span 10 =    7.22472,    9.26498      
# span 11 =     3.5560,     5.0314      
# span 12 =     0.1706,    25.1186      
# span 13 =   12.94177,   16.80303      
# span 14 = 3.7490e-02, 1.0016e+02      
# span 15 = 0.0000e+00, 0.0000e+00      
# interval = seconds: 0.25
# start_time = May 02 2012 21:07:12 [Instrument's time stamp, header]
# bad_flag = -9.990e-29
*END*
[from data line 452]
        453 123.881308    0.03139     1.8833    113.000     29.819  51017.997    31.7125     5.0332     29.538    7.22485     5.0312    25.0664   12.94199 3.7510e-02 0.0000e+00
        454 123.881311    0.03146     1.8875    113.250     30.013  51018.087    31.7125     5.0333     29.730    7.22484     5.0312    25.0664   12.94197 3.7502e-02 0.0000e+00
        455 123.881314    0.03153     1.8917    113.500     30.216  51018.192    31.7125     5.0333     29.932    7.22483     5.0313    25.0664   12.94196 3.7497e-02 0.0000e+00
        456 123.881317    0.03160     1.8958    113.750     30.430  51018.315    31.7125     5.0334     30.144    7.22482     5.0313    25.0664   12.94194 3.7494e-02 0.0000e+00
        457 123.881319    0.03167     1.9000    114.000     30.653  51018.460    31.7125     5.0335     30.364    7.22481     5.0313    25.0664   12.94192 3.7493e-02 0.0000e+00
        458 123.881322    0.03174     1.9042    114.250     30.882  51018.614    31.7125     5.0335     30.591    7.22481     5.0313    25.0664   12.94191 3.7492e-02 0.0000e+00
        459 123.881325    0.03181     1.9083    114.500     31.117  51018.783    31.7125     5.0335     30.824    7.22480     5.0313    25.0664   12.94191 3.7491e-02 0.0000e+00
        460 123.881328    0.03188     1.9125    114.750     31.354  51018.969    31.7125     5.0335     31.058    7.22480     5.0313    25.0664   12.94190 3.7491e-02 0.0000e+00
        461 123.881331    0.03194     1.9167    115.000     31.589  51019.146    31.7125     5.0336     31.292    7.22480     5.0312    25.0664   12.94190 3.7490e-02 0.0000e+00
        462 123.881334    0.03201     1.9208    115.250     31.820  51019.326    31.7126     5.0336     31.521    7.22480     5.0312    25.0664   12.94189 3.7490e-02 0.0000e+00
        463 123.881337    0.03208     1.9250    115.500     32.043  51019.522    31.7126     5.0336     31.741    7.22479     5.0313    25.0664   12.94189 3.7490e-02 0.0000e+00
        464 123.881340    0.03215     1.9292    115.750     32.256  51019.706    31.7126     5.0336     31.952    7.22479     5.0313    25.0664   12.94188 3.7490e-02 0.0000e+00
        465 123.881343    0.03222     1.9333    116.000     32.460  51019.857    31.7126     5.0336     32.154    7.22478     5.0313    25.0665   12.94188 3.7490e-02 0.0000e+00
        466 123.881345    0.03229     1.9375    116.250     32.655  51019.965    31.7126     5.0336     32.347    7.22478     5.0313    25.0665   12.94187 3.7490e-02 0.0000e+00
        467 123.881348    0.03236     1.9417    116.500     32.844  51020.038    31.7126     5.0337     32.534    7.22478     5.0313    25.0664   12.94187 3.7490e-02 0.0000e+00
        468 123.881351    0.03243     1.9458    116.750     33.030  51020.100    31.7125     5.0337     32.719    7.22478     5.0313    25.0664   12.94186 3.7490e-02 0.0000e+00
        469 123.881354    0.03250     1.9500    117.000     33.220  51020.195    31.7125     5.0337     32.907    7.22477     5.0313    25.0664   12.94186 3.7490e-02 0.0000e+00
        470 123.881357    0.03257     1.9542    117.250     33.417  51020.333    31.7125     5.0337     33.102    7.22477     5.0313    25.0664   12.94185 3.7490e-02 0.0000e+00
        471 123.881360    0.03264     1.9583    117.500     33.625  51020.473    31.7125     5.0338     33.308    7.22476     5.0313    25.0664   12.94185 3.7490e-02 0.0000e+00
        472 123.881363    0.03271     1.9625    117.750     33.844  51020.626    31.7125     5.0338     33.526    7.22476     5.0313    25.0664   12.94184 3.7490e-02 0.0000e+00
        473 123.881366    0.03278     1.9667    118.000     34.076  51020.836    31.7125     5.0338     33.755    7.22476     5.0313    25.0664   12.94183 3.7490e-02 0.0000e+00
        474 123.881369    0.03285     1.9708    118.250     34.316  51021.077    31.7126     5.0338     33.992    7.22475     5.0313    25.0664   12.94182 3.7490e-02 0.0000e+00
        475 123.881372    0.03292     1.9750    118.500     34.558  51021.296    31.7126     5.0338     34.232    7.22475     5.0313    25.0665   12.94181 3.7490e-02 0.0000e+00
        476 123.881374    0.03299     1.9792    118.750     34.800  51021.490    31.7126     5.0338     34.471    7.22474     5.0314    25.0665   12.94180 3.7490e-02 0.0000e+00
        477 123.881377    0.03306     1.9833    119.000     35.034  51021.666    31.7126     5.0339     34.703    7.22474     5.0314    25.0665   12.94179 3.7490e-02 0.0000e+00
        478 123.881380    0.03313     1.9875    119.250     35.251  51021.815    31.7126     5.0339     34.918    7.22473     5.0314    25.0665   12.94178 3.7490e-02 0.0000e+00
        479 123.881383    0.03319     1.9917    119.500     35.442  51021.920    31.7126     5.0339     35.107    7.22472     5.0314    25.0665   12.94178 3.7490e-02 0.0000e+00
        480 123.881386    0.03326     1.9958    119.750     35.596  51021.981    31.7126     5.0339     35.260    7.22472     5.0314    25.0665   12.94177 3.7490e-02 0.0000e+00
        481 123.881389    0.03333     2.0000    120.000     35.699  51021.997    31.7125     5.0340     35.363    7.22473 -9.990e-29    25.0664   12.94178 3.7490e-02 0.0000e+00
        482 123.881392    0.03340     2.0042    120.250     35.736  51021.993    31.7125     5.0340     35.399    7.22473 -9.990e-29    25.0664   12.94178 3.7490e-02 0.0000e+00
