CTD-processing/allCTD/CNV--turbid/2012_10-28_t7_s07_cast040.cnv
* Sea-Bird SBE19plus Data File:
* FileName = C:\Documents and Settings\kris.holderied.local\My Documents\2012-CTD-DATA-new-files\2012-10-CookInlet-Ocean-LTM\2012-10-28-and-29-EVOSTC-CookInletOcean-Tran7-Augustine\2012-10-28-and-29-CookInletOcean-Tran7-cast040.hex
* Software Version 1.54
* Temperature SN =  4141
* Conductivity SN =  4141
* System UpLoad Time = Oct 29 2012 03:37:11
** Cook Inlet EVOSTC Transect 7 Augustine line east to west
** Date:   28-29 Oct 2012
** Station:  7-07
** Start time (AKDT-24 hr): 0059
** Depth (m): 61
** Comment: Skipped station 7-08. Increased waves from west about 3th. Still relatively turbid
# nquan = 16
# nvalues = 694                         
# units = specified
# name 0 = scan: Scan Count
# name 1 = timeJ: Julian Days
# name 2 = timeH: Time, Elapsed [hours]
# name 3 = timeM: Time, Elapsed [minutes]
# name 4 = timeS: Time, Elapsed [seconds]
# name 5 = prdM: Pressure, Strain Gauge [db]
# name 6 = specc: Specific Conductance [uS/cm]
# name 7 = sal00: Salinity, Practical [PSU]
# name 8 = tv290C: Temperature [ITS-90, deg C]
# name 9 = depSM: Depth [salt water, m], lat = 59.00
# name 10 = oxsolML/L: Oxygen Saturation, Garcia & Gordon [ml/l]
# name 11 = potemp090C: Potential Temperature [ITS-90, deg C]
# name 12 = sigma-é00: Density [sigma-theta, kg/m^3]
# name 13 = n2satML/L: Nitrogen Saturation [ml/l]
# name 14 = par: PAR/Irradiance, Biospherical/Licor
# name 15 = flag:  0.000e+00
# span 0 =          1,        694       
# span 1 = 303.040961, 303.042966       
# span 2 =    0.00000,    0.04813       
# span 3 =     0.0000,     2.8875       
# span 4 =      0.000,    173.250       
# span 5 =     -0.049,     50.959       
# span 6 =    191.732,  48772.420       
# span 7 =     0.0861,    30.6726       
# span 8 =     4.5334,     7.8741       
# span 9 =     -0.049,     50.476       
# span 10 =    6.80805,    9.03502      
# span 11 =     4.5334,     7.8693      
# span 12 =     0.0417,    23.8955      
# span 13 =   12.26616,   16.41992      
# span 14 = 3.6382e-02, 4.9349e+00      
# span 15 = 0.0000e+00, 0.0000e+00      
# interval = seconds: 0.25
# start_time = Oct 29 2012 00:58:59 [Instrument's time stamp, header]
# bad_flag = -9.990e-29
*END*
[from data line 362]
        363 303.042008    0.02514     1.5083     90.500      1.592  45554.563    28.3321     6.9863      1.577    7.05592     6.9854    22.1730   12.70604 9.0291e-02 0.0000e+00
        364 303.042011    0.02521     1.5125     90.750      1.604  45554.723    28.3321     6.9860      1.589    7.05598     6.9850    22.1730   12.70615 1.0072e-01 0.0000e+00
        365 303.042014    0.02528     1.5167     91.000      1.631  45555.063    28.3323     6.9855      1.615    7.05605     6.9847    22.1732   12.70625 1.1610e-01 0.0000e+00
        366 303.042017    0.02535     1.5208     91.250      1.667  45555.479    28.3325     6.9851      1.651    7.05610     6.9845    22.1734   12.70633 1.3452e-01 0.0000e+00
        367 303.042020    0.02542     1.5250     91.500      1.708  45555.803    28.3327     6.9849      1.692    7.05614     6.9844    22.1736   12.70639 1.5203e-01 0.0000e+00
        368 303.042023    0.02549     1.5292     91.750      1.745  45556.021    28.3328     6.9847      1.729    7.05616     6.9843    22.1737   12.70644 1.6291e-01 0.0000e+00
        369 303.042025    0.02556     1.5333     92.000      1.770  45556.115    28.3328     6.9845      1.754    7.05618     6.9840    22.1737   12.70647 1.6192e-01 0.0000e+00
        370 303.042028    0.02562     1.5375     92.250      1.777  45555.951    28.3327     6.9844      1.760    7.05621     6.9836    22.1736   12.70652 1.4863e-01 0.0000e+00
        371 303.042031    0.02569     1.5417     92.500      1.762  45555.635    28.3324     6.9841      1.746    7.05627     6.9830    22.1735   12.70661 1.2796e-01 0.0000e+00
        372 303.042034    0.02576     1.5458     92.750      1.727  45555.452    28.3322     6.9837      1.711    7.05635     6.9823    22.1734   12.70675 1.0655e-01 0.0000e+00
        373 303.042037    0.02583     1.5500     93.000      1.678  45555.682    28.3323     6.9831      1.662    7.05644     6.9818    22.1735   12.70691 8.8887e-02 0.0000e+00
        374 303.042040    0.02590     1.5542     93.250      1.625  45556.370    28.3327     6.9824      1.609    7.05654     6.9815    22.1739   12.70706 7.6555e-02 0.0000e+00
        375 303.042043    0.02597     1.5583     93.500      1.577  45557.240    28.3333     6.9819      1.562    7.05660     6.9816    22.1744   12.70715 6.9815e-02 0.0000e+00
        376 303.042046    0.02604     1.5625     93.750      1.545  45558.083    28.3338     6.9817      1.531    7.05661     6.9820    22.1749   12.70716 6.8736e-02 0.0000e+00
        377 303.042049    0.02611     1.5667     94.000      1.537  45558.792    28.3343     6.9818      1.523    7.05657     6.9825    22.1752   12.70709 7.3869e-02 0.0000e+00
        378 303.042052    0.02618     1.5708     94.250      1.557  45559.219    28.3347     6.9822      1.542    7.05649     6.9831    22.1755   12.70695 8.6566e-02 0.0000e+00
        379 303.042054    0.02625     1.5750     94.500      1.602  45559.369    28.3348     6.9827      1.587    7.05639     6.9838    22.1756   12.70679 1.0871e-01 0.0000e+00
        380 303.042057    0.02632     1.5792     94.750      1.667  45559.554    28.3350     6.9832      1.651    7.05629     6.9846    22.1757   12.70662 1.4060e-01 0.0000e+00
        381 303.042060    0.02639     1.5833     95.000      1.738  45559.882    28.3353     6.9839      1.722    7.05617     6.9854    22.1758   12.70642 1.7551e-01 0.0000e+00
        382 303.042063    0.02646     1.5875     95.250      1.802  45559.648    28.3352     6.9847      1.785    7.05604     6.9860    22.1757   12.70620 2.0009e-01 0.0000e+00
        383 303.042066    0.02653     1.5917     95.500      1.843  45558.473    28.3345     6.9855      1.826    7.05593     6.9862    22.1750   12.70604 2.0117e-01 0.0000e+00
        384 303.042069    0.02660     1.5958     95.750      1.851  45557.041    28.3336     6.9861      1.834    7.05588     6.9860    22.1742   12.70596 1.7856e-01 0.0000e+00
        385 303.042072    0.02667     1.6000     96.000      1.823  45555.887    28.3329     6.9863      1.806    7.05588     6.9856    22.1736   12.70597 1.4828e-01 0.0000e+00
        386 303.042075    0.02674     1.6042     96.250      1.762  45555.135    28.3324     6.9862      1.746    7.05593     6.9851    22.1732   12.70606 1.2345e-01 0.0000e+00
        387 303.042078    0.02681     1.6083     96.500      1.680  45554.946    28.3322     6.9858      1.664    7.05601     6.9847    22.1731   12.70618 1.0882e-01 0.0000e+00
        388 303.042080    0.02688     1.6125     96.750      1.593  45555.404    28.3325     6.9853      1.578    7.05608     6.9845    22.1734   12.70630 1.0740e-01 0.0000e+00
        389 303.042083    0.02694     1.6167     97.000      1.521  45556.293    28.3331     6.9848      1.507    7.05612     6.9847    22.1740   12.70636 1.2226e-01 0.0000e+00
        390 303.042086    0.02701     1.6208     97.250      1.490  45557.207    28.3337     6.9846      1.476    7.05612     6.9850    22.1745   12.70635 1.5921e-01 0.0000e+00
        391 303.042089    0.02708     1.6250     97.500      1.515  45557.831    28.3341     6.9848      1.500    7.05608     6.9856    22.1748   12.70628 2.2831e-01 0.0000e+00
        392 303.042092    0.02715     1.6292     97.750      1.593  45558.255    28.3344     6.9852      1.578    7.05600     6.9865    22.1750   12.70615 3.4238e-01 0.0000e+00
        393 303.042095    0.02722     1.6333     98.000      1.705  45559.015    28.3350     6.9858      1.689    7.05588     6.9879    22.1753   12.70593 4.8845e-01 0.0000e+00
        394 303.042098    0.02729     1.6375     98.250      1.825  45560.396    28.3361     6.9867      1.808    7.05568     6.9896    22.1760   12.70559 6.2728e-01 0.0000e+00
        395 303.042101    0.02736     1.6417     98.500      1.926  45561.422    28.3369     6.9881      1.907    7.05541     6.9913    22.1766   12.70514 7.3172e-01 0.0000e+00
        396 303.042104    0.02743     1.6458     98.750      1.984  45560.747    28.3367     6.9898      1.965    7.05514     6.9924    22.1762   12.70469 7.7885e-01 0.0000e+00
        397 303.042106    0.02750     1.6500     99.000      1.984  45558.571    28.3355     6.9914      1.965    7.05492     6.9927    22.1750   12.70435 7.4093e-01 0.0000e+00
        398 303.042109    0.02757     1.6542     99.250      1.925  45556.042    28.3339     6.9925      1.906    7.05481     6.9924    22.1736   12.70419 6.1398e-01 0.0000e+00
        399 303.042112    0.02764     1.6583     99.500      1.815  45554.224    28.3328     6.9929      1.798    7.05481     6.9917    22.1727   12.70420 4.4792e-01 0.0000e+00
        400 303.042115    0.02771     1.6625     99.750      1.678  45553.626    28.3324     6.9925      1.662    7.05489     6.9910    22.1724   12.70433 3.0974e-01 0.0000e+00
        401 303.042118    0.02778     1.6667    100.000      1.539  45553.892    28.3325     6.9918      1.524    7.05500     6.9903    22.1726   12.70451 2.1994e-01 0.0000e+00
        402 303.042121    0.02785     1.6708    100.250      1.426  45554.588    28.3329     6.9911      1.412    7.05510     6.9898    22.1730   12.70468 1.6890e-01 0.0000e+00
        403 303.042124    0.02792     1.6750    100.500      1.362  45555.466    28.3335     6.9904      1.349    7.05519     6.9896    22.1735   12.70482 1.4922e-01 0.0000e+00
        404 303.042127    0.02799     1.6792    100.750      1.363  45556.333    28.3340     6.9899      1.350    7.05525     6.9897    22.1740   12.70490 1.5797e-01 0.0000e+00
        405 303.042130    0.02806     1.6833    101.000      1.430  45557.208    28.3345     6.9897      1.416    7.05525     6.9902    22.1745   12.70491 1.9567e-01 0.0000e+00
        406 303.042133    0.02813     1.6875    101.250      1.549  45558.156    28.3351     6.9898      1.534    7.05520     6.9909    22.1749   12.70482 2.5668e-01 0.0000e+00
        407 303.042135    0.02819     1.6917    101.500      1.697  45558.995    28.3357     6.9903      1.681    7.05511     6.9917    22.1753   12.70465 3.2534e-01 0.0000e+00
        408 303.042138    0.02826     1.6958    101.750      1.842  45559.321    28.3360     6.9910      1.825    7.05498     6.9925    22.1755   12.70443 3.9146e-01 0.0000e+00
        409 303.042141    0.02833     1.7000    102.000      1.956  45558.490    28.3355     6.9919      1.938    7.05485     6.9928    22.1750   12.70424 4.5220e-01 0.0000e+00
        410 303.042144    0.02840     1.7042    102.250      2.015  45556.835    28.3344     6.9926      1.996    7.05477     6.9929    22.1740   12.70412 5.0353e-01 0.0000e+00
        411 303.042147    0.02847     1.7083    102.500      2.008  45555.905    28.3339     6.9930      1.989    7.05474     6.9929    22.1735   12.70407 5.3402e-01 0.0000e+00
        412 303.042150    0.02854     1.7125    102.750      1.939  45555.770    28.3338     6.9930      1.921    7.05474     6.9927    22.1735   12.70406 5.1929e-01 0.0000e+00
        413 303.042153    0.02861     1.7167    103.000      1.823  45555.454    28.3336     6.9930      1.806    7.05476     6.9924    22.1733   12.70409 4.4777e-01 0.0000e+00
        414 303.042156    0.02868     1.7208    103.250      1.684  45555.103    28.3334     6.9928      1.668    7.05479     6.9921    22.1732   12.70416 3.4919e-01 0.0000e+00
        415 303.042159    0.02875     1.7250    103.500      1.549  45555.110    28.3334     6.9925      1.535    7.05484     6.9918    22.1733   12.70424 2.6744e-01 0.0000e+00
        416 303.042161    0.02882     1.7292    103.750      1.445  45555.310    28.3336     6.9922      1.432    7.05489     6.9917    22.1734   12.70432 2.2032e-01 0.0000e+00
        417 303.042164    0.02889     1.7333    104.000      1.389  45555.457    28.3337     6.9919      1.376    7.05493     6.9916    22.1735   12.70438 2.0730e-01 0.0000e+00
        418 303.042167    0.02896     1.7375    104.250      1.389  45555.511    28.3337     6.9918      1.375    7.05495     6.9916    22.1735   12.70442 2.2805e-01 0.0000e+00
        419 303.042170    0.02903     1.7417    104.500      1.440  45555.704    28.3338     6.9917      1.426    7.05496     6.9916    22.1736   12.70443 2.8417e-01 0.0000e+00
        420 303.042173    0.02910     1.7458    104.750      1.531  45556.222    28.3341     6.9917      1.517    7.05495     6.9917    22.1739   12.70441 3.7810e-01 0.0000e+00
        421 303.042176    0.02917     1.7500    105.000      1.647  45556.759    28.3344     6.9917      1.632    7.05493     6.9919    22.1741   12.70437 4.8342e-01 0.0000e+00
        422 303.042179    0.02924     1.7542    105.250      1.769  45556.950    28.3345     6.9919      1.752    7.05490     6.9921    22.1742   12.70432 5.5471e-01 0.0000e+00
        423 303.042182    0.02931     1.7583    105.500      1.874  45557.063    28.3346     6.9921      1.857    7.05486     6.9923    22.1742   12.70426 5.8643e-01 0.0000e+00
        424 303.042185    0.02937     1.7625    105.750      1.946  45557.245    28.3347     6.9923      1.928    7.05483     6.9923    22.1743   12.70419 5.8915e-01 0.0000e+00
        425 303.042188    0.02944     1.7667    106.000      1.973  45556.956    28.3345     6.9924      1.954    7.05481     6.9922    22.1741   12.70416 5.6229e-01 0.0000e+00
        426 303.042190    0.02951     1.7708    106.250      1.951  45556.117    28.3340     6.9925      1.933    7.05482     6.9917    22.1737   12.70420 5.1734e-01 0.0000e+00
        427 303.042193    0.02958     1.7750    106.500      1.886  45555.330    28.3334     6.9923      1.868    7.05488     6.9912    22.1733   12.70430 4.6383e-01 0.0000e+00
        428 303.042196    0.02965     1.7792    106.750      1.791  45555.007    28.3332     6.9919      1.774    7.05496     6.9906    22.1731   12.70445 3.9546e-01 0.0000e+00
        429 303.042199    0.02972     1.7833    107.000      1.685  45555.168    28.3332     6.9913      1.669    7.05506     6.9903    22.1733   12.70460 3.1679e-01 0.0000e+00
        430 303.042202    0.02979     1.7875    107.250      1.587  45555.601    28.3335     6.9907      1.573    7.05513     6.9901    22.1735   12.70472 2.4865e-01 0.0000e+00
        431 303.042205    0.02986     1.7917    107.500      1.518  45556.134    28.3338     6.9904      1.504    7.05518     6.9901    22.1739   12.70479 2.0281e-01 0.0000e+00
        432 303.042208    0.02993     1.7958    107.750      1.494  45556.677    28.3342     6.9902      1.480    7.05519     6.9901    22.1742   12.70481 1.8020e-01 0.0000e+00
        433 303.042211    0.03000     1.8000    108.000      1.527  45556.962    28.3343     6.9902      1.513    7.05519     6.9902    22.1743   12.70480 1.8051e-01 0.0000e+00
        434 303.042214    0.03007     1.8042    108.250      1.619  45556.708    28.3341     6.9902      1.605    7.05519     6.9901    22.1741   12.70480 2.0048e-01 0.0000e+00
        435 303.042216    0.03014     1.8083    108.500      1.766  45556.133    28.3337     6.9903      1.750    7.05520     6.9899    22.1738   12.70483 2.3377e-01 0.0000e+00
        436 303.042219    0.03021     1.8125    108.750      1.951  45555.913    28.3335     6.9902      1.933    7.05522     6.9898    22.1736   12.70487 2.6873e-01 0.0000e+00
        437 303.042222    0.03028     1.8167    109.000      2.156  45556.489    28.3338     6.9900      2.136    7.05523     6.9901    22.1738   12.70489 2.8899e-01 0.0000e+00
        438 303.042225    0.03035     1.8208    109.250      2.359  45558.200    28.3349     6.9900      2.337    7.05519     6.9911    22.1747   12.70481 2.8918e-01 0.0000e+00
        439 303.042228    0.03042     1.8250    109.500      2.542  45560.840    28.3366     6.9903      2.518    7.05506     6.9928    22.1760   12.70456 2.7584e-01 0.0000e+00
        440 303.042231    0.03049     1.8292    109.750      2.694  45562.645    28.3380     6.9913      2.669    7.05483     6.9947    22.1770   12.70416 2.5413e-01 0.0000e+00
        441 303.042234    0.03056     1.8333    110.000      2.811  45562.353    28.3380     6.9931      2.785    7.05455     6.9961    22.1768   12.70369 2.2683e-01 0.0000e+00
        442 303.042237    0.03062     1.8375    110.250      2.895  45560.588    28.3370     6.9949      2.868    7.05429     6.9969    22.1758   12.70327 1.9709e-01 0.0000e+00
        443 303.042240    0.03069     1.8417    110.500      2.954  45558.373    28.3357     6.9964      2.926    7.05411     6.9970    22.1746   12.70299 1.6857e-01 0.0000e+00
        444 303.042242    0.03076     1.8458    110.750      3.003  45556.361    28.3344     6.9972      2.974    7.05404     6.9966    22.1735   12.70289 1.4435e-01 0.0000e+00
        445 303.042245    0.03083     1.8500    111.000      3.059  45555.275    28.3337     6.9973      3.030    7.05406     6.9962    22.1729   12.70293 1.2617e-01 0.0000e+00
        446 303.042248    0.03090     1.8542    111.250      3.145  45555.747    28.3339     6.9969      3.115    7.05411     6.9962    22.1731   12.70301 1.1503e-01 0.0000e+00
        447 303.042251    0.03097     1.8583    111.500      3.281  45557.420    28.3349     6.9965      3.250    7.05412     6.9968    22.1740   12.70303 1.1166e-01 0.0000e+00
        448 303.042254    0.03104     1.8625    111.750      3.479  45559.170    28.3360     6.9965      3.447    7.05407     6.9978    22.1748   12.70292 1.1623e-01 0.0000e+00
        449 303.042257    0.03111     1.8667    112.000      3.739  45560.060    28.3366     6.9971      3.704    7.05395     6.9989    22.1752   12.70271 1.2756e-01 0.0000e+00
        450 303.042260    0.03118     1.8708    112.250      4.046  45559.957    28.3366     6.9981      4.009    7.05378     6.9999    22.1751   12.70244 1.4001e-01 0.0000e+00
        451 303.042263    0.03125     1.8750    112.500      4.377  45559.259    28.3361     6.9992      4.336    7.05361     7.0005    22.1746   12.70217 1.4622e-01 0.0000e+00
