CTD-processing/allCTD/CNV--turbid/2012_07-29_t3_s16_cast042.cnv
* Sea-Bird SBE19plus Data File:
* FileName = C:\Documents and Settings\kris.holderied.local\My Documents\2012-07-EVOS-CookInlet-Ocean\2012-07-29-Tran3-CookInlet-LTM-cast042.hex
* Software Version 1.54
* Temperature SN =  4141
* Conductivity SN =  4141
* System UpLoad Time = Jul 29 2012 20:14:05
** Cook Inlet LTM Transect 3 from Anchor Pt west
** Date:  2012-07-29
** Station:  3-16
** Start time (AKDT-24 hr): 1402
** Depth (m): 15
** Wind light and variable.  Flat seas. Depth includes 3 m transducer depth. CTD time 1 hr later than AKDT.
# nquan = 16
# nvalues = 525                         
# units = specified
# name 0 = scan: Scan Count
# name 1 = timeJ: Julian Days
# name 2 = timeH: Time, Elapsed [hours]
# name 3 = timeM: Time, Elapsed [minutes]
# name 4 = timeS: Time, Elapsed [seconds]
# name 5 = prdM: Pressure, Strain Gauge [db]
# name 6 = specc: Specific Conductance [uS/cm]
# name 7 = sal00: Salinity, Practical [PSU]
# name 8 = tv290C: Temperature [ITS-90, deg C]
# name 9 = depSM: Depth [salt water, m], lat = 59.00
# name 10 = oxsolML/L: Oxygen Saturation, Garcia & Gordon [ml/l]
# name 11 = potemp090C: Potential Temperature [ITS-90, deg C]
# name 12 = sigma-é00: Density [sigma-theta, kg/m^3]
# name 13 = n2satML/L: Nitrogen Saturation [ml/l]
# name 14 = par: PAR/Irradiance, Biospherical/Licor
# name 15 = flag:  0.000e+00
# span 0 =          1,        525       
# span 1 = 211.628449, 211.629965       
# span 2 =    0.00000,    0.03639       
# span 3 =     0.0000,     2.1833       
# span 4 =      0.000,    131.000       
# span 5 =     -0.034,     15.165       
# span 6 =     -0.016,  48541.900       
# span 7 =     0.0039,    30.8125       
# span 8 =     9.9160,    13.6915       
# span 9 =     -0.034,     15.022       
# span 10 =    6.39989,    7.26065      
# span 11 =     9.9143,    13.6915      
# span 12 =    -0.7087,    23.6979      
# span 13 =   11.59504,   13.42690      
# span 14 = 2.8937e+00, 4.1621e+02      
# span 15 = 0.0000e+00, 0.0000e+00      
# interval = seconds: 0.25
# start_time = Jul 29 2012 15:04:58 [Instrument's time stamp, header]
# bad_flag = -9.990e-29
*END*
[from data line 452]
        453 211.629757    0.03139     1.8833    113.000      5.264  48158.949    30.5798    10.1832      5.214    6.47026    10.1650    23.4730   11.70787 3.9604e+01 0.0000e+00
        454 211.629760    0.03146     1.8875    113.250      5.445  48170.727    30.5869    10.1746      5.394    6.47118    10.1552    23.4800   11.70931 3.7335e+01 0.0000e+00
        455 211.629763    0.03153     1.8917    113.500      5.626  48182.976    30.5944    10.1656      5.574    6.47214    10.1444    23.4873   11.71081 3.5153e+01 0.0000e+00
        456 211.629766    0.03160     1.8958    113.750      5.804  48196.347    30.6025    10.1559      5.750    6.47317    10.1323    23.4952   11.71243 3.3122e+01 0.0000e+00
        457 211.629769    0.03167     1.9000    114.000      5.972  48211.410    30.6118    10.1451      5.917    6.47432    10.1190    23.5042   11.71421 3.1303e+01 0.0000e+00
        458 211.629771    0.03174     1.9042    114.250      6.129  48228.405    30.6222    10.1330      6.072    6.47559    10.1048    23.5143   11.71620 2.9733e+01 0.0000e+00
        459 211.629774    0.03181     1.9083    114.500      6.275  48247.137    30.6338    10.1197      6.217    6.47700    10.0903    23.5254   11.71839 2.8410e+01 0.0000e+00
        460 211.629777    0.03188     1.9125    114.750      6.412  48267.075    30.6460    10.1055      6.353    6.47850    10.0764    23.5373   11.72074 2.7303e+01 0.0000e+00
        461 211.629780    0.03194     1.9167    115.000      6.543  48287.362    30.6585    10.0910      6.482    6.48004    10.0636    23.5494   11.72313 2.6360e+01 0.0000e+00
        462 211.629783    0.03201     1.9208    115.250      6.671  48306.934    30.6705    10.0772      6.608    6.48151    10.0520    23.5610   11.72542 2.5517e+01 0.0000e+00
        463 211.629786    0.03208     1.9250    115.500      6.797  48324.998    30.6816    10.0644      6.734    6.48286    10.0412    23.5717   11.72753 2.4719e+01 0.0000e+00
        464 211.629789    0.03215     1.9292    115.750      6.926  48341.469    30.6917    10.0528      6.861    6.48408    10.0310    23.5815   11.72944 2.3935e+01 0.0000e+00
        465 211.629792    0.03222     1.9333    116.000      7.061  48356.860    30.7012    10.0420      6.994    6.48522    10.0211    23.5907   11.73121 2.3149e+01 0.0000e+00
        466 211.629795    0.03229     1.9375    116.250      7.201  48371.648    30.7103    10.0317      7.134    6.48630    10.0115    23.5994   11.73289 2.2355e+01 0.0000e+00
        467 211.629797    0.03236     1.9417    116.500      7.349  48386.007    30.7191    10.0218      7.280    6.48734    10.0023    23.6079   11.73451 2.1540e+01 0.0000e+00
        468 211.629800    0.03243     1.9458    116.750      7.503  48399.952    30.7277    10.0123      7.433    6.48833     9.9935    23.6161   11.73605 2.0691e+01 0.0000e+00
        469 211.629803    0.03250     1.9500    117.000      7.662  48413.446    30.7360    10.0031      7.591    6.48929     9.9849    23.6241   11.73754 1.9811e+01 0.0000e+00
        470 211.629806    0.03257     1.9542    117.250      7.825  48426.484    30.7440     9.9943      7.752    6.49021     9.9768    23.6318   11.73897 1.8920e+01 0.0000e+00
        471 211.629809    0.03264     1.9583    117.500      7.989  48439.046    30.7517     9.9858      7.915    6.49111     9.9697    23.6392   11.74036 1.8041e+01 0.0000e+00
        472 211.629812    0.03271     1.9625    117.750      8.155  48450.777    30.7589     9.9777      8.079    6.49195     9.9638    23.6461   11.74168 1.7194e+01 0.0000e+00
        473 211.629815    0.03278     1.9667    118.000      8.321  48460.940    30.7651     9.9706      8.243    6.49271     9.9592    23.6521   11.74286 1.6402e+01 0.0000e+00
        474 211.629818    0.03285     1.9708    118.250      8.482  48469.174    30.7701     9.9647      8.403    6.49333     9.9556    23.6569   11.74383 1.5686e+01 0.0000e+00
        475 211.629821    0.03292     1.9750    118.500      8.637  48475.666    30.7740     9.9601      8.557    6.49383     9.9529    23.6607   11.74460 1.5055e+01 0.0000e+00
        476 211.629823    0.03299     1.9792    118.750      8.785  48480.577    30.7769     9.9565      8.703    6.49421     9.9506    23.6636   11.74520 1.4505e+01 0.0000e+00
        477 211.629826    0.03306     1.9833    119.000      8.926  48484.296    30.7792     9.9538      8.843    6.49450     9.9484    23.6658   11.74566 1.4025e+01 0.0000e+00
        478 211.629829    0.03313     1.9875    119.250      9.063  48487.544    30.7811     9.9516      8.978    6.49475     9.9462    23.6677   11.74604 1.3607e+01 0.0000e+00
        479 211.629832    0.03319     1.9917    119.500      9.195  48490.733    30.7830     9.9494      9.109    6.49498     9.9442    23.6695   11.74640 1.3236e+01 0.0000e+00
        480 211.629835    0.03326     1.9958    119.750      9.324  48493.765    30.7848     9.9472      9.237    6.49522     9.9427    23.6713   11.74677 1.2888e+01 0.0000e+00
        481 211.629838    0.03333     2.0000    120.000      9.454  48496.344    30.7864     9.9453      9.366    6.49543     9.9415    23.6728   11.74710 1.2542e+01 0.0000e+00
        482 211.629841    0.03340     2.0042    120.250      9.590  48498.358    30.7875     9.9437      9.500    6.49560     9.9407    23.6740   11.74737 1.2179e+01 0.0000e+00
        483 211.629844    0.03347     2.0083    120.500      9.734  48499.862    30.7884     9.9425      9.643    6.49573     9.9401    23.6748   11.74758 1.1789e+01 0.0000e+00
        484 211.629847    0.03354     2.0125    120.750      9.888  48500.856    30.7889     9.9417      9.795    6.49582     9.9397    23.6754   11.74772 1.1366e+01 0.0000e+00
        485 211.629850    0.03361     2.0167    121.000     10.052  48501.411    30.7892     9.9412      9.958    6.49589     9.9394    23.6757   11.74783 1.0911e+01 0.0000e+00
        486 211.629852    0.03368     2.0208    121.250     10.226  48501.760    30.7893     9.9408     10.131    6.49593     9.9391    23.6758   11.74791 1.0440e+01 0.0000e+00
        487 211.629855    0.03375     2.0250    121.500     10.406  48502.098    30.7894     9.9405     10.309    6.49597     9.9388    23.6760   11.74797 9.9717e+00 0.0000e+00
        488 211.629858    0.03382     2.0292    121.750     10.585  48502.450    30.7896     9.9402     10.487    6.49601     9.9385    23.6761   11.74803 9.5308e+00 0.0000e+00
        489 211.629861    0.03389     2.0333    122.000     10.758  48502.805    30.7897     9.9399     10.658    6.49604     9.9381    23.6763   11.74808 9.1380e+00 0.0000e+00
        490 211.629864    0.03396     2.0375    122.250     10.920  48503.201    30.7899     9.9396     10.818    6.49608     9.9375    23.6765   11.74814 8.8030e+00 0.0000e+00
        491 211.629867    0.03403     2.0417    122.500     11.069  48503.707    30.7901     9.9393     10.965    6.49613     9.9369    23.6767   11.74822 8.5238e+00 0.0000e+00
        492 211.629870    0.03410     2.0458    122.750     11.205  48504.381    30.7905     9.9388     11.100    6.49618     9.9363    23.6771   11.74830 8.2932e+00 0.0000e+00
        493 211.629873    0.03417     2.0500    123.000     11.331  48505.211    30.7909     9.9382     11.225    6.49625     9.9356    23.6775   11.74841 8.1001e+00 0.0000e+00
        494 211.629876    0.03424     2.0542    123.250     11.449  48506.126    30.7915     9.9375     11.342    6.49632     9.9350    23.6780   11.74851 7.9297e+00 0.0000e+00
        495 211.629878    0.03431     2.0583    123.500     11.565  48507.061    30.7920     9.9369     11.457    6.49638     9.9343    23.6786   11.74862 7.7659e+00 0.0000e+00
        496 211.629881    0.03438     2.0625    123.750     11.685  48508.052    30.7926     9.9363     11.575    6.49645     9.9335    23.6791   11.74872 7.5942e+00 0.0000e+00
        497 211.629884    0.03444     2.0667    124.000     11.813  48509.215    30.7932     9.9356     11.702    6.49652     9.9327    23.6798   11.74882 7.4035e+00 0.0000e+00
        498 211.629887    0.03451     2.0708    124.250     11.955  48510.546    30.7940     9.9348     11.842    6.49660     9.9319    23.6805   11.74895 7.1888e+00 0.0000e+00
        499 211.629890    0.03458     2.0750    124.500     12.111  48511.935    30.7948     9.9340     11.997    6.49668     9.9312    23.6812   11.74908 6.9519e+00 0.0000e+00
        500 211.629893    0.03465     2.0792    124.750     12.280  48513.269    30.7956     9.9332     12.165    6.49676     9.9303    23.6820   11.74920 6.6998e+00 0.0000e+00
        501 211.629896    0.03472     2.0833    125.000     12.460  48514.526    30.7963     9.9325     12.343    6.49683     9.9293    23.6826   11.74931 6.4407e+00 0.0000e+00
        502 211.629899    0.03479     2.0875    125.250     12.645  48515.926    30.7971     9.9317     12.526    6.49691     9.9281    23.6834   11.74944 6.1831e+00 0.0000e+00
        503 211.629902    0.03486     2.0917    125.500     12.832  48517.685    30.7981     9.9306     12.711    6.49702     9.9268    23.6844   11.74959 5.9337e+00 0.0000e+00
        504 211.629905    0.03493     2.0958    125.750     13.017  48519.743    30.7994     9.9295     12.895    6.49713     9.9255    23.6855   11.74977 5.6982e+00 0.0000e+00
        505 211.629907    0.03500     2.1000    126.000     13.197  48521.796    30.8006     9.9283     13.073    6.49726     9.9242    23.6867   11.74996 5.4812e+00 0.0000e+00
        506 211.629910    0.03507     2.1042    126.250     13.370  48523.723    30.8017     9.9270     13.245    6.49739     9.9229    23.6878   11.75016 5.2846e+00 0.0000e+00
        507 211.629913    0.03514     2.1083    126.500     13.535  48525.598    30.8028     9.9257     13.408    6.49753     9.9216    23.6888   11.75039 5.1075e+00 0.0000e+00
        508 211.629916    0.03521     2.1125    126.750     13.692  48527.401    30.8038     9.9244     13.563    6.49768     9.9204    23.6899   11.75062 4.9470e+00 0.0000e+00
        509 211.629919    0.03528     2.1167    127.000     13.841  48529.140    30.8049     9.9231     13.711    6.49782     9.9193    23.6909   11.75083 4.8006e+00 0.0000e+00
        510 211.629922    0.03535     2.1208    127.250     13.982  48530.804    30.8058     9.9219     13.851    6.49794     9.9180    23.6918   11.75103 4.6658e+00 0.0000e+00
        511 211.629925    0.03542     2.1250    127.500     14.118  48532.437    30.8068     9.9208     13.985    6.49806     9.9169    23.6927   11.75123 4.5393e+00 0.0000e+00
        512 211.629928    0.03549     2.1292    127.750     14.250  48534.148    30.8077     9.9195     14.116    6.49820     9.9160    23.6937   11.75144 4.4182e+00 0.0000e+00
        513 211.629931    0.03556     2.1333    128.000     14.381  48535.792    30.8087     9.9184     14.246    6.49832     9.9153    23.6947   11.75163 4.2998e+00 0.0000e+00
        514 211.629933    0.03562     2.1375    128.250     14.512  48537.088    30.8095     9.9175     14.376    6.49842     9.9149    23.6954   11.75178 4.1817e+00 0.0000e+00
        515 211.629936    0.03569     2.1417    128.500     14.643  48538.002    30.8100     9.9169     14.505    6.49848     9.9146    23.6959   11.75188 4.0628e+00 0.0000e+00
        516 211.629939    0.03576     2.1458    128.750     14.770  48538.717    30.8104     9.9165     14.631    6.49852     9.9144    23.6963   11.75194 3.9424e+00 0.0000e+00
        517 211.629942    0.03583     2.1500    129.000     14.887  48539.400    30.8108     9.9163     14.747    6.49854     9.9143    23.6966   11.75197 3.8210e+00 0.0000e+00
        518 211.629945    0.03590     2.1542    129.250     14.983  48540.056    30.8112     9.9161     14.842    6.49855     9.9144    23.6969   11.75198 3.7011e+00 0.0000e+00
        519 211.629948    0.03597     2.1583    129.500     15.052  48540.545    30.8115     9.9160     14.911    6.49856     9.9145    23.6972   11.75198 3.5841e+00 0.0000e+00
        520 211.629951    0.03604     2.1625    129.750     15.097  48540.799    30.8117     9.9160     14.955    6.49855     9.9146    23.6973   11.75197 3.4634e+00 0.0000e+00
        521 211.629954    0.03611     2.1667    130.000     15.125  48540.925    30.8118     9.9161     14.982    6.49852     9.9148    23.6974   11.75193 3.3255e+00 0.0000e+00
        522 211.629957    0.03618     2.1708    130.250     15.143  48541.162    30.8119     9.9163     15.000    6.49849     9.9151    23.6975   11.75188 3.1674e+00 0.0000e+00
        523 211.629959    0.03625     2.1750    130.500     15.155  48541.560    30.8122     9.9165     15.012    6.49845     9.9152    23.6977   11.75180 3.0159e+00 0.0000e+00
        524 211.629962    0.03632     2.1792    130.750     15.162  48541.838    30.8124     9.9167     15.019    6.49841 -9.990e-29    23.6979   11.75173 2.9206e+00 0.0000e+00
        525 211.629965    0.03639     2.1833    131.000     15.165  48541.900    30.8125     9.9168     15.022    6.49839 -9.990e-29    23.6979   11.75170 2.8937e+00 0.0000e+00
