CTD-processing/allCTD/CNV--turbid/2012-08-26-cookinlet-tran9-cast037-s02.cnv
* Sea-Bird SBE19plus Data File:
* FileName = C:\Documents and Settings\kris.holderied.local\My Documents\2012-CTD-DATA-new-files\2012-08-26-CTD-HomerSpit\2012-08-26-KBay-HomerSpitLine-cast037.hex
* Software Version 1.54
* Temperature SN =  5028
* Conductivity SN =  5028
* System UpLoad Time = Aug 26 2012 13:50:19
** Kachemak Bay Homer Spit CTD Mckeon Flat to Spit
** Date:  2012-08-26
** Station: 9-02
** Start time (AKDT-24 hr): 1103
** Depth (ft): 251
** Comment: Thick surface layer of plankton about 1/2m thick
# nquan = 16
# nvalues = 567                         
# units = specified
# name 0 = scan: Scan Count
# name 1 = timeJ: Julian Days
# name 2 = timeH: Time, Elapsed [hours]
# name 3 = timeM: Time, Elapsed [minutes]
# name 4 = timeS: Time, Elapsed [seconds]
# name 5 = prdM: Pressure, Strain Gauge [db]
# name 6 = specc: Specific Conductance [uS/cm]
# name 7 = sal00: Salinity, Practical [PSU]
# name 8 = tv290C: Temperature [ITS-90, deg C]
# name 9 = depSM: Depth [salt water, m], lat = 59.00
# name 10 = oxsolML/L: Oxygen Saturation, Garcia & Gordon [ml/l]
# name 11 = potemp090C: Potential Temperature [ITS-90, deg C]
# name 12 = sigma-é00: Density [sigma-theta, kg/m^3]
# name 13 = n2satML/L: Nitrogen Saturation [ml/l]
# name 14 = par: PAR/Irradiance, Biospherical/Licor [umol photons/m^2/sec]
# name 15 = flag:  0.000e+00
# span 0 =          1,        567       
# span 1 = 239.460451, 239.462089       
# span 2 =    0.00000,    0.03931       
# span 3 =     0.0000,     2.3583       
# span 4 =      0.000,    141.500       
# span 5 =      0.004,     70.461       
# span 6 =  10970.644,  49149.378       
# span 7 =     6.5055,    31.0932       
# span 8 =     8.9927,    11.4499       
# span 9 =      0.004,     69.791       
# span 10 =    6.42571,    7.54590      
# span 11 =     8.9855,    11.4498      
# span 12 =     4.7442,    24.0627      
# span 13 =   11.66377,   13.82404      
# span 14 = 6.1972e-02, 1.1705e+02      
# span 15 = 0.0000e+00, 0.0000e+00      
# interval = seconds: 0.25
# start_time = Aug 26 2012 11:03:03 [Instrument's time stamp, header]
# bad_flag = -9.990e-29
*END*
[from data line 91]
         92 239.460715    0.00632     0.3792     22.750      1.123  41791.542    26.2375    11.1793      1.113    6.50902    11.1784    19.9333   11.82454 4.5898e+01 0.0000e+00
         93 239.460718    0.00639     0.3833     23.000      1.125  41788.827    26.2356    11.1792      1.114    6.50911    11.1769    19.9319   11.82472 4.5971e+01 0.0000e+00
         94 239.460720    0.00646     0.3875     23.250      1.127  41782.248    26.2310    11.1785      1.116    6.50940    11.1745    19.9284   11.82525 4.6057e+01 0.0000e+00
         95 239.460723    0.00653     0.3917     23.500      1.129  41774.386    26.2254    11.1770      1.118    6.50984    11.1713    19.9243   11.82606 4.6093e+01 0.0000e+00
         96 239.460726    0.00660     0.3958     23.750      1.131  41767.669    26.2205    11.1746      1.120    6.51038    11.1677    19.9209   11.82701 4.5997e+01 0.0000e+00
         97 239.460729    0.00667     0.4000     24.000      1.132  41763.579    26.2174    11.1715      1.121    6.51095    11.1637    19.9190   11.82800 4.5818e+01 0.0000e+00
         98 239.460732    0.00674     0.4042     24.250      1.131  41762.134    26.2161    11.1678      1.121    6.51152    11.1595    19.9186   11.82897 4.5658e+01 0.0000e+00
         99 239.460735    0.00681     0.4083     24.500      1.130  41761.929    26.2156    11.1639      1.119    6.51210    11.1553    19.9188   11.82994 4.5580e+01 0.0000e+00
        100 239.460738    0.00688     0.4125     24.750      1.127  41761.072    26.2146    11.1597      1.116    6.51273    11.1512    19.9188   11.83100 4.5611e+01 0.0000e+00
        101 239.460741    0.00694     0.4167     25.000      1.122  41759.792    26.2133    11.1554      1.112    6.51339    11.1474    19.9185   11.83211 4.5737e+01 0.0000e+00
        102 239.460744    0.00701     0.4208     25.250      1.117  41762.083    26.2146    11.1513      1.107    6.51392    11.1438    19.9201   11.83298 4.5964e+01 0.0000e+00
        103 239.460747    0.00708     0.4250     25.500      1.113  41772.641    26.2215    11.1475      1.103    6.51417    11.1401    19.9262   11.83331 4.6210e+01 0.0000e+00
        104 239.460749    0.00715     0.4292     25.750      1.113  41794.929    26.2367    11.1439      1.102    6.51405    11.1359    19.9385   11.83293 4.6370e+01 0.0000e+00
        105 239.460752    0.00722     0.4333     26.000      1.117  41831.342    26.2616    11.1402      1.106    6.51355    11.1313    19.9584   11.83179 4.6452e+01 0.0000e+00
        106 239.460755    0.00729     0.4375     26.250      1.124  41882.368    26.2966    11.1361      1.113    6.51268    11.1260    19.9862   11.82993 4.6374e+01 0.0000e+00
        107 239.460758    0.00736     0.4417     26.500      1.134  41937.942    26.3347    11.1314      1.123    6.51177    11.1201    20.0166   11.82794 4.6114e+01 0.0000e+00
        108 239.460761    0.00743     0.4458     26.750      1.141  41970.738    26.3570    11.1261      1.130    6.51160    11.1144    20.0347   11.82739 4.5830e+01 0.0000e+00
        109 239.460764    0.00750     0.4500     27.000      1.143  41960.472    26.3493    11.1203      1.132    6.51274    11.1093    20.0298   11.82938 4.5688e+01 0.0000e+00
        110 239.460767    0.00757     0.4542     27.250      1.139  41921.848    26.3220    11.1146      1.129    6.51468    11.1049    20.0095   11.83293 4.5739e+01 0.0000e+00
        111 239.460770    0.00764     0.4583     27.500      1.130  41891.896    26.3008    11.1095      1.120    6.51627    11.1007    19.9939   11.83584 4.5884e+01 0.0000e+00
        112 239.460773    0.00771     0.4625     27.750      1.119  41897.767    26.3045    11.1051      1.109    6.51675    11.0963    19.9975   11.83659 4.6029e+01 0.0000e+00
        113 239.460775    0.00778     0.4667     28.000      1.110  41950.241    26.3406    11.1009      1.099    6.51586    11.0917    20.0262   11.83467 4.6074e+01 0.0000e+00
        114 239.460778    0.00785     0.4708     28.250      1.105  42055.087    26.4129    11.0964      1.094    6.51350    11.0870    20.0830   11.82987 4.5977e+01 0.0000e+00
        115 239.460781    0.00792     0.4750     28.500      1.107  42209.270    26.5194    11.0919      1.096    6.50975    11.0818    20.1664   11.82234 4.5836e+01 0.0000e+00
        116 239.460784    0.00799     0.4792     28.750      1.116  42386.756    26.6422    11.0872      1.105    6.50534    11.0757    20.2624   11.81353 4.5680e+01 0.0000e+00
        117 239.460787    0.00806     0.4833     29.000      1.129  42535.208    26.7447    11.0819      1.118    6.50185    11.0694    20.3429   11.80648 4.5469e+01 0.0000e+00
        118 239.460790    0.00813     0.4875     29.250      1.141  42595.351    26.7859    11.0758      1.130    6.50101    11.0636    20.3759   11.80459 4.5273e+01 0.0000e+00
        119 239.460793    0.00819     0.4917     29.500      1.148  42545.609    26.7507    11.0695      1.137    6.50335    11.0589    20.3497   11.80891 4.5262e+01 0.0000e+00
        120 239.460796    0.00826     0.4958     29.750      1.147  42435.737    26.6739    11.0638      1.136    6.50734    11.0552    20.2910   11.81646 4.5488e+01 0.0000e+00
        121 239.460799    0.00833     0.5000     30.000      1.139  42345.569    26.6109    11.0590      1.128    6.51061    11.0520    20.2429   11.82266 4.5823e+01 0.0000e+00
        122 239.460802    0.00840     0.5042     30.250      1.126  42330.179    26.6000    11.0553      1.116    6.51159    11.0492    20.2350   11.82443 4.6145e+01 0.0000e+00
        123 239.460804    0.00847     0.5083     30.500      1.114  42418.690    26.6611    11.0521      1.104    6.50951    11.0465    20.2830   11.82023 4.6327e+01 0.0000e+00
        124 239.460807    0.00854     0.5125     30.750      1.107  42603.478    26.7892    11.0493      1.097    6.50462    11.0440    20.3828   11.81055 4.6237e+01 0.0000e+00
        125 239.460810    0.00861     0.5167     31.000      1.108  42831.228    26.9472    11.0467      1.097    6.49848    11.0411    20.5059   11.79842 4.5904e+01 0.0000e+00
        126 239.460813    0.00868     0.5208     31.250      1.116  43029.007    27.0843    11.0441      1.105    6.49318    11.0379    20.6128   11.78796 4.5488e+01 0.0000e+00
        127 239.460816    0.00875     0.5250     31.500      1.128  43138.899    27.1604    11.0412      1.117    6.49044    11.0346    20.6724   11.78249 4.5153e+01 0.0000e+00
        128 239.460819    0.00882     0.5292     31.750      1.139  43134.611    27.1571    11.0380      1.128    6.49103    11.0318    20.6703   11.78351 4.4965e+01 0.0000e+00
        129 239.460822    0.00889     0.5333     32.000      1.145  43032.204    27.0856    11.0347      1.134    6.49444    11.0296    20.6153   11.79004 4.4969e+01 0.0000e+00
        130 239.460825    0.00896     0.5375     32.250      1.144  42899.795    26.9932    11.0319      1.133    6.49865    11.0281    20.5441   11.79815 4.5210e+01 0.0000e+00
        131 239.460828    0.00903     0.5417     32.500      1.137  42811.356    26.9316    11.0297      1.126    6.50150    11.0271    20.4966   11.80363 4.5496e+01 0.0000e+00
        132 239.460830    0.00910     0.5458     32.750      1.127  42806.451    26.9280    11.0282      1.116    6.50186    11.0264    20.4941   11.80428 4.5611e+01 0.0000e+00
        133 239.460833    0.00917     0.5500     33.000      1.118  42895.596    26.9899    11.0272      1.108    6.49945    11.0258    20.5423   11.79953 4.5580e+01 0.0000e+00
        134 239.460836    0.00924     0.5542     33.250      1.115  43055.493    27.1010    11.0265      1.104    6.49496    11.0252    20.6286   11.79073 4.5457e+01 0.0000e+00
        135 239.460839    0.00931     0.5583     33.500      1.117  43236.321    27.2267    11.0260      1.106    6.48986    11.0244    20.7263   11.78072 4.5232e+01 0.0000e+00
        136 239.460842    0.00937     0.5625     33.750      1.123  43385.575    27.3304    11.0253      1.112    6.48567    11.0235    20.8070   11.77251 4.4934e+01 0.0000e+00
        137 239.460845    0.00944     0.5667     34.000      1.132  43470.940    27.3898    11.0246      1.121    6.48333    11.0223    20.8532   11.76791 4.4652e+01 0.0000e+00
        138 239.460848    0.00951     0.5708     34.250      1.139  43483.590    27.3985    11.0236      1.128    6.48311    11.0210    20.8601   11.76744 4.4500e+01 0.0000e+00
        139 239.460851    0.00958     0.5750     34.500      1.142  43425.189    27.3577    11.0225      1.131    6.48495    11.0197    20.8286   11.77099 4.4496e+01 0.0000e+00
        140 239.460854    0.00965     0.5792     34.750      1.142  43320.224    27.2845    11.0211      1.131    6.48815    11.0185    20.7720   11.77719 4.4592e+01 0.0000e+00
        141 239.460856    0.00972     0.5833     35.000      1.136  43222.555    27.2165    11.0198      1.126    6.49114    11.0174    20.7194   11.78298 4.4756e+01 0.0000e+00
        142 239.460859    0.00979     0.5875     35.250      1.128  43181.365    27.1877    11.0186      1.118    6.49249    11.0162    20.6973   11.78557 4.4917e+01 0.0000e+00
        143 239.460862    0.00986     0.5917     35.500      1.121  43220.264    27.2146    11.0175      1.111    6.49154    11.0151    20.7184   11.78367 4.4980e+01 0.0000e+00
        144 239.460865    0.00993     0.5958     35.750      1.118  43337.051    27.2958    11.0163      1.108    6.48837    11.0141    20.7816   11.77741 4.4908e+01 0.0000e+00
        145 239.460868    0.01000     0.6000     36.000      1.122  43487.470    27.4004    11.0152      1.112    6.48422    11.0132    20.8630   11.76925 4.4712e+01 0.0000e+00
        146 239.460871    0.01007     0.6042     36.250      1.132  43606.380    27.4831    11.0142      1.122    6.48095    11.0122    20.9274   11.76283 4.4479e+01 0.0000e+00
        147 239.460874    0.01014     0.6083     36.500      1.145  43653.478    27.5158    11.0133      1.135    6.47974    11.0110    20.9529   11.76041 4.4377e+01 0.0000e+00
        148 239.460877    0.01021     0.6125     36.750      1.156  43609.327    27.4850    11.0123      1.145    6.48115    11.0098    20.9292   11.76312 4.4461e+01 0.0000e+00
        149 239.460880    0.01028     0.6167     37.000      1.161  43483.123    27.3970    11.0111      1.150    6.48493    11.0087    20.8610   11.77048 4.4654e+01 0.0000e+00
        150 239.460883    0.01035     0.6208     37.250      1.158  43330.275    27.2905    11.0099      1.147    6.48949    11.0077    20.7785   11.77933 4.4936e+01 0.0000e+00
        151 239.460885    0.01042     0.6250     37.500      1.149  43216.331    27.2111    11.0088      1.138    6.49291    11.0067    20.7171   11.78598 4.5300e+01 0.0000e+00
        152 239.460888    0.01049     0.6292     37.750      1.137  43188.655    27.1918    11.0078      1.126    6.49385    11.0060    20.7022   11.78778 4.5623e+01 0.0000e+00
        153 239.460891    0.01056     0.6333     38.000      1.126  43264.367    27.2444    11.0069      1.115    6.49182    11.0056    20.7432   11.78377 4.5753e+01 0.0000e+00
        154 239.460894    0.01063     0.6375     38.250      1.120  43415.173    27.3493    11.0061      1.110    6.48760    11.0053    20.8248   11.77550 4.5711e+01 0.0000e+00
        155 239.460897    0.01069     0.6417     38.500      1.121  43588.163    27.4697    11.0057      1.111    6.48271    11.0052    20.9183   11.76591 4.5612e+01 0.0000e+00
        156 239.460900    0.01076     0.6458     38.750      1.129  43730.677    27.5689    11.0055      1.118    6.47866    11.0051    20.9954   11.75798 4.5570e+01 0.0000e+00
        157 239.460903    0.01083     0.6500     39.000      1.139  43800.520    27.6175    11.0054      1.128    6.47667    11.0047    21.0332   11.75409 4.5668e+01 0.0000e+00
        158 239.460906    0.01090     0.6542     39.250      1.148  43778.870    27.6024    11.0052      1.137    6.47731    11.0041    21.0215   11.75534 4.5824e+01 0.0000e+00
        159 239.460909    0.01097     0.6583     39.500      1.153  43681.859    27.5348    11.0048      1.142    6.48014    11.0032    20.9690   11.76086 4.5904e+01 0.0000e+00
        160 239.460911    0.01104     0.6625     39.750      1.151  43566.519    27.4544    11.0042      1.140    6.48354    11.0022    20.9067   11.76748 4.5930e+01 0.0000e+00
        161 239.460914    0.01111     0.6667     40.000      1.146  43495.349    27.4047    11.0033      1.135    6.48570    11.0011    20.8683   11.77167 4.6067e+01 0.0000e+00
        162 239.460917    0.01118     0.6708     40.250      1.140  43498.011    27.4065    11.0023      1.129    6.48577    11.0001    20.8698   11.77176 4.6264e+01 0.0000e+00
        163 239.460920    0.01125     0.6750     40.500      1.136  43571.574    27.4576    11.0012      1.125    6.48383    10.9996    20.9097   11.76791 4.6236e+01 0.0000e+00
        164 239.460923    0.01132     0.6792     40.750      1.136  43688.432    27.5389    11.0002      1.125    6.48061    10.9994    20.9730   11.76159 4.5987e+01 0.0000e+00
        165 239.460926    0.01139     0.6833     41.000      1.139  43811.093    27.6243    10.9997      1.128    6.47717    10.9993    21.0394   11.75484 4.5707e+01 0.0000e+00
        166 239.460929    0.01146     0.6875     41.250      1.144  43908.681    27.6922    10.9995      1.133    6.47440    10.9992    21.0922   11.74943 4.5465e+01 0.0000e+00
        167 239.460932    0.01153     0.6917     41.500      1.150  43967.553    27.7332    10.9994      1.139    6.47273    10.9990    21.1241   11.74615 4.5257e+01 0.0000e+00
        168 239.460935    0.01160     0.6958     41.750      1.156  43987.171    27.7469    10.9993      1.145    6.47218    10.9986    21.1347   11.74507 4.5054e+01 0.0000e+00
        169 239.460938    0.01167     0.7000     42.000      1.160  43967.637    27.7333    10.9991      1.149    6.47277    10.9980    21.1242   11.74622 4.4860e+01 0.0000e+00
        170 239.460940    0.01174     0.7042     42.250      1.162  43907.546    27.6914    10.9987      1.151    6.47456    10.9973    21.0917   11.74969 4.4715e+01 0.0000e+00
        171 239.460943    0.01181     0.7083     42.500      1.162  43810.436    27.6236    10.9981      1.151    6.47742    10.9967    21.0392   11.75527 4.4699e+01 0.0000e+00
        172 239.460946    0.01188     0.7125     42.750      1.158  43695.015    27.5431    10.9974      1.147    6.48083    10.9961    20.9768   11.76190 4.4846e+01 0.0000e+00
        173 239.460949    0.01194     0.7167     43.000      1.151  43594.785    27.4733    10.9968      1.141    6.48380    10.9955    20.9226   11.76767 4.5050e+01 0.0000e+00
        174 239.460952    0.01201     0.7208     43.250      1.144  43541.452    27.4361    10.9962      1.134    6.48541    10.9949    20.8938   11.77080 4.5229e+01 0.0000e+00
        175 239.460955    0.01208     0.7250     43.500      1.138  43551.931    27.4433    10.9956      1.127    6.48519    10.9944    20.8995   11.77035 4.5379e+01 0.0000e+00
        176 239.460958    0.01215     0.7292     43.750      1.135  43625.883    27.4947    10.9950      1.124    6.48316    10.9941    20.9396   11.76636 4.5446e+01 0.0000e+00
        177 239.460961    0.01222     0.7333     44.000      1.136  43742.762    27.5761    10.9945      1.125    6.47989    10.9941    21.0029   11.75994 4.5351e+01 0.0000e+00
        178 239.460964    0.01229     0.7375     44.250      1.142  43861.135    27.6586    10.9942      1.131    6.47653    10.9941    21.0670   11.75337 4.5104e+01 0.0000e+00
        179 239.460966    0.01236     0.7417     44.500      1.151  43939.695    27.7133    10.9942      1.140    6.47428    10.9940    21.1095   11.74897 4.4831e+01 0.0000e+00
        180 239.460969    0.01243     0.7458     44.750      1.159  43960.199    27.7276    10.9942      1.148    6.47369    10.9937    21.1206   11.74781 4.4650e+01 0.0000e+00
