CTD-processing/allCTD/CNV--turbid/2012_06-05a_t4_s10a_cast103.cnv
* Sea-Bird SBE19plus Data File:
* FileName = C:\Documents and Settings\glenn.seaman\My Documents\KHolderied-files\CTD-DATA-FILES\2012-May-Jun-KachemakBay\Transect4-2012-06-05a-Barabara-to-Bluff\Tran4-2012-06-05a-Barabara-cast103.hex
* Software Version 1.59
* Temperature SN =  5028
* Conductivity SN =  5028
* System UpLoad Time = Jun 05 2012 14:06:35
** LTM Transect4- Barabara Pt to Bluff Pt
** Date: 2012-06-05  Low tide (1 of 2 lines)
** Station:4-10a
** Start time (AKDT-24hr):1128
** Depth (ft):54
** Slightly inshore of station location.
# nquan = 16
# nvalues = 344                         
# units = specified
# name 0 = scan: Scan Count
# name 1 = timeJ: Julian Days
# name 2 = timeH: Time, Elapsed [hours]
# name 3 = timeM: Time, Elapsed [minutes]
# name 4 = timeS: Time, Elapsed [seconds]
# name 5 = prdM: Pressure, Strain Gauge [db]
# name 6 = specc: Specific Conductance [uS/cm]
# name 7 = sal00: Salinity, Practical [PSU]
# name 8 = tv290C: Temperature [ITS-90, deg C]
# name 9 = depSM: Depth [salt water, m], lat = 59.00
# name 10 = oxsolML/L: Oxygen Saturation, Garcia & Gordon [ml/l]
# name 11 = potemp090C: Potential Temperature [ITS-90, deg C]
# name 12 = sigma-é00: Density [sigma-theta, kg/m^3]
# name 13 = n2satML/L: Nitrogen Saturation [ml/l]
# name 14 = par: PAR/Irradiance, Biospherical/Licor [umol photons/m^2/sec]
# name 15 = flag:  0.000e+00
# span 0 =          1,        344       
# span 1 = 157.478611, 157.479604       
# span 2 =    0.00000,    0.02382       
# span 3 =     0.0000,     1.4292       
# span 4 =      0.000,     85.750       
# span 5 =     -0.044,     14.957       
# span 6 =    347.252,  50424.406       
# span 7 =     0.1619,    31.6061       
# span 8 =     6.5131,     8.0668       
# span 9 =     -0.044,     14.816       
# span 10 =    6.76832,    8.36123      
# span 11 =     6.5119,     8.0668      
# span 12 =     0.0030,    24.8089      
# span 13 =   12.19759,   15.28568      
# span 14 = 6.4334e+00, 1.4573e+03      
# span 15 = 0.0000e+00, 0.0000e+00      
# interval = seconds: 0.25
# start_time = Jun 05 2012 11:29:12 [Instrument's time stamp, header]
# bad_flag = -9.990e-29
*END*
[from data line 181]
        182 157.479135    0.01257     0.7542     45.250      0.759  49065.235    30.9127     7.9636      0.751    6.78358     7.9727    24.0707   12.22270 7.5356e+02 0.0000e+00
        183 157.479138    0.01264     0.7583     45.500      0.755  49061.811    30.9110     7.9681      0.747    6.78296     7.9767    24.0687   12.22169 7.8966e+02 0.0000e+00
        184 157.479141    0.01271     0.7625     45.750      0.753  49056.439    30.9080     7.9727      0.746    6.78238     7.9795    24.0657   12.22076 7.7617e+02 0.0000e+00
        185 157.479144    0.01278     0.7667     46.000      0.756  49051.288    30.9050     7.9768      0.749    6.78188     7.9808    24.0628   12.21997 7.1496e+02 0.0000e+00
        186 157.479146    0.01285     0.7708     46.250      0.763  49048.779    30.9037     7.9796      0.756    6.78151     7.9810    24.0614   12.21938 6.3493e+02 0.0000e+00
        187 157.479149    0.01292     0.7750     46.500      0.770  49050.315    30.9050     7.9809      0.762    6.78126     7.9814    24.0622   12.21895 5.8932e+02 0.0000e+00
        188 157.479152    0.01299     0.7792     46.750      0.774  49055.368    30.9085     7.9811      0.767    6.78106     7.9833    24.0650   12.21858 6.0566e+02 0.0000e+00
        189 157.479155    0.01306     0.7833     47.000      0.775  49060.601    30.9122     7.9814      0.768    6.78085     7.9872    24.0678   12.21817 6.4734e+02 0.0000e+00
        190 157.479158    0.01313     0.7875     47.250      0.772  49061.837    30.9134     7.9833      0.765    6.78050     7.9919    24.0685   12.21759 6.7952e+02 0.0000e+00
        191 157.479161    0.01319     0.7917     47.500      0.770  49057.304    30.9108     7.9872      0.763    6.78002     7.9961    24.0659   12.21682 6.8264e+02 0.0000e+00
        192 157.479164    0.01326     0.7958     47.750      0.771  49048.152    30.9051     7.9920      0.764    6.77954     7.9989    24.0608   12.21609 6.5069e+02 0.0000e+00
        193 157.479167    0.01333     0.8000     48.000      0.778  49037.776    30.8985     7.9961      0.771    6.77919     8.0003    24.0551   12.21560 6.1388e+02 0.0000e+00
        194 157.479170    0.01340     0.8042     48.250      0.789  49031.512    30.8946     7.9989      0.782    6.77893     8.0011    24.0516   12.21523 5.9098e+02 0.0000e+00
        195 157.479172    0.01347     0.8083     48.500      0.800  49033.257    30.8960     8.0004      0.793    6.77864     8.0021    24.0525   12.21473 5.7382e+02 0.0000e+00
        196 157.479175    0.01354     0.8125     48.750      0.806  49041.291    30.9018     8.0011      0.799    6.77827     8.0048    24.0568   12.21405 5.6642e+02 0.0000e+00
        197 157.479178    0.01361     0.8167     49.000      0.805  49049.415    30.9076     8.0022      0.798    6.77785     8.0095    24.0613   12.21328 5.6327e+02 0.0000e+00
        198 157.479181    0.01368     0.8208     49.250      0.798  49051.638    30.9096     8.0048      0.791    6.77736     8.0150    24.0624   12.21244 5.7467e+02 0.0000e+00
        199 157.479184    0.01375     0.8250     49.500      0.790  49045.819    30.9062     8.0095      0.783    6.77679     8.0197    24.0592   12.21153 6.1159e+02 0.0000e+00
        200 157.479187    0.01382     0.8292     49.750      0.784  49033.907    30.8988     8.0151      0.777    6.77626     8.0224    24.0525   12.21075 6.3984e+02 0.0000e+00
        201 157.479190    0.01389     0.8333     50.000      0.784  49021.074    30.8905     8.0198      0.776    6.77590     8.0231    24.0454   12.21026 6.2949e+02 0.0000e+00
        202 157.479193    0.01396     0.8375     50.250      0.787  49014.107    30.8861     8.0225      0.779    6.77568     8.0221    24.0415   12.20995 6.0546e+02 0.0000e+00
        203 157.479196    0.01403     0.8417     50.500      0.791  49016.494    30.8879     8.0231      0.783    6.77550     8.0207    24.0428   12.20964 6.0526e+02 0.0000e+00
        204 157.479198    0.01410     0.8458     50.750      0.794  49025.586    30.8941     8.0222      0.787    6.77537     8.0201    24.0478   12.20934 6.1964e+02 0.0000e+00
        205 157.479201    0.01417     0.8500     51.000      0.796  49035.687    30.9009     8.0207      0.788    6.77530     8.0209    24.0534   12.20913 6.4859e+02 0.0000e+00
        206 157.479204    0.01424     0.8542     51.250      0.794  49042.705    30.9057     8.0201      0.787    6.77519     8.0229    24.0573   12.20889 6.9301e+02 0.0000e+00
        207 157.479207    0.01431     0.8583     51.500      0.791  49045.500    30.9078     8.0209      0.783    6.77497     8.0257    24.0588   12.20850 7.0737e+02 0.0000e+00
        208 157.479210    0.01438     0.8625     51.750      0.785  49044.940    30.9077     8.0230      0.778    6.77465     8.0287    24.0584   12.20798 6.9326e+02 0.0000e+00
        209 157.479213    0.01444     0.8667     52.000      0.779  49042.296    30.9063     8.0258      0.772    6.77428     8.0316    24.0569   12.20739 6.8100e+02 0.0000e+00
        210 157.479216    0.01451     0.8708     52.250      0.775  49038.280    30.9039     8.0288      0.768    6.77393     8.0342    24.0547   12.20683 6.6818e+02 0.0000e+00
        211 157.479219    0.01458     0.8750     52.500      0.774  49033.716    30.9012     8.0317      0.767    6.77361     8.0362    24.0521   12.20633 6.6724e+02 0.0000e+00
        212 157.479222    0.01465     0.8792     52.750      0.777  49029.529    30.8987     8.0342      0.770    6.77333     8.0376    24.0498   12.20589 6.8068e+02 0.0000e+00
        213 157.479225    0.01472     0.8833     53.000      0.781  49026.444    30.8968     8.0363      0.774    6.77309     8.0381    24.0480   12.20552 6.7094e+02 0.0000e+00
        214 157.479227    0.01479     0.8875     53.250      0.784  49025.227    30.8962     8.0377      0.777    6.77291     8.0381    24.0473   12.20523 6.2727e+02 0.0000e+00
        215 157.479230    0.01486     0.8917     53.500      0.783  49025.795    30.8967     8.0382      0.776    6.77280     8.0378    24.0476   12.20505 5.9359e+02 0.0000e+00
        216 157.479233    0.01493     0.8958     53.750      0.779  49026.574    30.8972     8.0382      0.772    6.77279     8.0378    24.0481   12.20502 5.9082e+02 0.0000e+00
        217 157.479236    0.01500     0.9000     54.000      0.776  49026.017    30.8968     8.0379      0.769    6.77285     8.0377    24.0478   12.20513 6.1467e+02 0.0000e+00
        218 157.479239    0.01507     0.9042     54.250      0.777  49023.369    30.8949     8.0378      0.769    6.77294     8.0373    24.0463   12.20530 6.4137e+02 0.0000e+00
        219 157.479242    0.01514     0.9083     54.500      0.783  49019.711    30.8924     8.0378      0.775    6.77306     8.0364    24.0443   12.20553 6.3230e+02 0.0000e+00
        220 157.479245    0.01521     0.9125     54.750      0.793  49018.622    30.8915     8.0374      0.785    6.77316     8.0353    24.0437   12.20571 5.9340e+02 0.0000e+00
        221 157.479248    0.01528     0.9167     55.000      0.801  49022.537    30.8941     8.0365      0.793    6.77318     8.0344    24.0459   12.20571 5.5331e+02 0.0000e+00
        222 157.479251    0.01535     0.9208     55.250      0.804  49029.652    30.8989     8.0354      0.796    6.77314     8.0345    24.0498   12.20559 5.2824e+02 0.0000e+00
        223 157.479253    0.01542     0.9250     55.500      0.799  49035.507    30.9029     8.0345      0.791    6.77310     8.0355    24.0530   12.20546 5.2115e+02 0.0000e+00
        224 157.479256    0.01549     0.9292     55.750      0.789  49036.807    30.9038     8.0346      0.781    6.77304     8.0366    24.0537   12.20537 5.4509e+02 0.0000e+00
        225 157.479259    0.01556     0.9333     56.000      0.779  49033.315    30.9015     8.0356      0.772    6.77300     8.0372    24.0518   12.20532 5.8485e+02 0.0000e+00
        226 157.479262    0.01563     0.9375     56.250      0.775  49026.688    30.8971     8.0367      0.768    6.77302     8.0370    24.0481   12.20541 6.0364e+02 0.0000e+00
        227 157.479265    0.01569     0.9417     56.500      0.778  49020.067    30.8926     8.0372      0.770    6.77314     8.0361    24.0445   12.20566 6.1334e+02 0.0000e+00
        228 157.479268    0.01576     0.9458     56.750      0.785  49017.279    30.8906     8.0370      0.778    6.77326     8.0348    24.0430   12.20588 6.4268e+02 0.0000e+00
        229 157.479271    0.01583     0.9500     57.000      0.792  49020.074    30.8924     8.0362      0.785    6.77330     8.0333    24.0445   12.20594 6.9755e+02 0.0000e+00
        230 157.479274    0.01590     0.9542     57.250      0.795  49027.309    30.8972     8.0349      0.788    6.77329     8.0320    24.0485   12.20585 7.5066e+02 0.0000e+00
        231 157.479277    0.01597     0.9583     57.500      0.792  49036.060    30.9030     8.0333      0.785    6.77327     8.0319    24.0533   12.20574 7.7794e+02 0.0000e+00
        232 157.479280    0.01604     0.9625     57.750      0.786  49043.291    30.9079     8.0321      0.779    6.77324     8.0332    24.0573   12.20564 7.7379e+02 0.0000e+00
        233 157.479282    0.01611     0.9667     58.000      0.777  49047.154    30.9106     8.0319      0.770    6.77315     8.0355    24.0595   12.20545 7.5571e+02 0.0000e+00
        234 157.479285    0.01618     0.9708     58.250      0.768  49047.029    30.9107     8.0332      0.761    6.77295     8.0383    24.0594   12.20512 7.6513e+02 0.0000e+00
        235 157.479288    0.01625     0.9750     58.500      0.762  49042.921    30.9082     8.0356      0.755    6.77270     8.0406    24.0571   12.20474 7.8741e+02 0.0000e+00
        236 157.479291    0.01632     0.9792     58.750      0.762  49035.371    30.9033     8.0383      0.755    6.77249     8.0420    24.0529   12.20445 7.8725e+02 0.0000e+00
        237 157.479294    0.01639     0.9833     59.000      0.768  49026.774    30.8977     8.0407      0.761    6.77237     8.0422    24.0481   12.20433 7.5841e+02 0.0000e+00
        238 157.479297    0.01646     0.9875     59.250      0.778  49021.270    30.8941     8.0420      0.771    6.77233     8.0418    24.0451   12.20430 7.1418e+02 0.0000e+00
        239 157.479300    0.01653     0.9917     59.500      0.787  49021.737    30.8944     8.0423      0.780    6.77227     8.0411    24.0453   12.20420 6.9299e+02 0.0000e+00
        240 157.479303    0.01660     0.9958     59.750      0.791  49027.484    30.8984     8.0419      0.784    6.77216     8.0408    24.0485   12.20396 7.1238e+02 0.0000e+00
        241 157.479306    0.01667     1.0000     60.000      0.788  49034.628    30.9033     8.0412      0.781    6.77205     8.0416    24.0524   12.20372 7.5330e+02 0.0000e+00
        242 157.479308    0.01674     1.0042     60.250      0.779  49038.436    30.9059     8.0409      0.772    6.77198     8.0430    24.0545   12.20357 7.9991e+02 0.0000e+00
        243 157.479311    0.01681     1.0083     60.500      0.772  49036.174    30.9044     8.0417      0.765    6.77193     8.0443    24.0532   12.20351 8.3771e+02 0.0000e+00
        244 157.479314    0.01688     1.0125     60.750      0.770  49028.913    30.8996     8.0431      0.763    6.77192     8.0449    24.0492   12.20355 8.3298e+02 0.0000e+00
        245 157.479317    0.01694     1.0167     61.000      0.777  49021.024    30.8943     8.0444      0.770    6.77195     8.0446    24.0449   12.20368 7.9862e+02 0.0000e+00
        246 157.479320    0.01701     1.0208     61.250      0.788  49016.947    30.8915     8.0449      0.781    6.77200     8.0439    24.0427   12.20378 7.6440e+02 0.0000e+00
        247 157.479323    0.01708     1.0250     61.500      0.798  49018.643    30.8927     8.0447      0.791    6.77198     8.0430    24.0436   12.20374 7.2111e+02 0.0000e+00
        248 157.479326    0.01715     1.0292     61.750      0.802  49025.438    30.8973     8.0440      0.795    6.77189     8.0425    24.0473   12.20353 6.7780e+02 0.0000e+00
        249 157.479329    0.01722     1.0333     62.000      0.798  49033.746    30.9029     8.0431      0.791    6.77179     8.0433    24.0519   12.20328 6.5518e+02 0.0000e+00
        250 157.479332    0.01729     1.0375     62.250      0.788  49038.759    30.9064     8.0426      0.781    6.77171     8.0451    24.0546   12.20311 6.5148e+02 0.0000e+00
        251 157.479334    0.01736     1.0417     62.500      0.777  49038.248    30.9061     8.0433      0.770    6.77160     8.0469    24.0543   12.20294 6.4048e+02 0.0000e+00
        252 157.479337    0.01743     1.0458     62.750      0.769  49033.307    30.9030     8.0451      0.762    6.77146     8.0480    24.0516   12.20275 5.9617e+02 0.0000e+00
        253 157.479340    0.01750     1.0500     63.000      0.769  49026.883    30.8988     8.0470      0.761    6.77136     8.0483    24.0480   12.20264 5.4025e+02 0.0000e+00
        254 157.479343    0.01757     1.0542     63.250      0.774  49022.292    30.8957     8.0481      0.767    6.77132     8.0480    24.0455   12.20262 5.0455e+02 0.0000e+00
        255 157.479346    0.01764     1.0583     63.500      0.783  49021.633    30.8953     8.0484      0.775    6.77130     8.0474    24.0451   12.20258 4.8186e+02 0.0000e+00
        256 157.479349    0.01771     1.0625     63.750      0.791  49025.291    30.8978     8.0481      0.783    6.77124     8.0469    24.0471   12.20245 4.6871e+02 0.0000e+00
        257 157.479352    0.01778     1.0667     64.000      0.795  49031.891    30.9023     8.0474      0.787    6.77114     8.0472    24.0508   12.20222 4.7587e+02 0.0000e+00
        258 157.479355    0.01785     1.0708     64.250      0.795  49038.620    30.9069     8.0469      0.787    6.77101     8.0488    24.0545   12.20196 5.0843e+02 0.0000e+00
        259 157.479358    0.01792     1.0750     64.500      0.789  49042.727    30.9098     8.0473      0.781    6.77083     8.0514    24.0567   12.20162 5.5102e+02 0.0000e+00
        260 157.479361    0.01799     1.0792     64.750      0.782  49042.999    30.9103     8.0489      0.774    6.77056     8.0542    24.0568   12.20117 5.7628e+02 0.0000e+00
        261 157.479363    0.01806     1.0833     65.000      0.775  49040.071    30.9087     8.0514      0.768    6.77024     8.0567    24.0552   12.20066 5.8942e+02 0.0000e+00
        262 157.479366    0.01812     1.0875     65.250      0.773  49035.720    30.9061     8.0543      0.765    6.76992     8.0586    24.0527   12.20017 6.0834e+02 0.0000e+00
        263 157.479369    0.01819     1.0917     65.500      0.774  49031.905    30.9038     8.0568      0.766    6.76964     8.0598    24.0506   12.19973 6.2454e+02 0.0000e+00
        264 157.479372    0.01826     1.0958     65.750      0.778  49029.601    30.9025     8.0587      0.770    6.76941     8.0602    24.0493   12.19936 6.2547e+02 0.0000e+00
        265 157.479375    0.01833     1.1000     66.000      0.782  49028.894    30.9022     8.0598      0.775    6.76924     8.0603    24.0489   12.19909 6.2360e+02 0.0000e+00
        266 157.479378    0.01840     1.1042     66.250      0.784  49029.660    30.9028     8.0603      0.777    6.76914     8.0604    24.0493   12.19892 6.2796e+02 0.0000e+00
        267 157.479381    0.01847     1.1083     66.500      0.784  49031.153    30.9038     8.0603      0.777    6.76909     8.0609    24.0501   12.19881 6.2261e+02 0.0000e+00
        268 157.479384    0.01854     1.1125     66.750      0.783  49032.149    30.9045     8.0604      0.776    6.76904     8.0620    24.0507   12.19873 6.1302e+02 0.0000e+00
        269 157.479387    0.01861     1.1167     67.000      0.781  49031.654    30.9043     8.0610      0.774    6.76897     8.0635    24.0504   12.19861 6.2024e+02 0.0000e+00
        270 157.479389    0.01868     1.1208     67.250      0.781  49029.577    30.9030     8.0621      0.774    6.76885     8.0648    24.0492   12.19843 6.4746e+02 0.0000e+00
        271 157.479392    0.01875     1.1250     67.500      0.784  49026.768    30.9012     8.0635      0.777    6.76871     8.0658    24.0476   12.19822 6.8416e+02 0.0000e+00
