CTD-processing/allCTD/CNV--turbid/2012_09-21_t9_s07_repeat3_cast167.cnv
* Sea-Bird SBE19plus Data File:
* FileName = C:\Documents and Settings\kris.holderied.local\My Documents\2012-CTD-DATA-new-files\2012-09-21-CTD-HomerSpit-tide-time-series-KBRRctd\2012-09-21-CTD-HomerSpit-tide-repeat3\2012-09-21-HomerSpit-tide-repeat3-cast167.hex
* Software Version 1.54
* Temperature SN =  4141
* Conductivity SN =  4141
* System UpLoad Time = Oct 11 2012 18:54:59
** Kachemak Bay Homer Spit Line - Tidal repeat3
** Date:  2012-09-21
** Station: 9-07
** Start time (AKDT-24 hr): 1250
** Depth (ft): 340
** Comment:
# nquan = 16
# nvalues = 734                         
# units = specified
# name 0 = scan: Scan Count
# name 1 = timeJ: Julian Days
# name 2 = timeH: Time, Elapsed [hours]
# name 3 = timeM: Time, Elapsed [minutes]
# name 4 = timeS: Time, Elapsed [seconds]
# name 5 = prdM: Pressure, Strain Gauge [db]
# name 6 = specc: Specific Conductance [uS/cm]
# name 7 = sal00: Salinity, Practical [PSU]
# name 8 = tv290C: Temperature [ITS-90, deg C]
# name 9 = depSM: Depth [salt water, m], lat = 59.00
# name 10 = oxsolML/L: Oxygen Saturation, Garcia & Gordon [ml/l]
# name 11 = potemp090C: Potential Temperature [ITS-90, deg C]
# name 12 = sigma-é00: Density [sigma-theta, kg/m^3]
# name 13 = n2satML/L: Nitrogen Saturation [ml/l]
# name 14 = par: PAR/Irradiance, Biospherical/Licor
# name 15 = flag:  0.000e+00
# span 0 =          1,        734       
# span 1 = 265.534977, 265.537098       
# span 2 =    0.00000,    0.05090       
# span 3 =     0.0000,     3.0542       
# span 4 =      0.000,    183.250       
# span 5 =     -0.101,     97.927       
# span 6 =   8119.556,  48653.416       
# span 7 =     4.4634,    30.7940       
# span 8 =     9.3952,     9.7364       
# span 9 =     -0.100,     96.989       
# span 10 =    6.55349,    7.74240      
# span 11 =     9.3950,     9.7357      
# span 12 =     3.2270,    23.7612      
# span 13 =   11.84702,   14.17883      
# span 14 = 6.7092e-02, 3.0622e+02      
# span 15 = 0.0000e+00, 0.0000e+00      
# interval = seconds: 0.25
# start_time = Sep 21 2012 12:50:22 [Instrument's time stamp, header]
# bad_flag = -9.990e-29
*END*
[from data line 543]
        544 265.536548    0.03771     2.2625    135.750     51.031  48249.416    30.5518     9.6007     50.547    6.55472     9.5939    23.5454   11.84816 6.9600e-02 0.0000e+00
        545 265.536551    0.03778     2.2667    136.000     51.281  48251.261    30.5529     9.6002     50.796    6.55475     9.5930    23.5464   11.84820 6.9017e-02 0.0000e+00
        546 265.536554    0.03785     2.2708    136.250     51.530  48253.458    30.5543     9.5994     51.042    6.55479     9.5920    23.5476   11.84826 6.8678e-02 0.0000e+00
        547 265.536557    0.03792     2.2750    136.500     51.775  48255.709    30.5556     9.5985     51.284    6.55487     9.5911    23.5488   11.84836 6.8491e-02 0.0000e+00
        548 265.536560    0.03799     2.2792    136.750     52.016  48257.831    30.5569     9.5975     51.524    6.55496     9.5902    23.5499   11.84849 6.8389e-02 0.0000e+00
        549 265.536563    0.03806     2.2833    137.000     52.256  48259.738    30.5580     9.5966     51.761    6.55505     9.5894    23.5509   11.84863 6.8327e-02 0.0000e+00
        550 265.536565    0.03812     2.2875    137.250     52.496  48261.437    30.5590     9.5957     51.999    6.55513     9.5887    23.5518   11.84876 6.8286e-02 0.0000e+00
        551 265.536568    0.03819     2.2917    137.500     52.738  48262.951    30.5598     9.5950     52.239    6.55520     9.5878    23.5526   11.84887 6.8263e-02 0.0000e+00
        552 265.536571    0.03826     2.2958    137.750     52.985  48264.371    30.5606     9.5943     52.484    6.55527     9.5868    23.5534   11.84897 6.8270e-02 0.0000e+00
        553 265.536574    0.03833     2.3000    138.000     53.236  48265.897    30.5615     9.5935     52.732    6.55535     9.5855    23.5542   11.84909 6.8295e-02 0.0000e+00
        554 265.536577    0.03840     2.3042    138.250     53.490  48267.753    30.5626     9.5925     52.983    6.55544     9.5839    23.5552   11.84923 6.8300e-02 0.0000e+00
        555 265.536580    0.03847     2.3083    138.500     53.743  48270.155    30.5640     9.5913     53.233    6.55556     9.5818    23.5565   11.84942 6.8266e-02 0.0000e+00
        556 265.536583    0.03854     2.3125    138.750     53.992  48273.307    30.5659     9.5896     53.481    6.55572     9.5794    23.5582   11.84965 6.8205e-02 0.0000e+00
        557 265.536586    0.03861     2.3167    139.000     54.238  48277.256    30.5683     9.5876     53.723    6.55592     9.5767    23.5604   11.84995 6.8152e-02 0.0000e+00
        558 265.536589    0.03868     2.3208    139.250     54.478  48281.777    30.5710     9.5852     53.962    6.55615     9.5739    23.5629   11.85031 6.8123e-02 0.0000e+00
        559 265.536591    0.03875     2.3250    139.500     54.716  48286.574    30.5740     9.5825     54.197    6.55642     9.5713    23.5656   11.85071 6.8106e-02 0.0000e+00
        560 265.536594    0.03882     2.3292    139.750     54.953  48291.309    30.5768     9.5798     54.432    6.55669     9.5689    23.5683   11.85113 6.8091e-02 0.0000e+00
        561 265.536597    0.03889     2.3333    140.000     55.192  48295.658    30.5794     9.5771     54.669    6.55696     9.5670    23.5708   11.85155 6.8092e-02 0.0000e+00
        562 265.536600    0.03896     2.3375    140.250     55.435  48299.415    30.5817     9.5748     54.909    6.55720     9.5656    23.5729   11.85192 6.8107e-02 0.0000e+00
        563 265.536603    0.03903     2.3417    140.500     55.680  48302.430    30.5835     9.5729     55.152    6.55740     9.5645    23.5746   11.85223 6.8085e-02 0.0000e+00
        564 265.536606    0.03910     2.3458    140.750     55.926  48304.701    30.5848     9.5714     55.396    6.55756     9.5637    23.5758   11.85247 6.8029e-02 0.0000e+00
        565 265.536609    0.03917     2.3500    141.000     56.170  48306.393    30.5857     9.5704     55.637    6.55767     9.5632    23.5767   11.85264 6.7987e-02 0.0000e+00
        566 265.536612    0.03924     2.3542    141.250     56.410  48307.712    30.5865     9.5697     55.876    6.55774     9.5628    23.5774   11.85275 6.7961e-02 0.0000e+00
        567 265.536615    0.03931     2.3583    141.500     56.647  48308.827    30.5871     9.5692     56.111    6.55779     9.5625    23.5780   11.85282 6.7943e-02 0.0000e+00
        568 265.536617    0.03938     2.3625    141.750     56.882  48309.810    30.5876     9.5688     56.344    6.55782     9.5623    23.5785   11.85286 6.7955e-02 0.0000e+00
        569 265.536620    0.03944     2.3667    142.000     57.117  48310.678    30.5881     9.5686     56.576    6.55783     9.5621    23.5789   11.85289 6.8017e-02 0.0000e+00
        570 265.536623    0.03951     2.3708    142.250     57.354  48311.510    30.5885     9.5684     56.810    6.55784     9.5618    23.5793   11.85290 6.8075e-02 0.0000e+00
        571 265.536626    0.03958     2.3750    142.500     57.595  48312.488    30.5891     9.5682     57.049    6.55785     9.5615    23.5798   11.85290 6.8071e-02 0.0000e+00
        572 265.536629    0.03965     2.3792    142.750     57.843  48313.827    30.5899     9.5679     57.295    6.55785     9.5610    23.5805   11.85289 6.8048e-02 0.0000e+00
        573 265.536632    0.03972     2.3833    143.000     58.096  48315.722    30.5911     9.5676     57.545    6.55785     9.5602    23.5814   11.85287 6.8040e-02 0.0000e+00
        574 265.536635    0.03979     2.3875    143.250     58.352  48318.531    30.5929     9.5671     57.798    6.55784     9.5591    23.5829   11.85284 6.8025e-02 0.0000e+00
        575 265.536638    0.03986     2.3917    143.500     58.606  48322.816    30.5957     9.5664     58.051    6.55783     9.5575    23.5852   11.85279 6.7992e-02 0.0000e+00
        576 265.536641    0.03993     2.3958    143.750     58.857  48328.804    30.5997     9.5652     58.299    6.55782     9.5555    23.5885   11.85273 6.7958e-02 0.0000e+00
        577 265.536644    0.04000     2.4000    144.000     59.102  48336.161    30.6045     9.5637     58.541    6.55785     9.5533    23.5925   11.85271 6.7936e-02 0.0000e+00
        578 265.536646    0.04007     2.4042    144.250     59.341  48344.307    30.6099     9.5617     58.778    6.55791     9.5512    23.5970   11.85275 6.7921e-02 0.0000e+00
        579 265.536649    0.04014     2.4083    144.500     59.577  48352.838    30.6155     9.5595     59.012    6.55798     9.5492    23.6017   11.85281 6.7900e-02 0.0000e+00
        580 265.536652    0.04021     2.4125    144.750     59.814  48361.296    30.6210     9.5574     59.247    6.55805     9.5475    23.6064   11.85285 6.7883e-02 0.0000e+00
        581 265.536655    0.04028     2.4167    145.000     60.057  48368.906    30.6260     9.5555     59.487    6.55812     9.5460    23.6106   11.85290 6.7902e-02 0.0000e+00
        582 265.536658    0.04035     2.4208    145.250     60.309  48375.282    30.6302     9.5538     59.736    6.55819     9.5448    23.6141   11.85296 6.7952e-02 0.0000e+00
        583 265.536661    0.04042     2.4250    145.500     60.567  48380.638    30.6337     9.5524     59.992    6.55825     9.5438    23.6170   11.85302 6.7991e-02 0.0000e+00
        584 265.536664    0.04049     2.4292    145.750     60.828  48385.401    30.6367     9.5513     60.251    6.55829     9.5429    23.6196   11.85304 6.8009e-02 0.0000e+00
        585 265.536667    0.04056     2.4333    146.000     61.090  48389.916    30.6397     9.5503     60.509    6.55831     9.5420    23.6221   11.85304 6.7995e-02 0.0000e+00
        586 265.536670    0.04063     2.4375    146.250     61.349  48394.274    30.6425     9.5494     60.766    6.55832     9.5410    23.6245   11.85302 6.7947e-02 0.0000e+00
        587 265.536672    0.04069     2.4417    146.500     61.607  48398.444    30.6452     9.5485     61.022    6.55833     9.5400    23.6267   11.85301 6.7906e-02 0.0000e+00
        588 265.536675    0.04076     2.4458    146.750     61.867  48402.598    30.6479     9.5475     61.280    6.55836     9.5388    23.6290   11.85302 6.7873e-02 0.0000e+00
        589 265.536678    0.04083     2.4500    147.000     62.132  48407.200    30.6509     9.5465     61.542    6.55838     9.5376    23.6315   11.85303 6.7845e-02 0.0000e+00
        590 265.536681    0.04090     2.4542    147.250     62.404  48412.641    30.6545     9.5454     61.811    6.55839     9.5361    23.6344   11.85301 6.7827e-02 0.0000e+00
        591 265.536684    0.04097     2.4583    147.500     62.681  48418.989    30.6586     9.5442     62.085    6.55839     9.5343    23.6379   11.85296 6.7825e-02 0.0000e+00
        592 265.536687    0.04104     2.4625    147.750     62.960  48426.060    30.6633     9.5428     62.361    6.55840     9.5321    23.6417   11.85291 6.7842e-02 0.0000e+00
        593 265.536690    0.04111     2.4667    148.000     63.235  48433.913    30.6685     9.5410     62.634    6.55843     9.5291    23.6460   11.85290 6.7839e-02 0.0000e+00
        594 265.536693    0.04118     2.4708    148.250     63.504  48443.403    30.6747     9.5388     62.901    6.55850     9.5251    23.6513   11.85293 6.7825e-02 0.0000e+00
        595 265.536696    0.04125     2.4750    148.500     63.764  48455.313    30.6826     9.5358     63.158    6.55860     9.5202    23.6579   11.85300 6.7831e-02 0.0000e+00
        596 265.536698    0.04132     2.4792    148.750     64.015  48468.837    30.6914     9.5318     63.407    6.55880     9.5151    23.6655   11.85323 6.7839e-02 0.0000e+00
        597 265.536701    0.04139     2.4833    149.000     64.259  48482.262    30.7001     9.5270     63.649    6.55913     9.5102    23.6730   11.85367 6.7853e-02 0.0000e+00
        598 265.536704    0.04146     2.4875    149.250     64.499  48494.445    30.7079     9.5219     63.886    6.55954     9.5059    23.6799   11.85426 6.7883e-02 0.0000e+00
        599 265.536707    0.04153     2.4917    149.500     64.737  48504.784    30.7144     9.5170     64.122    6.55997     9.5020    23.6857   11.85489 6.7910e-02 0.0000e+00
        600 265.536710    0.04160     2.4958    149.750     64.977  48513.226    30.7197     9.5127     64.360    6.56037     9.4984    23.6905   11.85550 6.7935e-02 0.0000e+00
        601 265.536713    0.04167     2.5000    150.000     65.220  48520.204    30.7240     9.5089     64.601    6.56075     9.4949    23.6945   11.85607 6.7951e-02 0.0000e+00
        602 265.536716    0.04174     2.5042    150.250     65.469  48526.065    30.7275     9.5053     64.847    6.56112     9.4914    23.6978   11.85665 6.7937e-02 0.0000e+00
        603 265.536719    0.04181     2.5083    150.500     65.722  48530.941    30.7303     9.5018     65.097    6.56151     9.4880    23.7006   11.85725 6.7908e-02 0.0000e+00
        604 265.536722    0.04188     2.5125    150.750     65.977  48535.006    30.7326     9.4983     65.350    6.56191     9.4848    23.7029   11.85789 6.7886e-02 0.0000e+00
        605 265.536725    0.04194     2.5167    151.000     66.232  48538.671    30.7347     9.4950     65.603    6.56231     9.4819    23.7051   11.85854 6.7872e-02 0.0000e+00
        606 265.536727    0.04201     2.5208    151.250     66.483  48542.286    30.7367     9.4918     65.851    6.56270     9.4796    23.7072   11.85914 6.7868e-02 0.0000e+00
        607 265.536730    0.04208     2.5250    151.500     66.729  48545.691    30.7386     9.4889     66.095    6.56303     9.4778    23.7091   11.85967 6.7874e-02 0.0000e+00
        608 265.536733    0.04215     2.5292    151.750     66.971  48548.474    30.7401     9.4866     66.334    6.56330     9.4766    23.7107   11.86009 6.7887e-02 0.0000e+00
        609 265.536736    0.04222     2.5333    152.000     67.212  48550.536    30.7413     9.4849     66.573    6.56350     9.4756    23.7118   11.86041 6.7898e-02 0.0000e+00
        610 265.536739    0.04229     2.5375    152.250     67.458  48552.011    30.7420     9.4837     66.817    6.56364     9.4748    23.7126   11.86065 6.7892e-02 0.0000e+00
        611 265.536742    0.04236     2.5417    152.500     67.713  48552.972    30.7425     9.4828     67.069    6.56376     9.4741    23.7131   11.86083 6.7876e-02 0.0000e+00
        612 265.536745    0.04243     2.5458    152.750     67.975  48553.604    30.7427     9.4820     67.328    6.56386     9.4734    23.7134   11.86099 6.7888e-02 0.0000e+00
        613 265.536748    0.04250     2.5500    153.000     68.241  48554.175    30.7429     9.4813     67.592    6.56395     9.4727    23.7137   11.86115 6.7902e-02 0.0000e+00
        614 265.536751    0.04257     2.5542    153.250     68.506  48554.651    30.7431     9.4806     67.854    6.56404     9.4721    23.7139   11.86130 6.7881e-02 0.0000e+00
        615 265.536753    0.04264     2.5583    153.500     68.766  48554.984    30.7431     9.4799     68.112    6.56414     9.4714    23.7140   11.86145 6.7875e-02 0.0000e+00
        616 265.536756    0.04271     2.5625    153.750     69.018  48555.354    30.7432     9.4793     68.362    6.56423     9.4708    23.7142   11.86160 6.7895e-02 0.0000e+00
        617 265.536759    0.04278     2.5667    154.000     69.266  48555.848    30.7433     9.4787     68.607    6.56431     9.4703    23.7144   11.86174 6.7906e-02 0.0000e+00
        618 265.536762    0.04285     2.5708    154.250     69.512  48556.373    30.7435     9.4781     68.851    6.56439     9.4700    23.7146   11.86186 6.7896e-02 0.0000e+00
        619 265.536765    0.04292     2.5750    154.500     69.763  48556.850    30.7437     9.4777     69.099    6.56444     9.4697    23.7148   11.86195 6.7871e-02 0.0000e+00
        620 265.536768    0.04299     2.5792    154.750     70.017  48557.276    30.7439     9.4774     69.351    6.56448     9.4695    23.7150   11.86201 6.7837e-02 0.0000e+00
        621 265.536771    0.04306     2.5833    155.000     70.273  48557.640    30.7440     9.4771     69.604    6.56451     9.4694    23.7151   11.86206 6.7816e-02 0.0000e+00
        622 265.536774    0.04312     2.5875    155.250     70.525  48557.946    30.7440     9.4770     69.854    6.56453     9.4692    23.7152   11.86209 6.7817e-02 0.0000e+00
        623 265.536777    0.04319     2.5917    155.500     70.771  48558.254    30.7441     9.4768     70.097    6.56455     9.4691    23.7153   11.86212 6.7821e-02 0.0000e+00
        624 265.536780    0.04326     2.5958    155.750     71.009  48558.579    30.7442     9.4767     70.333    6.56457     9.4689    23.7154   11.86214 6.7813e-02 0.0000e+00
        625 265.536782    0.04333     2.6000    156.000     71.241  48558.858    30.7443     9.4766     70.563    6.56458     9.4688    23.7155   11.86216 6.7807e-02 0.0000e+00
        626 265.536785    0.04340     2.6042    156.250     71.475  48559.081    30.7444     9.4765     70.794    6.56459     9.4688    23.7156   11.86219 6.7830e-02 0.0000e+00
        627 265.536788    0.04347     2.6083    156.500     71.716  48559.279    30.7444     9.4764     71.033    6.56460     9.4687    23.7157   11.86221 6.7875e-02 0.0000e+00
        628 265.536791    0.04354     2.6125    156.750     71.967  48559.439    30.7444     9.4763     71.282    6.56461     9.4687    23.7157   11.86222 6.7909e-02 0.0000e+00
        629 265.536794    0.04361     2.6167    157.000     72.228  48559.555    30.7444     9.4763     71.540    6.56461     9.4687    23.7156   11.86222 6.7918e-02 0.0000e+00
        630 265.536797    0.04368     2.6208    157.250     72.494  48559.660    30.7444     9.4763     71.804    6.56461     9.4686    23.7156   11.86223 6.7882e-02 0.0000e+00
        631 265.536800    0.04375     2.6250    157.500     72.760  48559.807    30.7444     9.4763     72.067    6.56461     9.4686    23.7156   11.86222 6.7816e-02 0.0000e+00
        632 265.536803    0.04382     2.6292    157.750     73.019  48560.009    30.7444     9.4763     72.324    6.56461     9.4686    23.7157   11.86222 6.7791e-02 0.0000e+00
