CTD-processing/allCTD/CNV--turbid/2012_06-05a_t4_s09a_cast102.cnv
* Sea-Bird SBE19plus Data File:
* FileName = C:\Documents and Settings\glenn.seaman\My Documents\KHolderied-files\CTD-DATA-FILES\2012-May-Jun-KachemakBay\Transect4-2012-06-05a-Barabara-to-Bluff\Tran4-2012-06-05a-Barabara-cast102.hex
* Software Version 1.59
* Temperature SN =  5028
* Conductivity SN =  5028
* System UpLoad Time = Jun 05 2012 14:05:29
** LTM Transect4- Barabara Pt to Bluff Pt
** Date: 2012-06-05  Low tide (1 of 2 lines)`
** Station:4-09a
** Start time (AKDT-24hr):1120
** Depth (ft):73
# nquan = 16
# nvalues = 328                         
# units = specified
# name 0 = scan: Scan Count
# name 1 = timeJ: Julian Days
# name 2 = timeH: Time, Elapsed [hours]
# name 3 = timeM: Time, Elapsed [minutes]
# name 4 = timeS: Time, Elapsed [seconds]
# name 5 = prdM: Pressure, Strain Gauge [db]
# name 6 = specc: Specific Conductance [uS/cm]
# name 7 = sal00: Salinity, Practical [PSU]
# name 8 = tv290C: Temperature [ITS-90, deg C]
# name 9 = depSM: Depth [salt water, m], lat = 59.00
# name 10 = oxsolML/L: Oxygen Saturation, Garcia & Gordon [ml/l]
# name 11 = potemp090C: Potential Temperature [ITS-90, deg C]
# name 12 = sigma-é00: Density [sigma-theta, kg/m^3]
# name 13 = n2satML/L: Nitrogen Saturation [ml/l]
# name 14 = par: PAR/Irradiance, Biospherical/Licor [umol photons/m^2/sec]
# name 15 = flag:  0.000e+00
# span 0 =          1,        328       
# span 1 = 157.473021, 157.473967       
# span 2 =    0.00000,    0.02271       
# span 3 =     0.0000,     1.3625       
# span 4 =      0.000,     81.750       
# span 5 =     -0.043,     21.113       
# span 6 =   1720.606,  50537.210       
# span 7 =     0.8611,    31.6452       
# span 8 =     6.3139,     7.9912       
# span 9 =     -0.043,     20.914       
# span 10 =    6.77796,    8.32406      
# span 11 =     6.3124,     7.9912      
# span 12 =     0.5570,    24.8646      
# span 13 =   12.21292,   15.21231      
# span 14 = 8.5005e-01, 1.4121e+03      
# span 15 = 0.0000e+00, 0.0000e+00      
# interval = seconds: 0.25
# start_time = Jun 05 2012 11:21:09 [Instrument's time stamp, header]
# bad_flag = -9.990e-29
*END*
[from data line 181]
        182 157.473545    0.01257     0.7542     45.250      0.788  49118.536    30.9465     7.9418      0.781    6.78544     7.9428    24.1003   12.22535 7.2693e+02 0.0000e+00
        183 157.473547    0.01264     0.7583     45.500      0.794  49114.907    30.9441     7.9426      0.786    6.78542     7.9429    24.0983   12.22535 7.0070e+02 0.0000e+00
        184 157.473550    0.01271     0.7625     45.750      0.799  49114.807    30.9440     7.9429      0.791    6.78538     7.9431    24.0982   12.22528 6.9725e+02 0.0000e+00
        185 157.473553    0.01278     0.7667     46.000      0.801  49118.559    30.9467     7.9430      0.793    6.78524     7.9436    24.1002   12.22502 7.2024e+02 0.0000e+00
        186 157.473556    0.01285     0.7708     46.250      0.798  49123.707    30.9503     7.9432      0.791    6.78505     7.9446    24.1030   12.22466 7.4762e+02 0.0000e+00
        187 157.473559    0.01292     0.7750     46.500      0.792  49126.647    30.9524     7.9436      0.785    6.78489     7.9462    24.1046   12.22437 7.6533e+02 0.0000e+00
        188 157.473562    0.01299     0.7792     46.750      0.786  49125.136    30.9515     7.9446      0.778    6.78477     7.9479    24.1038   12.22418 7.7888e+02 0.0000e+00
        189 157.473565    0.01306     0.7833     47.000      0.782  49119.096    30.9476     7.9462      0.775    6.78470     7.9491    24.1005   12.22411 7.8625e+02 0.0000e+00
        190 157.473568    0.01313     0.7875     47.250      0.783  49110.844    30.9421     7.9480      0.776    6.78467     7.9497    24.0959   12.22414 7.7353e+02 0.0000e+00
        191 157.473571    0.01319     0.7917     47.500      0.789  49104.338    30.9377     7.9492      0.782    6.78468     7.9497    24.0924   12.22421 7.6601e+02 0.0000e+00
        192 157.473573    0.01326     0.7958     47.750      0.796  49102.244    30.9363     7.9497      0.788    6.78466     7.9493    24.0912   12.22419 7.8447e+02 0.0000e+00
        193 157.473576    0.01333     0.8000     48.000      0.800  49104.884    30.9381     7.9497      0.792    6.78457     7.9486    24.0926   12.22402 8.1294e+02 0.0000e+00
        194 157.473579    0.01340     0.8042     48.250      0.799  49110.688    30.9421     7.9493      0.791    6.78446     7.9479    24.0958   12.22378 8.1745e+02 0.0000e+00
        195 157.473582    0.01347     0.8083     48.500      0.794  49116.551    30.9461     7.9486      0.786    6.78440     7.9477    24.0990   12.22363 7.9502e+02 0.0000e+00
        196 157.473585    0.01354     0.8125     48.750      0.789  49119.081    30.9478     7.9479      0.782    6.78443     7.9478    24.1004   12.22366 7.8534e+02 0.0000e+00
        197 157.473588    0.01361     0.8167     49.000      0.788  49117.140    30.9464     7.9477      0.780    6.78453     7.9478    24.0994   12.22384 7.9295e+02 0.0000e+00
        198 157.473591    0.01368     0.8208     49.250      0.789  49113.702    30.9441     7.9479      0.782    6.78462     7.9474    24.0975   12.22402 7.9686e+02 0.0000e+00
        199 157.473594    0.01375     0.8250     49.500      0.790  49112.903    30.9435     7.9479      0.783    6.78464     7.9468    24.0971   12.22406 7.9797e+02 0.0000e+00
        200 157.473597    0.01382     0.8292     49.750      0.790  49116.025    30.9456     7.9475      0.783    6.78459     7.9463    24.0988   12.22396 7.8898e+02 0.0000e+00
        201 157.473600    0.01389     0.8333     50.000      0.787  49120.901    30.9489     7.9469      0.780    6.78454     7.9460    24.1015   12.22383 7.7552e+02 0.0000e+00
        202 157.473602    0.01396     0.8375     50.250      0.784  49123.590    30.9507     7.9464      0.777    6.78455     7.9459    24.1030   12.22382 7.7579e+02 0.0000e+00
        203 157.473605    0.01403     0.8417     50.500      0.784  49121.976    30.9495     7.9461      0.777    6.78464     7.9458    24.1021   12.22400 7.8274e+02 0.0000e+00
        204 157.473608    0.01410     0.8458     50.750      0.788  49118.514    30.9471     7.9460      0.781    6.78477     7.9456    24.1002   12.22423 7.9216e+02 0.0000e+00
        205 157.473611    0.01417     0.8500     51.000      0.794  49117.650    30.9465     7.9459      0.787    6.78482     7.9454    24.0997   12.22431 7.9703e+02 0.0000e+00
        206 157.473614    0.01424     0.8542     51.250      0.797  49121.385    30.9491     7.9456      0.790    6.78474     7.9454    24.1018   12.22415 7.9273e+02 0.0000e+00
        207 157.473617    0.01431     0.8583     51.500      0.797  49128.270    30.9539     7.9454      0.789    6.78455     7.9460    24.1055   12.22379 7.6828e+02 0.0000e+00
        208 157.473620    0.01438     0.8625     51.750      0.794  49134.478    30.9582     7.9455      0.786    6.78435     7.9473    24.1089   12.22341 7.1928e+02 0.0000e+00
        209 157.473623    0.01444     0.8667     52.000      0.791  49136.148    30.9595     7.9461      0.783    6.78420     7.9489    24.1098   12.22315 6.8107e+02 0.0000e+00
        210 157.473626    0.01451     0.8708     52.250      0.793  49132.137    30.9569     7.9474      0.785    6.78412     7.9502    24.1076   12.22304 6.5644e+02 0.0000e+00
        211 157.473628    0.01458     0.8750     52.500      0.800  49125.405    30.9524     7.9490      0.793    6.78407     7.9510    24.1039   12.22302 6.2908e+02 0.0000e+00
        212 157.473631    0.01465     0.8792     52.750      0.809  49121.076    30.9496     7.9502      0.801    6.78400     7.9515    24.1015   12.22294 6.1541e+02 0.0000e+00
        213 157.473634    0.01472     0.8833     53.000      0.814  49121.976    30.9503     7.9510      0.806    6.78385     7.9520    24.1020   12.22267 6.2258e+02 0.0000e+00
        214 157.473637    0.01479     0.8875     53.250      0.812  49126.743    30.9537     7.9515      0.804    6.78362     7.9531    24.1046   12.22225 6.2508e+02 0.0000e+00
        215 157.473640    0.01486     0.8917     53.500      0.804  49131.097    30.9568     7.9521      0.797    6.78339     7.9548    24.1069   12.22183 6.2362e+02 0.0000e+00
        216 157.473643    0.01493     0.8958     53.750      0.796  49130.967    30.9569     7.9532      0.789    6.78322     7.9566    24.1069   12.22155 6.5911e+02 0.0000e+00
        217 157.473646    0.01500     0.9000     54.000      0.792  49125.511    30.9534     7.9549      0.785    6.78312     7.9578    24.1038   12.22142 7.1888e+02 0.0000e+00
        218 157.473649    0.01507     0.9042     54.250      0.794  49118.053    30.9485     7.9566      0.787    6.78306     7.9584    24.0997   12.22139 7.7006e+02 0.0000e+00
        219 157.473652    0.01514     0.9083     54.500      0.798  49113.357    30.9454     7.9578      0.791    6.78301     7.9584    24.0971   12.22135 8.2110e+02 0.0000e+00
        220 157.473655    0.01521     0.9125     54.750      0.801  49113.921    30.9458     7.9584      0.793    6.78290     7.9582    24.0974   12.22117 8.6442e+02 0.0000e+00
        221 157.473657    0.01528     0.9167     55.000      0.799  49119.428    30.9497     7.9585      0.792    6.78272     7.9581    24.1004   12.22082 8.6212e+02 0.0000e+00
        222 157.473660    0.01535     0.9208     55.250      0.794  49127.109    30.9550     7.9583      0.787    6.78252     7.9587    24.1046   12.22041 8.2863e+02 0.0000e+00
        223 157.473663    0.01542     0.9250     55.500      0.789  49133.464    30.9595     7.9582      0.781    6.78233     7.9599    24.1081   12.22005 8.2415e+02 0.0000e+00
        224 157.473666    0.01549     0.9292     55.750      0.784  49136.852    30.9619     7.9587      0.777    6.78214     7.9613    24.1100   12.21970 8.5531e+02 0.0000e+00
        225 157.473669    0.01556     0.9333     56.000      0.781  49137.358    30.9624     7.9599      0.773    6.78193     7.9626    24.1102   12.21935 8.6778e+02 0.0000e+00
        226 157.473672    0.01563     0.9375     56.250      0.778  49135.777    30.9616     7.9614      0.771    6.78175     7.9633    24.1093   12.21906 8.2067e+02 0.0000e+00
        227 157.473675    0.01569     0.9417     56.500      0.777  49133.239    30.9600     7.9626      0.770    6.78163     7.9634    24.1079   12.21888 7.6535e+02 0.0000e+00
        228 157.473678    0.01576     0.9458     56.750      0.779  49130.438    30.9581     7.9633      0.772    6.78160     7.9634    24.1064   12.21886 7.5066e+02 0.0000e+00
        229 157.473681    0.01583     0.9500     57.000      0.786  49127.404    30.9560     7.9635      0.778    6.78167     7.9634    24.1047   12.21899 7.4720e+02 0.0000e+00
        230 157.473683    0.01590     0.9542     57.250      0.796  49124.697    30.9541     7.9635      0.789    6.78176     7.9637    24.1032   12.21917 7.4135e+02 0.0000e+00
        231 157.473686    0.01597     0.9583     57.500      0.808  49123.885    30.9536     7.9635      0.800    6.78178     7.9645    24.1028   12.21922 7.4744e+02 0.0000e+00
        232 157.473689    0.01604     0.9625     57.750      0.816  49125.844    30.9550     7.9637      0.809    6.78168     7.9660    24.1039   12.21903 7.6784e+02 0.0000e+00
        233 157.473692    0.01611     0.9667     58.000      0.820  49129.575    30.9577     7.9646      0.812    6.78143     7.9679    24.1059   12.21858 7.8599e+02 0.0000e+00
        234 157.473695    0.01618     0.9708     58.250      0.818  49133.220    30.9605     7.9660      0.811    6.78109     7.9703    24.1078   12.21798 7.8715e+02 0.0000e+00
        235 157.473698    0.01625     0.9750     58.500      0.814  49135.360    30.9623     7.9680      0.806    6.78071     7.9735    24.1090   12.21733 7.7251e+02 0.0000e+00
        236 157.473701    0.01632     0.9792     58.750      0.810  49135.275    30.9626     7.9704      0.802    6.78032     7.9770    24.1089   12.21668 7.5977e+02 0.0000e+00
        237 157.473704    0.01639     0.9833     59.000      0.807  49132.733    30.9613     7.9736      0.799    6.77990     7.9803    24.1075   12.21599 7.7021e+02 0.0000e+00
        238 157.473707    0.01646     0.9875     59.250      0.807  49128.360    30.9588     7.9771      0.799    6.77946     7.9829    24.1050   12.21530 7.7622e+02 0.0000e+00
        239 157.473709    0.01653     0.9917     59.500      0.809  49123.777    30.9561     7.9804      0.802    6.77907     7.9847    24.1024   12.21469 7.6035e+02 0.0000e+00
        240 157.473712    0.01660     0.9958     59.750      0.813  49120.529    30.9543     7.9830      0.806    6.77875     7.9859    24.1006   12.21419 7.7039e+02 0.0000e+00
        241 157.473715    0.01667     1.0000     60.000      0.817  49119.134    30.9536     7.9848      0.809    6.77851     7.9869    24.0998   12.21379 7.9177e+02 0.0000e+00
        242 157.473718    0.01674     1.0042     60.250      0.818  49119.076    30.9537     7.9860      0.811    6.77831     7.9880    24.0997   12.21346 7.7033e+02 0.0000e+00
        243 157.473721    0.01681     1.0083     60.500      0.817  49118.999    30.9538     7.9870      0.809    6.77815     7.9893    24.0997   12.21319 7.2385e+02 0.0000e+00
        244 157.473724    0.01688     1.0125     60.750      0.814  49117.301    30.9528     7.9881      0.807    6.77803     7.9906    24.0987   12.21301 6.5962e+02 0.0000e+00
        245 157.473727    0.01694     1.0167     61.000      0.813  49113.122    30.9501     7.9893      0.806    6.77796     7.9912    24.0964   12.21292 5.8565e+02 0.0000e+00
        246 157.473730    0.01701     1.0208     61.250      0.817  49106.118    30.9454     7.9906      0.810    6.77797     7.9902    24.0925   12.21299 5.6026e+02 0.0000e+00
        247 157.473733    0.01708     1.0250     61.500      0.828  49096.192    30.9386     7.9912      0.821    6.77818     7.9866    24.0871   12.21343 5.9408e+02 0.0000e+00
        248 157.473736    0.01715     1.0292     61.750      0.850  49084.429    30.9302     7.9902      0.842    6.77871     7.9796    24.0806   12.21441 6.3338e+02 0.0000e+00
        249 157.473738    0.01722     1.0333     62.000      0.885  49072.503    30.9213     7.9867      0.876    6.77964     7.9675    24.0742   12.21607 6.3187e+02 0.0000e+00
        250 157.473741    0.01729     1.0375     62.250      0.939  49059.963    30.9114     7.9797      0.930    6.78116     7.9472    24.0674   12.21870 5.9280e+02 0.0000e+00
        251 157.473744    0.01736     1.0417     62.500      1.025  49043.452    30.8980     7.9676      1.015    6.78363     7.9159    24.0586   12.22296 5.4909e+02 0.0000e+00
        252 157.473747    0.01743     1.0458     62.750      1.155  49021.567    30.8795     7.9473      1.144    6.78758     7.8749    24.0469   12.22972 5.1589e+02 0.0000e+00
        253 157.473750    0.01750     1.0500     63.000      1.329  49004.445    30.8626     7.9161      1.316    6.79316     7.8298    24.0380   12.23915 4.8688e+02 0.0000e+00
        254 157.473753    0.01757     1.0542     63.250      1.540  49006.666    30.8576     7.8750      1.525    6.79973     7.7867    24.0398   12.25008 4.5817e+02 0.0000e+00
        255 157.473756    0.01764     1.0583     63.500      1.778  49027.714    30.8651     7.8300      1.761    6.80637     7.7480    24.0520   12.26098 4.3410e+02 0.0000e+00
        256 157.473759    0.01771     1.0625     63.750      2.032  49056.081    30.8780     7.7869      2.013    6.81248     7.7133    24.0681   12.27093 4.0893e+02 0.0000e+00
        257 157.473762    0.01778     1.0667     64.000      2.295  49083.773    30.8911     7.7483      2.273    6.81790     7.6808    24.0837   12.27973 3.8060e+02 0.0000e+00
        258 157.473764    0.01785     1.0708     64.250      2.560  49108.525    30.9028     7.7136      2.536    6.82277     7.6483    24.0976   12.28765 3.5065e+02 0.0000e+00
        259 157.473767    0.01792     1.0750     64.500      2.824  49131.001    30.9131     7.6811      2.797    6.82737     7.6129    24.1102   12.29513 3.1204e+02 0.0000e+00
        260 157.473770    0.01799     1.0792     64.750      3.086  49152.016    30.9224     7.6486      3.057    6.83203     7.5718    24.1219   12.30273 2.7084e+02 0.0000e+00
        261 157.473773    0.01806     1.0833     65.000      3.350  49173.309    30.9314     7.6132      3.319    6.83716     7.5232    24.1338   12.31110 2.3770e+02 0.0000e+00
        262 157.473776    0.01812     1.0875     65.250      3.616  49197.620    30.9416     7.5721      3.583    6.84314     7.4652    24.1474   12.32088 2.1470e+02 0.0000e+00
        263 157.473779    0.01819     1.0917     65.500      3.883  49223.526    30.9516     7.5235      3.847    6.85032     7.3962    24.1618   12.33263 2.0043e+02 0.0000e+00
        264 157.473782    0.01826     1.0958     65.750      4.148  49250.426    30.9607     7.4656      4.110    6.85903     7.3192    24.1768   12.34692 1.9135e+02 0.0000e+00
        265 157.473785    0.01833     1.1000     66.000      4.409  49285.846    30.9738     7.3966      4.368    6.86930     7.2427    24.1964   12.36375 1.8165e+02 0.0000e+00
        266 157.473788    0.01840     1.1042     66.250      4.667  49338.737    30.9978     7.3197      4.623    6.88038     7.1756    24.2254   12.38177 1.6667e+02 0.0000e+00
        267 157.473791    0.01847     1.1083     66.500      4.925  49408.452    31.0334     7.2432      4.879    6.89086     7.1216    24.2636   12.39867 1.4853e+02 0.0000e+00
        268 157.473793    0.01854     1.1125     66.750      5.186  49480.669    31.0722     7.1761      5.137    6.89975     7.0793    24.3031   12.41288 1.3205e+02 0.0000e+00
        269 157.473796    0.01861     1.1167     67.000      5.452  49540.768    31.1047     7.1222      5.402    6.90684     7.0454    24.3358   12.42419 1.1855e+02 0.0000e+00
        270 157.473799    0.01868     1.1208     67.250      5.724  49586.492    31.1292     7.0799      5.671    6.91245     7.0174    24.3606   12.43317 1.0691e+02 0.0000e+00
        271 157.473802    0.01875     1.1250     67.500      5.998  49623.547    31.1491     7.0459      5.942    6.91695     6.9942    24.3807   12.44036 9.6194e+01 0.0000e+00
