CTD-processing/allCTD/CNV--turbid/2012_07-29_t3_s11_cast047.cnv
* Sea-Bird SBE19plus Data File:
* FileName = C:\Documents and Settings\kris.holderied.local\My Documents\2012-07-EVOS-CookInlet-Ocean\2012-07-29-Tran3-CookInlet-LTM-cast047.hex
* Software Version 1.54
* Temperature SN =  4141
* Conductivity SN =  4141
* System UpLoad Time = Jul 29 2012 20:22:40
** Cook Inlet LTM Transect 3 from Anchor Pt west
** Date:  2012-07-29
** Station:  3-11
** Start time (AKDT-24 hr): 1529
** Depth (m): 41
** Station in convergence zon with lots of debris. CTD time 1 hr later than AKDT.
# nquan = 16
# nvalues = 518                         
# units = specified
# name 0 = scan: Scan Count
# name 1 = timeJ: Julian Days
# name 2 = timeH: Time, Elapsed [hours]
# name 3 = timeM: Time, Elapsed [minutes]
# name 4 = timeS: Time, Elapsed [seconds]
# name 5 = prdM: Pressure, Strain Gauge [db]
# name 6 = specc: Specific Conductance [uS/cm]
# name 7 = sal00: Salinity, Practical [PSU]
# name 8 = tv290C: Temperature [ITS-90, deg C]
# name 9 = depSM: Depth [salt water, m], lat = 59.00
# name 10 = oxsolML/L: Oxygen Saturation, Garcia & Gordon [ml/l]
# name 11 = potemp090C: Potential Temperature [ITS-90, deg C]
# name 12 = sigma-é00: Density [sigma-theta, kg/m^3]
# name 13 = n2satML/L: Nitrogen Saturation [ml/l]
# name 14 = par: PAR/Irradiance, Biospherical/Licor
# name 15 = flag:  0.000e+00
# span 0 =          1,        518       
# span 1 = 211.687130, 211.688626       
# span 2 =    0.00000,    0.03590       
# span 3 =     0.0000,     2.1542       
# span 4 =      0.000,    129.250       
# span 5 =     -0.040,     36.253       
# span 6 =    594.337,  49482.977       
# span 7 =     0.2845,    31.4363       
# span 8 =     9.4935,    10.6802       
# span 9 =     -0.040,     35.910       
# span 10 =    6.46975,    7.76190      
# span 11 =     9.4902,    10.6802      
# span 12 =    -0.1364,    24.2402      
# span 13 =   11.69912,   14.27219      
# span 14 = 3.0102e-01, 3.3707e+02      
# span 15 = 0.0000e+00, 0.0000e+00      
# interval = seconds: 0.25
# start_time = Jul 29 2012 16:29:28 [Instrument's time stamp, header]
# bad_flag = -9.990e-29
*END*
          1 211.687130    0.00000     0.0000      0.000     -0.038    594.337     0.2845    10.6689     -0.038    7.76190    10.6692    -0.1364   14.27219 3.2845e+02 0.0000e+00
          2 211.687133    0.00007     0.0042      0.250     -0.038    599.085     0.2869    10.6691     -0.038    7.76176    10.6694    -0.1345   14.27192 3.2853e+02 0.0000e+00
          3 211.687135    0.00014     0.0083      0.500     -0.038    605.005     0.2898    10.6692     -0.038    7.76158    10.6696    -0.1322   14.27159 3.2883e+02 0.0000e+00
          4 211.687138    0.00021     0.0125      0.750     -0.039    611.443     0.2930    10.6694     -0.038    7.76139    10.6698    -0.1298   14.27122 3.2958e+02 0.0000e+00
          5 211.687141    0.00028     0.0167      1.000     -0.039    617.964     0.2962    10.6696     -0.039    7.76120    10.6700    -0.1273   14.27084 3.3074e+02 0.0000e+00
          6 211.687144    0.00035     0.0208      1.250     -0.039    624.415     0.2994    10.6698     -0.039    7.76100    10.6703    -0.1248   14.27046 3.3197e+02 0.0000e+00
          7 211.687147    0.00042     0.0250      1.500     -0.039    630.921     0.3026    10.6700     -0.039    7.76080    10.6705    -0.1223   14.27008 3.3320e+02 0.0000e+00
          8 211.687150    0.00049     0.0292      1.750     -0.039    637.689     0.3060    10.6703     -0.039    7.76059    10.6708    -0.1197   14.26967 3.3438e+02 0.0000e+00
          9 211.687153    0.00056     0.0333      2.000     -0.039    644.865     0.3095    10.6705     -0.039    7.76037    10.6712    -0.1169   14.26924 3.3547e+02 0.0000e+00
         10 211.687156    0.00063     0.0375      2.250     -0.039    652.457     0.3133    10.6708     -0.039    7.76013    10.6715    -0.1139   14.26878 3.3621e+02 0.0000e+00
         11 211.687159    0.00069     0.0417      2.500     -0.039    660.207     0.3171    10.6712     -0.039    7.75989    10.6717    -0.1109   14.26832 3.3629e+02 0.0000e+00
         12 211.687161    0.00076     0.0458      2.750     -0.039    667.664     0.3208    10.6715     -0.039    7.75965    10.6720    -0.1081   14.26786 3.3591e+02 0.0000e+00
         13 211.687164    0.00083     0.0500      3.000     -0.038    674.225     0.3241    10.6717     -0.038    7.75944    10.6722    -0.1056   14.26746 3.3516e+02 0.0000e+00
         14 211.687167    0.00090     0.0542      3.250     -0.038    679.162     0.3265    10.6720     -0.038    7.75927    10.6724    -0.1037   14.26715 3.3392e+02 0.0000e+00
         15 211.687170    0.00097     0.0583      3.500     -0.039    682.084     0.3280    10.6722     -0.038    7.75916    10.6726    -0.1025   14.26694 3.3184e+02 0.0000e+00
         16 211.687173    0.00104     0.0625      3.750     -0.039    683.193     0.3285    10.6724     -0.039    7.75910    10.6728    -0.1021   14.26682 3.2850e+02 0.0000e+00
         17 211.687176    0.00111     0.0667      4.000     -0.039    682.910     0.3284    10.6726     -0.039    7.75907    10.6731    -0.1023   14.26676 3.2474e+02 0.0000e+00
         18 211.687179    0.00118     0.0708      4.250     -0.039    681.705     0.3278    10.6728     -0.039    7.75905    10.6734    -0.1028   14.26675 3.2214e+02 0.0000e+00
         19 211.687182    0.00125     0.0750      4.500     -0.039    680.201     0.3271    10.6731     -0.039    7.75904    10.6737    -0.1034   14.26674 3.2089e+02 0.0000e+00
         20 211.687185    0.00132     0.0792      4.750     -0.039    679.093     0.3266    10.6734     -0.039    7.75901    10.6741    -0.1038   14.26670 3.1999e+02 0.0000e+00
         21 211.687187    0.00139     0.0833      5.000     -0.039    678.984     0.3265    10.6737     -0.039    7.75896    10.6745    -0.1039   14.26661 3.1960e+02 0.0000e+00
         22 211.687190    0.00146     0.0875      5.250     -0.039    680.221     0.3271    10.6741     -0.039    7.75886    10.6750    -0.1035   14.26643 3.2041e+02 0.0000e+00
         23 211.687193    0.00153     0.0917      5.500     -0.039    682.626     0.3283    10.6745     -0.039    7.75872    10.6754    -0.1026   14.26619 3.2253e+02 0.0000e+00
         24 211.687196    0.00160     0.0958      5.750     -0.040    685.538     0.3297    10.6750     -0.040    7.75857    10.6758    -0.1015   14.26591 3.2555e+02 0.0000e+00
         25 211.687199    0.00167     0.1000      6.000     -0.040    688.285     0.3311    10.6754     -0.040    7.75843    10.6761    -0.1005   14.26564 3.2892e+02 0.0000e+00
         26 211.687202    0.00174     0.1042      6.250     -0.039    690.539     0.3322    10.6758     -0.039    7.75830    10.6764    -0.0996   14.26542 3.3208e+02 0.0000e+00
         27 211.687205    0.00181     0.1083      6.500     -0.039    692.315     0.3331    10.6761     -0.039    7.75820    10.6766    -0.0989   14.26523 3.3448e+02 0.0000e+00
         28 211.687208    0.00187     0.1125      6.750     -0.039    693.793     0.3339    10.6764     -0.039    7.75812    10.6768    -0.0984   14.26508 3.3595e+02 0.0000e+00
         29 211.687211    0.00194     0.1167      7.000     -0.039    695.159     0.3345    10.6766     -0.039    7.75804    10.6770    -0.0979   14.26495 3.3674e+02 0.0000e+00
         30 211.687214    0.00201     0.1208      7.250     -0.039    696.535     0.3352    10.6768     -0.039    7.75797    10.6771    -0.0974   14.26482 3.3707e+02 0.0000e+00
         31 211.687216    0.00208     0.1250      7.500     -0.039    697.956     0.3359    10.6770     -0.039    7.75791    10.6773    -0.0968   14.26470 3.3671e+02 0.0000e+00
         32 211.687219    0.00215     0.1292      7.750     -0.039    699.353     0.3366    10.6771     -0.039    7.75784    10.6775    -0.0963   14.26458 3.3530e+02 0.0000e+00
         33 211.687222    0.00222     0.1333      8.000     -0.039    700.582     0.3372    10.6773     -0.039    7.75778    10.6776    -0.0958   14.26447 3.3289e+02 0.0000e+00
         34 211.687225    0.00229     0.1375      8.250     -0.039    701.471     0.3376    10.6775     -0.039    7.75773    10.6778    -0.0955   14.26438 3.2999e+02 0.0000e+00
         35 211.687228    0.00236     0.1417      8.500     -0.040    701.875     0.3378    10.6776     -0.040    7.75769    10.6779    -0.0954   14.26431 3.2735e+02 0.0000e+00
         36 211.687231    0.00243     0.1458      8.750     -0.040    701.851     0.3378    10.6778     -0.040    7.75767    10.6780    -0.0954   14.26427 3.2507e+02 0.0000e+00
         37 211.687234    0.00250     0.1500      9.000     -0.040    701.720     0.3378    10.6779     -0.040    7.75765    10.6781    -0.0955   14.26423 3.2228e+02 0.0000e+00
         38 211.687237    0.00257     0.1542      9.250     -0.040    701.420     0.3376    10.6780     -0.039    7.75763    10.6783    -0.0956   14.26421 3.1831e+02 0.0000e+00
         39 211.687240    0.00264     0.1583      9.500     -0.039    700.633     0.3372    10.6781     -0.039    7.75763    10.6784    -0.0959   14.26420 3.1330e+02 0.0000e+00
         40 211.687242    0.00271     0.1625      9.750     -0.039    700.931     0.3374    10.6783     -0.038    7.75759    10.6786    -0.0958   14.26415 3.0815e+02 0.0000e+00
         41 211.687245    0.00278     0.1667     10.000     -0.039    705.752     0.3398    10.6784     -0.038    7.75745    10.6788    -0.0939   14.26386 3.0182e+02 0.0000e+00
         42 211.687248    0.00285     0.1708     10.250     -0.039    717.611     0.3457    10.6786     -0.039    7.75712    10.6790    -0.0893   14.26322 2.9370e+02 0.0000e+00
         43 211.687251    0.00292     0.1750     10.500     -0.039    736.036     0.3549    10.6788     -0.039    7.75663    10.6792    -0.0821   14.26226 2.8745e+02 0.0000e+00
         44 211.687254    0.00299     0.1792     10.750     -0.039    757.709     0.3658    10.6790     -0.039    7.75606    10.6793    -0.0736   14.26115 2.8480e+02 0.0000e+00
         45 211.687257    0.00306     0.1833     11.000     -0.039    780.426     0.3772    10.6792     -0.039    7.75548    10.6794    -0.0647   14.25999 2.8336e+02 0.0000e+00
         46 211.687260    0.00313     0.1875     11.250     -0.039    804.079     0.3890    10.6793     -0.039    7.75487    10.6795    -0.0554   14.25879 2.8241e+02 0.0000e+00
         47 211.687263    0.00319     0.1917     11.500     -0.039    827.540     0.4008    10.6794     -0.039    7.75427    10.6796    -0.0462   14.25760 2.8264e+02 0.0000e+00
         48 211.687266    0.00326     0.1958     11.750     -0.039    848.596     0.4114    10.6795     -0.039    7.75373    10.6797    -0.0379   14.25654 2.8252e+02 0.0000e+00
         49 211.687269    0.00333     0.2000     12.000     -0.039    866.594     0.4205    10.6796     -0.039    7.75327    10.6798    -0.0308   14.25563 2.8021e+02 0.0000e+00
         50 211.687271    0.00340     0.2042     12.250     -0.039    883.498     0.4290    10.6797     -0.039    7.75284    10.6799    -0.0241   14.25477 2.7794e+02 0.0000e+00
         51 211.687274    0.00347     0.2083     12.500     -0.039    896.443     0.4355    10.6798     -0.039    7.75251    10.6800    -0.0189   14.25411 2.7953e+02 0.0000e+00
         52 211.687277    0.00354     0.2125     12.750     -0.039    898.832     0.4368    10.6799     -0.039    7.75243    10.6800    -0.0179   14.25396 2.8492e+02 0.0000e+00
         53 211.687280    0.00361     0.2167     13.000     -0.039    892.185     0.4336    10.6800     -0.039    7.75257    10.6801    -0.0205   14.25425 2.9169e+02 0.0000e+00
         54 211.687283    0.00368     0.2208     13.250     -0.040    883.074     0.4291    10.6800     -0.040    7.75278    10.6802    -0.0240   14.25467 2.9785e+02 0.0000e+00
         55 211.687286    0.00375     0.2250     13.500     -0.040    876.565     0.4261    10.6801     -0.040    7.75292    10.6802    -0.0264   14.25495 3.0219e+02 0.0000e+00
         56 211.687289    0.00382     0.2292     13.750     -0.040    876.795     0.4267    10.6802     -0.040    7.75289    10.6801    -0.0260   14.25490 3.0467e+02 0.0000e+00
         57 211.687292    0.00389     0.2333     14.000     -0.039    888.615     0.4333    10.6802     -0.039    7.75257    10.6801    -0.0208   14.25426 3.0566e+02 0.0000e+00
         58 211.687295    0.00396     0.2375     14.250     -0.039    919.976     0.4503    10.6801     -0.039    7.75176    10.6799    -0.0075   14.25265 3.0518e+02 0.0000e+00
         59 211.687297    0.00403     0.2417     14.500     -0.039    983.368     0.4843    10.6801     -0.039    7.75013    10.6796     0.0191   14.24942 3.0307e+02 0.0000e+00
         60 211.687300    0.00410     0.2458     14.750     -0.039   1088.252     0.5404    10.6799     -0.039    7.74745    10.6791     0.0630   14.24409 2.9958e+02 0.0000e+00
         61 211.687303    0.00417     0.2500     15.000     -0.038   1227.200     0.6158    10.6796     -0.038    7.74387    10.6782     0.1220   14.23699 2.9545e+02 0.0000e+00
         62 211.687306    0.00424     0.2542     15.250     -0.038   1384.448     0.7038    10.6791     -0.038    7.73978    10.6766     0.1908   14.22886 2.9101e+02 0.0000e+00
         63 211.687309    0.00431     0.2583     15.500     -0.037   1561.366     0.8070    10.6782     -0.037    7.73510    10.6738     0.2713   14.21956 2.8615e+02 0.0000e+00
         64 211.687312    0.00438     0.2625     15.750     -0.035   1785.451     0.9428    10.6766     -0.035    7.72907    10.6692     0.3772   14.20761 2.8116e+02 0.0000e+00
         65 211.687315    0.00444     0.2667     16.000     -0.032   2108.291     1.1432    10.6738     -0.032    7.72032    10.6615     0.5334   14.19024 2.7694e+02 0.0000e+00
         66 211.687318    0.00451     0.2708     16.250     -0.026   2612.866     1.4600    10.6692     -0.026    7.70660    10.6487     0.7802   14.16297 2.7442e+02 0.0000e+00
         67 211.687321    0.00458     0.2750     16.500     -0.017   3434.113     1.9779    10.6616     -0.017    7.68422    10.6273     1.1837   14.11853 2.7285e+02 0.0000e+00
         68 211.687323    0.00465     0.2792     16.750     -0.001   4794.201     2.8367    10.6487     -0.002    7.64715    10.5915     1.8527   14.04491 2.7015e+02 0.0000e+00
         69 211.687326    0.00472     0.2833     17.000      0.024   7063.171     4.2691    10.6273      0.024    7.58532    10.5317     2.9685   13.92210 2.6484e+02 0.0000e+00
         70 211.687329    0.00479     0.2875     17.250      0.066  10850.364     6.6594    10.5915      0.065    7.48214    10.4333     4.8306   13.71718 2.5629e+02 0.0000e+00
         71 211.687332    0.00486     0.2917     17.500      0.137  17156.869    10.6404    10.5317      0.135    7.31033    10.2902     7.9318   13.37593 2.4291e+02 0.0000e+00
         72 211.687335    0.00493     0.2958     17.750      0.245  25813.437    16.1442    10.4333      0.243    7.07652    10.1242    12.2220   12.91111 2.2129e+02 0.0000e+00
         73 211.687338    0.00500     0.3000     18.000      0.388  34172.668    21.5216    10.2902      0.385    6.85718     9.9691    16.4214   12.47335 1.8808e+02 0.0000e+00
         74 211.687341    0.00507     0.3042     18.250      0.547  40049.016    25.3286    10.1242      0.542    6.71229     9.8446    19.4052   12.18133 1.4874e+02 0.0000e+00
         75 211.687344    0.00514     0.3083     18.500      0.705  43657.200    27.6639     9.9692      0.698    6.63112     9.7532    21.2443   12.01505 1.1652e+02 0.0000e+00
         76 211.687347    0.00521     0.3125     18.750      0.853  45873.937    29.0975     9.8447      0.845    6.58557     9.6897    22.3782   11.92011 9.7011e+01 0.0000e+00
         77 211.687350    0.00528     0.3167     19.000      0.990  47233.615    29.9764     9.7533      0.980    6.55984     9.6470    23.0757   11.86557 8.8423e+01 0.0000e+00
         78 211.687352    0.00535     0.3208     19.250      1.110  48066.185    30.5144     9.6898      1.100    6.54520     9.6186    23.5039   11.83404 8.9166e+01 0.0000e+00
         79 211.687355    0.00542     0.3250     19.500      1.210  48578.834    30.8458     9.6471      1.198    6.53672     9.5999    23.7683   11.81553 9.5896e+01 0.0000e+00
         80 211.687358    0.00549     0.3292     19.750      1.280  48893.250    31.0491     9.6187      1.268    6.53184     9.5876    23.9309   11.80470 1.0360e+02 0.0000e+00
         81 211.687361    0.00556     0.3333     20.000      1.321  49074.710    31.1657     9.6000      1.309    6.52938     9.5796    24.0246   11.79904 1.0910e+02 0.0000e+00
         82 211.687364    0.00562     0.3375     20.250      1.342  49172.432    31.2277     9.5877      1.330    6.52839     9.5748    24.0747   11.79656 1.1203e+02 0.0000e+00
         83 211.687367    0.00569     0.3417     20.500      1.353  49226.946    31.2620     9.5798      1.341    6.52800     9.5720    24.1025   11.79543 1.1412e+02 0.0000e+00
         84 211.687370    0.00576     0.3458     20.750      1.364  49259.400    31.2823     9.5750      1.351    6.52778     9.5701    24.1191   11.79479 1.1706e+02 0.0000e+00
         85 211.687373    0.00583     0.3500     21.000      1.379  49278.689    31.2944     9.5722      1.367    6.52765     9.5685    24.1289   11.79440 1.2041e+02 0.0000e+00
         86 211.687376    0.00590     0.3542     21.250      1.402  49290.280    31.3016     9.5702      1.389    6.52760     9.5670    24.1348   11.79422 1.2294e+02 0.0000e+00
         87 211.687378    0.00597     0.3583     21.500      1.428  49298.101    31.3065     9.5686      1.415    6.52762     9.5654    24.1388   11.79418 1.2437e+02 0.0000e+00
         88 211.687381    0.00604     0.3625     21.750      1.452  49304.064    31.3103     9.5671      1.439    6.52767     9.5637    24.1420   11.79422 1.2525e+02 0.0000e+00
         89 211.687384    0.00611     0.3667     22.000      1.467  49307.330    31.3122     9.5656      1.453    6.52780     9.5618    24.1437   11.79441 1.2594e+02 0.0000e+00
         90 211.687387    0.00618     0.3708     22.250      1.468  49305.995    31.3109     9.5639      1.454    6.52809     9.5599    24.1430   11.79491 1.2626e+02 0.0000e+00
