CTD-processing/allCTD/CNV--turbid/2012_08-15_subbays_sadieb_outer_cast118.cnv
* Sea-Bird SBE19plus Data File:
* FileName = C:\Documents and Settings\kris.holderied.local\My Documents\2012-08-15-CTD-KBay-outer-subbays\2012-08-15-KBay-outer-subbays-cast118.hex
* Software Version 1.54
* Temperature SN =  4141
* Conductivity SN =  4141
* System UpLoad Time = Aug 23 2012 23:03:42
** Kachemak Bay Outer Subbays
** Date:  2012-08-15
** Station:  Sadie B
** Start time (AKDT-24 hr): 12:44
** Depth (m): 36
** Comment:
# nquan = 16
# nvalues = 501                         
# units = specified
# name 0 = scan: Scan Count
# name 1 = timeJ: Julian Days
# name 2 = timeH: Time, Elapsed [hours]
# name 3 = timeM: Time, Elapsed [minutes]
# name 4 = timeS: Time, Elapsed [seconds]
# name 5 = prdM: Pressure, Strain Gauge [db]
# name 6 = specc: Specific Conductance [uS/cm]
# name 7 = sal00: Salinity, Practical [PSU]
# name 8 = tv290C: Temperature [ITS-90, deg C]
# name 9 = depSM: Depth [salt water, m], lat = 59.00
# name 10 = oxsolML/L: Oxygen Saturation, Garcia & Gordon [ml/l]
# name 11 = potemp090C: Potential Temperature [ITS-90, deg C]
# name 12 = sigma-é00: Density [sigma-theta, kg/m^3]
# name 13 = n2satML/L: Nitrogen Saturation [ml/l]
# name 14 = par: PAR/Irradiance, Biospherical/Licor
# name 15 = flag:  0.000e+00
# span 0 =          1,        501       
# span 1 = 228.530891, 228.532338       
# span 2 =    0.00000,    0.03472       
# span 3 =     0.0000,     2.0833       
# span 4 =      0.000,    125.000       
# span 5 =      0.025,     37.219       
# span 6 =   1522.531,  49219.331       
# span 7 =     0.7652,    31.1435       
# span 8 =     8.9007,    13.8247       
# span 9 =      0.025,     36.867       
# span 10 =    6.09189,    7.40178      
# span 11 =     8.8970,    13.8245      
# span 12 =     0.0232,    24.1155      
# span 13 =   11.11033,   13.65573      
# span 14 = 4.1021e-01, 3.2988e+02      
# span 15 = 0.0000e+00, 0.0000e+00      
# interval = seconds: 0.25
# start_time = Aug 15 2012 12:44:29 [Instrument's time stamp, header]
# bad_flag = -9.990e-29
*END*
[from data line 91]
         92 228.531155    0.00632     0.3792     22.750      1.271  43751.216    27.8152    13.7990      1.259    6.09741    13.7980    20.6819   11.12107 2.3266e+02 0.0000e+00
         93 228.531157    0.00639     0.3833     23.000      1.270  43748.863    27.8135    13.7988      1.258    6.09751    13.7967    20.6807   11.12126 2.3248e+02 0.0000e+00
         94 228.531160    0.00646     0.3875     23.250      1.271  43743.857    27.8099    13.7981      1.259    6.09773    13.7946    20.6781   11.12166 2.3223e+02 0.0000e+00
         95 228.531163    0.00653     0.3917     23.500      1.273  43735.712    27.8041    13.7969      1.261    6.09811    13.7915    20.6738   11.12236 2.3214e+02 0.0000e+00
         96 228.531166    0.00660     0.3958     23.750      1.274  43724.994    27.7964    13.7947      1.262    6.09867    13.7876    20.6683   11.12338 2.3237e+02 0.0000e+00
         97 228.531169    0.00667     0.4000     24.000      1.274  43714.441    27.7888    13.7916      1.262    6.09934    13.7824    20.6630   11.12459 2.3276e+02 0.0000e+00
         98 228.531172    0.00674     0.4042     24.250      1.273  43707.009    27.7833    13.7877      1.261    6.10005    13.7753    20.6595   11.12583 2.3317e+02 0.0000e+00
         99 228.531175    0.00681     0.4083     24.500      1.271  43703.508    27.7805    13.7825      1.259    6.10081    13.7662    20.6584   11.12713 2.3360e+02 0.0000e+00
        100 228.531178    0.00688     0.4125     24.750      1.270  43704.026    27.7803    13.7754      1.258    6.10171    13.7553    20.6597   11.12863 2.3403e+02 0.0000e+00
        101 228.531181    0.00694     0.4167     25.000      1.270  43708.760    27.7830    13.7663      1.258    6.10276    13.7434    20.6635   11.13034 2.3437e+02 0.0000e+00
        102 228.531183    0.00701     0.4208     25.250      1.270  43717.445    27.7884    13.7555      1.258    6.10392    13.7310    20.6697   11.13221 2.3461e+02 0.0000e+00
        103 228.531186    0.00708     0.4250     25.500      1.270  43729.284    27.7958    13.7435      1.258    6.10515    13.7189    20.6778   11.13417 2.3481e+02 0.0000e+00
        104 228.531189    0.00715     0.4292     25.750      1.271  43743.157    27.8047    13.7311      1.259    6.10637    13.7077    20.6871   11.13610 2.3492e+02 0.0000e+00
        105 228.531192    0.00722     0.4333     26.000      1.272  43758.025    27.8143    13.7190      1.260    6.10753    13.6980    20.6968   11.13792 2.3486e+02 0.0000e+00
        106 228.531195    0.00729     0.4375     26.250      1.272  43772.621    27.8238    13.7078      1.260    6.10859    13.6904    20.7063   11.13958 2.3468e+02 0.0000e+00
        107 228.531198    0.00736     0.4417     26.500      1.273  43785.386    27.8321    13.6981      1.261    6.10950    13.6849    20.7146   11.14099 2.3447e+02 0.0000e+00
        108 228.531201    0.00743     0.4458     26.750      1.275  43795.306    27.8386    13.6905      1.263    6.11021    13.6811    20.7210   11.14211 2.3427e+02 0.0000e+00
        109 228.531204    0.00750     0.4500     27.000      1.276  43802.246    27.8431    13.6850      1.264    6.11074    13.6784    20.7256   11.14293 2.3404e+02 0.0000e+00
        110 228.531207    0.00757     0.4542     27.250      1.276  43806.549    27.8458    13.6812      1.264    6.11111    13.6762    20.7284   11.14352 2.3382e+02 0.0000e+00
        111 228.531209    0.00764     0.4583     27.500      1.276  43808.857    27.8473    13.6786      1.264    6.11140    13.6738    20.7300   11.14397 2.3357e+02 0.0000e+00
        112 228.531212    0.00771     0.4625     27.750      1.278  43810.054    27.8480    13.6763      1.266    6.11166    13.6714    20.7310   11.14440 2.3322e+02 0.0000e+00
        113 228.531215    0.00778     0.4667     28.000      1.281  43810.959    27.8484    13.6739      1.269    6.11194    13.6690    20.7318   11.14486 2.3284e+02 0.0000e+00
        114 228.531218    0.00785     0.4708     28.250      1.285  43812.070    27.8490    13.6715      1.273    6.11222    13.6669    20.7327   11.14533 2.3257e+02 0.0000e+00
        115 228.531221    0.00792     0.4750     28.500      1.288  43813.621    27.8499    13.6691      1.276    6.11249    13.6649    20.7339   11.14576 2.3256e+02 0.0000e+00
        116 228.531224    0.00799     0.4792     28.750      1.289  43815.777    27.8513    13.6670      1.277    6.11270    13.6628    20.7354   11.14610 2.3293e+02 0.0000e+00
        117 228.531227    0.00806     0.4833     29.000      1.286  43818.420    27.8530    13.6650      1.274    6.11289    13.6606    20.7371   11.14639 2.3362e+02 0.0000e+00
        118 228.531230    0.00813     0.4875     29.250      1.281  43821.050    27.8547    13.6630      1.269    6.11309    13.6585    20.7388   11.14670 2.3434e+02 0.0000e+00
        119 228.531233    0.00819     0.4917     29.500      1.276  43823.196    27.8561    13.6608      1.264    6.11331    13.6568    20.7403   11.14706 2.3478e+02 0.0000e+00
        120 228.531236    0.00826     0.4958     29.750      1.273  43824.542    27.8569    13.6587      1.261    6.11355    13.6555    20.7413   11.14744 2.3484e+02 0.0000e+00
        121 228.531238    0.00833     0.5000     30.000      1.274  43825.063    27.8571    13.6570      1.262    6.11375    13.6546    20.7418   11.14778 2.3465e+02 0.0000e+00
        122 228.531241    0.00840     0.5042     30.250      1.277  43825.185    27.8571    13.6557      1.265    6.11391    13.6538    20.7421   11.14805 2.3438e+02 0.0000e+00
        123 228.531244    0.00847     0.5083     30.500      1.282  43825.652    27.8574    13.6548      1.269    6.11402    13.6529    20.7425   11.14823 2.3410e+02 0.0000e+00
        124 228.531247    0.00854     0.5125     30.750      1.285  43826.952    27.8582    13.6540      1.273    6.11409    13.6517    20.7433   11.14833 2.3388e+02 0.0000e+00
        125 228.531250    0.00861     0.5167     31.000      1.287  43828.746    27.8594    13.6531      1.275    6.11416    13.6505    20.7444   11.14843 2.3363e+02 0.0000e+00
        126 228.531253    0.00868     0.5208     31.250      1.289  43830.368    27.8605    13.6519      1.277    6.11426    13.6494    20.7454   11.14859 2.3319e+02 0.0000e+00
        127 228.531256    0.00875     0.5250     31.500      1.292  43831.463    27.8611    13.6506      1.280    6.11440    13.6488    20.7462   11.14881 2.3269e+02 0.0000e+00
        128 228.531259    0.00882     0.5292     31.750      1.296  43831.998    27.8614    13.6496      1.284    6.11452    13.6484    20.7466   11.14900 2.3226e+02 0.0000e+00
        129 228.531262    0.00889     0.5333     32.000      1.301  43832.247    27.8616    13.6490      1.289    6.11459    13.6478    20.7468   11.14913 2.3183e+02 0.0000e+00
        130 228.531264    0.00896     0.5375     32.250      1.304  43832.700    27.8619    13.6485      1.292    6.11463    13.6469    20.7471   11.14919 2.3155e+02 0.0000e+00
        131 228.531267    0.00903     0.5417     32.500      1.304  43833.791    27.8626    13.6480      1.292    6.11468    13.6456    20.7478   11.14926 2.3167e+02 0.0000e+00
        132 228.531270    0.00910     0.5458     32.750      1.301  43835.582    27.8638    13.6470      1.289    6.11475    13.6445    20.7489   11.14937 2.3218e+02 0.0000e+00
        133 228.531273    0.00917     0.5500     33.000      1.296  43837.656    27.8652    13.6458      1.284    6.11485    13.6437    20.7502   11.14953 2.3282e+02 0.0000e+00
        134 228.531276    0.00924     0.5542     33.250      1.288  43839.329    27.8663    13.6447      1.276    6.11496    13.6434    20.7513   11.14969 2.3350e+02 0.0000e+00
        135 228.531279    0.00931     0.5583     33.500      1.280  43840.051    27.8667    13.6439      1.268    6.11504    13.6434    20.7518   11.14982 2.3421e+02 0.0000e+00
        136 228.531282    0.00937     0.5625     33.750      1.273  43839.793    27.8665    13.6436      1.261    6.11509    13.6433    20.7517   11.14989 2.3469e+02 0.0000e+00
        137 228.531285    0.00944     0.5667     34.000      1.270  43839.032    27.8660    13.6435      1.258    6.11511    13.6433    20.7513   11.14995 2.3470e+02 0.0000e+00
        138 228.531288    0.00951     0.5708     34.250      1.269  43838.361    27.8655    13.6435      1.257    6.11514    13.6431    20.7509   11.14999 2.3453e+02 0.0000e+00
        139 228.531291    0.00958     0.5750     34.500      1.269  43838.267    27.8654    13.6434      1.257    6.11515    13.6427    20.7509   11.15002 2.3445e+02 0.0000e+00
        140 228.531293    0.00965     0.5792     34.750      1.270  43838.992    27.8659    13.6432      1.258    6.11516    13.6420    20.7513   11.15002 2.3436e+02 0.0000e+00
        141 228.531296    0.00972     0.5833     35.000      1.271  43840.500    27.8670    13.6428      1.259    6.11517    13.6411    20.7522   11.15002 2.3420e+02 0.0000e+00
        142 228.531299    0.00979     0.5875     35.250      1.270  43842.620    27.8684    13.6422      1.258    6.11519    13.6402    20.7534   11.15005 2.3408e+02 0.0000e+00
        143 228.531302    0.00986     0.5917     35.500      1.267  43844.981    27.8700    13.6413      1.255    6.11525    13.6394    20.7548   11.15012 2.3397e+02 0.0000e+00
        144 228.531305    0.00993     0.5958     35.750      1.262  43846.981    27.8713    13.6403      1.250    6.11531    13.6389    20.7560   11.15022 2.3387e+02 0.0000e+00
        145 228.531308    0.01000     0.6000     36.000      1.257  43848.178    27.8721    13.6396      1.245    6.11538    13.6386    20.7568   11.15032 2.3381e+02 0.0000e+00
        146 228.531311    0.01007     0.6042     36.250      1.252  43848.559    27.8724    13.6390      1.240    6.11544    13.6386    20.7570   11.15042 2.3361e+02 0.0000e+00
        147 228.531314    0.01014     0.6083     36.500      1.248  43848.370    27.8722    13.6388      1.236    6.11548    13.6387    20.7570   11.15048 2.3323e+02 0.0000e+00
        148 228.531317    0.01021     0.6125     36.750      1.245  43847.931    27.8719    13.6388      1.234    6.11549    13.6389    20.7567   11.15051 2.3276e+02 0.0000e+00
        149 228.531319    0.01028     0.6167     37.000      1.245  43847.565    27.8716    13.6389      1.233    6.11549    13.6389    20.7565   11.15050 2.3223e+02 0.0000e+00
        150 228.531322    0.01035     0.6208     37.250      1.246  43847.539    27.8716    13.6390      1.234    6.11547    13.6389    20.7565   11.15048 2.3178e+02 0.0000e+00
        151 228.531325    0.01042     0.6250     37.500      1.247  43847.993    27.8720    13.6391      1.236    6.11545    13.6386    20.7568   11.15044 2.3154e+02 0.0000e+00
        152 228.531328    0.01049     0.6292     37.750      1.249  43848.923    27.8726    13.6390      1.237    6.11543    13.6382    20.7573   11.15040 2.3142e+02 0.0000e+00
        153 228.531331    0.01056     0.6333     38.000      1.250  43850.198    27.8735    13.6388      1.239    6.11542    13.6378    20.7580   11.15038 2.3138e+02 0.0000e+00
        154 228.531334    0.01063     0.6375     38.250      1.252  43851.580    27.8745    13.6384      1.240    6.11544    13.6375    20.7588   11.15040 2.3139e+02 0.0000e+00
        155 228.531337    0.01069     0.6417     38.500      1.254  43852.801    27.8753    13.6379      1.242    6.11547    13.6374    20.7595   11.15043 2.3145e+02 0.0000e+00
        156 228.531340    0.01076     0.6458     38.750      1.256  43853.714    27.8759    13.6376      1.244    6.11548    13.6374    20.7600   11.15044 2.3167e+02 0.0000e+00
        157 228.531343    0.01083     0.6500     39.000      1.259  43854.370    27.8764    13.6375      1.247    6.11547    13.6374    20.7604   11.15043 2.3191e+02 0.0000e+00
        158 228.531345    0.01090     0.6542     39.250      1.261  43854.910    27.8767    13.6376      1.249    6.11546    13.6372    20.7607   11.15039 2.3198e+02 0.0000e+00
        159 228.531348    0.01097     0.6583     39.500      1.264  43855.444    27.8771    13.6376      1.252    6.11545    13.6370    20.7610   11.15037 2.3203e+02 0.0000e+00
        160 228.531351    0.01104     0.6625     39.750      1.269  43856.022    27.8775    13.6374      1.257    6.11545    13.6369    20.7613   11.15038 2.3204e+02 0.0000e+00
        161 228.531354    0.01111     0.6667     40.000      1.275  43856.636    27.8779    13.6372      1.263    6.11547    13.6372    20.7617   11.15039 2.3182e+02 0.0000e+00
        162 228.531357    0.01118     0.6708     40.250      1.281  43857.303    27.8784    13.6371      1.269    6.11546    13.6378    20.7621   11.15037 2.3167e+02 0.0000e+00
        163 228.531360    0.01125     0.6750     40.500      1.285  43857.988    27.8789    13.6373      1.273    6.11541    13.6387    20.7624   11.15028 2.3198e+02 0.0000e+00
        164 228.531363    0.01132     0.6792     40.750      1.285  43858.381    27.8792    13.6379      1.273    6.11532    13.6399    20.7625   11.15014 2.3259e+02 0.0000e+00
        165 228.531366    0.01139     0.6833     41.000      1.282  43858.025    27.8790    13.6389      1.269    6.11521    13.6414    20.7622   11.14996 2.3312e+02 0.0000e+00
        166 228.531369    0.01146     0.6875     41.250      1.277  43856.710    27.8782    13.6401      1.264    6.11509    13.6429    20.7613   11.14977 2.3328e+02 0.0000e+00
        167 228.531372    0.01153     0.6917     41.500      1.273  43854.648    27.8768    13.6415      1.261    6.11495    13.6441    20.7600   11.14956 2.3312e+02 0.0000e+00
        168 228.531374    0.01160     0.6958     41.750      1.273  43852.362    27.8753    13.6430      1.261    6.11482    13.6451    20.7586   11.14936 2.3275e+02 0.0000e+00
        169 228.531377    0.01167     0.7000     42.000      1.276  43850.484    27.8741    13.6443      1.263    6.11471    13.6456    20.7574   11.14918 2.3231e+02 0.0000e+00
        170 228.531380    0.01174     0.7042     42.250      1.278  43849.541    27.8735    13.6452      1.266    6.11461    13.6456    20.7567   11.14902 2.3205e+02 0.0000e+00
        171 228.531383    0.01181     0.7083     42.500      1.279  43849.714    27.8737    13.6458      1.267    6.11454    13.6450    20.7568   11.14890 2.3194e+02 0.0000e+00
        172 228.531386    0.01188     0.7125     42.750      1.278  43850.712    27.8744    13.6457      1.266    6.11452    13.6442    20.7573   11.14885 2.3177e+02 0.0000e+00
        173 228.531389    0.01194     0.7167     43.000      1.275  43852.015    27.8753    13.6452      1.263    6.11455    13.6433    20.7581   11.14891 2.3166e+02 0.0000e+00
        174 228.531392    0.01201     0.7208     43.250      1.272  43853.208    27.8760    13.6444      1.260    6.11463    13.6426    20.7589   11.14902 2.3176e+02 0.0000e+00
        175 228.531395    0.01208     0.7250     43.500      1.269  43854.195    27.8767    13.6435      1.257    6.11471    13.6420    20.7595   11.14915 2.3196e+02 0.0000e+00
        176 228.531398    0.01215     0.7292     43.750      1.264  43855.173    27.8773    13.6428      1.252    6.11478    13.6414    20.7601   11.14926 2.3229e+02 0.0000e+00
        177 228.531400    0.01222     0.7333     44.000      1.257  43856.339    27.8781    13.6422      1.246    6.11482    13.6408    20.7609   11.14933 2.3280e+02 0.0000e+00
        178 228.531403    0.01229     0.7375     44.250      1.249  43857.654    27.8789    13.6416      1.237    6.11487    13.6401    20.7617   11.14939 2.3327e+02 0.0000e+00
        179 228.531406    0.01236     0.7417     44.500      1.240  43858.922    27.8798    13.6409      1.229    6.11492    13.6395    20.7624   11.14947 2.3356e+02 0.0000e+00
        180 228.531409    0.01243     0.7458     44.750      1.233  43859.962    27.8805    13.6402      1.222    6.11498    13.6391    20.7631   11.14957 2.3370e+02 0.0000e+00
