CTD-processing/allCTD/CNV--turbid/2012_08-31_t9_s04_cast136.cnv
* Sea-Bird SBE19plus Data File:
* FileName = C:\Documents and Settings\kris.holderied.local\My Documents\2012-CTD-DATA-new-files\2012-08-31-CTD-HomerSpitLine-LTM\2012-08-31-HomerSpitLine-cast136.hex
* Software Version 1.54
* Temperature SN =  4141
* Conductivity SN =  4141
* System UpLoad Time = Sep 20 2012 17:39:58
** Kachemak Bay Homer Spit Line - LTM
** Date:  2012-08-31
** Station:  9-4
** Start time (AKDT-24 hr): 15:32
** Depth (m): 97.5
** Comment:
# nquan = 16
# nvalues = 599                         
# units = specified
# name 0 = scan: Scan Count
# name 1 = timeJ: Julian Days
# name 2 = timeH: Time, Elapsed [hours]
# name 3 = timeM: Time, Elapsed [minutes]
# name 4 = timeS: Time, Elapsed [seconds]
# name 5 = prdM: Pressure, Strain Gauge [db]
# name 6 = specc: Specific Conductance [uS/cm]
# name 7 = sal00: Salinity, Practical [PSU]
# name 8 = tv290C: Temperature [ITS-90, deg C]
# name 9 = depSM: Depth [salt water, m], lat = 59.00
# name 10 = oxsolML/L: Oxygen Saturation, Garcia & Gordon [ml/l]
# name 11 = potemp090C: Potential Temperature [ITS-90, deg C]
# name 12 = sigma-é00: Density [sigma-theta, kg/m^3]
# name 13 = n2satML/L: Nitrogen Saturation [ml/l]
# name 14 = par: PAR/Irradiance, Biospherical/Licor
# name 15 = flag:  0.000e+00
# span 0 =          1,        599       
# span 1 = 244.646574, 244.648304       
# span 2 =    0.00000,    0.04153       
# span 3 =     0.0000,     2.4917       
# span 4 =      0.000,    149.500       
# span 5 =     -0.113,     90.817       
# span 6 =   3222.508,  49268.129       
# span 7 =     1.7029,    31.1574       
# span 8 =     8.9207,    11.3904       
# span 9 =     -0.113,     89.949       
# span 10 =    6.43906,    7.77872      
# span 11 =     8.9115,    11.3902      
# span 12 =     1.0182,    24.1242      
# span 13 =   11.68553,   14.28041      
# span 14 = 4.8408e-02, 1.6297e+02      
# span 15 = 0.0000e+00, 0.0000e+00      
# interval = seconds: 0.25
# start_time = Aug 31 2012 15:31:04 [Instrument's time stamp, header]
# bad_flag = -9.990e-29
*END*
[from data line 543]
        544 244.648145    0.03771     2.2625    135.750     73.862  49176.074    31.1222     9.0772     73.159    6.60687     9.0657    24.0726   11.92763 4.8541e-02 0.0000e+00
        545 244.648148    0.03778     2.2667    136.000     74.199  49176.889    31.1225     9.0760     73.492    6.60703     9.0620    24.0730   11.92789 4.8527e-02 0.0000e+00
        546 244.648151    0.03785     2.2708    136.250     74.535  49179.022    31.1235     9.0733     73.824    6.60739     9.0581    24.0741   11.92847 4.8544e-02 0.0000e+00
        547 244.648154    0.03792     2.2750    136.500     74.870  49181.756    31.1247     9.0697     74.157    6.60787     9.0540    24.0757   11.92924 4.8533e-02 0.0000e+00
        548 244.648157    0.03799     2.2792    136.750     75.206  49184.353    31.1258     9.0658     74.489    6.60839     9.0499    24.0772   11.93010 4.8470e-02 0.0000e+00
        549 244.648160    0.03806     2.2833    137.000     75.540  49186.593    31.1267     9.0618     74.820    6.60894     9.0455    24.0785   11.93101 4.8456e-02 0.0000e+00
        550 244.648163    0.03812     2.2875    137.250     75.872  49188.241    31.1272     9.0577     75.149    6.60953     9.0408    24.0794   11.93197 4.8535e-02 0.0000e+00
        551 244.648166    0.03819     2.2917    137.500     76.202  49189.191    31.1271     9.0534     75.476    6.61016     9.0356    24.0800   11.93302 4.8603e-02 0.0000e+00
        552 244.648168    0.03826     2.2958    137.750     76.532  49189.480    31.1265     9.0487     75.802    6.61088     9.0296    24.0803   11.93421 4.8606e-02 0.0000e+00
        553 244.648171    0.03833     2.3000    138.000     76.861  49188.869    31.1252     9.0435     76.129    6.61170     9.0227    24.0801   11.93559 4.8572e-02 0.0000e+00
        554 244.648174    0.03840     2.3042    138.250     77.192  49187.628    31.1234     9.0375     76.457    6.61266     9.0150    24.0795   11.93720 4.8573e-02 0.0000e+00
        555 244.648177    0.03847     2.3083    138.500     77.524  49187.763    31.1223     9.0306     76.785    6.61372     9.0074    24.0798   11.93897 4.8608e-02 0.0000e+00
        556 244.648180    0.03854     2.3125    138.750     77.857  49190.382    31.1229     9.0229     77.114    6.61482     9.0003    24.0815   11.94078 4.8599e-02 0.0000e+00
        557 244.648183    0.03861     2.3167    139.000     78.190  49194.280    31.1245     9.0153     77.444    6.61588     8.9943    24.0838   11.94252 4.8586e-02 0.0000e+00
        558 244.648186    0.03868     2.3208    139.250     78.523  49198.839    31.1265     9.0084     77.773    6.61682     8.9894    24.0865   11.94405 4.8594e-02 0.0000e+00
        559 244.648189    0.03875     2.3250    139.500     78.856  49204.007    31.1292     9.0023     78.103    6.61760     8.9859    24.0895   11.94530 4.8578e-02 0.0000e+00
        560 244.648192    0.03882     2.3292    139.750     79.188  49208.819    31.1317     8.9976     78.433    6.61819     8.9834    24.0922   11.94626 4.8534e-02 0.0000e+00
        561 244.648194    0.03889     2.3333    140.000     79.520  49212.105    31.1334     8.9941     78.761    6.61863     8.9815    24.0941   11.94697 4.8480e-02 0.0000e+00
        562 244.648197    0.03896     2.3375    140.250     79.852  49213.729    31.1340     8.9916     79.090    6.61897     8.9797    24.0949   11.94751 4.8444e-02 0.0000e+00
        563 244.648200    0.03903     2.3417    140.500     80.184  49214.398    31.1341     8.9897     79.419    6.61925     8.9780    24.0953   11.94798 4.8408e-02 0.0000e+00
        564 244.648203    0.03910     2.3458    140.750     80.516  49215.029    31.1342     8.9879     79.748    6.61951     8.9765    24.0956   11.94841 4.8419e-02 0.0000e+00
        565 244.648206    0.03917     2.3500    141.000     80.849  49216.185    31.1346     8.9862     80.077    6.61973     8.9754    24.0962   11.94878 4.8480e-02 0.0000e+00
        566 244.648209    0.03924     2.3542    141.250     81.181  49217.481    31.1352     8.9848     80.407    6.61992     8.9745    24.0968   11.94907 4.8500e-02 0.0000e+00
        567 244.648212    0.03931     2.3583    141.500     81.514  49218.192    31.1354     8.9837     80.736    6.62007     8.9734    24.0972   11.94932 4.8524e-02 0.0000e+00
        568 244.648215    0.03938     2.3625    141.750     81.848  49218.493    31.1353     8.9828     81.067    6.62021     8.9721    24.0973   11.94955 4.8587e-02 0.0000e+00
        569 244.648218    0.03944     2.3667    142.000     82.181  49219.426    31.1357     8.9817     81.397    6.62035     8.9708    24.0978   11.94979 4.8619e-02 0.0000e+00
        570 244.648220    0.03951     2.3708    142.250     82.514  49221.548    31.1369     8.9805     81.727    6.62048     8.9697    24.0989   11.94999 4.8606e-02 0.0000e+00
        571 244.648223    0.03958     2.3750    142.500     82.845  49225.058    31.1390     8.9793     82.055    6.62057     8.9689    24.1007   11.95011 4.8581e-02 0.0000e+00
        572 244.648226    0.03965     2.3792    142.750     83.172  49230.256    31.1423     8.9782     82.378    6.62059     8.9687    24.1035   11.95011 4.8566e-02 0.0000e+00
        573 244.648229    0.03972     2.3833    143.000     83.491  49236.046    31.1461     8.9774     82.694    6.62054     8.9687    24.1066   11.94997 4.8574e-02 0.0000e+00
        574 244.648232    0.03979     2.3875    143.250     83.801  49240.242    31.1489     8.9772     83.001    6.62045     8.9686    24.1088   11.94980 4.8594e-02 0.0000e+00
        575 244.648235    0.03986     2.3917    143.500     84.107  49242.307    31.1502     8.9772     83.304    6.62039     8.9681    24.1099   11.94968 4.8611e-02 0.0000e+00
        576 244.648238    0.03993     2.3958    143.750     84.411  49243.217    31.1507     8.9772     83.605    6.62039     8.9671    24.1103   11.94966 4.8623e-02 0.0000e+00
        577 244.648241    0.04000     2.4000    144.000     84.713  49243.575    31.1508     8.9767     83.904    6.62045     8.9655    24.1104   11.94977 4.8628e-02 0.0000e+00
        578 244.648244    0.04007     2.4042    144.250     85.017  49243.578    31.1505     8.9757     84.205    6.62061     8.9633    24.1103   11.95002 4.8625e-02 0.0000e+00
        579 244.648247    0.04014     2.4083    144.500     85.325  49243.655    31.1502     8.9742     84.510    6.62085     8.9606    24.1103   11.95043 4.8607e-02 0.0000e+00
        580 244.648249    0.04021     2.4125    144.750     85.637  49244.228    31.1501     8.9720     84.819    6.62117     8.9578    24.1106   11.95097 4.8561e-02 0.0000e+00
        581 244.648252    0.04028     2.4167    145.000     85.956  49245.375    31.1504     8.9694     85.135    6.62154     8.9549    24.1113   11.95157 4.8524e-02 0.0000e+00
        582 244.648255    0.04035     2.4208    145.250     86.282  49247.027    31.1511     8.9666     85.458    6.62193     8.9523    24.1122   11.95221 4.8541e-02 0.0000e+00
        583 244.648258    0.04042     2.4250    145.500     86.613  49248.990    31.1519     8.9638     85.786    6.62231     8.9499    24.1133   11.95282 4.8580e-02 0.0000e+00
        584 244.648261    0.04049     2.4292    145.750     86.948  49250.920    31.1528     8.9612     86.118    6.62266     8.9477    24.1143   11.95340 4.8592e-02 0.0000e+00
        585 244.648264    0.04056     2.4333    146.000     87.285  49252.328    31.1533     8.9588     86.451    6.62299     8.9454    24.1151   11.95394 4.8579e-02 0.0000e+00
        586 244.648267    0.04063     2.4375    146.250     87.624  49252.808    31.1532     8.9566     86.787    6.62332     8.9427    24.1153   11.95448 4.8564e-02 0.0000e+00
        587 244.648270    0.04069     2.4417    146.500     87.963  49252.203    31.1523     8.9543     87.123    6.62369     8.9392    24.1150   11.95511 4.8558e-02 0.0000e+00
        588 244.648273    0.04076     2.4458    146.750     88.302  49250.366    31.1504     8.9517     87.458    6.62415     8.9347    24.1140   11.95590 4.8585e-02 0.0000e+00
        589 244.648275    0.04083     2.4500    147.000     88.640  49248.141    31.1482     8.9482     87.792    6.62476     8.9295    24.1128   11.95693 4.8591e-02 0.0000e+00
        590 244.648278    0.04090     2.4542    147.250     88.973  49247.480    31.1470     8.9437     88.122    6.62548     8.9244    24.1125   11.95813 4.8555e-02 0.0000e+00
        591 244.648281    0.04097     2.4583    147.500     89.299  49249.197    31.1473     8.9386     88.445    6.62622     8.9199    24.1135   11.95937 4.8545e-02 0.0000e+00
        592 244.648284    0.04104     2.4625    147.750     89.613  49252.543    31.1488     8.9335     88.756    6.62691     8.9165    24.1155   11.96049 4.8545e-02 0.0000e+00
        593 244.648287    0.04111     2.4667    148.000     89.910  49256.437    31.1508     8.9291     89.050    6.62748     8.9141    24.1177   11.96140 4.8534e-02 0.0000e+00
        594 244.648290    0.04118     2.4708    148.250     90.178  49260.121    31.1528     8.9257     89.315    6.62790     8.9126    24.1198   11.96207 4.8529e-02 0.0000e+00
        595 244.648293    0.04125     2.4750    148.500     90.405  49263.330    31.1546     8.9233     89.541    6.62818     8.9118    24.1216   11.96251 4.8532e-02 0.0000e+00
        596 244.648296    0.04132     2.4792    148.750     90.585  49265.778    31.1560     8.9218     89.719    6.62833     8.9116    24.1229   11.96275 4.8534e-02 0.0000e+00
        597 244.648299    0.04139     2.4833    149.000     90.715  49267.234    31.1569     8.9210     89.847    6.62840     8.9115    24.1237   11.96286 4.8532e-02 0.0000e+00
        598 244.648302    0.04146     2.4875    149.250     90.792  49267.923    31.1573     8.9208     89.924    6.62843 -9.990e-29    24.1241   11.96289 4.8531e-02 0.0000e+00
        599 244.648304    0.04153     2.4917    149.500     90.817  49268.129    31.1574     8.9207     89.949    6.62843 -9.990e-29    24.1242   11.96290 4.8531e-02 0.0000e+00
