CTD-processing/allCTD/CNV--turbid/2012_06-05a_t9_s05a_cast036.cnv
* Sea-Bird SBE19plus Data File:
* FileName = C:\Documents and Settings\kris.holderied.local\My Documents\2012-KBRR-CTD-Kachemak-Bay\2012-KBRR-CTD-cast036.hex
* Software Version 1.54
* Temperature SN =  4141
* Conductivity SN =  4141
* System UpLoad Time = Jul 24 2012 22:00:05
** Kachemak Bay - Homer Spit Line CTD Survey
** Date:  2012-xx-xx   xxxx Tide (x of 2 lines)
** Station: 9-05
** Start time (AKDT-24 hr): 16:31
** Depth (m): 97.2
** Comments:  CTD time set wrong by 1 hour
# nquan = 16
# nvalues = 680                         
# units = specified
# name 0 = scan: Scan Count
# name 1 = timeJ: Julian Days
# name 2 = timeH: Time, Elapsed [hours]
# name 3 = timeM: Time, Elapsed [minutes]
# name 4 = timeS: Time, Elapsed [seconds]
# name 5 = prdM: Pressure, Strain Gauge [db]
# name 6 = specc: Specific Conductance [uS/cm]
# name 7 = sal00: Salinity, Practical [PSU]
# name 8 = tv290C: Temperature [ITS-90, deg C]
# name 9 = depSM: Depth [salt water, m], lat = 59.00
# name 10 = oxsolML/L: Oxygen Saturation, Garcia & Gordon [ml/l]
# name 11 = potemp090C: Potential Temperature [ITS-90, deg C]
# name 12 = sigma-é00: Density [sigma-theta, kg/m^3]
# name 13 = n2satML/L: Nitrogen Saturation [ml/l]
# name 14 = par: PAR/Irradiance, Biospherical/Licor
# name 15 = flag:  0.000e+00
# span 0 =          1,        680       
# span 1 = 157.731389, 157.733354       
# span 2 =    0.00000,    0.04715       
# span 3 =     0.0000,     2.8292       
# span 4 =      0.000,    169.750       
# span 5 =     -0.063,     88.756       
# span 6 =    981.260,  51106.118       
# span 7 =     0.4724,    31.6813       
# span 8 =     4.7419,     7.6993       
# span 9 =     -0.062,     87.907       
# span 10 =    6.83010,    8.48897      
# span 11 =     4.7357,     7.6992      
# span 12 =     0.2850,    25.0727      
# span 13 =   12.30122,   15.49586      
# span 14 = 4.3624e-02, 2.0570e+03      
# span 15 = 0.0000e+00, 0.0000e+00      
# interval = seconds: 0.25
# start_time = Jun 05 2012 17:33:12 [Instrument's time stamp, header]
# bad_flag = -9.990e-29
*END*
[from data line 362]
        363 157.732436    0.02514     1.5083     90.500      1.898  48979.929    30.8060     7.6661      1.880    6.83446     7.6804    24.0282   12.30821 6.2122e+02 0.0000e+00
        364 157.732439    0.02521     1.5125     90.750      1.890  48970.784    30.8010     7.6745      1.872    6.83337     7.6848    24.0231   12.30647 6.2830e+02 0.0000e+00
        365 157.732442    0.02528     1.5167     91.000      1.879  48963.797    30.7971     7.6806      1.862    6.83259     7.6877    24.0192   12.30521 6.3587e+02 0.0000e+00
        366 157.732445    0.02535     1.5208     91.250      1.870  48958.771    30.7943     7.6850      1.853    6.83204     7.6897    24.0164   12.30434 6.4824e+02 0.0000e+00
        367 157.732448    0.02542     1.5250     91.500      1.865  48955.417    30.7924     7.6879      1.848    6.83166     7.6911    24.0146   12.30374 6.5577e+02 0.0000e+00
        368 157.732451    0.02549     1.5292     91.750      1.870  48953.313    30.7913     7.6899      1.853    6.83140     7.6922    24.0134   12.30332 6.5188e+02 0.0000e+00
        369 157.732454    0.02556     1.5333     92.000      1.884  48952.073    30.7907     7.6913      1.867    6.83121     7.6933    24.0127   12.30301 6.3975e+02 0.0000e+00
        370 157.732457    0.02562     1.5375     92.250      1.907  48951.399    30.7904     7.6924      1.890    6.83105     7.6943    24.0123   12.30275 6.2616e+02 0.0000e+00
        371 157.732459    0.02569     1.5417     92.500      1.932  48950.858    30.7901     7.6935      1.914    6.83090     7.6952    24.0120   12.30250 6.1130e+02 0.0000e+00
        372 157.732462    0.02576     1.5458     92.750      1.951  48949.981    30.7897     7.6945      1.932    6.83076     7.6959    24.0115   12.30228 5.9664e+02 0.0000e+00
        373 157.732465    0.02583     1.5500     93.000      1.955  48948.930    30.7891     7.6954      1.936    6.83064     7.6964    24.0109   12.30210 5.9273e+02 0.0000e+00
        374 157.732468    0.02590     1.5542     93.250      1.944  48948.120    30.7886     7.6961      1.925    6.83056     7.6968    24.0104   12.30196 6.0906e+02 0.0000e+00
        375 157.732471    0.02597     1.5583     93.500      1.924  48947.638    30.7884     7.6966      1.905    6.83049     7.6972    24.0102   12.30185 6.3550e+02 0.0000e+00
        376 157.732474    0.02604     1.5625     93.750      1.907  48947.599    30.7884     7.6970      1.889    6.83042     7.6978    24.0102   12.30174 6.4627e+02 0.0000e+00
        377 157.732477    0.02611     1.5667     94.000      1.907  48947.973    30.7888     7.6974      1.889    6.83034     7.6986    24.0104   12.30161 6.3676e+02 0.0000e+00
        378 157.732480    0.02618     1.5708     94.250      1.929  48948.108    30.7890     7.6980      1.911    6.83024     7.6992    24.0104   12.30143 6.2263e+02 0.0000e+00
        379 157.732483    0.02625     1.5750     94.500      1.967  48947.219    30.7884     7.6988      1.948    6.83014     7.6992    24.0099   12.30128 6.1364e+02 0.0000e+00
        380 157.732486    0.02632     1.5792     94.750      2.006  48945.738    30.7875     7.6993      1.987    6.83010     7.6986    24.0091   12.30122 6.0655e+02 0.0000e+00
        381 157.732488    0.02639     1.5833     95.000      2.031  48944.665    30.7867     7.6993      2.012    6.83013     7.6977    24.0085   12.30129 6.0277e+02 0.0000e+00
        382 157.732491    0.02646     1.5875     95.250      2.035  48943.930    30.7861     7.6988      2.016    6.83024     7.6962    24.0081   12.30147 6.1081e+02 0.0000e+00
        383 157.732494    0.02653     1.5917     95.500      2.022  48943.211    30.7855     7.6979      2.003    6.83042     7.6939    24.0077   12.30178 6.2412e+02 0.0000e+00
        384 157.732497    0.02660     1.5958     95.750      2.009  48942.311    30.7846     7.6964      1.990    6.83069     7.6902    24.0072   12.30224 6.2838e+02 0.0000e+00
        385 157.732500    0.02667     1.6000     96.000      2.017  48940.555    30.7830     7.6941      1.998    6.83113     7.6839    24.0063   12.30298 6.1109e+02 0.0000e+00
        386 157.732503    0.02674     1.6042     96.250      2.066  48937.217    30.7801     7.6903      2.047    6.83185     7.6732    24.0045   12.30421 5.7275e+02 0.0000e+00
        387 157.732506    0.02681     1.6083     96.500      2.172  48931.157    30.7748     7.6840      2.152    6.83308     7.6549    24.0012   12.30631 5.2507e+02 0.0000e+00
        388 157.732509    0.02688     1.6125     96.750      2.342  48920.203    30.7653     7.6733      2.320    6.83519     7.6251    23.9952   12.30991 4.7314e+02 0.0000e+00
        389 157.732512    0.02694     1.6167     97.000      2.572  48905.417    30.7520     7.6551      2.548    6.83866     7.5809    23.9871   12.31583 4.1969e+02 0.0000e+00
        390 157.732514    0.02701     1.6208     97.250      2.854  48892.850    30.7382     7.6254      2.827    6.84396     7.5188    23.9804   12.32477 3.6782e+02 0.0000e+00
        391 157.732517    0.02708     1.6250     97.500      3.176  48882.148    30.7234     7.5812      3.146    6.85160     7.4310    23.9747   12.33758 3.1982e+02 0.0000e+00
        392 157.732520    0.02715     1.6292     97.750      3.528  48864.730    30.7010     7.5191      3.494    6.86242     7.3104    23.9654   12.35576 2.7767e+02 0.0000e+00
        393 157.732523    0.02722     1.6333     98.000      3.899  48850.046    30.6761     7.4314      3.863    6.87742     7.1629    23.9575   12.38088 2.4191e+02 0.0000e+00
        394 157.732526    0.02729     1.6375     98.250      4.284  48880.944    30.6774     7.3107      4.245    6.89650     7.0104    23.9744   12.41243 2.1061e+02 0.0000e+00
        395 157.732529    0.02736     1.6417     98.500      4.679  48987.939    30.7269     7.1633      4.636    6.91772     6.8743    24.0327   12.44692 1.8175e+02 0.0000e+00
        396 157.732532    0.02743     1.6458     98.750      5.081  49146.231    30.8108     7.0108      5.034    6.93828     6.7642    24.1186   12.47986 1.5582e+02 0.0000e+00
        397 157.732535    0.02750     1.6500     99.000      5.487  49310.700    30.9014     6.8748      5.436    6.95595     6.6800    24.2075   12.50796 1.3342e+02 0.0000e+00
        398 157.732538    0.02757     1.6542     99.250      5.894  49455.640    30.9828     6.7647      5.839    6.96992     6.6175    24.2857   12.53004 1.1443e+02 0.0000e+00
        399 157.732541    0.02764     1.6583     99.500      6.300  49572.782    31.0491     6.6805      6.241    6.98045     6.5711    24.3487   12.54661 9.8794e+01 0.0000e+00
        400 157.732543    0.02771     1.6625     99.750      6.702  49662.771    31.1004     6.6180      6.639    6.98820     6.5356    24.3970   12.55877 8.6080e+01 0.0000e+00
        401 157.732546    0.02778     1.6667    100.000      7.099  49730.601    31.1390     6.5718      7.033    6.99391     6.5057    24.4333   12.56773 7.5555e+01 0.0000e+00
        402 157.732549    0.02785     1.6708    100.250      7.492  49782.846    31.1687     6.5362      7.422    6.99830     6.4771    24.4612   12.57462 6.6644e+01 0.0000e+00
        403 157.732552    0.02792     1.6750    100.500      7.882  49826.470    31.1934     6.5064      7.808    7.00202     6.4470    24.4844   12.58045 5.9032e+01 0.0000e+00
        404 157.732555    0.02799     1.6792    100.750      8.269  49868.364    31.2171     6.4778      8.192    7.00559     6.4151    24.5066   12.58605 5.2520e+01 0.0000e+00
        405 157.732558    0.02806     1.6833    101.000      8.657  49913.445    31.2426     6.4477      8.575    7.00932     6.3834    24.5305   12.59190 4.6933e+01 0.0000e+00
        406 157.732561    0.02813     1.6875    101.250      9.046  49962.181    31.2703     6.4158      8.961    7.01324     6.3545    24.5563   12.59803 4.2101e+01 0.0000e+00
        407 157.732564    0.02819     1.6917    101.500      9.438  50011.377    31.2984     6.3841      9.349    7.01712     6.3304    24.5824   12.60409 3.7894e+01 0.0000e+00
        408 157.732567    0.02826     1.6958    101.750      9.834  50056.749    31.3243     6.3553      9.741    7.02065     6.3114    24.6063   12.60959 3.4212e+01 0.0000e+00
        409 157.732569    0.02833     1.7000    102.000     10.232  50094.726    31.3459     6.3312     10.136    7.02360     6.2967    24.6263   12.61419 3.0954e+01 0.0000e+00
        410 157.732572    0.02840     1.7042    102.250     10.633  50123.958    31.3625     6.3122     10.533    7.02594     6.2852    24.6417   12.61786 2.8027e+01 0.0000e+00
        411 157.732575    0.02847     1.7083    102.500     11.037  50145.156    31.3742     6.2976     10.933    7.02779     6.2752    24.6528   12.62076 2.5382e+01 0.0000e+00
        412 157.732578    0.02854     1.7125    102.750     11.443  50160.230    31.3823     6.2861     11.335    7.02931     6.2658    24.6606   12.62316 2.2994e+01 0.0000e+00
        413 157.732581    0.02861     1.7167    103.000     11.850  50172.010    31.3884     6.2762     11.738    7.03065     6.2565    24.6666   12.62531 2.0842e+01 0.0000e+00
        414 157.732584    0.02868     1.7208    103.250     12.259  50183.010    31.3941     6.2668     12.143    7.03193     6.2471    24.6722   12.62736 1.8902e+01 0.0000e+00
        415 157.732587    0.02875     1.7250    103.500     12.670  50194.304    31.4000     6.2575     12.551    7.03319     6.2378    24.6780   12.62936 1.7153e+01 0.0000e+00
        416 157.732590    0.02882     1.7292    103.750     13.084  50206.011    31.4061     6.2482     12.961    7.03443     6.2289    24.6840   12.63134 1.5566e+01 0.0000e+00
        417 157.732593    0.02889     1.7333    104.000     13.500  50217.969    31.4125     6.2389     13.373    7.03567     6.2208    24.6902   12.63330 1.4116e+01 0.0000e+00
        418 157.732595    0.02896     1.7375    104.250     13.919  50229.656    31.4187     6.2300     13.789    7.03685     6.2138    24.6962   12.63518 1.2790e+01 0.0000e+00
        419 157.732598    0.02903     1.7417    104.500     14.342  50240.297    31.4243     6.2219     14.208    7.03792     6.2078    24.7016   12.63687 1.1582e+01 0.0000e+00
        420 157.732601    0.02910     1.7458    104.750     14.766  50249.561    31.4292     6.2149     14.628    7.03884     6.2027    24.7063   12.63833 1.0486e+01 0.0000e+00
        421 157.732604    0.02917     1.7500    105.000     15.191  50257.738    31.4335     6.2090     15.049    7.03962     6.1986    24.7105   12.63957 9.4914e+00 0.0000e+00
        422 157.732607    0.02924     1.7542    105.250     15.616  50265.056    31.4374     6.2039     15.470    7.04027     6.1953    24.7142   12.64059 8.5930e+00 0.0000e+00
        423 157.732610    0.02931     1.7583    105.500     16.040  50271.422    31.4408     6.1998     15.890    7.04078     6.1928    24.7174   12.64139 7.7823e+00 0.0000e+00
        424 157.732613    0.02937     1.7625    105.750     16.462  50276.641    31.4436     6.1966     16.307    7.04118     6.1908    24.7200   12.64202 7.0488e+00 0.0000e+00
        425 157.732616    0.02944     1.7667    106.000     16.881  50280.682    31.4458     6.1942     16.722    7.04149     6.1892    24.7219   12.64250 6.3852e+00 0.0000e+00
        426 157.732619    0.02951     1.7708    106.250     17.299  50283.856    31.4474     6.1922     17.136    7.04173     6.1879    24.7235   12.64288 5.7860e+00 0.0000e+00
        427 157.732622    0.02958     1.7750    106.500     17.717  50286.545    31.4488     6.1906     17.550    7.04193     6.1866    24.7247   12.64319 5.2465e+00 0.0000e+00
        428 157.732624    0.02965     1.7792    106.750     18.135  50288.839    31.4499     6.1893     17.964    7.04210     6.1854    24.7258   12.64345 4.7607e+00 0.0000e+00
        429 157.732627    0.02972     1.7833    107.000     18.553  50290.617    31.4507     6.1881     18.378    7.04226     6.1839    24.7266   12.64370 4.3214e+00 0.0000e+00
        430 157.732630    0.02979     1.7875    107.250     18.970  50291.905    31.4512     6.1869     18.792    7.04244     6.1820    24.7271   12.64399 3.9243e+00 0.0000e+00
        431 157.732633    0.02986     1.7917    107.500     19.387  50292.756    31.4513     6.1854     19.205    7.04267     6.1793    24.7273   12.64438 3.5639e+00 0.0000e+00
        432 157.732636    0.02993     1.7958    107.750     19.804  50292.895    31.4508     6.1835     19.619    7.04300     6.1757    24.7272   12.64494 3.2321e+00 0.0000e+00
        433 157.732639    0.03000     1.8000    108.000     20.223  50292.634    31.4499     6.1809     20.033    7.04348     6.1713    24.7268   12.64574 2.9274e+00 0.0000e+00
        434 157.732642    0.03007     1.8042    108.250     20.642  50293.120    31.4494     6.1773     20.449    7.04410     6.1666    24.7269   12.64677 2.6527e+00 0.0000e+00
        435 157.732645    0.03014     1.8083    108.500     21.063  50294.742    31.4495     6.1730     20.865    7.04481     6.1618    24.7275   12.64794 2.4074e+00 0.0000e+00
        436 157.732648    0.03021     1.8125    108.750     21.484  50296.742    31.4497     6.1683     21.283    7.04557     6.1569    24.7283   12.64919 2.1877e+00 0.0000e+00
        437 157.732650    0.03028     1.8167    109.000     21.908  50298.719    31.4500     6.1635     21.703    7.04635     6.1520    24.7291   12.65047 1.9884e+00 0.0000e+00
        438 157.732653    0.03035     1.8208    109.250     22.335  50300.778    31.4503     6.1587     22.125    7.04713     6.1469    24.7299   12.65176 1.8054e+00 0.0000e+00
        439 157.732656    0.03042     1.8250    109.500     22.763  50302.868    31.4506     6.1538     22.550    7.04793     6.1416    24.7307   12.65307 1.6379e+00 0.0000e+00
        440 157.732659    0.03049     1.8292    109.750     23.194  50306.086    31.4517     6.1488     22.976    7.04871     6.1366    24.7322   12.65436 1.4863e+00 0.0000e+00
        441 157.732662    0.03056     1.8333    110.000     23.625  50311.616    31.4543     6.1436     23.403    7.04945     6.1323    24.7349   12.65555 1.3493e+00 0.0000e+00
        442 157.732665    0.03062     1.8375    110.250     24.057  50318.772    31.4581     6.1386     23.831    7.05010     6.1285    24.7385   12.65657 1.2249e+00 0.0000e+00
        443 157.732668    0.03069     1.8417    110.500     24.491  50325.952    31.4620     6.1343     24.260    7.05063     6.1251    24.7421   12.65740 1.1111e+00 0.0000e+00
        444 157.732671    0.03076     1.8458    110.750     24.925  50331.986    31.4653     6.1306     24.690    7.05109     6.1214    24.7452   12.65812 1.0076e+00 0.0000e+00
        445 157.732674    0.03083     1.8500    111.000     25.358  50336.785    31.4678     6.1271     25.119    7.05154     6.1170    24.7475   12.65884 9.1395e-01 0.0000e+00
        446 157.732677    0.03090     1.8542    111.250     25.789  50340.557    31.4695     6.1234     25.546    7.05207     6.1112    24.7493   12.65968 8.2941e-01 0.0000e+00
        447 157.732679    0.03097     1.8583    111.500     26.217  50343.721    31.4706     6.1190     25.971    7.05274     6.1041    24.7507   12.66078 7.5383e-01 0.0000e+00
        448 157.732682    0.03104     1.8625    111.750     26.644  50347.864    31.4722     6.1133     26.394    7.05361     6.0963    24.7527   12.66220 6.8679e-01 0.0000e+00
        449 157.732685    0.03111     1.8667    112.000     27.070  50353.775    31.4747     6.1063     26.815    7.05467     6.0882    24.7555   12.66390 6.2672e-01 0.0000e+00
        450 157.732688    0.03118     1.8708    112.250     27.495  50360.340    31.4776     6.0985     27.236    7.05583     6.0800    24.7587   12.66579 5.7268e-01 0.0000e+00
        451 157.732691    0.03125     1.8750    112.500     27.918  50366.383    31.4800     6.0904     27.655    7.05705     6.0713    24.7616   12.66777 5.2488e-01 0.0000e+00
