CTD-processing/allCTD/CNV--turbid/2012_10-28_t6_s15_cast014.cnv
* Sea-Bird SBE19plus Data File:
* FileName = C:\Documents and Settings\kris.holderied.local\My Documents\2012-10-CookInlet-Ocean-LTM\2012-10-28-EVOSTC-CookInletOcean-Tran6-Douglas\2012-10-28-CookInletOcean-Tran6-cast014.hex
* Software Version 1.54
* Temperature SN =  4141
* Conductivity SN =  4141
* System UpLoad Time = Oct 28 2012 19:40:52
** Cook Inlet EVOSTC Transect 6 Douglas line west to east
** Date:   28 Oct 2012
** Station:  6-15
** Start time (AKDT-24 hr):  1317
** Depth (m):  156
** Comment:	Continued very clear water
# nquan = 16
# nvalues = 930                         
# units = specified
# name 0 = scan: Scan Count
# name 1 = timeJ: Julian Days
# name 2 = timeH: Time, Elapsed [hours]
# name 3 = timeM: Time, Elapsed [minutes]
# name 4 = timeS: Time, Elapsed [seconds]
# name 5 = prdM: Pressure, Strain Gauge [db]
# name 6 = specc: Specific Conductance [uS/cm]
# name 7 = sal00: Salinity, Practical [PSU]
# name 8 = tv290C: Temperature [ITS-90, deg C]
# name 9 = depSM: Depth [salt water, m], lat = 59.00
# name 10 = oxsolML/L: Oxygen Saturation, Garcia & Gordon [ml/l]
# name 11 = potemp090C: Potential Temperature [ITS-90, deg C]
# name 12 = sigma-é00: Density [sigma-theta, kg/m^3]
# name 13 = n2satML/L: Nitrogen Saturation [ml/l]
# name 14 = par: PAR/Irradiance, Biospherical/Licor
# name 15 = flag:  0.000e+00
# span 0 =          1,        930       
# span 1 = 302.553900, 302.556589       
# span 2 =    0.00000,    0.06451       
# span 3 =     0.0000,     3.8708       
# span 4 =      0.000,    232.250       
# span 5 =     -0.043,    136.538       
# span 6 =   1576.433,  51913.305       
# span 7 =     0.7723,    32.5249       
# span 8 =     5.6516,     7.8171       
# span 9 =     -0.043,    135.217       
# span 10 =    6.76929,    8.73512      
# span 11 =     5.6516,     7.8141      
# span 12 =     0.5692,    25.5719      
# span 13 =   12.18873,   15.90396      
# span 14 = 3.6382e-02, 1.3781e+02      
# span 15 = 0.0000e+00, 0.0000e+00      
# interval = seconds: 0.25
# start_time = Oct 28 2012 13:17:37 [Instrument's time stamp, header]
# bad_flag = -9.990e-29
*END*
[from data line 272]
        273 302.554688    0.01889     1.1333     68.000      1.788  49673.291    31.1838     7.0351      1.771    6.91705     7.0302    24.4095   12.44010 4.2004e+01 0.0000e+00
        274 302.554690    0.01896     1.1375     68.250      1.765  49679.764    31.1879     7.0327      1.748    6.91725     7.0283    24.4130   12.44037 4.2093e+01 0.0000e+00
        275 302.554693    0.01903     1.1417     68.500      1.752  49696.470    31.1991     7.0303      1.736    6.91712     7.0273    24.4221   12.44002 4.2715e+01 0.0000e+00
        276 302.554696    0.01910     1.1458     68.750      1.754  49718.472    31.2141     7.0284      1.738    6.91675     7.0276    24.4342   12.43922 4.3271e+01 0.0000e+00
        277 302.554699    0.01917     1.1500     69.000      1.772  49739.543    31.2286     7.0275      1.755    6.91624     7.0289    24.4457   12.43820 4.3571e+01 0.0000e+00
        278 302.554702    0.01924     1.1542     69.250      1.802  49754.962    31.2393     7.0277      1.785    6.91571     7.0305    24.4541   12.43718 4.3554e+01 0.0000e+00
        279 302.554705    0.01931     1.1583     69.500      1.839  49762.249    31.2446     7.0291      1.822    6.91526     7.0317    24.4581   12.43637 4.2901e+01 0.0000e+00
        280 302.554708    0.01938     1.1625     69.750      1.876  49760.173    31.2434     7.0307      1.858    6.91505     7.0318    24.4569   12.43604 4.1716e+01 0.0000e+00
        281 302.554711    0.01944     1.1667     70.000      1.904  49748.011    31.2352     7.0319      1.886    6.91524     7.0302    24.4503   12.43645 4.0578e+01 0.0000e+00
        282 302.554714    0.01951     1.1708     70.250      1.918  49727.415    31.2209     7.0320      1.900    6.91588     7.0264    24.4390   12.43770 3.9917e+01 0.0000e+00
        283 302.554716    0.01958     1.1750     70.500      1.914  49703.987    31.2043     7.0304      1.896    6.91689     7.0198    24.4262   12.43956 3.9913e+01 0.0000e+00
        284 302.554719    0.01965     1.1792     70.750      1.895  49684.672    31.1903     7.0266      1.877    6.91813     7.0100    24.4156   12.44179 4.0364e+01 0.0000e+00
        285 302.554722    0.01972     1.1833     71.000      1.863  49674.959    31.1824     7.0200      1.845    6.91955     6.9984    24.4103   12.44424 4.0737e+01 0.0000e+00
        286 302.554725    0.01979     1.1875     71.250      1.824  49677.424    31.1824     7.0102      1.807    6.92111     6.9873    24.4116   12.44682 4.0753e+01 0.0000e+00
        287 302.554728    0.01986     1.1917     71.500      1.787  49690.859    31.1898     6.9985      1.770    6.92264     6.9786    24.4189   12.44926 4.0457e+01 0.0000e+00
        288 302.554731    0.01993     1.1958     71.750      1.757  49712.080    31.2026     6.9874      1.741    6.92384     6.9736    24.4304   12.45107 4.0196e+01 0.0000e+00
        289 302.554734    0.02000     1.2000     72.000      1.741  49738.147    31.2192     6.9788      1.724    6.92446     6.9726    24.4446   12.45190 4.0306e+01 0.0000e+00
        290 302.554737    0.02007     1.2042     72.250      1.742  49765.489    31.2373     6.9738      1.726    6.92444     6.9757    24.4595   12.45163 4.0599e+01 0.0000e+00
        291 302.554740    0.02014     1.2083     72.500      1.763  49789.297    31.2537     6.9728      1.746    6.92384     6.9821    24.4725   12.45044 4.0842e+01 0.0000e+00
        292 302.554742    0.02021     1.2125     72.750      1.800  49805.581    31.2655     6.9759      1.783    6.92280     6.9903    24.4815   12.44858 4.1235e+01 0.0000e+00
        293 302.554745    0.02028     1.2167     73.000      1.848  49812.187    31.2712     6.9823      1.830    6.92152     6.9983    24.4851   12.44639 4.1691e+01 0.0000e+00
        294 302.554748    0.02035     1.2208     73.250      1.894  49807.753    31.2695     6.9905      1.876    6.92030     7.0043    24.4827   12.44439 4.1747e+01 0.0000e+00
        295 302.554751    0.02042     1.2250     73.500      1.928  49791.591    31.2597     6.9984      1.910    6.91947     7.0069    24.4739   12.44315 4.1431e+01 0.0000e+00
        296 302.554754    0.02049     1.2292     73.750      1.940  49766.327    31.2432     7.0044      1.922    6.91926     7.0050    24.4601   12.44301 4.1217e+01 0.0000e+00
        297 302.554757    0.02056     1.2333     74.000      1.924  49740.079    31.2254     7.0071      1.906    6.91964     6.9978    24.4458   12.44386 4.1331e+01 0.0000e+00
        298 302.554760    0.02063     1.2375     74.250      1.882  49723.598    31.2136     7.0052      1.864    6.92048     6.9862    24.4368   12.44540 4.1462e+01 0.0000e+00
        299 302.554763    0.02069     1.2417     74.500      1.820  49724.022    31.2127     6.9980      1.803    6.92168     6.9734    24.4370   12.44740 4.1374e+01 0.0000e+00
        300 302.554766    0.02076     1.2458     74.750      1.750  49740.499    31.2222     6.9864      1.734    6.92311     6.9625    24.4459   12.44963 4.1159e+01 0.0000e+00
        301 302.554769    0.02083     1.2500     75.000      1.689  49766.676    31.2381     6.9735      1.673    6.92443     6.9556    24.4602   12.45163 4.1081e+01 0.0000e+00
        302 302.554771    0.02090     1.2542     75.250      1.648  49796.190    31.2567     6.9626      1.633    6.92533     6.9538    24.4763   12.45287 4.1612e+01 0.0000e+00
        303 302.554774    0.02097     1.2583     75.500      1.639  49823.705    31.2747     6.9558      1.623    6.92561     6.9576    24.4913   12.45311 4.2735e+01 0.0000e+00
        304 302.554777    0.02104     1.2625     75.750      1.662  49845.758    31.2897     6.9539      1.646    6.92522     6.9670    24.5033   12.45228 4.3874e+01 0.0000e+00
        305 302.554780    0.02111     1.2667     76.000      1.712  49862.063    31.3017     6.9578      1.696    6.92406     6.9802    24.5122   12.45021 4.4419e+01 0.0000e+00
        306 302.554783    0.02118     1.2708     76.250      1.779  49871.952    31.3101     6.9672      1.763    6.92217     6.9946    24.5177   12.44697 4.3976e+01 0.0000e+00
        307 302.554786    0.02125     1.2750     76.500      1.850  49874.046    31.3138     6.9804      1.834    6.91989     7.0084    24.5189   12.44316 4.2802e+01 0.0000e+00
        308 302.554789    0.02132     1.2792     76.750      1.911  49870.694    31.3140     6.9948      1.894    6.91758     7.0208    24.5171   12.43935 4.1693e+01 0.0000e+00
        309 302.554792    0.02139     1.2833     77.000      1.950  49865.421    31.3127     7.0086      1.932    6.91544     7.0313    24.5143   12.43582 4.1187e+01 0.0000e+00
        310 302.554795    0.02146     1.2875     77.250      1.959  49858.801    31.3102     7.0209      1.941    6.91358     7.0397    24.5107   12.43277 4.1208e+01 0.0000e+00
        311 302.554797    0.02153     1.2917     77.500      1.936  49850.918    31.3066     7.0315      1.918    6.91206     7.0459    24.5065   12.43030 4.1476e+01 0.0000e+00
        312 302.554800    0.02160     1.2958     77.750      1.887  49843.127    31.3027     7.0399      1.870    6.91090     7.0502    24.5023   12.42843 4.1919e+01 0.0000e+00
        313 302.554803    0.02167     1.3000     78.000      1.822  49836.591    31.2992     7.0460      1.806    6.91007     7.0531    24.4988   12.42710 4.2506e+01 0.0000e+00
        314 302.554806    0.02174     1.3042     78.250      1.755  49831.716    31.2966     7.0503      1.739    6.90950     7.0551    24.4962   12.42620 4.2799e+01 0.0000e+00
        315 302.554809    0.02181     1.3083     78.500      1.698  49828.458    31.2949     7.0532      1.683    6.90912     7.0564    24.4944   12.42559 4.2390e+01 0.0000e+00
        316 302.554812    0.02187     1.3125     78.750      1.665  49826.415    31.2938     7.0552      1.650    6.90886     7.0574    24.4933   12.42516 4.1893e+01 0.0000e+00
        317 302.554815    0.02194     1.3167     79.000      1.664  49825.084    31.2931     7.0566      1.648    6.90867     7.0580    24.4926   12.42486 4.2098e+01 0.0000e+00
        318 302.554818    0.02201     1.3208     79.250      1.695  49824.107    31.2926     7.0575      1.679    6.90854     7.0584    24.4921   12.42466 4.2817e+01 0.0000e+00
        319 302.554821    0.02208     1.3250     79.500      1.754  49823.318    31.2921     7.0582      1.738    6.90845     7.0586    24.4916   12.42452 4.3547e+01 0.0000e+00
        320 302.554823    0.02215     1.3292     79.750      1.828  49822.737    31.2918     7.0586      1.811    6.90841     7.0587    24.4913   12.42445 4.3899e+01 0.0000e+00
        321 302.554826    0.02222     1.3333     80.000      1.903  49822.374    31.2915     7.0588      1.884    6.90838     7.0587    24.4911   12.42441 4.3606e+01 0.0000e+00
        322 302.554829    0.02229     1.3375     80.250      1.964  49822.136    31.2913     7.0589      1.945    6.90837     7.0587    24.4909   12.42440 4.2874e+01 0.0000e+00
        323 302.554832    0.02236     1.3417     80.500      2.002  49821.916    31.2912     7.0589      1.983    6.90838     7.0587    24.4908   12.42441 4.2254e+01 0.0000e+00
        324 302.554835    0.02243     1.3458     80.750      2.010  49821.657    31.2910     7.0589      1.992    6.90839     7.0587    24.4907   12.42443 4.2066e+01 0.0000e+00
        325 302.554838    0.02250     1.3500     81.000      1.988  49821.411    31.2908     7.0589      1.970    6.90840     7.0586    24.4905   12.42445 4.2195e+01 0.0000e+00
        326 302.554841    0.02257     1.3542     81.250      1.938  49821.282    31.2908     7.0588      1.921    6.90842     7.0584    24.4905   12.42448 4.2406e+01 0.0000e+00
        327 302.554844    0.02264     1.3583     81.500      1.868  49821.277    31.2908     7.0587      1.851    6.90844     7.0583    24.4905   12.42451 4.2490e+01 0.0000e+00
        328 302.554847    0.02271     1.3625     81.750      1.789  49821.427    31.2909     7.0586      1.773    6.90845     7.0583    24.4906   12.42453 4.2376e+01 0.0000e+00
        329 302.554850    0.02278     1.3667     82.000      1.713  49821.761    31.2912     7.0585      1.697    6.90845     7.0584    24.4908   12.42453 4.2227e+01 0.0000e+00
        330 302.554852    0.02285     1.3708     82.250      1.653  49822.147    31.2915     7.0585      1.638    6.90844     7.0585    24.4911   12.42451 4.2001e+01 0.0000e+00
        331 302.554855    0.02292     1.3750     82.500      1.619  49822.370    31.2916     7.0585      1.604    6.90842     7.0586    24.4912   12.42448 4.1448e+01 0.0000e+00
        332 302.554858    0.02299     1.3792     82.750      1.616  49822.286    31.2916     7.0587      1.601    6.90840     7.0586    24.4911   12.42445 4.0814e+01 0.0000e+00
        333 302.554861    0.02306     1.3833     83.000      1.645  49822.041    31.2914     7.0588      1.630    6.90840     7.0585    24.4910   12.42444 4.0508e+01 0.0000e+00
        334 302.554864    0.02313     1.3875     83.250      1.698  49821.901    31.2913     7.0588      1.682    6.90840     7.0584    24.4909   12.42445 4.0453e+01 0.0000e+00
        335 302.554867    0.02319     1.3917     83.500      1.764  49821.957    31.2913     7.0587      1.748    6.90842     7.0582    24.4909   12.42448 4.0466e+01 0.0000e+00
        336 302.554870    0.02326     1.3958     83.750      1.829  49822.147    31.2913     7.0585      1.812    6.90843     7.0581    24.4910   12.42450 4.0474e+01 0.0000e+00
        337 302.554873    0.02333     1.4000     84.000      1.882  49822.376    31.2914     7.0584      1.865    6.90845     7.0581    24.4911   12.42453 4.0410e+01 0.0000e+00
        338 302.554876    0.02340     1.4042     84.250      1.913  49822.571    31.2915     7.0583      1.895    6.90846     7.0580    24.4912   12.42455 4.0422e+01 0.0000e+00
        339 302.554878    0.02347     1.4083     84.500      1.918  49822.677    31.2916     7.0582      1.900    6.90847     7.0579    24.4912   12.42456 4.0831e+01 0.0000e+00
        340 302.554881    0.02354     1.4125     84.750      1.897  49822.728    31.2916     7.0581      1.879    6.90848     7.0578    24.4913   12.42458 4.1644e+01 0.0000e+00
        341 302.554884    0.02361     1.4167     85.000      1.856  49822.864    31.2917     7.0580      1.838    6.90850     7.0577    24.4913   12.42460 4.2488e+01 0.0000e+00
        342 302.554887    0.02368     1.4208     85.250      1.803  49823.079    31.2919     7.0579      1.786    6.90851     7.0577    24.4915   12.42462 4.2956e+01 0.0000e+00
        343 302.554890    0.02375     1.4250     85.500      1.750  49823.243    31.2920     7.0578      1.733    6.90852     7.0577    24.4916   12.42463 4.2813e+01 0.0000e+00
        344 302.554893    0.02382     1.4292     85.750      1.707  49823.398    31.2921     7.0578      1.691    6.90852     7.0578    24.4917   12.42462 4.2115e+01 0.0000e+00
        345 302.554896    0.02389     1.4333     86.000      1.684  49823.573    31.2923     7.0578      1.668    6.90850     7.0579    24.4918   12.42460 4.1353e+01 0.0000e+00
        346 302.554899    0.02396     1.4375     86.250      1.688  49823.694    31.2924     7.0579      1.672    6.90848     7.0581    24.4919   12.42457 4.1189e+01 0.0000e+00
        347 302.554902    0.02403     1.4417     86.500      1.719  49823.729    31.2924     7.0581      1.703    6.90845     7.0584    24.4919   12.42452 4.1836e+01 0.0000e+00
        348 302.554905    0.02410     1.4458     86.750      1.770  49823.670    31.2924     7.0583      1.753    6.90842     7.0586    24.4918   12.42447 4.2791e+01 0.0000e+00
        349 302.554907    0.02417     1.4500     87.000      1.828  49823.573    31.2924     7.0585      1.811    6.90839     7.0588    24.4917   12.42442 4.3255e+01 0.0000e+00
        350 302.554910    0.02424     1.4542     87.250      1.881  49823.494    31.2923     7.0588      1.863    6.90836     7.0590    24.4917   12.42436 4.2947e+01 0.0000e+00
        351 302.554913    0.02431     1.4583     87.500      1.919  49823.366    31.2922     7.0590      1.901    6.90833     7.0591    24.4916   12.42431 4.2347e+01 0.0000e+00
        352 302.554916    0.02438     1.4625     87.750      1.936  49823.053    31.2920     7.0591      1.918    6.90831     7.0591    24.4914   12.42429 4.2146e+01 0.0000e+00
        353 302.554919    0.02444     1.4667     88.000      1.931  49822.617    31.2917     7.0592      1.913    6.90831     7.0591    24.4912   12.42429 4.2523e+01 0.0000e+00
        354 302.554922    0.02451     1.4708     88.250      1.909  49822.355    31.2916     7.0592      1.891    6.90831     7.0591    24.4910   12.42429 4.3072e+01 0.0000e+00
        355 302.554925    0.02458     1.4750     88.500      1.876  49822.312    31.2915     7.0592      1.859    6.90831     7.0590    24.4910   12.42430 4.3453e+01 0.0000e+00
        356 302.554928    0.02465     1.4792     88.750      1.839  49822.276    31.2915     7.0592      1.822    6.90832     7.0590    24.4910   12.42431 4.3587e+01 0.0000e+00
        357 302.554931    0.02472     1.4833     89.000      1.806  49822.227    31.2915     7.0592      1.789    6.90832     7.0590    24.4910   12.42432 4.3501e+01 0.0000e+00
        358 302.554933    0.02479     1.4875     89.250      1.781  49822.237    31.2916     7.0592      1.764    6.90833     7.0590    24.4910   12.42432 4.3260e+01 0.0000e+00
        359 302.554936    0.02486     1.4917     89.500      1.767  49822.334    31.2916     7.0591      1.750    6.90833     7.0589    24.4911   12.42432 4.2729e+01 0.0000e+00
        360 302.554939    0.02493     1.4958     89.750      1.765  49822.560    31.2918     7.0591      1.749    6.90832     7.0589    24.4912   12.42432 4.1888e+01 0.0000e+00
        361 302.554942    0.02500     1.5000     90.000      1.775  49822.853    31.2920     7.0591      1.759    6.90832     7.0590    24.4914   12.42430 4.1126e+01 0.0000e+00
