CTD-processing/allCTD/CNV--turbid/2012-07-30-cookinlet-tran6-cast095-s25.cnv
* Sea-Bird SBE19plus Data File:
* FileName = C:\Documents and Settings\kris.holderied.local\My Documents\2012-07-EVOS-CookInlet-Ocean\2012-07-CookInlet-Tran6-Douglas\2012-07-31-CookInlet-Tran6-cast095.hex
* Software Version 1.54
* Temperature SN =  4141
* Conductivity SN =  4141
* System UpLoad Time = Jul 31 2012 08:30:13
** Cook Inlet LTM Transect 6 (Douglas line)  East to West
** Date:  2012-07-30
** Station:  6-25
** Start time (AKDT-24 hr): 2339
** Depth (m): 175
** Comment: 191 seconds for zooplankton tow but with presumes as 1 cable +flagged tow (sort ventral)
# nquan = 16
# nvalues = 1203                        
# units = specified
# name 0 = scan: Scan Count
# name 1 = timeJ: Julian Days
# name 2 = timeH: Time, Elapsed [hours]
# name 3 = timeM: Time, Elapsed [minutes]
# name 4 = timeS: Time, Elapsed [seconds]
# name 5 = prdM: Pressure, Strain Gauge [db]
# name 6 = specc: Specific Conductance [uS/cm]
# name 7 = sal00: Salinity, Practical [PSU]
# name 8 = tv290C: Temperature [ITS-90, deg C]
# name 9 = depSM: Depth [salt water, m], lat = 59.00
# name 10 = oxsolML/L: Oxygen Saturation, Garcia & Gordon [ml/l]
# name 11 = potemp090C: Potential Temperature [ITS-90, deg C]
# name 12 = sigma-é00: Density [sigma-theta, kg/m^3]
# name 13 = n2satML/L: Nitrogen Saturation [ml/l]
# name 14 = par: PAR/Irradiance, Biospherical/Licor
# name 15 = flag:  0.000e+00
# span 0 =          1,       1203       
# span 1 = 212.985162, 212.988640       
# span 2 =    0.00000,    0.08347       
# span 3 =     0.0000,     5.0083       
# span 4 =      0.000,    300.500       
# span 5 =     -0.063,    138.853       
# span 6 =   1006.580,  51629.962       
# span 7 =     0.4937,    32.2672       
# span 8 =     5.9178,    10.1362       
# span 9 =     -0.063,    137.509       
# span 10 =    6.49018,    7.94418      
# span 11 =     5.9066,    10.1358      
# span 12 =     0.1230,    25.4049      
# span 13 =   11.74473,   14.57717      
# span 14 = 4.2010e-02, 1.5111e+00      
# span 15 = 0.0000e+00, 0.0000e+00      
# interval = seconds: 0.25
# start_time = Jul 30 2012 23:38:38 [Instrument's time stamp, header]
# bad_flag = -9.990e-29
*END*
[from data line 362]
        363 212.986209    0.02514     1.5083     90.500     14.521  48732.635    30.9360     9.8293     14.385    6.50572     9.8098    23.8083   11.76236 4.2808e-02 0.0000e+00
        364 212.986212    0.02521     1.5125     90.750     14.706  48738.258    30.9388     9.8206     14.568    6.50685     9.8000    23.8118   11.76420 4.2747e-02 0.0000e+00
        365 212.986215    0.02528     1.5167     91.000     14.891  48743.682    30.9413     9.8114     14.751    6.50806     9.7893    23.8153   11.76617 4.2682e-02 0.0000e+00
        366 212.986218    0.02535     1.5208     91.250     15.077  48749.149    30.9439     9.8016     14.936    6.50936     9.7779    23.8188   11.76830 4.2628e-02 0.0000e+00
        367 212.986221    0.02542     1.5250     91.500     15.264  48755.221    30.9467     9.7909     15.121    6.51077     9.7657    23.8228   11.77059 4.2589e-02 0.0000e+00
        368 212.986224    0.02549     1.5292     91.750     15.453  48761.607    30.9496     9.7796     15.308    6.51228     9.7522    23.8269   11.77305 4.2553e-02 0.0000e+00
        369 212.986227    0.02556     1.5333     92.000     15.647  48767.813    30.9524     9.7674     15.500    6.51391     9.7371    23.8310   11.77573 4.2516e-02 0.0000e+00
        370 212.986230    0.02562     1.5375     92.250     15.848  48774.194    30.9550     9.7539     15.699    6.51572     9.7205    23.8352   11.77871 4.2492e-02 0.0000e+00
        371 212.986233    0.02569     1.5417     92.500     16.060  48781.552    30.9582     9.7388     15.909    6.51775     9.7027    23.8401   11.78203 4.2506e-02 0.0000e+00
        372 212.986236    0.02576     1.5458     92.750     16.284  48790.313    30.9621     9.7222     16.132    6.51997     9.6844    23.8458   11.78565 4.2533e-02 0.0000e+00
        373 212.986238    0.02583     1.5500     93.000     16.523  48800.796    30.9671     9.7044     16.368    6.52231     9.6663    23.8525   11.78947 4.2545e-02 0.0000e+00
        374 212.986241    0.02590     1.5542     93.250     16.776  48812.721    30.9730     9.6862     16.618    6.52469     9.6487    23.8601   11.79333 4.2566e-02 0.0000e+00
        375 212.986244    0.02597     1.5583     93.500     17.041  48824.606    30.9789     9.6681     16.881    6.52704     9.6312    23.8676   11.79715 4.2604e-02 0.0000e+00
        376 212.986247    0.02604     1.5625     93.750     17.317  48835.581    30.9843     9.6505     17.154    6.52934     9.6134    23.8745   11.80091 4.2658e-02 0.0000e+00
        377 212.986250    0.02611     1.5667     94.000     17.599  48846.065    30.9893     9.6331     17.434    6.53165     9.5952    23.8812   11.80467 4.2709e-02 0.0000e+00
        378 212.986253    0.02618     1.5708     94.250     17.885  48856.636    30.9943     9.6153     17.718    6.53399     9.5765    23.8879   11.80849 4.2695e-02 0.0000e+00
        379 212.986256    0.02625     1.5750     94.500     18.170  48867.278    30.9993     9.5972     18.000    6.53640     9.5571    23.8947   11.81241 4.2631e-02 0.0000e+00
        380 212.986259    0.02632     1.5792     94.750     18.449  48877.867    31.0042     9.5785     18.276    6.53888     9.5371    23.9014   11.81647 4.2569e-02 0.0000e+00
        381 212.986262    0.02639     1.5833     95.000     18.718  48889.144    31.0094     9.5592     18.542    6.54146     9.5167    23.9086   11.82067 4.2500e-02 0.0000e+00
        382 212.986264    0.02646     1.5875     95.250     18.972  48901.610    31.0155     9.5391     18.794    6.54409     9.4966    23.9165   11.82496 4.2411e-02 0.0000e+00
        383 212.986267    0.02653     1.5917     95.500     19.207  48914.909    31.0220     9.5188     19.027    6.54675     9.4772    23.9249   11.82929 4.2343e-02 0.0000e+00
        384 212.986270    0.02660     1.5958     95.750     19.420  48929.237    31.0293     9.4987     19.238    6.54936     9.4593    23.9338   11.83351 4.2332e-02 0.0000e+00
        385 212.986273    0.02667     1.6000     96.000     19.611  48944.754    31.0376     9.4793     19.427    6.55182     9.4436    23.9433   11.83748 4.2332e-02 0.0000e+00
        386 212.986276    0.02674     1.6042     96.250     19.782  48960.483    31.0462     9.4614     19.596    6.55404     9.4304    23.9528   11.84106 4.2306e-02 0.0000e+00
        387 212.986279    0.02681     1.6083     96.500     19.936  48975.086    31.0543     9.4457     19.748    6.55597     9.4196    23.9616   11.84416 4.2272e-02 0.0000e+00
        388 212.986282    0.02688     1.6125     96.750     20.082  48987.663    31.0614     9.4325     19.893    6.55758     9.4110    23.9691   11.84674 4.2245e-02 0.0000e+00
        389 212.986285    0.02694     1.6167     97.000     20.230  48997.946    31.0671     9.4217     20.040    6.55890     9.4042    23.9753   11.84886 4.2227e-02 0.0000e+00
        390 212.986288    0.02701     1.6208     97.250     20.391  49005.755    31.0713     9.4131     20.199    6.55997     9.3985    23.9800   11.85058 4.2211e-02 0.0000e+00
        391 212.986291    0.02708     1.6250     97.500     20.566  49011.021    31.0741     9.4063     20.372    6.56084     9.3932    23.9832   11.85199 4.2193e-02 0.0000e+00
        392 212.986293    0.02715     1.6292     97.750     20.759  49014.144    31.0754     9.4007     20.564    6.56160     9.3874    23.9851   11.85324 4.2200e-02 0.0000e+00
        393 212.986296    0.02722     1.6333     98.000     20.978  49015.926    31.0759     9.3954     20.781    6.56235     9.3807    23.9863   11.85448 4.2232e-02 0.0000e+00
        394 212.986299    0.02729     1.6375     98.250     21.223  49017.433    31.0761     9.3896     21.023    6.56318     9.3728    23.9874   11.85585 4.2245e-02 0.0000e+00
        395 212.986302    0.02736     1.6417     98.500     21.491  49019.762    31.0767     9.3829     21.288    6.56413     9.3640    23.9889   11.85741 4.2250e-02 0.0000e+00
        396 212.986305    0.02743     1.6458     98.750     21.776  49024.236    31.0787     9.3751     21.571    6.56518     9.3553    23.9917   11.85913 4.2303e-02 0.0000e+00
        397 212.986308    0.02750     1.6500     99.000     22.074  49031.372    31.0824     9.3664     21.866    6.56629     9.3472    23.9959   11.86092 4.2395e-02 0.0000e+00
        398 212.986311    0.02757     1.6542     99.250     22.377  49039.891    31.0871     9.3576     22.167    6.56736     9.3401    24.0009   11.86263 4.2441e-02 0.0000e+00
        399 212.986314    0.02764     1.6583     99.500     22.679  49048.351    31.0918     9.3496     22.466    6.56834     9.3341    24.0059   11.86419 4.2375e-02 0.0000e+00
        400 212.986317    0.02771     1.6625     99.750     22.974  49056.176    31.0962     9.3425     22.757    6.56918     9.3291    24.0105   11.86552 4.2247e-02 0.0000e+00
        401 212.986319    0.02778     1.6667    100.000     23.255  49063.172    31.1002     9.3365     23.036    6.56988     9.3252    24.0145   11.86664 4.2186e-02 0.0000e+00
        402 212.986322    0.02785     1.6708    100.250     23.520  49069.292    31.1037     9.3316     23.299    6.57045     9.3222    24.0181   11.86755 4.2189e-02 0.0000e+00
        403 212.986325    0.02792     1.6750    100.500     23.766  49074.546    31.1068     9.3276     23.543    6.57089     9.3201    24.0211   11.86825 4.2182e-02 0.0000e+00
        404 212.986328    0.02799     1.6792    100.750     23.993  49078.937    31.1094     9.3247     23.767    6.57121     9.3186    24.0236   11.86874 4.2166e-02 0.0000e+00
        405 212.986331    0.02806     1.6833    101.000     24.201  49082.432    31.1114     9.3226     23.973    6.57143     9.3175    24.0255   11.86907 4.2162e-02 0.0000e+00
        406 212.986334    0.02813     1.6875    101.250     24.394  49085.136    31.1131     9.3211     24.164    6.57158     9.3167    24.0270   11.86930 4.2166e-02 0.0000e+00
        407 212.986337    0.02819     1.6917    101.500     24.573  49087.229    31.1143     9.3201     24.342    6.57168     9.3161    24.0282   11.86945 4.2165e-02 0.0000e+00
        408 212.986340    0.02826     1.6958    101.750     24.742  49088.695    31.1152     9.3193     24.509    6.57175     9.3156    24.0290   11.86956 4.2157e-02 0.0000e+00
        409 212.986343    0.02833     1.7000    102.000     24.902  49089.578    31.1156     9.3187     24.667    6.57182     9.3152    24.0295   11.86966 4.2143e-02 0.0000e+00
        410 212.986345    0.02840     1.7042    102.250     25.056  49090.204    31.1159     9.3183     24.820    6.57187     9.3148    24.0298   11.86975 4.2123e-02 0.0000e+00
        411 212.986348    0.02847     1.7083    102.500     25.205  49090.780    31.1162     9.3179     24.967    6.57191     9.3143    24.0300   11.86982 4.2108e-02 0.0000e+00
        412 212.986351    0.02854     1.7125    102.750     25.351  49091.206    31.1164     9.3175     25.112    6.57196     9.3136    24.0302   11.86990 4.2093e-02 0.0000e+00
        413 212.986354    0.02861     1.7167    103.000     25.496  49091.459    31.1165     9.3170     25.256    6.57203     9.3126    24.0304   11.87002 4.2076e-02 0.0000e+00
        414 212.986357    0.02868     1.7208    103.250     25.643  49091.631    31.1165     9.3163     25.401    6.57213     9.3112    24.0304   11.87018 4.2074e-02 0.0000e+00
        415 212.986360    0.02875     1.7250    103.500     25.794  49091.655    31.1163     9.3153     25.552    6.57228     9.3090    24.0305   11.87043 4.2081e-02 0.0000e+00
        416 212.986363    0.02882     1.7292    103.750     25.954  49091.360    31.1158     9.3139     25.709    6.57251     9.3058    24.0303   11.87081 4.2090e-02 0.0000e+00
        417 212.986366    0.02889     1.7333    104.000     26.123  49090.647    31.1150     9.3118     25.877    6.57286     9.3012    24.0300   11.87140 4.2103e-02 0.0000e+00
        418 212.986369    0.02896     1.7375    104.250     26.306  49090.108    31.1141     9.3085     26.059    6.57337     9.2956    24.0298   11.87225 4.2103e-02 0.0000e+00
        419 212.986372    0.02903     1.7417    104.500     26.505  49091.232    31.1141     9.3040     26.255    6.57403     9.2896    24.0305   11.87335 4.2099e-02 0.0000e+00
        420 212.986374    0.02910     1.7458    104.750     26.720  49094.721    31.1157     9.2983     26.469    6.57478     9.2838    24.0327   11.87458 4.2107e-02 0.0000e+00
        421 212.986377    0.02917     1.7500    105.000     26.955  49099.719    31.1183     9.2924     26.702    6.57554     9.2785    24.0356   11.87580 4.2117e-02 0.0000e+00
        422 212.986380    0.02924     1.7542    105.250     27.210  49106.097    31.1219     9.2866     26.954    6.57623     9.2744    24.0393   11.87690 4.2145e-02 0.0000e+00
        423 212.986383    0.02931     1.7583    105.500     27.482  49114.629    31.1271     9.2814     27.223    6.57678     9.2718    24.0442   11.87774 4.2200e-02 0.0000e+00
        424 212.986386    0.02937     1.7625    105.750     27.767  49124.099    31.1330     9.2773     27.506    6.57712     9.2706    24.0495   11.87824 4.2263e-02 0.0000e+00
        425 212.986389    0.02944     1.7667    106.000     28.062  49132.230    31.1383     9.2747     27.798    6.57727     9.2701    24.0540   11.87842 4.2348e-02 0.0000e+00
        426 212.986392    0.02951     1.7708    106.250     28.359  49138.154    31.1421     9.2735     28.092    6.57728     9.2697    24.0572   11.87839 4.2460e-02 0.0000e+00
        427 212.986395    0.02958     1.7750    106.500     28.650  49142.337    31.1449     9.2731     28.380    6.57722     9.2689    24.0594   11.87826 4.2522e-02 0.0000e+00
        428 212.986398    0.02965     1.7792    106.750     28.929  49145.983    31.1473     9.2728     28.656    6.57717     9.2674    24.0614   11.87815 4.2502e-02 0.0000e+00
        429 212.986400    0.02972     1.7833    107.000     29.187  49150.195    31.1501     9.2720     28.912    6.57717     9.2649    24.0636   11.87811 4.2421e-02 0.0000e+00
        430 212.986403    0.02979     1.7875    107.250     29.419  49155.613    31.1536     9.2704     29.142    6.57725     9.2618    24.0666   11.87820 4.2305e-02 0.0000e+00
        431 212.986406    0.02986     1.7917    107.500     29.619  49162.655    31.1581     9.2680     29.340    6.57740     9.2582    24.0705   11.87840 4.2215e-02 0.0000e+00
        432 212.986409    0.02993     1.7958    107.750     29.786  49171.212    31.1636     9.2650     29.505    6.57762     9.2545    24.0753   11.87869 4.2173e-02 0.0000e+00
        433 212.986412    0.03000     1.8000    108.000     29.921  49180.801    31.1698     9.2614     29.639    6.57787     9.2513    24.0807   11.87904 4.2149e-02 0.0000e+00
        434 212.986415    0.03007     1.8042    108.250     30.031  49191.234    31.1766     9.2577     29.748    6.57812     9.2491    24.0866   11.87937 4.2123e-02 0.0000e+00
        435 212.986418    0.03014     1.8083    108.500     30.123  49202.615    31.1841     9.2545     29.839    6.57827     9.2481    24.0930   11.87953 4.2094e-02 0.0000e+00
        436 212.986421    0.03021     1.8125    108.750     30.209  49215.548    31.1929     9.2523     29.924    6.57822     9.2485    24.1002   11.87934 4.2069e-02 0.0000e+00
        437 212.986424    0.03028     1.8167    109.000     30.299  49231.674    31.2041     9.2513     30.014    6.57790     9.2508    24.1090   11.87867 4.2051e-02 0.0000e+00
        438 212.986427    0.03035     1.8208    109.250     30.407  49253.221    31.2192     9.2517     30.120    6.57720     9.2562    24.1208   11.87733 4.2036e-02 0.0000e+00
        439 212.986429    0.03042     1.8250    109.500     30.541  49282.555    31.2401     9.2540     30.253    6.57598     9.2665    24.1367   11.87506 4.2022e-02 0.0000e+00
        440 212.986432    0.03049     1.8292    109.750     30.710  49320.141    31.2672     9.2595     30.420    6.57403     9.2824    24.1571   11.87151 4.2010e-02 0.0000e+00
        441 212.986435    0.03056     1.8333    110.000     30.915  49360.571    31.2970     9.2697     30.624    6.57128     9.3034    24.1787   11.86659 4.2014e-02 0.0000e+00
        442 212.986438    0.03062     1.8375    110.250     31.156  49394.852    31.3231     9.2857     30.862    6.56785     9.3278    24.1967   11.86059 4.2036e-02 0.0000e+00
        443 212.986441    0.03069     1.8417    110.500     31.426  49418.560    31.3425     9.3067     31.130    6.56397     9.3543    24.2086   11.85393 4.2066e-02 0.0000e+00
        444 212.986444    0.03076     1.8458    110.750     31.716  49435.646    31.3578     9.3312     31.417    6.55977     9.3830    24.2167   11.84680 4.2114e-02 0.0000e+00
        445 212.986447    0.03083     1.8500    111.000     32.018  49453.390    31.3738     9.3577     31.716    6.55525     9.4146    24.2251   11.83912 4.2182e-02 0.0000e+00
        446 212.986450    0.03090     1.8542    111.250     32.322  49473.739    31.3919     9.3864     32.017    6.55033     9.4485    24.2347   11.83075 4.2220e-02 0.0000e+00
        447 212.986453    0.03097     1.8583    111.500     32.620  49490.384    31.4077     9.4181     32.312    6.54508     9.4821    24.2421   11.82186 4.2212e-02 0.0000e+00
        448 212.986455    0.03104     1.8625    111.750     32.903  49495.339    31.4157     9.4520     32.593    6.53983     9.5121    24.2430   11.81309 4.2196e-02 0.0000e+00
        449 212.986458    0.03111     1.8667    112.000     33.168  49488.416    31.4152     9.4856     32.855    6.53501     9.5371    24.2373   11.80510 4.2192e-02 0.0000e+00
        450 212.986461    0.03118     1.8708    112.250     33.411  49476.380    31.4107     9.5157     33.095    6.53086     9.5574    24.2291   11.79829 4.2193e-02 0.0000e+00
        451 212.986464    0.03125     1.8750    112.500     33.630  49465.679    31.4064     9.5407     33.313    6.52743     9.5742    24.2218   11.79266 4.2198e-02 0.0000e+00
