CTD-processing/allCTD/CNV--turbid/2012_10-28_t6_s02_cast027.cnv
* Sea-Bird SBE19plus Data File:
* FileName = C:\Documents and Settings\kris.holderied.local\My Documents\2012-10-CookInlet-Ocean-LTM\2012-10-28-EVOSTC-CookInletOcean-Tran6-Douglas\2012-10-28-CookInletOcean-Tran6-cast027.hex
* Software Version 1.54
* Temperature SN =  4141
* Conductivity SN =  4141
* System UpLoad Time = Oct 28 2012 19:55:46
** Cook Inlet EVOSTC Transect 6 Douglas line west to east
** Date:   28 Oct 2012
** Station:  6-02
** Start time (AKDT-24 hr):  1843
** Depth (m):  49
** Comment:
# nquan = 16
# nvalues = 539                         
# units = specified
# name 0 = scan: Scan Count
# name 1 = timeJ: Julian Days
# name 2 = timeH: Time, Elapsed [hours]
# name 3 = timeM: Time, Elapsed [minutes]
# name 4 = timeS: Time, Elapsed [seconds]
# name 5 = prdM: Pressure, Strain Gauge [db]
# name 6 = specc: Specific Conductance [uS/cm]
# name 7 = sal00: Salinity, Practical [PSU]
# name 8 = tv290C: Temperature [ITS-90, deg C]
# name 9 = depSM: Depth [salt water, m], lat = 59.00
# name 10 = oxsolML/L: Oxygen Saturation, Garcia & Gordon [ml/l]
# name 11 = potemp090C: Potential Temperature [ITS-90, deg C]
# name 12 = sigma-é00: Density [sigma-theta, kg/m^3]
# name 13 = n2satML/L: Nitrogen Saturation [ml/l]
# name 14 = par: PAR/Irradiance, Biospherical/Licor
# name 15 = flag:  0.000e+00
# span 0 =          1,        539       
# span 1 = 302.779942, 302.781499       
# span 2 =    0.00000,    0.03736       
# span 3 =     0.0000,     2.2417       
# span 4 =      0.000,    134.500       
# span 5 =     -0.064,     41.712       
# span 6 =   1240.961,  48966.762       
# span 7 =     0.6034,    30.8084       
# span 8 =     5.1568,     7.9386       
# span 9 =     -0.063,     41.318       
# span 10 =    6.79355,    8.86349      
# span 11 =     5.1568,     7.9355      
# span 12 =     0.4473,    24.0201      
# span 13 =   12.24084,   16.12345      
# span 14 = 3.6383e-02, 1.1434e+01      
# span 15 = 0.0000e+00, 0.0000e+00      
# interval = seconds: 0.25
# start_time = Oct 28 2012 18:43:07 [Instrument's time stamp, header]
# bad_flag = -9.990e-29
*END*
          1 302.779942    0.00000     0.0000      0.000     -0.055   1240.961     0.6034     5.1606     -0.055    8.86349     5.1633     0.4473   16.12345 1.1434e+01 0.0000e+00
          2 302.779945    0.00007     0.0042      0.250     -0.055   1488.695     0.7302     5.1618     -0.055    8.85576     5.1650     0.5486   16.10839 1.1103e+01 0.0000e+00
          3 302.779948    0.00014     0.0083      0.500     -0.055   1830.195     0.9055     5.1633     -0.055    8.84509     5.1668     0.6886   16.08763 1.0808e+01 0.0000e+00
          4 302.779951    0.00021     0.0125      0.750     -0.055   2210.141     1.1019     5.1650     -0.055    8.83317     5.1685     0.8454   16.06441 1.0538e+01 0.0000e+00
          5 302.779954    0.00028     0.0167      1.000     -0.056   2581.071     1.2950     5.1668     -0.055    8.82142     5.1703     0.9995   16.04155 1.0088e+01 0.0000e+00
          6 302.779957    0.00035     0.0208      1.250     -0.056   2891.764     1.4576     5.1685     -0.055    8.81147     5.1720     1.1291   16.02221 9.2152e+00 0.0000e+00
          7 302.779959    0.00042     0.0250      1.500     -0.056   3094.705     1.5640     5.1703     -0.055    8.80483     5.1737     1.2139   16.00933 8.0327e+00 0.0000e+00
          8 302.779962    0.00049     0.0292      1.750     -0.056   3203.655     1.6210     5.1720     -0.056    8.80109     5.1753     1.2594   16.00212 6.9151e+00 0.0000e+00
          9 302.779965    0.00056     0.0333      2.000     -0.056   3246.451     1.6432     5.1737     -0.056    8.79940     5.1769     1.2771   15.99892 6.2368e+00 0.0000e+00
         10 302.779968    0.00063     0.0375      2.250     -0.056   3214.401     1.6257     5.1753     -0.055    8.80004     5.1785     1.2632   16.00028 6.0212e+00 0.0000e+00
         11 302.779971    0.00069     0.0417      2.500     -0.055   3122.732     1.5767     5.1769     -0.055    8.80255     5.1801     1.2241   16.00529 5.7913e+00 0.0000e+00
         12 302.779974    0.00076     0.0458      2.750     -0.054   3032.895     1.5287     5.1785     -0.054    8.80501     5.1816     1.1858   16.01019 5.3313e+00 0.0000e+00
         13 302.779977    0.00083     0.0500      3.000     -0.054   2982.129     1.5016     5.1801     -0.054    8.80625     5.1830     1.1641   16.01271 4.9575e+00 0.0000e+00
         14 302.779980    0.00090     0.0542      3.250     -0.054   2961.709     1.4907     5.1816     -0.054    8.80655     5.1845     1.1554   16.01339 4.9789e+00 0.0000e+00
         15 302.779983    0.00097     0.0583      3.500     -0.055   2952.404     1.4857     5.1830     -0.055    8.80651     5.1859     1.1514   16.01340 5.3223e+00 0.0000e+00
         16 302.779986    0.00104     0.0625      3.750     -0.055   2943.064     1.4808     5.1845     -0.055    8.80647     5.1873     1.1475   16.01341 5.6629e+00 0.0000e+00
         17 302.779988    0.00111     0.0667      4.000     -0.056   2925.247     1.4715     5.1859     -0.056    8.80669     5.1887     1.1400   16.01394 5.8222e+00 0.0000e+00
         18 302.779991    0.00118     0.0708      4.250     -0.058   2892.386     1.4542     5.1873     -0.057    8.80738     5.1901     1.1262   16.01538 6.0082e+00 0.0000e+00
         19 302.779994    0.00125     0.0750      4.500     -0.059   2858.804     1.4367     5.1887     -0.058    8.80810     5.1914     1.1123   16.01686 6.4892e+00 0.0000e+00
         20 302.779997    0.00132     0.0792      4.750     -0.059   2862.149     1.4390     5.1901     -0.058    8.80767     5.1927     1.1140   16.01611 7.1223e+00 0.0000e+00
         21 302.780000    0.00139     0.0833      5.000     -0.060   2942.317     1.4820     5.1914     -0.059    8.80485     5.1940     1.1482   16.01069 7.6524e+00 0.0000e+00
         22 302.780003    0.00146     0.0875      5.250     -0.061   3126.615     1.5805     5.1927     -0.060    8.79880     5.1952     1.2266   15.99893 7.9870e+00 0.0000e+00
         23 302.780006    0.00153     0.0917      5.500     -0.061   3394.733     1.7238     5.1940     -0.060    8.79013     5.1963     1.3407   15.98206 8.1542e+00 0.0000e+00
         24 302.780009    0.00160     0.0958      5.750     -0.061   3647.381     1.8591     5.1952     -0.060    8.78195     5.1973     1.4485   15.96614 8.2514e+00 0.0000e+00
         25 302.780012    0.00167     0.1000      6.000     -0.061   3774.606     1.9271     5.1963     -0.060    8.77772     5.1980     1.5026   15.95794 8.3197e+00 0.0000e+00
         26 302.780014    0.00174     0.1042      6.250     -0.061   3785.352     1.9325     5.1973     -0.060    8.77718     5.1984     1.5069   15.95695 8.3745e+00 0.0000e+00
         27 302.780017    0.00181     0.1083      6.500     -0.061   3799.058     1.9397     5.1980     -0.060    8.77659     5.1984     1.5127   15.95584 8.4073e+00 0.0000e+00
         28 302.780020    0.00187     0.1125      6.750     -0.062   3860.248     1.9727     5.1984     -0.061    8.77457     5.1979     1.5389   15.95191 8.3711e+00 0.0000e+00
         29 302.780023    0.00194     0.1167      7.000     -0.063   3874.459     1.9805     5.1984     -0.062    8.77412     5.1968     1.5451   15.95104 8.2413e+00 0.0000e+00
         30 302.780026    0.00201     0.1208      7.250     -0.063   3767.460     1.9229     5.1979     -0.062    8.77760     5.1951     1.4992   15.95781 7.9991e+00 0.0000e+00
         31 302.780029    0.00208     0.1250      7.500     -0.063   3572.858     1.8182     5.1968     -0.062    8.78396     5.1927     1.4159   15.97018 7.5970e+00 0.0000e+00
         32 302.780032    0.00215     0.1292      7.750     -0.063   3366.535     1.7075     5.1951     -0.062    8.79082     5.1896     1.3278   15.98348 7.1297e+00 0.0000e+00
         33 302.780035    0.00222     0.1333      8.000     -0.064   3207.234     1.6221     5.1927     -0.063    8.79635     5.1861     1.2599   15.99415 6.8729e+00 0.0000e+00
         34 302.780038    0.00229     0.1375      8.250     -0.064   3114.875     1.5727     5.1896     -0.063    8.79995     5.1824     1.2205   16.00097 6.9162e+00 0.0000e+00
         35 302.780041    0.00236     0.1417      8.500     -0.064   3064.377     1.5457     5.1861     -0.063    8.80233     5.1788     1.1991   16.00541 6.9957e+00 0.0000e+00
         36 302.780043    0.00243     0.1458      8.750     -0.063   3016.577     1.5203     5.1824     -0.062    8.80465     5.1753     1.1789   16.00972 6.9198e+00 0.0000e+00
         37 302.780046    0.00250     0.1500      9.000     -0.063   2953.037     1.4867     5.1788     -0.062    8.80744     5.1718     1.1523   16.01495 6.8939e+00 0.0000e+00
         38 302.780049    0.00257     0.1542      9.250     -0.063   2873.050     1.4447     5.1753     -0.062    8.81071     5.1683     1.1188   16.02112 7.0325e+00 0.0000e+00
         39 302.780052    0.00264     0.1583      9.500     -0.063   2781.270     1.3967     5.1718     -0.062    8.81432     5.1648     1.0807   16.02798 7.1424e+00 0.0000e+00
         40 302.780055    0.00271     0.1625      9.750     -0.063   2685.426     1.3471     5.1683     -0.062    8.81806     5.1614     1.0411   16.03508 7.1312e+00 0.0000e+00
         41 302.780058    0.00278     0.1667     10.000     -0.063   2597.568     1.3025     5.1648     -0.062    8.82155     5.1586     1.0055   16.04168 7.0155e+00 0.0000e+00
         42 302.780061    0.00285     0.1708     10.250     -0.063   2530.391     1.2698     5.1614     -0.062    8.82435     5.1569     0.9794   16.04695 6.8376e+00 0.0000e+00
         43 302.780064    0.00292     0.1750     10.500     -0.062   2495.187     1.2559     5.1586     -0.061    8.82600     5.1568     0.9680   16.05001 6.6814e+00 0.0000e+00
         44 302.780067    0.00299     0.1792     10.750     -0.062   2505.020     1.2686     5.1569     -0.061    8.82596     5.1591     0.9777   16.04984 6.5697e+00 0.0000e+00
         45 302.780069    0.00306     0.1833     11.000     -0.061   2580.751     1.3208     5.1568     -0.060    8.82344     5.1652     1.0186   16.04494 6.4739e+00 0.0000e+00
         46 302.780072    0.00313     0.1875     11.250     -0.059   2759.151     1.4352     5.1591     -0.058    8.81708     5.1773     1.1084   16.03271 6.3640e+00 0.0000e+00
         47 302.780075    0.00319     0.1917     11.500     -0.057   3097.770     1.6475     5.1652     -0.056    8.80472     5.1989     1.2753   16.00899 6.2260e+00 0.0000e+00
         48 302.780078    0.00326     0.1958     11.750     -0.052   3689.794     2.0157     5.1773     -0.051    8.78281     5.2363     1.5650   15.96705 6.0662e+00 0.0000e+00
         49 302.780081    0.00333     0.2000     12.000     -0.044   4699.541     2.6414     5.1989     -0.044    8.74524     5.2997     2.0573   15.89517 5.8781e+00 0.0000e+00
         50 302.780084    0.00340     0.2042     12.250     -0.032   6410.418     3.6987     5.2363     -0.031    8.68148     5.4059     2.8895   15.77323 5.6165e+00 0.0000e+00
         51 302.780087    0.00347     0.2083     12.500     -0.011   9295.163     5.4783     5.2997     -0.011    8.57397     5.5832     4.2902   15.56762 5.2457e+00 0.0000e+00
         52 302.780090    0.00354     0.2125     12.750      0.024  14140.918     8.4639     5.4060      0.024    8.39347     5.8551     6.6404   15.22240 4.7503e+00 0.0000e+00
         53 302.780093    0.00361     0.2167     13.000      0.079  21425.740    12.9896     5.5832      0.078    8.11848     6.2027    10.2002   14.69750 4.0795e+00 0.0000e+00
         54 302.780095    0.00368     0.2208     13.250      0.160  29994.908    18.4120     5.8551      0.158    7.78320     6.5691    14.4560   14.06082 3.3510e+00 0.0000e+00
         55 302.780098    0.00375     0.2250     13.500      0.265  37425.341    23.2026     6.2027      0.263    7.47314     6.9046    18.2012   13.47703 2.8551e+00 0.0000e+00
         56 302.780101    0.00382     0.2292     13.750      0.393  42310.996    26.3905     6.5691      0.389    7.24579     7.1814    20.6762   13.05418 2.5091e+00 0.0000e+00
         57 302.780104    0.00389     0.2333     14.000      0.535  45078.348    28.2091     6.9046      0.530    7.09520     7.3898    22.0720   12.77818 2.0439e+00 0.0000e+00
         58 302.780107    0.00396     0.2375     14.250      0.680  46612.917    29.2253     7.1814      0.674    6.99628     7.5345    22.8405   12.59936 1.5660e+00 0.0000e+00
         59 302.780110    0.00403     0.2417     14.500      0.815  47444.095    29.7796     7.3899      0.808    6.93276     7.6264    23.2523   12.48587 1.2423e+00 0.0000e+00
         60 302.780113    0.00410     0.2458     14.750      0.924  47883.513    30.0740     7.5346      0.916    6.89329     7.6780    23.4668   12.41599 1.0406e+00 0.0000e+00
         61 302.780116    0.00417     0.2500     15.000      1.000  48124.953    30.2360     7.6265      0.990    6.86947     7.7037    23.5832   12.37403 9.0993e-01 0.0000e+00
         62 302.780119    0.00424     0.2542     15.250      1.040  48283.771    30.3423     7.6781      1.030    6.85532     7.7191    23.6608   12.34897 8.3230e-01 0.0000e+00
         63 302.780122    0.00431     0.2583     15.500      1.054  48416.498    30.4313     7.7038      1.044    6.84652     7.7360    23.7278   12.33312 7.8660e-01 0.0000e+00
         64 302.780124    0.00438     0.2625     15.750      1.056  48536.230    30.5126     7.7192      1.046    6.84000     7.7576    23.7900   12.32121 7.5237e-01 0.0000e+00
         65 302.780127    0.00444     0.2667     16.000      1.063  48625.561    30.5748     7.7361      1.052    6.83431     7.7810    23.8367   12.31094 7.2530e-01 0.0000e+00
         66 302.780130    0.00451     0.2708     16.250      1.085  48670.949    30.6082     7.7577      1.074    6.82927     7.8020    23.8601   12.30214 7.0300e-01 0.0000e+00
         67 302.780133    0.00458     0.2750     16.500      1.127  48681.096    30.6179     7.7811      1.116    6.82508     7.8185    23.8646   12.29507 6.8184e-01 0.0000e+00
         68 302.780136    0.00465     0.2792     16.750      1.188  48673.242    30.6151     7.8021      1.176    6.82188     7.8306    23.8595   12.28978 6.6528e-01 0.0000e+00
         69 302.780139    0.00472     0.2833     17.000      1.261  48662.854    30.6100     7.8187      1.249    6.81950     7.8395    23.8533   12.28589 6.5600e-01 0.0000e+00
         70 302.780142    0.00479     0.2875     17.250      1.341  48658.790    30.6088     7.8308      1.328    6.81765     7.8462    23.8508   12.28284 6.5015e-01 0.0000e+00
         71 302.780145    0.00486     0.2917     17.500      1.422  48659.498    30.6105     7.8396      1.409    6.81618     7.8516    23.8509   12.28039 6.4225e-01 0.0000e+00
         72 302.780148    0.00493     0.2958     17.750      1.498  48660.540    30.6122     7.8463      1.484    6.81505     7.8562    23.8513   12.27849 6.3299e-01 0.0000e+00
         73 302.780150    0.00500     0.3000     18.000      1.560  48662.275    30.6142     7.8518      1.545    6.81411     7.8603    23.8521   12.27691 6.2795e-01 0.0000e+00
         74 302.780153    0.00507     0.3042     18.250      1.602  48667.247    30.6183     7.8564      1.587    6.81321     7.8642    23.8547   12.27537 6.2790e-01 0.0000e+00
         75 302.780156    0.00514     0.3083     18.500      1.620  48674.847    30.6242     7.8605      1.605    6.81231     7.8681    23.8588   12.27381 6.2906e-01 0.0000e+00
         76 302.780159    0.00521     0.3125     18.750      1.616  48681.596    30.6296     7.8644      1.601    6.81147     7.8719    23.8624   12.27236 6.3118e-01 0.0000e+00
         77 302.780162    0.00528     0.3167     19.000      1.595  48685.065    30.6326     7.8683      1.580    6.81073     7.8750    23.8643   12.27109 6.3512e-01 0.0000e+00
         78 302.780165    0.00535     0.3208     19.250      1.560  48685.621    30.6336     7.8720      1.546    6.81011     7.8774    23.8645   12.27005 6.3777e-01 0.0000e+00
         79 302.780168    0.00542     0.3250     19.500      1.521  48684.681    30.6334     7.8752      1.507    6.80963     7.8790    23.8640   12.26925 6.3931e-01 0.0000e+00
         80 302.780171    0.00549     0.3292     19.750      1.484  48683.117    30.6327     7.8775      1.470    6.80929     7.8798    23.8631   12.26871 6.4466e-01 0.0000e+00
         81 302.780174    0.00556     0.3333     20.000      1.455  48681.634    30.6319     7.8791      1.441    6.80908     7.8802    23.8623   12.26837 6.5289e-01 0.0000e+00
         82 302.780177    0.00562     0.3375     20.250      1.440  48681.183    30.6317     7.8800      1.426    6.80895     7.8804    23.8620   12.26816 6.5927e-01 0.0000e+00
         83 302.780179    0.00569     0.3417     20.500      1.440  48682.409    30.6326     7.8803      1.427    6.80886     7.8810    23.8626   12.26800 6.6424e-01 0.0000e+00
         84 302.780182    0.00576     0.3458     20.750      1.457  48685.110    30.6345     7.8805      1.444    6.80874     7.8824    23.8641   12.26778 6.7184e-01 0.0000e+00
         85 302.780185    0.00583     0.3500     21.000      1.486  48688.458    30.6370     7.8811      1.472    6.80854     7.8844    23.8659   12.26741 6.8329e-01 0.0000e+00
         86 302.780188    0.00590     0.3542     21.250      1.522  48690.767    30.6388     7.8825      1.508    6.80825     7.8867    23.8671   12.26691 6.9688e-01 0.0000e+00
         87 302.780191    0.00597     0.3583     21.500      1.560  48691.002    30.6392     7.8845      1.545    6.80792     7.8890    23.8672   12.26635 7.1152e-01 0.0000e+00
         88 302.780194    0.00604     0.3625     21.750      1.592  48690.024    30.6389     7.8868      1.577    6.80757     7.8908    23.8666   12.26579 7.2490e-01 0.0000e+00
         89 302.780197    0.00611     0.3667     22.000      1.615  48689.085    30.6386     7.8891      1.600    6.80723     7.8922    23.8661   12.26523 7.2431e-01 0.0000e+00
         90 302.780200    0.00618     0.3708     22.250      1.626  48688.375    30.6384     7.8910      1.611    6.80695     7.8930    23.8656   12.26477 7.0397e-01 0.0000e+00
