CTD-processing/allCTD/CNV--turbid/2012_06-05b_t4_s08b_cast111.cnv
* Sea-Bird SBE19plus Data File:
* FileName = C:\Documents and Settings\glenn.seaman\My Documents\KHolderied-files\CTD-DATA-FILES\2012-CTD-KachemakBay\2012-06-05b-CTD-Tran4-Barabara-to-BluffPt\2012-06-05b-Tran4-Barabara-cast111.hex
* Software Version 1.59
* Temperature SN =  5028
* Conductivity SN =  5028
* System UpLoad Time = Jun 26 2012 23:56:28
** LTM-Transect4-BarabaraPt-to-BluffPt
** Date: 2012-06-05 High tide (2 of 2 lines)
** Station: 4-08b
** Start time (AKDT-24hr): 1711
** Depth (ft): 107
** West wind 10 kts.  Seas 2-3 ft.
# nquan = 16
# nvalues = 497                         
# units = specified
# name 0 = scan: Scan Count
# name 1 = timeJ: Julian Days
# name 2 = timeH: Time, Elapsed [hours]
# name 3 = timeM: Time, Elapsed [minutes]
# name 4 = timeS: Time, Elapsed [seconds]
# name 5 = prdM: Pressure, Strain Gauge [db]
# name 6 = specc: Specific Conductance [uS/cm]
# name 7 = sal00: Salinity, Practical [PSU]
# name 8 = tv290C: Temperature [ITS-90, deg C]
# name 9 = depSM: Depth [salt water, m], lat = 59.00
# name 10 = oxsolML/L: Oxygen Saturation, Garcia & Gordon [ml/l]
# name 11 = potemp090C: Potential Temperature [ITS-90, deg C]
# name 12 = sigma-é00: Density [sigma-theta, kg/m^3]
# name 13 = n2satML/L: Nitrogen Saturation [ml/l]
# name 14 = par: PAR/Irradiance, Biospherical/Licor [umol photons/m^2/sec]
# name 15 = flag:  0.000e+00
# span 0 =          1,        497       
# span 1 = 157.716227, 157.717662       
# span 2 =    0.00000,    0.03444       
# span 3 =     0.0000,     2.0667       
# span 4 =      0.000,    124.000       
# span 5 =     -0.065,     31.703       
# span 6 =    111.594,  50770.601       
# span 7 =     0.0513,    31.7202       
# span 8 =     5.8980,     7.9049       
# span 9 =     -0.064,     31.405       
# span 10 =    6.76031,    8.35669      
# span 11 =     5.8955,     7.9048      
# span 12 =    -0.0878,    24.9742      
# span 13 =   12.17515,   15.27974      
# span 14 = 2.6571e-01, 9.7128e+02      
# span 15 = 0.0000e+00, 0.0000e+00      
# interval = seconds: 0.25
# start_time = Jun 05 2012 17:11:22 [Instrument's time stamp, header]
# bad_flag = -9.990e-29
*END*
[from data line 452]
        453 157.717535    0.03139     1.8833    113.000     19.829  50734.911    31.7113     5.9492     19.643    7.06964     5.9434    24.9610   12.68564 2.7544e+00 0.0000e+00
        454 157.717538    0.03146     1.8875    113.250     20.109  50736.526    31.7118     5.9470     19.921    7.06998     5.9416    24.9617   12.68620 2.6118e+00 0.0000e+00
        455 157.717541    0.03153     1.8917    113.500     20.395  50737.811    31.7122     5.9451     20.204    7.07029     5.9399    24.9622   12.68670 2.4725e+00 0.0000e+00
        456 157.717543    0.03160     1.8958    113.750     20.697  50738.657    31.7123     5.9433     20.503    7.07058     5.9380    24.9625   12.68718 2.3318e+00 0.0000e+00
        457 157.717546    0.03167     1.9000    114.000     21.018  50739.099    31.7121     5.9415     20.820    7.07088     5.9358    24.9626   12.68768 2.1902e+00 0.0000e+00
        458 157.717549    0.03174     1.9042    114.250     21.352  50739.463    31.7118     5.9396     21.151    7.07121     5.9333    24.9626   12.68823 2.0516e+00 0.0000e+00
        459 157.717552    0.03181     1.9083    114.500     21.688  50740.131    31.7117     5.9375     21.484    7.07157     5.9306    24.9627   12.68883 1.9216e+00 0.0000e+00
        460 157.717555    0.03188     1.9125    114.750     22.014  50741.206    31.7118     5.9350     21.808    7.07197     5.9277    24.9631   12.68949 1.8046e+00 0.0000e+00
        461 157.717558    0.03194     1.9167    115.000     22.324  50742.279    31.7118     5.9324     22.114    7.07241     5.9244    24.9635   12.69021 1.7020e+00 0.0000e+00
        462 157.717561    0.03201     1.9208    115.250     22.616  50742.828    31.7115     5.9296     22.403    7.07290     5.9205    24.9636   12.69103 1.6116e+00 0.0000e+00
        463 157.717564    0.03208     1.9250    115.500     22.898  50743.340    31.7111     5.9262     22.682    7.07347     5.9164    24.9636   12.69199 1.5286e+00 0.0000e+00
        464 157.717567    0.03215     1.9292    115.750     23.182  50745.046    31.7113     5.9224     22.964    7.07410     5.9127    24.9643   12.69302 1.4478e+00 0.0000e+00
        465 157.717569    0.03222     1.9333    116.000     23.482  50748.098    31.7125     5.9183     23.261    7.07472     5.9096    24.9657   12.69403 1.3664e+00 0.0000e+00
        466 157.717572    0.03229     1.9375    116.250     23.801  50751.659    31.7141     5.9146     23.577    7.07527     5.9072    24.9674   12.69492 1.2845e+00 0.0000e+00
        467 157.717575    0.03236     1.9417    116.500     24.137  50755.024    31.7156     5.9115     23.910    7.07571     5.9054    24.9690   12.69563 1.2035e+00 0.0000e+00
        468 157.717578    0.03243     1.9458    116.750     24.483  50757.759    31.7169     5.9091     24.252    7.07605     5.9040    24.9703   12.69617 1.1260e+00 0.0000e+00
        469 157.717581    0.03250     1.9500    117.000     24.825  50759.709    31.7177     5.9073     24.591    7.07630     5.9028    24.9711   12.69658 1.0548e+00 0.0000e+00
        470 157.717584    0.03257     1.9542    117.250     25.150  50761.115    31.7183     5.9059     24.913    7.07651     5.9019    24.9717   12.69690 9.9255e-01 0.0000e+00
        471 157.717587    0.03264     1.9583    117.500     25.450  50762.324    31.7187     5.9048     25.211    7.07668     5.9011    24.9722   12.69718 9.3928e-01 0.0000e+00
        472 157.717590    0.03271     1.9625    117.750     25.730  50763.323    31.7191     5.9038     25.488    7.07682     5.9004    24.9726   12.69741 8.9263e-01 0.0000e+00
        473 157.717593    0.03278     1.9667    118.000     26.003  50764.033    31.7193     5.9031     25.758    7.07693     5.9000    24.9729   12.69760 8.4898e-01 0.0000e+00
        474 157.717595    0.03285     1.9708    118.250     26.287  50764.550    31.7194     5.9025     26.039    7.07703     5.8996    24.9731   12.69775 8.0529e-01 0.0000e+00
        475 157.717598    0.03292     1.9750    118.500     26.592  50764.999    31.7195     5.9020     26.342    7.07710     5.8994    24.9732   12.69787 7.6045e-01 0.0000e+00
        476 157.717601    0.03299     1.9792    118.750     26.917  50765.480    31.7196     5.9017     26.664    7.07715     5.8992    24.9733   12.69794 7.1518e-01 0.0000e+00
        477 157.717604    0.03306     1.9833    119.000     27.253  50765.987    31.7198     5.9015     26.996    7.07718     5.8992    24.9735   12.69799 6.7136e-01 0.0000e+00
        478 157.717607    0.03313     1.9875    119.250     27.585  50766.436    31.7199     5.9014     27.325    7.07719     5.8992    24.9736   12.69801 6.3110e-01 0.0000e+00
        479 157.717610    0.03319     1.9917    119.500     27.904  50766.763    31.7200     5.9014     27.641    7.07719     5.8992    24.9737   12.69801 5.9572e-01 0.0000e+00
        480 157.717613    0.03326     1.9958    119.750     28.203  50766.912    31.7199     5.9014     27.937    7.07719     5.8991    24.9736   12.69801 5.6516e-01 0.0000e+00
        481 157.717616    0.03333     2.0000    120.000     28.482  50766.837    31.7198     5.9014     28.214    7.07720     5.8989    24.9735   12.69803 5.3815e-01 0.0000e+00
        482 157.717619    0.03340     2.0042    120.250     28.751  50766.579    31.7194     5.9014     28.480    7.07722     5.8986    24.9732   12.69807 5.1311e-01 0.0000e+00
        483 157.717622    0.03347     2.0083    120.500     29.022  50766.304    31.7191     5.9012     28.749    7.07726     5.8983    24.9730   12.69814 4.8871e-01 0.0000e+00
        484 157.717624    0.03354     2.0125    120.750     29.306  50766.203    31.7188     5.9010     29.030    7.07731     5.8978    24.9728   12.69823 4.6421e-01 0.0000e+00
        485 157.717627    0.03361     2.0167    121.000     29.604  50766.337    31.7187     5.9006     29.325    7.07738     5.8973    24.9727   12.69834 4.3967e-01 0.0000e+00
        486 157.717630    0.03368     2.0208    121.250     29.910  50766.679    31.7187     5.9002     29.629    7.07745     5.8968    24.9728   12.69846 4.1583e-01 0.0000e+00
        487 157.717633    0.03375     2.0250    121.500     30.213  50767.238    31.7188     5.8997     29.929    7.07752     5.8965    24.9730   12.69857 3.9381e-01 0.0000e+00
        488 157.717636    0.03382     2.0292    121.750     30.498  50767.986    31.7191     5.8993     30.211    7.07759     5.8962    24.9733   12.69867 3.7466e-01 0.0000e+00
        489 157.717639    0.03389     2.0333    122.000     30.750  50768.747    31.7195     5.8989     30.460    7.07763     5.8960    24.9736   12.69874 3.5882e-01 0.0000e+00
        490 157.717642    0.03396     2.0375    122.250     30.962  50769.296    31.7197     5.8987     30.670    7.07766     5.8959    24.9738   12.69879 3.4550e-01 0.0000e+00
        491 157.717645    0.03403     2.0417    122.500     31.144  50769.542    31.7197     5.8985     30.850    7.07768     5.8958    24.9739   12.69882 3.3302e-01 0.0000e+00
        492 157.717648    0.03410     2.0458    122.750     31.306  50769.562    31.7197     5.8984     31.012    7.07770     5.8957    24.9738   12.69885 3.2021e-01 0.0000e+00
        493 157.717650    0.03417     2.0500    123.000     31.449  50769.581    31.7196     5.8983     31.153    7.07772     5.8956    24.9737   12.69889 3.0680e-01 0.0000e+00
        494 157.717653    0.03424     2.0542    123.250     31.562  50769.792    31.7197     5.8982     31.265    7.07774     5.8955    24.9738   12.69891 2.9340e-01 0.0000e+00
        495 157.717656    0.03431     2.0583    123.500     31.642  50770.158    31.7199     5.8981     31.344    7.07774     5.8955    24.9740   12.69893 2.8062e-01 0.0000e+00
        496 157.717659    0.03438     2.0625    123.750     31.688  50770.481    31.7201     5.8980     31.390    7.07774 -9.990e-29    24.9741   12.69892 2.7005e-01 0.0000e+00
        497 157.717662    0.03444     2.0667    124.000     31.703  50770.601    31.7202     5.8980     31.405    7.07774 -9.990e-29    24.9742   12.69892 2.6571e-01 0.0000e+00
