CTD-processing/allCTD/CNV--turbid/2012_07-30_t7_s23_cast059.cnv
* Sea-Bird SBE19plus Data File:
* FileName = C:\Documents and Settings\kris.holderied.local\My Documents\2012-07-EVOS-CookInlet-Ocean\2012-07-CookInlet-Tran7-Augustine\2012-07-30-CookInlet-Tran7-cast059.hex
* Software Version 1.54
* Temperature SN =  4141
* Conductivity SN =  4141
* System UpLoad Time = Jul 31 2012 07:46:47
** Cook Inlet LTM Transect 7 -partial, East to West
** Date:  2012-07-30
** Station:  7-23
** Start time (AKDT-24 hr): 0654
** Depth (m): 48
** Comment: Good coffee! Secchi=8.5 Compromised by high waves.
# nquan = 16
# nvalues = 543                         
# units = specified
# name 0 = scan: Scan Count
# name 1 = timeJ: Julian Days
# name 2 = timeH: Time, Elapsed [hours]
# name 3 = timeM: Time, Elapsed [minutes]
# name 4 = timeS: Time, Elapsed [seconds]
# name 5 = prdM: Pressure, Strain Gauge [db]
# name 6 = specc: Specific Conductance [uS/cm]
# name 7 = sal00: Salinity, Practical [PSU]
# name 8 = tv290C: Temperature [ITS-90, deg C]
# name 9 = depSM: Depth [salt water, m], lat = 59.00
# name 10 = oxsolML/L: Oxygen Saturation, Garcia & Gordon [ml/l]
# name 11 = potemp090C: Potential Temperature [ITS-90, deg C]
# name 12 = sigma-é00: Density [sigma-theta, kg/m^3]
# name 13 = n2satML/L: Nitrogen Saturation [ml/l]
# name 14 = par: PAR/Irradiance, Biospherical/Licor
# name 15 = flag:  0.000e+00
# span 0 =          1,        543       
# span 1 = 212.287199, 212.288767       
# span 2 =    0.00000,    0.03764       
# span 3 =     0.0000,     2.2583       
# span 4 =      0.000,    135.500       
# span 5 =     -0.092,     45.660       
# span 6 =    344.474,  49443.918       
# span 7 =     0.1912,    31.3955       
# span 8 =     9.2408,    13.9340       
# span 9 =     -0.091,     45.228       
# span 10 =    6.50305,    7.21371      
# span 11 =     9.2388,    13.9302      
# span 12 =    -0.5966,    24.2239      
# span 13 =   11.75588,   13.34483      
# span 14 = 7.1815e-02, 9.5679e+00      
# span 15 = 0.0000e+00, 0.0000e+00      
# interval = seconds: 0.25
# start_time = Jul 30 2012 06:53:34 [Instrument's time stamp, header]
# bad_flag = -9.990e-29
*END*
          1 212.287199    0.00000     0.0000      0.000     -0.092    344.474     0.1912    13.9340     -0.091    7.21371    13.9302    -0.5966   13.34483 9.5679e+00 0.0000e+00
          2 212.287202    0.00007     0.0042      0.250     -0.091    453.742     0.2614    13.9333     -0.090    7.21080    13.9221    -0.5423   13.33901 9.4848e+00 0.0000e+00
          3 212.287205    0.00014     0.0083      0.500     -0.089    634.305     0.3776    13.9302     -0.088    7.20626    13.9046    -0.4521   13.32989 9.3700e+00 0.0000e+00
          4 212.287208    0.00021     0.0125      0.750     -0.087    932.487     0.5699    13.9221     -0.086    7.19927    13.8714    -0.3023   13.31565 9.2408e+00 0.0000e+00
          5 212.287211    0.00028     0.0167      1.000     -0.082   1426.003     0.8889    13.9046     -0.082    7.18830    13.8126    -0.0535   13.29310 9.1142e+00 0.0000e+00
          6 212.287214    0.00035     0.0208      1.250     -0.075   2244.932     1.4189    13.8714     -0.075    7.17073    13.7120     0.3606   13.25676 8.9919e+00 0.0000e+00
          7 212.287216    0.00042     0.0250      1.500     -0.064   3606.123     2.3005    13.8126     -0.063    7.14209    13.5428     1.0498   13.19731 8.8737e+00 0.0000e+00
          8 212.287219    0.00049     0.0292      1.750     -0.044   5870.315     3.7678    13.7120     -0.044    7.09484    13.2597     2.1972   13.09909 8.7758e+00 0.0000e+00
          9 212.287222    0.00056     0.0333      2.000     -0.012   9638.165     6.2104    13.5428     -0.012    7.01647    12.8090     4.1075   12.93605 8.6797e+00 0.0000e+00
         10 212.287225    0.00063     0.0375      2.250      0.041  16040.515    10.2863    13.2597      0.041    6.88581    12.2004     7.2954   12.66418 8.5397e+00 0.0000e+00
         11 212.287228    0.00069     0.0417      2.500      0.120  24809.363    15.7935    12.8090      0.119    6.71918    11.5422    11.6157   12.31386 8.3222e+00 0.0000e+00
         12 212.287231    0.00076     0.0458      2.750      0.219  33050.280    20.9867    12.2004      0.217    6.58819    10.9494    15.7236   12.02797 7.9665e+00 0.0000e+00
         13 212.287234    0.00083     0.0500      3.000      0.328  38842.888    24.6632    11.5422      0.325    6.52727    10.4753    18.6726   11.87900 7.3874e+00 0.0000e+00
         14 212.287237    0.00090     0.0542      3.250      0.441  42585.020    27.0347    10.9494      0.437    6.51140    10.1243    20.6043   11.82197 6.6552e+00 0.0000e+00
         15 212.287240    0.00097     0.0583      3.500      0.557  45003.585    28.5654    10.4753      0.552    6.51417     9.8776    21.8666   11.80683 6.0188e+00 0.0000e+00
         16 212.287242    0.00104     0.0625      3.750      0.674  46561.027    29.5503    10.1243      0.667    6.52256     9.7103    22.6865   11.80809 5.5924e+00 0.0000e+00
         17 212.287245    0.00111     0.0667      4.000      0.786  47560.654    30.1823     9.8776      0.778    6.53105     9.5994    23.2163   11.81409 5.2795e+00 0.0000e+00
         18 212.287248    0.00118     0.0708      4.250      0.889  48199.853    30.5867     9.7103      0.881    6.53788     9.5272    23.5568   11.82025 4.9949e+00 0.0000e+00
         19 212.287251    0.00125     0.0750      4.500      0.982  48601.802    30.8409     9.5995      0.973    6.54299     9.4805    23.7718   11.82549 4.7790e+00 0.0000e+00
         20 212.287254    0.00132     0.0792      4.750      1.060  48844.210    30.9936     9.5273      1.050    6.54689     9.4504    23.9018   11.83002 4.6574e+00 0.0000e+00
         21 212.287257    0.00139     0.0833      5.000      1.124  48980.431    31.0782     9.4807      1.114    6.55000     9.4313    23.9749   11.83409 4.5652e+00 0.0000e+00
         22 212.287260    0.00146     0.0875      5.250      1.177  49053.461    31.1226     9.4506      1.167    6.55245     9.4199    24.0141   11.83756 4.4718e+00 0.0000e+00
         23 212.287263    0.00153     0.0917      5.500      1.224  49104.546    31.1542     9.4315      1.213    6.55385     9.4130    24.0417   11.83949 4.4047e+00 0.0000e+00
         24 212.287266    0.00160     0.0958      5.750      1.264  49149.035    31.1829     9.4200      1.252    6.55428     9.4081    24.0658   11.83984 4.3821e+00 0.0000e+00
         25 212.287269    0.00167     0.1000      6.000      1.293  49170.965    31.1967     9.4131      1.281    6.55469     9.4047    24.0777   11.84034 4.3750e+00 0.0000e+00
         26 212.287271    0.00174     0.1042      6.250      1.314  49164.978    31.1914     9.4083      1.302    6.55561     9.4027    24.0743   11.84192 4.3501e+00 0.0000e+00
         27 212.287274    0.00181     0.1083      6.500      1.329  49145.018    31.1767     9.4048      1.317    6.55673     9.4018    24.0633   11.84396 4.3352e+00 0.0000e+00
         28 212.287277    0.00187     0.1125      6.750      1.341  49123.040    31.1608     9.4029      1.328    6.55768     9.4007    24.0512   11.84571 4.3673e+00 0.0000e+00
         29 212.287280    0.00194     0.1167      7.000      1.353  49104.005    31.1472     9.4020      1.340    6.55838     9.3983    24.0407   11.84704 4.4283e+00 0.0000e+00
         30 212.287283    0.00201     0.1208      7.250      1.365  49089.168    31.1366     9.4008      1.352    6.55900     9.3949    24.0326   11.84819 4.4901e+00 0.0000e+00
         31 212.287286    0.00208     0.1250      7.500      1.377  49077.865    31.1283     9.3985      1.364    6.55969     9.3910    24.0265   11.84943 4.5289e+00 0.0000e+00
         32 212.287289    0.00215     0.1292      7.750      1.385  49068.643    31.1213     9.3950      1.372    6.56048     9.3870    24.0216   11.85082 4.5311e+00 0.0000e+00
         33 212.287292    0.00222     0.1333      8.000      1.390  49060.916    31.1153     9.3911      1.377    6.56131     9.3837    24.0175   11.85226 4.5164e+00 0.0000e+00
         34 212.287295    0.00229     0.1375      8.250      1.389  49055.229    31.1108     9.3872      1.376    6.56207     9.3814    24.0146   11.85358 4.5018e+00 0.0000e+00
         35 212.287297    0.00236     0.1417      8.500      1.385  49052.237    31.1082     9.3838      1.372    6.56267     9.3804    24.0131   11.85460 4.4914e+00 0.0000e+00
         36 212.287300    0.00243     0.1458      8.750      1.378  49051.773    31.1076     9.3815      1.365    6.56302     9.3801    24.0130   11.85519 4.4927e+00 0.0000e+00
         37 212.287303    0.00250     0.1500      9.000      1.370  49052.209    31.1078     9.3806      1.357    6.56315     9.3796    24.0133   11.85541 4.5036e+00 0.0000e+00
         38 212.287306    0.00257     0.1542      9.250      1.362  49051.822    31.1075     9.3802      1.349    6.56322     9.3788    24.0131   11.85553 4.5030e+00 0.0000e+00
         39 212.287309    0.00264     0.1583      9.500      1.354  49050.206    31.1063     9.3797      1.341    6.56333     9.3778    24.0122   11.85574 4.4725e+00 0.0000e+00
         40 212.287312    0.00271     0.1625      9.750      1.346  49047.510    31.1043     9.3790      1.334    6.56353     9.3768    24.0108   11.85609 4.4226e+00 0.0000e+00
         41 212.287315    0.00278     0.1667     10.000      1.339  49044.109    31.1018     9.3780      1.327    6.56378     9.3758    24.0089   11.85653 4.3756e+00 0.0000e+00
         42 212.287318    0.00285     0.1708     10.250      1.335  49040.592    31.0992     9.3770      1.322    6.56404     9.3745    24.0070   11.85699 4.3479e+00 0.0000e+00
         43 212.287321    0.00292     0.1750     10.500      1.334  49037.236    31.0967     9.3759      1.321    6.56430     9.3727    24.0053   11.85745 4.3453e+00 0.0000e+00
         44 212.287323    0.00299     0.1792     10.750      1.339  49034.555    31.0946     9.3746      1.326    6.56457     9.3706    24.0039   11.85793 4.3553e+00 0.0000e+00
         45 212.287326    0.00306     0.1833     11.000      1.349  49033.625    31.0937     9.3729      1.336    6.56486     9.3681    24.0034   11.85842 4.3673e+00 0.0000e+00
         46 212.287329    0.00313     0.1875     11.250      1.362  49035.123    31.0945     9.3708      1.349    6.56514     9.3653    24.0043   11.85887 4.3749e+00 0.0000e+00
         47 212.287332    0.00319     0.1917     11.500      1.375  49038.710    31.0966     9.3682      1.362    6.56542     9.3626    24.0064   11.85930 4.3745e+00 0.0000e+00
         48 212.287335    0.00326     0.1958     11.750      1.385  49043.280    31.0995     9.3654      1.372    6.56571     9.3606    24.0091   11.85975 4.3867e+00 0.0000e+00
         49 212.287338    0.00333     0.2000     12.000      1.389  49047.813    31.1023     9.3627      1.376    6.56598     9.3596    24.0117   11.86016 4.4280e+00 0.0000e+00
         50 212.287341    0.00340     0.2042     12.250      1.388  49051.836    31.1049     9.3607      1.375    6.56615     9.3595    24.0141   11.86042 4.4745e+00 0.0000e+00
         51 212.287344    0.00347     0.2083     12.500      1.379  49054.765    31.1068     9.3597      1.366    6.56623     9.3602    24.0157   11.86052 4.4970e+00 0.0000e+00
         52 212.287347    0.00354     0.2125     12.750      1.365  49055.680    31.1074     9.3596      1.353    6.56622     9.3619    24.0162   11.86049 4.5187e+00 0.0000e+00
         53 212.287350    0.00361     0.2167     13.000      1.349  49054.395    31.1066     9.3604      1.337    6.56614     9.3645    24.0155   11.86037 4.5657e+00 0.0000e+00
         54 212.287352    0.00368     0.2208     13.250      1.335  49052.297    31.1054     9.3620      1.323    6.56595     9.3683    24.0142   11.86008 4.5974e+00 0.0000e+00
         55 212.287355    0.00375     0.2250     13.500      1.326  49051.452    31.1052     9.3647      1.314    6.56558     9.3727    24.0136   11.85946 4.5928e+00 0.0000e+00
         56 212.287358    0.00382     0.2292     13.750      1.325  49052.724    31.1066     9.3684      1.312    6.56497     9.3763    24.0141   11.85844 4.5822e+00 0.0000e+00
         57 212.287361    0.00389     0.2333     14.000      1.330  49055.618    31.1092     9.3728      1.318    6.56422     9.3777    24.0155   11.85717 4.5656e+00 0.0000e+00
         58 212.287364    0.00396     0.2375     14.250      1.340  49059.656    31.1125     9.3764      1.328    6.56356     9.3769    24.0176   11.85604 4.5202e+00 0.0000e+00
         59 212.287367    0.00403     0.2417     14.500      1.352  49064.583    31.1161     9.3779      1.339    6.56319     9.3744    24.0202   11.85538 4.4581e+00 0.0000e+00
         60 212.287370    0.00410     0.2458     14.750      1.364  49069.874    31.1198     9.3770      1.351    6.56316     9.3710    24.0232   11.85528 4.4185e+00 0.0000e+00
         61 212.287373    0.00417     0.2500     15.000      1.374  49075.099    31.1231     9.3745      1.361    6.56338     9.3674    24.0262   11.85561 4.4148e+00 0.0000e+00
         62 212.287376    0.00424     0.2542     15.250      1.380  49080.287    31.1263     9.3712      1.367    6.56374     9.3639    24.0292   11.85616 4.4379e+00 0.0000e+00
         63 212.287378    0.00431     0.2583     15.500      1.382  49085.710    31.1296     9.3676      1.369    6.56412     9.3607    24.0323   11.85675 4.4769e+00 0.0000e+00
         64 212.287381    0.00438     0.2625     15.750      1.379  49091.280    31.1331     9.3641      1.366    6.56448     9.3581    24.0356   11.85730 4.5045e+00 0.0000e+00
         65 212.287384    0.00444     0.2667     16.000      1.373  49096.195    31.1361     9.3609      1.360    6.56482     9.3566    24.0384   11.85783 4.4919e+00 0.0000e+00
         66 212.287387    0.00451     0.2708     16.250      1.366  49099.944    31.1384     9.3583      1.353    6.56510     9.3567    24.0406   11.85826 4.4514e+00 0.0000e+00
         67 212.287390    0.00458     0.2750     16.500      1.360  49103.811    31.1409     9.3568      1.348    6.56521     9.3590    24.0428   11.85842 4.4388e+00 0.0000e+00
         68 212.287393    0.00465     0.2792     16.750      1.360  49111.578    31.1464     9.3569      1.348    6.56496     9.3637    24.0471   11.85795 4.4714e+00 0.0000e+00
         69 212.287396    0.00472     0.2833     17.000      1.366  49128.899    31.1589     9.3592      1.354    6.56411     9.3709    24.0565   11.85638 4.5041e+00 0.0000e+00
         70 212.287399    0.00479     0.2875     17.250      1.376  49161.994    31.1828     9.3639      1.363    6.56241     9.3802    24.0744   11.85328 4.5234e+00 0.0000e+00
         71 212.287402    0.00486     0.2917     17.500      1.385  49213.634    31.2201     9.3711      1.371    6.55980     9.3918    24.1025   11.84851 4.5409e+00 0.0000e+00
         72 212.287405    0.00493     0.2958     17.750      1.387  49269.510    31.2606     9.3804      1.374    6.55674     9.4066    24.1327   11.84294 4.5485e+00 0.0000e+00
         73 212.287407    0.00500     0.3000     18.000      1.383  49305.071    31.2872     9.3919      1.369    6.55393     9.4249    24.1516   11.83798 4.5563e+00 0.0000e+00
         74 212.287410    0.00507     0.3042     18.250      1.371  49309.976    31.2927     9.4068      1.358    6.55155     9.4441    24.1535   11.83397 4.5865e+00 0.0000e+00
         75 212.287413    0.00514     0.3083     18.500      1.355  49283.512    31.2765     9.4251      1.343    6.54958     9.4592    24.1380   11.83090 4.6351e+00 0.0000e+00
         76 212.287416    0.00521     0.3125     18.750      1.340  49231.049    31.2422     9.4443      1.328    6.54825     9.4662    24.1082   11.82912 4.6761e+00 0.0000e+00
         77 212.287419    0.00528     0.3167     19.000      1.329  49172.443    31.2029     9.4593      1.317    6.54773     9.4656    24.0752   11.82873 4.6948e+00 0.0000e+00
         78 212.287422    0.00535     0.3208     19.250      1.324  49132.243    31.1756     9.4663      1.312    6.54787     9.4615    24.0528   11.82929 4.6967e+00 0.0000e+00
         79 212.287425    0.00542     0.3250     19.500      1.324  49125.269    31.1706     9.4657      1.312    6.54817     9.4580    24.0490   11.82984 4.6839e+00 0.0000e+00
         80 212.287428    0.00549     0.3292     19.750      1.328  49153.775    31.1901     9.4616      1.316    6.54793     9.4571    24.0649   11.82921 4.6645e+00 0.0000e+00
         81 212.287431    0.00556     0.3333     20.000      1.332  49205.910    31.2263     9.4581      1.320    6.54691     9.4605    24.0937   11.82708 4.6603e+00 0.0000e+00
         82 212.287433    0.00562     0.3375     20.250      1.334  49257.860    31.2628     9.4572      1.321    6.54551     9.4691    24.1223   11.82432 4.6671e+00 0.0000e+00
         83 212.287436    0.00569     0.3417     20.500      1.333  49290.783    31.2864     9.4606      1.320    6.54403     9.4805    24.1402   11.82159 4.6557e+00 0.0000e+00
         84 212.287439    0.00576     0.3458     20.750      1.329  49299.013    31.2934     9.4692      1.316    6.54248     9.4904    24.1443   11.81895 4.6219e+00 0.0000e+00
         85 212.287442    0.00583     0.3500     21.000      1.325  49283.046    31.2836     9.4806      1.312    6.54125     9.4962    24.1349   11.81702 4.5782e+00 0.0000e+00
         86 212.287445    0.00590     0.3542     21.250      1.324  49245.487    31.2585     9.4905      1.311    6.54087     9.4959    24.1137   11.81670 4.5299e+00 0.0000e+00
         87 212.287448    0.00597     0.3583     21.500      1.328  49195.938    31.2244     9.4963      1.315    6.54147     9.4893    24.0862   11.81810 4.4993e+00 0.0000e+00
         88 212.287451    0.00604     0.3625     21.750      1.339  49152.614    31.1939     9.4960      1.326    6.54280     9.4793    24.0624   11.82068 4.5022e+00 0.0000e+00
         89 212.287454    0.00611     0.3667     22.000      1.355  49130.731    31.1776     9.4894      1.342    6.54443     9.4695    24.0507   11.82358 4.5246e+00 0.0000e+00
         90 212.287457    0.00618     0.3708     22.250      1.372  49136.034    31.1800     9.4794      1.359    6.54578     9.4625    24.0541   11.82578 4.5515e+00 0.0000e+00
