CTD-processing/allCTD/CNV--turbid/2012_04-10_t9_s10_cast294.cnv
* Sea-Bird SBE19plus Data File:
* FileName = C:\Documents and Settings\glenn.seaman\My Documents\KHolderied-files\CTD-DATA-FILES\2011-KBay-CTD\2012-04-10-HomerSpit-CTD\2012-04-10-HomerSpit-cast294.hex
* Software Version 1.59
* Temperature SN =  5028
* Conductivity SN =  5028
* System UpLoad Time = Apr 29 2012 21:01:29
** Cruise: Homer Spit Transect
** Date: 2012-04-10
** Station: 10
** Start time (AKDT): 1915
** Depth (feet): 206
# nquan = 16
# nvalues = 513                         
# units = specified
# name 0 = scan: Scan Count
# name 1 = timeJ: Julian Days
# name 2 = timeH: Time, Elapsed [hours]
# name 3 = timeM: Time, Elapsed [minutes]
# name 4 = timeS: Time, Elapsed [seconds]
# name 5 = prdM: Pressure, Strain Gauge [db]
# name 6 = specc: Specific Conductance [uS/cm]
# name 7 = sal00: Salinity, Practical [PSU]
# name 8 = tv290C: Temperature [ITS-90, deg C]
# name 9 = depSM: Depth [salt water, m], lat = 59.00
# name 10 = oxsolML/L: Oxygen Saturation, Garcia & Gordon [ml/l]
# name 11 = potemp090C: Potential Temperature [ITS-90, deg C]
# name 12 = sigma-é00: Density [sigma-theta, kg/m^3]
# name 13 = n2satML/L: Nitrogen Saturation [ml/l]
# name 14 = par: PAR/Irradiance, Biospherical/Licor [umol photons/m^2/sec]
# name 15 = flag:  0.000e+00
# span 0 =          1,        513       
# span 1 = 102.136840, 102.138322       
# span 2 =    0.00000,    0.03556       
# span 3 =     0.0000,     2.1333       
# span 4 =      0.000,    128.000       
# span 5 =     -0.087,     59.027       
# span 6 =   7786.132,  51800.979       
# span 7 =     4.1257,    31.7379       
# span 8 =     2.8384,     3.0928       
# span 9 =     -0.086,     58.467       
# span 10 =    7.59048,    9.14011      
# span 11 =     2.8384,     3.0928      
# span 12 =     3.2824,    25.2841      
# span 13 =   13.54523,   16.52891      
# span 14 = 3.7490e-02, 1.0994e+03      
# span 15 = 0.0000e+00, 0.0000e+00      
# interval = seconds: 0.25
# start_time = Apr 11 2012 03:17:03 [Instrument's time stamp, header]
# bad_flag = -9.990e-29
*END*
[from data line 91]
         92 102.137104    0.00632     0.3792     22.750      0.839  51146.161    31.2881     2.8395      0.831    7.64443     2.8392    24.9361   13.64007 1.9338e+02 0.0000e+00
         93 102.137106    0.00639     0.3833     23.000      0.818  51138.731    31.2831     2.8394      0.810    7.64471     2.8390    24.9321   13.64061 1.8258e+02 0.0000e+00
         94 102.137109    0.00646     0.3875     23.250      0.801  51133.384    31.2794     2.8392      0.794    7.64494     2.8389    24.9292   13.64103 1.7491e+02 0.0000e+00
         95 102.137112    0.00653     0.3917     23.500      0.791  51130.593    31.2775     2.8391      0.784    7.64507     2.8389    24.9277   13.64127 1.6988e+02 0.0000e+00
         96 102.137115    0.00660     0.3958     23.750      0.791  51130.444    31.2774     2.8390      0.784    7.64509     2.8389    24.9276   13.64131 1.6675e+02 0.0000e+00
         97 102.137118    0.00667     0.4000     24.000      0.799  51133.092    31.2792     2.8390      0.792    7.64501     2.8390    24.9290   13.64114 1.6868e+02 0.0000e+00
         98 102.137121    0.00674     0.4042     24.250      0.811  51138.638    31.2830     2.8390      0.803    7.64481     2.8391    24.9320   13.64076 1.7414e+02 0.0000e+00
         99 102.137124    0.00681     0.4083     24.500      0.823  51146.197    31.2881     2.8390      0.815    7.64452     2.8392    24.9361   13.64023 1.7601e+02 0.0000e+00
        100 102.137127    0.00688     0.4125     24.750      0.831  51152.863    31.2926     2.8391      0.823    7.64427     2.8392    24.9397   13.63974 1.7277e+02 0.0000e+00
        101 102.137130    0.00694     0.4167     25.000      0.833  51155.360    31.2943     2.8392      0.825    7.64416     2.8392    24.9410   13.63955 1.6894e+02 0.0000e+00
        102 102.137133    0.00701     0.4208     25.250      0.830  51152.502    31.2923     2.8393      0.822    7.64426     2.8391    24.9395   13.63973 1.6791e+02 0.0000e+00
        103 102.137135    0.00708     0.4250     25.500      0.823  51145.950    31.2879     2.8392      0.816    7.64449     2.8390    24.9360   13.64018 1.6792e+02 0.0000e+00
        104 102.137138    0.00715     0.4292     25.750      0.815  51138.993    31.2832     2.8392      0.808    7.64475     2.8389    24.9322   13.64067 1.6526e+02 0.0000e+00
        105 102.137141    0.00722     0.4333     26.000      0.808  51133.870    31.2797     2.8391      0.801    7.64496     2.8388    24.9294   13.64105 1.6189e+02 0.0000e+00
        106 102.137144    0.00729     0.4375     26.250      0.803  51131.010    31.2778     2.8389      0.795    7.64508     2.8387    24.9279   13.64129 1.6072e+02 0.0000e+00
        107 102.137147    0.00736     0.4417     26.500      0.798  51129.943    31.2770     2.8388      0.790    7.64514     2.8386    24.9273   13.64139 1.5917e+02 0.0000e+00
        108 102.137150    0.00743     0.4458     26.750      0.793  51129.913    31.2770     2.8387      0.786    7.64516     2.8385    24.9273   13.64142 1.5596e+02 0.0000e+00
        109 102.137153    0.00750     0.4500     27.000      0.791  51130.186    31.2772     2.8387      0.783    7.64517     2.8385    24.9274   13.64143 1.5469e+02 0.0000e+00
        110 102.137156    0.00757     0.4542     27.250      0.791  51130.351    31.2773     2.8386      0.784    7.64518     2.8384    24.9275   13.64145 1.5845e+02 0.0000e+00
        111 102.137159    0.00764     0.4583     27.500      0.796  51130.805    31.2776     2.8385      0.788    7.64518     2.8384    24.9277   13.64145 1.6618e+02 0.0000e+00
        112 102.137161    0.00771     0.4625     27.750      0.804  51132.383    31.2786     2.8384      0.796    7.64514     2.8385    24.9286   13.64137 1.7367e+02 0.0000e+00
        113 102.137164    0.00778     0.4667     28.000      0.812  51135.469    31.2807     2.8384      0.804    7.64503     2.8387    24.9302   13.64116 1.8071e+02 0.0000e+00
        114 102.137167    0.00785     0.4708     28.250      0.818  51139.211    31.2832     2.8386      0.810    7.64487     2.8389    24.9322   13.64087 1.8516e+02 0.0000e+00
        115 102.137170    0.00792     0.4750     28.500      0.821  51141.563    31.2848     2.8388      0.813    7.64475     2.8391    24.9335   13.64065 1.8193e+02 0.0000e+00
        116 102.137173    0.00799     0.4792     28.750      0.821  51141.321    31.2847     2.8390      0.813    7.64471     2.8392    24.9334   13.64059 1.7691e+02 0.0000e+00
        117 102.137176    0.00806     0.4833     29.000      0.818  51139.559    31.2836     2.8392      0.810    7.64474     2.8393    24.9325   13.64065 1.7347e+02 0.0000e+00
        118 102.137179    0.00813     0.4875     29.250      0.813  51137.951    31.2825     2.8393      0.805    7.64478     2.8393    24.9317   13.64072 1.6933e+02 0.0000e+00
        119 102.137182    0.00819     0.4917     29.500      0.806  51136.937    31.2819     2.8393      0.798    7.64480     2.8394    24.9311   13.64077 1.6544e+02 0.0000e+00
        120 102.137185    0.00826     0.4958     29.750      0.800  51135.957    31.2812     2.8394      0.793    7.64482     2.8394    24.9306   13.64081 1.6261e+02 0.0000e+00
        121 102.137188    0.00833     0.5000     30.000      0.799  51134.494    31.2803     2.8394      0.791    7.64486     2.8394    24.9298   13.64089 1.6291e+02 0.0000e+00
        122 102.137190    0.00840     0.5042     30.250      0.803  51132.889    31.2792     2.8394      0.796    7.64491     2.8396    24.9289   13.64099 1.6517e+02 0.0000e+00
        123 102.137193    0.00847     0.5083     30.500      0.814  51132.271    31.2788     2.8395      0.806    7.64493     2.8399    24.9286   13.64102 1.6739e+02 0.0000e+00
        124 102.137196    0.00854     0.5125     30.750      0.828  51133.683    31.2798     2.8396      0.820    7.64486     2.8406    24.9294   13.64089 1.7402e+02 0.0000e+00
        125 102.137199    0.00861     0.5167     31.000      0.839  51137.764    31.2826     2.8399      0.831    7.64465     2.8418    24.9316   13.64050 1.8640e+02 0.0000e+00
        126 102.137202    0.00868     0.5208     31.250      0.844  51144.300    31.2872     2.8406      0.836    7.64427     2.8436    24.9353   13.63983 1.9363e+02 0.0000e+00
        127 102.137205    0.00875     0.5250     31.500      0.838  51151.201    31.2921     2.8418      0.830    7.64379     2.8463    24.9391   13.63896 1.9041e+02 0.0000e+00
        128 102.137208    0.00882     0.5292     31.750      0.824  51155.415    31.2955     2.8437      0.816    7.64326     2.8496    24.9416   13.63804 1.8404e+02 0.0000e+00
        129 102.137211    0.00889     0.5333     32.000      0.806  51154.696    31.2957     2.8464      0.798    7.64273     2.8527    24.9416   13.63717 1.7668e+02 0.0000e+00
        130 102.137214    0.00896     0.5375     32.250      0.789  51148.513    31.2924     2.8497      0.782    7.64227     2.8545    24.9387   13.63645 1.6956e+02 0.0000e+00
        131 102.137216    0.00903     0.5417     32.500      0.781  51138.838    31.2867     2.8527      0.774    7.64200     2.8551    24.9339   13.63607 1.6499e+02 0.0000e+00
        132 102.137219    0.00910     0.5458     32.750      0.785  51129.414    31.2808     2.8546      0.778    7.64195     2.8546    24.9291   13.63607 1.6213e+02 0.0000e+00
        133 102.137222    0.00917     0.5500     33.000      0.800  51123.445    31.2769     2.8551      0.793    7.64205     2.8538    24.9259   13.63629 1.6355e+02 0.0000e+00
        134 102.137225    0.00924     0.5542     33.250      0.820  51122.236    31.2760     2.8546      0.813    7.64218     2.8531    24.9252   13.63652 1.6919e+02 0.0000e+00
        135 102.137228    0.00931     0.5583     33.500      0.839  51125.799    31.2782     2.8538      0.831    7.64223     2.8531    24.9270   13.63657 1.7572e+02 0.0000e+00
        136 102.137231    0.00937     0.5625     33.750      0.848  51132.932    31.2828     2.8531      0.840    7.64212     2.8543    24.9308   13.63633 1.8372e+02 0.0000e+00
        137 102.137234    0.00944     0.5667     34.000      0.845  51140.573    31.2880     2.8531      0.837    7.64184     2.8568    24.9349   13.63581 1.9336e+02 0.0000e+00
        138 102.137237    0.00951     0.5708     34.250      0.830  51145.006    31.2913     2.8543      0.822    7.64145     2.8602    24.9374   13.63511 2.0271e+02 0.0000e+00
        139 102.137240    0.00958     0.5750     34.500      0.808  51143.913    31.2912     2.8568      0.800    7.64097     2.8635    24.9372   13.63433 2.1231e+02 0.0000e+00
        140 102.137242    0.00965     0.5792     34.750      0.785  51137.466    31.2878     2.8603      0.778    7.64050     2.8659    24.9342   13.63360 2.1753e+02 0.0000e+00
        141 102.137245    0.00972     0.5833     35.000      0.769  51127.998    31.2823     2.8636      0.762    7.64015     2.8667    24.9295   13.63310 2.1280e+02 0.0000e+00
        142 102.137248    0.00979     0.5875     35.250      0.764  51118.797    31.2767     2.8659      0.757    7.64000     2.8660    24.9248   13.63292 2.0662e+02 0.0000e+00
        143 102.137251    0.00986     0.5917     35.500      0.769  51112.727    31.2728     2.8668      0.762    7.64004     2.8643    24.9217   13.63304 2.0328e+02 0.0000e+00
        144 102.137254    0.00993     0.5958     35.750      0.782  51111.139    31.2716     2.8661      0.775    7.64023     2.8623    24.9207   13.63337 2.0035e+02 0.0000e+00
        145 102.137257    0.01000     0.6000     36.000      0.796  51114.029    31.2731     2.8644      0.789    7.64047     2.8606    24.9221   13.63375 2.0228e+02 0.0000e+00
        146 102.137260    0.01007     0.6042     36.250      0.807  51120.651    31.2770     2.8624      0.799    7.64067     2.8597    24.9254   13.63401 2.0746e+02 0.0000e+00
        147 102.137263    0.01014     0.6083     36.500      0.809  51129.033    31.2822     2.8606      0.801    7.64072     2.8600    24.9297   13.63403 2.0997e+02 0.0000e+00
        148 102.137266    0.01021     0.6125     36.750      0.803  51136.291    31.2869     2.8598      0.795    7.64064     2.8617    24.9335   13.63384 2.1461e+02 0.0000e+00
        149 102.137269    0.01028     0.6167     37.000      0.789  51140.187    31.2896     2.8601      0.781    7.64044     2.8643    24.9356   13.63347 2.2235e+02 0.0000e+00
        150 102.137271    0.01035     0.6208     37.250      0.772  51139.732    31.2897     2.8617      0.765    7.64012     2.8669    24.9356   13.63295 2.2500e+02 0.0000e+00
        151 102.137274    0.01042     0.6250     37.500      0.756  51135.382    31.2875     2.8643      0.749    7.63975     2.8686    24.9336   13.63236 2.1974e+02 0.0000e+00
        152 102.137277    0.01049     0.6292     37.750      0.747  51128.703    31.2837     2.8669      0.740    7.63945     2.8691    24.9303   13.63192 2.0515e+02 0.0000e+00
        153 102.137280    0.01056     0.6333     38.000      0.747  51121.721    31.2794     2.8686      0.741    7.63934     2.8685    24.9268   13.63179 1.8750e+02 0.0000e+00
        154 102.137283    0.01063     0.6375     38.250      0.757  51116.576    31.2761     2.8691      0.751    7.63942     2.8671    24.9241   13.63197 1.7810e+02 0.0000e+00
        155 102.137286    0.01069     0.6417     38.500      0.773  51114.917    31.2748     2.8685      0.766    7.63961     2.8654    24.9231   13.63230 1.7793e+02 0.0000e+00
        156 102.137289    0.01076     0.6458     38.750      0.789  51117.571    31.2762     2.8671      0.782    7.63980     2.8642    24.9243   13.63260 1.8329e+02 0.0000e+00
        157 102.137292    0.01083     0.6500     39.000      0.799  51123.799    31.2799     2.8654      0.791    7.63992     2.8638    24.9275   13.63274 1.9179e+02 0.0000e+00
        158 102.137295    0.01090     0.6542     39.250      0.800  51130.877    31.2844     2.8642      0.792    7.63993     2.8648    24.9311   13.63270 2.0208e+02 0.0000e+00
        159 102.137297    0.01097     0.6583     39.500      0.792  51135.746    31.2876     2.8638      0.784    7.63983     2.8668    24.9337   13.63248 2.1498e+02 0.0000e+00
        160 102.137300    0.01104     0.6625     39.750      0.779  51136.612    31.2884     2.8648      0.771    7.63960     2.8692    24.9343   13.63210 2.2504e+02 0.0000e+00
        161 102.137303    0.01111     0.6667     40.000      0.766  51133.331    31.2867     2.8668      0.758    7.63930     2.8710    24.9328   13.63163 2.2698e+02 0.0000e+00
        162 102.137306    0.01118     0.6708     40.250      0.758  51127.387    31.2834     2.8692      0.750    7.63903     2.8720    24.9299   13.63122 2.2869e+02 0.0000e+00
        163 102.137309    0.01125     0.6750     40.500      0.756  51121.079    31.2796     2.8710      0.749    7.63887     2.8722    24.9267   13.63101 2.3597e+02 0.0000e+00
        164 102.137312    0.01132     0.6792     40.750      0.761  51116.349    31.2767     2.8720      0.754    7.63883     2.8719    24.9243   13.63099 2.4295e+02 0.0000e+00
        165 102.137315    0.01139     0.6833     41.000      0.770  51114.282    31.2753     2.8722      0.763    7.63886     2.8714    24.9233   13.63106 2.4245e+02 0.0000e+00
        166 102.137318    0.01146     0.6875     41.250      0.779  51115.081    31.2757     2.8719      0.772    7.63890     2.8711    24.9236   13.63112 2.3951e+02 0.0000e+00
        167 102.137321    0.01153     0.6917     41.500      0.786  51118.052    31.2776     2.8715      0.779    7.63889     2.8710    24.9252   13.63109 2.4168e+02 0.0000e+00
        168 102.137323    0.01160     0.6958     41.750      0.789  51121.851    31.2801     2.8711      0.782    7.63883     2.8713    24.9272   13.63094 2.4954e+02 0.0000e+00
        169 102.137326    0.01167     0.7000     42.000      0.788  51125.105    31.2823     2.8711      0.781    7.63872     2.8718    24.9289   13.63074 2.5859e+02 0.0000e+00
        170 102.137329    0.01174     0.7042     42.250      0.785  51126.946    31.2836     2.8713      0.778    7.63861     2.8725    24.9299   13.63053 2.6135e+02 0.0000e+00
        171 102.137332    0.01181     0.7083     42.500      0.783  51126.991    31.2838     2.8719      0.775    7.63850     2.8732    24.9300   13.63034 2.5958e+02 0.0000e+00
        172 102.137335    0.01188     0.7125     42.750      0.783  51125.413    31.2829     2.8726      0.776    7.63841     2.8738    24.9293   13.63021 2.5804e+02 0.0000e+00
        173 102.137338    0.01194     0.7167     43.000      0.788  51123.151    31.2815     2.8733      0.780    7.63835     2.8743    24.9281   13.63013 2.5218e+02 0.0000e+00
        174 102.137341    0.01201     0.7208     43.250      0.794  51121.494    31.2806     2.8738      0.786    7.63829     2.8747    24.9273   13.63003 2.3935e+02 0.0000e+00
        175 102.137344    0.01208     0.7250     43.500      0.799  51121.371    31.2806     2.8743      0.792    7.63819     2.8751    24.9273   13.62987 2.2489e+02 0.0000e+00
        176 102.137347    0.01215     0.7292     43.750      0.802  51122.725    31.2816     2.8748      0.795    7.63806     2.8753    24.9281   13.62964 2.1395e+02 0.0000e+00
        177 102.137350    0.01222     0.7333     44.000      0.803  51124.612    31.2830     2.8751      0.796    7.63792     2.8756    24.9291   13.62940 2.1425e+02 0.0000e+00
        178 102.137352    0.01229     0.7375     44.250      0.802  51126.221    31.2842     2.8754      0.794    7.63781     2.8758    24.9300   13.62919 2.2331e+02 0.0000e+00
        179 102.137355    0.01236     0.7417     44.500      0.800  51127.376    31.2850     2.8757      0.792    7.63771     2.8760    24.9307   13.62903 2.2397e+02 0.0000e+00
        180 102.137358    0.01243     0.7458     44.750      0.798  51128.188    31.2856     2.8759      0.790    7.63764     2.8761    24.9312   13.62890 2.1671e+02 0.0000e+00
