CTD-processing/allCTD/CNV--turbid/2012_07-30_t6_s04_cast074.cnv
* Sea-Bird SBE19plus Data File:
* FileName = C:\Documents and Settings\kris.holderied.local\My Documents\2012-07-EVOS-CookInlet-Ocean\2012-07-CookInlet-Tran6-Douglas\2012-07-31-CookInlet-Tran6-cast074.hex
* Software Version 1.54
* Temperature SN =  4141
* Conductivity SN =  4141
* System UpLoad Time = Jul 31 2012 08:03:56
** Cook Inlet LTM Transect 6 (Douglas line)  East to West
** Date:  2012-07-30
** Station:  6-04
** Start time (AKDT-24 hr): 1541
** Depth (m): 106
** Comment:
# nquan = 16
# nvalues = 738                         
# units = specified
# name 0 = scan: Scan Count
# name 1 = timeJ: Julian Days
# name 2 = timeH: Time, Elapsed [hours]
# name 3 = timeM: Time, Elapsed [minutes]
# name 4 = timeS: Time, Elapsed [seconds]
# name 5 = prdM: Pressure, Strain Gauge [db]
# name 6 = specc: Specific Conductance [uS/cm]
# name 7 = sal00: Salinity, Practical [PSU]
# name 8 = tv290C: Temperature [ITS-90, deg C]
# name 9 = depSM: Depth [salt water, m], lat = 59.00
# name 10 = oxsolML/L: Oxygen Saturation, Garcia & Gordon [ml/l]
# name 11 = potemp090C: Potential Temperature [ITS-90, deg C]
# name 12 = sigma-é00: Density [sigma-theta, kg/m^3]
# name 13 = n2satML/L: Nitrogen Saturation [ml/l]
# name 14 = par: PAR/Irradiance, Biospherical/Licor
# name 15 = flag:  0.000e+00
# span 0 =          1,        738       
# span 1 = 212.653981, 212.656114       
# span 2 =    0.00000,    0.05118       
# span 3 =     0.0000,     3.0708       
# span 4 =      0.000,    184.250       
# span 5 =     -0.083,     93.563       
# span 6 =    721.241,  50283.875       
# span 7 =     0.3467,    31.7143       
# span 8 =     7.9122,    10.0264       
# span 9 =     -0.082,     92.668       
# span 10 =    6.50519,    7.91451      
# span 11 =     7.9034,    10.0262      
# span 12 =    -0.0093,    24.7081      
# span 13 =   11.76943,   14.52923      
# span 14 = 4.4693e-02, 2.3357e+02      
# span 15 = 0.0000e+00, 0.0000e+00      
# interval = seconds: 0.25
# start_time = Jul 30 2012 15:41:44 [Instrument's time stamp, header]
# bad_flag = -9.990e-29
*END*
[from data line 543]
        544 212.655553    0.03771     2.2625    135.750     64.021  49549.886    31.2959     8.4384     63.413    6.69444     8.4106    24.3039   12.07046 4.9586e-02 0.0000e+00
        545 212.655556    0.03778     2.2667    136.000     64.217  49566.425    31.3056     8.4265     63.607    6.69582     8.4028    24.3133   12.07262 4.9506e-02 0.0000e+00
        546 212.655558    0.03785     2.2708    136.250     64.403  49579.475    31.3132     8.4169     63.791    6.69692     8.3964    24.3206   12.07436 4.9454e-02 0.0000e+00
        547 212.655561    0.03792     2.2750    136.500     64.583  49590.199    31.3195     8.4091     63.969    6.69783     8.3916    24.3267   12.07578 4.9396e-02 0.0000e+00
        548 212.655564    0.03799     2.2792    136.750     64.759  49599.097    31.3247     8.4027     64.144    6.69857     8.3883    24.3317   12.07693 4.9315e-02 0.0000e+00
        549 212.655567    0.03806     2.2833    137.000     64.935  49605.846    31.3286     8.3979     64.317    6.69912     8.3861    24.3355   12.07780 4.9202e-02 0.0000e+00
        550 212.655570    0.03812     2.2875    137.250     65.113  49610.387    31.3312     8.3946     64.494    6.69951     8.3851    24.3380   12.07841 4.9066e-02 0.0000e+00
        551 212.655573    0.03819     2.2917    137.500     65.299  49613.527    31.3330     8.3924     64.678    6.69976     8.3864    24.3397   12.07880 4.8940e-02 0.0000e+00
        552 212.655576    0.03826     2.2958    137.750     65.492  49615.591    31.3342     8.3915     64.870    6.69985     8.3912    24.3408   12.07894 4.8847e-02 0.0000e+00
        553 212.655579    0.03833     2.3000    138.000     65.694  49614.890    31.3338     8.3929     65.070    6.69965     8.3989    24.3404   12.07862 4.8748e-02 0.0000e+00
        554 212.655582    0.03840     2.3042    138.250     65.905  49609.556    31.3307     8.3976     65.279    6.69907     8.4081    24.3372   12.07769 4.8598e-02 0.0000e+00
        555 212.655584    0.03847     2.3083    138.500     66.125  49599.735    31.3249     8.4054     65.497    6.69815     8.4170    24.3315   12.07625 4.8419e-02 0.0000e+00
        556 212.655587    0.03854     2.3125    138.750     66.351  49587.515    31.3176     8.4146     65.721    6.69709     8.4247    24.3245   12.07458 4.8279e-02 0.0000e+00
        557 212.655590    0.03861     2.3167    139.000     66.579  49575.401    31.3104     8.4235     65.946    6.69605     8.4307    24.3175   12.07296 4.8211e-02 0.0000e+00
        558 212.655593    0.03868     2.3208    139.250     66.804  49564.717    31.3040     8.4313     66.169    6.69516     8.4342    24.3114   12.07155 4.8173e-02 0.0000e+00
        559 212.655596    0.03875     2.3250    139.500     67.022  49556.241    31.2989     8.4372     66.384    6.69448     8.4351    24.3065   12.07050 4.8141e-02 0.0000e+00
        560 212.655599    0.03882     2.3292    139.750     67.227  49550.892    31.2956     8.4408     66.588    6.69409     8.4335    24.3034   12.06989 4.8103e-02 0.0000e+00
        561 212.655602    0.03889     2.3333    140.000     67.418  49549.123    31.2944     8.4417     66.777    6.69401     8.4293    24.3023   12.06976 4.8023e-02 0.0000e+00
        562 212.655605    0.03896     2.3375    140.250     67.591  49550.661    31.2952     8.4401     66.949    6.69421     8.4224    24.3031   12.07010 4.7910e-02 0.0000e+00
        563 212.655608    0.03903     2.3417    140.500     67.749  49555.505    31.2979     8.4360     67.104    6.69472     8.4130    24.3059   12.07090 4.7802e-02 0.0000e+00
        564 212.655611    0.03910     2.3458    140.750     67.892  49564.208    31.3029     8.4290     67.246    6.69555     8.4025    24.3108   12.07221 4.7727e-02 0.0000e+00
        565 212.655613    0.03917     2.3500    141.000     68.025  49576.550    31.3100     8.4197     67.378    6.69665     8.3933    24.3178   12.07395 4.7676e-02 0.0000e+00
        566 212.655616    0.03924     2.3542    141.250     68.154  49591.049    31.3185     8.4092     67.506    6.69785     8.3879    24.3260   12.07584 4.7629e-02 0.0000e+00
        567 212.655619    0.03931     2.3583    141.500     68.287  49604.666    31.3266     8.4000     67.637    6.69889     8.3870    24.3337   12.07745 4.7578e-02 0.0000e+00
        568 212.655622    0.03938     2.3625    141.750     68.428  49613.415    31.3319     8.3946     67.777    6.69949     8.3884    24.3386   12.07837 4.7521e-02 0.0000e+00
        569 212.655625    0.03944     2.3667    142.000     68.582  49615.138    31.3329     8.3937     67.930    6.69958     8.3872    24.3395   12.07851 4.7464e-02 0.0000e+00
        570 212.655628    0.03951     2.3708    142.250     68.752  49611.996    31.3308     8.3951     68.098    6.69946     8.3790    24.3376   12.07833 4.7415e-02 0.0000e+00
        571 212.655631    0.03958     2.3750    142.500     68.937  49610.775    31.3297     8.3940     68.281    6.69967     8.3630    24.3369   12.07870 4.7361e-02 0.0000e+00
        572 212.655634    0.03965     2.3792    142.750     69.137  49619.109    31.3342     8.3858     68.479    6.70071     8.3430    24.3416   12.08037 4.7287e-02 0.0000e+00
        573 212.655637    0.03972     2.3833    143.000     69.347  49639.367    31.3458     8.3698     68.687    6.70262     8.3243    24.3531   12.08338 4.7189e-02 0.0000e+00
        574 212.655639    0.03979     2.3875    143.250     69.561  49666.663    31.3618     8.3498     68.899    6.70494     8.3098    24.3685   12.08702 4.7096e-02 0.0000e+00
        575 212.655642    0.03986     2.3917    143.500     69.776  49693.049    31.3773     8.3311     69.112    6.70709     8.2995    24.3834   12.09039 4.7026e-02 0.0000e+00
        576 212.655645    0.03993     2.3958    143.750     69.986  49713.633    31.3894     8.3166     69.320    6.70875     8.2923    24.3950   12.09299 4.6954e-02 0.0000e+00
        577 212.655648    0.04000     2.4000    144.000     70.189  49728.201    31.3980     8.3063     69.521    6.70993     8.2872    24.4032   12.09485 4.6887e-02 0.0000e+00
        578 212.655651    0.04007     2.4042    144.250     70.382  49738.227    31.4038     8.2991     69.713    6.71076     8.2829    24.4089   12.09615 4.6846e-02 0.0000e+00
        579 212.655654    0.04014     2.4083    144.500     70.569  49745.327    31.4080     8.2940     69.898    6.71136     8.2790    24.4128   12.09708 4.6817e-02 0.0000e+00
        580 212.655657    0.04021     2.4125    144.750     70.753  49751.166    31.4113     8.2898     70.079    6.71185     8.2751    24.4161   12.09785 4.6775e-02 0.0000e+00
        581 212.655660    0.04028     2.4167    145.000     70.937  49756.450    31.4143     8.2859     70.261    6.71230     8.2704    24.4190   12.09857 4.6720e-02 0.0000e+00
        582 212.655663    0.04035     2.4208    145.250     71.126  49761.478    31.4171     8.2820     70.449    6.71277     8.2642    24.4218   12.09931 4.6689e-02 0.0000e+00
        583 212.655666    0.04042     2.4250    145.500     71.323  49767.498    31.4205     8.2774     70.644    6.71333     8.2558    24.4251   12.10018 4.6688e-02 0.0000e+00
        584 212.655668    0.04049     2.4292    145.750     71.529  49775.745    31.4253     8.2712     70.848    6.71406     8.2444    24.4297   12.10134 4.6683e-02 0.0000e+00
        585 212.655671    0.04056     2.4333    146.000     71.742  49786.978    31.4318     8.2628     71.059    6.71505     8.2297    24.4360   12.10290 4.6652e-02 0.0000e+00
        586 212.655674    0.04063     2.4375    146.250     71.954  49802.455    31.4408     8.2514     71.269    6.71639     8.2136    24.4447   12.10501 4.6611e-02 0.0000e+00
        587 212.655677    0.04069     2.4417    146.500     72.159  49822.779    31.4526     8.2367     71.473    6.71809     8.1989    24.4562   12.10767 4.6578e-02 0.0000e+00
        588 212.655680    0.04076     2.4458    146.750     72.352  49845.696    31.4661     8.2206     71.664    6.71994     8.1875    24.4690   12.11057 4.6542e-02 0.0000e+00
        589 212.655683    0.04083     2.4500    147.000     72.529  49867.048    31.4786     8.2059     71.838    6.72163     8.1800    24.4810   12.11321 4.6474e-02 0.0000e+00
        590 212.655686    0.04090     2.4542    147.250     72.687  49883.750    31.4885     8.1945     71.995    6.72293     8.1763    24.4904   12.11524 4.6377e-02 0.0000e+00
        591 212.655689    0.04097     2.4583    147.500     72.827  49894.830    31.4950     8.1870     72.134    6.72377     8.1763    24.4966   12.11656 4.6288e-02 0.0000e+00
        592 212.655692    0.04104     2.4625    147.750     72.953  49900.539    31.4984     8.1834     72.258    6.72419     8.1803    24.4998   12.11720 4.6226e-02 0.0000e+00
        593 212.655694    0.04111     2.4667    148.000     73.069  49901.046    31.4987     8.1834     72.373    6.72417     8.1885    24.5000   12.11717 4.6194e-02 0.0000e+00
        594 212.655697    0.04118     2.4708    148.250     73.182  49895.914    31.4957     8.1874     72.485    6.72370     8.2004    24.4971   12.11642 4.6171e-02 0.0000e+00
        595 212.655700    0.04125     2.4750    148.500     73.298  49884.688    31.4890     8.1956     72.599    6.72274     8.2144    24.4907   12.11492 4.6140e-02 0.0000e+00
        596 212.655703    0.04132     2.4792    148.750     73.421  49867.864    31.4791     8.2075     72.722    6.72136     8.2280    24.4812   12.11277 4.6122e-02 0.0000e+00
        597 212.655706    0.04139     2.4833    149.000     73.557  49847.788    31.4671     8.2215     72.857    6.71976     8.2393    24.4698   12.11026 4.6123e-02 0.0000e+00
        598 212.655709    0.04146     2.4875    149.250     73.708  49828.119    31.4554     8.2351     73.006    6.71821     8.2479    24.4586   12.10783 4.6119e-02 0.0000e+00
        599 212.655712    0.04153     2.4917    149.500     73.872  49811.650    31.4456     8.2465     73.168    6.71692     8.2539    24.4493   12.10581 4.6095e-02 0.0000e+00
        600 212.655715    0.04160     2.4958    149.750     74.047  49799.226    31.4381     8.2551     73.341    6.71594     8.2576    24.4422   12.10429 4.6038e-02 0.0000e+00
        601 212.655718    0.04167     2.5000    150.000     74.230  49790.517    31.4329     8.2611     73.522    6.71525     8.2588    24.4372   12.10322 4.5946e-02 0.0000e+00
        602 212.655720    0.04174     2.5042    150.250     74.419  49785.068    31.4296     8.2648     73.710    6.71484     8.2569    24.4341   12.10258 4.5830e-02 0.0000e+00
        603 212.655723    0.04181     2.5083    150.500     74.614  49782.973    31.4282     8.2660     73.904    6.71471     8.2509    24.4328   12.10239 4.5713e-02 0.0000e+00
        604 212.655726    0.04188     2.5125    150.750     74.817  49785.055    31.4293     8.2642     74.104    6.71495     8.2401    24.4339   12.10276 4.5639e-02 0.0000e+00
        605 212.655729    0.04194     2.5167    151.000     75.026  49792.919    31.4338     8.2582     74.311    6.71566     8.2256    24.4383   12.10388 4.5628e-02 0.0000e+00
        606 212.655732    0.04201     2.5208    151.250     75.241  49807.929    31.4425     8.2473     74.524    6.71692     8.2101    24.4467   12.10585 4.5655e-02 0.0000e+00
        607 212.655735    0.04208     2.5250    151.500     75.459  49828.557    31.4546     8.2329     74.740    6.71858     8.1958    24.4583   12.10846 4.5684e-02 0.0000e+00
        608 212.655738    0.04215     2.5292    151.750     75.678  49850.732    31.4676     8.2174     74.957    6.72035     8.1833    24.4707   12.11123 4.5687e-02 0.0000e+00
        609 212.655741    0.04222     2.5333    152.000     75.892  49871.567    31.4799     8.2031     75.169    6.72200     8.1734    24.4824   12.11380 4.5662e-02 0.0000e+00
        610 212.655744    0.04229     2.5375    152.250     76.095  49889.864    31.4906     8.1906     75.370    6.72342     8.1666    24.4927   12.11602 4.5633e-02 0.0000e+00
        611 212.655747    0.04236     2.5417    152.500     76.281  49904.568    31.4993     8.1807     75.554    6.72454     8.1629    24.5009   12.11777 4.5606e-02 0.0000e+00
        612 212.655749    0.04243     2.5458    152.750     76.445  49914.855    31.5054     8.1739     75.716    6.72530     8.1616    24.5067   12.11896 4.5574e-02 0.0000e+00
        613 212.655752    0.04250     2.5500    153.000     76.581  49920.577    31.5088     8.1703     75.850    6.72571     8.1612    24.5099   12.11958 4.5555e-02 0.0000e+00
        614 212.655755    0.04257     2.5542    153.250     76.688  49922.840    31.5101     8.1690     75.956    6.72585     8.1605    24.5111   12.11980 4.5551e-02 0.0000e+00
        615 212.655758    0.04264     2.5583    153.500     76.768  49923.642    31.5106     8.1686     76.036    6.72589     8.1589    24.5115   12.11987 4.5542e-02 0.0000e+00
        616 212.655761    0.04271     2.5625    153.750     76.827  49924.691    31.5112     8.1679     76.095    6.72598     8.1566    24.5121   12.12000 4.5527e-02 0.0000e+00
        617 212.655764    0.04278     2.5667    154.000     76.871  49926.893    31.5124     8.1663     76.138    6.72617     8.1544    24.5133   12.12030 4.5514e-02 0.0000e+00
        618 212.655767    0.04285     2.5708    154.250     76.909  49930.039    31.5142     8.1640     76.176    6.72644     8.1533    24.5151   12.12073 4.5505e-02 0.0000e+00
        619 212.655770    0.04292     2.5750    154.500     76.953  49933.011    31.5160     8.1618     76.220    6.72670     8.1543    24.5167   12.12114 4.5495e-02 0.0000e+00
        620 212.655773    0.04299     2.5792    154.750     77.011  49934.495    31.5168     8.1607     76.277    6.72682     8.1578    24.5175   12.12133 4.5487e-02 0.0000e+00
        621 212.655775    0.04306     2.5833    155.000     77.093  49933.163    31.5160     8.1617     76.358    6.72670     8.1633    24.5168   12.12115 4.5470e-02 0.0000e+00
        622 212.655778    0.04312     2.5875    155.250     77.204  49928.156    31.5130     8.1652     76.468    6.72630     8.1693    24.5139   12.12052 4.5444e-02 0.0000e+00
        623 212.655781    0.04319     2.5917    155.500     77.345  49920.127    31.5082     8.1707     76.608    6.72567     8.1742    24.5093   12.11954 4.5427e-02 0.0000e+00
        624 212.655784    0.04326     2.5958    155.750     77.512  49911.304    31.5029     8.1767     76.773    6.72499     8.1774    24.5043   12.11848 4.5422e-02 0.0000e+00
        625 212.655787    0.04333     2.6000    156.000     77.697  49904.019    31.4985     8.1817     76.956    6.72444     8.1793    24.5001   12.11761 4.5403e-02 0.0000e+00
        626 212.655790    0.04340     2.6042    156.250     77.891  49899.131    31.4955     8.1849     77.148    6.72407     8.1800    24.4973   12.11704 4.5348e-02 0.0000e+00
        627 212.655793    0.04347     2.6083    156.500     78.087  49896.172    31.4936     8.1868     77.343    6.72386     8.1793    24.4956   12.11672 4.5298e-02 0.0000e+00
        628 212.655796    0.04354     2.6125    156.750     78.281  49895.056    31.4928     8.1875     77.534    6.72380     8.1780    24.4949   12.11661 4.5294e-02 0.0000e+00
        629 212.655799    0.04361     2.6167    157.000     78.470  49896.042    31.4933     8.1869     77.722    6.72388     8.1769    24.4954   12.11674 4.5324e-02 0.0000e+00
        630 212.655802    0.04368     2.6208    157.250     78.655  49897.986    31.4944     8.1856     77.906    6.72402     8.1758    24.4964   12.11697 4.5335e-02 0.0000e+00
        631 212.655804    0.04375     2.6250    157.500     78.838  49899.495    31.4952     8.1845     78.086    6.72414     8.1743    24.4972   12.11716 4.5305e-02 0.0000e+00
        632 212.655807    0.04382     2.6292    157.750     79.019  49900.865    31.4960     8.1835     78.266    6.72427     8.1724    24.4979   12.11736 4.5291e-02 0.0000e+00
