CTD-processing/allCTD/CNV--turbid/2012-07-31-cookinlet-tran4-cast101-s03.cnv
* Sea-Bird SBE19plus Data File:
* FileName = C:\Documents and Settings\kris.holderied.local\My Documents\2012-07-EVOS-CookInlet-Ocean\2012-07-CookInlet-Tran4-Barabara\2012-07-31-CookInlet-Tran4-cast101.hex
* Software Version 1.54
* Temperature SN =  4141
* Conductivity SN =  4141
* System UpLoad Time = Jul 31 2012 11:50:45
** Cook Inlet LTM Transect 4 - Barabara to Bluff Pt
** Date:  2012-07-31
** Station:  4-03
** Start time (AKDT-24 hr): 09:14
** Depth (m): 103
** Comment: None
# nquan = 16
# nvalues = 743                         
# units = specified
# name 0 = scan: Scan Count
# name 1 = timeJ: Julian Days
# name 2 = timeH: Time, Elapsed [hours]
# name 3 = timeM: Time, Elapsed [minutes]
# name 4 = timeS: Time, Elapsed [seconds]
# name 5 = prdM: Pressure, Strain Gauge [db]
# name 6 = specc: Specific Conductance [uS/cm]
# name 7 = sal00: Salinity, Practical [PSU]
# name 8 = tv290C: Temperature [ITS-90, deg C]
# name 9 = depSM: Depth [salt water, m], lat = 59.00
# name 10 = oxsolML/L: Oxygen Saturation, Garcia & Gordon [ml/l]
# name 11 = potemp090C: Potential Temperature [ITS-90, deg C]
# name 12 = sigma-é00: Density [sigma-theta, kg/m^3]
# name 13 = n2satML/L: Nitrogen Saturation [ml/l]
# name 14 = par: PAR/Irradiance, Biospherical/Licor
# name 15 = flag:  0.000e+00
# span 0 =          1,        743       
# span 1 = 213.385440, 213.387587       
# span 2 =    0.00000,    0.05153       
# span 3 =     0.0000,     3.0917       
# span 4 =      0.000,    185.500       
# span 5 =     -0.051,     98.301       
# span 6 =   1159.257,  49959.967       
# span 7 =     0.5683,    31.4463       
# span 8 =     7.6687,    10.0741       
# span 9 =     -0.051,     97.359       
# span 10 =    6.53762,    7.85665      
# span 11 =     7.6596,    10.0741      
# span 12 =     0.1426,    24.5318      
# span 13 =   11.81297,   14.42819      
# span 14 = 4.7608e-02, 3.9920e+02      
# span 15 = 0.0000e+00, 0.0000e+00      
# interval = seconds: 0.25
# start_time = Jul 31 2012 09:15:02 [Instrument's time stamp, header]
# bad_flag = -9.990e-29
*END*
[from data line 91]
         92 213.385703    0.00632     0.3792     22.750      1.926  49220.473    31.2130     9.2853      1.908    6.57255     9.2866    24.1103   11.86971 1.7253e+02 0.0000e+00
         93 213.385706    0.00639     0.3833     23.000      1.927  49225.819    31.2169     9.2861      1.909    6.57227     9.2868    24.1132   11.86920 1.7274e+02 0.0000e+00
         94 213.385709    0.00646     0.3875     23.250      1.927  49228.031    31.2185     9.2868      1.909    6.57210     9.2863    24.1144   11.86890 1.7289e+02 0.0000e+00
         95 213.385712    0.00653     0.3917     23.500      1.928  49228.667    31.2190     9.2870      1.910    6.57206     9.2851    24.1148   11.86882 1.7279e+02 0.0000e+00
         96 213.385715    0.00660     0.3958     23.750      1.931  49229.785    31.2197     9.2865      1.913    6.57210     9.2837    24.1154   11.86888 1.7256e+02 0.0000e+00
         97 213.385718    0.00667     0.4000     24.000      1.935  49232.383    31.2213     9.2853      1.917    6.57219     9.2824    24.1169   11.86902 1.7237e+02 0.0000e+00
         98 213.385720    0.00674     0.4042     24.250      1.940  49236.907    31.2243     9.2839      1.922    6.57228     9.2815    24.1194   11.86912 1.7226e+02 0.0000e+00
         99 213.385723    0.00681     0.4083     24.500      1.946  49243.902    31.2291     9.2826      1.928    6.57227     9.2813    24.1233   11.86905 1.7211e+02 0.0000e+00
        100 213.385726    0.00688     0.4125     24.750      1.952  49253.912    31.2360     9.2817      1.934    6.57210     9.2818    24.1289   11.86869 1.7197e+02 0.0000e+00
        101 213.385729    0.00694     0.4167     25.000      1.957  49266.835    31.2451     9.2815      1.939    6.57175     9.2828    24.1360   11.86799 1.7198e+02 0.0000e+00
        102 213.385732    0.00701     0.4208     25.250      1.960  49281.025    31.2551     9.2820      1.942    6.57125     9.2842    24.1437   11.86705 1.7200e+02 0.0000e+00
        103 213.385735    0.00708     0.4250     25.500      1.961  49293.944    31.2644     9.2830      1.943    6.57071     9.2860    24.1508   11.86604 1.7171e+02 0.0000e+00
        104 213.385738    0.00715     0.4292     25.750      1.959  49304.106    31.2717     9.2844      1.941    6.57020     9.2888    24.1563   11.86510 1.7122e+02 0.0000e+00
        105 213.385741    0.00722     0.4333     26.000      1.956  49311.465    31.2771     9.2862      1.938    6.56970     9.2931    24.1603   11.86422 1.7116e+02 0.0000e+00
        106 213.385744    0.00729     0.4375     26.250      1.952  49315.964    31.2806     9.2890      1.934    6.56915     9.2990    24.1626   11.86326 1.7188e+02 0.0000e+00
        107 213.385747    0.00736     0.4417     26.500      1.948  49317.081    31.2820     9.2933      1.930    6.56846     9.3057    24.1630   11.86211 1.7283e+02 0.0000e+00
        108 213.385749    0.00743     0.4458     26.750      1.944  49314.979    31.2813     9.2992      1.925    6.56764     9.3125    24.1615   11.86076 1.7343e+02 0.0000e+00
        109 213.385752    0.00750     0.4500     27.000      1.939  49310.811    31.2793     9.3059      1.921    6.56675     9.3192    24.1589   11.85931 1.7373e+02 0.0000e+00
        110 213.385755    0.00757     0.4542     27.250      1.935  49305.817    31.2767     9.3127      1.917    6.56586     9.3254    24.1559   11.85786 1.7392e+02 0.0000e+00
        111 213.385758    0.00764     0.4583     27.500      1.930  49300.686    31.2740     9.3194      1.912    6.56501     9.3311    24.1527   11.85649 1.7386e+02 0.0000e+00
        112 213.385761    0.00771     0.4625     27.750      1.925  49295.610    31.2713     9.3256      1.907    6.56423     9.3363    24.1496   11.85521 1.7375e+02 0.0000e+00
        113 213.385764    0.00778     0.4667     28.000      1.920  49290.634    31.2686     9.3313      1.902    6.56351     9.3410    24.1466   11.85407 1.7379e+02 0.0000e+00
        114 213.385767    0.00785     0.4708     28.250      1.916  49285.887    31.2660     9.3365      1.898    6.56287     9.3452    24.1438   11.85304 1.7375e+02 0.0000e+00
        115 213.385770    0.00792     0.4750     28.500      1.913  49281.543    31.2635     9.3412      1.895    6.56230     9.3491    24.1411   11.85212 1.7353e+02 0.0000e+00
        116 213.385773    0.00799     0.4792     28.750      1.911  49277.730    31.2614     9.3454      1.893    6.56177     9.3525    24.1388   11.85126 1.7325e+02 0.0000e+00
        117 213.385775    0.00806     0.4833     29.000      1.912  49274.537    31.2597     9.3493      1.894    6.56128     9.3552    24.1368   11.85047 1.7299e+02 0.0000e+00
        118 213.385778    0.00813     0.4875     29.250      1.915  49272.000    31.2584     9.3527      1.897    6.56084     9.3573    24.1353   11.84977 1.7271e+02 0.0000e+00
        119 213.385781    0.00819     0.4917     29.500      1.921  49270.045    31.2574     9.3554      1.903    6.56048     9.3588    24.1341   11.84919 1.7218e+02 0.0000e+00
        120 213.385784    0.00826     0.4958     29.750      1.929  49268.485    31.2566     9.3575      1.911    6.56021     9.3599    24.1331   11.84875 1.7130e+02 0.0000e+00
        121 213.385787    0.00833     0.5000     30.000      1.939  49267.226    31.2559     9.3590      1.921    6.56002     9.3608    24.1324   11.84844 1.7053e+02 0.0000e+00
        122 213.385790    0.00840     0.5042     30.250      1.949  49266.480    31.2555     9.3601      1.931    6.55988     9.3618    24.1319   11.84821 1.7020e+02 0.0000e+00
        123 213.385793    0.00847     0.5083     30.500      1.960  49266.684    31.2557     9.3610      1.942    6.55974     9.3630    24.1319   11.84797 1.6997e+02 0.0000e+00
        124 213.385796    0.00854     0.5125     30.750      1.969  49268.202    31.2569     9.3620      1.951    6.55955     9.3647    24.1327   11.84765 1.6967e+02 0.0000e+00
        125 213.385799    0.00861     0.5167     31.000      1.977  49270.833    31.2590     9.3632      1.958    6.55929     9.3672    24.1341   11.84719 1.6956e+02 0.0000e+00
        126 213.385802    0.00868     0.5208     31.250      1.981  49273.278    31.2609     9.3649      1.962    6.55896     9.3708    24.1353   11.84662 1.6980e+02 0.0000e+00
        127 213.385804    0.00875     0.5250     31.500      1.981  49273.624    31.2615     9.3674      1.962    6.55858     9.3763    24.1354   11.84597 1.7041e+02 0.0000e+00
        128 213.385807    0.00882     0.5292     31.750      1.978  49270.549    31.2598     9.3710      1.959    6.55811     9.3845    24.1335   11.84523 1.7126e+02 0.0000e+00
        129 213.385810    0.00889     0.5333     32.000      1.972  49263.474    31.2556     9.3765      1.953    6.55749     9.3956    24.1293   11.84426 1.7220e+02 0.0000e+00
        130 213.385813    0.00896     0.5375     32.250      1.962  49251.910    31.2485     9.3847      1.943    6.55661     9.4088    24.1226   11.84288 1.7328e+02 0.0000e+00
        131 213.385816    0.00903     0.5417     32.500      1.950  49235.781    31.2387     9.3958      1.931    6.55542     9.4227    24.1131   11.84103 1.7462e+02 0.0000e+00
        132 213.385819    0.00910     0.5458     32.750      1.936  49216.313    31.2268     9.4090      1.917    6.55400     9.4360    24.1018   11.83883 1.7597e+02 0.0000e+00
        133 213.385822    0.00917     0.5500     33.000      1.920  49195.783    31.2142     9.4229      1.902    6.55251     9.4472    24.0898   11.83651 1.7681e+02 0.0000e+00
        134 213.385825    0.00924     0.5542     33.250      1.905  49176.566    31.2025     9.4362      1.888    6.55109     9.4557    24.0785   11.83430 1.7686e+02 0.0000e+00
        135 213.385828    0.00931     0.5583     33.500      1.893  49160.505    31.1927     9.4474      1.875    6.54989     9.4619    24.0691   11.83242 1.7625e+02 0.0000e+00
        136 213.385830    0.00937     0.5625     33.750      1.884  49148.262    31.1852     9.4559      1.867    6.54897     9.4666    24.0619   11.83098 1.7544e+02 0.0000e+00
        137 213.385833    0.00944     0.5667     34.000      1.883  49139.004    31.1795     9.4621      1.865    6.54830     9.4704    24.0565   11.82995 1.7490e+02 0.0000e+00
        138 213.385836    0.00951     0.5708     34.250      1.888  49130.906    31.1745     9.4668      1.870    6.54784     9.4731    24.0518   11.82925 1.7445e+02 0.0000e+00
        139 213.385839    0.00958     0.5750     34.500      1.900  49122.739    31.1692     9.4706      1.882    6.54752     9.4741    24.0471   11.82878 1.7363e+02 0.0000e+00
        140 213.385842    0.00965     0.5792     34.750      1.916  49115.613    31.1645     9.4733      1.897    6.54732     9.4727    24.0431   11.82851 1.7245e+02 0.0000e+00
        141 213.385845    0.00972     0.5833     35.000      1.933  49112.152    31.1622     9.4743      1.915    6.54727     9.4685    24.0411   11.82844 1.7119e+02 0.0000e+00
        142 213.385848    0.00979     0.5875     35.250      1.949  49114.479    31.1637     9.4729      1.931    6.54741     9.4629    24.0424   11.82867 1.7002e+02 0.0000e+00
        143 213.385851    0.00986     0.5917     35.500      1.962  49123.174    31.1692     9.4687      1.943    6.54778     9.4582    24.0474   11.82922 1.6925e+02 0.0000e+00
        144 213.385854    0.00993     0.5958     35.750      1.969  49135.922    31.1775     9.4631      1.951    6.54825     9.4559    24.0547   11.82989 1.6929e+02 0.0000e+00
        145 213.385856    0.01000     0.6000     36.000      1.971  49147.995    31.1853     9.4584      1.953    6.54859     9.4558    24.0616   11.83037 1.7004e+02 0.0000e+00
        146 213.385859    0.01007     0.6042     36.250      1.969  49155.914    31.1906     9.4561      1.950    6.54871     9.4572    24.0661   11.83050 1.7104e+02 0.0000e+00
        147 213.385862    0.01014     0.6083     36.500      1.963  49159.343    31.1930     9.4560      1.945    6.54862     9.4595    24.0680   11.83033 1.7182e+02 0.0000e+00
        148 213.385865    0.01021     0.6125     36.750      1.957  49159.608    31.1934     9.4574      1.939    6.54839     9.4619    24.0681   11.82994 1.7221e+02 0.0000e+00
        149 213.385868    0.01028     0.6167     37.000      1.951  49158.210    31.1927     9.4597      1.933    6.54809     9.4640    24.0672   11.82945 1.7265e+02 0.0000e+00
        150 213.385871    0.01035     0.6208     37.250      1.947  49156.377    31.1918     9.4621      1.929    6.54779     9.4659    24.0660   11.82897 1.7357e+02 0.0000e+00
        151 213.385874    0.01042     0.6250     37.500      1.946  49154.818    31.1910     9.4642      1.928    6.54752     9.4679    24.0651   11.82853 1.7465e+02 0.0000e+00
        152 213.385877    0.01049     0.6292     37.750      1.945  49153.664    31.1904     9.4661      1.927    6.54727     9.4702    24.0644   11.82812 1.7510e+02 0.0000e+00
        153 213.385880    0.01056     0.6333     38.000      1.946  49152.635    31.1899     9.4681      1.928    6.54700     9.4730    24.0637   11.82768 1.7463e+02 0.0000e+00
        154 213.385883    0.01063     0.6375     38.250      1.946  49151.230    31.1892     9.4704      1.928    6.54670     9.4764    24.0628   11.82718 1.7366e+02 0.0000e+00
        155 213.385885    0.01069     0.6417     38.500      1.944  49148.974    31.1880     9.4732      1.926    6.54634     9.4803    24.0614   11.82661 1.7277e+02 0.0000e+00
        156 213.385888    0.01076     0.6458     38.750      1.942  49145.777    31.1862     9.4766      1.924    6.54593     9.4846    24.0594   11.82595 1.7217e+02 0.0000e+00
        157 213.385891    0.01083     0.6500     39.000      1.938  49141.833    31.1839     9.4805      1.920    6.54546     9.4894    24.0571   11.82521 1.7180e+02 0.0000e+00
        158 213.385894    0.01090     0.6542     39.250      1.934  49137.177    31.1812     9.4848      1.916    6.54495     9.4944    24.0543   11.82440 1.7189e+02 0.0000e+00
        159 213.385897    0.01097     0.6583     39.500      1.931  49131.735    31.1781     9.4896      1.913    6.54440     9.4995    24.0511   11.82352 1.7267e+02 0.0000e+00
        160 213.385900    0.01104     0.6625     39.750      1.927  49125.752    31.1745     9.4946      1.909    6.54382     9.5043    24.0475   11.82259 1.7374e+02 0.0000e+00
        161 213.385903    0.01111     0.6667     40.000      1.924  49119.751    31.1710     9.4997      1.906    6.54323     9.5087    24.0439   11.82166 1.7438e+02 0.0000e+00
        162 213.385906    0.01118     0.6708     40.250      1.922  49114.128    31.1677     9.5045      1.904    6.54268     9.5125    24.0406   11.82078 1.7420e+02 0.0000e+00
        163 213.385909    0.01125     0.6750     40.500      1.920  49109.065    31.1647     9.5089      1.902    6.54217     9.5158    24.0375   11.81998 1.7338e+02 0.0000e+00
        164 213.385911    0.01132     0.6792     40.750      1.919  49104.680    31.1621     9.5127      1.901    6.54172     9.5183    24.0349   11.81927 1.7263e+02 0.0000e+00
        165 213.385914    0.01139     0.6833     41.000      1.920  49101.038    31.1600     9.5160      1.902    6.54134     9.5202    24.0328   11.81867 1.7252e+02 0.0000e+00
        166 213.385917    0.01146     0.6875     41.250      1.922  49098.182    31.1583     9.5185      1.904    6.54104     9.5216    24.0311   11.81819 1.7273e+02 0.0000e+00
        167 213.385920    0.01153     0.6917     41.500      1.927  49096.143    31.1571     9.5204      1.909    6.54082     9.5225    24.0298   11.81783 1.7264e+02 0.0000e+00
        168 213.385923    0.01160     0.6958     41.750      1.933  49094.859    31.1564     9.5218      1.915    6.54065     9.5231    24.0291   11.81757 1.7229e+02 0.0000e+00
        169 213.385926    0.01167     0.7000     42.000      1.941  49094.168    31.1560     9.5227      1.922    6.54054     9.5237    24.0286   11.81738 1.7199e+02 0.0000e+00
        170 213.385929    0.01174     0.7042     42.250      1.948  49093.790    31.1558     9.5233      1.929    6.54045     9.5244    24.0284   11.81724 1.7188e+02 0.0000e+00
        171 213.385932    0.01181     0.7083     42.500      1.954  49093.289    31.1556     9.5239      1.936    6.54038     9.5253    24.0281   11.81712 1.7185e+02 0.0000e+00
        172 213.385935    0.01188     0.7125     42.750      1.959  49092.243    31.1549     9.5246      1.941    6.54031     9.5264    24.0274   11.81701 1.7173e+02 0.0000e+00
        173 213.385938    0.01194     0.7167     43.000      1.963  49090.547    31.1539     9.5255      1.945    6.54022     9.5275    24.0264   11.81689 1.7153e+02 0.0000e+00
        174 213.385940    0.01201     0.7208     43.250      1.965  49088.465    31.1525     9.5266      1.947    6.54013     9.5286    24.0252   11.81675 1.7145e+02 0.0000e+00
        175 213.385943    0.01208     0.7250     43.500      1.965  49086.336    31.1512     9.5277      1.947    6.54002     9.5297    24.0240   11.81659 1.7150e+02 0.0000e+00
        176 213.385946    0.01215     0.7292     43.750      1.964  49084.390    31.1499     9.5288      1.946    6.53991     9.5308    24.0229   11.81642 1.7153e+02 0.0000e+00
        177 213.385949    0.01222     0.7333     44.000      1.963  49082.669    31.1489     9.5299      1.944    6.53980     9.5318    24.0219   11.81625 1.7154e+02 0.0000e+00
        178 213.385952    0.01229     0.7375     44.250      1.960  49081.072    31.1479     9.5310      1.942    6.53969     9.5329    24.0209   11.81606 1.7177e+02 0.0000e+00
        179 213.385955    0.01236     0.7417     44.500      1.957  49079.499    31.1469     9.5321      1.939    6.53957     9.5341    24.0200   11.81588 1.7230e+02 0.0000e+00
        180 213.385958    0.01243     0.7458     44.750      1.954  49077.808    31.1459     9.5332      1.935    6.53945     9.5353    24.0190   11.81570 1.7281e+02 0.0000e+00
