CTD-processing/allCTD/CNV--turbid/2012-07-02-cookinlet-tran9-cast170-s07.cnv
* Sea-Bird SBE19plus Data File:
* FileName = C:\Documents and Settings\kris.holderied.local\My Documents\CTD-data-upload-2012-07-28\CTD5028-upload-2012-07-28-cast170.hex
* Software Version 1.54
* Temperature SN =  5028
* Conductivity SN =  5028
* System UpLoad Time = Jul 28 2012 12:16:17
** Kachemak Bay - CTD data - upload all 2012-07-28
** Date:  2012-07-02   xxxx Tide (x of 2 lines)
** Station:  9.07
** Start time (AKDT-24 hr):1503
** Depth (ft):338
** Comments: None
# nquan = 16
# nvalues = 565                         
# units = specified
# name 0 = scan: Scan Count
# name 1 = timeJ: Julian Days
# name 2 = timeH: Time, Elapsed [hours]
# name 3 = timeM: Time, Elapsed [minutes]
# name 4 = timeS: Time, Elapsed [seconds]
# name 5 = prdM: Pressure, Strain Gauge [db]
# name 6 = specc: Specific Conductance [uS/cm]
# name 7 = sal00: Salinity, Practical [PSU]
# name 8 = tv290C: Temperature [ITS-90, deg C]
# name 9 = depSM: Depth [salt water, m], lat = 59.00
# name 10 = oxsolML/L: Oxygen Saturation, Garcia & Gordon [ml/l]
# name 11 = potemp090C: Potential Temperature [ITS-90, deg C]
# name 12 = sigma-é00: Density [sigma-theta, kg/m^3]
# name 13 = n2satML/L: Nitrogen Saturation [ml/l]
# name 14 = par: PAR/Irradiance, Biospherical/Licor [umol photons/m^2/sec]
# name 15 = flag:  0.000e+00
# span 0 =          1,        565       
# span 1 = 184.627870, 184.629502       
# span 2 =    0.00000,    0.03917       
# span 3 =     0.0000,     2.3500       
# span 4 =      0.000,    141.000       
# span 5 =     -0.077,     89.955       
# span 6 =   2646.886,  50702.895       
# span 7 =     1.3648,    31.6113       
# span 8 =     5.7035,    11.6231       
# span 9 =     -0.077,     89.095       
# span 10 =    6.34879,    7.88360      
# span 11 =     5.6965,    11.6230      
# span 12 =     0.7986,    24.9078      
# span 13 =   11.52914,   14.46212      
# span 14 = 4.8443e-02, 6.3417e+02      
# span 15 = 0.0000e+00, 0.0000e+00      
# interval = seconds: 0.25
# start_time = Jul 02 2012 15:04:08 [Instrument's time stamp, header]
# bad_flag = -9.990e-29
*END*
          1 184.627870    0.00000     0.0000      0.000     -0.077   2646.886     1.3648     9.7149     -0.077    7.88360     9.7223     0.7986   14.46212 6.3417e+02 0.0000e+00
          2 184.627873    0.00007     0.0042      0.250     -0.077   2691.448     1.4000     9.7177     -0.077    7.88165     9.7300     0.8253   14.45844 6.2387e+02 0.0000e+00
          3 184.627876    0.00014     0.0083      0.500     -0.076   2838.492     1.4974     9.7223     -0.076    7.87645     9.7425     0.9003   14.44845 6.1096e+02 0.0000e+00
          4 184.627879    0.00021     0.0125      0.750     -0.074   3140.839     1.6903     9.7300     -0.074    7.86627     9.7630     1.0492   14.42877 5.9552e+02 0.0000e+00
          5 184.627882    0.00028     0.0167      1.000     -0.071   3680.540     2.0309     9.7425     -0.071    7.84839     9.7967     1.3124   14.39415 5.7525e+02 0.0000e+00
          6 184.627885    0.00035     0.0208      1.250     -0.066   4631.591     2.6259     9.7630     -0.066    7.81727     9.8525     1.7727   14.33383 5.4898e+02 0.0000e+00
          7 184.627888    0.00042     0.0250      1.500     -0.057   6268.565     3.6452     9.7967     -0.057    7.76409     9.9452     2.5614   14.23066 5.2048e+02 0.0000e+00
          8 184.627891    0.00049     0.0292      1.750     -0.042   9023.006     5.3579     9.8525     -0.042    7.67483    10.0973     3.8868   14.05745 4.9533e+02 0.0000e+00
          9 184.627894    0.00056     0.0333      2.000     -0.017  13629.836     8.2208     9.9452     -0.017    7.52570    10.3174     6.1025   13.76805 4.7604e+02 0.0000e+00
         10 184.627896    0.00063     0.0375      2.250      0.021  20029.896    12.2290    10.0973      0.021    7.31474    10.5749     9.2007   13.35978 4.6244e+02 0.0000e+00
         11 184.627899    0.00069     0.0417      2.500      0.071  27137.766    16.7763    10.3174      0.071    7.07230    10.8263    12.7064   12.89316 4.5397e+02 0.0000e+00
         12 184.627902    0.00076     0.0458      2.750      0.129  33729.306    21.0808    10.5749      0.128    6.83960    11.0462    16.0146   12.44770 4.4852e+02 0.0000e+00
         13 184.627905    0.00083     0.0500      3.000      0.188  38505.051    24.2257    10.8263      0.186    6.66182    11.2239    18.4203   12.10975 4.3922e+02 0.0000e+00
         14 184.627908    0.00090     0.0542      3.250      0.244  41313.516    26.0797    11.0462      0.242    6.54697    11.3579    19.8263   11.89378 4.2034e+02 0.0000e+00
         15 184.627911    0.00097     0.0583      3.500      0.295  42944.165    27.1583    11.2239      0.292    6.47313    11.4530    20.6359   11.75642 3.9566e+02 0.0000e+00
         16 184.627914    0.00104     0.0625      3.750      0.341  43886.226    27.7827    11.3579      0.338    6.42602    11.5173    21.0992   11.66961 3.6856e+02 0.0000e+00
         17 184.627917    0.00111     0.0667      4.000      0.384  44431.004    28.1444    11.4530      0.380    6.39627    11.5593    21.3646   11.61521 3.4059e+02 0.0000e+00
         18 184.627920    0.00118     0.0708      4.250      0.427  44749.512    28.3562    11.5173      0.423    6.37764    11.5861    21.5185   11.58133 3.1718e+02 0.0000e+00
         19 184.627922    0.00125     0.0750      4.500      0.480  44938.972    28.4824    11.5594      0.476    6.36603    11.6026    21.6097   11.56030 2.9706e+02 0.0000e+00
         20 184.627925    0.00132     0.0792      4.750      0.552  45051.016    28.5572    11.5862      0.547    6.35888    11.6108    21.6633   11.54740 2.7635e+02 0.0000e+00
         21 184.627928    0.00139     0.0833      5.000      0.640  45112.049    28.5977    11.6027      0.634    6.35471    11.6101    21.6920   11.53990 2.5852e+02 0.0000e+00
         22 184.627931    0.00146     0.0875      5.250      0.729  45139.060    28.6151    11.6109      0.722    6.35272    11.5992    21.7042   11.53634 2.4751e+02 0.0000e+00
         23 184.627934    0.00153     0.0917      5.500      0.803  45152.074    28.6227    11.6102      0.796    6.35240    11.5801    21.7103   11.53567 2.4327e+02 0.0000e+00
         24 184.627937    0.00160     0.0958      5.750      0.853  45169.055    28.6327    11.5993      0.845    6.35341    11.5596    21.7200   11.53722 2.4306e+02 0.0000e+00
         25 184.627940    0.00167     0.1000      6.000      0.881  45191.752    28.6463    11.5802      0.872    6.35543    11.5448    21.7339   11.54041 2.4302e+02 0.0000e+00
         26 184.627943    0.00174     0.1042      6.250      0.894  45215.828    28.6610    11.5597      0.885    6.35761    11.5395    21.7489   11.54384 2.4244e+02 0.0000e+00
         27 184.627946    0.00181     0.1083      6.500      0.902  45241.961    28.6777    11.5449      0.893    6.35894    11.5450    21.7645   11.54584 2.4253e+02 0.0000e+00
         28 184.627948    0.00187     0.1125      6.750      0.916  45269.460    28.6964    11.5396      0.907    6.35890    11.5592    21.7799   11.54556 2.4115e+02 0.0000e+00
         29 184.627951    0.00194     0.1167      7.000      0.941  45289.954    28.7113    11.5451      0.933    6.35755    11.5768    21.7904   11.54313 2.3572e+02 0.0000e+00
         30 184.627954    0.00201     0.1208      7.250      0.978  45293.291    28.7149    11.5593      0.969    6.35547    11.5928    21.7908   11.53963 2.2765e+02 0.0000e+00
         31 184.627957    0.00208     0.1250      7.500      1.021  45280.500    28.7076    11.5769      1.012    6.35337    11.6050    21.7820   11.53623 2.2112e+02 0.0000e+00
         32 184.627960    0.00215     0.1292      7.750      1.063  45262.484    28.6964    11.5929      1.053    6.35164    11.6134    21.7706   11.53349 2.1888e+02 0.0000e+00
         33 184.627963    0.00222     0.1333      8.000      1.099  45246.794    28.6866    11.6052      1.089    6.35036    11.6184    21.7608   11.53149 2.1996e+02 0.0000e+00
         34 184.627966    0.00229     0.1375      8.250      1.126  45231.829    28.6768    11.6136      1.115    6.34961    11.6209    21.7518   11.53035 2.2179e+02 0.0000e+00
         35 184.627969    0.00236     0.1417      8.500      1.138  45216.259    28.6664    11.6186      1.127    6.34935    11.6222    21.7428   11.53004 2.2326e+02 0.0000e+00
         36 184.627972    0.00243     0.1458      8.750      1.135  45205.080    28.6588    11.6211      1.124    6.34932    11.6230    21.7365   11.53008 2.2481e+02 0.0000e+00
         37 184.627975    0.00250     0.1500      9.000      1.119  45202.641    28.6572    11.6223      1.108    6.34921    11.6229    21.7350   11.52992 2.2611e+02 0.0000e+00
         38 184.627977    0.00257     0.1542      9.250      1.098  45207.345    28.6606    11.6231      1.088    6.34897    11.6214    21.7375   11.52949 2.2555e+02 0.0000e+00
         39 184.627980    0.00264     0.1583      9.500      1.083  45213.902    28.6652    11.6230      1.073    6.34879    11.6180    21.7411   11.52914 2.2310e+02 0.0000e+00
         40 184.627983    0.00271     0.1625      9.750      1.080  45217.093    28.6673    11.6215      1.070    6.34892    11.6131    21.7430   11.52932 2.2129e+02 0.0000e+00
         41 184.627986    0.00278     0.1667     10.000      1.092  45212.371    28.6636    11.6182      1.082    6.34951    11.6064    21.7408   11.53035 2.2141e+02 0.0000e+00
         42 184.627989    0.00285     0.1708     10.250      1.113  45197.355    28.6526    11.6133      1.103    6.35062    11.5968    21.7331   11.53233 2.2170e+02 0.0000e+00
         43 184.627992    0.00292     0.1750     10.500      1.134  45179.172    28.6392    11.6065      1.124    6.35208    11.5840    21.7238   11.53490 2.2090e+02 0.0000e+00
         44 184.627995    0.00299     0.1792     10.750      1.150  45171.986    28.6333    11.5969      1.140    6.35362    11.5703    21.7209   11.53753 2.2037e+02 0.0000e+00
         45 184.627998    0.00306     0.1833     11.000      1.160  45182.219    28.6392    11.5841      1.150    6.35513    11.5605    21.7277   11.53996 2.2220e+02 0.0000e+00
         46 184.628001    0.00313     0.1875     11.250      1.165  45204.966    28.6539    11.5705      1.154    6.35640    11.5577    21.7415   11.54190 2.2678e+02 0.0000e+00
         47 184.628003    0.00319     0.1917     11.500      1.164  45229.990    28.6705    11.5607      1.153    6.35706    11.5612    21.7561   11.54280 2.3212e+02 0.0000e+00
         48 184.628006    0.00326     0.1958     11.750      1.157  45248.727    28.6834    11.5579      1.146    6.35693    11.5683    21.7666   11.54242 2.3527e+02 0.0000e+00
         49 184.628009    0.00333     0.2000     12.000      1.144  45258.651    28.6907    11.5614      1.134    6.35616    11.5763    21.7716   11.54106 2.3589e+02 0.0000e+00
         50 184.628012    0.00340     0.2042     12.250      1.130  45262.503    28.6940    11.5684      1.119    6.35507    11.5839    21.7730   11.53921 2.3590e+02 0.0000e+00
         51 184.628015    0.00347     0.2083     12.500      1.118  45263.906    28.6958    11.5764      1.108    6.35390    11.5899    21.7730   11.53725 2.3546e+02 0.0000e+00
         52 184.628018    0.00354     0.2125     12.750      1.115  45262.516    28.6955    11.5840      1.104    6.35288    11.5936    21.7715   11.53556 2.3331e+02 0.0000e+00
         53 184.628021    0.00361     0.2167     13.000      1.123  45255.056    28.6909    11.5900      1.112    6.35225    11.5943    21.7668   11.53457 2.3004e+02 0.0000e+00
         54 184.628024    0.00368     0.2208     13.250      1.138  45238.550    28.6796    11.5937      1.127    6.35219    11.5911    21.7575   11.53461 2.2777e+02 0.0000e+00
         55 184.628027    0.00375     0.2250     13.500      1.153  45213.587    28.6622    11.5945      1.142    6.35279    11.5828    21.7438   11.53581 2.2762e+02 0.0000e+00
         56 184.628030    0.00382     0.2292     13.750      1.161  45189.395    28.6449    11.5913      1.149    6.35392    11.5694    21.7310   11.53789 2.2935e+02 0.0000e+00
         57 184.628032    0.00389     0.2333     14.000      1.157  45179.967    28.6375    11.5830      1.146    6.35535    11.5541    21.7267   11.54035 2.3194e+02 0.0000e+00
         58 184.628035    0.00396     0.2375     14.250      1.144  45192.069    28.6447    11.5695      1.133    6.35690    11.5430    21.7346   11.54283 2.3450e+02 0.0000e+00
         59 184.628038    0.00403     0.2417     14.500      1.128  45221.514    28.6639    11.5543      1.118    6.35820    11.5400    21.7521   11.54476 2.3658e+02 0.0000e+00
         60 184.628041    0.00410     0.2458     14.750      1.118  45256.885    28.6877    11.5431      1.108    6.35876    11.5451    21.7725   11.54542 2.3650e+02 0.0000e+00
         61 184.628044    0.00417     0.2500     15.000      1.121  45284.419    28.7067    11.5401      1.110    6.35840    11.5544    21.7878   11.54459 2.3199e+02 0.0000e+00
         62 184.628047    0.00424     0.2542     15.250      1.138  45294.228    28.7141    11.5452      1.127    6.35742    11.5635    21.7926   11.54287 2.2521e+02 0.0000e+00
         63 184.628050    0.00431     0.2583     15.500      1.166  45284.742    28.7083    11.5545      1.154    6.35638    11.5691    21.7865   11.54121 2.2179e+02 0.0000e+00
         64 184.628053    0.00438     0.2625     15.750      1.196  45260.519    28.6922    11.5636      1.185    6.35578    11.5692    21.7724   11.54042 2.2312e+02 0.0000e+00
         65 184.628056    0.00444     0.2667     16.000      1.221  45231.023    28.6720    11.5692      1.210    6.35583    11.5628    21.7558   11.54074 2.2590e+02 0.0000e+00
         66 184.628058    0.00451     0.2708     16.250      1.232  45209.671    28.6571    11.5693      1.220    6.35642    11.5511    21.7441   11.54190 2.2842e+02 0.0000e+00
         67 184.628061    0.00458     0.2750     16.500      1.225  45206.083    28.6539    11.5629      1.214    6.35742    11.5387    21.7428   11.54359 2.3191e+02 0.0000e+00
         68 184.628064    0.00465     0.2792     16.750      1.203  45221.731    28.6638    11.5512      1.192    6.35862    11.5316    21.7525   11.54547 2.3715e+02 0.0000e+00
         69 184.628067    0.00472     0.2833     17.000      1.174  45249.562    28.6821    11.5388      1.162    6.35957    11.5330    21.7689   11.54683 2.4277e+02 0.0000e+00
         70 184.628070    0.00479     0.2875     17.250      1.145  45277.742    28.7012    11.5317      1.134    6.35977    11.5418    21.7850   11.54694 2.4576e+02 0.0000e+00
         71 184.628073    0.00486     0.2917     17.500      1.126  45296.236    28.7144    11.5331      1.115    6.35905    11.5536    21.7949   11.54557 2.4438e+02 0.0000e+00
         72 184.628076    0.00493     0.2958     17.750      1.120  45298.948    28.7171    11.5419      1.109    6.35774    11.5641    21.7955   11.54338 2.4088e+02 0.0000e+00
         73 184.628079    0.00500     0.3000     18.000      1.129  45284.851    28.7083    11.5537      1.118    6.35649    11.5704    21.7866   11.54140 2.3831e+02 0.0000e+00
         74 184.628082    0.00507     0.3042     18.250      1.147  45257.503    28.6901    11.5642      1.136    6.35579    11.5706    21.7707   11.54045 2.3705e+02 0.0000e+00
         75 184.628084    0.00514     0.3083     18.500      1.167  45226.136    28.6687    11.5705      1.156    6.35579    11.5635    21.7530   11.54071 2.3608e+02 0.0000e+00
         76 184.628087    0.00521     0.3125     18.750      1.181  45203.868    28.6531    11.5707      1.170    6.35639    11.5500    21.7408   11.54189 2.3550e+02 0.0000e+00
         77 184.628090    0.00528     0.3167     19.000      1.184  45198.745    28.6489    11.5636      1.173    6.35753    11.5348    21.7387   11.54383 2.3583e+02 0.0000e+00
         78 184.628093    0.00535     0.3208     19.250      1.178  45210.387    28.6557    11.5502      1.167    6.35908    11.5233    21.7464   11.54634 2.3666e+02 0.0000e+00
         79 184.628096    0.00542     0.3250     19.500      1.166  45230.796    28.6686    11.5349      1.155    6.36064    11.5181    21.7591   11.54877 2.3772e+02 0.0000e+00
         80 184.628099    0.00549     0.3292     19.750      1.154  45247.885    28.6795    11.5234      1.144    6.36178    11.5187    21.7695   11.55052 2.3880e+02 0.0000e+00
         81 184.628102    0.00556     0.3333     20.000      1.147  45252.849    28.6825    11.5183      1.136    6.36235    11.5216    21.7728   11.55145 2.3919e+02 0.0000e+00
         82 184.628105    0.00562     0.3375     20.250      1.145  45244.078    28.6764    11.5189      1.134    6.36252    11.5232    21.7679   11.55179 2.3803e+02 0.0000e+00
         83 184.628108    0.00569     0.3417     20.500      1.148  45227.573    28.6651    11.5218      1.137    6.36258    11.5213    21.7587   11.55203 2.3572e+02 0.0000e+00
         84 184.628111    0.00576     0.3458     20.750      1.155  45212.555    28.6547    11.5234      1.144    6.36277    11.5148    21.7503   11.55248 2.3373e+02 0.0000e+00
         85 184.628113    0.00583     0.3500     21.000      1.163  45204.595    28.6489    11.5215      1.153    6.36327    11.5045    21.7462   11.55336 2.3325e+02 0.0000e+00
         86 184.628116    0.00590     0.3542     21.250      1.170  45204.957    28.6485    11.5150      1.159    6.36417    11.4925    21.7470   11.55487 2.3446e+02 0.0000e+00
         87 184.628119    0.00597     0.3583     21.500      1.173  45212.360    28.6527    11.5046      1.161    6.36541    11.4814    21.7520   11.55688 2.3590e+02 0.0000e+00
         88 184.628122    0.00604     0.3625     21.750      1.168  45223.760    28.6596    11.4926      1.157    6.36677    11.4733    21.7594   11.55906 2.3626e+02 0.0000e+00
         89 184.628125    0.00611     0.3667     22.000      1.159  45236.730    28.6676    11.4815      1.148    6.36797    11.4698    21.7676   11.56095 2.3597e+02 0.0000e+00
         90 184.628128    0.00618     0.3708     22.250      1.149  45249.833    28.6760    11.4734      1.138    6.36873    11.4714    21.7755   11.56212 2.3607e+02 0.0000e+00
