CTD-processing/allCTD/CNV--turbid/2012_06-05a_t9_s01a_cast032.cnv
* Sea-Bird SBE19plus Data File:
* FileName = C:\Documents and Settings\kris.holderied.local\My Documents\2012-KBRR-CTD-Kachemak-Bay\2012-KBRR-CTD-cast032.hex
* Software Version 1.54
* Temperature SN =  4141
* Conductivity SN =  4141
* System UpLoad Time = Jul 24 2012 21:54:45
** Kachemak Bay - Homer Spit Line CTD Survey
** Date:  2012-xx-xx   xxxx Tide (x of 2 lines)
** Station: 9-01
** Start time (AKDT-24 hr): 15:43
** Depth (m): 67.1
** Comments:  CTD time set wrong by 1 hour
# nquan = 16
# nvalues = 794                         
# units = specified
# name 0 = scan: Scan Count
# name 1 = timeJ: Julian Days
# name 2 = timeH: Time, Elapsed [hours]
# name 3 = timeM: Time, Elapsed [minutes]
# name 4 = timeS: Time, Elapsed [seconds]
# name 5 = prdM: Pressure, Strain Gauge [db]
# name 6 = specc: Specific Conductance [uS/cm]
# name 7 = sal00: Salinity, Practical [PSU]
# name 8 = tv290C: Temperature [ITS-90, deg C]
# name 9 = depSM: Depth [salt water, m], lat = 59.00
# name 10 = oxsolML/L: Oxygen Saturation, Garcia & Gordon [ml/l]
# name 11 = potemp090C: Potential Temperature [ITS-90, deg C]
# name 12 = sigma-é00: Density [sigma-theta, kg/m^3]
# name 13 = n2satML/L: Nitrogen Saturation [ml/l]
# name 14 = par: PAR/Irradiance, Biospherical/Licor
# name 15 = flag:  0.000e+00
# span 0 =          1,        794       
# span 1 = 157.696748, 157.699042       
# span 2 =    0.00000,    0.05507       
# span 3 =     0.0000,     3.3042       
# span 4 =      0.000,    198.250       
# span 5 =     -0.066,     60.841       
# span 6 =    569.836,  51115.989       
# span 7 =     0.2729,    31.6954       
# span 8 =     4.7181,    11.9090       
# span 9 =     -0.066,     60.264       
# span 10 =    6.85651,    7.64941      
# span 11 =     4.7139,    11.9090      
# span 12 =    -0.2707,    25.0865      
# span 13 =   12.34302,   14.08203      
# span 14 = 5.8173e-02, 2.4809e+03      
# span 15 = 0.0000e+00, 0.0000e+00      
# interval = seconds: 0.25
# start_time = Jun 05 2012 16:43:19 [Instrument's time stamp, header]
# bad_flag = -9.990e-29
*END*
[from data line 91]
         92 157.697011    0.00632     0.3792     22.750     -0.063    670.231     0.3230    11.8452     -0.063    7.55259    11.8480    -0.2302   13.91742 1.8223e+03 0.0000e+00
         93 157.697014    0.00639     0.3833     23.000     -0.063    667.246     0.3216    11.8469     -0.063    7.55236    11.8487    -0.2316   13.91707 1.9531e+03 0.0000e+00
         94 157.697017    0.00646     0.3875     23.250     -0.063    664.230     0.3201    11.8480     -0.063    7.55224    11.8491    -0.2329   13.91689 2.0345e+03 0.0000e+00
         95 157.697020    0.00653     0.3917     23.500     -0.063    661.156     0.3185    11.8487     -0.063    7.55220    11.8495    -0.2342   13.91684 2.0825e+03 0.0000e+00
         96 157.697023    0.00660     0.3958     23.750     -0.064    658.019     0.3170    11.8491     -0.064    7.55220    11.8500    -0.2354   13.91687 2.1074e+03 0.0000e+00
         97 157.697025    0.00667     0.4000     24.000     -0.064    654.844     0.3154    11.8495     -0.064    7.55220    11.8503    -0.2367   13.91689 2.1182e+03 0.0000e+00
         98 157.697028    0.00674     0.4042     24.250     -0.064    651.777     0.3139    11.8500     -0.064    7.55219    11.8502    -0.2380   13.91689 2.1228e+03 0.0000e+00
         99 157.697031    0.00681     0.4083     24.500     -0.063    649.165     0.3126    11.8503     -0.063    7.55221    11.8498    -0.2390   13.91693 2.1220e+03 0.0000e+00
        100 157.697034    0.00688     0.4125     24.750     -0.063    647.276     0.3116    11.8502     -0.063    7.55227    11.8494    -0.2397   13.91706 2.1240e+03 0.0000e+00
        101 157.697037    0.00694     0.4167     25.000     -0.063    646.055     0.3110    11.8498     -0.063    7.55236    11.8488    -0.2401   13.91721 2.1410e+03 0.0000e+00
        102 157.697040    0.00701     0.4208     25.250     -0.063    645.192     0.3106    11.8494     -0.063    7.55245    11.8479    -0.2404   13.91737 2.1602e+03 0.0000e+00
        103 157.697043    0.00708     0.4250     25.500     -0.063    644.263     0.3101    11.8488     -0.063    7.55257    11.8469    -0.2407   13.91758 2.1700e+03 0.0000e+00
        104 157.697046    0.00715     0.4292     25.750     -0.063    642.909     0.3095    11.8479     -0.063    7.55276    11.8460    -0.2412   13.91791 2.1728e+03 0.0000e+00
        105 157.697049    0.00722     0.4333     26.000     -0.063    641.046     0.3085    11.8469     -0.063    7.55298    11.8456    -0.2418   13.91829 2.1698e+03 0.0000e+00
        106 157.697052    0.00729     0.4375     26.250     -0.064    638.936     0.3075    11.8460     -0.064    7.55318    11.8460    -0.2425   13.91864 2.1640e+03 0.0000e+00
        107 157.697054    0.00736     0.4417     26.500     -0.064    636.963     0.3065    11.8456     -0.064    7.55330    11.8475    -0.2432   13.91887 2.1588e+03 0.0000e+00
        108 157.697057    0.00743     0.4458     26.750     -0.063    635.370     0.3057    11.8460     -0.063    7.55328    11.8501    -0.2439   13.91884 2.1530e+03 0.0000e+00
        109 157.697060    0.00750     0.4500     27.000     -0.063    634.135     0.3051    11.8475     -0.063    7.55304    11.8533    -0.2445   13.91845 2.1476e+03 0.0000e+00
        110 157.697063    0.00757     0.4542     27.250     -0.063    633.088     0.3046    11.8501     -0.063    7.55262    11.8566    -0.2452   13.91774 2.1462e+03 0.0000e+00
        111 157.697066    0.00764     0.4583     27.500     -0.063    632.023     0.3040    11.8533     -0.063    7.55210    11.8600    -0.2460   13.91687 2.1470e+03 0.0000e+00
        112 157.697069    0.00771     0.4625     27.750     -0.063    630.681     0.3034    11.8566     -0.063    7.55156    11.8631    -0.2469   13.91597 2.1466e+03 0.0000e+00
        113 157.697072    0.00778     0.4667     28.000     -0.063    628.890     0.3025    11.8600     -0.063    7.55102    11.8650    -0.2479   13.91506 2.1463e+03 0.0000e+00
        114 157.697075    0.00785     0.4708     28.250     -0.063    626.809     0.3015    11.8631     -0.063    7.55053    11.8654    -0.2491   13.91426 2.1466e+03 0.0000e+00
        115 157.697078    0.00792     0.4750     28.500     -0.063    624.907     0.3005    11.8650     -0.063    7.55025    11.8653    -0.2500   13.91379 2.1421e+03 0.0000e+00
        116 157.697080    0.00799     0.4792     28.750     -0.063    623.520     0.2998    11.8653     -0.063    7.55022    11.8657    -0.2506   13.91375 2.1302e+03 0.0000e+00
        117 157.697083    0.00806     0.4833     29.000     -0.063    622.537     0.2993    11.8652     -0.063    7.55026    11.8668    -0.2510   13.91382 2.1123e+03 0.0000e+00
        118 157.697086    0.00813     0.4875     29.250     -0.063    621.693     0.2989    11.8657     -0.063    7.55019    11.8677    -0.2514   13.91372 2.0855e+03 0.0000e+00
        119 157.697089    0.00819     0.4917     29.500     -0.063    620.854     0.2985    11.8668     -0.063    7.55003    11.8685    -0.2519   13.91345 2.0424e+03 0.0000e+00
        120 157.697092    0.00826     0.4958     29.750     -0.063    619.903     0.2980    11.8677     -0.063    7.54989    11.8696    -0.2523   13.91322 1.9843e+03 0.0000e+00
        121 157.697095    0.00833     0.5000     30.000     -0.063    618.655     0.2974    11.8685     -0.063    7.54980    11.8712    -0.2529   13.91307 1.9354e+03 0.0000e+00
        122 157.697098    0.00840     0.5042     30.250     -0.063    617.077     0.2966    11.8696     -0.063    7.54965    11.8733    -0.2536   13.91283 1.9222e+03 0.0000e+00
        123 157.697101    0.00847     0.5083     30.500     -0.063    615.465     0.2958    11.8712     -0.063    7.54940    11.8759    -0.2544   13.91242 1.9367e+03 0.0000e+00
        124 157.697104    0.00854     0.5125     30.750     -0.063    614.199     0.2952    11.8733     -0.063    7.54907    11.8792    -0.2552   13.91186 1.9453e+03 0.0000e+00
        125 157.697106    0.00861     0.5167     31.000     -0.063    613.377     0.2948    11.8759     -0.063    7.54865    11.8833    -0.2558   13.91116 1.9208e+03 0.0000e+00
        126 157.697109    0.00868     0.5208     31.250     -0.063    612.795     0.2945    11.8792     -0.063    7.54810    11.8882    -0.2564   13.91023 1.8454e+03 0.0000e+00
        127 157.697112    0.00875     0.5250     31.500     -0.063    612.074     0.2942    11.8833     -0.063    7.54741    11.8937    -0.2571   13.90907 1.6940e+03 0.0000e+00
        128 157.697115    0.00882     0.5292     31.750     -0.063    610.750     0.2935    11.8882     -0.063    7.54659    11.8994    -0.2582   13.90769 1.5072e+03 0.0000e+00
        129 157.697118    0.00889     0.5333     32.000     -0.064    608.452     0.2924    11.8937     -0.064    7.54569    11.9044    -0.2597   13.90619 1.4092e+03 0.0000e+00
        130 157.697121    0.00896     0.5375     32.250     -0.064    605.145     0.2908    11.8994     -0.064    7.54480    11.9079    -0.2616   13.90469 1.3978e+03 0.0000e+00
        131 157.697124    0.00903     0.5417     32.500     -0.064    601.191     0.2888    11.9044     -0.064    7.54402    11.9090    -0.2637   13.90341 1.3211e+03 0.0000e+00
        132 157.697127    0.00910     0.5458     32.750     -0.063    597.175     0.2868    11.9079     -0.063    7.54352    11.9073    -0.2657   13.90258 1.1194e+03 0.0000e+00
        133 157.697130    0.00917     0.5500     33.000     -0.063    593.671     0.2851    11.9090     -0.063    7.54342    11.9039    -0.2672   13.90245 8.9382e+02 0.0000e+00
        134 157.697133    0.00924     0.5542     33.250     -0.063    590.872     0.2837    11.9073     -0.063    7.54376    11.8996    -0.2681   13.90305 7.4896e+02 0.0000e+00
        135 157.697135    0.00931     0.5583     33.500     -0.063    588.306     0.2824    11.9039     -0.063    7.54441    11.8943    -0.2687   13.90416 7.0237e+02 0.0000e+00
        136 157.697138    0.00937     0.5625     33.750     -0.063    585.251     0.2809    11.8996     -0.063    7.54522    11.8872    -0.2694   13.90556 7.6081e+02 0.0000e+00
        137 157.697141    0.00944     0.5667     34.000     -0.063    581.642     0.2791    11.8943     -0.063    7.54622    11.8780    -0.2702   13.90728 9.5399e+02 0.0000e+00
        138 157.697144    0.00951     0.5708     34.250     -0.064    578.290     0.2774    11.8872     -0.064    7.54752    11.8673    -0.2707   13.90950 1.2769e+03 0.0000e+00
        139 157.697147    0.00958     0.5750     34.500     -0.064    576.355     0.2765    11.8780     -0.064    7.54916    11.8564    -0.2704   13.91229 1.6111e+03 0.0000e+00
        140 157.697150    0.00965     0.5792     34.750     -0.064    576.801     0.2767    11.8673     -0.064    7.55099    11.8459    -0.2690   13.91538 1.8006e+03 0.0000e+00
        141 157.697153    0.00972     0.5833     35.000     -0.064    580.067     0.2783    11.8564     -0.064    7.55279    11.8368    -0.2665   13.91842 1.9005e+03 0.0000e+00
        142 157.697156    0.00979     0.5875     35.250     -0.063    586.574     0.2816    11.8459     -0.063    7.55443    11.8302    -0.2627   13.92115 2.0445e+03 0.0000e+00
        143 157.697159    0.00986     0.5917     35.500     -0.063    597.206     0.2869    11.8368     -0.063    7.55575    11.8263    -0.2576   13.92330 2.1779e+03 0.0000e+00
        144 157.697161    0.00993     0.5958     35.750     -0.063    613.288     0.2949    11.8302     -0.063    7.55651    11.8241    -0.2506   13.92447 2.2347e+03 0.0000e+00
        145 157.697164    0.01000     0.6000     36.000     -0.063    636.935     0.3067    11.8263     -0.063    7.55662    11.8225    -0.2409   13.92450 2.2298e+03 0.0000e+00
        146 157.697167    0.01007     0.6042     36.250     -0.063    671.674     0.3241    11.8241     -0.063    7.55618    11.8209    -0.2270   13.92350 2.1646e+03 0.0000e+00
        147 157.697170    0.01014     0.6083     36.500     -0.062    721.699     0.3492    11.8225     -0.062    7.55527    11.8190    -0.2073   13.92159 2.0239e+03 0.0000e+00
        148 157.697173    0.01021     0.6125     36.750     -0.062    788.662     0.3828    11.8209     -0.062    7.55395    11.8168    -0.1808   13.91888 1.7741e+03 0.0000e+00
        149 157.697176    0.01028     0.6167     37.000     -0.062    867.800     0.4227    11.8190     -0.062    7.55238    11.8148    -0.1494   13.91565 1.4688e+03 0.0000e+00
        150 157.697179    0.01035     0.6208     37.250     -0.062    944.794     0.4616    11.8168     -0.062    7.55091    11.8138    -0.1188   13.91260 1.2895e+03 0.0000e+00
        151 157.697182    0.01042     0.6250     37.500     -0.062   1001.982     0.4905    11.8148     -0.061    7.54987    11.8136    -0.0960   13.91044 1.3592e+03 0.0000e+00
        152 157.697185    0.01049     0.6292     37.750     -0.062   1034.617     0.5070    11.8138     -0.061    7.54927    11.8132    -0.0830   13.90919 1.6068e+03 0.0000e+00
        153 157.697188    0.01056     0.6333     38.000     -0.062   1052.359     0.5160    11.8136     -0.062    7.54889    11.8117    -0.0759   13.90841 1.8347e+03 0.0000e+00
        154 157.697190    0.01063     0.6375     38.250     -0.062   1065.748     0.5227    11.8132     -0.062    7.54863    11.8091    -0.0706   13.90788 1.9230e+03 0.0000e+00
        155 157.697193    0.01069     0.6417     38.500     -0.062   1080.863     0.5304    11.8117     -0.062    7.54852    11.8061    -0.0644   13.90758 1.8628e+03 0.0000e+00
        156 157.697196    0.01076     0.6458     38.750     -0.062   1100.334     0.5403    11.8091     -0.062    7.54850    11.8034    -0.0564   13.90741 1.6408e+03 0.0000e+00
        157 157.697199    0.01083     0.6500     39.000     -0.062   1123.962     0.5524    11.8061     -0.062    7.54844    11.8009    -0.0466   13.90714 1.3053e+03 0.0000e+00
        158 157.697202    0.01090     0.6542     39.250     -0.062   1150.025     0.5658    11.8034     -0.062    7.54828    11.7982    -0.0359   13.90667 1.0173e+03 0.0000e+00
        159 157.697205    0.01097     0.6583     39.500     -0.062   1176.198     0.5792    11.8009     -0.062    7.54806    11.7948    -0.0251   13.90612 8.8878e+02 0.0000e+00
        160 157.697208    0.01104     0.6625     39.750     -0.062   1200.014     0.5914    11.7982     -0.062    7.54794    11.7904    -0.0153   13.90574 9.2896e+02 0.0000e+00
        161 157.697211    0.01111     0.6667     40.000     -0.062   1219.161     0.6012    11.7948     -0.062    7.54807    11.7848    -0.0072   13.90581 1.1137e+03 0.0000e+00
        162 157.697214    0.01118     0.6708     40.250     -0.062   1232.239     0.6079    11.7904     -0.062    7.54851    11.7782    -0.0015   13.90647 1.3068e+03 0.0000e+00
        163 157.697216    0.01125     0.6750     40.500     -0.062   1239.445     0.6116    11.7848     -0.061    7.54930    11.7709     0.0020   13.90774 1.2977e+03 0.0000e+00
        164 157.697219    0.01132     0.6792     40.750     -0.062   1242.537     0.6132    11.7782     -0.061    7.55036    11.7633     0.0040   13.90951 1.0625e+03 0.0000e+00
        165 157.697222    0.01139     0.6833     41.000     -0.062   1244.193     0.6140    11.7709     -0.061    7.55157    11.7553     0.0055   13.91156 7.7617e+02 0.0000e+00
        166 157.697225    0.01146     0.6875     41.250     -0.062   1246.658     0.6153    11.7633     -0.062    7.55283    11.7465     0.0073   13.91367 5.7114e+02 0.0000e+00
        167 157.697228    0.01153     0.6917     41.500     -0.062   1250.556     0.6173    11.7553     -0.062    7.55411    11.7364     0.0098   13.91581 4.5438e+02 0.0000e+00
        168 157.697231    0.01160     0.6958     41.750     -0.062   1254.545     0.6193    11.7465     -0.062    7.55553    11.7244     0.0123   13.91817 3.9482e+02 0.0000e+00
        169 157.697234    0.01167     0.7000     42.000     -0.062   1256.682     0.6204    11.7364     -0.062    7.55723    11.7108     0.0143   13.92103 3.7583e+02 0.0000e+00
        170 157.697237    0.01174     0.7042     42.250     -0.062   1255.827     0.6200    11.7244     -0.062    7.55932    11.6967     0.0153   13.92458 3.9167e+02 0.0000e+00
        171 157.697240    0.01181     0.7083     42.500     -0.062   1251.502     0.6177    11.7108     -0.061    7.56177    11.6828     0.0151   13.92877 4.4657e+02 0.0000e+00
        172 157.697242    0.01188     0.7125     42.750     -0.061   1243.935     0.6138    11.6967     -0.061    7.56440    11.6695     0.0136   13.93327 5.5506e+02 0.0000e+00
        173 157.697245    0.01194     0.7167     43.000     -0.061   1234.049     0.6087    11.6828     -0.060    7.56704    11.6569     0.0112   13.93781 6.5968e+02 0.0000e+00
        174 157.697248    0.01201     0.7208     43.250     -0.061   1223.066     0.6030    11.6695     -0.060    7.56961    11.6449     0.0083   13.94225 6.6141e+02 0.0000e+00
        175 157.697251    0.01208     0.7250     43.500     -0.061   1212.171     0.5974    11.6569     -0.061    7.57205    11.6329     0.0053   13.94646 5.7912e+02 0.0000e+00
        176 157.697254    0.01215     0.7292     43.750     -0.061   1202.148     0.5923    11.6449     -0.061    7.57437    11.6210     0.0026   13.95047 4.9032e+02 0.0000e+00
        177 157.697257    0.01222     0.7333     44.000     -0.062   1192.901     0.5875    11.6329     -0.062    7.57669    11.6107     0.0002   13.95445 4.3625e+02 0.0000e+00
        178 157.697260    0.01229     0.7375     44.250     -0.062   1183.558     0.5827    11.6210     -0.062    7.57896    11.6027    -0.0022   13.95838 4.2604e+02 0.0000e+00
        179 157.697263    0.01236     0.7417     44.500     -0.062   1173.686     0.5776    11.6107     -0.062    7.58100    11.5970    -0.0051   13.96190 4.5747e+02 0.0000e+00
        180 157.697266    0.01243     0.7458     44.750     -0.062   1163.900     0.5726    11.6027     -0.062    7.58263    11.5932    -0.0081   13.96473 5.4095e+02 0.0000e+00
