CTD-processing/allCTD/CNV--turbid/2012_05-03_t6_s11_cast055.cnv
* Sea-Bird SBE19plus Data File:
* FileName = C:\Documents and Settings\glenn.seaman\My Documents\KHolderied-files\CTD-DATA-FILES\2012-05-LTM-LowerCookInlet-CTD\Transect6-2012-05-Douglas\2012-05-03-04-LTM-Tran6-cast055.hex
* Software Version 1.59
* Temperature SN =  5028
* Conductivity SN =  5028
* System UpLoad Time = May 31 2012 02:28:44
** LTM Transect6- Pt Adam to Cape Douglas
** Date: 05-03
** Station: 6-11
** Start time (AKDT-24hr): 20:23
** Depth (m): 112
** check sta no, add time/z from log
# nquan = 16
# nvalues = 701                         
# units = specified
# name 0 = scan: Scan Count
# name 1 = timeJ: Julian Days
# name 2 = timeH: Time, Elapsed [hours]
# name 3 = timeM: Time, Elapsed [minutes]
# name 4 = timeS: Time, Elapsed [seconds]
# name 5 = prdM: Pressure, Strain Gauge [db]
# name 6 = specc: Specific Conductance [uS/cm]
# name 7 = sal00: Salinity, Practical [PSU]
# name 8 = tv290C: Temperature [ITS-90, deg C]
# name 9 = depSM: Depth [salt water, m], lat = 59.00
# name 10 = oxsolML/L: Oxygen Saturation, Garcia & Gordon [ml/l]
# name 11 = potemp090C: Potential Temperature [ITS-90, deg C]
# name 12 = sigma-é00: Density [sigma-theta, kg/m^3]
# name 13 = n2satML/L: Nitrogen Saturation [ml/l]
# name 14 = par: PAR/Irradiance, Biospherical/Licor [umol photons/m^2/sec]
# name 15 = flag:  0.000e+00
# span 0 =          1,        701       
# span 1 = 124.849560, 124.851586       
# span 2 =    0.00000,    0.04861       
# span 3 =     0.0000,     2.9167       
# span 4 =      0.000,    175.000       
# span 5 =     -0.134,    109.593       
# span 6 =    509.624,  51695.106       
# span 7 =     0.2377,    32.0895       
# span 8 =     3.8936,     4.8120       
# span 9 =     -0.133,    108.539       
# span 10 =    7.24493,    9.18205      
# span 11 =     3.8936,     4.8042      
# span 12 =     0.1666,    25.3895      
# span 13 =   12.97029,   16.66408      
# span 14 = 3.7490e-02, 7.6601e+01      
# span 15 = 0.0000e+00, 0.0000e+00      
# interval = seconds: 0.25
# start_time = May 03 2012 20:23:22 [Instrument's time stamp, header]
# bad_flag = -9.990e-29
*END*
[from data line 633]
        634 124.851392    0.04396     2.6375    158.250     90.076  51621.361    32.0443     4.7932     89.215    7.25040     4.7877    25.3556   12.97990 3.7490e-02 0.0000e+00
        635 124.851395    0.04403     2.6417    158.500     90.438  51623.602    32.0457     4.7936     89.572    7.25025     4.7882    25.3567   12.97963 3.7490e-02 0.0000e+00
        636 124.851398    0.04410     2.6458    158.750     90.789  51625.684    32.0471     4.7941     89.920    7.25010     4.7887    25.3577   12.97936 3.7490e-02 0.0000e+00
        637 124.851400    0.04417     2.6500    159.000     91.121  51627.560    32.0484     4.7947     90.249    7.24994     4.7892    25.3586   12.97909 3.7490e-02 0.0000e+00
        638 124.851403    0.04424     2.6542    159.250     91.431  51629.050    32.0494     4.7952     90.556    7.24979     4.7897    25.3594   12.97884 3.7490e-02 0.0000e+00
        639 124.851406    0.04431     2.6583    159.500     91.719  51629.965    32.0500     4.7957     90.841    7.24967     4.7900    25.3598   12.97863 3.7490e-02 0.0000e+00
        640 124.851409    0.04437     2.6625    159.750     91.989  51630.339    32.0502     4.7962     91.108    7.24959     4.7901    25.3599   12.97849 3.7490e-02 0.0000e+00
        641 124.851412    0.04444     2.6667    160.000     92.250  51630.372    32.0502     4.7965     91.367    7.24954     4.7902    25.3599   12.97840 3.7490e-02 0.0000e+00
        642 124.851415    0.04451     2.6708    160.250     92.510  51630.302    32.0500     4.7967     91.625    7.24951     4.7903    25.3597   12.97836 3.7490e-02 0.0000e+00
        643 124.851418    0.04458     2.6750    160.500     92.779  51630.323    32.0499     4.7968     91.891    7.24949     4.7903    25.3597   12.97833 3.7490e-02 0.0000e+00
        644 124.851421    0.04465     2.6792    160.750     93.064  51630.497    32.0499     4.7969     92.173    7.24948     4.7903    25.3597   12.97831 3.7490e-02 0.0000e+00
        645 124.851424    0.04472     2.6833    161.000     93.368  51630.835    32.0500     4.7969     92.474    7.24947     4.7904    25.3597   12.97829 3.7490e-02 0.0000e+00
        646 124.851427    0.04479     2.6875    161.250     93.693  51631.287    32.0502     4.7970     92.796    7.24945     4.7904    25.3599   12.97826 3.7490e-02 0.0000e+00
        647 124.851429    0.04486     2.6917    161.500     94.037  51631.607    32.0502     4.7971     93.137    7.24944     4.7904    25.3599   12.97823 3.7490e-02 0.0000e+00
        648 124.851432    0.04493     2.6958    161.750     94.394  51631.522    32.0500     4.7971     93.490    7.24944     4.7904    25.3597   12.97823 3.7490e-02 0.0000e+00
        649 124.851435    0.04500     2.7000    162.000     94.757  51631.198    32.0496     4.7972     93.850    7.24945     4.7904    25.3594   12.97826 3.7490e-02 0.0000e+00
        650 124.851438    0.04507     2.7042    162.250     95.120  51631.163    32.0494     4.7972     94.209    7.24945     4.7904    25.3593   12.97827 3.7490e-02 0.0000e+00
        651 124.851441    0.04514     2.7083    162.500     95.476  51631.688    32.0496     4.7972     94.562    7.24945     4.7904    25.3594   12.97826 3.7490e-02 0.0000e+00
        652 124.851444    0.04521     2.7125    162.750     95.823  51632.717    32.0501     4.7972     94.905    7.24942     4.7906    25.3598   12.97821 3.7490e-02 0.0000e+00
        653 124.851447    0.04528     2.7167    163.000     96.157  51633.874    32.0508     4.7972     95.236    7.24937     4.7907    25.3603   12.97812 3.7490e-02 0.0000e+00
        654 124.851450    0.04535     2.7208    163.250     96.476  51634.762    32.0513     4.7974     95.552    7.24932     4.7909    25.3607   12.97803 3.7490e-02 0.0000e+00
        655 124.851453    0.04542     2.7250    163.500     96.782  51635.316    32.0515     4.7976     95.855    7.24928     4.7910    25.3609   12.97795 3.7490e-02 0.0000e+00
        656 124.851455    0.04549     2.7292    163.750     97.077  51635.648    32.0517     4.7977     96.146    7.24924     4.7911    25.3610   12.97789 3.7490e-02 0.0000e+00
        657 124.851458    0.04556     2.7333    164.000     97.363  51635.899    32.0517     4.7979     96.430    7.24921     4.7912    25.3610   12.97784 3.7490e-02 0.0000e+00
        658 124.851461    0.04562     2.7375    164.250     97.645  51636.147    32.0518     4.7980     96.709    7.24919     4.7913    25.3611   12.97780 3.7490e-02 0.0000e+00
        659 124.851464    0.04569     2.7417    164.500     97.927  51636.551    32.0519     4.7981     96.988    7.24916     4.7914    25.3612   12.97776 3.7490e-02 0.0000e+00
        660 124.851467    0.04576     2.7458    164.750     98.211  51637.245    32.0523     4.7982     97.270    7.24912     4.7915    25.3614   12.97769 3.7490e-02 0.0000e+00
        661 124.851470    0.04583     2.7500    165.000     98.502  51638.119    32.0528     4.7984     97.558    7.24908     4.7916    25.3618   12.97761 3.7490e-02 0.0000e+00
        662 124.851473    0.04590     2.7542    165.250     98.799  51639.189    32.0534     4.7985     97.852    7.24903     4.7918    25.3623   12.97751 3.7490e-02 0.0000e+00
        663 124.851476    0.04597     2.7583    165.500     99.102  51640.612    32.0543     4.7987     98.152    7.24895     4.7921    25.3629   12.97739 3.7490e-02 0.0000e+00
        664 124.851479    0.04604     2.7625    165.750     99.410  51642.208    32.0553     4.7989     98.457    7.24887     4.7924    25.3637   12.97723 3.7490e-02 0.0000e+00
        665 124.851481    0.04611     2.7667    166.000     99.720  51643.626    32.0561     4.7992     98.764    7.24878     4.7927    25.3644   12.97707 3.7490e-02 0.0000e+00
        666 124.851484    0.04618     2.7708    166.250    100.031  51644.675    32.0568     4.7995     99.072    7.24869     4.7929    25.3649   12.97692 3.7490e-02 0.0000e+00
        667 124.851487    0.04625     2.7750    166.500    100.340  51645.336    32.0571     4.7998     99.378    7.24862     4.7931    25.3652   12.97679 3.7490e-02 0.0000e+00
        668 124.851490    0.04632     2.7792    166.750    100.646  51645.764    32.0574     4.8001     99.681    7.24856     4.7932    25.3653   12.97669 3.7490e-02 0.0000e+00
        669 124.851493    0.04639     2.7833    167.000    100.948  51646.084    32.0575     4.8003     99.980    7.24852     4.7933    25.3654   12.97662 3.7490e-02 0.0000e+00
        670 124.851496    0.04646     2.7875    167.250    101.246  51646.381    32.0576     4.8005    100.275    7.24848     4.7934    25.3654   12.97657 3.7490e-02 0.0000e+00
        671 124.851499    0.04653     2.7917    167.500    101.540  51646.883    32.0578     4.8006    100.566    7.24845     4.7936    25.3656   12.97651 3.7490e-02 0.0000e+00
        672 124.851502    0.04660     2.7958    167.750    101.833  51647.885    32.0584     4.8007    100.856    7.24841     4.7938    25.3660   12.97643 3.7490e-02 0.0000e+00
        673 124.851505    0.04667     2.8000    168.000    102.128  51649.413    32.0593     4.8009    101.148    7.24833     4.7942    25.3667   12.97629 3.7490e-02 0.0000e+00
        674 124.851508    0.04674     2.8042    168.250    102.426  51651.386    32.0606     4.8011    101.443    7.24822     4.7946    25.3677   12.97610 3.7490e-02 0.0000e+00
        675 124.851510    0.04681     2.8083    168.500    102.730  51653.734    32.0621     4.8015    101.744    7.24808     4.7951    25.3689   12.97585 3.7490e-02 0.0000e+00
        676 124.851513    0.04688     2.8125    168.750    103.040  51656.021    32.0636     4.8019    102.051    7.24793     4.7956    25.3701   12.97558 3.7490e-02 0.0000e+00
        677 124.851516    0.04694     2.8167    169.000    103.355  51658.069    32.0650     4.8025    102.363    7.24777     4.7962    25.3711   12.97530 3.7490e-02 0.0000e+00
        678 124.851519    0.04701     2.8208    169.250    103.675  51660.345    32.0665     4.8030    102.680    7.24760     4.7968    25.3723   12.97500 3.7490e-02 0.0000e+00
        679 124.851522    0.04708     2.8250    169.500    104.001  51663.073    32.0684     4.8036    103.002    7.24741     4.7975    25.3737   12.97466 3.7490e-02 0.0000e+00
        680 124.851525    0.04715     2.8292    169.750    104.331  51665.880    32.0703     4.8043    103.329    7.24721     4.7982    25.3751   12.97430 3.7490e-02 0.0000e+00
        681 124.851528    0.04722     2.8333    170.000    104.665  51668.315    32.0719     4.8050    103.661    7.24701     4.7988    25.3764   12.97394 3.7490e-02 0.0000e+00
        682 124.851531    0.04729     2.8375    170.250    105.003  51670.159    32.0732     4.8057    103.995    7.24682     4.7994    25.3773   12.97362 3.7490e-02 0.0000e+00
        683 124.851534    0.04736     2.8417    170.500    105.341  51671.637    32.0742     4.8063    104.329    7.24666     4.7999    25.3780   12.97334 3.7490e-02 0.0000e+00
        684 124.851536    0.04743     2.8458    170.750    105.679  51673.150    32.0752     4.8069    104.665    7.24651     4.8003    25.3787   12.97309 3.7490e-02 0.0000e+00
        685 124.851539    0.04750     2.8500    171.000    106.019  51674.613    32.0762     4.8074    105.001    7.24638     4.8007    25.3794   12.97285 3.7490e-02 0.0000e+00
        686 124.851542    0.04757     2.8542    171.250    106.356  51675.680    32.0769     4.8079    105.335    7.24626     4.8010    25.3799   12.97265 3.7490e-02 0.0000e+00
        687 124.851545    0.04764     2.8583    171.500    106.686  51676.324    32.0772     4.8083    105.662    7.24617     4.8012    25.3802   12.97249 3.7490e-02 0.0000e+00
        688 124.851548    0.04771     2.8625    171.750    107.004  51676.815    32.0775     4.8086    105.976    7.24610     4.8014    25.3803   12.97237 3.7490e-02 0.0000e+00
        689 124.851551    0.04778     2.8667    172.000    107.304  51677.391    32.0778     4.8089    106.274    7.24604     4.8016    25.3805   12.97228 3.7490e-02 0.0000e+00
        690 124.851554    0.04785     2.8708    172.250    107.586  51678.085    32.0781     4.8091    106.552    7.24599     4.8018    25.3808   12.97218 3.7490e-02 0.0000e+00
        691 124.851557    0.04792     2.8750    172.500    107.849  51678.904    32.0786     4.8092    106.813    7.24593     4.8020    25.3812   12.97208 3.7490e-02 0.0000e+00
        692 124.851560    0.04799     2.8792    172.750    108.095  51679.946    32.0792     4.8094    107.056    7.24587     4.8022    25.3817   12.97197 3.7490e-02 0.0000e+00
        693 124.851563    0.04806     2.8833    173.000    108.326  51681.109    32.0799     4.8097    107.284    7.24580     4.8024    25.3822   12.97184 3.7490e-02 0.0000e+00
        694 124.851565    0.04813     2.8875    173.250    108.546  51682.251    32.0807     4.8099    107.502    7.24572     4.8026    25.3828   12.97170 3.7490e-02 0.0000e+00
        695 124.851568    0.04819     2.8917    173.500    108.758  51683.508    32.0815     4.8101    107.712    7.24564     4.8029    25.3834   12.97156 3.7490e-02 0.0000e+00
        696 124.851571    0.04826     2.8958    173.750    108.963  51685.116    32.0826     4.8104    107.915    7.24555     4.8033    25.3842   12.97139 3.7490e-02 0.0000e+00
        697 124.851574    0.04833     2.9000    174.000    109.158  51687.391    32.0841     4.8106    108.109    7.24542     4.8037    25.3854   12.97117 3.7490e-02 0.0000e+00
        698 124.851577    0.04840     2.9042    174.250    109.335  51690.361    32.0861     4.8110    108.284    7.24526     4.8040    25.3870   12.97088 3.7490e-02 0.0000e+00
        699 124.851580    0.04847     2.9083    174.500    109.476  51693.120    32.0880     4.8114    108.424    7.24510     4.8042    25.3884   12.97058 3.7490e-02 0.0000e+00
        700 124.851583    0.04854     2.9125    174.750    109.564  51694.685    32.0892     4.8118    108.511    7.24498 -9.990e-29    25.3893   12.97037 3.7490e-02 0.0000e+00
        701 124.851586    0.04861     2.9167    175.000    109.593  51695.106    32.0895     4.8120    108.539    7.24493 -9.990e-29    25.3895   12.97029 3.7490e-02 0.0000e+00
