CTD-processing/allCTD/CNV--turbid/2012_04-26_t9_s04_cast298.cnv
* Sea-Bird SBE19plus Data File:
* FileName = C:\Documents and Settings\glenn.seaman\My Documents\KHolderied-files\CTD-DATA-FILES\2011-KBay-CTD\2012-04-26-HomerSpit-CTD\2012-04-26-HomerSpit-cast298.hex
* Software Version 1.59
* Temperature SN =  5028
* Conductivity SN =  5028
* System UpLoad Time = Apr 29 2012 21:22:14
** Cruise: Homer Spit Transect
** Date: 04-26
** Station: 04
** Start time (AKDT): 18:40
** Depth (m): 95.7
# nquan = 16
# nvalues = 574                         
# units = specified
# name 0 = scan: Scan Count
# name 1 = timeJ: Julian Days
# name 2 = timeH: Time, Elapsed [hours]
# name 3 = timeM: Time, Elapsed [minutes]
# name 4 = timeS: Time, Elapsed [seconds]
# name 5 = prdM: Pressure, Strain Gauge [db]
# name 6 = specc: Specific Conductance [uS/cm]
# name 7 = sal00: Salinity, Practical [PSU]
# name 8 = tv290C: Temperature [ITS-90, deg C]
# name 9 = depSM: Depth [salt water, m], lat = 59.00
# name 10 = oxsolML/L: Oxygen Saturation, Garcia & Gordon [ml/l]
# name 11 = potemp090C: Potential Temperature [ITS-90, deg C]
# name 12 = sigma-é00: Density [sigma-theta, kg/m^3]
# name 13 = n2satML/L: Nitrogen Saturation [ml/l]
# name 14 = par: PAR/Irradiance, Biospherical/Licor [umol photons/m^2/sec]
# name 15 = flag:  0.000e+00
# span 0 =          1,        574       
# span 1 = 118.111979, 118.113637       
# span 2 =    0.00000,    0.03979       
# span 3 =     0.0000,     2.3875       
# span 4 =      0.000,    143.250       
# span 5 =     -0.158,     89.601       
# span 6 =   7577.561,  51822.037       
# span 7 =     4.0592,    31.7971       
# span 8 =     3.2114,     6.3077       
# span 9 =     -0.157,     88.744       
# span 10 =    7.05916,    8.55510      
# span 11 =     3.2063,     6.3076      
# span 12 =     3.1798,    25.3114      
# span 13 =   12.68149,   15.55063      
# span 14 = 3.9643e-02, 9.9061e+02      
# span 15 = 0.0000e+00, 0.0000e+00      
# interval = seconds: 0.25
# start_time = Apr 27 2012 02:41:15 [Instrument's time stamp, header]
# bad_flag = -9.990e-29
*END*
[from data line 452]
        453 118.113287    0.03139     1.8833    113.000     47.200  51513.356    31.7294     3.6830     46.753    7.46418     3.6848    25.2154   13.33682 4.2939e-02 0.0000e+00
        454 118.113290    0.03146     1.8875    113.250     47.572  51523.980    31.7368     3.6841     47.122    7.46360     3.6889    25.2211   13.33577 4.2824e-02 0.0000e+00
        455 118.113293    0.03153     1.8917    113.500     47.943  51527.055    31.7396     3.6877     47.490    7.46281     3.6922    25.2230   13.33442 4.2710e-02 0.0000e+00
        456 118.113296    0.03160     1.8958    113.750     48.315  51525.385    31.7393     3.6919     47.858    7.46206     3.6942    25.2224   13.33320 4.2598e-02 0.0000e+00
        457 118.113299    0.03167     1.9000    114.000     48.687  51522.560    31.7380     3.6952     48.226    7.46152     3.6952    25.2210   13.33232 4.2496e-02 0.0000e+00
        458 118.113302    0.03174     1.9042    114.250     49.059  51520.638    31.7370     3.6972     48.595    7.46119     3.6955    25.2201   13.33180 4.2402e-02 0.0000e+00
        459 118.113304    0.03181     1.9083    114.500     49.431  51519.889    31.7365     3.6982     48.963    7.46104     3.6954    25.2196   13.33156 4.2313e-02 0.0000e+00
        460 118.113307    0.03188     1.9125    114.750     49.802  51519.864    31.7364     3.6985     49.330    7.46099     3.6952    25.2195   13.33148 4.2228e-02 0.0000e+00
        461 118.113310    0.03194     1.9167    115.000     50.171  51520.181    31.7364     3.6985     49.696    7.46099     3.6950    25.2195   13.33147 4.2146e-02 0.0000e+00
        462 118.113313    0.03201     1.9208    115.250     50.538  51520.585    31.7365     3.6984     50.060    7.46102     3.6946    25.2196   13.33151 4.2061e-02 0.0000e+00
        463 118.113316    0.03208     1.9250    115.500     50.903  51520.962    31.7365     3.6981     50.421    7.46106     3.6942    25.2196   13.33158 4.1969e-02 0.0000e+00
        464 118.113319    0.03215     1.9292    115.750     51.264  51521.254    31.7364     3.6978     50.779    7.46112     3.6936    25.2196   13.33169 4.1864e-02 0.0000e+00
        465 118.113322    0.03222     1.9333    116.000     51.623  51521.380    31.7362     3.6974     51.134    7.46121     3.6929    25.2194   13.33184 4.1775e-02 0.0000e+00
        466 118.113325    0.03229     1.9375    116.250     51.980  51521.249    31.7358     3.6968     51.487    7.46134     3.6919    25.2192   13.33205 4.1729e-02 0.0000e+00
        467 118.113328    0.03236     1.9417    116.500     52.336  51521.247    31.7355     3.6961     51.840    7.46149     3.6910    25.2189   13.33230 4.1710e-02 0.0000e+00
        468 118.113330    0.03243     1.9458    116.750     52.692  51521.901    31.7355     3.6952     52.192    7.46165     3.6901    25.2190   13.33257 4.1700e-02 0.0000e+00
        469 118.113333    0.03250     1.9500    117.000     53.048  51522.867    31.7357     3.6942     52.545    7.46181     3.6893    25.2193   13.33283 4.1697e-02 0.0000e+00
        470 118.113336    0.03257     1.9542    117.250     53.404  51523.484    31.7358     3.6934     52.898    7.46196     3.6883    25.2194   13.33308 4.1702e-02 0.0000e+00
        471 118.113339    0.03264     1.9583    117.500     53.760  51523.330    31.7353     3.6926     53.250    7.46213     3.6868    25.2191   13.33337 4.1722e-02 0.0000e+00
        472 118.113342    0.03271     1.9625    117.750     54.116  51522.071    31.7340     3.6916     53.603    7.46237     3.6845    25.2182   13.33379 4.1748e-02 0.0000e+00
        473 118.113345    0.03278     1.9667    118.000     54.472  51520.255    31.7322     3.6901     53.956    7.46274     3.6813    25.2169   13.33442 4.1735e-02 0.0000e+00
        474 118.113348    0.03285     1.9708    118.250     54.830  51518.834    31.7305     3.6878     54.310    7.46325     3.6772    25.2158   13.33527 4.1666e-02 0.0000e+00
        475 118.113351    0.03292     1.9750    118.500     55.189  51517.389    31.7285     3.6847     54.665    7.46392     3.6719    25.2145   13.33641 4.1588e-02 0.0000e+00
        476 118.113354    0.03299     1.9792    118.750     55.549  51515.712    31.7262     3.6806     55.023    7.46479     3.6656    25.2131   13.33788 4.1525e-02 0.0000e+00
        477 118.113356    0.03306     1.9833    119.000     55.912  51515.540    31.7246     3.6753     55.381    7.46584     3.6591    25.2123   13.33963 4.1470e-02 0.0000e+00
        478 118.113359    0.03313     1.9875    119.250     56.275  51518.255    31.7247     3.6690     55.741    7.46698     3.6531    25.2129   13.34151 4.1422e-02 0.0000e+00
        479 118.113362    0.03319     1.9917    119.500     56.637  51523.251    31.7263     3.6625     56.099    7.46809     3.6479    25.2148   13.34332 4.1377e-02 0.0000e+00
        480 118.113365    0.03326     1.9958    119.750     56.998  51529.004    31.7285     3.6565     56.457    7.46907     3.6436    25.2171   13.34491 4.1342e-02 0.0000e+00
        481 118.113368    0.03333     2.0000    120.000     57.358  51534.155    31.7305     3.6514     56.813    7.46991     3.6399    25.2192   13.34627 4.1317e-02 0.0000e+00
        482 118.113371    0.03340     2.0042    120.250     57.716  51537.893    31.7318     3.6471     57.168    7.47063     3.6361    25.2206   13.34744 4.1296e-02 0.0000e+00
        483 118.113374    0.03347     2.0083    120.500     58.073  51539.908    31.7321     3.6434     57.522    7.47130     3.6318    25.2212   13.34854 4.1284e-02 0.0000e+00
        484 118.113377    0.03354     2.0125    120.750     58.428  51540.268    31.7313     3.6397     57.873    7.47203     3.6260    25.2208   13.34976 4.1291e-02 0.0000e+00
        485 118.113380    0.03361     2.0167    121.000     58.782  51539.115    31.7292     3.6353     58.224    7.47294     3.6181    25.2196   13.35128 4.1318e-02 0.0000e+00
        486 118.113383    0.03368     2.0208    121.250     59.137  51536.344    31.7257     3.6296     58.576    7.47416     3.6072    25.2173   13.35335 4.1375e-02 0.0000e+00
        487 118.113385    0.03375     2.0250    121.500     59.495  51533.009    31.7213     3.6216     58.930    7.47585     3.5937    25.2145   13.35619 4.1412e-02 0.0000e+00
        488 118.113388    0.03382     2.0292    121.750     59.854  51532.348    31.7179     3.6108     59.286    7.47801     3.5785    25.2128   13.35980 4.1354e-02 0.0000e+00
        489 118.113391    0.03389     2.0333    122.000     60.215  51536.424    31.7171     3.5973     59.643    7.48054     3.5628    25.2134   13.36398 4.1245e-02 0.0000e+00
        490 118.113394    0.03396     2.0375    122.250     60.575  51543.703    31.7181     3.5822     60.000    7.48326     3.5469    25.2156   13.36846 4.1155e-02 0.0000e+00
        491 118.113397    0.03403     2.0417    122.500     60.936  51552.087    31.7196     3.5665     60.358    7.48607     3.5310    25.2183   13.37307 4.1091e-02 0.0000e+00
        492 118.113400    0.03410     2.0458    122.750     61.298  51560.795    31.7214     3.5506     60.716    7.48890     3.5150    25.2211   13.37772 4.1050e-02 0.0000e+00
        493 118.113403    0.03417     2.0500    123.000     61.661  51569.070    31.7228     3.5347     61.075    7.49176     3.4983    25.2237   13.38242 4.1025e-02 0.0000e+00
        494 118.113406    0.03424     2.0542    123.250     62.024  51575.751    31.7231     3.5187     61.435    7.49469     3.4805    25.2254   13.38726 4.1008e-02 0.0000e+00
        495 118.113409    0.03431     2.0583    123.500     62.387  51581.512    31.7226     3.5020     61.795    7.49779     3.4623    25.2265   13.39238 4.0990e-02 0.0000e+00
        496 118.113411    0.03438     2.0625    123.750     62.750  51589.477    31.7234     3.4843     62.154    7.50103     3.4447    25.2286   13.39771 4.0975e-02 0.0000e+00
        497 118.113414    0.03444     2.0667    124.000     63.112  51600.833    31.7263     3.4661     62.512    7.50425     3.4285    25.2326   13.40299 4.0962e-02 0.0000e+00
        498 118.113417    0.03451     2.0708    124.250     63.474  51613.688    31.7303     3.4485     62.871    7.50729     3.4139    25.2374   13.40795 4.0942e-02 0.0000e+00
        499 118.113420    0.03458     2.0750    124.500     63.837  51626.247    31.7346     3.4323     63.231    7.51007     3.4007    25.2422   13.41248 4.0910e-02 0.0000e+00
        500 118.113423    0.03465     2.0792    124.750     64.200  51637.916    31.7386     3.4177     63.590    7.51256     3.3890    25.2467   13.41655 4.0874e-02 0.0000e+00
        501 118.113426    0.03472     2.0833    125.000     64.564  51648.745    31.7424     3.4046     63.950    7.51480     3.3785    25.2509   13.42019 4.0836e-02 0.0000e+00
        502 118.113429    0.03479     2.0875    125.250     64.929  51658.829    31.7460     3.3928     64.312    7.51679     3.3694    25.2548   13.42342 4.0806e-02 0.0000e+00
        503 118.113432    0.03486     2.0917    125.500     65.295  51668.226    31.7495     3.3824     64.674    7.51855     3.3617    25.2586   13.42627 4.0789e-02 0.0000e+00
        504 118.113435    0.03493     2.0958    125.750     65.661  51677.146    31.7531     3.3732     65.036    7.52006     3.3556    25.2622   13.42872 4.0772e-02 0.0000e+00
        505 118.113438    0.03500     2.1000    126.000     66.026  51685.646    31.7567     3.3656     65.399    7.52130     3.3510    25.2657   13.43071 4.0744e-02 0.0000e+00
        506 118.113440    0.03507     2.1042    126.250     66.392  51693.177    31.7600     3.3595     65.761    7.52226     3.3478    25.2690   13.43225 4.0716e-02 0.0000e+00
        507 118.113443    0.03514     2.1083    126.500     66.758  51699.079    31.7627     3.3550     66.123    7.52296     3.3455    25.2715   13.43338 4.0694e-02 0.0000e+00
        508 118.113446    0.03521     2.1125    126.750     67.123  51703.226    31.7645     3.3518     66.485    7.52346     3.3437    25.2732   13.43419 4.0673e-02 0.0000e+00
        509 118.113449    0.03528     2.1167    127.000     67.487  51705.950    31.7656     3.3495     66.845    7.52384     3.3422    25.2743   13.43478 4.0645e-02 0.0000e+00
        510 118.113452    0.03535     2.1208    127.250     67.851  51707.862    31.7662     3.3477     67.205    7.52413     3.3409    25.2749   13.43526 4.0612e-02 0.0000e+00
        511 118.113455    0.03542     2.1250    127.500     68.215  51709.508    31.7668     3.3462     67.566    7.52438     3.3398    25.2755   13.43566 4.0586e-02 0.0000e+00
        512 118.113458    0.03549     2.1292    127.750     68.579  51710.989    31.7673     3.3449     67.926    7.52459     3.3389    25.2760   13.43601 4.0564e-02 0.0000e+00
        513 118.113461    0.03556     2.1333    128.000     68.943  51712.191    31.7676     3.3438     68.287    7.52477     3.3379    25.2764   13.43631 4.0543e-02 0.0000e+00
        514 118.113464    0.03562     2.1375    128.250     69.307  51713.078    31.7677     3.3429     68.648    7.52494     3.3370    25.2766   13.43658 4.0532e-02 0.0000e+00
        515 118.113466    0.03569     2.1417    128.500     69.672  51713.661    31.7677     3.3420     69.009    7.52511     3.3359    25.2767   13.43686 4.0526e-02 0.0000e+00
        516 118.113469    0.03576     2.1458    128.750     70.036  51714.169    31.7676     3.3410     69.369    7.52529     3.3348    25.2767   13.43716 4.0519e-02 0.0000e+00
        517 118.113472    0.03583     2.1500    129.000     70.400  51714.922    31.7677     3.3400     69.729    7.52548     3.3339    25.2768   13.43747 4.0505e-02 0.0000e+00
        518 118.113475    0.03590     2.1542    129.250     70.764  51715.947    31.7680     3.3390     70.090    7.52566     3.3331    25.2771   13.43777 4.0480e-02 0.0000e+00
        519 118.113478    0.03597     2.1583    129.500     71.130  51716.998    31.7683     3.3380     70.453    7.52582     3.3325    25.2774   13.43802 4.0445e-02 0.0000e+00
        520 118.113481    0.03604     2.1625    129.750     71.499  51717.865    31.7685     3.3373     70.818    7.52595     3.3319    25.2776   13.43823 4.0412e-02 0.0000e+00
        521 118.113484    0.03611     2.1667    130.000     71.869  51718.527    31.7686     3.3367     71.184    7.52606     3.3314    25.2778   13.43841 4.0388e-02 0.0000e+00
        522 118.113487    0.03618     2.1708    130.250     72.239  51719.010    31.7685     3.3361     71.550    7.52616     3.3308    25.2778   13.43858 4.0367e-02 0.0000e+00
        523 118.113490    0.03625     2.1750    130.500     72.608  51719.456    31.7685     3.3356     71.917    7.52626     3.3302    25.2778   13.43874 4.0340e-02 0.0000e+00
        524 118.113492    0.03632     2.1792    130.750     72.977  51719.993    31.7685     3.3350     72.282    7.52636     3.3296    25.2779   13.43891 4.0312e-02 0.0000e+00
        525 118.113495    0.03639     2.1833    131.000     73.345  51720.552    31.7686     3.3345     72.646    7.52646     3.3291    25.2780   13.43907 4.0290e-02 0.0000e+00
        526 118.113498    0.03646     2.1875    131.250     73.711  51721.070    31.7686     3.3339     73.009    7.52656     3.3285    25.2781   13.43924 4.0273e-02 0.0000e+00
        527 118.113501    0.03653     2.1917    131.500     74.076  51721.572    31.7686     3.3334     73.371    7.52666     3.3280    25.2781   13.43941 4.0249e-02 0.0000e+00
        528 118.113504    0.03660     2.1958    131.750     74.441  51722.089    31.7687     3.3328     73.732    7.52676     3.3274    25.2782   13.43957 4.0229e-02 0.0000e+00
        529 118.113507    0.03667     2.2000    132.000     74.807  51722.459    31.7686     3.3323     74.094    7.52686     3.3267    25.2782   13.43973 4.0221e-02 0.0000e+00
        530 118.113510    0.03674     2.2042    132.250     75.174  51722.535    31.7683     3.3318     74.458    7.52697     3.3258    25.2780   13.43992 4.0216e-02 0.0000e+00
        531 118.113513    0.03681     2.2083    132.500     75.543  51722.327    31.7678     3.3312     74.823    7.52712     3.3244    25.2777   13.44017 4.0206e-02 0.0000e+00
        532 118.113516    0.03687     2.2125    132.750     75.911  51721.942    31.7671     3.3302     75.187    7.52733     3.3226    25.2772   13.44053 4.0194e-02 0.0000e+00
        533 118.113519    0.03694     2.2167    133.000     76.278  51721.891    31.7665     3.3289     75.551    7.52761     3.3207    25.2769   13.44100 4.0183e-02 0.0000e+00
        534 118.113521    0.03701     2.2208    133.250     76.644  51722.759    31.7665     3.3271     75.914    7.52794     3.3189    25.2770   13.44154 4.0174e-02 0.0000e+00
        535 118.113524    0.03708     2.2250    133.500     77.008  51724.418    31.7669     3.3252     76.274    7.52826     3.3174    25.2775   13.44207 4.0167e-02 0.0000e+00
        536 118.113527    0.03715     2.2292    133.750     77.369  51726.226    31.7675     3.3235     76.631    7.52856     3.3160    25.2781   13.44256 4.0159e-02 0.0000e+00
        537 118.113530    0.03722     2.2333    134.000     77.729  51727.823    31.7680     3.3219     76.987    7.52882     3.3147    25.2787   13.44298 4.0150e-02 0.0000e+00
        538 118.113533    0.03729     2.2375    134.250     78.087  51729.350    31.7685     3.3205     77.342    7.52905     3.3136    25.2792   13.44335 4.0147e-02 0.0000e+00
        539 118.113536    0.03736     2.2417    134.500     78.444  51730.971    31.7691     3.3193     77.696    7.52925     3.3126    25.2798   13.44367 4.0141e-02 0.0000e+00
        540 118.113539    0.03743     2.2458    134.750     78.801  51732.459    31.7697     3.3182     78.049    7.52942     3.3115    25.2803   13.44394 4.0125e-02 0.0000e+00
        541 118.113542    0.03750     2.2500    135.000     79.155  51733.449    31.7699     3.3172     78.400    7.52959     3.3100    25.2806   13.44422 4.0102e-02 0.0000e+00
        542 118.113545    0.03757     2.2542    135.250     79.510  51733.826    31.7697     3.3161     78.752    7.52981     3.3077    25.2805   13.44459 4.0077e-02 0.0000e+00
