CTD-processing/allCTD/CNV--turbid/2012_06-25_subbays_tutkaa_cast120.cnv
* Sea-Bird SBE19plus Data File:
* FileName = C:\Documents and Settings\glenn.seaman\My Documents\KHolderied-files\CTD-DATA-FILES\2012-CTD-KachemakBay\2012-06-25-CTD-KachemakBay-subbays\2012-06-25-KBay-subbays-cast120.hex
* Software Version 1.59
* Temperature SN =  5028
* Conductivity SN =  5028
* System UpLoad Time = Jun 27 2012 00:22:45
** KachemakBay-Subbay-Survey
** Date: 2012-06-25
** Station: Tutka Bay A - near mouth
** Start time (AKDT-24hr): 1716
** Depth (ft): 85
** Lat: 59d 28.928m N
** Long: 151d 29.082m W
** Flat water - sheltered. Wind Soutwest 5 kts. Rain.  Secchi disk depth 3.5 m. Phytoplankton vertical tow 4.25 m.  Phytoplankton surface water grab, filtered 10 liters. Air temp 9 deg C.
# nquan = 16
# nvalues = 451                         
# units = specified
# name 0 = scan: Scan Count
# name 1 = timeJ: Julian Days
# name 2 = timeH: Time, Elapsed [hours]
# name 3 = timeM: Time, Elapsed [minutes]
# name 4 = timeS: Time, Elapsed [seconds]
# name 5 = prdM: Pressure, Strain Gauge [db]
# name 6 = specc: Specific Conductance [uS/cm]
# name 7 = sal00: Salinity, Practical [PSU]
# name 8 = tv290C: Temperature [ITS-90, deg C]
# name 9 = depSM: Depth [salt water, m], lat = 59.00
# name 10 = oxsolML/L: Oxygen Saturation, Garcia & Gordon [ml/l]
# name 11 = potemp090C: Potential Temperature [ITS-90, deg C]
# name 12 = sigma-é00: Density [sigma-theta, kg/m^3]
# name 13 = n2satML/L: Nitrogen Saturation [ml/l]
# name 14 = par: PAR/Irradiance, Biospherical/Licor [umol photons/m^2/sec]
# name 15 = flag:  0.000e+00
# span 0 =          1,        451       
# span 1 = 177.720903, 177.722205       
# span 2 =    0.00000,    0.03125       
# span 3 =     0.0000,     1.8750       
# span 4 =      0.000,    112.500       
# span 5 =     -0.173,     26.471       
# span 6 =    600.926,  50154.596       
# span 7 =     0.2867,    31.5639       
# span 8 =     7.3647,     9.6890       
# span 9 =     -0.171,     26.222       
# span 10 =    6.60831,    8.07216      
# span 11 =     7.3624,     9.6890      
# span 12 =     0.0093,    24.6648      
# span 13 =   11.95092,   14.79631      
# span 14 = 2.4582e-01, 2.7818e+02      
# span 15 = 0.0000e+00, 0.0000e+00      
# interval = seconds: 0.25
# start_time = Jun 25 2012 17:18:06 [Instrument's time stamp, header]
# bad_flag = -9.990e-29
*END*
[from data line 181]
        182 177.721427    0.01257     0.7542     45.250      0.665  45693.063    28.7893     9.6386      0.659    6.62384     9.6390    22.1635   11.98418 1.4765e+02 0.0000e+00
        183 177.721429    0.01264     0.7583     45.500      0.673  45684.969    28.7837     9.6389      0.667    6.62403     9.6386    22.1591   11.98456 1.4728e+02 0.0000e+00
        184 177.721432    0.01271     0.7625     45.750      0.675  45672.810    28.7752     9.6391      0.669    6.62436     9.6369    22.1525   11.98521 1.4749e+02 0.0000e+00
        185 177.721435    0.01278     0.7667     46.000      0.673  45662.504    28.7680     9.6386      0.667    6.62474     9.6339    22.1469   11.98592 1.4802e+02 0.0000e+00
        186 177.721438    0.01285     0.7708     46.250      0.668  45657.606    28.7644     9.6370      0.662    6.62513     9.6302    22.1444   11.98661 1.4840e+02 0.0000e+00
        187 177.721441    0.01292     0.7750     46.500      0.663  45659.616    28.7655     9.6340      0.657    6.62552     9.6266    22.1457   11.98725 1.4797e+02 0.0000e+00
        188 177.721444    0.01299     0.7792     46.750      0.663  45667.860    28.7708     9.6303      0.657    6.62585     9.6240    22.1504   11.98773 1.4683e+02 0.0000e+00
        189 177.721447    0.01306     0.7833     47.000      0.669  45679.395    28.7784     9.6267      0.662    6.62604     9.6226    22.1568   11.98795 1.4600e+02 0.0000e+00
        190 177.721450    0.01313     0.7875     47.250      0.679  45690.290    28.7857     9.6241      0.672    6.62612     9.6225    22.1629   11.98799 1.4555e+02 0.0000e+00
        191 177.721453    0.01319     0.7917     47.500      0.690  45695.987    28.7895     9.6227      0.684    6.62616     9.6232    22.1661   11.98802 1.4505e+02 0.0000e+00
        192 177.721455    0.01326     0.7958     47.750      0.700  45693.898    28.7880     9.6226      0.693    6.62624     9.6239    22.1650   11.98817 1.4479e+02 0.0000e+00
        193 177.721458    0.01333     0.8000     48.000      0.706  45685.637    28.7823     9.6232      0.699    6.62638     9.6244    22.1604   11.98848 1.4463e+02 0.0000e+00
        194 177.721461    0.01340     0.8042     48.250      0.708  45674.908    28.7749     9.6240      0.701    6.62659     9.6246    22.1546   11.98892 1.4483e+02 0.0000e+00
        195 177.721464    0.01347     0.8083     48.500      0.706  45664.886    28.7680     9.6245      0.699    6.62681     9.6241    22.1491   11.98937 1.4581e+02 0.0000e+00
        196 177.721467    0.01354     0.8125     48.750      0.701  45657.409    28.7628     9.6246      0.695    6.62701     9.6229    22.1450   11.98975 1.4647e+02 0.0000e+00
        197 177.721470    0.01361     0.8167     49.000      0.697  45653.322    28.7599     9.6242      0.691    6.62720     9.6215    22.1428   11.99011 1.4644e+02 0.0000e+00
        198 177.721473    0.01368     0.8208     49.250      0.694  45652.838    28.7595     9.6230      0.688    6.62739     9.6205    22.1426   11.99043 1.4634e+02 0.0000e+00
        199 177.721476    0.01375     0.8250     49.500      0.695  45655.722    28.7613     9.6216      0.689    6.62752     9.6203    22.1443   11.99062 1.4580e+02 0.0000e+00
        200 177.721479    0.01382     0.8292     49.750      0.699  45661.459    28.7652     9.6206      0.693    6.62750     9.6210    22.1475   11.99055 1.4518e+02 0.0000e+00
        201 177.721481    0.01389     0.8333     50.000      0.708  45668.388    28.7700     9.6204      0.701    6.62733     9.6222    22.1512   11.99019 1.4498e+02 0.0000e+00
        202 177.721484    0.01396     0.8375     50.250      0.718  45673.290    28.7734     9.6211      0.711    6.62708     9.6229    22.1539   11.98973 1.4429e+02 0.0000e+00
        203 177.721487    0.01403     0.8417     50.500      0.727  45672.900    28.7733     9.6223      0.720    6.62691     9.6225    22.1536   11.98947 1.4361e+02 0.0000e+00
        204 177.721490    0.01410     0.8458     50.750      0.731  45666.790    28.7691     9.6230      0.724    6.62698     9.6204    22.1502   11.98962 1.4380e+02 0.0000e+00
        205 177.721493    0.01417     0.8500     51.000      0.730  45658.892    28.7636     9.6226      0.723    6.62727     9.6159    22.1459   11.99019 1.4428e+02 0.0000e+00
        206 177.721496    0.01424     0.8542     51.250      0.723  45654.102    28.7600     9.6204      0.716    6.62775     9.6090    22.1435   11.99102 1.4484e+02 0.0000e+00
        207 177.721499    0.01431     0.8583     51.500      0.713  45655.605    28.7605     9.6160      0.707    6.62838     9.6010    22.1446   11.99207 1.4531e+02 0.0000e+00
        208 177.721502    0.01438     0.8625     51.750      0.705  45665.218    28.7664     9.6091      0.699    6.62915     9.5942    22.1502   11.99326 1.4503e+02 0.0000e+00
        209 177.721505    0.01444     0.8667     52.000      0.702  45681.623    28.7768     9.6011      0.696    6.62988     9.5902    22.1596   11.99434 1.4454e+02 0.0000e+00
        210 177.721508    0.01451     0.8708     52.250      0.706  45699.492    28.7885     9.5942      0.700    6.63039     9.5894    22.1697   11.99505 1.4453e+02 0.0000e+00
        211 177.721510    0.01458     0.8750     52.500      0.715  45712.224    28.7969     9.5902      0.708    6.63062     9.5911    22.1769   11.99532 1.4417e+02 0.0000e+00
        212 177.721513    0.01465     0.8792     52.750      0.723  45715.217    28.7989     9.5895      0.717    6.63064     9.5936    22.1785   11.99533 1.4315e+02 0.0000e+00
        213 177.721516    0.01472     0.8833     53.000      0.729  45708.405    28.7943     9.5912      0.723    6.63058     9.5955    22.1747   11.99529 1.4254e+02 0.0000e+00
        214 177.721519    0.01479     0.8875     53.250      0.730  45696.615    28.7864     9.5937      0.723    6.63055     9.5961    22.1682   11.99535 1.4318e+02 0.0000e+00
        215 177.721522    0.01486     0.8917     53.500      0.726  45685.320    28.7788     9.5955      0.719    6.63060     9.5950    22.1620   11.99552 1.4429e+02 0.0000e+00
        216 177.721525    0.01493     0.8958     53.750      0.719  45677.250    28.7733     9.5961      0.712    6.63075     9.5926    22.1575   11.99583 1.4480e+02 0.0000e+00
        217 177.721528    0.01500     0.9000     54.000      0.711  45673.466    28.7705     9.5951      0.704    6.63103     9.5899    22.1555   11.99632 1.4503e+02 0.0000e+00
        218 177.721531    0.01507     0.9042     54.250      0.705  45674.027    28.7706     9.5927      0.698    6.63138     9.5877    22.1560   11.99690 1.4490e+02 0.0000e+00
        219 177.721534    0.01514     0.9083     54.500      0.702  45678.050    28.7731     9.5899      0.695    6.63168     9.5867    22.1584   11.99737 1.4407e+02 0.0000e+00
        220 177.721536    0.01521     0.9125     54.750      0.703  45684.422    28.7772     9.5878      0.696    6.63181     9.5868    22.1620   11.99754 1.4355e+02 0.0000e+00
        221 177.721539    0.01528     0.9167     55.000      0.707  45691.663    28.7822     9.5868      0.701    6.63175     9.5878    22.1659   11.99738 1.4372e+02 0.0000e+00
        222 177.721542    0.01535     0.9208     55.250      0.714  45697.592    28.7863     9.5869      0.708    6.63156     9.5893    22.1691   11.99701 1.4370e+02 0.0000e+00
        223 177.721545    0.01542     0.9250     55.500      0.722  45699.832    28.7880     9.5879      0.715    6.63135     9.5909    22.1703   11.99663 1.4328e+02 0.0000e+00
        224 177.721548    0.01549     0.9292     55.750      0.727  45696.632    28.7859     9.5894      0.720    6.63121     9.5919    22.1684   11.99643 1.4305e+02 0.0000e+00
        225 177.721551    0.01556     0.9333     56.000      0.728  45688.724    28.7806     9.5910      0.721    6.63120     9.5920    22.1641   11.99648 1.4315e+02 0.0000e+00
        226 177.721554    0.01563     0.9375     56.250      0.725  45679.692    28.7744     9.5920      0.718    6.63131     9.5909    22.1591   11.99674 1.4360e+02 0.0000e+00
        227 177.721557    0.01569     0.9417     56.500      0.719  45672.932    28.7697     9.5921      0.712    6.63149     9.5886    22.1554   11.99711 1.4427e+02 0.0000e+00
        228 177.721560    0.01576     0.9458     56.750      0.712  45670.412    28.7679     9.5910      0.705    6.63174     9.5857    22.1541   11.99754 1.4476e+02 0.0000e+00
        229 177.721563    0.01583     0.9500     57.000      0.707  45672.866    28.7693     9.5887      0.700    6.63202     9.5834    22.1556   11.99799 1.4489e+02 0.0000e+00
        230 177.721565    0.01590     0.9542     57.250      0.706  45679.184    28.7734     9.5858      0.699    6.63227     9.5824    22.1592   11.99836 1.4439e+02 0.0000e+00
        231 177.721568    0.01597     0.9583     57.500      0.709  45686.878    28.7784     9.5835      0.702    6.63239     9.5826    22.1635   11.99849 1.4367e+02 0.0000e+00
        232 177.721571    0.01604     0.9625     57.750      0.714  45693.150    28.7827     9.5825      0.707    6.63236     9.5836    22.1670   11.99838 1.4366e+02 0.0000e+00
        233 177.721574    0.01611     0.9667     58.000      0.720  45695.892    28.7846     9.5827      0.713    6.63224     9.5846    22.1685   11.99816 1.4401e+02 0.0000e+00
        234 177.721577    0.01618     0.9708     58.250      0.725  45694.205    28.7835     9.5837      0.718    6.63215     9.5853    22.1675   11.99802 1.4413e+02 0.0000e+00
        235 177.721580    0.01625     0.9750     58.500      0.728  45688.803    28.7799     9.5847      0.721    6.63215     9.5853    22.1645   11.99807 1.4437e+02 0.0000e+00
        236 177.721583    0.01632     0.9792     58.750      0.728  45682.279    28.7754     9.5854      0.721    6.63225     9.5850    22.1609   11.99829 1.4473e+02 0.0000e+00
        237 177.721586    0.01639     0.9833     59.000      0.727  45677.416    28.7721     9.5854      0.720    6.63238     9.5844    22.1583   11.99855 1.4458e+02 0.0000e+00
        238 177.721589    0.01646     0.9875     59.250      0.725  45675.320    28.7706     9.5850      0.718    6.63250     9.5837    22.1572   11.99876 1.4413e+02 0.0000e+00
        239 177.721591    0.01653     0.9917     59.500      0.723  45675.663    28.7707     9.5845      0.716    6.63258     9.5831    22.1574   11.99889 1.4398e+02 0.0000e+00
        240 177.721594    0.01660     0.9958     59.750      0.722  45677.541    28.7719     9.5838      0.715    6.63263     9.5828    22.1584   11.99896 1.4377e+02 0.0000e+00
        241 177.721597    0.01667     1.0000     60.000      0.721  45679.934    28.7735     9.5832      0.714    6.63265     9.5828    22.1598   11.99898 1.4337e+02 0.0000e+00
        242 177.721600    0.01674     1.0042     60.250      0.720  45682.066    28.7750     9.5829      0.713    6.63263     9.5831    22.1609   11.99894 1.4346e+02 0.0000e+00
        243 177.721603    0.01681     1.0083     60.500      0.718  45683.236    28.7758     9.5829      0.712    6.63259     9.5835    22.1616   11.99886 1.4346e+02 0.0000e+00
        244 177.721606    0.01688     1.0125     60.750      0.717  45682.925    28.7756     9.5832      0.711    6.63256     9.5838    22.1614   11.99880 1.4290e+02 0.0000e+00
        245 177.721609    0.01694     1.0167     61.000      0.715  45681.413    28.7746     9.5836      0.709    6.63254     9.5840    22.1605   11.99878 1.4275e+02 0.0000e+00
        246 177.721612    0.01701     1.0208     61.250      0.713  45679.436    28.7733     9.5839      0.707    6.63255     9.5839    22.1594   11.99881 1.4290e+02 0.0000e+00
        247 177.721615    0.01708     1.0250     61.500      0.711  45677.796    28.7722     9.5840      0.705    6.63258     9.5839    22.1585   11.99888 1.4275e+02 0.0000e+00
        248 177.721617    0.01715     1.0292     61.750      0.710  45676.975    28.7716     9.5840      0.703    6.63261     9.5839    22.1581   11.99894 1.4293e+02 0.0000e+00
        249 177.721620    0.01722     1.0333     62.000      0.709  45676.656    28.7714     9.5839      0.702    6.63263     9.5839    22.1579   11.99897 1.4321e+02 0.0000e+00
        250 177.721623    0.01729     1.0375     62.250      0.709  45676.225    28.7711     9.5839      0.702    6.63264     9.5840    22.1577   11.99900 1.4293e+02 0.0000e+00
        251 177.721626    0.01736     1.0417     62.500      0.708  45675.217    28.7704     9.5840      0.701    6.63266     9.5840    22.1572   11.99904 1.4293e+02 0.0000e+00
        252 177.721629    0.01743     1.0458     62.750      0.708  45673.465    28.7692     9.5841      0.701    6.63270     9.5839    22.1562   11.99912 1.4348e+02 0.0000e+00
        253 177.721632    0.01750     1.0500     63.000      0.707  45671.366    28.7677     9.5841      0.700    6.63276     9.5837    22.1551   11.99923 1.4362e+02 0.0000e+00
        254 177.721635    0.01757     1.0542     63.250      0.706  45669.649    28.7665     9.5840      0.700    6.63283     9.5833    22.1541   11.99935 1.4321e+02 0.0000e+00
        255 177.721638    0.01764     1.0583     63.500      0.706  45668.886    28.7659     9.5838      0.699    6.63289     9.5831    22.1537   11.99946 1.4281e+02 0.0000e+00
        256 177.721641    0.01771     1.0625     63.750      0.706  45669.512    28.7663     9.5834      0.700    6.63292     9.5830    22.1541   11.99951 1.4276e+02 0.0000e+00
        257 177.721644    0.01778     1.0667     64.000      0.708  45671.559    28.7677     9.5832      0.701    6.63290     9.5831    22.1552   11.99946 1.4271e+02 0.0000e+00
        258 177.721646    0.01785     1.0708     64.250      0.710  45673.804    28.7693     9.5831      0.703    6.63284     9.5833    22.1565   11.99936 1.4270e+02 0.0000e+00
        259 177.721649    0.01792     1.0750     64.500      0.711  45673.855    28.7693     9.5832      0.704    6.63282     9.5830    22.1565   11.99932 1.4324e+02 0.0000e+00
        260 177.721652    0.01799     1.0792     64.750      0.709  45670.554    28.7670     9.5834      0.702    6.63290     9.5820    22.1547   11.99947 1.4357e+02 0.0000e+00
        261 177.721655    0.01806     1.0833     65.000      0.703  45665.986    28.7638     9.5831      0.697    6.63307     9.5796    22.1522   11.99979 1.4363e+02 0.0000e+00
        262 177.721658    0.01812     1.0875     65.250      0.696  45663.144    28.7617     9.5821      0.690    6.63331     9.5757    22.1507   12.00022 1.4474e+02 0.0000e+00
        263 177.721661    0.01819     1.0917     65.500      0.688  45663.480    28.7617     9.5797      0.681    6.63366     9.5700    22.1511   12.00080 1.4639e+02 0.0000e+00
        264 177.721664    0.01826     1.0958     65.750      0.678  45667.467    28.7640     9.5757      0.672    6.63415     9.5628    22.1535   12.00159 1.4690e+02 0.0000e+00
        265 177.721667    0.01833     1.1000     66.000      0.666  45675.455    28.7689     9.5700      0.661    6.63478     9.5548    22.1581   12.00257 1.4672e+02 0.0000e+00
        266 177.721670    0.01840     1.1042     66.250      0.655  45688.233    28.7769     9.5628      0.650    6.63550     9.5477    22.1655   12.00366 1.4688e+02 0.0000e+00
        267 177.721672    0.01847     1.1083     66.500      0.647  45705.207    28.7878     9.5548      0.642    6.63621     9.5436    22.1752   12.00471 1.4705e+02 0.0000e+00
        268 177.721675    0.01854     1.1125     66.750      0.645  45722.287    28.7988     9.5477      0.639    6.63678     9.5435    22.1849   12.00553 1.4706e+02 0.0000e+00
        269 177.721678    0.01861     1.1167     67.000      0.646  45734.483    28.8068     9.5436      0.640    6.63705     9.5466    22.1918   12.00587 1.4677e+02 0.0000e+00
        270 177.721681    0.01868     1.1208     67.250      0.650  45738.764    28.8098     9.5435      0.644    6.63694     9.5517    22.1941   12.00566 1.4592e+02 0.0000e+00
        271 177.721684    0.01875     1.1250     67.500      0.654  45734.926    28.8075     9.5466      0.647    6.63657     9.5574    22.1919   12.00507 1.4531e+02 0.0000e+00
