CTD-processing/allCTD/CNV--turbid/2012-07-02-kbaysubays-cast156-saa.cnv
* Sea-Bird SBE19plus Data File:
* FileName = C:\Documents and Settings\kris.holderied.local\My Documents\CTD-data-upload-2012-07-28\CTD5028-upload-2012-07-28-cast156.hex
* Software Version 1.54
* Temperature SN =  5028
* Conductivity SN =  5028
* System UpLoad Time = Jul 28 2012 12:02:28
** Kachemak Bay - CTD data - upload all 2012-07-28
** Date:  2012-07-02   xxxx Tide (x of 2 lines)
** Station: Sadie A
** Start time (AKDT-24 hr):1022
** Depth (ft):114
** Comments: None
# nquan = 16
# nvalues = 363                         
# units = specified
# name 0 = scan: Scan Count
# name 1 = timeJ: Julian Days
# name 2 = timeH: Time, Elapsed [hours]
# name 3 = timeM: Time, Elapsed [minutes]
# name 4 = timeS: Time, Elapsed [seconds]
# name 5 = prdM: Pressure, Strain Gauge [db]
# name 6 = specc: Specific Conductance [uS/cm]
# name 7 = sal00: Salinity, Practical [PSU]
# name 8 = tv290C: Temperature [ITS-90, deg C]
# name 9 = depSM: Depth [salt water, m], lat = 59.00
# name 10 = oxsolML/L: Oxygen Saturation, Garcia & Gordon [ml/l]
# name 11 = potemp090C: Potential Temperature [ITS-90, deg C]
# name 12 = sigma-é00: Density [sigma-theta, kg/m^3]
# name 13 = n2satML/L: Nitrogen Saturation [ml/l]
# name 14 = par: PAR/Irradiance, Biospherical/Licor [umol photons/m^2/sec]
# name 15 = flag:  0.000e+00
# span 0 =          1,        363       
# span 1 = 184.432766, 184.433814       
# span 2 =    0.00000,    0.02514       
# span 3 =     0.0000,     1.5083       
# span 4 =      0.000,     90.500       
# span 5 =     -0.074,     30.320       
# span 6 =   1318.931,  50033.083       
# span 7 =     0.6510,    31.4926       
# span 8 =     7.4548,    10.6176       
# span 9 =     -0.073,     30.035       
# span 10 =    6.52058,    7.82989      
# span 11 =     7.4520,    10.6175      
# span 12 =     0.1962,    24.5966      
# span 13 =   11.82213,   14.38176      
# span 14 = 1.4468e-01, 3.1015e+02      
# span 15 = 0.0000e+00, 0.0000e+00      
# interval = seconds: 0.25
# start_time = Jul 02 2012 10:23:11 [Instrument's time stamp, header]
# bad_flag = -9.990e-29
*END*
[from data line 91]
         92 184.433030    0.00632     0.3792     22.750      0.616  44969.541    28.3689    10.3814      0.610    6.53395    10.3828    21.7192   11.84014 2.1385e+02 0.0000e+00
         93 184.433032    0.00639     0.3833     23.000      0.610  44967.338    28.3675    10.3824      0.604    6.53386    10.3822    21.7179   11.84000 2.1462e+02 0.0000e+00
         94 184.433035    0.00646     0.3875     23.250      0.606  44966.298    28.3668    10.3828      0.600    6.53383    10.3810    21.7173   11.83997 2.1404e+02 0.0000e+00
         95 184.433038    0.00653     0.3917     23.500      0.605  44967.177    28.3673    10.3823      0.599    6.53389    10.3796    21.7178   11.84005 2.1280e+02 0.0000e+00
         96 184.433041    0.00660     0.3958     23.750      0.607  44969.623    28.3689    10.3810      0.601    6.53399    10.3782    21.7192   11.84021 2.1304e+02 0.0000e+00
         97 184.433044    0.00667     0.4000     24.000      0.611  44972.562    28.3708    10.3796      0.606    6.53412    10.3771    21.7209   11.84040 2.1277e+02 0.0000e+00
         98 184.433047    0.00674     0.4042     24.250      0.617  44975.109    28.3724    10.3782      0.612    6.53424    10.3761    21.7224   11.84059 2.1190e+02 0.0000e+00
         99 184.433050    0.00681     0.4083     24.500      0.624  44977.257    28.3738    10.3771      0.618    6.53435    10.3754    21.7237   11.84075 2.1142e+02 0.0000e+00
        100 184.433053    0.00688     0.4125     24.750      0.629  44979.330    28.3751    10.3762      0.623    6.53442    10.3748    21.7249   11.84085 2.1051e+02 0.0000e+00
        101 184.433056    0.00694     0.4167     25.000      0.630  44981.419    28.3765    10.3755      0.624    6.53447    10.3743    21.7261   11.84092 2.0983e+02 0.0000e+00
        102 184.433058    0.00701     0.4208     25.250      0.626  44983.516    28.3779    10.3749      0.621    6.53450    10.3740    21.7273   11.84094 2.1042e+02 0.0000e+00
        103 184.433061    0.00708     0.4250     25.500      0.618  44985.352    28.3792    10.3744      0.613    6.53452    10.3738    21.7283   11.84095 2.1203e+02 0.0000e+00
        104 184.433064    0.00715     0.4292     25.750      0.609  44986.577    28.3800    10.3741      0.604    6.53453    10.3737    21.7290   11.84096 2.1340e+02 0.0000e+00
        105 184.433067    0.00722     0.4333     26.000      0.604  44987.541    28.3807    10.3739      0.598    6.53453    10.3735    21.7295   11.84096 2.1429e+02 0.0000e+00
        106 184.433070    0.00729     0.4375     26.250      0.604  44989.003    28.3817    10.3737      0.599    6.53451    10.3733    21.7303   11.84091 2.1445e+02 0.0000e+00
        107 184.433073    0.00736     0.4417     26.500      0.609  44990.974    28.3830    10.3735      0.604    6.53448    10.3731    21.7314   11.84084 2.1323e+02 0.0000e+00
        108 184.433076    0.00743     0.4458     26.750      0.617  44993.023    28.3844    10.3733      0.611    6.53445    10.3728    21.7325   11.84077 2.1249e+02 0.0000e+00
        109 184.433079    0.00750     0.4500     27.000      0.622  44995.168    28.3859    10.3731      0.616    6.53443    10.3726    21.7337   11.84071 2.1341e+02 0.0000e+00
        110 184.433082    0.00757     0.4542     27.250      0.624  44997.256    28.3873    10.3728      0.618    6.53440    10.3725    21.7349   11.84066 2.1357e+02 0.0000e+00
        111 184.433084    0.00764     0.4583     27.500      0.623  44998.690    28.3883    10.3727      0.617    6.53438    10.3723    21.7357   11.84062 2.1408e+02 0.0000e+00
        112 184.433087    0.00771     0.4625     27.750      0.618  44999.307    28.3887    10.3725      0.612    6.53439    10.3721    21.7360   11.84062 2.1727e+02 0.0000e+00
        113 184.433090    0.00778     0.4667     28.000      0.611  44999.461    28.3888    10.3724      0.606    6.53441    10.3719    21.7361   11.84066 2.2032e+02 0.0000e+00
        114 184.433093    0.00785     0.4708     28.250      0.606  44999.408    28.3887    10.3722      0.601    6.53444    10.3718    21.7361   11.84071 2.2047e+02 0.0000e+00
        115 184.433096    0.00792     0.4750     28.500      0.605  44999.231    28.3886    10.3720      0.600    6.53447    10.3719    21.7360   11.84077 2.1876e+02 0.0000e+00
        116 184.433099    0.00799     0.4792     28.750      0.610  44999.152    28.3885    10.3719      0.604    6.53449    10.3721    21.7360   11.84079 2.1686e+02 0.0000e+00
        117 184.433102    0.00806     0.4833     29.000      0.619  44999.521    28.3888    10.3719      0.613    6.53447    10.3724    21.7362   11.84076 2.1432e+02 0.0000e+00
        118 184.433105    0.00813     0.4875     29.250      0.629  45000.565    28.3895    10.3721      0.623    6.53441    10.3728    21.7368   11.84065 2.1194e+02 0.0000e+00
        119 184.433108    0.00819     0.4917     29.500      0.635  45002.108    28.3906    10.3724      0.629    6.53432    10.3737    21.7376   11.84049 2.1090e+02 0.0000e+00
        120 184.433111    0.00826     0.4958     29.750      0.636  45003.207    28.3914    10.3729      0.629    6.53422    10.3751    21.7381   11.84031 2.1076e+02 0.0000e+00
        121 184.433113    0.00833     0.5000     30.000      0.630  45002.744    28.3912    10.3738      0.624    6.53410    10.3767    21.7378   11.84012 2.1202e+02 0.0000e+00
        122 184.433116    0.00840     0.5042     30.250      0.623  45000.618    28.3899    10.3752      0.618    6.53396    10.3779    21.7365   11.83989 2.1400e+02 0.0000e+00
        123 184.433119    0.00847     0.5083     30.500      0.618  44997.676    28.3880    10.3768      0.613    6.53381    10.3785    21.7348   11.83967 2.1391e+02 0.0000e+00
        124 184.433122    0.00854     0.5125     30.750      0.617  44995.198    28.3864    10.3780      0.611    6.53370    10.3787    21.7334   11.83952 2.1283e+02 0.0000e+00
        125 184.433125    0.00861     0.5167     31.000      0.619  44994.428    28.3860    10.3786      0.613    6.53363    10.3785    21.7329   11.83941 2.1292e+02 0.0000e+00
        126 184.433128    0.00868     0.5208     31.250      0.622  44995.508    28.3868    10.3787      0.616    6.53358    10.3782    21.7335   11.83931 2.1237e+02 0.0000e+00
        127 184.433131    0.00875     0.5250     31.500      0.624  44997.347    28.3880    10.3785      0.619    6.53356    10.3778    21.7345   11.83925 2.1218e+02 0.0000e+00
        128 184.433134    0.00882     0.5292     31.750      0.625  44998.858    28.3890    10.3782      0.619    6.53356    10.3776    21.7353   11.83925 2.1322e+02 0.0000e+00
        129 184.433137    0.00889     0.5333     32.000      0.624  44999.760    28.3896    10.3779      0.619    6.53358    10.3775    21.7358   11.83927 2.1362e+02 0.0000e+00
        130 184.433139    0.00896     0.5375     32.250      0.622  45000.119    28.3898    10.3777      0.617    6.53360    10.3774    21.7361   11.83931 2.1474e+02 0.0000e+00
        131 184.433142    0.00903     0.5417     32.500      0.619  45000.139    28.3898    10.3775      0.614    6.53362    10.3772    21.7361   11.83934 2.1664e+02 0.0000e+00
        132 184.433145    0.00910     0.5458     32.750      0.616  45000.044    28.3898    10.3774      0.611    6.53365    10.3769    21.7361   11.83938 2.1720e+02 0.0000e+00
        133 184.433148    0.00917     0.5500     33.000      0.613  44999.613    28.3895    10.3772      0.608    6.53369    10.3766    21.7358   11.83945 2.1706e+02 0.0000e+00
        134 184.433151    0.00924     0.5542     33.250      0.613  44998.756    28.3888    10.3770      0.607    6.53375    10.3763    21.7354   11.83955 2.1775e+02 0.0000e+00
        135 184.433154    0.00931     0.5583     33.500      0.615  44998.145    28.3884    10.3767      0.609    6.53381    10.3760    21.7351   11.83966 2.1801e+02 0.0000e+00
        136 184.433157    0.00937     0.5625     33.750      0.618  44998.436    28.3885    10.3764      0.613    6.53384    10.3757    21.7353   11.83972 2.1689e+02 0.0000e+00
        137 184.433160    0.00944     0.5667     34.000      0.622  44999.504    28.3892    10.3760      0.616    6.53386    10.3754    21.7359   11.83974 2.1634e+02 0.0000e+00
        138 184.433163    0.00951     0.5708     34.250      0.623  45000.842    28.3901    10.3757      0.618    6.53387    10.3752    21.7366   11.83974 2.1645e+02 0.0000e+00
        139 184.433166    0.00958     0.5750     34.500      0.623  45002.095    28.3910    10.3755      0.617    6.53387    10.3750    21.7373   11.83973 2.1577e+02 0.0000e+00
        140 184.433168    0.00965     0.5792     34.750      0.620  45002.966    28.3915    10.3753      0.614    6.53387    10.3747    21.7378   11.83973 2.1567e+02 0.0000e+00
        141 184.433171    0.00972     0.5833     35.000      0.616  45002.968    28.3915    10.3751      0.610    6.53391    10.3744    21.7378   11.83979 2.1719e+02 0.0000e+00
        142 184.433174    0.00979     0.5875     35.250      0.612  45002.219    28.3910    10.3748      0.606    6.53397    10.3741    21.7374   11.83990 2.1857e+02 0.0000e+00
        143 184.433177    0.00986     0.5917     35.500      0.610  45001.359    28.3903    10.3744      0.605    6.53404    10.3738    21.7370   11.84003 2.1897e+02 0.0000e+00
        144 184.433180    0.00993     0.5958     35.750      0.611  45000.655    28.3898    10.3741      0.606    6.53411    10.3736    21.7366   11.84015 2.1793e+02 0.0000e+00
        145 184.433183    0.01000     0.6000     36.000      0.615  45000.316    28.3896    10.3739      0.609    6.53416    10.3734    21.7364   11.84023 2.1583e+02 0.0000e+00
        146 184.433186    0.01007     0.6042     36.250      0.620  45000.642    28.3898    10.3736      0.615    6.53419    10.3732    21.7366   11.84027 2.1429e+02 0.0000e+00
        147 184.433189    0.01014     0.6083     36.500      0.626  45002.027    28.3907    10.3734      0.620    6.53418    10.3729    21.7374   11.84025 2.1343e+02 0.0000e+00
        148 184.433192    0.01021     0.6125     36.750      0.628  45004.355    28.3923    10.3732      0.622    6.53414    10.3727    21.7387   11.84017 2.1395e+02 0.0000e+00
        149 184.433194    0.01028     0.6167     37.000      0.627  45006.446    28.3937    10.3730      0.621    6.53411    10.3724    21.7398   11.84011 2.1530e+02 0.0000e+00
        150 184.433197    0.01035     0.6208     37.250      0.624  45007.278    28.3943    10.3728      0.618    6.53412    10.3721    21.7403   11.84012 2.1588e+02 0.0000e+00
        151 184.433200    0.01042     0.6250     37.500      0.620  45007.070    28.3941    10.3725      0.615    6.53417    10.3719    21.7402   11.84019 2.1611e+02 0.0000e+00
        152 184.433203    0.01049     0.6292     37.750      0.620  45006.653    28.3938    10.3722      0.614    6.53422    10.3717    21.7400   11.84028 2.1631e+02 0.0000e+00
        153 184.433206    0.01056     0.6333     38.000      0.622  45006.537    28.3937    10.3720      0.616    6.53426    10.3715    21.7400   11.84035 2.1663e+02 0.0000e+00
        154 184.433209    0.01063     0.6375     38.250      0.626  45006.891    28.3939    10.3718      0.620    6.53428    10.3714    21.7402   11.84038 2.1660e+02 0.0000e+00
        155 184.433212    0.01069     0.6417     38.500      0.632  45007.682    28.3944    10.3716      0.626    6.53428    10.3714    21.7406   11.84038 2.1578e+02 0.0000e+00
        156 184.433215    0.01076     0.6458     38.750      0.637  45008.970    28.3953    10.3715      0.631    6.53427    10.3715    21.7413   11.84034 2.1499e+02 0.0000e+00
        157 184.433218    0.01083     0.6500     39.000      0.640  45010.656    28.3965    10.3714      0.634    6.53422    10.3719    21.7423   11.84025 2.1530e+02 0.0000e+00
        158 184.433220    0.01090     0.6542     39.250      0.639  45012.082    28.3975    10.3715      0.633    6.53417    10.3727    21.7430   11.84014 2.1643e+02 0.0000e+00
        159 184.433223    0.01097     0.6583     39.500      0.635  45012.244    28.3976    10.3719      0.629    6.53410    10.3738    21.7431   11.84004 2.1623e+02 0.0000e+00
        160 184.433226    0.01104     0.6625     39.750      0.629  45010.156    28.3963    10.3727      0.624    6.53404    10.3748    21.7419   11.83996 2.1572e+02 0.0000e+00
        161 184.433229    0.01111     0.6667     40.000      0.626  45006.237    28.3937    10.3738      0.620    6.53400    10.3756    21.7397   11.83991 2.1697e+02 0.0000e+00
        162 184.433232    0.01118     0.6708     40.250      0.625  45002.693    28.3913    10.3749      0.620    6.53395    10.3760    21.7377   11.83986 2.1828e+02 0.0000e+00
        163 184.433235    0.01125     0.6750     40.500      0.626  45001.301    28.3904    10.3756      0.620    6.53388    10.3762    21.7369   11.83975 2.1809e+02 0.0000e+00
        164 184.433238    0.01132     0.6792     40.750      0.626  45001.599    28.3907    10.3760      0.620    6.53381    10.3764    21.7370   11.83963 2.1712e+02 0.0000e+00
        165 184.433241    0.01139     0.6833     41.000      0.626  45001.775    28.3908    10.3762      0.620    6.53377    10.3767    21.7371   11.83956 2.1676e+02 0.0000e+00
        166 184.433244    0.01146     0.6875     41.250      0.627  45000.791    28.3902    10.3764      0.621    6.53376    10.3769    21.7365   11.83957 2.1697e+02 0.0000e+00
        167 184.433247    0.01153     0.6917     41.500      0.631  44999.201    28.3891    10.3767      0.625    6.53377    10.3770    21.7356   11.83959 2.1772e+02 0.0000e+00
        168 184.433249    0.01160     0.6958     41.750      0.636  44998.423    28.3886    10.3770      0.630    6.53375    10.3769    21.7352   11.83957 2.1780e+02 0.0000e+00
        169 184.433252    0.01167     0.7000     42.000      0.641  44999.212    28.3891    10.3770      0.635    6.53372    10.3766    21.7356   11.83952 2.1609e+02 0.0000e+00
        170 184.433255    0.01174     0.7042     42.250      0.644  45000.869    28.3903    10.3769      0.638    6.53369    10.3762    21.7365   11.83945 2.1534e+02 0.0000e+00
        171 184.433258    0.01181     0.7083     42.500      0.646  45002.392    28.3913    10.3766      0.640    6.53369    10.3758    21.7374   11.83943 2.1567e+02 0.0000e+00
        172 184.433261    0.01188     0.7125     42.750      0.647  45003.679    28.3921    10.3763      0.641    6.53371    10.3754    21.7381   11.83946 2.1546e+02 0.0000e+00
        173 184.433264    0.01194     0.7167     43.000      0.647  45005.173    28.3931    10.3759      0.641    6.53373    10.3750    21.7389   11.83948 2.1552e+02 0.0000e+00
        174 184.433267    0.01201     0.7208     43.250      0.644  45006.679    28.3941    10.3755      0.638    6.53374    10.3748    21.7398   11.83949 2.1576e+02 0.0000e+00
        175 184.433270    0.01208     0.7250     43.500      0.639  45007.201    28.3945    10.3751      0.633    6.53377    10.3748    21.7401   11.83954 2.1577e+02 0.0000e+00
        176 184.433273    0.01215     0.7292     43.750      0.636  45005.965    28.3936    10.3749      0.630    6.53384    10.3749    21.7394   11.83966 2.1568e+02 0.0000e+00
        177 184.433275    0.01222     0.7333     44.000      0.636  45003.528    28.3919    10.3748      0.630    6.53392    10.3751    21.7381   11.83981 2.1604e+02 0.0000e+00
        178 184.433278    0.01229     0.7375     44.250      0.638  45001.750    28.3906    10.3749      0.632    6.53396    10.3753    21.7371   11.83989 2.1674e+02 0.0000e+00
        179 184.433281    0.01236     0.7417     44.500      0.639  45001.872    28.3907    10.3751      0.633    6.53393    10.3755    21.7372   11.83983 2.1630e+02 0.0000e+00
        180 184.433284    0.01243     0.7458     44.750      0.636  45003.207    28.3917    10.3754      0.630    6.53386    10.3758    21.7379   11.83970 2.1546e+02 0.0000e+00
