CTD-processing/allCTD/CNV--turbid/2012-07-02-kbaysubays-cast150-jab.cnv
* Sea-Bird SBE19plus Data File:
* FileName = C:\Documents and Settings\kris.holderied.local\My Documents\CTD-data-upload-2012-07-28\CTD5028-upload-2012-07-28-cast150.hex
* Software Version 1.54
* Temperature SN =  5028
* Conductivity SN =  5028
* System UpLoad Time = Jul 28 2012 11:57:35
** Kachemak Bay - CTD data - upload all 2012-07-28
** Date:  2012-07-02  xxxx Tide (x of 2 lines)
** Station: Jakolof B
** Start time (AKDT-24 hr):0832
** Depth (ft):13
** Comments:  Could see the bottom when dropping CTD
# nquan = 16
# nvalues = 467                         
# units = specified
# name 0 = scan: Scan Count
# name 1 = timeJ: Julian Days
# name 2 = timeH: Time, Elapsed [hours]
# name 3 = timeM: Time, Elapsed [minutes]
# name 4 = timeS: Time, Elapsed [seconds]
# name 5 = prdM: Pressure, Strain Gauge [db]
# name 6 = specc: Specific Conductance [uS/cm]
# name 7 = sal00: Salinity, Practical [PSU]
# name 8 = tv290C: Temperature [ITS-90, deg C]
# name 9 = depSM: Depth [salt water, m], lat = 59.00
# name 10 = oxsolML/L: Oxygen Saturation, Garcia & Gordon [ml/l]
# name 11 = potemp090C: Potential Temperature [ITS-90, deg C]
# name 12 = sigma-é00: Density [sigma-theta, kg/m^3]
# name 13 = n2satML/L: Nitrogen Saturation [ml/l]
# name 14 = par: PAR/Irradiance, Biospherical/Licor [umol photons/m^2/sec]
# name 15 = flag:  0.000e+00
# span 0 =          1,        467       
# span 1 = 184.356377, 184.357726       
# span 2 =    0.00000,    0.03236       
# span 3 =     0.0000,     1.9417       
# span 4 =      0.000,    116.500       
# span 5 =     -0.064,      2.012       
# span 6 =   1457.476,  47256.452       
# span 7 =     0.7196,    29.8093       
# span 8 =     8.9580,     9.1177       
# span 9 =     -0.063,      1.993       
# span 10 =    6.66274,    8.05944      
# span 11 =     8.9583,     9.1176      
# span 12 =     0.3544,    23.0447      
# span 13 =   12.03617,   14.76831      
# span 14 = 7.7165e+01, 4.1855e+02      
# span 15 = 0.0000e+00, 0.0000e+00      
# interval = seconds: 0.25
# start_time = Jul 02 2012 08:33:11 [Instrument's time stamp, header]
# bad_flag = -9.990e-29
*END*
[from data line 362]
        363 184.357425    0.02514     1.5083     90.500      0.617  46947.866    29.5993     9.1165      0.611    6.66631     9.1160    22.8752   12.04467 3.8256e+02 0.0000e+00
        364 184.357428    0.02521     1.5125     90.750      0.618  46947.695    29.5991     9.1163      0.612    6.66635     9.1159    22.8751   12.04474 3.8379e+02 0.0000e+00
        365 184.357431    0.02528     1.5167     91.000      0.618  46947.588    29.5990     9.1161      0.612    6.66638     9.1158    22.8750   12.04480 3.8380e+02 0.0000e+00
        366 184.357433    0.02535     1.5208     91.250      0.618  46947.508    29.5990     9.1160      0.612    6.66641     9.1157    22.8750   12.04484 3.8381e+02 0.0000e+00
        367 184.357436    0.02542     1.5250     91.500      0.617  46947.413    29.5989     9.1159      0.611    6.66643     9.1157    22.8749   12.04488 3.8334e+02 0.0000e+00
        368 184.357439    0.02549     1.5292     91.750      0.617  46947.347    29.5988     9.1158      0.611    6.66644     9.1157    22.8749   12.04490 3.8119e+02 0.0000e+00
        369 184.357442    0.02556     1.5333     92.000      0.616  46947.393    29.5989     9.1158      0.610    6.66645     9.1158    22.8749   12.04490 3.7675e+02 0.0000e+00
        370 184.357445    0.02562     1.5375     92.250      0.616  46947.576    29.5990     9.1158      0.610    6.66644     9.1159    22.8750   12.04489 3.7000e+02 0.0000e+00
        371 184.357448    0.02569     1.5417     92.500      0.616  46947.847    29.5992     9.1158      0.610    6.66642     9.1161    22.8752   12.04485 3.6313e+02 0.0000e+00
        372 184.357451    0.02576     1.5458     92.750      0.616  46948.085    29.5994     9.1159      0.611    6.66639     9.1162    22.8753   12.04481 3.6287e+02 0.0000e+00
        373 184.357454    0.02583     1.5500     93.000      0.617  46948.157    29.5995     9.1161      0.611    6.66637     9.1162    22.8753   12.04477 3.7061e+02 0.0000e+00
        374 184.357457    0.02590     1.5542     93.250      0.617  46948.004    29.5994     9.1162      0.612    6.66636     9.1163    22.8752   12.04475 3.7848e+02 0.0000e+00
        375 184.357459    0.02597     1.5583     93.500      0.618  46947.619    29.5991     9.1163      0.613    6.66635     9.1163    22.8750   12.04475 3.8333e+02 0.0000e+00
        376 184.357462    0.02604     1.5625     93.750      0.618  46947.017    29.5987     9.1164      0.613    6.66636     9.1162    22.8747   12.04477 3.8706e+02 0.0000e+00
        377 184.357465    0.02611     1.5667     94.000      0.618  46946.324    29.5982     9.1164      0.612    6.66638     9.1162    22.8743   12.04481 3.9032e+02 0.0000e+00
        378 184.357468    0.02618     1.5708     94.250      0.617  46945.732    29.5978     9.1163      0.612    6.66641     9.1161    22.8740   12.04485 3.9270e+02 0.0000e+00
        379 184.357471    0.02625     1.5750     94.500      0.617  46945.324    29.5975     9.1162      0.611    6.66643     9.1161    22.8737   12.04490 3.9434e+02 0.0000e+00
        380 184.357474    0.02632     1.5792     94.750      0.617  46945.089    29.5973     9.1162      0.611    6.66645     9.1161    22.8736   12.04493 3.9606e+02 0.0000e+00
        381 184.357477    0.02639     1.5833     95.000      0.616  46945.052    29.5973     9.1161      0.610    6.66646     9.1162    22.8736   12.04494 3.9715e+02 0.0000e+00
        382 184.357480    0.02646     1.5875     95.250      0.616  46945.213    29.5974     9.1161      0.610    6.66645     9.1163    22.8737   12.04493 3.9677e+02 0.0000e+00
        383 184.357483    0.02653     1.5917     95.500      0.616  46945.444    29.5976     9.1162      0.610    6.66643     9.1165    22.8738   12.04489 3.9454e+02 0.0000e+00
        384 184.357486    0.02660     1.5958     95.750      0.616  46945.661    29.5978     9.1164      0.610    6.66640     9.1168    22.8739   12.04483 3.9142e+02 0.0000e+00
        385 184.357488    0.02667     1.6000     96.000      0.616  46945.925    29.5980     9.1166      0.610    6.66636     9.1170    22.8741   12.04476 3.9147e+02 0.0000e+00
        386 184.357491    0.02674     1.6042     96.250      0.616  46946.306    29.5982     9.1169      0.610    6.66631     9.1172    22.8743   12.04468 3.9500e+02 0.0000e+00
        387 184.357494    0.02681     1.6083     96.500      0.617  46946.648    29.5985     9.1171      0.611    6.66626     9.1174    22.8744   12.04460 3.9729e+02 0.0000e+00
        388 184.357497    0.02688     1.6125     96.750      0.617  46946.660    29.5985     9.1173      0.611    6.66622     9.1176    22.8744   12.04453 3.9699e+02 0.0000e+00
        389 184.357500    0.02694     1.6167     97.000      0.617  46946.353    29.5983     9.1175      0.611    6.66620     9.1176    22.8743   12.04450 3.9554e+02 0.0000e+00
        390 184.357503    0.02701     1.6208     97.250      0.617  46945.958    29.5981     9.1177      0.611    6.66619     9.1176    22.8740   12.04449 3.9454e+02 0.0000e+00
        391 184.357506    0.02708     1.6250     97.500      0.616  46945.579    29.5978     9.1177      0.610    6.66620     9.1175    22.8738   12.04450 3.9485e+02 0.0000e+00
        392 184.357509    0.02715     1.6292     97.750      0.616  46945.247    29.5976     9.1177      0.610    6.66621     9.1174    22.8736   12.04453 3.9538e+02 0.0000e+00
        393 184.357512    0.02722     1.6333     98.000      0.617  46945.032    29.5974     9.1176      0.611    6.66623     9.1172    22.8735   12.04457 3.9584e+02 0.0000e+00
        394 184.357514    0.02729     1.6375     98.250      0.618  46944.921    29.5973     9.1174      0.612    6.66626     9.1171    22.8735   12.04461 3.9597e+02 0.0000e+00
        395 184.357517    0.02736     1.6417     98.500      0.619  46944.842    29.5973     9.1173      0.613    6.66628     9.1169    22.8734   12.04465 3.9520e+02 0.0000e+00
        396 184.357520    0.02743     1.6458     98.750      0.620  46944.799    29.5972     9.1171      0.614    6.66631     9.1167    22.8734   12.04469 3.9410e+02 0.0000e+00
        397 184.357523    0.02750     1.6500     99.000      0.621  46944.864    29.5973     9.1170      0.615    6.66633     9.1165    22.8735   12.04473 3.9319e+02 0.0000e+00
        398 184.357526    0.02757     1.6542     99.250      0.621  46945.092    29.5974     9.1168      0.615    6.66635     9.1163    22.8736   12.04476 3.9247e+02 0.0000e+00
        399 184.357529    0.02764     1.6583     99.500      0.620  46945.615    29.5977     9.1166      0.614    6.66637     9.1162    22.8739   12.04479 3.9139e+02 0.0000e+00
        400 184.357532    0.02771     1.6625     99.750      0.619  46946.512    29.5983     9.1164      0.613    6.66637     9.1162    22.8744   12.04478 3.8925e+02 0.0000e+00
        401 184.357535    0.02778     1.6667    100.000      0.617  46947.560    29.5991     9.1163      0.611    6.66636     9.1162    22.8750   12.04475 3.8518e+02 0.0000e+00
        402 184.357538    0.02785     1.6708    100.250      0.616  46948.381    29.5996     9.1162      0.610    6.66634     9.1162    22.8754   12.04472 3.8017e+02 0.0000e+00
        403 184.357541    0.02792     1.6750    100.500      0.616  46948.750    29.5999     9.1162      0.610    6.66633     9.1161    22.8756   12.04470 3.7952e+02 0.0000e+00
        404 184.357543    0.02799     1.6792    100.750      0.616  46948.725    29.5999     9.1162      0.610    6.66633     9.1161    22.8756   12.04470 3.8510e+02 0.0000e+00
        405 184.357546    0.02806     1.6833    101.000      0.617  46948.409    29.5996     9.1162      0.611    6.66635     9.1159    22.8755   12.04472 3.9185e+02 0.0000e+00
        406 184.357549    0.02813     1.6875    101.250      0.618  46947.752    29.5992     9.1161      0.612    6.66638     9.1156    22.8751   12.04478 3.9546e+02 0.0000e+00
        407 184.357552    0.02819     1.6917    101.500      0.620  46946.740    29.5984     9.1160      0.614    6.66643     9.1153    22.8745   12.04488 3.9736e+02 0.0000e+00
        408 184.357555    0.02826     1.6958    101.750      0.620  46945.571    29.5976     9.1157      0.615    6.66651     9.1148    22.8739   12.04501 4.0123e+02 0.0000e+00
        409 184.357558    0.02833     1.7000    102.000      0.620  46944.524    29.5968     9.1153      0.615    6.66660     9.1143    22.8733   12.04517 4.0415e+02 0.0000e+00
        410 184.357561    0.02840     1.7042    102.250      0.621  46943.779    29.5962     9.1149      0.615    6.66669     9.1138    22.8730   12.04533 4.0215e+02 0.0000e+00
        411 184.357564    0.02847     1.7083    102.500      0.621  46943.431    29.5959     9.1144      0.616    6.66678     9.1134    22.8728   12.04549 3.9806e+02 0.0000e+00
        412 184.357567    0.02854     1.7125    102.750      0.622  46943.395    29.5958     9.1139      0.617    6.66686     9.1132    22.8728   12.04561 3.9533e+02 0.0000e+00
        413 184.357569    0.02861     1.7167    103.000      0.623  46943.458    29.5958     9.1135      0.618    6.66691     9.1130    22.8729   12.04571 3.9404e+02 0.0000e+00
        414 184.357572    0.02868     1.7208    103.250      0.624  46943.504    29.5958     9.1132      0.618    6.66695     9.1129    22.8729   12.04577 3.9308e+02 0.0000e+00
        415 184.357575    0.02875     1.7250    103.500      0.623  46943.529    29.5958     9.1130      0.618    6.66698     9.1128    22.8730   12.04582 3.9267e+02 0.0000e+00
        416 184.357578    0.02882     1.7292    103.750      0.622  46943.590    29.5958     9.1129      0.616    6.66700     9.1127    22.8730   12.04584 3.9217e+02 0.0000e+00
        417 184.357581    0.02889     1.7333    104.000      0.620  46943.611    29.5958     9.1128      0.614    6.66701     9.1126    22.8730   12.04587 3.9097e+02 0.0000e+00
        418 184.357584    0.02896     1.7375    104.250      0.618  46943.517    29.5958     9.1127      0.612    6.66702     9.1125    22.8730   12.04590 3.9010e+02 0.0000e+00
        419 184.357587    0.02903     1.7417    104.500      0.617  46943.409    29.5957     9.1126      0.611    6.66704     9.1125    22.8729   12.04593 3.8891e+02 0.0000e+00
        420 184.357590    0.02910     1.7458    104.750      0.616  46943.283    29.5956     9.1125      0.610    6.66706     9.1124    22.8728   12.04596 3.8655e+02 0.0000e+00
        421 184.357593    0.02917     1.7500    105.000      0.617  46943.196    29.5955     9.1125      0.611    6.66707     9.1124    22.8728   12.04598 3.8328e+02 0.0000e+00
        422 184.357595    0.02924     1.7542    105.250      0.618  46943.278    29.5956     9.1124      0.612    6.66708     9.1125    22.8728   12.04599 3.7782e+02 0.0000e+00
        423 184.357598    0.02931     1.7583    105.500      0.619  46943.531    29.5958     9.1124      0.614    6.66707     9.1126    22.8730   12.04597 3.7266e+02 0.0000e+00
        424 184.357601    0.02937     1.7625    105.750      0.621  46943.861    29.5960     9.1125      0.615    6.66705     9.1127    22.8731   12.04594 3.7304e+02 0.0000e+00
        425 184.357604    0.02944     1.7667    106.000      0.621  46944.164    29.5962     9.1126      0.616    6.66703     9.1129    22.8733   12.04590 3.7532e+02 0.0000e+00
        426 184.357607    0.02951     1.7708    106.250      0.621  46944.433    29.5964     9.1127      0.615    6.66699     9.1131    22.8735   12.04584 3.7538e+02 0.0000e+00
        427 184.357610    0.02958     1.7750    106.500      0.620  46944.669    29.5966     9.1129      0.614    6.66695     9.1133    22.8736   12.04578 3.7457e+02 0.0000e+00
        428 184.357613    0.02965     1.7792    106.750      0.618  46944.830    29.5967     9.1132      0.612    6.66692     9.1135    22.8736   12.04571 3.7510e+02 0.0000e+00
        429 184.357616    0.02972     1.7833    107.000      0.617  46944.925    29.5968     9.1134      0.611    6.66688     9.1137    22.8737   12.04565 3.7794e+02 0.0000e+00
        430 184.357619    0.02979     1.7875    107.250      0.616  46945.035    29.5969     9.1135      0.610    6.66685     9.1138    22.8737   12.04560 3.8137e+02 0.0000e+00
        431 184.357622    0.02986     1.7917    107.500      0.616  46945.217    29.5971     9.1137      0.610    6.66682     9.1140    22.8738   12.04555 3.8432e+02 0.0000e+00
        432 184.357624    0.02993     1.7958    107.750      0.615  46945.426    29.5973     9.1139      0.609    6.66679     9.1141    22.8739   12.04549 3.8562e+02 0.0000e+00
        433 184.357627    0.03000     1.8000    108.000      0.615  46945.591    29.5974     9.1140      0.609    6.66676     9.1143    22.8740   12.04544 3.8418e+02 0.0000e+00
        434 184.357630    0.03007     1.8042    108.250      0.614  46945.717    29.5975     9.1142      0.608    6.66673     9.1144    22.8740   12.04539 3.8346e+02 0.0000e+00
        435 184.357633    0.03014     1.8083    108.500      0.611  46945.876    29.5976     9.1144      0.606    6.66670     9.1145    22.8741   12.04534 3.8737e+02 0.0000e+00
        436 184.357636    0.03021     1.8125    108.750      0.608  46946.108    29.5978     9.1145      0.602    6.66667     9.1147    22.8743   12.04529 3.9294e+02 0.0000e+00
        437 184.357639    0.03028     1.8167    109.000      0.603  46946.392    29.5981     9.1146      0.598    6.66665     9.1148    22.8744   12.04525 3.9690e+02 0.0000e+00
        438 184.357642    0.03035     1.8208    109.250      0.600  46946.667    29.5983     9.1147      0.594    6.66662     9.1149    22.8746   12.04520 3.9950e+02 0.0000e+00
        439 184.357645    0.03042     1.8250    109.500      0.598  46946.861    29.5984     9.1148      0.592    6.66660     9.1149    22.8747   12.04517 4.0104e+02 0.0000e+00
        440 184.357648    0.03049     1.8292    109.750      0.597  46946.952    29.5985     9.1149      0.592    6.66659     9.1149    22.8748   12.04514 4.0226e+02 0.0000e+00
        441 184.357650    0.03056     1.8333    110.000      0.599  46946.886    29.5985     9.1150      0.593    6.66658     9.1149    22.8747   12.04513 4.0297e+02 0.0000e+00
        442 184.357653    0.03062     1.8375    110.250      0.601  46946.669    29.5983     9.1150      0.595    6.66659     9.1148    22.8746   12.04514 4.0289e+02 0.0000e+00
        443 184.357656    0.03069     1.8417    110.500      0.603  46946.495    29.5982     9.1149      0.597    6.66660     9.1147    22.8745   12.04517 4.0276e+02 0.0000e+00
        444 184.357659    0.03076     1.8458    110.750      0.603  46946.566    29.5982     9.1148      0.598    6.66661     9.1146    22.8745   12.04519 4.0318e+02 0.0000e+00
        445 184.357662    0.03083     1.8500    111.000      0.603  46946.918    29.5984     9.1147      0.597    6.66662     9.1146    22.8747   12.04519 4.0456e+02 0.0000e+00
        446 184.357665    0.03090     1.8542    111.250      0.602  46947.451    29.5988     9.1147      0.596    6.66661     9.1146    22.8750   12.04518 4.0810e+02 0.0000e+00
        447 184.357668    0.03097     1.8583    111.500      0.601  46948.051    29.5992     9.1146      0.595    6.66660     9.1145    22.8753   12.04515 4.1371e+02 0.0000e+00
        448 184.357671    0.03104     1.8625    111.750      0.602  46948.654    29.5996     9.1146      0.596    6.66658     9.1145    22.8757   12.04512 4.1788e+02 0.0000e+00
        449 184.357674    0.03111     1.8667    112.000      0.605  46949.291    29.6000     9.1146      0.599    6.66656     9.1144    22.8760   12.04509 4.1855e+02 0.0000e+00
        450 184.357677    0.03118     1.8708    112.250      0.610  46950.150    29.6006     9.1146      0.605    6.66654     9.1143    22.8765   12.04504 4.1503e+02 0.0000e+00
        451 184.357679    0.03125     1.8750    112.500      0.619  46951.570    29.6016     9.1145      0.613    6.66651     9.1141    22.8773   12.04498 4.0586e+02 0.0000e+00
