CTD-processing/allCTD/CNV--turbid/2012_05-03_t6_s27_cast071.cnv
* Sea-Bird SBE19plus Data File:
* FileName = C:\Documents and Settings\glenn.seaman\My Documents\KHolderied-files\CTD-DATA-FILES\2012-05-LTM-LowerCookInlet-CTD\Transect6-2012-05-Douglas\2012-05-03-04-LTM-Tran6-cast071.hex
* Software Version 1.59
* Temperature SN =  5028
* Conductivity SN =  5028
* System UpLoad Time = May 31 2012 03:21:41
** LTM Transect6- Pt Adam to Cape Douglas
** Date: 05-03
** Station: 6-27
** Start time (AKDT-24hr): 01:43
** Depth (m): 54
** check on sta no, add time/z from log
# nquan = 16
# nvalues = 630                         
# units = specified
# name 0 = scan: Scan Count
# name 1 = timeJ: Julian Days
# name 2 = timeH: Time, Elapsed [hours]
# name 3 = timeM: Time, Elapsed [minutes]
# name 4 = timeS: Time, Elapsed [seconds]
# name 5 = prdM: Pressure, Strain Gauge [db]
# name 6 = specc: Specific Conductance [uS/cm]
# name 7 = sal00: Salinity, Practical [PSU]
# name 8 = tv290C: Temperature [ITS-90, deg C]
# name 9 = depSM: Depth [salt water, m], lat = 59.00
# name 10 = oxsolML/L: Oxygen Saturation, Garcia & Gordon [ml/l]
# name 11 = potemp090C: Potential Temperature [ITS-90, deg C]
# name 12 = sigma-é00: Density [sigma-theta, kg/m^3]
# name 13 = n2satML/L: Nitrogen Saturation [ml/l]
# name 14 = par: PAR/Irradiance, Biospherical/Licor [umol photons/m^2/sec]
# name 15 = flag:  0.000e+00
# span 0 =          1,        630       
# span 1 = 125.071644, 125.073464       
# span 2 =    0.00000,    0.04368       
# span 3 =     0.0000,     2.6208       
# span 4 =      0.000,    157.250       
# span 5 =     -0.122,     50.372       
# span 6 =    509.894,  51218.243       
# span 7 =     0.2366,    31.5392       
# span 8 =     3.4271,     4.2731       
# span 9 =     -0.121,     49.895       
# span 10 =    7.42653,    9.29726      
# span 11 =     3.4271,     4.2730      
# span 12 =     0.1638,    25.0595      
# span 13 =   13.29165,   16.85727      
# span 14 = 3.7490e-02, 6.1865e-01      
# span 15 = 0.0000e+00, 0.0000e+00      
# interval = seconds: 0.25
# start_time = May 04 2012 01:43:10 [Instrument's time stamp, header]
# bad_flag = -9.990e-29
*END*
[from data line 543]
        544 125.073215    0.03771     2.2625    135.750     35.065  50799.466    31.3070     3.9178     34.734    7.44264     3.9165    24.8575   13.30682 3.7490e-02 0.0000e+00
        545 125.073218    0.03778     2.2667    136.000     35.283  50800.511    31.3077     3.9182     34.950    7.44252     3.9171    24.8581   13.30661 3.7490e-02 0.0000e+00
        546 125.073220    0.03785     2.2708    136.250     35.509  50802.049    31.3088     3.9187     35.174    7.44237     3.9179    24.8589   13.30636 3.7490e-02 0.0000e+00
        547 125.073223    0.03792     2.2750    136.500     35.735  50804.062    31.3102     3.9193     35.398    7.44219     3.9189    24.8599   13.30604 3.7490e-02 0.0000e+00
        548 125.073226    0.03799     2.2792    136.750     35.958  50805.900    31.3115     3.9201     35.618    7.44198     3.9199    24.8609   13.30567 3.7490e-02 0.0000e+00
        549 125.073229    0.03806     2.2833    137.000     36.172  50806.804    31.3122     3.9211     35.830    7.44176     3.9208    24.8614   13.30530 3.7490e-02 0.0000e+00
        550 125.073232    0.03812     2.2875    137.250     36.377  50806.834    31.3124     3.9222     36.033    7.44156     3.9214    24.8614   13.30497 3.7490e-02 0.0000e+00
        551 125.073235    0.03819     2.2917    137.500     36.571  50806.577    31.3123     3.9231     36.226    7.44141     3.9219    24.8613   13.30472 3.7490e-02 0.0000e+00
        552 125.073238    0.03826     2.2958    137.750     36.756  50806.365    31.3123     3.9237     36.409    7.44129     3.9223    24.8611   13.30453 3.7490e-02 0.0000e+00
        553 125.073241    0.03833     2.3000    138.000     36.935  50806.302    31.3123     3.9242     36.586    7.44120     3.9225    24.8610   13.30438 3.7490e-02 0.0000e+00
        554 125.073244    0.03840     2.3042    138.250     37.114  50806.574    31.3124     3.9246     36.763    7.44113     3.9227    24.8611   13.30427 3.7490e-02 0.0000e+00
        555 125.073247    0.03847     2.3083    138.500     37.296  50807.342    31.3129     3.9248     36.944    7.44106     3.9230    24.8615   13.30415 3.7490e-02 0.0000e+00
        556 125.073249    0.03854     2.3125    138.750     37.485  50808.301    31.3135     3.9251     37.131    7.44099     3.9233    24.8620   13.30401 3.7490e-02 0.0000e+00
        557 125.073252    0.03861     2.3167    139.000     37.679  50808.786    31.3138     3.9254     37.323    7.44092     3.9234    24.8622   13.30388 3.7490e-02 0.0000e+00
        558 125.073255    0.03868     2.3208    139.250     37.878  50808.816    31.3138     3.9257     37.520    7.44087     3.9235    24.8622   13.30380 3.7490e-02 0.0000e+00
        559 125.073258    0.03875     2.3250    139.500     38.079  50808.933    31.3138     3.9258     37.720    7.44083     3.9236    24.8622   13.30375 3.7490e-02 0.0000e+00
        560 125.073261    0.03882     2.3292    139.750     38.277  50809.094    31.3139     3.9259     37.916    7.44081     3.9236    24.8622   13.30372 3.7490e-02 0.0000e+00
        561 125.073264    0.03889     2.3333    140.000     38.468  50809.086    31.3138     3.9260     38.105    7.44080     3.9236    24.8622   13.30371 3.7490e-02 0.0000e+00
        562 125.073267    0.03896     2.3375    140.250     38.650  50809.049    31.3137     3.9260     38.285    7.44080     3.9235    24.8621   13.30371 3.7490e-02 0.0000e+00
        563 125.073270    0.03903     2.3417    140.500     38.822  50809.092    31.3136     3.9260     38.455    7.44081     3.9233    24.8620   13.30372 3.7490e-02 0.0000e+00
        564 125.073273    0.03910     2.3458    140.750     38.985  50809.257    31.3136     3.9259     38.616    7.44083     3.9232    24.8620   13.30375 3.7490e-02 0.0000e+00
        565 125.073275    0.03917     2.3500    141.000     39.143  50809.787    31.3139     3.9257     38.773    7.44084     3.9232    24.8622   13.30376 3.7490e-02 0.0000e+00
        566 125.073278    0.03924     2.3542    141.250     39.301  50811.069    31.3147     3.9256     38.929    7.44082     3.9232    24.8629   13.30372 3.7490e-02 0.0000e+00
        567 125.073281    0.03931     2.3583    141.500     39.465  50813.372    31.3161     3.9256     39.092    7.44075     3.9233    24.8640   13.30359 3.7490e-02 0.0000e+00
        568 125.073284    0.03938     2.3625    141.750     39.639  50816.600    31.3183     3.9257     39.265    7.44064     3.9234    24.8657   13.30337 3.7490e-02 0.0000e+00
        569 125.073287    0.03944     2.3667    142.000     39.825  50820.391    31.3208     3.9258     39.449    7.44048     3.9234    24.8677   13.30309 3.7490e-02 0.0000e+00
        570 125.073290    0.03951     2.3708    142.250     40.021  50824.559    31.3235     3.9259     39.643    7.44032     3.9231    24.8699   13.30278 3.7490e-02 0.0000e+00
        571 125.073293    0.03958     2.3750    142.500     40.223  50828.895    31.3264     3.9259     39.843    7.44018     3.9226    24.8722   13.30251 3.7490e-02 0.0000e+00
        572 125.073296    0.03965     2.3792    142.750     40.427  50833.000    31.3290     3.9257     40.045    7.44010     3.9219    24.8743   13.30233 3.7490e-02 0.0000e+00
        573 125.073299    0.03972     2.3833    143.000     40.627  50837.011    31.3315     3.9252     40.243    7.44006     3.9210    24.8763   13.30224 3.7490e-02 0.0000e+00
        574 125.073302    0.03979     2.3875    143.250     40.821  50841.233    31.3341     3.9244     40.436    7.44006     3.9199    24.8785   13.30221 3.7490e-02 0.0000e+00
        575 125.073304    0.03986     2.3917    143.500     41.008  50845.440    31.3367     3.9235     40.621    7.44010     3.9189    24.8806   13.30225 3.7490e-02 0.0000e+00
        576 125.073307    0.03993     2.3958    143.750     41.187  50849.310    31.3390     3.9225     40.798    7.44018     3.9179    24.8825   13.30234 3.7490e-02 0.0000e+00
        577 125.073310    0.04000     2.4000    144.000     41.361  50852.733    31.3410     3.9215     40.970    7.44026     3.9170    24.8842   13.30245 3.7490e-02 0.0000e+00
        578 125.073313    0.04007     2.4042    144.250     41.537  50855.921    31.3428     3.9205     41.144    7.44034     3.9160    24.8858   13.30256 3.7490e-02 0.0000e+00
        579 125.073316    0.04014     2.4083    144.500     41.717  50859.356    31.3449     3.9196     41.323    7.44041     3.9148    24.8875   13.30264 3.7490e-02 0.0000e+00
        580 125.073319    0.04021     2.4125    144.750     41.905  50863.527    31.3474     3.9186     41.509    7.44046     3.9133    24.8896   13.30270 3.7490e-02 0.0000e+00
        581 125.073322    0.04028     2.4167    145.000     42.100  50868.462    31.3503     3.9173     41.702    7.44054     3.9116    24.8920   13.30279 3.7490e-02 0.0000e+00
        582 125.073325    0.04035     2.4208    145.250     42.302  50873.754    31.3534     3.9159     41.902    7.44065     3.9099    24.8947   13.30293 3.7490e-02 0.0000e+00
        583 125.073328    0.04042     2.4250    145.500     42.510  50879.315    31.3567     3.9143     42.108    7.44078     3.9081    24.8974   13.30310 3.7490e-02 0.0000e+00
        584 125.073330    0.04049     2.4292    145.750     42.720  50885.540    31.3605     3.9126     42.316    7.44090     3.9061    24.9006   13.30324 3.7490e-02 0.0000e+00
        585 125.073333    0.04056     2.4333    146.000     42.928  50892.790    31.3649     3.9108     42.522    7.44100     3.9040    24.9042   13.30335 3.7490e-02 0.0000e+00
        586 125.073336    0.04063     2.4375    146.250     43.131  50900.920    31.3698     3.9089     42.724    7.44110     3.9017    24.9084   13.30346 3.7490e-02 0.0000e+00
        587 125.073339    0.04069     2.4417    146.500     43.329  50909.401    31.3750     3.9067     42.919    7.44124     3.8993    24.9127   13.30362 3.7490e-02 0.0000e+00
        588 125.073342    0.04076     2.4458    146.750     43.520  50917.785    31.3801     3.9044     43.108    7.44140     3.8968    24.9169   13.30382 3.7490e-02 0.0000e+00
        589 125.073345    0.04083     2.4500    147.000     43.704  50925.897    31.3849     3.9020     43.291    7.44159     3.8943    24.9210   13.30407 3.7490e-02 0.0000e+00
        590 125.073348    0.04090     2.4542    147.250     43.883  50933.915    31.3897     3.8995     43.469    7.44179     3.8915    24.9250   13.30434 3.7490e-02 0.0000e+00
        591 125.073351    0.04097     2.4583    147.500     44.059  50942.105    31.3946     3.8970     43.643    7.44201     3.8886    24.9291   13.30464 3.7490e-02 0.0000e+00
        592 125.073354    0.04104     2.4625    147.750     44.233  50950.507    31.3995     3.8942     43.815    7.44226     3.8855    24.9333   13.30499 3.7490e-02 0.0000e+00
        593 125.073356    0.04111     2.4667    148.000     44.406  50959.239    31.4047     3.8914     43.986    7.44253     3.8822    24.9377   13.30536 3.7490e-02 0.0000e+00
        594 125.073359    0.04118     2.4708    148.250     44.577  50968.734    31.4103     3.8883     44.156    7.44280     3.8784    24.9425   13.30573 3.7490e-02 0.0000e+00
        595 125.073362    0.04125     2.4750    148.500     44.746  50979.307    31.4166     3.8850     44.323    7.44309     3.8745    24.9478   13.30613 3.7490e-02 0.0000e+00
        596 125.073365    0.04132     2.4792    148.750     44.910  50990.644    31.4234     3.8812     44.486    7.44344     3.8706    24.9535   13.30660 3.7490e-02 0.0000e+00
        597 125.073368    0.04139     2.4833    149.000     45.067  51002.194    31.4302     3.8773     44.641    7.44381     3.8668    24.9593   13.30713 3.7490e-02 0.0000e+00
        598 125.073371    0.04146     2.4875    149.250     45.216  51014.173    31.4373     3.8734     44.788    7.44416     3.8627    24.9654   13.30761 3.7490e-02 0.0000e+00
        599 125.073374    0.04153     2.4917    149.500     45.358  51027.227    31.4452     3.8696     44.929    7.44445     3.8584    24.9720   13.30800 3.7490e-02 0.0000e+00
        600 125.073377    0.04160     2.4958    149.750     45.496  51041.054    31.4536     3.8656     45.066    7.44477     3.8542    24.9790   13.30840 3.7490e-02 0.0000e+00
        601 125.073380    0.04167     2.5000    150.000     45.634  51054.245    31.4615     3.8613     45.202    7.44515     3.8502    24.9857   13.30894 3.7490e-02 0.0000e+00
        602 125.073383    0.04174     2.5042    150.250     45.775  51065.691    31.4682     3.8571     45.341    7.44559     3.8465    24.9914   13.30958 3.7490e-02 0.0000e+00
        603 125.073385    0.04181     2.5083    150.500     45.924  51075.345    31.4737     3.8531     45.489    7.44603     3.8426    24.9962   13.31022 3.7490e-02 0.0000e+00
        604 125.073388    0.04188     2.5125    150.750     46.085  51083.611    31.4784     3.8494     45.648    7.44647     3.8383    25.0002   13.31089 3.7490e-02 0.0000e+00
        605 125.073391    0.04194     2.5167    151.000     46.258  51090.958    31.4824     3.8455     45.820    7.44697     3.8334    25.0037   13.31167 3.7490e-02 0.0000e+00
        606 125.073394    0.04201     2.5208    151.250     46.444  51097.922    31.4860     3.8412     46.005    7.44757     3.8280    25.0070   13.31261 3.7490e-02 0.0000e+00
        607 125.073397    0.04208     2.5250    151.500     46.644  51105.113    31.4896     3.8363     46.202    7.44828     3.8223    25.0103   13.31374 3.7490e-02 0.0000e+00
        608 125.073400    0.04215     2.5292    151.750     46.854  51112.902    31.4934     3.8308     46.411    7.44909     3.8166    25.0139   13.31501 3.7490e-02 0.0000e+00
        609 125.073403    0.04222     2.5333    152.000     47.071  51120.743    31.4973     3.8251     46.626    7.44993     3.8111    25.0175   13.31636 3.7490e-02 0.0000e+00
        610 125.073406    0.04229     2.5375    152.250     47.292  51127.923    31.5007     3.8195     46.845    7.45078     3.8053    25.0207   13.31772 3.7490e-02 0.0000e+00
        611 125.073409    0.04236     2.5417    152.500     47.512  51134.573    31.5037     3.8140     47.062    7.45164     3.7993    25.0237   13.31910 3.7490e-02 0.0000e+00
        612 125.073411    0.04243     2.5458    152.750     47.724  51141.317    31.5068     3.8082     47.272    7.45254     3.7935    25.0267   13.32053 3.7490e-02 0.0000e+00
        613 125.073414    0.04250     2.5500    153.000     47.924  51148.682    31.5103     3.8023     47.471    7.45345     3.7881    25.0300   13.32200 3.7490e-02 0.0000e+00
        614 125.073417    0.04257     2.5542    153.250     48.109  51156.248    31.5139     3.7964     47.654    7.45433     3.7833    25.0334   13.32341 3.7490e-02 0.0000e+00
        615 125.073420    0.04264     2.5583    153.500     48.274  51163.045    31.5172     3.7911     47.817    7.45515     3.7791    25.0365   13.32470 3.7490e-02 0.0000e+00
        616 125.073423    0.04271     2.5625    153.750     48.418  51168.977    31.5200     3.7863     47.960    7.45587     3.7753    25.0392   13.32587 3.7490e-02 0.0000e+00
        617 125.073426    0.04278     2.5667    154.000     48.541  51174.401    31.5226     3.7821     48.082    7.45652     3.7720    25.0416   13.32690 3.7490e-02 0.0000e+00
        618 125.073429    0.04285     2.5708    154.250     48.651  51179.364    31.5250     3.7783     48.190    7.45709     3.7692    25.0439   13.32781 3.7490e-02 0.0000e+00
        619 125.073432    0.04292     2.5750    154.500     48.754  51183.637    31.5270     3.7750     48.293    7.45758     3.7665    25.0459   13.32860 3.7490e-02 0.0000e+00
        620 125.073435    0.04299     2.5792    154.750     48.860  51186.651    31.5283     3.7722     48.397    7.45804     3.7633    25.0472   13.32933 3.7490e-02 0.0000e+00
        621 125.073438    0.04306     2.5833    155.000     48.978  51188.117    31.5286     3.7695     48.514    7.45852     3.7592    25.0476   13.33012 3.7490e-02 0.0000e+00
        622 125.073440    0.04312     2.5875    155.250     49.117  51188.856    31.5283     3.7664     48.652    7.45911     3.7541    25.0476   13.33109 3.7490e-02 0.0000e+00
        623 125.073443    0.04319     2.5917    155.500     49.284  51190.801    31.5285     3.7622     48.817    7.45985     3.7487    25.0482   13.33231 3.7490e-02 0.0000e+00
        624 125.073446    0.04326     2.5958    155.750     49.476  51194.872    31.5299     3.7572     49.008    7.46070     3.7433    25.0498   13.33370 3.7490e-02 0.0000e+00
        625 125.073449    0.04333     2.6000    156.000     49.685  51199.712    31.5318     3.7517     49.214    7.46159     3.7381    25.0518   13.33516 3.7490e-02 0.0000e+00
        626 125.073452    0.04340     2.6042    156.250     49.895  51204.437    31.5336     3.7464     49.423    7.46248     3.7336    25.0537   13.33660 3.7490e-02 0.0000e+00
        627 125.073455    0.04347     2.6083    156.500     50.089  51209.265    31.5355     3.7412     49.615    7.46333     3.7303    25.0557   13.33797 3.7490e-02 0.0000e+00
        628 125.073458    0.04354     2.6125    156.750     50.243  51213.722    31.5373     3.7367     49.767    7.46407     3.7290    25.0576   13.33916 3.7490e-02 0.0000e+00
        629 125.073461    0.04361     2.6167    157.000     50.339  51216.990    31.5387     3.7333     49.863    7.46461 -9.990e-29    25.0590   13.34004 3.7490e-02 0.0000e+00
        630 125.073464    0.04368     2.6208    157.250     50.372  51218.243    31.5392     3.7320     49.895    7.46482 -9.990e-29    25.0595   13.34038 3.7490e-02 0.0000e+00
