CTD-processing/allCTD/CNV--turbid/2012_05-03_t6_s02_cast046.cnv
* Sea-Bird SBE19plus Data File:
* FileName = C:\Documents and Settings\glenn.seaman\My Documents\KHolderied-files\CTD-DATA-FILES\2012-05-LTM-LowerCookInlet-CTD\Transect6-2012-05-Douglas\2012-05-03-04-LTM-Tran6-cast046.hex
* Software Version 1.59
* Temperature SN =  5028
* Conductivity SN =  5028
* System UpLoad Time = May 31 2012 02:09:25
** LTM Transect6- Pt Adam to Cape Douglas
** Date: 05-03
** Station: 6-02
** Start time (AKDT-24hr): 17:50
** Depth (m): 44
** check sta number and add time/depth from log
# nquan = 16
# nvalues = 725                         
# units = specified
# name 0 = scan: Scan Count
# name 1 = timeJ: Julian Days
# name 2 = timeH: Time, Elapsed [hours]
# name 3 = timeM: Time, Elapsed [minutes]
# name 4 = timeS: Time, Elapsed [seconds]
# name 5 = prdM: Pressure, Strain Gauge [db]
# name 6 = specc: Specific Conductance [uS/cm]
# name 7 = sal00: Salinity, Practical [PSU]
# name 8 = tv290C: Temperature [ITS-90, deg C]
# name 9 = depSM: Depth [salt water, m], lat = 59.00
# name 10 = oxsolML/L: Oxygen Saturation, Garcia & Gordon [ml/l]
# name 11 = potemp090C: Potential Temperature [ITS-90, deg C]
# name 12 = sigma-é00: Density [sigma-theta, kg/m^3]
# name 13 = n2satML/L: Nitrogen Saturation [ml/l]
# name 14 = par: PAR/Irradiance, Biospherical/Licor [umol photons/m^2/sec]
# name 15 = flag:  0.000e+00
# span 0 =          1,        725       
# span 1 = 124.741713, 124.743808       
# span 2 =    0.00000,    0.05028       
# span 3 =     0.0000,     3.0167       
# span 4 =      0.000,    181.000       
# span 5 =     -0.133,     44.027       
# span 6 =    929.490,  51272.766       
# span 7 =     0.4485,    31.8153       
# span 8 =     4.6405,     4.7373       
# span 9 =     -0.132,     43.611       
# span 10 =    7.27163,    8.99217      
# span 11 =     4.6408,     4.7372      
# span 12 =     0.3318,    25.1815      
# span 13 =   13.01797,   16.34206      
# span 14 = 6.4271e-02, 2.2156e+02      
# span 15 = 0.0000e+00, 0.0000e+00      
# interval = seconds: 0.25
# start_time = May 03 2012 17:48:04 [Instrument's time stamp, header]
# bad_flag = -9.990e-29
*END*
[from data line 633]
        634 124.743545    0.04396     2.6375    158.250     22.615  51250.674    31.8098     4.7325     22.402    7.27241     4.7309    25.1755   13.01926 1.4919e+00 0.0000e+00
        635 124.743547    0.04403     2.6417    158.500     22.855  51251.039    31.8099     4.7325     22.640    7.27241     4.7309    25.1756   13.01925 1.4298e+00 0.0000e+00
        636 124.743550    0.04410     2.6458    158.750     23.098  51251.331    31.8100     4.7325     22.881    7.27240     4.7309    25.1757   13.01924 1.3702e+00 0.0000e+00
        637 124.743553    0.04417     2.6500    159.000     23.341  51251.538    31.8100     4.7325     23.121    7.27240     4.7309    25.1757   13.01924 1.3134e+00 0.0000e+00
        638 124.743556    0.04424     2.6542    159.250     23.580  51251.676    31.8099     4.7325     23.358    7.27240     4.7309    25.1757   13.01923 1.2599e+00 0.0000e+00
        639 124.743559    0.04431     2.6583    159.500     23.815  51251.772    31.8099     4.7325     23.590    7.27239     4.7309    25.1757   13.01923 1.2095e+00 0.0000e+00
        640 124.743562    0.04437     2.6625    159.750     24.045  51251.890    31.8099     4.7326     23.819    7.27239     4.7309    25.1757   13.01922 1.1619e+00 0.0000e+00
        641 124.743565    0.04444     2.6667    160.000     24.272  51252.037    31.8099     4.7326     24.044    7.27238     4.7309    25.1757   13.01921 1.1169e+00 0.0000e+00
        642 124.743568    0.04451     2.6708    160.250     24.495  51252.169    31.8099     4.7326     24.264    7.27238     4.7309    25.1756   13.01921 1.0745e+00 0.0000e+00
        643 124.743571    0.04458     2.6750    160.500     24.712  51252.293    31.8099     4.7326     24.480    7.27238     4.7308    25.1756   13.01921 1.0347e+00 0.0000e+00
        644 124.743573    0.04465     2.6792    160.750     24.927  51252.433    31.8098     4.7326     24.692    7.27239     4.7308    25.1756   13.01922 9.9699e-01 0.0000e+00
        645 124.743576    0.04472     2.6833    161.000     25.141  51252.595    31.8098     4.7326     24.904    7.27239     4.7308    25.1756   13.01922 9.6079e-01 0.0000e+00
        646 124.743579    0.04479     2.6875    161.250     25.357  51252.775    31.8099     4.7326     25.118    7.27239     4.7308    25.1756   13.01922 9.2565e-01 0.0000e+00
        647 124.743582    0.04486     2.6917    161.500     25.577  51252.977    31.8099     4.7326     25.336    7.27238     4.7308    25.1756   13.01921 8.9101e-01 0.0000e+00
        648 124.743585    0.04493     2.6958    161.750     25.802  51253.205    31.8100     4.7326     25.559    7.27238     4.7307    25.1757   13.01921 8.5668e-01 0.0000e+00
        649 124.743588    0.04500     2.7000    162.000     26.033  51253.444    31.8100     4.7326     25.788    7.27238     4.7307    25.1757   13.01921 8.2282e-01 0.0000e+00
        650 124.743591    0.04507     2.7042    162.250     26.268  51253.676    31.8100     4.7325     26.021    7.27238     4.7307    25.1758   13.01921 7.8967e-01 0.0000e+00
        651 124.743594    0.04514     2.7083    162.500     26.505  51253.879    31.8100     4.7325     26.256    7.27238     4.7307    25.1758   13.01921 7.5748e-01 0.0000e+00
        652 124.743597    0.04521     2.7125    162.750     26.742  51254.033    31.8100     4.7325     26.491    7.27239     4.7307    25.1758   13.01921 7.2664e-01 0.0000e+00
        653 124.743600    0.04528     2.7167    163.000     26.977  51254.142    31.8100     4.7326     26.723    7.27239     4.7307    25.1757   13.01921 6.9755e-01 0.0000e+00
        654 124.743602    0.04535     2.7208    163.250     27.208  51254.243    31.8100     4.7326     26.952    7.27238     4.7307    25.1757   13.01921 6.7024e-01 0.0000e+00
        655 124.743605    0.04542     2.7250    163.500     27.438  51254.353    31.8099     4.7326     27.179    7.27238     4.7308    25.1757   13.01920 6.4439e-01 0.0000e+00
        656 124.743608    0.04549     2.7292    163.750     27.666  51254.486    31.8099     4.7327     27.406    7.27237     4.7308    25.1757   13.01920 6.1972e-01 0.0000e+00
        657 124.743611    0.04556     2.7333    164.000     27.895  51254.647    31.8099     4.7327     27.632    7.27237     4.7307    25.1757   13.01919 5.9598e-01 0.0000e+00
        658 124.743614    0.04562     2.7375    164.250     28.124  51254.803    31.8099     4.7327     27.859    7.27236     4.7307    25.1757   13.01918 5.7296e-01 0.0000e+00
        659 124.743617    0.04569     2.7417    164.500     28.354  51254.917    31.8099     4.7327     28.087    7.27236     4.7308    25.1756   13.01918 5.5067e-01 0.0000e+00
        660 124.743620    0.04576     2.7458    164.750     28.586  51254.992    31.8098     4.7327     28.317    7.27236     4.7308    25.1756   13.01918 5.2923e-01 0.0000e+00
        661 124.743623    0.04583     2.7500    165.000     28.817  51255.061    31.8098     4.7328     28.546    7.27236     4.7308    25.1755   13.01917 5.0876e-01 0.0000e+00
        662 124.743626    0.04590     2.7542    165.250     29.046  51255.139    31.8097     4.7328     28.772    7.27236     4.7308    25.1755   13.01917 4.8946e-01 0.0000e+00
        663 124.743628    0.04597     2.7583    165.500     29.271  51255.232    31.8097     4.7328     28.995    7.27236     4.7308    25.1755   13.01918 4.7139e-01 0.0000e+00
        664 124.743631    0.04604     2.7625    165.750     29.492  51255.357    31.8097     4.7328     29.214    7.27236     4.7308    25.1755   13.01918 4.5432e-01 0.0000e+00
        665 124.743634    0.04611     2.7667    166.000     29.709  51255.501    31.8096     4.7328     29.429    7.27236     4.7308    25.1754   13.01918 4.3809e-01 0.0000e+00
        666 124.743637    0.04618     2.7708    166.250     29.924  51255.653    31.8096     4.7328     29.642    7.27236     4.7308    25.1754   13.01918 4.2254e-01 0.0000e+00
        667 124.743640    0.04625     2.7750    166.500     30.140  51255.826    31.8096     4.7329     29.856    7.27236     4.7307    25.1755   13.01917 4.0752e-01 0.0000e+00
        668 124.743643    0.04632     2.7792    166.750     30.358  51256.022    31.8096     4.7329     30.072    7.27235     4.7307    25.1755   13.01917 3.9295e-01 0.0000e+00
        669 124.743646    0.04639     2.7833    167.000     30.580  51256.237    31.8097     4.7328     30.292    7.27235     4.7306    25.1755   13.01917 3.7861e-01 0.0000e+00
        670 124.743649    0.04646     2.7875    167.250     30.809  51256.452    31.8097     4.7328     30.518    7.27236     4.7306    25.1756   13.01917 3.6424e-01 0.0000e+00
        671 124.743652    0.04653     2.7917    167.500     31.045  51256.634    31.8097     4.7328     30.752    7.27236     4.7306    25.1756   13.01918 3.4987e-01 0.0000e+00
        672 124.743655    0.04660     2.7958    167.750     31.288  51256.780    31.8097     4.7328     30.993    7.27236     4.7305    25.1755   13.01919 3.3567e-01 0.0000e+00
        673 124.743657    0.04667     2.8000    168.000     31.536  51256.928    31.8097     4.7328     31.239    7.27237     4.7305    25.1755   13.01920 3.2183e-01 0.0000e+00
        674 124.743660    0.04674     2.8042    168.250     31.788  51257.129    31.8097     4.7327     31.489    7.27237     4.7304    25.1755   13.01920 3.0844e-01 0.0000e+00
        675 124.743663    0.04681     2.8083    168.500     32.042  51257.388    31.8098     4.7327     31.740    7.27238     4.7304    25.1756   13.01921 2.9563e-01 0.0000e+00
        676 124.743666    0.04688     2.8125    168.750     32.295  51257.620    31.8098     4.7327     31.991    7.27238     4.7304    25.1756   13.01921 2.8350e-01 0.0000e+00
        677 124.743669    0.04694     2.8167    169.000     32.547  51257.805    31.8098     4.7327     32.240    7.27238     4.7304    25.1756   13.01921 2.7208e-01 0.0000e+00
        678 124.743672    0.04701     2.8208    169.250     32.797  51257.994    31.8098     4.7327     32.488    7.27238     4.7304    25.1756   13.01921 2.6130e-01 0.0000e+00
        679 124.743675    0.04708     2.8250    169.500     33.044  51258.169    31.8098     4.7327     32.733    7.27238     4.7304    25.1756   13.01921 2.5111e-01 0.0000e+00
        680 124.743678    0.04715     2.8292    169.750     33.290  51258.316    31.8097     4.7327     32.975    7.27237     4.7304    25.1756   13.01920 2.4142e-01 0.0000e+00
        681 124.743681    0.04722     2.8333    170.000     33.536  51258.446    31.8097     4.7327     33.219    7.27237     4.7304    25.1756   13.01919 2.3215e-01 0.0000e+00
        682 124.743683    0.04729     2.8375    170.250     33.784  51258.568    31.8097     4.7328     33.465    7.27236     4.7304    25.1755   13.01918 2.2320e-01 0.0000e+00
        683 124.743686    0.04736     2.8417    170.500     34.037  51258.731    31.8097     4.7328     33.716    7.27236     4.7305    25.1755   13.01917 2.1451e-01 0.0000e+00
        684 124.743689    0.04743     2.8458    170.750     34.294  51258.966    31.8097     4.7328     33.970    7.27235     4.7305    25.1756   13.01916 2.0607e-01 0.0000e+00
        685 124.743692    0.04750     2.8500    171.000     34.554  51259.236    31.8098     4.7329     34.228    7.27235     4.7305    25.1756   13.01915 1.9793e-01 0.0000e+00
        686 124.743695    0.04757     2.8542    171.250     34.815  51259.488    31.8098     4.7329     34.486    7.27234     4.7304    25.1756   13.01914 1.9017e-01 0.0000e+00
        687 124.743698    0.04764     2.8583    171.500     35.073  51259.670    31.8098     4.7329     34.742    7.27234     4.7303    25.1756   13.01914 1.8288e-01 0.0000e+00
        688 124.743701    0.04771     2.8625    171.750     35.326  51259.799    31.8098     4.7329     34.993    7.27235     4.7302    25.1756   13.01916 1.7610e-01 0.0000e+00
        689 124.743704    0.04778     2.8667    172.000     35.574  51259.986    31.8098     4.7328     35.238    7.27236     4.7301    25.1756   13.01918 1.6984e-01 0.0000e+00
        690 124.743707    0.04785     2.8708    172.250     35.816  51260.236    31.8098     4.7327     35.478    7.27237     4.7301    25.1757   13.01920 1.6402e-01 0.0000e+00
        691 124.743709    0.04792     2.8750    172.500     36.053  51260.449    31.8098     4.7326     35.713    7.27239     4.7300    25.1757   13.01922 1.5853e-01 0.0000e+00
        692 124.743712    0.04799     2.8792    172.750     36.285  51260.631    31.8098     4.7325     35.943    7.27240     4.7299    25.1757   13.01924 1.5334e-01 0.0000e+00
        693 124.743715    0.04806     2.8833    173.000     36.514  51260.843    31.8098     4.7325     36.169    7.27240     4.7299    25.1757   13.01925 1.4841e-01 0.0000e+00
        694 124.743718    0.04813     2.8875    173.250     36.741  51261.096    31.8099     4.7325     36.394    7.27240     4.7300    25.1757   13.01925 1.4370e-01 0.0000e+00
        695 124.743721    0.04819     2.8917    173.500     36.969  51261.333    31.8099     4.7325     36.620    7.27240     4.7300    25.1758   13.01924 1.3917e-01 0.0000e+00
        696 124.743724    0.04826     2.8958    173.750     37.200  51261.527    31.8099     4.7325     36.849    7.27239     4.7299    25.1758   13.01923 1.3472e-01 0.0000e+00
        697 124.743727    0.04833     2.9000    174.000     37.436  51261.765    31.8100     4.7326     37.083    7.27239     4.7299    25.1759   13.01921 1.3027e-01 0.0000e+00
        698 124.743730    0.04840     2.9042    174.250     37.679  51262.130    31.8102     4.7326     37.324    7.27238     4.7299    25.1760   13.01920 1.2590e-01 0.0000e+00
        699 124.743733    0.04847     2.9083    174.500     37.931  51262.598    31.8104     4.7325     37.573    7.27237     4.7298    25.1761   13.01919 1.2173e-01 0.0000e+00
        700 124.743736    0.04854     2.9125    174.750     38.194  51263.094    31.8106     4.7325     37.833    7.27237     4.7296    25.1763   13.01918 1.1765e-01 0.0000e+00
        701 124.743738    0.04861     2.9167    175.000     38.466  51263.584    31.8108     4.7324     38.103    7.27237     4.7295    25.1764   13.01919 1.1362e-01 0.0000e+00
        702 124.743741    0.04868     2.9208    175.250     38.744  51264.126    31.8110     4.7323     38.379    7.27238     4.7293    25.1766   13.01919 1.0968e-01 0.0000e+00
        703 124.743744    0.04875     2.9250    175.500     39.027  51264.762    31.8112     4.7322     38.658    7.27239     4.7291    25.1768   13.01920 1.0588e-01 0.0000e+00
        704 124.743747    0.04882     2.9292    175.750     39.310  51265.463    31.8115     4.7320     38.939    7.27240     4.7289    25.1770   13.01922 1.0226e-01 0.0000e+00
        705 124.743750    0.04889     2.9333    176.000     39.594  51266.163    31.8118     4.7319     39.220    7.27241     4.7288    25.1773   13.01924 9.8865e-02 0.0000e+00
        706 124.743753    0.04896     2.9375    176.250     39.876  51266.763    31.8120     4.7317     39.499    7.27243     4.7287    25.1775   13.01927 9.5671e-02 0.0000e+00
        707 124.743756    0.04903     2.9417    176.500     40.156  51267.188    31.8121     4.7316     39.776    7.27244     4.7287    25.1776   13.01929 9.2660e-02 0.0000e+00
        708 124.743759    0.04910     2.9458    176.750     40.435  51267.493    31.8122     4.7316     40.053    7.27245     4.7287    25.1777   13.01930 8.9819e-02 0.0000e+00
        709 124.743762    0.04917     2.9500    177.000     40.713  51267.787    31.8123     4.7316     40.328    7.27245     4.7286    25.1778   13.01929 8.7132e-02 0.0000e+00
        710 124.743764    0.04924     2.9542    177.250     40.989  51268.171    31.8124     4.7315     40.602    7.27245     4.7284    25.1779   13.01928 8.4579e-02 0.0000e+00
        711 124.743767    0.04931     2.9583    177.500     41.264  51268.707    31.8126     4.7315     40.874    7.27245     4.7283    25.1781   13.01928 8.2170e-02 0.0000e+00
        712 124.743770    0.04938     2.9625    177.750     41.537  51269.343    31.8129     4.7313     41.144    7.27246     4.7281    25.1783   13.01930 7.9930e-02 0.0000e+00
        713 124.743773    0.04944     2.9667    178.000     41.804  51269.992    31.8132     4.7312     41.409    7.27247     4.7279    25.1785   13.01932 7.7854e-02 0.0000e+00
        714 124.743776    0.04951     2.9708    178.250     42.064  51270.575    31.8134     4.7310     41.667    7.27249     4.7278    25.1787   13.01934 7.5936e-02 0.0000e+00
        715 124.743779    0.04958     2.9750    178.500     42.315  51271.038    31.8136     4.7309     41.915    7.27250     4.7278    25.1789   13.01936 7.4189e-02 0.0000e+00
        716 124.743782    0.04965     2.9792    178.750     42.555  51271.406    31.8137     4.7308     42.153    7.27251     4.7277    25.1790   13.01938 7.2607e-02 0.0000e+00
        717 124.743785    0.04972     2.9833    179.000     42.786  51271.721    31.8138     4.7307     42.381    7.27252     4.7277    25.1791   13.01939 7.1163e-02 0.0000e+00
        718 124.743788    0.04979     2.9875    179.250     43.005  51272.000    31.8138     4.7307     42.599    7.27252     4.7276    25.1791   13.01939 6.9834e-02 0.0000e+00
        719 124.743791    0.04986     2.9917    179.500     43.216  51272.229    31.8139     4.7306     42.807    7.27253     4.7276    25.1792   13.01940 6.8600e-02 0.0000e+00
        720 124.743793    0.04993     2.9958    179.750     43.417  51272.378    31.8139     4.7306     43.007    7.27253     4.7276    25.1792   13.01940 6.7455e-02 0.0000e+00
        721 124.743796    0.05000     3.0000    180.000     43.607  51272.488    31.8139     4.7307     43.195    7.27252     4.7277    25.1792   13.01939 6.6414e-02 0.0000e+00
        722 124.743799    0.05007     3.0042    180.250     43.777  51272.614    31.8139     4.7307     43.364    7.27252     4.7277    25.1792   13.01939 6.5516e-02 0.0000e+00
        723 124.743802    0.05014     3.0083    180.500     43.913  51272.710    31.8139     4.7307     43.498    7.27252     4.7277    25.1792   13.01938 6.4834e-02 0.0000e+00
