CTD-processing/allCTD/CNV--turbid/2012-10-29-cookinlet-tran4-cast068-s05.cnv
* Sea-Bird SBE19plus Data File:
* FileName = C:\Documents and Settings\kris.holderied.local\My Documents\2012-CTD-DATA-new-files\2012-10-CookInlet-LTM\2012-10-29-LTM-CookInlet-Tran4-Barabara\2012-10-29-CookInlet-Tran4-Barabara-cast068.hex
* Software Version 1.54
* Temperature SN =  4141
* Conductivity SN =  4141
* System UpLoad Time = Nov 20 2012 18:46:33
** Cook Inlet EVOSTC Transect 4 Barabara north to south
** Date:  29 Oct 2012
** Station:  4-05
** Start time (AKDT-24 hr):  1644
** Depth (m):  86
** Comment:
# nquan = 16
# nvalues = 746                         
# units = specified
# name 0 = scan: Scan Count
# name 1 = timeJ: Julian Days
# name 2 = timeH: Time, Elapsed [hours]
# name 3 = timeM: Time, Elapsed [minutes]
# name 4 = timeS: Time, Elapsed [seconds]
# name 5 = prdM: Pressure, Strain Gauge [db]
# name 6 = specc: Specific Conductance [uS/cm]
# name 7 = sal00: Salinity, Practical [PSU]
# name 8 = tv290C: Temperature [ITS-90, deg C]
# name 9 = depSM: Depth [salt water, m], lat = 59.00
# name 10 = oxsolML/L: Oxygen Saturation, Garcia & Gordon [ml/l]
# name 11 = potemp090C: Potential Temperature [ITS-90, deg C]
# name 12 = sigma-é00: Density [sigma-theta, kg/m^3]
# name 13 = n2satML/L: Nitrogen Saturation [ml/l]
# name 14 = par: PAR/Irradiance, Biospherical/Licor
# name 15 = flag:  0.000e+00
# span 0 =          1,        746       
# span 1 = 303.696771, 303.698927       
# span 2 =    0.00000,    0.05174       
# span 3 =     0.0000,     3.1042       
# span 4 =      0.000,    186.250       
# span 5 =     -0.119,     68.674       
# span 6 =    933.980,  49608.078       
# span 7 =     0.4449,    31.2379       
# span 8 =     4.9963,     7.8232       
# span 9 =     -0.118,     68.020       
# span 10 =    6.79095,    8.89869      
# span 11 =     4.9963,     7.8173      
# span 12 =     0.3229,    24.3474      
# span 13 =   12.23089,   16.18514      
# span 14 = 1.4010e-01, 9.1465e+02      
# span 15 = 0.0000e+00, 0.0000e+00      
# interval = seconds: 0.25
# start_time = Oct 29 2012 16:43:21 [Instrument's time stamp, header]
# bad_flag = -9.990e-29
*END*
          1 303.696771    0.00000     0.0000      0.000     -0.114   6418.346     3.3783     5.0846     -0.113    8.71822     5.0837     2.6597   15.83479 1.7923e+02 0.0000e+00
          2 303.696774    0.00007     0.0042      0.250     -0.114   6394.799     3.3654     5.0842     -0.113    8.71907     5.0830     2.6494   15.83642 1.9294e+02 0.0000e+00
          3 303.696777    0.00014     0.0083      0.500     -0.115   6304.120     3.3149     5.0836     -0.114    8.72212     5.0823     2.6093   15.84236 2.1542e+02 0.0000e+00
          4 303.696780    0.00021     0.0125      0.750     -0.115   6174.618     3.2429     5.0830     -0.114    8.72645     5.0813     2.5521   15.85077 2.5338e+02 0.0000e+00
          5 303.696782    0.00028     0.0167      1.000     -0.115   6066.146     3.1829     5.0823     -0.114    8.73012     5.0802     2.5044   15.85788 2.9533e+02 0.0000e+00
          6 303.696785    0.00035     0.0208      1.250     -0.115   6077.689     3.1898     5.0813     -0.114    8.72993     5.0788     2.5099   15.85745 3.0319e+02 0.0000e+00
          7 303.696788    0.00042     0.0250      1.500     -0.115   6268.657     3.2969     5.0802     -0.114    8.72396     5.0773     2.5950   15.84574 2.7102e+02 0.0000e+00
          8 303.696791    0.00049     0.0292      1.750     -0.115   6611.639     3.4894     5.0788     -0.114    8.71310     5.0755     2.7479   15.82445 2.3566e+02 0.0000e+00
          9 303.696794    0.00056     0.0333      2.000     -0.115   6995.812     3.7053     5.0773     -0.114    8.70092     5.0735     2.9195   15.80059 2.1594e+02 0.0000e+00
         10 303.696797    0.00063     0.0375      2.250     -0.114   7315.280     3.8854     5.0755     -0.113    8.69089     5.0712     3.0624   15.78089 2.0944e+02 0.0000e+00
         11 303.696800    0.00069     0.0417      2.500     -0.114   7567.445     4.0280     5.0735     -0.113    8.68309     5.0688     3.1757   15.76554 2.1592e+02 0.0000e+00
         12 303.696803    0.00076     0.0458      2.750     -0.114   7712.507     4.1103     5.0712     -0.113    8.67883     5.0663     3.2411   15.75710 2.3906e+02 0.0000e+00
         13 303.696806    0.00083     0.0500      3.000     -0.115   7659.673     4.0805     5.0688     -0.114    8.68109     5.0639     3.2175   15.76137 2.8604e+02 0.0000e+00
         14 303.696808    0.00090     0.0542      3.250     -0.115   7391.828     3.9289     5.0663     -0.114    8.69042     5.0615     3.0973   15.77941 3.3981e+02 0.0000e+00
         15 303.696811    0.00097     0.0583      3.500     -0.116   7022.698     3.7203     5.0639     -0.115    8.70305     5.0592     2.9317   15.80391 3.5792e+02 0.0000e+00
         16 303.696814    0.00104     0.0625      3.750     -0.116   6711.924     3.5449     5.0615     -0.115    8.71374     5.0569     2.7926   15.82464 3.4419e+02 0.0000e+00
         17 303.696817    0.00111     0.0667      4.000     -0.117   6508.373     3.4304     5.0592     -0.116    8.72091     5.0548     2.7017   15.83849 3.4729e+02 0.0000e+00
         18 303.696820    0.00118     0.0708      4.250     -0.117   6367.063     3.3515     5.0569     -0.116    8.72601     5.0529     2.6390   15.84830 3.7702e+02 0.0000e+00
         19 303.696823    0.00125     0.0750      4.500     -0.116   6184.670     3.2502     5.0548     -0.115    8.73238     5.0511     2.5585   15.86061 4.0735e+02 0.0000e+00
         20 303.696826    0.00132     0.0792      4.750     -0.116   5863.394     3.0720     5.0529     -0.115    8.74320     5.0496     2.4169   15.88162 4.2787e+02 0.0000e+00
         21 303.696829    0.00139     0.0833      5.000     -0.115   5438.281     2.8368     5.0511     -0.114    8.75731     5.0483     2.2299   15.90906 4.4274e+02 0.0000e+00
         22 303.696832    0.00146     0.0875      5.250     -0.114   4999.929     2.5953     5.0496     -0.113    8.77176     5.0472     2.0379   15.93717 4.5577e+02 0.0000e+00
         23 303.696834    0.00153     0.0917      5.500     -0.113   4581.230     2.3657     5.0483     -0.112    8.78547     5.0463     1.8552   15.96387 4.6815e+02 0.0000e+00
         24 303.696837    0.00160     0.0958      5.750     -0.113   4223.569     2.1703     5.0472     -0.112    8.79714     5.0456     1.6998   15.98660 4.7919e+02 0.0000e+00
         25 303.696840    0.00167     0.1000      6.000     -0.113   3976.724     2.0357     5.0463     -0.112    8.80521     5.0450     1.5927   16.00231 4.8697e+02 0.0000e+00
         26 303.696843    0.00174     0.1042      6.250     -0.113   3849.951     1.9666     5.0456     -0.112    8.80941     5.0445     1.5377   16.01048 4.8607e+02 0.0000e+00
         27 303.696846    0.00181     0.1083      6.500     -0.114   3801.107     1.9400     5.0450     -0.113    8.81110     5.0441     1.5165   16.01375 4.6679e+02 0.0000e+00
         28 303.696849    0.00187     0.1125      6.750     -0.114   3736.590     1.9054     5.0445     -0.113    8.81324     5.0437     1.4890   16.01791 4.2323e+02 0.0000e+00
         29 303.696852    0.00194     0.1167      7.000     -0.115   3584.145     1.8240     5.0441     -0.114    8.81813     5.0432     1.4241   16.02743 3.7232e+02 0.0000e+00
         30 303.696855    0.00201     0.1208      7.250     -0.115   3331.669     1.6893     5.0437     -0.114    8.82614     5.0428     1.3167   16.04306 3.4322e+02 0.0000e+00
         31 303.696858    0.00208     0.1250      7.500     -0.115   3020.547     1.5239     5.0432     -0.114    8.83597     5.0423     1.1849   16.06224 3.4510e+02 0.0000e+00
         32 303.696861    0.00215     0.1292      7.750     -0.116   2724.433     1.3670     5.0428     -0.115    8.84531     5.0418     1.0598   16.08047 3.7093e+02 0.0000e+00
         33 303.696863    0.00222     0.1333      8.000     -0.116   2489.476     1.2429     5.0423     -0.115    8.85273     5.0414     0.9608   16.09494 4.0750e+02 0.0000e+00
         34 303.696866    0.00229     0.1375      8.250     -0.116   2315.646     1.1515     5.0418     -0.115    8.85824     5.0412     0.8879   16.10567 4.3703e+02 0.0000e+00
         35 303.696869    0.00236     0.1417      8.500     -0.116   2184.674     1.0828     5.0414     -0.115    8.86238     5.0411     0.8331   16.11373 4.5248e+02 0.0000e+00
         36 303.696872    0.00243     0.1458      8.750     -0.116   2079.503     1.0279     5.0412     -0.115    8.86566     5.0412     0.7892   16.12015 4.5883e+02 0.0000e+00
         37 303.696875    0.00250     0.1500      9.000     -0.115   1989.730     0.9812     5.0411     -0.114    8.86843     5.0413     0.7519   16.12556 4.6148e+02 0.0000e+00
         38 303.696878    0.00257     0.1542      9.250     -0.115   1909.088     0.9394     5.0412     -0.114    8.87089     5.0414     0.7186   16.13036 4.6338e+02 0.0000e+00
         39 303.696881    0.00264     0.1583      9.500     -0.114   1834.659     0.9009     5.0413     -0.113    8.87313     5.0416     0.6878   16.13475 4.6699e+02 0.0000e+00
         40 303.696884    0.00271     0.1625      9.750     -0.113   1766.460     0.8658     5.0414     -0.112    8.87517     5.0418     0.6597   16.13875 4.7439e+02 0.0000e+00
         41 303.696887    0.00278     0.1667     10.000     -0.113   1705.225     0.8343     5.0416     -0.112    8.87699     5.0419     0.6346   16.14232 4.8634e+02 0.0000e+00
         42 303.696889    0.00285     0.1708     10.250     -0.112   1652.314     0.8072     5.0418     -0.111    8.87857     5.0419     0.6129   16.14541 5.0494e+02 0.0000e+00
         43 303.696892    0.00292     0.1750     10.500     -0.112   1610.205     0.7857     5.0419     -0.111    8.87982     5.0420     0.5957   16.14786 5.3083e+02 0.0000e+00
         44 303.696895    0.00299     0.1792     10.750     -0.112   1581.227     0.7708     5.0419     -0.111    8.88067     5.0420     0.5838   16.14953 5.5698e+02 0.0000e+00
         45 303.696898    0.00306     0.1833     11.000     -0.113   1567.262     0.7637     5.0420     -0.112    8.88107     5.0421     0.5781   16.15033 5.7191e+02 0.0000e+00
         46 303.696901    0.00313     0.1875     11.250     -0.113   1570.549     0.7653     5.0420     -0.112    8.88096     5.0421     0.5794   16.15012 5.6225e+02 0.0000e+00
         47 303.696904    0.00319     0.1917     11.500     -0.114   1590.999     0.7757     5.0421     -0.113    8.88034     5.0421     0.5878   16.14891 5.3967e+02 0.0000e+00
         48 303.696907    0.00326     0.1958     11.750     -0.114   1623.168     0.7922     5.0421     -0.113    8.87937     5.0421     0.6009   16.14700 5.1548e+02 0.0000e+00
         49 303.696910    0.00333     0.2000     12.000     -0.114   1654.930     0.8084     5.0421     -0.113    8.87841     5.0421     0.6139   16.14512 4.7387e+02 0.0000e+00
         50 303.696913    0.00340     0.2042     12.250     -0.115   1670.343     0.8163     5.0421     -0.114    8.87794     5.0421     0.6202   16.14421 4.3752e+02 0.0000e+00
         51 303.696916    0.00347     0.2083     12.500     -0.115   1661.379     0.8117     5.0421     -0.114    8.87821     5.0421     0.6165   16.14474 4.4077e+02 0.0000e+00
         52 303.696918    0.00354     0.2125     12.750     -0.114   1632.180     0.7968     5.0421     -0.113    8.87909     5.0421     0.6046   16.14646 4.7709e+02 0.0000e+00
         53 303.696921    0.00361     0.2167     13.000     -0.114   1590.585     0.7756     5.0421     -0.113    8.88034     5.0422     0.5876   16.14890 5.1873e+02 0.0000e+00
         54 303.696924    0.00368     0.2208     13.250     -0.114   1542.810     0.7512     5.0421     -0.113    8.88177     5.0422     0.5682   16.15171 5.4409e+02 0.0000e+00
         55 303.696927    0.00375     0.2250     13.500     -0.114   1493.067     0.7259     5.0422     -0.113    8.88327     5.0422     0.5479   16.15463 5.5835e+02 0.0000e+00
         56 303.696930    0.00382     0.2292     13.750     -0.113   1444.421     0.7012     5.0422     -0.112    8.88473     5.0422     0.5282   16.15748 5.7548e+02 0.0000e+00
         57 303.696933    0.00389     0.2333     14.000     -0.113   1399.553     0.6785     5.0422     -0.112    8.88607     5.0422     0.5100   16.16011 6.0197e+02 0.0000e+00
         58 303.696936    0.00396     0.2375     14.250     -0.113   1360.429     0.6586     5.0422     -0.112    8.88724     5.0422     0.4941   16.16241 6.3792e+02 0.0000e+00
         59 303.696939    0.00403     0.2417     14.500     -0.113   1328.250     0.6423     5.0422     -0.112    8.88821     5.0422     0.4811   16.16430 6.7684e+02 0.0000e+00
         60 303.696942    0.00410     0.2458     14.750     -0.113   1303.478     0.6298     5.0422     -0.112    8.88895     5.0422     0.4711   16.16575 7.1123e+02 0.0000e+00
         61 303.696944    0.00417     0.2500     15.000     -0.113   1285.193     0.6206     5.0422     -0.112    8.88950     5.0422     0.4637   16.16682 7.3823e+02 0.0000e+00
         62 303.696947    0.00424     0.2542     15.250     -0.113   1270.912     0.6134     5.0422     -0.112    8.88993     5.0421     0.4579   16.16766 7.5673e+02 0.0000e+00
         63 303.696950    0.00431     0.2583     15.500     -0.112   1257.951     0.6069     5.0422     -0.111    8.89032     5.0421     0.4527   16.16842 7.6664e+02 0.0000e+00
         64 303.696953    0.00438     0.2625     15.750     -0.112   1244.733     0.6002     5.0421     -0.111    8.89073     5.0420     0.4474   16.16921 7.7163e+02 0.0000e+00
         65 303.696956    0.00444     0.2667     16.000     -0.112   1230.908     0.5932     5.0421     -0.111    8.89115     5.0420     0.4418   16.17003 7.7660e+02 0.0000e+00
         66 303.696959    0.00451     0.2708     16.250     -0.112   1217.052     0.5863     5.0420     -0.111    8.89157     5.0419     0.4362   16.17085 7.8427e+02 0.0000e+00
         67 303.696962    0.00458     0.2750     16.500     -0.112   1204.194     0.5798     5.0420     -0.111    8.89196     5.0419     0.4310   16.17162 7.9441e+02 0.0000e+00
         68 303.696965    0.00465     0.2792     16.750     -0.112   1192.666     0.5740     5.0419     -0.111    8.89232     5.0418     0.4264   16.17232 8.0603e+02 0.0000e+00
         69 303.696968    0.00472     0.2833     17.000     -0.112   1182.243     0.5688     5.0419     -0.111    8.89264     5.0418     0.4222   16.17294 8.1114e+02 0.0000e+00
         70 303.696970    0.00479     0.2875     17.250     -0.111   1172.979     0.5641     5.0418     -0.110    8.89293     5.0418     0.4185   16.17350 8.2192e+02 0.0000e+00
         71 303.696973    0.00486     0.2917     17.500     -0.111   1164.605     0.5599     5.0418     -0.110    8.89318     5.0418     0.4151   16.17400 8.5999e+02 0.0000e+00
         72 303.696976    0.00493     0.2958     17.750     -0.110   1156.310     0.5558     5.0418     -0.109    8.89343     5.0419     0.4118   16.17449 9.0015e+02 0.0000e+00
         73 303.696979    0.00500     0.3000     18.000     -0.108   1147.323     0.5513     5.0418     -0.107    8.89369     5.0421     0.4082   16.17499 9.1465e+02 0.0000e+00
         74 303.696982    0.00507     0.3042     18.250     -0.107   1137.563     0.5464     5.0419     -0.106    8.89396     5.0423     0.4043   16.17552 8.9938e+02 0.0000e+00
         75 303.696985    0.00514     0.3083     18.500     -0.107   1127.571     0.5414     5.0421     -0.106    8.89422     5.0426     0.4003   16.17604 8.5243e+02 0.0000e+00
         76 303.696988    0.00521     0.3125     18.750     -0.107   1118.246     0.5367     5.0423     -0.106    8.89444     5.0429     0.3965   16.17649 7.7881e+02 0.0000e+00
         77 303.696991    0.00528     0.3167     19.000     -0.107   1109.717     0.5325     5.0426     -0.106    8.89463     5.0432     0.3931   16.17688 7.1043e+02 0.0000e+00
         78 303.696994    0.00535     0.3208     19.250     -0.108   1101.030     0.5281     5.0429     -0.107    8.89482     5.0435     0.3896   16.17727 6.7838e+02 0.0000e+00
         79 303.696997    0.00542     0.3250     19.500     -0.109   1092.306     0.5238     5.0432     -0.108    8.89501     5.0437     0.3861   16.17765 6.6259e+02 0.0000e+00
         80 303.696999    0.00549     0.3292     19.750     -0.110   1084.007     0.5196     5.0435     -0.109    8.89519     5.0440     0.3828   16.17802 6.3967e+02 0.0000e+00
         81 303.697002    0.00556     0.3333     20.000     -0.112   1075.210     0.5152     5.0437     -0.111    8.89539     5.0443     0.3793   16.17843 6.0715e+02 0.0000e+00
         82 303.697005    0.00562     0.3375     20.250     -0.113   1065.554     0.5104     5.0440     -0.112    8.89561     5.0446     0.3754   16.17889 5.5938e+02 0.0000e+00
         83 303.697008    0.00569     0.3417     20.500     -0.114   1055.612     0.5054     5.0443     -0.113    8.89585     5.0449     0.3714   16.17936 5.1529e+02 0.0000e+00
         84 303.697011    0.00576     0.3458     20.750     -0.114   1044.924     0.5001     5.0446     -0.113    8.89610     5.0454     0.3672   16.17987 5.0058e+02 0.0000e+00
         85 303.697014    0.00583     0.3500     21.000     -0.115   1032.450     0.4939     5.0449     -0.114    8.89638     5.0459     0.3622   16.18045 4.9538e+02 0.0000e+00
         86 303.697017    0.00590     0.3542     21.250     -0.115   1018.023     0.4867     5.0454     -0.114    8.89670     5.0463     0.3564   16.18111 4.9178e+02 0.0000e+00
         87 303.697020    0.00597     0.3583     21.500     -0.115   1002.585     0.4790     5.0459     -0.114    8.89705     5.0467     0.3503   16.18181 5.0631e+02 0.0000e+00
         88 303.697023    0.00604     0.3625     21.750     -0.115    987.309     0.4714     5.0463     -0.114    8.89739     5.0469     0.3442   16.18252 5.2668e+02 0.0000e+00
         89 303.697025    0.00611     0.3667     22.000     -0.115    972.871     0.4642     5.0467     -0.114    8.89774     5.0471     0.3384   16.18322 5.4187e+02 0.0000e+00
         90 303.697028    0.00618     0.3708     22.250     -0.115    959.677     0.4577     5.0469     -0.114    8.89807     5.0472     0.3332   16.18389 5.5395e+02 0.0000e+00
