CTD-processing/allCTD/CNV--turbid/2012-10-29-cookinlet-tran9-cast079-s07.cnv
* Sea-Bird SBE19plus Data File:
* FileName = C:\Documents and Settings\kris.holderied.local\My Documents\2012-CTD-DATA-new-files\2012-10-CookInlet-LTM\2012-10-29-LTM-CookInlet-Tran9-SpitLine\2012-10-29-CookInlet-Tran9-SpitLine-cast079.hex
* Software Version 1.54
* Temperature SN =  4141
* Conductivity SN =  4141
* System UpLoad Time = Nov 20 2012 20:54:15
** Cook Inlet EVOSTC Transect 9 Spit Line south to north
** Date:  29 Oct 2012
** Station:  9-07
** Start time (AKDT-24 hr):  2027
** Depth (m): 95
** Comment:None
# nquan = 16
# nvalues = 851                         
# units = specified
# name 0 = scan: Scan Count
# name 1 = timeJ: Julian Days
# name 2 = timeH: Time, Elapsed [hours]
# name 3 = timeM: Time, Elapsed [minutes]
# name 4 = timeS: Time, Elapsed [seconds]
# name 5 = prdM: Pressure, Strain Gauge [db]
# name 6 = specc: Specific Conductance [uS/cm]
# name 7 = sal00: Salinity, Practical [PSU]
# name 8 = tv290C: Temperature [ITS-90, deg C]
# name 9 = depSM: Depth [salt water, m], lat = 59.00
# name 10 = oxsolML/L: Oxygen Saturation, Garcia & Gordon [ml/l]
# name 11 = potemp090C: Potential Temperature [ITS-90, deg C]
# name 12 = sigma-é00: Density [sigma-theta, kg/m^3]
# name 13 = n2satML/L: Nitrogen Saturation [ml/l]
# name 14 = par: PAR/Irradiance, Biospherical/Licor
# name 15 = flag:  0.000e+00
# span 0 =          1,        851       
# span 1 = 303.852060, 303.854520       
# span 2 =    0.00000,    0.05903       
# span 3 =     0.0000,     3.5417       
# span 4 =      0.000,    212.500       
# span 5 =     -0.113,     64.814       
# span 6 =    854.840,  49504.409       
# span 7 =     0.4043,    31.1803       
# span 8 =     4.3273,     7.9291       
# span 9 =     -0.112,     64.198       
# span 10 =    6.77772,    9.06906      
# span 11 =     4.3273,     7.9245      
# span 12 =     0.2995,    24.2909      
# span 13 =   12.20986,   16.47176      
# span 14 = 3.6382e-02, 6.5699e+00      
# span 15 = 0.0000e+00, 0.0000e+00      
# interval = seconds: 0.25
# start_time = Oct 29 2012 20:26:58 [Instrument's time stamp, header]
# bad_flag = -9.990e-29
*END*
[from data line 181]
        182 303.852584    0.01257     0.7542     45.250      2.111  48732.848    30.5153     6.9412      2.091    6.96265     6.8876    23.8956   12.52391 5.8432e-01 0.0000e+00
        183 303.852587    0.01264     0.7583     45.500      2.090  48743.760    30.5187     6.9168      2.070    6.96643     6.8609    23.9014   12.53012 5.8556e-01 0.0000e+00
        184 303.852590    0.01271     0.7625     45.750      2.051  48786.341    30.5432     6.8877      2.032    6.97000     6.8430    23.9244   12.53572 5.7611e-01 0.0000e+00
        185 303.852593    0.01278     0.7667     46.000      2.004  48849.222    30.5822     6.8611      1.986    6.97252     6.8369    23.9584   12.53940 5.3620e-01 0.0000e+00
        186 303.852595    0.01285     0.7708     46.250      1.961  48915.421    30.6250     6.8432      1.943    6.97345     6.8419    23.9944   12.54039 4.7878e-01 0.0000e+00
        187 303.852598    0.01292     0.7750     46.500      1.933  48964.269    30.6578     6.8371      1.916    6.97293     6.8532    24.0210   12.53912 4.1377e-01 0.0000e+00
        188 303.852601    0.01299     0.7792     46.750      1.924  48979.622    30.6693     6.8421      1.907    6.97159     6.8645    24.0294   12.53676 3.6431e-01 0.0000e+00
        189 303.852604    0.01306     0.7833     47.000      1.932  48955.917    30.6548     6.8534      1.914    6.97043     6.8708    24.0166   12.53502 3.6177e-01 0.0000e+00
        190 303.852607    0.01313     0.7875     47.250      1.950  48900.572    30.6184     6.8646      1.932    6.97028     6.8689    23.9865   12.53524 4.1579e-01 0.0000e+00
        191 303.852610    0.01319     0.7917     47.500      1.970  48835.060    30.5741     6.8710      1.951    6.97129     6.8559    23.9508   12.53747 5.1667e-01 0.0000e+00
        192 303.852613    0.01326     0.7958     47.750      1.985  48786.061    30.5399     6.8690      1.966    6.97318     6.8323    23.9241   12.54102 6.2936e-01 0.0000e+00
        193 303.852616    0.01333     0.8000     48.000      1.990  48768.605    30.5255     6.8561      1.972    6.97593     6.8031    23.9145   12.54575 6.9625e-01 0.0000e+00
        194 303.852619    0.01340     0.8042     48.250      1.983  48781.298    30.5303     6.8324      1.964    6.97955     6.7753    23.9212   12.55167 7.0138e-01 0.0000e+00
        195 303.852622    0.01347     0.8083     48.500      1.961  48813.279    30.5474     6.8033      1.943    6.98348     6.7535    23.9383   12.55797 6.9843e-01 0.0000e+00
        196 303.852624    0.01354     0.8125     48.750      1.925  48851.132    30.5688     6.7755      1.906    6.98701     6.7392    23.9587   12.56352 7.3762e-01 0.0000e+00
        197 303.852627    0.01361     0.8167     49.000      1.870  48883.845    30.5877     6.7536      1.852    6.98969     6.7329    23.9764   12.56772 7.8916e-01 0.0000e+00
        198 303.852630    0.01368     0.8208     49.250      1.796  48911.337    30.6043     6.7394      1.780    6.99124     6.7347    23.9912   12.57007 7.8891e-01 0.0000e+00
        199 303.852633    0.01375     0.8250     49.500      1.710  48940.200    30.6232     6.7330      1.694    6.99140     6.7441    24.0069   12.57010 7.3915e-01 0.0000e+00
        200 303.852636    0.01382     0.8292     49.750      1.619  48962.996    30.6393     6.7348      1.604    6.99036     6.7575    24.0194   12.56819 6.8438e-01 0.0000e+00
        201 303.852639    0.01389     0.8333     50.000      1.525  48965.427    30.6427     6.7442      1.511    6.98867     6.7699    24.0209   12.56535 6.5529e-01 0.0000e+00
        202 303.852642    0.01396     0.8375     50.250      1.428  48960.026    30.6413     6.7576      1.415    6.98656     6.7816    24.0181   12.56187 6.5081e-01 0.0000e+00
        203 303.852645    0.01403     0.8417     50.500      1.340  48974.563    30.6536     6.7700      1.327    6.98399     6.7976    24.0262   12.55746 6.6476e-01 0.0000e+00
        204 303.852648    0.01410     0.8458     50.750      1.272  49004.796    30.6766     6.7817      1.260    6.98103     6.8189    24.0428   12.55227 6.8510e-01 0.0000e+00
        205 303.852650    0.01417     0.8500     51.000      1.229  49025.674    30.6938     6.7977      1.218    6.97764     6.8423    24.0543   12.54646 6.9495e-01 0.0000e+00
        206 303.852653    0.01424     0.8542     51.250      1.212  49029.252    30.7000     6.8190      1.201    6.97391     6.8646    24.0565   12.54021 6.9961e-01 0.0000e+00
        207 303.852656    0.01431     0.8583     51.500      1.218  49021.433    30.6986     6.8424      1.207    6.97020     6.8840    24.0525   12.53409 7.0537e-01 0.0000e+00
        208 303.852659    0.01438     0.8625     51.750      1.242  49007.661    30.6929     6.8647      1.230    6.96686     6.8996    24.0451   12.52864 7.1323e-01 0.0000e+00
        209 303.852662    0.01444     0.8667     52.000      1.277  48988.456    30.6829     6.8841      1.265    6.96418     6.9108    24.0348   12.52432 7.1144e-01 0.0000e+00
        210 303.852665    0.01451     0.8708     52.250      1.313  48960.373    30.6662     6.8997      1.301    6.96243     6.9174    24.0196   12.52164 7.0818e-01 0.0000e+00
        211 303.852668    0.01458     0.8750     52.500      1.340  48919.847    30.6400     6.9109      1.327    6.96182     6.9197    23.9976   12.52097 7.3392e-01 0.0000e+00
        212 303.852671    0.01465     0.8792     52.750      1.351  48869.054    30.6059     6.9175      1.338    6.96232     6.9180    23.9699   12.52222 7.9148e-01 0.0000e+00
        213 303.852674    0.01472     0.8833     53.000      1.344  48823.162    30.5746     6.9198      1.331    6.96338     6.9123    23.9449   12.52438 8.6907e-01 0.0000e+00
        214 303.852677    0.01479     0.8875     53.250      1.323  48801.564    30.5593     6.9181      1.310    6.96436     6.9051    23.9332   12.52619 9.7013e-01 0.0000e+00
        215 303.852679    0.01486     0.8917     53.500      1.298  48813.898    30.5669     6.9124      1.286    6.96493     6.9012    23.9399   12.52704 1.0487e+00 0.0000e+00
        216 303.852682    0.01493     0.8958     53.750      1.280  48858.397    30.5965     6.9052      1.268    6.96473     6.9031    23.9641   12.52632 1.0170e+00 0.0000e+00
        217 303.852685    0.01500     0.9000     54.000      1.279  48917.553    30.6368     6.9013      1.267    6.96351     6.9099    23.9963   12.52380 9.1334e-01 0.0000e+00
        218 303.852688    0.01507     0.9042     54.250      1.300  48967.680    30.6719     6.9032      1.288    6.96160     6.9194    24.0236   12.52020 8.2559e-01 0.0000e+00
        219 303.852691    0.01514     0.9083     54.500      1.343  48998.657    30.6945     6.9100      1.330    6.95947     6.9298    24.0405   12.51640 7.6325e-01 0.0000e+00
        220 303.852694    0.01521     0.9125     54.750      1.400  49011.029    30.7046     6.9196      1.387    6.95747     6.9397    24.0473   12.51295 7.4351e-01 0.0000e+00
        221 303.852697    0.01528     0.9167     55.000      1.460  49007.905    30.7042     6.9300      1.447    6.95581     6.9480    24.0457   12.51022 7.6979e-01 0.0000e+00
        222 303.852700    0.01535     0.9208     55.250      1.513  48993.699    30.6960     6.9398      1.499    6.95460     6.9544    24.0380   12.50832 8.0246e-01 0.0000e+00
        223 303.852703    0.01542     0.9250     55.500      1.553  48970.662    30.6815     6.9481      1.539    6.95392     6.9591    24.0254   12.50739 8.4662e-01 0.0000e+00
        224 303.852705    0.01549     0.9292     55.750      1.577  48939.670    30.6611     6.9546      1.563    6.95382     6.9622    24.0086   12.50747 9.3437e-01 0.0000e+00
        225 303.852708    0.01556     0.9333     56.000      1.584  48905.600    30.6383     6.9592      1.569    6.95411     6.9642    23.9900   12.50825 1.0384e+00 0.0000e+00
        226 303.852711    0.01563     0.9375     56.250      1.575  48878.880    30.6203     6.9623      1.561    6.95443     6.9657    23.9755   12.50900 1.1073e+00 0.0000e+00
        227 303.852714    0.01569     0.9417     56.500      1.557  48870.411    30.6148     6.9644      1.543    6.95436     6.9670    23.9709   12.50894 1.1283e+00 0.0000e+00
        228 303.852717    0.01576     0.9458     56.750      1.538  48882.997    30.6238     6.9658      1.524    6.95371     6.9684    23.9778   12.50776 1.1291e+00 0.0000e+00
        229 303.852720    0.01583     0.9500     57.000      1.525  48907.895    30.6412     6.9671      1.511    6.95270     6.9701    23.9913   12.50587 1.1602e+00 0.0000e+00
        230 303.852723    0.01590     0.9542     57.250      1.526  48932.769    30.6587     6.9686      1.512    6.95167     6.9717    24.0049   12.50394 1.2099e+00 0.0000e+00
        231 303.852726    0.01597     0.9583     57.500      1.539  48950.017    30.6709     6.9703      1.525    6.95084     6.9731    24.0143   12.50241 1.2027e+00 0.0000e+00
        232 303.852729    0.01604     0.9625     57.750      1.561  48956.252    30.6755     6.9719      1.546    6.95036     6.9740    24.0177   12.50158 1.1302e+00 0.0000e+00
        233 303.852731    0.01611     0.9667     58.000      1.580  48949.187    30.6709     6.9732      1.565    6.95037     6.9745    24.0138   12.50164 1.0474e+00 0.0000e+00
        234 303.852734    0.01618     0.9708     58.250      1.588  48926.849    30.6555     6.9742      1.573    6.95092     6.9744    24.0017   12.50274 9.6345e-01 0.0000e+00
        235 303.852737    0.01625     0.9750     58.500      1.577  48892.090    30.6315     6.9746      1.562    6.95194     6.9732    23.9827   12.50473 8.5555e-01 0.0000e+00
        236 303.852740    0.01632     0.9792     58.750      1.543  48858.847    30.6085     6.9745      1.529    6.95301     6.9707    23.9646   12.50680 7.2338e-01 0.0000e+00
        237 303.852743    0.01639     0.9833     59.000      1.491  48844.687    30.5985     6.9734      1.477    6.95366     6.9679    23.9569   12.50799 5.8354e-01 0.0000e+00
        238 303.852746    0.01646     0.9875     59.250      1.430  48858.652    30.6077     6.9708      1.417    6.95364     6.9672    23.9646   12.50785 4.9433e-01 0.0000e+00
        239 303.852749    0.01653     0.9917     59.500      1.377  48898.330    30.6348     6.9681      1.364    6.95285     6.9698    23.9862   12.50620 5.0683e-01 0.0000e+00
        240 303.852752    0.01660     0.9958     59.750      1.347  48948.657    30.6696     6.9673      1.334    6.95138     6.9756    24.0136   12.50333 6.3747e-01 0.0000e+00
        241 303.852755    0.01667     1.0000     60.000      1.353  48990.711    30.6992     6.9699      1.340    6.94961     6.9833    24.0365   12.50002 8.8628e-01 0.0000e+00
        242 303.852758    0.01674     1.0042     60.250      1.392  49015.226    30.7171     6.9757      1.379    6.94786     6.9915    24.0499   12.49690 1.1223e+00 0.0000e+00
        243 303.852760    0.01681     1.0083     60.500      1.451  49022.569    30.7235     6.9835      1.437    6.94632     6.9989    24.0540   12.49428 1.2186e+00 0.0000e+00
        244 303.852763    0.01688     1.0125     60.750      1.511  49016.244    30.7205     6.9917      1.496    6.94513     7.0048    24.0505   12.49235 1.2608e+00 0.0000e+00
        245 303.852766    0.01694     1.0167     61.000      1.554  48999.696    30.7102     6.9991      1.540    6.94441     7.0090    24.0415   12.49129 1.3361e+00 0.0000e+00
        246 303.852769    0.01701     1.0208     61.250      1.571  48976.380    30.6951     7.0049      1.557    6.94417     7.0118    24.0288   12.49108 1.4056e+00 0.0000e+00
        247 303.852772    0.01708     1.0250     61.500      1.558  48953.914    30.6802     7.0091      1.543    6.94418     7.0137    24.0166   12.49128 1.4258e+00 0.0000e+00
        248 303.852775    0.01715     1.0292     61.750      1.518  48944.124    30.6739     7.0119      1.504    6.94401     7.0151    24.0113   12.49109 1.3988e+00 0.0000e+00
        249 303.852778    0.01722     1.0333     62.000      1.465  48951.406    30.6793     7.0138      1.451    6.94346     7.0162    24.0153   12.49011 1.3404e+00 0.0000e+00
        250 303.852781    0.01729     1.0375     62.250      1.414  48968.646    30.6915     7.0152      1.401    6.94268     7.0169    24.0247   12.48867 1.2591e+00 0.0000e+00
        251 303.852784    0.01736     1.0417     62.500      1.380  48986.902    30.7044     7.0163      1.368    6.94192     7.0171    24.0347   12.48724 1.1867e+00 0.0000e+00
        252 303.852786    0.01743     1.0458     62.750      1.371  49001.034    30.7143     7.0170      1.358    6.94134     7.0169    24.0424   12.48616 1.1855e+00 0.0000e+00
        253 303.852789    0.01750     1.0500     63.000      1.383  49009.401    30.7202     7.0172      1.370    6.94104     7.0163    24.0470   12.48559 1.2578e+00 0.0000e+00
        254 303.852792    0.01757     1.0542     63.250      1.410  49012.207    30.7221     7.0170      1.397    6.94099     7.0152    24.0485   12.48548 1.3584e+00 0.0000e+00
        255 303.852795    0.01764     1.0583     63.500      1.442  49009.937    30.7204     7.0165      1.428    6.94116     7.0137    24.0473   12.48578 1.4565e+00 0.0000e+00
        256 303.852798    0.01771     1.0625     63.750      1.468  49003.190    30.7155     7.0154      1.454    6.94155     7.0119    24.0436   12.48649 1.4753e+00 0.0000e+00
        257 303.852801    0.01778     1.0667     64.000      1.481  48992.598    30.7079     7.0138      1.467    6.94215     7.0102    24.0378   12.48758 1.3979e+00 0.0000e+00
        258 303.852804    0.01785     1.0708     64.250      1.479  48979.860    30.6987     7.0120      1.465    6.94286     7.0088    24.0308   12.48886 1.3002e+00 0.0000e+00
        259 303.852807    0.01792     1.0750     64.500      1.462  48970.324    30.6919     7.0103      1.448    6.94344     7.0077    24.0256   12.48992 1.1999e+00 0.0000e+00
        260 303.852810    0.01799     1.0792     64.750      1.439  48969.632    30.6912     7.0089      1.425    6.94370     7.0070    24.0252   12.49035 1.1008e+00 0.0000e+00
        261 303.852813    0.01806     1.0833     65.000      1.417  48976.904    30.6960     7.0079      1.404    6.94365     7.0063    24.0292   12.49020 1.0251e+00 0.0000e+00
        262 303.852815    0.01812     1.0875     65.250      1.407  48986.628    30.7026     7.0071      1.393    6.94347     7.0056    24.0345   12.48982 9.8198e-01 0.0000e+00
        263 303.852818    0.01819     1.0917     65.500      1.413  48993.971    30.7076     7.0065      1.399    6.94334     7.0046    24.0385   12.48954 9.7288e-01 0.0000e+00
        264 303.852821    0.01826     1.0958     65.750      1.434  48995.963    30.7089     7.0057      1.421    6.94341     7.0035    24.0396   12.48964 9.7200e-01 0.0000e+00
        265 303.852824    0.01833     1.1000     66.000      1.465  48990.581    30.7049     7.0047      1.451    6.94375     7.0027    24.0366   12.49026 9.6535e-01 0.0000e+00
        266 303.852827    0.01840     1.1042     66.250      1.494  48976.180    30.6947     7.0036      1.480    6.94438     7.0024    24.0288   12.49143 9.7289e-01 0.0000e+00
        267 303.852830    0.01847     1.1083     66.500      1.514  48954.187    30.6793     7.0029      1.499    6.94521     7.0026    24.0168   12.49300 1.0318e+00 0.0000e+00
        268 303.852833    0.01854     1.1125     66.750      1.517  48932.544    30.6643     7.0026      1.503    6.94595     7.0031    24.0050   12.49441 1.1824e+00 0.0000e+00
        269 303.852836    0.01861     1.1167     67.000      1.505  48921.733    30.6568     7.0028      1.491    6.94626     7.0037    23.9991   12.49501 1.4280e+00 0.0000e+00
        270 303.852839    0.01868     1.1208     67.250      1.484  48926.842    30.6605     7.0033      1.470    6.94601     7.0043    24.0019   12.49456 1.6123e+00 0.0000e+00
        271 303.852841    0.01875     1.1250     67.500      1.463  48944.219    30.6726     7.0039      1.449    6.94536     7.0049    24.0114   12.49333 1.6277e+00 0.0000e+00
