CTD-processing/allCTD/CNV--turbid/2012_08-15_t4_s03_cast125.cnv
* Sea-Bird SBE19plus Data File:
* FileName = C:\Documents and Settings\kris.holderied.local\My Documents\2012-08-15-CTD-KBay-Transect4\2012-08-15-CookInlet-Tran4-cast125.hex
* Software Version 1.54
* Temperature SN =  4141
* Conductivity SN =  4141
* System UpLoad Time = Aug 23 2012 23:12:44
** Cook Inlet LTM Transect 4 Barabara Pt to Bluff Pt
** Date:  2012-08-15
** Station:  4-03
** Start time (AKDT-24 hr): 1451
** Depth (m): 112
** Comment:
# nquan = 16
# nvalues = 714                         
# units = specified
# name 0 = scan: Scan Count
# name 1 = timeJ: Julian Days
# name 2 = timeH: Time, Elapsed [hours]
# name 3 = timeM: Time, Elapsed [minutes]
# name 4 = timeS: Time, Elapsed [seconds]
# name 5 = prdM: Pressure, Strain Gauge [db]
# name 6 = specc: Specific Conductance [uS/cm]
# name 7 = sal00: Salinity, Practical [PSU]
# name 8 = tv290C: Temperature [ITS-90, deg C]
# name 9 = depSM: Depth [salt water, m], lat = 59.00
# name 10 = oxsolML/L: Oxygen Saturation, Garcia & Gordon [ml/l]
# name 11 = potemp090C: Potential Temperature [ITS-90, deg C]
# name 12 = sigma-é00: Density [sigma-theta, kg/m^3]
# name 13 = n2satML/L: Nitrogen Saturation [ml/l]
# name 14 = par: PAR/Irradiance, Biospherical/Licor
# name 15 = flag:  0.000e+00
# span 0 =          1,        714       
# span 1 = 228.620509, 228.622572       
# span 2 =    0.00000,    0.04951       
# span 3 =     0.0000,     2.9708       
# span 4 =      0.000,    178.250       
# span 5 =      0.017,    109.629       
# span 6 =    319.074,  49614.901       
# span 7 =     0.1505,    31.3050       
# span 8 =     8.3267,    11.0879       
# span 9 =      0.016,    108.575       
# span 10 =    6.36540,    7.72814      
# span 11 =     8.3160,    11.0879      
# span 12 =    -0.2639,    24.3277      
# span 13 =   11.53337,   14.21706      
# span 14 = 5.0865e-02, 4.0950e+02      
# span 15 = 0.0000e+00, 0.0000e+00      
# interval = seconds: 0.25
# start_time = Aug 15 2012 14:53:32 [Instrument's time stamp, header]
# bad_flag = -9.990e-29
*END*
[from data line 272]
        273 228.621296    0.01889     1.1333     68.000      1.060  48552.216    30.9264    10.7570      1.050    6.37598    10.7574    23.6470   11.54748 3.0656e+02 0.0000e+00
        274 228.621299    0.01896     1.1375     68.250      1.054  48559.295    30.9314    10.7570      1.044    6.37578    10.7584    23.6509   11.54708 3.0666e+02 0.0000e+00
        275 228.621302    0.01903     1.1417     68.500      1.046  48564.969    30.9355    10.7575      1.036    6.37555    10.7602    23.6540   11.54665 3.0700e+02 0.0000e+00
        276 228.621305    0.01910     1.1458     68.750      1.037  48567.662    30.9375    10.7585      1.027    6.37532    10.7625    23.6554   11.54625 3.0786e+02 0.0000e+00
        277 228.621308    0.01917     1.1500     69.000      1.028  48566.726    30.9370    10.7603      1.018    6.37509    10.7647    23.6547   11.54588 3.0846e+02 0.0000e+00
        278 228.621311    0.01924     1.1542     69.250      1.021  48561.750    30.9337    10.7626      1.011    6.37491    10.7660    23.6518   11.54562 3.0872e+02 0.0000e+00
        279 228.621314    0.01931     1.1583     69.500      1.018  48552.232    30.9273    10.7648      1.009    6.37488    10.7659    23.6464   11.54564 3.0795e+02 0.0000e+00
        280 228.621317    0.01938     1.1625     69.750      1.023  48537.919    30.9173    10.7661      1.013    6.37510    10.7644    23.6384   11.54614 3.0529e+02 0.0000e+00
        281 228.621319    0.01944     1.1667     70.000      1.033  48519.850    30.9045    10.7660      1.024    6.37563    10.7614    23.6285   11.54716 3.0192e+02 0.0000e+00
        282 228.621322    0.01951     1.1708     70.250      1.047  48500.536    30.8907    10.7645      1.037    6.37640    10.7569    23.6180   11.54859 2.9994e+02 0.0000e+00
        283 228.621325    0.01958     1.1750     70.500      1.055  48481.775    30.8771    10.7616      1.045    6.37736    10.7510    23.6079   11.55035 3.0037e+02 0.0000e+00
        284 228.621328    0.01965     1.1792     70.750      1.054  48465.627    30.8652    10.7570      1.044    6.37847    10.7445    23.5994   11.55233 3.0230e+02 0.0000e+00
        285 228.621331    0.01972     1.1833     71.000      1.042  48456.150    30.8578    10.7511      1.032    6.37959    10.7390    23.5946   11.55427 3.0408e+02 0.0000e+00
        286 228.621334    0.01979     1.1875     71.250      1.024  48454.240    30.8557    10.7446      1.014    6.38057    10.7354    23.5941   11.55592 3.0467e+02 0.0000e+00
        287 228.621337    0.01986     1.1917     71.500      1.011  48456.038    30.8564    10.7392      1.001    6.38130    10.7331    23.5955   11.55712 3.0358e+02 0.0000e+00
        288 228.621340    0.01993     1.1958     71.750      1.009  48457.543    30.8570    10.7355      0.999    6.38177    10.7306    23.5967   11.55790 3.0145e+02 0.0000e+00
        289 228.621343    0.02000     1.2000     72.000      1.020  48456.625    30.8561    10.7332      1.010    6.38212    10.7263    23.5964   11.55850 2.9943e+02 0.0000e+00
        290 228.621345    0.02007     1.2042     72.250      1.039  48454.145    30.8540    10.7307      1.029    6.38256    10.7204    23.5952   11.55924 2.9777e+02 0.0000e+00
        291 228.621348    0.02014     1.2083     72.500      1.056  48453.860    30.8533    10.7264      1.046    6.38317    10.7145    23.5954   11.56026 2.9714e+02 0.0000e+00
        292 228.621351    0.02021     1.2125     72.750      1.062  48458.106    30.8557    10.7205      1.052    6.38389    10.7103    23.5982   11.56142 2.9870e+02 0.0000e+00
        293 228.621354    0.02028     1.2167     73.000      1.052  48465.107    30.8600    10.7146      1.042    6.38453    10.7083    23.6025   11.56243 3.0181e+02 0.0000e+00
        294 228.621357    0.02035     1.2208     73.250      1.031  48471.492    30.8640    10.7104      1.021    6.38495    10.7079    23.6064   11.56308 3.0411e+02 0.0000e+00
        295 228.621360    0.02042     1.2250     73.500      1.009  48475.218    30.8664    10.7084      0.999    6.38513    10.7081    23.6086   11.56335 3.0427e+02 0.0000e+00
        296 228.621363    0.02049     1.2292     73.750      0.996  48475.931    30.8669    10.7080      0.987    6.38516    10.7076    23.6090   11.56340 3.0267e+02 0.0000e+00
        297 228.621366    0.02056     1.2333     74.000      0.998  48474.650    30.8660    10.7082      0.988    6.38517    10.7060    23.6083   11.56343 3.0050e+02 0.0000e+00
        298 228.621369    0.02063     1.2375     74.250      1.014  48473.166    30.8649    10.7077      1.004    6.38528    10.7034    23.6075   11.56362 2.9955e+02 0.0000e+00
        299 228.621372    0.02069     1.2417     74.500      1.035  48472.692    30.8643    10.7061      1.025    6.38552    10.7004    23.6074   11.56403 3.0005e+02 0.0000e+00
        300 228.621374    0.02076     1.2458     74.750      1.053  48474.448    30.8653    10.7035      1.043    6.38585    10.6989    23.6085   11.56456 3.0073e+02 0.0000e+00
        301 228.621377    0.02083     1.2500     75.000      1.057  48479.100    30.8682    10.7005      1.047    6.38613    10.7001    23.6113   11.56499 3.0133e+02 0.0000e+00
        302 228.621380    0.02090     1.2542     75.250      1.049  48484.337    30.8717    10.6990      1.039    6.38620    10.7038    23.6143   11.56506 3.0204e+02 0.0000e+00
        303 228.621383    0.02097     1.2583     75.500      1.035  48486.936    30.8737    10.7003      1.026    6.38595    10.7088    23.6157   11.56462 3.0245e+02 0.0000e+00
        304 228.621386    0.02104     1.2625     75.750      1.027  48486.011    30.8735    10.7040      1.017    6.38545    10.7142    23.6149   11.56379 3.0200e+02 0.0000e+00
        305 228.621389    0.02111     1.2667     76.000      1.030  48482.774    30.8718    10.7090      1.021    6.38483    10.7192    23.6127   11.56279 3.0096e+02 0.0000e+00
        306 228.621392    0.02118     1.2708     76.250      1.044  48478.120    30.8691    10.7143      1.035    6.38420    10.7229    23.6097   11.56178 3.0046e+02 0.0000e+00
        307 228.621395    0.02125     1.2750     76.500      1.061  48471.916    30.8653    10.7193      1.051    6.38367    10.7249    23.6059   11.56095 3.0050e+02 0.0000e+00
        308 228.621398    0.02132     1.2792     76.750      1.071  48465.900    30.8615    10.7231      1.061    6.38330    10.7257    23.6022   11.56039 2.9998e+02 0.0000e+00
        309 228.621400    0.02139     1.2833     77.000      1.069  48462.577    30.8594    10.7251      1.059    6.38311    10.7259    23.6002   11.56010 2.9973e+02 0.0000e+00
        310 228.621403    0.02146     1.2875     77.250      1.058  48461.556    30.8587    10.7258      1.048    6.38304    10.7259    23.5996   11.55998 3.0102e+02 0.0000e+00
        311 228.621406    0.02153     1.2917     77.500      1.045  48461.298    30.8586    10.7260      1.036    6.38301    10.7257    23.5995   11.55994 3.0268e+02 0.0000e+00
        312 228.621409    0.02160     1.2958     77.750      1.038  48461.030    30.8584    10.7260      1.028    6.38302    10.7252    23.5994   11.55994 3.0354e+02 0.0000e+00
        313 228.621412    0.02167     1.3000     78.000      1.038  48460.415    30.8579    10.7259      1.029    6.38306    10.7240    23.5990   11.56002 3.0399e+02 0.0000e+00
        314 228.621415    0.02174     1.3042     78.250      1.045  48459.572    30.8573    10.7253      1.036    6.38316    10.7221    23.5986   11.56020 3.0413e+02 0.0000e+00
        315 228.621418    0.02181     1.3083     78.500      1.054  48458.644    30.8565    10.7242      1.045    6.38335    10.7193    23.5982   11.56053 3.0382e+02 0.0000e+00
        316 228.621421    0.02187     1.3125     78.750      1.061  48458.547    30.8562    10.7222      1.052    6.38364    10.7167    23.5983   11.56100 3.0364e+02 0.0000e+00
        317 228.621424    0.02194     1.3167     79.000      1.064  48460.562    30.8573    10.7195      1.054    6.38397    10.7149    23.5997   11.56153 3.0367e+02 0.0000e+00
        318 228.621427    0.02201     1.3208     79.250      1.062  48463.754    30.8593    10.7168      1.052    6.38426    10.7139    23.6016   11.56199 3.0336e+02 0.0000e+00
        319 228.621429    0.02208     1.3250     79.500      1.059  48466.057    30.8607    10.7150      1.049    6.38444    10.7131    23.6030   11.56229 3.0356e+02 0.0000e+00
        320 228.621432    0.02215     1.3292     79.750      1.057  48466.982    30.8612    10.7140      1.047    6.38456    10.7123    23.6036   11.56248 3.0492e+02 0.0000e+00
        321 228.621435    0.02222     1.3333     80.000      1.058  48467.284    30.8613    10.7132      1.048    6.38466    10.7114    23.6038   11.56265 3.0615e+02 0.0000e+00
        322 228.621438    0.02229     1.3375     80.250      1.059  48467.540    30.8614    10.7124      1.049    6.38477    10.7105    23.6040   11.56282 3.0591e+02 0.0000e+00
        323 228.621441    0.02236     1.3417     80.500      1.058  48467.883    30.8616    10.7116      1.048    6.38488    10.7096    23.6043   11.56301 3.0462e+02 0.0000e+00
        324 228.621444    0.02243     1.3458     80.750      1.054  48468.492    30.8619    10.7106      1.044    6.38500    10.7090    23.6047   11.56319 3.0409e+02 0.0000e+00
        325 228.621447    0.02250     1.3500     81.000      1.048  48469.471    30.8625    10.7098      1.038    6.38510    10.7088    23.6053   11.56334 3.0492e+02 0.0000e+00
        326 228.621450    0.02257     1.3542     81.250      1.045  48470.435    30.8631    10.7092      1.035    6.38516    10.7090    23.6059   11.56344 3.0579e+02 0.0000e+00
        327 228.621453    0.02264     1.3583     81.500      1.046  48470.809    30.8634    10.7090      1.036    6.38517    10.7094    23.6061   11.56346 3.0568e+02 0.0000e+00
        328 228.621455    0.02271     1.3625     81.750      1.051  48470.415    30.8631    10.7091      1.041    6.38516    10.7097    23.6059   11.56344 3.0483e+02 0.0000e+00
        329 228.621458    0.02278     1.3667     82.000      1.058  48469.620    30.8626    10.7095      1.048    6.38513    10.7099    23.6054   11.56340 3.0479e+02 0.0000e+00
        330 228.621461    0.02285     1.3708     82.250      1.063  48469.002    30.8622    10.7098      1.053    6.38510    10.7101    23.6050   11.56335 3.0610e+02 0.0000e+00
        331 228.621464    0.02292     1.3750     82.500      1.062  48468.821    30.8620    10.7100      1.052    6.38508    10.7104    23.6049   11.56331 3.0735e+02 0.0000e+00
        332 228.621467    0.02299     1.3792     82.750      1.056  48468.927    30.8621    10.7102      1.046    6.38505    10.7108    23.6050   11.56326 3.0805e+02 0.0000e+00
        333 228.621470    0.02306     1.3833     83.000      1.048  48469.101    30.8623    10.7105      1.038    6.38500    10.7113    23.6050   11.56318 3.0924e+02 0.0000e+00
        334 228.621473    0.02313     1.3875     83.250      1.040  48469.185    30.8624    10.7110      1.031    6.38493    10.7118    23.6051   11.56307 3.1044e+02 0.0000e+00
        335 228.621476    0.02319     1.3917     83.500      1.036  48469.026    30.8624    10.7115      1.027    6.38486    10.7122    23.6049   11.56296 3.0966e+02 0.0000e+00
        336 228.621479    0.02326     1.3958     83.750      1.038  48468.584    30.8621    10.7120      1.029    6.38481    10.7123    23.6046   11.56287 3.0715e+02 0.0000e+00
        337 228.621481    0.02333     1.4000     84.000      1.046  48467.865    30.8616    10.7123      1.036    6.38478    10.7118    23.6042   11.56283 3.0534e+02 0.0000e+00
        338 228.621484    0.02340     1.4042     84.250      1.057  48467.036    30.8611    10.7124      1.047    6.38479    10.7107    23.6038   11.56286 3.0502e+02 0.0000e+00
        339 228.621487    0.02347     1.4083     84.500      1.067  48466.795    30.8608    10.7119      1.057    6.38487    10.7096    23.6037   11.56299 3.0540e+02 0.0000e+00
        340 228.621490    0.02354     1.4125     84.750      1.072  48467.675    30.8613    10.7109      1.062    6.38499    10.7087    23.6042   11.56318 3.0650e+02 0.0000e+00
        341 228.621493    0.02361     1.4167     85.000      1.068  48469.183    30.8623    10.7097      1.059    6.38511    10.7085    23.6051   11.56337 3.0867e+02 0.0000e+00
        342 228.621496    0.02368     1.4208     85.250      1.060  48470.642    30.8632    10.7089      1.050    6.38519    10.7088    23.6060   11.56349 3.1063e+02 0.0000e+00
        343 228.621499    0.02375     1.4250     85.500      1.054  48471.678    30.8639    10.7086      1.044    6.38520    10.7094    23.6066   11.56349 3.0977e+02 0.0000e+00
        344 228.621502    0.02382     1.4292     85.750      1.058  48471.631    30.8639    10.7089      1.048    6.38515    10.7095    23.6066   11.56342 3.0548e+02 0.0000e+00
        345 228.621505    0.02389     1.4333     86.000      1.080  48470.025    30.8628    10.7095      1.070    6.38511    10.7081    23.6056   11.56336 2.9956e+02 0.0000e+00
        346 228.621508    0.02396     1.4375     86.250      1.125  48467.230    30.8608    10.7096      1.114    6.38518    10.7045    23.6041   11.56350 2.9226e+02 0.0000e+00
        347 228.621510    0.02403     1.4417     86.500      1.197  48464.333    30.8586    10.7083      1.186    6.38546    10.6982    23.6026   11.56399 2.8219e+02 0.0000e+00
        348 228.621513    0.02410     1.4458     86.750      1.305  48462.505    30.8569    10.7047      1.293    6.38603    10.6888    23.6018   11.56496 2.6724e+02 0.0000e+00
        349 228.621516    0.02417     1.4500     87.000      1.457  48461.993    30.8557    10.6984      1.443    6.38695    10.6755    23.6020   11.56649 2.4604e+02 0.0000e+00
        350 228.621519    0.02424     1.4542     87.250      1.653  48462.095    30.8546    10.6890      1.637    6.38829    10.6572    23.6027   11.56874 2.2058e+02 0.0000e+00
        351 228.621522    0.02431     1.4583     87.500      1.885  48462.430    30.8532    10.6757      1.867    6.39019    10.6328    23.6039   11.57190 1.9423e+02 0.0000e+00
        352 228.621525    0.02438     1.4625     87.750      2.149  48462.701    30.8512    10.6575      2.129    6.39280    10.6001    23.6054   11.57625 1.6940e+02 0.0000e+00
        353 228.621528    0.02444     1.4667     88.000      2.438  48460.273    30.8465    10.6331      2.415    6.39637    10.5581    23.6058   11.58222 1.4760e+02 0.0000e+00
        354 228.621531    0.02451     1.4708     88.250      2.739  48459.252    30.8418    10.6004      2.713    6.40109    10.5111    23.6077   11.59010 1.2926e+02 0.0000e+00
        355 228.621534    0.02458     1.4750     88.500      3.039  48472.208    30.8460    10.5585      3.011    6.40675    10.4659    23.6180   11.59944 1.1383e+02 0.0000e+00
        356 228.621536    0.02465     1.4792     88.750      3.333  48499.986    30.8599    10.5115      3.302    6.41271    10.4262    23.6368   11.60915 1.0064e+02 0.0000e+00
        357 228.621539    0.02472     1.4833     89.000      3.619  48531.482    30.8767    10.4663      3.586    6.41832    10.3921    23.6574   11.61825 8.9236e+01 0.0000e+00
        358 228.621542    0.02479     1.4875     89.250      3.903  48558.311    30.8909    10.4266      3.867    6.42328    10.3622    23.6750   11.62628 7.9212e+01 0.0000e+00
        359 228.621545    0.02486     1.4917     89.500      4.190  48577.590    30.9003    10.3926      4.151    6.42763    10.3343    23.6881   11.63339 7.0238e+01 0.0000e+00
        360 228.621548    0.02493     1.4958     89.750      4.483  48589.677    30.9052    10.3627      4.441    6.43162    10.3069    23.6968   11.63993 6.2161e+01 0.0000e+00
        361 228.621551    0.02500     1.5000     90.000      4.781  48596.448    30.9065    10.3348      4.736    6.43546    10.2790    23.7025   11.64628 5.5022e+01 0.0000e+00
