CTD-processing/allCTD/CNV--turbid/2012_06-05b_t9_s07b_cast028.cnv
* Sea-Bird SBE19plus Data File:
* FileName = C:\Documents and Settings\kris.holderied.local\My Documents\2012-KBRR-CTD-Kachemak-Bay\2012-KBRR-CTD-cast028.hex
* Software Version 1.54
* Temperature SN =  4141
* Conductivity SN =  4141
* System UpLoad Time = Jul 24 2012 21:50:23
** Kachemak Bay - Homer Spit Line CTD Survey
** Date:  2012-xx-xx   xxxx Tide (x of 2 lines)
** Station: 9-07
** Start time (AKDT-24 hr): 10:30
** Depth (m): 94.2
** Comments:  CTD time set wrong by 1 hour
# nquan = 16
# nvalues = 576                         
# units = specified
# name 0 = scan: Scan Count
# name 1 = timeJ: Julian Days
# name 2 = timeH: Time, Elapsed [hours]
# name 3 = timeM: Time, Elapsed [minutes]
# name 4 = timeS: Time, Elapsed [seconds]
# name 5 = prdM: Pressure, Strain Gauge [db]
# name 6 = specc: Specific Conductance [uS/cm]
# name 7 = sal00: Salinity, Practical [PSU]
# name 8 = tv290C: Temperature [ITS-90, deg C]
# name 9 = depSM: Depth [salt water, m], lat = 59.00
# name 10 = oxsolML/L: Oxygen Saturation, Garcia & Gordon [ml/l]
# name 11 = potemp090C: Potential Temperature [ITS-90, deg C]
# name 12 = sigma-é00: Density [sigma-theta, kg/m^3]
# name 13 = n2satML/L: Nitrogen Saturation [ml/l]
# name 14 = par: PAR/Irradiance, Biospherical/Licor
# name 15 = flag:  0.000e+00
# span 0 =          1,        576       
# span 1 = 157.481956, 157.483620       
# span 2 =    0.00000,    0.03993       
# span 3 =     0.0000,     2.3958       
# span 4 =      0.000,    143.750       
# span 5 =     -0.044,     86.085       
# span 6 =    531.671,  50904.925       
# span 7 =     0.2511,    31.5700       
# span 8 =     4.7295,     7.8353       
# span 9 =     -0.044,     85.263       
# span 10 =    6.91278,    8.31075      
# span 11 =     4.7235,     7.8353      
# span 12 =     0.0608,    24.9629      
# span 13 =   12.43809,   15.19907      
# span 14 = 3.7663e-02, 2.0145e+03      
# span 15 = 0.0000e+00, 0.0000e+00      
# interval = seconds: 0.25
# start_time = Jun 05 2012 11:34:01 [Instrument's time stamp, header]
# bad_flag = -9.990e-29
*END*
          1 157.481956    0.00000     0.0000      0.000     -0.038    632.378     0.3004     7.8167     -0.037    8.30823     7.8163     0.1003   15.19421 6.0647e+02 0.0000e+00
          2 157.481959    0.00007     0.0042      0.250     -0.039    631.615     0.3001     7.8165     -0.038    8.30828     7.8161     0.1000   15.19431 5.3083e+02 0.0000e+00
          3 157.481962    0.00014     0.0083      0.500     -0.039    630.685     0.2996     7.8163     -0.038    8.30835     7.8158     0.0997   15.19444 4.4725e+02 0.0000e+00
          4 157.481965    0.00021     0.0125      0.750     -0.039    629.607     0.2991     7.8161     -0.038    8.30843     7.8155     0.0993   15.19458 3.7319e+02 0.0000e+00
          5 157.481968    0.00028     0.0167      1.000     -0.039    628.326     0.2985     7.8158     -0.038    8.30852     7.8152     0.0988   15.19474 3.1902e+02 0.0000e+00
          6 157.481970    0.00035     0.0208      1.250     -0.039    626.880     0.2978     7.8155     -0.038    8.30861     7.8150     0.0983   15.19490 2.8542e+02 0.0000e+00
          7 157.481973    0.00042     0.0250      1.500     -0.039    625.392     0.2970     7.8152     -0.038    8.30871     7.8147     0.0977   15.19508 2.6624e+02 0.0000e+00
          8 157.481976    0.00049     0.0292      1.750     -0.039    623.965     0.2963     7.8150     -0.038    8.30880     7.8145     0.0971   15.19524 2.5651e+02 0.0000e+00
          9 157.481979    0.00056     0.0333      2.000     -0.039    622.666     0.2957     7.8147     -0.038    8.30889     7.8143     0.0966   15.19540 2.5363e+02 0.0000e+00
         10 157.481982    0.00063     0.0375      2.250     -0.039    621.534     0.2951     7.8145     -0.038    8.30896     7.8141     0.0962   15.19553 2.5603e+02 0.0000e+00
         11 157.481985    0.00069     0.0417      2.500     -0.038    620.579     0.2947     7.8143     -0.038    8.30902     7.8140     0.0958   15.19564 2.6344e+02 0.0000e+00
         12 157.481988    0.00076     0.0458      2.750     -0.038    619.776     0.2943     7.8141     -0.038    8.30908     7.8138     0.0955   15.19574 2.7751e+02 0.0000e+00
         13 157.481991    0.00083     0.0500      3.000     -0.038    619.045     0.2939     7.8140     -0.038    8.30914     7.8137     0.0952   15.19584 3.0131e+02 0.0000e+00
         14 157.481994    0.00090     0.0542      3.250     -0.038    618.250     0.2935     7.8138     -0.037    8.30919     7.8135     0.0949   15.19594 3.3895e+02 0.0000e+00
         15 157.481997    0.00097     0.0583      3.500     -0.038    617.254     0.2930     7.8137     -0.037    8.30925     7.8133     0.0946   15.19604 3.9773e+02 0.0000e+00
         16 157.481999    0.00104     0.0625      3.750     -0.039    615.966     0.2924     7.8135     -0.038    8.30932     7.8131     0.0941   15.19616 4.8541e+02 0.0000e+00
         17 157.482002    0.00111     0.0667      4.000     -0.039    614.323     0.2916     7.8133     -0.038    8.30940     7.8130     0.0935   15.19631 5.8476e+02 0.0000e+00
         18 157.482005    0.00118     0.0708      4.250     -0.040    612.351     0.2906     7.8131     -0.039    8.30949     7.8128     0.0927   15.19648 6.6448e+02 0.0000e+00
         19 157.482008    0.00125     0.0750      4.500     -0.040    610.159     0.2896     7.8130     -0.039    8.30958     7.8127     0.0919   15.19665 7.3116e+02 0.0000e+00
         20 157.482011    0.00132     0.0792      4.750     -0.039    607.820     0.2884     7.8128     -0.039    8.30967     7.8126     0.0910   15.19683 8.1767e+02 0.0000e+00
         21 157.482014    0.00139     0.0833      5.000     -0.039    605.446     0.2872     7.8127     -0.038    8.30976     7.8126     0.0901   15.19699 9.1855e+02 0.0000e+00
         22 157.482017    0.00146     0.0875      5.250     -0.039    603.174     0.2861     7.8126     -0.038    8.30984     7.8126     0.0892   15.19715 9.9750e+02 0.0000e+00
         23 157.482020    0.00153     0.0917      5.500     -0.039    601.030     0.2851     7.8126     -0.038    8.30991     7.8126     0.0883   15.19727 1.0583e+03 0.0000e+00
         24 157.482023    0.00160     0.0958      5.750     -0.039    599.059     0.2841     7.8126     -0.038    8.30995     7.8128     0.0876   15.19737 1.1383e+03 0.0000e+00
         25 157.482025    0.00167     0.1000      6.000     -0.038    597.337     0.2832     7.8126     -0.037    8.30998     7.8129     0.0869   15.19743 1.2467e+03 0.0000e+00
         26 157.482028    0.00174     0.1042      6.250     -0.038    595.884     0.2825     7.8128     -0.037    8.31000     7.8131     0.0863   15.19746 1.3402e+03 0.0000e+00
         27 157.482031    0.00181     0.1083      6.500     -0.038    594.641     0.2819     7.8129     -0.037    8.31000     7.8133     0.0858   15.19748 1.3889e+03 0.0000e+00
         28 157.482034    0.00187     0.1125      6.750     -0.038    593.477     0.2813     7.8131     -0.037    8.31000     7.8135     0.0854   15.19748 1.4248e+03 0.0000e+00
         29 157.482037    0.00194     0.1167      7.000     -0.038    592.313     0.2808     7.8133     -0.037    8.30998     7.8137     0.0849   15.19747 1.4833e+03 0.0000e+00
         30 157.482040    0.00201     0.1208      7.250     -0.038    591.179     0.2802     7.8135     -0.037    8.30997     7.8139     0.0845   15.19745 1.5609e+03 0.0000e+00
         31 157.482043    0.00208     0.1250      7.500     -0.038    590.169     0.2797     7.8137     -0.037    8.30995     7.8139     0.0841   15.19744 1.6287e+03 0.0000e+00
         32 157.482046    0.00215     0.1292      7.750     -0.038    589.375     0.2793     7.8139     -0.037    8.30995     7.8139     0.0838   15.19743 1.6649e+03 0.0000e+00
         33 157.482049    0.00222     0.1333      8.000     -0.039    588.734     0.2790     7.8139     -0.038    8.30996     7.8138     0.0835   15.19745 1.6686e+03 0.0000e+00
         34 157.482052    0.00229     0.1375      8.250     -0.039    588.036     0.2787     7.8139     -0.038    8.30998     7.8137     0.0832   15.19750 1.6423e+03 0.0000e+00
         35 157.482054    0.00236     0.1417      8.500     -0.038    587.132     0.2782     7.8138     -0.037    8.31002     7.8136     0.0829   15.19757 1.5785e+03 0.0000e+00
         36 157.482057    0.00243     0.1458      8.750     -0.038    586.009     0.2777     7.8137     -0.037    8.31007     7.8135     0.0824   15.19766 1.4584e+03 0.0000e+00
         37 157.482060    0.00250     0.1500      9.000     -0.038    584.731     0.2771     7.8136     -0.037    8.31012     7.8135     0.0819   15.19776 1.2495e+03 0.0000e+00
         38 157.482063    0.00257     0.1542      9.250     -0.039    583.407     0.2764     7.8135     -0.038    8.31017     7.8136     0.0814   15.19785 9.9579e+02 0.0000e+00
         39 157.482066    0.00264     0.1583      9.500     -0.039    582.169     0.2758     7.8135     -0.038    8.31020     7.8136     0.0809   15.19792 8.3308e+02 0.0000e+00
         40 157.482069    0.00271     0.1625      9.750     -0.039    581.081     0.2753     7.8136     -0.038    8.31023     7.8135     0.0805   15.19798 8.2824e+02 0.0000e+00
         41 157.482072    0.00278     0.1667     10.000     -0.039    580.086     0.2748     7.8136     -0.038    8.31026     7.8135     0.0801   15.19803 9.8600e+02 0.0000e+00
         42 157.482075    0.00285     0.1708     10.250     -0.039    579.063     0.2743     7.8135     -0.038    8.31029     7.8134     0.0797   15.19809 1.2423e+03 0.0000e+00
         43 157.482078    0.00292     0.1750     10.500     -0.039    577.931     0.2738     7.8135     -0.038    8.31033     7.8134     0.0793   15.19817 1.4538e+03 0.0000e+00
         44 157.482080    0.00299     0.1792     10.750     -0.039    576.699     0.2732     7.8134     -0.038    8.31037     7.8134     0.0788   15.19825 1.5719e+03 0.0000e+00
         45 157.482083    0.00306     0.1833     11.000     -0.039    575.350     0.2725     7.8134     -0.038    8.31041     7.8134     0.0783   15.19832 1.6295e+03 0.0000e+00
         46 157.482086    0.00313     0.1875     11.250     -0.039    573.718     0.2717     7.8134     -0.038    8.31046     7.8135     0.0777   15.19841 1.6461e+03 0.0000e+00
         47 157.482089    0.00319     0.1917     11.500     -0.039    571.455     0.2706     7.8134     -0.038    8.31051     7.8137     0.0768   15.19852 1.6320e+03 0.0000e+00
         48 157.482092    0.00326     0.1958     11.750     -0.039    568.150     0.2690     7.8135     -0.038    8.31058     7.8140     0.0755   15.19866 1.5898e+03 0.0000e+00
         49 157.482095    0.00333     0.2000     12.000     -0.038    563.799     0.2668     7.8137     -0.037    8.31066     7.8145     0.0738   15.19883 1.5396e+03 0.0000e+00
         50 157.482098    0.00340     0.2042     12.250     -0.038    558.920     0.2644     7.8140     -0.037    8.31072     7.8152     0.0719   15.19897 1.5818e+03 0.0000e+00
         51 157.482101    0.00347     0.2083     12.500     -0.037    553.979     0.2620     7.8145     -0.036    8.31075     7.8160     0.0699   15.19905 1.7534e+03 0.0000e+00
         52 157.482104    0.00354     0.2125     12.750     -0.037    549.177     0.2597     7.8152     -0.036    8.31074     7.8168     0.0680   15.19907 1.9177e+03 0.0000e+00
         53 157.482106    0.00361     0.2167     13.000     -0.037    544.855     0.2576     7.8160     -0.036    8.31069     7.8177     0.0663   15.19903 1.9965e+03 0.0000e+00
         54 157.482109    0.00368     0.2208     13.250     -0.037    541.332     0.2558     7.8168     -0.037    8.31061     7.8184     0.0649   15.19892 2.0145e+03 0.0000e+00
         55 157.482112    0.00375     0.2250     13.500     -0.037    538.403     0.2544     7.8177     -0.037    8.31052     7.8191     0.0637   15.19879 1.9878e+03 0.0000e+00
         56 157.482115    0.00382     0.2292     13.750     -0.038    535.761     0.2531     7.8184     -0.037    8.31044     7.8198     0.0627   15.19867 1.9271e+03 0.0000e+00
         57 157.482118    0.00389     0.2333     14.000     -0.039    533.533     0.2520     7.8191     -0.038    8.31036     7.8205     0.0618   15.19855 1.8225e+03 0.0000e+00
         58 157.482121    0.00396     0.2375     14.250     -0.040    532.190     0.2514     7.8198     -0.040    8.31025     7.8213     0.0612   15.19839 1.7208e+03 0.0000e+00
         59 157.482124    0.00403     0.2417     14.500     -0.041    531.804     0.2512     7.8205     -0.041    8.31011     7.8221     0.0610   15.19815 1.7007e+03 0.0000e+00
         60 157.482127    0.00410     0.2458     14.750     -0.042    531.753     0.2511     7.8213     -0.041    8.30995     7.8230     0.0609   15.19788 1.7086e+03 0.0000e+00
         61 157.482130    0.00417     0.2500     15.000     -0.042    531.671     0.2511     7.8221     -0.042    8.30979     7.8238     0.0608   15.19760 1.6521e+03 0.0000e+00
         62 157.482133    0.00424     0.2542     15.250     -0.042    531.677     0.2511     7.8230     -0.042    8.30962     7.8245     0.0608   15.19732 1.6038e+03 0.0000e+00
         63 157.482135    0.00431     0.2583     15.500     -0.043    531.830     0.2512     7.8238     -0.042    8.30946     7.8253     0.0608   15.19704 1.6568e+03 0.0000e+00
         64 157.482138    0.00438     0.2625     15.750     -0.043    531.978     0.2513     7.8245     -0.043    8.30930     7.8261     0.0608   15.19676 1.7197e+03 0.0000e+00
         65 157.482141    0.00444     0.2667     16.000     -0.043    532.022     0.2513     7.8253     -0.043    8.30914     7.8269     0.0608   15.19649 1.7024e+03 0.0000e+00
         66 157.482144    0.00451     0.2708     16.250     -0.043    532.121     0.2513     7.8261     -0.043    8.30897     7.8277     0.0608   15.19621 1.5990e+03 0.0000e+00
         67 157.482147    0.00458     0.2750     16.500     -0.043    532.462     0.2515     7.8269     -0.043    8.30880     7.8285     0.0609   15.19592 1.3932e+03 0.0000e+00
         68 157.482150    0.00465     0.2792     16.750     -0.043    533.135     0.2519     7.8277     -0.043    8.30861     7.8292     0.0611   15.19561 1.1355e+03 0.0000e+00
         69 157.482153    0.00472     0.2833     17.000     -0.043    534.125     0.2524     7.8285     -0.043    8.30843     7.8299     0.0615   15.19529 9.3431e+02 0.0000e+00
         70 157.482156    0.00479     0.2875     17.250     -0.043    535.360     0.2531     7.8292     -0.043    8.30824     7.8306     0.0620   15.19496 8.2057e+02 0.0000e+00
         71 157.482159    0.00486     0.2917     17.500     -0.043    536.888     0.2540     7.8299     -0.043    8.30805     7.8313     0.0626   15.19463 7.6969e+02 0.0000e+00
         72 157.482161    0.00493     0.2958     17.750     -0.043    538.932     0.2551     7.8306     -0.043    8.30785     7.8319     0.0635   15.19428 7.8056e+02 0.0000e+00
         73 157.482164    0.00500     0.3000     18.000     -0.044    541.890     0.2568     7.8313     -0.044    8.30762     7.8326     0.0648   15.19387 8.6389e+02 0.0000e+00
         74 157.482167    0.00507     0.3042     18.250     -0.044    546.363     0.2595     7.8319     -0.044    8.30736     7.8332     0.0669   15.19339 1.0219e+03 0.0000e+00
         75 157.482170    0.00514     0.3083     18.500     -0.044    553.252     0.2636     7.8326     -0.044    8.30702     7.8338     0.0701   15.19277 1.2461e+03 0.0000e+00
         76 157.482173    0.00521     0.3125     18.750     -0.044    564.047     0.2702     7.8332     -0.044    8.30657     7.8343     0.0752   15.19191 1.4890e+03 0.0000e+00
         77 157.482176    0.00528     0.3167     19.000     -0.043    581.378     0.2809     7.8338     -0.043    8.30591     7.8348     0.0835   15.19065 1.6783e+03 0.0000e+00
         78 157.482179    0.00535     0.3208     19.250     -0.043    609.747     0.2984     7.8343     -0.043    8.30492     7.8352     0.0972   15.18874 1.8015e+03 0.0000e+00
         79 157.482182    0.00542     0.3250     19.500     -0.042    656.647     0.3274     7.8348     -0.042    8.30337     7.8353     0.1199   15.18574 1.8820e+03 0.0000e+00
         80 157.482185    0.00549     0.3292     19.750     -0.041    734.698     0.3756     7.8352     -0.041    8.30088     7.8351     0.1577   15.18089 1.9293e+03 0.0000e+00
         81 157.482188    0.00556     0.3333     20.000     -0.039    865.144     0.4562     7.8353     -0.039    8.29682     7.8342     0.2210   15.17295 1.9466e+03 0.0000e+00
         82 157.482190    0.00562     0.3375     20.250     -0.036   1083.312     0.5909     7.8351     -0.036    8.29012     7.8325     0.3266   15.15984 1.9228e+03 0.0000e+00
         83 157.482193    0.00569     0.3417     20.500     -0.032   1447.972     0.8159     7.8342     -0.032    8.27901     7.8291     0.5032   15.13807 1.8938e+03 0.0000e+00
         84 157.482196    0.00576     0.3458     20.750     -0.026   2057.171     1.1916     7.8325     -0.025    8.26054     7.8232     0.7980   15.10186 1.8996e+03 0.0000e+00
         85 157.482199    0.00583     0.3500     21.000     -0.015   3074.212     1.8185     7.8291     -0.014    8.22980     7.8131     1.2900   15.04155 1.8796e+03 0.0000e+00
         86 157.482202    0.00590     0.3542     21.250      0.003   4771.242     2.8644     7.8232      0.003    8.17859     7.7959     2.1108   14.94105 1.8174e+03 0.0000e+00
         87 157.482205    0.00597     0.3583     21.500      0.032   7601.731     4.6085     7.8131      0.032    8.09322     7.7673     3.4797   14.77352 1.7501e+03 0.0000e+00
         88 157.482208    0.00604     0.3625     21.750      0.081  12320.382     7.5160     7.7959      0.080    7.95096     7.7232     5.7616   14.49433 1.6548e+03 0.0000e+00
         89 157.482211    0.00611     0.3667     22.000      0.161  19638.296    12.0620     7.7673      0.159    7.72985     7.6666     9.3286   14.06048 1.5052e+03 0.0000e+00
         90 157.482214    0.00618     0.3708     22.250      0.277  28460.753    17.6209     7.7232      0.275    7.46344     7.6056    13.6900   13.53782 1.2786e+03 0.0000e+00
