CTD-processing/allCTD/CNV--turbid/2012-07-30-cookinlet-tran6-cast083-s13.cnv
* Sea-Bird SBE19plus Data File:
* FileName = C:\Documents and Settings\kris.holderied.local\My Documents\2012-07-EVOS-CookInlet-Ocean\2012-07-CookInlet-Tran6-Douglas\2012-07-31-CookInlet-Tran6-cast083.hex
* Software Version 1.54
* Temperature SN =  4141
* Conductivity SN =  4141
* System UpLoad Time = Jul 31 2012 08:14:02
** Cook Inlet LTM Transect 6 (Douglas line)  East to West
** Date:  2012-07-30
** Station:	6-13
** Start time (AKDT-24 hr): 1923
** Depth (m): 132
** Comment:
# nquan = 16
# nvalues = 844                         
# units = specified
# name 0 = scan: Scan Count
# name 1 = timeJ: Julian Days
# name 2 = timeH: Time, Elapsed [hours]
# name 3 = timeM: Time, Elapsed [minutes]
# name 4 = timeS: Time, Elapsed [seconds]
# name 5 = prdM: Pressure, Strain Gauge [db]
# name 6 = specc: Specific Conductance [uS/cm]
# name 7 = sal00: Salinity, Practical [PSU]
# name 8 = tv290C: Temperature [ITS-90, deg C]
# name 9 = depSM: Depth [salt water, m], lat = 59.00
# name 10 = oxsolML/L: Oxygen Saturation, Garcia & Gordon [ml/l]
# name 11 = potemp090C: Potential Temperature [ITS-90, deg C]
# name 12 = sigma-é00: Density [sigma-theta, kg/m^3]
# name 13 = n2satML/L: Nitrogen Saturation [ml/l]
# name 14 = par: PAR/Irradiance, Biospherical/Licor
# name 15 = flag:  0.000e+00
# span 0 =          1,        844       
# span 1 = 212.807743, 212.810182       
# span 2 =    0.00000,    0.05854       
# span 3 =     0.0000,     3.5125       
# span 4 =      0.000,    210.750       
# span 5 =     -0.069,    119.737       
# span 6 =    374.888,  51335.506       
# span 7 =     0.1794,    32.1896       
# span 8 =     6.5147,     9.7958       
# span 9 =     -0.068,    118.583       
# span 10 =    6.59036,    7.92786      
# span 11 =     6.5046,     9.7948      
# span 12 =    -0.1390,    25.2698      
# span 13 =   11.89887,   14.55428      
# span 14 = 4.2585e-02, 1.9721e+02      
# span 15 = 0.0000e+00, 0.0000e+00      
# interval = seconds: 0.25
# start_time = Jul 30 2012 19:23:09 [Instrument's time stamp, header]
# bad_flag = -9.990e-29
*END*
[from data line 543]
        544 212.809314    0.03771     2.2625    135.750     63.023  49692.460    31.3868     8.3765     62.424    6.69982     8.3515    24.3842   12.07824 7.0914e-02 0.0000e+00
        545 212.809317    0.03778     2.2667    136.000     63.302  49703.887    31.3933     8.3670     62.700    6.70096     8.3424    24.3906   12.08006 7.0096e-02 0.0000e+00
        546 212.809320    0.03785     2.2708    136.250     63.553  49717.610    31.4014     8.3577     62.948    6.70202     8.3338    24.3983   12.08171 6.9433e-02 0.0000e+00
        547 212.809323    0.03792     2.2750    136.500     63.770  49734.054    31.4114     8.3486     63.164    6.70296     8.3266    24.4075   12.08314 6.8851e-02 0.0000e+00
        548 212.809326    0.03799     2.2792    136.750     63.953  49752.357    31.4228     8.3401     63.345    6.70375     8.3213    24.4177   12.08430 6.8362e-02 0.0000e+00
        549 212.809329    0.03806     2.2833    137.000     64.106  49769.974    31.4340     8.3329     63.497    6.70435     8.3177    24.4275   12.08516 6.7974e-02 0.0000e+00
        550 212.809332    0.03812     2.2875    137.250     64.236  49784.025    31.4430     8.3275     63.625    6.70476     8.3153    24.4353   12.08574 6.7653e-02 0.0000e+00
        551 212.809334    0.03819     2.2917    137.500     64.354  49793.816    31.4492     8.3240     63.742    6.70503     8.3136    24.4408   12.08610 6.7363e-02 0.0000e+00
        552 212.809337    0.03826     2.2958    137.750     64.473  49800.602    31.4536     8.3217     63.860    6.70519     8.3121    24.4445   12.08632 6.7055e-02 0.0000e+00
        553 212.809340    0.03833     2.3000    138.000     64.607  49805.755    31.4569     8.3200     63.993    6.70530     8.3103    24.4473   12.08646 6.6687e-02 0.0000e+00
        554 212.809343    0.03840     2.3042    138.250     64.766  49810.364    31.4598     8.3184     64.151    6.70540     8.3081    24.4498   12.08659 6.6237e-02 0.0000e+00
        555 212.809346    0.03847     2.3083    138.500     64.957  49815.420    31.4630     8.3167     64.340    6.70553     8.3052    24.4526   12.08676 6.5714e-02 0.0000e+00
        556 212.809349    0.03854     2.3125    138.750     65.182  49821.868    31.4670     8.3145     64.562    6.70568     8.3015    24.4561   12.08697 6.5167e-02 0.0000e+00
        557 212.809352    0.03861     2.3167    139.000     65.437  49830.358    31.4724     8.3116     64.815    6.70589     8.2970    24.4607   12.08724 6.4574e-02 0.0000e+00
        558 212.809355    0.03868     2.3208    139.250     65.715  49840.480    31.4788     8.3079     65.091    6.70617     8.2918    24.4663   12.08763 6.3885e-02 0.0000e+00
        559 212.809358    0.03875     2.3250    139.500     66.009  49850.847    31.4853     8.3034     65.381    6.70657     8.2861    24.4720   12.08821 6.3170e-02 0.0000e+00
        560 212.809361    0.03882     2.3292    139.750     66.308  49860.328    31.4910     8.2983     65.678    6.70709     8.2794    24.4772   12.08901 6.2517e-02 0.0000e+00
        561 212.809363    0.03889     2.3333    140.000     66.607  49868.466    31.4957     8.2925     65.974    6.70776     8.2710    24.4817   12.09005 6.1923e-02 0.0000e+00
        562 212.809366    0.03896     2.3375    140.250     66.897  49875.142    31.4992     8.2858     66.261    6.70862     8.2600    24.4855   12.09143 6.1359e-02 0.0000e+00
        563 212.809369    0.03903     2.3417    140.500     67.174  49880.904    31.5018     8.2775     66.535    6.70977     8.2459    24.4887   12.09330 6.0818e-02 0.0000e+00
        564 212.809372    0.03910     2.3458    140.750     67.434  49887.649    31.5047     8.2665     66.793    6.71130     8.2291    24.4926   12.09580 6.0322e-02 0.0000e+00
        565 212.809375    0.03917     2.3500    141.000     67.679  49898.082    31.5097     8.2524     67.036    6.71322     8.2110    24.4986   12.09892 5.9874e-02 0.0000e+00
        566 212.809378    0.03924     2.3542    141.250     67.911  49913.571    31.5179     8.2356     67.265    6.71540     8.1926    24.5074   12.10243 5.9461e-02 0.0000e+00
        567 212.809381    0.03931     2.3583    141.500     68.130  49933.009    31.5286     8.2175     67.482    6.71768     8.1744    24.5184   12.10607 5.9072e-02 0.0000e+00
        568 212.809384    0.03938     2.3625    141.750     68.339  49954.908    31.5409     8.1991     67.689    6.71993     8.1570    24.5308   12.10963 5.8713e-02 0.0000e+00
        569 212.809387    0.03944     2.3667    142.000     68.542  49979.819    31.5555     8.1810     67.890    6.72204     8.1413    24.5448   12.11295 5.8393e-02 0.0000e+00
        570 212.809389    0.03951     2.3708    142.250     68.742  50008.374    31.5726     8.1637     68.088    6.72393     8.1282    24.5608   12.11586 5.8095e-02 0.0000e+00
        571 212.809392    0.03958     2.3750    142.500     68.941  50038.259    31.5910     8.1479     68.286    6.72552     8.1181    24.5774   12.11826 5.7789e-02 0.0000e+00
        572 212.809395    0.03965     2.3792    142.750     69.143  50065.362    31.6078     8.1349     68.485    6.72676     8.1106    24.5925   12.12011 5.7458e-02 0.0000e+00
        573 212.809398    0.03972     2.3833    143.000     69.347  50086.742    31.6211     8.1248     68.688    6.72771     8.1048    24.6044   12.12152 5.7122e-02 0.0000e+00
        574 212.809401    0.03979     2.3875    143.250     69.553  50102.350    31.6308     8.1173     68.892    6.72843     8.1002    24.6131   12.12260 5.6801e-02 0.0000e+00
        575 212.809404    0.03986     2.3917    143.500     69.760  50114.104    31.6380     8.1115     69.096    6.72899     8.0961    24.6196   12.12343 5.6505e-02 0.0000e+00
        576 212.809407    0.03993     2.3958    143.750     69.964  50124.114    31.6442     8.1069     69.298    6.72943     8.0926    24.6251   12.12407 5.6221e-02 0.0000e+00
        577 212.809410    0.04000     2.4000    144.000     70.163  50134.008    31.6504     8.1029     69.496    6.72976     8.0897    24.6305   12.12455 5.5944e-02 0.0000e+00
        578 212.809413    0.04007     2.4042    144.250     70.357  50144.432    31.6571     8.0994     69.688    6.73001     8.0872    24.6363   12.12487 5.5697e-02 0.0000e+00
        579 212.809416    0.04014     2.4083    144.500     70.545  50154.048    31.6633     8.0964     69.874    6.73018     8.0849    24.6416   12.12509 5.5474e-02 0.0000e+00
        580 212.809418    0.04021     2.4125    144.750     70.729  50160.291    31.6672     8.0940     70.056    6.73038     8.0819    24.6450   12.12537 5.5229e-02 0.0000e+00
        581 212.809421    0.04028     2.4167    145.000     70.912  50162.767    31.6685     8.0917     70.237    6.73068     8.0780    24.6463   12.12585 5.4969e-02 0.0000e+00
        582 212.809424    0.04035     2.4208    145.250     71.096  50163.509    31.6684     8.0887     70.419    6.73113     8.0731    24.6467   12.12659 5.4715e-02 0.0000e+00
        583 212.809427    0.04042     2.4250    145.500     71.286  50164.200    31.6682     8.0848     70.607    6.73173     8.0675    24.6471   12.12759 5.4468e-02 0.0000e+00
        584 212.809430    0.04049     2.4292    145.750     71.482  50165.707    31.6684     8.0800     70.802    6.73246     8.0619    24.6479   12.12880 5.4224e-02 0.0000e+00
        585 212.809433    0.04056     2.4333    146.000     71.687  50169.425    31.6700     8.0744     71.004    6.73324     8.0571    24.6500   12.13006 5.3982e-02 0.0000e+00
        586 212.809436    0.04063     2.4375    146.250     71.897  50176.891    31.6743     8.0688     71.212    6.73391     8.0538    24.6541   12.13112 5.3738e-02 0.0000e+00
        587 212.809439    0.04069     2.4417    146.500     72.110  50186.827    31.6804     8.0640     71.424    6.73437     8.0520    24.6596   12.13180 5.3483e-02 0.0000e+00
        588 212.809442    0.04076     2.4458    146.750     72.324  50196.079    31.6862     8.0607     71.635    6.73460     8.0512    24.6647   12.13213 5.3222e-02 0.0000e+00
        589 212.809444    0.04083     2.4500    147.000     72.536  50204.684    31.6919     8.0589     71.845    6.73464     8.0515    24.6694   12.13211 5.2970e-02 0.0000e+00
        590 212.809447    0.04090     2.4542    147.250     72.744  50214.280    31.6984     8.0582     72.052    6.73447     8.0530    24.6746   12.13175 5.2733e-02 0.0000e+00
        591 212.809450    0.04097     2.4583    147.500     72.950  50224.060    31.7052     8.0585     72.255    6.73412     8.0554    24.6799   12.13109 5.2517e-02 0.0000e+00
        592 212.809453    0.04104     2.4625    147.750     73.155  50232.675    31.7114     8.0600     72.458    6.73362     8.0580    24.6845   12.13018 5.2324e-02 0.0000e+00
        593 212.809456    0.04111     2.4667    148.000     73.363  50240.021    31.7168     8.0624     72.664    6.73301     8.0606    24.6884   12.12912 5.2145e-02 0.0000e+00
        594 212.809459    0.04118     2.4708    148.250     73.577  50247.068    31.7221     8.0651     72.876    6.73237     8.0629    24.6922   12.12799 5.1979e-02 0.0000e+00
        595 212.809462    0.04125     2.4750    148.500     73.800  50254.816    31.7278     8.0677     73.098    6.73173     8.0650    24.6963   12.12686 5.1826e-02 0.0000e+00
        596 212.809465    0.04132     2.4792    148.750     74.036  50263.162    31.7339     8.0700     73.331    6.73111     8.0672    24.7008   12.12576 5.1669e-02 0.0000e+00
        597 212.809468    0.04139     2.4833    149.000     74.283  50272.031    31.7403     8.0721     73.575    6.73050     8.0692    24.7055   12.12467 5.1488e-02 0.0000e+00
        598 212.809470    0.04146     2.4875    149.250     74.536  50280.159    31.7463     8.0743     73.826    6.72991     8.0706    24.7099   12.12361 5.1277e-02 0.0000e+00
        599 212.809473    0.04153     2.4917    149.500     74.791  50285.071    31.7499     8.0764     74.078    6.72943     8.0709    24.7124   12.12277 5.1064e-02 0.0000e+00
        600 212.809476    0.04160     2.4958    149.750     75.042  50286.654    31.7511     8.0779     74.327    6.72915     8.0698    24.7132   12.12230 5.0859e-02 0.0000e+00
        601 212.809479    0.04167     2.5000    150.000     75.284  50286.513    31.7510     8.0782     74.567    6.72911     8.0673    24.7130   12.12224 5.0637e-02 0.0000e+00
        602 212.809482    0.04174     2.5042    150.250     75.514  50285.912    31.7503     8.0771     74.795    6.72931     8.0636    24.7126   12.12257 5.0416e-02 0.0000e+00
        603 212.809485    0.04181     2.5083    150.500     75.731  50285.699    31.7496     8.0746     75.010    6.72971     8.0589    24.7125   12.12325 5.0232e-02 0.0000e+00
        604 212.809488    0.04188     2.5125    150.750     75.936  50286.481    31.7495     8.0709     75.212    6.73028     8.0537    24.7129   12.12420 5.0078e-02 0.0000e+00
        605 212.809491    0.04194     2.5167    151.000     76.130  50288.802    31.7503     8.0662     75.404    6.73096     8.0485    24.7142   12.12531 4.9942e-02 0.0000e+00
        606 212.809494    0.04201     2.5208    151.250     76.317  50292.528    31.7520     8.0611     75.590    6.73167     8.0435    24.7163   12.12647 4.9817e-02 0.0000e+00
        607 212.809497    0.04208     2.5250    151.500     76.502  50296.629    31.7540     8.0559     75.773    6.73238     8.0387    24.7186   12.12761 4.9707e-02 0.0000e+00
        608 212.809499    0.04215     2.5292    151.750     76.687  50300.439    31.7558     8.0509     75.956    6.73306     8.0342    24.7207   12.12872 4.9612e-02 0.0000e+00
        609 212.809502    0.04222     2.5333    152.000     76.875  50304.174    31.7575     8.0461     76.143    6.73371     8.0301    24.7228   12.12977 4.9504e-02 0.0000e+00
        610 212.809505    0.04229     2.5375    152.250     77.069  50308.100    31.7595     8.0416     76.335    6.73431     8.0264    24.7249   12.13073 4.9379e-02 0.0000e+00
        611 212.809508    0.04236     2.5417    152.500     77.271  50312.150    31.7616     8.0375     76.534    6.73484     8.0230    24.7271   12.13159 4.9249e-02 0.0000e+00
        612 212.809511    0.04243     2.5458    152.750     77.482  50315.974    31.7636     8.0338     76.743    6.73532     8.0196    24.7292   12.13235 4.9111e-02 0.0000e+00
        613 212.809514    0.04250     2.5500    153.000     77.702  50319.324    31.7653     8.0304     76.961    6.73577     8.0158    24.7311   12.13307 4.8978e-02 0.0000e+00
        614 212.809517    0.04257     2.5542    153.250     77.929  50322.506    31.7668     8.0270     77.186    6.73621     8.0112    24.7328   12.13379 4.8878e-02 0.0000e+00
        615 212.809520    0.04264     2.5583    153.500     78.161  50326.168    31.7687     8.0233     77.416    6.73670     8.0051    24.7348   12.13458 4.8799e-02 0.0000e+00
        616 212.809523    0.04271     2.5625    153.750     78.396  50330.805    31.7711     8.0187     77.648    6.73729     7.9968    24.7373   12.13553 4.8700e-02 0.0000e+00
        617 212.809525    0.04278     2.5667    154.000     78.631  50336.225    31.7738     8.0127     77.881    6.73810     7.9858    24.7403   12.13683 4.8566e-02 0.0000e+00
        618 212.809528    0.04285     2.5708    154.250     78.865  50342.913    31.7771     8.0043     78.112    6.73923     7.9729    24.7441   12.13865 4.8423e-02 0.0000e+00
        619 212.809531    0.04292     2.5750    154.500     79.094  50352.582    31.7819     7.9934     78.339    6.74069     7.9593    24.7495   12.14101 4.8291e-02 0.0000e+00
        620 212.809534    0.04299     2.5792    154.750     79.318  50365.173    31.7886     7.9805     78.561    6.74237     7.9463    24.7565   12.14371 4.8182e-02 0.0000e+00
        621 212.809537    0.04306     2.5833    155.000     79.536  50378.678    31.7957     7.9669     78.777    6.74412     7.9342    24.7641   12.14651 4.8104e-02 0.0000e+00
        622 212.809540    0.04312     2.5875    155.250     79.749  50391.737    31.8027     7.9539     78.989    6.74581     7.9234    24.7714   12.14922 4.8053e-02 0.0000e+00
        623 212.809543    0.04319     2.5917    155.500     79.961  50404.055    31.8092     7.9418     79.198    6.74736     7.9141    24.7782   12.15172 4.8035e-02 0.0000e+00
        624 212.809546    0.04326     2.5958    155.750     80.174  50415.295    31.8153     7.9310     79.409    6.74875     7.9060    24.7845   12.15393 4.7991e-02 0.0000e+00
        625 212.809549    0.04333     2.6000    156.000     80.392  50424.536    31.8201     7.9217     79.625    6.74996     7.8986    24.7896   12.15587 4.7858e-02 0.0000e+00
        626 212.809552    0.04340     2.6042    156.250     80.617  50431.044    31.8233     7.9137     79.848    6.75105     7.8911    24.7933   12.15763 4.7685e-02 0.0000e+00
        627 212.809554    0.04347     2.6083    156.500     80.847  50435.265    31.8250     7.9063     80.075    6.75211     7.8828    24.7956   12.15937 4.7517e-02 0.0000e+00
        628 212.809557    0.04354     2.6125    156.750     81.076  50438.462    31.8259     7.8988     80.302    6.75322     7.8736    24.7974   12.16120 4.7360e-02 0.0000e+00
        629 212.809560    0.04361     2.6167    157.000     81.296  50442.103    31.8270     7.8905     80.520    6.75444     7.8642    24.7995   12.16320 4.7210e-02 0.0000e+00
        630 212.809563    0.04368     2.6208    157.250     81.501  50447.664    31.8293     7.8814     80.723    6.75574     7.8551    24.8026   12.16532 4.7080e-02 0.0000e+00
        631 212.809566    0.04375     2.6250    157.500     81.684  50455.364    31.8330     7.8719     80.904    6.75703     7.8469    24.8069   12.16740 4.6984e-02 0.0000e+00
        632 212.809569    0.04382     2.6292    157.750     81.843  50463.820    31.8374     7.8628     81.061    6.75823     7.8400    24.8116   12.16933 4.6913e-02 0.0000e+00
