CTD-processing/allCTD/CNV--turbid/2012_05-02_t4_s01_cast001.cnv
* Sea-Bird SBE19plus Data File:
* FileName = C:\Documents and Settings\glenn.seaman\My Documents\KHolderied-files\CTD-DATA-FILES\2012-05-LTM-LowerCookInlet-CTD\Transect4-2012-05-02\2012-05-02-LTM-Tran4-001.hex
* Software Version 1.59
* Temperature SN =  5028
* Conductivity SN =  5028
* System UpLoad Time = May 02 2012 16:14:21
** LTM Transect4-Barabara Pt to Bluff Pt
** Date: 2012-05-02
** Station:4-1
** Start time (AKDT-24hr):1316
** Depth (m):18
# nquan = 16
# nvalues = 392                         
# units = specified
# name 0 = scan: Scan Count
# name 1 = timeJ: Julian Days
# name 2 = timeH: Time, Elapsed [hours]
# name 3 = timeM: Time, Elapsed [minutes]
# name 4 = timeS: Time, Elapsed [seconds]
# name 5 = prdM: Pressure, Strain Gauge [db]
# name 6 = specc: Specific Conductance [uS/cm]
# name 7 = sal00: Salinity, Practical [PSU]
# name 8 = tv290C: Temperature [ITS-90, deg C]
# name 9 = depSM: Depth [salt water, m], lat = 59.00
# name 10 = oxsolML/L: Oxygen Saturation, Garcia & Gordon [ml/l]
# name 11 = potemp090C: Potential Temperature [ITS-90, deg C]
# name 12 = sigma-é00: Density [sigma-theta, kg/m^3]
# name 13 = n2satML/L: Nitrogen Saturation [ml/l]
# name 14 = par: PAR/Irradiance, Biospherical/Licor [umol photons/m^2/sec]
# name 15 = flag:  0.000e+00
# span 0 =          1,        392       
# span 1 = 123.552234, 123.553365       
# span 2 =    0.00000,    0.02715       
# span 3 =     0.0000,     1.6292       
# span 4 =      0.000,     97.750       
# span 5 =     -0.101,     18.324       
# span 6 =      1.082,  51082.797       
# span 7 =     0.0032,    31.7625       
# span 8 =     4.8211,     6.7135       
# span 9 =     -0.100,     18.152       
# span 10 =    7.20017,    8.56164      
# span 11 =     4.8198,     6.7135      
# span 12 =    -0.0800,    25.1103      
# span 13 =   12.90300,   15.62565      
# span 14 = 1.5516e+00, 1.4542e+03      
# span 15 = 0.0000e+00, 0.0000e+00      
# interval = seconds: 0.25
# start_time = May 02 2012 13:15:13 [Instrument's time stamp, header]
# bad_flag = -9.990e-29
*END*
[from data line 272]
        273 123.553021    0.01889     1.1333     68.000      0.681  50785.740    31.5844     5.1135      0.675    7.21719     5.1083    24.9560   12.93098 5.8191e+02 0.0000e+00
        274 123.553024    0.01896     1.1375     68.250      0.695  50765.100    31.5700     5.1125      0.688    7.21806     5.1000    24.9447   12.93260 5.8245e+02 0.0000e+00
        275 123.553027    0.01903     1.1417     68.500      0.717  50742.177    31.5533     5.1083      0.710    7.21958     5.0888    24.9319   12.93533 5.7417e+02 0.0000e+00
        276 123.553030    0.01910     1.1458     68.750      0.746  50728.705    31.5423     5.1000      0.739    7.22154     5.0774    24.9241   12.93871 5.8698e+02 0.0000e+00
        277 123.553032    0.01917     1.1500     69.000      0.778  50729.965    31.5407     5.0889      0.770    7.22355     5.0675    24.9241   12.94205 6.0424e+02 0.0000e+00
        278 123.553035    0.01924     1.1542     69.250      0.808  50739.421    31.5448     5.0775      0.800    7.22532     5.0596    24.9285   12.94493 6.1335e+02 0.0000e+00
        279 123.553038    0.01931     1.1583     69.500      0.830  50750.111    31.5500     5.0676      0.822    7.22677     5.0536    24.9337   12.94725 6.2354e+02 0.0000e+00
        280 123.553041    0.01938     1.1625     69.750      0.841  50759.953    31.5551     5.0597      0.833    7.22789     5.0496    24.9386   12.94903 6.4864e+02 0.0000e+00
        281 123.553044    0.01944     1.1667     70.000      0.837  50768.914    31.5600     5.0536      0.829    7.22870     5.0481    24.9431   12.95030 6.9353e+02 0.0000e+00
        282 123.553047    0.01951     1.1708     70.250      0.817  50775.947    31.5640     5.0497      0.810    7.22918     5.0484    24.9467   12.95106 7.3853e+02 0.0000e+00
        283 123.553050    0.01958     1.1750     70.500      0.783  50779.387    31.5660     5.0482      0.776    7.22935     5.0496    24.9485   12.95131 7.8150e+02 0.0000e+00
        284 123.553053    0.01965     1.1792     70.750      0.740  50779.428    31.5661     5.0485      0.733    7.22929     5.0508    24.9486   12.95121 8.3011e+02 0.0000e+00
        285 123.553056    0.01972     1.1833     71.000      0.693  50777.780    31.5652     5.0496      0.687    7.22914     5.0518    24.9478   12.95097 8.4687e+02 0.0000e+00
        286 123.553058    0.01979     1.1875     71.250      0.647  50775.871    31.5642     5.0508      0.641    7.22898     5.0526    24.9468   12.95071 8.1506e+02 0.0000e+00
        287 123.553061    0.01986     1.1917     71.500      0.607  50774.354    31.5634     5.0518      0.601    7.22884     5.0533    24.9461   12.95050 7.7779e+02 0.0000e+00
        288 123.553064    0.01993     1.1958     71.750      0.578  50773.319    31.5629     5.0526      0.573    7.22873     5.0538    24.9456   12.95032 7.3490e+02 0.0000e+00
        289 123.553067    0.02000     1.2000     72.000      0.566  50772.436    31.5625     5.0533      0.560    7.22864     5.0540    24.9451   12.95017 6.6559e+02 0.0000e+00
        290 123.553070    0.02007     1.2042     72.250      0.572  50771.449    31.5619     5.0538      0.567    7.22858     5.0539    24.9446   12.95009 5.9134e+02 0.0000e+00
        291 123.553073    0.02014     1.2083     72.500      0.600  50770.336    31.5612     5.0541      0.595    7.22857     5.0534    24.9440   12.95009 5.4020e+02 0.0000e+00
        292 123.553076    0.02021     1.2125     72.750      0.649  50769.317    31.5604     5.0540      0.643    7.22862     5.0524    24.9435   12.95018 5.3748e+02 0.0000e+00
        293 123.553079    0.02028     1.2167     73.000      0.716  50768.948    31.5600     5.0535      0.710    7.22873     5.0507    24.9432   12.95036 5.7651e+02 0.0000e+00
        294 123.553082    0.02035     1.2208     73.250      0.798  50769.425    31.5601     5.0525      0.791    7.22890     5.0479    24.9434   12.95063 6.2103e+02 0.0000e+00
        295 123.553084    0.02042     1.2250     73.500      0.893  50770.448    31.5604     5.0508      0.885    7.22917     5.0430    24.9438   12.95108 6.6030e+02 0.0000e+00
        296 123.553087    0.02049     1.2292     73.750      1.003  50772.017    31.5608     5.0480      0.994    7.22964     5.0351    24.9444   12.95185 6.7061e+02 0.0000e+00
        297 123.553090    0.02056     1.2333     74.000      1.130  50774.991    31.5617     5.0431      1.119    7.23044     5.0243    24.9457   12.95315 6.3451e+02 0.0000e+00
        298 123.553093    0.02063     1.2375     74.250      1.269  50782.018    31.5648     5.0352      1.258    7.23166     5.0124    24.9490   12.95513 5.9280e+02 0.0000e+00
        299 123.553096    0.02069     1.2417     74.500      1.416  50794.795    31.5712     5.0244      1.403    7.23322     5.0008    24.9552   12.95762 5.6264e+02 0.0000e+00
        300 123.553099    0.02076     1.2458     74.750      1.565  50810.925    31.5796     5.0125      1.551    7.23487     4.9893    24.9632   12.96024 5.2871e+02 0.0000e+00
        301 123.553102    0.02083     1.2500     75.000      1.712  50827.808    31.5887     5.0009      1.696    7.23644     4.9779    24.9716   12.96273 4.8993e+02 0.0000e+00
        302 123.553105    0.02090     1.2542     75.250      1.850  50845.279    31.5981     4.9894      1.833    7.23797     4.9673    24.9803   12.96513 4.5928e+02 0.0000e+00
        303 123.553108    0.02097     1.2583     75.500      1.976  50863.344    31.6080     4.9780      1.958    7.23947     4.9585    24.9894   12.96748 4.3673e+02 0.0000e+00
        304 123.553111    0.02104     1.2625     75.750      2.087  50880.555    31.6175     4.9674      2.068    7.24085     4.9518    24.9980   12.96964 4.1225e+02 0.0000e+00
        305 123.553113    0.02111     1.2667     76.000      2.183  50895.068    31.6255     4.9586      2.163    7.24198     4.9470    25.0053   12.97140 3.8942e+02 0.0000e+00
        306 123.553116    0.02118     1.2708     76.250      2.265  50906.264    31.6317     4.9520      2.244    7.24284     4.9440    25.0109   12.97273 3.6918e+02 0.0000e+00
        307 123.553119    0.02125     1.2750     76.500      2.338  50914.439    31.6363     4.9473      2.316    7.24344     4.9423    25.0151   12.97366 3.4931e+02 0.0000e+00
        308 123.553122    0.02132     1.2792     76.750      2.412  50919.938    31.6394     4.9443      2.390    7.24381     4.9412    25.0178   12.97423 3.2982e+02 0.0000e+00
        309 123.553125    0.02139     1.2833     77.000      2.505  50923.057    31.6411     4.9426      2.482    7.24402     4.9398    25.0194   12.97455 3.1219e+02 0.0000e+00
        310 123.553128    0.02146     1.2875     77.250      2.636  50924.583    31.6419     4.9415      2.611    7.24417     4.9373    25.0201   12.97480 2.9455e+02 0.0000e+00
        311 123.553131    0.02153     1.2917     77.500      2.809  50926.286    31.6426     4.9400      2.783    7.24439     4.9338    25.0208   12.97515 2.7443e+02 0.0000e+00
        312 123.553134    0.02160     1.2958     77.750      3.014  50929.984    31.6445     4.9375      2.985    7.24473     4.9298    25.0226   12.97569 2.5458e+02 0.0000e+00
        313 123.553137    0.02167     1.3000     78.000      3.234  50936.122    31.6478     4.9340      3.204    7.24517     4.9256    25.0256   12.97638 2.3503e+02 0.0000e+00
        314 123.553139    0.02174     1.3042     78.250      3.459  50944.436    31.6526     4.9300      3.427    7.24564     4.9213    25.0298   12.97708 2.1434e+02 0.0000e+00
        315 123.553142    0.02181     1.3083     78.500      3.680  50955.069    31.6588     4.9258      3.646    7.24606     4.9173    25.0353   12.97770 1.9348e+02 0.0000e+00
        316 123.553145    0.02187     1.3125     78.750      3.895  50967.041    31.6660     4.9216      3.858    7.24644     4.9138    25.0414   12.97824 1.7379e+02 0.0000e+00
        317 123.553148    0.02194     1.3167     79.000      4.101  50978.004    31.6726     4.9176      4.063    7.24682     4.9109    25.0471   12.97878 1.5692e+02 0.0000e+00
        318 123.553151    0.02201     1.3208     79.250      4.301  50986.856    31.6778     4.9141      4.260    7.24718     4.9087    25.0516   12.97931 1.4324e+02 0.0000e+00
        319 123.553154    0.02208     1.3250     79.500      4.495  50993.862    31.6819     4.9112      4.453    7.24747     4.9069    25.0551   12.97974 1.3156e+02 0.0000e+00
        320 123.553157    0.02215     1.3292     79.750      4.690  50999.389    31.6852     4.9090      4.646    7.24770     4.9053    25.0579   12.98007 1.2104e+02 0.0000e+00
        321 123.553160    0.02222     1.3333     80.000      4.890  51003.640    31.6876     4.9072      4.844    7.24789     4.9038    25.0600   12.98036 1.1093e+02 0.0000e+00
        322 123.553163    0.02229     1.3375     80.250      5.098  51006.760    31.6893     4.9057      5.050    7.24808     4.9024    25.0615   12.98064 1.0053e+02 0.0000e+00
        323 123.553166    0.02236     1.3417     80.500      5.317  51008.916    31.6903     4.9042      5.267    7.24829     4.9008    25.0625   12.98097 8.9789e+01 0.0000e+00
        324 123.553168    0.02243     1.3458     80.750      5.547  51010.370    31.6909     4.9027      5.496    7.24851     4.8990    25.0631   12.98134 7.9297e+01 0.0000e+00
        325 123.553171    0.02250     1.3500     81.000      5.789  51011.786    31.6914     4.9011      5.735    7.24876     4.8972    25.0637   12.98174 6.9864e+01 0.0000e+00
        326 123.553174    0.02257     1.3542     81.250      6.037  51013.794    31.6922     4.8994      5.981    7.24902     4.8955    25.0646   12.98216 6.1987e+01 0.0000e+00
        327 123.553177    0.02264     1.3583     81.500      6.286  51016.294    31.6934     4.8976      6.227    7.24929     4.8941    25.0657   12.98258 5.5656e+01 0.0000e+00
        328 123.553180    0.02271     1.3625     81.750      6.529  51018.637    31.6946     4.8959      6.468    7.24952     4.8930    25.0668   12.98295 5.0598e+01 0.0000e+00
        329 123.553183    0.02278     1.3667     82.000      6.761  51020.219    31.6952     4.8946      6.698    7.24972     4.8920    25.0675   12.98327 4.6498e+01 0.0000e+00
        330 123.553186    0.02285     1.3708     82.250      6.980  51020.770    31.6953     4.8935      6.915    7.24991     4.8913    25.0676   12.98359 4.3101e+01 0.0000e+00
        331 123.553189    0.02292     1.3750     82.500      7.182  51020.891    31.6951     4.8926      7.115    7.25008     4.8908    25.0676   12.98388 4.0237e+01 0.0000e+00
        332 123.553192    0.02299     1.3792     82.750      7.370  51021.814    31.6954     4.8918      7.301    7.25020     4.8908    25.0679   12.98406 3.7781e+01 0.0000e+00
        333 123.553194    0.02306     1.3833     83.000      7.547  51023.440    31.6964     4.8913      7.477    7.25023     4.8910    25.0687   12.98410 3.5597e+01 0.0000e+00
        334 123.553197    0.02313     1.3875     83.250      7.719  51024.523    31.6970     4.8913      7.647    7.25021     4.8913    25.0692   12.98405 3.3534e+01 0.0000e+00
        335 123.553200    0.02319     1.3917     83.500      7.891  51024.832    31.6972     4.8915      7.817    7.25015     4.8916    25.0693   12.98396 3.1486e+01 0.0000e+00
        336 123.553203    0.02326     1.3958     83.750      8.069  51024.906    31.6972     4.8919      7.994    7.25009     4.8918    25.0693   12.98386 2.9438e+01 0.0000e+00
        337 123.553206    0.02333     1.4000     84.000      8.258  51024.985    31.6973     4.8922      8.181    7.25004     4.8919    25.0693   12.98377 2.7408e+01 0.0000e+00
        338 123.553209    0.02340     1.4042     84.250      8.460  51025.011    31.6972     4.8924      8.381    7.25000     4.8918    25.0693   12.98371 2.5415e+01 0.0000e+00
        339 123.553212    0.02347     1.4083     84.500      8.676  51024.914    31.6971     4.8925      8.595    7.24999     4.8916    25.0692   12.98369 2.3485e+01 0.0000e+00
        340 123.553215    0.02354     1.4125     84.750      8.904  51024.751    31.6969     4.8925      8.821    7.25001     4.8913    25.0690   12.98373 2.1656e+01 0.0000e+00
        341 123.553218    0.02361     1.4167     85.000      9.141  51024.464    31.6965     4.8923      9.056    7.25006     4.8906    25.0687   12.98382 1.9963e+01 0.0000e+00
        342 123.553220    0.02368     1.4208     85.250      9.382  51023.728    31.6958     4.8919      9.294    7.25016     4.8897    25.0682   12.98399 1.8433e+01 0.0000e+00
        343 123.553223    0.02375     1.4250     85.500      9.622  51022.255    31.6945     4.8913      9.532    7.25033     4.8884    25.0673   12.98429 1.7073e+01 0.0000e+00
        344 123.553226    0.02382     1.4292     85.750      9.858  51020.665    31.6931     4.8904      9.766    7.25056     4.8868    25.0662   12.98469 1.5871e+01 0.0000e+00
        345 123.553229    0.02389     1.4333     86.000     10.088  51019.834    31.6921     4.8891      9.994    7.25083     4.8853    25.0656   12.98515 1.4803e+01 0.0000e+00
        346 123.553232    0.02396     1.4375     86.250     10.312  51020.095    31.6919     4.8875     10.216    7.25111     4.8841    25.0656   12.98561 1.3843e+01 0.0000e+00
        347 123.553235    0.02403     1.4417     86.500     10.527  51021.423    31.6923     4.8860     10.429    7.25135     4.8834    25.0661   12.98600 1.2970e+01 0.0000e+00
        348 123.553238    0.02410     1.4458     86.750     10.735  51023.345    31.6933     4.8848     10.634    7.25151     4.8832    25.0670   12.98625 1.2174e+01 0.0000e+00
        349 123.553241    0.02417     1.4500     87.000     10.935  51025.455    31.6945     4.8841     10.832    7.25157     4.8834    25.0680   12.98634 1.1447e+01 0.0000e+00
        350 123.553244    0.02424     1.4542     87.250     11.128  51027.168    31.6956     4.8840     11.024    7.25155     4.8838    25.0689   12.98629 1.0774e+01 0.0000e+00
        351 123.553247    0.02431     1.4583     87.500     11.317  51027.846    31.6960     4.8842     11.211    7.25149     4.8841    25.0692   12.98618 1.0142e+01 0.0000e+00
        352 123.553249    0.02438     1.4625     87.750     11.504  51027.756    31.6959     4.8846     11.396    7.25142     4.8843    25.0691   12.98608 9.5423e+00 0.0000e+00
        353 123.553252    0.02444     1.4667     88.000     11.690  51027.476    31.6957     4.8850     11.581    7.25137     4.8842    25.0689   12.98600 8.9726e+00 0.0000e+00
        354 123.553255    0.02451     1.4708     88.250     11.878  51026.406    31.6949     4.8852     11.767    7.25138     4.8833    25.0682   12.98602 8.4341e+00 0.0000e+00
        355 123.553258    0.02458     1.4750     88.500     12.070  51023.593    31.6928     4.8851     11.957    7.25150     4.8813    25.0666   12.98624 7.9266e+00 0.0000e+00
        356 123.553261    0.02465     1.4792     88.750     12.267  51019.384    31.6897     4.8842     12.152    7.25180     4.8780    25.0642   12.98677 7.4500e+00 0.0000e+00
        357 123.553264    0.02472     1.4833     89.000     12.467  51015.218    31.6863     4.8822     12.350    7.25231     4.8740    25.0618   12.98767 7.0082e+00 0.0000e+00
        358 123.553267    0.02479     1.4875     89.250     12.667  51013.901    31.6846     4.8789     12.548    7.25297     4.8707    25.0608   12.98878 6.6093e+00 0.0000e+00
        359 123.553270    0.02486     1.4917     89.500     12.863  51017.075    31.6858     4.8750     12.743    7.25360     4.8685    25.0621   12.98980 6.2632e+00 0.0000e+00
        360 123.553273    0.02493     1.4958     89.750     13.052  51021.311    31.6879     4.8716     12.929    7.25407     4.8666    25.0641   12.99056 5.9745e+00 0.0000e+00
        361 123.553275    0.02500     1.5000     90.000     13.227  51022.483    31.6881     4.8694     13.103    7.25444     4.8640    25.0646   12.99116 5.7379e+00 0.0000e+00
