CTD-processing/allCTD/CNV--turbid/2012_06-25_subbays_halibuta_cast128.cnv
* Sea-Bird SBE19plus Data File:
* FileName = C:\Documents and Settings\glenn.seaman\My Documents\KHolderied-files\CTD-DATA-FILES\2012-CTD-KachemakBay\2012-06-25-CTD-KachemakBay-subbays\2012-06-25-KBay-subbays-cast128.hex
* Software Version 1.59
* Temperature SN =  5028
* Conductivity SN =  5028
* System UpLoad Time = Jun 27 2012 00:45:38
** KachemakBay-Subbay-Survey
** Date: 2012-06-25
** Station: Halibut Cove A - near mouth on east side
** Start time (AKDT-24hr): 2007
** Depth (ft): 234
** Lat: 59d 36.505m N
** Long: 151d 14.615m W
** Winds southwesterly 10 kts. Seas westerly 1 ft. Rain.
# nquan = 16
# nvalues = 512                         
# units = specified
# name 0 = scan: Scan Count
# name 1 = timeJ: Julian Days
# name 2 = timeH: Time, Elapsed [hours]
# name 3 = timeM: Time, Elapsed [minutes]
# name 4 = timeS: Time, Elapsed [seconds]
# name 5 = prdM: Pressure, Strain Gauge [db]
# name 6 = specc: Specific Conductance [uS/cm]
# name 7 = sal00: Salinity, Practical [PSU]
# name 8 = tv290C: Temperature [ITS-90, deg C]
# name 9 = depSM: Depth [salt water, m], lat = 59.00
# name 10 = oxsolML/L: Oxygen Saturation, Garcia & Gordon [ml/l]
# name 11 = potemp090C: Potential Temperature [ITS-90, deg C]
# name 12 = sigma-é00: Density [sigma-theta, kg/m^3]
# name 13 = n2satML/L: Nitrogen Saturation [ml/l]
# name 14 = par: PAR/Irradiance, Biospherical/Licor [umol photons/m^2/sec]
# name 15 = flag:  0.000e+00
# span 0 =          1,        512       
# span 1 = 177.838773, 177.840252       
# span 2 =    0.00000,    0.03549       
# span 3 =     0.0000,     2.1292       
# span 4 =      0.000,    127.750       
# span 5 =     -0.188,     67.677       
# span 6 =    617.188,  50601.388       
# span 7 =     0.2944,    31.5050       
# span 8 =     5.4960,    11.7961       
# span 9 =     -0.186,     67.033       
# span 10 =    6.35978,    8.07085      
# span 11 =     5.4909,    11.7960      
# span 12 =     0.0149,    24.8512      
# span 13 =   11.55653,   14.79398      
# span 14 = 4.6771e-02, 4.8744e+01      
# span 15 = 0.0000e+00, 0.0000e+00      
# interval = seconds: 0.25
# start_time = Jun 25 2012 20:07:50 [Instrument's time stamp, header]
# bad_flag = -9.990e-29
*END*
          1 177.838773    0.00000     0.0000      0.000     -0.187   1227.554     0.6012     9.0267     -0.186    8.05252     9.0266     0.2560   14.75842 3.0796e+01 0.0000e+00
          2 177.838776    0.00007     0.0042      0.250     -0.187   1212.889     0.5937     9.0266     -0.185    8.05291     9.0266     0.2501   14.75919 3.1414e+01 0.0000e+00
          3 177.838779    0.00014     0.0083      0.500     -0.187   1197.271     0.5857     9.0266     -0.185    8.05333     9.0266     0.2438   14.76001 3.2020e+01 0.0000e+00
          4 177.838782    0.00021     0.0125      0.750     -0.188   1184.891     0.5794     9.0266     -0.186    8.05366     9.0266     0.2388   14.76066 3.2371e+01 0.0000e+00
          5 177.838785    0.00028     0.0167      1.000     -0.188   1178.073     0.5759     9.0266     -0.186    8.05383     9.0267     0.2361   14.76101 3.2507e+01 0.0000e+00
          6 177.838788    0.00035     0.0208      1.250     -0.187   1176.309     0.5750     9.0266     -0.186    8.05388     9.0267     0.2354   14.76110 3.2766e+01 0.0000e+00
          7 177.838791    0.00042     0.0250      1.500     -0.187   1176.161     0.5750     9.0267     -0.185    8.05388     9.0267     0.2353   14.76110 3.3461e+01 0.0000e+00
          8 177.838793    0.00049     0.0292      1.750     -0.186   1173.599     0.5737     9.0267     -0.185    8.05394     9.0266     0.2343   14.76124 3.4448e+01 0.0000e+00
          9 177.838796    0.00056     0.0333      2.000     -0.186   1166.932     0.5703     9.0267     -0.185    8.05412     9.0266     0.2316   14.76159 3.5346e+01 0.0000e+00
         10 177.838799    0.00063     0.0375      2.250     -0.186   1157.065     0.5652     9.0266     -0.185    8.05439     9.0265     0.2276   14.76211 3.6027e+01 0.0000e+00
         11 177.838802    0.00069     0.0417      2.500     -0.187   1145.924     0.5596     9.0266     -0.185    8.05469     9.0264     0.2232   14.76271 3.6591e+01 0.0000e+00
         12 177.838805    0.00076     0.0458      2.750     -0.187   1136.216     0.5546     9.0265     -0.185    8.05495     9.0263     0.2193   14.76323 3.7184e+01 0.0000e+00
         13 177.838808    0.00083     0.0500      3.000     -0.187   1130.156     0.5515     9.0264     -0.185    8.05513     9.0261     0.2169   14.76358 3.7876e+01 0.0000e+00
         14 177.838811    0.00090     0.0542      3.250     -0.187   1125.972     0.5494     9.0263     -0.185    8.05526     9.0260     0.2152   14.76383 3.8692e+01 0.0000e+00
         15 177.838814    0.00097     0.0583      3.500     -0.187   1118.365     0.5455     9.0261     -0.185    8.05549     9.0258     0.2122   14.76428 3.9645e+01 0.0000e+00
         16 177.838817    0.00104     0.0625      3.750     -0.187   1103.830     0.5382     9.0260     -0.185    8.05591     9.0256     0.2064   14.76509 4.0641e+01 0.0000e+00
         17 177.838819    0.00111     0.0667      4.000     -0.186   1083.139     0.5277     9.0258     -0.185    8.05649     9.0254     0.1981   14.76622 4.1539e+01 0.0000e+00
         18 177.838822    0.00118     0.0708      4.250     -0.186   1059.629     0.5158     9.0256     -0.185    8.05714     9.0252     0.1887   14.76750 4.2288e+01 0.0000e+00
         19 177.838825    0.00125     0.0750      4.500     -0.186   1037.175     0.5044     9.0254     -0.184    8.05777     9.0250     0.1798   14.76873 4.2909e+01 0.0000e+00
         20 177.838828    0.00132     0.0792      4.750     -0.186   1018.212     0.4948     9.0252     -0.184    8.05831     9.0248     0.1722   14.76979 4.3344e+01 0.0000e+00
         21 177.838831    0.00139     0.0833      5.000     -0.186   1002.662     0.4869     9.0250     -0.185    8.05876     9.0246     0.1660   14.77066 4.3468e+01 0.0000e+00
         22 177.838834    0.00146     0.0875      5.250     -0.186    988.208     0.4796     9.0248     -0.185    8.05918     9.0243     0.1603   14.77149 4.3328e+01 0.0000e+00
         23 177.838837    0.00153     0.0917      5.500     -0.186    971.935     0.4714     9.0245     -0.185    8.05965     9.0241     0.1538   14.77241 4.3147e+01 0.0000e+00
         24 177.838840    0.00160     0.0958      5.750     -0.186    952.595     0.4617     9.0243     -0.185    8.06020     9.0238     0.1461   14.77348 4.3111e+01 0.0000e+00
         25 177.838843    0.00167     0.1000      6.000     -0.187    931.122     0.4508     9.0240     -0.185    8.06081     9.0236     0.1376   14.77467 4.3277e+01 0.0000e+00
         26 177.838845    0.00174     0.1042      6.250     -0.187    909.577     0.4400     9.0238     -0.185    8.06142     9.0233     0.1291   14.77587 4.3611e+01 0.0000e+00
         27 177.838848    0.00181     0.1083      6.500     -0.187    889.761     0.4301     9.0235     -0.185    8.06199     9.0230     0.1213   14.77697 4.4026e+01 0.0000e+00
         28 177.838851    0.00187     0.1125      6.750     -0.186    872.471     0.4214     9.0233     -0.185    8.06249     9.0228     0.1145   14.77794 4.4385e+01 0.0000e+00
         29 177.838854    0.00194     0.1167      7.000     -0.186    857.747     0.4140     9.0230     -0.185    8.06292     9.0225     0.1087   14.77879 4.4554e+01 0.0000e+00
         30 177.838857    0.00201     0.1208      7.250     -0.187    845.152     0.4076     9.0228     -0.185    8.06329     9.0223     0.1037   14.77952 4.4506e+01 0.0000e+00
         31 177.838860    0.00208     0.1250      7.500     -0.187    834.185     0.4021     9.0225     -0.185    8.06362     9.0220     0.0994   14.78016 4.4265e+01 0.0000e+00
         32 177.838863    0.00215     0.1292      7.750     -0.187    824.710     0.3974     9.0222     -0.185    8.06392     9.0217     0.0957   14.78074 4.3801e+01 0.0000e+00
         33 177.838866    0.00222     0.1333      8.000     -0.187    816.494     0.3933     9.0220     -0.185    8.06419     9.0214     0.0924   14.78125 4.3115e+01 0.0000e+00
         34 177.838869    0.00229     0.1375      8.250     -0.187    808.502     0.3893     9.0217     -0.185    8.06446     9.0211     0.0893   14.78176 4.2267e+01 0.0000e+00
         35 177.838872    0.00236     0.1417      8.500     -0.187    799.094     0.3846     9.0214     -0.185    8.06476     9.0208     0.0856   14.78233 4.1298e+01 0.0000e+00
         36 177.838874    0.00243     0.1458      8.750     -0.187    787.651     0.3789     9.0211     -0.185    8.06511     9.0205     0.0811   14.78301 4.0260e+01 0.0000e+00
         37 177.838877    0.00250     0.1500      9.000     -0.187    775.526     0.3728     9.0208     -0.185    8.06547     9.0202     0.0764   14.78372 3.9194e+01 0.0000e+00
         38 177.838880    0.00257     0.1542      9.250     -0.187    764.715     0.3675     9.0205     -0.185    8.06581     9.0199     0.0721   14.78437 3.8083e+01 0.0000e+00
         39 177.838883    0.00264     0.1583      9.500     -0.187    756.223     0.3632     9.0202     -0.185    8.06609     9.0196     0.0688   14.78491 3.6967e+01 0.0000e+00
         40 177.838886    0.00271     0.1625      9.750     -0.187    749.584     0.3599     9.0199     -0.185    8.06632     9.0193     0.0662   14.78535 3.6104e+01 0.0000e+00
         41 177.838889    0.00278     0.1667     10.000     -0.187    743.459     0.3569     9.0196     -0.185    8.06653     9.0190     0.0639   14.78576 3.5718e+01 0.0000e+00
         42 177.838892    0.00285     0.1708     10.250     -0.187    736.448     0.3534     9.0193     -0.185    8.06677     9.0187     0.0612   14.78622 3.5505e+01 0.0000e+00
         43 177.838895    0.00292     0.1750     10.500     -0.187    727.558     0.3490     9.0190     -0.185    8.06707     9.0184     0.0577   14.78678 3.5037e+01 0.0000e+00
         44 177.838898    0.00299     0.1792     10.750     -0.187    716.619     0.3435     9.0187     -0.185    8.06741     9.0181     0.0534   14.78744 3.4438e+01 0.0000e+00
         45 177.838900    0.00306     0.1833     11.000     -0.187    704.434     0.3375     9.0184     -0.185    8.06778     9.0178     0.0487   14.78816 3.4052e+01 0.0000e+00
         46 177.838903    0.00313     0.1875     11.250     -0.186    692.197     0.3314     9.0181     -0.185    8.06816     9.0175     0.0439   14.78889 3.4024e+01 0.0000e+00
         47 177.838906    0.00319     0.1917     11.500     -0.186    680.899     0.3258     9.0178     -0.185    8.06851     9.0171     0.0395   14.78957 3.4268e+01 0.0000e+00
         48 177.838909    0.00326     0.1958     11.750     -0.187    671.136     0.3210     9.0174     -0.185    8.06882     9.0168     0.0357   14.79017 3.4485e+01 0.0000e+00
         49 177.838912    0.00333     0.2000     12.000     -0.187    663.037     0.3170     9.0171     -0.185    8.06910     9.0164     0.0326   14.79069 3.4374e+01 0.0000e+00
         50 177.838915    0.00340     0.2042     12.250     -0.187    656.375     0.3137     9.0168     -0.185    8.06933     9.0161     0.0300   14.79114 3.3886e+01 0.0000e+00
         51 177.838918    0.00347     0.2083     12.500     -0.187    650.829     0.3109     9.0164     -0.185    8.06954     9.0157     0.0278   14.79153 3.3404e+01 0.0000e+00
         52 177.838921    0.00354     0.2125     12.750     -0.187    645.863     0.3085     9.0161     -0.185    8.06974     9.0154     0.0259   14.79190 3.3474e+01 0.0000e+00
         53 177.838924    0.00361     0.2167     13.000     -0.187    640.613     0.3059     9.0157     -0.185    8.06994     9.0152     0.0239   14.79227 3.4102e+01 0.0000e+00
         54 177.838927    0.00368     0.2208     13.250     -0.187    634.503     0.3029     9.0154     -0.185    8.07015     9.0149     0.0215   14.79268 3.4844e+01 0.0000e+00
         55 177.838929    0.00375     0.2250     13.500     -0.187    627.913     0.2996     9.0151     -0.185    8.07038     9.0145     0.0190   14.79311 3.5442e+01 0.0000e+00
         56 177.838932    0.00382     0.2292     13.750     -0.186    621.956     0.2967     9.0148     -0.184    8.07059     9.0142     0.0167   14.79351 3.5920e+01 0.0000e+00
         57 177.838935    0.00389     0.2333     14.000     -0.186    617.934     0.2947     9.0145     -0.184    8.07075     9.0138     0.0152   14.79382 3.6355e+01 0.0000e+00
         58 177.838938    0.00396     0.2375     14.250     -0.187    617.188     0.2944     9.0142     -0.185    8.07084     9.0135     0.0149   14.79396 3.6845e+01 0.0000e+00
         59 177.838941    0.00403     0.2417     14.500     -0.187    618.972     0.2953     9.0138     -0.185    8.07085     9.0132     0.0157   14.79398 3.7595e+01 0.0000e+00
         60 177.838944    0.00410     0.2458     14.750     -0.187    621.378     0.2965     9.0135     -0.185    8.07085     9.0129     0.0167   14.79396 3.8815e+01 0.0000e+00
         61 177.838947    0.00417     0.2500     15.000     -0.187    625.607     0.2987     9.0132     -0.185    8.07080     9.0126     0.0184   14.79384 4.0405e+01 0.0000e+00
         62 177.838950    0.00424     0.2542     15.250     -0.187    634.233     0.3032     9.0129     -0.185    8.07063     9.0124     0.0219   14.79349 4.2004e+01 0.0000e+00
         63 177.838953    0.00431     0.2583     15.500     -0.187    648.209     0.3103     9.0126     -0.185    8.07032     9.0122     0.0276   14.79285 4.3373e+01 0.0000e+00
         64 177.838955    0.00438     0.2625     15.750     -0.187    668.107     0.3206     9.0124     -0.185    8.06984     9.0121     0.0357   14.79188 4.4291e+01 0.0000e+00
         65 177.838958    0.00444     0.2667     16.000     -0.187    698.009     0.3361     9.0122     -0.185    8.06908     9.0121     0.0480   14.79037 4.4663e+01 0.0000e+00
         66 177.838961    0.00451     0.2708     16.250     -0.187    749.475     0.3628     9.0121     -0.185    8.06773     9.0122     0.0690   14.78770 4.4756e+01 0.0000e+00
         67 177.838964    0.00458     0.2750     16.500     -0.188    840.854     0.4101     9.0121     -0.186    8.06531     9.0125     0.1062   14.78292 4.4874e+01 0.0000e+00
         68 177.838967    0.00465     0.2792     16.750     -0.188    987.947     0.4862     9.0122     -0.186    8.06139     9.0132     0.1661   14.77517 4.5166e+01 0.0000e+00
         69 177.838970    0.00472     0.2833     17.000     -0.188   1198.632     0.5961     9.0125     -0.186    8.05572     9.0145     0.2525   14.76397 4.5614e+01 0.0000e+00
         70 177.838973    0.00479     0.2875     17.250     -0.187   1454.659     0.7312     9.0132     -0.185    8.04872     9.0169     0.3587   14.75016 4.6143e+01 0.0000e+00
         71 177.838976    0.00486     0.2917     17.500     -0.187   1717.160     0.8731     9.0145     -0.185    8.04133     9.0211     0.4700   14.73565 4.6774e+01 0.0000e+00
         72 177.838979    0.00493     0.2958     17.750     -0.186   1987.667     1.0242     9.0169     -0.184    8.03341     9.0283     0.5881   14.72013 4.7542e+01 0.0000e+00
         73 177.838981    0.00500     0.3000     18.000     -0.185   2308.503     1.2093     9.0211     -0.183    8.02363     9.0403     0.7325   14.70105 4.8276e+01 0.0000e+00
         74 177.838984    0.00507     0.3042     18.250     -0.183   2716.759     1.4525     9.0283     -0.181    8.01068     9.0606     0.9217   14.67590 4.8715e+01 0.0000e+00
         75 177.838987    0.00514     0.3083     18.500     -0.180   3262.142     1.7874     9.0403     -0.178    7.99271     9.0946     1.1814   14.64113 4.8744e+01 0.0000e+00
         76 177.838990    0.00521     0.3125     18.750     -0.176   4068.372     2.2919     9.0606     -0.174    7.96551     9.1515     1.5721   14.58863 4.8340e+01 0.0000e+00
         77 177.838993    0.00528     0.3167     19.000     -0.168   5369.292     3.1103     9.0946     -0.167    7.92128     9.2464     2.2056   14.50334 4.7574e+01 0.0000e+00
         78 177.838996    0.00535     0.3208     19.250     -0.156   7524.555     4.4679     9.1515     -0.154    7.84789     9.4047     3.2563   14.36181 4.6588e+01 0.0000e+00
         79 177.838999    0.00542     0.3250     19.500     -0.135  11108.985     6.7265     9.2464     -0.134    7.72572     9.6589     5.0044   14.12626 4.5518e+01 0.0000e+00
         80 177.839002    0.00549     0.3292     19.750     -0.101  17091.764    10.4955     9.4048     -0.100    7.52185    10.0062     7.9214   13.73316 4.4437e+01 0.0000e+00
         81 177.839005    0.00556     0.3333     20.000     -0.054  25080.842    15.5577     9.6590     -0.053    7.24311    10.3847    11.8326   13.19756 4.3350e+01 0.0000e+00
         82 177.839008    0.00562     0.3375     20.250      0.004  32356.914    20.2227    10.0062      0.004    6.97182    10.7309    15.4187   12.68096 4.2187e+01 0.0000e+00
         83 177.839010    0.00569     0.3417     20.500      0.066  37162.932    23.3374    10.3847      0.065    6.77052    11.0184    17.7893   12.30293 4.0784e+01 0.0000e+00
         84 177.839013    0.00576     0.3458     20.750      0.131  39958.567    25.1567    10.7310      0.130    6.63499    11.2408    19.1535   12.05221 3.9071e+01 0.0000e+00
         85 177.839016    0.00583     0.3500     21.000      0.200  41554.761    26.1993    11.0184      0.198    6.54460    11.4015    19.9206   11.88728 3.6944e+01 0.0000e+00
         86 177.839019    0.00590     0.3542     21.250      0.269  42451.648    26.7870    11.2408      0.267    6.48499    11.5100    20.3430   11.77985 3.3901e+01 0.0000e+00
         87 177.839022    0.00597     0.3583     21.500      0.339  42945.955    27.1115    11.4016      0.336    6.44661    11.5773    20.5700   11.71139 3.0398e+01 0.0000e+00
         88 177.839025    0.00604     0.3625     21.750      0.405  43212.829    27.2865    11.5101      0.401    6.42273    11.6126    20.6888   11.66912 2.7793e+01 0.0000e+00
         89 177.839028    0.00611     0.3667     22.000      0.463  43353.952    27.3784    11.5774      0.459    6.40863    11.6237    20.7496   11.64430 2.6274e+01 0.0000e+00
         90 177.839031    0.00618     0.3708     22.250      0.510  43429.631    27.4269    11.6127      0.505    6.40113    11.6200    20.7817   11.63108 2.5432e+01 0.0000e+00
