CTD-processing/allCTD/CNV--turbid/2012-08-15-cookinlet-tran9-cast030-s05.cnv
* Sea-Bird SBE19plus Data File:
* FileName = C:\Documents and Settings\kris.holderied.local\My Documents\2012-08-15-CTD-HomerSpit\2012-08-15-HomerSpitLine-cast030.hex
* Software Version 1.54
* Temperature SN =  5028
* Conductivity SN =  5028
* System UpLoad Time = Aug 23 2012 21:57:10
** Kachemak Bay Homer Spit Line CTD
** Date:  2012-08-15
** Station:9-05
** Start time (AKDT-24 hr): 1459
** Depth (ft): 314
** Comment:None
# nquan = 16
# nvalues = 555                         
# units = specified
# name 0 = scan: Scan Count
# name 1 = timeJ: Julian Days
# name 2 = timeH: Time, Elapsed [hours]
# name 3 = timeM: Time, Elapsed [minutes]
# name 4 = timeS: Time, Elapsed [seconds]
# name 5 = prdM: Pressure, Strain Gauge [db]
# name 6 = specc: Specific Conductance [uS/cm]
# name 7 = sal00: Salinity, Practical [PSU]
# name 8 = tv290C: Temperature [ITS-90, deg C]
# name 9 = depSM: Depth [salt water, m], lat = 59.00
# name 10 = oxsolML/L: Oxygen Saturation, Garcia & Gordon [ml/l]
# name 11 = potemp090C: Potential Temperature [ITS-90, deg C]
# name 12 = sigma-é00: Density [sigma-theta, kg/m^3]
# name 13 = n2satML/L: Nitrogen Saturation [ml/l]
# name 14 = par: PAR/Irradiance, Biospherical/Licor [umol photons/m^2/sec]
# name 15 = flag:  0.000e+00
# span 0 =          1,        555       
# span 1 = 228.623391, 228.624994       
# span 2 =    0.00000,    0.03847       
# span 3 =     0.0000,     2.3083       
# span 4 =      0.000,    138.500       
# span 5 =      0.007,     90.797       
# span 6 =   2384.475,  49627.741       
# span 7 =     1.2194,    31.3028       
# span 8 =     8.2033,    12.5925       
# span 9 =      0.007,     89.929       
# span 10 =    6.31241,    7.55831      
# span 11 =     8.1945,    12.5924      
# span 12 =     0.5005,    24.3438      
# span 13 =   11.48233,   13.91437      
# span 14 = 6.1703e-02, 4.1644e+02      
# span 15 = 0.0000e+00, 0.0000e+00      
# interval = seconds: 0.25
# start_time = Aug 15 2012 14:57:41 [Instrument's time stamp, header]
# bad_flag = -9.990e-29
*END*
[from data line 181]
        182 228.623915    0.01257     0.7542     45.250      1.339  44248.379    27.9995    11.7446      1.326    6.35898    11.7500    21.2038   11.55395 2.7590e+02 0.0000e+00
        183 228.623918    0.01264     0.7583     45.500      1.315  44239.652    27.9936    11.7476      1.303    6.35881    11.7516    21.1987   11.55373 2.7712e+02 0.0000e+00
        184 228.623921    0.01271     0.7625     45.750      1.300  44227.664    27.9855    11.7501      1.288    6.35879    11.7521    21.1920   11.55380 2.7537e+02 0.0000e+00
        185 228.623924    0.01278     0.7667     46.000      1.299  44216.018    27.9775    11.7517      1.287    6.35890    11.7515    21.1855   11.55408 2.7380e+02 0.0000e+00
        186 228.623927    0.01285     0.7708     46.250      1.313  44207.506    27.9716    11.7522      1.301    6.35907    11.7501    21.1808   11.55443 2.7377e+02 0.0000e+00
        187 228.623929    0.01292     0.7750     46.500      1.336  44203.687    27.9688    11.7517      1.324    6.35926    11.7484    21.1788   11.55477 2.7415e+02 0.0000e+00
        188 228.623932    0.01299     0.7792     46.750      1.359  44206.484    27.9706    11.7503      1.347    6.35937    11.7472    21.1804   11.55494 2.7398e+02 0.0000e+00
        189 228.623935    0.01306     0.7833     47.000      1.373  44215.564    27.9768    11.7485      1.360    6.35936    11.7475    21.1855   11.55485 2.7300e+02 0.0000e+00
        190 228.623938    0.01313     0.7875     47.250      1.371  44225.744    27.9839    11.7473      1.359    6.35924    11.7494    21.1912   11.55456 2.7279e+02 0.0000e+00
        191 228.623941    0.01319     0.7917     47.500      1.356  44230.935    27.9875    11.7476      1.343    6.35905    11.7520    21.1940   11.55421 2.7494e+02 0.0000e+00
        192 228.623944    0.01326     0.7958     47.750      1.333  44228.274    27.9858    11.7495      1.320    6.35886    11.7543    21.1923   11.55392 2.7907e+02 0.0000e+00
        193 228.623947    0.01333     0.8000     48.000      1.311  44219.145    27.9797    11.7521      1.299    6.35875    11.7556    21.1871   11.55382 2.8277e+02 0.0000e+00
        194 228.623950    0.01340     0.8042     48.250      1.301  44208.193    27.9722    11.7544      1.288    6.35874    11.7559    21.1809   11.55388 2.8319e+02 0.0000e+00
        195 228.623953    0.01347     0.8083     48.500      1.306  44199.677    27.9664    11.7558      1.293    6.35879    11.7551    21.1762   11.55403 2.8015e+02 0.0000e+00
        196 228.623955    0.01354     0.8125     48.750      1.325  44194.999    27.9631    11.7560      1.313    6.35889    11.7531    21.1736   11.55423 2.7598e+02 0.0000e+00
        197 228.623958    0.01361     0.8167     49.000      1.352  44194.563    27.9627    11.7552      1.339    6.35902    11.7504    21.1734   11.55445 2.7287e+02 0.0000e+00
        198 228.623961    0.01368     0.8208     49.250      1.375  44199.829    27.9662    11.7533      1.362    6.35914    11.7483    21.1765   11.55461 2.7166e+02 0.0000e+00
        199 228.623964    0.01375     0.8250     49.500      1.386  44210.122    27.9732    11.7506      1.373    6.35923    11.7480    21.1824   11.55467 2.7284e+02 0.0000e+00
        200 228.623967    0.01382     0.8292     49.750      1.379  44219.825    27.9798    11.7484      1.366    6.35925    11.7495    21.1879   11.55463 2.7649e+02 0.0000e+00
        201 228.623970    0.01389     0.8333     50.000      1.357  44223.217    27.9822    11.7482      1.344    6.35919    11.7516    21.1897   11.55451 2.8193e+02 0.0000e+00
        202 228.623973    0.01396     0.8375     50.250      1.329  44219.542    27.9797    11.7497      1.316    6.35908    11.7530    21.1876   11.55436 2.8674e+02 0.0000e+00
        203 228.623976    0.01403     0.8417     50.500      1.307  44212.761    27.9752    11.7518      1.294    6.35898    11.7530    21.1837   11.55424 2.8792e+02 0.0000e+00
        204 228.623979    0.01410     0.8458     50.750      1.300  44208.071    27.9720    11.7531      1.287    6.35893    11.7520    21.1810   11.55419 2.8604e+02 0.0000e+00
        205 228.623981    0.01417     0.8500     51.000      1.310  44207.417    27.9716    11.7531      1.298    6.35895    11.7507    21.1807   11.55422 2.8321e+02 0.0000e+00
        206 228.623984    0.01424     0.8542     51.250      1.334  44209.404    27.9729    11.7521      1.322    6.35903    11.7494    21.1819   11.55435 2.7987e+02 0.0000e+00
        207 228.623987    0.01431     0.8583     51.500      1.362  44212.757    27.9751    11.7508      1.350    6.35912    11.7484    21.1838   11.55447 2.7672e+02 0.0000e+00
        208 228.623990    0.01438     0.8625     51.750      1.384  44217.255    27.9781    11.7495      1.371    6.35917    11.7481    21.1864   11.55452 2.7529e+02 0.0000e+00
        209 228.623993    0.01444     0.8667     52.000      1.392  44221.984    27.9813    11.7485      1.379    6.35918    11.7490    21.1890   11.55450 2.7643e+02 0.0000e+00
        210 228.623996    0.01451     0.8708     52.250      1.384  44224.808    27.9833    11.7483      1.371    6.35914    11.7506    21.1906   11.55441 2.7956e+02 0.0000e+00
        211 228.623999    0.01458     0.8750     52.500      1.366  44224.255    27.9830    11.7491      1.353    6.35903    11.7522    21.1902   11.55423 2.8265e+02 0.0000e+00
        212 228.624002    0.01465     0.8792     52.750      1.344  44220.780    27.9807    11.7508      1.331    6.35890    11.7531    21.1882   11.55404 2.8327e+02 0.0000e+00
        213 228.624005    0.01472     0.8833     53.000      1.327  44216.367    27.9777    11.7524      1.314    6.35880    11.7529    21.1856   11.55392 2.8181e+02 0.0000e+00
        214 228.624008    0.01479     0.8875     53.250      1.319  44213.346    27.9757    11.7532      1.306    6.35877    11.7517    21.1839   11.55388 2.8128e+02 0.0000e+00
        215 228.624010    0.01486     0.8917     53.500      1.320  44212.871    27.9753    11.7530      1.308    6.35881    11.7499    21.1836   11.55396 2.8108e+02 0.0000e+00
        216 228.624013    0.01493     0.8958     53.750      1.328  44214.681    27.9765    11.7519      1.316    6.35892    11.7480    21.1847   11.55413 2.7849e+02 0.0000e+00
        217 228.624016    0.01500     0.9000     54.000      1.339  44218.047    27.9787    11.7501      1.326    6.35907    11.7464    21.1867   11.55436 2.7536e+02 0.0000e+00
        218 228.624019    0.01507     0.9042     54.250      1.349  44222.076    27.9814    11.7482      1.336    6.35923    11.7454    21.1891   11.55458 2.7448e+02 0.0000e+00
        219 228.624022    0.01514     0.9083     54.500      1.357  44225.778    27.9838    11.7466      1.344    6.35935    11.7451    21.1913   11.55475 2.7520e+02 0.0000e+00
        220 228.624025    0.01521     0.9125     54.750      1.362  44228.582    27.9857    11.7456      1.349    6.35941    11.7456    21.1929   11.55483 2.7575e+02 0.0000e+00
        221 228.624028    0.01528     0.9167     55.000      1.364  44230.284    27.9868    11.7453      1.351    6.35939    11.7466    21.1939   11.55479 2.7635e+02 0.0000e+00
        222 228.624031    0.01535     0.9208     55.250      1.362  44230.822    27.9872    11.7458      1.349    6.35931    11.7478    21.1941   11.55465 2.7783e+02 0.0000e+00
        223 228.624034    0.01542     0.9250     55.500      1.354  44230.362    27.9870    11.7468      1.342    6.35919    11.7492    21.1938   11.55445 2.7870e+02 0.0000e+00
        224 228.624036    0.01549     0.9292     55.750      1.344  44228.848    27.9861    11.7480      1.331    6.35905    11.7503    21.1928   11.55424 2.7790e+02 0.0000e+00
        225 228.624039    0.01556     0.9333     56.000      1.334  44226.030    27.9842    11.7494      1.321    6.35895    11.7509    21.1911   11.55409 2.7716e+02 0.0000e+00
        226 228.624042    0.01563     0.9375     56.250      1.330  44222.468    27.9818    11.7505      1.317    6.35890    11.7508    21.1891   11.55402 2.7832e+02 0.0000e+00
        227 228.624045    0.01569     0.9417     56.500      1.333  44219.615    27.9799    11.7511      1.321    6.35889    11.7497    21.1875   11.55403 2.8001e+02 0.0000e+00
        228 228.624048    0.01576     0.9458     56.750      1.344  44218.756    27.9793    11.7510      1.331    6.35893    11.7478    21.1870   11.55411 2.7943e+02 0.0000e+00
        229 228.624051    0.01583     0.9500     57.000      1.357  44220.275    27.9803    11.7499      1.344    6.35904    11.7457    21.1880   11.55428 2.7756e+02 0.0000e+00
        230 228.624054    0.01590     0.9542     57.250      1.366  44223.611    27.9824    11.7480      1.353    6.35921    11.7442    21.1900   11.55454 2.7748e+02 0.0000e+00
        231 228.624057    0.01597     0.9583     57.500      1.368  44227.664    27.9851    11.7459      1.355    6.35939    11.7437    21.1924   11.55480 2.7998e+02 0.0000e+00
        232 228.624060    0.01604     0.9625     57.750      1.361  44231.061    27.9873    11.7444      1.348    6.35950    11.7442    21.1944   11.55496 2.8309e+02 0.0000e+00
        233 228.624063    0.01611     0.9667     58.000      1.345  44232.354    27.9882    11.7439      1.333    6.35954    11.7450    21.1952   11.55501 2.8392e+02 0.0000e+00
        234 228.624065    0.01618     0.9708     58.250      1.328  44231.192    27.9874    11.7444      1.316    6.35950    11.7452    21.1945   11.55495 2.8173e+02 0.0000e+00
        235 228.624068    0.01625     0.9750     58.500      1.317  44229.066    27.9860    11.7452      1.305    6.35944    11.7442    21.1932   11.55488 2.7975e+02 0.0000e+00
        236 228.624071    0.01632     0.9792     58.750      1.318  44228.183    27.9854    11.7454      1.306    6.35945    11.7421    21.1927   11.55490 2.8044e+02 0.0000e+00
        237 228.624074    0.01639     0.9833     59.000      1.330  44229.772    27.9864    11.7444      1.318    6.35954    11.7395    21.1937   11.55504 2.8085e+02 0.0000e+00
        238 228.624077    0.01646     0.9875     59.250      1.349  44233.457    27.9888    11.7423      1.337    6.35973    11.7371    21.1959   11.55533 2.7866e+02 0.0000e+00
        239 228.624080    0.01653     0.9917     59.500      1.368  44237.959    27.9917    11.7396      1.355    6.35997    11.7356    21.1986   11.55569 2.7607e+02 0.0000e+00
        240 228.624083    0.01660     0.9958     59.750      1.380  44242.086    27.9944    11.7373      1.367    6.36018    11.7355    21.2011   11.55602 2.7613e+02 0.0000e+00
        241 228.624086    0.01667     1.0000     60.000      1.379  44245.049    27.9963    11.7358      1.366    6.36031    11.7368    21.2028   11.55620 2.7949e+02 0.0000e+00
        242 228.624089    0.01674     1.0042     60.250      1.367  44246.127    27.9971    11.7356      1.354    6.36030    11.7389    21.2034   11.55618 2.8464e+02 0.0000e+00
        243 228.624091    0.01681     1.0083     60.500      1.345  44245.044    27.9965    11.7369      1.332    6.36015    11.7410    21.2027   11.55594 2.8916e+02 0.0000e+00
        244 228.624094    0.01688     1.0125     60.750      1.322  44242.520    27.9949    11.7391      1.309    6.35992    11.7421    21.2012   11.55557 2.9048e+02 0.0000e+00
        245 228.624097    0.01694     1.0167     61.000      1.305  44239.695    27.9931    11.7411      1.293    6.35971    11.7418    21.1994   11.55525 2.8853e+02 0.0000e+00
        246 228.624100    0.01701     1.0208     61.250      1.304  44237.630    27.9917    11.7422      1.291    6.35961    11.7403    21.1982   11.55510 2.8614e+02 0.0000e+00
        247 228.624103    0.01708     1.0250     61.500      1.319  44236.953    27.9912    11.7420      1.306    6.35967    11.7379    21.1979   11.55519 2.8410e+02 0.0000e+00
        248 228.624106    0.01715     1.0292     61.750      1.346  44237.552    27.9915    11.7405      1.333    6.35986    11.7353    21.1983   11.55551 2.8099e+02 0.0000e+00
        249 228.624109    0.01722     1.0333     62.000      1.375  44239.564    27.9927    11.7381      1.362    6.36014    11.7334    21.1997   11.55596 2.7761e+02 0.0000e+00
        250 228.624112    0.01729     1.0375     62.250      1.395  44243.168    27.9950    11.7355      1.382    6.36041    11.7334    21.2019   11.55638 2.7611e+02 0.0000e+00
        251 228.624115    0.01736     1.0417     62.500      1.397  44246.862    27.9974    11.7336      1.384    6.36056    11.7353    21.2041   11.55661 2.7831e+02 0.0000e+00
        252 228.624117    0.01743     1.0458     62.750      1.380  44248.312    27.9984    11.7336      1.367    6.36053    11.7381    21.2049   11.55654 2.8391e+02 0.0000e+00
        253 228.624120    0.01750     1.0500     63.000      1.349  44246.897    27.9976    11.7355      1.336    6.36030    11.7401    21.2039   11.55616 2.8987e+02 0.0000e+00
        254 228.624123    0.01757     1.0542     63.250      1.315  44244.322    27.9960    11.7383      1.303    6.35998    11.7399    21.2022   11.55565 2.9277e+02 0.0000e+00
        255 228.624126    0.01764     1.0583     63.500      1.290  44243.428    27.9956    11.7403      1.278    6.35973    11.7368    21.2015   11.55525 2.9149e+02 0.0000e+00
        256 228.624129    0.01771     1.0625     63.750      1.284  44247.159    27.9982    11.7401      1.272    6.35965    11.7296    21.2036   11.55508 2.8767e+02 0.0000e+00
        257 228.624132    0.01778     1.0667     64.000      1.298  44258.050    28.0055    11.7370      1.286    6.35978    11.7167    21.2098   11.55521 2.8328e+02 0.0000e+00
        258 228.624135    0.01785     1.0708     64.250      1.325  44278.568    28.0192    11.7298      1.313    6.36021    11.6992    21.2217   11.55577 2.7924e+02 0.0000e+00
        259 228.624138    0.01792     1.0750     64.500      1.355  44307.696    28.0384    11.7169      1.342    6.36120    11.6821    21.2388   11.55717 2.7531e+02 0.0000e+00
        260 228.624141    0.01799     1.0792     64.750      1.374  44338.004    28.0580    11.6993      1.361    6.36280    11.6715    21.2571   11.55960 2.7257e+02 0.0000e+00
        261 228.624144    0.01806     1.0833     65.000      1.375  44360.221    28.0720    11.6822      1.362    6.36456    11.6722    21.2709   11.56236 2.7472e+02 0.0000e+00
        262 228.624146    0.01812     1.0875     65.250      1.352  44366.205    28.0753    11.6716      1.339    6.36588    11.6876    21.2752   11.56452 2.8276e+02 0.0000e+00
        263 228.624149    0.01819     1.0917     65.500      1.304  44349.973    28.0640    11.6724      1.292    6.36624    11.7183    21.2663   11.56524 2.9190e+02 0.0000e+00
        264 228.624152    0.01826     1.0958     65.750      1.237  44309.497    28.0370    11.6878      1.225    6.36522    11.7629    21.2428   11.56388 2.9924e+02 0.0000e+00
        265 228.624155    0.01833     1.1000     66.000      1.155  44246.875    27.9960    11.7184      1.145    6.36270    11.8174    21.2056   11.56017 3.0773e+02 0.0000e+00
        266 228.624158    0.01840     1.1042     66.250      1.067  44167.763    27.9447    11.7630      1.057    6.35871    11.8741    21.1580   11.55415 3.1839e+02 0.0000e+00
        267 228.624161    0.01847     1.1083     66.500      0.979  44081.199    27.8890    11.8175      0.970    6.35354    11.9252    21.1054   11.54622 3.2808e+02 0.0000e+00
        268 228.624164    0.01854     1.1125     66.750      0.898  43997.865    27.8357    11.8742      0.890    6.34799    11.9684    21.0542   11.53763 3.3588e+02 0.0000e+00
        269 228.624167    0.01861     1.1167     67.000      0.829  43924.486    27.7889    11.9253      0.821    6.34294    12.0058    21.0089   11.52978 3.4184e+02 0.0000e+00
        270 228.624170    0.01868     1.1208     67.250      0.770  43860.615    27.7481    11.9685      0.763    6.33873    12.0421    20.9697   11.52328 3.4446e+02 0.0000e+00
        271 228.624172    0.01875     1.1250     67.500      0.720  43800.042    27.7090    12.0059      0.713    6.33524    12.0803    20.9328   11.51793 3.4736e+02 0.0000e+00
