CTD-processing/allCTD/CNV--turbid/2012_10-29_t3_s10_cast055.cnv
* Sea-Bird SBE19plus Data File:
* FileName = C:\Documents and Settings\kris.holderied.local\My Documents\2012-CTD-DATA-new-files\2012-10-CookInlet-LTM\2012-10-29-LTM-CookInlet-Tran3-AnchorPt\2012-10-29-CookInlet-Tran3-cast055.hex
* Software Version 1.54
* Temperature SN =  4141
* Conductivity SN =  4141
* System UpLoad Time = Nov 20 2012 18:23:37
** Cook Inlet EVOSTC Transect 3 Anchor Pt west to east
** Date:  29 Oct 2012
** Station:  3-10
** Start time (AKDT-24 hr):  1132
** Depth (m):  51
** Comment:Hit bottom on this cast
# nquan = 16
# nvalues = 601                         
# units = specified
# name 0 = scan: Scan Count
# name 1 = timeJ: Julian Days
# name 2 = timeH: Time, Elapsed [hours]
# name 3 = timeM: Time, Elapsed [minutes]
# name 4 = timeS: Time, Elapsed [seconds]
# name 5 = prdM: Pressure, Strain Gauge [db]
# name 6 = specc: Specific Conductance [uS/cm]
# name 7 = sal00: Salinity, Practical [PSU]
# name 8 = tv290C: Temperature [ITS-90, deg C]
# name 9 = depSM: Depth [salt water, m], lat = 59.00
# name 10 = oxsolML/L: Oxygen Saturation, Garcia & Gordon [ml/l]
# name 11 = potemp090C: Potential Temperature [ITS-90, deg C]
# name 12 = sigma-é00: Density [sigma-theta, kg/m^3]
# name 13 = n2satML/L: Nitrogen Saturation [ml/l]
# name 14 = par: PAR/Irradiance, Biospherical/Licor
# name 15 = flag:  0.000e+00
# span 0 =          1,        601       
# span 1 = 303.480856, 303.482593       
# span 2 =    0.00000,    0.04167       
# span 3 =     0.0000,     2.5000       
# span 4 =      0.000,    150.000       
# span 5 =     -0.096,     48.412       
# span 6 =    214.660,  48967.071       
# span 7 =     0.0959,    30.7154       
# span 8 =     3.5269,     7.2948       
# span 9 =     -0.095,     47.954       
# span 10 =    6.89728,    9.25957      
# span 11 =     3.5269,     7.2929      
# span 12 =     0.0516,    24.0228      
# span 13 =   12.41335,   16.79601      
# span 14 = 6.7169e-02, 6.3421e+02      
# span 15 = 0.0000e+00, 0.0000e+00      
# interval = seconds: 0.25
# start_time = Oct 29 2012 11:32:26 [Instrument's time stamp, header]
# bad_flag = -9.990e-29
*END*
[from data line 91]
         92 303.481120    0.00632     0.3792     22.750     -0.094   1203.280     0.5748     3.5354     -0.093    9.24945     3.5388     0.4373   16.77141 5.6739e+02 0.0000e+00
         93 303.481123    0.00639     0.3833     23.000     -0.095   1238.251     0.5924     3.5371     -0.094    9.24794     3.5404     0.4515   16.76857 6.0252e+02 0.0000e+00
         94 303.481126    0.00646     0.3875     23.250     -0.096   1280.233     0.6137     3.5388     -0.095    9.24621     3.5418     0.4686   16.76532 6.2801e+02 0.0000e+00
         95 303.481128    0.00653     0.3917     23.500     -0.096   1326.796     0.6375     3.5404     -0.095    9.24436     3.5432     0.4877   16.76182 6.3421e+02 0.0000e+00
         96 303.481131    0.00660     0.3958     23.750     -0.096   1376.148     0.6630     3.5418     -0.095    9.24245     3.5445     0.5082   16.75820 6.1704e+02 0.0000e+00
         97 303.481134    0.00667     0.4000     24.000     -0.095   1425.121     0.6889     3.5432     -0.094    9.24057     3.5460     0.5289   16.75463 5.8167e+02 0.0000e+00
         98 303.481137    0.00674     0.4042     24.250     -0.094   1470.686     0.7139     3.5445     -0.094    9.23878     3.5479     0.5489   16.75124 5.3864e+02 0.0000e+00
         99 303.481140    0.00681     0.4083     24.500     -0.093   1515.579     0.7400     3.5460     -0.093    9.23695     3.5507     0.5697   16.74778 4.9559e+02 0.0000e+00
        100 303.481143    0.00688     0.4125     24.750     -0.092   1570.300     0.7735     3.5479     -0.092    9.23466     3.5550     0.5962   16.74347 4.5295e+02 0.0000e+00
        101 303.481146    0.00694     0.4167     25.000     -0.091   1653.073     0.8250     3.5507     -0.091    9.23122     3.5617     0.6370   16.73698 4.1046e+02 0.0000e+00
        102 303.481149    0.00701     0.4208     25.250     -0.090   1789.971     0.9104     3.5550     -0.089    9.22563     3.5725     0.7046   16.72640 3.5947e+02 0.0000e+00
        103 303.481152    0.00708     0.4250     25.500     -0.087   2018.934     1.0532     3.5617     -0.086    9.21637     3.5904     0.8175   16.70888 2.9537e+02 0.0000e+00
        104 303.481155    0.00715     0.4292     25.750     -0.082   2402.228     1.2920     3.5725     -0.081    9.20097     3.6204     1.0064   16.67971 2.3963e+02 0.0000e+00
        105 303.481157    0.00722     0.4333     26.000     -0.074   3046.014     1.6925     3.5904     -0.074    9.17518     3.6706     1.3232   16.63083 2.0325e+02 0.0000e+00
        106 303.481160    0.00729     0.4375     26.250     -0.062   4126.562     2.3638     3.6204     -0.061    9.13192     3.7543     1.8544   16.54885 1.7843e+02 0.0000e+00
        107 303.481163    0.00736     0.4417     26.500     -0.042   5935.207     3.4864     3.6706     -0.041    9.05952     3.8937     2.7428   16.41166 1.6116e+02 0.0000e+00
        108 303.481166    0.00743     0.4458     26.750     -0.009   8958.205     5.3619     3.7543     -0.008    8.93857     4.1257     4.2269   16.18245 1.4924e+02 0.0000e+00
        109 303.481169    0.00750     0.4500     27.000      0.046  14006.894     8.4928     3.8938      0.046    8.73670     4.4940     6.7046   15.79987 1.4034e+02 0.0000e+00
        110 303.481172    0.00757     0.4542     27.250      0.137  22135.058    13.5590     4.1258      0.136    8.40975     4.9896    10.7122   15.18067 1.3156e+02 0.0000e+00
        111 303.481175    0.00764     0.4583     27.500      0.274  31877.227    19.6837     4.4940      0.271    8.00039     5.5218    15.5464   14.40936 1.1993e+02 0.0000e+00
        112 303.481178    0.00771     0.4625     27.750      0.452  39393.121    24.4571     4.9896      0.448    7.64540     5.9944    19.2909   13.74889 1.0396e+02 0.0000e+00
        113 303.481181    0.00778     0.4667     28.000      0.652  43624.990    27.1773     5.5218      0.646    7.39941     6.3644    21.3972   13.29995 8.7796e+01 0.0000e+00
        114 303.481183    0.00785     0.4708     28.250      0.853  45903.981    28.6588     5.9945      0.845    7.23348     6.6291    22.5236   13.00219 7.7836e+01 0.0000e+00
        115 303.481186    0.00792     0.4750     28.500      1.036  47107.080    29.4494     6.3645      1.026    7.12437     6.8044    23.1113   12.80899 7.4813e+01 0.0000e+00
        116 303.481189    0.00799     0.4792     28.750      1.188  47724.780    29.8590     6.6292      1.176    7.05497     6.9102    23.4075   12.68737 7.5891e+01 0.0000e+00
        117 303.481192    0.00806     0.4833     29.000      1.296  48039.431    30.0688     6.8045      1.284    7.01233     6.9664    23.5547   12.61320 7.9319e+01 0.0000e+00
        118 303.481195    0.00813     0.4875     29.250      1.356  48215.160    30.1857     6.9103      1.344    6.98704     6.9923    23.6360   12.56931 8.4362e+01 0.0000e+00
        119 303.481198    0.00819     0.4917     29.500      1.375  48329.059    30.2605     6.9665      1.362    6.97283     7.0058    23.6893   12.54451 9.0754e+01 0.0000e+00
        120 303.481201    0.00826     0.4958     29.750      1.367  48423.369    30.3221     6.9924      1.354    6.96480     7.0208    23.7355   12.53023 9.9023e+01 0.0000e+00
        121 303.481204    0.00833     0.5000     30.000      1.355  48523.080    30.3886     7.0059      1.342    6.95896     7.0428    23.7867   12.51959 1.0988e+02 0.0000e+00
        122 303.481207    0.00840     0.5042     30.250      1.363  48610.687    30.4488     7.0209      1.350    6.95342     7.0692    23.8325   12.50960 1.2104e+02 0.0000e+00
        123 303.481209    0.00847     0.5083     30.500      1.400  48657.427    30.4831     7.0429      1.387    6.94809     7.0950    23.8569   12.50030 1.2876e+02 0.0000e+00
        124 303.481212    0.00854     0.5125     30.750      1.466  48667.542    30.4935     7.0693      1.453    6.94324     7.1170    23.8617   12.49212 1.3340e+02 0.0000e+00
        125 303.481215    0.00861     0.5167     31.000      1.555  48659.120    30.4912     7.0951      1.541    6.93913     7.1343    23.8568   12.48534 1.3839e+02 0.0000e+00
        126 303.481218    0.00868     0.5208     31.250      1.657  48640.066    30.4813     7.1171      1.641    6.93600     7.1468    23.8461   12.48029 1.4327e+02 0.0000e+00
        127 303.481221    0.00875     0.5250     31.500      1.759  48612.320    30.4647     7.1344      1.743    6.93396     7.1554    23.8308   12.47711 1.4403e+02 0.0000e+00
        128 303.481224    0.00882     0.5292     31.750      1.852  48573.839    30.4399     7.1470      1.835    6.93306     7.1610    23.8098   12.47591 1.4221e+02 0.0000e+00
        129 303.481227    0.00889     0.5333     32.000      1.925  48522.331    30.4055     7.1555      1.907    6.93324     7.1654    23.7816   12.47665 1.4220e+02 0.0000e+00
        130 303.481230    0.00896     0.5375     32.250      1.970  48475.855    30.3742     7.1612      1.952    6.93375     7.1696    23.7563   12.47789 1.4356e+02 0.0000e+00
        131 303.481233    0.00903     0.5417     32.500      1.982  48468.448    30.3698     7.1656      1.964    6.93325     7.1739    23.7522   12.47712 1.4396e+02 0.0000e+00
        132 303.481236    0.00910     0.5458     32.750      1.961  48503.259    30.3946     7.1698      1.942    6.93145     7.1776    23.7712   12.47381 1.4259e+02 0.0000e+00
        133 303.481238    0.00917     0.5500     33.000      1.910  48550.246    30.4279     7.1741      1.892    6.92925     7.1807    23.7968   12.46976 1.3992e+02 0.0000e+00
        134 303.481241    0.00924     0.5542     33.250      1.841  48587.332    30.4542     7.1778      1.823    6.92744     7.1832    23.8170   12.46644 1.3638e+02 0.0000e+00
        135 303.481244    0.00931     0.5583     33.500      1.767  48610.332    30.4707     7.1809      1.750    6.92620     7.1849    23.8296   12.46418 1.3108e+02 0.0000e+00
        136 303.481247    0.00937     0.5625     33.750      1.700  48622.003    30.4792     7.1834      1.684    6.92542     7.1855    23.8359   12.46278 1.2551e+02 0.0000e+00
        137 303.481250    0.00944     0.5667     34.000      1.652  48627.198    30.4831     7.1850      1.636    6.92497     7.1853    23.8388   12.46200 1.2402e+02 0.0000e+00
        138 303.481253    0.00951     0.5708     34.250      1.625  48630.173    30.4852     7.1856      1.609    6.92477     7.1846    23.8404   12.46163 1.2899e+02 0.0000e+00
        139 303.481256    0.00958     0.5750     34.500      1.618  48633.008    30.4872     7.1854      1.603    6.92472     7.1840    23.8419   12.46153 1.3989e+02 0.0000e+00
        140 303.481259    0.00965     0.5792     34.750      1.627  48636.170    30.4893     7.1847      1.612    6.92473     7.1837    23.8436   12.46152 1.5162e+02 0.0000e+00
        141 303.481262    0.00972     0.5833     35.000      1.642  48638.587    30.4908     7.1841      1.627    6.92476     7.1838    23.8449   12.46155 1.5777e+02 0.0000e+00
        142 303.481264    0.00979     0.5875     35.250      1.654  48639.858    30.4916     7.1838      1.638    6.92478     7.1843    23.8456   12.46157 1.5733e+02 0.0000e+00
        143 303.481267    0.00986     0.5917     35.500      1.654  48642.149    30.4932     7.1839      1.638    6.92469     7.1853    23.8469   12.46140 1.5148e+02 0.0000e+00
        144 303.481270    0.00993     0.5958     35.750      1.643  48647.678    30.4972     7.1845      1.628    6.92443     7.1867    23.8499   12.46091 1.4140e+02 0.0000e+00
        145 303.481273    0.01000     0.6000     36.000      1.630  48655.726    30.5029     7.1855      1.615    6.92400     7.1882    23.8543   12.46013 1.3011e+02 0.0000e+00
        146 303.481276    0.01007     0.6042     36.250      1.624  48663.538    30.5086     7.1868      1.609    6.92352     7.1896    23.8586   12.45927 1.1891e+02 0.0000e+00
        147 303.481279    0.01014     0.6083     36.500      1.631  48668.340    30.5122     7.1883      1.616    6.92312     7.1905    23.8612   12.45856 1.0869e+02 0.0000e+00
        148 303.481282    0.01021     0.6125     36.750      1.651  48667.987    30.5121     7.1897      1.635    6.92291     7.1910    23.8610   12.45821 1.0201e+02 0.0000e+00
        149 303.481285    0.01028     0.6167     37.000      1.674  48662.363    30.5084     7.1906      1.659    6.92293     7.1914    23.8579   12.45830 9.8350e+01 0.0000e+00
        150 303.481288    0.01035     0.6208     37.250      1.695  48654.551    30.5030     7.1911      1.679    6.92310     7.1918    23.8536   12.45863 9.5193e+01 0.0000e+00
        151 303.481291    0.01042     0.6250     37.500      1.708  48648.601    30.4990     7.1915      1.692    6.92322     7.1922    23.8504   12.45890 9.1373e+01 0.0000e+00
        152 303.481293    0.01049     0.6292     37.750      1.714  48646.872    30.4978     7.1919      1.698    6.92320     7.1920    23.8495   12.45888 8.6979e+01 0.0000e+00
        153 303.481296    0.01056     0.6333     38.000      1.713  48649.179    30.4995     7.1923      1.697    6.92306     7.1910    23.8507   12.45863 8.2974e+01 0.0000e+00
        154 303.481299    0.01063     0.6375     38.250      1.710  48653.796    30.5027     7.1922      1.694    6.92294     7.1893    23.8533   12.45839 8.0076e+01 0.0000e+00
        155 303.481302    0.01069     0.6417     38.500      1.710  48659.525    30.5065     7.1911      1.694    6.92294     7.1874    23.8564   12.45833 7.8526e+01 0.0000e+00
        156 303.481305    0.01076     0.6458     38.750      1.715  48665.163    30.5101     7.1894      1.699    6.92304     7.1855    23.8595   12.45846 7.8442e+01 0.0000e+00
        157 303.481308    0.01083     0.6500     39.000      1.726  48668.659    30.5122     7.1875      1.710    6.92325     7.1839    23.8614   12.45878 7.9552e+01 0.0000e+00
        158 303.481311    0.01090     0.6542     39.250      1.739  48667.199    30.5109     7.1857      1.723    6.92361     7.1828    23.8606   12.45939 8.0995e+01 0.0000e+00
        159 303.481314    0.01097     0.6583     39.500      1.750  48658.541    30.5046     7.1841      1.734    6.92415     7.1821    23.8558   12.46036 8.1723e+01 0.0000e+00
        160 303.481317    0.01104     0.6625     39.750      1.755  48643.217    30.4938     7.1830      1.739    6.92482     7.1818    23.8475   12.46160 8.1378e+01 0.0000e+00
        161 303.481319    0.01111     0.6667     40.000      1.753  48623.845    30.4802     7.1823      1.736    6.92555     7.1820    23.8369   12.46297 8.0405e+01 0.0000e+00
        162 303.481322    0.01118     0.6708     40.250      1.743  48604.106    30.4665     7.1820      1.726    6.92622     7.1828    23.8261   12.46425 7.9425e+01 0.0000e+00
        163 303.481325    0.01125     0.6750     40.500      1.727  48588.864    30.4560     7.1822      1.710    6.92667     7.1843    23.8178   12.46513 7.8701e+01 0.0000e+00
        164 303.481328    0.01132     0.6792     40.750      1.709  48583.732    30.4526     7.1830      1.693    6.92669     7.1860    23.8151   12.46521 7.8098e+01 0.0000e+00
        165 303.481331    0.01139     0.6833     41.000      1.696  48588.795    30.4563     7.1845      1.680    6.92628     7.1869    23.8178   12.46449 7.7331e+01 0.0000e+00
        166 303.481334    0.01146     0.6875     41.250      1.695  48595.566    30.4613     7.1861      1.679    6.92579     7.1864    23.8215   12.46362 7.6137e+01 0.0000e+00
        167 303.481337    0.01153     0.6917     41.500      1.710  48596.211    30.4619     7.1871      1.694    6.92562     7.1842    23.8219   12.46332 7.4753e+01 0.0000e+00
        168 303.481340    0.01160     0.6958     41.750      1.743  48587.276    30.4556     7.1866      1.727    6.92599     7.1806    23.8170   12.46401 7.3661e+01 0.0000e+00
        169 303.481343    0.01167     0.7000     42.000      1.792  48566.537    30.4409     7.1844      1.775    6.92701     7.1756    23.8057   12.46589 7.2826e+01 0.0000e+00
        170 303.481345    0.01174     0.7042     42.250      1.847  48531.662    30.4161     7.1807      1.829    6.92871     7.1691    23.7867   12.46902 7.1876e+01 0.0000e+00
        171 303.481348    0.01181     0.7083     42.500      1.896  48481.740    30.3806     7.1758      1.878    6.93112     7.1608    23.7594   12.47345 7.0749e+01 0.0000e+00
        172 303.481351    0.01188     0.7125     42.750      1.929  48427.352    30.3419     7.1693      1.911    6.93393     7.1499    23.7298   12.47858 6.9790e+01 0.0000e+00
        173 303.481354    0.01194     0.7167     43.000      1.938  48389.114    30.3140     7.1609      1.920    6.93653     7.1367    23.7090   12.48323 6.9373e+01 0.0000e+00
        174 303.481357    0.01201     0.7208     43.250      1.923  48380.523    30.3062     7.1501      1.905    6.93862     7.1240    23.7043   12.48679 6.9740e+01 0.0000e+00
        175 303.481360    0.01208     0.7250     43.500      1.886  48406.054    30.3218     7.1368      1.868    6.94003     7.1155    23.7182   12.48893 7.0934e+01 0.0000e+00
        176 303.481363    0.01215     0.7292     43.750      1.834  48463.282    30.3593     7.1241      1.817    6.94036     7.1133    23.7494   12.48900 7.2601e+01 0.0000e+00
        177 303.481366    0.01222     0.7333     44.000      1.779  48534.580    30.4074     7.1157      1.762    6.93952     7.1159    23.7882   12.48701 7.3995e+01 0.0000e+00
        178 303.481369    0.01229     0.7375     44.250      1.734  48591.377    30.4464     7.1134      1.718    6.93810     7.1196    23.8192   12.48417 7.4414e+01 0.0000e+00
        179 303.481372    0.01236     0.7417     44.500      1.711  48614.565    30.4629     7.1160      1.695    6.93693     7.1208    23.8318   12.48203 7.3607e+01 0.0000e+00
        180 303.481374    0.01243     0.7458     44.750      1.716  48602.683    30.4553     7.1197      1.700    6.93669     7.1166    23.8254   12.48172 7.1765e+01 0.0000e+00
