CTD-processing/allCTD/CNV--turbid/2012_06-05b_t4_s10b_cast113.cnv
* Sea-Bird SBE19plus Data File:
* FileName = C:\Documents and Settings\glenn.seaman\My Documents\KHolderied-files\CTD-DATA-FILES\2012-CTD-KachemakBay\2012-06-05b-CTD-Tran4-Barabara-to-BluffPt\2012-06-05b-Tran4-Barabara-cast113.hex
* Software Version 1.59
* Temperature SN =  5028
* Conductivity SN =  5028
* System UpLoad Time = Jun 26 2012 23:59:33
** LTM-Transect4-BarabaraPt-to-BluffPt
** Date: 2012-06-05 High tide (2 of 2 lines)
** Station: 4-10b
** Start time (AKDT-24hr): 1730
** Depth (ft): 72
** Westerly wind. Seas 1-2 ft.
# nquan = 16
# nvalues = 452                         
# units = specified
# name 0 = scan: Scan Count
# name 1 = timeJ: Julian Days
# name 2 = timeH: Time, Elapsed [hours]
# name 3 = timeM: Time, Elapsed [minutes]
# name 4 = timeS: Time, Elapsed [seconds]
# name 5 = prdM: Pressure, Strain Gauge [db]
# name 6 = specc: Specific Conductance [uS/cm]
# name 7 = sal00: Salinity, Practical [PSU]
# name 8 = tv290C: Temperature [ITS-90, deg C]
# name 9 = depSM: Depth [salt water, m], lat = 59.00
# name 10 = oxsolML/L: Oxygen Saturation, Garcia & Gordon [ml/l]
# name 11 = potemp090C: Potential Temperature [ITS-90, deg C]
# name 12 = sigma-é00: Density [sigma-theta, kg/m^3]
# name 13 = n2satML/L: Nitrogen Saturation [ml/l]
# name 14 = par: PAR/Irradiance, Biospherical/Licor [umol photons/m^2/sec]
# name 15 = flag:  0.000e+00
# span 0 =          1,        452       
# span 1 = 157.729410, 157.730715       
# span 2 =    0.00000,    0.03132       
# span 3 =     0.0000,     1.8792       
# span 4 =      0.000,    112.750       
# span 5 =     -0.063,     21.579       
# span 6 =    424.188,  50492.058       
# span 7 =     0.1990,    31.6541       
# span 8 =     6.5351,     8.2392       
# span 9 =     -0.062,     21.376       
# span 10 =    6.73443,    8.36356      
# span 11 =     6.5332,     8.2391      
# span 12 =     0.0336,    24.8440      
# span 13 =   12.13941,   15.28902      
# span 14 = 6.3012e-01, 1.0720e+03      
# span 15 = 0.0000e+00, 0.0000e+00      
# interval = seconds: 0.25
# start_time = Jun 05 2012 17:30:21 [Instrument's time stamp, header]
# bad_flag = -9.990e-29
*END*
          1 157.729410    0.00000     0.0000      0.000     -0.061    424.188     0.1990     7.5733     -0.060    8.36356     7.5738     0.0336   15.28902 2.9041e+02 0.0000e+00
          2 157.729413    0.00007     0.0042      0.250     -0.062    461.267     0.2170     7.5735     -0.061    8.36254     7.5741     0.0479   15.28701 3.4621e+02 0.0000e+00
          3 157.729416    0.00014     0.0083      0.500     -0.062    514.866     0.2431     7.5738     -0.061    8.36106     7.5744     0.0687   15.28412 3.8579e+02 0.0000e+00
          4 157.729418    0.00021     0.0125      0.750     -0.062    581.916     0.2759     7.5741     -0.061    8.35922     7.5748     0.0947   15.28050 3.5544e+02 0.0000e+00
          5 157.729421    0.00028     0.0167      1.000     -0.062    647.217     0.3080     7.5744     -0.061    8.35741     7.5751     0.1201   15.27696 2.8843e+02 0.0000e+00
          6 157.729424    0.00035     0.0208      1.250     -0.062    689.288     0.3286     7.5748     -0.061    8.35622     7.5755     0.1364   15.27463 2.3449e+02 0.0000e+00
          7 157.729427    0.00042     0.0250      1.500     -0.062    701.533     0.3345     7.5751     -0.061    8.35582     7.5759     0.1411   15.27387 1.9652e+02 0.0000e+00
          8 157.729430    0.00049     0.0292      1.750     -0.062    699.110     0.3332     7.5755     -0.061    8.35582     7.5763     0.1401   15.27388 1.6938e+02 0.0000e+00
          9 157.729433    0.00056     0.0333      2.000     -0.061    699.982     0.3336     7.5759     -0.060    8.35572     7.5767     0.1404   15.27371 1.4968e+02 0.0000e+00
         10 157.729436    0.00063     0.0375      2.250     -0.061    707.702     0.3374     7.5763     -0.060    8.35543     7.5771     0.1434   15.27316 1.3515e+02 0.0000e+00
         11 157.729439    0.00069     0.0417      2.500     -0.061    719.917     0.3435     7.5767     -0.060    8.35501     7.5775     0.1481   15.27236 1.2472e+02 0.0000e+00
         12 157.729442    0.00076     0.0458      2.750     -0.062    739.697     0.3533     7.5771     -0.061    8.35439     7.5780     0.1559   15.27116 1.1806e+02 0.0000e+00
         13 157.729444    0.00083     0.0500      3.000     -0.062    770.707     0.3687     7.5775     -0.061    8.35346     7.5784     0.1681   15.26936 1.1477e+02 0.0000e+00
         14 157.729447    0.00090     0.0542      3.250     -0.062    809.747     0.3881     7.5780     -0.061    8.35232     7.5788     0.1834   15.26713 1.1434e+02 0.0000e+00
         15 157.729450    0.00097     0.0583      3.500     -0.062    844.924     0.4056     7.5784     -0.061    8.35128     7.5792     0.1973   15.26512 1.1643e+02 0.0000e+00
         16 157.729453    0.00104     0.0625      3.750     -0.062    864.812     0.4155     7.5788     -0.061    8.35066     7.5795     0.2051   15.26392 1.2102e+02 0.0000e+00
         17 157.729456    0.00111     0.0667      4.000     -0.062    870.084     0.4181     7.5792     -0.061    8.35044     7.5799     0.2072   15.26350 1.2849e+02 0.0000e+00
         18 157.729459    0.00118     0.0708      4.250     -0.062    869.227     0.4177     7.5795     -0.061    8.35039     7.5802     0.2068   15.26342 1.3878e+02 0.0000e+00
         19 157.729462    0.00125     0.0750      4.500     -0.062    868.172     0.4171     7.5799     -0.061    8.35034     7.5805     0.2064   15.26335 1.5156e+02 0.0000e+00
         20 157.729465    0.00132     0.0792      4.750     -0.062    872.157     0.4191     7.5802     -0.061    8.35017     7.5809     0.2079   15.26302 1.6791e+02 0.0000e+00
         21 157.729468    0.00139     0.0833      5.000     -0.062    886.485     0.4263     7.5805     -0.061    8.34971     7.5812     0.2136   15.26215 1.8995e+02 0.0000e+00
         22 157.729470    0.00146     0.0875      5.250     -0.062    907.082     0.4366     7.5809     -0.061    8.34908     7.5816     0.2218   15.26093 2.2024e+02 0.0000e+00
         23 157.729473    0.00153     0.0917      5.500     -0.062    927.633     0.4469     7.5812     -0.061    8.34845     7.5819     0.2299   15.25971 2.6237e+02 0.0000e+00
         24 157.729476    0.00160     0.0958      5.750     -0.061    949.755     0.4580     7.5816     -0.060    8.34778     7.5823     0.2387   15.25839 2.9739e+02 0.0000e+00
         25 157.729479    0.00167     0.1000      6.000     -0.061    970.729     0.4686     7.5819     -0.060    8.34713     7.5827     0.2470   15.25714 2.9765e+02 0.0000e+00
         26 157.729482    0.00174     0.1042      6.250     -0.061    980.725     0.4736     7.5823     -0.060    8.34678     7.5831     0.2511   15.25647 2.7898e+02 0.0000e+00
         27 157.729485    0.00181     0.1083      6.500     -0.062    978.286     0.4725     7.5827     -0.061    8.34676     7.5834     0.2502   15.25646 2.7063e+02 0.0000e+00
         28 157.729488    0.00187     0.1125      6.750     -0.062    977.386     0.4723     7.5831     -0.061    8.34670     7.5838     0.2499   15.25636 2.8075e+02 0.0000e+00
         29 157.729491    0.00194     0.1167      7.000     -0.062    998.498     0.4832     7.5834     -0.061    8.34603     7.5842     0.2585   15.25506 3.1336e+02 0.0000e+00
         30 157.729494    0.00201     0.1208      7.250     -0.062   1061.382     0.5152     7.5838     -0.061    8.34422     7.5845     0.2839   15.25150 3.5819e+02 0.0000e+00
         31 157.729497    0.00208     0.1250      7.500     -0.062   1177.858     0.5745     7.5842     -0.061    8.34092     7.5849     0.3308   15.24503 4.0763e+02 0.0000e+00
         32 157.729499    0.00215     0.1292      7.750     -0.062   1312.942     0.6432     7.5845     -0.061    8.33711     7.5852     0.3852   15.23755 4.6503e+02 0.0000e+00
         33 157.729502    0.00222     0.1333      8.000     -0.062   1393.598     0.6842     7.5849     -0.061    8.33481     7.5856     0.4177   15.23304 5.2006e+02 0.0000e+00
         34 157.729505    0.00229     0.1375      8.250     -0.063   1390.838     0.6826     7.5852     -0.062    8.33483     7.5859     0.4164   15.23310 5.7360e+02 0.0000e+00
         35 157.729508    0.00236     0.1417      8.500     -0.063   1330.455     0.6515     7.5856     -0.062    8.33645     7.5862     0.3918   15.23630 6.3054e+02 0.0000e+00
         36 157.729511    0.00243     0.1458      8.750     -0.062   1249.833     0.6103     7.5859     -0.061    8.33862     7.5865     0.3592   15.24059 6.8647e+02 0.0000e+00
         37 157.729514    0.00250     0.1500      9.000     -0.062   1170.172     0.5698     7.5862     -0.061    8.34075     7.5868     0.3270   15.24483 7.3958e+02 0.0000e+00
         38 157.729517    0.00257     0.1542      9.250     -0.062   1094.889     0.5317     7.5865     -0.061    8.34277     7.5870     0.2968   15.24882 7.8703e+02 0.0000e+00
         39 157.729520    0.00264     0.1583      9.500     -0.062   1035.536     0.5017     7.5868     -0.061    8.34435     7.5873     0.2730   15.25194 8.2609e+02 0.0000e+00
         40 157.729523    0.00271     0.1625      9.750     -0.062   1000.790     0.4843     7.5870     -0.061    8.34524     7.5877     0.2592   15.25372 8.5635e+02 0.0000e+00
         41 157.729525    0.00278     0.1667     10.000     -0.062    982.921     0.4756     7.5873     -0.061    8.34566     7.5881     0.2523   15.25457 8.8641e+02 0.0000e+00
         42 157.729528    0.00285     0.1708     10.250     -0.062    978.330     0.4738     7.5877     -0.061    8.34570     7.5886     0.2508   15.25466 9.2514e+02 0.0000e+00
         43 157.729531    0.00292     0.1750     10.500     -0.062    997.724     0.4844     7.5881     -0.061    8.34505     7.5892     0.2591   15.25342 9.6950e+02 0.0000e+00
         44 157.729534    0.00299     0.1792     10.750     -0.062   1050.376     0.5123     7.5886     -0.061    8.34347     7.5899     0.2811   15.25033 1.0111e+03 0.0000e+00
         45 157.729537    0.00306     0.1833     11.000     -0.062   1115.870     0.5475     7.5892     -0.061    8.34149     7.5908     0.3090   15.24648 1.0423e+03 0.0000e+00
         46 157.729540    0.00313     0.1875     11.250     -0.061   1165.785     0.5765     7.5899     -0.060    8.33988     7.5919     0.3317   15.24336 1.0627e+03 0.0000e+00
         47 157.729543    0.00319     0.1917     11.500     -0.061   1217.778     0.6090     7.5908     -0.060    8.33811     7.5935     0.3571   15.23994 1.0720e+03 0.0000e+00
         48 157.729546    0.00326     0.1958     11.750     -0.060   1312.172     0.6671     7.5919     -0.059    8.33499     7.5956     0.4026   15.23391 1.0558e+03 0.0000e+00
         49 157.729549    0.00333     0.2000     12.000     -0.058   1465.859     0.7622     7.5935     -0.058    8.32997     7.5987     0.4771   15.22418 1.0026e+03 0.0000e+00
         50 157.729552    0.00340     0.2042     12.250     -0.056   1701.323     0.9102     7.5956     -0.055    8.32226     7.6034     0.5930   15.20923 9.2182e+02 0.0000e+00
         51 157.729554    0.00347     0.2083     12.500     -0.052   2090.759     1.1555     7.5987     -0.051    8.30959     7.6108     0.7850   15.18462 8.2857e+02 0.0000e+00
         52 157.729557    0.00354     0.2125     12.750     -0.044   2758.953     1.5739     7.6034     -0.044    8.28803     7.6225     1.1127   15.14274 7.6054e+02 0.0000e+00
         53 157.729560    0.00361     0.2167     13.000     -0.032   3877.565     2.2739     7.6108     -0.031    8.25207     7.6417     1.6609   15.07284 7.5266e+02 0.0000e+00
         54 157.729563    0.00368     0.2208     13.250     -0.012   5724.197     3.4314     7.6225     -0.011    8.19272     7.6731     2.5674   14.95747 7.6212e+02 0.0000e+00
         55 157.729566    0.00375     0.2250     13.500      0.022   8812.980     5.3662     7.6417      0.022    8.09361     7.7249     4.0827   14.76476 7.3366e+02 0.0000e+00
         56 157.729569    0.00382     0.2292     13.750      0.078  13992.767     8.6069     7.6731      0.077    7.92765     7.8032     6.6209   14.44203 6.4057e+02 0.0000e+00
         57 157.729572    0.00389     0.2333     14.000      0.167  22086.103    13.7094     7.7249      0.166    7.66715     7.8990    10.6160   13.93581 5.0018e+02 0.0000e+00
         58 157.729575    0.00396     0.2375     14.250      0.290  31444.990    19.6677     7.8032      0.287    7.36183     7.9911    15.2771   13.34360 3.6967e+02 0.0000e+00
         59 157.729578    0.00403     0.2417     14.500      0.423  38619.587    24.2588     7.8991      0.419    7.12156     8.0648    18.8631   12.87925 2.6448e+02 0.0000e+00
         60 157.729580    0.00410     0.2458     14.750      0.541  42868.258    26.9797     7.9911      0.536    6.97359     8.1180    20.9833   12.59474 1.8619e+02 0.0000e+00
         61 157.729583    0.00417     0.2500     15.000      0.639  45382.757    28.5908     8.0648      0.634    6.88292     8.1540    22.2360   12.42119 1.3773e+02 0.0000e+00
         62 157.729586    0.00424     0.2542     15.250      0.722  46869.785    29.5437     8.1180      0.716    6.82775     8.1769    22.9755   12.31595 1.0822e+02 0.0000e+00
         63 157.729589    0.00431     0.2583     15.500      0.795  47760.707    30.1151     8.1540      0.787    6.79405     8.1903    23.4184   12.25181 9.0279e+01 0.0000e+00
         64 157.729592    0.00438     0.2625     15.750      0.863  48309.725    30.4683     8.1769      0.855    6.77317     8.1965    23.6920   12.21212 7.8983e+01 0.0000e+00
         65 157.729595    0.00444     0.2667     16.000      0.925  48652.537    30.6895     8.1903      0.916    6.76029     8.1976    23.8635   12.18761 7.2032e+01 0.0000e+00
         66 157.729598    0.00451     0.2708     16.250      0.967  48861.293    30.8241     8.1966      0.957    6.75275     8.1958    23.9682   12.17318 6.7912e+01 0.0000e+00
         67 157.729601    0.00458     0.2750     16.500      0.992  48984.387    30.9029     8.1977      0.982    6.74872     8.1929    24.0298   12.16537 6.5401e+01 0.0000e+00
         68 157.729604    0.00465     0.2792     16.750      1.009  49055.406    30.9479     8.1959      0.999    6.74678     8.1893    24.0653   12.16150 6.4117e+01 0.0000e+00
         69 157.729606    0.00472     0.2833     17.000      1.022  49094.800    30.9723     8.1930      1.012    6.74600     8.1849    24.0849   12.15985 6.3666e+01 0.0000e+00
         70 157.729609    0.00479     0.2875     17.250      1.029  49116.191    30.9851     8.1894      1.019    6.74590     8.1806    24.0955   12.15950 6.3425e+01 0.0000e+00
         71 157.729612    0.00486     0.2917     17.500      1.028  49127.302    30.9912     8.1850      1.018    6.74624     8.1776    24.1010   12.15996 6.3377e+01 0.0000e+00
         72 157.729615    0.00493     0.2958     17.750      1.022  49137.652    30.9972     8.1807      1.012    6.74660     8.1769    24.1063   12.16047 6.4015e+01 0.0000e+00
         73 157.729618    0.00500     0.3000     18.000      1.015  49156.473    31.0096     8.1777      1.005    6.74650     8.1788    24.1164   12.16014 6.5533e+01 0.0000e+00
         74 157.729621    0.00507     0.3042     18.250      1.011  49181.008    31.0264     8.1770      1.002    6.74585     8.1825    24.1297   12.15885 6.7119e+01 0.0000e+00
         75 157.729624    0.00514     0.3083     18.500      1.016  49200.104    31.0399     8.1789      1.006    6.74497     8.1871    24.1400   12.15722 6.7743e+01 0.0000e+00
         76 157.729627    0.00521     0.3125     18.750      1.029  49209.306    31.0469     8.1826      1.019    6.74410     8.1916    24.1449   12.15569 6.7483e+01 0.0000e+00
         77 157.729630    0.00528     0.3167     19.000      1.047  49211.098    31.0488     8.1872      1.037    6.74331     8.1957    24.1457   12.15437 6.7091e+01 0.0000e+00
         78 157.729633    0.00535     0.3208     19.250      1.061  49208.245    31.0474     8.1917      1.051    6.74267     8.1991    24.1440   12.15333 6.7106e+01 0.0000e+00
         79 157.729635    0.00542     0.3250     19.500      1.067  49203.396    31.0447     8.1958      1.057    6.74217     8.2020    24.1412   12.15253 6.7719e+01 0.0000e+00
         80 157.729638    0.00549     0.3292     19.750      1.060  49199.329    31.0423     8.1992      1.050    6.74175     8.2043    24.1389   12.15186 6.8590e+01 0.0000e+00
         81 157.729641    0.00556     0.3333     20.000      1.041  49197.665    31.0416     8.2021      1.032    6.74135     8.2061    24.1380   12.15121 6.8955e+01 0.0000e+00
         82 157.729644    0.00562     0.3375     20.250      1.020  49197.442    31.0418     8.2044      1.010    6.74098     8.2072    24.1378   12.15060 6.8396e+01 0.0000e+00
         83 157.729647    0.00569     0.3417     20.500      1.005  49196.502    31.0414     8.2062      0.995    6.74073     8.2074    24.1373   12.15019 6.7626e+01 0.0000e+00
         84 157.729650    0.00576     0.3458     20.750      1.002  49193.489    31.0395     8.2073      0.992    6.74066     8.2066    24.1356   12.15009 6.7679e+01 0.0000e+00
         85 157.729653    0.00583     0.3500     21.000      1.009  49187.663    31.0354     8.2075      1.000    6.74080     8.2043    24.1324   12.15038 6.8296e+01 0.0000e+00
         86 157.729656    0.00590     0.3542     21.250      1.020  49179.250    31.0294     8.2067      1.010    6.74119     8.2000    24.1278   12.15109 6.8910e+01 0.0000e+00
         87 157.729659    0.00597     0.3583     21.500      1.022  49172.032    31.0240     8.2044      1.012    6.74177     8.1937    24.1239   12.15211 6.9777e+01 0.0000e+00
         88 157.729661    0.00604     0.3625     21.750      1.005  49171.545    31.0231     8.2001      0.995    6.74246     8.1866    24.1237   12.15327 7.1288e+01 0.0000e+00
         89 157.729664    0.00611     0.3667     22.000      0.959  49179.002    31.0273     8.1938      0.950    6.74324     8.1809    24.1280   12.15451 7.3627e+01 0.0000e+00
         90 157.729667    0.00618     0.3708     22.250      0.887  49191.404    31.0350     8.1867      0.878    6.74399     8.1786    24.1350   12.15567 7.6926e+01 0.0000e+00
