CTD-processing/allCTD/CNV--turbid/2012_07-02_t9_s08_cast171.cnv
* Sea-Bird SBE19plus Data File:
* FileName = C:\Documents and Settings\kris.holderied.local\My Documents\CTD-data-upload-2012-07-28\CTD5028-upload-2012-07-28-cast171.hex
* Software Version 1.54
* Temperature SN =  5028
* Conductivity SN =  5028
* System UpLoad Time = Jul 28 2012 12:17:31
** Kachemak Bay - CTD data - upload all 2012-07-28
** Date:  2012-07-02   xxxx Tide (x of 2 lines)
** Station: 9.08
** Start time (AKDT-24 hr):1511
** Depth (ft):310
** Comments:  Significant driftin from station. Not much wind so possible strong under tow?
# nquan = 16
# nvalues = 490                         
# units = specified
# name 0 = scan: Scan Count
# name 1 = timeJ: Julian Days
# name 2 = timeH: Time, Elapsed [hours]
# name 3 = timeM: Time, Elapsed [minutes]
# name 4 = timeS: Time, Elapsed [seconds]
# name 5 = prdM: Pressure, Strain Gauge [db]
# name 6 = specc: Specific Conductance [uS/cm]
# name 7 = sal00: Salinity, Practical [PSU]
# name 8 = tv290C: Temperature [ITS-90, deg C]
# name 9 = depSM: Depth [salt water, m], lat = 59.00
# name 10 = oxsolML/L: Oxygen Saturation, Garcia & Gordon [ml/l]
# name 11 = potemp090C: Potential Temperature [ITS-90, deg C]
# name 12 = sigma-é00: Density [sigma-theta, kg/m^3]
# name 13 = n2satML/L: Nitrogen Saturation [ml/l]
# name 14 = par: PAR/Irradiance, Biospherical/Licor [umol photons/m^2/sec]
# name 15 = flag:  0.000e+00
# span 0 =          1,        490       
# span 1 = 184.633981, 184.635396       
# span 2 =    0.00000,    0.03396       
# span 3 =     0.0000,     2.0375       
# span 4 =      0.000,    122.250       
# span 5 =     -0.067,     85.707       
# span 6 =   2097.915,  50610.459       
# span 7 =     1.1722,    31.5836       
# span 8 =     5.8975,    10.9012       
# span 9 =     -0.066,     84.888       
# span 10 =    6.43547,    7.84210      
# span 11 =     5.8907,    10.9011      
# span 12 =     0.6171,    24.8669      
# span 13 =   11.66842,   14.39589      
# span 14 = 4.9108e-02, 3.7690e+02      
# span 15 = 0.0000e+00, 0.0000e+00      
# interval = seconds: 0.25
# start_time = Jul 02 2012 15:12:56 [Instrument's time stamp, header]
# bad_flag = -9.990e-29
*END*
[from data line 181]
        182 184.634505    0.01257     0.7542     45.250      1.243  46963.355    29.7331    10.1142      1.231    6.51521    10.1284    22.8245   11.79257 2.1233e+02 0.0000e+00
        183 184.634508    0.01264     0.7583     45.500      1.219  46954.683    29.7278    10.1207      1.208    6.51451    10.1353    22.8193   11.79146 2.1246e+02 0.0000e+00
        184 184.634511    0.01271     0.7625     45.750      1.203  46941.632    29.7196    10.1285      1.192    6.51374    10.1400    22.8116   11.79028 2.1206e+02 0.0000e+00
        185 184.634514    0.01278     0.7667     46.000      1.199  46928.565    29.7113    10.1354      1.188    6.51311    10.1420    22.8040   11.78934 2.1170e+02 0.0000e+00
        186 184.634517    0.01285     0.7708     46.250      1.208  46919.274    29.7053    10.1401      1.197    6.51269    10.1414    22.7986   11.78872 2.1155e+02 0.0000e+00
        187 184.634520    0.01292     0.7750     46.500      1.227  46915.595    29.7030    10.1421      1.215    6.51250    10.1394    22.7964   11.78844 2.1177e+02 0.0000e+00
        188 184.634523    0.01299     0.7792     46.750      1.249  46917.405    29.7042    10.1415      1.237    6.51253    10.1373    22.7975   11.78847 2.1230e+02 0.0000e+00
        189 184.634525    0.01306     0.7833     47.000      1.270  46922.969    29.7078    10.1395      1.258    6.51267    10.1364    22.8006   11.78866 2.1302e+02 0.0000e+00
        190 184.634528    0.01313     0.7875     47.250      1.285  46929.423    29.7121    10.1374      1.273    6.51279    10.1374    22.8043   11.78880 2.1358e+02 0.0000e+00
        191 184.634531    0.01319     0.7917     47.500      1.294  46934.253    29.7153    10.1366      1.282    6.51277    10.1402    22.8070   11.78873 2.1358e+02 0.0000e+00
        192 184.634534    0.01326     0.7958     47.750      1.296  46936.080    29.7167    10.1376      1.284    6.51257    10.1444    22.8079   11.78839 2.1303e+02 0.0000e+00
        193 184.634537    0.01333     0.8000     48.000      1.292  46934.678    29.7161    10.1404      1.280    6.51220    10.1490    22.8069   11.78777 2.1250e+02 0.0000e+00
        194 184.634540    0.01340     0.8042     48.250      1.285  46930.890    29.7139    10.1445      1.273    6.51170    10.1533    22.8046   11.78697 2.1327e+02 0.0000e+00
        195 184.634543    0.01347     0.8083     48.500      1.276  46925.990    29.7110    10.1491      1.264    6.51116    10.1568    22.8016   11.78612 2.1528e+02 0.0000e+00
        196 184.634546    0.01354     0.8125     48.750      1.267  46921.077    29.7081    10.1534      1.256    6.51068    10.1593    22.7986   11.78535 2.1688e+02 0.0000e+00
        197 184.634549    0.01361     0.8167     49.000      1.261  46916.970    29.7056    10.1569      1.249    6.51028    10.1608    22.7961   11.78472 2.1787e+02 0.0000e+00
        198 184.634552    0.01368     0.8208     49.250      1.255  46914.050    29.7038    10.1594      1.243    6.51000    10.1615    22.7943   11.78427 2.1855e+02 0.0000e+00
        199 184.634554    0.01375     0.8250     49.500      1.251  46912.039    29.7026    10.1609      1.240    6.50984    10.1620    22.7931   11.78401 2.1818e+02 0.0000e+00
        200 184.634557    0.01382     0.8292     49.750      1.250  46910.271    29.7015    10.1616      1.239    6.50978    10.1623    22.7921   11.78393 2.1682e+02 0.0000e+00
        201 184.634560    0.01389     0.8333     50.000      1.254  46908.258    29.7001    10.1621      1.242    6.50977    10.1625    22.7910   11.78393 2.1688e+02 0.0000e+00
        202 184.634563    0.01396     0.8375     50.250      1.261  46906.288    29.6988    10.1625      1.250    6.50978    10.1628    22.7899   11.78397 2.2007e+02 0.0000e+00
        203 184.634566    0.01403     0.8417     50.500      1.271  46905.359    29.6981    10.1627      1.259    6.50977    10.1633    22.7893   11.78396 2.2406e+02 0.0000e+00
        204 184.634569    0.01410     0.8458     50.750      1.278  46905.811    29.6985    10.1629      1.266    6.50972    10.1642    22.7896   11.78387 2.2633e+02 0.0000e+00
        205 184.634572    0.01417     0.8500     51.000      1.280  46906.428    29.6990    10.1634      1.268    6.50963    10.1656    22.7899   11.78371 2.2758e+02 0.0000e+00
        206 184.634575    0.01424     0.8542     51.250      1.279  46905.470    29.6984    10.1644      1.267    6.50952    10.1672    22.7893   11.78354 2.2911e+02 0.0000e+00
        207 184.634578    0.01431     0.8583     51.500      1.279  46902.401    29.6964    10.1658      1.267    6.50940    10.1684    22.7875   11.78337 2.3046e+02 0.0000e+00
        208 184.634580    0.01438     0.8625     51.750      1.286  46898.224    29.6936    10.1673      1.274    6.50930    10.1691    22.7851   11.78322 2.3011e+02 0.0000e+00
        209 184.634583    0.01444     0.8667     52.000      1.300  46894.740    29.6913    10.1686      1.287    6.50921    10.1692    22.7831   11.78311 2.2798e+02 0.0000e+00
        210 184.634586    0.01451     0.8708     52.250      1.314  46893.587    29.6906    10.1692      1.302    6.50915    10.1689    22.7825   11.78301 2.2635e+02 0.0000e+00
        211 184.634589    0.01458     0.8750     52.500      1.322  46895.062    29.6916    10.1693      1.309    6.50909    10.1684    22.7833   11.78291 2.2692e+02 0.0000e+00
        212 184.634592    0.01465     0.8792     52.750      1.317  46897.611    29.6934    10.1690      1.305    6.50906    10.1676    22.7847   11.78284 2.2863e+02 0.0000e+00
        213 184.634595    0.01472     0.8833     53.000      1.301  46899.037    29.6944    10.1685      1.289    6.50910    10.1660    22.7855   11.78289 2.2965e+02 0.0000e+00
        214 184.634598    0.01479     0.8875     53.250      1.281  46898.232    29.6937    10.1677      1.268    6.50923    10.1615    22.7851   11.78311 2.2934e+02 0.0000e+00
        215 184.634601    0.01486     0.8917     53.500      1.267  46895.741    29.6918    10.1661      1.255    6.50955    10.1516    22.7839   11.78367 2.2808e+02 0.0000e+00
        216 184.634604    0.01493     0.8958     53.750      1.269  46894.337    29.6903    10.1616      1.257    6.51025    10.1342    22.7834   11.78485 2.2582e+02 0.0000e+00
        217 184.634606    0.01500     0.9000     54.000      1.290  46898.078    29.6917    10.1517      1.278    6.51160    10.1108    22.7862   11.78707 2.2261e+02 0.0000e+00
        218 184.634609    0.01507     0.9042     54.250      1.325  46911.377    29.6990    10.1343      1.312    6.51378    10.0867    22.7946   11.79060 2.1983e+02 0.0000e+00
        219 184.634612    0.01514     0.9083     54.500      1.359  46937.395    29.7145    10.1109      1.346    6.51648    10.0689    22.8104   11.79489 2.1804e+02 0.0000e+00
        220 184.634615    0.01521     0.9125     54.750      1.381  46971.890    29.7359    10.0868      1.368    6.51903    10.0631    22.8309   11.79886 2.1727e+02 0.0000e+00
        221 184.634618    0.01528     0.9167     55.000      1.383  47001.764    29.7547    10.0691      1.370    6.52078    10.0690    22.8485   11.80153 2.1814e+02 0.0000e+00
        222 184.634621    0.01535     0.9208     55.250      1.369  47013.617    29.7623    10.0632      1.356    6.52130    10.0798    22.8554   11.80231 2.2039e+02 0.0000e+00
        223 184.634624    0.01542     0.9250     55.500      1.352  47004.952    29.7569    10.0691      1.339    6.52068    10.0874    22.8503   11.80134 2.2292e+02 0.0000e+00
        224 184.634627    0.01549     0.9292     55.750      1.345  46986.334    29.7452    10.0799      1.333    6.51962    10.0868    22.8393   11.79973 2.2440e+02 0.0000e+00
        225 184.634630    0.01556     0.9333     56.000      1.355  46972.019    29.7360    10.0875      1.343    6.51892    10.0785    22.8310   11.79868 2.2349e+02 0.0000e+00
        226 184.634633    0.01563     0.9375     56.250      1.378  46970.854    29.7351    10.0870      1.366    6.51903    10.0673    22.8304   11.79888 2.2025e+02 0.0000e+00
        227 184.634635    0.01569     0.9417     56.500      1.405  46983.514    29.7430    10.0787      1.393    6.51990    10.0597    22.8379   11.80021 2.1671e+02 0.0000e+00
        228 184.634638    0.01576     0.9458     56.750      1.427  47003.321    29.7556    10.0675      1.414    6.52096    10.0601    22.8495   11.80183 2.1487e+02 0.0000e+00
        229 184.634641    0.01583     0.9500     57.000      1.436  47019.797    29.7662    10.0599      1.423    6.52162    10.0699    22.8590   11.80278 2.1531e+02 0.0000e+00
        230 184.634644    0.01590     0.9542     57.250      1.432  47023.897    29.7692    10.0603      1.419    6.52144    10.0858    22.8612   11.80245 2.1777e+02 0.0000e+00
        231 184.634647    0.01597     0.9583     57.500      1.418  47012.876    29.7626    10.0701      1.405    6.52031    10.1026    22.8545   11.80066 2.2136e+02 0.0000e+00
        232 184.634650    0.01604     0.9625     57.750      1.397  46991.692    29.7496    10.0859      1.384    6.51858    10.1166    22.8418   11.79795 2.2389e+02 0.0000e+00
        233 184.634653    0.01611     0.9667     58.000      1.376  46967.855    29.7349    10.1027      1.363    6.51680    10.1260    22.8277   11.79517 2.2316e+02 0.0000e+00
        234 184.634656    0.01618     0.9708     58.250      1.362  46946.394    29.7215    10.1167      1.349    6.51536    10.1297    22.8150   11.79294 2.1945e+02 0.0000e+00
        235 184.634659    0.01625     0.9750     58.500      1.362  46929.907    29.7110    10.1262      1.349    6.51445    10.1265    22.8053   11.79155 2.1509e+02 0.0000e+00
        236 184.634661    0.01632     0.9792     58.750      1.378  46920.578    29.7049    10.1299      1.365    6.51417    10.1155    22.7999   11.79116 2.1229e+02 0.0000e+00
        237 184.634664    0.01639     0.9833     59.000      1.406  46921.206    29.7050    10.1267      1.393    6.51463    10.0991    22.8005   11.79193 2.1178e+02 0.0000e+00
        238 184.634667    0.01646     0.9875     59.250      1.438  46933.861    29.7125    10.1157      1.424    6.51588    10.0830    22.8082   11.79391 2.1252e+02 0.0000e+00
        239 184.634670    0.01653     0.9917     59.500      1.462  46956.710    29.7266    10.0993      1.448    6.51763    10.0729    22.8218   11.79665 2.1327e+02 0.0000e+00
        240 184.634673    0.01660     0.9958     59.750      1.471  46981.684    29.7422    10.0832      1.457    6.51929    10.0715    22.8365   11.79921 2.1412e+02 0.0000e+00
        241 184.634676    0.01667     1.0000     60.000      1.463  46997.620    29.7522    10.0731      1.449    6.52032    10.0764    22.8459   11.80079 2.1590e+02 0.0000e+00
        242 184.634679    0.01674     1.0042     60.250      1.444  46997.766    29.7522    10.0717      1.430    6.52052    10.0813    22.8461   11.80113 2.1856e+02 0.0000e+00
        243 184.634682    0.01681     1.0083     60.500      1.425  46984.055    29.7432    10.0766      1.411    6.52020    10.0805    22.8383   11.80071 2.2110e+02 0.0000e+00
        244 184.634685    0.01688     1.0125     60.750      1.415  46964.765    29.7302    10.0815      1.401    6.52003    10.0694    22.8274   11.80059 2.2287e+02 0.0000e+00
        245 184.634688    0.01694     1.0167     61.000      1.418  46948.471    29.7187    10.0806      1.405    6.52064    10.0444    22.8185   11.80174 2.2307e+02 0.0000e+00
        246 184.634690    0.01701     1.0208     61.250      1.433  46939.691    29.7112    10.0695      1.419    6.52255    10.0046    22.8145   11.80499 2.2047e+02 0.0000e+00
        247 184.634693    0.01708     1.0250     61.500      1.453  46943.047    29.7106    10.0445      1.439    6.52616     9.9560    22.8180   11.81099 2.1597e+02 0.0000e+00
        248 184.634696    0.01715     1.0292     61.750      1.472  46966.135    29.7220    10.0047      1.458    6.53139     9.9084    22.8333   11.81952 2.1282e+02 0.0000e+00
        249 184.634699    0.01722     1.0333     62.000      1.487  47007.935    29.7455     9.9561      1.473    6.53739     9.8686    22.8593   11.82918 2.1294e+02 0.0000e+00
        250 184.634702    0.01729     1.0375     62.250      1.494  47055.602    29.7732     9.9085      1.480    6.54306     9.8383    22.8885   11.83825 2.1580e+02 0.0000e+00
        251 184.634705    0.01736     1.0417     62.500      1.493  47098.134    29.7982     9.8687      1.478    6.54774     9.8168    22.9143   11.84570 2.1983e+02 0.0000e+00
        252 184.634708    0.01743     1.0458     62.750      1.483  47131.936    29.8182     9.8384      1.468    6.55126     9.8028    22.9348   11.85130 2.2364e+02 0.0000e+00
        253 184.634711    0.01750     1.0500     63.000      1.468  47156.841    29.8331     9.8169      1.453    6.55372     9.7944    22.9498   11.85521 2.2623e+02 0.0000e+00
        254 184.634714    0.01757     1.0542     63.250      1.453  47173.900    29.8434     9.8029      1.439    6.55531     9.7902    22.9600   11.85772 2.2688e+02 0.0000e+00
        255 184.634716    0.01764     1.0583     63.500      1.447  47184.629    29.8499     9.7946      1.433    6.55624     9.7882    22.9664   11.85918 2.2520e+02 0.0000e+00
        256 184.634719    0.01771     1.0625     63.750      1.455  47190.392    29.8534     9.7903      1.441    6.55671     9.7871    22.9698   11.85991 2.2186e+02 0.0000e+00
        257 184.634722    0.01778     1.0667     64.000      1.476  47192.745    29.8548     9.7884      1.462    6.55693     9.7855    22.9712   11.86026 2.1891e+02 0.0000e+00
        258 184.634725    0.01785     1.0708     64.250      1.505  47193.336    29.8551     9.7873      1.491    6.55708     9.7825    22.9716   11.86050 2.1728e+02 0.0000e+00
        259 184.634728    0.01792     1.0750     64.500      1.536  47193.490    29.8550     9.7857      1.521    6.55731     9.7771    22.9718   11.86089 2.1588e+02 0.0000e+00
        260 184.634731    0.01799     1.0792     64.750      1.568  47194.631    29.8554     9.7826      1.554    6.55774     9.7687    22.9725   11.86160 2.1361e+02 0.0000e+00
        261 184.634734    0.01806     1.0833     65.000      1.612  47197.976    29.8570     9.7773      1.597    6.55846     9.7558    22.9747   11.86276 2.1020e+02 0.0000e+00
        262 184.634737    0.01812     1.0875     65.250      1.683  47203.915    29.8601     9.7689      1.667    6.55955     9.7358    22.9784   11.86454 2.0565e+02 0.0000e+00
        263 184.634740    0.01819     1.0917     65.500      1.800  47213.388    29.8650     9.7560      1.783    6.56121     9.7046    22.9842   11.86723 1.9918e+02 0.0000e+00
        264 184.634742    0.01826     1.0958     65.750      1.974  47229.487    29.8737     9.7360      1.955    6.56377     9.6566    22.9941   11.87136 1.8974e+02 0.0000e+00
        265 184.634745    0.01833     1.1000     66.000      2.203  47256.676    29.8887     9.7049      2.182    6.56767     9.5828    23.0106   11.87765 1.7729e+02 0.0000e+00
        266 184.634748    0.01840     1.1042     66.250      2.477  47300.885    29.9134     9.6569      2.453    6.57364     9.4743    23.0373   11.88724 1.6307e+02 0.0000e+00
        267 184.634751    0.01847     1.1083     66.500      2.785  47373.032    29.9543     9.5831      2.759    6.58269     9.3293    23.0807   11.90175 1.4912e+02 0.0000e+00
        268 184.634754    0.01854     1.1125     66.750      3.116  47488.322    30.0208     9.4746      3.087    6.59577     9.1614    23.1494   11.92261 1.3698e+02 0.0000e+00
        269 184.634757    0.01861     1.1167     67.000      3.461  47660.128    30.1220     9.3297      3.429    6.61274     8.9956    23.2506   11.94949 1.2700e+02 0.0000e+00
        270 184.634760    0.01868     1.1208     67.250      3.813  47880.196    30.2537     9.1618      3.777    6.63185     8.8519    23.3791   11.97955 1.1876e+02 0.0000e+00
        271 184.634763    0.01875     1.1250     67.500      4.165  48108.925    30.3915     8.9961      4.126    6.65046     8.7367    23.5119   12.00869 1.1181e+02 0.0000e+00
