CTD-processing/allCTD/CNV--turbid/2012-07-30-cookinlet-tran6-cast087-s17.cnv
* Sea-Bird SBE19plus Data File:
* FileName = C:\Documents and Settings\kris.holderied.local\My Documents\2012-07-EVOS-CookInlet-Ocean\2012-07-CookInlet-Tran6-Douglas\2012-07-31-CookInlet-Tran6-cast087.hex
* Software Version 1.54
* Temperature SN =  4141
* Conductivity SN =  4141
* System UpLoad Time = Jul 31 2012 08:19:04
** Cook Inlet LTM Transect 6 (Douglas line)  East to West
** Date:  2012-07-30
** Station:  6-17
** Start time (AKDT-24 hr): 2048
** Depth (m): 163
** Comment: 506-0.2km
# nquan = 16
# nvalues = 1045                        
# units = specified
# name 0 = scan: Scan Count
# name 1 = timeJ: Julian Days
# name 2 = timeH: Time, Elapsed [hours]
# name 3 = timeM: Time, Elapsed [minutes]
# name 4 = timeS: Time, Elapsed [seconds]
# name 5 = prdM: Pressure, Strain Gauge [db]
# name 6 = specc: Specific Conductance [uS/cm]
# name 7 = sal00: Salinity, Practical [PSU]
# name 8 = tv290C: Temperature [ITS-90, deg C]
# name 9 = depSM: Depth [salt water, m], lat = 59.00
# name 10 = oxsolML/L: Oxygen Saturation, Garcia & Gordon [ml/l]
# name 11 = potemp090C: Potential Temperature [ITS-90, deg C]
# name 12 = sigma-é00: Density [sigma-theta, kg/m^3]
# name 13 = n2satML/L: Nitrogen Saturation [ml/l]
# name 14 = par: PAR/Irradiance, Biospherical/Licor
# name 15 = flag:  0.000e+00
# span 0 =          1,       1045       
# span 1 = 212.867546, 212.870567       
# span 2 =    0.00000,    0.07250       
# span 3 =     0.0000,     4.3500       
# span 4 =      0.000,    261.000       
# span 5 =     -0.072,    150.583       
# span 6 =    192.108,  51555.733       
# span 7 =     0.0895,    32.2319       
# span 8 =     6.0218,     9.5939       
# span 9 =     -0.071,    149.121       
# span 10 =    6.53469,    7.97145      
# span 11 =     6.0096,     9.5938      
# span 12 =    -0.1923,    25.3641      
# span 13 =   11.80458,   14.62924      
# span 14 = 4.2245e-02, 2.6313e+02      
# span 15 = 0.0000e+00, 0.0000e+00      
# interval = seconds: 0.25
# start_time = Jul 30 2012 20:49:16 [Instrument's time stamp, header]
# bad_flag = -9.990e-29
*END*
[from data line 91]
         92 212.867810    0.00632     0.3792     22.750      2.343  49599.954    31.4860     9.3304      2.321    6.55446     9.3337    24.3166   11.83646 7.5595e+01 0.0000e+00
         93 212.867813    0.00639     0.3833     23.000      2.269  49592.486    31.4812     9.3333      2.248    6.55424     9.3322    24.3124   11.83615 8.1535e+01 0.0000e+00
         94 212.867815    0.00646     0.3875     23.250      2.206  49588.060    31.4782     9.3339      2.185    6.55428     9.3295    24.3099   11.83625 8.5382e+01 0.0000e+00
         95 212.867818    0.00653     0.3917     23.500      2.160  49585.857    31.4764     9.3324      2.140    6.55456     9.3264    24.3088   11.83674 8.5555e+01 0.0000e+00
         96 212.867821    0.00660     0.3958     23.750      2.136  49585.475    31.4758     9.3297      2.116    6.55499     9.3239    24.3088   11.83745 8.4040e+01 0.0000e+00
         97 212.867824    0.00667     0.4000     24.000      2.136  49586.593    31.4762     9.3266      2.116    6.55542     9.3224    24.3095   11.83816 8.2259e+01 0.0000e+00
         98 212.867827    0.00674     0.4042     24.250      2.157  49588.410    31.4771     9.3241      2.137    6.55574     9.3221    24.3107   11.83869 8.0491e+01 0.0000e+00
         99 212.867830    0.00681     0.4083     24.500      2.196  49590.246    31.4782     9.3227      2.176    6.55590     9.3227    24.3117   11.83894 7.9551e+01 0.0000e+00
        100 212.867833    0.00688     0.4125     24.750      2.246  49591.884    31.4793     9.3224      2.225    6.55589     9.3238    24.3126   11.83891 7.9289e+01 0.0000e+00
        101 212.867836    0.00694     0.4167     25.000      2.302  49593.535    31.4805     9.3230      2.280    6.55576     9.3249    24.3135   11.83867 7.8371e+01 0.0000e+00
        102 212.867839    0.00701     0.4208     25.250      2.357  49595.504    31.4820     9.3241      2.334    6.55555     9.3261    24.3145   11.83830 7.6312e+01 0.0000e+00
        103 212.867841    0.00708     0.4250     25.500      2.408  49598.045    31.4839     9.3252      2.385    6.55530     9.3273    24.3158   11.83787 7.3797e+01 0.0000e+00
        104 212.867844    0.00715     0.4292     25.750      2.452  49601.472    31.4865     9.3264      2.429    6.55502     9.3285    24.3176   11.83738 7.1357e+01 0.0000e+00
        105 212.867847    0.00722     0.4333     26.000      2.489  49606.116    31.4899     9.3275      2.466    6.55470     9.3298    24.3201   11.83681 6.9797e+01 0.0000e+00
        106 212.867850    0.00729     0.4375     26.250      2.516  49611.990    31.4942     9.3287      2.493    6.55435     9.3315    24.3233   11.83617 6.9647e+01 0.0000e+00
        107 212.867853    0.00736     0.4417     26.500      2.531  49618.171    31.4987     9.3301      2.507    6.55396     9.3338    24.3266   11.83547 7.0821e+01 0.0000e+00
        108 212.867856    0.00743     0.4458     26.750      2.532  49623.216    31.5025     9.3318      2.508    6.55356     9.3370    24.3293   11.83476 7.3028e+01 0.0000e+00
        109 212.867859    0.00750     0.4500     27.000      2.517  49625.899    31.5047     9.3340      2.494    6.55314     9.3411    24.3307   11.83404 7.5386e+01 0.0000e+00
        110 212.867862    0.00757     0.4542     27.250      2.487  49625.240    31.5047     9.3372      2.464    6.55267     9.3456    24.3301   11.83328 7.6899e+01 0.0000e+00
        111 212.867865    0.00764     0.4583     27.500      2.443  49621.276    31.5025     9.3413      2.420    6.55217     9.3500    24.3278   11.83248 7.7094e+01 0.0000e+00
        112 212.867867    0.00771     0.4625     27.750      2.388  49615.216    31.4988     9.3458      2.366    6.55167     9.3540    24.3242   11.83169 7.6659e+01 0.0000e+00
        113 212.867870    0.00778     0.4667     28.000      2.328  49608.386    31.4947     9.3502      2.306    6.55120     9.3570    24.3203   11.83097 7.6970e+01 0.0000e+00
        114 212.867873    0.00785     0.4708     28.250      2.270  49601.530    31.4904     9.3542      2.248    6.55082     9.3590    24.3163   11.83038 7.8429e+01 0.0000e+00
        115 212.867876    0.00792     0.4750     28.500      2.220  49594.844    31.4861     9.3573      2.199    6.55055     9.3595    24.3125   11.82999 8.0575e+01 0.0000e+00
        116 212.867879    0.00799     0.4792     28.750      2.184  49588.671    31.4821     9.3592      2.164    6.55044     9.3586    24.3091   11.82985 8.2621e+01 0.0000e+00
        117 212.867882    0.00806     0.4833     29.000      2.165  49583.757    31.4787     9.3598      2.145    6.55050     9.3563    24.3063   11.82999 8.3269e+01 0.0000e+00
        118 212.867885    0.00813     0.4875     29.250      2.164  49580.498    31.4763     9.3588      2.144    6.55074     9.3534    24.3046   11.83042 8.2309e+01 0.0000e+00
        119 212.867888    0.00819     0.4917     29.500      2.178  49578.886    31.4748     9.3566      2.158    6.55113     9.3505    24.3038   11.83107 8.1417e+01 0.0000e+00
        120 212.867891    0.00826     0.4958     29.750      2.202  49579.151    31.4746     9.3537      2.181    6.55155     9.3480    24.3041   11.83178 8.1457e+01 0.0000e+00
        121 212.867894    0.00833     0.5000     30.000      2.231  49581.497    31.4759     9.3508      2.210    6.55192     9.3461    24.3055   11.83238 8.1550e+01 0.0000e+00
        122 212.867896    0.00840     0.5042     30.250      2.259  49585.948    31.4786     9.3483      2.238    6.55217     9.3448    24.3081   11.83276 8.1215e+01 0.0000e+00
        123 212.867899    0.00847     0.5083     30.500      2.284  49592.500    31.4830     9.3464      2.262    6.55227     9.3440    24.3118   11.83286 8.0498e+01 0.0000e+00
        124 212.867902    0.00854     0.5125     30.750      2.303  49600.581    31.4885     9.3450      2.282    6.55223     9.3437    24.3163   11.83273 7.8951e+01 0.0000e+00
        125 212.867905    0.00861     0.5167     31.000      2.318  49608.757    31.4941     9.3443      2.297    6.55210     9.3439    24.3208   11.83245 7.6812e+01 0.0000e+00
        126 212.867908    0.00868     0.5208     31.250      2.330  49615.806    31.4990     9.3440      2.308    6.55194     9.3446    24.3247   11.83212 7.5285e+01 0.0000e+00
        127 212.867911    0.00875     0.5250     31.500      2.340  49621.205    31.5029     9.3442      2.318    6.55175     9.3458    24.3276   11.83176 7.4619e+01 0.0000e+00
        128 212.867914    0.00882     0.5292     31.750      2.352  49624.539    31.5053     9.3449      2.331    6.55154     9.3471    24.3294   11.83138 7.3611e+01 0.0000e+00
        129 212.867917    0.00889     0.5333     32.000      2.369  49625.670    31.5062     9.3460      2.347    6.55134     9.3486    24.3300   11.83103 7.1606e+01 0.0000e+00
        130 212.867920    0.00896     0.5375     32.250      2.390  49624.791    31.5058     9.3474      2.368    6.55116     9.3499    24.3294   11.83074 6.9875e+01 0.0000e+00
        131 212.867922    0.00903     0.5417     32.500      2.416  49622.505    31.5044     9.3488      2.393    6.55101     9.3510    24.3281   11.83051 6.9879e+01 0.0000e+00
        132 212.867925    0.00910     0.5458     32.750      2.443  49620.131    31.5029     9.3501      2.420    6.55088     9.3521    24.3267   11.83032 7.1591e+01 0.0000e+00
        133 212.867928    0.00917     0.5500     33.000      2.468  49619.163    31.5023     9.3512      2.445    6.55074     9.3535    24.3261   11.83010 7.3867e+01 0.0000e+00
        134 212.867931    0.00924     0.5542     33.250      2.488  49620.196    31.5032     9.3523      2.465    6.55055     9.3555    24.3266   11.82977 7.5421e+01 0.0000e+00
        135 212.867934    0.00931     0.5583     33.500      2.498  49622.199    31.5048     9.3537      2.475    6.55027     9.3585    24.3277   11.82930 7.6058e+01 0.0000e+00
        136 212.867937    0.00937     0.5625     33.750      2.495  49623.182    31.5058     9.3558      2.472    6.54994     9.3625    24.3281   11.82873 7.6449e+01 0.0000e+00
        137 212.867940    0.00944     0.5667     34.000      2.478  49621.679    31.5052     9.3587      2.456    6.54954     9.3671    24.3271   11.82808 7.7078e+01 0.0000e+00
        138 212.867943    0.00951     0.5708     34.250      2.449  49617.517    31.5028     9.3627      2.427    6.54906     9.3714    24.3247   11.82732 7.7827e+01 0.0000e+00
        139 212.867946    0.00958     0.5750     34.500      2.410  49611.742    31.4993     9.3673      2.388    6.54855     9.3752    24.3213   11.82650 7.7854e+01 0.0000e+00
        140 212.867948    0.00965     0.5792     34.750      2.366  49605.704    31.4957     9.3716      2.344    6.54806     9.3783    24.3177   11.82575 7.7380e+01 0.0000e+00
        141 212.867951    0.00972     0.5833     35.000      2.319  49600.164    31.4923     9.3754      2.298    6.54765     9.3807    24.3145   11.82512 7.8072e+01 0.0000e+00
        142 212.867954    0.00979     0.5875     35.250      2.274  49595.309    31.4894     9.3786      2.253    6.54733     9.3825    24.3117   11.82462 7.9895e+01 0.0000e+00
        143 212.867957    0.00986     0.5917     35.500      2.232  49591.075    31.4867     9.3810      2.211    6.54709     9.3838    24.3093   11.82425 8.0906e+01 0.0000e+00
        144 212.867960    0.00993     0.5958     35.750      2.194  49587.235    31.4843     9.3828      2.174    6.54693     9.3847    24.3071   11.82402 8.0367e+01 0.0000e+00
        145 212.867963    0.01000     0.6000     36.000      2.163  49583.469    31.4818     9.3841      2.143    6.54685     9.3853    24.3049   11.82391 7.9224e+01 0.0000e+00
        146 212.867966    0.01007     0.6042     36.250      2.141  49579.505    31.4791     9.3849      2.121    6.54684     9.3855    24.3027   11.82392 7.8295e+01 0.0000e+00
        147 212.867969    0.01014     0.6083     36.500      2.130  49575.332    31.4763     9.3855      2.110    6.54688     9.3853    24.3004   11.82403 7.7814e+01 0.0000e+00
        148 212.867972    0.01021     0.6125     36.750      2.133  49571.317    31.4735     9.3857      2.113    6.54697     9.3848    24.2982   11.82421 7.7951e+01 0.0000e+00
        149 212.867975    0.01028     0.6167     37.000      2.152  49567.836    31.4710     9.3855      2.131    6.54710     9.3845    24.2962   11.82445 7.8571e+01 0.0000e+00
        150 212.867977    0.01035     0.6208     37.250      2.187  49564.903    31.4689     9.3851      2.166    6.54726     9.3854    24.2946   11.82474 7.8645e+01 0.0000e+00
        151 212.867980    0.01042     0.6250     37.500      2.236  49562.797    31.4673     9.3848      2.215    6.54737     9.3880    24.2935   11.82494 7.7523e+01 0.0000e+00
        152 212.867983    0.01049     0.6292     37.750      2.296  49561.569    31.4665     9.3856      2.274    6.54727     9.3922    24.2927   11.82479 7.5567e+01 0.0000e+00
        153 212.867986    0.01056     0.6333     38.000      2.359  49560.207    31.4659     9.3883      2.337    6.54691     9.3966    24.2918   11.82420 7.3179e+01 0.0000e+00
        154 212.867989    0.01063     0.6375     38.250      2.418  49558.221    31.4651     9.3924      2.395    6.54635     9.4004    24.2905   11.82328 7.1332e+01 0.0000e+00
        155 212.867992    0.01069     0.6417     38.500      2.467  49556.447    31.4644     9.3969      2.444    6.54574     9.4034    24.2893   11.82227 7.0943e+01 0.0000e+00
        156 212.867995    0.01076     0.6458     38.750      2.501  49555.903    31.4645     9.4006      2.478    6.54518     9.4058    24.2888   11.82136 7.1888e+01 0.0000e+00
        157 212.867998    0.01083     0.6500     39.000      2.519  49556.472    31.4653     9.4036      2.495    6.54471     9.4073    24.2890   11.82058 7.3517e+01 0.0000e+00
        158 212.868001    0.01090     0.6542     39.250      2.519  49557.232    31.4662     9.4060      2.496    6.54433     9.4077    24.2893   11.81993 7.5182e+01 0.0000e+00
        159 212.868003    0.01097     0.6583     39.500      2.506  49557.829    31.4668     9.4075      2.482    6.54409     9.4074    24.2895   11.81952 7.6609e+01 0.0000e+00
        160 212.868006    0.01104     0.6625     39.750      2.483  49558.510    31.4674     9.4080      2.459    6.54400     9.4065    24.2899   11.81936 7.8041e+01 0.0000e+00
        161 212.868009    0.01111     0.6667     40.000      2.455  49559.565    31.4681     9.4076      2.432    6.54403     9.4054    24.2905   11.81940 7.9896e+01 0.0000e+00
        162 212.868012    0.01118     0.6708     40.250      2.429  49560.958    31.4689     9.4067      2.406    6.54412     9.4045    24.2913   11.81955 8.1489e+01 0.0000e+00
        163 212.868015    0.01125     0.6750     40.500      2.407  49562.269    31.4697     9.4056      2.384    6.54424     9.4039    24.2921   11.81973 8.1574e+01 0.0000e+00
        164 212.868018    0.01132     0.6792     40.750      2.391  49562.994    31.4701     9.4047      2.369    6.54436     9.4036    24.2925   11.81992 8.0322e+01 0.0000e+00
        165 212.868021    0.01139     0.6833     41.000      2.383  49562.854    31.4699     9.4041      2.360    6.54446     9.4035    24.2925   11.82009 7.8547e+01 0.0000e+00
        166 212.868024    0.01146     0.6875     41.250      2.381  49562.008    31.4693     9.4038      2.358    6.54453     9.4036    24.2920   11.82021 7.6817e+01 0.0000e+00
        167 212.868027    0.01153     0.6917     41.500      2.382  49561.087    31.4686     9.4038      2.359    6.54456     9.4037    24.2915   11.82027 7.5822e+01 0.0000e+00
        168 212.868030    0.01160     0.6958     41.750      2.381  49560.782    31.4684     9.4039      2.359    6.54455     9.4035    24.2913   11.82026 7.5289e+01 0.0000e+00
        169 212.868032    0.01167     0.7000     42.000      2.374  49561.430    31.4689     9.4039      2.353    6.54453     9.4034    24.2917   11.82022 7.4404e+01 0.0000e+00
        170 212.868035    0.01174     0.7042     42.250      2.357  49563.050    31.4700     9.4038      2.335    6.54450     9.4035    24.2926   11.82015 7.3910e+01 0.0000e+00
        171 212.868038    0.01181     0.7083     42.500      2.327  49565.148    31.4715     9.4037      2.305    6.54445     9.4040    24.2938   11.82006 7.5272e+01 0.0000e+00
        172 212.868041    0.01188     0.7125     42.750      2.284  49566.899    31.4727     9.4038      2.262    6.54438     9.4049    24.2948   11.81993 7.8548e+01 0.0000e+00
        173 212.868044    0.01194     0.7167     43.000      2.230  49567.760    31.4734     9.4042      2.209    6.54429     9.4060    24.2952   11.81976 8.2768e+01 0.0000e+00
        174 212.868047    0.01201     0.7208     43.250      2.172  49567.491    31.4734     9.4051      2.152    6.54417     9.4073    24.2950   11.81956 8.6730e+01 0.0000e+00
        175 212.868050    0.01208     0.7250     43.500      2.118  49566.107    31.4726     9.4062      2.099    6.54404     9.4088    24.2942   11.81936 8.8903e+01 0.0000e+00
        176 212.868053    0.01215     0.7292     43.750      2.077  49563.749    31.4711     9.4075      2.058    6.54391     9.4106    24.2929   11.81917 8.8874e+01 0.0000e+00
        177 212.868056    0.01222     0.7333     44.000      2.059  49560.584    31.4691     9.4090      2.039    6.54378     9.4132    24.2911   11.81898 8.7405e+01 0.0000e+00
        178 212.868058    0.01229     0.7375     44.250      2.070  49557.108    31.4669     9.4108      2.051    6.54361     9.4170    24.2891   11.81872 8.5504e+01 0.0000e+00
        179 212.868061    0.01236     0.7417     44.500      2.116  49553.795    31.4649     9.4134      2.096    6.54332     9.4221    24.2871   11.81826 8.3817e+01 0.0000e+00
        180 212.868064    0.01243     0.7458     44.750      2.194  49550.324    31.4630     9.4172      2.173    6.54286     9.4279    24.2850   11.81752 8.1764e+01 0.0000e+00
