CTD-processing/allCTD/CNV--turbid/2012_05-03_t6_s13_cast057.cnv
* Sea-Bird SBE19plus Data File:
* FileName = C:\Documents and Settings\glenn.seaman\My Documents\KHolderied-files\CTD-DATA-FILES\2012-05-LTM-LowerCookInlet-CTD\Transect6-2012-05-Douglas\2012-05-03-04-LTM-Tran6-cast057.hex
* Software Version 1.59
* Temperature SN =  5028
* Conductivity SN =  5028
* System UpLoad Time = May 31 2012 02:31:47
** LTM Transect6- Pt Adam to Cape Douglas
** Date: 05-03
** Station: 6-13
** Start time (AKDT-24hr): 21:04
** Depth (m): 135
** check sta no, add time/z from log
# nquan = 16
# nvalues = 849                         
# units = specified
# name 0 = scan: Scan Count
# name 1 = timeJ: Julian Days
# name 2 = timeH: Time, Elapsed [hours]
# name 3 = timeM: Time, Elapsed [minutes]
# name 4 = timeS: Time, Elapsed [seconds]
# name 5 = prdM: Pressure, Strain Gauge [db]
# name 6 = specc: Specific Conductance [uS/cm]
# name 7 = sal00: Salinity, Practical [PSU]
# name 8 = tv290C: Temperature [ITS-90, deg C]
# name 9 = depSM: Depth [salt water, m], lat = 59.00
# name 10 = oxsolML/L: Oxygen Saturation, Garcia & Gordon [ml/l]
# name 11 = potemp090C: Potential Temperature [ITS-90, deg C]
# name 12 = sigma-é00: Density [sigma-theta, kg/m^3]
# name 13 = n2satML/L: Nitrogen Saturation [ml/l]
# name 14 = par: PAR/Irradiance, Biospherical/Licor [umol photons/m^2/sec]
# name 15 = flag:  0.000e+00
# span 0 =          1,        849       
# span 1 = 124.877963, 124.880417       
# span 2 =    0.00000,    0.05889       
# span 3 =     0.0000,     3.5333       
# span 4 =      0.000,    212.000       
# span 5 =     -0.127,    125.970       
# span 6 =    521.873,  51826.764       
# span 7 =     0.2418,    32.1782       
# span 8 =     3.9353,     4.8404       
# span 9 =     -0.126,    124.755       
# span 10 =    7.23569,    9.17267      
# span 11 =     3.9353,     4.8314      
# span 12 =     0.1700,    25.4569      
# span 13 =   12.95389,   16.64828      
# span 14 = 3.7490e-02, 3.4392e+01      
# span 15 = 0.0000e+00, 0.0000e+00      
# interval = seconds: 0.25
# start_time = May 03 2012 21:04:16 [Instrument's time stamp, header]
# bad_flag = -9.990e-29
*END*
[from data line 543]
        544 124.879534    0.03771     2.2625    135.750     52.220  51626.959    32.0726     4.8183     51.725    7.24464     4.8149    25.3750   12.97003 4.4551e-02 0.0000e+00
        545 124.879537    0.03778     2.2667    136.000     52.482  51628.072    32.0733     4.8185     51.985    7.24459     4.8150    25.3756   12.96993 4.4288e-02 0.0000e+00
        546 124.879540    0.03785     2.2708    136.250     52.748  51628.931    32.0738     4.8186     52.248    7.24454     4.8151    25.3760   12.96985 4.4032e-02 0.0000e+00
        547 124.879543    0.03792     2.2750    136.500     53.015  51629.620    32.0742     4.8187     52.513    7.24450     4.8151    25.3762   12.96978 4.3778e-02 0.0000e+00
        548 124.879546    0.03799     2.2792    136.750     53.284  51630.225    32.0745     4.8188     52.779    7.24447     4.8150    25.3765   12.96972 4.3522e-02 0.0000e+00
        549 124.879549    0.03806     2.2833    137.000     53.552  51630.846    32.0748     4.8189     53.045    7.24445     4.8149    25.3767   12.96968 4.3271e-02 0.0000e+00
        550 124.879552    0.03812     2.2875    137.250     53.821  51631.458    32.0750     4.8188     53.311    7.24444     4.8147    25.3769   12.96967 4.3026e-02 0.0000e+00
        551 124.879554    0.03819     2.2917    137.500     54.091  51632.060    32.0753     4.8187     53.578    7.24445     4.8145    25.3771   12.96968 4.2786e-02 0.0000e+00
        552 124.879557    0.03826     2.2958    137.750     54.361  51632.685    32.0756     4.8185     53.846    7.24447     4.8143    25.3774   12.96970 4.2556e-02 0.0000e+00
        553 124.879560    0.03833     2.3000    138.000     54.631  51633.347    32.0759     4.8184     54.113    7.24448     4.8141    25.3776   12.96972 4.2340e-02 0.0000e+00
        554 124.879563    0.03840     2.3042    138.250     54.901  51633.967    32.0761     4.8182     54.380    7.24450     4.8139    25.3779   12.96975 4.2131e-02 0.0000e+00
        555 124.879566    0.03847     2.3083    138.500     55.170  51634.521    32.0763     4.8180     54.646    7.24452     4.8137    25.3780   12.96978 4.1929e-02 0.0000e+00
        556 124.879569    0.03854     2.3125    138.750     55.435  51635.104    32.0765     4.8178     54.909    7.24455     4.8135    25.3782   12.96982 4.1732e-02 0.0000e+00
        557 124.879572    0.03861     2.3167    139.000     55.695  51635.744    32.0768     4.8176     55.168    7.24457     4.8134    25.3784   12.96985 4.1543e-02 0.0000e+00
        558 124.879575    0.03868     2.3208    139.250     55.952  51636.441    32.0771     4.8175     55.422    7.24458     4.8133    25.3787   12.96987 4.1369e-02 0.0000e+00
        559 124.879578    0.03875     2.3250    139.500     56.205  51637.180    32.0775     4.8173     55.672    7.24459     4.8132    25.3790   12.96987 4.1201e-02 0.0000e+00
        560 124.879580    0.03882     2.3292    139.750     56.455  51637.925    32.0778     4.8173     55.919    7.24458     4.8131    25.3793   12.96986 4.1033e-02 0.0000e+00
        561 124.879583    0.03889     2.3333    140.000     56.704  51638.797    32.0783     4.8172     56.166    7.24457     4.8130    25.3797   12.96983 4.0864e-02 0.0000e+00
        562 124.879586    0.03896     2.3375    140.250     56.955  51640.054    32.0790     4.8171     56.415    7.24454     4.8129    25.3803   12.96978 4.0701e-02 0.0000e+00
        563 124.879589    0.03903     2.3417    140.500     57.210  51641.881    32.0801     4.8171     56.667    7.24450     4.8128    25.3812   12.96970 4.0544e-02 0.0000e+00
        564 124.879592    0.03910     2.3458    140.750     57.468  51644.328    32.0817     4.8170     56.923    7.24444     4.8126    25.3824   12.96959 4.0390e-02 0.0000e+00
        565 124.879595    0.03917     2.3500    141.000     57.730  51647.251    32.0835     4.8168     57.182    7.24437     4.8124    25.3839   12.96945 4.0238e-02 0.0000e+00
        566 124.879598    0.03924     2.3542    141.250     57.992  51650.153    32.0853     4.8167     57.442    7.24431     4.8123    25.3854   12.96932 4.0093e-02 0.0000e+00
        567 124.879601    0.03931     2.3583    141.500     58.255  51652.527    32.0868     4.8166     57.702    7.24427     4.8121    25.3865   12.96923 3.9954e-02 0.0000e+00
        568 124.879604    0.03938     2.3625    141.750     58.518  51654.333    32.0879     4.8164     57.963    7.24424     4.8120    25.3874   12.96917 3.9816e-02 0.0000e+00
        569 124.879606    0.03944     2.3667    142.000     58.782  51655.746    32.0887     4.8163     58.224    7.24423     4.8119    25.3881   12.96914 3.9678e-02 0.0000e+00
        570 124.879609    0.03951     2.3708    142.250     59.048  51656.898    32.0893     4.8162     58.488    7.24421     4.8119    25.3886   12.96910 3.9542e-02 0.0000e+00
        571 124.879612    0.03958     2.3750    142.500     59.319  51657.946    32.0899     4.8161     58.756    7.24419     4.8119    25.3891   12.96906 3.9407e-02 0.0000e+00
        572 124.879615    0.03965     2.3792    142.750     59.592  51658.879    32.0904     4.8161     59.027    7.24417     4.8119    25.3895   12.96902 3.9274e-02 0.0000e+00
        573 124.879618    0.03972     2.3833    143.000     59.869  51659.540    32.0907     4.8162     59.300    7.24415     4.8120    25.3897   12.96898 3.9146e-02 0.0000e+00
        574 124.879621    0.03979     2.3875    143.250     60.148  51659.990    32.0909     4.8162     59.577    7.24413     4.8120    25.3898   12.96895 3.9023e-02 0.0000e+00
        575 124.879624    0.03986     2.3917    143.500     60.428  51660.465    32.0911     4.8162     59.854    7.24411     4.8119    25.3900   12.96892 3.8899e-02 0.0000e+00
        576 124.879627    0.03993     2.3958    143.750     60.707  51661.094    32.0914     4.8162     60.131    7.24409     4.8119    25.3902   12.96889 3.8779e-02 0.0000e+00
        577 124.879630    0.04000     2.4000    144.000     60.984  51661.857    32.0918     4.8162     60.405    7.24408     4.8118    25.3905   12.96885 3.8664e-02 0.0000e+00
        578 124.879633    0.04007     2.4042    144.250     61.258  51662.693    32.0922     4.8162     60.676    7.24406     4.8117    25.3909   12.96882 3.8553e-02 0.0000e+00
        579 124.879635    0.04014     2.4083    144.500     61.529  51663.554    32.0927     4.8162     60.944    7.24405     4.8116    25.3912   12.96879 3.8448e-02 0.0000e+00
        580 124.879638    0.04021     2.4125    144.750     61.797  51664.395    32.0931     4.8161     61.210    7.24404     4.8116    25.3916   12.96877 3.8346e-02 0.0000e+00
        581 124.879641    0.04028     2.4167    145.000     62.062  51665.103    32.0934     4.8160     61.473    7.24403     4.8115    25.3919   12.96876 3.8253e-02 0.0000e+00
        582 124.879644    0.04035     2.4208    145.250     62.328  51665.597    32.0936     4.8160     61.736    7.24403     4.8115    25.3920   12.96875 3.8164e-02 0.0000e+00
        583 124.879647    0.04042     2.4250    145.500     62.596  51665.879    32.0937     4.8160     62.001    7.24403     4.8114    25.3921   12.96876 3.8074e-02 0.0000e+00
        584 124.879650    0.04049     2.4292    145.750     62.868  51665.947    32.0936     4.8160     62.271    7.24404     4.8114    25.3920   12.96877 3.7983e-02 0.0000e+00
        585 124.879653    0.04056     2.4333    146.000     63.142  51665.887    32.0934     4.8159     62.542    7.24405     4.8114    25.3918   12.96879 3.7893e-02 0.0000e+00
        586 124.879656    0.04063     2.4375    146.250     63.414  51665.783    32.0932     4.8159     62.812    7.24407     4.8114    25.3917   12.96882 3.7806e-02 0.0000e+00
        587 124.879659    0.04069     2.4417    146.500     63.682  51665.739    32.0930     4.8159     63.078    7.24407     4.8114    25.3916   12.96883 3.7728e-02 0.0000e+00
        588 124.879661    0.04076     2.4458    146.750     63.942  51665.888    32.0930     4.8159     63.335    7.24407     4.8114    25.3915   12.96882 3.7659e-02 0.0000e+00
        589 124.879664    0.04083     2.4500    147.000     64.190  51666.183    32.0931     4.8160     63.580    7.24406     4.8114    25.3916   12.96881 3.7603e-02 0.0000e+00
        590 124.879667    0.04090     2.4542    147.250     64.420  51666.641    32.0933     4.8160     63.808    7.24405     4.8114    25.3918   12.96879 3.7562e-02 0.0000e+00
        591 124.879670    0.04097     2.4583    147.500     64.631  51667.306    32.0936     4.8160     64.017    7.24403     4.8113    25.3920   12.96876 3.7536e-02 0.0000e+00
        592 124.879673    0.04104     2.4625    147.750     64.827  51668.056    32.0941     4.8160     64.212    7.24402     4.8113    25.3924   12.96873 3.7521e-02 0.0000e+00
        593 124.879676    0.04111     2.4667    148.000     65.015  51668.765    32.0945     4.8159     64.397    7.24400     4.8112    25.3927   12.96870 3.7510e-02 0.0000e+00
        594 124.879679    0.04118     2.4708    148.250     65.202  51669.199    32.0947     4.8159     64.582    7.24400     4.8112    25.3928   12.96869 3.7502e-02 0.0000e+00
        595 124.879682    0.04125     2.4750    148.500     65.399  51669.289    32.0946     4.8159     64.777    7.24400     4.8112    25.3928   12.96869 3.7497e-02 0.0000e+00
        596 124.879685    0.04132     2.4792    148.750     65.613  51669.337    32.0946     4.8159     64.990    7.24401     4.8112    25.3928   12.96870 3.7494e-02 0.0000e+00
        597 124.879688    0.04139     2.4833    149.000     65.852  51669.571    32.0946     4.8159     65.226    7.24400     4.8112    25.3928   12.96869 3.7493e-02 0.0000e+00
        598 124.879690    0.04146     2.4875    149.250     66.120  51670.155    32.0949     4.8159     65.491    7.24399     4.8112    25.3930   12.96866 3.7492e-02 0.0000e+00
        599 124.879693    0.04153     2.4917    149.500     66.413  51671.303    32.0955     4.8159     65.781    7.24396     4.8111    25.3936   12.96861 3.7491e-02 0.0000e+00
        600 124.879696    0.04160     2.4958    149.750     66.725  51672.773    32.0963     4.8159     66.091    7.24392     4.8109    25.3942   12.96854 3.7491e-02 0.0000e+00
        601 124.879699    0.04167     2.5000    150.000     67.050  51674.025    32.0970     4.8158     66.413    7.24391     4.8108    25.3948   12.96850 3.7490e-02 0.0000e+00
        602 124.879702    0.04174     2.5042    150.250     67.378  51674.937    32.0974     4.8157     66.737    7.24390     4.8107    25.3951   12.96849 3.7490e-02 0.0000e+00
        603 124.879705    0.04181     2.5083    150.500     67.697  51675.606    32.0977     4.8156     67.053    7.24391     4.8106    25.3954   12.96849 3.7490e-02 0.0000e+00
        604 124.879708    0.04188     2.5125    150.750     68.001  51676.062    32.0979     4.8155     67.354    7.24391     4.8106    25.3955   12.96850 3.7490e-02 0.0000e+00
        605 124.879711    0.04194     2.5167    151.000     68.282  51676.366    32.0979     4.8154     67.633    7.24392     4.8105    25.3956   12.96850 3.7490e-02 0.0000e+00
        606 124.879714    0.04201     2.5208    151.250     68.538  51676.627    32.0980     4.8154     67.886    7.24392     4.8105    25.3956   12.96851 3.7490e-02 0.0000e+00
        607 124.879716    0.04208     2.5250    151.500     68.769  51676.927    32.0981     4.8154     68.115    7.24392     4.8105    25.3957   12.96851 3.7490e-02 0.0000e+00
        608 124.879719    0.04215     2.5292    151.750     68.981  51677.272    32.0982     4.8154     68.325    7.24392     4.8105    25.3958   12.96850 3.7490e-02 0.0000e+00
        609 124.879722    0.04222     2.5333    152.000     69.184  51677.638    32.0983     4.8154     68.525    7.24391     4.8106    25.3959   12.96848 3.7490e-02 0.0000e+00
        610 124.879725    0.04229     2.5375    152.250     69.388  51678.002    32.0985     4.8154     68.727    7.24390     4.8106    25.3960   12.96846 3.7490e-02 0.0000e+00
        611 124.879728    0.04236     2.5417    152.500     69.604  51678.350    32.0986     4.8155     68.941    7.24388     4.8107    25.3961   12.96842 3.7490e-02 0.0000e+00
        612 124.879731    0.04243     2.5458    152.750     69.841  51678.674    32.0988     4.8156     69.176    7.24385     4.8109    25.3962   12.96838 3.7490e-02 0.0000e+00
        613 124.879734    0.04250     2.5500    153.000     70.105  51679.017    32.0989     4.8157     69.438    7.24382     4.8110    25.3963   12.96833 3.7490e-02 0.0000e+00
        614 124.879737    0.04257     2.5542    153.250     70.395  51679.478    32.0991     4.8159     69.725    7.24379     4.8112    25.3965   12.96827 3.7490e-02 0.0000e+00
        615 124.879740    0.04264     2.5583    153.500     70.705  51680.021    32.0994     4.8160     70.031    7.24374     4.8114    25.3966   12.96820 3.7490e-02 0.0000e+00
        616 124.879742    0.04271     2.5625    153.750     71.027  51680.446    32.0996     4.8162     70.350    7.24370     4.8115    25.3968   12.96813 3.7490e-02 0.0000e+00
        617 124.879745    0.04278     2.5667    154.000     71.352  51680.708    32.0996     4.8164     70.672    7.24366     4.8116    25.3968   12.96807 3.7490e-02 0.0000e+00
        618 124.879748    0.04285     2.5708    154.250     71.671  51680.900    32.0996     4.8166     70.988    7.24363     4.8117    25.3968   12.96802 3.7490e-02 0.0000e+00
        619 124.879751    0.04292     2.5750    154.500     71.977  51681.058    32.0996     4.8167     71.292    7.24361     4.8117    25.3968   12.96798 3.7490e-02 0.0000e+00
        620 124.879754    0.04299     2.5792    154.750     72.267  51681.164    32.0996     4.8168     71.579    7.24359     4.8117    25.3967   12.96795 3.7490e-02 0.0000e+00
        621 124.879757    0.04306     2.5833    155.000     72.536  51681.271    32.0995     4.8169     71.845    7.24359     4.8117    25.3967   12.96795 3.7490e-02 0.0000e+00
        622 124.879760    0.04312     2.5875    155.250     72.784  51681.433    32.0995     4.8169     72.091    7.24359     4.8116    25.3967   12.96795 3.7490e-02 0.0000e+00
        623 124.879763    0.04319     2.5917    155.500     73.017  51681.614    32.0995     4.8168     72.321    7.24360     4.8116    25.3967   12.96797 3.7490e-02 0.0000e+00
        624 124.879766    0.04326     2.5958    155.750     73.239  51681.851    32.0995     4.8168     72.541    7.24361     4.8116    25.3967   12.96797 3.7490e-02 0.0000e+00
        625 124.879769    0.04333     2.6000    156.000     73.458  51682.216    32.0997     4.8168     72.759    7.24360     4.8116    25.3968   12.96797 3.7490e-02 0.0000e+00
        626 124.879771    0.04340     2.6042    156.250     73.682  51682.658    32.0999     4.8168     72.980    7.24359     4.8117    25.3970   12.96794 3.7490e-02 0.0000e+00
        627 124.879774    0.04347     2.6083    156.500     73.915  51683.018    32.1000     4.8169     73.211    7.24356     4.8118    25.3971   12.96790 3.7490e-02 0.0000e+00
        628 124.879777    0.04354     2.6125    156.750     74.161  51683.197    32.1001     4.8170     73.454    7.24354     4.8119    25.3971   12.96787 3.7490e-02 0.0000e+00
        629 124.879780    0.04361     2.6167    157.000     74.420  51683.396    32.1001     4.8171     73.711    7.24352     4.8120    25.3971   12.96783 3.7490e-02 0.0000e+00
        630 124.879783    0.04368     2.6208    157.250     74.692  51683.851    32.1003     4.8172     73.980    7.24350     4.8122    25.3973   12.96778 3.7490e-02 0.0000e+00
        631 124.879786    0.04375     2.6250    157.500     74.973  51684.393    32.1005     4.8173     74.259    7.24346     4.8124    25.3975   12.96772 3.7490e-02 0.0000e+00
        632 124.879789    0.04382     2.6292    157.750     75.258  51684.763    32.1007     4.8175     74.541    7.24342     4.8126    25.3976   12.96765 3.7490e-02 0.0000e+00
