CTD-processing/allCTD/CNV--turbid/2012_10-29_t9_s01_cast073.cnv
* Sea-Bird SBE19plus Data File:
* FileName = C:\Documents and Settings\kris.holderied.local\My Documents\2012-CTD-DATA-new-files\2012-10-CookInlet-LTM\2012-10-29-LTM-CookInlet-Tran9-SpitLine\2012-10-29-CookInlet-Tran9-SpitLine-cast073.hex
* Software Version 1.54
* Temperature SN =  4141
* Conductivity SN =  4141
* System UpLoad Time = Nov 20 2012 20:47:56
** Cook Inlet EVOSTC Transect 9 Spit Line south to north
** Date:  29 Oct 2012
** Station:  9-01
** Start time (AKDT-24 hr): 1909
** Depth (m): 60
** Comment:Seas lower 2-4 feet Flow meter start 103976 end 106869
# nquan = 16
# nvalues = 712                         
# units = specified
# name 0 = scan: Scan Count
# name 1 = timeJ: Julian Days
# name 2 = timeH: Time, Elapsed [hours]
# name 3 = timeM: Time, Elapsed [minutes]
# name 4 = timeS: Time, Elapsed [seconds]
# name 5 = prdM: Pressure, Strain Gauge [db]
# name 6 = specc: Specific Conductance [uS/cm]
# name 7 = sal00: Salinity, Practical [PSU]
# name 8 = tv290C: Temperature [ITS-90, deg C]
# name 9 = depSM: Depth [salt water, m], lat = 59.00
# name 10 = oxsolML/L: Oxygen Saturation, Garcia & Gordon [ml/l]
# name 11 = potemp090C: Potential Temperature [ITS-90, deg C]
# name 12 = sigma-é00: Density [sigma-theta, kg/m^3]
# name 13 = n2satML/L: Nitrogen Saturation [ml/l]
# name 14 = par: PAR/Irradiance, Biospherical/Licor
# name 15 = flag:  0.000e+00
# span 0 =          1,        712       
# span 1 = 303.798692, 303.800749       
# span 2 =    0.00000,    0.04938       
# span 3 =     0.0000,     2.9625       
# span 4 =      0.000,    177.750       
# span 5 =     -0.120,     52.673       
# span 6 =   1392.181,  49458.105       
# span 7 =     0.6710,    31.1362       
# span 8 =     4.0453,     7.7889       
# span 9 =     -0.119,     52.174       
# span 10 =    6.80067,    9.11994      
# span 11 =     4.0453,     7.7840      
# span 12 =     0.5152,    24.2711      
# span 13 =   12.24820,   16.55266      
# span 14 = 3.6382e-02, 6.5028e+00      
# span 15 = 0.0000e+00, 0.0000e+00      
# interval = seconds: 0.25
# start_time = Oct 29 2012 19:10:07 [Instrument's time stamp, header]
# bad_flag = -9.990e-29
*END*
[from data line 362]
        363 303.799740    0.02514     1.5083     90.500      2.160  49282.740    30.9897     7.4983      2.140    6.85250     7.4981    24.1953   12.33575 7.3642e-01 0.0000e+00
        364 303.799742    0.02521     1.5125     90.750      2.117  49283.056    30.9899     7.4982      2.098    6.85250     7.4982    24.1955   12.33576 6.5182e-01 0.0000e+00
        365 303.799745    0.02528     1.5167     91.000      2.074  49283.571    30.9903     7.4982      2.055    6.85248     7.4985    24.1958   12.33573 5.7497e-01 0.0000e+00
        366 303.799748    0.02535     1.5208     91.250      2.036  49284.302    30.9909     7.4983      2.017    6.85244     7.4991    24.1962   12.33565 5.4408e-01 0.0000e+00
        367 303.799751    0.02542     1.5250     91.500      2.007  49285.418    30.9917     7.4986      1.988    6.85235     7.4999    24.1968   12.33550 6.0229e-01 0.0000e+00
        368 303.799754    0.02549     1.5292     91.750      1.991  49286.892    30.9928     7.4992      1.972    6.85222     7.5009    24.1976   12.33526 7.4898e-01 0.0000e+00
        369 303.799757    0.02556     1.5333     92.000      1.991  49288.105    30.9938     7.5000      1.972    6.85204     7.5019    24.1983   12.33496 8.7665e-01 0.0000e+00
        370 303.799760    0.02562     1.5375     92.250      2.005  49288.444    30.9942     7.5010      1.986    6.85187     7.5027    24.1984   12.33466 8.8882e-01 0.0000e+00
        371 303.799763    0.02569     1.5417     92.500      2.031  49287.978    30.9940     7.5021      2.012    6.85171     7.5032    24.1982   12.33441 8.5709e-01 0.0000e+00
        372 303.799766    0.02576     1.5458     92.750      2.063  49287.271    30.9936     7.5029      2.043    6.85160     7.5034    24.1978   12.33423 8.4642e-01 0.0000e+00
        373 303.799769    0.02583     1.5500     93.000      2.094  49286.626    30.9933     7.5034      2.074    6.85154     7.5033    24.1974   12.33414 8.3886e-01 0.0000e+00
        374 303.799771    0.02590     1.5542     93.250      2.116  49286.070    30.9929     7.5036      2.096    6.85153     7.5030    24.1971   12.33412 8.4084e-01 0.0000e+00
        375 303.799774    0.02597     1.5583     93.500      2.127  49285.706    30.9926     7.5035      2.108    6.85156     7.5025    24.1969   12.33417 8.5907e-01 0.0000e+00
        376 303.799777    0.02604     1.5625     93.750      2.126  49285.738    30.9926     7.5032      2.107    6.85161     7.5022    24.1969   12.33426 8.6148e-01 0.0000e+00
        377 303.799780    0.02611     1.5667     94.000      2.116  49286.310    30.9929     7.5027      2.096    6.85166     7.5021    24.1972   12.33434 8.4537e-01 0.0000e+00
        378 303.799783    0.02618     1.5708     94.250      2.100  49287.198    30.9935     7.5024      2.081    6.85168     7.5024    24.1977   12.33437 8.1460e-01 0.0000e+00
        379 303.799786    0.02625     1.5750     94.500      2.086  49288.122    30.9941     7.5023      2.067    6.85167     7.5030    24.1982   12.33433 7.4419e-01 0.0000e+00
        380 303.799789    0.02632     1.5792     94.750      2.078  49289.196    30.9949     7.5026      2.059    6.85160     7.5040    24.1988   12.33420 6.7134e-01 0.0000e+00
        381 303.799792    0.02639     1.5833     95.000      2.081  49290.541    30.9959     7.5032      2.062    6.85146     7.5055    24.1995   12.33396 6.5176e-01 0.0000e+00
        382 303.799795    0.02646     1.5875     95.250      2.095  49291.840    30.9970     7.5042      2.076    6.85125     7.5074    24.2002   12.33360 6.8672e-01 0.0000e+00
        383 303.799797    0.02653     1.5917     95.500      2.117  49292.537    30.9977     7.5057      2.097    6.85097     7.5093    24.2006   12.33314 7.7026e-01 0.0000e+00
        384 303.799800    0.02660     1.5958     95.750      2.140  49292.349    30.9979     7.5076      2.121    6.85067     7.5111    24.2005   12.33264 8.5559e-01 0.0000e+00
        385 303.799803    0.02667     1.6000     96.000      2.159  49291.300    30.9975     7.5095      2.139    6.85039     7.5123    24.1999   12.33217 8.7949e-01 0.0000e+00
        386 303.799806    0.02674     1.6042     96.250      2.165  49289.512    30.9965     7.5113      2.145    6.85016     7.5128    24.1989   12.33181 8.7240e-01 0.0000e+00
        387 303.799809    0.02681     1.6083     96.500      2.156  49287.433    30.9953     7.5125      2.136    6.85003     7.5126    24.1978   12.33160 8.7412e-01 0.0000e+00
        388 303.799812    0.02688     1.6125     96.750      2.132  49285.786    30.9942     7.5130      2.112    6.85000     7.5120    24.1969   12.33156 8.8551e-01 0.0000e+00
        389 303.799815    0.02694     1.6167     97.000      2.100  49285.050    30.9937     7.5128      2.080    6.85005     7.5114    24.1965   12.33166 8.9200e-01 0.0000e+00
        390 303.799818    0.02701     1.6208     97.250      2.069  49285.115    30.9937     7.5122      2.049    6.85015     7.5111    24.1965   12.33181 8.7678e-01 0.0000e+00
        391 303.799821    0.02708     1.6250     97.500      2.053  49285.506    30.9939     7.5116      2.034    6.85023     7.5109    24.1968   12.33195 8.6458e-01 0.0000e+00
        392 303.799823    0.02715     1.6292     97.750      2.061  49285.831    30.9940     7.5113      2.041    6.85028     7.5108    24.1969   12.33203 8.7786e-01 0.0000e+00
        393 303.799826    0.02722     1.6333     98.000      2.092  49285.797    30.9940     7.5111      2.072    6.85030     7.5106    24.1969   12.33207 8.8107e-01 0.0000e+00
        394 303.799829    0.02729     1.6375     98.250      2.142  49285.266    30.9936     7.5110      2.122    6.85034     7.5103    24.1966   12.33213 8.3865e-01 0.0000e+00
        395 303.799832    0.02736     1.6417     98.500      2.208  49285.020    30.9934     7.5108      2.187    6.85038     7.5103    24.1965   12.33221 7.7647e-01 0.0000e+00
        396 303.799835    0.02743     1.6458     98.750      2.284  49286.382    30.9942     7.5105      2.262    6.85038     7.5109    24.1972   12.33220 7.0570e-01 0.0000e+00
        397 303.799838    0.02750     1.6500     99.000      2.363  49288.968    30.9960     7.5105      2.341    6.85030     7.5121    24.1985   12.33205 6.2630e-01 0.0000e+00
        398 303.799841    0.02757     1.6542     99.250      2.439  49291.252    30.9976     7.5111      2.416    6.85013     7.5135    24.1998   12.33174 5.5492e-01 0.0000e+00
        399 303.799844    0.02764     1.6583     99.500      2.508  49292.364    30.9985     7.5123      2.484    6.84991     7.5149    24.2003   12.33136 4.9168e-01 0.0000e+00
        400 303.799847    0.02771     1.6625     99.750      2.574  49292.066    30.9985     7.5138      2.549    6.84968     7.5161    24.2001   12.33098 4.3155e-01 0.0000e+00
        401 303.799850    0.02778     1.6667    100.000      2.646  49291.107    30.9981     7.5151      2.621    6.84948     7.5170    24.1996   12.33066 3.6949e-01 0.0000e+00
        402 303.799852    0.02785     1.6708    100.250      2.735  49290.489    30.9978     7.5163      2.709    6.84931     7.5178    24.1992   12.33039 3.1244e-01 0.0000e+00
        403 303.799855    0.02792     1.6750    100.500      2.847  49290.579    30.9980     7.5172      2.820    6.84916     7.5188    24.1992   12.33013 2.6855e-01 0.0000e+00
        404 303.799858    0.02799     1.6792    100.750      2.987  49291.890    30.9990     7.5180      2.959    6.84899     7.5203    24.1999   12.32983 2.3699e-01 0.0000e+00
        405 303.799861    0.02806     1.6833    101.000      3.158  49295.019    31.0012     7.5190      3.128    6.84873     7.5224    24.2015   12.32938 2.2181e-01 0.0000e+00
        406 303.799864    0.02813     1.6875    101.250      3.356  49297.896    31.0034     7.5206      3.325    6.84839     7.5245    24.2030   12.32879 2.2440e-01 0.0000e+00
        407 303.799867    0.02819     1.6917    101.500      3.577  49298.400    31.0040     7.5227      3.543    6.84804     7.5265    24.2032   12.32819 2.3350e-01 0.0000e+00
        408 303.799870    0.02826     1.6958    101.750      3.810  49298.210    31.0041     7.5249      3.775    6.84769     7.5283    24.2030   12.32761 2.3741e-01 0.0000e+00
        409 303.799873    0.02833     1.7000    102.000      4.046  49297.743    31.0040     7.5269      4.008    6.84738     7.5297    24.2026   12.32710 2.3536e-01 0.0000e+00
        410 303.799876    0.02840     1.7042    102.250      4.274  49296.070    31.0030     7.5287      4.234    6.84714     7.5307    24.2016   12.32672 2.2908e-01 0.0000e+00
        411 303.799878    0.02847     1.7083    102.500      4.482  49294.394    31.0019     7.5301      4.441    6.84696     7.5315    24.2006   12.32644 2.1859e-01 0.0000e+00
        412 303.799881    0.02854     1.7125    102.750      4.666  49293.802    31.0016     7.5312      4.622    6.84681     7.5322    24.2002   12.32620 2.0557e-01 0.0000e+00
        413 303.799884    0.02861     1.7167    103.000      4.822  49293.927    31.0017     7.5319      4.778    6.84668     7.5329    24.2003   12.32598 1.9042e-01 0.0000e+00
        414 303.799887    0.02868     1.7208    103.250      4.957  49293.986    31.0018     7.5327      4.911    6.84656     7.5335    24.2002   12.32579 1.7184e-01 0.0000e+00
        415 303.799890    0.02875     1.7250    103.500      5.077  49294.085    31.0020     7.5334      5.029    6.84645     7.5343    24.2002   12.32560 1.4967e-01 0.0000e+00
        416 303.799893    0.02882     1.7292    103.750      5.193  49295.173    31.0028     7.5340      5.145    6.84631     7.5355    24.2008   12.32536 1.2769e-01 0.0000e+00
        417 303.799896    0.02889     1.7333    104.000      5.318  49298.066    31.0049     7.5348      5.269    6.84610     7.5376    24.2023   12.32497 1.1098e-01 0.0000e+00
        418 303.799899    0.02896     1.7375    104.250      5.463  49303.226    31.0086     7.5360      5.413    6.84574     7.5412    24.2051   12.32433 1.0064e-01 0.0000e+00
        419 303.799902    0.02903     1.7417    104.500      5.637  49311.370    31.0146     7.5382      5.584    6.84514     7.5466    24.2094   12.32327 9.4729e-02 0.0000e+00
        420 303.799905    0.02910     1.7458    104.750      5.842  49322.625    31.0229     7.5417      5.787    6.84421     7.5542    24.2155   12.32163 9.1647e-02 0.0000e+00
        421 303.799907    0.02917     1.7500    105.000      6.075  49335.594    31.0327     7.5472      6.019    6.84292     7.5638    24.2225   12.31937 9.0622e-02 0.0000e+00
        422 303.799910    0.02924     1.7542    105.250      6.329  49347.624    31.0422     7.5548      6.270    6.84130     7.5745    24.2289   12.31657 9.0652e-02 0.0000e+00
        423 303.799913    0.02931     1.7583    105.500      6.592  49356.888    31.0501     7.5643      6.530    6.83945     7.5860    24.2338   12.31341 9.0626e-02 0.0000e+00
        424 303.799916    0.02937     1.7625    105.750      6.848  49365.556    31.0578     7.5751      6.784    6.83742     7.5986    24.2384   12.30997 8.9765e-02 0.0000e+00
        425 303.799919    0.02944     1.7667    106.000      7.086  49375.965    31.0668     7.5867      7.020    6.83521     7.6121    24.2439   12.30620 8.7510e-02 0.0000e+00
        426 303.799922    0.02951     1.7708    106.250      7.296  49386.389    31.0760     7.5992      7.228    6.83284     7.6262    24.2494   12.30217 8.3776e-02 0.0000e+00
        427 303.799925    0.02958     1.7750    106.500      7.473  49395.336    31.0843     7.6128      7.403    6.83035     7.6406    24.2541   12.29795 7.9128e-02 0.0000e+00
        428 303.799928    0.02965     1.7792    106.750      7.616  49403.210    31.0920     7.6269      7.545    6.82780     7.6548    24.2582   12.29363 7.4054e-02 0.0000e+00
        429 303.799931    0.02972     1.7833    107.000      7.732  49409.356    31.0986     7.6413      7.659    6.82526     7.6681    24.2614   12.28935 6.8739e-02 0.0000e+00
        430 303.799933    0.02979     1.7875    107.250      7.828  49412.563    31.1031     7.6555      7.754    6.82286     7.6803    24.2630   12.28532 6.3642e-02 0.0000e+00
        431 303.799936    0.02986     1.7917    107.500      7.914  49414.047    31.1062     7.6688      7.840    6.82064     7.6915    24.2636   12.28161 5.9330e-02 0.0000e+00
        432 303.799939    0.02993     1.7958    107.750      8.005  49416.449    31.1098     7.6810      7.930    6.81858     7.7020    24.2647   12.27816 5.5984e-02 0.0000e+00
        433 303.799942    0.03000     1.8000    108.000      8.111  49419.789    31.1139     7.6922      8.036    6.81665     7.7119    24.2664   12.27492 5.3475e-02 0.0000e+00
        434 303.799945    0.03007     1.8042    108.250      8.242  49422.261    31.1173     7.7028      8.166    6.81485     7.7208    24.2676   12.27190 5.1669e-02 0.0000e+00
        435 303.799948    0.03014     1.8083    108.500      8.401  49422.219    31.1188     7.7128      8.323    6.81325     7.7280    24.2674   12.26922 5.0564e-02 0.0000e+00
        436 303.799951    0.03021     1.8125    108.750      8.587  49419.334    31.1181     7.7216      8.507    6.81191     7.7333    24.2656   12.26701 5.0035e-02 0.0000e+00
        437 303.799954    0.03028     1.8167    109.000      8.793  49415.418    31.1164     7.7288      8.711    6.81087     7.7371    24.2633   12.26531 4.9856e-02 0.0000e+00
        438 303.799957    0.03035     1.8208    109.250      9.011  49412.362    31.1150     7.7341      8.927    6.81009     7.7401    24.2615   12.26405 4.9831e-02 0.0000e+00
        439 303.799959    0.03042     1.8250    109.500      9.234  49410.947    31.1146     7.7380      9.147    6.80951     7.7427    24.2606   12.26309 4.9645e-02 0.0000e+00
        440 303.799962    0.03049     1.8292    109.750      9.453  49410.750    31.1148     7.7410      9.364    6.80903     7.7449    24.2604   12.26229 4.9032e-02 0.0000e+00
        441 303.799965    0.03056     1.8333    110.000      9.666  49410.084    31.1147     7.7436      9.575    6.80863     7.7465    24.2599   12.26164 4.8043e-02 0.0000e+00
        442 303.799968    0.03062     1.8375    110.250      9.871  49408.216    31.1136     7.7458      9.779    6.80834     7.7475    24.2588   12.26116 4.6875e-02 0.0000e+00
        443 303.799971    0.03069     1.8417    110.500     10.073  49406.451    31.1126     7.7475      9.979    6.80813     7.7481    24.2578   12.26084 4.5590e-02 0.0000e+00
        444 303.799974    0.03076     1.8458    110.750     10.276  49405.514    31.1120     7.7485     10.180    6.80800     7.7484    24.2572   12.26063 4.4233e-02 0.0000e+00
        445 303.799977    0.03083     1.8500    111.000     10.486  49404.966    31.1116     7.7491     10.387    6.80792     7.7486    24.2568   12.26051 4.2932e-02 0.0000e+00
        446 303.799980    0.03090     1.8542    111.250     10.705  49404.688    31.1114     7.7494     10.604    6.80788     7.7488    24.2566   12.26044 4.1797e-02 0.0000e+00
        447 303.799983    0.03097     1.8583    111.500     10.933  49404.733    31.1113     7.7496     10.830    6.80785     7.7490    24.2565   12.26039 4.0841e-02 0.0000e+00
        448 303.799986    0.03104     1.8625    111.750     11.167  49405.053    31.1115     7.7498     11.062    6.80782     7.7493    24.2566   12.26033 4.0028e-02 0.0000e+00
        449 303.799988    0.03111     1.8667    112.000     11.398  49405.562    31.1118     7.7500     11.291    6.80777     7.7496    24.2568   12.26025 3.9351e-02 0.0000e+00
        450 303.799991    0.03118     1.8708    112.250     11.617  49406.102    31.1121     7.7503     11.508    6.80771     7.7500    24.2570   12.26014 3.8799e-02 0.0000e+00
        451 303.799994    0.03125     1.8750    112.500     11.816  49406.641    31.1125     7.7507     11.705    6.80763     7.7505    24.2573   12.26001 3.8353e-02 0.0000e+00
