CTD-processing/allCTD/CNV--turbid/2012-10-28_t6-s21.cnv
* Sea-Bird SBE19plus Data File:
* FileName = C:\Documents and Settings\kris.holderied.local\My Documents\2012-10-CookInlet-Ocean-LTM\2012-10-28-EVOSTC-CookInletOcean-Tran6-Douglas\2012-10-28-CookInletOcean-Tran6-cast008.hex
* Software Version 1.54
* Temperature SN =  4141
* Conductivity SN =  4141
* System UpLoad Time = Oct 28 2012 19:32:50
** Cook Inlet EVOSTC Transect 6 Douglas line west to east
** Date:   28 Oct 2012
** Station:  6-21
** Start time (AKDT-24 hr):  1058
** Depth (m):  171
** Comment:Still pushed to South. Winds NW ~15kts. Seas 3-5ft. NW wind waves with swell from Southeast.
# nquan = 16
# nvalues = 1086                        
# units = specified
# name 0 = scan: Scan Count
# name 1 = timeJ: Julian Days
# name 2 = timeH: Time, Elapsed [hours]
# name 3 = timeM: Time, Elapsed [minutes]
# name 4 = timeS: Time, Elapsed [seconds]
# name 5 = prdM: Pressure, Strain Gauge [db]
# name 6 = specc: Specific Conductance [uS/cm]
# name 7 = sal00: Salinity, Practical [PSU]
# name 8 = tv290C: Temperature [ITS-90, deg C]
# name 9 = depSM: Depth [salt water, m], lat = 59.00
# name 10 = oxsolML/L: Oxygen Saturation, Garcia & Gordon [ml/l]
# name 11 = potemp090C: Potential Temperature [ITS-90, deg C]
# name 12 = sigma-é00: Density [sigma-theta, kg/m^3]
# name 13 = n2satML/L: Nitrogen Saturation [ml/l]
# name 14 = par: PAR/Irradiance, Biospherical/Licor
# name 15 = flag:  0.000e+00
# span 0 =          1,       1086       
# span 1 = 302.456736, 302.459876       
# span 2 =    0.00000,    0.07535       
# span 3 =     0.0000,     4.5208       
# span 4 =      0.000,    271.250       
# span 5 =     -0.029,    142.514       
# span 6 =    181.026,  51449.179       
# span 7 =     0.0811,    32.3201       
# span 8 =     4.3511,     7.7231       
# span 9 =     -0.029,    141.133       
# span 10 =    6.76914,    9.05602      
# span 11 =     4.3511,     7.7169      
# span 12 =     0.0383,    25.3303      
# span 13 =   12.18445,   16.44813      
# span 14 = 3.6382e-02, 8.9359e+01      
# span 15 = 0.0000e+00, 0.0000e+00      
# interval = seconds: 0.25
# start_time = Oct 28 2012 10:57:42 [Instrument's time stamp, header]
# bad_flag = -9.990e-29
*END*
[from data line 724]
        725 302.458831    0.05028     3.0167    181.000     79.695  50962.755    32.1489     7.6312     78.935    6.78011     7.6219    25.0887   12.20167 6.8063e-02 0.0000e+00
        726 302.458834    0.05035     3.0208    181.250     79.932  50963.211    32.1490     7.6304     79.170    6.78022     7.6206    25.0889   12.20186 6.7320e-02 0.0000e+00
        727 302.458837    0.05042     3.0250    181.500     80.153  50963.570    32.1490     7.6294     79.389    6.78038     7.6189    25.0890   12.20213 6.6652e-02 0.0000e+00
        728 302.458840    0.05049     3.0292    181.750     80.357  50964.001    32.1490     7.6281     79.591    6.78059     7.6169    25.0892   12.20247 6.6055e-02 0.0000e+00
        729 302.458843    0.05056     3.0333    182.000     80.544  50964.487    32.1489     7.6264     79.776    6.78084     7.6146    25.0894   12.20289 6.5527e-02 0.0000e+00
        730 302.458845    0.05063     3.0375    182.250     80.718  50965.311    32.1491     7.6244     79.948    6.78114     7.6122    25.0898   12.20338 6.5052e-02 0.0000e+00
        731 302.458848    0.05069     3.0417    182.500     80.885  50966.779    32.1497     7.6221     80.114    6.78147     7.6098    25.0905   12.20392 6.4603e-02 0.0000e+00
        732 302.458851    0.05076     3.0458    182.750     81.053  50968.563    32.1504     7.6197     80.280    6.78181     7.6074    25.0915   12.20447 6.4159e-02 0.0000e+00
        733 302.458854    0.05083     3.0500    183.000     81.226  50970.069    32.1510     7.6173     80.451    6.78216     7.6048    25.0923   12.20504 6.3713e-02 0.0000e+00
        734 302.458857    0.05090     3.0542    183.250     81.410  50970.907    32.1511     7.6149     80.633    6.78252     7.6018    25.0927   12.20564 6.3250e-02 0.0000e+00
        735 302.458860    0.05097     3.0583    183.500     81.609  50971.156    32.1508     7.6124     80.830    6.78293     7.5983    25.0928   12.20632 6.2746e-02 0.0000e+00
        736 302.458863    0.05104     3.0625    183.750     81.824  50971.339    32.1503     7.6094     81.043    6.78341     7.5940    25.0928   12.20711 6.2194e-02 0.0000e+00
        737 302.458866    0.05111     3.0667    184.000     82.058  50971.797    32.1499     7.6059     81.274    6.78397     7.5888    25.0930   12.20804 6.1600e-02 0.0000e+00
        738 302.458869    0.05118     3.0708    184.250     82.306  50972.439    32.1495     7.6017     81.520    6.78465     7.5824    25.0933   12.20917 6.0967e-02 0.0000e+00
        739 302.458872    0.05125     3.0750    184.500     82.564  50972.896    32.1489     7.5965     81.776    6.78547     7.5742    25.0934   12.21055 6.0305e-02 0.0000e+00
        740 302.458874    0.05132     3.0792    184.750     82.827  50972.983    32.1477     7.5901     82.035    6.78652     7.5636    25.0934   12.21228 5.9643e-02 0.0000e+00
        741 302.458877    0.05139     3.0833    185.000     83.087  50973.110    32.1463     7.5819     82.293    6.78785     7.5503    25.0935   12.21450 5.9019e-02 0.0000e+00
        742 302.458880    0.05146     3.0875    185.250     83.341  50974.723    32.1455     7.5713     82.545    6.78953     7.5355    25.0943   12.21729 5.8438e-02 0.0000e+00
        743 302.458883    0.05153     3.0917    185.500     83.584  50981.265    32.1477     7.5580     82.786    6.79148     7.5213    25.0979   12.22049 5.7894e-02 0.0000e+00
        744 302.458886    0.05160     3.0958    185.750     83.818  50994.973    32.1546     7.5432     83.017    6.79346     7.5096    25.1054   12.22368 5.7378e-02 0.0000e+00
        745 302.458889    0.05167     3.1000    186.000     84.045  51013.368    32.1649     7.5290     83.242    6.79521     7.5011    25.1155   12.22644 5.6874e-02 0.0000e+00
        746 302.458892    0.05174     3.1042    186.250     84.271  51032.492    32.1762     7.5173     83.466    6.79652     7.4958    25.1260   12.22847 5.6375e-02 0.0000e+00
        747 302.458895    0.05181     3.1083    186.500     84.502  51049.430    32.1865     7.5089     83.695    6.79737     7.4928    25.1352   12.22974 5.5878e-02 0.0000e+00
        748 302.458898    0.05187     3.1125    186.750     84.744  51062.092    32.1944     7.5036     83.934    6.79785     7.4913    25.1421   12.23043 5.5364e-02 0.0000e+00
        749 302.458900    0.05194     3.1167    187.000     84.998  51070.160    32.1994     7.5006     84.185    6.79808     7.4907    25.1465   12.23077 5.4816e-02 0.0000e+00
        750 302.458903    0.05201     3.1208    187.250     85.263  51075.114    32.2025     7.4992     84.448    6.79817     7.4906    25.1491   12.23088 5.4244e-02 0.0000e+00
        751 302.458906    0.05208     3.1250    187.500     85.535  51078.572    32.2047     7.4986     84.718    6.79816     7.4911    25.1509   12.23084 5.3674e-02 0.0000e+00
        752 302.458909    0.05215     3.1292    187.750     85.807  51081.441    32.2065     7.4986     84.987    6.79808     7.4920    25.1524   12.23067 5.3135e-02 0.0000e+00
        753 302.458912    0.05222     3.1333    188.000     86.072  51083.882    32.2082     7.4991     85.250    6.79793     7.4932    25.1537   12.23040 5.2637e-02 0.0000e+00
        754 302.458915    0.05229     3.1375    188.250     86.324  51085.556    32.2094     7.5000     85.499    6.79773     7.4945    25.1545   12.23006 5.2168e-02 0.0000e+00
        755 302.458918    0.05236     3.1417    188.500     86.558  51086.494    32.2102     7.5012     85.731    6.79751     7.4958    25.1549   12.22968 5.1727e-02 0.0000e+00
        756 302.458921    0.05243     3.1458    188.750     86.772  51087.054    32.2107     7.5025     85.943    6.79728     7.4970    25.1552   12.22930 5.1330e-02 0.0000e+00
        757 302.458924    0.05250     3.1500    189.000     86.968  51087.607    32.2112     7.5038     86.137    6.79706     7.4982    25.1554   12.22892 5.0982e-02 0.0000e+00
        758 302.458927    0.05257     3.1542    189.250     87.152  51088.690    32.2121     7.5051     86.320    6.79683     7.4996    25.1559   12.22853 5.0665e-02 0.0000e+00
        759 302.458929    0.05264     3.1583    189.500     87.333  51090.797    32.2137     7.5063     86.499    6.79656     7.5012    25.1570   12.22808 5.0359e-02 0.0000e+00
        760 302.458932    0.05271     3.1625    189.750     87.520  51093.284    32.2156     7.5077     86.684    6.79626     7.5027    25.1583   12.22756 5.0053e-02 0.0000e+00
        761 302.458935    0.05278     3.1667    190.000     87.720  51094.818    32.2168     7.5092     86.881    6.79596     7.5040    25.1590   12.22704 4.9736e-02 0.0000e+00
        762 302.458938    0.05285     3.1708    190.250     87.934  51095.065    32.2172     7.5108     87.094    6.79570     7.5047    25.1591   12.22661 4.9406e-02 0.0000e+00
        763 302.458941    0.05292     3.1750    190.500     88.163  51094.287    32.2167     7.5121     87.320    6.79552     7.5048    25.1586   12.22632 4.9072e-02 0.0000e+00
        764 302.458944    0.05299     3.1792    190.750     88.398  51093.120    32.2160     7.5129     87.553    6.79544     7.5044    25.1578   12.22620 4.8744e-02 0.0000e+00
        765 302.458947    0.05306     3.1833    191.000     88.633  51092.473    32.2154     7.5130     87.786    6.79544     7.5038    25.1574   12.22621 4.8436e-02 0.0000e+00
        766 302.458950    0.05312     3.1875    191.250     88.855  51092.602    32.2153     7.5126     88.006    6.79550     7.5032    25.1574   12.22631 4.8155e-02 0.0000e+00
        767 302.458953    0.05319     3.1917    191.500     89.054  51093.202    32.2156     7.5120     88.203    6.79559     7.5026    25.1577   12.22644 4.7912e-02 0.0000e+00
        768 302.458955    0.05326     3.1958    191.750     89.222  51093.917    32.2159     7.5114     88.368    6.79567     7.5020    25.1580   12.22658 4.7715e-02 0.0000e+00
        769 302.458958    0.05333     3.2000    192.000     89.354  51094.511    32.2161     7.5108     88.499    6.79575     7.5015    25.1583   12.22671 4.7564e-02 0.0000e+00
        770 302.458961    0.05340     3.2042    192.250     89.453  51094.853    32.2162     7.5103     88.598    6.79583     7.5010    25.1585   12.22684 4.7452e-02 0.0000e+00
        771 302.458964    0.05347     3.2083    192.500     89.530  51094.924    32.2162     7.5098     88.674    6.79591     7.5004    25.1585   12.22696 4.7370e-02 0.0000e+00
        772 302.458967    0.05354     3.2125    192.750     89.600  51094.698    32.2159     7.5093     88.744    6.79599     7.4995    25.1583   12.22711 4.7301e-02 0.0000e+00
        773 302.458970    0.05361     3.2167    193.000     89.680  51094.075    32.2153     7.5087     88.823    6.79611     7.4981    25.1579   12.22732 4.7218e-02 0.0000e+00
        774 302.458973    0.05368     3.2208    193.250     89.784  51092.932    32.2143     7.5078     88.926    6.79629     7.4958    25.1573   12.22763 4.7101e-02 0.0000e+00
        775 302.458976    0.05375     3.2250    193.500     89.922  51091.267    32.2128     7.5064     89.062    6.79658     7.4925    25.1563   12.22812 4.6940e-02 0.0000e+00
        776 302.458979    0.05382     3.2292    193.750     90.098  51089.973    32.2115     7.5041     89.236    6.79700     7.4886    25.1556   12.22882 4.6729e-02 0.0000e+00
        777 302.458981    0.05389     3.2333    194.000     90.310  51090.203    32.2110     7.5009     89.446    6.79752     7.4846    25.1556   12.22969 4.6466e-02 0.0000e+00
        778 302.458984    0.05396     3.2375    194.250     90.560  51091.788    32.2113     7.4970     89.694    6.79810     7.4810    25.1564   12.23065 4.6156e-02 0.0000e+00
        779 302.458987    0.05403     3.2417    194.500     90.833  51094.041    32.2121     7.4930     89.964    6.79869     7.4780    25.1576   12.23162 4.5820e-02 0.0000e+00
        780 302.458990    0.05410     3.2458    194.750     91.102  51096.076    32.2127     7.4895     90.231    6.79921     7.4752    25.1586   12.23248 4.5498e-02 0.0000e+00
        781 302.458993    0.05417     3.2500    195.000     91.357  51096.686    32.2125     7.4865     90.483    6.79969     7.4720    25.1589   12.23327 4.5211e-02 0.0000e+00
        782 302.458996    0.05424     3.2542    195.250     91.603  51095.556    32.2112     7.4836     90.727    6.80019     7.4679    25.1582   12.23411 4.4942e-02 0.0000e+00
        783 302.458999    0.05431     3.2583    195.500     91.848  51092.516    32.2084     7.4805     90.969    6.80081     7.4621    25.1564   12.23516 4.4683e-02 0.0000e+00
        784 302.459002    0.05438     3.2625    195.750     92.098  51087.147    32.2038     7.4764     91.217    6.80165     7.4544    25.1534   12.23662 4.4433e-02 0.0000e+00
        785 302.459005    0.05444     3.2667    196.000     92.357  51081.916    32.1990     7.4706     91.474    6.80276     7.4457    25.1504   12.23851 4.4178e-02 0.0000e+00
        786 302.459008    0.05451     3.2708    196.250     92.628  51080.578    32.1966     7.4629     91.742    6.80406     7.4368    25.1496   12.24068 4.3903e-02 0.0000e+00
        787 302.459010    0.05458     3.2750    196.500     92.909  51082.239    32.1961     7.4542     92.020    6.80544     7.4278    25.1504   12.24296 4.3600e-02 0.0000e+00
        788 302.459013    0.05465     3.2792    196.750     93.197  51083.190    32.1951     7.4453     92.305    6.80686     7.4183    25.1509   12.24533 4.3267e-02 0.0000e+00
        789 302.459016    0.05472     3.2833    197.000     93.486  51082.566    32.1930     7.4363     92.591    6.80836     7.4082    25.1504   12.24783 4.2942e-02 0.0000e+00
        790 302.459019    0.05479     3.2875    197.250     93.768  51081.742    32.1907     7.4269     92.870    6.80994     7.3973    25.1499   12.25047 4.2674e-02 0.0000e+00
        791 302.459022    0.05486     3.2917    197.500     94.032  51080.432    32.1879     7.4168     93.132    6.81164     7.3856    25.1491   12.25332 4.2450e-02 0.0000e+00
        792 302.459025    0.05493     3.2958    197.750     94.271  51078.800    32.1847     7.4059     93.368    6.81347     7.3734    25.1481   12.25638 4.2245e-02 0.0000e+00
        793 302.459028    0.05500     3.3000    198.000     94.476  51079.598    32.1832     7.3942     93.571    6.81536     7.3619    25.1485   12.25953 4.2075e-02 0.0000e+00
        794 302.459031    0.05507     3.3042    198.250     94.646  51084.305    32.1843     7.3821     93.740    6.81721     7.3516    25.1511   12.26256 4.1945e-02 0.0000e+00
        795 302.459034    0.05514     3.3083    198.500     94.785  51091.248    32.1870     7.3705     93.877    6.81889     7.3428    25.1548   12.26530 4.1843e-02 0.0000e+00
        796 302.459036    0.05521     3.3125    198.750     94.900  51097.621    32.1897     7.3603     93.990    6.82037     7.3348    25.1583   12.26772 4.1763e-02 0.0000e+00
        797 302.459039    0.05528     3.3167    199.000     95.004  51101.006    32.1905     7.3515     94.093    6.82171     7.3262    25.1601   12.26992 4.1691e-02 0.0000e+00
        798 302.459042    0.05535     3.3208    199.250     95.107  51099.407    32.1879     7.3435     94.196    6.82307     7.3156    25.1592   12.27221 4.1610e-02 0.0000e+00
        799 302.459045    0.05542     3.3250    199.500     95.218  51093.316    32.1821     7.3349     94.306    6.82467     7.3027    25.1558   12.27493 4.1518e-02 0.0000e+00
        800 302.459048    0.05549     3.3292    199.750     95.336  51087.443    32.1761     7.3243     94.423    6.82659     7.2887    25.1525   12.27818 4.1424e-02 0.0000e+00
        801 302.459051    0.05556     3.3333    200.000     95.462  51087.376    32.1737     7.3113     94.548    6.82873     7.2754    25.1524   12.28174 4.1330e-02 0.0000e+00
        802 302.459054    0.05563     3.3375    200.250     95.597  51093.635    32.1756     7.2973     94.681    6.83084     7.2636    25.1557   12.28521 4.1232e-02 0.0000e+00
        803 302.459057    0.05569     3.3417    200.500     95.742  51101.747    32.1788     7.2840     94.825    6.83278     7.2530    25.1601   12.28837 4.1133e-02 0.0000e+00
        804 302.459060    0.05576     3.3458    200.750     95.896  51107.832    32.1809     7.2723     94.978    6.83452     7.2430    25.1634   12.29123 4.1031e-02 0.0000e+00
        805 302.459063    0.05583     3.3500    201.000     96.057  51111.633    32.1817     7.2617     95.137    6.83615     7.2334    25.1654   12.29390 4.0923e-02 0.0000e+00
        806 302.459065    0.05590     3.3542    201.250     96.220  51115.300    32.1824     7.2517     95.298    6.83768     7.2246    25.1673   12.29643 4.0810e-02 0.0000e+00
        807 302.459068    0.05597     3.3583    201.500     96.380  51120.503    32.1842     7.2421     95.456    6.83910     7.2169    25.1701   12.29875 4.0700e-02 0.0000e+00
        808 302.459071    0.05604     3.3625    201.750     96.535  51126.841    32.1870     7.2333     95.610    6.84036     7.2104    25.1734   12.30080 4.0596e-02 0.0000e+00
        809 302.459074    0.05611     3.3667    202.000     96.689  51132.790    32.1898     7.2256     95.762    6.84145     7.2050    25.1766   12.30256 4.0496e-02 0.0000e+00
        810 302.459077    0.05618     3.3708    202.250     96.853  51137.578    32.1919     7.2192     95.925    6.84236     7.2005    25.1792   12.30405 4.0391e-02 0.0000e+00
        811 302.459080    0.05625     3.3750    202.500     97.042  51141.451    32.1935     7.2138     96.112    6.84313     7.1966    25.1812   12.30530 4.0269e-02 0.0000e+00
        812 302.459083    0.05632     3.3792    202.750     97.267  51144.777    32.1950     7.2092     96.335    6.84378     7.1932    25.1829   12.30635 4.0130e-02 0.0000e+00
        813 302.459086    0.05639     3.3833    203.000     97.530  51147.421    32.1960     7.2054     96.596    6.84434     7.1900    25.1843   12.30726 3.9966e-02 0.0000e+00
