CTD-processing/allCTD/CNV--turbid/2012-10-28_t7-cast032-s20.cnv
* Sea-Bird SBE19plus Data File:
* FileName = C:\Documents and Settings\kris.holderied.local\My Documents\2012-CTD-DATA-new-files\2012-10-CookInlet-Ocean-LTM\2012-10-28-and-29-EVOSTC-CookInletOcean-Tran7-Augustine\2012-10-28-and-29-CookInletOcean-Tran7-cast032.hex
* Software Version 1.54
* Temperature SN =  4141
* Conductivity SN =  4141
* System UpLoad Time = Oct 29 2012 03:28:33
** Cook Inlet EVOSTC Transect 7 Augustine line east to west
** Date:   28-29 Oct 2012
** Station:  7-20
** Start time (AKDT-24 hr): 2042
** Depth (m): 81
** Comment:Collected zooplankton from flom the lee side, other turgid FLow meter start 088926 end 094351
# nquan = 16
# nvalues = 792                         
# units = specified
# name 0 = scan: Scan Count
# name 1 = timeJ: Julian Days
# name 2 = timeH: Time, Elapsed [hours]
# name 3 = timeM: Time, Elapsed [minutes]
# name 4 = timeS: Time, Elapsed [seconds]
# name 5 = prdM: Pressure, Strain Gauge [db]
# name 6 = specc: Specific Conductance [uS/cm]
# name 7 = sal00: Salinity, Practical [PSU]
# name 8 = tv290C: Temperature [ITS-90, deg C]
# name 9 = depSM: Depth [salt water, m], lat = 59.00
# name 10 = oxsolML/L: Oxygen Saturation, Garcia & Gordon [ml/l]
# name 11 = potemp090C: Potential Temperature [ITS-90, deg C]
# name 12 = sigma-é00: Density [sigma-theta, kg/m^3]
# name 13 = n2satML/L: Nitrogen Saturation [ml/l]
# name 14 = par: PAR/Irradiance, Biospherical/Licor
# name 15 = flag:  0.000e+00
# span 0 =          1,        792       
# span 1 = 302.862477, 302.864766       
# span 2 =    0.00000,    0.05493       
# span 3 =     0.0000,     3.2958       
# span 4 =      0.000,    197.750       
# span 5 =     -0.045,     72.226       
# span 6 =    299.135,  49198.262       
# span 7 =     0.1372,    30.9585       
# span 8 =     5.4984,     7.8654       
# span 9 =     -0.045,     71.538       
# span 10 =    6.79671,    8.80331      
# span 11 =     5.4984,     7.8588      
# span 12 =     0.0657,    24.1405      
# span 13 =   12.24385,   16.02993      
# span 14 = 4.8351e-02, 1.2049e+01      
# span 15 = 0.0000e+00, 0.0000e+00      
# interval = seconds: 0.25
# start_time = Oct 28 2012 20:41:58 [Instrument's time stamp, header]
# bad_flag = -9.990e-29
*END*
[from data line 362]
        363 302.863524    0.02514     1.5083     90.500      2.785  49136.395    30.9409     7.8318      2.758    6.80268     7.8293    24.1112   12.25395 5.9078e-01 0.0000e+00
        364 302.863527    0.02521     1.5125     90.750      2.871  49136.614    30.9408     7.8307      2.844    6.80286     7.8281    24.1113   12.25424 4.4987e-01 0.0000e+00
        365 302.863530    0.02528     1.5167     91.000      2.960  49136.936    30.9408     7.8295      2.932    6.80304     7.8271    24.1115   12.25453 3.6594e-01 0.0000e+00
        366 302.863533    0.02535     1.5208     91.250      3.061  49137.525    30.9410     7.8284      3.033    6.80320     7.8263    24.1118   12.25481 3.2519e-01 0.0000e+00
        367 302.863536    0.02542     1.5250     91.500      3.182  49138.623    30.9416     7.8274      3.152    6.80334     7.8259    24.1124   12.25503 3.2106e-01 0.0000e+00
        368 302.863539    0.02549     1.5292     91.750      3.330  49140.063    30.9424     7.8266      3.299    6.80342     7.8258    24.1131   12.25516 3.5320e-01 0.0000e+00
        369 302.863542    0.02556     1.5333     92.000      3.510  49141.480    30.9432     7.8262      3.477    6.80345     7.8262    24.1138   12.25519 4.2815e-01 0.0000e+00
        370 302.863545    0.02562     1.5375     92.250      3.719  49142.600    30.9439     7.8262      3.684    6.80342     7.8268    24.1144   12.25512 5.6163e-01 0.0000e+00
        371 302.863547    0.02569     1.5417     92.500      3.948  49143.419    30.9444     7.8266      3.911    6.80334     7.8276    24.1147   12.25499 7.0579e-01 0.0000e+00
        372 302.863550    0.02576     1.5458     92.750      4.190  49144.103    30.9449     7.8272      4.150    6.80322     7.8286    24.1150   12.25479 7.9191e-01 0.0000e+00
        373 302.863553    0.02583     1.5500     93.000      4.433  49144.664    30.9453     7.8280      4.391    6.80307     7.8298    24.1152   12.25453 8.2995e-01 0.0000e+00
        374 302.863556    0.02590     1.5542     93.250      4.667  49145.119    30.9457     7.8291      4.624    6.80289     7.8311    24.1154   12.25423 8.2497e-01 0.0000e+00
        375 302.863559    0.02597     1.5583     93.500      4.883  49145.327    30.9459     7.8303      4.838    6.80269     7.8324    24.1154   12.25390 7.6003e-01 0.0000e+00
        376 302.863562    0.02604     1.5625     93.750      5.073  49145.094    30.9459     7.8316      5.026    6.80249     7.8335    24.1152   12.25357 6.2890e-01 0.0000e+00
        377 302.863565    0.02611     1.5667     94.000      5.234  49144.526    30.9456     7.8329      5.185    6.80231     7.8345    24.1148   12.25327 4.6837e-01 0.0000e+00
        378 302.863568    0.02618     1.5708     94.250      5.368  49143.943    30.9453     7.8340      5.317    6.80214     7.8353    24.1145   12.25300 3.4190e-01 0.0000e+00
        379 302.863571    0.02625     1.5750     94.500      5.480  49143.572    30.9452     7.8350      5.428    6.80200     7.8361    24.1142   12.25277 2.6171e-01 0.0000e+00
        380 302.863573    0.02632     1.5792     94.750      5.584  49143.307    30.9451     7.8358      5.531    6.80187     7.8369    24.1140   12.25256 2.1144e-01 0.0000e+00
        381 302.863576    0.02639     1.5833     95.000      5.694  49143.243    30.9451     7.8366      5.641    6.80175     7.8377    24.1139   12.25235 1.8067e-01 0.0000e+00
        382 302.863579    0.02646     1.5875     95.250      5.828  49143.525    30.9454     7.8374      5.773    6.80162     7.8386    24.1140   12.25213 1.6324e-01 0.0000e+00
        383 302.863582    0.02653     1.5917     95.500      5.995  49143.657    30.9455     7.8383      5.939    6.80148     7.8395    24.1140   12.25190 1.5592e-01 0.0000e+00
        384 302.863585    0.02660     1.5958     95.750      6.198  49143.296    30.9453     7.8393      6.140    6.80134     7.8403    24.1137   12.25167 1.5781e-01 0.0000e+00
        385 302.863588    0.02667     1.6000     96.000      6.435  49142.748    30.9450     7.8402      6.375    6.80121     7.8410    24.1134   12.25146 1.6948e-01 0.0000e+00
        386 302.863591    0.02674     1.6042     96.250      6.700  49142.379    30.9447     7.8409      6.637    6.80110     7.8417    24.1131   12.25128 1.9141e-01 0.0000e+00
        387 302.863594    0.02681     1.6083     96.500      6.984  49142.338    30.9447     7.8416      6.918    6.80099     7.8425    24.1129   12.25111 2.1171e-01 0.0000e+00
        388 302.863597    0.02688     1.6125     96.750      7.274  49142.617    30.9448     7.8424      7.206    6.80087     7.8435    24.1130   12.25090 2.1374e-01 0.0000e+00
        389 302.863600    0.02694     1.6167     97.000      7.565  49142.841    30.9450     7.8432      7.494    6.80073     7.8444    24.1130   12.25066 1.9989e-01 0.0000e+00
        390 302.863602    0.02701     1.6208     97.250      7.842  49142.643    30.9449     7.8442      7.769    6.80058     7.8450    24.1128   12.25042 1.8032e-01 0.0000e+00
        391 302.863605    0.02708     1.6250     97.500      8.088  49142.219    30.9446     7.8451      8.012    6.80045     7.8454    24.1124   12.25021 1.6147e-01 0.0000e+00
        392 302.863608    0.02715     1.6292     97.750      8.301  49141.819    30.9444     7.8457      8.223    6.80036     7.8456    24.1121   12.25007 1.4774e-01 0.0000e+00
        393 302.863611    0.02722     1.6333     98.000      8.492  49141.484    30.9441     7.8462      8.412    6.80031     7.8457    24.1119   12.24999 1.3940e-01 0.0000e+00
        394 302.863614    0.02729     1.6375     98.250      8.671  49141.219    30.9439     7.8464      8.589    6.80028     7.8457    24.1117   12.24994 1.3509e-01 0.0000e+00
        395 302.863617    0.02736     1.6417     98.500      8.845  49141.086    30.9437     7.8465      8.762    6.80027     7.8457    24.1115   12.24993 1.3435e-01 0.0000e+00
        396 302.863620    0.02743     1.6458     98.750      9.021  49141.169    30.9437     7.8466      8.937    6.80027     7.8456    24.1115   12.24992 1.3786e-01 0.0000e+00
        397 302.863623    0.02750     1.6500     99.000      9.204  49141.410    30.9438     7.8466      9.118    6.80027     7.8456    24.1116   12.24992 1.4661e-01 0.0000e+00
        398 302.863626    0.02757     1.6542     99.250      9.397  49141.863    30.9441     7.8465      9.309    6.80027     7.8458    24.1118   12.24991 1.6093e-01 0.0000e+00
        399 302.863628    0.02764     1.6583     99.500      9.603  49142.730    30.9446     7.8465      9.513    6.80024     7.8463    24.1122   12.24986 1.7579e-01 0.0000e+00
        400 302.863631    0.02771     1.6625     99.750      9.823  49144.047    30.9454     7.8467      9.730    6.80017     7.8470    24.1128   12.24974 1.8299e-01 0.0000e+00
        401 302.863634    0.02778     1.6667    100.000     10.051  49145.336    30.9463     7.8472      9.957    6.80005     7.8479    24.1134   12.24954 1.8082e-01 0.0000e+00
        402 302.863637    0.02785     1.6708    100.250     10.281  49145.810    30.9466     7.8480     10.184    6.79992     7.8486    24.1136   12.24931 1.7284e-01 0.0000e+00
        403 302.863640    0.02792     1.6750    100.500     10.502  49145.346    30.9464     7.8488     10.404    6.79980     7.8491    24.1133   12.24910 1.6203e-01 0.0000e+00
        404 302.863643    0.02799     1.6792    100.750     10.708  49144.469    30.9458     7.8496     10.607    6.79970     7.8493    24.1127   12.24896 1.4940e-01 0.0000e+00
        405 302.863646    0.02806     1.6833    101.000     10.893  49143.616    30.9452     7.8501     10.790    6.79965     7.8493    24.1122   12.24888 1.3627e-01 0.0000e+00
        406 302.863649    0.02813     1.6875    101.250     11.058  49143.004    30.9447     7.8504     10.954    6.79964     7.8493    24.1118   12.24886 1.2502e-01 0.0000e+00
        407 302.863652    0.02819     1.6917    101.500     11.209  49142.712    30.9445     7.8504     11.104    6.79964     7.8491    24.1116   12.24888 1.1683e-01 0.0000e+00
        408 302.863655    0.02826     1.6958    101.750     11.358  49142.658    30.9443     7.8503     11.251    6.79966     7.8489    24.1115   12.24891 1.1166e-01 0.0000e+00
        409 302.863657    0.02833     1.7000    102.000     11.517  49142.687    30.9443     7.8502     11.409    6.79969     7.8488    24.1114   12.24895 1.0912e-01 0.0000e+00
        410 302.863660    0.02840     1.7042    102.250     11.699  49142.817    30.9443     7.8500     11.589    6.79971     7.8486    24.1115   12.24899 1.0873e-01 0.0000e+00
        411 302.863663    0.02847     1.7083    102.500     11.908  49143.188    30.9444     7.8499     11.797    6.79973     7.8486    24.1116   12.24902 1.0999e-01 0.0000e+00
        412 302.863666    0.02854     1.7125    102.750     12.143  49143.774    30.9447     7.8497     12.029    6.79974     7.8487    24.1118   12.24902 1.1233e-01 0.0000e+00
        413 302.863669    0.02861     1.7167    103.000     12.394  49144.343    30.9450     7.8497     12.278    6.79973     7.8488    24.1121   12.24900 1.1472e-01 0.0000e+00
        414 302.863672    0.02868     1.7208    103.250     12.645  49144.749    30.9452     7.8498     12.526    6.79970     7.8490    24.1122   12.24896 1.1596e-01 0.0000e+00
        415 302.863675    0.02875     1.7250    103.500     12.880  49145.032    30.9453     7.8500     12.759    6.79967     7.8492    24.1123   12.24891 1.1583e-01 0.0000e+00
        416 302.863678    0.02882     1.7292    103.750     13.084  49145.156    30.9453     7.8502     12.961    6.79964     7.8493    24.1123   12.24886 1.1492e-01 0.0000e+00
        417 302.863681    0.02889     1.7333    104.000     13.250  49145.002    30.9451     7.8504     13.126    6.79961     7.8494    24.1121   12.24881 1.1364e-01 0.0000e+00
        418 302.863683    0.02896     1.7375    104.250     13.383  49144.663    30.9449     7.8506     13.258    6.79960     7.8493    24.1119   12.24880 1.1175e-01 0.0000e+00
        419 302.863686    0.02903     1.7417    104.500     13.495  49144.368    30.9446     7.8507     13.369    6.79960     7.8492    24.1117   12.24880 1.0886e-01 0.0000e+00
        420 302.863689    0.02910     1.7458    104.750     13.605  49144.196    30.9445     7.8506     13.478    6.79962     7.8490    24.1116   12.24883 1.0537e-01 0.0000e+00
        421 302.863692    0.02917     1.7500    105.000     13.733  49144.103    30.9443     7.8505     13.605    6.79964     7.8489    24.1115   12.24887 1.0248e-01 0.0000e+00
        422 302.863695    0.02924     1.7542    105.250     13.894  49144.113    30.9442     7.8503     13.764    6.79967     7.8487    24.1114   12.24891 1.0106e-01 0.0000e+00
        423 302.863698    0.02931     1.7583    105.500     14.095  49144.252    30.9442     7.8502     13.963    6.79969     7.8487    24.1114   12.24895 1.0142e-01 0.0000e+00
        424 302.863701    0.02937     1.7625    105.750     14.329  49144.470    30.9442     7.8500     14.195    6.79971     7.8487    24.1115   12.24898 1.0321e-01 0.0000e+00
        425 302.863704    0.02944     1.7667    106.000     14.582  49144.696    30.9443     7.8500     14.445    6.79971     7.8487    24.1115   12.24900 1.0542e-01 0.0000e+00
        426 302.863707    0.02951     1.7708    106.250     14.834  49144.947    30.9443     7.8500     14.694    6.79971     7.8489    24.1116   12.24899 1.0730e-01 0.0000e+00
        427 302.863709    0.02958     1.7750    106.500     15.061  49145.264    30.9445     7.8501     14.920    6.79969     7.8490    24.1117   12.24896 1.0863e-01 0.0000e+00
        428 302.863712    0.02965     1.7792    106.750     15.248  49145.456    30.9446     7.8503     15.105    6.79966     7.8492    24.1117   12.24891 1.0924e-01 0.0000e+00
        429 302.863715    0.02972     1.7833    107.000     15.386  49145.332    30.9444     7.8505     15.242    6.79964     7.8492    24.1116   12.24887 1.0905e-01 0.0000e+00
        430 302.863718    0.02979     1.7875    107.250     15.476  49145.044    30.9442     7.8506     15.331    6.79963     7.8491    24.1114   12.24885 1.0803e-01 0.0000e+00
        431 302.863721    0.02986     1.7917    107.500     15.527  49144.830    30.9440     7.8506     15.382    6.79963     7.8490    24.1112   12.24886 1.0619e-01 0.0000e+00
        432 302.863724    0.02993     1.7958    107.750     15.556  49144.796    30.9440     7.8506     15.410    6.79964     7.8489    24.1112   12.24888 1.0383e-01 0.0000e+00
        433 302.863727    0.03000     1.8000    108.000     15.581  49144.958    30.9441     7.8504     15.435    6.79966     7.8488    24.1113   12.24890 1.0145e-01 0.0000e+00
        434 302.863730    0.03007     1.8042    108.250     15.622  49145.277    30.9442     7.8503     15.475    6.79967     7.8488    24.1115   12.24892 9.9479e-02 0.0000e+00
        435 302.863733    0.03014     1.8083    108.500     15.695  49145.566    30.9444     7.8502     15.548    6.79967     7.8486    24.1116   12.24892 9.8144e-02 0.0000e+00
        436 302.863736    0.03021     1.8125    108.750     15.812  49145.550    30.9444     7.8502     15.664    6.79968     7.8484    24.1116   12.24894 9.7506e-02 0.0000e+00
        437 302.863738    0.03028     1.8167    109.000     15.977  49145.344    30.9441     7.8501     15.827    6.79971     7.8481    24.1114   12.24898 9.7576e-02 0.0000e+00
        438 302.863741    0.03035     1.8208    109.250     16.184  49145.452    30.9441     7.8499     16.032    6.79974     7.8479    24.1114   12.24904 9.8185e-02 0.0000e+00
        439 302.863744    0.03042     1.8250    109.500     16.422  49145.985    30.9443     7.8496     16.269    6.79978     7.8477    24.1116   12.24910 9.8995e-02 0.0000e+00
        440 302.863747    0.03049     1.8292    109.750     16.678  49146.514    30.9445     7.8494     16.521    6.79980     7.8476    24.1118   12.24913 9.9874e-02 0.0000e+00
        441 302.863750    0.03056     1.8333    110.000     16.933  49146.787    30.9446     7.8493     16.774    6.79981     7.8476    24.1119   12.24916 1.0078e-01 0.0000e+00
        442 302.863753    0.03062     1.8375    110.250     17.176  49146.821    30.9445     7.8492     17.015    6.79983     7.8474    24.1118   12.24918 1.0143e-01 0.0000e+00
        443 302.863756    0.03069     1.8417    110.500     17.399  49146.716    30.9443     7.8491     17.236    6.79984     7.8472    24.1117   12.24921 1.0167e-01 0.0000e+00
        444 302.863759    0.03076     1.8458    110.750     17.597  49146.687    30.9442     7.8490     17.432    6.79987     7.8469    24.1116   12.24925 1.0159e-01 0.0000e+00
        445 302.863762    0.03083     1.8500    111.000     17.771  49146.848    30.9442     7.8488     17.604    6.79990     7.8466    24.1116   12.24930 1.0124e-01 0.0000e+00
        446 302.863764    0.03090     1.8542    111.250     17.923  49147.048    30.9442     7.8486     17.754    6.79994     7.8462    24.1117   12.24937 1.0055e-01 0.0000e+00
        447 302.863767    0.03097     1.8583    111.500     18.056  49147.182    30.9442     7.8482     17.887    6.79999     7.8459    24.1117   12.24946 9.9421e-02 0.0000e+00
        448 302.863770    0.03104     1.8625    111.750     18.178  49147.420    30.9443     7.8479     18.007    6.80005     7.8457    24.1118   12.24954 9.7885e-02 0.0000e+00
        449 302.863773    0.03111     1.8667    112.000     18.295  49147.887    30.9445     7.8476     18.123    6.80008     7.8458    24.1121   12.24960 9.6243e-02 0.0000e+00
        450 302.863776    0.03118     1.8708    112.250     18.418  49148.534    30.9448     7.8474     18.246    6.80009     7.8461    24.1124   12.24961 9.4856e-02 0.0000e+00
        451 302.863779    0.03125     1.8750    112.500     18.558  49149.231    30.9453     7.8475     18.384    6.80006     7.8466    24.1127   12.24955 9.4007e-02 0.0000e+00
