CTD-processing/allCTD/CNV--turbid/2012_10-29_t9_s08_cast080.cnv
* Sea-Bird SBE19plus Data File:
* FileName = C:\Documents and Settings\kris.holderied.local\My Documents\2012-CTD-DATA-new-files\2012-10-CookInlet-LTM\2012-10-29-LTM-CookInlet-Tran9-SpitLine\2012-10-29-CookInlet-Tran9-SpitLine-cast080.hex
* Software Version 1.54
* Temperature SN =  4141
* Conductivity SN =  4141
* System UpLoad Time = Nov 20 2012 20:55:24
** Cook Inlet EVOSTC Transect 9 Spit Line south to north
** Date:  29 Oct 2012
** Station:  9-08
** Start time (AKDT-24 hr): 2036
** Depth (m): 94
** Comment:None
# nquan = 16
# nvalues = 752                         
# units = specified
# name 0 = scan: Scan Count
# name 1 = timeJ: Julian Days
# name 2 = timeH: Time, Elapsed [hours]
# name 3 = timeM: Time, Elapsed [minutes]
# name 4 = timeS: Time, Elapsed [seconds]
# name 5 = prdM: Pressure, Strain Gauge [db]
# name 6 = specc: Specific Conductance [uS/cm]
# name 7 = sal00: Salinity, Practical [PSU]
# name 8 = tv290C: Temperature [ITS-90, deg C]
# name 9 = depSM: Depth [salt water, m], lat = 59.00
# name 10 = oxsolML/L: Oxygen Saturation, Garcia & Gordon [ml/l]
# name 11 = potemp090C: Potential Temperature [ITS-90, deg C]
# name 12 = sigma-é00: Density [sigma-theta, kg/m^3]
# name 13 = n2satML/L: Nitrogen Saturation [ml/l]
# name 14 = par: PAR/Irradiance, Biospherical/Licor
# name 15 = flag:  0.000e+00
# span 0 =          1,        752       
# span 1 = 303.858519, 303.860692       
# span 2 =    0.00000,    0.05215       
# span 3 =     0.0000,     3.1292       
# span 4 =      0.000,    187.750       
# span 5 =     -0.109,     71.209       
# span 6 =   1886.985,  49522.958       
# span 7 =     0.9314,    31.2176       
# span 8 =     5.8190,     8.0749       
# span 9 =     -0.108,     70.531       
# span 10 =    6.75362,    8.69499      
# span 11 =     5.8190,     8.0689      
# span 12 =     0.6918,    24.3002      
# span 13 =   12.16950,   15.83466      
# span 14 = 3.6382e-02, 5.5864e+00      
# span 15 = 0.0000e+00, 0.0000e+00      
# interval = seconds: 0.25
# start_time = Oct 29 2012 20:36:16 [Instrument's time stamp, header]
# bad_flag = -9.990e-29
*END*
[from data line 543]
        544 303.860090    0.03771     2.2625    135.750     35.371  49372.611    31.0918     7.8360     35.038    6.79534     7.8535    24.2295   12.23993 3.6382e-02 0.0000e+00
        545 303.860093    0.03778     2.2667    136.000     35.504  49372.323    31.0932     7.8466     35.169    6.79363     7.8620    24.2291   12.23709 3.6382e-02 0.0000e+00
        546 303.860095    0.03785     2.2708    136.250     35.612  49367.111    31.0911     7.8568     35.277    6.79214     7.8686    24.2260   12.23465 3.6382e-02 0.0000e+00
        547 303.860098    0.03792     2.2750    136.500     35.705  49362.022    31.0889     7.8653     35.369    6.79093     7.8738    24.2231   12.23268 3.6382e-02 0.0000e+00
        548 303.860101    0.03799     2.2792    136.750     35.793  49358.450    31.0874     7.8719     35.455    6.78998     7.8780    24.2210   12.23111 3.6382e-02 0.0000e+00
        549 303.860104    0.03806     2.2833    137.000     35.886  49356.553    31.0868     7.8771     35.548    6.78921     7.8816    24.2199   12.22985 3.6382e-02 0.0000e+00
        550 303.860107    0.03812     2.2875    137.250     35.996  49356.236    31.0872     7.8813     35.657    6.78854     7.8851    24.2196   12.22874 3.6382e-02 0.0000e+00
        551 303.860110    0.03819     2.2917    137.500     36.132  49356.486    31.0879     7.8850     35.791    6.78794     7.8882    24.2196   12.22774 3.6382e-02 0.0000e+00
        552 303.860113    0.03826     2.2958    137.750     36.299  49356.320    31.0882     7.8884     35.956    6.78739     7.8910    24.2194   12.22683 3.6382e-02 0.0000e+00
        553 303.860116    0.03833     2.3000    138.000     36.497  49356.301    31.0886     7.8916     36.153    6.78689     7.8941    24.2193   12.22599 3.6382e-02 0.0000e+00
        554 303.860119    0.03840     2.3042    138.250     36.725  49359.060    31.0909     7.8944     36.378    6.78635     7.8982    24.2207   12.22506 3.6382e-02 0.0000e+00
        555 303.860122    0.03847     2.3083    138.500     36.976  49366.382    31.0964     7.8975     36.627    6.78563     7.9041    24.2246   12.22382 3.6382e-02 0.0000e+00
        556 303.860124    0.03854     2.3125    138.750     37.243  49376.047    31.1037     7.9017     36.892    6.78467     7.9112    24.2297   12.22213 3.6382e-02 0.0000e+00
        557 303.860127    0.03861     2.3167    139.000     37.515  49383.887    31.1100     7.9076     37.161    6.78348     7.9187    24.2338   12.22009 3.6382e-02 0.0000e+00
        558 303.860130    0.03868     2.3208    139.250     37.777  49387.770    31.1137     7.9148     37.421    6.78221     7.9257    24.2357   12.21794 3.6382e-02 0.0000e+00
        559 303.860133    0.03875     2.3250    139.500     38.019  49388.553    31.1153     7.9223     37.660    6.78099     7.9318    24.2360   12.21589 3.6382e-02 0.0000e+00
        560 303.860136    0.03882     2.3292    139.750     38.233  49387.872    31.1159     7.9293     37.871    6.77988     7.9369    24.2354   12.21406 3.6382e-02 0.0000e+00
        561 303.860139    0.03889     2.3333    140.000     38.416  49386.480    31.1158     7.9354     38.053    6.77894     7.9410    24.2345   12.21250 3.6382e-02 0.0000e+00
        562 303.860142    0.03896     2.3375    140.250     38.573  49384.454    31.1151     7.9405     38.208    6.77818     7.9439    24.2332   12.21125 3.6382e-02 0.0000e+00
        563 303.860145    0.03903     2.3417    140.500     38.709  49382.121    31.1140     7.9446     38.343    6.77760     7.9460    24.2318   12.21030 3.6382e-02 0.0000e+00
        564 303.860148    0.03910     2.3458    140.750     38.837  49380.270    31.1132     7.9476     38.470    6.77717     7.9474    24.2307   12.20961 3.6382e-02 0.0000e+00
        565 303.860150    0.03917     2.3500    141.000     38.967  49379.301    31.1127     7.9497     38.600    6.77687     7.9483    24.2301   12.20912 3.6382e-02 0.0000e+00
        566 303.860153    0.03924     2.3542    141.250     39.111  49379.033    31.1127     7.9511     38.742    6.77666     7.9489    24.2299   12.20877 3.6382e-02 0.0000e+00
        567 303.860156    0.03931     2.3583    141.500     39.270  49379.280    31.1130     7.9520     38.900    6.77651     7.9493    24.2299   12.20851 3.6382e-02 0.0000e+00
        568 303.860159    0.03938     2.3625    141.750     39.444  49379.884    31.1134     7.9526     39.072    6.77639     7.9495    24.2302   12.20831 3.6382e-02 0.0000e+00
        569 303.860162    0.03944     2.3667    142.000     39.627  49380.571    31.1139     7.9530     39.253    6.77631     7.9496    24.2305   12.20817 3.6382e-02 0.0000e+00
        570 303.860165    0.03951     2.3708    142.250     39.810  49381.259    31.1143     7.9533     39.435    6.77625     7.9495    24.2308   12.20807 3.6382e-02 0.0000e+00
        571 303.860168    0.03958     2.3750    142.500     39.988  49381.884    31.1147     7.9533     39.610    6.77623     7.9493    24.2311   12.20802 3.6382e-02 0.0000e+00
        572 303.860171    0.03965     2.3792    142.750     40.153  49382.332    31.1149     7.9532     39.774    6.77623     7.9491    24.2313   12.20802 3.6382e-02 0.0000e+00
        573 303.860174    0.03972     2.3833    143.000     40.304  49382.666    31.1150     7.9531     39.924    6.77625     7.9488    24.2314   12.20806 3.6382e-02 0.0000e+00
        574 303.860177    0.03979     2.3875    143.250     40.444  49382.977    31.1152     7.9529     40.063    6.77628     7.9486    24.2316   12.20810 3.6382e-02 0.0000e+00
        575 303.860179    0.03986     2.3917    143.500     40.580  49383.287    31.1153     7.9526     40.197    6.77631     7.9483    24.2317   12.20815 3.6382e-02 0.0000e+00
        576 303.860182    0.03993     2.3958    143.750     40.722  49383.647    31.1154     7.9524     40.337    6.77633     7.9481    24.2318   12.20820 3.6382e-02 0.0000e+00
        577 303.860185    0.04000     2.4000    144.000     40.878  49384.096    31.1156     7.9521     40.492    6.77636     7.9479    24.2320   12.20824 3.6382e-02 0.0000e+00
        578 303.860188    0.04007     2.4042    144.250     41.058  49384.684    31.1159     7.9519     40.670    6.77638     7.9478    24.2323   12.20827 3.6382e-02 0.0000e+00
        579 303.860191    0.04014     2.4083    144.500     41.264  49385.477    31.1164     7.9518     40.874    6.77639     7.9478    24.2327   12.20828 3.6382e-02 0.0000e+00
        580 303.860194    0.04021     2.4125    144.750     41.495  49386.469    31.1170     7.9517     41.103    6.77638     7.9478    24.2331   12.20825 3.6382e-02 0.0000e+00
        581 303.860197    0.04028     2.4167    145.000     41.746  49387.869    31.1178     7.9517     41.352    6.77634     7.9478    24.2338   12.20817 3.6382e-02 0.0000e+00
        582 303.860200    0.04035     2.4208    145.250     42.011  49389.845    31.1191     7.9517     41.614    6.77628     7.9479    24.2348   12.20806 3.6382e-02 0.0000e+00
        583 303.860203    0.04042     2.4250    145.500     42.278  49391.816    31.1204     7.9517     41.878    6.77622     7.9479    24.2358   12.20794 3.6382e-02 0.0000e+00
        584 303.860205    0.04049     2.4292    145.750     42.539  49392.800    31.1210     7.9518     42.137    6.77618     7.9477    24.2362   12.20787 3.6382e-02 0.0000e+00
        585 303.860208    0.04056     2.4333    146.000     42.787  49392.580    31.1207     7.9518     42.382    6.77619     7.9474    24.2360   12.20789 3.6382e-02 0.0000e+00
        586 303.860211    0.04063     2.4375    146.250     43.017  49391.984    31.1201     7.9517     42.610    6.77624     7.9470    24.2356   12.20797 3.6382e-02 0.0000e+00
        587 303.860214    0.04069     2.4417    146.500     43.229  49391.747    31.1198     7.9515     42.821    6.77629     7.9467    24.2354   12.20806 3.6382e-02 0.0000e+00
        588 303.860217    0.04076     2.4458    146.750     43.426  49392.045    31.1199     7.9511     43.015    6.77634     7.9465    24.2356   12.20814 3.6382e-02 0.0000e+00
        589 303.860220    0.04083     2.4500    147.000     43.610  49392.880    31.1203     7.9508     43.198    6.77636     7.9465    24.2360   12.20818 3.6382e-02 0.0000e+00
        590 303.860223    0.04090     2.4542    147.250     43.785  49394.216    31.1212     7.9507     43.371    6.77635     7.9466    24.2366   12.20815 3.6382e-02 0.0000e+00
        591 303.860226    0.04097     2.4583    147.500     43.954  49396.008    31.1223     7.9506     43.539    6.77630     7.9468    24.2375   12.20805 3.6382e-02 0.0000e+00
        592 303.860229    0.04104     2.4625    147.750     44.119  49398.306    31.1239     7.9507     43.702    6.77622     7.9470    24.2387   12.20789 3.6382e-02 0.0000e+00
        593 303.860231    0.04111     2.4667    148.000     44.284  49401.268    31.1259     7.9509     43.865    6.77610     7.9472    24.2403   12.20767 3.6382e-02 0.0000e+00
        594 303.860234    0.04118     2.4708    148.250     44.451  49404.728    31.1283     7.9512     44.031    6.77595     7.9474    24.2421   12.20740 3.6382e-02 0.0000e+00
        595 303.860237    0.04125     2.4750    148.500     44.621  49408.368    31.1308     7.9514     44.199    6.77581     7.9474    24.2441   12.20713 3.6382e-02 0.0000e+00
        596 303.860240    0.04132     2.4792    148.750     44.793  49412.384    31.1335     7.9515     44.370    6.77566     7.9471    24.2462   12.20686 3.6382e-02 0.0000e+00
        597 303.860243    0.04139     2.4833    149.000     44.964  49417.515    31.1370     7.9515     44.539    6.77551     7.9468    24.2490   12.20656 3.6382e-02 0.0000e+00
        598 303.860246    0.04146     2.4875    149.250     45.129  49424.695    31.1419     7.9513     44.703    6.77532     7.9464    24.2528   12.20619 3.6382e-02 0.0000e+00
        599 303.860249    0.04153     2.4917    149.500     45.282  49433.596    31.1480     7.9510     44.854    6.77511     7.9464    24.2577   12.20576 3.6382e-02 0.0000e+00
        600 303.860252    0.04160     2.4958    149.750     45.420  49442.314    31.1540     7.9507     44.991    6.77489     7.9467    24.2624   12.20533 3.6382e-02 0.0000e+00
        601 303.860255    0.04167     2.5000    150.000     45.544  49449.447    31.1590     7.9507     45.113    6.77468     7.9473    24.2663   12.20492 3.6382e-02 0.0000e+00
        602 303.860258    0.04174     2.5042    150.250     45.659  49454.930    31.1628     7.9510     45.227    6.77446     7.9483    24.2692   12.20451 3.6382e-02 0.0000e+00
        603 303.860260    0.04181     2.5083    150.500     45.775  49459.512    31.1660     7.9517     45.343    6.77422     7.9495    24.2717   12.20406 3.6382e-02 0.0000e+00
        604 303.860263    0.04188     2.5125    150.750     45.906  49463.890    31.1692     7.9526     45.472    6.77393     7.9512    24.2740   12.20355 3.6382e-02 0.0000e+00
        605 303.860266    0.04194     2.5167    151.000     46.065  49468.267    31.1723     7.9539     45.629    6.77359     7.9532    24.2764   12.20295 3.6382e-02 0.0000e+00
        606 303.860269    0.04201     2.5208    151.250     46.259  49472.389    31.1754     7.9555     45.821    6.77320     7.9555    24.2785   12.20227 3.6382e-02 0.0000e+00
        607 303.860272    0.04208     2.5250    151.500     46.491  49475.858    31.1780     7.9576     46.051    6.77278     7.9581    24.2803   12.20153 3.6382e-02 0.0000e+00
        608 303.860275    0.04215     2.5292    151.750     46.756  49478.810    31.1803     7.9599     46.313    6.77231     7.9609    24.2818   12.20074 3.6382e-02 0.0000e+00
        609 303.860278    0.04222     2.5333    152.000     47.043  49481.843    31.1827     7.9625     46.598    6.77181     7.9640    24.2833   12.19987 3.6382e-02 0.0000e+00
        610 303.860281    0.04229     2.5375    152.250     47.340  49485.199    31.1854     7.9654     46.891    6.77125     7.9674    24.2850   12.19892 3.6382e-02 0.0000e+00
        611 303.860284    0.04236     2.5417    152.500     47.631  49488.366    31.1880     7.9685     47.181    6.77066     7.9707    24.2866   12.19790 3.6382e-02 0.0000e+00
        612 303.860286    0.04243     2.5458    152.750     47.910  49490.440    31.1898     7.9719     47.457    6.77006     7.9739    24.2876   12.19689 3.6382e-02 0.0000e+00
        613 303.860289    0.04250     2.5500    153.000     48.170  49490.791    31.1905     7.9753     47.714    6.76950     7.9767    24.2876   12.19596 3.6382e-02 0.0000e+00
        614 303.860292    0.04257     2.5542    153.250     48.409  49490.724    31.1908     7.9784     47.951    6.76900     7.9794    24.2874   12.19513 3.6382e-02 0.0000e+00
        615 303.860295    0.04264     2.5583    153.500     48.626  49491.893    31.1920     7.9812     48.166    6.76852     7.9820    24.2880   12.19431 3.6382e-02 0.0000e+00
        616 303.860298    0.04271     2.5625    153.750     48.825  49492.652    31.1929     7.9840     48.363    6.76806     7.9841    24.2883   12.19355 3.6382e-02 0.0000e+00
        617 303.860301    0.04278     2.5667    154.000     49.008  49490.279    31.1916     7.9866     48.544    6.76771     7.9850    24.2869   12.19298 3.6382e-02 0.0000e+00
        618 303.860304    0.04285     2.5708    154.250     49.176  49485.776    31.1887     7.9887     48.711    6.76752     7.9853    24.2843   12.19271 3.6382e-02 0.0000e+00
        619 303.860307    0.04292     2.5750    154.500     49.332  49483.640    31.1872     7.9897     48.865    6.76743     7.9859    24.2830   12.19258 3.6382e-02 0.0000e+00
        620 303.860310    0.04299     2.5792    154.750     49.476  49486.285    31.1891     7.9900     49.008    6.76731     7.9879    24.2844   12.19235 3.6382e-02 0.0000e+00
        621 303.860313    0.04306     2.5833    155.000     49.608  49492.524    31.1935     7.9906     49.138    6.76701     7.9911    24.2878   12.19181 3.6382e-02 0.0000e+00
        622 303.860315    0.04312     2.5875    155.250     49.729  49497.850    31.1974     7.9926     49.258    6.76654     7.9946    24.2906   12.19097 3.6382e-02 0.0000e+00
        623 303.860318    0.04319     2.5917    155.500     49.840  49498.500    31.1984     7.9959     49.368    6.76600     7.9976    24.2909   12.19007 3.6382e-02 0.0000e+00
        624 303.860321    0.04326     2.5958    155.750     49.945  49496.858    31.1977     7.9994     49.472    6.76549     7.9998    24.2899   12.18923 3.6382e-02 0.0000e+00
        625 303.860324    0.04333     2.6000    156.000     50.046  49495.372    31.1971     8.0023     49.572    6.76507     8.0015    24.2890   12.18854 3.6382e-02 0.0000e+00
        626 303.860327    0.04340     2.6042    156.250     50.148  49494.215    31.1966     8.0046     49.673    6.76474     8.0029    24.2883   12.18800 3.6382e-02 0.0000e+00
        627 303.860330    0.04347     2.6083    156.500     50.255  49493.857    31.1966     8.0063     49.779    6.76447     8.0043    24.2880   12.18756 3.6382e-02 0.0000e+00
        628 303.860333    0.04354     2.6125    156.750     50.374  49494.518    31.1972     8.0077     49.898    6.76423     8.0059    24.2883   12.18715 3.6382e-02 0.0000e+00
        629 303.860336    0.04361     2.6167    157.000     50.512  49495.931    31.1983     8.0091     50.035    6.76396     8.0077    24.2890   12.18670 3.6382e-02 0.0000e+00
        630 303.860339    0.04368     2.6208    157.250     50.675  49496.951    31.1992     8.0107     50.196    6.76368     8.0095    24.2895   12.18621 3.6382e-02 0.0000e+00
        631 303.860341    0.04375     2.6250    157.500     50.867  49496.891    31.1994     8.0125     50.386    6.76339     8.0112    24.2894   12.18574 3.6382e-02 0.0000e+00
        632 303.860344    0.04382     2.6292    157.750     51.089  49496.875    31.1995     8.0143     50.605    6.76311     8.0128    24.2892   12.18528 3.6382e-02 0.0000e+00
