CTD-processing/allCTD/CNV--turbid/2012_08-15_alongbay_s10_inner-cast015.cnv
* Sea-Bird SBE19plus Data File:
* FileName = C:\Documents and Settings\kris.holderied.local\My Documents\2012-08-15-KBay-along-bay-inner\2012-08-15-Kbay-along-bay-inner-cast015.hex
* Software Version 1.54
* Temperature SN =  5028
* Conductivity SN =  5028
* System UpLoad Time = Aug 23 2012 21:26:53
** Kachemak Bay - Along-bay CTD survey, inner bay
** Date:  2012-08-15
** Station:  KB-10
** Start time (AKDT-24 hr): 1046
** Depth (ft): 199
** Comment:Lots of till. Crossed front ~1nm from station. Crossed side front also 1/10 mile NW of station
# nquan = 16
# nvalues = 442                         
# units = specified
# name 0 = scan: Scan Count
# name 1 = timeJ: Julian Days
# name 2 = timeH: Time, Elapsed [hours]
# name 3 = timeM: Time, Elapsed [minutes]
# name 4 = timeS: Time, Elapsed [seconds]
# name 5 = prdM: Pressure, Strain Gauge [db]
# name 6 = specc: Specific Conductance [uS/cm]
# name 7 = sal00: Salinity, Practical [PSU]
# name 8 = tv290C: Temperature [ITS-90, deg C]
# name 9 = depSM: Depth [salt water, m], lat = 59.00
# name 10 = oxsolML/L: Oxygen Saturation, Garcia & Gordon [ml/l]
# name 11 = potemp090C: Potential Temperature [ITS-90, deg C]
# name 12 = sigma-é00: Density [sigma-theta, kg/m^3]
# name 13 = n2satML/L: Nitrogen Saturation [ml/l]
# name 14 = par: PAR/Irradiance, Biospherical/Licor [umol photons/m^2/sec]
# name 15 = flag:  0.000e+00
# span 0 =          1,        442       
# span 1 = 228.448495, 228.449771       
# span 2 =    0.00000,    0.03062       
# span 3 =     0.0000,     1.8375       
# span 4 =      0.000,    110.250       
# span 5 =      0.002,     53.419       
# span 6 =   1674.782,  49366.013       
# span 7 =     0.8420,    31.1813       
# span 8 =     8.5014,    13.8027       
# span 9 =      0.002,     52.913       
# span 10 =    6.29923,    7.48225      
# span 11 =     8.4962,    13.8026      
# span 12 =     0.1436,    24.2047      
# span 13 =   11.47131,   13.79096      
# span 14 = 6.2241e-02, 1.7606e+02      
# span 15 = 0.0000e+00, 0.0000e+00      
# interval = seconds: 0.25
# start_time = Aug 15 2012 10:45:50 [Instrument's time stamp, header]
# bad_flag = -9.990e-29
*END*
[from data line 91]
         92 228.448759    0.00632     0.3792     22.750      0.743  35012.577    21.7498    13.7177      0.736    6.34202    13.7180    16.0261   11.60016 7.5145e+01 0.0000e+00
         93 228.448762    0.00639     0.3833     23.000      0.744  35173.764    21.8598    13.7177      0.737    6.33769    13.7183    16.1108   11.59162 7.5290e+01 0.0000e+00
         94 228.448764    0.00646     0.3875     23.250      0.747  35279.474    21.9320    13.7181      0.740    6.33480    13.7181    16.1663   11.58591 7.5576e+01 0.0000e+00
         95 228.448767    0.00653     0.3917     23.500      0.753  35333.842    21.9692    13.7184      0.745    6.33329    13.7170    16.1948   11.58295 7.6010e+01 0.0000e+00
         96 228.448770    0.00660     0.3958     23.750      0.759  35340.226    21.9735    13.7182      0.752    6.33315    13.7151    16.1982   11.58267 7.6415e+01 0.0000e+00
         97 228.448773    0.00667     0.4000     24.000      0.764  35297.633    21.9443    13.7171      0.757    6.33444    13.7122    16.1759   11.58516 7.6929e+01 0.0000e+00
         98 228.448776    0.00674     0.4042     24.250      0.767  35200.857    21.8781    13.7152      0.760    6.33729    13.7083    16.1253   11.59072 7.8036e+01 0.0000e+00
         99 228.448779    0.00681     0.4083     24.500      0.767  35063.491    21.7841    13.7123      0.760    6.34138    13.7039    16.0536   11.59867 7.9978e+01 0.0000e+00
        100 228.448782    0.00688     0.4125     24.750      0.764  34936.255    21.6971    13.7084      0.757    6.34532    13.6991    15.9873   11.60631 8.2244e+01 0.0000e+00
        101 228.448785    0.00694     0.4167     25.000      0.760  34875.644    21.6555    13.7040      0.753    6.34755    13.6939    15.9561   11.61052 8.3976e+01 0.0000e+00
        102 228.448788    0.00701     0.4208     25.250      0.758  34904.691    21.6750    13.6992      0.751    6.34741    13.6890    15.9720   11.61006 8.4776e+01 0.0000e+00
        103 228.448791    0.00708     0.4250     25.500      0.759  35005.328    21.7434    13.6940      0.752    6.34541    13.6855    16.0256   11.60590 8.4596e+01 0.0000e+00
        104 228.448793    0.00715     0.4292     25.750      0.762  35120.152    21.8216    13.6891      0.755    6.34298    13.6833    16.0866   11.60092 8.3601e+01 0.0000e+00
        105 228.448796    0.00722     0.4333     26.000      0.767  35186.063    21.8664    13.6856      0.760    6.34168    13.6810    16.1218   11.59820 8.2535e+01 0.0000e+00
        106 228.448799    0.00729     0.4375     26.250      0.771  35175.617    21.8592    13.6834      0.764    6.34227    13.6781    16.1166   11.59927 8.2181e+01 0.0000e+00
        107 228.448802    0.00736     0.4417     26.500      0.772  35090.394    21.8009    13.6811      0.765    6.34487    13.6746    16.0721   11.60431 8.2621e+01 0.0000e+00
        108 228.448805    0.00743     0.4458     26.750      0.769  34954.156    21.7077    13.6782      0.762    6.34893    13.6704    16.0010   11.61221 8.3550e+01 0.0000e+00
        109 228.448808    0.00750     0.4500     27.000      0.763  34817.397    21.6142    13.6747      0.756    6.35308    13.6643    15.9296   11.62027 8.4757e+01 0.0000e+00
        110 228.448811    0.00757     0.4542     27.250      0.756  34737.321    21.5594    13.6705      0.749    6.35580    13.6564    15.8882   11.62547 8.6133e+01 0.0000e+00
        111 228.448814    0.00764     0.4583     27.500      0.750  34751.823    21.5689    13.6644      0.743    6.35623    13.6491    15.8967   11.62608 8.7200e+01 0.0000e+00
        112 228.448817    0.00771     0.4625     27.750      0.748  34860.233    21.6425    13.6565      0.740    6.35440    13.6450    15.9547   11.62213 8.7401e+01 0.0000e+00
        113 228.448819    0.00778     0.4667     28.000      0.749  35014.920    21.7477    13.6492      0.742    6.35122    13.6439    16.0370   11.61556 8.6939e+01 0.0000e+00
        114 228.448822    0.00785     0.4708     28.250      0.753  35147.209    21.8378    13.6451      0.746    6.34822    13.6442    16.1070   11.60947 8.6314e+01 0.0000e+00
        115 228.448825    0.00792     0.4750     28.500      0.759  35211.550    21.8817    13.6440      0.752    6.34663    13.6444    16.1410   11.60630 8.5707e+01 0.0000e+00
        116 228.448828    0.00799     0.4792     28.750      0.763  35197.257    21.8719    13.6443      0.756    6.34698    13.6442    16.1335   11.60699 8.5342e+01 0.0000e+00
        117 228.448831    0.00806     0.4833     29.000      0.765  35118.879    21.8184    13.6445      0.758    6.34906    13.6445    16.0922   11.61111 8.5426e+01 0.0000e+00
        118 228.448834    0.00813     0.4875     29.250      0.764  35016.097    21.7481    13.6443      0.757    6.35186    13.6458    16.0382   11.61662 8.5744e+01 0.0000e+00
        119 228.448837    0.00819     0.4917     29.500      0.762  34938.804    21.6954    13.6446      0.755    6.35390    13.6477    15.9976   11.62067 8.6148e+01 0.0000e+00
        120 228.448840    0.00826     0.4958     29.750      0.760  34920.126    21.6827    13.6459      0.753    6.35422    13.6492    15.9876   11.62136 8.6700e+01 0.0000e+00
        121 228.448843    0.00833     0.5000     30.000      0.761  34969.426    21.7164    13.6478      0.754    6.35264    13.6499    16.0132   11.61831 8.7000e+01 0.0000e+00
        122 228.448845    0.00840     0.5042     30.250      0.764  35068.351    21.7841    13.6493      0.757    6.34977    13.6499    16.0650   11.61271 8.6549e+01 0.0000e+00
        123 228.448848    0.00847     0.5083     30.500      0.770  35164.212    21.8496    13.6500      0.763    6.34709    13.6486    16.1153   11.60745 8.5761e+01 0.0000e+00
        124 228.448851    0.00854     0.5125     30.750      0.775  35199.988    21.8741    13.6500      0.768    6.34614    13.6452    16.1341   11.60556 8.5474e+01 0.0000e+00
        125 228.448854    0.00861     0.5167     31.000      0.779  35148.244    21.8387    13.6487      0.772    6.34771    13.6394    16.1071   11.60861 8.5970e+01 0.0000e+00
        126 228.448857    0.00868     0.5208     31.250      0.778  35022.623    21.7527    13.6453      0.771    6.35155    13.6312    16.0416   11.61605 8.7057e+01 0.0000e+00
        127 228.448860    0.00875     0.5250     31.500      0.774  34877.943    21.6537    13.6395      0.767    6.35623    13.6204    15.9664   11.62506 8.8409e+01 0.0000e+00
        128 228.448863    0.00882     0.5292     31.750      0.766  34774.156    21.5824    13.6313      0.759    6.36013    13.6086    15.9131   11.63244 8.9713e+01 0.0000e+00
        129 228.448866    0.00889     0.5333     32.000      0.759  34745.912    21.5626    13.6205      0.752    6.36235    13.5982    15.8998   11.63639 9.0759e+01 0.0000e+00
        130 228.448869    0.00896     0.5375     32.250      0.755  34799.610    21.5986    13.6087      0.748    6.36251    13.5906    15.9296   11.63622 9.1423e+01 0.0000e+00
        131 228.448872    0.00903     0.5417     32.500      0.754  34915.687    21.6773    13.5983      0.747    6.36080    13.5864    15.9920   11.63242 9.1408e+01 0.0000e+00
        132 228.448874    0.00910     0.5458     32.750      0.758  35063.280    21.7776    13.5907      0.750    6.35785    13.5850    16.0706   11.62628 9.0379e+01 0.0000e+00
        133 228.448877    0.00917     0.5500     33.000      0.763  35205.551    21.8745    13.5865      0.756    6.35458    13.5851    16.1459   11.61966 8.8714e+01 0.0000e+00
        134 228.448880    0.00924     0.5542     33.250      0.770  35302.315    21.9405    13.5851      0.763    6.35216    13.5851    16.1970   11.61482 8.7078e+01 0.0000e+00
        135 228.448883    0.00931     0.5583     33.500      0.775  35329.986    21.9594    13.5852      0.768    6.35140    13.5838    16.2115   11.61333 8.5684e+01 0.0000e+00
        136 228.448886    0.00937     0.5625     33.750      0.778  35287.592    21.9305    13.5852      0.771    6.35255    13.5813    16.1892   11.61560 8.4760e+01 0.0000e+00
        137 228.448889    0.00944     0.5667     34.000      0.779  35200.702    21.8710    13.5839      0.772    6.35506    13.5773    16.1437   11.62051 8.4320e+01 0.0000e+00
        138 228.448892    0.00951     0.5708     34.250      0.777  35130.049    21.8226    13.5814      0.770    6.35732    13.5720    16.1070   11.62486 8.3984e+01 0.0000e+00
        139 228.448895    0.00958     0.5750     34.500      0.777  35134.337    21.8254    13.5774      0.770    6.35774    13.5670    16.1098   11.62553 8.3554e+01 0.0000e+00
        140 228.448898    0.00965     0.5792     34.750      0.780  35219.484    21.8832    13.5721      0.773    6.35616    13.5641    16.1553   11.62220 8.2837e+01 0.0000e+00
        141 228.448900    0.00972     0.5833     35.000      0.788  35334.808    21.9617    13.5671      0.781    6.35372    13.5624    16.2166   11.61718 8.1719e+01 0.0000e+00
        142 228.448903    0.00979     0.5875     35.250      0.798  35415.773    22.0169    13.5642      0.790    6.35194    13.5604    16.2596   11.61355 8.0637e+01 0.0000e+00
        143 228.448906    0.00986     0.5917     35.500      0.807  35428.035    22.0252    13.5625      0.800    6.35184    13.5574    16.2663   11.61328 8.0118e+01 0.0000e+00
        144 228.448909    0.00993     0.5958     35.750      0.814  35364.673    21.9818    13.5605      0.806    6.35383    13.5537    16.2332   11.61712 8.0289e+01 0.0000e+00
        145 228.448912    0.01000     0.6000     36.000      0.816  35242.397    21.8981    13.5575      0.808    6.35754    13.5492    16.1693   11.62432 8.1018e+01 0.0000e+00
        146 228.448915    0.01007     0.6042     36.250      0.814  35103.835    21.8033    13.5538      0.806    6.36177    13.5432    16.0970   11.63254 8.1904e+01 0.0000e+00
        147 228.448918    0.01014     0.6083     36.500      0.810  34993.282    21.7276    13.5493      0.802    6.36536    13.5360    16.0396   11.63944 8.2615e+01 0.0000e+00
        148 228.448921    0.01021     0.6125     36.750      0.805  34946.226    21.6951    13.5433      0.798    6.36745    13.5292    16.0157   11.64332 8.3055e+01 0.0000e+00
        149 228.448924    0.01028     0.6167     37.000      0.803  34984.483    21.7209    13.5361      0.796    6.36739    13.5236    16.0368   11.64291 8.3044e+01 0.0000e+00
        150 228.448927    0.01035     0.6208     37.250      0.804  35093.792    21.7951    13.5293      0.797    6.36536    13.5194    16.0952   11.63863 8.2309e+01 0.0000e+00
        151 228.448929    0.01042     0.6250     37.500      0.809  35223.103    21.8831    13.5237      0.802    6.36263    13.5162    16.1639   11.63302 8.0921e+01 0.0000e+00
        152 228.448932    0.01049     0.6292     37.750      0.815  35311.401    21.9432    13.5195      0.808    6.36083    13.5133    16.2109   11.62928 7.9623e+01 0.0000e+00
        153 228.448935    0.01056     0.6333     38.000      0.820  35314.297    21.9450    13.5163      0.813    6.36119    13.5103    16.2129   11.62986 7.9074e+01 0.0000e+00
        154 228.448938    0.01063     0.6375     38.250      0.821  35234.376    21.8902    13.5134      0.814    6.36374    13.5070    16.1713   11.63478 7.9214e+01 0.0000e+00
        155 228.448941    0.01069     0.6417     38.500      0.818  35125.436    21.8157    13.5104      0.810    6.36708    13.5021    16.1144   11.64125 7.9724e+01 0.0000e+00
        156 228.448944    0.01076     0.6458     38.750      0.813  35044.489    21.7602    13.5071      0.805    6.36972    13.4953    16.0723   11.64633 8.0497e+01 0.0000e+00
        157 228.448947    0.01083     0.6500     39.000      0.808  35019.551    21.7429    13.5021      0.800    6.37107    13.4890    16.0599   11.64879 8.1369e+01 0.0000e+00
        158 228.448950    0.01090     0.6542     39.250      0.804  35060.948    21.7708    13.4954      0.796    6.37087    13.4853    16.0826   11.64812 8.1882e+01 0.0000e+00
        159 228.448953    0.01097     0.6583     39.500      0.804  35161.118    21.8389    13.4891      0.796    6.36902    13.4842    16.1361   11.64421 8.1869e+01 0.0000e+00
        160 228.448955    0.01104     0.6625     39.750      0.807  35290.139    21.9268    13.4854      0.799    6.36604    13.4849    16.2044   11.63819 8.1497e+01 0.0000e+00
        161 228.448958    0.01111     0.6667     40.000      0.811  35407.601    22.0070    13.4843      0.803    6.36301    13.4860    16.2663   11.63216 8.0996e+01 0.0000e+00
        162 228.448961    0.01118     0.6708     40.250      0.815  35476.418    22.0540    13.4850      0.808    6.36106    13.4865    16.3024   11.62835 8.0511e+01 0.0000e+00
        163 228.448964    0.01125     0.6750     40.500      0.818  35479.958    22.0565    13.4861      0.810    6.36082    13.4865    16.3041   11.62790 8.0084e+01 0.0000e+00
        164 228.448967    0.01132     0.6792     40.750      0.818  35432.521    22.0241    13.4866      0.811    6.36202    13.4864    16.2791   11.63030 7.9993e+01 0.0000e+00
        165 228.448970    0.01139     0.6833     41.000      0.816  35376.745    21.9860    13.4866      0.809    6.36354    13.4865    16.2498   11.63329 8.0214e+01 0.0000e+00
        166 228.448973    0.01146     0.6875     41.250      0.813  35361.231    21.9754    13.4865      0.806    6.36397    13.4861    16.2416   11.63413 8.0155e+01 0.0000e+00
        167 228.448976    0.01153     0.6917     41.500      0.813  35409.129    22.0081    13.4866      0.806    6.36266    13.4846    16.2668   11.63157 7.9549e+01 0.0000e+00
        168 228.448979    0.01160     0.6958     41.750      0.817  35500.468    22.0705    13.4862      0.809    6.36025    13.4820    16.3149   11.62679 7.8624e+01 0.0000e+00
        169 228.448981    0.01167     0.7000     42.000      0.823  35588.265    22.1304    13.4847      0.815    6.35807    13.4782    16.3613   11.62242 7.7793e+01 0.0000e+00
        170 228.448984    0.01174     0.7042     42.250      0.829  35641.094    22.1664    13.4821      0.821    6.35701    13.4739    16.3895   11.62021 7.7384e+01 0.0000e+00
        171 228.448987    0.01181     0.7083     42.500      0.835  35654.633    22.1754    13.4783      0.827    6.35715    13.4697    16.3971   11.62035 7.7254e+01 0.0000e+00
        172 228.448990    0.01188     0.7125     42.750      0.838  35637.364    22.1633    13.4740      0.830    6.35821    13.4663    16.3886   11.62226 7.7184e+01 0.0000e+00
        173 228.448993    0.01194     0.7167     43.000      0.839  35601.953    22.1389    13.4698      0.831    6.35973    13.4637    16.3705   11.62510 7.7303e+01 0.0000e+00
        174 228.448996    0.01201     0.7208     43.250      0.839  35561.907    22.1113    13.4664      0.831    6.36128    13.4618    16.3499   11.62802 7.7802e+01 0.0000e+00
        175 228.448999    0.01208     0.7250     43.500      0.839  35535.855    22.0934    13.4638      0.831    6.36233    13.4601    16.3366   11.62998 7.8563e+01 0.0000e+00
        176 228.449002    0.01215     0.7292     43.750      0.840  35544.791    22.0994    13.4619      0.832    6.36235    13.4582    16.3416   11.62994 7.9112e+01 0.0000e+00
        177 228.449005    0.01222     0.7333     44.000      0.843  35595.982    22.1343    13.4602      0.835    6.36120    13.4559    16.3688   11.62761 7.9098e+01 0.0000e+00
        178 228.449008    0.01229     0.7375     44.250      0.848  35666.620    22.1825    13.4583      0.840    6.35955    13.4530    16.4062   11.62427 7.8620e+01 0.0000e+00
        179 228.449010    0.01236     0.7417     44.500      0.854  35714.165    22.2149    13.4560      0.846    6.35858    13.4495    16.4316   11.62226 7.8060e+01 0.0000e+00
        180 228.449013    0.01243     0.7458     44.750      0.858  35708.865    22.2111    13.4531      0.850    6.35911    13.4456    16.4292   11.62320 7.7743e+01 0.0000e+00
