CTD-processing/allCTD/CNV--turbid/2012_05-31b_t9_s05b_cast017.cnv
* Sea-Bird SBE19plus Data File:
* FileName = C:\Documents and Settings\kris.holderied.local\My Documents\2012-KBRR-CTD-Kachemak-Bay\2012-KBRR-CTD-cast017.hex
* Software Version 1.54
* Temperature SN =  4141
* Conductivity SN =  4141
* System UpLoad Time = Jul 24 2012 20:14:57
** Kachemak Bay - Homer Spit Line CTD Survey
** Date:  2012-xx-xx   xxxx Tide (x of 2 lines)
** Station: 9-5
** Start time (AKDT-24 hr): 17:47
** Depth (m): 94.2
** Comments:CTD time set wrong by 1 hour
# nquan = 16
# nvalues = 540                         
# units = specified
# name 0 = scan: Scan Count
# name 1 = timeJ: Julian Days
# name 2 = timeH: Time, Elapsed [hours]
# name 3 = timeM: Time, Elapsed [minutes]
# name 4 = timeS: Time, Elapsed [seconds]
# name 5 = prdM: Pressure, Strain Gauge [db]
# name 6 = specc: Specific Conductance [uS/cm]
# name 7 = sal00: Salinity, Practical [PSU]
# name 8 = tv290C: Temperature [ITS-90, deg C]
# name 9 = depSM: Depth [salt water, m], lat = 59.00
# name 10 = oxsolML/L: Oxygen Saturation, Garcia & Gordon [ml/l]
# name 11 = potemp090C: Potential Temperature [ITS-90, deg C]
# name 12 = sigma-é00: Density [sigma-theta, kg/m^3]
# name 13 = n2satML/L: Nitrogen Saturation [ml/l]
# name 14 = par: PAR/Irradiance, Biospherical/Licor
# name 15 = flag:  0.000e+00
# span 0 =          1,        540       
# span 1 = 152.785694, 152.787254       
# span 2 =    0.00000,    0.03743       
# span 3 =     0.0000,     2.2458       
# span 4 =      0.000,    134.750       
# span 5 =     -0.150,     86.772       
# span 6 =    668.154,  51170.708       
# span 7 =     0.3171,    31.6878       
# span 8 =     4.5761,     8.3457       
# span 9 =     -0.149,     85.943       
# span 10 =    6.80120,    8.50185      
# span 11 =     4.5701,     8.3456      
# span 12 =     0.1623,    25.0956      
# span 13 =   12.27319,   15.51989      
# span 14 = 3.6522e-02, 3.5971e+02      
# span 15 = 0.0000e+00, 0.0000e+00      
# interval = seconds: 0.25
# start_time = May 31 2012 18:51:24 [Instrument's time stamp, header]
# bad_flag = -9.990e-29
*END*
          1 152.785694    0.00000     0.0000      0.000     -0.148    719.678     0.3423     6.8746     -0.147    8.50165     6.8747     0.1826   15.51931 3.5515e+02 0.0000e+00
          2 152.785697    0.00007     0.0042      0.250     -0.149    720.066     0.3425     6.8746     -0.147    8.50164     6.8748     0.1828   15.51928 3.5251e+02 0.0000e+00
          3 152.785700    0.00014     0.0083      0.500     -0.149    721.204     0.3430     6.8747     -0.147    8.50160     6.8749     0.1832   15.51921 3.5008e+02 0.0000e+00
          4 152.785703    0.00021     0.0125      0.750     -0.149    722.230     0.3435     6.8748     -0.147    8.50156     6.8752     0.1836   15.51913 3.4826e+02 0.0000e+00
          5 152.785706    0.00028     0.0167      1.000     -0.149    722.212     0.3435     6.8749     -0.147    8.50153     6.8755     0.1836   15.51907 3.4648e+02 0.0000e+00
          6 152.785709    0.00035     0.0208      1.250     -0.149    721.391     0.3431     6.8752     -0.148    8.50149     6.8759     0.1832   15.51901 3.4418e+02 0.0000e+00
          7 152.785712    0.00042     0.0250      1.500     -0.149    720.325     0.3426     6.8755     -0.148    8.50144     6.8762     0.1828   15.51895 3.4152e+02 0.0000e+00
          8 152.785715    0.00049     0.0292      1.750     -0.150    719.006     0.3419     6.8759     -0.148    8.50141     6.8764     0.1823   15.51890 3.3912e+02 0.0000e+00
          9 152.785718    0.00056     0.0333      2.000     -0.150    717.088     0.3410     6.8762     -0.148    8.50140     6.8766     0.1815   15.51890 3.3737e+02 0.0000e+00
         10 152.785720    0.00063     0.0375      2.250     -0.149    714.252     0.3396     6.8764     -0.148    8.50143     6.8768     0.1804   15.51897 3.3620e+02 0.0000e+00
         11 152.785723    0.00069     0.0417      2.500     -0.149    710.325     0.3376     6.8766     -0.148    8.50149     6.8770     0.1789   15.51910 3.3521e+02 0.0000e+00
         12 152.785726    0.00076     0.0458      2.750     -0.149    705.610     0.3353     6.8768     -0.148    8.50158     6.8772     0.1770   15.51929 3.3368e+02 0.0000e+00
         13 152.785729    0.00083     0.0500      3.000     -0.150    700.685     0.3329     6.8770     -0.148    8.50167     6.8775     0.1751   15.51949 3.3110e+02 0.0000e+00
         14 152.785732    0.00090     0.0542      3.250     -0.150    695.939     0.3305     6.8772     -0.149    8.50176     6.8778     0.1732   15.51967 3.2705e+02 0.0000e+00
         15 152.785735    0.00097     0.0583      3.500     -0.150    691.617     0.3284     6.8775     -0.149    8.50182     6.8782     0.1715   15.51981 3.2113e+02 0.0000e+00
         16 152.785738    0.00104     0.0625      3.750     -0.150    687.970     0.3266     6.8778     -0.148    8.50185     6.8787     0.1701   15.51989 3.1374e+02 0.0000e+00
         17 152.785741    0.00111     0.0667      4.000     -0.149    685.129     0.3252     6.8782     -0.148    8.50184     6.8792     0.1689   15.51989 3.0596e+02 0.0000e+00
         18 152.785744    0.00118     0.0708      4.250     -0.149    682.890     0.3241     6.8787     -0.148    8.50180     6.8797     0.1680   15.51984 2.9912e+02 0.0000e+00
         19 152.785747    0.00125     0.0750      4.500     -0.150    680.786     0.3231     6.8792     -0.148    8.50175     6.8802     0.1672   15.51977 2.9419e+02 0.0000e+00
         20 152.785749    0.00132     0.0792      4.750     -0.150    678.414     0.3220     6.8797     -0.148    8.50171     6.8806     0.1662   15.51972 2.9120e+02 0.0000e+00
         21 152.785752    0.00139     0.0833      5.000     -0.149    675.766     0.3207     6.8802     -0.148    8.50168     6.8809     0.1652   15.51969 2.8962e+02 0.0000e+00
         22 152.785755    0.00146     0.0875      5.250     -0.149    673.183     0.3194     6.8806     -0.148    8.50167     6.8810     0.1641   15.51969 2.8897e+02 0.0000e+00
         23 152.785758    0.00153     0.0917      5.500     -0.149    671.030     0.3183     6.8809     -0.148    8.50166     6.8811     0.1633   15.51970 2.8897e+02 0.0000e+00
         24 152.785761    0.00160     0.0958      5.750     -0.149    669.463     0.3176     6.8810     -0.148    8.50167     6.8812     0.1627   15.51972 2.8905e+02 0.0000e+00
         25 152.785764    0.00167     0.1000      6.000     -0.149    668.509     0.3172     6.8811     -0.147    8.50168     6.8812     0.1624   15.51974 2.8934e+02 0.0000e+00
         26 152.785767    0.00174     0.1042      6.250     -0.149    668.154     0.3171     6.8812     -0.147    8.50167     6.8813     0.1623   15.51974 2.9323e+02 0.0000e+00
         27 152.785770    0.00181     0.1083      6.500     -0.149    668.228     0.3172     6.8812     -0.148    8.50166     6.8814     0.1624   15.51971 3.0287e+02 0.0000e+00
         28 152.785773    0.00187     0.1125      6.750     -0.149    668.638     0.3176     6.8813     -0.148    8.50163     6.8816     0.1627   15.51966 3.1481e+02 0.0000e+00
         29 152.785775    0.00194     0.1167      7.000     -0.149    669.786     0.3185     6.8814     -0.148    8.50156     6.8819     0.1633   15.51953 3.2591e+02 0.0000e+00
         30 152.785778    0.00201     0.1208      7.250     -0.149    672.737     0.3205     6.8816     -0.147    8.50142     6.8823     0.1649   15.51927 3.3487e+02 0.0000e+00
         31 152.785781    0.00208     0.1250      7.500     -0.149    679.366     0.3246     6.8819     -0.147    8.50114     6.8829     0.1681   15.51875 3.4028e+02 0.0000e+00
         32 152.785784    0.00215     0.1292      7.750     -0.149    692.349     0.3325     6.8823     -0.147    8.50065     6.8839     0.1743   15.51782 3.4228e+02 0.0000e+00
         33 152.785787    0.00222     0.1333      8.000     -0.149    715.255     0.3462     6.8829     -0.147    8.49982     6.8854     0.1851   15.51622 3.4311e+02 0.0000e+00
         34 152.785790    0.00229     0.1375      8.250     -0.148    753.743     0.3693     6.8839     -0.146    8.49844     6.8878     0.2032   15.51357 3.4509e+02 0.0000e+00
         35 152.785793    0.00236     0.1417      8.500     -0.148    817.727     0.4077     6.8854     -0.146    8.49616     6.8915     0.2332   15.50919 3.4871e+02 0.0000e+00
         36 152.785796    0.00243     0.1458      8.750     -0.147    924.190     0.4715     6.8878     -0.146    8.49239     6.8971     0.2833   15.50194 3.5310e+02 0.0000e+00
         37 152.785799    0.00250     0.1500      9.000     -0.146   1101.572     0.5780     6.8915     -0.145    8.48616     6.9057     0.3667   15.48996 3.5713e+02 0.0000e+00
         38 152.785802    0.00257     0.1542      9.250     -0.144   1397.286     0.7554     6.8971     -0.143    8.47589     6.9188     0.5058   15.47019 3.5971e+02 0.0000e+00
         39 152.785804    0.00264     0.1583      9.500     -0.141   1890.463     1.0512     6.9057     -0.139    8.45894     6.9390     0.7378   15.43751 3.5919e+02 0.0000e+00
         40 152.785807    0.00271     0.1625      9.750     -0.135   2713.187     1.5446     6.9188     -0.134    8.43093     6.9703     1.1249   15.38343 3.5356e+02 0.0000e+00
         41 152.785810    0.00278     0.1667     10.000     -0.126   4072.292     2.3610     6.9390     -0.125    8.38494     7.0198     1.7653   15.29456 3.4189e+02 0.0000e+00
         42 152.785813    0.00285     0.1708     10.250     -0.111   6231.191     3.6679     6.9703     -0.110    8.31176     7.0993     2.7901   15.15312 3.2603e+02 0.0000e+00
         43 152.785816    0.00292     0.1750     10.500     -0.086   9600.039     5.7295     7.0198     -0.085    8.19683     7.2269     4.4056   14.93109 3.0984e+02 0.0000e+00
         44 152.785819    0.00299     0.1792     10.750     -0.045  15001.508     9.0569     7.0994     -0.044    8.01192     7.4081     7.0121   14.57391 2.9691e+02 0.0000e+00
         45 152.785822    0.00306     0.1833     11.000      0.015  22534.652    13.7450     7.2269      0.016    7.75063     7.6153    10.6812   14.07021 2.8854e+02 0.0000e+00
         46 152.785825    0.00313     0.1875     11.250      0.093  30256.292    18.6277     7.4081      0.093    7.47374     7.8084    14.4949   13.53913 2.8175e+02 0.0000e+00
         47 152.785828    0.00319     0.1917     11.500      0.179  36099.968    22.3767     7.6153      0.178    7.25237     7.9659    17.4136   13.11776 2.7091e+02 0.0000e+00
         48 152.785830    0.00326     0.1958     11.750      0.264  39782.851    24.7568     7.8085      0.262    7.10261     8.0851    19.2582   12.83519 2.4992e+02 0.0000e+00
         49 152.785833    0.00333     0.2000     12.000      0.348  41872.348    26.1080     7.9659      0.345    7.00969     8.1720    20.2992   12.66154 2.2051e+02 0.0000e+00
         50 152.785836    0.00340     0.2042     12.250      0.434  43092.829    26.8993     8.0852      0.430    6.95094     8.2334    20.9052   12.55264 1.9574e+02 0.0000e+00
         51 152.785839    0.00347     0.2083     12.500      0.521  44102.545    27.5670     8.1721      0.516    6.90467     8.2746    21.4177   12.46659 1.8273e+02 0.0000e+00
         52 152.785842    0.00354     0.2125     12.750      0.604  44946.211    28.1328     8.2335      0.598    6.86808     8.2990    21.8532   12.39825 1.7630e+02 0.0000e+00
         53 152.785845    0.00361     0.2167     13.000      0.672  45483.363    28.4943     8.2747      0.666    6.84447     8.3098    22.1312   12.35423 1.7287e+02 0.0000e+00
         54 152.785848    0.00368     0.2208     13.250      0.718  45802.285    28.7088     8.2991      0.712    6.83046     8.3124    22.2961   12.32809 1.7216e+02 0.0000e+00
         55 152.785851    0.00375     0.2250     13.500      0.746  46007.325    28.8465     8.3099      0.739    6.82225     8.3134    22.4026   12.31262 1.7215e+02 0.0000e+00
         56 152.785854    0.00382     0.2292     13.750      0.761  46156.894    28.9469     8.3125      0.754    6.81714     8.3171    22.4811   12.30283 1.7228e+02 0.0000e+00
         57 152.785856    0.00389     0.2333     14.000      0.772  46272.153    29.0248     8.3135      0.765    6.81338     8.3238    22.5420   12.29557 1.7265e+02 0.0000e+00
         58 152.785859    0.00396     0.2375     14.250      0.782  46352.894    29.0800     8.3172      0.775    6.81027     8.3316    22.5848   12.28969 1.7218e+02 0.0000e+00
         59 152.785862    0.00403     0.2417     14.500      0.792  46400.839    29.1134     8.3239      0.785    6.80770     8.3385    22.6100   12.28500 1.7160e+02 0.0000e+00
         60 152.785865    0.00410     0.2458     14.750      0.799  46425.352    29.1310     8.3317      0.792    6.80569     8.3433    22.6227   12.28143 1.7222e+02 0.0000e+00
         61 152.785868    0.00417     0.2500     15.000      0.802  46436.793    29.1397     8.3386      0.795    6.80422     8.3455    22.6285   12.27888 1.7346e+02 0.0000e+00
         62 152.785871    0.00424     0.2542     15.250      0.799  46443.489    29.1448     8.3433      0.792    6.80324     8.3456    22.6319   12.27720 1.7395e+02 0.0000e+00
         63 152.785874    0.00431     0.2583     15.500      0.792  46451.301    29.1504     8.3455      0.785    6.80264     8.3447    22.6360   12.27614 1.7333e+02 0.0000e+00
         64 152.785877    0.00438     0.2625     15.750      0.786  46461.701    29.1576     8.3457      0.779    6.80230     8.3438    22.6416   12.27549 1.7280e+02 0.0000e+00
         65 152.785880    0.00444     0.2667     16.000      0.788  46471.777    29.1644     8.3448      0.781    6.80214     8.3434    22.6470   12.27513 1.7200e+02 0.0000e+00
         66 152.785883    0.00451     0.2708     16.250      0.801  46479.282    29.1694     8.3438      0.794    6.80206     8.3435    22.6511   12.27494 1.6881e+02 0.0000e+00
         67 152.785885    0.00458     0.2750     16.500      0.825  46484.766    29.1732     8.3434      0.818    6.80196     8.3440    22.6541   12.27471 1.6430e+02 0.0000e+00
         68 152.785888    0.00465     0.2792     16.750      0.856  46488.611    29.1759     8.3436      0.849    6.80181     8.3442    22.6562   12.27444 1.6170e+02 0.0000e+00
         69 152.785891    0.00472     0.2833     17.000      0.888  46491.435    29.1779     8.3440      0.879    6.80166     8.3436    22.6577   12.27416 1.6165e+02 0.0000e+00
         70 152.785894    0.00479     0.2875     17.250      0.911  46496.575    29.1815     8.3442      0.902    6.80147     8.3422    22.6604   12.27380 1.6205e+02 0.0000e+00
         71 152.785897    0.00486     0.2917     17.500      0.924  46505.788    29.1878     8.3436      0.915    6.80128     8.3405    22.6655   12.27340 1.6174e+02 0.0000e+00
         72 152.785900    0.00493     0.2958     17.750      0.932  46515.662    29.1944     8.3422      0.923    6.80120     8.3391    22.6709   12.27319 1.6127e+02 0.0000e+00
         73 152.785903    0.00500     0.3000     18.000      0.940  46522.583    29.1990     8.3406      0.931    6.80125     8.3377    22.6747   12.27323 1.6062e+02 0.0000e+00
         74 152.785906    0.00507     0.3042     18.250      0.953  46527.010    29.2018     8.3392      0.945    6.80134     8.3355    22.6771   12.27333 1.5947e+02 0.0000e+00
         75 152.785909    0.00514     0.3083     18.500      0.972  46531.190    29.2045     8.3378      0.963    6.80144     8.3326    22.6794   12.27347 1.5850e+02 0.0000e+00
         76 152.785911    0.00521     0.3125     18.750      0.994  46536.657    29.2080     8.3356      0.985    6.80161     8.3290    22.6824   12.27371 1.5781e+02 0.0000e+00
         77 152.785914    0.00528     0.3167     19.000      1.017  46544.436    29.2130     8.3327      1.007    6.80185     8.3252    22.6868   12.27404 1.5637e+02 0.0000e+00
         78 152.785917    0.00535     0.3208     19.250      1.038  46554.273    29.2193     8.3291      1.028    6.80212     8.3218    22.6922   12.27441 1.5455e+02 0.0000e+00
         79 152.785920    0.00542     0.3250     19.500      1.059  46563.734    29.2253     8.3253      1.049    6.80243     8.3186    22.6975   12.27486 1.5374e+02 0.0000e+00
         80 152.785923    0.00549     0.3292     19.750      1.079  46570.752    29.2297     8.3219      1.069    6.80278     8.3151    22.7014   12.27537 1.5367e+02 0.0000e+00
         81 152.785926    0.00556     0.3333     20.000      1.095  46576.715    29.2334     8.3187      1.085    6.80310     8.3106    22.7047   12.27586 1.5317e+02 0.0000e+00
         82 152.785929    0.00562     0.3375     20.250      1.106  46584.506    29.2383     8.3152      1.096    6.80343     8.3050    22.7090   12.27634 1.5182e+02 0.0000e+00
         83 152.785932    0.00569     0.3417     20.500      1.115  46595.516    29.2453     8.3107      1.104    6.80381     8.2981    22.7151   12.27688 1.5046e+02 0.0000e+00
         84 152.785935    0.00576     0.3458     20.750      1.125  46609.727    29.2544     8.3051      1.114    6.80428     8.2899    22.7230   12.27755 1.4983e+02 0.0000e+00
         85 152.785937    0.00583     0.3500     21.000      1.138  46626.157    29.2648     8.2982      1.127    6.80488     8.2806    22.7322   12.27842 1.4924e+02 0.0000e+00
         86 152.785940    0.00590     0.3542     21.250      1.153  46643.923    29.2760     8.2900      1.142    6.80565     8.2708    22.7421   12.27955 1.4807e+02 0.0000e+00
         87 152.785943    0.00597     0.3583     21.500      1.166  46662.991    29.2879     8.2807      1.155    6.80655     8.2607    22.7527   12.28090 1.4702e+02 0.0000e+00
         88 152.785946    0.00604     0.3625     21.750      1.175  46683.774    29.3009     8.2709      1.164    6.80749     8.2504    22.7643   12.28229 1.4671e+02 0.0000e+00
         89 152.785949    0.00611     0.3667     22.000      1.180  46706.464    29.3153     8.2608      1.169    6.80841     8.2397    22.7769   12.28364 1.4655e+02 0.0000e+00
         90 152.785952    0.00618     0.3708     22.250      1.186  46730.306    29.3304     8.2505      1.175    6.80934     8.2289    22.7902   12.28500 1.4599e+02 0.0000e+00
