CTD-processing/allCTD/CNV--turbid/2012-10-29-cookinlet-tran3-cast047-s02.cnv
* Sea-Bird SBE19plus Data File:
* FileName = C:\Documents and Settings\kris.holderied.local\My Documents\2012-CTD-DATA-new-files\2012-10-CookInlet-LTM\2012-10-29-LTM-CookInlet-Tran3-AnchorPt\2012-10-29-CookInlet-Tran3-cast047.hex
* Software Version 1.54
* Temperature SN =  4141
* Conductivity SN =  4141
* System UpLoad Time = Nov 20 2012 18:17:06
** Cook Inlet EVOSTC Transect 3 Anchor Pt west to east
** Date:  29 Oct 2012
** Station:  3-02
** Start time (AKDT-24 hr):  0907
** Depth (m):  27
** Comment:
# nquan = 16
# nvalues = 666                         
# units = specified
# name 0 = scan: Scan Count
# name 1 = timeJ: Julian Days
# name 2 = timeH: Time, Elapsed [hours]
# name 3 = timeM: Time, Elapsed [minutes]
# name 4 = timeS: Time, Elapsed [seconds]
# name 5 = prdM: Pressure, Strain Gauge [db]
# name 6 = specc: Specific Conductance [uS/cm]
# name 7 = sal00: Salinity, Practical [PSU]
# name 8 = tv290C: Temperature [ITS-90, deg C]
# name 9 = depSM: Depth [salt water, m], lat = 59.00
# name 10 = oxsolML/L: Oxygen Saturation, Garcia & Gordon [ml/l]
# name 11 = potemp090C: Potential Temperature [ITS-90, deg C]
# name 12 = sigma-é00: Density [sigma-theta, kg/m^3]
# name 13 = n2satML/L: Nitrogen Saturation [ml/l]
# name 14 = par: PAR/Irradiance, Biospherical/Licor
# name 15 = flag:  0.000e+00
# span 0 =          1,        666       
# span 1 = 303.379954, 303.381878       
# span 2 =    0.00000,    0.04618       
# span 3 =     0.0000,     2.7708       
# span 4 =      0.000,    166.250       
# span 5 =     -0.067,     22.841       
# span 6 =    698.578,  46043.507       
# span 7 =     0.3303,    28.6977       
# span 8 =     5.6534,     7.2328       
# span 9 =     -0.067,     22.626       
# span 10 =    6.99888,    8.74928      
# span 11 =     5.6534,     7.2309      
# span 12 =     0.2151,    22.4298      
# span 13 =   12.60692,   15.93595      
# span 14 = 4.3546e-02, 9.0674e+00      
# span 15 = 0.0000e+00, 0.0000e+00      
# interval = seconds: 0.25
# start_time = Oct 29 2012 09:07:08 [Instrument's time stamp, header]
# bad_flag = -9.990e-29
*END*
[from data line 362]
        363 303.381001    0.02514     1.5083     90.500      1.747  45020.766    27.9237     6.7117      1.731    7.12040     6.7067    21.8850   12.81809 8.1483e-01 0.0000e+00
        364 303.381004    0.02521     1.5125     90.750      1.778  45020.197    27.9230     6.7093      1.761    7.12084     6.7046    21.8846   12.81883 8.1137e-01 0.0000e+00
        365 303.381007    0.02528     1.5167     91.000      1.777  45021.023    27.9231     6.7069      1.760    7.12124     6.7029    21.8851   12.81949 8.3754e-01 0.0000e+00
        366 303.381010    0.02535     1.5208     91.250      1.746  45021.691    27.9233     6.7048      1.730    7.12159     6.7016    21.8855   12.82006 8.8524e-01 0.0000e+00
        367 303.381013    0.02542     1.5250     91.500      1.696  45021.033    27.9226     6.7031      1.680    7.12190     6.7006    21.8851   12.82059 9.4273e-01 0.0000e+00
        368 303.381016    0.02549     1.5292     91.750      1.639  45018.483    27.9207     6.7018      1.623    7.12221     6.6995    21.8838   12.82112 9.9640e-01 0.0000e+00
        369 303.381019    0.02556     1.5333     92.000      1.586  45013.513    27.9171     6.7007      1.571    7.12256     6.6981    21.8811   12.82174 1.0343e+00 0.0000e+00
        370 303.381021    0.02562     1.5375     92.250      1.547  45005.266    27.9113     6.6996      1.533    7.12301     6.6963    21.8767   12.82257 1.0519e+00 0.0000e+00
        371 303.381024    0.02569     1.5417     92.500      1.532  44992.100    27.9021     6.6982      1.518    7.12367     6.6938    21.8696   12.82378 1.0505e+00 0.0000e+00
        372 303.381027    0.02576     1.5458     92.750      1.544  44981.275    27.8944     6.6964      1.530    7.12434     6.6912    21.8638   12.82499 1.0355e+00 0.0000e+00
        373 303.381030    0.02583     1.5500     93.000      1.581  44984.155    27.8960     6.6939      1.567    7.12469     6.6898    21.8653   12.82555 1.0128e+00 0.0000e+00
        374 303.381033    0.02590     1.5542     93.250      1.635  44996.338    27.9039     6.6913      1.620    7.12474     6.6904    21.8718   12.82554 9.8260e-01 0.0000e+00
        375 303.381036    0.02597     1.5583     93.500      1.696  45009.778    27.9128     6.6899      1.681    7.12456     6.6935    21.8790   12.82512 9.4930e-01 0.0000e+00
        376 303.381039    0.02604     1.5625     93.750      1.752  45025.233    27.9234     6.6905      1.735    7.12396     6.6995    21.8873   12.82399 9.2523e-01 0.0000e+00
        377 303.381042    0.02611     1.5667     94.000      1.788  45043.390    27.9363     6.6936      1.771    7.12283     6.7072    21.8970   12.82195 9.2040e-01 0.0000e+00
        378 303.381045    0.02618     1.5708     94.250      1.795  45055.945    27.9459     6.6996      1.778    7.12138     6.7130    21.9038   12.81943 9.3868e-01 0.0000e+00
        379 303.381047    0.02625     1.5750     94.500      1.771  45048.384    27.9419     6.7073      1.754    7.12028     6.7134    21.8998   12.81765 9.8019e-01 0.0000e+00
        380 303.381050    0.02632     1.5792     94.750      1.721  45022.979    27.9255     6.7131      1.705    7.12008     6.7087    21.8862   12.81754 1.0376e+00 0.0000e+00
        381 303.381053    0.02639     1.5833     95.000      1.658  44999.837    27.9097     6.7135      1.642    7.12075     6.7016    21.8737   12.81886 1.0968e+00 0.0000e+00
        382 303.381056    0.02646     1.5875     95.250      1.596  44988.602    27.9013     6.7088      1.580    7.12194     6.6944    21.8677   12.82094 1.1521e+00 0.0000e+00
        383 303.381059    0.02653     1.5917     95.500      1.552  44985.166    27.8979     6.7017      1.537    7.12329     6.6880    21.8658   12.82321 1.1975e+00 0.0000e+00
        384 303.381062    0.02660     1.5958     95.750      1.537  44985.551    27.8970     6.6945      1.522    7.12453     6.6828    21.8660   12.82528 1.2112e+00 0.0000e+00
        385 303.381065    0.02667     1.6000     96.000      1.553  44987.496    27.8973     6.6881      1.539    7.12558     6.6790    21.8670   12.82700 1.1803e+00 0.0000e+00
        386 303.381068    0.02674     1.6042     96.250      1.595  44990.055    27.8983     6.6829      1.581    7.12640     6.6765    21.8684   12.82835 1.1203e+00 0.0000e+00
        387 303.381071    0.02681     1.6083     96.500      1.649  44993.558    27.9000     6.6791      1.634    7.12696     6.6754    21.8702   12.82926 1.0569e+00 0.0000e+00
        388 303.381073    0.02688     1.6125     96.750      1.698  44997.621    27.9024     6.6766      1.682    7.12726     6.6755    21.8724   12.82973 1.0130e+00 0.0000e+00
        389 303.381076    0.02694     1.6167     97.000      1.727  45002.077    27.9053     6.6755      1.711    7.12731     6.6766    21.8748   12.82978 1.0048e+00 0.0000e+00
        390 303.381079    0.02701     1.6208     97.250      1.727  45006.022    27.9080     6.6756      1.711    7.12716     6.6779    21.8769   12.82949 1.0343e+00 0.0000e+00
        391 303.381082    0.02708     1.6250     97.500      1.699  45007.158    27.9090     6.6767      1.684    7.12694     6.6791    21.8775   12.82911 1.0892e+00 0.0000e+00
        392 303.381085    0.02715     1.6292     97.750      1.655  45005.972    27.9084     6.6780      1.639    7.12674     6.6802    21.8769   12.82879 1.1508e+00 0.0000e+00
        393 303.381088    0.02722     1.6333     98.000      1.609  45005.443    27.9082     6.6792      1.594    7.12655     6.6809    21.8766   12.82847 1.1894e+00 0.0000e+00
        394 303.381091    0.02729     1.6375     98.250      1.576  45005.450    27.9084     6.6803      1.561    7.12637     6.6808    21.8766   12.82817 1.1847e+00 0.0000e+00
        395 303.381094    0.02736     1.6417     98.500      1.566  45003.282    27.9070     6.6810      1.551    7.12631     6.6797    21.8755   12.82810 1.1499e+00 0.0000e+00
        396 303.381097    0.02743     1.6458     98.750      1.581  44999.305    27.9043     6.6809      1.567    7.12645     6.6779    21.8733   12.82837 1.0989e+00 0.0000e+00
        397 303.381100    0.02750     1.6500     99.000      1.618  44996.158    27.9019     6.6798      1.602    7.12675     6.6760    21.8716   12.82888 1.0385e+00 0.0000e+00
        398 303.381102    0.02757     1.6542     99.250      1.665  44995.664    27.9013     6.6780      1.650    7.12708     6.6746    21.8713   12.82944 9.8093e-01 0.0000e+00
        399 303.381105    0.02764     1.6583     99.500      1.714  44997.552    27.9023     6.6761      1.697    7.12734     6.6740    21.8723   12.82986 9.3229e-01 0.0000e+00
        400 303.381108    0.02771     1.6625     99.750      1.752  45000.329    27.9039     6.6748      1.735    7.12749     6.6742    21.8738   12.83009 8.9644e-01 0.0000e+00
        401 303.381111    0.02778     1.6667    100.000      1.773  45003.739    27.9062     6.6741      1.755    7.12750     6.6752    21.8756   12.83007 8.7653e-01 0.0000e+00
        402 303.381114    0.02785     1.6708    100.250      1.771  45007.578    27.9088     6.6743      1.753    7.12734     6.6768    21.8777   12.82978 8.7363e-01 0.0000e+00
        403 303.381117    0.02792     1.6750    100.500      1.746  45010.186    27.9108     6.6753      1.729    7.12708     6.6783    21.8791   12.82932 8.8482e-01 0.0000e+00
        404 303.381120    0.02799     1.6792    100.750      1.703  45010.408    27.9112     6.6769      1.687    7.12680     6.6794    21.8793   12.82886 8.9821e-01 0.0000e+00
        405 303.381123    0.02806     1.6833    101.000      1.651  45008.870    27.9104     6.6784      1.635    7.12658     6.6799    21.8785   12.82851 9.0017e-01 0.0000e+00
        406 303.381126    0.02813     1.6875    101.250      1.601  45006.518    27.9090     6.6796      1.586    7.12646     6.6798    21.8772   12.82832 8.8927e-01 0.0000e+00
        407 303.381128    0.02819     1.6917    101.500      1.567  45004.040    27.9074     6.6801      1.552    7.12645     6.6791    21.8759   12.82833 8.8000e-01 0.0000e+00
        408 303.381131    0.02826     1.6958    101.750      1.557  45001.728    27.9058     6.6799      1.542    7.12655     6.6779    21.8747   12.82850 8.8035e-01 0.0000e+00
        409 303.381134    0.02833     1.7000    102.000      1.575  44999.349    27.9041     6.6792      1.560    7.12674     6.6761    21.8734   12.82885 8.8067e-01 0.0000e+00
        410 303.381137    0.02840     1.7042    102.250      1.616  44997.274    27.9024     6.6780      1.601    7.12702     6.6744    21.8722   12.82934 8.7582e-01 0.0000e+00
        411 303.381140    0.02847     1.7083    102.500      1.669  44997.790    27.9025     6.6763      1.653    7.12731     6.6735    21.8725   12.82982 8.7175e-01 0.0000e+00
        412 303.381143    0.02854     1.7125    102.750      1.721  45001.176    27.9045     6.6746      1.705    7.12750     6.6734    21.8743   12.83010 8.7098e-01 0.0000e+00
        413 303.381146    0.02861     1.7167    103.000      1.759  45003.505    27.9060     6.6737      1.743    7.12758     6.6732    21.8755   12.83022 8.7446e-01 0.0000e+00
        414 303.381149    0.02868     1.7208    103.250      1.776  45002.950    27.9056     6.6735      1.759    7.12763     6.6726    21.8752   12.83031 8.8571e-01 0.0000e+00
        415 303.381152    0.02875     1.7250    103.500      1.767  45001.073    27.9043     6.6733      1.750    7.12773     6.6717    21.8742   12.83049 9.0419e-01 0.0000e+00
        416 303.381155    0.02882     1.7292    103.750      1.734  44999.543    27.9031     6.6727      1.718    7.12788     6.6707    21.8734   12.83075 9.2751e-01 0.0000e+00
        417 303.381157    0.02889     1.7333    104.000      1.683  44999.468    27.9029     6.6718      1.667    7.12804     6.6703    21.8733   12.83102 9.5777e-01 0.0000e+00
        418 303.381160    0.02896     1.7375    104.250      1.625  45001.447    27.9041     6.6708      1.610    7.12814     6.6707    21.8744   12.83117 9.9499e-01 0.0000e+00
        419 303.381163    0.02903     1.7417    104.500      1.574  45005.564    27.9069     6.6704      1.559    7.12809     6.6724    21.8766   12.83105 1.0328e+00 0.0000e+00
        420 303.381166    0.02910     1.7458    104.750      1.542  45011.040    27.9108     6.6708      1.528    7.12783     6.6751    21.8796   12.83057 1.0671e+00 0.0000e+00
        421 303.381169    0.02917     1.7500    105.000      1.539  45015.824    27.9143     6.6725      1.525    7.12739     6.6785    21.8822   12.82978 1.0894e+00 0.0000e+00
        422 303.381172    0.02924     1.7542    105.250      1.568  45019.180    27.9170     6.6752      1.553    7.12681     6.6823    21.8840   12.82878 1.0801e+00 0.0000e+00
        423 303.381175    0.02931     1.7583    105.500      1.624  45022.753    27.9199     6.6786      1.608    7.12611     6.6862    21.8859   12.82759 1.0332e+00 0.0000e+00
        424 303.381178    0.02937     1.7625    105.750      1.692  45025.102    27.9221     6.6824      1.676    7.12537     6.6896    21.8872   12.82634 9.7025e-01 0.0000e+00
        425 303.381181    0.02944     1.7667    106.000      1.755  45024.701    27.9224     6.6863      1.739    7.12471     6.6925    21.8870   12.82523 9.1872e-01 0.0000e+00
        426 303.381183    0.02951     1.7708    106.250      1.796  45024.236    27.9226     6.6897      1.779    7.12412     6.6949    21.8867   12.82426 8.9299e-01 0.0000e+00
        427 303.381186    0.02958     1.7750    106.500      1.804  45024.049    27.9229     6.6926      1.787    7.12362     6.6964    21.8866   12.82343 9.0012e-01 0.0000e+00
        428 303.381189    0.02965     1.7792    106.750      1.777  45020.851    27.9211     6.6951      1.761    7.12330     6.6962    21.8849   12.82292 9.4307e-01 0.0000e+00
        429 303.381192    0.02972     1.7833    107.000      1.721  45014.313    27.9169     6.6965      1.705    7.12326     6.6948    21.8814   12.82291 1.0130e+00 0.0000e+00
        430 303.381195    0.02979     1.7875    107.250      1.648  45008.350    27.9129     6.6964      1.633    7.12347     6.6926    21.8782   12.82332 1.0913e+00 0.0000e+00
        431 303.381198    0.02986     1.7917    107.500      1.577  45004.947    27.9103     6.6949      1.563    7.12384     6.6904    21.8764   12.82396 1.1525e+00 0.0000e+00
        432 303.381201    0.02993     1.7958    107.750      1.527  45003.598    27.9091     6.6928      1.513    7.12425     6.6886    21.8757   12.82466 1.1716e+00 0.0000e+00
        433 303.381204    0.03000     1.8000    108.000      1.513  45004.729    27.9096     6.6905      1.499    7.12460     6.6880    21.8763   12.82523 1.1450e+00 0.0000e+00
        434 303.381207    0.03007     1.8042    108.250      1.537  45009.529    27.9126     6.6888      1.523    7.12476     6.6895    21.8789   12.82545 1.0885e+00 0.0000e+00
        435 303.381209    0.03014     1.8083    108.500      1.590  45019.524    27.9193     6.6882      1.575    7.12454     6.6943    21.8843   12.82501 1.0214e+00 0.0000e+00
        436 303.381212    0.03021     1.8125    108.750      1.655  45036.503    27.9311     6.6897      1.639    7.12373     6.7027    21.8934   12.82352 9.6286e-01 0.0000e+00
        437 303.381215    0.03028     1.8167    109.000      1.714  45057.797    27.9463     6.6944      1.698    7.12223     6.7134    21.9048   12.82084 9.2915e-01 0.0000e+00
        438 303.381218    0.03035     1.8208    109.250      1.754  45072.319    27.9576     6.7028      1.738    7.12030     6.7228    21.9127   12.81748 9.2856e-01 0.0000e+00
        439 303.381221    0.03042     1.8250    109.500      1.768  45070.401    27.9580     6.7135      1.751    7.11850     6.7277    21.9117   12.81451 9.6187e-01 0.0000e+00
        440 303.381224    0.03049     1.8292    109.750      1.752  45052.776    27.9474     6.7229      1.735    7.11744     6.7269    21.9022   12.81288 1.0231e+00 0.0000e+00
        441 303.381227    0.03056     1.8333    110.000      1.711  45027.528    27.9309     6.7278      1.695    7.11740     6.7213    21.8887   12.81302 1.0931e+00 0.0000e+00
        442 303.381230    0.03062     1.8375    110.250      1.658  45005.166    27.9155     6.7270      1.642    7.11826     6.7134    21.8767   12.81464 1.1450e+00 0.0000e+00
        443 303.381233    0.03069     1.8417    110.500      1.609  44992.440    27.9059     6.7214      1.593    7.11963     6.7057    21.8698   12.81704 1.1609e+00 0.0000e+00
        444 303.381236    0.03076     1.8458    110.750      1.578  44989.274    27.9025     6.7136      1.563    7.12109     6.6997    21.8681   12.81951 1.1362e+00 0.0000e+00
        445 303.381238    0.03083     1.8500    111.000      1.573  44992.671    27.9036     6.7059      1.558    7.12232     6.6959    21.8699   12.82153 1.0814e+00 0.0000e+00
        446 303.381241    0.03090     1.8542    111.250      1.589  45000.103    27.9078     6.6998      1.575    7.12314     6.6942    21.8739   12.82283 1.0185e+00 0.0000e+00
        447 303.381244    0.03097     1.8583    111.500      1.617  45008.054    27.9126     6.6960      1.602    7.12355     6.6940    21.8781   12.82344 9.6826e-01 0.0000e+00
        448 303.381247    0.03104     1.8625    111.750      1.646  45013.129    27.9158     6.6944      1.631    7.12367     6.6946    21.8808   12.82360 9.4594e-01 0.0000e+00
        449 303.381250    0.03111     1.8667    112.000      1.667  45016.142    27.9179     6.6942      1.652    7.12361     6.6957    21.8824   12.82348 9.5808e-01 0.0000e+00
        450 303.381253    0.03118     1.8708    112.250      1.675  45018.800    27.9198     6.6947      1.660    7.12343     6.6967    21.8839   12.82315 9.9993e-01 0.0000e+00
        451 303.381256    0.03125     1.8750    112.500      1.670  45018.878    27.9200     6.6958      1.654    7.12324     6.6965    21.8839   12.82284 1.0598e+00 0.0000e+00
