CTD-processing/allCTD/CNV--turbid/2012_07-02_subbays_halibuta_cast161.cnv
* Sea-Bird SBE19plus Data File:
* FileName = C:\Documents and Settings\kris.holderied.local\My Documents\CTD-data-upload-2012-07-28\CTD5028-upload-2012-07-28-cast161.hex
* Software Version 1.54
* Temperature SN =  5028
* Conductivity SN =  5028
* System UpLoad Time = Jul 28 2012 12:05:59
** Kachemak Bay - CTD data - upload all 2012-07-28
** Date:  2012-07-02   xxxx Tide (x of 2 lines)
** Station:  Halibut A
** Start time (AKDT-24 hr):1253
** Depth (ft):237
** Comments: Vertical and Hortizontal tow for visuals. 10L bucket surface grab - filtered. Secchi 3.5m tow 4m.
# nquan = 16
# nvalues = 471                         
# units = specified
# name 0 = scan: Scan Count
# name 1 = timeJ: Julian Days
# name 2 = timeH: Time, Elapsed [hours]
# name 3 = timeM: Time, Elapsed [minutes]
# name 4 = timeS: Time, Elapsed [seconds]
# name 5 = prdM: Pressure, Strain Gauge [db]
# name 6 = specc: Specific Conductance [uS/cm]
# name 7 = sal00: Salinity, Practical [PSU]
# name 8 = tv290C: Temperature [ITS-90, deg C]
# name 9 = depSM: Depth [salt water, m], lat = 59.00
# name 10 = oxsolML/L: Oxygen Saturation, Garcia & Gordon [ml/l]
# name 11 = potemp090C: Potential Temperature [ITS-90, deg C]
# name 12 = sigma-é00: Density [sigma-theta, kg/m^3]
# name 13 = n2satML/L: Nitrogen Saturation [ml/l]
# name 14 = par: PAR/Irradiance, Biospherical/Licor [umol photons/m^2/sec]
# name 15 = flag:  0.000e+00
# span 0 =          1,        471       
# span 1 = 184.538137, 184.539497       
# span 2 =    0.00000,    0.03264       
# span 3 =     0.0000,     1.9583       
# span 4 =      0.000,    117.500       
# span 5 =     -0.077,     62.348       
# span 6 =    668.343,  50425.357       
# span 7 =     0.3236,    31.5048       
# span 8 =     6.0917,    12.2398       
# span 9 =     -0.076,     61.756       
# span 10 =    6.33640,    7.49477      
# span 11 =     6.0867,    12.2397      
# span 12 =    -0.2688,    24.7813      
# span 13 =   11.52958,   13.81950      
# span 14 = 6.8103e-02, 1.3074e+03      
# span 15 = 0.0000e+00, 0.0000e+00      
# interval = seconds: 0.25
# start_time = Jul 02 2012 12:54:55 [Instrument's time stamp, header]
# bad_flag = -9.990e-29
*END*
[from data line 362]
        363 184.539184    0.02514     1.5083     90.500     24.002  50019.935    31.4467     7.2210     23.776    6.87560     7.2191    24.5920   12.36827 2.3331e+00 0.0000e+00
        364 184.539187    0.02521     1.5125     90.750     24.394  50022.845    31.4486     7.2211     24.165    6.87551     7.2192    24.5935   12.36809 2.1778e+00 0.0000e+00
        365 184.539190    0.02528     1.5167     91.000     24.789  50025.157    31.4500     7.2213     24.556    6.87542     7.2189    24.5946   12.36792 2.0324e+00 0.0000e+00
        366 184.539193    0.02535     1.5208     91.250     25.186  50026.831    31.4510     7.2214     24.949    6.87536     7.2180    24.5954   12.36781 1.8962e+00 0.0000e+00
        367 184.539196    0.02542     1.5250     91.500     25.587  50028.015    31.4516     7.2212     25.346    6.87537     7.2161    24.5959   12.36782 1.7690e+00 0.0000e+00
        368 184.539198    0.02549     1.5292     91.750     25.989  50028.751    31.4518     7.2203     25.744    6.87550     7.2129    24.5962   12.36803 1.6518e+00 0.0000e+00
        369 184.539201    0.02556     1.5333     92.000     26.388  50028.955    31.4515     7.2185     26.140    6.87580     7.2074    24.5961   12.36854 1.5465e+00 0.0000e+00
        370 184.539204    0.02562     1.5375     92.250     26.780  50027.308    31.4496     7.2153     26.529    6.87640     7.1981    24.5951   12.36955 1.4525e+00 0.0000e+00
        371 184.539207    0.02569     1.5417     92.500     27.166  50021.750    31.4446     7.2098     26.911    6.87748     7.1837    24.5919   12.37141 1.3672e+00 0.0000e+00
        372 184.539210    0.02576     1.5458     92.750     27.547  50013.102    31.4368     7.2006     27.287    6.87929     7.1645    24.5870   12.37450 1.2882e+00 0.0000e+00
        373 184.539213    0.02583     1.5500     93.000     27.924  50007.789    31.4305     7.1861     27.661    6.88187     7.1434    24.5839   12.37884 1.2141e+00 0.0000e+00
        374 184.539216    0.02590     1.5542     93.250     28.299  50010.643    31.4290     7.1670     28.033    6.88497     7.1226    24.5853   12.38397 1.1442e+00 0.0000e+00
        375 184.539219    0.02597     1.5583     93.500     28.675  50018.857    31.4309     7.1460     28.405    6.88822     7.1034    24.5896   12.38933 1.0782e+00 0.0000e+00
        376 184.539222    0.02604     1.5625     93.750     29.051  50029.544    31.4346     7.1252     28.778    6.89135     7.0868    24.5952   12.39446 1.0156e+00 0.0000e+00
        377 184.539225    0.02611     1.5667     94.000     29.429  50041.971    31.4397     7.1060     29.151    6.89416     7.0727    24.6018   12.39904 9.5622e-01 0.0000e+00
        378 184.539227    0.02618     1.5708     94.250     29.807  50053.226    31.4445     7.0894     29.525    6.89659     7.0604    24.6077   12.40300 9.0006e-01 0.0000e+00
        379 184.539230    0.02625     1.5750     94.500     30.186  50060.763    31.4472     7.0753     29.901    6.89870     7.0488    24.6117   12.40646 8.4697e-01 0.0000e+00
        380 184.539233    0.02632     1.5792     94.750     30.567  50064.925    31.4477     7.0630     30.280    6.90063     7.0375    24.6137   12.40964 7.9654e-01 0.0000e+00
        381 184.539236    0.02639     1.5833     95.000     30.952  50067.967    31.4477     7.0514     30.661    6.90247     7.0269    24.6152   12.41269 7.4853e-01 0.0000e+00
        382 184.539239    0.02646     1.5875     95.250     31.339  50072.049    31.4484     7.0402     31.044    6.90423     7.0173    24.6172   12.41558 7.0289e-01 0.0000e+00
        383 184.539242    0.02653     1.5917     95.500     31.728  50077.683    31.4503     7.0296     31.429    6.90584     7.0092    24.6201   12.41822 6.5972e-01 0.0000e+00
        384 184.539245    0.02660     1.5958     95.750     32.119  50084.410    31.4531     7.0200     31.817    6.90723     7.0028    24.6236   12.42049 6.1913e-01 0.0000e+00
        385 184.539248    0.02667     1.6000     96.000     32.515  50090.816    31.4560     7.0120     32.209    6.90838     6.9976    24.6269   12.42235 5.8097e-01 0.0000e+00
        386 184.539251    0.02674     1.6042     96.250     32.916  50095.430    31.4579     7.0056     32.606    6.90931     6.9931    24.6293   12.42386 5.4488e-01 0.0000e+00
        387 184.539253    0.02681     1.6083     96.500     33.326  50098.389    31.4588     7.0005     33.012    6.91008     6.9889    24.6307   12.42513 5.1036e-01 0.0000e+00
        388 184.539256    0.02688     1.6125     96.750     33.749  50100.422    31.4593     6.9960     33.431    6.91077     6.9850    24.6316   12.42627 4.7670e-01 0.0000e+00
        389 184.539259    0.02694     1.6167     97.000     34.197  50102.215    31.4596     6.9919     33.875    6.91142     6.9813    24.6324   12.42733 4.4337e-01 0.0000e+00
        390 184.539262    0.02701     1.6208     97.250     34.660  50103.470    31.4596     6.9880     34.333    6.91204     6.9773    24.6329   12.42836 4.1125e-01 0.0000e+00
        391 184.539265    0.02708     1.6250     97.500     35.108  50103.586    31.4588     6.9843     34.776    6.91267     6.9729    24.6328   12.42941 3.8234e-01 0.0000e+00
        392 184.539268    0.02715     1.6292     97.750     35.530  50103.506    31.4578     6.9803     35.195    6.91334     6.9680    24.6326   12.43053 3.5707e-01 0.0000e+00
        393 184.539271    0.02722     1.6333     98.000     35.937  50103.890    31.4571     6.9759     35.598    6.91408     6.9628    24.6326   12.43176 3.3452e-01 0.0000e+00
        394 184.539274    0.02729     1.6375     98.250     36.335  50104.365    31.4564     6.9711     35.993    6.91488     6.9570    24.6327   12.43309 3.1413e-01 0.0000e+00
        395 184.539277    0.02736     1.6417     98.500     36.729  50104.469    31.4554     6.9659     36.382    6.91576     6.9503    24.6326   12.43456 2.9556e-01 0.0000e+00
        396 184.539280    0.02743     1.6458     98.750     37.118  50103.888    31.4538     6.9602     36.768    6.91675     6.9426    24.6321   12.43621 2.7859e-01 0.0000e+00
        397 184.539282    0.02750     1.6500     99.000     37.506  50103.329    31.4521     6.9536     37.151    6.91788     6.9341    24.6316   12.43810 2.6300e-01 0.0000e+00
        398 184.539285    0.02757     1.6542     99.250     37.893  50104.101    31.4511     6.9459     37.535    6.91915     6.9250    24.6318   12.44022 2.4865e-01 0.0000e+00
        399 184.539288    0.02764     1.6583     99.500     38.279  50105.564    31.4505     6.9375     37.918    6.92053     6.9149    24.6324   12.44251 2.3542e-01 0.0000e+00
        400 184.539291    0.02771     1.6625     99.750     38.666  50105.730    31.4488     6.9284     38.301    6.92206     6.9035    24.6323   12.44506 2.2317e-01 0.0000e+00
        401 184.539294    0.02778     1.6667    100.000     39.054  50105.682    31.4468     6.9183     38.685    6.92376     6.8914    24.6320   12.44790 2.1188e-01 0.0000e+00
        402 184.539297    0.02785     1.6708    100.250     39.443  50108.359    31.4465     6.9069     39.071    6.92560     6.8794    24.6332   12.45093 2.0144e-01 0.0000e+00
        403 184.539300    0.02792     1.6750    100.500     39.835  50113.441    31.4477     6.8949     39.459    6.92748     6.8676    24.6357   12.45402 1.9171e-01 0.0000e+00
        404 184.539303    0.02799     1.6792    100.750     40.231  50118.044    31.4486     6.8829     39.851    6.92935     6.8552    24.6380   12.45712 1.8260e-01 0.0000e+00
        405 184.539306    0.02806     1.6833    101.000     40.629  50120.420    31.4480     6.8711     40.246    6.93128     6.8422    24.6390   12.46031 1.7417e-01 0.0000e+00
        406 184.539308    0.02813     1.6875    101.250     41.025  50123.598    31.4478     6.8587     40.639    6.93327     6.8300    24.6405   12.46361 1.6649e-01 0.0000e+00
        407 184.539311    0.02819     1.6917    101.500     41.419  50131.495    31.4508     6.8458     41.028    6.93521     6.8184    24.6445   12.46677 1.5948e-01 0.0000e+00
        408 184.539314    0.02826     1.6958    101.750     41.808  50137.962    31.4529     6.8336     41.413    6.93708     6.8048    24.6478   12.46983 1.5307e-01 0.0000e+00
        409 184.539317    0.02833     1.7000    102.000     42.194  50136.271    31.4495     6.8220     41.796    6.93909     6.7878    24.6466   12.47320 1.4720e-01 0.0000e+00
        410 184.539320    0.02840     1.7042    102.250     42.577  50133.435    31.4449     6.8084     42.175    6.94148     6.7686    24.6448   12.47722 1.4180e-01 0.0000e+00
        411 184.539323    0.02847     1.7083    102.500     42.957  50136.090    31.4435     6.7915     42.552    6.94428     6.7492    24.6459   12.48186 1.3680e-01 0.0000e+00
        412 184.539326    0.02854     1.7125    102.750     43.337  50143.987    31.4454     6.7723     42.927    6.94727     6.7310    24.6498   12.48679 1.3217e-01 0.0000e+00
        413 184.539329    0.02861     1.7167    103.000     43.716  50155.162    31.4495     6.7529     43.303    6.95021     6.7137    24.6555   12.49158 1.2786e-01 0.0000e+00
        414 184.539332    0.02868     1.7208    103.250     44.095  50164.067    31.4522     6.7347     43.679    6.95301     6.6964    24.6600   12.49619 1.2385e-01 0.0000e+00
        415 184.539334    0.02875     1.7250    103.500     44.475  50170.223    31.4532     6.7175     44.054    6.95575     6.6797    24.6629   12.50071 1.2010e-01 0.0000e+00
        416 184.539337    0.02882     1.7292    103.750     44.855  50178.520    31.4557     6.7002     44.430    6.95842     6.6646    24.6671   12.50509 1.1659e-01 0.0000e+00
        417 184.539340    0.02889     1.7333    104.000     45.235  50189.682    31.4602     6.6835     44.807    6.96092     6.6518    24.6728   12.50915 1.1329e-01 0.0000e+00
        418 184.539343    0.02896     1.7375    104.250     45.616  50200.647    31.4649     6.6685     45.185    6.96313     6.6408    24.6784   12.51275 1.1019e-01 0.0000e+00
        419 184.539346    0.02903     1.7417    104.500     46.001  50209.631    31.4687     6.6557     45.565    6.96504     6.6314    24.6830   12.51585 1.0727e-01 0.0000e+00
        420 184.539349    0.02910     1.7458    104.750     46.386  50217.092    31.4717     6.6448     45.947    6.96666     6.6225    24.6868   12.51850 1.0454e-01 0.0000e+00
        421 184.539352    0.02917     1.7500    105.000     46.771  50221.124    31.4726     6.6354     46.328    6.96814     6.6128    24.6887   12.52093 1.0201e-01 0.0000e+00
        422 184.539355    0.02924     1.7542    105.250     47.155  50221.320    31.4709     6.6265     46.709    6.96966     6.6024    24.6885   12.52346 9.9696e-02 0.0000e+00
        423 184.539358    0.02931     1.7583    105.500     47.540  50223.268    31.4703     6.6168     47.090    6.97125     6.5926    24.6893   12.52611 9.7566e-02 0.0000e+00
        424 184.539361    0.02937     1.7625    105.750     47.924  50229.224    31.4724     6.6064     47.470    6.97284     6.5835    24.6922   12.52870 9.5584e-02 0.0000e+00
        425 184.539363    0.02944     1.7667    106.000     48.307  50234.320    31.4740     6.5967     47.849    6.97435     6.5733    24.6947   12.53117 9.3740e-02 0.0000e+00
        426 184.539366    0.02951     1.7708    106.250     48.690  50234.359    31.4722     6.5876     48.229    6.97591     6.5604    24.6944   12.53378 9.2023e-02 0.0000e+00
        427 184.539369    0.02958     1.7750    106.500     49.074  50230.596    31.4675     6.5774     48.609    6.97777     6.5442    24.6920   12.53692 9.0429e-02 0.0000e+00
        428 184.539372    0.02965     1.7792    106.750     49.458  50227.410    31.4627     6.5645     48.989    6.98009     6.5252    24.6899   12.54081 8.8940e-02 0.0000e+00
        429 184.539375    0.02972     1.7833    107.000     49.842  50226.854    31.4592     6.5483     49.370    6.98288     6.5029    24.6891   12.54546 8.7526e-02 0.0000e+00
        430 184.539378    0.02979     1.7875    107.250     50.226  50225.829    31.4548     6.5293     49.751    6.98617     6.4766    24.6880   12.55096 8.6197e-02 0.0000e+00
        431 184.539381    0.02986     1.7917    107.500     50.612  50222.852    31.4485     6.5071     50.133    6.99008     6.4474    24.6858   12.55750 8.4975e-02 0.0000e+00
        432 184.539384    0.02993     1.7958    107.750     50.998  50225.485    31.4452     6.4809     50.515    6.99451     6.4190    24.6865   12.56487 8.3849e-02 0.0000e+00
        433 184.539387    0.03000     1.8000    108.000     51.384  50240.392    31.4500     6.4517     50.897    6.99905     6.3943    24.6939   12.57232 8.2798e-02 0.0000e+00
        434 184.539389    0.03007     1.8042    108.250     51.769  50262.195    31.4596     6.4233     51.279    7.00325     6.3739    24.7051   12.57913 8.1813e-02 0.0000e+00
        435 184.539392    0.03014     1.8083    108.500     52.153  50281.818    31.4685     6.3987     51.659    7.00686     6.3569    24.7151   12.58498 8.0886e-02 0.0000e+00
        436 184.539395    0.03021     1.8125    108.750     52.537  50297.120    31.4751     6.3783     52.039    7.00989     6.3421    24.7228   12.58990 8.0011e-02 0.0000e+00
        437 184.539398    0.03028     1.8167    109.000     52.921  50308.527    31.4796     6.3612     52.419    7.01247     6.3282    24.7285   12.59411 7.9173e-02 0.0000e+00
        438 184.539401    0.03035     1.8208    109.250     53.306  50314.441    31.4807     6.3465     52.801    7.01483     6.3142    24.7313   12.59799 7.8370e-02 0.0000e+00
        439 184.539404    0.03042     1.8250    109.500     53.693  50317.377    31.4800     6.3326     53.185    7.01713     6.3005    24.7324   12.60181 7.7605e-02 0.0000e+00
        440 184.539407    0.03049     1.8292    109.750     54.084  50322.832    31.4810     6.3186     53.572    7.01939     6.2883    24.7348   12.60552 7.6869e-02 0.0000e+00
        441 184.539410    0.03056     1.8333    110.000     54.478  50331.183    31.4840     6.3050     53.961    7.02148     6.2780    24.7389   12.60894 7.6174e-02 0.0000e+00
        442 184.539413    0.03062     1.8375    110.250     54.872  50340.286    31.4878     6.2928     54.352    7.02331     6.2698    24.7434   12.61192 7.5529e-02 0.0000e+00
        443 184.539416    0.03069     1.8417    110.500     55.266  50348.719    31.4916     6.2825     54.742    7.02481     6.2633    24.7476   12.61436 7.4931e-02 0.0000e+00
        444 184.539418    0.03076     1.8458    110.750     55.657  50355.384    31.4944     6.2744     55.129    7.02602     6.2580    24.7509   12.61632 7.4375e-02 0.0000e+00
        445 184.539421    0.03083     1.8500    111.000     56.046  50360.194    31.4963     6.2679     55.514    7.02700     6.2532    24.7532   12.61791 7.3851e-02 0.0000e+00
        446 184.539424    0.03090     1.8542    111.250     56.432  50362.512    31.4968     6.2626     55.897    7.02784     6.2479    24.7542   12.61930 7.3360e-02 0.0000e+00
        447 184.539427    0.03097     1.8583    111.500     56.817  50361.584    31.4950     6.2578     56.278    7.02871     6.2417    24.7534   12.62075 7.2904e-02 0.0000e+00
        448 184.539430    0.03104     1.8625    111.750     57.201  50359.316    31.4923     6.2526     56.658    7.02970     6.2348    24.7519   12.62242 7.2481e-02 0.0000e+00
        449 184.539433    0.03111     1.8667    112.000     57.584  50359.042    31.4907     6.2464     57.038    7.03080     6.2282    24.7514   12.62426 7.2086e-02 0.0000e+00
        450 184.539436    0.03118     1.8708    112.250     57.967  50361.701    31.4911     6.2395     57.418    7.03190     6.2219    24.7526   12.62608 7.1704e-02 0.0000e+00
        451 184.539439    0.03125     1.8750    112.500     58.351  50364.036    31.4913     6.2330     57.798    7.03298     6.2148    24.7535   12.62785 7.1335e-02 0.0000e+00
