CTD-processing/allCTD/CNV--turbid/2012_06-25_subbays_bearb_cast114.cnv
* Sea-Bird SBE19plus Data File:
* FileName = C:\Documents and Settings\glenn.seaman\My Documents\KHolderied-files\CTD-DATA-FILES\2012-CTD-KachemakBay\2012-06-25-CTD-KachemakBay-subbays\2012-06-25-KBay-subbays-cast114.hex
* Software Version 1.59
* Temperature SN =  5028
* Conductivity SN =  5028
* System UpLoad Time = Jun 27 2012 00:08:29
** KachemakBay-Subbay-Survey
** Date: 2012-06-25
** Station: Bear Cove B - inside cove
** Start time (AKDT-24hr): 1443
** Depth (ft): 75
** Lat: 59d 43.202m N
** Long: 151d 01.657m W
** 1 liter water grab for plankton.  Flat water in shelter.  Raining.
# nquan = 16
# nvalues = 461                         
# units = specified
# name 0 = scan: Scan Count
# name 1 = timeJ: Julian Days
# name 2 = timeH: Time, Elapsed [hours]
# name 3 = timeM: Time, Elapsed [minutes]
# name 4 = timeS: Time, Elapsed [seconds]
# name 5 = prdM: Pressure, Strain Gauge [db]
# name 6 = specc: Specific Conductance [uS/cm]
# name 7 = sal00: Salinity, Practical [PSU]
# name 8 = tv290C: Temperature [ITS-90, deg C]
# name 9 = depSM: Depth [salt water, m], lat = 59.00
# name 10 = oxsolML/L: Oxygen Saturation, Garcia & Gordon [ml/l]
# name 11 = potemp090C: Potential Temperature [ITS-90, deg C]
# name 12 = sigma-é00: Density [sigma-theta, kg/m^3]
# name 13 = n2satML/L: Nitrogen Saturation [ml/l]
# name 14 = par: PAR/Irradiance, Biospherical/Licor [umol photons/m^2/sec]
# name 15 = flag:  0.000e+00
# span 0 =          1,        461       
# span 1 = 177.613831, 177.615162       
# span 2 =    0.00000,    0.03194       
# span 3 =     0.0000,     1.9167       
# span 4 =      0.000,    115.000       
# span 5 =     -0.162,     22.374       
# span 6 =      1.016,  50023.458       
# span 7 =     0.0052,    31.2193       
# span 8 =     5.9322,    12.7121       
# span 9 =     -0.160,     22.164       
# span 10 =    6.33559,    7.87620      
# span 11 =     5.9305,    12.7119      
# span 12 =    -0.3049,    24.5715      
# span 13 =   11.54385,   14.46955      
# span 14 = 4.6703e-02, 9.4666e+01      
# span 15 = 0.0000e+00, 0.0000e+00      
# interval = seconds: 0.25
# start_time = Jun 25 2012 14:43:55 [Instrument's time stamp, header]
# bad_flag = -9.990e-29
*END*
[from data line 362]
        363 177.614878    0.02514     1.5083     90.500      0.478  38453.634    24.0444    12.6245      0.473    6.39794    12.6283    17.9902   11.66602 7.1968e+01 0.0000e+00
        364 177.614881    0.02521     1.5125     90.750      0.477  38454.623    24.0452    12.6265      0.473    6.39764    12.6294    17.9905   11.66551 7.2198e+01 0.0000e+00
        365 177.614884    0.02528     1.5167     91.000      0.475  38445.870    24.0393    12.6284      0.471    6.39761    12.6287    17.9856   11.66554 7.2473e+01 0.0000e+00
        366 177.614887    0.02535     1.5208     91.250      0.472  38426.529    24.0261    12.6294      0.467    6.39800    12.6260    17.9751   11.66634 7.2899e+01 0.0000e+00
        367 177.614890    0.02542     1.5250     91.500      0.467  38396.602    24.0055    12.6288      0.462    6.39891    12.6215    17.9593   11.66812 7.3559e+01 0.0000e+00
        368 177.614893    0.02549     1.5292     91.750      0.461  38361.352    23.9810    12.6261      0.457    6.40027    12.6165    17.9409   11.67067 7.4138e+01 0.0000e+00
        369 177.614896    0.02556     1.5333     92.000      0.457  38330.794    23.9597    12.6216      0.453    6.40173    12.6125    17.9252   11.67336 7.4346e+01 0.0000e+00
        370 177.614899    0.02562     1.5375     92.250      0.454  38315.357    23.9487    12.6166      0.450    6.40285    12.6103    17.9176   11.67536 7.4257e+01 0.0000e+00
        371 177.614902    0.02569     1.5417     92.500      0.452  38316.555    23.9493    12.6125      0.448    6.40338    12.6098    17.9187   11.67624 7.4033e+01 0.0000e+00
        372 177.614905    0.02576     1.5458     92.750      0.451  38323.550    23.9539    12.6104      0.447    6.40349    12.6097    17.9227   11.67636 7.3871e+01 0.0000e+00
        373 177.614907    0.02583     1.5500     93.000      0.450  38325.323    23.9551    12.6098      0.446    6.40351    12.6088    17.9238   11.67639 7.3928e+01 0.0000e+00
        374 177.614910    0.02590     1.5542     93.250      0.447  38319.255    23.9509    12.6097      0.443    6.40370    12.6073    17.9206   11.67675 7.4111e+01 0.0000e+00
        375 177.614913    0.02597     1.5583     93.500      0.444  38310.378    23.9447    12.6089      0.440    6.40406    12.6059    17.9159   11.67743 7.4224e+01 0.0000e+00
        376 177.614916    0.02604     1.5625     93.750      0.443  38304.751    23.9407    12.6073      0.439    6.40443    12.6056    17.9131   11.67810 7.4157e+01 0.0000e+00
        377 177.614919    0.02611     1.5667     94.000      0.443  38303.339    23.9397    12.6059      0.439    6.40466    12.6062    17.9125   11.67849 7.3951e+01 0.0000e+00
        378 177.614922    0.02618     1.5708     94.250      0.444  38303.107    23.9395    12.6056      0.440    6.40471    12.6072    17.9125   11.67857 7.3828e+01 0.0000e+00
        379 177.614925    0.02625     1.5750     94.500      0.444  38300.909    23.9380    12.6062      0.440    6.40468    12.6078    17.9112   11.67854 7.3958e+01 0.0000e+00
        380 177.614928    0.02632     1.5792     94.750      0.443  38294.256    23.9335    12.6072      0.439    6.40473    12.6077    17.9076   11.67868 7.4346e+01 0.0000e+00
        381 177.614931    0.02639     1.5833     95.000      0.438  38281.155    23.9245    12.6078      0.435    6.40500    12.6066    17.9005   11.67924 7.4842e+01 0.0000e+00
        382 177.614933    0.02646     1.5875     95.250      0.433  38259.938    23.9099    12.6077      0.429    6.40560    12.6047    17.8893   11.68042 7.5121e+01 0.0000e+00
        383 177.614936    0.02653     1.5917     95.500      0.427  38232.932    23.8913    12.6066      0.424    6.40650    12.6025    17.8750   11.68214 7.5129e+01 0.0000e+00
        384 177.614939    0.02660     1.5958     95.750      0.423  38213.693    23.8780    12.6047      0.420    6.40730    12.6015    17.8651   11.68364 7.5084e+01 0.0000e+00
        385 177.614942    0.02667     1.6000     96.000      0.423  38219.384    23.8817    12.6025      0.420    6.40745    12.6026    17.8684   11.68384 7.4991e+01 0.0000e+00
        386 177.614945    0.02674     1.6042     96.250      0.426  38249.259    23.9022    12.6015      0.422    6.40677    12.6052    17.8844   11.68245 7.4775e+01 0.0000e+00
        387 177.614948    0.02681     1.6083     96.500      0.430  38281.225    23.9243    12.6026      0.426    6.40573    12.6078    17.9012   11.68045 7.4558e+01 0.0000e+00
        388 177.614951    0.02688     1.6125     96.750      0.433  38300.001    23.9374    12.6052      0.429    6.40485    12.6098    17.9108   11.67884 7.4538e+01 0.0000e+00
        389 177.614954    0.02694     1.6167     97.000      0.435  38311.376    23.9454    12.6078      0.431    6.40417    12.6120    17.9166   11.67762 7.4630e+01 0.0000e+00
        390 177.614957    0.02701     1.6208     97.250      0.439  38325.354    23.9552    12.6099      0.435    6.40350    12.6153    17.9238   11.67638 7.4565e+01 0.0000e+00
        391 177.614959    0.02708     1.6250     97.500      0.444  38346.654    23.9700    12.6121      0.440    6.40261    12.6201    17.9348   11.67471 7.4158e+01 0.0000e+00
        392 177.614962    0.02715     1.6292     97.750      0.451  38376.578    23.9908    12.6153      0.447    6.40134    12.6268    17.9504   11.67234 7.3302e+01 0.0000e+00
        393 177.614965    0.02722     1.6333     98.000      0.463  38416.047    24.0183    12.6201      0.459    6.39958    12.6354    17.9708   11.66908 7.2108e+01 0.0000e+00
        394 177.614968    0.02729     1.6375     98.250      0.480  38463.331    24.0513    12.6269      0.476    6.39734    12.6445    17.9951   11.66494 7.0775e+01 0.0000e+00
        395 177.614971    0.02736     1.6417     98.500      0.505  38517.157    24.0890    12.6354      0.500    6.39467    12.6541    18.0227   11.66005 6.9229e+01 0.0000e+00
        396 177.614974    0.02743     1.6458     98.750      0.541  38593.551    24.1423    12.6446      0.536    6.39130    12.6651    18.0623   11.65379 6.7053e+01 0.0000e+00
        397 177.614977    0.02750     1.6500     99.000      0.598  38712.240    24.2249    12.6541      0.592    6.38671    12.6778    18.1243   11.64514 6.3817e+01 0.0000e+00
        398 177.614980    0.02757     1.6542     99.250      0.680  38872.256    24.3360    12.6652      0.674    6.38077    12.6909    18.2082   11.63392 5.9444e+01 0.0000e+00
        399 177.614983    0.02764     1.6583     99.500      0.796  39056.697    24.4642    12.6779      0.788    6.37394    12.7022    18.3049   11.62100 5.4028e+01 0.0000e+00
        400 177.614986    0.02771     1.6625     99.750      0.951  39246.271    24.5960    12.6910      0.942    6.36693    12.7096    18.4043   11.60773 4.7734e+01 0.0000e+00
        401 177.614988    0.02778     1.6667    100.000      1.148  39438.077    24.7293    12.7023      1.137    6.36010    12.7119    18.5053   11.59475 4.1013e+01 0.0000e+00
        402 177.614991    0.02785     1.6708    100.250      1.386  39655.220    24.8799    12.7098      1.373    6.35311    12.7054    18.6203   11.58130 3.4441e+01 0.0000e+00
        403 177.614994    0.02792     1.6750    100.500      1.660  39909.586    25.0560    12.7121      1.644    6.34582    12.6812    18.7558   11.56705 2.8445e+01 0.0000e+00
        404 177.614997    0.02799     1.6792    100.750      1.962  40177.234    25.2407    12.7057      1.944    6.33938    12.6292    18.8996   11.55412 2.3243e+01 0.0000e+00
        405 177.615000    0.02806     1.6833    101.000      2.286  40437.415    25.4189    12.6815      2.265    6.33559    12.5421    19.0415   11.54568 1.8897e+01 0.0000e+00
        406 177.615003    0.02813     1.6875    101.250      2.626  40694.203    25.5928    12.6296      2.602    6.33574    12.4118    19.1850   11.54385 1.5344e+01 0.0000e+00
        407 177.615006    0.02819     1.6917    101.500      2.981  40964.917    25.7736    12.5425      2.953    6.34038    12.2274    19.3400   11.54940 1.2461e+01 0.0000e+00
        408 177.615009    0.02826     1.6958    101.750      3.348  41276.930    25.9796    12.4122      3.317    6.34991    11.9812    19.5220   11.56279 1.0127e+01 0.0000e+00
        409 177.615012    0.02833     1.7000    102.000      3.725  41678.082    26.2429    12.2279      3.690    6.36456    11.6664    19.7577   11.58402 8.2430e+00 0.0000e+00
        410 177.615014    0.02840     1.7042    102.250      4.106  42215.057    26.5950    11.9816      4.068    6.38423    11.2780    20.0727   11.61253 6.7313e+00 0.0000e+00
        411 177.615017    0.02847     1.7083    102.500      4.489  42872.018    27.0238    11.6669      4.447    6.41043    10.8381    20.4585   11.65094 5.5259e+00 0.0000e+00
        412 177.615020    0.02854     1.7125    102.750      4.872  43581.502    27.4812    11.2786      4.827    6.44593    10.3961    20.8785   11.70444 4.5729e+00 0.0000e+00
        413 177.615023    0.02861     1.7167    103.000      5.255  44286.273    27.9287    10.8387      5.206    6.48939     9.9853    21.2989   11.77125 3.8229e+00 0.0000e+00
        414 177.615026    0.02868     1.7208    103.250      5.638  44948.628    28.3444    10.3967      5.586    6.53491     9.6093    21.6940   11.84182 3.2276e+00 0.0000e+00
        415 177.615029    0.02875     1.7250    103.500      6.021  45548.465    28.7176     9.9859      5.964    6.57826     9.2674    22.0502   11.90924 2.7487e+00 0.0000e+00
        416 177.615032    0.02882     1.7292    103.750      6.403  46085.833    29.0489     9.6099      6.343    6.61882     8.9668    22.3673   11.97250 2.3599e+00 0.0000e+00
        417 177.615035    0.02889     1.7333    104.000      6.787  46563.857    29.3409     9.2680      6.723    6.65650     8.7141    22.6478   12.03144 2.0413e+00 0.0000e+00
        418 177.615038    0.02896     1.7375    104.250      7.171  46977.502    29.5914     8.9674      7.104    6.69021     8.5077    22.8890   12.08427 1.7770e+00 0.0000e+00
        419 177.615041    0.02903     1.7417    104.500      7.554  47320.952    29.7979     8.7148      7.483    6.71897     8.3397    23.0881   12.12940 1.5546e+00 0.0000e+00
        420 177.615043    0.02910     1.7458    104.750      7.935  47596.471    29.9622     8.5085      7.861    6.74282     8.1976    23.2470   12.16690 1.3653e+00 0.0000e+00
        421 177.615046    0.02917     1.7500    105.000      8.313  47812.825    30.0897     8.3405      8.235    6.76265     8.0675    23.3713   12.19818 1.2032e+00 0.0000e+00
        422 177.615049    0.02924     1.7542    105.250      8.685  47984.893    30.1893     8.1984      8.604    6.77991     7.9412    23.4697   12.22554 1.0643e+00 0.0000e+00
        423 177.615052    0.02931     1.7583    105.500      9.053  48132.382    30.2729     8.0684      8.968    6.79615     7.8168    23.5537   12.25140 9.4487e-01 0.0000e+00
        424 177.615055    0.02937     1.7625    105.750      9.416  48266.768    30.3475     7.9421      9.328    6.81233     7.6918    23.6299   12.27726 8.4109e-01 0.0000e+00
        425 177.615058    0.02944     1.7667    106.000      9.778  48387.841    30.4127     7.8177      9.686    6.82873     7.5622    23.6982   12.30359 7.5011e-01 0.0000e+00
        426 177.615061    0.02951     1.7708    106.250     10.138  48500.163    30.4713     7.6928     10.043    6.84561     7.4278    23.7613   12.33080 6.6977e-01 0.0000e+00
        427 177.615064    0.02958     1.7750    106.500     10.499  48613.789    30.5297     7.5632     10.401    6.86331     7.2931    23.8247   12.35936 5.9790e-01 0.0000e+00
        428 177.615067    0.02965     1.7792    106.750     10.863  48733.991    30.5915     7.4288     10.761    6.88170     7.1660    23.8913   12.38902 5.3314e-01 0.0000e+00
        429 177.615069    0.02972     1.7833    107.000     11.228  48861.184    30.6577     7.2941     11.123    6.90001     7.0526    23.9613   12.41848 4.7525e-01 0.0000e+00
        430 177.615072    0.02979     1.7875    107.250     11.593  48988.154    30.7247     7.1669     11.485    6.91717     6.9543    24.0308   12.44603 4.2445e-01 0.0000e+00
        431 177.615075    0.02986     1.7917    107.500     11.957  49103.570    30.7857     7.0536     11.845    6.93247     6.8687    24.0936   12.47057 3.8068e-01 0.0000e+00
        432 177.615078    0.02993     1.7958    107.750     12.317  49201.091    30.8366     6.9554     12.202    6.94586     6.7910    24.1464   12.49209 3.4305e-01 0.0000e+00
        433 177.615081    0.03000     1.8000    108.000     12.678  49278.106    30.8753     6.8698     12.559    6.95785     6.7160    24.1878   12.51143 3.1011e-01 0.0000e+00
        434 177.615084    0.03007     1.8042    108.250     13.040  49335.690    30.9016     6.7921     12.918    6.96916     6.6404    24.2185   12.52980 2.8057e-01 0.0000e+00
        435 177.615087    0.03014     1.8083    108.500     13.406  49381.841    30.9203     6.7171     13.281    6.98044     6.5656    24.2427   12.54822 2.5378e-01 0.0000e+00
        436 177.615090    0.03021     1.8125    108.750     13.776  49429.016    30.9395     6.6416     13.646    6.99181     6.4959    24.2674   12.56678 2.2950e-01 0.0000e+00
        437 177.615093    0.03028     1.8167    109.000     14.148  49485.240    30.9649     6.5668     14.015    7.00280     6.4352    24.2968   12.58464 2.0751e-01 0.0000e+00
        438 177.615095    0.03035     1.8208    109.250     14.523  49546.698    30.9948     6.4972     14.387    7.01278     6.3847    24.3290   12.60075 1.8765e-01 0.0000e+00
        439 177.615098    0.03042     1.8250    109.500     14.901  49604.721    31.0238     6.4365     14.761    7.02135     6.3436    24.3594   12.61455 1.6982e-01 0.0000e+00
        440 177.615101    0.03049     1.8292    109.750     15.280  49654.916    31.0491     6.3860     15.136    7.02844     6.3105    24.3856   12.62595 1.5385e-01 0.0000e+00
        441 177.615104    0.03056     1.8333    110.000     15.660  49696.515    31.0702     6.3449     15.513    7.03419     6.2834    24.4073   12.63519 1.3959e-01 0.0000e+00
        442 177.615107    0.03062     1.8375    110.250     16.043  49730.142    31.0872     6.3118     15.892    7.03883     6.2593    24.4248   12.64265 1.2693e-01 0.0000e+00
        443 177.615110    0.03069     1.8417    110.500     16.426  49755.683    31.0997     6.2847     16.272    7.04272     6.2346    24.4380   12.64892 1.1573e-01 0.0000e+00
        444 177.615113    0.03076     1.8458    110.750     16.810  49772.614    31.1068     6.2607     16.653    7.04635     6.2059    24.4465   12.65483 1.0593e-01 0.0000e+00
        445 177.615116    0.03083     1.8500    111.000     17.194  49783.824    31.1098     6.2360     17.033    7.05028     6.1724    24.4518   12.66129 9.7404e-02 0.0000e+00
        446 177.615119    0.03090     1.8542    111.250     17.578  49797.112    31.1134     6.2073     17.413    7.05485     6.1365    24.4581   12.66880 8.9981e-02 0.0000e+00
        447 177.615122    0.03097     1.8583    111.500     17.961  49819.554    31.1224     6.1738     17.792    7.05997     6.1017    24.4693   12.67715 8.3495e-02 0.0000e+00
        448 177.615124    0.03104     1.8625    111.750     18.343  49850.458    31.1368     6.1380     18.170    7.06524     6.0701    24.4850   12.68567 7.7781e-02 0.0000e+00
        449 177.615127    0.03111     1.8667    112.000     18.724  49883.711    31.1530     6.1032     18.548    7.07025     6.0423    24.5019   12.69375 7.2700e-02 0.0000e+00
        450 177.615130    0.03118     1.8708    112.250     19.104  49914.977    31.1685     6.0716     18.924    7.07478     6.0188    24.5179   12.70104 6.8180e-02 0.0000e+00
        451 177.615133    0.03125     1.8750    112.500     19.481  49943.238    31.1825     6.0438     19.298    7.07873     5.9997    24.5323   12.70739 6.4194e-02 0.0000e+00
