CTD-processing/allCTD/CNV--turbid/2012-07-31-cookinlet-tran6-cast096-s26.cnv
* Sea-Bird SBE19plus Data File:
* FileName = C:\Documents and Settings\kris.holderied.local\My Documents\2012-07-EVOS-CookInlet-Ocean\2012-07-CookInlet-Tran6-Douglas\2012-07-31-CookInlet-Tran6-cast096.hex
* Software Version 1.54
* Temperature SN =  4141
* Conductivity SN =  4141
* System UpLoad Time = Jul 31 2012 08:31:45
** Cook Inlet LTM Transect 6 (Douglas line)  East to West
** Date:  2012-07-31
** Station:  6-26
** Start time (AKDT-24 hr): 0007
** Depth (m): 171
** Comment: 50-1.4 kts, C06 188
# nquan = 16
# nvalues = 1013                        
# units = specified
# name 0 = scan: Scan Count
# name 1 = timeJ: Julian Days
# name 2 = timeH: Time, Elapsed [hours]
# name 3 = timeM: Time, Elapsed [minutes]
# name 4 = timeS: Time, Elapsed [seconds]
# name 5 = prdM: Pressure, Strain Gauge [db]
# name 6 = specc: Specific Conductance [uS/cm]
# name 7 = sal00: Salinity, Practical [PSU]
# name 8 = tv290C: Temperature [ITS-90, deg C]
# name 9 = depSM: Depth [salt water, m], lat = 59.00
# name 10 = oxsolML/L: Oxygen Saturation, Garcia & Gordon [ml/l]
# name 11 = potemp090C: Potential Temperature [ITS-90, deg C]
# name 12 = sigma-é00: Density [sigma-theta, kg/m^3]
# name 13 = n2satML/L: Nitrogen Saturation [ml/l]
# name 14 = par: PAR/Irradiance, Biospherical/Licor
# name 15 = flag:  0.000e+00
# span 0 =          1,       1013       
# span 1 = 213.003565, 213.006493       
# span 2 =    0.00000,    0.07028       
# span 3 =     0.0000,     4.2167       
# span 4 =      0.000,    253.000       
# span 5 =     -0.065,    134.551       
# span 6 =   1084.088,  51552.943       
# span 7 =     0.5303,    32.2303       
# span 8 =     5.9891,    10.3089       
# span 9 =     -0.064,    133.250       
# span 10 =    6.46864,    7.89381      
# span 11 =     5.9782,    10.3086      
# span 12 =     0.1296,    25.3672      
# span 13 =   11.70987,   14.49153      
# span 14 = 4.2476e-02, 1.3744e+00      
# span 15 = 0.0000e+00, 0.0000e+00      
# interval = seconds: 0.25
# start_time = Jul 31 2012 00:05:08 [Instrument's time stamp, header]
# bad_flag = -9.990e-29
*END*
[from data line 91]
         92 213.003828    0.00632     0.3792     22.750      1.764  47559.732    30.1735    10.3002      1.747    6.47052    10.2991    23.1372   11.71318 4.6127e-02 0.0000e+00
         93 213.003831    0.00639     0.3833     23.000      1.758  47556.805    30.1714    10.2997      1.742    6.47068    10.2988    23.1357   11.71347 4.5914e-02 0.0000e+00
         94 213.003834    0.00646     0.3875     23.250      1.752  47554.264    30.1695    10.2993      1.736    6.47082    10.2987    23.1343   11.71372 4.5693e-02 0.0000e+00
         95 213.003837    0.00653     0.3917     23.500      1.746  47553.002    30.1686    10.2990      1.729    6.47090    10.2986    23.1336   11.71386 4.5490e-02 0.0000e+00
         96 213.003840    0.00660     0.3958     23.750      1.739  47553.245    30.1688    10.2988      1.723    6.47092    10.2985    23.1338   11.71389 4.5282e-02 0.0000e+00
         97 213.003843    0.00667     0.4000     24.000      1.733  47554.403    30.1696    10.2987      1.717    6.47091    10.2985    23.1344   11.71385 4.5076e-02 0.0000e+00
         98 213.003845    0.00674     0.4042     24.250      1.727  47555.689    30.1705    10.2986      1.711    6.47088    10.2985    23.1351   11.71379 4.4889e-02 0.0000e+00
         99 213.003848    0.00681     0.4083     24.500      1.722  47556.719    30.1712    10.2986      1.706    6.47085    10.2985    23.1357   11.71374 4.4725e-02 0.0000e+00
        100 213.003851    0.00688     0.4125     24.750      1.720  47557.396    30.1717    10.2986      1.704    6.47083    10.2984    23.1361   11.71370 4.4613e-02 0.0000e+00
        101 213.003854    0.00694     0.4167     25.000      1.720  47557.675    30.1719    10.2986      1.704    6.47082    10.2983    23.1362   11.71369 4.4579e-02 0.0000e+00
        102 213.003857    0.00701     0.4208     25.250      1.722  47557.429    30.1717    10.2986      1.706    6.47084    10.2980    23.1361   11.71371 4.4639e-02 0.0000e+00
        103 213.003860    0.00708     0.4250     25.500      1.725  47556.483    30.1710    10.2984      1.709    6.47089    10.2975    23.1356   11.71380 4.4782e-02 0.0000e+00
        104 213.003863    0.00715     0.4292     25.750      1.727  47554.756    30.1697    10.2982      1.710    6.47098    10.2970    23.1347   11.71397 4.4954e-02 0.0000e+00
        105 213.003866    0.00722     0.4333     26.000      1.724  47552.340    30.1680    10.2977      1.708    6.47111    10.2965    23.1334   11.71421 4.5080e-02 0.0000e+00
        106 213.003869    0.00729     0.4375     26.250      1.716  47549.748    30.1661    10.2972      1.700    6.47127    10.2961    23.1320   11.71449 4.5125e-02 0.0000e+00
        107 213.003872    0.00736     0.4417     26.500      1.701  47547.734    30.1646    10.2967      1.685    6.47140    10.2960    23.1309   11.71473 4.5097e-02 0.0000e+00
        108 213.003874    0.00743     0.4458     26.750      1.681  47546.660    30.1639    10.2963      1.666    6.47148    10.2959    23.1304   11.71487 4.5013e-02 0.0000e+00
        109 213.003877    0.00750     0.4500     27.000      1.659  47546.714    30.1639    10.2962      1.643    6.47150    10.2958    23.1304   11.71491 4.4905e-02 0.0000e+00
        110 213.003880    0.00757     0.4542     27.250      1.636  47548.211    30.1650    10.2961      1.621    6.47147    10.2960    23.1313   11.71485 4.4802e-02 0.0000e+00
        111 213.003883    0.00764     0.4583     27.500      1.617  47551.011    30.1670    10.2960      1.602    6.47139    10.2963    23.1328   11.71470 4.4720e-02 0.0000e+00
        112 213.003886    0.00771     0.4625     27.750      1.604  47554.414    30.1694    10.2962      1.589    6.47128    10.2967    23.1347   11.71448 4.4709e-02 0.0000e+00
        113 213.003889    0.00778     0.4667     28.000      1.600  47557.792    30.1718    10.2965      1.585    6.47114    10.2971    23.1365   11.71421 4.4806e-02 0.0000e+00
        114 213.003892    0.00785     0.4708     28.250      1.605  47560.722    30.1739    10.2969      1.590    6.47099    10.2974    23.1381   11.71395 4.5011e-02 0.0000e+00
        115 213.003895    0.00792     0.4750     28.500      1.622  47562.961    30.1755    10.2973      1.607    6.47087    10.2976    23.1392   11.71372 4.5337e-02 0.0000e+00
        116 213.003898    0.00799     0.4792     28.750      1.649  47564.546    30.1766    10.2976      1.634    6.47078    10.2977    23.1401   11.71356 4.5780e-02 0.0000e+00
        117 213.003900    0.00806     0.4833     29.000      1.686  47565.642    30.1774    10.2977      1.670    6.47072    10.2977    23.1407   11.71345 4.6337e-02 0.0000e+00
        118 213.003903    0.00813     0.4875     29.250      1.730  47566.398    30.1779    10.2978      1.714    6.47069    10.2978    23.1411   11.71338 4.7024e-02 0.0000e+00
        119 213.003906    0.00819     0.4917     29.500      1.780  47566.879    30.1782    10.2979      1.763    6.47066    10.2978    23.1413   11.71333 4.7825e-02 0.0000e+00
        120 213.003909    0.00826     0.4958     29.750      1.832  47566.998    30.1783    10.2980      1.814    6.47065    10.2977    23.1414   11.71332 4.8707e-02 0.0000e+00
        121 213.003912    0.00833     0.5000     30.000      1.880  47566.567    30.1780    10.2980      1.863    6.47066    10.2974    23.1411   11.71335 4.9632e-02 0.0000e+00
        122 213.003915    0.00840     0.5042     30.250      1.919  47565.376    30.1771    10.2979      1.901    6.47072    10.2968    23.1405   11.71345 5.0557e-02 0.0000e+00
        123 213.003918    0.00847     0.5083     30.500      1.942  47563.214    30.1755    10.2976      1.924    6.47082    10.2961    23.1393   11.71364 5.1373e-02 0.0000e+00
        124 213.003921    0.00854     0.5125     30.750      1.944  47560.294    30.1734    10.2970      1.927    6.47098    10.2953    23.1377   11.71393 5.1866e-02 0.0000e+00
        125 213.003924    0.00861     0.5167     31.000      1.923  47557.594    30.1715    10.2963      1.905    6.47116    10.2942    23.1363   11.71426 5.1855e-02 0.0000e+00
        126 213.003927    0.00868     0.5208     31.250      1.877  47556.055    30.1703    10.2955      1.859    6.47133    10.2929    23.1356   11.71456 5.1284e-02 0.0000e+00
        127 213.003929    0.00875     0.5250     31.500      1.810  47555.994    30.1702    10.2944      1.793    6.47149    10.2916    23.1356   11.71482 5.0240e-02 0.0000e+00
        128 213.003932    0.00882     0.5292     31.750      1.729  47557.490    30.1711    10.2931      1.713    6.47164    10.2906    23.1366   11.71505 4.8960e-02 0.0000e+00
        129 213.003935    0.00889     0.5333     32.000      1.645  47560.543    30.1731    10.2918      1.629    6.47174    10.2901    23.1384   11.71520 4.7718e-02 0.0000e+00
        130 213.003938    0.00896     0.5375     32.250      1.566  47564.781    30.1760    10.2908      1.551    6.47177    10.2903    23.1408   11.71520 4.6662e-02 0.0000e+00
        131 213.003941    0.00903     0.5417     32.500      1.503  47569.303    30.1792    10.2903      1.489    6.47170    10.2910    23.1433   11.71505 4.5820e-02 0.0000e+00
        132 213.003944    0.00910     0.5458     32.750      1.462  47573.107    30.1819    10.2905      1.449    6.47156    10.2921    23.1454   11.71479 4.5210e-02 0.0000e+00
        133 213.003947    0.00917     0.5500     33.000      1.445  47575.578    30.1837    10.2912      1.432    6.47138    10.2933    23.1467   11.71448 4.4885e-02 0.0000e+00
        134 213.003950    0.00924     0.5542     33.250      1.450  47576.644    30.1846    10.2923      1.436    6.47120    10.2945    23.1472   11.71416 4.4837e-02 0.0000e+00
        135 213.003953    0.00931     0.5583     33.500      1.472  47576.639    30.1847    10.2935      1.459    6.47102    10.2957    23.1471   11.71386 4.4940e-02 0.0000e+00
        136 213.003955    0.00937     0.5625     33.750      1.507  47575.912    30.1843    10.2947      1.493    6.47086    10.2967    23.1466   11.71360 4.5124e-02 0.0000e+00
        137 213.003958    0.00944     0.5667     34.000      1.548  47574.668    30.1836    10.2959      1.534    6.47072    10.2975    23.1458   11.71339 4.5410e-02 0.0000e+00
        138 213.003961    0.00951     0.5708     34.250      1.591  47573.171    30.1826    10.2969      1.576    6.47062    10.2982    23.1449   11.71322 4.5769e-02 0.0000e+00
        139 213.003964    0.00958     0.5750     34.500      1.633  47571.713    30.1817    10.2977      1.617    6.47055    10.2986    23.1440   11.71311 4.6138e-02 0.0000e+00
        140 213.003967    0.00965     0.5792     34.750      1.670  47570.377    30.1808    10.2983      1.654    6.47049    10.2990    23.1432   11.71303 4.6513e-02 0.0000e+00
        141 213.003970    0.00972     0.5833     35.000      1.702  47569.151    30.1800    10.2988      1.686    6.47046    10.2993    23.1425   11.71298 4.6834e-02 0.0000e+00
        142 213.003973    0.00979     0.5875     35.250      1.729  47568.191    30.1793    10.2992      1.712    6.47043    10.2995    23.1419   11.71295 4.7032e-02 0.0000e+00
        143 213.003976    0.00986     0.5917     35.500      1.750  47567.713    30.1790    10.2995      1.734    6.47040    10.2997    23.1417   11.71291 4.7228e-02 0.0000e+00
        144 213.003979    0.00993     0.5958     35.750      1.769  47567.733    30.1791    10.2997      1.752    6.47037    10.2998    23.1417   11.71285 4.7555e-02 0.0000e+00
        145 213.003981    0.01000     0.6000     36.000      1.787  47568.102    30.1793    10.2999      1.770    6.47033    10.2998    23.1419   11.71278 4.8010e-02 0.0000e+00
        146 213.003984    0.01007     0.6042     36.250      1.806  47568.593    30.1797    10.3000      1.789    6.47030    10.2996    23.1421   11.71273 4.8569e-02 0.0000e+00
        147 213.003987    0.01014     0.6083     36.500      1.826  47568.940    30.1799    10.3000      1.809    6.47030    10.2992    23.1423   11.71272 4.9187e-02 0.0000e+00
        148 213.003990    0.01021     0.6125     36.750      1.845  47568.965    30.1799    10.2998      1.828    6.47033    10.2986    23.1423   11.71277 4.9823e-02 0.0000e+00
        149 213.003993    0.01028     0.6167     37.000      1.861  47568.600    30.1796    10.2994      1.844    6.47039    10.2980    23.1422   11.71288 5.0474e-02 0.0000e+00
        150 213.003996    0.01035     0.6208     37.250      1.871  47567.762    30.1789    10.2988      1.854    6.47050    10.2974    23.1417   11.71306 5.0946e-02 0.0000e+00
        151 213.003999    0.01042     0.6250     37.500      1.872  47566.332    30.1778    10.2982      1.854    6.47063    10.2967    23.1410   11.71329 5.1027e-02 0.0000e+00
        152 213.004002    0.01049     0.6292     37.750      1.861  47564.502    30.1765    10.2976      1.843    6.47078    10.2962    23.1400   11.71356 5.0762e-02 0.0000e+00
        153 213.004005    0.01056     0.6333     38.000      1.835  47562.959    30.1753    10.2969      1.818    6.47092    10.2957    23.1392   11.71380 5.0191e-02 0.0000e+00
        154 213.004008    0.01063     0.6375     38.250      1.796  47562.247    30.1748    10.2964      1.779    6.47102    10.2953    23.1389   11.71398 4.9313e-02 0.0000e+00
        155 213.004010    0.01069     0.6417     38.500      1.745  47562.473    30.1749    10.2959      1.729    6.47108    10.2949    23.1391   11.71408 4.8236e-02 0.0000e+00
        156 213.004013    0.01076     0.6458     38.750      1.686  47563.804    30.1758    10.2954      1.671    6.47111    10.2949    23.1399   11.71412 4.7113e-02 0.0000e+00
        157 213.004016    0.01083     0.6500     39.000      1.626  47566.261    30.1775    10.2951      1.611    6.47109    10.2951    23.1412   11.71406 4.6081e-02 0.0000e+00
        158 213.004019    0.01090     0.6542     39.250      1.570  47569.216    30.1796    10.2950      1.555    6.47101    10.2956    23.1429   11.71391 4.5240e-02 0.0000e+00
        159 213.004022    0.01097     0.6583     39.500      1.524  47571.850    30.1815    10.2953      1.510    6.47090    10.2962    23.1443   11.71370 4.4606e-02 0.0000e+00
        160 213.004025    0.01104     0.6625     39.750      1.491  47573.724    30.1829    10.2957      1.477    6.47077    10.2969    23.1453   11.71347 4.4155e-02 0.0000e+00
        161 213.004028    0.01111     0.6667     40.000      1.473  47574.784    30.1837    10.2963      1.459    6.47065    10.2975    23.1459   11.71326 4.3886e-02 0.0000e+00
        162 213.004031    0.01118     0.6708     40.250      1.470  47575.159    30.1841    10.2970      1.456    6.47054    10.2981    23.1460   11.71308 4.3789e-02 0.0000e+00
        163 213.004034    0.01125     0.6750     40.500      1.482  47574.968    30.1840    10.2976      1.468    6.47046    10.2986    23.1459   11.71294 4.3825e-02 0.0000e+00
        164 213.004036    0.01132     0.6792     40.750      1.507  47574.309    30.1836    10.2982      1.493    6.47039    10.2990    23.1455   11.71283 4.3933e-02 0.0000e+00
        165 213.004039    0.01139     0.6833     41.000      1.542  47573.265    30.1829    10.2987      1.528    6.47035    10.2993    23.1448   11.71276 4.4077e-02 0.0000e+00
        166 213.004042    0.01146     0.6875     41.250      1.584  47571.857    30.1820    10.2992      1.569    6.47033    10.2994    23.1440   11.71274 4.4266e-02 0.0000e+00
        167 213.004045    0.01153     0.6917     41.500      1.629  47570.072    30.1807    10.2995      1.614    6.47034    10.2994    23.1430   11.71278 4.4485e-02 0.0000e+00
        168 213.004048    0.01160     0.6958     41.750      1.674  47567.880    30.1791    10.2996      1.658    6.47039    10.2992    23.1418   11.71288 4.4719e-02 0.0000e+00
        169 213.004051    0.01167     0.7000     42.000      1.715  47565.350    30.1773    10.2995      1.699    6.47047    10.2989    23.1404   11.71303 4.4987e-02 0.0000e+00
        170 213.004054    0.01174     0.7042     42.250      1.752  47562.846    30.1755    10.2994      1.735    6.47057    10.2986    23.1390   11.71322 4.5214e-02 0.0000e+00
        171 213.004057    0.01181     0.7083     42.500      1.782  47560.826    30.1741    10.2991      1.765    6.47066    10.2980    23.1379   11.71340 4.5307e-02 0.0000e+00
        172 213.004060    0.01188     0.7125     42.750      1.806  47559.490    30.1731    10.2988      1.789    6.47075    10.2973    23.1372   11.71356 4.5324e-02 0.0000e+00
        173 213.004063    0.01194     0.7167     43.000      1.825  47558.867    30.1726    10.2982      1.808    6.47085    10.2965    23.1369   11.71373 4.5335e-02 0.0000e+00
        174 213.004065    0.01201     0.7208     43.250      1.840  47558.930    30.1725    10.2975      1.823    6.47096    10.2959    23.1370   11.71390 4.5361e-02 0.0000e+00
        175 213.004068    0.01208     0.7250     43.500      1.852  47559.523    30.1729    10.2967      1.835    6.47105    10.2954    23.1374   11.71405 4.5423e-02 0.0000e+00
        176 213.004071    0.01215     0.7292     43.750      1.862  47560.374    30.1734    10.2961      1.844    6.47112    10.2951    23.1379   11.71417 4.5521e-02 0.0000e+00
        177 213.004074    0.01222     0.7333     44.000      1.867  47561.038    30.1738    10.2956      1.850    6.47118    10.2949    23.1383   11.71425 4.5651e-02 0.0000e+00
        178 213.004077    0.01229     0.7375     44.250      1.865  47561.107    30.1738    10.2953      1.848    6.47122    10.2947    23.1383   11.71432 4.5757e-02 0.0000e+00
        179 213.004080    0.01236     0.7417     44.500      1.851  47560.629    30.1734    10.2951      1.834    6.47126    10.2946    23.1381   11.71440 4.5706e-02 0.0000e+00
        180 213.004083    0.01243     0.7458     44.750      1.821  47560.107    30.1731    10.2949      1.804    6.47130    10.2946    23.1378   11.71446 4.5425e-02 0.0000e+00
