CTD-processing/allCTD/CNV--turbid/2012-07-31-cookinlet-tran4-cast103-s05.cnv
* Sea-Bird SBE19plus Data File:
* FileName = C:\Documents and Settings\kris.holderied.local\My Documents\2012-07-EVOS-CookInlet-Ocean\2012-07-CookInlet-Tran4-Barabara\2012-07-31-CookInlet-Tran4-cast103.hex
* Software Version 1.54
* Temperature SN =  4141
* Conductivity SN =  4141
* System UpLoad Time = Jul 31 2012 11:52:41
** Cook Inlet LTM Transect 4 - Barabara to Bluff Pt
** Date:  2012-07-31
** Station:  4-05
** Start time (AKDT-24 hr): 09:52
** Depth (m): 75
** Comment:
# nquan = 16
# nvalues = 599                         
# units = specified
# name 0 = scan: Scan Count
# name 1 = timeJ: Julian Days
# name 2 = timeH: Time, Elapsed [hours]
# name 3 = timeM: Time, Elapsed [minutes]
# name 4 = timeS: Time, Elapsed [seconds]
# name 5 = prdM: Pressure, Strain Gauge [db]
# name 6 = specc: Specific Conductance [uS/cm]
# name 7 = sal00: Salinity, Practical [PSU]
# name 8 = tv290C: Temperature [ITS-90, deg C]
# name 9 = depSM: Depth [salt water, m], lat = 59.00
# name 10 = oxsolML/L: Oxygen Saturation, Garcia & Gordon [ml/l]
# name 11 = potemp090C: Potential Temperature [ITS-90, deg C]
# name 12 = sigma-é00: Density [sigma-theta, kg/m^3]
# name 13 = n2satML/L: Nitrogen Saturation [ml/l]
# name 14 = par: PAR/Irradiance, Biospherical/Licor
# name 15 = flag:  0.000e+00
# span 0 =          1,        599       
# span 1 = 213.410498, 213.412228       
# span 2 =    0.00000,    0.04153       
# span 3 =     0.0000,     2.4917       
# span 4 =      0.000,    149.500       
# span 5 =     -0.066,     70.965       
# span 6 =    946.299,  49820.510       
# span 7 =     0.4856,    31.3865       
# span 8 =     7.8209,    10.2317       
# span 9 =     -0.065,     70.289       
# span 10 =    6.52011,    7.83206      
# span 11 =     7.8144,    10.2309      
# span 12 =     0.0622,    24.4634      
# span 13 =   11.78341,   14.38811      
# span 14 = 4.6253e-02, 2.8381e+02      
# span 15 = 0.0000e+00, 0.0000e+00      
# interval = seconds: 0.25
# start_time = Jul 31 2012 09:51:07 [Instrument's time stamp, header]
# bad_flag = -9.990e-29
*END*
[from data line 362]
        363 213.411545    0.02514     1.5083     90.500     14.971  49095.395    31.1217     9.3015     14.831    6.57407     9.2685    24.0366   11.87332 7.5327e+00 0.0000e+00
        364 213.411548    0.02521     1.5125     90.750     15.185  49098.051    31.1214     9.2866     15.043    6.57626     9.2494    24.0387   11.87696 7.3179e+00 0.0000e+00
        365 213.411551    0.02528     1.5167     91.000     15.401  49098.592    31.1194     9.2701     15.257    6.57875     9.2273    24.0398   11.88111 7.1130e+00 0.0000e+00
        366 213.411554    0.02535     1.5208     91.250     15.619  49100.089    31.1178     9.2510     15.472    6.58161     9.2034    24.0414   11.88586 6.9158e+00 0.0000e+00
        367 213.411557    0.02542     1.5250     91.500     15.838  49106.534    31.1192     9.2289     15.689    6.58478     9.1795    24.0460   11.89108 6.7261e+00 0.0000e+00
        368 213.411560    0.02549     1.5292     91.750     16.058  49117.820    31.1238     9.2050     15.907    6.58807     9.1567    24.0532   11.89647 6.5441e+00 0.0000e+00
        369 213.411563    0.02556     1.5333     92.000     16.278  49130.511    31.1293     9.1812     16.125    6.59132     9.1351    24.0613   11.90179 6.3680e+00 0.0000e+00
        370 213.411565    0.02562     1.5375     92.250     16.500  49142.282    31.1343     9.1584     16.345    6.59445     9.1146    24.0687   11.90691 6.1962e+00 0.0000e+00
        371 213.411568    0.02569     1.5417     92.500     16.726  49152.363    31.1383     9.1368     16.569    6.59744     9.0954    24.0752   11.91182 6.0282e+00 0.0000e+00
        372 213.411571    0.02576     1.5458     92.750     16.958  49161.635    31.1419     9.1164     16.799    6.60028     9.0782    24.0811   11.91647 5.8639e+00 0.0000e+00
        373 213.411574    0.02583     1.5500     93.000     17.196  49172.685    31.1469     9.0972     17.034    6.60288     9.0637    24.0879   11.92072 5.7029e+00 0.0000e+00
        374 213.411577    0.02590     1.5542     93.250     17.438  49185.244    31.1533     9.0800     17.275    6.60514     9.0522    24.0955   11.92439 5.5451e+00 0.0000e+00
        375 213.411580    0.02597     1.5583     93.500     17.685  49196.868    31.1593     9.0655     17.519    6.60701     9.0433    24.1025   11.92741 5.3913e+00 0.0000e+00
        376 213.411583    0.02604     1.5625     93.750     17.934  49206.404    31.1643     9.0540     17.766    6.60849     9.0364    24.1082   11.92979 5.2427e+00 0.0000e+00
        377 213.411586    0.02611     1.5667     94.000     18.183  49213.644    31.1681     9.0451     18.013    6.60963     9.0311    24.1125   11.93164 5.0992e+00 0.0000e+00
        378 213.411589    0.02618     1.5708     94.250     18.432  49219.151    31.1709     9.0383     18.259    6.61052     9.0269    24.1157   11.93307 4.9603e+00 0.0000e+00
        379 213.411591    0.02625     1.5750     94.500     18.680  49223.581    31.1731     9.0330     18.505    6.61120     9.0238    24.1183   11.93418 4.8260e+00 0.0000e+00
        380 213.411594    0.02632     1.5792     94.750     18.926  49227.067    31.1749     9.0288     18.748    6.61173     9.0214    24.1203   11.93504 4.6965e+00 0.0000e+00
        381 213.411597    0.02639     1.5833     95.000     19.170  49229.700    31.1762     9.0257     18.990    6.61214     9.0195    24.1218   11.93569 4.5714e+00 0.0000e+00
        382 213.411600    0.02646     1.5875     95.250     19.412  49231.614    31.1771     9.0233     19.229    6.61245     9.0178    24.1229   11.93620 4.4505e+00 0.0000e+00
        383 213.411603    0.02653     1.5917     95.500     19.653  49232.906    31.1777     9.0214     19.468    6.61271     9.0163    24.1236   11.93662 4.3324e+00 0.0000e+00
        384 213.411606    0.02660     1.5958     95.750     19.895  49233.798    31.1780     9.0198     19.708    6.61293     9.0147    24.1241   11.93699 4.2155e+00 0.0000e+00
        385 213.411609    0.02667     1.6000     96.000     20.141  49234.208    31.1779     9.0183     19.951    6.61315     9.0128    24.1243   11.93735 4.0990e+00 0.0000e+00
        386 213.411612    0.02674     1.6042     96.250     20.392  49234.004    31.1775     9.0168     20.201    6.61340     9.0102    24.1242   11.93777 3.9817e+00 0.0000e+00
        387 213.411615    0.02681     1.6083     96.500     20.653  49233.483    31.1767     9.0149     20.459    6.61371     9.0068    24.1239   11.93830 3.8626e+00 0.0000e+00
        388 213.411617    0.02688     1.6125     96.750     20.928  49232.758    31.1757     9.0124     20.731    6.61412     9.0024    24.1235   11.93899 3.7409e+00 0.0000e+00
        389 213.411620    0.02694     1.6167     97.000     21.222  49231.834    31.1745     9.0090     21.022    6.61467     8.9969    24.1230   11.93991 3.6149e+00 0.0000e+00
        390 213.411623    0.02701     1.6208     97.250     21.529  49230.813    31.1730     9.0046     21.327    6.61539     8.9898    24.1226   11.94111 3.4883e+00 0.0000e+00
        391 213.411626    0.02708     1.6250     97.500     21.827  49229.305    31.1711     8.9991     21.623    6.61629     8.9805    24.1219   11.94262 3.3698e+00 0.0000e+00
        392 213.411629    0.02715     1.6292     97.750     22.111  49227.126    31.1684     8.9920     21.903    6.61744     8.9688    24.1209   11.94456 3.2612e+00 0.0000e+00
        393 213.411632    0.02722     1.6333     98.000     22.386  49225.684    31.1660     8.9828     22.175    6.61890     8.9557    24.1204   11.94702 3.1597e+00 0.0000e+00
        394 213.411635    0.02729     1.6375     98.250     22.655  49227.912    31.1658     8.9711     22.442    6.62063     8.9428    24.1220   11.94988 3.0641e+00 0.0000e+00
        395 213.411638    0.02736     1.6417     98.500     22.922  49235.456    31.1691     8.9580     22.707    6.62243     8.9319    24.1266   11.95282 2.9740e+00 0.0000e+00
        396 213.411641    0.02743     1.6458     98.750     23.191  49246.126    31.1747     8.9451     22.973    6.62409     8.9233    24.1329   11.95549 2.8887e+00 0.0000e+00
        397 213.411644    0.02750     1.6500     99.000     23.460  49256.448    31.1803     8.9342     23.240    6.62546     8.9169    24.1389   11.95769 2.8068e+00 0.0000e+00
        398 213.411646    0.02757     1.6542     99.250     23.730  49264.824    31.1848     8.9257     23.507    6.62652     8.9120    24.1438   11.95940 2.7276e+00 0.0000e+00
        399 213.411649    0.02764     1.6583     99.500     23.999  49271.181    31.1882     8.9193     23.773    6.62733     8.9084    24.1474   11.96069 2.6515e+00 0.0000e+00
        400 213.411652    0.02771     1.6625     99.750     24.266  49275.998    31.1908     8.9145     24.038    6.62793     8.9056    24.1502   11.96165 2.5780e+00 0.0000e+00
        401 213.411655    0.02778     1.6667    100.000     24.532  49279.754    31.1928     8.9108     24.301    6.62838     8.9034    24.1523   11.96238 2.5067e+00 0.0000e+00
        402 213.411658    0.02785     1.6708    100.250     24.795  49282.744    31.1944     8.9081     24.562    6.62872     8.9017    24.1540   11.96292 2.4384e+00 0.0000e+00
        403 213.411661    0.02792     1.6750    100.500     25.056  49285.270    31.1958     8.9059     24.820    6.62897     8.9004    24.1553   11.96333 2.3731e+00 0.0000e+00
        404 213.411664    0.02799     1.6792    100.750     25.316  49287.499    31.1970     8.9043     25.078    6.62917     8.8994    24.1565   11.96364 2.3097e+00 0.0000e+00
        405 213.411667    0.02806     1.6833    101.000     25.576  49289.350    31.1980     8.9030     25.335    6.62931     8.8986    24.1575   11.96386 2.2471e+00 0.0000e+00
        406 213.411670    0.02813     1.6875    101.250     25.838  49290.780    31.1988     8.9021     25.595    6.62942     8.8979    24.1583   11.96404 2.1855e+00 0.0000e+00
        407 213.411672    0.02819     1.6917    101.500     26.104  49291.829    31.1993     8.9013     25.858    6.62951     8.8971    24.1588   11.96418 2.1245e+00 0.0000e+00
        408 213.411675    0.02826     1.6958    101.750     26.373  49292.446    31.1995     8.9006     26.125    6.62961     8.8960    24.1591   11.96433 2.0640e+00 0.0000e+00
        409 213.411678    0.02833     1.7000    102.000     26.646  49292.634    31.1994     8.8998     26.396    6.62973     8.8944    24.1592   11.96453 2.0042e+00 0.0000e+00
        410 213.411681    0.02840     1.7042    102.250     26.923  49292.598    31.1991     8.8987     26.670    6.62990     8.8923    24.1591   11.96482 1.9448e+00 0.0000e+00
        411 213.411684    0.02847     1.7083    102.500     27.202  49292.731    31.1989     8.8972     26.946    6.63014     8.8896    24.1591   11.96522 1.8871e+00 0.0000e+00
        412 213.411687    0.02854     1.7125    102.750     27.481  49293.533    31.1990     8.8950     27.222    6.63045     8.8865    24.1595   11.96573 1.8316e+00 0.0000e+00
        413 213.411690    0.02861     1.7167    103.000     27.758  49295.267    31.1997     8.8924     27.497    6.63081     8.8831    24.1605   11.96632 1.7779e+00 0.0000e+00
        414 213.411693    0.02868     1.7208    103.250     28.032  49297.844    31.2009     8.8893     27.768    6.63122     8.8795    24.1620   11.96698 1.7266e+00 0.0000e+00
        415 213.411696    0.02875     1.7250    103.500     28.302  49301.119    31.2026     8.8859     28.036    6.63165     8.8758    24.1638   11.96767 1.6781e+00 0.0000e+00
        416 213.411698    0.02882     1.7292    103.750     28.570  49304.971    31.2047     8.8823     28.301    6.63209     8.8722    24.1660   11.96837 1.6321e+00 0.0000e+00
        417 213.411701    0.02889     1.7333    104.000     28.834  49309.203    31.2071     8.8787     28.563    6.63253     8.8687    24.1684   11.96906 1.5881e+00 0.0000e+00
        418 213.411704    0.02896     1.7375    104.250     29.098  49313.563    31.2095     8.8751     28.823    6.63295     8.8655    24.1709   11.96974 1.5458e+00 0.0000e+00
        419 213.411707    0.02903     1.7417    104.500     29.361  49317.754    31.2118     8.8717     29.084    6.63336     8.8626    24.1732   11.97038 1.5044e+00 0.0000e+00
        420 213.411710    0.02910     1.7458    104.750     29.624  49321.631    31.2140     8.8685     29.345    6.63373     8.8600    24.1754   11.97098 1.4636e+00 0.0000e+00
        421 213.411713    0.02917     1.7500    105.000     29.889  49325.164    31.2160     8.8657     29.608    6.63407     8.8577    24.1773   11.97152 1.4234e+00 0.0000e+00
        422 213.411716    0.02924     1.7542    105.250     30.156  49328.365    31.2177     8.8631     29.872    6.63438     8.8555    24.1791   11.97200 1.3843e+00 0.0000e+00
        423 213.411719    0.02931     1.7583    105.500     30.424  49331.439    31.2194     8.8608     30.137    6.63465     8.8533    24.1808   11.97243 1.3459e+00 0.0000e+00
        424 213.411722    0.02937     1.7625    105.750     30.691  49334.527    31.2212     8.8586     30.402    6.63490     8.8511    24.1825   11.97282 1.3081e+00 0.0000e+00
        425 213.411725    0.02944     1.7667    106.000     30.959  49337.571    31.2229     8.8564     30.667    6.63515     8.8490    24.1842   11.97321 1.2708e+00 0.0000e+00
        426 213.411727    0.02951     1.7708    106.250     31.226  49340.606    31.2246     8.8543     30.931    6.63539     8.8470    24.1858   11.97360 1.2347e+00 0.0000e+00
        427 213.411730    0.02958     1.7750    106.500     31.492  49343.676    31.2263     8.8522     31.195    6.63562     8.8452    24.1875   11.97396 1.1999e+00 0.0000e+00
        428 213.411733    0.02965     1.7792    106.750     31.756  49346.712    31.2280     8.8503     31.456    6.63584     8.8434    24.1891   11.97429 1.1667e+00 0.0000e+00
        429 213.411736    0.02972     1.7833    107.000     32.018  49349.802    31.2298     8.8485     31.717    6.63603     8.8415    24.1908   11.97459 1.1350e+00 0.0000e+00
        430 213.411739    0.02979     1.7875    107.250     32.280  49353.024    31.2317     8.8467     31.976    6.63622     8.8396    24.1926   11.97488 1.1040e+00 0.0000e+00
        431 213.411742    0.02986     1.7917    107.500     32.540  49356.149    31.2335     8.8448     32.233    6.63641     8.8375    24.1943   11.97518 1.0738e+00 0.0000e+00
        432 213.411745    0.02993     1.7958    107.750     32.800  49359.069    31.2352     8.8429     32.490    6.63662     8.8352    24.1959   11.97550 1.0448e+00 0.0000e+00
        433 213.411748    0.03000     1.8000    108.000     33.058  49361.992    31.2368     8.8408     32.746    6.63686     8.8329    24.1975   11.97587 1.0167e+00 0.0000e+00
        434 213.411751    0.03007     1.8042    108.250     33.313  49365.049    31.2385     8.8386     32.999    6.63712     8.8308    24.1992   11.97628 9.8958e-01 0.0000e+00
        435 213.411753    0.03014     1.8083    108.500     33.567  49368.075    31.2402     8.8363     33.251    6.63738     8.8290    24.2008   11.97670 9.6340e-01 0.0000e+00
        436 213.411756    0.03021     1.8125    108.750     33.821  49370.816    31.2417     8.8342     33.502    6.63763     8.8274    24.2023   11.97709 9.3794e-01 0.0000e+00
        437 213.411759    0.03028     1.8167    109.000     34.073  49373.100    31.2430     8.8324     33.752    6.63784     8.8260    24.2036   11.97743 9.1317e-01 0.0000e+00
        438 213.411762    0.03035     1.8208    109.250     34.325  49374.838    31.2439     8.8309     34.001    6.63803     8.8248    24.2045   11.97774 8.8901e-01 0.0000e+00
        439 213.411765    0.03042     1.8250    109.500     34.576  49376.103    31.2445     8.8295     34.250    6.63821     8.8234    24.2052   11.97802 8.6540e-01 0.0000e+00
        440 213.411768    0.03049     1.8292    109.750     34.827  49376.897    31.2447     8.8283     34.498    6.63838     8.8217    24.2056   11.97831 8.4286e-01 0.0000e+00
        441 213.411771    0.03056     1.8333    110.000     35.077  49377.082    31.2446     8.8269     34.746    6.63859     8.8195    24.2056   11.97865 8.2119e-01 0.0000e+00
        442 213.411774    0.03062     1.8375    110.250     35.328  49376.829    31.2441     8.8252     34.995    6.63885     8.8166    24.2055   11.97910 7.9959e-01 0.0000e+00
        443 213.411777    0.03069     1.8417    110.500     35.582  49376.789    31.2436     8.8230     35.246    6.63920     8.8132    24.2055   11.97968 7.7815e-01 0.0000e+00
        444 213.411780    0.03076     1.8458    110.750     35.839  49377.453    31.2435     8.8202     35.500    6.63963     8.8094    24.2059   11.98039 7.5749e-01 0.0000e+00
        445 213.411782    0.03083     1.8500    111.000     36.097  49378.824    31.2439     8.8168     35.757    6.64012     8.8054    24.2067   11.98120 7.3783e-01 0.0000e+00
        446 213.411785    0.03090     1.8542    111.250     36.357  49380.804    31.2446     8.8130     36.014    6.64065     8.8016    24.2078   11.98206 7.1871e-01 0.0000e+00
        447 213.411788    0.03097     1.8583    111.500     36.617  49383.265    31.2457     8.8091     36.272    6.64118     8.7980    24.2092   11.98292 6.9973e-01 0.0000e+00
        448 213.411791    0.03104     1.8625    111.750     36.876  49385.959    31.2469     8.8053     36.528    6.64169     8.7946    24.2107   11.98376 6.8085e-01 0.0000e+00
        449 213.411794    0.03111     1.8667    112.000     37.133  49388.604    31.2482     8.8017     36.782    6.64218     8.7915    24.2122   11.98454 6.6248e-01 0.0000e+00
        450 213.411797    0.03118     1.8708    112.250     37.386  49391.079    31.2493     8.7984     37.033    6.64262     8.7886    24.2136   11.98527 6.4509e-01 0.0000e+00
        451 213.411800    0.03125     1.8750    112.500     37.636  49393.344    31.2503     8.7953     37.281    6.64304     8.7857    24.2149   11.98595 6.2866e-01 0.0000e+00
