CTD-processing/allCTD/CNV--turbid/2012_05-03_t6_s21_cast065.cnv
* Sea-Bird SBE19plus Data File:
* FileName = C:\Documents and Settings\glenn.seaman\My Documents\KHolderied-files\CTD-DATA-FILES\2012-05-LTM-LowerCookInlet-CTD\Transect6-2012-05-Douglas\2012-05-03-04-LTM-Tran6-cast065.hex
* Software Version 1.59
* Temperature SN =  5028
* Conductivity SN =  5028
* System UpLoad Time = May 31 2012 02:53:18
** LTM Transect6- Pt Adam to Cape Douglas
** Date: 05-03
** Station: 6-21
** Start time (AKDT-24hr): 23:35
** Depth (m): 170
** check sta no, add time/z from log
# nquan = 16
# nvalues = 1090                        
# units = specified
# name 0 = scan: Scan Count
# name 1 = timeJ: Julian Days
# name 2 = timeH: Time, Elapsed [hours]
# name 3 = timeM: Time, Elapsed [minutes]
# name 4 = timeS: Time, Elapsed [seconds]
# name 5 = prdM: Pressure, Strain Gauge [db]
# name 6 = specc: Specific Conductance [uS/cm]
# name 7 = sal00: Salinity, Practical [PSU]
# name 8 = tv290C: Temperature [ITS-90, deg C]
# name 9 = depSM: Depth [salt water, m], lat = 59.00
# name 10 = oxsolML/L: Oxygen Saturation, Garcia & Gordon [ml/l]
# name 11 = potemp090C: Potential Temperature [ITS-90, deg C]
# name 12 = sigma-é00: Density [sigma-theta, kg/m^3]
# name 13 = n2satML/L: Nitrogen Saturation [ml/l]
# name 14 = par: PAR/Irradiance, Biospherical/Licor [umol photons/m^2/sec]
# name 15 = flag:  0.000e+00
# span 0 =          1,       1090       
# span 1 = 124.983125, 124.986276       
# span 2 =    0.00000,    0.07562       
# span 3 =     0.0000,     4.5375       
# span 4 =      0.000,    272.250       
# span 5 =     -0.125,    158.697       
# span 6 =    438.579,  52245.391       
# span 7 =     0.2013,    32.4050       
# span 8 =     3.6906,     4.9208       
# span 9 =     -0.123,    157.153       
# span 10 =    7.22543,    9.23385      
# span 11 =     3.6906,     4.9140      
# span 12 =     0.1370,    25.6576      
# span 13 =   12.93791,   16.75156      
# span 14 = 3.7490e-02, 1.0366e+00      
# span 15 = 0.0000e+00, 0.0000e+00      
# interval = seconds: 0.25
# start_time = May 03 2012 23:35:42 [Instrument's time stamp, header]
# bad_flag = -9.990e-29
*END*
[from data line 904]
        905 124.985741    0.06278     3.7667    226.000    123.145  51947.476    32.2398     4.7404    121.957    7.25008     4.7319    25.5164   12.97686 3.7490e-02 0.0000e+00
        906 124.985744    0.06285     3.7708    226.250    123.419  51949.732    32.2413     4.7406    122.229    7.24997     4.7318    25.5176   12.97665 3.7490e-02 0.0000e+00
        907 124.985747    0.06292     3.7750    226.500    123.708  51951.543    32.2424     4.7407    122.515    7.24990     4.7315    25.5184   12.97653 3.7490e-02 0.0000e+00
        908 124.985749    0.06299     3.7792    226.750    123.996  51952.947    32.2431     4.7406    122.800    7.24988     4.7312    25.5191   12.97648 3.7490e-02 0.0000e+00
        909 124.985752    0.06306     3.7833    227.000    124.270  51954.147    32.2438     4.7403    123.072    7.24989     4.7309    25.5196   12.97649 3.7490e-02 0.0000e+00
        910 124.985755    0.06313     3.7875    227.250    124.521  51955.218    32.2443     4.7400    123.320    7.24992     4.7306    25.5201   12.97653 3.7490e-02 0.0000e+00
        911 124.985758    0.06319     3.7917    227.500    124.744  51956.112    32.2448     4.7397    123.540    7.24995     4.7303    25.5205   12.97657 3.7490e-02 0.0000e+00
        912 124.985761    0.06326     3.7958    227.750    124.936  51956.846    32.2451     4.7394    123.731    7.24998     4.7299    25.5208   12.97662 3.7490e-02 0.0000e+00
        913 124.985764    0.06333     3.8000    228.000    125.105  51957.544    32.2454     4.7391    123.897    7.25002     4.7296    25.5211   12.97668 3.7490e-02 0.0000e+00
        914 124.985767    0.06340     3.8042    228.250    125.259  51958.297    32.2458     4.7388    124.050    7.25006     4.7291    25.5214   12.97674 3.7490e-02 0.0000e+00
        915 124.985770    0.06347     3.8083    228.500    125.411  51959.183    32.2462     4.7385    124.200    7.25010     4.7286    25.5218   12.97680 3.7490e-02 0.0000e+00
        916 124.985773    0.06354     3.8125    228.750    125.576  51960.353    32.2469     4.7381    124.363    7.25014     4.7279    25.5223   12.97686 3.7490e-02 0.0000e+00
        917 124.985775    0.06361     3.8167    229.000    125.766  51962.042    32.2478     4.7376    124.552    7.25018     4.7269    25.5231   12.97692 3.7490e-02 0.0000e+00
        918 124.985778    0.06368     3.8208    229.250    125.991  51964.537    32.2493     4.7369    124.775    7.25024     4.7255    25.5244   12.97699 3.7490e-02 0.0000e+00
        919 124.985781    0.06375     3.8250    229.500    126.253  51967.983    32.2513     4.7359    125.034    7.25031     4.7239    25.5261   12.97708 3.7490e-02 0.0000e+00
        920 124.985784    0.06382     3.8292    229.750    126.546  51972.238    32.2538     4.7345    125.324    7.25042     4.7222    25.5282   12.97724 3.7490e-02 0.0000e+00
        921 124.985787    0.06389     3.8333    230.000    126.861  51976.867    32.2564     4.7329    125.637    7.25057     4.7207    25.5305   12.97745 3.7490e-02 0.0000e+00
        922 124.985790    0.06396     3.8375    230.250    127.185  51981.338    32.2590     4.7312    125.957    7.25074     4.7193    25.5326   12.97770 3.7490e-02 0.0000e+00
        923 124.985793    0.06403     3.8417    230.500    127.500  51985.374    32.2612     4.7297    126.268    7.25089     4.7182    25.5346   12.97792 3.7490e-02 0.0000e+00
        924 124.985796    0.06410     3.8458    230.750    127.801  51988.908    32.2632     4.7284    126.567    7.25103     4.7172    25.5363   12.97812 3.7490e-02 0.0000e+00
        925 124.985799    0.06417     3.8500    231.000    128.085  51991.952    32.2649     4.7273    126.848    7.25115     4.7164    25.5378   12.97828 3.7490e-02 0.0000e+00
        926 124.985802    0.06424     3.8542    231.250    128.348  51994.592    32.2663     4.7263    127.109    7.25124     4.7157    25.5390   12.97842 3.7490e-02 0.0000e+00
        927 124.985804    0.06431     3.8583    231.500    128.594  51996.906    32.2676     4.7255    127.352    7.25132     4.7150    25.5401   12.97854 3.7490e-02 0.0000e+00
        928 124.985807    0.06438     3.8625    231.750    128.828  51998.950    32.2687     4.7248    127.584    7.25139     4.7145    25.5411   12.97864 3.7490e-02 0.0000e+00
        929 124.985810    0.06444     3.8667    232.000    129.056  52000.793    32.2697     4.7242    127.810    7.25145     4.7140    25.5420   12.97872 3.7490e-02 0.0000e+00
        930 124.985813    0.06451     3.8708    232.250    129.285  52002.525    32.2707     4.7237    128.037    7.25149     4.7134    25.5428   12.97879 3.7490e-02 0.0000e+00
        931 124.985816    0.06458     3.8750    232.500    129.521  52004.240    32.2717     4.7232    128.270    7.25153     4.7129    25.5436   12.97884 3.7490e-02 0.0000e+00
        932 124.985819    0.06465     3.8792    232.750    129.768  52006.038    32.2727     4.7227    128.514    7.25157     4.7123    25.5445   12.97889 3.7490e-02 0.0000e+00
        933 124.985822    0.06472     3.8833    233.000    130.027  52007.967    32.2737     4.7221    128.771    7.25161     4.7116    25.5454   12.97895 3.7490e-02 0.0000e+00
        934 124.985825    0.06479     3.8875    233.250    130.297  52009.987    32.2748     4.7215    129.039    7.25166     4.7107    25.5463   12.97901 3.7490e-02 0.0000e+00
        935 124.985828    0.06486     3.8917    233.500    130.572  52012.109    32.2760     4.7209    129.310    7.25172     4.7098    25.5473   12.97910 3.7490e-02 0.0000e+00
        936 124.985830    0.06493     3.8958    233.750    130.842  52014.402    32.2773     4.7201    129.578    7.25180     4.7086    25.5484   12.97921 3.7490e-02 0.0000e+00
        937 124.985833    0.06500     3.9000    234.000    131.101  52016.889    32.2786     4.7191    129.835    7.25190     4.7073    25.5495   12.97936 3.7490e-02 0.0000e+00
        938 124.985836    0.06507     3.9042    234.250    131.346  52019.604    32.2801     4.7179    130.077    7.25203     4.7056    25.5508   12.97955 3.7490e-02 0.0000e+00
        939 124.985839    0.06514     3.9083    234.500    131.573  52022.698    32.2818     4.7166    130.302    7.25218     4.7035    25.5523   12.97978 3.7490e-02 0.0000e+00
        940 124.985842    0.06521     3.9125    234.750    131.787  52026.508    32.2839     4.7150    130.513    7.25236     4.7006    25.5542   12.98005 3.7490e-02 0.0000e+00
        941 124.985845    0.06528     3.9167    235.000    131.993  52031.629    32.2868     4.7129    130.717    7.25259     4.6969    25.5567   12.98039 3.7490e-02 0.0000e+00
        942 124.985848    0.06535     3.9208    235.250    132.200  52038.749    32.2910     4.7100    130.922    7.25289     4.6924    25.5603   12.98083 3.7490e-02 0.0000e+00
        943 124.985851    0.06542     3.9250    235.500    132.415  52048.253    32.2965     4.7063    131.135    7.25326     4.6872    25.5651   12.98137 3.7490e-02 0.0000e+00
        944 124.985854    0.06549     3.9292    235.750    132.643  52060.111    32.3035     4.7018    131.360    7.25369     4.6812    25.5711   12.98200 3.7490e-02 0.0000e+00
        945 124.985856    0.06556     3.9333    236.000    132.883  52073.919    32.3117     4.6966    131.598    7.25421     4.6749    25.5782   12.98275 3.7490e-02 0.0000e+00
        946 124.985859    0.06563     3.9375    236.250    133.133  52088.937    32.3205     4.6906    131.846    7.25482     4.6689    25.5858   12.98364 3.7490e-02 0.0000e+00
        947 124.985862    0.06569     3.9417    236.500    133.386  52104.153    32.3294     4.6843    132.096    7.25549     4.6636    25.5935   12.98463 3.7490e-02 0.0000e+00
        948 124.985865    0.06576     3.9458    236.750    133.634  52118.411    32.3376     4.6783    132.341    7.25613     4.6594    25.6007   12.98558 3.7490e-02 0.0000e+00
        949 124.985868    0.06583     3.9500    237.000    133.871  52130.969    32.3449     4.6731    132.576    7.25668     4.6560    25.6071   12.98640 3.7490e-02 0.0000e+00
        950 124.985871    0.06590     3.9542    237.250    134.096  52141.587    32.3511     4.6689    132.799    7.25712     4.6534    25.6124   12.98704 3.7490e-02 0.0000e+00
        951 124.985874    0.06597     3.9583    237.500    134.308  52150.134    32.3561     4.6655    133.009    7.25746     4.6514    25.6167   12.98754 3.7490e-02 0.0000e+00
        952 124.985877    0.06604     3.9625    237.750    134.511  52156.766    32.3600     4.6629    133.210    7.25773     4.6500    25.6201   12.98794 3.7490e-02 0.0000e+00
        953 124.985880    0.06611     3.9667    238.000    134.711  52161.930    32.3630     4.6609    133.409    7.25793     4.6489    25.6227   12.98823 3.7490e-02 0.0000e+00
        954 124.985883    0.06618     3.9708    238.250    134.918  52166.010    32.3654     4.6595    133.613    7.25807     4.6481    25.6247   12.98842 3.7490e-02 0.0000e+00
        955 124.985885    0.06625     3.9750    238.500    135.138  52169.312    32.3673     4.6584    133.831    7.25816     4.6476    25.6263   12.98854 3.7490e-02 0.0000e+00
        956 124.985888    0.06632     3.9792    238.750    135.378  52172.237    32.3690     4.6577    134.068    7.25820     4.6472    25.6277   12.98860 3.7490e-02 0.0000e+00
        957 124.985891    0.06639     3.9833    239.000    135.638  52175.037    32.3707     4.6572    134.326    7.25821     4.6469    25.6291   12.98859 3.7490e-02 0.0000e+00
        958 124.985894    0.06646     3.9875    239.250    135.916  52177.530    32.3721     4.6568    134.601    7.25821     4.6468    25.6304   12.98856 3.7490e-02 0.0000e+00
        959 124.985897    0.06653     3.9917    239.500    136.206  52179.470    32.3732     4.6565    134.888    7.25819     4.6467    25.6313   12.98852 3.7490e-02 0.0000e+00
        960 124.985900    0.06660     3.9958    239.750    136.500  52180.846    32.3740     4.6564    135.179    7.25818     4.6467    25.6319   12.98849 3.7490e-02 0.0000e+00
        961 124.985903    0.06667     4.0000    240.000    136.792  52181.796    32.3745     4.6564    135.468    7.25817     4.6467    25.6323   12.98847 3.7490e-02 0.0000e+00
        962 124.985906    0.06674     4.0042    240.250    137.071  52182.459    32.3748     4.6564    135.745    7.25815     4.6467    25.6326   12.98844 3.7490e-02 0.0000e+00
        963 124.985909    0.06681     4.0083    240.500    137.334  52182.928    32.3750     4.6564    136.005    7.25814     4.6467    25.6327   12.98841 3.7490e-02 0.0000e+00
        964 124.985911    0.06688     4.0125    240.750    137.577  52183.310    32.3752     4.6564    136.246    7.25812     4.6467    25.6328   12.98839 3.7490e-02 0.0000e+00
        965 124.985914    0.06694     4.0167    241.000    137.800  52183.681    32.3753     4.6565    136.467    7.25811     4.6468    25.6329   12.98836 3.7490e-02 0.0000e+00
        966 124.985917    0.06701     4.0208    241.250    138.005  52184.067    32.3755     4.6565    136.670    7.25809     4.6468    25.6331   12.98834 3.7490e-02 0.0000e+00
        967 124.985920    0.06708     4.0250    241.500    138.197  52184.496    32.3757     4.6566    136.860    7.25808     4.6468    25.6332   12.98831 3.7490e-02 0.0000e+00
        968 124.985923    0.06715     4.0292    241.750    138.380  52184.982    32.3760     4.6566    137.041    7.25806     4.6469    25.6334   12.98828 3.7490e-02 0.0000e+00
        969 124.985926    0.06722     4.0333    242.000    138.561  52185.508    32.3763     4.6566    137.220    7.25804     4.6469    25.6336   12.98824 3.7490e-02 0.0000e+00
        970 124.985929    0.06729     4.0375    242.250    138.744  52186.017    32.3765     4.6567    137.401    7.25802     4.6470    25.6338   12.98820 3.7490e-02 0.0000e+00
        971 124.985932    0.06736     4.0417    242.500    138.935  52186.454    32.3768     4.6568    137.589    7.25800     4.6471    25.6340   12.98816 3.7490e-02 0.0000e+00
        972 124.985935    0.06743     4.0458    242.750    139.136  52186.781    32.3769     4.6569    137.789    7.25798     4.6471    25.6341   12.98812 3.7490e-02 0.0000e+00
        973 124.985938    0.06750     4.0500    243.000    139.350  52186.988    32.3770     4.6569    138.001    7.25796     4.6472    25.6342   12.98809 3.7490e-02 0.0000e+00
        974 124.985940    0.06757     4.0542    243.250    139.578  52187.134    32.3770     4.6570    138.226    7.25794     4.6472    25.6342   12.98807 3.7491e-02 0.0000e+00
        975 124.985943    0.06764     4.0583    243.500    139.818  52187.325    32.3770     4.6570    138.464    7.25793     4.6472    25.6342   12.98805 3.7491e-02 0.0000e+00
        976 124.985946    0.06771     4.0625    243.750    140.067  52187.590    32.3770     4.6571    138.710    7.25792     4.6473    25.6343   12.98803 3.7492e-02 0.0000e+00
        977 124.985949    0.06778     4.0667    244.000    140.318  52187.836    32.3771     4.6571    138.959    7.25791     4.6473    25.6343   12.98801 3.7493e-02 0.0000e+00
        978 124.985952    0.06785     4.0708    244.250    140.566  52188.030    32.3771     4.6572    139.204    7.25790     4.6473    25.6343   12.98799 3.7496e-02 0.0000e+00
        979 124.985955    0.06792     4.0750    244.500    140.804  52188.227    32.3771     4.6572    139.440    7.25789     4.6473    25.6343   12.98798 3.7500e-02 0.0000e+00
        980 124.985958    0.06799     4.0792    244.750    141.028  52188.439    32.3772     4.6573    139.661    7.25788     4.6473    25.6343   12.98797 3.7506e-02 0.0000e+00
        981 124.985961    0.06806     4.0833    245.000    141.235  52188.604    32.3772     4.6573    139.867    7.25788     4.6474    25.6343   12.98796 3.7517e-02 0.0000e+00
        982 124.985964    0.06813     4.0875    245.250    141.426  52188.688    32.3772     4.6574    140.056    7.25787     4.6474    25.6343   12.98794 3.7535e-02 0.0000e+00
        983 124.985966    0.06819     4.0917    245.500    141.606  52188.738    32.3771     4.6574    140.234    7.25786     4.6475    25.6343   12.98793 3.7565e-02 0.0000e+00
        984 124.985969    0.06826     4.0958    245.750    141.781  52188.820    32.3771     4.6575    140.407    7.25785     4.6475    25.6342   12.98791 3.7615e-02 0.0000e+00
        985 124.985972    0.06833     4.1000    246.000    141.958  52188.951    32.3771     4.6575    140.582    7.25784     4.6475    25.6342   12.98790 3.7646e-02 0.0000e+00
        986 124.985975    0.06840     4.1042    246.250    142.146  52189.109    32.3771     4.6575    140.769    7.25784     4.6475    25.6343   12.98789 3.7615e-02 0.0000e+00
        987 124.985978    0.06847     4.1083    246.500    142.352  52189.296    32.3772     4.6575    140.973    7.25783     4.6475    25.6343   12.98788 3.7565e-02 0.0000e+00
        988 124.985981    0.06854     4.1125    246.750    142.579  52189.519    32.3772     4.6576    141.198    7.25783     4.6475    25.6343   12.98787 3.7535e-02 0.0000e+00
        989 124.985984    0.06861     4.1167    247.000    142.827  52189.759    32.3773     4.6576    141.443    7.25782     4.6475    25.6344   12.98786 3.7517e-02 0.0000e+00
        990 124.985987    0.06868     4.1208    247.250    143.093  52190.009    32.3773     4.6576    141.707    7.25782     4.6474    25.6344   12.98786 3.7506e-02 0.0000e+00
        991 124.985990    0.06875     4.1250    247.500    143.372  52190.251    32.3773     4.6576    141.982    7.25782     4.6474    25.6344   12.98786 3.7500e-02 0.0000e+00
        992 124.985992    0.06882     4.1292    247.750    143.653  52190.455    32.3773     4.6576    142.261    7.25782     4.6474    25.6344   12.98785 3.7496e-02 0.0000e+00
        993 124.985995    0.06889     4.1333    248.000    143.929  52190.639    32.3773     4.6576    142.534    7.25782     4.6474    25.6344   12.98785 3.7494e-02 0.0000e+00
        994 124.985998    0.06896     4.1375    248.250    144.189  52190.842    32.3773     4.6576    142.792    7.25781     4.6475    25.6345   12.98784 3.7492e-02 0.0000e+00
