CTD-processing/allCTD/CNV--turbid/2012_10-29_t4_s06_cast067.cnv
* Sea-Bird SBE19plus Data File:
* FileName = C:\Documents and Settings\kris.holderied.local\My Documents\2012-CTD-DATA-new-files\2012-10-CookInlet-LTM\2012-10-29-LTM-CookInlet-Tran4-Barabara\2012-10-29-CookInlet-Tran4-Barabara-cast067.hex
* Software Version 1.54
* Temperature SN =  4141
* Conductivity SN =  4141
* System UpLoad Time = Nov 20 2012 18:45:43
** Cook Inlet EVOSTC Transect 4 Barabara north to south
** Date:  29 Oct 2012
** Station:  4-06
** Start time (AKDT-24 hr):  1633
** Depth (m):  66
** Comment:
# nquan = 16
# nvalues = 638                         
# units = specified
# name 0 = scan: Scan Count
# name 1 = timeJ: Julian Days
# name 2 = timeH: Time, Elapsed [hours]
# name 3 = timeM: Time, Elapsed [minutes]
# name 4 = timeS: Time, Elapsed [seconds]
# name 5 = prdM: Pressure, Strain Gauge [db]
# name 6 = specc: Specific Conductance [uS/cm]
# name 7 = sal00: Salinity, Practical [PSU]
# name 8 = tv290C: Temperature [ITS-90, deg C]
# name 9 = depSM: Depth [salt water, m], lat = 59.00
# name 10 = oxsolML/L: Oxygen Saturation, Garcia & Gordon [ml/l]
# name 11 = potemp090C: Potential Temperature [ITS-90, deg C]
# name 12 = sigma-é00: Density [sigma-theta, kg/m^3]
# name 13 = n2satML/L: Nitrogen Saturation [ml/l]
# name 14 = par: PAR/Irradiance, Biospherical/Licor
# name 15 = flag:  0.000e+00
# span 0 =          1,        638       
# span 1 = 303.688310, 303.690153       
# span 2 =    0.00000,    0.04424       
# span 3 =     0.0000,     2.6542       
# span 4 =      0.000,    159.250       
# span 5 =     -0.113,     45.501       
# span 6 =    430.373,  49585.072       
# span 7 =     0.1992,    31.2226       
# span 8 =     5.0617,     7.7423       
# span 9 =     -0.112,     45.071       
# span 10 =    6.80412,    8.88347      
# span 11 =     5.0617,     7.7383      
# span 12 =     0.1236,    24.3582      
# span 13 =   12.25285,   16.16359      
# span 14 = 5.1612e-01, 7.4153e+02      
# span 15 = 0.0000e+00, 0.0000e+00      
# interval = seconds: 0.25
# start_time = Oct 29 2012 16:31:10 [Instrument's time stamp, header]
# bad_flag = -9.990e-29
*END*
[from data line 272]
        273 303.689097    0.01889     1.1333     68.000      1.645  49509.527    31.1690     7.6283      1.630    6.82415     7.6350    24.3184   12.28663 1.7367e+02 0.0000e+00
        274 303.689100    0.01896     1.1375     68.250      1.704  49505.837    31.1671     7.6320      1.688    6.82365     7.6372    24.3163   12.28583 1.7561e+02 0.0000e+00
        275 303.689103    0.01903     1.1417     68.500      1.783  49500.284    31.1637     7.6351      1.767    6.82332     7.6385    24.3132   12.28532 1.7849e+02 0.0000e+00
        276 303.689106    0.01910     1.1458     68.750      1.869  49492.643    31.1587     7.6374      1.852    6.82319     7.6387    24.3090   12.28517 1.8065e+02 0.0000e+00
        277 303.689109    0.01917     1.1500     69.000      1.947  49482.490    31.1518     7.6387      1.929    6.82330     7.6375    24.3034   12.28544 1.8098e+02 0.0000e+00
        278 303.689112    0.01924     1.1542     69.250      2.004  49470.923    31.1437     7.6388      1.985    6.82363     7.6347    24.2971   12.28609 1.8080e+02 0.0000e+00
        279 303.689115    0.01931     1.1583     69.500      2.034  49461.517    31.1369     7.6377      2.015    6.82411     7.6301    24.2919   12.28697 1.8089e+02 0.0000e+00
        280 303.689117    0.01938     1.1625     69.750      2.038  49457.798    31.1339     7.6349      2.018    6.82469     7.6246    24.2899   12.28795 1.7942e+02 0.0000e+00
        281 303.689120    0.01944     1.1667     70.000      2.020  49460.839    31.1353     7.6303      2.001    6.82534     7.6194    24.2916   12.28901 1.7342e+02 0.0000e+00
        282 303.689123    0.01951     1.1708     70.250      1.992  49469.236    31.1403     7.6248      1.973    6.82598     7.6161    24.2963   12.29002 1.6106e+02 0.0000e+00
        283 303.689126    0.01958     1.1750     70.500      1.967  49479.998    31.1469     7.6196      1.948    6.82648     7.6151    24.3022   12.29077 1.4556e+02 0.0000e+00
        284 303.689129    0.01965     1.1792     70.750      1.956  49489.662    31.1531     7.6162      1.938    6.82673     7.6163    24.3076   12.29110 1.3210e+02 0.0000e+00
        285 303.689132    0.01972     1.1833     71.000      1.964  49495.417    31.1570     7.6153      1.946    6.82671     7.6186    24.3107   12.29101 1.2306e+02 0.0000e+00
        286 303.689135    0.01979     1.1875     71.250      1.985  49495.249    31.1570     7.6165      1.966    6.82652     7.6206    24.3106   12.29069 1.1721e+02 0.0000e+00
        287 303.689138    0.01986     1.1917     71.500      2.009  49488.487    31.1527     7.6187      1.990    6.82636     7.6217    24.3068   12.29050 1.1204e+02 0.0000e+00
        288 303.689141    0.01993     1.1958     71.750      2.024  49477.555    31.1454     7.6208      2.005    6.82637     7.6211    24.3008   12.29059 1.0754e+02 0.0000e+00
        289 303.689144    0.02000     1.2000     72.000      2.021  49467.015    31.1382     7.6219      2.003    6.82651     7.6183    24.2951   12.29093 1.0579e+02 0.0000e+00
        290 303.689146    0.02007     1.2042     72.250      1.999  49460.772    31.1338     7.6213      1.980    6.82681     7.6140    24.2917   12.29147 1.0888e+02 0.0000e+00
        291 303.689149    0.02014     1.2083     72.500      1.958  49461.137    31.1336     7.6185      1.940    6.82726     7.6097    24.2919   12.29221 1.1724e+02 0.0000e+00
        292 303.689152    0.02021     1.2125     72.750      1.905  49468.230    31.1379     7.6142      1.887    6.82775     7.6071    24.2959   12.29297 1.3089e+02 0.0000e+00
        293 303.689155    0.02028     1.2167     73.000      1.847  49480.111    31.1455     7.6099      1.830    6.82807     7.6071    24.3025   12.29341 1.5118e+02 0.0000e+00
        294 303.689158    0.02035     1.2208     73.250      1.792  49493.674    31.1545     7.6073      1.775    6.82807     7.6101    24.3099   12.29330 1.7749e+02 0.0000e+00
        295 303.689161    0.02042     1.2250     73.500      1.747  49505.794    31.1630     7.6073      1.731    6.82769     7.6153    24.3166   12.29256 2.0285e+02 0.0000e+00
        296 303.689164    0.02049     1.2292     73.750      1.719  49514.800    31.1698     7.6102      1.704    6.82693     7.6218    24.3215   12.29123 2.1922e+02 0.0000e+00
        297 303.689167    0.02056     1.2333     74.000      1.713  49520.042    31.1743     7.6155      1.698    6.82591     7.6285    24.3243   12.28947 2.2303e+02 0.0000e+00
        298 303.689170    0.02063     1.2375     74.250      1.732  49521.195    31.1761     7.6220      1.716    6.82481     7.6344    24.3248   12.28763 2.1381e+02 0.0000e+00
        299 303.689172    0.02069     1.2417     74.500      1.775  49518.706    31.1754     7.6287      1.759    6.82381     7.6394    24.3234   12.28598 1.9868e+02 0.0000e+00
        300 303.689175    0.02076     1.2458     74.750      1.840  49513.614    31.1728     7.6346      1.823    6.82299     7.6433    24.3205   12.28467 1.8586e+02 0.0000e+00
        301 303.689178    0.02083     1.2500     75.000      1.920  49506.658    31.1688     7.6396      1.902    6.82240     7.6460    24.3166   12.28374 1.7600e+02 0.0000e+00
        302 303.689181    0.02090     1.2542     75.250      2.003  49497.733    31.1631     7.6435      1.984    6.82204     7.6475    24.3117   12.28322 1.6970e+02 0.0000e+00
        303 303.689184    0.02097     1.2583     75.500      2.079  49486.225    31.1555     7.6462      2.060    6.82196     7.6481    24.3053   12.28318 1.6375e+02 0.0000e+00
        304 303.689187    0.02104     1.2625     75.750      2.139  49472.307    31.1460     7.6477      2.119    6.82215     7.6479    24.2977   12.28360 1.5321e+02 0.0000e+00
        305 303.689190    0.02111     1.2667     76.000      2.178  49458.167    31.1362     7.6483      2.158    6.82249     7.6471    24.2899   12.28430 1.4291e+02 0.0000e+00
        306 303.689193    0.02118     1.2708     76.250      2.198  49446.609    31.1282     7.6481      2.178    6.82288     7.6455    24.2836   12.28503 1.3820e+02 0.0000e+00
        307 303.689196    0.02125     1.2750     76.500      2.204  49439.688    31.1232     7.6473      2.183    6.82323     7.6438    24.2798   12.28568 1.3734e+02 0.0000e+00
        308 303.689198    0.02132     1.2792     76.750      2.200  49438.939    31.1224     7.6457      2.179    6.82350     7.6422    24.2794   12.28614 1.3752e+02 0.0000e+00
        309 303.689201    0.02139     1.2833     77.000      2.191  49443.967    31.1256     7.6440      2.171    6.82363     7.6411    24.2822   12.28632 1.3717e+02 0.0000e+00
        310 303.689204    0.02146     1.2875     77.250      2.181  49451.736    31.1308     7.6424      2.161    6.82365     7.6405    24.2865   12.28628 1.3427e+02 0.0000e+00
        311 303.689207    0.02153     1.2917     77.500      2.171  49458.303    31.1352     7.6413      2.151    6.82363     7.6402    24.2901   12.28619 1.2902e+02 0.0000e+00
        312 303.689210    0.02160     1.2958     77.750      2.160  49460.912    31.1369     7.6407      2.140    6.82364     7.6396    24.2915   12.28619 1.2465e+02 0.0000e+00
        313 303.689213    0.02167     1.3000     78.000      2.149  49458.734    31.1354     7.6404      2.129    6.82376     7.6385    24.2903   12.28641 1.2331e+02 0.0000e+00
        314 303.689216    0.02174     1.3042     78.250      2.136  49452.681    31.1311     7.6398      2.116    6.82404     7.6367    24.2870   12.28692 1.2461e+02 0.0000e+00
        315 303.689219    0.02181     1.3083     78.500      2.119  49445.456    31.1259     7.6387      2.099    6.82444     7.6339    24.2831   12.28766 1.2677e+02 0.0000e+00
        316 303.689222    0.02187     1.3125     78.750      2.098  49440.106    31.1219     7.6369      2.078    6.82491     7.6301    24.2802   12.28848 1.2885e+02 0.0000e+00
        317 303.689225    0.02194     1.3167     79.000      2.075  49438.761    31.1205     7.6341      2.055    6.82541     7.6259    24.2795   12.28932 1.3116e+02 0.0000e+00
        318 303.689227    0.02201     1.3208     79.250      2.052  49443.100    31.1229     7.6303      2.032    6.82590     7.6226    24.2819   12.29009 1.3243e+02 0.0000e+00
        319 303.689230    0.02208     1.3250     79.500      2.033  49453.920    31.1298     7.6261      2.014    6.82624     7.6215    24.2879   12.29058 1.3024e+02 0.0000e+00
        320 303.689233    0.02215     1.3292     79.750      2.024  49471.024    31.1412     7.6227      2.005    6.82625     7.6236    24.2973   12.29046 1.2558e+02 0.0000e+00
        321 303.689236    0.02222     1.3333     80.000      2.029  49493.860    31.1569     7.6216      2.010    6.82572     7.6293    24.3098   12.28939 1.2257e+02 0.0000e+00
        322 303.689239    0.02229     1.3375     80.250      2.050  49517.801    31.1739     7.6238      2.031    6.82463     7.6374    24.3229   12.28736 1.2277e+02 0.0000e+00
        323 303.689242    0.02236     1.3417     80.500      2.083  49533.752    31.1860     7.6295      2.063    6.82320     7.6458    24.3316   12.28485 1.2539e+02 0.0000e+00
        324 303.689245    0.02243     1.3458     80.750      2.122  49538.230    31.1904     7.6376      2.102    6.82174     7.6528    24.3339   12.28238 1.3154e+02 0.0000e+00
        325 303.689248    0.02250     1.3500     81.000      2.159  49535.824    31.1900     7.6459      2.139    6.82046     7.6580    24.3325   12.28027 1.4028e+02 0.0000e+00
        326 303.689251    0.02257     1.3542     81.250      2.188  49531.510    31.1881     7.6529      2.168    6.81946     7.6616    24.3300   12.27863 1.4740e+02 0.0000e+00
        327 303.689253    0.02264     1.3583     81.500      2.205  49527.562    31.1862     7.6582      2.185    6.81873     7.6641    24.3278   12.27746 1.5320e+02 0.0000e+00
        328 303.689256    0.02271     1.3625     81.750      2.210  49524.590    31.1847     7.6618      2.189    6.81823     7.6658    24.3262   12.27665 1.6061e+02 0.0000e+00
        329 303.689259    0.02278     1.3667     82.000      2.203  49522.551    31.1837     7.6643      2.183    6.81789     7.6670    24.3250   12.27610 1.6885e+02 0.0000e+00
        330 303.689262    0.02285     1.3708     82.250      2.189  49521.205    31.1831     7.6660      2.169    6.81766     7.6681    24.3243   12.27571 1.7397e+02 0.0000e+00
        331 303.689265    0.02292     1.3750     82.500      2.176  49520.240    31.1826     7.6672      2.156    6.81748     7.6689    24.3237   12.27542 1.7327e+02 0.0000e+00
        332 303.689268    0.02299     1.3792     82.750      2.172  49519.331    31.1821     7.6683      2.151    6.81734     7.6695    24.3232   12.27520 1.6664e+02 0.0000e+00
        333 303.689271    0.02306     1.3833     83.000      2.181  49518.286    31.1815     7.6691      2.161    6.81724     7.6698    24.3226   12.27504 1.5565e+02 0.0000e+00
        334 303.689274    0.02313     1.3875     83.250      2.207  49517.244    31.1809     7.6697      2.186    6.81717     7.6699    24.3220   12.27494 1.4597e+02 0.0000e+00
        335 303.689277    0.02319     1.3917     83.500      2.243  49516.498    31.1804     7.6700      2.222    6.81714     7.6698    24.3216   12.27490 1.4044e+02 0.0000e+00
        336 303.689280    0.02326     1.3958     83.750      2.279  49516.013    31.1801     7.6701      2.258    6.81714     7.6696    24.3213   12.27490 1.3519e+02 0.0000e+00
        337 303.689282    0.02333     1.4000     84.000      2.305  49515.575    31.1797     7.6700      2.284    6.81717     7.6693    24.3211   12.27495 1.2773e+02 0.0000e+00
        338 303.689285    0.02340     1.4042     84.250      2.311  49515.308    31.1795     7.6698      2.289    6.81721     7.6690    24.3209   12.27503 1.2076e+02 0.0000e+00
        339 303.689288    0.02347     1.4083     84.500      2.291  49515.371    31.1795     7.6695      2.269    6.81726     7.6687    24.3210   12.27511 1.1886e+02 0.0000e+00
        340 303.689291    0.02354     1.4125     84.750      2.247  49515.580    31.1796     7.6692      2.226    6.81731     7.6685    24.3211   12.27519 1.2339e+02 0.0000e+00
        341 303.689294    0.02361     1.4167     85.000      2.187  49515.864    31.1798     7.6689      2.167    6.81735     7.6683    24.3213   12.27525 1.3186e+02 0.0000e+00
        342 303.689297    0.02368     1.4208     85.250      2.123  49516.362    31.1801     7.6686      2.103    6.81737     7.6683    24.3216   12.27528 1.3963e+02 0.0000e+00
        343 303.689300    0.02375     1.4250     85.500      2.069  49517.057    31.1806     7.6685      2.050    6.81737     7.6683    24.3220   12.27527 1.4225e+02 0.0000e+00
        344 303.689303    0.02382     1.4292     85.750      2.038  49517.802    31.1811     7.6684      2.019    6.81736     7.6684    24.3224   12.27524 1.3889e+02 0.0000e+00
        345 303.689306    0.02389     1.4333     86.000      2.038  49518.486    31.1816     7.6685      2.020    6.81733     7.6686    24.3228   12.27519 1.3260e+02 0.0000e+00
        346 303.689308    0.02396     1.4375     86.250      2.070  49519.039    31.1820     7.6686      2.051    6.81730     7.6689    24.3231   12.27513 1.2643e+02 0.0000e+00
        347 303.689311    0.02403     1.4417     86.500      2.126  49519.401    31.1823     7.6688      2.106    6.81725     7.6692    24.3233   12.27505 1.2102e+02 0.0000e+00
        348 303.689314    0.02410     1.4458     86.750      2.191  49519.576    31.1824     7.6691      2.171    6.81720     7.6697    24.3233   12.27496 1.1717e+02 0.0000e+00
        349 303.689317    0.02417     1.4500     87.000      2.251  49519.624    31.1825     7.6694      2.230    6.81714     7.6702    24.3233   12.27486 1.1657e+02 0.0000e+00
        350 303.689320    0.02424     1.4542     87.250      2.292  49519.574    31.1825     7.6699      2.271    6.81707     7.6707    24.3233   12.27474 1.1835e+02 0.0000e+00
        351 303.689323    0.02431     1.4583     87.500      2.304  49519.370    31.1824     7.6704      2.282    6.81699     7.6711    24.3232   12.27462 1.2049e+02 0.0000e+00
        352 303.689326    0.02438     1.4625     87.750      2.283  49518.997    31.1823     7.6709      2.262    6.81692     7.6713    24.3230   12.27452 1.2346e+02 0.0000e+00
        353 303.689329    0.02444     1.4667     88.000      2.233  49518.551    31.1820     7.6713      2.213    6.81687     7.6714    24.3227   12.27444 1.2738e+02 0.0000e+00
        354 303.689332    0.02451     1.4708     88.250      2.164  49518.113    31.1818     7.6715      2.144    6.81685     7.6715    24.3225   12.27439 1.3054e+02 0.0000e+00
        355 303.689334    0.02458     1.4750     88.500      2.089  49517.777    31.1816     7.6716      2.069    6.81684     7.6715    24.3224   12.27438 1.3158e+02 0.0000e+00
        356 303.689337    0.02465     1.4792     88.750      2.023  49517.667    31.1816     7.6716      2.004    6.81684     7.6715    24.3223   12.27438 1.3093e+02 0.0000e+00
        357 303.689340    0.02472     1.4833     89.000      1.980  49517.841    31.1817     7.6717      1.962    6.81683     7.6717    24.3224   12.27437 1.3025e+02 0.0000e+00
        358 303.689343    0.02479     1.4875     89.250      1.969  49518.305    31.1821     7.6717      1.951    6.81680     7.6721    24.3227   12.27432 1.2990e+02 0.0000e+00
        359 303.689346    0.02486     1.4917     89.500      1.990  49519.023    31.1826     7.6719      1.971    6.81675     7.6726    24.3231   12.27422 1.3091e+02 0.0000e+00
        360 303.689349    0.02493     1.4958     89.750      2.035  49519.871    31.1832     7.6723      2.015    6.81666     7.6732    24.3235   12.27407 1.3433e+02 0.0000e+00
        361 303.689352    0.02500     1.5000     90.000      2.092  49520.546    31.1837     7.6728      2.072    6.81656     7.6738    24.3238   12.27389 1.3798e+02 0.0000e+00
