CTD-processing/allCTD/CNV--turbid/2012-08-15-cookinlet-tran4-cast126-s04.cnv
* Sea-Bird SBE19plus Data File:
* FileName = C:\Documents and Settings\kris.holderied.local\My Documents\2012-08-15-CTD-KBay-Transect4\2012-08-15-CookInlet-Tran4-cast126.hex
* Software Version 1.54
* Temperature SN =  4141
* Conductivity SN =  4141
* System UpLoad Time = Aug 23 2012 23:13:51
** Cook Inlet LTM Transect 4 Barabara Pt to Bluff Pt
** Date:  2012-08-15
** Station:  4-04
** Start time (AKDT-24 hr): 1502
** Depth (m): 91
** Comment:
# nquan = 16
# nvalues = 606                         
# units = specified
# name 0 = scan: Scan Count
# name 1 = timeJ: Julian Days
# name 2 = timeH: Time, Elapsed [hours]
# name 3 = timeM: Time, Elapsed [minutes]
# name 4 = timeS: Time, Elapsed [seconds]
# name 5 = prdM: Pressure, Strain Gauge [db]
# name 6 = specc: Specific Conductance [uS/cm]
# name 7 = sal00: Salinity, Practical [PSU]
# name 8 = tv290C: Temperature [ITS-90, deg C]
# name 9 = depSM: Depth [salt water, m], lat = 59.00
# name 10 = oxsolML/L: Oxygen Saturation, Garcia & Gordon [ml/l]
# name 11 = potemp090C: Potential Temperature [ITS-90, deg C]
# name 12 = sigma-é00: Density [sigma-theta, kg/m^3]
# name 13 = n2satML/L: Nitrogen Saturation [ml/l]
# name 14 = par: PAR/Irradiance, Biospherical/Licor
# name 15 = flag:  0.000e+00
# span 0 =          1,        606       
# span 1 = 228.628044, 228.629795       
# span 2 =    0.00000,    0.04201       
# span 3 =     0.0000,     2.5208       
# span 4 =      0.000,    151.250       
# span 5 =      0.018,     89.331       
# span 6 =   1134.426,  49516.800       
# span 7 =     0.5567,    31.2761       
# span 8 =     8.5313,    11.6080       
# span 9 =      0.018,     88.477       
# span 10 =    6.27646,    7.68671      
# span 11 =     8.5227,    11.6079      
# span 12 =     0.0423,    24.2748      
# span 13 =   11.38673,   14.14106      
# span 14 = 5.0619e-02, 4.0064e+02      
# span 15 = 0.0000e+00, 0.0000e+00      
# interval = seconds: 0.25
# start_time = Aug 15 2012 15:04:23 [Instrument's time stamp, header]
# bad_flag = -9.990e-29
*END*
[from data line 362]
        363 228.629091    0.02514     1.5083     90.500     12.065  48904.482    31.0310     9.6204     11.952    6.53171     9.6086    23.9157   11.80427 1.3892e+01 0.0000e+00
        364 228.629094    0.02521     1.5125     90.750     12.366  48907.944    31.0326     9.6150     12.250    6.53243     9.6038    23.9178   11.80544 1.3268e+01 0.0000e+00
        365 228.629097    0.02528     1.5167     91.000     12.657  48910.967    31.0340     9.6100     12.538    6.53309     9.5988    23.9197   11.80652 1.2699e+01 0.0000e+00
        366 228.629100    0.02535     1.5208     91.250     12.938  48913.247    31.0349     9.6052     12.816    6.53375     9.5933    23.9212   11.80759 1.2174e+01 0.0000e+00
        367 228.629103    0.02542     1.5250     91.500     13.213  48914.865    31.0352     9.6002     13.089    6.53444     9.5869    23.9223   11.80874 1.1671e+01 0.0000e+00
        368 228.629106    0.02549     1.5292     91.750     13.491  48916.021    31.0352     9.5947     13.365    6.53523     9.5792    23.9231   11.81005 1.1176e+01 0.0000e+00
        369 228.629109    0.02556     1.5333     92.000     13.778  48916.791    31.0348     9.5884     13.649    6.53616     9.5698    23.9238   11.81160 1.0684e+01 0.0000e+00
        370 228.629112    0.02562     1.5375     92.250     14.073  48918.043    31.0346     9.5807     13.941    6.53729     9.5592    23.9248   11.81346 1.0203e+01 0.0000e+00
        371 228.629115    0.02569     1.5417     92.500     14.371  48921.650    31.0358     9.5713     14.236    6.53858     9.5484    23.9272   11.81559 9.7430e+00 0.0000e+00
        372 228.629117    0.02576     1.5458     92.750     14.669  48928.196    31.0389     9.5608     14.531    6.53998     9.5380    23.9313   11.81786 9.3080e+00 0.0000e+00
        373 228.629120    0.02583     1.5500     93.000     14.966  48936.003    31.0428     9.5499     14.825    6.54137     9.5281    23.9361   11.82013 8.8975e+00 0.0000e+00
        374 228.629123    0.02590     1.5542     93.250     15.263  48943.367    31.0465     9.5396     15.119    6.54271     9.5188    23.9406   11.82231 8.5059e+00 0.0000e+00
        375 228.629126    0.02597     1.5583     93.500     15.563  48950.065    31.0498     9.5298     15.416    6.54399     9.5100    23.9447   11.82438 8.1248e+00 0.0000e+00
        376 228.629129    0.02604     1.5625     93.750     15.872  48956.370    31.0528     9.5205     15.723    6.54520     9.5018    23.9486   11.82635 7.7488e+00 0.0000e+00
        377 228.629132    0.02611     1.5667     94.000     16.196  48962.271    31.0557     9.5118     16.043    6.54634     9.4942    23.9522   11.82821 7.3794e+00 0.0000e+00
        378 228.629135    0.02618     1.5708     94.250     16.531  48967.561    31.0582     9.5036     16.376    6.54742     9.4866    23.9554   11.82995 7.0220e+00 0.0000e+00
        379 228.629138    0.02625     1.5750     94.500     16.873  48971.915    31.0601     9.4960     16.714    6.54844     9.4786    23.9581   11.83162 6.6804e+00 0.0000e+00
        380 228.629141    0.02632     1.5792     94.750     17.216  48975.065    31.0612     9.4885     17.055    6.54948     9.4694    23.9602   11.83333 6.3573e+00 0.0000e+00
        381 228.629144    0.02639     1.5833     95.000     17.561  48977.313    31.0616     9.4805     17.396    6.55062     9.4583    23.9617   11.83522 6.0551e+00 0.0000e+00
        382 228.629146    0.02646     1.5875     95.250     17.904  48979.191    31.0615     9.4714     17.736    6.55195     9.4447    23.9631   11.83742 5.7742e+00 0.0000e+00
        383 228.629149    0.02653     1.5917     95.500     18.243  48981.210    31.0613     9.4603     18.072    6.55356     9.4289    23.9647   11.84010 5.5127e+00 0.0000e+00
        384 228.629152    0.02660     1.5958     95.750     18.579  48985.422    31.0623     9.4467     18.405    6.55548     9.4119    23.9677   11.84326 5.2681e+00 0.0000e+00
        385 228.629155    0.02667     1.6000     96.000     18.916  48993.694    31.0659     9.4309     18.738    6.55762     9.3949    23.9729   11.84676 5.0360e+00 0.0000e+00
        386 228.629158    0.02674     1.6042     96.250     19.258  49004.958    31.0714     9.4140     19.077    6.55985     9.3783    23.9799   11.85038 4.8106e+00 0.0000e+00
        387 228.629161    0.02681     1.6083     96.500     19.614  49017.694    31.0779     9.3970     19.429    6.56204     9.3627    23.9876   11.85394 4.5864e+00 0.0000e+00
        388 228.629164    0.02688     1.6125     96.750     19.991  49031.303    31.0851     9.3805     19.803    6.56413     9.3488    23.9958   11.85731 4.3594e+00 0.0000e+00
        389 228.629167    0.02694     1.6167     97.000     20.399  49044.577    31.0922     9.3649     20.207    6.56610     9.3370    24.0038   11.86048 4.1271e+00 0.0000e+00
        390 228.629170    0.02701     1.6208     97.250     20.822  49055.915    31.0981     9.3509     20.627    6.56787     9.3273    24.0106   11.86335 3.8981e+00 0.0000e+00
        391 228.629172    0.02708     1.6250     97.500     21.224  49064.535    31.1024     9.3392     21.024    6.56939     9.3187    24.0158   11.86581 3.6912e+00 0.0000e+00
        392 228.629175    0.02715     1.6292     97.750     21.592  49071.030    31.1055     9.3295     21.389    6.57067     9.3111    24.0197   11.86790 3.5115e+00 0.0000e+00
        393 228.629178    0.02722     1.6333     98.000     21.940  49076.721    31.1082     9.3210     21.734    6.57180     9.3043    24.0232   11.86973 3.3508e+00 0.0000e+00
        394 228.629181    0.02729     1.6375     98.250     22.277  49082.350    31.1110     9.3134     22.068    6.57279     9.2984    24.0265   11.87133 3.2015e+00 0.0000e+00
        395 228.629184    0.02736     1.6417     98.500     22.614  49087.804    31.1138     9.3067     22.401    6.57365     9.2931    24.0298   11.87272 3.0579e+00 0.0000e+00
        396 228.629187    0.02743     1.6458     98.750     22.956  49092.826    31.1163     9.3008     22.740    6.57440     9.2884    24.0327   11.87394 2.9171e+00 0.0000e+00
        397 228.629190    0.02750     1.6500     99.000     23.305  49097.391    31.1187     9.2956     23.085    6.57506     9.2841    24.0354   11.87500 2.7799e+00 0.0000e+00
        398 228.629193    0.02757     1.6542     99.250     23.656  49101.679    31.1209     9.2909     23.433    6.57565     9.2800    24.0378   11.87594 2.6502e+00 0.0000e+00
        399 228.629196    0.02764     1.6583     99.500     24.002  49105.921    31.1232     9.2866     23.776    6.57618     9.2760    24.0403   11.87680 2.5316e+00 0.0000e+00
        400 228.629198    0.02771     1.6625     99.750     24.336  49110.222    31.1255     9.2825     24.107    6.57667     9.2723    24.0427   11.87759 2.4237e+00 0.0000e+00
        401 228.629201    0.02778     1.6667    100.000     24.658  49114.525    31.1278     9.2785     24.426    6.57715     9.2689    24.0452   11.87835 2.3234e+00 0.0000e+00
        402 228.629204    0.02785     1.6708    100.250     24.973  49118.600    31.1301     9.2748     24.738    6.57759     9.2659    24.0475   11.87906 2.2283e+00 0.0000e+00
        403 228.629207    0.02792     1.6750    100.500     25.286  49122.247    31.1321     9.2715     25.048    6.57800     9.2630    24.0496   11.87970 2.1370e+00 0.0000e+00
        404 228.629210    0.02799     1.6792    100.750     25.604  49125.503    31.1338     9.2685     25.363    6.57837     9.2602    24.0514   11.88029 2.0480e+00 0.0000e+00
        405 228.629213    0.02806     1.6833    101.000     25.929  49128.580    31.1355     9.2657     25.685    6.57871     9.2576    24.0531   11.88083 1.9606e+00 0.0000e+00
        406 228.629216    0.02813     1.6875    101.250     26.260  49131.587    31.1371     9.2630     26.013    6.57904     9.2550    24.0548   11.88136 1.8757e+00 0.0000e+00
        407 228.629219    0.02819     1.6917    101.500     26.590  49134.408    31.1385     9.2604     26.340    6.57936     9.2524    24.0564   11.88188 1.7954e+00 0.0000e+00
        408 228.629222    0.02826     1.6958    101.750     26.914  49136.862    31.1398     9.2578     26.660    6.57968     9.2496    24.0577   11.88240 1.7208e+00 0.0000e+00
        409 228.629225    0.02833     1.7000    102.000     27.229  49138.894    31.1407     9.2552     26.973    6.58002     9.2465    24.0589   11.88295 1.6513e+00 0.0000e+00
        410 228.629227    0.02840     1.7042    102.250     27.541  49140.666    31.1415     9.2525     27.281    6.58039     9.2431    24.0599   11.88355 1.5849e+00 0.0000e+00
        411 228.629230    0.02847     1.7083    102.500     27.855  49142.446    31.1422     9.2494     27.593    6.58080     9.2393    24.0609   11.88422 1.5194e+00 0.0000e+00
        412 228.629233    0.02854     1.7125    102.750     28.178  49144.537    31.1430     9.2460     27.913    6.58125     9.2350    24.0621   11.88496 1.4546e+00 0.0000e+00
        413 228.629236    0.02861     1.7167    103.000     28.511  49147.212    31.1442     9.2422     28.243    6.58176     9.2306    24.0636   11.88578 1.3913e+00 0.0000e+00
        414 228.629239    0.02868     1.7208    103.250     28.853  49150.417    31.1458     9.2380     28.581    6.58231     9.2259    24.0655   11.88667 1.3304e+00 0.0000e+00
        415 228.629242    0.02875     1.7250    103.500     29.196  49153.737    31.1473     9.2336     28.921    6.58289     9.2209    24.0674   11.88762 1.2726e+00 0.0000e+00
        416 228.629245    0.02882     1.7292    103.750     29.535  49156.967    31.1488     9.2289     29.257    6.58351     9.2157    24.0693   11.88863 1.2181e+00 0.0000e+00
        417 228.629248    0.02889     1.7333    104.000     29.869  49160.485    31.1504     9.2240     29.588    6.58416     9.2107    24.0713   11.88969 1.1664e+00 0.0000e+00
        418 228.629251    0.02896     1.7375    104.250     30.200  49164.543    31.1524     9.2189     29.915    6.58482     9.2059    24.0737   11.89075 1.1169e+00 0.0000e+00
        419 228.629253    0.02903     1.7417    104.500     30.530  49168.843    31.1546     9.2138     30.243    6.58546     9.2017    24.0762   11.89179 1.0693e+00 0.0000e+00
        420 228.629256    0.02910     1.7458    104.750     30.864  49173.073    31.1568     9.2091     30.574    6.58606     9.1980    24.0787   11.89275 1.0233e+00 0.0000e+00
        421 228.629259    0.02917     1.7500    105.000     31.202  49177.039    31.1589     9.2049     30.909    6.58659     9.1949    24.0809   11.89360 9.7882e-01 0.0000e+00
        422 228.629262    0.02924     1.7542    105.250     31.542  49180.548    31.1607     9.2013     31.245    6.58704     9.1923    24.0829   11.89433 9.3641e-01 0.0000e+00
        423 228.629265    0.02931     1.7583    105.500     31.879  49183.437    31.1622     9.1982     31.579    6.58742     9.1902    24.0845   11.89495 8.9670e-01 0.0000e+00
        424 228.629268    0.02937     1.7625    105.750     32.211  49185.702    31.1633     9.1957     31.907    6.58774     9.1883    24.0858   11.89546 8.5939e-01 0.0000e+00
        425 228.629271    0.02944     1.7667    106.000     32.536  49187.491    31.1641     9.1936     32.229    6.58802     9.1864    24.0868   11.89591 8.2389e-01 0.0000e+00
        426 228.629274    0.02951     1.7708    106.250     32.857  49188.851    31.1647     9.1917     32.547    6.58827     9.1845    24.0875   11.89632 7.9011e-01 0.0000e+00
        427 228.629277    0.02958     1.7750    106.500     33.174  49189.764    31.1649     9.1899     32.862    6.58852     9.1824    24.0880   11.89674 7.5813e-01 0.0000e+00
        428 228.629280    0.02965     1.7792    106.750     33.492  49190.352    31.1649     9.1880     33.177    6.58880     9.1800    24.0883   11.89719 7.2749e-01 0.0000e+00
        429 228.629282    0.02972     1.7833    107.000     33.812  49190.962    31.1649     9.1859     33.493    6.58910     9.1773    24.0886   11.89770 6.9773e-01 0.0000e+00
        430 228.629285    0.02979     1.7875    107.250     34.133  49192.084    31.1653     9.1835     33.811    6.58944     9.1745    24.0893   11.89825 6.6929e-01 0.0000e+00
        431 228.629288    0.02986     1.7917    107.500     34.455  49193.861    31.1660     9.1809     34.131    6.58980     9.1718    24.0903   11.89883 6.4254e-01 0.0000e+00
        432 228.629291    0.02993     1.7958    107.750     34.778  49195.891    31.1669     9.1782     34.451    6.59016     9.1689    24.0914   11.89942 6.1704e-01 0.0000e+00
        433 228.629294    0.03000     1.8000    108.000     35.102  49197.780    31.1677     9.1754     34.771    6.59053     9.1657    24.0925   11.90002 5.9247e-01 0.0000e+00
        434 228.629297    0.03007     1.8042    108.250     35.427  49199.385    31.1683     9.1726     35.093    6.59092     9.1616    24.0934   11.90066 5.6873e-01 0.0000e+00
        435 228.629300    0.03014     1.8083    108.500     35.755  49200.670    31.1686     9.1693     35.418    6.59138     9.1563    24.0941   11.90141 5.4568e-01 0.0000e+00
        436 228.629303    0.03021     1.8125    108.750     36.083  49201.937    31.1688     9.1653     35.743    6.59196     9.1495    24.0949   11.90237 5.2348e-01 0.0000e+00
        437 228.629306    0.03028     1.8167    109.000     36.411  49203.914    31.1694     9.1600     36.068    6.59271     9.1412    24.0961   11.90361 5.0224e-01 0.0000e+00
        438 228.629308    0.03035     1.8208    109.250     36.739  49206.970    31.1704     9.1533     36.393    6.59365     9.1312    24.0980   11.90516 4.8198e-01 0.0000e+00
        439 228.629311    0.03042     1.8250    109.500     37.069  49211.179    31.1721     9.1450     36.719    6.59480     9.1201    24.1006   11.90704 4.6264e-01 0.0000e+00
        440 228.629314    0.03049     1.8292    109.750     37.402  49217.264    31.1748     9.1351     37.049    6.59614     9.1086    24.1043   11.90921 4.4412e-01 0.0000e+00
        441 228.629317    0.03056     1.8333    110.000     37.738  49225.904    31.1792     9.1239     37.382    6.59758     9.0977    24.1094   11.91156 4.2634e-01 0.0000e+00
        442 228.629320    0.03062     1.8375    110.250     38.075  49236.259    31.1847     9.1125     37.716    6.59903     9.0879    24.1155   11.91388 4.0934e-01 0.0000e+00
        443 228.629323    0.03069     1.8417    110.500     38.413  49246.428    31.1902     9.1017     38.050    6.60038     9.0789    24.1214   11.91605 3.9296e-01 0.0000e+00
        444 228.629326    0.03076     1.8458    110.750     38.749  49255.047    31.1948     9.0919     38.383    6.60162     9.0700    24.1265   11.91805 3.7703e-01 0.0000e+00
        445 228.629329    0.03083     1.8500    111.000     39.086  49261.526    31.1980     9.0829     38.717    6.60280     9.0602    24.1303   11.91997 3.6180e-01 0.0000e+00
        446 228.629332    0.03090     1.8542    111.250     39.425  49265.745    31.1995     9.0740     39.053    6.60404     9.0489    24.1329   11.92200 3.4732e-01 0.0000e+00
        447 228.629334    0.03097     1.8583    111.500     39.766  49268.548    31.2000     9.0643     39.390    6.60545     9.0361    24.1348   11.92433 3.3356e-01 0.0000e+00
        448 228.629337    0.03104     1.8625    111.750     40.106  49271.876    31.2006     9.0530     39.727    6.60709     9.0228    24.1370   11.92703 3.2063e-01 0.0000e+00
        449 228.629340    0.03111     1.8667    112.000     40.441  49277.509    31.2026     9.0403     40.059    6.60887     9.0101    24.1405   11.92996 3.0863e-01 0.0000e+00
        450 228.629343    0.03118     1.8708    112.250     40.767  49285.618    31.2063     9.0270     40.382    6.61067     8.9990    24.1455   11.93289 2.9749e-01 0.0000e+00
        451 228.629346    0.03125     1.8750    112.500     41.087  49295.222    31.2111     9.0143     40.699    6.61232     8.9901    24.1512   11.93558 2.8693e-01 0.0000e+00
