CTD-processing/allCTD/CNV--turbid/2012_08-03_t9_s04_cast004.cnv
* Sea-Bird SBE19plus Data File:
* FileName = C:\Documents and Settings\kris.holderied.local\My Documents\2012-08-03-CTD-HomerSpit\2012-08-03-KachemakBay-HomerSpit-cast004.hex
* Software Version 1.54
* Temperature SN =  5028
* Conductivity SN =  5028
* System UpLoad Time = Aug 15 2012 01:11:18
** Kachemak Bay Homer Spit CTD Survey Mckeon Flat to Spit
** Date:  2012-08-03
** Station: 9-04
** Start time (AKDT-24 hr): 1550
** Depth (m): 309
** Comment:None
# nquan = 16
# nvalues = 572                         
# units = specified
# name 0 = scan: Scan Count
# name 1 = timeJ: Julian Days
# name 2 = timeH: Time, Elapsed [hours]
# name 3 = timeM: Time, Elapsed [minutes]
# name 4 = timeS: Time, Elapsed [seconds]
# name 5 = prdM: Pressure, Strain Gauge [db]
# name 6 = specc: Specific Conductance [uS/cm]
# name 7 = sal00: Salinity, Practical [PSU]
# name 8 = tv290C: Temperature [ITS-90, deg C]
# name 9 = depSM: Depth [salt water, m], lat = 59.00
# name 10 = oxsolML/L: Oxygen Saturation, Garcia & Gordon [ml/l]
# name 11 = potemp090C: Potential Temperature [ITS-90, deg C]
# name 12 = sigma-é00: Density [sigma-theta, kg/m^3]
# name 13 = n2satML/L: Nitrogen Saturation [ml/l]
# name 14 = par: PAR/Irradiance, Biospherical/Licor [umol photons/m^2/sec]
# name 15 = flag:  0.000e+00
# span 0 =          1,        572       
# span 1 = 216.659387, 216.661039       
# span 2 =    0.00000,    0.03965       
# span 3 =     0.0000,     2.3792       
# span 4 =      0.000,    142.750       
# span 5 =      0.034,     85.527       
# span 6 =   1613.519,  49731.840       
# span 7 =     0.8048,    31.3362       
# span 8 =     7.9053,    10.9578       
# span 9 =      0.034,     84.709       
# span 10 =    6.45810,    7.74790      
# span 11 =     7.8972,    10.9577      
# span 12 =     0.2777,    24.4082      
# span 13 =   11.71496,   14.24093      
# span 14 = 6.3884e-02, 1.0916e+03      
# span 15 = 0.0000e+00, 0.0000e+00      
# interval = seconds: 0.25
# start_time = Aug 03 2012 15:49:31 [Instrument's time stamp, header]
# bad_flag = -9.990e-29
*END*
[from data line 91]
         92 216.659650    0.00632     0.3792     22.750      1.263  44797.977    28.3044    10.9145      1.251    6.46117    10.9117    21.5819   11.72007 5.0463e+02 0.0000e+00
         93 216.659653    0.00639     0.3833     23.000      1.251  44799.155    28.3051    10.9133      1.240    6.46131    10.9107    21.5826   11.72030 5.1883e+02 0.0000e+00
         94 216.659656    0.00646     0.3875     23.250      1.226  44801.032    28.3063    10.9119      1.214    6.46145    10.9104    21.5837   11.72052 5.1348e+02 0.0000e+00
         95 216.659659    0.00653     0.3917     23.500      1.198  44803.301    28.3078    10.9109      1.187    6.46153    10.9107    21.5851   11.72064 4.9200e+02 0.0000e+00
         96 216.659661    0.00660     0.3958     23.750      1.182  44805.696    28.3095    10.9105      1.171    6.46152    10.9116    21.5864   11.72060 4.7543e+02 0.0000e+00
         97 216.659664    0.00667     0.4000     24.000      1.185  44807.554    28.3108    10.9108      1.174    6.46142    10.9129    21.5874   11.72041 4.6870e+02 0.0000e+00
         98 216.659667    0.00674     0.4042     24.250      1.210  44808.021    28.3112    10.9117      1.199    6.46127    10.9140    21.5876   11.72016 4.6952e+02 0.0000e+00
         99 216.659670    0.00681     0.4083     24.500      1.248  44806.846    28.3105    10.9130      1.236    6.46112    10.9146    21.5868   11.71993 4.8210e+02 0.0000e+00
        100 216.659673    0.00688     0.4125     24.750      1.287  44804.428    28.3089    10.9141      1.275    6.46104    10.9144    21.5854   11.71980 5.0630e+02 0.0000e+00
        101 216.659676    0.00694     0.4167     25.000      1.313  44801.792    28.3071    10.9147      1.300    6.46103    10.9135    21.5839   11.71981 5.2405e+02 0.0000e+00
        102 216.659679    0.00701     0.4208     25.250      1.317  44800.262    28.3060    10.9145      1.305    6.46110    10.9122    21.5831   11.71994 5.2730e+02 0.0000e+00
        103 216.659682    0.00708     0.4250     25.500      1.299  44800.220    28.3059    10.9136      1.287    6.46123    10.9111    21.5832   11.72016 5.3543e+02 0.0000e+00
        104 216.659685    0.00715     0.4292     25.750      1.269  44801.046    28.3064    10.9124      1.257    6.46138    10.9103    21.5837   11.72041 5.5507e+02 0.0000e+00
        105 216.659687    0.00722     0.4333     26.000      1.239  44802.143    28.3070    10.9112      1.228    6.46152    10.9099    21.5844   11.72062 5.7052e+02 0.0000e+00
        106 216.659690    0.00729     0.4375     26.250      1.222  44803.221    28.3077    10.9104      1.211    6.46160    10.9101    21.5851   11.72076 5.6100e+02 0.0000e+00
        107 216.659693    0.00736     0.4417     26.500      1.223  44804.091    28.3083    10.9101      1.212    6.46163    10.9107    21.5856   11.72079 5.3588e+02 0.0000e+00
        108 216.659696    0.00743     0.4458     26.750      1.242  44804.654    28.3087    10.9102      1.231    6.46159    10.9113    21.5859   11.72072 5.2464e+02 0.0000e+00
        109 216.659699    0.00750     0.4500     27.000      1.273  44804.688    28.3088    10.9108      1.261    6.46150    10.9117    21.5858   11.72058 5.1512e+02 0.0000e+00
        110 216.659702    0.00757     0.4542     27.250      1.306  44803.966    28.3083    10.9115      1.293    6.46142    10.9116    21.5854   11.72045 4.9157e+02 0.0000e+00
        111 216.659705    0.00764     0.4583     27.500      1.333  44802.855    28.3075    10.9119      1.320    6.46140    10.9110    21.5847   11.72042 4.6975e+02 0.0000e+00
        112 216.659708    0.00771     0.4625     27.750      1.347  44802.186    28.3070    10.9118      1.334    6.46143    10.9098    21.5844   11.72048 4.5203e+02 0.0000e+00
        113 216.659711    0.00778     0.4667     28.000      1.346  44802.475    28.3072    10.9111      1.334    6.46152    10.9085    21.5846   11.72063 4.3562e+02 0.0000e+00
        114 216.659714    0.00785     0.4708     28.250      1.333  44803.492    28.3078    10.9100      1.321    6.46166    10.9073    21.5852   11.72085 4.2967e+02 0.0000e+00
        115 216.659716    0.00792     0.4750     28.500      1.311  44804.583    28.3084    10.9087      1.299    6.46182    10.9064    21.5859   11.72111 4.3426e+02 0.0000e+00
        116 216.659719    0.00799     0.4792     28.750      1.289  44805.357    28.3089    10.9075      1.277    6.46197    10.9057    21.5865   11.72135 4.4608e+02 0.0000e+00
        117 216.659722    0.00806     0.4833     29.000      1.272  44805.859    28.3091    10.9066      1.261    6.46209    10.9054    21.5868   11.72154 4.6270e+02 0.0000e+00
        118 216.659725    0.00813     0.4875     29.250      1.268  44806.325    28.3094    10.9059      1.257    6.46217    10.9054    21.5871   11.72167 4.8375e+02 0.0000e+00
        119 216.659728    0.00819     0.4917     29.500      1.279  44806.856    28.3097    10.9056      1.267    6.46220    10.9057    21.5874   11.72172 4.9853e+02 0.0000e+00
        120 216.659731    0.00826     0.4958     29.750      1.302  44807.262    28.3100    10.9056      1.289    6.46219    10.9061    21.5876   11.72170 4.9315e+02 0.0000e+00
        121 216.659734    0.00833     0.5000     30.000      1.330  44807.313    28.3100    10.9058      1.317    6.46215    10.9063    21.5876   11.72164 4.8759e+02 0.0000e+00
        122 216.659737    0.00840     0.5042     30.250      1.354  44807.006    28.3098    10.9062      1.341    6.46211    10.9061    21.5874   11.72157 4.8916e+02 0.0000e+00
        123 216.659740    0.00847     0.5083     30.500      1.366  44806.864    28.3097    10.9064      1.353    6.46208    10.9056    21.5873   11.72152 4.8375e+02 0.0000e+00
        124 216.659742    0.00854     0.5125     30.750      1.362  44807.440    28.3101    10.9063      1.349    6.46208    10.9049    21.5876   11.72152 4.7975e+02 0.0000e+00
        125 216.659745    0.00861     0.5167     31.000      1.344  44808.437    28.3108    10.9058      1.331    6.46212    10.9043    21.5882   11.72158 4.8047e+02 0.0000e+00
        126 216.659748    0.00868     0.5208     31.250      1.320  44809.138    28.3112    10.9051      1.308    6.46220    10.9038    21.5887   11.72171 4.7595e+02 0.0000e+00
        127 216.659751    0.00875     0.5250     31.500      1.301  44809.259    28.3113    10.9044      1.289    6.46229    10.9036    21.5888   11.72186 4.6386e+02 0.0000e+00
        128 216.659754    0.00882     0.5292     31.750      1.293  44809.112    28.3111    10.9039      1.281    6.46237    10.9036    21.5888   11.72198 4.4933e+02 0.0000e+00
        129 216.659757    0.00889     0.5333     32.000      1.299  44809.020    28.3110    10.9037      1.286    6.46240    10.9038    21.5888   11.72204 4.4021e+02 0.0000e+00
        130 216.659760    0.00896     0.5375     32.250      1.314  44808.891    28.3109    10.9038      1.301    6.46240    10.9041    21.5887   11.72204 4.4801e+02 0.0000e+00
        131 216.659763    0.00903     0.5417     32.500      1.331  44808.571    28.3107    10.9040      1.319    6.46238    10.9041    21.5885   11.72201 4.6464e+02 0.0000e+00
        132 216.659766    0.00910     0.5458     32.750      1.343  44808.230    28.3105    10.9042      1.331    6.46236    10.9038    21.5883   11.72197 4.7344e+02 0.0000e+00
        133 216.659769    0.00917     0.5500     33.000      1.346  44808.310    28.3106    10.9042      1.334    6.46235    10.9032    21.5883   11.72196 4.8318e+02 0.0000e+00
        134 216.659771    0.00924     0.5542     33.250      1.341  44808.938    28.3110    10.9039      1.328    6.46237    10.9025    21.5887   11.72199 4.9753e+02 0.0000e+00
        135 216.659774    0.00931     0.5583     33.500      1.332  44809.709    28.3115    10.9033      1.319    6.46244    10.9017    21.5892   11.72209 5.0399e+02 0.0000e+00
        136 216.659777    0.00937     0.5625     33.750      1.324  44810.170    28.3117    10.9026      1.312    6.46254    10.9009    21.5895   11.72225 5.0081e+02 0.0000e+00
        137 216.659780    0.00944     0.5667     34.000      1.323  44810.268    28.3117    10.9018      1.311    6.46265    10.9003    21.5896   11.72244 4.9027e+02 0.0000e+00
        138 216.659783    0.00951     0.5708     34.250      1.328  44810.362    28.3117    10.9011      1.316    6.46275    10.8997    21.5897   11.72261 4.7191e+02 0.0000e+00
        139 216.659786    0.00958     0.5750     34.500      1.337  44810.803    28.3119    10.9004      1.325    6.46283    10.8992    21.5900   11.72274 4.5896e+02 0.0000e+00
        140 216.659789    0.00965     0.5792     34.750      1.348  44811.726    28.3125    10.8999      1.335    6.46288    10.8987    21.5906   11.72282 4.5201e+02 0.0000e+00
        141 216.659792    0.00972     0.5833     35.000      1.357  44813.121    28.3135    10.8994      1.345    6.46291    10.8982    21.5914   11.72286 4.4009e+02 0.0000e+00
        142 216.659795    0.00979     0.5875     35.250      1.364  44814.872    28.3146    10.8989      1.351    6.46293    10.8978    21.5924   11.72288 4.3066e+02 0.0000e+00
        143 216.659797    0.00986     0.5917     35.500      1.365  44816.784    28.3159    10.8984      1.352    6.46295    10.8975    21.5935   11.72289 4.2709e+02 0.0000e+00
        144 216.659800    0.00993     0.5958     35.750      1.361  44818.542    28.3171    10.8980      1.348    6.46296    10.8973    21.5944   11.72290 4.2290e+02 0.0000e+00
        145 216.659803    0.01000     0.6000     36.000      1.352  44819.773    28.3179    10.8976      1.339    6.46298    10.8974    21.5951   11.72291 4.1716e+02 0.0000e+00
        146 216.659806    0.01007     0.6042     36.250      1.341  44820.328    28.3183    10.8975      1.328    6.46298    10.8975    21.5955   11.72292 4.0968e+02 0.0000e+00
        147 216.659809    0.01014     0.6083     36.500      1.331  44820.291    28.3183    10.8976      1.319    6.46297    10.8977    21.5954   11.72290 4.0268e+02 0.0000e+00
        148 216.659812    0.01021     0.6125     36.750      1.326  44819.811    28.3180    10.8977      1.314    6.46296    10.8978    21.5951   11.72289 3.9756e+02 0.0000e+00
        149 216.659815    0.01028     0.6167     37.000      1.326  44819.141    28.3175    10.8978      1.314    6.46296    10.8978    21.5948   11.72289 3.9043e+02 0.0000e+00
        150 216.659818    0.01035     0.6208     37.250      1.330  44818.684    28.3172    10.8979      1.318    6.46296    10.8976    21.5945   11.72289 3.8863e+02 0.0000e+00
        151 216.659821    0.01042     0.6250     37.500      1.336  44818.784    28.3172    10.8979      1.324    6.46296    10.8972    21.5946   11.72289 3.9630e+02 0.0000e+00
        152 216.659823    0.01049     0.6292     37.750      1.341  44819.498    28.3177    10.8977      1.329    6.46297    10.8965    21.5950   11.72289 4.0356e+02 0.0000e+00
        153 216.659826    0.01056     0.6333     38.000      1.344  44820.716    28.3185    10.8973      1.332    6.46300    10.8958    21.5957   11.72294 4.1117e+02 0.0000e+00
        154 216.659829    0.01063     0.6375     38.250      1.344  44822.114    28.3194    10.8966      1.332    6.46306    10.8952    21.5965   11.72303 4.1871e+02 0.0000e+00
        155 216.659832    0.01069     0.6417     38.500      1.346  44823.051    28.3200    10.8959      1.333    6.46313    10.8948    21.5971   11.72315 4.1631e+02 0.0000e+00
        156 216.659835    0.01076     0.6458     38.750      1.351  44823.266    28.3201    10.8953      1.338    6.46321    10.8948    21.5973   11.72328 4.0786e+02 0.0000e+00
        157 216.659838    0.01083     0.6500     39.000      1.361  44823.316    28.3201    10.8949      1.349    6.46326    10.8952    21.5973   11.72336 4.0006e+02 0.0000e+00
        158 216.659841    0.01090     0.6542     39.250      1.374  44824.232    28.3207    10.8950      1.362    6.46323    10.8961    21.5978   11.72331 3.9609e+02 0.0000e+00
        159 216.659844    0.01097     0.6583     39.500      1.384  44826.722    28.3225    10.8954      1.372    6.46310    10.8977    21.5991   11.72306 3.9749e+02 0.0000e+00
        160 216.659847    0.01104     0.6625     39.750      1.388  44830.068    28.3250    10.8963      1.375    6.46287    10.9003    21.6008   11.72266 3.9321e+02 0.0000e+00
        161 216.659850    0.01111     0.6667     40.000      1.383  44832.397    28.3268    10.8979      1.370    6.46257    10.9036    21.6020   11.72213 3.8033e+02 0.0000e+00
        162 216.659852    0.01118     0.6708     40.250      1.372  44832.214    28.3269    10.9005      1.359    6.46220    10.9067    21.6017   11.72152 3.7633e+02 0.0000e+00
        163 216.659855    0.01125     0.6750     40.500      1.357  44829.343    28.3253    10.9038      1.345    6.46181    10.9088    21.5998   11.72089 3.8860e+02 0.0000e+00
        164 216.659858    0.01132     0.6792     40.750      1.344  44824.704    28.3223    10.9068      1.332    6.46151    10.9100    21.5970   11.72042 4.0492e+02 0.0000e+00
        165 216.659861    0.01139     0.6833     41.000      1.337  44819.291    28.3187    10.9090      1.324    6.46136    10.9107    21.5939   11.72021 4.1895e+02 0.0000e+00
        166 216.659864    0.01146     0.6875     41.250      1.337  44814.205    28.3153    10.9102      1.325    6.46133    10.9110    21.5910   11.72020 4.3935e+02 0.0000e+00
        167 216.659867    0.01153     0.6917     41.500      1.347  44810.871    28.3130    10.9108      1.334    6.46133    10.9110    21.5891   11.72023 4.5435e+02 0.0000e+00
        168 216.659870    0.01160     0.6958     41.750      1.362  44810.039    28.3125    10.9111      1.349    6.46130    10.9109    21.5887   11.72020 4.4395e+02 0.0000e+00
        169 216.659873    0.01167     0.7000     42.000      1.378  44811.603    28.3136    10.9112      1.365    6.46126    10.9108    21.5895   11.72011 4.2766e+02 0.0000e+00
        170 216.659876    0.01174     0.7042     42.250      1.387  44815.411    28.3163    10.9110      1.375    6.46117    10.9113    21.5916   11.71994 4.2088e+02 0.0000e+00
        171 216.659878    0.01181     0.7083     42.500      1.388  44820.664    28.3199    10.9110      1.375    6.46103    10.9128    21.5944   11.71965 4.1429e+02 0.0000e+00
        172 216.659881    0.01188     0.7125     42.750      1.379  44824.712    28.3228    10.9115      1.366    6.46084    10.9151    21.5966   11.71930 4.0733e+02 0.0000e+00
        173 216.659884    0.01194     0.7167     43.000      1.365  44824.650    28.3229    10.9130      1.353    6.46063    10.9173    21.5965   11.71895 4.0637e+02 0.0000e+00
        174 216.659887    0.01201     0.7208     43.250      1.354  44820.300    28.3201    10.9152      1.342    6.46042    10.9184    21.5939   11.71864 4.1026e+02 0.0000e+00
        175 216.659890    0.01208     0.7250     43.500      1.350  44814.671    28.3164    10.9174      1.338    6.46027    10.9185    21.5907   11.71844 4.1323e+02 0.0000e+00
        176 216.659893    0.01215     0.7292     43.750      1.355  44811.193    28.3141    10.9186      1.343    6.46020    10.9179    21.5887   11.71835 4.1047e+02 0.0000e+00
        177 216.659896    0.01222     0.7333     44.000      1.366  44811.065    28.3140    10.9187      1.353    6.46019    10.9172    21.5886   11.71834 4.0112e+02 0.0000e+00
        178 216.659899    0.01229     0.7375     44.250      1.374  44813.628    28.3157    10.9181      1.361    6.46020    10.9171    21.5900   11.71834 3.9484e+02 0.0000e+00
        179 216.659902    0.01236     0.7417     44.500      1.376  44817.474    28.3183    10.9174      1.364    6.46019    10.9180    21.5922   11.71828 3.9595e+02 0.0000e+00
        180 216.659905    0.01243     0.7458     44.750      1.372  44820.477    28.3204    10.9173      1.359    6.46012    10.9198    21.5938   11.71813 3.9960e+02 0.0000e+00
