CTD-processing/allCTD/CNV--turbid/2012_04-10_t9_s05_cast289.cnv
* Sea-Bird SBE19plus Data File:
* FileName = C:\Documents and Settings\glenn.seaman\My Documents\KHolderied-files\CTD-DATA-FILES\2011-KBay-CTD\2012-04-10-HomerSpit-CTD\2012-04-10-HomerSpit-cast289.hex
* Software Version 1.59
* Temperature SN =  5028
* Conductivity SN =  5028
* System UpLoad Time = Apr 29 2012 20:53:13
** Cruise: Homer Spit Transect
** Date: 2012-04-10
** Station: 05
** Start time (AKDT): 1833
** Depth (feet): 328
# nquan = 16
# nvalues = 614                         
# units = specified
# name 0 = scan: Scan Count
# name 1 = timeJ: Julian Days
# name 2 = timeH: Time, Elapsed [hours]
# name 3 = timeM: Time, Elapsed [minutes]
# name 4 = timeS: Time, Elapsed [seconds]
# name 5 = prdM: Pressure, Strain Gauge [db]
# name 6 = specc: Specific Conductance [uS/cm]
# name 7 = sal00: Salinity, Practical [PSU]
# name 8 = tv290C: Temperature [ITS-90, deg C]
# name 9 = depSM: Depth [salt water, m], lat = 59.00
# name 10 = oxsolML/L: Oxygen Saturation, Garcia & Gordon [ml/l]
# name 11 = potemp090C: Potential Temperature [ITS-90, deg C]
# name 12 = sigma-é00: Density [sigma-theta, kg/m^3]
# name 13 = n2satML/L: Nitrogen Saturation [ml/l]
# name 14 = par: PAR/Irradiance, Biospherical/Licor [umol photons/m^2/sec]
# name 15 = flag:  0.000e+00
# span 0 =          1,        614       
# span 1 = 102.107257, 102.109031       
# span 2 =    0.00000,    0.04257       
# span 3 =     0.0000,     2.5542       
# span 4 =      0.000,    153.250       
# span 5 =     -0.084,     89.610       
# span 6 =   2164.666,  51980.647       
# span 7 =     1.1223,    31.8221       
# span 8 =     2.9008,     3.3914       
# span 9 =     -0.083,     88.753       
# span 10 =    7.57112,    9.26447      
# span 11 =     2.8962,     3.3771      
# span 12 =     0.8735,    25.3575      
# span 13 =   13.51340,   16.78774      
# span 14 = 3.7490e-02, 8.7535e+02      
# span 15 = 0.0000e+00, 0.0000e+00      
# interval = seconds: 0.25
# start_time = Apr 11 2012 02:34:27 [Instrument's time stamp, header]
# bad_flag = -9.990e-29
*END*
[from data line 272]
        273 102.108044    0.01889     1.1333     68.000      0.918  51518.621    31.5975     3.0583      0.909    7.58692     3.0554    25.1649   13.54107 2.7265e+02 0.0000e+00
        274 102.108047    0.01896     1.1375     68.250      0.935  51520.351    31.5982     3.0568      0.927    7.58716     3.0548    25.1657   13.54147 2.7911e+02 0.0000e+00
        275 102.108050    0.01903     1.1417     68.500      0.943  51522.941    31.5996     3.0555      0.934    7.58733     3.0548    25.1669   13.54174 2.9402e+02 0.0000e+00
        276 102.108053    0.01910     1.1458     68.750      0.939  51525.028    31.6009     3.0548      0.930    7.58739     3.0554    25.1679   13.54182 3.2483e+02 0.0000e+00
        277 102.108056    0.01917     1.1500     69.000      0.925  51526.491    31.6019     3.0548      0.917    7.58734     3.0565    25.1687   13.54172 3.5939e+02 0.0000e+00
        278 102.108058    0.01924     1.1542     69.250      0.908  51527.396    31.6027     3.0554      0.900    7.58718     3.0580    25.1693   13.54145 3.6608e+02 0.0000e+00
        279 102.108061    0.01931     1.1583     69.500      0.895  51527.559    31.6031     3.0566      0.886    7.58695     3.0596    25.1696   13.54106 3.4873e+02 0.0000e+00
        280 102.108064    0.01938     1.1625     69.750      0.889  51526.888    31.6030     3.0581      0.881    7.58667     3.0611    25.1694   13.54060 3.3114e+02 0.0000e+00
        281 102.108067    0.01944     1.1667     70.000      0.892  51525.432    31.6025     3.0597      0.884    7.58639     3.0621    25.1688   13.54016 3.1631e+02 0.0000e+00
        282 102.108070    0.01951     1.1708     70.250      0.902  51523.385    31.6015     3.0611      0.893    7.58617     3.0627    25.1679   13.53981 3.0122e+02 0.0000e+00
        283 102.108073    0.01958     1.1750     70.500      0.914  51521.292    31.6003     3.0622      0.905    7.58604     3.0628    25.1669   13.53959 2.9204e+02 0.0000e+00
        284 102.108076    0.01965     1.1792     70.750      0.923  51519.739    31.5994     3.0627      0.915    7.58598     3.0627    25.1661   13.53951 2.9443e+02 0.0000e+00
        285 102.108079    0.01972     1.1833     71.000      0.928  51518.928    31.5989     3.0629      0.920    7.58598     3.0625    25.1657   13.53952 2.9702e+02 0.0000e+00
        286 102.108082    0.01979     1.1875     71.250      0.928  51518.770    31.5988     3.0628      0.919    7.58601     3.0623    25.1656   13.53956 2.9061e+02 0.0000e+00
        287 102.108084    0.01986     1.1917     71.500      0.924  51518.917    31.5988     3.0626      0.915    7.58604     3.0619    25.1656   13.53962 2.8148e+02 0.0000e+00
        288 102.108087    0.01993     1.1958     71.750      0.920  51518.937    31.5988     3.0623      0.911    7.58609     3.0613    25.1656   13.53971 2.7043e+02 0.0000e+00
        289 102.108090    0.02000     1.2000     72.000      0.918  51518.666    31.5985     3.0619      0.909    7.58618     3.0605    25.1654   13.53985 2.6171e+02 0.0000e+00
        290 102.108093    0.02007     1.2042     72.250      0.918  51518.287    31.5980     3.0614      0.909    7.58631     3.0594    25.1651   13.54007 2.6389e+02 0.0000e+00
        291 102.108096    0.02014     1.2083     72.500      0.919  51518.235    31.5978     3.0605      0.911    7.58648     3.0582    25.1650   13.54036 2.7933e+02 0.0000e+00
        292 102.108099    0.02021     1.2125     72.750      0.921  51518.681    31.5978     3.0594      0.912    7.58668     3.0570    25.1651   13.54069 2.9551e+02 0.0000e+00
        293 102.108102    0.02028     1.2167     73.000      0.922  51519.250    31.5979     3.0583      0.913    7.58690     3.0558    25.1653   13.54104 3.0318e+02 0.0000e+00
        294 102.108105    0.02035     1.2208     73.250      0.922  51519.666    31.5979     3.0571      0.913    7.58712     3.0545    25.1653   13.54141 3.2062e+02 0.0000e+00
        295 102.108108    0.02042     1.2250     73.500      0.922  51520.272    31.5980     3.0558      0.913    7.58735     3.0533    25.1655   13.54179 3.4894e+02 0.0000e+00
        296 102.108111    0.02049     1.2292     73.750      0.921  51521.447    31.5984     3.0545      0.912    7.58757     3.0525    25.1660   13.54215 3.5478e+02 0.0000e+00
        297 102.108113    0.02056     1.2333     74.000      0.920  51523.040    31.5992     3.0534      0.911    7.58775     3.0520    25.1667   13.54244 3.3103e+02 0.0000e+00
        298 102.108116    0.02063     1.2375     74.250      0.918  51524.747    31.6001     3.0525      0.909    7.58786     3.0520    25.1675   13.54261 3.1048e+02 0.0000e+00
        299 102.108119    0.02069     1.2417     74.500      0.915  51526.302    31.6011     3.0520      0.906    7.58790     3.0524    25.1683   13.54266 3.0772e+02 0.0000e+00
        300 102.108122    0.02076     1.2458     74.750      0.912  51527.413    31.6018     3.0520      0.903    7.58787     3.0532    25.1689   13.54259 3.1521e+02 0.0000e+00
        301 102.108125    0.02083     1.2500     75.000      0.908  51527.993    31.6023     3.0525      0.899    7.58777     3.0542    25.1693   13.54241 3.3869e+02 0.0000e+00
        302 102.108128    0.02090     1.2542     75.250      0.905  51528.134    31.6026     3.0532      0.896    7.58761     3.0554    25.1694   13.54215 3.7009e+02 0.0000e+00
        303 102.108131    0.02097     1.2583     75.500      0.904  51527.884    31.6027     3.0543      0.895    7.58741     3.0568    25.1694   13.54182 3.9548e+02 0.0000e+00
        304 102.108134    0.02104     1.2625     75.750      0.906  51527.462    31.6027     3.0555      0.897    7.58718     3.0583    25.1693   13.54144 4.0139e+02 0.0000e+00
        305 102.108137    0.02111     1.2667     76.000      0.911  51527.181    31.6029     3.0569      0.903    7.58691     3.0600    25.1694   13.54100 3.6717e+02 0.0000e+00
        306 102.108139    0.02118     1.2708     76.250      0.919  51526.736    31.6030     3.0584      0.911    7.58662     3.0617    25.1693   13.54051 3.2389e+02 0.0000e+00
        307 102.108142    0.02125     1.2750     76.500      0.927  51525.556    31.6026     3.0601      0.919    7.58632     3.0630    25.1689   13.54001 3.0453e+02 0.0000e+00
        308 102.108145    0.02132     1.2792     76.750      0.932  51523.718    31.6018     3.0617      0.924    7.58605     3.0638    25.1681   13.53959 3.0488e+02 0.0000e+00
        309 102.108148    0.02139     1.2833     77.000      0.931  51521.797    31.6008     3.0630      0.922    7.58585     3.0642    25.1672   13.53928 3.2219e+02 0.0000e+00
        310 102.108151    0.02146     1.2875     77.250      0.923  51520.200    31.6000     3.0638      0.914    7.58574     3.0642    25.1665   13.53911 3.4598e+02 0.0000e+00
        311 102.108154    0.02153     1.2917     77.500      0.910  51519.024    31.5993     3.0642      0.902    7.58571     3.0639    25.1659   13.53906 3.5500e+02 0.0000e+00
        312 102.108157    0.02160     1.2958     77.750      0.898  51518.419    31.5989     3.0642      0.889    7.58573     3.0636    25.1656   13.53910 3.4952e+02 0.0000e+00
        313 102.108160    0.02167     1.3000     78.000      0.890  51518.519    31.5989     3.0640      0.881    7.58577     3.0635    25.1656   13.53917 3.4314e+02 0.0000e+00
        314 102.108163    0.02174     1.3042     78.250      0.889  51519.107    31.5992     3.0637      0.880    7.58581     3.0635    25.1659   13.53923 3.3248e+02 0.0000e+00
        315 102.108166    0.02181     1.3083     78.500      0.895  51519.657    31.5996     3.0635      0.886    7.58582     3.0635    25.1662   13.53924 3.1497e+02 0.0000e+00
        316 102.108168    0.02187     1.3125     78.750      0.906  51519.674    31.5996     3.0636      0.897    7.58582     3.0634    25.1662   13.53924 2.9238e+02 0.0000e+00
        317 102.108171    0.02194     1.3167     79.000      0.918  51519.114    31.5992     3.0636      0.909    7.58583     3.0631    25.1659   13.53926 2.7471e+02 0.0000e+00
        318 102.108174    0.02201     1.3208     79.250      0.928  51518.665    31.5988     3.0635      0.919    7.58587     3.0628    25.1656   13.53933 2.6691e+02 0.0000e+00
        319 102.108177    0.02208     1.3250     79.500      0.933  51518.999    31.5990     3.0632      0.924    7.58592     3.0627    25.1657   13.53941 2.6293e+02 0.0000e+00
        320 102.108180    0.02215     1.3292     79.750      0.933  51519.813    31.5994     3.0629      0.924    7.58595     3.0628    25.1661   13.53946 2.5954e+02 0.0000e+00
        321 102.108183    0.02222     1.3333     80.000      0.927  51520.516    31.5999     3.0627      0.918    7.58595     3.0630    25.1665   13.53946 2.5342e+02 0.0000e+00
        322 102.108186    0.02229     1.3375     80.250      0.916  51520.790    31.6001     3.0628      0.907    7.58592     3.0633    25.1667   13.53940 2.4717e+02 0.0000e+00
        323 102.108189    0.02236     1.3417     80.500      0.903  51520.486    31.6000     3.0631      0.895    7.58587     3.0634    25.1666   13.53933 2.4831e+02 0.0000e+00
        324 102.108192    0.02243     1.3458     80.750      0.893  51519.749    31.5996     3.0633      0.885    7.58585     3.0632    25.1662   13.53929 2.6196e+02 0.0000e+00
        325 102.108194    0.02250     1.3500     81.000      0.888  51518.874    31.5990     3.0634      0.880    7.58586     3.0626    25.1657   13.53932 2.7868e+02 0.0000e+00
        326 102.108197    0.02257     1.3542     81.250      0.890  51518.181    31.5985     3.0632      0.882    7.58593     3.0619    25.1653   13.53944 2.8526e+02 0.0000e+00
        327 102.108200    0.02264     1.3583     81.500      0.898  51518.018    31.5982     3.0627      0.889    7.58605     3.0612    25.1652   13.53963 2.8201e+02 0.0000e+00
        328 102.108203    0.02271     1.3625     81.750      0.908  51518.634    31.5985     3.0619      0.899    7.58618     3.0607    25.1654   13.53985 2.7575e+02 0.0000e+00
        329 102.108206    0.02278     1.3667     82.000      0.917  51519.738    31.5990     3.0612      0.908    7.58629     3.0604    25.1659   13.54002 2.7707e+02 0.0000e+00
        330 102.108209    0.02285     1.3708     82.250      0.922  51520.729    31.5995     3.0607      0.913    7.58635     3.0604    25.1664   13.54012 2.8925e+02 0.0000e+00
        331 102.108212    0.02292     1.3750     82.500      0.921  51521.394    31.5999     3.0605      0.912    7.58638     3.0605    25.1667   13.54015 3.0668e+02 0.0000e+00
        332 102.108215    0.02299     1.3792     82.750      0.914  51521.686    31.6001     3.0605      0.906    7.58637     3.0606    25.1669   13.54014 3.3221e+02 0.0000e+00
        333 102.108218    0.02306     1.3833     83.000      0.904  51521.620    31.6001     3.0606      0.896    7.58635     3.0606    25.1668   13.54011 3.5756e+02 0.0000e+00
        334 102.108220    0.02313     1.3875     83.250      0.895  51521.270    31.5999     3.0607      0.887    7.58634     3.0604    25.1667   13.54010 3.6823e+02 0.0000e+00
        335 102.108223    0.02319     1.3917     83.500      0.890  51520.553    31.5994     3.0607      0.882    7.58637     3.0597    25.1663   13.54014 3.6106e+02 0.0000e+00
        336 102.108226    0.02326     1.3958     83.750      0.891  51519.557    31.5987     3.0604      0.882    7.58645     3.0587    25.1657   13.54029 3.3551e+02 0.0000e+00
        337 102.108229    0.02333     1.4000     84.000      0.895  51518.834    31.5980     3.0598      0.886    7.58660     3.0576    25.1652   13.54055 3.1277e+02 0.0000e+00
        338 102.108232    0.02340     1.4042     84.250      0.901  51519.198    31.5980     3.0588      0.892    7.58679     3.0567    25.1653   13.54087 3.0913e+02 0.0000e+00
        339 102.108235    0.02347     1.4083     84.500      0.905  51520.749    31.5987     3.0577      0.897    7.58697     3.0562    25.1660   13.54115 3.1983e+02 0.0000e+00
        340 102.108238    0.02354     1.4125     84.750      0.907  51522.520    31.5997     3.0568      0.899    7.58709     3.0561    25.1668   13.54134 3.3256e+02 0.0000e+00
        341 102.108241    0.02361     1.4167     85.000      0.905  51523.717    31.6004     3.0563      0.896    7.58715     3.0562    25.1674   13.54142 3.3709e+02 0.0000e+00
        342 102.108244    0.02368     1.4208     85.250      0.900  51524.274    31.6007     3.0562      0.892    7.58715     3.0564    25.1677   13.54142 3.4133e+02 0.0000e+00
        343 102.108247    0.02375     1.4250     85.500      0.896  51524.335    31.6008     3.0563      0.887    7.58713     3.0566    25.1678   13.54138 3.5183e+02 0.0000e+00
        344 102.108249    0.02382     1.4292     85.750      0.892  51524.034    31.6007     3.0565      0.884    7.58709     3.0567    25.1676   13.54133 3.6256e+02 0.0000e+00
        345 102.108252    0.02389     1.4333     86.000      0.891  51523.570    31.6004     3.0567      0.883    7.58707     3.0567    25.1674   13.54129 3.6555e+02 0.0000e+00
        346 102.108255    0.02396     1.4375     86.250      0.893  51523.060    31.6001     3.0568      0.885    7.58707     3.0564    25.1671   13.54129 3.5975e+02 0.0000e+00
        347 102.108258    0.02403     1.4417     86.500      0.896  51522.635    31.5998     3.0567      0.888    7.58710     3.0560    25.1669   13.54134 3.4756e+02 0.0000e+00
        348 102.108261    0.02410     1.4458     86.750      0.900  51522.529    31.5996     3.0565      0.891    7.58715     3.0557    25.1668   13.54144 3.4550e+02 0.0000e+00
        349 102.108264    0.02417     1.4500     87.000      0.902  51522.883    31.5997     3.0561      0.893    7.58722     3.0556    25.1670   13.54154 3.4740e+02 0.0000e+00
        350 102.108267    0.02424     1.4542     87.250      0.902  51523.467    31.6001     3.0557      0.893    7.58726     3.0555    25.1672   13.54161 3.2844e+02 0.0000e+00
        351 102.108270    0.02431     1.4583     87.500      0.900  51523.607    31.6001     3.0556      0.891    7.58729     3.0553    25.1673   13.54165 3.0495e+02 0.0000e+00
        352 102.108273    0.02438     1.4625     87.750      0.897  51523.324    31.5999     3.0555      0.888    7.58731     3.0551    25.1671   13.54170 2.9299e+02 0.0000e+00
        353 102.108275    0.02444     1.4667     88.000      0.893  51523.362    31.5999     3.0553      0.884    7.58735     3.0550    25.1671   13.54175 2.8851e+02 0.0000e+00
        354 102.108278    0.02451     1.4708     88.250      0.888  51523.783    31.6001     3.0551      0.879    7.58738     3.0550    25.1673   13.54179 2.9284e+02 0.0000e+00
        355 102.108281    0.02458     1.4750     88.500      0.882  51524.219    31.6004     3.0550      0.874    7.58739     3.0551    25.1675   13.54181 3.0481e+02 0.0000e+00
        356 102.108284    0.02465     1.4792     88.750      0.877  51524.598    31.6007     3.0550      0.869    7.58737     3.0554    25.1678   13.54178 3.1969e+02 0.0000e+00
        357 102.108287    0.02472     1.4833     89.000      0.873  51524.873    31.6009     3.0552      0.865    7.58733     3.0558    25.1679   13.54171 3.2785e+02 0.0000e+00
        358 102.108290    0.02479     1.4875     89.250      0.873  51525.072    31.6011     3.0555      0.865    7.58726     3.0565    25.1681   13.54159 3.2212e+02 0.0000e+00
        359 102.108293    0.02486     1.4917     89.500      0.878  51525.593    31.6016     3.0559      0.870    7.58716     3.0576    25.1684   13.54141 3.1530e+02 0.0000e+00
        360 102.108296    0.02493     1.4958     89.750      0.888  51526.607    31.6024     3.0566      0.880    7.58699     3.0592    25.1690   13.54113 3.0861e+02 0.0000e+00
        361 102.108299    0.02500     1.5000     90.000      0.900  51527.484    31.6033     3.0577      0.892    7.58674     3.0610    25.1696   13.54071 2.9046e+02 0.0000e+00
