CTD-processing/allCTD/CNV--turbid/2012_05-31a_t4_s03a_cast074.cnv
* Sea-Bird SBE19plus Data File:
* FileName = C:\Documents and Settings\glenn.seaman\My Documents\KHolderied-files\CTD-DATA-FILES\2012-05-LTM-LowerCookInlet-CTD\Transect4-2012-05-31-Barabara\2012-05-31-Tran4-Barabara-cast074.hex
* Software Version 1.59
* Temperature SN =  5028
* Conductivity SN =  5028
* System UpLoad Time = May 31 2012 15:16:31
** LTM Transect4- Barabara to Bluff Pt
** Date: 2012-05-31
** Station:4-03a
** Start time (AKDT-24hr):1132
** Depth (ft):373
** Surface and bottom water samples for OA
# nquan = 16
# nvalues = 817                         
# units = specified
# name 0 = scan: Scan Count
# name 1 = timeJ: Julian Days
# name 2 = timeH: Time, Elapsed [hours]
# name 3 = timeM: Time, Elapsed [minutes]
# name 4 = timeS: Time, Elapsed [seconds]
# name 5 = prdM: Pressure, Strain Gauge [db]
# name 6 = specc: Specific Conductance [uS/cm]
# name 7 = sal00: Salinity, Practical [PSU]
# name 8 = tv290C: Temperature [ITS-90, deg C]
# name 9 = depSM: Depth [salt water, m], lat = 59.00
# name 10 = oxsolML/L: Oxygen Saturation, Garcia & Gordon [ml/l]
# name 11 = potemp090C: Potential Temperature [ITS-90, deg C]
# name 12 = sigma-é00: Density [sigma-theta, kg/m^3]
# name 13 = n2satML/L: Nitrogen Saturation [ml/l]
# name 14 = par: PAR/Irradiance, Biospherical/Licor [umol photons/m^2/sec]
# name 15 = flag:  0.000e+00
# span 0 =          1,        817       
# span 1 = 152.480347, 152.482708       
# span 2 =    0.00000,    0.05667       
# span 3 =     0.0000,     3.4000       
# span 4 =      0.000,    204.000       
# span 5 =     -0.180,    109.225       
# span 6 =    116.516,  51310.393       
# span 7 =     0.0533,    31.7710       
# span 8 =     4.5583,     6.3580       
# span 9 =     -0.179,    108.175       
# span 10 =    7.01052,    8.69332      
# span 11 =     4.5521,     6.3579      
# span 12 =    -0.0165,    25.1630      
# span 13 =   12.59014,   15.84624      
# span 14 = 3.9188e-02, 2.8628e+02      
# span 15 = 0.0000e+00, 0.0000e+00      
# interval = seconds: 0.25
# start_time = May 31 2012 11:31:42 [Instrument's time stamp, header]
# bad_flag = -9.990e-29
*END*
[from data line 724]
        725 152.482442    0.05028     3.0167    181.000     87.839  51294.376    31.7696     4.5657     87.000    7.30365     4.5581    25.1615   13.07136 4.0317e-02 0.0000e+00
        726 152.482445    0.05035     3.0208    181.250     88.077  51294.525    31.7694     4.5649     87.236    7.30380     4.5572    25.1614   13.07160 4.0280e-02 0.0000e+00
        727 152.482448    0.05042     3.0250    181.500     88.314  51294.359    31.7690     4.5641     87.470    7.30395     4.5561    25.1612   13.07186 4.0244e-02 0.0000e+00
        728 152.482451    0.05049     3.0292    181.750     88.548  51294.393    31.7687     4.5632     87.702    7.30413     4.5551    25.1611   13.07215 4.0210e-02 0.0000e+00
        729 152.482454    0.05056     3.0333    182.000     88.776  51294.796    31.7687     4.5622     87.928    7.30431     4.5541    25.1611   13.07246 4.0181e-02 0.0000e+00
        730 152.482457    0.05063     3.0375    182.250     88.996  51295.556    31.7689     4.5612     88.145    7.30449     4.5533    25.1614   13.07274 4.0155e-02 0.0000e+00
        731 152.482459    0.05069     3.0417    182.500     89.210  51296.541    31.7692     4.5602     88.357    7.30464     4.5527    25.1617   13.07299 4.0131e-02 0.0000e+00
        732 152.482462    0.05076     3.0458    182.750     89.422  51297.533    31.7696     4.5594     88.566    7.30476     4.5524    25.1621   13.07318 4.0106e-02 0.0000e+00
        733 152.482465    0.05083     3.0500    183.000     89.640  51298.361    31.7699     4.5589     88.782    7.30484     4.5522    25.1625   13.07332 4.0080e-02 0.0000e+00
        734 152.482468    0.05090     3.0542    183.250     89.870  51299.022    31.7701     4.5585     89.010    7.30489     4.5521    25.1627   13.07340 4.0052e-02 0.0000e+00
        735 152.482471    0.05097     3.0583    183.500     90.115  51299.547    31.7703     4.5583     89.253    7.30491     4.5521    25.1629   13.07343 4.0022e-02 0.0000e+00
        736 152.482474    0.05104     3.0625    183.750     90.373  51299.918    31.7705     4.5583     89.509    7.30491     4.5522    25.1630   13.07343 3.9988e-02 0.0000e+00
        737 152.482477    0.05111     3.0667    184.000     90.636  51300.143    31.7705     4.5584     89.769    7.30490     4.5524    25.1630   13.07340 3.9953e-02 0.0000e+00
        738 152.482480    0.05118     3.0708    184.250     90.893  51300.274    31.7705     4.5585     90.023    7.30488     4.5525    25.1630   13.07337 3.9921e-02 0.0000e+00
        739 152.482483    0.05125     3.0750    184.500     91.139  51300.337    31.7705     4.5586     90.267    7.30486     4.5526    25.1630   13.07333 3.9890e-02 0.0000e+00
        740 152.482486    0.05132     3.0792    184.750     91.374  51300.361    31.7704     4.5587     90.500    7.30484     4.5526    25.1629   13.07331 3.9860e-02 0.0000e+00
        741 152.482488    0.05139     3.0833    185.000     91.601  51300.380    31.7703     4.5588     90.725    7.30483     4.5525    25.1628   13.07329 3.9830e-02 0.0000e+00
        742 152.482491    0.05146     3.0875    185.250     91.828  51300.408    31.7702     4.5589     90.950    7.30482     4.5525    25.1627   13.07329 3.9808e-02 0.0000e+00
        743 152.482494    0.05153     3.0917    185.500     92.059  51300.476    31.7702     4.5589     91.179    7.30483     4.5525    25.1627   13.07330 3.9799e-02 0.0000e+00
        744 152.482497    0.05160     3.0958    185.750     92.296  51300.591    31.7701     4.5589     91.413    7.30483     4.5525    25.1626   13.07330 3.9788e-02 0.0000e+00
        745 152.482500    0.05167     3.1000    186.000     92.534  51300.727    31.7701     4.5589     91.649    7.30483     4.5525    25.1626   13.07329 3.9771e-02 0.0000e+00
        746 152.482503    0.05174     3.1042    186.250     92.772  51300.884    31.7701     4.5589     91.884    7.30482     4.5526    25.1626   13.07328 3.9752e-02 0.0000e+00
        747 152.482506    0.05181     3.1083    186.500     93.008  51301.061    31.7701     4.5590     92.118    7.30482     4.5526    25.1626   13.07327 3.9729e-02 0.0000e+00
        748 152.482509    0.05187     3.1125    186.750     93.242  51301.235    31.7701     4.5590     92.350    7.30481     4.5527    25.1626   13.07326 3.9708e-02 0.0000e+00
        749 152.482512    0.05194     3.1167    187.000     93.476  51301.417    31.7701     4.5590     92.581    7.30479     4.5528    25.1626   13.07324 3.9691e-02 0.0000e+00
        750 152.482514    0.05201     3.1208    187.250     93.709  51301.603    31.7701     4.5591     92.812    7.30478     4.5529    25.1627   13.07322 3.9679e-02 0.0000e+00
        751 152.482517    0.05208     3.1250    187.500     93.942  51301.785    31.7702     4.5592     93.042    7.30476     4.5530    25.1627   13.07319 3.9669e-02 0.0000e+00
        752 152.482520    0.05215     3.1292    187.750     94.178  51301.976    31.7702     4.5593     93.275    7.30474     4.5532    25.1627   13.07315 3.9659e-02 0.0000e+00
        753 152.482523    0.05222     3.1333    188.000     94.419  51302.146    31.7703     4.5595     93.515    7.30471     4.5534    25.1627   13.07310 3.9649e-02 0.0000e+00
        754 152.482526    0.05229     3.1375    188.250     94.671  51302.326    31.7703     4.5597     93.764    7.30468     4.5537    25.1628   13.07304 3.9638e-02 0.0000e+00
        755 152.482529    0.05236     3.1417    188.500     94.931  51302.567    31.7704     4.5599     94.023    7.30463     4.5539    25.1628   13.07297 3.9626e-02 0.0000e+00
        756 152.482532    0.05243     3.1458    188.750     95.196  51302.653    31.7704     4.5602     94.285    7.30459     4.5541    25.1627   13.07289 3.9615e-02 0.0000e+00
        757 152.482535    0.05250     3.1500    189.000     95.456  51302.370    31.7701     4.5605     94.541    7.30455     4.5541    25.1625   13.07282 3.9604e-02 0.0000e+00
        758 152.482538    0.05257     3.1542    189.250     95.702  51301.975    31.7698     4.5607     94.785    7.30453     4.5540    25.1622   13.07280 3.9591e-02 0.0000e+00
        759 152.482541    0.05264     3.1583    189.500     95.935  51301.791    31.7696     4.5607     95.016    7.30453     4.5539    25.1620   13.07281 3.9576e-02 0.0000e+00
        760 152.482543    0.05271     3.1625    189.750     96.161  51301.808    31.7694     4.5606     95.240    7.30456     4.5537    25.1619   13.07285 3.9562e-02 0.0000e+00
        761 152.482546    0.05278     3.1667    190.000     96.388  51301.923    31.7694     4.5604     95.465    7.30459     4.5535    25.1619   13.07290 3.9549e-02 0.0000e+00
        762 152.482549    0.05285     3.1708    190.250     96.625  51302.122    31.7693     4.5603     95.699    7.30462     4.5533    25.1619   13.07296 3.9538e-02 0.0000e+00
        763 152.482552    0.05292     3.1750    190.500     96.871  51302.390    31.7693     4.5601     95.944    7.30464     4.5531    25.1619   13.07301 3.9527e-02 0.0000e+00
        764 152.482555    0.05299     3.1792    190.750     97.125  51302.659    31.7693     4.5600     96.194    7.30467     4.5530    25.1620   13.07305 3.9514e-02 0.0000e+00
        765 152.482558    0.05306     3.1833    191.000     97.380  51302.925    31.7694     4.5598     96.447    7.30469     4.5530    25.1620   13.07308 3.9499e-02 0.0000e+00
        766 152.482561    0.05312     3.1875    191.250     97.636  51303.184    31.7694     4.5597     96.701    7.30471     4.5529    25.1620   13.07311 3.9480e-02 0.0000e+00
        767 152.482564    0.05319     3.1917    191.500     97.895  51303.398    31.7694     4.5597     96.957    7.30472     4.5528    25.1620   13.07312 3.9460e-02 0.0000e+00
        768 152.482567    0.05326     3.1958    191.750     98.159  51303.595    31.7694     4.5596     97.218    7.30473     4.5528    25.1620   13.07314 3.9444e-02 0.0000e+00
        769 152.482569    0.05333     3.2000    192.000     98.431  51303.821    31.7694     4.5596     97.487    7.30474     4.5527    25.1621   13.07315 3.9430e-02 0.0000e+00
        770 152.482572    0.05340     3.2042    192.250     98.709  51304.049    31.7694     4.5595     97.763    7.30474     4.5527    25.1621   13.07316 3.9421e-02 0.0000e+00
        771 152.482575    0.05347     3.2083    192.500     98.990  51304.258    31.7694     4.5595     98.041    7.30475     4.5527    25.1621   13.07317 3.9412e-02 0.0000e+00
        772 152.482578    0.05354     3.2125    192.750     99.270  51304.472    31.7694     4.5595     98.318    7.30475     4.5526    25.1621   13.07317 3.9404e-02 0.0000e+00
        773 152.482581    0.05361     3.2167    193.000     99.545  51304.687    31.7694     4.5595     98.590    7.30475     4.5526    25.1621   13.07317 3.9399e-02 0.0000e+00
        774 152.482584    0.05368     3.2208    193.250     99.813  51304.896    31.7694     4.5595     98.855    7.30475     4.5527    25.1621   13.07317 3.9394e-02 0.0000e+00
        775 152.482587    0.05375     3.2250    193.500    100.075  51305.110    31.7695     4.5595     99.115    7.30475     4.5527    25.1621   13.07317 3.9385e-02 0.0000e+00
        776 152.482590    0.05382     3.2292    193.750    100.333  51305.307    31.7695     4.5595     99.371    7.30475     4.5527    25.1621   13.07316 3.9378e-02 0.0000e+00
        777 152.482593    0.05389     3.2333    194.000    100.592  51305.490    31.7695     4.5596     99.627    7.30474     4.5527    25.1621   13.07315 3.9378e-02 0.0000e+00
        778 152.482595    0.05396     3.2375    194.250    100.853  51305.676    31.7695     4.5596     99.886    7.30473     4.5527    25.1621   13.07313 3.9381e-02 0.0000e+00
        779 152.482598    0.05403     3.2417    194.500    101.121  51305.855    31.7695     4.5597    100.151    7.30472     4.5527    25.1621   13.07312 3.9380e-02 0.0000e+00
        780 152.482601    0.05410     3.2458    194.750    101.391  51306.047    31.7695     4.5597    100.418    7.30471     4.5528    25.1621   13.07311 3.9369e-02 0.0000e+00
        781 152.482604    0.05417     3.2500    195.000    101.657  51306.251    31.7696     4.5597    100.681    7.30471     4.5528    25.1621   13.07310 3.9355e-02 0.0000e+00
        782 152.482607    0.05424     3.2542    195.250    101.914  51306.390    31.7696     4.5597    100.936    7.30470     4.5528    25.1621   13.07309 3.9342e-02 0.0000e+00
        783 152.482610    0.05431     3.2583    195.500    102.164  51306.471    31.7695     4.5598    101.183    7.30470     4.5529    25.1621   13.07308 3.9329e-02 0.0000e+00
        784 152.482613    0.05438     3.2625    195.750    102.410  51306.611    31.7695     4.5598    101.427    7.30469     4.5529    25.1621   13.07307 3.9322e-02 0.0000e+00
        785 152.482616    0.05444     3.2667    196.000    102.658  51306.854    31.7695     4.5599    101.673    7.30468     4.5530    25.1621   13.07306 3.9318e-02 0.0000e+00
        786 152.482619    0.05451     3.2708    196.250    102.914  51307.125    31.7696     4.5599    101.926    7.30467     4.5531    25.1622   13.07303 3.9314e-02 0.0000e+00
        787 152.482622    0.05458     3.2750    196.500    103.176  51307.322    31.7696     4.5600    102.186    7.30465     4.5532    25.1622   13.07300 3.9307e-02 0.0000e+00
        788 152.482624    0.05465     3.2792    196.750    103.444  51307.421    31.7695     4.5602    102.451    7.30463     4.5533    25.1621   13.07297 3.9299e-02 0.0000e+00
        789 152.482627    0.05472     3.2833    197.000    103.714  51307.465    31.7695     4.5603    102.719    7.30461     4.5534    25.1621   13.07294 3.9289e-02 0.0000e+00
        790 152.482630    0.05479     3.2875    197.250    103.984  51307.481    31.7694     4.5604    102.986    7.30459     4.5534    25.1620   13.07292 3.9277e-02 0.0000e+00
        791 152.482633    0.05486     3.2917    197.500    104.250  51307.493    31.7693     4.5605    103.249    7.30458     4.5534    25.1619   13.07289 3.9271e-02 0.0000e+00
        792 152.482636    0.05493     3.2958    197.750    104.510  51307.540    31.7692     4.5606    103.507    7.30457     4.5534    25.1618   13.07288 3.9272e-02 0.0000e+00
        793 152.482639    0.05500     3.3000    198.000    104.766  51307.645    31.7691     4.5606    103.760    7.30457     4.5534    25.1618   13.07288 3.9279e-02 0.0000e+00
        794 152.482642    0.05507     3.3042    198.250    105.019  51307.810    31.7691     4.5606    104.011    7.30457     4.5533    25.1618   13.07288 3.9291e-02 0.0000e+00
        795 152.482645    0.05514     3.3083    198.500    105.271  51308.016    31.7692     4.5606    104.260    7.30457     4.5533    25.1618   13.07288 3.9307e-02 0.0000e+00
        796 152.482648    0.05521     3.3125    198.750    105.523  51308.229    31.7692     4.5606    104.510    7.30457     4.5533    25.1618   13.07289 3.9312e-02 0.0000e+00
        797 152.482650    0.05528     3.3167    199.000    105.775  51308.431    31.7692     4.5606    104.760    7.30458     4.5533    25.1618   13.07289 3.9296e-02 0.0000e+00
        798 152.482653    0.05535     3.3208    199.250    106.028  51308.609    31.7692     4.5606    105.010    7.30458     4.5533    25.1618   13.07289 3.9279e-02 0.0000e+00
        799 152.482656    0.05542     3.3250    199.500    106.279  51308.759    31.7691     4.5606    105.258    7.30458     4.5533    25.1618   13.07289 3.9269e-02 0.0000e+00
        800 152.482659    0.05549     3.3292    199.750    106.527  51308.913    31.7691     4.5606    105.504    7.30457     4.5533    25.1618   13.07289 3.9262e-02 0.0000e+00
        801 152.482662    0.05556     3.3333    200.000    106.773  51309.089    31.7691     4.5606    105.747    7.30457     4.5533    25.1618   13.07288 3.9254e-02 0.0000e+00
        802 152.482665    0.05563     3.3375    200.250    107.017  51309.279    31.7691     4.5606    105.989    7.30457     4.5533    25.1618   13.07288 3.9245e-02 0.0000e+00
        803 152.482668    0.05569     3.3417    200.500    107.260  51309.485    31.7692     4.5606    106.230    7.30457     4.5534    25.1618   13.07287 3.9239e-02 0.0000e+00
        804 152.482671    0.05576     3.3458    200.750    107.505  51309.722    31.7692     4.5607    106.472    7.30456     4.5534    25.1619   13.07285 3.9235e-02 0.0000e+00
        805 152.482674    0.05583     3.3500    201.000    107.749  51309.966    31.7693     4.5607    106.714    7.30454     4.5535    25.1619   13.07283 3.9235e-02 0.0000e+00
        806 152.482677    0.05590     3.3542    201.250    107.987  51310.183    31.7693     4.5608    106.949    7.30453     4.5536    25.1619   13.07280 3.9240e-02 0.0000e+00
        807 152.482679    0.05597     3.3583    201.500    108.203  51310.336    31.7693     4.5609    107.163    7.30451     4.5537    25.1619   13.07277 3.9243e-02 0.0000e+00
        808 152.482682    0.05604     3.3625    201.750    108.384  51310.393    31.7693     4.5610    107.342    7.30448     4.5538    25.1619   13.07273 3.9240e-02 0.0000e+00
        809 152.482685    0.05611     3.3667    202.000    108.524  51310.355    31.7693     4.5612    107.481    7.30446     4.5539    25.1619   13.07270 3.9235e-02 0.0000e+00
        810 152.482688    0.05618     3.3708    202.250    108.637  51310.255    31.7692     4.5613    107.592    7.30445     4.5540    25.1618   13.07268 3.9226e-02 0.0000e+00
        811 152.482691    0.05625     3.3750    202.500    108.740  51310.144    31.7691     4.5614    107.694    7.30444     4.5540    25.1617   13.07266 3.9215e-02 0.0000e+00
        812 152.482694    0.05632     3.3792    202.750    108.847  51310.092    31.7690     4.5615    107.800    7.30443     4.5540    25.1616   13.07265 3.9207e-02 0.0000e+00
        813 152.482697    0.05639     3.3833    203.000    108.958  51310.134    31.7689     4.5615    107.910    7.30443     4.5540    25.1616   13.07265 3.9200e-02 0.0000e+00
