CTD-processing/allCTD/CNV--turbid/2012-08-15-cookinlet-tran4-cast123-s01.cnv
* Sea-Bird SBE19plus Data File:
* FileName = C:\Documents and Settings\kris.holderied.local\My Documents\2012-08-15-CTD-KBay-Transect4\2012-08-15-CookInlet-Tran4-cast123.hex
* Software Version 1.54
* Temperature SN =  4141
* Conductivity SN =  4141
* System UpLoad Time = Aug 23 2012 23:11:10
** Cook Inlet LTM Transect 4 Barabara Pt to Bluff Pt
** Date:  2012-08-15
** Station:  4-01
** Start time (AKDT-24 hr): 14:32
** Depth (m): 21
** Comment:Water a little less smooth. Very clear.
# nquan = 16
# nvalues = 437                         
# units = specified
# name 0 = scan: Scan Count
# name 1 = timeJ: Julian Days
# name 2 = timeH: Time, Elapsed [hours]
# name 3 = timeM: Time, Elapsed [minutes]
# name 4 = timeS: Time, Elapsed [seconds]
# name 5 = prdM: Pressure, Strain Gauge [db]
# name 6 = specc: Specific Conductance [uS/cm]
# name 7 = sal00: Salinity, Practical [PSU]
# name 8 = tv290C: Temperature [ITS-90, deg C]
# name 9 = depSM: Depth [salt water, m], lat = 59.00
# name 10 = oxsolML/L: Oxygen Saturation, Garcia & Gordon [ml/l]
# name 11 = potemp090C: Potential Temperature [ITS-90, deg C]
# name 12 = sigma-é00: Density [sigma-theta, kg/m^3]
# name 13 = n2satML/L: Nitrogen Saturation [ml/l]
# name 14 = par: PAR/Irradiance, Biospherical/Licor
# name 15 = flag:  0.000e+00
# span 0 =          1,        437       
# span 1 = 228.607477, 228.608738       
# span 2 =    0.00000,    0.03028       
# span 3 =     0.0000,     1.8167       
# span 4 =      0.000,    109.000       
# span 5 =      0.028,     21.256       
# span 6 =    148.944,  48994.562       
# span 7 =     0.0706,    31.1917       
# span 8 =     9.8947,    12.4787       
# span 9 =      0.027,     21.056       
# span 10 =    6.36460,    7.47165      
# span 11 =     9.8927,    12.4787      
# span 12 =    -0.4919,    23.9297      
# span 13 =   11.52785,   13.78387      
# span 14 = 4.6931e+00, 4.2158e+02      
# span 15 = 0.0000e+00, 0.0000e+00      
# interval = seconds: 0.25
# start_time = Aug 15 2012 14:34:46 [Instrument's time stamp, header]
# bad_flag = -9.990e-29
*END*
          1 228.607477    0.00000     0.0000      0.000      0.038    149.790     0.0710    12.3897      0.038    7.47165    12.3900    -0.4905   13.78387 1.9350e+02 0.0000e+00
          2 228.607480    0.00007     0.0042      0.250      0.037    149.785     0.0711    12.3898      0.037    7.47162    12.3902    -0.4905   13.78383 1.9389e+02 0.0000e+00
          3 228.607483    0.00014     0.0083      0.500      0.037    149.761     0.0711    12.3900      0.037    7.47159    12.3904    -0.4906   13.78378 1.9402e+02 0.0000e+00
          4 228.607486    0.00021     0.0125      0.750      0.037    149.704     0.0710    12.3902      0.037    7.47156    12.3906    -0.4906   13.78372 1.9381e+02 0.0000e+00
          5 228.607488    0.00028     0.0167      1.000      0.037    149.613     0.0710    12.3904      0.037    7.47153    12.3908    -0.4907   13.78367 1.9330e+02 0.0000e+00
          6 228.607491    0.00035     0.0208      1.250      0.037    149.514     0.0709    12.3906      0.037    7.47149    12.3911    -0.4907   13.78362 1.9262e+02 0.0000e+00
          7 228.607494    0.00042     0.0250      1.500      0.037    149.451     0.0709    12.3908      0.037    7.47146    12.3913    -0.4908   13.78356 1.9201e+02 0.0000e+00
          8 228.607497    0.00049     0.0292      1.750      0.037    149.435     0.0709    12.3911      0.037    7.47142    12.3915    -0.4908   13.78349 1.9152e+02 0.0000e+00
          9 228.607500    0.00056     0.0333      2.000      0.037    149.454     0.0709    12.3913      0.037    7.47138    12.3918    -0.4908   13.78342 1.9137e+02 0.0000e+00
         10 228.607503    0.00063     0.0375      2.250      0.036    149.478     0.0709    12.3915      0.036    7.47134    12.3920    -0.4909   13.78336 1.9180e+02 0.0000e+00
         11 228.607506    0.00069     0.0417      2.500      0.036    149.468     0.0709    12.3918      0.036    7.47130    12.3922    -0.4909   13.78329 1.9252e+02 0.0000e+00
         12 228.607509    0.00076     0.0458      2.750      0.037    149.422     0.0709    12.3920      0.037    7.47126    12.3925    -0.4910   13.78323 1.9315e+02 0.0000e+00
         13 228.607512    0.00083     0.0500      3.000      0.037    149.375     0.0708    12.3923      0.037    7.47122    12.3927    -0.4910   13.78316 1.9352e+02 0.0000e+00
         14 228.607514    0.00090     0.0542      3.250      0.037    149.360     0.0708    12.3925      0.037    7.47118    12.3930    -0.4910   13.78309 1.9353e+02 0.0000e+00
         15 228.607517    0.00097     0.0583      3.500      0.037    149.377     0.0708    12.3927      0.037    7.47114    12.3932    -0.4910   13.78302 1.9344e+02 0.0000e+00
         16 228.607520    0.00104     0.0625      3.750      0.037    149.411     0.0709    12.3930      0.037    7.47110    12.3935    -0.4910   13.78295 1.9354e+02 0.0000e+00
         17 228.607523    0.00111     0.0667      4.000      0.038    149.434     0.0709    12.3932      0.038    7.47106    12.3937    -0.4911   13.78288 1.9369e+02 0.0000e+00
         18 228.607526    0.00118     0.0708      4.250      0.038    149.429     0.0709    12.3935      0.038    7.47102    12.3939    -0.4911   13.78281 1.9366e+02 0.0000e+00
         19 228.607529    0.00125     0.0750      4.500      0.038    149.411     0.0709    12.3937      0.038    7.47098    12.3942    -0.4912   13.78275 1.9349e+02 0.0000e+00
         20 228.607532    0.00132     0.0792      4.750      0.038    149.397     0.0708    12.3939      0.038    7.47094    12.3944    -0.4912   13.78268 1.9319e+02 0.0000e+00
         21 228.607535    0.00139     0.0833      5.000      0.038    149.387     0.0708    12.3942      0.038    7.47090    12.3946    -0.4912   13.78262 1.9303e+02 0.0000e+00
         22 228.607538    0.00146     0.0875      5.250      0.037    149.375     0.0708    12.3944      0.037    7.47086    12.3948    -0.4912   13.78255 1.9331e+02 0.0000e+00
         23 228.607541    0.00153     0.0917      5.500      0.037    149.343     0.0708    12.3946      0.037    7.47082    12.3950    -0.4913   13.78249 1.9373e+02 0.0000e+00
         24 228.607543    0.00160     0.0958      5.750      0.037    149.282     0.0708    12.3948      0.037    7.47079    12.3952    -0.4913   13.78243 1.9402e+02 0.0000e+00
         25 228.607546    0.00167     0.1000      6.000      0.037    149.212     0.0707    12.3950      0.037    7.47075    12.3955    -0.4914   13.78237 1.9411e+02 0.0000e+00
         26 228.607549    0.00174     0.1042      6.250      0.037    149.181     0.0707    12.3953      0.037    7.47072    12.3957    -0.4914   13.78231 1.9397e+02 0.0000e+00
         27 228.607552    0.00181     0.1083      6.500      0.038    149.198     0.0708    12.3955      0.038    7.47068    12.3960    -0.4914   13.78224 1.9375e+02 0.0000e+00
         28 228.607555    0.00187     0.1125      6.750      0.038    149.212     0.0708    12.3957      0.038    7.47064    12.3962    -0.4915   13.78217 1.9349e+02 0.0000e+00
         29 228.607558    0.00194     0.1167      7.000      0.037    149.182     0.0707    12.3960      0.037    7.47060    12.3964    -0.4915   13.78211 1.9324e+02 0.0000e+00
         30 228.607561    0.00201     0.1208      7.250      0.037    149.109     0.0707    12.3962      0.037    7.47056    12.3966    -0.4916   13.78204 1.9322e+02 0.0000e+00
         31 228.607564    0.00208     0.1250      7.500      0.037    149.033     0.0707    12.3964      0.037    7.47052    12.3969    -0.4916   13.78197 1.9314e+02 0.0000e+00
         32 228.607567    0.00215     0.1292      7.750      0.037    149.000     0.0707    12.3967      0.037    7.47049    12.3971    -0.4917   13.78191 1.9270e+02 0.0000e+00
         33 228.607569    0.00222     0.1333      8.000      0.037    149.017     0.0707    12.3969      0.037    7.47045    12.3974    -0.4917   13.78185 1.9213e+02 0.0000e+00
         34 228.607572    0.00229     0.1375      8.250      0.037    149.042     0.0707    12.3971      0.037    7.47041    12.3976    -0.4917   13.78178 1.9173e+02 0.0000e+00
         35 228.607575    0.00236     0.1417      8.500      0.037    149.046     0.0707    12.3974      0.037    7.47037    12.3979    -0.4917   13.78171 1.9156e+02 0.0000e+00
         36 228.607578    0.00243     0.1458      8.750      0.037    149.023     0.0707    12.3976      0.037    7.47033    12.3981    -0.4918   13.78164 1.9144e+02 0.0000e+00
         37 228.607581    0.00250     0.1500      9.000      0.037    148.980     0.0706    12.3979      0.037    7.47029    12.3983    -0.4918   13.78158 1.9108e+02 0.0000e+00
         38 228.607584    0.00257     0.1542      9.250      0.037    148.944     0.0706    12.3981      0.037    7.47025    12.3985    -0.4918   13.78151 1.9038e+02 0.0000e+00
         39 228.607587    0.00264     0.1583      9.500      0.037    148.955     0.0706    12.3983      0.037    7.47021    12.3987    -0.4919   13.78145 1.8939e+02 0.0000e+00
         40 228.607590    0.00271     0.1625      9.750      0.037    149.043     0.0707    12.3985      0.037    7.47017    12.3989    -0.4919   13.78138 1.8805e+02 0.0000e+00
         41 228.607593    0.00278     0.1667     10.000      0.037    149.241     0.0708    12.3987      0.037    7.47013    12.3992    -0.4918   13.78131 1.8627e+02 0.0000e+00
         42 228.607595    0.00285     0.1708     10.250      0.037    149.606     0.0710    12.3989      0.037    7.47009    12.3994    -0.4917   13.78123 1.8371e+02 0.0000e+00
         43 228.607598    0.00292     0.1750     10.500      0.037    150.242     0.0713    12.3992      0.037    7.47004    12.3996    -0.4915   13.78115 1.7987e+02 0.0000e+00
         44 228.607601    0.00299     0.1792     10.750      0.037    151.312     0.0718    12.3994      0.037    7.46998    12.3998    -0.4912   13.78104 1.7411e+02 0.0000e+00
         45 228.607604    0.00306     0.1833     11.000      0.037    153.098     0.0726    12.3996      0.037    7.46991    12.4000    -0.4905   13.78090 1.6557e+02 0.0000e+00
         46 228.607607    0.00313     0.1875     11.250      0.037    155.811     0.0738    12.3998      0.037    7.46981    12.4001    -0.4896   13.78073 1.5410e+02 0.0000e+00
         47 228.607610    0.00319     0.1917     11.500      0.038    158.967     0.0753    12.4000      0.038    7.46971    12.4003    -0.4885   13.78054 1.4074e+02 0.0000e+00
         48 228.607613    0.00326     0.1958     11.750      0.038    161.808     0.0767    12.4001      0.038    7.46962    12.4006    -0.4874   13.78036 1.2786e+02 0.0000e+00
         49 228.607616    0.00333     0.2000     12.000      0.038    164.488     0.0779    12.4003      0.038    7.46953    12.4008    -0.4865   13.78019 1.1862e+02 0.0000e+00
         50 228.607619    0.00340     0.2042     12.250      0.038    167.654     0.0794    12.4006      0.038    7.46942    12.4010    -0.4853   13.77999 1.1478e+02 0.0000e+00
         51 228.607622    0.00347     0.2083     12.500      0.038    171.765     0.0813    12.4008      0.038    7.46929    12.4013    -0.4838   13.77974 1.1606e+02 0.0000e+00
         52 228.607624    0.00354     0.2125     12.750      0.038    177.386     0.0840    12.4010      0.038    7.46913    12.4016    -0.4818   13.77943 1.2231e+02 0.0000e+00
         53 228.607627    0.00361     0.2167     13.000      0.037    185.471     0.0878    12.4013      0.037    7.46890    12.4018    -0.4788   13.77899 1.3458e+02 0.0000e+00
         54 228.607630    0.00368     0.2208     13.250      0.036    197.605     0.0936    12.4016      0.036    7.46859    12.4021    -0.4743   13.77838 1.5368e+02 0.0000e+00
         55 228.607633    0.00375     0.2250     13.500      0.035    215.082     0.1019    12.4018      0.035    7.46815    12.4025    -0.4678   13.77752 1.7846e+02 0.0000e+00
         56 228.607636    0.00382     0.2292     13.750      0.035    238.671     0.1132    12.4021      0.035    7.46758    12.4028    -0.4590   13.77639 2.0636e+02 0.0000e+00
         57 228.607639    0.00389     0.2333     14.000      0.034    269.330     0.1279    12.4025      0.034    7.46684    12.4032    -0.4476   13.77492 2.3438e+02 0.0000e+00
         58 228.607642    0.00396     0.2375     14.250      0.034    307.789     0.1466    12.4028      0.034    7.46591    12.4035    -0.4331   13.77309 2.6044e+02 0.0000e+00
         59 228.607645    0.00403     0.2417     14.500      0.034    356.615     0.1704    12.4032      0.033    7.46474    12.4039    -0.4145   13.77077 2.8322e+02 0.0000e+00
         60 228.607648    0.00410     0.2458     14.750      0.034    420.553     0.2017    12.4035      0.033    7.46322    12.4043    -0.3901   13.76775 3.0110e+02 0.0000e+00
         61 228.607650    0.00417     0.2500     15.000      0.033    497.688     0.2399    12.4039      0.032    7.46138    12.4048    -0.3604   13.76409 3.1329e+02 0.0000e+00
         62 228.607653    0.00424     0.2542     15.250      0.033    577.937     0.2800    12.4043      0.032    7.45944    12.4053    -0.3292   13.76024 3.2118e+02 0.0000e+00
         63 228.607656    0.00431     0.2583     15.500      0.033    656.162     0.3196    12.4048      0.033    7.45752    12.4058    -0.2983   13.75643 3.2882e+02 0.0000e+00
         64 228.607659    0.00438     0.2625     15.750      0.033    742.780     0.3643    12.4053      0.033    7.45536    12.4064    -0.2636   13.75214 3.3970e+02 0.0000e+00
         65 228.607662    0.00444     0.2667     16.000      0.033    866.378     0.4287    12.4058      0.032    7.45228    12.4070    -0.2135   13.74603 3.5370e+02 0.0000e+00
         66 228.607665    0.00451     0.2708     16.250      0.032   1053.003     0.5263    12.4064      0.031    7.44765    12.4077    -0.1376   13.73682 3.6884e+02 0.0000e+00
         67 228.607668    0.00458     0.2750     16.500      0.031   1320.978     0.6677    12.4070      0.030    7.44099    12.4084    -0.0276   13.72355 3.8299e+02 0.0000e+00
         68 228.607671    0.00465     0.2792     16.750      0.030   1706.841     0.8729    12.4077      0.029    7.43137    12.4094     0.1319   13.70438 3.9454e+02 0.0000e+00
         69 228.607674    0.00472     0.2833     17.000      0.030   2268.237     1.1736    12.4084      0.029    7.41732    12.4108     0.3655   13.67637 4.0245e+02 0.0000e+00
         70 228.607677    0.00479     0.2875     17.250      0.029   2988.614     1.5623    12.4094      0.028    7.39916    12.4126     0.6675   13.64019 4.0639e+02 0.0000e+00
         71 228.607679    0.00486     0.2917     17.500      0.029   3698.565     1.9485    12.4108      0.028    7.38108    12.4152     0.9673   13.60419 4.0709e+02 0.0000e+00
         72 228.607682    0.00493     0.2958     17.750      0.028   4266.034     2.2598    12.4126      0.027    7.36641    12.4188     1.2087   13.57500 4.0547e+02 0.0000e+00
         73 228.607685    0.00500     0.3000     18.000      0.028   4666.413     2.4806    12.4152      0.027    7.35580    12.4237     1.3798   13.55397 4.0194e+02 0.0000e+00
         74 228.607688    0.00507     0.3042     18.250      0.028   4827.489     2.5684    12.4188      0.027    7.35115    12.4301     1.4475   13.54487 3.9668e+02 0.0000e+00
         75 228.607691    0.00514     0.3083     18.500      0.028   4741.901     2.5181    12.4237      0.027    7.35263    12.4377     1.4081   13.54807 3.9059e+02 0.0000e+00
         76 228.607694    0.00521     0.3125     18.750      0.028   4540.194     2.4035    12.4301      0.027    7.35683    12.4456     1.3184   13.55677 3.8536e+02 0.0000e+00
         77 228.607697    0.00528     0.3167     19.000      0.029   4324.363     2.2819    12.4377      0.028    7.36117    12.4531     1.2232   13.56579 3.8188e+02 0.0000e+00
         78 228.607700    0.00535     0.3208     19.250      0.029   4132.735     2.1745    12.4456      0.028    7.36479    12.4596     1.1390   13.57342 3.8002e+02 0.0000e+00
         79 228.607703    0.00542     0.3250     19.500      0.028   3967.231     2.0824    12.4531      0.028    7.36780    12.4651     1.0666   13.57979 3.7971e+02 0.0000e+00
         80 228.607705    0.00549     0.3292     19.750      0.028   3800.204     1.9901    12.4596      0.028    7.37098    12.4696     0.9942   13.58647 3.8120e+02 0.0000e+00
         81 228.607708    0.00556     0.3333     20.000      0.029   3633.446     1.8986    12.4651      0.028    7.37430    12.4733     0.9225   13.59337 3.8423e+02 0.0000e+00
         82 228.607711    0.00562     0.3375     20.250      0.029   3488.528     1.8200    12.4696      0.028    7.37719    12.4761     0.8609   13.59938 3.8797e+02 0.0000e+00
         83 228.607714    0.00569     0.3417     20.500      0.029   3373.671     1.7591    12.4733      0.028    7.37943    12.4780     0.8131   13.60404 3.9235e+02 0.0000e+00
         84 228.607717    0.00576     0.3458     20.750      0.029   3293.177     1.7189    12.4761      0.028    7.38088    12.4787     0.7815   13.60710 3.9814e+02 0.0000e+00
         85 228.607720    0.00583     0.3500     21.000      0.029   3256.405     1.7055    12.4780      0.029    7.38129    12.4777     0.7707   13.60805 4.0538e+02 0.0000e+00
         86 228.607723    0.00590     0.3542     21.250      0.029   3286.728     1.7334    12.4787      0.029    7.38008    12.4739     0.7921   13.60573 4.1128e+02 0.0000e+00
         87 228.607726    0.00597     0.3583     21.500      0.029   3412.437     1.8211    12.4777      0.029    7.37652    12.4657     0.8599   13.59869 4.1192e+02 0.0000e+00
         88 228.607729    0.00604     0.3625     21.750      0.030   3685.688     2.0019    12.4739      0.030    7.36933    12.4505     1.0002   13.58431 4.0761e+02 0.0000e+00
         89 228.607731    0.00611     0.3667     22.000      0.032   4207.799     2.3396    12.4657      0.032    7.35596    12.4237     1.2623   13.55752 4.0361e+02 0.0000e+00
         90 228.607734    0.00618     0.3708     22.250      0.037   5139.828     2.9361    12.4505      0.037    7.33240    12.3776     1.7255   13.51023 4.0505e+02 0.0000e+00
