CTD-processing/allCTD/CNV--turbid/2012_09-21_t9_s02_repeat1_cast151.cnv
* Sea-Bird SBE19plus Data File:
* FileName = C:\Documents and Settings\kris.holderied.local\My Documents\2012-CTD-DATA-new-files\2012-09-21-CTD-HomerSpit-tide-time-series-KBRRctd\2012-09-21-HomerSpit-repeat1-cast151.hex
* Software Version 1.54
* Temperature SN =  4141
* Conductivity SN =  4141
* System UpLoad Time = Oct 11 2012 18:12:39
** Kachemak Bay Homer Spit Line - Tidal repeat 1
** Date:  2012-09-21
** Station: 9-02
** Start time (AKDT-24 hr): 1043
** Depth (ft): 240
** Comment:Slightly less turbid >1 m visibility.  Still lots of debris.
# nquan = 16
# nvalues = 637                         
# units = specified
# name 0 = scan: Scan Count
# name 1 = timeJ: Julian Days
# name 2 = timeH: Time, Elapsed [hours]
# name 3 = timeM: Time, Elapsed [minutes]
# name 4 = timeS: Time, Elapsed [seconds]
# name 5 = prdM: Pressure, Strain Gauge [db]
# name 6 = specc: Specific Conductance [uS/cm]
# name 7 = sal00: Salinity, Practical [PSU]
# name 8 = tv290C: Temperature [ITS-90, deg C]
# name 9 = depSM: Depth [salt water, m], lat = 59.00
# name 10 = oxsolML/L: Oxygen Saturation, Garcia & Gordon [ml/l]
# name 11 = potemp090C: Potential Temperature [ITS-90, deg C]
# name 12 = sigma-é00: Density [sigma-theta, kg/m^3]
# name 13 = n2satML/L: Nitrogen Saturation [ml/l]
# name 14 = par: PAR/Irradiance, Biospherical/Licor
# name 15 = flag:  0.000e+00
# span 0 =          1,        637       
# span 1 = 265.446725, 265.448565       
# span 2 =    0.00000,    0.04417       
# span 3 =     0.0000,     2.6500       
# span 4 =      0.000,    159.000       
# span 5 =     -0.087,     70.341       
# span 6 =   7947.789,  48745.345       
# span 7 =     4.4586,    30.8638       
# span 8 =     9.3834,     9.6801       
# span 9 =     -0.086,     69.671       
# span 10 =    6.54766,    7.73874      
# span 11 =     9.3761,     9.6801      
# span 12 =     3.2175,    23.8231      
# span 13 =   11.83598,   14.17425      
# span 14 = 6.6507e-02, 6.1992e+02      
# span 15 = 0.0000e+00, 0.0000e+00      
# interval = seconds: 0.25
# start_time = Sep 21 2012 10:43:17 [Instrument's time stamp, header]
# bad_flag = -9.990e-29
*END*
[from data line 272]
        273 265.447512    0.01889     1.1333     68.000      0.764  45502.117    28.6531     9.6117      0.757    6.63359     9.6106    22.0614   12.00200 1.2667e+02 0.0000e+00
        274 265.447514    0.01896     1.1375     68.250      0.760  45496.239    28.6490     9.6114      0.753    6.63381     9.6094    22.0583   12.00243 1.2689e+02 0.0000e+00
        275 265.447517    0.01903     1.1417     68.500      0.749  45488.560    28.6436     9.6107      0.742    6.63415     9.6080    22.0542   12.00306 1.2699e+02 0.0000e+00
        276 265.447520    0.01910     1.1458     68.750      0.738  45484.081    28.6403     9.6095      0.731    6.63447     9.6071    22.0518   12.00362 1.2673e+02 0.0000e+00
        277 265.447523    0.01917     1.1500     69.000      0.734  45485.481    28.6411     9.6081      0.727    6.63463     9.6070    22.0527   12.00388 1.2633e+02 0.0000e+00
        278 265.447526    0.01924     1.1542     69.250      0.740  45494.075    28.6470     9.6072      0.733    6.63452     9.6083    22.0574   12.00363 1.2604e+02 0.0000e+00
        279 265.447529    0.01931     1.1583     69.500      0.752  45511.368    28.6590     9.6071      0.745    6.63401     9.6107    22.0668   12.00264 1.2592e+02 0.0000e+00
        280 265.447532    0.01938     1.1625     69.750      0.764  45531.783    28.6734     9.6084      0.756    6.63322     9.6133    22.0778   12.00115 1.2617e+02 0.0000e+00
        281 265.447535    0.01944     1.1667     70.000      0.769  45540.519    28.6798     9.6108      0.761    6.63258     9.6144    22.0824   12.00001 1.2706e+02 0.0000e+00
        282 265.447538    0.01951     1.1708     70.250      0.763  45527.705    28.6711     9.6134      0.755    6.63256     9.6130    22.0752   12.00009 1.2802e+02 0.0000e+00
        283 265.447541    0.01958     1.1750     70.500      0.750  45501.429    28.6529     9.6145      0.743    6.63318     9.6100    22.0609   12.00134 1.2826e+02 0.0000e+00
        284 265.447543    0.01965     1.1792     70.750      0.737  45479.336    28.6374     9.6131      0.730    6.63405     9.6067    22.0490   12.00296 1.2792e+02 0.0000e+00
        285 265.447546    0.01972     1.1833     71.000      0.733  45469.510    28.6302     9.6101      0.726    6.63480     9.6043    22.0439   12.00430 1.2736e+02 0.0000e+00
        286 265.447549    0.01979     1.1875     71.250      0.737  45469.750    28.6300     9.6068      0.730    6.63529     9.6030    22.0442   12.00512 1.2683e+02 0.0000e+00
        287 265.447552    0.01986     1.1917     71.500      0.747  45475.492    28.6337     9.6044      0.740    6.63549     9.6027    22.0475   12.00541 1.2686e+02 0.0000e+00
        288 265.447555    0.01993     1.1958     71.750      0.756  45480.494    28.6370     9.6031      0.749    6.63553     9.6025    22.0502   12.00544 1.2739e+02 0.0000e+00
        289 265.447558    0.02000     1.2000     72.000      0.759  45479.476    28.6363     9.6028      0.752    6.63561     9.6019    22.0497   12.00558 1.2781e+02 0.0000e+00
        290 265.447561    0.02007     1.2042     72.250      0.755  45471.592    28.6308     9.6026      0.748    6.63587     9.6005    22.0454   12.00608 1.2802e+02 0.0000e+00
        291 265.447564    0.02014     1.2083     72.500      0.748  45461.636    28.6238     9.6019      0.741    6.63627     9.5989    22.0400   12.00682 1.2825e+02 0.0000e+00
        292 265.447567    0.02021     1.2125     72.750      0.744  45456.094    28.6198     9.6006      0.737    6.63665     9.5977    22.0371   12.00749 1.2827e+02 0.0000e+00
        293 265.447569    0.02028     1.2167     73.000      0.746  45456.533    28.6199     9.5990      0.739    6.63688     9.5971    22.0375   12.00787 1.2801e+02 0.0000e+00
        294 265.447572    0.02035     1.2208     73.250      0.752  45460.617    28.6226     9.5978      0.744    6.63694     9.5972    22.0398   12.00795 1.2785e+02 0.0000e+00
        295 265.447575    0.02042     1.2250     73.500      0.756  45464.788    28.6254     9.5972      0.748    6.63690     9.5973    22.0421   12.00784 1.2788e+02 0.0000e+00
        296 265.447578    0.02049     1.2292     73.750      0.755  45465.078    28.6256     9.5973      0.747    6.63688     9.5972    22.0422   12.00781 1.2808e+02 0.0000e+00
        297 265.447581    0.02056     1.2333     74.000      0.748  45461.537    28.6232     9.5974      0.741    6.63697     9.5966    22.0403   12.00798 1.2856e+02 0.0000e+00
        298 265.447584    0.02063     1.2375     74.250      0.740  45458.639    28.6211     9.5972      0.733    6.63708     9.5962    22.0387   12.00819 1.2912e+02 0.0000e+00
        299 265.447587    0.02069     1.2417     74.500      0.738  45460.198    28.6221     9.5967      0.731    6.63711     9.5965    22.0396   12.00823 1.2936e+02 0.0000e+00
        300 265.447590    0.02076     1.2458     74.750      0.743  45468.196    28.6277     9.5963      0.736    6.63693     9.5978    22.0440   12.00787 1.2942e+02 0.0000e+00
        301 265.447593    0.02083     1.2500     75.000      0.754  45482.053    28.6373     9.5966      0.747    6.63648     9.6000    22.0515   12.00700 1.2966e+02 0.0000e+00
        302 265.447595    0.02090     1.2542     75.250      0.762  45495.035    28.6465     9.5979      0.755    6.63589     9.6018    22.0584   12.00592 1.3005e+02 0.0000e+00
        303 265.447598    0.02097     1.2583     75.500      0.761  45496.526    28.6478     9.6000      0.754    6.63552     9.6023    22.0591   12.00529 1.3047e+02 0.0000e+00
        304 265.447601    0.02104     1.2625     75.750      0.750  45484.284    28.6395     9.6019      0.743    6.63561     9.6012    22.0524   12.00552 1.3113e+02 0.0000e+00
        305 265.447604    0.02111     1.2667     76.000      0.734  45468.929    28.6289     9.6023      0.728    6.63600     9.5995    22.0440   12.00630 1.3166e+02 0.0000e+00
        306 265.447607    0.02118     1.2708     76.250      0.724  45460.750    28.6230     9.6012      0.718    6.63641     9.5983    22.0396   12.00705 1.3136e+02 0.0000e+00
        307 265.447610    0.02125     1.2750     76.500      0.727  45462.397    28.6240     9.5995      0.720    6.63662     9.5985    22.0406   12.00739 1.3052e+02 0.0000e+00
        308 265.447613    0.02132     1.2792     76.750      0.743  45474.177    28.6321     9.5984      0.736    6.63644     9.6006    22.0471   12.00701 1.2994e+02 0.0000e+00
        309 265.447616    0.02139     1.2833     77.000      0.765  45494.851    28.6465     9.5986      0.758    6.63579     9.6038    22.0583   12.00575 1.3021e+02 0.0000e+00
        310 265.447619    0.02146     1.2875     77.250      0.781  45513.453    28.6597     9.6007      0.774    6.63493     9.6063    22.0683   12.00415 1.3142e+02 0.0000e+00
        311 265.447622    0.02153     1.2917     77.500      0.782  45511.852    28.6589     9.6039      0.775    6.63448     9.6064    22.0672   12.00342 1.3290e+02 0.0000e+00
        312 265.447624    0.02160     1.2958     77.750      0.770  45489.717    28.6438     9.6064      0.762    6.63476     9.6041    22.0551   12.00406 1.3366e+02 0.0000e+00
        313 265.447627    0.02167     1.3000     78.000      0.751  45466.746    28.6278     9.6065      0.744    6.63543     9.6009    22.0426   12.00538 1.3333e+02 0.0000e+00
        314 265.447630    0.02174     1.3042     78.250      0.739  45453.352    28.6183     9.6042      0.732    6.63618     9.5979    22.0355   12.00673 1.3253e+02 0.0000e+00
        315 265.447633    0.02181     1.3083     78.500      0.739  45447.893    28.6141     9.6010      0.732    6.63682     9.5959    22.0327   12.00786 1.3196e+02 0.0000e+00
        316 265.447636    0.02187     1.3125     78.750      0.749  45449.212    28.6146     9.5980      0.742    6.63724     9.5949    22.0336   12.00853 1.3190e+02 0.0000e+00
        317 265.447639    0.02194     1.3167     79.000      0.762  45453.930    28.6177     9.5960      0.754    6.63741     9.5946    22.0363   12.00878 1.3221e+02 0.0000e+00
        318 265.447642    0.02201     1.3208     79.250      0.770  45456.979    28.6197     9.5950      0.763    6.63747     9.5945    22.0380   12.00886 1.3247e+02 0.0000e+00
        319 265.447645    0.02208     1.3250     79.500      0.771  45457.171    28.6198     9.5947      0.763    6.63751     9.5943    22.0381   12.00893 1.3247e+02 0.0000e+00
        320 265.447648    0.02215     1.3292     79.750      0.766  45457.137    28.6198     9.5946      0.758    6.63753     9.5943    22.0381   12.00897 1.3213e+02 0.0000e+00
        321 265.447650    0.02222     1.3333     80.000      0.760  45459.749    28.6216     9.5944      0.753    6.63748     9.5948    22.0395   12.00885 1.3140e+02 0.0000e+00
        322 265.447653    0.02229     1.3375     80.250      0.758  45466.449    28.6262     9.5944      0.751    6.63728     9.5960    22.0431   12.00846 1.3074e+02 0.0000e+00
        323 265.447656    0.02236     1.3417     80.500      0.760  45476.811    28.6335     9.5949      0.753    6.63690     9.5978    22.0487   12.00774 1.3079e+02 0.0000e+00
        324 265.447659    0.02243     1.3458     80.750      0.763  45487.642    28.6412     9.5961      0.756    6.63639     9.5996    22.0545   12.00681 1.3143e+02 0.0000e+00
        325 265.447662    0.02250     1.3500     81.000      0.764  45492.502    28.6448     9.5979      0.756    6.63597     9.6008    22.0571   12.00607 1.3191e+02 0.0000e+00
        326 265.447665    0.02257     1.3542     81.250      0.761  45488.992    28.6425     9.5997      0.753    6.63580     9.6013    22.0551   12.00581 1.3179e+02 0.0000e+00
        327 265.447668    0.02264     1.3583     81.500      0.757  45484.905    28.6398     9.6009      0.750    6.63574     9.6019    22.0528   12.00575 1.3136e+02 0.0000e+00
        328 265.447671    0.02271     1.3625     81.750      0.758  45489.467    28.6431     9.6014      0.751    6.63554     9.6037    22.0552   12.00536 1.3107e+02 0.0000e+00
        329 265.447674    0.02278     1.3667     82.000      0.766  45505.578    28.6543     9.6020      0.759    6.63497     9.6070    22.0639   12.00428 1.3115e+02 0.0000e+00
        330 265.447677    0.02285     1.3708     82.250      0.779  45529.569    28.6712     9.6037      0.772    6.63399     9.6113    22.0768   12.00245 1.3183e+02 0.0000e+00
        331 265.447679    0.02292     1.3750     82.500      0.790  45550.344    28.6861     9.6071      0.782    6.63286     9.6148    22.0879   12.00040 1.3294e+02 0.0000e+00
        332 265.447682    0.02299     1.3792     82.750      0.790  45552.805    28.6884     9.6114      0.782    6.63213     9.6160    22.0890   11.99916 1.3366e+02 0.0000e+00
        333 265.447685    0.02306     1.3833     83.000      0.777  45534.875    28.6763     9.6149      0.770    6.63213     9.6148    22.0791   11.99930 1.3374e+02 0.0000e+00
        334 265.447688    0.02313     1.3875     83.250      0.760  45513.116    28.6613     9.6161      0.753    6.63260     9.6126    22.0672   12.00026 1.3359e+02 0.0000e+00
        335 265.447691    0.02319     1.3917     83.500      0.748  45502.275    28.6536     9.6149      0.741    6.63310     9.6112    22.0613   12.00119 1.3340e+02 0.0000e+00
        336 265.447694    0.02326     1.3958     83.750      0.750  45507.436    28.6569     9.6127      0.743    6.63328     9.6118    22.0643   12.00145 1.3334e+02 0.0000e+00
        337 265.447697    0.02333     1.4000     84.000      0.765  45529.695    28.6723     9.6113      0.758    6.63283     9.6146    22.0764   12.00052 1.3361e+02 0.0000e+00
        338 265.447700    0.02340     1.4042     84.250      0.782  45558.825    28.6926     9.6119      0.775    6.63187     9.6177    22.0922   11.99868 1.3407e+02 0.0000e+00
        339 265.447703    0.02347     1.4083     84.500      0.792  45573.386    28.7031     9.6146      0.785    6.63103     9.6192    22.0999   11.99716 1.3435e+02 0.0000e+00
        340 265.447705    0.02354     1.4125     84.750      0.789  45561.267    28.6950     9.6178      0.782    6.63090     9.6179    22.0932   11.99705 1.3432e+02 0.0000e+00
        341 265.447708    0.02361     1.4167     85.000      0.775  45530.555    28.6738     9.6193      0.768    6.63159     9.6142    22.0764   11.99844 1.3423e+02 0.0000e+00
        342 265.447711    0.02368     1.4208     85.250      0.760  45499.291    28.6519     9.6179      0.753    6.63272     9.6097    22.0595   12.00059 1.3413e+02 0.0000e+00
        343 265.447714    0.02375     1.4250     85.500      0.753  45479.539    28.6377     9.6143      0.746    6.63387     9.6058    22.0490   12.00267 1.3425e+02 0.0000e+00
        344 265.447717    0.02382     1.4292     85.750      0.757  45472.405    28.6322     9.6098      0.750    6.63477     9.6032    22.0454   12.00422 1.3489e+02 0.0000e+00
        345 265.447720    0.02389     1.4333     86.000      0.768  45473.912    28.6328     9.6059      0.761    6.63532     9.6020    22.0465   12.00512 1.3547e+02 0.0000e+00
        346 265.447723    0.02396     1.4375     86.250      0.778  45477.893    28.6352     9.6033      0.771    6.63559     9.6014    22.0488   12.00554 1.3524e+02 0.0000e+00
        347 265.447726    0.02403     1.4417     86.500      0.783  45477.305    28.6347     9.6021      0.776    6.63579     9.6005    22.0486   12.00589 1.3467e+02 0.0000e+00
        348 265.447729    0.02410     1.4458     86.750      0.781  45469.436    28.6291     9.6014      0.774    6.63612     9.5989    22.0443   12.00650 1.3445e+02 0.0000e+00
        349 265.447731    0.02417     1.4500     87.000      0.776  45459.416    28.6220     9.6005      0.769    6.63656     9.5973    22.0389   12.00731 1.3452e+02 0.0000e+00
        350 265.447734    0.02424     1.4542     87.250      0.773  45454.200    28.6182     9.5990      0.766    6.63694     9.5962    22.0362   12.00799 1.3477e+02 0.0000e+00
        351 265.447737    0.02431     1.4583     87.500      0.774  45455.804    28.6191     9.5974      0.766    6.63714     9.5958    22.0372   12.00832 1.3526e+02 0.0000e+00
        352 265.447740    0.02438     1.4625     87.750      0.775  45460.151    28.6220     9.5963      0.768    6.63718     9.5956    22.0396   12.00835 1.3581e+02 0.0000e+00
        353 265.447743    0.02444     1.4667     88.000      0.774  45460.066    28.6219     9.5959      0.767    6.63724     9.5949    22.0396   12.00845 1.3622e+02 0.0000e+00
        354 265.447746    0.02451     1.4708     88.250      0.769  45452.721    28.6168     9.5957      0.761    6.63749     9.5934    22.0356   12.00893 1.3618e+02 0.0000e+00
        355 265.447749    0.02458     1.4750     88.500      0.762  45442.594    28.6097     9.5949      0.754    6.63790     9.5917    22.0301   12.00970 1.3546e+02 0.0000e+00
        356 265.447752    0.02465     1.4792     88.750      0.759  45436.748    28.6054     9.5935      0.752    6.63830     9.5907    22.0271   12.01041 1.3444e+02 0.0000e+00
        357 265.447755    0.02472     1.4833     89.000      0.766  45439.161    28.6069     9.5918      0.758    6.63848     9.5910    22.0285   12.01069 1.3401e+02 0.0000e+00
        358 265.447758    0.02479     1.4875     89.250      0.778  45450.804    28.6149     9.5908      0.771    6.63829     9.5926    22.0349   12.01028 1.3477e+02 0.0000e+00
        359 265.447760    0.02486     1.4917     89.500      0.791  45466.884    28.6261     9.5911      0.783    6.63778     9.5945    22.0436   12.00929 1.3645e+02 0.0000e+00
        360 265.447763    0.02493     1.4958     89.750      0.795  45475.470    28.6323     9.5927      0.788    6.63728     9.5957    22.0481   12.00839 1.3787e+02 0.0000e+00
        361 265.447766    0.02500     1.5000     90.000      0.790  45472.187    28.6302     9.5946      0.782    6.63708     9.5956    22.0462   12.00808 1.3789e+02 0.0000e+00
