CTD-processing/allCTD/CNV--turbid/2012_10-12_t9_s04_cast204.cnv
* Sea-Bird SBE19plus Data File:
* FileName = C:\Documents and Settings\kris.holderied.local\My Documents\2012-CTD-DATA-new-files\2012-10-12-CTD-HomerSpit\2012-10-12-HomerSpitLine-cast204.hex
* Software Version 1.54
* Temperature SN =  4141
* Conductivity SN =  4141
* System UpLoad Time = Oct 26 2012 15:20:40
** Kachemak Bay Homer Spit Line
** Date:  2012-10-12
** Station:9-04
** Start time (AKDT-24 hr):1316
** Depth (ft):309
** Comment:
# nquan = 16
# nvalues = 644                         
# units = specified
# name 0 = scan: Scan Count
# name 1 = timeJ: Julian Days
# name 2 = timeH: Time, Elapsed [hours]
# name 3 = timeM: Time, Elapsed [minutes]
# name 4 = timeS: Time, Elapsed [seconds]
# name 5 = prdM: Pressure, Strain Gauge [db]
# name 6 = specc: Specific Conductance [uS/cm]
# name 7 = sal00: Salinity, Practical [PSU]
# name 8 = tv290C: Temperature [ITS-90, deg C]
# name 9 = depSM: Depth [salt water, m], lat = 59.00
# name 10 = oxsolML/L: Oxygen Saturation, Garcia & Gordon [ml/l]
# name 11 = potemp090C: Potential Temperature [ITS-90, deg C]
# name 12 = sigma-é00: Density [sigma-theta, kg/m^3]
# name 13 = n2satML/L: Nitrogen Saturation [ml/l]
# name 14 = par: PAR/Irradiance, Biospherical/Licor
# name 15 = flag:  0.000e+00
# span 0 =          1,        644       
# span 1 = 286.553299, 286.555159       
# span 2 =    0.00000,    0.04465       
# span 3 =     0.0000,     2.6792       
# span 4 =      0.000,    160.750       
# span 5 =     -0.280,     85.875       
# span 6 =   5119.181,  47877.366       
# span 7 =     2.7004,    30.2723       
# span 8 =     8.5471,     9.5730       
# span 9 =     -0.277,     85.055       
# span 10 =    6.57114,    8.03472      
# span 11 =     8.5471,     9.5654      
# span 12 =     1.9420,    23.3328      
# span 13 =   11.87875,   14.69685      
# span 14 = 4.3923e-02, 5.6254e+02      
# span 15 = 0.0000e+00, 0.0000e+00      
# interval = seconds: 0.25
# start_time = Oct 12 2012 13:16:45 [Instrument's time stamp, header]
# bad_flag = -9.990e-29
*END*
[from data line 181]
        182 286.553822    0.01257     0.7542     45.250      0.851  45681.112    28.7219     9.1543      0.843    6.69851     9.1545    22.1841   12.10884 3.3399e+02 0.0000e+00
        183 286.553825    0.01264     0.7583     45.500      0.858  45696.275    28.7324     9.1542      0.850    6.69807     9.1555    22.1924   12.10799 3.3144e+02 0.0000e+00
        184 286.553828    0.01271     0.7625     45.750      0.870  45708.143    28.7407     9.1546      0.861    6.69765     9.1568    22.1988   12.10718 3.4017e+02 0.0000e+00
        185 286.553831    0.01278     0.7667     46.000      0.882  45711.979    28.7435     9.1556      0.873    6.69738     9.1580    22.2008   12.10670 3.3597e+02 0.0000e+00
        186 286.553834    0.01285     0.7708     46.250      0.889  45705.554    28.7392     9.1569      0.880    6.69737     9.1588    22.1972   12.10673 3.2757e+02 0.0000e+00
        187 286.553837    0.01292     0.7750     46.500      0.889  45691.671    28.7297     9.1581      0.880    6.69760     9.1590    22.1896   12.10724 3.3638e+02 0.0000e+00
        188 286.553840    0.01299     0.7792     46.750      0.883  45678.587    28.7207     9.1589      0.874    6.69788     9.1585    22.1825   12.10780 3.5837e+02 0.0000e+00
        189 286.553843    0.01306     0.7833     47.000      0.874  45673.686    28.7173     9.1591      0.866    6.69799     9.1576    22.1798   12.10803 3.8681e+02 0.0000e+00
        190 286.553845    0.01313     0.7875     47.250      0.867  45678.290    28.7205     9.1586      0.859    6.69793     9.1568    22.1824   12.10789 4.3071e+02 0.0000e+00
        191 286.553848    0.01319     0.7917     47.500      0.862  45688.362    28.7274     9.1577      0.854    6.69777     9.1565    22.1879   12.10754 4.6648e+02 0.0000e+00
        192 286.553851    0.01326     0.7958     47.750      0.860  45698.890    28.7346     9.1569      0.852    6.69757     9.1567    22.1936   12.10713 4.6110e+02 0.0000e+00
        193 286.553854    0.01333     0.8000     48.000      0.859  45707.841    28.7408     9.1566      0.851    6.69735     9.1574    22.1985   12.10668 4.3746e+02 0.0000e+00
        194 286.553857    0.01340     0.8042     48.250      0.860  45715.982    28.7465     9.1568      0.852    6.69707     9.1588    22.2030   12.10615 4.2584e+02 0.0000e+00
        195 286.553860    0.01347     0.8083     48.500      0.863  45723.485    28.7518     9.1575      0.855    6.69673     9.1606    22.2070   12.10552 4.2888e+02 0.0000e+00
        196 286.553863    0.01354     0.8125     48.750      0.868  45728.273    28.7553     9.1589      0.860    6.69639     9.1626    22.2095   12.10490 4.2516e+02 0.0000e+00
        197 286.553866    0.01361     0.8167     49.000      0.874  45727.552    28.7550     9.1607      0.866    6.69613     9.1643    22.2090   12.10448 4.0072e+02 0.0000e+00
        198 286.553869    0.01368     0.8208     49.250      0.877  45719.963    28.7500     9.1626      0.869    6.69605     9.1657    22.2048   12.10442 3.7764e+02 0.0000e+00
        199 286.553872    0.01375     0.8250     49.500      0.876  45707.506    28.7415     9.1643      0.868    6.69616     9.1668    22.1979   12.10470 3.7910e+02 0.0000e+00
        200 286.553874    0.01382     0.8292     49.750      0.872  45694.777    28.7328     9.1657      0.864    6.69632     9.1678    22.1910   12.10508 4.1561e+02 0.0000e+00
        201 286.553877    0.01389     0.8333     50.000      0.866  45685.611    28.7266     9.1669      0.858    6.69642     9.1686    22.1859   12.10532 4.5625e+02 0.0000e+00
        202 286.553880    0.01396     0.8375     50.250      0.861  45681.651    28.7240     9.1679      0.853    6.69638     9.1692    22.1837   12.10529 4.4927e+02 0.0000e+00
        203 286.553883    0.01403     0.8417     50.500      0.859  45682.569    28.7247     9.1687      0.851    6.69623     9.1695    22.1842   12.10502 4.1250e+02 0.0000e+00
        204 286.553886    0.01410     0.8458     50.750      0.860  45686.214    28.7273     9.1692      0.852    6.69604     9.1696    22.1861   12.10467 3.9511e+02 0.0000e+00
        205 286.553889    0.01417     0.8500     51.000      0.863  45689.287    28.7295     9.1696      0.855    6.69589     9.1696    22.1877   12.10441 3.9803e+02 0.0000e+00
        206 286.553892    0.01424     0.8542     51.250      0.865  45688.894    28.7292     9.1697      0.857    6.69588     9.1694    22.1875   12.10439 4.0408e+02 0.0000e+00
        207 286.553895    0.01431     0.8583     51.500      0.866  45684.871    28.7264     9.1697      0.858    6.69601     9.1691    22.1854   12.10464 4.1628e+02 0.0000e+00
        208 286.553898    0.01438     0.8625     51.750      0.866  45680.597    28.7235     9.1695      0.858    6.69617     9.1688    22.1831   12.10494 4.1971e+02 0.0000e+00
        209 286.553900    0.01444     0.8667     52.000      0.867  45680.079    28.7231     9.1692      0.859    6.69623     9.1685    22.1828   12.10504 3.9430e+02 0.0000e+00
        210 286.553903    0.01451     0.8708     52.250      0.869  45684.036    28.7258     9.1689      0.860    6.69616     9.1682    22.1850   12.10490 3.6104e+02 0.0000e+00
        211 286.553906    0.01458     0.8750     52.500      0.872  45688.665    28.7290     9.1686      0.863    6.69607     9.1679    22.1875   12.10471 3.4122e+02 0.0000e+00
        212 286.553909    0.01465     0.8792     52.750      0.874  45688.556    28.7289     9.1683      0.865    6.69612     9.1673    22.1874   12.10479 3.3506e+02 0.0000e+00
        213 286.553912    0.01472     0.8833     53.000      0.873  45681.861    28.7242     9.1680      0.864    6.69637     9.1662    22.1838   12.10527 3.3737e+02 0.0000e+00
        214 286.553915    0.01479     0.8875     53.250      0.868  45672.527    28.7176     9.1674      0.860    6.69674     9.1646    22.1788   12.10596 3.4008e+02 0.0000e+00
        215 286.553918    0.01486     0.8917     53.500      0.862  45667.322    28.7139     9.1663      0.853    6.69706     9.1624    22.1760   12.10653 3.4629e+02 0.0000e+00
        216 286.553921    0.01493     0.8958     53.750      0.857  45671.127    28.7163     9.1647      0.848    6.69721     9.1603    22.1782   12.10674 3.6778e+02 0.0000e+00
        217 286.553924    0.01500     0.9000     54.000      0.856  45684.457    28.7253     9.1625      0.848    6.69714     9.1588    22.1855   12.10653 4.0391e+02 0.0000e+00
        218 286.553927    0.01507     0.9042     54.250      0.862  45703.062    28.7379     9.1604      0.854    6.69692     9.1582    22.1957   12.10600 4.2790e+02 0.0000e+00
        219 286.553929    0.01514     0.9083     54.500      0.872  45719.936    28.7495     9.1589      0.864    6.69664     9.1583    22.2050   12.10539 4.2291e+02 0.0000e+00
        220 286.553932    0.01521     0.9125     54.750      0.884  45729.100    28.7558     9.1583      0.876    6.69645     9.1584    22.2100   12.10500 4.1894e+02 0.0000e+00
        221 286.553935    0.01528     0.9167     55.000      0.894  45727.643    28.7548     9.1584      0.885    6.69648     9.1579    22.2092   12.10507 4.2523e+02 0.0000e+00
        222 286.553938    0.01535     0.9208     55.250      0.897  45716.355    28.7469     9.1585      0.889    6.69681     9.1567    22.2030   12.10571 4.2073e+02 0.0000e+00
        223 286.553941    0.01542     0.9250     55.500      0.894  45700.004    28.7355     9.1580      0.885    6.69736     9.1541    22.1942   12.10677 4.1262e+02 0.0000e+00
        224 286.553944    0.01549     0.9292     55.750      0.884  45684.917    28.7248     9.1568      0.876    6.69801     9.1498    22.1861   12.10798 4.0813e+02 0.0000e+00
        225 286.553947    0.01556     0.9333     56.000      0.872  45677.635    28.7195     9.1542      0.863    6.69864     9.1444    22.1823   12.10908 4.0123e+02 0.0000e+00
        226 286.553950    0.01563     0.9375     56.250      0.861  45685.036    28.7241     9.1499      0.853    6.69908     9.1395    22.1865   12.10975 4.0446e+02 0.0000e+00
        227 286.553953    0.01569     0.9417     56.500      0.858  45709.042    28.7401     9.1445      0.850    6.69919     9.1368    22.1998   12.10974 4.3078e+02 0.0000e+00
        228 286.553955    0.01576     0.9458     56.750      0.866  45742.875    28.7630     9.1396      0.858    6.69893     9.1372    22.2184   12.10903 4.5611e+02 0.0000e+00
        229 286.553958    0.01583     0.9500     57.000      0.882  45775.558    28.7854     9.1369      0.874    6.69837     9.1404    22.2363   12.10782 4.4821e+02 0.0000e+00
        230 286.553961    0.01590     0.9542     57.250      0.903  45798.361    28.8013     9.1373      0.894    6.69762     9.1451    22.2486   12.10638 4.1973e+02 0.0000e+00
        231 286.553964    0.01597     0.9583     57.500      0.921  45807.888    28.8083     9.1405      0.912    6.69684     9.1498    22.2536   12.10500 4.0396e+02 0.0000e+00
        232 286.553967    0.01604     0.9625     57.750      0.932  45804.898    28.8068     9.1451      0.923    6.69621     9.1540    22.2518   12.10398 4.0598e+02 0.0000e+00
        233 286.553970    0.01611     0.9667     58.000      0.934  45792.120    28.7985     9.1499      0.925    6.69586     9.1576    22.2446   12.10350 4.0368e+02 0.0000e+00
        234 286.553973    0.01618     0.9708     58.250      0.926  45774.791    28.7870     9.1541      0.918    6.69573     9.1605    22.2350   12.10342 3.8047e+02 0.0000e+00
        235 286.553976    0.01625     0.9750     58.500      0.912  45760.801    28.7777     9.1577      0.903    6.69559     9.1630    22.2272   12.10332 3.5417e+02 0.0000e+00
        236 286.553979    0.01632     0.9792     58.750      0.895  45757.078    28.7755     9.1606      0.886    6.69525     9.1651    22.2250   12.10277 3.4456e+02 0.0000e+00
        237 286.553981    0.01639     0.9833     59.000      0.880  45765.590    28.7817     9.1630      0.872    6.69461     9.1669    22.2295   12.10164 3.4699e+02 0.0000e+00
        238 286.553984    0.01646     0.9875     59.250      0.871  45781.375    28.7930     9.1651      0.863    6.69382     9.1687    22.2380   12.10018 3.5787e+02 0.0000e+00
        239 286.553987    0.01653     0.9917     59.500      0.869  45796.106    28.8035     9.1670      0.861    6.69309     9.1704    22.2459   12.09885 3.6507e+02 0.0000e+00
        240 286.553990    0.01660     0.9958     59.750      0.869  45805.011    28.8099     9.1687      0.861    6.69255     9.1719    22.2507   12.09787 3.5702e+02 0.0000e+00
        241 286.553993    0.01667     1.0000     60.000      0.870  45807.971    28.8121     9.1704      0.862    6.69220     9.1731    22.2522   12.09725 3.5182e+02 0.0000e+00
        242 286.553996    0.01674     1.0042     60.250      0.869  45806.302    28.8112     9.1720      0.861    6.69201     9.1740    22.2512   12.09696 3.5968e+02 0.0000e+00
        243 286.553999    0.01681     1.0083     60.500      0.864  45800.951    28.8076     9.1732      0.856    6.69198     9.1746    22.2482   12.09695 3.6779e+02 0.0000e+00
        244 286.554002    0.01688     1.0125     60.750      0.854  45793.685    28.8027     9.1741      0.846    6.69206     9.1751    22.2442   12.09715 3.7734e+02 0.0000e+00
        245 286.554005    0.01694     1.0167     61.000      0.840  45787.895    28.7987     9.1747      0.832    6.69213     9.1756    22.2410   12.09732 4.0511e+02 0.0000e+00
        246 286.554008    0.01701     1.0208     61.250      0.825  45786.971    28.7981     9.1752      0.817    6.69208     9.1760    22.2405   12.09724 4.3990e+02 0.0000e+00
        247 286.554010    0.01708     1.0250     61.500      0.812  45792.561    28.8021     9.1757      0.804    6.69185     9.1763    22.2436   12.09681 4.4726e+02 0.0000e+00
        248 286.554013    0.01715     1.0292     61.750      0.805  45802.077    28.8088     9.1760      0.797    6.69150     9.1766    22.2487   12.09615 4.3377e+02 0.0000e+00
        249 286.554016    0.01722     1.0333     62.000      0.801  45810.305    28.8145     9.1764      0.793    6.69120     9.1768    22.2532   12.09557 4.3505e+02 0.0000e+00
        250 286.554019    0.01729     1.0375     62.250      0.797  45815.322    28.8180     9.1767      0.790    6.69100     9.1768    22.2559   12.09521 4.4841e+02 0.0000e+00
        251 286.554022    0.01736     1.0417     62.500      0.794  45819.176    28.8207     9.1769      0.786    6.69086     9.1768    22.2580   12.09494 4.5648e+02 0.0000e+00
        252 286.554025    0.01743     1.0458     62.750      0.791  45822.215    28.8229     9.1769      0.783    6.69076     9.1766    22.2596   12.09475 4.5639e+02 0.0000e+00
        253 286.554028    0.01750     1.0500     63.000      0.790  45821.701    28.8225     9.1769      0.782    6.69078     9.1763    22.2593   12.09479 4.5219e+02 0.0000e+00
        254 286.554031    0.01757     1.0542     63.250      0.792  45817.112    28.8193     9.1767      0.784    6.69094     9.1758    22.2568   12.09509 4.6498e+02 0.0000e+00
        255 286.554034    0.01764     1.0583     63.500      0.796  45811.114    28.8151     9.1764      0.789    6.69118     9.1752    22.2536   12.09553 4.8630e+02 0.0000e+00
        256 286.554036    0.01771     1.0625     63.750      0.801  45806.924    28.8121     9.1759      0.793    6.69138     9.1748    22.2513   12.09591 4.8505e+02 0.0000e+00
        257 286.554039    0.01778     1.0667     64.000      0.805  45805.522    28.8111     9.1753      0.797    6.69151     9.1745    22.2506   12.09614 4.7507e+02 0.0000e+00
        258 286.554042    0.01785     1.0708     64.250      0.809  45805.675    28.8111     9.1749      0.801    6.69158     9.1743    22.2507   12.09625 4.6932e+02 0.0000e+00
        259 286.554045    0.01792     1.0750     64.500      0.813  45806.566    28.8117     9.1746      0.805    6.69160     9.1743    22.2512   12.09627 4.5736e+02 0.0000e+00
        260 286.554048    0.01799     1.0792     64.750      0.818  45807.547    28.8123     9.1744      0.811    6.69159     9.1744    22.2518   12.09625 4.4356e+02 0.0000e+00
        261 286.554051    0.01806     1.0833     65.000      0.823  45808.082    28.8127     9.1744      0.816    6.69158     9.1744    22.2521   12.09623 4.2307e+02 0.0000e+00
        262 286.554054    0.01812     1.0875     65.250      0.826  45808.270    28.8128     9.1744      0.818    6.69157     9.1745    22.2522   12.09621 3.9471e+02 0.0000e+00
        263 286.554057    0.01819     1.0917     65.500      0.825  45807.965    28.8126     9.1745      0.817    6.69157     9.1745    22.2520   12.09622 3.7950e+02 0.0000e+00
        264 286.554060    0.01826     1.0958     65.750      0.822  45806.596    28.8117     9.1745      0.814    6.69161     9.1745    22.2512   12.09628 3.8754e+02 0.0000e+00
        265 286.554062    0.01833     1.1000     66.000      0.820  45804.783    28.8104     9.1745      0.812    6.69166     9.1745    22.2502   12.09638 4.1070e+02 0.0000e+00
        266 286.554065    0.01840     1.1042     66.250      0.820  45804.848    28.8105     9.1745      0.812    6.69166     9.1747    22.2503   12.09638 4.2363e+02 0.0000e+00
        267 286.554068    0.01847     1.1083     66.500      0.822  45808.172    28.8128     9.1746      0.814    6.69155     9.1751    22.2521   12.09617 4.0911e+02 0.0000e+00
        268 286.554071    0.01854     1.1125     66.750      0.825  45813.506    28.8165     9.1748      0.817    6.69136     9.1755    22.2550   12.09581 3.9318e+02 0.0000e+00
        269 286.554074    0.01861     1.1167     67.000      0.825  45817.845    28.8196     9.1752      0.817    6.69117     9.1759    22.2573   12.09546 4.0319e+02 0.0000e+00
        270 286.554077    0.01868     1.1208     67.250      0.823  45818.089    28.8198     9.1756      0.815    6.69109     9.1760    22.2574   12.09533 4.2760e+02 0.0000e+00
        271 286.554080    0.01875     1.1250     67.500      0.818  45813.914    28.8169     9.1760      0.810    6.69116     9.1757    22.2551   12.09548 4.4246e+02 0.0000e+00
