CTD-processing/allCTD/CNV--turbid/2012_09-21_t9_s06_repeat2_cast158.cnv
* Sea-Bird SBE19plus Data File:
* FileName = C:\Documents and Settings\kris.holderied.local\My Documents\2012-CTD-DATA-new-files\2012-09-21-CTD-HomerSpit-tide-time-series-KBRRctd\2012-09-21-CTD-HomerSpit-tide-repeat2\2012-09-21-HomerSpit-tide-repeat2158.hex
* Software Version 1.54
* Temperature SN =  4141
* Conductivity SN =  4141
* System UpLoad Time = Oct 11 2012 18:28:49
** Kachemak Bay Homer Spit Line - Tidal repeat2
** Date:  2012-09-21
** Station: 9-06
** Start time (AKDT-24 hr): 1136
** Depth (ft): 335
** Comment:Still turbid water.  Collection of debris nearby with weak indication of front to NE.
# nquan = 16
# nvalues = 693                         
# units = specified
# name 0 = scan: Scan Count
# name 1 = timeJ: Julian Days
# name 2 = timeH: Time, Elapsed [hours]
# name 3 = timeM: Time, Elapsed [minutes]
# name 4 = timeS: Time, Elapsed [seconds]
# name 5 = prdM: Pressure, Strain Gauge [db]
# name 6 = specc: Specific Conductance [uS/cm]
# name 7 = sal00: Salinity, Practical [PSU]
# name 8 = tv290C: Temperature [ITS-90, deg C]
# name 9 = depSM: Depth [salt water, m], lat = 59.00
# name 10 = oxsolML/L: Oxygen Saturation, Garcia & Gordon [ml/l]
# name 11 = potemp090C: Potential Temperature [ITS-90, deg C]
# name 12 = sigma-é00: Density [sigma-theta, kg/m^3]
# name 13 = n2satML/L: Nitrogen Saturation [ml/l]
# name 14 = par: PAR/Irradiance, Biospherical/Licor
# name 15 = flag:  0.000e+00
# span 0 =          1,        693       
# span 1 = 265.483125, 265.485127       
# span 2 =    0.00000,    0.04806       
# span 3 =     0.0000,     2.8833       
# span 4 =      0.000,    173.000       
# span 5 =     -0.090,     98.090       
# span 6 =  28853.322,  48673.547       
# span 7 =    17.4896,    30.8076       
# span 8 =     9.3300,     9.7103       
# span 9 =     -0.089,     97.150       
# span 10 =    6.55322,    7.12367      
# span 11 =     9.3299,     9.7083      
# span 12 =    13.3643,    23.7728      
# span 13 =   11.84573,   12.96255      
# span 14 = 6.8716e-02, 2.0309e+03      
# span 15 = 0.0000e+00, 0.0000e+00      
# interval = seconds: 0.25
# start_time = Sep 21 2012 11:35:42 [Instrument's time stamp, header]
# bad_flag = -9.990e-29
*END*
          1 265.483125    0.00000     0.0000      0.000     -0.085  41844.013    26.1360     9.6671     -0.084    6.73388     9.6666    20.0912   12.19981 4.7640e+02 0.0000e+00
          2 265.483128    0.00007     0.0042      0.250     -0.085  41449.475    25.8700     9.6669     -0.084    6.74571     9.6665    19.8842   12.22292 5.6076e+02 0.0000e+00
          3 265.483131    0.00014     0.0083      0.500     -0.085  40792.232    25.4270     9.6666     -0.084    6.76538     9.6662    19.5394   12.26136 6.9863e+02 0.0000e+00
          4 265.483134    0.00021     0.0125      0.750     -0.086  39718.797    24.7037     9.6665     -0.085    6.79748     9.6657    18.9764   12.32411 9.2080e+02 0.0000e+00
          5 265.483137    0.00028     0.0167      1.000     -0.087  38261.157    23.7254     9.6662     -0.086    6.84111     9.6648    18.2150   12.40941 1.2450e+03 0.0000e+00
          6 265.483139    0.00035     0.0208      1.250     -0.088  36362.122    22.4581     9.6657     -0.087    6.89803     9.6634    17.2289   12.52078 1.5836e+03 0.0000e+00
          7 265.483142    0.00042     0.0250      1.500     -0.089  33643.086    20.6509     9.6648     -0.088    6.97961     9.6614    15.8230   12.68045 1.8203e+03 0.0000e+00
          8 265.483145    0.00049     0.0292      1.750     -0.089  30685.726    18.6933     9.6634     -0.088    7.06844     9.6587    14.3003   12.85438 1.9510e+03 0.0000e+00
          9 265.483148    0.00056     0.0333      2.000     -0.090  28853.322    17.4896     9.6614     -0.089    7.12367     9.6547    13.3643   12.96255 2.0156e+03 0.0000e+00
         10 265.483151    0.00063     0.0375      2.250     -0.090  28970.289    17.5745     9.6587     -0.089    7.12060     9.6488    13.4309   12.95650 2.0309e+03 0.0000e+00
         11 265.483154    0.00069     0.0417      2.500     -0.090  31200.082    19.0517     9.6547     -0.089    7.05444     9.6406    14.5807   12.82674 2.0071e+03 0.0000e+00
         12 265.483157    0.00076     0.0458      2.750     -0.088  34378.796    21.1626     9.6488     -0.087    6.96018     9.6309    16.2240   12.64193 1.9612e+03 0.0000e+00
         13 265.483160    0.00083     0.0500      3.000     -0.084  36753.151    22.7470     9.6406     -0.083    6.89039     9.6209    17.4580   12.50499 1.8925e+03 0.0000e+00
         14 265.483163    0.00090     0.0542      3.250     -0.076  37734.797    23.4062     9.6309     -0.075    6.86253     9.6102    17.9723   12.45008 1.7831e+03 0.0000e+00
         15 265.483166    0.00097     0.0583      3.500     -0.063  37446.727    23.2209     9.6209     -0.062    6.87274     9.5968    17.8296   12.46968 1.6850e+03 0.0000e+00
         16 265.483168    0.00104     0.0625      3.750     -0.045  35827.062    22.1524     9.6102     -0.044    6.92293     9.5780    16.9995   12.56751 1.6592e+03 0.0000e+00
         17 265.483171    0.00111     0.0667      4.000     -0.024  34278.519    21.1195     9.5968     -0.024    6.97138     9.5531    16.1973   12.66171 1.6588e+03 0.0000e+00
         18 265.483174    0.00118     0.0708      4.250     -0.005  34719.314    21.3882     9.5780     -0.005    6.96108     9.5269    16.4087   12.64048 1.6351e+03 0.0000e+00
         19 265.483177    0.00125     0.0750      4.500      0.009  36178.140    22.3355     9.5531      0.009    6.92126     9.5056    17.1491   12.56123 1.5945e+03 0.0000e+00
         20 265.483180    0.00132     0.0792      4.750      0.017  37078.097    22.9244     9.5269      0.016    6.89848     9.4929    17.6111   12.51538 1.5454e+03 0.0000e+00
         21 265.483183    0.00139     0.0833      5.000      0.019  37118.782    22.9458     9.5056      0.018    6.90073     9.4903    17.6308   12.51879 1.4927e+03 0.0000e+00
         22 265.483186    0.00146     0.0875      5.250      0.017  35979.763    22.1794     9.4929      0.017    6.93704     9.4963    17.0359   12.58919 1.4376e+03 0.0000e+00
         23 265.483189    0.00153     0.0917      5.500      0.018  33799.030    20.7194     9.4903      0.017    7.00309     9.5067    15.8995   12.71821 1.3764e+03 0.0000e+00
         24 265.483192    0.00160     0.0958      5.750      0.024  31877.591    19.4365     9.4963      0.024    7.05994     9.5159    14.8999   12.82965 1.2967e+03 0.0000e+00
         25 265.483194    0.00167     0.1000      6.000      0.041  31514.989    19.1899     9.5068      0.040    7.06913     9.5197    14.7065   12.84806 1.2289e+03 0.0000e+00
         26 265.483197    0.00174     0.1042      6.250      0.069  32575.493    19.8905     9.5159      0.069    7.03571     9.5158    15.2505   12.78303 1.2123e+03 0.0000e+00
         27 265.483200    0.00181     0.1083      6.500      0.115  34482.885    21.1641     9.5197      0.114    6.97773     9.5022    16.2415   12.66982 1.1976e+03 0.0000e+00
         28 265.483203    0.00187     0.1125      6.750      0.184  36813.295    22.7272     9.5158      0.183    6.90834     9.4788    17.4591   12.53399 1.1356e+03 0.0000e+00
         29 265.483206    0.00194     0.1167      7.000      0.278  38739.865    24.0203     9.5022      0.276    6.85261     9.4494    18.4678   12.42445 1.0147e+03 0.0000e+00
         30 265.483209    0.00201     0.1208      7.250      0.387  39923.698    24.8137     9.4789      0.383    6.82070     9.4195    19.0889   12.36106 8.5253e+02 0.0000e+00
         31 265.483212    0.00208     0.1250      7.500      0.496  40648.664    25.2982     9.4495      0.491    6.80353     9.3933    19.4704   12.32619 7.1768e+02 0.0000e+00
         32 265.483215    0.00215     0.1292      7.750      0.592  41115.262    25.6092     9.4196      0.586    6.79419     9.3731    19.7170   12.30663 6.4014e+02 0.0000e+00
         33 265.483218    0.00222     0.1333      8.000      0.665  41436.031    25.8230     9.3934      0.659    6.78866     9.3596    19.8873   12.29466 6.0542e+02 0.0000e+00
         34 265.483220    0.00229     0.1375      8.250      0.713  41678.415    25.9851     9.3732      0.706    6.78455     9.3526    20.0165   12.28574 5.9577e+02 0.0000e+00
         35 265.483223    0.00236     0.1417      8.500      0.740  41887.511    26.1261     9.3597      0.733    6.78039     9.3511    20.1283   12.27702 5.9186e+02 0.0000e+00
         36 265.483226    0.00243     0.1458      8.750      0.753  42079.640    26.2566     9.3527      0.746    6.77571     9.3531    20.2310   12.26760 5.8544e+02 0.0000e+00
         37 265.483229    0.00250     0.1500      9.000      0.756  42243.917    26.3689     9.3512      0.749    6.77102     9.3569    20.3188   12.25841 5.8145e+02 0.0000e+00
         38 265.483232    0.00257     0.1542      9.250      0.754  42367.828    26.4541     9.3532      0.746    6.76699     9.3610    20.3850   12.25064 5.8731e+02 0.0000e+00
         39 265.483235    0.00264     0.1583      9.500      0.749  42449.426    26.5105     9.3570      0.742    6.76395     9.3649    20.4284   12.24488 5.9394e+02 0.0000e+00
         40 265.483238    0.00271     0.1625      9.750      0.746  42496.951    26.5435     9.3611      0.739    6.76187     9.3683    20.4536   12.24102 5.8879e+02 0.0000e+00
         41 265.483241    0.00278     0.1667     10.000      0.748  42522.223    26.5613     9.3650      0.741    6.76051     9.3712    20.4668   12.23853 5.7500e+02 0.0000e+00
         42 265.483244    0.00285     0.1708     10.250      0.757  42533.308    26.5692     9.3684      0.750    6.75965     9.3736    20.4725   12.23700 5.6476e+02 0.0000e+00
         43 265.483247    0.00292     0.1750     10.500      0.770  42535.761    26.5712     9.3713      0.763    6.75912     9.3756    20.4737   12.23610 5.6200e+02 0.0000e+00
         44 265.483249    0.00299     0.1792     10.750      0.783  42534.977    26.5709     9.3737      0.776    6.75878     9.3773    20.4731   12.23553 5.5884e+02 0.0000e+00
         45 265.483252    0.00306     0.1833     11.000      0.792  42535.832    26.5717     9.3756      0.785    6.75844     9.3788    20.4734   12.23496 5.5038e+02 0.0000e+00
         46 265.483255    0.00313     0.1875     11.250      0.794  42541.732    26.5759     9.3774      0.786    6.75800     9.3801    20.4765   12.23417 5.3817e+02 0.0000e+00
         47 265.483258    0.00319     0.1917     11.500      0.790  42554.122    26.5846     9.3789      0.783    6.75739     9.3811    20.4830   12.23304 5.2659e+02 0.0000e+00
         48 265.483261    0.00326     0.1958     11.750      0.785  42569.882    26.5956     9.3802      0.778    6.75671     9.3818    20.4914   12.23178 5.2237e+02 0.0000e+00
         49 265.483264    0.00333     0.2000     12.000      0.785  42582.121    26.6042     9.3812      0.778    6.75619     9.3826    20.4979   12.23081 5.2302e+02 0.0000e+00
         50 265.483267    0.00340     0.2042     12.250      0.792  42590.161    26.6098     9.3819      0.785    6.75584     9.3836    20.5022   12.23015 5.2264e+02 0.0000e+00
         51 265.483270    0.00347     0.2083     12.500      0.804  42599.463    26.6163     9.3827      0.797    6.75544     9.3848    20.5072   12.22940 5.2677e+02 0.0000e+00
         52 265.483273    0.00354     0.2125     12.750      0.818  42611.209    26.6245     9.3837      0.810    6.75492     9.3859    20.5134   12.22845 5.4067e+02 0.0000e+00
         53 265.483275    0.00361     0.2167     13.000      0.828  42624.210    26.6336     9.3849      0.820    6.75434     9.3865    20.5203   12.22738 5.5685e+02 0.0000e+00
         54 265.483278    0.00368     0.2208     13.250      0.831  42638.504    26.6436     9.3860      0.823    6.75374     9.3865    20.5280   12.22626 5.6614e+02 0.0000e+00
         55 265.483281    0.00375     0.2250     13.500      0.828  42651.173    26.6524     9.3866      0.820    6.75327     9.3860    20.5347   12.22537 5.7217e+02 0.0000e+00
         56 265.483284    0.00382     0.2292     13.750      0.823  42656.056    26.6558     9.3866      0.815    6.75312     9.3851    20.5374   12.22508 5.8106e+02 0.0000e+00
         57 265.483287    0.00389     0.2333     14.000      0.821  42649.145    26.6509     9.3861      0.813    6.75341     9.3839    20.5337   12.22562 5.8798e+02 0.0000e+00
         58 265.483290    0.00396     0.2375     14.250      0.823  42632.362    26.6393     9.3852      0.815    6.75406     9.3827    20.5247   12.22684 5.8842e+02 0.0000e+00
         59 265.483293    0.00403     0.2417     14.500      0.828  42612.283    26.6253     9.3840      0.821    6.75484     9.3815    20.5140   12.22831 5.8412e+02 0.0000e+00
         60 265.483296    0.00410     0.2458     14.750      0.835  42594.458    26.6129     9.3828      0.827    6.75557     9.3806    20.5045   12.22967 5.6617e+02 0.0000e+00
         61 265.483299    0.00417     0.2500     15.000      0.839  42580.060    26.6028     9.3816      0.832    6.75618     9.3799    20.4968   12.23081 5.3572e+02 0.0000e+00
         62 265.483302    0.00424     0.2542     15.250      0.840  42569.191    26.5952     9.3807      0.832    6.75665     9.3792    20.4910   12.23169 5.1248e+02 0.0000e+00
         63 265.483304    0.00431     0.2583     15.500      0.836  42561.079    26.5895     9.3800      0.828    6.75701     9.3783    20.4867   12.23235 5.0345e+02 0.0000e+00
         64 265.483307    0.00438     0.2625     15.750      0.832  42551.896    26.5831     9.3793      0.824    6.75739     9.3768    20.4818   12.23306 5.0740e+02 0.0000e+00
         65 265.483310    0.00444     0.2667     16.000      0.830  42538.593    26.5739     9.3784      0.823    6.75793     9.3748    20.4747   12.23409 5.2299e+02 0.0000e+00
         66 265.483313    0.00451     0.2708     16.250      0.835  42522.100    26.5624     9.3769      0.827    6.75865     9.3724    20.4659   12.23543 5.4565e+02 0.0000e+00
         67 265.483316    0.00458     0.2750     16.500      0.843  42504.395    26.5499     9.3749      0.835    6.75950     9.3697    20.4565   12.23698 5.6066e+02 0.0000e+00
         68 265.483319    0.00465     0.2792     16.750      0.852  42487.333    26.5379     9.3725      0.844    6.76040     9.3672    20.4475   12.23862 5.6069e+02 0.0000e+00
         69 265.483322    0.00472     0.2833     17.000      0.856  42473.969    26.5284     9.3698      0.848    6.76122     9.3654    20.4405   12.24010 5.5776e+02 0.0000e+00
         70 265.483325    0.00479     0.2875     17.250      0.852  42466.696    26.5231     9.3673      0.844    6.76182     9.3644    20.4367   12.24117 5.5868e+02 0.0000e+00
         71 265.483328    0.00486     0.2917     17.500      0.843  42466.068    26.5225     9.3655      0.835    6.76212     9.3638    20.4365   12.24168 5.6683e+02 0.0000e+00
         72 265.483330    0.00493     0.2958     17.750      0.832  42470.579    26.5255     9.3644      0.824    6.76214     9.3631    20.4390   12.24168 5.6826e+02 0.0000e+00
         73 265.483333    0.00500     0.3000     18.000      0.825  42473.789    26.5276     9.3639      0.817    6.76213     9.3615    20.4408   12.24164 5.4764e+02 0.0000e+00
         74 265.483336    0.00507     0.3042     18.250      0.827  42466.998    26.5229     9.3631      0.819    6.76246     9.3591    20.4372   12.24224 5.2233e+02 0.0000e+00
         75 265.483339    0.00514     0.3083     18.500      0.836  42449.192    26.5105     9.3616      0.829    6.76323     9.3559    20.4277   12.24368 5.0522e+02 0.0000e+00
         76 265.483342    0.00521     0.3125     18.750      0.849  42426.994    26.4949     9.3592      0.841    6.76428     9.3523    20.4159   12.24562 4.9645e+02 0.0000e+00
         77 265.483345    0.00528     0.3167     19.000      0.858  42404.635    26.4792     9.3560      0.850    6.76545     9.3486    20.4041   12.24775 4.9738e+02 0.0000e+00
         78 265.483348    0.00535     0.3208     19.250      0.858  42381.215    26.4626     9.3524      0.850    6.76671     9.3449    20.3917   12.25005 5.0815e+02 0.0000e+00
         79 265.483351    0.00542     0.3250     19.500      0.850  42354.186    26.4436     9.3487      0.842    6.76810     9.3413    20.3774   12.25259 5.2562e+02 0.0000e+00
         80 265.483354    0.00549     0.3292     19.750      0.837  42323.178    26.4219     9.3449      0.829    6.76961     9.3381    20.3610   12.25538 5.4024e+02 0.0000e+00
         81 265.483356    0.00556     0.3333     20.000      0.825  42292.514    26.4004     9.3413      0.817    6.77109     9.3354    20.3448   12.25811 5.4285e+02 0.0000e+00
         82 265.483359    0.00562     0.3375     20.250      0.821  42266.598    26.3822     9.3382      0.813    6.77237     9.3333    20.3310   12.26046 5.3528e+02 0.0000e+00
         83 265.483362    0.00569     0.3417     20.500      0.826  42245.944    26.3677     9.3355      0.818    6.77341     9.3318    20.3201   12.26236 5.2708e+02 0.0000e+00
         84 265.483365    0.00576     0.3458     20.750      0.838  42231.124    26.3572     9.3334      0.830    6.77418     9.3308    20.3123   12.26378 5.1984e+02 0.0000e+00
         85 265.483368    0.00583     0.3500     21.000      0.852  42224.065    26.3522     9.3319      0.843    6.77463     9.3303    20.3086   12.26459 5.1381e+02 0.0000e+00
         86 265.483371    0.00590     0.3542     21.250      0.863  42224.790    26.3526     9.3309      0.854    6.77476     9.3301    20.3090   12.26480 5.1172e+02 0.0000e+00
         87 265.483374    0.00597     0.3583     21.500      0.867  42227.568    26.3544     9.3304      0.858    6.77476     9.3300    20.3105   12.26477 5.1596e+02 0.0000e+00
         88 265.483377    0.00604     0.3625     21.750      0.864  42221.591    26.3503     9.3302      0.855    6.77497     9.3299    20.3073   12.26518 5.2341e+02 0.0000e+00
         89 265.483380    0.00611     0.3667     22.000      0.855  42202.774    26.3373     9.3301      0.847    6.77555     9.3299    20.2973   12.26631 5.2695e+02 0.0000e+00
         90 265.483383    0.00618     0.3708     22.250      0.844  42176.920    26.3195     9.3300      0.836    6.77634     9.3301    20.2834   12.26784 5.2716e+02 0.0000e+00
