CTD-processing/allCTD/CNV--turbid/2012_08-15_alongbay_s06_inner-cast011.cnv
* Sea-Bird SBE19plus Data File:
* FileName = C:\Documents and Settings\kris.holderied.local\My Documents\2012-08-15-KBay-along-bay-inner\2012-08-15-Kbay-along-bay-inner-cast011.hex
* Software Version 1.54
* Temperature SN =  5028
* Conductivity SN =  5028
* System UpLoad Time = Aug 23 2012 21:21:47
** Kachemak Bay - Along-bay CTD survey, inner bay
** Date:  2012-08-15
** Station: KB-06
** Start time (AKDT-24 hr): 0949
** Depth (ft): 314
** Comment: None
# nquan = 16
# nvalues = 567                         
# units = specified
# name 0 = scan: Scan Count
# name 1 = timeJ: Julian Days
# name 2 = timeH: Time, Elapsed [hours]
# name 3 = timeM: Time, Elapsed [minutes]
# name 4 = timeS: Time, Elapsed [seconds]
# name 5 = prdM: Pressure, Strain Gauge [db]
# name 6 = specc: Specific Conductance [uS/cm]
# name 7 = sal00: Salinity, Practical [PSU]
# name 8 = tv290C: Temperature [ITS-90, deg C]
# name 9 = depSM: Depth [salt water, m], lat = 59.00
# name 10 = oxsolML/L: Oxygen Saturation, Garcia & Gordon [ml/l]
# name 11 = potemp090C: Potential Temperature [ITS-90, deg C]
# name 12 = sigma-é00: Density [sigma-theta, kg/m^3]
# name 13 = n2satML/L: Nitrogen Saturation [ml/l]
# name 14 = par: PAR/Irradiance, Biospherical/Licor [umol photons/m^2/sec]
# name 15 = flag:  0.000e+00
# span 0 =          1,        567       
# span 1 = 228.409074, 228.410712       
# span 2 =    0.00000,    0.03931       
# span 3 =     0.0000,     2.3583       
# span 4 =      0.000,    141.500       
# span 5 =      0.006,     86.280       
# span 6 =      2.841,  49383.345       
# span 7 =     0.0072,    31.1881       
# span 8 =     8.5626,    13.1074       
# span 9 =      0.006,     85.455       
# span 10 =    6.32620,    7.35529      
# span 11 =     8.5540,    13.1074      
# span 12 =    -0.6292,    24.2016      
# span 13 =   11.50780,   13.58747      
# span 14 = 6.5012e-02, 1.3123e+02      
# span 15 = 0.0000e+00, 0.0000e+00      
# interval = seconds: 0.25
# start_time = Aug 15 2012 09:49:04 [Instrument's time stamp, header]
# bad_flag = -9.990e-29
*END*
[from data line 91]
         92 228.409337    0.00632     0.3792     22.750      0.890  40256.333    25.2837    12.5389      0.882    6.36000    12.5345    18.9625   11.58797 5.5485e+01 0.0000e+00
         93 228.409340    0.00639     0.3833     23.000      0.893  40275.271    25.2967    12.5365      0.885    6.35981    12.5329    18.9730   11.58749 5.5528e+01 0.0000e+00
         94 228.409343    0.00646     0.3875     23.250      0.896  40289.205    25.3062    12.5346      0.887    6.35969    12.5315    18.9807   11.58717 5.5589e+01 0.0000e+00
         95 228.409346    0.00653     0.3917     23.500      0.896  40298.376    25.3124    12.5330      0.887    6.35965    12.5302    18.9858   11.58704 5.5717e+01 0.0000e+00
         96 228.409349    0.00660     0.3958     23.750      0.894  40304.870    25.3168    12.5316      0.885    6.35967    12.5288    18.9894   11.58701 5.5833e+01 0.0000e+00
         97 228.409352    0.00667     0.4000     24.000      0.891  40314.917    25.3237    12.5303      0.882    6.35958    12.5275    18.9949   11.58678 5.5801e+01 0.0000e+00
         98 228.409355    0.00674     0.4042     24.250      0.888  40331.074    25.3348    12.5289      0.880    6.35932    12.5262    19.0038   11.58622 5.5645e+01 0.0000e+00
         99 228.409358    0.00681     0.4083     24.500      0.886  40348.611    25.3468    12.5276      0.878    6.35902    12.5252    19.0133   11.58558 5.5487e+01 0.0000e+00
        100 228.409361    0.00688     0.4125     24.750      0.886  40363.293    25.3569    12.5263      0.878    6.35878    12.5245    19.0213   11.58507 5.5340e+01 0.0000e+00
        101 228.409363    0.00694     0.4167     25.000      0.888  40374.312    25.3645    12.5253      0.879    6.35862    12.5241    19.0274   11.58470 5.5126e+01 0.0000e+00
        102 228.409366    0.00701     0.4208     25.250      0.891  40381.970    25.3697    12.5246      0.882    6.35851    12.5239    19.0315   11.58445 5.4877e+01 0.0000e+00
        103 228.409369    0.00708     0.4250     25.500      0.894  40386.587    25.3729    12.5242      0.886    6.35844    12.5239    19.0341   11.58430 5.4764e+01 0.0000e+00
        104 228.409372    0.00715     0.4292     25.750      0.897  40388.215    25.3740    12.5240      0.888    6.35842    12.5242    19.0350   11.58425 5.4897e+01 0.0000e+00
        105 228.409375    0.00722     0.4333     26.000      0.897  40388.180    25.3740    12.5241      0.889    6.35841    12.5245    19.0349   11.58424 5.5201e+01 0.0000e+00
        106 228.409378    0.00729     0.4375     26.250      0.894  40388.900    25.3746    12.5243      0.886    6.35835    12.5245    19.0353   11.58414 5.5504e+01 0.0000e+00
        107 228.409381    0.00736     0.4417     26.500      0.889  40389.432    25.3750    12.5246      0.881    6.35830    12.5242    19.0355   11.58404 5.5683e+01 0.0000e+00
        108 228.409384    0.00743     0.4458     26.750      0.885  40389.007    25.3747    12.5247      0.877    6.35831    12.5239    19.0353   11.58406 5.5737e+01 0.0000e+00
        109 228.409387    0.00750     0.4500     27.000      0.883  40388.143    25.3740    12.5244      0.875    6.35837    12.5237    19.0349   11.58417 5.5691e+01 0.0000e+00
        110 228.409389    0.00757     0.4542     27.250      0.885  40381.210    25.3692    12.5240      0.877    6.35861    12.5240    19.0312   11.58463 5.5534e+01 0.0000e+00
        111 228.409392    0.00764     0.4583     27.500      0.891  40361.120    25.3552    12.5238      0.882    6.35919    12.5251    19.0205   11.58576 5.5348e+01 0.0000e+00
        112 228.409395    0.00771     0.4625     27.750      0.897  40322.629    25.3286    12.5241      0.889    6.36021    12.5271    18.9998   11.58778 5.5322e+01 0.0000e+00
        113 228.409398    0.00778     0.4667     28.000      0.902  40260.062    25.2853    12.5252      0.893    6.36179    12.5302    18.9662   11.59093 5.5583e+01 0.0000e+00
        114 228.409401    0.00785     0.4708     28.250      0.902  40179.425    25.2296    12.5272      0.894    6.36374    12.5347    18.9228   11.59484 5.6059e+01 0.0000e+00
        115 228.409404    0.00792     0.4750     28.500      0.898  40102.040    25.1762    12.5304      0.889    6.36544    12.5403    18.8810   11.59831 5.6510e+01 0.0000e+00
        116 228.409407    0.00799     0.4792     28.750      0.891  40051.925    25.1419    12.5348      0.883    6.36622    12.5463    18.8537   11.60001 5.6727e+01 0.0000e+00
        117 228.409410    0.00806     0.4833     29.000      0.886  40047.522    25.1392    12.5405      0.877    6.36556    12.5511    18.8506   11.59895 5.6701e+01 0.0000e+00
        118 228.409413    0.00813     0.4875     29.250      0.884  40084.656    25.1654    12.5464      0.876    6.36372    12.5540    18.8698   11.59557 5.6484e+01 0.0000e+00
        119 228.409416    0.00819     0.4917     29.500      0.888  40133.308    25.1994    12.5512      0.879    6.36171    12.5551    18.8952   11.59181 5.6110e+01 0.0000e+00
        120 228.409418    0.00826     0.4958     29.750      0.893  40162.353    25.2197    12.5541      0.885    6.36050    12.5552    18.9104   11.58956 5.5756e+01 0.0000e+00
        121 228.409421    0.00833     0.5000     30.000      0.899  40154.320    25.2143    12.5552      0.890    6.36057    12.5551    18.9060   11.58974 5.5662e+01 0.0000e+00
        122 228.409424    0.00840     0.5042     30.250      0.902  40110.970    25.1842    12.5553      0.893    6.36175    12.5552    18.8828   11.59208 5.5894e+01 0.0000e+00
        123 228.409427    0.00847     0.5083     30.500      0.902  40053.680    25.1445    12.5552      0.893    6.36335    12.5560    18.8521   11.59522 5.6293e+01 0.0000e+00
        124 228.409430    0.00854     0.5125     30.750      0.900  40005.451    25.1111    12.5553      0.891    6.36467    12.5580    18.8263   11.59781 5.6641e+01 0.0000e+00
        125 228.409433    0.00861     0.5167     31.000      0.897  39974.497    25.0898    12.5561      0.888    6.36542    12.5610    18.8097   11.59931 5.6862e+01 0.0000e+00
        126 228.409436    0.00868     0.5208     31.250      0.893  39958.268    25.0787    12.5581      0.885    6.36559    12.5644    18.8007   11.59973 5.7024e+01 0.0000e+00
        127 228.409439    0.00875     0.5250     31.500      0.891  39952.225    25.0747    12.5611      0.882    6.36534    12.5674    18.7971   11.59935 5.7176e+01 0.0000e+00
        128 228.409442    0.00882     0.5292     31.750      0.889  39953.936    25.0761    12.5645      0.880    6.36482    12.5697    18.7976   11.59847 5.7267e+01 0.0000e+00
        129 228.409444    0.00889     0.5333     32.000      0.887  39965.468    25.0843    12.5675      0.879    6.36409    12.5709    18.8034   11.59715 5.7208e+01 0.0000e+00
        130 228.409447    0.00896     0.5375     32.250      0.887  39991.649    25.1026    12.5698      0.878    6.36306    12.5710    18.8172   11.59522 5.7069e+01 0.0000e+00
        131 228.409450    0.00903     0.5417     32.500      0.888  40034.111    25.1321    12.5710      0.880    6.36172    12.5701    18.8397   11.59264 5.7020e+01 0.0000e+00
        132 228.409453    0.00910     0.5458     32.750      0.891  40085.041    25.1674    12.5711      0.883    6.36030    12.5688    18.8670   11.58986 5.7036e+01 0.0000e+00
        133 228.409456    0.00917     0.5500     33.000      0.894  40126.229    25.1959    12.5702      0.886    6.35928    12.5677    18.8891   11.58782 5.6980e+01 0.0000e+00
        134 228.409459    0.00924     0.5542     33.250      0.896  40139.811    25.2052    12.5689      0.887    6.35909    12.5674    18.8966   11.58738 5.6880e+01 0.0000e+00
        135 228.409462    0.00931     0.5583     33.500      0.895  40124.718    25.1946    12.5678      0.886    6.35965    12.5679    18.8886   11.58844 5.6904e+01 0.0000e+00
        136 228.409465    0.00937     0.5625     33.750      0.891  40099.199    25.1769    12.5675      0.882    6.36041    12.5694    18.8750   11.58991 5.7108e+01 0.0000e+00
        137 228.409468    0.00944     0.5667     34.000      0.886  40085.710    25.1676    12.5680      0.877    6.36071    12.5717    18.8677   11.59052 5.7268e+01 0.0000e+00
        138 228.409470    0.00951     0.5708     34.250      0.881  40095.626    25.1746    12.5695      0.873    6.36022    12.5740    18.8728   11.58963 5.7166e+01 0.0000e+00
        139 228.409473    0.00958     0.5750     34.500      0.879  40124.734    25.1949    12.5718      0.871    6.35910    12.5754    18.8881   11.58752 5.6938e+01 0.0000e+00
        140 228.409476    0.00965     0.5792     34.750      0.880  40158.418    25.2184    12.5741      0.872    6.35786    12.5760    18.9059   11.58517 5.6813e+01 0.0000e+00
        141 228.409479    0.00972     0.5833     35.000      0.883  40182.073    25.2349    12.5755      0.874    6.35700    12.5763    18.9183   11.58355 5.6800e+01 0.0000e+00
        142 228.409482    0.00979     0.5875     35.250      0.884  40188.491    25.2394    12.5761      0.876    6.35674    12.5764    18.9217   11.58306 5.6785e+01 0.0000e+00
        143 228.409485    0.00986     0.5917     35.500      0.884  40181.704    25.2347    12.5764      0.875    6.35690    12.5763    18.9181   11.58338 5.6757e+01 0.0000e+00
        144 228.409488    0.00993     0.5958     35.750      0.882  40175.618    25.2305    12.5765      0.874    6.35705    12.5756    18.9148   11.58367 5.6791e+01 0.0000e+00
        145 228.409491    0.01000     0.6000     36.000      0.880  40182.504    25.2353    12.5764      0.872    6.35687    12.5741    18.9185   11.58332 5.6827e+01 0.0000e+00
        146 228.409494    0.01007     0.6042     36.250      0.879  40201.934    25.2487    12.5757      0.871    6.35643    12.5721    18.9290   11.58244 5.6702e+01 0.0000e+00
        147 228.409497    0.01014     0.6083     36.500      0.879  40221.497    25.2621    12.5742      0.871    6.35610    12.5701    18.9396   11.58172 5.6430e+01 0.0000e+00
        148 228.409499    0.01021     0.6125     36.750      0.879  40229.464    25.2675    12.5722      0.870    6.35615    12.5684    18.9441   11.58176 5.6206e+01 0.0000e+00
        149 228.409502    0.01028     0.6167     37.000      0.877  40224.668    25.2640    12.5702      0.869    6.35657    12.5673    18.9418   11.58249 5.6139e+01 0.0000e+00
        150 228.409505    0.01035     0.6208     37.250      0.874  40214.712    25.2570    12.5685      0.866    6.35707    12.5662    18.9366   11.58340 5.6104e+01 0.0000e+00
        151 228.409508    0.01042     0.6250     37.500      0.872  40211.197    25.2545    12.5674      0.863    6.35732    12.5649    18.9349   11.58386 5.5928e+01 0.0000e+00
        152 228.409511    0.01049     0.6292     37.750      0.870  40221.904    25.2619    12.5663      0.862    6.35717    12.5630    18.9408   11.58351 5.5700e+01 0.0000e+00
        153 228.409514    0.01056     0.6333     38.000      0.871  40241.610    25.2754    12.5650      0.863    6.35681    12.5605    18.9515   11.58275 5.5605e+01 0.0000e+00
        154 228.409517    0.01063     0.6375     38.250      0.874  40257.154    25.2860    12.5631      0.865    6.35665    12.5581    18.9601   11.58236 5.5615e+01 0.0000e+00
        155 228.409520    0.01069     0.6417     38.500      0.877  40260.436    25.2881    12.5606      0.868    6.35690    12.5564    18.9621   11.58274 5.5648e+01 0.0000e+00
        156 228.409523    0.01076     0.6458     38.750      0.878  40251.183    25.2816    12.5582      0.870    6.35749    12.5552    18.9574   11.58380 5.5765e+01 0.0000e+00
        157 228.409525    0.01083     0.6500     39.000      0.877  40237.281    25.2718    12.5565      0.869    6.35811    12.5545    18.9502   11.58496 5.6007e+01 0.0000e+00
        158 228.409528    0.01090     0.6542     39.250      0.875  40230.939    25.2673    12.5553      0.867    6.35844    12.5542    18.9469   11.58556 5.6241e+01 0.0000e+00
        159 228.409531    0.01097     0.6583     39.500      0.874  40238.484    25.2725    12.5546      0.866    6.35833    12.5542    18.9511   11.58532 5.6354e+01 0.0000e+00
        160 228.409534    0.01104     0.6625     39.750      0.876  40257.610    25.2857    12.5543      0.868    6.35785    12.5545    18.9613   11.58435 5.6427e+01 0.0000e+00
        161 228.409537    0.01111     0.6667     40.000      0.879  40280.069    25.3013    12.5543      0.871    6.35722    12.5548    18.9734   11.58312 5.6572e+01 0.0000e+00
        162 228.409540    0.01118     0.6708     40.250      0.884  40297.198    25.3131    12.5546      0.875    6.35672    12.5554    18.9825   11.58214 5.6763e+01 0.0000e+00
        163 228.409543    0.01125     0.6750     40.500      0.888  40306.810    25.3198    12.5549      0.879    6.35640    12.5561    18.9876   11.58153 5.6907e+01 0.0000e+00
        164 228.409546    0.01132     0.6792     40.750      0.891  40312.456    25.3238    12.5555      0.883    6.35616    12.5566    18.9906   11.58109 5.7001e+01 0.0000e+00
        165 228.409549    0.01139     0.6833     41.000      0.894  40316.755    25.3268    12.5562      0.886    6.35595    12.5567    18.9928   11.58070 5.7191e+01 0.0000e+00
        166 228.409552    0.01146     0.6875     41.250      0.897  40317.767    25.3276    12.5567      0.888    6.35585    12.5567    18.9933   11.58054 5.7580e+01 0.0000e+00
        167 228.409554    0.01153     0.6917     41.500      0.899  40311.844    25.3235    12.5568      0.891    6.35601    12.5569    18.9901   11.58084 5.7986e+01 0.0000e+00
        168 228.409557    0.01160     0.6958     41.750      0.901  40298.679    25.3144    12.5568      0.892    6.35637    12.5574    18.9831   11.58156 5.8172e+01 0.0000e+00
        169 228.409560    0.01167     0.7000     42.000      0.901  40283.116    25.3036    12.5570      0.893    6.35677    12.5579    18.9747   11.58235 5.8209e+01 0.0000e+00
        170 228.409563    0.01174     0.7042     42.250      0.901  40271.456    25.2955    12.5575      0.893    6.35703    12.5582    18.9684   11.58287 5.8344e+01 0.0000e+00
        171 228.409566    0.01181     0.7083     42.500      0.901  40264.900    25.2910    12.5580      0.892    6.35714    12.5585    18.9648   11.58311 5.8604e+01 0.0000e+00
        172 228.409569    0.01188     0.7125     42.750      0.899  40259.125    25.2871    12.5583      0.890    6.35725    12.5588    18.9617   11.58334 5.8750e+01 0.0000e+00
        173 228.409572    0.01194     0.7167     43.000      0.897  40251.711    25.2820    12.5586      0.888    6.35742    12.5591    18.9577   11.58368 5.8666e+01 0.0000e+00
        174 228.409575    0.01201     0.7208     43.250      0.894  40247.128    25.2788    12.5589      0.886    6.35750    12.5594    18.9552   11.58386 5.8482e+01 0.0000e+00
        175 228.409578    0.01208     0.7250     43.500      0.892  40252.668    25.2827    12.5592      0.884    6.35731    12.5597    18.9581   11.58349 5.8251e+01 0.0000e+00
        176 228.409580    0.01215     0.7292     43.750      0.892  40270.707    25.2952    12.5595      0.884    6.35676    12.5596    18.9678   11.58243 5.7870e+01 0.0000e+00
        177 228.409583    0.01222     0.7333     44.000      0.894  40294.619    25.3118    12.5598      0.886    6.35607    12.5593    18.9805   11.58108 5.7309e+01 0.0000e+00
        178 228.409586    0.01229     0.7375     44.250      0.897  40313.211    25.3247    12.5597      0.888    6.35556    12.5588    18.9905   11.58008 5.6724e+01 0.0000e+00
        179 228.409589    0.01236     0.7417     44.500      0.899  40319.620    25.3291    12.5594      0.890    6.35544    12.5585    18.9939   11.57982 5.6290e+01 0.0000e+00
        180 228.409592    0.01243     0.7458     44.750      0.899  40315.609    25.3263    12.5589      0.891    6.35561    12.5584    18.9919   11.58015 5.6012e+01 0.0000e+00
