CTD-processing/allCTD/CNV--turbid/2012_10-28_t6_s12_cast017.cnv
* Sea-Bird SBE19plus Data File:
* FileName = C:\Documents and Settings\kris.holderied.local\My Documents\2012-10-CookInlet-Ocean-LTM\2012-10-28-EVOSTC-CookInletOcean-Tran6-Douglas\2012-10-28-CookInletOcean-Tran6-cast017.hex
* Software Version 1.54
* Temperature SN =  4141
* Conductivity SN =  4141
* System UpLoad Time = Oct 28 2012 19:44:22
** Cook Inlet EVOSTC Transect 6 Douglas line west to east
** Date:   28 Oct 2012
** Station:  6-12
** Start time (AKDT-24 hr):  1428
** Depth (m):  147
** Comment:
# nquan = 16
# nvalues = 914                         
# units = specified
# name 0 = scan: Scan Count
# name 1 = timeJ: Julian Days
# name 2 = timeH: Time, Elapsed [hours]
# name 3 = timeM: Time, Elapsed [minutes]
# name 4 = timeS: Time, Elapsed [seconds]
# name 5 = prdM: Pressure, Strain Gauge [db]
# name 6 = specc: Specific Conductance [uS/cm]
# name 7 = sal00: Salinity, Practical [PSU]
# name 8 = tv290C: Temperature [ITS-90, deg C]
# name 9 = depSM: Depth [salt water, m], lat = 59.00
# name 10 = oxsolML/L: Oxygen Saturation, Garcia & Gordon [ml/l]
# name 11 = potemp090C: Potential Temperature [ITS-90, deg C]
# name 12 = sigma-é00: Density [sigma-theta, kg/m^3]
# name 13 = n2satML/L: Nitrogen Saturation [ml/l]
# name 14 = par: PAR/Irradiance, Biospherical/Licor
# name 15 = flag:  0.000e+00
# span 0 =          1,        914       
# span 1 = 302.602720, 302.605362       
# span 2 =    0.00000,    0.06340       
# span 3 =     0.0000,     3.8042       
# span 4 =      0.000,    228.250       
# span 5 =     -0.040,    125.201       
# span 6 =    749.733,  51798.035       
# span 7 =     0.3567,    32.4673       
# span 8 =     5.8888,     7.7586       
# span 9 =     -0.039,    123.992       
# span 10 =    6.77775,    8.70846      
# span 11 =     5.8888,     7.7585      
# span 12 =     0.2308,    25.5156      
# span 13 =   12.19801,   15.86696      
# span 14 = 3.6382e-02, 1.4725e+02      
# span 15 = 0.0000e+00, 0.0000e+00      
# interval = seconds: 0.25
# start_time = Oct 28 2012 14:27:55 [Instrument's time stamp, header]
# bad_flag = -9.990e-29
*END*
[from data line 91]
         92 302.602983    0.00632     0.3792     22.750      2.094  50138.610    31.6203     7.7039      2.074    6.79232     7.7045    24.6623   12.22840 4.0538e+01 0.0000e+00
         93 302.602986    0.00639     0.3833     23.000      2.090  50135.398    31.6181     7.7045      2.070    6.79232     7.7042    24.6606   12.22843 4.0891e+01 0.0000e+00
         94 302.602989    0.00646     0.3875     23.250      2.066  50136.664    31.6190     7.7047      2.047    6.79225     7.7034    24.6613   12.22830 4.1559e+01 0.0000e+00
         95 302.602992    0.00653     0.3917     23.500      2.028  50141.432    31.6223     7.7044      2.009    6.79215     7.7023    24.6639   12.22809 4.2215e+01 0.0000e+00
         96 302.602995    0.00660     0.3958     23.750      1.983  50147.387    31.6264     7.7036      1.965    6.79209     7.7010    24.6672   12.22794 4.2647e+01 0.0000e+00
         97 302.602998    0.00667     0.4000     24.000      1.941  50152.071    31.6295     7.7025      1.923    6.79213     7.6999    24.6698   12.22797 4.2604e+01 0.0000e+00
         98 302.603001    0.00674     0.4042     24.250      1.909  50154.101    31.6307     7.7012      1.891    6.79227     7.6991    24.6709   12.22818 4.1906e+01 0.0000e+00
         99 302.603003    0.00681     0.4083     24.500      1.892  50153.285    31.6300     7.7001      1.874    6.79248     7.6985    24.6705   12.22854 4.0935e+01 0.0000e+00
        100 302.603006    0.00688     0.4125     24.750      1.890  50150.028    31.6276     7.6992      1.871    6.79272     7.6983    24.6687   12.22896 4.0345e+01 0.0000e+00
        101 302.603009    0.00694     0.4167     25.000      1.899  50144.708    31.6237     7.6987      1.881    6.79297     7.6983    24.6658   12.22943 4.0442e+01 0.0000e+00
        102 302.603012    0.00701     0.4208     25.250      1.916  50137.325    31.6185     7.6984      1.898    6.79324     7.6985    24.6617   12.22994 4.0980e+01 0.0000e+00
        103 302.603015    0.00708     0.4250     25.500      1.936  50127.822    31.6119     7.6984      1.918    6.79353     7.6987    24.6565   12.23051 4.1516e+01 0.0000e+00
        104 302.603018    0.00715     0.4292     25.750      1.953  50116.682    31.6041     7.6986      1.935    6.79385     7.6990    24.6504   12.23112 4.1776e+01 0.0000e+00
        105 302.603021    0.00722     0.4333     26.000      1.965  50105.165    31.5961     7.6989      1.947    6.79416     7.6994    24.6441   12.23174 4.1488e+01 0.0000e+00
        106 302.603024    0.00729     0.4375     26.250      1.972  50095.213    31.5892     7.6992      1.954    6.79442     7.6999    24.6386   12.23226 4.0689e+01 0.0000e+00
        107 302.603027    0.00736     0.4417     26.500      1.973  50088.235    31.5844     7.6996      1.955    6.79458     7.7003    24.6348   12.23257 4.0017e+01 0.0000e+00
        108 302.603030    0.00743     0.4458     26.750      1.970  50082.237    31.5803     7.7001      1.951    6.79468     7.7001    24.6315   12.23280 3.9976e+01 0.0000e+00
        109 302.603032    0.00750     0.4500     27.000      1.961  50071.502    31.5729     7.7004      1.942    6.79496     7.6992    24.6256   12.23335 4.0389e+01 0.0000e+00
        110 302.603035    0.00757     0.4542     27.250      1.944  50049.731    31.5576     7.7003      1.925    6.79566     7.6977    24.6137   12.23469 4.0880e+01 0.0000e+00
        111 302.603038    0.00764     0.4583     27.500      1.915  50017.007    31.5346     7.6994      1.897    6.79682     7.6961    24.5957   12.23690 4.1218e+01 0.0000e+00
        112 302.603041    0.00771     0.4625     27.750      1.870  49985.122    31.5121     7.6979      1.852    6.79804     7.6941    24.5783   12.23920 4.1394e+01 0.0000e+00
        113 302.603044    0.00778     0.4667     28.000      1.809  49967.008    31.4992     7.6963      1.792    6.79888     7.6916    24.5684   12.24074 4.1664e+01 0.0000e+00
        114 302.603047    0.00785     0.4708     28.250      1.738  49967.097    31.4990     7.6943      1.722    6.79920     7.6889    24.5684   12.24127 4.2168e+01 0.0000e+00
        115 302.603050    0.00792     0.4750     28.500      1.666  49986.210    31.5120     7.6917      1.650    6.79901     7.6868    24.5790   12.24081 4.2802e+01 0.0000e+00
        116 302.603053    0.00799     0.4792     28.750      1.601  50018.304    31.5340     7.6891      1.586    6.79844     7.6856    24.5966   12.23959 4.3406e+01 0.0000e+00
        117 302.603056    0.00806     0.4833     29.000      1.550  50046.977    31.5537     7.6870      1.536    6.79789     7.6852    24.6124   12.23844 4.3844e+01 0.0000e+00
        118 302.603058    0.00813     0.4875     29.250      1.516  50064.617    31.5659     7.6857      1.501    6.79756     7.6858    24.6221   12.23773 4.4253e+01 0.0000e+00
        119 302.603061    0.00819     0.4917     29.500      1.499  50077.510    31.5748     7.6853      1.484    6.79722     7.6868    24.6292   12.23706 4.4808e+01 0.0000e+00
        120 302.603064    0.00826     0.4958     29.750      1.501  50086.933    31.5815     7.6859      1.487    6.79683     7.6872    24.6344   12.23634 4.5257e+01 0.0000e+00
        121 302.603067    0.00833     0.5000     30.000      1.522  50088.117    31.5825     7.6870      1.507    6.79662     7.6858    24.6350   12.23599 4.5284e+01 0.0000e+00
        122 302.603070    0.00840     0.5042     30.250      1.556  50077.906    31.5754     7.6874      1.541    6.79688     7.6817    24.6294   12.23649 4.4828e+01 0.0000e+00
        123 302.603073    0.00847     0.5083     30.500      1.594  50055.479    31.5595     7.6860      1.579    6.79780     7.6740    24.6171   12.23821 4.4003e+01 0.0000e+00
        124 302.603076    0.00854     0.5125     30.750      1.626  50024.694    31.5373     7.6819      1.611    6.79943     7.6614    24.6002   12.24117 4.3219e+01 0.0000e+00
        125 302.603079    0.00861     0.5167     31.000      1.642  49995.809    31.5158     7.6742      1.627    6.80158     7.6426    24.5844   12.24499 4.3005e+01 0.0000e+00
        126 302.603082    0.00868     0.5208     31.250      1.639  49981.279    31.5036     7.6616      1.624    6.80407     7.6186    24.5766   12.24926 4.3524e+01 0.0000e+00
        127 302.603084    0.00875     0.5250     31.500      1.616  49989.245    31.5061     7.6428      1.601    6.80688     7.5942    24.5811   12.25389 4.4425e+01 0.0000e+00
        128 302.603087    0.00882     0.5292     31.750      1.579  50019.180    31.5230     7.6188      1.565    6.80986     7.5745    24.5978   12.25860 4.5179e+01 0.0000e+00
        129 302.603090    0.00889     0.5333     32.000      1.538  50063.642    31.5501     7.5944      1.524    6.81244     7.5624    24.6224   12.26254 4.5615e+01 0.0000e+00
        130 302.603093    0.00896     0.5375     32.250      1.504  50114.097    31.5821     7.5746      1.490    6.81408     7.5596    24.6502   12.26485 4.5901e+01 0.0000e+00
        131 302.603096    0.00903     0.5417     32.500      1.484  50161.631    31.6133     7.5626      1.471    6.81457     7.5662    24.6764   12.26527 4.5962e+01 0.0000e+00
        132 302.603099    0.00910     0.5458     32.750      1.484  50198.453    31.6385     7.5597      1.470    6.81389     7.5803    24.6966   12.26383 4.5626e+01 0.0000e+00
        133 302.603102    0.00917     0.5500     33.000      1.500  50220.313    31.6549     7.5664      1.487    6.81212     7.5979    24.7086   12.26071 4.5149e+01 0.0000e+00
        134 302.603105    0.00924     0.5542     33.250      1.528  50224.654    31.6603     7.5805      1.514    6.80969     7.6151    24.7108   12.25663 4.4941e+01 0.0000e+00
        135 302.603108    0.00931     0.5583     33.500      1.559  50211.009    31.6537     7.5980      1.544    6.80726     7.6296    24.7032   12.25268 4.5091e+01 0.0000e+00
        136 302.603111    0.00937     0.5625     33.750      1.584  50182.103    31.6363     7.6153      1.570    6.80535     7.6400    24.6872   12.24974 4.5343e+01 0.0000e+00
        137 302.603113    0.00944     0.5667     34.000      1.599  50141.900    31.6106     7.6297      1.584    6.80425     7.6466    24.6650   12.24825 4.5502e+01 0.0000e+00
        138 302.603116    0.00951     0.5708     34.250      1.600  50096.225    31.5804     7.6402      1.585    6.80397     7.6496    24.6399   12.24815 4.5696e+01 0.0000e+00
        139 302.603119    0.00958     0.5750     34.500      1.589  50054.061    31.5521     7.6468      1.574    6.80421     7.6485    24.6167   12.24890 4.6013e+01 0.0000e+00
        140 302.603122    0.00965     0.5792     34.750      1.568  50022.388    31.5305     7.6498      1.553    6.80470     7.6427    24.5993   12.24998 4.6258e+01 0.0000e+00
        141 302.603125    0.00972     0.5833     35.000      1.542  50004.182    31.5176     7.6487      1.528    6.80545     7.6333    24.5893   12.25138 4.6300e+01 0.0000e+00
        142 302.603128    0.00979     0.5875     35.250      1.518  50002.133    31.5152     7.6429      1.504    6.80645     7.6232    24.5882   12.25307 4.6177e+01 0.0000e+00
        143 302.603131    0.00986     0.5917     35.500      1.501  50016.947    31.5240     7.6335      1.486    6.80752     7.6154    24.5965   12.25472 4.5925e+01 0.0000e+00
        144 302.603134    0.00993     0.5958     35.750      1.495  50044.637    31.5417     7.6233      1.481    6.80831     7.6116    24.6118   12.25580 4.5623e+01 0.0000e+00
        145 302.603137    0.01000     0.6000     36.000      1.502  50077.211    31.5631     7.6155      1.488    6.80857     7.6123    24.6297   12.25597 4.5352e+01 0.0000e+00
        146 302.603139    0.01007     0.6042     36.250      1.522  50105.399    31.5822     7.6117      1.507    6.80830     7.6170    24.6452   12.25530 4.5157e+01 0.0000e+00
        147 302.603142    0.01014     0.6083     36.500      1.548  50121.785    31.5937     7.6124      1.533    6.80768     7.6237    24.6542   12.25412 4.5002e+01 0.0000e+00
        148 302.603145    0.01021     0.6125     36.750      1.575  50121.680    31.5944     7.6171      1.560    6.80693     7.6298    24.6541   12.25286 4.4701e+01 0.0000e+00
        149 302.603148    0.01028     0.6167     37.000      1.596  50103.723    31.5830     7.6238      1.582    6.80640     7.6334    24.6441   12.25213 4.4147e+01 0.0000e+00
        150 302.603151    0.01035     0.6208     37.250      1.606  50071.725    31.5616     7.6299      1.592    6.80640     7.6334    24.6265   12.25240 4.3537e+01 0.0000e+00
        151 302.603154    0.01042     0.6250     37.500      1.602  50035.935    31.5372     7.6335      1.587    6.80692     7.6286    24.6069   12.25357 4.3263e+01 0.0000e+00
        152 302.603157    0.01049     0.6292     37.750      1.584  50007.452    31.5173     7.6336      1.569    6.80780     7.6181    24.5913   12.25527 4.3552e+01 0.0000e+00
        153 302.603160    0.01056     0.6333     38.000      1.554  49993.247    31.5066     7.6288      1.539    6.80902     7.6034    24.5835   12.25742 4.4214e+01 0.0000e+00
        154 302.603163    0.01063     0.6375     38.250      1.519  49998.106    31.5083     7.6182      1.504    6.81059     7.5886    24.5863   12.26000 4.4841e+01 0.0000e+00
        155 302.603166    0.01069     0.6417     38.500      1.485  50022.844    31.5232     7.6035      1.471    6.81222     7.5782    24.6000   12.26250 4.5345e+01 0.0000e+00
        156 302.603168    0.01076     0.6458     38.750      1.459  50063.199    31.5490     7.5887      1.445    6.81336     7.5744    24.6222   12.26408 4.5975e+01 0.0000e+00
        157 302.603171    0.01083     0.6500     39.000      1.447  50112.267    31.5815     7.5783      1.434    6.81354     7.5782    24.6492   12.26397 4.6694e+01 0.0000e+00
        158 302.603174    0.01090     0.6542     39.250      1.455  50161.310    31.6151     7.5745      1.441    6.81262     7.5893    24.6762   12.26203 4.7159e+01 0.0000e+00
        159 302.603177    0.01097     0.6583     39.500      1.483  50201.153    31.6436     7.5784      1.469    6.81076     7.6053    24.6980   12.25861 4.7286e+01 0.0000e+00
        160 302.603180    0.01104     0.6625     39.750      1.529  50223.100    31.6607     7.5894      1.515    6.80828     7.6226    24.7099   12.25430 4.7320e+01 0.0000e+00
        161 302.603183    0.01111     0.6667     40.000      1.585  50221.377    31.6621     7.6055      1.570    6.80572     7.6372    24.7088   12.25005 4.7291e+01 0.0000e+00
        162 302.603186    0.01118     0.6708     40.250      1.637  50196.399    31.6475     7.6227      1.622    6.80369     7.6463    24.6950   12.24687 4.6889e+01 0.0000e+00
        163 302.603189    0.01125     0.6750     40.500      1.674  50151.886    31.6188     7.6373      1.658    6.80270     7.6480    24.6704   12.24559 4.6032e+01 0.0000e+00
        164 302.603192    0.01132     0.6792     40.750      1.688  50096.637    31.5817     7.6464      1.672    6.80294     7.6407    24.6400   12.24643 4.5174e+01 0.0000e+00
        165 302.603194    0.01139     0.6833     41.000      1.674  50047.746    31.5478     7.6482      1.658    6.80418     7.6246    24.6131   12.24890 4.5043e+01 0.0000e+00
        166 302.603197    0.01146     0.6875     41.250      1.635  50021.384    31.5282     7.6409      1.620    6.80618     7.6029    24.5987   12.25246 4.6013e+01 0.0000e+00
        167 302.603200    0.01153     0.6917     41.500      1.578  50023.747    31.5272     7.6247      1.563    6.80874     7.5813    24.6002   12.25670 4.8007e+01 0.0000e+00
        168 302.603203    0.01160     0.6958     41.750      1.512  50049.987    31.5420     7.6031      1.498    6.81144     7.5640    24.6148   12.26099 5.0298e+01 0.0000e+00
        169 302.603206    0.01167     0.7000     42.000      1.449  50090.369    31.5667     7.5814      1.435    6.81372     7.5533    24.6372   12.26444 5.1551e+01 0.0000e+00
        170 302.603209    0.01174     0.7042     42.250      1.399  50136.674    31.5962     7.5641      1.386    6.81509     7.5504    24.6627   12.26634 5.1123e+01 0.0000e+00
        171 302.603212    0.01181     0.7083     42.500      1.371  50182.438    31.6264     7.5535      1.358    6.81540     7.5561    24.6879   12.26649 4.9555e+01 0.0000e+00
        172 302.603215    0.01188     0.7125     42.750      1.371  50222.315    31.6538     7.5505      1.358    6.81464     7.5702    24.7098   12.26489 4.7826e+01 0.0000e+00
        173 302.603218    0.01194     0.7167     43.000      1.401  50252.779    31.6760     7.5562      1.388    6.81277     7.5903    24.7265   12.26152 4.6832e+01 0.0000e+00
        174 302.603220    0.01201     0.7208     43.250      1.458  50268.880    31.6896     7.5703      1.444    6.80997     7.6122    24.7352   12.25672 4.7033e+01 0.0000e+00
        175 302.603223    0.01208     0.7250     43.500      1.530  50263.880    31.6894     7.5905      1.516    6.80685     7.6315    24.7323   12.25156 4.7937e+01 0.0000e+00
        176 302.603226    0.01215     0.7292     43.750      1.598  50237.025    31.6742     7.6123      1.583    6.80413     7.6454    24.7173   12.24725 4.8560e+01 0.0000e+00
        177 302.603229    0.01222     0.7333     44.000      1.643  50192.906    31.6465     7.6316      1.628    6.80236     7.6527    24.6929   12.24468 4.8419e+01 0.0000e+00
        178 302.603232    0.01229     0.7375     44.250      1.655  50139.244    31.6113     7.6455      1.640    6.80176     7.6525    24.6634   12.24412 4.7711e+01 0.0000e+00
        179 302.603235    0.01236     0.7417     44.500      1.632  50089.874    31.5780     7.6528      1.617    6.80211     7.6449    24.6362   12.24511 4.6931e+01 0.0000e+00
        180 302.603238    0.01243     0.7458     44.750      1.581  50059.789    31.5570     7.6527      1.566    6.80307     7.6325    24.6198   12.24696 4.6557e+01 0.0000e+00
