CTD-processing/allCTD/CNV--turbid/2012_07-30_t7_s12_cast068.cnv
* Sea-Bird SBE19plus Data File:
* FileName = C:\Documents and Settings\kris.holderied.local\My Documents\2012-07-EVOS-CookInlet-Ocean\2012-07-CookInlet-Tran7-Augustine\2012-07-30-CookInlet-Tran7-cast068.hex
* Software Version 1.54
* Temperature SN =  4141
* Conductivity SN =  4141
* System UpLoad Time = Jul 31 2012 07:55:24
** Cook Inlet LTM Transect 7 -partial, East to West
** Date:  2012-07-30
** Station:  7-12
** Start time (AKDT-24 hr): 1003
** Depth (m): 70
** Comment: SOG 1 Km
# nquan = 16
# nvalues = 541                         
# units = specified
# name 0 = scan: Scan Count
# name 1 = timeJ: Julian Days
# name 2 = timeH: Time, Elapsed [hours]
# name 3 = timeM: Time, Elapsed [minutes]
# name 4 = timeS: Time, Elapsed [seconds]
# name 5 = prdM: Pressure, Strain Gauge [db]
# name 6 = specc: Specific Conductance [uS/cm]
# name 7 = sal00: Salinity, Practical [PSU]
# name 8 = tv290C: Temperature [ITS-90, deg C]
# name 9 = depSM: Depth [salt water, m], lat = 59.00
# name 10 = oxsolML/L: Oxygen Saturation, Garcia & Gordon [ml/l]
# name 11 = potemp090C: Potential Temperature [ITS-90, deg C]
# name 12 = sigma-é00: Density [sigma-theta, kg/m^3]
# name 13 = n2satML/L: Nitrogen Saturation [ml/l]
# name 14 = par: PAR/Irradiance, Biospherical/Licor
# name 15 = flag:  0.000e+00
# span 0 =          1,        541       
# span 1 = 212.420081, 212.421644       
# span 2 =    0.00000,    0.03750       
# span 3 =     0.0000,     2.2500       
# span 4 =      0.000,    135.000       
# span 5 =     -0.094,     64.478       
# span 6 =    210.163,  49160.443       
# span 7 =     0.0986,    31.1506       
# span 8 =     9.3335,     9.7244       
# span 9 =     -0.093,     63.866       
# span 10 =    6.52473,    7.94536      
# span 11 =     9.3267,     9.7245      
# span 12 =    -0.1965,    24.0550      
# span 13 =   11.79294,   14.58504      
# span 14 = 4.0470e-02, 3.0038e+02      
# span 15 = 0.0000e+00, 0.0000e+00      
# interval = seconds: 0.25
# start_time = Jul 30 2012 10:04:55 [Instrument's time stamp, header]
# bad_flag = -9.990e-29
*END*
[from data line 452]
        453 212.421389    0.03139     1.8833    113.000     45.577  49131.138    31.1401     9.3485     45.146    6.56644     9.3421    24.0442   11.86047 4.2319e-02 0.0000e+00
        454 212.421392    0.03146     1.8875    113.250     45.791  49132.221    31.1406     9.3476     45.358    6.56655     9.3416    24.0448   11.86065 4.2259e-02 0.0000e+00
        455 212.421395    0.03153     1.8917    113.500     46.032  49133.128    31.1411     9.3469     45.596    6.56663     9.3413    24.0452   11.86078 4.2204e-02 0.0000e+00
        456 212.421398    0.03160     1.8958    113.750     46.294  49133.943    31.1415     9.3464     45.855    6.56669     9.3410    24.0456   11.86086 4.2142e-02 0.0000e+00
        457 212.421400    0.03167     1.9000    114.000     46.569  49134.722    31.1418     9.3461     46.128    6.56671     9.3408    24.0460   11.86090 4.2055e-02 0.0000e+00
        458 212.421403    0.03174     1.9042    114.250     46.848  49135.417    31.1422     9.3459     46.405    6.56673     9.3407    24.0463   11.86093 4.1946e-02 0.0000e+00
        459 212.421406    0.03181     1.9083    114.500     47.120  49135.998    31.1424     9.3458     46.674    6.56674     9.3405    24.0465   11.86095 4.1846e-02 0.0000e+00
        460 212.421409    0.03188     1.9125    114.750     47.376  49136.501    31.1427     9.3456     46.928    6.56676     9.3404    24.0467   11.86096 4.1778e-02 0.0000e+00
        461 212.421412    0.03194     1.9167    115.000     47.610  49136.940    31.1429     9.3455     47.159    6.56677     9.3404    24.0469   11.86098 4.1741e-02 0.0000e+00
        462 212.421415    0.03201     1.9208    115.250     47.817  49137.310    31.1430     9.3454     47.365    6.56677     9.3404    24.0471   11.86098 4.1714e-02 0.0000e+00
        463 212.421418    0.03208     1.9250    115.500     47.998  49137.582    31.1431     9.3454     47.544    6.56677     9.3403    24.0472   11.86098 4.1690e-02 0.0000e+00
        464 212.421421    0.03215     1.9292    115.750     48.157  49137.729    31.1432     9.3454     47.701    6.56677     9.3403    24.0472   11.86098 4.1670e-02 0.0000e+00
        465 212.421424    0.03222     1.9333    116.000     48.302  49137.762    31.1431     9.3454     47.845    6.56677     9.3402    24.0472   11.86098 4.1647e-02 0.0000e+00
        466 212.421427    0.03229     1.9375    116.250     48.445  49137.735    31.1431     9.3454     47.986    6.56678     9.3401    24.0471   11.86099 4.1626e-02 0.0000e+00
        467 212.421429    0.03236     1.9417    116.500     48.597  49137.752    31.1430     9.3453     48.137    6.56679     9.3399    24.0471   11.86101 4.1616e-02 0.0000e+00
        468 212.421432    0.03243     1.9458    116.750     48.771  49137.873    31.1430     9.3452     48.310    6.56681     9.3398    24.0471   11.86104 4.1602e-02 0.0000e+00
        469 212.421435    0.03250     1.9500    117.000     48.978  49138.145    31.1431     9.3451     48.514    6.56682     9.3396    24.0472   11.86107 4.1580e-02 0.0000e+00
        470 212.421438    0.03257     1.9542    117.250     49.219  49138.550    31.1432     9.3449     48.753    6.56684     9.3395    24.0473   11.86109 4.1556e-02 0.0000e+00
        471 212.421441    0.03264     1.9583    117.500     49.492  49139.030    31.1434     9.3448     49.024    6.56685     9.3394    24.0475   11.86110 4.1526e-02 0.0000e+00
        472 212.421444    0.03271     1.9625    117.750     49.793  49139.535    31.1436     9.3447     49.322    6.56685     9.3394    24.0476   11.86110 4.1492e-02 0.0000e+00
        473 212.421447    0.03278     1.9667    118.000     50.112  49139.959    31.1438     9.3447     49.638    6.56685     9.3394    24.0478   11.86110 4.1453e-02 0.0000e+00
        474 212.421450    0.03285     1.9708    118.250     50.436  49140.341    31.1439     9.3447     49.958    6.56685     9.3393    24.0479   11.86109 4.1398e-02 0.0000e+00
        475 212.421453    0.03292     1.9750    118.500     50.752  49140.800    31.1441     9.3447     50.271    6.56684     9.3391    24.0481   11.86108 4.1338e-02 0.0000e+00
        476 212.421455    0.03299     1.9792    118.750     51.052  49141.288    31.1443     9.3446     50.568    6.56684     9.3390    24.0482   11.86108 4.1275e-02 0.0000e+00
        477 212.421458    0.03306     1.9833    119.000     51.327  49141.717    31.1445     9.3445     50.841    6.56685     9.3388    24.0484   11.86109 4.1216e-02 0.0000e+00
        478 212.421461    0.03313     1.9875    119.250     51.573  49142.101    31.1447     9.3444     51.085    6.56686     9.3387    24.0485   11.86111 4.1178e-02 0.0000e+00
        479 212.421464    0.03319     1.9917    119.500     51.785  49142.454    31.1448     9.3442     51.295    6.56687     9.3386    24.0487   11.86113 4.1161e-02 0.0000e+00
        480 212.421467    0.03326     1.9958    119.750     51.964  49142.807    31.1450     9.3441     51.472    6.56688     9.3386    24.0488   11.86114 4.1154e-02 0.0000e+00
        481 212.421470    0.03333     2.0000    120.000     52.113  49143.158    31.1451     9.3441     51.619    6.56688     9.3387    24.0489   11.86114 4.1152e-02 0.0000e+00
        482 212.421473    0.03340     2.0042    120.250     52.240  49143.411    31.1452     9.3441     51.745    6.56687     9.3387    24.0490   11.86112 4.1146e-02 0.0000e+00
        483 212.421476    0.03347     2.0083    120.500     52.356  49143.518    31.1453     9.3442     51.860    6.56686     9.3388    24.0490   11.86110 4.1139e-02 0.0000e+00
        484 212.421479    0.03354     2.0125    120.750     52.472  49143.511    31.1452     9.3442     51.975    6.56685     9.3388    24.0490   11.86109 4.1139e-02 0.0000e+00
        485 212.421481    0.03361     2.0167    121.000     52.600  49143.459    31.1451     9.3443     52.102    6.56685     9.3388    24.0489   11.86108 4.1137e-02 0.0000e+00
        486 212.421484    0.03368     2.0208    121.250     52.752  49143.372    31.1450     9.3443     52.252    6.56685     9.3387    24.0488   11.86108 4.1130e-02 0.0000e+00
        487 212.421487    0.03375     2.0250    121.500     52.935  49143.281    31.1449     9.3443     52.433    6.56686     9.3386    24.0487   11.86110 4.1122e-02 0.0000e+00
        488 212.421490    0.03382     2.0292    121.750     53.153  49143.300    31.1448     9.3443     52.649    6.56686     9.3385    24.0487   11.86111 4.1112e-02 0.0000e+00
        489 212.421493    0.03389     2.0333    122.000     53.405  49143.414    31.1448     9.3442     52.899    6.56687     9.3383    24.0487   11.86113 4.1112e-02 0.0000e+00
        490 212.421496    0.03396     2.0375    122.250     53.689  49143.529    31.1448     9.3441     53.180    6.56689     9.3380    24.0487   11.86116 4.1133e-02 0.0000e+00
        491 212.421499    0.03403     2.0417    122.500     53.999  49143.807    31.1448     9.3439     53.487    6.56691     9.3376    24.0487   11.86120 4.1160e-02 0.0000e+00
        492 212.421502    0.03410     2.0458    122.750     54.328  49144.449    31.1451     9.3437     53.813    6.56694     9.3371    24.0490   11.86124 4.1176e-02 0.0000e+00
        493 212.421505    0.03417     2.0500    123.000     54.663  49145.261    31.1454     9.3433     54.145    6.56698     9.3365    24.0494   11.86130 4.1160e-02 0.0000e+00
        494 212.421508    0.03424     2.0542    123.250     54.995  49146.001    31.1457     9.3428     54.473    6.56703     9.3359    24.0497   11.86138 4.1125e-02 0.0000e+00
        495 212.421510    0.03431     2.0583    123.500     55.312  49146.729    31.1460     9.3423     54.787    6.56710     9.3353    24.0500   11.86149 4.1093e-02 0.0000e+00
        496 212.421513    0.03438     2.0625    123.750     55.607  49147.561    31.1464     9.3417     55.080    6.56717     9.3349    24.0504   11.86160 4.1066e-02 0.0000e+00
        497 212.421516    0.03444     2.0667    124.000     55.876  49148.495    31.1469     9.3411     55.347    6.56723     9.3345    24.0508   11.86170 4.1044e-02 0.0000e+00
        498 212.421519    0.03451     2.0708    124.250     56.115  49149.412    31.1473     9.3407     55.583    6.56728     9.3342    24.0513   11.86177 4.1023e-02 0.0000e+00
        499 212.421522    0.03458     2.0750    124.500     56.321  49150.232    31.1478     9.3403     55.787    6.56731     9.3341    24.0517   11.86181 4.0998e-02 0.0000e+00
        500 212.421525    0.03465     2.0792    124.750     56.493  49150.855    31.1481     9.3401     55.957    6.56732     9.3340    24.0520   11.86183 4.0976e-02 0.0000e+00
        501 212.421528    0.03472     2.0833    125.000     56.632  49151.149    31.1483     9.3400     56.095    6.56733     9.3340    24.0521   11.86185 4.0959e-02 0.0000e+00
        502 212.421531    0.03479     2.0875    125.250     56.742  49151.194    31.1483     9.3400     56.204    6.56734     9.3339    24.0521   11.86186 4.0945e-02 0.0000e+00
        503 212.421534    0.03486     2.0917    125.500     56.828  49151.165    31.1482     9.3399     56.289    6.56735     9.3339    24.0520   11.86188 4.0936e-02 0.0000e+00
        504 212.421536    0.03493     2.0958    125.750     56.898  49151.231    31.1482     9.3399     56.358    6.56735     9.3340    24.0521   11.86189 4.0943e-02 0.0000e+00
        505 212.421539    0.03500     2.1000    126.000     56.962  49151.463    31.1484     9.3399     56.422    6.56735     9.3340    24.0522   11.86188 4.0965e-02 0.0000e+00
        506 212.421542    0.03507     2.1042    126.250     57.035  49151.741    31.1485     9.3399     56.494    6.56734     9.3341    24.0523   11.86186 4.0992e-02 0.0000e+00
        507 212.421545    0.03514     2.1083    126.500     57.134  49151.913    31.1486     9.3399     56.592    6.56733     9.3342    24.0523   11.86184 4.1013e-02 0.0000e+00
        508 212.421548    0.03521     2.1125    126.750     57.273  49151.955    31.1486     9.3400     56.730    6.56732     9.3343    24.0523   11.86182 4.1033e-02 0.0000e+00
        509 212.421551    0.03528     2.1167    127.000     57.465  49152.032    31.1486     9.3401     56.920    6.56730     9.3343    24.0523   11.86180 4.1058e-02 0.0000e+00
        510 212.421554    0.03535     2.1208    127.250     57.714  49152.191    31.1486     9.3403     57.167    6.56729     9.3344    24.0523   11.86177 4.1083e-02 0.0000e+00
        511 212.421557    0.03542     2.1250    127.500     58.018  49152.299    31.1485     9.3404     57.468    6.56727     9.3344    24.0523   11.86175 4.1109e-02 0.0000e+00
        512 212.421560    0.03549     2.1292    127.750     58.369  49152.386    31.1484     9.3404     57.815    6.56726     9.3344    24.0522   11.86173 4.1136e-02 0.0000e+00
        513 212.421562    0.03556     2.1333    128.000     58.752  49152.553    31.1484     9.3405     58.194    6.56726     9.3344    24.0522   11.86172 4.1147e-02 0.0000e+00
        514 212.421565    0.03562     2.1375    128.250     59.146  49152.807    31.1484     9.3405     58.585    6.56725     9.3344    24.0522   11.86171 4.1157e-02 0.0000e+00
        515 212.421568    0.03569     2.1417    128.500     59.533  49153.132    31.1485     9.3406     58.968    6.56724     9.3344    24.0522   11.86169 4.1151e-02 0.0000e+00
        516 212.421571    0.03576     2.1458    128.750     59.897  49153.373    31.1485     9.3406     59.328    6.56723     9.3343    24.0522   11.86168 4.1096e-02 0.0000e+00
        517 212.421574    0.03583     2.1500    129.000     60.223  49153.432    31.1484     9.3407     59.651    6.56723     9.3341    24.0521   11.86168 4.1017e-02 0.0000e+00
        518 212.421577    0.03590     2.1542    129.250     60.500  49153.415    31.1483     9.3407     59.926    6.56724     9.3338    24.0520   11.86169 4.0952e-02 0.0000e+00
        519 212.421580    0.03597     2.1583    129.500     60.719  49153.391    31.1481     9.3405     60.142    6.56727     9.3333    24.0520   11.86174 4.0911e-02 0.0000e+00
        520 212.421583    0.03604     2.1625    129.750     60.873  49153.585    31.1482     9.3402     60.295    6.56732     9.3330    24.0521   11.86182 4.0894e-02 0.0000e+00
        521 212.421586    0.03611     2.1667    130.000     60.962  49154.106    31.1485     9.3397     60.383    6.56737     9.3329    24.0524   11.86190 4.0892e-02 0.0000e+00
        522 212.421589    0.03618     2.1708    130.250     60.996  49154.617    31.1488     9.3394     60.417    6.56740     9.3329    24.0527   11.86196 4.0902e-02 0.0000e+00
        523 212.421591    0.03625     2.1750    130.500     60.992  49154.853    31.1489     9.3392     60.413    6.56742     9.3329    24.0528   11.86199 4.0924e-02 0.0000e+00
        524 212.421594    0.03632     2.1792    130.750     60.976  49154.830    31.1489     9.3392     60.397    6.56742     9.3328    24.0528   11.86199 4.0949e-02 0.0000e+00
        525 212.421597    0.03639     2.1833    131.000     60.974  49154.789    31.1489     9.3392     60.395    6.56742     9.3327    24.0528   11.86199 4.0975e-02 0.0000e+00
        526 212.421600    0.03646     2.1875    131.250     61.012  49154.924    31.1490     9.3392     60.433    6.56743     9.3325    24.0528   11.86200 4.1005e-02 0.0000e+00
        527 212.421603    0.03653     2.1917    131.500     61.108  49155.191    31.1491     9.3390     60.527    6.56744     9.3323    24.0530   11.86202 4.1030e-02 0.0000e+00
        528 212.421606    0.03660     2.1958    131.750     61.270  49155.498    31.1492     9.3389     60.688    6.56746     9.3321    24.0531   11.86205 4.1036e-02 0.0000e+00
        529 212.421609    0.03667     2.2000    132.000     61.496  49155.789    31.1493     9.3387     60.912    6.56748     9.3319    24.0532   11.86208 4.1031e-02 0.0000e+00
        530 212.421612    0.03674     2.2042    132.250     61.776  49155.993    31.1493     9.3385     61.189    6.56750     9.3315    24.0532   11.86212 4.1039e-02 0.0000e+00
        531 212.421615    0.03681     2.2083    132.500     62.096  49156.087    31.1492     9.3383     61.506    6.56754     9.3311    24.0532   11.86218 4.1052e-02 0.0000e+00
        532 212.421617    0.03687     2.2125    132.750     62.438  49156.153    31.1490     9.3380     61.845    6.56759     9.3304    24.0531   11.86226 4.1041e-02 0.0000e+00
        533 212.421620    0.03694     2.2167    133.000     62.785  49156.270    31.1489     9.3376     62.189    6.56766     9.3296    24.0531   11.86238 4.1010e-02 0.0000e+00
        534 212.421623    0.03701     2.2208    133.250     63.124  49156.518    31.1488     9.3370     62.524    6.56775     9.3288    24.0531   11.86254 4.0981e-02 0.0000e+00
        535 212.421626    0.03708     2.2250    133.500     63.442  49156.973    31.1489     9.3362     62.840    6.56786     9.3280    24.0533   11.86271 4.0950e-02 0.0000e+00
        536 212.421629    0.03715     2.2292    133.750     63.731  49157.623    31.1492     9.3354     63.126    6.56796     9.3274    24.0536   11.86288 4.0911e-02 0.0000e+00
        537 212.421632    0.03722     2.2333    134.000     63.982  49158.361    31.1495     9.3347     63.374    6.56806     9.3270    24.0540   11.86303 4.0862e-02 0.0000e+00
        538 212.421635    0.03729     2.2375    134.250     64.188  49159.126    31.1499     9.3341     63.578    6.56812     9.3268    24.0544   11.86313 4.0796e-02 0.0000e+00
        539 212.421638    0.03736     2.2417    134.500     64.343  49159.845    31.1503     9.3338     63.732    6.56816     9.3267    24.0547   11.86319 4.0699e-02 0.0000e+00
        540 212.421641    0.03743     2.2458    134.750     64.443  49160.307    31.1505     9.3336     63.831    6.56818 -9.990e-29    24.0549   11.86323 4.0556e-02 0.0000e+00
        541 212.421644    0.03750     2.2500    135.000     64.478  49160.443    31.1506     9.3335     63.866    6.56819 -9.990e-29    24.0550   11.86324 4.0470e-02 0.0000e+00
