CTD-processing/allCTD/CNV--turbid/2012_09-21_t9_s09_repeat4_cast175.cnv
* Sea-Bird SBE19plus Data File:
* FileName = C:\Documents and Settings\kris.holderied.local\My Documents\2012-CTD-DATA-new-files\2012-09-21-CTD-HomerSpit-tide-time-series-KBRRctd\2012-09-21-CTD-HomerSpit-tide-repeat4\2012-09-21-HomerSpit-tide-repeat4-cast175.hex
* Software Version 1.54
* Temperature SN =  4141
* Conductivity SN =  4141
* System UpLoad Time = Oct 11 2012 19:18:39
** Kachemak Bay Homer Spit Line - Tidal repeat4
** Date:  2012-09-21
** Station: 9-09
** Start time (AKDT-24 hr): 1447
** Depth (ft): 271
** Comment:
# nquan = 16
# nvalues = 605                         
# units = specified
# name 0 = scan: Scan Count
# name 1 = timeJ: Julian Days
# name 2 = timeH: Time, Elapsed [hours]
# name 3 = timeM: Time, Elapsed [minutes]
# name 4 = timeS: Time, Elapsed [seconds]
# name 5 = prdM: Pressure, Strain Gauge [db]
# name 6 = specc: Specific Conductance [uS/cm]
# name 7 = sal00: Salinity, Practical [PSU]
# name 8 = tv290C: Temperature [ITS-90, deg C]
# name 9 = depSM: Depth [salt water, m], lat = 59.00
# name 10 = oxsolML/L: Oxygen Saturation, Garcia & Gordon [ml/l]
# name 11 = potemp090C: Potential Temperature [ITS-90, deg C]
# name 12 = sigma-é00: Density [sigma-theta, kg/m^3]
# name 13 = n2satML/L: Nitrogen Saturation [ml/l]
# name 14 = par: PAR/Irradiance, Biospherical/Licor
# name 15 = flag:  0.000e+00
# span 0 =          1,        605       
# span 1 = 265.616157, 265.617905       
# span 2 =    0.00000,    0.04194       
# span 3 =     0.0000,     2.5167       
# span 4 =      0.000,    151.000       
# span 5 =     -0.123,     80.676       
# span 6 =  28361.673,  48514.442       
# span 7 =    17.1916,    30.7122       
# span 8 =     9.0015,     9.7351       
# span 9 =     -0.122,     79.906       
# span 10 =    6.55611,    7.14436      
# span 11 =     9.0014,     9.7339      
# span 12 =    13.1368,    23.6870      
# span 13 =   11.85075,   13.00139      
# span 14 = 6.6608e-02, 1.8504e+02      
# span 15 = 0.0000e+00, 0.0000e+00      
# interval = seconds: 0.25
# start_time = Sep 21 2012 14:47:16 [Instrument's time stamp, header]
# bad_flag = -9.990e-29
*END*
          1 265.616157    0.00000     0.0000      0.000     -0.119  34032.759    20.8244     9.6700     -0.118    6.96666     9.6705    15.9553   12.65446 5.3039e+01 0.0000e+00
          2 265.616160    0.00007     0.0042      0.250     -0.119  33466.541    20.4461     9.6703     -0.118    6.98359     9.6708    15.6610   12.68759 5.3352e+01 0.0000e+00
          3 265.616163    0.00014     0.0083      0.500     -0.120  32958.710    20.1077     9.6705     -0.119    6.99876     9.6708    15.3976   12.71731 5.4444e+01 0.0000e+00
          4 265.616166    0.00021     0.0125      0.750     -0.120  32537.107    19.8281     9.6708     -0.119    7.01137     9.6707    15.1802   12.74201 5.7230e+01 0.0000e+00
          5 265.616169    0.00028     0.0167      1.000     -0.121  32027.131    19.4914     9.6708     -0.120    7.02666     9.6701    14.9183   12.77196 6.2149e+01 0.0000e+00
          6 265.616172    0.00035     0.0208      1.250     -0.122  31441.530    19.1058     9.6706     -0.121    7.04425     9.6689    14.6184   12.80643 6.8381e+01 0.0000e+00
          7 265.616175    0.00042     0.0250      1.500     -0.123  31180.651    18.9375     9.6701     -0.122    7.05216     9.6664    14.4876   12.82195 7.4581e+01 0.0000e+00
          8 265.616178    0.00049     0.0292      1.750     -0.123  31456.044    19.1280     9.6688     -0.122    7.04410     9.6620    14.6361   12.80618 8.0482e+01 0.0000e+00
          9 265.616181    0.00056     0.0333      2.000     -0.122  31680.968    19.2880     9.6664     -0.121    7.03774     9.6544    14.7609   12.79371 8.6864e+01 0.0000e+00
         10 265.616183    0.00063     0.0375      2.250     -0.118  31159.904    18.9564     9.6619     -0.117    7.05403     9.6418    14.5036   12.82555 9.4220e+01 0.0000e+00
         11 265.616186    0.00069     0.0417      2.500     -0.111  29928.718    18.1635     9.6544     -0.110    7.09210     9.6209    13.8880   12.89997 1.0197e+02 0.0000e+00
         12 265.616189    0.00076     0.0458      2.750     -0.100  28493.695    17.2517     9.6418     -0.099    7.13706     9.5892    13.1806   12.98780 1.0869e+02 0.0000e+00
         13 265.616192    0.00083     0.0500      3.000     -0.087  28361.673    17.1916     9.6209     -0.086    7.14436     9.5522    13.1368   13.00139 1.1349e+02 0.0000e+00
         14 265.616195    0.00090     0.0542      3.250     -0.076  30078.924    18.3167     9.5891     -0.075    7.09818     9.5244    14.0164   12.90941 1.1727e+02 0.0000e+00
         15 265.616198    0.00097     0.0583      3.500     -0.065  31327.960    19.1165     9.5522     -0.064    7.06702     9.5139    14.6435   12.84645 1.2204e+02 0.0000e+00
         16 265.616201    0.00104     0.0625      3.750     -0.049  31378.375    19.1274     9.5244     -0.048    7.07025     9.5134    14.6554   12.85128 1.2863e+02 0.0000e+00
         17 265.616204    0.00111     0.0667      4.000     -0.026  32077.384    19.5734     9.5138     -0.026    7.05100     9.5094    15.0037   12.81296 1.3636e+02 0.0000e+00
         18 265.616207    0.00118     0.0708      4.250      0.000  33897.197    20.7740     9.5134      0.000    6.99634     9.4916    15.9381   12.70587 1.4489e+02 0.0000e+00
         19 265.616209    0.00125     0.0750      4.500      0.028  35777.237    22.0221     9.5094      0.027    6.94043     9.4573    16.9101   12.59628 1.5408e+02 0.0000e+00
         20 265.616212    0.00132     0.0792      4.750      0.051  36899.317    22.7639     9.4916      0.050    6.90948     9.4114    17.4899   12.53489 1.6272e+02 0.0000e+00
         21 265.616215    0.00139     0.0833      5.000      0.067  37343.169    23.0504     9.4573      0.066    6.90155     9.3635    17.7176   12.51776 1.6954e+02 0.0000e+00
         22 265.616218    0.00146     0.0875      5.250      0.075  37566.762    23.1908     9.4114      0.075    6.90210     9.3221    17.8332   12.51671 1.7472e+02 0.0000e+00
         23 265.616221    0.00153     0.0917      5.500      0.078  37805.572    23.3442     9.3635      0.077    6.90254     9.2921    17.9593   12.51538 1.7882e+02 0.0000e+00
         24 265.616224    0.00160     0.0958      5.750      0.078  38122.767    23.5530     9.3222      0.077    6.89957     9.2753    18.1277   12.50772 1.8195e+02 0.0000e+00
         25 265.616227    0.00167     0.1000      6.000      0.078  38463.326    23.7799     9.2922      0.078    6.89408     9.2725    18.3086   12.49566 1.8404e+02 0.0000e+00
         26 265.616230    0.00174     0.1042      6.250      0.081  38724.407    23.9547     9.2754      0.080    6.88888     9.2810    18.4472   12.48476 1.8504e+02 0.0000e+00
         27 265.616233    0.00181     0.1083      6.500      0.086  38864.196    24.0488     9.2725      0.085    6.88513     9.2945    18.5210   12.47730 1.8481e+02 0.0000e+00
         28 265.616236    0.00187     0.1125      6.750      0.097  38893.912    24.0695     9.2811      0.096    6.88286     9.3051    18.5359   12.47327 1.8309e+02 0.0000e+00
         29 265.616238    0.00194     0.1167      7.000      0.119  38830.228    24.0274     9.2945      0.118    6.88264     9.3059    18.5011   12.47343 1.7934e+02 0.0000e+00
         30 265.616241    0.00201     0.1208      7.250      0.159  38676.478    23.9238     9.3051      0.157    6.88559     9.2905    18.4189   12.47965 1.7290e+02 0.0000e+00
         31 265.616244    0.00208     0.1250      7.500      0.223  38447.621    23.7683     9.3059      0.220    6.89236     9.2562    18.2975   12.49289 1.6296e+02 0.0000e+00
         32 265.616247    0.00215     0.1292      7.750      0.309  38239.615    23.6254     9.2905      0.306    6.90111     9.2095    18.1883   12.50926 1.4821e+02 0.0000e+00
         33 265.616250    0.00222     0.1333      8.000      0.407  38162.084    23.5692     9.2563      0.403    6.90894     9.1615    18.1492   12.52301 1.3029e+02 0.0000e+00
         34 265.616253    0.00229     0.1375      8.250      0.506  38211.854    23.5983     9.2095      0.501    6.91495     9.1205    18.1783   12.53263 1.1469e+02 0.0000e+00
         35 265.616256    0.00236     0.1417      8.500      0.598  38318.817    23.6660     9.1615      0.592    6.91942     9.0896    18.2377   12.53920 1.0409e+02 0.0000e+00
         36 265.616259    0.00243     0.1458      8.750      0.673  38431.406    23.7383     9.1205      0.667    6.92261     9.0682    18.2996   12.54358 9.7510e+01 0.0000e+00
         37 265.616262    0.00250     0.1500      9.000      0.726  38530.302    23.8023     9.0896      0.719    6.92459     9.0546    18.3537   12.54606 9.3597e+01 0.0000e+00
         38 265.616264    0.00257     0.1542      9.250      0.759  38612.846    23.8561     9.0683      0.752    6.92552     9.0464    18.3987   12.54692 9.1157e+01 0.0000e+00
         39 265.616267    0.00264     0.1583      9.500      0.779  38674.260    23.8964     9.0547      0.772    6.92586     9.0419    18.4320   12.54697 8.9458e+01 0.0000e+00
         40 265.616270    0.00271     0.1625      9.750      0.794  38719.759    23.9265     9.0465      0.786    6.92580     9.0399    18.4566   12.54649 8.8150e+01 0.0000e+00
         41 265.616273    0.00278     0.1667     10.000      0.806  38761.626    23.9545     9.0420      0.798    6.92525     9.0392    18.4790   12.54522 8.7061e+01 0.0000e+00
         42 265.616276    0.00285     0.1708     10.250      0.815  38801.027    23.9810     9.0399      0.808    6.92439     9.0393    18.5000   12.54345 8.6256e+01 0.0000e+00
         43 265.616279    0.00292     0.1750     10.500      0.822  38835.242    24.0042     9.0392      0.814    6.92346     9.0398    18.5182   12.54160 8.5989e+01 0.0000e+00
         44 265.616282    0.00299     0.1792     10.750      0.824  38864.601    24.0242     9.0394      0.816    6.92255     9.0405    18.5337   12.53984 8.6315e+01 0.0000e+00
         45 265.616285    0.00306     0.1833     11.000      0.823  38889.712    24.0413     9.0399      0.815    6.92171     9.0412    18.5470   12.53822 8.6956e+01 0.0000e+00
         46 265.616288    0.00313     0.1875     11.250      0.821  38910.153    24.0552     9.0405      0.813    6.92098     9.0418    18.5578   12.53682 8.7508e+01 0.0000e+00
         47 265.616291    0.00319     0.1917     11.500      0.821  38925.209    24.0655     9.0412      0.813    6.92041     9.0421    18.5657   12.53574 8.7776e+01 0.0000e+00
         48 265.616293    0.00326     0.1958     11.750      0.822  38935.435    24.0726     9.0418      0.814    6.92001     9.0422    18.5711   12.53498 8.7989e+01 0.0000e+00
         49 265.616296    0.00333     0.2000     12.000      0.823  38942.746    24.0776     9.0421      0.815    6.91974     9.0421    18.5750   12.53446 8.8511e+01 0.0000e+00
         50 265.616299    0.00340     0.2042     12.250      0.822  38948.973    24.0818     9.0422      0.814    6.91953     9.0419    18.5783   12.53407 8.9440e+01 0.0000e+00
         51 265.616302    0.00347     0.2083     12.500      0.817  38954.835    24.0858     9.0422      0.809    6.91936     9.0415    18.5814   12.53374 9.0619e+01 0.0000e+00
         52 265.616305    0.00354     0.2125     12.750      0.809  38960.036    24.0893     9.0419      0.802    6.91924     9.0411    18.5842   12.53349 9.1780e+01 0.0000e+00
         53 265.616308    0.00361     0.2167     13.000      0.800  38964.064    24.0920     9.0416      0.793    6.91918     9.0406    18.5863   12.53335 9.2830e+01 0.0000e+00
         54 265.616311    0.00368     0.2208     13.250      0.792  38966.892    24.0938     9.0412      0.785    6.91916     9.0402    18.5878   12.53330 9.3896e+01 0.0000e+00
         55 265.616314    0.00375     0.2250     13.500      0.784  38968.867    24.0951     9.0407      0.777    6.91917     9.0399    18.5889   12.53330 9.4970e+01 0.0000e+00
         56 265.616317    0.00382     0.2292     13.750      0.776  38970.227    24.0960     9.0403      0.769    6.91919     9.0397    18.5896   12.53333 9.5845e+01 0.0000e+00
         57 265.616319    0.00389     0.2333     14.000      0.769  38971.123    24.0966     9.0400      0.762    6.91921     9.0395    18.5901   12.53335 9.6358e+01 0.0000e+00
         58 265.616322    0.00396     0.2375     14.250      0.763  38971.786    24.0971     9.0398      0.756    6.91923     9.0393    18.5905   12.53337 9.6563e+01 0.0000e+00
         59 265.616325    0.00403     0.2417     14.500      0.760  38972.524    24.0976     9.0396      0.753    6.91924     9.0391    18.5909   12.53338 9.6605e+01 0.0000e+00
         60 265.616328    0.00410     0.2458     14.750      0.760  38973.645    24.0983     9.0394      0.753    6.91924     9.0388    18.5915   12.53338 9.6591e+01 0.0000e+00
         61 265.616331    0.00417     0.2500     15.000      0.759  38975.060    24.0992     9.0391      0.752    6.91924     9.0387    18.5923   12.53336 9.6738e+01 0.0000e+00
         62 265.616334    0.00424     0.2542     15.250      0.756  38976.242    24.1000     9.0389      0.749    6.91923     9.0386    18.5929   12.53335 9.7268e+01 0.0000e+00
         63 265.616337    0.00431     0.2583     15.500      0.749  38976.655    24.1003     9.0388      0.742    6.91924     9.0384    18.5931   12.53336 9.8093e+01 0.0000e+00
         64 265.616340    0.00438     0.2625     15.750      0.742  38976.174    24.0999     9.0387      0.735    6.91928     9.0382    18.5929   12.53342 9.8707e+01 0.0000e+00
         65 265.616343    0.00444     0.2667     16.000      0.739  38975.120    24.0992     9.0385      0.732    6.91934     9.0378    18.5924   12.53353 9.8613e+01 0.0000e+00
         66 265.616345    0.00451     0.2708     16.250      0.743  38974.079    24.0985     9.0383      0.736    6.91941     9.0375    18.5918   12.53365 9.7871e+01 0.0000e+00
         67 265.616348    0.00458     0.2750     16.500      0.752  38973.774    24.0982     9.0379      0.745    6.91947     9.0372    18.5917   12.53376 9.7026e+01 0.0000e+00
         68 265.616351    0.00465     0.2792     16.750      0.759  38974.456    24.0986     9.0376      0.752    6.91951     9.0370    18.5921   12.53383 9.6655e+01 0.0000e+00
         69 265.616354    0.00472     0.2833     17.000      0.760  38975.351    24.0992     9.0373      0.753    6.91953     9.0369    18.5926   12.53385 9.6976e+01 0.0000e+00
         70 265.616357    0.00479     0.2875     17.250      0.754  38975.142    24.0991     9.0371      0.747    6.91956     9.0369    18.5925   12.53390 9.7726e+01 0.0000e+00
         71 265.616360    0.00486     0.2917     17.500      0.744  38973.335    24.0978     9.0370      0.737    6.91963     9.0368    18.5915   12.53403 9.8424e+01 0.0000e+00
         72 265.616363    0.00493     0.2958     17.750      0.738  38970.408    24.0958     9.0369      0.731    6.91974     9.0367    18.5900   12.53423 9.8621e+01 0.0000e+00
         73 265.616366    0.00500     0.3000     18.000      0.739  38966.750    24.0933     9.0368      0.733    6.91986     9.0366    18.5880   12.53447 9.8027e+01 0.0000e+00
         74 265.616369    0.00507     0.3042     18.250      0.748  38963.224    24.0909     9.0367      0.742    6.91998     9.0366    18.5862   12.53470 9.6881e+01 0.0000e+00
         75 265.616372    0.00514     0.3083     18.500      0.761  38961.223    24.0895     9.0366      0.754    6.92006     9.0366    18.5851   12.53485 9.5879e+01 0.0000e+00
         76 265.616374    0.00521     0.3125     18.750      0.771  38961.210    24.0895     9.0366      0.764    6.92006     9.0367    18.5851   12.53486 9.5596e+01 0.0000e+00
         77 265.616377    0.00528     0.3167     19.000      0.773  38962.576    24.0905     9.0367      0.766    6.92001     9.0368    18.5858   12.53476 9.6214e+01 0.0000e+00
         78 265.616380    0.00535     0.3208     19.250      0.765  38964.399    24.0917     9.0367      0.758    6.91994     9.0370    18.5868   12.53463 9.7464e+01 0.0000e+00
         79 265.616383    0.00542     0.3250     19.500      0.749  38966.043    24.0928     9.0368      0.742    6.91988     9.0372    18.5877   12.53451 9.8778e+01 0.0000e+00
         80 265.616386    0.00549     0.3292     19.750      0.733  38967.526    24.0939     9.0370      0.726    6.91981     9.0375    18.5885   12.53439 9.9590e+01 0.0000e+00
         81 265.616389    0.00556     0.3333     20.000      0.722  38969.021    24.0949     9.0372      0.715    6.91973     9.0379    18.5892   12.53423 9.9693e+01 0.0000e+00
         82 265.616392    0.00562     0.3375     20.250      0.721  38970.507    24.0960     9.0376      0.714    6.91963     9.0382    18.5900   12.53405 9.9318e+01 0.0000e+00
         83 265.616395    0.00569     0.3417     20.500      0.729  38972.246    24.0972     9.0379      0.722    6.91952     9.0386    18.5909   12.53385 9.8733e+01 0.0000e+00
         84 265.616398    0.00576     0.3458     20.750      0.742  38974.722    24.0989     9.0383      0.734    6.91939     9.0391    18.5922   12.53361 9.8180e+01 0.0000e+00
         85 265.616400    0.00583     0.3500     21.000      0.752  38978.002    24.1012     9.0387      0.744    6.91922     9.0395    18.5939   12.53331 9.8053e+01 0.0000e+00
         86 265.616403    0.00590     0.3542     21.250      0.754  38980.987    24.1033     9.0391      0.747    6.91906     9.0398    18.5954   12.53301 9.8484e+01 0.0000e+00
         87 265.616406    0.00597     0.3583     21.500      0.749  38981.690    24.1038     9.0396      0.742    6.91896     9.0398    18.5958   12.53285 9.9198e+01 0.0000e+00
         88 265.616409    0.00604     0.3625     21.750      0.737  38979.595    24.1024     9.0399      0.731    6.91898     9.0397    18.5947   12.53290 9.9937e+01 0.0000e+00
         89 265.616412    0.00611     0.3667     22.000      0.725  38976.583    24.1003     9.0399      0.719    6.91907     9.0396    18.5931   12.53306 1.0056e+02 0.0000e+00
         90 265.616415    0.00618     0.3708     22.250      0.716  38974.736    24.0991     9.0398      0.710    6.91914     9.0396    18.5921   12.53320 1.0100e+02 0.0000e+00
