CTD-processing/allCTD/CNV--turbid/2012_05-03_t6_s26_cast070.cnv
* Sea-Bird SBE19plus Data File:
* FileName = C:\Documents and Settings\glenn.seaman\My Documents\KHolderied-files\CTD-DATA-FILES\2012-05-LTM-LowerCookInlet-CTD\Transect6-2012-05-Douglas\2012-05-03-04-LTM-Tran6-cast070.hex
* Software Version 1.59
* Temperature SN =  5028
* Conductivity SN =  5028
* System UpLoad Time = May 31 2012 03:19:36
** LTM Transect6- Pt Adam to Cape Douglas
** Date: 05-03
** Station: 6-26
** Start time (AKDT-24hr): 01:21
** Depth (m): 173
** check sta no, add time/z from log
# nquan = 16
# nvalues = 1111                        
# units = specified
# name 0 = scan: Scan Count
# name 1 = timeJ: Julian Days
# name 2 = timeH: Time, Elapsed [hours]
# name 3 = timeM: Time, Elapsed [minutes]
# name 4 = timeS: Time, Elapsed [seconds]
# name 5 = prdM: Pressure, Strain Gauge [db]
# name 6 = specc: Specific Conductance [uS/cm]
# name 7 = sal00: Salinity, Practical [PSU]
# name 8 = tv290C: Temperature [ITS-90, deg C]
# name 9 = depSM: Depth [salt water, m], lat = 59.00
# name 10 = oxsolML/L: Oxygen Saturation, Garcia & Gordon [ml/l]
# name 11 = potemp090C: Potential Temperature [ITS-90, deg C]
# name 12 = sigma-é00: Density [sigma-theta, kg/m^3]
# name 13 = n2satML/L: Nitrogen Saturation [ml/l]
# name 14 = par: PAR/Irradiance, Biospherical/Licor [umol photons/m^2/sec]
# name 15 = flag:  0.000e+00
# span 0 =          1,       1111       
# span 1 = 125.056863, 125.060075       
# span 2 =    0.00000,    0.07708       
# span 3 =     0.0000,     4.6250       
# span 4 =      0.000,    277.500       
# span 5 =     -0.116,    152.463       
# span 6 =    391.869,  52009.841       
# span 7 =     0.1791,    32.2968       
# span 8 =     3.5154,     4.9593       
# span 9 =     -0.115,    150.981       
# span 10 =    7.21323,    9.27895      
# span 11 =     3.5154,     4.9489      
# span 12 =     0.1181,    25.5483      
# span 13 =   12.91631,   16.82753      
# span 14 = 3.7490e-02, 1.1228e+00      
# span 15 = 0.0000e+00, 0.0000e+00      
# interval = seconds: 0.25
# start_time = May 04 2012 01:21:53 [Instrument's time stamp, header]
# bad_flag = -9.990e-29
*END*
[from data line 452]
        453 125.058171    0.03139     1.8833    113.000     29.792  51024.423    31.4195     3.7389     29.512    7.46962     3.7458    24.9636   13.34988 3.7490e-02 0.0000e+00
        454 125.058174    0.03146     1.8875    113.250     29.921  51034.107    31.4268     3.7421     29.640    7.46867     3.7554    24.9691   13.34822 3.7490e-02 0.0000e+00
        455 125.058177    0.03153     1.8917    113.500     30.050  51050.435    31.4392     3.7476     29.767    7.46703     3.7708    24.9784   13.34535 3.7490e-02 0.0000e+00
        456 125.058180    0.03160     1.8958    113.750     30.190  51073.624    31.4572     3.7572     29.905    7.46437     3.7924    24.9918   13.34071 3.7490e-02 0.0000e+00
        457 125.058183    0.03167     1.9000    114.000     30.349  51098.277    31.4777     3.7726     30.063    7.46052     3.8175    25.0067   13.33410 3.7490e-02 0.0000e+00
        458 125.058186    0.03174     1.9042    114.250     30.533  51111.532    31.4918     3.7942     30.245    7.45586     3.8414    25.0160   13.32621 3.7490e-02 0.0000e+00
        459 125.058189    0.03181     1.9083    114.500     30.739  51105.277    31.4936     3.8194     30.450    7.45117     3.8602    25.0150   13.31845 3.7490e-02 0.0000e+00
        460 125.058192    0.03188     1.9125    114.750     30.963  51086.361    31.4864     3.8433     30.671    7.44719     3.8733    25.0071   13.31197 3.7490e-02 0.0000e+00
        461 125.058194    0.03194     1.9167    115.000     31.198  51065.682    31.4768     3.8622     30.904    7.44423     3.8813    24.9977   13.30721 3.7490e-02 0.0000e+00
        462 125.058197    0.03201     1.9208    115.250     31.437  51048.767    31.4683     3.8753     31.140    7.44227     3.8860    24.9897   13.30410 3.7490e-02 0.0000e+00
        463 125.058200    0.03208     1.9250    115.500     31.673  51037.792    31.4627     3.8833     31.375    7.44109     3.8888    24.9845   13.30221 3.7490e-02 0.0000e+00
        464 125.058203    0.03215     1.9292    115.750     31.904  51032.584    31.4601     3.8880     31.603    7.44036     3.8909    24.9820   13.30105 3.7490e-02 0.0000e+00
        465 125.058206    0.03222     1.9333    116.000     32.128  51030.984    31.4596     3.8908     31.825    7.43987     3.8929    24.9813   13.30024 3.7490e-02 0.0000e+00
        466 125.058209    0.03229     1.9375    116.250     32.346  51031.415    31.4603     3.8930     32.041    7.43944     3.8952    24.9817   13.29953 3.7490e-02 0.0000e+00
        467 125.058212    0.03236     1.9417    116.500     32.559  51033.449    31.4621     3.8950     32.252    7.43899     3.8980    24.9829   13.29876 3.7490e-02 0.0000e+00
        468 125.058215    0.03243     1.9458    116.750     32.770  51036.357    31.4645     3.8973     32.461    7.43845     3.9013    24.9846   13.29783 3.7490e-02 0.0000e+00
        469 125.058218    0.03250     1.9500    117.000     32.982  51039.099    31.4669     3.9001     32.671    7.43781     3.9051    24.9863   13.29675 3.7490e-02 0.0000e+00
        470 125.058220    0.03257     1.9542    117.250     33.195  51042.014    31.4696     3.9034     32.882    7.43708     3.9097    24.9881   13.29550 3.7490e-02 0.0000e+00
        471 125.058223    0.03264     1.9583    117.500     33.407  51046.513    31.4735     3.9072     33.092    7.43619     3.9153    24.9908   13.29399 3.7490e-02 0.0000e+00
        472 125.058226    0.03271     1.9625    117.750     33.618  51051.510    31.4779     3.9118     33.301    7.43513     3.9214    24.9939   13.29218 3.7490e-02 0.0000e+00
        473 125.058229    0.03278     1.9667    118.000     33.825  51054.800    31.4813     3.9174     33.506    7.43395     3.9278    24.9961   13.29018 3.7490e-02 0.0000e+00
        474 125.058232    0.03285     1.9708    118.250     34.027  51056.944    31.4842     3.9235     33.706    7.43269     3.9341    24.9978   13.28807 3.7490e-02 0.0000e+00
        475 125.058235    0.03292     1.9750    118.500     34.220  51057.478    31.4860     3.9299     33.898    7.43143     3.9396    24.9986   13.28598 3.7490e-02 0.0000e+00
        476 125.058238    0.03299     1.9792    118.750     34.404  51054.946    31.4857     3.9362     34.080    7.43030     3.9437    24.9978   13.28412 3.7490e-02 0.0000e+00
        477 125.058241    0.03306     1.9833    119.000     34.579  51049.695    31.4833     3.9418     34.253    7.42941     3.9455    24.9954   13.28268 3.7490e-02 0.0000e+00
        478 125.058244    0.03313     1.9875    119.250     34.745  51041.111    31.4784     3.9459     34.418    7.42893     3.9450    24.9911   13.28194 3.7490e-02 0.0000e+00
        479 125.058247    0.03319     1.9917    119.500     34.904  51032.273    31.4727     3.9477     34.575    7.42888     3.9434    24.9864   13.28194 3.7490e-02 0.0000e+00
        480 125.058249    0.03326     1.9958    119.750     35.057  51027.941    31.4696     3.9472     34.726    7.42912     3.9414    24.9840   13.28237 3.7490e-02 0.0000e+00
        481 125.058252    0.03333     2.0000    120.000     35.204  51026.580    31.4682     3.9456     34.872    7.42949     3.9392    24.9830   13.28300 3.7490e-02 0.0000e+00
        482 125.058255    0.03340     2.0042    120.250     35.349  51025.525    31.4669     3.9436     35.015    7.42992     3.9370    24.9822   13.28373 3.7490e-02 0.0000e+00
        483 125.058258    0.03347     2.0083    120.500     35.493  51025.404    31.4662     3.9414     35.158    7.43035     3.9353    24.9818   13.28445 3.7490e-02 0.0000e+00
        484 125.058261    0.03354     2.0125    120.750     35.640  51027.075    31.4668     3.9392     35.303    7.43071     3.9342    24.9825   13.28504 3.7490e-02 0.0000e+00
        485 125.058264    0.03361     2.0167    121.000     35.793  51029.670    31.4680     3.9375     35.455    7.43097     3.9336    24.9837   13.28544 3.7490e-02 0.0000e+00
        486 125.058267    0.03368     2.0208    121.250     35.956  51030.736    31.4684     3.9364     35.616    7.43114     3.9329    24.9841   13.28571 3.7490e-02 0.0000e+00
        487 125.058270    0.03375     2.0250    121.500     36.129  51029.792    31.4676     3.9358     35.787    7.43129     3.9321    24.9834   13.28598 3.7490e-02 0.0000e+00
        488 125.058273    0.03382     2.0292    121.750     36.314  51029.413    31.4670     3.9352     35.971    7.43144     3.9317    24.9831   13.28623 3.7490e-02 0.0000e+00
        489 125.058275    0.03389     2.0333    122.000     36.514  51030.637    31.4676     3.9344     36.170    7.43154     3.9317    24.9836   13.28640 3.7490e-02 0.0000e+00
        490 125.058278    0.03396     2.0375    122.250     36.730  51032.945    31.4689     3.9340     36.383    7.43156     3.9319    24.9847   13.28641 3.7490e-02 0.0000e+00
        491 125.058281    0.03403     2.0417    122.500     36.959  51034.468    31.4698     3.9340     36.610    7.43152     3.9320    24.9855   13.28632 3.7490e-02 0.0000e+00
        492 125.058284    0.03410     2.0458    122.750     37.198  51033.493    31.4691     3.9343     36.848    7.43150     3.9314    24.9849   13.28630 3.7490e-02 0.0000e+00
        493 125.058287    0.03417     2.0500    123.000     37.445  51030.866    31.4672     3.9343     37.091    7.43157     3.9300    24.9834   13.28645 3.7490e-02 0.0000e+00
        494 125.058290    0.03424     2.0542    123.250     37.692  51027.893    31.4650     3.9338     37.336    7.43179     3.9283    24.9816   13.28684 3.7490e-02 0.0000e+00
        495 125.058293    0.03431     2.0583    123.500     37.935  51027.241    31.4641     3.9324     37.577    7.43209     3.9274    24.9810   13.28733 3.7490e-02 0.0000e+00
        496 125.058296    0.03438     2.0625    123.750     38.169  51030.672    31.4659     3.9307     37.808    7.43230     3.9277    24.9826   13.28766 3.7490e-02 0.0000e+00
        497 125.058299    0.03444     2.0667    124.000     38.390  51036.243    31.4694     3.9298     38.027    7.43230     3.9297    24.9855   13.28762 3.7490e-02 0.0000e+00
        498 125.058302    0.03451     2.0708    124.250     38.597  51042.987    31.4739     3.9301     38.233    7.43200     3.9335    24.9891   13.28707 3.7490e-02 0.0000e+00
        499 125.058304    0.03458     2.0750    124.500     38.791  51050.302    31.4793     3.9322     38.425    7.43136     3.9383    24.9931   13.28595 3.7490e-02 0.0000e+00
        500 125.058307    0.03465     2.0792    124.750     38.973  51054.422    31.4829     3.9360     38.605    7.43049     3.9434    24.9957   13.28447 3.7490e-02 0.0000e+00
        501 125.058310    0.03472     2.0833    125.000     39.147  51055.236    31.4846     3.9408     38.778    7.42953     3.9487    24.9965   13.28286 3.7490e-02 0.0000e+00
        502 125.058313    0.03479     2.0875    125.250     39.318  51057.879    31.4875     3.9458     38.947    7.42847     3.9546    24.9983   13.28108 3.7490e-02 0.0000e+00
        503 125.058316    0.03486     2.0917    125.500     39.488  51061.453    31.4911     3.9512     39.115    7.42732     3.9602    25.0007   13.27912 3.7490e-02 0.0000e+00
        504 125.058319    0.03493     2.0958    125.750     39.659  51061.561    31.4925     3.9571     39.285    7.42618     3.9651    25.0013   13.27722 3.7490e-02 0.0000e+00
        505 125.058322    0.03500     2.1000    126.000     39.836  51059.541    31.4924     3.9627     39.460    7.42516     3.9695    25.0007   13.27554 3.7490e-02 0.0000e+00
        506 125.058325    0.03507     2.1042    126.250     40.019  51058.988    31.4931     3.9676     39.641    7.42424     3.9745    25.0008   13.27401 3.7490e-02 0.0000e+00
        507 125.058328    0.03514     2.1083    126.500     40.205  51062.208    31.4963     3.9720     39.826    7.42328     3.9808    25.0029   13.27238 3.7490e-02 0.0000e+00
        508 125.058330    0.03521     2.1125    126.750     40.394  51069.073    31.5021     3.9770     40.013    7.42209     3.9883    25.0070   13.27035 3.7490e-02 0.0000e+00
        509 125.058333    0.03528     2.1167    127.000     40.583  51075.189    31.5076     3.9834     40.200    7.42067     3.9956    25.0108   13.26792 3.7490e-02 0.0000e+00
        510 125.058336    0.03535     2.1208    127.250     40.769  51075.032    31.5092     3.9909     40.384    7.41922     4.0012    25.0114   13.26552 3.7490e-02 0.0000e+00
        511 125.058339    0.03542     2.1250    127.500     40.946  51069.020    31.5068     3.9982     40.559    7.41802     4.0049    25.0087   13.26357 3.7490e-02 0.0000e+00
        512 125.058342    0.03549     2.1292    127.750     41.113  51062.202    31.5034     4.0038     40.724    7.41717     4.0072    25.0055   13.26221 3.7490e-02 0.0000e+00
        513 125.058345    0.03556     2.1333    128.000     41.267  51058.286    31.5015     4.0075     40.877    7.41661     4.0092    25.0036   13.26130 3.7490e-02 0.0000e+00
        514 125.058348    0.03562     2.1375    128.250     41.410  51058.683    31.5022     4.0098     41.018    7.41615     4.0120    25.0040   13.26053 3.7490e-02 0.0000e+00
        515 125.058351    0.03569     2.1417    128.500     41.541  51063.186    31.5057     4.0119     41.149    7.41561     4.0168    25.0066   13.25959 3.7490e-02 0.0000e+00
        516 125.058354    0.03576     2.1458    128.750     41.667  51072.631    31.5128     4.0147     41.273    7.41474     4.0251    25.0119   13.25807 3.7490e-02 0.0000e+00
        517 125.058356    0.03583     2.1500    129.000     41.793  51089.402    31.5253     4.0195     41.398    7.41325     4.0378    25.0214   13.25544 3.7490e-02 0.0000e+00
        518 125.058359    0.03590     2.1542    129.250     41.926  51110.383    31.5415     4.0278     41.529    7.41094     4.0541    25.0335   13.25142 3.7490e-02 0.0000e+00
        519 125.058362    0.03597     2.1583    129.500     42.072  51126.634    31.5555     4.0405     41.674    7.40794     4.0721    25.0434   13.24629 3.7490e-02 0.0000e+00
        520 125.058365    0.03604     2.1625    129.750     42.237  51134.657    31.5648     4.0568     41.837    7.40453     4.0906    25.0492   13.24055 3.7490e-02 0.0000e+00
        521 125.058368    0.03611     2.1667    130.000     42.424  51138.940    31.5719     4.0748     42.023    7.40092     4.1090    25.0531   13.23449 3.7490e-02 0.0000e+00
        522 125.058371    0.03618     2.1708    130.250     42.635  51142.501    31.5786     4.0933     42.232    7.39726     4.1264    25.0567   13.22836 3.7490e-02 0.0000e+00
        523 125.058374    0.03625     2.1750    130.500     42.865  51142.012    31.5825     4.1117     42.460    7.39375     4.1414    25.0580   13.22252 3.7490e-02 0.0000e+00
        524 125.058377    0.03632     2.1792    130.750     43.107  51135.428    31.5820     4.1291     42.699    7.39064     4.1533    25.0559   13.21739 3.7490e-02 0.0000e+00
        525 125.058380    0.03639     2.1833    131.000     43.354  51125.899    31.5789     4.1442     42.944    7.38808     4.1622    25.0520   13.21321 3.7490e-02 0.0000e+00
        526 125.058383    0.03646     2.1875    131.250     43.597  51116.545    31.5752     4.1561     43.185    7.38612     4.1686    25.0479   13.21002 3.7490e-02 0.0000e+00
        527 125.058385    0.03653     2.1917    131.500     43.830  51109.015    31.5721     4.1650     43.416    7.38468     4.1731    25.0446   13.20769 3.7490e-02 0.0000e+00
        528 125.058388    0.03660     2.1958    131.750     44.048  51103.935    31.5700     4.1714     43.632    7.38364     4.1764    25.0423   13.20600 3.7490e-02 0.0000e+00
        529 125.058391    0.03667     2.2000    132.000     44.249  51100.739    31.5688     4.1760     43.830    7.38288     4.1789    25.0409   13.20476 3.7490e-02 0.0000e+00
        530 125.058394    0.03674     2.2042    132.250     44.431  51098.571    31.5680     4.1793     44.011    7.38232     4.1807    25.0400   13.20384 3.7490e-02 0.0000e+00
        531 125.058397    0.03681     2.2083    132.500     44.597  51096.997    31.5674     4.1818     44.176    7.38191     4.1821    25.0393   13.20316 3.7490e-02 0.0000e+00
        532 125.058400    0.03687     2.2125    132.750     44.750  51096.007    31.5671     4.1836     44.327    7.38159     4.1832    25.0388   13.20265 3.7490e-02 0.0000e+00
        533 125.058403    0.03694     2.2167    133.000     44.894  51095.474    31.5670     4.1850     44.469    7.38135     4.1841    25.0386   13.20225 3.7490e-02 0.0000e+00
        534 125.058406    0.03701     2.2208    133.250     45.034  51095.167    31.5670     4.1861     44.608    7.38115     4.1848    25.0385   13.20193 3.7490e-02 0.0000e+00
        535 125.058409    0.03708     2.2250    133.500     45.177  51095.201    31.5671     4.1870     44.750    7.38099     4.1856    25.0385   13.20165 3.7490e-02 0.0000e+00
        536 125.058411    0.03715     2.2292    133.750     45.329  51095.740    31.5676     4.1878     44.901    7.38083     4.1864    25.0388   13.20138 3.7490e-02 0.0000e+00
        537 125.058414    0.03722     2.2333    134.000     45.497  51096.554    31.5683     4.1885     45.067    7.38066     4.1873    25.0392   13.20109 3.7490e-02 0.0000e+00
        538 125.058417    0.03729     2.2375    134.250     45.681  51097.235    31.5688     4.1894     45.249    7.38047     4.1882    25.0396   13.20078 3.7490e-02 0.0000e+00
        539 125.058420    0.03736     2.2417    134.500     45.881  51097.736    31.5693     4.1903     45.447    7.38029     4.1890    25.0399   13.20047 3.7490e-02 0.0000e+00
        540 125.058423    0.03743     2.2458    134.750     46.094  51098.308    31.5698     4.1911     45.658    7.38011     4.1898    25.0402   13.20017 3.7490e-02 0.0000e+00
        541 125.058426    0.03750     2.2500    135.000     46.315  51099.129    31.5704     4.1920     45.877    7.37993     4.1907    25.0406   13.19986 3.7490e-02 0.0000e+00
        542 125.058429    0.03757     2.2542    135.250     46.538  51100.074    31.5712     4.1928     46.097    7.37974     4.1917    25.0411   13.19953 3.7490e-02 0.0000e+00
