CTD-processing/allCTD/CNV--turbid/2012_06-05a_t9_s07a_cast038.cnv
* Sea-Bird SBE19plus Data File:
* FileName = C:\Documents and Settings\kris.holderied.local\My Documents\2012-KBRR-CTD-Kachemak-Bay\2012-KBRR-CTD-cast038.hex
* Software Version 1.54
* Temperature SN =  4141
* Conductivity SN =  4141
* System UpLoad Time = Jul 24 2012 22:02:51
** Kachemak Bay - Homer Spit Line CTD Survey
** Date:  2012-xx-xx   xxxx Tide (x of 2 lines)
** Station: 9-07
** Start time (AKDT-24 hr): 17:08
** Depth (m): 101.5
** Comments:  CTD time set wrong by 1 hour
# nquan = 16
# nvalues = 791                         
# units = specified
# name 0 = scan: Scan Count
# name 1 = timeJ: Julian Days
# name 2 = timeH: Time, Elapsed [hours]
# name 3 = timeM: Time, Elapsed [minutes]
# name 4 = timeS: Time, Elapsed [seconds]
# name 5 = prdM: Pressure, Strain Gauge [db]
# name 6 = specc: Specific Conductance [uS/cm]
# name 7 = sal00: Salinity, Practical [PSU]
# name 8 = tv290C: Temperature [ITS-90, deg C]
# name 9 = depSM: Depth [salt water, m], lat = 59.00
# name 10 = oxsolML/L: Oxygen Saturation, Garcia & Gordon [ml/l]
# name 11 = potemp090C: Potential Temperature [ITS-90, deg C]
# name 12 = sigma-é00: Density [sigma-theta, kg/m^3]
# name 13 = n2satML/L: Nitrogen Saturation [ml/l]
# name 14 = par: PAR/Irradiance, Biospherical/Licor
# name 15 = flag:  0.000e+00
# span 0 =          1,        791       
# span 1 = 157.755671, 157.757957       
# span 2 =    0.00000,    0.05486       
# span 3 =     0.0000,     3.2917       
# span 4 =      0.000,    197.500       
# span 5 =     -0.063,     90.582       
# span 6 =    273.626,  51161.258       
# span 7 =     0.1265,    31.7036       
# span 8 =     4.6812,     7.6059       
# span 9 =     -0.062,     89.716       
# span 10 =    6.84520,    8.40682      
# span 11 =     4.6749,     7.6058      
# span 12 =    -0.0142,    25.0971      
# span 13 =   12.32632,   15.36287      
# span 14 = 1.1289e-01, 1.6287e+03      
# span 15 = 0.0000e+00, 0.0000e+00      
# interval = seconds: 0.25
# start_time = Jun 05 2012 18:08:10 [Instrument's time stamp, header]
# bad_flag = -9.990e-29
*END*
[from data line 724]
        725 157.757766    0.05028     3.0167    181.000     88.714  51148.329    31.6984     4.6949     87.866    7.28443     4.6889    25.0917   13.04054 3.2625e-01 0.0000e+00
        726 157.757769    0.05035     3.0208    181.250     88.710  51149.012    31.6989     4.6949     87.862    7.28441     4.6892    25.0920   13.04051 3.1300e-01 0.0000e+00
        727 157.757772    0.05042     3.0250    181.500     88.687  51149.554    31.6993     4.6950     87.839    7.28436     4.6897    25.0923   13.04042 3.0257e-01 0.0000e+00
        728 157.757775    0.05049     3.0292    181.750     88.661  51149.715    31.6995     4.6954     87.813    7.28429     4.6901    25.0925   13.04030 2.9564e-01 0.0000e+00
        729 157.757778    0.05056     3.0333    182.000     88.647  51149.244    31.6993     4.6959     87.799    7.28422     4.6903    25.0922   13.04019 2.9521e-01 0.0000e+00
        730 157.757781    0.05063     3.0375    182.250     88.654  51148.195    31.6986     4.6963     87.807    7.28418     4.6902    25.0917   13.04013 2.9694e-01 0.0000e+00
        731 157.757784    0.05069     3.0417    182.500     88.686  51147.135    31.6979     4.6965     87.838    7.28418     4.6898    25.0911   13.04014 2.9538e-01 0.0000e+00
        732 157.757786    0.05076     3.0458    182.750     88.733  51146.632    31.6975     4.6964     87.884    7.28422     4.6895    25.0908   13.04021 2.9685e-01 0.0000e+00
        733 157.757789    0.05083     3.0500    183.000     88.780  51146.746    31.6975     4.6960     87.932    7.28428     4.6892    25.0908   13.04030 3.1116e-01 0.0000e+00
        734 157.757792    0.05090     3.0542    183.250     88.815  51147.252    31.6978     4.6957     87.966    7.28433     4.6892    25.0911   13.04038 3.3398e-01 0.0000e+00
        735 157.757795    0.05097     3.0583    183.500     88.826  51147.956    31.6982     4.6954     87.977    7.28435     4.6894    25.0914   13.04042 3.4744e-01 0.0000e+00
        736 157.757798    0.05104     3.0625    183.750     88.813  51148.782    31.6987     4.6954     87.964    7.28433     4.6899    25.0919   13.04038 3.4094e-01 0.0000e+00
        737 157.757801    0.05111     3.0667    184.000     88.782  51149.549    31.6993     4.6956     87.934    7.28426     4.6905    25.0923   13.04026 3.1812e-01 0.0000e+00
        738 157.757804    0.05118     3.0708    184.250     88.743  51149.885    31.6997     4.6961     87.895    7.28416     4.6911    25.0926   13.04009 2.9064e-01 0.0000e+00
        739 157.757807    0.05125     3.0750    184.500     88.707  51149.514    31.6996     4.6967     87.858    7.28406     4.6915    25.0924   13.03991 2.7152e-01 0.0000e+00
        740 157.757810    0.05132     3.0792    184.750     88.681  51148.364    31.6990     4.6973     87.833    7.28398     4.6914    25.0919   13.03980 2.6422e-01 0.0000e+00
        741 157.757813    0.05139     3.0833    185.000     88.672  51146.758    31.6980     4.6977     87.824    7.28397     4.6909    25.0910   13.03979 2.6702e-01 0.0000e+00
        742 157.757815    0.05146     3.0875    185.250     88.679  51145.449    31.6970     4.6976     87.831    7.28403     4.6902    25.0903   13.03990 2.8112e-01 0.0000e+00
        743 157.757818    0.05153     3.0917    185.500     88.696  51145.068    31.6966     4.6971     87.848    7.28413     4.6895    25.0901   13.04008 3.1088e-01 0.0000e+00
        744 157.757821    0.05160     3.0958    185.750     88.717  51145.590    31.6968     4.6964     87.868    7.28425     4.6889    25.0903   13.04027 3.6474e-01 0.0000e+00
        745 157.757824    0.05167     3.1000    186.000     88.736  51146.531    31.6973     4.6957     87.888    7.28435     4.6886    25.0907   13.04043 4.5729e-01 0.0000e+00
        746 157.757827    0.05174     3.1042    186.250     88.756  51147.425    31.6978     4.6951     87.908    7.28442     4.6884    25.0912   13.04054 5.1649e-01 0.0000e+00
        747 157.757830    0.05181     3.1083    186.500     88.785  51148.069    31.6981     4.6948     87.936    7.28447     4.6882    25.0915   13.04062 4.5940e-01 0.0000e+00
        748 157.757833    0.05187     3.1125    186.750     88.829  51148.305    31.6982     4.6946     87.980    7.28450     4.6880    25.0916   13.04067 3.6474e-01 0.0000e+00
        749 157.757836    0.05194     3.1167    187.000     88.893  51148.143    31.6981     4.6944     88.043    7.28454     4.6878    25.0914   13.04073 3.0509e-01 0.0000e+00
        750 157.757839    0.05201     3.1208    187.250     88.973  51148.018    31.6979     4.6942     88.122    7.28458     4.6875    25.0913   13.04079 2.6798e-01 0.0000e+00
        751 157.757841    0.05208     3.1250    187.500     89.061  51148.133    31.6979     4.6940     88.209    7.28463     4.6871    25.0913   13.04087 2.4555e-01 0.0000e+00
        752 157.757844    0.05215     3.1292    187.750     89.146  51148.319    31.6979     4.6937     88.294    7.28468     4.6867    25.0914   13.04096 2.3232e-01 0.0000e+00
        753 157.757847    0.05222     3.1333    188.000     89.219  51148.669    31.6980     4.6933     88.366    7.28473     4.6864    25.0915   13.04105 2.2502e-01 0.0000e+00
        754 157.757850    0.05229     3.1375    188.250     89.277  51149.532    31.6985     4.6929     88.424    7.28478     4.6864    25.0919   13.04112 2.2235e-01 0.0000e+00
        755 157.757853    0.05236     3.1417    188.500     89.324  51150.805    31.6993     4.6926     88.470    7.28480     4.6867    25.0926   13.04114 2.2244e-01 0.0000e+00
        756 157.757856    0.05243     3.1458    188.750     89.369  51151.738    31.6999     4.6926     88.515    7.28477     4.6870    25.0931   13.04108 2.2320e-01 0.0000e+00
        757 157.757859    0.05250     3.1500    189.000     89.427  51151.680    31.6999     4.6929     88.572    7.28472     4.6872    25.0930   13.04099 2.2452e-01 0.0000e+00
        758 157.757862    0.05257     3.1542    189.250     89.507  51150.732    31.6993     4.6933     88.651    7.28468     4.6870    25.0925   13.04093 2.2688e-01 0.0000e+00
        759 157.757865    0.05264     3.1583    189.500     89.616  51149.676    31.6986     4.6935     88.759    7.28468     4.6866    25.0919   13.04095 2.3024e-01 0.0000e+00
        760 157.757867    0.05271     3.1625    189.750     89.755  51149.200    31.6981     4.6933     88.896    7.28473     4.6860    25.0916   13.04104 2.3451e-01 0.0000e+00
        761 157.757870    0.05278     3.1667    190.000     89.914  51149.187    31.6979     4.6929     89.054    7.28481     4.6851    25.0915   13.04118 2.3957e-01 0.0000e+00
        762 157.757873    0.05285     3.1708    190.250     90.073  51149.122    31.6977     4.6923     89.211    7.28493     4.6839    25.0913   13.04139 2.4384e-01 0.0000e+00
        763 157.757876    0.05292     3.1750    190.500     90.209  51149.170    31.6974     4.6914     89.346    7.28510     4.6826    25.0912   13.04166 2.4529e-01 0.0000e+00
        764 157.757879    0.05299     3.1792    190.750     90.305  51150.139    31.6978     4.6902     89.441    7.28529     4.6816    25.0916   13.04197 2.4426e-01 0.0000e+00
        765 157.757882    0.05306     3.1833    191.000     90.355  51152.168    31.6989     4.6889     89.491    7.28547     4.6812    25.0926   13.04225 2.4249e-01 0.0000e+00
        766 157.757885    0.05312     3.1875    191.250     90.367  51154.422    31.7002     4.6879     89.503    7.28557     4.6813    25.0938   13.04241 2.4115e-01 0.0000e+00
        767 157.757888    0.05319     3.1917    191.500     90.361  51155.848    31.7011     4.6875     89.497    7.28560     4.6815    25.0945   13.04244 2.4101e-01 0.0000e+00
        768 157.757891    0.05326     3.1958    191.750     90.360  51155.963    31.7012     4.6876     89.495    7.28558     4.6815    25.0946   13.04240 2.4226e-01 0.0000e+00
        769 157.757894    0.05333     3.2000    192.000     90.376  51155.174    31.7007     4.6878     89.512    7.28556     4.6811    25.0942   13.04239 2.4374e-01 0.0000e+00
        770 157.757896    0.05340     3.2042    192.250     90.411  51154.187    31.7000     4.6878     89.546    7.28560     4.6804    25.0937   13.04245 2.4480e-01 0.0000e+00
        771 157.757899    0.05347     3.2083    192.500     90.452  51153.634    31.6995     4.6874     89.587    7.28569     4.6795    25.0933   13.04260 2.4412e-01 0.0000e+00
        772 157.757902    0.05354     3.2125    192.750     90.480  51154.017    31.6996     4.6867     89.615    7.28581     4.6788    25.0935   13.04281 2.3999e-01 0.0000e+00
        773 157.757905    0.05361     3.2167    193.000     90.482  51155.443    31.7003     4.6858     89.617    7.28593     4.6785    25.0942   13.04300 2.3555e-01 0.0000e+00
        774 157.757908    0.05368     3.2208    193.250     90.457  51157.333    31.7015     4.6850     89.592    7.28600     4.6787    25.0952   13.04310 2.3411e-01 0.0000e+00
        775 157.757911    0.05375     3.2250    193.500     90.417  51158.673    31.7024     4.6848     89.552    7.28601     4.6790    25.0959   13.04310 2.3481e-01 0.0000e+00
        776 157.757914    0.05382     3.2292    193.750     90.380  51158.865    31.7026     4.6849     89.516    7.28597     4.6792    25.0960   13.04303 2.3570e-01 0.0000e+00
        777 157.757917    0.05389     3.2333    194.000     90.363  51158.115    31.7021     4.6853     89.499    7.28594     4.6789    25.0956   13.04298 2.3583e-01 0.0000e+00
        778 157.757920    0.05396     3.2375    194.250     90.375  51156.834    31.7013     4.6854     89.511    7.28595     4.6781    25.0949   13.04301 2.3559e-01 0.0000e+00
        779 157.757922    0.05403     3.2417    194.500     90.405  51155.732    31.7005     4.6852     89.540    7.28604     4.6770    25.0943   13.04317 2.3561e-01 0.0000e+00
        780 157.757925    0.05410     3.2458    194.750     90.429  51155.865    31.7004     4.6843     89.564    7.28619     4.6761    25.0943   13.04341 2.3546e-01 0.0000e+00
        781 157.757928    0.05417     3.2500    195.000     90.429  51157.372    31.7011     4.6832     89.564    7.28634     4.6757    25.0951   13.04366 2.3428e-01 0.0000e+00
        782 157.757931    0.05424     3.2542    195.250     90.401  51159.388    31.7023     4.6823     89.536    7.28644     4.6759    25.0961   13.04381 2.3254e-01 0.0000e+00
        783 157.757934    0.05431     3.2583    195.500     90.357  51160.894    31.7033     4.6819     89.492    7.28646     4.6764    25.0969   13.04383 2.3125e-01 0.0000e+00
        784 157.757937    0.05438     3.2625    195.750     90.316  51161.258    31.7036     4.6821     89.452    7.28641     4.6770    25.0971   13.04375 2.3107e-01 0.0000e+00
        785 157.757940    0.05444     3.2667    196.000     90.298  51160.456    31.7032     4.6827     89.434    7.28633     4.6773    25.0967   13.04363 2.3232e-01 0.0000e+00
        786 157.757943    0.05451     3.2708    196.250     90.316  51158.764    31.7021     4.6833     89.452    7.28628     4.6770    25.0958   13.04356 2.3427e-01 0.0000e+00
        787 157.757946    0.05458     3.2750    196.500     90.368  51156.664    31.7007     4.6835     89.504    7.28631     4.6762    25.0947   13.04361 2.3575e-01 0.0000e+00
        788 157.757948    0.05465     3.2792    196.750     90.440  51154.980    31.6995     4.6832     89.576    7.28642     4.6753    25.0937   13.04381 2.3729e-01 0.0000e+00
        789 157.757951    0.05472     3.2833    197.000     90.512  51154.417    31.6989     4.6825     89.647    7.28659     4.6749    25.0933   13.04409 2.4071e-01 0.0000e+00
        790 157.757954    0.05479     3.2875    197.250     90.564  51154.768    31.6989     4.6816     89.698    7.28674 -9.990e-29    25.0935   13.04435 2.4579e-01 0.0000e+00
        791 157.757957    0.05486     3.2917    197.500     90.582  51155.072    31.6990     4.6812     89.716    7.28681 -9.990e-29    25.0936   13.04446 2.4847e-01 0.0000e+00
