CTD-processing/allCTD/CNV--turbid/2012_06-25_subbays_skb06_cast135.cnv
* Sea-Bird SBE19plus Data File:
* FileName = C:\Documents and Settings\glenn.seaman\My Documents\KHolderied-files\CTD-DATA-FILES\2012-CTD-KachemakBay\2012-06-25-CTD-KachemakBay-subbays\2012-06-25-KBay-subbays-cast135.hex
* Software Version 1.59
* Temperature SN =  5028
* Conductivity SN =  5028
* System UpLoad Time = Jun 27 2012 01:01:27
** KachemakBay-Subbay-Survey
** Date: 2012-06-25
** Station: Homer Spit Sta 06
** Start time (AKDT-24hr): 2126
** Depth (ft): 330
** Lat: 59d 34.947m N
** Long: 151d 23.112m W
# nquan = 16
# nvalues = 558                         
# units = specified
# name 0 = scan: Scan Count
# name 1 = timeJ: Julian Days
# name 2 = timeH: Time, Elapsed [hours]
# name 3 = timeM: Time, Elapsed [minutes]
# name 4 = timeS: Time, Elapsed [seconds]
# name 5 = prdM: Pressure, Strain Gauge [db]
# name 6 = specc: Specific Conductance [uS/cm]
# name 7 = sal00: Salinity, Practical [PSU]
# name 8 = tv290C: Temperature [ITS-90, deg C]
# name 9 = depSM: Depth [salt water, m], lat = 59.00
# name 10 = oxsolML/L: Oxygen Saturation, Garcia & Gordon [ml/l]
# name 11 = potemp090C: Potential Temperature [ITS-90, deg C]
# name 12 = sigma-é00: Density [sigma-theta, kg/m^3]
# name 13 = n2satML/L: Nitrogen Saturation [ml/l]
# name 14 = par: PAR/Irradiance, Biospherical/Licor [umol photons/m^2/sec]
# name 15 = flag:  0.000e+00
# span 0 =          1,        558       
# span 1 = 177.893819, 177.895431       
# span 2 =    0.00000,    0.03868       
# span 3 =     0.0000,     2.3208       
# span 4 =      0.000,    139.250       
# span 5 =     -0.186,     91.276       
# span 6 =    640.111,  50856.515       
# span 7 =     0.3055,    31.6624       
# span 8 =     5.4625,    10.1700       
# span 9 =     -0.185,     90.403       
# span 10 =    6.50468,    8.09940      
# span 11 =     5.4555,    10.1699      
# span 12 =     0.0349,    24.9797      
# span 13 =   11.77433,   14.84198      
# span 14 = 4.6917e-02, 2.6499e+01      
# span 15 = 0.0000e+00, 0.0000e+00      
# interval = seconds: 0.25
# start_time = Jun 25 2012 21:27:06 [Instrument's time stamp, header]
# bad_flag = -9.990e-29
*END*
[from data line 272]
        273 177.894606    0.01889     1.1333     68.000      0.670  46998.437    29.7557    10.0950      0.664    6.51703    10.1001    22.8451   11.79530 1.4476e+01 0.0000e+00
        274 177.894609    0.01896     1.1375     68.250      0.664  46985.872    29.7474    10.0994      0.658    6.51674    10.0972    22.8379   11.79493 1.4673e+01 0.0000e+00
        275 177.894612    0.01903     1.1417     68.500      0.639  46981.718    29.7446    10.1002      0.633    6.51675    10.0931    22.8356   11.79497 1.4937e+01 0.0000e+00
        276 177.894615    0.01910     1.1458     68.750      0.608  46990.109    29.7502    10.0973      0.602    6.51694    10.0913    22.8404   11.79522 1.5005e+01 0.0000e+00
        277 177.894618    0.01917     1.1500     69.000      0.585  47005.882    29.7608    10.0932      0.579    6.51708    10.0937    22.8493   11.79532 1.4870e+01 0.0000e+00
        278 177.894621    0.01924     1.1542     69.250      0.581  47021.306    29.7714    10.0914      0.575    6.51689    10.0999    22.8579   11.79488 1.4748e+01 0.0000e+00
        279 177.894624    0.01931     1.1583     69.500      0.593  47031.033    29.7785    10.0938      0.587    6.51626    10.1077    22.8630   11.79374 1.4642e+01 0.0000e+00
        280 177.894627    0.01938     1.1625     69.750      0.615  47031.734    29.7797    10.1000      0.609    6.51532    10.1146    22.8630   11.79218 1.4463e+01 0.0000e+00
        281 177.894630    0.01944     1.1667     70.000      0.637  47022.790    29.7743    10.1077      0.632    6.51443    10.1194    22.8575   11.79077 1.4274e+01 0.0000e+00
        282 177.894633    0.01951     1.1708     70.250      0.653  47007.123    29.7641    10.1147      0.647    6.51386    10.1214    22.8485   11.78995 1.4177e+01 0.0000e+00
        283 177.894635    0.01958     1.1750     70.500      0.658  46989.707    29.7525    10.1195      0.652    6.51367    10.1201    22.8386   11.78977 1.4278e+01 0.0000e+00
        284 177.894638    0.01965     1.1792     70.750      0.652  46975.870    29.7430    10.1214      0.646    6.51378    10.1152    22.8310   11.79007 1.4519e+01 0.0000e+00
        285 177.894641    0.01972     1.1833     71.000      0.636  46969.879    29.7387    10.1201      0.630    6.51415    10.1083    22.8278   11.79073 1.4760e+01 0.0000e+00
        286 177.894644    0.01979     1.1875     71.250      0.616  46973.866    29.7409    10.1153      0.610    6.51475    10.1020    22.8303   11.79170 1.4950e+01 0.0000e+00
        287 177.894647    0.01986     1.1917     71.500      0.599  46986.357    29.7488    10.1083      0.593    6.51541    10.0990    22.8376   11.79271 1.4991e+01 0.0000e+00
        288 177.894650    0.01993     1.1958     71.750      0.592  47002.566    29.7595    10.1021      0.587    6.51586    10.1002    22.8469   11.79332 1.4887e+01 0.0000e+00
        289 177.894653    0.02000     1.2000     72.000      0.600  47016.229    29.7687    10.0991      0.594    6.51590    10.1048    22.8545   11.79327 1.4831e+01 0.0000e+00
        290 177.894656    0.02007     1.2042     72.250      0.617  47022.229    29.7730    10.1003      0.611    6.51555    10.1110    22.8577   11.79265 1.4825e+01 0.0000e+00
        291 177.894659    0.02014     1.2083     72.500      0.634  47018.393    29.7709    10.1049      0.629    6.51499    10.1171    22.8553   11.79173 1.4735e+01 0.0000e+00
        292 177.894661    0.02021     1.2125     72.750      0.644  47007.562    29.7640    10.1111      0.638    6.51438    10.1220    22.8490   11.79082 1.4724e+01 0.0000e+00
        293 177.894664    0.02028     1.2167     73.000      0.644  46997.408    29.7576    10.1172      0.638    6.51378    10.1258    22.8430   11.78991 1.4806e+01 0.0000e+00
        294 177.894667    0.02035     1.2208     73.250      0.639  46993.766    29.7556    10.1221      0.633    6.51316    10.1291    22.8407   11.78890 1.4791e+01 0.0000e+00
        295 177.894670    0.02042     1.2250     73.500      0.634  46995.989    29.7577    10.1259      0.628    6.51254    10.1323    22.8416   11.78783 1.4812e+01 0.0000e+00
        296 177.894673    0.02049     1.2292     73.750      0.631  46998.893    29.7601    10.1292      0.625    6.51196    10.1355    22.8430   11.78686 1.4897e+01 0.0000e+00
        297 177.894676    0.02056     1.2333     74.000      0.628  46998.899    29.7605    10.1324      0.622    6.51149    10.1384    22.8428   11.78606 1.4936e+01 0.0000e+00
        298 177.894679    0.02063     1.2375     74.250      0.622  46999.056    29.7610    10.1355      0.617    6.51102    10.1415    22.8427   11.78528 1.4995e+01 0.0000e+00
        299 177.894682    0.02069     1.2417     74.500      0.615  47006.834    29.7668    10.1385      0.610    6.51036    10.1451    22.8467   11.78411 1.5004e+01 0.0000e+00
        300 177.894685    0.02076     1.2458     74.750      0.610  47023.170    29.7786    10.1415      0.605    6.50943    10.1494    22.8554   11.78244 1.4946e+01 0.0000e+00
        301 177.894688    0.02083     1.2500     75.000      0.614  47039.097    29.7901    10.1451      0.608    6.50844    10.1539    22.8639   11.78064 1.4927e+01 0.0000e+00
        302 177.894690    0.02090     1.2542     75.250      0.626  47048.276    29.7971    10.1495      0.620    6.50753    10.1580    22.8686   11.77905 1.4858e+01 0.0000e+00
        303 177.894693    0.02097     1.2583     75.500      0.641  47051.774    29.8000    10.1540      0.635    6.50676    10.1614    22.8701   11.77774 1.4769e+01 0.0000e+00
        304 177.894696    0.02104     1.2625     75.750      0.653  47052.154    29.8008    10.1581      0.647    6.50614    10.1638    22.8701   11.77671 1.4819e+01 0.0000e+00
        305 177.894699    0.02111     1.2667     76.000      0.656  47051.074    29.8004    10.1615      0.649    6.50569    10.1654    22.8692   11.77595 1.4927e+01 0.0000e+00
        306 177.894702    0.02118     1.2708     76.250      0.648  47049.590    29.7997    10.1639      0.642    6.50537    10.1665    22.8683   11.77544 1.5008e+01 0.0000e+00
        307 177.894705    0.02125     1.2750     76.500      0.636  47048.292    29.7990    10.1655      0.630    6.50517    10.1671    22.8675   11.77511 1.5077e+01 0.0000e+00
        308 177.894708    0.02132     1.2792     76.750      0.625  47047.377    29.7985    10.1666      0.619    6.50504    10.1676    22.8669   11.77491 1.5117e+01 0.0000e+00
        309 177.894711    0.02139     1.2833     77.000      0.625  47046.884    29.7982    10.1672      0.619    6.50496    10.1682    22.8666   11.77478 1.5168e+01 0.0000e+00
        310 177.894714    0.02146     1.2875     77.250      0.636  47046.654    29.7981    10.1677      0.630    6.50490    10.1687    22.8664   11.77467 1.5205e+01 0.0000e+00
        311 177.894716    0.02153     1.2917     77.500      0.654  47046.355    29.7979    10.1682      0.647    6.50483    10.1691    22.8662   11.77456 1.5174e+01 0.0000e+00
        312 177.894719    0.02160     1.2958     77.750      0.671  47045.950    29.7977    10.1688      0.664    6.50475    10.1693    22.8660   11.77444 1.5069e+01 0.0000e+00
        313 177.894722    0.02167     1.3000     78.000      0.684  47045.616    29.7975    10.1692      0.677    6.50470    10.1692    22.8657   11.77436 1.4885e+01 0.0000e+00
        314 177.894725    0.02174     1.3042     78.250      0.692  47045.391    29.7974    10.1693      0.685    6.50469    10.1691    22.8656   11.77434 1.4750e+01 0.0000e+00
        315 177.894728    0.02181     1.3083     78.500      0.700  47045.136    29.7972    10.1693      0.693    6.50471    10.1692    22.8654   11.77437 1.4783e+01 0.0000e+00
        316 177.894731    0.02187     1.3125     78.750      0.708  47044.541    29.7967    10.1692      0.701    6.50474    10.1695    22.8651   11.77442 1.4822e+01 0.0000e+00
        317 177.894734    0.02194     1.3167     79.000      0.722  47043.395    29.7959    10.1693      0.715    6.50476    10.1698    22.8645   11.77447 1.4616e+01 0.0000e+00
        318 177.894737    0.02201     1.3208     79.250      0.749  47042.115    29.7951    10.1696      0.741    6.50475    10.1699    22.8638   11.77447 1.4165e+01 0.0000e+00
        319 177.894740    0.02208     1.3250     79.500      0.800  47041.549    29.7947    10.1700      0.793    6.50471    10.1693    22.8634   11.77442 1.3522e+01 0.0000e+00
        320 177.894742    0.02215     1.3292     79.750      0.891  47042.344    29.7952    10.1700      0.882    6.50468    10.1677    22.8638   11.77436 1.2733e+01 0.0000e+00
        321 177.894745    0.02222     1.3333     80.000      1.028  47045.342    29.7972    10.1694      1.018    6.50468    10.1644    22.8654   11.77433 1.1888e+01 0.0000e+00
        322 177.894748    0.02229     1.3375     80.250      1.213  47052.016    29.8016    10.1678      1.201    6.50473    10.1596    22.8691   11.77436 1.0903e+01 0.0000e+00
        323 177.894751    0.02236     1.3417     80.500      1.442  47062.009    29.8082    10.1645      1.428    6.50493    10.1546    22.8748   11.77461 9.7274e+00 0.0000e+00
        324 177.894754    0.02243     1.3458     80.750      1.710  47072.758    29.8150    10.1598      1.693    6.50531    10.1499    22.8809   11.77516 8.5166e+00 0.0000e+00
        325 177.894757    0.02250     1.3500     81.000      2.008  47082.904    29.8215    10.1548      1.989    6.50575    10.1452    22.8867   11.77581 7.4200e+00 0.0000e+00
        326 177.894760    0.02257     1.3542     81.250      2.330  47092.509    29.8275    10.1502      2.308    6.50616    10.1397    22.8922   11.77643 6.4797e+00 0.0000e+00
        327 177.894763    0.02264     1.3583     81.500      2.670  47102.548    29.8339    10.1455      2.644    6.50657    10.1324    22.8979   11.77702 5.6775e+00 0.0000e+00
        328 177.894766    0.02271     1.3625     81.750      3.023  47115.351    29.8421    10.1401      2.994    6.50700    10.1224    22.9052   11.77764 4.9912e+00 0.0000e+00
        329 177.894769    0.02278     1.3667     82.000      3.385  47132.454    29.8530    10.1327      3.353    6.50759    10.1108    22.9149   11.77848 4.4003e+00 0.0000e+00
        330 177.894771    0.02285     1.3708     82.250      3.754  47152.907    29.8661    10.1228      3.719    6.50846    10.0991    22.9267   11.77977 3.8869e+00 0.0000e+00
        331 177.894774    0.02292     1.3750     82.500      4.127  47174.978    29.8800    10.1113      4.088    6.50952    10.0877    22.9394   11.78136 3.4374e+00 0.0000e+00
        332 177.894777    0.02299     1.3792     82.750      4.503  47197.201    29.8941    10.0995      4.461    6.51061    10.0768    22.9523   11.78299 3.0415e+00 0.0000e+00
        333 177.894780    0.02306     1.3833     83.000      4.881  47218.396    29.9075    10.0882      4.835    6.51167    10.0664    22.9645   11.78459 2.6919e+00 0.0000e+00
        334 177.894783    0.02313     1.3875     83.250      5.260  47238.210    29.9199    10.0774      5.211    6.51270    10.0561    22.9759   11.78615 2.3839e+00 0.0000e+00
        335 177.894786    0.02319     1.3917     83.500      5.640  47256.750    29.9315    10.0671      5.587    6.51370    10.0451    22.9867   11.78767 2.1129e+00 0.0000e+00
        336 177.894789    0.02326     1.3958     83.750      6.021  47274.276    29.9424    10.0568      5.964    6.51472    10.0321    22.9968   11.78923 1.8746e+00 0.0000e+00
        337 177.894792    0.02333     1.4000     84.000      6.403  47291.018    29.9526    10.0458      6.343    6.51588    10.0151    23.0065   11.79102 1.6648e+00 0.0000e+00
        338 177.894795    0.02340     1.4042     84.250      6.789  47306.712    29.9619    10.0328      6.725    6.51736     9.9907    23.0158   11.79337 1.4793e+00 0.0000e+00
        339 177.894797    0.02347     1.4083     84.500      7.177  47321.695    29.9701    10.0159      7.109    6.51948     9.9531    23.0248   11.79678 1.3152e+00 0.0000e+00
        340 177.894800    0.02354     1.4125     84.750      7.567  47338.389    29.9785     9.9915      7.496    6.52268     9.8937    23.0352   11.80198 1.1696e+00 0.0000e+00
        341 177.894803    0.02361     1.4167     85.000      7.960  47360.509    29.9890     9.9540      7.886    6.52771     9.7988    23.0492   11.81019 1.0404e+00 0.0000e+00
        342 177.894806    0.02368     1.4208     85.250      8.356  47392.101    30.0032     9.8946      8.278    6.53577     9.6487    23.0696   11.82337 9.2599e-01 0.0000e+00
        343 177.894809    0.02375     1.4250     85.500      8.756  47440.013    30.0243     9.7998      8.674    6.54873     9.4264    23.1007   11.84458 8.2504e-01 0.0000e+00
        344 177.894812    0.02382     1.4292     85.750      9.159  47526.023    30.0648     9.6496      9.073    6.56898     9.1417    23.1555   11.87763 7.3680e-01 0.0000e+00
        345 177.894815    0.02389     1.4333     86.000      9.563  47693.480    30.1527     9.4274      9.473    6.59785     8.8378    23.2583   11.92439 6.6056e-01 0.0000e+00
        346 177.894818    0.02396     1.4375     86.250      9.967  47967.320    30.3062     9.1427      9.874    6.63325     8.5624    23.4216   11.98118 5.9517e-01 0.0000e+00
        347 177.894821    0.02403     1.4417     86.500     10.373  48309.218    30.5037     8.8388     10.276    6.66985     8.3401    23.6219   12.03938 5.3906e-01 0.0000e+00
        348 177.894823    0.02410     1.4458     86.750     10.779  48649.455    30.7030     8.5634     10.678    6.70235     8.1724    23.8188   12.09077 4.9051e-01 0.0000e+00
        349 177.894826    0.02417     1.4500     87.000     11.187  48942.620    30.8761     8.3411     11.082    6.72820     8.0498    23.9871   12.13144 4.4813e-01 0.0000e+00
        350 177.894829    0.02424     1.4542     87.250     11.594  49176.874    31.0154     8.1735     11.485    6.74741     7.9610    24.1207   12.16152 4.1092e-01 0.0000e+00
        351 177.894832    0.02431     1.4583     87.500     12.002  49359.448    31.1247     8.0509     11.890    6.76117     7.8977    24.2242   12.18296 3.7814e-01 0.0000e+00
        352 177.894835    0.02438     1.4625     87.750     12.410  49503.067    31.2116     7.9621     12.294    6.77085     7.8546    24.3051   12.19791 3.4916e-01 0.0000e+00
        353 177.894838    0.02444     1.4667     88.000     12.818  49616.350    31.2810     7.8988     12.697    6.77742     7.8276    24.3687   12.20793 3.2334e-01 0.0000e+00
        354 177.894841    0.02451     1.4708     88.250     13.224  49706.656    31.3374     7.8558     13.100    6.78150     7.8143    24.4190   12.21398 3.0008e-01 0.0000e+00
        355 177.894844    0.02458     1.4750     88.500     13.630  49783.895    31.3871     7.8288     13.502    6.78342     7.8128    24.4619   12.21654 2.7893e-01 0.0000e+00
        356 177.894847    0.02465     1.4792     88.750     14.035  49847.909    31.4296     7.8156     13.903    6.78356     7.8195    24.4972   12.21625 2.5957e-01 0.0000e+00
        357 177.894850    0.02472     1.4833     89.000     14.439  49892.463    31.4605     7.8142     14.304    6.78239     7.8295    24.5216   12.21395 2.4165e-01 0.0000e+00
        358 177.894852    0.02479     1.4875     89.250     14.843  49918.824    31.4798     7.8209     14.704    6.78050     7.8388    24.5358   12.21057 2.2502e-01 0.0000e+00
        359 177.894855    0.02486     1.4917     89.500     15.247  49931.365    31.4901     7.8309     15.104    6.77849     7.8452    24.5425   12.20713 2.0977e-01 0.0000e+00
        360 177.894858    0.02493     1.4958     89.750     15.651  49934.697    31.4937     7.8403     15.504    6.77688     7.8479    24.5440   12.20441 1.9587e-01 0.0000e+00
        361 177.894861    0.02500     1.5000     90.000     16.054  49933.765    31.4939     7.8467     15.903    6.77589     7.8478    24.5433   12.20277 1.8323e-01 0.0000e+00
