CTD-processing/allCTD/CNV--turbid/2012_05-03_t6_s16_cast060.cnv
* Sea-Bird SBE19plus Data File:
* FileName = C:\Documents and Settings\glenn.seaman\My Documents\KHolderied-files\CTD-DATA-FILES\2012-05-LTM-LowerCookInlet-CTD\Transect6-2012-05-Douglas\2012-05-03-04-LTM-Tran6-cast060.hex
* Software Version 1.59
* Temperature SN =  5028
* Conductivity SN =  5028
* System UpLoad Time = May 31 2012 02:41:27
** LTM Transect6- Pt Adam to Cape Douglas
** Date: 05-03
** Station: 6-16
** Start time (AKDT-24hr): 21:55
** Depth (m): 155
** check sta no, add time/z from log
# nquan = 16
# nvalues = 988                         
# units = specified
# name 0 = scan: Scan Count
# name 1 = timeJ: Julian Days
# name 2 = timeH: Time, Elapsed [hours]
# name 3 = timeM: Time, Elapsed [minutes]
# name 4 = timeS: Time, Elapsed [seconds]
# name 5 = prdM: Pressure, Strain Gauge [db]
# name 6 = specc: Specific Conductance [uS/cm]
# name 7 = sal00: Salinity, Practical [PSU]
# name 8 = tv290C: Temperature [ITS-90, deg C]
# name 9 = depSM: Depth [salt water, m], lat = 59.00
# name 10 = oxsolML/L: Oxygen Saturation, Garcia & Gordon [ml/l]
# name 11 = potemp090C: Potential Temperature [ITS-90, deg C]
# name 12 = sigma-é00: Density [sigma-theta, kg/m^3]
# name 13 = n2satML/L: Nitrogen Saturation [ml/l]
# name 14 = par: PAR/Irradiance, Biospherical/Licor [umol photons/m^2/sec]
# name 15 = flag:  0.000e+00
# span 0 =          1,        988       
# span 1 = 124.913275, 124.916131       
# span 2 =    0.00000,    0.06854       
# span 3 =     0.0000,     4.1125       
# span 4 =      0.000,    246.750       
# span 5 =     -0.130,    146.842       
# span 6 =    781.202,  52277.612       
# span 7 =     0.3783,    32.4397       
# span 8 =     3.6585,     4.8866       
# span 9 =     -0.129,    145.418       
# span 10 =    7.22664,    9.23172      
# span 11 =     3.6812,     4.8816      
# span 12 =     0.2789,    25.6820      
# span 13 =   12.93839,   16.74504      
# span 14 = 3.7490e-02, 8.4158e+00      
# span 15 = 0.0000e+00, 0.0000e+00      
# interval = seconds: 0.25
# start_time = May 03 2012 21:55:07 [Instrument's time stamp, header]
# bad_flag = -9.990e-29
*END*
[from data line 814]
        815 124.915631    0.05653     3.3917    203.500    111.110  52034.208    32.3123     4.7705    110.042    7.24131     4.7596    25.5706   12.96145 3.7490e-02 0.0000e+00
        816 124.915634    0.05660     3.3958    203.750    111.315  52036.154    32.3132     4.7692    110.244    7.24150     4.7578    25.5715   12.96174 3.7490e-02 0.0000e+00
        817 124.915637    0.05667     3.4000    204.000    111.509  52038.682    32.3145     4.7675    110.436    7.24172     4.7559    25.5727   12.96209 3.7490e-02 0.0000e+00
        818 124.915639    0.05674     3.4042    204.250    111.691  52041.649    32.3160     4.7657    110.617    7.24196     4.7541    25.5741   12.96248 3.7490e-02 0.0000e+00
        819 124.915642    0.05681     3.4083    204.500    111.865  52044.739    32.3176     4.7639    110.789    7.24221     4.7524    25.5756   12.96286 3.7490e-02 0.0000e+00
        820 124.915645    0.05688     3.4125    204.750    112.036  52047.735    32.3192     4.7621    110.958    7.24244     4.7506    25.5770   12.96323 3.7490e-02 0.0000e+00
        821 124.915648    0.05694     3.4167    205.000    112.211  52050.701    32.3207     4.7604    111.132    7.24267     4.7487    25.5784   12.96358 3.7490e-02 0.0000e+00
        822 124.915651    0.05701     3.4208    205.250    112.397  52053.847    32.3224     4.7586    111.316    7.24290     4.7469    25.5799   12.96394 3.7490e-02 0.0000e+00
        823 124.915654    0.05708     3.4250    205.500    112.600  52057.155    32.3241     4.7567    111.517    7.24313     4.7454    25.5815   12.96430 3.7490e-02 0.0000e+00
        824 124.915657    0.05715     3.4292    205.750    112.818  52060.352    32.3258     4.7550    111.733    7.24335     4.7442    25.5830   12.96465 3.7490e-02 0.0000e+00
        825 124.915660    0.05722     3.4333    206.000    113.052  52063.151    32.3273     4.7534    111.964    7.24355     4.7431    25.5844   12.96495 3.7490e-02 0.0000e+00
        826 124.915663    0.05729     3.4375    206.250    113.298  52065.461    32.3285     4.7522    112.208    7.24371     4.7423    25.5854   12.96519 3.7490e-02 0.0000e+00
        827 124.915666    0.05736     3.4417    206.500    113.551  52067.337    32.3294     4.7512    112.458    7.24384     4.7417    25.5863   12.96540 3.7491e-02 0.0000e+00
        828 124.915668    0.05743     3.4458    206.750    113.806  52068.828    32.3301     4.7504    112.710    7.24394     4.7413    25.5869   12.96556 3.7491e-02 0.0000e+00
        829 124.915671    0.05750     3.4500    207.000    114.057  52069.997    32.3307     4.7498    112.959    7.24401     4.7409    25.5874   12.96567 3.7492e-02 0.0000e+00
        830 124.915674    0.05757     3.4542    207.250    114.300  52070.922    32.3311     4.7494    113.200    7.24407     4.7404    25.5878   12.96576 3.7493e-02 0.0000e+00
        831 124.915677    0.05764     3.4583    207.500    114.531  52071.739    32.3314     4.7490    113.429    7.24412     4.7399    25.5881   12.96584 3.7496e-02 0.0000e+00
        832 124.915680    0.05771     3.4625    207.750    114.750  52072.625    32.3318     4.7486    113.645    7.24417     4.7392    25.5885   12.96592 3.7497e-02 0.0000e+00
        833 124.915683    0.05778     3.4667    208.000    114.954  52073.681    32.3323     4.7481    113.848    7.24424     4.7383    25.5889   12.96603 3.7496e-02 0.0000e+00
        834 124.915686    0.05785     3.4708    208.250    115.145  52074.985    32.3330     4.7474    114.037    7.24433     4.7371    25.5895   12.96617 3.7493e-02 0.0000e+00
        835 124.915689    0.05792     3.4750    208.500    115.326  52076.665    32.3338     4.7465    114.216    7.24444     4.7355    25.5903   12.96634 3.7492e-02 0.0000e+00
        836 124.915692    0.05799     3.4792    208.750    115.501  52078.932    32.3351     4.7453    114.389    7.24459     4.7334    25.5914   12.96657 3.7491e-02 0.0000e+00
        837 124.915694    0.05806     3.4833    209.000    115.674  52082.006    32.3367     4.7437    114.561    7.24479     4.7307    25.5929   12.96687 3.7491e-02 0.0000e+00
        838 124.915697    0.05813     3.4875    209.250    115.851  52086.030    32.3389     4.7416    114.737    7.24505     4.7274    25.5948   12.96728 3.7491e-02 0.0000e+00
        839 124.915700    0.05819     3.4917    209.500    116.039  52091.071    32.3417     4.7389    114.923    7.24538     4.7236    25.5973   12.96779 3.7490e-02 0.0000e+00
        840 124.915703    0.05826     3.4958    209.750    116.243  52097.187    32.3450     4.7357    115.124    7.24578     4.7192    25.6003   12.96840 3.7490e-02 0.0000e+00
        841 124.915706    0.05833     3.5000    210.000    116.461  52104.414    32.3490     4.7319    115.340    7.24625     4.7147    25.6039   12.96913 3.7490e-02 0.0000e+00
        842 124.915709    0.05840     3.5042    210.250    116.689  52112.486    32.3534     4.7276    115.566    7.24679     4.7103    25.6079   12.96996 3.7490e-02 0.0000e+00
        843 124.915712    0.05847     3.5083    210.500    116.922  52120.772    32.3579     4.7230    115.796    7.24736     4.7063    25.6119   12.97085 3.7490e-02 0.0000e+00
        844 124.915715    0.05854     3.5125    210.750    117.153  52128.644    32.3622     4.7187    116.025    7.24791     4.7030    25.6158   12.97171 3.7490e-02 0.0000e+00
        845 124.915718    0.05861     3.5167    211.000    117.377  52135.717    32.3661     4.7147    116.247    7.24841     4.7002    25.6192   12.97248 3.7490e-02 0.0000e+00
        846 124.915720    0.05868     3.5208    211.250    117.589  52141.787    32.3694     4.7113    116.457    7.24884     4.6980    25.6222   12.97314 3.7490e-02 0.0000e+00
        847 124.915723    0.05875     3.5250    211.500    117.788  52146.782    32.3721     4.7086    116.654    7.24919     4.6963    25.6247   12.97368 3.7490e-02 0.0000e+00
        848 124.915726    0.05882     3.5292    211.750    117.973  52150.751    32.3742     4.7064    116.837    7.24947     4.6950    25.6266   12.97411 3.7490e-02 0.0000e+00
        849 124.915729    0.05889     3.5333    212.000    118.149  52153.845    32.3758     4.7047    117.011    7.24968     4.6940    25.6281   12.97444 3.7490e-02 0.0000e+00
        850 124.915732    0.05896     3.5375    212.250    118.322  52156.257    32.3771     4.7034    117.183    7.24984     4.6932    25.6292   12.97470 3.7490e-02 0.0000e+00
        851 124.915735    0.05903     3.5417    212.500    118.502  52158.127    32.3781     4.7024    117.361    7.24997     4.6927    25.6301   12.97489 3.7490e-02 0.0000e+00
        852 124.915738    0.05910     3.5458    212.750    118.693  52159.559    32.3788     4.7016    117.550    7.25006     4.6922    25.6308   12.97503 3.7490e-02 0.0000e+00
        853 124.915741    0.05917     3.5500    213.000    118.898  52160.689    32.3794     4.7011    117.752    7.25013     4.6917    25.6312   12.97515 3.7490e-02 0.0000e+00
        854 124.915744    0.05924     3.5542    213.250    119.117  52161.661    32.3798     4.7006    117.969    7.25020     4.6913    25.6316   12.97525 3.7490e-02 0.0000e+00
        855 124.915747    0.05931     3.5583    213.500    119.348  52162.601    32.3802     4.7002    118.197    7.25025     4.6908    25.6320   12.97533 3.7490e-02 0.0000e+00
        856 124.915749    0.05937     3.5625    213.750    119.585  52163.607    32.3807     4.6997    118.432    7.25030     4.6903    25.6325   12.97541 3.7490e-02 0.0000e+00
        857 124.915752    0.05944     3.5667    214.000    119.825  52164.717    32.3812     4.6993    118.670    7.25035     4.6898    25.6329   12.97549 3.7490e-02 0.0000e+00
        858 124.915755    0.05951     3.5708    214.250    120.062  52165.912    32.3818     4.6988    118.905    7.25041     4.6893    25.6335   12.97557 3.7490e-02 0.0000e+00
        859 124.915758    0.05958     3.5750    214.500    120.293  52167.112    32.3824     4.6983    119.133    7.25046     4.6888    25.6340   12.97565 3.7490e-02 0.0000e+00
        860 124.915761    0.05965     3.5792    214.750    120.512  52168.258    32.3830     4.6978    119.350    7.25052     4.6883    25.6345   12.97574 3.7490e-02 0.0000e+00
        861 124.915764    0.05972     3.5833    215.000    120.717  52169.365    32.3835     4.6974    119.554    7.25058     4.6879    25.6350   12.97583 3.7490e-02 0.0000e+00
        862 124.915767    0.05979     3.5875    215.250    120.909  52170.448    32.3841     4.6969    119.744    7.25064     4.6874    25.6355   12.97591 3.7490e-02 0.0000e+00
        863 124.915770    0.05986     3.5917    215.500    121.090  52171.521    32.3846     4.6964    119.923    7.25069     4.6869    25.6359   12.97599 3.7490e-02 0.0000e+00
        864 124.915773    0.05993     3.5958    215.750    121.263  52172.608    32.3852     4.6960    120.094    7.25074     4.6864    25.6364   12.97607 3.7490e-02 0.0000e+00
        865 124.915775    0.06000     3.6000    216.000    121.434  52173.723    32.3857     4.6955    120.263    7.25079     4.6859    25.6369   12.97615 3.7490e-02 0.0000e+00
        866 124.915778    0.06007     3.6042    216.250    121.609  52174.883    32.3863     4.6951    120.437    7.25085     4.6854    25.6375   12.97623 3.7490e-02 0.0000e+00
        867 124.915781    0.06014     3.6083    216.500    121.797  52176.095    32.3870     4.6946    120.623    7.25091     4.6848    25.6380   12.97632 3.7490e-02 0.0000e+00
        868 124.915784    0.06021     3.6125    216.750    122.002  52177.368    32.3876     4.6940    120.826    7.25097     4.6843    25.6386   12.97641 3.7490e-02 0.0000e+00
        869 124.915787    0.06028     3.6167    217.000    122.226  52178.707    32.3883     4.6935    121.048    7.25103     4.6837    25.6392   12.97650 3.7490e-02 0.0000e+00
        870 124.915790    0.06035     3.6208    217.250    122.468  52180.093    32.3890     4.6930    121.287    7.25108     4.6831    25.6398   12.97659 3.7491e-02 0.0000e+00
        871 124.915793    0.06042     3.6250    217.500    122.722  52181.518    32.3897     4.6924    121.539    7.25114     4.6825    25.6404   12.97668 3.7491e-02 0.0000e+00
        872 124.915796    0.06049     3.6292    217.750    122.983  52182.991    32.3905     4.6919    121.797    7.25121     4.6819    25.6411   12.97677 3.7492e-02 0.0000e+00
        873 124.915799    0.06056     3.6333    218.000    123.242  52184.514    32.3913     4.6913    122.054    7.25127     4.6812    25.6418   12.97687 3.7493e-02 0.0000e+00
        874 124.915802    0.06062     3.6375    218.250    123.493  52186.104    32.3921     4.6906    122.302    7.25134     4.6806    25.6425   12.97696 3.7495e-02 0.0000e+00
        875 124.915804    0.06069     3.6417    218.500    123.732  52187.756    32.3930     4.6900    122.539    7.25140     4.6800    25.6433   12.97706 3.7498e-02 0.0000e+00
        876 124.915807    0.06076     3.6458    218.750    123.958  52189.382    32.3938     4.6894    122.762    7.25147     4.6794    25.6440   12.97716 3.7503e-02 0.0000e+00
        877 124.915810    0.06083     3.6500    219.000    124.170  52190.882    32.3946     4.6888    122.972    7.25153     4.6789    25.6447   12.97726 3.7511e-02 0.0000e+00
        878 124.915813    0.06090     3.6542    219.250    124.372  52192.228    32.3953     4.6883    123.173    7.25159     4.6784    25.6453   12.97735 3.7525e-02 0.0000e+00
        879 124.915816    0.06097     3.6583    219.500    124.571  52193.506    32.3960     4.6878    123.370    7.25165     4.6779    25.6459   12.97743 3.7548e-02 0.0000e+00
        880 124.915819    0.06104     3.6625    219.750    124.774  52194.802    32.3967     4.6873    123.570    7.25170     4.6774    25.6465   12.97751 3.7587e-02 0.0000e+00
        881 124.915822    0.06111     3.6667    220.000    124.986  52196.095    32.3973     4.6868    123.779    7.25176     4.6769    25.6471   12.97759 3.7652e-02 0.0000e+00
        882 124.915825    0.06118     3.6708    220.250    125.209  52197.374    32.3980     4.6863    124.000    7.25181     4.6764    25.6476   12.97767 3.7692e-02 0.0000e+00
        883 124.915828    0.06125     3.6750    220.500    125.443  52198.651    32.3986     4.6858    124.232    7.25186     4.6760    25.6482   12.97775 3.7652e-02 0.0000e+00
        884 124.915830    0.06132     3.6792    220.750    125.686  52199.896    32.3992     4.6854    124.472    7.25191     4.6756    25.6488   12.97782 3.7587e-02 0.0000e+00
        885 124.915833    0.06139     3.6833    221.000    125.931  52201.066    32.3998     4.6850    124.715    7.25196     4.6752    25.6493   12.97789 3.7548e-02 0.0000e+00
        886 124.915836    0.06146     3.6875    221.250    126.170  52202.161    32.4004     4.6846    124.952    7.25200     4.6749    25.6497   12.97795 3.7525e-02 0.0000e+00
        887 124.915839    0.06153     3.6917    221.500    126.397  52203.203    32.4009     4.6842    125.177    7.25203     4.6747    25.6502   12.97799 3.7511e-02 0.0000e+00
        888 124.915842    0.06160     3.6958    221.750    126.606  52204.192    32.4014     4.6839    125.384    7.25206     4.6744    25.6506   12.97803 3.7502e-02 0.0000e+00
        889 124.915845    0.06167     3.7000    222.000    126.797  52205.133    32.4019     4.6837    125.573    7.25208     4.6742    25.6511   12.97806 3.7497e-02 0.0000e+00
        890 124.915848    0.06174     3.7042    222.250    126.972  52206.023    32.4024     4.6834    125.746    7.25209     4.6740    25.6515   12.97808 3.7494e-02 0.0000e+00
        891 124.915851    0.06181     3.7083    222.500    127.135  52206.882    32.4028     4.6832    125.907    7.25211     4.6738    25.6518   12.97810 3.7493e-02 0.0000e+00
        892 124.915854    0.06187     3.7125    222.750    127.292  52207.715    32.4033     4.6830    126.063    7.25212     4.6736    25.6522   12.97812 3.7492e-02 0.0000e+00
        893 124.915856    0.06194     3.7167    223.000    127.451  52208.496    32.4037     4.6828    126.221    7.25214     4.6734    25.6526   12.97814 3.7491e-02 0.0000e+00
        894 124.915859    0.06201     3.7208    223.250    127.618  52209.244    32.4040     4.6826    126.386    7.25215     4.6733    25.6529   12.97816 3.7491e-02 0.0000e+00
        895 124.915862    0.06208     3.7250    223.500    127.799  52209.968    32.4044     4.6825    126.565    7.25216     4.6731    25.6532   12.97817 3.7490e-02 0.0000e+00
        896 124.915865    0.06215     3.7292    223.750    127.996  52210.641    32.4047     4.6823    126.761    7.25217     4.6730    25.6535   12.97819 3.7490e-02 0.0000e+00
        897 124.915868    0.06222     3.7333    224.000    128.212  52211.259    32.4050     4.6822    126.974    7.25218     4.6728    25.6537   12.97820 3.7490e-02 0.0000e+00
        898 124.915871    0.06229     3.7375    224.250    128.445  52211.856    32.4053     4.6820    127.205    7.25219     4.6727    25.6539   12.97821 3.7490e-02 0.0000e+00
        899 124.915874    0.06236     3.7417    224.500    128.692  52212.447    32.4055     4.6819    127.449    7.25219     4.6726    25.6541   12.97821 3.7490e-02 0.0000e+00
        900 124.915877    0.06243     3.7458    224.750    128.949  52213.016    32.4058     4.6819    127.703    7.25220     4.6725    25.6543   12.97821 3.7490e-02 0.0000e+00
        901 124.915880    0.06250     3.7500    225.000    129.210  52213.557    32.4060     4.6818    127.962    7.25220     4.6724    25.6545   12.97821 3.7490e-02 0.0000e+00
        902 124.915883    0.06257     3.7542    225.250    129.473  52214.087    32.4062     4.6817    128.222    7.25220     4.6724    25.6547   12.97821 3.7490e-02 0.0000e+00
        903 124.915885    0.06264     3.7583    225.500    129.731  52214.640    32.4065     4.6817    128.478    7.25220     4.6723    25.6549   12.97821 3.7490e-02 0.0000e+00
