CTD-processing/allCTD/CNV--turbid/2012_10-12_t9_s05_cast205.cnv
* Sea-Bird SBE19plus Data File:
* FileName = C:\Documents and Settings\kris.holderied.local\My Documents\2012-CTD-DATA-new-files\2012-10-12-CTD-HomerSpit\2012-10-12-HomerSpitLine-cast205.hex
* Software Version 1.54
* Temperature SN =  4141
* Conductivity SN =  4141
* System UpLoad Time = Oct 26 2012 15:22:21
** Kachemak Bay Homer Spit Line
** Date:  2012-10-12
** Station:9-05
** Start time (AKDT-24 hr):1325
** Depth (ft):314
** Comment:
# nquan = 16
# nvalues = 611                         
# units = specified
# name 0 = scan: Scan Count
# name 1 = timeJ: Julian Days
# name 2 = timeH: Time, Elapsed [hours]
# name 3 = timeM: Time, Elapsed [minutes]
# name 4 = timeS: Time, Elapsed [seconds]
# name 5 = prdM: Pressure, Strain Gauge [db]
# name 6 = specc: Specific Conductance [uS/cm]
# name 7 = sal00: Salinity, Practical [PSU]
# name 8 = tv290C: Temperature [ITS-90, deg C]
# name 9 = depSM: Depth [salt water, m], lat = 59.00
# name 10 = oxsolML/L: Oxygen Saturation, Garcia & Gordon [ml/l]
# name 11 = potemp090C: Potential Temperature [ITS-90, deg C]
# name 12 = sigma-é00: Density [sigma-theta, kg/m^3]
# name 13 = n2satML/L: Nitrogen Saturation [ml/l]
# name 14 = par: PAR/Irradiance, Biospherical/Licor
# name 15 = flag:  0.000e+00
# span 0 =          1,        611       
# span 1 = 286.559363, 286.561128       
# span 2 =    0.00000,    0.04236       
# span 3 =     0.0000,     2.5417       
# span 4 =      0.000,    152.500       
# span 5 =     -0.265,     88.520       
# span 6 =   4769.436,  47983.840       
# span 7 =     2.5179,    30.3458       
# span 8 =     8.3782,     9.5772       
# span 9 =     -0.262,     87.674       
# span 10 =    6.56811,    8.07363      
# span 11 =     8.3782,     9.5702      
# span 12 =     1.8093,    23.3903      
# span 13 =   11.87284,   14.76526      
# span 14 = 4.4618e-02, 5.2580e+02      
# span 15 = 0.0000e+00, 0.0000e+00      
# interval = seconds: 0.25
# start_time = Oct 12 2012 13:25:29 [Instrument's time stamp, header]
# bad_flag = -9.990e-29
*END*
[from data line 272]
        273 286.560150    0.01889     1.1333     68.000      0.680  45538.056    28.6169     9.1087      0.673    6.70989     9.1081    22.1089   12.12901 4.4536e+02 0.0000e+00
        274 286.560153    0.01896     1.1375     68.250      0.689  45548.990    28.6244     9.1079      0.683    6.70969     9.1094    22.1148   12.12858 4.4629e+02 0.0000e+00
        275 286.560156    0.01903     1.1417     68.500      0.702  45560.289    28.6323     9.1082      0.696    6.70930     9.1110    22.1209   12.12784 4.4929e+02 0.0000e+00
        276 286.560159    0.01910     1.1458     68.750      0.713  45566.930    28.6371     9.1095      0.706    6.70890     9.1123    22.1245   12.12712 4.5644e+02 0.0000e+00
        277 286.560162    0.01917     1.1500     69.000      0.715  45567.957    28.6380     9.1111      0.708    6.70862     9.1129    22.1249   12.12664 4.5407e+02 0.0000e+00
        278 286.560165    0.01924     1.1542     69.250      0.709  45564.363    28.6356     9.1124      0.702    6.70852     9.1128    22.1229   12.12651 4.4106e+02 0.0000e+00
        279 286.560168    0.01931     1.1583     69.500      0.698  45558.453    28.6316     9.1130      0.692    6.70860     9.1122    22.1197   12.12669 4.3377e+02 0.0000e+00
        280 286.560171    0.01938     1.1625     69.750      0.689  45553.200    28.6280     9.1129      0.682    6.70878     9.1116    22.1168   12.12703 4.3342e+02 0.0000e+00
        281 286.560174    0.01944     1.1667     70.000      0.685  45550.911    28.6263     9.1123      0.679    6.70894     9.1112    22.1156   12.12732 4.3661e+02 0.0000e+00
        282 286.560177    0.01951     1.1708     70.250      0.690  45551.997    28.6270     9.1117      0.684    6.70901     9.1113    22.1162   12.12742 4.4741e+02 0.0000e+00
        283 286.560179    0.01958     1.1750     70.500      0.700  45554.581    28.6287     9.1113      0.694    6.70898     9.1116    22.1177   12.12736 4.7048e+02 0.0000e+00
        284 286.560182    0.01965     1.1792     70.750      0.711  45556.053    28.6297     9.1114      0.704    6.70893     9.1117    22.1185   12.12725 4.9709e+02 0.0000e+00
        285 286.560185    0.01972     1.1833     71.000      0.717  45554.132    28.6284     9.1117      0.710    6.70894     9.1113    22.1174   12.12729 5.1844e+02 0.0000e+00
        286 286.560188    0.01979     1.1875     71.250      0.717  45547.694    28.6239     9.1118      0.710    6.70912     9.1103    22.1139   12.12764 5.2580e+02 0.0000e+00
        287 286.560191    0.01986     1.1917     71.500      0.711  45538.615    28.6176     9.1114      0.705    6.70945     9.1088    22.1090   12.12827 5.0889e+02 0.0000e+00
        288 286.560194    0.01993     1.1958     71.750      0.703  45530.992    28.6122     9.1103      0.697    6.70985     9.1076    22.1049   12.12899 4.8194e+02 0.0000e+00
        289 286.560197    0.02000     1.2000     72.000      0.695  45529.124    28.6107     9.1089      0.689    6.71013     9.1071    22.1040   12.12948 4.5660e+02 0.0000e+00
        290 286.560200    0.02007     1.2042     72.250      0.691  45534.148    28.6141     9.1077      0.684    6.71017     9.1074    22.1068   12.12951 4.3316e+02 0.0000e+00
        291 286.560203    0.02014     1.2083     72.500      0.691  45542.135    28.6195     9.1072      0.685    6.71001     9.1084    22.1111   12.12917 4.2335e+02 0.0000e+00
        292 286.560205    0.02021     1.2125     72.750      0.697  45549.647    28.6248     9.1075      0.691    6.70972     9.1098    22.1152   12.12863 4.3327e+02 0.0000e+00
        293 286.560208    0.02028     1.2167     73.000      0.705  45555.932    28.6293     9.1085      0.699    6.70938     9.1111    22.1186   12.12800 4.4940e+02 0.0000e+00
        294 286.560211    0.02035     1.2208     73.250      0.713  45559.517    28.6319     9.1099      0.706    6.70906     9.1120    22.1204   12.12744 4.5566e+02 0.0000e+00
        295 286.560214    0.02042     1.2250     73.500      0.717  45558.469    28.6314     9.1112      0.710    6.70888     9.1122    22.1198   12.12716 4.5148e+02 0.0000e+00
        296 286.560217    0.02049     1.2292     73.750      0.716  45553.074    28.6277     9.1121      0.710    6.70891     9.1117    22.1168   12.12724 4.3831e+02 0.0000e+00
        297 286.560220    0.02056     1.2333     74.000      0.712  45546.695    28.6233     9.1123      0.706    6.70907     9.1110    22.1133   12.12757 4.1889e+02 0.0000e+00
        298 286.560223    0.02063     1.2375     74.250      0.707  45542.439    28.6203     9.1118      0.701    6.70927     9.1102    22.1110   12.12794 4.0235e+02 0.0000e+00
        299 286.560226    0.02069     1.2417     74.500      0.702  45541.290    28.6194     9.1111      0.696    6.70943     9.1098    22.1104   12.12821 3.9112e+02 0.0000e+00
        300 286.560229    0.02076     1.2458     74.750      0.702  45543.769    28.6211     9.1103      0.695    6.70946     9.1100    22.1118   12.12825 3.8546e+02 0.0000e+00
        301 286.560231    0.02083     1.2500     75.000      0.705  45550.242    28.6255     9.1099      0.699    6.70933     9.1107    22.1154   12.12798 3.8641e+02 0.0000e+00
        302 286.560234    0.02090     1.2542     75.250      0.712  45559.348    28.6318     9.1101      0.705    6.70904     9.1119    22.1203   12.12741 3.9617e+02 0.0000e+00
        303 286.560237    0.02097     1.2583     75.500      0.719  45568.198    28.6381     9.1108      0.712    6.70866     9.1133    22.1251   12.12671 4.1259e+02 0.0000e+00
        304 286.560240    0.02104     1.2625     75.750      0.723  45573.797    28.6421     9.1120      0.716    6.70830     9.1142    22.1281   12.12606 4.2790e+02 0.0000e+00
        305 286.560243    0.02111     1.2667     76.000      0.723  45572.700    28.6415     9.1134      0.716    6.70812     9.1143    22.1274   12.12577 4.3308e+02 0.0000e+00
        306 286.560246    0.02118     1.2708     76.250      0.716  45564.448    28.6359     9.1143      0.709    6.70822     9.1137    22.1229   12.12601 4.2111e+02 0.0000e+00
        307 286.560249    0.02125     1.2750     76.500      0.707  45553.820    28.6286     9.1144      0.700    6.70852     9.1125    22.1171   12.12660 4.0040e+02 0.0000e+00
        308 286.560252    0.02132     1.2792     76.750      0.697  45545.256    28.6225     9.1138      0.690    6.70889     9.1113    22.1125   12.12727 3.8420e+02 0.0000e+00
        309 286.560255    0.02139     1.2833     77.000      0.692  45539.887    28.6187     9.1126      0.686    6.70923     9.1102    22.1096   12.12788 3.7750e+02 0.0000e+00
        310 286.560258    0.02146     1.2875     77.250      0.694  45538.229    28.6174     9.1113      0.687    6.70948     9.1097    22.1088   12.12831 3.8211e+02 0.0000e+00
        311 286.560260    0.02153     1.2917     77.500      0.700  45540.988    28.6192     9.1103      0.694    6.70956     9.1097    22.1104   12.12842 3.9333e+02 0.0000e+00
        312 286.560263    0.02160     1.2958     77.750      0.707  45546.161    28.6227     9.1097      0.701    6.70949     9.1101    22.1132   12.12827 4.0195e+02 0.0000e+00
        313 286.560266    0.02167     1.3000     78.000      0.712  45549.973    28.6253     9.1097      0.706    6.70937     9.1106    22.1153   12.12804 4.0440e+02 0.0000e+00
        314 286.560269    0.02174     1.3042     78.250      0.713  45551.385    28.6263     9.1101      0.707    6.70927     9.1110    22.1160   12.12785 4.0158e+02 0.0000e+00
        315 286.560272    0.02181     1.3083     78.500      0.712  45551.392    28.6264     9.1106      0.705    6.70919     9.1112    22.1160   12.12772 3.9731e+02 0.0000e+00
        316 286.560275    0.02187     1.3125     78.750      0.711  45551.463    28.6265     9.1110      0.705    6.70913     9.1114    22.1160   12.12761 3.9572e+02 0.0000e+00
        317 286.560278    0.02194     1.3167     79.000      0.717  45554.181    28.6284     9.1113      0.711    6.70901     9.1120    22.1175   12.12739 3.9804e+02 0.0000e+00
        318 286.560281    0.02201     1.3208     79.250      0.735  45562.936    28.6345     9.1115      0.728    6.70871     9.1132    22.1222   12.12683 4.0420e+02 0.0000e+00
        319 286.560284    0.02208     1.3250     79.500      0.767  45580.282    28.6466     9.1120      0.760    6.70810     9.1155    22.1316   12.12568 4.1355e+02 0.0000e+00
        320 286.560286    0.02215     1.3292     79.750      0.817  45605.701    28.6644     9.1133      0.809    6.70714     9.1187    22.1453   12.12386 4.2111e+02 0.0000e+00
        321 286.560289    0.02222     1.3333     80.000      0.888  45637.325    28.6867     9.1156      0.880    6.70583     9.1227    22.1623   12.12142 4.1673e+02 0.0000e+00
        322 286.560292    0.02229     1.3375     80.250      0.981  45673.549    28.7122     9.1189      0.972    6.70424     9.1271    22.1818   12.11846 3.9603e+02 0.0000e+00
        323 286.560295    0.02236     1.3417     80.500      1.090  45710.880    28.7386     9.1228      1.080    6.70250     9.1314    22.2018   12.11526 3.6779e+02 0.0000e+00
        324 286.560298    0.02243     1.3458     80.750      1.209  45745.830    28.7634     9.1272      1.197    6.70078     9.1357    22.2205   12.11209 3.4176e+02 0.0000e+00
        325 286.560301    0.02250     1.3500     81.000      1.335  45779.713    28.7874     9.1315      1.323    6.69909     9.1399    22.2387   12.10899 3.1710e+02 0.0000e+00
        326 286.560304    0.02257     1.3542     81.250      1.475  45814.591    28.8122     9.1358      1.461    6.69738     9.1440    22.2574   12.10585 2.9414e+02 0.0000e+00
        327 286.560307    0.02264     1.3583     81.500      1.631  45847.316    28.8354     9.1400      1.616    6.69575     9.1481    22.2749   12.10286 2.7308e+02 0.0000e+00
        328 286.560310    0.02271     1.3625     81.750      1.807  45875.023    28.8551     9.1442      1.790    6.69427     9.1522    22.2897   12.10017 2.5010e+02 0.0000e+00
        329 286.560313    0.02278     1.3667     82.000      2.005  45899.247    28.8724     9.1483      1.986    6.69291     9.1562    22.3026   12.09769 2.2658e+02 0.0000e+00
        330 286.560315    0.02285     1.3708     82.250      2.224  45922.423    28.8889     9.1524      2.203    6.69159     9.1605    22.3149   12.09529 2.0507e+02 0.0000e+00
        331 286.560318    0.02292     1.3750     82.500      2.456  45946.831    28.9063     9.1564      2.433    6.69023     9.1654    22.3279   12.09283 1.8581e+02 0.0000e+00
        332 286.560321    0.02299     1.3792     82.750      2.695  45974.668    28.9261     9.1607      2.669    6.68873     9.1714    22.3427   12.09011 1.6830e+02 0.0000e+00
        333 286.560324    0.02306     1.3833     83.000      2.934  46007.687    28.9496     9.1657      2.906    6.68698     9.1791    22.3603   12.08692 1.5289e+02 0.0000e+00
        334 286.560327    0.02313     1.3875     83.250      3.174  46048.631    28.9788     9.1717      3.144    6.68483     9.1892    22.3822   12.08299 1.4007e+02 0.0000e+00
        335 286.560330    0.02319     1.3917     83.500      3.415  46101.506    29.0165     9.1794      3.383    6.68205     9.2025    22.4105   12.07793 1.2934e+02 0.0000e+00
        336 286.560333    0.02326     1.3958     83.750      3.656  46170.713    29.0659     9.1895      3.622    6.67842     9.2193    22.4475   12.07129 1.2004e+02 0.0000e+00
        337 286.560336    0.02333     1.4000     84.000      3.901  46251.593    29.1238     9.2029      3.864    6.67394     9.2386    22.4908   12.06316 1.1170e+02 0.0000e+00
        338 286.560339    0.02340     1.4042     84.250      4.148  46331.214    29.1812     9.2196      4.110    6.66898     9.2598    22.5331   12.05422 1.0401e+02 0.0000e+00
        339 286.560341    0.02347     1.4083     84.500      4.399  46409.894    29.2384     9.2390      4.359    6.66364     9.2827    22.5749   12.04468 9.6693e+01 0.0000e+00
        340 286.560344    0.02354     1.4125     84.750      4.652  46500.091    29.3039     9.2602      4.608    6.65768     9.3067    22.6228   12.03400 8.9778e+01 0.0000e+00
        341 286.560347    0.02361     1.4167     85.000      4.903  46598.597    29.3754     9.2832      4.858    6.65122     9.3296    22.6751   12.02240 8.3361e+01 0.0000e+00
        342 286.560350    0.02368     1.4208     85.250      5.154  46683.078    29.4372     9.3072      5.106    6.64501     9.3490    22.7198   12.01136 7.7434e+01 0.0000e+00
        343 286.560353    0.02375     1.4250     85.500      5.404  46741.016    29.4804     9.3301      5.353    6.63977     9.3636    22.7501   12.00214 7.2091e+01 0.0000e+00
        344 286.560356    0.02382     1.4292     85.750      5.653  46777.442    29.5081     9.3496      5.600    6.63571     9.3735    22.7688   11.99507 6.7429e+01 0.0000e+00
        345 286.560359    0.02389     1.4333     86.000      5.902  46800.858    29.5262     9.3642      5.847    6.63277     9.3795    22.7807   11.98998 6.3476e+01 0.0000e+00
        346 286.560362    0.02396     1.4375     86.250      6.150  46817.753    29.5392     9.3741      6.092    6.63076     9.3825    22.7893   11.98648 6.0165e+01 0.0000e+00
        347 286.560365    0.02403     1.4417     86.500      6.393  46831.964    29.5498     9.3801      6.333    6.62942     9.3837    22.7967   11.98413 5.7319e+01 0.0000e+00
        348 286.560367    0.02410     1.4458     86.750      6.627  46844.930    29.5591     9.3832      6.565    6.62856     9.3836    22.8035   11.98259 5.4763e+01 0.0000e+00
        349 286.560370    0.02417     1.4500     87.000      6.845  46856.465    29.5672     9.3844      6.781    6.62804     9.3831    22.8096   11.98164 5.2433e+01 0.0000e+00
        350 286.560373    0.02424     1.4542     87.250      7.041  46866.017    29.5738     9.3844      6.976    6.62776     9.3824    22.8148   11.98109 5.0376e+01 0.0000e+00
        351 286.560376    0.02431     1.4583     87.500      7.215  46873.440    29.5789     9.3838      7.148    6.62763     9.3818    22.8188   11.98081 4.8658e+01 0.0000e+00
        352 286.560379    0.02438     1.4625     87.750      7.377  46879.080    29.5827     9.3831      7.308    6.62756     9.3814    22.8219   11.98066 4.7201e+01 0.0000e+00
        353 286.560382    0.02444     1.4667     88.000      7.546  46883.495    29.5856     9.3826      7.475    6.62752     9.3812    22.8243   11.98054 4.5833e+01 0.0000e+00
        354 286.560385    0.02451     1.4708     88.250      7.735  46887.241    29.5881     9.3823      7.663    6.62747     9.3812    22.8263   11.98042 4.4441e+01 0.0000e+00
        355 286.560388    0.02458     1.4750     88.500      7.948  46890.694    29.5904     9.3821      7.873    6.62740     9.3812    22.8281   11.98028 4.2970e+01 0.0000e+00
        356 286.560391    0.02465     1.4792     88.750      8.178  46893.873    29.5925     9.3820      8.101    6.62731     9.3812    22.8298   11.98011 4.1382e+01 0.0000e+00
        357 286.560394    0.02472     1.4833     89.000      8.420  46896.820    29.5945     9.3820      8.341    6.62722     9.3812    22.8313   11.97994 3.9711e+01 0.0000e+00
        358 286.560396    0.02479     1.4875     89.250      8.672  46899.845    29.5965     9.3821      8.591    6.62713     9.3811    22.8329   11.97976 3.8052e+01 0.0000e+00
        359 286.560399    0.02486     1.4917     89.500      8.933  46902.932    29.5985     9.3821      8.850    6.62704     9.3807    22.8345   11.97959 3.6469e+01 0.0000e+00
        360 286.560402    0.02493     1.4958     89.750      9.203  46905.658    29.6003     9.3820      9.117    6.62698     9.3801    22.8359   11.97947 3.4967e+01 0.0000e+00
        361 286.560405    0.02500     1.5000     90.000      9.478  46907.805    29.6017     9.3817      9.390    6.62697     9.3793    22.8370   11.97944 3.3544e+01 0.0000e+00
