CTD-processing/allCTD/CNV--turbid/2013_02-12_t9_s09_cast013.cnv
* Sea-Bird SBE19plus Data File:
* FileName = C:\Documents and Settings\kris.holderied.local\My Documents\2012-2013-CTD-DATA-new-files\2013-02-EVOSTC-CookInlet\2013-02-12-HomerSpitLine-Tran9\2013-02-12-HomerSpitLine-Tran9-cast013.hex
* Software Version 1.54
* Temperature SN =  5028
* Conductivity SN =  5028
* System UpLoad Time = Feb 12 2013 10:06:23
** Kachemak Bay Spit Line  North to south
** Date:  12 Feb 2013
** Station:  9-09
** Start time (AKDT-24 hr):  0940
** Depth (m):  79
** Comment: Drifting SW of station, approx 0.3 m
# nquan = 16
# nvalues = 1012                        
# units = specified
# name 0 = scan: Scan Count
# name 1 = timeJ: Julian Days
# name 2 = timeH: Time, Elapsed [hours]
# name 3 = timeM: Time, Elapsed [minutes]
# name 4 = timeS: Time, Elapsed [seconds]
# name 5 = prdM: Pressure, Strain Gauge [db]
# name 6 = specc: Specific Conductance [uS/cm]
# name 7 = sal00: Salinity, Practical [PSU]
# name 8 = tv290C: Temperature [ITS-90, deg C]
# name 9 = depSM: Depth [salt water, m], lat = 59.00
# name 10 = oxsolML/L: Oxygen Saturation, Garcia & Gordon [ml/l]
# name 11 = potemp090C: Potential Temperature [ITS-90, deg C]
# name 12 = sigma-é00: Density [sigma-theta, kg/m^3]
# name 13 = n2satML/L: Nitrogen Saturation [ml/l]
# name 14 = par: PAR/Irradiance, Biospherical/Licor
# name 15 = flag:  0.000e+00
# span 0 =          1,       1012       
# span 1 =  43.403275,  43.406201       
# span 2 =    0.00000,    0.07021       
# span 3 =     0.0000,     4.2125       
# span 4 =      0.000,    252.750       
# span 5 =     -0.140,     73.755       
# span 6 =    659.377,  51390.141       
# span 7 =     0.3028,    31.6212       
# span 8 =     1.5280,     3.6358       
# span 9 =     -0.139,     73.053       
# span 10 =    7.47836,    9.77606      
# span 11 =     1.5280,     3.6313      
# span 12 =     0.1735,    25.1352      
# span 13 =   13.36165,   17.65766      
# span 14 = 3.7912e-02, 1.2556e+01      
# span 15 = 0.0000e+00, 0.0000e+00      
# interval = seconds: 0.25
# start_time = Feb 12 2013 09:40:43 [Instrument's time stamp, header]
# bad_flag = -9.990e-29
*END*
[from data line 543]
        544  43.404847    0.03771     2.2625    135.750     13.256  51327.978    31.5347     3.3401     13.132    7.53737     3.3398    25.0909   13.46016 4.0823e-02 0.0000e+00
        545  43.404850    0.03778     2.2667    136.000     13.316  51328.706    31.5352     3.3403     13.191    7.53733     3.3402    25.0913   13.46008 3.9658e-02 0.0000e+00
        546  43.404852    0.03785     2.2708    136.250     13.402  51329.416    31.5358     3.3405     13.276    7.53725     3.3408    25.0917   13.45994 3.8960e-02 0.0000e+00
        547  43.404855    0.03792     2.2750    136.500     13.519  51329.964    31.5362     3.3410     13.392    7.53714     3.3414    25.0920   13.45976 3.8541e-02 0.0000e+00
        548  43.404858    0.03799     2.2792    136.750     13.667  51330.145    31.5364     3.3416     13.538    7.53702     3.3419    25.0921   13.45955 3.8289e-02 0.0000e+00
        549  43.404861    0.03806     2.2833    137.000     13.838  51329.455    31.5360     3.3422     13.708    7.53692     3.3420    25.0917   13.45940 3.8139e-02 0.0000e+00
        550  43.404864    0.03812     2.2875    137.250     14.021  51327.954    31.5350     3.3427     13.890    7.53688     3.3416    25.0909   13.45935 3.8048e-02 0.0000e+00
        551  43.404867    0.03819     2.2917    137.500     14.201  51326.572    31.5340     3.3427     14.068    7.53692     3.3411    25.0901   13.45944 3.7994e-02 0.0000e+00
        552  43.404870    0.03826     2.2958    137.750     14.362  51326.176    31.5336     3.3424     14.227    7.53701     3.3406    25.0897   13.45958 3.7961e-02 0.0000e+00
        553  43.404873    0.03833     2.3000    138.000     14.494  51326.671    31.5337     3.3419     14.358    7.53710     3.3403    25.0899   13.45973 3.7941e-02 0.0000e+00
        554  43.404876    0.03840     2.3042    138.250     14.588  51327.306    31.5339     3.3415     14.451    7.53717     3.3401    25.0901   13.45984 3.7930e-02 0.0000e+00
        555  43.404878    0.03847     2.3083    138.500     14.642  51327.697    31.5341     3.3412     14.504    7.53722     3.3400    25.0903   13.45991 3.7923e-02 0.0000e+00
        556  43.404881    0.03854     2.3125    138.750     14.663  51328.042    31.5343     3.3410     14.526    7.53724     3.3400    25.0904   13.45996 3.7919e-02 0.0000e+00
        557  43.404884    0.03861     2.3167    139.000     14.669  51328.574    31.5346     3.3409     14.531    7.53725     3.3402    25.0907   13.45996 3.7916e-02 0.0000e+00
        558  43.404887    0.03868     2.3208    139.250     14.677  51329.144    31.5350     3.3409     14.539    7.53723     3.3404    25.0911   13.45992 3.7915e-02 0.0000e+00
        559  43.404890    0.03875     2.3250    139.500     14.705  51329.440    31.5352     3.3410     14.567    7.53719     3.3406    25.0912   13.45986 3.7914e-02 0.0000e+00
        560  43.404893    0.03882     2.3292    139.750     14.765  51329.421    31.5352     3.3412     14.626    7.53715     3.3408    25.0912   13.45979 3.7913e-02 0.0000e+00
        561  43.404896    0.03889     2.3333    140.000     14.862  51329.391    31.5352     3.3415     14.722    7.53711     3.3410    25.0912   13.45972 3.7913e-02 0.0000e+00
        562  43.404899    0.03896     2.3375    140.250     14.993  51329.564    31.5353     3.3417     14.852    7.53706     3.3413    25.0912   13.45965 3.7912e-02 0.0000e+00
        563  43.404902    0.03903     2.3417    140.500     15.148  51329.810    31.5355     3.3419     15.006    7.53701     3.3417    25.0913   13.45956 3.7912e-02 0.0000e+00
        564  43.404905    0.03910     2.3458    140.750     15.314  51330.035    31.5356     3.3422     15.171    7.53694     3.3419    25.0914   13.45945 3.7912e-02 0.0000e+00
        565  43.404907    0.03917     2.3500    141.000     15.477  51329.725    31.5354     3.3426     15.332    7.53689     3.3417    25.0912   13.45937 3.7912e-02 0.0000e+00
        566  43.404910    0.03924     2.3542    141.250     15.624  51328.273    31.5344     3.3428     15.477    7.53691     3.3410    25.0904   13.45940 3.7912e-02 0.0000e+00
        567  43.404913    0.03931     2.3583    141.500     15.746  51326.601    31.5332     3.3426     15.598    7.53700     3.3402    25.0894   13.45957 3.7912e-02 0.0000e+00
        568  43.404916    0.03938     2.3625    141.750     15.839  51326.127    31.5326     3.3419     15.690    7.53715     3.3395    25.0891   13.45982 3.7912e-02 0.0000e+00
        569  43.404919    0.03944     2.3667    142.000     15.902  51326.869    31.5329     3.3411     15.752    7.53729     3.3391    25.0894   13.46005 3.7912e-02 0.0000e+00
        570  43.404922    0.03951     2.3708    142.250     15.943  51327.778    31.5333     3.3404     15.793    7.53739     3.3387    25.0898   13.46021 3.7912e-02 0.0000e+00
        571  43.404925    0.03958     2.3750    142.500     15.974  51328.047    31.5334     3.3400     15.824    7.53748     3.3382    25.0898   13.46035 3.7912e-02 0.0000e+00
        572  43.404928    0.03965     2.3792    142.750     16.010  51327.602    31.5330     3.3396     15.860    7.53757     3.3376    25.0895   13.46051 3.7912e-02 0.0000e+00
        573  43.404931    0.03972     2.3833    143.000     16.066  51326.805    31.5323     3.3392     15.915    7.53769     3.3368    25.0890   13.46072 3.7912e-02 0.0000e+00
        574  43.404933    0.03979     2.3875    143.250     16.151  51326.414    31.5318     3.3385     16.000    7.53783     3.3361    25.0887   13.46096 3.7912e-02 0.0000e+00
        575  43.404936    0.03986     2.3917    143.500     16.268  51327.059    31.5320     3.3377     16.116    7.53797     3.3358    25.0889   13.46118 3.7912e-02 0.0000e+00
        576  43.404939    0.03993     2.3958    143.750     16.414  51328.407    31.5326     3.3371     16.260    7.53805     3.3357    25.0895   13.46132 3.7912e-02 0.0000e+00
        577  43.404942    0.04000     2.4000    144.000     16.578  51329.376    31.5331     3.3368     16.422    7.53809     3.3356    25.0899   13.46137 3.7912e-02 0.0000e+00
        578  43.404945    0.04007     2.4042    144.250     16.747  51329.251    31.5329     3.3367     16.590    7.53812     3.3353    25.0898   13.46141 3.7912e-02 0.0000e+00
        579  43.404948    0.04014     2.4083    144.500     16.907  51328.066    31.5320     3.3366     16.748    7.53818     3.3346    25.0891   13.46152 3.7912e-02 0.0000e+00
        580  43.404951    0.04021     2.4125    144.750     17.045  51326.802    31.5310     3.3363     16.885    7.53829     3.3337    25.0883   13.46173 3.7912e-02 0.0000e+00
        581  43.404954    0.04028     2.4167    145.000     17.155  51326.715    31.5307     3.3355     16.994    7.53844     3.3331    25.0881   13.46198 3.7912e-02 0.0000e+00
        582  43.404957    0.04035     2.4208    145.250     17.236  51327.686    31.5311     3.3347     17.074    7.53857     3.3327    25.0885   13.46219 3.7912e-02 0.0000e+00
        583  43.404959    0.04042     2.4250    145.500     17.292  51328.926    31.5317     3.3341     17.130    7.53865     3.3326    25.0891   13.46232 3.7912e-02 0.0000e+00
        584  43.404962    0.04049     2.4292    145.750     17.337  51329.945    31.5323     3.3337     17.175    7.53869     3.3326    25.0896   13.46237 3.7912e-02 0.0000e+00
        585  43.404965    0.04056     2.4333    146.000     17.386  51330.386    31.5326     3.3336     17.223    7.53870     3.3327    25.0898   13.46238 3.7912e-02 0.0000e+00
        586  43.404968    0.04063     2.4375    146.250     17.450  51330.340    31.5325     3.3336     17.287    7.53869     3.3327    25.0897   13.46238 3.7912e-02 0.0000e+00
        587  43.404971    0.04069     2.4417    146.500     17.542  51330.327    31.5325     3.3337     17.378    7.53869     3.3328    25.0897   13.46236 3.7912e-02 0.0000e+00
        588  43.404974    0.04076     2.4458    146.750     17.668  51330.408    31.5325     3.3337     17.503    7.53868     3.3328    25.0897   13.46235 3.7912e-02 0.0000e+00
        589  43.404977    0.04083     2.4500    147.000     17.827  51330.243    31.5323     3.3338     17.660    7.53868     3.3326    25.0895   13.46235 3.7912e-02 0.0000e+00
        590  43.404980    0.04090     2.4542    147.250     18.011  51329.984    31.5320     3.3338     17.842    7.53869     3.3324    25.0893   13.46238 3.7912e-02 0.0000e+00
        591  43.404983    0.04097     2.4583    147.500     18.208  51329.603    31.5317     3.3337     18.037    7.53874     3.3318    25.0890   13.46246 3.7912e-02 0.0000e+00
        592  43.404986    0.04104     2.4625    147.750     18.403  51328.532    31.5308     3.3334     18.231    7.53883     3.3308    25.0883   13.46263 3.7912e-02 0.0000e+00
        593  43.404988    0.04111     2.4667    148.000     18.588  51326.732    31.5293     3.3328     18.414    7.53901     3.3295    25.0872   13.46295 3.7912e-02 0.0000e+00
        594  43.404991    0.04118     2.4708    148.250     18.754  51325.868    31.5284     3.3318     18.578    7.53925     3.3286    25.0865   13.46335 3.7912e-02 0.0000e+00
        595  43.404994    0.04125     2.4750    148.500     18.895  51327.459    31.5291     3.3306     18.718    7.53945     3.3283    25.0872   13.46366 3.7912e-02 0.0000e+00
        596  43.404997    0.04132     2.4792    148.750     19.010  51330.206    31.5306     3.3297     18.833    7.53954     3.3286    25.0885   13.46379 3.7912e-02 0.0000e+00
        597  43.405000    0.04139     2.4833    149.000     19.105  51332.318    31.5320     3.3294     18.926    7.53951     3.3293    25.0896   13.46373 3.7912e-02 0.0000e+00
        598  43.405003    0.04146     2.4875    149.250     19.186  51333.648    31.5329     3.3297     19.006    7.53941     3.3302    25.0904   13.46354 3.7912e-02 0.0000e+00
        599  43.405006    0.04153     2.4917    149.500     19.265  51334.721    31.5338     3.3304     19.084    7.53924     3.3314    25.0910   13.46325 3.7912e-02 0.0000e+00
        600  43.405009    0.04160     2.4958    149.750     19.352  51335.940    31.5348     3.3313     19.170    7.53901     3.3329    25.0917   13.46287 3.7912e-02 0.0000e+00
        601  43.405012    0.04167     2.5000    150.000     19.454  51337.305    31.5360     3.3325     19.271    7.53873     3.3347    25.0925   13.46238 3.7912e-02 0.0000e+00
        602  43.405014    0.04174     2.5042    150.250     19.577  51338.371    31.5370     3.3340     19.393    7.53839     3.3365    25.0932   13.46181 3.7912e-02 0.0000e+00
        603  43.405017    0.04181     2.5083    150.500     19.723  51338.668    31.5376     3.3358     19.538    7.53804     3.3380    25.0935   13.46122 3.7912e-02 0.0000e+00
        604  43.405020    0.04188     2.5125    150.750     19.889  51337.945    31.5375     3.3376     19.702    7.53771     3.3392    25.0933   13.46068 3.7912e-02 0.0000e+00
        605  43.405023    0.04194     2.5167    151.000     20.068  51336.295    31.5367     3.3392     19.880    7.53746     3.3398    25.0925   13.46027 3.7912e-02 0.0000e+00
        606  43.405026    0.04201     2.5208    151.250     20.252  51334.477    31.5356     3.3403     20.061    7.53730     3.3399    25.0916   13.46003 3.7912e-02 0.0000e+00
        607  43.405029    0.04208     2.5250    151.500     20.429  51333.236    31.5349     3.3409     20.237    7.53722     3.3399    25.0909   13.45992 3.7912e-02 0.0000e+00
        608  43.405032    0.04215     2.5292    151.750     20.593  51332.713    31.5345     3.3411     20.399    7.53721     3.3398    25.0906   13.45989 3.7912e-02 0.0000e+00
        609  43.405035    0.04222     2.5333    152.000     20.737  51332.482    31.5342     3.3411     20.542    7.53722     3.3395    25.0904   13.45992 3.7912e-02 0.0000e+00
        610  43.405038    0.04229     2.5375    152.250     20.861  51332.095    31.5338     3.3410     20.665    7.53727     3.3391    25.0902   13.46000 3.7912e-02 0.0000e+00
        611  43.405041    0.04236     2.5417    152.500     20.964  51331.544    31.5333     3.3407     20.767    7.53734     3.3385    25.0898   13.46013 3.7912e-02 0.0000e+00
        612  43.405043    0.04243     2.5458    152.750     21.054  51331.010    31.5328     3.3403     20.856    7.53744     3.3379    25.0894   13.46031 3.7912e-02 0.0000e+00
        613  43.405046    0.04250     2.5500    153.000     21.138  51330.728    31.5325     3.3397     20.939    7.53757     3.3372    25.0892   13.46051 3.7912e-02 0.0000e+00
        614  43.405049    0.04257     2.5542    153.250     21.227  51330.746    31.5323     3.3391     21.027    7.53769     3.3366    25.0891   13.46073 3.7912e-02 0.0000e+00
        615  43.405052    0.04264     2.5583    153.500     21.332  51330.873    31.5321     3.3384     21.132    7.53782     3.3360    25.0890   13.46094 3.7912e-02 0.0000e+00
        616  43.405055    0.04271     2.5625    153.750     21.461  51331.056    31.5320     3.3378     21.259    7.53794     3.3355    25.0890   13.46114 3.7912e-02 0.0000e+00
        617  43.405058    0.04278     2.5667    154.000     21.615  51331.224    31.5319     3.3373     21.412    7.53805     3.3349    25.0889   13.46133 3.7912e-02 0.0000e+00
        618  43.405061    0.04285     2.5708    154.250     21.791  51331.077    31.5316     3.3367     21.586    7.53817     3.3341    25.0887   13.46152 3.7912e-02 0.0000e+00
        619  43.405064    0.04292     2.5750    154.500     21.978  51330.266    31.5308     3.3362     21.772    7.53832     3.3329    25.0881   13.46178 3.7912e-02 0.0000e+00
        620  43.405067    0.04299     2.5792    154.750     22.161  51328.644    31.5294     3.3354     21.953    7.53854     3.3310    25.0871   13.46216 3.7912e-02 0.0000e+00
        621  43.405069    0.04306     2.5833    155.000     22.326  51326.195    31.5274     3.3341     22.116    7.53887     3.3286    25.0856   13.46274 3.7912e-02 0.0000e+00
        622  43.405072    0.04312     2.5875    155.250     22.467  51323.969    31.5253     3.3323     22.256    7.53932     3.3261    25.0841   13.46350 3.7912e-02 0.0000e+00
        623  43.405075    0.04319     2.5917    155.500     22.580  51323.986    31.5246     3.3299     22.368    7.53981     3.3241    25.0838   13.46431 3.7912e-02 0.0000e+00
        624  43.405078    0.04326     2.5958    155.750     22.667  51326.114    31.5254     3.3274     22.454    7.54023     3.3226    25.0846   13.46500 3.7912e-02 0.0000e+00
        625  43.405081    0.04333     2.6000    156.000     22.737  51328.235    31.5263     3.3254     22.523    7.54056     3.3214    25.0855   13.46553 3.7912e-02 0.0000e+00
        626  43.405084    0.04340     2.6042    156.250     22.802  51328.664    31.5262     3.3239     22.588    7.54083     3.3197    25.0855   13.46598 3.7912e-02 0.0000e+00
        627  43.405087    0.04347     2.6083    156.500     22.877  51326.741    31.5245     3.3227     22.662    7.54115     3.3175    25.0843   13.46653 3.7912e-02 0.0000e+00
        628  43.405090    0.04354     2.6125    156.750     22.975  51324.045    31.5222     3.3210     22.759    7.54157     3.3150    25.0826   13.46726 3.7912e-02 0.0000e+00
        629  43.405093    0.04361     2.6167    157.000     23.102  51323.196    31.5210     3.3188     22.885    7.54205     3.3128    25.0818   13.46807 3.7912e-02 0.0000e+00
        630  43.405095    0.04368     2.6208    157.250     23.258  51324.440    31.5211     3.3163     23.039    7.54251     3.3111    25.0822   13.46882 3.7912e-02 0.0000e+00
        631  43.405098    0.04375     2.6250    157.500     23.433  51326.378    31.5218     3.3141     23.212    7.54288     3.3099    25.0829   13.46943 3.7912e-02 0.0000e+00
        632  43.405101    0.04382     2.6292    157.750     23.614  51328.113    31.5224     3.3124     23.392    7.54316     3.3091    25.0836   13.46988 3.7912e-02 0.0000e+00
