CTD-processing/allCTD/CNV--turbid/2013_04-19_t6_s11_cast072.cnv
* Sea-Bird SBE19plus Data File:
* FileName = C:\Documents and Settings\kris.holderied.local\My Documents\2012-2013-CTD-DATA-new-files\2013-04-EVOSTC-CookInlet-Ocean\2013-04-19-CookInlet-Tran6-Douglas\2013-04-19-CookInlet-Tran6-cast072.hex
* Software Version 1.54
* Temperature SN =  5028
* Conductivity SN =  5028
* System UpLoad Time = Apr 19 2013 22:40:25
** Cook Inlet LTM Transect 6 (Douglas line) West to East
** Date:  2013-04-19
** Station:  6-11
** Start time (AKDT-24 hr):  17:03
** Depth (m): 115
** Comment:  CTD time set wrong
** Comment:
# nquan = 16
# nvalues = 824                         
# units = specified
# name 0 = scan: Scan Count
# name 1 = timeJ: Julian Days
# name 2 = timeH: Time, Elapsed [hours]
# name 3 = timeM: Time, Elapsed [minutes]
# name 4 = timeS: Time, Elapsed [seconds]
# name 5 = prdM: Pressure, Strain Gauge [db]
# name 6 = specc: Specific Conductance [uS/cm]
# name 7 = sal00: Salinity, Practical [PSU]
# name 8 = tv290C: Temperature [ITS-90, deg C]
# name 9 = depSM: Depth [salt water, m], lat = 59.00
# name 10 = oxsolML/L: Oxygen Saturation, Garcia & Gordon [ml/l]
# name 11 = potemp090C: Potential Temperature [ITS-90, deg C]
# name 12 = sigma-é00: Density [sigma-theta, kg/m^3]
# name 13 = n2satML/L: Nitrogen Saturation [ml/l]
# name 14 = par: PAR/Irradiance, Biospherical/Licor
# name 15 = flag:  0.000e+00
# span 0 =          1,        824       
# span 1 = 109.710833, 109.713215       
# span 2 =    0.00000,    0.05715       
# span 3 =     0.0000,     3.4292       
# span 4 =      0.000,    205.750       
# span 5 =      0.083,    114.999       
# span 6 =    123.818,  52350.967       
# span 7 =     0.0549,    32.4224       
# span 8 =     3.8361,     4.5524       
# span 9 =      0.083,    113.893       
# span 10 =    7.33426,    9.08156      
# span 11 =     3.8288,     4.5521      
# span 12 =     0.0174,    25.7281      
# span 13 =   13.11876,   16.49760      
# span 14 = 4.8557e-02, 9.5666e+02      
# span 15 = 0.0000e+00, 0.0000e+00      
# interval = seconds: 0.25
# start_time = Apr 19 2013 17:03:36 [Instrument's time stamp, header]
# bad_flag = -9.990e-29
*END*
[from data line 181]
        182 109.711357    0.01257     0.7542     45.250      1.970  51841.981    32.0909     4.1517      1.952    7.36127     4.1810    25.4578   13.16229 1.1137e+02 0.0000e+00
        183 109.711360    0.01264     0.7583     45.500      1.955  51804.304    32.0692     4.1688      1.937    7.35930     4.1878    25.4389   13.15932 1.1053e+02 0.0000e+00
        184 109.711363    0.01271     0.7625     45.750      1.945  51766.181    32.0461     4.1811      1.927    7.35825     4.1891    25.4193   13.15788 1.0785e+02 0.0000e+00
        185 109.711366    0.01278     0.7667     46.000      1.943  51731.694    32.0242     4.1880      1.925    7.35811     4.1850    25.4012   13.15795 1.0369e+02 0.0000e+00
        186 109.711369    0.01285     0.7708     46.250      1.952  51706.231    32.0071     4.1893      1.934    7.35872     4.1760    25.3874   13.15917 9.9693e+01 0.0000e+00
        187 109.711372    0.01292     0.7750     46.500      1.971  51694.225    31.9979     4.1852      1.953    7.35992     4.1641    25.3805   13.16126 9.7441e+01 0.0000e+00
        188 109.711374    0.01299     0.7792     46.750      1.999  51696.478    31.9973     4.1761      1.981    7.36156     4.1528    25.3809   13.16399 9.7361e+01 0.0000e+00
        189 109.711377    0.01306     0.7833     47.000      2.032  51712.093    32.0051     4.1643      2.014    7.36329     4.1453    25.3883   13.16674 9.9057e+01 0.0000e+00
        190 109.711380    0.01313     0.7875     47.250      2.065  51740.945    32.0221     4.1530      2.046    7.36447     4.1442    25.4030   13.16845 1.0210e+02 0.0000e+00
        191 109.711383    0.01319     0.7917     47.500      2.091  51779.892    32.0469     4.1455      2.072    7.36458     4.1515    25.4234   13.16831 1.0495e+02 0.0000e+00
        192 109.711386    0.01326     0.7958     47.750      2.104  51817.033    32.0720     4.1443      2.085    7.36354     4.1689    25.4435   13.16628 1.0605e+02 0.0000e+00
        193 109.711389    0.01333     0.8000     48.000      2.102  51835.101    32.0861     4.1516      2.082    7.36152     4.1936    25.4540   13.16276 1.0631e+02 0.0000e+00
        194 109.711392    0.01340     0.8042     48.250      2.083  51824.362    32.0829     4.1690      2.064    7.35858     4.2188    25.4498   13.15795 1.0838e+02 0.0000e+00
        195 109.711395    0.01347     0.8083     48.500      2.054  51791.507    32.0664     4.1937      2.035    7.35499     4.2385    25.4341   13.15223 1.1611e+02 0.0000e+00
        196 109.711398    0.01354     0.8125     48.750      2.019  51752.850    32.0459     4.2189      2.000    7.35151     4.2510    25.4154   13.14676 1.3058e+02 0.0000e+00
        197 109.711400    0.01361     0.8167     49.000      1.984  51720.675    32.0286     4.2386      1.965    7.34886     4.2572    25.3996   13.14261 1.4568e+02 0.0000e+00
        198 109.711403    0.01368     0.8208     49.250      1.949  51698.546    32.0165     4.2511      1.931    7.34723     4.2588    25.3887   13.14009 1.5144e+02 0.0000e+00
        199 109.711406    0.01375     0.8250     49.500      1.915  51684.108    32.0081     4.2573      1.897    7.34654     4.2571    25.3815   13.13906 1.4436e+02 0.0000e+00
        200 109.711409    0.01382     0.8292     49.750      1.883  51672.248    32.0003     4.2589      1.865    7.34664     4.2526    25.3752   13.13933 1.3030e+02 0.0000e+00
        201 109.711412    0.01389     0.8333     50.000      1.856  51657.154    31.9896     4.2572      1.839    7.34748     4.2451    25.3668   13.14084 1.1633e+02 0.0000e+00
        202 109.711415    0.01396     0.8375     50.250      1.840  51635.172    31.9735     4.2527      1.823    7.34907     4.2336    25.3545   13.14368 1.0611e+02 0.0000e+00
        203 109.711418    0.01403     0.8417     50.500      1.840  51612.895    31.9565     4.2452      1.823    7.35125     4.2171    25.3417   13.14749 1.0016e+02 0.0000e+00
        204 109.711421    0.01410     0.8458     50.750      1.859  51604.373    31.9479     4.2337      1.841    7.35373     4.1970    25.3361   13.15169 9.7052e+01 0.0000e+00
        205 109.711424    0.01417     0.8500     51.000      1.896  51613.599    31.9503     4.2172      1.878    7.35655     4.1767    25.3396   13.15632 9.5272e+01 0.0000e+00
        206 109.711427    0.01424     0.8542     51.250      1.947  51636.374    31.9611     4.1971      1.929    7.35961     4.1601    25.3501   13.16124 9.3894e+01 0.0000e+00
        207 109.711429    0.01431     0.8583     51.500      2.005  51671.851    31.9805     4.1768      1.986    7.36226     4.1494    25.3676   13.16536 9.2674e+01 0.0000e+00
        208 109.711432    0.01438     0.8625     51.750      2.060  51719.837    32.0094     4.1602      2.041    7.36381     4.1461    25.3921   13.16754 9.1850e+01 0.0000e+00
        209 109.711435    0.01444     0.8667     52.000      2.106  51774.830    32.0444     4.1495      2.087    7.36397     4.1516    25.4210   13.16736 9.2226e+01 0.0000e+00
        210 109.711438    0.01451     0.8708     52.250      2.139  51823.565    32.0770     4.1463      2.119    7.36294     4.1664    25.4472   13.16523 9.5023e+01 0.0000e+00
        211 109.711441    0.01458     0.8750     52.500      2.156  51849.867    32.0963     4.1518      2.136    7.36100     4.1878    25.4620   13.16178 1.0119e+02 0.0000e+00
        212 109.711444    0.01465     0.8792     52.750      2.158  51846.024    32.0972     4.1666      2.137    7.35832     4.2108    25.4612   13.15733 1.1172e+02 0.0000e+00
        213 109.711447    0.01472     0.8833     53.000      2.147  51819.477    32.0841     4.1879      2.127    7.35515     4.2319    25.4487   13.15228 1.2680e+02 0.0000e+00
        214 109.711450    0.01479     0.8875     53.250      2.127  51784.927    32.0659     4.2109      2.107    7.35195     4.2496    25.4320   13.14723 1.4726e+02 0.0000e+00
        215 109.711453    0.01486     0.8917     53.500      2.102  51753.108    32.0492     4.2320      2.082    7.34902     4.2635    25.4166   13.14260 1.6678e+02 0.0000e+00
        216 109.711455    0.01493     0.8958     53.750      2.073  51728.548    32.0365     4.2497      2.053    7.34649     4.2740    25.4049   13.13859 1.7852e+02 0.0000e+00
        217 109.711458    0.01500     0.9000     54.000      2.041  51711.699    32.0283     4.2636      2.021    7.34441     4.2818    25.3969   13.13527 1.8881e+02 0.0000e+00
        218 109.711461    0.01507     0.9042     54.250      2.005  51701.253    32.0237     4.2741      1.986    7.34277     4.2878    25.3922   13.13262 1.9794e+02 0.0000e+00
        219 109.711464    0.01514     0.9083     54.500      1.964  51694.827    32.0211     4.2819      1.946    7.34150     4.2925    25.3894   13.13056 1.9597e+02 0.0000e+00
        220 109.711467    0.01521     0.9125     54.750      1.920  51688.754    32.0184     4.2879      1.902    7.34058     4.2955    25.3867   13.12907 1.8007e+02 0.0000e+00
        221 109.711470    0.01528     0.9167     55.000      1.872  51679.185    32.0130     4.2926      1.855    7.34002     4.2957    25.3819   13.12823 1.5851e+02 0.0000e+00
        222 109.711473    0.01535     0.9208     55.250      1.827  51663.512    32.0030     4.2956      1.810    7.33998     4.2915    25.3736   13.12829 1.3809e+02 0.0000e+00
        223 109.711476    0.01542     0.9250     55.500      1.791  51641.760    31.9882     4.2958      1.774    7.34068     4.2816    25.3618   13.12964 1.2046e+02 0.0000e+00
        224 109.711479    0.01549     0.9292     55.750      1.772  51619.027    31.9716     4.2916      1.755    7.34223     4.2647    25.3491   13.13241 1.0826e+02 0.0000e+00
        225 109.711481    0.01556     0.9333     56.000      1.776  51602.909    31.9582     4.2817      1.760    7.34466     4.2417    25.3395   13.13660 1.0233e+02 0.0000e+00
        226 109.711484    0.01563     0.9375     56.250      1.804  51600.228    31.9524     4.2648      1.787    7.34796     4.2170    25.3365   13.14212 1.0084e+02 0.0000e+00
        227 109.711487    0.01569     0.9417     56.500      1.849  51618.460    31.9594     4.2418      1.832    7.35170     4.1960    25.3444   13.14821 1.0124e+02 0.0000e+00
        228 109.711490    0.01576     0.9458     56.750      1.903  51661.050    31.9827     4.2171      1.885    7.35496     4.1823    25.3653   13.15327 1.0175e+02 0.0000e+00
        229 109.711493    0.01583     0.9500     57.000      1.959  51722.067    32.0195     4.1961      1.940    7.35689     4.1782    25.3966   13.15598 1.0093e+02 0.0000e+00
        230 109.711496    0.01590     0.9542     57.250      2.013  51787.019    32.0606     4.1825      1.994    7.35728     4.1850    25.4307   13.15610 9.8515e+01 0.0000e+00
        231 109.711499    0.01597     0.9583     57.500      2.064  51837.499    32.0942     4.1783      2.044    7.35636     4.2020    25.4577   13.15414 9.7663e+01 0.0000e+00
        232 109.711502    0.01604     0.9625     57.750      2.112  51859.951    32.1111     4.1851      2.092    7.35430     4.2252    25.4705   13.15052 1.0210e+02 0.0000e+00
        233 109.711505    0.01611     0.9667     58.000      2.156  51852.826    32.1103     4.2022      2.136    7.35131     4.2496    25.4681   13.14560 1.1355e+02 0.0000e+00
        234 109.711508    0.01618     0.9708     58.250      2.195  51825.651    32.0972     4.2254      2.174    7.34783     4.2721    25.4554   13.14002 1.3366e+02 0.0000e+00
        235 109.711510    0.01625     0.9750     58.500      2.222  51790.415    32.0789     4.2498      2.201    7.34438     4.2912    25.4384   13.13457 1.6152e+02 0.0000e+00
        236 109.711513    0.01632     0.9792     58.750      2.233  51755.590    32.0603     4.2723      2.211    7.34129     4.3063    25.4215   13.12971 1.9531e+02 0.0000e+00
        237 109.711516    0.01639     0.9833     59.000      2.221  51725.913    32.0445     4.2913      2.200    7.33869     4.3179    25.4070   13.12562 2.3937e+02 0.0000e+00
        238 109.711519    0.01646     0.9875     59.250      2.185  51702.452    32.0320     4.3065      2.164    7.33660     4.3258    25.3956   13.12234 2.8808e+02 0.0000e+00
        239 109.711522    0.01653     0.9917     59.500      2.127  51682.765    32.0213     4.3180      2.106    7.33508     4.3296    25.3859   13.11997 3.2424e+02 0.0000e+00
        240 109.711525    0.01660     0.9958     59.750      2.052  51662.962    32.0096     4.3259      2.032    7.33426     4.3283    25.3758   13.11876 3.4535e+02 0.0000e+00
        241 109.711528    0.01667     1.0000     60.000      1.969  51639.821    31.9947     4.3297      1.950    7.33432     4.3206    25.3636   13.11905 3.4778e+02 0.0000e+00
        242 109.711531    0.01674     1.0042     60.250      1.888  51613.399    31.9764     4.3284      1.870    7.33546     4.3046    25.3492   13.12117 3.2371e+02 0.0000e+00
        243 109.711534    0.01681     1.0083     60.500      1.822  51589.853    31.9585     4.3207      1.804    7.33773     4.2795    25.3357   13.12515 2.8479e+02 0.0000e+00
        244 109.711536    0.01688     1.0125     60.750      1.776  51575.690    31.9450     4.3047      1.759    7.34124     4.2476    25.3266   13.13112 2.4312e+02 0.0000e+00
        245 109.711539    0.01694     1.0167     61.000      1.757  51572.274    31.9368     4.2796      1.741    7.34611     4.2138    25.3226   13.13927 2.0238e+02 0.0000e+00
        246 109.711542    0.01701     1.0208     61.250      1.766  51581.122    31.9353     4.2477      1.749    7.35187     4.1827    25.3246   13.14879 1.6773e+02 0.0000e+00
        247 109.711545    0.01708     1.0250     61.500      1.797  51604.049    31.9430     4.2139      1.780    7.35752     4.1571    25.3341   13.15801 1.4192e+02 0.0000e+00
        248 109.711548    0.01715     1.0292     61.750      1.845  51638.606    31.9593     4.1829      1.828    7.36226     4.1381    25.3501   13.16563 1.2373e+02 0.0000e+00
        249 109.711551    0.01722     1.0333     62.000      1.904  51681.122    31.9822     4.1572      1.886    7.36571     4.1263    25.3709   13.17102 1.1141e+02 0.0000e+00
        250 109.711554    0.01729     1.0375     62.250      1.967  51730.403    32.0114     4.1382      1.949    7.36765     4.1218    25.3959   13.17385 1.0470e+02 0.0000e+00
        251 109.711557    0.01736     1.0417     62.500      2.029  51785.689    32.0464     4.1264      2.010    7.36802     4.1249    25.4249   13.17401 1.0371e+02 0.0000e+00
        252 109.711560    0.01743     1.0458     62.750      2.086  51841.412    32.0834     4.1219      2.066    7.36699     4.1370    25.4547   13.17183 1.0844e+02 0.0000e+00
        253 109.711563    0.01750     1.0500     63.000      2.132  51886.983    32.1153     4.1250      2.112    7.36485     4.1588    25.4798   13.16788 1.2016e+02 0.0000e+00
        254 109.711565    0.01757     1.0542     63.250      2.161  51909.983    32.1339     4.1371      2.140    7.36176     4.1872    25.4933   13.16254 1.4179e+02 0.0000e+00
        255 109.711568    0.01764     1.0583     63.500      2.168  51900.949    32.1329     4.1590      2.148    7.35790     4.2155    25.4904   13.15618 1.6982e+02 0.0000e+00
        256 109.711571    0.01771     1.0625     63.750      2.150  51864.245    32.1146     4.1874      2.130    7.35375     4.2389    25.4730   13.14957 1.9643e+02 0.0000e+00
        257 109.711574    0.01778     1.0667     64.000      2.107  51818.538    32.0901     4.2156      2.087    7.34991     4.2561    25.4507   13.14356 2.1960e+02 0.0000e+00
        258 109.711577    0.01785     1.0708     64.250      2.044  51778.294    32.0681     4.2390      2.024    7.34683     4.2675    25.4310   13.13876 2.3903e+02 0.0000e+00
        259 109.711580    0.01792     1.0750     64.500      1.970  51741.156    32.0468     4.2563      1.951    7.34481     4.2727    25.4123   13.13570 2.5746e+02 0.0000e+00
        260 109.711583    0.01799     1.0792     64.750      1.897  51698.400    32.0203     4.2677      1.879    7.34409     4.2696    25.3901   13.13486 2.7793e+02 0.0000e+00
        261 109.711586    0.01806     1.0833     65.000      1.836  51651.792    31.9896     4.2728      1.819    7.34470     4.2562    25.3653   13.13626 2.9744e+02 0.0000e+00
        262 109.711589    0.01812     1.0875     65.250      1.798  51612.565    31.9620     4.2697      1.780    7.34662     4.2328    25.3437   13.13978 3.0957e+02 0.0000e+00
        263 109.711591    0.01819     1.0917     65.500      1.788  51588.071    31.9421     4.2563      1.771    7.34999     4.2042    25.3292   13.14561 3.0941e+02 0.0000e+00
        264 109.711594    0.01826     1.0958     65.750      1.808  51583.029    31.9331     4.2330      1.791    7.35460     4.1764    25.3244   13.15333 2.9758e+02 0.0000e+00
        265 109.711597    0.01833     1.1000     66.000      1.853  51602.257    31.9395     4.2043      1.835    7.35940     4.1543    25.3323   13.16117 2.7500e+02 0.0000e+00
        266 109.711600    0.01840     1.1042     66.250      1.910  51643.071    31.9608     4.1766      1.892    7.36330     4.1406    25.3519   13.16733 2.4883e+02 0.0000e+00
        267 109.711603    0.01847     1.1083     66.500      1.968  51699.687    31.9942     4.1545      1.950    7.36559     4.1371    25.3807   13.17067 2.3194e+02 0.0000e+00
        268 109.711606    0.01854     1.1125     66.750      2.016  51763.506    32.0346     4.1408      1.997    7.36603     4.1448    25.4141   13.17087 2.2573e+02 0.0000e+00
        269 109.711609    0.01861     1.1167     67.000      2.046  51813.038    32.0677     4.1373      2.027    7.36502     4.1623    25.4407   13.16878 2.2083e+02 0.0000e+00
        270 109.711612    0.01868     1.1208     67.250      2.056  51827.792    32.0796     4.1450      2.037    7.36305     4.1841    25.4494   13.16536 2.1278e+02 0.0000e+00
        271 109.711615    0.01875     1.1250     67.500      2.051  51810.107    32.0717     4.1624      2.031    7.36032     4.2049    25.4414   13.16097 2.0452e+02 0.0000e+00
