CTD-processing/allCTD/CNV--turbid/2013_07-18_t7_s12_cast012.cnv
* Sea-Bird SBE19plus Data File:
* FileName = C:\Documents and Settings\kris.holderied.local\My Documents\2012-2013-CTD-DATA-new-files\2013-07-CookInlet-EVOSTC-LTM\2013-07-18-CookInlet-Tran7-Augustine\2013-07-18-CookInlet-Tran7-Augustine-cast012.hex
* Software Version 1.54
* Temperature SN =  5028
* Conductivity SN =  5028
* System UpLoad Time = Jul 18 2013 22:10:06
** Cook Inlet LTM Ocean - Tran7 Augustine Line, East to West
** Date: 2013-07-18
** Station: 7-12
** Start time (AKDT-24 hr): 16:20
** Depth (m): 69
** Comment:
** Comment:
# nquan = 16
# nvalues = 637                         
# units = specified
# name 0 = scan: Scan Count
# name 1 = timeJ: Julian Days
# name 2 = timeH: Time, Elapsed [hours]
# name 3 = timeM: Time, Elapsed [minutes]
# name 4 = timeS: Time, Elapsed [seconds]
# name 5 = prdM: Pressure, Strain Gauge [db]
# name 6 = specc: Specific Conductance [uS/cm]
# name 7 = sal00: Salinity, Practical [PSU]
# name 8 = tv290C: Temperature [ITS-90, deg C]
# name 9 = depSM: Depth [salt water, m], lat = 59.00
# name 10 = oxsolML/L: Oxygen Saturation, Garcia & Gordon [ml/l]
# name 11 = potemp090C: Potential Temperature [ITS-90, deg C]
# name 12 = sigma-é00: Density [sigma-theta, kg/m^3]
# name 13 = n2satML/L: Nitrogen Saturation [ml/l]
# name 14 = par: PAR/Irradiance, Biospherical/Licor
# name 15 = flag:  0.000e+00
# span 0 =          1,        637       
# span 1 = 199.680741, 199.682581       
# span 2 =    0.00000,    0.04417       
# span 3 =     0.0000,     2.6500       
# span 4 =      0.000,    159.000       
# span 5 =      0.036,     70.361       
# span 6 =    170.888,  50624.839       
# span 7 =     0.0809,    31.9020       
# span 8 =     7.5409,    12.7468       
# span 9 =      0.036,     69.691       
# span 10 =    6.17112,    7.44004      
# span 11 =     7.5344,    12.7468      
# span 12 =    -0.5054,    24.9069      
# span 13 =   11.20399,   13.73016      
# span 14 = 6.4675e-02, 5.6247e+02      
# span 15 = 0.0000e+00, 0.0000e+00      
# interval = seconds: 0.25
# start_time = Jul 18 2013 16:20:16 [Instrument's time stamp, header]
# bad_flag = -9.990e-29
*END*
[from data line 181]
        182 199.681264    0.01257     0.7542     45.250      1.276  48829.726    31.2635    12.0648      1.264    6.18724    12.0495    23.6768   11.23059 2.7570e+02 0.0000e+00
        183 199.681267    0.01264     0.7583     45.500      1.280  48842.052    31.2714    12.0565      1.268    6.18802    12.0440    23.6845   11.23178 2.7767e+02 0.0000e+00
        184 199.681270    0.01271     0.7625     45.750      1.283  48853.711    31.2790    12.0497      1.271    6.18861    12.0392    23.6916   11.23268 2.8025e+02 0.0000e+00
        185 199.681273    0.01278     0.7667     46.000      1.285  48861.624    31.2841    12.0442      1.273    6.18913    12.0341    23.6966   11.23348 2.7908e+02 0.0000e+00
        186 199.681276    0.01285     0.7708     46.250      1.288  48864.238    31.2855    12.0393      1.275    6.18971    12.0279    23.6986   11.23442 2.7524e+02 0.0000e+00
        187 199.681279    0.01292     0.7750     46.500      1.293  48861.896    31.2833    12.0342      1.281    6.19046    12.0199    23.6978   11.23569 2.7146e+02 0.0000e+00
        188 199.681282    0.01299     0.7792     46.750      1.304  48856.840    31.2791    12.0281      1.292    6.19143    12.0097    23.6957   11.23735 2.6891e+02 0.0000e+00
        189 199.681285    0.01306     0.7833     47.000      1.322  48852.768    31.2754    12.0201      1.309    6.19262    11.9970    23.6943   11.23936 2.6692e+02 0.0000e+00
        190 199.681288    0.01313     0.7875     47.250      1.345  48854.327    31.2754    12.0098      1.332    6.19396    11.9831    23.6962   11.24158 2.6506e+02 0.0000e+00
        191 199.681291    0.01319     0.7917     47.500      1.370  48866.078    31.2825    11.9972      1.357    6.19534    11.9712    23.7040   11.24379 2.6319e+02 0.0000e+00
        192 199.681293    0.01326     0.7958     47.750      1.390  48890.924    31.2987    11.9833      1.377    6.19652    11.9653    23.7192   11.24556 2.6146e+02 0.0000e+00
        193 199.681296    0.01333     0.8000     48.000      1.400  48926.865    31.3231    11.9714      1.387    6.19712    11.9681    23.7403   11.24628 2.6108e+02 0.0000e+00
        194 199.681299    0.01340     0.8042     48.250      1.397  48963.940    31.3489    11.9654      1.384    6.19689    11.9813    23.7613   11.24561 2.6248e+02 0.0000e+00
        195 199.681302    0.01347     0.8083     48.500      1.382  48987.384    31.3658    11.9683      1.369    6.19586    12.0030    23.7740   11.24369 2.6551e+02 0.0000e+00
        196 199.681305    0.01354     0.8125     48.750      1.358  48986.453    31.3665    11.9814      1.345    6.19411    12.0277    23.7721   11.24079 2.6876e+02 0.0000e+00
        197 199.681308    0.01361     0.8167     49.000      1.331  48960.998    31.3506    12.0031      1.318    6.19189    12.0490    23.7557   11.23729 2.6920e+02 0.0000e+00
        198 199.681311    0.01368     0.8208     49.250      1.308  48918.905    31.3232    12.0279      1.296    6.18973    12.0623    23.7299   11.23403 2.6651e+02 0.0000e+00
        199 199.681314    0.01375     0.8250     49.500      1.298  48870.681    31.2910    12.0492      1.286    6.18821    12.0653    23.7010   11.23187 2.6508e+02 0.0000e+00
        200 199.681317    0.01382     0.8292     49.750      1.303  48827.784    31.2618    12.0624      1.291    6.18761    12.0581    23.6759   11.23122 2.6778e+02 0.0000e+00
        201 199.681319    0.01389     0.8333     50.000      1.324  48797.843    31.2408    12.0654      1.312    6.18804    12.0440    23.6591   11.23217 2.7246e+02 0.0000e+00
        202 199.681322    0.01396     0.8375     50.250      1.356  48783.512    31.2299    12.0582      1.344    6.18941    12.0283    23.6520   11.23456 2.7589e+02 0.0000e+00
        203 199.681325    0.01403     0.8417     50.500      1.390  48786.721    31.2308    12.0441      1.378    6.19122    12.0158    23.6553   11.23756 2.7572e+02 0.0000e+00
        204 199.681328    0.01410     0.8458     50.750      1.417  48806.521    31.2433    12.0285      1.404    6.19277    12.0087    23.6678   11.23999 2.7353e+02 0.0000e+00
        205 199.681331    0.01417     0.8500     51.000      1.431  48837.705    31.2642    12.0159      1.417    6.19360    12.0084    23.6864   11.24112 2.7462e+02 0.0000e+00
        206 199.681334    0.01424     0.8542     51.250      1.427  48870.607    31.2869    12.0088      1.413    6.19364    12.0160    23.7053   11.24092 2.8063e+02 0.0000e+00
        207 199.681337    0.01431     0.8583     51.500      1.402  48891.963    31.3020    12.0086      1.389    6.19308    12.0303    23.7171   11.23982 2.8783e+02 0.0000e+00
        208 199.681340    0.01438     0.8625     51.750      1.359  48893.284    31.3037    12.0161      1.346    6.19203    12.0473    23.7171   11.23806 2.9240e+02 0.0000e+00
        209 199.681343    0.01444     0.8667     52.000      1.300  48876.693    31.2934    12.0304      1.287    6.19056    12.0624    23.7064   11.23575 2.9485e+02 0.0000e+00
        210 199.681345    0.01451     0.8708     52.250      1.232  48850.653    31.2766    12.0474      1.221    6.18899    12.0723    23.6902   11.23334 2.9815e+02 0.0000e+00
        211 199.681348    0.01458     0.8750     52.500      1.167  48822.557    31.2582    12.0625      1.155    6.18775    12.0759    23.6731   11.23148 3.0177e+02 0.0000e+00
        212 199.681351    0.01465     0.8792     52.750      1.114  48797.196    31.2411    12.0724      1.103    6.18712    12.0732    23.6581   11.23063 3.0211e+02 0.0000e+00
        213 199.681354    0.01472     0.8833     53.000      1.084  48778.156    31.2280    12.0761      1.074    6.18716    12.0646    23.6472   11.23085 3.0072e+02 0.0000e+00
        214 199.681357    0.01479     0.8875     53.250      1.084  48766.136    31.2192    12.0734      1.074    6.18785    12.0511    23.6409   11.23210 2.9790e+02 0.0000e+00
        215 199.681360    0.01486     0.8917     53.500      1.115  48759.192    31.2134    12.0648      1.104    6.18921    12.0345    23.6380   11.23443 2.8756e+02 0.0000e+00
        216 199.681363    0.01493     0.8958     53.750      1.173  48756.508    31.2101    12.0513      1.162    6.19110    12.0154    23.6379   11.23760 2.7226e+02 0.0000e+00
        217 199.681366    0.01500     0.9000     54.000      1.252  48758.095    31.2095    12.0347      1.241    6.19328    11.9926    23.6405   11.24122 2.5832e+02 0.0000e+00
        218 199.681369    0.01507     0.9042     54.250      1.344  48762.668    31.2108    12.0156      1.332    6.19573    11.9671    23.6450   11.24528 2.4656e+02 0.0000e+00
        219 199.681372    0.01514     0.9083     54.500      1.440  48772.028    31.2151    11.9928      1.426    6.19854    11.9431    23.6525   11.24989 2.3817e+02 0.0000e+00
        220 199.681374    0.01521     0.9125     54.750      1.528  48792.349    31.2269    11.9673      1.514    6.20141    11.9249    23.6664   11.25452 2.3334e+02 0.0000e+00
        221 199.681377    0.01528     0.9167     55.000      1.599  48825.577    31.2481    11.9433      1.584    6.20374    11.9147    23.6872   11.25813 2.2988e+02 0.0000e+00
        222 199.681380    0.01535     0.9208     55.250      1.644  48865.551    31.2747    11.9251      1.629    6.20509    11.9129    23.7112   11.26005 2.2796e+02 0.0000e+00
        223 199.681383    0.01542     0.9250     55.500      1.658  48900.384    31.2984    11.9148      1.642    6.20550    11.9192    23.7315   11.26047 2.3035e+02 0.0000e+00
        224 199.681386    0.01549     0.9292     55.750      1.638  48919.102    31.3116    11.9131      1.622    6.20522    11.9311    23.7420   11.25984 2.3739e+02 0.0000e+00
        225 199.681389    0.01556     0.9333     56.000      1.585  48920.650    31.3133    11.9194      1.570    6.20432    11.9447    23.7422   11.25833 2.4612e+02 0.0000e+00
        226 199.681392    0.01563     0.9375     56.250      1.506  48911.724    31.3082    11.9313      1.492    6.20296    11.9571    23.7360   11.25614 2.5374e+02 0.0000e+00
        227 199.681395    0.01569     0.9417     56.500      1.408  48897.935    31.2998    11.9448      1.395    6.20151    11.9669    23.7270   11.25383 2.5960e+02 0.0000e+00
        228 199.681398    0.01576     0.9458     56.750      1.304  48880.928    31.2890    11.9572      1.292    6.20031    11.9732    23.7164   11.25196 2.6321e+02 0.0000e+00
        229 199.681400    0.01583     0.9500     57.000      1.204  48860.968    31.2759    11.9670      1.193    6.19955    11.9757    23.7044   11.25085 2.6466e+02 0.0000e+00
        230 199.681403    0.01590     0.9542     57.250      1.119  48840.392    31.2619    11.9733      1.109    6.19927    11.9745    23.6924   11.25055 2.6675e+02 0.0000e+00
        231 199.681406    0.01597     0.9583     57.500      1.058  48823.360    31.2500    11.9758      1.048    6.19940    11.9711    23.6828   11.25091 2.6970e+02 0.0000e+00
        232 199.681409    0.01604     0.9625     57.750      1.023  48812.186    31.2420    11.9747      1.014    6.19986    11.9674    23.6767   11.25177 2.7079e+02 0.0000e+00
        233 199.681412    0.01611     0.9667     58.000      1.017  48806.673    31.2377    11.9712      1.007    6.20048    11.9648    23.6740   11.25284 2.6829e+02 0.0000e+00
        234 199.681415    0.01618     0.9708     58.250      1.034  48805.426    31.2365    11.9676      1.025    6.20101    11.9636    23.6737   11.25373 2.6227e+02 0.0000e+00
        235 199.681418    0.01625     0.9750     58.500      1.071  48806.391    31.2369    11.9650      1.062    6.20133    11.9637    23.6745   11.25426 2.5677e+02 0.0000e+00
        236 199.681421    0.01632     0.9792     58.750      1.124  48808.118    31.2380    11.9638      1.114    6.20145    11.9649    23.6756   11.25445 2.5372e+02 0.0000e+00
        237 199.681424    0.01639     0.9833     59.000      1.185  48810.455    31.2396    11.9639      1.175    6.20137    11.9663    23.6769   11.25429 2.5007e+02 0.0000e+00
        238 199.681427    0.01646     0.9875     59.250      1.251  48814.138    31.2424    11.9651      1.239    6.20110    11.9666    23.6788   11.25382 2.4424e+02 0.0000e+00
        239 199.681429    0.01653     0.9917     59.500      1.315  48820.481    31.2470    11.9665      1.302    6.20075    11.9655    23.6821   11.25317 2.3758e+02 0.0000e+00
        240 199.681432    0.01660     0.9958     59.750      1.372  48830.852    31.2544    11.9668      1.359    6.20041    11.9636    23.6878   11.25254 2.3147e+02 0.0000e+00
        241 199.681435    0.01667     1.0000     60.000      1.421  48844.644    31.2641    11.9657      1.408    6.20018    11.9621    23.6955   11.25204 2.2574e+02 0.0000e+00
        242 199.681438    0.01674     1.0042     60.250      1.460  48858.655    31.2738    11.9638      1.447    6.20004    11.9615    23.7034   11.25170 2.2177e+02 0.0000e+00
        243 199.681441    0.01681     1.0083     60.500      1.488  48869.837    31.2816    11.9623      1.474    6.19993    11.9613    23.7097   11.25142 2.2202e+02 0.0000e+00
        244 199.681444    0.01688     1.0125     60.750      1.503  48877.197    31.2868    11.9616      1.489    6.19982    11.9610    23.7139   11.25118 2.2482e+02 0.0000e+00
        245 199.681447    0.01694     1.0167     61.000      1.505  48880.804    31.2893    11.9615      1.491    6.19975    11.9597    23.7159   11.25103 2.2628e+02 0.0000e+00
        246 199.681450    0.01701     1.0208     61.250      1.495  48880.428    31.2890    11.9611      1.482    6.19980    11.9563    23.7157   11.25112 2.2580e+02 0.0000e+00
        247 199.681453    0.01708     1.0250     61.500      1.476  48875.867    31.2856    11.9598      1.463    6.20010    11.9493    23.7133   11.25165 2.2599e+02 0.0000e+00
        248 199.681455    0.01715     1.0292     61.750      1.452  48868.341    31.2800    11.9564      1.439    6.20077    11.9368    23.7095   11.25283 2.2977e+02 0.0000e+00
        249 199.681458    0.01722     1.0333     62.000      1.427  48861.223    31.2742    11.9494      1.414    6.20191    11.9184    23.7063   11.25479 2.3701e+02 0.0000e+00
        250 199.681461    0.01729     1.0375     62.250      1.402  48859.173    31.2715    11.9370      1.389    6.20365    11.8975    23.7065   11.25771 2.4502e+02 0.0000e+00
        251 199.681464    0.01736     1.0417     62.500      1.377  48866.550    31.2749    11.9186      1.365    6.20593    11.8791    23.7125   11.26145 2.5233e+02 0.0000e+00
        252 199.681467    0.01743     1.0458     62.750      1.349  48886.262    31.2867    11.8977      1.337    6.20821    11.8653    23.7255   11.26510 2.5805e+02 0.0000e+00
        253 199.681470    0.01750     1.0500     63.000      1.315  48917.491    31.3071    11.8793      1.303    6.20984    11.8562    23.7447   11.26755 2.6208e+02 0.0000e+00
        254 199.681473    0.01757     1.0542     63.250      1.275  48952.542    31.3306    11.8655      1.263    6.21072    11.8520    23.7655   11.26875 2.6625e+02 0.0000e+00
        255 199.681476    0.01764     1.0583     63.500      1.229  48980.318    31.3494    11.8564      1.218    6.21119    11.8527    23.7817   11.26930 2.7011e+02 0.0000e+00
        256 199.681479    0.01771     1.0625     63.750      1.184  48992.586    31.3577    11.8521      1.173    6.21142    11.8559    23.7889   11.26959 2.7071e+02 0.0000e+00
        257 199.681481    0.01778     1.0667     64.000      1.146  48984.508    31.3521    11.8528      1.136    6.21155    11.8575    23.7844   11.26988 2.6851e+02 0.0000e+00
        258 199.681484    0.01785     1.0708     64.250      1.121  48956.737    31.3326    11.8561      1.111    6.21189    11.8534    23.7687   11.27066 2.6762e+02 0.0000e+00
        259 199.681487    0.01792     1.0750     64.500      1.113  48917.488    31.3049    11.8576      1.103    6.21279    11.8420    23.7469   11.27248 2.6844e+02 0.0000e+00
        260 199.681490    0.01799     1.0792     64.750      1.122  48877.756    31.2762    11.8535      1.112    6.21447    11.8218    23.7253   11.27560 2.6963e+02 0.0000e+00
        261 199.681493    0.01806     1.0833     65.000      1.145  48843.479    31.2506    11.8421      1.135    6.21700    11.7883    23.7075   11.28010 2.7127e+02 0.0000e+00
        262 199.681496    0.01812     1.0875     65.250      1.179  48811.683    31.2258    11.8219      1.168    6.22069    11.7320    23.6918   11.28649 2.6896e+02 0.0000e+00
        263 199.681499    0.01819     1.0917     65.500      1.221  48773.552    31.1951    11.7884      1.210    6.22639    11.6369    23.6739   11.29630 2.6100e+02 0.0000e+00
        264 199.681502    0.01826     1.0958     65.750      1.269  48717.596    31.1493    11.7321      1.257    6.23574    11.4843    23.6484   11.31234 2.5230e+02 0.0000e+00
        265 199.681505    0.01833     1.1000     66.000      1.323  48640.312    31.0841    11.6370      1.311    6.25105    11.2800    23.6147   11.33848 2.4483e+02 0.0000e+00
        266 199.681508    0.01840     1.1042     66.250      1.383  48599.952    31.0389    11.4845      1.370    6.27328    11.0688    23.6067   11.37587 2.3760e+02 0.0000e+00
        267 199.681510    0.01847     1.1083     66.500      1.446  48679.459    31.0729    11.2802      1.433    6.29938    10.8952    23.6693   11.41874 2.3215e+02 0.0000e+00
        268 199.681513    0.01854     1.1125     66.750      1.505  48848.900    31.1697    11.0690      1.492    6.32402    10.7723    23.7816   11.45845 2.3044e+02 0.0000e+00
        269 199.681516    0.01861     1.1167     67.000      1.554  49018.164    31.2703    10.8954      1.540    6.34351    10.6974    23.8900   11.48957 2.3007e+02 0.0000e+00
        270 199.681519    0.01868     1.1208     67.250      1.585  49158.902    31.3561    10.7725      1.571    6.35676    10.6668    23.9782   11.51052 2.2813e+02 0.0000e+00
        271 199.681522    0.01875     1.1250     67.500      1.594  49273.520    31.4288    10.6976      1.579    6.36400    10.6741    24.0478   11.52168 2.2644e+02 0.0000e+00
