CTD-processing/allCTD/CNV--turbid/2013_03-15_t9_s10_cast057.cnv
* Sea-Bird SBE19plus Data File:
* FileName = C:\Documents and Settings\kris.holderied.local\My Documents\2012-2013-CTD-DATA-new-files\2013-03-15-CTD-HomerSpitLine-LTM\2013-03-15-HomerSpitLine-cast057.hex
* Software Version 1.54
* Temperature SN =  5028
* Conductivity SN =  5028
* System UpLoad Time = Apr 19 2013 01:17:52
** Kachemak Bay - Spit Line LTM monthly transect
** Date:  2013-03-15
** Station:  9-10
** Start time (AKDT-24 hr): 1913
** Depth (ft): 202
** Comment:  CTD time set wrong
** Comment: Flow meter start 0021253 end 0023073
# nquan = 16
# nvalues = 689                         
# units = specified
# name 0 = scan: Scan Count
# name 1 = timeJ: Julian Days
# name 2 = timeH: Time, Elapsed [hours]
# name 3 = timeM: Time, Elapsed [minutes]
# name 4 = timeS: Time, Elapsed [seconds]
# name 5 = prdM: Pressure, Strain Gauge [db]
# name 6 = specc: Specific Conductance [uS/cm]
# name 7 = sal00: Salinity, Practical [PSU]
# name 8 = tv290C: Temperature [ITS-90, deg C]
# name 9 = depSM: Depth [salt water, m], lat = 59.00
# name 10 = oxsolML/L: Oxygen Saturation, Garcia & Gordon [ml/l]
# name 11 = potemp090C: Potential Temperature [ITS-90, deg C]
# name 12 = sigma-é00: Density [sigma-theta, kg/m^3]
# name 13 = n2satML/L: Nitrogen Saturation [ml/l]
# name 14 = par: PAR/Irradiance, Biospherical/Licor
# name 15 = flag:  0.000e+00
# span 0 =          1,        689       
# span 1 =  74.841806,  74.843796       
# span 2 =    0.00000,    0.04778       
# span 3 =     0.0000,     2.8667       
# span 4 =      0.000,    172.000       
# span 5 =     -0.103,     58.579       
# span 6 =      2.725,  51595.531       
# span 7 =     0.0008,    31.6026       
# span 8 =     1.7639,     3.0595       
# span 9 =     -0.103,     58.023       
# span 10 =  -98.80022,    9.67855      
# span 11 =     1.7667,     3.0568      
# span 12 =    -0.0643,    25.1708      
# span 13 =   13.54188,   17.60276      
# span 14 = 3.7912e-02, 8.7452e+02      
# span 15 = 0.0000e+00, 0.0000e+00      
# interval = seconds: 0.25
# start_time = Mar 15 2013 20:12:12 [Instrument's time stamp, header]
# bad_flag = -9.990e-29
*END*
[from data line 272]
        273  74.842593    0.01889     1.1333     68.000      0.666  51525.071    31.4641     2.5449      0.659    7.69169     2.5460    25.0998   13.71568 3.5970e+01 0.0000e+00
        274  74.842595    0.01896     1.1375     68.250      0.676  51526.665    31.4653     2.5452      0.669    7.69157     2.5468    25.1007   13.71547 3.5719e+01 0.0000e+00
        275  74.842598    0.01903     1.1417     68.500      0.687  51524.405    31.4640     2.5461      0.680    7.69148     2.5472    25.0996   13.71534 3.5545e+01 0.0000e+00
        276  74.842601    0.01910     1.1458     68.750      0.696  51519.529    31.4609     2.5469      0.689    7.69149     2.5470    25.0970   13.71540 3.5536e+01 0.0000e+00
        277  74.842604    0.01917     1.1500     69.000      0.701  51513.551    31.4570     2.5472      0.694    7.69163     2.5461    25.0939   13.71567 3.5705e+01 0.0000e+00
        278  74.842607    0.01924     1.1542     69.250      0.701  51508.056    31.4532     2.5470      0.694    7.69187     2.5442    25.0909   13.71612 3.6010e+01 0.0000e+00
        279  74.842610    0.01931     1.1583     69.500      0.695  51504.676    31.4507     2.5461      0.688    7.69218     2.5416    25.0889   13.71667 3.6299e+01 0.0000e+00
        280  74.842613    0.01938     1.1625     69.750      0.684  51505.228    31.4506     2.5442      0.678    7.69254     2.5390    25.0890   13.71727 3.6425e+01 0.0000e+00
        281  74.842616    0.01944     1.1667     70.000      0.673  51510.574    31.4535     2.5416      0.667    7.69289     2.5373    25.0915   13.71781 3.6387e+01 0.0000e+00
        282  74.842619    0.01951     1.1708     70.250      0.666  51519.266    31.4586     2.5390      0.660    7.69312     2.5374    25.0958   13.71813 3.6191e+01 0.0000e+00
        283  74.842622    0.01958     1.1750     70.500      0.666  51527.967    31.4640     2.5374      0.659    7.69315     2.5395    25.1002   13.71810 3.5798e+01 0.0000e+00
        284  74.842624    0.01965     1.1792     70.750      0.673  51532.932    31.4674     2.5374      0.667    7.69297     2.5438    25.1029   13.71775 3.5370e+01 0.0000e+00
        285  74.842627    0.01972     1.1833     71.000      0.687  51531.336    31.4669     2.5396      0.680    7.69258     2.5488    25.1024   13.71712 3.5070e+01 0.0000e+00
        286  74.842630    0.01979     1.1875     71.250      0.701  51522.405    31.4620     2.5438      0.695    7.69202     2.5527    25.0982   13.71625 3.4851e+01 0.0000e+00
        287  74.842633    0.01986     1.1917     71.500      0.711  51508.888    31.4543     2.5489      0.705    7.69145     2.5541    25.0916   13.71542 3.4767e+01 0.0000e+00
        288  74.842636    0.01993     1.1958     71.750      0.713  51496.190    31.4468     2.5528      0.706    7.69109     2.5523    25.0853   13.71493 3.4934e+01 0.0000e+00
        289  74.842639    0.02000     1.2000     72.000      0.704  51489.205    31.4424     2.5541      0.698    7.69106     2.5484    25.0817   13.71494 3.5262e+01 0.0000e+00
        290  74.842642    0.02007     1.2042     72.250      0.689  51490.459    31.4428     2.5523      0.682    7.69138     2.5443    25.0822   13.71546 3.5575e+01 0.0000e+00
        291  74.842645    0.02014     1.2083     72.500      0.670  51499.071    31.4475     2.5484      0.664    7.69188     2.5419    25.0863   13.71623 3.5775e+01 0.0000e+00
        292  74.842648    0.02021     1.2125     72.750      0.654  51511.697    31.4549     2.5443      0.648    7.69228     2.5421    25.0925   13.71679 3.5735e+01 0.0000e+00
        293  74.842650    0.02028     1.2167     73.000      0.648  51524.556    31.4629     2.5419      0.642    7.69234     2.5457    25.0990   13.71678 3.5416e+01 0.0000e+00
        294  74.842653    0.02035     1.2208     73.250      0.654  51534.027    31.4694     2.5421      0.648    7.69196     2.5528    25.1042   13.71607 3.4995e+01 0.0000e+00
        295  74.842656    0.02042     1.2250     73.500      0.674  51537.359    31.4726     2.5457      0.668    7.69109     2.5618    25.1065   13.71459 3.4518e+01 0.0000e+00
        296  74.842659    0.02049     1.2292     73.750      0.702  51532.128    31.4710     2.5529      0.695    7.68980     2.5694    25.1046   13.71248 3.3996e+01 0.0000e+00
        297  74.842662    0.02056     1.2333     74.000      0.729  51516.587    31.4630     2.5618      0.723    7.68850     2.5732    25.0975   13.71044 3.3707e+01 0.0000e+00
        298  74.842665    0.02063     1.2375     74.250      0.746  51495.481    31.4509     2.5695      0.739    7.68766     2.5720    25.0873   13.70922 3.3909e+01 0.0000e+00
        299  74.842668    0.02069     1.2417     74.500      0.744  51480.845    31.4420     2.5732      0.737    7.68740     2.5675    25.0799   13.70891 3.4548e+01 0.0000e+00
        300  74.842671    0.02076     1.2458     74.750      0.723  51481.887    31.4424     2.5721      0.716    7.68760     2.5631    25.0803   13.70924 3.5318e+01 0.0000e+00
        301  74.842674    0.02083     1.2500     75.000      0.690  51498.667    31.4525     2.5675      0.683    7.68795     2.5625    25.0887   13.70967 3.5877e+01 0.0000e+00
        302  74.842677    0.02090     1.2542     75.250      0.655  51525.337    31.4693     2.5632      0.649    7.68791     2.5685    25.1025   13.70939 3.6009e+01 0.0000e+00
        303  74.842679    0.02097     1.2583     75.500      0.633  51555.072    31.4892     2.5626      0.627    7.68698     2.5822    25.1184   13.70757 3.5565e+01 0.0000e+00
        304  74.842682    0.02104     1.2625     75.750      0.632  51580.216    31.5077     2.5686      0.626    7.68484     2.6012    25.1328   13.70381 3.4614e+01 0.0000e+00
        305  74.842685    0.02111     1.2667     76.000      0.656  51592.015    31.5194     2.5822      0.650    7.68161     2.6214    25.1410   13.69832 3.3527e+01 0.0000e+00
        306  74.842688    0.02118     1.2708     76.250      0.697  51588.070    31.5220     2.6013      0.691    7.67782     2.6392    25.1416   13.69203 3.2645e+01 0.0000e+00
        307  74.842691    0.02125     1.2750     76.500      0.741  51573.901    31.5179     2.6214      0.734    7.67416     2.6527    25.1368   13.68605 3.2259e+01 0.0000e+00
        308  74.842694    0.02132     1.2792     76.750      0.771  51554.299    31.5095     2.6392      0.764    7.67118     2.6612    25.1287   13.68125 3.2519e+01 0.0000e+00
        309  74.842697    0.02139     1.2833     77.000      0.778  51533.327    31.4991     2.6527      0.771    7.66913     2.6654    25.1193   13.67801 3.3246e+01 0.0000e+00
        310  74.842700    0.02146     1.2875     77.250      0.762  51516.625    31.4902     2.6612      0.755    7.66796     2.6669    25.1115   13.67620 3.3944e+01 0.0000e+00
        311  74.842703    0.02153     1.2917     77.500      0.733  51506.369    31.4844     2.6655      0.727    7.66745     2.6667    25.1066   13.67542 3.4124e+01 0.0000e+00
        312  74.842705    0.02160     1.2958     77.750      0.707  51500.602    31.4809     2.6669      0.701    7.66735     2.6655    25.1037   13.67532 3.3655e+01 0.0000e+00
        313  74.842708    0.02167     1.3000     78.000      0.697  51497.498    31.4788     2.6667      0.691    7.66751     2.6643    25.1020   13.67560 3.2713e+01 0.0000e+00
        314  74.842711    0.02174     1.3042     78.250      0.708  51497.454    31.4785     2.6656      0.702    7.66774     2.6636    25.1018   13.67599 3.1655e+01 0.0000e+00
        315  74.842714    0.02181     1.3083     78.500      0.739  51500.615    31.4802     2.6643      0.732    7.66790     2.6639    25.1033   13.67623 3.0797e+01 0.0000e+00
        316  74.842717    0.02187     1.3125     78.750      0.777  51504.367    31.4826     2.6636      0.770    7.66790     2.6645    25.1052   13.67619 3.0317e+01 0.0000e+00
        317  74.842720    0.02194     1.3167     79.000      0.807  51505.615    31.4835     2.6639      0.800    7.66780     2.6649    25.1059   13.67601 3.0300e+01 0.0000e+00
        318  74.842723    0.02201     1.3208     79.250      0.819  51503.839    31.4825     2.6646      0.812    7.66772     2.6648    25.1051   13.67590 3.0749e+01 0.0000e+00
        319  74.842726    0.02208     1.3250     79.500      0.810  51501.474    31.4810     2.6650      0.803    7.66773     2.6643    25.1039   13.67593 3.1456e+01 0.0000e+00
        320  74.842729    0.02215     1.3292     79.750      0.786  51500.472    31.4803     2.6648      0.779    7.66779     2.6637    25.1033   13.67605 3.2061e+01 0.0000e+00
        321  74.842731    0.02222     1.3333     80.000      0.759  51500.158    31.4799     2.6644      0.752    7.66790     2.6630    25.1031   13.67623 3.2271e+01 0.0000e+00
        322  74.842734    0.02229     1.3375     80.250      0.742  51499.580    31.4794     2.6638      0.735    7.66804     2.6621    25.1027   13.67647 3.1968e+01 0.0000e+00
        323  74.842737    0.02236     1.3417     80.500      0.743  51499.090    31.4788     2.6630      0.736    7.66822     2.6613    25.1024   13.67676 3.1339e+01 0.0000e+00
        324  74.842740    0.02243     1.3458     80.750      0.763  51499.335    31.4787     2.6621      0.756    7.66839     2.6605    25.1024   13.67705 3.0701e+01 0.0000e+00
        325  74.842743    0.02250     1.3500     81.000      0.794  51499.852    31.4789     2.6613      0.786    7.66854     2.6598    25.1025   13.67731 3.0269e+01 0.0000e+00
        326  74.842746    0.02257     1.3542     81.250      0.821  51499.708    31.4786     2.6605      0.813    7.66870     2.6590    25.1023   13.67757 3.0208e+01 0.0000e+00
        327  74.842749    0.02264     1.3583     81.500      0.835  51499.626    31.4783     2.6598      0.827    7.66885     2.6585    25.1022   13.67782 3.0579e+01 0.0000e+00
        328  74.842752    0.02271     1.3625     81.750      0.829  51500.825    31.4789     2.6591      0.821    7.66896     2.6584    25.1027   13.67800 3.1228e+01 0.0000e+00
        329  74.842755    0.02278     1.3667     82.000      0.807  51502.303    31.4798     2.6586      0.799    7.66901     2.6584    25.1034   13.67806 3.1854e+01 0.0000e+00
        330  74.842758    0.02285     1.3708     82.250      0.777  51502.638    31.4800     2.6584      0.770    7.66903     2.6582    25.1036   13.67809 3.2215e+01 0.0000e+00
        331  74.842760    0.02292     1.3750     82.500      0.752  51502.019    31.4796     2.6584      0.744    7.66905     2.6579    25.1033   13.67814 3.2186e+01 0.0000e+00
        332  74.842763    0.02299     1.3792     82.750      0.741  51501.175    31.4790     2.6583      0.734    7.66911     2.6576    25.1028   13.67824 3.1761e+01 0.0000e+00
        333  74.842766    0.02306     1.3833     83.000      0.749  51500.987    31.4787     2.6580      0.742    7.66918     2.6574    25.1026   13.67837 3.1150e+01 0.0000e+00
        334  74.842769    0.02313     1.3875     83.250      0.771  51502.068    31.4793     2.6576      0.764    7.66922     2.6575    25.1032   13.67843 3.0640e+01 0.0000e+00
        335  74.842772    0.02319     1.3917     83.500      0.798  51503.628    31.4803     2.6574      0.790    7.66921     2.6579    25.1040   13.67839 3.0404e+01 0.0000e+00
        336  74.842775    0.02326     1.3958     83.750      0.821  51504.296    31.4808     2.6576      0.813    7.66915     2.6582    25.1044   13.67828 3.0386e+01 0.0000e+00
        337  74.842778    0.02333     1.4000     84.000      0.837  51503.596    31.4805     2.6580      0.829    7.66909     2.6582    25.1041   13.67819 3.0320e+01 0.0000e+00
        338  74.842781    0.02340     1.4042     84.250      0.848  51502.307    31.4797     2.6583      0.840    7.66908     2.6580    25.1034   13.67819 2.9941e+01 0.0000e+00
        339  74.842784    0.02347     1.4083     84.500      0.864  51501.971    31.4794     2.6582      0.856    7.66910     2.6581    25.1032   13.67822 2.9121e+01 0.0000e+00
        340  74.842786    0.02354     1.4125     84.750      0.892  51503.092    31.4801     2.6581      0.883    7.66909     2.6585    25.1038   13.67819 2.7958e+01 0.0000e+00
        341  74.842789    0.02361     1.4167     85.000      0.932  51504.977    31.4814     2.6581      0.923    7.66901     2.6595    25.1048   13.67805 2.6584e+01 0.0000e+00
        342  74.842792    0.02368     1.4208     85.250      0.984  51507.065    31.4829     2.6586      0.975    7.66884     2.6611    25.1059   13.67775 2.5030e+01 0.0000e+00
        343  74.842795    0.02375     1.4250     85.500      1.052  51510.258    31.4853     2.6595      1.043    7.66854     2.6639    25.1078   13.67722 2.3391e+01 0.0000e+00
        344  74.842798    0.02382     1.4292     85.750      1.137  51516.180    31.4897     2.6611      1.127    7.66800     2.6686    25.1111   13.67628 2.1830e+01 0.0000e+00
        345  74.842801    0.02389     1.4333     86.000      1.235  51524.915    31.4963     2.6640      1.224    7.66711     2.6751    25.1162   13.67472 2.0475e+01 0.0000e+00
        346  74.842804    0.02396     1.4375     86.250      1.340  51533.083    31.5030     2.6687      1.328    7.66586     2.6823    25.1212   13.67255 1.9364e+01 0.0000e+00
        347  74.842807    0.02403     1.4417     86.500      1.446  51536.056    31.5067     2.6752      1.432    7.66442     2.6892    25.1237   13.67013 1.8394e+01 0.0000e+00
        348  74.842810    0.02410     1.4458     86.750      1.552  51536.092    31.5086     2.6823      1.537    7.66295     2.6966    25.1246   13.66768 1.7419e+01 0.0000e+00
        349  74.842812    0.02417     1.4500     87.000      1.665  51539.533    31.5128     2.6893      1.649    7.66140     2.7054    25.1274   13.66506 1.6381e+01 0.0000e+00
        350  74.842815    0.02424     1.4542     87.250      1.787  51547.169    31.5199     2.6967      1.770    7.65961     2.7154    25.1325   13.66202 1.5306e+01 0.0000e+00
        351  74.842818    0.02431     1.4583     87.500      1.917  51553.884    31.5267     2.7055      1.899    7.65757     2.7256    25.1372   13.65858 1.4248e+01 0.0000e+00
        352  74.842821    0.02438     1.4625     87.750      2.052  51554.411    31.5297     2.7155      2.033    7.65549     2.7343    25.1388   13.65510 1.3242e+01 0.0000e+00
        353  74.842824    0.02444     1.4667     88.000      2.191  51549.087    31.5288     2.7257      2.171    7.65360     2.7412    25.1373   13.65200 1.2305e+01 0.0000e+00
        354  74.842827    0.02451     1.4708     88.250      2.335  51542.523    31.5266     2.7344      2.313    7.65204     2.7466    25.1349   13.64945 1.1467e+01 0.0000e+00
        355  74.842830    0.02458     1.4750     88.500      2.483  51537.752    31.5252     2.7413      2.459    7.65080     2.7512    25.1332   13.64743 1.0749e+01 0.0000e+00
        356  74.842833    0.02465     1.4792     88.750      2.633  51535.344    31.5250     2.7467      2.608    7.64978     2.7556    25.1326   13.64574 1.0136e+01 0.0000e+00
        357  74.842836    0.02472     1.4833     89.000      2.785  51535.272    31.5261     2.7513      2.758    7.64884     2.7601    25.1331   13.64418 9.5695e+00 0.0000e+00
        358  74.842839    0.02479     1.4875     89.250      2.940  51536.094    31.5277     2.7558      2.912    7.64791     2.7648    25.1341   13.64262 8.9985e+00 0.0000e+00
        359  74.842841    0.02486     1.4917     89.500      3.100  51536.315    31.5290     2.7603      3.071    7.64697     2.7695    25.1347   13.64105 8.4204e+00 0.0000e+00
        360  74.842844    0.02493     1.4958     89.750      3.264  51536.446    31.5303     2.7650      3.234    7.64602     2.7742    25.1354   13.63946 7.8609e+00 0.0000e+00
        361  74.842847    0.02500     1.5000     90.000      3.428  51536.905    31.5318     2.7696      3.397    7.64504     2.7789    25.1362   13.63784 7.3302e+00 0.0000e+00
