CTD-processing/allCTD/CNV--turbid/2013_11-08_t3_s05_cast164.cnv
* Sea-Bird SBE19plus Data File:
* FileName = C:\Users\kris.holderied\Documents\kasitsna\Research-Projects-and-Data\Oceanography-AK\CTD-CookInlet-GulfWatchAK\2013-10-11-EVOSTC-CookInlet-Ocean\2013-11-08-CookInlet-Tran3-AnchorPt\2013-11-08-CookInlet-Tran3-cast164.hex
* Software Version 1.59
* Temperature SN =  5028
* Conductivity SN =  5028
* System UpLoad Time = Feb 14 2014 16:53:43
** Cook Inlet Transect 3 (Anchor Pt) east to west
** Date: 2013-11-08
** Station: 3-05
** Start time: 14:41
** Depth (m): 23
** Comment:  CTD instrument time is AK Daylight time
** Comment:
# nquan = 16
# nvalues = 393                         
# units = specified
# name 0 = scan: Scan Count
# name 1 = timeJ: Julian Days
# name 2 = timeH: Time, Elapsed [hours]
# name 3 = timeM: Time, Elapsed [minutes]
# name 4 = timeS: Time, Elapsed [seconds]
# name 5 = prdM: Pressure, Strain Gauge [db]
# name 6 = specc: Specific Conductance [uS/cm]
# name 7 = sal00: Salinity, Practical [PSU]
# name 8 = tv290C: Temperature [ITS-90, deg C]
# name 9 = depSM: Depth [salt water, m], lat = 59.00
# name 10 = oxsolML/L: Oxygen Saturation, Garcia & Gordon [ml/l]
# name 11 = potemp090C: Potential Temperature [ITS-90, deg C]
# name 12 = sigma-é00: Density [sigma-theta, kg/m^3]
# name 13 = n2satML/L: Nitrogen Saturation [ml/l]
# name 14 = par: PAR/Irradiance, Biospherical/Licor
# name 15 = flag:  0.000e+00
# span 0 =          1,        393       
# span 1 = 312.652975, 312.654109       
# span 2 =    0.00000,    0.02722       
# span 3 =     0.0000,     1.6333       
# span 4 =      0.000,     98.000       
# span 5 =      0.013,     23.603       
# span 6 =    709.708,  45706.560       
# span 7 =     0.3366,    28.4683       
# span 8 =     5.1356,     7.5242       
# span 9 =      0.013,     23.381       
# span 10 =    6.96761,    8.88417      
# span 11 =     5.1355,     7.5225      
# span 12 =     0.2344,    22.2541      
# span 13 =   12.55948,   16.16252      
# span 14 = 3.8457e-02, 8.0096e+01      
# span 15 = 0.0000e+00, 0.0000e+00      
# interval = seconds: 0.25
# start_time = Nov 08 2013 15:40:17 [Instrument's time stamp, header]
# bad_flag = -9.990e-29
*END*
[from data line 91]
         92 312.653238    0.00632     0.3792     22.750      1.087  45172.804    28.1327     7.4009      1.076    6.99758     7.4212    21.9645   12.61195 2.1385e+01 0.0000e+00
         93 312.653241    0.00639     0.3833     23.000      1.110  45210.504    28.1603     7.4122      1.100    6.99449     7.4266    21.9847   12.60647 2.0009e+01 0.0000e+00
         94 312.653244    0.00646     0.3875     23.250      1.158  45227.050    28.1730     7.4213      1.147    6.99243     7.4267    21.9935   12.60290 1.8153e+01 0.0000e+00
         95 312.653247    0.00653     0.3917     23.500      1.228  45217.058    28.1669     7.4267      1.217    6.99184     7.4194    21.9880   12.60200 1.6025e+01 0.0000e+00
         96 312.653249    0.00660     0.3958     23.750      1.314  45177.139    28.1394     7.4268      1.302    6.99309     7.4015    21.9664   12.60441 1.3981e+01 0.0000e+00
         97 312.653252    0.00667     0.4000     24.000      1.405  45111.608    28.0932     7.4195      1.393    6.99639     7.3686    21.9311   12.61048 1.2320e+01 0.0000e+00
         98 312.653255    0.00674     0.4042     24.250      1.492  45044.883    28.0447     7.4016      1.478    7.00152     7.3187    21.8953   12.61960 1.1228e+01 0.0000e+00
         99 312.653258    0.00681     0.4083     24.500      1.563  45014.372    28.0188     7.3687      1.548    7.00805     7.2583    21.8791   12.63074 1.0758e+01 0.0000e+00
        100 312.653261    0.00688     0.4125     24.750      1.610  45041.181    28.0298     7.3188      1.595    7.01564     7.1999    21.8940   12.64319 1.0885e+01 0.0000e+00
        101 312.653264    0.00694     0.4167     25.000      1.629  45114.236    28.0710     7.2584      1.614    7.02357     7.1531    21.9340   12.65579 1.1561e+01 0.0000e+00
        102 312.653267    0.00701     0.4208     25.250      1.618  45207.366    28.1262     7.2000      1.602    7.03053     7.1220    21.9846   12.66662 1.2726e+01 0.0000e+00
        103 312.653270    0.00708     0.4250     25.500      1.579  45296.001    28.1800     7.1532      1.564    7.03568     7.1084    22.0328   12.67445 1.4300e+01 0.0000e+00
        104 312.653273    0.00715     0.4292     25.750      1.518  45359.403    28.2189     7.1221      1.504    7.03894     7.1125    22.0672   12.67936 1.6132e+01 0.0000e+00
        105 312.653275    0.00722     0.4333     26.000      1.444  45386.243    28.2353     7.1085      1.431    7.04040     7.1308    22.0818   12.68157 1.7956e+01 0.0000e+00
        106 312.653278    0.00729     0.4375     26.250      1.367  45377.543    28.2300     7.1126      1.354    7.03998     7.1562    22.0771   12.68095 1.9494e+01 0.0000e+00
        107 312.653281    0.00736     0.4417     26.500      1.294  45342.808    28.2090     7.1309      1.281    7.03796     7.1816    22.0583   12.67787 2.0561e+01 0.0000e+00
        108 312.653284    0.00743     0.4458     26.750      1.232  45295.239    28.1802     7.1563      1.220    7.03514     7.2031    22.0325   12.67356 2.1162e+01 0.0000e+00
        109 312.653287    0.00750     0.4500     27.000      1.186  45245.640    28.1500     7.1817      1.175    7.03238     7.2186    22.0057   12.66937 2.1368e+01 0.0000e+00
        110 312.653290    0.00757     0.4542     27.250      1.159  45198.150    28.1207     7.2032      1.148    7.03023     7.2265    21.9800   12.66619 2.1142e+01 0.0000e+00
        111 312.653293    0.00764     0.4583     27.500      1.150  45154.004    28.0927     7.2187      1.140    7.02899     7.2259    21.9561   12.66450 2.0520e+01 0.0000e+00
        112 312.653296    0.00771     0.4625     27.750      1.157  45118.712    28.0697     7.2266      1.146    7.02876     7.2167    21.9370   12.66441 1.9676e+01 0.0000e+00
        113 312.653299    0.00778     0.4667     28.000      1.177  45098.811    28.0560     7.2260      1.166    7.02949     7.1994    21.9262   12.66579 1.8744e+01 0.0000e+00
        114 312.653302    0.00785     0.4708     28.250      1.206  45095.522    28.0523     7.2168      1.194    7.03116     7.1764    21.9245   12.66861 1.7827e+01 0.0000e+00
        115 312.653304    0.00792     0.4750     28.500      1.240  45106.530    28.0573     7.1995      1.228    7.03376     7.1514    21.9306   12.67285 1.7023e+01 0.0000e+00
        116 312.653307    0.00799     0.4792     28.750      1.277  45127.179    28.0680     7.1765      1.265    7.03701     7.1267    21.9418   12.67811 1.6371e+01 0.0000e+00
        117 312.653310    0.00806     0.4833     29.000      1.315  45151.985    28.0812     7.1515      1.302    7.04049     7.1038    21.9553   12.68370 1.5832e+01 0.0000e+00
        118 312.653313    0.00813     0.4875     29.250      1.350  45178.129    28.0954     7.1268      1.337    7.04387     7.0844    21.9696   12.68912 1.5368e+01 0.0000e+00
        119 312.653316    0.00819     0.4917     29.500      1.382  45204.279    28.1098     7.1039      1.369    7.04695     7.0702    21.9838   12.69403 1.4987e+01 0.0000e+00
        120 312.653319    0.00826     0.4958     29.750      1.409  45228.525    28.1235     7.0846      1.396    7.04948     7.0611    21.9969   12.69806 1.4680e+01 0.0000e+00
        121 312.653322    0.00833     0.5000     30.000      1.433  45249.307    28.1356     7.0703      1.420    7.05126     7.0560    22.0082   12.70084 1.4419e+01 0.0000e+00
        122 312.653325    0.00840     0.5042     30.250      1.454  45263.947    28.1443     7.0613      1.440    7.05234     7.0529    22.0161   12.70251 1.4200e+01 0.0000e+00
        123 312.653328    0.00847     0.5083     30.500      1.471  45267.559    28.1460     7.0562      1.458    7.05310     7.0499    22.0181   12.70375 1.4038e+01 0.0000e+00
        124 312.653330    0.00854     0.5125     30.750      1.484  45259.616    28.1400     7.0530      1.471    7.05388     7.0457    22.0138   12.70512 1.3960e+01 0.0000e+00
        125 312.653333    0.00861     0.5167     31.000      1.491  45247.873    28.1315     7.0501      1.477    7.05476     7.0393    22.0075   12.70669 1.4019e+01 0.0000e+00
        126 312.653336    0.00868     0.5208     31.250      1.490  45240.846    28.1261     7.0459      1.476    7.05570     7.0307    22.0038   12.70832 1.4285e+01 0.0000e+00
        127 312.653339    0.00875     0.5250     31.500      1.480  45241.955    28.1259     7.0395      1.467    7.05676     7.0219    22.0044   12.71009 1.4803e+01 0.0000e+00
        128 312.653342    0.00882     0.5292     31.750      1.462  45250.499    28.1304     7.0309      1.448    7.05796     7.0148    22.0090   12.71202 1.5553e+01 0.0000e+00
        129 312.653345    0.00889     0.5333     32.000      1.435  45262.293    28.1372     7.0221      1.422    7.05910     7.0094    22.0154   12.71380 1.6469e+01 0.0000e+00
        130 312.653348    0.00896     0.5375     32.250      1.401  45272.348    28.1430     7.0149      1.388    7.06000     7.0054    22.0208   12.71522 1.7469e+01 0.0000e+00
        131 312.653351    0.00903     0.5417     32.500      1.361  45278.726    28.1466     7.0096      1.348    7.06071     7.0025    22.0243   12.71635 1.8492e+01 0.0000e+00
        132 312.653354    0.00910     0.5458     32.750      1.319  45282.741    28.1487     7.0055      1.306    7.06128     7.0011    22.0265   12.71726 1.9450e+01 0.0000e+00
        133 312.653356    0.00917     0.5500     33.000      1.276  45286.620    28.1509     7.0026      1.264    7.06165     7.0015    22.0286   12.71785 2.0223e+01 0.0000e+00
        134 312.653359    0.00924     0.5542     33.250      1.237  45291.322    28.1540     7.0012      1.226    7.06175     7.0040    22.0311   12.71798 2.0771e+01 0.0000e+00
        135 312.653362    0.00931     0.5583     33.500      1.206  45295.470    28.1569     7.0016      1.194    7.06155     7.0083    22.0334   12.71761 2.1071e+01 0.0000e+00
        136 312.653365    0.00937     0.5625     33.750      1.183  45295.518    28.1573     7.0041      1.172    7.06111     7.0133    22.0334   12.71688 2.0976e+01 0.0000e+00
        137 312.653368    0.00944     0.5667     34.000      1.173  45288.269    28.1530     7.0084      1.161    7.06060     7.0176    22.0295   12.71608 2.0363e+01 0.0000e+00
        138 312.653371    0.00951     0.5708     34.250      1.174  45273.763    28.1439     7.0134      1.163    7.06021     7.0204    22.0217   12.71556 1.9381e+01 0.0000e+00
        139 312.653374    0.00958     0.5750     34.500      1.188  45255.460    28.1320     7.0177      1.177    7.06006     7.0218    22.0118   12.71546 1.8297e+01 0.0000e+00
        140 312.653377    0.00965     0.5792     34.750      1.214  45237.732    28.1202     7.0205      1.203    7.06014     7.0221    22.0022   12.71574 1.7240e+01 0.0000e+00
        141 312.653380    0.00972     0.5833     35.000      1.248  45222.548    28.1100     7.0219      1.237    7.06039     7.0217    21.9940   12.71628 1.6218e+01 0.0000e+00
        142 312.653383    0.00979     0.5875     35.250      1.289  45209.825    28.1013     7.0222      1.277    7.06073     7.0208    21.9871   12.71697 1.5250e+01 0.0000e+00
        143 312.653385    0.00986     0.5917     35.500      1.334  45200.506    28.0949     7.0218      1.322    7.06109     7.0191    21.9821   12.71765 1.4392e+01 0.0000e+00
        144 312.653388    0.00993     0.5958     35.750      1.381  45196.135    28.0917     7.0209      1.369    7.06140     7.0166    21.9797   12.71820 1.3670e+01 0.0000e+00
        145 312.653391    0.01000     0.6000     36.000      1.429  45196.338    28.0915     7.0192      1.416    7.06168     7.0127    21.9798   12.71866 1.3080e+01 0.0000e+00
        146 312.653394    0.01007     0.6042     36.250      1.474  45198.082    28.0923     7.0167      1.460    7.06206     7.0065    21.9808   12.71928 1.2640e+01 0.0000e+00
        147 312.653397    0.01014     0.6083     36.500      1.512  45198.434    28.0920     7.0128      1.498    7.06271     6.9964    21.9810   12.72036 1.2416e+01 0.0000e+00
        148 312.653400    0.01021     0.6125     36.750      1.540  45199.870    28.0920     7.0066      1.525    7.06372     6.9804    21.9817   12.72205 1.2508e+01 0.0000e+00
        149 312.653403    0.01028     0.6167     37.000      1.553  45209.471    28.0970     6.9965      1.539    7.06517     6.9581    21.9869   12.72437 1.2978e+01 0.0000e+00
        150 312.653406    0.01035     0.6208     37.250      1.550  45232.647    28.1105     6.9805      1.536    7.06718     6.9329    21.9994   12.72753 1.3826e+01 0.0000e+00
        151 312.653409    0.01042     0.6250     37.500      1.530  45270.079    28.1327     6.9582      1.516    7.06981     6.9105    22.0196   12.73160 1.5006e+01 0.0000e+00
        152 312.653411    0.01049     0.6292     37.750      1.495  45317.280    28.1612     6.9330      1.481    7.07264     6.8958    22.0451   12.73593 1.6436e+01 0.0000e+00
        153 312.653414    0.01056     0.6333     38.000      1.447  45366.321    28.1913     6.9106      1.434    7.07492     6.8910    22.0715   12.73932 1.8026e+01 0.0000e+00
        154 312.653417    0.01063     0.6375     38.250      1.393  45407.427    28.2172     6.8959      1.380    7.07615     6.8966    22.0937   12.74102 1.9668e+01 0.0000e+00
        155 312.653420    0.01069     0.6417     38.500      1.337  45429.457    28.2316     6.8911      1.324    7.07626     6.9092    22.1056   12.74103 2.1144e+01 0.0000e+00
        156 312.653423    0.01076     0.6458     38.750      1.284  45425.239    28.2296     6.8967      1.272    7.07544     6.9227    22.1033   12.73968 2.2242e+01 0.0000e+00
        157 312.653426    0.01083     0.6500     39.000      1.236  45401.156    28.2151     6.9093      1.225    7.07403     6.9331    22.0904   12.73754 2.2893e+01 0.0000e+00
        158 312.653429    0.01090     0.6542     39.250      1.196  45374.414    28.1989     6.9228      1.185    7.07257     6.9406    22.0760   12.73532 2.3077e+01 0.0000e+00
        159 312.653432    0.01097     0.6583     39.500      1.167  45357.511    28.1889     6.9332      1.156    7.07131     6.9471    22.0669   12.73336 2.2867e+01 0.0000e+00
        160 312.653435    0.01104     0.6625     39.750      1.149  45352.576    28.1867     6.9407      1.138    7.07019     6.9554    22.0642   12.73153 2.2417e+01 0.0000e+00
        161 312.653438    0.01111     0.6667     40.000      1.146  45354.558    28.1891     6.9472      1.135    7.06900     6.9679    22.0653   12.72954 2.1738e+01 0.0000e+00
        162 312.653440    0.01118     0.6708     40.250      1.158  45354.868    28.1906     6.9555      1.148    7.06756     6.9862    22.0655   12.72714 2.0729e+01 0.0000e+00
        163 312.653443    0.01125     0.6750     40.500      1.187  45346.462    28.1867     6.9680      1.176    7.06569     7.0107    22.0609   12.72409 1.9395e+01 0.0000e+00
        164 312.653446    0.01132     0.6792     40.750      1.230  45326.194    28.1756     6.9864      1.219    7.06319     7.0388    22.0499   12.72009 1.7894e+01 0.0000e+00
        165 312.653449    0.01139     0.6833     41.000      1.286  45293.684    28.1570     7.0109      1.274    7.06002     7.0640    22.0323   12.71508 1.6425e+01 0.0000e+00
        166 312.653452    0.01146     0.6875     41.250      1.350  45250.592    28.1317     7.0389      1.337    7.05659     7.0784    22.0090   12.70973 1.5123e+01 0.0000e+00
        167 312.653455    0.01153     0.6917     41.500      1.416  45203.493    28.1033     7.0641      1.403    7.05377     7.0754    21.9835   12.70542 1.4094e+01 0.0000e+00
        168 312.653458    0.01160     0.6958     41.750      1.478  45166.402    28.0800     7.0785      1.465    7.05249     7.0525    21.9634   12.70360 1.3451e+01 0.0000e+00
        169 312.653461    0.01167     0.7000     42.000      1.529  45155.123    28.0718     7.0755      1.514    7.05337     7.0148    21.9573   12.70516 1.3251e+01 0.0000e+00
        170 312.653464    0.01174     0.7042     42.250      1.561  45177.860    28.0838     7.0526      1.546    7.05658     6.9737    21.9696   12.71031 1.3484e+01 0.0000e+00
        171 312.653466    0.01181     0.7083     42.500      1.571  45230.001    28.1138     7.0149      1.556    7.06139     6.9396    21.9978   12.71789 1.4150e+01 0.0000e+00
        172 312.653469    0.01188     0.7125     42.750      1.557  45297.431    28.1537     6.9738      1.542    7.06628     6.9178    22.0343   12.72548 1.5259e+01 0.0000e+00
        173 312.653472    0.01194     0.7167     43.000      1.521  45364.562    28.1945     6.9397      1.507    7.07000     6.9108    22.0705   12.73111 1.6746e+01 0.0000e+00
        174 312.653475    0.01201     0.7208     43.250      1.467  45417.976    28.2278     6.9180      1.454    7.07204     6.9204    22.0993   12.73407 1.8429e+01 0.0000e+00
        175 312.653478    0.01208     0.7250     43.500      1.403  45448.312    28.2475     6.9109      1.390    7.07228     6.9470    22.1157   12.73422 2.0038e+01 0.0000e+00
        176 312.653481    0.01215     0.7292     43.750      1.335  45450.736    28.2507     6.9205      1.322    7.07056     6.9861    22.1170   12.73133 2.1325e+01 0.0000e+00
        177 312.653484    0.01222     0.7333     44.000      1.271  45426.123    28.2380     6.9471      1.259    7.06677     7.0298    22.1037   12.72522 2.2174e+01 0.0000e+00
        178 312.653487    0.01229     0.7375     44.250      1.218  45383.642    28.2149     6.9862      1.206    7.06142     7.0721    22.0808   12.71665 2.2640e+01 0.0000e+00
        179 312.653490    0.01236     0.7417     44.500      1.181  45334.724    28.1880     7.0299      1.170    7.05549     7.1100    22.0543   12.70717 2.2710e+01 0.0000e+00
        180 312.653492    0.01243     0.7458     44.750      1.163  45283.989    28.1597     7.0722      1.153    7.04984     7.1410    22.0269   12.69819 2.2211e+01 0.0000e+00
