CTD-processing/allCTD/CNV--turbid/2013_12-03_t9_s10_cast121.cnv
* Sea-Bird SBE19plus Data File:
* FileName = C:\Users\kris.holderied\Documents\kasitsna\Research-Projects-and-Data\Oceanography-AK\CTD-CookInlet-GulfWatchAK\2013-12-03-CookInlet-HomerSpit-monthly\2014_12_03_CookInlet_Tran9_cast121.hex
* Software Version 1.59
* Temperature SN =  4141
* Conductivity SN =  4141
* System UpLoad Time = Apr 14 2014 18:49:16
** Cook Inlet LTM Transect 9 (Homer Spit) Monthly
** Date: 2013-12-03
** Station: 9-10
** Start time: 13:16
** Depth (m): 63.7
** Comment:
** Comment:
# nquan = 16
# nvalues = 518                         
# units = specified
# name 0 = scan: Scan Count
# name 1 = timeJ: Julian Days
# name 2 = timeH: Time, Elapsed [hours]
# name 3 = timeM: Time, Elapsed [minutes]
# name 4 = timeS: Time, Elapsed [seconds]
# name 5 = prdM: Pressure, Strain Gauge [db]
# name 6 = specc: Specific Conductance [uS/cm]
# name 7 = sal00: Salinity, Practical [PSU]
# name 8 = tv290C: Temperature [ITS-90, deg C]
# name 9 = depSM: Depth [salt water, m], lat = 59.00
# name 10 = oxsolML/L: Oxygen Saturation, Garcia & Gordon [ml/l]
# name 11 = potemp090C: Potential Temperature [ITS-90, deg C]
# name 12 = sigma-é00: Density [sigma-theta, kg/m^3]
# name 13 = n2satML/L: Nitrogen Saturation [ml/l]
# name 14 = par: PAR/Irradiance, Biospherical/Licor
# name 15 = flag:  0.000e+00
# span 0 =          1,        518       
# span 1 = 337.594456, 337.595952       
# span 2 =    0.00000,    0.03590       
# span 3 =     0.0000,     2.1542       
# span 4 =      0.000,    129.250       
# span 5 =      0.196,     56.853       
# span 6 =     -0.746,  49897.364       
# span 7 =     0.0000,    31.1848       
# span 8 =     4.2850,     6.4228       
# span 9 =      0.194,     56.313       
# span 10 =    7.01684,    9.10374      
# span 11 =     4.2850,     6.4182      
# span 12 =    -0.0259,    24.5034      
# span 13 =   12.60528,   16.53669      
# span 14 = 3.6382e-02, 8.0869e+00      
# span 15 = 0.0000e+00, 0.0000e+00      
# interval = seconds: 0.25
# start_time = Dec 03 2013 14:16:01 [Instrument's time stamp, header]
# bad_flag = -9.990e-29
*END*
[from data line 181]
        182 337.594980    0.01257     0.7542     45.250      1.332  49481.013    30.7830     5.5820      1.320    7.17540     5.5673    24.2701   12.87225 4.3395e+00 0.0000e+00
        183 337.594983    0.01264     0.7583     45.500      1.311  49520.983    30.8090     5.5742      1.299    7.17547     5.5671    24.2915   12.87203 4.2942e+00 0.0000e+00
        184 337.594986    0.01271     0.7625     45.750      1.306  49571.010    30.8420     5.5674      1.294    7.17505     5.5753    24.3184   12.87091 4.2506e+00 0.0000e+00
        185 337.594988    0.01278     0.7667     46.000      1.319  49606.348    30.8663     5.5672      1.306    7.17392     5.5900    24.3376   12.86874 4.2220e+00 0.0000e+00
        186 337.594991    0.01285     0.7708     46.250      1.341  49614.683    30.8736     5.5754      1.328    7.17218     5.6061    24.3425   12.86577 4.2053e+00 0.0000e+00
        187 337.594994    0.01292     0.7750     46.500      1.364  49593.355    30.8619     5.5901      1.351    7.17025     5.6192    24.3315   12.86273 4.2088e+00 0.0000e+00
        188 337.594997    0.01299     0.7792     46.750      1.380  49547.218    30.8333     5.6062      1.367    7.16887     5.6275    24.3071   12.86082 4.2415e+00 0.0000e+00
        189 337.595000    0.01306     0.7833     47.000      1.384  49490.347    30.7968     5.6193      1.371    7.16838     5.6300    24.2768   12.86047 4.2906e+00 0.0000e+00
        190 337.595003    0.01313     0.7875     47.250      1.376  49440.035    30.7638     5.6276      1.363    7.16854     5.6265    24.2498   12.86116 4.3016e+00 0.0000e+00
        191 337.595006    0.01319     0.7917     47.500      1.361  49408.089    30.7423     5.6301      1.348    7.16914     5.6189    24.2326   12.86243 4.2473e+00 0.0000e+00
        192 337.595009    0.01326     0.7958     47.750      1.345  49400.406    30.7364     5.6266      1.332    7.17002     5.6102    24.2283   12.86397 4.1795e+00 0.0000e+00
        193 337.595012    0.01333     0.8000     48.000      1.332  49415.867    30.7455     5.6190      1.319    7.17088     5.6028    24.2363   12.86526 4.1472e+00 0.0000e+00
        194 337.595014    0.01340     0.8042     48.250      1.325  49445.956    30.7645     5.6103      1.312    7.17144     5.5975    24.2523   12.86596 4.1505e+00 0.0000e+00
        195 337.595017    0.01347     0.8083     48.500      1.325  49478.934    30.7857     5.6029      1.313    7.17170     5.5943    24.2699   12.86611 4.1687e+00 0.0000e+00
        196 337.595020    0.01354     0.8125     48.750      1.331  49505.233    30.8027     5.5976      1.319    7.17179     5.5931    24.2840   12.86604 4.1946e+00 0.0000e+00
        197 337.595023    0.01361     0.8167     49.000      1.341  49520.888    30.8129     5.5944      1.328    7.17185     5.5939    24.2924   12.86600 4.2125e+00 0.0000e+00
        198 337.595026    0.01368     0.8208     49.250      1.351  49526.281    30.8163     5.5932      1.338    7.17188     5.5962    24.2952   12.86600 4.2030e+00 0.0000e+00
        199 337.595029    0.01375     0.8250     49.500      1.360  49522.783    30.8141     5.5940      1.347    7.17185     5.5991    24.2934   12.86599 4.1843e+00 0.0000e+00
        200 337.595032    0.01382     0.8292     49.750      1.367  49509.992    30.8058     5.5963      1.354    7.17185     5.6000    24.2865   12.86610 4.1654e+00 0.0000e+00
        201 337.595035    0.01389     0.8333     50.000      1.370  49486.761    30.7903     5.5992      1.357    7.17211     5.5962    24.2740   12.86672 4.1553e+00 0.0000e+00
        202 337.595038    0.01396     0.8375     50.250      1.365  49456.256    30.7695     5.6001      1.352    7.17294     5.5852    24.2575   12.86837 4.1710e+00 0.0000e+00
        203 337.595041    0.01403     0.8417     50.500      1.351  49429.557    30.7504     5.5962      1.338    7.17451     5.5666    24.2428   12.87121 4.1855e+00 0.0000e+00
        204 337.595043    0.01410     0.8458     50.750      1.329  49422.636    30.7435     5.5852      1.317    7.17672     5.5447    24.2386   12.87494 4.1697e+00 0.0000e+00
        205 337.595046    0.01417     0.8500     51.000      1.309  49446.979    30.7566     5.5667      1.296    7.17926     5.5272    24.2510   12.87896 4.1425e+00 0.0000e+00
        206 337.595049    0.01424     0.8542     51.250      1.299  49499.965    30.7887     5.5448      1.287    7.18146     5.5206    24.2788   12.88220 4.1489e+00 0.0000e+00
        207 337.595052    0.01431     0.8583     51.500      1.308  49562.447    30.8281     5.5272      1.296    7.18256     5.5275    24.3120   12.88351 4.1913e+00 0.0000e+00
        208 337.595055    0.01438     0.8625     51.750      1.334  49609.269    30.8590     5.5207      1.321    7.18220     5.5453    24.3371   12.88251 4.2229e+00 0.0000e+00
        209 337.595058    0.01444     0.8667     52.000      1.365  49620.560    30.8681     5.5276      1.352    7.18058     5.5664    24.3435   12.87971 4.2119e+00 0.0000e+00
        210 337.595061    0.01451     0.8708     52.250      1.389  49586.326    30.8481     5.5454      1.376    7.17851     5.5830    24.3257   12.87655 4.1767e+00 0.0000e+00
        211 337.595064    0.01458     0.8750     52.500      1.395  49519.285    30.8062     5.5665      1.382    7.17691     5.5898    24.2902   12.87445 4.1652e+00 0.0000e+00
        212 337.595067    0.01465     0.8792     52.750      1.384  49452.613    30.7637     5.5831      1.370    7.17612     5.5858    24.2547   12.87370 4.1897e+00 0.0000e+00
        213 337.595069    0.01472     0.8833     53.000      1.360  49413.826    30.7384     5.5899      1.347    7.17618     5.5760    24.2340   12.87412 4.2195e+00 0.0000e+00
        214 337.595072    0.01479     0.8875     53.250      1.334  49411.625    30.7361     5.5859      1.322    7.17696     5.5674    24.2326   12.87543 4.2307e+00 0.0000e+00
        215 337.595075    0.01486     0.8917     53.500      1.313  49439.517    30.7534     5.5761      1.301    7.17781     5.5645    24.2473   12.87661 4.2076e+00 0.0000e+00
        216 337.595078    0.01493     0.8958     53.750      1.304  49483.780    30.7821     5.5675      1.292    7.17789     5.5684    24.2710   12.87638 4.1534e+00 0.0000e+00
        217 337.595081    0.01500     0.9000     54.000      1.312  49529.754    30.8131     5.5646      1.300    7.17690     5.5786    24.2959   12.87434 4.1133e+00 0.0000e+00
        218 337.595084    0.01507     0.9042     54.250      1.336  49563.454    30.8371     5.5685      1.323    7.17509     5.5931    24.3144   12.87106 4.1195e+00 0.0000e+00
        219 337.595087    0.01514     0.9083     54.500      1.367  49572.827    30.8455     5.5787      1.354    7.17296     5.6077    24.3199   12.86742 4.1582e+00 0.0000e+00
        220 337.595090    0.01521     0.9125     54.750      1.393  49549.860    30.8326     5.5932      1.380    7.17111     5.6174    24.3080   12.86452 4.2058e+00 0.0000e+00
        221 337.595093    0.01528     0.9167     55.000      1.405  49498.282    30.8000     5.6078      1.391    7.17018     5.6184    24.2806   12.86341 4.2374e+00 0.0000e+00
        222 337.595095    0.01535     0.9208     55.250      1.396  49440.194    30.7619     5.6175      1.383    7.17035     5.6098    24.2494   12.86418 4.2409e+00 0.0000e+00
        223 337.595098    0.01542     0.9250     55.500      1.371  49404.579    30.7377     5.6185      1.359    7.17133     5.5961    24.2301   12.86612 4.2280e+00 0.0000e+00
        224 337.595101    0.01549     0.9292     55.750      1.342  49407.903    30.7383     5.6099      1.329    7.17277     5.5847    24.2316   12.86849 4.2028e+00 0.0000e+00
        225 337.595104    0.01556     0.9333     56.000      1.318  49445.002    30.7611     5.5962      1.306    7.17400     5.5799    24.2512   12.87023 4.1597e+00 0.0000e+00
        226 337.595107    0.01563     0.9375     56.250      1.310  49495.105    30.7933     5.5848      1.298    7.17441     5.5827    24.2779   12.87048 4.1053e+00 0.0000e+00
        227 337.595110    0.01569     0.9417     56.500      1.318  49535.904    30.8204     5.5800      1.306    7.17394     5.5918    24.2999   12.86935 4.0708e+00 0.0000e+00
        228 337.595113    0.01576     0.9458     56.750      1.339  49553.877    30.8333     5.5828      1.326    7.17285     5.6034    24.3098   12.86739 4.0870e+00 0.0000e+00
        229 337.595116    0.01583     0.9500     57.000      1.363  49546.210    30.8298     5.5919      1.351    7.17147     5.6129    24.3060   12.86515 4.1351e+00 0.0000e+00
        230 337.595119    0.01590     0.9542     57.250      1.385  49516.534    30.8117     5.6035      1.372    7.17035     5.6174    24.2903   12.86355 4.1717e+00 0.0000e+00
        231 337.595122    0.01597     0.9583     57.500      1.397  49473.117    30.7837     5.6131      1.384    7.17006     5.6152    24.2671   12.86342 4.1763e+00 0.0000e+00
        232 337.595124    0.01604     0.9625     57.750      1.398  49428.493    30.7539     5.6175      1.385    7.17073     5.6045    24.2431   12.86490 4.1619e+00 0.0000e+00
        233 337.595127    0.01611     0.9667     58.000      1.387  49395.515    30.7308     5.6153      1.374    7.17222     5.5853    24.2250   12.86767 4.1633e+00 0.0000e+00
        234 337.595130    0.01618     0.9708     58.250      1.369  49384.515    30.7211     5.6046      1.356    7.17449     5.5611    24.2186   12.87155 4.1697e+00 0.0000e+00
        235 337.595133    0.01625     0.9750     58.500      1.349  49399.776    30.7278     5.5854      1.336    7.17744     5.5379    24.2261   12.87634 4.1477e+00 0.0000e+00
        236 337.595136    0.01632     0.9792     58.750      1.333  49436.456    30.7483     5.5612      1.320    7.18058     5.5200    24.2450   12.88127 4.1155e+00 0.0000e+00
        237 337.595139    0.01639     0.9833     59.000      1.326  49484.645    30.7768     5.5380      1.313    7.18318     5.5090    24.2701   12.88519 4.1067e+00 0.0000e+00
        238 337.595142    0.01646     0.9875     59.250      1.330  49533.596    30.8069     5.5201      1.318    7.18479     5.5044    24.2959   12.88746 4.1253e+00 0.0000e+00
        239 337.595145    0.01653     0.9917     59.500      1.346  49572.443    30.8315     5.5091      1.333    7.18550     5.5055    24.3165   12.88833 4.1447e+00 0.0000e+00
        240 337.595148    0.01660     0.9958     59.750      1.366  49592.288    30.8442     5.5045      1.353    7.18566     5.5098    24.3271   12.88843 4.1378e+00 0.0000e+00
        241 337.595150    0.01667     1.0000     60.000      1.384  49588.987    30.8421     5.5056      1.371    7.18558     5.5140    24.3254   12.88833 4.1184e+00 0.0000e+00
        242 337.595153    0.01674     1.0042     60.250      1.392  49566.577    30.8276     5.5099      1.380    7.18554     5.5146    24.3134   12.88845 4.1220e+00 0.0000e+00
        243 337.595156    0.01681     1.0083     60.500      1.389  49536.728    30.8079     5.5141      1.376    7.18578     5.5090    24.2974   12.88909 4.1367e+00 0.0000e+00
        244 337.595159    0.01688     1.0125     60.750      1.374  49512.587    30.7914     5.5147      1.361    7.18646     5.4969    24.2843   12.89042 4.1244e+00 0.0000e+00
        245 337.595162    0.01694     1.0167     61.000      1.353  49504.737    30.7849     5.5091      1.341    7.18774     5.4823    24.2798   12.89261 4.0913e+00 0.0000e+00
        246 337.595165    0.01701     1.0208     61.250      1.332  49517.320    30.7911     5.4970      1.320    7.18950     5.4705    24.2861   12.89544 4.0620e+00 0.0000e+00
        247 337.595168    0.01708     1.0250     61.500      1.318  49545.451    30.8076     5.4824      1.306    7.19120     5.4647    24.3007   12.89804 4.0423e+00 0.0000e+00
        248 337.595171    0.01715     1.0292     61.750      1.315  49578.475    30.8279     5.4706      1.303    7.19224     5.4654    24.3181   12.89950 4.0464e+00 0.0000e+00
        249 337.595174    0.01722     1.0333     62.000      1.325  49605.277    30.8452     5.4648      1.313    7.19242     5.4728    24.3324   12.89958 4.0704e+00 0.0000e+00
        250 337.595177    0.01729     1.0375     62.250      1.343  49617.795    30.8539     5.4655      1.330    7.19187     5.4852    24.3392   12.89855 4.0810e+00 0.0000e+00
        251 337.595179    0.01736     1.0417     62.500      1.362  49611.824    30.8513     5.4729      1.349    7.19074     5.4988    24.3363   12.89672 4.0774e+00 0.0000e+00
        252 337.595182    0.01743     1.0458     62.750      1.376  49588.283    30.8376     5.4853      1.363    7.18927     5.5099    24.3241   12.89448 4.0780e+00 0.0000e+00
        253 337.595185    0.01750     1.0500     63.000      1.382  49554.927    30.8173     5.4989      1.369    7.18792     5.5170    24.3066   12.89250 4.0836e+00 0.0000e+00
        254 337.595188    0.01757     1.0542     63.250      1.380  49522.538    30.7973     5.5100      1.367    7.18699     5.5200    24.2895   12.89122 4.0786e+00 0.0000e+00
        255 337.595191    0.01764     1.0583     63.500      1.375  49498.894    30.7825     5.5171      1.362    7.18648     5.5197    24.2770   12.89058 4.0668e+00 0.0000e+00
        256 337.595194    0.01771     1.0625     63.750      1.370  49487.925    30.7755     5.5201      1.357    7.18630     5.5174    24.2712   12.89036 4.0698e+00 0.0000e+00
        257 337.595197    0.01778     1.0667     64.000      1.369  49489.310    30.7764     5.5198      1.356    7.18630     5.5146    24.2719   12.89035 4.0781e+00 0.0000e+00
        258 337.595200    0.01785     1.0708     64.250      1.372  49497.625    30.7817     5.5175      1.359    7.18643     5.5123    24.2763   12.89051 4.0824e+00 0.0000e+00
        259 337.595203    0.01792     1.0750     64.500      1.379  49505.139    30.7863     5.5147      1.366    7.18670     5.5109    24.2803   12.89088 4.0886e+00 0.0000e+00
        260 337.595205    0.01799     1.0792     64.750      1.384  49505.716    30.7863     5.5124      1.371    7.18710     5.5104    24.2805   12.89154 4.0923e+00 0.0000e+00
        261 337.595208    0.01806     1.0833     65.000      1.386  49498.759    30.7812     5.5110      1.373    7.18757     5.5102    24.2766   12.89238 4.0977e+00 0.0000e+00
        262 337.595211    0.01812     1.0875     65.250      1.383  49488.733    30.7742     5.5105      1.371    7.18800     5.5101    24.2712   12.89319 4.0993e+00 0.0000e+00
        263 337.595214    0.01819     1.0917     65.500      1.380  49480.467    30.7685     5.5103      1.367    7.18830     5.5098    24.2667   12.89375 4.0634e+00 0.0000e+00
        264 337.595217    0.01826     1.0958     65.750      1.378  49477.671    30.7665     5.5102      1.365    7.18842     5.5103    24.2651   12.89398 3.9906e+00 0.0000e+00
        265 337.595220    0.01833     1.1000     66.000      1.381  49481.425    30.7691     5.5099      1.368    7.18834     5.5121    24.2672   12.89381 3.9411e+00 0.0000e+00
        266 337.595223    0.01840     1.1042     66.250      1.389  49487.806    30.7735     5.5104      1.376    7.18805     5.5149    24.2707   12.89328 3.9510e+00 0.0000e+00
        267 337.595226    0.01847     1.1083     66.500      1.399  49489.096    30.7748     5.5122      1.386    7.18769     5.5175    24.2714   12.89266 3.9962e+00 0.0000e+00
        268 337.595229    0.01854     1.1125     66.750      1.406  49478.143    30.7678     5.5150      1.393    7.18754     5.5182    24.2656   12.89251 4.0499e+00 0.0000e+00
        269 337.595231    0.01861     1.1167     67.000      1.405  49454.816    30.7523     5.5176      1.392    7.18783     5.5156    24.2531   12.89319 4.0954e+00 0.0000e+00
        270 337.595234    0.01868     1.1208     67.250      1.397  49426.331    30.7329     5.5183      1.384    7.18865     5.5099    24.2376   12.89479 4.1097e+00 0.0000e+00
        271 337.595237    0.01875     1.1250     67.500      1.387  49400.580    30.7147     5.5157      1.374    7.18996     5.5038    24.2235   12.89719 4.1018e+00 0.0000e+00
