CTD-processing/allCTD/CNV--turbid/2013_11-08_t3_s03_cast166.cnv
* Sea-Bird SBE19plus Data File:
* FileName = C:\Users\kris.holderied\Documents\kasitsna\Research-Projects-and-Data\Oceanography-AK\CTD-CookInlet-GulfWatchAK\2013-10-11-EVOSTC-CookInlet-Ocean\2013-11-08-CookInlet-Tran3-AnchorPt\2013-11-08-CookInlet-Tran3-cast166.hex
* Software Version 1.59
* Temperature SN =  5028
* Conductivity SN =  5028
* System UpLoad Time = Feb 14 2014 16:54:45
** Cook Inlet Transect 3 (Anchor Pt) east to west
** Date: 2013-11-08
** Station: 3-03
** Start time: 15:15
** Depth (m): 32
** Comment:  CTD instrument time is AK Daylight time - 1 hr off
** Comment:
# nquan = 16
# nvalues = 364                         
# units = specified
# name 0 = scan: Scan Count
# name 1 = timeJ: Julian Days
# name 2 = timeH: Time, Elapsed [hours]
# name 3 = timeM: Time, Elapsed [minutes]
# name 4 = timeS: Time, Elapsed [seconds]
# name 5 = prdM: Pressure, Strain Gauge [db]
# name 6 = specc: Specific Conductance [uS/cm]
# name 7 = sal00: Salinity, Practical [PSU]
# name 8 = tv290C: Temperature [ITS-90, deg C]
# name 9 = depSM: Depth [salt water, m], lat = 59.00
# name 10 = oxsolML/L: Oxygen Saturation, Garcia & Gordon [ml/l]
# name 11 = potemp090C: Potential Temperature [ITS-90, deg C]
# name 12 = sigma-é00: Density [sigma-theta, kg/m^3]
# name 13 = n2satML/L: Nitrogen Saturation [ml/l]
# name 14 = par: PAR/Irradiance, Biospherical/Licor
# name 15 = flag:  0.000e+00
# span 0 =          1,        364       
# span 1 = 312.676667, 312.677717       
# span 2 =    0.00000,    0.02521       
# span 3 =     0.0000,     1.5125       
# span 4 =      0.000,     90.750       
# span 5 =      0.012,     31.290       
# span 6 =   1661.375,  45602.728       
# span 7 =     0.8129,    28.4234       
# span 8 =     5.2589,     7.5709       
# span 9 =      0.011,     30.995       
# span 10 =    6.95781,    8.82870      
# span 11 =     5.2590,     7.5682      
# span 12 =     0.6129,    22.1965      
# span 13 =   12.54261,   16.06159      
# span 14 = 3.8877e-02, 2.8178e+02      
# span 15 = 0.0000e+00, 0.0000e+00      
# interval = seconds: 0.25
# start_time = Nov 08 2013 16:14:24 [Instrument's time stamp, header]
# bad_flag = -9.990e-29
*END*
[from data line 272]
        273 312.677454    0.01889     1.1333     68.000     10.425  45533.491    28.3994     7.5548     10.328    6.96061     7.5548    22.1542   12.54730 6.3781e-02 0.0000e+00
        274 312.677457    0.01896     1.1375     68.250     10.597  45536.560    28.4015     7.5553     10.498    6.96044     7.5554    22.1558   12.54698 5.9922e-02 0.0000e+00
        275 312.677459    0.01903     1.1417     68.500     10.754  45540.056    28.4039     7.5558     10.653    6.96025     7.5560    22.1576   12.54664 5.7307e-02 0.0000e+00
        276 312.677462    0.01910     1.1458     68.750     10.904  45542.642    28.4057     7.5563     10.802    6.96007     7.5565    22.1589   12.54633 5.5391e-02 0.0000e+00
        277 312.677465    0.01917     1.1500     69.000     11.054  45544.180    28.4068     7.5569     10.951    6.95993     7.5570    22.1597   12.54608 5.3794e-02 0.0000e+00
        278 312.677468    0.01924     1.1542     69.250     11.214  45545.090    28.4075     7.5575     11.109    6.95981     7.5573    22.1601   12.54587 5.2348e-02 0.0000e+00
        279 312.677471    0.01931     1.1583     69.500     11.392  45545.687    28.4079     7.5580     11.285    6.95971     7.5576    22.1604   12.54571 5.0992e-02 0.0000e+00
        280 312.677474    0.01938     1.1625     69.750     11.593  45546.131    28.4082     7.5584     11.485    6.95964     7.5579    22.1606   12.54558 4.9671e-02 0.0000e+00
        281 312.677477    0.01944     1.1667     70.000     11.823  45546.554    28.4084     7.5587     11.712    6.95957     7.5581    22.1607   12.54548 4.8368e-02 0.0000e+00
        282 312.677480    0.01951     1.1708     70.250     12.080  45547.003    28.4087     7.5590     11.967    6.95952     7.5584    22.1609   12.54539 4.7111e-02 0.0000e+00
        283 312.677483    0.01958     1.1750     70.500     12.361  45547.526    28.4089     7.5592     12.246    6.95947     7.5588    22.1611   12.54529 4.5906e-02 0.0000e+00
        284 312.677486    0.01965     1.1792     70.750     12.660  45548.202    28.4093     7.5595     12.542    6.95940     7.5594    22.1614   12.54518 4.4737e-02 0.0000e+00
        285 312.677488    0.01972     1.1833     71.000     12.971  45548.934    28.4097     7.5599     12.850    6.95931     7.5601    22.1617   12.54502 4.3634e-02 0.0000e+00
        286 312.677491    0.01979     1.1875     71.250     13.285  45549.516    28.4101     7.5605     13.161    6.95920     7.5610    22.1619   12.54483 4.2633e-02 0.0000e+00
        287 312.677494    0.01986     1.1917     71.500     13.592  45549.739    28.4102     7.5613     13.464    6.95907     7.5618    22.1619   12.54462 4.1807e-02 0.0000e+00
        288 312.677497    0.01993     1.1958     71.750     13.884  45549.599    28.4101     7.5622     13.753    6.95894     7.5625    22.1617   12.54440 4.1176e-02 0.0000e+00
        289 312.677500    0.02000     1.2000     72.000     14.156  45549.156    28.4098     7.5630     14.023    6.95882     7.5629    22.1613   12.54420 4.0645e-02 0.0000e+00
        290 312.677503    0.02007     1.2042     72.250     14.407  45548.370    28.4093     7.5637     14.272    6.95873     7.5629    22.1608   12.54406 4.0218e-02 0.0000e+00
        291 312.677506    0.02014     1.2083     72.500     14.635  45547.634    28.4088     7.5641     14.498    6.95869     7.5629    22.1603   12.54400 3.9931e-02 0.0000e+00
        292 312.677509    0.02021     1.2125     72.750     14.844  45547.666    28.4087     7.5642     14.705    6.95868     7.5630    22.1603   12.54398 3.9723e-02 0.0000e+00
        293 312.677512    0.02028     1.2167     73.000     15.040  45548.427    28.4091     7.5642     14.898    6.95866     7.5634    22.1606   12.54395 3.9570e-02 0.0000e+00
        294 312.677514    0.02035     1.2208     73.250     15.226  45549.070    28.4095     7.5643     15.083    6.95862     7.5638    22.1609   12.54387 3.9476e-02 0.0000e+00
        295 312.677517    0.02042     1.2250     73.500     15.411  45549.109    28.4096     7.5647     15.266    6.95855     7.5642    22.1609   12.54376 3.9408e-02 0.0000e+00
        296 312.677520    0.02049     1.2292     73.750     15.599  45548.765    28.4093     7.5651     15.453    6.95849     7.5643    22.1606   12.54367 3.9341e-02 0.0000e+00
        297 312.677523    0.02056     1.2333     74.000     15.797  45548.388    28.4090     7.5655     15.649    6.95845     7.5642    22.1603   12.54361 3.9270e-02 0.0000e+00
        298 312.677526    0.02063     1.2375     74.250     16.005  45548.177    28.4088     7.5656     15.855    6.95844     7.5641    22.1602   12.54359 3.9202e-02 0.0000e+00
        299 312.677529    0.02069     1.2417     74.500     16.226  45548.188    28.4087     7.5656     16.074    6.95845     7.5639    22.1601   12.54360 3.9160e-02 0.0000e+00
        300 312.677532    0.02076     1.2458     74.750     16.460  45548.329    28.4087     7.5655     16.306    6.95847     7.5636    22.1601   12.54364 3.9153e-02 0.0000e+00
        301 312.677535    0.02083     1.2500     75.000     16.706  45548.468    28.4087     7.5653     16.549    6.95850     7.5633    22.1601   12.54369 3.9170e-02 0.0000e+00
        302 312.677538    0.02090     1.2542     75.250     16.960  45548.600    28.4086     7.5651     16.801    6.95854     7.5629    22.1601   12.54376 3.9182e-02 0.0000e+00
        303 312.677541    0.02097     1.2583     75.500     17.222  45548.829    28.4086     7.5648     17.061    6.95859     7.5626    22.1602   12.54384 3.9169e-02 0.0000e+00
        304 312.677543    0.02104     1.2625     75.750     17.490  45549.276    28.4088     7.5644     17.325    6.95864     7.5625    22.1603   12.54392 3.9140e-02 0.0000e+00
        305 312.677546    0.02111     1.2667     76.000     17.759  45550.056    28.4092     7.5641     17.592    6.95867     7.5627    22.1607   12.54396 3.9110e-02 0.0000e+00
        306 312.677549    0.02118     1.2708     76.250     18.030  45550.994    28.4097     7.5640     17.860    6.95866     7.5631    22.1611   12.54394 3.9083e-02 0.0000e+00
        307 312.677552    0.02125     1.2750     76.500     18.300  45551.571    28.4100     7.5642     18.128    6.95861     7.5636    22.1613   12.54386 3.9069e-02 0.0000e+00
        308 312.677555    0.02132     1.2792     76.750     18.566  45551.585    28.4100     7.5647     18.391    6.95854     7.5640    22.1613   12.54374 3.9062e-02 0.0000e+00
        309 312.677558    0.02139     1.2833     77.000     18.828  45551.298    28.4097     7.5652     18.650    6.95847     7.5642    22.1610   12.54362 3.9055e-02 0.0000e+00
        310 312.677561    0.02146     1.2875     77.250     19.084  45550.924    28.4094     7.5656     18.904    6.95842     7.5643    22.1607   12.54354 3.9054e-02 0.0000e+00
        311 312.677564    0.02153     1.2917     77.500     19.332  45550.602    28.4091     7.5658     19.150    6.95839     7.5642    22.1604   12.54350 3.9064e-02 0.0000e+00
        312 312.677567    0.02160     1.2958     77.750     19.571  45550.506    28.4089     7.5659     19.387    6.95839     7.5641    22.1603   12.54349 3.9071e-02 0.0000e+00
        313 312.677569    0.02167     1.3000     78.000     19.801  45550.696    28.4090     7.5659     19.615    6.95839     7.5641    22.1603   12.54349 3.9076e-02 0.0000e+00
        314 312.677572    0.02174     1.3042     78.250     20.021  45551.088    28.4092     7.5658     19.832    6.95839     7.5643    22.1605   12.54349 3.9099e-02 0.0000e+00
        315 312.677575    0.02181     1.3083     78.500     20.231  45551.497    28.4094     7.5659     20.041    6.95838     7.5645    22.1607   12.54347 3.9135e-02 0.0000e+00
        316 312.677578    0.02187     1.3125     78.750     20.435  45551.756    28.4095     7.5660     20.243    6.95835     7.5647    22.1607   12.54343 3.9164e-02 0.0000e+00
        317 312.677581    0.02194     1.3167     79.000     20.637  45551.868    28.4095     7.5662     20.443    6.95832     7.5649    22.1607   12.54337 3.9193e-02 0.0000e+00
        318 312.677584    0.02201     1.3208     79.250     20.838  45551.879    28.4095     7.5665     20.642    6.95828     7.5651    22.1607   12.54331 3.9223e-02 0.0000e+00
        319 312.677587    0.02208     1.3250     79.500     21.042  45551.766    28.4094     7.5667     20.845    6.95825     7.5652    22.1605   12.54326 3.9227e-02 0.0000e+00
        320 312.677590    0.02215     1.3292     79.750     21.253  45551.561    28.4092     7.5669     21.054    6.95823     7.5653    22.1603   12.54323 3.9192e-02 0.0000e+00
        321 312.677593    0.02222     1.3333     80.000     21.472  45551.299    28.4089     7.5671     21.270    6.95821     7.5654    22.1601   12.54321 3.9142e-02 0.0000e+00
        322 312.677595    0.02229     1.3375     80.250     21.698  45550.953    28.4086     7.5672     21.494    6.95821     7.5655    22.1599   12.54321 3.9093e-02 0.0000e+00
        323 312.677598    0.02236     1.3417     80.500     21.934  45550.447    28.4081     7.5673     21.727    6.95821     7.5656    22.1595   12.54322 3.9058e-02 0.0000e+00
        324 312.677601    0.02243     1.3458     80.750     22.179  45549.764    28.4076     7.5674     21.970    6.95822     7.5656    22.1590   12.54324 3.9040e-02 0.0000e+00
        325 312.677604    0.02250     1.3500     81.000     22.433  45549.087    28.4070     7.5675     22.222    6.95822     7.5657    22.1586   12.54326 3.9024e-02 0.0000e+00
        326 312.677607    0.02257     1.3542     81.250     22.696  45548.585    28.4066     7.5676     22.483    6.95823     7.5657    22.1583   12.54327 3.9006e-02 0.0000e+00
        327 312.677610    0.02264     1.3583     81.500     22.968  45548.234    28.4062     7.5677     22.752    6.95823     7.5658    22.1580   12.54328 3.9000e-02 0.0000e+00
        328 312.677613    0.02271     1.3625     81.750     23.247  45547.996    28.4059     7.5678     23.028    6.95823     7.5658    22.1577   12.54328 3.8999e-02 0.0000e+00
        329 312.677616    0.02278     1.3667     82.000     23.532  45547.890    28.4058     7.5678     23.311    6.95823     7.5659    22.1576   12.54328 3.8967e-02 0.0000e+00
        330 312.677619    0.02285     1.3708     82.250     23.824  45547.943    28.4057     7.5679     23.600    6.95822     7.5659    22.1575   12.54327 3.8945e-02 0.0000e+00
        331 312.677622    0.02292     1.3750     82.500     24.117  45548.129    28.4057     7.5680     23.891    6.95821     7.5659    22.1575   12.54325 3.9026e-02 0.0000e+00
        332 312.677624    0.02299     1.3792     82.750     24.407  45548.302    28.4057     7.5680     24.178    6.95820     7.5660    22.1575   12.54324 3.9128e-02 0.0000e+00
        333 312.677627    0.02306     1.3833     83.000     24.688  45548.315    28.4056     7.5681     24.456    6.95820     7.5660    22.1575   12.54323 3.9140e-02 0.0000e+00
        334 312.677630    0.02313     1.3875     83.250     24.953  45548.168    28.4054     7.5681     24.718    6.95820     7.5660    22.1573   12.54323 3.9095e-02 0.0000e+00
        335 312.677633    0.02319     1.3917     83.500     25.195  45547.962    28.4052     7.5681     24.959    6.95821     7.5660    22.1571   12.54324 3.9024e-02 0.0000e+00
        336 312.677636    0.02326     1.3958     83.750     25.413  45547.818    28.4050     7.5682     25.174    6.95821     7.5659    22.1570   12.54326 3.8955e-02 0.0000e+00
        337 312.677639    0.02333     1.4000     84.000     25.606  45547.779    28.4049     7.5682     25.366    6.95822     7.5659    22.1569   12.54327 3.8921e-02 0.0000e+00
        338 312.677642    0.02340     1.4042     84.250     25.778  45547.765    28.4048     7.5682     25.536    6.95822     7.5660    22.1569   12.54328 3.8904e-02 0.0000e+00
        339 312.677645    0.02347     1.4083     84.500     25.936  45547.689    28.4047     7.5682     25.692    6.95822     7.5660    22.1568   12.54328 3.8886e-02 0.0000e+00
        340 312.677648    0.02354     1.4125     84.750     26.089  45547.568    28.4045     7.5682     25.843    6.95822     7.5661    22.1567   12.54328 3.8877e-02 0.0000e+00
        341 312.677650    0.02361     1.4167     85.000     26.246  45547.475    28.4044     7.5683     25.999    6.95822     7.5661    22.1566   12.54328 3.8888e-02 0.0000e+00
        342 312.677653    0.02368     1.4208     85.250     26.417  45547.432    28.4043     7.5684     26.168    6.95821     7.5662    22.1565   12.54327 3.8907e-02 0.0000e+00
        343 312.677656    0.02375     1.4250     85.500     26.606  45547.415    28.4043     7.5684     26.356    6.95820     7.5662    22.1564   12.54325 3.8922e-02 0.0000e+00
        344 312.677659    0.02382     1.4292     85.750     26.816  45547.430    28.4042     7.5685     26.564    6.95819     7.5663    22.1563   12.54324 3.8941e-02 0.0000e+00
        345 312.677662    0.02389     1.4333     86.000     27.046  45547.508    28.4042     7.5685     26.792    6.95818     7.5663    22.1563   12.54323 3.8966e-02 0.0000e+00
        346 312.677665    0.02396     1.4375     86.250     27.296  45547.656    28.4042     7.5686     27.039    6.95817     7.5663    22.1563   12.54321 3.9014e-02 0.0000e+00
        347 312.677668    0.02403     1.4417     86.500     27.563  45547.840    28.4042     7.5687     27.303    6.95817     7.5664    22.1563   12.54320 3.9079e-02 0.0000e+00
        348 312.677671    0.02410     1.4458     86.750     27.844  45548.053    28.4043     7.5687     27.581    6.95816     7.5664    22.1563   12.54318 3.9092e-02 0.0000e+00
        349 312.677674    0.02417     1.4500     87.000     28.138  45548.301    28.4043     7.5688     27.873    6.95815     7.5665    22.1564   12.54317 3.9054e-02 0.0000e+00
        350 312.677677    0.02424     1.4542     87.250     28.444  45548.572    28.4044     7.5688     28.176    6.95814     7.5666    22.1564   12.54314 3.9038e-02 0.0000e+00
        351 312.677679    0.02431     1.4583     87.500     28.759  45548.846    28.4044     7.5689     28.488    6.95812     7.5667    22.1565   12.54311 3.9055e-02 0.0000e+00
        352 312.677682    0.02438     1.4625     87.750     29.078  45549.101    28.4045     7.5691     28.804    6.95809     7.5670    22.1565   12.54306 3.9060e-02 0.0000e+00
        353 312.677685    0.02444     1.4667     88.000     29.397  45549.336    28.4046     7.5693     29.120    6.95805     7.5673    22.1565   12.54300 3.9050e-02 0.0000e+00
        354 312.677688    0.02451     1.4708     88.250     29.707  45549.518    28.4046     7.5696     29.427    6.95800     7.5676    22.1565   12.54292 3.9051e-02 0.0000e+00
        355 312.677691    0.02458     1.4750     88.500     30.002  45549.618    28.4046     7.5699     29.719    6.95795     7.5678    22.1565   12.54284 3.9067e-02 0.0000e+00
        356 312.677694    0.02465     1.4792     88.750     30.273  45549.650    28.4045     7.5702     29.987    6.95791     7.5680    22.1564   12.54276 3.9094e-02 0.0000e+00
        357 312.677697    0.02472     1.4833     89.000     30.515  45549.609    28.4044     7.5705     30.227    6.95787     7.5681    22.1563   12.54270 3.9121e-02 0.0000e+00
        358 312.677700    0.02479     1.4875     89.250     30.723  45549.498    28.4043     7.5707     30.434    6.95784     7.5682    22.1562   12.54265 3.9130e-02 0.0000e+00
        359 312.677703    0.02486     1.4917     89.500     30.898  45549.383    28.4042     7.5708     30.607    6.95783     7.5682    22.1561   12.54263 3.9106e-02 0.0000e+00
        360 312.677705    0.02493     1.4958     89.750     31.039  45549.322    28.4041     7.5709     30.746    6.95782     7.5682    22.1560   12.54261 3.9062e-02 0.0000e+00
        361 312.677708    0.02500     1.5000     90.000     31.147  45549.292    28.4041     7.5709     30.853    6.95781     7.5682    22.1560   12.54261 3.9015e-02 0.0000e+00
