CTD-processing/allCTD/CNV--turbid/2013_11-08_t3_s14_cast155.cnv
* Sea-Bird SBE19plus Data File:
* FileName = C:\Users\kris.holderied\Documents\kasitsna\Research-Projects-and-Data\Oceanography-AK\CTD-CookInlet-GulfWatchAK\2013-10-11-EVOSTC-CookInlet-Ocean\2013-11-08-CookInlet-Tran3-AnchorPt\2013-11-08-CookInlet-Tran3-cast155.hex
* Software Version 1.59
* Temperature SN =  5028
* Conductivity SN =  5028
* System UpLoad Time = Feb 14 2014 16:47:35
** Cook Inlet Transect 3 (Anchor Pt) east to west
** Date: 2013-11-08
** Station: 3-14
** Start time: 11:30
** Depth (m): 24
** Comment:  CTD instrument time is AK Daylight time - 1 hr off
** Comment:
# nquan = 16
# nvalues = 465                         
# units = specified
# name 0 = scan: Scan Count
# name 1 = timeJ: Julian Days
# name 2 = timeH: Time, Elapsed [hours]
# name 3 = timeM: Time, Elapsed [minutes]
# name 4 = timeS: Time, Elapsed [seconds]
# name 5 = prdM: Pressure, Strain Gauge [db]
# name 6 = specc: Specific Conductance [uS/cm]
# name 7 = sal00: Salinity, Practical [PSU]
# name 8 = tv290C: Temperature [ITS-90, deg C]
# name 9 = depSM: Depth [salt water, m], lat = 59.00
# name 10 = oxsolML/L: Oxygen Saturation, Garcia & Gordon [ml/l]
# name 11 = potemp090C: Potential Temperature [ITS-90, deg C]
# name 12 = sigma-é00: Density [sigma-theta, kg/m^3]
# name 13 = n2satML/L: Nitrogen Saturation [ml/l]
# name 14 = par: PAR/Irradiance, Biospherical/Licor
# name 15 = flag:  0.000e+00
# span 0 =          1,        465       
# span 1 = 312.520521, 312.521863       
# span 2 =    0.00000,    0.03222       
# span 3 =     0.0000,     1.9333       
# span 4 =      0.000,    116.000       
# span 5 =      0.003,     21.353       
# span 6 =    461.030,  46910.321       
# span 7 =     0.2170,    29.3558       
# span 8 =     6.1726,     7.6296       
# span 9 =      0.003,     21.152       
# span 10 =    6.90533,    8.65990      
# span 11 =     6.1730,     7.6277      
# span 12 =     0.1108,    22.8950      
# span 13 =   12.44365,   15.78755      
# span 14 = 3.0112e-01, 5.1595e+02      
# span 15 = 0.0000e+00, 0.0000e+00      
# interval = seconds: 0.25
# start_time = Nov 08 2013 12:29:33 [Instrument's time stamp, header]
# bad_flag = -9.990e-29
*END*
          1 312.520521    0.00000     0.0000      0.000      0.013    461.030     0.2170     6.1726      0.013    8.65990     6.1730     0.1108   15.78755 1.2430e+02 0.0000e+00
          2 312.520524    0.00007     0.0042      0.250      0.012    525.996     0.2495     6.1727      0.012    8.65802     6.1735     0.1367   15.78386 1.2913e+02 0.0000e+00
          3 312.520527    0.00014     0.0083      0.500      0.011    628.733     0.3010     6.1730      0.011    8.65503     6.1744     0.1777   15.77801 1.3772e+02 0.0000e+00
          4 312.520530    0.00021     0.0125      0.750      0.010    792.132     0.3830     6.1735      0.010    8.65024     6.1756     0.2431   15.76864 1.4920e+02 0.0000e+00
          5 312.520532    0.00028     0.0167      1.000      0.008   1047.658     0.5117     6.1744      0.008    8.64271     6.1767     0.3456   15.75393 1.6362e+02 0.0000e+00
          6 312.520535    0.00035     0.0208      1.250      0.006   1383.545     0.6817     6.1756      0.006    8.63278     6.1777     0.4809   15.73453 1.8170e+02 0.0000e+00
          7 312.520538    0.00042     0.0250      1.500      0.005   1710.044     0.8480     6.1767      0.005    8.62308     6.1785     0.6133   15.71556 2.0458e+02 0.0000e+00
          8 312.520541    0.00049     0.0292      1.750      0.004   1966.001     0.9795     6.1777      0.004    8.61541     6.1793     0.7179   15.70056 2.3723e+02 0.0000e+00
          9 312.520544    0.00056     0.0333      2.000      0.003   2132.306     1.0656     6.1785      0.003    8.61037     6.1805     0.7863   15.69071 2.7837e+02 0.0000e+00
         10 312.520547    0.00063     0.0375      2.250      0.003   2178.803     1.0900     6.1793      0.003    8.60882     6.1824     0.8057   15.68773 3.2048e+02 0.0000e+00
         11 312.520550    0.00069     0.0417      2.500      0.004   2147.625     1.0751     6.1805      0.004    8.60946     6.1858     0.7937   15.68906 3.6253e+02 0.0000e+00
         12 312.520553    0.00076     0.0458      2.750      0.004   2120.759     1.0643     6.1824      0.004    8.60973     6.1915     0.7848   15.68971 3.9643e+02 0.0000e+00
         13 312.520556    0.00083     0.0500      3.000      0.005   2146.594     1.0836     6.1858      0.005    8.60804     6.2008     0.7996   15.68661 4.0926e+02 0.0000e+00
         14 312.520558    0.00090     0.0542      3.250      0.006   2267.957     1.1568     6.1915      0.006    8.60289     6.2161     0.8570   15.67688 4.0952e+02 0.0000e+00
         15 312.520561    0.00097     0.0583      3.500      0.008   2532.441     1.3113     6.2008      0.008    8.59248     6.2416     0.9784   15.65707 4.1758e+02 0.0000e+00
         16 312.520564    0.00104     0.0625      3.750      0.011   3008.516     1.5871     6.2161      0.011    8.57412     6.2837     1.1955   15.62206 4.2557e+02 0.0000e+00
         17 312.520567    0.00111     0.0667      4.000      0.016   3814.350     2.0534     6.2416      0.016    8.54320     6.3535     1.5624   15.56303 4.0859e+02 0.0000e+00
         18 312.520570    0.00118     0.0708      4.250      0.026   5141.608     2.8225     6.2837      0.026    8.49217     6.4637     2.1676   15.46566 3.7170e+02 0.0000e+00
         19 312.520573    0.00125     0.0750      4.500      0.038   7237.425     4.0432     6.3535      0.038    8.41069     6.6084     3.1277   15.31034 3.3412e+02 0.0000e+00
         20 312.520576    0.00132     0.0792      4.750      0.048   9238.352     5.2107     6.4637      0.048    8.32369     6.7540     4.0435   15.14657 3.0370e+02 0.0000e+00
         21 312.520579    0.00139     0.0833      5.000      0.049   9263.810     5.2169     6.6084      0.049    8.29264     6.8692     4.0421   15.09418 2.8602e+02 0.0000e+00
         22 312.520582    0.00146     0.0875      5.250      0.039   7452.831     4.1474     6.7540      0.039    8.31983     6.9463     3.1925   15.15581 2.8006e+02 0.0000e+00
         23 312.520584    0.00153     0.0917      5.500      0.027   5622.452     3.0747     6.8692      0.027    8.35371     6.9930     2.3416   15.22881 2.8002e+02 0.0000e+00
         24 312.520587    0.00160     0.0958      5.750      0.018   4432.166     2.3837     6.9463      0.018    8.37502     7.0194     1.7931   15.27503 2.8537e+02 0.0000e+00
         25 312.520590    0.00167     0.1000      6.000      0.012   3663.829     1.9433     6.9930      0.012    8.38922     7.0329     1.4434   15.30558 3.0264e+02 0.0000e+00
         26 312.520593    0.00174     0.1042      6.250      0.010   3179.994     1.6720     7.0194      0.010    8.39862     7.0383     1.2279   15.32557 3.4145e+02 0.0000e+00
         27 312.520596    0.00181     0.1083      6.500      0.009   2916.194     1.5316     7.0329      0.009    8.40377     7.0392     1.1160   15.33650 3.9714e+02 0.0000e+00
         28 312.520599    0.00187     0.1125      6.750      0.011   2863.918     1.5172     7.0383      0.011    8.40398     7.0383     1.1037   15.33730 4.5158e+02 0.0000e+00
         29 312.520602    0.00194     0.1167      7.000      0.015   3048.821     1.6456     7.0392      0.015    8.39773     7.0379     1.2040   15.32522 4.9197e+02 0.0000e+00
         30 312.520605    0.00201     0.1208      7.250      0.022   3540.987     1.9619     7.0383      0.022    8.38226     7.0404     1.4521   15.29499 5.1263e+02 0.0000e+00
         31 312.520608    0.00208     0.1250      7.500      0.035   4486.860     2.5584     7.0379      0.035    8.35245     7.0489     1.9203   15.23681 5.1595e+02 0.0000e+00
         32 312.520611    0.00215     0.1292      7.750      0.057   6151.387     3.6007     7.0404      0.056    8.29946     7.0680     2.7385   15.13355 5.1067e+02 0.0000e+00
         33 312.520613    0.00222     0.1333      8.000      0.093   8992.075     5.3738     7.0489      0.092    8.20827     7.1053     4.1305   14.95602 4.9678e+02 0.0000e+00
         34 312.520616    0.00229     0.1375      8.250      0.153  13784.992     8.3603     7.0680      0.151    8.05352     7.1681     6.4748   14.65501 4.6243e+02 0.0000e+00
         35 312.520619    0.00236     0.1417      8.500      0.251  21320.389    13.0849     7.1053      0.248    7.80825     7.2519    10.1824   14.17849 4.0302e+02 0.0000e+00
         36 312.520622    0.00243     0.1458      8.750      0.393  30080.869    18.6267     7.1682      0.390    7.51881     7.3375    14.5277   13.61735 3.2423e+02 0.0000e+00
         37 312.520625    0.00250     0.1500      9.000      0.569  36839.836    22.9251     7.2519      0.564    7.28919     7.4081    17.8931   13.17390 2.3958e+02 0.0000e+00
         38 312.520628    0.00257     0.1542      9.250      0.752  40862.740    25.4872     7.3376      0.745    7.14651     7.4574    19.8944   12.89992 1.7550e+02 0.0000e+00
         39 312.520631    0.00264     0.1583      9.500      0.917  43238.726    27.0014     7.4082      0.909    7.05889     7.4862    21.0745   12.73249 1.4349e+02 0.0000e+00
         40 312.520634    0.00271     0.1625      9.750      1.041  44638.194    27.8928     7.4575      1.031    7.00597     7.4990    21.7683   12.63167 1.3174e+02 0.0000e+00
         41 312.520637    0.00278     0.1667     10.000      1.110  45466.051    28.4194     7.4863      1.099    6.97473     7.5032    22.1782   12.57214 1.2858e+02 0.0000e+00
         42 312.520639    0.00285     0.1708     10.250      1.128  45962.835    28.7348     7.4991      1.117    6.95671     7.5052    22.4243   12.53762 1.3118e+02 0.0000e+00
         43 312.520642    0.00292     0.1750     10.500      1.107  46267.773    28.9283     7.5033      1.096    6.94627     7.5086    22.5757   12.51747 1.3896e+02 0.0000e+00
         44 312.520645    0.00299     0.1792     10.750      1.059  46458.737    29.0498     7.5053      1.048    6.93985     7.5146    22.6709   12.50505 1.4774e+02 0.0000e+00
         45 312.520648    0.00306     0.1833     11.000      0.994  46578.554    29.1267     7.5087      0.984    6.93545     7.5223    22.7308   12.49665 1.5681e+02 0.0000e+00
         46 312.520651    0.00313     0.1875     11.250      0.922  46652.319    29.1747     7.5147      0.913    6.93211     7.5303    22.7677   12.49042 1.6649e+02 0.0000e+00
         47 312.520654    0.00319     0.1917     11.500      0.851  46693.599    29.2021     7.5224      0.842    6.92952     7.5378    22.7882   12.48573 1.7298e+02 0.0000e+00
         48 312.520657    0.00326     0.1958     11.750      0.784  46708.603    29.2123     7.5304      0.777    6.92769     7.5440    22.7952   12.48254 1.7524e+02 0.0000e+00
         49 312.520660    0.00333     0.2000     12.000      0.726  46702.287    29.2083     7.5379      0.720    6.92664     7.5486    22.7911   12.48083 1.7705e+02 0.0000e+00
         50 312.520663    0.00340     0.2042     12.250      0.680  46679.235    29.1928     7.5441      0.674    6.92632     7.5515    22.7781   12.48049 1.8246e+02 0.0000e+00
         51 312.520666    0.00347     0.2083     12.500      0.647  46646.950    29.1709     7.5487      0.641    6.92657     7.5533    22.7603   12.48118 1.8396e+02 0.0000e+00
         52 312.520668    0.00354     0.2125     12.750      0.626  46620.126    29.1526     7.5515      0.620    6.92694     7.5548    22.7456   12.48200 1.7293e+02 0.0000e+00
         53 312.520671    0.00361     0.2167     13.000      0.617  46610.635    29.1463     7.5533      0.611    6.92693     7.5560    22.7404   12.48207 1.5942e+02 0.0000e+00
         54 312.520674    0.00368     0.2208     13.250      0.617  46615.413    29.1497     7.5548      0.612    6.92654     7.5569    22.7429   12.48138 1.5093e+02 0.0000e+00
         55 312.520677    0.00375     0.2250     13.500      0.627  46621.418    29.1540     7.5560      0.621    6.92614     7.5571    22.7461   12.48067 1.4233e+02 0.0000e+00
         56 312.520680    0.00382     0.2292     13.750      0.646  46619.412    29.1527     7.5569      0.640    6.92605     7.5561    22.7450   12.48054 1.3378e+02 0.0000e+00
         57 312.520683    0.00389     0.2333     14.000      0.672  46607.467    29.1445     7.5571      0.666    6.92640     7.5535    22.7385   12.48122 1.2881e+02 0.0000e+00
         58 312.520686    0.00396     0.2375     14.250      0.704  46586.348    29.1297     7.5561      0.697    6.92723     7.5492    22.7271   12.48278 1.2851e+02 0.0000e+00
         59 312.520689    0.00403     0.2417     14.500      0.740  46560.010    29.1111     7.5535      0.732    6.92848     7.5430    22.7128   12.48508 1.3180e+02 0.0000e+00
         60 312.520692    0.00410     0.2458     14.750      0.775  46537.701    29.0950     7.5492      0.768    6.92990     7.5353    22.7007   12.48762 1.3249e+02 0.0000e+00
         61 312.520694    0.00417     0.2500     15.000      0.807  46528.717    29.0879     7.5431      0.799    6.93120     7.5273    22.6959   12.48987 1.2761e+02 0.0000e+00
         62 312.520697    0.00424     0.2542     15.250      0.831  46537.850    29.0930     7.5354      0.823    6.93219     7.5208    22.7009   12.49145 1.2098e+02 0.0000e+00
         63 312.520700    0.00431     0.2583     15.500      0.845  46565.648    29.1110     7.5274      0.837    6.93266     7.5177    22.7161   12.49200 1.1565e+02 0.0000e+00
         64 312.520703    0.00438     0.2625     15.750      0.848  46605.043    29.1373     7.5209      0.840    6.93250     7.5184    22.7375   12.49141 1.1471e+02 0.0000e+00
         65 312.520706    0.00444     0.2667     16.000      0.839  46642.447    29.1626     7.5178      0.831    6.93184     7.5215    22.7579   12.48999 1.2218e+02 0.0000e+00
         66 312.520709    0.00451     0.2708     16.250      0.819  46668.336    29.1806     7.5185      0.812    6.93092     7.5254    22.7719   12.48824 1.4044e+02 0.0000e+00
         67 312.520712    0.00458     0.2750     16.500      0.789  46681.255    29.1900     7.5216      0.782    6.93000     7.5291    22.7789   12.48659 1.5785e+02 0.0000e+00
         68 312.520715    0.00465     0.2792     16.750      0.751  46683.512    29.1922     7.5255      0.744    6.92927     7.5320    22.7801   12.48536 1.6106e+02 0.0000e+00
         69 312.520718    0.00472     0.2833     17.000      0.707  46679.005    29.1896     7.5292      0.700    6.92880     7.5338    22.7776   12.48461 1.5961e+02 0.0000e+00
         70 312.520720    0.00479     0.2875     17.250      0.661  46672.677    29.1857     7.5320      0.654    6.92853     7.5349    22.7741   12.48421 1.6345e+02 0.0000e+00
         71 312.520723    0.00486     0.2917     17.500      0.618  46669.164    29.1836     7.5339      0.612    6.92833     7.5351    22.7722   12.48390 1.7060e+02 0.0000e+00
         72 312.520726    0.00493     0.2958     17.750      0.585  46670.139    29.1844     7.5350      0.579    6.92812     7.5337    22.7728   12.48355 1.8019e+02 0.0000e+00
         73 312.520729    0.00500     0.3000     18.000      0.568  46671.019    29.1851     7.5352      0.562    6.92806     7.5296    22.7732   12.48345 1.8766e+02 0.0000e+00
         74 312.520732    0.00507     0.3042     18.250      0.572  46663.376    29.1796     7.5338      0.567    6.92853     7.5213    22.7691   12.48429 1.8305e+02 0.0000e+00
         75 312.520735    0.00514     0.3083     18.500      0.600  46640.972    29.1635     7.5297      0.595    6.92991     7.5066    22.7570   12.48679 1.7030e+02 0.0000e+00
         76 312.520738    0.00521     0.3125     18.750      0.647  46608.299    29.1396     7.5214      0.641    6.93232     7.4831    22.7394   12.49108 1.6621e+02 0.0000e+00
         77 312.520741    0.00528     0.3167     19.000      0.704  46585.004    29.1212     7.5067      0.698    6.93550     7.4513    22.7269   12.49658 1.7094e+02 0.0000e+00
         78 312.520744    0.00535     0.3208     19.250      0.762  46589.582    29.1208     7.4832      0.755    6.93928     7.4174    22.7296   12.50284 1.6581e+02 0.0000e+00
         79 312.520747    0.00542     0.3250     19.500      0.814  46622.509    29.1386     7.4514      0.806    6.94355     7.3892    22.7477   12.50968 1.4692e+02 0.0000e+00
         80 312.520749    0.00549     0.3292     19.750      0.854  46670.998    29.1669     7.4175      0.847    6.94768     7.3718    22.7744   12.51617 1.3000e+02 0.0000e+00
         81 312.520752    0.00556     0.3333     20.000      0.882  46720.108    29.1965     7.3893      0.874    6.95084     7.3674    22.8013   12.52103 1.2205e+02 0.0000e+00
         82 312.520755    0.00562     0.3375     20.250      0.898  46756.978    29.2193     7.3719      0.889    6.95259     7.3747    22.8214   12.52363 1.2008e+02 0.0000e+00
         83 312.520758    0.00569     0.3417     20.500      0.904  46773.397    29.2300     7.3675      0.896    6.95282     7.3885    22.8304   12.52387 1.2113e+02 0.0000e+00
         84 312.520761    0.00576     0.3458     20.750      0.905  46765.688    29.2258     7.3748      0.896    6.95183     7.4029    22.8261   12.52230 1.2350e+02 0.0000e+00
         85 312.520764    0.00583     0.3500     21.000      0.898  46736.150    29.2076     7.3886      0.889    6.95044     7.4143    22.8100   12.52023 1.2792e+02 0.0000e+00
         86 312.520767    0.00590     0.3542     21.250      0.881  46699.058    29.1842     7.4030      0.873    6.94921     7.4216    22.7897   12.51848 1.3704e+02 0.0000e+00
         87 312.520770    0.00597     0.3583     21.500      0.853  46672.375    29.1675     7.4144      0.844    6.94814     7.4255    22.7752   12.51691 1.5277e+02 0.0000e+00
         88 312.520773    0.00604     0.3625     21.750      0.811  46665.947    29.1642     7.4217      0.803    6.94712     7.4290    22.7716   12.51527 1.7434e+02 0.0000e+00
         89 312.520775    0.00611     0.3667     22.000      0.760  46682.444    29.1762     7.4256      0.752    6.94595     7.4356    22.7806   12.51318 1.9488e+02 0.0000e+00
         90 312.520778    0.00618     0.3708     22.250      0.706  46714.935    29.1992     7.4291      0.699    6.94435     7.4469    22.7982   12.51024 2.0684e+02 0.0000e+00
