CTD-processing/allCTD/CNV--turbid/2013_03-15_t9_s06_cast053.cnv
* Sea-Bird SBE19plus Data File:
* FileName = C:\Documents and Settings\kris.holderied.local\My Documents\2012-2013-CTD-DATA-new-files\2013-03-15-CTD-HomerSpitLine-LTM\2013-03-15-HomerSpitLine-cast053.hex
* Software Version 1.54
* Temperature SN =  5028
* Conductivity SN =  5028
* System UpLoad Time = Apr 19 2013 01:11:51
** Kachemak Bay - Spit Line LTM monthly transect
** Date:  2013-03-15
** Station: 9-06
** Start time (AKDT-24 hr): 1805
** Depth (ft): 333
** Comment:  CTD time set wrong
** Comment: Harbor seal flow meter start 0019360 end 0021244
# nquan = 16
# nvalues = 793                         
# units = specified
# name 0 = scan: Scan Count
# name 1 = timeJ: Julian Days
# name 2 = timeH: Time, Elapsed [hours]
# name 3 = timeM: Time, Elapsed [minutes]
# name 4 = timeS: Time, Elapsed [seconds]
# name 5 = prdM: Pressure, Strain Gauge [db]
# name 6 = specc: Specific Conductance [uS/cm]
# name 7 = sal00: Salinity, Practical [PSU]
# name 8 = tv290C: Temperature [ITS-90, deg C]
# name 9 = depSM: Depth [salt water, m], lat = 59.00
# name 10 = oxsolML/L: Oxygen Saturation, Garcia & Gordon [ml/l]
# name 11 = potemp090C: Potential Temperature [ITS-90, deg C]
# name 12 = sigma-é00: Density [sigma-theta, kg/m^3]
# name 13 = n2satML/L: Nitrogen Saturation [ml/l]
# name 14 = par: PAR/Irradiance, Biospherical/Licor
# name 15 = flag:  0.000e+00
# span 0 =          1,        793       
# span 1 =  74.795532,  74.797824       
# span 2 =    0.00000,    0.05500       
# span 3 =     0.0000,     3.3000       
# span 4 =      0.000,    198.000       
# span 5 =     -0.076,     96.495       
# span 6 =      0.959,  51553.197       
# span 7 =     0.0004,    31.7278       
# span 8 =     2.6546,     3.6824       
# span 9 =     -0.076,     95.571       
# span 10 =    7.46499,    9.50686      
# span 11 =     2.6565,     3.6778      
# span 12 =    -0.0390,    25.2162      
# span 13 =   13.33834,   17.21246      
# span 14 = 3.7912e-02, 5.5981e+02      
# span 15 = 0.0000e+00, 0.0000e+00      
# interval = seconds: 0.25
# start_time = Mar 15 2013 19:05:34 [Instrument's time stamp, header]
# bad_flag = -9.990e-29
*END*
          1  74.795532    0.00000     0.0000      0.000     -0.076      1.063     0.0004     2.6546     -0.076    9.50686     2.6565    -0.0390   17.21246 1.3282e+02 0.0000e+00
          2  74.795535    0.00007     0.0042      0.250     -0.076      1.055     0.0004     2.6554     -0.076    9.50664     2.6577    -0.0389   17.21208 1.3334e+02 0.0000e+00
          3  74.795538    0.00014     0.0083      0.500     -0.076      1.058     0.0004     2.6565     -0.076    9.50636     2.6590    -0.0389   17.21161 1.3445e+02 0.0000e+00
          4  74.795541    0.00021     0.0125      0.750     -0.076      1.053     0.0004     2.6577     -0.075    9.50605     2.6603    -0.0389   17.21109 1.3616e+02 0.0000e+00
          5  74.795544    0.00028     0.0167      1.000     -0.076      1.023     0.0004     2.6590     -0.075    9.50572     2.6616    -0.0389   17.21055 1.3823e+02 0.0000e+00
          6  74.795547    0.00035     0.0208      1.250     -0.075      0.989     0.0004     2.6603     -0.075    9.50539     2.6628    -0.0389   17.21000 1.4051e+02 0.0000e+00
          7  74.795550    0.00042     0.0250      1.500     -0.075      0.968     0.0004     2.6616     -0.074    9.50507     2.6641    -0.0389   17.20945 1.4269e+02 0.0000e+00
          8  74.795553    0.00049     0.0292      1.750     -0.075      0.959     0.0004     2.6628     -0.074    9.50474     2.6653    -0.0388   17.20891 1.4396e+02 0.0000e+00
          9  74.795556    0.00056     0.0333      2.000     -0.075      0.959     0.0004     2.6641     -0.074    9.50442     2.6665    -0.0388   17.20837 1.4366e+02 0.0000e+00
         10  74.795558    0.00063     0.0375      2.250     -0.075      0.975     0.0004     2.6653     -0.074    9.50410     2.6677    -0.0387   17.20784 1.4270e+02 0.0000e+00
         11  74.795561    0.00069     0.0417      2.500     -0.075      1.027     0.0004     2.6665     -0.074    9.50379     2.6688    -0.0387   17.20731 1.4437e+02 0.0000e+00
         12  74.795564    0.00076     0.0458      2.750     -0.075      1.129     0.0005     2.6677     -0.074    9.50349     2.6700    -0.0386   17.20679 1.5330e+02 0.0000e+00
         13  74.795567    0.00083     0.0500      3.000     -0.075      1.292     0.0006     2.6688     -0.074    9.50318     2.6711    -0.0385   17.20628 1.7370e+02 0.0000e+00
         14  74.795570    0.00090     0.0542      3.250     -0.075      1.553     0.0008     2.6700     -0.074    9.50288     2.6722    -0.0384   17.20577 2.1002e+02 0.0000e+00
         15  74.795573    0.00097     0.0583      3.500     -0.075      1.989     0.0011     2.6711     -0.074    9.50258     2.6732    -0.0381   17.20527 2.6957e+02 0.0000e+00
         16  74.795576    0.00104     0.0625      3.750     -0.075      2.730     0.0016     2.6722     -0.074    9.50228     2.6742    -0.0377   17.20476 3.1055e+02 0.0000e+00
         17  74.795579    0.00111     0.0667      4.000     -0.074      3.983     0.0023     2.6732     -0.074    9.50197     2.6751    -0.0371   17.20423 2.8630e+02 0.0000e+00
         18  74.795582    0.00118     0.0708      4.250     -0.074      6.081     0.0036     2.6742     -0.074    9.50164     2.6760    -0.0360   17.20367 2.4248e+02 0.0000e+00
         19  74.795584    0.00125     0.0750      4.500     -0.074      9.583     0.0057     2.6751     -0.073    9.50128     2.6768    -0.0343   17.20303 2.2096e+02 0.0000e+00
         20  74.795587    0.00132     0.0792      4.750     -0.074     15.416     0.0093     2.6760     -0.073    9.50086     2.6774    -0.0315   17.20226 2.1627e+02 0.0000e+00
         21  74.795590    0.00139     0.0833      5.000     -0.074     25.140     0.0152     2.6768     -0.073    9.50031     2.6779    -0.0268   17.20127 2.2837e+02 0.0000e+00
         22  74.795593    0.00146     0.0875      5.250     -0.074     41.365     0.0251     2.6774     -0.074    9.49958     2.6784    -0.0189   17.19989 2.6309e+02 0.0000e+00
         23  74.795596    0.00153     0.0917      5.500     -0.074     68.426     0.0415     2.6779     -0.074    9.49849     2.6790    -0.0057   17.19782 3.3136e+02 0.0000e+00
         24  74.795599    0.00160     0.0958      5.750     -0.074    113.539     0.0689     2.6784     -0.074    9.49677     2.6799     0.0162   17.19454 3.9283e+02 0.0000e+00
         25  74.795602    0.00167     0.1000      6.000     -0.074    188.724     0.1146     2.6790     -0.074    9.49395     2.6813     0.0526   17.18915 4.0549e+02 0.0000e+00
         26  74.795605    0.00174     0.1042      6.250     -0.073    314.017     0.1907     2.6799     -0.073    9.48929     2.6835     0.1134   17.18024 4.2784e+02 0.0000e+00
         27  74.795608    0.00181     0.1083      6.500     -0.073    522.843     0.3175     2.6813     -0.073    9.48156     2.6871     0.2146   17.16542 4.8340e+02 0.0000e+00
         28  74.795611    0.00187     0.1125      6.750     -0.072    870.909     0.5290     2.6835     -0.072    9.46869     2.6929     0.3834   17.14076 5.3207e+02 0.0000e+00
         29  74.795613    0.00194     0.1167      7.000     -0.070   1451.035     0.8814     2.6871     -0.070    9.44727     2.7023     0.6646   17.09973 5.5981e+02 0.0000e+00
         30  74.795616    0.00201     0.1208      7.250     -0.067   2417.908     1.4688     2.6929     -0.067    9.41162     2.7179     1.1334   17.03142 5.2137e+02 0.0000e+00
         31  74.795619    0.00208     0.1250      7.500     -0.061   4029.372     2.4479     2.7023     -0.061    9.35226     2.7436     1.9146   16.91765 4.0905e+02 0.0000e+00
         32  74.795622    0.00215     0.1292      7.750     -0.052   6715.163     4.0796     2.7178     -0.052    9.25335     2.7862     3.2166   16.72809 3.0216e+02 0.0000e+00
         33  74.795625    0.00222     0.1333      8.000     -0.036  11191.473     6.7991     2.7436     -0.037    9.08856     2.8557     5.3867   16.41225 2.3679e+02 0.0000e+00
         34  74.795628    0.00229     0.1375      8.250     -0.011  18651.937    11.3316     2.7861     -0.011    8.81400     2.9548     9.0035   15.88599 1.9565e+02 0.0000e+00
         35  74.795631    0.00236     0.1417      8.500      0.031  28483.286    17.3369     2.8557      0.030    8.44946     3.0661    13.7940   15.18823 1.6810e+02 0.0000e+00
         36  74.795634    0.00243     0.1458      8.750      0.085  37237.788    22.7417     2.9548      0.084    8.11729     3.1658    18.1020   14.55476 1.5005e+02 0.0000e+00
         37  74.795637    0.00250     0.1500      9.000      0.137  42937.057    26.2933     3.0661      0.136    7.89157     3.2432    20.9286   14.12677 1.3876e+02 0.0000e+00
         38  74.795639    0.00257     0.1542      9.250      0.172  46281.578    28.3820     3.1658      0.170    7.75214     3.2988    22.5881   13.86394 1.3144e+02 0.0000e+00
         39  74.795642    0.00264     0.1583      9.500      0.185  48208.323    29.5855     3.2432      0.183    7.66776     3.3369    23.5426   13.70571 1.2658e+02 0.0000e+00
         40  74.795645    0.00271     0.1625      9.750      0.182  49293.384    30.2618     3.2988      0.180    7.61776     3.3616    24.0781   13.61242 1.2327e+02 0.0000e+00
         41  74.795648    0.00278     0.1667     10.000      0.172  49913.957    30.6481     3.3369      0.171    7.58788     3.3760    24.3834   13.55690 1.2116e+02 0.0000e+00
         42  74.795651    0.00285     0.1708     10.250      0.164  50301.768    30.8908     3.3616      0.163    7.56906     3.3825    24.5752   13.52196 1.2011e+02 0.0000e+00
         43  74.795654    0.00292     0.1750     10.500      0.167  50572.870    31.0624     3.3760      0.166    7.55652     3.3845    24.7110   13.49860 1.1992e+02 0.0000e+00
         44  74.795657    0.00299     0.1792     10.750      0.185  50780.418    31.1952     3.3825      0.183    7.54786     3.3866    24.8164   13.48231 1.2032e+02 0.0000e+00
         45  74.795660    0.00306     0.1833     11.000      0.217  50951.752    31.3062     3.3845      0.215    7.54141     3.3915    24.9047   13.47007 1.2071e+02 0.0000e+00
         46  74.795663    0.00313     0.1875     11.250      0.256  51075.283    31.3870     3.3866      0.254    7.53665     3.3980    24.9690   13.46105 1.2062e+02 0.0000e+00
         47  74.795666    0.00319     0.1917     11.500      0.291  51139.302    31.4296     3.3915      0.289    7.53342     3.4038    25.0025   13.45510 1.1993e+02 0.0000e+00
         48  74.795668    0.00326     0.1958     11.750      0.314  51163.166    31.4462     3.3980      0.312    7.53127     3.4080    25.0151   13.45130 1.1862e+02 0.0000e+00
         49  74.795671    0.00333     0.2000     12.000      0.325  51173.574    31.4539     3.4038      0.322    7.52974     3.4113    25.0208   13.44866 1.1662e+02 0.0000e+00
         50  74.795674    0.00340     0.2042     12.250      0.331  51188.832    31.4649     3.4080      0.328    7.52838     3.4155    25.0292   13.44627 1.1390e+02 0.0000e+00
         51  74.795677    0.00347     0.2083     12.500      0.343  51210.500    31.4801     3.4113      0.340    7.52697     3.4214    25.0411   13.44374 1.1041e+02 0.0000e+00
         52  74.795680    0.00354     0.2125     12.750      0.367  51228.937    31.4935     3.4156      0.364    7.52549     3.4279    25.0514   13.44110 1.0563e+02 0.0000e+00
         53  74.795683    0.00361     0.2167     13.000      0.401  51234.897    31.4990     3.4215      0.397    7.52411     3.4337    25.0552   13.43875 9.8307e+01 0.0000e+00
         54  74.795686    0.00368     0.2208     13.250      0.439  51226.193    31.4946     3.4280      0.435    7.52312     3.4385    25.0511   13.43718 8.9209e+01 0.0000e+00
         55  74.795689    0.00375     0.2250     13.500      0.479  51208.250    31.4838     3.4338      0.474    7.52259     3.4427    25.0420   13.43645 8.1487e+01 0.0000e+00
         56  74.795692    0.00382     0.2292     13.750      0.514  51189.577    31.4723     3.4385      0.510    7.52230     3.4467    25.0325   13.43611 7.6659e+01 0.0000e+00
         57  74.795694    0.00389     0.2333     14.000      0.539  51179.075    31.4662     3.4427      0.535    7.52183     3.4508    25.0273   13.43542 7.4467e+01 0.0000e+00
         58  74.795697    0.00396     0.2375     14.250      0.550  51186.008    31.4719     3.4467      0.545    7.52080     3.4552    25.0314   13.43364 7.4095e+01 0.0000e+00
         59  74.795700    0.00403     0.2417     14.500      0.550  51209.011    31.4886     3.4508      0.545    7.51919     3.4599    25.0443   13.43077 7.4354e+01 0.0000e+00
         60  74.795703    0.00410     0.2458     14.750      0.544  51234.998    31.5073     3.4552      0.539    7.51741     3.4646    25.0589   13.42759 7.4448e+01 0.0000e+00
         61  74.795706    0.00417     0.2500     15.000      0.539  51254.299    31.5216     3.4599      0.534    7.51582     3.4693    25.0698   13.42478 7.4210e+01 0.0000e+00
         62  74.795709    0.00424     0.2542     15.250      0.540  51264.793    31.5299     3.4646      0.535    7.51452     3.4736    25.0760   13.42251 7.3912e+01 0.0000e+00
         63  74.795712    0.00431     0.2583     15.500      0.546  51267.599    31.5330     3.4693      0.541    7.51350     3.4774    25.0780   13.42079 7.3669e+01 0.0000e+00
         64  74.795715    0.00438     0.2625     15.750      0.555  51264.837    31.5322     3.4736      0.550    7.51274     3.4804    25.0770   13.41955 7.3706e+01 0.0000e+00
         65  74.795718    0.00444     0.2667     16.000      0.561  51258.269    31.5287     3.4774      0.556    7.51222     3.4828    25.0739   13.41874 7.4140e+01 0.0000e+00
         66  74.795720    0.00451     0.2708     16.250      0.563  51249.554    31.5235     3.4805      0.558    7.51191     3.4846    25.0695   13.41830 7.4505e+01 0.0000e+00
         67  74.795723    0.00458     0.2750     16.500      0.561  51240.832    31.5182     3.4829      0.556    7.51174     3.4861    25.0650   13.41809 7.4283e+01 0.0000e+00
         68  74.795726    0.00465     0.2792     16.750      0.557  51234.123    31.5141     3.4847      0.552    7.51161     3.4873    25.0616   13.41793 7.3691e+01 0.0000e+00
         69  74.795729    0.00472     0.2833     17.000      0.553  51230.061    31.5117     3.4862      0.547    7.51146     3.4883    25.0596   13.41771 7.3398e+01 0.0000e+00
         70  74.795732    0.00479     0.2875     17.250      0.551  51227.681    31.5104     3.4874      0.546    7.51130     3.4890    25.0584   13.41746 7.3530e+01 0.0000e+00
         71  74.795735    0.00486     0.2917     17.500      0.554  51225.562    31.5092     3.4884      0.548    7.51118     3.4894    25.0574   13.41728 7.3974e+01 0.0000e+00
         72  74.795738    0.00493     0.2958     17.750      0.558  51222.698    31.5074     3.4891      0.552    7.51114     3.4894    25.0559   13.41724 7.4250e+01 0.0000e+00
         73  74.795741    0.00500     0.3000     18.000      0.562  51218.963    31.5050     3.4894      0.556    7.51120     3.4892    25.0539   13.41736 7.3969e+01 0.0000e+00
         74  74.795744    0.00507     0.3042     18.250      0.562  51215.850    31.5029     3.4895      0.557    7.51130     3.4889    25.0523   13.41756 7.3699e+01 0.0000e+00
         75  74.795747    0.00514     0.3083     18.500      0.559  51215.590    31.5026     3.4892      0.553    7.51136     3.4887    25.0521   13.41766 7.4181e+01 0.0000e+00
         76  74.795749    0.00521     0.3125     18.750      0.552  51219.437    31.5052     3.4889      0.547    7.51129     3.4886    25.0542   13.41750 7.5461e+01 0.0000e+00
         77  74.795752    0.00528     0.3167     19.000      0.545  51226.152    31.5097     3.4888      0.540    7.51108     3.4884    25.0578   13.41711 7.6851e+01 0.0000e+00
         78  74.795755    0.00535     0.3208     19.250      0.541  51232.270    31.5138     3.4887      0.535    7.51089     3.4878    25.0611   13.41673 7.7538e+01 0.0000e+00
         79  74.795758    0.00542     0.3250     19.500      0.542  51235.398    31.5159     3.4884      0.536    7.51082     3.4869    25.0628   13.41660 7.7128e+01 0.0000e+00
         80  74.795761    0.00549     0.3292     19.750      0.549  51234.398    31.5151     3.4878      0.544    7.51097     3.4855    25.0622   13.41686 7.6169e+01 0.0000e+00
         81  74.795764    0.00556     0.3333     20.000      0.561  51227.341    31.5100     3.4869      0.556    7.51140     3.4835    25.0582   13.41764 7.5267e+01 0.0000e+00
         82  74.795767    0.00562     0.3375     20.250      0.575  51211.954    31.4993     3.4856      0.569    7.51220     3.4807    25.0498   13.41910 7.4424e+01 0.0000e+00
         83  74.795770    0.00569     0.3417     20.500      0.584  51190.783    31.4844     3.4836      0.578    7.51332     3.4769    25.0381   13.42115 7.4057e+01 0.0000e+00
         84  74.795773    0.00576     0.3458     20.750      0.584  51174.223    31.4725     3.4808      0.579    7.51446     3.4723    25.0288   13.42317 7.4702e+01 0.0000e+00
         85  74.795775    0.00583     0.3500     21.000      0.575  51172.694    31.4705     3.4769      0.570    7.51527     3.4683    25.0276   13.42455 7.6338e+01 0.0000e+00
         86  74.795778    0.00590     0.3542     21.250      0.558  51189.425    31.4807     3.4724      0.554    7.51560     3.4662    25.0361   13.42495 7.7811e+01 0.0000e+00
         87  74.795781    0.00597     0.3583     21.500      0.542  51218.417    31.4993     3.4683      0.537    7.51539     3.4665    25.0513   13.42436 7.8301e+01 0.0000e+00
         88  74.795784    0.00604     0.3625     21.750      0.532  51246.520    31.5179     3.4663      0.527    7.51482     3.4681    25.0663   13.42318 7.8551e+01 0.0000e+00
         89  74.795787    0.00611     0.3667     22.000      0.534  51262.901    31.5291     3.4665      0.530    7.51421     3.4695    25.0752   13.42201 7.7974e+01 0.0000e+00
         90  74.795790    0.00618     0.3708     22.250      0.549  51264.820    31.5308     3.4682      0.545    7.51382     3.4693    25.0764   13.42135 7.5870e+01 0.0000e+00
