CTD-processing/allCTD/CNV--turbid/2013-04-20-cookinlet-trans7-cast087-s06.cnv
* Sea-Bird SBE19plus Data File:
* FileName = C:\Documents and Settings\kris.holderied.local\My Documents\2012-2013-CTD-DATA-new-files\2013-04-EVOSTC-CookInlet-Ocean\2013-04-CookInlet-Tran7-Augustine\2013-04-20-CookInlet-Trans7-Cast087.hex
* Software Version 1.54
* Temperature SN =  5028
* Conductivity SN =  5028
* System UpLoad Time = Apr 20 2013 14:52:38
** Cook Inlet LTM Tran7 Augustine to Flat Island
** Date:  2013-04-20
** Station:  7-06
** Start time (AKDT-24 hr):  0806
** Depth (m): 55
** Comment:
** Comment:
# nquan = 16
# nvalues = 567                         
# units = specified
# name 0 = scan: Scan Count
# name 1 = timeJ: Julian Days
# name 2 = timeH: Time, Elapsed [hours]
# name 3 = timeM: Time, Elapsed [minutes]
# name 4 = timeS: Time, Elapsed [seconds]
# name 5 = prdM: Pressure, Strain Gauge [db]
# name 6 = specc: Specific Conductance [uS/cm]
# name 7 = sal00: Salinity, Practical [PSU]
# name 8 = tv290C: Temperature [ITS-90, deg C]
# name 9 = depSM: Depth [salt water, m], lat = 59.00
# name 10 = oxsolML/L: Oxygen Saturation, Garcia & Gordon [ml/l]
# name 11 = potemp090C: Potential Temperature [ITS-90, deg C]
# name 12 = sigma-é00: Density [sigma-theta, kg/m^3]
# name 13 = n2satML/L: Nitrogen Saturation [ml/l]
# name 14 = par: PAR/Irradiance, Biospherical/Licor
# name 15 = flag:  0.000e+00
# span 0 =          1,        567       
# span 1 = 110.339259, 110.340897       
# span 2 =    0.00000,    0.03931       
# span 3 =     0.0000,     2.3583       
# span 4 =      0.000,    141.500       
# span 5 =      0.109,     57.128       
# span 6 =      5.409,  52103.444       
# span 7 =     0.0015,    31.9958       
# span 8 =     1.8105,     3.2163       
# span 9 =      0.108,     56.586       
# span 10 =    7.53699,    9.72369      
# span 11 =     1.8105,     3.2130      
# span 12 =    -0.0619,    25.4728      
# span 13 =   13.45349,   17.57536      
# span 14 = 3.7912e-02, 1.0095e+02      
# span 15 = 0.0000e+00, 0.0000e+00      
# interval = seconds: 0.25
# start_time = Apr 20 2013 08:08:32 [Instrument's time stamp, header]
# bad_flag = -9.990e-29
*END*
[from data line 452]
        453 110.340567    0.03139     1.8833    113.000     31.415  51722.121    31.5434     2.4110     31.119    7.71341     2.4136    25.1734   13.75045 6.0627e-02 0.0000e+00
        454 110.340570    0.03146     1.8875    113.250     31.626  51725.210    31.5459     2.4131     31.328    7.71286     2.4161    25.1753   13.74951 5.8898e-02 0.0000e+00
        455 110.340573    0.03153     1.8917    113.500     31.834  51730.134    31.5497     2.4152     31.534    7.71225     2.4194    25.1782   13.74845 5.7333e-02 0.0000e+00
        456 110.340576    0.03160     1.8958    113.750     32.041  51738.068    31.5557     2.4177     31.740    7.71146     2.4243    25.1827   13.74706 5.5835e-02 0.0000e+00
        457 110.340579    0.03167     1.9000    114.000     32.249  51750.054    31.5646     2.4211     31.945    7.71034     2.4311    25.1895   13.74510 5.4410e-02 0.0000e+00
        458 110.340582    0.03174     1.9042    114.250     32.458  51764.857    31.5758     2.4259     32.153    7.70880     2.4398    25.1981   13.74241 5.3060e-02 0.0000e+00
        459 110.340584    0.03181     1.9083    114.500     32.670  51779.846    31.5877     2.4327     32.363    7.70686     2.4497    25.2071   13.73905 5.1780e-02 0.0000e+00
        460 110.340587    0.03188     1.9125    114.750     32.887  51793.039    31.5988     2.4414     32.577    7.70459     2.4604    25.2154   13.73516 5.0531e-02 0.0000e+00
        461 110.340590    0.03194     1.9167    115.000     33.108  51803.325    31.6084     2.4514     32.795    7.70216     2.4714    25.2223   13.73102 4.9282e-02 0.0000e+00
        462 110.340593    0.03201     1.9208    115.250     33.334  51812.580    31.6175     2.4620     33.019    7.69962     2.4829    25.2288   13.72672 4.8041e-02 0.0000e+00
        463 110.340596    0.03208     1.9250    115.500     33.566  51823.546    31.6278     2.4730     33.249    7.69695     2.4952    25.2362   13.72218 4.6826e-02 0.0000e+00
        464 110.340599    0.03215     1.9292    115.750     33.804  51835.404    31.6389     2.4846     33.485    7.69413     2.5079    25.2442   13.71737 4.5664e-02 0.0000e+00
        465 110.340602    0.03222     1.9333    116.000     34.048  51845.340    31.6489     2.4969     33.727    7.69123     2.5203    25.2512   13.71245 4.4553e-02 0.0000e+00
        466 110.340605    0.03229     1.9375    116.250     34.296  51852.826    31.6573     2.5095     33.972    7.68835     2.5322    25.2570   13.70759 4.3461e-02 0.0000e+00
        467 110.340608    0.03236     1.9417    116.500     34.545  51859.589    31.6652     2.5220     34.220    7.68554     2.5439    25.2623   13.70285 4.2408e-02 0.0000e+00
        468 110.340611    0.03243     1.9458    116.750     34.795  51867.356    31.6736     2.5340     34.468    7.68278     2.5555    25.2681   13.69819 4.1433e-02 0.0000e+00
        469 110.340613    0.03250     1.9500    117.000     35.044  51875.831    31.6825     2.5457     34.713    7.68006     2.5666    25.2743   13.69359 4.0543e-02 0.0000e+00
        470 110.340616    0.03257     1.9542    117.250     35.288  51882.385    31.6900     2.5573     34.955    7.67744     2.5768    25.2794   13.68917 3.9736e-02 0.0000e+00
        471 110.340619    0.03264     1.9583    117.500     35.525  51885.463    31.6950     2.5685     35.190    7.67502     2.5854    25.2826   13.68511 3.9065e-02 0.0000e+00
        472 110.340622    0.03271     1.9625    117.750     35.756  51885.413    31.6977     2.5787     35.419    7.67292     2.5922    25.2839   13.68161 3.8604e-02 0.0000e+00
        473 110.340625    0.03278     1.9667    118.000     35.980  51883.030    31.6983     2.5873     35.640    7.67123     2.5972    25.2837   13.67882 3.8327e-02 0.0000e+00
        474 110.340628    0.03285     1.9708    118.250     36.195  51879.819    31.6979     2.5940     35.853    7.66995     2.6009    25.2829   13.67671 3.8161e-02 0.0000e+00
        475 110.340631    0.03292     1.9750    118.500     36.403  51877.549    31.6977     2.5991     36.059    7.66900     2.6038    25.2823   13.67514 3.8061e-02 0.0000e+00
        476 110.340634    0.03299     1.9792    118.750     36.604  51877.121    31.6983     2.6028     36.258    7.66826     2.6066    25.2825   13.67391 3.8002e-02 0.0000e+00
        477 110.340637    0.03306     1.9833    119.000     36.799  51878.858    31.7002     2.6057     36.452    7.66759     2.6099    25.2838   13.67278 3.7966e-02 0.0000e+00
        478 110.340639    0.03313     1.9875    119.250     36.990  51883.266    31.7038     2.6085     36.641    7.66686     2.6142    25.2865   13.67154 3.7944e-02 0.0000e+00
        479 110.340642    0.03319     1.9917    119.500     37.179  51890.855    31.7097     2.6118     36.828    7.66593     2.6203    25.2909   13.66992 3.7931e-02 0.0000e+00
        480 110.340645    0.03326     1.9958    119.750     37.368  51901.784    31.7182     2.6162     37.015    7.66465     2.6286    25.2974   13.66770 3.7924e-02 0.0000e+00
        481 110.340648    0.03333     2.0000    120.000     37.561  51915.830    31.7293     2.6222     37.207    7.66291     2.6397    25.3057   13.66468 3.7919e-02 0.0000e+00
        482 110.340651    0.03340     2.0042    120.250     37.760  51933.177    31.7432     2.6306     37.404    7.66059     2.6540    25.3161   13.66066 3.7916e-02 0.0000e+00
        483 110.340654    0.03347     2.0083    120.500     37.967  51952.469    31.7591     2.6417     37.608    7.65762     2.6710    25.3280   13.65555 3.7915e-02 0.0000e+00
        484 110.340657    0.03354     2.0125    120.750     38.181  51968.929    31.7741     2.6560     37.820    7.65410     2.6893    25.3388   13.64955 3.7914e-02 0.0000e+00
        485 110.340660    0.03361     2.0167    121.000     38.405  51978.547    31.7851     2.6730     38.042    7.65028     2.7077    25.3463   13.64310 3.7913e-02 0.0000e+00
        486 110.340663    0.03368     2.0208    121.250     38.638  51981.284    31.7919     2.6914     38.273    7.64641     2.7252    25.3502   13.63663 3.7913e-02 0.0000e+00
        487 110.340666    0.03375     2.0250    121.500     38.881  51979.229    31.7954     2.7098     38.513    7.64271     2.7412    25.3516   13.63049 3.7912e-02 0.0000e+00
        488 110.340668    0.03382     2.0292    121.750     39.133  51974.232    31.7967     2.7273     38.763    7.63930     2.7553    25.3512   13.62485 3.7912e-02 0.0000e+00
        489 110.340671    0.03389     2.0333    122.000     39.394  51967.656    31.7965     2.7433     39.022    7.63626     2.7675    25.3498   13.61983 3.7912e-02 0.0000e+00
        490 110.340674    0.03396     2.0375    122.250     39.661  51960.110    31.7952     2.7575     39.287    7.63363     2.7775    25.3475   13.61551 3.7912e-02 0.0000e+00
        491 110.340677    0.03403     2.0417    122.500     39.932  51952.168    31.7930     2.7697     39.555    7.63143     2.7856    25.3448   13.61190 3.7912e-02 0.0000e+00
        492 110.340680    0.03410     2.0458    122.750     40.202  51945.335    31.7909     2.7797     39.822    7.62962     2.7922    25.3424   13.60896 3.7912e-02 0.0000e+00
        493 110.340683    0.03417     2.0500    123.000     40.467  51940.286    31.7896     2.7878     40.085    7.62815     2.7978    25.3407   13.60654 3.7912e-02 0.0000e+00
        494 110.340686    0.03424     2.0542    123.250     40.728  51936.195    31.7885     2.7944     40.343    7.62693     2.8023    25.3393   13.60455 3.7912e-02 0.0000e+00
        495 110.340689    0.03431     2.0583    123.500     40.981  51932.695    31.7875     2.8000     40.594    7.62593     2.8062    25.3380   13.60291 3.7912e-02 0.0000e+00
        496 110.340692    0.03438     2.0625    123.750     41.226  51929.984    31.7868     2.8046     40.836    7.62510     2.8096    25.3371   13.60154 3.7912e-02 0.0000e+00
        497 110.340694    0.03444     2.0667    124.000     41.463  51927.655    31.7862     2.8085     41.071    7.62439     2.8124    25.3363   13.60038 3.7912e-02 0.0000e+00
        498 110.340697    0.03451     2.0708    124.250     41.690  51925.653    31.7856     2.8118     41.296    7.62378     2.8150    25.3356   13.59939 3.7912e-02 0.0000e+00
        499 110.340700    0.03458     2.0750    124.500     41.909  51924.804    31.7857     2.8147     41.512    7.62323     2.8178    25.3354   13.59849 3.7912e-02 0.0000e+00
        500 110.340703    0.03465     2.0792    124.750     42.122  51925.283    31.7866     2.8173     41.723    7.62269     2.8208    25.3360   13.59757 3.7912e-02 0.0000e+00
        501 110.340706    0.03472     2.0833    125.000     42.331  51926.265    31.7879     2.8201     41.930    7.62210     2.8241    25.3368   13.59658 3.7912e-02 0.0000e+00
        502 110.340709    0.03479     2.0875    125.250     42.537  51927.747    31.7896     2.8231     42.135    7.62143     2.8282    25.3379   13.59546 3.7912e-02 0.0000e+00
        503 110.340712    0.03486     2.0917    125.500     42.743  51930.882    31.7926     2.8265     42.339    7.62064     2.8337    25.3399   13.59411 3.7912e-02 0.0000e+00
        504 110.340715    0.03493     2.0958    125.750     42.950  51936.512    31.7974     2.8306     42.544    7.61961     2.8411    25.3434   13.59235 3.7912e-02 0.0000e+00
        505 110.340718    0.03500     2.1000    126.000     43.160  51944.877    31.8044     2.8360     42.752    7.61821     2.8510    25.3486   13.58996 3.7912e-02 0.0000e+00
        506 110.340720    0.03507     2.1042    126.250     43.374  51956.045    31.8138     2.8434     42.964    7.61632     2.8642    25.3555   13.58672 3.7912e-02 0.0000e+00
        507 110.340723    0.03514     2.1083    126.500     43.593  51969.873    31.8258     2.8534     43.181    7.61381     2.8810    25.3642   13.58242 3.7912e-02 0.0000e+00
        508 110.340726    0.03521     2.1125    126.750     43.818  51987.088    31.8409     2.8665     43.404    7.61054     2.9019    25.3752   13.57682 3.7912e-02 0.0000e+00
        509 110.340729    0.03528     2.1167    127.000     44.050  52008.348    31.8597     2.8834     43.633    7.60638     2.9269    25.3888   13.56970 3.7912e-02 0.0000e+00
        510 110.340732    0.03535     2.1208    127.250     44.288  52030.938    31.8805     2.9044     43.870    7.60133     2.9548    25.4037   13.56111 3.7912e-02 0.0000e+00
        511 110.340735    0.03542     2.1250    127.500     44.534  52051.474    31.9009     2.9293     44.113    7.59556     2.9836    25.4179   13.55131 3.7912e-02 0.0000e+00
        512 110.340738    0.03549     2.1292    127.750     44.786  52064.841    31.9173     2.9573     44.363    7.58944     3.0104    25.4287   13.54100 3.7912e-02 0.0000e+00
        513 110.340741    0.03556     2.1333    128.000     45.043  52065.956    31.9257     2.9861     44.617    7.58356     3.0327    25.4330   13.53120 3.7912e-02 0.0000e+00
        514 110.340744    0.03562     2.1375    128.250     45.302  52058.521    31.9277     3.0129     44.873    7.57841     3.0499    25.4323   13.52268 3.7912e-02 0.0000e+00
        515 110.340747    0.03569     2.1417    128.500     45.562  52049.282    31.9273     3.0353     45.130    7.57423     3.0623    25.4301   13.51577 3.7912e-02 0.0000e+00
        516 110.340749    0.03576     2.1458    128.750     45.821  52041.859    31.9267     3.0524     45.387    7.57103     3.0711    25.4282   13.51051 3.7912e-02 0.0000e+00
        517 110.340752    0.03583     2.1500    129.000     46.078  52037.361    31.9269     3.0648     45.642    7.56869     3.0771    25.4273   13.50664 3.7912e-02 0.0000e+00
        518 110.340755    0.03590     2.1542    129.250     46.334  52034.678    31.9273     3.0737     45.895    7.56700     3.0806    25.4268   13.50386 3.7912e-02 0.0000e+00
        519 110.340758    0.03597     2.1583    129.500     46.585  52033.313    31.9278     3.0797     46.144    7.56585     3.0824    25.4268   13.50194 3.7912e-02 0.0000e+00
        520 110.340761    0.03604     2.1625    129.750     46.832  52035.477    31.9301     3.0833     46.389    7.56506     3.0839    25.4283   13.50062 3.7912e-02 0.0000e+00
        521 110.340764    0.03611     2.1667    130.000     47.074  52044.188    31.9363     3.0850     46.628    7.56441     3.0871    25.4331   13.49946 3.7912e-02 0.0000e+00
        522 110.340767    0.03618     2.1708    130.250     47.310  52059.342    31.9469     3.0866     46.862    7.56357     3.0929    25.4414   13.49794 3.7912e-02 0.0000e+00
        523 110.340770    0.03625     2.1750    130.500     47.543  52076.422    31.9592     3.0898     47.092    7.56233     3.1010    25.4509   13.49574 3.7912e-02 0.0000e+00
        524 110.340773    0.03632     2.1792    130.750     47.774  52090.231    31.9700     3.0956     47.321    7.56069     3.1104    25.4590   13.49288 3.7912e-02 0.0000e+00
        525 110.340775    0.03639     2.1833    131.000     48.006  52098.824    31.9778     3.1037     47.551    7.55877     3.1202    25.4646   13.48961 3.7912e-02 0.0000e+00
        526 110.340778    0.03646     2.1875    131.250     48.241  52102.679    31.9828     3.1132     47.784    7.55675     3.1298    25.4678   13.48621 3.7912e-02 0.0000e+00
        527 110.340781    0.03653     2.1917    131.500     48.479  52103.444    31.9858     3.1230     48.020    7.55475     3.1387    25.4693   13.48288 3.7912e-02 0.0000e+00
        528 110.340784    0.03660     2.1958    131.750     48.721  52102.661    31.9877     3.1325     48.260    7.55287     3.1471    25.4700   13.47974 3.7912e-02 0.0000e+00
        529 110.340787    0.03667     2.2000    132.000     48.966  52101.539    31.9892     3.1415     48.503    7.55111     3.1550    25.4705   13.47683 3.7912e-02 0.0000e+00
        530 110.340790    0.03674     2.2042    132.250     49.214  52100.854    31.9908     3.1499     48.747    7.54946     3.1626    25.4710   13.47409 3.7912e-02 0.0000e+00
        531 110.340793    0.03681     2.2083    132.500     49.463  52100.548    31.9926     3.1578     48.994    7.54789     3.1701    25.4718   13.47147 3.7912e-02 0.0000e+00
        532 110.340796    0.03687     2.2125    132.750     49.713  52100.399    31.9944     3.1655     49.242    7.54637     3.1772    25.4725   13.46893 3.7912e-02 0.0000e+00
        533 110.340799    0.03694     2.2167    133.000     49.964  52099.419    31.9956     3.1729     49.491    7.54491     3.1835    25.4728   13.46652 3.7912e-02 0.0000e+00
        534 110.340802    0.03701     2.2208    133.250     50.214  52097.149    31.9958     3.1800     49.739    7.54358     3.1891    25.4724   13.46432 3.7912e-02 0.0000e+00
        535 110.340804    0.03708     2.2250    133.500     50.464  52094.511    31.9955     3.1864     49.986    7.54240     3.1938    25.4716   13.46238 3.7912e-02 0.0000e+00
        536 110.340807    0.03715     2.2292    133.750     50.713  52092.122    31.9953     3.1920     50.233    7.54138     3.1978    25.4709   13.46070 3.7912e-02 0.0000e+00
        537 110.340810    0.03722     2.2333    134.000     50.961  52089.834    31.9948     3.1968     50.478    7.54051     3.2010    25.4702   13.45927 3.7912e-02 0.0000e+00
        538 110.340813    0.03729     2.2375    134.250     51.208  52087.269    31.9940     3.2008     50.723    7.53980     3.2035    25.4692   13.45811 3.7912e-02 0.0000e+00
        539 110.340816    0.03736     2.2417    134.500     51.455  52084.632    31.9929     3.2041     50.967    7.53925     3.2052    25.4680   13.45722 3.7912e-02 0.0000e+00
        540 110.340819    0.03743     2.2458    134.750     51.700  52082.474    31.9920     3.2065     51.211    7.53885     3.2064    25.4671   13.45656 3.7912e-02 0.0000e+00
        541 110.340822    0.03750     2.2500    135.000     51.945  52080.961    31.9913     3.2082     51.453    7.53856     3.2073    25.4664   13.45609 3.7912e-02 0.0000e+00
        542 110.340825    0.03757     2.2542    135.250     52.189  52080.129    31.9909     3.2094     51.695    7.53835     3.2079    25.4660   13.45576 3.7912e-02 0.0000e+00
