CTD-processing/allCTD/CNV--turbid/2013_09-25_t9_s05_cast105.cnv
* Sea-Bird SBE19plus Data File:
* FileName = C:\Users\kris.holderied\Documents\kasitsna\Research-Projects-and-Data\Oceanography-AK\CTD-CookInlet-GulfWatchAK\2013-09-25-CookInlet-Tran9-HomerSpit\2013-09-25-CookInlet-Tran9-HomerSpit-cast105.hex
* Software Version 1.59
* Temperature SN =  5028
* Conductivity SN =  5028
* System UpLoad Time = Apr 09 2014 19:58:18
** Cook Inlet LTM Homer Spit Line - Monthly
** Date: 2013-09-25
** Station: 9-05
** Start time: 14:35
** Depth (m): 94.5
** CoComment:
** Comment:
# nquan = 16
# nvalues = 783                         
# units = specified
# name 0 = scan: Scan Count
# name 1 = timeJ: Julian Days
# name 2 = timeH: Time, Elapsed [hours]
# name 3 = timeM: Time, Elapsed [minutes]
# name 4 = timeS: Time, Elapsed [seconds]
# name 5 = prdM: Pressure, Strain Gauge [db]
# name 6 = specc: Specific Conductance [uS/cm]
# name 7 = sal00: Salinity, Practical [PSU]
# name 8 = tv290C: Temperature [ITS-90, deg C]
# name 9 = depSM: Depth [salt water, m], lat = 59.00
# name 10 = oxsolML/L: Oxygen Saturation, Garcia & Gordon [ml/l]
# name 11 = potemp090C: Potential Temperature [ITS-90, deg C]
# name 12 = sigma-é00: Density [sigma-theta, kg/m^3]
# name 13 = n2satML/L: Nitrogen Saturation [ml/l]
# name 14 = par: PAR/Irradiance, Biospherical/Licor
# name 15 = flag:  0.000e+00
# span 0 =          1,        783       
# span 1 = 268.608623, 268.610885       
# span 2 =    0.00000,    0.05431       
# span 3 =     0.0000,     3.2583       
# span 4 =      0.000,    195.500       
# span 5 =     -0.002,     89.218       
# span 6 =  36122.875,  49209.109       
# span 7 =    22.3001,    31.0584       
# span 8 =     8.5170,     9.5515       
# span 9 =     -0.001,     88.365       
# span 10 =    6.59387,    6.94639      
# span 11 =     8.5082,     9.5515      
# span 12 =    17.1423,    24.1067      
# span 13 =   11.92219,   12.60416      
# span 14 = 4.7477e-02, 2.1070e+02      
# span 15 = 0.0000e+00, 0.0000e+00      
# interval = seconds: 0.25
# start_time = Sep 25 2013 14:36:25 [Instrument's time stamp, header]
# bad_flag = -9.990e-29
*END*
[from data line 633]
        634 268.610454    0.04396     2.6375    158.250     70.377  49139.420    31.0252     8.5684     69.707    6.68664     8.5602    24.0729   12.06086 4.8858e-02 0.0000e+00
        635 268.610457    0.04403     2.6417    158.500     70.585  49140.187    31.0255     8.5678     69.914    6.68671     8.5596    24.0733   12.06098 4.8818e-02 0.0000e+00
        636 268.610460    0.04410     2.6458    158.750     70.793  49141.044    31.0259     8.5672     70.120    6.68679     8.5591    24.0737   12.06111 4.8785e-02 0.0000e+00
        637 268.610463    0.04417     2.6500    159.000     71.001  49141.870    31.0263     8.5666     70.325    6.68686     8.5587    24.0741   12.06122 4.8757e-02 0.0000e+00
        638 268.610466    0.04424     2.6542    159.250     71.207  49142.564    31.0267     8.5661     70.529    6.68692     8.5583    24.0744   12.06132 4.8728e-02 0.0000e+00
        639 268.610469    0.04431     2.6583    159.500     71.411  49143.140    31.0269     8.5657     70.732    6.68697     8.5581    24.0747   12.06139 4.8697e-02 0.0000e+00
        640 268.610472    0.04437     2.6625    159.750     71.614  49143.640    31.0271     8.5654     70.933    6.68701     8.5578    24.0749   12.06145 4.8663e-02 0.0000e+00
        641 268.610475    0.04444     2.6667    160.000     71.816  49144.066    31.0273     8.5652     71.132    6.68704     8.5575    24.0751   12.06150 4.8626e-02 0.0000e+00
        642 268.610477    0.04451     2.6708    160.250     72.017  49144.431    31.0274     8.5649     71.332    6.68707     8.5572    24.0752   12.06155 4.8583e-02 0.0000e+00
        643 268.610480    0.04458     2.6750    160.500     72.218  49144.790    31.0276     8.5647     71.531    6.68710     8.5569    24.0753   12.06160 4.8542e-02 0.0000e+00
        644 268.610483    0.04465     2.6792    160.750     72.418  49145.184    31.0277     8.5644     71.729    6.68714     8.5565    24.0755   12.06166 4.8522e-02 0.0000e+00
        645 268.610486    0.04472     2.6833    161.000     72.615  49145.630    31.0279     8.5641     71.924    6.68718     8.5561    24.0757   12.06172 4.8519e-02 0.0000e+00
        646 268.610489    0.04479     2.6875    161.250     72.808  49146.156    31.0281     8.5637     72.115    6.68722     8.5556    24.0759   12.06180 4.8510e-02 0.0000e+00
        647 268.610492    0.04486     2.6917    161.500     72.997  49146.767    31.0284     8.5633     72.302    6.68727     8.5552    24.0762   12.06187 4.8494e-02 0.0000e+00
        648 268.610495    0.04493     2.6958    161.750     73.183  49147.423    31.0287     8.5629     72.486    6.68732     8.5548    24.0765   12.06195 4.8479e-02 0.0000e+00
        649 268.610498    0.04500     2.7000    162.000     73.367  49148.086    31.0291     8.5624     72.668    6.68737     8.5544    24.0768   12.06203 4.8464e-02 0.0000e+00
        650 268.610501    0.04507     2.7042    162.250     73.549  49148.738    31.0294     8.5620     72.849    6.68742     8.5540    24.0771   12.06210 4.8445e-02 0.0000e+00
        651 268.610503    0.04514     2.7083    162.500     73.732  49149.316    31.0297     8.5617     73.030    6.68746     8.5538    24.0774   12.06217 4.8420e-02 0.0000e+00
        652 268.610506    0.04521     2.7125    162.750     73.916  49149.802    31.0299     8.5614     73.212    6.68750     8.5536    24.0776   12.06223 4.8390e-02 0.0000e+00
        653 268.610509    0.04528     2.7167    163.000     74.102  49150.216    31.0300     8.5611     73.395    6.68752     8.5535    24.0778   12.06227 4.8358e-02 0.0000e+00
        654 268.610512    0.04535     2.7208    163.250     74.291  49150.530    31.0301     8.5610     73.583    6.68754     8.5534    24.0779   12.06230 4.8324e-02 0.0000e+00
        655 268.610515    0.04542     2.7250    163.500     74.486  49150.760    31.0302     8.5609     73.777    6.68755     8.5533    24.0780   12.06232 4.8294e-02 0.0000e+00
        656 268.610518    0.04549     2.7292    163.750     74.686  49150.984    31.0303     8.5608     73.975    6.68756     8.5532    24.0781   12.06233 4.8266e-02 0.0000e+00
        657 268.610521    0.04556     2.7333    164.000     74.891  49151.256    31.0304     8.5607     74.177    6.68757     8.5530    24.0782   12.06235 4.8240e-02 0.0000e+00
        658 268.610524    0.04562     2.7375    164.250     75.098  49151.534    31.0305     8.5606     74.382    6.68758     8.5529    24.0783   12.06237 4.8224e-02 0.0000e+00
        659 268.610527    0.04569     2.7417    164.500     75.307  49151.787    31.0305     8.5605     74.590    6.68760     8.5527    24.0783   12.06239 4.8217e-02 0.0000e+00
        660 268.610530    0.04576     2.7458    164.750     75.518  49152.069    31.0306     8.5604     74.799    6.68761     8.5525    24.0784   12.06241 4.8211e-02 0.0000e+00
        661 268.610532    0.04583     2.7500    165.000     75.730  49152.417    31.0308     8.5602     75.009    6.68763     8.5522    24.0786   12.06244 4.8206e-02 0.0000e+00
        662 268.610535    0.04590     2.7542    165.250     75.942  49152.805    31.0309     8.5600     75.219    6.68766     8.5519    24.0787   12.06249 4.8200e-02 0.0000e+00
        663 268.610538    0.04597     2.7583    165.500     76.154  49153.232    31.0311     8.5597     75.428    6.68769     8.5516    24.0789   12.06254 4.8191e-02 0.0000e+00
        664 268.610541    0.04604     2.7625    165.750     76.363  49153.720    31.0313     8.5594     75.635    6.68773     8.5513    24.0791   12.06260 4.8178e-02 0.0000e+00
        665 268.610544    0.04611     2.7667    166.000     76.569  49154.215    31.0315     8.5591     75.839    6.68776     8.5509    24.0793   12.06265 4.8161e-02 0.0000e+00
        666 268.610547    0.04618     2.7708    166.250     76.772  49154.671    31.0317     8.5588     76.040    6.68779     8.5505    24.0795   12.06270 4.8141e-02 0.0000e+00
        667 268.610550    0.04625     2.7750    166.500     76.974  49155.168    31.0319     8.5585     76.240    6.68783     8.5499    24.0797   12.06277 4.8116e-02 0.0000e+00
        668 268.610553    0.04632     2.7792    166.750     77.176  49155.783    31.0321     8.5581     76.440    6.68789     8.5493    24.0800   12.06285 4.8094e-02 0.0000e+00
        669 268.610556    0.04639     2.7833    167.000     77.377  49156.512    31.0325     8.5576     76.639    6.68795     8.5485    24.0803   12.06295 4.8071e-02 0.0000e+00
        670 268.610558    0.04646     2.7875    167.250     77.577  49157.347    31.0329     8.5569     76.837    6.68803     8.5476    24.0807   12.06307 4.8043e-02 0.0000e+00
        671 268.610561    0.04653     2.7917    167.500     77.775  49158.293    31.0334     8.5562     77.033    6.68813     8.5465    24.0812   12.06323 4.8022e-02 0.0000e+00
        672 268.610564    0.04660     2.7958    167.750     77.972  49159.366    31.0339     8.5553     77.228    6.68824     8.5453    24.0818   12.06341 4.8009e-02 0.0000e+00
        673 268.610567    0.04667     2.8000    168.000     78.167  49160.625    31.0345     8.5542     77.422    6.68837     8.5440    24.0825   12.06362 4.7997e-02 0.0000e+00
        674 268.610570    0.04674     2.8042    168.250     78.365  49162.113    31.0353     8.5530     77.617    6.68852     8.5426    24.0833   12.06385 4.7984e-02 0.0000e+00
        675 268.610573    0.04681     2.8083    168.500     78.566  49163.729    31.0362     8.5517     77.817    6.68868     8.5411    24.0841   12.06411 4.7969e-02 0.0000e+00
        676 268.610576    0.04688     2.8125    168.750     78.772  49165.345    31.0370     8.5503     78.021    6.68884     8.5394    24.0850   12.06437 4.7959e-02 0.0000e+00
        677 268.610579    0.04694     2.8167    169.000     78.982  49166.965    31.0378     8.5489     78.228    6.68903     8.5372    24.0858   12.06467 4.7951e-02 0.0000e+00
        678 268.610582    0.04701     2.8208    169.250     79.192  49168.767    31.0387     8.5471     78.437    6.68924     8.5347    24.0868   12.06501 4.7939e-02 0.0000e+00
        679 268.610584    0.04708     2.8250    169.500     79.403  49171.035    31.0399     8.5450     78.645    6.68951     8.5320    24.0880   12.06544 4.7927e-02 0.0000e+00
        680 268.610587    0.04715     2.8292    169.750     79.611  49173.903    31.0415     8.5425     78.851    6.68982     8.5294    24.0896   12.06593 4.7915e-02 0.0000e+00
        681 268.610590    0.04722     2.8333    170.000     79.815  49177.188    31.0433     8.5398     79.054    6.69014     8.5272    24.0914   12.06645 4.7902e-02 0.0000e+00
        682 268.610593    0.04729     2.8375    170.250     80.018  49180.480    31.0452     8.5373     79.255    6.69045     8.5253    24.0933   12.06693 4.7890e-02 0.0000e+00
        683 268.610596    0.04736     2.8417    170.500     80.221  49183.369    31.0468     8.5350     79.456    6.69072     8.5238    24.0949   12.06736 4.7883e-02 0.0000e+00
        684 268.610599    0.04743     2.8458    170.750     80.423  49185.719    31.0480     8.5332     79.655    6.69094     8.5225    24.0961   12.06771 4.7876e-02 0.0000e+00
        685 268.610602    0.04750     2.8500    171.000     80.620  49187.643    31.0491     8.5317     79.851    6.69112     8.5215    24.0971   12.06800 4.7865e-02 0.0000e+00
        686 268.610605    0.04757     2.8542    171.250     80.812  49189.257    31.0499     8.5305     80.040    6.69127     8.5207    24.0980   12.06823 4.7856e-02 0.0000e+00
        687 268.610608    0.04764     2.8583    171.500     80.998  49190.591    31.0506     8.5295     80.225    6.69139     8.5200    24.0987   12.06842 4.7848e-02 0.0000e+00
        688 268.610611    0.04771     2.8625    171.750     81.180  49191.675    31.0512     8.5287     80.405    6.69149     8.5194    24.0993   12.06857 4.7843e-02 0.0000e+00
        689 268.610613    0.04778     2.8667    172.000     81.357  49192.574    31.0516     8.5280     80.580    6.69156     8.5189    24.0997   12.06870 4.7841e-02 0.0000e+00
        690 268.610616    0.04785     2.8708    172.250     81.527  49193.338    31.0520     8.5274     80.749    6.69163     8.5185    24.1001   12.06880 4.7839e-02 0.0000e+00
        691 268.610619    0.04792     2.8750    172.500     81.692  49193.978    31.0523     8.5270     80.912    6.69169     8.5181    24.1004   12.06889 4.7832e-02 0.0000e+00
        692 268.610622    0.04799     2.8792    172.750     81.854  49194.505    31.0526     8.5266     81.072    6.69174     8.5178    24.1007   12.06897 4.7824e-02 0.0000e+00
        693 268.610625    0.04806     2.8833    173.000     82.015  49194.943    31.0528     8.5262     81.232    6.69179     8.5174    24.1009   12.06905 4.7809e-02 0.0000e+00
        694 268.610628    0.04813     2.8875    173.250     82.179  49195.346    31.0529     8.5259     81.394    6.69183     8.5169    24.1010   12.06913 4.7787e-02 0.0000e+00
        695 268.610631    0.04819     2.8917    173.500     82.347  49195.793    31.0531     8.5255     81.560    6.69188     8.5164    24.1012   12.06921 4.7770e-02 0.0000e+00
        696 268.610634    0.04826     2.8958    173.750     82.519  49196.350    31.0534     8.5250     81.731    6.69194     8.5159    24.1015   12.06929 4.7756e-02 0.0000e+00
        697 268.610637    0.04833     2.9000    174.000     82.696  49197.012    31.0537     8.5245     81.906    6.69200     8.5155    24.1018   12.06939 4.7738e-02 0.0000e+00
        698 268.610639    0.04840     2.9042    174.250     82.876  49197.676    31.0540     8.5241     82.085    6.69206     8.5150    24.1021   12.06948 4.7724e-02 0.0000e+00
        699 268.610642    0.04847     2.9083    174.500     83.056  49198.253    31.0543     8.5236     82.263    6.69211     8.5146    24.1024   12.06957 4.7716e-02 0.0000e+00
        700 268.610645    0.04854     2.9125    174.750     83.234  49198.751    31.0545     8.5232     82.439    6.69217     8.5143    24.1026   12.06965 4.7713e-02 0.0000e+00
        701 268.610648    0.04861     2.9167    175.000     83.410  49199.216    31.0547     8.5228     82.614    6.69222     8.5139    24.1029   12.06973 4.7718e-02 0.0000e+00
        702 268.610651    0.04868     2.9208    175.250     83.585  49199.664    31.0548     8.5225     82.787    6.69226     8.5137    24.1031   12.06981 4.7722e-02 0.0000e+00
        703 268.610654    0.04875     2.9250    175.500     83.762  49200.085    31.0550     8.5222     82.962    6.69230     8.5135    24.1032   12.06987 4.7723e-02 0.0000e+00
        704 268.610657    0.04882     2.9292    175.750     83.941  49200.450    31.0551     8.5219     83.139    6.69232     8.5135    24.1034   12.06991 4.7721e-02 0.0000e+00
        705 268.610660    0.04889     2.9333    176.000     84.121  49200.744    31.0552     8.5218     83.318    6.69234     8.5135    24.1035   12.06993 4.7713e-02 0.0000e+00
        706 268.610663    0.04896     2.9375    176.250     84.302  49200.964    31.0553     8.5218     83.497    6.69234     8.5135    24.1036   12.06994 4.7704e-02 0.0000e+00
        707 268.610666    0.04903     2.9417    176.500     84.481  49201.087    31.0553     8.5218     83.674    6.69234     8.5135    24.1036   12.06994 4.7694e-02 0.0000e+00
        708 268.610668    0.04910     2.9458    176.750     84.658  49201.117    31.0553     8.5218     83.850    6.69234     8.5135    24.1035   12.06993 4.7682e-02 0.0000e+00
        709 268.610671    0.04917     2.9500    177.000     84.834  49201.092    31.0552     8.5218     84.024    6.69234     8.5134    24.1034   12.06993 4.7672e-02 0.0000e+00
        710 268.610674    0.04924     2.9542    177.250     85.011  49201.080    31.0551     8.5218     84.199    6.69234     8.5134    24.1034   12.06994 4.7666e-02 0.0000e+00
        711 268.610677    0.04931     2.9583    177.500     85.189  49201.153    31.0551     8.5218     84.375    6.69235     8.5133    24.1033   12.06995 4.7660e-02 0.0000e+00
        712 268.610680    0.04938     2.9625    177.750     85.368  49201.326    31.0551     8.5217     84.552    6.69236     8.5132    24.1034   12.06997 4.7654e-02 0.0000e+00
        713 268.610683    0.04944     2.9667    178.000     85.548  49201.538    31.0552     8.5217     84.730    6.69237     8.5130    24.1034   12.06998 4.7652e-02 0.0000e+00
        714 268.610686    0.04951     2.9708    178.250     85.729  49201.714    31.0552     8.5216     84.910    6.69238     8.5129    24.1035   12.07000 4.7650e-02 0.0000e+00
        715 268.610689    0.04958     2.9750    178.500     85.912  49201.849    31.0552     8.5215     85.091    6.69239     8.5128    24.1035   12.07002 4.7647e-02 0.0000e+00
        716 268.610692    0.04965     2.9792    178.750     86.097  49202.001    31.0552     8.5214     85.274    6.69241     8.5127    24.1035   12.07005 4.7639e-02 0.0000e+00
        717 268.610694    0.04972     2.9833    179.000     86.285  49202.197    31.0553     8.5213     85.460    6.69242     8.5126    24.1036   12.07007 4.7626e-02 0.0000e+00
        718 268.610697    0.04979     2.9875    179.250     86.474  49202.428    31.0553     8.5212     85.648    6.69243     8.5125    24.1036   12.07008 4.7617e-02 0.0000e+00
        719 268.610700    0.04986     2.9917    179.500     86.665  49202.668    31.0554     8.5211     85.837    6.69244     8.5123    24.1037   12.07010 4.7611e-02 0.0000e+00
        720 268.610703    0.04993     2.9958    179.750     86.856  49202.897    31.0554     8.5210     86.026    6.69245     8.5121    24.1038   12.07012 4.7600e-02 0.0000e+00
        721 268.610706    0.05000     3.0000    180.000     87.049  49203.118    31.0555     8.5208     86.217    6.69247     8.5118    24.1038   12.07015 4.7588e-02 0.0000e+00
        722 268.610709    0.05007     3.0042    180.250     87.242  49203.361    31.0556     8.5206     86.409    6.69250     8.5115    24.1039   12.07020 4.7580e-02 0.0000e+00
        723 268.610712    0.05014     3.0083    180.500     87.436  49203.649    31.0556     8.5204     86.601    6.69254     8.5111    24.1040   12.07025 4.7568e-02 0.0000e+00
