CTD-processing/allCTD/CNV--turbid/2013-04-20-cookinlet-trans7-cast091-s10.cnv
* Sea-Bird SBE19plus Data File:
* FileName = C:\Documents and Settings\kris.holderied.local\My Documents\2012-2013-CTD-DATA-new-files\2013-04-EVOSTC-CookInlet-Ocean\2013-04-CookInlet-Tran7-Augustine\2013-04-20-CookInlet-Trans7-Cast091.hex
* Software Version 1.54
* Temperature SN =  5028
* Conductivity SN =  5028
* System UpLoad Time = Apr 20 2013 14:55:50
** Cook Inlet LTM Tran7 Augustine to Flat Island
** Date:  2013-04-20
** Station:  7-10
** Start time (AKDT-24 hr):  0928
** Depth (m): 76
** Comment:Very clear H2O
** Comment:
# nquan = 16
# nvalues = 629                         
# units = specified
# name 0 = scan: Scan Count
# name 1 = timeJ: Julian Days
# name 2 = timeH: Time, Elapsed [hours]
# name 3 = timeM: Time, Elapsed [minutes]
# name 4 = timeS: Time, Elapsed [seconds]
# name 5 = prdM: Pressure, Strain Gauge [db]
# name 6 = specc: Specific Conductance [uS/cm]
# name 7 = sal00: Salinity, Practical [PSU]
# name 8 = tv290C: Temperature [ITS-90, deg C]
# name 9 = depSM: Depth [salt water, m], lat = 59.00
# name 10 = oxsolML/L: Oxygen Saturation, Garcia & Gordon [ml/l]
# name 11 = potemp090C: Potential Temperature [ITS-90, deg C]
# name 12 = sigma-é00: Density [sigma-theta, kg/m^3]
# name 13 = n2satML/L: Nitrogen Saturation [ml/l]
# name 14 = par: PAR/Irradiance, Biospherical/Licor
# name 15 = flag:  0.000e+00
# span 0 =          1,        629       
# span 1 = 110.395891, 110.397708       
# span 2 =    0.00000,    0.04361       
# span 3 =     0.0000,     2.6167       
# span 4 =      0.000,    157.000       
# span 5 =      0.109,     78.034       
# span 6 =      8.699,  52085.041       
# span 7 =     0.0033,    32.0352       
# span 8 =     2.7545,     3.7924       
# span 9 =      0.108,     77.290       
# span 10 =    7.43721,    9.48110      
# span 11 =     2.7545,     3.7923      
# span 12 =    -0.0346,    25.4749      
# span 13 =   13.29032,   17.16925      
# span 14 = 3.7929e-02, 8.8429e+02      
# span 15 = 0.0000e+00, 0.0000e+00      
# interval = seconds: 0.25
# start_time = Apr 20 2013 09:30:05 [Instrument's time stamp, header]
# bad_flag = -9.990e-29
*END*
[from data line 543]
        544 110.397462    0.03771     2.2625    135.750     56.576  52069.207    32.0044     3.2978     56.039    7.52120     3.2947    25.4690   13.42730 1.9459e-01 0.0000e+00
        545 110.397465    0.03778     2.2667    136.000     56.852  52070.515    32.0051     3.2978     56.312    7.52117     3.2953    25.4696   13.42724 1.8897e-01 0.0000e+00
        546 110.397468    0.03785     2.2708    136.250     57.125  52072.156    32.0062     3.2981     56.583    7.52107     3.2964    25.4704   13.42706 1.8358e-01 0.0000e+00
        547 110.397471    0.03792     2.2750    136.500     57.397  52073.603    32.0072     3.2987     56.853    7.52090     3.2978    25.4712   13.42677 1.7840e-01 0.0000e+00
        548 110.397474    0.03799     2.2792    136.750     57.669  52074.808    32.0081     3.2998     57.121    7.52066     3.2994    25.4718   13.42636 1.7336e-01 0.0000e+00
        549 110.397477    0.03806     2.2833    137.000     57.939  52075.177    32.0086     3.3012     57.390    7.52037     3.3010    25.4721   13.42587 1.6848e-01 0.0000e+00
        550 110.397480    0.03812     2.2875    137.250     58.210  52074.387    32.0083     3.3029     57.658    7.52008     3.3023    25.4717   13.42539 1.6378e-01 0.0000e+00
        551 110.397483    0.03819     2.2917    137.500     58.481  52073.380    32.0079     3.3044     57.927    7.51981     3.3035    25.4713   13.42495 1.5922e-01 0.0000e+00
        552 110.397486    0.03826     2.2958    137.750     58.751  52072.891    32.0078     3.3058     58.194    7.51957     3.3046    25.4710   13.42455 1.5479e-01 0.0000e+00
        553 110.397488    0.03833     2.3000    138.000     59.020  52072.443    32.0077     3.3070     58.460    7.51935     3.3054    25.4708   13.42419 1.5051e-01 0.0000e+00
        554 110.397491    0.03840     2.3042    138.250     59.287  52071.438    32.0071     3.3081     58.725    7.51917     3.3058    25.4703   13.42390 1.4637e-01 0.0000e+00
        555 110.397494    0.03847     2.3083    138.500     59.554  52069.978    32.0062     3.3089     58.989    7.51906     3.3056    25.4695   13.42374 1.4235e-01 0.0000e+00
        556 110.397497    0.03854     2.3125    138.750     59.820  52068.381    32.0051     3.3093     59.253    7.51905     3.3050    25.4686   13.42374 1.3848e-01 0.0000e+00
        557 110.397500    0.03861     2.3167    139.000     60.085  52066.857    32.0039     3.3092     59.515    7.51914     3.3038    25.4676   13.42390 1.3476e-01 0.0000e+00
        558 110.397503    0.03868     2.3208    139.250     60.347  52065.572    32.0027     3.3085     59.775    7.51932     3.3024    25.4668   13.42422 1.3119e-01 0.0000e+00
        559 110.397506    0.03875     2.3250    139.500     60.608  52065.167    32.0020     3.3074     60.033    7.51956     3.3011    25.4663   13.42462 1.2775e-01 0.0000e+00
        560 110.397509    0.03882     2.3292    139.750     60.867  52065.911    32.0020     3.3060     60.289    7.51981     3.2999    25.4664   13.42503 1.2445e-01 0.0000e+00
        561 110.397512    0.03889     2.3333    140.000     61.124  52067.049    32.0023     3.3047     60.543    7.52004     3.2989    25.4668   13.42540 1.2125e-01 0.0000e+00
        562 110.397514    0.03896     2.3375    140.250     61.379  52068.030    32.0026     3.3035     60.797    7.52024     3.2979    25.4671   13.42573 1.1813e-01 0.0000e+00
        563 110.397517    0.03903     2.3417    140.500     61.634  52068.461    32.0025     3.3025     61.050    7.52043     3.2967    25.4671   13.42605 1.1510e-01 0.0000e+00
        564 110.397520    0.03910     2.3458    140.750     61.890  52067.968    32.0017     3.3016     61.303    7.52065     3.2953    25.4666   13.42642 1.1217e-01 0.0000e+00
        565 110.397523    0.03917     2.3500    141.000     62.147  52067.666    32.0011     3.3004     61.557    7.52091     3.2941    25.4662   13.42686 1.0929e-01 0.0000e+00
        566 110.397526    0.03924     2.3542    141.250     62.406  52069.143    32.0016     3.2989     61.814    7.52115     3.2937    25.4667   13.42725 1.0640e-01 0.0000e+00
        567 110.397529    0.03931     2.3583    141.500     62.668  52072.762    32.0036     3.2977     62.073    7.52128     3.2949    25.4684   13.42742 1.0354e-01 0.0000e+00
        568 110.397532    0.03938     2.3625    141.750     62.932  52078.448    32.0072     3.2974     62.334    7.52116     3.2976    25.4713   13.42718 1.0076e-01 0.0000e+00
        569 110.397535    0.03944     2.3667    142.000     63.198  52083.700    32.0110     3.2985     62.598    7.52075     3.3009    25.4742   13.42645 9.8037e-02 0.0000e+00
        570 110.397538    0.03951     2.3708    142.250     63.466  52084.541    32.0121     3.3013     62.863    7.52018     3.3035    25.4749   13.42549 9.5355e-02 0.0000e+00
        571 110.397541    0.03958     2.3750    142.500     63.736  52081.107    32.0105     3.3046     63.131    7.51964     3.3050    25.4733   13.42463 9.2801e-02 0.0000e+00
        572 110.397543    0.03965     2.3792    142.750     64.007  52076.505    32.0079     3.3073     63.398    7.51928     3.3057    25.4711   13.42406 9.0414e-02 0.0000e+00
        573 110.397546    0.03972     2.3833    143.000     64.278  52073.740    32.0063     3.3088     63.667    7.51907     3.3065    25.4696   13.42375 8.8103e-02 0.0000e+00
        574 110.397549    0.03979     2.3875    143.250     64.551  52074.565    32.0069     3.3095     63.938    7.51891     3.3078    25.4700   13.42348 8.5867e-02 0.0000e+00
        575 110.397552    0.03986     2.3917    143.500     64.825  52077.010    32.0086     3.3103     64.208    7.51869     3.3095    25.4713   13.42308 8.3769e-02 0.0000e+00
        576 110.397555    0.03993     2.3958    143.750     65.097  52077.867    32.0094     3.3116     64.478    7.51839     3.3111    25.4718   13.42259 8.1780e-02 0.0000e+00
        577 110.397558    0.04000     2.4000    144.000     65.366  52076.797    32.0090     3.3134     64.745    7.51809     3.3121    25.4713   13.42211 7.9871e-02 0.0000e+00
        578 110.397561    0.04007     2.4042    144.250     65.632  52075.045    32.0081     3.3149     65.008    7.51785     3.3126    25.4705   13.42172 7.8040e-02 0.0000e+00
        579 110.397564    0.04014     2.4083    144.500     65.892  52073.223    32.0070     3.3160     65.265    7.51771     3.3126    25.4695   13.42150 7.6272e-02 0.0000e+00
        580 110.397567    0.04021     2.4125    144.750     66.146  52071.434    32.0058     3.3165     65.517    7.51767     3.3120    25.4685   13.42145 7.4570e-02 0.0000e+00
        581 110.397569    0.04028     2.4167    145.000     66.395  52070.205    32.0048     3.3165     65.764    7.51773     3.3113    25.4678   13.42157 7.2932e-02 0.0000e+00
        582 110.397572    0.04035     2.4208    145.250     66.638  52069.995    32.0044     3.3160     66.005    7.51785     3.3106    25.4675   13.42176 7.1352e-02 0.0000e+00
        583 110.397575    0.04042     2.4250    145.500     66.878  52070.317    32.0043     3.3153     66.242    7.51798     3.3099    25.4675   13.42199 6.9847e-02 0.0000e+00
        584 110.397578    0.04049     2.4292    145.750     67.118  52070.965    32.0045     3.3145     66.480    7.51811     3.3096    25.4676   13.42220 6.8428e-02 0.0000e+00
        585 110.397581    0.04056     2.4333    146.000     67.359  52072.455    32.0052     3.3139     66.719    7.51819     3.3097    25.4682   13.42232 6.7072e-02 0.0000e+00
        586 110.397584    0.04063     2.4375    146.250     67.604  52074.314    32.0062     3.3136     66.961    7.51820     3.3101    25.4691   13.42232 6.5742e-02 0.0000e+00
        587 110.397587    0.04069     2.4417    146.500     67.853  52075.259    32.0068     3.3137     67.208    7.51815     3.3104    25.4695   13.42223 6.4411e-02 0.0000e+00
        588 110.397590    0.04076     2.4458    146.750     68.109  52074.898    32.0065     3.3141     67.461    7.51809     3.3103    25.4693   13.42214 6.3086e-02 0.0000e+00
        589 110.397593    0.04083     2.4500    147.000     68.370  52073.668    32.0056     3.3144     67.720    7.51808     3.3097    25.4686   13.42213 6.1781e-02 0.0000e+00
        590 110.397595    0.04090     2.4542    147.250     68.634  52072.167    32.0044     3.3143     67.981    7.51815     3.3086    25.4676   13.42226 6.0514e-02 0.0000e+00
        591 110.397598    0.04097     2.4583    147.500     68.901  52070.808    32.0032     3.3138     68.245    7.51831     3.3070    25.4667   13.42254 5.9321e-02 0.0000e+00
        592 110.397601    0.04104     2.4625    147.750     69.168  52069.785    32.0021     3.3127     68.510    7.51857     3.3052    25.4659   13.42299 5.8209e-02 0.0000e+00
        593 110.397604    0.04111     2.4667    148.000     69.436  52069.639    32.0014     3.3111     68.775    7.51890     3.3035    25.4656   13.42353 5.7166e-02 0.0000e+00
        594 110.397607    0.04118     2.4708    148.250     69.705  52070.933    32.0017     3.3092     69.041    7.51923     3.3023    25.4659   13.42407 5.6202e-02 0.0000e+00
        595 110.397610    0.04125     2.4750    148.500     69.974  52073.724    32.0030     3.3075     69.307    7.51948     3.3021    25.4671   13.42447 5.5263e-02 0.0000e+00
        596 110.397613    0.04132     2.4792    148.750     70.243  52077.386    32.0050     3.3064     69.574    7.51958     3.3028    25.4689   13.42461 5.4270e-02 0.0000e+00
        597 110.397616    0.04139     2.4833    149.000     70.514  52080.641    32.0071     3.3062     69.842    7.51951     3.3041    25.4705   13.42447 5.3270e-02 0.0000e+00
        598 110.397619    0.04146     2.4875    149.250     70.785  52082.470    32.0084     3.3070     70.111    7.51932     3.3056    25.4715   13.42413 5.2317e-02 0.0000e+00
        599 110.397622    0.04153     2.4917    149.500     71.058  52082.908    32.0089     3.3083     70.381    7.51905     3.3070    25.4717   13.42369 5.1416e-02 0.0000e+00
        600 110.397624    0.04160     2.4958    149.750     71.331  52082.646    32.0089     3.3098     70.652    7.51877     3.3085    25.4717   13.42322 5.0580e-02 0.0000e+00
        601 110.397627    0.04167     2.5000    150.000     71.605  52082.160    32.0088     3.3113     70.923    7.51849     3.3098    25.4715   13.42276 4.9767e-02 0.0000e+00
        602 110.397630    0.04174     2.5042    150.250     71.879  52081.645    32.0087     3.3127     71.195    7.51823     3.3109    25.4712   13.42234 4.8949e-02 0.0000e+00
        603 110.397633    0.04181     2.5083    150.500     72.154  52081.016    32.0085     3.3141     71.467    7.51800     3.3119    25.4709   13.42195 4.8166e-02 0.0000e+00
        604 110.397636    0.04188     2.5125    150.750     72.428  52080.112    32.0080     3.3152     71.739    7.51780     3.3125    25.4705   13.42163 4.7425e-02 0.0000e+00
        605 110.397639    0.04194     2.5167    151.000     72.704  52079.077    32.0074     3.3161     72.012    7.51766     3.3127    25.4699   13.42141 4.6713e-02 0.0000e+00
        606 110.397642    0.04201     2.5208    151.250     72.981  52077.985    32.0067     3.3168     72.286    7.51758     3.3126    25.4693   13.42129 4.6035e-02 0.0000e+00
        607 110.397645    0.04208     2.5250    151.500     73.256  52076.881    32.0059     3.3171     72.559    7.51757     3.3122    25.4686   13.42128 4.5373e-02 0.0000e+00
        608 110.397648    0.04215     2.5292    151.750     73.530  52075.842    32.0051     3.3170     72.830    7.51762     3.3113    25.4679   13.42138 4.4724e-02 0.0000e+00
        609 110.397650    0.04222     2.5333    152.000     73.802  52074.626    32.0040     3.3166     73.100    7.51776     3.3099    25.4671   13.42163 4.4110e-02 0.0000e+00
        610 110.397653    0.04229     2.5375    152.250     74.073  52073.623    32.0029     3.3156     73.368    7.51799     3.3085    25.4663   13.42201 4.3535e-02 0.0000e+00
        611 110.397656    0.04236     2.5417    152.500     74.345  52074.444    32.0030     3.3143     73.637    7.51824     3.3077    25.4665   13.42242 4.2986e-02 0.0000e+00
        612 110.397659    0.04243     2.5458    152.750     74.618  52077.298    32.0044     3.3129     73.907    7.51842     3.3074    25.4677   13.42270 4.2445e-02 0.0000e+00
        613 110.397662    0.04250     2.5500    153.000     74.892  52079.645    32.0056     3.3121     74.179    7.51851     3.3072    25.4688   13.42283 4.1902e-02 0.0000e+00
        614 110.397665    0.04257     2.5542    153.250     75.169  52079.600    32.0054     3.3118     74.453    7.51856     3.3065    25.4687   13.42292 4.1371e-02 0.0000e+00
        615 110.397668    0.04264     2.5583    153.500     75.450  52078.120    32.0042     3.3116     74.731    7.51867     3.3053    25.4677   13.42311 4.0861e-02 0.0000e+00
        616 110.397671    0.04271     2.5625    153.750     75.732  52076.899    32.0030     3.3109     75.010    7.51886     3.3038    25.4669   13.42344 4.0366e-02 0.0000e+00
        617 110.397674    0.04278     2.5667    154.000     76.015  52076.474    32.0023     3.3097     75.290    7.51911     3.3022    25.4664   13.42387 3.9894e-02 0.0000e+00
        618 110.397677    0.04285     2.5708    154.250     76.296  52077.000    32.0021     3.3082     75.569    7.51939     3.3010    25.4664   13.42434 3.9450e-02 0.0000e+00
        619 110.397679    0.04292     2.5750    154.500     76.574  52078.582    32.0027     3.3067     75.844    7.51965     3.3001    25.4670   13.42475 3.9039e-02 0.0000e+00
        620 110.397682    0.04299     2.5792    154.750     76.846  52080.540    32.0035     3.3055     76.114    7.51984     3.2996    25.4678   13.42505 3.8681e-02 0.0000e+00
        621 110.397685    0.04306     2.5833    155.000     77.107  52081.920    32.0041     3.3046     76.372    7.51996     3.2991    25.4683   13.42525 3.8402e-02 0.0000e+00
        622 110.397688    0.04312     2.5875    155.250     77.350  52082.297    32.0041     3.3041     76.613    7.52006     3.2985    25.4683   13.42542 3.8209e-02 0.0000e+00
        623 110.397691    0.04319     2.5917    155.500     77.566  52082.085    32.0037     3.3036     76.827    7.52017     3.2979    25.4681   13.42560 3.8091e-02 0.0000e+00
        624 110.397694    0.04326     2.5958    155.750     77.743  52082.171    32.0035     3.3031     77.002    7.52029     3.2973    25.4680   13.42579 3.8020e-02 0.0000e+00
        625 110.397697    0.04333     2.6000    156.000     77.871  52082.813    32.0037     3.3024     77.129    7.52040     3.2969    25.4682   13.42597 3.7977e-02 0.0000e+00
        626 110.397700    0.04340     2.6042    156.250     77.953  52083.631    32.0041     3.3018     77.210    7.52048     3.2967    25.4685   13.42611 3.7952e-02 0.0000e+00
        627 110.397703    0.04347     2.6083    156.500     78.001  52084.347    32.0044     3.3015     77.258    7.52054     3.2966    25.4688   13.42619 3.7938e-02 0.0000e+00
        628 110.397705    0.04354     2.6125    156.750     78.026  52084.854    32.0047     3.3013     77.282    7.52056 -9.990e-29    25.4691   13.42622 3.7931e-02 0.0000e+00
        629 110.397708    0.04361     2.6167    157.000     78.034  52085.041    32.0048     3.3012     77.290    7.52056 -9.990e-29    25.4692   13.42623 3.7929e-02 0.0000e+00
