CTD-processing/allCTD/CNV--turbid/2013_08-30_t9_s01_cast088.cnv
* Sea-Bird SBE19plus Data File:
* FileName = C:\Users\kris.holderied\Documents\kasitsna\Research-Projects-and-Data\Oceanography-AK\CTD-Data-ALL-to-2013-06-17\2013-CTD-KachBay-CookInlet\2013-08-30-CTD-HomerSpitLine-Tran9-LTM\2013-08-30-CookInlet-Tran9-HomerSpit-cast088.hex
* Software Version 1.59
* Temperature SN =  5028
* Conductivity SN =  5028
* System UpLoad Time = Apr 02 2014 16:05:40
** Cook Inlet LTM Transect 9 (Homer Spit) monthly
** Date: 30 Aug 2013
** Station: 9-01
** Start time: 11:14
** Depth (m): 63.7
** Comment:  CTD instrument time is AK Daylight time
** Comment:
# nquan = 16
# nvalues = 697                         
# units = specified
# name 0 = scan: Scan Count
# name 1 = timeJ: Julian Days
# name 2 = timeH: Time, Elapsed [hours]
# name 3 = timeM: Time, Elapsed [minutes]
# name 4 = timeS: Time, Elapsed [seconds]
# name 5 = prdM: Pressure, Strain Gauge [db]
# name 6 = specc: Specific Conductance [uS/cm]
# name 7 = sal00: Salinity, Practical [PSU]
# name 8 = tv290C: Temperature [ITS-90, deg C]
# name 9 = depSM: Depth [salt water, m], lat = 59.00
# name 10 = oxsolML/L: Oxygen Saturation, Garcia & Gordon [ml/l]
# name 11 = potemp090C: Potential Temperature [ITS-90, deg C]
# name 12 = sigma-é00: Density [sigma-theta, kg/m^3]
# name 13 = n2satML/L: Nitrogen Saturation [ml/l]
# name 14 = par: PAR/Irradiance, Biospherical/Licor
# name 15 = flag:  0.000e+00
# span 0 =          1,        697       
# span 1 = 242.469352, 242.471366       
# span 2 =    0.00000,    0.04833       
# span 3 =     0.0000,     2.9000       
# span 4 =      0.000,    174.000       
# span 5 =      0.633,     59.826       
# span 6 =  34792.574,  48944.082       
# span 7 =    21.4141,    31.0240       
# span 8 =     9.5047,    11.3381       
# span 9 =      0.628,     59.258       
# span 10 =    6.45044,    6.78534      
# span 11 =     9.4986,    11.3380      
# span 12 =    16.2623,    23.9293      
# span 13 =   11.69598,   12.34129      
# span 14 = 6.7448e-02, 3.8210e+02      
# span 15 = 0.0000e+00, 0.0000e+00      
# interval = seconds: 0.25
# start_time = Aug 30 2013 11:15:52 [Instrument's time stamp, header]
# bad_flag = -9.990e-29
*END*
[from data line 181]
        182 242.469876    0.01257     0.7542     45.250      0.799  38619.009    24.0604    11.2935      0.791    6.58308    11.2995    18.2265   11.97438 2.3723e+02 0.0000e+00
        183 242.469878    0.01264     0.7583     45.500      0.792  38712.585    24.1249    11.2970      0.784    6.57989    11.3009    18.2759   11.96828 2.3589e+02 0.0000e+00
        184 242.469881    0.01271     0.7625     45.750      0.790  38829.470    24.2053    11.2996      0.782    6.57617    11.3012    18.3378   11.96110 2.3071e+02 0.0000e+00
        185 242.469884    0.01278     0.7667     46.000      0.792  38930.237    24.2745    11.3010      0.785    6.57309    11.3008    18.3913   11.95512 2.2466e+02 0.0000e+00
        186 242.469887    0.01285     0.7708     46.250      0.797  38991.765    24.3168    11.3013      0.789    6.57129    11.3004    18.4240   11.95161 2.2067e+02 0.0000e+00
        187 242.469890    0.01292     0.7750     46.500      0.801  39006.153    24.3266    11.3009      0.794    6.57093    11.3005    18.4317   11.95089 2.1987e+02 0.0000e+00
        188 242.469893    0.01299     0.7792     46.750      0.804  38977.713    24.3070    11.3005      0.797    6.57180    11.3011    18.4166   11.95257 2.2139e+02 0.0000e+00
        189 242.469896    0.01306     0.7833     47.000      0.804  38922.600    24.2692    11.3006      0.797    6.57336    11.3019    18.3872   11.95563 2.2334e+02 0.0000e+00
        190 242.469899    0.01313     0.7875     47.250      0.803  38863.119    24.2284    11.3012      0.796    6.57498    11.3030    18.3555   11.95883 2.2428e+02 0.0000e+00
        191 242.469902    0.01319     0.7917     47.500      0.799  38813.413    24.1944    11.3020      0.792    6.57628    11.3048    18.3290   11.96142 2.2435e+02 0.0000e+00
        192 242.469905    0.01326     0.7958     47.750      0.794  38772.976    24.1667    11.3031      0.787    6.57727    11.3073    18.3074   11.96341 2.2515e+02 0.0000e+00
        193 242.469907    0.01333     0.8000     48.000      0.789  38740.978    24.1449    11.3049      0.782    6.57792    11.3100    18.2902   11.96476 2.2778e+02 0.0000e+00
        194 242.469910    0.01340     0.8042     48.250      0.785  38728.673    24.1366    11.3074      0.777    6.57791    11.3123    18.2834   11.96484 2.3122e+02 0.0000e+00
        195 242.469913    0.01347     0.8083     48.500      0.783  38750.049    24.1515    11.3101      0.775    6.57690    11.3138    18.2945   11.96297 2.3291e+02 0.0000e+00
        196 242.469916    0.01354     0.8125     48.750      0.785  38803.666    24.1885    11.3124      0.777    6.57503    11.3143    18.3228   11.95940 2.3082e+02 0.0000e+00
        197 242.469919    0.01361     0.8167     49.000      0.791  38869.349    24.2337    11.3139      0.784    6.57294    11.3141    18.3576   11.95537 2.2535e+02 0.0000e+00
        198 242.469922    0.01368     0.8208     49.250      0.801  38916.226    24.2659    11.3144      0.793    6.57153    11.3138    18.3825   11.95263 2.1915e+02 0.0000e+00
        199 242.469925    0.01375     0.8250     49.500      0.809  38916.023    24.2658    11.3142      0.801    6.57156    11.3141    18.3824   11.95268 2.1520e+02 0.0000e+00
        200 242.469928    0.01382     0.8292     49.750      0.813  38864.021    24.2301    11.3139      0.806    6.57308    11.3151    18.3548   11.95565 2.1505e+02 0.0000e+00
        201 242.469931    0.01389     0.8333     50.000      0.812  38783.125    24.1746    11.3142      0.804    6.57536    11.3170    18.3117   11.96013 2.1847e+02 0.0000e+00
        202 242.469933    0.01396     0.8375     50.250      0.805  38707.684    24.1229    11.3152      0.797    6.57737    11.3195    18.2715   11.96411 2.2376e+02 0.0000e+00
        203 242.469936    0.01403     0.8417     50.500      0.797  38667.529    24.0955    11.3171      0.789    6.57824    11.3219    18.2500   11.96589 2.2847e+02 0.0000e+00
        204 242.469939    0.01410     0.8458     50.750      0.791  38675.911    24.1014    11.3196      0.783    6.57763    11.3235    18.2542   11.96480 2.3056e+02 0.0000e+00
        205 242.469942    0.01417     0.8500     51.000      0.790  38721.035    24.1326    11.3219      0.782    6.57599    11.3242    18.2779   11.96170 2.2957e+02 0.0000e+00
        206 242.469945    0.01424     0.8542     51.250      0.793  38776.425    24.1707    11.3235      0.785    6.57418    11.3242    18.3072   11.95821 2.2671e+02 0.0000e+00
        207 242.469948    0.01431     0.8583     51.500      0.799  38817.784    24.1991    11.3242      0.792    6.57290    11.3241    18.3291   11.95572 2.2416e+02 0.0000e+00
        208 242.469951    0.01438     0.8625     51.750      0.805  38825.094    24.2042    11.3243      0.797    6.57268    11.3242    18.3330   11.95529 2.2391e+02 0.0000e+00
        209 242.469954    0.01444     0.8667     52.000      0.807  38793.016    24.1821    11.3242      0.800    6.57361    11.3246    18.3159   11.95712 2.2687e+02 0.0000e+00
        210 242.469957    0.01451     0.8708     52.250      0.804  38740.038    24.1458    11.3243      0.797    6.57511    11.3254    18.2877   11.96006 2.3245e+02 0.0000e+00
        211 242.469959    0.01458     0.8750     52.500      0.797  38691.256    24.1124    11.3247      0.789    6.57645    11.3268    18.2618   11.96271 2.3870e+02 0.0000e+00
        212 242.469962    0.01465     0.8792     52.750      0.788  38665.323    24.0946    11.3255      0.780    6.57707    11.3284    18.2479   11.96395 2.4321e+02 0.0000e+00
        213 242.469965    0.01472     0.8833     53.000      0.781  38675.047    24.1014    11.3269      0.773    6.57659    11.3296    18.2529   11.96306 2.4472e+02 0.0000e+00
        214 242.469968    0.01479     0.8875     53.250      0.778  38716.911    24.1303    11.3285      0.770    6.57516    11.3302    18.2750   11.96033 2.4353e+02 0.0000e+00
        215 242.469971    0.01486     0.8917     53.500      0.779  38772.153    24.1683    11.3297      0.772    6.57340    11.3299    18.3043   11.95693 2.4072e+02 0.0000e+00
        216 242.469974    0.01493     0.8958     53.750      0.784  38821.985    24.2025    11.3303      0.777    6.57189    11.3290    18.3307   11.95400 2.3763e+02 0.0000e+00
        217 242.469977    0.01500     0.9000     54.000      0.790  38850.114    24.2218    11.3300      0.783    6.57113    11.3279    18.3457   11.95249 2.3573e+02 0.0000e+00
        218 242.469980    0.01507     0.9042     54.250      0.795  38846.073    24.2189    11.3291      0.788    6.57138    11.3271    18.3436   11.95295 2.3615e+02 0.0000e+00
        219 242.469983    0.01514     0.9083     54.500      0.797  38814.431    24.1971    11.3280      0.789    6.57244    11.3266    18.3269   11.95499 2.3897e+02 0.0000e+00
        220 242.469986    0.01521     0.9125     54.750      0.795  38774.472    24.1696    11.3271      0.788    6.57371    11.3266    18.3058   11.95743 2.4296e+02 0.0000e+00
        221 242.469988    0.01528     0.9167     55.000      0.791  38745.900    24.1500    11.3267      0.784    6.57459    11.3272    18.2906   11.95915 2.4610e+02 0.0000e+00
        222 242.469991    0.01535     0.9208     55.250      0.788  38738.773    24.1451    11.3267      0.781    6.57479    11.3281    18.2868   11.95955 2.4692e+02 0.0000e+00
        223 242.469994    0.01542     0.9250     55.500      0.787  38752.922    24.1549    11.3273      0.780    6.57430    11.3289    18.2943   11.95860 2.4522e+02 0.0000e+00
        224 242.469997    0.01549     0.9292     55.750      0.789  38778.040    24.1722    11.3282      0.782    6.57345    11.3294    18.3076   11.95697 2.4188e+02 0.0000e+00
        225 242.470000    0.01556     0.9333     56.000      0.794  38799.899    24.1872    11.3290      0.787    6.57271    11.3298    18.3191   11.95556 2.3818e+02 0.0000e+00
        226 242.470003    0.01563     0.9375     56.250      0.799  38805.769    24.1913    11.3295      0.792    6.57247    11.3302    18.3222   11.95510 2.3533e+02 0.0000e+00
        227 242.470006    0.01569     0.9417     56.500      0.802  38788.131    24.1792    11.3299      0.795    6.57292    11.3308    18.3127   11.95601 2.3423e+02 0.0000e+00
        228 242.470009    0.01576     0.9458     56.750      0.802  38750.826    24.1537    11.3302      0.795    6.57393    11.3317    18.2929   11.95800 2.3554e+02 0.0000e+00
        229 242.470012    0.01583     0.9500     57.000      0.798  38704.769    24.1221    11.3308      0.791    6.57516    11.3331    18.2683   11.96043 2.3958e+02 0.0000e+00
        230 242.470014    0.01590     0.9542     57.250      0.791  38661.387    24.0924    11.3317      0.784    6.57626    11.3349    18.2452   11.96264 2.4563e+02 0.0000e+00
        231 242.470017    0.01597     0.9583     57.500      0.784  38634.783    24.0743    11.3331      0.777    6.57682    11.3368    18.2309   11.96378 2.5173e+02 0.0000e+00
        232 242.470020    0.01604     0.9625     57.750      0.777  38638.207    24.0768    11.3350      0.770    6.57644    11.3380    18.2325   11.96313 2.5535e+02 0.0000e+00
        233 242.470023    0.01611     0.9667     58.000      0.775  38674.111    24.1016    11.3369      0.768    6.57514    11.3378    18.2514   11.96066 2.5466e+02 0.0000e+00
        234 242.470026    0.01618     0.9708     58.250      0.778  38730.230    24.1402    11.3381      0.771    6.57337    11.3357    18.2811   11.95724 2.4963e+02 0.0000e+00
        235 242.470029    0.01625     0.9750     58.500      0.787  38785.916    24.1784    11.3379      0.779    6.57181    11.3317    18.3108   11.95418 2.4224e+02 0.0000e+00
        236 242.470032    0.01632     0.9792     58.750      0.797  38822.970    24.2036    11.3358      0.789    6.57106    11.3264    18.3307   11.95261 2.3560e+02 0.0000e+00
        237 242.470035    0.01639     0.9833     59.000      0.805  38832.132    24.2096    11.3318      0.797    6.57139    11.3210    18.3360   11.95308 2.3245e+02 0.0000e+00
        238 242.470038    0.01646     0.9875     59.250      0.807  38818.981    24.2002    11.3265      0.799    6.57254    11.3158    18.3295   11.95511 2.3432e+02 0.0000e+00
        239 242.470041    0.01653     0.9917     59.500      0.803  38806.656    24.1913    11.3211      0.795    6.57368    11.3100    18.3236   11.95712 2.4108e+02 0.0000e+00
        240 242.470043    0.01660     0.9958     59.750      0.794  38829.016    24.2063    11.3159      0.786    6.57380    11.3011    18.3360   11.95713 2.5082e+02 0.0000e+00
        241 242.470046    0.01667     1.0000     60.000      0.783  38923.029    24.2704    11.3101      0.776    6.57196    11.2858    18.3867   11.95329 2.5993e+02 0.0000e+00
        242 242.470049    0.01674     1.0042     60.250      0.776  39093.501    24.3868    11.3012      0.768    6.56839    11.2640    18.4783   11.94592 2.6435e+02 0.0000e+00
        243 242.470052    0.01681     1.0083     60.500      0.774  39290.455    24.5209    11.2859      0.767    6.56500    11.2402    18.5847   11.93863 2.6225e+02 0.0000e+00
        244 242.470055    0.01688     1.0125     60.750      0.779  39466.103    24.6398    11.2641      0.772    6.56316    11.2190    18.6804   11.93411 2.5541e+02 0.0000e+00
        245 242.470058    0.01694     1.0167     61.000      0.789  39608.867    24.7360    11.2402      0.782    6.56256    11.2024    18.7589   11.93193 2.4748e+02 0.0000e+00
        246 242.470061    0.01701     1.0208     61.250      0.800  39705.953    24.8010    11.2190      0.793    6.56289    11.1906    18.8127   11.93168 2.4154e+02 0.0000e+00
        247 242.470064    0.01708     1.0250     61.500      0.807  39748.454    24.8289    11.2025      0.800    6.56409    11.1827    18.8369   11.93335 2.3930e+02 0.0000e+00
        248 242.470067    0.01715     1.0292     61.750      0.809  39754.134    24.8318    11.1907      0.801    6.56566    11.1777    18.8411   11.93592 2.4149e+02 0.0000e+00
        249 242.470069    0.01722     1.0333     62.000      0.804  39740.279    24.8216    11.1828      0.796    6.56721    11.1747    18.8345   11.93863 2.4756e+02 0.0000e+00
        250 242.470072    0.01729     1.0375     62.250      0.795  39717.086    24.8052    11.1777      0.787    6.56861    11.1734    18.8226   11.94116 2.5542e+02 0.0000e+00
        251 242.470075    0.01736     1.0417     62.500      0.786  39699.599    24.7929    11.1748      0.778    6.56954    11.1733    18.8136   11.94286 2.6225e+02 0.0000e+00
        252 242.470078    0.01743     1.0458     62.750      0.779  39705.549    24.7969    11.1735      0.772    6.56957    11.1738    18.8169   11.94285 2.6557e+02 0.0000e+00
        253 242.470081    0.01750     1.0500     63.000      0.778  39748.501    24.8265    11.1734      0.771    6.56835    11.1743    18.8399   11.94047 2.6390e+02 0.0000e+00
        254 242.470084    0.01757     1.0542     63.250      0.784  39838.698    24.8887    11.1739      0.776    6.56570    11.1748    18.8880   11.93529 2.5757e+02 0.0000e+00
        255 242.470087    0.01764     1.0583     63.500      0.794  39975.544    24.9830    11.1744      0.786    6.56170    11.1752    18.9610   11.92748 2.4909e+02 0.0000e+00
        256 242.470090    0.01771     1.0625     63.750      0.805  40112.173    25.0771    11.1749      0.797    6.55772    11.1751    19.0340   11.91970 2.4197e+02 0.0000e+00
        257 242.470093    0.01778     1.0667     64.000      0.813  40189.214    25.1302    11.1753      0.805    6.55545    11.1746    19.0751   11.91529 2.3885e+02 0.0000e+00
        258 242.470095    0.01785     1.0708     64.250      0.815  40192.110    25.1322    11.1752      0.807    6.55538    11.1735    19.0766   11.91514 2.4090e+02 0.0000e+00
        259 242.470098    0.01792     1.0750     64.500      0.809  40114.518    25.0787    11.1746      0.801    6.55768    11.1717    19.0352   11.91962 2.4780e+02 0.0000e+00
        260 242.470101    0.01799     1.0792     64.750      0.797  39975.266    24.9827    11.1735      0.790    6.56183    11.1696    18.9610   11.92770 2.5768e+02 0.0000e+00
        261 242.470104    0.01806     1.0833     65.000      0.784  39846.670    24.8940    11.1718      0.777    6.56577    11.1675    18.8924   11.93535 2.6712e+02 0.0000e+00
        262 242.470107    0.01812     1.0875     65.250      0.773  39775.068    24.8445    11.1696      0.766    6.56814    11.1655    18.8544   11.93990 2.7250e+02 0.0000e+00
        263 242.470110    0.01819     1.0917     65.500      0.769  39751.578    24.8281    11.1676      0.762    6.56911    11.1634    18.8420   11.94172 2.7220e+02 0.0000e+00
        264 242.470113    0.01826     1.0958     65.750      0.770  39748.432    24.8258    11.1656      0.763    6.56949    11.1610    18.8405   11.94237 2.6755e+02 0.0000e+00
        265 242.470116    0.01833     1.1000     66.000      0.776  39746.879    24.8245    11.1635      0.769    6.56985    11.1587    18.8399   11.94298 2.6184e+02 0.0000e+00
        266 242.470119    0.01840     1.1042     66.250      0.783  39741.649    24.8207    11.1611      0.776    6.57034    11.1565    18.8373   11.94385 2.5829e+02 0.0000e+00
        267 242.470122    0.01847     1.1083     66.500      0.787  39729.094    24.8119    11.1587      0.780    6.57105    11.1548    18.8308   11.94513 2.5846e+02 0.0000e+00
        268 242.470124    0.01854     1.1125     66.750      0.786  39706.638    24.7962    11.1566      0.779    6.57201    11.1536    18.8190   11.94692 2.6177e+02 0.0000e+00
        269 242.470127    0.01861     1.1167     67.000      0.782  39672.877    24.7728    11.1548      0.775    6.57323    11.1527    18.8012   11.94924 2.6585e+02 0.0000e+00
        270 242.470130    0.01868     1.1208     67.250      0.776  39631.142    24.7440    11.1536      0.769    6.57460    11.1517    18.7791   11.95188 2.6793e+02 0.0000e+00
        271 242.470133    0.01875     1.1250     67.500      0.773  39589.982    24.7157    11.1527      0.765    6.57591    11.1503    18.7572   11.95441 2.6666e+02 0.0000e+00
