CTD-processing/allCTD/CNV--turbid/2013_08-07_t9_s07_cast117.cnv
* Sea-Bird SBE19plus Data File:
* FileName = C:\Users\kris.holderied\Documents\kasitsna\Research-Projects-and-Data\Oceanography-AK\CTD-Data-ALL-to-2014-03\2013-CTD-KachBay-CookInlet\2013-08-07-CookInlet-CTD4141\2013-08-07-CookInlet-Tran9-cast117.hex
* Software Version 1.59
* Temperature SN =  4141
* Conductivity SN =  4141
* System UpLoad Time = May 27 2014 20:10:40
** Cook Inlet LTM Transect 9 (Homer Spit) Extra??
** Date: 2013-08-07
** Station: 9-07
** Start time: 16:15
** Depth (m): 100
** Comment:
** Comment:
# nquan = 16
# nvalues = 595                         
# units = specified
# name 0 = scan: Scan Count
# name 1 = timeJ: Julian Days
# name 2 = timeH: Time, Elapsed [hours]
# name 3 = timeM: Time, Elapsed [minutes]
# name 4 = timeS: Time, Elapsed [seconds]
# name 5 = prdM: Pressure, Strain Gauge [db]
# name 6 = specc: Specific Conductance [uS/cm]
# name 7 = sal00: Salinity, Practical [PSU]
# name 8 = tv290C: Temperature [ITS-90, deg C]
# name 9 = depSM: Depth [salt water, m], lat = 59.00
# name 10 = oxsolML/L: Oxygen Saturation, Garcia & Gordon [ml/l]
# name 11 = potemp090C: Potential Temperature [ITS-90, deg C]
# name 12 = sigma-é00: Density [sigma-theta, kg/m^3]
# name 13 = n2satML/L: Nitrogen Saturation [ml/l]
# name 14 = par: PAR/Irradiance, Biospherical/Licor
# name 15 = flag:  0.000e+00
# span 0 =          1,        595       
# span 1 = 219.677014, 219.678733       
# span 2 =    0.00000,    0.04125       
# span 3 =     0.0000,     2.4750       
# span 4 =      0.000,    148.500       
# span 5 =     -0.116,     90.582       
# span 6 =   5224.960,  50277.716       
# span 7 =     2.7937,    31.6799       
# span 8 =     7.7152,    11.5349       
# span 9 =     -0.115,     89.715       
# span 10 =    6.42836,    7.61737      
# span 11 =     7.7069,    11.5348      
# span 12 =     1.8103,    24.7084      
# span 13 =   11.63122,   13.99180      
# span 14 = 3.6382e-02, 3.0009e+01      
# span 15 = 0.0000e+00, 0.0000e+00      
# interval = seconds: 0.25
# start_time = Aug 07 2013 16:14:54 [Instrument's time stamp, header]
# bad_flag = -9.990e-29
*END*
[from data line 452]
        453 219.678322    0.03139     1.8833    113.000     43.435  49906.218    31.5536     8.4312     43.024    6.68434     8.4139    24.5066   12.05059 3.6382e-02 0.0000e+00
        454 219.678325    0.03146     1.8875    113.250     43.799  49915.204    31.5585     8.4234     43.385    6.68529     8.4107    24.5116   12.05211 3.6382e-02 0.0000e+00
        455 219.678328    0.03153     1.8917    113.500     44.164  49921.186    31.5618     8.4183     43.746    6.68591     8.4087    24.5149   12.05310 3.6382e-02 0.0000e+00
        456 219.678330    0.03160     1.8958    113.750     44.529  49925.069    31.5639     8.4151     44.108    6.68630     8.4074    24.5170   12.05372 3.6382e-02 0.0000e+00
        457 219.678333    0.03167     1.9000    114.000     44.895  49927.476    31.5651     8.4131     44.470    6.68655     8.4065    24.5183   12.05411 3.6382e-02 0.0000e+00
        458 219.678336    0.03174     1.9042    114.250     45.262  49928.757    31.5656     8.4119     44.834    6.68671     8.4058    24.5189   12.05437 3.6382e-02 0.0000e+00
        459 219.678339    0.03181     1.9083    114.500     45.628  49929.220    31.5656     8.4110     45.197    6.68684     8.4050    24.5190   12.05458 3.6382e-02 0.0000e+00
        460 219.678342    0.03188     1.9125    114.750     45.993  49929.316    31.5654     8.4103     45.558    6.68696     8.4043    24.5190   12.05478 3.6382e-02 0.0000e+00
        461 219.678345    0.03194     1.9167    115.000     46.356  49929.525    31.5653     8.4096     45.918    6.68707     8.4036    24.5190   12.05497 3.6382e-02 0.0000e+00
        462 219.678348    0.03201     1.9208    115.250     46.716  49929.953    31.5654     8.4089     46.274    6.68717     8.4030    24.5191   12.05513 3.6382e-02 0.0000e+00
        463 219.678351    0.03208     1.9250    115.500     47.075  49930.448    31.5655     8.4083     46.630    6.68726     8.4025    24.5193   12.05528 3.6382e-02 0.0000e+00
        464 219.678354    0.03215     1.9292    115.750     47.434  49931.026    31.5656     8.4077     46.986    6.68734     8.4021    24.5195   12.05542 3.6382e-02 0.0000e+00
        465 219.678356    0.03222     1.9333    116.000     47.795  49931.712    31.5658     8.4072     47.343    6.68741     8.4018    24.5198   12.05553 3.6382e-02 0.0000e+00
        466 219.678359    0.03229     1.9375    116.250     48.157  49932.377    31.5661     8.4068     47.702    6.68745     8.4017    24.5200   12.05560 3.6382e-02 0.0000e+00
        467 219.678362    0.03236     1.9417    116.500     48.521  49933.003    31.5663     8.4065     48.062    6.68748     8.4017    24.5202   12.05564 3.6382e-02 0.0000e+00
        468 219.678365    0.03243     1.9458    116.750     48.886  49933.686    31.5667     8.4065     48.423    6.68747     8.4019    24.5205   12.05563 3.6382e-02 0.0000e+00
        469 219.678368    0.03250     1.9500    117.000     49.251  49934.370    31.5670     8.4066     48.785    6.68745     8.4021    24.5208   12.05558 3.6382e-02 0.0000e+00
        470 219.678371    0.03257     1.9542    117.250     49.616  49934.955    31.5673     8.4068     49.146    6.68740     8.4025    24.5210   12.05550 3.6382e-02 0.0000e+00
        471 219.678374    0.03264     1.9583    117.500     49.981  49935.503    31.5675     8.4071     49.508    6.68735     8.4029    24.5211   12.05541 3.6382e-02 0.0000e+00
        472 219.678377    0.03271     1.9625    117.750     50.346  49936.083    31.5678     8.4074     49.869    6.68728     8.4035    24.5213   12.05529 3.6382e-02 0.0000e+00
        473 219.678380    0.03278     1.9667    118.000     50.711  49936.656    31.5681     8.4079     50.231    6.68720     8.4041    24.5215   12.05515 3.6382e-02 0.0000e+00
        474 219.678383    0.03285     1.9708    118.250     51.076  49937.330    31.5685     8.4084     50.592    6.68710     8.4050    24.5217   12.05498 3.6382e-02 0.0000e+00
        475 219.678385    0.03292     1.9750    118.500     51.441  49938.334    31.5692     8.4091     50.954    6.68697     8.4061    24.5222   12.05475 3.6382e-02 0.0000e+00
        476 219.678388    0.03299     1.9792    118.750     51.806  49939.584    31.5700     8.4100     51.315    6.68680     8.4075    24.5227   12.05445 3.6382e-02 0.0000e+00
        477 219.678391    0.03306     1.9833    119.000     52.170  49940.902    31.5710     8.4112     51.676    6.68658     8.4092    24.5232   12.05408 3.6382e-02 0.0000e+00
        478 219.678394    0.03313     1.9875    119.250     52.534  49942.327    31.5720     8.4126     52.036    6.68632     8.4112    24.5239   12.05363 3.6382e-02 0.0000e+00
        479 219.678397    0.03319     1.9917    119.500     52.899  49943.785    31.5732     8.4144     52.398    6.68601     8.4135    24.5245   12.05311 3.6382e-02 0.0000e+00
        480 219.678400    0.03326     1.9958    119.750     53.265  49945.113    31.5742     8.4164     52.761    6.68565     8.4160    24.5251   12.05251 3.6382e-02 0.0000e+00
        481 219.678403    0.03333     2.0000    120.000     53.631  49946.116    31.5751     8.4188     53.123    6.68526     8.4186    24.5254   12.05186 3.6382e-02 0.0000e+00
        482 219.678406    0.03340     2.0042    120.250     53.996  49946.410    31.5756     8.4213     53.485    6.68485     8.4210    24.5254   12.05118 3.6382e-02 0.0000e+00
        483 219.678409    0.03347     2.0083    120.500     54.362  49945.893    31.5754     8.4240     53.847    6.68447     8.4231    24.5249   12.05054 3.6382e-02 0.0000e+00
        484 219.678411    0.03354     2.0125    120.750     54.729  49944.970    31.5750     8.4264     54.211    6.68412     8.4249    24.5242   12.04997 3.6382e-02 0.0000e+00
        485 219.678414    0.03361     2.0167    121.000     55.097  49944.035    31.5745     8.4286     54.575    6.68382     8.4263    24.5235   12.04948 3.6382e-02 0.0000e+00
        486 219.678417    0.03368     2.0208    121.250     55.466  49943.181    31.5740     8.4304     54.941    6.68357     8.4274    24.5229   12.04907 3.6382e-02 0.0000e+00
        487 219.678420    0.03375     2.0250    121.500     55.835  49942.422    31.5735     8.4318     55.305    6.68337     8.4283    24.5223   12.04875 3.6382e-02 0.0000e+00
        488 219.678423    0.03382     2.0292    121.750     56.202  49941.888    31.5732     8.4330     55.669    6.68321     8.4290    24.5218   12.04849 3.6382e-02 0.0000e+00
        489 219.678426    0.03389     2.0333    122.000     56.568  49941.791    31.5731     8.4339     56.031    6.68308     8.4295    24.5216   12.04827 3.6382e-02 0.0000e+00
        490 219.678429    0.03396     2.0375    122.250     56.933  49942.027    31.5732     8.4346     56.393    6.68297     8.4300    24.5216   12.04808 3.6382e-02 0.0000e+00
        491 219.678432    0.03403     2.0417    122.500     57.297  49942.249    31.5733     8.4352     56.753    6.68288     8.4303    24.5216   12.04793 3.6382e-02 0.0000e+00
        492 219.678435    0.03410     2.0458    122.750     57.659  49942.600    31.5734     8.4356     57.112    6.68280     8.4305    24.5217   12.04779 3.6382e-02 0.0000e+00
        493 219.678438    0.03417     2.0500    123.000     58.021  49943.282    31.5738     8.4360     57.470    6.68273     8.4308    24.5219   12.04767 3.6382e-02 0.0000e+00
        494 219.678440    0.03424     2.0542    123.250     58.382  49944.280    31.5744     8.4363     57.828    6.68266     8.4310    24.5224   12.04755 3.6382e-02 0.0000e+00
        495 219.678443    0.03431     2.0583    123.500     58.742  49945.676    31.5752     8.4366     58.184    6.68258     8.4314    24.5230   12.04742 3.6382e-02 0.0000e+00
        496 219.678446    0.03438     2.0625    123.750     59.103  49947.296    31.5763     8.4369     58.541    6.68249     8.4316    24.5238   12.04726 3.6382e-02 0.0000e+00
        497 219.678449    0.03444     2.0667    124.000     59.464  49948.811    31.5772     8.4372     58.899    6.68240     8.4318    24.5245   12.04709 3.6382e-02 0.0000e+00
        498 219.678452    0.03451     2.0708    124.250     59.825  49950.180    31.5781     8.4375     59.257    6.68232     8.4316    24.5251   12.04695 3.6382e-02 0.0000e+00
        499 219.678455    0.03458     2.0750    124.500     60.187  49951.566    31.5789     8.4376     59.615    6.68226     8.4311    24.5257   12.04684 3.6382e-02 0.0000e+00
        500 219.678458    0.03465     2.0792    124.750     60.548  49952.951    31.5797     8.4375     59.973    6.68224     8.4301    24.5264   12.04680 3.6382e-02 0.0000e+00
        501 219.678461    0.03472     2.0833    125.000     60.909  49954.365    31.5805     8.4371     60.331    6.68228     8.4284    24.5270   12.04686 3.6382e-02 0.0000e+00
        502 219.678464    0.03479     2.0875    125.250     61.270  49955.989    31.5813     8.4361     60.689    6.68239     8.4262    24.5278   12.04703 3.6382e-02 0.0000e+00
        503 219.678466    0.03486     2.0917    125.500     61.632  49957.877    31.5822     8.4345     61.047    6.68259     8.4233    24.5288   12.04735 3.6382e-02 0.0000e+00
        504 219.678469    0.03493     2.0958    125.750     61.993  49960.275    31.5834     8.4323     61.404    6.68287     8.4198    24.5300   12.04779 3.6382e-02 0.0000e+00
        505 219.678472    0.03500     2.1000    126.000     62.352  49963.414    31.5850     8.4295     61.759    6.68322     8.4152    24.5317   12.04835 3.6382e-02 0.0000e+00
        506 219.678475    0.03507     2.1042    126.250     62.709  49966.784    31.5867     8.4259     62.113    6.68368     8.4095    24.5335   12.04909 3.6382e-02 0.0000e+00
        507 219.678478    0.03514     2.1083    126.500     63.065  49970.099    31.5882     8.4214     62.466    6.68430     8.4029    24.5353   12.05010 3.6382e-02 0.0000e+00
        508 219.678481    0.03521     2.1125    126.750     63.419  49973.915    31.5898     8.4157     62.817    6.68508     8.3959    24.5375   12.05137 3.6382e-02 0.0000e+00
        509 219.678484    0.03528     2.1167    127.000     63.773  49979.217    31.5924     8.4091     63.167    6.68596     8.3892    24.5405   12.05280 3.6382e-02 0.0000e+00
        510 219.678487    0.03535     2.1208    127.250     64.126  49987.081    31.5967     8.4022     63.517    6.68682     8.3837    24.5449   12.05418 3.6382e-02 0.0000e+00
        511 219.678490    0.03542     2.1250    127.500     64.480  49997.303    31.6027     8.3956     63.867    6.68756     8.3798    24.5506   12.05532 3.6382e-02 0.0000e+00
        512 219.678492    0.03549     2.1292    127.750     64.834  50008.088    31.6092     8.3901     64.217    6.68809     8.3773    24.5565   12.05613 3.6382e-02 0.0000e+00
        513 219.678495    0.03556     2.1333    128.000     65.187  50016.454    31.6143     8.3862     64.567    6.68845     8.3753    24.5611   12.05665 3.6382e-02 0.0000e+00
        514 219.678498    0.03562     2.1375    128.250     65.540  50020.263    31.6165     8.3838     64.917    6.68873     8.3729    24.5631   12.05709 3.6382e-02 0.0000e+00
        515 219.678501    0.03569     2.1417    128.500     65.894  50020.872    31.6164     8.3818     65.267    6.68903     8.3700    24.5634   12.05759 3.6382e-02 0.0000e+00
        516 219.678504    0.03576     2.1458    128.750     66.247  50021.449    31.6163     8.3794     65.617    6.68940     8.3671    24.5636   12.05820 3.6382e-02 0.0000e+00
        517 219.678507    0.03583     2.1500    129.000     66.598  50023.594    31.6172     8.3765     65.965    6.68979     8.3647    24.5648   12.05884 3.6382e-02 0.0000e+00
        518 219.678510    0.03590     2.1542    129.250     66.946  50026.934    31.6190     8.3736     66.309    6.69014     8.3631    24.5666   12.05940 3.6382e-02 0.0000e+00
        519 219.678513    0.03597     2.1583    129.500     67.290  50030.514    31.6210     8.3713     66.649    6.69041     8.3622    24.5685   12.05981 3.6382e-02 0.0000e+00
        520 219.678516    0.03604     2.1625    129.750     67.629  50033.524    31.6227     8.3698     66.985    6.69057     8.3617    24.5701   12.06005 3.6382e-02 0.0000e+00
        521 219.678519    0.03611     2.1667    130.000     67.966  50035.632    31.6239     8.3689     67.320    6.69065     8.3612    24.5712   12.06018 3.6382e-02 0.0000e+00
        522 219.678521    0.03618     2.1708    130.250     68.305  50036.759    31.6245     8.3684     67.655    6.69070     8.3602    24.5717   12.06026 3.6382e-02 0.0000e+00
        523 219.678524    0.03625     2.1750    130.500     68.646  50036.557    31.6241     8.3679     67.992    6.69079     8.3581    24.5715   12.06041 3.6382e-02 0.0000e+00
        524 219.678527    0.03632     2.1792    130.750     68.991  50034.534    31.6224     8.3670     68.334    6.69101     8.3538    24.5703   12.06079 3.6382e-02 0.0000e+00
        525 219.678530    0.03639     2.1833    131.000     69.339  50030.301    31.6189     8.3649     68.679    6.69148     8.3461    24.5679   12.06161 3.6382e-02 0.0000e+00
        526 219.678533    0.03646     2.1875    131.250     69.689  50023.406    31.6133     8.3606     69.025    6.69236     8.3336    24.5641   12.06315 3.6382e-02 0.0000e+00
        527 219.678536    0.03653     2.1917    131.500     70.038  50013.469    31.6050     8.3530     69.372    6.69388     8.3146    24.5587   12.06575 3.6382e-02 0.0000e+00
        528 219.678539    0.03660     2.1958    131.750     70.387  50000.934    31.5941     8.3405     69.717    6.69624     8.2881    24.5520   12.06979 3.6382e-02 0.0000e+00
        529 219.678542    0.03667     2.2000    132.000     70.734  49988.258    31.5822     8.3215     70.060    6.69963     8.2533    24.5454   12.07555 3.6382e-02 0.0000e+00
        530 219.678545    0.03674     2.2042    132.250     71.078  49976.462    31.5696     8.2950     70.401    6.70419     8.2087    24.5394   12.08324 3.6382e-02 0.0000e+00
        531 219.678547    0.03681     2.2083    132.500     71.420  49962.858    31.5545     8.2603     70.740    6.71012     8.1529    24.5326   12.09324 3.6382e-02 0.0000e+00
        532 219.678550    0.03687     2.2125    132.750     71.761  49948.581    31.5374     8.2157     71.077    6.71764     8.0873    24.5256   12.10589 3.6382e-02 0.0000e+00
        533 219.678553    0.03694     2.2167    133.000     72.099  49942.985    31.5246     8.1598     71.413    6.72669     8.0169    24.5235   12.12102 3.6382e-02 0.0000e+00
        534 219.678556    0.03701     2.2208    133.250     72.436  49954.591    31.5223     8.0942     71.746    6.73679     7.9477    24.5311   12.13775 3.6382e-02 0.0000e+00
        535 219.678559    0.03708     2.2250    133.500     72.771  49983.084    31.5309     8.0238     72.079    6.74715     7.8851    24.5479   12.15479 3.6382e-02 0.0000e+00
        536 219.678562    0.03715     2.2292    133.750     73.105  50025.496    31.5494     7.9546     72.409    6.75693     7.8335    24.5723   12.17073 3.6382e-02 0.0000e+00
        537 219.678565    0.03722     2.2333    134.000     73.436  50077.363    31.5755     7.8920     72.737    6.76537     7.7947    24.6016   12.18437 3.6382e-02 0.0000e+00
        538 219.678568    0.03729     2.2375    134.250     73.764  50128.666    31.6029     7.8404     73.061    6.77207     7.7674    24.6305   12.19511 3.6382e-02 0.0000e+00
        539 219.678571    0.03736     2.2417    134.500     74.088  50170.830    31.6260     7.8017     73.382    6.77700     7.7490    24.6541   12.20299 3.6382e-02 0.0000e+00
        540 219.678573    0.03743     2.2458    134.750     74.410  50201.722    31.6430     7.7744     73.701    6.78044     7.7369    24.6713   12.20847 3.6382e-02 0.0000e+00
        541 219.678576    0.03750     2.2500    135.000     74.731  50223.010    31.6547     7.7560     74.019    6.78275     7.7290    24.6831   12.21215 3.6382e-02 0.0000e+00
        542 219.678579    0.03757     2.2542    135.250     75.052  50237.020    31.6624     7.7439     74.337    6.78428     7.7238    24.6908   12.21457 3.6382e-02 0.0000e+00
