CTD-processing/allCTD/CNV--turbid/2013_02-12_t9_s08_cast014.cnv
* Sea-Bird SBE19plus Data File:
* FileName = C:\Documents and Settings\kris.holderied.local\My Documents\2012-2013-CTD-DATA-new-files\2013-02-EVOSTC-CookInlet\2013-02-12-HomerSpitLine-Tran9\2013-02-12-HomerSpitLine-Tran9-cast014.hex
* Software Version 1.54
* Temperature SN =  5028
* Conductivity SN =  5028
* System UpLoad Time = Feb 12 2013 10:09:27
** Kachemak Bay Spit Line  North to south
** Date:  12 Feb 2013
** Station:  9-08
** Start time (AKDT-24 hr):  0751
** Depth (m):  92
** Comment:
# nquan = 16
# nvalues = 850                         
# units = specified
# name 0 = scan: Scan Count
# name 1 = timeJ: Julian Days
# name 2 = timeH: Time, Elapsed [hours]
# name 3 = timeM: Time, Elapsed [minutes]
# name 4 = timeS: Time, Elapsed [seconds]
# name 5 = prdM: Pressure, Strain Gauge [db]
# name 6 = specc: Specific Conductance [uS/cm]
# name 7 = sal00: Salinity, Practical [PSU]
# name 8 = tv290C: Temperature [ITS-90, deg C]
# name 9 = depSM: Depth [salt water, m], lat = 59.00
# name 10 = oxsolML/L: Oxygen Saturation, Garcia & Gordon [ml/l]
# name 11 = potemp090C: Potential Temperature [ITS-90, deg C]
# name 12 = sigma-é00: Density [sigma-theta, kg/m^3]
# name 13 = n2satML/L: Nitrogen Saturation [ml/l]
# name 14 = par: PAR/Irradiance, Biospherical/Licor
# name 15 = flag:  0.000e+00
# span 0 =          1,        850       
# span 1 =  43.410961,  43.413417       
# span 2 =    0.00000,    0.05896       
# span 3 =     0.0000,     3.5375       
# span 4 =      0.000,    212.250       
# span 5 =     -0.121,     82.282       
# span 6 =    375.199,  51454.967       
# span 7 =     0.1703,    31.6258       
# span 8 =     2.1067,     3.6267       
# span 9 =     -0.120,     81.496       
# span 10 =    7.47994,    9.63800      
# span 11 =     2.1084,     3.6227      
# span 12 =     0.0848,    25.1387      
# span 13 =   13.36420,   17.42904      
# span 14 = 3.7912e-02, 6.6430e+00      
# span 15 = 0.0000e+00, 0.0000e+00      
# interval = seconds: 0.25
# start_time = Feb 12 2013 09:51:47 [Instrument's time stamp, header]
# bad_flag = -9.990e-29
*END*
[from data line 543]
        544  43.412532    0.03771     2.2625    135.750     34.499  51337.656    31.5750     3.5166     34.173    7.50262     3.5136    25.1075   13.40229 3.7912e-02 0.0000e+00
        545  43.412535    0.03778     2.2667    136.000     34.666  51337.628    31.5748     3.5162     34.339    7.50270     3.5130    25.1073   13.40241 3.7912e-02 0.0000e+00
        546  43.412538    0.03785     2.2708    136.250     34.827  51337.777    31.5747     3.5157     34.499    7.50280     3.5123    25.1073   13.40258 3.7912e-02 0.0000e+00
        547  43.412541    0.03792     2.2750    136.500     34.981  51338.087    31.5747     3.5151     34.652    7.50291     3.5116    25.1073   13.40278 3.7912e-02 0.0000e+00
        548  43.412543    0.03799     2.2792    136.750     35.128  51338.652    31.5748     3.5144     34.796    7.50303     3.5110    25.1075   13.40297 3.7912e-02 0.0000e+00
        549  43.412546    0.03806     2.2833    137.000     35.269  51339.482    31.5751     3.5137     34.936    7.50314     3.5106    25.1078   13.40314 3.7912e-02 0.0000e+00
        550  43.412549    0.03812     2.2875    137.250     35.410  51340.484    31.5756     3.5131     35.076    7.50322     3.5104    25.1082   13.40327 3.7912e-02 0.0000e+00
        551  43.412552    0.03819     2.2917    137.500     35.558  51341.764    31.5763     3.5127     35.222    7.50326     3.5105    25.1088   13.40333 3.7912e-02 0.0000e+00
        552  43.412555    0.03826     2.2958    137.750     35.716  51343.484    31.5773     3.5126     35.379    7.50324     3.5110    25.1097   13.40328 3.7912e-02 0.0000e+00
        553  43.412558    0.03833     2.3000    138.000     35.887  51345.702    31.5788     3.5127     35.548    7.50315     3.5121    25.1108   13.40311 3.7912e-02 0.0000e+00
        554  43.412561    0.03840     2.3042    138.250     36.068  51348.674    31.5808     3.5132     35.728    7.50295     3.5140    25.1124   13.40276 3.7912e-02 0.0000e+00
        555  43.412564    0.03847     2.3083    138.500     36.255  51352.558    31.5837     3.5143     35.914    7.50260     3.5167    25.1145   13.40215 3.7912e-02 0.0000e+00
        556  43.412567    0.03854     2.3125    138.750     36.440  51356.593    31.5868     3.5161     36.097    7.50210     3.5199    25.1169   13.40127 3.7912e-02 0.0000e+00
        557  43.412569    0.03861     2.3167    139.000     36.615  51359.120    31.5891     3.5189     36.270    7.50148     3.5229    25.1185   13.40021 3.7912e-02 0.0000e+00
        558  43.412572    0.03868     2.3208    139.250     36.774  51358.536    31.5894     3.5221     36.427    7.50087     3.5250    25.1185   13.39920 3.7912e-02 0.0000e+00
        559  43.412575    0.03875     2.3250    139.500     36.914  51355.164    31.5878     3.5251     36.566    7.50039     3.5261    25.1169   13.39844 3.7912e-02 0.0000e+00
        560  43.412578    0.03882     2.3292    139.750     37.040  51351.536    31.5858     3.5272     36.691    7.50010     3.5265    25.1151   13.39799 3.7912e-02 0.0000e+00
        561  43.412581    0.03889     2.3333    140.000     37.159  51349.346    31.5845     3.5283     36.808    7.49997     3.5265    25.1140   13.39779 3.7912e-02 0.0000e+00
        562  43.412584    0.03896     2.3375    140.250     37.279  51348.198    31.5837     3.5287     36.928    7.49994     3.5264    25.1134   13.39774 3.7912e-02 0.0000e+00
        563  43.412587    0.03903     2.3417    140.500     37.412  51348.031    31.5836     3.5287     37.060    7.49994     3.5266    25.1132   13.39775 3.7912e-02 0.0000e+00
        564  43.412590    0.03910     2.3458    140.750     37.566  51349.592    31.5845     3.5286     37.212    7.49991     3.5275    25.1140   13.39769 3.7912e-02 0.0000e+00
        565  43.412593    0.03917     2.3500    141.000     37.742  51352.584    31.5865     3.5288     37.386    7.49977     3.5294    25.1156   13.39743 3.7912e-02 0.0000e+00
        566  43.412595    0.03924     2.3542    141.250     37.939  51356.652    31.5894     3.5298     37.581    7.49945     3.5325    25.1178   13.39686 3.7912e-02 0.0000e+00
        567  43.412598    0.03931     2.3583    141.500     38.150  51361.995    31.5934     3.5317     37.790    7.49889     3.5367    25.1208   13.39589 3.7912e-02 0.0000e+00
        568  43.412601    0.03938     2.3625    141.750     38.362  51366.255    31.5970     3.5348     38.000    7.49813     3.5408    25.1234   13.39459 3.7912e-02 0.0000e+00
        569  43.412604    0.03944     2.3667    142.000     38.564  51365.256    31.5973     3.5390     38.201    7.49734     3.5437    25.1232   13.39328 3.7912e-02 0.0000e+00
        570  43.412607    0.03951     2.3708    142.250     38.748  51360.435    31.5949     3.5431     38.383    7.49670     3.5458    25.1210   13.39226 3.7912e-02 0.0000e+00
        571  43.412610    0.03958     2.3750    142.500     38.907  51357.702    31.5937     3.5461     38.540    7.49622     3.5482    25.1198   13.39149 3.7912e-02 0.0000e+00
        572  43.412613    0.03965     2.3792    142.750     39.041  51358.785    31.5949     3.5482     38.673    7.49577     3.5514    25.1205   13.39072 3.7912e-02 0.0000e+00
        573  43.412616    0.03972     2.3833    143.000     39.154  51362.179    31.5978     3.5505     38.785    7.49519     3.5558    25.1226   13.38974 3.7912e-02 0.0000e+00
        574  43.412619    0.03979     2.3875    143.250     39.257  51366.733    31.6016     3.5537     38.887    7.49441     3.5616    25.1254   13.38839 3.7912e-02 0.0000e+00
        575  43.412622    0.03986     2.3917    143.500     39.361  51371.693    31.6060     3.5582     38.989    7.49337     3.5687    25.1285   13.38661 3.7912e-02 0.0000e+00
        576  43.412624    0.03993     2.3958    143.750     39.478  51376.240    31.6105     3.5640     39.105    7.49207     3.5764    25.1315   13.38441 3.7912e-02 0.0000e+00
        577  43.412627    0.04000     2.4000    144.000     39.615  51378.068    31.6135     3.5711     39.241    7.49061     3.5835    25.1332   13.38196 3.7912e-02 0.0000e+00
        578  43.412630    0.04007     2.4042    144.250     39.777  51375.451    31.6135     3.5788     39.401    7.48919     3.5891    25.1326   13.37962 3.7912e-02 0.0000e+00
        579  43.412633    0.04014     2.4083    144.500     39.959  51370.041    31.6115     3.5859     39.582    7.48798     3.5932    25.1303   13.37765 3.7912e-02 0.0000e+00
        580  43.412636    0.04021     2.4125    144.750     40.154  51364.564    31.6091     3.5915     39.775    7.48706     3.5961    25.1279   13.37616 3.7912e-02 0.0000e+00
        581  43.412639    0.04028     2.4167    145.000     40.353  51360.238    31.6071     3.5957     39.971    7.48640     3.5979    25.1259   13.37510 3.7912e-02 0.0000e+00
        582  43.412642    0.04035     2.4208    145.250     40.546  51357.073    31.6055     3.5985     40.162    7.48596     3.5991    25.1244   13.37439 3.7912e-02 0.0000e+00
        583  43.412645    0.04042     2.4250    145.500     40.726  51354.790    31.6044     3.6004     40.341    7.48567     3.5998    25.1233   13.37393 3.7912e-02 0.0000e+00
        584  43.412648    0.04049     2.4292    145.750     40.889  51353.249    31.6035     3.6016     40.502    7.48549     3.6002    25.1226   13.37365 3.7912e-02 0.0000e+00
        585  43.412650    0.04056     2.4333    146.000     41.034  51352.299    31.6030     3.6023     40.646    7.48539     3.6004    25.1221   13.37349 3.7912e-02 0.0000e+00
        586  43.412653    0.04063     2.4375    146.250     41.167  51351.716    31.6026     3.6027     40.778    7.48533     3.6005    25.1217   13.37340 3.7912e-02 0.0000e+00
        587  43.412656    0.04069     2.4417    146.500     41.293  51351.353    31.6024     3.6029     40.903    7.48531     3.6004    25.1215   13.37337 3.7912e-02 0.0000e+00
        588  43.412659    0.04076     2.4458    146.750     41.420  51351.143    31.6022     3.6030     41.028    7.48531     3.6002    25.1213   13.37337 3.7912e-02 0.0000e+00
        589  43.412662    0.04083     2.4500    147.000     41.555  51351.041    31.6020     3.6029     41.162    7.48533     3.6000    25.1212   13.37340 3.7912e-02 0.0000e+00
        590  43.412665    0.04090     2.4542    147.250     41.702  51351.033    31.6019     3.6028     41.308    7.48536     3.5998    25.1212   13.37345 3.7912e-02 0.0000e+00
        591  43.412668    0.04097     2.4583    147.500     41.863  51351.085    31.6018     3.6026     41.468    7.48541     3.5995    25.1211   13.37352 3.7912e-02 0.0000e+00
        592  43.412671    0.04104     2.4625    147.750     42.036  51351.187    31.6017     3.6023     41.639    7.48545     3.5993    25.1211   13.37360 3.7912e-02 0.0000e+00
        593  43.412674    0.04111     2.4667    148.000     42.216  51351.363    31.6017     3.6021     41.818    7.48550     3.5991    25.1211   13.37368 3.7912e-02 0.0000e+00
        594  43.412677    0.04118     2.4708    148.250     42.398  51351.659    31.6018     3.6019     41.998    7.48554     3.5989    25.1211   13.37375 3.7912e-02 0.0000e+00
        595  43.412679    0.04125     2.4750    148.500     42.575  51352.164    31.6020     3.6017     42.173    7.48557     3.5989    25.1213   13.37379 3.7912e-02 0.0000e+00
        596  43.412682    0.04132     2.4792    148.750     42.742  51352.869    31.6023     3.6015     42.339    7.48558     3.5991    25.1216   13.37380 3.7912e-02 0.0000e+00
        597  43.412685    0.04139     2.4833    149.000     42.898  51353.629    31.6028     3.6015     42.493    7.48555     3.5994    25.1220   13.37375 3.7912e-02 0.0000e+00
        598  43.412688    0.04146     2.4875    149.250     43.043  51354.236    31.6032     3.6017     42.637    7.48550     3.5997    25.1222   13.37367 3.7912e-02 0.0000e+00
        599  43.412691    0.04153     2.4917    149.500     43.178  51354.527    31.6034     3.6020     42.770    7.48544     3.6000    25.1224   13.37356 3.7912e-02 0.0000e+00
        600  43.412694    0.04160     2.4958    149.750     43.306  51354.507    31.6034     3.6023     42.897    7.48537     3.6003    25.1224   13.37345 3.7912e-02 0.0000e+00
        601  43.412697    0.04167     2.5000    150.000     43.435  51354.349    31.6033     3.6026     43.024    7.48531     3.6005    25.1223   13.37336 3.7912e-02 0.0000e+00
        602  43.412700    0.04174     2.5042    150.250     43.568  51354.170    31.6032     3.6029     43.156    7.48527     3.6006    25.1221   13.37329 3.7912e-02 0.0000e+00
        603  43.412703    0.04181     2.5083    150.500     43.711  51354.019    31.6030     3.6031     43.298    7.48524     3.6007    25.1220   13.37324 3.7912e-02 0.0000e+00
        604  43.412705    0.04188     2.5125    150.750     43.866  51353.948    31.6029     3.6032     43.451    7.48522     3.6007    25.1220   13.37321 3.7912e-02 0.0000e+00
        605  43.412708    0.04194     2.5167    151.000     44.030  51353.888    31.6028     3.6033     43.614    7.48521     3.6007    25.1219   13.37319 3.7912e-02 0.0000e+00
        606  43.412711    0.04201     2.5208    151.250     44.198  51353.790    31.6027     3.6033     43.781    7.48521     3.6006    25.1217   13.37319 3.7912e-02 0.0000e+00
        607  43.412714    0.04208     2.5250    151.500     44.364  51353.668    31.6025     3.6033     43.944    7.48522     3.6005    25.1216   13.37321 3.7912e-02 0.0000e+00
        608  43.412717    0.04215     2.5292    151.750     44.518  51353.624    31.6024     3.6033     44.097    7.48524     3.6003    25.1215   13.37325 3.7912e-02 0.0000e+00
        609  43.412720    0.04222     2.5333    152.000     44.656  51353.757    31.6024     3.6032     44.234    7.48526     3.6002    25.1215   13.37328 3.7912e-02 0.0000e+00
        610  43.412723    0.04229     2.5375    152.250     44.776  51353.977    31.6025     3.6030     44.353    7.48528     3.6002    25.1216   13.37332 3.7912e-02 0.0000e+00
        611  43.412726    0.04236     2.5417    152.500     44.882  51354.220    31.6026     3.6029     44.458    7.48529     3.6002    25.1217   13.37334 3.7912e-02 0.0000e+00
        612  43.412729    0.04243     2.5458    152.750     44.981  51354.508    31.6027     3.6029     44.556    7.48530     3.6002    25.1218   13.37334 3.7912e-02 0.0000e+00
        613  43.412731    0.04250     2.5500    153.000     45.086  51354.885    31.6029     3.6029     44.660    7.48529     3.6004    25.1219   13.37332 3.7912e-02 0.0000e+00
        614  43.412734    0.04257     2.5542    153.250     45.207  51355.360    31.6032     3.6030     44.780    7.48526     3.6006    25.1221   13.37327 3.7912e-02 0.0000e+00
        615  43.412737    0.04264     2.5583    153.500     45.354  51355.806    31.6034     3.6031     44.924    7.48522     3.6009    25.1223   13.37320 3.7912e-02 0.0000e+00
        616  43.412740    0.04271     2.5625    153.750     45.529  51356.043    31.6035     3.6034     45.098    7.48516     3.6012    25.1224   13.37310 3.7912e-02 0.0000e+00
        617  43.412743    0.04278     2.5667    154.000     45.731  51356.094    31.6035     3.6037     45.298    7.48511     3.6015    25.1224   13.37301 3.7912e-02 0.0000e+00
        618  43.412746    0.04285     2.5708    154.250     45.950  51356.206    31.6036     3.6040     45.516    7.48505     3.6017    25.1224   13.37292 3.7912e-02 0.0000e+00
        619  43.412749    0.04292     2.5750    154.500     46.176  51356.344    31.6036     3.6042     45.739    7.48500     3.6019    25.1224   13.37284 3.7912e-02 0.0000e+00
        620  43.412752    0.04299     2.5792    154.750     46.394  51356.258    31.6035     3.6045     45.955    7.48496     3.6020    25.1223   13.37277 3.7912e-02 0.0000e+00
        621  43.412755    0.04306     2.5833    155.000     46.593  51356.123    31.6034     3.6047     46.152    7.48494     3.6020    25.1222   13.37273 3.7912e-02 0.0000e+00
        622  43.412758    0.04312     2.5875    155.250     46.769  51356.288    31.6034     3.6048     46.327    7.48492     3.6021    25.1222   13.37270 3.7912e-02 0.0000e+00
        623  43.412760    0.04319     2.5917    155.500     46.923  51356.927    31.6038     3.6048     46.479    7.48488     3.6025    25.1225   13.37264 3.7912e-02 0.0000e+00
        624  43.412763    0.04326     2.5958    155.750     47.062  51358.120    31.6046     3.6050     46.617    7.48482     3.6032    25.1231   13.37252 3.7912e-02 0.0000e+00
        625  43.412766    0.04333     2.6000    156.000     47.196  51359.774    31.6057     3.6054     46.749    7.48469     3.6043    25.1240   13.37229 3.7912e-02 0.0000e+00
        626  43.412769    0.04340     2.6042    156.250     47.338  51361.501    31.6070     3.6061     46.891    7.48450     3.6055    25.1250   13.37196 3.7912e-02 0.0000e+00
        627  43.412772    0.04347     2.6083    156.500     47.502  51362.530    31.6079     3.6071     47.053    7.48426     3.6066    25.1256   13.37155 3.7912e-02 0.0000e+00
        628  43.412775    0.04354     2.6125    156.750     47.693  51362.394    31.6080     3.6084     47.242    7.48402     3.6074    25.1255   13.37117 3.7912e-02 0.0000e+00
        629  43.412778    0.04361     2.6167    157.000     47.910  51361.764    31.6077     3.6095     47.457    7.48383     3.6081    25.1252   13.37085 3.7912e-02 0.0000e+00
        630  43.412781    0.04368     2.6208    157.250     48.147  51361.781    31.6078     3.6103     47.692    7.48367     3.6089    25.1252   13.37058 3.7912e-02 0.0000e+00
        631  43.412784    0.04375     2.6250    157.500     48.392  51362.767    31.6086     3.6110     47.934    7.48350     3.6098    25.1258   13.37029 3.7912e-02 0.0000e+00
        632  43.412786    0.04382     2.6292    157.750     48.629  51364.410    31.6097     3.6118     48.169    7.48329     3.6111    25.1267   13.36994 3.7912e-02 0.0000e+00
