CTD-processing/allCTD/CNV--turbid/2013-04-19-cookinlet-tran6-cast068-s18.cnv
* Sea-Bird SBE19plus Data File:
* FileName = C:\Documents and Settings\kris.holderied.local\My Documents\2012-2013-CTD-DATA-new-files\2013-04-EVOSTC-CookInlet-Ocean\2013-04-19-CookInlet-Tran6-Douglas\2013-04-19-CookInlet-Tran6-cast068.hex
* Software Version 1.54
* Temperature SN =  5028
* Conductivity SN =  5028
* System UpLoad Time = Apr 19 2013 22:34:44
** Cook Inlet LTM Transect 6 (Douglas line) West to East
** Date:  2013-04-19
** Station:  6-18
** Start time (AKDT-24 hr):  1420
** Depth (m): 175
** Comment:  CTD time set wrong
** Comment:
# nquan = 16
# nvalues = 1004                        
# units = specified
# name 0 = scan: Scan Count
# name 1 = timeJ: Julian Days
# name 2 = timeH: Time, Elapsed [hours]
# name 3 = timeM: Time, Elapsed [minutes]
# name 4 = timeS: Time, Elapsed [seconds]
# name 5 = prdM: Pressure, Strain Gauge [db]
# name 6 = specc: Specific Conductance [uS/cm]
# name 7 = sal00: Salinity, Practical [PSU]
# name 8 = tv290C: Temperature [ITS-90, deg C]
# name 9 = depSM: Depth [salt water, m], lat = 59.00
# name 10 = oxsolML/L: Oxygen Saturation, Garcia & Gordon [ml/l]
# name 11 = potemp090C: Potential Temperature [ITS-90, deg C]
# name 12 = sigma-é00: Density [sigma-theta, kg/m^3]
# name 13 = n2satML/L: Nitrogen Saturation [ml/l]
# name 14 = par: PAR/Irradiance, Biospherical/Licor
# name 15 = flag:  0.000e+00
# span 0 =          1,       1004       
# span 1 = 109.599201, 109.602104       
# span 2 =    0.00000,    0.06965       
# span 3 =     0.0000,     4.1792       
# span 4 =      0.000,    250.750       
# span 5 =      0.075,    173.516       
# span 6 =    323.538,  52258.473       
# span 7 =     0.1467,    32.2078       
# span 8 =     3.3325,     3.9749       
# span 9 =      0.074,    171.822       
# span 10 =    7.39284,    9.30663      
# span 11 =     3.3325,     3.9746      
# span 12 =     0.0911,    25.5832      
# span 13 =   13.21434,   16.87441      
# span 14 = 3.7912e-02, 1.7097e+03      
# span 15 = 0.0000e+00, 0.0000e+00      
# interval = seconds: 0.25
# start_time = Apr 19 2013 14:22:51 [Instrument's time stamp, header]
# bad_flag = -9.990e-29
*END*
[from data line 362]
        363 109.600249    0.02514     1.5083     90.500     15.589  51927.719    32.0911     3.9388     15.443    7.39951     3.9321    25.4788   13.22538 5.2833e+01 0.0000e+00
        364 109.600252    0.02521     1.5125     90.750     15.897  51924.730    32.0884     3.9366     15.748    7.40005     3.9273    25.4768   13.22631 5.2702e+01 0.0000e+00
        365 109.600255    0.02528     1.5167     91.000     16.198  51921.772    32.0854     3.9332     16.046    7.40082     3.9214    25.4747   13.22761 5.2436e+01 0.0000e+00
        366 109.600258    0.02535     1.5208     91.250     16.494  51920.308    32.0830     3.9284     16.339    7.40180     3.9147    25.4733   13.22926 5.2038e+01 0.0000e+00
        367 109.600260    0.02542     1.5250     91.500     16.785  51919.947    32.0812     3.9225     16.627    7.40295     3.9077    25.4724   13.23119 5.1548e+01 0.0000e+00
        368 109.600263    0.02549     1.5292     91.750     17.073  51921.802    32.0807     3.9158     16.913    7.40419     3.9012    25.4727   13.23324 5.1058e+01 0.0000e+00
        369 109.600266    0.02556     1.5333     92.000     17.361  51926.352    32.0819     3.9088     17.198    7.40538     3.8957    25.4744   13.23519 5.0681e+01 0.0000e+00
        370 109.600269    0.02562     1.5375     92.250     17.647  51931.767    32.0839     3.9024     17.481    7.40645     3.8909    25.4766   13.23693 5.0466e+01 0.0000e+00
        371 109.600272    0.02569     1.5417     92.500     17.928  51936.194    32.0854     3.8968     17.760    7.40738     3.8867    25.4783   13.23844 5.0411e+01 0.0000e+00
        372 109.600275    0.02576     1.5458     92.750     18.203  51939.114    32.0861     3.8921     18.031    7.40819     3.8825    25.4793   13.23977 5.0443e+01 0.0000e+00
        373 109.600278    0.02583     1.5500     93.000     18.467  51940.682    32.0860     3.8879     18.293    7.40896     3.8780    25.4796   13.24105 5.0401e+01 0.0000e+00
        374 109.600281    0.02590     1.5542     93.250     18.721  51940.751    32.0849     3.8838     18.545    7.40977     3.8727    25.4792   13.24239 5.0154e+01 0.0000e+00
        375 109.600284    0.02597     1.5583     93.500     18.966  51939.507    32.0828     3.8793     18.788    7.41069     3.8662    25.4779   13.24394 4.9692e+01 0.0000e+00
        376 109.600286    0.02604     1.5625     93.750     19.208  51937.810    32.0802     3.8739     19.027    7.41179     3.8584    25.4764   13.24578 4.9061e+01 0.0000e+00
        377 109.600289    0.02611     1.5667     94.000     19.451  51936.055    32.0773     3.8674     19.268    7.41311     3.8494    25.4747   13.24800 4.8331e+01 0.0000e+00
        378 109.600292    0.02618     1.5708     94.250     19.703  51934.458    32.0742     3.8597     19.518    7.41467     3.8394    25.4729   13.25062 4.7613e+01 0.0000e+00
        379 109.600295    0.02625     1.5750     94.500     19.968  51933.843    32.0714     3.8507     19.780    7.41644     3.8288    25.4716   13.25357 4.7009e+01 0.0000e+00
        380 109.600298    0.02632     1.5792     94.750     20.249  51935.507    32.0699     3.8407     20.059    7.41833     3.8183    25.4713   13.25670 4.6527e+01 0.0000e+00
        381 109.600301    0.02639     1.5833     95.000     20.545  51939.993    32.0702     3.8301     20.352    7.42023     3.8085    25.4726   13.25984 4.6115e+01 0.0000e+00
        382 109.600304    0.02646     1.5875     95.250     20.851  51945.616    32.0713     3.8196     20.655    7.42206     3.7992    25.4744   13.26285 4.5751e+01 0.0000e+00
        383 109.600307    0.02653     1.5917     95.500     21.162  51950.587    32.0721     3.8098     20.962    7.42381     3.7900    25.4760   13.26572 4.5419e+01 0.0000e+00
        384 109.600310    0.02660     1.5958     95.750     21.469  51954.304    32.0722     3.8005     21.267    7.42549     3.7809    25.4770   13.26850 4.5085e+01 0.0000e+00
        385 109.600313    0.02667     1.6000     96.000     21.770  51957.187    32.0717     3.7914     21.565    7.42716     3.7718    25.4775   13.27126 4.4685e+01 0.0000e+00
        386 109.600315    0.02674     1.6042     96.250     22.063  51960.750    32.0717     3.7823     21.856    7.42882     3.7630    25.4783   13.27400 4.4158e+01 0.0000e+00
        387 109.600318    0.02681     1.6083     96.500     22.350  51965.059    32.0723     3.7732     22.140    7.43044     3.7544    25.4796   13.27667 4.3489e+01 0.0000e+00
        388 109.600321    0.02688     1.6125     96.750     22.637  51969.859    32.0732     3.7644     22.425    7.43200     3.7465    25.4812   13.27923 4.2691e+01 0.0000e+00
        389 109.600324    0.02694     1.6167     97.000     22.939  51975.252    32.0746     3.7559     22.723    7.43348     3.7396    25.4831   13.28165 4.1778e+01 0.0000e+00
        390 109.600327    0.02701     1.6208     97.250     23.254  51980.459    32.0760     3.7480     23.035    7.43484     3.7340    25.4850   13.28388 4.0805e+01 0.0000e+00
        391 109.600330    0.02708     1.6250     97.500     23.563  51985.381    32.0775     3.7411     23.342    7.43601     3.7294    25.4868   13.28579 3.9871e+01 0.0000e+00
        392 109.600333    0.02715     1.6292     97.750     23.858  51990.152    32.0792     3.7354     23.634    7.43696     3.7257    25.4887   13.28734 3.9038e+01 0.0000e+00
        393 109.600336    0.02722     1.6333     98.000     24.136  51994.280    32.0807     3.7308     23.910    7.43772     3.7228    25.4903   13.28857 3.8310e+01 0.0000e+00
        394 109.600339    0.02729     1.6375     98.250     24.393  51997.429    32.0819     3.7272     24.164    7.43832     3.7203    25.4915   13.28955 3.7692e+01 0.0000e+00
        395 109.600341    0.02736     1.6417     98.500     24.623  51999.710    32.0826     3.7243     24.392    7.43882     3.7181    25.4924   13.29037 3.7198e+01 0.0000e+00
        396 109.600344    0.02743     1.6458     98.750     24.824  52001.524    32.0831     3.7218     24.591    7.43925     3.7163    25.4930   13.29106 3.6817e+01 0.0000e+00
        397 109.600347    0.02750     1.6500     99.000     24.998  52003.066    32.0835     3.7196     24.763    7.43962     3.7147    25.4936   13.29166 3.6526e+01 0.0000e+00
        398 109.600350    0.02757     1.6542     99.250     25.149  52004.250    32.0838     3.7178     24.912    7.43995     3.7132    25.4940   13.29219 3.6290e+01 0.0000e+00
        399 109.600353    0.02764     1.6583     99.500     25.284  52005.062    32.0839     3.7162     25.046    7.44023     3.7118    25.4942   13.29267 3.6055e+01 0.0000e+00
        400 109.600356    0.02771     1.6625     99.750     25.415  52005.659    32.0838     3.7147     25.176    7.44049     3.7106    25.4943   13.29310 3.5776e+01 0.0000e+00
        401 109.600359    0.02778     1.6667    100.000     25.554  52006.524    32.0840     3.7134     25.313    7.44073     3.7097    25.4945   13.29349 3.5429e+01 0.0000e+00
        402 109.600362    0.02785     1.6708    100.250     25.714  52007.817    32.0845     3.7122     25.472    7.44092     3.7090    25.4950   13.29381 3.4981e+01 0.0000e+00
        403 109.600365    0.02792     1.6750    100.500     25.908  52008.770    32.0848     3.7113     25.664    7.44108     3.7083    25.4954   13.29405 3.4409e+01 0.0000e+00
        404 109.600367    0.02799     1.6792    100.750     26.148  52008.803    32.0845     3.7106     25.902    7.44122     3.7073    25.4952   13.29429 3.3720e+01 0.0000e+00
        405 109.600370    0.02806     1.6833    101.000     26.439  52008.378    32.0839     3.7099     26.191    7.44138     3.7061    25.4948   13.29456 3.2927e+01 0.0000e+00
        406 109.600373    0.02813     1.6875    101.250     26.778  52008.121    32.0834     3.7089     26.526    7.44159     3.7047    25.4944   13.29490 3.2040e+01 0.0000e+00
        407 109.600376    0.02819     1.6917    101.500     27.153  52008.168    32.0829     3.7077     26.897    7.44182     3.7031    25.4942   13.29530 3.1083e+01 0.0000e+00
        408 109.600379    0.02826     1.6958    101.750     27.551  52008.178    32.0824     3.7064     27.291    7.44209     3.7013    25.4939   13.29576 3.0105e+01 0.0000e+00
        409 109.600382    0.02833     1.7000    102.000     27.955  52007.795    32.0815     3.7049     27.692    7.44242     3.6990    25.4934   13.29630 2.9164e+01 0.0000e+00
        410 109.600385    0.02840     1.7042    102.250     28.347  52007.425    32.0806     3.7030     28.080    7.44280     3.6966    25.4928   13.29695 2.8319e+01 0.0000e+00
        411 109.600388    0.02847     1.7083    102.500     28.705  52007.710    32.0800     3.7008     28.435    7.44323     3.6940    25.4926   13.29767 2.7609e+01 0.0000e+00
        412 109.600391    0.02854     1.7125    102.750     29.016  52008.384    32.0797     3.6984     28.743    7.44370     3.6912    25.4926   13.29844 2.7052e+01 0.0000e+00
        413 109.600394    0.02861     1.7167    103.000     29.276  52008.900    32.0792     3.6958     29.000    7.44419     3.6883    25.4925   13.29926 2.6648e+01 0.0000e+00
        414 109.600396    0.02868     1.7208    103.250     29.483  52009.605    32.0789     3.6930     29.205    7.44471     3.6856    25.4925   13.30012 2.6370e+01 0.0000e+00
        415 109.600399    0.02875     1.7250    103.500     29.643  52011.021    32.0791     3.6902     29.363    7.44522     3.6832    25.4929   13.30096 2.6177e+01 0.0000e+00
        416 109.600402    0.02882     1.7292    103.750     29.763  52012.816    32.0796     3.6875     29.482    7.44569     3.6808    25.4935   13.30173 2.6031e+01 0.0000e+00
        417 109.600405    0.02889     1.7333    104.000     29.853  52013.577    32.0795     3.6850     29.572    7.44614     3.6779    25.4936   13.30247 2.5897e+01 0.0000e+00
        418 109.600408    0.02896     1.7375    104.250     29.927  52011.947    32.0778     3.6827     29.645    7.44666     3.6740    25.4925   13.30335 2.5741e+01 0.0000e+00
        419 109.600411    0.02903     1.7417    104.500     29.998  52009.406    32.0753     3.6797     29.715    7.44732     3.6696    25.4907   13.30448 2.5544e+01 0.0000e+00
        420 109.600414    0.02910     1.7458    104.750     30.078  52008.869    32.0739     3.6759     29.795    7.44809     3.6651    25.4900   13.30577 2.5302e+01 0.0000e+00
        421 109.600417    0.02917     1.7500    105.000     30.180  52010.472    32.0738     3.6715     29.896    7.44890     3.6608    25.4903   13.30710 2.5000e+01 0.0000e+00
        422 109.600420    0.02924     1.7542    105.250     30.311  52012.455    32.0739     3.6670     30.026    7.44970     3.6565    25.4909   13.30843 2.4623e+01 0.0000e+00
        423 109.600422    0.02931     1.7583    105.500     30.479  52013.557    32.0735     3.6627     30.192    7.45051     3.6514    25.4910   13.30976 2.4159e+01 0.0000e+00
        424 109.600425    0.02937     1.7625    105.750     30.688  52012.213    32.0714     3.6584     30.399    7.45141     3.6442    25.4897   13.31127 2.3608e+01 0.0000e+00
        425 109.600428    0.02944     1.7667    106.000     30.936  52006.332    32.0660     3.6533     30.645    7.45261     3.6338    25.4858   13.31332 2.2975e+01 0.0000e+00
        426 109.600431    0.02951     1.7708    106.250     31.220  51997.713    32.0582     3.6461     30.926    7.45431     3.6212    25.4802   13.31624 2.2274e+01 0.0000e+00
        427 109.600434    0.02958     1.7750    106.500     31.534  51994.430    32.0532     3.6358     31.237    7.45647     3.6090    25.4772   13.31985 2.1536e+01 0.0000e+00
        428 109.600437    0.02965     1.7792    106.750     31.867  52001.486    32.0546     3.6231     31.567    7.45871     3.5992    25.4795   13.32354 2.0798e+01 0.0000e+00
        429 109.600440    0.02972     1.7833    107.000     32.208  52014.254    32.0600     3.6109     31.904    7.46067     3.5923    25.4850   13.32670 2.0098e+01 0.0000e+00
        430 109.600443    0.02979     1.7875    107.250     32.544  52026.252    32.0656     3.6012     32.237    7.46216     3.5875    25.4903   13.32909 1.9470e+01 0.0000e+00
        431 109.600446    0.02986     1.7917    107.500     32.862  52034.974    32.0696     3.5943     32.552    7.46322     3.5842    25.4941   13.33078 1.8941e+01 0.0000e+00
        432 109.600448    0.02993     1.7958    107.750     33.149  52040.547    32.0721     3.5896     32.837    7.46396     3.5817    25.4965   13.33198 1.8523e+01 0.0000e+00
        433 109.600451    0.03000     1.8000    108.000     33.400  52044.149    32.0735     3.5862     33.085    7.46450     3.5799    25.4980   13.33284 1.8209e+01 0.0000e+00
        434 109.600454    0.03007     1.8042    108.250     33.614  52046.792    32.0746     3.5838     33.297    7.46490     3.5785    25.4991   13.33349 1.7978e+01 0.0000e+00
        435 109.600457    0.03014     1.8083    108.500     33.794  52048.836    32.0754     3.5819     33.476    7.46520     3.5774    25.4999   13.33397 1.7802e+01 0.0000e+00
        436 109.600460    0.03021     1.8125    108.750     33.950  52050.261    32.0759     3.5805     33.630    7.46543     3.5764    25.5005   13.33434 1.7653e+01 0.0000e+00
        437 109.600463    0.03028     1.8167    109.000     34.093  52050.973    32.0761     3.5794     33.771    7.46562     3.5754    25.5007   13.33466 1.7509e+01 0.0000e+00
        438 109.600466    0.03035     1.8208    109.250     34.234  52050.964    32.0758     3.5785     33.911    7.46581     3.5742    25.5005   13.33497 1.7347e+01 0.0000e+00
        439 109.600469    0.03042     1.8250    109.500     34.384  52050.312    32.0750     3.5775     34.060    7.46602     3.5725    25.5000   13.33534 1.7149e+01 0.0000e+00
        440 109.600472    0.03049     1.8292    109.750     34.552  52049.007    32.0738     3.5763     34.226    7.46631     3.5702    25.4991   13.33583 1.6904e+01 0.0000e+00
        441 109.600475    0.03056     1.8333    110.000     34.739  52047.577    32.0723     3.5746     34.412    7.46669     3.5679    25.4981   13.33649 1.6620e+01 0.0000e+00
        442 109.600477    0.03062     1.8375    110.250     34.943  52048.189    32.0720     3.5724     34.613    7.46712     3.5661    25.4981   13.33719 1.6303e+01 0.0000e+00
        443 109.600480    0.03069     1.8417    110.500     35.156  52051.241    32.0733     3.5700     34.825    7.46748     3.5648    25.4994   13.33776 1.5963e+01 0.0000e+00
        444 109.600483    0.03076     1.8458    110.750     35.374  52053.263    32.0741     3.5683     35.040    7.46777     3.5632    25.5002   13.33822 1.5614e+01 0.0000e+00
        445 109.600486    0.03083     1.8500    111.000     35.590  52052.161    32.0729     3.5670     35.254    7.46807     3.5605    25.4994   13.33873 1.5274e+01 0.0000e+00
        446 109.600489    0.03090     1.8542    111.250     35.801  52048.792    32.0701     3.5654     35.464    7.46850     3.5566    25.4973   13.33948 1.4950e+01 0.0000e+00
        447 109.600492    0.03097     1.8583    111.500     36.008  52045.477    32.0671     3.5627     35.668    7.46915     3.5518    25.4951   13.34059 1.4639e+01 0.0000e+00
        448 109.600495    0.03104     1.8625    111.750     36.214  52044.338    32.0652     3.5588     35.873    7.46996     3.5467    25.4939   13.34195 1.4335e+01 0.0000e+00
        449 109.600498    0.03111     1.8667    112.000     36.426  52044.814    32.0642     3.5540     36.083    7.47088     3.5412    25.4936   13.34348 1.4032e+01 0.0000e+00
        450 109.600501    0.03118     1.8708    112.250     36.650  52045.182    32.0631     3.5489     36.305    7.47188     3.5352    25.4931   13.34514 1.3719e+01 0.0000e+00
        451 109.600503    0.03125     1.8750    112.500     36.891  52044.842    32.0613     3.5435     36.543    7.47296     3.5285    25.4923   13.34696 1.3393e+01 0.0000e+00
