CTD-processing/allCTD/CNV--turbid/2013_04-20_t7_s13_cast094.cnv
* Sea-Bird SBE19plus Data File:
* FileName = C:\Documents and Settings\kris.holderied.local\My Documents\2012-2013-CTD-DATA-new-files\2013-04-EVOSTC-CookInlet-Ocean\2013-04-CookInlet-Tran7-Augustine\2013-04-20-CookInlet-Trans7-Cast094.hex
* Software Version 1.54
* Temperature SN =  5028
* Conductivity SN =  5028
* System UpLoad Time = Apr 20 2013 14:58:53
** Cook Inlet LTM Tran7 Augustine to Flat Island
** Date:  2013-04-20
** Station:  7-13
** Start time (AKDT-24 hr):  1043
** Depth (m): 71
** Comment:
** Comment:
# nquan = 16
# nvalues = 648                         
# units = specified
# name 0 = scan: Scan Count
# name 1 = timeJ: Julian Days
# name 2 = timeH: Time, Elapsed [hours]
# name 3 = timeM: Time, Elapsed [minutes]
# name 4 = timeS: Time, Elapsed [seconds]
# name 5 = prdM: Pressure, Strain Gauge [db]
# name 6 = specc: Specific Conductance [uS/cm]
# name 7 = sal00: Salinity, Practical [PSU]
# name 8 = tv290C: Temperature [ITS-90, deg C]
# name 9 = depSM: Depth [salt water, m], lat = 59.00
# name 10 = oxsolML/L: Oxygen Saturation, Garcia & Gordon [ml/l]
# name 11 = potemp090C: Potential Temperature [ITS-90, deg C]
# name 12 = sigma-é00: Density [sigma-theta, kg/m^3]
# name 13 = n2satML/L: Nitrogen Saturation [ml/l]
# name 14 = par: PAR/Irradiance, Biospherical/Licor
# name 15 = flag:  0.000e+00
# span 0 =          1,        648       
# span 1 = 110.448102, 110.449974       
# span 2 =    0.00000,    0.04493       
# span 3 =     0.0000,     2.6958       
# span 4 =      0.000,    161.750       
# span 5 =      0.108,     71.203       
# span 6 =      7.808,  51968.457       
# span 7 =     0.0036,    32.0666       
# span 8 =     3.5718,     3.7612       
# span 9 =      0.107,     70.526       
# span 10 =    7.43389,    9.27424      
# span 11 =     3.5718,     3.7612      
# span 12 =    -0.0234,    25.4776      
# span 13 =   13.28252,   16.82261      
# span 14 = 1.8436e-01, 6.5564e+02      
# span 15 = 0.0000e+00, 0.0000e+00      
# interval = seconds: 0.25
# start_time = Apr 20 2013 10:45:16 [Instrument's time stamp, header]
# bad_flag = -9.990e-29
*END*
[from data line 633]
        634 110.449933    0.04396     2.6375    158.250     67.784  51965.982    32.0368     3.7219     67.139    7.44157     3.7177    25.4564   13.29549 2.4849e-01 0.0000e+00
        635 110.449936    0.04403     2.6417    158.500     68.057  51966.128    32.0367     3.7219     67.409    7.44157     3.7177    25.4563   13.29549 2.4228e-01 0.0000e+00
        636 110.449939    0.04410     2.6458    158.750     68.332  51966.314    32.0367     3.7219     67.682    7.44157     3.7177    25.4563   13.29549 2.3620e-01 0.0000e+00
        637 110.449942    0.04417     2.6500    159.000     68.607  51966.547    32.0367     3.7219     67.955    7.44156     3.7177    25.4564   13.29548 2.3031e-01 0.0000e+00
        638 110.449945    0.04424     2.6542    159.250     68.884  51966.766    32.0367     3.7220     68.229    7.44156     3.7177    25.4564   13.29547 2.2453e-01 0.0000e+00
        639 110.449948    0.04431     2.6583    159.500     69.165  51966.952    32.0367     3.7220     68.507    7.44156     3.7177    25.4564   13.29547 2.1878e-01 0.0000e+00
        640 110.449951    0.04437     2.6625    159.750     69.450  51967.123    32.0367     3.7220     68.789    7.44155     3.7177    25.4563   13.29546 2.1309e-01 0.0000e+00
        641 110.449954    0.04444     2.6667    160.000     69.739  51967.323    32.0367     3.7220     69.075    7.44155     3.7177    25.4563   13.29546 2.0758e-01 0.0000e+00
        642 110.449957    0.04451     2.6708    160.250     70.028  51967.575    32.0367     3.7220     69.362    7.44154     3.7177    25.4564   13.29545 2.0232e-01 0.0000e+00
        643 110.449959    0.04458     2.6750    160.500     70.312  51967.840    32.0368     3.7220     69.643    7.44154     3.7177    25.4564   13.29544 1.9737e-01 0.0000e+00
        644 110.449962    0.04465     2.6792    160.750     70.582  51968.060    32.0368     3.7221     69.910    7.44153     3.7177    25.4564   13.29543 1.9287e-01 0.0000e+00
        645 110.449965    0.04472     2.6833    161.000     70.824  51968.212    32.0367     3.7221     70.150    7.44153     3.7177    25.4564   13.29542 1.8905e-01 0.0000e+00
        646 110.449968    0.04479     2.6875    161.250     71.023  51968.327    32.0367     3.7221     70.347    7.44153     3.7177    25.4564   13.29542 1.8631e-01 0.0000e+00
        647 110.449971    0.04486     2.6917    161.500     71.156  51968.420    32.0367     3.7222     70.479    7.44152 -9.990e-29    25.4564   13.29541 1.8481e-01 0.0000e+00
        648 110.449974    0.04493     2.6958    161.750     71.203  51968.457    32.0367     3.7222     70.526    7.44152 -9.990e-29    25.4564   13.29541 1.8436e-01 0.0000e+00
