CTD-processing/allCTD/CNV--turbid/2013_04-21_t4_s09_cast130.cnv
* Sea-Bird SBE19plus Data File:
* FileName = C:\Documents and Settings\kris.holderied.local\My Documents\2012-2013-CTD-DATA-new-files\2013-04-EVOSTC-CookInlet-Ocean\2013-04-21-CookInlet-Tran4-Barabara\2013-04-21-CookInlet-Tran4-cast130.hex
* Software Version 1.54
* Temperature SN =  5028
* Conductivity SN =  5028
* System UpLoad Time = Apr 21 2013 12:28:54
** Cook Inlet LTM Transect 4 (Barabara) South to North
** Date:  2013-04-21
** Station:  4-09
** Start time (AKDT-24 hr):  1135
** Depth (m): 25
** Comment:Snow flurries
** Comment:
# nquan = 16
# nvalues = 454                         
# units = specified
# name 0 = scan: Scan Count
# name 1 = timeJ: Julian Days
# name 2 = timeH: Time, Elapsed [hours]
# name 3 = timeM: Time, Elapsed [minutes]
# name 4 = timeS: Time, Elapsed [seconds]
# name 5 = prdM: Pressure, Strain Gauge [db]
# name 6 = specc: Specific Conductance [uS/cm]
# name 7 = sal00: Salinity, Practical [PSU]
# name 8 = tv290C: Temperature [ITS-90, deg C]
# name 9 = depSM: Depth [salt water, m], lat = 59.00
# name 10 = oxsolML/L: Oxygen Saturation, Garcia & Gordon [ml/l]
# name 11 = potemp090C: Potential Temperature [ITS-90, deg C]
# name 12 = sigma-é00: Density [sigma-theta, kg/m^3]
# name 13 = n2satML/L: Nitrogen Saturation [ml/l]
# name 14 = par: PAR/Irradiance, Biospherical/Licor
# name 15 = flag:  0.000e+00
# span 0 =          1,        454       
# span 1 = 111.484062, 111.485373       
# span 2 =    0.00000,    0.03146       
# span 3 =     0.0000,     1.8875       
# span 4 =      0.000,    113.250       
# span 5 =      0.082,     25.992       
# span 6 =    180.233,  51801.042       
# span 7 =     0.0835,    31.7912       
# span 8 =     2.7188,     3.5802       
# span 9 =      0.081,     25.747       
# span 10 =    7.49924,    9.48507      
# span 11 =     2.7190,     3.5802      
# span 12 =     0.0296,    25.3146      
# span 13 =   13.39888,   17.17453      
# span 14 = 3.3133e-01, 6.6961e+01      
# span 15 = 0.0000e+00, 0.0000e+00      
# interval = seconds: 0.25
# start_time = Apr 21 2013 11:37:03 [Instrument's time stamp, header]
# bad_flag = -9.990e-29
*END*
          1 111.484062    0.00000     0.0000      0.000      0.087    180.233     0.0835     2.7188      0.087    9.48507     2.7190     0.0296   17.17453 4.6062e+01 0.0000e+00
          2 111.484065    0.00007     0.0042      0.250      0.087    256.485     0.1207     2.7189      0.087    9.48264     2.7191     0.0597   17.16983 4.6466e+01 0.0000e+00
          3 111.484068    0.00014     0.0083      0.500      0.087    382.858     0.1823     2.7190      0.087    9.47865     2.7193     0.1096   17.16208 4.7126e+01 0.0000e+00
          4 111.484071    0.00021     0.0125      0.750      0.087    588.695     0.2830     2.7191      0.087    9.47215     2.7197     0.1910   17.14947 4.8095e+01 0.0000e+00
          5 111.484074    0.00028     0.0167      1.000      0.087    920.587     0.4458     2.7193      0.087    9.46162     2.7201     0.3227   17.12905 4.9581e+01 0.0000e+00
          6 111.484077    0.00035     0.0208      1.250      0.086   1313.534     0.6385     2.7197      0.086    9.44913     2.7206     0.4785   17.10483 5.1708e+01 0.0000e+00
          7 111.484080    0.00042     0.0250      1.500      0.086   1584.069     0.7704     2.7201      0.085    9.44053     2.7210     0.5853   17.08815 5.4379e+01 0.0000e+00
          8 111.484083    0.00049     0.0292      1.750      0.085   1691.988     0.8221     2.7206      0.084    9.43708     2.7214     0.6272   17.08149 5.7270e+01 0.0000e+00
          9 111.484086    0.00056     0.0333      2.000      0.084   1743.180     0.8465     2.7210      0.083    9.43540     2.7218     0.6469   17.07825 5.9866e+01 0.0000e+00
         10 111.484089    0.00063     0.0375      2.250      0.084   1841.049     0.8956     2.7214      0.083    9.43214     2.7221     0.6866   17.07197 6.1862e+01 0.0000e+00
         11 111.484091    0.00069     0.0417      2.500      0.083   1964.963     0.9582     2.7218      0.082    9.42803     2.7224     0.7371   17.06401 6.3350e+01 0.0000e+00
         12 111.484094    0.00076     0.0458      2.750      0.083   1980.779     0.9658     2.7221      0.082    9.42746     2.7227     0.7433   17.06291 6.4505e+01 0.0000e+00
         13 111.484097    0.00083     0.0500      3.000      0.082   1857.872     0.9030     2.7224      0.081    9.43141     2.7229     0.6926   17.07060 6.5333e+01 0.0000e+00
         14 111.484100    0.00090     0.0542      3.250      0.082   1670.123     0.8078     2.7227      0.081    9.43746     2.7230     0.6158   17.08236 6.5847e+01 0.0000e+00
         15 111.484103    0.00097     0.0583      3.500      0.082   1475.569     0.7097     2.7229      0.081    9.44371     2.7230     0.5366   17.09451 6.6174e+01 0.0000e+00
         16 111.484106    0.00104     0.0625      3.750      0.082   1304.876     0.6242     2.7230      0.081    9.44918     2.7229     0.4675   17.10514 6.6411e+01 0.0000e+00
         17 111.484109    0.00111     0.0667      4.000      0.083   1168.941     0.5564     2.7230      0.082    9.45354     2.7229     0.4128   17.11360 6.6610e+01 0.0000e+00
         18 111.484112    0.00118     0.0708      4.250      0.083   1065.017     0.5050     2.7229      0.082    9.45687     2.7229     0.3712   17.12005 6.6781e+01 0.0000e+00
         19 111.484115    0.00125     0.0750      4.500      0.083    986.381     0.4665     2.7229      0.082    9.45937     2.7229     0.3401   17.12490 6.6823e+01 0.0000e+00
         20 111.484117    0.00132     0.0792      4.750      0.083    928.727     0.4388     2.7229      0.082    9.46118     2.7230     0.3176   17.12842 6.6645e+01 0.0000e+00
         21 111.484120    0.00139     0.0833      5.000      0.083    888.786     0.4205     2.7229      0.082    9.46240     2.7232     0.3027   17.13079 6.6358e+01 0.0000e+00
         22 111.484123    0.00146     0.0875      5.250      0.083    864.915     0.4110     2.7230      0.082    9.46306     2.7235     0.2949   17.13210 6.6170e+01 0.0000e+00
         23 111.484126    0.00153     0.0917      5.500      0.083    859.607     0.4122     2.7232      0.082    9.46307     2.7241     0.2956   17.13214 6.6185e+01 0.0000e+00
         24 111.484129    0.00160     0.0958      5.750      0.084    879.866     0.4284     2.7235      0.083    9.46214     2.7251     0.3084   17.13040 6.6395e+01 0.0000e+00
         25 111.484132    0.00167     0.1000      6.000      0.084    938.050     0.4673     2.7241      0.083    9.45983     2.7268     0.3393   17.12599 6.6695e+01 0.0000e+00
         26 111.484135    0.00174     0.1042      6.250      0.085   1055.360     0.5420     2.7251      0.084    9.45534     2.7295     0.3987   17.11741 6.6941e+01 0.0000e+00
         27 111.484138    0.00181     0.1083      6.500      0.087   1269.342     0.6755     2.7268      0.086    9.44728     2.7340     0.5051   17.10202 6.6961e+01 0.0000e+00
         28 111.484141    0.00187     0.1125      6.750      0.091   1642.963     0.9063     2.7295      0.090    9.43335     2.7415     0.6891   17.07535 6.6594e+01 0.0000e+00
         29 111.484144    0.00194     0.1167      7.000      0.097   2279.840     1.2979     2.7340      0.096    9.40968     2.7539     1.0014   17.03006 6.5722e+01 0.0000e+00
         30 111.484146    0.00201     0.1208      7.250      0.108   3354.793     1.9569     2.7415      0.107    9.36983     2.7745     1.5270   16.95376 6.4255e+01 0.0000e+00
         31 111.484149    0.00208     0.1250      7.500      0.125   5163.906     3.0638     2.7539      0.124    9.30286     2.8088     2.4099   16.82556 6.2166e+01 0.0000e+00
         32 111.484152    0.00215     0.1292      7.750      0.152   8207.950     4.9225     2.7745      0.150    9.19038     2.8659     3.8926   16.61018 5.9466e+01 0.0000e+00
         33 111.484155    0.00222     0.1333      8.000      0.197  13324.579     8.0408     2.8088      0.195    9.00159     2.9563     6.3804   16.24866 5.6146e+01 0.0000e+00
         34 111.484158    0.00229     0.1375      8.250      0.271  21589.468    13.1009     2.8659      0.269    8.69573     3.0760    10.4163   15.66316 5.1836e+01 0.0000e+00
         35 111.484161    0.00236     0.1417      8.500      0.382  31569.179    19.2562     2.9563      0.378    8.32108     3.1998    15.3226   14.94729 4.5449e+01 0.0000e+00
         36 111.484164    0.00243     0.1458      8.750      0.518  39462.476    24.1545     3.0760      0.513    8.01468     3.3036    19.2222   14.36430 3.7307e+01 0.0000e+00
         37 111.484167    0.00250     0.1500      9.000      0.654  44174.204    27.0903     3.1999      0.649    7.82122     3.3783    21.5550   13.99867 3.0415e+01 0.0000e+00
         38 111.484170    0.00257     0.1542      9.250      0.767  46934.539    28.8140     3.3037      0.761    7.70160     3.4266    22.9221   13.77395 2.6974e+01 0.0000e+00
         39 111.484172    0.00264     0.1583      9.500      0.848  48556.100    29.8278     3.3784      0.841    7.62855     3.4560    23.7250   13.63727 2.6745e+01 0.0000e+00
         40 111.484175    0.00271     0.1625      9.750      0.904  49515.695    30.4279     3.4266      0.896    7.58451     3.4745    24.1999   13.55502 2.8551e+01 0.0000e+00
         41 111.484178    0.00278     0.1667     10.000      0.945  50087.679    30.7855     3.4561      0.937    7.55812     3.4873    24.4828   13.50577 3.0841e+01 0.0000e+00
         42 111.484181    0.00285     0.1708     10.250      0.978  50429.751    30.9995     3.4745      0.969    7.54216     3.4974    24.6521   13.47603 3.2446e+01 0.0000e+00
         43 111.484184    0.00292     0.1750     10.500      1.003  50635.593    31.1287     3.4873      0.995    7.53222     3.5061    24.7542   13.45757 3.3243e+01 0.0000e+00
         44 111.484187    0.00299     0.1792     10.750      1.023  50760.995    31.2081     3.4975      1.014    7.52572     3.5139    24.8167   13.44557 3.3616e+01 0.0000e+00
         45 111.484190    0.00306     0.1833     11.000      1.036  50837.343    31.2572     3.5062      1.026    7.52125     3.5211    24.8551   13.43742 3.3941e+01 0.0000e+00
         46 111.484193    0.00313     0.1875     11.250      1.042  50883.059    31.2873     3.5140      1.032    7.51806     3.5277    24.8783   13.43168 3.4475e+01 0.0000e+00
         47 111.484196    0.00319     0.1917     11.500      1.041  50909.740    31.3054     3.5212      1.031    7.51568     3.5336    24.8922   13.42747 3.5149e+01 0.0000e+00
         48 111.484198    0.00326     0.1958     11.750      1.033  50924.894    31.3162     3.5277      1.023    7.51384     3.5388    24.9002   13.42426 3.5586e+01 0.0000e+00
         49 111.484201    0.00333     0.2000     12.000      1.019  50933.677    31.3230     3.5337      1.010    7.51236     3.5434    24.9051   13.42171 3.5594e+01 0.0000e+00
         50 111.484204    0.00340     0.2042     12.250      1.003  50939.190    31.3277     3.5389      0.994    7.51112     3.5472    24.9084   13.41960 3.5503e+01 0.0000e+00
         51 111.484207    0.00347     0.2083     12.500      0.989  50942.027    31.3305     3.5434      0.980    7.51012     3.5503    24.9103   13.41790 3.5590e+01 0.0000e+00
         52 111.484210    0.00354     0.2125     12.750      0.979  50940.843    31.3306     3.5473      0.970    7.50940     3.5525    24.9099   13.41671 3.5731e+01 0.0000e+00
         53 111.484213    0.00361     0.2167     13.000      0.976  50933.600    31.3263     3.5503      0.966    7.50904     3.5539    24.9063   13.41617 3.5781e+01 0.0000e+00
         54 111.484216    0.00368     0.2208     13.250      0.980  50918.534    31.3166     3.5526      0.970    7.50912     3.5543    24.8984   13.41643 3.5586e+01 0.0000e+00
         55 111.484219    0.00375     0.2250     13.500      0.989  50895.024    31.3009     3.5539      0.979    7.50967     3.5542    24.8858   13.41754 3.5217e+01 0.0000e+00
         56 111.484222    0.00382     0.2292     13.750      1.000  50866.692    31.2818     3.5544      0.990    7.51056     3.5540    24.8705   13.41926 3.5057e+01 0.0000e+00
         57 111.484225    0.00389     0.2333     14.000      1.010  50843.290    31.2659     3.5543      1.000    7.51139     3.5540    24.8578   13.42084 3.5113e+01 0.0000e+00
         58 111.484227    0.00396     0.2375     14.250      1.016  50833.783    31.2593     3.5541      1.006    7.51175     3.5542    24.8526   13.42152 3.5059e+01 0.0000e+00
         59 111.484230    0.00403     0.2417     14.500      1.017  50840.303    31.2638     3.5541      1.008    7.51152     3.5544    24.8562   13.42108 3.4960e+01 0.0000e+00
         60 111.484233    0.00410     0.2458     14.750      1.014  50858.378    31.2761     3.5543      1.005    7.51087     3.5549    24.8660   13.41984 3.5171e+01 0.0000e+00
         61 111.484236    0.00417     0.2500     15.000      1.008  50879.307    31.2903     3.5545      0.998    7.51010     3.5557    24.8773   13.41838 3.5590e+01 0.0000e+00
         62 111.484239    0.00424     0.2542     15.250      1.000  50896.119    31.3019     3.5550      0.991    7.50941     3.5565    24.8864   13.41710 3.5755e+01 0.0000e+00
         63 111.484242    0.00431     0.2583     15.500      0.992  50906.941    31.3094     3.5557      0.983    7.50890     3.5573    24.8924   13.41615 3.5620e+01 0.0000e+00
         64 111.484245    0.00438     0.2625     15.750      0.988  50913.027    31.3137     3.5565      0.979    7.50853     3.5582    24.8957   13.41549 3.5513e+01 0.0000e+00
         65 111.484248    0.00444     0.2667     16.000      0.989  50916.098    31.3160     3.5574      0.980    7.50826     3.5591    24.8975   13.41501 3.5493e+01 0.0000e+00
         66 111.484251    0.00451     0.2708     16.250      0.996  50916.948    31.3168     3.5583      0.987    7.50805     3.5600    24.8980   13.41465 3.5497e+01 0.0000e+00
         67 111.484253    0.00458     0.2750     16.500      1.007  50915.675    31.3162     3.5592      0.998    7.50791     3.5607    24.8974   13.41443 3.5484e+01 0.0000e+00
         68 111.484256    0.00465     0.2792     16.750      1.020  50912.532    31.3143     3.5601      1.010    7.50785     3.5612    24.8958   13.41435 3.5282e+01 0.0000e+00
         69 111.484259    0.00472     0.2833     17.000      1.030  50908.396    31.3116     3.5608      1.020    7.50786     3.5616    24.8937   13.41440 3.5042e+01 0.0000e+00
         70 111.484262    0.00479     0.2875     17.250      1.035  50904.597    31.3092     3.5613      1.025    7.50789     3.5618    24.8917   13.41448 3.4985e+01 0.0000e+00
         71 111.484265    0.00486     0.2917     17.500      1.034  50902.873    31.3081     3.5616      1.024    7.50788     3.5620    24.8908   13.41448 3.4983e+01 0.0000e+00
         72 111.484268    0.00493     0.2958     17.750      1.028  50905.081    31.3096     3.5619      1.018    7.50776     3.5622    24.8920   13.41426 3.4957e+01 0.0000e+00
         73 111.484271    0.00500     0.3000     18.000      1.020  50910.879    31.3136     3.5621      1.010    7.50751     3.5621    24.8952   13.41381 3.4951e+01 0.0000e+00
         74 111.484274    0.00507     0.3042     18.250      1.010  50917.035    31.3178     3.5623      1.000    7.50727     3.5616    24.8985   13.41335 3.4871e+01 0.0000e+00
         75 111.484277    0.00514     0.3083     18.500      1.002  50920.680    31.3203     3.5622      0.992    7.50716     3.5607    24.9005   13.41314 3.4800e+01 0.0000e+00
         76 111.484280    0.00521     0.3125     18.750      0.995  50920.554    31.3201     3.5617      0.985    7.50726     3.5595    24.9003   13.41331 3.5109e+01 0.0000e+00
         77 111.484282    0.00528     0.3167     19.000      0.991  50915.917    31.3167     3.5608      0.981    7.50759     3.5580    24.8977   13.41390 3.5659e+01 0.0000e+00
         78 111.484285    0.00535     0.3208     19.250      0.989  50907.383    31.3106     3.5596      0.979    7.50813     3.5567    24.8930   13.41487 3.5808e+01 0.0000e+00
         79 111.484288    0.00542     0.3250     19.500      0.987  50899.148    31.3047     3.5581      0.978    7.50870     3.5558    24.8884   13.41588 3.5611e+01 0.0000e+00
         80 111.484291    0.00549     0.3292     19.750      0.986  50897.443    31.3032     3.5567      0.977    7.50903     3.5558    24.8874   13.41645 3.5655e+01 0.0000e+00
         81 111.484294    0.00556     0.3333     20.000      0.985  50903.783    31.3073     3.5559      0.976    7.50897     3.5565    24.8907   13.41630 3.5837e+01 0.0000e+00
         82 111.484297    0.00562     0.3375     20.250      0.985  50913.956    31.3142     3.5559      0.976    7.50862     3.5574    24.8962   13.41563 3.5779e+01 0.0000e+00
         83 111.484300    0.00569     0.3417     20.500      0.986  50923.407    31.3208     3.5565      0.976    7.50817     3.5580    24.9014   13.41480 3.5563e+01 0.0000e+00
         84 111.484303    0.00576     0.3458     20.750      0.987  50929.102    31.3248     3.5574      0.978    7.50780     3.5582    24.9045   13.41414 3.5410e+01 0.0000e+00
         85 111.484306    0.00583     0.3500     21.000      0.991  50929.940    31.3256     3.5580      0.982    7.50765     3.5579    24.9050   13.41387 3.5354e+01 0.0000e+00
         86 111.484308    0.00590     0.3542     21.250      0.996  50926.640    31.3234     3.5582      0.987    7.50772     3.5572    24.9033   13.41403 3.5295e+01 0.0000e+00
         87 111.484311    0.00597     0.3583     21.500      1.003  50921.055    31.3195     3.5580      0.993    7.50797     3.5564    24.9002   13.41449 3.5291e+01 0.0000e+00
         88 111.484314    0.00604     0.3625     21.750      1.010  50916.592    31.3163     3.5573      1.000    7.50826     3.5559    24.8978   13.41501 3.5434e+01 0.0000e+00
         89 111.484317    0.00611     0.3667     22.000      1.016  50915.653    31.3155     3.5565      1.007    7.50846     3.5560    24.8972   13.41534 3.5627e+01 0.0000e+00
         90 111.484320    0.00618     0.3708     22.250      1.022  50917.702    31.3167     3.5560      1.013    7.50848     3.5567    24.8982   13.41537 3.5732e+01 0.0000e+00
