CTD-processing/allCTD/CNV--turbid/2013_07-09_t9andtutka_s09extra_cast218.cnv
* Sea-Bird SBE19plus Data File:
* FileName = C:\Documents and Settings\kbayadmin\My Documents\CTD data\2013-07-09 Kachemak Bay Homer Spit Line and Tutka Bay\2013-07-09 Kachemak Bay Homer Spit Line and Tutka Bay cast218.hex
* Software Version 1.59
* Temperature SN =  5028
* Conductivity SN =  5028
* System UpLoad Time = Jul 10 2013 11:08:40
** Kachemak Bay Homer Spit Line and Tutka Bay
** 2013-07-05
** Station: 9 extra
** N': 59 34.167
** W': -151 21.431
** Start Time: 1710
** Depth(ft): 210
# nquan = 16
# nvalues = 619                         
# units = specified
# name 0 = scan: Scan Count
# name 1 = timeJ: Julian Days
# name 2 = timeH: Time, Elapsed [hours]
# name 3 = timeM: Time, Elapsed [minutes]
# name 4 = timeS: Time, Elapsed [seconds]
# name 5 = prdM: Pressure, Strain Gauge [db]
# name 6 = specc: Specific Conductance [uS/cm]
# name 7 = sal00: Salinity, Practical [PSU]
# name 8 = tv290C: Temperature [ITS-90, deg C]
# name 9 = depSM: Depth [salt water, m], lat = 59.00
# name 10 = oxsolML/L: Oxygen Saturation, Garcia & Gordon [ml/l]
# name 11 = potemp090C: Potential Temperature [ITS-90, deg C]
# name 12 = sigma-é00: Density [sigma-theta, kg/m^3]
# name 13 = n2satML/L: Nitrogen Saturation [ml/l]
# name 14 = par: PAR/Irradiance, Biospherical/Licor
# name 15 = flag:  0.000e+00
# span 0 =          1,        619       
# span 1 = 190.715498, 190.717286       
# span 2 =    0.00000,    0.04292       
# span 3 =     0.0000,     2.5750       
# span 4 =      0.000,    154.500       
# span 5 =     -0.005,     54.383       
# span 6 =   1830.412,  50475.857       
# span 7 =     0.9315,    31.7026       
# span 8 =     6.9488,    14.6115       
# span 9 =     -0.005,     53.867       
# span 10 =    6.56942,    7.13514      
# span 11 =     6.9441,    14.6115      
# span 12 =    -0.1194,    24.8295      
# span 13 =   11.92748,   13.19927      
# span 14 = 7.3023e-02, 1.2676e+03      
# span 15 = 0.0000e+00, 0.0000e+00      
# interval = seconds: 0.25
# start_time = Jul 09 2013 17:10:19 [Instrument's time stamp, header]
# bad_flag = -9.990e-29
*END*
[from data line 91]
         92 190.715761    0.00632     0.3792     22.750      0.968  38296.004    23.8289    11.1661      0.959    6.61106    11.1646    18.0675   12.02385 6.1618e+01 0.0000e+00
         93 190.715764    0.00639     0.3833     23.000      0.970  38278.608    23.8169    11.1655      0.961    6.61165    11.1638    18.0583   12.02498 6.2584e+01 0.0000e+00
         94 190.715767    0.00646     0.3875     23.250      0.968  38267.372    23.8092    11.1647      0.959    6.61210    11.1627    18.0524   12.02581 6.4055e+01 0.0000e+00
         95 190.715770    0.00653     0.3917     23.500      0.963  38217.572    23.7750    11.1639      0.954    6.61364    11.1618    18.0261   12.02881 6.5810e+01 0.0000e+00
         96 190.715773    0.00660     0.3958     23.750      0.956  38122.449    23.7099    11.1628      0.947    6.61653    11.1617    17.9758   12.03442 6.7574e+01 0.0000e+00
         97 190.715775    0.00667     0.4000     24.000      0.949  38006.951    23.6308    11.1619      0.940    6.61999    11.1635    17.9146   12.04116 6.9078e+01 0.0000e+00
         98 190.715778    0.00674     0.4042     24.250      0.944  37888.513    23.5498    11.1618      0.935    6.62340    11.1680    17.8518   12.04785 7.0057e+01 0.0000e+00
         99 190.715781    0.00681     0.4083     24.500      0.943  37767.580    23.4673    11.1636      0.934    6.62660    11.1756    17.7876   12.05421 7.0358e+01 0.0000e+00
        100 190.715784    0.00688     0.4125     24.750      0.948  37646.860    23.3852    11.1681      0.940    6.62941    11.1871    17.7232   12.05990 6.9896e+01 0.0000e+00
        101 190.715787    0.00694     0.4167     25.000      0.961  37556.215    23.3239    11.1757      0.952    6.63089    11.2040    17.6745   12.06313 6.8851e+01 0.0000e+00
        102 190.715790    0.00701     0.4208     25.250      0.977  37548.656    23.3197    11.1872      0.967    6.62941    11.2283    17.6694   12.06071 6.7895e+01 0.0000e+00
        103 190.715793    0.00708     0.4250     25.500      0.990  37649.076    23.3896    11.2041      0.981    6.62403    11.2629    17.7209   12.05089 6.7749e+01 0.0000e+00
        104 190.715796    0.00715     0.4292     25.750      0.994  37795.975    23.4919    11.2284      0.985    6.61623    11.3069    17.7963   12.03662 6.8677e+01 0.0000e+00
        105 190.715799    0.00722     0.4333     26.000      0.987  37866.738    23.5430    11.2630      0.977    6.60910    11.3499    17.8304   12.02411 7.0542e+01 0.0000e+00
        106 190.715802    0.00729     0.4375     26.250      0.969  37784.898    23.4904    11.3070      0.960    6.60496    11.3776    17.7826   12.01786 7.2933e+01 0.0000e+00
        107 190.715804    0.00736     0.4417     26.500      0.946  37590.382    23.3607    11.3500      0.938    6.60420    11.3833    17.6752   12.01819 7.5404e+01 0.0000e+00
        108 190.715807    0.00743     0.4458     26.750      0.928  37386.732    23.2236    11.3777      0.919    6.60593    11.3712    17.5646   12.02277 7.7625e+01 0.0000e+00
        109 190.715810    0.00750     0.4500     27.000      0.918  37238.081    23.1225    11.3834      0.910    6.60933    11.3511    17.4853   12.02969 7.9076e+01 0.0000e+00
        110 190.715813    0.00757     0.4542     27.250      0.920  37158.720    23.0673    11.3713      0.911    6.61339    11.3314    17.4446   12.03713 7.9198e+01 0.0000e+00
        111 190.715816    0.00764     0.4583     27.500      0.933  37147.610    23.0582    11.3512      0.925    6.61666    11.3173    17.4408   12.04270 7.7919e+01 0.0000e+00
        112 190.715819    0.00771     0.4625     27.750      0.957  37196.811    23.0903    11.3315      0.948    6.61815    11.3129    17.4688   12.04478 7.5694e+01 0.0000e+00
        113 190.715822    0.00778     0.4667     28.000      0.986  37300.110    23.1598    11.3175      0.976    6.61727    11.3225    17.5249   12.04245 7.3371e+01 0.0000e+00
        114 190.715825    0.00785     0.4708     28.250      1.009  37442.548    23.2568    11.3130      1.000    6.61385    11.3493    17.6007   12.03556 7.1879e+01 0.0000e+00
        115 190.715828    0.00792     0.4750     28.500      1.018  37564.396    23.3408    11.3227      1.009    6.60895    11.3888    17.6643   12.02635 7.1735e+01 0.0000e+00
        116 190.715830    0.00799     0.4792     28.750      1.008  37578.171    23.3523    11.3495      0.999    6.60462    11.4257    17.6689   12.01899 7.2917e+01 0.0000e+00
        117 190.715833    0.00806     0.4833     29.000      0.985  37449.192    23.2672    11.3889      0.976    6.60250    11.4431    17.5966   12.01651 7.4996e+01 0.0000e+00
        118 190.715836    0.00813     0.4875     29.250      0.962  37227.902    23.1188    11.4258      0.953    6.60340    11.4359    17.4758   12.01983 7.7114e+01 0.0000e+00
        119 190.715839    0.00819     0.4917     29.500      0.954  37000.928    22.9652    11.4432      0.945    6.60731    11.4143    17.3540   12.02826 7.8734e+01 0.0000e+00
        120 190.715842    0.00826     0.4958     29.750      0.967  36851.908    22.8630    11.4360      0.957    6.61262    11.3946    17.2760   12.03838 8.0149e+01 0.0000e+00
        121 190.715845    0.00833     0.5000     30.000      0.992  36844.767    22.8565    11.4144      0.983    6.61599    11.3892    17.2744   12.04408 8.1450e+01 0.0000e+00
        122 190.715848    0.00840     0.5042     30.250      1.019  36961.466    22.9346    11.3947      1.009    6.61556    11.4042    17.3380   12.04240 8.2468e+01 0.0000e+00
        123 190.715851    0.00847     0.5083     30.500      1.035  37089.248    23.0213    11.3893      1.025    6.61271    11.4352    17.4060   12.03656 8.3284e+01 0.0000e+00
        124 190.715854    0.00854     0.5125     30.750      1.037  37128.775    23.0493    11.4043      1.027    6.60938    11.4682    17.4253   12.03066 8.3951e+01 0.0000e+00
        125 190.715856    0.00861     0.5167     31.000      1.027  37069.669    23.0112    11.4353      1.017    6.60651    11.4899    17.3909   12.02636 8.4567e+01 0.0000e+00
        126 190.715859    0.00868     0.5208     31.250      1.012  36970.917    22.9462    11.4683      1.003    6.60448    11.4947    17.3353   12.02377 8.5366e+01 0.0000e+00
        127 190.715862    0.00875     0.5250     31.500      1.004  36900.126    22.8995    11.4900      0.995    6.60331    11.4867    17.2956   12.02239 8.6136e+01 0.0000e+00
        128 190.715865    0.00882     0.5292     31.750      1.007  36887.169    22.8910    11.4949      0.997    6.60297    11.4759    17.2882   12.02193 8.6199e+01 0.0000e+00
        129 190.715868    0.00889     0.5333     32.000      1.017  36936.804    22.9243    11.4868      1.008    6.60274    11.4719    17.3153   12.02113 8.5806e+01 0.0000e+00
        130 190.715871    0.00896     0.5375     32.250      1.032  37024.060    22.9830    11.4760      1.022    6.60183    11.4794    17.3625   12.01890 8.6283e+01 0.0000e+00
        131 190.715874    0.00903     0.5417     32.500      1.045  37098.020    23.0332    11.4721      1.035    6.60031    11.4953    17.4020   12.01574 8.8553e+01 0.0000e+00
        132 190.715877    0.00910     0.5458     32.750      1.055  37132.594    23.0574    11.4795      1.045    6.59823    11.5117    17.4195   12.01198 9.2763e+01 0.0000e+00
        133 190.715880    0.00917     0.5500     33.000      1.060  37135.843    23.0607    11.4954      1.050    6.59582    11.5235    17.4195   12.00791 9.8823e+01 0.0000e+00
        134 190.715883    0.00924     0.5542     33.250      1.060  37123.670    23.0536    11.5118      1.050    6.59376    11.5294    17.4114   12.00457 1.0652e+02 0.0000e+00
        135 190.715885    0.00931     0.5583     33.500      1.053  37099.491    23.0380    11.5236      1.044    6.59273    11.5293    17.3974   12.00304 1.1531e+02 0.0000e+00
        136 190.715888    0.00937     0.5625     33.750      1.042  37052.439    23.0063    11.5295      1.032    6.59320    11.5221    17.3719   12.00421 1.2404e+02 0.0000e+00
        137 190.715891    0.00944     0.5667     34.000      1.029  36973.328    22.9523    11.5294      1.020    6.59546    11.5066    17.3301   12.00866 1.3115e+02 0.0000e+00
        138 190.715894    0.00951     0.5708     34.250      1.024  36877.626    22.8865    11.5222      1.015    6.59923    11.4842    17.2803   12.01576 1.3523e+02 0.0000e+00
        139 190.715897    0.00958     0.5750     34.500      1.031  36806.782    22.8370    11.5067      1.021    6.60352    11.4614    17.2445   12.02352 1.3559e+02 0.0000e+00
        140 190.715900    0.00965     0.5792     34.750      1.050  36797.021    22.8287    11.4843      1.040    6.60709    11.4465    17.2417   12.02957 1.3250e+02 0.0000e+00
        141 190.715903    0.00972     0.5833     35.000      1.076  36857.186    22.8681    11.4616      1.066    6.60871    11.4460    17.2758   12.03179 1.2709e+02 0.0000e+00
        142 190.715906    0.00979     0.5875     35.250      1.099  36956.309    22.9346    11.4467      1.088    6.60808    11.4628    17.3297   12.02991 1.2139e+02 0.0000e+00
        143 190.715909    0.00986     0.5917     35.500      1.111  37037.056    22.9896    11.4462      1.100    6.60585    11.4909    17.3724   12.02552 1.1715e+02 0.0000e+00
        144 190.715911    0.00993     0.5958     35.750      1.107  37063.428    23.0089    11.4629      1.097    6.60265    11.5161    17.3846   12.01994 1.1419e+02 0.0000e+00
        145 190.715914    0.01000     0.6000     36.000      1.090  37036.744    22.9927    11.4910      1.079    6.59929    11.5236    17.3676   12.01454 1.1095e+02 0.0000e+00
        146 190.715917    0.01007     0.6042     36.250      1.065  36989.165    22.9621    11.5162      1.055    6.59695    11.5030    17.3398   12.01101 1.0665e+02 0.0000e+00
        147 190.715920    0.01014     0.6083     36.500      1.045  36981.081    22.9571    11.5237      1.034    6.59609    11.4553    17.3348   12.00964 1.0168e+02 0.0000e+00
        148 190.715923    0.01021     0.6125     36.750      1.038  37064.560    23.0126    11.5031      1.028    6.59674    11.3954    17.3810   12.01004 9.6862e+01 0.0000e+00
        149 190.715926    0.01028     0.6167     37.000      1.049  37222.082    23.1166    11.4554      1.039    6.59925    11.3435    17.4693   12.01294 9.2937e+01 0.0000e+00
        150 190.715929    0.01035     0.6208     37.250      1.073  37373.528    23.2156    11.3955      1.062    6.60372    11.3159    17.5555   12.01918 9.0217e+01 0.0000e+00
        151 190.715932    0.01042     0.6250     37.500      1.097  37463.567    23.2731    11.3436      1.087    6.60878    11.3215    17.6084   12.02691 8.8789e+01 0.0000e+00
        152 190.715935    0.01049     0.6292     37.750      1.112  37497.539    23.2942    11.3160      1.101    6.61187    11.3549    17.6291   12.03180 8.8670e+01 0.0000e+00
        153 190.715938    0.01056     0.6333     38.000      1.109  37500.583    23.2967    11.3216      1.098    6.61097    11.3964    17.6302   12.03026 8.9422e+01 0.0000e+00
        154 190.715940    0.01063     0.6375     38.250      1.092  37492.507    23.2938    11.3550      1.081    6.60628    11.4256    17.6225   12.02248 8.9921e+01 0.0000e+00
        155 190.715943    0.01069     0.6417     38.500      1.069  37484.636    23.2915    11.3966      1.059    6.60039    11.4316    17.6141   12.01269 8.8985e+01 0.0000e+00
        156 190.715946    0.01076     0.6458     38.750      1.049  37481.570    23.2916    11.4257      1.039    6.59620    11.4163    17.6096   12.00570 8.6435e+01 0.0000e+00
        157 190.715949    0.01083     0.6500     39.000      1.039  37492.583    23.2996    11.4317      1.030    6.59500    11.3916    17.6148   12.00360 8.3191e+01 0.0000e+00
        158 190.715952    0.01090     0.6542     39.250      1.043  37521.611    23.3183    11.4164      1.033    6.59642    11.3703    17.6318   12.00573 8.0264e+01 0.0000e+00
        159 190.715955    0.01097     0.6583     39.500      1.059  37555.352    23.3395    11.3917      1.049    6.59907    11.3595    17.6522   12.00990 7.8047e+01 0.0000e+00
        160 190.715958    0.01104     0.6625     39.750      1.083  37577.796    23.3532    11.3704      1.073    6.60156    11.3635    17.6662   12.01388 7.6789e+01 0.0000e+00
        161 190.715961    0.01111     0.6667     40.000      1.108  37581.177    23.3547    11.3596      1.098    6.60305    11.3868    17.6691   12.01634 7.7027e+01 0.0000e+00
        162 190.715964    0.01118     0.6708     40.250      1.125  37567.016    23.3453    11.3637      1.115    6.60287    11.4277    17.6611   12.01615 7.8993e+01 0.0000e+00
        163 190.715966    0.01125     0.6750     40.500      1.124  37541.200    23.3294    11.3869      1.114    6.60020    11.4717    17.6451   12.01190 8.1889e+01 0.0000e+00
        164 190.715969    0.01132     0.6792     40.750      1.103  37511.175    23.3120    11.4279      1.093    6.59506    11.4991    17.6249   12.00354 8.4205e+01 0.0000e+00
        165 190.715972    0.01139     0.6833     41.000      1.070  37491.401    23.3018    11.4719      1.060    6.58917    11.4964    17.6099   11.99387 8.4748e+01 0.0000e+00
        166 190.715975    0.01146     0.6875     41.250      1.037  37499.123    23.3091    11.4993      1.027    6.58495    11.4608    17.6112   11.98674 8.3279e+01 0.0000e+00
        167 190.715978    0.01153     0.6917     41.500      1.018  37550.824    23.3443    11.4965      1.009    6.58388    11.4036    17.6388   11.98453 8.0449e+01 0.0000e+00
        168 190.715981    0.01160     0.6958     41.750      1.020  37647.151    23.4075    11.4609      1.010    6.58634    11.3443    17.6935   11.98785 7.7121e+01 0.0000e+00
        169 190.715984    0.01167     0.7000     42.000      1.041  37754.083    23.4763    11.4037      1.031    6.59168    11.3003    17.7561   11.99590 7.3917e+01 0.0000e+00
        170 190.715987    0.01174     0.7042     42.250      1.074  37830.222    23.5238    11.3444      1.065    6.59820    11.2827    17.8025   12.00618 7.1475e+01 0.0000e+00
        171 190.715990    0.01181     0.7083     42.500      1.109  37864.054    23.5436    11.3004      1.099    6.60369    11.2956    17.8248   12.01509 7.0423e+01 0.0000e+00
        172 190.715992    0.01188     0.7125     42.750      1.133  37869.863    23.5462    11.2828      1.123    6.60613    11.3318    17.8297   12.01911 7.0897e+01 0.0000e+00
        173 190.715995    0.01194     0.7167     43.000      1.140  37861.292    23.5413    11.2958      1.129    6.60447    11.3723    17.8238   12.01640 7.2484e+01 0.0000e+00
        174 190.715998    0.01201     0.7208     43.250      1.126  37850.424    23.5367    11.3319      1.116    6.59947    11.3982    17.8144   12.00812 7.4529e+01 0.0000e+00
        175 190.716001    0.01208     0.7250     43.500      1.098  37854.481    23.5426    11.3724      1.088    6.59340    11.3971    17.8125   11.99795 7.6333e+01 0.0000e+00
        176 190.716004    0.01215     0.7292     43.750      1.065  37885.436    23.5658    11.3983      1.055    6.58871    11.3656    17.8263   11.98985 7.7298e+01 0.0000e+00
        177 190.716007    0.01222     0.7333     44.000      1.040  37956.366    23.6143    11.3972      1.031    6.58685    11.3123    17.8641   11.98614 7.7077e+01 0.0000e+00
        178 190.716010    0.01229     0.7375     44.250      1.032  38079.748    23.6963    11.3657      1.022    6.58795    11.2538    17.9327   11.98697 7.5796e+01 0.0000e+00
        179 190.716013    0.01236     0.7417     44.500      1.044  38231.339    23.7959    11.3124      1.034    6.59143    11.2064    18.0185   11.99155 7.4165e+01 0.0000e+00
        180 190.716016    0.01243     0.7458     44.750      1.071  38350.267    23.8728    11.2540      1.061    6.59662    11.1826    18.0874   11.99925 7.3113e+01 0.0000e+00
