CTD-processing/allCTD/CNV--turbid/2013_07-22_t9_s01_cast078.cnv
* Sea-Bird SBE19plus Data File:
* FileName = C:\Users\kris.holderied\Documents\kasitsna\Research-Projects-and-Data\Oceanography-AK\CTD-CookInlet-GulfWatchAK\2013-07-EVOSTC-CookInlet-Ocean\2013-07-22-CookInlet-Tran9-HomerSpit\2013-07-22-CookInlet-Tran9-HomerSpit-cast078.hex
* Software Version 1.59
* Temperature SN =  5028
* Conductivity SN =  5028
* System UpLoad Time = Apr 09 2014 19:17:18
** Cook Inlet LTM  Transect 9 (Homer Spit)  south to north
** Date: 2013-07-22
** Station: 9-01
** Start time: 09:00
** Depth (m): 65
** Comment:  CTD instrument time is AK Daylight.
** Comment:
# nquan = 16
# nvalues = 585                         
# units = specified
# name 0 = scan: Scan Count
# name 1 = timeJ: Julian Days
# name 2 = timeH: Time, Elapsed [hours]
# name 3 = timeM: Time, Elapsed [minutes]
# name 4 = timeS: Time, Elapsed [seconds]
# name 5 = prdM: Pressure, Strain Gauge [db]
# name 6 = specc: Specific Conductance [uS/cm]
# name 7 = sal00: Salinity, Practical [PSU]
# name 8 = tv290C: Temperature [ITS-90, deg C]
# name 9 = depSM: Depth [salt water, m], lat = 59.00
# name 10 = oxsolML/L: Oxygen Saturation, Garcia & Gordon [ml/l]
# name 11 = potemp090C: Potential Temperature [ITS-90, deg C]
# name 12 = sigma-é00: Density [sigma-theta, kg/m^3]
# name 13 = n2satML/L: Nitrogen Saturation [ml/l]
# name 14 = par: PAR/Irradiance, Biospherical/Licor
# name 15 = flag:  0.000e+00
# span 0 =          1,        585       
# span 1 = 203.375868, 203.377558       
# span 2 =    0.00000,    0.04056       
# span 3 =     0.0000,     2.4333       
# span 4 =      0.000,    146.000       
# span 5 =     -0.022,     65.557       
# span 6 =    224.941,  50413.257       
# span 7 =     0.1064,    31.6567       
# span 8 =     6.9651,    13.8386       
# span 9 =     -0.022,     64.933       
# span 10 =    6.23276,    7.39540      
# span 11 =     6.9593,    13.8383      
# span 12 =    -0.5176,    24.7914      
# span 13 =   11.36308,   13.65410      
# span 14 = 5.3003e-02, 1.4517e+03      
# span 15 = 0.0000e+00, 0.0000e+00      
# interval = seconds: 0.25
# start_time = Jul 22 2013 09:01:15 [Instrument's time stamp, header]
# bad_flag = -9.990e-29
*END*
[from data line 543]
        544 203.377439    0.03771     2.2625    135.750     57.060  50101.687    31.5892     7.8249     56.519    6.77504     7.7715    24.6217   12.20020 5.4439e-02 0.0000e+00
        545 203.377442    0.03778     2.2667    136.000     57.294  50114.554    31.5940     7.7994     56.751    6.77877     7.7498    24.6290   12.20630 5.4365e-02 0.0000e+00
        546 203.377445    0.03785     2.2708    136.250     57.529  50121.106    31.5948     7.7768     56.983    6.78221     7.7266    24.6328   12.21199 5.4283e-02 0.0000e+00
        547 203.377448    0.03792     2.2750    136.500     57.764  50120.972    31.5910     7.7552     57.216    6.78571     7.6981    24.6329   12.21783 5.4190e-02 0.0000e+00
        548 203.377451    0.03799     2.2792    136.750     57.997  50111.031    31.5802     7.7320     57.447    6.78978     7.6601    24.6276   12.22470 5.4107e-02 0.0000e+00
        549 203.377454    0.03806     2.2833    137.000     58.228  50091.129    31.5615     7.7035     57.676    6.79503     7.6106    24.6169   12.23361 5.4053e-02 0.0000e+00
        550 203.377457    0.03812     2.2875    137.250     58.455  50071.777    31.5416     7.6654     57.901    6.80182     7.5536    24.6065   12.24508 5.4014e-02 0.0000e+00
        551 203.377459    0.03819     2.2917    137.500     58.680  50069.658    31.5318     7.6160     58.123    6.80993     7.4980    24.6057   12.25862 5.3978e-02 0.0000e+00
        552 203.377462    0.03826     2.2958    137.750     58.901  50095.113    31.5400     7.5590     58.343    6.81844     7.4520    24.6199   12.27259 5.3939e-02 0.0000e+00
        553 203.377465    0.03833     2.3000    138.000     59.121  50139.280    31.5615     7.5034     58.561    6.82614     7.4178    24.6444   12.28506 5.3894e-02 0.0000e+00
        554 203.377468    0.03840     2.3042    138.250     59.340  50184.304    31.5851     7.4574     58.777    6.83227     7.3942    24.6693   12.29491 5.3855e-02 0.0000e+00
        555 203.377471    0.03847     2.3083    138.500     59.558  50220.475    31.6045     7.4232     58.993    6.83673     7.3782    24.6892   12.30204 5.3821e-02 0.0000e+00
        556 203.377474    0.03854     2.3125    138.750     59.777  50246.114    31.6183     7.3996     59.210    6.83981     7.3675    24.7032   12.30696 5.3780e-02 0.0000e+00
        557 203.377477    0.03861     2.3167    139.000     59.997  50263.036    31.6273     7.3836     59.427    6.84190     7.3599    24.7125   12.31030 5.3726e-02 0.0000e+00
        558 203.377480    0.03868     2.3208    139.250     60.216  50273.419    31.6326     7.3729     59.644    6.84334     7.3541    24.7182   12.31261 5.3660e-02 0.0000e+00
        559 203.377483    0.03875     2.3250    139.500     60.437  50279.212    31.6353     7.3654     59.863    6.84440     7.3493    24.7213   12.31433 5.3588e-02 0.0000e+00
        560 203.377486    0.03882     2.3292    139.750     60.659  50282.725    31.6367     7.3596     60.083    6.84525     7.3451    24.7231   12.31571 5.3531e-02 0.0000e+00
        561 203.377488    0.03889     2.3333    140.000     60.881  50284.753    31.6372     7.3548     60.302    6.84597     7.3405    24.7242   12.31690 5.3497e-02 0.0000e+00
        562 203.377491    0.03896     2.3375    140.250     61.102  50284.051    31.6359     7.3506     60.521    6.84669     7.3345    24.7237   12.31811 5.3470e-02 0.0000e+00
        563 203.377494    0.03903     2.3417    140.500     61.322  50280.945    31.6328     7.3460     60.739    6.84755     7.3266    24.7220   12.31957 5.3436e-02 0.0000e+00
        564 203.377497    0.03910     2.3458    140.750     61.540  50277.035    31.6290     7.3400     60.956    6.84866     7.3162    24.7198   12.32145 5.3400e-02 0.0000e+00
        565 203.377500    0.03917     2.3500    141.000     61.758  50272.359    31.6243     7.3321     61.171    6.85011     7.3028    24.7171   12.32391 5.3375e-02 0.0000e+00
        566 203.377503    0.03924     2.3542    141.250     61.974  50267.581    31.6191     7.3218     61.386    6.85198     7.2867    24.7144   12.32707 5.3363e-02 0.0000e+00
        567 203.377506    0.03931     2.3583    141.500     62.190  50264.061    31.6142     7.3084     61.599    6.85429     7.2688    24.7124   12.33095 5.3358e-02 0.0000e+00
        568 203.377509    0.03938     2.3625    141.750     62.405  50264.506    31.6117     7.2923     61.812    6.85694     7.2514    24.7126   12.33537 5.3344e-02 0.0000e+00
        569 203.377512    0.03944     2.3667    142.000     62.619  50272.125    31.6138     7.2745     62.024    6.85966     7.2351    24.7167   12.33984 5.3308e-02 0.0000e+00
        570 203.377514    0.03951     2.3708    142.250     62.835  50280.567    31.6166     7.2570     62.238    6.86229     7.2167    24.7212   12.34414 5.3253e-02 0.0000e+00
        571 203.377517    0.03958     2.3750    142.500     63.054  50278.650    31.6123     7.2407     62.455    6.86505     7.1925    24.7200   12.34876 5.3191e-02 0.0000e+00
        572 203.377520    0.03965     2.3792    142.750     63.274  50268.076    31.6017     7.2224     62.673    6.86842     7.1613    24.7141   12.35447 5.3142e-02 0.0000e+00
        573 203.377523    0.03972     2.3833    143.000     63.495  50258.671    31.5909     7.1982     62.892    6.87274     7.1239    24.7088   12.36174 5.3117e-02 0.0000e+00
        574 203.377526    0.03979     2.3875    143.250     63.716  50254.475    31.5824     7.1670     63.111    6.87807     7.0838    24.7063   12.37066 5.3097e-02 0.0000e+00
        575 203.377529    0.03986     2.3917    143.500     63.936  50261.252    31.5805     7.1296     63.328    6.88408     7.0465    24.7098   12.38061 5.3069e-02 0.0000e+00
        576 203.377532    0.03993     2.3958    143.750     64.153  50284.115    31.5893     7.0894     63.543    6.89004     7.0167    24.7220   12.39036 5.3048e-02 0.0000e+00
        577 203.377535    0.04000     2.4000    144.000     64.367  50316.757    31.6054     7.0522     63.755    6.89522     6.9955    24.7396   12.39872 5.3041e-02 0.0000e+00
        578 203.377538    0.04007     2.4042    144.250     64.576  50349.454    31.6228     7.0223     63.962    6.89917     6.9819    24.7572   12.40504 5.3041e-02 0.0000e+00
        579 203.377541    0.04014     2.4083    144.500     64.778  50375.045    31.6368     7.0012     64.163    6.90190     6.9734    24.7710   12.40937 5.3033e-02 0.0000e+00
        580 203.377543    0.04021     2.4125    144.750     64.972  50390.898    31.6454     6.9876     64.355    6.90367     6.9676    24.7795   12.41220 5.3019e-02 0.0000e+00
        581 203.377546    0.04028     2.4167    145.000     65.153  50398.894    31.6493     6.9791     64.534    6.90485     6.9632    24.7838   12.41408 5.3009e-02 0.0000e+00
        582 203.377549    0.04035     2.4208    145.250     65.314  50402.887    31.6510     6.9733     64.693    6.90569     6.9603    24.7859   12.41546 5.3004e-02 0.0000e+00
        583 203.377552    0.04042     2.4250    145.500     65.443  50407.107    31.6531     6.9690     64.821    6.90629     6.9593    24.7881   12.41643 5.3003e-02 0.0000e+00
        584 203.377555    0.04049     2.4292    145.750     65.528  50411.487    31.6556     6.9661     64.904    6.90664 -9.990e-29    24.7905   12.41697 5.3004e-02 0.0000e+00
        585 203.377558    0.04056     2.4333    146.000     65.557  50413.257    31.6567     6.9651     64.933    6.90675 -9.990e-29    24.7914   12.41714 5.3004e-02 0.0000e+00
