CTD-processing/allCTD/CNV--turbid/2013-04-21-cookinlet-tran9-cast139-s03.cnv
* Sea-Bird SBE19plus Data File:
* FileName = C:\Documents and Settings\kris.holderied.local\My Documents\2012-2013-CTD-DATA-new-files\2013-04-EVOSTC-CookInlet-Ocean\2013-04-21-CookInlet-Tran9-cast139.hex
* Software Version 1.54
* Temperature SN =  5028
* Conductivity SN =  5028
* System UpLoad Time = May 21 2013 10:08:07
** Cook Inlet LTM Transect 9 (Homer Spit)
** Date:  2013-04-21
** Station: 9-03
** Start time (AKDT-24 hr): 1601
** Depth (m): 94
** Comment:None
** Comment:
# nquan = 16
# nvalues = 635                         
# units = specified
# name 0 = scan: Scan Count
# name 1 = timeJ: Julian Days
# name 2 = timeH: Time, Elapsed [hours]
# name 3 = timeM: Time, Elapsed [minutes]
# name 4 = timeS: Time, Elapsed [seconds]
# name 5 = prdM: Pressure, Strain Gauge [db]
# name 6 = specc: Specific Conductance [uS/cm]
# name 7 = sal00: Salinity, Practical [PSU]
# name 8 = tv290C: Temperature [ITS-90, deg C]
# name 9 = depSM: Depth [salt water, m], lat = 59.00
# name 10 = oxsolML/L: Oxygen Saturation, Garcia & Gordon [ml/l]
# name 11 = potemp090C: Potential Temperature [ITS-90, deg C]
# name 12 = sigma-é00: Density [sigma-theta, kg/m^3]
# name 13 = n2satML/L: Nitrogen Saturation [ml/l]
# name 14 = par: PAR/Irradiance, Biospherical/Licor
# name 15 = flag:  0.000e+00
# span 0 =          1,        635       
# span 1 = 111.668553, 111.670388       
# span 2 =    0.00000,    0.04403       
# span 3 =     0.0000,     2.6417       
# span 4 =      0.000,    158.500       
# span 5 =      0.067,     95.151       
# span 6 =   1711.610,  51932.772       
# span 7 =     0.8462,    31.9181       
# span 8 =     3.2627,     3.4540       
# span 9 =      0.066,     94.240       
# span 10 =    7.50011,    9.29970      
# span 11 =     3.2627,     3.4539      
# span 12 =     0.6531,    25.3921      
# span 13 =   13.39451,   16.85106      
# span 14 = 3.7912e-02, 3.0051e+02      
# span 15 = 0.0000e+00, 0.0000e+00      
# interval = seconds: 0.25
# start_time = Apr 21 2013 16:02:43 [Instrument's time stamp, header]
# bad_flag = -9.990e-29
*END*
[from data line 362]
        363 111.669601    0.02514     1.5083     90.500     12.452  51773.897    31.8587     3.4217     12.335    7.50570     3.4194    25.3417   13.40364 1.9050e+01 0.0000e+00
        364 111.669604    0.02521     1.5125     90.750     12.701  51774.267    31.8586     3.4210     12.582    7.50584     3.4181    25.3418   13.40386 1.8460e+01 0.0000e+00
        365 111.669606    0.02528     1.5167     91.000     12.963  51774.113    31.8581     3.4201     12.841    7.50601     3.4165    25.3415   13.40416 1.7839e+01 0.0000e+00
        366 111.669609    0.02535     1.5208     91.250     13.243  51774.492    31.8579     3.4189     13.119    7.50626     3.4146    25.3414   13.40456 1.7171e+01 0.0000e+00
        367 111.669612    0.02542     1.5250     91.500     13.547  51775.556    31.8581     3.4173     13.420    7.50655     3.4126    25.3417   13.40504 1.6459e+01 0.0000e+00
        368 111.669615    0.02549     1.5292     91.750     13.872  51776.970    31.8584     3.4155     13.742    7.50687     3.4105    25.3421   13.40557 1.5722e+01 0.0000e+00
        369 111.669618    0.02556     1.5333     92.000     14.211  51778.761    31.8589     3.4135     14.078    7.50721     3.4087    25.3427   13.40612 1.4987e+01 0.0000e+00
        370 111.669621    0.02562     1.5375     92.250     14.555  51781.118    31.8598     3.4114     14.419    7.50754     3.4073    25.3436   13.40665 1.4282e+01 0.0000e+00
        371 111.669624    0.02569     1.5417     92.500     14.894  51783.674    31.8609     3.4096     14.755    7.50782     3.4063    25.3446   13.40710 1.3628e+01 0.0000e+00
        372 111.669627    0.02576     1.5458     92.750     15.220  51785.924    31.8619     3.4082     15.078    7.50803     3.4056    25.3456   13.40743 1.3036e+01 0.0000e+00
        373 111.669630    0.02583     1.5500     93.000     15.528  51787.684    31.8627     3.4072     15.383    7.50817     3.4053    25.3463   13.40766 1.2511e+01 0.0000e+00
        374 111.669633    0.02590     1.5542     93.250     15.817  51788.962    31.8633     3.4066     15.668    7.50826     3.4051    25.3467   13.40780 1.2050e+01 0.0000e+00
        375 111.669635    0.02597     1.5583     93.500     16.088  51789.803    31.8636     3.4063     15.937    7.50830     3.4050    25.3470   13.40787 1.1645e+01 0.0000e+00
        376 111.669638    0.02604     1.5625     93.750     16.346  51790.293    31.8638     3.4061     16.192    7.50832     3.4050    25.3472   13.40790 1.1278e+01 0.0000e+00
        377 111.669641    0.02611     1.5667     94.000     16.599  51790.590    31.8639     3.4060     16.442    7.50833     3.4050    25.3473   13.40791 1.0931e+01 0.0000e+00
        378 111.669644    0.02618     1.5708     94.250     16.853  51790.803    31.8639     3.4060     16.694    7.50834     3.4050    25.3473   13.40791 1.0584e+01 0.0000e+00
        379 111.669647    0.02625     1.5750     94.500     17.116  51790.915    31.8638     3.4060     16.955    7.50834     3.4048    25.3472   13.40792 1.0221e+01 0.0000e+00
        380 111.669650    0.02632     1.5792     94.750     17.395  51790.855    31.8636     3.4060     17.232    7.50835     3.4044    25.3471   13.40794 9.8335e+00 0.0000e+00
        381 111.669653    0.02639     1.5833     95.000     17.694  51790.702    31.8633     3.4059     17.528    7.50839     3.4038    25.3469   13.40801 9.4229e+00 0.0000e+00
        382 111.669656    0.02646     1.5875     95.250     18.014  51790.841    31.8632     3.4055     17.844    7.50846     3.4032    25.3468   13.40814 8.9972e+00 0.0000e+00
        383 111.669659    0.02653     1.5917     95.500     18.350  51791.567    31.8633     3.4049     18.177    7.50856     3.4027    25.3470   13.40829 8.5692e+00 0.0000e+00
        384 111.669661    0.02660     1.5958     95.750     18.696  51792.679    31.8638     3.4043     18.520    7.50865     3.4024    25.3474   13.40844 8.1517e+00 0.0000e+00
        385 111.669664    0.02667     1.6000     96.000     19.045  51793.729    31.8642     3.4038     18.866    7.50872     3.4023    25.3477   13.40854 7.7549e+00 0.0000e+00
        386 111.669667    0.02674     1.6042     96.250     19.391  51794.454    31.8644     3.4035     19.209    7.50876     3.4022    25.3480   13.40861 7.3856e+00 0.0000e+00
        387 111.669670    0.02681     1.6083     96.500     19.728  51794.942    31.8645     3.4034     19.543    7.50878     3.4023    25.3481   13.40864 7.0464e+00 0.0000e+00
        388 111.669673    0.02688     1.6125     96.750     20.057  51795.365    31.8646     3.4034     19.868    7.50878     3.4024    25.3481   13.40864 6.7355e+00 0.0000e+00
        389 111.669676    0.02694     1.6167     97.000     20.384  51795.694    31.8647     3.4034     20.192    7.50877     3.4025    25.3482   13.40862 6.4459e+00 0.0000e+00
        390 111.669679    0.02701     1.6208     97.250     20.706  51795.895    31.8647     3.4036     20.512    7.50875     3.4025    25.3482   13.40858 6.1757e+00 0.0000e+00
        391 111.669682    0.02708     1.6250     97.500     21.013  51796.033    31.8647     3.4037     20.816    7.50873     3.4025    25.3481   13.40855 5.9275e+00 0.0000e+00
        392 111.669685    0.02715     1.6292     97.750     21.308  51796.117    31.8646     3.4038     21.108    7.50872     3.4024    25.3481   13.40853 5.6921e+00 0.0000e+00
        393 111.669687    0.02722     1.6333     98.000     21.607  51796.129    31.8645     3.4038     21.404    7.50872     3.4020    25.3479   13.40854 5.4565e+00 0.0000e+00
        394 111.669690    0.02729     1.6375     98.250     21.917  51796.063    31.8642     3.4037     21.711    7.50875     3.4014    25.3478   13.40859 5.2162e+00 0.0000e+00
        395 111.669693    0.02736     1.6417     98.500     22.243  51795.908    31.8639     3.4034     22.034    7.50883     3.4004    25.3475   13.40872 4.9718e+00 0.0000e+00
        396 111.669696    0.02743     1.6458     98.750     22.584  51795.719    31.8634     3.4028     22.372    7.50896     3.3990    25.3472   13.40895 4.7277e+00 0.0000e+00
        397 111.669699    0.02750     1.6500     99.000     22.934  51795.840    31.8631     3.4018     22.718    7.50916     3.3973    25.3470   13.40929 4.4900e+00 0.0000e+00
        398 111.669702    0.02757     1.6542     99.250     23.286  51796.764    31.8632     3.4004     23.067    7.50942     3.3956    25.3472   13.40971 4.2648e+00 0.0000e+00
        399 111.669705    0.02764     1.6583     99.500     23.632  51798.548    31.8638     3.3987     23.410    7.50970     3.3941    25.3478   13.41017 4.0571e+00 0.0000e+00
        400 111.669708    0.02771     1.6625     99.750     23.966  51800.719    31.8646     3.3970     23.740    7.50997     3.3929    25.3487   13.41060 3.8691e+00 0.0000e+00
        401 111.669711    0.02778     1.6667    100.000     24.281  51802.757    31.8655     3.3955     24.052    7.51020     3.3918    25.3495   13.41097 3.7017e+00 0.0000e+00
        402 111.669714    0.02785     1.6708    100.250     24.573  51804.405    31.8661     3.3943     24.342    7.51040     3.3907    25.3501   13.41129 3.5542e+00 0.0000e+00
        403 111.669716    0.02792     1.6750    100.500     24.845  51805.500    31.8665     3.3932     24.612    7.51058     3.3896    25.3505   13.41158 3.4239e+00 0.0000e+00
        404 111.669719    0.02799     1.6792    100.750     25.102  51806.297    31.8666     3.3922     24.866    7.51076     3.3885    25.3507   13.41187 3.3063e+00 0.0000e+00
        405 111.669722    0.02806     1.6833    101.000     25.351  51807.514    31.8670     3.3911     25.112    7.51094     3.3875    25.3511   13.41217 3.1958e+00 0.0000e+00
        406 111.669725    0.02813     1.6875    101.250     25.601  51809.033    31.8677     3.3900     25.360    7.51111     3.3865    25.3517   13.41245 3.0867e+00 0.0000e+00
        407 111.669728    0.02819     1.6917    101.500     25.861  51809.934    31.8679     3.3890     25.617    7.51127     3.3852    25.3520   13.41271 2.9749e+00 0.0000e+00
        408 111.669731    0.02826     1.6958    101.750     26.138  51810.117    31.8676     3.3881     25.892    7.51147     3.3833    25.3519   13.41304 2.8582e+00 0.0000e+00
        409 111.669734    0.02833     1.7000    102.000     26.436  51810.496    31.8674     3.3867     26.188    7.51173     3.3813    25.3518   13.41347 2.7367e+00 0.0000e+00
        410 111.669737    0.02840     1.7042    102.250     26.755  51811.904    31.8677     3.3849     26.503    7.51204     3.3794    25.3522   13.41399 2.6127e+00 0.0000e+00
        411 111.669740    0.02847     1.7083    102.500     27.086  51814.414    31.8687     3.3829     26.831    7.51237     3.3780    25.3532   13.41452 2.4904e+00 0.0000e+00
        412 111.669742    0.02854     1.7125    102.750     27.421  51817.319    31.8700     3.3810     27.162    7.51265     3.3770    25.3545   13.41496 2.3734e+00 0.0000e+00
        413 111.669745    0.02861     1.7167    103.000     27.749  51819.773    31.8711     3.3796     27.487    7.51286     3.3764    25.3555   13.41528 2.2645e+00 0.0000e+00
        414 111.669748    0.02868     1.7208    103.250     28.063  51821.401    31.8718     3.3786     27.798    7.51300     3.3760    25.3561   13.41550 2.1654e+00 0.0000e+00
        415 111.669751    0.02875     1.7250    103.500     28.358  51822.373    31.8722     3.3780     28.091    7.51309     3.3757    25.3565   13.41565 2.0767e+00 0.0000e+00
        416 111.669754    0.02882     1.7292    103.750     28.635  51823.050    31.8724     3.3777     28.365    7.51314     3.3756    25.3567   13.41574 1.9981e+00 0.0000e+00
        417 111.669757    0.02889     1.7333    104.000     28.896  51823.613    31.8726     3.3774     28.624    7.51317     3.3755    25.3568   13.41579 1.9280e+00 0.0000e+00
        418 111.669760    0.02896     1.7375    104.250     29.146  51824.102    31.8727     3.3773     28.872    7.51319     3.3755    25.3570   13.41582 1.8634e+00 0.0000e+00
        419 111.669763    0.02903     1.7417    104.500     29.394  51824.585    31.8729     3.3772     29.117    7.51320     3.3756    25.3571   13.41583 1.8011e+00 0.0000e+00
        420 111.669766    0.02910     1.7458    104.750     29.648  51825.088    31.8731     3.3772     29.369    7.51319     3.3759    25.3573   13.41580 1.7385e+00 0.0000e+00
        421 111.669769    0.02917     1.7500    105.000     29.915  51825.473    31.8733     3.3774     29.634    7.51315     3.3763    25.3574   13.41574 1.6739e+00 0.0000e+00
        422 111.669771    0.02924     1.7542    105.250     30.201  51825.598    31.8733     3.3777     29.916    7.51309     3.3767    25.3574   13.41564 1.6066e+00 0.0000e+00
        423 111.669774    0.02931     1.7583    105.500     30.505  51825.435    31.8732     3.3781     30.218    7.51302     3.3769    25.3573   13.41553 1.5375e+00 0.0000e+00
        424 111.669777    0.02937     1.7625    105.750     30.824  51825.012    31.8728     3.3785     30.534    7.51297     3.3770    25.3570   13.41544 1.4681e+00 0.0000e+00
        425 111.669780    0.02944     1.7667    106.000     31.151  51824.645    31.8725     3.3788     30.858    7.51294     3.3769    25.3567   13.41540 1.4003e+00 0.0000e+00
        426 111.669783    0.02951     1.7708    106.250     31.478  51824.769    31.8724     3.3788     31.182    7.51294     3.3769    25.3566   13.41540 1.3359e+00 0.0000e+00
        427 111.669786    0.02958     1.7750    106.500     31.800  51825.333    31.8726     3.3788     31.500    7.51293     3.3771    25.3567   13.41539 1.2759e+00 0.0000e+00
        428 111.669789    0.02965     1.7792    106.750     32.111  51825.957    31.8729     3.3788     31.808    7.51291     3.3775    25.3569   13.41535 1.2207e+00 0.0000e+00
        429 111.669792    0.02972     1.7833    107.000     32.409  51826.316    31.8731     3.3790     32.104    7.51286     3.3779    25.3570   13.41527 1.1703e+00 0.0000e+00
        430 111.669795    0.02979     1.7875    107.250     32.694  51826.227    31.8729     3.3794     32.386    7.51280     3.3781    25.3569   13.41516 1.1244e+00 0.0000e+00
        431 111.669797    0.02986     1.7917    107.500     32.969  51825.808    31.8726     3.3798     32.658    7.51275     3.3782    25.3566   13.41508 1.0822e+00 0.0000e+00
        432 111.669800    0.02993     1.7958    107.750     33.236  51825.462    31.8723     3.3800     32.923    7.51272     3.3781    25.3563   13.41503 1.0428e+00 0.0000e+00
        433 111.669803    0.03000     1.8000    108.000     33.501  51825.474    31.8722     3.3801     33.185    7.51271     3.3781    25.3563   13.41502 1.0051e+00 0.0000e+00
        434 111.669806    0.03007     1.8042    108.250     33.769  51825.732    31.8722     3.3801     33.451    7.51271     3.3780    25.3563   13.41502 9.6838e-01 0.0000e+00
        435 111.669809    0.03014     1.8083    108.500     34.045  51826.031    31.8722     3.3801     33.724    7.51271     3.3780    25.3563   13.41502 9.3174e-01 0.0000e+00
        436 111.669812    0.03021     1.8125    108.750     34.331  51826.342    31.8723     3.3801     34.007    7.51272     3.3780    25.3564   13.41502 8.9492e-01 0.0000e+00
        437 111.669815    0.03028     1.8167    109.000     34.629  51826.541    31.8723     3.3801     34.302    7.51272     3.3778    25.3563   13.41502 8.5811e-01 0.0000e+00
        438 111.669818    0.03035     1.8208    109.250     34.936  51826.508    31.8721     3.3800     34.607    7.51273     3.3774    25.3562   13.41505 8.2171e-01 0.0000e+00
        439 111.669821    0.03042     1.8250    109.500     35.249  51826.449    31.8718     3.3799     34.917    7.51277     3.3767    25.3560   13.41513 7.8615e-01 0.0000e+00
        440 111.669823    0.03049     1.8292    109.750     35.563  51826.519    31.8716     3.3795     35.228    7.51286     3.3757    25.3559   13.41527 7.5187e-01 0.0000e+00
        441 111.669826    0.03056     1.8333    110.000     35.876  51826.743    31.8714     3.3788     35.538    7.51299     3.3744    25.3558   13.41549 7.1925e-01 0.0000e+00
        442 111.669829    0.03062     1.8375    110.250     36.184  51827.355    31.8714     3.3778     35.843    7.51317     3.3729    25.3559   13.41580 6.8853e-01 0.0000e+00
        443 111.669832    0.03069     1.8417    110.500     36.486  51828.522    31.8718     3.3765     36.142    7.51339     3.3715    25.3563   13.41616 6.5999e-01 0.0000e+00
        444 111.669835    0.03076     1.8458    110.750     36.780  51830.176    31.8724     3.3751     36.433    7.51362     3.3704    25.3569   13.41653 6.3366e-01 0.0000e+00
        445 111.669838    0.03083     1.8500    111.000     37.065  51832.135    31.8732     3.3737     36.715    7.51384     3.3695    25.3577   13.41687 6.0914e-01 0.0000e+00
        446 111.669841    0.03090     1.8542    111.250     37.346  51834.060    31.8741     3.3726     36.993    7.51401     3.3690    25.3584   13.41714 5.8591e-01 0.0000e+00
        447 111.669844    0.03097     1.8583    111.500     37.624  51835.567    31.8747     3.3718     37.268    7.51413     3.3686    25.3590   13.41733 5.6392e-01 0.0000e+00
        448 111.669847    0.03104     1.8625    111.750     37.901  51836.354    31.8750     3.3712     37.543    7.51421     3.3679    25.3593   13.41747 5.4318e-01 0.0000e+00
        449 111.669850    0.03111     1.8667    112.000     38.178  51836.472    31.8748     3.3708     37.817    7.51430     3.3670    25.3592   13.41762 5.2335e-01 0.0000e+00
        450 111.669852    0.03118     1.8708    112.250     38.455  51836.580    31.8746     3.3702     38.092    7.51443     3.3658    25.3591   13.41783 5.0405e-01 0.0000e+00
        451 111.669855    0.03125     1.8750    112.500     38.735  51837.372    31.8747     3.3692     38.369    7.51459     3.3647    25.3593   13.41810 4.8521e-01 0.0000e+00
