CTD-processing/allCTD/CNV--turbid/2013_07-19_t4_s04_cast046.cnv
* Sea-Bird SBE19plus Data File:
* FileName = C:\Documents and Settings\kris.holderied.local\My Documents\2012-2013-CTD-DATA-new-files\2013-07-CookInlet-EVOSTC-LTM\2013-07-19-CookInlet-Tran4-Barabara\2013-07-19-CookInlet-Tran4-Barabara-cast046.hex
* Software Version 1.54
* Temperature SN =  5028
* Conductivity SN =  5028
* System UpLoad Time = Jul 19 2013 21:58:30
** Cook Inlet LTM Ocean - Tran4 - Barabara, North to South
** Date: 2013-07-19
** Station: 4-04
** Start time (AKDT-24 hr): 19:20
** Depth (m): 84
** Comment:
** Comment:
# nquan = 16
# nvalues = 700                         
# units = specified
# name 0 = scan: Scan Count
# name 1 = timeJ: Julian Days
# name 2 = timeH: Time, Elapsed [hours]
# name 3 = timeM: Time, Elapsed [minutes]
# name 4 = timeS: Time, Elapsed [seconds]
# name 5 = prdM: Pressure, Strain Gauge [db]
# name 6 = specc: Specific Conductance [uS/cm]
# name 7 = sal00: Salinity, Practical [PSU]
# name 8 = tv290C: Temperature [ITS-90, deg C]
# name 9 = depSM: Depth [salt water, m], lat = 59.00
# name 10 = oxsolML/L: Oxygen Saturation, Garcia & Gordon [ml/l]
# name 11 = potemp090C: Potential Temperature [ITS-90, deg C]
# name 12 = sigma-é00: Density [sigma-theta, kg/m^3]
# name 13 = n2satML/L: Nitrogen Saturation [ml/l]
# name 14 = par: PAR/Irradiance, Biospherical/Licor
# name 15 = flag:  0.000e+00
# span 0 =          1,        700       
# span 1 = 200.806192, 200.808215       
# span 2 =    0.00000,    0.04854       
# span 3 =     0.0000,     2.9125       
# span 4 =      0.000,    174.750       
# span 5 =      0.053,     86.213       
# span 6 =    352.018,  50621.196       
# span 7 =     0.1674,    31.7572       
# span 8 =     6.4432,    10.8023       
# span 9 =      0.052,     85.390       
# span 10 =    6.44581,    7.74392      
# span 11 =     6.4361,    10.8023      
# span 12 =    -0.2413,    24.8894      
# span 13 =   11.65420,   14.24351      
# span 14 = 5.3019e-02, 7.8791e+02      
# span 15 = 0.0000e+00, 0.0000e+00      
# interval = seconds: 0.25
# start_time = Jul 19 2013 19:20:55 [Instrument's time stamp, header]
# bad_flag = -9.990e-29
*END*
[from data line 272]
        273 200.806979    0.01889     1.1333     68.000      2.146  49621.004    31.5758     9.8926      2.126    6.47010     9.8920    24.2969   11.69569 1.5312e+02 0.0000e+00
        274 200.806982    0.01896     1.1375     68.250      2.109  49621.996    31.5764     9.8922      2.089    6.47013     9.8923    24.2975   11.69574 1.5667e+02 0.0000e+00
        275 200.806985    0.01903     1.1417     68.500      2.055  49622.504    31.5768     9.8922      2.035    6.47011     9.8927    24.2978   11.69570 1.6089e+02 0.0000e+00
        276 200.806988    0.01910     1.1458     68.750      1.990  49622.532    31.5769     9.8925      1.971    6.47007     9.8930    24.2978   11.69563 1.6038e+02 0.0000e+00
        277 200.806991    0.01917     1.1500     69.000      1.922  49622.233    31.5768     9.8929      1.904    6.47002     9.8933    24.2977   11.69555 1.5625e+02 0.0000e+00
        278 200.806994    0.01924     1.1542     69.250      1.859  49621.793    31.5766     9.8932      1.841    6.46998     9.8934    24.2974   11.69548 1.5015e+02 0.0000e+00
        279 200.806997    0.01931     1.1583     69.500      1.806  49621.341    31.5763     9.8935      1.789    6.46995     9.8935    24.2972   11.69544 1.4340e+02 0.0000e+00
        280 200.806999    0.01938     1.1625     69.750      1.770  49620.940    31.5760     9.8936      1.754    6.46994     9.8934    24.2970   11.69542 1.3922e+02 0.0000e+00
        281 200.807002    0.01944     1.1667     70.000      1.753  49620.635    31.5758     9.8937      1.737    6.46994     9.8932    24.2968   11.69543 1.3738e+02 0.0000e+00
        282 200.807005    0.01951     1.1708     70.250      1.757  49620.406    31.5757     9.8936      1.742    6.46996     9.8929    24.2967   11.69546 1.3561e+02 0.0000e+00
        283 200.807008    0.01958     1.1750     70.500      1.782  49620.235    31.5755     9.8934      1.766    6.47000     9.8926    24.2966   11.69552 1.3390e+02 0.0000e+00
        284 200.807011    0.01965     1.1792     70.750      1.827  49620.207    31.5754     9.8931      1.810    6.47004     9.8923    24.2966   11.69560 1.3045e+02 0.0000e+00
        285 200.807014    0.01972     1.1833     71.000      1.890  49620.358    31.5755     9.8927      1.873    6.47009     9.8920    24.2966   11.69567 1.2360e+02 0.0000e+00
        286 200.807017    0.01979     1.1875     71.250      1.968  49620.590    31.5755     9.8924      1.950    6.47013     9.8917    24.2968   11.69574 1.1733e+02 0.0000e+00
        287 200.807020    0.01986     1.1917     71.500      2.054  49620.791    31.5756     9.8922      2.035    6.47016     9.8915    24.2969   11.69580 1.1485e+02 0.0000e+00
        288 200.807023    0.01993     1.1958     71.750      2.140  49620.933    31.5757     9.8920      2.120    6.47019     9.8914    24.2969   11.69584 1.1576e+02 0.0000e+00
        289 200.807025    0.02000     1.2000     72.000      2.214  49621.016    31.5757     9.8918      2.193    6.47021     9.8913    24.2970   11.69588 1.1909e+02 0.0000e+00
        290 200.807028    0.02007     1.2042     72.250      2.267  49621.037    31.5756     9.8917      2.246    6.47023     9.8912    24.2970   11.69592 1.2364e+02 0.0000e+00
        291 200.807031    0.02014     1.2083     72.500      2.290  49621.095    31.5757     9.8916      2.269    6.47025     9.8912    24.2970   11.69594 1.2815e+02 0.0000e+00
        292 200.807034    0.02021     1.2125     72.750      2.278  49621.261    31.5758     9.8915      2.257    6.47025     9.8912    24.2971   11.69595 1.3096e+02 0.0000e+00
        293 200.807037    0.02028     1.2167     73.000      2.233  49621.394    31.5759     9.8915      2.212    6.47025     9.8913    24.2972   11.69594 1.3217e+02 0.0000e+00
        294 200.807040    0.02035     1.2208     73.250      2.160  49621.297    31.5758     9.8915      2.140    6.47024     9.8913    24.2971   11.69593 1.3356e+02 0.0000e+00
        295 200.807043    0.02042     1.2250     73.500      2.073  49620.959    31.5756     9.8915      2.053    6.47025     9.8912    24.2970   11.69594 1.3594e+02 0.0000e+00
        296 200.807046    0.02049     1.2292     73.750      1.984  49620.495    31.5754     9.8915      1.966    6.47026     9.8909    24.2968   11.69597 1.3965e+02 0.0000e+00
        297 200.807049    0.02056     1.2333     74.000      1.907  49620.018    31.5750     9.8914      1.889    6.47029     9.8906    24.2965   11.69602 1.4437e+02 0.0000e+00
        298 200.807052    0.02063     1.2375     74.250      1.847  49619.636    31.5747     9.8911      1.829    6.47034     9.8901    24.2964   11.69611 1.4921e+02 0.0000e+00
        299 200.807054    0.02069     1.2417     74.500      1.804  49619.478    31.5746     9.8908      1.787    6.47040     9.8897    24.2963   11.69621 1.5332e+02 0.0000e+00
        300 200.807057    0.02076     1.2458     74.750      1.777  49619.569    31.5746     9.8903      1.760    6.47046     9.8893    24.2964   11.69631 1.5590e+02 0.0000e+00
        301 200.807060    0.02083     1.2500     75.000      1.762  49619.778    31.5747     9.8899      1.745    6.47052     9.8889    24.2965   11.69641 1.5680e+02 0.0000e+00
        302 200.807063    0.02090     1.2542     75.250      1.756  49620.048    31.5748     9.8895      1.740    6.47058     9.8886    24.2967   11.69649 1.5570e+02 0.0000e+00
        303 200.807066    0.02097     1.2583     75.500      1.762  49620.370    31.5750     9.8891      1.745    6.47062     9.8884    24.2969   11.69656 1.5175e+02 0.0000e+00
        304 200.807069    0.02104     1.2625     75.750      1.781  49620.624    31.5752     9.8888      1.764    6.47065     9.8882    24.2971   11.69662 1.4577e+02 0.0000e+00
        305 200.807072    0.02111     1.2667     76.000      1.815  49620.772    31.5753     9.8886      1.799    6.47068     9.8881    24.2971   11.69667 1.3869e+02 0.0000e+00
        306 200.807075    0.02118     1.2708     76.250      1.866  49621.120    31.5755     9.8884      1.849    6.47070     9.8882    24.2973   11.69670 1.3142e+02 0.0000e+00
        307 200.807078    0.02125     1.2750     76.500      1.928  49621.781    31.5759     9.8883      1.910    6.47070     9.8886    24.2977   11.69669 1.2715e+02 0.0000e+00
        308 200.807080    0.02132     1.2792     76.750      1.995  49622.313    31.5762     9.8884      1.977    6.47066     9.8890    24.2979   11.69663 1.2632e+02 0.0000e+00
        309 200.807083    0.02139     1.2833     77.000      2.059  49622.443    31.5763     9.8888      2.040    6.47061     9.8894    24.2980   11.69653 1.2749e+02 0.0000e+00
        310 200.807086    0.02146     1.2875     77.250      2.112  49622.305    31.5763     9.8892      2.092    6.47055     9.8899    24.2979   11.69643 1.3143e+02 0.0000e+00
        311 200.807089    0.02153     1.2917     77.500      2.150  49622.217    31.5762     9.8897      2.130    6.47049     9.8903    24.2978   11.69633 1.3648e+02 0.0000e+00
        312 200.807092    0.02160     1.2958     77.750      2.170  49622.225    31.5763     9.8901      2.150    6.47042     9.8908    24.2977   11.69623 1.3932e+02 0.0000e+00
        313 200.807095    0.02167     1.3000     78.000      2.174  49622.087    31.5763     9.8906      2.154    6.47036     9.8911    24.2976   11.69612 1.3979e+02 0.0000e+00
        314 200.807098    0.02174     1.3042     78.250      2.165  49621.825    31.5761     9.8910      2.145    6.47031     9.8914    24.2975   11.69603 1.4010e+02 0.0000e+00
        315 200.807101    0.02181     1.3083     78.500      2.148  49621.549    31.5760     9.8913      2.128    6.47027     9.8916    24.2973   11.69596 1.4333e+02 0.0000e+00
        316 200.807104    0.02187     1.3125     78.750      2.126  49621.255    31.5758     9.8916      2.106    6.47024     9.8916    24.2972   11.69591 1.4974e+02 0.0000e+00
        317 200.807106    0.02194     1.3167     79.000      2.101  49620.957    31.5757     9.8918      2.081    6.47022     9.8916    24.2970   11.69589 1.5484e+02 0.0000e+00
        318 200.807109    0.02201     1.3208     79.250      2.074  49620.725    31.5755     9.8919      2.055    6.47021     9.8916    24.2969   11.69588 1.5626e+02 0.0000e+00
        319 200.807112    0.02208     1.3250     79.500      2.044  49620.634    31.5755     9.8919      2.025    6.47022     9.8917    24.2968   11.69589 1.5642e+02 0.0000e+00
        320 200.807115    0.02215     1.3292     79.750      2.009  49620.772    31.5756     9.8918      1.991    6.47022     9.8918    24.2969   11.69589 1.5677e+02 0.0000e+00
        321 200.807118    0.02222     1.3333     80.000      1.970  49621.181    31.5759     9.8919      1.952    6.47020     9.8922    24.2972   11.69586 1.5605e+02 0.0000e+00
        322 200.807121    0.02229     1.3375     80.250      1.927  49621.653    31.5763     9.8920      1.909    6.47016     9.8927    24.2974   11.69578 1.5331e+02 0.0000e+00
        323 200.807124    0.02236     1.3417     80.500      1.884  49621.935    31.5765     9.8924      1.866    6.47009     9.8933    24.2976   11.69567 1.4907e+02 0.0000e+00
        324 200.807127    0.02243     1.3458     80.750      1.845  49621.990    31.5767     9.8929      1.828    6.47001     9.8940    24.2976   11.69554 1.4600e+02 0.0000e+00
        325 200.807130    0.02250     1.3500     81.000      1.815  49621.848    31.5767     9.8935      1.798    6.46992     9.8945    24.2974   11.69539 1.4542e+02 0.0000e+00
        326 200.807133    0.02257     1.3542     81.250      1.796  49621.551    31.5765     9.8942      1.779    6.46984     9.8950    24.2972   11.69525 1.4502e+02 0.0000e+00
        327 200.807135    0.02264     1.3583     81.500      1.790  49621.164    31.5763     9.8947      1.773    6.46976     9.8953    24.2970   11.69513 1.4259e+02 0.0000e+00
        328 200.807138    0.02271     1.3625     81.750      1.798  49620.703    31.5761     9.8952      1.781    6.46971     9.8955    24.2967   11.69505 1.3766e+02 0.0000e+00
        329 200.807141    0.02278     1.3667     82.000      1.822  49620.213    31.5757     9.8955      1.806    6.46968     9.8955    24.2964   11.69500 1.3271e+02 0.0000e+00
        330 200.807144    0.02285     1.3708     82.250      1.865  49619.849    31.5755     9.8957      1.848    6.46967     9.8954    24.2962   11.69498 1.3000e+02 0.0000e+00
        331 200.807147    0.02292     1.3750     82.500      1.928  49619.658    31.5753     9.8957      1.910    6.46967     9.8952    24.2961   11.69498 1.2773e+02 0.0000e+00
        332 200.807150    0.02299     1.3792     82.750      2.011  49619.495    31.5752     9.8957      1.992    6.46968     9.8949    24.2959   11.69502 1.2243e+02 0.0000e+00
        333 200.807153    0.02306     1.3833     83.000      2.113  49619.342    31.5750     9.8955      2.093    6.46972     9.8945    24.2958   11.69508 1.1410e+02 0.0000e+00
        334 200.807156    0.02313     1.3875     83.250      2.230  49619.238    31.5748     9.8952      2.209    6.46977     9.8942    24.2958   11.69516 1.0686e+02 0.0000e+00
        335 200.807159    0.02319     1.3917     83.500      2.357  49619.185    31.5747     9.8948      2.335    6.46982     9.8938    24.2957   11.69525 1.0221e+02 0.0000e+00
        336 200.807161    0.02326     1.3958     83.750      2.483  49619.356    31.5747     9.8944      2.460    6.46987     9.8935    24.2958   11.69533 9.9230e+01 0.0000e+00
        337 200.807164    0.02333     1.4000     84.000      2.597  49619.858    31.5750     9.8941      2.573    6.46991     9.8934    24.2961   11.69539 9.7804e+01 0.0000e+00
        338 200.807167    0.02340     1.4042     84.250      2.690  49620.582    31.5754     9.8939      2.665    6.46993     9.8935    24.2964   11.69542 9.8260e+01 0.0000e+00
        339 200.807170    0.02347     1.4083     84.500      2.759  49621.209    31.5758     9.8938      2.733    6.46992     9.8937    24.2968   11.69540 1.0059e+02 0.0000e+00
        340 200.807173    0.02354     1.4125     84.750      2.808  49621.398    31.5759     9.8939      2.781    6.46990     9.8938    24.2969   11.69537 1.0395e+02 0.0000e+00
        341 200.807176    0.02361     1.4167     85.000      2.844  49621.249    31.5758     9.8940      2.818    6.46989     9.8938    24.2968   11.69534 1.0750e+02 0.0000e+00
        342 200.807179    0.02368     1.4208     85.250      2.882  49620.997    31.5756     9.8941      2.855    6.46988     9.8937    24.2966   11.69534 1.1023e+02 0.0000e+00
        343 200.807182    0.02375     1.4250     85.500      2.934  49620.748    31.5754     9.8941      2.906    6.46989     9.8935    24.2965   11.69536 1.1080e+02 0.0000e+00
        344 200.807185    0.02382     1.4292     85.750      3.014  49620.740    31.5754     9.8940      2.986    6.46991     9.8935    24.2964   11.69539 1.0834e+02 0.0000e+00
        345 200.807188    0.02389     1.4333     86.000      3.133  49621.146    31.5756     9.8939      3.103    6.46992     9.8936    24.2966   11.69540 1.0359e+02 0.0000e+00
        346 200.807190    0.02396     1.4375     86.250      3.294  49621.687    31.5759     9.8938      3.263    6.46991     9.8938    24.2969   11.69538 9.8298e+01 0.0000e+00
        347 200.807193    0.02403     1.4417     86.500      3.494  49622.003    31.5761     9.8940      3.462    6.46988     9.8941    24.2970   11.69533 9.2930e+01 0.0000e+00
        348 200.807196    0.02410     1.4458     86.750      3.729  49622.099    31.5761     9.8943      3.694    6.46984     9.8942    24.2969   11.69527 8.6943e+01 0.0000e+00
        349 200.807199    0.02417     1.4500     87.000      3.991  49621.975    31.5759     9.8945      3.953    6.46981     9.8941    24.2967   11.69522 8.0120e+01 0.0000e+00
        350 200.807202    0.02424     1.4542     87.250      4.275  49621.579    31.5755     9.8947      4.235    6.46981     9.8936    24.2964   11.69522 7.2786e+01 0.0000e+00
        351 200.807205    0.02431     1.4583     87.500      4.579  49621.031    31.5750     9.8946      4.536    6.46984     9.8926    24.2960   11.69528 6.5708e+01 0.0000e+00
        352 200.807208    0.02438     1.4625     87.750      4.897  49620.426    31.5744     9.8941      4.851    6.46993     9.8910    24.2956   11.69544 5.9281e+01 0.0000e+00
        353 200.807211    0.02444     1.4667     88.000      5.227  49619.715    31.5736     9.8932      5.178    6.47010     9.8884    24.2952   11.69572 5.3406e+01 0.0000e+00
        354 200.807214    0.02451     1.4708     88.250      5.561  49618.739    31.5726     9.8916      5.509    6.47037     9.8846    24.2946   11.69618 4.8125e+01 0.0000e+00
        355 200.807216    0.02458     1.4750     88.500      5.896  49617.428    31.5712     9.8891      5.840    6.47078     9.8793    24.2940   11.69689 4.3511e+01 0.0000e+00
        356 200.807219    0.02465     1.4792     88.750      6.225  49616.177    31.5697     9.8853      6.167    6.47138     9.8725    24.2934   11.69789 3.9456e+01 0.0000e+00
        357 200.807222    0.02472     1.4833     89.000      6.547  49615.831    31.5686     9.8800      6.485    6.47217     9.8646    24.2935   11.69922 3.5878e+01 0.0000e+00
        358 200.807225    0.02479     1.4875     89.250      6.856  49617.299    31.5687     9.8733      6.791    6.47313     9.8562    24.2946   11.70081 3.2810e+01 0.0000e+00
        359 200.807228    0.02486     1.4917     89.500      7.151  49621.404    31.5704     9.8653      7.084    6.47419     9.8483    24.2973   11.70253 3.0221e+01 0.0000e+00
        360 200.807231    0.02493     1.4958     89.750      7.431  49627.968    31.5738     9.8570      7.361    6.47523     9.8416    24.3013   11.70421 2.7973e+01 0.0000e+00
        361 200.807234    0.02500     1.5000     90.000      7.695  49635.172    31.5778     9.8492      7.623    6.47617     9.8362    24.3057   11.70573 2.5964e+01 0.0000e+00
