CTD-processing/allCTD/CNV--turbid/2013_11-08_t3_s01_cast168.cnv
* Sea-Bird SBE19plus Data File:
* FileName = C:\Users\kris.holderied\Documents\kasitsna\Research-Projects-and-Data\Oceanography-AK\CTD-CookInlet-GulfWatchAK\2013-10-11-EVOSTC-CookInlet-Ocean\2013-11-08-CookInlet-Tran3-AnchorPt\2013-11-08-CookInlet-Tran3-cast168.hex
* Software Version 1.59
* Temperature SN =  5028
* Conductivity SN =  5028
* System UpLoad Time = Feb 14 2014 16:55:52
** Cook Inlet Transect 3 (Anchor Pt) east to west
** Date: 2013-11-08
** Station: 3-01
** Start time: 15:35
** Depth (m): 19
** Comment:  CTD instrument time is AK Daylight time - 1 hr off
** Comment:
# nquan = 16
# nvalues = 351                         
# units = specified
# name 0 = scan: Scan Count
# name 1 = timeJ: Julian Days
# name 2 = timeH: Time, Elapsed [hours]
# name 3 = timeM: Time, Elapsed [minutes]
# name 4 = timeS: Time, Elapsed [seconds]
# name 5 = prdM: Pressure, Strain Gauge [db]
# name 6 = specc: Specific Conductance [uS/cm]
# name 7 = sal00: Salinity, Practical [PSU]
# name 8 = tv290C: Temperature [ITS-90, deg C]
# name 9 = depSM: Depth [salt water, m], lat = 59.00
# name 10 = oxsolML/L: Oxygen Saturation, Garcia & Gordon [ml/l]
# name 11 = potemp090C: Potential Temperature [ITS-90, deg C]
# name 12 = sigma-é00: Density [sigma-theta, kg/m^3]
# name 13 = n2satML/L: Nitrogen Saturation [ml/l]
# name 14 = par: PAR/Irradiance, Biospherical/Licor
# name 15 = flag:  0.000e+00
# span 0 =          1,        351       
# span 1 = 312.691053, 312.692066       
# span 2 =    0.00000,    0.02431       
# span 3 =     0.0000,     1.4583       
# span 4 =      0.000,     87.500       
# span 5 =      0.017,     20.246       
# span 6 =    969.855,  45233.355       
# span 7 =     0.4678,    28.1598       
# span 8 =     5.6420,     7.3554       
# span 9 =      0.017,     20.056       
# span 10 =    7.00371,    8.75970      
# span 11 =     5.6420,     7.3537      
# span 12 =     0.3272,    21.9922      
# span 13 =   12.62176,   15.95128      
# span 14 = 3.9841e-02, 6.8781e+01      
# span 15 = 0.0000e+00, 0.0000e+00      
# interval = seconds: 0.25
# start_time = Nov 08 2013 16:35:07 [Instrument's time stamp, header]
# bad_flag = -9.990e-29
*END*
[from data line 91]
         92 312.691317    0.00632     0.3792     22.750      1.388  44431.420    27.5580     6.9528      1.375    7.09746     6.9617    21.5685   12.78480 1.7220e+01 0.0000e+00
         93 312.691319    0.00639     0.3833     23.000      1.393  44408.575    27.5432     6.9583      1.380    7.09723     6.9629    21.5562   12.78461 1.6753e+01 0.0000e+00
         94 312.691322    0.00646     0.3875     23.250      1.402  44371.268    27.5182     6.9618      1.389    7.09782     6.9621    21.5362   12.78592 1.6278e+01 0.0000e+00
         95 312.691325    0.00653     0.3917     23.500      1.409  44325.401    27.4870     6.9630      1.396    7.09908     6.9596    21.5116   12.78840 1.5908e+01 0.0000e+00
         96 312.691328    0.00660     0.3958     23.750      1.412  44285.437    27.4596     6.9622      1.399    7.10050     6.9552    21.4901   12.79111 1.5707e+01 0.0000e+00
         97 312.691331    0.00667     0.4000     24.000      1.408  44265.843    27.4458     6.9597      1.395    7.10156     6.9497    21.4796   12.79304 1.5680e+01 0.0000e+00
         98 312.691334    0.00674     0.4042     24.250      1.399  44274.498    27.4511     6.9553      1.386    7.10203     6.9457    21.4842   12.79375 1.5772e+01 0.0000e+00
         99 312.691337    0.00681     0.4083     24.500      1.386  44312.507    27.4763     6.9498      1.373    7.10177     6.9455    21.5047   12.79300 1.5889e+01 0.0000e+00
        100 312.691340    0.00688     0.4125     24.750      1.373  44367.689    27.5134     6.9458      1.360    7.10070     6.9488    21.5343   12.79074 1.5971e+01 0.0000e+00
        101 312.691343    0.00694     0.4167     25.000      1.363  44419.257    27.5486     6.9456      1.350    7.09909     6.9543    21.5620   12.78763 1.6003e+01 0.0000e+00
        102 312.691345    0.00701     0.4208     25.250      1.360  44454.324    27.5730     6.9489      1.347    7.09740     6.9602    21.5808   12.78450 1.5980e+01 0.0000e+00
        103 312.691348    0.00708     0.4250     25.500      1.366  44470.975    27.5852     6.9544      1.353    7.09593     6.9655    21.5898   12.78191 1.5888e+01 0.0000e+00
        104 312.691351    0.00715     0.4292     25.750      1.381  44472.364    27.5871     6.9603      1.368    7.09486     6.9695    21.5905   12.78013 1.5704e+01 0.0000e+00
        105 312.691354    0.00722     0.4333     26.000      1.406  44462.707    27.5813     6.9656      1.392    7.09426     6.9721    21.5853   12.77921 1.5417e+01 0.0000e+00
        106 312.691357    0.00729     0.4375     26.250      1.438  44444.871    27.5697     6.9696      1.424    7.09414     6.9732    21.5757   12.77915 1.5058e+01 0.0000e+00
        107 312.691360    0.00736     0.4417     26.500      1.474  44419.297    27.5526     6.9722      1.460    7.09450     6.9724    21.5620   12.77997 1.4706e+01 0.0000e+00
        108 312.691363    0.00743     0.4458     26.750      1.509  44384.228    27.5287     6.9733      1.495    7.09543     6.9691    21.5431   12.78182 1.4477e+01 0.0000e+00
        109 312.691366    0.00750     0.4500     27.000      1.537  44338.944    27.4976     6.9725      1.523    7.09702     6.9625    21.5188   12.78485 1.4463e+01 0.0000e+00
        110 312.691369    0.00757     0.4542     27.250      1.553  44288.728    27.4628     6.9692      1.538    7.09919     6.9520    21.4918   12.78891 1.4683e+01 0.0000e+00
        111 312.691372    0.00764     0.4583     27.500      1.552  44246.475    27.4330     6.9626      1.538    7.10168     6.9379    21.4691   12.79341 1.5109e+01 0.0000e+00
        112 312.691374    0.00771     0.4625     27.750      1.534  44227.974    27.4188     6.9521      1.519    7.10408     6.9228    21.4592   12.79758 1.5719e+01 0.0000e+00
        113 312.691377    0.00778     0.4667     28.000      1.498  44241.068    27.4256     6.9380      1.484    7.10610     6.9101    21.4663   12.80083 1.6503e+01 0.0000e+00
        114 312.691380    0.00785     0.4708     28.250      1.450  44277.876    27.4485     6.9229      1.437    7.10755     6.9017    21.4861   12.80293 1.7429e+01 0.0000e+00
        115 312.691383    0.00792     0.4750     28.500      1.393  44320.131    27.4755     6.9102      1.380    7.10839     6.8974    21.5089   12.80398 1.8431e+01 0.0000e+00
        116 312.691386    0.00799     0.4792     28.750      1.330  44353.414    27.4970     6.9018      1.317    7.10877     6.8959    21.5268   12.80433 1.9455e+01 0.0000e+00
        117 312.691389    0.00806     0.4833     29.000      1.263  44374.818    27.5110     6.8975      1.251    7.10884     6.8963    21.5383   12.80425 2.0512e+01 0.0000e+00
        118 312.691392    0.00813     0.4875     29.250      1.196  44389.142    27.5206     6.8960      1.185    7.10864     6.8986    21.5460   12.80380 2.1681e+01 0.0000e+00
        119 312.691395    0.00819     0.4917     29.500      1.132  44406.912    27.5328     6.8964      1.121    7.10800     6.9035    21.5556   12.80259 2.2921e+01 0.0000e+00
        120 312.691398    0.00826     0.4958     29.750      1.078  44438.064    27.5545     6.8987      1.068    7.10661     6.9119    21.5723   12.80001 2.3854e+01 0.0000e+00
        121 312.691400    0.00833     0.5000     30.000      1.041  44481.483    27.5849     6.9036      1.031    7.10437     6.9236    21.5956   12.79591 2.4090e+01 0.0000e+00
        122 312.691403    0.00840     0.5042     30.250      1.028  44525.824    27.6165     6.9120      1.018    7.10149     6.9367    21.6194   12.79073 2.3603e+01 0.0000e+00
        123 312.691406    0.00847     0.5083     30.500      1.043  44558.153    27.6403     6.9237      1.033    7.09844     6.9494    21.6368   12.78536 2.2524e+01 0.0000e+00
        124 312.691409    0.00854     0.5125     30.750      1.084  44573.080    27.6525     6.9368      1.074    7.09570     6.9602    21.6448   12.78066 2.1081e+01 0.0000e+00
        125 312.691412    0.00861     0.5167     31.000      1.145  44570.224    27.6525     6.9495      1.135    7.09361     6.9677    21.6432   12.77720 1.9643e+01 0.0000e+00
        126 312.691415    0.00868     0.5208     31.250      1.215  44547.653    27.6386     6.9603      1.203    7.09247     6.9710    21.6310   12.77550 1.8482e+01 0.0000e+00
        127 312.691418    0.00875     0.5250     31.500      1.280  44503.050    27.6092     6.9678      1.268    7.09259     6.9688    21.6070   12.77607 1.7720e+01 0.0000e+00
        128 312.691421    0.00882     0.5292     31.750      1.330  44443.820    27.5692     6.9711      1.317    7.09392     6.9601    21.5752   12.77879 1.7454e+01 0.0000e+00
        129 312.691424    0.00889     0.5333     32.000      1.358  44391.435    27.5330     6.9689      1.345    7.09597     6.9450    21.5470   12.78265 1.7727e+01 0.0000e+00
        130 312.691427    0.00896     0.5375     32.250      1.362  44363.594    27.5127     6.9602      1.349    7.09835     6.9258    21.5321   12.78686 1.8501e+01 0.0000e+00
        131 312.691429    0.00903     0.5417     32.500      1.345  44363.208    27.5102     6.9451      1.332    7.10097     6.9068    21.5319   12.79124 1.9641e+01 0.0000e+00
        132 312.691432    0.00910     0.5458     32.750      1.309  44385.021    27.5222     6.9259      1.296    7.10359     6.8913    21.5437   12.79542 2.0879e+01 0.0000e+00
        133 312.691435    0.00917     0.5500     33.000      1.261  44420.398    27.5435     6.9069      1.249    7.10575     6.8804    21.5627   12.79873 2.1975e+01 0.0000e+00
        134 312.691438    0.00924     0.5542     33.250      1.209  44458.075    27.5670     6.8914      1.198    7.10723     6.8736    21.5830   12.80088 2.2926e+01 0.0000e+00
        135 312.691441    0.00931     0.5583     33.500      1.159  44486.964    27.5851     6.8805      1.147    7.10820     6.8705    21.5986   12.80224 2.3770e+01 0.0000e+00
        136 312.691444    0.00937     0.5625     33.750      1.113  44499.533    27.5927     6.8737      1.103    7.10896     6.8700    21.6053   12.80341 2.4401e+01 0.0000e+00
        137 312.691447    0.00944     0.5667     34.000      1.075  44494.557    27.5888     6.8706      1.065    7.10967     6.8711    21.6027   12.80463 2.4820e+01 0.0000e+00
        138 312.691450    0.00951     0.5708     34.250      1.042  44479.995    27.5788     6.8701      1.032    7.11022     6.8734    21.5949   12.80567 2.5185e+01 0.0000e+00
        139 312.691453    0.00958     0.5750     34.500      1.015  44467.956    27.5708     6.8712      1.005    7.11040     6.8771    21.5884   12.80608 2.5523e+01 0.0000e+00
        140 312.691455    0.00965     0.5792     34.750      0.994  44466.481    27.5701     6.8735      0.984    7.11005     6.8828    21.5876   12.80551 2.5652e+01 0.0000e+00
        141 312.691458    0.00972     0.5833     35.000      0.982  44478.746    27.5790     6.8772      0.973    7.10902     6.8914    21.5942   12.80369 2.5397e+01 0.0000e+00
        142 312.691461    0.00979     0.5875     35.250      0.984  44502.442    27.5961     6.8829      0.975    7.10727     6.9032    21.6070   12.80057 2.4731e+01 0.0000e+00
        143 312.691464    0.00986     0.5917     35.500      1.004  44528.653    27.6153     6.8915      0.994    7.10495     6.9173    21.6210   12.79647 2.3628e+01 0.0000e+00
        144 312.691467    0.00993     0.5958     35.750      1.041  44547.220    27.6298     6.9033      1.031    7.10231     6.9313    21.6310   12.79192 2.2135e+01 0.0000e+00
        145 312.691470    0.01000     0.6000     36.000      1.093  44551.146    27.6346     6.9174      1.082    7.09976     6.9430    21.6330   12.78763 2.0577e+01 0.0000e+00
        146 312.691473    0.01007     0.6042     36.250      1.151  44535.888    27.6262     6.9314      1.140    7.09783     6.9513    21.6248   12.78454 1.9278e+01 0.0000e+00
        147 312.691476    0.01014     0.6083     36.500      1.208  44500.710    27.6039     6.9431      1.197    7.09692     6.9560    21.6059   12.78332 1.8312e+01 0.0000e+00
        148 312.691479    0.01021     0.6125     36.750      1.257  44455.422    27.5742     6.9514      1.245    7.09694     6.9569    21.5815   12.78372 1.7724e+01 0.0000e+00
        149 312.691481    0.01028     0.6167     37.000      1.295  44416.756    27.5484     6.9561      1.282    7.09736     6.9545    21.5607   12.78476 1.7547e+01 0.0000e+00
        150 312.691484    0.01035     0.6208     37.250      1.319  44394.194    27.5332     6.9570      1.306    7.09792     6.9508    21.5486   12.78588 1.7720e+01 0.0000e+00
        151 312.691487    0.01042     0.6250     37.500      1.329  44386.093    27.5273     6.9546      1.317    7.09860     6.9475    21.5442   12.78708 1.8192e+01 0.0000e+00
        152 312.691490    0.01049     0.6292     37.750      1.327  44383.279    27.5248     6.9509      1.314    7.09933     6.9451    21.5427   12.78832 1.8939e+01 0.0000e+00
        153 312.691493    0.01056     0.6333     38.000      1.311  44377.769    27.5205     6.9476      1.299    7.10006     6.9434    21.5397   12.78959 1.9893e+01 0.0000e+00
        154 312.691496    0.01063     0.6375     38.250      1.283  44371.752    27.5161     6.9452      1.271    7.10068     6.9428    21.5365   12.79067 2.0929e+01 0.0000e+00
        155 312.691499    0.01069     0.6417     38.500      1.246  44373.734    27.5172     6.9435      1.234    7.10091     6.9434    21.5376   12.79104 2.1938e+01 0.0000e+00
        156 312.691502    0.01076     0.6458     38.750      1.201  44388.651    27.5273     6.9429      1.189    7.10053     6.9451    21.5457   12.79029 2.2833e+01 0.0000e+00
        157 312.691505    0.01083     0.6500     39.000      1.153  44412.785    27.5439     6.9435      1.142    7.09966     6.9478    21.5586   12.78863 2.3588e+01 0.0000e+00
        158 312.691508    0.01090     0.6542     39.250      1.106  44434.534    27.5590     6.9451      1.096    7.09868     6.9512    21.5703   12.78681 2.4352e+01 0.0000e+00
        159 312.691510    0.01097     0.6583     39.500      1.064  44442.030    27.5646     6.9479      1.054    7.09797     6.9545    21.5744   12.78555 2.5240e+01 0.0000e+00
        160 312.691513    0.01104     0.6625     39.750      1.025  44435.164    27.5605     6.9513      1.016    7.09760     6.9576    21.5707   12.78500 2.6041e+01 0.0000e+00
        161 312.691516    0.01111     0.6667     40.000      0.992  44428.480    27.5564     6.9545      0.983    7.09725     6.9610    21.5671   12.78447 2.6362e+01 0.0000e+00
        162 312.691519    0.01118     0.6708     40.250      0.968  44439.082    27.5641     6.9577      0.959    7.09637     6.9652    21.5728   12.78292 2.6095e+01 0.0000e+00
        163 312.691522    0.01125     0.6750     40.500      0.956  44473.575    27.5882     6.9611      0.947    7.09469     6.9710    21.5913   12.77982 2.5342e+01 0.0000e+00
        164 312.691525    0.01132     0.6792     40.750      0.962  44523.772    27.6232     6.9653      0.953    7.09236     6.9784    21.6183   12.77552 2.4120e+01 0.0000e+00
        165 312.691528    0.01139     0.6833     41.000      0.991  44571.579    27.6567     6.9711      0.982    7.08984     6.9864    21.6439   12.77091 2.2494e+01 0.0000e+00
        166 312.691531    0.01146     0.6875     41.250      1.042  44600.426    27.6775     6.9784      1.032    7.08765     6.9937    21.6594   12.76702 2.0699e+01 0.0000e+00
        167 312.691534    0.01153     0.6917     41.500      1.107  44602.391    27.6800     6.9864      1.096    7.08622     6.9992    21.6604   12.76460 1.9055e+01 0.0000e+00
        168 312.691536    0.01160     0.6958     41.750      1.175  44576.217    27.6632     6.9937      1.164    7.08579     7.0022    21.6463   12.76412 1.7813e+01 0.0000e+00
        169 312.691539    0.01167     0.7000     42.000      1.237  44527.574    27.6307     6.9993      1.225    7.08639     7.0026    21.6201   12.76553 1.7069e+01 0.0000e+00
        170 312.691542    0.01174     0.7042     42.250      1.286  44474.352    27.5948     7.0023      1.274    7.08756     7.0002    21.5915   12.76792 1.6789e+01 0.0000e+00
        171 312.691545    0.01181     0.7083     42.500      1.320  44439.285    27.5709     7.0026      1.307    7.08862     6.9957    21.5726   12.76999 1.6886e+01 0.0000e+00
        172 312.691548    0.01188     0.7125     42.750      1.338  44431.043    27.5649     7.0003      1.326    7.08929     6.9900    21.5682   12.77118 1.7313e+01 0.0000e+00
        173 312.691551    0.01194     0.7167     43.000      1.343  44437.154    27.5684     6.9958      1.330    7.08986     6.9837    21.5715   12.77208 1.8051e+01 0.0000e+00
        174 312.691554    0.01201     0.7208     43.250      1.334  44436.908    27.5673     6.9901      1.321    7.09085     6.9763    21.5714   12.77373 1.9053e+01 0.0000e+00
        175 312.691557    0.01208     0.7250     43.500      1.311  44422.807    27.5568     6.9838      1.299    7.09240     6.9667    21.5639   12.77643 2.0268e+01 0.0000e+00
        176 312.691560    0.01215     0.7292     43.750      1.275  44408.070    27.5456     6.9764      1.263    7.09415     6.9547    21.5560   12.77947 2.1638e+01 0.0000e+00
        177 312.691562    0.01222     0.7333     44.000      1.226  44412.137    27.5470     6.9668      1.214    7.09566     6.9422    21.5582   12.78197 2.3048e+01 0.0000e+00
        178 312.691565    0.01229     0.7375     44.250      1.169  44444.771    27.5675     6.9548      1.158    7.09670     6.9336    21.5758   12.78342 2.4351e+01 0.0000e+00
        179 312.691568    0.01236     0.7417     44.500      1.110  44499.461    27.6030     6.9423      1.100    7.09710     6.9316    21.6052   12.78363 2.5434e+01 0.0000e+00
        180 312.691571    0.01243     0.7458     44.750      1.056  44557.812    27.6416     6.9337      1.046    7.09674     6.9367    21.6366   12.78253 2.6119e+01 0.0000e+00
