CTD-processing/allCTD/CNV--turbid/2013_07-19_t3_s13_cast036.cnv
* Sea-Bird SBE19plus Data File:
* FileName = C:\Documents and Settings\kris.holderied.local\My Documents\2012-2013-CTD-DATA-new-files\2013-07-CookInlet-EVOSTC-LTM\2013-07-19-CookInlet-Tran3-AnchorPt\2013-07-19-CookInlet-Tran3-AnchorPt-cast036.hex
* Software Version 1.54
* Temperature SN =  5028
* Conductivity SN =  5028
* System UpLoad Time = Jul 19 2013 17:47:19
** Cook Inlet LTM Ocean - Tran3 - Anchor Pt Line
** Date: 2013-07-19
** Station: 3-13
** Start time (AKDT-24 hr): 14:35
** Depth (m): 32
** Comment:
** Comment:
# nquan = 16
# nvalues = 475                         
# units = specified
# name 0 = scan: Scan Count
# name 1 = timeJ: Julian Days
# name 2 = timeH: Time, Elapsed [hours]
# name 3 = timeM: Time, Elapsed [minutes]
# name 4 = timeS: Time, Elapsed [seconds]
# name 5 = prdM: Pressure, Strain Gauge [db]
# name 6 = specc: Specific Conductance [uS/cm]
# name 7 = sal00: Salinity, Practical [PSU]
# name 8 = tv290C: Temperature [ITS-90, deg C]
# name 9 = depSM: Depth [salt water, m], lat = 59.00
# name 10 = oxsolML/L: Oxygen Saturation, Garcia & Gordon [ml/l]
# name 11 = potemp090C: Potential Temperature [ITS-90, deg C]
# name 12 = sigma-é00: Density [sigma-theta, kg/m^3]
# name 13 = n2satML/L: Nitrogen Saturation [ml/l]
# name 14 = par: PAR/Irradiance, Biospherical/Licor
# name 15 = flag:  0.000e+00
# span 0 =          1,        475       
# span 1 = 200.608194, 200.609566       
# span 2 =    0.00000,    0.03292       
# span 3 =     0.0000,     1.9750       
# span 4 =      0.000,    118.500       
# span 5 =      0.037,     33.969       
# span 6 =    249.884,  50526.940       
# span 7 =     0.1174,    32.1229       
# span 8 =     9.0478,    10.9403       
# span 9 =      0.037,     33.648       
# span 10 =    6.52285,    7.72764      
# span 11 =     9.0454,    10.9403      
# span 12 =    -0.2937,    24.8334      
# span 13 =   11.77919,   14.21656      
# span 14 = 1.1223e+00, 1.2492e+02      
# span 15 = 0.0000e+00, 0.0000e+00      
# interval = seconds: 0.25
# start_time = Jul 19 2013 14:35:48 [Instrument's time stamp, header]
# bad_flag = -9.990e-29
*END*
[from data line 91]
         92 200.608458    0.00632     0.3792     22.750      1.707  50163.078    31.8968     9.4294      1.691    6.52285     9.3950    24.6220   11.77919 5.8548e+01 0.0000e+00
         93 200.608461    0.00639     0.3833     23.000      1.672  50182.246    31.9086     9.4163      1.656    6.52425     9.3717    24.6332   11.78137 5.9948e+01 0.0000e+00
         94 200.608464    0.00646     0.3875     23.250      1.625  50212.286    31.9269     9.3952      1.610    6.52651     9.3475    24.6509   11.78489 6.0621e+01 0.0000e+00
         95 200.608466    0.00653     0.3917     23.500      1.567  50233.465    31.9386     9.3719      1.553    6.52937     9.3217    24.6637   11.78948 6.1160e+01 0.0000e+00
         96 200.608469    0.00660     0.3958     23.750      1.500  50233.135    31.9351     9.3477      1.486    6.53303     9.2950    24.6648   11.79558 6.1983e+01 0.0000e+00
         97 200.608472    0.00667     0.4000     24.000      1.429  50216.123    31.9195     9.3219      1.416    6.53741     9.2693    24.6567   11.80302 6.2981e+01 0.0000e+00
         98 200.608475    0.00674     0.4042     24.250      1.363  50198.151    31.9031     9.2952      1.350    6.54196     9.2464    24.6481   11.81075 6.3714e+01 0.0000e+00
         99 200.608478    0.00681     0.4083     24.500      1.308  50190.368    31.8941     9.2695      1.295    6.54607     9.2269    24.6450   11.81764 6.3834e+01 0.0000e+00
        100 200.608481    0.00688     0.4125     24.750      1.271  50193.081    31.8928     9.2465      1.259    6.54944     9.2106    24.6476   11.82325 6.3161e+01 0.0000e+00
        101 200.608484    0.00694     0.4167     25.000      1.258  50199.907    31.8949     9.2270      1.246    6.55218     9.1973    24.6523   11.82776 6.1464e+01 0.0000e+00
        102 200.608487    0.00701     0.4208     25.250      1.273  50204.374    31.8957     9.2108      1.261    6.55450     9.1866    24.6555   11.83159 5.8853e+01 0.0000e+00
        103 200.608490    0.00708     0.4250     25.500      1.317  50204.871    31.8942     9.1974      1.305    6.55650     9.1785    24.6564   11.83492 5.6098e+01 0.0000e+00
        104 200.608492    0.00715     0.4292     25.750      1.386  50205.489    31.8931     9.1867      1.373    6.55810     9.1729    24.6572   11.83758 5.4101e+01 0.0000e+00
        105 200.608495    0.00722     0.4333     26.000      1.471  50212.928    31.8972     9.1787      1.458    6.55910     9.1696    24.6617   11.83918 5.3106e+01 0.0000e+00
        106 200.608498    0.00729     0.4375     26.250      1.561  50233.308    31.9108     9.1731      1.546    6.55933     9.1683    24.6732   11.83940 5.2516e+01 0.0000e+00
        107 200.608501    0.00736     0.4417     26.500      1.645  50271.226    31.9370     9.1698      1.629    6.55871     9.1690    24.6942   11.83805 5.1779e+01 0.0000e+00
        108 200.608504    0.00743     0.4458     26.750      1.716  50326.587    31.9758     9.1685      1.699    6.55725     9.1717    24.7248   11.83517 5.0932e+01 0.0000e+00
        109 200.608507    0.00750     0.4500     27.000      1.772  50388.234    32.0194     9.1692      1.755    6.55531     9.1772    24.7587   11.83143 5.0207e+01 0.0000e+00
        110 200.608510    0.00757     0.4542     27.250      1.812  50438.750    32.0554     9.1719      1.795    6.55339     9.1859    24.7864   11.82782 4.9920e+01 0.0000e+00
        111 200.608513    0.00764     0.4583     27.500      1.838  50467.919    32.0767     9.1774      1.821    6.55170     9.1968    24.8023   11.82477 5.0433e+01 0.0000e+00
        112 200.608516    0.00771     0.4625     27.750      1.852  50476.766    32.0841     9.1861      1.834    6.55012     9.2083    24.8067   11.82206 5.1795e+01 0.0000e+00
        113 200.608519    0.00778     0.4667     28.000      1.855  50475.209    32.0846     9.1970      1.837    6.54852     9.2214    24.8054   11.81942 5.3725e+01 0.0000e+00
        114 200.608521    0.00785     0.4708     28.250      1.846  50475.647    32.0865     9.2085      1.829    6.54677     9.2388    24.8051   11.81649 5.5834e+01 0.0000e+00
        115 200.608524    0.00792     0.4750     28.500      1.823  50481.026    32.0922     9.2215      1.806    6.54464     9.2639    24.8074   11.81291 5.7736e+01 0.0000e+00
        116 200.608527    0.00799     0.4792     28.750      1.781  50480.307    32.0941     9.2389      1.765    6.54204     9.2982    24.8062   11.80858 5.9206e+01 0.0000e+00
        117 200.608530    0.00806     0.4833     29.000      1.721  50457.986    32.0819     9.2640      1.705    6.53892     9.3367    24.7927   11.80356 6.0309e+01 0.0000e+00
        118 200.608533    0.00813     0.4875     29.250      1.643  50406.931    32.0507     9.2983      1.627    6.53529     9.3698    24.7630   11.79791 6.1149e+01 0.0000e+00
        119 200.608536    0.00819     0.4917     29.500      1.552  50333.195    32.0041     9.3368      1.538    6.53169     9.3903    24.7205   11.79253 6.1525e+01 0.0000e+00
        120 200.608539    0.00826     0.4958     29.750      1.458  50251.305    31.9510     9.3699      1.444    6.52915     9.3946    24.6737   11.78897 6.1289e+01 0.0000e+00
        121 200.608542    0.00833     0.5000     30.000      1.369  50177.528    31.9018     9.3904      1.356    6.52827     9.3821    24.6320   11.78810 6.0724e+01 0.0000e+00
        122 200.608545    0.00840     0.5042     30.250      1.294  50122.835    31.8638     9.3947      1.282    6.52924     9.3564    24.6017   11.79015 6.0062e+01 0.0000e+00
        123 200.608547    0.00847     0.5083     30.500      1.241  50089.751    31.8388     9.3822      1.229    6.53210     9.3247    24.5841   11.79519 5.9378e+01 0.0000e+00
        124 200.608550    0.00854     0.5125     30.750      1.212  50077.658    31.8267     9.3566      1.201    6.53631     9.2929    24.5787   11.80231 5.8861e+01 0.0000e+00
        125 200.608553    0.00861     0.5167     31.000      1.208  50083.736    31.8266     9.3248      1.196    6.54091     9.2644    24.5836   11.80992 5.8390e+01 0.0000e+00
        126 200.608556    0.00868     0.5208     31.250      1.226  50100.218    31.8338     9.2931      1.215    6.54520     9.2400    24.5942   11.81693 5.7356e+01 0.0000e+00
        127 200.608559    0.00875     0.5250     31.500      1.267  50117.045    31.8417     9.2646      1.255    6.54899     9.2192    24.6049   11.82312 5.5387e+01 0.0000e+00
        128 200.608562    0.00882     0.5292     31.750      1.330  50125.527    31.8442     9.2401      1.317    6.55242     9.2015    24.6107   11.82877 5.2928e+01 0.0000e+00
        129 200.608565    0.00889     0.5333     32.000      1.415  50124.107    31.8403     9.2193      1.402    6.55561     9.1872    24.6108   11.83409 5.0827e+01 0.0000e+00
        130 200.608568    0.00896     0.5375     32.250      1.522  50120.528    31.8353     9.2017      1.508    6.55838     9.1765    24.6097   11.83873 4.9524e+01 0.0000e+00
        131 200.608571    0.00903     0.5417     32.500      1.644  50123.226    31.8351     9.1874      1.629    6.56046     9.1696    24.6118   11.84218 4.8857e+01 0.0000e+00
        132 200.608573    0.00910     0.5458     32.750      1.769  50136.050    31.8426     9.1767      1.752    6.56170     9.1670    24.6193   11.84415 4.8656e+01 0.0000e+00
        133 200.608576    0.00917     0.5500     33.000      1.881  50160.575    31.8588     9.1698      1.863    6.56202     9.1696    24.6331   11.84447 4.8967e+01 0.0000e+00
        134 200.608579    0.00924     0.5542     33.250      1.969  50198.829    31.8854     9.1672      1.950    6.56127     9.1789    24.6543   11.84292 4.9690e+01 0.0000e+00
        135 200.608582    0.00931     0.5583     33.500      2.021  50246.866    31.9196     9.1698      2.002    6.55945     9.1970    24.6806   11.83949 5.0668e+01 0.0000e+00
        136 200.608585    0.00937     0.5625     33.750      2.032  50285.729    31.9483     9.1791      2.012    6.55688     9.2239    24.7016   11.83490 5.1878e+01 0.0000e+00
        137 200.608588    0.00944     0.5667     34.000      1.999  50295.217    31.9575     9.1972      1.980    6.55387     9.2549    24.7060   11.82979 5.3327e+01 0.0000e+00
        138 200.608591    0.00951     0.5708     34.250      1.926  50274.415    31.9467     9.2242      1.907    6.55041     9.2828    24.6933   11.82420 5.5012e+01 0.0000e+00
        139 200.608594    0.00958     0.5750     34.500      1.821  50237.878    31.9253     9.2551      1.804    6.54683     9.3034    24.6718   11.81853 5.7011e+01 0.0000e+00
        140 200.608597    0.00965     0.5792     34.750      1.697  50199.452    31.9022     9.2830      1.681    6.54376     9.3157    24.6493   11.81373 5.9372e+01 0.0000e+00
        141 200.608600    0.00972     0.5833     35.000      1.568  50165.398    31.8811     9.3036      1.553    6.54167     9.3206    24.6296   11.81053 6.1587e+01 0.0000e+00
        142 200.608602    0.00979     0.5875     35.250      1.444  50136.517    31.8625     9.3159      1.430    6.54067     9.3189    24.6131   11.80909 6.2832e+01 0.0000e+00
        143 200.608605    0.00986     0.5917     35.500      1.334  50112.265    31.8462     9.3208      1.321    6.54065     9.3111    24.5996   11.80926 6.3296e+01 0.0000e+00
        144 200.608608    0.00993     0.5958     35.750      1.243  50094.400    31.8334     9.3191      1.232    6.54144     9.2980    24.5898   11.81071 6.3877e+01 0.0000e+00
        145 200.608611    0.01000     0.6000     36.000      1.176  50085.972    31.8264     9.3113      1.165    6.54287     9.2816    24.5856   11.81316 6.4643e+01 0.0000e+00
        146 200.608614    0.01007     0.6042     36.250      1.132  50086.624    31.8250     9.2981      1.122    6.54483     9.2645    24.5866   11.81643 6.4794e+01 0.0000e+00
        147 200.608617    0.01014     0.6083     36.500      1.112  50091.725    31.8264     9.2818      1.102    6.54714     9.2478    24.5902   11.82024 6.3469e+01 0.0000e+00
        148 200.608620    0.01021     0.6125     36.750      1.117  50094.249    31.8258     9.2647      1.107    6.54964     9.2310    24.5924   11.82438 6.0492e+01 0.0000e+00
        149 200.608623    0.01028     0.6167     37.000      1.150  50088.237    31.8192     9.2480      1.140    6.55234     9.2138    24.5899   11.82893 5.6827e+01 0.0000e+00
        150 200.608626    0.01035     0.6208     37.250      1.217  50075.001    31.8075     9.2311      1.205    6.55528     9.1971    24.5833   11.83394 5.3741e+01 0.0000e+00
        151 200.608628    0.01042     0.6250     37.500      1.319  50063.171    31.7967     9.2140      1.307    6.55823     9.1820    24.5776   11.83895 5.1651e+01 0.0000e+00
        152 200.608631    0.01049     0.6292     37.750      1.453  50060.007    31.7920     9.1973      1.439    6.56086     9.1698    24.5766   11.84336 5.0401e+01 0.0000e+00
        153 200.608634    0.01056     0.6333     38.000      1.603  50066.842    31.7947     9.1822      1.588    6.56294     9.1614    24.5810   11.84677 4.9881e+01 0.0000e+00
        154 200.608637    0.01063     0.6375     38.250      1.747  50081.873    31.8035     9.1700      1.731    6.56434     9.1577    24.5898   11.84898 4.9977e+01 0.0000e+00
        155 200.608640    0.01069     0.6417     38.500      1.868  50103.667    31.8176     9.1616      1.850    6.56495     9.1589    24.6021   11.84982 5.0589e+01 0.0000e+00
        156 200.608643    0.01076     0.6458     38.750      1.950  50129.490    31.8352     9.1579      1.932    6.56475     9.1655    24.6165   11.84928 5.1668e+01 0.0000e+00
        157 200.608646    0.01083     0.6500     39.000      1.986  50149.921    31.8498     9.1591      1.967    6.56395     9.1766    24.6277   11.84778 5.3019e+01 0.0000e+00
        158 200.608649    0.01090     0.6542     39.250      1.970  50155.563    31.8547     9.1657      1.952    6.56278     9.1890    24.6305   11.84578 5.4519e+01 0.0000e+00
        159 200.608652    0.01097     0.6583     39.500      1.907  50148.071    31.8510     9.1768      1.889    6.56133     9.1998    24.6259   11.84342 5.6270e+01 0.0000e+00
        160 200.608655    0.01104     0.6625     39.750      1.805  50134.196    31.8430     9.1892      1.788    6.55986     9.2072    24.6177   11.84108 5.8160e+01 0.0000e+00
        161 200.608657    0.01111     0.6667     40.000      1.680  50116.634    31.8322     9.1999      1.664    6.55876     9.2103    24.6076   11.83939 6.0000e+01 0.0000e+00
        162 200.608660    0.01118     0.6708     40.250      1.554  50096.229    31.8189     9.2073      1.539    6.55825     9.2086    24.5961   11.83870 6.1635e+01 0.0000e+00
        163 200.608663    0.01125     0.6750     40.500      1.447  50075.374    31.8047     9.2105      1.433    6.55839     9.2020    24.5845   11.83911 6.2552e+01 0.0000e+00
        164 200.608666    0.01132     0.6792     40.750      1.373  50057.889    31.7922     9.2088      1.360    6.55917     9.1923    24.5749   11.84056 6.2497e+01 0.0000e+00
        165 200.608669    0.01139     0.6833     41.000      1.336  50048.915    31.7850     9.2022      1.324    6.56043     9.1817    24.5703   11.84274 6.2012e+01 0.0000e+00
        166 200.608672    0.01146     0.6875     41.250      1.330  50051.957    31.7857     9.1924      1.318    6.56182     9.1722    24.5724   11.84503 6.1592e+01 0.0000e+00
        167 200.608675    0.01153     0.6917     41.500      1.343  50065.989    31.7941     9.1818      1.331    6.56301     9.1649    24.5806   11.84689 6.1053e+01 0.0000e+00
        168 200.608678    0.01160     0.6958     41.750      1.361  50087.809    31.8081     9.1724      1.349    6.56379     9.1601    24.5931   11.84801 6.0057e+01 0.0000e+00
        169 200.608681    0.01167     0.7000     42.000      1.377  50113.579    31.8253     9.1651      1.365    6.56412     9.1576    24.6076   11.84835 5.8620e+01 0.0000e+00
        170 200.608683    0.01174     0.7042     42.250      1.389  50136.279    31.8406     9.1603      1.376    6.56417     9.1573    24.6203   11.84825 5.6971e+01 0.0000e+00
        171 200.608686    0.01181     0.7083     42.500      1.398  50147.575    31.8482     9.1578      1.385    6.56421     9.1581    24.6266   11.84822 5.5507e+01 0.0000e+00
        172 200.608689    0.01188     0.7125     42.750      1.410  50143.380    31.8452     9.1574      1.397    6.56439     9.1587    24.6243   11.84857 5.4596e+01 0.0000e+00
        173 200.608692    0.01194     0.7167     43.000      1.431  50126.888    31.8337     9.1582      1.418    6.56476     9.1583    24.6152   11.84931 5.4176e+01 0.0000e+00
        174 200.608695    0.01201     0.7208     43.250      1.468  50107.474    31.8201     9.1589      1.455    6.56525     9.1571    24.6045   11.85028 5.4071e+01 0.0000e+00
        175 200.608698    0.01208     0.7250     43.500      1.523  50093.486    31.8101     9.1585      1.509    6.56572     9.1559    24.5968   11.85119 5.4482e+01 0.0000e+00
        176 200.608701    0.01215     0.7292     43.750      1.592  50088.022    31.8061     9.1573      1.577    6.56607     9.1552    24.5938   11.85181 5.5501e+01 0.0000e+00
        177 200.608704    0.01222     0.7333     44.000      1.667  50090.936    31.8079     9.1560      1.651    6.56617     9.1559    24.5954   11.85196 5.6621e+01 0.0000e+00
        178 200.608707    0.01229     0.7375     44.250      1.737  50101.731    31.8154     9.1554      1.721    6.56594     9.1585    24.6013   11.85149 5.7287e+01 0.0000e+00
        179 200.608709    0.01236     0.7417     44.500      1.793  50120.305    31.8285     9.1561      1.777    6.56529     9.1637    24.6115   11.85025 5.7389e+01 0.0000e+00
        180 200.608712    0.01243     0.7458     44.750      1.830  50142.507    31.8445     9.1587      1.813    6.56424     9.1726    24.6236   11.84833 5.6949e+01 0.0000e+00
