CTD-processing/allCTD/CNV--turbid/2013_02-12_alongbay_skb14cast046.cnv
* Sea-Bird SBE19plus Data File:
* FileName = C:\Documents and Settings\kris.holderied.local\My Documents\2012-2013-CTD-DATA-new-files\2013-02-EVOSTC-CookInlet\2013-02-12-along-KBay-line\2012-02-12-Along-KBay-line-cast046.hex
* Software Version 1.54
* Temperature SN =  5028
* Conductivity SN =  5028
* System UpLoad Time = Mar 14 2013 23:59:13
** Kachemak Bay - along-bay transect, west to east
** Date:  12 Feb 2013
** Station:KB-13
** Start time (AKDT-24 hr):22:27
** Depth (m):25
** Comment: CTD time set wrong by 2 hours
** Comment: Supplement to Gulf Watch sampling
# nquan = 16
# nvalues = 518                         
# units = specified
# name 0 = scan: Scan Count
# name 1 = timeJ: Julian Days
# name 2 = timeH: Time, Elapsed [hours]
# name 3 = timeM: Time, Elapsed [minutes]
# name 4 = timeS: Time, Elapsed [seconds]
# name 5 = prdM: Pressure, Strain Gauge [db]
# name 6 = specc: Specific Conductance [uS/cm]
# name 7 = sal00: Salinity, Practical [PSU]
# name 8 = tv290C: Temperature [ITS-90, deg C]
# name 9 = depSM: Depth [salt water, m], lat = 59.00
# name 10 = oxsolML/L: Oxygen Saturation, Garcia & Gordon [ml/l]
# name 11 = potemp090C: Potential Temperature [ITS-90, deg C]
# name 12 = sigma-é00: Density [sigma-theta, kg/m^3]
# name 13 = n2satML/L: Nitrogen Saturation [ml/l]
# name 14 = par: PAR/Irradiance, Biospherical/Licor
# name 15 = flag:  0.000e+00
# span 0 =          1,        518       
# span 1 =  44.018889,  44.020385       
# span 2 =    0.00000,    0.03590       
# span 3 =     0.0000,     2.1542       
# span 4 =      0.000,    129.250       
# span 5 =     -0.120,     24.145       
# span 6 =   1209.763,  51293.295       
# span 7 =     0.5631,    31.5645       
# span 8 =    -0.5346,     3.5739       
# span 9 =     -0.119,     23.918       
# span 10 =    7.49258,   10.34578      
# span 11 =    -0.5346,     3.5724      
# span 12 =     0.2742,    25.0942      
# span 13 =   13.38587,   18.60405      
# span 14 = 3.7912e-02, 6.3719e+00      
# span 15 = 0.0000e+00, 0.0000e+00      
# interval = seconds: 0.25
# start_time = Feb 13 2013 00:27:12 [Instrument's time stamp, header]
# bad_flag = -9.990e-29
*END*
[from data line 181]
        182  44.019413    0.01257     0.7542     45.250      1.641  47878.852    28.8505     1.8859      1.625    7.96262     1.9155    23.0551   14.19825 2.5826e-01 0.0000e+00
        183  44.019416    0.01264     0.7583     45.500      1.640  47896.036    28.8657     1.9002      1.624    7.95886     1.9308    23.0664   14.19183 2.5769e-01 0.0000e+00
        184  44.019418    0.01271     0.7625     45.750      1.638  47923.090    28.8876     1.9155      1.623    7.95455     1.9446    23.0831   14.18441 2.5356e-01 0.0000e+00
        185  44.019421    0.01278     0.7667     46.000      1.638  47951.378    28.9104     1.9308      1.623    7.95020     1.9562    23.1004   14.17692 2.4661e-01 0.0000e+00
        186  44.019424    0.01285     0.7708     46.250      1.638  47972.425    28.9281     1.9447      1.623    7.94642     1.9657    23.1137   14.17044 2.3707e-01 0.0000e+00
        187  44.019427    0.01292     0.7750     46.500      1.639  47983.350    28.9384     1.9563      1.624    7.94350     1.9736    23.1212   14.16548 2.2609e-01 0.0000e+00
        188  44.019430    0.01299     0.7792     46.750      1.640  47986.029    28.9427     1.9658      1.625    7.94134     1.9804    23.1241   14.16185 2.1608e-01 0.0000e+00
        189  44.019433    0.01306     0.7833     47.000      1.642  47984.391    28.9437     1.9737      1.627    7.93968     1.9865    23.1244   14.15910 2.0845e-01 0.0000e+00
        190  44.019436    0.01313     0.7875     47.250      1.644  47983.723    28.9451     1.9805      1.629    7.93823     1.9921    23.1251   14.15668 2.0273e-01 0.0000e+00
        191  44.019439    0.01319     0.7917     47.500      1.646  47988.465    28.9498     1.9866      1.631    7.93674     1.9972    23.1285   14.15415 1.9840e-01 0.0000e+00
        192  44.019442    0.01326     0.7958     47.750      1.648  47998.956    28.9582     1.9922      1.632    7.93516     2.0021    23.1349   14.15143 1.9558e-01 0.0000e+00
        193  44.019444    0.01333     0.8000     48.000      1.648  48012.292    28.9684     1.9973      1.632    7.93356     2.0068    23.1427   14.14865 1.9436e-01 0.0000e+00
        194  44.019447    0.01340     0.8042     48.250      1.647  48024.700    28.9780     2.0022      1.632    7.93204     2.0110    23.1500   14.14602 1.9438e-01 0.0000e+00
        195  44.019450    0.01347     0.8083     48.500      1.646  48033.115    28.9848     2.0069      1.630    7.93073     2.0146    23.1552   14.14375 1.9501e-01 0.0000e+00
        196  44.019453    0.01354     0.8125     48.750      1.644  48037.614    28.9888     2.0110      1.628    7.92967     2.0186    23.1582   14.14195 1.9606e-01 0.0000e+00
        197  44.019456    0.01361     0.8167     49.000      1.642  48041.465    28.9923     2.0147      1.627    7.92875     2.0240    23.1607   14.14038 1.9747e-01 0.0000e+00
        198  44.019459    0.01368     0.8208     49.250      1.641  48049.425    28.9987     2.0186      1.626    7.92760     2.0316    23.1656   14.13840 1.9857e-01 0.0000e+00
        199  44.019462    0.01375     0.8250     49.500      1.640  48064.614    29.0102     2.0240      1.625    7.92588     2.0423    23.1744   14.13541 1.9848e-01 0.0000e+00
        200  44.019465    0.01382     0.8292     49.750      1.641  48084.769    29.0256     2.0317      1.626    7.92350     2.0561    23.1863   14.13125 1.9710e-01 0.0000e+00
        201  44.019468    0.01389     0.8333     50.000      1.642  48103.279    29.0407     2.0424      1.627    7.92052     2.0709    23.1977   14.12613 1.9474e-01 0.0000e+00
        202  44.019470    0.01396     0.8375     50.250      1.644  48114.502    29.0517     2.0561      1.628    7.91715     2.0840    23.2056   14.12041 1.9153e-01 0.0000e+00
        203  44.019473    0.01403     0.8417     50.500      1.646  48117.573    29.0577     2.0710      1.630    7.91384     2.0937    23.2095   14.11486 1.8780e-01 0.0000e+00
        204  44.019476    0.01410     0.8458     50.750      1.647  48115.776    29.0599     2.0840      1.632    7.91108     2.1003    23.2104   14.11028 1.8404e-01 0.0000e+00
        205  44.019479    0.01417     0.8500     51.000      1.649  48113.508    29.0609     2.0938      1.633    7.90907     2.1051    23.2107   14.10695 1.8033e-01 0.0000e+00
        206  44.019482    0.01424     0.8542     51.250      1.649  48113.638    29.0628     2.1004      1.633    7.90764     2.1093    23.2117   14.10456 1.7636e-01 0.0000e+00
        207  44.019485    0.01431     0.8583     51.500      1.647  48117.207    29.0664     2.1052      1.632    7.90648     2.1141    23.2143   14.10260 1.7206e-01 0.0000e+00
        208  44.019488    0.01438     0.8625     51.750      1.645  48124.849    29.0726     2.1094      1.630    7.90529     2.1199    23.2190   14.10055 1.6795e-01 0.0000e+00
        209  44.019491    0.01444     0.8667     52.000      1.642  48136.840    29.0818     2.1142      1.627    7.90383     2.1266    23.2260   14.09801 1.6456e-01 0.0000e+00
        210  44.019494    0.01451     0.8708     52.250      1.639  48151.925    29.0934     2.1200      1.624    7.90203     2.1331    23.2349   14.09488 1.6181e-01 0.0000e+00
        211  44.019497    0.01458     0.8750     52.500      1.637  48167.871    29.1057     2.1266      1.621    7.90003     2.1392    23.2443   14.09141 1.5962e-01 0.0000e+00
        212  44.019499    0.01465     0.8792     52.750      1.636  48183.514    29.1178     2.1332      1.620    7.89806     2.1450    23.2536   14.08800 1.5852e-01 0.0000e+00
        213  44.019502    0.01472     0.8833     53.000      1.636  48199.944    29.1304     2.1392      1.621    7.89617     2.1507    23.2632   14.08469 1.5914e-01 0.0000e+00
        214  44.019505    0.01479     0.8875     53.250      1.637  48219.323    29.1448     2.1451      1.622    7.89422     2.1568    23.2744   14.08128 1.6152e-01 0.0000e+00
        215  44.019508    0.01486     0.8917     53.500      1.639  48241.554    29.1610     2.1508      1.624    7.89219     2.1636    23.2870   14.07771 1.6501e-01 0.0000e+00
        216  44.019511    0.01493     0.8958     53.750      1.642  48263.356    29.1771     2.1568      1.626    7.89010     2.1709    23.2995   14.07405 1.6924e-01 0.0000e+00
        217  44.019514    0.01500     0.9000     54.000      1.644  48282.364    29.1915     2.1637      1.628    7.88795     2.1775    23.3106   14.07029 1.7420e-01 0.0000e+00
        218  44.019517    0.01507     0.9042     54.250      1.645  48300.805    29.2057     2.1709      1.630    7.88574     2.1829    23.3214   14.06644 1.7953e-01 0.0000e+00
        219  44.019520    0.01514     0.9083     54.500      1.646  48322.642    29.2220     2.1776      1.630    7.88353     2.1872    23.3340   14.06259 1.8382e-01 0.0000e+00
        220  44.019523    0.01521     0.9125     54.750      1.645  48350.447    29.2419     2.1830      1.629    7.88136     2.1907    23.3495   14.05873 1.8533e-01 0.0000e+00
        221  44.019525    0.01528     0.9167     55.000      1.643  48386.884    29.2672     2.1873      1.627    7.87914     2.1947    23.3695   14.05470 1.8375e-01 0.0000e+00
        222  44.019528    0.01535     0.9208     55.250      1.640  48434.157    29.2996     2.1908      1.624    7.87669     2.2010    23.3952   14.05023 1.8024e-01 0.0000e+00
        223  44.019531    0.01542     0.9250     55.500      1.636  48491.292    29.3387     2.1948      1.620    7.87379     2.2108    23.4261   14.04490 1.7554e-01 0.0000e+00
        224  44.019534    0.01549     0.9292     55.750      1.631  48553.580    29.3818     2.2011      1.616    7.87019     2.2235    23.4602   14.03838 1.6932e-01 0.0000e+00
        225  44.019537    0.01556     0.9333     56.000      1.626  48613.463    29.4242     2.2108      1.611    7.86595     2.2371    23.4935   14.03080 1.6103e-01 0.0000e+00
        226  44.019540    0.01563     0.9375     56.250      1.622  48664.098    29.4613     2.2236      1.607    7.86142     2.2493    23.5222   14.02281 1.5090e-01 0.0000e+00
        227  44.019543    0.01569     0.9417     56.500      1.619  48704.954    29.4921     2.2371      1.604    7.85705     2.2590    23.5459   14.01519 1.3975e-01 0.0000e+00
        228  44.019546    0.01576     0.9458     56.750      1.619  48739.279    29.5181     2.2493      1.604    7.85322     2.2662    23.5660   14.00851 1.2849e-01 0.0000e+00
        229  44.019549    0.01583     0.9500     57.000      1.621  48775.743    29.5450     2.2590      1.606    7.84985     2.2716    23.5868   14.00257 1.1807e-01 0.0000e+00
        230  44.019552    0.01590     0.9542     57.250      1.625  48826.373    29.5806     2.2662      1.610    7.84649     2.2765    23.6148   13.99654 1.0929e-01 0.0000e+00
        231  44.019554    0.01597     0.9583     57.500      1.628  48887.476    29.6228     2.2716      1.612    7.84315     2.2820    23.6481   13.99045 1.0232e-01 0.0000e+00
        232  44.019557    0.01604     0.9625     57.750      1.630  48944.367    29.6620     2.2765      1.614    7.84008     2.2888    23.6791   13.98485 9.7146e-02 0.0000e+00
        233  44.019560    0.01611     0.9667     58.000      1.631  48990.675    29.6943     2.2820      1.615    7.83724     2.2963    23.7046   13.97971 9.4028e-02 0.0000e+00
        234  44.019563    0.01618     0.9708     58.250      1.631  49026.411    29.7200     2.2888      1.616    7.83452     2.3036    23.7246   13.97488 9.2986e-02 0.0000e+00
        235  44.019566    0.01625     0.9750     58.500      1.630  49058.996    29.7437     2.2963      1.615    7.83176     2.3108    23.7431   13.97000 9.3743e-02 0.0000e+00
        236  44.019569    0.01632     0.9792     58.750      1.629  49098.726    29.7721     2.3036      1.614    7.82878     2.3189    23.7653   13.96469 9.5820e-02 0.0000e+00
        237  44.019572    0.01639     0.9833     59.000      1.626  49144.233    29.8044     2.3108      1.611    7.82563     2.3291    23.7906   13.95906 9.8411e-02 0.0000e+00
        238  44.019575    0.01646     0.9875     59.250      1.624  49191.534    29.8381     2.3190      1.609    7.82221     2.3414    23.8170   13.95295 1.0069e-01 0.0000e+00
        239  44.019578    0.01653     0.9917     59.500      1.623  49238.238    29.8720     2.3291      1.608    7.81839     2.3554    23.8433   13.94619 1.0236e-01 0.0000e+00
        240  44.019580    0.01660     0.9958     59.750      1.622  49282.155    29.9046     2.3414      1.607    7.81422     2.3709    23.8685   13.93887 1.0377e-01 0.0000e+00
        241  44.019583    0.01667     1.0000     60.000      1.622  49327.273    29.9384     2.3555      1.607    7.80964     2.3880    23.8946   13.93085 1.0533e-01 0.0000e+00
        242  44.019586    0.01674     1.0042     60.250      1.622  49375.513    29.9747     2.3710      1.607    7.80464     2.4065    23.9225   13.92210 1.0680e-01 0.0000e+00
        243  44.019589    0.01681     1.0083     60.500      1.622  49421.337    30.0099     2.3881      1.607    7.79939     2.4257    23.9494   13.91297 1.0785e-01 0.0000e+00
        244  44.019592    0.01688     1.0125     60.750      1.623  49459.903    30.0405     2.4066      1.608    7.79411     2.4448    23.9726   13.90383 1.0870e-01 0.0000e+00
        245  44.019595    0.01694     1.0167     61.000      1.624  49494.180    30.0685     2.4258      1.609    7.78884     2.4631    23.9936   13.89476 1.0963e-01 0.0000e+00
        246  44.019598    0.01701     1.0208     61.250      1.624  49530.296    30.0977     2.4448      1.609    7.78356     2.4806    24.0156   13.88564 1.1075e-01 0.0000e+00
        247  44.019601    0.01708     1.0250     61.500      1.623  49568.703    30.1282     2.4631      1.608    7.77834     2.4972    24.0387   13.87662 1.1249e-01 0.0000e+00
        248  44.019604    0.01715     1.0292     61.750      1.623  49605.640    30.1576     2.4806      1.608    7.77335     2.5126    24.0608   13.86799 1.1516e-01 0.0000e+00
        249  44.019606    0.01722     1.0333     62.000      1.622  49639.411    30.1846     2.4973      1.607    7.76866     2.5266    24.0812   13.85987 1.1811e-01 0.0000e+00
        250  44.019609    0.01729     1.0375     62.250      1.621  49674.608    30.2122     2.5127      1.606    7.76417     2.5396    24.1021   13.85210 1.2018e-01 0.0000e+00
        251  44.019612    0.01736     1.0417     62.500      1.621  49718.182    30.2451     2.5267      1.606    7.75970     2.5525    24.1274   13.84426 1.2110e-01 0.0000e+00
        252  44.019615    0.01743     1.0458     62.750      1.620  49767.867    30.2818     2.5397      1.605    7.75521     2.5654    24.1557   13.83637 1.2161e-01 0.0000e+00
        253  44.019618    0.01750     1.0500     63.000      1.620  49816.512    30.3178     2.5525      1.605    7.75080     2.5780    24.1835   13.82860 1.2218e-01 0.0000e+00
        254  44.019621    0.01757     1.0542     63.250      1.620  49863.588    30.3527     2.5654      1.605    7.74644     2.5909    24.2105   13.82093 1.2265e-01 0.0000e+00
        255  44.019624    0.01764     1.0583     63.500      1.621  49907.704    30.3857     2.5781      1.606    7.74222     2.6044    24.2358   13.81353 1.2291e-01 0.0000e+00
        256  44.019627    0.01771     1.0625     63.750      1.623  49939.913    30.4106     2.5910      1.607    7.73839     2.6181    24.2548   13.80687 1.2313e-01 0.0000e+00
        257  44.019630    0.01778     1.0667     64.000      1.624  49954.794    30.4242     2.6045      1.609    7.73505     2.6305    24.2646   13.80117 1.2349e-01 0.0000e+00
        258  44.019633    0.01785     1.0708     64.250      1.626  49957.971    30.4299     2.6181      1.610    7.73210     2.6407    24.2682   13.79622 1.2413e-01 0.0000e+00
        259  44.019635    0.01792     1.0750     64.500      1.627  49960.573    30.4349     2.6305      1.611    7.72943     2.6495    24.2712   13.79175 1.2497e-01 0.0000e+00
        260  44.019638    0.01799     1.0792     64.750      1.628  49972.488    30.4456     2.6408      1.612    7.72688     2.6586    24.2790   13.78739 1.2608e-01 0.0000e+00
        261  44.019641    0.01806     1.0833     65.000      1.628  49996.215    30.4638     2.6495      1.612    7.72422     2.6690    24.2929   13.78276 1.2785e-01 0.0000e+00
        262  44.019644    0.01812     1.0875     65.250      1.628  50029.530    30.4886     2.6587      1.612    7.72114     2.6798    24.3120   13.77735 1.3051e-01 0.0000e+00
        263  44.019647    0.01819     1.0917     65.500      1.628  50069.146    30.5179     2.6690      1.612    7.71759     2.6904    24.3346   13.77111 1.3392e-01 0.0000e+00
        264  44.019650    0.01826     1.0958     65.750      1.627  50107.050    30.5461     2.6798      1.612    7.71402     2.7006    24.3563   13.76483 1.3778e-01 0.0000e+00
        265  44.019653    0.01833     1.1000     66.000      1.627  50135.559    30.5681     2.6904      1.612    7.71080     2.7096    24.3730   13.75923 1.4199e-01 0.0000e+00
        266  44.019656    0.01840     1.1042     66.250      1.627  50152.446    30.5821     2.7007      1.612    7.70808     2.7165    24.3834   13.75454 1.4640e-01 0.0000e+00
        267  44.019659    0.01847     1.1083     66.500      1.627  50159.537    30.5892     2.7097      1.612    7.70597     2.7214    24.3884   13.75096 1.5037e-01 0.0000e+00
        268  44.019661    0.01854     1.1125     66.750      1.628  50161.232    30.5922     2.7166      1.613    7.70448     2.7249    24.3903   13.74847 1.5334e-01 0.0000e+00
        269  44.019664    0.01861     1.1167     67.000      1.628  50164.450    30.5956     2.7215      1.613    7.70335     2.7277    24.3926   13.74656 1.5544e-01 0.0000e+00
        270  44.019667    0.01868     1.1208     67.250      1.629  50178.227    30.6058     2.7250      1.613    7.70214     2.7306    24.4005   13.74443 1.5697e-01 0.0000e+00
        271  44.019670    0.01875     1.1250     67.500      1.629  50205.860    30.6251     2.7278      1.614    7.70058     2.7345    24.4157   13.74159 1.5748e-01 0.0000e+00
