CTD-processing/allCTD/CNV--turbid/2013-04-19-cookinlet-tran6-cast081-s01.cnv
* Sea-Bird SBE19plus Data File:
* FileName = C:\Documents and Settings\kris.holderied.local\My Documents\2012-2013-CTD-DATA-new-files\2013-04-EVOSTC-CookInlet-Ocean\2013-04-19-CookInlet-Tran6-Douglas\2013-04-19-CookInlet-Tran6-cast081.hex
* Software Version 1.54
* Temperature SN =  5028
* Conductivity SN =  5028
* System UpLoad Time = Apr 19 2013 22:49:23
** Cook Inlet LTM Transect 6 (Douglas line) West to East
** Date:  2013-04-19
** Station:6-01
** Start time (AKDT-24 hr):  2048
** Depth (m): 33
** Comment:  CTD time set wrong
** Comment:	Rocky Bottom
# nquan = 16
# nvalues = 570                         
# units = specified
# name 0 = scan: Scan Count
# name 1 = timeJ: Julian Days
# name 2 = timeH: Time, Elapsed [hours]
# name 3 = timeM: Time, Elapsed [minutes]
# name 4 = timeS: Time, Elapsed [seconds]
# name 5 = prdM: Pressure, Strain Gauge [db]
# name 6 = specc: Specific Conductance [uS/cm]
# name 7 = sal00: Salinity, Practical [PSU]
# name 8 = tv290C: Temperature [ITS-90, deg C]
# name 9 = depSM: Depth [salt water, m], lat = 59.00
# name 10 = oxsolML/L: Oxygen Saturation, Garcia & Gordon [ml/l]
# name 11 = potemp090C: Potential Temperature [ITS-90, deg C]
# name 12 = sigma-é00: Density [sigma-theta, kg/m^3]
# name 13 = n2satML/L: Nitrogen Saturation [ml/l]
# name 14 = par: PAR/Irradiance, Biospherical/Licor
# name 15 = flag:  0.000e+00
# span 0 =          1,        570       
# span 1 = 109.868553, 109.870200       
# span 2 =    0.00000,    0.03951       
# span 3 =     0.0000,     2.3708       
# span 4 =      0.000,    142.250       
# span 5 =      0.079,     31.777       
# span 6 =    227.775,  51665.907       
# span 7 =     0.1021,    31.9037       
# span 8 =     3.7208,     4.2359       
# span 9 =      0.078,     31.477       
# span 10 =    7.35608,    9.23079      
# span 11 =     3.7208,     4.2358      
# span 12 =     0.0570,    25.3301      
# span 13 =   13.15630,   16.74807      
# span 14 = 6.0726e-01, 1.0245e+02      
# span 15 = 0.0000e+00, 0.0000e+00      
# interval = seconds: 0.25
# start_time = Apr 19 2013 20:50:43 [Instrument's time stamp, header]
# bad_flag = -9.990e-29
*END*
[from data line 362]
        363 109.869601    0.02514     1.5083     90.500      1.151  51525.502    31.8940     4.2321      1.141    7.35669     4.2319    25.2934   13.15729 3.2234e+01 0.0000e+00
        364 109.869604    0.02521     1.5125     90.750      1.146  51525.023    31.8937     4.2321      1.136    7.35669     4.2319    25.2931   13.15730 3.1653e+01 0.0000e+00
        365 109.869606    0.02528     1.5167     91.000      1.143  51525.190    31.8938     4.2320      1.133    7.35671     4.2320    25.2932   13.15732 3.1937e+01 0.0000e+00
        366 109.869609    0.02535     1.5208     91.250      1.144  51525.829    31.8942     4.2320      1.134    7.35670     4.2323    25.2935   13.15731 3.2341e+01 0.0000e+00
        367 109.869612    0.02542     1.5250     91.500      1.152  51526.492    31.8946     4.2321      1.141    7.35666     4.2329    25.2939   13.15723 3.2399e+01 0.0000e+00
        368 109.869615    0.02549     1.5292     91.750      1.172  51526.808    31.8949     4.2324      1.161    7.35657     4.2335    25.2941   13.15709 3.2148e+01 0.0000e+00
        369 109.869618    0.02556     1.5333     92.000      1.213  51526.811    31.8950     4.2330      1.202    7.35647     4.2341    25.2941   13.15692 3.1482e+01 0.0000e+00
        370 109.869621    0.02562     1.5375     92.250      1.283  51526.595    31.8950     4.2336      1.271    7.35636     4.2345    25.2940   13.15674 3.0223e+01 0.0000e+00
        371 109.869624    0.02569     1.5417     92.500      1.390  51526.005    31.8947     4.2342      1.377    7.35627     4.2347    25.2937   13.15659 2.8746e+01 0.0000e+00
        372 109.869627    0.02576     1.5458     92.750      1.535  51525.153    31.8941     4.2346      1.521    7.35622     4.2346    25.2933   13.15652 2.7476e+01 0.0000e+00
        373 109.869630    0.02583     1.5500     93.000      1.717  51524.437    31.8936     4.2348      1.701    7.35622     4.2342    25.2928   13.15652 2.6549e+01 0.0000e+00
        374 109.869633    0.02590     1.5542     93.250      1.929  51524.002    31.8932     4.2347      1.911    7.35626     4.2336    25.2925   13.15659 2.5749e+01 0.0000e+00
        375 109.869635    0.02597     1.5583     93.500      2.165  51523.801    31.8928     4.2343      2.146    7.35634     4.2329    25.2922   13.15672 2.4750e+01 0.0000e+00
        376 109.869638    0.02604     1.5625     93.750      2.418  51523.762    31.8926     4.2338      2.396    7.35645     4.2319    25.2920   13.15691 2.3561e+01 0.0000e+00
        377 109.869641    0.02611     1.5667     94.000      2.677  51523.638    31.8922     4.2330      2.652    7.35661     4.2307    25.2918   13.15717 2.2125e+01 0.0000e+00
        378 109.869644    0.02618     1.5708     94.250      2.932  51523.441    31.8917     4.2320      2.905    7.35680     4.2293    25.2915   13.15750 2.0648e+01 0.0000e+00
        379 109.869647    0.02625     1.5750     94.500      3.176  51523.812    31.8915     4.2308      3.146    7.35702     4.2279    25.2915   13.15787 1.9371e+01 0.0000e+00
        380 109.869650    0.02632     1.5792     94.750      3.402  51524.760    31.8917     4.2295      3.371    7.35726     4.2264    25.2918   13.15825 1.8115e+01 0.0000e+00
        381 109.869653    0.02639     1.5833     95.000      3.606  51525.125    31.8915     4.2282      3.573    7.35751     4.2242    25.2918   13.15866 1.7019e+01 0.0000e+00
        382 109.869656    0.02646     1.5875     95.250      3.789  51524.218    31.8905     4.2267      3.754    7.35783     4.2207    25.2911   13.15921 1.6318e+01 0.0000e+00
        383 109.869659    0.02653     1.5917     95.500      3.956  51521.933    31.8883     4.2245      3.918    7.35832     4.2148    25.2896   13.16006 1.5937e+01 0.0000e+00
        384 109.869661    0.02660     1.5958     95.750      4.111  51517.231    31.8842     4.2210      4.073    7.35915     4.2050    25.2867   13.16148 1.5744e+01 0.0000e+00
        385 109.869664    0.02667     1.6000     96.000      4.262  51509.734    31.8776     4.2151      4.222    7.36054     4.1900    25.2821   13.16385 1.5599e+01 0.0000e+00
        386 109.869667    0.02674     1.6042     96.250      4.413  51502.090    31.8699     4.2053      4.372    7.36267     4.1690    25.2770   13.16747 1.5339e+01 0.0000e+00
        387 109.869670    0.02681     1.6083     96.500      4.572  51496.479    31.8625     4.1903      4.529    7.36572     4.1408    25.2725   13.17260 1.4881e+01 0.0000e+00
        388 109.869673    0.02688     1.6125     96.750      4.744  51493.620    31.8555     4.1693      4.699    7.36983     4.1078    25.2690   13.17949 1.4270e+01 0.0000e+00
        389 109.869676    0.02694     1.6167     97.000      4.937  51497.102    31.8511     4.1412      4.891    7.37510     4.0767    25.2682   13.18824 1.3618e+01 0.0000e+00
        390 109.869679    0.02701     1.6208     97.250      5.148  51510.771    31.8524     4.1082      5.100    7.38096     4.0517    25.2725   13.19788 1.3007e+01 0.0000e+00
        391 109.869682    0.02708     1.6250     97.500      5.363  51532.344    31.8596     4.0770      5.313    7.38620     4.0330    25.2813   13.20643 1.2495e+01 0.0000e+00
        392 109.869685    0.02715     1.6292     97.750      5.576  51554.686    31.8688     4.0520      5.524    7.39022     4.0193    25.2910   13.21296 1.2118e+01 0.0000e+00
        393 109.869688    0.02722     1.6333     98.000      5.790  51572.528    31.8764     4.0334      5.736    7.39320     4.0087    25.2989   13.21777 1.1845e+01 0.0000e+00
        394 109.869690    0.02729     1.6375     98.250      6.006  51584.446    31.8812     4.0197      5.950    7.39543     3.9992    25.3040   13.22138 1.1622e+01 0.0000e+00
        395 109.869693    0.02736     1.6417     98.500      6.226  51590.591    31.8827     4.0091      6.168    7.39726     3.9895    25.3063   13.22439 1.1365e+01 0.0000e+00
        396 109.869696    0.02743     1.6458     98.750      6.449  51593.089    31.8820     3.9996      6.389    7.39899     3.9796    25.3066   13.22726 1.0996e+01 0.0000e+00
        397 109.869699    0.02750     1.6500     99.000      6.675  51596.777    31.8821     3.9899      6.613    7.40073     3.9705    25.3076   13.23013 1.0548e+01 0.0000e+00
        398 109.869702    0.02757     1.6542     99.250      6.902  51604.343    31.8848     3.9800      6.837    7.40239     3.9632    25.3107   13.23283 1.0101e+01 0.0000e+00
        399 109.869705    0.02764     1.6583     99.500      7.126  51613.530    31.8887     3.9710      7.060    7.40382     3.9575    25.3147   13.23513 9.6880e+00 0.0000e+00
        400 109.869708    0.02771     1.6625     99.750      7.346  51621.473    31.8923     3.9637      7.278    7.40496     3.9530    25.3183   13.23698 9.3293e+00 0.0000e+00
        401 109.869711    0.02778     1.6667    100.000      7.560  51627.265    31.8947     3.9580      7.490    7.40587     3.9492    25.3208   13.23844 9.0386e+00 0.0000e+00
        402 109.869714    0.02785     1.6708    100.250      7.768  51631.313    31.8963     3.9534      7.696    7.40661     3.9459    25.3224   13.23964 8.8101e+00 0.0000e+00
        403 109.869716    0.02792     1.6750    100.500      7.970  51634.425    31.8974     3.9496      7.896    7.40724     3.9430    25.3237   13.24066 8.6187e+00 0.0000e+00
        404 109.869719    0.02799     1.6792    100.750      8.166  51637.302    31.8985     3.9464      8.090    7.40778     3.9407    25.3248   13.24154 8.4327e+00 0.0000e+00
        405 109.869722    0.02806     1.6833    101.000      8.357  51640.304    31.8998     3.9435      8.278    7.40823     3.9391    25.3261   13.24226 8.2321e+00 0.0000e+00
        406 109.869725    0.02813     1.6875    101.250      8.542  51643.157    31.9011     3.9413      8.462    7.40857     3.9379    25.3273   13.24282 8.0245e+00 0.0000e+00
        407 109.869728    0.02819     1.6917    101.500      8.722  51645.408    31.9021     3.9396      8.640    7.40882     3.9372    25.3283   13.24321 7.8353e+00 0.0000e+00
        408 109.869731    0.02826     1.6958    101.750      8.897  51646.956    31.9028     3.9385      8.813    7.40899     3.9368    25.3290   13.24348 7.6804e+00 0.0000e+00
        409 109.869734    0.02833     1.7000    102.000      9.068  51647.968    31.9032     3.9378      8.983    7.40910     3.9365    25.3294   13.24365 7.5578e+00 0.0000e+00
        410 109.869737    0.02840     1.7042    102.250      9.237  51648.620    31.9035     3.9373      9.150    7.40916     3.9363    25.3297   13.24376 7.4551e+00 0.0000e+00
        411 109.869740    0.02847     1.7083    102.500      9.406  51649.035    31.9036     3.9371      9.317    7.40921     3.9361    25.3298   13.24383 7.3576e+00 0.0000e+00
        412 109.869742    0.02854     1.7125    102.750      9.577  51649.280    31.9037     3.9369      9.487    7.40923     3.9360    25.3299   13.24388 7.2538e+00 0.0000e+00
        413 109.869745    0.02861     1.7167    103.000      9.753  51649.392    31.9036     3.9368      9.662    7.40925     3.9360    25.3299   13.24392 7.1367e+00 0.0000e+00
        414 109.869748    0.02868     1.7208    103.250      9.938  51649.443    31.9035     3.9367      9.845    7.40927     3.9359    25.3298   13.24395 7.0030e+00 0.0000e+00
        415 109.869751    0.02875     1.7250    103.500     10.132  51649.499    31.9035     3.9366     10.037    7.40929     3.9359    25.3298   13.24397 6.8505e+00 0.0000e+00
        416 109.869754    0.02882     1.7292    103.750     10.338  51649.562    31.9034     3.9366     10.242    7.40930     3.9359    25.3297   13.24399 6.6800e+00 0.0000e+00
        417 109.869757    0.02889     1.7333    104.000     10.556  51649.671    31.9033     3.9365     10.458    7.40931     3.9358    25.3296   13.24401 6.4981e+00 0.0000e+00
        418 109.869760    0.02896     1.7375    104.250     10.785  51649.855    31.9033     3.9365     10.685    7.40931     3.9358    25.3296   13.24401 6.3140e+00 0.0000e+00
        419 109.869763    0.02903     1.7417    104.500     11.024  51650.085    31.9034     3.9365     10.921    7.40931     3.9358    25.3297   13.24401 6.1339e+00 0.0000e+00
        420 109.869766    0.02910     1.7458    104.750     11.268  51650.347    31.9034     3.9365     11.163    7.40931     3.9359    25.3297   13.24400 5.9613e+00 0.0000e+00
        421 109.869769    0.02917     1.7500    105.000     11.516  51650.633    31.9035     3.9365     11.408    7.40930     3.9360    25.3298   13.24398 5.7986e+00 0.0000e+00
        422 109.869771    0.02924     1.7542    105.250     11.762  51650.866    31.9036     3.9366     11.652    7.40928     3.9361    25.3298   13.24395 5.6473e+00 0.0000e+00
        423 109.869774    0.02931     1.7583    105.500     12.004  51650.925    31.9035     3.9368     11.892    7.40926     3.9362    25.3298   13.24392 5.5102e+00 0.0000e+00
        424 109.869777    0.02937     1.7625    105.750     12.238  51650.818    31.9034     3.9369     12.124    7.40924     3.9363    25.3296   13.24389 5.3895e+00 0.0000e+00
        425 109.869780    0.02944     1.7667    106.000     12.463  51650.629    31.9031     3.9371     12.346    7.40923     3.9362    25.3295   13.24387 5.2843e+00 0.0000e+00
        426 109.869783    0.02951     1.7708    106.250     12.674  51650.454    31.9029     3.9371     12.556    7.40923     3.9361    25.3293   13.24388 5.1906e+00 0.0000e+00
        427 109.869786    0.02958     1.7750    106.500     12.871  51650.390    31.9028     3.9370     12.751    7.40925     3.9359    25.3292   13.24391 5.1023e+00 0.0000e+00
        428 109.869789    0.02965     1.7792    106.750     13.052  51650.424    31.9027     3.9369     12.930    7.40927     3.9356    25.3291   13.24395 5.0133e+00 0.0000e+00
        429 109.869792    0.02972     1.7833    107.000     13.220  51650.431    31.9026     3.9368     13.096    7.40931     3.9353    25.3291   13.24402 4.9208e+00 0.0000e+00
        430 109.869795    0.02979     1.7875    107.250     13.376  51650.389    31.9024     3.9365     13.251    7.40937     3.9349    25.3289   13.24412 4.8259e+00 0.0000e+00
        431 109.869797    0.02986     1.7917    107.500     13.524  51650.403    31.9022     3.9362     13.397    7.40944     3.9345    25.3288   13.24423 4.7304e+00 0.0000e+00
        432 109.869800    0.02993     1.7958    107.750     13.668  51650.520    31.9021     3.9358     13.539    7.40951     3.9341    25.3288   13.24435 4.6356e+00 0.0000e+00
        433 109.869803    0.03000     1.8000    108.000     13.811  51650.837    31.9022     3.9354     13.681    7.40958     3.9339    25.3289   13.24447 4.5431e+00 0.0000e+00
        434 109.869806    0.03007     1.8042    108.250     13.958  51651.448    31.9024     3.9350     13.828    7.40964     3.9338    25.3291   13.24456 4.4547e+00 0.0000e+00
        435 109.869809    0.03014     1.8083    108.500     14.114  51652.239    31.9028     3.9348     13.981    7.40966     3.9340    25.3295   13.24460 4.3716e+00 0.0000e+00
        436 109.869812    0.03021     1.8125    108.750     14.280  51652.989    31.9033     3.9347     14.145    7.40965     3.9343    25.3298   13.24457 4.2939e+00 0.0000e+00
        437 109.869815    0.03028     1.8167    109.000     14.458  51653.471    31.9035     3.9349     14.322    7.40961     3.9347    25.3300   13.24449 4.2217e+00 0.0000e+00
        438 109.869818    0.03035     1.8208    109.250     14.651  51653.566    31.9036     3.9352     14.513    7.40954     3.9350    25.3300   13.24438 4.1526e+00 0.0000e+00
        439 109.869821    0.03042     1.8250    109.500     14.856  51653.341    31.9034     3.9356     14.717    7.40947     3.9353    25.3298   13.24427 4.0813e+00 0.0000e+00
        440 109.869823    0.03049     1.8292    109.750     15.072  51653.009    31.9032     3.9360     14.931    7.40942     3.9355    25.3296   13.24418 4.0019e+00 0.0000e+00
        441 109.869826    0.03056     1.8333    110.000     15.296  51652.749    31.9029     3.9363     15.153    7.40938     3.9356    25.3294   13.24412 3.9118e+00 0.0000e+00
        442 109.869829    0.03062     1.8375    110.250     15.525  51652.581    31.9028     3.9365     15.380    7.40935     3.9356    25.3292   13.24408 3.8123e+00 0.0000e+00
        443 109.869832    0.03069     1.8417    110.500     15.756  51652.477    31.9026     3.9366     15.608    7.40934     3.9356    25.3291   13.24407 3.7076e+00 0.0000e+00
        444 109.869835    0.03076     1.8458    110.750     15.985  51652.470    31.9025     3.9366     15.835    7.40934     3.9355    25.3290   13.24406 3.6021e+00 0.0000e+00
        445 109.869838    0.03083     1.8500    111.000     16.210  51652.577    31.9024     3.9366     16.058    7.40935     3.9354    25.3290   13.24407 3.4997e+00 0.0000e+00
        446 109.869841    0.03090     1.8542    111.250     16.429  51652.697    31.9024     3.9365     16.274    7.40936     3.9352    25.3289   13.24410 3.4028e+00 0.0000e+00
        447 109.869844    0.03097     1.8583    111.500     16.641  51652.777    31.9023     3.9364     16.484    7.40939     3.9350    25.3289   13.24414 3.3132e+00 0.0000e+00
        448 109.869847    0.03104     1.8625    111.750     16.845  51652.828    31.9022     3.9362     16.687    7.40942     3.9347    25.3288   13.24420 3.2316e+00 0.0000e+00
        449 109.869850    0.03111     1.8667    112.000     17.043  51652.785    31.9020     3.9360     16.883    7.40947     3.9344    25.3287   13.24428 3.1574e+00 0.0000e+00
        450 109.869852    0.03118     1.8708    112.250     17.235  51652.798    31.9019     3.9357     17.073    7.40952     3.9340    25.3286   13.24437 3.0895e+00 0.0000e+00
        451 109.869855    0.03125     1.8750    112.500     17.421  51653.051    31.9019     3.9354     17.257    7.40958     3.9337    25.3287   13.24447 3.0267e+00 0.0000e+00
