CTD-processing/allCTD/CNV--turbid/2013_11-06_t6_s25_cast149.cnv
* Sea-Bird SBE19plus Data File:
* FileName = C:\Users\kris.holderied\Documents\kasitsna\Research-Projects-and-Data\Oceanography-AK\CTD-CookInlet-GulfWatchAK\2013-10-11-EVOSTC-CookInlet-Ocean\2013-11-06-CookInlet-Tran6-Douglas\2013-11-06-CookInlet-Tran6-cast149.hex
* Software Version 1.59
* Temperature SN =  5028
* Conductivity SN =  5028
* System UpLoad Time = Feb 14 2014 17:28:47
** Cook Inlet Transect 6 (Douglas) east to west
** Date: 2013-11-06
** Station: 6-25
** Start time: 15:32
** Depth (m): 180
** Comment:  CTD instrument time is AK Daylight time *1 hour off*
** Comment:
# nquan = 16
# nvalues = 785                         
# units = specified
# name 0 = scan: Scan Count
# name 1 = timeJ: Julian Days
# name 2 = timeH: Time, Elapsed [hours]
# name 3 = timeM: Time, Elapsed [minutes]
# name 4 = timeS: Time, Elapsed [seconds]
# name 5 = prdM: Pressure, Strain Gauge [db]
# name 6 = specc: Specific Conductance [uS/cm]
# name 7 = sal00: Salinity, Practical [PSU]
# name 8 = tv290C: Temperature [ITS-90, deg C]
# name 9 = depSM: Depth [salt water, m], lat = 59.00
# name 10 = oxsolML/L: Oxygen Saturation, Garcia & Gordon [ml/l]
# name 11 = potemp090C: Potential Temperature [ITS-90, deg C]
# name 12 = sigma-é00: Density [sigma-theta, kg/m^3]
# name 13 = n2satML/L: Nitrogen Saturation [ml/l]
# name 14 = par: PAR/Irradiance, Biospherical/Licor
# name 15 = flag:  0.000e+00
# span 0 =          1,        785       
# span 1 = 310.689028, 310.691296       
# span 2 =    0.00000,    0.05444       
# span 3 =     0.0000,     3.2667       
# span 4 =      0.000,    196.000       
# span 5 =     -0.036,    170.579       
# span 6 =   2466.872,  52217.199       
# span 7 =     1.2440,    32.7340       
# span 8 =     5.5742,     9.1525       
# span 9 =     -0.036,    168.915       
# span 10 =    6.60149,    8.73334      
# span 11 =     5.5774,     9.1458      
# span 12 =     0.9479,    25.7283      
# span 13 =   11.92032,   15.89462      
# span 14 = 3.8951e-02, 6.0901e+01      
# span 15 = 0.0000e+00, 0.0000e+00      
# interval = seconds: 0.25
# start_time = Nov 06 2013 16:32:12 [Instrument's time stamp, header]
# bad_flag = -9.990e-29
*END*
[from data line 272]
        273 310.689815    0.01889     1.1333     68.000      1.635  47202.455    29.6218     8.0006      1.620    6.83514     8.0084    23.0533   12.32409 1.6986e+01 0.0000e+00
        274 310.689818    0.01896     1.1375     68.250      1.731  47200.225    29.6209     8.0052      1.715    6.83447     8.0110    23.0519   12.32299 1.6963e+01 0.0000e+00
        275 310.689821    0.01903     1.1417     68.500      1.818  47199.380    29.6208     8.0085      1.801    6.83396     8.0131    23.0514   12.32214 1.7079e+01 0.0000e+00
        276 310.689823    0.01910     1.1458     68.750      1.890  47198.827    29.6207     8.0111      1.872    6.83355     8.0147    23.0510   12.32147 1.7343e+01 0.0000e+00
        277 310.689826    0.01917     1.1500     69.000      1.944  47198.095    29.6205     8.0132      1.926    6.83323     8.0158    23.0505   12.32095 1.7762e+01 0.0000e+00
        278 310.689829    0.01924     1.1542     69.250      1.979  47196.722    29.6198     8.0148      1.960    6.83301     8.0161    23.0497   12.32059 1.8324e+01 0.0000e+00
        279 310.689832    0.01931     1.1583     69.500      1.994  47194.090    29.6181     8.0159      1.976    6.83292     8.0154    23.0483   12.32045 1.9008e+01 0.0000e+00
        280 310.689835    0.01938     1.1625     69.750      1.991  47190.637    29.6158     8.0162      1.973    6.83298     8.0140    23.0464   12.32058 1.9778e+01 0.0000e+00
        281 310.689838    0.01944     1.1667     70.000      1.969  47188.007    29.6139     8.0156      1.951    6.83317     8.0123    23.0450   12.32092 2.0569e+01 0.0000e+00
        282 310.689841    0.01951     1.1708     70.250      1.929  47186.893    29.6129     8.0142      1.910    6.83343     8.0107    23.0444   12.32136 2.1305e+01 0.0000e+00
        283 310.689844    0.01958     1.1750     70.500      1.870  47186.614    29.6125     8.0125      1.852    6.83371     8.0092    23.0443   12.32183 2.1911e+01 0.0000e+00
        284 310.689847    0.01965     1.1792     70.750      1.797  47186.693    29.6123     8.0109      1.780    6.83397     8.0079    23.0444   12.32227 2.2331e+01 0.0000e+00
        285 310.689850    0.01972     1.1833     71.000      1.714  47187.041    29.6124     8.0094      1.698    6.83420     8.0069    23.0446   12.32265 2.2542e+01 0.0000e+00
        286 310.689852    0.01979     1.1875     71.250      1.629  47187.448    29.6125     8.0081      1.614    6.83439     8.0060    23.0449   12.32296 2.2489e+01 0.0000e+00
        287 310.689855    0.01986     1.1917     71.500      1.549  47187.733    29.6126     8.0070      1.535    6.83455     8.0052    23.0452   12.32323 2.2178e+01 0.0000e+00
        288 310.689858    0.01993     1.1958     71.750      1.482  47187.842    29.6126     8.0061      1.468    6.83470     8.0045    23.0453   12.32346 2.1777e+01 0.0000e+00
        289 310.689861    0.02000     1.2000     72.000      1.433  47187.810    29.6124     8.0053      1.420    6.83482     8.0040    23.0453   12.32368 2.1409e+01 0.0000e+00
        290 310.689864    0.02007     1.2042     72.250      1.408  47187.857    29.6124     8.0047      1.395    6.83493     8.0036    23.0453   12.32386 2.1000e+01 0.0000e+00
        291 310.689867    0.02014     1.2083     72.500      1.411  47188.196    29.6126     8.0041      1.398    6.83501     8.0035    23.0455   12.32399 2.0455e+01 0.0000e+00
        292 310.689870    0.02021     1.2125     72.750      1.448  47188.893    29.6130     8.0037      1.434    6.83505     8.0036    23.0459   12.32405 1.9747e+01 0.0000e+00
        293 310.689873    0.02028     1.2167     73.000      1.526  47189.834    29.6136     8.0036      1.511    6.83505     8.0040    23.0464   12.32403 1.8820e+01 0.0000e+00
        294 310.689876    0.02035     1.2208     73.250      1.656  47190.959    29.6143     8.0037      1.641    6.83499     8.0047    23.0470   12.32394 1.7604e+01 0.0000e+00
        295 310.689878    0.02042     1.2250     73.500      1.855  47192.518    29.6154     8.0041      1.837    6.83488     8.0059    23.0477   12.32374 1.6138e+01 0.0000e+00
        296 310.689881    0.02049     1.2292     73.750      2.130  47194.716    29.6169     8.0049      2.110    6.83470     8.0076    23.0488   12.32341 1.4557e+01 0.0000e+00
        297 310.689884    0.02056     1.2333     74.000      2.475  47197.069    29.6186     8.0061      2.452    6.83443     8.0098    23.0500   12.32295 1.3000e+01 0.0000e+00
        298 310.689887    0.02063     1.2375     74.250      2.869  47199.405    29.6203     8.0078      2.842    6.83408     8.0128    23.0511   12.32236 1.1579e+01 0.0000e+00
        299 310.689890    0.02069     1.2417     74.500      3.286  47203.154    29.6230     8.0100      3.255    6.83362     8.0169    23.0529   12.32155 1.0360e+01 0.0000e+00
        300 310.689893    0.02076     1.2458     74.750      3.702  47208.582    29.6270     8.0130      3.668    6.83297     8.0219    23.0556   12.32043 9.3584e+00 0.0000e+00
        301 310.689896    0.02083     1.2500     75.000      4.099  47213.218    29.6307     8.0172      4.061    6.83216     8.0273    23.0579   12.31905 8.5453e+00 0.0000e+00
        302 310.689899    0.02090     1.2542     75.250      4.470  47215.188    29.6326     8.0223      4.428    6.83128     8.0324    23.0588   12.31756 7.8766e+00 0.0000e+00
        303 310.689902    0.02097     1.2583     75.500      4.813  47215.347    29.6334     8.0277      4.767    6.83040     8.0370    23.0586   12.31610 7.3204e+00 0.0000e+00
        304 310.689905    0.02104     1.2625     75.750      5.128  47214.414    29.6334     8.0329      5.080    6.82960     8.0405    23.0579   12.31478 6.8562e+00 0.0000e+00
        305 310.689907    0.02111     1.2667     76.000      5.420  47211.632    29.6320     8.0374      5.369    6.82896     8.0429    23.0562   12.31373 6.4616e+00 0.0000e+00
        306 310.689910    0.02118     1.2708     76.250      5.691  47208.547    29.6302     8.0410      5.638    6.82849     8.0448    23.0544   12.31297 6.1150e+00 0.0000e+00
        307 310.689913    0.02125     1.2750     76.500      5.949  47207.961    29.6301     8.0434      5.894    6.82812     8.0470    23.0539   12.31237 5.8007e+00 0.0000e+00
        308 310.689916    0.02132     1.2792     76.750      6.200  47210.364    29.6319     8.0453      6.142    6.82774     8.0502    23.0551   12.31171 5.5071e+00 0.0000e+00
        309 310.689919    0.02139     1.2833     77.000      6.451  47215.345    29.6356     8.0476      6.391    6.82723     8.0551    23.0577   12.31081 5.2275e+00 0.0000e+00
        310 310.689922    0.02146     1.2875     77.250      6.708  47223.179    29.6414     8.0508      6.646    6.82647     8.0620    23.0618   12.30948 4.9569e+00 0.0000e+00
        311 310.689925    0.02153     1.2917     77.500      6.977  47234.105    29.6495     8.0557      6.912    6.82535     8.0711    23.0675   12.30753 4.6916e+00 0.0000e+00
        312 310.689928    0.02160     1.2958     77.750      7.262  47245.680    29.6585     8.0627      7.195    6.82387     8.0816    23.0735   12.30496 4.4297e+00 0.0000e+00
        313 310.689931    0.02167     1.3000     78.000      7.566  47255.411    29.6664     8.0718      7.496    6.82210     8.0930    23.0785   12.30193 4.1695e+00 0.0000e+00
        314 310.689933    0.02174     1.3042     78.250      7.892  47264.258    29.6740     8.0823      7.819    6.82014     8.1046    23.0830   12.29858 3.9094e+00 0.0000e+00
        315 310.689936    0.02181     1.3083     78.500      8.242  47271.849    29.6808     8.0937      8.165    6.81807     8.1159    23.0867   12.29508 3.6503e+00 0.0000e+00
        316 310.689939    0.02187     1.3125     78.750      8.614  47276.646    29.6857     8.1054      8.533    6.81604     8.1261    23.0889   12.29166 3.3941e+00 0.0000e+00
        317 310.689942    0.02194     1.3167     79.000      9.009  47279.618    29.6892     8.1167      8.925    6.81414     8.1349    23.0901   12.28846 3.1421e+00 0.0000e+00
        318 310.689945    0.02201     1.3208     79.250      9.426  47280.660    29.6912     8.1270      9.338    6.81245     8.1416    23.0903   12.28565 2.8961e+00 0.0000e+00
        319 310.689948    0.02208     1.3250     79.500      9.861  47277.735    29.6903     8.1358      9.769    6.81113     8.1457    23.0883   12.28346 2.6590e+00 0.0000e+00
        320 310.689951    0.02215     1.3292     79.750     10.308  47271.108    29.6865     8.1425     10.212    6.81025     8.1473    23.0844   12.28206 2.4341e+00 0.0000e+00
        321 310.689954    0.02222     1.3333     80.000     10.759  47264.167    29.6821     8.1467     10.658    6.80980     8.1469    23.0804   12.28138 2.2259e+00 0.0000e+00
        322 310.689957    0.02229     1.3375     80.250     11.200  47257.778    29.6777     8.1484     11.095    6.80974     8.1443    23.0767   12.28132 2.0397e+00 0.0000e+00
        323 310.689959    0.02236     1.3417     80.500     11.621  47249.311    29.6716     8.1480     11.512    6.81007     8.1404    23.0720   12.28195 1.8793e+00 0.0000e+00
        324 310.689962    0.02243     1.3458     80.750     12.011  47243.637    29.6671     8.1454     11.898    6.81066     8.1380    23.0688   12.28299 1.7450e+00 0.0000e+00
        325 310.689965    0.02250     1.3500     81.000     12.363  47250.491    29.6712     8.1415     12.248    6.81109     8.1397    23.0726   12.28364 1.6348e+00 0.0000e+00
        326 310.689968    0.02257     1.3542     81.250     12.678  47267.842    29.6828     8.1392     12.559    6.81094     8.1450    23.0820   12.28324 1.5454e+00 0.0000e+00
        327 310.689971    0.02264     1.3583     81.500     12.957  47282.974    29.6934     8.1409     12.835    6.81019     8.1515    23.0901   12.28188 1.4726e+00 0.0000e+00
        328 310.689974    0.02271     1.3625     81.750     13.207  47289.274    29.6984     8.1463     13.083    6.80914     8.1573    23.0933   12.28009 1.4120e+00 0.0000e+00
        329 310.689977    0.02278     1.3667     82.000     13.438  47289.761    29.6996     8.1528     13.311    6.80809     8.1619    23.0933   12.27832 1.3591e+00 0.0000e+00
        330 310.689980    0.02285     1.3708     82.250     13.660  47287.870    29.6991     8.1586     13.532    6.80721     8.1651    23.0920   12.27687 1.3099e+00 0.0000e+00
        331 310.689983    0.02292     1.3750     82.500     13.887  47285.190    29.6978     8.1632     13.757    6.80656     8.1672    23.0904   12.27581 1.2612e+00 0.0000e+00
        332 310.689986    0.02299     1.3792     82.750     14.128  47282.937    29.6966     8.1664     13.996    6.80611     8.1685    23.0890   12.27509 1.2103e+00 0.0000e+00
        333 310.689988    0.02306     1.3833     83.000     14.395  47281.659    29.6959     8.1685     14.260    6.80582     8.1695    23.0882   12.27460 1.1553e+00 0.0000e+00
        334 310.689991    0.02313     1.3875     83.250     14.696  47281.198    29.6956     8.1699     14.557    6.80562     8.1701    23.0878   12.27427 1.0952e+00 0.0000e+00
        335 310.689994    0.02319     1.3917     83.500     15.035  47281.193    29.6956     8.1709     14.894    6.80547     8.1706    23.0876   12.27403 1.0301e+00 0.0000e+00
        336 310.689997    0.02326     1.3958     83.750     15.416  47281.517    29.6957     8.1716     15.271    6.80536     8.1711    23.0877   12.27384 9.6117e-01 0.0000e+00
        337 310.690000    0.02333     1.4000     84.000     15.835  47282.226    29.6961     8.1721     15.686    6.80525     8.1717    23.0879   12.27366 8.9039e-01 0.0000e+00
        338 310.690003    0.02340     1.4042     84.250     16.286  47283.382    29.6968     8.1727     16.133    6.80513     8.1725    23.0884   12.27346 8.1982e-01 0.0000e+00
        339 310.690006    0.02347     1.4083     84.500     16.761  47285.077    29.6979     8.1733     16.604    6.80499     8.1736    23.0891   12.27321 7.5126e-01 0.0000e+00
        340 310.690009    0.02354     1.4125     84.750     17.251  47287.525    29.6995     8.1741     17.089    6.80479     8.1753    23.0903   12.27286 6.8640e-01 0.0000e+00
        341 310.690012    0.02361     1.4167     85.000     17.749  47291.177    29.7020     8.1753     17.582    6.80450     8.1776    23.0921   12.27234 6.2632e-01 0.0000e+00
        342 310.690014    0.02368     1.4208     85.250     18.244  47295.737    29.7052     8.1770     18.073    6.80410     8.1803    23.0944   12.27163 5.7161e-01 0.0000e+00
        343 310.690017    0.02375     1.4250     85.500     18.728  47299.906    29.7082     8.1793     18.552    6.80360     8.1832    23.0964   12.27077 5.2281e-01 0.0000e+00
        344 310.690020    0.02382     1.4292     85.750     19.192  47303.389    29.7109     8.1821     19.011    6.80305     8.1861    23.0981   12.26984 4.8031e-01 0.0000e+00
        345 310.690023    0.02389     1.4333     86.000     19.625  47306.634    29.7134     8.1851     19.440    6.80249     8.1887    23.0997   12.26887 4.4391e-01 0.0000e+00
        346 310.690026    0.02396     1.4375     86.250     20.023  47309.256    29.7154     8.1879     19.835    6.80195     8.1911    23.1009   12.26795 4.1294e-01 0.0000e+00
        347 310.690029    0.02403     1.4417     86.500     20.387  47310.867    29.7168     8.1906     20.195    6.80147     8.1930    23.1016   12.26715 3.8657e-01 0.0000e+00
        348 310.690032    0.02410     1.4458     86.750     20.720  47311.884    29.7177     8.1930     20.525    6.80107     8.1947    23.1020   12.26647 3.6398e-01 0.0000e+00
        349 310.690035    0.02417     1.4500     87.000     21.026  47313.055    29.7186     8.1950     20.828    6.80072     8.1961    23.1024   12.26588 3.4437e-01 0.0000e+00
        350 310.690038    0.02424     1.4542     87.250     21.311  47314.861    29.7200     8.1966     21.111    6.80041     8.1976    23.1033   12.26534 3.2704e-01 0.0000e+00
        351 310.690041    0.02431     1.4583     87.500     21.584  47317.234    29.7217     8.1981     21.381    6.80010     8.1990    23.1044   12.26480 3.1131e-01 0.0000e+00
        352 310.690043    0.02438     1.4625     87.750     21.852  47319.531    29.7234     8.1996     21.647    6.79980     8.2003    23.1055   12.26428 2.9658e-01 0.0000e+00
        353 310.690046    0.02444     1.4667     88.000     22.123  47321.245    29.7247     8.2010     21.915    6.79952     8.2015    23.1063   12.26381 2.8249e-01 0.0000e+00
        354 310.690049    0.02451     1.4708     88.250     22.403  47322.944    29.7260     8.2023     22.192    6.79926     8.2028    23.1071   12.26336 2.6876e-01 0.0000e+00
        355 310.690052    0.02458     1.4750     88.500     22.696  47325.794    29.7281     8.2036     22.483    6.79898     8.2044    23.1086   12.26287 2.5521e-01 0.0000e+00
        356 310.690055    0.02465     1.4792     88.750     23.009  47330.697    29.7315     8.2049     22.793    6.79862     8.2068    23.1111   12.26224 2.4172e-01 0.0000e+00
        357 310.690058    0.02472     1.4833     89.000     23.345  47338.589    29.7371     8.2066     23.126    6.79811     8.2102    23.1153   12.26133 2.2830e-01 0.0000e+00
        358 310.690061    0.02479     1.4875     89.250     23.707  47350.151    29.7453     8.2090     23.484    6.79738     8.2146    23.1214   12.26001 2.1490e-01 0.0000e+00
        359 310.690064    0.02486     1.4917     89.500     24.096  47362.985    29.7546     8.2125     23.870    6.79644     8.2194    23.1282   12.25834 2.0150e-01 0.0000e+00
        360 310.690067    0.02493     1.4958     89.750     24.513  47373.014    29.7620     8.2169     24.283    6.79542     8.2239    23.1334   12.25657 1.8826e-01 0.0000e+00
        361 310.690069    0.02500     1.5000     90.000     24.957  47379.471    29.7670     8.2217     24.722    6.79446     8.2278    23.1366   12.25491 1.7536e-01 0.0000e+00
