CTD-processing/allCTD/CNV--turbid/2013_07-05_t9andtutka_s03_cast211.cnv
* Sea-Bird SBE19plus Data File:
* FileName = C:\Documents and Settings\kbayadmin\My Documents\CTD data\2013-07-05 Kachemak Bay Homer Spit Line and Tutka Bay\2013-07-05 Kachemak Bay Homer Spit Line and Tutka Bay cast211.hex
* Software Version 1.59
* Temperature SN =  5028
* Conductivity SN =  5028
* System UpLoad Time = Jul 06 2013 11:58:39
** Kachemak Bay Homer Spit Line and Tutka Bay
** 2013-07-05
** Station:9.03
** N':59 34.475
** W':-151 22.107
** Start Time:1545
** Depth(ft):300
# nquan = 16
# nvalues = 815                         
# units = specified
# name 0 = scan: Scan Count
# name 1 = timeJ: Julian Days
# name 2 = timeH: Time, Elapsed [hours]
# name 3 = timeM: Time, Elapsed [minutes]
# name 4 = timeS: Time, Elapsed [seconds]
# name 5 = prdM: Pressure, Strain Gauge [db]
# name 6 = specc: Specific Conductance [uS/cm]
# name 7 = sal00: Salinity, Practical [PSU]
# name 8 = tv290C: Temperature [ITS-90, deg C]
# name 9 = depSM: Depth [salt water, m], lat = 59.00
# name 10 = oxsolML/L: Oxygen Saturation, Garcia & Gordon [ml/l]
# name 11 = potemp090C: Potential Temperature [ITS-90, deg C]
# name 12 = sigma-é00: Density [sigma-theta, kg/m^3]
# name 13 = n2satML/L: Nitrogen Saturation [ml/l]
# name 14 = par: PAR/Irradiance, Biospherical/Licor
# name 15 = flag:  0.000e+00
# span 0 =          1,        815       
# span 1 = 186.656597, 186.658953       
# span 2 =    0.00000,    0.05653       
# span 3 =     0.0000,     3.3917       
# span 4 =      0.000,    203.500       
# span 5 =     -0.002,     88.986       
# span 6 =    253.569,  50887.061       
# span 7 =     0.1181,    31.7616       
# span 8 =     5.8285,    11.2449       
# span 9 =     -0.002,     88.135       
# span 10 =    6.61582,    8.15255      
# span 11 =     5.8216,    11.2448      
# span 12 =    -0.0975,    25.0154      
# span 13 =   12.00378,   14.93452      
# span 14 = 4.7396e-02, 4.0748e+02      
# span 15 = 0.0000e+00, 0.0000e+00      
# interval = seconds: 0.25
# start_time = Jul 05 2013 15:45:30 [Instrument's time stamp, header]
# bad_flag = -9.990e-29
*END*
[from data line 633]
        634 186.658429    0.04396     2.6375    158.250     45.772  50560.535    31.7484     6.8536     45.339    6.92038     6.8497    24.8779   12.43854 1.1670e-01 0.0000e+00
        635 186.658432    0.04403     2.6417    158.500     46.009  50562.943    31.7499     6.8534     45.574    6.92035     6.8503    24.8791   12.43846 1.1413e-01 0.0000e+00
        636 186.658435    0.04410     2.6458    158.750     46.247  50564.559    31.7509     6.8537     45.809    6.92025     6.8511    24.8799   12.43828 1.1166e-01 0.0000e+00
        637 186.658437    0.04417     2.6500    159.000     46.486  50565.566    31.7516     6.8543     46.046    6.92011     6.8520    24.8804   12.43804 1.0929e-01 0.0000e+00
        638 186.658440    0.04424     2.6542    159.250     46.726  50566.273    31.7522     6.8551     46.283    6.91995     6.8528    24.8807   12.43778 1.0701e-01 0.0000e+00
        639 186.658443    0.04431     2.6583    159.500     46.968  50566.607    31.7525     6.8560     46.523    6.91979     6.8534    24.8808   12.43751 1.0481e-01 0.0000e+00
        640 186.658446    0.04437     2.6625    159.750     47.211  50566.414    31.7524     6.8569     46.764    6.91967     6.8538    24.8807   12.43730 1.0268e-01 0.0000e+00
        641 186.658449    0.04444     2.6667    160.000     47.454  50565.947    31.7521     6.8575     47.006    6.91958     6.8538    24.8803   12.43717 1.0063e-01 0.0000e+00
        642 186.658452    0.04451     2.6708    160.250     47.697  50565.449    31.7517     6.8578     47.246    6.91955     6.8536    24.8800   12.43712 9.8663e-02 0.0000e+00
        643 186.658455    0.04458     2.6750    160.500     47.940  50565.186    31.7514     6.8579     47.486    6.91955     6.8534    24.8798   12.43713 9.6778e-02 0.0000e+00
        644 186.658458    0.04465     2.6792    160.750     48.183  50565.323    31.7513     6.8578     47.727    6.91958     6.8532    24.8797   12.43717 9.4960e-02 0.0000e+00
        645 186.658461    0.04472     2.6833    161.000     48.426  50565.618    31.7513     6.8576     47.968    6.91961     6.8530    24.8798   12.43722 9.3211e-02 0.0000e+00
        646 186.658464    0.04479     2.6875    161.250     48.670  50565.780    31.7513     6.8574     48.209    6.91964     6.8527    24.8798   12.43727 9.1535e-02 0.0000e+00
        647 186.658466    0.04486     2.6917    161.500     48.915  50565.709    31.7511     6.8572     48.452    6.91968     6.8521    24.8796   12.43734 8.9917e-02 0.0000e+00
        648 186.658469    0.04493     2.6958    161.750     49.161  50565.249    31.7506     6.8569     48.696    6.91974     6.8511    24.8793   12.43745 8.8343e-02 0.0000e+00
        649 186.658472    0.04500     2.7000    162.000     49.409  50564.227    31.7497     6.8564     48.941    6.91987     6.8494    24.8787   12.43767 8.6813e-02 0.0000e+00
        650 186.658475    0.04507     2.7042    162.250     49.659  50563.183    31.7487     6.8554     49.189    6.92008     6.8473    24.8780   12.43804 8.5325e-02 0.0000e+00
        651 186.658478    0.04514     2.7083    162.500     49.913  50562.993    31.7482     6.8537     49.440    6.92037     6.8448    24.8778   12.43852 8.3875e-02 0.0000e+00
        652 186.658481    0.04521     2.7125    162.750     50.169  50563.509    31.7481     6.8516     49.695    6.92071     6.8419    24.8779   12.43909 8.2469e-02 0.0000e+00
        653 186.658484    0.04528     2.7167    163.000     50.428  50564.217    31.7480     6.8492     49.951    6.92111     6.8387    24.8782   12.43974 8.1121e-02 0.0000e+00
        654 186.658487    0.04535     2.7208    163.250     50.687  50565.520    31.7483     6.8463     50.207    6.92156     6.8355    24.8788   12.44047 7.9837e-02 0.0000e+00
        655 186.658490    0.04542     2.7250    163.500     50.947  50567.856    31.7492     6.8431     50.465    6.92202     6.8327    24.8799   12.44124 7.8606e-02 0.0000e+00
        656 186.658492    0.04549     2.7292    163.750     51.209  50570.693    31.7505     6.8400     50.724    6.92247     6.8303    24.8814   12.44196 7.7414e-02 0.0000e+00
        657 186.658495    0.04556     2.7333    164.000     51.473  50573.194    31.7516     6.8372     50.986    6.92286     6.8282    24.8826   12.44260 7.6255e-02 0.0000e+00
        658 186.658498    0.04562     2.7375    164.250     51.739  50574.908    31.7522     6.8348     51.249    6.92321     6.8261    24.8834   12.44317 7.5131e-02 0.0000e+00
        659 186.658501    0.04569     2.7417    164.500     52.007  50575.628    31.7522     6.8327     51.514    6.92355     6.8236    24.8837   12.44372 7.4062e-02 0.0000e+00
        660 186.658504    0.04576     2.7458    164.750     52.275  50575.321    31.7515     6.8306     51.780    6.92392     6.8204    24.8834   12.44434 7.3056e-02 0.0000e+00
        661 186.658507    0.04583     2.7500    165.000     52.543  50573.987    31.7500     6.8282     52.045    6.92438     6.8159    24.8825   12.44512 7.2091e-02 0.0000e+00
        662 186.658510    0.04590     2.7542    165.250     52.811  50571.185    31.7473     6.8250     52.311    6.92501     6.8093    24.8808   12.44620 7.1151e-02 0.0000e+00
        663 186.658513    0.04597     2.7583    165.500     53.080  50566.204    31.7429     6.8205     52.577    6.92593     6.7997    24.8780   12.44777 7.0249e-02 0.0000e+00
        664 186.658516    0.04604     2.7625    165.750     53.350  50558.993    31.7366     6.8139     52.844    6.92728     6.7866    24.8739   12.45008 6.9403e-02 0.0000e+00
        665 186.658519    0.04611     2.7667    166.000     53.619  50551.019    31.7292     6.8043     53.111    6.92915     6.7703    24.8693   12.45327 6.8603e-02 0.0000e+00
        666 186.658521    0.04618     2.7708    166.250     53.886  50545.053    31.7226     6.7912     53.376    6.93156     6.7523    24.8657   12.45733 6.7843e-02 0.0000e+00
        667 186.658524    0.04625     2.7750    166.500     54.151  50543.919    31.7187     6.7749     53.638    6.93435     6.7343    24.8648   12.46199 6.7113e-02 0.0000e+00
        668 186.658527    0.04632     2.7792    166.750     54.414  50548.806    31.7187     6.7569     53.898    6.93725     6.7179    24.8671   12.46679 6.6416e-02 0.0000e+00
        669 186.658530    0.04639     2.7833    167.000     54.674  50557.470    31.7213     6.7389     54.156    6.94002     6.7033    24.8714   12.47133 6.5752e-02 0.0000e+00
        670 186.658533    0.04646     2.7875    167.250     54.934  50566.001    31.7241     6.7225     54.413    6.94253     6.6900    24.8758   12.47544 6.5114e-02 0.0000e+00
        671 186.658536    0.04653     2.7917    167.500     55.193  50572.264    31.7257     6.7079     54.670    6.94480     6.6773    24.8789   12.47918 6.4499e-02 0.0000e+00
        672 186.658539    0.04660     2.7958    167.750     55.453  50576.015    31.7257     6.6947     54.927    6.94694     6.6643    24.8806   12.48271 6.3902e-02 0.0000e+00
        673 186.658542    0.04667     2.8000    168.000     55.715  50577.218    31.7241     6.6820     55.186    6.94906     6.6498    24.8810   12.48623 6.3321e-02 0.0000e+00
        674 186.658545    0.04674     2.8042    168.250     55.978  50574.482    31.7197     6.6691     55.447    6.95135     6.6324    24.8792   12.49007 6.2756e-02 0.0000e+00
        675 186.658547    0.04681     2.8083    168.500     56.244  50567.717    31.7123     6.6546     55.710    6.95403     6.6123    24.8752   12.49459 6.2210e-02 0.0000e+00
        676 186.658550    0.04688     2.8125    168.750     56.512  50563.100    31.7057     6.6372     55.976    6.95714     6.5922    24.8722   12.49982 6.1689e-02 0.0000e+00
        677 186.658553    0.04694     2.8167    169.000     56.783  50567.379    31.7049     6.6171     56.244    6.96042     6.5743    24.8741   12.50525 6.1184e-02 0.0000e+00
        678 186.658556    0.04701     2.8208    169.250     57.056  50578.527    31.7088     6.5970     56.515    6.96349     6.5594    24.8797   12.51028 6.0690e-02 0.0000e+00
        679 186.658559    0.04708     2.8250    169.500     57.331  50590.397    31.7136     6.5792     56.786    6.96616     6.5467    24.8858   12.51464 6.0208e-02 0.0000e+00
        680 186.658562    0.04715     2.8292    169.750     57.605  50599.433    31.7170     6.5642     57.058    6.96843     6.5350    24.8903   12.51834 5.9741e-02 0.0000e+00
        681 186.658565    0.04722     2.8333    170.000     57.878  50603.942    31.7176     6.5515     57.329    6.97045     6.5226    24.8925   12.52167 5.9291e-02 0.0000e+00
        682 186.658568    0.04729     2.8375    170.250     58.150  50603.221    31.7148     6.5399     57.598    6.97247     6.5080    24.8917   12.52505 5.8865e-02 0.0000e+00
        683 186.658571    0.04736     2.8417    170.500     58.418  50597.912    31.7087     6.5275     57.864    6.97476     6.4905    24.8885   12.52891 5.8466e-02 0.0000e+00
        684 186.658573    0.04743     2.8458    170.750     58.683  50591.604    31.7015     6.5129     58.126    6.97747     6.4710    24.8846   12.53348 5.8096e-02 0.0000e+00
        685 186.658576    0.04750     2.8500    171.000     58.945  50589.228    31.6965     6.4954     58.385    6.98054     6.4509    24.8829   12.53862 5.7745e-02 0.0000e+00
        686 186.658579    0.04757     2.8542    171.250     59.204  50591.557    31.6943     6.4760     58.642    6.98381     6.4308    24.8836   12.54404 5.7407e-02 0.0000e+00
        687 186.658582    0.04764     2.8583    171.500     59.461  50595.997    31.6935     6.4559     58.896    6.98711     6.4108    24.8855   12.54952 5.7077e-02 0.0000e+00
        688 186.658585    0.04771     2.8625    171.750     59.716  50600.160    31.6925     6.4358     59.149    6.99043     6.3905    24.8872   12.55500 5.6748e-02 0.0000e+00
        689 186.658588    0.04778     2.8667    172.000     59.969  50603.406    31.6909     6.4158     59.400    6.99377     6.3706    24.8884   12.56055 5.6424e-02 0.0000e+00
        690 186.658591    0.04785     2.8708    172.250     60.219  50608.593    31.6905     6.3955     59.648    6.99710     6.3524    24.8907   12.56605 5.6120e-02 0.0000e+00
        691 186.658594    0.04792     2.8750    172.500     60.466  50618.214    31.6933     6.3756     59.892    7.00022     6.3373    24.8954   12.57117 5.5846e-02 0.0000e+00
        692 186.658597    0.04799     2.8792    172.750     60.707  50630.980    31.6986     6.3574     60.131    7.00294     6.3256    24.9018   12.57559 5.5590e-02 0.0000e+00
        693 186.658600    0.04806     2.8833    173.000     60.946  50643.991    31.7047     6.3423     60.367    7.00512     6.3168    24.9085   12.57913 5.5345e-02 0.0000e+00
        694 186.658602    0.04813     2.8875    173.250     61.183  50654.619    31.7097     6.3306     60.602    7.00680     6.3101    24.9139   12.58184 5.5110e-02 0.0000e+00
        695 186.658605    0.04819     2.8917    173.500     61.421  50661.918    31.7130     6.3218     60.838    7.00809     6.3048    24.9175   12.58392 5.4883e-02 0.0000e+00
        696 186.658608    0.04826     2.8958    173.750     61.660  50666.708    31.7150     6.3152     61.074    7.00909     6.3003    24.9199   12.58555 5.4654e-02 0.0000e+00
        697 186.658611    0.04833     2.9000    174.000     61.900  50669.802    31.7160     6.3099     61.311    7.00991     6.2961    24.9214   12.58689 5.4420e-02 0.0000e+00
        698 186.658614    0.04840     2.9042    174.250     62.140  50671.476    31.7162     6.3054     61.550    7.01063     6.2919    24.9221   12.58809 5.4187e-02 0.0000e+00
        699 186.658617    0.04847     2.9083    174.500     62.381  50671.655    31.7154     6.3012     61.789    7.01135     6.2869    24.9220   12.58928 5.3964e-02 0.0000e+00
        700 186.658620    0.04854     2.9125    174.750     62.624  50670.337    31.7136     6.2970     62.029    7.01213     6.2812    24.9211   12.59060 5.3749e-02 0.0000e+00
        701 186.658623    0.04861     2.9167    175.000     62.869  50668.722    31.7114     6.2921     62.271    7.01304     6.2748    24.9200   12.59212 5.3543e-02 0.0000e+00
        702 186.658626    0.04868     2.9208    175.250     63.114  50668.207    31.7098     6.2863     62.515    7.01405     6.2680    24.9194   12.59382 5.3350e-02 0.0000e+00
        703 186.658628    0.04875     2.9250    175.500     63.362  50668.292    31.7086     6.2800     62.760    7.01515     6.2606    24.9192   12.59565 5.3167e-02 0.0000e+00
        704 186.658631    0.04882     2.9292    175.750     63.612  50667.954    31.7069     6.2732     63.008    7.01634     6.2524    24.9187   12.59763 5.2986e-02 0.0000e+00
        705 186.658634    0.04889     2.9333    176.000     63.864  50666.764    31.7046     6.2658     63.258    7.01765     6.2430    24.9178   12.59984 5.2809e-02 0.0000e+00
        706 186.658637    0.04896     2.9375    176.250     64.119  50665.080    31.7017     6.2576     63.510    7.01914     6.2327    24.9166   12.60233 5.2638e-02 0.0000e+00
        707 186.658640    0.04903     2.9417    176.500     64.376  50664.574    31.6994     6.2482     63.765    7.02079     6.2222    24.9159   12.60508 5.2474e-02 0.0000e+00
        708 186.658643    0.04910     2.9458    176.750     64.633  50666.446    31.6986     6.2379     64.019    7.02252     6.2122    24.9166   12.60794 5.2317e-02 0.0000e+00
        709 186.658646    0.04917     2.9500    177.000     64.890  50670.342    31.6992     6.2275     64.274    7.02421     6.2028    24.9183   12.61074 5.2165e-02 0.0000e+00
        710 186.658649    0.04924     2.9542    177.250     65.146  50674.541    31.7001     6.2175     64.528    7.02581     6.1938    24.9202   12.61337 5.2022e-02 0.0000e+00
        711 186.658652    0.04931     2.9583    177.500     65.401  50678.279    31.7007     6.2081     64.780    7.02732     6.1852    24.9219   12.61586 5.1888e-02 0.0000e+00
        712 186.658655    0.04938     2.9625    177.750     65.653  50682.620    31.7019     6.1992     65.030    7.02874     6.1768    24.9239   12.61819 5.1756e-02 0.0000e+00
        713 186.658657    0.04944     2.9667    178.000     65.905  50687.473    31.7035     6.1905     65.278    7.03009     6.1682    24.9262   12.62039 5.1623e-02 0.0000e+00
        714 186.658660    0.04951     2.9708    178.250     66.157  50691.033    31.7042     6.1822     65.528    7.03143     6.1583    24.9278   12.62260 5.1492e-02 0.0000e+00
        715 186.658663    0.04958     2.9750    178.500     66.410  50691.165    31.7025     6.1736     65.779    7.03291     6.1455    24.9275   12.62508 5.1365e-02 0.0000e+00
        716 186.658666    0.04965     2.9792    178.750     66.666  50687.434    31.6979     6.1637     66.032    7.03477     6.1297    24.9251   12.62820 5.1237e-02 0.0000e+00
        717 186.658669    0.04972     2.9833    179.000     66.923  50684.924    31.6936     6.1509     66.287    7.03707     6.1128    24.9232   12.63207 5.1113e-02 0.0000e+00
        718 186.658672    0.04979     2.9875    179.250     67.181  50689.798    31.6938     6.1351     66.542    7.03966     6.0967    24.9253   12.63635 5.1007e-02 0.0000e+00
        719 186.658675    0.04986     2.9917    179.500     67.437  50700.870    31.6980     6.1182     66.796    7.04226     6.0825    24.9307   12.64058 5.0914e-02 0.0000e+00
        720 186.658678    0.04993     2.9958    179.750     67.691  50713.938    31.7038     6.1021     67.047    7.04465     6.0706    24.9372   12.64445 5.0819e-02 0.0000e+00
        721 186.658681    0.05000     3.0000    180.000     67.941  50726.941    31.7099     6.0879     67.295    7.04670     6.0609    24.9437   12.64777 5.0720e-02 0.0000e+00
        722 186.658683    0.05007     3.0042    180.250     68.186  50738.412    31.7154     6.0760     67.538    7.04841     6.0530    24.9495   12.65052 5.0623e-02 0.0000e+00
        723 186.658686    0.05014     3.0083    180.500     68.428  50747.442    31.7197     6.0664     67.777    7.04981     6.0463    24.9541   12.65278 5.0536e-02 0.0000e+00
