CTD-processing/allCTD/CNV--turbid/2013_06-06_alongbay_tutkaa_outer_cast106.cnv
* Sea-Bird SBE19plus Data File:
* FileName = C:\Documents and Settings\kbayadmin\My Documents\CTD data\2013-06-06 Kachemak Bay all bay inner bay Nuka\2013-06-06 Kachemak Bay All Bay Outer Bay cast106.hex
* Software Version 1.59
* Temperature SN =  4141
* Conductivity SN =  4141
* System UpLoad Time = Jun 18 2013 16:36:57
** Kachemak Bay All Bay Outer Bay
** 2013-06-06
** Station: Tutka A
** N': 59 28.9494
** W': 151 29.091
** Start Time: 1747
** Depth(ft): 79
# nquan = 16
# nvalues = 433                         
# units = specified
# name 0 = scan: Scan Count
# name 1 = timeJ: Julian Days
# name 2 = timeH: Time, Elapsed [hours]
# name 3 = timeM: Time, Elapsed [minutes]
# name 4 = timeS: Time, Elapsed [seconds]
# name 5 = prdM: Pressure, Strain Gauge [db]
# name 6 = specc: Specific Conductance [uS/cm]
# name 7 = sal00: Salinity, Practical [PSU]
# name 8 = tv290C: Temperature [ITS-90, deg C]
# name 9 = depSM: Depth [salt water, m], lat = 59.00
# name 10 = oxsolML/L: Oxygen Saturation, Garcia & Gordon [ml/l]
# name 11 = potemp090C: Potential Temperature [ITS-90, deg C]
# name 12 = sigma-é00: Density [sigma-theta, kg/m^3]
# name 13 = n2satML/L: Nitrogen Saturation [ml/l]
# name 14 = par: PAR/Irradiance, Biospherical/Licor
# name 15 = flag:  0.000e+00
# span 0 =          1,        433       
# span 1 = 157.740521, 157.741771       
# span 2 =    0.00000,    0.03000       
# span 3 =     0.0000,     1.8000       
# span 4 =      0.000,    108.000       
# span 5 =     -0.113,     24.115       
# span 6 =    180.808,  51030.216       
# span 7 =     0.0838,    31.7932       
# span 8 =     5.3273,    10.0400       
# span 9 =     -0.112,     23.889       
# span 10 =    6.59149,    8.12397      
# span 11 =     5.3257,    10.0400      
# span 12 =    -0.1355,    25.0940      
# span 13 =   11.93648,   14.88683      
# span 14 = 2.3185e-01, 9.5906e+01      
# span 15 = 0.0000e+00, 0.0000e+00      
# interval = seconds: 0.25
# start_time = Jun 06 2013 17:46:21 [Instrument's time stamp, header]
# bad_flag = -9.990e-29
*END*
[from data line 362]
        363 157.741568    0.02514     1.5083     90.500      7.551  50451.996    31.5631     6.1646      7.480    7.04092     6.1301    24.8180   12.64007 8.3582e+00 0.0000e+00
        364 157.741571    0.02521     1.5125     90.750      7.791  50459.434    31.5650     6.1486      7.718    7.04345     6.1074    24.8215   12.64423 7.8727e+00 0.0000e+00
        365 157.741574    0.02528     1.5167     91.000      8.039  50463.754    31.5645     6.1307      7.963    7.04644     6.0779    24.8232   12.64918 7.4011e+00 0.0000e+00
        366 157.741577    0.02535     1.5208     91.250      8.288  50468.450    31.5632     6.1081      8.210    7.05024     6.0415    24.8250   12.65548 6.9651e+00 0.0000e+00
        367 157.741580    0.02542     1.5250     91.500      8.531  50480.101    31.5655     6.0786      8.451    7.05502     6.0011    24.8303   12.66335 6.6071e+00 0.0000e+00
        368 157.741583    0.02549     1.5292     91.750      8.766  50504.172    31.5750     6.0422      8.684    7.06062     5.9606    24.8421   12.67247 6.3346e+00 0.0000e+00
        369 157.741586    0.02556     1.5333     92.000      8.994  50537.716    31.5902     6.0018      8.909    7.06661     5.9225    24.8590   12.68218 6.1327e+00 0.0000e+00
        370 157.741589    0.02562     1.5375     92.250      9.218  50573.766    31.6071     5.9613      9.132    7.07256     5.8884    24.8772   12.69178 5.9735e+00 0.0000e+00
        371 157.741591    0.02569     1.5417     92.500      9.443  50608.796    31.6238     5.9232      9.354    7.07810     5.8590    24.8949   12.70073 5.8259e+00 0.0000e+00
        372 157.741594    0.02576     1.5458     92.750      9.671  50640.700    31.6390     5.8892      9.580    7.08305     5.8342    24.9110   12.70872 5.6650e+00 0.0000e+00
        373 157.741597    0.02583     1.5500     93.000      9.905  50668.028    31.6520     5.8598      9.812    7.08734     5.8136    24.9247   12.71564 5.4852e+00 0.0000e+00
        374 157.741600    0.02590     1.5542     93.250     10.149  50691.185    31.6630     5.8350     10.053    7.09096     5.7965    24.9363   12.72148 5.2994e+00 0.0000e+00
        375 157.741603    0.02597     1.5583     93.500     10.398  50710.338    31.6721     5.8144     10.300    7.09398     5.7823    24.9459   12.72635 5.1234e+00 0.0000e+00
        376 157.741606    0.02604     1.5625     93.750     10.648  50725.445    31.6790     5.7974     10.549    7.09650     5.7701    24.9534   12.73043 4.9626e+00 0.0000e+00
        377 157.741609    0.02611     1.5667     94.000     10.898  50737.630    31.6845     5.7831     10.796    7.09862     5.7598    24.9594   12.73387 4.8114e+00 0.0000e+00
        378 157.741612    0.02618     1.5708     94.250     11.148  50748.360    31.6893     5.7710     11.044    7.10042     5.7509    24.9647   12.73678 4.6600e+00 0.0000e+00
        379 157.741615    0.02625     1.5750     94.500     11.398  50757.853    31.6937     5.7607     11.292    7.10194     5.7430    24.9693   12.73924 4.4995e+00 0.0000e+00
        380 157.741617    0.02632     1.5792     94.750     11.652  50765.436    31.6970     5.7518     11.543    7.10327     5.7355    24.9730   12.74138 4.3299e+00 0.0000e+00
        381 157.741620    0.02639     1.5833     95.000     11.907  50771.190    31.6993     5.7440     11.796    7.10448     5.7278    24.9757   12.74335 4.1643e+00 0.0000e+00
        382 157.741623    0.02646     1.5875     95.250     12.164  50776.071    31.7010     5.7364     12.050    7.10567     5.7202    24.9780   12.74529 4.0154e+00 0.0000e+00
        383 157.741626    0.02653     1.5917     95.500     12.418  50780.857    31.7027     5.7288     12.302    7.10686     5.7125    24.9802   12.74725 3.8844e+00 0.0000e+00
        384 157.741629    0.02660     1.5958     95.750     12.669  50785.140    31.7040     5.7212     12.551    7.10808     5.7047    24.9821   12.74925 3.7668e+00 0.0000e+00
        385 157.741632    0.02667     1.6000     96.000     12.917  50787.690    31.7041     5.7135     12.796    7.10936     5.6959    24.9831   12.75135 3.6525e+00 0.0000e+00
        386 157.741635    0.02674     1.6042     96.250     13.165  50787.754    31.7025     5.7057     13.042    7.11076     5.6857    24.9827   12.75369 3.5295e+00 0.0000e+00
        387 157.741638    0.02681     1.6083     96.500     13.416  50786.761    31.6999     5.6969     13.290    7.11235     5.6747    24.9817   12.75635 3.3955e+00 0.0000e+00
        388 157.741641    0.02688     1.6125     96.750     13.673  50789.252    31.6994     5.6868     13.544    7.11408     5.6641    24.9825   12.75921 3.2570e+00 0.0000e+00
        389 157.741644    0.02694     1.6167     97.000     13.932  50798.354    31.7034     5.6757     13.801    7.11575     5.6550    24.9869   12.76192 3.1249e+00 0.0000e+00
        390 157.741646    0.02701     1.6208     97.250     14.187  50809.673    31.7089     5.6652     14.054    7.11725     5.6464    24.9925   12.76433 3.0078e+00 0.0000e+00
        391 157.741649    0.02708     1.6250     97.500     14.434  50815.659    31.7111     5.6561     14.298    7.11869     5.6369    24.9953   12.76667 2.9096e+00 0.0000e+00
        392 157.741652    0.02715     1.6292     97.750     14.672  50815.047    31.7088     5.6475     14.534    7.12024     5.6256    24.9945   12.76927 2.8301e+00 0.0000e+00
        393 157.741655    0.02722     1.6333     98.000     14.902  50811.795    31.7045     5.6380     14.762    7.12204     5.6125    24.9922   12.77230 2.7652e+00 0.0000e+00
        394 157.741658    0.02729     1.6375     98.250     15.128  50808.054    31.6995     5.6268     14.986    7.12417     5.5974    24.9896   12.77588 2.7063e+00 0.0000e+00
        395 157.741661    0.02736     1.6417     98.500     15.355  50803.660    31.6937     5.6137     15.211    7.12666     5.5800    24.9865   12.78006 2.6425e+00 0.0000e+00
        396 157.741664    0.02743     1.6458     98.750     15.591  50799.135    31.6874     5.5985     15.445    7.12952     5.5607    24.9832   12.78487 2.5687e+00 0.0000e+00
        397 157.741667    0.02750     1.6500     99.000     15.839  50797.066    31.6823     5.5812     15.690    7.13270     5.5408    24.9812   12.79018 2.4886e+00 0.0000e+00
        398 157.741670    0.02757     1.6542     99.250     16.095  50800.086    31.6804     5.5620     15.944    7.13603     5.5211    24.9818   12.79572 2.4075e+00 0.0000e+00
        399 157.741672    0.02764     1.6583     99.500     16.357  50806.834    31.6808     5.5420     16.203    7.13939     5.5024    24.9845   12.80125 2.3290e+00 0.0000e+00
        400 157.741675    0.02771     1.6625     99.750     16.616  50815.634    31.6827     5.5223     16.460    7.14262     5.4856    24.9882   12.80657 2.2591e+00 0.0000e+00
        401 157.741678    0.02778     1.6667    100.000     16.866  50827.276    31.6868     5.5037     16.707    7.14559     5.4714    24.9936   12.81141 2.2023e+00 0.0000e+00
        402 157.741681    0.02785     1.6708    100.250     17.103  50840.808    31.6925     5.4868     16.942    7.14816     5.4601    25.0000   12.81559 2.1564e+00 0.0000e+00
        403 157.741684    0.02792     1.6750    100.500     17.329  50854.316    31.6988     5.4727     17.166    7.15026     5.4517    25.0066   12.81898 2.1145e+00 0.0000e+00
        404 157.741687    0.02799     1.6792    100.750     17.554  50867.027    31.7051     5.4614     17.389    7.15187     5.4459    25.0129   12.82156 2.0691e+00 0.0000e+00
        405 157.741690    0.02806     1.6833    101.000     17.786  50878.183    31.7110     5.4531     17.619    7.15301     5.4422    25.0185   12.82337 2.0135e+00 0.0000e+00
        406 157.741693    0.02813     1.6875    101.250     18.034  50887.274    31.7160     5.4473     17.865    7.15376     5.4400    25.0230   12.82454 1.9447e+00 0.0000e+00
        407 157.741696    0.02819     1.6917    101.500     18.299  50894.507    31.7201     5.4435     18.128    7.15420     5.4389    25.0267   12.82521 1.8644e+00 0.0000e+00
        408 157.741698    0.02826     1.6958    101.750     18.578  50900.217    31.7234     5.4414     18.403    7.15441     5.4384    25.0296   12.82552 1.7776e+00 0.0000e+00
        409 157.741701    0.02833     1.7000    102.000     18.858  50904.799    31.7262     5.4403     18.681    7.15446     5.4381    25.0320   12.82557 1.6925e+00 0.0000e+00
        410 157.741704    0.02840     1.7042    102.250     19.128  50907.649    31.7279     5.4398     18.949    7.15445     5.4371    25.0334   12.82552 1.6177e+00 0.0000e+00
        411 157.741707    0.02847     1.7083    102.500     19.379  50907.179    31.7274     5.4396     19.198    7.15452     5.4345    25.0331   12.82565 1.5559e+00 0.0000e+00
        412 157.741710    0.02854     1.7125    102.750     19.612  50903.549    31.7246     5.4386     19.428    7.15483     5.4298    25.0309   12.82619 1.5034e+00 0.0000e+00
        413 157.741713    0.02861     1.7167    103.000     19.832  50898.307    31.7203     5.4360     19.645    7.15547     5.4228    25.0279   12.82730 1.4561e+00 0.0000e+00
        414 157.741716    0.02868     1.7208    103.250     20.045  50892.443    31.7152     5.4313     19.857    7.15650     5.4133    25.0244   12.82908 1.4106e+00 0.0000e+00
        415 157.741719    0.02875     1.7250    103.500     20.260  50886.733    31.7097     5.4243     20.070    7.15796     5.4015    25.0208   12.83156 1.3629e+00 0.0000e+00
        416 157.741722    0.02882     1.7292    103.750     20.485  50882.626    31.7048     5.4149     20.293    7.15980     5.3880    25.0180   12.83467 1.3098e+00 0.0000e+00
        417 157.741725    0.02889     1.7333    104.000     20.723  50882.035    31.7019     5.4031     20.528    7.16195     5.3739    25.0170   12.83825 1.2498e+00 0.0000e+00
        418 157.741727    0.02896     1.7375    104.250     20.970  50886.147    31.7018     5.3896     20.773    7.16425     5.3600    25.0184   12.84204 1.1824e+00 0.0000e+00
        419 157.741730    0.02903     1.7417    104.500     21.222  50894.284    31.7043     5.3754     21.023    7.16654     5.3470    25.0220   12.84579 1.1080e+00 0.0000e+00
        420 157.741733    0.02910     1.7458    104.750     21.473  50905.380    31.7089     5.3616     21.271    7.16868     5.3360    25.0272   12.84927 1.0283e+00 0.0000e+00
        421 157.741736    0.02917     1.7500    105.000     21.719  50920.564    31.7165     5.3486     21.515    7.17052     5.3284    25.0347   12.85222 9.4403e-01 0.0000e+00
        422 157.741739    0.02924     1.7542    105.250     21.957  50940.946    31.7282     5.3376     21.751    7.17185     5.3257    25.0451   12.85426 8.5732e-01 0.0000e+00
        423 157.741742    0.02931     1.7583    105.500     22.189  50965.691    31.7435     5.3300     21.981    7.17241     5.3285    25.0581   12.85498 7.7255e-01 0.0000e+00
        424 157.741745    0.02937     1.7625    105.750     22.418  50991.468    31.7606     5.3273     22.208    7.17205     5.3362    25.0720   12.85417 6.9119e-01 0.0000e+00
        425 157.741748    0.02944     1.7667    106.000     22.648  51012.767    31.7758     5.3302     22.435    7.17084     5.3469    25.0837   12.85198 6.1168e-01 0.0000e+00
        426 157.741751    0.02951     1.7708    106.250     22.880  51025.737    31.7862     5.3379     22.665    7.16903     5.3585    25.0911   12.84885 5.3450e-01 0.0000e+00
        427 157.741753    0.02958     1.7750    106.500     23.115  51030.216    31.7914     5.3486     22.898    7.16694     5.3695    25.0940   12.84534 4.6271e-01 0.0000e+00
        428 157.741756    0.02965     1.7792    106.750     23.349  51029.304    31.7931     5.3603     23.130    7.16488     5.3788    25.0940   12.84191 3.9876e-01 0.0000e+00
        429 157.741759    0.02972     1.7833    107.000     23.575  51026.218    31.7932     5.3712     23.353    7.16301     5.3861    25.0928   12.83882 3.4347e-01 0.0000e+00
        430 157.741762    0.02979     1.7875    107.250     23.781  51022.140    31.7922     5.3806     23.558    7.16145     5.3908    25.0910   12.83627 2.9743e-01 0.0000e+00
        431 157.741765    0.02986     1.7917    107.500     23.954  51017.883    31.7907     5.3879     23.729    7.16028     5.3925    25.0890   12.83435 2.6186e-01 0.0000e+00
        432 157.741768    0.02993     1.7958    107.750     24.072  51014.610    31.7894     5.3926     23.847    7.15953 -9.990e-29    25.0874   12.83314 2.3937e-01 0.0000e+00
        433 157.741771    0.03000     1.8000    108.000     24.115  51013.371    31.7889     5.3943     23.889    7.15927 -9.990e-29    25.0868   12.83272 2.3185e-01 0.0000e+00
