CTD-processing/allCTD/CNV--turbid/2013_07-18_t7_s04_cast020.cnv
* Sea-Bird SBE19plus Data File:
* FileName = C:\Documents and Settings\kris.holderied.local\My Documents\2012-2013-CTD-DATA-new-files\2013-07-CookInlet-EVOSTC-LTM\2013-07-18-CookInlet-Tran7-Augustine\2013-07-18-CookInlet-Tran7-Augustine-cast020.hex
* Software Version 1.54
* Temperature SN =  5028
* Conductivity SN =  5028
* System UpLoad Time = Jul 18 2013 22:21:43
** Cook Inlet LTM Ocean - Tran7 Augustine Line, East to West
** Date: 2013-07-18
** Station:  7-04
** Start time (AKDT-24 hr): 19:02
** Depth (m): 49
** Comment:
** Comment:
# nquan = 16
# nvalues = 565                         
# units = specified
# name 0 = scan: Scan Count
# name 1 = timeJ: Julian Days
# name 2 = timeH: Time, Elapsed [hours]
# name 3 = timeM: Time, Elapsed [minutes]
# name 4 = timeS: Time, Elapsed [seconds]
# name 5 = prdM: Pressure, Strain Gauge [db]
# name 6 = specc: Specific Conductance [uS/cm]
# name 7 = sal00: Salinity, Practical [PSU]
# name 8 = tv290C: Temperature [ITS-90, deg C]
# name 9 = depSM: Depth [salt water, m], lat = 59.00
# name 10 = oxsolML/L: Oxygen Saturation, Garcia & Gordon [ml/l]
# name 11 = potemp090C: Potential Temperature [ITS-90, deg C]
# name 12 = sigma-é00: Density [sigma-theta, kg/m^3]
# name 13 = n2satML/L: Nitrogen Saturation [ml/l]
# name 14 = par: PAR/Irradiance, Biospherical/Licor
# name 15 = flag:  0.000e+00
# span 0 =          1,        565       
# span 1 = 199.793472, 199.795104       
# span 2 =    0.00000,    0.03917       
# span 3 =     0.0000,     2.3500       
# span 4 =      0.000,    141.000       
# span 5 =      0.031,     48.788       
# span 6 =    545.957,  50375.180       
# span 7 =     0.2632,    31.7235       
# span 8 =     7.4591,    13.1983       
# span 9 =      0.030,     48.327       
# span 10 =    6.16128,    7.32994      
# span 11 =     7.4546,    13.1983      
# span 12 =    -0.4403,    24.7777      
# span 13 =   11.19832,   13.54092      
# span 14 = 6.6207e-02, 3.7699e+02      
# span 15 = 0.0000e+00, 0.0000e+00      
# interval = seconds: 0.25
# start_time = Jul 18 2013 19:02:36 [Instrument's time stamp, header]
# bad_flag = -9.990e-29
*END*
[from data line 362]
        363 199.794520    0.02514     1.5083     90.500     12.952  47768.935    30.2504     9.7590     12.830    6.54456     9.6831    23.2846   11.83498 9.3700e+00 0.0000e+00
        364 199.794523    0.02521     1.5125     90.750     13.218  47765.580    30.2438     9.7258     13.094    6.54964     9.6363    23.2846   11.84347 8.9378e+00 0.0000e+00
        365 199.794525    0.02528     1.5167     91.000     13.498  47770.659    30.2420     9.6846     13.372    6.55568     9.5853    23.2898   11.85349 8.5056e+00 0.0000e+00
        366 199.794528    0.02535     1.5208     91.250     13.795  47780.836    30.2431     9.6378     13.666    6.56241     9.5316    23.2980   11.86463 8.0684e+00 0.0000e+00
        367 199.794531    0.02542     1.5250     91.500     14.107  47797.308    30.2481     9.5867     13.975    6.56960     9.4782    23.3098   11.87649 7.6288e+00 0.0000e+00
        368 199.794534    0.02549     1.5292     91.750     14.431  47822.628    30.2588     9.5331     14.296    6.57694     9.4282    23.3266   11.88852 7.1907e+00 0.0000e+00
        369 199.794537    0.02556     1.5333     92.000     14.762  47855.883    30.2752     9.4797     14.624    6.58401     9.3835    23.3477   11.90005 6.7612e+00 0.0000e+00
        370 199.794540    0.02562     1.5375     92.250     15.094  47892.255    30.2941     9.4298     14.953    6.59049     9.3439    23.3702   11.91054 6.3494e+00 0.0000e+00
        371 199.794543    0.02569     1.5417     92.500     15.423  47927.231    30.3127     9.3851     15.278    6.59623     9.3088    23.3917   11.91983 5.9624e+00 0.0000e+00
        372 199.794546    0.02576     1.5458     92.750     15.743  47959.076    30.3297     9.3456     15.595    6.60128     9.2772    23.4111   11.92800 5.6061e+00 0.0000e+00
        373 199.794549    0.02583     1.5500     93.000     16.048  47987.296    30.3448     9.3105     15.897    6.60578     9.2484    23.4283   11.93527 5.2857e+00 0.0000e+00
        374 199.794552    0.02590     1.5542     93.250     16.332  48012.688    30.3583     9.2788     16.178    6.60984     9.2229    23.4437   11.94183 5.0043e+00 0.0000e+00
        375 199.794554    0.02597     1.5583     93.500     16.590  48036.766    30.3713     9.2501     16.434    6.61350     9.2010    23.4582   11.94774 4.7618e+00 0.0000e+00
        376 199.794557    0.02604     1.5625     93.750     16.820  48059.535    30.3837     9.2246     16.662    6.61672     9.1829    23.4719   11.95292 4.5567e+00 0.0000e+00
        377 199.794560    0.02611     1.5667     94.000     17.020  48079.760    30.3949     9.2028     16.861    6.61946     9.1681    23.4840   11.95732 4.3865e+00 0.0000e+00
        378 199.794563    0.02618     1.5708     94.250     17.193  48096.955    30.4045     9.1847     17.031    6.62171     9.1563    23.4942   11.96093 4.2463e+00 0.0000e+00
        379 199.794566    0.02625     1.5750     94.500     17.342  48111.453    30.4126     9.1699     17.179    6.62354     9.1471    23.5028   11.96386 4.1277e+00 0.0000e+00
        380 199.794569    0.02632     1.5792     94.750     17.477  48123.417    30.4194     9.1581     17.313    6.62499     9.1398    23.5099   11.96618 4.0222e+00 0.0000e+00
        381 199.794572    0.02639     1.5833     95.000     17.606  48132.700    30.4246     9.1489     17.441    6.62612     9.1336    23.5154   11.96800 3.9215e+00 0.0000e+00
        382 199.794575    0.02646     1.5875     95.250     17.739  48139.579    30.4284     9.1416     17.572    6.62704     9.1280    23.5194   11.96946 3.8186e+00 0.0000e+00
        383 199.794578    0.02653     1.5917     95.500     17.883  48144.949    30.4312     9.1355     17.715    6.62782     9.1226    23.5226   11.97072 3.7082e+00 0.0000e+00
        384 199.794580    0.02660     1.5958     95.750     18.044  48149.548    30.4336     9.1299     17.874    6.62853     9.1171    23.5254   11.97188 3.5878e+00 0.0000e+00
        385 199.794583    0.02667     1.6000     96.000     18.226  48153.888    30.4359     9.1245     18.054    6.62923     9.1112    23.5280   11.97302 3.4567e+00 0.0000e+00
        386 199.794586    0.02674     1.6042     96.250     18.431  48158.476    30.4382     9.1189     18.257    6.62995     9.1050    23.5307   11.97417 3.3160e+00 0.0000e+00
        387 199.794589    0.02681     1.6083     96.500     18.659  48163.631    30.4410     9.1131     18.483    6.63070     9.0986    23.5337   11.97537 3.1671e+00 0.0000e+00
        388 199.794592    0.02688     1.6125     96.750     18.912  48169.545    30.4442     9.1069     18.734    6.63147     9.0924    23.5371   11.97662 3.0119e+00 0.0000e+00
        389 199.794595    0.02694     1.6167     97.000     19.193  48176.124    30.4478     9.1005     19.012    6.63226     9.0872    23.5409   11.97788 2.8505e+00 0.0000e+00
        390 199.794598    0.02701     1.6208     97.250     19.489  48182.725    30.4515     9.0944     19.306    6.63300     9.0831    23.5447   11.97907 2.6900e+00 0.0000e+00
        391 199.794601    0.02708     1.6250     97.500     19.776  48188.474    30.4547     9.0892     19.590    6.63363     9.0800    23.5480   11.98008 2.5440e+00 0.0000e+00
        392 199.794604    0.02715     1.6292     97.750     20.042  48193.042    30.4572     9.0852     19.853    6.63413     9.0776    23.5506   11.98087 2.4167e+00 0.0000e+00
        393 199.794606    0.02722     1.6333     98.000     20.290  48196.575    30.4592     9.0821     20.099    6.63450     9.0758    23.5526   11.98146 2.3050e+00 0.0000e+00
        394 199.794609    0.02729     1.6375     98.250     20.522  48199.187    30.4606     9.0797     20.329    6.63479     9.0744    23.5541   11.98191 2.2069e+00 0.0000e+00
        395 199.794612    0.02736     1.6417     98.500     20.738  48201.019    30.4616     9.0779     20.543    6.63501     9.0731    23.5551   11.98227 2.1211e+00 0.0000e+00
        396 199.794615    0.02743     1.6458     98.750     20.935  48202.315    30.4622     9.0765     20.739    6.63519     9.0721    23.5558   11.98257 2.0464e+00 0.0000e+00
        397 199.794618    0.02750     1.6500     99.000     21.116  48203.283    30.4626     9.0753     20.917    6.63535     9.0711    23.5563   11.98283 1.9816e+00 0.0000e+00
        398 199.794621    0.02757     1.6542     99.250     21.282  48204.055    30.4629     9.0742     21.082    6.63550     9.0702    23.5568   11.98306 1.9242e+00 0.0000e+00
        399 199.794624    0.02764     1.6583     99.500     21.438  48204.696    30.4632     9.0733     21.236    6.63563     9.0694    23.5571   11.98328 1.8712e+00 0.0000e+00
        400 199.794627    0.02771     1.6625     99.750     21.588  48205.209    30.4634     9.0724     21.385    6.63575     9.0687    23.5574   11.98347 1.8205e+00 0.0000e+00
        401 199.794630    0.02778     1.6667    100.000     21.738  48205.633    30.4635     9.0716     21.534    6.63586     9.0680    23.5576   11.98365 1.7706e+00 0.0000e+00
        402 199.794633    0.02785     1.6708    100.250     21.890  48206.003    30.4636     9.0709     21.684    6.63596     9.0673    23.5578   11.98381 1.7206e+00 0.0000e+00
        403 199.794635    0.02792     1.6750    100.500     22.045  48206.282    30.4636     9.0702     21.838    6.63606     9.0666    23.5579   11.98398 1.6701e+00 0.0000e+00
        404 199.794638    0.02799     1.6792    100.750     22.206  48206.530    30.4637     9.0696     21.998    6.63616     9.0659    23.5581   11.98414 1.6189e+00 0.0000e+00
        405 199.794641    0.02806     1.6833    101.000     22.372  48206.902    30.4638     9.0689     22.162    6.63626     9.0651    23.5583   11.98431 1.5672e+00 0.0000e+00
        406 199.794644    0.02813     1.6875    101.250     22.542  48207.436    30.4640     9.0681     22.330    6.63636     9.0644    23.5585   11.98447 1.5155e+00 0.0000e+00
        407 199.794647    0.02819     1.6917    101.500     22.716  48208.054    30.4642     9.0674     22.502    6.63645     9.0638    23.5588   11.98462 1.4643e+00 0.0000e+00
        408 199.794650    0.02826     1.6958    101.750     22.894  48208.650    30.4644     9.0667     22.678    6.63654     9.0632    23.5591   11.98477 1.4136e+00 0.0000e+00
        409 199.794653    0.02833     1.7000    102.000     23.075  48209.174    30.4646     9.0661     22.858    6.63663     9.0627    23.5594   11.98491 1.3632e+00 0.0000e+00
        410 199.794656    0.02840     1.7042    102.250     23.261  48209.686    30.4648     9.0655     23.042    6.63670     9.0622    23.5596   11.98503 1.3131e+00 0.0000e+00
        411 199.794659    0.02847     1.7083    102.500     23.451  48210.210    30.4651     9.0650     23.230    6.63676     9.0617    23.5599   11.98513 1.2633e+00 0.0000e+00
        412 199.794661    0.02854     1.7125    102.750     23.644  48210.697    30.4653     9.0646     23.422    6.63682     9.0612    23.5601   11.98523 1.2144e+00 0.0000e+00
        413 199.794664    0.02861     1.7167    103.000     23.840  48211.176    30.4655     9.0641     23.615    6.63688     9.0607    23.5603   11.98532 1.1672e+00 0.0000e+00
        414 199.794667    0.02868     1.7208    103.250     24.034  48211.703    30.4657     9.0637     23.807    6.63694     9.0601    23.5605   11.98541 1.1223e+00 0.0000e+00
        415 199.794670    0.02875     1.7250    103.500     24.223  48212.309    30.4660     9.0631     23.995    6.63700     9.0592    23.5608   11.98552 1.0804e+00 0.0000e+00
        416 199.794673    0.02882     1.7292    103.750     24.405  48213.066    30.4663     9.0625     24.175    6.63708     9.0582    23.5612   11.98565 1.0420e+00 0.0000e+00
        417 199.794676    0.02889     1.7333    104.000     24.576  48214.075    30.4669     9.0617     24.345    6.63718     9.0571    23.5618   11.98580 1.0075e+00 0.0000e+00
        418 199.794679    0.02896     1.7375    104.250     24.736  48215.283    30.4675     9.0607     24.504    6.63730     9.0559    23.5625   11.98599 9.7697e-01 0.0000e+00
        419 199.794682    0.02903     1.7417    104.500     24.883  48216.528    30.4681     9.0596     24.649    6.63744     9.0546    23.5631   11.98621 9.5024e-01 0.0000e+00
        420 199.794685    0.02910     1.7458    104.750     25.016  48217.795    30.4688     9.0584     24.781    6.63759     9.0534    23.5638   11.98645 9.2700e-01 0.0000e+00
        421 199.794688    0.02917     1.7500    105.000     25.137  48219.108    30.4695     9.0571     24.901    6.63774     9.0521    23.5646   11.98670 9.0668e-01 0.0000e+00
        422 199.794690    0.02924     1.7542    105.250     25.249  48220.422    30.4702     9.0559     25.012    6.63789     9.0508    23.5653   11.98694 8.8859e-01 0.0000e+00
        423 199.794693    0.02931     1.7583    105.500     25.355  48221.704    30.4709     9.0547     25.117    6.63804     9.0494    23.5660   11.98718 8.7202e-01 0.0000e+00
        424 199.794696    0.02937     1.7625    105.750     25.460  48223.043    30.4717     9.0534     25.221    6.63820     9.0478    23.5668   11.98743 8.5625e-01 0.0000e+00
        425 199.794699    0.02944     1.7667    106.000     25.567  48224.633    30.4725     9.0520     25.327    6.63838     9.0460    23.5677   11.98772 8.4057e-01 0.0000e+00
        426 199.794702    0.02951     1.7708    106.250     25.679  48226.441    30.4735     9.0504     25.437    6.63858     9.0439    23.5687   11.98803 8.2452e-01 0.0000e+00
        427 199.794705    0.02958     1.7750    106.500     25.798  48228.377    30.4746     9.0486     25.555    6.63879     9.0413    23.5698   11.98838 8.0777e-01 0.0000e+00
        428 199.794708    0.02965     1.7792    106.750     25.926  48230.815    30.4760     9.0465     25.682    6.63904     9.0381    23.5712   11.98877 7.8997e-01 0.0000e+00
        429 199.794711    0.02972     1.7833    107.000     26.066  48234.265    30.4780     9.0440     25.820    6.63933     9.0340    23.5732   11.98923 7.7086e-01 0.0000e+00
        430 199.794714    0.02979     1.7875    107.250     26.218  48239.028    30.4808     9.0408     25.971    6.63969     9.0287    23.5759   11.98978 7.5025e-01 0.0000e+00
        431 199.794716    0.02986     1.7917    107.500     26.384  48245.541    30.4847     9.0366     26.135    6.64013     9.0224    23.5796   11.99047 7.2801e-01 0.0000e+00
        432 199.794719    0.02993     1.7958    107.750     26.564  48253.979    30.4898     9.0314     26.314    6.64069     9.0159    23.5844   11.99133 7.0421e-01 0.0000e+00
        433 199.794722    0.03000     1.8000    108.000     26.758  48263.654    30.4957     9.0252     26.506    6.64136     9.0093    23.5899   11.99237 6.7919e-01 0.0000e+00
        434 199.794725    0.03007     1.8042    108.250     26.961  48273.626    30.5017     9.0186     26.707    6.64207     9.0026    23.5955   11.99347 6.5349e-01 0.0000e+00
        435 199.794728    0.03014     1.8083    108.500     27.170  48283.605    30.5077     9.0121     26.914    6.64278     8.9951    23.6012   11.99457 6.2780e-01 0.0000e+00
        436 199.794731    0.03021     1.8125    108.750     27.379  48294.073    30.5140     9.0053     27.121    6.64351     8.9867    23.6072   11.99571 6.0297e-01 0.0000e+00
        437 199.794734    0.03028     1.8167    109.000     27.582  48305.707    30.5210     8.9978     27.323    6.64432     8.9777    23.6138   11.99697 5.7974e-01 0.0000e+00
        438 199.794737    0.03035     1.8208    109.250     27.774  48318.669    30.5289     8.9894     27.512    6.64523     8.9688    23.6212   11.99837 5.5872e-01 0.0000e+00
        439 199.794740    0.03042     1.8250    109.500     27.948  48332.424    30.5372     8.9805     27.685    6.64619     8.9605    23.6290   11.99987 5.4028e-01 0.0000e+00
        440 199.794742    0.03049     1.8292    109.750     28.101  48346.062    30.5454     8.9716     27.837    6.64716     8.9531    23.6368   12.00137 5.2455e-01 0.0000e+00
        441 199.794745    0.03056     1.8333    110.000     28.233  48358.775    30.5531     8.9633     27.967    6.64806     8.9470    23.6441   12.00276 5.1154e-01 0.0000e+00
        442 199.794748    0.03062     1.8375    110.250     28.342  48370.103    30.5600     8.9560     28.076    6.64885     8.9423    23.6506   12.00399 5.0103e-01 0.0000e+00
        443 199.794751    0.03069     1.8417    110.500     28.432  48379.765    30.5659     8.9499     28.165    6.64950     8.9391    23.6561   12.00500 4.9260e-01 0.0000e+00
        444 199.794754    0.03076     1.8458    110.750     28.507  48387.526    30.5706     8.9452     28.239    6.64999     8.9373    23.6606   12.00576 4.8568e-01 0.0000e+00
        445 199.794757    0.03083     1.8500    111.000     28.573  48393.201    30.5741     8.9420     28.304    6.65032     8.9368    23.6638   12.00626 4.7961e-01 0.0000e+00
        446 199.794760    0.03090     1.8542    111.250     28.635  48396.688    30.5763     8.9402     28.365    6.65050     8.9370    23.6658   12.00652 4.7372e-01 0.0000e+00
        447 199.794763    0.03097     1.8583    111.500     28.702  48398.160    30.5773     8.9397     28.431    6.65053     8.9370    23.6666   12.00657 4.6736e-01 0.0000e+00
        448 199.794766    0.03104     1.8625    111.750     28.780  48398.245    30.5773     8.9399     28.509    6.65049     8.9356    23.6666   12.00650 4.6000e-01 0.0000e+00
        449 199.794769    0.03111     1.8667    112.000     28.875  48398.067    30.5772     8.9399     28.602    6.65050     8.9324    23.6664   12.00651 4.5136e-01 0.0000e+00
        450 199.794771    0.03118     1.8708    112.250     28.990  48399.469    30.5779     8.9385     28.717    6.65067     8.9278    23.6672   12.00679 4.4132e-01 0.0000e+00
        451 199.794774    0.03125     1.8750    112.500     29.130  48403.969    30.5806     8.9353     28.855    6.65104     8.9227    23.6698   12.00737 4.2986e-01 0.0000e+00
