CTD-processing/allCTD/CNV--turbid/2013-04-20-cookinlet-trans7-cast086-s05.cnv
* Sea-Bird SBE19plus Data File:
* FileName = C:\Documents and Settings\kris.holderied.local\My Documents\2012-2013-CTD-DATA-new-files\2013-04-EVOSTC-CookInlet-Ocean\2013-04-CookInlet-Tran7-Augustine\2013-04-20-CookInlet-Trans7-Cast086.hex
* Software Version 1.54
* Temperature SN =  5028
* Conductivity SN =  5028
* System UpLoad Time = Apr 20 2013 14:51:53
** Cook Inlet LTM Tran7 Augustine to Flat Island
** Date:  2013-04-20
** Station:  7-05
** Start time (AKDT-24 hr):  0748
** Depth (m): 52
** Comment:
** Comment:
# nquan = 16
# nvalues = 590                         
# units = specified
# name 0 = scan: Scan Count
# name 1 = timeJ: Julian Days
# name 2 = timeH: Time, Elapsed [hours]
# name 3 = timeM: Time, Elapsed [minutes]
# name 4 = timeS: Time, Elapsed [seconds]
# name 5 = prdM: Pressure, Strain Gauge [db]
# name 6 = specc: Specific Conductance [uS/cm]
# name 7 = sal00: Salinity, Practical [PSU]
# name 8 = tv290C: Temperature [ITS-90, deg C]
# name 9 = depSM: Depth [salt water, m], lat = 59.00
# name 10 = oxsolML/L: Oxygen Saturation, Garcia & Gordon [ml/l]
# name 11 = potemp090C: Potential Temperature [ITS-90, deg C]
# name 12 = sigma-é00: Density [sigma-theta, kg/m^3]
# name 13 = n2satML/L: Nitrogen Saturation [ml/l]
# name 14 = par: PAR/Irradiance, Biospherical/Licor
# name 15 = flag:  0.000e+00
# span 0 =          1,        590       
# span 1 = 110.325961, 110.327665       
# span 2 =    0.00000,    0.04090       
# span 3 =     0.0000,     2.4542       
# span 4 =      0.000,    147.250       
# span 5 =      0.110,     52.751       
# span 6 =      5.486,  51995.757       
# span 7 =     0.0012,    31.8460       
# span 8 =     1.3739,     2.9200       
# span 9 =      0.109,     52.251       
# span 10 =    7.60054,    9.84522      
# span 11 =     1.3740,     2.9171      
# span 12 =    -0.0800,    25.3781      
# span 13 =   13.56036,   17.77861      
# span 14 = 3.7912e-02, 8.2790e+02      
# span 15 = 0.0000e+00, 0.0000e+00      
# interval = seconds: 0.25
# start_time = Apr 20 2013 07:49:23 [Instrument's time stamp, header]
# bad_flag = -9.990e-29
*END*
[from data line 272]
        273 110.326748    0.01889     1.1333     68.000      1.422  51547.798    31.3340     2.0295      1.409    7.79919     2.0379    25.0335   13.89472 7.6995e+01 0.0000e+00
        274 110.326751    0.01896     1.1375     68.250      1.422  51551.490    31.3371     2.0319      1.408    7.79854     2.0483    25.0359   13.89361 7.7246e+01 0.0000e+00
        275 110.326753    0.01903     1.1417     68.500      1.430  51547.594    31.3362     2.0380      1.417    7.79739     2.0626    25.0347   13.89174 7.6729e+01 0.0000e+00
        276 110.326756    0.01910     1.1458     68.750      1.447  51534.572    31.3305     2.0484      1.434    7.79565     2.0783    25.0294   13.88894 7.6340e+01 0.0000e+00
        277 110.326759    0.01917     1.1500     69.000      1.469  51512.856    31.3200     2.0627      1.455    7.79339     2.0922    25.0200   13.88535 7.6912e+01 0.0000e+00
        278 110.326762    0.01924     1.1542     69.250      1.492  51485.798    31.3064     2.0784      1.478    7.79103     2.1022    25.0080   13.88164 7.7389e+01 0.0000e+00
        279 110.326765    0.01931     1.1583     69.500      1.513  51458.523    31.2921     2.0922      1.499    7.78906     2.1083    24.9955   13.87859 7.7620e+01 0.0000e+00
        280 110.326768    0.01938     1.1625     69.750      1.531  51436.358    31.2801     2.1023      1.517    7.78772     2.1108    24.9852   13.87654 7.7798e+01 0.0000e+00
        281 110.326771    0.01944     1.1667     70.000      1.544  51423.642    31.2733     2.1084      1.530    7.78689     2.1109    24.9794   13.87527 7.7933e+01 0.0000e+00
        282 110.326774    0.01951     1.1708     70.250      1.554  51423.954    31.2742     2.1109      1.540    7.78633     2.1111    24.9799   13.87433 7.7583e+01 0.0000e+00
        283 110.326777    0.01958     1.1750     70.500      1.561  51440.659    31.2855     2.1110      1.547    7.78571     2.1156    24.9889   13.87316 7.6509e+01 0.0000e+00
        284 110.326780    0.01965     1.1792     70.750      1.568  51475.414    31.3088     2.1112      1.553    7.78443     2.1280    25.0076   13.87073 7.5911e+01 0.0000e+00
        285 110.326782    0.01972     1.1833     71.000      1.575  51520.480    31.3403     2.1156      1.560    7.78187     2.1475    25.0325   13.86608 7.5826e+01 0.0000e+00
        286 110.326785    0.01979     1.1875     71.250      1.580  51553.228    31.3658     2.1280      1.565    7.77809     2.1690    25.0520   13.85950 7.5892e+01 0.0000e+00
        287 110.326788    0.01986     1.1917     71.500      1.581  51557.768    31.3744     2.1476      1.566    7.77378     2.1875    25.0575   13.85228 7.6937e+01 0.0000e+00
        288 110.326791    0.01993     1.1958     71.750      1.575  51542.843    31.3705     2.1691      1.560    7.76977     2.2013    25.0528   13.84572 7.8947e+01 0.0000e+00
        289 110.326794    0.02000     1.2000     72.000      1.560  51523.722    31.3629     2.1876      1.545    7.76655     2.2110    25.0454   13.84050 8.0227e+01 0.0000e+00
        290 110.326797    0.02007     1.2042     72.250      1.538  51507.440    31.3559     2.2014      1.524    7.76420     2.2175    25.0388   13.83673 7.9381e+01 0.0000e+00
        291 110.326800    0.02014     1.2083     72.500      1.512  51495.618    31.3507     2.2110      1.498    7.76259     2.2218    25.0340   13.83414 7.8119e+01 0.0000e+00
        292 110.326803    0.02021     1.2125     72.750      1.486  51487.641    31.3472     2.2175      1.472    7.76150     2.2248    25.0308   13.83240 7.8781e+01 0.0000e+00
        293 110.326806    0.02028     1.2167     73.000      1.465  51482.334    31.3449     2.2219      1.451    7.76077     2.2268    25.0286   13.83122 8.0796e+01 0.0000e+00
        294 110.326808    0.02035     1.2208     73.250      1.452  51478.801    31.3434     2.2248      1.438    7.76028     2.2281    25.0271   13.83043 8.2385e+01 0.0000e+00
        295 110.326811    0.02042     1.2250     73.500      1.447  51476.534    31.3425     2.2268      1.434    7.75994     2.2291    25.0262   13.82988 8.3082e+01 0.0000e+00
        296 110.326814    0.02049     1.2292     73.750      1.448  51475.192    31.3419     2.2282      1.434    7.75970     2.2299    25.0257   13.82950 8.2401e+01 0.0000e+00
        297 110.326817    0.02056     1.2333     74.000      1.451  51474.436    31.3417     2.2291      1.437    7.75952     2.2305    25.0255   13.82921 8.0011e+01 0.0000e+00
        298 110.326820    0.02063     1.2375     74.250      1.453  51473.943    31.3416     2.2299      1.440    7.75937     2.2310    25.0253   13.82897 7.8335e+01 0.0000e+00
        299 110.326823    0.02069     1.2417     74.500      1.454  51473.476    31.3414     2.2305      1.441    7.75926     2.2315    25.0252   13.82877 7.7721e+01 0.0000e+00
        300 110.326826    0.02076     1.2458     74.750      1.453  51472.995    31.3413     2.2311      1.439    7.75916     2.2318    25.0250   13.82862 7.6654e+01 0.0000e+00
        301 110.326829    0.02083     1.2500     75.000      1.450  51472.633    31.3411     2.2315      1.436    7.75909     2.2321    25.0248   13.82850 7.6862e+01 0.0000e+00
        302 110.326832    0.02090     1.2542     75.250      1.443  51472.445    31.3411     2.2318      1.429    7.75903     2.2324    25.0248   13.82840 7.9246e+01 0.0000e+00
        303 110.326834    0.02097     1.2583     75.500      1.431  51472.269    31.3411     2.2321      1.418    7.75897     2.2325    25.0247   13.82830 8.1385e+01 0.0000e+00
        304 110.326837    0.02104     1.2625     75.750      1.415  51471.989    31.3410     2.2324      1.401    7.75893     2.2326    25.0246   13.82823 8.2957e+01 0.0000e+00
        305 110.326840    0.02111     1.2667     76.000      1.391  51471.730    31.3409     2.2326      1.378    7.75890     2.2327    25.0245   13.82818 8.6496e+01 0.0000e+00
        306 110.326843    0.02118     1.2708     76.250      1.360  51471.589    31.3408     2.2327      1.348    7.75888     2.2327    25.0245   13.82815 9.0376e+01 0.0000e+00
        307 110.326846    0.02125     1.2750     76.500      1.321  51471.581    31.3409     2.2327      1.308    7.75886     2.2328    25.0245   13.82813 9.2951e+01 0.0000e+00
        308 110.326849    0.02132     1.2792     76.750      1.274  51471.728    31.3410     2.2328      1.262    7.75885     2.2329    25.0246   13.82811 9.7018e+01 0.0000e+00
        309 110.326852    0.02139     1.2833     77.000      1.222  51471.965    31.3412     2.2329      1.211    7.75883     2.2330    25.0248   13.82807 1.0198e+02 0.0000e+00
        310 110.326855    0.02146     1.2875     77.250      1.170  51472.095    31.3413     2.2330      1.160    7.75880     2.2332    25.0249   13.82802 1.0127e+02 0.0000e+00
        311 110.326858    0.02153     1.2917     77.500      1.122  51472.019    31.3414     2.2331      1.112    7.75876     2.2333    25.0249   13.82796 9.3460e+01 0.0000e+00
        312 110.326861    0.02160     1.2958     77.750      1.081  51471.951    31.3414     2.2333      1.071    7.75873     2.2336    25.0249   13.82791 8.7407e+01 0.0000e+00
        313 110.326863    0.02167     1.3000     78.000      1.049  51472.090    31.3416     2.2334      1.040    7.75869     2.2339    25.0251   13.82784 8.8064e+01 0.0000e+00
        314 110.326866    0.02174     1.3042     78.250      1.028  51472.397    31.3418     2.2336      1.019    7.75864     2.2344    25.0253   13.82774 9.0700e+01 0.0000e+00
        315 110.326869    0.02181     1.3083     78.500      1.017  51472.703    31.3421     2.2340      1.007    7.75856     2.2349    25.0255   13.82761 9.2744e+01 0.0000e+00
        316 110.326872    0.02187     1.3125     78.750      1.012  51472.751    31.3423     2.2344      1.002    7.75846     2.2354    25.0256   13.82744 9.7332e+01 0.0000e+00
        317 110.326875    0.02194     1.3167     79.000      1.011  51472.456    31.3423     2.2350      1.002    7.75835     2.2359    25.0255   13.82727 1.0122e+02 0.0000e+00
        318 110.326878    0.02201     1.3208     79.250      1.011  51471.962    31.3421     2.2355      1.002    7.75825     2.2362    25.0253   13.82711 9.9678e+01 0.0000e+00
        319 110.326881    0.02208     1.3250     79.500      1.010  51471.436    31.3419     2.2360      1.000    7.75817     2.2365    25.0251   13.82699 9.7526e+01 0.0000e+00
        320 110.326884    0.02215     1.3292     79.750      1.007  51471.033    31.3417     2.2363      0.997    7.75812     2.2366    25.0249   13.82690 9.9030e+01 0.0000e+00
        321 110.326887    0.02222     1.3333     80.000      1.003  51470.745    31.3415     2.2365      0.994    7.75808     2.2367    25.0248   13.82684 1.0364e+02 0.0000e+00
        322 110.326889    0.02229     1.3375     80.250      1.001  51470.475    31.3414     2.2367      0.991    7.75806     2.2367    25.0247   13.82681 1.0696e+02 0.0000e+00
        323 110.326892    0.02236     1.3417     80.500      1.001  51470.246    31.3413     2.2367      0.992    7.75806     2.2367    25.0246   13.82680 1.0614e+02 0.0000e+00
        324 110.326895    0.02243     1.3458     80.750      1.007  51470.096    31.3412     2.2367      0.997    7.75806     2.2366    25.0245   13.82681 1.0471e+02 0.0000e+00
        325 110.326898    0.02250     1.3500     81.000      1.019  51469.931    31.3410     2.2367      1.009    7.75808     2.2364    25.0244   13.82684 1.0336e+02 0.0000e+00
        326 110.326901    0.02257     1.3542     81.250      1.038  51469.493    31.3407     2.2366      1.028    7.75811     2.2361    25.0241   13.82689 1.0053e+02 0.0000e+00
        327 110.326904    0.02264     1.3583     81.500      1.063  51468.951    31.3403     2.2364      1.052    7.75817     2.2358    25.0238   13.82699 9.7052e+01 0.0000e+00
        328 110.326907    0.02271     1.3625     81.750      1.088  51469.152    31.3403     2.2361      1.078    7.75822     2.2357    25.0239   13.82708 9.3985e+01 0.0000e+00
        329 110.326910    0.02278     1.3667     82.000      1.109  51470.257    31.3410     2.2358      1.098    7.75825     2.2359    25.0244   13.82712 9.1223e+01 0.0000e+00
        330 110.326913    0.02285     1.3708     82.250      1.120  51471.351    31.3417     2.2357      1.109    7.75823     2.2362    25.0250   13.82707 8.8200e+01 0.0000e+00
        331 110.326916    0.02292     1.3750     82.500      1.118  51471.817    31.3420     2.2359      1.108    7.75817     2.2366    25.0252   13.82698 8.5882e+01 0.0000e+00
        332 110.326918    0.02299     1.3792     82.750      1.105  51471.753    31.3421     2.2362      1.095    7.75810     2.2369    25.0253   13.82686 8.6293e+01 0.0000e+00
        333 110.326921    0.02306     1.3833     83.000      1.084  51471.539    31.3421     2.2366      1.074    7.75804     2.2372    25.0252   13.82675 8.8380e+01 0.0000e+00
        334 110.326924    0.02313     1.3875     83.250      1.061  51471.417    31.3421     2.2369      1.052    7.75797     2.2376    25.0252   13.82664 8.8953e+01 0.0000e+00
        335 110.326927    0.02319     1.3917     83.500      1.042  51471.386    31.3422     2.2373      1.033    7.75790     2.2379    25.0253   13.82653 9.0225e+01 0.0000e+00
        336 110.326930    0.02326     1.3958     83.750      1.031  51471.374    31.3423     2.2376      1.021    7.75783     2.2383    25.0253   13.82641 9.4220e+01 0.0000e+00
        337 110.326933    0.02333     1.4000     84.000      1.026  51471.236    31.3423     2.2380      1.017    7.75776     2.2385    25.0253   13.82629 9.6197e+01 0.0000e+00
        338 110.326936    0.02340     1.4042     84.250      1.027  51470.768    31.3421     2.2383      1.017    7.75771     2.2385    25.0251   13.82620 9.3552e+01 0.0000e+00
        339 110.326939    0.02347     1.4083     84.500      1.031  51469.989    31.3416     2.2386      1.021    7.75769     2.2383    25.0247   13.82618 9.0188e+01 0.0000e+00
        340 110.326942    0.02354     1.4125     84.750      1.036  51469.327    31.3412     2.2386      1.026    7.75771     2.2380    25.0243   13.82623 8.9751e+01 0.0000e+00
        341 110.326944    0.02361     1.4167     85.000      1.046  51469.113    31.3410     2.2384      1.036    7.75776     2.2377    25.0242   13.82632 8.9659e+01 0.0000e+00
        342 110.326947    0.02368     1.4208     85.250      1.066  51469.281    31.3410     2.2380      1.056    7.75782     2.2374    25.0242   13.82642 8.5180e+01 0.0000e+00
        343 110.326950    0.02375     1.4250     85.500      1.105  51469.641    31.3411     2.2377      1.095    7.75788     2.2372    25.0243   13.82650 7.8236e+01 0.0000e+00
        344 110.326953    0.02382     1.4292     85.750      1.172  51469.988    31.3412     2.2374      1.162    7.75792     2.2369    25.0244   13.82657 7.3272e+01 0.0000e+00
        345 110.326956    0.02389     1.4333     86.000      1.270  51469.932    31.3410     2.2372      1.258    7.75797     2.2364    25.0243   13.82666 7.0320e+01 0.0000e+00
        346 110.326959    0.02396     1.4375     86.250      1.392  51469.597    31.3407     2.2369      1.379    7.75805     2.2358    25.0241   13.82680 6.8149e+01 0.0000e+00
        347 110.326962    0.02403     1.4417     86.500      1.530  51469.792    31.3406     2.2364      1.516    7.75815     2.2353    25.0240   13.82697 6.6189e+01 0.0000e+00
        348 110.326965    0.02410     1.4458     86.750      1.680  51470.656    31.3409     2.2359      1.664    7.75825     2.2349    25.0244   13.82712 6.4023e+01 0.0000e+00
        349 110.326968    0.02417     1.4500     87.000      1.840  51471.415    31.3412     2.2354      1.823    7.75833     2.2346    25.0246   13.82725 6.1420e+01 0.0000e+00
        350 110.326970    0.02424     1.4542     87.250      2.011  51471.810    31.3413     2.2350      1.992    7.75840     2.2345    25.0247   13.82736 5.7918e+01 0.0000e+00
        351 110.326973    0.02431     1.4583     87.500      2.193  51472.504    31.3416     2.2347      2.172    7.75844     2.2347    25.0250   13.82742 5.3126e+01 0.0000e+00
        352 110.326976    0.02438     1.4625     87.750      2.387  51473.720    31.3423     2.2346      2.364    7.75843     2.2353    25.0255   13.82739 4.7662e+01 0.0000e+00
        353 110.326979    0.02444     1.4667     88.000      2.592  51475.096    31.3431     2.2348      2.568    7.75834     2.2364    25.0262   13.82723 4.2722e+01 0.0000e+00
        354 110.326982    0.02451     1.4708     88.250      2.809  51476.230    31.3440     2.2355      2.783    7.75816     2.2378    25.0268   13.82693 3.8853e+01 0.0000e+00
        355 110.326985    0.02458     1.4750     88.500      3.034  51476.633    31.3444     2.2366      3.006    7.75792     2.2392    25.0271   13.82653 3.5875e+01 0.0000e+00
        356 110.326988    0.02465     1.4792     88.750      3.260  51476.119    31.3443     2.2380      3.230    7.75766     2.2405    25.0270   13.82609 3.3451e+01 0.0000e+00
        357 110.326991    0.02472     1.4833     89.000      3.484  51475.546    31.3442     2.2393      3.452    7.75739     2.2420    25.0268   13.82565 3.1326e+01 0.0000e+00
        358 110.326994    0.02479     1.4875     89.250      3.705  51475.920    31.3448     2.2407      3.670    7.75710     2.2439    25.0271   13.82517 2.9364e+01 0.0000e+00
        359 110.326997    0.02486     1.4917     89.500      3.920  51476.926    31.3458     2.2422      3.884    7.75675     2.2463    25.0278   13.82458 2.7489e+01 0.0000e+00
        360 110.326999    0.02493     1.4958     89.750      4.126  51477.672    31.3467     2.2441      4.088    7.75632     2.2489    25.0284   13.82386 2.5651e+01 0.0000e+00
        361 110.327002    0.02500     1.5000     90.000      4.321  51477.423    31.3471     2.2465      4.280    7.75583     2.2514    25.0285   13.82304 2.3845e+01 0.0000e+00
