CTD-processing/allCTD/CNV--turbid/2013-04-20-cookinlet-trans7-cast101-s20.cnv
* Sea-Bird SBE19plus Data File:
* FileName = C:\Documents and Settings\kris.holderied.local\My Documents\2012-2013-CTD-DATA-new-files\2013-04-EVOSTC-CookInlet-Ocean\2013-04-CookInlet-Tran7-Augustine\2013-04-20-CookInlet-Trans7-Cast101.hex
* Software Version 1.54
* Temperature SN =  5028
* Conductivity SN =  5028
* System UpLoad Time = Apr 20 2013 15:04:47
** Cook Inlet LTM Tran7 Augustine to Flat Island
** Date:  2013-04-20
** Station: 7-20
** Start time (AKDT-24 hr):  1305
** Depth (m): 101
** Comment:40L H2O Filtered-Surface.Only 1 water sample. No surface grab.
** Comment:
# nquan = 16
# nvalues = 671                         
# units = specified
# name 0 = scan: Scan Count
# name 1 = timeJ: Julian Days
# name 2 = timeH: Time, Elapsed [hours]
# name 3 = timeM: Time, Elapsed [minutes]
# name 4 = timeS: Time, Elapsed [seconds]
# name 5 = prdM: Pressure, Strain Gauge [db]
# name 6 = specc: Specific Conductance [uS/cm]
# name 7 = sal00: Salinity, Practical [PSU]
# name 8 = tv290C: Temperature [ITS-90, deg C]
# name 9 = depSM: Depth [salt water, m], lat = 59.00
# name 10 = oxsolML/L: Oxygen Saturation, Garcia & Gordon [ml/l]
# name 11 = potemp090C: Potential Temperature [ITS-90, deg C]
# name 12 = sigma-é00: Density [sigma-theta, kg/m^3]
# name 13 = n2satML/L: Nitrogen Saturation [ml/l]
# name 14 = par: PAR/Irradiance, Biospherical/Licor
# name 15 = flag:  0.000e+00
# span 0 =          1,        671       
# span 1 = 110.546644, 110.548582       
# span 2 =    0.00000,    0.04653       
# span 3 =     0.0000,     2.7917       
# span 4 =      0.000,    167.500       
# span 5 =      0.110,     83.839       
# span 6 =    134.630,  51826.608       
# span 7 =     0.0668,    32.0651       
# span 8 =     3.9249,     4.6760       
# span 9 =      0.109,     83.039       
# span 10 =    7.36239,    9.03177      
# span 11 =     3.9200,     4.6760      
# span 12 =     0.0250,    25.4436      
# span 13 =   13.16525,   16.40235      
# span 14 = 1.6967e-01, 1.8595e+03      
# span 15 = 0.0000e+00, 0.0000e+00      
# interval = seconds: 0.25
# start_time = Apr 20 2013 13:07:10 [Instrument's time stamp, header]
# bad_flag = -9.990e-29
*END*
          1 110.546644    0.00000     0.0000      0.000      0.120    134.630     0.0668     4.6514      0.118    9.01311     4.6509     0.0250   16.38349 3.4189e+02 0.0000e+00
          2 110.546646    0.00007     0.0042      0.250      0.120    218.687     0.1084     4.6512      0.118    9.01068     4.6506     0.0583   16.37872 3.4396e+02 0.0000e+00
          3 110.546649    0.00014     0.0083      0.500      0.119    358.699     0.1777     4.6509      0.118    9.00660     4.6503     0.1139   16.37072 3.5364e+02 0.0000e+00
          4 110.546652    0.00021     0.0125      0.750      0.119    590.716     0.2925     4.6506      0.118    8.99977     4.6501     0.2060   16.35737 3.7316e+02 0.0000e+00
          5 110.546655    0.00028     0.0167      1.000      0.119    971.904     0.4817     4.6503      0.118    8.98848     4.6501     0.3576   16.33529 4.0393e+02 0.0000e+00
          6 110.546658    0.00035     0.0208      1.250      0.119   1455.758     0.7225     4.6501      0.118    8.97406     4.6501     0.5507   16.30713 4.2489e+02 0.0000e+00
          7 110.546661    0.00042     0.0250      1.500      0.120   1832.718     0.9099     4.6501      0.119    8.96282     4.6503     0.7010   16.28517 4.2058e+02 0.0000e+00
          8 110.546664    0.00049     0.0292      1.750      0.121   1996.856     0.9900     4.6501      0.119    8.95800     4.6506     0.7653   16.27575 4.3282e+02 0.0000e+00
          9 110.546667    0.00056     0.0333      2.000      0.122   2032.249     1.0052     4.6503      0.120    8.95703     4.6511     0.7776   16.27387 5.0070e+02 0.0000e+00
         10 110.546670    0.00063     0.0375      2.250      0.122   2018.637     0.9964     4.6506      0.121    8.95748     4.6517     0.7706   16.27477 6.0918e+02 0.0000e+00
         11 110.546672    0.00069     0.0417      2.500      0.123   1975.674     0.9731     4.6511      0.121    8.95876     4.6523     0.7520   16.27730 6.9495e+02 0.0000e+00
         12 110.546675    0.00076     0.0458      2.750      0.123   1912.437     0.9399     4.6517      0.122    8.96061     4.6530     0.7255   16.28094 7.0235e+02 0.0000e+00
         13 110.546678    0.00083     0.0500      3.000      0.124   1842.000     0.9034     4.6523      0.122    8.96264     4.6538     0.6962   16.28495 6.6197e+02 0.0000e+00
         14 110.546681    0.00090     0.0542      3.250      0.124   1770.757     0.8667     4.6530      0.123    8.96467     4.6546     0.6669   16.28896 6.2583e+02 0.0000e+00
         15 110.546684    0.00097     0.0583      3.500      0.125   1712.903     0.8371     4.6538      0.124    8.96627     4.6554     0.6431   16.29213 5.8697e+02 0.0000e+00
         16 110.546687    0.00104     0.0625      3.750      0.126   1686.482     0.8236     4.6546      0.125    8.96690     4.6562     0.6324   16.29340 5.5521e+02 0.0000e+00
         17 110.546690    0.00111     0.0667      4.000      0.127   1697.294     0.8294     4.6554      0.125    8.96637     4.6570     0.6369   16.29242 5.5028e+02 0.0000e+00
         18 110.546693    0.00118     0.0708      4.250      0.127   1770.466     0.8671     4.6562      0.126    8.96393     4.6576     0.6671   16.28770 5.3802e+02 0.0000e+00
         19 110.546696    0.00125     0.0750      4.500      0.127   1918.788     0.9434     4.6570      0.126    8.95918     4.6582     0.7282   16.27849 4.8833e+02 0.0000e+00
         20 110.546698    0.00132     0.0792      4.750      0.127   2087.070     1.0301     4.6576      0.126    8.95383     4.6585     0.7975   16.26809 4.2165e+02 0.0000e+00
         21 110.546701    0.00139     0.0833      5.000      0.127   2223.437     1.1005     4.6582      0.126    8.94949     4.6587     0.8539   16.25964 3.7265e+02 0.0000e+00
         22 110.546704    0.00146     0.0875      5.250      0.128   2323.680     1.1525     4.6585      0.127    8.94629     4.6587     0.8954   16.25342 3.4584e+02 0.0000e+00
         23 110.546707    0.00153     0.0917      5.500      0.128   2368.808     1.1759     4.6587      0.127    8.94485     4.6585     0.9142   16.25063 3.3038e+02 0.0000e+00
         24 110.546710    0.00160     0.0958      5.750      0.129   2335.401     1.1584     4.6587      0.128    8.94591     4.6584     0.9002   16.25268 3.2138e+02 0.0000e+00
         25 110.546713    0.00167     0.1000      6.000      0.129   2244.966     1.1114     4.6585      0.128    8.94875     4.6584     0.8626   16.25822 3.1607e+02 0.0000e+00
         26 110.546716    0.00174     0.1042      6.250      0.129   2135.339     1.0545     4.6584      0.128    8.95218     4.6584     0.8171   16.26491 3.1271e+02 0.0000e+00
         27 110.546719    0.00181     0.1083      6.500      0.129   2030.202     1.0002     4.6584      0.128    8.95544     4.6586     0.7737   16.27127 3.1013e+02 0.0000e+00
         28 110.546722    0.00187     0.1125      6.750      0.129   1942.114     0.9549     4.6584      0.128    8.95815     4.6588     0.7374   16.27656 3.0776e+02 0.0000e+00
         29 110.546725    0.00194     0.1167      7.000      0.129   1878.475     0.9225     4.6586      0.128    8.96006     4.6592     0.7114   16.28030 3.0593e+02 0.0000e+00
         30 110.546727    0.00201     0.1208      7.250      0.129   1847.325     0.9070     4.6588      0.128    8.96093     4.6597     0.6990   16.28202 3.0534e+02 0.0000e+00
         31 110.546730    0.00208     0.1250      7.500      0.129   1860.149     0.9145     4.6592      0.128    8.96039     4.6604     0.7050   16.28100 3.0653e+02 0.0000e+00
         32 110.546733    0.00215     0.1292      7.750      0.129   1933.080     0.9536     4.6597      0.128    8.95795     4.6611     0.7362   16.27626 3.0992e+02 0.0000e+00
         33 110.546736    0.00222     0.1333      8.000      0.129   2087.017     1.0353     4.6604      0.128    8.95293     4.6620     0.8014   16.26651 3.1518e+02 0.0000e+00
         34 110.546739    0.00229     0.1375      8.250      0.130   2355.852     1.1779     4.6611      0.129    8.94426     4.6631     0.9152   16.24964 3.1872e+02 0.0000e+00
         35 110.546742    0.00236     0.1417      8.500      0.131   2800.253     1.4136     4.6620      0.130    8.93001     4.6642     1.1034   16.22187 3.1428e+02 0.0000e+00
         36 110.546745    0.00243     0.1458      8.750      0.131   3413.156     1.7397     4.6631      0.130    8.91034     4.6655     1.3638   16.18355 3.0045e+02 0.0000e+00
         37 110.546748    0.00250     0.1500      9.000      0.132   4038.708     2.0745     4.6643      0.131    8.89015     4.6667     1.6309   16.14422 2.8316e+02 0.0000e+00
         38 110.546751    0.00257     0.1542      9.250      0.133   4483.036     2.3134     4.6655      0.131    8.87567     4.6679     1.8215   16.11603 2.6946e+02 0.0000e+00
         39 110.546753    0.00264     0.1583      9.500      0.133   4607.839     2.3796     4.6667      0.132    8.87144     4.6692     1.8743   16.10786 2.6450e+02 0.0000e+00
         40 110.546756    0.00271     0.1625      9.750      0.133   4433.038     2.2831     4.6679      0.132    8.87686     4.6705     1.7975   16.11851 2.6929e+02 0.0000e+00
         41 110.546759    0.00278     0.1667     10.000      0.132   4116.103     2.1105     4.6692      0.131    8.88680     4.6719     1.6599   16.13799 2.7948e+02 0.0000e+00
         42 110.546762    0.00285     0.1708     10.250      0.131   3767.446     1.9224     4.6706      0.130    8.89768     4.6732     1.5098   16.15929 2.8905e+02 0.0000e+00
         43 110.546765    0.00292     0.1750     10.500      0.130   3474.233     1.7652     4.6719      0.129    8.90672     4.6744     1.3844   16.17703 2.9460e+02 0.0000e+00
         44 110.546768    0.00299     0.1792     10.750      0.129   3334.684     1.6911     4.6732      0.127    8.91084     4.6754     1.3252   16.18515 2.9640e+02 0.0000e+00
         45 110.546771    0.00306     0.1833     11.000      0.127   3401.045     1.7277     4.6744      0.126    8.90840     4.6760     1.3543   16.18047 2.9751e+02 0.0000e+00
         46 110.546774    0.00313     0.1875     11.250      0.126   3701.423     1.8900     4.6754      0.124    8.89854     4.6760     1.4838   16.16128 3.0407e+02 0.0000e+00
         47 110.546777    0.00319     0.1917     11.500      0.124   4189.111     2.1539     4.6760      0.123    8.88273     4.6753     1.6942   16.13048 3.2229e+02 0.0000e+00
         48 110.546780    0.00326     0.1958     11.750      0.123   4616.404     2.3857     4.6760      0.122    8.86899     4.6741     1.8790   16.10367 3.5581e+02 0.0000e+00
         49 110.546782    0.00333     0.2000     12.000      0.122   4705.345     2.4331     4.6753      0.121    8.86632     4.6727     1.9169   16.09841 4.0907e+02 0.0000e+00
         50 110.546785    0.00340     0.2042     12.250      0.121   4450.755     2.2935     4.6741      0.120    8.87485     4.6709     1.8056   16.11497 4.9142e+02 0.0000e+00
         51 110.546788    0.00347     0.2083     12.500      0.120   4036.122     2.0680     4.6727      0.119    8.88856     4.6691     1.6259   16.14163 6.2114e+02 0.0000e+00
         52 110.546791    0.00354     0.2125     12.750      0.119   3605.712     1.8355     4.6709      0.118    8.90276     4.6672     1.4405   16.16924 8.3029e+02 0.0000e+00
         53 110.546794    0.00361     0.2167     13.000      0.117   3250.510     1.6446     4.6691      0.116    8.91454     4.6654     1.2882   16.19210 1.0905e+03 0.0000e+00
         54 110.546797    0.00368     0.2208     13.250      0.115   3006.156     1.5135     4.6672      0.114    8.92277     4.6635     1.1836   16.20804 1.3050e+03 0.0000e+00
         55 110.546800    0.00375     0.2250     13.500      0.114   2833.960     1.4214     4.6654      0.113    8.92868     4.6616     1.1102   16.21946 1.4508e+03 0.0000e+00
         56 110.546803    0.00382     0.2292     13.750      0.114   2702.560     1.3515     4.6635      0.113    8.93328     4.6595     1.0543   16.22832 1.5552e+03 0.0000e+00
         57 110.546806    0.00389     0.2333     14.000      0.114   2614.195     1.3045     4.6616      0.113    8.93652     4.6570     1.0169   16.23453 1.6148e+03 0.0000e+00
         58 110.546808    0.00396     0.2375     14.250      0.114   2572.965     1.2826     4.6595      0.113    8.93832     4.6537     0.9994   16.23790 1.6293e+03 0.0000e+00
         59 110.546811    0.00403     0.2417     14.500      0.115   2548.251     1.2695     4.6570      0.114    8.93968     4.6488     0.9890   16.24039 1.5962e+03 0.0000e+00
         60 110.546814    0.00410     0.2458     14.750      0.115   2501.398     1.2449     4.6537      0.114    8.94191     4.6412     0.9694   16.24455 1.5714e+03 0.0000e+00
         61 110.546817    0.00417     0.2500     15.000      0.115   2451.739     1.2190     4.6488      0.114    8.94459     4.6288     0.9487   16.24947 1.6204e+03 0.0000e+00
         62 110.546820    0.00424     0.2542     15.250      0.114   2430.405     1.2080     4.6412      0.113    8.94702     4.6082     0.9400   16.25373 1.6791e+03 0.0000e+00
         63 110.546823    0.00431     0.2583     15.500      0.114   2443.862     1.2154     4.6288      0.113    8.94949     4.5742     0.9460   16.25775 1.6850e+03 0.0000e+00
         64 110.546826    0.00438     0.2625     15.750      0.113   2504.660     1.2477     4.6082      0.112    8.95238     4.5262     0.9721   16.26207 1.6465e+03 0.0000e+00
         65 110.546829    0.00444     0.2667     16.000      0.112   2538.315     1.2657     4.5742      0.111    8.95925     4.4750     0.9869   16.27330 1.5724e+03 0.0000e+00
         66 110.546832    0.00451     0.2708     16.250      0.112   2442.700     1.2155     4.5262      0.111    8.97346     4.4337     0.9473   16.29797 1.5337e+03 0.0000e+00
         67 110.546834    0.00458     0.2750     16.500      0.111   2278.499     1.1295     4.4750      0.110    8.99057     4.4062     0.8792   16.32809 1.5939e+03 0.0000e+00
         68 110.546837    0.00465     0.2792     16.750      0.110   2129.807     1.0523     4.4337      0.109    9.00487     4.3900     0.8179   16.35337 1.6852e+03 0.0000e+00
         69 110.546840    0.00472     0.2833     17.000      0.110   2004.708     0.9881     4.4062      0.109    9.01520     4.3815     0.7668   16.37175 1.7506e+03 0.0000e+00
         70 110.546843    0.00479     0.2875     17.250      0.111   1898.488     0.9345     4.3900      0.110    9.02227     4.3782     0.7240   16.38451 1.7982e+03 0.0000e+00
         71 110.546846    0.00486     0.2917     17.500      0.111   1802.704     0.8874     4.3815      0.110    9.02714     4.3777     0.6863   16.39350 1.8307e+03 0.0000e+00
         72 110.546849    0.00493     0.2958     17.750      0.112   1721.619     0.8495     4.3782      0.111    9.03032     4.3786     0.6558   16.39951 1.8512e+03 0.0000e+00
         73 110.546852    0.00500     0.3000     18.000      0.113   1671.313     0.8301     4.3777      0.112    9.03177     4.3798     0.6399   16.40235 1.8595e+03 0.0000e+00
         74 110.546855    0.00507     0.3042     18.250      0.114   1669.988     0.8398     4.3786      0.113    9.03127     4.3811     0.6473   16.40148 1.8572e+03 0.0000e+00
         75 110.546858    0.00514     0.3083     18.500      0.115   1743.829     0.8948     4.3798      0.113    9.02815     4.3825     0.6905   16.39556 1.8526e+03 0.0000e+00
         76 110.546861    0.00521     0.3125     18.750      0.116   1940.202     1.0235     4.3811      0.115    9.02087     4.3838     0.7924   16.38159 1.8484e+03 0.0000e+00
         77 110.546863    0.00528     0.3167     19.000      0.118   2334.396     1.2719     4.3825      0.117    9.00686     4.3843     0.9893   16.35461 1.8428e+03 0.0000e+00
         78 110.546866    0.00535     0.3208     19.250      0.123   3045.055     1.7130     4.3838      0.122    8.98214     4.3830     1.3393   16.30688 1.8383e+03 0.0000e+00
         79 110.546869    0.00542     0.3250     19.500      0.131   4271.439     2.4692     4.3843      0.130    8.94003     4.3779     1.9394   16.22546 1.8346e+03 0.0000e+00
         80 110.546872    0.00549     0.3292     19.750      0.144   6354.232     3.7489     4.3830      0.143    8.86920     4.3667     2.9552   16.08835 1.8289e+03 0.0000e+00
         81 110.546875    0.00556     0.3333     20.000      0.166   9866.542     5.9023     4.3780      0.164    8.75056     4.3460     4.6646   15.85850 1.8156e+03 0.0000e+00
         82 110.546878    0.00562     0.3375     20.250      0.201  15762.780     9.5124     4.3668      0.200    8.55223     4.3151     7.5307   15.47407 1.7840e+03 0.0000e+00
         83 110.546881    0.00569     0.3417     20.500      0.258  24480.688    14.8956     4.3461      0.256    8.25933     4.2790    11.8035   14.90649 1.7201e+03 0.0000e+00
         84 110.546884    0.00576     0.3458     20.750      0.339  33881.551    20.7751     4.3151      0.336    7.94424     4.2450    16.4692   14.29607 1.6086e+03 0.0000e+00
         85 110.546887    0.00583     0.3500     21.000      0.438  40923.632    25.2115     4.2791      0.434    7.71027     4.2169    19.9903   13.84244 1.4272e+03 0.0000e+00
         86 110.546889    0.00590     0.3542     21.250      0.548  45197.219    27.9034     4.2451      0.543    7.57061     4.1954    22.1281   13.57105 1.2140e+03 0.0000e+00
         87 110.546892    0.00597     0.3583     21.500      0.663  47774.462    29.5257     4.2170      0.657    7.48784     4.1798    23.4172   13.40981 1.0678e+03 0.0000e+00
         88 110.546895    0.00604     0.3625     21.750      0.781  49329.274    30.5038     4.1955      0.774    7.43877     4.1687    24.1948   13.31400 1.0039e+03 0.0000e+00
         89 110.546898    0.00611     0.3667     22.000      0.900  50268.195    31.0940     4.1799      0.892    7.40966     4.1611    24.6644   13.25701 9.5855e+02 0.0000e+00
         90 110.546901    0.00618     0.3708     22.250      1.017  50836.789    31.4514     4.1688      1.008    7.39233     4.1562    24.9488   13.22301 9.1416e+02 0.0000e+00
