CTD-processing/allCTD/CNV--turbid/2013_10-29_t4_s08_cast130.cnv
* Sea-Bird SBE19plus Data File:
* FileName = C:\Users\kris.holderied\Documents\kasitsna\Research-Projects-and-Data\Oceanography-AK\CTD-CookInlet-GulfWatchAK\2013-10-11-EVOSTC-CookInlet-Ocean\2013-10-29-CookInlet-Tran4-Barabara\2013-10-29-CookInlet-Tran4-cast130.hex
* Software Version 1.59
* Temperature SN =  5028
* Conductivity SN =  5028
* System UpLoad Time = Feb 14 2014 21:30:34
** Cook Inlet Transect 4 (Barabara) north to south
** Date: 2013-10-29
** Station: 4-08
** Start time: 14:23
** Depth (m): 27
** Comment:  CTD instrument time is AK Daylight time
** Comment:
# nquan = 16
# nvalues = 500                         
# units = specified
# name 0 = scan: Scan Count
# name 1 = timeJ: Julian Days
# name 2 = timeH: Time, Elapsed [hours]
# name 3 = timeM: Time, Elapsed [minutes]
# name 4 = timeS: Time, Elapsed [seconds]
# name 5 = prdM: Pressure, Strain Gauge [db]
# name 6 = specc: Specific Conductance [uS/cm]
# name 7 = sal00: Salinity, Practical [PSU]
# name 8 = tv290C: Temperature [ITS-90, deg C]
# name 9 = depSM: Depth [salt water, m], lat = 59.00
# name 10 = oxsolML/L: Oxygen Saturation, Garcia & Gordon [ml/l]
# name 11 = potemp090C: Potential Temperature [ITS-90, deg C]
# name 12 = sigma-é00: Density [sigma-theta, kg/m^3]
# name 13 = n2satML/L: Nitrogen Saturation [ml/l]
# name 14 = par: PAR/Irradiance, Biospherical/Licor
# name 15 = flag:  0.000e+00
# span 0 =          1,        500       
# span 1 = 302.600081, 302.601525       
# span 2 =    0.00000,    0.03465       
# span 3 =     0.0000,     2.0792       
# span 4 =      0.000,    124.750       
# span 5 =     -0.206,     26.938       
# span 6 =    148.754,  47899.749       
# span 7 =     0.0695,    30.2008       
# span 8 =     8.6066,     9.9435       
# span 9 =     -0.204,     26.685       
# span 10 =    6.67911,    7.90644      
# span 11 =     8.6050,     9.9428      
# span 12 =    -0.2383,    23.4029      
# span 13 =   12.06102,   14.51966      
# span 14 = 9.6544e-01, 7.6165e+02      
# span 15 = 0.0000e+00, 0.0000e+00      
# interval = seconds: 0.25
# start_time = Oct 29 2013 14:24:07 [Instrument's time stamp, header]
# bad_flag = -9.990e-29
*END*
          1 302.600081    0.00000     0.0000      0.000     -0.199    148.754     0.0695     9.9435     -0.197    7.90577     9.9428    -0.2383   14.51858 1.6010e+02 0.0000e+00
          2 302.600084    0.00007     0.0042      0.250     -0.199    148.775     0.0695     9.9431     -0.197    7.90583     9.9423    -0.2383   14.51868 1.6519e+02 0.0000e+00
          3 302.600087    0.00014     0.0083      0.500     -0.199    148.842     0.0695     9.9427     -0.197    7.90591     9.9418    -0.2382   14.51881 1.7487e+02 0.0000e+00
          4 302.600090    0.00021     0.0125      0.750     -0.199    148.998     0.0696     9.9423     -0.197    7.90599     9.9413    -0.2381   14.51895 1.9228e+02 0.0000e+00
          5 302.600093    0.00028     0.0167      1.000     -0.199    149.293     0.0697     9.9418     -0.197    7.90607     9.9408    -0.2380   14.51909 2.2245e+02 0.0000e+00
          6 302.600095    0.00035     0.0208      1.250     -0.199    149.796     0.0700     9.9413     -0.197    7.90616     9.9403    -0.2378   14.51923 2.6469e+02 0.0000e+00
          7 302.600098    0.00042     0.0250      1.500     -0.200    150.594     0.0704     9.9408     -0.198    7.90624     9.9398    -0.2374   14.51936 3.0755e+02 0.0000e+00
          8 302.600101    0.00049     0.0292      1.750     -0.200    151.784     0.0709     9.9402     -0.198    7.90631     9.9393    -0.2370   14.51947 3.3826e+02 0.0000e+00
          9 302.600104    0.00056     0.0333      2.000     -0.199    153.343     0.0717     9.9397     -0.197    7.90637     9.9389    -0.2363   14.51955 3.5570e+02 0.0000e+00
         10 302.600107    0.00063     0.0375      2.250     -0.199    155.044     0.0724     9.9392     -0.197    7.90641     9.9386    -0.2357   14.51962 3.8112e+02 0.0000e+00
         11 302.600110    0.00069     0.0417      2.500     -0.198    156.815     0.0733     9.9389     -0.197    7.90644     9.9385    -0.2350   14.51966 4.3764e+02 0.0000e+00
         12 302.600113    0.00076     0.0458      2.750     -0.198    159.033     0.0743     9.9386     -0.196    7.90644     9.9385    -0.2341   14.51964 5.1699e+02 0.0000e+00
         13 302.600116    0.00083     0.0500      3.000     -0.197    162.430     0.0759     9.9385     -0.196    7.90639     9.9386    -0.2329   14.51952 5.9381e+02 0.0000e+00
         14 302.600119    0.00090     0.0542      3.250     -0.197    167.966     0.0785     9.9385     -0.196    7.90626     9.9386    -0.2308   14.51926 6.5673e+02 0.0000e+00
         15 302.600122    0.00097     0.0583      3.500     -0.198    176.673     0.0826     9.9386     -0.196    7.90604     9.9387    -0.2275   14.51883 7.0543e+02 0.0000e+00
         16 302.600124    0.00104     0.0625      3.750     -0.198    189.532     0.0887     9.9386     -0.196    7.90572     9.9388    -0.2227   14.51820 7.3965e+02 0.0000e+00
         17 302.600127    0.00111     0.0667      4.000     -0.197    207.599     0.0973     9.9387     -0.196    7.90528     9.9389    -0.2160   14.51733 7.5868e+02 0.0000e+00
         18 302.600130    0.00118     0.0708      4.250     -0.197    231.889     0.1089     9.9387     -0.196    7.90468     9.9390    -0.2068   14.51614 7.6165e+02 0.0000e+00
         19 302.600133    0.00125     0.0750      4.500     -0.197    263.564     0.1241     9.9389     -0.196    7.90389     9.9391    -0.1949   14.51458 7.4970e+02 0.0000e+00
         20 302.600136    0.00132     0.0792      4.750     -0.197    304.774     0.1439     9.9390     -0.196    7.90286     9.9391    -0.1793   14.51255 7.2476e+02 0.0000e+00
         21 302.600139    0.00139     0.0833      5.000     -0.198    358.972     0.1702     9.9391     -0.196    7.90152     9.9391    -0.1586   14.50989 6.8441e+02 0.0000e+00
         22 302.600142    0.00146     0.0875      5.250     -0.198    430.318     0.2050     9.9391     -0.196    7.89976     9.9389    -0.1312   14.50640 6.3800e+02 0.0000e+00
         23 302.600145    0.00153     0.0917      5.500     -0.198    519.241     0.2487     9.9390     -0.196    7.89757     9.9387    -0.0968   14.50206 6.1753e+02 0.0000e+00
         24 302.600148    0.00160     0.0958      5.750     -0.198    624.865     0.3010     9.9389     -0.196    7.89497     9.9384    -0.0557   14.49689 6.2900e+02 0.0000e+00
         25 302.600150    0.00167     0.1000      6.000     -0.198    756.439     0.3665     9.9386     -0.196    7.89171     9.9381    -0.0041   14.49042 6.3570e+02 0.0000e+00
         26 302.600153    0.00174     0.1042      6.250     -0.198    904.182     0.4405     9.9384     -0.196    7.88804     9.9378     0.0541   14.48312 6.2329e+02 0.0000e+00
         27 302.600156    0.00181     0.1083      6.500     -0.198   1030.179     0.5038     9.9381     -0.196    7.88491     9.9374     0.1039   14.47689 6.0794e+02 0.0000e+00
         28 302.600159    0.00187     0.1125      6.750     -0.198   1124.786     0.5515     9.9377     -0.196    7.88256     9.9371     0.1415   14.47222 5.9650e+02 0.0000e+00
         29 302.600162    0.00194     0.1167      7.000     -0.199   1207.806     0.5937     9.9374     -0.197    7.88050     9.9367     0.1747   14.46811 5.8970e+02 0.0000e+00
         30 302.600165    0.00201     0.1208      7.250     -0.199   1297.523     0.6396     9.9371     -0.197    7.87826     9.9363     0.2108   14.46365 5.8417e+02 0.0000e+00
         31 302.600168    0.00208     0.1250      7.500     -0.200   1401.388     0.6930     9.9367     -0.198    7.87565     9.9359     0.2527   14.45845 5.7533e+02 0.0000e+00
         32 302.600171    0.00215     0.1292      7.750     -0.200   1499.344     0.7435     9.9362     -0.198    7.87319     9.9354     0.2924   14.45354 5.6622e+02 0.0000e+00
         33 302.600174    0.00222     0.1333      8.000     -0.200   1569.309     0.7795     9.9358     -0.198    7.87145     9.9350     0.3208   14.45007 5.5649e+02 0.0000e+00
         34 302.600177    0.00229     0.1375      8.250     -0.200   1616.094     0.8037     9.9354     -0.198    7.87032     9.9346     0.3398   14.44780 5.4421e+02 0.0000e+00
         35 302.600179    0.00236     0.1417      8.500     -0.200   1649.846     0.8212     9.9350     -0.198    7.86952     9.9341     0.3535   14.44619 5.3384e+02 0.0000e+00
         36 302.600182    0.00243     0.1458      8.750     -0.200   1678.604     0.8361     9.9345     -0.198    7.86885     9.9337     0.3653   14.44484 5.2816e+02 0.0000e+00
         37 302.600185    0.00250     0.1500      9.000     -0.200   1708.062     0.8515     9.9341     -0.198    7.86816     9.9333     0.3774   14.44345 5.2456e+02 0.0000e+00
         38 302.600188    0.00257     0.1542      9.250     -0.200   1736.873     0.8665     9.9337     -0.198    7.86749     9.9329     0.3892   14.44209 5.1937e+02 0.0000e+00
         39 302.600191    0.00264     0.1583      9.500     -0.200   1764.727     0.8811     9.9333     -0.198    7.86683     9.9326     0.4007   14.44077 5.1116e+02 0.0000e+00
         40 302.600194    0.00271     0.1625      9.750     -0.200   1793.316     0.8961     9.9329     -0.198    7.86615     9.9324     0.4125   14.43939 5.0001e+02 0.0000e+00
         41 302.600197    0.00278     0.1667     10.000     -0.200   1823.307     0.9118     9.9326     -0.198    7.86541     9.9322     0.4249   14.43791 4.8538e+02 0.0000e+00
         42 302.600200    0.00285     0.1708     10.250     -0.200   1854.866     0.9285     9.9324     -0.198    7.86462     9.9320     0.4379   14.43633 4.6648e+02 0.0000e+00
         43 302.600203    0.00292     0.1750     10.500     -0.200   1889.472     0.9468     9.9322     -0.198    7.86373     9.9319     0.4523   14.43457 4.5313e+02 0.0000e+00
         44 302.600205    0.00299     0.1792     10.750     -0.200   1930.253     0.9685     9.9320     -0.198    7.86267     9.9318     0.4694   14.43246 4.6038e+02 0.0000e+00
         45 302.600208    0.00306     0.1833     11.000     -0.201   1986.460     0.9986     9.9319     -0.199    7.86119     9.9317     0.4929   14.42951 4.8236e+02 0.0000e+00
         46 302.600211    0.00313     0.1875     11.250     -0.202   2083.998     1.0506     9.9318     -0.200    7.85860     9.9316     0.5337   14.42437 4.9395e+02 0.0000e+00
         47 302.600214    0.00319     0.1917     11.500     -0.204   2243.240     1.1357     9.9317     -0.202    7.85436     9.9316     0.6004   14.41596 4.7685e+02 0.0000e+00
         48 302.600217    0.00326     0.1958     11.750     -0.205   2474.670     1.2595     9.9316     -0.203    7.84818     9.9316     0.6974   14.40369 4.3273e+02 0.0000e+00
         49 302.600220    0.00333     0.2000     12.000     -0.206   2750.348     1.4073     9.9316     -0.204    7.84078     9.9316     0.8132   14.38903 3.7943e+02 0.0000e+00
         50 302.600223    0.00340     0.2042     12.250     -0.206   2968.518     1.5244     9.9316     -0.204    7.83492     9.9316     0.9049   14.37741 3.4054e+02 0.0000e+00
         51 302.600226    0.00347     0.2083     12.500     -0.206   3059.990     1.5733     9.9316     -0.204    7.83248     9.9316     0.9432   14.37256 3.2978e+02 0.0000e+00
         52 302.600229    0.00354     0.2125     12.750     -0.206   3037.080     1.5605     9.9316     -0.204    7.83312     9.9315     0.9332   14.37383 3.3898e+02 0.0000e+00
         53 302.600231    0.00361     0.2167     13.000     -0.206   2960.851     1.5191     9.9316     -0.204    7.83519     9.9312     0.9008   14.37794 3.5676e+02 0.0000e+00
         54 302.600234    0.00368     0.2208     13.250     -0.206   2903.683     1.4882     9.9315     -0.204    7.83676     9.9308     0.8767   14.38105 3.8183e+02 0.0000e+00
         55 302.600237    0.00375     0.2250     13.500     -0.205   2881.598     1.4767     9.9312     -0.203    7.83739     9.9303     0.8677   14.38229 4.0649e+02 0.0000e+00
         56 302.600240    0.00382     0.2292     13.750     -0.205   2873.406     1.4732     9.9308     -0.203    7.83765     9.9297     0.8650   14.38279 4.2914e+02 0.0000e+00
         57 302.600243    0.00389     0.2333     14.000     -0.205   2851.654     1.4632     9.9303     -0.203    7.83827     9.9289     0.8571   14.38401 4.5452e+02 0.0000e+00
         58 302.600246    0.00396     0.2375     14.250     -0.205   2799.286     1.4378     9.9297     -0.203    7.83971     9.9277     0.8372   14.38683 4.7402e+02 0.0000e+00
         59 302.600249    0.00403     0.2417     14.500     -0.204   2734.172     1.4074     9.9289     -0.202    7.84146     9.9258     0.8134   14.39029 4.7959e+02 0.0000e+00
         60 302.600252    0.00410     0.2458     14.750     -0.204   2677.918     1.3851     9.9277     -0.202    7.84294     9.9226     0.7958   14.39320 4.7214e+02 0.0000e+00
         61 302.600255    0.00417     0.2500     15.000     -0.203   2661.394     1.3892     9.9258     -0.201    7.84332     9.9174     0.7988   14.39391 4.5186e+02 0.0000e+00
         62 302.600258    0.00424     0.2542     15.250     -0.202   2758.622     1.4628     9.9226     -0.200    7.84060     9.9087     0.8562   14.38847 4.3576e+02 0.0000e+00
         63 302.600260    0.00431     0.2583     15.500     -0.200   3071.694     1.6657     9.9174     -0.198    7.83204     9.8944     1.0146   14.37141 4.4154e+02 0.0000e+00
         64 302.600263    0.00438     0.2625     15.750     -0.196   3715.249     2.0685     9.9087     -0.194    7.81452     9.8704     1.3292   14.33653 4.5419e+02 0.0000e+00
         65 302.600266    0.00444     0.2667     16.000     -0.190   4833.382     2.7640     9.8944     -0.188    7.78411     9.8305     1.8727   14.27598 4.6266e+02 0.0000e+00
         66 302.600269    0.00451     0.2708     16.250     -0.180   6680.136     3.9145     9.8704     -0.178    7.73385     9.7641     2.7717   14.17593 4.7159e+02 0.0000e+00
         67 302.600272    0.00458     0.2750     16.500     -0.163   9743.441     5.8243     9.8305     -0.162    7.65047     9.6551     4.2640   14.00993 4.8023e+02 0.0000e+00
         68 302.600275    0.00465     0.2792     16.750     -0.136  14872.312     9.0198     9.7641     -0.135    7.51085     9.4984     6.7609   13.73201 4.8517e+02 0.0000e+00
         69 302.600278    0.00472     0.2833     17.000     -0.093  22158.068    13.5906     9.6551     -0.092    7.31440     9.3179    10.3342   13.34048 4.8524e+02 0.0000e+00
         70 302.600281    0.00479     0.2875     17.250     -0.034  29866.130    18.4979     9.4984     -0.034    7.11202     9.1467    14.1762   12.93568 4.8043e+02 0.0000e+00
         71 302.600284    0.00486     0.2917     17.500      0.035  36149.568    22.5554     9.3179      0.035    6.95449     9.0034    17.3612   12.61848 4.6973e+02 0.0000e+00
         72 302.600286    0.00493     0.2958     17.750      0.112  40521.627    25.3979     9.1467      0.111    6.85169     8.8933    19.5998   12.40932 4.5134e+02 0.0000e+00
         73 302.600289    0.00500     0.3000     18.000      0.194  43303.868    27.2087     9.0034      0.192    6.79155     8.8147    21.0312   12.28507 4.2265e+02 0.0000e+00
         74 302.600292    0.00507     0.3042     18.250      0.283  45011.060    28.3183     8.8933      0.280    6.75808     8.7625    21.9117   12.21457 3.7673e+02 0.0000e+00
         75 302.600295    0.00514     0.3083     18.500      0.380  46060.003    28.9995     8.8148      0.376    6.73921     8.7308    22.4539   12.17409 3.2452e+02 0.0000e+00
         76 302.600298    0.00521     0.3125     18.750      0.485  46705.977    29.4191     8.7626      0.480    6.72818     8.7146    22.7885   12.15015 2.8835e+02 0.0000e+00
         77 302.600301    0.00528     0.3167     19.000      0.590  47107.655    29.6806     8.7308      0.584    6.72120     8.7113    22.9969   12.13507 2.5925e+02 0.0000e+00
         78 302.600304    0.00535     0.3208     19.250      0.687  47358.188    29.8445     8.7147      0.680    6.71626     8.7180    23.1271   12.12469 2.2501e+02 0.0000e+00
         79 302.600307    0.00542     0.3250     19.500      0.769  47507.277    29.9429     8.7113      0.761    6.71235     8.7301    23.2042   12.11689 1.9303e+02 0.0000e+00
         80 302.600310    0.00549     0.3292     19.750      0.836  47589.704    29.9982     8.7181      0.828    6.70885     8.7425    23.2464   12.11034 1.7001e+02 0.0000e+00
         81 302.600312    0.00556     0.3333     20.000      0.891  47634.598    30.0294     8.7302      0.882    6.70562     8.7521    23.2688   12.10457 1.5639e+02 0.0000e+00
         82 302.600315    0.00562     0.3375     20.250      0.935  47659.904    30.0476     8.7426      0.926    6.70293     8.7577    23.2812   12.09987 1.4829e+02 0.0000e+00
         83 302.600318    0.00569     0.3417     20.500      0.969  47672.068    30.0567     8.7522      0.960    6.70108     8.7588    23.2869   12.09667 1.4542e+02 0.0000e+00
         84 302.600321    0.00576     0.3458     20.750      0.991  47673.790    30.0583     8.7578      0.982    6.70015     8.7551    23.2873   12.09511 1.5100e+02 0.0000e+00
         85 302.600324    0.00583     0.3500     21.000      1.003  47669.454    30.0552     8.7589      0.994    6.70010     8.7471    23.2847   12.09507 1.6101e+02 0.0000e+00
         86 302.600327    0.00590     0.3542     21.250      1.002  47662.922    30.0499     8.7552      0.993    6.70088     8.7363    23.2812   12.09642 1.6684e+02 0.0000e+00
         87 302.600330    0.00597     0.3583     21.500      0.990  47656.500    30.0443     8.7472      0.981    6.70233     8.7243    23.2779   12.09889 1.6592e+02 0.0000e+00
         88 302.600333    0.00604     0.3625     21.750      0.968  47651.516    30.0392     8.7364      0.959    6.70417     8.7124    23.2755   12.10201 1.6209e+02 0.0000e+00
         89 302.600336    0.00611     0.3667     22.000      0.940  47648.612    30.0355     8.7244      0.931    6.70615     8.7019    23.2744   12.10532 1.6209e+02 0.0000e+00
         90 302.600339    0.00618     0.3708     22.250      0.909  47648.039    30.0335     8.7125      0.900    6.70802     8.6933    23.2745   12.10845 1.7034e+02 0.0000e+00
