CTD-processing/allCTD/CNV--turbid/2013_06-06_alongbay_sadieb_outer_cast102.cnv
* Sea-Bird SBE19plus Data File:
* FileName = C:\Documents and Settings\kbayadmin\My Documents\CTD data\2013-06-06 Kachemak Bay all bay inner bay Nuka\2013-06-06 Kachemak Bay All Bay Outer Bay cast102.hex
* Software Version 1.59
* Temperature SN =  4141
* Conductivity SN =  4141
* System UpLoad Time = Jun 18 2013 16:32:28
** Kachemak Bay All Bay Outer Bay
** 2013-06-06
** Station: Sadie B
** N': 59 30.1752
** W': 151 22.5108
** Start Time: 1614
** Depth(ft): 135
# nquan = 16
# nvalues = 783                         
# units = specified
# name 0 = scan: Scan Count
# name 1 = timeJ: Julian Days
# name 2 = timeH: Time, Elapsed [hours]
# name 3 = timeM: Time, Elapsed [minutes]
# name 4 = timeS: Time, Elapsed [seconds]
# name 5 = prdM: Pressure, Strain Gauge [db]
# name 6 = specc: Specific Conductance [uS/cm]
# name 7 = sal00: Salinity, Practical [PSU]
# name 8 = tv290C: Temperature [ITS-90, deg C]
# name 9 = depSM: Depth [salt water, m], lat = 59.00
# name 10 = oxsolML/L: Oxygen Saturation, Garcia & Gordon [ml/l]
# name 11 = potemp090C: Potential Temperature [ITS-90, deg C]
# name 12 = sigma-é00: Density [sigma-theta, kg/m^3]
# name 13 = n2satML/L: Nitrogen Saturation [ml/l]
# name 14 = par: PAR/Irradiance, Biospherical/Licor
# name 15 = flag:  0.000e+00
# span 0 =          1,        783       
# span 1 = 157.676215, 157.678478       
# span 2 =    0.00000,    0.05431       
# span 3 =     0.0000,     3.2583       
# span 4 =      0.000,    195.500       
# span 5 =     -0.104,     39.491       
# span 6 =    339.691,  51189.488       
# span 7 =     0.1592,    31.7706       
# span 8 =     4.7706,    10.4161       
# span 9 =     -0.103,     39.118       
# span 10 =    6.50329,    8.07261      
# span 11 =     4.7679,    10.4160      
# span 12 =    -0.0939,    25.1385      
# span 13 =   11.78178,   14.79900      
# span 14 = 1.1771e+00, 2.4717e+02      
# span 15 = 0.0000e+00, 0.0000e+00      
# interval = seconds: 0.25
# start_time = Jun 06 2013 16:13:45 [Instrument's time stamp, header]
# bad_flag = -9.990e-29
*END*
[from data line 181]
        182 157.676739    0.01257     0.7542     45.250      0.634  45810.518    28.9245    10.0865      0.628    6.55309    10.0874    22.1990   11.86520 4.2040e+01 0.0000e+00
        183 157.676742    0.01264     0.7583     45.500      0.660  45849.438    28.9512    10.0859      0.654    6.55203    10.0931    22.2198   11.86311 4.5884e+01 0.0000e+00
        184 157.676745    0.01271     0.7625     45.750      0.685  45880.634    28.9728    10.0875      0.679    6.55087    10.1022    22.2364   11.86091 5.1778e+01 0.0000e+00
        185 157.676748    0.01278     0.7667     46.000      0.712  45900.373    28.9871    10.0932      0.705    6.54945    10.1128    22.2466   11.85837 5.6344e+01 0.0000e+00
        186 157.676751    0.01285     0.7708     46.250      0.746  45908.180    28.9935    10.1022      0.739    6.54787    10.1234    22.2501   11.85568 5.8909e+01 0.0000e+00
        187 157.676753    0.01292     0.7750     46.500      0.790  45905.706    28.9929    10.1128      0.783    6.54636    10.1325    22.2480   11.85319 5.9576e+01 0.0000e+00
        188 157.676756    0.01299     0.7792     46.750      0.837  45895.340    28.9868    10.1235      0.829    6.54509    10.1391    22.2415   11.85115 5.6861e+01 0.0000e+00
        189 157.676759    0.01306     0.7833     47.000      0.876  45883.677    28.9796    10.1325      0.867    6.54409    10.1438    22.2345   11.84957 5.0574e+01 0.0000e+00
        190 157.676762    0.01313     0.7875     47.250      0.904  45877.887    28.9763    10.1392      0.895    6.54327    10.1477    22.2309   11.84826 4.3298e+01 0.0000e+00
        191 157.676765    0.01319     0.7917     47.500      0.922  45878.243    28.9771    10.1439      0.914    6.54256    10.1510    22.2307   11.84707 3.6647e+01 0.0000e+00
        192 157.676768    0.01326     0.7958     47.750      0.931  45880.312    28.9790    10.1478      0.923    6.54193    10.1537    22.2316   11.84599 3.1266e+01 0.0000e+00
        193 157.676771    0.01333     0.8000     48.000      0.931  45881.853    28.9804    10.1511      0.922    6.54138    10.1558    22.2322   11.84506 3.0484e+01 0.0000e+00
        194 157.676774    0.01340     0.8042     48.250      0.924  45883.637    28.9820    10.1538      0.915    6.54093    10.1574    22.2329   11.84430 3.4089e+01 0.0000e+00
        195 157.676777    0.01347     0.8083     48.500      0.915  45886.165    28.9840    10.1559      0.907    6.54055    10.1589    22.2342   11.84365 3.8417e+01 0.0000e+00
        196 157.676780    0.01354     0.8125     48.750      0.911  45888.611    28.9859    10.1575      0.902    6.54024    10.1605    22.2354   11.84311 4.1403e+01 0.0000e+00
        197 157.676782    0.01361     0.8167     49.000      0.913  45890.041    28.9870    10.1590      0.905    6.53998    10.1621    22.2361   11.84265 4.0769e+01 0.0000e+00
        198 157.676785    0.01368     0.8208     49.250      0.922  45890.244    28.9874    10.1606      0.914    6.53974    10.1636    22.2361   11.84225 3.8179e+01 0.0000e+00
        199 157.676788    0.01375     0.8250     49.500      0.937  45889.536    28.9870    10.1622      0.928    6.53952    10.1652    22.2356   11.84189 3.8671e+01 0.0000e+00
        200 157.676791    0.01382     0.8292     49.750      0.954  45888.220    28.9863    10.1638      0.945    6.53933    10.1668    22.2347   11.84158 4.0367e+01 0.0000e+00
        201 157.676794    0.01389     0.8333     50.000      0.971  45886.433    28.9852    10.1653      0.962    6.53915    10.1685    22.2336   11.84130 3.8936e+01 0.0000e+00
        202 157.676797    0.01396     0.8375     50.250      0.985  45884.431    28.9839    10.1670      0.976    6.53897    10.1701    22.2324   11.84101 3.7510e+01 0.0000e+00
        203 157.676800    0.01403     0.8417     50.500      0.997  45882.404    28.9827    10.1686      0.988    6.53878    10.1715    22.2312   11.84071 4.1617e+01 0.0000e+00
        204 157.676803    0.01410     0.8458     50.750      1.007  45880.385    28.9815    10.1702      0.997    6.53860    10.1728    22.2300   11.84043 5.1691e+01 0.0000e+00
        205 157.676806    0.01417     0.8500     51.000      1.013  45878.446    28.9803    10.1717      1.003    6.53844    10.1738    22.2288   11.84019 6.1640e+01 0.0000e+00
        206 157.676808    0.01424     0.8542     51.250      1.015  45876.704    28.9792    10.1729      1.006    6.53831    10.1745    22.2278   11.83998 6.5860e+01 0.0000e+00
        207 157.676811    0.01431     0.8583     51.500      1.014  45875.337    28.9784    10.1739      1.005    6.53820    10.1752    22.2270   11.83982 6.9070e+01 0.0000e+00
        208 157.676814    0.01438     0.8625     51.750      1.010  45874.415    28.9779    10.1747      1.001    6.53811    10.1759    22.2264   11.83968 7.3850e+01 0.0000e+00
        209 157.676817    0.01444     0.8667     52.000      1.003  45873.793    28.9775    10.1753      0.994    6.53803    10.1765    22.2260   11.83955 7.4425e+01 0.0000e+00
        210 157.676820    0.01451     0.8708     52.250      0.994  45873.249    28.9772    10.1760      0.984    6.53796    10.1770    22.2257   11.83942 7.0399e+01 0.0000e+00
        211 157.676823    0.01458     0.8750     52.500      0.984  45872.641    28.9768    10.1766      0.974    6.53789    10.1773    22.2253   11.83930 6.4724e+01 0.0000e+00
        212 157.676826    0.01465     0.8792     52.750      0.974  45871.966    28.9764    10.1771      0.964    6.53783    10.1774    22.2249   11.83922 5.9002e+01 0.0000e+00
        213 157.676829    0.01472     0.8833     53.000      0.965  45871.289    28.9760    10.1774      0.956    6.53780    10.1774    22.2245   11.83918 5.3189e+01 0.0000e+00
        214 157.676832    0.01479     0.8875     53.250      0.959  45870.658    28.9756    10.1775      0.950    6.53780    10.1773    22.2242   11.83918 4.5934e+01 0.0000e+00
        215 157.676834    0.01486     0.8917     53.500      0.956  45870.111    28.9752    10.1775      0.947    6.53782    10.1770    22.2239   11.83922 4.0169e+01 0.0000e+00
        216 157.676837    0.01493     0.8958     53.750      0.955  45869.627    28.9748    10.1774      0.946    6.53786    10.1768    22.2236   11.83928 3.7924e+01 0.0000e+00
        217 157.676840    0.01500     0.9000     54.000      0.953  45869.122    28.9744    10.1771      0.944    6.53790    10.1765    22.2234   11.83937 3.8729e+01 0.0000e+00
        218 157.676843    0.01507     0.9042     54.250      0.949  45868.622    28.9741    10.1769      0.940    6.53796    10.1763    22.2231   11.83946 4.4246e+01 0.0000e+00
        219 157.676846    0.01514     0.9083     54.500      0.941  45868.359    28.9739    10.1766      0.933    6.53800    10.1761    22.2230   11.83953 5.0250e+01 0.0000e+00
        220 157.676849    0.01521     0.9125     54.750      0.930  45868.541    28.9740    10.1764      0.922    6.53803    10.1759    22.2231   11.83958 5.1722e+01 0.0000e+00
        221 157.676852    0.01528     0.9167     55.000      0.918  45869.014    28.9743    10.1762      0.909    6.53805    10.1756    22.2234   11.83960 4.8531e+01 0.0000e+00
        222 157.676855    0.01535     0.9208     55.250      0.908  45869.497    28.9746    10.1760      0.899    6.53807    10.1753    22.2236   11.83962 4.0841e+01 0.0000e+00
        223 157.676858    0.01542     0.9250     55.500      0.903  45869.851    28.9748    10.1757      0.894    6.53809    10.1747    22.2238   11.83967 3.4321e+01 0.0000e+00
        224 157.676861    0.01549     0.9292     55.750      0.905  45869.850    28.9748    10.1754      0.896    6.53815    10.1740    22.2239   11.83976 3.2594e+01 0.0000e+00
        225 157.676863    0.01556     0.9333     56.000      0.914  45869.174    28.9742    10.1748      0.905    6.53825    10.1732    22.2235   11.83993 3.4214e+01 0.0000e+00
        226 157.676866    0.01563     0.9375     56.250      0.924  45867.742    28.9731    10.1741      0.916    6.53839    10.1724    22.2228   11.84018 4.0250e+01 0.0000e+00
        227 157.676869    0.01569     0.9417     56.500      0.932  45865.818    28.9717    10.1733      0.924    6.53857    10.1717    22.2218   11.84050 4.7814e+01 0.0000e+00
        228 157.676872    0.01576     0.9458     56.750      0.933  45863.981    28.9703    10.1725      0.925    6.53874    10.1711    22.2209   11.84080 5.1562e+01 0.0000e+00
        229 157.676875    0.01583     0.9500     57.000      0.928  45862.995    28.9696    10.1718      0.920    6.53887    10.1706    22.2204   11.84103 5.0847e+01 0.0000e+00
        230 157.676878    0.01590     0.9542     57.250      0.920  45863.236    28.9697    10.1712      0.911    6.53895    10.1699    22.2206   11.84116 4.9100e+01 0.0000e+00
        231 157.676881    0.01597     0.9583     57.500      0.912  45864.339    28.9704    10.1707      0.903    6.53900    10.1690    22.2212   11.84123 5.0301e+01 0.0000e+00
        232 157.676884    0.01604     0.9625     57.750      0.908  45865.584    28.9712    10.1700      0.900    6.53906    10.1677    22.2219   11.84132 5.5204e+01 0.0000e+00
        233 157.676887    0.01611     0.9667     58.000      0.909  45866.298    28.9716    10.1691      0.901    6.53918    10.1663    22.2224   11.84151 5.7144e+01 0.0000e+00
        234 157.676889    0.01618     0.9708     58.250      0.913  45865.966    28.9712    10.1678      0.905    6.53937    10.1647    22.2223   11.84184 5.2366e+01 0.0000e+00
        235 157.676892    0.01625     0.9750     58.500      0.917  45864.294    28.9699    10.1664      0.909    6.53963    10.1631    22.2215   11.84229 5.0069e+01 0.0000e+00
        236 157.676895    0.01632     0.9792     58.750      0.919  45861.621    28.9678    10.1648      0.910    6.53994    10.1618    22.2202   11.84283 5.1066e+01 0.0000e+00
        237 157.676898    0.01639     0.9833     59.000      0.917  45859.641    28.9663    10.1632      0.908    6.54023    10.1608    22.2192   11.84333 5.0022e+01 0.0000e+00
        238 157.676901    0.01646     0.9875     59.250      0.913  45859.957    28.9663    10.1619      0.904    6.54043    10.1601    22.2195   11.84365 5.1500e+01 0.0000e+00
        239 157.676904    0.01653     0.9917     59.500      0.910  45862.248    28.9678    10.1609      0.901    6.54051    10.1596    22.2208   11.84377 5.6873e+01 0.0000e+00
        240 157.676907    0.01660     0.9958     59.750      0.910  45864.968    28.9696    10.1602      0.902    6.54053    10.1587    22.2223   11.84378 6.2632e+01 0.0000e+00
        241 157.676910    0.01667     1.0000     60.000      0.914  45866.447    28.9706    10.1597      0.906    6.54057    10.1574    22.2232   11.84383 6.5719e+01 0.0000e+00
        242 157.676913    0.01674     1.0042     60.250      0.920  45865.819    28.9701    10.1588      0.911    6.54071    10.1557    22.2229   11.84407 6.5250e+01 0.0000e+00
        243 157.676916    0.01681     1.0083     60.500      0.925  45863.392    28.9682    10.1575      0.916    6.54098    10.1539    22.2216   11.84454 6.2959e+01 0.0000e+00
        244 157.676918    0.01688     1.0125     60.750      0.927  45860.953    28.9663    10.1558      0.919    6.54131    10.1524    22.2204   11.84511 5.8212e+01 0.0000e+00
        245 157.676921    0.01694     1.0167     61.000      0.929  45860.303    28.9657    10.1540      0.920    6.54159    10.1513    22.2202   11.84559 5.4564e+01 0.0000e+00
        246 157.676924    0.01701     1.0208     61.250      0.930  45860.717    28.9658    10.1525      0.921    6.54180    10.1503    22.2205   11.84593 5.4274e+01 0.0000e+00
        247 157.676927    0.01708     1.0250     61.500      0.932  45860.144    28.9653    10.1514      0.923    6.54198    10.1491    22.2203   11.84624 5.3524e+01 0.0000e+00
        248 157.676930    0.01715     1.0292     61.750      0.934  45857.110    28.9630    10.1504      0.925    6.54222    10.1474    22.2187   11.84666 5.4015e+01 0.0000e+00
        249 157.676933    0.01722     1.0333     62.000      0.936  45851.235    28.9588    10.1492      0.927    6.54257    10.1450    22.2156   11.84728 5.6774e+01 0.0000e+00
        250 157.676936    0.01729     1.0375     62.250      0.937  45844.372    28.9538    10.1475      0.928    6.54302    10.1414    22.2120   11.84809 6.0057e+01 0.0000e+00
        251 157.676939    0.01736     1.0417     62.500      0.937  45839.829    28.9504    10.1451      0.928    6.54351    10.1363    22.2097   11.84895 6.3935e+01 0.0000e+00
        252 157.676942    0.01743     1.0458     62.750      0.937  45839.659    28.9498    10.1415      0.928    6.54404    10.1293    22.2099   11.84984 6.5284e+01 0.0000e+00
        253 157.676944    0.01750     1.0500     63.000      0.937  45844.434    28.9526    10.1364      0.928    6.54467    10.1214    22.2128   11.85085 6.4840e+01 0.0000e+00
        254 157.676947    0.01757     1.0542     63.250      0.938  45853.949    28.9584    10.1294      0.929    6.54542    10.1138    22.2185   11.85202 6.9615e+01 0.0000e+00
        255 157.676950    0.01764     1.0583     63.500      0.939  45866.809    28.9665    10.1215      0.930    6.54621    10.1073    22.2261   11.85325 7.4294e+01 0.0000e+00
        256 157.676953    0.01771     1.0625     63.750      0.938  45880.641    28.9753    10.1139      0.929    6.54695    10.1028    22.2341   11.85436 7.0813e+01 0.0000e+00
        257 157.676956    0.01778     1.0667     64.000      0.934  45892.969    28.9832    10.1074      0.925    6.54754    10.1004    22.2413   11.85525 6.3224e+01 0.0000e+00
        258 157.676959    0.01785     1.0708     64.250      0.929  45902.103    28.9891    10.1029      0.920    6.54794    10.0994    22.2466   11.85583 5.7986e+01 0.0000e+00
        259 157.676962    0.01792     1.0750     64.500      0.925  45907.790    28.9928    10.1005      0.917    6.54814    10.0991    22.2499   11.85612 5.9705e+01 0.0000e+00
        260 157.676965    0.01799     1.0792     64.750      0.925  45910.928    28.9949    10.0995      0.916    6.54820    10.0993    22.2517   11.85619 6.3867e+01 0.0000e+00
        261 157.676968    0.01806     1.0833     65.000      0.930  45912.730    28.9961    10.0992      0.921    6.54818    10.0998    22.2527   11.85614 6.3577e+01 0.0000e+00
        262 157.676970    0.01812     1.0875     65.250      0.940  45914.253    28.9972    10.0994      0.931    6.54811    10.1005    22.2535   11.85602 6.1335e+01 0.0000e+00
        263 157.676973    0.01819     1.0917     65.500      0.951  45915.973    28.9984    10.0999      0.942    6.54799    10.1015    22.2544   11.85581 6.0025e+01 0.0000e+00
        264 157.676976    0.01826     1.0958     65.750      0.959  45917.685    28.9997    10.1006      0.950    6.54783    10.1027    22.2552   11.85552 5.9298e+01 0.0000e+00
        265 157.676979    0.01833     1.1000     66.000      0.963  45918.875    29.0007    10.1016      0.954    6.54765    10.1041    22.2558   11.85522 6.0613e+01 0.0000e+00
        266 157.676982    0.01840     1.1042     66.250      0.961  45919.275    29.0011    10.1028      0.953    6.54746    10.1057    22.2559   11.85490 6.5074e+01 0.0000e+00
        267 157.676985    0.01847     1.1083     66.500      0.956  45919.503    29.0014    10.1042      0.947    6.54724    10.1073    22.2560   11.85453 6.9868e+01 0.0000e+00
        268 157.676988    0.01854     1.1125     66.750      0.950  45920.231    29.0021    10.1058      0.941    6.54699    10.1093    22.2563   11.85411 7.0444e+01 0.0000e+00
        269 157.676991    0.01861     1.1167     67.000      0.946  45920.888    29.0027    10.1074      0.938    6.54674    10.1120    22.2565   11.85368 6.5677e+01 0.0000e+00
        270 157.676994    0.01868     1.1208     67.250      0.945  45920.315    29.0025    10.1094      0.937    6.54646    10.1149    22.2560   11.85321 5.8670e+01 0.0000e+00
        271 157.676997    0.01875     1.1250     67.500      0.948  45918.215    29.0014    10.1121      0.939    6.54612    10.1174    22.2547   11.85266 5.2412e+01 0.0000e+00
