CTD-processing/allCTD/CNV--turbid/2013-04-21-cookinlet-tran4-cast127-s06.cnv
* Sea-Bird SBE19plus Data File:
* FileName = C:\Documents and Settings\kris.holderied.local\My Documents\2012-2013-CTD-DATA-new-files\2013-04-EVOSTC-CookInlet-Ocean\2013-04-21-CookInlet-Tran4-Barabara\2013-04-21-CookInlet-Tran4-cast127.hex
* Software Version 1.54
* Temperature SN =  5028
* Conductivity SN =  5028
* System UpLoad Time = Apr 21 2013 12:26:44
** Cook Inlet LTM Transect 4 (Barabara) South to North
** Date:  2013-04-21
** Station: 4-06
** Start time (AKDT-24 hr):  1051
** Depth (m): 61
** Comment:
** Comment:
# nquan = 16
# nvalues = 761                         
# units = specified
# name 0 = scan: Scan Count
# name 1 = timeJ: Julian Days
# name 2 = timeH: Time, Elapsed [hours]
# name 3 = timeM: Time, Elapsed [minutes]
# name 4 = timeS: Time, Elapsed [seconds]
# name 5 = prdM: Pressure, Strain Gauge [db]
# name 6 = specc: Specific Conductance [uS/cm]
# name 7 = sal00: Salinity, Practical [PSU]
# name 8 = tv290C: Temperature [ITS-90, deg C]
# name 9 = depSM: Depth [salt water, m], lat = 59.00
# name 10 = oxsolML/L: Oxygen Saturation, Garcia & Gordon [ml/l]
# name 11 = potemp090C: Potential Temperature [ITS-90, deg C]
# name 12 = sigma-é00: Density [sigma-theta, kg/m^3]
# name 13 = n2satML/L: Nitrogen Saturation [ml/l]
# name 14 = par: PAR/Irradiance, Biospherical/Licor
# name 15 = flag:  0.000e+00
# span 0 =          1,        761       
# span 1 = 111.454329, 111.456528       
# span 2 =    0.00000,    0.05278       
# span 3 =     0.0000,     3.1667       
# span 4 =      0.000,    190.000       
# span 5 =      0.077,     60.795       
# span 6 =   2466.759,  51909.415       
# span 7 =     1.2476,    31.9523       
# span 8 =     2.7230,     3.8079       
# span 9 =      0.077,     60.218       
# span 10 =    7.43182,    9.38201      
# span 11 =     2.7363,     3.8078      
# span 12 =     0.9705,    25.4076      
# span 13 =   13.28094,   16.98250      
# span 14 = 3.7912e-02, 8.1941e+01      
# span 15 = 0.0000e+00, 0.0000e+00      
# interval = seconds: 0.25
# start_time = Apr 21 2013 10:54:14 [Instrument's time stamp, header]
# bad_flag = -9.990e-29
*END*
[from data line 633]
        634 111.456160    0.04396     2.6375    158.250     44.861  51872.104    31.9496     3.5827     44.437    7.47142     3.5830    25.3998   13.34589 4.5848e-02 0.0000e+00
        635 111.456163    0.04403     2.6417    158.500     44.983  51870.162    31.9487     3.5845     44.558    7.47114     3.5838    25.3989   13.34544 4.5489e-02 0.0000e+00
        636 111.456166    0.04410     2.6458    158.750     45.105  51868.581    31.9478     3.5858     44.679    7.47095     3.5842    25.3981   13.34514 4.5069e-02 0.0000e+00
        637 111.456169    0.04417     2.6500    159.000     45.227  51867.361    31.9471     3.5865     44.800    7.47085     3.5843    25.3975   13.34497 4.4680e-02 0.0000e+00
        638 111.456172    0.04424     2.6542    159.250     45.350  51866.325    31.9465     3.5870     44.922    7.47081     3.5842    25.3969   13.34491 4.4449e-02 0.0000e+00
        639 111.456175    0.04431     2.6583    159.500     45.474  51865.794    31.9461     3.5871     45.044    7.47081     3.5842    25.3966   13.34491 4.4303e-02 0.0000e+00
        640 111.456178    0.04437     2.6625    159.750     45.597  51866.900    31.9468     3.5870     45.166    7.47079     3.5847    25.3971   13.34488 4.4135e-02 0.0000e+00
        641 111.456181    0.04444     2.6667    160.000     45.720  51869.409    31.9484     3.5870     45.287    7.47070     3.5856    25.3984   13.34472 4.3940e-02 0.0000e+00
        642 111.456183    0.04451     2.6708    160.250     45.842  51871.082    31.9496     3.5875     45.409    7.47055     3.5864    25.3994   13.34445 4.3730e-02 0.0000e+00
        643 111.456186    0.04458     2.6750    160.500     45.965  51870.881    31.9496     3.5884     45.530    7.47038     3.5869    25.3993   13.34417 4.3511e-02 0.0000e+00
        644 111.456189    0.04465     2.6792    160.750     46.089  51869.696    31.9490     3.5892     45.653    7.47026     3.5869    25.3987   13.34398 4.3287e-02 0.0000e+00
        645 111.456192    0.04472     2.6833    161.000     46.215  51868.318    31.9481     3.5897     45.777    7.47022     3.5865    25.3980   13.34392 4.3061e-02 0.0000e+00
        646 111.456195    0.04479     2.6875    161.250     46.342  51867.154    31.9472     3.5897     45.904    7.47026     3.5857    25.3973   13.34400 4.2832e-02 0.0000e+00
        647 111.456198    0.04486     2.6917    161.500     46.472  51866.431    31.9466     3.5893     46.032    7.47037     3.5848    25.3968   13.34419 4.2608e-02 0.0000e+00
        648 111.456201    0.04493     2.6958    161.750     46.602  51866.217    31.9462     3.5885     46.161    7.47052     3.5839    25.3966   13.34445 4.2396e-02 0.0000e+00
        649 111.456204    0.04500     2.7000    162.000     46.734  51866.584    31.9461     3.5876     46.292    7.47069     3.5830    25.3966   13.34473 4.2186e-02 0.0000e+00
        650 111.456207    0.04507     2.7042    162.250     46.865  51867.167    31.9462     3.5867     46.422    7.47086     3.5820    25.3967   13.34501 4.1976e-02 0.0000e+00
        651 111.456209    0.04514     2.7083    162.500     46.996  51867.306    31.9460     3.5858     46.552    7.47103     3.5808    25.3967   13.34529 4.1775e-02 0.0000e+00
        652 111.456212    0.04521     2.7125    162.750     47.127  51867.055    31.9456     3.5849     46.681    7.47123     3.5795    25.3964   13.34563 4.1585e-02 0.0000e+00
        653 111.456215    0.04528     2.7167    163.000     47.257  51867.193    31.9453     3.5837     46.810    7.47145     3.5783    25.3963   13.34600 4.1394e-02 0.0000e+00
        654 111.456218    0.04535     2.7208    163.250     47.388  51868.123    31.9456     3.5824     46.939    7.47168     3.5773    25.3966   13.34637 4.1199e-02 0.0000e+00
        655 111.456221    0.04542     2.7250    163.500     47.518  51869.534    31.9461     3.5812     47.068    7.47188     3.5766    25.3971   13.34668 4.1011e-02 0.0000e+00
        656 111.456224    0.04549     2.7292    163.750     47.648  51871.004    31.9468     3.5802     47.197    7.47202     3.5762    25.3978   13.34691 4.0830e-02 0.0000e+00
        657 111.456227    0.04556     2.7333    164.000     47.778  51872.373    31.9475     3.5795     47.325    7.47211     3.5762    25.3984   13.34705 4.0652e-02 0.0000e+00
        658 111.456230    0.04562     2.7375    164.250     47.906  51873.689    31.9482     3.5792     47.452    7.47214     3.5765    25.3990   13.34709 4.0476e-02 0.0000e+00
        659 111.456233    0.04569     2.7417    164.500     48.032  51875.133    31.9491     3.5791     47.577    7.47211     3.5771    25.3997   13.34702 4.0303e-02 0.0000e+00
        660 111.456236    0.04576     2.7458    164.750     48.157  51876.775    31.9503     3.5794     47.701    7.47200     3.5781    25.4006   13.34683 4.0135e-02 0.0000e+00
        661 111.456238    0.04583     2.7500    165.000     48.281  51878.049    31.9512     3.5800     47.824    7.47183     3.5790    25.4013   13.34654 3.9974e-02 0.0000e+00
        662 111.456241    0.04590     2.7542    165.250     48.407  51878.157    31.9515     3.5810     47.949    7.47164     3.5797    25.4014   13.34623 3.9821e-02 0.0000e+00
        663 111.456244    0.04597     2.7583    165.500     48.534  51877.124    31.9510     3.5820     48.075    7.47149     3.5798    25.4009   13.34598 3.9663e-02 0.0000e+00
        664 111.456247    0.04604     2.7625    165.750     48.663  51875.417    31.9499     3.5826     48.203    7.47142     3.5792    25.4000   13.34588 3.9493e-02 0.0000e+00
        665 111.456250    0.04611     2.7667    166.000     48.794  51873.238    31.9484     3.5828     48.332    7.47147     3.5778    25.3988   13.34599 3.9326e-02 0.0000e+00
        666 111.456253    0.04618     2.7708    166.250     48.927  51871.333    31.9468     3.5821     48.464    7.47167     3.5761    25.3976   13.34633 3.9169e-02 0.0000e+00
        667 111.456256    0.04625     2.7750    166.500     49.063  51871.049    31.9462     3.5808     48.598    7.47195     3.5745    25.3973   13.34680 3.9018e-02 0.0000e+00
        668 111.456259    0.04632     2.7792    166.750     49.200  51872.712    31.9469     3.5791     48.734    7.47223     3.5735    25.3980   13.34726 3.8865e-02 0.0000e+00
        669 111.456262    0.04639     2.7833    167.000     49.339  51875.361    31.9482     3.5775     48.872    7.47245     3.5731    25.3992   13.34760 3.8711e-02 0.0000e+00
        670 111.456264    0.04646     2.7875    167.250     49.478  51877.965    31.9496     3.5765     49.010    7.47256     3.5731    25.4004   13.34777 3.8565e-02 0.0000e+00
        671 111.456267    0.04653     2.7917    167.500     49.618  51880.019    31.9508     3.5761     49.148    7.47258     3.5735    25.4014   13.34778 3.8429e-02 0.0000e+00
        672 111.456270    0.04660     2.7958    167.750     49.757  51881.322    31.9517     3.5761     49.285    7.47252     3.5741    25.4021   13.34767 3.8300e-02 0.0000e+00
        673 111.456273    0.04667     2.8000    168.000     49.895  51881.898    31.9521     3.5765     49.422    7.47243     3.5746    25.4024   13.34751 3.8189e-02 0.0000e+00
        674 111.456276    0.04674     2.8042    168.250     50.031  51882.071    31.9523     3.5771     49.557    7.47232     3.5751    25.4025   13.34732 3.8102e-02 0.0000e+00
        675 111.456279    0.04681     2.8083    168.500     50.166  51882.021    31.9523     3.5776     49.691    7.47221     3.5755    25.4024   13.34715 3.8035e-02 0.0000e+00
        676 111.456282    0.04688     2.8125    168.750     50.299  51881.617    31.9521     3.5782     49.823    7.47213     3.5756    25.4022   13.34701 3.7988e-02 0.0000e+00
        677 111.456285    0.04694     2.8167    169.000     50.431  51880.903    31.9516     3.5786     49.954    7.47208     3.5755    25.4018   13.34694 3.7958e-02 0.0000e+00
        678 111.456288    0.04701     2.8208    169.250     50.562  51880.187    31.9511     3.5787     50.084    7.47208     3.5751    25.4014   13.34695 3.7940e-02 0.0000e+00
        679 111.456291    0.04708     2.8250    169.500     50.691  51879.646    31.9507     3.5786     50.212    7.47213     3.5745    25.4010   13.34704 3.7929e-02 0.0000e+00
        680 111.456293    0.04715     2.8292    169.750     50.819  51879.195    31.9502     3.5782     50.338    7.47222     3.5736    25.4007   13.34720 3.7922e-02 0.0000e+00
        681 111.456296    0.04722     2.8333    170.000     50.946  51878.723    31.9496     3.5776     50.463    7.47236     3.5725    25.4003   13.34743 3.7918e-02 0.0000e+00
        682 111.456299    0.04729     2.8375    170.250     51.070  51878.140    31.9490     3.5767     50.587    7.47255     3.5709    25.3999   13.34775 3.7916e-02 0.0000e+00
        683 111.456302    0.04736     2.8417    170.500     51.195  51877.220    31.9480     3.5756     50.710    7.47281     3.5687    25.3992   13.34820 3.7914e-02 0.0000e+00
        684 111.456305    0.04743     2.8458    170.750     51.320  51876.144    31.9468     3.5740     50.834    7.47317     3.5661    25.3984   13.34880 3.7914e-02 0.0000e+00
        685 111.456308    0.04750     2.8500    171.000     51.446  51875.612    31.9458     3.5718     50.959    7.47361     3.5633    25.3978   13.34955 3.7913e-02 0.0000e+00
        686 111.456311    0.04757     2.8542    171.250     51.575  51875.904    31.9453     3.5692     51.086    7.47411     3.5605    25.3976   13.35038 3.7913e-02 0.0000e+00
        687 111.456314    0.04764     2.8583    171.500     51.706  51876.809    31.9452     3.5665     51.216    7.47463     3.5577    25.3978   13.35124 3.7912e-02 0.0000e+00
        688 111.456317    0.04771     2.8625    171.750     51.837  51877.998    31.9452     3.5636     51.346    7.47515     3.5549    25.3981   13.35209 3.7912e-02 0.0000e+00
        689 111.456319    0.04778     2.8667    172.000     51.969  51879.061    31.9451     3.5608     51.476    7.47566     3.5521    25.3983   13.35294 3.7912e-02 0.0000e+00
        690 111.456322    0.04785     2.8708    172.250     52.101  51880.193    31.9451     3.5580     51.607    7.47618     3.5495    25.3985   13.35379 3.7912e-02 0.0000e+00
        691 111.456325    0.04792     2.8750    172.500     52.232  51881.974    31.9455     3.5552     51.737    7.47667     3.5473    25.3991   13.35459 3.7912e-02 0.0000e+00
        692 111.456328    0.04799     2.8792    172.750     52.360  51884.205    31.9463     3.5527     51.864    7.47710     3.5454    25.4000   13.35530 3.7912e-02 0.0000e+00
        693 111.456331    0.04806     2.8833    173.000     52.486  51886.305    31.9471     3.5504     51.988    7.47748     3.5438    25.4008   13.35591 3.7912e-02 0.0000e+00
        694 111.456334    0.04813     2.8875    173.250     52.608  51888.025    31.9478     3.5486     52.110    7.47779     3.5423    25.4015   13.35642 3.7912e-02 0.0000e+00
        695 111.456337    0.04819     2.8917    173.500     52.728  51889.213    31.9481     3.5470     52.228    7.47807     3.5409    25.4019   13.35687 3.7912e-02 0.0000e+00
        696 111.456340    0.04826     2.8958    173.750     52.845  51889.734    31.9480     3.5455     52.344    7.47833     3.5393    25.4020   13.35731 3.7912e-02 0.0000e+00
        697 111.456343    0.04833     2.9000    174.000     52.961  51889.901    31.9477     3.5441     52.459    7.47861     3.5376    25.4019   13.35778 3.7912e-02 0.0000e+00
        698 111.456345    0.04840     2.9042    174.250     53.077  51890.287    31.9475     3.5425     52.574    7.47891     3.5359    25.4019   13.35828 3.7912e-02 0.0000e+00
        699 111.456348    0.04847     2.9083    174.500     53.195  51891.143    31.9476     3.5408     52.690    7.47922     3.5344    25.4021   13.35878 3.7912e-02 0.0000e+00
        700 111.456351    0.04854     2.9125    174.750     53.313  51892.427    31.9480     3.5392     52.807    7.47951     3.5332    25.4026   13.35924 3.7912e-02 0.0000e+00
        701 111.456354    0.04861     2.9167    175.000     53.432  51893.944    31.9486     3.5377     52.926    7.47975     3.5323    25.4032   13.35963 3.7912e-02 0.0000e+00
        702 111.456357    0.04868     2.9208    175.250     53.553  51895.379    31.9492     3.5364     53.045    7.47994     3.5315    25.4038   13.35995 3.7912e-02 0.0000e+00
        703 111.456360    0.04875     2.9250    175.500     53.675  51896.422    31.9496     3.5355     53.166    7.48010     3.5309    25.4042   13.36019 3.7912e-02 0.0000e+00
        704 111.456363    0.04882     2.9292    175.750     53.797  51896.977    31.9498     3.5347     53.287    7.48022     3.5302    25.4043   13.36040 3.7912e-02 0.0000e+00
        705 111.456366    0.04889     2.9333    176.000     53.921  51897.138    31.9497     3.5341     53.410    7.48034     3.5293    25.4043   13.36061 3.7912e-02 0.0000e+00
        706 111.456369    0.04896     2.9375    176.250     54.047  51896.960    31.9493     3.5334     53.535    7.48049     3.5282    25.4040   13.36085 3.7912e-02 0.0000e+00
        707 111.456372    0.04903     2.9417    176.500     54.174  51896.847    31.9489     3.5325     53.661    7.48067     3.5271    25.4038   13.36115 3.7912e-02 0.0000e+00
        708 111.456374    0.04910     2.9458    176.750     54.303  51897.398    31.9490     3.5315     53.789    7.48086     3.5262    25.4040   13.36147 3.7912e-02 0.0000e+00
        709 111.456377    0.04917     2.9500    177.000     54.434  51898.473    31.9494     3.5304     53.918    7.48104     3.5255    25.4044   13.36176 3.7912e-02 0.0000e+00
        710 111.456380    0.04924     2.9542    177.250     54.564  51899.541    31.9498     3.5295     54.047    7.48119     3.5249    25.4048   13.36199 3.7912e-02 0.0000e+00
        711 111.456383    0.04931     2.9583    177.500     54.694  51900.386    31.9501     3.5288     54.176    7.48130     3.5245    25.4051   13.36218 3.7912e-02 0.0000e+00
        712 111.456386    0.04938     2.9625    177.750     54.823  51901.073    31.9504     3.5283     54.303    7.48139     3.5243    25.4054   13.36231 3.7912e-02 0.0000e+00
        713 111.456389    0.04944     2.9667    178.000     54.950  51901.673    31.9506     3.5279     54.430    7.48144     3.5241    25.4056   13.36240 3.7912e-02 0.0000e+00
        714 111.456392    0.04951     2.9708    178.250     55.076  51902.113    31.9508     3.5277     54.554    7.48148     3.5240    25.4058   13.36246 3.7912e-02 0.0000e+00
        715 111.456395    0.04958     2.9750    178.500     55.199  51902.330    31.9508     3.5275     54.676    7.48151     3.5238    25.4058   13.36251 3.7912e-02 0.0000e+00
        716 111.456398    0.04965     2.9792    178.750     55.320  51902.385    31.9508     3.5274     54.796    7.48154     3.5236    25.4058   13.36255 3.7912e-02 0.0000e+00
        717 111.456400    0.04972     2.9833    179.000     55.440  51902.386    31.9507     3.5272     54.914    7.48157     3.5234    25.4057   13.36261 3.7912e-02 0.0000e+00
        718 111.456403    0.04979     2.9875    179.250     55.560  51902.375    31.9506     3.5270     55.033    7.48161     3.5230    25.4056   13.36268 3.7912e-02 0.0000e+00
        719 111.456406    0.04986     2.9917    179.500     55.680  51902.309    31.9504     3.5268     55.152    7.48166     3.5225    25.4055   13.36277 3.7912e-02 0.0000e+00
        720 111.456409    0.04993     2.9958    179.750     55.802  51902.164    31.9502     3.5264     55.273    7.48174     3.5219    25.4054   13.36291 3.7912e-02 0.0000e+00
        721 111.456412    0.05000     3.0000    180.000     55.925  51901.957    31.9498     3.5259     55.395    7.48185     3.5212    25.4051   13.36308 3.7912e-02 0.0000e+00
        722 111.456415    0.05007     3.0042    180.250     56.051  51901.842    31.9495     3.5253     55.519    7.48197     3.5204    25.4050   13.36330 3.7912e-02 0.0000e+00
        723 111.456418    0.05014     3.0083    180.500     56.179  51902.148    31.9495     3.5245     55.646    7.48211     3.5196    25.4050   13.36353 3.7912e-02 0.0000e+00
