CTD-processing/allCTD/CNV--turbid/2013_06-19_t9_s04_cast182.cnv
* Sea-Bird SBE19plus Data File:
* FileName = C:\Documents and Settings\kbayadmin\My Documents\CTD data\2013-06-19 Kachemak Bay Homer Spit Line\2013-06-06 Kachemak Bay Homer Spit Line cast182.hex
* Software Version 1.59
* Temperature SN =  5028
* Conductivity SN =  5028
* System UpLoad Time = Jun 19 2013 15:41:22
** Kachemak Bay All Bay Inner Bay
** 2013-06-06
** Station: 9-04
** N': 59 34.603
** W': 151 22.418
** Start Time: 1135
** Depth(ft): 309
# nquan = 16
# nvalues = 529                         
# units = specified
# name 0 = scan: Scan Count
# name 1 = timeJ: Julian Days
# name 2 = timeH: Time, Elapsed [hours]
# name 3 = timeM: Time, Elapsed [minutes]
# name 4 = timeS: Time, Elapsed [seconds]
# name 5 = prdM: Pressure, Strain Gauge [db]
# name 6 = specc: Specific Conductance [uS/cm]
# name 7 = sal00: Salinity, Practical [PSU]
# name 8 = tv290C: Temperature [ITS-90, deg C]
# name 9 = depSM: Depth [salt water, m], lat = 59.00
# name 10 = oxsolML/L: Oxygen Saturation, Garcia & Gordon [ml/l]
# name 11 = potemp090C: Potential Temperature [ITS-90, deg C]
# name 12 = sigma-é00: Density [sigma-theta, kg/m^3]
# name 13 = n2satML/L: Nitrogen Saturation [ml/l]
# name 14 = par: PAR/Irradiance, Biospherical/Licor
# name 15 = flag:  0.000e+00
# span 0 =          1,        529       
# span 1 = 170.482627, 170.484155       
# span 2 =    0.00000,    0.03667       
# span 3 =     0.0000,     2.2000       
# span 4 =      0.000,    132.000       
# span 5 =     -0.039,     89.310       
# span 6 =    600.179,  51244.095       
# span 7 =     0.2888,    31.8307       
# span 8 =     4.9846,    13.6756       
# span 9 =     -0.039,     88.456       
# span 10 =    6.14781,    8.04494      
# span 11 =     4.9782,    13.6755      
# span 12 =     0.0001,    25.1642      
# span 13 =   11.20475,   14.75034      
# span 14 = 4.5633e-02, 3.2436e+02      
# span 15 = 0.0000e+00, 0.0000e+00      
# interval = seconds: 0.25
# start_time = Jun 19 2013 11:34:59 [Instrument's time stamp, header]
# bad_flag = -9.990e-29
*END*
[from data line 272]
        273 170.483414    0.01889     1.1333     68.000      0.857  43104.324    27.3305    13.3783      0.849    6.16942    13.3901    20.3889   11.24653 1.4789e+02 0.0000e+00
        274 170.483417    0.01896     1.1375     68.250      0.891  43159.107    27.3693    13.3832      0.883    6.16734    13.4011    20.4179   11.24261 1.4038e+02 0.0000e+00
        275 170.483420    0.01903     1.1417     68.500      0.947  43250.169    27.4336    13.3902      0.938    6.16402    13.4160    20.4661   11.23633 1.3006e+02 0.0000e+00
        276 170.483423    0.01910     1.1458     68.750      1.031  43383.802    27.5280    13.4013      1.021    6.15905    13.4249    20.5367   11.22696 1.1785e+02 0.0000e+00
        277 170.483426    0.01917     1.1500     69.000      1.148  43539.217    27.6379    13.4162      1.137    6.15304    13.4038    20.6184   11.21569 1.0516e+02 0.0000e+00
        278 170.483429    0.01924     1.1542     69.250      1.299  43684.904    27.7403    13.4251      1.286    6.14817    13.3191    20.6953   11.20639 9.3205e+01 0.0000e+00
        279 170.483432    0.01931     1.1583     69.500      1.482  43813.443    27.8281    13.4040      1.467    6.14781    13.1338    20.7665   11.20475 8.2598e+01 0.0000e+00
        280 170.483435    0.01938     1.1625     69.750      1.690  43946.452    27.9138    13.3193      1.674    6.15582    12.8185    20.8479   11.21706 7.3453e+01 0.0000e+00
        281 170.483438    0.01944     1.1667     70.000      1.917  44114.240    28.0156    13.1340      1.899    6.17635    12.3841    20.9603   11.24999 6.5711e+01 0.0000e+00
        282 170.483440    0.01951     1.1708     70.250      2.151  44361.530    28.1621    12.8188      2.131    6.21226    11.8844    21.1310   11.30796 5.9241e+01 0.0000e+00
        283 170.483443    0.01958     1.1750     70.500      2.388  44718.793    28.3747    12.3844      2.366    6.26166    11.3599    21.3739   11.38755 5.3814e+01 0.0000e+00
        284 170.483446    0.01965     1.1792     70.750      2.627  45136.042    28.6215    11.8847      2.602    6.31906    10.8111    21.6537   11.48000 4.9248e+01 0.0000e+00
        285 170.483449    0.01972     1.1833     71.000      2.868  45553.376    28.8629    11.3602      2.841    6.38096    10.2484    21.9319   11.57993 4.5432e+01 0.0000e+00
        286 170.483452    0.01979     1.1875     71.250      3.114  45999.687    29.1187    10.8114      3.084    6.44665     9.7168    22.2234   11.68592 4.2246e+01 0.0000e+00
        287 170.483455    0.01986     1.1917     71.500      3.362  46508.869    29.4134    10.2487      3.330    6.51374     9.2502    22.5455   11.79370 3.9586e+01 0.0000e+00
        288 170.483458    0.01993     1.1958     71.750      3.610  47011.540    29.7035     9.7171      3.576    6.57759     8.8540    22.8571   11.89610 3.7361e+01 0.0000e+00
        289 170.483461    0.02000     1.2000     72.000      3.858  47442.304    29.9477     9.2506      3.821    6.63488     8.5293    23.1210   11.98811 3.5452e+01 0.0000e+00
        290 170.483464    0.02007     1.2042     72.250      4.106  47822.275    30.1626     8.8544      4.067    6.68382     8.2742    23.3498   12.06661 3.3729e+01 0.0000e+00
        291 170.483466    0.02014     1.2083     72.500      4.359  48165.479    30.3591     8.5297      4.318    6.72350     8.0763    23.5524   12.12994 3.2104e+01 0.0000e+00
        292 170.483469    0.02021     1.2125     72.750      4.617  48456.120    30.5268     8.2747      4.573    6.75437     7.9159    23.7215   12.17902 3.0548e+01 0.0000e+00
        293 170.483472    0.02028     1.2167     73.000      4.878  48690.193    30.6620     8.0768      4.832    6.77830     7.7738    23.8563   12.21699 2.9043e+01 0.0000e+00
        294 170.483475    0.02035     1.2208     73.250      5.142  48886.116    30.7751     7.9164      5.094    6.79771     7.6423    23.9681   12.24773 2.7564e+01 0.0000e+00
        295 170.483478    0.02042     1.2250     73.500      5.413  49070.799    30.8824     7.7744      5.362    6.81476     7.5269    24.0723   12.27462 2.6102e+01 0.0000e+00
        296 170.483481    0.02049     1.2292     73.750      5.692  49251.811    30.9880     7.6428      5.638    6.83038     7.4335    24.1736   12.29916 2.4674e+01 0.0000e+00
        297 170.483484    0.02056     1.2333     74.000      5.977  49417.483    31.0851     7.5274      5.921    6.84396     7.3606    24.2658   12.32042 2.3318e+01 0.0000e+00
        298 170.483487    0.02063     1.2375     74.250      6.262  49555.731    31.1663     7.4341      6.203    6.85486     7.3022    24.3424   12.33745 2.2065e+01 0.0000e+00
        299 170.483490    0.02069     1.2417     74.500      6.539  49659.923    31.2269     7.3612      6.478    6.86354     7.2520    24.4000   12.35105 2.0927e+01 0.0000e+00
        300 170.483492    0.02076     1.2458     74.750      6.807  49731.457    31.2670     7.3028      6.743    6.87090     7.2063    24.4394   12.36273 1.9903e+01 0.0000e+00
        301 170.483495    0.02083     1.2500     75.000      7.064  49782.415    31.2941     7.2526      6.998    6.87758     7.1641    24.4674   12.37344 1.8985e+01 0.0000e+00
        302 170.483498    0.02090     1.2542     75.250      7.314  49824.543    31.3156     7.2069      7.245    6.88382     7.1249    24.4905   12.38349 1.8159e+01 0.0000e+00
        303 170.483501    0.02097     1.2583     75.500      7.558  49859.565    31.3327     7.1648      7.487    6.88972     7.0876    24.5095   12.39303 1.7404e+01 0.0000e+00
        304 170.483504    0.02104     1.2625     75.750      7.800  49886.585    31.3448     7.1256      7.727    6.89538     7.0516    24.5242   12.40225 1.6691e+01 0.0000e+00
        305 170.483507    0.02111     1.2667     76.000      8.047  49910.130    31.3547     7.0883      7.971    6.90086     7.0179    24.5369   12.41119 1.5999e+01 0.0000e+00
        306 170.483510    0.02118     1.2708     76.250      8.303  49936.161    31.3665     7.0523      8.225    6.90605     6.9876    24.5509   12.41961 1.5316e+01 0.0000e+00
        307 170.483513    0.02125     1.2750     76.500      8.572  49965.532    31.3809     7.0186      8.492    6.91076     6.9615    24.5667   12.42722 1.4625e+01 0.0000e+00
        308 170.483516    0.02132     1.2792     76.750      8.856  49996.361    31.3970     6.9884      8.773    6.91484     6.9391    24.5833   12.43378 1.3904e+01 0.0000e+00
        309 170.483519    0.02139     1.2833     77.000      9.154  50025.927    31.4129     6.9623      9.069    6.91829     6.9196    24.5992   12.43927 1.3166e+01 0.0000e+00
        310 170.483521    0.02146     1.2875     77.250      9.464  50052.711    31.4274     6.9400      9.376    6.92120     6.9030    24.6136   12.44389 1.2439e+01 0.0000e+00
        311 170.483524    0.02153     1.2917     77.500      9.784  50078.515    31.4418     6.9205      9.692    6.92366     6.8901    24.6274   12.44778 1.1734e+01 0.0000e+00
        312 170.483527    0.02160     1.2958     77.750     10.112  50103.420    31.4560     6.9039     10.017    6.92565     6.8810    24.6408   12.45091 1.1055e+01 0.0000e+00
        313 170.483530    0.02167     1.3000     78.000     10.449  50124.804    31.4685     6.8911     10.350    6.92715     6.8751    24.6523   12.45322 1.0396e+01 0.0000e+00
        314 170.483533    0.02174     1.3042     78.250     10.797  50141.486    31.4783     6.8820     10.695    6.92815     6.8716    24.6612   12.45475 9.7616e+00 0.0000e+00
        315 170.483536    0.02181     1.3083     78.500     11.154  50154.621    31.4863     6.8761     11.049    6.92873     6.8700    24.6682   12.45561 9.1594e+00 0.0000e+00
        316 170.483539    0.02187     1.3125     78.750     11.519  50166.010    31.4934     6.8727     11.410    6.92895     6.8698    24.6743   12.45589 8.5904e+00 0.0000e+00
        317 170.483542    0.02194     1.3167     79.000     11.889  50176.512    31.5003     6.8711     11.777    6.92890     6.8705    24.6799   12.45571 8.0476e+00 0.0000e+00
        318 170.483545    0.02201     1.3208     79.250     12.266  50185.411    31.5062     6.8709     12.151    6.92866     6.8715    24.6846   12.45524 7.5239e+00 0.0000e+00
        319 170.483547    0.02208     1.3250     79.500     12.651  50191.807    31.5106     6.8716     12.533    6.92834     6.8725    24.6880   12.45466 7.0169e+00 0.0000e+00
        320 170.483550    0.02215     1.3292     79.750     13.044  50196.266    31.5137     6.8727     12.922    6.92802     6.8732    24.6903   12.45410 6.5301e+00 0.0000e+00
        321 170.483553    0.02222     1.3333     80.000     13.443  50200.599    31.5167     6.8737     13.317    6.92773     6.8744    24.6926   12.45358 6.0711e+00 0.0000e+00
        322 170.483556    0.02229     1.3375     80.250     13.845  50207.153    31.5212     6.8745     13.715    6.92739     6.8767    24.6960   12.45297 5.6467e+00 0.0000e+00
        323 170.483559    0.02236     1.3417     80.500     14.245  50215.828    31.5273     6.8757     14.111    6.92692     6.8805    24.7006   12.45212 5.2597e+00 0.0000e+00
        324 170.483562    0.02243     1.3458     80.750     14.640  50225.693    31.5344     6.8780     14.503    6.92623     6.8874    24.7059   12.45089 4.9087e+00 0.0000e+00
        325 170.483565    0.02250     1.3500     81.000     15.029  50241.323    31.5457     6.8818     14.888    6.92510     6.9001    24.7143   12.44888 4.5902e+00 0.0000e+00
        326 170.483568    0.02257     1.3542     81.250     15.410  50267.575    31.5650     6.8887     15.265    6.92313     6.9209    24.7286   12.44537 4.3009e+00 0.0000e+00
        327 170.483571    0.02264     1.3583     81.500     15.781  50301.991    31.5911     6.9015     15.633    6.91991     6.9500    24.7475   12.43972 4.0360e+00 0.0000e+00
        328 170.483573    0.02271     1.3625     81.750     16.145  50336.848    31.6188     6.9224     15.994    6.91531     6.9846    24.7666   12.43177 3.7873e+00 0.0000e+00
        329 170.483576    0.02278     1.3667     82.000     16.507  50362.919    31.6419     6.9514     16.352    6.90962     7.0202    24.7810   12.42207 3.5472e+00 0.0000e+00
        330 170.483579    0.02285     1.3708     82.250     16.873  50372.217    31.6543     6.9861     16.714    6.90353     7.0511    24.7862   12.41185 3.3135e+00 0.0000e+00
        331 170.483582    0.02292     1.3750     82.500     17.245  50361.888    31.6532     7.0217     17.083    6.89791     7.0723    24.7807   12.40257 3.0887e+00 0.0000e+00
        332 170.483585    0.02299     1.3792     82.750     17.623  50335.408    31.6401     7.0526     17.457    6.89358     7.0806    24.7663   12.39557 2.8767e+00 0.0000e+00
        333 170.483588    0.02306     1.3833     83.000     18.002  50299.624    31.6187     7.0739     17.833    6.89116     7.0745    24.7467   12.39185 2.6794e+00 0.0000e+00
        334 170.483591    0.02313     1.3875     83.250     18.382  50261.481    31.5934     7.0822     18.209    6.89099     7.0558    24.7257   12.39188 2.4950e+00 0.0000e+00
        335 170.483594    0.02319     1.3917     83.500     18.762  50231.610    31.5714     7.0762     18.586    6.89295     7.0297    24.7092   12.39538 2.3213e+00 0.0000e+00
        336 170.483597    0.02326     1.3958     83.750     19.144  50223.240    31.5622     7.0574     18.965    6.89634     7.0032    24.7044   12.40112 2.1579e+00 0.0000e+00
        337 170.483600    0.02333     1.4000     84.000     19.527  50239.321    31.5686     7.0314     19.344    6.90019     6.9813    24.7129   12.40741 2.0055e+00 0.0000e+00
        338 170.483602    0.02340     1.4042     84.250     19.910  50271.675    31.5863     7.0049     19.723    6.90361     6.9662    24.7303   12.41283 1.8637e+00 0.0000e+00
        339 170.483605    0.02347     1.4083     84.500     20.294  50310.441    31.6093     6.9830     20.104    6.90605     6.9583    24.7512   12.41657 1.7313e+00 0.0000e+00
        340 170.483608    0.02354     1.4125     84.750     20.680  50350.750    31.6345     6.9679     20.486    6.90730     6.9578    24.7730   12.41833 1.6079e+00 0.0000e+00
        341 170.483611    0.02361     1.4167     85.000     21.066  50390.540    31.6606     6.9601     20.869    6.90736     6.9636    24.7946   12.41809 1.4935e+00 0.0000e+00
        342 170.483614    0.02368     1.4208     85.250     21.450  50423.337    31.6832     6.9596     21.249    6.90641     6.9733    24.8124   12.41625 1.3884e+00 0.0000e+00
        343 170.483617    0.02375     1.4250     85.500     21.831  50442.341    31.6973     6.9655     21.626    6.90483     6.9839    24.8228   12.41347 1.2925e+00 0.0000e+00
        344 170.483620    0.02382     1.4292     85.750     22.207  50447.994    31.7028     6.9752     21.998    6.90303     6.9933    24.8258   12.41042 1.2046e+00 0.0000e+00
        345 170.483623    0.02389     1.4333     86.000     22.579  50445.720    31.7029     6.9859     22.367    6.90133     7.0008    24.8245   12.40761 1.1227e+00 0.0000e+00
        346 170.483626    0.02396     1.4375     86.250     22.947  50440.082    31.7005     6.9954     22.732    6.89993     7.0060    24.8214   12.40533 1.0459e+00 0.0000e+00
        347 170.483628    0.02403     1.4417     86.500     23.314  50433.491    31.6970     7.0028     23.096    6.89890     7.0092    24.8177   12.40367 9.7421e-01 0.0000e+00
        348 170.483631    0.02410     1.4458     86.750     23.682  50427.656    31.6937     7.0081     23.460    6.89821     7.0108    24.8144   12.40258 9.0722e-01 0.0000e+00
        349 170.483634    0.02417     1.4500     87.000     24.053  50423.894    31.6915     7.0113     23.827    6.89781     7.0116    24.8123   12.40193 8.4434e-01 0.0000e+00
        350 170.483637    0.02424     1.4542     87.250     24.426  50422.669    31.6908     7.0130     24.197    6.89757     7.0120    24.8115   12.40155 7.8555e-01 0.0000e+00
        351 170.483640    0.02431     1.4583     87.500     24.801  50423.563    31.6913     7.0138     24.568    6.89741     7.0121    24.8119   12.40128 7.3092e-01 0.0000e+00
        352 170.483643    0.02438     1.4625     87.750     25.177  50425.807    31.6928     7.0142     24.941    6.89728     7.0114    24.8130   12.40103 6.8035e-01 0.0000e+00
        353 170.483646    0.02444     1.4667     88.000     25.552  50428.630    31.6946     7.0143     25.312    6.89718     7.0093    24.8144   12.40085 6.3373e-01 0.0000e+00
        354 170.483649    0.02451     1.4708     88.250     25.924  50431.645    31.6964     7.0136     25.680    6.89721     7.0054    24.8159   12.40087 5.9070e-01 0.0000e+00
        355 170.483652    0.02458     1.4750     88.500     26.293  50435.278    31.6984     7.0115     26.046    6.89745     7.0000    24.8177   12.40124 5.5073e-01 0.0000e+00
        356 170.483655    0.02465     1.4792     88.750     26.662  50439.849    31.7007     7.0077     26.412    6.89796     6.9939    24.8201   12.40205 5.1347e-01 0.0000e+00
        357 170.483657    0.02472     1.4833     89.000     27.032  50444.783    31.7031     7.0024     26.778    6.89870     6.9871    24.8226   12.40325 4.7866e-01 0.0000e+00
        358 170.483660    0.02479     1.4875     89.250     27.405  50448.652    31.7045     6.9963     27.148    6.89960     6.9794    24.8246   12.40473 4.4607e-01 0.0000e+00
        359 170.483663    0.02486     1.4917     89.500     27.782  50450.734    31.7046     6.9896     27.521    6.90067     6.9703    24.8255   12.40649 4.1557e-01 0.0000e+00
        360 170.483666    0.02493     1.4958     89.750     28.161  50452.075    31.7040     6.9818     27.896    6.90193     6.9597    24.8260   12.40858 3.8713e-01 0.0000e+00
        361 170.483669    0.02500     1.5000     90.000     28.542  50453.281    31.7031     6.9728     28.274    6.90342     6.9473    24.8265   12.41106 3.6070e-01 0.0000e+00
