CTD-processing/allCTD/CNV--turbid/2013_02-12_alongbay_skb14_to10meters_cast047.cnv
* Sea-Bird SBE19plus Data File:
* FileName = C:\Documents and Settings\kris.holderied.local\My Documents\2012-2013-CTD-DATA-new-files\2013-02-EVOSTC-CookInlet\2013-02-12-along-KBay-line\2012-02-12-Along-KBay-line-cast047.hex
* Software Version 1.54
* Temperature SN =  5028
* Conductivity SN =  5028
* System UpLoad Time = Mar 14 2013 23:59:52
** Kachemak Bay - along-bay transect, west to east
** Date:  12 Feb 2013
** Station: KB-13
** Start time (AKDT-24 hr): 22:33
** Depth (m): 10
** Comment: CTD time set wrong by 2 hours
** Comment: Supplement to Gulf Watch sampling
# nquan = 16
# nvalues = 465                         
# units = specified
# name 0 = scan: Scan Count
# name 1 = timeJ: Julian Days
# name 2 = timeH: Time, Elapsed [hours]
# name 3 = timeM: Time, Elapsed [minutes]
# name 4 = timeS: Time, Elapsed [seconds]
# name 5 = prdM: Pressure, Strain Gauge [db]
# name 6 = specc: Specific Conductance [uS/cm]
# name 7 = sal00: Salinity, Practical [PSU]
# name 8 = tv290C: Temperature [ITS-90, deg C]
# name 9 = depSM: Depth [salt water, m], lat = 59.00
# name 10 = oxsolML/L: Oxygen Saturation, Garcia & Gordon [ml/l]
# name 11 = potemp090C: Potential Temperature [ITS-90, deg C]
# name 12 = sigma-é00: Density [sigma-theta, kg/m^3]
# name 13 = n2satML/L: Nitrogen Saturation [ml/l]
# name 14 = par: PAR/Irradiance, Biospherical/Licor
# name 15 = flag:  0.000e+00
# span 0 =          1,        465       
# span 1 =  44.021088,  44.022431       
# span 2 =    0.00000,    0.03222       
# span 3 =     0.0000,     1.9333       
# span 4 =      0.000,    116.000       
# span 5 =     -0.137,     10.600       
# span 6 =   2810.304,  51271.343       
# span 7 =     1.3916,    31.5324       
# span 8 =     1.6442,     3.4776       
# span 9 =     -0.136,     10.501       
# span 10 =    7.51199,    9.38839      
# span 11 =     1.6442,     3.4770      
# span 12 =     1.0874,    25.0769      
# span 13 =   13.41831,   16.99025      
# span 14 = 3.7912e-02, 5.8219e+00      
# span 15 = 0.0000e+00, 0.0000e+00      
# interval = seconds: 0.25
# start_time = Feb 13 2013 00:30:22 [Instrument's time stamp, header]
# bad_flag = -9.990e-29
*END*
[from data line 272]
        273  44.021875    0.01889     1.1333     68.000      0.550  42732.964    25.4860     1.9622      0.545    8.13316     1.8951    20.3596   14.52703 1.2034e+00 0.0000e+00
        274  44.021878    0.01896     1.1375     68.250      0.550  42623.571    25.4081     1.9336      0.545    8.14351     1.8540    20.2987   14.54524 1.2164e+00 0.0000e+00
        275  44.021881    0.01903     1.1417     68.500      0.550  42539.602    25.3444     1.8951      0.545    8.15516     1.8179    20.2498   14.56542 1.2232e+00 0.0000e+00
        276  44.021884    0.01910     1.1458     68.750      0.549  42492.523    25.3042     1.8540      0.544    8.16606     1.7895    20.2197   14.58401 1.2170e+00 0.0000e+00
        277  44.021887    0.01917     1.1500     69.000      0.549  42457.189    25.2729     1.8180      0.544    8.17540     1.7679    20.1964   14.59991 1.1972e+00 0.0000e+00
        278  44.021889    0.01924     1.1542     69.250      0.549  42423.861    25.2446     1.7895      0.544    8.18299     1.7516    20.1752   14.61286 1.1763e+00 0.0000e+00
        279  44.021892    0.01931     1.1583     69.500      0.550  42389.785    25.2174     1.7679      0.545    8.18908     1.7388    20.1545   14.62331 1.1668e+00 0.0000e+00
        280  44.021895    0.01938     1.1625     69.750      0.551  42350.696    25.1882     1.7516      0.546    8.19418     1.7284    20.1319   14.63215 1.1718e+00 0.0000e+00
        281  44.021898    0.01944     1.1667     70.000      0.552  42306.547    25.1566     1.7388      0.547    8.19866     1.7194    20.1072   14.64001 1.1798e+00 0.0000e+00
        282  44.021901    0.01951     1.1708     70.250      0.553  42261.980    25.1252     1.7284      0.548    8.20265     1.7114    20.0825   14.64706 1.1827e+00 0.0000e+00
        283  44.021904    0.01958     1.1750     70.500      0.553  42218.654    25.0949     1.7194      0.548    8.20626     1.7041    20.0587   14.65346 1.1982e+00 0.0000e+00
        284  44.021907    0.01965     1.1792     70.750      0.552  42173.009    25.0634     1.7115      0.547    8.20972     1.6970    20.0339   14.65964 1.2314e+00 0.0000e+00
        285  44.021910    0.01972     1.1833     71.000      0.551  42123.919    25.0298     1.7041      0.546    8.21319     1.6900    20.0073   14.66585 1.2505e+00 0.0000e+00
        286  44.021913    0.01979     1.1875     71.250      0.550  42076.665    24.9974     1.6970      0.545    8.21653     1.6834    19.9817   14.67184 1.2408e+00 0.0000e+00
        287  44.021916    0.01986     1.1917     71.500      0.548  42034.463    24.9684     1.6900      0.543    8.21965     1.6773    19.9588   14.67740 1.2320e+00 0.0000e+00
        288  44.021918    0.01993     1.1958     71.750      0.547  41995.147    24.9413     1.6834      0.542    8.22258     1.6715    19.9375   14.68264 1.2435e+00 0.0000e+00
        289  44.021921    0.02000     1.2000     72.000      0.547  41958.678    24.9162     1.6773      0.542    8.22532     1.6663    19.9176   14.68753 1.2541e+00 0.0000e+00
        290  44.021924    0.02007     1.2042     72.250      0.547  41926.843    24.8942     1.6715      0.542    8.22779     1.6615    19.9003   14.69192 1.2421e+00 0.0000e+00
        291  44.021927    0.02014     1.2083     72.500      0.548  41898.316    24.8744     1.6663      0.543    8.23002     1.6570    19.8847   14.69590 1.2191e+00 0.0000e+00
        292  44.021930    0.02021     1.2125     72.750      0.550  41869.911    24.8549     1.6615      0.545    8.23216     1.6527    19.8693   14.69971 1.2089e+00 0.0000e+00
        293  44.021933    0.02028     1.2167     73.000      0.552  41842.524    24.8361     1.6570      0.547    8.23420     1.6489    19.8544   14.70335 1.2157e+00 0.0000e+00
        294  44.021936    0.02035     1.2208     73.250      0.554  41823.470    24.8227     1.6527      0.549    8.23588     1.6461    19.8439   14.70632 1.2245e+00 0.0000e+00
        295  44.021939    0.02042     1.2250     73.500      0.556  41818.244    24.8184     1.6489      0.550    8.23693     1.6446    19.8407   14.70812 1.2263e+00 0.0000e+00
        296  44.021942    0.02049     1.2292     73.750      0.556  41824.062    24.8216     1.6461      0.551    8.23734     1.6442    19.8433   14.70876 1.2304e+00 0.0000e+00
        297  44.021944    0.02056     1.2333     74.000      0.556  41835.597    24.8287     1.6446      0.551    8.23726     1.6445    19.8491   14.70852 1.2363e+00 0.0000e+00
        298  44.021947    0.02063     1.2375     74.250      0.555  41847.034    24.8361     1.6442      0.550    8.23693     1.6452    19.8550   14.70787 1.2379e+00 0.0000e+00
        299  44.021950    0.02069     1.2417     74.500      0.554  41854.859    24.8412     1.6445      0.549    8.23656     1.6459    19.8591   14.70719 1.2401e+00 0.0000e+00
        300  44.021953    0.02076     1.2458     74.750      0.553  41861.210    24.8455     1.6452      0.548    8.23617     1.6470    19.8625   14.70648 1.2344e+00 0.0000e+00
        301  44.021956    0.02083     1.2500     75.000      0.554  41872.208    24.8528     1.6460      0.549    8.23559     1.6487    19.8683   14.70542 1.2061e+00 0.0000e+00
        302  44.021959    0.02090     1.2542     75.250      0.555  41892.367    24.8662     1.6470      0.550    8.23462     1.6512    19.8790   14.70362 1.1686e+00 0.0000e+00
        303  44.021962    0.02097     1.2583     75.500      0.558  41920.173    24.8847     1.6487      0.553    8.23321     1.6548    19.8937   14.70104 1.1461e+00 0.0000e+00
        304  44.021965    0.02104     1.2625     75.750      0.563  41959.548    24.9109     1.6512      0.557    8.23119     1.6593    19.9146   14.69732 1.1139e+00 0.0000e+00
        305  44.021968    0.02111     1.2667     76.000      0.571  42011.884    24.9458     1.6548      0.565    8.22848     1.6652    19.9423   14.69233 1.0329e+00 0.0000e+00
        306  44.021970    0.02118     1.2708     76.250      0.584  42078.728    24.9904     1.6593      0.578    8.22500     1.6737    19.9778   14.68594 9.1634e-01 0.0000e+00
        307  44.021973    0.02125     1.2750     76.500      0.602  42183.636    25.0601     1.6652      0.597    8.21983     1.6871    20.0333   14.67641 7.9826e-01 0.0000e+00
        308  44.021976    0.02132     1.2792     76.750      0.626  42354.168    25.1733     1.6737      0.621    8.21166     1.7074    20.1234   14.66130 6.9280e-01 0.0000e+00
        309  44.021979    0.02139     1.2833     77.000      0.652  42595.650    25.3339     1.6871      0.647    8.19979     1.7355    20.2513   14.63939 5.9464e-01 0.0000e+00
        310  44.021982    0.02146     1.2875     77.250      0.681  42904.237    25.5401     1.7074      0.675    8.18393     1.7723    20.4153   14.61026 5.0009e-01 0.0000e+00
        311  44.021985    0.02153     1.2917     77.500      0.711  43285.492    25.7959     1.7356      0.705    8.16369     1.8185    20.6186   14.57317 4.1542e-01 0.0000e+00
        312  44.021988    0.02160     1.2958     77.750      0.742  43737.979    26.1007     1.7723      0.735    8.13896     1.8745    20.8606   14.52800 3.4609e-01 0.0000e+00
        313  44.021991    0.02167     1.3000     78.000      0.774  44253.323    26.4496     1.8185      0.767    8.10991     1.9401    21.1373   14.47508 2.8974e-01 0.0000e+00
        314  44.021994    0.02174     1.3042     78.250      0.808  44822.600    26.8371     1.8745      0.801    8.07680     2.0138    21.4441   14.41495 2.4021e-01 0.0000e+00
        315  44.021997    0.02181     1.3083     78.500      0.845  45418.513    27.2453     1.9401      0.837    8.04073     2.0945    21.7669   14.34966 1.9511e-01 0.0000e+00
        316  44.021999    0.02187     1.3125     78.750      0.886  46028.131    27.6656     2.0139      0.877    8.00253     2.1824    22.0987   14.28070 1.5643e-01 0.0000e+00
        317  44.022002    0.02194     1.3167     79.000      0.929  46671.111    28.1109     2.0946      0.921    7.96179     2.2787    22.4498   14.20725 1.2548e-01 0.0000e+00
        318  44.022005    0.02201     1.3208     79.250      0.976  47356.765    28.5875     2.1825      0.967    7.91814     2.3838    22.8252   14.12859 1.0127e-01 0.0000e+00
        319  44.022008    0.02208     1.3250     79.500      1.024  48066.215    29.0833     2.2788      1.015    7.87204     2.4958    23.2151   14.04567 8.2367e-02 0.0000e+00
        320  44.022011    0.02215     1.3292     79.750      1.075  48753.670    29.5680     2.3839      1.065    7.82508     2.6096    23.5953   13.96151 6.7879e-02 0.0000e+00
        321  44.022014    0.02222     1.3333     80.000      1.126  49361.025    30.0021     2.4959      1.115    7.77975     2.7182    23.9342   13.88079 5.7266e-02 0.0000e+00
        322  44.022017    0.02229     1.3375     80.250      1.177  49843.047    30.3538     2.6097      1.166    7.73875     2.8157    24.2069   13.80834 4.9942e-02 0.0000e+00
        323  44.022020    0.02236     1.3417     80.500      1.228  50188.725    30.6133     2.7183      1.216    7.70383     2.8986    24.4061   13.74720 4.5198e-02 0.0000e+00
        324  44.022023    0.02243     1.3458     80.750      1.279  50421.331    30.7945     2.8158      1.267    7.67539     2.9664    24.5433   13.69781 4.2283e-02 0.0000e+00
        325  44.022025    0.02250     1.3500     81.000      1.329  50573.550    30.9181     2.8987      1.317    7.65291     3.0206    24.6355   13.65904 4.0535e-02 0.0000e+00
        326  44.022028    0.02257     1.3542     81.250      1.379  50673.527    31.0027     2.9665      1.366    7.63545     3.0636    24.6978   13.62909 3.9486e-02 0.0000e+00
        327  44.022031    0.02264     1.3583     81.500      1.428  50744.813    31.0646     3.0207      1.414    7.62185     3.0980    24.7428   13.60581 3.8856e-02 0.0000e+00
        328  44.022034    0.02271     1.3625     81.750      1.476  50799.917    31.1128     3.0637      1.463    7.61114     3.1255    24.7778   13.58748 3.8479e-02 0.0000e+00
        329  44.022037    0.02278     1.3667     82.000      1.525  50841.196    31.1494     3.0981      1.511    7.60270     3.1475    24.8042   13.57306 3.8252e-02 0.0000e+00
        330  44.022040    0.02285     1.3708     82.250      1.574  50870.546    31.1763     3.1256      1.560    7.59608     3.1650    24.8234   13.56178 3.8116e-02 0.0000e+00
        331  44.022043    0.02292     1.3750     82.500      1.625  50890.086    31.1951     3.1476      1.609    7.59094     3.1787    24.8365   13.55305 3.8034e-02 0.0000e+00
        332  44.022046    0.02299     1.3792     82.750      1.676  50902.143    31.2076     3.1651      1.660    7.58698     3.1895    24.8451   13.54635 3.7985e-02 0.0000e+00
        333  44.022049    0.02306     1.3833     83.000      1.727  50909.413    31.2160     3.1788      1.711    7.58396     3.1979    24.8507   13.54124 3.7956e-02 0.0000e+00
        334  44.022052    0.02313     1.3875     83.250      1.780  50914.053    31.2219     3.1896      1.764    7.58163     3.2047    24.8545   13.53732 3.7938e-02 0.0000e+00
        335  44.022054    0.02319     1.3917     83.500      1.834  50917.687    31.2265     3.1980      1.817    7.57980     3.2104    24.8574   13.53425 3.7928e-02 0.0000e+00
        336  44.022057    0.02326     1.3958     83.750      1.888  50921.467    31.2307     3.2048      1.870    7.57830     3.2155    24.8602   13.53172 3.7921e-02 0.0000e+00
        337  44.022060    0.02333     1.4000     84.000      1.942  50926.457    31.2355     3.2105      1.924    7.57699     3.2205    24.8636   13.52948 3.7918e-02 0.0000e+00
        338  44.022063    0.02340     1.4042     84.250      1.997  50933.394    31.2415     3.2156      1.978    7.57571     3.2257    24.8679   13.52731 3.7915e-02 0.0000e+00
        339  44.022066    0.02347     1.4083     84.500      2.051  50941.462    31.2483     3.2206      2.032    7.57442     3.2310    24.8728   13.52509 3.7914e-02 0.0000e+00
        340  44.022069    0.02354     1.4125     84.750      2.106  50949.736    31.2551     3.2258      2.086    7.57310     3.2366    24.8779   13.52281 3.7913e-02 0.0000e+00
        341  44.022072    0.02361     1.4167     85.000      2.161  50958.758    31.2626     3.2311      2.140    7.57172     3.2424    24.8834   13.52044 3.7913e-02 0.0000e+00
        342  44.022075    0.02368     1.4208     85.250      2.215  50968.259    31.2704     3.2367      2.194    7.57027     3.2482    24.8891   13.51795 3.7913e-02 0.0000e+00
        343  44.022078    0.02375     1.4250     85.500      2.268  50976.620    31.2775     3.2425      2.247    7.56882     3.2537    24.8943   13.51546 3.7912e-02 0.0000e+00
        344  44.022080    0.02382     1.4292     85.750      2.322  50983.316    31.2835     3.2483      2.301    7.56743     3.2590    24.8986   13.51308 3.7912e-02 0.0000e+00
        345  44.022083    0.02389     1.4333     86.000      2.377  50989.412    31.2890     3.2539      2.355    7.56610     3.2639    24.9025   13.51082 3.7912e-02 0.0000e+00
        346  44.022086    0.02396     1.4375     86.250      2.432  50995.547    31.2944     3.2591      2.410    7.56484     3.2687    24.9064   13.50866 3.7912e-02 0.0000e+00
        347  44.022089    0.02403     1.4417     86.500      2.488  51001.415    31.2996     3.2641      2.465    7.56364     3.2732    24.9101   13.50662 3.7912e-02 0.0000e+00
        348  44.022092    0.02410     1.4458     86.750      2.543  51006.514    31.3043     3.2688      2.519    7.56252     3.2774    24.9134   13.50471 3.7912e-02 0.0000e+00
        349  44.022095    0.02417     1.4500     87.000      2.598  51010.567    31.3081     3.2733      2.574    7.56147     3.2813    24.9161   13.50293 3.7912e-02 0.0000e+00
        350  44.022098    0.02424     1.4542     87.250      2.654  51013.660    31.3113     3.2776      2.629    7.56051     3.2847    24.9182   13.50131 3.7912e-02 0.0000e+00
        351  44.022101    0.02431     1.4583     87.500      2.710  51015.771    31.3136     3.2815      2.684    7.55966     3.2876    24.9198   13.49987 3.7912e-02 0.0000e+00
        352  44.022104    0.02438     1.4625     87.750      2.765  51017.224    31.3155     3.2849      2.739    7.55893     3.2900    24.9209   13.49864 3.7912e-02 0.0000e+00
        353  44.022106    0.02444     1.4667     88.000      2.821  51018.716    31.3172     3.2878      2.794    7.55831     3.2920    24.9221   13.49759 3.7912e-02 0.0000e+00
        354  44.022109    0.02451     1.4708     88.250      2.876  51020.577    31.3190     3.2901      2.849    7.55777     3.2937    24.9233   13.49667 3.7912e-02 0.0000e+00
        355  44.022112    0.02458     1.4750     88.500      2.931  51022.818    31.3210     3.2922      2.904    7.55729     3.2953    24.9248   13.49585 3.7912e-02 0.0000e+00
        356  44.022115    0.02465     1.4792     88.750      2.986  51025.434    31.3232     3.2939      2.958    7.55685     3.2968    24.9264   13.49509 3.7912e-02 0.0000e+00
        357  44.022118    0.02472     1.4833     89.000      3.041  51028.384    31.3256     3.2955      3.012    7.55643     3.2983    24.9281   13.49437 3.7912e-02 0.0000e+00
        358  44.022121    0.02479     1.4875     89.250      3.095  51031.370    31.3280     3.2970      3.065    7.55603     3.2996    24.9299   13.49367 3.7912e-02 0.0000e+00
        359  44.022124    0.02486     1.4917     89.500      3.148  51034.178    31.3302     3.2984      3.119    7.55565     3.3008    24.9315   13.49302 3.7912e-02 0.0000e+00
        360  44.022127    0.02493     1.4958     89.750      3.202  51037.087    31.3325     3.2997      3.172    7.55529     3.3020    24.9332   13.49240 3.7912e-02 0.0000e+00
        361  44.022130    0.02500     1.5000     90.000      3.257  51040.273    31.3349     3.3009      3.226    7.55493     3.3032    24.9351   13.49178 3.7912e-02 0.0000e+00
