CTD-processing/allCTD/CNV--turbid/2013_06-06_t4_s05_cast089.cnv
* Sea-Bird SBE19plus Data File:
* FileName = C:\Documents and Settings\kbayadmin\My Documents\CTD data\2013-06-06 Kachemak Bay all bay inner bay Nuka\2013-06-06 Kachemak Bay All Bay Outer Bay cast089.hex
* Software Version 1.59
* Temperature SN =  4141
* Conductivity SN =  4141
* System UpLoad Time = Jun 18 2013 16:18:31
** Kachemak Bay All Bay Outer Bay
** 2013-06-06
** Station: 4-05
** N': 59 33.4854
** W': -151 39.0108
** Start Time: 1035
** Depth(ft): 256
# nquan = 16
# nvalues = 704                         
# units = specified
# name 0 = scan: Scan Count
# name 1 = timeJ: Julian Days
# name 2 = timeH: Time, Elapsed [hours]
# name 3 = timeM: Time, Elapsed [minutes]
# name 4 = timeS: Time, Elapsed [seconds]
# name 5 = prdM: Pressure, Strain Gauge [db]
# name 6 = specc: Specific Conductance [uS/cm]
# name 7 = sal00: Salinity, Practical [PSU]
# name 8 = tv290C: Temperature [ITS-90, deg C]
# name 9 = depSM: Depth [salt water, m], lat = 59.00
# name 10 = oxsolML/L: Oxygen Saturation, Garcia & Gordon [ml/l]
# name 11 = potemp090C: Potential Temperature [ITS-90, deg C]
# name 12 = sigma-é00: Density [sigma-theta, kg/m^3]
# name 13 = n2satML/L: Nitrogen Saturation [ml/l]
# name 14 = par: PAR/Irradiance, Biospherical/Licor
# name 15 = flag:  0.000e+00
# span 0 =          1,        704       
# span 1 = 157.441366, 157.443400       
# span 2 =    0.00000,    0.04882       
# span 3 =     0.0000,     2.9292       
# span 4 =      0.000,    175.750       
# span 5 =     -0.051,     76.161       
# span 6 =    872.961,  51394.416       
# span 7 =     0.4220,    31.8890       
# span 8 =     4.7627,     9.8209       
# span 9 =     -0.051,     75.434       
# span 10 =    6.48864,    8.20696      
# span 11 =     4.7575,     9.8208      
# span 12 =     0.1669,    25.2355      
# span 13 =   11.72881,   15.02119      
# span 14 = 3.6382e-02, 1.4098e+01      
# span 15 = 0.0000e+00, 0.0000e+00      
# interval = seconds: 0.25
# start_time = Jun 06 2013 10:35:34 [Instrument's time stamp, header]
# bad_flag = -9.990e-29
*END*
[from data line 362]
        363 157.442413    0.02514     1.5083     90.500      0.913  49349.489    31.3752     9.8192      0.905    6.48886     9.8159    24.1523   11.72916 5.1906e+00 0.0000e+00
        364 157.442416    0.02521     1.5125     90.750      0.938  49349.661    31.3751     9.8180      0.930    6.48904     9.8126    24.1525   11.72947 5.1242e+00 0.0000e+00
        365 157.442419    0.02528     1.5167     91.000      0.981  49349.711    31.3749     9.8160      0.972    6.48934     9.8071    24.1526   11.72997 5.0597e+00 0.0000e+00
        366 157.442422    0.02535     1.5208     91.250      1.052  49349.436    31.3742     9.8127      1.042    6.48984     9.7979    24.1526   11.73080 4.9914e+00 0.0000e+00
        367 157.442425    0.02542     1.5250     91.500      1.166  49348.835    31.3730     9.8073      1.155    6.49067     9.7826    24.1525   11.73219 4.8901e+00 0.0000e+00
        368 157.442428    0.02549     1.5292     91.750      1.326  49348.313    31.3713     9.7980      1.314    6.49207     9.7585    24.1527   11.73452 4.7696e+00 0.0000e+00
        369 157.442431    0.02556     1.5333     92.000      1.520  49348.106    31.3691     9.7828      1.506    6.49435     9.7218    24.1534   11.73832 4.6541e+00 0.0000e+00
        370 157.442433    0.02562     1.5375     92.250      1.733  49346.324    31.3646     9.7587      1.717    6.49801     9.6684    24.1537   11.74444 4.5626e+00 0.0000e+00
        371 157.442436    0.02569     1.5417     92.500      1.961  49338.773    31.3543     9.7220      1.943    6.50371     9.5947    24.1514   11.75401 4.5265e+00 0.0000e+00
        372 157.442439    0.02576     1.5458     92.750      2.198  49323.997    31.3366     9.6686      2.178    6.51215     9.5001    24.1461   11.76819 4.5680e+00 0.0000e+00
        373 157.442442    0.02583     1.5500     93.000      2.441  49309.679    31.3166     9.5950      2.418    6.52362     9.3864    24.1421   11.78744 4.6720e+00 0.0000e+00
        374 157.442445    0.02590     1.5542     93.250      2.686  49304.486    31.3000     9.5003      2.661    6.53803     9.2542    24.1441   11.81149 4.8074e+00 0.0000e+00
        375 157.442448    0.02597     1.5583     93.500      2.931  49301.647    31.2825     9.3866      2.903    6.55529     9.1013    24.1480   11.84028 4.9648e+00 0.0000e+00
        376 157.442451    0.02604     1.5625     93.750      3.172  49294.794    31.2593     9.2545      3.142    6.57556     8.9290    24.1504   11.87412 5.1499e+00 0.0000e+00
        377 157.442454    0.02611     1.5667     94.000      3.408  49303.109    31.2437     9.1016      3.376    6.59866     8.7466    24.1617   11.91256 5.3599e+00 0.0000e+00
        378 157.442457    0.02618     1.5708     94.250      3.639  49346.368    31.2495     8.9293      3.605    6.62382     8.5656    24.1925   11.95413 5.5749e+00 0.0000e+00
        379 157.442459    0.02625     1.5750     94.500      3.867  49418.773    31.2740     8.7470      3.831    6.64982     8.3945    24.2391   11.99686 5.7662e+00 0.0000e+00
        380 157.442462    0.02632     1.5792     94.750      4.095  49507.867    31.3100     8.5660      4.057    6.67526     8.2385    24.2942   12.03852 5.9114e+00 0.0000e+00
        381 157.442465    0.02639     1.5833     95.000      4.322  49604.892    31.3525     8.3950      4.282    6.69906     8.0992    24.3528   12.07740 6.0027e+00 0.0000e+00
        382 157.442468    0.02646     1.5875     95.250      4.548  49700.563    31.3958     8.2390      4.506    6.72069     7.9765    24.4096   12.11266 6.0474e+00 0.0000e+00
        383 157.442471    0.02653     1.5917     95.500      4.773  49791.585    31.4381     8.0997      4.728    6.73995     7.8700    24.4629   12.14400 6.0555e+00 0.0000e+00
        384 157.442474    0.02660     1.5958     95.750      4.997  49877.359    31.4790     7.9769      4.950    6.75684     7.7786    24.5126   12.17144 6.0384e+00 0.0000e+00
        385 157.442477    0.02667     1.6000     96.000      5.218  49955.154    31.5166     7.8705      5.169    6.77146     7.7009    24.5573   12.19516 5.9984e+00 0.0000e+00
        386 157.442480    0.02674     1.6042     96.250      5.437  50025.884    31.5515     7.7791      5.386    6.78394     7.6360    24.5975   12.21537 5.9274e+00 0.0000e+00
        387 157.442483    0.02681     1.6083     96.500      5.653  50092.954    31.5858     7.7013      5.600    6.79438     7.5836    24.6354   12.23223 5.8334e+00 0.0000e+00
        388 157.442486    0.02688     1.6125     96.750      5.867  50154.903    31.6184     7.6365      5.812    6.80294     7.5423    24.6701   12.24598 5.7399e+00 0.0000e+00
        389 157.442488    0.02694     1.6167     97.000      6.082  50207.138    31.6463     7.5842      6.025    6.80981     7.5098    24.6993   12.25698 5.6598e+00 0.0000e+00
        390 157.442491    0.02701     1.6208     97.250      6.299  50248.968    31.6686     7.5428      6.240    6.81522     7.4842    24.7225   12.26566 5.5872e+00 0.0000e+00
        391 157.442494    0.02708     1.6250     97.500      6.519  50281.919    31.6862     7.5104      6.458    6.81947     7.4634    24.7408   12.27247 5.5245e+00 0.0000e+00
        392 157.442497    0.02715     1.6292     97.750      6.739  50306.935    31.6993     7.4848      6.676    6.82287     7.4455    24.7546   12.27793 5.4656e+00 0.0000e+00
        393 157.442500    0.02722     1.6333     98.000      6.957  50324.573    31.7081     7.4640      6.892    6.82572     7.4288    24.7644   12.28253 5.3872e+00 0.0000e+00
        394 157.442503    0.02729     1.6375     98.250      7.173  50335.241    31.7125     7.4462      7.105    6.82830     7.4113    24.7702   12.28675 5.2937e+00 0.0000e+00
        395 157.442506    0.02736     1.6417     98.500      7.383  50340.733    31.7134     7.4294      7.314    6.83088     7.3919    24.7732   12.29100 5.2025e+00 0.0000e+00
        396 157.442509    0.02743     1.6458     98.750      7.590  50343.529    31.7123     7.4119      7.519    6.83366     7.3699    24.7748   12.29562 5.1111e+00 0.0000e+00
        397 157.442512    0.02750     1.6500     99.000      7.796  50344.494    31.7096     7.3925      7.723    6.83682     7.3444    24.7753   12.30087 5.0117e+00 0.0000e+00
        398 157.442514    0.02757     1.6542     99.250      8.004  50343.053    31.7047     7.3706      7.929    6.84049     7.3146    24.7745   12.30699 4.9087e+00 0.0000e+00
        399 157.442517    0.02764     1.6583     99.500      8.214  50339.713    31.6980     7.3451      8.137    6.84478     7.2798    24.7726   12.31418 4.8090e+00 0.0000e+00
        400 157.442520    0.02771     1.6625     99.750      8.424  50335.768    31.6900     7.3154      8.345    6.84982     7.2401    24.7704   12.32261 4.7148e+00 0.0000e+00
        401 157.442523    0.02778     1.6667    100.000      8.633  50333.701    31.6825     7.2806      8.552    6.85564     7.1966    24.7692   12.33232 4.6324e+00 0.0000e+00
        402 157.442526    0.02785     1.6708    100.250      8.838  50337.015    31.6779     7.2409      8.755    6.86211     7.1504    24.7708   12.34307 4.5609e+00 0.0000e+00
        403 157.442529    0.02792     1.6750    100.500      9.037  50343.863    31.6750     7.1974      8.952    6.86911     7.1009    24.7744   12.35468 4.4931e+00 0.0000e+00
        404 157.442532    0.02799     1.6792    100.750      9.234  50347.854    31.6697     7.1512      9.147    6.87666     7.0462    24.7763   12.36724 4.4267e+00 0.0000e+00
        405 157.442535    0.02806     1.6833    101.000      9.431  50345.329    31.6592     7.1018      9.342    6.88498     6.9839    24.7746   12.38112 4.3605e+00 0.0000e+00
        406 157.442538    0.02813     1.6875    101.250      9.628  50337.083    31.6438     7.0471      9.538    6.89438     6.9132    24.7697   12.39685 4.2920e+00 0.0000e+00
        407 157.442541    0.02819     1.6917    101.500      9.828  50330.355    31.6280     6.9848      9.735    6.90501     6.8355    24.7654   12.41463 4.2167e+00 0.0000e+00
        408 157.442543    0.02826     1.6958    101.750     10.030  50335.341    31.6188     6.9141      9.936    6.91673     6.7547    24.7674   12.43412 4.1357e+00 0.0000e+00
        409 157.442546    0.02833     1.7000    102.000     10.235  50358.981    31.6212     6.8363     10.139    6.92908     6.6771    24.7794   12.45450 4.0554e+00 0.0000e+00
        410 157.442549    0.02840     1.7042    102.250     10.440  50402.986    31.6372     6.7555     10.342    6.94132     6.6078    24.8024   12.47452 3.9767e+00 0.0000e+00
        411 157.442552    0.02847     1.7083    102.500     10.644  50459.205    31.6621     6.6780     10.544    6.95266     6.5485    24.8320   12.49296 3.9009e+00 0.0000e+00
        412 157.442555    0.02854     1.7125    102.750     10.845  50514.524    31.6878     6.6087     10.743    6.96266     6.4982    24.8611   12.50917 3.8307e+00 0.0000e+00
        413 157.442558    0.02861     1.7167    103.000     11.041  50561.799    31.7097     6.5494     10.937    6.97124     6.4553    24.8858   12.52308 3.7621e+00 0.0000e+00
        414 157.442561    0.02868     1.7208    103.250     11.231  50600.214    31.7270     6.4991     11.126    6.97858     6.4176    24.9059   12.53499 3.6957e+00 0.0000e+00
        415 157.442564    0.02875     1.7250    103.500     11.416  50630.415    31.7400     6.4562     11.309    6.98496     6.3832    24.9215   12.54537 3.6320e+00 0.0000e+00
        416 157.442567    0.02882     1.7292    103.750     11.598  50652.667    31.7483     6.4185     11.489    6.99069     6.3502    24.9328   12.55474 3.5658e+00 0.0000e+00
        417 157.442569    0.02889     1.7333    104.000     11.779  50668.848    31.7530     6.3841     11.668    6.99608     6.3179    24.9408   12.56358 3.4966e+00 0.0000e+00
        418 157.442572    0.02896     1.7375    104.250     11.960  50683.067    31.7566     6.3512     11.848    7.00129     6.2863    24.9477   12.57215 3.4233e+00 0.0000e+00
        419 157.442575    0.02903     1.7417    104.500     12.145  50697.553    31.7604     6.3189     12.031    7.00640     6.2559    24.9547   12.58053 3.3448e+00 0.0000e+00
        420 157.442578    0.02910     1.7458    104.750     12.335  50713.922    31.7657     6.2872     12.220    7.01133     6.2283    24.9628   12.58861 3.2612e+00 0.0000e+00
        421 157.442581    0.02917     1.7500    105.000     12.530  50734.434    31.7740     6.2569     12.412    7.01590     6.2046    24.9731   12.59607 3.1715e+00 0.0000e+00
        422 157.442584    0.02924     1.7542    105.250     12.729  50757.783    31.7849     6.2293     12.609    7.01994     6.1856    24.9851   12.60260 3.0839e+00 0.0000e+00
        423 157.442587    0.02931     1.7583    105.500     12.929  50780.761    31.7962     6.2057     12.808    7.02329     6.1709    24.9969   12.60800 3.0076e+00 0.0000e+00
        424 157.442590    0.02937     1.7625    105.750     13.129  50800.799    31.8063     6.1866     13.005    7.02594     6.1600    25.0072   12.61225 2.9436e+00 0.0000e+00
        425 157.442593    0.02944     1.7667    106.000     13.323  50816.384    31.8142     6.1720     13.198    7.02798     6.1519    25.0153   12.61551 2.8924e+00 0.0000e+00
        426 157.442595    0.02951     1.7708    106.250     13.511  50827.657    31.8198     6.1611     13.385    7.02951     6.1457    25.0210   12.61797 2.8485e+00 0.0000e+00
        427 157.442598    0.02958     1.7750    106.500     13.694  50835.452    31.8236     6.1530     13.566    7.03067     6.1407    25.0250   12.61984 2.8058e+00 0.0000e+00
        428 157.442601    0.02965     1.7792    106.750     13.875  50840.381    31.8257     6.1468     13.745    7.03159     6.1363    25.0274   12.62133 2.7625e+00 0.0000e+00
        429 157.442604    0.02972     1.7833    107.000     14.057  50842.742    31.8263     6.1419     13.925    7.03238     6.1320    25.0285   12.62262 2.7162e+00 0.0000e+00
        430 157.442607    0.02979     1.7875    107.250     14.243  50843.348    31.8258     6.1375     14.109    7.03312     6.1274    25.0286   12.62386 2.6671e+00 0.0000e+00
        431 157.442610    0.02986     1.7917    107.500     14.432  50843.820    31.8252     6.1331     14.297    7.03387     6.1230    25.0287   12.62510 2.6134e+00 0.0000e+00
        432 157.442613    0.02993     1.7958    107.750     14.626  50845.241    31.8252     6.1286     14.489    7.03461     6.1188    25.0293   12.62633 2.5554e+00 0.0000e+00
        433 157.442616    0.03000     1.8000    108.000     14.823  50847.657    31.8259     6.1242     14.684    7.03531     6.1153    25.0304   12.62748 2.4992e+00 0.0000e+00
        434 157.442619    0.03007     1.8042    108.250     15.020  50850.663    31.8271     6.1200     14.879    7.03594     6.1124    25.0318   12.62849 2.4456e+00 0.0000e+00
        435 157.442622    0.03014     1.8083    108.500     15.217  50853.425    31.8282     6.1165     15.074    7.03647     6.1099    25.0331   12.62936 2.3947e+00 0.0000e+00
        436 157.442624    0.03021     1.8125    108.750     15.412  50855.428    31.8289     6.1136     15.268    7.03691     6.1079    25.0341   12.63009 2.3466e+00 0.0000e+00
        437 157.442627    0.03028     1.8167    109.000     15.606  50857.064    31.8295     6.1111     15.460    7.03729     6.1062    25.0348   12.63070 2.2980e+00 0.0000e+00
        438 157.442630    0.03035     1.8208    109.250     15.798  50858.583    31.8301     6.1091     15.650    7.03760     6.1049    25.0355   12.63120 2.2497e+00 0.0000e+00
        439 157.442633    0.03042     1.8250    109.500     15.990  50859.714    31.8304     6.1075     15.840    7.03785     6.1038    25.0360   12.63162 2.2033e+00 0.0000e+00
        440 157.442636    0.03049     1.8292    109.750     16.184  50860.445    31.8306     6.1062     16.032    7.03806     6.1029    25.0363   12.63196 2.1554e+00 0.0000e+00
        441 157.442639    0.03056     1.8333    110.000     16.381  50861.036    31.8307     6.1051     16.227    7.03823     6.1022    25.0365   12.63224 2.1045e+00 0.0000e+00
        442 157.442642    0.03062     1.8375    110.250     16.583  50861.430    31.8307     6.1042     16.427    7.03837     6.1015    25.0366   12.63248 2.0507e+00 0.0000e+00
        443 157.442645    0.03069     1.8417    110.500     16.787  50861.609    31.8306     6.1035     16.629    7.03850     6.1008    25.0366   12.63269 1.9965e+00 0.0000e+00
        444 157.442648    0.03076     1.8458    110.750     16.993  50861.885    31.8306     6.1028     16.833    7.03861     6.1002    25.0367   12.63288 1.9448e+00 0.0000e+00
        445 157.442650    0.03083     1.8500    111.000     17.199  50862.245    31.8306     6.1022     17.037    7.03872     6.0997    25.0368   12.63305 1.8952e+00 0.0000e+00
        446 157.442653    0.03090     1.8542    111.250     17.403  50862.502    31.8306     6.1016     17.240    7.03882     6.0991    25.0368   12.63321 1.8475e+00 0.0000e+00
        447 157.442656    0.03097     1.8583    111.500     17.606  50862.528    31.8304     6.1011     17.440    7.03892     6.0984    25.0367   12.63338 1.8010e+00 0.0000e+00
        448 157.442659    0.03104     1.8625    111.750     17.808  50862.245    31.8300     6.1005     17.641    7.03903     6.0976    25.0365   12.63356 1.7549e+00 0.0000e+00
        449 157.442662    0.03111     1.8667    112.000     18.011  50861.978    31.8296     6.0999     17.842    7.03915     6.0968    25.0363   12.63378 1.7086e+00 0.0000e+00
        450 157.442665    0.03118     1.8708    112.250     18.215  50861.954    31.8293     6.0991     18.044    7.03929     6.0958    25.0362   12.63401 1.6611e+00 0.0000e+00
        451 157.442668    0.03125     1.8750    112.500     18.422  50862.027    31.8291     6.0983     18.249    7.03944     6.0948    25.0361   12.63426 1.6127e+00 0.0000e+00
